#Ack,ack_ewma(ms),send_ewma(ms),rtt_ratio,cwnd (Bytes),Last Router Ocupation Ack Arriaval(Packets),Last Router Ocupation Packet Sent(Packets),Network Situation,AckArrival(ms),TSInsideAck(ms),RTTAck(ms)
48181,223,256,422,16060,0.69,0.01,1,312259,311837,422
51101,67,71.2,425,17520,0.802,0.01,2,312287,311862,425
115341,44,62,481,24820,0.27,1,1,313791,313310,481
118261,55.2,44.4,499,24820,0.238,1,1,313849,313350,499
121181,47.04,45.68,498,24820,0.2476,0.94,1,313894,313396,498
124101,40.608,51.536,484,24820,0.28152,0.94,1,313933,313449,484
127021,36.9216,10.3072,520,24820,0.336304,1,1,313969,313449,520
129941,40.1843,40.4614,513,24820,0.443261,1,1,314010,313497,513
132861,116.037,42.4923,605,24820,0.720652,0.45,1,314145,313540,605
135781,51.2074,139.698,476,24820,0.84013,0.33,2,314180,313704,476
191261,51,53,536,24820,0.51,1,1,315282,314746,536
194181,50.2,45,543,24820,0.318,1,1,315332,314789,543
197101,54.04,47.4,550,24820,0.1036,1,1,315387,314837,550
200021,46.808,46.28,549,24820,0.02872,1,1,315432,314883,549
202941,111.762,45.256,632,24820,0.029744,1,1,315560,314928,632
205861,60.7523,136.251,521,24820,0.0139488,1,1,315608,315087,521
208781,44.9505,64.8502,515,24820,0.0107898,0.9,1,315649,315134,515
211701,37.7901,52.17,502,24820,0.026158,0.73,1,315685,315183,502
214621,39.558,48.834,494,26280,0.0612316,0.51,1,315725,315231,494
217541,38.3116,50.5668,481,26280,0.180246,0.27,1,315763,315282,481
220461,44.4623,50.1134,477,26280,0.188049,0.05,1,315809,315332,477
223381,45.6925,54.0227,468,26280,0.34961,0.01,1,315855,315387,468
226301,111.538,46.8045,551,26280,0.589922,0.03,1,315983,315432,551
229221,59.1077,111.761,469,26280,0.861984,0.01,2,316029,315560,469
309521,152,167,422,23360,0.51,0,1,317863,317441,422
334341,48,51.8,421,23360,0.654,0.01,1,317885,317464,421
337261,44,25.56,445,24820,0.7148,0.03,1,317928,317483,445
340181,19.2,33.112,423,26280,0.79096,0.07,2,317941,317518,423
343101,48.64,37.8224,440,27740,0.870192,0.05,2,317997,317557,440
506621,150,183,422,18980,0.19,0.11,1,321475,321053,422
527061,52.4,56.6,425,18980,0.238,0.15,1,321503,321078,425
529981,127.28,117.72,438,20440,0.4556,0.15,1,321649,321211,438
532901,50.256,56.344,428,21900,0.62712,0.09,1,321680,321252,428
535821,30.8512,34.4688,425,23360,0.789424,0.05,2,321706,321281,425
767961,38,248,446,17520,0.93,0.03,2,327306,326860,446
992801,105,51,579,16060,0.09,1,1,334038,333459,579
995721,83.4,110.2,532,16060,0.018,1,1,334116,333584,532
998641,55.08,61.24,531,16060,0.0116,1,1,334164,333633,531
1001561,144.616,53.048,647,16060,0.26632,0.73,1,334331,333684,647
1004481,59.3232,167.41,489,16060,0.333264,0.35,1,334369,333880,489
1007401,87.0646,75.8819,530,16060,0.586653,0.09,1,334463,333933,530
1010321,76.6129,99.1764,499,16060,0.733331,0,1,334537,334038,499
1013241,53.7226,82.2353,469,16060,0.794666,0.01,2,334585,334116,469
1062881,199,199,506,20440,0.77,1,2,336215,335709,506
1065801,77.4,79.8,503,21900,0.786,1,2,336262,335759,503
1068721,65.08,15.96,565,21900,0.7092,0.91,1,336324,335759,565
1071641,55.416,79.992,522,21900,0.72584,1,1,336377,335855,522
1074561,53.4832,59.1984,521,23360,0.777168,0.87,2,336430,335909,521
1077481,12.2966,59.8397,463,23360,0.787434,0.85,2,336432,335969,463
1080401,40.0593,49.5679,463,23360,0.789487,0.77,2,336479,336016,463
1230781,493,611,435,20440,0.39,0.01,1,339924,339489,435
1258521,215.4,250.2,421,20440,0.422,0.05,1,340070,339649,421
1261441,140.68,126.84,447,21900,0.7004,0.23,1,340192,339745,447
1344661,185,113,573,18980,0.69,0.13,1,342064,341491,573
1347581,71.4,159.4,445,20440,0.786,0.15,2,342107,341662,445
1554901,53,45,509,24820,0.57,1,1,347026,346517,509
1557821,96.2,113,486,24820,0.266,1,1,347133,346647,486
1560741,64.84,57,500,24820,0.0612,1,1,347190,346690,500
1563661,44.168,45.8,496,24820,0.05224,1,1,347229,346733,496
1566581,65.6336,9.16,567,24820,0.082448,1,1,347300,346733,567
1569501,54.7267,78.632,523,24820,0.12049,0.98,1,347352,346829,523
1572421,44.5453,50.1264,522,24820,0.0800979,0.96,1,347394,346872,522
1575341,35.3091,55.6253,498,24820,0.13602,0.73,1,347427,346929,498
1578261,42.2618,46.3251,498,24820,0.211204,0.57,1,347471,346973,498
1581181,80.4524,51.665,535,24820,0.370241,0.19,1,347561,347026,535
1584101,58.4905,95.933,481,24820,0.498048,0.01,1,347614,347133,481
1587021,44.4981,64.7866,465,24820,0.71561,0.05,1,347655,347190,465
1589941,64.8996,44.1573,496,24820,0.839122,0.09,2,347725,347229,496
1654181,90,89,542,24820,0.67,1,1,349013,348471,542
1657101,59.6,63.4,537,24820,0.526,1,1,349065,348528,537
1660021,60.72,58.28,541,24820,0.4012,1,1,349126,348585,541
1662941,62.544,72.456,528,24820,0.24824,1,1,349189,348661,528
1665861,62.9088,56.8912,538,24820,0.313648,1,1,349252,348714,538
1668781,53.3818,61.7782,526,26280,0.43873,1,1,349303,348777,526
1671701,42.6764,54.7556,513,26280,0.495746,0.82,1,349343,348830,513
1674621,39.7353,45.3511,509,26280,0.491149,0.87,1,349382,348873,509
1677541,75.1471,49.0702,543,26280,0.58623,0.67,1,349466,348923,543
1680461,48.6294,81.814,495,26280,0.797246,0.49,2,349508,349013,495
1750541,42,44,543,35040,0.53,1,1,350744,350201,543
1789961,423.6,507.2,439,24820,0.418,0.17,1,351263,350824,439
1792881,146.32,151.04,454,26280,0.6836,0.13,1,351340,350886,454
1906761,71,21,475,24820,0.89,0.01,2,353350,352875,475
1985601,48,61,525,27740,0.65,1,1,354803,354278,525
1988521,63.2,42.6,554,27740,0.57,1,1,354870,354316,554
1991441,65.44,77.32,534,27740,0.602,1,1,354936,354402,534
1994361,52.288,64.264,522,27740,0.5444,1,1,354985,354463,522
1997281,44.0576,50.4528,517,27740,0.45288,1,1,355027,354510,517
2000201,56.0115,50.0906,526,27740,0.338576,0.89,1,355086,354560,526
2003121,48.0023,47.6181,525,27740,0.475715,1,1,355132,354607,525
2006041,41.6005,54.3236,509,27740,0.599143,0.9,1,355172,354663,509
2008961,39.5201,46.0647,504,27740,0.719829,0.71,1,355211,354707,504
2011881,44.704,47.6129,502,27740,0.855966,0.65,2,355257,354755,502
2076121,54,47,527,29200,0.45,1,1,356443,355916,527
2079041,58.8,46.2,541,29200,0.162,1,1,356503,355962,541
2081961,54.16,45.24,549,29200,0.0564,1,1,356556,356007,549
2084881,56.432,58.648,544,30660,0.01928,1,1,356613,356069,544
2087801,48.0864,51.7296,540,30660,0.075856,1,1,356659,356119,540
2090721,44.8173,47.1459,538,30660,0.183171,1,1,356703,356165,538
2093641,45.7635,46.2292,538,30660,0.172634,1,1,356749,356211,538
2179781,493,610,438,20440,0.37,0.05,1,358724,358286,438
2207521,186.6,221.2,424,20440,0.498,0.01,1,358834,358410,424
2210441,150.12,107.44,486,21900,0.8596,0.05,2,358975,358489,486
2303881,124,144,430,20440,0.77,0.19,2,360833,360403,430
2546241,49,49,508,23360,0.71,1,1,365847,365339,508
2549161,49.8,50.6,507,23360,0.63,1,1,365897,365390,507
2552081,51.56,38.12,524,23360,0.55,1,1,365949,365425,524
2555001,44.712,52.424,511,23360,0.566,1,1,365992,365481,511
2557921,71.3424,101.685,475,23360,0.7132,1,1,366070,365595,475
2560841,84.6685,93.937,471,23360,0.67864,0.79,1,366158,365687,471
2563761,56.9337,69.1874,458,23360,0.703728,0.73,1,366208,365750,458
2566681,49.7867,52.2375,458,23360,0.740746,0.71,1,366256,365798,458
2569601,49.1573,49.6475,458,23360,0.940149,0.61,2,366305,365847,458
2633841,50,47,518,24820,0.45,1,1,367681,367163,518
2636761,50,47,521,24820,0.45,1,1,367731,367210,521
2639681,51.6,49.4,523,24820,0.418,1,1,367783,367260,523
2642601,47.12,62.68,503,24820,0.4276,1,1,367829,367326,503
2645521,46.224,54.136,497,24820,0.34952,1,1,367875,367378,497
2648441,46.0448,51.6272,492,26280,0.333904,0.78,1,367921,367429,492
2651361,63.609,87.1254,464,26280,0.394781,0.78,1,367989,367525,464
2654281,83.9218,17.4251,553,26280,0.438956,0.51,1,368078,367525,553
2657201,51.9844,88.285,491,26280,0.431791,0.45,1,368122,367631,491
2660121,47.9969,57.657,488,27740,0.622358,0.45,1,368169,367681,488
2663041,54.3994,51.5314,494,27740,0.836472,0.41,2,368225,367731,494
2737501,513,643,429,24820,0.71,0.01,1,369876,369447,429
2741881,181,213.4,421,26280,0.694,0.03,1,369974,369553,421
2746261,81.8,88.28,421,26280,0.7788,0.15,2,370031,369610,421
2823641,42,29,481,23360,0.05,1,1,371452,370971,481
2845541,55.6,58.6,474,23360,0.146,1,1,371511,371037,474
2927301,52,41,528,27740,0.49,1,1,373129,372601,528
2957961,420,490.6,437,18980,0.266,0.35,1,373641,373204,437
2960881,144,139.72,460,20440,0.4772,0.09,1,373716,373256,460
3038261,52,22,469,18980,0.51,0.33,1,375504,375035,469
3041181,46.4,48.4,459,20440,0.606,0.33,1,375549,375090,459
3044101,45.28,48.08,456,20440,0.7692,0.31,2,375594,375138,456
3112721,54,164,453,17520,0.43,0.03,1,377387,376934,453
3115641,48.4,76.8,445,18980,0.542,0,1,377434,376989,445
3118561,51.28,51.36,452,20440,0.6284,0.17,1,377486,377034,452
3356541,57,34,561,21900,0.75,1,2,384110,383549,561
3359461,50.6,49.2,557,21900,0.622,1,1,384159,383602,557
3362381,56.52,67.44,543,21900,0.5804,1,1,384217,383674,543
3365301,45.704,55.888,533,21900,0.44408,1,1,384260,383727,533
3368221,109.141,53.5776,605,21900,0.272816,1,1,384385,383780,605
3371141,91.4282,111.516,566,21900,0.254563,0.94,1,384472,383906,566
3374061,55.8856,99.1031,517,21900,0.170913,0.87,1,384519,384002,517
3376981,51.9771,60.6206,517,21900,0.314183,0.75,1,384570,384053,517
3379901,43.9954,57.7241,502,21900,0.374837,0.59,1,384612,384110,502
3382821,49.5991,50.7448,504,21900,0.434967,0.57,1,384663,384159,504
3385741,39.5198,56.549,483,21900,0.542993,0.41,1,384700,384217,483
3388661,100.704,45.7098,556,21900,0.868599,0.23,2,384816,384260,556
3444141,55,49,550,23360,0.61,1,1,386073,385523,550
3447061,55,53,551,23360,0.434,1,1,386128,385577,551
3449981,95.8,49.8,608,23360,0.5268,1,1,386234,385626,608
3452901,83.16,116.36,555,23360,0.65736,0.97,1,386314,385759,555
3455821,53.432,83.272,526,23360,0.795472,1,2,386360,385834,526
3458741,59.4864,60.6544,532,24820,0.775094,0.9,2,386421,385889,532
3461661,52.6973,68.1309,513,24820,0.835019,0.77,2,386472,385959,513
3464581,12.1395,60.8262,456,24820,0.815004,0.61,2,386474,386018,456
3616421,52,40,557,32120,0.53,1,1,389450,388893,557
3632481,402.4,495.2,438,21900,0.386,0.09,1,389940,389502,438
3836881,133,86,532,20440,0.59,0.31,1,394034,393502,532
3839801,69.8,121.2,456,21900,0.702,0.19,1,394088,393632,456
3842721,57.16,74.64,447,23360,0.8204,0.27,2,394142,393695,447
3920101,500,637,447,17520,0.21,0.11,1,395692,395245,447
3923021,200,223.4,452,18980,0.562,0.11,1,395817,395365,452
4007701,135,126,464,18980,0.77,0.31,2,397775,397311,464
4010621,82.2,82,462,20440,0.93,0.35,2,397844,397382,462
4200421,56,43,509,20440,0.45,1,1,402563,402054,509
4203341,57.6,39.8,528,20440,0.322,1,1,402621,402093,528
4204801,60.32,56.76,528,20440,0.1684,1,1,402682,402154,528
4228161,388.064,472.952,421,13140,0.50568,0.09,1,403152,402731,421
4398981,59,31,455,14600,0.81,0.01,2,408460,408005,455
4445701,64,83,507,20440,0.39,1,1,409803,409296,507
4448621,60.8,60.6,512,20440,0.294,1,1,409863,409351,512
4451541,60.16,57.72,515,20440,0.2108,1,1,409923,409408,515
4454461,118.432,142.744,484,20440,0.19416,0.96,1,410056,409572,484
4457381,58.0864,74.1488,470,20440,0.222832,0.87,1,410099,409629,470
4460301,41.2173,53.2298,459,20440,0.260566,0.51,1,410136,409677,459
4463221,45.8435,60.246,444,20440,0.364113,0.39,1,410183,409739,444
4466141,53.9687,63.2492,436,20440,0.416823,0.27,1,410239,409803,436
4469061,54.7937,60.6498,431,20440,0.523365,0.19,1,410294,409863,431
4471981,54.1587,60.13,425,20440,0.752673,0.19,2,410348,409923,425
4521621,49,49,511,20440,0.67,1,1,411598,411087,511
4524541,63.4,58.6,517,20440,0.542,1,1,411665,411148,517
4527461,61.48,58.92,519,21900,0.5324,1,1,411726,411207,519
4530381,59.496,60.584,517,21900,0.45048,1,1,411785,411268,517
4533301,53.4992,58.5168,511,21900,0.418096,0.93,1,411837,411326,511
4536221,100.3,138.903,464,21900,0.491619,0.67,1,411949,411485,464
4539141,63.26,78.9807,454,21900,0.602324,0.67,1,412003,411549,454
4542061,54.252,54.9961,457,23360,0.784465,0.51,2,412055,411598,457
4623821,101,120,432,20440,0.63,0.13,1,413793,413361,432
4626741,61.8,45.6,457,21900,0.662,0.03,1,413845,413388,457
4629661,56.36,56.32,453,23360,0.8604,0.11,2,413900,413447,453
4693901,122,145,422,20440,0.75,0.03,2,415645,415223,422
4711421,50,54.6,422,20440,0.798,0.01,2,415677,415255,422
4794641,46,30,469,17520,0.93,0.37,2,417606,417137,469
5028241,52,65,458,14600,0.57,0.07,1,424501,424043,458
5031161,53.6,62.6,450,16060,0.666,0.01,1,424555,424105,450
5088101,61,67,465,14600,0.83,0.27,2,426420,425955,465
5130441,136,181,504,17520,0.21,1,1,427700,427196,504
5133361,129.6,137.8,505,17520,0.162,1,1,427828,427323,505
5136281,61.92,75.56,490,17520,0.0564,1,1,427873,427383,490
5139201,48.384,63.112,475,17520,0.14728,0.77,1,427918,427443,475
5142121,46.4768,62.2224,459,17520,0.181456,0.63,1,427964,427505,459
5145041,48.4954,59.6445,449,17520,0.268291,0.21,1,428013,427564,449
5147961,104.899,120.729,432,17520,0.637658,0.15,1,428132,427700,432
5194681,62,47,540,18980,0.55,1,1,429425,428885,540
5216581,485.2,568.6,432,13140,0.79,0.23,2,430016,429584,432
5257461,66,57,547,18980,0.47,1,1,431288,430741,547
5260381,56.4,61.8,538,18980,0.438,1,1,431342,430804,538
5263301,81.68,62.76,563,18980,0.2876,1,1,431430,430867,563
5266221,61.936,83.752,531,18980,0.25752,1,1,431487,430956,531
5269141,119.587,62.3504,608,18980,0.379504,0.89,1,431621,431013,608
5272061,68.7174,126.07,522,18980,0.547901,0.69,1,431677,431155,522
5274981,58.5435,78.814,511,18980,0.72558,0.47,1,431733,431222,511
5277901,47.7087,68.5628,490,18980,0.921116,0.43,2,431778,431288,490
5327541,55,82,538,18980,0.01,1,1,433144,432606,538
5330461,63.8,68.4,539,20440,0.106,1,1,433210,432671,539
5333381,60.76,60.08,541,20440,0.0772,1,1,433270,432729,541
5336301,78.552,63.216,560,20440,0.11944,1,1,433353,432793,560
5339221,81.3104,84.6432,552,20440,0.303888,0.35,1,433435,432883,552
5342141,83.4621,109.729,520,20440,0.564778,0.17,1,433519,432999,520
5345061,55.0924,93.9457,478,21900,0.840956,0.01,2,433567,433089,478
5347981,12.6185,62.7891,425,21900,0.896191,0.13,2,433569,433144,425
5402001,84,86,443,20440,0.49,0.03,1,435186,434743,443
5425361,101.6,119.6,421,20440,0.73,0.03,1,435292,434871,421
5428281,70.72,48.72,453,21900,0.81,0.05,2,435355,434902,453
5507121,339,373,436,20440,0.55,0.19,1,437033,436597,436
5510041,91.8,101,433,21900,0.742,0.21,1,437063,436630,433
5512961,91.16,71.4,460,23360,0.8444,0.13,2,437154,436694,460
5578661,52,31,476,17520,0.55,0.33,1,438770,438294,476
5581581,47.2,57.4,458,18980,0.678,0.13,1,438816,438358,458
5584501,48.64,57.08,450,20440,0.8476,0.13,2,438865,438415,450
5660421,109,94,510,18980,0.83,0.01,2,440691,440181,510
5730501,182,199,439,16060,0.83,0.45,2,442444,442005,439
5780141,53,45,532,24820,0.37,1,1,443681,443149,532
5781601,65,57.8,539,24820,0.226,1,1,443749,443210,539
5809341,404.2,489.16,431,16060,0.7572,0.23,2,444238,443807,431
5869201,92,75,461,17520,0.91,0.09,2,445912,445451,461
5918841,89,68,570,18980,0.69,1,1,447222,446652,570
5921761,92.2,96.8,559,18980,0.61,1,1,447315,446756,559
5924681,85.64,96.16,547,18980,0.578,1,1,447399,446852,547
5927601,50.728,69.632,526,18980,0.4436,1,1,447441,446915,526
5930521,87.7456,64.3264,560,18980,0.49672,0.95,1,447538,446978,560
5933441,61.5491,84.0653,526,18980,0.571344,0.77,1,447593,447067,526
5936361,77.9098,69.6131,542,18980,0.826269,0.69,2,447675,447133,542
5983081,87,57,566,21900,0.39,1,1,448932,448366,566
5986001,65.4,83.4,536,21900,0.326,1,1,448992,448456,536
5988921,59.48,59.08,541,21900,0.2812,1,1,449050,448509,541
5991841,58.296,90.216,501,21900,0.20824,1,1,449108,448607,501
5994761,78.8592,86.8432,499,23360,0.177648,0.92,1,449192,448693,499
5997681,51.7718,78.1686,468,23360,0.13953,0.71,1,449237,448769,468
6000601,59.1544,76.4337,453,23360,0.163906,0.71,1,449298,448845,453
6003521,74.2309,15.2867,531,24820,0.424781,0.39,1,449376,448845,531
6006441,60.4462,72.6573,501,24820,0.620956,0.31,1,449433,448932,501
6009361,52.0892,62.5315,491,26280,0.788191,0.27,2,449483,448992,491
6076521,71,98,422,23360,0.61,0.03,1,451181,450759,422
6079441,55.8,60.4,423,23360,0.738,0.03,1,451233,450810,423
6083821,31.16,33.68,421,23360,0.7156,0.01,1,451258,450837,421
6101341,26.232,26.736,421,23360,0.79112,0.07,2,451283,450862,421
6104261,58.0464,34.9472,450,24820,0.806224,0.11,2,451349,450899,450
6168501,107,122,441,20440,0.59,0.33,1,453012,452571,441
6188941,89.4,93.2,440,20440,0.83,0.21,2,453097,452657,440
6238581,63,49,534,24820,0.63,1,1,454215,453681,534
6241501,54.2,9.8,586,24820,0.422,1,1,454267,453681,586
6244421,62.04,55.56,583,24820,0.2204,1,1,454331,453748,583
6247341,58.808,85.512,548,24820,0.05208,1,1,454389,453841,548
6250261,63.7616,70.7024,546,24820,0.082416,1,1,454454,453908,546
6253181,51.9523,63.7405,533,24820,0.0884832,1,1,454503,453970,533
6256101,63.9905,60.7481,540,24820,0.137697,0.91,1,454570,454030,540
6259021,51.9981,61.7496,527,24820,0.259539,0.87,1,454619,454092,527
6261941,48.7996,60.3499,515,24820,0.267908,0.63,1,454667,454152,515
6264861,40.9599,62.47,491,24820,0.445582,0.37,1,454706,454215,491
6267781,51.392,54.094,493,24820,0.673116,0.17,1,454760,454267,493
6270701,51.0784,62.0188,480,24820,0.814623,0.01,2,454811,454331,480
6273621,63.0157,58.8038,488,24820,0.842925,0.09,2,454877,454389,488
6334941,62,50,553,26280,0.61,1,1,456135,455582,553
6337861,67.6,58,562,26280,0.418,1,1,456204,455642,562
6340781,64.72,58.8,567,26280,0.2036,1,1,456268,455701,567
6343701,58.544,58.16,566,26280,0.11272,1,1,456325,455759,566
6346621,50.1088,64.432,548,26280,0.238544,1,1,456373,455825,548
6349541,54.0218,64.0864,539,27740,0.327709,1,1,456428,455889,539
6352461,54.8044,59.2173,536,27740,0.393542,0.87,1,456483,455947,536
6355381,12.5609,64.6435,472,27740,0.406708,0.83,1,456485,456013,472
6358301,41.7122,60.9287,461,27740,0.521342,0.61,1,456534,456073,461
6361221,46.7424,61.7857,447,27740,0.688268,0.37,1,456582,456135,447
6364141,55.7485,67.5571,436,29200,0.849654,0.15,2,456640,456204,436
6426921,98,95,472,23360,0.51,0.75,1,458264,457792,472
6431301,60.4,72.6,456,23360,0.542,0.69,1,458315,457859,456
6434221,37.68,42.52,453,23360,0.6444,0.53,1,458347,457894,453
6437141,25.936,33.304,445,23360,0.68088,0.47,1,458370,457925,445
6441521,28.3872,32.2608,442,23360,0.672176,0.13,1,458399,457957,442
6513061,287,294,465,17520,0.39,0.17,1,460065,459600,465
6515981,197.4,228.4,428,20440,0.614,0.19,1,460240,459812,428
6593361,85,99,471,16060,0.17,1,1,461871,461400,471
6663441,61,206,456,17520,0.61,0.21,1,463861,463405,456
6711621,115,105,512,17520,0.25,1,1,465277,464765,512
6714541,63.8,70.6,501,17520,0.202,1,1,465328,464827,501
6717461,67.96,76.52,492,17520,0.3364,1,1,465397,464905,492
6720381,55.192,61.704,486,17520,0.33128,0.85,1,465449,464963,486
6723301,40.6384,58.7408,465,17520,0.426256,0.41,1,465486,465021,465
6770021,66,0,594,20440,0.27,1,1,466852,466258,594
6854701,58,130,449,17520,0.67,0.07,1,469150,468701,449
6987561,55,35,467,16060,0.79,0.33,2,472728,472261,467
6990481,46.2,34.2,477,17520,0.886,0.39,2,472772,472295,477
7056181,50,105,463,17520,0.85,0.39,2,474617,474154,463
7464981,70,106,536,16060,0.23,1,1,486751,486215,536
7467901,65.2,67.6,542,16060,0.198,1,1,486815,486273,542
7470821,61.84,54.32,552,16060,0.1756,1,1,486876,486324,552
7473741,147.568,53.264,668,16060,0.49112,0.94,1,487045,486377,668
7476661,92.7136,171.453,546,16060,0.730224,0.49,1,487124,486578,546
7479581,66.5427,116.691,503,16060,0.874045,0.23,2,487184,486681,503
7523381,98,90,559,17520,0.17,1,1,488616,488057,559
7526301,66.8,76.4,545,17520,0.282,1,1,488675,488130,545
7529221,68.56,68.88,547,17520,0.2884,1,1,488744,488197,547
7532141,113.712,66.576,606,18980,0.46568,0.55,1,488869,488263,606
7535061,24.3424,141.315,448,18980,0.501136,0.29,1,488871,488423,448
7537981,71.2685,104.263,436,18980,0.764227,0.17,2,488954,488518,436
7540901,87.8537,99.2526,430,18980,0.784845,0.31,2,489046,488616,430
7688361,68,35,461,17520,0.57,0,1,492598,492137,461
7691281,65.6,62.2,457,18980,0.586,0.03,1,492663,492206,457
7694201,94.72,40.44,524,18980,0.7492,0.17,1,492765,492241,524
7746761,69,69,517,20440,0.31,1,1,494077,493560,517
7749681,63.4,58.6,523,20440,0.23,1,1,494139,493616,523
7752601,79.08,99.72,496,20440,0.214,1,1,494222,493726,496
7755521,74.216,70.344,506,20440,0.2268,1,1,494295,493789,506
7758441,49.2432,57.2688,495,20440,0.22936,0.75,1,494338,493843,495
7761361,63.4486,93.0538,460,20440,0.277872,0.59,1,494405,493945,460
7764281,55.0897,69.0108,450,20440,0.303574,0.31,1,494458,494008,450
7767201,58.2179,69.0022,440,20440,0.484715,0.21,1,494517,494077,440
7770121,55.6436,63.4004,433,20440,0.648943,0.21,1,494572,494139,433
7773041,76.7287,79.0801,432,20440,0.857789,0.23,2,494654,494222,432
7834361,60,65,567,24820,0.91,1,2,496097,495530,567
7977441,61,44,479,20440,0.35,0.87,1,499437,498958,479
7996421,48.2,59.2,461,20440,0.414,1,1,499482,499021,461
8070881,83,68,500,17520,0.01,0.85,1,501309,500809,500
8073801,74.2,87.2,480,18980,0.138,0.33,1,501381,500901,480
8076721,55.64,71.04,464,18980,0.3236,0.19,1,501432,500968,464
8079641,59.128,68.608,456,18980,0.50472,0.05,1,501492,501036,456
8082561,59.0256,63.3216,453,18980,0.620944,0.15,1,501551,501098,453
8135121,80,99,555,18980,0.59,1,1,502991,502436,555
8138041,68,74.2,552,18980,0.446,1,1,503056,502504,552
8140961,103.2,84.44,577,18980,0.5772,1,1,503168,502591,577
8143881,67.84,91.288,543,18980,0.66744,1,1,503227,502684,543
8146801,54.368,71.8576,527,18980,0.685488,0.76,1,503278,502751,527
8149721,79.6736,65.5715,549,18980,0.833098,0.65,2,503364,502815,549
8199361,79,67,513,23360,0.15,1,1,504667,504154,513
8202281,65.4,59,518,24820,0.102,1,1,504729,504211,518
8205201,69.08,76.6,507,24820,0.0444,1,1,504799,504292,507
8208121,60.216,15.32,565,24820,0.12888,1,1,504857,504292,565
8211041,53.6432,63.064,542,26280,0.289776,1,1,504909,504367,542
8213961,56.3286,64.6128,534,26280,0.369955,0.87,1,504966,504432,534
8216881,12.8657,68.9226,466,26280,0.385991,0.55,1,504968,504502,466
8219801,56.1731,82.5845,447,26280,0.501198,0.15,1,505035,504588,447
8222721,58.4346,79.7169,427,27740,0.65224,0.15,1,505094,504667,427
8225641,57.2869,15.9434,484,27740,0.826448,0.09,2,505151,504667,484
8228561,67.4574,52.7887,492,29200,0.92529,0.03,2,505221,504729,492
8300101,86,96,465,24820,0.91,0.71,2,506886,506421,465
8374561,32,31,472,21900,0.49,0.77,1,508350,507878,472
8380401,154.4,156.6,469,20440,0.666,0.71,1,508535,508066,469
8383321,94.88,108.12,453,21900,0.7332,0.61,1,508615,508162,453
8387701,39.776,40.824,455,21900,0.71464,0.55,1,508641,508186,455
8481141,56,50,429,17520,0.89,0.11,2,510590,510161,429
8557061,51,28,453,17520,0.89,0.13,2,512448,511995,453
8717661,59,39,568,20440,0.23,1,1,517098,516530,568
8741021,435.8,549.4,421,13140,0.502,0.19,1,517628,517207,421
8850521,55,69,452,16060,0.77,0.05,2,521347,520895,452
8853441,54.2,61.8,446,16060,0.914,0.01,2,521401,520955,446
8895781,92,45,561,16060,0.05,1,1,522799,522238,561
8898701,64,77.8,532,16060,0.082,1,1,522856,522324,532
8901621,59.2,63.56,530,16060,0.2324,0.96,1,522914,522384,530
8904541,58.24,62.312,526,16060,0.21448,0.83,1,522972,522446,526
8907461,137.248,62.8624,620,16060,0.386896,0.07,1,523129,522509,620
8910381,102.65,170.972,516,16060,0.485379,0.05,1,523223,522707,516
8913301,65.3299,107.794,480,16060,0.713076,0.09,1,523279,522799,480
8960021,64,92,539,21900,0.61,1,1,524680,524141,539
8962941,61.6,72,533,23360,0.53,1,1,524741,524208,533
8965861,61.92,60,538,23360,0.402,1,1,524803,524265,538
8968781,48.384,56,528,23360,0.4244,1,1,524848,524320,528
8971701,54.4768,56.8,527,24820,0.41288,0.87,1,524904,524377,527
8974621,97.2954,150.56,461,24820,0.538576,0.87,1,525012,524551,461
8977541,64.2591,30.112,517,26280,0.643715,0.65,1,525068,524551,517
8980461,59.2518,58.0224,510,26280,0.776743,0.61,2,525126,524616,510
8983381,13.4504,62.8045,448,26280,0.787349,0.51,2,525128,524680,448
9044701,51,64,463,24820,0.59,0.63,1,526762,526299,463
9049081,51.8,66.4,448,24820,0.638,0.53,1,526814,526366,448
9052001,39.16,40.48,450,24820,0.7916,0.41,2,526850,526400,450
9056381,26.232,36.096,438,24820,0.88632,0.25,2,526873,526435,438
9345461,46,74,468,16060,0.51,0.19,1,533825,533357,468
9348381,47.6,64.4,454,17520,0.59,0.01,1,533873,533419,454
9351301,67.92,64.88,462,17520,0.686,0.05,1,533946,533484,462
9354221,35.184,64.976,424,18980,0.7372,0.31,1,533973,533549,424
9405321,54,57,547,18980,0.79,1,2,535418,534871,547
9406781,62,45,569,18980,0.662,1,1,535482,534913,569
9463721,107,45,624,18980,0.33,1,1,537247,536623,624
9466641,71,129.8,535,18980,0.378,1,1,537309,536774,535
9469561,78.2,77.16,551,18980,0.4516,0.93,1,537389,536838,551
9472481,52.44,67.432,532,18980,0.53032,1,1,537435,536903,532
9475401,86.488,63.8864,564,18980,0.706064,0.71,1,537530,536966,564
9478321,59.6976,100.777,507,18980,0.805213,0.47,2,537583,537076,507
9525041,87,93,547,18980,0.31,1,1,538849,538302,547
9527961,69.4,62.6,557,18980,0.086,1,1,538914,538357,557
9530881,73.08,79.72,547,18980,0.0252,1,1,538988,538441,547
9533801,101.816,78.344,578,18980,0.26904,1,1,539097,538519,578
9536721,72.3632,98.0688,540,18980,0.333808,0.9,1,539162,538622,540
9539641,56.0726,77.2138,520,18980,0.458762,0.67,1,539214,538694,520
9542561,63.2145,69.8428,517,20440,0.563752,0.31,1,539279,538762,517
9545481,57.4429,83.5685,486,20440,0.61675,0.03,1,539335,538849,486
9548401,72.2886,68.7137,497,20440,0.61135,0.01,1,539411,538914,497
9609721,161,136,499,17520,0.13,0.77,1,541017,540518,499
9612641,76.2,78.4,490,18980,0.258,0.69,1,541072,540582,490
9615561,58.44,68.48,478,20440,0.3476,0.41,1,541126,540648,478
9618481,52.488,64.896,465,21900,0.58952,0.19,1,541177,540712,465
9621401,64.0976,69.7792,461,21900,0.781904,0.03,2,541244,540783,461
9624321,42.4195,72.3558,425,23360,0.852381,0.13,2,541281,540856,425
9682721,32,34,442,16060,0.35,1,1,542881,542439,442
9752801,143,166,469,18980,0.83,0.25,2,544801,544332,469
9805361,148,59,651,18980,0.27,1,1,546210,545559,651
9808281,85.6,153.4,544,18980,0.174,1,1,546280,545736,544
