#Ack,ack_ewma(ms),send_ewma(ms),rtt_ratio,cwnd (Bytes),Last Router Ocupation Ack Arriaval(Packets),Last Router Ocupation Packet Sent(Packets),Network Situation,AckArrival(ms),TSInsideAck(ms),RTTAck(ms)
49641,2,0,477,61320,0.21,1,1,111883,111406,477
52561,37.2,40,473,64240,0.042,1,1,111929,111456,473
55481,18.64,8,487,67160,0.0324,1,1,111943,111456,487
58401,14.928,8.8,492,70080,0.03048,1,1,111957,111465,492
61321,11.7856,1.76,503,73000,0.214096,1,1,111968,111465,503
323241,44,62,456,59640,0,0.57,1,113524,113068,456
376481,29.6,39.6,448,50880,0.104,0.31,1,113550,113102,448
379401,294.72,260.72,493,181040,0.2848,0,1,113911,113418,493
382321,109.344,136.944,450,182500,0.06496,0.13,1,113974,113524,450
385241,23.4688,48.1888,426,183960,0.020992,0.13,1,113976,113550,426
388161,6.29376,9.63776,428,185420,0.0281984,0.13,1,113978,113550,428
391081,2.85875,1.92755,430,186880,0.00563968,0.13,1,113980,113550,430
394001,2.17175,0.38551,432,188340,0.00112794,0.13,1,113982,113550,432
396921,2.03435,0.0771021,434,189800,0.000225587,0.13,1,113984,113550,434
399841,2.00687,0.0154204,436,189800,4.51174e-05,0.13,1,113986,113550,436
402761,2.00137,0.00308408,438,191260,9.02349e-06,0.13,1,113988,113550,438
405681,2.00027,0.000616816,440,191260,1.8047e-06,0.13,1,113990,113550,440
408601,2.00005,0.000123363,442,191260,3.60939e-07,0.13,1,113992,113550,442
411521,2.00001,2.46727e-05,444,191260,0.112,0.13,1,113994,113550,444
414441,2,4.93453e-06,446,192720,0.1024,0.13,1,113996,113550,446
417361,2,9.86906e-07,448,192720,0.12448,0.13,1,113998,113550,448
420281,2,1.97381e-07,450,192720,0.096896,0.13,1,114000,113550,450
423201,2,3.94762e-08,452,192720,0.0673792,0.13,1,114002,113550,452
426121,2,7.89525e-09,454,194180,0.0294758,0.13,1,114004,113550,454
429041,2,1.57905e-09,456,194180,0.117895,0.13,1,114006,113550,456
431961,2,3.1581e-10,458,194180,0.103579,0.13,1,114008,113550,458
434881,2,6.3162e-11,460,194180,0.172716,0.13,1,114010,113550,460
437801,2,1.26324e-11,462,195640,0.154543,0.13,1,114012,113550,462
440721,2,2.52648e-12,464,195640,0.126909,0.13,1,114014,113550,464
443641,2,5.05296e-13,466,195640,0.0893817,0.13,1,114016,113550,466
446561,2,1.01059e-13,468,195640,0.0498763,0.13,1,114018,113550,468
449481,2,2.02118e-14,470,195640,0.161975,0.13,1,114020,113550,470
452401,6.8,4.04236e-15,478,197100,0.184395,0.13,1,114028,113550,478
454901,4.56,8.08473e-16,482,197100,0.132879,1,1,114032,113550,482
457821,8.912,9.6,480,197100,0.178576,1,1,114042,113562,480
460741,5.7824,1.92,485,197100,0.195715,1,1,114047,113562,485
463661,2.75648,0.384,487,197100,0.207143,1,1,114049,113562,487
466581,2.9513,0.0768,490,198560,0.209429,1,1,114052,113562,490
469501,2.19026,0.01536,492,198560,0.185886,1,1,114054,113562,492
472421,2.03805,0.003072,494,198560,0.149177,1,1,114056,113562,494
475341,2.00761,0.0006144,496,198560,0.141835,1,1,114058,113562,496
478261,2.00152,0.00012288,498,198560,0.188367,1,1,114060,113562,498
481181,2.0003,2.4576e-05,500,198560,0.197673,1,1,114062,113562,500
484101,2.00006,4.9152e-06,502,200020,0.167535,1,1,114064,113562,502
487021,2.00001,9.83039e-07,504,200020,0.129507,1,1,114066,113562,504
489941,2.8,1.96608e-07,507,200020,0.161901,1,1,114069,113562,507
492861,2.16,3.93216e-08,509,200020,0.12838,1,1,114071,113562,509
495781,2.032,7.86431e-09,511,200020,0.177676,1,1,114073,113562,511
498701,2.0064,1.57286e-09,513,201480,0.155535,1,1,114075,113562,513
501621,2.00128,3.14573e-10,515,201480,0.119107,1,1,114077,113562,515
504541,2.00026,6.29145e-11,517,201480,0.0878214,1,1,114079,113562,517
507461,2.00005,1.25829e-11,519,201480,0.0495643,1,1,114081,113562,519
507521,160.4,2.51658e-12,719,201480,0.305913,0.29,1,114281,113562,719
509601,86.48,284,432,201480,0.469183,0,1,114349,113917,432
512521,61.296,108.8,422,202940,0.293837,0,1,114404,113982,422
515441,13.8592,21.76,424,202940,0.226767,0,1,114406,113982,424
518361,4.37184,4.352,426,202940,0.181353,0,1,114408,113982,426
521281,2.47437,0.8704,428,204400,0.140271,0,1,114410,113982,428
523541,2.09487,0.17408,430,204400,0.100054,0,1,114412,113982,430
526461,2.01897,3.23482,428,204400,0.0600108,0,1,114414,113986,428
528741,2.00379,0.646963,430,204400,0.0200022,0.14,1,114416,113986,430
531661,2.00076,6.52939,424,204400,0.00400043,0.14,1,114418,113994,424
534581,2.00015,1.30588,426,205860,0.000800086,0.14,1,114420,113994,426
537501,2.00003,0.261176,428,205860,0.000160017,0.14,1,114422,113994,428
540181,2.00001,0.0522351,430,205860,3.20035e-05,0.11,1,114424,113994,430
543101,2,4.01045,427,205860,0.128006,0.11,1,114426,113999,427
546021,2,0.802089,429,205860,0.121601,0.11,1,114428,113999,429
548081,2,0.160418,431,205860,0.0883203,0.21,1,114430,113999,431
551001,2,8.03208,423,207320,0.0496641,0.21,1,114432,114009,423
553921,2,1.60642,425,207320,0.153933,0.21,1,114434,114009,425
556841,2,0.321283,427,207320,0.142787,0.21,1,114436,114009,427
559761,2,0.0642567,429,207320,0.108557,0.21,1,114438,114009,429
562641,2,0.0128513,431,207320,0.0697115,0.06,1,114440,114009,431
565561,2,6.40257,425,208780,0.0299423,0.06,1,114442,114017,425
568481,2,1.28051,427,208780,0.00598846,0.06,1,114444,114017,427
571401,2,0.256103,429,208780,0.00119769,0.06,1,114446,114017,429
574081,2,0.0512206,431,208780,0.000239538,0.14,1,114448,114017,431
577001,7.6,11.2102,426,208780,0.0800479,0.14,1,114457,114031,426
579921,3.12,2.24205,428,210240,0.21601,0.14,1,114459,114031,428
582841,2.224,0.44841,430,210240,0.243202,0.14,1,114461,114031,430
584901,6.0448,0.0896819,437,210240,0.17664,0.1,1,114468,114031,437
586981,7.60896,4.81794,439,210240,0.187328,0.21,1,114476,114037,439
589901,3.12179,10.5636,429,210240,0.189466,0.21,1,114478,114049,429
591761,1.42436,2.11272,430,210240,0.173893,0.14,1,114479,114049,430
594681,3.48487,6.02254,427,210240,0.170779,0.14,1,114483,114056,427
597601,2.29697,1.20451,429,211700,0.258156,0.14,1,114485,114056,429
600081,2.05939,0.240902,431,211700,0.275631,0.2,1,114487,114056,431
603001,2.01188,4.84818,427,211700,0.247126,0.2,1,114489,114062,427
605921,2.00238,0.969636,429,211700,0.241425,0.2,1,114491,114062,429
608401,2.00048,0.193927,431,211700,0.208285,0.19,1,114493,114062,431
611321,2.0001,8.83879,422,211700,0.169657,0.19,1,114495,114073,422
614241,2.00002,1.76776,424,211700,0.233931,0.19,1,114497,114073,424
617161,2,0.353551,426,213160,0.214786,0.19,1,114499,114073,426
620081,2,0.0707103,428,213160,0.186957,0.19,1,114501,114073,428
622961,2,0.0141421,430,213160,0.149391,0.18,1,114503,114073,430
625881,3.6,8.80283,423,213160,0.0778783,0.18,1,114507,114084,423
628801,2.32,1.76057,425,213160,0.215576,0.18,1,114509,114084,425
631721,2.064,0.352113,427,213160,0.219115,0.18,1,114511,114084,427
634641,2.0128,0.0704226,429,213160,0.187823,0.18,1,114513,114084,429
637521,2.00256,0.0140845,431,214620,0.149565,0.35,1,114515,114084,431
640021,228.401,164.803,510,214620,0.549913,0.53,1,114800,114290,510
642101,73.6801,85.7606,479,214620,0.605983,0.05,1,114835,114356,479
645021,16.336,63.5521,423,214620,0.617197,0.05,1,114837,114414,423
647941,4.8672,12.7104,425,214620,0.587439,0.05,1,114839,114414,425
650861,2.57344,2.54208,427,216080,0.549488,0.05,1,114841,114414,427
653781,2.11469,0.508417,429,216080,0.509898,0.05,1,114843,114414,429
655621,1.22294,0.101683,430,216080,0.48598,0,1,114844,114414,430
658541,1.84459,7.22034,423,216080,0.449196,0,1,114846,114423,423
661461,1.96892,1.44407,425,216080,0.409839,0,1,114848,114423,425
664381,1.99378,0.288813,427,217540,0.369968,0,1,114850,114423,427
667301,1.99876,0.0577627,429,217540,0.425994,0,1,114852,114423,429
669141,5.99975,0.0115525,436,217540,0.325199,0.1,1,114859,114423,436
672061,2.79995,12.0023,423,217540,0.27304,0.1,1,114861,114438,423
674981,2.15999,2.40046,425,217540,0.398608,0.1,1,114863,114438,425
677901,2.032,0.480092,427,217540,0.391722,0.1,1,114865,114438,427
680821,2.0064,0.0960185,429,219000,0.398344,0.1,1,114867,114438,429
683741,2.00128,0.0192037,431,219000,0.367669,0.1,1,114869,114438,431
686661,2.00026,0.00384074,433,219000,0.329534,0.1,1,114871,114438,433
688901,2.00005,0.000768148,435,219000,0.289907,0,1,114873,114438,435
691821,2.00001,8.00015,427,219000,0.257981,0,1,114875,114448,427
694741,2,1.60003,429,219000,0.219596,0,1,114877,114448,429
697661,2,0.320006,431,220460,0.179919,0,1,114879,114448,431
700581,2,0.0640012,433,220460,0.139984,0,1,114881,114448,433
703461,5.2,0.0128002,439,220460,0.315997,0.27,1,114887,114448,439
706381,2.64,8.00256,431,220460,0.311199,0.27,1,114889,114458,431
708661,12.528,1.60051,446,220460,0.26224,0.19,1,114904,114458,446
711581,4.1056,13.1201,432,220460,0.284448,0.19,1,114906,114474,432
714501,2.42112,2.62402,434,220460,0.32889,0.19,1,114908,114474,434
716981,5.28422,0.524804,440,221920,0.345778,0.28,1,114914,114474,440
719901,2.65684,8.90496,431,221920,0.317156,0.28,1,114916,114485,431
722821,2.13137,1.78099,433,221920,0.279431,0.28,1,114918,114485,433
724881,2.02627,0.356198,435,221920,0.239886,0.25,1,114920,114485,435
727801,2.00525,9.67124,425,221920,0.239977,0.25,1,114922,114497,425
730721,2.00105,1.93425,427,221920,0.239995,0.25,1,114924,114497,427
733641,2.00021,0.38685,429,221920,0.287999,0.25,1,114926,114497,429
736561,2.00004,0.0773699,431,223380,0.2656,0.25,1,114928,114497,431
739481,2.00001,0.015474,433,223380,0.22912,0.25,1,114930,114497,433
741521,2,0.0030948,435,223380,0.277824,0.08,1,114932,114497,435
744441,4.4,7.20062,431,223380,0.279565,0.08,1,114937,114506,431
747361,2.48,1.44012,433,223380,0.247913,0.08,1,114939,114506,433
750281,2.096,0.288025,435,223380,0.209583,0.08,1,114941,114506,435
753201,2.0192,0.0576049,437,223380,0.177917,0.08,1,114943,114506,437
755461,2.00384,0.011521,439,223380,0.291583,0.27,1,114945,114506,439
757541,6.00077,1.6023,444,224840,0.234317,0.28,1,114952,114508,444
760461,3.60015,10.7205,434,224840,0.182863,0.28,1,114955,114521,434
763381,2.32003,2.14409,436,224840,0.140573,0.28,1,114957,114521,436
766301,2.06401,0.428818,438,224840,0.252115,0.28,1,114959,114521,438
768561,2.0128,0.0857637,440,224840,0.282423,0.59,1,114961,114521,440
770641,242.803,233.617,451,224840,0.432485,0.54,1,115264,114813,451
773561,61.3605,69.1234,439,226300,0.398497,0.54,1,115280,114841,439
776481,13.8721,13.8247,441,226300,0.391699,0.54,1,115282,114841,441
778961,4.37442,2.76494,443,226300,0.41434,0.45,1,115284,114841,443
781881,2.47488,8.55299,435,226300,0.418868,0.45,1,115286,114851,435
784801,2.09498,1.7106,437,226300,0.419774,0.45,1,115288,114851,437
787721,2.019,0.342119,439,226300,0.419955,0.45,1,115290,114851,439
790641,2.0038,0.0684239,441,227760,0.387991,0.45,1,115292,114851,441
793561,2.00076,0.0136848,443,227760,0.349598,0.45,1,115294,114851,443
796021,2.00015,0.00273696,445,227760,0.36592,0.36,1,115296,114851,445
797681,1.20003,4.00055,441,227760,0.353184,0.32,1,115297,114856,441
800601,1.84001,12.8001,428,227760,0.318637,0.32,1,115299,114871,428
803521,1.968,2.56002,430,227760,0.279727,0.32,1,115301,114871,430
806441,1.9936,0.512004,432,227760,0.367945,0.32,1,115303,114871,432
809361,1.99872,0.102401,434,227760,0.353589,0.32,1,115305,114871,434
812281,1.99974,0.0204802,436,229220,0.318718,0.32,1,115307,114871,436
814321,1.99995,0.00409603,438,229220,0.279744,0.23,1,115309,114871,438
817241,1.99999,4.00082,435,229220,0.375949,0.23,1,115311,114876,435
820161,2,0.800164,437,229220,0.36319,0.23,1,115313,114876,437
822641,2,0.160033,439,229220,0.328638,0.34,1,115315,114876,439
825561,2,4.83201,435,229220,0.297728,0.34,1,115317,114882,435
828481,2,0.966401,437,229220,0.395546,0.34,1,115319,114882,437
830961,2,0.19328,439,229220,0.383109,0.36,1,115321,114882,439
833881,10,11.2387,437,230680,0.332622,0.36,1,115333,114896,437
836801,3.6,2.24773,439,230680,0.354524,0.36,1,115335,114896,439
838661,9.52,0.449546,450,230680,0.358905,0.35,1,115346,114896,450
841581,3.504,14.4899,434,230680,0.359781,0.35,1,115348,114914,434
844501,2.3008,2.89798,436,230680,0.383956,0.35,1,115350,114914,436
846981,2.06016,0.579596,438,230680,0.436791,0.23,1,115352,114914,438
849901,2.01203,4.91592,434,230680,0.447358,0.23,1,115354,114920,434
852821,2.00241,0.983184,436,230680,0.457472,0.23,1,115356,114920,436
855301,2.00048,0.196637,438,232140,0.427494,0.33,1,115358,114920,438
858221,2.0001,4.03933,435,232140,0.381499,0.33,1,115360,114925,435
861121,2.00002,0.807865,437,232140,0.4203,0.27,1,115362,114925,437
864041,2,6.56157,431,232140,0.39606,0.27,1,115364,114933,431
866961,2,1.31231,433,232140,0.391212,0.27,1,115366,114933,433
869881,2,0.262463,435,232140,0.358242,0.27,1,115368,114933,435
872561,2,0.0524926,437,232140,0.327648,0.26,1,115370,114933,437
874641,3.6,4.0105,436,232140,0.38553,0.28,1,115374,114938,436
877561,3.92,8.0021,431,232140,0.317106,0.28,1,115378,114947,431
880481,2.384,1.60042,433,233600,0.271421,0.28,1,115380,114947,433
883401,2.0768,0.320084,435,233600,0.382284,0.28,1,115382,114947,435
886081,2.01536,0.0640168,437,233600,0.404457,0.13,1,115384,114947,437
889001,5.20307,8.0128,433,233600,0.360891,0.13,1,115390,114957,433
891281,2.64061,1.60256,435,233600,0.360178,0.27,1,115392,114957,435
894201,5.32812,5.92051,434,233600,0.304036,0.27,1,115398,114964,434
897121,2.66562,1.1841,436,233600,0.292807,0.27,1,115400,114964,436
899601,2.13312,0.23682,438,233600,0.362561,0.43,1,115402,114964,438
901681,250.827,246.447,443,233600,0.560512,0.42,1,115715,115272,443
904601,56.5653,58.8895,439,235060,0.568102,0.42,1,115723,115284,439
906881,12.9131,11.7779,441,235060,0.53762,0.4,1,115725,115284,441
909801,4.18261,7.95558,436,235060,0.531524,0.4,1,115727,115291,436
912721,2.43652,1.59112,438,235060,0.562305,0.4,1,115729,115291,438
915641,2.0873,0.318223,440,235060,0.536461,0.4,1,115731,115291,440
918321,2.01746,0.0636446,442,235060,0.531292,0.29,1,115733,115291,442
921241,2.00349,7.21273,435,235060,0.498258,0.29,1,115735,115300,435
924161,2.0007,1.44255,437,236520,0.499652,0.29,1,115737,115300,437
927081,2.00014,0.288509,439,236520,0.46793,0.29,1,115739,115300,439
930001,2.00003,0.0577018,441,236520,0.429586,0.29,1,115741,115300,441
932261,2.00001,0.0115404,443,236520,0.389917,0.29,1,115743,115300,443
935181,2,6.40231,437,236520,0.349983,0.29,1,115745,115308,437
938101,2,1.28046,439,236520,0.461997,0.29,1,115747,115308,439
941021,2,0.256092,441,236520,0.452399,0.29,1,115749,115308,441
943281,2,0.0512185,443,236520,0.41848,0.36,1,115751,115308,443
946201,2,4.01024,440,236520,0.379696,0.36,1,115753,115313,440
948901,2,0.802049,442,237980,0.339939,0.44,1,115755,115313,442
951821,2,4.16041,439,237980,0.483988,0.44,1,115757,115318,439
954741,2,0.832082,441,237980,0.480798,0.44,1,115759,115318,441
957221,6,0.166416,448,237980,0.49616,0.32,1,115766,115318,448
960141,3.6,7.23328,442,237980,0.451232,0.32,1,115769,115327,442
962001,1.52,1.44666,443,237980,0.498246,0.36,1,115770,115327,443
964081,3.504,6.68933,439,237980,0.483649,0.39,1,115774,115335,439
967001,8.7008,5.33787,444,237980,0.52873,0.39,1,115784,115340,444
968661,5.74016,1.06757,449,237980,0.521746,0.47,1,115789,115340,449
971581,2.74803,9.01351,440,237980,0.520349,0.47,1,115791,115351,440
974501,2.14961,1.8027,442,237980,0.48007,0.47,1,115793,115351,442
976981,2.02992,0.360541,444,239440,0.472014,0.45,1,115795,115351,444
979061,2.00598,2.47211,443,239440,0.462403,0.43,1,115797,115354,443
981981,2.0012,6.89442,437,239440,0.460481,0.43,1,115799,115362,437
984901,2.00024,1.37888,439,239440,0.428096,0.43,1,115801,115362,439
987821,2.00005,0.275777,441,239440,0.405619,0.43,1,115803,115362,441
990501,2.00001,0.0551554,443,239440,0.489124,0.3,1,115805,115362,443
993421,2,7.21103,436,239440,0.473825,0.3,1,115807,115371,436
996341,2,1.44221,438,239440,0.438765,0.3,1,115809,115371,438
999261,2,0.288441,440,239440,0.479753,0.3,1,115811,115371,440
1002181,2,0.0576882,442,239440,0.455951,0.3,1,115813,115371,442
1005061,5.2,0.0115376,448,240900,0.36319,0.26,1,115819,115371,448
1007761,2.64,7.20231,441,240900,0.312638,0.35,1,115821,115380,441
1010681,5.328,9.44046,437,240900,0.430528,0.35,1,115827,115390,437
1013601,2.6656,1.88809,439,240900,0.454105,0.35,1,115829,115390,439
1016521,2.13312,0.377618,441,240900,0.426821,0.35,1,115831,115390,441
1018581,5.22662,0.0755237,447,240900,0.493364,0.29,1,115837,115390,447
1021501,2.64532,8.0151,439,240900,0.474673,0.29,1,115839,115400,439
1024401,2.12906,1.60302,441,240900,0.438935,0.35,1,115841,115400,441
1027321,5.22581,5.1206,441,240900,0.399787,0.35,1,115847,115406,441
1030241,2.64516,1.02412,443,240900,0.455957,0.35,1,115849,115406,443
1030641,160.529,0.204824,643,240900,0.275191,0.53,1,116049,115406,643
1033561,129.706,255.241,446,240900,0.463038,0.53,1,116171,115725,446
1036261,27.5412,51.0482,448,242360,0.500608,0.49,1,116173,115725,448
1039181,7.10823,18.2096,440,242360,0.508122,0.49,1,116175,115735,440
1042101,3.02165,3.64193,442,242360,0.509624,0.49,1,116177,115735,442
1045021,2.20433,0.728385,444,242360,0.509925,0.49,1,116179,115735,444
1047941,2.04087,0.145677,446,242360,0.477985,0.49,1,116181,115735,446
1050821,2.00817,0.0291354,448,242360,0.463597,0.51,1,116183,115735,448
1053741,2.00163,8.80583,439,242360,0.428719,0.51,1,116185,115746,439
1056661,2.00033,1.76117,441,242360,0.389744,0.51,1,116187,115746,441
1059581,2.00007,0.352233,443,242360,0.349949,0.51,1,116189,115746,443
1062501,2.00001,0.0704466,445,243820,0.30999,0.51,1,116191,115746,445
1065421,2,0.0140893,447,243820,0.389998,0.51,1,116193,115746,447
1067461,2,0.00281786,449,243820,0.374,0.35,1,116195,115746,449
1070381,2,6.40056,443,243820,0.3388,0.35,1,116197,115754,443
1073301,2,1.28011,445,243820,0.29976,0.35,1,116199,115754,445
1076221,2,0.256023,447,243820,0.411952,0.35,1,116201,115754,447
1077861,1.2,0.0512045,448,243820,0.41839,0.48,1,116202,115754,448
1080781,1.84,4.01024,445,243820,0.387678,0.48,1,116204,115759,445
1082641,1.168,0.802048,446,243820,0.365536,0.5,1,116205,115759,446
1085561,5.0336,5.76041,445,243820,0.393107,0.5,1,116211,115766,445
1087221,5.00672,1.15208,450,243820,0.326621,0.5,1,116216,115766,450
1090141,2.60134,5.83042,445,243820,0.313324,0.5,1,116218,115773,445
1093041,2.12027,1.16608,447,243820,0.310665,0.53,1,116220,115773,447
1095121,3.62405,2.63322,448,245280,0.414133,0.49,1,116224,115776,448
1098041,10.3248,14.9266,442,245280,0.474827,0.49,1,116236,115794,442
1100961,3.66496,2.98533,444,245280,0.454965,0.49,1,116238,115794,444
1103881,2.33299,0.597066,446,245280,0.450993,0.49,1,116240,115794,446
1105521,1.2666,0.119413,447,245280,0.466199,0.44,1,116241,115794,447
1108441,1.85332,4.82388,443,245280,0.46924,0.44,1,116243,115800,443
1111361,1.97066,0.964777,445,245280,0.461848,0.44,1,116245,115800,445
1114261,1.99413,0.192955,447,245280,0.43637,0.45,1,116247,115800,447
1117181,1.99883,10.4386,436,245280,0.423274,0.45,1,116249,115813,436
1120101,1.99977,2.08772,438,245280,0.388655,0.45,1,116251,115813,438
1123021,1.99995,0.417544,440,245280,0.349731,0.45,1,116253,115813,440
1125941,1.99999,0.0835087,442,245280,0.309946,0.45,1,116255,115813,442
1128861,2,0.0167017,444,245280,0.261989,0.45,1,116257,115813,444
1130901,6,0.00334035,451,245280,0.380398,0.28,1,116264,115813,451
1133821,3.6,7.20067,445,245280,0.35608,0.28,1,116267,115822,445
1136741,2.32,1.44013,447,246740,0.327216,0.28,1,116269,115822,447
1138801,2.064,0.288027,449,246740,0.449443,0.51,1,116271,115822,449
1141721,6.8128,12.0576,442,246740,0.409889,0.51,1,116279,115837,442
1144641,2.96256,2.41152,444,246740,0.425978,0.51,1,116281,115837,444
1147121,2.19251,0.482304,446,246740,0.437196,0.48,1,116283,115837,446
1150041,5.2385,8.89646,441,246740,0.455439,0.48,1,116289,115848,441
1152961,2.6477,1.77929,443,246740,0.427088,0.48,1,116291,115848,443
1155881,2.12954,0.355858,445,246740,0.389418,0.48,1,116293,115848,445
1157521,1.22591,0.0711717,446,246740,0.365884,0.5,1,116294,115848,446
1160441,9.84518,8.81423,447,246740,0.425177,0.5,1,116306,115859,447
1161681,158.769,1.76285,643,246740,0.501035,0.53,1,116502,115859,643
1163761,122.954,250.753,444,246740,0.572207,0.47,1,116616,116172,444
1166681,26.1908,57.3505,437,246740,0.586441,0.47,1,116618,116181,437
1169601,6.83815,11.4701,439,248200,0.589288,0.47,1,116620,116181,439
1172521,2.96763,2.29402,441,248200,0.589858,0.47,1,116622,116181,441
1175201,2.19353,0.458804,443,248200,0.589972,0.32,1,116624,116181,443
1178121,2.03871,7.29176,436,248200,0.557994,0.32,1,116626,116190,436
1181041,2.00774,1.45835,438,248200,0.519599,0.32,1,116628,116190,438
1183961,2.00155,0.29167,440,248200,0.47992,0.32,1,116630,116190,440
1186881,2.00031,0.0583341,442,248200,0.479984,0.32,1,116632,116190,442
1189761,2.00006,0.0116668,444,248200,0.447997,0.29,1,116634,116190,444
1192681,2.00001,7.20233,437,248200,0.409599,0.29,1,116636,116199,437
1195601,2,1.44047,439,248200,0.36992,0.29,1,116638,116199,439
1198521,2,0.288093,441,248200,0.481984,0.29,1,116640,116199,441
1201201,2,0.0576187,443,248200,0.472397,0.42,1,116642,116199,443
1204121,5.2,8.81152,438,248200,0.374479,0.42,1,116648,116210,438
1207041,2.64,1.7623,440,248200,0.442896,0.42,1,116650,116210,440
1209961,2.128,0.352461,442,248200,0.424579,0.42,1,116652,116210,442
1212881,2.0256,0.0704922,444,249660,0.420916,0.42,1,116654,116210,444
1215141,5.20512,0.0140984,450,249660,0.468183,0.46,1,116660,116210,450
1218061,2.64102,10.4028,439,249660,0.469637,0.46,1,116662,116223,439
1220981,2.1282,2.08056,441,249660,0.437927,0.46,1,116664,116223,441
1223901,2.02564,0.416113,443,249660,0.399585,0.46,1,116666,116223,443
1225541,9.20513,0.0832225,454,249660,0.455917,0.49,1,116677,116223,454
1227621,5.04103,8.81664,447,249660,0.467183,0.43,1,116681,116234,447
1230541,2.60821,12.1633,436,249660,0.469437,0.43,1,116683,116247,436
1233461,2.12164,2.43267,438,249660,0.469887,0.43,1,116685,116247,438
1236381,2.02433,0.486533,440,249660,0.533977,0.43,1,116687,116247,440
1239301,2.00487,0.0973066,442,249660,0.522795,0.43,1,116689,116247,442
1241761,2.00097,0.0194613,444,249660,0.488559,0.38,1,116691,116247,444
1244681,2.00019,3.20389,442,249660,0.489712,0.38,1,116693,116251,442
1247601,2.00004,0.640778,444,249660,0.457942,0.38,1,116695,116251,444
1249461,2.80001,0.128156,447,249660,0.427588,0.4,1,116698,116251,447
1252381,2.16,7.22563,440,249660,0.485518,0.4,1,116700,116260,440
1255301,2.032,1.44513,442,249660,0.465104,0.4,1,116702,116260,442
1258221,2.0064,0.289025,444,249660,0.437021,0.4,1,116704,116260,444
1260901,5.20128,0.057805,450,251120,0.487404,0.32,1,116710,116260,450
1263821,2.64026,7.21156,443,251120,0.473481,0.32,1,116712,116269,443
1266101,5.32805,1.44231,449,251120,0.494696,0.48,1,116718,116269,449
1269021,2.66561,5.08846,445,251120,0.506939,0.48,1,116720,116275,445
1271301,6.93312,1.01769,453,251120,0.461388,0.48,1,116728,116275,453
1274221,2.98662,10.6035,442,251120,0.508278,0.48,1,116730,116288,442
1277141,2.19732,2.12071,444,251120,0.485656,0.48,1,116732,116288,444
1279621,2.03946,0.424142,446,251120,0.481131,0.36,1,116734,116288,446
1282541,2.00789,4.88483,442,251120,0.480226,0.36,1,116736,116294,442
1285461,2.00158,0.976966,444,251120,0.544045,0.36,1,116738,116294,444
1287941,2.80032,0.195393,447,251120,0.532809,0.41,1,116741,116294,447
1290021,17.3601,1.63908,466,251120,0.546562,0.48,1,116762,116296,466
1292101,157.872,16.3278,639,251120,0.509312,0.5,1,116955,116316,639
1294181,118.774,161.666,550,251120,0.541862,0.59,1,117064,116514,550
1296881,25.3549,117.133,446,251120,0.548373,0.49,1,117066,116620,446
1299801,6.67098,30.6266,439,251120,0.549675,0.49,1,117068,116629,439
1302721,2.9342,6.12532,441,251120,0.549935,0.49,1,117070,116629,441
1305641,2.18684,1.22506,443,251120,0.549987,0.49,1,117072,116629,443
1308561,2.03737,0.245013,445,251120,0.549997,0.49,1,117074,116629,445
1311441,2.00747,0.0490026,447,252580,0.517999,0.36,1,117076,116629,447
1314361,2.00149,7.2098,440,252580,0.4796,0.36,1,117078,116638,440
1317281,2.0003,1.44196,442,252580,0.43992,0.36,1,117080,116638,442
1320201,2.00006,0.288392,444,252580,0.399984,0.36,1,117082,116638,444
1322881,2.00001,0.0576784,446,252580,0.359997,0.41,1,117084,116638,446
1325801,5.2,5.61154,445,252580,0.471999,0.41,1,117090,116645,445
1328721,2.64,1.12231,447,252580,0.4624,0.41,1,117092,116645,447
1331641,2.128,0.224461,449,252580,0.42848,0.41,1,117094,116645,449
1333701,2.0256,0.0448923,451,252580,0.421696,0.46,1,117096,116645,451
1335781,5.20512,4.00898,452,252580,0.476339,0.48,1,117102,116650,452
1338701,2.64102,8.8018,444,252580,0.455268,0.48,1,117104,116660,444
1341621,2.1282,1.76036,446,252580,0.475054,0.48,1,117106,116660,446
1343681,2.02564,0.352072,448,252580,0.447011,0.43,1,117108,116660,448
1346601,2.00513,3.27041,446,252580,0.497402,0.43,1,117110,116664,446
1348881,2.00103,0.654083,448,252580,0.50748,0.51,1,117112,116664,448
1351801,10.0002,8.93082,449,252580,0.413496,0.51,1,117124,116675,449
1354081,3.60004,1.78616,451,252580,0.426699,0.49,1,117126,116675,451
1357001,2.32001,5.95723,446,252580,0.47734,0.49,1,117128,116682,446
1359701,3.664,1.19145,450,252580,0.495468,0.52,1,117132,116682,450
1362621,2.3328,5.83829,445,252580,0.499094,0.52,1,117134,116689,445
1365541,2.06656,1.16766,447,252580,0.467819,0.52,1,117136,116689,447
1368021,2.81331,0.233532,450,252580,0.421564,0.43,1,117139,116689,450
1370941,2.96266,5.64671,446,252580,0.364313,0.43,1,117142,116696,446
1373861,2.19253,1.12934,448,254040,0.440863,0.43,1,117144,116696,448
1376781,2.03851,0.225868,450,254040,0.432173,0.43,1,117146,116696,450
1379461,2.0077,0.0451736,452,254040,0.398435,0.43,1,117148,116696,452
1382381,2.00154,6.40903,446,254040,0.391687,0.43,1,117150,116704,446
1385301,2.00031,1.28181,448,254040,0.470337,0.43,1,117152,116704,448
1387781,8.40006,0.256361,458,254040,0.422067,0.5,1,117162,116704,458
1390701,3.28001,11.2513,446,254040,0.380413,0.5,1,117164,116718,446
1393621,2.256,2.25025,448,254040,0.372083,0.5,1,117166,116718,448
1396101,6.8512,0.450051,456,254040,0.442417,0.46,1,117174,116718,456
1399021,2.97024,7.29001,449,254040,0.424483,0.46,1,117176,116727,449
1401301,2.19405,1.458,451,254040,0.396897,0.52,1,117178,116727,451
1403381,2.03881,2.6916,450,254040,0.391379,0.5,1,117180,116730,450
1406301,2.00776,4.53832,447,254040,0.478276,0.5,1,117182,116735,447
1409221,2.00155,0.907664,449,254040,0.503655,0.5,1,117184,116735,449
1411701,3.60031,0.181533,453,254040,0.444731,0.48,1,117188,116735,453
1414621,2.32006,7.23631,446,254040,0.472946,0.48,1,117190,116744,446
1417541,2.06401,1.44726,448,254040,0.446589,0.48,1,117192,116744,448
1420021,26.0128,0.289452,480,254040,0.513318,0.55,1,117224,116744,480
1422101,152.403,24.8579,633,254040,0.486664,0.52,1,117408,116775,633
1424181,113.681,157.772,546,254040,0.569333,0.47,1,117512,116966,546
1427101,24.3361,121.154,436,254040,0.585867,0.47,1,117514,117078,436
1430021,6.46722,24.2309,438,254040,0.589173,0.47,1,117516,117078,438
1432941,2.89344,4.84617,440,254040,0.589835,0.47,1,117518,117078,440
1435861,2.17869,0.969234,442,254040,0.589967,0.47,1,117520,117078,442
1438781,2.03574,0.193847,444,254040,0.589993,0.47,1,117522,117078,444
1441701,2.00715,0.0387694,446,254040,0.557999,0.47,1,117524,117078,446
1443941,4.40143,0.00775387,451,254040,0.4716,0.54,1,117529,117078,451
1446861,3.28029,8.00155,444,254040,0.55832,0.54,1,117532,117088,444
1449781,2.25606,1.60031,446,254040,0.543664,0.54,1,117534,117088,446
1452701,2.05121,0.320062,448,254040,0.580733,0.54,1,117536,117088,448
1455381,2.01024,0.0640124,450,254040,0.588147,0.42,1,117538,117088,450
1458301,2.00205,4.8128,446,255500,0.589629,0.42,1,117540,117094,446
1460581,2.80041,0.96256,449,255500,0.565926,0.55,1,117543,117094,449
1463501,2.96008,4.19251,447,255500,0.585185,0.55,1,117546,117099,447
1465781,3.79202,0.838502,451,255500,0.525037,0.46,1,117550,117099,451
1468701,2.3584,6.5677,445,255500,0.481007,0.46,1,117552,117107,445
1471621,2.07168,1.31354,447,255500,0.440201,0.46,1,117554,117107,447
1474101,5.21434,0.262708,453,255500,0.52004,0.44,1,117560,117107,453
1477021,2.64287,7.25254,446,255500,0.496008,0.44,1,117562,117116,446
1479921,2.12857,1.45051,448,255500,0.459202,0.53,1,117564,117116,448
1482841,6.82571,13.8901,439,255500,0.52384,0.53,1,117572,117133,439
1485761,2.96514,2.77802,441,255500,0.504768,0.53,1,117574,117133,441
1488681,2.19303,0.555604,443,255500,0.460954,0.53,1,117576,117133,443
1490321,1.23861,0.111121,444,255500,0.468191,0.37,1,117577,117133,444
1493241,5.04772,6.42222,442,255500,0.541638,0.37,1,117583,117141,442
1496161,2.60954,1.28444,444,255500,0.540328,0.37,1,117585,117141,444
1498641,2.12191,0.256889,446,255500,0.508066,0.39,1,117587,117141,446
1501561,2.02438,5.65138,441,255500,0.501613,0.39,1,117589,117148,441
1504481,2.00488,1.13028,443,255500,0.556323,0.39,1,117591,117148,443
1506961,2.00098,0.226055,445,255500,0.535265,0.45,1,117593,117148,445
1509881,8.4002,9.64521,443,255500,0.491053,0.45,1,117603,117160,443
1512801,3.28004,1.92904,445,255500,0.538211,0.45,1,117605,117160,445
1515721,2.25601,0.385808,447,255500,0.547642,0.45,1,117607,117160,447
1517781,5.2512,0.0771617,453,255500,0.525528,0.51,1,117613,117160,453
1520701,2.65024,8.81543,444,255500,0.497106,0.51,1,117615,117171,444
1523621,2.13005,1.76309,446,255500,0.515421,0.51,1,117617,117171,446
1526101,3.62601,0.352617,450,255500,0.487084,0.41,1,117621,117171,450
1529021,2.3252,6.47052,444,255500,0.497417,0.41,1,117623,117179,444
1531921,2.06504,1.2941,446,255500,0.555483,0.48,1,117625,117179,446
1534841,3.61301,9.05882,439,255500,0.503097,0.48,1,117629,117190,439
1537761,2.3226,1.81176,441,255500,0.500619,0.48,1,117631,117190,441
1540681,2.06452,0.362353,443,255500,0.468124,0.48,1,117633,117190,443
1542321,1.2129,0.0724706,444,255500,0.453625,0.35,1,117634,117190,444
1545241,6.64258,7.21449,443,255500,0.506725,0.35,1,117642,117199,443
1548161,2.92852,1.4429,445,255500,0.485345,0.35,1,117644,117199,445
1550021,26.1857,0.28858,477,255500,0.601069,0.54,1,117676,117199,477
1552101,150.037,25.6577,626,255500,0.672214,0.4,1,117857,117231,626
1554181,114.007,149.932,550,255500,0.750443,0.61,2,117962,117412,550
1557101,24.4015,117.186,443,255500,0.766089,0.61,2,117964,117521,443
1560021,6.4803,23.4373,445,255500,0.769218,0.61,2,117966,117521,445
1562941,2.89606,4.68745,447,255500,0.769844,0.61,2,117968,117521,447
1565861,2.17921,0.93749,449,255500,0.769969,0.61,2,117970,117521,449
1567701,1.23584,0.187498,450,255500,0.785994,0.53,2,117971,117521,450
1570621,1.84717,3.2375,448,255500,0.757199,0.53,2,117973,117525,448
1572481,1.16943,0.6475,449,255500,0.73544,0.6,1,117974,117525,449
1574561,5.03389,4.9295,449,255500,0.635088,0.61,1,117980,117531,449
1577481,2.60678,4.1859,447,255500,0.583018,0.61,1,117982,117535,447
1580401,2.12136,0.83718,449,255500,0.540604,0.61,1,117984,117535,449
1582261,2.82427,0.167436,452,255500,0.732121,0.59,1,117987,117535,452
1585181,2.16485,8.83349,443,256960,0.770424,0.59,2,117989,117546,443
1588101,2.03297,1.7667,445,256960,0.746085,0.59,1,117991,117546,445
1591021,2.00659,0.353339,447,256960,0.709217,0.59,1,117993,117546,447
1592661,6.00132,0.0706679,454,256960,0.741843,0.54,1,118000,117546,454
1595581,3.60026,9.61413,445,256960,0.700369,0.54,1,118003,117558,445
1598501,2.32005,1.92283,447,256960,0.692074,0.54,1,118005,117558,447
1601421,2.06401,0.384565,449,256960,0.706415,0.54,1,118007,117558,449
1604101,7.6128,0.0769131,458,256960,0.781283,0.56,2,118016,117558,458
1607021,3.12256,10.4154,447,256960,0.764257,0.56,2,118018,117571,447
1609941,2.22451,2.08308,449,256960,0.760851,0.56,2,118020,117571,449
1612421,2.0449,0.416615,451,256960,0.76017,0.5,2,118022,117571,451
1614501,3.60898,2.48332,452,256960,0.824034,0.51,2,118026,117574,452
1617421,2.3218,5.29666,448,256960,0.804807,0.51,2,118028,117580,448
1620341,2.06436,1.05933,450,256960,0.808961,0.51,2,118030,117580,450
1622821,2.81287,0.211867,453,256960,0.833792,0.52,2,118033,117580,453
1625741,2.96257,6.44237,448,256960,0.846758,0.52,2,118036,117588,448
1628661,2.19251,1.28847,450,256960,0.817352,0.52,2,118038,117588,450
1631141,2.0385,0.257695,452,256960,0.78747,0.53,2,118040,117588,452
1634061,2.0077,4.05154,449,256960,0.749494,0.53,1,118042,117593,449
1636341,8.40154,0.810308,459,256960,0.725899,0.55,1,118052,117593,459
1639261,3.28031,9.76206,449,256960,0.71318,0.55,1,118054,117605,449
1641541,5.45606,1.95241,455,256960,0.790636,0.51,2,118060,117605,455
1644461,2.69121,7.59048,448,256960,0.806127,0.51,2,118062,117614,448
1647381,2.13824,1.5181,450,256960,0.801225,0.51,2,118064,117614,450
1649861,5.22765,0.303619,456,256960,0.776245,0.49,2,118070,117614,456
1652781,2.64553,12.0607,443,256960,0.731249,0.49,1,118072,117629,443
1655701,2.12911,2.41214,445,256960,0.69025,0.49,1,118074,117629,445
1658621,2.02582,0.482429,447,256960,0.64205,0.49,1,118076,117629,447
1661541,2.00516,0.0964858,449,256960,0.64041,0.49,1,118078,117629,449
1664421,6.80103,0.0192972,457,256960,0.776082,0.48,2,118086,117629,457
1667341,2.96021,12.0039,444,256960,0.771216,0.48,2,118088,117644,444
1670261,2.19204,2.40077,446,256960,0.746243,0.48,1,118090,117644,446
1673181,2.03841,0.480154,448,256960,0.813249,0.48,2,118092,117644,448
1675441,2.00768,0.0960309,450,256960,0.82665,0.51,2,118094,117644,450
1678361,6.80154,4.01921,453,256960,0.73333,0.51,1,118102,117649,453
1680021,26.1603,0.803841,484,256960,0.906666,0.65,2,118133,117649,484
2246941,33,13,441,36500,0.65,0.03,1,123420,122979,441
2249861,62.6,22.6,486,37960,0.658,1,1,123490,123004,486
2252781,25.32,26.92,474,39420,0.7556,1,2,123506,123032,474
2255701,16.264,18.184,472,40880,0.79912,1,2,123520,123048,472
2258621,40.8528,24.4368,493,42340,0.919824,0.84,2,123567,123074,493
2261541,16.1706,29.6874,472,43800,0.935965,0.73,2,123577,123105,472
2281981,22,26,488,46720,0.46,0.65,1,123875,123387,488
2284901,6,31.6,457,46720,0.46,0.66,1,123877,123420,457
2287821,58.8,62.32,459,46720,0.364,0.66,1,123949,123490,459
2290741,26.96,12.464,478,46720,0.5288,0.78,1,123968,123490,478
2293661,6.992,15.2928,464,48180,0.56176,0.81,1,123970,123506,464
2296581,13.3984,14.2586,465,48180,0.560352,0.81,1,123985,123520,465
2299501,41.8797,2.85171,514,48180,0.61607,0.95,1,124034,123520,514
2302421,9.97594,38.1703,469,48180,0.627214,0.94,1,124036,123567,469
2305341,10.7952,15.6341,470,48180,0.645443,0.98,1,124047,123577,470
2308261,8.55904,11.1268,468,48180,0.657089,0.99,1,124055,123587,468
2311181,14.5118,14.2254,469,48180,0.667418,0.99,1,124071,123602,469
2314101,14.9024,2.84507,484,48180,0.685484,1,1,124086,123602,484
2317021,15.7805,12.569,485,48180,0.681097,1,1,124102,123617,485
2319941,117.556,14.5138,613,48180,0.784219,0.43,2,124245,123632,613
2322861,25.1112,144.503,438,48180,0.772844,0.29,2,124247,123809,438
2325781,46.6222,64.1006,446,48180,0.762569,0.46,2,124299,123853,446
2328701,27.7244,30.4201,447,48180,0.760514,0.46,2,124322,123875,447
2331621,7.14489,7.68402,447,48180,0.728103,0.34,1,124324,123877,447
2334541,61.429,59.1368,450,48180,0.689621,0.57,1,124399,123949,450
2337461,25.0858,27.0274,447,48180,0.761924,0.57,2,124415,123968,447
2340381,6.61716,5.40547,449,49640,0.784385,0.57,2,124417,123968,449
2343301,16.5234,2.68109,466,49640,0.772877,0.56,2,124436,123970,466
2346221,44.1047,12.5362,502,49640,0.802575,0.63,2,124487,123985,502
2349141,10.4209,41.7072,455,49640,0.808515,0.63,2,124489,124034,455
2352061,11.6842,9.94145,465,49640,0.817703,0.65,2,124501,124036,465
2354981,8.73684,10.7883,462,49640,0.819541,0.66,2,124509,124047,462
2357901,16.1474,8.55766,472,49640,0.835908,0.67,2,124527,124055,472
2360821,13.6295,14.5115,469,49640,0.863182,0.69,2,124540,124071,469
2363741,19.5259,14.9023,475,49640,0.892636,0.68,2,124561,124086,475
2366661,118.305,15.7805,602,49640,0.906527,0.81,2,124704,124102,602
2369581,26.861,117.556,463,49640,0.917305,0.77,2,124708,124245,463
2372501,46.1722,25.1112,512,49640,0.935461,0.76,2,124759,124247,512
2684941,16,31,493,54020,0.88,1,2,127736,127243,493
2687861,13.6,19.8,489,54020,0.864,1,2,127749,127260,489
2690781,13.12,11.96,492,54020,0.7968,1,2,127762,127270,492
2693701,35.424,11.992,521,54020,0.66336,1,1,127803,127282,521
2696621,19.0848,35.1984,495,54020,0.572672,1,1,127818,127323,495
2699541,14.217,17.4397,495,54020,0.522534,1,1,127831,127336,495
2702461,18.0434,14.6879,500,54020,0.496507,1,1,127850,127350,500
2705381,18.0087,14.9376,503,54020,0.475301,1,1,127868,127365,503
2708301,18.0017,16.5875,504,54020,0.43906,1,1,127886,127382,504
2711221,13.2003,16.1175,500,54020,0.423812,1,1,127898,127398,500
2714141,9.04007,18.4235,489,54020,0.396762,0.94,1,127906,127417,489
2717061,107.408,117.285,479,55480,0.0873525,0.89,1,128038,127559,479
2719981,41.4816,38.6569,485,55480,0.0174705,1,1,128063,127578,485
2722901,23.4963,21.3314,487,55480,0.0434941,1,1,128082,127595,487
2725821,19.8993,17.8663,489,55480,0.0486988,1,1,128101,127612,489
2728741,15.9799,22.7733,480,56940,0.0337398,0.89,1,128116,127636,480
2883501,30,46,480,45260,0.03,1,1,129426,128946,480
2886421,39.6,27.6,499,46720,0.158,1,1,129468,128969,499
2889341,38.32,43.12,490,48180,0.1356,1,1,129506,129016,490
2892261,25.264,35.024,479,49640,0.17912,1,1,129528,129049,479
2895181,77.8528,25.4048,547,51100,0.275824,0.76,1,129619,129072,547
2898101,28.3706,88.281,459,51100,0.191165,0.41,1,129635,129176,459
2901021,40.8741,63.2562,446,51100,0.062233,0.35,1,129679,129233,446
2903941,20.9748,26.2512,445,51100,0.0124466,0.29,1,129695,129250,445
2906861,16.995,21.2502,441,51100,0.0264893,0.2,1,129711,129270,441
2909781,16.199,20.25,437,52560,0.0452979,0.13,1,129727,129290,437
2912701,16.0398,20.05,433,52560,0.0170596,0.07,1,129743,129310,433
2915621,14.408,18.41,429,52560,0.0274119,0,1,129757,129328,429
2918541,16.4816,17.282,429,52560,0.00548238,0.01,1,129774,129345,429
2974021,70,24,468,56940,0.81,1,2,130266,129798,468
2976941,26,21.6,462,56940,0.882,0.97,2,130281,129819,462
3214921,25,95,486,46720,0.51,0.97,1,132297,131811,486
3217841,20.2,39,480,48180,0.502,0.74,1,132316,131836,480
3220761,48.04,57.4,473,49640,0.1724,0.71,1,132371,131898,473
3223681,32.808,33.08,475,51100,0.03448,0.7,1,132400,131925,475
3267481,2,19,446,55480,0.69,0.09,1,132762,132316,446
3270401,26.8,47.8,424,55480,0.802,0.09,2,132795,132371,424
3273321,27.76,9.56,452,55480,0.8404,0,2,132823,132371,452
3276241,7.152,25.112,425,56940,0.84808,1,2,132825,132400,425
3279161,54.2304,23.4224,468,56940,0.681616,1,1,132891,132423,468
3282081,94.8461,59.0845,505,56940,0.704323,1,1,132996,132491,505
3285001,34.9692,36.6169,494,56940,0.700865,1,1,133016,132522,494
3287921,22.9938,7.32338,514,56940,0.708173,1,1,133036,132522,514
3290841,32.5988,29.4647,514,56940,0.677635,1,1,133071,132557,514
3293761,27.3198,26.6929,514,56940,0.575527,1,1,133097,132583,514
3296681,11.064,16.5386,507,56940,0.539105,1,1,133104,132597,507
3299601,15.0128,12.1077,512,56940,0.579821,1,1,133120,132608,512
3302521,15.0026,16.8215,509,56940,0.587964,1,1,133135,132626,509
3305441,12.6005,15.3643,506,58400,0.669593,1,1,133147,132641,506
3308361,10.5201,9.47286,508,58400,0.653919,0.53,1,133157,132649,508
3311281,22.104,57.0946,464,58400,0.666784,0.49,1,133182,132718,464
3314201,6.0208,13.0189,464,58400,0.669357,0.6,1,133184,132720,464
3317121,14.8042,21.0038,458,58400,0.677871,0.67,1,133201,132743,458
3320041,15.7608,17.8008,457,58400,0.711574,0.69,1,133217,132760,457
3322961,4.75217,5.16015,457,58400,0.718315,0.83,1,133219,132762,457
3325881,32.9504,27.432,464,58400,0.743663,0.85,1,133259,132795,464
3328801,30.5901,27.8864,466,58400,0.740733,0.85,1,133289,132823,466
3331721,7.71802,5.57728,468,58400,0.740146,0.85,1,133291,132823,468
3334641,53.5436,2.71546,531,59860,0.604029,0.64,1,133356,132825,531
3337561,87.5087,53.3431,561,59860,0.592806,0.71,1,133452,132891,561
3340481,30.3017,94.6686,472,59860,0.750561,0.7,2,133468,132996,472
3343401,22.8603,34.9337,473,59860,0.830112,0.71,2,133489,133016,473
3346321,28.5721,22.9867,483,59860,0.894022,0.67,2,133519,133036,483
3349241,26.5144,32.5973,474,59860,0.906805,0.55,2,133545,133071,474
3352161,10.9029,27.3195,455,59860,0.893361,0.53,2,133552,133097,455
3355081,14.9806,11.0639,464,59860,0.890672,0.59,2,133568,133104,464
3358001,17.3961,15.0128,466,59860,0.858134,0.59,2,133586,133120,466
3360921,5.07922,15.0026,453,59860,0.851627,0.69,2,133588,133135,453
3363841,11.4158,12.6005,454,59860,0.882325,0.65,2,133601,133147,454
3366761,10.2832,10.5201,454,61320,0.872465,0.67,2,133611,133157,454
3369681,22.8566,22.104,455,61320,0.918493,0.67,2,133637,133182,455
3372601,6.17133,6.0208,455,61320,0.895699,0.68,2,133639,133184,455
3375521,15.6343,14.8042,456,61320,0.89114,0.72,2,133657,133201,456
3378441,15.9269,15.7608,456,61320,0.890228,0.72,2,133673,133217,456
3381361,4.78537,4.75217,456,61320,0.938046,0.75,2,133675,133219,456
3384281,32.9571,32.9504,456,61320,0.931609,0.74,2,133715,133259,456
3387201,32.1914,30.5901,458,61320,0.898322,0.74,2,133747,133289,458
3390121,8.03828,7.71802,458,61320,0.891664,0.74,2,133749,133291,458
3393041,52.8077,1.5436,522,61320,0.898333,0.57,2,133813,133291,522
3395961,88.1615,52.3087,554,61320,0.955667,0.59,2,133910,133356,554
3622261,20,22,489,46720,0.23,0.94,1,135627,135138,489
3625181,18.4,22,485,48180,0.31,1,1,135645,135160,485
3628101,22.88,20.4,489,49640,0.374,1,1,135669,135180,489
3809141,21,25,513,61320,0.73,1,1,137339,136826,513
3812061,20.2,29.8,502,61320,0.682,1,1,137359,136857,502
3814981,19.24,22.76,500,61320,0.5924,1,1,137378,136878,500
3817901,30.248,19.752,514,61320,0.47848,1,1,137411,136897,514
3820821,19.6496,18.3504,513,61320,0.407696,1,1,137428,136915,513
3823741,19.9299,18.0701,515,61320,0.313539,1,1,137448,136933,515
3826661,19.186,16.414,518,61320,0.214708,1,1,137467,136949,518
3829581,18.2372,17.6828,518,61320,0.130942,1,1,137485,136967,518
3832501,16.4474,15.5366,519,61320,0.0261883,1,1,137501,136982,519
3833961,17.6895,17.5073,519,62780,0.0612377,1,1,137519,137000,519
3850021,354.738,432.301,422,43800,0.0362475,0.05,1,137958,137536,422
3906961,189.348,205.66,421,43800,0.0152495,0.01,1,138106,137685,421
3909881,69.8695,50.7321,449,45260,0.0110499,0.03,1,138146,137697,449
3912801,42.7739,30.9464,459,46720,0.05821,0.01,1,138182,137723,459
3915721,35.7548,49.3893,439,48180,0.035642,0.13,1,138216,137777,439
3918641,23.151,22.6779,443,49640,0.0471284,0.07,1,138236,137793,443
3921561,33.4302,30.1356,447,49640,0.0334257,0.03,1,138272,137825,447
3924481,29.086,27.6271,448,51100,0.00668514,0,1,138300,137852,448
3927401,17.0172,27.1254,435,51100,0.041337,0.03,1,138314,137879,435
3930321,14.6034,17.4251,434,51100,0.0642674,0.03,1,138328,137894,434
3933241,15.7207,14.685,436,51100,0.0128535,0.03,1,138344,137908,436
3936161,4.74414,15.737,422,51100,0.0105707,0.03,1,138346,137924,422
3939081,13.7488,15.9474,422,51100,0.0101141,0.03,1,138362,137940,422
3942001,17.1498,9.58948,432,52560,0.0260228,0.03,1,138380,137948,432
3944921,34.63,25.1179,442,52560,0.109205,0.03,1,138419,137977,442
3947841,37.326,28.2236,451,52560,0.157841,0.27,1,138457,138006,451
3950761,65.8652,27.2447,497,52560,0.0875682,0.01,1,138530,138033,497
3953681,43.573,63.8489,462,52560,0.0415136,0.01,1,138568,138106,462
3956601,10.3146,44.7698,424,52560,0.00830273,0.07,1,138570,138146,424
3959521,30.0629,37.754,423,54020,0.00966055,0.07,1,138605,138182,423
3962441,34.0126,7.55079,458,54020,0.0259321,0.03,1,138640,138182,458
3965361,8.40252,28.7102,426,54020,0.0291864,0.05,1,138642,138216,426
3968281,15.2805,21.742,423,54020,0.0778373,0.03,1,138659,138236,423
3971201,31.0561,33.1484,422,54020,0.0715675,0.03,1,138694,138272,422
3974121,29.4112,6.62968,451,54020,0.0383135,0,1,138723,138272,451
3977041,17.0822,23.7259,437,55480,0.0796627,0.05,1,138737,138300,437
3979961,13.0164,15.9452,435,55480,0.0879325,0.07,1,138749,138314,435
3982881,15.4033,14.389,437,55480,0.0255865,0,1,138765,138328,437
3985801,4.68066,15.6778,423,55480,0.0291173,0.01,1,138767,138344,423
3988721,13.7361,4.73556,437,55480,0.0458235,0.01,1,138783,138346,437
3991641,4.34723,13.7471,423,55480,0.0171647,0.03,1,138785,138362,423
3994561,14.4694,17.1494,422,55480,0.0274329,0.13,1,138802,138380,422
3997481,36.4939,34.6299,425,55480,0.0294866,0.17,1,138844,138419,425
4000401,40.0988,37.326,428,55480,0.0618973,0.07,1,138885,138457,428
4003321,64.0198,65.8652,425,56940,0.148379,0.03,1,138955,138530,425
4006241,41.604,43.573,423,56940,0.0536759,0,1,138991,138568,423
4009161,9.92079,10.3146,423,56940,0.0347352,0,1,138993,138570,423
4012081,28.3842,2.06292,456,56940,0.062947,0.01,1,139026,138570,456
4015001,35.2768,28.4126,458,56940,0.0685894,0.03,1,139063,138605,458
4017921,8.65537,33.6825,425,56940,0.101718,0.03,1,139065,138640,425
4020841,15.3311,8.3365,440,56940,0.108344,0.09,1,139082,138642,440
4023761,29.4662,15.2673,456,56940,0.141669,0.07,1,139115,138659,456
4026681,30.6932,31.0535,452,56940,0.0523337,0.03,1,139146,138694,452
4029601,7.73865,29.4107,425,56940,0.0344667,0.09,1,139148,138723,425
4032521,13.5477,17.0821,426,58400,0.0628933,0.09,1,139163,138737,426
4035441,12.3095,13.0164,426,58400,0.132579,0.01,1,139175,138749,426
4038361,12.8619,15.4033,423,58400,0.114516,0.03,1,139188,138765,423
4041281,4.17238,4.68066,423,58400,0.142903,0.05,1,139190,138767,423
4044201,12.8345,13.7361,422,58400,0.100581,0.01,1,139205,138783,422
4047121,4.1669,4.34723,422,58400,0.0601161,0.03,1,139207,138785,422
4050041,14.4334,14.4694,422,58400,0.0360232,0.03,1,139224,138802,422
4052961,36.4867,36.4939,422,58400,0.0472046,0.07,1,139266,138844,422
4055881,43.2973,40.0988,426,58400,0.0494409,0.07,1,139311,138885,426
4058801,65.4595,8.01975,497,58400,0.0818882,0.17,1,139382,138885,497
4061721,37.0919,57.604,457,59860,0.0883776,0.03,1,139412,138955,457
4064641,9.01838,40.3208,423,59860,0.0896755,0.03,1,139414,138991,423
4067561,29.8037,9.66416,456,59860,0.0579351,0.07,1,139449,138993,456
4070481,38.7607,28.3328,464,59860,0.163587,0.07,1,139490,139026,464
4073401,9.35215,35.2666,429,59860,0.152717,0.11,1,139492,139063,429
4076321,15.4704,8.65331,444,59860,0.214543,0.11,1,139509,139065,444
4079241,28.6941,15.3307,459,59860,0.242909,0.15,1,139541,139082,459
4082161,28.9388,29.4661,455,59860,0.248582,0.03,1,139570,139115,455
4085081,7.38776,30.6932,426,59860,0.249716,0.03,1,139572,139146,426
4088001,3.07755,7.73865,426,59860,0.249943,0.07,1,139574,139148,426
4090921,13.4155,13.5477,427,61320,0.313989,0.15,1,139590,139163,427
4093841,13.0831,12.3095,428,61320,0.326798,0.11,1,139603,139175,428
4096761,12.2166,12.8619,427,61320,0.32936,0.15,1,139615,139188,427
4099681,4.04332,4.17238,427,61320,0.361872,0.09,1,139617,139190,427
4102601,8.80866,12.8345,422,61320,0.336374,0.05,1,139627,139205,422
4105521,3.36173,4.1669,422,61320,0.331275,0.03,1,139629,139207,422
4108441,14.2723,14.4334,422,61320,0.362255,0.05,1,139646,139224,422
4111361,36.4545,36.4867,422,61320,0.144451,0.05,1,139688,139266,422
4114281,44.8909,43.2973,424,61320,0.14889,0.09,1,139735,139311,424
4117201,67.3782,65.4595,426,61320,0.149778,0.09,1,139808,139382,426
4120121,35.0756,13.0919,453,61320,0.149956,0.09,1,139835,139382,453
4123041,8.61513,26.6184,425,61320,0.149991,0.09,1,139837,139412,425
4125961,30.523,6.92368,459,61320,0.181998,0.05,1,139873,139414,459
4128881,44.5046,29.3847,472,61320,0.3004,0.19,1,139921,139449,472
4131801,10.5009,38.6769,433,61320,0.32408,0.15,1,139923,139490,433
4134721,17.3002,9.33539,450,61320,0.312816,0.23,1,139942,139492,450
4137641,29.06,15.4671,465,61320,0.326563,0.25,1,139974,139509,465
4140561,29.012,28.6934,462,61320,0.361313,0.25,1,140003,139541,462
4143481,7.4024,28.9387,435,61320,0.368263,0.25,1,140005,139570,435
4146401,3.08048,7.38774,435,61320,0.369653,0.25,1,140007,139572,435
4149321,2.2161,3.07755,435,61320,0.369931,0.33,1,140009,139574,435
4152241,14.8432,13.4155,437,62780,0.409986,0.33,1,140027,139590,437
4155161,14.1686,13.0831,438,62780,0.393997,0.33,1,140041,139603,438
4158081,12.4337,12.2166,438,62780,0.438799,0.37,1,140053,139615,438
4161001,4.08675,4.04332,438,62780,0.44776,0.33,1,140055,139617,438
4163921,9.61735,8.80866,439,62780,0.433552,0.33,1,140066,139627,439
4166841,3.52347,3.36173,439,62780,0.43071,0.37,1,140068,139629,439
4169761,10.3047,14.2723,434,62780,0.462142,0.09,1,140080,139646,434
4172681,30.0609,36.4545,427,62780,0.468428,0.15,1,140115,139688,427
4175601,43.6122,44.8909,427,62780,0.469686,0.15,1,140162,139735,427
4178521,68.7224,67.3782,429,62780,0.517937,0.15,1,140237,139808,429
4181441,35.3445,35.0756,429,62780,0.527587,0.15,1,140264,139835,429
4184361,8.6689,8.61513,429,62780,0.529517,0.19,1,140266,139837,429
4187281,32.1338,30.523,431,62780,0.577904,0.33,1,140304,139873,431
4190201,50.4268,44.5046,438,62780,0.779581,0.33,2,140359,139921,438
4193121,11.6854,10.5009,438,62780,0.819916,0.31,2,140361,139923,438
4196041,17.5371,17.3002,438,62780,0.827983,0.33,2,140380,139942,438
4198961,29.1074,29.06,438,62780,0.869597,0.37,2,140412,139974,438
4201881,30.6215,29.012,440,62780,0.893919,0.37,2,140443,140003,440
4204801,7.7243,7.4024,440,62780,0.866784,0.37,2,140445,140005,440
4207721,3.14486,3.08048,440,62780,0.893357,0.37,2,140447,140007,440
4480741,35,27,497,46720,0.03,0.75,1,142564,142067,497
4483661,37.4,57.4,470,48180,0.078,0.61,1,142602,142132,470
4486581,24.28,34.68,462,49640,0.0556,0.23,1,142623,142161,462
4489501,38.456,55.736,443,51100,0.21112,0.09,1,142665,142222,443
4492421,28.4912,32.7472,442,52560,0.322224,0,1,142691,142249,442
4495341,49.6982,47.3494,446,54020,0.200445,0.05,1,142746,142300,446
4498261,33.1396,35.8699,442,54020,0.192089,0.01,1,142775,142333,442
4501181,27.4279,31.174,438,54020,0.142418,0.01,1,142801,142363,438
4504101,35.8856,23.8348,454,55480,0.212484,0.01,1,142839,142385,454
4507021,18.3771,31.967,434,55480,0.226497,0.01,1,142853,142419,434
4509941,16.4754,20.7934,432,55480,0.181299,0.01,1,142869,142437,432
4512861,20.0951,21.7587,431,55480,0.17226,0.01,1,142890,142459,431
4515781,18.419,19.5517,430,55480,0.186452,0.07,1,142908,142478,430
4518701,12.4838,17.5103,424,55480,0.14129,0.03,1,142919,142495,424
4521621,27.2968,5.90207,452,55480,0.180258,0.01,1,142950,142498,452
4524541,7.05935,25.9804,423,56940,0.188052,0.03,1,142952,142529,423
4527461,28.6119,33.1961,422,56940,0.15761,0.03,1,142986,142564,422
4530381,36.9224,6.63922,461,56940,0.311522,0.09,1,143025,142564,461
4533301,8.98447,31.7278,425,56940,0.310304,0.05,1,143027,142602,425
4536221,21.7969,23.1456,429,56940,0.326061,0.05,1,143052,142623,429
4539141,45.1594,4.62911,480,56940,0.345212,0.25,1,143103,142623,480
4542061,10.6319,34.5258,440,56940,0.349042,0.35,1,143105,142665,440
4544981,19.7264,27.7052,436,56940,0.381808,0.35,1,143127,142691,436
4547901,47.1453,5.54103,490,58400,0.404362,0.17,1,143181,142691,490
4550821,28.6291,45.1082,459,58400,0.472872,0.19,1,143205,142746,459
4553741,24.9258,32.2216,454,58400,0.534574,0.13,1,143229,142775,454
4556661,6.58516,27.2443,430,58400,0.562915,0.23,1,143231,142801,430
4559581,33.317,35.8489,432,58400,0.520583,0.23,1,143271,142839,432
4562501,16.2634,18.3698,430,58400,0.528117,0.17,1,143283,142853,430
4565421,14.4527,16.474,428,58400,0.561623,0.17,1,143297,142869,428
4568341,15.6905,20.0948,423,58400,0.568325,0.19,1,143313,142890,423
4571261,20.7381,18.419,427,59860,0.553665,0.13,1,143335,142908,427
4574181,8.94762,12.4838,422,59860,0.598733,0.19,1,143341,142919,422
4577101,30.5895,27.2968,427,59860,0.639747,0.19,1,143377,142950,427
4580021,7.7179,5.45935,429,59860,0.647949,0.19,1,143379,142950,429
4582941,33.5436,2.69187,467,59860,0.68159,0.15,1,143419,142952,467
4585861,37.9087,27.7384,472,59860,0.704318,0.35,1,143458,142986,472
4588781,9.18174,36.7477,435,59860,0.708864,0.31,1,143460,143025,435
4591701,22.6363,8.94953,459,59860,0.709773,0.33,1,143486,143027,459
4594621,47.7273,21.7899,488,59860,0.757955,0.35,2,143540,143052,488
4597541,11.1455,45.158,439,59860,0.767591,0.35,2,143542,143103,439
4600461,23.0291,10.6316,463,59860,0.753518,0.39,2,143568,143105,463
4603381,6.20582,19.7263,443,59860,0.750704,0.41,2,143570,143127,443
4606301,46.0412,47.1453,445,59860,0.798141,0.49,2,143626,143181,445
4609221,30.0082,28.6291,447,59860,0.839628,0.55,2,143652,143205,447
4612141,26.0016,24.9258,448,61320,0.911926,0.57,2,143677,143229,448
4615061,6.80033,6.58516,448,61320,0.926385,0.51,2,143679,143231,448
4813621,16,21,504,62780,0.89,1,2,145238,144734,504
4816541,17.6,16.2,507,62780,0.858,1,2,145256,144749,507
4819461,17.92,13.64,512,62780,0.8196,1,2,145274,144762,512
4822381,17.984,25.128,502,62780,0.79592,1,2,145292,144790,502
4825301,17.1968,17.8256,503,62780,0.775184,1,2,145309,144806,503
4828221,34.6394,17.9651,524,62780,0.787037,1,2,145348,144824,524
4831141,20.5279,33.993,503,62780,0.773407,1,2,145365,144862,503
4834061,21.7056,33.9986,491,62780,0.754681,1,2,145387,144896,491
4836981,21.9411,15.5997,502,62780,0.718936,1,1,145409,144907,502
4839901,17.9882,20.7199,497,62780,0.695787,1,1,145426,144929,497
4842821,41.9976,20.144,525,62780,0.651157,1,1,145474,144949,525
4845741,23.5995,36.8288,503,62780,0.546232,1,1,145493,144990,503
4848661,19.9199,20.9658,505,62780,0.613246,1,1,145512,145007,505
4851581,20.784,17.7932,509,62780,0.546649,1,1,145533,145024,509
4854501,33.7568,21.9586,523,62780,0.58133,1,1,145570,145047,523
4857421,21.9514,39.5917,498,62780,0.700266,0.98,1,145589,145091,498
4860341,17.9903,23.1183,496,62780,0.732053,1,1,145606,145110,496
4863261,12.3981,18.2237,490,62780,0.690411,1,1,145617,145127,490
4866181,16.8796,16.4447,492,62780,0.706082,0.95,1,145635,145143,492
4869101,19.3759,20.0889,491,62780,0.597216,0.93,1,145655,145164,491
4872021,28.6752,20.0178,502,62780,0.495443,0.9,1,145686,145184,502
4874941,16.935,34.4036,478,62780,0.475089,0.89,1,145700,145222,478
4877861,16.987,19.6807,479,62780,0.439018,0.85,1,145717,145238,479
4880781,15.3974,18.3361,476,62780,0.415804,0.81,1,145732,145256,476
4883701,16.6795,18.0672,475,62780,0.475161,0.79,1,145749,145274,475
4886621,16.9359,18.0134,474,62780,0.791032,0.77,2,145766,145292,474
4889541,33.7872,17.2027,495,62780,0.774206,0.79,2,145804,145309,495
4892461,18.7574,34.6405,471,62780,0.722841,0.77,1,145819,145348,471
4895381,18.9515,20.5281,473,62780,0.728568,0.75,1,145838,145365,473
4898301,21.3903,21.7056,473,62780,0.713714,0.71,1,145860,145387,473
4901221,17.0781,21.9411,467,62780,0.758743,0.69,2,145876,145409,467
4904141,42.6156,17.9882,499,62780,0.767749,0.64,2,145925,145426,499
4907061,22.1231,41.9976,468,62780,0.83355,0.52,2,145942,145474,468
4909981,20.4246,23.5995,469,62780,0.84671,0.63,2,145962,145493,469
4912901,20.0849,19.9199,470,62780,0.929342,0.53,2,145982,145512,470
5123141,17,18,523,68620,0.92,1,2,147601,147078,523
5126061,16.2,18.8,520,70080,0.92,1,2,147617,147097,520
5127521,17.64,17.36,521,70080,0.888,1,2,147635,147114,521
5200521,390.728,436.272,464,48180,0.2416,0.79,1,148119,147655,464
5203441,96.5456,106.454,463,49640,0.09632,0.71,1,148142,147679,463
5206361,32.1091,38.0909,458,51100,0.091264,0.59,1,148158,147700,458
5209281,19.2218,25.2182,452,52560,0.0582528,0.53,1,148174,147722,452
5212201,28.6444,29.0436,453,54020,0.0836506,0.39,1,148205,147752,453
5215121,37.7289,31.4087,461,55480,0.12073,0.22,1,148245,147784,461
5218041,29.9458,43.8817,442,56940,0.368146,0.25,1,148273,147831,442
5220961,33.9892,38.3763,440,58400,0.537629,0.11,1,148308,147868,440
5223881,41.1978,53.2753,426,58400,0.643526,0.11,1,148351,147925,426
5226801,24.2396,25.0551,428,59860,0.680705,0.03,1,148371,147943,428
5229721,36.0479,29.811,436,59860,0.624141,0.03,1,148410,147974,436
5232641,24.0096,33.9622,422,59860,0.692828,0.27,1,148431,148009,422
5235561,48.8019,41.1924,434,59860,0.530566,0.23,1,148486,148052,434
5238481,20.1604,20.2385,432,59860,0.546113,0.23,1,148499,148067,432
5241401,13.6321,5.6477,442,59860,0.517223,0.21,1,148511,148069,442
5244321,14.7264,12.3295,443,59860,0.527445,0.13,1,148526,148083,443
5247241,9.34528,16.0659,434,59860,0.497489,0.08,1,148534,148100,434
5250161,9.06906,18.4132,424,59860,0.555498,0.06,1,148543,148119,424
5253081,21.0138,22.0826,425,59860,0.5511,0.06,1,148567,148142,425
5256001,15.4028,4.41653,439,59860,0.51822,0.09,1,148581,148142,439
5258921,4.68055,13.6833,425,61320,0.511644,0.05,1,148583,148158,425
5261841,12.1361,15.5367,423,61320,0.558329,0.05,1,148597,148174,423
5264761,28.0272,3.10733,455,61320,0.487666,0.09,1,148629,148174,455
5267681,7.20544,25.4215,426,61320,0.473533,0.13,1,148631,148205,426
5270601,41.4411,37.0843,436,61320,0.518707,0.13,1,148681,148245,436
5273521,33.8882,7.41686,468,61320,0.575741,0.43,1,148713,148245,468
5276441,8.37764,23.8834,442,61320,0.619148,0.58,1,148715,148273,442
5279361,36.8755,32.7767,451,61320,0.62783,0.67,1,148759,148308,451
5282281,43.3751,40.9553,453,62780,0.709566,0.67,1,148804,148351,453
5285201,24.675,8.19107,473,62780,0.693913,0.69,1,148824,148351,473
5288121,34.535,17.6382,490,62780,0.706783,0.61,1,148861,148371,490
5291041,26.107,34.7276,475,62780,0.741356,0.71,1,148885,148410,475
5293961,42.8214,23.7455,501,62780,0.780271,0.49,2,148932,148431,501
5296881,18.9643,48.7491,459,62780,0.836054,0.55,2,148945,148486,459
5299801,14.9929,20.1498,460,62780,0.863211,0.51,2,148959,148499,460
5302721,14.1986,13.63,462,62780,0.884642,0.53,2,148973,148511,462
5305641,10.0397,14.726,456,62780,0.904928,0.49,2,148982,148526,456
5308561,6.80794,9.3452,454,64240,0.908986,0.57,2,148988,148534,454
5311481,21.3616,9.06904,470,64240,0.941797,0.55,2,149013,148543,470
5314401,15.4723,21.0138,460,64240,0.964359,0.51,2,149027,148567,460
5498361,30,16,510,70080,0.75,1,2,150431,149921,510
5501281,15.6,16,506,70080,0.718,1,1,150443,149937,506
5504201,17.52,13.6,511,70080,0.6796,1,1,150461,149950,511
5536321,479,561,460,48180,0.77,0.55,2,151023,150563,460
5540701,180.6,206.6,448,48180,0.802,0.49,2,151129,150681,448
5600561,66.52,73.32,446,48180,0.8564,0.53,2,151167,150721,446
5603481,48.504,38.664,460,49640,0.91528,0.4,2,151211,150751,460
5845841,56,71,477,49640,0.09,0.66,1,153213,152736,477
5848761,32.8,42.2,469,51100,0.026,0.57,1,153240,152771,469
5851681,23.36,32.44,460,51100,0.0932,0.55,1,153261,152801,460
5854601,32.672,22.488,475,51100,0.04264,0.55,1,153296,152821,475
5857521,30.5344,33.2976,469,51100,0.048528,0.49,1,153326,152857,469
5860441,26.1069,34.6595,459,51100,0.545706,0.49,1,153351,152892,459
5863361,17.2214,25.3319,451,52560,0.629141,0.45,1,153366,152915,451
5866281,32.2443,19.4664,469,52560,0.501828,0.38,1,153402,152933,469
5869201,34.4489,22.2933,481,52560,0.396366,0.6,1,153437,152956,481
5872121,40.4898,38.8587,480,52560,0.295273,0.63,1,153479,152999,480
5875041,16.898,37.3717,454,52560,0.259055,0.61,1,153490,153036,454
5877961,14.5796,12.2743,462,52560,0.203811,0.55,1,153504,153042,462
5880881,18.1159,15.2549,465,52560,0.224762,0.59,1,153523,153058,465
5883801,12.4232,19.051,456,52560,0.276952,0.47,1,153534,153078,456
5886721,19.2846,22.2102,454,52560,0.287391,0.47,1,153555,153101,454
5889641,31.0569,14.042,476,52560,0.257478,0.29,1,153589,153113,476
5892561,7.81139,38.0084,434,54020,0.251496,0.09,1,153591,153157,434
5895481,36.7623,52.4017,422,54020,0.330299,0.09,1,153635,153213,422
5898401,30.5525,10.4803,451,54020,0.34606,0.01,1,153664,153213,451
5901321,22.1105,23.6961,444,54020,0.381212,0.11,1,153684,153240,444
5904241,30.8221,21.5392,456,54020,0.260242,0.03,1,153717,153261,456
5907161,31.7644,32.3078,453,54020,0.108048,0.05,1,153749,153296,453
5910081,50.3529,30.4616,478,54020,0.18961,0.67,1,153804,153326,478
5913001,11.6706,26.0923,455,54020,0.173922,0.65,1,153806,153351,455
5915921,10.3341,17.2185,450,54020,0.202784,0.47,1,153816,153366,450
5918841,28.4668,32.2437,447,54020,0.256557,0.37,1,153849,153402,447
5921761,25.6934,34.4487,437,54020,0.299311,0.27,1,153874,153437,437
5924681,35.5387,40.4897,433,55480,0.323862,0.25,1,153912,153479,433
5927601,15.9077,16.8979,433,55480,0.360772,0.19,1,153923,153490,433
5930521,11.9815,14.5796,430,55480,0.400155,0.23,1,153934,153504,430
5933441,21.5963,18.1159,435,55480,0.408031,0.29,1,153958,153523,435
5936361,13.1193,12.4232,435,55480,0.409606,0.29,1,153969,153534,435
5939281,18.6239,19.2846,434,55480,0.457921,0.25,1,153989,153555,434
5942201,34.1248,31.0569,438,55480,0.483584,0.25,1,154027,153589,438
5945121,8.42495,6.21139,440,55480,0.488717,0.25,1,154029,153589,440
5948041,36.885,2.84228,482,55480,0.473743,0.35,1,154073,153591,482
5950961,32.177,35.7685,469,55480,0.470749,0.35,1,154104,153635,469
5953881,20.8354,30.3537,458,55480,0.50215,0.39,1,154122,153664,458
5956801,20.9671,22.0707,459,55480,0.58843,0.23,1,154143,153684,459
5959721,29.7934,30.8141,458,55480,0.685686,0.07,1,154175,153717,458
5962641,53.9587,31.7628,486,55480,0.809137,0.21,2,154235,153749,486
5965561,12.3917,50.3526,433,55480,0.833827,0.17,2,154237,153804,433
5968481,11.2783,11.6705,442,55480,0.854766,0.21,2,154248,153806,442
5971401,31.0557,10.3341,468,55480,0.850953,0.27,2,154284,153816,468
5974321,25.4111,28.4668,459,55480,0.882191,0.31,2,154308,153849,459
5977241,6.68223,25.6934,436,55480,0.888438,0.33,2,154310,153874,436
5980161,34.1364,35.5387,439,56940,0.905688,0.37,2,154351,153912,439
5983081,17.2273,15.9077,441,56940,0.941138,0.41,2,154364,153923,441
5986001,12.2455,11.9815,441,56940,0.948227,0.41,2,154375,153934,441
6158281,19,14,493,56940,0.83,1,2,155842,155349,493
6161201,19.8,17.2,495,56940,0.766,1,2,155862,155367,495
6164121,19.96,18.64,496,56940,0.6892,1,1,155882,155386,496
6167041,27.992,16.528,510,56940,0.57784,1,1,155912,155402,510
6169961,23.1984,36.1056,491,56940,0.499568,1,1,155934,155443,491
6172881,27.8397,25.6211,497,56940,0.403914,1,1,155963,155466,497
6175801,23.9679,21.9242,499,56940,0.216783,1,1,155986,155487,499
6178721,31.1936,21.9848,510,56940,0.427357,1,1,156019,155509,510
6181641,26.2387,37.997,493,56940,0.381471,1,1,156044,155551,493
6184561,66.0477,26.7994,545,56940,0.516294,1,1,156120,155575,545
6187481,30.0095,56.5599,502,56940,0.655259,1,1,156141,155639,502
6190401,18.0019,24.112,501,56940,0.699052,1,1,156156,155655,501
6193321,20.4004,18.4224,505,56940,0.73181,1,1,156177,155672,505
6207921,18,26,493,56940,0.76,0.9,2,156274,155781,493
6210841,14.8,24.4,483,56940,0.744,0.94,1,156288,155805,483
6213761,14.96,19.28,480,56940,0.7008,0.83,1,156303,155823,480
6234201,45,23,473,56940,0.91,0.48,2,156459,155986,473
6237121,29,31,465,56940,0.878,0.37,2,156484,156019,465
6240041,76.2,26.2,528,56940,0.8556,0.55,2,156572,156044,528
6242961,36.04,66.04,478,56940,0.84312,0.69,2,156598,156120,478
6245881,19.208,30.008,472,56940,0.880624,0.71,2,156613,156141,472
6248801,30.2416,18.0016,490,56940,0.808125,0.74,2,156646,156156,490
6251721,15.6483,20.4003,481,58400,0.793625,0.95,2,156658,156177,481
6254641,20.7297,15.2801,489,58400,0.790725,0.96,2,156680,156191,489
6463421,28,56,484,46720,0.45,1,1,158343,157859,484
6466341,32.8,39.2,483,48180,0.434,0.98,1,158377,157894,483
6469261,68.16,35.04,526,49640,0.4788,0.72,1,158454,157928,526
6472181,37.632,78.208,467,51100,0.71176,0.67,1,158484,158017,467
6475101,40.3264,46.8416,469,52560,0.654352,0.65,1,158525,158056,469
6478021,26.4653,35.7683,459,54020,0.93087,0.49,2,158548,158089,459
6504301,29,6,470,55480,0.8,0.41,2,158756,158286,470
6507221,7.4,24.4,443,55480,0.8,0.45,2,158758,158315,443
6510141,21.48,27.28,440,55480,0.808,0.45,2,158783,158343,440
6513061,37.096,5.456,481,55480,0.7776,0.43,2,158824,158343,481
6515981,9.0192,28.2912,449,56940,0.77152,0.49,2,158826,158377,449
6518901,61.8038,67.2582,447,56940,0.786304,0.49,2,158901,158454,447
6521821,44.3608,13.4516,487,56940,0.837261,0.77,2,158941,158454,487
6524741,10.4722,26.6903,459,56940,0.847452,0.64,2,158943,158484,459
6527661,29.2944,38.1381,452,56940,0.76949,0.64,2,158977,158525,452
6530581,37.8589,7.62761,492,56940,0.817898,1,2,159017,158525,492
6533501,21.9718,19.9255,487,58400,0.79558,1,2,159035,158548,487
6536421,17.1944,33.5851,466,58400,0.807116,1,2,159051,158585,466
6539341,29.0389,21.917,479,58400,0.921423,0.84,2,159083,158604,479
6714541,18,16,505,64240,0.95,1,2,160491,159986,505
6726221,40,31,511,64240,0.61,1,1,160576,160065,511
6729141,26.4,23,513,64240,0.594,1,1,160599,160086,513
6732061,24.48,22.2,515,64240,0.5828,1,1,160623,160108,515
6734981,22.496,18.04,520,64240,0.61256,1,1,160645,160125,520
6737901,18.8992,18.808,519,64240,0.578512,1,1,160663,160144,519
6740821,22.9798,20.5616,522,64240,0.579702,1,1,160687,160165,522
6743741,21.396,20.1123,523,64240,0.619941,1,1,160708,160185,523
6810901,390.679,449.622,449,43800,0.707988,0.55,1,161191,160742,449
6813821,104.536,110.724,456,45260,0.661598,0.57,1,161224,160768,456
6816741,52.9072,45.3449,467,46720,0.796319,0.47,2,161264,160797,467
6819661,33.7814,45.069,451,48180,0.855264,0.51,2,161293,160842,451
6989021,493,557,467,42340,0,0.59,1,163234,162767,467
6994861,173,200.2,449,42340,0,0.47,1,163327,162878,449
7045961,56.2,64.04,446,42340,0.008,0.47,1,163354,162908,446
7048881,29.64,26.408,452,43800,0.0096,0.15,1,163377,162925,452
7086841,26,25,437,48180,0.85,0.01,2,163764,163327,437
7089761,15.6,26.6,423,48180,0.786,0.01,2,163777,163354,423
7092681,20.72,23.72,422,48180,0.7732,0.01,2,163799,163377,422
7095601,69.744,4.744,504,48180,0.59464,1,1,163881,163377,504
7098521,29.1488,48.9488,463,48180,0.694928,1,1,163900,163437,463
7101441,58.6298,32.1898,501,48180,0.706986,1,1,163966,163465,501
7104361,38.926,51.238,479,48180,0.829397,1,2,164000,163521,479
7273721,17,19,512,51100,0.93,1,2,165603,165091,512
7276641,21,35,495,51100,0.938,1,2,165625,165130,495
7279561,21.8,23,497,51100,0.8916,1,2,165647,165150,497
7282481,23.56,20.6,501,51100,0.82632,1,2,165671,165170,501
7285401,28.712,20.12,511,51100,0.741264,1,1,165701,165190,511
7288321,21.7424,18.424,513,51100,0.684253,1,1,165721,165208,513
7291241,25.1485,34.8848,500,51100,0.528851,1,1,165747,165247,500
7294161,65.0297,26.177,551,51100,0.20977,1,1,165822,165271,551
7297081,33.0059,64.4354,502,51100,0.081954,1,1,165847,165345,502
7300001,25.8012,36.8871,496,51100,0.0563908,1,1,165871,165375,496
7302921,28.3602,26.5774,501,51100,0.0512782,0.96,1,165900,165399,501
7305841,41.672,22.9155,524,51100,0.0102556,1,1,165945,165421,524
7308761,22.7344,47.7831,488,51100,0.0420511,0.97,1,165963,165475,488
7311681,22.1469,24.7566,491,51100,0.0804102,1,1,165985,165494,491
7314601,19.6294,21.7513,489,51100,0.016082,0.98,1,166004,165515,489
7317521,23.9259,19.5503,495,51100,0.0272164,0.93,1,166029,165534,495
7320441,24.7852,23.9101,495,51100,0.0134433,0.95,1,166054,165559,495
7323361,18.557,26.382,485,51100,0.0266887,0.93,1,166071,165586,485
7326281,20.5114,18.8764,489,51100,0.0453377,0.94,1,166092,165603,489
7329201,19.3023,21.3753,486,51100,0.0490675,0.88,1,166111,165625,486
7332121,19.8605,21.8751,484,51100,0.0178135,0.81,1,166131,165647,484
7335041,23.9721,23.575,485,51100,0.0035627,0.72,1,166156,165671,485
7337961,18.3944,28.715,472,51100,0.104713,0.67,1,166173,165701,472
7375921,21,17,442,51100,0.74,0.05,1,166513,166071,442
7378841,21,20.2,442,51100,0.78,0.05,2,166534,166092,442
7381761,18.6,19.24,441,51100,0.804,0.01,2,166552,166111,441
7384681,27.72,19.848,451,51100,0.7288,0,1,166582,166131,451
7387601,52.744,23.9696,485,51100,0.85776,0.13,2,166641,166156,485
7390521,21.7488,18.3939,482,51100,0.859552,1,2,166655,166173,482
7393441,66.7498,16.4788,544,51100,0.89991,1,2,166733,166189,544
7596381,18,2,485,42340,0.93,0.91,2,168557,168072,485
7822681,34,20,439,40880,0.21,0.03,1,170819,170380,439
7825601,28.4,24.8,440,42340,0.258,0.03,1,170846,170406,440
7828521,43.28,32.96,452,42340,0.3476,0.13,1,170893,170441,452
7831441,39.856,36.992,453,43800,0.49352,0.27,1,170932,170479,453
7834361,41.5712,32.9984,463,43800,0.442704,0.27,1,170974,170511,463
7837281,39.5142,47.3997,451,43800,0.512541,0.25,1,171013,170562,451
7840201,37.5028,32.6799,459,43800,0.558508,0.11,1,171050,170591,459
7843121,50.7006,52.136,456,43800,0.503702,0.09,1,171104,170648,456
7846041,26.9401,46.4272,432,43800,0.60474,0.13,1,171125,170693,432
7848961,22.188,21.2854,438,45260,0.656948,0.11,1,171146,170708,438
7851881,26.0376,22.6571,442,45260,0.65139,0.13,1,171173,170731,442
7854801,25.2075,25.3314,441,45260,0.698278,0.23,1,171198,170757,441
7857721,20.2415,18.6663,443,45260,0.707656,0.23,1,171217,170774,443
7860641,5.6483,12.5333,434,45260,0.709531,0.21,1,171219,170785,434
7863561,26.7297,29.7067,432,45260,0.741906,0.21,1,171251,170819,432
7866481,27.7459,5.94133,460,45260,0.748381,0.27,1,171279,170819,460
7869401,46.3492,22.7883,484,45260,0.781676,0.37,2,171330,170846,484
7872321,10.8698,42.1577,439,45260,0.788335,0.53,2,171332,170893,439
8003721,26,13,533,48180,0.65,1,1,172740,172207,533
8006641,22,21,531,48180,0.634,1,1,172761,172230,531
8009561,20.4,21,530,48180,0.6148,1,1,172781,172251,530
8060661,400.08,464.2,450,33580,0.64296,0.53,1,173276,172826,450
8063581,168.016,124.04,521,35040,0.808592,0.69,2,173386,172865,521
8066501,61.6032,97.608,465,36500,0.825718,0.61,2,173421,172956,465
8177461,23,20,512,46720,0.87,1,2,174675,174163,512
8180381,27,18.4,522,46720,0.838,1,2,174703,174181,522
8230021,403.8,451.68,460,32120,0.3516,0.51,1,175201,174741,460
8232941,153.56,168.736,453,33580,0.44632,0.39,1,175292,174839,453
8235861,58.712,54.5472,462,35040,0.881264,0.33,2,175327,174865,462
8238781,48.5424,58.9094,448,36500,0.728253,0.29,1,175373,174925,448
8241701,38.5085,43.7819,444,36500,0.793651,0.13,2,175409,174965,444
8244621,31.7017,44.7564,429,37960,0.87073,0.09,2,175439,175010,429
8247541,64.7403,30.5513,475,37960,0.822146,0.03,2,175512,175037,475
8250461,40.1481,50.1103,454,37960,0.780429,0.03,2,175546,175092,454
8253381,27.2296,30.0221,453,37960,0.804086,0.17,2,175570,175117,453
8256301,28.6459,24.4044,459,37960,0.856817,0.21,2,175599,175140,459
8259221,15.3292,26.4809,444,37960,0.915363,0.23,2,175611,175167,444
8262141,22.2658,25.2962,443,37960,0.927073,0.23,2,175635,175192,443
8399381,42,20,525,39420,0.93,1,2,177378,176853,525
8402301,47.6,54.4,511,39420,0.914,1,2,177427,176916,511
8405221,32.72,38.88,505,39420,0.9268,1,2,177456,176951,505
8416901,66,23,541,39420,0.91,0.98,2,177609,177068,541
8419821,32.4,61.4,494,39420,0.926,1,2,177633,177139,494
8422741,56.88,32.28,532,39420,0.9212,0.96,2,177696,177164,532
8425661,28.976,57.656,490,39420,0.88024,0.96,2,177718,177228,490
8428581,24.1952,29.9312,490,39420,0.920048,0.94,2,177741,177251,490
8431501,32.039,25.1862,500,39420,0.89601,0.95,2,177775,177275,500
8434421,28.8078,32.2372,494,39420,0.731202,0.89,1,177803,177309,494
8437341,41.7616,28.0474,512,39420,0.66624,0.93,1,177848,177336,512
8440261,45.9523,39.2095,517,39420,0.621248,0.91,1,177895,177378,517
8443181,30.7905,47.0419,495,39420,0.59625,0.93,1,177922,177427,495
8446101,30.1581,32.6084,496,39420,0.63925,0.97,1,177952,177456,496
8449021,30.8316,29.7217,498,39420,0.59985,0.93,1,177983,177485,498
8451941,25.3663,31.5443,490,39420,0.62397,0.89,1,178007,177517,490
8454861,58.6733,27.1089,531,39420,0.596794,0.91,1,178074,177543,531
8457781,32.5347,58.2218,491,39420,0.527359,0.93,1,178100,177609,491
8460701,56.1069,30.8444,529,39420,0.545472,0.92,1,178162,177633,529
8463621,29.6214,56.5689,489,39420,0.533094,0.87,1,178185,177696,489
8466541,24.3243,28.9138,490,39420,0.482619,0.93,1,178208,177718,490
8469461,28.0649,24.1828,496,39420,0.488524,0.89,1,178237,177741,496
8472381,19.213,32.0366,479,39420,0.505705,0.69,1,178254,177775,479
8475301,42.2426,28.8073,499,39420,0.621141,0.65,1,178302,177803,499
8478221,44.4485,41.7615,499,39420,0.628228,0.61,1,178347,177848,499
8481141,29.6897,45.9523,478,39420,0.645646,0.59,1,178373,177895,478
8484061,29.9379,30.7905,481,39420,0.713129,0.65,1,178403,177922,481
8486981,29.9876,30.1581,481,39420,0.726626,0.59,1,178433,177952,481
8489901,25.1975,30.8316,474,39420,0.761325,0.63,2,178457,177983,474
8492821,57.0395,25.3663,515,40880,0.784265,0.59,2,178522,178007,515
8495741,31.4079,58.6733,473,40880,0.804853,0.51,2,178547,178074,473
8498661,55.0816,32.5347,508,40880,0.856971,0.55,2,178608,178100,508
8501581,28.6163,56.1069,468,40880,0.867394,0.53,2,178630,178162,468
8504501,23.3233,29.6214,467,40880,0.901479,0.47,2,178652,178185,467
8666561,36,49,480,35040,0.29,0.84,1,180433,179953,480
8669481,52,62.6,470,36500,0.402,0.79,1,180489,180019,470
8672401,38.4,43.72,466,37960,0.3924,0.57,1,180524,180058,466
8675321,41.28,39.944,469,39420,0.45448,0.53,1,180566,180097,469
8678241,29.056,32.7888,464,40880,0.466896,0.43,1,180592,180128,464
8681161,38.6112,38.5578,465,40880,0.469379,0.35,1,180633,180168,465
8684081,68.5222,38.9116,502,40880,0.789876,0.11,2,180709,180207,502
8792121,19,26,511,48180,0.78,1,2,181876,181365,511
8795041,24.6,42,491,48180,0.708,1,1,181902,181411,491
8797961,26.52,21.2,502,48180,0.6456,1,1,181929,181427,502
8800881,25.304,25.84,500,48180,0.55312,1,1,181954,181454,500
8803801,28.2608,30.768,497,48180,0.454624,1,1,181983,181486,497
8806721,28.0522,26.1536,500,49640,0.402925,1,1,182011,181511,500
8809641,29.6104,25.2307,505,49640,0.312585,1,1,182041,181536,505
8812561,29.1221,21.8461,513,49640,0.262517,1,1,182070,181557,513
8815481,71.4244,93.1692,484,49640,0.172503,1,1,182152,181668,484
8818401,36.6849,18.6338,512,49640,0.202501,1,1,182180,181668,512
8821321,22.537,22.9268,507,49640,0.1285,1,1,182199,181692,507
8824241,27.7074,26.9854,508,49640,0.1297,1,1,182228,181720,508
8827161,24.7415,26.1971,506,49640,0.16194,1,1,182252,181746,506
8830081,21.7483,30.8394,495,49640,0.168388,1,1,182273,181778,495
8833001,29.1497,27.7679,499,49640,0.121678,0.94,1,182304,181805,499
8835921,21.0299,27.9536,490,49640,0.0803355,0.77,1,182323,181833,490
8838841,14.606,24.7907,479,49640,0.0400671,0.78,1,182336,181857,479
8841761,18.9212,20.1581,480,49640,0.0640134,0.69,1,182356,181876,480
8844681,22.9842,24.8316,478,49640,0.0848027,0.63,1,182380,181902,478
8847601,20.5968,26.5663,471,49640,0.0409605,0.53,1,182400,181929,471
8850521,21.7194,25.3133,468,49640,0.0641921,0.43,1,182422,181954,468
8853441,5.94387,28.2627,441,49640,0.0368384,0.39,1,182424,181983,441
8856361,21.1888,28.0525,438,49640,0.0793677,0.29,1,182449,182011,438
8859281,25.0378,29.6105,434,49640,0.0718735,0.25,1,182475,182041,434
8862201,25.8076,29.1221,431,49640,0.150375,0.15,1,182501,182070,431
8865121,71.5615,71.4244,432,49640,0.198075,0.21,1,182584,182152,432
8868041,33.5123,36.6849,428,49640,0.335615,0.11,1,182608,182180,428
8870961,22.7025,22.537,429,49640,0.379123,0.13,1,182628,182199,429
8873881,29.3405,27.7074,431,49640,0.467825,0.17,1,182659,182228,431
8876801,21.8681,24.7415,427,49640,0.485565,0.17,1,182679,182252,427
8879721,21.1736,21.7483,427,49640,0.457113,0.11,1,182700,182273,427
8882641,27.4347,29.1497,425,49640,0.547423,0.07,1,182729,182304,425
8885561,19.8869,21.0299,424,49640,0.693484,0.03,1,182747,182323,424
8888481,14.3774,14.606,424,49640,0.738697,0.07,1,182760,182336,424
8891401,17.2755,18.9212,422,49640,0.795739,0.09,2,182778,182356,422
8894321,23.4551,22.9842,423,49640,0.807148,0.03,2,182803,182380,423
8897241,20.691,20.5968,423,49640,0.76943,0.07,2,182823,182400,423
8900161,22.5382,21.7194,424,49640,0.713886,0.03,1,182846,182422,424
8903081,6.10764,5.94387,424,49640,0.694777,0.09,1,182848,182424,424
8906001,19.6215,21.1888,422,49640,0.706955,0.07,1,182871,182449,422
8908921,25.5243,25.0378,423,49640,0.645391,0.17,1,182898,182475,423
8911841,29.1049,25.8076,427,49640,0.729078,0.21,1,182928,182501,427
8914761,76.221,71.5615,432,49640,0.713816,0.37,1,183016,182584,432
8917681,41.6442,33.5123,441,49640,0.822763,0.39,2,183049,182608,441
8920601,22.7288,22.7025,439,49640,0.860553,0.49,2,183067,182628,439
8923521,34.1458,29.3405,445,49640,0.86811,0.49,2,183104,182659,445
8926441,22.8292,21.8681,445,49640,0.885622,0.45,2,183124,182679,445
8929361,26.9658,21.1736,452,49640,0.825124,0.57,2,183152,182700,452
8932281,33.3932,27.4347,458,49640,0.797025,0.73,2,183187,182729,458
8935201,21.0786,19.8869,458,49640,0.791405,0.75,2,183205,182747,458
8938121,16.2157,14.3774,460,49640,0.790281,0.81,2,183220,182760,460
8941041,15.2431,17.2755,457,49640,0.806056,0.81,2,183235,182778,457
8943961,23.8486,23.4551,458,49640,0.809211,0.76,2,183261,182803,458
8946881,23.1697,20.691,461,49640,0.809842,0.7,2,183284,182823,461
8949801,20.6339,22.5382,458,49640,0.793968,0.69,2,183304,182846,458
8952721,5.72679,6.10764,458,49640,0.790794,0.71,2,183306,182848,458
8955641,15.5454,19.6215,453,49640,0.774159,0.63,2,183324,182871,453
8958561,27.9091,25.5243,457,49640,0.802832,0.75,2,183355,182898,457
8961481,29.5818,29.1049,457,49640,0.856566,0.71,2,183385,182928,457
9136681,19,24,495,54020,0.95,1,2,185141,184646,495
9139601,19,23.2,491,54020,0.902,1,2,185160,184669,491
9165881,26,35,472,56940,0.81,0.96,2,185366,184894,472
9168801,46,46.2,474,56940,0.81,1,2,185417,184943,474
9171721,22,25.24,470,56940,0.762,1,2,185433,184963,470
9174641,30,5.048,502,56940,0.6724,1,1,185465,184963,502
9177561,33.2,27.4096,503,58400,0.67048,0.98,1,185499,184996,503
9180481,32.24,34.2819,499,58400,0.702096,0.97,1,185531,185032,499
9183401,32.848,33.2564,499,58400,0.708419,0.93,1,185564,185065,499
9186321,24.9696,33.0513,489,58400,0.741684,0.87,1,185587,185098,489
9466941,6,0,475,8760,0.25,0.25,1,189784,189309,475
9469861,342,375.2,432,11680,0.538,0.25,1,190210,189778,432
9472781,70,75.04,434,14600,0.5956,0.25,1,190212,189778,434
9475701,18.8,19.808,434,17520,0.57512,0.25,1,190218,189784,434
9478621,5.36,3.9616,436,20440,0.571024,0.61,1,190220,189784,436
9607101,180,208,447,29200,0.47,0.25,1,192535,192088,447
9610021,72,76,449,30660,0.47,0.29,1,192580,192131,449
9612941,41.6,46.4,444,32120,0.598,0.15,1,192614,192170,444
9615861,45.12,38.88,453,33580,0.7356,0.21,1,192660,192207,453
9618781,18.624,26.176,442,33580,0.79512,0.19,2,192672,192230,442
9621701,18.1248,24.4352,436,33580,0.823024,0.19,2,192690,192254,436
9624621,22.025,20.087,440,33580,0.844605,0.11,2,192713,192273,440
9627541,21.205,16.8174,445,33580,0.896921,0.21,2,192734,192289,445
9712221,28,33,511,37960,0.75,1,2,194026,193515,511
9715141,28.8,26.6,515,37960,0.702,1,1,194055,193540,515
9718061,27.36,21.32,522,37960,0.6444,1,1,194082,193560,522
9720981,27.872,37.864,508,37960,0.63288,1,1,194110,193602,508
9723901,23.9744,28.3728,505,37960,0.662576,1,1,194133,193628,505
9726821,30.3949,20.8746,518,37960,0.684515,1,1,194165,193647,518
9729741,32.479,19.3749,532,37960,0.720903,1,1,194198,193666,532
9732661,27.2958,22.275,535,37960,0.632181,1,1,194224,193689,535
9773541,395.059,463.655,448,26280,0.126436,0.41,1,194711,194263,448
9776461,199.812,219.131,441,27740,0.209287,0.31,1,194862,194421,441
9779381,80.7624,76.6262,451,29200,0.209857,0.19,1,194913,194462,451
9782301,39.3525,54.5252,431,30660,0.209972,0.17,1,194942,194511,431
9785221,44.6705,30.905,452,32120,0.161994,0.05,1,194988,194536,452
9788141,47.3341,47.781,448,33580,0.0563989,0.03,1,195036,194588,448
9791061,38.2668,31.9562,456,33580,0.14728,0.09,1,195072,194616,456
9793981,25.2534,32.7912,445,35040,0.133456,0.01,1,195094,194649,445
9796901,16.2507,26.5582,434,35040,0.0986912,0.01,1,195108,194674,434
9799821,23.2501,22.9116,437,35040,0.0277382,0,1,195133,194696,437
9802741,132.65,16.5823,582,35040,0.157548,0.23,1,195293,194711,582
9805661,28.13,124.116,433,35040,0.21551,0.21,1,195295,194862,433
9808581,43.226,65.6233,429,35040,0.211102,0.21,1,195342,194913,429
9811501,32.6452,13.1247,459,35040,0.25822,0.21,1,195372,194913,459
9814421,8.12904,25.8249,432,35040,0.267644,0.15,1,195374,194942,432
9817341,36.8258,41.965,430,35040,0.253529,0.15,1,195418,194988,430
9820261,41.7652,8.393,473,35040,0.234706,0.03,1,195461,194988,473
9823181,37.953,40.0786,462,35040,0.326941,0.17,1,195498,195036,462
9826101,9.19061,36.8157,428,35040,0.377388,0.13,1,195500,195072,428
9829021,17.0381,24.9631,425,36500,0.387478,0.09,1,195519,195094,425
9831941,13.8076,16.1926,424,36500,0.389496,0.01,1,195532,195108,424
9834861,22.7615,23.2385,424,36500,0.421899,0.19,1,195557,195133,424
9837781,138.152,132.648,431,36500,0.50838,0.23,1,195724,195293,431
9840701,29.2305,28.1295,431,36500,0.525676,0.21,1,195726,195295,431
9843621,45.0461,43.2259,433,36500,0.545135,0.27,1,195775,195342,433
9846541,33.0092,32.6452,433,36500,0.581027,0.27,1,195805,195372,433
9849461,8.20184,8.12904,433,36500,0.588205,0.25,1,195807,195374,433
9852381,37.6404,36.8258,434,36500,0.573641,0.23,1,195852,195418,434
9855301,41.1281,41.7652,433,36500,0.586728,0.35,1,195894,195461,433
9858221,42.6256,37.953,439,36500,0.605346,0.39,1,195937,195498,439
9861141,10.1251,9.19061,439,36500,0.641069,0.39,1,195939,195500,439
9864061,16.425,1.83812,457,36500,0.616214,0.39,1,195957,195500,457
9866981,15.285,15.5676,453,37960,0.643243,0.39,1,195972,195519,453
9869901,23.057,13.5135,465,37960,0.632649,0.43,1,195997,195532,465
9872821,143.011,22.7027,613,37960,0.79053,0.53,2,196170,195557,613
9875741,30.2023,138.141,448,37960,0.854106,0.53,2,196172,195724,448
9878661,46.8405,29.2281,497,37960,0.898821,0.55,2,196223,195726,497
9881581,33.3681,45.0456,478,37960,0.907764,0.59,2,196253,195775,478
9884501,8.27362,33.0091,450,37960,0.909553,0.59,2,196255,195805,450
9887421,38.4547,8.20182,494,37960,0.925911,0.57,2,196301,195807,494
9890341,42.8909,37.6404,493,37960,0.897182,0.59,2,196345,195852,493
9893261,42.9782,41.1281,494,37960,0.907436,0.61,2,196388,195894,494
9896181,10.1956,42.6256,453,37960,0.909487,0.65,2,196390,195937,453
9899101,16.4391,10.1251,469,37960,0.909897,0.61,2,196408,195939,469
9902021,4.88783,16.425,453,37960,0.90998,0.65,2,196410,195957,453
9904941,13.7776,15.285,454,37960,0.941996,0.63,2,196426,195972,454
9907861,21.9555,23.057,453,37960,0.916399,0.83,2,196450,195997,453
10027581,27,26,490,37960,0.41,1,1,198109,197619,490
10030501,29.4,30,489,37960,0.33,1,1,198139,197650,489
10033421,34.68,30.8,494,37960,0.25,1,1,198175,197681,494
10036341,32.536,28.56,498,37960,0.202,1,1,198207,197709,498
10039261,29.7072,32.912,493,37960,0.1764,1,1,198236,197743,493
10042181,27.5414,32.9824,487,37960,0.15528,1,1,198263,197776,487
10045101,35.1083,41.7965,480,37960,0.087056,1,1,198300,197820,480
10048021,27.0217,27.5593,481,37960,0.0414112,1,1,198325,197844,481
10050941,23.0043,21.5119,483,37960,0.0642822,1,1,198347,197864,483
10053861,16.6009,25.1024,472,37960,0.0528564,1,1,198362,197890,472
10056781,24.9202,27.4205,471,39420,0.0505713,0.93,1,198389,197918,471
10059701,22.584,26.2841,467,39420,0.0341143,0.45,1,198411,197944,467
10062621,96.5168,115.657,444,39420,0.0788229,0.41,1,198526,198082,444
10065541,38.5034,44.7314,441,39420,0.167765,0.31,1,198550,198109,441
10068461,27.7007,32.9463,436,39420,0.169553,0.23,1,198575,198139,436
10071381,31.1401,35.3893,432,39420,0.297911,0.19,1,198607,198175,432
10074301,30.228,32.6779,430,39420,0.387582,0.17,1,198637,198207,430
10077221,28.4456,29.7356,429,39420,0.557516,0.15,1,198665,198236,429
10080141,27.2891,27.5471,429,39420,0.607503,0.07,1,198692,198263,429
10083061,31.0578,35.1094,424,39420,0.721501,0.03,1,198724,198300,424
10085981,24.6116,27.0219,422,40880,0.8883,0.07,2,198747,198325,422
10088901,22.5223,23.0044,422,40880,0.88966,0.05,2,198769,198347,422
10091821,18.1045,16.6009,424,40880,0.825932,0.05,2,198786,198362,424
10094741,24.4209,3.32017,450,40880,0.893186,0.05,2,198812,198362,450
10286001,44,38,463,37960,0.21,0.51,1,200883,200420,463
10288921,36,42,454,39420,0.306,0.56,1,200917,200463,454
10291841,41.6,38,460,40880,0.5172,0.39,1,200960,200500,460
10294761,38.72,46.8,449,42340,0.67144,0.21,1,200998,200549,449
10297681,26.144,40.56,433,43800,0.798288,0.03,2,201021,200588,433
10300601,34.8288,36.112,435,43800,0.919658,0.01,2,201058,200623,435
10303521,37.3658,38.4224,434,43800,0.895932,0,2,201096,200662,434
10306441,35.4732,41.2845,427,43800,0.939186,0.03,2,201131,200704,427
10471421,29,29,430,36500,0.53,0.01,1,202893,202463,430
10474341,70.6,45.8,461,37960,0.658,0.03,1,202974,202513,461
10477261,34.92,53.96,431,37960,0.6996,0.01,1,203000,202569,431
10480181,25.384,28.392,432,37960,0.64392,0.01,1,203023,202591,432
10483101,19.4768,22.4784,429,37960,0.664784,0.05,1,203041,202612,429
10486021,29.4954,20.4957,441,39420,0.588957,0.13,1,203073,202632,441
10488941,35.4991,32.0991,443,39420,0.621791,0.13,1,203110,202667,443
10491861,19.8998,26.4198,434,39420,0.660358,0.19,1,203126,202692,434
10494781,41.58,34.084,445,39420,0.780072,0.19,2,203173,202728,445
10497701,40.316,42.8168,440,39420,0.820014,0.21,2,203213,202773,440
10629101,30,28,520,42340,0.87,1,2,204808,204288,520
10632021,30.8,24,528,42340,0.79,1,2,204839,204311,528
10634941,26.96,24.8,529,42340,0.71,1,1,204865,204336,529
10637861,26.992,28.16,527,42340,0.694,1,1,204892,204365,527
10640781,26.1984,28.832,524,42340,0.6588,1,1,204918,204394,524
10643701,26.0397,30.5664,519,42340,0.65176,1,1,204944,204425,519
10646621,22.8079,20.5133,523,42340,0.618352,1,1,204966,204443,523
10649541,32.5616,20.9027,537,42340,0.69167,0.98,1,205001,204464,537
10652461,25.7123,43.3805,512,42340,0.754334,1,2,205025,204513,512
10655381,30.7425,37.4761,508,42340,0.814867,1,2,205057,204549,508
10658301,61.3485,29.8952,549,42340,0.714973,1,1,205126,204577,549
10661221,33.8697,66.779,500,42340,0.678995,1,1,205153,204653,500
10664141,44.3739,37.3558,517,42340,0.687799,0.91,1,205200,204683,517
10667061,40.0748,49.0712,504,42340,0.68956,0.89,1,205239,204735,504
10669981,32.815,44.2142,492,42340,0.689912,0.87,1,205270,204778,492
10672901,28.963,32.8428,490,42340,0.689982,0.77,1,205298,204808,490
10675821,22.5926,31.3686,480,42340,0.705996,0.69,1,205319,204839,480
10678741,27.7185,27.0737,483,42340,0.677199,0.69,1,205348,204865,483
10681661,27.1437,27.0147,483,42340,0.68744,0.65,1,205375,204892,483
10684581,25.4287,26.2029,482,42340,0.689488,0.65,1,205400,204918,482
10687501,20.2857,26.0406,475,42340,0.673898,0.61,1,205419,204944,475
10690421,32.8572,22.8081,489,42340,0.70278,0.71,1,205455,204966,489
10693341,28.9714,32.5616,482,42340,0.772556,0.77,2,205483,205001,482
10696261,31.3943,25.7123,490,42340,0.802511,0.83,2,205515,205025,490
10699181,62.2789,30.7425,528,42340,0.760502,0.69,2,205585,205057,528
10702101,31.6558,61.3485,483,42340,0.7681,0.67,2,205609,205126,483
10705021,43.9312,33.8697,503,42340,0.83362,0.69,2,205656,205153,503
10707941,39.9862,44.3739,495,42340,0.862724,0.69,2,205695,205200,495
10710861,32.7972,40.0748,487,42340,0.820545,0.69,2,205726,205239,487
10713781,27.3595,32.815,482,42340,0.780109,0.69,2,205752,205270,482
10716701,23.8719,28.963,477,42340,0.756022,0.71,2,205775,205298,477
10719621,27.9744,22.5926,485,42340,0.719204,0.67,1,205804,205319,485
10722541,25.5949,27.7185,481,42340,0.743841,0.69,1,205829,205348,481
10725461,24.319,27.1437,478,42340,0.764768,0.69,2,205853,205375,478
10728381,20.0638,25.4287,472,42340,0.784954,0.67,2,205872,205400,472
10731301,36.0128,20.2857,493,42340,0.804991,0.71,2,205912,205419,493
10734221,30.4026,32.8572,486,42340,0.888998,0.79,2,205941,205455,486
10737141,33.2805,28.9714,492,42340,0.9058,0.81,2,205975,205483,492
10740061,61.0561,31.3943,528,42340,0.89316,0.75,2,206043,205515,528
10742981,32.2112,62.2789,483,42340,0.938632,0.77,2,206068,205585,483
10745901,48.0422,31.6558,511,42340,0.899726,0.85,2,206120,205609,511
10905041,45,44,495,36500,0.03,1,1,207827,207332,495
10907961,34.6,46.4,480,37960,0.062,0.89,1,207859,207379,480
10910881,81.32,50.08,522,39420,0.1804,1,1,207952,207430,522
10913801,57.064,66.016,503,40880,0.20408,0.93,1,208003,207500,503
10916721,39.4128,51.6032,490,42340,0.320816,0.73,1,208038,207548,490
10919641,51.0826,46.3206,499,42340,0.424163,0.51,1,208092,207593,499
10922561,30.2165,63.6641,456,43800,0.540833,0.43,1,208117,207661,456
10925481,18.8433,31.9328,448,43800,0.676167,0.37,1,208133,207685,448
10928401,17.3687,20.7866,447,43800,0.751233,0.23,2,208150,207703,447
10931321,20.2737,24.9573,442,43800,0.846247,0.15,2,208171,207729,442
10934241,14.4547,25.7915,429,43800,0.897249,0.13,2,208184,207755,429
11077321,34,15,472,35040,0.07,0.41,1,209823,209351,472
11080241,41.2,43,465,36500,0.182,0.03,1,209866,209401,465
11083161,61.84,55,474,37960,0.0764,0,1,209933,209459,474
11086081,48.368,74.2,440,37960,0.05528,0.05,1,209978,209538,440
11089001,34.4736,39.64,440,37960,0.051056,0.09,1,210009,209569,440
11091921,26.8947,31.128,436,37960,0.0662112,0.03,1,210034,209598,436
11094841,21.3789,25.4256,432,37960,0.133242,0.03,1,210054,209622,432
11097761,13.0758,16.2851,429,37960,0.146648,0.11,1,210065,209636,429
11100681,19.4152,14.457,436,37960,0.26133,0.13,1,210086,209650,436
11103601,38.283,33.2914,441,37960,0.364266,0.17,1,210129,209688,441
11106521,47.6566,45.0583,443,39420,0.464853,0.07,1,210179,209736,443
11109441,38.3313,51.4117,426,39420,0.500971,0.07,1,210215,209789,426
11112361,34.8663,37.4823,426,39420,0.572194,0.07,1,210249,209823,426
11115281,44.5733,7.49647,473,39420,0.698439,0.21,1,210296,209823,473
11118201,10.5147,35.8993,432,39420,0.723688,0.05,1,210298,209866,432
11121121,50.9029,60.7799,426,39420,0.728738,0.05,1,210359,209933,426
11124041,44.5806,48.156,424,39420,0.761748,0.05,2,210402,209978,424
11243761,29,52,483,40880,0.81,1,2,211833,211350,483
11246681,29.8,33.6,484,40880,0.714,1,1,211863,211379,484
11249601,29.16,23.52,492,40880,0.6628,1,1,211892,211400,492
11252521,29.032,42.304,474,40880,0.57256,1,1,211921,211447,474
11255441,52.2064,37.2608,496,40880,0.346512,1,1,211979,211483,496
11258361,37.6413,28.2522,504,40880,0.205302,1,1,212013,211509,504
11261281,30.7283,24.8504,509,40880,0.17706,1,1,212042,211533,509
11264201,34.9457,47.3701,492,40880,0.187412,1,1,212078,211586,492
11267121,38.1891,35.874,498,40880,0.157482,1,1,212117,211619,498
11270041,33.2378,24.7748,508,40880,0.231496,1,1,212149,211641,508
11272961,26.6476,30.555,501,40880,0.310299,1,1,212174,211673,501
11275881,21.3295,42.111,476,40880,0.32606,0.94,1,212194,211718,476
11278801,39.4659,50.0222,468,40880,0.377212,0.85,1,212238,211770,468
11281721,33.4932,37.2044,466,40880,0.403442,0.81,1,212270,211804,466
11284641,25.0986,30.6409,460,40880,0.504689,0.69,1,212293,211833,460
11287561,23.4197,30.1282,453,40880,0.524938,0.65,1,212316,211863,453
11290481,29.4839,29.2256,455,40880,0.576988,0.55,1,212347,211892,455
11293401,22.6968,29.0451,447,40880,0.651398,0.29,1,212368,211921,447
11296321,42.1394,52.209,436,40880,0.76228,0.17,2,212415,211979,436
11505101,51,49,472,36500,0.83,0.61,2,214783,214311,472
11508021,36.6,44.2,462,37960,0.878,0.61,2,214816,214354,462
11510941,51.32,36.84,482,39420,0.8716,0.55,2,214871,214389,482
11649641,498,584,451,33580,0.39,0.01,1,216716,216265,451
11690521,273.2,309.6,427,33580,0.662,0.17,1,216933,216506,427
11693441,113.84,73.12,487,35040,0.8124,0.27,2,217007,216520,487
11696361,41.168,65.024,447,36500,0.90648,0.19,2,217030,216583,447
11870101,82,42,507,29200,0.93,0.75,2,219192,218685,507
11992741,28,30,510,40880,0.88,1,2,220883,220373,510
11995661,31.2,26,517,40880,0.8,1,2,220915,220398,517
11998581,30.24,27.6,519,40880,0.776,1,2,220945,220426,519
12001501,32.448,38.32,511,40880,0.7072,1,1,220978,220467,511
12004421,31.2896,30.864,513,40880,0.64544,1,1,221009,220496,513
12007341,26.2579,27.7728,511,40880,0.585088,1,1,221034,220523,511
12010261,33.2516,28.7546,517,40880,0.525018,1,1,221069,220552,517
12013181,31.4503,29.7509,518,40880,0.401004,1,1,221100,220582,518
12248241,37,50,487,32120,0.89,1,2,224700,224213,487
12251161,50.6,44.4,498,32120,0.794,1,2,224754,224256,498
12254081,39.72,35.28,502,32120,0.6948,1,1,224791,224289,502
12257001,30.344,31.856,499,32120,0.64296,1,1,224819,224320,499
12259921,38.8688,38.3712,500,32120,0.680592,1,1,224860,224360,500
12262841,35.7738,35.6742,500,32120,0.640118,1,1,224895,224395,500
12265761,31.9548,31.1348,501,32120,0.632024,1,1,224926,224425,501
12268681,63.1909,67.827,495,32120,0.582405,1,1,224997,224502,495
12271601,59.8382,71.9654,481,32120,0.508481,0.94,1,225056,224575,481
12274521,31.9676,41.5931,472,32120,0.541696,0.87,1,225081,224609,472
12277441,42.3935,51.5186,463,32120,0.548339,0.89,1,225126,224663,463
12280361,36.4787,39.9037,461,32120,0.597668,0.77,1,225161,224700,461
12283281,51.2957,51.1807,462,32120,0.687534,0.67,1,225216,224754,462
12286201,37.4591,39.8361,459,32120,0.753507,0.63,2,225250,224791,459
12289121,25.8918,30.3672,454,32120,0.830701,0.69,2,225273,224819,454
12388401,37,34,494,33580,0.71,1,1,226771,226277,494
12391321,33.8,36.4,490,33580,0.646,1,1,226804,226314,490
12394241,36.36,40.88,485,33580,0.5692,1,1,226841,226356,485
12397161,41.672,43.376,484,33580,0.47384,1,1,226884,226400,484
12400081,68.3344,67.0752,486,33580,0.438768,1,1,226959,226473,486
12403001,40.8669,43.015,483,33580,0.431754,0.91,1,226993,226510,483
12405921,40.9734,43.003,481,35040,0.462351,0.93,1,227034,226553,481
12408841,48.9947,41.4006,491,35040,0.43647,1,1,227085,226594,491
12411761,26.5989,39.4801,473,35040,0.495294,1,1,227106,226633,473
12414681,48.5198,7.89602,527,35040,0.571059,0.92,1,227160,226633,527
12417601,36.904,52.7792,497,35040,0.602212,0.79,1,227194,226697,497
12420521,35.3808,40.1558,495,35040,0.672442,0.71,1,227229,226734,495
12423441,28.6762,37.6312,485,36500,0.750489,0.63,2,227256,226771,485
12426361,30.5352,33.9262,483,36500,0.862098,0.55,2,227287,226804,483
12429281,37.307,36.3852,485,36500,0.90042,0.45,2,227326,226841,485
12562141,68,55,440,32120,0.33,0.01,1,229061,228621,440
12565061,53.6,59,430,33580,0.426,0.03,1,229111,228681,430
12567981,26.72,25.4,433,35040,0.4612,0.03,1,229131,228698,433
12570901,33.344,29.08,438,36500,0.61224,0.03,1,229166,228728,438
12573821,26.6688,28.216,435,36500,0.706448,0.05,1,229191,228756,435
12576741,9.33376,19.2432,423,36500,0.72529,0.03,1,229196,228773,423
12579661,26.6668,18.2486,436,37960,0.761058,0.05,2,229227,228791,436
12582581,53.3334,50.8497,437,37960,0.816212,0.07,2,229287,228850,437
12801581,36,51,510,35040,0.63,1,1,232484,231974,510
12804501,32,34.2,511,35040,0.566,1,1,232515,232004,511
12807421,34.4,40.44,504,35040,0.4412,1,1,232550,232046,504
12810341,34.88,37.688,502,35040,0.35224,1,1,232585,232083,502
12813261,35.776,33.1376,506,35040,0.302448,1,1,232621,232115,506
12816181,36.7552,37.8275,504,35040,0.24449,1,1,232658,232154,504
12819101,27.351,33.1655,497,35040,0.248898,1,1,232683,232186,497
12822021,31.8702,32.2331,498,35040,0.23378,1,1,232716,232218,498
12824941,31.974,37.6466,491,35040,0.198756,0.95,1,232748,232257,491
12827861,35.9948,45.9293,480,35040,0.271751,0.71,1,232785,232305,480
12830781,71.999,91.5859,458,35040,0.30235,0.61,1,232866,232408,458
12833701,40.7998,50.3172,451,35040,0.30847,0.63,1,232899,232448,451
12836621,36.16,38.8634,450,35040,0.309694,0.55,1,232934,232484,450
12839541,28.832,32.5727,446,35040,0.357939,0.41,1,232961,232515,446
12842461,30.5664,34.5145,442,35040,0.367588,0.33,1,232992,232550,442
12845381,29.3133,34.9029,436,35040,0.449518,0.29,1,233021,232585,436
12848301,33.0627,35.7806,434,35040,0.545904,0.23,1,233055,232621,434
12851221,34.6125,36.7561,432,35040,0.629181,0.25,1,233090,232658,432
12854141,26.9225,27.3512,432,35040,0.693836,0.23,1,233115,232683,432
12857061,32.5845,31.8702,433,35040,0.770767,0.19,2,233149,232716,433
12859981,31.3169,31.974,432,35040,0.818153,0.29,2,233180,232748,432
12862901,35.8634,35.9948,432,35040,0.795631,0.31,2,233217,232785,432
12959261,36,25,503,36500,0.65,1,1,234551,234048,503
12962181,35.2,44.2,489,36500,0.554,1,1,234586,234097,489
12965101,32.64,32.04,492,36500,0.4548,1,1,234618,234126,492
12968021,36.128,36.008,492,36500,0.43496,1,1,234655,234163,492
12970941,77.6256,84.0016,484,37960,0.270992,1,1,234743,234259,484
12973861,38.7251,43.2003,480,37960,0.174198,1,1,234772,234292,480
12976781,31.745,8.64006,510,37960,0.0748397,1,1,234802,234292,510
12979701,27.949,28.928,503,37960,0.0549679,1,1,234829,234326,503
12982621,35.9898,32.9856,507,37960,0.0189936,0.97,1,234867,234360,507
12985541,38.398,37.7971,507,37960,0.0117987,0.97,1,234906,234399,507
12988461,37.2796,37.9594,506,39420,0.0743597,0.85,1,234943,234437,506
12991381,31.4559,41.9919,493,39420,0.0708719,0.83,1,234973,234480,493
12994301,27.8912,36.3984,485,39420,0.0861744,0.65,1,235000,234515,485
12997221,29.5782,36.0797,479,39420,0.121235,0.53,1,235030,234551,479
13000141,29.9156,35.2159,474,39420,0.112247,0.43,1,235060,234586,474
13003061,30.7831,32.6432,473,39420,0.206449,0.43,1,235091,234618,473
13005981,7.75663,36.1286,438,40880,0.20929,0.23,1,235093,234655,438
13008901,63.9513,77.6257,428,40880,0.337858,0.15,1,235171,234743,428
13011821,35.1903,38.7251,427,40880,0.395572,0.05,1,235199,234772,427
13014741,27.8381,31.745,423,40880,0.439114,0.05,1,235225,234802,423
13017661,26.3676,27.949,422,40880,0.431823,0.01,1,235251,234829,422
13020581,37.2735,35.9898,424,40880,0.462365,0.01,1,235291,234867,424
13023501,37.0547,38.398,422,42340,0.580473,0.01,1,235328,234906,422
13026421,38.6109,7.67959,461,42340,0.524095,0.09,1,235367,234906,461
13029341,30.9222,31.1359,453,42340,0.512819,0.07,1,235396,234943,453
13032261,29.3844,30.2272,452,42340,0.478564,0.09,1,235425,234973,452
13035181,32.2769,27.6454,458,43800,0.471713,0.13,1,235458,235000,458
13038101,31.2554,29.5291,459,43800,0.470343,0.11,1,235489,235030,459
13041021,31.8511,29.9058,461,43800,0.454069,0.23,1,235521,235060,461
13043941,7.97021,30.7812,432,43800,0.498814,0.21,1,235523,235091,432
13046861,3.19404,7.75623,432,43800,0.475763,0.37,1,235525,235093,432
13049781,69.4388,63.9512,440,43800,0.519153,0.41,1,235611,235171,440
13052701,37.0878,35.1902,441,45260,0.52783,0.45,1,235640,235199,441
13055621,28.2176,27.8381,441,45260,0.577566,0.43,1,235666,235225,441
13058541,31.2435,26.3676,447,45260,0.603513,0.47,1,235698,235251,447
13061461,35.0487,37.2735,443,45260,0.592703,0.47,1,235734,235291,443
13064381,38.2097,7.4547,482,45260,0.686541,0.61,1,235773,235291,482
13067301,40.4419,31.0909,486,45260,0.785308,0.51,2,235814,235328,486
13070221,32.8884,37.4182,478,46720,0.837062,0.51,2,235845,235367,478
13073141,26.5777,30.6836,474,46720,0.895412,0.47,2,235870,235396,474
13076061,6.91554,29.3367,447,46720,0.875082,0.47,2,235872,235425,447
13078981,27.7831,32.2673,447,46720,0.887017,0.47,2,235905,235458,447
13081901,27.9566,31.2535,444,46720,0.905403,0.45,2,235933,235489,444
13084821,31.9913,31.8507,445,46720,0.877081,0.51,2,235966,235521,445
13087741,7.99826,7.97014,445,48180,0.871416,0.47,2,235968,235523,445
13090661,3.19965,3.19403,445,48180,0.838283,0.53,2,235970,235525,445
13093581,70.2399,69.4388,446,48180,0.863657,0.53,2,236057,235611,446
13096501,38.848,13.8878,477,48180,0.852731,0.53,2,236088,235611,477
13335941,34,37,528,29200,0.29,1,1,241063,240535,528
13337401,39.6,7.4,569,29200,0.146,1,1,241104,240535,569
13347621,371.92,482.28,423,20440,0.4532,0.37,1,241559,241136,423
13455661,78,36,467,18980,0.83,0,2,243746,243279,467
13458581,67.6,77.6,444,20440,0.942,0.09,2,243811,243367,444
13519901,38,37,518,21900,0.63,1,1,245245,244727,518
13522821,35.6,31.4,523,21900,0.582,1,1,245280,244757,523
13525741,40.72,35.08,529,21900,0.5564,1,1,245322,244793,529
13528661,37.744,38.216,527,21900,0.50328,1,1,245359,244832,527
13531581,147.549,42.0432,659,21900,0.284656,1,1,245534,244875,659
13534501,103.91,158.809,564,21900,0.272931,0.78,1,245627,245063,564
13537421,52.782,113.362,502,21900,0.366586,0.81,1,245667,245165,502
13540341,32.1564,56.2723,487,21900,0.417317,0.63,1,245694,245207,487
13543261,32.0313,41.6545,481,21900,0.475463,0.57,1,245726,245245,481
13546181,38.4063,36.3309,486,21900,0.663093,0.55,1,245766,245280,486
13549101,34.8813,40.8662,478,21900,0.780619,0.49,2,245800,245322,478
13601661,31,35,493,24820,0.69,1,1,247061,246568,493
13604581,45.4,38.2,503,24820,0.562,1,1,247110,246607,503
13607501,42.68,48.44,494,26280,0.4564,1,1,247152,246658,494
13610421,41.336,40.888,496,26280,0.25928,1,1,247193,246697,496
13613341,38.6672,40.9776,493,26280,0.171856,1,1,247231,246738,493
13616261,114.933,128.196,477,26280,0.138371,1,1,247365,246888,477
13619181,95.7867,25.6391,568,27740,0.0996742,0.79,1,247456,246888,568
13622101,46.3573,90.7278,495,27740,0.123935,0.73,1,247490,246995,495
13625021,30.0715,46.1456,486,29200,0.176787,0.69,1,247516,247030,486
13627941,34.8143,34.0291,491,29200,0.235357,0.53,1,247552,247061,491
13630861,8.56286,46.0058,444,29200,0.247071,0.43,1,247554,247110,444
13633781,32.1126,42.8012,440,29200,0.217414,0.21,1,247592,247152,440
13636701,32.8225,41.3602,432,29200,0.355483,0.15,1,247625,247193,432
13639621,36.1645,38.672,431,30660,0.463097,0.13,1,247662,247231,431
13642541,108.833,114.934,424,30660,0.788619,0.13,2,247789,247365,424
13784161,418,493,459,11680,0.79,0.79,2,252006,251547,459
13787081,85.2,98.6,461,14600,0.758,0.83,2,252008,251547,461
13790001,49.84,52.52,461,17520,0.8156,0.83,2,252049,251588,461
13792921,11.568,10.504,463,17520,0.79512,0.79,2,252051,251588,463
13912641,303,209,641,20440,0.47,1,1,255852,255211,641
13915561,87.8,173,511,20440,0.55,1,1,255886,255375,511
13918481,46.36,67.4,506,20440,0.534,1,1,255922,255416,506
13921401,36.472,39.08,508,20440,0.5468,0.99,1,255956,255448,508
13924321,33.6944,37.416,504,20440,0.53336,0.88,1,255989,255485,504
13927241,8.33888,36.2832,470,20440,0.530672,0.89,1,255991,255521,470
13930161,24.8678,29.6566,471,20440,0.546134,0.47,1,256020,255549,471
13933081,228.974,248.331,448,20440,0.853227,0.57,2,256300,255852,448
13985641,42,32,506,20440,0.35,1,1,257436,256930,506
13988561,41.2,37.6,508,20440,0.27,1,1,257477,256969,508
13991481,41.04,40.32,508,20440,0.078,0.91,1,257518,257010,508
13994401,185.808,211.264,476,20440,0.1356,0.99,1,257740,257264,476
13997321,62.7616,73.4528,469,21900,0.11512,0.79,1,257772,257303,469
14000241,42.1523,54.6906,456,21900,0.223024,0.57,1,257809,257353,456
14003161,34.0305,43.7381,447,21900,0.276605,0.35,1,257841,257394,447
14006081,31.6061,42.3476,436,21900,0.271321,0.25,1,257872,257436,436
14009001,34.3212,41.2695,430,21900,0.398264,0.03,1,257907,257477,430
14011921,33.2642,41.0539,422,21900,0.423653,0.15,1,257940,257518,422
14014841,187.453,185.811,426,21900,0.380731,0.15,1,258166,257740,426
14017761,62.2906,37.1622,457,23360,0.356146,0.11,1,258197,257740,457
14020681,48.4581,33.0324,470,23360,0.399229,0.25,1,258242,257772,470
14023601,39.2916,36.2065,470,23360,0.391846,0.29,1,258279,257809,470
14026521,30.2583,32.8413,466,23360,0.374369,0.27,1,258307,257841,466
14029441,37.2517,31.3683,474,23360,0.306874,0.43,1,258346,257872,474
14032361,33.8503,34.2737,472,24820,0.309375,0.43,1,258379,257907,472
14033821,167.57,33.2547,640,24820,0.309875,0.37,1,258580,257940,640
14036741,55.914,187.451,442,26280,0.389975,0.37,1,258608,258166,442
14039661,38.3828,37.4902,476,26280,0.309995,0.35,1,258642,258166,476
14042581,42.0766,32.298,488,26280,0.389999,0.41,1,258685,258197,488
14045501,31.6153,42.4596,472,26280,0.422,0.39,1,258714,258242,472
14048421,31.9231,38.0919,467,27740,0.4764,0.37,1,258746,258279,467
14051341,33.5846,30.0184,473,27740,0.51928,0.29,1,258780,258307,473
14054261,8.31692,37.2037,436,27740,0.559856,0.31,1,258782,258346,436
14057181,27.2634,33.8407,435,27740,0.599971,0.31,1,258814,258379,435
14060101,169.453,167.568,439,27740,0.767994,0.41,2,259019,258580,439
14063021,55.4905,55.9136,438,29200,0.865599,0.29,2,259046,258608,438
14065941,39.8981,38.3827,440,29200,0.88512,0.41,2,259082,258642,440
14068861,44.7796,42.0765,443,30660,0.873024,0.43,2,259128,258685,443
14071781,30.5559,31.6153,441,30660,0.886605,0.43,2,259155,258714,441
14074701,34.9112,6.32306,477,30660,0.889321,0.49,2,259191,258714,477
14077621,35.7822,26.8646,481,30660,0.889864,0.53,2,259227,258746,481
14080541,8.75645,32.5729,449,30660,0.889973,0.57,2,259229,258780,449
14083461,32.1513,8.11458,485,32120,0.873995,0.61,2,259267,258782,485
14331661,44,60,440,32120,0.27,0.13,1,263164,262724,440
14333121,48,65.6,422,32120,0.238,0,1,263213,262791,422
14340421,25.6,29.92,421,32120,0.2316,0.05,1,263233,262812,421
14343341,73.12,73.984,421,32120,0.16632,0.01,1,263318,262897,421
14346261,29.024,29.1968,421,32120,0.169264,0.05,1,263336,262915,421
14372541,21.0048,19.4394,423,32120,0.201853,0.03,1,263355,262932,423
14375461,37.001,19.8879,444,33580,0.304371,0.03,1,263396,262952,444
14378381,41.0002,38.3776,443,35040,0.324874,0.07,1,263438,262995,443
14381301,32.2,34.0755,440,35040,0.472975,0.15,1,263468,263028,440
14384221,28.84,29.2151,440,35040,0.582595,0.23,1,263496,263056,440
14387141,23.368,29.043,433,35040,0.668519,0.21,1,263518,263085,433
14390061,31.8736,18.6086,451,36500,0.765704,0.21,2,263552,263101,451
14392981,7.97472,18.9217,434,36500,0.753141,0.27,2,263554,263120,434
14517081,30,16,449,27740,0.25,0.11,1,265377,264928,449
14520001,39.6,35.2,451,29200,0.314,0.19,1,265419,264968,451
14522921,35.12,38.24,446,30660,0.5188,0.15,1,265453,265007,446
14525841,27.024,22.848,452,32120,0.68776,0.09,1,265478,265026,452
14528761,45.4048,44.5696,452,32120,0.705552,0.07,1,265528,265076,452
14531681,85.081,85.7139,451,32120,0.88511,0.07,2,265623,265172,451
14655781,48,21,483,27740,0.89,0.53,2,267517,267034,483
14740461,61,58,498,32120,0.55,1,1,268903,268405,498
14743381,46.6,48.4,495,32120,0.47,1,1,268946,268451,495
14746301,38.92,38.48,496,32120,0.406,1,1,268983,268487,496
14749221,42.984,41.296,498,32120,0.2172,1,1,269027,268529,498
14752141,42.1968,40.2592,500,32120,0.21144,1,1,269069,268569,500
14755061,48.4394,40.0518,510,32120,0.242288,1,1,269119,268609,510
14757981,40.8879,38.4104,511,32120,0.264458,1,1,269158,268647,511
14760901,24.9776,38.0821,494,32120,0.252892,0.95,1,269179,268685,494
14763821,27.3955,47.6164,472,32120,0.298578,0.83,1,269207,268735,472
14766741,44.6791,59.1233,459,32120,0.371716,0.67,1,269256,268797,459
14769661,40.1358,47.8247,453,32120,0.386343,0.55,1,269295,268842,453
14772581,51.2272,58.3649,446,32120,0.501269,0.45,1,269349,268903,446
14775501,42.2454,46.073,443,32120,0.748254,0.39,1,269389,268946,443
14778421,35.6491,38.8146,440,32120,0.781651,0.17,2,269423,268983,440
14854341,42,35,508,33580,0.81,1,2,270579,270071,508
14857261,38.8,31.8,515,33580,0.714,1,1,270617,270102,515
14860181,40.56,36.76,518,33580,0.6308,1,1,270658,270140,518
14863101,36.112,36.952,516,33580,0.56616,1,1,270693,270177,516
14866021,56.0224,58.5904,513,33580,0.473232,1,1,270754,270241,513
14868941,43.2045,46.1181,510,33580,0.438646,1,1,270794,270284,510
14871861,39.8409,54.0236,493,33580,0.431729,1,1,270833,270340,493
14874781,44.7682,41.2047,501,33580,0.398346,1,1,270879,270378,501
14877701,40.1536,58.6409,477,33580,0.423669,0.95,1,270918,270441,477
14880621,41.6307,48.5282,473,35040,0.572734,0.85,1,270960,270487,473
14883541,41.9261,49.7056,465,35040,0.650547,0.85,1,271002,270537,465
14886461,39.5852,9.94113,504,35040,0.618109,0.81,1,271041,270537,504
14889381,31.117,35.5882,491,35040,0.659622,0.69,1,271070,270579,491
14892301,35.0234,37.5176,489,35040,0.859924,0.61,2,271106,270617,489
14895221,31.0047,40.3035,478,35040,0.915985,0.55,2,271136,270658,478
15019321,121,132,423,30660,0.41,0.07,1,272874,272451,423
15022241,34.6,32.8,428,32120,0.474,0.05,1,272887,272459,428
15025161,36.52,14.56,455,33580,0.5188,0.01,1,272924,272469,455
15028081,44.104,47.712,445,35040,0.54376,0.03,1,272970,272525,445
15031001,34.4208,41.5424,437,35040,0.596752,0.03,1,273002,272565,437
15033921,31.6842,31.5085,439,35040,0.55935,0.03,1,273033,272594,439
15036841,14.3368,23.9017,427,35040,0.61587,0.13,1,273043,272616,427
15039761,45.2674,31.9803,446,36500,0.675174,0.25,1,273096,272650,446
15042681,54.6535,48.7961,450,36500,0.687035,0.17,1,273153,272703,450
15045601,50.9307,49.7592,450,36500,0.593407,0.39,1,273203,272753,450
15048521,61.3861,53.9518,459,36500,0.526681,0.41,1,273267,272808,459
15051441,52.2772,63.5904,443,36500,0.673336,0.49,1,273317,272874,443
15054361,21.6554,23.1181,444,37960,0.686667,0.49,1,273331,272887,444
15057281,36.3311,4.62361,484,37960,0.449333,0.53,1,273371,272887,484
15060201,8.86622,30.5247,449,37960,0.401867,0.55,1,273373,272924,449
15063121,37.7732,42.9049,448,37960,0.504373,0.61,1,273418,272970,448
15066041,33.1546,34.181,448,37960,0.524875,0.55,1,273450,273002,448
15068961,35.4309,31.6362,453,37960,0.480975,0.63,1,273486,273033,453
15071881,18.2862,14.3272,457,39420,0.552195,0.63,1,273500,273043,457
15074801,46.8572,2.86545,511,39420,0.550439,0.69,1,273554,273043,511
15077721,52.5714,42.9731,512,39420,0.534088,0.69,1,273608,273096,512
15080641,43.3143,54.1946,496,39420,0.546818,0.57,1,273649,273153,496
15083561,59.8629,50.8389,510,39420,0.485364,0.51,1,273713,273203,510
15086481,56.7726,61.3678,502,39420,0.553073,0.71,1,273769,273267,502
15089401,12.9545,52.2736,454,40880,0.566615,0.69,1,273771,273317,454
15092321,14.5909,21.6547,455,40880,0.601323,0.39,1,273786,273331,455
15095241,25.3182,36.3309,443,40880,0.656265,0.39,1,273814,273371,443
15098161,7.46364,8.86619,444,40880,0.651253,0.53,1,273817,273373,444
15101081,39.8927,37.7732,447,40880,0.602251,0.53,1,273865,273418,447
15104001,31.1785,33.1546,444,40880,0.62445,0.47,1,273894,273450,444
15106921,37.4357,35.4309,447,40880,0.72489,0.47,1,273933,273486,447
15109841,20.2871,7.08619,463,42340,0.760978,0.57,2,273949,273486,463
15112761,46.4574,12.6172,502,42340,0.768196,0.55,2,274002,273500,502
15115681,51.6915,45.7234,501,42340,0.785639,0.53,2,274055,273554,501
15118601,43.9383,52.3447,489,42340,0.837128,0.55,2,274097,273608,489
15121521,56.7877,43.2689,508,42340,0.847426,0.47,2,274157,273649,508
15124441,60.1575,59.8538,505,42340,0.865485,0.57,2,274218,273713,505
15127361,13.6315,56.7708,451,42340,0.869097,0.57,2,274220,273769,451
15130281,4.3263,12.9542,451,42340,0.869819,0.61,2,274222,273771,451
15133201,14.4653,14.5908,453,42340,0.885964,0.67,2,274239,273786,453
15136121,25.2931,25.3182,453,42340,0.857193,0.65,2,274267,273814,453
15139041,6.65861,7.46363,452,42340,0.851439,0.59,2,274269,273817,452
15141961,37.3317,39.8927,449,42340,0.850288,0.63,2,274314,273865,449
15144881,36.2663,31.1785,456,42340,0.898058,0.75,2,274350,273894,456
15409141,47,73,454,26280,0.03,0.31,1,278047,277593,454
15416441,199.8,221,434,26280,0.094,0.01,1,278285,277851,434
15419361,166.36,179.4,423,27740,0.2348,0.11,1,278443,278020,423
15447101,140.472,140.68,426,29200,0.59896,0.11,1,278577,278151,426
15450021,50.4944,40.136,439,30660,0.623792,0.05,1,278605,278166,439
15452941,38.0989,36.8272,438,32120,0.756758,0.15,2,278640,278202,438
15455861,36.4198,29.7654,446,32120,0.879352,0.15,2,278676,278230,446
15571201,71,128,500,26280,0.53,0.97,1,280520,280020,500
15574121,44.6,71.2,481,27740,0.674,0.67,1,280558,280077,481
15577041,60.12,71.84,473,29200,0.7828,0.59,2,280622,280149,473
15579961,35.224,44.768,464,30660,0.83656,0.53,2,280651,280187,464
15582881,37.4448,37.7536,466,30660,0.911312,0.49,2,280689,280223,466
15690921,61,58,496,26280,0.45,1,1,282445,281949,496
15693841,52.2,61.2,484,27740,0.514,0.83,1,282495,282011,484
15696761,72.84,78.64,479,29200,0.4948,0.73,1,282573,282094,479
15699681,48.168,49.328,479,30660,0.50696,0.73,1,282615,282136,479
15702601,35.2336,41.8656,471,30660,0.557392,0.65,1,282647,282176,471
15705521,37.4467,37.1731,473,30660,0.471478,0.53,1,282685,282212,473
15708441,70.6893,81.8346,459,30660,0.550296,0.47,1,282764,282305,459
15711361,66.1379,29.1669,508,30660,0.662059,0.49,1,282829,282321,508
15714281,14.8276,56.2334,447,30660,0.684412,0.45,1,282831,282384,447
15717201,48.5655,60.0467,443,30660,0.736882,0.45,1,282888,282445,443
15826701,506,620,443,23360,0.39,0.29,1,284525,284082,443
15829621,167.6,172,466,24820,0.534,0.15,1,284608,284142,466
15832541,96.72,115.2,444,26280,0.7228,0.15,1,284687,284243,444
15915761,63,70,501,24820,0.11,0.95,1,286133,285632,501
15918681,111.8,65.2,561,24820,0.254,0.45,1,286257,285696,561
15921601,49.56,121.84,459,26280,0.4588,0.19,1,286291,285832,459
15924521,35.512,61.968,444,26280,0.51576,0.03,1,286323,285879,444
15927441,38.3024,42.7936,445,26280,0.607152,0.01,1,286362,285917,445
15930361,44.4605,47.7587,442,26280,0.56143,0.01,1,286408,285966,442
15933281,27.2921,42.3517,424,26280,0.536286,0.13,1,286431,286007,424
15936201,57.4584,58.8703,426,26280,0.691257,0.13,1,286496,286070,426
15939121,61.8917,11.7741,489,26280,0.706251,0.11,1,286559,286070,489
16020881,165,151,495,26280,0.69,1,1,288154,287659,495
16023801,62.6,52.6,504,26280,0.578,1,1,288191,287687,504
16026721,42.92,43.32,501,26280,0.5396,1,1,288229,287728,501
16029641,31.784,42.264,488,26280,0.59592,0.98,1,288258,287770,488
16032561,39.1568,36.4528,494,26280,0.591184,1,1,288299,287805,494
16035481,32.6314,37.6906,487,26280,0.574237,1,1,288330,287843,487
16038401,26.5263,40.3381,471,26280,0.490847,0.93,1,288355,287884,471
16041321,42.1053,46.4676,469,26280,0.554169,0.81,1,288401,287932,469
16044241,48.4211,54.8935,462,26280,0.598834,0.69,1,288451,287989,462
16254481,48,39,542,35040,0.51,1,1,292220,291678,542
16263241,395.2,478.2,436,23360,0.446,0.19,1,292702,292266,436
16267621,185.44,209.24,427,23360,0.6092,0.07,1,292835,292408,427
16295361,80.288,86.648,425,23360,0.75384,0.09,2,292889,292464,425
16387341,41,23,480,21900,0.51,0.75,1,294697,294217,480
16390261,125,22.2,604,23360,0.798,0.51,2,294843,294239,604
16556701,43,55,515,29200,0.75,1,2,297993,297478,515
16559621,55,45.4,530,29200,0.622,1,1,298051,297521,530
16562541,47.8,38.68,539,29200,0.4364,1,1,298097,297558,539
16565461,43.16,45.336,534,29200,0.39928,1,1,298139,297605,534
16568381,38.232,42.6672,529,29200,0.423856,1,1,298176,297647,529
16571301,42.0464,53.3334,516,29200,0.492771,1,1,298219,297703,516
16574221,74.0093,90.6667,498,29200,0.586554,1,1,298301,297803,498
16577141,39.6019,49.3333,490,29200,0.509311,0.86,1,298332,297842,490
16580061,37.5204,56.2667,469,29200,0.557862,0.81,1,298369,297900,469
16582981,41.1041,51.2533,461,29200,0.583572,0.75,1,298411,297950,461
16585901,37.8208,44.6507,455,29200,0.620714,0.59,1,298448,297993,455
16588821,51.5642,55.3301,452,29200,0.788143,0.39,2,298503,298051,452
16591741,41.5128,47.866,445,29200,0.853629,0.39,2,298542,298097,445
16594661,40.3026,43.1732,443,29200,0.898726,0.43,2,298582,298139,443
16667661,48,42,530,29200,0.59,1,1,299843,299313,530
16699781,420,487.6,444,20440,0.51,0.29,1,300356,299912,444
16702701,149.6,147.92,463,21900,0.67,0.39,1,300438,299975,463
16781541,2,0,425,21900,0.23,0.01,1,302184,301759,425
16784461,2,0,427,23360,0.214,0.09,1,302186,301759,427
16787381,32.4,19.2,443,24820,0.3548,0.04,1,302226,301783,443
16790301,8.08,20.64,424,24820,0.39896,0.07,1,302228,301804,424
16793221,24.816,16.128,438,24820,0.407792,0.01,1,302257,301819,438
16796141,68.1632,61.6256,444,26280,0.729558,0.25,1,302336,301892,444
16857461,198,237,439,20440,0.15,0.07,1,304053,303614,439
16874981,116.4,135.4,425,20440,0.438,0.07,1,304149,303724,425
16877901,36.08,39.88,425,21900,0.4796,0.07,1,304165,303740,425
16880821,39.216,7.976,465,23360,0.64792,0.05,1,304205,303740,465
16883741,66.2432,46.3952,482,24820,0.793584,0.15,2,304278,303796,482
17171361,2,0,425,8760,0.39,0.39,1,312163,311738,425
17215161,31,40,461,11680,0.83,0.45,2,314147,313686,461
17245821,33,59,488,13140,0.05,1,1,315572,315084,488
17248741,29,14.2,513,13140,0.018,1,1,315600,315087,513
17251661,15.4,30.84,490,13140,0.0276,0.21,1,315612,315122,490
17254581,283.08,186.968,614,13140,0.55752,0.01,1,315962,315348,614
17257501,82.216,190.194,455,13140,0.743504,0.05,1,315994,315539,455
17260421,38.8432,64.4387,450,13140,0.796701,0.01,2,316022,315572,450
17295461,46,73,491,16060,0.03,1,1,317431,316940,491
17298381,82.8,14.6,583,16060,0.03,1,1,317523,316940,583
17301301,18.16,87.72,479,17520,0.014,1,1,317525,317046,479
17304221,135.632,17.544,644,17520,0.2508,0.45,1,317690,317046,644
17307141,120.726,164.309,560,18980,0.42616,0.03,1,317807,317247,560
17310061,61.7453,143.262,469,18980,0.493232,0.03,1,317854,317385,469
17312981,85.1491,65.4523,514,20440,0.714646,0.03,1,317945,317431,514
17315901,18.6298,86.6905,424,20440,0.774929,0.01,2,317947,317523,424
17318821,5.32596,18.9381,424,20440,0.802986,0.31,2,317949,317525,424
17371381,140,117,530,33580,0.45,1,1,319284,318754,530
17374301,39.2,23.4,544,35040,0.354,1,1,319298,318754,544
17377221,40.64,4.68,585,35040,0.3348,1,1,319339,318754,585
17378681,36.128,32.936,580,36500,0.26696,1,1,319374,318794,580
17476501,81,90,421,23360,0.17,0.09,1,321471,321050,421
17498401,129.8,126,428,23360,0.298,0.17,1,321613,321185,428
17501321,61.16,36.4,458,24820,0.4676,0.15,1,321657,321199,458
17504241,20.232,32.88,436,24820,0.46952,0.15,1,321667,321231,436
17507161,9.6464,17.776,429,24820,0.533904,0.13,1,321674,321245,429
17510081,21.9293,13.9552,441,24820,0.658781,0.09,1,321699,321258,441
17513001,13.1859,25.191,424,26280,0.779756,0.11,2,321710,321286,424
17590381,1,0,441,18980,0.37,0.43,1,323518,323077,441
17593301,25.8,11.2,459,20440,0.434,0.33,1,323550,323091,459
17596221,36.36,35.84,456,21900,0.4948,0.31,1,323589,323133,456
17599141,36.072,36.768,455,23360,0.63496,0.33,1,323625,323170,455
17675061,192,205,449,18980,0.51,0.15,1,325381,324932,449
17677981,74.4,79.4,446,20440,0.622,0.11,1,325426,324980,446
17680901,48.48,49.48,446,21900,0.7724,0.07,2,325468,325022,446
17683821,48.096,45.096,450,21900,0.91448,0.07,2,325516,325066,450
17686741,37.6192,43.4192,442,21900,0.910896,0.21,2,325551,325109,442
17752441,41,196,448,17520,0.91,0.03,2,327307,326859,448
17815221,187,201,434,16060,0.87,0.28,2,329090,328656,434
17866321,54,36,541,21900,0.73,1,1,330326,329785,541
17869241,155.6,42.4,678,21900,0.626,1,1,330507,329829,678
17872161,66.32,162.88,529,21900,0.5652,1,1,330551,330022,529
17875081,45.264,69.376,523,21900,0.47304,1,1,330591,330068,523
17878001,44.2528,51.4752,520,21900,0.438608,1,1,330635,330115,520
17880921,52.0506,50.295,524,21900,0.479722,0.92,1,330689,330165,524
17883841,44.8101,56.459,509,21900,0.487944,0.81,1,330732,330223,509
17886761,49.762,50.4918,511,21900,0.601589,0.73,1,330783,330272,511
17943701,93,83,530,21900,0.27,1,1,332172,331642,530
17946621,33.8,39,521,23360,0.222,1,1,332191,331670,521
17949541,58.76,63,517,23360,0.1164,1,1,332256,331739,517
17952461,154.152,172.6,495,23360,0.12728,1,1,332434,331939,495
17955381,62.0304,47.32,518,23360,0.145456,1,1,332473,331955,518
17958301,30.8061,48.664,492,24820,0.261091,0.85,1,332496,332004,492
17961221,35.7612,31.3328,502,24820,0.332218,0.69,1,332533,332031,502
17964141,63.9522,44.6666,525,24820,0.410444,0.27,1,332604,332079,525
17967061,14.3904,83.3333,434,24820,0.426089,0.21,1,332606,332172,434
17969981,15.6781,31.8667,431,24820,0.445218,0.09,1,332622,332191,431
17972901,51.1356,58.3733,426,24820,0.545044,0.13,1,332682,332256,426
18040061,212,291,430,21900,0.49,0.02,1,334423,333993,430
18059041,163.2,185.4,422,21900,0.73,0.01,1,334574,334152,422
18061961,57.44,44.28,444,23360,0.794,0.03,2,334605,334161,444
18064881,13.088,24.856,426,24820,0.8068,0.15,2,334607,334181,426
18067801,27.4176,22.5712,435,26280,0.85736,0.17,2,334638,334203,435
18153941,137,141,465,21900,0.79,0.85,2,336483,336018,465
18156861,50.6,35.4,485,23360,0.838,0.85,2,336512,336027,485
18159781,44.52,49.48,475,24820,0.9116,0.89,2,336555,336080,475
18343741,45,42,443,14600,0.41,0.21,1,341906,341463,443
18346661,49.8,54,437,16060,0.506,0.09,1,341957,341520,437
18349581,45.16,38.8,446,17520,0.5412,0.01,1,342001,341555,446
18407981,48,46,459,16060,0.61,0.17,1,343805,343346,459
18410901,69.6,51.6,481,17520,0.754,0.03,2,343880,343399,481
18413821,41.92,66.32,446,17520,0.8468,0.25,2,343915,343469,446
18475141,41,50,471,16060,0.78,0.15,2,345764,345293,471
18523321,211,219,530,18980,0.09,1,1,347208,346678,530
18526241,51.8,59.8,522,18980,0.074,1,1,347220,346698,522
18529161,35.96,21.56,542,18980,0.0708,1,1,347252,346710,542
18532081,41.592,37.112,544,18980,0.05416,1,1,347295,346751,544
18535001,130.718,62.6224,628,18980,0.178832,0.73,1,347448,346820,628
18537921,30.1437,151.724,459,18980,0.203766,0.69,1,347453,346994,459
18540841,148.429,32.7449,634,18980,0.512753,0.09,1,347631,346997,634
18543761,39.2857,175.349,435,18980,0.622551,0.07,1,347643,347208,435
18546681,34.2571,44.6698,456,18980,0.74051,0.07,1,347676,347220,456
18549601,40.4514,34.534,466,18980,0.844102,0.05,2,347718,347252,466
18591941,201,5,729,20440,0.41,1,1,349100,348371,729
18594861,45,169,525,21900,0.394,1,1,349106,348581,525
18597781,10.6,33.8,527,21900,0.3908,1,1,349108,348581,527
18599241,49.32,6.76,586,21900,0.24616,1,1,349167,348581,586
18748161,239,175,520,16060,0.85,0.13,2,353322,352802,520
18751081,75.8,111,460,17520,0.882,0.05,2,353357,352897,460
18810941,41,43,528,21900,0.69,1,1,354824,354296,528
18813861,40.2,36.6,533,21900,0.594,1,1,354864,354331,533
18816781,52.04,49.72,535,21900,0.5108,1,1,354919,354384,535
18819701,90.408,45.944,590,21900,0.47816,1,1,355019,354429,590
18822621,110.882,101.189,591,21900,0.487632,1,1,355135,354544,591
18825541,69.3763,117.838,528,21900,0.649526,0.79,1,355194,354666,528
18828461,48.2753,77.1676,504,21900,0.777905,0.77,2,355237,354733,504
18831381,43.2551,55.4335,496,21900,0.915581,0.69,2,355279,354783,496
18883941,132,98,683,23360,0.03,1,1,356639,355956,683
18886861,26.4,139.6,533,23360,0.03,1,1,356639,356106,533
18889781,30.88,39.92,550,23360,0.094,1,1,356671,356121,550
18892701,45.376,54.384,541,24820,0.2188,1,1,356720,356179,541
18895621,44.2752,46.8768,540,24820,0.24376,1,1,356764,356224,540
18898541,44.055,56.5754,525,24820,0.248752,0.8,1,356808,356283,525
18901461,10.411,62.5151,463,24820,0.26575,0.07,1,356810,356347,463
18904381,101.282,140.503,427,24820,0.42915,0.03,1,356934,356507,427
18907301,122.656,133.701,423,26280,0.62183,0.03,1,357062,356639,423
18910221,26.1313,26.7401,425,26280,0.628366,0.11,1,357064,356639,425
18913141,34.8263,30.948,430,26280,0.837673,0.11,2,357101,356671,430
19015341,68,53,444,27740,0.47,0.05,1,358814,358370,444
19018261,85.6,45,491,29200,0.694,0.01,1,358904,358413,491
19021181,65.12,79.4,463,30660,0.8188,0.01,2,358964,358501,463
19139441,166,197,429,26280,0.81,0.21,2,360840,360411,429
19142361,66,44.2,464,27740,0.906,0.11,2,360881,360417,464
19317561,167,214,443,20440,0.41,0.18,1,364287,363844,443
19338001,168.6,187.6,431,20440,0.698,0.23,1,364456,364025,431
19416841,130,92,507,17520,0.77,0.76,2,366294,365787,507
19419761,110,58.4,562,18980,0.898,0.5,2,366399,365837,562
19497141,125,63,519,17520,0.59,0.35,1,368148,367629,519
19557001,39,51,453,17520,0.57,0.23,1,369835,369382,453
19559921,33.4,55,429,18980,0.714,0.17,1,369867,369438,429
19562841,27.48,14.2,451,20440,0.6788,0.01,1,369893,369442,451
19565761,43.896,43.64,448,21900,0.68776,0,1,369941,369493,448
19568681,57.5792,54.328,452,21900,0.673552,0.49,1,370002,369550,452
19637301,111,121,427,16060,0.59,0.11,1,371851,371424,427
19640221,49.4,37.8,444,17520,0.702,0.03,1,371885,371441,444
19643141,30.68,42.76,426,18980,0.9004,0.11,2,371911,371485,426
19704461,36,18,460,17520,0.33,0.31,1,373669,373209,460
19707381,28.8,35.6,447,18980,0.474,0.27,1,373696,373249,447
19710301,30.56,23.12,458,18980,0.5508,0.27,1,373727,373269,458
19713221,39.712,43.024,452,18980,0.82216,0.09,2,373769,373317,452
19758481,18,84,516,18980,0.25,1,1,375118,374602,516
19761401,35.6,24,547,18980,0.298,1,1,375158,374611,547
19764321,21.52,41.6,519,18980,0.3556,0.98,1,375176,374657,519
19767241,33.904,39.52,517,18980,0.30312,1,1,375213,374696,517
19770161,92.3808,43.904,579,18980,0.196624,0.84,1,375320,374741,579
19771621,180.076,100.781,666,18980,0.591325,0.25,1,375522,374856,666
19774541,44.8152,215.356,433,18980,0.638265,0.25,1,375533,375100,433
19777461,25.763,57.4712,436,18980,0.663653,0.31,1,375554,375118,436
19780381,42.7526,43.4942,443,18980,0.860731,0.37,2,375601,375158,443
19847541,292,274,471,16060,0.53,0.17,1,377460,376989,471
19850461,92,118.8,433,17520,0.61,0.15,1,377502,377069,433
19853381,48.8,58.16,428,18980,0.722,0.13,1,377540,377112,428
19856301,18.56,13.232,437,20440,0.8244,0.17,2,377551,377114,437
19983321,35,27,442,16060,0.85,0.21,2,381006,380564,442
20037341,179,74,619,17520,0.77,0.03,2,382698,382079,619
20113261,50,188,476,17520,0.45,0.45,1,384665,384189,476
20116181,43.6,82.4,462,18980,0.562,0.33,1,384707,384245,462
20119101,43.12,72.48,435,20440,0.7604,0.15,2,384750,384315,435
20122021,31.824,41.696,430,20440,0.83208,0.15,2,384779,384349,430
20327881,2,0,434,8760,0.91,0.89,2,392170,391736,434
20415481,78,4,497,13140,0.87,0.03,2,395926,395429,497
20451981,0,60,547,17520,0.71,1,1,397191,396644,547
20454901,76.8,48,598,17520,0.598,1,1,397287,396689,598
20457821,62.56,88.8,558,17520,0.3996,1,1,397346,396788,558
20460741,30.912,57.76,531,17520,0.34392,1,1,397369,396838,531
20463661,178.182,49.152,699,17520,0.396784,0.71,1,397584,396885,699
20466581,87.6365,254.63,458,17520,0.471357,0.71,1,397649,397191,458
20469501,19.1273,50.9261,460,17520,0.502271,0.57,1,397651,397191,460
20472421,70.2255,86.9852,447,17520,0.716454,0.35,1,397734,397287,447
20475341,53.2451,64.597,437,17520,0.743291,0.33,1,397783,397346,437
20478261,27.449,31.3194,435,17520,0.780658,0.41,2,397804,397369,435
20520601,48,30,563,18980,0.09,1,1,399213,398650,563
20684121,59,3,581,18980,0.49,1,1,404597,404016,581
20687041,149.4,45.4,697,18980,0.442,1,1,404769,404072,697
20689961,76.28,145.88,584,18980,0.5284,0.93,1,404827,404243,584
20692881,48.056,118.776,513,18980,0.59368,1,1,404868,404355,513
20742521,63,161,566,18980,0.19,1,1,406295,405729,566
20745441,49.4,107.4,518,18980,0.206,1,1,406341,405823,518
20748361,82.68,21.48,609,18980,0.2252,1,1,406432,405823,609
20751281,41.336,107.496,511,18980,0.18104,1,1,406463,405952,511
20754201,110.667,47.0992,607,20440,0.204208,0.67,1,406591,405984,607
20757121,82.1334,131.82,529,20440,0.384842,0.33,1,406666,406137,529
20760041,62.8267,102.364,492,20440,0.580968,0.19,1,406724,406232,492
20884141,61,20,563,26280,0.47,1,1,409744,409181,563
20891441,412.2,504.8,437,17520,0.518,0.19,1,410244,409807,437
20965901,89,107,455,17520,0.6,0.49,1,411980,411525,455
21031601,120,150,520,26280,0.09,1,1,413395,412875,520
21034521,95.2,30,609,26280,0.026,1,1,413484,412875,609
21037441,24.64,76.4,528,26280,0.0292,1,1,413491,412963,528
21038901,48.128,15.28,582,26280,0.14184,1,1,413545,412963,582
21190741,48,219,501,16060,0.33,1,1,417326,416825,501
21193661,53.6,106.2,478,17520,0.346,0.99,1,417381,416903,478
21196581,52.32,42.04,504,18980,0.4772,0.9,1,417433,416929,504
21199501,31.264,58.008,468,18980,0.50344,0.29,1,417459,416991,468
21253521,13,0,484,14600,0.97,0.91,2,419216,418732,484
21452081,67,60,513,16060,0.53,1,1,425840,425327,513
21455001,71,18.4,577,16060,0.322,1,1,425912,425335,577
21457921,61.4,107.68,506,16060,0.2804,1,1,425971,425465,506
21460841,60.28,57.536,521,16060,0.20808,0.87,1,426031,425510,521
21463761,172.856,197.907,489,16060,0.337616,0.81,1,426232,425743,489
21466681,76.9712,63.5814,512,16060,0.491523,0.53,1,426285,425773,512
21469601,64.9942,66.3163,507,16060,0.618305,0.27,1,426347,425840,507
21472521,59.3988,70.8633,493,16060,0.755661,0.27,2,426405,425912,493
21511941,27,210,540,18980,0.25,1,1,427732,427192,540
21514861,75.8,142.8,502,20440,0.138,1,1,427820,427318,502
21517781,51.96,28.56,548,20440,0.0996,1,1,427866,427318,548
21520701,25.592,28.112,539,20440,0.09192,0.77,1,427885,427346,539
21523621,73.1184,134.422,463,20440,0.234384,0.77,1,427970,427507,463
21526541,149.024,26.8845,631,21900,0.646877,0.19,1,428138,427507,631
21529461,49.8047,163.777,458,23360,0.777375,0.25,2,428163,427705,458
21532381,11.5609,54.3554,433,23360,0.803475,0.11,2,428165,427732,433
21592241,78,93,439,21900,0.55,0.21,1,429931,429492,439
21653561,164,211,464,18980,0.43,0.94,1,431616,431152,464
21665241,34.4,42.2,466,18980,0.43,0.51,1,431618,431152,466
21679841,106.88,126.04,444,18980,0.686,0.39,1,431743,431299,444
21682761,43.776,50.008,441,20440,0.8172,0.39,2,431771,431330,441
21729481,25,27,470,16060,0.11,0.11,1,433340,432870,470
21782041,466,633,453,14600,0.33,0.09,1,435130,434677,453
21933881,37,39,444,11680,0.31,0.31,1,440507,440063,444
21936801,49,31,467,13140,0.534,0.19,1,440559,440092,467
21939721,55.4,56.6,461,14600,0.6908,0.17,1,440616,440155,461
21942641,12.68,35.32,433,16060,0.70616,0.23,1,440618,440185,433
21992281,44,77,441,14600,0.81,0.41,2,442440,441999,441
22039001,206,13,650,13140,0.93,0.25,2,444243,443593,650
22221501,35,0,458,13140,0.89,0.08,2,451342,450884,458
22312021,119,115,425,11680,0.93,0.29,2,454922,454497,425
22354361,88,0,645,17520,0.13,1,1,456313,455668,645
22357281,19.2,95.2,528,17520,0.098,1,1,456315,455787,528
22360201,31.84,19.04,563,17520,0.1876,1,1,456350,455787,563
22363121,56.768,47.008,572,17520,0.26952,1,1,456413,455841,572
22366041,144.954,81.4016,649,17520,0.637904,0.23,1,456580,455931,649
22368961,90.5907,251.48,432,17520,0.903581,0.13,2,456657,456225,432
22420061,45,60,472,14600,0.53,0.65,1,458272,457800,472
22422981,73.8,93.6,451,16060,0.594,0.53,1,458353,457902,451
22425901,106.76,39.52,540,16060,0.8468,0.15,2,458468,457928,540
22548541,23,0,581,13140,0.05,1,1,463387,462806,581
22551461,174.2,160,593,13140,0.13,1,1,463599,463006,593
22554381,95.64,126.4,551,13140,0.258,0.59,1,463675,463124,551
22557301,107.928,109.28,557,13140,0.5876,0,1,463786,463229,557
22560221,39.1856,129.856,444,13140,0.55752,0.05,1,463808,463364,444
22595261,148,109,647,17520,0.29,1,1,465290,464643,647
22598181,50.4,141.8,523,18980,0.242,1,1,465316,464793,523
22601101,46.08,28.36,568,18980,0.2324,0.98,1,465361,464793,568
22604021,121.216,171.272,501,18980,0.45448,0.79,1,465501,465000,501
22606941,25.8432,66.2544,463,20440,0.498896,0.43,1,465503,465040,463
22609861,69.9686,94.8509,442,20440,0.763779,0.29,2,465584,465142,442
22760241,158,194,422,18980,0.59,0.07,1,469090,468668,422
22763161,87.6,71.6,451,20440,0.75,0.07,2,469160,468709,451
22960261,0,23,552,23360,0.4,1,1,474057,473505,552
22963181,34.4,61.4,524,23360,0.408,1,1,474100,473576,524
22966101,46.88,59.48,515,23360,0.3616,1,1,474150,473635,515
22969021,80.576,91.096,505,23360,0.35232,1,1,474239,473734,505
22971941,69.7152,96.6192,474,23360,0.302464,1,1,474306,473832,474
22974861,18.743,19.3238,480,23360,0.260493,0.76,1,474312,473832,480
22977781,65.3486,78.2648,464,23360,0.284099,0.39,1,474389,473925,464
22980701,101.07,121.253,442,23360,0.43282,0.4,1,474499,474057,442
22983621,21.8139,24.2506,444,23360,0.430564,0.41,1,474501,474057,444
22986541,35.5628,39.2501,440,23360,0.526113,0.35,1,474540,474100,440
22989461,46.3126,47.85,439,23360,0.705223,0.35,1,474589,474150,439
23044941,162,202,437,16060,0.63,0.21,1,476286,475849,437
23247881,179,166,446,17520,0.69,0.13,1,481816,481370,446
23319421,50,29,446,17520,0.55,0.15,1,483562,483116,446
23506301,170,36,586,16060,0.87,0.01,2,489017,488431,586
23560321,61,82,438,11680,0.33,0.33,1,490702,490264,438
23734061,57,24,456,13140,0.67,0.07,1,499695,499239,456
23736981,58.6,56.8,450,13140,0.814,0.23,2,499754,499304,450
23773481,31,84,509,13140,0.15,1,1,501218,500709,509
23776401,43.8,37.6,530,13140,0.102,0.96,1,501265,500735,530
23777861,171.96,52.32,678,13140,0.3804,0.01,1,501469,500791,678
23780781,95.192,275.264,423,13140,0.53208,0.03,1,501545,501122,423
23783701,73.4384,107.053,426,13140,0.834416,0.15,2,501613,501187,426
23823121,26,156,555,20440,0.55,1,1,503087,502532,555
23826041,39.6,75.2,543,21900,0.55,1,1,503130,502587,543
23828961,35.12,35.04,552,21900,0.63,1,1,503164,502612,552
23831881,21.424,47.808,519,21900,0.662,0.79,1,503182,502663,519
23834801,117.085,173.562,455,23360,0.7804,0.79,2,503323,502868,455
24043581,199,224,499,14600,0.19,1,1,511985,511486,499
24046501,74.2,60.8,522,14600,0.142,1,1,512028,511506,522
24049421,102.84,132.96,481,14600,0.0364,0.71,1,512138,511657,481
24052341,73.368,99.392,456,14600,0.07928,0.59,1,512204,511748,456
24055261,38.6736,50.2784,448,14600,0.087856,0.19,1,512234,511786,448
24058181,151.735,169.256,429,14600,0.649571,0.13,1,512414,511985,429
24061101,64.7469,68.2511,429,14600,0.857914,0.01,2,512457,512028,429
24101981,173,198,528,16060,0.33,1,1,513903,513375,528
24104901,60.2,85.2,503,17520,0.394,1,1,513935,513432,503
24107821,120.84,17.04,639,17520,0.6148,0.98,1,514071,513432,639
24110741,58.568,139.408,512,18980,0.80296,0.53,2,514114,513602,512
24356021,67,95,443,13140,0.55,1,1,521227,520784,443
24415881,80,104,424,16060,0.67,0.03,1,523163,522739,424
24418801,64,68,425,16060,0.542,0.07,1,523223,522798,425
24465521,170,47,656,16060,0.35,1,1,524797,524141,656
24468441,82,139,554,16060,0.414,1,1,524857,524303,554
24471361,80.4,72.6,578,16060,0.4428,0.99,1,524937,524359,578
24474281,115.28,95.32,601,16060,0.60856,0.69,1,525061,524460,601
24477201,35.056,138.264,467,16060,0.641712,0.65,1,525076,524609,467
24518081,69,63,514,21900,0.55,1,1,526396,525882,514
24521001,88.2,12.6,607,21900,0.358,1,1,526489,525882,607
24523921,52.84,93.72,537,23360,0.2876,1,1,526533,525996,537
24526841,64.968,65.144,547,23360,0.32152,1,1,526601,526054,547
24529761,93.7936,62.6288,586,23360,0.456304,0.96,1,526702,526116,586
24532681,36.3587,98.9258,500,24820,0.499261,0.73,1,526724,526224,500
24535601,57.6717,102.185,460,24820,0.635852,0.73,1,526787,526327,460
24538521,57.1344,20.437,517,24820,0.79117,0.55,2,526844,526327,517
24602761,113,144,459,21900,0.37,0.53,1,528518,528059,459
24621741,81,96.8,447,21900,0.466,0.17,1,528591,528144,447
24624661,78.6,97.76,427,23360,0.6932,0.09,1,528669,528242,427
24627581,52.52,26.752,464,24820,0.88264,0.11,2,528715,528251,464
24630501,12.104,34.9504,429,26280,0.920528,0.15,2,528717,528288,429
24820301,166,176,643,14600,0.13,1,1,533663,533020,643
24823221,53.2,167.2,503,14600,0.114,1,1,533688,533185,503
24826141,108.24,39.04,618,14600,0.3668,0.39,1,533810,533192,618
24829061,24.048,152.608,440,14600,0.38536,0.01,1,533813,533373,440
24831981,91.2096,129.722,424,14600,0.581072,0.13,1,533921,533497,424
24963381,51,0,554,14600,0.01,1,1,538982,538428,554
24966301,67.8,103.2,497,14600,0.154,1,1,539054,538557,497
24969221,70.36,70.24,506,14600,0.3108,0.88,1,539125,538619,506
24972141,70.872,103.648,465,14600,0.43816,0.03,1,539196,538731,465
24975061,140.574,180.73,423,14600,0.591632,0.01,1,539354,538931,423
24977981,68.1149,76.9459,422,14600,0.590326,0.19,1,539404,538982,422
24980901,79.223,72.9892,432,14600,0.654065,0.35,1,539486,539054,432
25018861,210,192,522,16060,0.03,1,1,540850,540328,522
25021781,98.8,114.4,498,17520,0.014,1,1,540921,540423,498
25024701,58.96,66.08,493,17520,0.1388,1,1,540970,540477,493
25027621,50.992,13.216,542,17520,0.13176,0.87,1,541019,540477,542
25030541,70.1984,63.4432,541,17520,0.274352,0.67,1,541094,540553,541
25033461,157.24,82.2886,633,18980,0.70287,0.03,1,541273,540640,633
25036381,33.8479,184.458,426,20440,0.788574,0.01,2,541276,540850,426
25083101,84,96,434,20440,0.63,0.17,1,542963,542529,434
25087481,67.2,73.6,429,20440,0.822,0.23,2,543026,542597,429
25167781,169,189,437,16060,0.79,0.43,2,544795,544358,437
