#Ack,ack_ewma(ms),send_ewma(ms),rtt_ratio,cwnd (Bytes),Last Router Ocupation Ack Arriaval(Packets),Last Router Ocupation Packet Sent(Packets),Network Situation,AckArrival(ms),TSInsideAck(ms),RTTAck(ms)
4381,2,0,428,16060,0.08,0.06,1,60859,60431,428
7301,2,0,430,18980,0.048,0.06,1,60861,60431,430
10221,2,0,432,21900,0.1296,0.06,1,60863,60431,432
13141,2,0,434,24820,0.12192,0.06,1,60865,60431,434
14601,161.2,0,635,27740,0.024384,0.11,1,61066,60431,635
17521,206.64,340.8,427,29200,0.180877,0.08,1,61284,60857,427
20441,48.528,69.76,434,32120,0.196175,0.08,1,61293,60859,434
23361,11.3056,13.952,436,35040,0.231235,0.04,1,61295,60859,436
26281,3.86112,4.3904,436,37960,0.214247,0.04,1,61297,60861,436
29201,2.37222,0.87808,438,40880,0.178849,0.15,1,61299,60861,438
32121,2.07444,1.77562,438,43800,0.13177,0.15,1,61301,60863,438
35041,2.01489,0.355123,440,46720,0.090354,0.12,1,61303,60863,440
37961,2.00298,1.67102,440,49640,0.290071,0.12,1,61305,60865,440
40881,2.0006,0.334205,442,52560,0.362014,0,1,61307,60865,442
43801,145.2,160.867,422,55480,0.0884028,0.22,1,61488,61066,422
46721,210.64,206.573,431,58400,0.0816806,0.22,1,61715,61284,431
49641,43.728,41.3147,433,61320,0.0483361,0.2,1,61717,61284,433
52561,10.3456,15.4629,426,64240,0.129667,0.2,1,61719,61293,426
55481,3.66912,3.09259,428,67160,0.121933,0.24,1,61721,61293,428
58401,11.1338,2.21852,439,70080,0.256387,0.24,1,61734,61295,439
61321,3.82676,0.443703,441,73000,0.259277,0.21,1,61736,61295,441
64241,2.36535,1.68874,441,75920,0.275855,0.21,1,61738,61297,441
67161,2.07307,0.337748,443,78840,0.263171,0.17,1,61740,61297,443
70081,2.01461,1.66755,443,81760,0.212634,0.17,1,61742,61299,443
73001,2.00292,0.33351,445,84680,0.170527,0.12,1,61744,61299,445
75921,2.00058,1.6667,445,87600,0.298105,0.12,1,61746,61301,445
78841,2.00012,0.33334,447,90520,0.355621,0.08,1,61748,61301,447
81761,3.60002,1.66667,449,93440,0.431124,0.08,1,61752,61303,449
84681,2.32,0.333334,451,96360,0.494225,0.34,1,61754,61303,451
87601,2.064,1.66667,451,99280,0.538845,0.34,1,61756,61305,451
90521,2.0128,0.333333,453,102200,0.579769,0.38,1,61758,61305,453
93441,2.00256,1.66667,453,105120,0.619954,0.38,1,61760,61307,453
96361,2.00051,0.333333,455,108040,0.587991,0.02,1,61762,61307,455
99281,118.8,144.867,422,110960,0.213598,0.02,1,61910,61488,422
102201,25.36,28.9733,424,113880,0.19472,0.08,1,61912,61488,424
105121,185.872,187.395,423,116800,0.0709439,0.08,1,62138,61715,423
108041,38.7744,37.4789,425,119720,0.0141888,0.04,1,62140,61715,425
110961,9.35488,9.09579,425,122640,0.00283776,0.04,1,62142,61717,425
113881,3.47098,1.81916,427,125560,0.112568,0.15,1,62144,61717,427
116801,5.4942,1.96383,431,128480,0.102514,0.15,1,62150,61719,431
119721,4.29884,0.392766,435,131400,0.188503,0.12,1,62154,61719,435
122641,2.45977,1.67855,435,134320,0.173701,0.12,1,62156,61721,435
125561,2.09195,0.335711,437,137240,0.13874,0.29,1,62158,61721,437
128481,6.81839,10.4671,432,140160,0.179748,0.29,1,62166,61734,432
131401,4.56368,2.09343,436,143080,0.12395,0.26,1,62170,61734,436
134321,4.91274,2.01869,439,146000,0.23279,0.26,1,62175,61736,439
137241,2.58255,0.403737,441,148920,0.230558,0.28,1,62177,61736,441
140161,2.11651,1.68075,441,151840,0.198112,0.28,1,62179,61738,441
143081,2.0233,0.336149,443,154760,0.159622,0.26,1,62181,61738,443
146001,2.00466,1.66723,443,157680,0.287924,0.26,1,62183,61740,443
148921,2.00093,0.333446,445,160600,0.281585,0.2,1,62185,61740,445
151841,2.00019,1.66669,445,163520,0.248317,0.2,1,62187,61742,445
154761,2.00004,0.333338,447,166440,0.209663,0.16,1,62189,61742,447
157681,2.00001,1.66667,447,169360,0.185933,0.16,1,62191,61744,447
160601,2,0.333333,449,172280,0.149187,0.33,1,62193,61744,449
163521,2,1.66667,449,175200,0.109837,0.33,1,62195,61746,449
166441,2,0.333333,451,178120,0.0699675,0.37,1,62197,61746,451
169361,2,1.66667,451,181040,0.0539935,0.37,1,62199,61748,451
172281,2,0.333333,453,183960,0.258799,0.45,1,62201,61748,453
175201,2,3.26667,451,186880,0.25976,0.45,1,62203,61752,451
178121,2,0.653333,453,189800,0.227952,0.51,1,62205,61752,453
181041,2,1.73067,453,192720,0.18959,0.51,1,62207,61754,453
183961,2,0.346133,455,195640,0.149918,0.55,1,62209,61754,455
186881,2,1.66923,455,198560,0.109984,0.55,1,62211,61756,455
189801,2,0.333845,457,201480,0.253997,0.59,1,62213,61756,457
192721,2,1.66677,457,204400,0.250799,0.59,1,62215,61758,457
195641,2,0.333354,459,207320,0.21016,0.63,1,62217,61758,459
198561,2,1.66667,459,210240,0.170032,0.63,1,62219,61760,459
201481,2,0.333334,461,213160,0.130006,0.58,1,62221,61760,461
204401,3.6,1.66667,463,216080,0.210001,0.58,1,62225,61762,463
207321,2.32,0.333333,465,219000,0.298,0.12,1,62227,61762,465
210241,89.264,118.467,428,221920,0.1796,0.12,1,62338,61910,428
213161,19.4528,23.6933,430,224840,0.13192,0.19,1,62340,61910,430
216081,5.49056,6.33867,430,227760,0.090384,0.19,1,62342,61912,430
219001,2.69811,1.26773,432,230680,0.0500768,0.04,1,62344,61912,432
221921,175.74,181.054,425,233600,0.114015,0.04,1,62563,62138,425
224841,36.7479,36.2107,427,236520,0.0948031,0,1,62565,62138,427
227761,10.5496,8.84214,429,239440,0.0349606,0,1,62569,62140,429
230681,5.30992,1.76843,433,242360,0.0869921,0,1,62573,62140,433
232961,2.66198,1.95369,433,245280,0.0653984,0.1,1,62575,62142,433
235881,2.1324,6.79074,427,246740,0.0290797,0.1,1,62577,62150,427
238801,2.02648,1.35815,429,249660,0.0538159,0.1,1,62579,62150,429
241721,2.0053,0.271629,431,252580,0.0267632,0.1,1,62581,62150,431
244401,2.00106,0.0543259,433,255500,0.00535264,0.24,1,62583,62150,433
247321,8.40021,10.4109,430,258420,0.0970705,0.24,1,62593,62163,430
250241,3.28004,2.08217,432,261340,0.0834141,0.24,1,62595,62163,432
253161,2.25601,0.416435,434,264260,0.0486828,0.24,1,62597,62163,434
255841,2.0512,0.0832869,436,267180,0.00973656,0.16,1,62599,62163,436
258761,3.61024,7.21666,431,270100,0.105947,0.16,1,62603,62172,431
261681,3.92205,1.44333,435,273020,0.149189,0.16,1,62607,62172,435
263541,4.78441,0.288666,440,275940,0.181838,0.2,1,62612,62172,440
266461,2.55688,13.6577,425,277400,0.156368,0.2,1,62614,62189,425
269381,2.11138,2.73155,427,280320,0.119274,0.2,1,62616,62189,427
272301,2.02228,0.546309,429,283240,0.0878547,0.2,1,62618,62189,429
275221,2.00446,0.109262,431,286160,0.0495709,0.2,1,62620,62189,431
278141,2.00089,0.0218524,433,289080,0.0979142,0.2,1,62622,62189,433
281061,2.00018,0.00437047,435,292000,0.0835828,0.2,1,62624,62189,435
282881,1.20004,0.000874095,436,294920,0.0887166,0.31,1,62625,62189,436
285801,1.84001,9.60018,426,296380,0.0577433,0.31,1,62627,62201,426
288721,1.968,1.92003,428,299300,0.147549,0.31,1,62629,62201,428
291641,1.9936,0.384007,430,302220,0.22951,0.31,1,62631,62201,430
294561,1.99872,0.0768014,432,305140,0.213902,0.31,1,62633,62201,432
297481,1.99974,0.0153603,434,308060,0.17878,0.31,1,62635,62201,434
299521,1.99995,0.00307206,436,310980,0.259756,0.1,1,62637,62201,436
302441,1.99999,8.00061,428,313900,0.235951,0.1,1,62639,62211,428
305361,2,1.60012,430,316820,0.19919,0.1,1,62641,62211,430
308281,2,0.320025,432,319740,0.159838,0.1,1,62643,62211,432
311201,2,0.0640049,434,322660,0.127968,0.1,1,62645,62211,434
314081,2,0.012801,436,325580,0.209594,0.22,1,62647,62211,436
317001,2,4.00256,433,328500,0.193919,0.22,1,62649,62216,433
319921,2,0.800512,435,331420,0.158784,0.22,1,62651,62216,435
322841,2,0.160102,437,334340,0.127757,0.22,1,62653,62216,437
324901,2,0.0320205,439,337260,0.0895514,0.27,1,62655,62216,439
327821,2,5.6064,434,338720,0.0499103,0.27,1,62657,62223,434
330741,2,1.12128,436,341640,0.00998205,0.27,1,62659,62223,436
333221,2.8,0.224256,439,344560,0.177996,0.32,1,62662,62223,439
336141,2.16,8.04485,431,347480,0.179599,0.32,1,62664,62233,431
338001,1.232,1.60897,432,350400,0.16392,0.02,1,62665,62233,432
340921,81.8464,89.9218,422,351860,0.208784,0.02,1,62767,62345,422
343841,17.9693,17.9844,424,354780,0.193757,0.02,1,62769,62345,424
346761,5.19386,3.59687,426,357700,0.158751,0.02,1,62771,62345,426
349441,2.63877,0.719374,428,360620,0.23975,0.02,1,62773,62345,428
352361,182.928,185.744,424,363540,0.21595,0.02,1,63001,62577,424
355281,38.1856,37.1488,426,366460,0.17919,0.02,1,63003,62577,426
358201,9.23711,7.42975,428,369380,0.147838,0.02,1,63005,62577,428
361121,3.44742,1.48595,430,372300,0.109568,0.02,1,63007,62577,430
364001,2.28948,0.29719,432,375220,0.0699135,0.18,1,63009,62577,432
366921,2.8579,10.4594,422,378140,0.0139827,0.18,1,63012,62590,422
369841,2.17158,2.09189,424,381060,0.0987965,0.18,1,63014,62590,424
372761,2.03432,0.418377,426,383980,0.0837593,0.18,1,63016,62590,426
375441,2.00686,0.0836755,428,386900,0.0487519,0.02,1,63018,62590,428
378361,8.40137,6.41674,430,389820,0.0897504,0.02,1,63028,62598,430
381281,3.28027,1.28335,432,392740,0.0659501,0.02,1,63030,62598,432
383761,2.25605,0.256669,434,395660,0.10119,0.22,1,63032,62598,434
386681,2.05121,9.65133,424,397120,0.084238,0.22,1,63034,62610,424
389601,2.01024,1.93027,426,400040,0.0488476,0.22,1,63036,62610,426
392081,2.00205,0.386053,428,402960,0.00976952,0.15,1,63038,62610,428
394161,2.00041,3.27721,426,405880,0.0259539,0.04,1,63040,62614,426
397081,7.60008,5.45544,429,407340,0.00519078,0.04,1,63049,62620,429
400001,3.12002,1.09109,431,410260,0.145038,0.04,1,63051,62620,431
402481,2.224,0.218218,433,413180,0.141008,0.07,1,63053,62620,433
405401,2.0448,4.84364,429,416100,0.108202,0.07,1,63055,62626,429
408321,2.00896,0.968729,431,419020,0.14964,0.07,1,63057,62626,431
411241,2.00179,0.193746,433,421940,0.125928,0.07,1,63059,62626,433
413921,2.00036,0.0387491,435,424860,0.0971856,0.17,1,63061,62626,435
416841,2.00007,7.20775,428,427780,0.115437,0.17,1,63063,62635,428
419761,2.00001,1.44155,430,430700,0.0950874,0.17,1,63065,62635,430
422681,2,0.28831,432,433620,0.187018,0.17,1,63067,62635,432
425361,2,0.057662,434,436540,0.173403,0.19,1,63069,62635,434
428281,2,11.2115,422,439460,0.146681,0.19,1,63071,62649,422
431201,2,2.24231,424,442380,0.213336,0.19,1,63073,62649,424
434121,2,0.448461,426,445300,0.194667,0.19,1,63075,62649,426
437041,2,0.0896922,428,448220,0.158933,0.19,1,63077,62649,428
439961,2,0.0179384,430,451140,0.111787,0.19,1,63079,62649,430
442881,2,0.00358769,432,454060,0.0703573,0.19,1,63081,62649,432
445121,2,0.000717538,434,456980,0.0300715,0.04,1,63083,62649,434
448041,2,6.40014,428,458440,0.150014,0.04,1,63085,62657,428
450961,2,1.28003,430,461360,0.142003,0.04,1,63087,62657,430
453881,2,0.256006,432,464280,0.108401,0.04,1,63089,62657,432
455521,1.2,0.0512011,433,467200,0.0856801,0.24,1,63090,62657,433
458441,1.84,3.21024,431,470120,0.049136,0.24,1,63092,62661,431
461361,1.968,0.642048,433,473040,0.0098272,0.24,1,63094,62661,433
463221,1.1936,0.12841,434,475960,0.193965,0.26,1,63095,62661,434
466141,1.83872,8.82568,425,477420,0.198793,0.26,1,63097,62672,425
469041,1.96774,1.76514,427,480340,0.167759,0.21,1,63099,62672,427
471961,85.1936,83.553,429,483260,0.137552,0.21,1,63205,62776,429
474881,18.6387,16.7106,431,486180,0.0995103,0.21,1,63207,62776,431
477801,5.32774,3.34212,433,489100,0.0519021,0.21,1,63209,62776,433
480481,2.66555,0.668424,435,492020,0.16238,0.06,1,63211,62776,435
483401,176.533,186.534,422,494940,0.104476,0.06,1,63431,63009,422
486321,36.9066,37.3067,424,497860,0.188895,0.06,1,63433,63009,424
489241,8.98132,7.46135,426,500780,0.173779,0.06,1,63435,63009,426
491921,3.39626,1.49227,428,503700,0.146756,0.1,1,63437,63009,428
494841,2.27925,5.09845,424,505160,0.109351,0.1,1,63439,63015,424
497761,2.05585,1.01969,426,508080,0.0698702,0.1,1,63441,63015,426
500241,2.01117,0.203938,428,511000,0.029974,0.14,1,63443,63015,428
503161,2.00223,4.04079,425,513920,0.00599481,0.14,1,63445,63020,425
506081,2.00045,0.808157,427,516840,0.097199,0.14,1,63447,63020,427
507941,3.60009,0.161631,431,519760,0.13944,0.08,1,63451,63020,431
510021,8.72002,7.23233,432,521220,0.187888,0.03,1,63461,63029,432
512941,3.344,10.2465,423,524140,0.165578,0.03,1,63463,63040,423
515861,2.2688,2.04929,425,527060,0.129116,0.03,1,63465,63040,425
518781,2.05376,0.409859,427,529980,0.0898231,0.03,1,63467,63040,427
521701,2.01075,0.0819717,429,532900,0.0499646,0.03,1,63469,63040,429
524581,5.20215,0.0163943,435,535820,0.0259929,0.04,1,63475,63040,435
526661,5.84043,4.80328,435,538740,0.0531986,0.18,1,63481,63046,435
529581,2.76809,8.96066,427,540200,0.14664,0.18,1,63483,63056,427
532501,2.15362,1.79213,429,543120,0.165328,0.18,1,63485,63056,429
535421,2.03072,0.358426,431,546040,0.137066,0.18,1,63487,63056,431
537061,1.20614,0.0716852,432,548960,0.115413,0.14,1,63488,63056,432
539981,1.84123,4.81434,428,550420,0.119083,0.14,1,63490,63062,428
542901,1.96825,0.962867,430,553340,0.0878165,0.14,1,63492,63062,430
544961,1.99365,0.192573,432,556260,0.0575633,0.23,1,63494,63062,432
547881,1.99873,8.83851,423,559180,0.0275127,0.23,1,63496,63073,423
550801,1.99975,1.7677,425,562100,0.0855025,0.23,1,63498,63073,425
553721,1.99995,0.353541,427,565020,0.0651005,0.23,1,63500,63073,427
556641,1.99999,0.0707081,429,567940,0.0290201,0.23,1,63502,63073,429
558481,1.2,0.0141416,430,570860,0.173804,0.19,1,63503,63073,430
561401,2.64,8.80283,422,572320,0.162761,0.19,1,63506,63084,422
564321,2.128,1.76057,424,575240,0.128552,0.19,1,63508,63084,424
567241,2.0256,0.352113,426,578160,0.0897104,0.19,1,63510,63084,426
570161,2.00512,0.0704226,428,581080,0.0499421,0.19,1,63512,63084,428
573081,2.00102,0.0140845,430,584000,0.161988,0.19,1,63514,63084,430
576001,2.0002,0.0028169,432,586920,0.160398,0.19,1,63516,63084,432
577621,2.00004,0.000563381,434,589840,0.12808,0.2,1,63518,63084,434
580541,2.00001,10.4001,423,591300,0.0896159,0.2,1,63520,63097,423
583461,2,2.08002,425,594220,0.0499232,0.2,1,63522,63097,425
586381,2,0.416004,427,597140,0.185985,0.2,1,63524,63097,427
589301,2,0.0832009,429,600060,0.181197,0.2,1,63526,63097,429
592221,2,0.0166402,431,602980,0.148239,0.2,1,63528,63097,431
593841,1.2,0.00332804,432,605900,0.125648,0.24,1,63529,63097,432
596761,1.84,8.80067,423,607360,0.0891296,0.24,1,63531,63108,423
599681,1.968,1.76013,425,610280,0.177826,0.24,1,63533,63108,425
601541,86.7936,0.352027,533,613200,0.0995652,0.08,1,63641,63108,533
604461,18.9587,87.2704,426,616120,0.235913,0.08,1,63643,63217,426
607381,5.39174,17.4541,428,619040,0.223183,0.08,1,63645,63217,428
610301,2.67835,3.49082,430,621960,0.188637,0.08,1,63647,63217,430
611521,161.336,0.698163,631,624880,0.0537273,0.14,1,63848,63217,631
614441,45.0671,176.14,427,624880,0.0907455,0.14,1,63864,63437,427
617361,10.6134,35.2279,429,627800,0.194149,0.14,1,63866,63437,429
619841,3.72269,7.04558,431,630720,0.18283,0.19,1,63868,63437,431
622761,3.14454,11.0091,422,633640,0.148566,0.19,1,63871,63449,422
625681,2.22891,2.20182,424,636560,0.213713,0.19,1,63873,63449,424
628601,2.04578,0.440365,426,639480,0.194743,0.19,1,63875,63449,426
631521,2.00916,0.0880729,428,642400,0.158949,0.19,1,63877,63449,428
634441,2.00183,0.0176146,430,645320,0.11179,0.19,1,63879,63449,430
636481,2.00037,0.00352292,432,648240,0.0703579,0.16,1,63881,63449,432
639401,3.60007,11.2007,422,649700,0.0300716,0.16,1,63885,63463,422
642101,8.72001,2.24014,432,652620,0.134014,0,1,63895,63463,432
645021,3.344,7.64803,425,655540,0.122803,0,1,63897,63472,425
647941,2.2688,1.52961,427,658460,0.160561,0,1,63899,63472,427
650861,2.05376,0.305921,429,661380,0.136112,0,1,63901,63472,429
653541,3.61075,0.0611842,433,664300,0.0752224,0.11,1,63905,63472,433
655201,1.52215,4.81224,428,667220,0.0470445,0.08,1,63906,63478,428
658121,7.50443,12.1624,423,668680,0.0254089,0.08,1,63915,63492,423
661041,3.10089,2.43249,425,671600,0.149082,0.08,1,63917,63492,425
663961,2.22018,0.486498,427,674520,0.165816,0.08,1,63919,63492,427
666881,2.04404,0.0972996,429,677440,0.137163,0.08,1,63921,63492,429
669801,2.00881,0.0194599,431,680360,0.0994327,0.08,1,63923,63492,431
672261,2.00176,0.00389198,433,683280,0.0598865,0.02,1,63925,63492,433
675181,2.00035,8.00078,425,686200,0.0519773,0.02,1,63927,63502,425
678101,2.00007,1.60016,427,689120,0.0263955,0.02,1,63929,63502,427
681021,2.00001,0.320031,429,692040,0.00527909,0.02,1,63931,63502,429
683941,2,0.0640062,431,694960,0.0810558,0.02,1,63933,63502,431
685781,1.2,0.0128012,432,697880,0.200211,0.21,1,63934,63502,432
688701,1.84,8.80256,423,699340,0.192042,0.21,1,63936,63513,423
691621,1.968,1.76051,425,702260,0.158408,0.21,1,63938,63513,425
694541,1.9936,0.352102,427,705180,0.127682,0.21,1,63940,63513,427
697461,1.99872,0.0704205,429,708100,0.0895363,0.21,1,63942,63513,429
700381,1.99974,0.0140841,431,711020,0.0499073,0.21,1,63944,63513,431
702421,2.79995,0.00281682,434,713940,0.185981,0.04,1,63947,63513,434
705341,2.15999,7.20056,427,716860,0.181196,0.04,1,63949,63522,427
708261,2.032,1.44011,429,719780,0.236239,0.04,1,63951,63522,429
711181,2.0064,0.288023,431,722700,0.215248,0.04,1,63953,63522,431
712821,1.20128,0.0576045,432,725620,0.19505,0.08,1,63954,63522,432
715741,1.84026,7.21152,425,727080,0.15901,0.08,1,63956,63531,425
718661,1.96805,1.4423,427,730000,0.207802,0.08,1,63958,63531,427
721581,1.99361,0.288461,429,732920,0.19356,0.08,1,63960,63531,429
724501,1.99872,0.0576922,431,735840,0.158712,0.08,1,63962,63531,431
726341,1.19974,0.0115384,432,738760,0.135742,0.12,1,63963,63531,432
729261,1.83995,5.60231,427,740220,0.227148,0.12,1,63965,63538,427
731541,87.568,1.12046,536,743140,0.11743,0.12,1,64074,63538,536
734461,19.1136,89.8241,426,746060,0.0634859,0.12,1,64076,63650,426
737381,5.42272,17.9648,428,748980,0.0126972,0.12,1,64078,63650,428
740301,2.68454,3.59296,430,751900,0.178539,0.12,1,64080,63650,430
741941,159.737,0.718593,629,754820,0.0357079,0.21,1,64279,63650,629
744021,48.7474,162.544,447,756280,0.0711416,0.1,1,64300,63853,447
746941,11.3495,53.3087,423,757740,0.0462283,0.1,1,64302,63879,423
749861,3.86989,10.6617,425,760660,0.0332457,0.1,1,64304,63879,425
752781,2.37398,2.13235,427,763580,0.00664913,0.1,1,64306,63879,427
755701,2.0748,0.42647,429,766500,0.00132983,0.1,1,64308,63879,429
758621,2.01496,0.085294,431,769420,0.000265965,0.1,1,64310,63879,431
761541,2.00299,0.0170588,433,772340,5.3193e-05,0.1,1,64312,63879,433
763781,2.0006,0.00341176,435,775260,0.144011,0,1,64314,63879,435
766701,2.00012,6.40068,429,778180,0.228802,0,1,64316,63887,429
769601,2.00002,1.28014,431,781100,0.21376,0.04,1,64318,63887,431
772521,8.4,15.456,422,784020,0.178752,0.04,1,64328,63906,422
775441,3.28,3.09121,424,786940,0.14775,0.04,1,64330,63906,424
778361,2.256,0.618241,426,789860,0.10955,0.04,1,64332,63906,426
781281,2.0512,0.123648,428,792780,0.15791,0.04,1,64334,63906,428
784161,2.01024,0.0247296,430,795700,0.135582,0.02,1,64336,63906,430
786241,3.60205,7.20495,425,798620,0.131116,0.09,1,64340,63915,425
789161,8.72041,7.84099,427,800080,0.0822233,0.09,1,64350,63923,427
792081,3.34408,1.5682,429,803000,0.200445,0.09,1,64352,63923,429
795001,2.26882,0.31364,431,805920,0.184089,0.09,1,64354,63923,431
797681,2.05376,0.0627279,433,808840,0.188818,0.23,1,64356,63923,433
800601,2.01075,8.81255,424,811760,0.157764,0.23,1,64358,63934,424
803521,2.00215,1.76251,426,814680,0.119553,0.23,1,64360,63934,426
806441,2.00043,0.352502,428,817600,0.0799105,0.23,1,64362,63934,428
809361,2.00009,0.0705004,430,820520,0.0479821,0.23,1,64364,63934,430
812281,2.00002,0.0141001,432,823440,0.0815964,0.23,1,64366,63934,432
814321,2,0.00282001,434,826360,0.0643193,0.14,1,64368,63934,434
817241,2,4.00056,431,827820,0.0288639,0.14,1,64370,63939,431
820161,2,0.800113,433,830740,0.181773,0.14,1,64372,63939,433
822641,2,0.160023,435,833660,0.180355,0.23,1,64374,63939,435
825561,2,5.632,430,836580,0.148071,0.23,1,64376,63946,430
828481,2,1.1264,432,839500,0.109614,0.23,1,64378,63946,432
830961,2,0.22528,434,842420,0.0699228,0.19,1,64380,63946,434
833881,2,6.44506,428,845340,0.149985,0.19,1,64382,63954,428
836801,2,1.28901,430,848260,0.141997,0.19,1,64384,63954,430
839721,2,0.257802,432,851180,0.108399,0.19,1,64386,63954,432
841361,1.2,0.0515604,433,854100,0.0856799,0.15,1,64387,63954,433
844281,1.84,6.41031,427,855560,0.049136,0.15,1,64389,63962,427
847201,1.968,1.28206,429,858480,0.00982719,0.15,1,64391,63962,429
850121,1.9936,0.256412,431,861400,0.177965,0.15,1,64393,63962,431
851761,1.19872,0.0512825,432,864320,0.195593,0.17,1,64394,63962,432
854681,6.63974,12.0103,425,865780,0.207119,0.17,1,64402,63977,425
857601,2.92795,2.40205,427,868700,0.177424,0.17,1,64404,63977,427
860081,2.18559,0.48041,429,871620,0.147485,0.2,1,64406,63977,429
863001,81.2371,83.2961,426,874540,0.213497,0.2,1,64507,64081,426
865921,17.8474,16.6592,428,877460,0.194699,0.2,1,64509,64081,428
868841,5.16948,3.33184,430,880380,0.16694,0.2,1,64511,64081,430
870481,1.8339,0.666369,431,883300,0.145388,0.11,1,64512,64081,431
872561,163.567,169.733,423,884760,0.101078,0.02,1,64716,64293,423
875481,47.9134,43.5467,430,886220,0.0202155,0.02,1,64735,64305,430
878401,11.1827,8.70933,432,889140,0.0200431,0.02,1,64737,64305,432
880881,3.83653,1.74187,434,892060,0.0520086,0.18,1,64739,64305,434
883801,2.36731,7.54837,427,894980,0.0264017,0.18,1,64741,64314,427
886721,2.07346,1.50967,429,897900,0.00528034,0.18,1,64743,64314,429
889641,2.01469,0.301935,431,900820,0.0970561,0.18,1,64745,64314,431
892321,2.00294,0.060387,433,903740,0.0834112,0.13,1,64747,64314,433
895241,2.00059,6.41208,427,906660,0.0486822,0.13,1,64749,64322,427
898161,2.00012,1.28242,429,909580,0.00973645,0.13,1,64751,64322,429
900641,2.00002,0.256483,431,912500,0.00194729,0.14,1,64753,64322,431
902721,5.2,6.4513,429,913960,0.200389,0.14,1,64759,64330,429
905641,5.84,10.0903,424,916880,0.144078,0.14,1,64765,64341,424
908561,2.768,2.01805,426,919800,0.188816,0.14,1,64767,64341,426
911481,2.1536,0.40361,428,922720,0.165763,0.14,1,64769,64341,428
914401,2.03072,0.0807221,430,925640,0.137153,0.14,1,64771,64341,430
917281,2.00614,0.0161444,432,928560,0.147431,0.09,1,64773,64341,432
920201,8.40123,16.0032,422,931480,0.117486,0.09,1,64783,64361,422
923121,3.28025,3.20065,424,934400,0.0874972,0.09,1,64785,64361,424
926041,2.25605,0.640129,426,937320,0.0734994,0.09,1,64787,64361,426
928961,2.05121,0.128026,428,940240,0.1107,0.09,1,64789,64361,428
931881,2.01024,0.0256052,430,943160,0.09414,0.09,1,64791,64361,430
933921,2.00205,0.00512103,432,946080,0.066828,0.02,1,64793,64361,432
936841,2.00041,7.20102,425,947540,0.157366,0.02,1,64795,64370,425
939761,2.00008,1.4402,427,950460,0.207473,0.02,1,64797,64370,427
942681,2.00002,0.288041,429,953380,0.185495,0.02,1,64799,64370,429
945361,2,0.0576082,431,956300,0.149099,0.17,1,64801,64370,431
948281,2.8,9.61152,422,959220,0.20582,0.17,1,64804,64382,422
951201,2.16,1.9223,424,962140,0.177164,0.17,1,64806,64382,424
954121,2.032,0.384461,426,965060,0.139433,0.17,1,64808,64382,426
957041,2.0064,0.0768922,428,967980,0.179887,0.17,1,64810,64382,428
959961,2.00128,0.0153784,430,970900,0.155977,0.17,1,64812,64382,430
962001,2.00026,0.00307569,432,973820,0.119195,0.02,1,64814,64382,432
964921,2.00005,6.40062,426,975280,0.0878391,0.02,1,64816,64390,426
967841,2.00001,1.28012,428,978200,0.0495678,0.02,1,64818,64390,428
970761,2,0.256025,430,981120,0.129914,0.02,1,64820,64390,430
973681,2,0.0512049,432,984040,0.193983,0.02,1,64822,64390,432
975941,2,0.010241,434,986960,0.214797,0.16,1,64824,64390,434
978861,2,4.80205,430,989880,0.186959,0.16,1,64826,64396,430
981781,2,0.96041,432,992800,0.149392,0.16,1,64828,64396,432
984261,6.8,0.192082,440,995720,0.0298784,0.17,1,64836,64396,440
986341,4.56,6.43842,436,998640,0.117976,0.22,1,64840,64404,436
989261,2.512,8.48768,429,1000100,0.103595,0.22,1,64842,64413,429
991121,1.3024,1.69754,430,1003020,0.084719,0.27,1,64843,64413,430
994041,78.6605,82.7395,425,1004480,0.128944,0.27,1,64941,64516,425
996961,17.3321,16.5479,427,1007400,0.105789,0.27,1,64943,64516,427
999881,5.06642,3.30958,429,1010320,0.221158,0.27,1,64945,64516,429
1001521,1.81328,0.661916,430,1013240,0.228232,0.06,1,64946,64516,430
1003601,159.563,164.932,423,1014700,0.0456463,0.08,1,65145,64722,423
1006521,51.1125,52.9865,422,1017620,0.161129,0.08,1,65169,64747,422
1009441,11.8225,10.5973,424,1020540,0.152226,0.08,1,65171,64747,424
1012361,3.9645,2.11946,426,1023460,0.126445,0.08,1,65173,64747,426
1015281,2.3929,0.423892,428,1026380,0.089289,0.08,1,65175,64747,428
1018201,2.07858,0.0847783,430,1029300,0.105858,0.08,1,65177,64747,430
1020241,2.01572,0.0169557,432,1032220,0.0771716,0.06,1,65179,64747,432
1023161,2.00314,0.803391,433,1033680,0.0474343,0.06,1,65181,64748,433
1024821,1.20063,0.160678,434,1036600,0.0254869,0,1,65182,64748,434
1027741,1.84013,5.63214,429,1038060,0.00509737,0,1,65184,64755,429
1030661,1.96803,1.12643,431,1040980,0.00101947,0,1,65186,64755,431
1033141,5.19361,0.225285,437,1043900,0.0322039,0.13,1,65192,64755,437
1035221,2.63872,8.04506,429,1046820,0.00644078,0.13,1,65194,64765,429
1038141,2.12774,6.40901,425,1049740,0.00128816,0.13,1,65196,64771,425
1041061,2.02555,1.2818,427,1052660,0.000257631,0.13,1,65198,64771,427
1043541,8.40511,0.25636,437,1055580,0.0560515,0.11,1,65208,64771,437
1046461,4.88102,9.65127,429,1057040,0.0672103,0.11,1,65212,64783,429
1048321,2.5762,1.93025,431,1059960,0.0454421,0.09,1,65214,64783,431
1051241,2.11524,2.78605,430,1062880,0.0970884,0.09,1,65216,64786,430
1053521,2.02305,0.55721,432,1065800,0.0834177,0.08,1,65218,64786,432
1056441,2.00461,4.91144,428,1067260,0.0726835,0.08,1,65220,64792,428
1059361,2.00092,0.982288,430,1070180,0.158537,0.08,1,65222,64792,430
1062281,2.00018,0.196458,432,1073100,0.151707,0.08,1,65224,64792,432
1064341,2.00004,0.0392915,434,1076020,0.198341,0.21,1,65226,64792,434
1067261,2.00001,4.80786,430,1078940,0.175668,0.21,1,65228,64798,430
1070161,2,0.961572,432,1081860,0.139134,0.13,1,65230,64798,432
1073081,2,8.19231,424,1083320,0.0918267,0.13,1,65232,64808,424
1076001,2,1.63846,426,1086240,0.0903654,0.13,1,65234,64808,426
1078921,2,0.327693,428,1089160,0.178073,0.13,1,65236,64808,428
1081601,2,0.0655385,430,1092080,0.227615,0.17,1,65238,64808,430
1084521,2,2.41311,429,1095000,0.197523,0.17,1,65240,64811,429
1087441,2,0.482622,431,1097920,0.159505,0.17,1,65242,64811,431
1089301,1.2,0.0965243,432,1100840,0.135901,0.13,1,65243,64811,432
1090961,1.04,1.6193,431,1103760,0.11518,0.18,1,65244,64813,431
1093881,3.408,10.7239,422,1105220,0.039036,0.18,1,65248,64826,422
1096801,2.2816,2.14477,424,1108140,0.00780721,0.18,1,65250,64826,424
1099721,2.05632,0.428954,426,1111060,0.00156144,0.18,1,65252,64826,426
1102641,2.01126,0.0857909,428,1113980,0.192312,0.18,1,65254,64826,428
1105561,2.00225,0.0171582,430,1116900,0.254462,0.18,1,65256,64826,430
1108021,5.20045,0.00343163,436,1119820,0.170892,0.14,1,65262,64826,436
1110941,4.24009,11.2007,426,1121280,0.0901785,0.14,1,65266,64840,426
1113861,4.04802,2.24014,430,1124200,0.170036,0.14,1,65270,64840,430
1116341,4.0096,0.448027,434,1127120,0.130007,0.25,1,65274,64840,434
1119261,2.40192,8.88961,425,1130040,0.146001,0.25,1,65276,64851,425
1122161,2.08038,1.77792,427,1132960,0.1172,0.17,1,65278,64851,427
1125081,81.2161,83.5556,424,1135880,0.19144,0.17,1,65379,64955,424
1128001,19.4432,16.7111,428,1138800,0.142288,0.17,1,65383,64955,428
1130921,7.08864,3.34222,432,1141720,0.0764576,0.17,1,65387,64955,432
1132561,2.21773,0.668445,433,1144640,0.199292,0.15,1,65388,64955,433
1134641,154.844,162.534,423,1146100,0.0398583,0.13,1,65581,65158,423
1137561,44.5687,46.9067,422,1149020,0.0959717,0.13,1,65598,65176,422
1140481,10.5137,9.38135,424,1151940,0.0751943,0.13,1,65600,65176,424
1143401,3.70275,1.87627,426,1154860,0.159039,0.13,1,65602,65176,426
1146081,2.34055,0.375254,428,1157780,0.151808,0.1,1,65604,65176,428
1149001,6.06811,10.4751,422,1159240,0.0463616,0.1,1,65611,65189,422
1151921,2.81362,2.09501,424,1162160,0.00927231,0.1,1,65613,65189,424
1154841,2.16272,0.419002,426,1165080,0.00185446,0.1,1,65615,65189,426
1157761,2.03254,0.0838004,428,1168000,0.0483709,0.1,1,65617,65189,428
1160681,2.00651,0.0167601,430,1170920,0.145674,0.1,1,65619,65189,430
1163141,2.0013,0.00335202,432,1173840,0.141135,0,1,65621,65189,432
1165221,5.20026,4.00067,433,1176760,0.044227,0.15,1,65627,65194,433
1168141,2.64005,8.80013,425,1179680,0.00884539,0.15,1,65629,65204,425
1171061,2.12801,1.76003,427,1182600,0.0977691,0.15,1,65631,65204,427
1173541,9.2256,0.352005,438,1185520,0.131554,0.13,1,65642,65204,438
1176461,3.44512,8.8704,429,1186980,0.106311,0.13,1,65644,65215,429
1179361,2.28902,1.77408,431,1189900,0.125262,0.15,1,65646,65215,431
1182281,3.6578,7.55482,426,1192820,0.0810524,0.15,1,65650,65224,426
1185201,2.33156,1.51096,428,1195740,0.0402105,0.15,1,65652,65224,428
1188121,2.06631,0.302193,430,1198660,0.136042,0.15,1,65654,65224,430
1189761,1.21326,0.0604385,431,1201580,0.147208,0.19,1,65655,65224,431
1192681,1.84265,2.41209,430,1203040,0.133442,0.19,1,65657,65227,430
1194961,1.96853,0.482418,432,1205960,0.0986883,0.15,1,65659,65227,432
1197881,4.39371,12.0965,422,1208880,0.195738,0.15,1,65664,65242,422
1200801,2.47874,2.4193,424,1211800,0.191148,0.15,1,65666,65242,424
1203721,2.09575,0.483859,426,1214720,0.222229,0.15,1,65668,65242,426
1206641,2.01915,0.0967719,428,1217640,0.196446,0.15,1,65670,65242,428
1209561,2.00383,0.0193544,430,1220560,0.159289,0.15,1,65672,65242,430
1212481,2.00077,0.00387087,432,1223480,0.119858,0.15,1,65674,65242,432
1214721,2.00015,0.000774175,434,1226400,0.0719716,0.11,1,65676,65242,434
1217641,2.00003,1.60015,434,1229320,0.0303943,0.11,1,65678,65244,434
1219921,2.00001,0.320031,436,1232240,0.118079,0.27,1,65680,65244,436
1222841,2,9.66401,426,1233700,0.103616,0.27,1,65682,65256,426
1225761,2,1.9328,428,1236620,0.0687232,0.27,1,65684,65256,428
1228681,2,0.38656,430,1239540,0.0297446,0.27,1,65686,65256,430
1231601,2,0.077312,432,1242460,0.101949,0.27,1,65688,65256,432
1233441,1.2,0.0154624,433,1245380,0.10039,0.09,1,65689,65256,433
1236361,1.84,7.20309,426,1246840,0.068078,0.09,1,65691,65265,426
1238641,1.968,1.44062,428,1249760,0.0296156,0.21,1,65693,65265,428
1241561,1.9936,3.48812,426,1252680,0.00592312,0.21,1,65695,65269,426
1243221,6.79872,0.697625,434,1255600,0.169185,0.14,1,65703,65269,434
1246141,2.95974,10.5395,423,1257060,0.169837,0.14,1,65705,65282,423
1249061,2.19195,2.1079,425,1259980,0.129967,0.14,1,65707,65282,425
1251981,2.03839,0.421581,427,1262900,0.0899935,0.14,1,65709,65282,427
1254661,84.4077,0.0843162,532,1265820,0.185999,0.19,1,65814,65282,532
1257581,18.4815,86.4169,426,1268740,0.1812,0.19,1,65816,65390,426
1260501,5.29631,17.2834,428,1271660,0.14824,0.19,1,65818,65390,428
1263421,2.65926,3.45667,430,1274580,0.229648,0.19,1,65820,65390,430
1265061,154.932,0.691335,623,1277500,0.0459296,0.06,1,66013,65390,623
1267141,45.3864,156.938,445,1278960,0.0891859,0.1,1,66031,65586,445
1270061,10.6773,48.1877,426,1280420,0.0658372,0.1,1,66033,65607,426
1272981,3.73545,9.63753,428,1283340,0.0531674,0.1,1,66035,65607,428
1275901,2.34709,1.92751,430,1286260,0.0986335,0.1,1,66037,65607,430
1278581,2.86942,0.385501,433,1289180,0.0677267,0.17,1,66040,65607,433
1281501,2.17388,9.6771,423,1292100,0.0295453,0.17,1,66042,65619,423
1284421,2.03478,1.93542,425,1295020,0.0219091,0.17,1,66044,65619,425
1287341,2.00696,0.387084,427,1297940,0.0683818,0.17,1,66046,65619,427
1290021,5.20139,0.0774168,433,1300860,0.125676,0.12,1,66052,65619,433
1292941,2.64028,9.61548,423,1303780,0.105135,0.12,1,66054,65631,423
1295861,2.12806,1.9231,425,1306700,0.0690271,0.12,1,66056,65631,425
1298781,2.02561,0.384619,427,1309620,0.117805,0.12,1,66058,65631,427
1300421,6.00512,0.0769239,434,1312540,0.0235611,0.14,1,66065,65631,434
1302081,2.00102,8.81538,424,1314000,0.00471222,0.18,1,66066,65642,424
1305001,10.0002,10.5631,425,1315460,0.0649424,0.18,1,66078,65653,425
1307921,3.60004,2.11262,427,1318380,0.0849885,0.18,1,66080,65653,427
1310841,2.32001,0.422523,429,1321300,0.112998,0.18,1,66082,65653,429
1313761,2.064,0.0845046,431,1324220,0.0945995,0.18,1,66084,65653,431
1315601,1.2128,0.0169009,432,1327140,0.0749199,0.13,1,66085,65653,432
1318521,1.84256,3.20338,430,1330060,0.046984,0.13,1,66087,65657,430
1320801,1.96851,0.640676,432,1332980,0.0093968,0.23,1,66089,65657,432
1323721,1.9937,8.92814,423,1334440,0.0178794,0.23,1,66091,65668,423
1326641,1.99874,1.78563,425,1337360,0.0515759,0.23,1,66093,65668,425
1329561,1.99975,0.357125,427,1340280,0.0263152,0.23,1,66095,65668,427
1331201,1.19995,0.0714251,428,1343200,0.125263,0.06,1,66096,65668,428
1334121,1.83999,6.41429,422,1344660,0.121053,0.06,1,66098,65676,422
1337041,1.968,1.28286,424,1347580,0.0882105,0.06,1,66100,65676,424
1339961,1.9936,0.256571,426,1350500,0.0496421,0.06,1,66102,65676,426
1342641,1.99872,0.0513143,428,1353420,0.00992842,0.02,1,66104,65676,428
1345561,3.59974,8.01026,422,1356340,0.0979857,0.02,1,66108,65686,422
1348481,2.31995,1.60205,424,1359260,0.0835971,0.02,1,66110,65686,424
1351401,2.06399,0.32041,426,1362180,0.0487194,0.02,1,66112,65686,426
1354321,2.0128,0.0640821,428,1365100,0.00974389,0.02,1,66114,65686,428
1356161,1.20256,0.0128164,429,1368020,0.00194878,0.04,1,66115,65686,429
1359081,1.84051,4.80256,425,1369480,0.16039,0.04,1,66117,65692,425
1362001,1.9681,0.960513,427,1372400,0.160078,0.04,1,66119,65692,427
1364921,1.99362,0.192103,429,1375320,0.128016,0.04,1,66121,65692,429
1366561,1.19872,0.0384205,430,1378240,0.105603,0.23,1,66122,65692,430
1369481,1.83974,8.00768,422,1381160,0.0691206,0.23,1,66124,65702,422
1371761,1.96795,1.60154,424,1384080,0.149824,0.06,1,66126,65702,424
1374681,12.3936,12.3203,424,1385540,0.149965,0.06,1,66141,65717,424
1377601,5.67872,2.46406,428,1388460,0.085993,0.06,1,66145,65717,428
1380521,2.73574,0.492812,430,1391380,0.105199,0.06,1,66147,65717,430
1382161,1.34715,0.0985624,431,1394300,0.0930397,0.15,1,66148,65717,431
1385081,81.8694,86.4197,425,1395760,0.0986079,0.15,1,66250,65825,425
1388001,17.9739,17.2839,427,1398680,0.0677216,0.15,1,66252,65825,427
1390921,5.19478,3.45679,429,1401600,0.165544,0.15,1,66254,65825,429
1393601,2.63896,0.691358,431,1404520,0.201109,0,1,66256,65825,431
1395681,153.328,158.538,424,1407440,0.0402218,0.08,1,66447,66023,424
1397761,37.0656,38.9077,423,1408900,0.00804435,0.04,1,66455,66032,423
1400681,13.8131,14.9815,422,1411820,0.0496089,0.04,1,66463,66041,422
1403601,4.36262,2.99631,424,1414740,0.0259218,0.04,1,66465,66041,424
1406521,2.47252,0.599261,426,1417660,0.0371844,0.04,1,66467,66041,426
1409201,2.0945,0.119852,428,1420580,0.00743687,0.06,1,66469,66041,428
1412121,2.0189,4.82397,424,1423500,0.00148737,0.06,1,66471,66047,424
1415041,2.00378,0.964794,426,1426420,0.128297,0.06,1,66473,66047,426
1417521,2.00076,0.192959,428,1429340,0.121659,0.15,1,66475,66047,428
1420441,3.60015,8.03859,422,1430800,0.0563319,0.15,1,66479,66057,422
1423361,2.32003,1.60772,424,1433720,0.0912664,0.15,1,66481,66057,424
1426281,2.06401,0.321544,426,1436640,0.0662533,0.15,1,66483,66057,426
1428341,2.0128,0.0643087,428,1439560,0.117251,0.1,1,66485,66057,428
1430421,6.80256,2.41286,433,1442480,0.0234501,0.11,1,66493,66060,433
1433121,2.96051,6.88257,427,1443940,0.00469003,0.07,1,66495,66068,427
1436041,10.9921,14.9765,423,1446860,0.104938,0.07,1,66508,66085,423
1438961,3.79842,2.9953,425,1449780,0.0849876,0.07,1,66510,66085,425
1441881,2.35968,0.599061,427,1452700,0.104998,0.07,1,66512,66085,427
1444561,2.07194,0.119812,429,1455620,0.116999,0.02,1,66514,66085,429
1447481,2.81439,8.02396,422,1458540,0.0793999,0.02,1,66517,66095,422
1450401,2.16288,1.60479,424,1461460,0.04788,0.02,1,66519,66095,424
1453321,2.03258,0.320958,426,1464380,0.009576,0.02,1,66521,66095,426
1456241,2.00652,0.0641917,428,1467300,0.0019152,0.02,1,66523,66095,428
1458501,2.8013,0.0128383,431,1470220,0.00038304,0.16,1,66526,66095,431
1461421,2.16026,8.00257,423,1471680,0.160077,0.16,1,66528,66105,423
1464341,2.03205,1.60051,425,1474600,0.184015,0.16,1,66530,66105,425
1467261,2.00641,0.320103,427,1477520,0.156803,0.16,1,66532,66105,427
1470181,2.00128,0.0640205,429,1480440,0.119361,0.16,1,66534,66105,429
1473101,2.00026,0.0128041,431,1483360,0.0798721,0.16,1,66536,66105,431
1475141,2.00005,0.00256082,433,1486280,0.0399744,0,1,66538,66105,433
1478061,2.00001,8.00051,425,1489200,0.127995,0,1,66540,66115,425
1480981,2,1.6001,427,1492120,0.121599,0,1,66542,66115,427
1483901,2,0.32002,429,1495040,0.0883198,0,1,66544,66115,429
1486581,2.8,0.0640041,432,1497960,0.153664,0.06,1,66547,66115,432
1489501,2.16,7.2128,425,1500880,0.142733,0.06,1,66549,66124,425
1492421,2.032,1.44256,427,1503800,0.108547,0.06,1,66551,66124,427
1495341,2.0064,0.288512,429,1506720,0.0697093,0.06,1,66553,66124,429
1497601,2.00128,0.0577024,431,1509640,0.0299419,0.1,1,66555,66124,431
1500521,2.00026,4.81154,427,1511100,0.00598837,0.1,1,66557,66130,427
1502801,2.00005,0.962308,429,1514020,0.129198,0.04,1,66559,66130,429
1505721,11.6,16.9925,422,1516940,0.13784,0.04,1,66573,66151,422
1508641,3.92,3.39849,424,1519860,0.147568,0.04,1,66575,66151,424
1511561,2.384,0.679698,426,1522780,0.117514,0.04,1,66577,66151,426
1513201,1.2768,0.13594,427,1525700,0.0955027,0.21,1,66578,66151,427
1516121,84.2554,84.0272,427,1527160,0.155101,0.21,1,66683,66256,427
1519041,18.4511,16.8054,429,1530080,0.14302,0.21,1,66685,66256,429
1521521,5.29021,3.36109,431,1533000,0.108604,0.17,1,66687,66256,431
1524441,4.25804,6.27222,428,1535920,0.0377208,0.17,1,66691,66263,428
1526101,149.652,1.25444,614,1538840,0.0715442,0.13,1,66877,66263,614
1528801,31.5303,154.651,423,1540300,0.0463088,0,1,66879,66456,423
1531721,16.7061,41.3302,423,1543220,0.0892618,0,1,66892,66469,423
1534641,4.94121,8.26604,425,1546140,0.121852,0,1,66894,66469,425
1537121,2.58824,1.65321,427,1549060,0.0963705,0.14,1,66896,66469,427
1540041,2.11765,4.33064,424,1550520,0.155274,0.14,1,66898,66474,424
1542961,2.02353,0.866128,426,1553440,0.135055,0.14,1,66900,66474,426
1545441,2.00471,0.173226,428,1556360,0.107011,0.06,1,66902,66474,428
1548361,7.60094,12.0346,422,1559280,0.189402,0.06,1,66911,66489,422
1551281,3.12019,2.40693,424,1562200,0.17388,0.06,1,66913,66489,424
1554201,2.22404,0.481386,426,1565120,0.138776,0.06,1,66915,66489,426
1557121,2.04481,0.0962771,428,1568040,0.0997552,0.06,1,66917,66489,428
1558961,1.20896,0.0192554,429,1570960,0.083951,0.16,1,66918,66489,429
1561881,6.64179,9.60385,425,1572420,0.0647902,0.16,1,66926,66501,425
1564161,2.92836,1.92077,427,1575340,0.028958,0.09,1,66928,66501,427
1567081,10.1857,12.3842,424,1578260,0.0697916,0.09,1,66940,66516,424
1570001,5.23713,2.47683,428,1581180,0.0699583,0.09,1,66944,66516,428
1572921,2.64743,0.495366,430,1584100,0.0699917,0.09,1,66946,66516,430
1575601,2.12949,0.0990732,432,1587020,0.0379983,0.05,1,66948,66516,432
1577681,2.0259,1.61981,432,1589940,0.0315997,0.2,1,66950,66518,432
1580601,2.00518,8.32396,424,1591400,0.00631993,0.2,1,66952,66528,424
1583521,2.00104,1.66479,426,1594320,0.00126399,0.2,1,66954,66528,426
1586441,2.00021,0.332958,428,1597240,0.000252797,0.2,1,66956,66528,428
1589121,2.00004,0.0665917,430,1600160,0.136051,0.07,1,66958,66528,430
1592041,2.00001,6.41332,424,1603080,0.13121,0.07,1,66960,66536,424
1594961,2,1.28266,426,1606000,0.098242,0.07,1,66962,66536,426
1597881,2,0.256533,428,1608920,0.0596484,0.07,1,66964,66536,428
1600561,2,0.0513065,430,1611840,0.0279297,0.17,1,66966,66536,430
1603481,2.8,8.81026,422,1614760,0.101586,0.17,1,66969,66547,422
1606401,2.16,1.76205,424,1617680,0.0843172,0.17,1,66971,66547,424
1609321,2.032,0.35241,426,1620600,0.0488634,0.17,1,66973,66547,426
1612241,2.0064,0.0704821,428,1623520,0.00977269,0.17,1,66975,66547,428
1614081,1.20128,0.0140964,429,1626440,0.00195454,0.18,1,66976,66547,429
1617001,3.44026,8.80282,422,1627900,0.0963909,0.18,1,66980,66558,422
1619921,2.28805,1.76056,424,1630820,0.0832782,0.18,1,66982,66558,424
1622841,2.05761,0.352113,426,1633740,0.0486556,0.18,1,66984,66558,426
1625761,2.01152,0.0704225,428,1636660,0.00973113,0.18,1,66986,66558,428
1628681,2.0023,0.0140845,430,1639580,0.177946,0.18,1,66988,66558,430
1630721,2.00046,0.0028169,432,1642500,0.179589,0.06,1,66990,66558,432
1633641,2.00009,4.80056,428,1643960,0.147918,0.06,1,66992,66564,428
1635301,7.60002,0.960113,437,1646880,0.101584,0.17,1,67001,66564,437
1637381,4.72,8.19202,431,1649800,0.0363167,0.16,1,67005,66574,431
1640301,2.544,9.6384,423,1651260,0.103263,0.16,1,67007,66584,423
1643221,2.1088,1.92768,425,1654180,0.0846527,0.16,1,67009,66584,425
1645701,88.4218,0.385536,535,1657100,0.0809305,0.1,1,67119,66584,535
1648621,19.2844,82.4771,434,1660020,0.0481861,0.1,1,67121,66687,434
1650901,7.05687,16.4954,438,1662940,0.105637,0,1,67125,66687,438
1653821,3.01137,9.69908,432,1664400,0.0851275,0,1,67127,66695,432
1656101,145.402,1.93982,613,1667320,0.0810255,0,1,67308,66695,613
1659021,30.6805,150.788,427,1670240,0.0722051,0,1,67310,66883,427
1661301,15.7361,30.1576,439,1673160,0.142441,0.13,1,67322,66883,439
1664221,6.34722,19.6315,426,1674620,0.0924882,0.13,1,67326,66900,426
1667141,3.66944,3.9263,429,1677540,0.0904976,0.13,1,67329,66900,429
1670061,2.33389,0.785261,431,1680460,0.0660995,0.13,1,67331,66900,431
1671701,1.26678,0.157052,432,1683380,0.13322,0,1,67332,66900,432
1674621,1.85336,6.43141,426,1686300,0.114644,0,1,67334,66908,426
1676481,1.17067,1.28628,427,1689220,0.102929,0.16,1,67335,66908,427
1679401,1.83413,5.05726,423,1690680,0.0685858,0.16,1,67337,66914,423
1681681,1.96683,1.01145,425,1693600,0.0297172,0.08,1,67339,66914,425
1684601,4.39337,6.60229,422,1695060,0.125943,0.08,1,67344,66922,422
1687521,2.47867,1.32046,424,1697980,0.121189,0.08,1,67346,66922,424
1690001,2.09573,0.264092,426,1700900,0.0882377,0,1,67348,66922,426
1692921,6.81915,7.25282,425,1703820,0.0176475,0,1,67356,66931,425
1695201,2.96383,1.45056,427,1706740,0.13153,0.05,1,67358,66931,427
1698121,10.9928,13.0901,424,1709660,0.130306,0.05,1,67371,66947,424
1701041,5.39855,2.61802,428,1712580,0.0900612,0.05,1,67375,66947,428
1703521,2.67971,0.523604,430,1715500,0.0580122,0,1,67377,66947,430
1706441,2.13594,7.30472,423,1716960,0.0276024,0,1,67379,66956,423
1709361,2.02719,1.46094,425,1719880,0.0615205,0,1,67381,66956,425
1712281,2.00544,0.292189,427,1722800,0.0283041,0,1,67383,66956,427
1713921,1.20109,0.0584378,428,1725720,0.00566082,0.02,1,67384,66956,428
1716841,3.44022,8.01169,422,1727180,0.00113216,0.02,1,67388,66966,422
1719761,2.28804,1.60234,424,1730100,0.0482264,0.02,1,67390,66966,424
1722681,2.05761,0.320467,426,1733020,0.145645,0.02,1,67392,66966,426
1725601,2.01152,0.0640935,428,1735940,0.141129,0.02,1,67394,66966,428
1728481,2.0023,0.0128187,430,1738860,0.108226,0.18,1,67396,66966,430
1731401,2.80046,8.80256,422,1741780,0.0536452,0.18,1,67399,66977,422
1734321,2.16009,1.76051,424,1744700,0.122729,0.18,1,67401,66977,424
1737241,2.03202,0.352103,426,1747620,0.104546,0.18,1,67403,66977,426
1740161,2.0064,0.0704205,428,1750540,0.140909,0.18,1,67405,66977,428
1743081,2.00128,0.0140841,430,1753460,0.116182,0.18,1,67407,66977,430
1745121,2.00026,0.00281682,432,1756380,0.0712364,0.06,1,67409,66977,432
1748041,2.00005,4.80056,428,1759300,0.0302473,0.06,1,67411,66983,428
1750321,2.00001,0.960113,430,1762220,0.118049,0,1,67413,66983,430
1753241,2,2.59202,429,1763680,0.10361,0,1,67415,66986,429
1754901,1.2,0.518404,430,1766600,0.084722,0.15,1,67416,66986,430
1757821,1.84,7.30368,423,1768060,0.0489444,0.15,1,67418,66995,423
1760741,1.968,1.46074,425,1770980,0.00978888,0.15,1,67420,66995,425
1763661,1.9936,0.292147,427,1773900,0.00195778,0.15,1,67422,66995,427
1765301,5.99872,0.0584294,434,1776820,0.120392,0.05,1,67429,66995,434
1767381,4.39974,6.41169,430,1779740,0.160078,0.15,1,67433,67003,430
1770301,2.47995,7.68234,424,1781200,0.136016,0.15,1,67435,67011,424
1773221,2.09599,1.53647,426,1784120,0.107203,0.15,1,67437,67011,426
1775701,90.8192,0.307293,539,1787040,0.0934406,0.13,1,67550,67011,539
1778621,19.7638,90.4615,428,1789960,0.0666881,0.13,1,67552,67124,428
1780901,10.3528,18.0923,436,1792880,0.189338,0.17,1,67560,67124,436
1783821,3.67055,12.4185,427,1794340,0.181868,0.17,1,67562,67135,427
1786101,143.934,2.48369,606,1797260,0.116374,0,1,67741,67135,606
1789021,30.3868,146.897,425,1800180,0.0712747,0,1,67743,67318,425
1791301,15.6774,29.3793,437,1803100,0.126255,0.15,1,67755,67318,437
1794221,4.73547,17.0759,425,1804560,0.105251,0.15,1,67757,67332,425
1797141,2.54709,3.41517,427,1807480,0.0690502,0.15,1,67759,67332,427
1800061,2.10942,0.683035,429,1810400,0.08581,0.15,1,67761,67332,429
1801701,5.22188,0.136607,435,1813320,0.129162,0.12,1,67767,67332,435
1804621,2.64438,11.2273,423,1816240,0.105832,0.12,1,67769,67346,423
1807541,2.12888,2.24546,425,1819160,0.109166,0.12,1,67771,67346,425
1810461,2.02578,0.449093,427,1822080,0.165833,0.12,1,67773,67346,427
1813381,2.00516,0.0898186,429,1825000,0.137167,0.12,1,67775,67346,429
1816261,2.00103,0.0179637,431,1827920,0.0914333,0,1,67777,67346,431
1819181,2.00021,5.60359,426,1830840,0.0502867,0,1,67779,67353,426
1821041,1.20004,1.12072,427,1833760,0.0660573,0.16,1,67780,67353,427
1823121,6.64001,4.22414,430,1835220,0.0132115,0.18,1,67788,67358,430
1826041,4.528,9.64483,423,1836680,0.00264229,0.18,1,67792,67369,423
1827701,10.5056,1.92897,435,1839600,0.144528,0.07,1,67804,67369,435
1830621,3.70112,9.98579,425,1841060,0.140906,0.07,1,67806,67381,425
1833541,2.34022,1.99716,427,1843980,0.116181,0.07,1,67808,67381,427
1836461,2.06804,0.399432,429,1846900,0.135236,0.07,1,67810,67381,429
1838101,1.21361,0.0798863,430,1849820,0.123047,0.06,1,67811,67381,430
1841021,1.84272,6.41598,424,1851280,0.0966095,0.06,1,67813,67389,424
1843941,1.96854,1.2832,426,1854200,0.0673219,0.06,1,67815,67389,426
1846861,1.99371,0.256639,428,1857120,0.0854644,0.06,1,67817,67389,428
1848501,1.19874,0.0513278,429,1860040,0.0970929,0.15,1,67818,67389,429
1851421,1.83975,3.21027,427,1862960,0.0754186,0.15,1,67820,67393,427
1853281,1.16795,0.642053,428,1865880,0.0550837,0.12,1,67821,67393,428
1856201,2.63359,7.32841,422,1867340,0.0110167,0.12,1,67824,67402,422
1859121,2.12672,1.46568,424,1870260,0.146203,0.12,1,67826,67402,424
1862041,2.02534,0.293136,426,1873180,0.141241,0.12,1,67828,67402,426
1864721,2.00507,0.0586273,428,1876100,0.108248,0.14,1,67830,67402,428
1867641,4.40101,8.81173,422,1879020,0.15765,0.14,1,67835,67413,422
1870561,2.4802,1.76235,424,1881940,0.14353,0.14,1,67837,67413,424
1873481,2.09604,0.352469,426,1884860,0.108706,0.14,1,67839,67413,426
1876401,2.01921,0.0704938,428,1887780,0.0697412,0.14,1,67841,67413,428
1878241,1.20384,0.0140988,429,1890700,0.0459482,0.08,1,67842,67413,429
1881161,1.84077,2.40282,428,1892160,0.00918965,0.08,1,67844,67416,428
1883441,1.96815,0.480564,430,1895080,0.113838,0,1,67846,67416,430
1886361,1.99363,4.89611,426,1898000,0.102768,0,1,67848,67422,426
1889281,1.99873,0.979223,428,1900920,0.0685535,0,1,67850,67422,428
1891761,1.99975,0.195844,430,1903840,0.0297107,0.19,1,67852,67422,430
1893841,1.99995,4.03917,427,1905300,0.00594214,0.2,1,67854,67427,427
1895921,1.99999,4.80783,424,1908220,0.00118843,0.06,1,67856,67432,424
1898841,7.6,8.96157,423,1909680,0.152238,0.06,1,67865,67442,423
1901761,3.12,1.79231,425,1912600,0.150448,0.06,1,67867,67442,425
1904241,2.224,0.358463,427,1915520,0.11809,0,1,67869,67442,427
1907161,91.6448,92.0717,426,1918440,0.103618,0,1,67983,67557,426
1909441,19.929,18.4143,428,1921360,0.0687236,0.18,1,67985,67557,428
1912361,11.1858,14.0829,424,1922820,0.0777447,0.18,1,67994,67570,424
1914641,3.83716,2.81657,426,1925740,0.0475489,0,1,67996,67570,426
1917561,143.167,143.763,425,1928660,0.0415098,0,1,68174,67749,425
1919841,30.2335,28.7527,427,1931580,0.032302,0.09,1,68176,67749,427
1922761,14.8467,15.3505,426,1933040,0.0544604,0.09,1,68187,67761,426
1925681,4.56934,3.07011,428,1935960,0.0268921,0.09,1,68189,67761,428
1928161,2.51387,0.614021,430,1938880,0.00537842,0.1,1,68191,67761,430
1931081,2.10277,6.5228,424,1941800,0.00107568,0.1,1,68193,67769,424
1933781,9.22055,1.30456,435,1944720,0.104215,0.02,1,68204,67769,435
1936701,3.44411,11.4609,423,1947640,0.100843,0.02,1,68206,67783,423
1939621,2.28882,2.29218,425,1950560,0.0681686,0.02,1,68208,67783,425
1942541,2.05776,0.458436,427,1953480,0.0696337,0.02,1,68210,67783,427
1945461,2.01155,0.0916873,429,1956400,0.0699267,0.02,1,68212,67783,429
1948381,2.00231,0.0183375,431,1959320,0.0379853,0.02,1,68214,67783,431
1951301,2.00046,0.00366749,433,1962240,0.00759707,0.02,1,68216,67783,433
1953541,5.20009,0.000733498,439,1965160,0.0815194,0.26,1,68222,67783,439
1956241,2.64002,8.00015,431,1968080,0.0643039,0.07,1,68224,67793,431
1959161,10.128,18.4,422,1969540,0.0448608,0.07,1,68236,67814,422
1962081,3.6256,3.68001,424,1972460,0.0649722,0.07,1,68238,67814,424
1965001,2.32512,0.736001,426,1975380,0.100994,0.07,1,68240,67814,426
1967921,2.06502,0.1472,428,1978300,0.0761989,0.07,1,68242,67814,428
1970841,2.013,0.02944,430,1981220,0.0472398,0.07,1,68244,67814,430
1973301,2.0026,0.00588801,432,1984140,0.129448,0.03,1,68246,67814,432
1976221,2.00052,6.40118,426,1987060,0.14589,0.03,1,68248,67822,426
1979141,2.0001,1.28024,428,1989980,0.117178,0.03,1,68250,67822,428
1982061,2.00002,0.256047,430,1992900,0.0794356,0.03,1,68252,67822,430
1984321,2,0.0512094,432,1995820,0.0318871,0.17,1,68254,67822,432
1987241,2.8,10.4102,422,1998740,0.00637742,0.17,1,68257,67835,422
1990161,2.16,2.08205,424,2001660,0.145275,0.17,1,68259,67835,424
1993081,2.032,0.41641,426,2004580,0.141055,0.17,1,68261,67835,426
1995761,2.0064,0.0832819,428,2007500,0.108211,0.1,1,68263,67835,428
1998681,6.00128,10.4167,422,2008960,0.117642,0.1,1,68270,67848,422
2001601,2.80026,2.08333,424,2011880,0.0875284,0.1,1,68272,67848,424
2004521,2.16005,0.416666,426,2014800,0.0495057,0.1,1,68274,67848,426
2007441,2.03201,0.0833332,428,2017720,0.00990114,0.1,1,68276,67848,428
2010361,2.0064,0.0166666,430,2020640,0.00198023,0.1,1,68278,67848,430
2013281,2.00128,0.00333333,432,2023560,0.000396045,0.1,1,68280,67848,432
2015941,2.00026,0.000666666,434,2026480,0.0960792,0.02,1,68282,67848,434
2018861,2.00005,3.20013,432,2029400,0.0832158,0.02,1,68284,67852,432
2021141,2.00001,0.640027,434,2032320,0.0486432,0.25,1,68286,67852,434
2024061,2,8.12801,426,2035240,0.00972863,0.25,1,68288,67862,426
2026961,2,1.6256,428,2038160,0.145946,0.15,1,68290,67862,428
2029041,2,4.32512,425,2041080,0.141189,0.09,1,68292,67867,425
2031961,7.6,8.86502,424,2042540,0.0602378,0.09,1,68301,67877,424
2034881,3.12,1.773,426,2045460,0.0120476,0.09,1,68303,67877,426
2036741,91.024,0.354601,539,2048380,0.0904095,0.08,1,68416,67877,539
2039661,19.8048,93.6709,424,2051300,0.0740819,0.08,1,68418,67994,424
2041941,9.56096,18.7342,431,2054220,0.126816,0.09,1,68425,67994,431
2044861,3.51219,8.54684,427,2055680,0.193363,0.09,1,68427,68000,427
2047141,148.702,1.70937,612,2058600,0.118673,0.1,1,68612,68000,612
2050061,31.3405,148.342,429,2061520,0.0717345,0.1,1,68614,68185,429
2052341,7.8681,29.6684,431,2064440,0.0303469,0,1,68616,68185,431
2055261,3.17362,11.5337,426,2065900,0.00606938,0,1,68618,68192,426
2058181,2.23472,2.30673,428,2068820,0.00121388,0,1,68620,68192,428
2060661,4.44694,0.461347,433,2071740,0.0642428,0.07,1,68625,68192,433
2062741,5.68939,7.29227,430,2074660,0.0128486,0.07,1,68631,68201,430
2065661,2.73788,8.65845,423,2076120,0.13057,0.07,1,68633,68210,423
2068581,2.14758,1.73169,425,2079040,0.162114,0.07,1,68635,68210,425
2070641,2.02952,0.346338,427,2081960,0.160423,0.12,1,68637,68210,427
2073561,4.4059,8.06927,422,2084880,0.0960846,0.12,1,68642,68220,422
2076481,2.48118,1.61385,424,2087800,0.0432169,0.12,1,68644,68220,424
2079401,2.09624,0.322771,426,2090720,0.0646434,0.12,1,68646,68220,426
2082081,2.01925,0.0645541,428,2093640,0.0449287,0,1,68648,68220,428
2085001,5.20385,6.41291,426,2096560,0.0249857,0,1,68654,68228,426
2087281,2.64077,1.28258,428,2099480,0.0529971,0.09,1,68656,68228,428
2089361,7.72815,7.45652,428,2100940,0.0265994,0.15,1,68665,68237,428
2092281,5.54563,10.2913,422,2103860,0.0613199,0.15,1,68670,68248,422
2095201,2.70913,2.05826,424,2106780,0.044264,0.15,1,68672,68248,424
2098121,2.14183,0.411652,426,2109700,0.00885279,0.15,1,68674,68248,426
2101041,2.02837,0.0823304,428,2112620,0.00177056,0.15,1,68676,68248,428
2103921,2.00567,0.0164661,430,2115540,0.000354112,0.02,1,68678,68248,430
2106841,2.00113,6.40329,424,2118460,7.08223e-05,0.02,1,68680,68256,424
2109761,2.00023,1.28066,426,2121380,0.0960142,0.02,1,68682,68256,426
2112681,2.00005,0.256132,428,2124300,0.123203,0.02,1,68684,68256,428
2115361,2.00001,0.0512263,430,2127220,0.0966406,0.12,1,68686,68256,430
2118281,5.2,11.2102,422,2128680,0.171328,0.12,1,68692,68270,422
2121201,2.64,2.24205,424,2131600,0.154266,0.12,1,68694,68270,424
2124121,2.128,0.44841,426,2134520,0.206853,0.12,1,68696,68270,426
2126801,2.0256,0.0896819,428,2137440,0.177371,0,1,68698,68270,428
2129721,2.80512,7.21794,422,2140360,0.115474,0,1,68701,68279,422
2132641,2.16102,1.44359,424,2143280,0.0710948,0,1,68703,68279,424
2135561,2.0322,0.288717,426,2146200,0.030219,0,1,68705,68279,426
2138481,2.00644,0.0577435,428,2149120,0.0860438,0,1,68707,68279,428
2141361,2.00129,0.0115487,430,2152040,0.0652088,0.08,1,68709,68279,430
2144281,2.00026,4.00231,427,2154960,0.0290418,0.08,1,68711,68284,427
2146561,2.00005,0.800462,429,2157880,0.00580835,0.15,1,68713,68284,429
2149481,3.60001,8.96009,422,2160800,0.00116167,0.15,1,68717,68295,422
2152401,2.32,1.79202,424,2163720,0.000232334,0.15,1,68719,68295,424
2155321,2.064,0.358404,426,2166640,4.64668e-05,0.15,1,68721,68295,426
2158241,2.0128,0.0716807,428,2169560,0.208009,0.15,1,68723,68295,428
2160081,1.20256,0.0143361,429,2172480,0.233602,0.02,1,68724,68295,429
2162161,1.84051,5.60287,424,2173940,0.20672,0.14,1,68726,68302,424
2165081,3.5681,5.92057,422,2175400,0.137344,0.14,1,68730,68308,422
2166741,95.9136,1.18411,541,2178320,0.0994688,0.21,1,68849,68308,541
2169661,20.7827,90.6368,430,2181240,0.147894,0.21,1,68851,68421,430
2171941,10.5565,18.1274,438,2184160,0.117579,0.2,1,68859,68421,438
2174861,3.71131,11.6255,430,2185620,0.0875158,0.2,1,68861,68431,430
2177141,145.542,2.32509,611,2188540,0.145503,0.14,1,69042,68431,611
2180061,30.7085,152.465,423,2191460,0.117101,0.14,1,69044,68621,423
2182981,7.74169,30.493,425,2194380,0.0874201,0.14,1,69046,68621,425
2185901,3.14834,6.0986,427,2197300,0.049484,0.14,1,69048,68621,427
2188821,2.22967,1.21972,429,2200220,0.0098968,0.14,1,69050,68621,429
2190661,2.84593,0.243944,432,2203140,0.0979794,0.06,1,69053,68621,432
2192741,3.76919,4.04879,431,2204600,0.0515959,0.17,1,69057,68626,431
2195661,2.35384,8.00976,424,2206060,0.0103192,0.17,1,69059,68635,424
2197941,2.87077,1.60195,427,2208980,0.00206383,0.1,1,69062,68635,427
2200861,2.17415,5.12039,423,2211900,0.000412767,0.1,1,69064,68641,423
2203141,2.03483,1.02408,425,2214820,0.160083,0.09,1,69066,68641,425
2206061,2.00697,3.40482,423,2217740,0.216017,0.09,1,69068,68645,423
2208341,3.60139,0.680963,427,2220660,0.163203,0.06,1,69072,68645,427
2211261,2.32028,4.93619,423,2222120,0.120641,0.06,1,69074,68651,423
2213121,1.26406,0.987239,424,2225040,0.0961281,0.02,1,69075,68651,424
2216041,5.85281,5.79745,424,2226500,0.155226,0.02,1,69082,68658,424
2218321,2.77056,1.15949,426,2229420,0.135045,0,1,69084,68658,426
2221241,14.1541,14.6319,425,2232340,0.027009,0,1,69101,68676,425
2224161,4.43082,2.92638,427,2235260,0.0534018,0,1,69103,68676,427
2227081,2.48616,0.585276,429,2238180,0.0826804,0,1,69105,68676,429
2228721,1.29723,0.117055,430,2241100,0.0725361,0,1,69106,68676,430
2231641,1.85945,2.42341,429,2242560,0.102507,0,1,69108,68679,429
2234561,1.97189,0.484682,431,2245480,0.0765014,0,1,69110,68679,431
2236421,1.19438,0.0969364,432,2248400,0.0633003,0.11,1,69111,68679,432
2239341,1.83888,4.81939,428,2249860,0.0526601,0.11,1,69113,68685,428
2242261,1.96778,0.963877,430,2252780,0.082532,0.11,1,69115,68685,430
2244741,1.99356,0.192775,432,2255700,0.0645064,0.22,1,69117,68685,432
2247661,1.99871,8.83856,423,2258620,0.0529013,0.22,1,69119,68696,423
2250581,1.99974,1.76771,425,2261540,0.0265803,0.22,1,69121,68696,425
2253061,9.19995,0.353542,436,2264460,0.00531605,0.02,1,69132,68696,436
2255981,3.43999,12.0707,423,2267380,0.00106321,0.02,1,69134,68711,423
2258901,2.288,2.41414,425,2270300,0.176213,0.02,1,69136,68711,425
2261821,2.0576,0.482828,427,2273220,0.179243,0.02,1,69138,68711,427
2264741,2.01152,0.0965657,429,2276140,0.147849,0.02,1,69140,68711,429
2267661,2.0023,0.0193131,431,2279060,0.10957,0.02,1,69142,68711,431
2270581,2.00046,0.00386263,433,2281980,0.0699139,0.02,1,69144,68711,433
2272401,1.20009,0.000772525,434,2284900,0.0459828,0.26,1,69145,68711,434
2275321,1.84002,9.60015,424,2286360,0.00919656,0.26,1,69147,68723,424
2278241,1.968,1.92003,426,2289280,0.00183931,0.26,1,69149,68723,426
2281161,1.9936,0.384006,428,2292200,0.112368,0.26,1,69151,68723,428
2284081,1.99872,0.0768012,430,2295120,0.102474,0.26,1,69153,68723,430
2285921,1.19974,0.0153602,431,2298040,0.0844947,0.08,1,69154,68723,431
2288841,1.83995,7.20307,424,2299500,0.0488989,0.08,1,69156,68732,424
2291761,1.96799,1.44061,426,2302420,0.00977979,0.08,1,69158,68732,426
2294681,1.9936,0.288123,428,2305340,0.00195596,0.08,1,69160,68732,428
2296741,97.1987,0.0576246,549,2308260,0.000391191,0.19,1,69281,68732,549
2299661,21.0397,98.4115,428,2311180,0.128078,0.19,1,69283,68855,428
2301941,10.6079,19.6823,436,2314100,0.0816156,0.17,1,69291,68855,436
2304861,3.72159,11.9365,428,2315560,0.168323,0.17,1,69293,68865,428
2307141,147.144,2.38729,611,2318480,0.0736646,0.08,1,69476,68865,611
2310061,31.0289,152.477,423,2321400,0.182733,0.08,1,69478,69055,423
2312981,7.80577,30.4955,425,2324320,0.180547,0.08,1,69480,69055,425
2315901,3.16115,6.0991,427,2327240,0.148109,0.08,1,69482,69055,427
2318821,2.23223,1.21982,429,2330160,0.109622,0.08,1,69484,69055,429
2321281,2.04645,0.243964,431,2333080,0.0699244,0.23,1,69486,69055,431
2324201,5.20929,10.4488,424,2334540,0.149985,0.23,1,69492,69068,424
2327121,2.64186,2.08976,426,2337460,0.133997,0.23,1,69494,69068,426
2330041,2.12837,0.417952,428,2340380,0.0987994,0.23,1,69496,69068,428
2332961,2.02567,0.0835903,430,2343300,0.0597599,0.23,1,69498,69068,430
2335221,3.60513,0.0167181,434,2346220,0.011952,0.2,1,69502,69068,434
2338141,2.32103,9.60334,424,2349140,0.00239039,0.2,1,69504,69080,424
2341061,2.06421,1.92067,426,2352060,0.0964781,0.2,1,69506,69080,426
2343981,2.01284,0.384134,428,2354980,0.139296,0.2,1,69508,69080,428
2345621,7.60257,0.0768267,437,2357900,0.131859,0.1,1,69517,69080,437
2348541,3.12051,11.2154,425,2359360,0.0983718,0.1,1,69519,69094,425
2350821,5.4241,2.24307,431,2362280,0.131674,0.06,1,69525,69094,431
2352901,7.48482,6.84861,431,2365200,0.0823349,0.06,1,69533,69102,431
2355821,3.09696,8.56972,424,2366660,0.096467,0.06,1,69535,69111,424
2358741,2.21939,1.71394,426,2369580,0.0752934,0.06,1,69537,69111,426
2361661,2.04388,0.342789,428,2372500,0.0470587,0.06,1,69539,69111,428
2364581,2.00878,0.0685578,430,2375420,0.0654117,0.06,1,69541,69111,430
2366421,4.40176,0.0137116,435,2378340,0.0610823,0.14,1,69546,69111,435
2369341,2.48035,11.2027,423,2379800,0.0282165,0.14,1,69548,69125,423
2372261,2.09607,2.24055,425,2382720,0.0856433,0.14,1,69550,69125,425
2375181,2.01921,0.44811,427,2385640,0.0891287,0.14,1,69552,69125,427
2378101,2.00384,0.0896219,429,2388560,0.0578257,0.14,1,69554,69125,429
2381021,2.00077,0.0179244,431,2391480,0.0835651,0.14,1,69556,69125,431
2383061,4.40015,0.00358488,436,2394400,0.016713,0.14,1,69561,69125,436
2385981,2.48003,12.0007,423,2397320,0.00334261,0.14,1,69563,69140,423
2388901,2.09601,2.40014,425,2400240,0.000668521,0.14,1,69565,69140,425
2391821,2.0192,0.480029,427,2403160,0.144134,0.14,1,69567,69140,427
2393461,3.60384,0.0960057,431,2406080,0.108827,0.14,1,69571,69140,431
2396381,2.32077,8.0192,423,2407540,0.0697654,0.14,1,69573,69150,423
2399301,2.06415,1.60384,425,2410460,0.0299531,0.14,1,69575,69150,425
2402221,2.01283,0.320768,427,2413380,0.117991,0.14,1,69577,69150,427
2405141,2.00257,0.0641536,429,2416300,0.103598,0.14,1,69579,69150,429
2408061,2.00051,0.0128307,431,2419220,0.0687196,0.14,1,69581,69150,431
2410101,2.0001,0.00256614,433,2422140,0.0297439,0,1,69583,69150,433
2413021,2.00002,6.40051,427,2423600,0.00594878,0,1,69585,69158,427
2415941,2,1.2801,429,2426520,0.00118976,0,1,69587,69158,429
2418861,2,0.256021,431,2429440,0.000237951,0,1,69589,69158,431
2420501,1.2,0.0512041,432,2432360,4.75903e-05,0.14,1,69590,69158,432
2423421,1.84,5.61024,427,2433820,0.16001,0.14,1,69592,69165,427
2425281,1.168,1.12205,428,2436740,0.176002,0.19,1,69593,69165,428
2428201,97.8336,102.624,422,2439660,0.0512004,0.19,1,69715,69293,422
2431121,21.1667,20.5249,424,2442580,0.18624,0.19,1,69717,69293,424
2434021,13.0333,4.10498,435,2445500,0.189248,0.13,1,69728,69293,435
2435681,3.40667,12.021,422,2448420,0.18185,0.16,1,69729,69307,422
2438601,141.481,141.604,424,2449880,0.18037,0.16,1,69905,69481,424
2441521,31.4963,28.3208,428,2452800,0.140074,0.16,1,69909,69481,428
2444001,7.89925,5.66417,430,2455720,0.100015,0.13,1,69911,69481,430
2446921,5.57985,11.5328,422,2457180,0.100003,0.13,1,69916,69494,422
2449841,2.71597,2.30657,424,2460100,0.0680006,0.13,1,69918,69494,424
2452761,2.14319,0.461313,426,2463020,0.0856001,0.13,1,69920,69494,426
2454401,1.22864,0.0922627,427,2465940,0.07312,0.02,1,69921,69494,427
2457321,5.04573,4.81845,427,2468860,0.094624,0.02,1,69927,69500,427
2460241,2.60915,0.96369,429,2471780,0.0669248,0.02,1,69929,69500,429
2463161,2.12183,0.192738,431,2474700,0.029385,0.02,1,69931,69500,431
2465221,3.62437,0.0385476,435,2477620,0.085877,0.17,1,69935,69500,435
2468141,2.32487,10.4077,424,2479080,0.0651754,0.17,1,69937,69513,424
2471061,2.06497,2.08154,426,2482000,0.0850351,0.17,1,69939,69513,426
2473981,2.01299,0.416308,428,2484920,0.049007,0.17,1,69941,69513,428
2475621,4.4026,0.0832617,433,2487840,0.0738014,0.11,1,69946,69513,433
2477701,5.68052,4.01665,434,2489300,0.0147603,0.16,1,69952,69518,434
2480621,2.7361,9.60333,425,2492220,0.00295206,0.16,1,69954,69529,425
2482901,5.34722,1.92067,431,2495140,0.11259,0.06,1,69960,69529,431
2485821,2.66944,7.58413,424,2496600,0.102518,0.06,1,69962,69538,424
2488741,2.13389,1.51683,426,2499520,0.180504,0.06,1,69964,69538,426
2491221,3.62678,0.303365,430,2502440,0.204101,0.07,1,69968,69538,430
2494141,2.32536,5.66067,425,2505360,0.20082,0.07,1,69970,69545,425
2496421,6.06507,1.13213,432,2508280,0.136164,0.09,1,69977,69545,432
2499341,2.81301,9.02643,423,2509740,0.0992328,0.09,1,69979,69556,423
2502261,2.1626,1.80529,425,2512660,0.0678466,0.09,1,69981,69556,425
2505181,2.03252,0.361057,427,2515580,0.117569,0.09,1,69983,69556,427
2508101,2.0065,0.0722114,429,2518500,0.143514,0.09,1,69985,69556,429
2509941,2.0013,0.0144423,431,2521420,0.140703,0.18,1,69987,69556,431
2512861,2.00026,8.00289,423,2524340,0.108141,0.18,1,69989,69566,423
2515781,2.00005,1.60058,425,2527260,0.0776281,0.18,1,69991,69566,425
2518701,2.00001,0.320116,427,2530180,0.0315256,0.18,1,69993,69566,427
2521381,7.6,0.0640231,436,2533100,0.0703051,0.06,1,70002,69566,436
2524301,3.12,12.0128,423,2534560,0.046061,0.06,1,70004,69581,423
2527221,2.224,2.40256,425,2537480,0.0092122,0.06,1,70006,69581,425
2530141,2.0448,0.480512,427,2540400,0.0978424,0.06,1,70008,69581,427
2533061,2.00896,0.0961024,429,2543320,0.0915685,0.06,1,70010,69581,429
2535521,2.00179,0.0192205,431,2546240,0.0583137,0.2,1,70012,69581,431
2538441,2.00036,8.80384,422,2549160,0.0116627,0.2,1,70014,69592,422
2541361,2.00007,1.76077,424,2552080,0.0663325,0.2,1,70016,69592,424
2544281,2.00001,0.352154,426,2555000,0.0452665,0.2,1,70018,69592,426
2547201,2,0.0704307,428,2557920,0.0090533,0.2,1,70020,69592,428
2550121,2,0.0140861,430,2560840,0.00181066,0.2,1,70022,69592,430
2552581,2,0.00281723,432,2563760,0.000362132,0.02,1,70024,69592,432
2555501,2,7.20056,425,2566680,7.24264e-05,0.02,1,70026,69601,425
2557781,101.2,1.44011,551,2569600,0.0640145,0.23,1,70152,69601,551
2560701,21.84,100.288,428,2571060,0.0848029,0.23,1,70154,69726,428
2562981,11.568,20.0576,437,2573980,0.0169606,0.13,1,70163,69726,437
2565901,5.5136,13.6115,429,2576900,0.131392,0.13,1,70167,69738,429
2568181,137.103,2.7223,599,2579820,0.0822784,0.1,1,70337,69738,599
2571101,29.0205,142.944,423,2582740,0.0484557,0.1,1,70339,69916,423
2574021,7.40411,28.5889,425,2585660,0.129691,0.1,1,70341,69916,425
2576501,3.08082,5.71778,427,2588580,0.121938,0.06,1,70343,69916,427
2579421,2.21616,5.94356,423,2590040,0.0883876,0.06,1,70345,69922,423
2582341,2.04323,1.18871,425,2592960,0.169678,0.06,1,70347,69922,425
2585261,2.00865,0.237742,427,2595880,0.169936,0.06,1,70349,69922,427
2586901,5.20173,0.0475484,433,2598800,0.0739871,0.12,1,70355,69922,433
2589821,2.64035,9.60951,423,2600260,0.0307974,0.12,1,70357,69934,423
2592741,2.12807,1.9219,425,2603180,0.150159,0.12,1,70359,69934,425
2595221,6.82561,0.38438,433,2606100,0.0460319,0.08,1,70367,69934,433
2598141,2.96512,9.67688,423,2609020,0.00920638,0.08,1,70369,69946,423
2601061,2.19302,1.93538,425,2611940,0.161841,0.08,1,70371,69946,425
2603981,2.0386,0.387075,427,2614860,0.160368,0.08,1,70373,69946,427
2605621,2.00772,0.077415,429,2617780,0.128074,0.04,1,70375,69946,429
2607701,8.40154,1.61548,437,2619240,0.0416147,0.14,1,70385,69948,437
2610621,3.28031,6.7231,431,2622160,0.00832294,0.14,1,70387,69956,431
2612901,3.85606,1.34462,435,2625080,0.00166459,0.23,1,70391,69956,435
2615821,2.37121,5.86892,430,2626540,0.0163329,0.23,1,70393,69963,430
2618101,2.07424,1.17378,432,2629460,0.0672666,0.18,1,70395,69963,432
2621021,2.01485,6.63476,426,2632380,0.0454533,0.18,1,70397,69971,426
2623941,2.00297,1.32695,428,2635300,0.00909066,0.18,1,70399,69971,428
2626421,6.80059,0.26539,436,2638220,0.00181813,0.16,1,70407,69971,436
2629341,2.96012,12.0531,423,2639680,0.144364,0.16,1,70409,69986,423
2632261,2.19202,2.41062,425,2642600,0.140873,0.16,1,70411,69986,425
2635181,2.0384,0.482123,427,2645520,0.108175,0.16,1,70413,69986,427
2638101,2.00768,0.0964246,429,2648440,0.0696349,0.16,1,70415,69986,429
2639941,2.00154,0.0192849,431,2651360,0.125927,0.18,1,70417,69986,431
2642861,2.00031,8.00386,423,2654280,0.113185,0.18,1,70419,69996,423
2645781,2.00006,1.60077,425,2657200,0.102637,0.18,1,70421,69996,425
2648701,2.00001,0.320154,427,2660120,0.0605274,0.18,1,70423,69996,427
2650341,2.8,0.0640308,430,2663040,0.100105,0.02,1,70426,69996,430
2653261,2.16,7.21281,423,2664500,0.0840211,0.02,1,70428,70005,423
2655121,1.232,1.44256,424,2667420,0.0648042,0.04,1,70429,70005,424
2658041,9.0464,10.6885,422,2668880,0.236961,0.04,1,70440,70018,422
2660961,3.40928,2.1377,424,2671800,0.239392,0.04,1,70442,70018,424
2663881,2.28186,0.42754,426,2674720,0.207878,0.04,1,70444,70018,426
2666801,2.05637,0.0855081,428,2677640,0.169576,0.04,1,70446,70018,428
2669721,2.01127,0.0171016,430,2680560,0.129915,0.04,1,70448,70018,430
2671761,2.00225,0.00342032,432,2683480,0.161983,0,1,70450,70018,432
2674681,2.00045,7.20068,425,2684940,0.136397,0,1,70452,70027,425
2677601,2.00009,1.44014,427,2687860,0.0992793,0,1,70454,70027,427
2680521,2.00002,0.288027,429,2690780,0.0678559,0,1,70456,70027,429
2683441,2,0.0576055,431,2693700,0.0295712,0,1,70458,70027,431
2686321,2,0.0115211,433,2696620,0.00591423,0,1,70460,70027,433
2689241,102,106.402,427,2699540,0.0971828,0,1,70587,70160,427
2691521,22,21.2805,429,2702460,0.0834366,0.14,1,70589,70160,429
2694441,10.8,16.2561,422,2705380,0.0166873,0.14,1,70597,70175,422
2696721,3.76,3.25122,424,2708300,0.131337,0.19,1,70599,70175,424
2699641,137.552,138.25,423,2711220,0.0422675,0.19,1,70770,70347,423
2702561,29.1104,27.65,425,2714140,0.168453,0.19,1,70772,70347,425
2705481,7.42208,5.53001,427,2717060,0.161691,0.19,1,70774,70347,427
2708401,3.08442,1.106,429,2719980,0.128338,0.19,1,70776,70347,429
2710241,1.41688,0.2212,430,2722900,0.105668,0.18,1,70777,70347,430
2713161,5.08338,9.64424,424,2724360,0.133134,0.18,1,70783,70359,424
2716081,4.21668,1.92885,428,2727280,0.0986267,0.18,1,70787,70359,428
2719001,2.44334,0.38577,430,2730200,0.211725,0.18,1,70789,70359,430
2720641,1.28867,0.0771539,431,2733120,0.218345,0.21,1,70790,70359,431
2723561,1.85773,8.81543,422,2734580,0.195669,0.21,1,70792,70370,422
2726481,1.97155,1.76309,424,2737500,0.167134,0.21,1,70794,70370,424
2728961,1.99431,0.352617,426,2740420,0.129427,0.04,1,70796,70370,426
2731881,8.39886,11.2705,422,2743340,0.145885,0.04,1,70806,70384,422
2734801,3.27977,2.2541,424,2746260,0.117177,0.04,1,70808,70384,424
2737701,9.45595,0.450821,435,2749180,0.0394354,0.04,1,70819,70384,435
2740621,4.29119,10.4902,425,2752100,0.00788708,0.04,1,70822,70397,425
2743541,2.45824,2.09803,427,2755020,0.00157742,0.04,1,70824,70397,427
2746461,2.09165,0.419607,429,2757940,0.000315483,0.04,1,70826,70397,429
2748721,2.01833,0.0839213,431,2760860,6.30966e-05,0.04,1,70828,70397,431
2751641,2.00367,6.41678,425,2762320,0.152013,0.04,1,70830,70405,425
2754561,2.00073,1.28336,427,2765240,0.150403,0.04,1,70832,70405,427
2756421,4.40015,0.256671,432,2768160,0.0780805,0.1,1,70837,70405,432
2759341,2.48003,6.45133,426,2769620,0.151616,0.1,1,70839,70413,426
2762261,2.09601,1.29027,428,2772540,0.126323,0.1,1,70841,70413,428
2764741,10.8192,0.258053,441,2775460,0.105265,0.11,1,70854,70413,441
2767661,3.76384,10.4516,430,2778380,0.101053,0.11,1,70856,70426,430
2770581,2.35277,2.09032,432,2781300,0.204211,0.11,1,70858,70426,432
2773501,2.07055,0.418064,434,2784220,0.272842,0.11,1,70860,70426,434
2776421,2.01411,0.0836129,436,2787140,0.318568,0.11,1,70862,70426,436
2778881,2.00282,0.0167226,438,2790060,0.359714,0.3,1,70864,70426,438
2781801,2.00056,10.4033,427,2792980,0.335943,0.3,1,70866,70439,427
2784721,2.00011,2.08067,429,2795900,0.355189,0.3,1,70868,70439,429
2787621,4.40002,0.416134,434,2798820,0.279038,0.13,1,70873,70439,434
2790541,2.48,10.4832,423,2801740,0.231808,0.13,1,70875,70452,423
2793461,2.096,2.09665,425,2804660,0.190362,0.13,1,70877,70452,425
2796381,2.0192,0.419329,427,2807580,0.150072,0.13,1,70879,70452,427
2799301,2.00384,0.0838658,429,2810500,0.294014,0.13,1,70881,70452,429
2802221,2.00077,0.0167732,431,2813420,0.290803,0.13,1,70883,70452,431
2804261,2.00015,0.00335463,433,2816340,0.258161,0.04,1,70885,70452,433
2807181,2.00003,4.00067,430,2817800,0.227632,0.04,1,70887,70457,430
2810101,2.00001,0.800134,432,2820720,0.197526,0.04,1,70889,70457,432
2812581,2.8,0.160027,435,2823640,0.247505,0.25,1,70892,70457,435
2815501,3.76,8.03201,429,2826560,0.193501,0.25,1,70896,70467,429
2817361,3.152,1.6064,432,2829480,0.1427,0,1,70899,70467,432
2820281,98.2304,103.521,425,2830940,0.07654,0,1,71021,70596,425
2822561,22.0461,20.7043,428,2833860,0.071308,0.16,1,71024,70596,428
2825481,8.40922,12.1409,423,2836780,0.0622616,0.16,1,71029,70606,423
2827761,3.28184,2.42817,425,2839700,0.0284523,0.08,1,71031,70606,425
2830681,139.056,138.086,426,2841160,0.20569,0.08,1,71204,70778,426
2833601,29.4113,27.6171,428,2844080,0.209138,0.08,1,71206,70778,428
2836521,7.48225,5.52342,430,2847000,0.177828,0.08,1,71208,70778,430
2839441,3.09645,1.10468,432,2849920,0.147566,0.08,1,71210,70778,432
2841281,1.41929,0.220937,433,2852840,0.125513,0.19,1,71211,70778,433
2844201,2.68386,11.2442,422,2855760,0.0731026,0.19,1,71214,70792,422
2847121,2.13677,2.24884,424,2858680,0.0306205,0.19,1,71216,70792,424
2850041,2.02735,0.449767,426,2861600,0.118124,0.19,1,71218,70792,426
2851681,1.20547,0.0899535,427,2864520,0.119625,0.19,1,71219,70792,427
2854601,5.84109,9.61799,422,2865980,0.175925,0.19,1,71226,70804,422
2857521,2.76822,1.9236,424,2868900,0.163185,0.19,1,71228,70804,424
2860001,2.15364,0.38472,426,2871820,0.128637,0.04,1,71230,70804,426
2862921,8.43073,11.2769,422,2873280,0.0737274,0.04,1,71240,70818,422
2865201,3.28615,2.25539,424,2876200,0.0307455,0,1,71242,70818,424
2868121,7.85723,8.45108,423,2879120,0.0941491,0,1,71251,70828,423
2871041,3.17145,1.69022,425,2882040,0.0828298,0,1,71253,70828,425
2873961,2.23429,0.338043,427,2884960,0.104566,0,1,71255,70828,427
2876641,2.04686,0.0676086,429,2887880,0.0769132,0.19,1,71257,70828,429
2879561,5.20937,8.01352,425,2890800,0.0153826,0.19,1,71263,70838,425
2882481,2.64187,1.6027,427,2893720,0.171077,0.19,1,71265,70838,427
2885401,2.12837,0.320541,429,2896640,0.170215,0.19,1,71267,70838,429
2887041,1.22567,0.0641082,430,2899560,0.162043,0.06,1,71268,70838,430
2889961,6.64514,7.21282,429,2901020,0.112409,0.06,1,71276,70847,429
2892881,2.92903,1.44256,431,2903940,0.110482,0.06,1,71278,70847,431
2894741,12.5858,0.288513,446,2906860,0.286096,0.25,1,71293,70847,446
2897661,4.11716,8.0577,438,2908320,0.353219,0.25,1,71295,70857,438
2899941,2.42343,1.61154,440,2911240,0.398644,0.32,1,71297,70857,440
2902861,2.08469,10.7223,429,2914160,0.447729,0.32,1,71299,70870,429
2905781,2.01694,2.14446,431,2917080,0.489546,0.32,1,71301,70870,431
2908701,2.00339,0.428892,433,2920000,0.553909,0.32,1,71303,70870,433
2911621,2.00068,0.0857785,435,2922920,0.534782,0.32,1,71305,70870,435
2914541,2.00014,0.0171557,437,2925840,0.530956,0.32,1,71307,70870,437
2916581,2.80003,0.00343114,440,2928760,0.482191,0.14,1,71310,70870,440
2919501,2.16001,7.20069,433,2930220,0.440438,0.14,1,71312,70879,433
2922421,2.032,1.44014,435,2933140,0.520088,0.14,1,71314,70879,435
2924481,2.0064,0.288027,437,2936060,0.504018,0.26,1,71316,70879,437
2927401,2.00128,10.4576,426,2938980,0.468803,0.26,1,71318,70892,426
2930321,2.00026,2.09152,428,2941900,0.429761,0.26,1,71320,70892,428
2933241,2.00005,0.418304,430,2944820,0.509952,0.26,1,71322,70892,430
2936161,2.00001,0.0836608,432,2947740,0.49399,0.26,1,71324,70892,432
2939081,2,0.0167322,434,2950660,0.458798,0.26,1,71326,70892,434
2941121,2,0.00334643,436,2953580,0.42776,0.1,1,71328,70892,436
2944041,2,7.20067,429,2955040,0.477552,0.1,1,71330,70901,429
2946961,2,1.44013,431,2957960,0.45551,0.1,1,71332,70901,431
2949861,90.8,0.288027,544,2960880,0.323102,0.07,1,71445,70901,544
2951941,25.36,98.4576,430,2963800,0.30462,0.06,1,71454,71024,430
2953601,5.872,23.6915,426,2965260,0.284924,0.01,1,71455,71029,426
2956521,4.3744,9.5383,424,2968180,0.216985,0.01,1,71459,71035,424
2958801,2.47488,1.90766,426,2971100,0.179397,0.06,1,71461,71035,426
2961721,142.095,143.582,424,2972560,0.0838794,0.06,1,71638,71214,424
2964641,30.019,28.7163,426,2975480,0.152776,0.06,1,71640,71214,426
2967561,7.6038,5.74326,428,2978400,0.126555,0.06,1,71642,71214,428
2970481,3.12076,1.14865,430,2981320,0.089311,0.06,1,71644,71214,430
2972321,1.42415,0.22973,431,2984240,0.0658622,0.1,1,71645,71214,431
2975241,1.88483,4.84595,427,2985700,0.0291724,0.1,1,71647,71220,427
2978161,1.97697,0.969189,429,2988620,0.0858345,0.1,1,71649,71220,429
2981081,1.99539,0.193838,431,2991540,0.0891669,0.1,1,71651,71220,431
2982721,1.19908,0.0387676,432,2994460,0.0738334,0.14,1,71652,71220,432
2985641,9.03982,12.8078,427,2995920,0.110767,0.14,1,71663,71236,427
2988561,3.40796,2.56155,429,2998840,0.0861533,0.14,1,71665,71236,429
2991041,2.28159,0.51231,431,3001760,0.0492307,0,1,71667,71236,431
2993961,2.05632,5.70246,426,3004680,0.00984613,0,1,71669,71243,426
2996241,2.01126,1.14049,428,3007600,0.00196923,0.13,1,71671,71243,428
2999161,6.00225,9.0281,424,3010520,0.0803939,0.13,1,71678,71254,424
3001441,3.60045,1.80562,427,3013440,0.136079,0.21,1,71681,71254,427
3004361,5.52009,8.36112,423,3014900,0.0592158,0.21,1,71687,71264,423
3007281,2.70402,1.67222,425,3017820,0.0678432,0.21,1,71689,71264,425
3009761,2.1408,0.334445,427,3020740,0.0695686,0.08,1,71691,71264,427
3012681,9.22816,6.46689,430,3023660,0.0139137,0.08,1,71702,71272,430
3015601,5.04563,1.29338,434,3026580,0.0827827,0.08,1,71706,71272,434
3018081,2.60913,0.258676,436,3029500,0.128557,0.15,1,71708,71272,436
3021001,5.32183,6.45174,434,3032420,0.249711,0.15,1,71714,71280,434
3023281,2.66437,1.29035,436,3035340,0.241942,0.37,1,71716,71280,436
3025361,22.9329,12.2581,449,3036800,0.664388,0.59,1,71744,71295,449
3028281,6.18657,8.05161,444,3039720,0.788878,0.59,2,71746,71302,444
3031201,2.83731,1.61032,446,3042640,0.845776,0.59,2,71748,71302,446
3034121,2.16746,0.322065,448,3045560,0.833155,0.59,2,71750,71302,448
3036801,2.03349,0.0644129,450,3048480,0.862631,0.45,2,71752,71302,450
3039721,2.0067,7.21288,443,3051400,0.900526,0.45,2,71754,71311,443
3042641,2.00134,1.44258,445,3054320,0.876105,0.45,2,71756,71311,445
3045561,2.00027,0.288515,447,3057240,0.839221,0.45,2,71758,71311,447
3047201,1.20005,0.0577031,448,3060160,0.815844,0.46,2,71759,71311,448
3050121,1.84001,5.61154,443,3061620,0.803169,0.46,2,71761,71318,443
3053041,1.968,1.12231,445,3064540,0.888634,0.46,2,71763,71318,445
3055521,1.9936,0.224462,447,3067460,0.873727,0.49,2,71765,71318,447
3058441,1.99872,9.64489,437,3068920,0.838745,0.49,2,71767,71330,437
3061361,1.99974,1.92898,439,3071840,0.799749,0.49,2,71769,71330,439
3064281,1.99995,0.385796,441,3074760,0.90395,0.49,2,71771,71330,441
3067201,1.99999,0.0771591,443,3077680,0.89279,0.49,2,71773,71330,443
3070121,2,0.0154318,445,3080600,0.914558,0.49,2,71775,71330,445
3072161,2,0.00308636,447,3083520,0.886912,0.38,2,71777,71330,447
3075081,2,4.80062,443,3086440,0.849382,0.38,2,71779,71336,443
3077361,2,0.960123,445,3089360,0.809877,0.2,2,71781,71336,445
3080281,89.2,98.592,433,3090820,0.825975,0.2,2,71892,71459,433
3083201,19.44,19.7184,435,3093740,0.797195,0.2,2,71894,71459,435
3086101,7.888,3.94368,440,3096660,0.711439,0.35,1,71899,71459,440
3089021,3.1776,8.78874,432,3099580,0.830288,0.35,2,71901,71469,432
3091301,135.036,1.75775,600,3102500,0.654058,0.11,1,72069,71469,600
3094221,28.6071,143.552,423,3105420,0.586812,0.11,1,72071,71648,423
3097141,7.32142,28.7103,425,3108340,0.549362,0.11,1,72073,71648,425
3100061,3.06428,5.74206,427,3111260,0.661873,0.11,1,72075,71648,427
3102981,2.21286,1.14841,429,3114180,0.660374,0.11,1,72077,71648,429
3105441,2.04257,0.229682,431,3117100,0.628075,0.16,1,72079,71648,431
3108361,3.60851,10.4459,422,3120020,0.621615,0.16,1,72083,71661,422
3111281,2.3217,2.08919,424,3122940,0.588323,0.16,1,72085,71661,424
3113761,2.06434,0.417837,426,3125860,0.573665,0.02,1,72087,71661,426
3116681,6.81287,5.68357,427,3127320,0.578733,0.02,1,72095,71668,427
3119601,2.96257,1.13671,429,3130240,0.603747,0.02,1,72097,71668,429
3122081,2.19251,0.227343,431,3133160,0.576749,0.11,1,72099,71668,431
3125001,2.0385,7.24547,424,3136080,0.54735,0.11,1,72101,71677,424
3127281,2.0077,1.44909,426,3139000,0.50147,0.19,1,72103,71677,426
3129361,2.00154,1.88982,426,3140460,0.500294,0.04,1,72105,71679,426
3132281,5.20031,6.77796,424,3143380,0.492059,0.04,1,72111,71687,424
3133941,5.04006,1.35559,429,3146300,0.578412,0.07,1,72116,71687,429
3136861,2.60801,6.67112,423,3147760,0.571682,0.07,1,72118,71695,423
3139781,2.1216,1.33422,425,3150680,0.538337,0.07,1,72120,71695,425
3142261,16.4243,0.266845,445,3153600,0.555667,0.1,1,72140,71695,445
3144341,13.6849,8.85337,447,3156520,0.527133,0.24,1,72153,71706,447
3147261,4.33697,9.77067,439,3157980,0.625427,0.24,1,72155,71716,439
3150181,2.46739,1.95413,441,3160900,0.613085,0.24,1,72157,71716,441
3152661,15.6935,0.390827,460,3163820,0.586617,0.43,1,72176,71716,460
3154321,5.5387,8.07817,453,3166740,0.685323,0.89,1,72179,71726,453
3157241,28.3077,21.6156,462,3168200,0.577065,0.89,1,72213,71751,462
3160161,7.26155,4.32313,464,3171120,0.683413,0.89,1,72215,71751,464
3163081,3.05231,0.864625,466,3174040,0.664683,0.89,1,72217,71751,466
3164721,1.41046,0.172925,467,3176960,0.644937,0.82,1,72218,71751,467
3167641,1.88209,7.23459,460,3178420,0.608987,0.82,1,72220,71760,460
3170561,1.97642,1.44692,462,3181340,0.689797,0.82,1,72222,71760,462
3173481,1.99528,0.289383,464,3184260,0.673959,0.82,1,72224,71760,464
3176401,1.99906,0.0578767,466,3187180,0.654792,0.82,1,72226,71760,466
3178241,1.19981,0.0115753,467,3190100,0.626958,0.89,1,72227,71760,467
3181161,1.83996,3.20232,465,3191560,0.589392,0.89,1,72229,71764,465
3183441,1.96799,0.640463,467,3194480,0.581878,0.84,1,72231,71764,467
3186361,1.9936,12.1281,454,3197400,0.548376,0.84,1,72233,71779,454
3189281,1.99872,2.42562,456,3200320,0.509675,0.84,1,72235,71779,456
3192201,1.99974,0.485124,458,3203240,0.669935,0.84,1,72237,71779,458
3195121,1.99995,0.0970247,460,3206160,0.677987,0.84,1,72239,71779,460
3198041,1.99999,0.0194049,462,3209080,0.647597,0.84,1,72241,71779,462
3200961,2,0.00388099,464,3212000,0.721519,0.84,1,72243,71779,464
3203201,2,0.000776198,466,3214920,0.704304,0.73,1,72245,71779,466
3206121,2,4.80016,462,3216380,0.668861,0.73,1,72247,71785,462
3208401,2,0.960031,464,3219300,0.685772,0.74,1,72249,71785,464
3211321,86.8,89.792,460,3222220,0.697154,0.74,1,72357,71897,460
3213601,18.96,17.9584,462,3225140,0.675431,0.86,1,72359,71897,462
3216521,11.792,13.1917,460,3228060,0.735086,0.86,1,72369,71909,460
3219441,3.9584,2.63834,462,3230980,0.715017,0.86,1,72371,71909,462
3221301,121.592,0.527667,613,3233900,0.671003,0.56,1,72522,71909,613
3224221,25.9183,130.506,452,3235360,0.622201,0.56,1,72524,72072,452
3226501,8.38367,26.1011,456,3238280,0.71644,0.64,1,72528,72072,456
3229421,3.27673,10.0202,452,3239740,0.711288,0.64,1,72530,72078,452
3232341,2.25535,2.00404,454,3242660,0.750258,0.64,2,72532,72078,454
3234821,2.05107,0.400809,456,3245580,0.766052,0.58,2,72534,72078,456
3236481,1.21021,2.48016,454,3248500,0.76121,0.59,2,72535,72081,454
3239401,1.84204,4.49603,451,3249960,0.728242,0.59,1,72537,72086,451
3241681,1.96841,0.899206,453,3252880,0.689648,0.6,1,72539,72086,453
3244601,1.99368,6.57984,447,3255800,0.72193,0.6,1,72541,72094,447
3246261,5.99874,1.31597,454,3258720,0.704386,0.5,1,72548,72094,454
3249181,2.79975,9.06319,445,3260180,0.668877,0.5,1,72550,72105,445
3252101,2.15995,1.81264,447,3263100,0.733775,0.5,1,72552,72105,447
3255021,2.03199,0.362528,449,3266020,0.714755,0.5,1,72554,72105,449
3257941,2.0064,0.0725055,451,3268940,0.686951,0.5,1,72556,72105,451
3259781,1.20128,0.0145011,452,3271860,0.72139,0.6,1,72557,72105,452
3262481,1.84026,8.8029,443,3273320,0.720278,0.4,1,72559,72116,443
3265401,13.1681,12.1606,446,3276240,0.696056,0.4,1,72575,72129,446
3268321,4.23361,2.43212,448,3279160,0.659211,0.4,1,72577,72129,448
3270801,2.44672,0.486423,450,3282080,0.627842,0.56,1,72579,72129,450
3272881,18.0893,17.6973,450,3285000,0.669568,0.57,1,72601,72151,450
3275801,13.2179,9.93946,454,3286460,0.613914,0.57,1,72613,72159,454
3278721,4.24357,1.98789,456,3289380,0.610783,0.57,1,72615,72159,456
3281201,2.44871,0.397578,458,3292300,0.578157,0.7,1,72617,72159,458
3284121,17.2897,22.4795,451,3295220,0.667631,0.7,1,72638,72187,451
3286821,30.6579,4.4959,485,3298140,0.677526,0.65,1,72672,72187,485
3289741,7.73159,32.0992,448,3301060,0.647505,0.65,1,72674,72226,448
3292661,3.14632,6.41984,450,3303980,0.617501,0.65,1,72676,72226,450
3295581,2.22926,1.28397,452,3306900,0.5795,0.65,1,72678,72226,452
3298501,2.04585,0.256793,454,3309820,0.7399,0.65,1,72680,72226,454
3301421,2.00917,0.0513587,456,3312740,0.74798,0.65,1,72682,72226,456
3304081,2.00183,0.0102717,458,3315660,0.741596,0.56,1,72684,72226,458
3307001,2.00037,4.80205,454,3318580,0.708319,0.56,1,72686,72232,454
3309921,2.00007,0.960411,456,3321500,0.773664,0.56,2,72688,72232,456
3312841,2.00001,0.192082,458,3324420,0.770733,0.56,2,72690,72232,458
3314481,1.2,0.0384164,459,3327340,0.778147,0.71,2,72691,72232,459
3317401,1.84,4.00768,456,3328800,0.755629,0.71,2,72693,72237,456
3319681,1.968,0.801537,458,3331720,0.719126,0.66,1,72695,72237,458
3322601,1.9936,8.16031,450,3333180,0.679825,0.66,1,72697,72247,450
3325521,1.99872,1.63206,452,3336100,0.791965,0.66,2,72699,72247,452
3328441,1.99974,0.326412,454,3339020,0.790393,0.66,2,72701,72247,454
3331361,1.99995,0.0652824,456,3341940,0.758079,0.66,2,72703,72247,456
3334241,1.99999,0.0130565,458,3344860,0.719616,0.58,1,72705,72247,458
3337161,2,6.40261,452,3347780,0.679923,0.58,1,72707,72255,452
3339441,2,1.28052,454,3350700,0.631985,0.61,1,72709,72255,454
3342361,88.4,87.4561,455,3353620,0.734397,0.61,1,72819,72364,455
3344641,19.28,17.4912,457,3356540,0.722879,0.67,1,72821,72364,457
3347561,12.656,13.0982,456,3358000,0.712576,0.67,1,72832,72376,456
3349841,4.1312,2.61965,458,3360920,0.686515,0.71,1,72834,72376,458
3352761,120.826,123.724,454,3363840,0.801303,0.71,2,72984,72530,454
3355681,25.7652,24.7448,456,3366760,0.792261,0.71,2,72986,72530,456
3358581,6.75305,4.94896,458,3369680,0.758452,0.77,2,72988,72530,458
3361501,2.95061,4.18979,456,3372600,0.81569,0.77,2,72990,72534,456
3363361,1.39012,0.837958,457,3375520,0.811138,0.73,2,72991,72534,457
3366281,3.47802,5.76759,454,3376980,0.754228,0.73,2,72995,72541,454
3369201,2.2956,1.15352,456,3379900,0.710845,0.73,1,72997,72541,456
3372121,2.05912,0.230704,458,3382820,0.670169,0.73,1,72999,72541,458
3374181,5.21182,0.0461407,464,3385740,0.734034,0.7,1,73005,72541,464
3376261,4.24236,5.60923,461,3388660,0.778807,0.68,2,73009,72548,461
3379181,2.44847,11.5218,450,3390120,0.747761,0.68,1,73011,72561,450
3382101,2.08969,2.30437,452,3393040,0.709552,0.68,1,73013,72561,452
3385021,2.01794,0.460874,454,3395960,0.67791,0.68,1,73015,72561,454
3387941,2.00359,0.0921748,456,3398880,0.639582,0.68,1,73017,72561,456
3390861,2.00072,0.0184349,458,3401800,0.655916,0.68,1,73019,72561,458
3393521,2.00014,0.00368699,460,3404720,0.715183,0.66,1,73021,72561,460
3396441,16.4,21.6007,453,3407640,0.655037,0.66,1,73041,72588,453
3399361,4.88001,4.32015,455,3410560,0.651007,0.66,1,73043,72588,455
3401841,2.576,0.864029,457,3413480,0.626201,0.63,1,73045,72588,457
3403921,14.1152,18.5728,451,3416400,0.66924,0.73,1,73062,72611,451
3406841,17.223,14.1146,456,3417860,0.669848,0.73,1,73080,72624,456
3409761,5.04461,2.82291,458,3420780,0.75797,0.73,2,73082,72624,458
3412241,2.60892,0.564582,460,3423700,0.743594,0.72,1,73084,72624,460
3414321,14.1218,15.3129,458,3426620,0.708719,0.59,1,73101,72643,458
3417241,29.2244,30.2626,457,3428080,0.693744,0.59,1,73134,72677,457
3420161,7.44487,6.05252,459,3431000,0.658749,0.59,1,73136,72677,459
3423081,3.08897,1.2105,461,3433920,0.77975,0.59,2,73138,72677,461
3425141,3.81779,0.242101,465,3436840,0.73995,0.79,1,73142,72677,465
3428061,2.36356,8.84842,456,3438300,0.70799,0.79,1,73144,72688,456
3430981,2.07271,1.76968,458,3441220,0.669598,0.79,1,73146,72688,458
3433901,2.01454,0.353937,460,3444140,0.74992,0.79,1,73148,72688,460
3436821,2.00291,0.0707873,462,3447060,0.733984,0.79,1,73150,72688,462
3438661,1.20058,0.0141575,463,3449980,0.714797,0.75,1,73151,72688,463
3441581,1.84012,12.0028,450,3452900,0.670959,0.75,1,73153,72703,450
3444501,1.96802,2.40057,452,3455820,0.750192,0.75,2,73155,72703,452
3447421,1.9936,0.480113,454,3458740,0.734038,0.75,1,73157,72703,454
3450341,1.99872,0.0960226,456,3461660,0.706808,0.75,1,73159,72703,456
3453261,1.99974,0.0192045,458,3464580,0.701362,0.75,1,73161,72703,458
3456181,1.99995,0.0038409,460,3467500,0.668272,0.75,1,73163,72703,460
3459041,1.99999,0.000768181,462,3470420,0.781655,0.69,2,73165,72703,462
3461961,2,2.40015,461,3473340,0.772331,0.69,2,73167,72706,461
3464881,2,0.480031,463,3476260,0.738466,0.69,1,73169,72706,463
3466741,2,0.0960061,465,3479180,0.691693,0.8,1,73171,72706,465
3469661,3.6,10.4192,456,3480640,0.618339,0.8,1,73175,72719,456
3471941,84.72,2.08384,561,3483560,0.699668,0.66,1,73280,72719,561
3474861,18.544,84.4168,458,3486480,0.707933,0.66,1,73282,72824,458
3477141,13.3088,16.8834,470,3489400,0.709587,0.71,1,73294,72824,470
3480061,4.26176,12.9767,460,3490860,0.677917,0.71,1,73296,72836,460
3482341,120.052,2.59533,609,3493780,0.791583,0.85,2,73445,72836,609
3485261,27.2105,122.919,460,3496700,0.758317,0.85,2,73449,72989,460
3488181,8.64209,24.5838,464,3499620,0.679663,0.85,1,73453,72989,464
3490661,3.32842,4.91676,466,3502540,0.791933,0.72,2,73455,72989,466
3493581,2.26568,6.58335,461,3504000,0.782387,0.72,2,73457,72996,461
3496481,2.05314,1.31667,463,3506920,0.748477,0.79,1,73459,72996,463
3499401,6.81063,10.6633,458,3509840,0.725695,0.79,1,73467,73009,458
3502321,2.96213,2.13267,460,3512760,0.689139,0.79,1,73469,73009,460
3504801,2.19243,0.426533,462,3515680,0.689828,0.75,1,73471,73009,462
3507721,4.43848,8.88531,456,3518600,0.697966,0.75,1,73476,73020,456
3510641,2.4877,1.77706,458,3521520,0.667593,0.75,1,73478,73020,458
3513561,2.09754,0.355412,460,3524440,0.749519,0.75,1,73480,73020,460
3516481,2.01951,0.0710824,462,3527360,0.741904,0.75,1,73482,73020,462
3519401,2.0039,0.0142165,464,3530280,0.708381,0.75,1,73484,73020,464
3521441,2.00078,0.0028433,466,3533200,0.741676,0.8,1,73486,73020,466
3524361,2.00016,9.60057,456,3534660,0.724335,0.8,1,73488,73032,456
3526021,7.60003,1.92011,465,3537580,0.784867,0.65,2,73497,73032,465
3528101,11.12,9.18402,466,3540500,0.740973,0.66,1,73509,73043,466
3531021,3.824,9.8368,458,3541960,0.700195,0.66,1,73511,73053,458
3532881,1.5648,1.96736,459,3544880,0.676039,0.73,1,73512,73053,459
3534961,11.513,9.19347,462,3546340,0.703208,0.81,1,73526,73064,462
3537881,20.7026,23.4387,458,3549260,0.748641,0.81,1,73549,73091,458
3540801,5.74052,4.68774,460,3552180,0.717728,0.81,1,73551,73091,460
3543281,2.7481,0.937548,462,3555100,0.695546,0.73,1,73553,73091,462
3545361,14.1496,19.3875,455,3556560,0.731109,0.71,1,73570,73115,455
3548281,24.4299,26.2775,454,3559480,0.762222,0.71,2,73597,73143,454
3551201,6.48598,5.2555,456,3562400,0.736444,0.71,1,73599,73143,456
3554121,2.8972,1.0511,458,3565320,0.699289,0.71,1,73601,73143,458
3555761,1.37944,0.21022,459,3568240,0.675858,0.66,1,73602,73143,459
3558681,3.47589,8.04204,453,3569700,0.767172,0.66,2,73606,73153,453
3561601,2.29518,1.60841,455,3572620,0.761434,0.66,2,73608,73153,455
3564521,2.05904,0.321682,457,3575540,0.728287,0.66,1,73610,73153,457
3567441,2.01181,0.0643363,459,3578460,0.697657,0.66,1,73612,73153,459
3569281,1.20236,0.0128673,460,3581380,0.675531,0.73,1,73613,73153,460
3572201,1.84047,12.8026,446,3582840,0.639106,0.73,1,73615,73169,446
3575121,1.96809,2.56051,448,3585760,0.599821,0.73,1,73617,73169,448
3578041,1.99362,0.512103,450,3588680,0.783964,0.73,2,73619,73169,450
3580961,1.99872,0.102421,452,3591600,0.788793,0.73,2,73621,73169,452
3583881,1.99974,0.0204841,454,3594520,0.757759,0.73,2,73623,73169,454
3586801,1.99995,0.00409682,456,3597440,0.751552,0.73,2,73625,73169,456
3589721,1.99999,0.000819364,458,3600360,0.71831,0.73,1,73627,73169,458
3592161,2,0.000163873,460,3603280,0.679662,0.66,1,73629,73169,460
3595081,2,2.40003,459,3606200,0.823932,0.66,2,73631,73172,459
3597361,2,0.480007,461,3609120,0.820786,0.56,2,73633,73172,461
3600281,2,4.096,458,3610580,0.796157,0.56,2,73635,73177,458
3601941,85.2,0.8192,564,3613500,0.759231,0.63,2,73741,73177,564
3604861,18.64,90.5638,453,3616420,0.711846,0.63,1,73743,73290,453
3607141,14.928,18.1128,467,3619340,0.790369,0.7,2,73757,73290,467
3610061,4.5856,16.4226,453,3620800,0.798074,0.7,2,73759,73306,453
3612341,120.917,3.28451,603,3623720,0.751615,0.84,2,73909,73306,603
3615261,25.7834,119.057,457,3626640,0.710323,0.84,1,73911,73454,457
3618181,6.75668,23.8114,459,3629560,0.670065,0.84,1,73913,73454,459
3620661,4.55134,4.76228,463,3632480,0.606013,0.79,1,73917,73454,463
3623581,2.51027,8.95246,455,3633940,0.561203,0.79,1,73919,73464,455
3626501,2.10205,1.79049,457,3636860,0.760241,0.79,2,73921,73464,457
3628981,2.82041,0.358098,460,3639780,0.752048,0.7,2,73924,73464,460
3631061,6.16408,3.27162,463,3642700,0.67041,0.72,1,73931,73468,463
3633981,2.83282,6.25432,458,3645620,0.782082,0.72,2,73933,73475,458
3635841,1.36656,1.25086,459,3648540,0.788416,0.74,2,73934,73475,459
3638761,3.47331,5.85017,456,3650000,0.781683,0.74,2,73938,73482,456
3641681,3.89466,1.17003,460,3652920,0.724337,0.74,1,73942,73482,460
3644161,2.37893,0.234007,462,3655840,0.760867,0.75,2,73944,73482,462
3647081,2.07579,3.2468,460,3658760,0.752173,0.75,2,73946,73486,460
3650001,2.01516,0.64936,462,3661680,0.726435,0.75,1,73948,73486,462
3651861,1.20303,0.129872,463,3664600,0.705287,0.7,1,73949,73486,463
3654561,1.84061,2.42597,462,3666060,0.765057,0.77,2,73951,73489,462
3656641,9.16812,14.8852,455,3668980,0.729011,0.66,1,73962,73507,455
3659561,9.03362,7.77704,458,3670440,0.681802,0.66,1,73971,73513,458
3662481,3.40672,1.55541,460,3673360,0.64036,0.66,1,73973,73513,460
3665381,19.8813,0.311082,484,3676280,0.744072,0.7,1,73997,73513,484
3667461,18.3763,19.2622,478,3679200,0.660814,0.61,1,74015,73537,478
3670381,6.07525,19.8524,461,3680660,0.588163,0.61,1,74018,73557,461
3673301,2.81505,3.97049,463,3683580,0.685633,0.61,1,74020,73557,463
3675781,14.163,0.794098,480,3686500,0.657127,0.62,1,74037,73557,480
3677861,20.4326,16.1588,482,3689420,0.659425,0.78,1,74059,73577,482
3680781,7.28652,27.2318,456,3692340,0.755885,0.78,2,74063,73607,456
3683701,4.6573,5.44635,460,3695260,0.711177,0.78,1,74067,73607,460
3686621,3.33146,1.08927,463,3698180,0.702235,0.78,1,74070,73607,463
3688881,2.26629,0.217854,465,3701100,0.660447,0.83,1,74072,73607,465
3691801,3.65326,9.64357,457,3702560,0.588089,0.83,1,74076,73619,457
3694721,2.33065,1.92871,459,3705480,0.629618,0.83,1,74078,73619,459
3697641,2.06613,0.385743,461,3708400,0.605924,0.83,1,74080,73619,461
3700561,2.01323,0.0771486,463,3711320,0.697185,0.83,1,74082,73619,463
3703481,2.00265,0.0154297,465,3714240,0.683437,0.83,1,74084,73619,465
3705521,2.00053,0.00308594,467,3717160,0.648687,0.86,1,74086,73619,467
3708441,2.00011,9.60062,457,3720080,0.609737,0.86,1,74088,73631,457
3711361,2.00002,1.92012,459,3723000,0.569947,0.86,1,74090,73631,459
3714281,2,0.384025,461,3725920,0.537989,0.86,1,74092,73631,461
3717201,2,0.0768049,463,3728840,0.507598,0.86,1,74094,73631,463
3720121,2,0.015361,465,3731760,0.65352,0.86,1,74096,73631,465
3723041,2,0.0030722,467,3734680,0.674704,0.86,1,74098,73631,467
3724661,1.2,0.000614439,468,3737600,0.662941,0.91,1,74099,73631,468
3727581,1.84,8.80012,459,3739060,0.628588,0.91,1,74101,73642,459
3730481,1.968,1.76002,461,3741980,0.597718,0.9,1,74103,73642,461
3733401,87.5936,88.352,460,3744900,0.639544,0.9,1,74212,73752,460
3735681,19.1187,17.6704,462,3747820,0.775909,0.8,2,74214,73752,462
3738601,7.02374,12.3341,455,3749280,0.731182,0.8,1,74218,73763,455
3740881,4.60475,2.46682,459,3752200,0.746236,0.81,1,74222,73763,459
3743801,124.921,126.893,456,3755120,0.757247,0.81,2,74377,73921,456
3746721,26.5842,25.3787,458,3758040,0.727449,0.81,1,74379,73921,458
3749641,6.91684,5.07573,460,3760960,0.68949,0.81,1,74381,73921,460
3752561,2.98337,1.01515,462,3763880,0.649898,0.81,1,74383,73921,462
3754401,1.39667,0.203029,463,3766800,0.61798,0.69,1,74384,73921,463
3757321,1.87933,4.84061,459,3768260,0.779596,0.69,2,74386,73927,459
3759601,1.97587,0.968121,461,3771180,0.779919,0.81,2,74388,73927,461
3761681,5.19517,4.99362,461,3774100,0.723984,0.77,1,74394,73933,461
3764601,4.23903,5.79873,459,3775560,0.816797,0.77,2,74398,73939,459
3767521,2.44781,1.15974,461,3778480,0.795359,0.77,2,74400,73939,461
3770421,4.48956,0.231949,466,3781400,0.711072,0.72,1,74405,73939,466
3773341,3.29791,7.24639,460,3784320,0.702214,0.72,1,74408,73948,460
3776261,2.25958,1.44928,462,3787240,0.740443,0.72,1,74410,73948,462
3778741,2.05192,0.289856,464,3790160,0.724089,0.74,1,74412,73948,464
3781661,2.01038,4.05797,461,3793080,0.720818,0.74,1,74414,73953,461
3784581,2.00208,0.811594,463,3796000,0.688164,0.74,1,74416,73953,463
3787061,2.00042,0.162319,465,3798920,0.681633,0.82,1,74418,73953,465
3789141,14.0001,8.03246,472,3800380,0.688327,0.75,1,74435,73963,472
3792061,4.40002,13.6065,459,3803300,0.657665,0.75,1,74437,73978,459
3794341,24.88,2.7213,489,3806220,0.699533,0.74,1,74467,73978,489
3796001,5.776,26.1443,458,3807680,0.691907,0.73,1,74468,74010,458
3798921,2.7552,12.4289,451,3810600,0.658381,0.73,1,74470,74019,451
3801201,2.15104,2.48577,453,3813520,0.755676,0.63,2,74472,74019,453
3804121,7.63021,6.89715,454,3814980,0.759135,0.63,2,74481,74027,454
3805781,17.526,1.37943,474,3817900,0.775827,0.7,2,74501,74027,474
3807861,21.1052,14.6759,478,3819360,0.755165,0.7,2,74523,74045,478
3810781,5.82104,22.9352,455,3822280,0.743033,0.7,1,74525,74070,455
3813701,2.76421,4.58704,457,3825200,0.708607,0.7,1,74527,74070,457
3816181,3.75284,0.917407,461,3828120,0.797721,0.68,2,74531,74070,461
3819101,2.35057,11.3835,449,3829580,0.863544,0.68,2,74533,74084,449
3822021,2.07011,2.2767,451,3832500,0.844709,0.68,2,74535,74084,451
3824941,2.01402,0.455339,453,3835420,0.808942,0.68,2,74537,74084,453
3827861,2.0028,0.0910678,455,3838340,0.769788,0.68,2,74539,74084,455
3830781,2.00056,0.0182136,457,3841260,0.721958,0.68,1,74541,74084,457
3832821,3.60011,0.00364271,461,3844180,0.704392,0.52,1,74545,74084,461
3835741,2.32002,7.20073,454,3847100,0.668878,0.52,1,74547,74093,454
3838661,2.064,1.44015,456,3850020,0.629776,0.52,1,74549,74093,456
3841581,2.0128,0.288029,458,3852940,0.781955,0.52,2,74551,74093,458
3844501,2.00256,0.0576058,460,3855860,0.812391,0.52,2,74553,74093,460
3846341,1.20051,0.0115212,461,3858780,0.802478,0.72,2,74554,74093,461
3849261,1.8401,10.4023,450,3860240,0.768496,0.72,2,74556,74106,450
3852181,1.96802,2.08046,452,3863160,0.729699,0.72,1,74558,74106,452
3855101,1.9936,0.416092,454,3866080,0.77794,0.72,2,74560,74106,454
3858021,1.99872,0.0832184,456,3869000,0.787588,0.72,2,74562,74106,456
3860941,1.99974,0.0166437,458,3871920,0.765518,0.72,2,74564,74106,458
3862981,87.6,0.00332874,567,3874840,0.769104,0.79,2,74673,74106,567
3865901,19.12,87.2007,460,3876300,0.761821,0.79,2,74675,74215,460
3868181,13.424,17.4401,472,3879220,0.728364,0.7,1,74687,74215,472
3871101,4.2848,16.288,458,3882140,0.689673,0.7,1,74689,74231,458
3873381,122.457,3.25761,610,3885060,0.753935,0.84,2,74841,74231,610
3876301,26.0914,123.852,458,3887980,0.734787,0.84,1,74843,74385,458
3879221,6.81828,24.7703,460,3890900,0.706957,0.84,1,74845,74385,460
3882141,2.96366,4.95406,462,3893820,0.669391,0.84,1,74847,74385,462
3885061,2.19273,0.990812,464,3896740,0.781878,0.84,2,74849,74385,464
3886901,4.43855,0.198162,469,3899660,0.804376,0.84,2,74854,74385,469
3889821,2.48771,10.4396,458,3901120,0.776875,0.84,2,74856,74398,458
3892721,2.09754,2.08793,460,3904040,0.739375,0.75,1,74858,74398,460
3895641,5.21951,10.0176,454,3906960,0.787875,0.75,2,74864,74410,454
3898561,2.6439,2.00352,456,3909880,0.773575,0.75,2,74866,74410,456
3901481,2.12878,0.400703,458,3912800,0.738715,0.75,1,74868,74410,458
3904161,2.02576,0.0801407,460,3915720,0.691743,0.75,1,74870,74410,460
3907081,3.60515,9.61603,452,3918640,0.786349,0.75,2,74874,74422,452
3910001,2.32103,1.92321,454,3921560,0.77327,0.75,2,74876,74422,454
3912921,2.06421,0.384641,456,3924480,0.738654,0.75,1,74878,74422,456
3915841,2.01284,0.0769282,458,3927400,0.787731,0.75,2,74880,74422,458
3917681,1.20257,0.0153856,459,3930320,0.773546,0.65,2,74881,74422,459
3919761,13.8405,12.0031,461,3931780,0.634709,0.69,1,74898,74437,461
3922681,5.9681,7.20062,459,3933240,0.630942,0.69,1,74902,74443,459
3924341,25.9936,1.44012,490,3936160,0.702188,0.7,1,74933,74443,490
3927261,7.59872,26.688,460,3937620,0.668438,0.7,1,74936,74476,460
3930181,3.11974,5.3376,462,3940540,0.693687,0.7,1,74938,74476,462
3932241,2.22395,1.06752,464,3943460,0.666737,0.81,1,74940,74476,464
3934321,9.24479,11.4135,461,3946380,0.733347,0.77,1,74951,74490,461
3936401,18.649,20.6827,459,3947840,0.634669,0.76,1,74972,74513,459
3939321,20.5298,24.9365,454,3950760,0.654934,0.76,1,74993,74539,454
3942241,5.70596,4.98731,456,3953680,0.634987,0.76,1,74995,74539,456
3945161,2.74119,0.997462,458,3956600,0.598997,0.76,1,74997,74539,458
3948081,2.14824,0.199492,460,3959520,0.759799,0.76,2,74999,74539,460
3951001,2.02965,0.0398985,462,3962440,0.75996,0.76,2,75001,74539,462
3953921,2.00593,0.00797969,464,3965360,0.727992,0.76,1,75003,74539,464
3956581,2.00119,0.00159594,466,3968280,0.697598,0.71,1,75005,74539,466
3958241,1.20024,1.60032,465,3969740,0.67552,0.62,1,75006,74541,465
3961161,1.84005,6.72006,459,3972660,0.647104,0.62,1,75008,74549,459
3964081,1.96801,1.34401,461,3975580,0.617421,0.62,1,75010,74549,461
3966561,1.9936,0.268803,463,3978500,0.579484,0.79,1,75012,74549,463
3969481,3.59872,10.4538,454,3979960,0.595897,0.79,1,75016,74562,454
3972401,2.31974,2.09075,456,3982880,0.567179,0.79,1,75018,74562,456
3975321,2.06395,0.41815,458,3985800,0.761436,0.79,2,75020,74562,458
3978241,2.01279,0.0836301,460,3988720,0.760287,0.79,2,75022,74562,460
3981161,2.00256,0.016726,462,3991640,0.728058,0.79,1,75024,74562,462
3984081,2.00051,0.0033452,464,3994560,0.689611,0.79,1,75026,74562,464
3986741,2.0001,0.00066904,466,3997480,0.657922,0.84,1,75028,74562,466
3989661,2.00002,8.80013,457,4000400,0.627584,0.84,1,75030,74573,457
3991521,1.2,1.76003,458,4003320,0.757517,0.78,2,75031,74573,458
3994441,90.64,89.152,460,4004780,0.743503,0.78,1,75144,74684,460
3996721,19.728,17.8304,462,4007700,0.708701,0.62,1,75146,74684,462
3999641,5.5456,9.96608,456,4010620,0.82974,0.62,2,75148,74692,456
4001921,2.70912,1.99322,458,4013540,0.829948,0.76,2,75150,74692,458
4004841,125.342,128.399,454,4016460,0.80599,0.76,2,75306,74852,454
4007761,26.6684,25.6797,456,4019380,0.857198,0.76,2,75308,74852,456
4010681,6.93367,5.13595,458,4022300,0.83544,0.76,2,75310,74852,458
4013601,2.98673,1.02719,460,4025220,0.799088,0.76,2,75312,74852,460
4015441,1.39735,0.205438,461,4028140,0.767818,0.68,2,75313,74852,461
4018361,1.87947,6.44109,455,4029600,0.721564,0.68,1,75315,74860,455
4021281,1.97589,1.28822,457,4032520,0.680313,0.68,1,75317,74860,457
4023761,1.99518,0.257643,459,4035440,0.800063,0.71,2,75319,74860,459
4026681,5.99904,7.25153,457,4038360,0.712012,0.71,1,75326,74869,457
4029601,2.79981,1.45031,459,4041280,0.662403,0.71,1,75328,74869,459
4032081,2.15996,0.290061,461,4044200,0.628481,0.73,1,75330,74869,461
4035001,5.23199,7.25801,458,4045660,0.789696,0.73,2,75336,74878,458
4037921,2.6464,1.4516,460,4048580,0.797939,0.73,2,75338,74878,460
4040401,2.12928,0.29032,462,4051500,0.767588,0.8,2,75340,74878,462
4043321,2.02586,8.05806,454,4054420,0.729518,0.8,1,75342,74888,454
4046241,2.00517,1.61161,456,4057340,0.689903,0.8,1,75344,74888,456
4048721,2.00103,0.322323,458,4060260,0.809981,0.73,2,75346,74888,458
4051641,14.8002,12.8645,460,4063180,0.801996,0.73,2,75364,74904,460
4054341,29.36,2.57289,493,4066100,0.768399,0.66,2,75397,74904,493
4057261,7.47201,29.3146,459,4067560,0.72968,0.66,1,75399,74940,459
4060181,3.0944,5.86292,461,4070480,0.689936,0.66,1,75401,74940,461
4062661,11.0189,1.17258,474,4073400,0.665987,0.7,1,75414,74940,474
4065361,3.80378,13.0345,460,4076320,0.629197,0.72,1,75416,74956,460
4067441,18.3608,23.4069,456,4079240,0.653839,0.64,1,75438,74982,456
4070361,19.6722,25.4814,450,4080700,0.706768,0.64,1,75458,75008,450
4073281,5.53443,5.09628,452,4083620,0.685354,0.64,1,75460,75008,452
4076201,2.70689,1.01926,454,4086540,0.649071,0.64,1,75462,75008,454
4079121,2.14138,0.203851,456,4089460,0.617814,0.64,1,75464,75008,456
4082041,2.02828,0.0407702,458,4092380,0.747563,0.64,1,75466,75008,458
4084961,2.00566,0.00815404,460,4095300,0.749513,0.64,1,75468,75008,460
4087881,2.00113,0.00163081,462,4098220,0.717903,0.64,1,75470,75008,462
4090741,2.00023,0.000326162,464,4101140,0.75158,0.81,2,75472,75008,464
4093661,2.00005,9.60007,454,4104060,0.734316,0.81,1,75474,75020,454
4096581,2.00001,1.92001,456,4106980,0.706863,0.81,1,75476,75020,456
4099501,2,0.384003,458,4109900,0.669373,0.81,1,75478,75020,458
4102421,2,0.0768005,460,4112820,0.813874,0.81,2,75480,75020,460
4104261,1.2,0.0153601,461,4115740,0.826775,0.67,2,75481,75020,461
4107181,1.84,5.60307,456,4118660,0.797355,0.67,2,75483,75027,456
4110101,1.968,1.12061,458,4121580,0.839471,0.67,2,75485,75027,458
4113021,1.9936,0.224123,460,4124500,0.815894,0.67,2,75487,75027,460
4115701,9.99872,0.0448246,472,4127420,0.851179,0.74,2,75499,75027,472
4118621,3.59974,12.009,459,4128880,0.826236,0.74,2,75501,75042,459
4121541,2.31995,2.40179,461,4131800,0.789247,0.74,2,75503,75042,461
4124021,86.864,0.480359,569,4134720,0.725849,0.82,1,75611,75042,569
4126941,18.9728,91.2961,457,4137640,0.78517,0.82,2,75613,75156,457
4129861,5.39456,18.2592,459,4140560,0.765034,0.82,2,75615,75156,459
4132781,2.67891,3.65184,461,4143480,0.729007,0.82,1,75617,75156,461
4134421,124.536,0.730368,616,4146400,0.833801,0.77,2,75772,75156,616
4137341,26.5072,132.946,452,4147860,0.83076,0.77,2,75774,75322,452
4140261,6.90143,26.5892,454,4150780,0.798152,0.77,2,75776,75322,454
4143181,2.98029,5.31784,456,4153700,0.75963,0.77,2,75778,75322,456
4146101,2.19606,1.06357,458,4156620,0.719926,0.77,1,75780,75322,458
4149021,2.03921,0.212714,460,4159540,0.679985,0.77,1,75782,75322,460
4151941,2.00784,0.0425427,462,4162460,0.823997,0.77,2,75784,75322,462
4154801,2.00157,0.00850855,464,4165380,0.828799,0.85,2,75786,75322,464
4157721,6.80031,10.4017,459,4168300,0.78976,0.85,2,75794,75335,459
4160641,2.96006,2.08034,461,4171220,0.837952,0.85,2,75796,75335,461
4163121,2.19201,0.416068,463,4174140,0.82359,0.79,2,75798,75335,463
4166041,3.6384,10.4832,454,4177060,0.764718,0.79,2,75802,75348,454
4168961,2.32768,2.09664,456,4179980,0.720944,0.79,1,75804,75348,456
4171881,2.06554,0.419329,458,4182900,0.688189,0.79,1,75806,75348,458
4174801,2.01311,0.0838657,460,4185820,0.753638,0.79,2,75808,75348,460
4177721,2.00262,0.0167731,462,4188740,0.854728,0.79,2,75810,75348,462
4179761,2.00052,0.00335463,464,4191660,0.842946,0.75,2,75812,75348,464
4181841,18.0001,24.8007,455,4193120,0.744589,0.72,1,75834,75379,455
4184761,26,27.3601,455,4196040,0.804918,0.72,2,75862,75407,455
4187681,6.8,5.47203,457,4198960,0.784984,0.72,2,75864,75407,457
4190601,2.96,1.09441,459,4201880,0.748997,0.72,1,75866,75407,459
4192661,6.192,0.218881,466,4204800,0.813799,0.8,2,75873,75407,466
4195581,2.8384,9.64378,456,4206260,0.79476,0.8,2,75875,75419,456
4197861,25.3677,1.92876,487,4209180,0.814952,0.71,2,75906,75419,487
4199941,18.6735,21.9858,477,4212100,0.81099,0.73,2,75923,75446,477
4202861,5.33471,22.7971,456,4213560,0.778198,0.73,2,75925,75469,456
4205781,2.66694,4.55943,458,4216480,0.86764,0.73,2,75927,75469,458
4208701,2.13339,0.911886,460,4219400,0.853528,0.73,2,75929,75469,460
4211621,2.02668,0.182377,462,4222320,0.826706,0.73,2,75931,75469,462
4214541,2.00534,0.0364754,464,4225240,0.789341,0.73,2,75933,75469,464
4216581,2.00107,0.00729509,466,4228160,0.757868,0.75,2,75935,75469,466
4219501,2.00021,3.20146,464,4231080,0.719574,0.75,1,75937,75473,464
4221361,1.20004,0.640292,465,4234000,0.695915,0.81,1,75938,75473,465
4224281,1.84001,11.3281,453,4235460,0.659183,0.81,1,75940,75487,453
4227201,1.968,2.26561,455,4238380,0.747837,0.81,1,75942,75487,455
4230121,1.9936,0.453122,457,4241300,0.741567,0.81,1,75944,75487,457
4233041,1.99872,0.0906244,459,4244220,0.892313,0.81,2,75946,75487,459
4235961,1.99974,0.0181249,461,4247140,0.890463,0.81,2,75948,75487,461
4238881,1.99995,0.00362498,463,4250060,0.906093,0.81,2,75950,75487,463
4241121,1.99999,0.000724995,465,4252980,0.877218,0.89,2,75952,75487,465
4243201,3.6,8.00014,459,4254440,0.927444,0.78,2,75956,75497,459
4246121,6.32,6.40003,460,4257360,0.825489,0.78,2,75963,75503,460
4249041,2.864,1.28001,462,4260280,0.765098,0.78,2,75965,75503,462
4250901,2.9728,0.256001,465,4263200,0.83302,0.81,2,75968,75503,465
4252561,1.39456,5.6512,459,4264660,0.830604,0.78,2,75969,75510,459
4255481,86.6789,90.7302,455,4266120,0.878121,0.78,2,76077,75622,455
4258401,18.9358,18.146,457,4269040,0.855624,0.78,2,76079,75622,457
4261321,5.38716,3.62921,459,4271960,0.843125,0.78,2,76081,75622,459
4262961,1.87743,0.725842,460,4274880,0.824625,0.77,2,76082,75622,460
4265881,127.575,124.145,464,4276340,0.724925,0.77,1,76241,75777,464
4268801,27.1151,24.829,466,4279260,0.808985,0.77,2,76243,75777,466
4271281,7.02302,4.96581,468,4282180,0.793797,0.86,2,76245,75777,468
4274201,3.0046,6.59316,463,4285100,0.830759,0.86,2,76247,75784,463
4277121,2.20092,1.31863,465,4288020,0.806152,0.86,2,76249,75784,465
4279601,2.04018,0.263726,467,4290940,0.77723,0.82,2,76251,75784,467
4282521,7.60804,11.2527,462,4293860,0.683446,0.82,1,76260,75798,462
4285441,3.12161,2.25055,464,4296780,0.784689,0.82,2,76262,75798,464
4288361,2.22432,0.45011,466,4299700,0.780938,0.82,2,76264,75798,466
4291041,2.04486,0.0900219,468,4302620,0.748188,0.84,1,76266,75798,468
4293961,2.00897,11.218,456,4305540,0.757638,0.84,2,76268,75812,456
4296881,2.00179,2.2436,458,4308460,0.727528,0.84,1,76270,75812,458
4299801,2.00036,0.44872,460,4311380,0.697505,0.84,1,76272,75812,460
4302721,2.00007,0.089744,462,4314300,0.747501,0.84,1,76274,75812,462
4305641,2.00001,0.0179488,464,4317220,0.8135,0.84,2,76276,75812,464
4308561,2,0.00358976,466,4320140,0.7947,0.84,2,76278,75812,466
4310181,2.8,0.000717952,469,4323060,0.75094,0.66,2,76281,75812,469
4312261,12.56,7.20014,475,4324520,0.750188,0.89,2,76296,75821,475
4314341,29.712,14.24,493,4325980,0.638038,0.87,1,76330,75837,493
4317261,7.5424,29.248,462,4328900,0.735608,0.87,1,76332,75870,462
4320181,3.10848,5.8496,464,4331820,0.715121,0.87,1,76334,75870,464
4322661,5.4217,1.16992,470,4334740,0.671024,0.88,1,76340,75870,470
4325581,2.68434,8.23398,462,4336200,0.710205,0.88,1,76342,75880,462
4327861,26.1369,1.6468,494,4339120,0.710041,0.72,1,76374,75880,494
4329941,18.8274,25.1294,480,4342040,0.678008,0.77,1,76391,75911,480
4332861,5.36547,23.4259,459,4343500,0.639602,0.77,1,76393,75934,459
4335781,2.67309,4.68517,461,4346420,0.60792,0.77,1,76395,75934,461
4338701,2.13462,0.937035,463,4349340,0.593584,0.77,1,76397,75934,463
4341621,2.02692,0.187407,465,4352260,0.558717,0.77,1,76399,75934,465
4344541,2.00538,0.0374814,467,4355180,0.743743,0.77,1,76401,75934,467
4346581,2.00108,0.00749628,469,4358100,0.740749,0.69,1,76403,75934,469
4349501,2.00022,3.2015,467,4361020,0.71615,0.69,1,76405,75938,467
4351781,2.00004,0.6403,469,4363940,0.67923,0.95,1,76407,75938,469
4354701,2.00001,5.72806,464,4365400,0.727846,0.95,1,76409,75945,464
4357621,2,1.14561,466,4368320,0.697569,0.95,1,76411,75945,466
4360541,2,0.229122,468,4371240,0.683514,0.95,1,76413,75945,468
4362181,1.2,0.0458245,469,4374160,0.664703,0.96,1,76414,75945,469
4365101,1.84,8.00916,461,4375620,0.748941,0.96,1,76416,75955,461
4368021,1.968,1.60183,463,4378540,0.733788,0.96,1,76418,75955,463
4370941,1.9936,0.320367,465,4381460,0.698758,0.96,1,76420,75955,465
4373621,7.59872,0.0640733,474,4384380,0.771752,0.85,2,76429,75955,474
4376541,4.71974,10.4128,465,4387300,0.72235,0.85,1,76433,75968,465
4379441,2.54395,2.08256,467,4390220,0.68047,0.8,1,76435,75968,467
4382361,6.90879,12.4165,460,4393140,0.648094,0.8,1,76443,75983,460
4385061,82.9818,2.4833,562,4396060,0.713619,0.8,1,76545,75983,562
4387981,19.7964,88.4967,456,4398980,0.662724,0.8,1,76549,76093,456
4390901,7.15927,17.6993,460,4401900,0.596545,0.8,1,76553,76093,460
4393821,4.63185,3.53987,464,4404820,0.663309,0.8,1,76557,76093,464
4395461,120.126,0.707973,613,4407740,0.652662,0.78,1,76706,76093,613
4398381,25.6253,125.742,458,4409200,0.738532,0.78,1,76708,76250,458
4401301,6.72505,25.1483,460,4412120,0.723706,0.78,1,76710,76250,460
4404221,2.94501,5.02966,462,4415040,0.688741,0.78,1,76712,76250,462
4407141,2.189,1.00593,464,4417960,0.657748,0.78,1,76714,76250,464
4408981,1.2378,0.201187,465,4420880,0.63555,0.74,1,76715,76250,465
4410641,1.04756,4.84024,460,4422340,0.71911,0.76,1,76716,76256,460
4413561,6.60951,8.16805,459,4423800,0.671822,0.76,1,76724,76265,459
4416481,2.9219,1.63361,461,4426720,0.638364,0.76,1,76726,76265,461
4418961,2.18438,0.326722,463,4429640,0.599673,0.76,1,76728,76265,463
4421881,2.03688,7.26534,456,4432560,0.607935,0.76,1,76730,76274,456
4424801,2.00738,1.45307,458,4435480,0.633587,0.76,1,76732,76274,458
4427721,2.00148,0.290614,460,4438400,0.750717,0.76,2,76734,76274,460
4430401,2.0003,0.0581227,462,4441320,0.742143,0.7,1,76736,76274,462
4433321,2.00006,7.21162,455,4444240,0.708429,0.7,1,76738,76283,455
4436241,2.00001,1.44232,457,4447160,0.669686,0.7,1,76740,76283,457
4439161,2,0.288465,459,4450080,0.677937,0.7,1,76742,76283,459
4440801,1.2,0.057693,460,4453000,0.663587,0.77,1,76743,76283,460
4442881,14.64,16.0115,458,4454460,0.732717,0.74,1,76761,76303,458
4445801,29.328,33.6023,453,4457380,0.786543,0.74,2,76794,76341,453
4448721,7.4656,6.72046,455,4460300,0.765309,0.74,2,76796,76341,455
4451641,3.09312,1.34409,457,4463220,0.729062,0.74,1,76798,76341,457
4453281,1.41862,0.268818,458,4466140,0.713812,0.74,1,76799,76341,458
4456201,9.88373,10.4538,457,4467600,0.686762,0.74,1,76811,76354,457
4457861,21.9767,2.09075,482,4470520,0.649352,0.78,1,76836,76354,482
4459941,17.1953,26.0182,466,4471980,0.705871,0.59,1,76852,76386,466
4462861,5.03907,14.0036,457,4473440,0.685174,0.59,1,76854,76397,457
4465781,2.60781,2.80073,459,4476360,0.641035,0.59,1,76856,76397,459
4468261,3.72156,0.560145,463,4479280,0.712207,0.71,1,76860,76397,463
4471181,2.34431,6.51203,457,4482200,0.686441,0.71,1,76862,76405,457
4474101,2.06886,1.30241,459,4485120,0.657288,0.71,1,76864,76405,459
4477021,2.01377,0.260481,461,4488040,0.643458,0.71,1,76866,76405,461
4478661,1.20275,0.0520962,462,4490960,0.624692,0.72,1,76867,76405,462
4481581,1.84055,4.01042,459,4492420,0.588938,0.72,1,76869,76410,459
4484501,1.96811,0.802084,461,4495340,0.677788,0.72,1,76871,76410,461
4486981,1.99362,0.160417,463,4498260,0.751558,0.73,2,76873,76410,463
4489901,1.99872,6.43208,457,4501180,0.734312,0.73,1,76875,76418,457
4492821,1.99974,1.28642,459,4504100,0.698862,0.73,1,76877,76418,459
4495741,1.99995,0.257283,461,4507020,0.739772,0.73,1,76879,76418,461
4497381,1.19999,0.0514567,462,4509940,0.731955,0.69,1,76880,76418,462
4500301,1.84,6.41029,456,4511400,0.706391,0.69,1,76882,76426,456
4502581,1.968,1.28206,458,4514320,0.669278,0.73,1,76884,76426,458
4504241,1.1936,5.05641,453,4515780,0.645856,0.64,1,76885,76432,453
4507161,7.43872,7.41128,454,4518700,0.689171,0.64,1,76894,76440,454
4510081,3.08774,1.48226,456,4521620,0.665834,0.64,1,76896,76440,456
4511941,11.0175,0.296451,469,4524540,0.725167,0.8,1,76909,76440,469
4514021,78.2035,11.2593,550,4526000,0.721033,0.71,1,77004,76454,550
4516941,17.2407,82.2519,452,4527460,0.688207,0.71,1,77006,76554,452
4519861,5.04814,16.4504,454,4530380,0.649641,0.71,1,77008,76554,454
4521921,2.60963,3.29007,456,4533300,0.769928,0.81,2,77010,76554,456
4524001,9.32193,9.45801,456,4536220,0.673986,0.72,1,77021,76565,456
4526921,119.464,117.892,458,4537680,0.726797,0.72,1,77168,76710,458
4529201,25.4929,23.5783,460,4540600,0.705359,0.68,1,77170,76710,460
4532121,11.4986,15.1157,455,4543520,0.757072,0.68,2,77178,76723,455
4535041,3.89971,3.02313,457,4546440,0.735414,0.68,1,77180,76723,457
4537961,2.37994,0.604626,459,4549360,0.699083,0.68,1,77182,76723,459
4540881,2.07599,0.120925,461,4552280,0.691817,0.68,1,77184,76723,461
4543141,3.6152,0.0241851,465,4555200,0.690363,0.78,1,77188,76723,465
4546061,2.32304,8.80484,456,4556660,0.730073,0.78,1,77190,76734,456
4548981,2.06461,1.76097,458,4559580,0.714015,0.78,1,77192,76734,458
4551901,2.01292,0.352193,460,4562500,0.678803,0.78,1,77194,76734,460
4554821,2.00258,0.0704387,462,4565420,0.751761,0.78,2,77196,76734,462
4556661,1.20052,0.0140877,463,4568340,0.750352,0.83,2,77197,76734,463
4559581,1.8401,8.00282,455,4571260,0.72607,0.83,1,77199,76744,455
4562501,1.96802,1.60056,457,4574180,0.729214,0.83,1,77201,76744,457
4565421,1.9936,0.320113,459,4577100,0.697843,0.83,1,77203,76744,459
4568341,1.99872,0.0640225,461,4580020,0.659569,0.83,1,77205,76744,461
4571261,1.99974,0.0128045,463,4582940,0.627914,0.83,1,77207,76744,463
4573301,12.3999,0.0025609,478,4585860,0.725583,0.83,1,77222,76744,478
4575381,31.28,20.0005,489,4587320,0.817117,0.75,2,77258,76769,489
4578301,7.856,32.0001,456,4588780,0.803423,0.75,2,77260,76804,456
4581221,3.1712,6.40002,458,4591700,0.768685,0.75,2,77262,76804,458
4584141,2.23424,1.28,460,4594620,0.737737,0.75,1,77264,76804,460
4585781,6.84685,0.256001,468,4597540,0.763547,0.67,2,77272,76804,468
4587861,29.3694,6.4512,495,4599000,0.768709,0.8,2,77307,76812,495
4589941,7.47387,30.0902,461,4601920,0.737742,0.68,1,77309,76848,461
4592021,9.49477,10.818,465,4603380,0.827548,0.71,2,77319,76854,465
4594941,3.49895,7.76361,460,4606300,0.84551,0.71,2,77321,76861,460
4597861,2.29979,1.55272,462,4609220,0.817102,0.71,2,77323,76861,462
4600341,2.05996,0.310544,464,4612140,0.78742,0.62,2,77325,76861,464
4603261,2.01199,4.86211,460,4613600,0.749484,0.62,1,77327,76867,460
4606181,2.0024,0.972422,462,4616520,0.709897,0.62,1,77329,76867,462
4608661,2.00048,0.194484,464,4619440,0.669979,0.75,1,77331,76867,464
4611581,2.0001,9.6389,454,4622360,0.797996,0.75,2,77333,76879,454
4614501,2.00002,1.92778,456,4625280,0.799599,0.75,2,77335,76879,456
4617421,2,0.385556,458,4628200,0.76792,0.75,2,77337,76879,458
4620341,2,0.0771112,460,4631120,0.729584,0.75,1,77339,76879,460
4623261,2,0.0154222,462,4634040,0.689917,0.75,1,77341,76879,462
4625301,2,0.00308445,464,4636960,0.769983,0.74,2,77343,76879,464
4628221,2,10.4006,453,4639880,0.753997,0.74,2,77345,76892,453
4631141,2,2.08012,455,4642800,0.726799,0.74,1,77347,76892,455
4634061,2,0.416025,457,4645720,0.81736,0.74,2,77349,76892,457
4636741,7.6,0.0832049,466,4648640,0.683472,0.79,1,77358,76892,466
4639661,3.12,11.2166,454,4650100,0.624694,0.79,1,77360,76906,454
4641941,12.624,2.24333,469,4653020,0.772939,0.63,2,77375,76906,469
4644021,76.9248,7.64867,553,4655940,0.746588,0.82,1,77468,76915,553
4646941,17.785,79.9297,458,4657400,0.685318,0.82,1,77471,77013,458
4649861,5.15699,15.9859,460,4660320,0.641064,0.82,1,77473,77013,460
4652781,2.6314,3.19719,462,4663240,0.720213,0.82,1,77475,77013,462
4654421,9.32628,0.639438,473,4666160,0.672043,0.79,1,77486,77013,473
4656501,122.665,9.72789,612,4667620,0.758408,0.75,2,77637,77025,612
4659421,26.1331,125.146,460,4670540,0.743682,0.75,1,77639,77179,460
4662321,6.82661,25.0291,462,4673460,0.708736,0.67,1,77641,77179,462
4665241,2.96532,9.80582,458,4676380,0.669747,0.67,1,77643,77185,458
4668161,2.19306,1.96116,460,4679300,0.637949,0.67,1,77645,77185,460
4671081,2.03861,0.392233,462,4682220,0.59959,0.67,1,77647,77185,462
4673141,4.40772,0.0784466,467,4685140,0.687918,0.72,1,77652,77185,467
4676061,2.48154,11.2157,455,4686600,0.681584,0.72,1,77654,77199,455
4678981,2.09631,2.24314,457,4689520,0.648317,0.72,1,77656,77199,457
4681901,2.01926,0.448628,459,4692440,0.761663,0.72,2,77658,77199,459
4684821,2.00385,0.0897255,461,4695360,0.760333,0.72,2,77660,77199,461
4687281,2.00077,0.0179451,463,4698280,0.728067,0.79,1,77662,77199,463
4690201,2.00015,8.00359,455,4701200,0.697613,0.79,1,77664,77209,455
4693121,2.00003,1.60072,457,4704120,0.659523,0.79,1,77666,77209,457
4696041,2.00001,0.320144,459,4707040,0.619905,0.79,1,77668,77209,459
4698961,2,0.0640287,461,4709960,0.579981,0.79,1,77670,77209,461
4701841,2,0.0128057,463,4712880,0.763996,0.64,2,77672,77209,463
4703921,14.8,20.0026,456,4715800,0.848799,0.67,2,77690,77234,456
4706841,30.96,30.4005,458,4717260,0.81776,0.67,2,77725,77267,458
4709761,7.792,6.0801,460,4720180,0.771552,0.67,2,77727,77267,460
4712681,3.1584,1.21602,462,4723100,0.73031,0.67,1,77729,77267,462
4714321,1.43168,0.243204,463,4726020,0.706062,0.83,1,77730,77267,463
4716401,3.48634,8.84864,456,4727480,0.757212,0.86,2,77734,77278,456
4719321,32.6973,27.3697,464,4730400,0.719442,0.86,1,77774,77310,464
4722021,8.93945,5.47395,467,4733320,0.815889,0.84,2,77777,77310,467
4724941,4.98789,10.6948,459,4736240,0.779178,0.84,2,77781,77322,459
4727221,6.59758,2.13896,466,4739160,0.771836,0.66,2,77788,77322,466
4730141,2.91952,7.62779,459,4740620,0.738367,0.66,1,77790,77331,459
4733061,2.1839,1.52556,461,4743540,0.723673,0.66,1,77792,77331,461
4735981,2.03678,0.305112,463,4746460,0.688735,0.66,1,77794,77331,463
4738661,2.00736,0.0610223,465,4749380,0.729747,0.74,1,77796,77331,465
4741581,2.00147,5.6122,460,4752300,0.713949,0.74,1,77798,77338,460
4744501,2.00029,1.12244,462,4755220,0.68679,0.74,1,77800,77338,462
4747421,2.00006,0.224488,464,4758140,0.649358,0.74,1,77802,77338,464
4749061,1.20001,0.0448976,465,4761060,0.625872,0.76,1,77803,77338,465
4751981,1.84,12.009,452,4762520,0.589174,0.76,1,77805,77353,452
4754901,1.968,2.4018,454,4765440,0.653835,0.76,1,77807,77353,454
4757821,1.9936,0.480359,456,4768360,0.634767,0.76,1,77809,77353,456
4760741,1.99872,0.0960718,458,4771280,0.790953,0.76,2,77811,77353,458
4763661,1.99974,0.0192144,460,4774200,0.798191,0.76,2,77813,77353,460
4765701,1.99995,0.00384287,462,4777120,0.775638,0.57,2,77815,77353,462
4768621,1.99999,7.20077,455,4780040,0.739128,0.57,1,77817,77362,455
4770481,1.2,1.44015,456,4782960,0.715825,0.82,1,77818,77362,456
4772561,21.04,17.888,460,4784420,0.767165,0.71,2,77844,77384,460
4775481,75.408,82.7776,450,4785880,0.713433,0.71,1,77933,77483,450
4778401,16.6816,16.5555,452,4788800,0.670687,0.71,1,77935,77483,452
4781321,4.93632,3.3111,454,4791720,0.638137,0.71,1,77937,77483,454
4782961,1.78726,0.662221,455,4794640,0.615627,0.55,1,77938,77483,455
4785041,9.95745,7.33244,458,4797560,0.795125,0.59,2,77950,77492,458
4787961,123.591,125.466,455,4799020,0.727025,0.59,1,78102,77647,455
4790881,26.3183,25.0933,457,4801940,0.681405,0.59,1,78104,77647,457
4793801,6.86366,5.01866,459,4804860,0.640281,0.59,1,78106,77647,459
4796721,2.97273,1.00373,461,4807780,0.776056,0.59,2,78108,77647,461
4798561,1.39455,0.200746,462,4810700,0.787211,0.76,2,78109,77647,462
4801481,3.47891,10.4401,453,4812160,0.789442,0.76,2,78113,77660,453
4804401,3.89578,2.08803,457,4815080,0.733888,0.76,1,78117,77660,457
4807321,2.37916,0.417606,459,4818000,0.698778,0.76,1,78119,77660,459
4810241,2.07583,0.0835212,461,4820920,0.659756,0.76,1,78121,77660,461
4812081,1.21517,0.0167042,462,4823840,0.635951,0.77,1,78122,77660,462
4815001,1.84303,11.2033,450,4825300,0.59919,0.77,1,78124,77674,450
4817921,1.96861,2.24067,452,4828220,0.735838,0.77,1,78126,77674,452
4820841,1.99372,0.448134,454,4831140,0.739168,0.77,1,78128,77674,454
4823761,1.99874,0.0896267,456,4834060,0.707833,0.77,1,78130,77674,456
4826681,1.99975,0.0179253,458,4836980,0.749567,0.77,1,78132,77674,458
4829601,1.99995,0.00358507,460,4839900,0.725913,0.77,1,78134,77674,460
4832521,1.99999,0.000717014,462,4842820,0.745183,0.77,1,78136,77674,462
4834341,17.2,0.000143403,483,4845740,0.693037,0.84,1,78157,77674,483
4836421,29.84,21.6,489,4848660,0.762607,0.79,2,78190,77701,489
4839341,7.568,29.92,459,4850120,0.752521,0.79,2,78192,77733,459
4842261,3.1136,5.984,461,4853040,0.718504,0.79,1,78194,77733,461
4845181,2.22272,1.1968,463,4855960,0.679701,0.79,1,78196,77733,463
4846821,8.44454,0.23936,473,4858880,0.63994,0.73,1,78206,77733,473
4848901,29.6889,12.8479,492,4860340,0.767988,0.84,2,78241,77749,492
4851821,7.53778,31.3696,458,4863260,0.785598,0.84,2,78243,77785,458
4854741,3.10756,6.27391,460,4866180,0.75712,0.84,2,78245,77785,460
4857221,7.82151,1.25478,469,4869100,0.607424,0.68,1,78254,77785,469
4860141,3.1643,12.251,456,4870560,0.721485,0.68,1,78256,77800,456
4863061,2.23286,2.45019,458,4873480,0.712297,0.68,1,78258,77800,458
4865981,2.04657,0.490038,460,4876400,0.790459,0.68,2,78260,77800,460
4868901,2.00931,0.0980076,462,4879320,0.774092,0.68,2,78262,77800,462
4871821,2.00186,0.0196015,464,4882240,0.730818,0.68,1,78264,77800,464
4873861,2.00037,0.0039203,466,4885160,0.682164,0.83,1,78266,77800,466
4876781,2.00007,8.80078,457,4888080,0.640433,0.83,1,78268,77811,457
4879701,2.00001,1.76016,459,4891000,0.672087,0.83,1,78270,77811,459
4882621,2,0.352031,461,4893920,0.742417,0.83,1,78272,77811,461
4885541,2,0.0704063,463,4896840,0.724483,0.83,1,78274,77811,463
4888001,2,0.0140813,465,4899760,0.776897,0.75,2,78276,77811,465
4890921,2,4.00282,462,4901220,0.755379,0.75,2,78278,77816,462
4893841,2,0.800563,464,4904140,0.719076,0.75,1,78280,77816,464
4896321,2,0.160113,466,4907060,0.671815,0.79,1,78282,77816,466
4899241,2,6.43202,460,4909980,0.638363,0.79,1,78284,77824,460
4901521,2,1.2864,462,4912900,0.719673,0.81,1,78286,77824,462
4903601,23.6,22.6573,463,4915820,0.783934,0.81,2,78315,77852,463
4906521,71.92,74.1315,460,4917280,0.732787,0.81,1,78399,77939,460
4909441,15.984,14.8263,462,4920200,0.682557,0.81,1,78401,77939,462
4912361,4.7968,2.96526,464,4923120,0.640511,0.81,1,78403,77939,464
4914001,1.75936,0.593052,465,4926040,0.704102,0.81,1,78404,77939,465
4916081,9.15187,10.5186,463,4927500,0.62882,0.76,1,78415,77952,463
4919001,123.43,132.504,452,4930420,0.621764,0.76,1,78567,78115,452
4921921,26.2861,26.5007,454,4933340,0.668353,0.76,1,78569,78115,454
4924841,6.85721,5.30015,456,4936260,0.645671,0.76,1,78571,78115,456
4927761,2.97144,1.06003,458,4939180,0.617134,0.76,1,78573,78115,458
4930681,2.19429,0.212006,460,4942100,0.579427,0.76,1,78575,78115,460
4933141,2.03886,0.0424012,462,4945020,0.547885,0.65,1,78577,78115,462
4936061,2.00777,4.80848,458,4946480,0.661577,0.65,1,78579,78121,458
4937921,1.20155,0.961696,459,4949400,0.668315,0.72,1,78580,78121,459
4940841,5.04031,6.59234,457,4952320,0.589663,0.72,1,78586,78129,457
4943761,2.60806,1.31847,459,4955240,0.541933,0.72,1,78588,78129,459
4946681,2.12161,0.263694,461,4958160,0.500387,0.72,1,78590,78129,461
4949601,2.02432,0.0527387,463,4961080,0.684077,0.72,1,78592,78129,463
4951441,1.20486,0.0105477,464,4964000,0.704815,0.77,1,78593,78129,464
4954361,1.84097,12.8021,450,4965460,0.676963,0.77,1,78595,78145,450
4957281,1.96819,2.56042,452,4968380,0.639393,0.77,1,78597,78145,452
4960201,1.99364,0.512084,454,4971300,0.599879,0.77,1,78599,78145,454
4962881,1.99873,0.102417,456,4974220,0.695976,0.77,1,78601,78145,456
4964961,17.1997,12.0205,462,4977140,0.595195,0.67,1,78622,78160,462
4967881,27.4399,34.4041,452,4978600,0.623039,0.67,1,78652,78200,452
4970801,7.08799,6.88082,454,4981520,0.724608,0.67,1,78654,78200,454
4973721,3.0176,1.37616,456,4984440,0.712922,0.67,1,78656,78200,456
4975361,1.40352,0.275233,457,4987360,0.694584,0.61,1,78657,78200,457
4977441,6.6807,5.65505,458,4988820,0.570917,0.68,1,78665,78207,458
4980361,33.3361,33.931,457,4991740,0.698183,0.68,1,78705,78248,457
4983281,8.26723,6.7862,459,4994660,0.683637,0.68,1,78707,78248,459
4985761,3.25345,1.35724,461,4997580,0.768727,0.81,2,78709,78248,461
4988681,7.05069,9.87145,457,4999040,0.761745,0.81,2,78717,78260,457
4991601,3.01014,1.97429,459,5001960,0.728349,0.81,1,78719,78260,459
4994081,2.20203,0.394858,461,5004880,0.68967,0.69,1,78721,78260,461
4997001,2.04041,4.07897,458,5007800,0.649934,0.69,1,78723,78265,458
4999921,2.00808,0.815794,460,5010720,0.617987,0.69,1,78725,78265,460
5002401,2.00162,0.163159,462,5013640,0.579597,0.72,1,78727,78265,462
5005321,2.00032,7.23263,455,5016560,0.739919,0.72,1,78729,78274,455
5008241,2.00006,1.44653,457,5019480,0.731984,0.72,1,78731,78274,457
5011161,2.00001,0.289305,459,5022400,0.698397,0.72,1,78733,78274,459
5012801,1.2,0.057861,460,5025320,0.675679,0.7,1,78734,78274,460
5015721,1.84,11.2116,448,5026780,0.639136,0.7,1,78736,78288,448
5018641,1.968,2.24231,450,5029700,0.751827,0.7,2,78738,78288,450
5021561,1.9936,0.448463,452,5032620,0.734365,0.7,1,78740,78288,452
5024481,1.99872,0.0896926,454,5035540,0.762873,0.7,2,78742,78288,454
5027401,1.99974,0.0179385,456,5038460,0.736575,0.7,1,78744,78288,456
5030321,1.99995,0.0035877,458,5041380,0.699315,0.7,1,78746,78288,458
5032561,1.99999,0.00071754,460,5044300,0.659863,0.71,1,78748,78288,460
5034641,24.4,25.6001,458,5045760,0.635973,0.7,1,78778,78320,458
5037561,73.68,77.12,454,5048680,0.735194,0.7,1,78864,78410,454
5040481,16.336,15.424,456,5051600,0.755039,0.7,2,78866,78410,456
5043401,4.8672,3.0848,458,5054520,0.727008,0.7,1,78868,78410,458
5045041,1.77344,0.61696,459,5057440,0.777402,0.58,2,78869,78410,459
5047121,6.75469,6.52339,459,5058900,0.73148,0.67,1,78877,78418,459
5050041,121.351,130.905,447,5060360,0.714296,0.67,1,79027,78580,447
5052961,25.8702,26.1809,449,5063280,0.750859,0.67,2,79029,78580,449
5055881,6.77404,5.23619,451,5066200,0.718172,0.67,1,79031,78580,451
5058801,2.95481,1.04724,453,5069120,0.679634,0.67,1,79033,78580,453
5061721,2.19096,0.209447,455,5072040,0.639927,0.67,1,79035,78580,455
5064641,2.03819,0.0418895,457,5074960,0.599985,0.67,1,79037,78580,457
5066881,2.00764,0.0083779,459,5077880,0.719997,0.51,1,79039,78580,459
5069801,3.60153,7.20168,454,5080800,0.679999,0.51,1,79043,78589,454
5072721,3.92031,1.44034,458,5083720,0.72,0.51,1,79047,78589,458
5075621,2.38406,0.288067,460,5086640,0.696,0.68,1,79049,78589,460
5078541,2.07681,11.2576,448,5089560,0.6672,0.68,1,79051,78603,448
5081461,2.01536,2.25152,450,5092480,0.62944,0.68,1,79053,78603,450
5084381,2.00307,0.450304,452,5095400,0.589888,0.68,1,79055,78603,452
5087301,2.00061,0.0900609,454,5098320,0.717978,0.68,1,79057,78603,454
5090221,2.00012,0.0180122,456,5101240,0.711596,0.68,1,79059,78603,456
5093141,2.00002,0.00360244,458,5104160,0.678319,0.68,1,79061,78603,458
5095381,18.8,0.000720487,481,5107080,0.695664,0.64,1,79084,78603,481
5097461,24.56,22.4001,479,5108540,0.507133,0.63,1,79110,78631,479
5100381,6.512,27.68,452,5111460,0.629427,0.63,1,79112,78660,452
5103301,2.9024,5.53601,454,5114380,0.621885,0.63,1,79114,78660,454
5106221,2.18048,1.1072,456,5117300,0.588377,0.63,1,79116,78660,456
5107861,4.4361,0.22144,461,5120220,0.629675,0.55,1,79121,78660,461
5109941,37.6872,6.44429,499,5121680,0.573935,0.76,1,79167,78668,499
5112861,10.7374,40.4889,454,5123140,0.682787,0.76,1,79171,78717,454
5115781,5.34749,8.09777,458,5126060,0.640557,0.76,1,79175,78717,458
5118261,4.2695,1.61955,462,5128980,0.688111,0.59,1,79179,78717,462
5121181,2.4539,7.52391,455,5131900,0.681622,0.59,1,79181,78726,455
5124101,2.09078,1.50478,457,5134820,0.656324,0.59,1,79183,78726,457
5127021,2.01816,0.300956,459,5137740,0.659265,0.59,1,79185,78726,459
5129941,2.00363,0.0601913,461,5140660,0.635853,0.59,1,79187,78726,461
5131781,1.20073,0.0120383,462,5143580,0.663171,0.73,1,79188,78726,462
5134701,1.84015,4.00241,459,5145040,0.724634,0.73,1,79190,78731,459
5136981,1.96803,0.800481,461,5147960,0.704927,0.77,1,79192,78731,461
5139901,1.99361,8.9601,452,5150880,0.668985,0.77,1,79194,78742,452
5142821,1.99872,1.79202,454,5153800,0.637797,0.77,1,79196,78742,454
5145741,1.99974,0.358404,456,5156720,0.607559,0.77,1,79198,78742,456
5148661,1.99995,0.0716808,458,5159640,0.721512,0.77,1,79200,78742,458
5151581,1.99999,0.0143362,460,5162560,0.712302,0.77,1,79202,78742,460
5153621,2,0.00286723,462,5165480,0.67846,0.79,1,79204,78742,462
5156541,2,8.00057,454,5166940,0.639692,0.79,1,79206,78752,454
5159461,2,1.60011,456,5169860,0.743938,0.79,1,79208,78752,456
5162381,2,0.320023,458,5172780,0.740788,0.79,1,79210,78752,458
5165061,27.6,0.0640046,492,5175700,0.668158,0.65,1,79244,78752,492
5167141,70.32,32.0128,533,5178620,0.533632,0.73,1,79325,78792,533
5170061,15.664,70.4026,455,5181540,0.474726,0.73,1,79327,78872,455
5172981,4.7328,14.0805,457,5184460,0.590945,0.73,1,79329,78872,457
5175901,2.54656,2.8161,459,5187380,0.606189,0.73,1,79331,78872,459
5177541,6.10931,0.56322,466,5190300,0.617238,0.77,1,79338,78872,466
5179621,119.622,8.11264,604,5191760,0.579448,0.63,1,79486,78882,604
5182541,25.5244,124.023,453,5193220,0.54789,0.63,1,79488,79035,453
5185461,6.70487,24.8045,455,5196140,0.661578,0.63,1,79490,79035,455
5188381,2.94097,4.9609,457,5199060,0.676316,0.63,1,79492,79035,457
5191061,2.9882,0.99218,460,5201980,0.623263,0.75,1,79495,79035,460
5193981,3.79764,8.99844,453,5204900,0.660653,0.75,1,79499,79046,453
5196901,3.15953,1.79969,456,5207820,0.62013,0.75,1,79502,79046,456
5199821,2.23191,0.359937,458,5210740,0.572026,0.75,1,79504,79046,458
5201461,1.24638,0.0719875,459,5213660,0.570405,0.67,1,79505,79046,459
5204381,1.84928,12.0144,446,5215120,0.698081,0.67,1,79507,79061,446
5207301,1.96986,2.40288,448,5218040,0.691616,0.67,1,79509,79061,448
5210221,1.99397,0.480576,450,5220960,0.658323,0.67,1,79511,79061,450
5213141,1.99879,0.0961152,452,5223880,0.619665,0.67,1,79513,79061,452
5216061,1.99976,0.019223,454,5226800,0.651933,0.67,1,79515,79061,454
5218981,1.99995,0.00384461,456,5229720,0.634387,0.67,1,79517,79061,456
5220801,1.19999,0.000768921,457,5232640,0.614877,0.49,1,79518,79061,457
5223721,1.84,7.20015,450,5234100,0.578975,0.49,1,79520,79070,450
5225381,16.368,1.44003,470,5237020,0.611795,0.67,1,79540,79070,470
5227461,24.8736,18.688,474,5239940,0.546359,0.64,1,79567,79093,474
5230381,7.37472,26.1376,449,5241400,0.669272,0.64,1,79570,79121,449
5233301,3.07494,5.22752,451,5244320,0.669854,0.64,1,79572,79121,451
5236221,2.21499,1.0455,453,5247240,0.637971,0.64,1,79574,79121,453
5237861,13.243,0.209101,469,5250160,0.655594,0.6,1,79590,79121,469
5239941,31.4486,10.4418,492,5251620,0.635119,0.74,1,79626,79134,492
5242021,7.88972,30.0884,459,5254540,0.599024,0.67,1,79628,79169,459
5243681,2.37794,9.21767,456,5256000,0.575805,0.59,1,79629,79173,456
5246601,2.07559,5.04353,454,5257460,0.547161,0.59,1,79631,79177,454
5248261,6.01512,1.00871,461,5260380,0.589432,0.67,1,79638,79177,461
5251181,2.80302,9.00174,452,5261840,0.565886,0.67,1,79640,79188,452
5254101,2.1606,1.80035,454,5264760,0.609177,0.67,1,79642,79188,454
5257021,2.03212,0.36007,456,5267680,0.585835,0.67,1,79644,79188,456
5259941,2.00642,0.0720139,458,5270600,0.581167,0.67,1,79646,79188,458
5261781,1.20128,0.0144028,459,5273520,0.564233,0.61,1,79647,79188,459
5264701,1.84026,7.20288,452,5274980,0.696847,0.61,1,79649,79197,452
5267621,1.96805,1.44058,454,5277900,0.699369,0.61,1,79651,79197,454
5270541,1.99361,0.288115,456,5280820,0.667874,0.61,1,79653,79197,456
5273461,1.99872,0.057623,458,5283740,0.629575,0.61,1,79655,79197,458
5275301,1.19974,0.0115246,459,5286660,0.605915,0.79,1,79656,79197,459
5278221,1.83995,8.0023,451,5289580,0.577183,0.79,1,79658,79207,451
5281141,1.96799,1.60046,453,5292500,0.715437,0.79,1,79660,79207,453
5284061,1.9936,0.320092,455,5295420,0.711087,0.79,1,79662,79207,455
5286981,1.99872,0.0640184,457,5298340,0.678217,0.79,1,79664,79207,457
5288821,1.19974,0.0128037,458,5301260,0.655643,0.66,1,79665,79207,458
5291741,1.83995,5.60256,453,5302720,0.619129,0.66,1,79667,79214,453
5294021,29.968,1.12051,490,5305640,0.643826,0.69,1,79704,79214,490
5295681,7.5936,32.2241,452,5308560,0.616765,0.63,1,79706,79254,452
5298601,61.5187,67.2448,451,5310020,0.763353,0.63,2,79781,79330,451
5301521,13.9037,13.449,453,5312940,0.752671,0.63,2,79783,79330,453
5304001,4.38075,2.68979,455,5315860,0.718534,0.66,1,79785,79330,455
5306081,4.07615,5.33796,453,5317320,0.775707,0.71,2,79789,79336,453
5308161,11.2152,10.6676,454,5320240,0.835141,0.72,2,79802,79348,454
5311081,118.243,120.534,451,5321700,0.783028,0.72,2,79947,79496,451
5314001,25.2486,24.1067,453,5324620,0.740606,0.72,1,79949,79496,453
5316921,6.64972,4.82134,455,5327540,0.692121,0.72,1,79951,79496,455
5319841,2.92994,0.964268,457,5330460,0.658424,0.72,1,79953,79496,457
5321681,1.38599,0.192854,458,5333380,0.787685,0.58,2,79954,79496,458
5324601,1.8772,5.63857,453,5334840,0.781537,0.58,2,79956,79503,453
5327521,1.97544,1.12771,455,5337760,0.748307,0.58,1,79958,79503,455
5329381,1.99509,0.225543,457,5340680,0.701661,0.67,1,79960,79503,457
5332301,3.59902,5.64511,454,5343600,0.628332,0.67,1,79964,79510,454
5335221,3.1198,1.12902,457,5346520,0.605666,0.67,1,79967,79510,457
5338141,2.22396,0.225804,459,5349440,0.745133,0.67,1,79969,79510,459
5339781,1.24479,0.0451609,460,5352360,0.757027,0.71,2,79970,79510,460
5342701,1.84896,11.209,448,5353820,0.727405,0.71,1,79972,79524,448
5345621,1.96979,2.24181,450,5356740,0.745481,0.71,1,79974,79524,450
5348541,1.99396,0.448361,452,5359660,0.725096,0.71,1,79976,79524,452
5351461,1.99879,0.0896722,454,5362580,0.745019,0.71,1,79978,79524,454
5353921,1.99976,0.0179344,456,5365500,0.717004,0.71,1,79980,79524,456
5356001,17.2,17.6036,455,5368420,0.655401,0.59,1,80001,79546,455
5358921,25.04,27.5207,452,5369880,0.77908,0.59,2,80028,79576,452
5361841,6.608,5.50414,454,5372800,0.771816,0.59,2,80030,79576,454
5364761,2.9216,1.10083,456,5375720,0.738363,0.59,1,80032,79576,456
5366401,1.38432,0.220166,457,5378640,0.715673,0.79,1,80033,79576,457
5368481,21.0769,20.844,457,5380100,0.687135,0.62,1,80059,79602,457
5371401,29.0154,32.1688,453,5383020,0.777427,0.62,2,80090,79637,453
5374321,7.40307,6.43376,455,5385940,0.763485,0.62,2,80092,79637,455
5376801,3.08061,1.28675,457,5388860,0.728697,0.73,1,80094,79637,457
5379721,5.41612,9.85735,451,5390320,0.641739,0.73,1,80100,79649,451
5382641,2.68322,1.97147,453,5393240,0.592348,0.73,1,80102,79649,453
5385561,2.13664,0.394294,455,5396160,0.70247,0.73,1,80104,79649,455
5388481,2.02733,0.0788588,457,5399080,0.692494,0.73,1,80106,79649,457
5391401,2.00547,0.0157718,459,5402000,0.666499,0.73,1,80108,79649,459
5393861,2.00109,0.00315435,461,5404920,0.6373,0.71,1,80110,79649,461
5396781,2.00022,10.4006,450,5407840,0.64746,0.71,1,80112,79662,450
5399701,2.00004,2.08013,452,5410760,0.745492,0.71,1,80114,79662,452
5402621,2.00001,0.416025,454,5413680,0.733098,0.71,1,80116,79662,454
5405541,2,0.083205,456,5416600,0.69862,0.71,1,80118,79662,456
5408461,2,0.016641,458,5419520,0.763724,0.71,2,80120,79662,458
5411381,2,0.0033282,460,5422440,0.744745,0.71,1,80122,79662,460
5413621,2,0.00066564,462,5425360,0.716949,0.79,1,80124,79662,462
5416541,2,8.00013,454,5426820,0.68739,0.79,1,80126,79672,454
5419461,2,1.60003,456,5429740,0.649478,0.79,1,80128,79672,456
5422381,2,0.320005,458,5432660,0.609896,0.79,1,80130,79672,458
5424021,31.6,0.0640011,497,5435580,0.713979,0.74,1,80169,79672,497
5426721,7.92,29.6128,462,5438500,0.702796,0.75,1,80171,79709,462
5429641,63.184,71.5226,457,5439960,0.764559,0.75,2,80248,79791,457
5432561,14.2368,14.3045,459,5442880,0.744912,0.75,1,80250,79791,459
5435481,4.44736,2.8609,461,5445800,0.756982,0.75,2,80252,79791,461
5437121,1.68947,0.57218,462,5448720,0.743396,0.79,1,80253,79791,462
5439201,8.33789,11.3144,458,5451640,0.684679,0.76,1,80263,79805,458
5442121,119.268,123.863,453,5453100,0.704936,0.76,1,80410,79957,453
5445041,25.4535,24.7726,455,5456020,0.684987,0.76,1,80412,79957,455
5447961,6.6907,4.95451,457,5458940,0.656997,0.76,1,80414,79957,457
5450881,2.93814,0.990903,459,5461860,0.6274,0.76,1,80416,79957,459
5453801,2.18763,0.198181,461,5464780,0.58948,0.76,1,80418,79957,461
5456261,2.03753,0.0396361,463,5467700,0.549896,0.63,1,80420,79957,463
5459181,2.00751,4.80793,459,5470620,0.677979,0.63,1,80422,79963,459
5461461,5.2015,0.961585,465,5473540,0.607596,0.77,1,80428,79963,465
5464381,2.6403,8.19232,457,5475000,0.689519,0.77,1,80430,79973,457
5467301,2.12806,1.63846,459,5477920,0.665904,0.77,1,80432,79973,459
5470221,2.02561,0.327693,461,5480840,0.629181,0.77,1,80434,79973,461
5473141,2.00512,0.0655385,463,5483760,0.589836,0.77,1,80436,79973,463
5474981,1.20102,0.0131077,464,5486680,0.573967,0.77,1,80437,79973,464
5477901,1.8402,11.2026,452,5488140,0.538793,0.77,1,80439,79987,452
5480821,1.96804,2.24052,454,5491060,0.571759,0.77,1,80441,79987,454
5483741,1.99361,0.448105,456,5493980,0.706352,0.77,1,80443,79987,456
5486421,21.9987,0.089621,483,5496900,0.81327,0.77,2,80470,79987,483
5488501,21.9997,18.4179,482,5499820,0.858654,0.56,2,80492,80010,482
5491421,5.99995,28.4836,453,5502740,0.843731,0.56,2,80494,80041,453
5494341,2.79999,5.69672,455,5505660,0.848746,0.56,2,80496,80041,455
5497261,2.16,1.13934,457,5508580,0.817749,0.56,2,80498,80041,457
5498901,19.632,0.227869,481,5511500,0.69155,0.83,1,80522,80041,481
5500981,31.9264,18.4456,493,5512960,0.69831,0.58,1,80557,80064,493
5503901,7.98528,34.0891,457,5514420,0.819662,0.58,2,80559,80102,457
5506821,3.19706,6.81782,459,5517340,0.811932,0.58,2,80561,80102,459
5509741,2.23941,1.36356,461,5520260,0.786386,0.58,2,80563,80102,461
5511381,1.24788,0.272713,462,5523180,0.853277,0.66,2,80564,80102,462
5514301,1.84958,4.85454,458,5524640,0.858655,0.66,2,80566,80108,458
5517221,1.96992,0.970908,460,5527560,0.835731,0.66,2,80568,80108,460
5519281,1.99398,0.194182,462,5530480,0.831146,0.74,2,80570,80108,462
5522201,1.9988,11.2388,450,5533400,0.798229,0.74,2,80572,80122,450
5525121,1.99976,2.24777,452,5536320,0.759646,0.74,2,80574,80122,452
5528041,1.99995,0.449553,454,5539240,0.847929,0.74,2,80576,80122,454
5530961,1.99999,0.0899107,456,5542160,0.841586,0.74,2,80578,80122,456
5533881,2,0.0179821,458,5545080,0.816317,0.74,2,80580,80122,458
5536801,2,0.00359643,460,5548000,0.779263,0.74,2,80582,80122,460
5539041,2,0.000719285,462,5550920,0.739853,0.76,1,80584,80122,462
5541961,2,11.2001,450,5552380,0.867971,0.76,2,80586,80136,450
5544881,2,2.24003,452,5555300,0.901594,0.76,2,80588,80136,452
5547801,2,0.448006,454,5558220,0.884319,0.76,2,80590,80136,454
5550721,2,0.0896011,456,5561140,0.848864,0.76,2,80592,80136,456
5552561,1.2,0.0179202,457,5564060,0.817773,0.57,2,80593,80136,457
5555481,33.84,33.6036,457,5566980,0.803555,0.57,2,80635,80178,457
5557761,8.368,6.72072,459,5569900,0.768711,0.73,2,80637,80178,459
5560681,62.4736,66.9441,453,5571360,0.809742,0.73,2,80713,80260,453
5563601,15.6947,13.3888,457,5574280,0.833948,0.73,2,80717,80260,457
5566521,4.73894,2.67777,459,5577200,0.83079,0.73,2,80719,80260,459
5568161,1.74779,0.535553,460,5580120,0.846158,0.7,2,80720,80260,460
5570241,7.54956,10.5071,456,5581580,0.785232,0.58,2,80729,80273,456
5573161,115.11,118.101,453,5584500,0.765046,0.58,2,80871,80418,453
5576081,24.622,23.6203,455,5587420,0.881009,0.58,2,80873,80418,455
5579001,6.5244,4.72406,457,5590340,0.864202,0.58,2,80875,80418,457
5581681,2.90488,0.944811,459,5593260,0.83684,0.66,2,80877,80418,459
5584601,5.38098,11.389,451,5596180,0.823368,0.66,2,80883,80432,451
5587521,2.6762,2.27779,453,5599100,0.852674,0.66,2,80885,80432,453
5590441,2.13524,0.455558,455,5602020,0.826535,0.66,2,80887,80432,455
5593361,2.02705,0.0911117,457,5604940,0.789307,0.66,2,80889,80432,457
5595201,1.20541,0.0182223,458,5607860,0.885861,0.7,2,80890,80432,458
5598121,1.84108,10.4036,447,5609320,0.865172,0.7,2,80892,80445,447
5601041,1.96822,2.08073,449,5612240,0.885035,0.7,2,80894,80445,449
5603961,1.99364,0.416146,451,5615160,0.857007,0.7,2,80896,80445,451
5606881,1.99873,0.0832291,453,5618080,0.827401,0.7,2,80898,80445,453
5609801,1.99975,0.0166458,455,5621000,0.78948,0.7,2,80900,80445,455
5612721,1.99995,0.00332917,457,5623920,0.749896,0.7,1,80902,80445,457
5615381,35.6,0.000665833,501,5626840,0.869979,0.86,2,80946,80445,501
5617041,7.92,31.2001,463,5629760,0.973996,0.87,2,80947,80484,463
5619961,11.184,15.04,464,5631220,0.994799,0.87,2,80959,80495,464
5622241,3.8368,3.00801,466,5634140,0.98296,0.81,2,80961,80495,466
5625161,2.36736,12.6016,453,5635600,0.956592,0.81,2,80963,80510,453
5627441,2.07347,2.52032,455,5638520,0.991318,0.86,2,80965,80510,455
5629521,19.6147,16.5041,459,5641440,0.998264,0.87,2,80989,80530,459
5632441,33.5229,30.5008,462,5642900,0.999653,0.87,2,81026,80564,462
5678841,2,0,461,5689620,1,0.89,2,81058,80597,461
5681761,2,0,463,5692540,0.944,0.89,2,81060,80597,463
5683601,1.2,0,464,5695460,0.9248,0.73,2,81061,80597,464
6183021,627,457,627,1460,0.27,0,1,85159,84532,627
6185941,479.8,593,443,2920,0.35,0,1,85602,85159,443
6188861,453.56,473,447,5840,0.518,0.37,1,86049,85602,447
6191781,92.312,94.6,449,8760,0.5196,0.56,1,86051,85602,449
6194701,369.662,376.52,441,11680,0.60792,0.56,1,86490,86049,441
6197621,75.5325,75.304,443,14600,0.649584,0.52,1,86492,86049,443
6200541,16.7065,16.6608,443,17520,0.633917,0.52,1,86494,86051,443
6203461,4.9413,3.33216,445,20440,0.598783,0.63,1,86496,86051,445
6206381,360.988,351.866,456,23360,0.687757,0.63,1,86946,86490,456
6209301,73.7976,70.3733,458,26280,0.665551,0.66,1,86948,86490,458
6212221,17.9595,15.6747,460,29200,0.69311,0.66,1,86952,86492,460
6215141,6.79191,3.13493,464,32120,0.778622,0.63,2,86956,86492,464
6218061,2.95838,2.22699,464,35040,0.827724,0.63,2,86958,86494,464
6220981,2.19168,0.445397,466,37960,0.877545,0.59,2,86960,86494,466
6223901,2.03834,1.68908,466,40880,0.879509,0.59,2,86962,86496,466
6226821,2.00767,0.337816,468,43800,0.911902,0.71,2,86964,86496,468
6575761,5,6,493,77380,0.84,1,2,89884,89391,493
6578681,4.2,6,491,77380,0.816,1,2,89888,89397,491
6581601,4.04,4.4,491,77380,0.8352,1,2,89892,89401,491
6584521,4.008,4.08,491,77380,0.87104,1,2,89896,89405,491
6587441,3.2016,4.016,490,77380,0.902208,1,2,89899,89409,490
6590361,2.24032,4.0032,488,77380,0.908442,1,2,89901,89413,488
6593281,2.04806,4.00064,486,77380,0.941688,1,2,89903,89417,486
6991861,131,125,479,75920,0.42,0.88,1,92543,92064,479
7027281,173.4,185.8,462,71540,0.884,0.82,2,92727,92265,462
7030201,96.28,97.16,464,77380,0.4408,0.8,1,92804,92340,464
7033121,28.856,29.032,464,78840,0.33616,0.79,1,92816,92352,464
7036041,13.7712,13.0064,465,80300,0.283232,0.79,1,92826,92361,465
7038961,12.3542,13.0013,464,81760,0.256646,0.77,1,92838,92374,464
7041881,10.4708,10.6003,464,81760,0.123329,0.78,1,92848,92384,464
7044801,17.2942,10.1201,473,83220,0.0486659,0.73,1,92867,92394,473
7047721,5.05883,16.424,457,83220,0.0177332,0.73,1,92869,92412,457
7050641,2.61177,3.2848,459,83220,0.00354663,0.73,1,92871,92412,459
7053561,2.12235,0.65696,461,83220,0.000709327,0.73,1,92873,92412,461
7056481,2.02447,0.131392,463,83220,0.000141865,0.73,1,92875,92412,463
7059401,2.00489,0.0262784,465,83220,0.0240284,0.42,1,92877,92412,465
7554561,323,385,421,61680,0.78,0.03,2,95757,95336,421
7557481,104.6,113,426,75920,0.852,0,2,95807,95381,426
7560401,28.92,29.8,427,77380,0.9704,0.01,2,95817,95390,427
7588281,162,10,620,80300,0.36,0.78,1,96221,95601,620
7591201,34,126.8,466,80300,0.368,0.78,1,96223,95757,466
7594121,8.4,25.36,468,80300,0.3696,0.78,1,96225,95757,468
7597041,3.28,5.072,470,80300,0.36992,0.78,1,96227,95757,470
7599961,2.256,1.0144,472,81760,0.369984,0.78,1,96229,95757,472
7602881,2.0512,0.20288,474,81760,0.337997,0.78,1,96231,95757,474
7605801,2.01024,0.040576,476,81760,0.331599,0.78,1,96233,95757,476
7608721,8.40205,0.0081152,486,81760,0.34632,0.78,1,96243,95757,486
7611641,5.68041,0.00162304,491,81760,0.381264,0.78,1,96248,95757,491
7614561,3.53608,0.000324608,494,81760,0.356253,0.78,1,96251,95757,494
7617481,2.30722,6.49216e-05,496,81760,0.383251,0.78,1,96253,95757,496
7620401,2.06144,1.29843e-05,498,81760,0.38865,0.87,1,96255,95757,498
7623321,18.0123,40,470,81760,0.35773,0.87,1,96277,95807,470
7626241,8.40246,8,476,83220,0.359546,0.87,1,96283,95807,476
7629161,6.48049,1.6,482,83220,0.431909,1,1,96289,95807,482
7632081,6.0961,8.32,478,83220,0.454382,1,1,96295,95817,478
7635001,4.41922,1.664,482,83220,0.394876,1,1,96299,95817,482
7637921,4.08384,13.1328,470,83220,0.430975,1,1,96303,95833,470
7640841,4.01677,2.62656,474,83220,0.406195,1,1,96307,95833,474
7643761,4.00335,10.1253,466,83220,0.425239,1,1,96311,95845,466
7646681,23.2007,10.8251,483,83220,0.381048,1,1,96339,95856,483
7649601,33.4401,3.76501,517,83220,0.39621,1,1,96375,95858,517
7652521,8.28803,2.353,517,83220,0.367242,1,1,96377,95860,517
7655441,3.25761,2.0706,517,83220,0.329448,1,1,96379,95862,517
7658361,2.25152,1.21412,518,83220,0.29789,0,1,96381,95863,518
7661281,28.4503,105.043,422,83220,0.419578,0,1,96416,95994,422
7664201,60.8901,21.0086,491,84680,0.227916,0.06,1,96485,95994,491
7667121,150.578,56.2017,599,84680,0.173583,0.36,1,96658,96059,599
7670041,31.7156,140.84,439,84680,0.162717,0.37,1,96660,96221,439
7672961,7.94312,29.7681,439,84680,0.160543,0.37,1,96662,96223,439
7675881,3.18862,7.55361,439,84680,0.168109,0.37,1,96664,96225,439
7678801,2.23772,3.11072,439,84680,0.169622,0.37,1,96666,96227,439
7681721,2.04754,2.22214,439,86140,0.169924,0.33,1,96668,96229,439
7684641,2.00951,2.04443,439,86140,0.169985,0.33,1,96670,96231,439
7687561,2.0019,2.00889,439,86140,0.169997,0.35,1,96672,96233,439
7690481,10.0004,8.40178,441,86140,0.185999,0.39,1,96684,96243,441
7693401,6.80008,5.68036,442,86140,0.1572,0.35,1,96690,96248,442
7696321,2.96002,3.53607,441,86140,0.18344,0.39,1,96692,96251,441
7699241,2.192,2.30721,441,86140,0.156688,0.39,1,96694,96253,441
7702161,2.0384,2.06144,441,86140,0.151338,0.35,1,96696,96255,441
7705081,14.0077,18.0123,436,86140,0.166268,0.35,1,96713,96277,436
7708001,12.4015,3.60246,448,86140,0.129254,0.36,1,96725,96277,448
7710921,5.68031,5.52049,446,86140,0.0898507,0.45,1,96729,96283,446
7713841,5.93606,5.9041,446,86140,0.0179701,0.46,1,96735,96289,446
7716761,2.78721,5.98082,442,86140,0.155594,0.38,1,96737,96295,442
7719681,5.35744,4.39616,444,86140,0.175119,0.44,1,96743,96299,444
7722601,2.67149,4.07923,442,87600,0.147024,0.4,1,96745,96303,442
7725521,7.7343,4.01585,447,87600,0.141405,0.43,1,96754,96307,447
7728441,21.5469,4.00317,468,87600,0.0442809,0.37,1,96779,96311,468
7731361,35.5094,23.2006,479,87600,0.200856,0.4,1,96818,96339,479
7734281,8.70187,33.4401,445,87600,0.200171,0.36,1,96820,96375,445
7737201,3.34037,8.28803,445,87600,0.168034,0.32,1,96822,96377,445
7740121,3.06808,3.2576,446,87600,0.113607,0.29,1,96825,96379,446
7743041,24.6136,2.25152,474,87600,0.318721,0.45,1,96855,96381,474
7745961,6.52272,28.4503,441,87600,0.359744,0.18,1,96857,96416,441
7748881,46.9045,60.8901,429,87600,0.199949,0.16,1,96914,96485,429
7751801,148.581,150.578,430,87600,0.25599,0.16,1,97088,96658,430
7754721,31.3162,31.7156,430,87600,0.275198,0.16,1,97090,96660,430
7757641,7.86324,7.94312,430,87600,0.27904,0.17,1,97092,96662,430
7760561,3.17265,3.18862,430,87600,0.287808,0.17,1,97094,96664,430
7763481,2.23453,2.23772,430,87600,0.289562,0.17,1,97096,96666,430
7766401,2.04691,0.447545,432,89060,0.249912,0.17,1,97098,96666,432
7769321,2.00938,1.68951,432,89060,0.241982,0.17,1,97100,96668,432
7772241,2.00188,1.9379,432,89060,0.240396,0.17,1,97102,96670,432
7775161,8.40038,1.98758,440,89060,0.264079,0.19,1,97112,96672,440
7778081,5.68007,9.99752,433,89060,0.284816,0.15,1,97117,96684,433
7781001,2.73601,6.7995,429,89060,0.256963,0.19,1,97119,96690,429
7783921,2.1472,2.9599,429,89060,0.283393,0.15,1,97121,96692,429
7786841,2.02944,2.19198,429,89060,0.288679,0.15,1,97123,96694,429
7789761,9.20589,2.0384,438,89060,0.273736,0.17,1,97134,96696,438
7792681,12.2412,14.0077,434,89060,0.238747,0.12,1,97147,96713,434
7795601,12.0482,12.4015,434,89060,0.191749,0.08,1,97159,96725,434
7798521,5.60965,5.68031,434,89060,0.17435,0,1,97163,96729,434
7801441,2.72193,5.93606,430,89060,0.13887,0.19,1,97165,96735,430
7804361,3.74439,2.78721,432,89060,0.107774,0.18,1,97169,96737,432
7807281,2.34888,5.35744,428,89060,0.101555,0.14,1,97171,96743,428
7810201,2.06978,2.67149,428,89060,0.108311,0.14,1,97173,96745,428
7813121,7.61396,7.7343,428,89060,0.165662,0.02,1,97182,96754,428
7816041,21.5228,21.5469,428,89060,0.113132,0.24,1,97207,96779,428
7818961,33.9046,35.5094,426,89060,0.134626,0.2,1,97244,96818,426
7821881,16.3809,8.70187,436,89060,0.154925,0.16,1,97256,96820,436
7824801,4.87618,3.34037,436,89060,0.182985,0.1,1,97258,96822,436
7827721,2.57524,3.06808,435,89060,0.156597,0.37,1,97260,96825,435
7830641,26.115,24.6136,437,89060,0.231319,0.37,1,97292,96855,437
7833561,6.82301,6.52272,437,89060,0.214264,0.16,1,97294,96857,437
7836481,35.7646,46.9045,423,89060,0.170853,0.27,1,97337,96914,423
7839401,155.153,148.581,434,89060,0.106171,0.28,1,97522,97088,434
7842321,32.6306,31.3162,434,89060,0.0612341,0.28,1,97524,97090,434
7845241,8.12612,7.86324,434,89060,0.172247,0.29,1,97526,97092,434
7848161,3.22522,3.17265,434,89060,0.202449,0.29,1,97528,97094,434
7851081,2.24504,2.23453,434,89060,0.20849,0.29,1,97530,97096,434
7854001,2.04901,0.446906,436,89060,0.201698,0.24,1,97532,97096,436
7856921,2.0098,1.68938,436,90520,0.20034,0.24,1,97534,97098,436
7859841,2.00196,1.93788,436,90520,0.192068,0.24,1,97536,97100,436
7862761,8.40039,1.98758,444,90520,0.206414,0.27,1,97546,97102,444
7865681,4.88008,8.39752,438,90520,0.209283,0.29,1,97550,97112,438
7868601,2.57602,5.6795,435,90520,0.209857,0.25,1,97552,97117,435
7871521,2.1152,2.7359,435,90520,0.209971,0.29,1,97554,97119,435
7874441,2.02304,2.14718,435,90520,0.209994,0.29,1,97556,97121,435
7877361,9.20461,2.02944,444,90520,0.225999,0.27,1,97567,97123,444
7880281,5.84092,9.20589,438,90520,0.2132,0.23,1,97572,97134,438
7883201,11.5682,12.2412,438,90520,0.16264,0.18,1,97585,97147,438
7886121,5.51364,12.0482,430,90520,0.088528,0.17,1,97589,97159,430
7889041,5.90273,5.60965,432,90520,0.0977056,0.13,1,97595,97163,432
7891961,2.78055,2.72193,432,90520,0.0995411,0.1,1,97597,97165,432
7894881,2.15611,3.74439,430,90520,0.107908,0.1,1,97599,97169,430
7897801,2.83122,2.34888,431,90520,0.149582,0.11,1,97602,97171,431
7900721,6.16624,2.06978,436,90520,0.165916,0.18,1,97609,97173,436
7903641,22.8332,7.61396,454,90520,0.153183,0.1,1,97636,97182,454
7906561,34.1666,21.5228,466,90520,0.102637,0.14,1,97673,97207,466
7909481,12.4333,33.9046,436,90520,0.164527,0.16,1,97680,97244,436
7912401,10.4867,16.3809,434,90520,0.112905,0.19,1,97690,97256,434
7915321,3.69733,4.87618,434,90520,0.102581,0.15,1,97692,97258,434
7918241,26.3395,2.57524,464,90520,0.132516,0.25,1,97724,97260,464
7921161,6.86789,26.115,434,90520,0.138503,0.21,1,97726,97292,434
7924081,37.3736,6.82301,477,90520,0.123701,0.16,1,97771,97294,477
7927001,152.275,35.7646,615,90520,0.24074,0.09,1,97952,97337,615
7929921,32.0549,155.153,432,90520,0.232148,0.05,1,97954,97522,432
7932841,8.01099,32.6306,432,90520,0.19843,0.2,1,97956,97524,432
7935761,3.2022,8.12612,432,90520,0.199686,0.21,1,97958,97526,432
7938681,2.24044,3.22522,432,90520,0.199937,0.21,1,97960,97528,432
7941601,2.04809,2.24504,432,90520,0.279987,0.2,1,97962,97530,432
7944521,2.00962,2.04901,432,90520,0.303997,0.2,1,97964,97532,432
7947441,2.00192,2.0098,432,90520,0.3088,0.19,1,97966,97534,432
7950361,2.00038,2.00196,432,90520,0.31776,0.21,1,97968,97536,432
7953281,8.40008,8.40039,432,90520,0.319552,0.21,1,97978,97546,432
7956201,4.88002,4.88008,432,90520,0.35991,0.21,1,97982,97550,432
7959121,2.576,2.57602,432,90520,0.335982,0.21,1,97984,97552,432
7962041,2.1152,2.1152,432,90520,0.363196,0.21,1,97986,97554,432
7964961,2.02304,2.02304,432,90520,0.336639,0.23,1,97988,97556,432
7967881,8.40461,9.20461,431,90520,0.331328,0.21,1,97998,97567,431
7970801,4.88092,5.84092,430,90520,0.330266,0.15,1,98002,97572,430
7973721,8.97618,11.5682,427,90520,0.330053,0.07,1,98012,97585,427
7976641,6.59524,5.51364,429,90520,0.266011,0.1,1,98018,97589,429
7979561,4.51905,5.90273,427,90520,0.221202,0.1,1,98022,97595,427
7982481,4.10381,2.78055,429,90520,0.21224,0.11,1,98026,97597,429
7985401,4.02076,2.15611,431,90520,0.266448,0.16,1,98030,97599,431
7988321,2.40415,2.83122,430,90520,0.24529,0.17,1,98032,97602,430
7991241,6.08083,6.16624,430,90520,0.193058,0.15,1,98039,97609,430
7994161,19.6162,22.8332,426,90520,0.238612,0.09,1,98062,97636,426
7997081,34.3232,34.1666,427,90520,0.151722,0.18,1,98100,97673,427
8000001,11.6646,12.4333,426,90520,0.0463445,0.1,1,98106,97680,426
8002921,7.93293,10.4867,423,90520,0.105269,0.1,1,98113,97690,423
8005841,3.18659,3.69733,423,90520,0.0850538,0.14,1,98115,97692,423
8008761,31.0373,26.3395,429,90520,0.161011,0.14,1,98153,97724,429
8011681,10.2075,6.86789,432,90520,0.224202,0.12,1,98158,97726,432
8014601,35.6415,37.3736,429,90520,0.22084,0.27,1,98200,97771,429
8017521,159.128,152.275,438,90520,0.228168,0.23,1,98390,97952,438
8020441,33.4257,32.0549,438,90520,0.197634,0.19,1,98392,97954,438
8023361,8.28513,8.01099,438,90520,0.191527,0.2,1,98394,97956,438
8026281,3.25703,3.2022,438,90520,0.158305,0.2,1,98396,97958,438
8029201,2.25141,2.24044,438,90520,0.127661,0.3,1,98398,97960,438
8032121,2.05028,2.04809,438,90520,0.0975322,0.31,1,98400,97962,438
8035041,2.01006,2.00962,438,90520,0.0915064,0.31,1,98402,97964,438
8037961,2.00201,2.00192,438,90520,0.0903013,0.32,1,98404,97966,438
8040881,2.0004,2.00038,438,90520,0.17806,0.32,1,98406,97968,438
8043801,8.40008,8.40008,438,90520,0.195612,0.37,1,98416,97978,438
8046721,4.88002,4.88002,438,90520,0.239122,0.33,1,98420,97982,438
8049641,2.576,2.576,438,90520,0.215824,0.37,1,98422,97984,438
8052561,2.1152,2.1152,438,90520,0.243165,0.33,1,98424,97986,438
8055481,2.02304,2.02304,438,90520,0.216633,0.33,1,98426,97988,438
8058401,8.40461,8.40461,438,90520,0.211327,0.33,1,98436,97998,438
8061321,4.88092,4.88092,438,90520,0.210265,0.33,1,98440,98002,438
8064241,4.17618,8.97618,432,90520,0.242053,0.25,1,98444,98012,432
8067161,5.63524,6.59524,432,90520,0.216411,0.21,1,98450,98018,432
8070081,5.92705,4.51905,434,90520,0.211282,0.21,1,98456,98022,434
8073001,2.78541,4.10381,432,90520,0.210256,0.28,1,98458,98026,432
8075921,2.15708,4.02076,430,90520,0.178051,0.24,1,98460,98030,430
8078841,3.63142,2.40415,432,90520,0.13961,0.18,1,98464,98032,432
8081761,9.52628,6.08083,436,90520,0.171922,0.25,1,98475,98039,436
8084681,18.7053,19.6162,434,90520,0.0663844,0.13,1,98496,98062,434
8087601,29.3411,34.3232,428,90520,0.125277,0.02,1,98528,98100,428
8090521,9.06821,11.6646,426,90520,0.0970554,0.12,1,98532,98106,426
8093441,7.41364,7.93293,426,90520,0.163411,0.08,1,98539,98113,426
8096361,3.08273,3.18659,426,90520,0.232682,0.18,1,98541,98115,426
8099281,35.0165,31.0373,431,90520,0.254536,0.24,1,98584,98153,431
8102201,10.2033,10.2075,430,90520,0.226907,0.22,1,98588,98158,430
8105121,30.0407,35.6415,423,90520,0.333381,0.23,1,98623,98200,423
8108041,160.408,159.128,426,90520,0.298676,0.19,1,98816,98390,426
8110961,33.6816,33.4257,426,90520,0.283735,0.19,1,98818,98392,426
8113881,9.93632,8.28513,428,90520,0.344747,0.15,1,98822,98394,428
8116801,6.78727,3.25703,432,90520,0.332949,0.12,1,98828,98396,432
8119721,2.95745,2.25141,432,90520,0.33059,0.09,1,98830,98398,432
8122641,2.19149,2.05028,432,90520,0.322118,0.09,1,98832,98400,432
8125561,2.0383,2.01006,432,90520,0.320424,0.09,1,98834,98402,432
8128481,2.00766,2.00201,432,90520,0.296085,0.2,1,98836,98404,432
8131401,2.00153,2.0004,432,90520,0.259217,0.2,1,98838,98406,432
8134321,8.40031,8.40008,432,90520,0.331843,0.25,1,98848,98416,432
8137241,4.88006,4.88002,432,90520,0.386369,0.21,1,98852,98420,432
8140161,2.57601,2.576,432,90520,0.365274,0.25,1,98854,98422,432
8143081,2.1152,2.1152,432,90520,0.401055,0.21,1,98856,98424,432
8146001,2.02304,2.02304,432,90520,0.376211,0.21,1,98858,98426,432
8148921,8.40461,8.40461,432,90520,0.371242,0.21,1,98868,98436,432
8151841,4.88092,4.88092,432,90520,0.370248,0.25,1,98872,98440,432
8154761,4.17618,4.17618,432,90520,0.40205,0.21,1,98876,98444,432
8157681,4.03524,5.63524,430,90520,0.37641,0.21,1,98880,98450,430
8160601,2.40705,5.92705,426,90520,0.371282,0.21,1,98882,98456,426
8163521,2.08141,2.78541,426,90520,0.370256,0.17,1,98884,98458,426
8166441,2.01628,2.15708,426,90520,0.370051,0.13,1,98886,98460,426
8169361,3.60326,3.63142,426,90520,0.37001,0.18,1,98890,98464,426
8172281,7.92065,9.52628,424,90520,0.354002,0.04,1,98899,98475,424
8175201,22.3841,18.7053,429,90520,0.3028,0.14,1,98925,98496,429
8178121,30.8768,29.3411,430,90520,0.24456,0.09,1,98958,98528,430
8181041,12.5754,9.06821,434,90520,0.272912,0.18,1,98966,98532,434
8183961,5.71507,7.41364,431,90520,0.246582,0.25,1,98970,98539,431
8186881,6.74301,3.08273,436,90520,0.281316,0.26,1,98977,98541,436
8189801,34.1486,35.0165,434,90520,0.320263,0.22,1,99018,98584,434
8192721,10.0297,10.2033,434,90520,0.336053,0.36,1,99022,98588,434
8195641,29.2059,30.0407,433,90520,0.547211,0.29,1,99056,98623,433
8198561,164.241,160.408,438,90520,0.629442,0.28,1,99254,98816,438
8201481,34.4482,33.6816,438,90520,0.621888,0.36,1,99256,98818,438
8204401,10.0896,9.93632,438,90520,0.588378,0.33,1,99260,98822,438
8207321,3.61793,6.78727,434,90520,0.581676,0.33,1,99262,98828,434
8210241,2.32359,2.95745,434,90520,0.548335,0.32,1,99264,98830,434
8213161,3.66472,2.19149,436,90520,0.637667,0.32,1,99268,98832,436
8216081,5.53294,2.0383,440,90520,0.639533,0.29,1,99274,98834,440
8219001,2.70659,2.00766,440,90520,0.647907,0.25,1,99276,98836,440
8221921,2.14132,2.00153,440,90520,0.617581,0.35,1,99278,98838,440
8224841,8.42826,8.40031,440,90520,0.555516,0.4,1,99288,98848,440
8227761,4.88565,4.88006,440,90520,0.663103,0.36,1,99292,98852,440
8230681,2.57713,2.57601,440,90520,0.652621,0.41,1,99294,98854,440
8233601,2.11543,2.1152,440,90520,0.690524,0.37,1,99296,98856,440
8236521,2.02309,2.02304,440,90520,0.666105,0.37,1,99298,98858,440
8239441,8.40462,8.40461,440,90520,0.669221,0.37,1,99308,98868,440
8242361,4.88092,4.88092,440,90520,0.677844,0.41,1,99312,98872,440
8245281,4.17618,4.17618,440,90520,0.711569,0.37,1,99316,98876,440
8248201,4.03524,4.03524,440,90520,0.694314,0.37,1,99320,98880,440
8251121,2.40705,2.40705,440,90520,0.682863,0.37,1,99322,98882,440
8254041,2.08141,2.08141,440,90520,0.680573,0.37,1,99324,98884,440
8256961,2.01628,2.01628,440,90520,0.688115,0.37,1,99326,98886,440
8259881,2.00326,3.60326,438,90520,0.689623,0.35,1,99328,98890,438
8262801,2.00065,7.92065,431,90520,0.689925,0.29,1,99330,98899,431
8265721,17.2001,22.3841,426,90520,0.681985,0.23,1,99351,98925,426
8268641,37.04,30.8768,435,90520,0.640397,0.28,1,99393,98958,435
8271561,14.608,12.5754,436,90520,0.608079,0.24,1,99402,98966,436
8274481,7.7216,5.71507,438,90520,0.561616,0.29,1,99408,98970,438
8277401,3.14432,6.74301,433,90520,0.640323,0.33,1,99410,98977,433
8280321,37.4289,34.1486,438,90520,0.656065,0.34,1,99456,99018,438
8283241,11.4858,10.0297,439,90520,0.683213,0.6,1,99461,99022,439
8286161,42.2972,29.2059,455,90520,0.704643,0.65,1,99511,99056,455
8289081,162.859,164.241,450,90520,0.708929,0.62,1,99704,99254,450
8292001,38.9719,34.4482,456,90520,0.765786,0.58,2,99712,99256,456
8294921,9.39438,10.0896,454,91980,0.745157,0.58,1,99714,99260,454
8297841,3.47888,3.61793,454,91980,0.741031,0.54,1,99716,99262,454
8300761,3.89578,2.32359,456,91980,0.716206,0.66,1,99720,99264,456
8303681,2.37915,3.66472,454,91980,0.679241,0.64,1,99722,99268,454
8306601,2.07583,5.53294,450,91980,0.695848,0.65,1,99724,99274,450
8309521,2.01517,2.70659,450,91980,0.77917,0.61,2,99726,99276,450
8312441,3.60303,2.14132,452,91980,0.763834,0.54,2,99730,99278,452
8315361,11.9206,8.42826,456,91980,0.728767,0.69,1,99744,99288,456
8318281,5.58412,4.88565,456,91980,0.817753,0.65,2,99748,99292,456
8321201,2.71682,2.57713,456,91980,0.803551,0.7,2,99750,99294,456
8324121,2.14336,2.11543,456,91980,0.83271,0.66,2,99752,99296,456
8327041,2.02867,2.02309,456,91980,0.806542,0.67,2,99754,99298,456
8329961,8.40573,8.40462,456,91980,0.801308,0.68,2,99764,99308,456
8332881,4.88115,4.88092,456,91980,0.808262,0.72,2,99768,99312,456
8335801,4.17623,4.17618,456,91980,0.841652,0.69,2,99772,99316,456
8338721,4.03525,4.03524,456,91980,0.81633,0.68,2,99776,99320,456
8341641,2.40705,2.40705,456,91980,0.811266,0.68,2,99778,99322,456
8344561,2.08141,2.08141,456,91980,0.818253,0.69,2,99780,99324,456
8347481,2.01628,2.01628,456,91980,0.819651,0.69,2,99782,99326,456
8350401,2.00326,2.00326,456,91980,0.81993,0.69,2,99784,99328,456
8353321,2.00065,2.00065,456,91980,0.835986,0.68,2,99786,99330,456
8356241,15.6001,17.2001,454,91980,0.735197,0.63,1,99805,99351,454
8359161,35.92,37.04,453,91980,0.683039,0.6,1,99846,99393,453
8362081,15.184,14.608,454,91980,0.624608,0.55,1,99856,99402,454
8365001,6.2368,7.7216,452,91980,0.708922,0.66,1,99860,99408,452
8367921,2.84736,3.14432,452,91980,0.693784,0.66,1,99862,99410,452
8370841,38.9695,37.4289,454,91980,0.698757,0.69,1,99910,99456,454
8373761,13.3939,11.4858,456,91980,0.771751,0.71,2,99917,99461,456
8376681,41.8788,42.2972,455,91980,0.77835,0.71,2,99966,99511,455
8379601,166.776,162.859,460,91980,0.76367,0.78,2,100164,99704,460
8382521,36.5552,38.9719,456,93440,0.824734,0.78,2,100168,99712,456
8385441,9.71103,7.79438,459,93440,0.852947,0.74,2,100171,99712,459
8388361,7.54221,3.15888,464,93440,0.818589,0.74,2,100178,99714,464
8391281,3.10844,2.23178,464,93440,0.811718,0.71,2,100180,99716,464
8394201,2.22169,3.64636,462,93440,0.818344,0.67,2,100182,99720,462
8397121,2.04434,2.32927,462,93440,0.795669,0.7,2,100184,99722,462
8400041,2.80887,2.06585,463,93440,0.743134,0.8,1,100187,99724,463
8402961,2.96177,2.01317,464,93440,0.788627,0.76,2,100190,99726,464
8405881,13.3924,3.60263,476,93440,0.837725,0.72,2,100206,99730,476
8408801,5.87847,11.9205,466,93440,0.783545,0.84,2,100210,99744,466
8411721,2.77569,5.58411,464,93440,0.868709,0.8,2,100212,99748,464
8414641,2.15514,2.71682,464,93440,0.885742,0.84,2,100214,99750,464
8417561,2.03103,2.14336,464,93440,0.889148,0.8,2,100216,99752,464
8420481,8.40621,2.02867,472,93440,0.89783,0.8,2,100226,99754,472
8423401,4.88124,8.40573,466,93440,0.891566,0.81,2,100230,99764,466
8426321,4.17625,4.88115,466,93440,0.906313,0.85,2,100234,99768,466
8429241,4.83525,4.17623,467,93440,0.933263,0.81,2,100239,99772,467
8432161,2.56705,4.03525,465,93440,0.938653,0.81,2,100241,99776,465
8435081,2.11341,2.40705,465,93440,0.939731,0.82,2,100243,99778,465
8438001,2.02268,2.08141,465,93440,0.931946,0.82,2,100245,99780,465
8440921,2.00454,2.01628,465,93440,0.930389,0.82,2,100247,99782,465
8443841,2.00091,2.00326,465,93440,0.930078,0.84,2,100249,99784,465
8455521,2,10,462,94900,0.93,0.73,2,100318,99856,462
8458441,2,5.2,460,94900,0.89,0.69,2,100320,99860,460
8461361,42,2.64,510,94900,0.802,0.7,2,100372,99862,510
8464281,10,38.928,464,94900,0.9044,0.79,2,100374,99910,464
9476241,8,13,482,83220,0.65,1,1,106718,106236,482
9479161,24,12.2,498,83220,0.354,1,1,106746,106248,498
9482081,14.4,11.24,499,83220,0.1588,1,1,106758,106259,499
9680641,14,16,461,84680,0.66,1,1,107895,107434,461
9683561,54,16.8,508,84680,0.572,1,1,107959,107451,508
9686481,21.2,12.16,510,84680,0.5544,1,1,107972,107462,510
9689401,13.04,29.632,487,84680,0.53488,1,1,107983,107496,487
9692321,13.008,29.9264,470,84680,0.498976,1,1,107996,107526,470
9695241,13.0016,17.9853,468,84680,0.475795,1,1,108009,107541,468
9698161,17.0003,11.5971,476,84680,0.447159,1,1,108027,107551,476
9701081,20.2001,10.3194,487,84680,0.433432,1,1,108048,107561,487
9704001,16.84,10.0639,493,84680,0.422686,1,1,108064,107571,493
9706921,11.368,8.41278,495,84680,0.404537,1,1,108074,107579,495
9709841,9.4736,7.28256,497,84680,0.328907,1,1,108083,107586,497
9712761,8.29472,6.25651,499,84680,0.233781,1,1,108091,107592,499
9715681,13.6589,15.6513,496,84680,0.398756,0.92,1,108106,107610,496
9718601,13.1318,26.3303,480,84680,0.719751,0.94,1,108119,107639,480
9721521,11.4264,14.0661,480,84680,0.75995,0.95,2,108130,107650,480
9724441,9.48527,10.8132,479,84680,0.75199,0.99,2,108139,107660,479
9727361,12.2971,10.1626,482,84680,0.686398,1,1,108152,107670,482
9730281,10.4594,10.8325,481,84680,0.62528,1,1,108162,107681,481
9733201,58.0919,53.3665,487,84680,0.501056,1,1,108232,107745,487
9736121,23.6184,21.0733,489,84680,0.412211,1,1,108247,107758,489
9739041,15.9237,17.0147,487,84680,0.362442,1,1,108261,107774,487
9741961,13.5847,13.8029,487,84680,0.304488,1,1,108274,107787,487
9744881,11.5169,11.5606,487,84680,0.276898,1,1,108285,107798,487
9747801,7.90339,11.9121,482,84680,0.23938,1,1,108292,107810,482
9750721,4.78068,10.3824,476,84680,0.247876,1,1,108296,107820,476
9753641,5.75614,10.0765,472,84680,0.233575,0.99,1,108302,107830,472
9756561,5.15123,11.6153,465,84680,0.246715,0.71,1,108307,107842,465
9759481,16.2302,22.3231,459,84680,0.233343,0.69,1,108326,107867,459
9762401,11.246,15.6646,455,84680,0.374669,0.66,1,108336,107881,455
9774081,10,11,446,84680,0.37,0.49,1,108429,107983,446
9777001,10.8,12.6,444,84680,0.29,0.47,1,108440,107996,444
9779921,12.56,12.92,444,84680,0.706,0.44,1,108453,108009,444
9782841,17.712,16.984,445,84680,0.5652,0.43,1,108472,108027,445
9826641,10,13,434,84680,0.44,0.27,1,108708,108274,434
9829561,10,11.4,433,84680,0.496,0.23,1,108718,108285,433
9832481,7.6,7.88,433,84680,0.4592,0.25,1,108725,108292,433
9835401,4.72,4.776,433,84680,0.49984,0.23,1,108729,108296,433
9838321,6.544,5.7552,434,84680,0.459968,0.25,1,108736,108302,434
9841241,5.3088,5.15104,434,84680,0.435994,0.23,1,108741,108307,434
9844161,23.4618,16.2302,443,84680,0.383199,0.41,1,108769,108326,443
9847081,36.6924,11.246,473,84680,0.38864,1,1,108809,108336,473
9850001,13.7385,12.6492,468,84680,0.357728,0.21,1,108817,108349,468
9852921,10.7477,46.5298,423,84680,0.351546,0.07,1,108827,108404,423
9855841,27.7495,21.306,440,84680,0.270309,0.37,1,108859,108419,440
9858761,8.74991,12.2612,434,84680,0.238062,0.27,1,108863,108429,434
9861681,33.75,11.2522,463,84680,0.263612,0.81,1,108903,108440,463
9864601,10.75,12.6504,455,84680,0.300722,0.53,1,108908,108453,455
9867521,32.55,17.7301,474,84680,0.236144,1,1,108946,108472,474
9870441,16.91,18.746,468,84680,0.223229,1,1,108959,108491,468
9873361,10.582,14.9492,463,84680,0.220646,1,1,108968,108505,463
9876281,8.5164,6.98984,466,84680,0.292129,1,1,108976,108510,466
9879201,7.30328,3.79797,470,84680,0.314426,1,1,108983,108513,470
9882121,52.6607,19.1596,511,84680,0.278885,1,1,109047,108536,511
9885041,18.5321,29.4319,489,84680,0.311777,1,1,109057,108568,489
9887961,11.7064,13.8864,489,84680,0.430355,1,1,109067,108578,489
9890881,10.3413,10.7773,489,86140,0.454071,1,1,109077,108588,489
9893801,10.0683,7.75546,492,86140,0.466814,1,1,109087,108595,492
9896721,10.0137,8.75109,493,86140,0.469363,1,1,109097,108604,493
9899641,8.40273,8.95022,492,86140,0.453873,0.43,1,109105,108613,492
9902561,21.6805,49.79,457,86140,0.514775,0.42,1,109130,108673,457
9905481,10.7361,20.358,452,86140,0.526955,0.42,1,109138,108686,452
9908401,8.54722,13.6716,448,86140,0.529391,0.44,1,109146,108698,448
9911321,8.90944,10.7343,447,86140,0.513878,0.51,1,109155,108708,447
9914241,8.98189,10.1469,446,86140,0.510776,0.45,1,109164,108718,446
9917161,4.99638,7.62937,443,86140,0.510155,0.51,1,109168,108725,443
9920081,4.19928,4.72587,443,86140,0.510031,0.45,1,109172,108729,443
9923001,6.43985,6.54517,443,86140,0.526006,0.43,1,109179,108736,443
9925921,4.48797,5.30903,442,86140,0.529201,0.37,1,109183,108741,442
9928841,20.8976,23.4618,439,86140,0.52984,0.39,1,109208,108769,439
9931761,34.5795,36.6924,437,86140,0.529968,0.35,1,109246,108809,437
9934681,14.9159,13.7385,439,86140,0.545994,0.35,1,109256,108817,439
9937601,10.9832,10.7477,439,86140,0.549199,0.25,1,109266,108827,439
9940521,21.3966,27.7495,431,86140,0.59784,0.23,1,109290,108859,431
9943441,5.87933,8.74991,429,86140,0.607568,0.27,1,109292,108863,429
9946361,38.7759,33.75,436,86140,0.617514,0.31,1,109339,108903,436
9949281,10.9552,10.75,435,86140,0.619503,0.22,1,109343,108908,435
9952201,29.391,32.55,431,86140,0.571901,0.22,1,109377,108946,431
9955121,21.0782,16.91,437,86140,0.59438,0.22,1,109396,108959,437
9958041,11.4156,10.582,437,86140,0.638876,0.31,1,109405,108968,437
9960961,9.48313,8.5164,438,86140,0.679775,0.32,1,109414,108976,438
9963881,6.69663,7.30328,437,87600,0.679955,0.27,1,109420,108983,437
9966801,53.3393,52.6607,438,87600,0.599991,0.32,1,109485,109047,438
9969721,23.4679,18.5321,444,87600,0.727998,0.46,1,109501,109057,444
9972641,12.6936,11.7064,444,87600,0.7456,0.46,1,109511,109067,444
9975561,10.5387,2.34129,454,87600,0.74112,0.46,1,109521,109067,454
9978481,10.1077,8.46826,454,87600,0.764224,0.47,2,109531,109077,454
9981401,10.8215,9.69365,455,87600,0.792845,0.47,2,109542,109087,455
9984321,9.36431,9.93873,454,87600,0.838569,0.45,2,109551,109097,454
9987241,21.0729,8.38775,470,87600,0.847714,0.53,2,109575,109105,470
9990161,10.6146,21.6775,453,87600,0.849543,0.53,2,109583,109130,453
9993081,8.52291,10.7355,453,87600,0.849909,0.53,2,109591,109138,453
9996001,8.90458,8.5471,454,87600,0.865982,0.51,2,109600,109146,454
9998921,9.78092,8.90942,455,87600,0.885196,0.51,2,109610,109155,455
10001841,5.15618,8.98188,450,87600,0.889039,0.51,2,109614,109164,450
10004761,4.23124,4.99638,450,87600,0.889808,0.51,2,109618,109168,450
10007681,5.64625,4.19928,452,87600,0.889962,0.53,2,109624,109172,452
10010601,4.32925,6.43985,449,87600,0.889992,0.53,2,109628,109179,449
10013521,22.4659,4.48797,472,87600,0.905998,0.53,2,109655,109183,472
10016441,35.6932,20.8976,486,87600,0.9092,0.53,2,109694,109208,486
10019361,15.1386,34.5795,458,89060,0.94184,0.55,2,109704,109246,458
10623081,188,260,452,58580,0,0.01,1,113538,113086,452
10697721,2,143,423,52537,0,0,1,113961,113538,423
10700641,2,28.6,425,51074,0.024,0,1,113963,113538,425
10703561,2,5.72,427,49611,0.0128,0,1,113965,113538,427
10706481,4.4,1.144,432,48148,0.01056,0.15,1,113970,113538,432
10709401,45.68,9.0288,477,46685,0.066112,1,1,114026,113549,477
10712321,18.736,12.2058,476,43800,0.0772224,1,1,114038,113562,476
10715241,61.3472,16.0412,531,43800,0.215444,0.62,1,114110,113579,531
10718161,14.6694,38.4082,490,43800,0.243089,0.62,1,114113,113623,490
10721081,8.53389,7.68165,497,43800,0.248618,0.62,1,114120,113623,497
10724001,8.10678,1.53633,505,43800,0.297724,0.62,1,114128,113623,505
10726921,3.22136,0.307266,507,43800,0.323545,0.62,1,114130,113623,507
10729841,10.2443,0.0614532,519,43800,0.296709,0.56,1,114142,113623,519
10732761,3.64885,60.8123,445,43800,0.331342,0.41,1,114144,113699,445
10735681,11.1298,24.9625,442,43800,0.338268,0.31,1,114157,113715,442
10738601,47.026,17.7925,482,45260,0.299654,1,1,114213,113731,482
10741521,64.6052,48.3585,495,45260,0.339931,0.92,1,114282,113787,495
10744441,26.521,25.6717,492,45260,0.435986,0.83,1,114299,113807,492
10747361,70.1042,20.3343,554,45260,0.455197,0,1,114380,113826,554
10750281,17.2208,112.067,423,46720,0.395039,0.01,1,114384,113961,423
10753201,9.04417,25.6134,426,46720,0.383008,0.08,1,114391,113965,426
10756121,65.0088,53.9227,444,46720,0.228602,0.25,1,114470,114026,444
10759041,72.2018,77.9845,434,48180,0.32572,0.25,1,114544,114110,434
10761961,17.6404,17.9969,435,48180,0.385144,0.25,1,114548,114113,435
10764881,11.5281,9.19938,438,48180,0.421029,0.31,1,114558,114120,438
10767801,7.10561,8.23988,436,48180,0.428206,0.33,1,114564,114128,436
10770721,3.02112,3.24798,436,48180,0.429641,0.29,1,114566,114130,436
10773641,11.0042,10.2496,437,48180,0.381928,0.34,1,114579,114142,437
10776561,3.80084,3.64992,437,48180,0.372386,0.34,1,114581,114144,437
10779481,11.1602,11.13,437,48180,0.442477,0.34,1,114594,114157,437
10782401,48.632,2.226,495,49640,0.384495,0.29,1,114652,114157,495
10785321,64.1264,45.2452,507,49640,0.340899,0.35,1,114720,114213,507
10788241,30.4253,64.249,460,49640,0.51618,0.46,1,114742,114282,460
10791161,66.8851,26.4498,519,49640,0.559236,0.46,1,114818,114299,519
10794081,14.977,70.09,440,49640,0.567847,0.38,1,114820,114380,440
10797001,4.5954,17.218,438,49640,0.569569,0.38,1,114822,114384,438
10799921,4.11908,9.0436,435,49640,0.593914,0.19,1,114826,114391,435
10802841,60.0238,65.0087,430,49640,0.350783,0.19,1,114900,114470,430
10805761,80.8048,13.0017,516,49640,0.334157,0.35,1,114986,114470,516
10808681,19.361,61.8003,446,51100,0.338831,0.4,1,114990,114544,446
10811601,10.2722,15.5601,450,51100,0.363766,0.43,1,114998,114548,450
10814521,6.85444,11.112,446,51100,0.368753,0.43,1,115004,114558,446
10817441,2.97089,7.0224,442,51100,0.369751,0.43,1,115006,114564,442
10820361,13.3942,3.00448,456,51100,0.38595,0.37,1,115022,114566,456
10823281,4.27884,11.0009,445,52560,0.38919,0.37,1,115024,114579,445
10826201,12.0558,3.80018,457,52560,0.429838,0.46,1,115038,114581,457
10829121,4.01115,11.16,446,52560,0.437968,0.37,1,115040,114594,446
10832041,44.8022,48.632,443,52560,0.359594,0.33,1,115095,114652,443
10834961,64.1604,64.1264,444,52560,0.319919,0.56,1,115164,114720,444
10837881,35.2321,30.4253,450,52560,0.343984,0.57,1,115192,114742,450
10840801,69.4464,66.8851,452,52560,0.412797,0.57,1,115270,114818,452
10843721,15.4893,14.977,452,52560,0.426559,0.57,1,115272,114820,452
10846641,4.69786,4.5954,452,52560,0.397312,0.6,1,115274,114822,452
10849561,4.13957,4.11908,452,52560,0.423462,0.29,1,115278,114826,452
10852481,49.6279,60.0238,439,52560,0.412692,0.33,1,115339,114900,439
10855401,78.7256,80.8048,439,52560,0.442538,0.33,1,115425,114986,439
10858321,18.9451,16.161,443,52560,0.464508,0.34,1,115429,114986,443
10861241,10.189,6.43219,447,52560,0.484902,0.37,1,115437,114990,447
10864161,6.8378,7.68644,445,52560,0.48098,0.37,1,115443,114998,445
10867081,2.96756,6.33729,441,52560,0.480196,0.37,1,115445,115004,441
10870001,13.3935,2.86746,455,52560,0.472039,0.39,1,115461,115006,455
10872921,5.8787,13.3735,443,52560,0.470408,0.39,1,115465,115022,443
10875841,3.57574,4.2747,444,54020,0.486082,0.44,1,115468,115024,444
10878761,11.9151,12.0549,444,54020,0.441216,0.44,1,115482,115038,444
10881681,3.98303,4.01099,444,54020,0.432243,0.34,1,115484,115040,444
10884601,42.3966,44.8022,441,54020,0.446449,0.31,1,115536,115095,441
10887521,60.4793,64.1604,437,54020,0.39329,0.35,1,115601,115164,437
10890441,38.4959,35.2321,442,54020,0.542658,0.43,1,115634,115192,442
10893361,69.2992,69.4464,441,54020,0.596532,0.43,1,115711,115270,441
10896281,17.0598,15.4893,443,54020,0.607306,0.39,1,115715,115272,443
10899201,5.01197,4.69786,443,54020,0.609461,0.43,1,115717,115274,443
10902121,4.20239,4.13957,443,54020,0.577892,0.41,1,115721,115278,443
10905041,48.0405,49.6279,441,54020,0.507578,0.45,1,115780,115339,441
10907961,81.6081,78.7256,445,54020,0.533516,0.47,1,115870,115425,445
10910881,19.5216,18.9451,445,54020,0.546703,0.49,1,115874,115429,445
10913801,10.3043,10.189,445,54020,0.549341,0.48,1,115882,115437,445
10916721,6.86086,6.8378,445,54020,0.549868,0.48,1,115888,115443,445
10919641,2.97217,2.96756,445,54020,0.517974,0.47,1,115890,115445,445
10922561,13.3944,13.3935,445,54020,0.495595,0.47,1,115906,115461,445
10925481,4.27889,5.8787,443,54020,0.491119,0.47,1,115908,115465,443
10928401,2.45578,1.17574,445,54020,0.490224,0.49,1,115910,115465,445
10931321,14.8912,2.63515,460,54020,0.490045,0.43,1,115928,115468,460
10934241,4.57823,11.727,448,54020,0.458009,0.43,1,115930,115482,448
10937161,43.3156,3.94541,499,54020,0.387602,0.45,1,115983,115484,499
10940081,59.0631,42.3891,510,54020,0.30952,0.38,1,116046,115536,510
10943001,40.6126,60.4778,481,54020,0.389904,0.58,1,116082,115601,481
10945921,70.5225,38.4956,526,54020,0.469981,0.61,1,116160,115634,526
10948841,15.7045,69.2991,451,54020,0.485996,0.61,1,116162,115711,451
10951761,4.7409,17.0598,449,54020,0.489199,0.61,1,116164,115715,449
10954681,4.14818,5.01196,451,54020,0.48984,0.57,1,116168,115717,451
10957601,46.4296,4.20239,504,54020,0.441968,0.49,1,116225,115721,504
10960521,81.2859,48.0405,535,54020,0.488394,0.54,1,116315,115780,535
10963441,19.4572,81.6081,449,54020,0.465679,0.55,1,116319,115870,449
10966361,10.2914,19.5216,453,54020,0.493136,0.55,1,116327,115874,453
10969281,6.85829,10.3043,451,54020,0.514627,0.55,1,116333,115882,451
10972201,2.97166,6.86086,447,54020,0.526925,0.51,1,116335,115888,447
10975121,13.3943,2.97217,461,54020,0.521385,0.49,1,116351,115890,461
10978041,4.27887,13.3944,447,54020,0.520277,0.49,1,116353,115906,447
10980961,2.45577,4.27889,447,54020,0.528055,0.49,1,116355,115908,447
10983881,14.8912,2.45578,463,54020,0.529611,0.49,1,116373,115910,463
10986801,4.57823,14.8912,447,54020,0.529922,0.45,1,116375,115928,447
10989721,39.3156,4.57823,493,54020,0.433984,0.37,1,116423,115930,493
10992641,58.2631,43.3156,503,54020,0.422797,0.29,1,116486,115983,503
10995561,44.4526,59.0631,481,54020,0.404559,0.41,1,116527,116046,481
10998481,71.2905,40.6126,523,54020,0.536912,0.49,1,116605,116082,523
11001401,15.8581,70.5225,447,54020,0.563382,0.49,1,116607,116160,447
11004321,4.77162,15.7045,447,54020,0.568676,0.49,1,116609,116162,447
11007241,4.15432,4.7409,449,54020,0.569735,0.49,1,116613,116164,449
11010161,45.6309,4.14818,501,54020,0.417947,0.43,1,116669,116168,501
11013081,81.9262,46.4296,535,54020,0.523589,0.5,1,116760,116225,535
11016001,21.1852,81.2859,451,54020,0.544718,0.46,1,116766,116315,451
11018921,10.637,19.4572,455,54020,0.532944,0.5,1,116774,116319,455
11021841,6.92741,10.2914,453,54020,0.538589,0.52,1,116780,116327,453
11024761,2.98548,6.85829,449,54020,0.539718,0.53,1,116782,116333,449
11027681,13.3971,2.97166,463,54020,0.571944,0.52,1,116798,116335,463
11030601,4.27942,13.3943,449,54020,0.578389,0.52,1,116800,116351,449
11033521,2.45588,4.27887,449,54020,0.579678,0.53,1,116802,116353,449
11036441,14.8912,2.45577,465,54020,0.587936,0.53,1,116820,116355,465
11039361,4.57824,14.8912,449,54020,0.589587,0.53,1,116822,116373,449
11042281,34.5156,4.57823,489,54020,0.597917,0.41,1,116864,116375,489
11045201,58.9031,39.3156,506,54020,0.423583,0.42,1,116929,116423,506
11048121,46.1806,58.2631,486,54020,0.468717,0.4,1,116972,116486,486
11051041,74.8361,44.4526,527,54020,0.533743,0.57,1,117054,116527,527
11053961,16.5672,71.2905,451,54020,0.546749,0.57,1,117056,116605,451
11056881,4.91344,15.8581,451,54020,0.54935,0.57,1,117058,116607,451
11059801,4.18269,4.77162,453,54020,0.54987,0.57,1,117062,116609,453
11062721,43.2365,4.15432,502,54020,0.469974,0.38,1,117115,116613,502
11065641,84.6473,45.6309,541,54020,0.493995,0.55,1,117210,116669,541
11068561,20.1295,81.9262,454,54020,0.498799,0.55,1,117214,116760,454
11071481,10.4259,21.1852,456,54020,0.52376,0.53,1,117222,116766,456
11074401,8.48518,10.637,456,54020,0.520752,0.54,1,117230,116774,456
11077321,3.29704,6.92741,452,54020,0.52015,0.54,1,117232,116780,452
11080241,13.4594,2.98548,466,54020,0.50403,0.58,1,117248,116782,466
11083161,4.29188,13.3971,452,54020,0.500806,0.58,1,117250,116798,452
11086081,2.45838,4.27942,452,54020,0.500161,0.58,1,117252,116800,452
11089001,11.6917,2.45588,464,54020,0.500032,0.59,1,117266,116802,464
11091921,3.93833,14.8912,448,54020,0.508006,0.59,1,117268,116820,448
11094841,36.7877,4.57824,491,54020,0.517601,0.6,1,117313,116822,491
11097761,58.5575,34.5156,513,54020,0.50352,0.38,1,117377,116864,513
11100681,46.1115,58.9031,491,54020,0.484704,0.48,1,117420,116929,491
11103601,74.8223,46.1806,530,54020,0.568941,0.55,1,117502,116972,530
11106521,16.5645,74.8361,450,54020,0.585788,0.55,1,117504,117054,450
11109441,4.91289,16.5672,450,54020,0.589158,0.55,1,117506,117056,450
11112361,4.18258,4.91344,452,54020,0.589832,0.55,1,117510,117058,452
11115281,39.2365,4.18269,496,54020,0.549966,0.45,1,117558,117062,496
11118201,86.2473,43.2365,541,54020,0.581993,0.5,1,117656,117115,541
11121121,20.4495,84.6473,450,54020,0.628399,0.5,1,117660,117210,450
11124041,10.4899,20.1295,454,54020,0.60568,0.53,1,117668,117214,454
11126961,6.89798,10.4259,452,54020,0.625136,0.52,1,117674,117222,452
11129881,4.5796,8.48518,448,54020,0.629027,0.52,1,117678,117230,448
11132801,13.7159,3.29704,462,54020,0.621805,0.5,1,117694,117232,462
11135721,4.34318,13.4594,448,55480,0.620361,0.5,1,117696,117248,448
11138641,2.46864,4.29188,448,55480,0.620072,0.5,1,117698,117250,448
11141561,11.6937,2.45838,460,55480,0.636014,0.5,1,117712,117252,460
11144481,3.93875,11.6917,448,55480,0.639203,0.51,1,117714,117266,448
11147401,31.9877,3.93833,485,55480,0.583841,0.52,1,117753,117268,485
11150321,57.5976,36.7877,504,55480,0.556768,0.5,1,117817,117313,504
11153241,51.5195,58.5575,490,55480,0.631354,0.48,1,117867,117377,490
11156161,78.3039,46.1115,532,55480,0.742271,0.59,1,117952,117420,532
11159081,17.2608,74.8223,452,55480,0.764454,0.59,2,117954,117502,452
11162001,5.05216,16.5645,452,55480,0.768891,0.59,2,117956,117504,452
11164921,4.21043,4.91289,454,55480,0.769778,0.59,2,117960,117506,454
11167841,32.8421,4.18258,490,55480,0.753956,0.54,2,118000,117510,490
11170761,92.1684,39.2365,549,55480,0.830791,0.59,2,118107,117558,549
11173681,21.6337,86.2473,455,56940,0.814158,0.64,2,118111,117656,455
11176601,11.5267,20.4495,460,56940,0.834832,0.6,2,118120,117660,460
11179521,7.10535,10.4899,458,56940,0.894966,0.63,2,118126,117668,458
11182441,3.02107,6.89798,454,56940,0.906993,0.63,2,118128,117674,454
11185361,15.0042,4.5796,468,56940,0.893399,0.62,2,118146,117678,468
11188281,4.60084,13.7159,454,56940,0.91468,0.62,2,118148,117694,454
11191201,2.52017,4.34318,454,56940,0.918936,0.62,2,118150,117696,454
11194121,2.10403,2.46864,454,56940,0.927787,0.64,2,118152,117698,454
11510941,42,41,430,52560,0.65,0.03,1,120795,120365,430
11513861,29.2,30.6,428,54020,0.474,0.03,1,120821,120393,428
11516781,96.24,17.32,527,55480,0.6708,1,1,120934,120407,527
11519701,60.048,75.464,488,56940,0.74216,1,1,120985,120497,488
11522621,36.0096,27.8928,502,56940,0.668432,1,1,121015,120513,502
11525541,13.6019,14.3786,499,56940,0.637686,1,1,121023,120524,499
11528461,11.5204,18.8757,490,56940,0.759537,1,2,121034,120544,490
11531381,13.5041,18.1751,486,56940,0.767908,1,2,121048,120562,486
11534301,13.9008,15.635,485,58400,0.825581,1,2,121062,120577,485
11731401,20,23,500,48180,0.75,1,2,122647,122147,500
11734321,17.6,16.6,502,49640,0.702,1,1,122664,122162,502
11737241,17.92,15.32,505,51100,0.6604,1,1,122682,122177,505
11740161,20.384,17.464,508,51100,0.58808,1,1,122703,122195,508
11743081,20.0768,21.8928,505,51100,0.509616,1,1,122723,122218,505
11746001,20.0154,21.9786,503,51100,0.477923,1,1,122743,122240,503
11748921,71.2031,88.3957,482,51100,0.175585,1,1,122827,122345,482
11751841,84.6406,37.6791,545,51100,0.0431169,1,1,122915,122370,545
11754761,40.9281,81.1358,483,51100,0.0166234,1,1,122945,122462,483
11757681,45.7856,49.8272,488,51100,0.0113247,0.96,1,122992,122504,488
11760601,22.7571,26.7654,484,51100,0.0262649,0.96,1,123009,122525,484
11763521,18.1514,22.1531,480,51100,0.045253,0.98,1,123026,122546,480
11783961,15,17,453,52560,0.74,0.69,1,123117,122664,453
11786881,15,3.4,468,52560,0.78,0.65,2,123132,122664,468
11789801,16.6,15.08,467,52560,0.804,0.57,2,123149,122682,467
11792721,17.72,19.816,464,52560,0.7288,0.49,1,123167,122703,464
11795641,17.144,19.9632,461,52560,0.71376,0.47,1,123184,122723,461
11798561,55.4288,19.9926,506,52560,0.630752,0.1,1,123249,122743,506
11813161,61,17,482,54020,0.64,0.05,1,123491,123009,482
11816081,23.4,17,479,54020,0.736,1,1,123505,123026,479
11819001,18.28,17.8,478,54020,0.7632,1,2,123522,123044,478
11821921,26.056,17.16,489,54020,0.88864,1,2,123550,123061,489
11824841,6.8112,10.632,482,54020,0.913728,0.98,2,123552,123070,482
11827761,9.36224,14.9264,476,54020,0.926746,0.87,2,123562,123086,476
11830681,7.47245,14.1853,469,54020,0.905349,0.87,2,123569,123100,469
11833601,3.09449,4.43706,469,54020,0.93307,0.74,2,123571,123102,469
11859881,34,47,456,55480,0.48,0.66,1,123869,123413,456
11862801,18,23,453,55480,0.488,0.66,1,123883,123430,453
11865721,58,4.6,521,55480,0.5376,0.64,1,123951,123430,521
11868641,23.6,49.72,475,55480,0.55552,0.76,1,123966,123491,475
11871561,23.12,21.144,484,55480,0.511104,0.77,1,123989,123505,484
11874481,22.224,17.8288,489,55480,0.534221,0.92,1,124011,123522,489
11877401,10.0448,25.9658,468,55480,0.586844,0.92,1,124018,123550,468
11880321,10.009,6.79315,476,55480,0.469369,0.93,1,124028,123552,476
11883241,9.20179,9.35863,475,55480,0.581874,0.9,1,124037,123562,475
11886161,3.44036,7.47173,470,55480,0.636375,0.94,1,124039,123569,470
11889081,9.48807,3.09435,479,55480,0.671275,0.98,1,124050,123571,479
11892001,11.4976,9.41887,480,55480,0.678255,0.98,1,124062,123582,480
11894921,3.89952,10.6838,471,55480,0.679651,0.97,1,124064,123593,471
11897841,14.3799,14.1368,473,55480,0.70393,1,1,124081,123608,473
11900761,14.876,15.6274,472,55480,0.676786,1,1,124096,123624,472
11903681,13.3752,14.3255,471,55480,0.719357,1,1,124109,123638,471
11906601,47.475,49.2651,469,55480,0.807871,0.26,2,124165,123696,469
11909521,62.295,88.253,437,55480,0.705574,0.31,1,124231,123794,437
11912441,43.659,50.4506,435,55480,0.789115,0.48,2,124270,123835,435
11915361,43.9318,37.2901,445,55480,0.789823,0.49,2,124314,123869,445
11918281,21.5864,18.658,447,55480,0.797965,0.55,2,124330,123883,447
11921201,61.1173,58.1316,450,55480,0.703593,0.56,1,124401,123951,450
11924121,21.8235,23.6263,447,55480,0.708719,0.5,1,124413,123966,447
11927041,26.7647,23.1253,452,55480,0.733744,0.54,1,124441,123989,452
11929961,20.5529,22.2251,449,55480,0.770749,0.6,2,124460,124011,449
11932881,5.71059,10.045,444,55480,0.77815,0.44,2,124462,124018,444
11935801,17.1421,10.009,454,55480,0.74763,0.61,1,124482,124028,454
11938721,11.4284,9.2018,455,55480,0.781526,0.65,2,124492,124037,455
11941641,3.88568,3.44036,455,55480,0.820305,0.68,2,124494,124039,455
11944561,10.3771,9.48807,456,55480,0.836061,0.68,2,124506,124050,456
11947481,11.6754,11.4976,456,55480,0.847212,0.68,2,124518,124062,456
11950401,3.93509,3.89952,456,55480,0.849442,0.71,2,124520,124064,456
11953321,11.987,14.3799,453,55480,0.833888,0.67,2,124534,124081,453
11956241,18.3974,14.876,458,55480,0.830778,0.73,2,124554,124096,458
11959161,14.8795,13.3752,459,55480,0.838156,0.83,2,124568,124109,459
11962081,50.9759,47.475,463,55480,0.903631,0.68,2,124628,124165,463
11965001,60.5952,62.295,460,55480,0.812726,0.81,2,124691,124231,460
11967921,43.319,43.659,460,55480,0.906545,0.79,2,124730,124270,460
11970841,42.2638,43.9318,458,55480,0.965309,0.8,2,124772,124314,458
12313941,20,31,481,49640,0.88,1,2,127739,127258,481
12316861,24.8,31,476,51100,0.816,1,2,127765,127289,476
12319781,40.16,31.8,488,52560,0.6352,1,1,127809,127321,488
12322701,23.232,19.96,490,54020,0.55104,1,1,127828,127338,490
12325621,18.2464,23.192,483,54020,0.534208,1,1,127845,127362,483
12328541,26.8493,31.0384,479,54020,0.466842,1,1,127874,127395,479
12331461,34.9699,23.0077,495,54020,0.389368,1,1,127911,127416,495
12334381,19.794,19.8015,492,54020,0.341874,1,1,127927,127435,492
12337301,18.3588,15.9603,495,54020,0.268375,1,1,127945,127450,495
12340221,16.4718,19.1921,491,55480,0.237675,1,1,127961,127470,491
12343141,15.2944,17.4384,489,55480,0.215535,0.92,1,127976,127487,489
12346061,61.4589,71.4877,477,55480,0.067107,0.92,1,128049,127572,477
12348981,45.8918,14.2975,519,55480,0.0134214,1,1,128091,127572,519
12351901,23.5784,45.2595,484,55480,0.0106843,0.88,1,128109,127625,484
12499361,20,8,496,42340,0.03,1,1,129395,128899,496
12502281,18.4,20,491,43800,0.062,1,1,129413,128922,491
12505201,56.48,25.6,530,45260,0.1164,1,1,129479,128949,530
12508121,49.696,77.92,487,45260,0.19128,1,1,129527,129040,487
12511041,85.1392,34.784,557,45260,0.246256,0.79,1,129621,129064,557
12513961,41.8278,92.5568,481,45260,0.0572512,0.46,1,129652,129171,481
12516881,27.5656,52.1114,463,45260,0.0194502,0.35,1,129676,129213,463
12519801,17.5131,36.8223,445,45260,0.04389,0.29,1,129691,129246,445
12522721,16.3026,23.3645,441,45260,0.048778,0.23,1,129707,129266,441
12525641,16.8605,19.8729,439,45260,0.0657556,0.17,1,129724,129285,439
12528561,16.1721,20.7746,434,46720,0.0531511,0.09,1,129740,129306,434
12531481,13.6344,18.5549,429,46720,0.0506302,0.01,1,129753,129324,429
12534401,21.1269,16.511,436,46720,0.010126,0,1,129776,129340,436
12586961,13,20,462,48180,0.88,1,2,130278,129816,462
12589881,10.6,5.6,470,48180,0.856,1,2,130288,129818,470
12592801,10.12,14.72,463,48180,0.8832,1,2,130298,129835,463
12762161,30,18,497,49640,0.75,1,2,132109,131612,497
12765081,18.8,14.8,499,49640,0.75,1,1,132125,131626,499
12768001,13.36,14.16,497,49640,0.702,1,1,132137,131640,497
12770921,13.072,14.832,495,49640,0.6684,1,1,132150,131655,495
12773841,15.4144,12.5664,499,49640,0.64568,1,1,132166,131667,499
12776761,18.2829,8.91328,510,49640,0.617136,1,1,132185,131675,510
12779681,13.2566,22.5827,496,49640,0.579427,1,1,132197,131701,496
12782601,9.05132,18.9165,486,49640,0.571885,1,1,132205,131719,486
12785521,13.0103,15.7833,485,49640,0.530377,0.98,1,132219,131734,485
12788441,10.6021,11.1567,485,49640,0.538075,1,1,132229,131744,485
12791361,48.5204,56.6313,475,49640,0.531615,1,1,132287,131812,475
12794281,19.3041,24.9263,470,49640,0.530323,0.72,1,132299,131829,470
12797201,53.4608,63.3853,459,49640,0.274065,0.98,1,132361,131902,459
12846841,40,62,426,49640,0.77,1,2,132787,132361,426
12849761,176.8,123.6,498,51100,0.73,1,1,132998,132500,498
12852681,51.36,31.12,510,51100,0.674,1,1,133018,132508,510
12855601,26.272,19.024,514,51100,0.6708,1,1,133038,132524,514
12858521,19.6544,18.2048,514,51100,0.68616,1,1,133056,132542,514
12861441,17.5309,23.641,506,51100,0.641232,1,1,133073,132567,506
12864361,14.7062,14.3282,508,51100,0.664246,1,1,133087,132579,508
12867281,8.54123,12.4656,503,51100,0.556849,1,1,133094,132591,503
12870201,8.90825,12.8931,499,51100,0.55137,1,1,133103,132604,499
12873121,11.3816,12.1786,499,51100,0.566274,1,1,133115,132616,499
12876041,15.0763,16.8357,497,51100,0.569255,1,1,133131,132634,497
12878961,13.4153,12.9671,498,52560,0.617851,1,1,133144,132646,498
12881881,12.2831,7.39343,504,52560,0.65957,1,1,133156,132652,504
12884801,8.05661,13.4787,496,52560,0.651914,1,1,133163,132667,496
12887721,4.81132,10.6957,490,52560,0.650383,0.51,1,133167,132677,490
12890641,23.3623,47.7391,461,52560,0.674077,0.6,1,133195,132734,461
12893561,11.0725,19.9478,456,52560,0.678815,0.77,1,133203,132747,456
12896481,38.2145,35.9896,461,52560,0.719763,0.77,1,133248,132787,461
12897941,168.443,7.19791,662,52560,0.631953,0.72,1,133449,132787,662
12900861,40.0886,170.24,459,54020,0.630391,0.66,1,133457,132998,459
12903781,20.8177,50.0479,455,54020,0.750078,0.67,2,133473,133018,455
12906701,20.9635,26.0096,456,54020,0.862016,0.69,2,133494,133038,456
12909621,15.3927,19.6019,452,54020,0.868403,0.63,2,133508,133056,452
12912541,15.8785,17.5204,451,54020,0.885681,0.67,2,133524,133073,451
12915461,12.7757,14.7041,449,54020,0.889136,0.53,2,133536,133087,449
12918381,7.35514,8.54081,448,54020,0.889827,0.55,2,133542,133094,448
12921301,8.67103,8.90816,448,54020,0.905966,0.57,2,133551,133103,448
12924221,11.3342,11.3816,448,54020,0.909193,0.57,2,133563,133115,448
12927141,15.8668,15.0763,449,54020,0.893839,0.57,2,133580,133131,449
12930061,15.9734,3.01527,465,55480,0.874768,0.63,2,133596,133131,465
12932981,12.7947,11.0031,464,55480,0.870954,0.67,2,133608,133144,464
12935901,8.95893,11.8006,460,55480,0.902191,0.65,2,133616,133156,460
12938821,4.99179,7.96012,457,55480,0.908438,0.65,2,133620,133163,457
12941741,24.9984,4.79202,483,55480,0.909688,0.68,2,133650,133167,483
12944661,11.3997,23.3584,463,55480,0.909938,0.68,2,133658,133195,463
12947581,39.8799,11.0717,502,55480,0.909988,0.73,2,133705,133203,502
12950501,167.176,38.2143,656,55480,0.925998,0.61,2,133904,133248,656
13475501,424,626,424,2920,0.05,0,1,139458,139034,424
13478421,424.8,464.4,425,5840,0.162,0.05,1,139883,139458,425
13481341,86.56,92.88,427,8760,0.1844,0.19,1,139885,139458,427
13484261,360.512,358.576,431,11680,0.47688,0.19,1,140314,139883,431
13487181,73.7024,71.7152,433,14600,0.567376,0.19,1,140316,139883,433
13490101,16.3405,15.943,433,17520,0.553475,0.19,1,140318,139885,433
13493021,4.8681,3.18861,435,20440,0.566695,0.55,1,140320,139885,435
13609821,157,323,447,26280,0.15,0.25,1,142640,142193,447
13612741,47.4,90.2,435,27740,0.23,0.03,1,142660,142225,435
13615661,32.68,44.44,431,29200,0.342,0.01,1,142689,142258,431
13618581,19.336,24.088,428,29200,0.3484,0,1,142705,142277,428
13621501,11.8672,15.2176,425,29200,0.28568,0.01,1,142715,142290,425
13624421,13.5734,8.64352,432,30660,0.321136,0.03,1,142729,142297,432
13627341,17.1147,16.9287,431,30660,0.232227,0.01,1,142747,142316,431
13630261,129.823,9.78574,581,30660,0.166445,0.01,1,142905,142324,581
13633181,27.5646,129.157,424,30660,0.169289,0.15,1,142907,142483,424
13636101,138.313,151.431,433,30660,0.313858,0.15,1,143073,142640,433
13639021,47.6626,30.2863,458,30660,0.358772,0.25,1,143098,142640,458
13641941,11.1325,22.0573,440,30660,0.367754,0.37,1,143100,142660,440
13644861,21.4265,27.6115,435,30660,0.369551,0.35,1,143124,142689,435
13647781,17.0853,18.3223,435,32120,0.40191,0.27,1,143140,142705,435
13650701,13.0171,11.6645,437,32120,0.392382,0.27,1,143152,142715,437
13653621,10.6034,2.33289,447,32120,0.358476,0.33,1,143162,142715,447
13656541,18.9207,11.6666,454,32120,0.399695,0.21,1,143183,142729,454
13659461,121.384,16.7333,583,32120,0.535939,0.15,1,143330,142747,583
13662381,25.8768,129.747,427,32120,0.531188,0.17,1,143332,142905,427
13665301,146.775,27.5493,602,32120,0.658238,0.35,1,143509,142907,602
13668221,50.9551,138.31,463,32120,0.715648,0.37,1,143536,143073,463
13671141,11.791,47.662,440,33580,0.759129,0.37,2,143538,143098,440
13674061,22.3582,11.1324,463,33580,0.735826,0.37,1,143563,143100,463
13676981,6.07164,21.4265,441,33580,0.731165,0.41,1,143565,143124,441
13679901,14.0143,17.0853,441,33580,0.762233,0.39,2,143581,143140,441
13682821,10.8029,13.0171,439,33580,0.768447,0.35,2,143591,143152,439
13685741,11.7606,10.6034,441,33580,0.801689,0.41,2,143603,143162,441
13688661,22.3521,18.9207,445,33580,0.808338,0.57,2,143628,143183,445
13796701,22,189,483,33580,0.65,1,1,145395,144912,483
13799621,31.6,54.6,496,33580,0.666,1,1,145429,144933,496
13802541,29.52,26.92,505,33580,0.6532,1,1,145458,144953,505
13805461,23.504,20.584,508,33580,0.62664,1,1,145480,144972,508
13808381,19.9008,26.5168,499,33580,0.573328,1,1,145499,145000,499
13811301,19.9802,18.9034,502,33580,0.618666,1,1,145519,145017,502
13814221,19.196,18.9807,502,33580,0.563733,1,1,145538,145036,502
13817141,19.0392,20.5961,500,33580,0.552747,1,1,145557,145057,500
13820061,63.0078,20.1192,554,33580,0.678549,1,1,145631,145077,554
13822981,46.2016,70.4238,513,33580,0.55971,0.91,1,145673,145160,513
13825901,136.44,50.8848,626,33580,0.695942,0.69,1,145832,145206,626
13828821,42.4881,143.777,478,35040,0.707188,0.65,1,145851,145373,478
13831741,31.6976,46.3554,485,35040,0.725438,0.67,1,145880,145395,485
13834661,31.1395,36.4711,482,35040,0.761088,0.65,2,145911,145429,482
13837581,19.8279,30.4942,470,35040,0.768218,0.62,2,145928,145458,470
13840501,21.5656,23.6988,470,35040,0.833643,0.56,2,145950,145480,470
13843421,16.3131,19.9398,466,35040,0.846729,0.63,2,145965,145499,466
13846341,18.4626,19.988,465,35040,0.961346,0.55,2,145984,145519,465
14021541,17,12,440,32120,0.58,0.19,1,148304,147864,440
14024461,15.4,16.8,437,33580,0.596,0.15,1,148319,147882,437
14027381,9.48,15.36,430,35040,0.6232,0.19,1,148327,147897,430
14030301,19.496,11.872,441,36500,0.64464,0.11,1,148349,147908,441
14033221,53.4992,29.5744,469,36500,0.632928,0.01,1,148411,147942,469
14036141,35.4998,61.1149,431,36500,0.678586,0.03,1,148442,148011,431
14039061,151.9,146.623,444,37960,0.527717,0.11,1,148623,148179,444
14041981,49.58,52.5246,439,37960,0.481543,0.09,1,148647,148208,439
14044901,50.716,29.7049,466,37960,0.536309,0.45,1,148698,148232,466
14047821,24.5432,33.141,450,37960,0.595262,0.42,1,148716,148266,450
14050741,17.7086,23.4282,445,37960,0.623052,0.58,1,148732,148287,445
14053661,21.9417,18.2856,451,39420,0.61261,0.58,1,148755,148304,451
14056581,17.1883,3.65713,467,39420,0.642522,0.6,1,148771,148304,467
14059501,5.03767,12.7314,454,39420,0.648504,0.63,1,148773,148319,454
14062421,7.40753,8.94629,454,39420,0.681701,0.63,1,148781,148327,454
14065341,17.4815,1.78926,474,39420,0.73634,0.65,1,148801,148327,474
14068261,53.0963,17.9579,514,39420,0.715268,0.63,1,148863,148349,514
14071181,37.8193,53.1916,486,39420,0.775054,0.69,2,148897,148411,486
14074101,9.16385,35.4383,457,40880,0.803011,0.49,2,148899,148442,457
14214261,28,69,489,45260,0.65,1,1,150599,150110,489
14217181,36,31.4,505,45260,0.634,1,1,150637,150132,505
14220101,20.8,24.68,499,45260,0.5988,1,1,150654,150155,499
14223021,20.16,21.736,498,45260,0.62376,1,1,150674,150176,498
14225941,20.832,17.9472,502,45260,0.596752,1,1,150695,150193,502
14228861,20.1664,18.7894,503,45260,0.55935,1,1,150715,150212,503
14231781,20.0333,21.3579,501,45260,0.53587,1,1,150735,150234,501
14234701,24.0067,23.4716,502,45260,0.443174,0.98,1,150760,150258,502
14237621,35.2013,23.0943,517,45260,0.400635,1,1,150798,150281,517
14240541,24.6403,41.4189,493,45260,0.424127,1,1,150820,150327,493
14243461,17.7281,27.4838,485,45260,0.452825,0.91,1,150836,150351,485
14246381,72.3456,23.0968,549,45260,0.626565,0.71,1,150922,150373,549
14258061,26,49,484,45260,0.83,0.65,2,151055,150571,484
14260981,32.4,32.2,490,45260,0.878,0.63,2,151089,150599,490
14263901,17.68,36.84,466,45260,0.8556,0.59,2,151103,150637,466
14266821,17.136,20.968,466,45260,0.83512,0.63,2,151120,150654,466
14269741,18.6272,20.1936,465,45260,0.895024,0.59,2,151139,150674,465
14272661,20.5254,20.8387,465,45260,0.891005,0.55,2,151160,150695,465
14275581,17.7051,20.1677,462,45260,0.874201,0.53,2,151177,150715,462
14278501,21.941,20.0335,465,45260,0.88684,0.42,2,151200,150735,465
14418661,14,22,514,48180,0.85,1,2,152709,152195,514
14421581,28.4,32.4,511,48180,0.73,1,1,152741,152230,511
14424501,28.08,61.68,470,49640,0.69,1,1,152769,152299,470
14427421,44.816,37.936,487,49640,0.61,1,1,152818,152331,487
14430341,53.7632,54.7872,484,49640,0.498,1,1,152874,152390,484
14433261,29.1526,29.3574,484,49640,0.4116,1,1,152897,152413,484
14436181,61.0305,53.8715,493,49640,0.54632,1,1,152966,152473,493
14439101,29.8061,10.7743,515,51100,0.637264,1,1,152988,152473,515
14442021,25.1612,29.3549,505,51100,0.639453,1,1,153012,152507,505
14444941,19.4322,25.871,498,51100,0.615891,1,1,153030,152532,498
14447861,19.8864,24.3742,494,51100,0.563178,0.95,1,153050,152556,494
14450781,27.1773,23.2748,500,51100,0.568636,0.92,1,153079,152579,500
14453701,19.0355,27.055,489,51100,0.521727,0.99,1,153096,152607,489
14456621,22.2071,22.211,491,52560,0.448345,1,1,153119,152628,491
14459541,20.4414,23.6422,487,52560,0.433669,0.91,1,153139,152652,487
14462461,19.2883,22.3284,484,52560,0.334734,0.88,1,153158,152674,484
14465381,13.4577,21.2657,475,52560,0.282947,0.85,1,153170,152695,475
14468301,25.0915,15.4531,489,52560,0.176589,0.7,1,153198,152709,489
14471221,6.61831,28.6906,459,52560,0.123318,0.68,1,153200,152741,459
14474141,17.3237,28.1381,451,52560,0.0646636,0.59,1,153220,152769,451
14477061,39.4647,44.8276,447,52560,0.0689327,0.47,1,153265,152818,447
14479981,52.6929,53.7655,447,54020,0.0217865,0.39,1,153321,152874,447
14482901,28.9386,29.1531,447,54020,0.556357,0.58,1,153344,152897,447
14485821,61.7877,61.0306,448,54020,0.519271,0.58,1,153414,152966,448
14488741,31.5575,12.2061,472,54020,0.383854,0.66,1,153438,152966,472
14491661,26.3115,20.0412,475,54020,0.340771,0.64,1,153463,152988,475
14494581,18.8623,23.2082,468,54020,0.300154,0.61,1,153480,153012,468
14497501,18.1725,19.0416,468,55480,0.244031,0.55,1,153498,153030,468
14500421,25.2345,19.8083,475,55480,0.232806,0.57,1,153525,153050,475
14503341,14.6469,27.1617,458,55480,0.262561,0.51,1,153537,153079,458
14506261,4.52938,19.0323,443,55480,0.268512,0.43,1,153539,153096,443
14509181,20.1059,22.2065,444,55480,0.253702,0.43,1,153563,153119,444
14512101,14.4212,20.4413,437,55480,0.266741,0.31,1,153576,153139,437
14515021,16.4842,19.2883,435,55480,0.317348,0.27,1,153593,153158,435
14517941,10.4968,13.4577,432,56940,0.35947,0.15,1,153602,153170,432
14520861,18.8994,25.0915,425,56940,0.351894,0.11,1,153623,153198,425
14523781,5.37987,6.61831,425,56940,0.350379,0.05,1,153625,153200,425
14526701,16.276,17.3237,424,56940,0.366076,0.07,1,153644,153220,424
14529621,39.2552,39.4647,424,56940,0.369215,0.07,1,153689,153265,424
14532541,51.851,7.89295,479,56940,0.129843,0.01,1,153744,153265,479
14535461,52.7702,46.3786,476,58400,0.177969,0.69,1,153797,153321,476
14538381,56.154,27.6757,510,58400,0.283594,0.51,1,153854,153344,510
14541301,28.0308,61.5351,461,58400,0.288719,0.35,1,153875,153414,461
14544221,24.8062,31.507,461,58400,0.321744,0.33,1,153899,153438,461
14547141,16.1612,26.3014,450,58400,0.344349,0.29,1,153913,153463,450
14550061,4.83225,18.8603,435,58400,0.34887,0.23,1,153915,153480,435
14552981,12.1664,18.1721,431,59860,0.413774,0.23,1,153929,153498,431
14555901,27.2333,25.2344,435,59860,0.378755,0.27,1,153960,153525,435
14558821,15.8467,14.6469,436,59860,0.403751,0.27,1,153973,153537,436
14561741,4.76933,4.52938,436,59860,0.40875,0.25,1,153975,153539,436
14564661,18.5539,20.1059,434,59860,0.47375,0.27,1,153997,153563,434
14567581,13.3108,14.4212,433,59860,0.48675,0.33,1,154009,153576,433
14570501,21.0622,16.4842,439,61320,0.47335,0.33,1,154032,153593,439
14573421,10.6124,3.29685,447,61320,0.47067,0.37,1,154040,153593,447
14576341,18.9225,7.85937,459,61320,0.454134,0.35,1,154061,153602,459
14579261,5.3845,18.3719,440,61320,0.450827,0.35,1,154063,153623,440
14582181,15.4769,5.27437,456,61320,0.466165,0.37,1,154081,153625,456
14585101,39.8954,16.2549,483,61320,0.533233,0.37,1,154127,153644,483
14588021,42.3791,39.251,481,62780,0.642647,0.07,1,154170,153689,481
14590941,10.0758,51.8502,428,62780,0.664529,0.19,1,154172,153744,428
14593861,46.8152,52.77,431,62780,0.788906,0.31,2,154228,153797,431
14596781,59.763,56.154,437,62780,0.853781,0.29,2,154291,153854,437
14599701,28.7526,28.0308,437,64240,0.882756,0.33,2,154312,153875,437
14602621,26.5505,24.8062,439,64240,0.904551,0.35,2,154338,153899,439
14605541,17.3101,16.1612,440,64240,0.90891,0.35,2,154353,153913,440
14608461,5.06202,4.83225,440,65700,0.909782,0.35,2,154355,153915,440
14611381,13.0124,0.966449,455,65700,0.909956,0.43,2,154370,153915,455
14924841,47,30,466,65700,0.93,0.67,2,156610,156144,466
14927761,39.8,21.2,485,67160,0.818,0.93,2,156648,156163,485
14930681,32.76,27.44,487,68620,0.7476,0.91,1,156679,156192,487
15233321,21,27,454,62780,0.83,0.49,2,158790,158336,454
15236241,37,27.8,467,64240,0.766,0.51,2,158831,158364,467
15239161,37.8,44.76,456,64240,0.8172,0.51,2,158869,158413,456
15242081,36.36,33.752,461,64240,0.79544,0.61,2,158905,158444,461
15245001,40.872,33.9504,469,64240,0.855088,0.79,2,158947,158478,469
15247921,18.5744,22.7901,462,64240,0.851018,0.73,2,158960,158498,462
15250841,14.1149,16.558,460,64240,0.770203,0.6,2,158973,158513,460
15253761,14.823,15.3116,460,64240,0.706041,1,1,158988,158528,460
15256681,34.1646,20.6623,477,65700,0.789208,1,2,159027,158550,477
15259601,20.4329,4.13246,494,65700,0.885842,1,2,159044,158550,494
15262521,13.6866,0.826493,506,65700,0.873168,1,2,159056,158550,506
15265441,9.13732,0.165299,514,65700,0.870634,1,2,159064,158550,514
15268361,8.22746,0.0330597,522,65700,0.870127,1,2,159072,158550,522
15271281,3.24549,0.00661194,524,65700,0.918025,1,2,159074,158550,524
15475681,11,7,512,71540,0.85,1,2,160542,160030,512
15478601,13.4,12.6,512,71540,0.778,1,2,160556,160044,512
15481521,11.48,8.12,516,71540,0.7076,1,1,160567,160051,516
15482981,15.096,21.624,507,71540,0.61352,1,1,160583,160076,507
15557441,383.819,429.125,452,49640,0.626704,0.56,1,161059,160607,452
15560361,110.364,105.025,470,51100,0.789341,0.57,2,161101,160631,470
15563281,43.6728,44.205,468,52560,0.773868,0.55,2,161128,160660,468
15566201,38.3346,33.641,474,54020,0.818774,0.63,2,161165,160691,474
15569121,30.8669,33.1282,470,55480,0.731755,0.55,1,161194,160724,470
15823161,25,36,457,46720,0.09,0.71,1,163253,162796,457
15826081,33,16.8,480,48180,0.106,0.67,1,163288,162808,480
15829001,32.2,32.16,476,49640,0.0292,0.59,1,163320,162844,476
15831921,27.24,36.032,465,51100,0.01384,0.47,1,163346,162881,465
15834841,24.648,31.2064,459,51100,0.074768,0.44,1,163370,162911,459
15837761,24.1296,32.6413,450,51100,0.0869536,0.27,1,163394,162944,450
15878641,31,32,422,54020,0.83,0.01,2,163742,163320,422
15881561,27,6.4,448,54020,0.83,0.01,2,163768,163320,448
15884481,23.8,22.08,445,54020,0.766,0.09,2,163791,163346,445
15887401,23.96,23.616,445,54020,0.7212,0.09,1,163815,163370,445
15890321,53.592,23.9232,482,54020,0.57624,1,1,163876,163394,482
15893241,26.7184,23.9846,478,54020,0.755248,1,2,163896,163418,478
15896161,52.5437,22.3969,515,54020,0.73505,1,1,163955,163440,515
15899081,14.5087,21.2794,499,54020,0.67501,1,1,163960,163461,499
15902001,13.3017,18.6559,494,54020,0.735002,1,1,163973,163479,494
15904921,19.4604,20.5312,494,55480,0.931,1,2,163994,163500,494
16094721,23,20,498,56940,0.92,1,2,165645,165147,498
16097641,23,20,501,56940,0.832,1,2,165668,165167,501
16100561,28.6,20,511,56940,0.7584,1,2,165698,165187,511
16103481,21.72,18.4,513,56940,0.68768,1,1,165718,165205,513
16106401,24.344,22.88,514,56940,0.561536,1,1,165743,165229,514
16109321,21.6688,21.376,514,56940,0.424307,1,1,165764,165250,514
16112241,49.1338,21.8752,548,56940,0.204861,1,1,165820,165272,548
16115161,28.2268,57.975,504,56940,0.0809723,1,1,165843,165339,504
16118081,21.6453,34.795,495,56940,0.0561945,1,1,165863,165368,495
16121001,26.7291,24.559,501,56940,0.0672389,0.99,1,165891,165390,501
16123921,17.3458,23.3118,493,56940,0.0214478,1,1,165906,165413,493
16126841,24.2692,17.4624,503,56940,0.00428956,0.96,1,165932,165429,503
16129761,17.6538,29.0925,487,56940,0.00885791,1,1,165948,165461,487
16132681,21.1308,19.4185,492,56940,0.00177158,1,1,165970,165478,492
16135601,20.2262,21.4837,490,56940,0.0243543,1,1,165990,165500,490
16138521,19.2452,20.2967,489,56940,0.0128709,1,1,166009,165520,489
16141441,21.449,19.2593,492,56940,0.0265742,0.96,1,166031,165539,492
16144361,33.8898,22.2519,506,56940,0.0453148,0.93,1,166068,165562,506
16147281,23.578,34.8504,489,56940,0.017063,0.94,1,166089,165600,489
16150201,20.7156,24.5701,487,56940,0.0434126,0.92,1,166109,165622,487
16153121,19.3431,23.314,483,56940,0.0326825,0.81,1,166128,165645,483
16156041,23.8686,23.0628,485,56940,0.0065365,0.74,1,166153,165668,485
16158961,18.3737,28.6126,472,56940,0.121307,0.67,1,166170,165698,472
16205681,22,21,443,56940,0.79,0.05,2,166532,166089,443
16208601,18,20.2,440,56940,0.822,0.03,2,166549,166109,440
16211521,26.8,19.24,450,56940,0.7324,0,1,166578,166128,450
16214441,54.16,23.848,486,56940,0.84248,0.15,2,166639,166153,486
16217361,22.032,18.3696,483,56940,0.888496,1,2,166653,166170,483
16220281,19.6064,16.4739,486,56940,0.849699,1,2,166672,166186,486
16223201,39.9213,16.8948,514,56940,0.88194,1,2,166717,166203,514
16226121,27.1843,36.979,496,56940,0.904388,1,2,166741,166245,496
16229041,23.8369,25.7958,496,56940,0.908878,1,2,166764,166268,496
16275761,19,14,485,58400,0.86,0.84,2,167138,166653,485
16278681,39.8,18,511,59860,0.9,0.89,2,167183,166672,511
16448041,28,51,471,48180,0.71,0.92,1,168538,168067,471
16450961,28,25.4,480,49640,0.902,0.99,2,168566,168086,480
16630541,27,30,513,64240,0.69,1,1,170126,169613,513
16656821,380.6,433.2,448,43800,0.338,0.07,1,170595,170147,448
16712301,239.32,269.04,424,43800,0.3156,0.09,1,170799,170375,424
16715221,67.064,57.008,444,45260,0.21512,0.01,1,170823,170379,444
16718141,36.6128,37.0016,441,46720,0.291024,0.03,1,170852,170411,441
16721061,24.1226,34.6003,428,48180,0.386205,0.25,1,170873,170445,428
16723981,48.0245,44.5201,435,48180,0.549241,0.23,1,170927,170492,435
16726901,26.4049,10.504,454,48180,0.517848,0.25,1,170948,170494,454
16729821,22.081,18.9008,454,48180,0.49557,0.31,1,170969,170515,454
16732741,17.2162,19.7802,450,48180,0.523114,0.27,1,170985,170535,450
16735661,20.2432,17.556,454,48180,0.448623,0.29,1,171006,170552,454
16738581,14.4486,21.1112,445,49640,0.513725,0.25,1,171019,170574,445
16741501,38.8897,21.0222,469,49640,0.558745,0.11,1,171064,170595,469
16744421,36.5779,49.8045,448,49640,0.535749,0.11,1,171100,170652,448
16747341,29.7156,34.7609,445,49640,0.62715,0.09,1,171128,170683,445
16750261,38.7431,31.7522,455,49640,0.66143,0.17,1,171169,170714,455
16753181,34.9486,35.1504,453,49640,0.652286,0.23,1,171203,170750,453
16756101,30.9897,31.8301,452,49640,0.698457,0.31,1,171233,170781,452
16759021,25.3979,20.766,458,49640,0.739691,0.19,1,171257,170799,458
16761941,6.67959,23.3532,436,51100,0.715938,0.31,1,171259,170823,436
16764861,25.3359,27.8706,437,51100,0.759188,0.31,2,171289,170852,437
16767781,20.2672,5.57413,456,51100,0.751838,0.41,2,171308,170852,456
16916701,26,19,515,54020,0.71,1,1,172718,172203,515
16919621,26,13.4,529,54020,0.646,1,1,172744,172215,529
16922541,22.8,21.08,528,54020,0.5852,1,1,172766,172238,528
16925461,23.76,23.416,528,54020,0.58904,1,1,172790,172262,528
16928381,20.752,41.4832,502,54020,0.589808,1,1,172810,172308,502
16931301,24.9504,25.8966,506,54020,0.589962,1,1,172836,172330,506
16934221,41.7901,39.5793,509,54020,0.557992,1,1,172882,172373,509
16937141,29.158,27.9159,510,54020,0.535599,1,1,172908,172398,510
16940061,25.0316,20.7832,515,54020,0.47512,1,1,172932,172417,515
16942981,25.0063,33.7566,503,54020,0.631024,1,1,172957,172454,503
16945901,24.2013,26.7513,502,54020,0.646205,1,1,172981,172479,502
16948821,28.0403,27.7503,503,54020,0.609241,1,1,173010,172507,503
16951741,23.2081,25.5501,500,54020,0.569848,0.9,1,173032,172532,500
16954661,23.8416,23.51,501,54020,0.55397,1,1,173056,172555,501
16957581,26.3683,27.102,500,54020,0.566794,1,1,173083,172583,500
16960501,29.2737,29.4204,500,54020,0.649359,0.88,1,173113,172613,500
16963421,24.2547,30.6841,492,54020,0.697872,0.9,1,173136,172644,492
16966341,19.2509,27.7368,483,54020,0.723574,0.79,1,173154,172671,483
16969261,20.6502,22.3474,483,54020,0.728715,0.71,1,173175,172692,483
16972181,23.33,25.2695,481,54020,0.777743,0.63,2,173199,172718,481
16975101,19.866,25.8539,474,54020,0.723549,0.57,1,173218,172744,474
16978021,20.7732,22.7708,473,54020,0.68071,0.59,1,173239,172766,473
16980941,20.1546,23.7542,469,54020,0.688142,0.59,1,173259,172790,469
16983861,24.0309,20.7508,474,54020,0.673628,0.59,1,173284,172810,474
16986781,41.6062,24.9502,494,54020,0.590726,0.55,1,173330,172836,494
16989701,28.3212,41.79,473,54020,0.382145,0.53,1,173355,172882,473
16992621,31.2642,29.158,479,54020,0.772429,0.46,2,173387,172908,479
17138621,25,19,524,56940,0.91,1,2,174695,174171,524
17140081,26.6,18.2,533,56940,0.878,1,2,174722,174189,533
17199941,390.92,448.44,459,39420,0.3916,0.66,1,175204,174745,459
17202861,112.584,124.088,459,40880,0.40632,0.53,1,175247,174788,459
17205781,44.1168,52.0176,452,42340,0.441264,0.49,1,175274,174822,452
17208701,40.0234,36.0035,459,43800,0.496253,0.33,1,175313,174854,459
17232061,25,2,453,51100,0.79,0.23,2,175587,175134,453
17234981,27.4,18.8,458,51100,0.902,0.25,2,175615,175157,458
17237901,19.08,25.36,448,51100,0.9084,0.27,2,175632,175184,448
17240821,9.416,21.072,435,51100,0.89368,0.41,2,175639,175204,435
17424781,28,27,500,56940,0.89,1,2,177288,176788,500
17427701,32,28.6,504,56940,0.906,1,2,177321,176817,504
17430621,25.6,24.92,504,56940,0.9252,1,2,177345,176841,504
17433541,23.52,24.984,502,56940,0.92904,1,2,177368,176866,502
17436461,27.904,24.9968,506,56940,0.913808,1,2,177397,176891,506
17439381,31.1808,32.1994,504,56940,0.910762,1,2,177429,176925,504
17442301,28.6362,28.8399,504,56940,0.942152,1,2,177457,176953,504
17453981,20,25,496,56940,0.89,0.94,2,177561,177065,496
17456901,28.8,21.8,506,56940,0.922,1,2,177592,177086,506
17459821,24.16,32.36,494,56940,0.8964,1,2,177615,177121,494
17462741,25.632,25.672,496,56940,0.92328,0.93,2,177641,177145,496
17474421,17,14,485,56940,0.92,0.94,2,177705,177220,485
17477341,21,17.2,489,56940,0.912,0.88,2,177727,177238,489
17480261,25.8,21.04,494,56940,0.9424,0.89,2,177754,177260,494
17483181,29.96,26.608,497,56940,0.84448,0.91,2,177785,177288,497
17486101,29.192,31.7216,493,56940,0.672896,0.93,1,177814,177321,493
17489021,22.6384,25.5443,490,56940,0.638579,0.93,1,177835,177345,490
17491941,28.5277,23.5089,497,56940,0.647716,0.91,1,177865,177368,497
17494861,32.9055,27.9018,502,56940,0.617543,0.91,1,177899,177397,502
17497781,26.5811,31.1804,495,56940,0.595509,0.95,1,177924,177429,495
17500701,26.1162,28.6361,493,56940,0.639102,0.97,1,177950,177457,493
17503621,28.4232,26.5272,496,56940,0.59982,0.93,1,177979,177483,496
17506541,26.4846,30.1054,491,56940,0.623964,0.93,1,178005,177514,491
17509461,22.0969,27.6211,485,56940,0.580793,0.89,1,178026,177541,485
17512381,30.0194,21.5242,497,56940,0.588159,0.93,1,178058,177561,497
17515301,26.0039,29.1048,491,56940,0.541632,0.89,1,178083,177592,491
17518221,26.8008,24.221,495,56940,0.532326,0.93,1,178110,177615,495
17521141,18.9602,25.6442,486,56940,0.514465,0.95,1,178127,177641,486
17524061,14.192,20.3288,480,56940,0.526893,0.92,1,178140,177660,480
17526981,14.8384,13.6658,483,56940,0.513379,0.94,1,178155,177672,483
17529901,14.9677,15.5332,482,56940,0.510676,0.92,1,178170,177688,482
17532821,22.1935,16.7066,489,56940,0.510135,0.91,1,178194,177705,489
17535741,25.2387,20.9413,493,56940,0.478027,0.95,1,178220,177727,493
17538661,20.2477,25.7883,485,56940,0.487605,0.82,1,178239,177754,485
17541581,26.4495,29.9577,482,56940,0.537521,0.63,1,178267,177785,482
17544501,21.2899,29.1915,473,56940,0.547504,0.63,1,178287,177814,473
17547421,27.458,22.6383,481,56940,0.629501,0.65,1,178316,177835,481
17550341,33.4916,28.5277,486,56940,0.6299,0.61,1,178351,177865,486
17553261,25.8983,32.9055,476,56940,0.61398,0.59,1,178375,177899,476
17556181,25.9797,26.5811,477,56940,0.706796,0.65,1,178401,177924,477
17559101,27.5959,26.1162,479,56940,0.725359,0.59,1,178429,177950,479
17562021,26.3192,28.4232,476,56940,0.761072,0.63,2,178455,177979,476
17564941,21.2638,26.4846,470,56940,0.784214,0.57,2,178475,178005,470
17567861,30.6528,22.0969,482,56940,0.788843,0.59,2,178508,178026,482
17570781,23.7306,30.0194,472,56940,0.789769,0.53,2,178530,178058,472
17573701,24.7461,26.0039,472,56940,0.773954,0.53,2,178555,178083,472
17576621,19.3492,26.8008,463,56940,0.850791,0.51,2,178573,178110,463
17579541,15.0698,18.9602,460,56940,0.866158,0.53,2,178587,178127,460
17582461,15.014,14.192,462,56940,0.901232,0.51,2,178602,178140,462
17585381,14.2028,14.8384,461,56940,0.876246,0.51,2,178616,178155,461
17588301,20.4406,14.9677,468,56940,0.871249,0.51,2,178638,178170,468
17748901,22,16,489,61320,0.86,1,2,180015,179526,489
17751821,22.8,16,496,61320,0.812,1,2,180038,179542,496
17754741,24.56,19.2,501,62780,0.7624,1,2,180063,179562,501
17757661,26.512,23.04,504,62780,0.64048,1,1,180090,179586,504
17760581,25.3024,4.608,529,62780,0.584096,1,1,180115,179586,529
17762041,19.4605,21.7216,521,62780,0.524819,1,1,180133,179612,521
17827741,378.292,441.944,442,43800,0.464964,0.33,1,180601,180159,442
17830661,112.458,109.989,461,45260,0.484993,0.31,1,180647,180186,461
17833581,45.6917,50.7978,454,46720,0.584999,0.26,1,180676,180222,454
17836501,32.3383,26.9596,462,48180,0.797,0.13,2,180705,180243,462
17839421,34.4677,42.9919,450,49640,0.8874,0.13,2,180740,180290,450
18035061,341,380,433,40880,0.29,0.19,1,182600,182167,433
18037981,83.4,87.2,438,42340,0.386,0.13,1,182619,182181,438
18040901,27.08,32.64,432,43800,0.3892,0.15,1,182632,182200,432
18043821,19.016,12.928,441,45260,0.37384,0.13,1,182649,182208,441
18046741,19.0032,13.7856,446,45260,0.466768,0.19,1,182668,182222,446
18049661,9.40064,17.1571,435,45260,0.485354,0.11,1,182675,182240,435
18052581,40.2801,18.6314,464,45260,0.537071,0.07,1,182723,182259,464
18055501,34.456,44.5263,446,45260,0.707414,0.05,1,182756,182310,446
18058421,34.0912,36.9053,445,45260,0.757483,0.07,2,182790,182345,445
18061341,30.0182,31.3811,444,45260,0.743497,0.03,1,182819,182375,444
18064261,34.8036,32.6762,447,45260,0.748699,0.09,1,182855,182408,447
18067181,34.1607,33.7352,447,45260,0.66974,0.01,1,182889,182442,447
18070101,43.6321,37.147,455,45260,0.717948,0.17,1,182935,182480,455
18073021,38.3264,46.6294,443,46720,0.72759,0.21,1,182972,182529,443
18075941,62.0653,38.9259,474,46720,0.841518,0.29,2,183040,182566,474
18078861,26.8131,34.9852,458,46720,0.912304,0.41,2,183058,182600,458
18081781,6.96261,22.197,441,46720,0.926461,0.39,2,183060,182619,441
18084701,9.39252,14.8394,438,46720,0.897292,0.39,2,183070,182632,438
18087621,21.0785,2.96788,462,46720,0.907458,0.37,2,183094,182632,462
18090541,18.6157,14.1936,463,46720,0.845492,0.49,2,183112,182649,463
18093461,10.9231,18.0387,453,46720,0.865098,0.49,2,183121,182668,453
18096381,45.3846,9.20774,500,46720,0.83702,0.55,2,183175,182675,500
18099301,38.6769,40.2415,489,46720,0.815404,0.75,2,183212,182723,489
18102221,38.1354,34.4483,494,46720,0.811081,0.77,2,183250,182756,494
18105141,30.0271,34.0897,488,48180,0.794216,0.74,2,183278,182790,488
18108061,32.4054,30.0179,492,48180,0.790843,0.75,2,183311,182819,492
18110981,31.2811,34.8036,487,48180,0.790169,0.65,2,183342,182855,487
18113901,46.2562,34.1607,503,48180,0.838034,0.73,2,183392,182889,503
18116821,10.8512,43.6321,459,48180,0.847607,0.73,2,183394,182935,459
18119741,27.7702,38.3264,454,48180,0.929521,0.87,2,183426,182972,454
18294941,18,25,479,49640,0.93,1,2,185130,184651,479
18297861,25.2,27.4,478,49640,0.914,1,2,185157,184679,478
18315381,22,21,482,49640,0.81,0.99,2,185356,184874,482
18318301,46,53.8,472,49640,0.81,0.99,2,185408,184936,472
18321221,27.6,28.36,473,49640,0.794,1,2,185431,184958,473
18324141,27.92,22.472,480,49640,0.7108,0.97,1,185459,184979,480
18327061,19.184,25.2944,471,49640,0.67816,1,1,185476,185005,471
18329981,14.2368,17.0589,469,49640,0.655632,0.93,1,185489,185020,469
18332901,18.0474,17.0118,471,49640,0.715126,0.95,1,185508,185037,471
18335821,17.2095,17.8024,470,49640,0.711025,0.95,1,185525,185055,470
18338741,25.8419,26.7605,469,49640,0.726205,0.89,1,185553,185084,469
18341661,24.3684,27.7521,465,49640,0.777241,0.93,2,185577,185112,465
18344581,21.6737,19.9504,468,49640,0.915448,0.91,2,185598,185130,468
18528541,32,24,495,58400,0.93,1,2,187354,186859,495
18531461,25.6,21.6,498,59860,0.882,1,2,187378,186880,498
18534381,27.52,24.32,501,59860,0.8244,1,2,187406,186905,501
18537301,26.304,25.664,501,59860,0.84488,1,2,187432,186931,501
18540221,22.8608,27.5328,495,59860,0.752976,1,2,187454,186959,495
18543141,16.5722,5.50656,510,61320,0.750595,1,2,187469,186959,510
18546061,20.9144,20.3013,508,61320,0.686119,1,1,187491,186983,508
18548981,24.1829,13.6603,521,61320,0.657224,1,1,187516,186995,521
18551901,23.2366,23.5321,518,61320,0.555445,1,1,187539,187021,518
18554821,22.2473,26.3064,513,61320,0.503089,1,1,187561,187048,513
18557741,19.6495,28.4613,503,61320,0.444618,0.93,1,187580,187077,503
18560661,19.1299,24.8923,498,62780,0.456924,1,1,187599,187101,498
18563581,26.226,24.1785,502,62780,0.355385,1,1,187627,187125,502
18566501,22.8452,28.0357,495,62780,0.351077,1,1,187649,187154,495
18569421,14.169,28.0071,479,62780,0.398215,0.87,1,187661,187182,479
18572341,24.4338,33.6014,471,62780,0.391643,0.97,1,187688,187217,471
18575261,24.8868,28.3203,469,62780,0.438329,0.97,1,187713,187244,469
18578181,28.1774,28.8641,469,62780,0.431666,0.93,1,187742,187273,469
18581101,23.2355,26.5728,465,64240,0.446333,0.91,1,187764,187299,465
18584021,21.4471,23.7146,463,64240,0.385267,0.93,1,187785,187322,463
18586941,30.6894,30.3429,464,64240,0.453053,0.93,1,187818,187354,464
18589861,25.3379,6.06858,488,64240,0.466611,0.87,1,187842,187354,488
18592781,26.6676,20.4137,491,64240,0.517322,0.81,1,187869,187378,491
18595701,21.3335,26.4827,483,64240,0.671464,0.85,1,187889,187406,483
18598621,21.8667,26.0965,479,64240,0.750293,0.73,2,187911,187432,479
18601541,5.97334,22.8193,459,65700,0.782059,0.75,2,187913,187454,459
18604461,9.99467,16.5639,455,65700,0.772412,0.67,2,187924,187469,455
18607381,18.7989,20.9128,454,65700,0.834482,0.65,2,187945,187491,454
18610301,21.3598,24.1826,451,65700,0.862896,0.53,2,187967,187516,451
18613221,18.672,23.2365,446,65700,0.916579,0.49,2,187985,187539,446
18895381,409,471,435,11680,0.19,0.31,1,192483,192048,435
18898301,83.4,94.2,437,14600,0.19,0.29,1,192485,192048,437
18901221,35.88,39.64,435,17520,0.334,0.29,1,192509,192074,435
18904141,8.776,7.928,437,20440,0.3948,0.19,1,192511,192074,437
19028241,133,138,452,29200,0.14,0.59,1,194646,194194,452
19031161,166.6,40.4,611,30660,0.164,0.49,1,194821,194210,611
19034081,60.52,151.28,466,32120,0.1528,0.41,1,194855,194389,466
19037001,33.704,60.656,455,33580,0.18256,0.31,1,194882,194427,455
19039921,32.3408,37.7312,455,35040,0.188512,0.17,1,194914,194459,455
19042841,30.4682,50.7462,431,35040,0.205702,0.19,1,194944,194513,431
19045761,22.0936,17.3492,442,36500,0.16114,0.13,1,194964,194522,442
19048681,22.8187,23.4698,440,36500,0.136228,0.09,1,194987,194547,440
19051601,21.3637,24.694,436,36500,0.147246,0.01,1,195008,194572,436
19054521,25.8727,25.7388,437,36500,0.0694491,0.13,1,195035,194598,437
19057441,33.1745,34.7478,435,36500,0.14989,0.14,1,195070,194635,435
19060361,149.035,15.7496,602,36500,0.101978,0.17,1,195248,194646,602
19063281,31.407,143.15,429,37960,0.0923956,0.15,1,195250,194821,429
19066201,35.8814,55.83,432,37960,0.154479,0.15,1,195287,194855,432
19069121,23.9763,11.166,453,37960,0.198896,0.19,1,195308,194855,453
19072041,6.39526,23.8332,428,37960,0.207779,0.19,1,195310,194882,428
19074961,29.2791,30.3666,431,37960,0.193556,0.21,1,195345,194914,431
19077881,30.6558,30.0733,432,37960,0.222711,0.21,1,195376,194944,432
19080801,20.5312,6.01467,450,39420,0.260542,0.15,1,195394,194944,450
19083721,20.9062,17.2029,451,39420,0.268108,0.13,1,195415,194964,451
19086641,19.3812,21.8406,447,39420,0.253622,0.15,1,195434,194987,447
19089561,23.8762,21.1681,451,39420,0.234724,0.05,1,195459,195008,451
19092481,34.3752,25.8336,461,39420,0.326945,0.17,1,195496,195035,461
19095401,148.475,33.1667,603,39420,0.425389,0.09,1,195673,195070,603
19098321,31.295,149.033,427,39420,0.445078,0.09,1,195675,195248,427
19101241,7.859,31.4067,427,40880,0.449016,0.17,1,195677,195250,427
19104161,34.3718,35.8813,431,40880,0.513803,0.21,1,195718,195287,431
19107081,24.4744,23.9763,432,40880,0.510761,0.21,1,195740,195308,432
19110001,6.49487,6.39525,432,40880,0.542152,0.19,1,195742,195310,432
19112921,29.299,29.2791,432,40880,0.54843,0.23,1,195777,195345,432
19115841,31.4598,30.6558,433,40880,0.581686,0.23,1,195809,195376,433
19118761,19.892,6.13116,450,40880,0.588337,0.27,1,195826,195376,450
19121681,22.3784,15.6262,455,40880,0.589667,0.27,1,195849,195394,455
19124601,18.8757,19.9252,452,40880,0.589933,0.25,1,195867,195415,452
19127521,22.9751,19.185,457,40880,0.605987,0.23,1,195891,195434,457
19130441,38.995,23.837,475,40880,0.625197,0.35,1,195934,195459,475
19133361,153.399,34.3674,620,40880,0.693039,0.45,1,196116,195496,620
19136281,32.2798,148.473,445,40880,0.706608,0.45,1,196118,195673,445
19139201,8.05596,31.2947,445,40880,0.709322,0.45,1,196120,195675,445
19142121,3.21119,7.85894,445,42340,0.709864,0.53,1,196122,195677,445
19145041,34.2422,34.3718,446,42340,0.789973,0.51,2,196164,195718,446
19147961,25.2484,24.4744,447,42340,0.853995,0.55,2,196187,195740,447
19150881,6.64969,6.49487,447,42340,0.866799,0.55,2,196189,195742,447
19153801,30.9299,29.299,449,42340,0.91736,0.59,2,196226,195777,449
19156721,31.786,31.4598,449,42340,0.895472,0.59,2,196258,195809,449
19159641,22.3572,19.892,452,42340,0.907094,0.59,2,196278,195826,452
19162561,22.0714,22.3784,451,42340,0.909419,0.59,2,196300,195849,451
19165481,19.6143,18.8757,452,42340,0.925884,0.61,2,196319,195867,452
19168401,23.9229,22.9751,453,42340,0.913177,0.63,2,196344,195891,453
19171321,39.1846,38.995,453,42340,0.894635,0.71,2,196387,195934,453
19311481,193,214,458,29200,0.01,0.23,1,198450,197992,458
19340681,171.4,195.6,433,29200,0.25,0.25,1,198616,198183,433
19343601,57.48,51.12,447,30660,0.426,0.21,1,198645,198198,447
19346521,42.696,34.224,456,32120,0.5972,0.15,1,198684,198228,456
19349441,17.3392,30.0448,438,33580,0.66344,0.01,1,198695,198257,438
19352361,156.268,160.409,436,35040,0.828688,0.03,2,198886,198450,436
19355281,54.4536,55.2818,436,36500,0.861738,0.07,2,198915,198479,436
19472081,23,18,522,42340,0.79,1,2,200365,199843,522
19475001,25.4,20.4,527,42340,0.758,1,2,200391,199864,527
19476461,27.48,24.08,530,42340,0.6876,1,1,200419,199889,530
19489601,385.496,451.216,447,29200,0.38552,0.25,1,200894,200447,447
19527561,166.699,191.043,433,29200,0.677104,0.23,1,201006,200573,433
19530481,58.9398,48.6086,452,30660,0.831421,0.03,2,201038,200586,452
19625381,491,573,457,27740,0.17,0.27,1,202777,202320,457
19629761,171.8,209.8,430,27740,0.362,0.11,1,202869,202439,430
19661881,50.36,64.36,422,27740,0.4164,0.05,1,202889,202467,422
19664801,54.072,45.672,436,29200,0.60328,0.11,1,202944,202508,436
19667721,125.214,117.134,444,30660,0.640656,0.19,1,203087,202643,444
19670641,48.2429,49.0269,441,32120,0.648131,0.21,1,203116,202675,441
19673561,27.2486,36.2054,430,32120,0.665626,0.19,1,203138,202708,430
19676481,16.6497,19.2411,429,32120,0.813125,0.15,2,203152,202723,429
19679401,24.9299,25.4482,429,32120,0.810625,0.15,2,203179,202750,429
19682321,27.386,13.0896,447,32120,0.842125,0.23,2,203207,202760,447
19685241,51.8772,40.2179,458,32120,0.896425,0.29,2,203265,202807,458
19688161,46.3754,48.0436,453,32120,0.923285,0.43,2,203310,202857,453
19691081,30.0751,35.2087,447,33580,0.944657,0.65,2,203336,202889,447
19793281,135,66,598,33580,0.67,1,1,204940,204342,598
19796201,67.8,116.4,520,33580,0.686,1,1,204991,204471,520
19799121,27.16,48.08,506,33580,0.6892,1,1,205008,204502,506
19802041,27.832,29.616,509,33580,0.75384,1,2,205036,204527,509
19804961,24.7664,24.3232,510,33580,0.782768,1,2,205060,204550,510
19807881,25.7533,27.2646,508,33580,0.740554,1,1,205086,204578,508
19810801,17.9507,30.2529,493,33580,0.764111,0.95,2,205102,204609,493
19813721,37.9901,23.6506,514,33580,0.752822,1,2,205145,204631,514
19816641,32.398,39.9301,501,33580,0.750564,0.96,2,205176,204675,501
19819561,43.2796,34.386,514,33580,0.718113,0.95,1,205222,204708,514
19822481,45.4559,47.6772,509,33580,0.663623,0.87,1,205268,204759,509
19825401,112.291,46.3354,592,33580,0.668725,0.67,1,205397,204805,592
19828321,62.4582,117.267,507,33580,0.669745,0.69,1,205447,204940,507
19831241,26.0916,64.2534,473,33580,0.733949,0.69,1,205464,204991,473
19834161,30.0183,26.4507,487,33580,0.74679,0.77,1,205495,205008,487
19837081,26.0037,27.6901,484,33580,0.781358,0.79,2,205520,205036,484
19840001,25.2007,24.738,485,33580,0.804272,0.73,2,205545,205060,485
19842921,17.0401,25.7476,474,33580,0.808854,0.77,2,205560,205086,474
19845841,36.208,17.9495,499,33580,0.809771,0.75,2,205601,205102,499
19848761,32.0416,37.9899,487,33580,0.841954,0.75,2,205632,205145,487
19851681,43.2083,32.398,502,33580,0.832391,0.71,2,205678,205176,502
19854601,45.4417,43.2796,502,33580,0.846478,0.65,2,205724,205222,502
19857521,110.688,45.4559,583,33580,0.785296,0.67,2,205851,205268,583
19860441,63.7377,112.291,506,33580,0.837059,0.67,2,205903,205397,506
19863361,29.5475,62.4582,477,33580,0.815412,0.75,2,205924,205447,477
19866281,29.1095,26.0916,489,33580,0.891082,0.75,2,205953,205464,489
19869201,28.2219,30.0183,486,33580,0.906217,0.79,2,205981,205495,486
19872121,24.0444,26.0037,484,35040,0.909243,0.81,2,206004,205520,484
19875041,18.4089,25.2007,476,35040,0.893849,0.81,2,206021,205545,476
19877961,34.8818,17.0401,500,35040,0.92277,0.81,2,206060,205560,500
20038561,143,181,429,30660,0.85,0.15,2,208172,207743,429
20126161,29,20,519,42340,0.65,1,1,209346,208827,519
20129081,32.2,31.2,518,43800,0.458,1,1,209379,208861,518
20132001,34.44,23.84,531,43800,0.3236,1,1,209414,208883,531
20133461,23.688,16.768,537,43800,0.13672,1,1,209435,208898,537
20143681,370.338,460.954,422,30660,0.227344,0.07,1,209892,209470,422
20183101,170.068,185.791,425,30660,0.0934688,0.09,1,210012,209587,425
20186021,82.8135,46.7581,474,32120,0.106694,0.11,1,210073,209599,474
20188941,82.9627,84.5516,463,33580,0.397339,0.13,1,210156,209693,463
20191861,48.5925,44.9103,468,33580,0.439468,0.11,1,210196,209728,468
20194781,31.3185,43.3821,452,33580,0.543894,0.09,1,210223,209771,452
20197701,7.8637,30.2764,427,33580,0.532779,0.09,1,210225,209798,427
20200621,16.7727,22.0553,426,33580,0.594556,0.19,1,210244,209818,426
20203541,28.9545,23.6111,434,35040,0.606911,0.23,1,210276,209842,434
20206461,17.7909,18.3222,432,35040,0.673382,0.21,1,210291,209859,432
20209381,30.7582,15.6644,451,35040,0.734676,0.09,1,210325,209874,451
20212301,56.5516,58.3329,445,35040,0.794935,0.06,2,210388,209943,445
20320341,166,110,534,27740,0.21,1,1,212006,211472,534
20323261,126,124.4,522,29200,0.162,1,1,212122,211600,522
20326181,54.8,63.28,511,30660,0.2004,1,1,212159,211648,511
20329101,44.56,63.056,490,32120,0.30408,0.9,1,212201,211711,490
20332021,21.712,31.8112,482,33580,0.324816,0.88,1,212217,211735,482
20334941,13.1424,19.9622,476,33580,0.408963,0.96,1,212228,211752,476
20337861,21.8285,16.7924,484,33580,0.345793,0.87,1,212252,211768,484
20340781,15.5657,30.5585,464,33580,0.381159,0.75,1,212266,211802,464
20343701,29.5131,36.5117,459,33580,0.484232,0.75,1,212299,211840,459
20346621,115.503,7.30234,596,33580,0.760846,0.21,2,212436,211840,596
20349541,24.7005,134.26,432,33580,0.864169,0.15,2,212438,212006,432
20486781,34,42,488,27740,0.55,0.97,1,214438,213950,488
20489701,77.2,58,514,29200,0.486,1,1,214526,214012,514
20492621,67.44,56.4,523,30660,0.3932,0.91,1,214591,214068,523
20495541,41.488,66.48,489,32120,0.47064,1,1,214626,214137,489
20498461,32.2976,39.696,486,33580,0.502128,1,1,214656,214170,486
20501381,29.6595,34.3392,482,33580,0.620426,0.89,1,214685,214203,482
20504301,24.3319,32.4678,473,33580,0.612085,0.77,1,214708,214235,473
20507221,10.4664,23.2936,459,33580,0.706417,0.53,1,214715,214256,459
20632781,43,46,492,27740,0.23,1,1,216590,216098,492
20635701,52.6,50,496,29200,0.246,0.85,1,216645,216149,496
20638621,105.72,48.4,567,30660,0.4252,0.33,1,216764,216197,567
20641541,43.544,127.28,448,32120,0.50904,0.17,1,216792,216344,448
20644461,31.9088,52.656,443,32120,0.493808,0.05,1,216821,216378,443
20647381,29.5818,36.9312,439,33580,0.698762,0.01,1,216850,216411,439
20650301,31.5164,33.7862,438,33580,0.755752,0,2,216882,216444,438
20653221,22.3033,33.9572,424,33580,0.68715,0.15,1,216902,216478,424
20656141,65.2607,61.9914,431,33580,0.78543,0.15,2,216978,216547,431
20659061,45.0521,12.3983,471,33580,0.853086,0.23,2,217018,216547,471
20661981,10.6104,36.8797,430,33580,0.898617,0.25,2,217020,216590,430
20775861,45,33,514,36500,0.75,1,2,218713,218199,514
20778781,30.6,29.8,512,36500,0.782,1,2,218740,218228,512
20781701,33.32,19.56,529,36500,0.7564,1,2,218774,218245,529
20784621,28.264,25.512,529,36500,0.75128,1,2,218801,218272,529
20787541,23.2528,32.3024,517,36500,0.750256,1,2,218823,218306,517
20790461,25.4506,32.0605,511,36500,0.686051,1,1,218849,218338,511
20793381,32.2901,30.4121,515,36500,0.67321,1,1,218883,218368,515
20796301,34.458,28.4824,522,36500,0.686642,1,1,218918,218396,522
20799221,33.2916,41.6965,510,36500,0.737328,0.85,1,218951,218441,510
20802141,27.4583,34.7393,503,36500,0.651466,1,1,218977,218474,503
20805061,95.0917,32.5479,583,36500,0.826293,0.9,2,219089,218506,583
20807981,55.8183,101.71,510,36500,0.893259,0.87,2,219135,218625,510
20810901,43.1637,54.7419,507,36500,0.922652,0.75,2,219175,218668,507
20813821,23.8327,46.9484,481,36500,0.92853,0.79,2,219194,218713,481
20972961,57,49,496,29200,0.51,0.98,1,221324,220828,496
20975881,96.2,43.4,560,30660,0.574,0.67,1,221430,220870,560
20978801,55.24,103.08,487,32120,0.6028,0.47,1,221475,220988,487
20981721,57.448,92.616,455,33580,0.75256,0.37,2,221533,221078,455
21072241,32,29,508,39420,0.67,1,1,222722,222214,508
21075161,30.4,33.8,503,39420,0.59,1,1,222752,222249,503
21078081,47.68,6.76,555,39420,0.478,1,1,222804,222249,555
21081001,59.936,78.952,521,39420,0.2796,1,1,222867,222346,521
21083921,40.7872,43.7904,522,39420,0.25592,1,1,222903,222381,522
21086841,36.1574,34.3581,525,39420,0.187184,1,1,222938,222413,525
21089761,29.6315,30.0716,524,39420,0.205437,1,1,222966,222442,524
21092681,29.9263,35.6143,517,39420,0.145087,1,1,222996,222479,517
21095601,28.3853,34.3229,511,39420,0.261017,1,1,223024,222513,511
21098521,36.8771,39.6646,509,39420,0.316203,1,1,223063,222554,509
21101441,34.5754,36.7329,507,39420,0.247241,0.94,1,223097,222590,507
21104361,25.3151,34.5466,496,39420,0.265448,0.83,1,223120,222624,496
21107281,28.263,32.5093,493,39420,0.25309,0.83,1,223149,222656,493
21110201,28.0526,33.7019,487,39420,0.282618,0.67,1,223177,222690,487
21113121,23.2105,32.3404,477,39420,0.320524,0.57,1,223199,222722,477
21116041,40.6421,30.4681,492,39420,0.392105,0.45,1,223244,222752,492
21118961,50.5284,47.6936,493,39420,0.502421,0.23,1,223297,222804,493
21121881,40.5057,59.9387,468,39420,0.524484,0.25,1,223335,222867,468
21124801,33.7011,40.7877,464,39420,0.576897,0.17,1,223367,222903,464
21127721,29.1402,36.1575,457,39420,0.635379,0.21,1,223395,222938,457
21130641,33.828,29.6315,464,39420,0.679076,0.13,1,223430,222966,464
21133561,29.9656,29.9263,463,39420,0.767815,0.29,2,223459,222996,463
21136481,36.3931,28.3853,473,39420,0.881563,0.33,2,223497,223024,473
21139401,33.6786,36.8771,467,39420,0.920313,0.23,2,223530,223063,467
21232841,49,44,532,39420,0.87,1,2,224681,224149,532
21235761,53,59.2,523,39420,0.854,1,2,224735,224212,523
21238681,40.2,46.24,517,39420,0.8028,1,2,224772,224255,517
21241601,35.24,34.848,519,39420,0.77656,1,2,224806,224287,519
21244521,35.848,31.7696,524,39420,0.691312,1,1,224842,224318,524
21247441,35.1696,39.1539,518,39420,0.642262,1,1,224877,224359,518
21250361,34.2339,29.4308,525,39420,0.568452,1,1,224911,224386,525
21253281,47.6468,41.0862,532,39420,0.569691,1,1,224962,224430,532
21256201,26.3294,45.0172,507,40880,0.505938,1,1,224983,224476,507
21259121,30.8659,34.6034,507,40880,0.509188,1,1,225015,224508,507
21262041,30.9732,29.3207,510,40880,0.493838,1,1,225046,224536,510
21264961,28.5946,33.0641,504,40880,0.490768,0.92,1,225074,224570,504
21267881,25.7189,34.6128,494,40880,0.554154,0.95,1,225099,224605,494
21270801,44.3438,28.5226,516,40880,0.630831,0.87,1,225148,224632,516
21273721,46.4688,44.9045,514,40880,0.726166,0.85,1,225195,224681,514
21276641,34.8938,52.1809,492,40880,0.745233,0.79,1,225227,224735,492
21279561,32.5788,40.0362,487,40880,0.797047,0.77,2,225259,224772,487
21412421,46,52,456,36500,0.67,0.63,1,227208,226752,456
21416801,44.4,48.8,452,36500,0.75,0.51,2,227252,226800,452
21422641,44.08,50.56,445,36500,0.814,0.47,2,227296,226851,445
21454761,35.216,39.712,441,36500,0.9228,0.45,2,227329,226888,441
21543821,63,69,468,30660,0.01,0.63,1,228627,228159,468
21552581,222.2,241.8,445,30660,0.026,0,1,228889,228444,445
21556961,153.24,175.56,422,32120,0.1732,0.03,1,229025,228603,422
21589081,109.048,114.312,421,32120,0.41064,0.01,1,229123,228702,421
21592001,58.6096,39.6624,446,33580,0.586128,0.01,1,229169,228723,446
21594921,70.1219,37.5325,482,35040,0.797226,0.11,2,229242,228760,482
21597841,30.8244,64.3065,432,35040,0.839445,0.05,2,229263,228831,432
21600761,34.1649,32.8613,442,35040,0.879889,0.03,2,229298,228856,442
21711721,33,25,518,39420,0.71,1,1,230747,230229,518
21714641,33.8,29,522,39420,0.63,1,1,230781,230259,522
21717561,31.56,36.2,515,39420,0.63,1,1,230812,230297,515
21720481,28.712,31.24,513,39420,0.63,1,1,230840,230327,513
21723401,32.1424,27.848,519,39420,0.614,1,1,230873,230354,519
21726321,37.6285,33.5696,523,39420,0.6268,1,1,230912,230389,523
21729241,28.3257,37.1139,511,39420,0.58136,1,1,230938,230427,511
21732161,40.0651,31.4228,524,39420,0.652272,1,1,230981,230457,524
21735081,54.413,44.6846,534,39420,0.714454,1,1,231039,230505,534
21738001,39.6826,56.9369,510,39420,0.806891,0.99,2,231075,230565,510
21740921,38.3365,39.3874,513,39420,0.825378,1,2,231113,230600,513
21743841,32.4673,42.2775,501,39420,0.861076,0.9,2,231144,230643,501
21746761,29.6935,38.0555,493,39420,0.900215,0.79,2,231173,230680,493
21878161,60,42,474,27740,0.25,0.57,1,232915,232441,474
21881081,56.8,50.8,477,29200,0.33,0.35,1,232971,232494,477
21884001,72.16,81.36,464,30660,0.538,0.27,1,233047,232583,464
21886921,43.232,53.872,453,32120,0.6756,0.23,1,233083,232630,453
21889841,31.0464,38.7744,446,33580,0.68712,0.23,1,233111,232665,446
21892761,40.6093,34.9549,455,35040,0.817424,0.21,2,233154,232699,455
21895681,35.3219,40.591,447,35040,0.843485,0.25,2,233188,232741,447
21898601,53.4644,26.5182,482,35040,0.896697,0.21,2,233246,232764,482
22297181,77,92,463,18980,0.17,0.45,1,243443,242980,463
22300101,44.2,49.6,460,18980,0.234,0.35,1,243479,243019,460
22303021,33.64,40.32,453,18980,0.2788,0.25,1,243510,243057,453
22305941,25.928,32.864,446,18980,0.31976,0.23,1,243534,243088,446
22308861,14.7856,28.1728,431,18980,0.343952,0.01,1,243546,243115,431
22371641,43,99,511,18980,0.49,1,1,245331,244820,511
22374561,55.8,53.4,528,18980,0.394,1,1,245390,244862,528
22377481,40.76,42.68,525,18980,0.3748,1,1,245427,244902,525
22380401,34.552,35.736,524,18980,0.29096,1,1,245460,244936,524
22383321,153.31,35.1472,672,18980,0.258192,0.87,1,245643,244971,672
22386241,106.662,175.029,557,18980,0.507638,0.53,1,245738,245181,557
22389161,51.7324,120.606,488,20440,0.717528,0.49,1,245776,245288,488
22392081,52.7465,58.5212,498,20440,0.839506,0.37,2,245829,245331,498
22450481,65,86,527,29200,0.25,1,1,247191,246664,527
22453401,43.4,51.6,522,30660,0.186,1,1,247229,246707,522
22456321,36.68,37.52,523,30660,0.1412,1,1,247264,246741,523
22459241,31.336,37.104,516,30660,0.18024,1,1,247294,246778,516
22460701,32.6672,37.8208,511,30660,0.140048,1,1,247327,246816,511
22494281,371.333,441.164,425,20440,0.66001,0.21,1,247783,247358,425
22583341,27,16,440,21900,0.51,0.15,1,249655,249215,440
22586261,19.8,26.4,429,23360,0.606,0.27,1,249673,249244,429
22589181,150.36,133.28,452,23360,0.7852,0.34,2,249856,249404,452
22592101,88.472,85.056,452,23360,0.90104,0.37,2,249929,249477,452
22595021,76.0944,69.8112,459,23360,0.924208,0.45,2,250002,249543,459
22673861,47,48,514,24820,0.81,1,2,251536,251022,514
22676781,42.2,40.8,516,24820,0.778,1,2,251577,251061,516
22679701,41.24,36.96,521,24820,0.8516,1,2,251618,251097,521
22682621,104.248,25.792,618,24820,0.81832,1,2,251738,251120,618
22685541,95.2496,113.158,576,24820,0.731664,1,1,251831,251255,576
22688461,51.8499,105.832,513,24820,0.634333,1,1,251872,251359,513
22691381,42.37,55.5663,510,24820,0.646867,0.85,1,251912,251402,510
22694301,39.674,49.5133,501,24820,0.665373,0.79,1,251951,251450,501
22697221,43.1348,41.1027,506,24820,0.733075,0.81,1,251995,251489,506
22700141,43.027,45.8205,502,24820,0.762615,0.77,2,252038,251536,502
22703061,43.0054,41.9641,504,24820,0.768523,0.87,2,252081,251577,504
22802341,37,40,520,35040,0.67,1,1,253913,253393,520
22805261,33,48,502,35040,0.622,1,1,253945,253443,502
22808181,30.6,23.2,515,36500,0.5964,1,1,253975,253460,515
22811101,34.12,25.44,524,36500,0.54328,1,1,254010,253486,524
22814021,78.024,97.088,498,36500,0.484656,1,1,254099,253601,498
22816941,45.2048,19.4176,535,36500,0.600931,1,1,254136,253601,535
22819861,57.841,31.0835,562,37960,0.800186,0.96,2,254197,253635,562
22958561,138,145,467,32120,0.49,0.97,1,256006,255539,467
22961481,46.8,41,476,33580,0.506,0.87,1,256030,255554,476
22964401,29.36,33.8,469,35040,0.4932,0.63,1,256055,255586,469
22967321,72.272,39.56,511,36500,0.49064,0.49,1,256138,255627,511
22970241,68.8544,78.312,491,37960,0.666128,0.55,1,256206,255715,491
22973161,73.7709,92.4624,470,37960,0.813226,0.45,2,256281,255811,470
23072441,162,211,433,29200,0.29,0.01,1,257878,257445,433
23078281,122.8,142.2,421,30660,0.242,0.03,1,257991,257570,421
23082661,90.16,94.04,421,30660,0.2324,0.09,1,258073,257652,421
23111861,121.232,119.608,424,32120,0.37448,0.13,1,258202,257778,424
23114781,60.2464,36.7216,453,30660,0.418896,0.19,1,258247,257794,453
23117701,67.2493,36.1443,486,29200,0.395779,0.29,1,258316,257830,486
23120621,31.8499,45.6289,461,27740,0.279156,0.39,1,258339,257878,461
23123541,31.17,35.5258,459,26280,0.303831,0.39,1,258370,257911,459
23126461,35.834,37.5052,458,24820,0.308766,0.23,1,258407,257949,458
23129381,41.5668,41.101,459,23360,0.389753,0.25,1,258450,257991,459
23132301,37.9134,41.0202,455,21900,0.373951,0.29,1,258487,258032,455
23135221,9.18267,25.004,436,21900,0.37079,0.23,1,258489,258053,436
23138141,17.0365,21.0008,435,21900,0.370158,0.35,1,258508,258073,435
23141061,64.2073,59.4002,442,21900,0.322032,0.41,1,258584,258142,442
23143981,63.2415,41.48,468,21900,0.328406,0.43,1,258647,258179,468
23146901,97.4483,62.696,506,21900,0.441681,0.25,1,258753,258247,506
23149821,61.0897,86.1392,466,23360,0.560336,0.31,1,258805,258339,466
23152741,79.4179,71.6278,482,23360,0.616067,0.37,1,258889,258407,482
23155661,47.0836,78.3256,441,23360,0.707213,0.37,1,258928,258487,441
23158581,21.4167,17.2651,454,24820,0.741443,0.37,1,258943,258489,454
23161501,67.4833,18.653,514,24820,0.780289,0.31,2,259022,258508,514
23164421,65.4967,64.5306,503,24820,0.852058,0.33,2,259087,258584,503
23167341,103.499,63.3061,553,24820,0.898412,0.47,2,259200,258647,553
23170261,22.2999,97.4612,449,24820,0.907682,0.59,2,259202,258753,449
23173181,49.26,61.0922,453,24820,0.893537,0.63,2,259258,258805,453
23176101,77.052,79.4185,453,24820,0.906707,0.73,2,259342,258889,453
23179021,51.4104,47.0837,459,24820,0.925341,0.73,2,259387,258928,459
23360061,65,36,559,33580,0.45,1,1,262717,262158,559
23362981,49,56,543,35040,0.226,1,1,262762,262219,543
23365901,43.4,56,529,35040,0.0692,1,1,262804,262275,529
23368821,39.08,40.8,530,36500,0.01384,1,1,262842,262312,530
23370281,42.216,36.16,538,36500,0.042768,1,1,262885,262347,538
23409701,377.243,468.032,423,24820,0.160554,0.01,1,263346,262923,423
23412621,140.249,140.006,446,26280,0.248111,0.03,1,263427,262981,446
23415541,93.6497,68.8013,477,27740,0.585622,0.23,1,263509,263032,477
23418461,84.3299,74.5603,483,29200,0.877124,0.27,2,263591,263108,483
23536721,514,595,453,24820,0.23,0.33,1,265265,264812,453
23539641,181.2,203,446,26280,0.23,0.07,1,265363,264917,446
23542561,89.84,83.8,459,27740,0.486,0.05,1,265430,264971,459
23545481,79.568,77.56,460,29200,0.6332,0.05,1,265507,265047,460
23548401,62.3136,60.312,462,30660,0.80664,0.09,2,265565,265103,462
23551321,41.2627,43.2624,459,32120,0.873328,0.03,2,265601,265142,459
23782001,74,54,497,26280,0.41,0.59,1,269305,268808,497
23784921,93.2,70,521,27740,0.65,0.41,1,269403,268882,521
23852081,41,37,517,29200,0.81,1,2,270577,270060,517
23853541,39.4,30.6,527,29200,0.714,1,1,270616,270089,527
23885661,399.08,460.52,448,20440,0.8708,0.49,2,271105,270657,448
23963041,59,67,483,23360,0.23,0.13,1,272705,272222,483
23965961,127.8,157.4,448,24820,0.39,0.09,1,272850,272402,448
23968881,47.96,65.88,433,26280,0.406,0.03,1,272878,272445,433
23971801,66.392,61.176,444,26280,0.4732,0,1,272949,272505,444
23974721,44.4784,48.2352,438,26280,0.50264,0,1,272988,272550,438
23977641,34.4957,35.247,438,26280,0.492528,0.01,1,273020,272582,438
23980561,49.2991,19.8494,475,26280,0.730506,0.09,1,273073,272598,475
23983481,11.4598,42.3699,429,27740,0.746101,0.23,1,273075,272646,429
23986401,54.292,55.674,435,27740,0.68522,0.23,1,273140,272705,435
23989321,130.058,11.1348,584,27740,0.657044,0.43,1,273289,272705,584
23992241,27.6117,118.227,441,27740,0.651409,0.41,1,273291,272850,441
23995161,32.7223,46.0454,447,27740,0.634282,0.49,1,273325,272878,447
23998081,63.3445,66.0091,447,27740,0.486856,0.51,1,273396,272949,447
24001001,47.0689,44.4018,451,27740,0.489371,0.49,1,273439,272988,451
24003921,34.2138,34.4804,450,27740,0.489874,0.79,1,273470,273020,450
24006841,53.2428,49.2961,455,27740,0.521975,0.79,1,273528,273073,455
24009761,12.2486,9.85921,457,29200,0.544395,0.75,1,273530,273073,457
24012681,55.2497,3.57184,521,29200,0.564879,0.67,1,273596,273075,521
24015601,127.85,52.7144,602,29200,0.536976,0.65,1,273742,273140,602
24018521,27.17,129.743,455,29200,0.547395,0.65,1,273744,273289,455
24021441,33.434,27.5486,488,29200,0.565479,0.63,1,273779,273291,488
24024361,53.8868,32.7097,513,29200,0.585096,0.45,1,273838,273325,513
24027281,48.3774,63.3419,489,29200,0.573019,0.49,1,273885,273396,489
24030201,32.8755,47.0684,475,29200,0.698604,0.49,1,273914,273439,475
24033121,54.5751,34.2137,504,29200,0.787721,0.53,2,273974,273470,504
24036041,12.515,53.2427,448,29200,0.773544,0.55,2,273976,273528,448
24038961,4.103,12.2485,448,29200,0.770709,0.57,2,273978,273530,448
24041881,53.6206,55.2497,448,29200,0.770142,0.53,2,274044,273596,448
24044801,128.324,127.85,449,29200,0.834028,0.55,2,274191,273742,449
24047721,27.2648,27.17,449,29200,0.846806,0.57,2,274193,273744,449
24050641,36.653,33.434,453,29200,0.865361,0.59,2,274232,273779,453
24053561,53.7306,53.8868,452,29200,0.853072,0.57,2,274290,273838,452
24056481,50.7461,48.3774,455,29200,0.930614,0.73,2,274340,273885,455
24279861,68,91,436,27740,0.15,0.05,1,278278,277842,436
24291541,60,76.6,421,27740,0.214,0.01,1,278336,277915,421
24317821,183.2,184.92,423,27740,0.4828,0.03,1,278550,278127,423
24320741,75.04,48.984,456,29200,0.60056,0.07,1,278598,278142,456
24323661,45.408,64.1968,426,30660,0.784112,0.11,2,278636,278210,426
24731001,132,33,616,24820,0.23,1,1,285874,285258,616
24733921,71.2,128.2,520,24820,0.054,1,1,285930,285410,520
24736841,75.04,57.64,556,24820,0.0188,1,1,286006,285450,556
24739761,55.008,76.328,525,24820,0.05976,1,1,286056,285531,525
24742681,39.0016,47.2656,520,24820,0.115952,1,1,286091,285571,520
24745601,37.4003,40.6531,518,24820,0.12719,1,1,286128,285610,518
24748521,38.6801,40.9306,516,24820,0.145438,0.92,1,286167,285651,516
24751441,36.536,41.7861,510,24820,0.181088,0.93,1,286203,285693,510
24754361,86.5072,47.5572,560,24820,0.492218,0.23,1,286302,285742,560
24757281,56.5014,115.111,477,24820,0.570444,0.01,1,286351,285874,477
24760201,72.9003,67.8223,498,24820,0.474089,0.01,1,286428,285930,498
24763121,57.7801,74.3645,476,24820,0.630818,0.07,1,286482,286006,476
24766041,40.356,54.8729,462,24820,0.726164,0.13,1,286518,286056,462
24768961,36.0712,38.9746,462,24820,0.697233,0.13,1,286553,286091,462
24771881,40.0142,37.3949,466,24820,0.803447,0.15,2,286594,286128,466
24841961,40,39,519,26280,0.81,1,2,288001,287482,519
24844881,48,44.6,523,27740,0.794,1,2,288051,287528,523
24847801,111.2,47.32,602,27740,0.6468,1,1,288178,287576,602
24850721,53.44,109.464,516,27740,0.53736,1,1,288217,287701,516
24853641,29.888,53.0928,501,27740,0.547472,1,1,288241,287740,501
24856561,60.3776,75.4186,488,29200,0.565494,1,1,288309,287821,488
24859481,37.6755,49.4837,477,29200,0.505099,0.94,1,288341,287864,477
24862401,48.3351,57.0967,469,29200,0.57302,0.85,1,288392,287923,469
24865321,36.867,41.8193,465,29200,0.522604,0.81,1,288426,287961,465
24868241,35.3734,40.3639,460,29200,0.624521,0.81,1,288461,288001,460
24871161,45.4747,8.07277,508,30660,0.756904,0.79,2,288509,288001,508
25046361,2,0,425,8760,0.57,0.57,1,292814,292389,425
25094541,35,35,474,14600,0.61,0.69,1,294771,294297,474
25097461,33.4,39,467,16060,0.674,0.61,1,294804,294337,467
25100381,25.88,33.4,459,17520,0.7348,0.49,1,294828,294369,459
25157321,44,39,484,14600,0.73,0.81,1,296741,296257,484
25160241,40,45.4,476,16060,0.842,0.61,2,296780,296304,476
25199661,107,113,481,17520,0.43,1,1,298103,297622,481
25202581,58.2,53,489,17520,0.43,1,1,298149,297660,489
25205501,46.84,37,500,17520,0.43,1,1,298193,297693,500
25208421,39.768,37.8,500,17520,0.526,0.89,1,298231,297731,500
25211341,144.754,174.76,462,17520,0.5932,0.71,1,298402,297940,462
25214261,68.1507,79.752,455,17520,0.67064,0.43,1,298451,297996,455
25217181,93.6301,101.55,448,17520,0.846128,0.43,2,298551,298103,448
25220101,53.126,57.1101,445,17520,0.929226,0.43,2,298594,298149,445
25266821,61,69,502,18980,0.49,1,1,299913,299411,502
25269741,67.4,92.2,473,18980,0.346,0.96,1,299982,299509,473
25272661,59.08,55.24,484,20440,0.3812,1,1,300039,299555,484
25275581,55.016,56.648,481,20440,0.24424,0.96,1,300093,299612,481
25278501,38.2032,48.1296,469,20440,0.200848,0.96,1,300127,299658,469
25281421,143.641,9.62592,639,20440,0.33617,0.49,1,300297,299658,639
25284341,76.7281,157.125,505,21900,0.491234,0.49,1,300357,299852,505
25287261,65.7456,80.225,507,21900,0.682247,0.31,1,300420,299913,507
25290181,14.7491,71.245,440,23360,0.688449,0.39,1,300422,299982,440
25388001,290,318,421,23360,0.73,0.01,1,302306,301885,421
25390921,59.6,64.4,422,24820,0.73,0.01,1,302308,301886,422
25393841,48.72,41.68,432,26280,0.874,0.05,2,302354,301922,432
25487281,63,85,470,24820,0.19,0.41,1,304022,303552,470
25490201,95,75.4,500,26280,0.27,0.09,1,304125,303625,500
25493121,53.4,97.48,440,26280,0.43,0.09,1,304168,303728,440
25496041,51.48,59.496,441,26280,0.606,0.05,1,304219,303778,441
25498961,32.696,42.2992,431,26280,0.8012,0.03,2,304247,303816,431
25501881,32.1392,31.6598,434,26280,0.80824,0.05,2,304279,303845,434
25504801,15.2278,24.732,422,26280,0.857648,0.03,2,304290,303868,422
25607001,50,41,514,26280,0.67,1,1,306257,305743,514
25609921,40.4,44.2,507,26280,0.734,1,1,306295,305788,507
25612841,47.28,56.04,497,26280,0.7148,1,1,306344,305847,497
25615761,47.056,60.008,483,26280,0.69496,1,1,306391,305908,483
25618681,47.8112,48.0016,486,26280,0.770992,1,2,306439,305953,486
25621601,66.3622,71.2003,480,26280,0.770198,0.94,2,306510,306030,480
25624521,41.2724,51.8401,468,26280,0.75404,0.88,2,306545,306077,468
25627441,57.0545,60.768,466,26280,0.894808,0.85,2,306606,306140,466
25736941,508,578,461,23360,0.55,0.63,1,308411,307950,461
25823081,51,70,478,24820,0.15,0.51,1,309984,309506,478
25826001,92.6,83.6,494,24820,0.214,0.07,1,310087,309593,494
25828921,57.72,94.32,446,26280,0.2908,0.01,1,310136,309690,446
25831841,51.544,56.464,449,26280,0.30616,0.03,1,310186,309737,449
25834761,43.1088,48.8928,443,26280,0.405232,0.01,1,310227,309784,443
25837681,39.0218,38.5786,445,26280,0.505046,0.01,1,310265,309820,445
25840601,19.0044,37.3157,422,26280,0.589009,0.01,1,310279,309857,422
25843521,65.4009,68.2631,423,26280,0.813802,0.01,2,310356,309933,423
25846441,57.8802,13.6526,479,26280,0.89076,0.15,2,310412,309933,479
25910681,48,42,518,26280,0.37,1,1,311652,311134,518
25912141,36.8,43.6,508,26280,0.322,1,1,311686,311178,508
25941341,383.36,449.52,427,17520,0.4084,0.05,1,312156,311729,427
25944261,161.472,147.504,461,18980,0.63368,0.21,1,312262,311801,461
26018721,22,26,463,18980,0.55,0.75,1,314061,313598,463
26021641,60.4,23.6,510,20440,0.71,0.41,1,314131,313621,510
26091721,101,182,498,20440,0.23,0.05,1,315797,315299,498
26094641,55.4,115.6,443,21900,0.326,0.05,1,315841,315398,443
26097561,50.28,58.32,448,23360,0.3932,0.13,1,315890,315442,448
26100481,40.456,46.064,443,24820,0.50264,0.05,1,315928,315485,443
26103401,39.2912,41.2128,442,24820,0.604528,0.01,1,315967,315525,442
26179321,117,69,554,20440,0.25,0.39,1,317670,317116,554
26182241,57.8,121.8,462,21900,0.202,0.33,1,317713,317251,462
26185161,39.56,60.36,452,23360,0.2564,0.13,1,317748,317296,452
26188081,40.712,52.072,443,24820,0.39528,0,1,317789,317346,443
26191001,39.3424,44.0144,440,24820,0.407056,0.03,1,317828,317388,440
26193921,125.468,23.2029,569,24820,0.825411,0.07,2,317975,317406,569
26196841,26.6937,122.241,424,24820,0.909082,0.25,2,317977,317553,424
26265461,147,147,588,20440,0.39,0.67,1,319537,318949,588
26268381,63.8,152.6,477,21900,0.534,0.63,1,319580,319103,477
26271301,43.96,65.72,472,23360,0.6268,0.51,1,319619,319147,472
26274221,36.792,47.544,464,24820,0.72536,0.39,1,319654,319190,464
26450881,523,594,450,17520,0.29,0.33,1,323502,323052,450
26453801,167.8,174.8,459,18980,0.498,0.21,1,323581,323122,459
26529721,45,18,454,18980,0.61,0.11,1,325402,324948,454
26532641,25.8,44.4,424,20440,0.61,0.11,1,325423,324999,424
26535561,45.16,28.08,450,21900,0.786,0.23,2,325473,325023,450
26610021,114,85,498,20440,0.77,0.13,2,327262,326764,498
26747261,53,0,581,24820,0.73,1,1,330325,329744,581
26748721,45.8,25.6,593,26280,0.762,1,2,330369,329776,593
26777921,406.76,516.32,451,17520,0.7524,0.45,2,330866,330415,451
26921001,138,93,524,18980,0.73,0.01,1,334563,334039,524
26923921,70,121,449,20440,0.794,0.13,2,334616,334167,449
26982321,53,45,493,20440,0.87,1,2,336049,335556,493
26985241,45,33.8,505,20440,0.822,1,2,336092,335587,505
26988161,41,37.16,507,20440,0.8284,1,2,336132,335625,507
26991081,34.6,36.232,504,20440,0.78168,0.96,2,336165,335661,504
26994001,47.72,46.4464,506,20440,0.788336,0.94,2,336216,335710,506
26996921,107.144,135.689,470,20440,0.725667,0.89,1,336338,335868,470
26999841,121.429,129.538,467,20440,0.777133,0.87,2,336463,335996,467
27002761,65.0858,68.3076,465,20440,0.819427,0.81,2,336514,336049,465
27005681,47.4172,48.0615,465,20440,0.875885,0.83,2,336557,336092,465
27156061,77,91,467,23360,0.29,0.01,1,339827,339360,467
27179421,196.2,235.8,421,23360,0.354,0.01,1,340053,339632,421
27182341,80.04,64.76,450,24820,0.4308,0.05,1,340104,339654,450
27185261,73.608,89.752,426,26280,0.68616,0.11,1,340176,339750,426
27284541,147,165,421,23360,0.57,0.03,1,341987,341566,421
27287461,68.6,53,445,24820,0.586,0.05,1,342036,341591,445
27290381,32.92,28.2,447,24820,0.6372,0.07,1,342060,341613,447
27357541,57,47,547,27740,0.23,1,1,343365,342818,547
27360461,49.8,61.4,530,27740,0.086,1,1,343413,342883,530
27363381,46.76,46.68,533,27740,0.0412,1,1,343459,342926,533
27366301,40.552,54.936,515,27740,0.01624,1,1,343498,342983,515
27369221,67.3104,47.7872,543,27740,0.043248,1,1,343572,343029,543
27372141,41.4621,56.7574,519,27740,0.0806496,1,1,343607,343088,519
27375061,48.2924,46.5515,525,27740,0.18413,0.96,1,343657,343132,525
27377981,52.8585,51.7103,526,27740,0.300826,0.73,1,343711,343185,526
27380901,40.9717,66.3421,494,27740,0.292165,0.43,1,343749,343255,494
27383821,44.9943,55.6684,487,27740,0.530433,0.23,1,343795,343308,487
27386741,43.3989,56.7337,473,27740,0.690087,0.05,1,343838,343365,473
27389661,43.0798,49.7467,468,27740,0.802017,0.03,2,343881,343413,468
27392581,39.816,46.7493,461,27740,0.872404,0.01,2,343920,343459,461
27453901,50,44,534,29200,0.41,1,1,345036,344502,534
27456821,48.4,50.4,530,29200,0.282,1,1,345084,344554,530
27459741,55.28,62.08,522,29200,0.0644,1,1,345141,344619,522
27462661,52.656,51.616,525,29200,0.02088,1,1,345193,344668,525
27465581,56.1312,48.7232,534,29200,0.028176,1,1,345250,344716,534
27468501,44.0262,50.5446,524,30660,0.157635,1,1,345291,344767,524
27471421,42.4052,46.1089,521,30660,0.167527,1,1,345333,344812,521
27474341,27.6811,51.6218,492,30660,0.201505,0.94,1,345357,344865,492
27477261,47.9362,70.3244,470,30660,0.224301,0.87,1,345410,344940,470
27480181,36.7872,50.8649,458,30660,0.25286,0.41,1,345444,344986,458
27483101,35.3574,50.173,443,30660,0.250572,0.25,1,345479,345036,443
27486021,36.6715,48.4346,432,32120,0.314114,0.01,1,345516,345084,432
27488941,44.9343,55.2869,422,32120,0.486823,0.01,1,345563,345141,422
27491861,51.3869,52.6574,423,32120,0.425365,0.03,1,345616,345193,423
27494781,57.4774,56.1315,425,32120,0.461073,0.03,1,345675,345250,425
27497701,47.4955,11.2263,470,33580,0.500215,0.19,1,345720,345250,470
27500621,42.2991,35.0453,470,33580,0.716043,0.17,1,345761,345291,470
27503541,30.0598,40.6091,455,33580,0.839209,0.21,2,345788,345333,455
27595521,84,95,446,30660,0.25,0.21,1,347503,347057,446
27599901,57.6,73.4,429,30660,0.282,0.05,1,347554,347125,429
27604281,66.72,73.88,424,30660,0.4964,0.07,1,347623,347199,424
27608661,28.544,30.776,423,30660,0.63528,0.07,1,347642,347219,423
27633481,30.5088,30.9552,423,30660,0.711056,0.07,1,347673,347250,423
27636401,39.7018,21.391,446,32120,0.870211,0.11,2,347715,347269,446
27716701,38,43,471,27740,0.51,0.91,1,349345,348874,471
27722541,17.2,23.8,464,27740,0.542,0.81,1,349357,348893,464
27725461,36.24,45.56,454,27740,0.5164,0.63,1,349398,348944,454
27728381,64.048,65.912,454,27740,0.55928,0.57,1,349469,349015,454
27738601,28.0096,34.7824,446,27740,0.663856,0.23,1,349488,349042,446
27848101,212,255,428,21900,0.63,0.15,1,351308,350880,428
27915261,49,45,525,26280,0.59,1,1,352652,352127,525
27916721,47.4,41,532,26280,0.51,1,1,352699,352167,532
27945921,398.28,473,437,17520,0.414,0.07,1,353185,352748,437
27948841,209.256,192.2,477,18980,0.8108,0.05,2,353347,352870,477
28106521,264,321,421,17520,0.53,0.01,1,356958,356537,421
28109441,96.8,85.8,449,18980,0.546,0.01,1,357013,356564,449
28112361,91.36,39.56,511,20440,0.8372,0.21,2,357103,356592,511
28164921,56,41,537,26280,0.33,1,1,358300,357763,537
28167841,56.8,50.6,541,26280,0.074,1,1,358357,357816,541
28170761,44.96,38.12,548,26280,0.0388,1,1,358399,357851,548
28173681,44.992,47.624,543,26280,0.03176,1,1,358444,357901,543
28176601,48.9984,51.1248,541,26280,0.014352,1,1,358494,357953,541
28179521,35.3997,54.225,518,26280,0.0268704,1,1,358526,358008,518
28182441,36.6799,51.645,504,26280,0.0293741,0.9,1,358563,358059,504
28185361,80.936,113.529,467,26280,0.141875,0.65,1,358655,358188,467
28188281,48.9872,67.5058,452,26280,0.260375,0.33,1,358696,358244,452
28191201,41.7974,58.3012,436,26280,0.412075,0.01,1,358736,358300,436
28194121,42.7595,57.2602,422,26280,0.474415,0.03,1,358779,358357,422
28197041,42.9519,45.052,423,26280,0.486883,0.03,1,358822,358399,423
28199961,45.3904,45.0104,424,26280,0.601377,0.01,1,358868,358444,424
28202881,47.4781,49.0021,422,26280,0.768275,0.03,2,358916,358494,422
28205801,35.8956,35.4004,423,26280,0.753655,0.03,2,358949,358526,423
28275881,54,59,504,26280,0.55,1,1,360284,359780,504
28278801,43.6,50.2,497,26280,0.502,1,1,360325,359828,497
28281721,52.72,50.84,501,26280,0.3484,1,1,360380,359879,501
28284641,46.544,47.768,499,27740,0.23768,1,1,360425,359926,499
28287561,42.9088,42.3536,500,27740,0.183536,1,1,360467,359967,500
28290481,84.5818,101.271,479,27740,0.396707,1,1,360562,360083,479
28293401,47.3164,59.4541,468,27740,0.359341,0.8,1,360600,360132,468
28296321,44.6633,51.0908,463,27740,0.431868,0.73,1,360644,360181,463
28299241,42.5327,49.4182,456,27740,0.398374,0.55,1,360686,360230,456
28302161,46.1065,53.0836,449,27740,0.471675,0.49,1,360733,360284,449
28305081,40.4213,43.4167,447,29200,0.630335,0.31,1,360772,360325,447
28308001,40.8843,52.6833,433,29200,0.742067,0.31,1,360813,360380,433
28310921,43.3769,10.5367,477,29200,0.812413,0.21,2,360857,360380,477
28367861,63,69,473,23360,0.17,1,1,362332,361859,473
28372241,31,30.6,475,23360,0.282,0.85,1,362355,361880,475
28379541,98.2,110.12,460,23360,0.4484,0.45,1,362470,362010,460
28385381,90.04,110.024,438,23360,0.48168,0.27,1,362558,362120,438
28490501,17,25,435,23360,0.51,0.23,1,364319,363884,435
28493421,42.6,31.4,451,24820,0.574,0.27,1,364368,363917,451
28496341,50.12,44.68,455,24820,0.7308,0.15,1,364420,363965,455
28499261,46.024,48.936,450,26280,0.79416,0.23,2,364465,364015,450
28586861,61,34,484,20440,0.71,0.71,1,366267,365783,484
28674461,177,129,543,21900,0.59,0.43,1,368150,367607,543
28677381,73.8,125.8,466,23360,0.734,0.45,1,368198,367732,466
28680301,52.36,66.76,461,23360,0.8748,0.43,2,368245,367784,461
28757681,101,108,421,18980,0.65,0.05,1,369964,369543,421
28760601,65.8,42.4,452,20440,0.722,0.03,1,370021,369569,452
28843821,99,84,467,18980,0.27,0.33,1,371740,371273,467
28846741,138.2,96,516,20440,0.622,0.11,1,371888,371372,516
28849661,61.24,113.6,440,21900,0.8524,0.09,2,371930,371490,440
28899301,54,46,545,21900,0.69,1,1,373046,372501,545
28902221,79.6,44.4,587,21900,0.53,1,1,373132,372545,587
28905141,55.12,104.88,516,21900,0.418,1,1,373181,372665,516
28908061,103.824,56.976,587,21900,0.2836,1,1,373297,372710,587
28910981,64.7648,95.3952,537,21900,0.19272,1,1,373352,372815,537
28913901,56.153,72.679,524,21900,0.094544,0.84,1,373406,372882,524
28916821,52.8306,55.3358,525,21900,0.138909,0.91,1,373458,372933,525
28919741,44.9661,58.2672,509,21900,0.115782,0.69,1,373501,372992,509
28922661,72.1932,54.8534,534,21900,0.159156,0.49,1,373580,373046,534
28925581,48.0386,79.7707,490,21900,0.199831,0.39,1,373622,373132,490
28928501,96.0077,55.1541,549,21900,0.527966,0.25,1,373730,373181,549
28931421,60.0015,103.831,484,21900,0.769593,0.17,2,373781,373297,484
28983981,78,53,546,24820,0.62,1,1,374947,374401,546
28986901,62.8,72.2,528,24820,0.404,1,1,375006,374478,528
28989821,52.56,54.44,528,24820,0.3288,1,1,375056,374528,528
28992741,85.712,114.888,492,24820,0.34576,1,1,375150,374658,492
28995661,59.5424,66.1776,491,26280,0.221152,1,1,375203,374712,491
28998581,44.7085,60.4355,473,26280,0.26023,0.88,1,375244,374771,473
29001501,40.1417,46.4871,469,26280,0.252046,0.87,1,375283,374814,469
29004421,44.8283,53.2974,460,26280,0.202409,0.87,1,375329,374869,460
29007341,62.5657,10.6595,527,27740,0.288482,0.62,1,375396,374869,527
29010261,50.9131,64.5319,497,27740,0.369696,0.35,1,375444,374947,497
29013181,50.9826,60.1064,489,27740,0.497939,0.31,1,375495,375006,489
29016101,83.7965,52.0213,531,29200,0.763588,0.35,2,375587,375056,531
29019021,18.3593,85.6043,439,29200,0.784718,0.19,2,375589,375150,439
29094941,126,169,424,26280,0.33,0.03,1,377276,376852,424
29097861,97.2,106.6,423,26280,0.474,0.05,1,377366,376943,423
29102241,47.44,50.12,422,26280,0.4868,0.05,1,377401,376979,422
29105161,27.088,26.824,423,26280,0.50536,0.01,1,377423,377000,423
29127061,23.0176,24.5648,421,26280,0.557072,0.03,1,377445,377024,421
29129981,43.8035,24.113,446,27740,0.663414,0.19,1,377494,377048,446
29132901,21.5607,29.6226,431,29200,0.668683,0.19,1,377510,377079,431
29135821,32.3121,7.52452,464,30660,0.765737,0.13,2,377545,377081,464
29138741,18.4624,31.9049,441,30660,0.833147,0.15,2,377560,377119,441
29202981,82,108,439,24820,0.65,0.35,1,379148,378709,439
29207361,38,42.4,440,24820,0.698,0.19,1,379175,378735,440
29467241,121,107,479,17520,0.39,0.53,1,384647,384168,479
29470161,60.2,65.4,469,18980,0.47,0.45,1,384692,384223,469
29473081,50.44,58.68,460,20440,0.646,0.25,1,384740,384280,460
29476001,37.288,48.536,448,21900,0.8092,0.19,2,384774,384326,448
29680401,85,148,453,17520,0.68,0.01,1,390036,389583,453
29683321,69,83.2,451,17520,0.784,0.11,2,390101,389650,451
29738801,65,62,489,17520,0.47,1,1,391619,391130,489
29741721,83.4,54.8,524,17520,0.39,0.99,1,391707,391183,524
29744641,146.28,176.56,479,17520,0.27,0.96,1,391869,391390,479
29747561,63.656,79.312,467,17520,0.254,0.85,1,391912,391445,467
29750481,52.7312,58.2624,464,17520,0.2988,0.65,1,391962,391498,464
29753401,46.5462,56.4525,453,17520,0.37176,0.47,1,392007,391554,453
29756321,55.7092,63.2905,446,17520,0.594352,0.37,1,392065,391619,446
29759241,76.7418,83.0581,440,17520,0.84687,0.24,2,392147,391707,440
29811801,58,60,537,24820,0.43,1,1,393545,393008,537
29841001,501.2,584.8,433,17520,0.862,0.27,2,394157,393724,433
29903781,92,122,525,18980,0.21,0.37,1,395696,395171,525
29906701,70.4,129.2,459,20440,0.434,0.11,1,395761,395302,459
29909621,56.48,73.04,453,20440,0.6068,0.03,1,395814,395361,453
29912541,64.096,62.608,459,20440,0.65736,0.05,1,395880,395421,459
29915461,31.2192,59.7216,423,20440,0.731472,0.07,1,395903,395480,423
29970941,60,75,501,20440,0.57,1,1,397282,396781,501
29973861,54.4,56.6,502,20440,0.378,1,1,397335,396833,502
29976781,58.08,56.92,504,20440,0.3556,0.97,1,397394,396890,504
29979701,102.816,108.184,497,20440,0.31912,1,1,397508,397011,497
29982621,74.9632,94.4368,474,20440,0.359824,0.87,1,397576,397102,474
29985541,55.7926,70.0874,461,20440,0.415965,0.73,1,397627,397166,461
29988461,52.7585,58.8175,457,20440,0.507193,0.57,1,397679,397222,457
29991381,51.3517,59.7635,448,20440,0.653439,0.33,1,397730,397282,448
29994301,44.6703,54.3527,438,20440,0.746688,0.35,1,397773,397335,438
29997221,55.3341,58.0705,437,20440,0.861338,0.31,2,397831,397394,437
30049781,63,73,544,24820,0.29,1,1,399113,398569,544
30052701,55,69,529,24820,0.178,1,1,399166,398637,529
30055621,56.6,59.4,529,26280,0.0916,1,1,399223,398694,529
30058541,29.72,54.28,499,26280,0.07432,1,1,399246,398747,499
30061461,51.544,54.856,501,26280,0.102864,0.96,1,399303,398802,501
30064381,86.3088,112.571,469,26280,0.300573,0.69,1,399398,398929,469
30067301,46.8618,64.9142,453,27740,0.404115,0.69,1,399435,398982,453
30070221,55.7724,12.9828,511,27740,0.568823,0.47,1,399493,398982,511
30073141,52.7545,56.9966,495,29200,0.745765,0.29,1,399545,399050,495
30252721,351,412,435,21900,0.31,0.11,1,403057,402622,435
30343241,92,104,479,18980,0.55,0.88,1,404785,404306,479
30346161,57.6,42.4,501,20440,0.55,1,1,404834,404333,501
30349081,54.72,57.28,494,21900,0.63,0.82,1,404888,404394,494
30352001,33.344,47.456,477,23360,0.758,0.57,2,404916,404439,477
30433761,54,27,462,20440,0.73,0.23,1,406742,406280,462
30487781,64,34,595,27740,0.53,1,1,407921,407326,595
30495081,400,530.8,424,18980,0.786,0.01,2,408405,407981,424
30519901,180.8,209.36,421,18980,0.8372,0.19,2,408531,408110,421
30584141,184,92,602,20440,0.23,0.82,1,410110,409508,602
30587061,65.6,145.6,479,21900,0.23,0.73,1,410146,409667,479
30589981,52.32,68.32,479,21900,0.342,0.53,1,410195,409716,479
30592901,52.064,64.064,468,21900,0.4444,0.31,1,410247,409779,468
30595821,52.0128,60.8128,460,21900,0.56088,0.21,1,410299,409839,460
30598741,52.8026,36.9626,482,21900,0.744176,0.17,1,410352,409870,482
30601661,12.1605,52.1925,428,21900,0.748835,0.23,1,410354,409926,428
30651301,51,52,538,21900,0.65,1,1,411596,411058,538
30654221,63.8,53.6,551,21900,0.57,1,1,411663,411112,551
30657141,61.56,60.32,550,21900,0.506,1,1,411724,411174,550
30660061,57.112,60.864,545,21900,0.4452,1,1,411780,411235,545
30662981,53.8224,62.5728,535,21900,0.40104,1,1,411833,411298,535
30665901,100.364,58.1146,590,21900,0.472208,0.95,1,411945,411355,590
30668821,62.4729,111.623,518,21900,0.614442,0.71,1,411998,411480,518
30671741,54.8946,74.3246,506,21900,0.786888,0.65,2,412051,411545,506
30879061,226,225,499,18980,0.51,0.86,1,417434,416935,499
30881981,87.6,94.6,490,18980,0.622,0.87,1,417487,416997,490
30884901,49.52,60.52,478,18980,0.7724,0.65,2,417527,417049,478
30887821,49.104,48.104,482,18980,0.83448,0.49,2,417576,417094,482
30890741,28.2208,58.4208,444,18980,0.910896,0.39,2,417599,417155,444
31000241,57,136,470,16060,0.93,0.39,2,420928,420458,470
31052801,60,81,527,18980,0.67,1,1,422389,421862,527
31055721,54.4,64.2,520,18980,0.59,1,1,422442,421922,520
31058641,66.88,46.44,548,18980,0.542,1,1,422512,421964,548
31061561,57.376,62.088,537,18980,0.5484,1,1,422567,422030,537
31064481,132.275,66.0176,621,18980,0.83768,0.86,2,422718,422097,621
31117041,173,67,650,20440,0.09,1,1,424137,423487,650
31119961,83.4,151,539,21900,0.058,1,1,424198,423659,539
31122881,68.68,83,538,21900,0.0676,0.94,1,424263,423725,538
31125801,44.936,66.2,515,21900,0.13352,1,1,424302,423787,515
31128721,19.3872,58.84,471,21900,0.146704,0.89,1,424315,423844,471
31131641,40.6774,56.568,461,21900,0.197341,0.65,1,424361,423900,461
31134561,52.9355,62.5136,453,23360,0.223468,0.09,1,424417,423964,453
31137481,124.987,150.903,423,23360,0.628694,0.09,1,424560,424137,423
31200261,223,231,460,18980,0.33,0.45,1,426214,425754,460
31204641,111.8,128.6,441,21900,0.554,0.23,1,426298,425857,441
31270341,42,61,460,20440,0.17,0.83,1,427953,427493,460
31273261,30.8,37.8,456,20440,0.266,0.69,1,427981,427525,456
31290781,25.36,29.16,453,20440,0.2692,0.37,1,428005,427552,453
31293701,70.672,65.832,460,21900,0.50984,0.13,1,428087,427627,460
31296621,63.7344,57.9664,466,23360,0.765968,0.23,2,428149,427683,466
31299541,55.9469,64.3933,454,23360,0.913194,0.23,2,428203,427749,454
31375461,120,95,548,18980,0.59,0.39,1,429929,429381,548
31378381,65.6,126.2,466,20440,0.83,0.27,2,429981,429515,466
31381301,61.92,75.64,464,21900,0.894,0.19,2,430042,429578,464
31448461,43,48,454,16060,0.59,0.53,1,431685,431231,454
31451381,82.2,36.8,512,17520,0.862,0.35,2,431777,431265,512
31506861,67,73,515,24820,0.21,1,1,433063,432548,515
31509781,54.2,14.6,566,24820,0.13,1,1,433114,432548,566
31512701,56.44,53.32,560,24820,0.098,1,1,433171,432611,560
31515621,52.888,57.064,554,24820,0.1076,1,1,433223,432669,554
31518541,62.5776,73.0128,542,24820,0.10952,1,1,433288,432746,542
31521461,58.1155,72.2026,527,24820,0.125904,1,1,433345,432818,527
31524381,49.2231,60.0405,517,24820,0.225181,0.67,1,433392,432875,517
31527301,41.8446,65.6081,490,24820,0.309036,0.37,1,433432,432942,490
31530221,57.1689,56.3216,497,24820,0.437807,0.21,1,433493,432996,497
31533141,47.4338,64.8643,475,24820,0.655561,0.11,1,433538,433063,475
31591541,60,60,548,24820,0.43,1,1,434721,434173,548
31594461,62.4,67.2,542,24820,0.366,1,1,434784,434242,542
31597381,62.08,59.84,546,24820,0.1772,1,1,434846,434300,546
31600301,63.616,62.368,547,24820,0.04344,1,1,434910,434363,547
31603221,55.9232,62.0736,539,24820,0.048688,1,1,434964,434425,539
31606141,49.5846,54.0147,535,24820,0.0817376,1,1,435012,434477,535
31609061,53.9169,58.8029,530,24820,0.248348,0.79,1,435067,434537,530
31611981,43.5834,61.3606,509,26280,0.31367,0.47,1,435108,434599,509
31614901,52.7167,61.8721,502,26280,0.358734,0.43,1,435163,434661,502
31617821,54.5433,60.3744,497,26280,0.527747,0.35,1,435218,434721,497
31620741,50.9087,62.4749,484,26280,0.689549,0.13,1,435268,434784,484
31623661,60.5817,62.095,485,26280,0.88191,0.01,2,435331,434846,485
31781341,76,93,455,20440,0.27,0.13,1,438725,438270,455
31879161,493,634,438,16060,0.35,0.25,1,440513,440075,438
31882081,245.8,244.4,475,17520,0.798,0.05,2,440697,440222,475
31946321,155,177,440,16060,0.71,0.43,1,442389,441949,440
31949241,67,55.4,460,17520,0.758,0.35,2,442434,441974,460
32012021,113,128,487,18980,0.59,0.39,1,444109,443622,487
32014941,66.6,85.6,467,18980,0.718,0.23,1,444164,443697,467
32017861,69.32,76.32,463,18980,0.8396,0.25,2,444234,443771,463
32064581,107,115,561,18980,0.21,1,1,445480,444919,561
32067501,102.2,107,557,18980,0.178,1,1,445581,445024,557
32070421,90.04,89.4,559,18980,0.2516,1,1,445668,445109,559
32073341,62.808,78.68,539,18980,0.37832,1,1,445724,445185,539
32076261,46.1616,68.536,515,18980,0.515664,0.88,1,445766,445251,515
32079181,50.8323,56.9072,513,18980,0.655133,0.57,1,445818,445305,513
32082101,81.3665,65.7814,534,18980,0.891027,0.21,2,445907,445373,534
32128821,51,59,538,23360,0.73,1,1,447186,446648,538
32155101,438.2,508.6,452,16060,0.922,0.37,2,447721,447269,452
32214961,65,44,465,17520,0.75,0.25,2,449446,448981,465
32343441,58,37,555,23360,0.51,1,1,452520,451965,555
32369721,440.4,527.4,441,16060,0.718,0.23,1,453056,452615,441
32428121,92,28,533,17520,0.35,0.35,1,454690,454157,533
32431041,50.4,95.2,461,18980,0.494,0.19,1,454730,454269,461
32433961,58.08,70.24,457,20440,0.6988,0.05,1,454790,454333,457
32436881,64.416,69.248,454,21900,0.75576,0.03,2,454856,454402,454
32504041,152,161,491,18980,0.67,0.61,1,456560,456069,491
32506961,72,82.6,480,20440,0.846,0.37,2,456612,456132,480
32578501,52,37,480,17520,0.61,0.51,1,458356,457876,480
32581421,76.8,85,466,18980,0.722,0.21,1,458439,457973,466
32652961,114,98,484,17520,0.47,0.13,1,460131,459647,484
32655881,128.4,138,468,18980,0.822,0.17,2,460263,459795,468
32730341,52,36,455,17520,0.79,0.01,2,462054,461599,455
32861741,103,128,475,18980,0.81,0.39,2,465579,465104,475
33058841,61,65,536,23360,0.35,1,1,470505,469969,536
33061761,56.2,57.8,535,23360,0.222,1,1,470560,470025,535
33063221,59.24,57.96,537,23360,0.2284,1,1,470620,470083,537
33293901,67,55,544,13140,0,1,1,479485,478941,544
33296821,61.4,64.6,537,13140,0.136,1,1,479545,479008,537
33298281,191.48,59.32,703,13140,0.4352,0.39,1,479769,479066,703
33301201,58.296,243.864,438,13140,0.59104,0.11,1,479794,479356,438
33304121,49.2592,98.3728,423,13140,0.830208,0,2,479841,479418,423
33307041,64.2518,73.2746,424,13140,0.766042,0.17,2,479909,479485,424
33309961,64.8504,62.6549,429,13140,0.833208,0.51,2,479974,479545,429
33343541,77,79,546,14600,0.01,1,1,481356,480810,546
33346461,53.8,63,535,14600,0.058,1,1,481404,480869,535
33347921,190.76,63.8,696,14600,0.3076,0.27,1,481629,480933,696
33350841,39.752,225.56,432,16060,0.34152,0.15,1,481631,481199,432
33353761,67.1504,109.112,426,16060,0.524304,0.15,1,481705,481279,426
33356681,72.6301,21.8224,500,16060,0.656861,0.01,1,481779,481279,500
33359601,56.926,65.9645,476,16060,0.891372,0.07,2,481832,481356,476
33426761,12,11,423,17520,0.83,0.13,2,483671,483248,423
33558161,27,35,433,16060,0.87,0.31,2,487165,486732,433
33615101,78,68,468,14600,0.85,0.23,2,489063,488595,468
33655981,68,61,520,17520,0.01,1,1,490342,489822,520
33658901,73.6,91.4,496,17520,0.002,1,1,490417,489921,496
33661821,89.12,74.28,519,17520,0.0244,1,1,490510,489991,519
33664741,60.224,69.256,504,17520,0.01288,0.97,1,490563,490059,504
33667661,43.2448,65.8512,478,17520,0.138576,0.35,1,490602,490124,478
33670581,95.849,133.17,437,17520,0.339715,0.01,1,490711,490274,437
33673501,61.5698,81.034,422,17520,0.587943,0,1,490764,490342,422
33676421,72.314,76.2068,422,17520,0.717589,0.03,1,490839,490417,422
33723141,116,135,502,18980,0.01,1,1,492166,491664,502
33726061,81.6,78.2,511,18980,0.042,1,1,492239,491728,511
33728981,65.92,63.64,513,18980,0.0964,1,1,492301,491788,513
33731901,95.584,122.328,479,20440,0.15528,1,1,492404,491925,479
33734821,55.9168,24.4656,525,20440,0.167056,0.82,1,492450,491925,525
33737741,44.7834,55.2931,504,20440,0.233411,0.45,1,492492,491988,504
33740661,84.9567,60.6586,537,20440,0.582682,0.01,1,492587,492050,537
33743581,75.3913,104.932,494,21900,0.588536,0.05,1,492660,492166,494
33746501,70.2783,79.3863,490,21900,0.765707,0.11,2,492729,492239,490
33749421,15.6557,65.4773,430,23360,0.769141,0.17,2,492731,492301,430
33832641,90,109,440,21900,0.27,0.33,1,494493,494053,440
33835561,62.8,47.4,464,23360,0.446,0.21,1,494549,494085,464
33838481,57.36,58.28,459,24820,0.6572,0.15,1,494605,494146,459
33841401,52.272,56.456,454,26280,0.85944,0.15,2,494656,494202,454
33993241,51,36,480,17520,0.85,0.47,2,497910,497430,480
34050181,525,648,421,16060,0.47,0.33,1,499619,499198,421
34139241,61,31,454,17520,0.65,0.01,1,501578,501124,454
34185961,103,68,574,18980,0.65,1,1,502910,502336,574
34188881,84.6,92.8,555,18980,0.602,1,1,502990,502435,555
34191801,63.32,72.96,545,18980,0.4644,1,1,503048,502503,545
34194721,70.264,62.592,557,18980,0.53288,1,1,503120,502563,557
34197641,79.6528,78.1184,557,18980,0.658576,0.88,1,503202,502645,557
34200561,69.5306,78.0237,546,18980,0.683715,0.89,1,503269,502723,546
34203481,88.3061,82.8047,555,18980,0.784743,0.65,2,503362,502807,555
34253121,108,73,569,21900,0.15,1,1,504680,504111,569
34256041,68.8,81.8,544,21900,0.054,1,1,504739,504195,544
34258961,66.56,93.16,514,23360,0.0188,1,1,504805,504291,514
34261881,65.312,78.632,504,23360,0.17176,1,1,504870,504366,504
34264801,57.0624,74.1264,486,23360,0.378352,0.85,1,504925,504439,486
34267721,49.8125,70.0253,465,24820,0.37167,0.85,1,504973,504508,465
34270641,49.9625,14.0051,515,24820,0.514334,0.63,1,505023,504508,515
34273561,80.3925,54.001,539,24820,0.702867,0.15,1,505111,504572,539
34276481,57.6785,97.2002,483,26280,0.804573,0.03,2,505163,504680,483
34279401,13.1357,66.64,426,26280,0.824915,0.01,2,505165,504739,426
34282321,53.8271,66.128,424,26280,0.892983,0.21,2,505229,504805,424
34345101,56,64,466,23360,0.89,0.73,2,506876,506410,466
34432701,80,94,453,20440,0.77,0.49,2,508617,508164,453
34526141,531,653,429,16060,0.57,0,1,510411,509982,429
34529061,220.6,204.2,480,17520,0.666,0.13,1,510554,510074,480
34648781,80,67,558,18980,0.51,1,1,513778,513220,558
34651701,63.2,72.6,543,18980,0.398,1,1,513837,513294,543
34654621,126.24,64.12,623,18980,0.4236,1,1,513979,513356,623
34657541,75.648,129.624,540,18980,0.55672,1,1,514042,513502,540
34660461,54.3296,81.9248,519,18980,0.775344,0.77,2,514091,513572,519
34713021,77,79,543,21900,0.05,1,1,515502,514959,543
34715941,67.4,69.4,541,21900,0.242,1,1,515567,515026,541
34718861,47.08,65.08,519,21900,0.2804,0.95,1,515609,515090,519
34721781,52.616,65.816,507,23360,0.30408,1,1,515663,515156,507
34724701,36.9232,68.3632,471,23360,0.356816,0.33,1,515696,515225,471
34727621,87.3846,121.673,436,23360,0.543363,0.33,1,515796,515360,436
34730541,57.4769,24.3345,486,24820,0.644673,0.03,1,515846,515360,486
34733461,73.8954,56.8669,499,24820,0.760935,0.05,2,515924,515425,499
34806461,89,88,423,20440,0.65,0.35,1,517693,517270,423
34895521,107,93,496,20440,0.25,0.77,1,519425,518929,496
34898441,71,64.2,501,21900,0.506,0.51,1,519487,518986,501
34901361,51.8,71.24,475,21900,0.6052,0.43,1,519534,519059,475
34904281,63.16,67.048,475,21900,0.84904,0.33,2,519600,519125,475
35188981,52,32,485,17520,0.57,0.55,1,526809,526324,485
35191901,56.8,60,476,18980,0.842,0.35,2,526867,526391,476
35266361,131,149,467,18980,0.95,0.11,2,528727,528260,467
35397761,139,157,493,18980,0.31,0.61,1,532020,531527,493
35400681,69.4,90.6,471,20440,0.374,0.25,1,532072,531601,471
35403601,60.28,71.72,462,21900,0.5788,0.17,1,532130,531668,462
35406521,55.256,65.544,452,21900,0.74776,0.03,1,532184,531732,452
35472221,135,126,525,18980,0.51,0.21,1,533826,533301,525
35475141,74.2,118.8,467,20440,0.654,0.01,1,533885,533418,467
35478061,70.84,87.76,457,21900,0.6988,0.07,1,533955,533498,457
35480981,60.568,67.152,453,21900,0.83576,0.07,2,534013,533560,453
35483901,37.7136,58.2304,429,21900,0.911152,0.09,2,534045,533616,429
35675161,62,53,557,23360,0.43,1,1,538820,538263,557
35676621,54,45.8,565,23360,0.222,1,1,538872,538307,565
35683921,399.6,511.56,423,16060,0.5804,0.35,1,539358,538935,423
35824081,59,188,467,17520,0.75,0.23,2,542983,542516,467
35872261,82,73,505,17520,0.27,1,1,544394,543889,505
35875181,71.6,69.8,505,17520,0.43,1,1,544463,543958,505
35878101,66.32,71.56,498,17520,0.43,1,1,544528,544030,498
35881021,52.464,62.312,487,17520,0.382,0.91,1,544577,544090,487
35883941,38.4928,56.4624,467,17520,0.4204,0.37,1,544612,544145,467
35886861,117.299,144.892,437,17520,0.63608,0.27,1,544749,544312,437
35889781,86.6597,94.5785,434,17520,0.855216,0.47,2,544828,544394,434
