#Ack,ack_ewma(ms),send_ewma(ms),rtt_ratio,cwnd (Bytes),Last Router Ocupation Ack Arriaval(Packets),Last Router Ocupation Packet Sent(Packets),Network Situation,AckArrival(ms),TSInsideAck(ms),RTTAck(ms)
4381,2,0,423,16060,0.03,0.03,1,90843,90420,423
7301,2,0,425,17520,0.006,0.03,1,90845,90420,425
10221,2,0,427,18980,0.0012,0.03,1,90847,90420,427
13141,2,0,429,20440,0.00024,0.03,1,90849,90420,429
14601,161.2,0,630,21900,0.040048,0.03,1,91050,90420,630
17521,202.64,336.8,422,23360,0.0480096,0.03,1,91263,90841,422
20441,42.128,68.96,422,24820,0.0496019,0.03,1,91265,90843,422
23361,10.0256,13.792,424,26280,0.0179204,0,1,91267,90843,424
26281,3.60512,4.3584,424,27740,0.00358408,0,1,91269,90845,424
29201,2.32102,2.47168,424,29200,0.000716815,0,1,91271,90847,424
32121,2.0642,0.494336,426,30660,0.000143363,0,1,91273,90847,426
35041,2.01284,1.69887,426,32120,0.0240287,0.05,1,91275,90849,426
37961,159.603,161.14,424,33580,0.0768057,0.05,1,91474,91050,424
40881,200.721,202.628,422,35040,0.0393611,0.05,1,91685,91263,422
43801,41.7441,40.5256,424,36500,0.0318722,0.05,1,91687,91263,424
46721,9.94882,9.70512,424,37960,0.00637445,0.01,1,91689,91265,424
49641,3.58976,3.54102,424,39420,0.00127489,0.01,1,91691,91267,424
52561,2.31795,0.708205,426,40880,0.000254978,0,1,91693,91267,426
55481,2.06359,1.74164,426,42340,5.09956e-05,0,1,91695,91269,426
58401,2.01272,1.94833,426,43800,0.0240102,0,1,91697,91271,426
61321,2.00254,0.389666,428,45260,0.044802,0,1,91699,91271,428
64241,2.00051,1.67793,428,46720,0.0649604,0.03,1,91701,91273,428
67161,2.0001,1.93559,428,48180,0.0849921,0.03,1,91703,91275,428
70081,155.6,0.387117,622,49640,0.248998,0.09,1,91897,91275,622
73001,32.72,159.277,425,51100,0.2818,0.03,1,91899,91474,425
75921,172.944,200.655,422,52560,0.0643599,0.03,1,92107,91685,422
78841,36.1888,40.1311,424,54020,0.020872,0.03,1,92109,91685,424
81761,8.83776,9.62622,424,55480,0.0041744,0,1,92111,91687,424
84681,3.36755,3.52524,424,56940,0.000834879,0,1,92113,91689,424
87601,2.27351,0.705049,426,58400,0.000166976,0,1,92115,91689,426
90521,2.0547,1.74101,426,59860,3.33952e-05,0,1,92117,91691,426
93441,2.01094,1.9482,426,61320,0.0240067,0,1,92119,91693,426
96361,2.00219,0.38964,428,62780,0.0448013,0,1,92121,91693,428
99281,2.00044,1.67793,428,64240,0.0649603,0.03,1,92123,91695,428
102201,2.00009,1.93559,428,65700,0.0849921,0.03,1,92125,91697,428
105121,2.00002,0.387117,430,67160,0.104998,0.05,1,92127,91697,430
108041,2,1.67742,430,68620,0.125,0.07,1,92129,91699,430
110961,2,1.93548,430,70080,0.145,0.07,1,92131,91701,430
113881,2,0.387097,432,71540,0.165,0.09,1,92133,91701,432
116801,2,1.67742,432,73000,0.185,0.29,1,92135,91703,432
119721,158.8,155.535,436,74460,0.349,0.29,1,92333,91897,436
122641,33.36,31.1071,438,75920,0.3818,0.29,1,92335,91897,438
125561,8.272,7.82142,438,77380,0.38836,0.01,1,92337,91899,438
128481,155.254,167.964,422,78840,0.101672,0.01,1,92529,92107,422
131401,32.6509,33.5929,424,80300,0.0203344,0.01,1,92531,92107,424
134321,8.13018,8.31857,424,81760,0.00406688,0,1,92533,92109,424
137241,3.22604,3.26371,424,83220,0.000813376,0,1,92535,92111,424
140161,2.24521,0.652743,426,84680,0.000162675,0,1,92537,92111,426
143081,2.04904,1.73055,426,86140,3.2535e-05,0,1,92539,92113,426
146001,2.00981,1.94611,426,87600,0.0240065,0,1,92541,92115,426
148921,2.00196,0.389222,428,89060,0.0448013,0,1,92543,92115,428
151841,2.00039,1.67784,428,90520,0.0649603,0.03,1,92545,92117,428
154761,2.00008,1.93557,428,91980,0.0849921,0.03,1,92547,92119,428
157681,2.00002,0.387114,430,93440,0.104998,0.05,1,92549,92119,430
160601,2,1.67742,430,94900,0.125,0.07,1,92551,92121,430
163521,2,1.93548,430,96360,0.145,0.07,1,92553,92123,430
166441,2,0.387097,432,97820,0.165,0.09,1,92555,92123,432
169361,2,1.67742,432,99280,0.185,0.11,1,92557,92125,432
172281,2,1.93548,432,100740,0.205,0.11,1,92559,92127,432
175201,2,0.387097,434,102200,0.225,0.13,1,92561,92127,434
178121,2,1.67742,434,103660,0.245,0.15,1,92563,92129,434
181041,2,1.93548,434,105120,0.265,0.15,1,92565,92131,434
183961,2,0.387097,436,106580,0.285,0.17,1,92567,92131,436
186881,2,1.67742,436,108040,0.305,0.19,1,92569,92133,436
189801,2,1.93548,436,109500,0.325,0.19,1,92571,92135,436
192721,160.4,0.387097,636,110960,0.377,0.39,1,92771,92135,636
195641,33.68,158.477,440,112420,0.3874,0.39,1,92773,92333,440
198561,8.336,33.2955,440,113880,0.40548,0.39,1,92775,92335,440
201481,3.2672,6.6591,442,115340,0.409096,0.39,1,92777,92335,442
204401,2.25344,2.93182,442,116800,0.409819,0.03,1,92779,92337,442
207321,138.051,154.186,422,118260,0.105964,0.03,1,92951,92529,422
210241,29.2101,30.8373,424,119720,0.0211928,0,1,92953,92529,424
213161,7.44203,7.76745,424,121180,0.00423855,0,1,92955,92531,424
216081,3.08841,3.15349,424,122640,0.00884771,0,1,92957,92533,424
219001,2.21768,0.630698,426,124100,0.00176954,0,1,92959,92533,426
221921,2.04354,1.72614,426,125560,0.000353908,0,1,92961,92535,426
224841,2.00871,1.94523,426,127020,0.0240708,0,1,92963,92537,426
227761,2.00174,0.389046,428,128480,0.0448142,0,1,92965,92537,428
230681,2.00035,1.67781,428,129940,0.0569628,0.03,1,92967,92539,428
233601,2.00007,1.93556,428,131400,0.0273926,0.03,1,92969,92541,428
236521,2.00001,0.387112,430,132860,0.00547851,0.05,1,92971,92541,430
239441,2,1.67742,430,134320,0.121096,0.07,1,92973,92543,430
242361,2,1.93548,430,135780,0.168219,0.07,1,92975,92545,430
245281,2,0.387097,432,137240,0.145644,0.09,1,92977,92545,432
248201,2,1.67742,432,138700,0.109129,0.11,1,92979,92547,432
251121,2,1.93548,432,140160,0.0698258,0.11,1,92981,92549,432
254041,2,0.387097,434,141620,0.0299652,0.13,1,92983,92549,434
256961,2,1.67742,434,143080,0.133993,0.15,1,92985,92551,434
259881,2,1.93548,434,144540,0.194799,0.15,1,92987,92553,434
262801,2,0.387097,436,146000,0.17496,0.17,1,92989,92553,436
265721,2,1.67742,436,147460,0.138992,0.19,1,92991,92555,436
268641,2,1.93548,436,148920,0.187798,0.19,1,92993,92557,436
271561,2,0.387097,438,150380,0.17356,0.21,1,92995,92557,438
274481,2,1.67742,438,151840,0.138712,0.23,1,92997,92559,438
277401,2,1.93548,438,153300,0.0917424,0.23,1,92999,92561,438
280321,2,0.387097,440,154760,0.0503485,0.25,1,93001,92561,440
283241,2,1.67742,440,156220,0.0100697,0.27,1,93003,92563,440
286161,2,1.93548,440,157680,0.130014,0.27,1,93005,92565,440
289081,2,0.387097,442,159140,0.122003,0.29,1,93007,92565,442
292001,2,1.67742,442,160600,0.0884006,0.31,1,93009,92567,442
294921,2,1.93548,442,162060,0.0496801,0.31,1,93011,92569,442
297841,2,0.387097,444,163520,0.00993602,0.33,1,93013,92569,444
300761,2,1.67742,444,164980,0.0019872,0.39,1,93015,92571,444
303681,158.8,160.335,442,166440,0.264397,0.39,1,93213,92771,442
306601,33.36,32.0671,444,167900,0.316879,0.39,1,93215,92771,444
309521,8.272,8.01342,444,169360,0.327376,0.41,1,93217,92773,444
312441,3.2544,3.20268,444,170820,0.329475,0.41,1,93219,92775,444
315361,3.05088,0.640537,447,172280,0.345895,0.41,1,93222,92775,447
318281,2.21018,1.72811,447,173740,0.317179,0.41,1,93224,92777,447
320321,2.04204,1.94562,447,175200,0.279436,0.49,1,93226,92779,447
323241,117.208,3.58912,589,176660,0.0798872,0.03,1,93372,92783,589
326161,25.0417,135.118,423,178120,0.0159774,0,1,93374,92951,423
329081,6.60834,28.6236,423,179580,0.00319549,0,1,93376,92953,423
332001,2.92167,5.72471,425,181040,0.000639097,0,1,93378,92953,425
334881,2.18433,2.74494,425,182500,0.000127819,0,1,93380,92955,425
337801,2.83687,5.34899,422,183960,2.55639e-05,0,1,93383,92961,422
340721,2.16737,1.0698,424,185420,5.11278e-06,0,1,93385,92961,424
343641,2.03347,0.21396,426,186880,1.02256e-06,0,1,93387,92961,426
346561,2.00669,0.0427919,428,188340,2.04511e-07,0,1,93389,92961,428
349481,2.00134,0.00855838,430,189800,4.09022e-08,0.03,1,93391,92961,430
352401,2.00027,1.60171,430,191260,8.18044e-09,0.03,1,93393,92963,430
354021,1.20005,0.320342,431,192720,1.63609e-09,0.15,1,93394,92963,431
356941,1.84001,8.06407,423,194180,0.176,0.15,1,93396,92973,423
359861,1.968,1.61281,425,195640,0.1792,0.15,1,93398,92973,425
362781,1.9936,0.322563,427,197100,0.14784,0.15,1,93400,92973,427
365701,1.99872,0.0645125,429,198560,0.213568,0.15,1,93402,92973,429
368581,1.99974,0.0129025,431,200020,0.194714,0.16,1,93404,92973,431
371501,1.99995,2.40258,430,201480,0.158943,0.16,1,93406,92976,430
373361,1.19999,0.480516,431,202940,0.135789,0.04,1,93407,92976,431
376281,1.84,4.8961,427,204400,0.107158,0.04,1,93409,92982,427
379201,1.968,0.979221,429,205860,0.221432,0.04,1,93411,92982,429
381681,1.9936,0.195844,431,207320,0.212286,0.2,1,93413,92982,431
384601,1.99872,8.83917,422,208780,0.186457,0.2,1,93415,92993,422
387521,1.99974,1.76783,424,210240,0.149291,0.2,1,93417,92993,424
390441,1.99995,0.353567,426,211700,0.109858,0.2,1,93419,92993,426
393361,1.99999,0.0707133,428,213160,0.0699717,0.2,1,93421,92993,428
396241,2,0.0141427,430,214620,0.0299943,0.16,1,93423,92993,430
399161,3.6,9.60283,422,216080,0.149999,0.16,1,93427,93005,422
402081,2.32,1.92057,424,217540,0.23,0.16,1,93429,93005,424
405001,2.064,0.384113,426,219000,0.214,0.16,1,93431,93005,426
407921,2.0128,0.0768226,428,220460,0.1788,0.16,1,93433,93005,428
410841,2.00256,0.0153645,430,221920,0.13976,0.16,1,93435,93005,430
413761,2.00051,0.0030729,432,223380,0.211952,0.16,1,93437,93005,432
415381,1.2001,0.000614581,433,224840,0.21039,0,1,93438,93005,433
418301,1.84002,8.00012,425,226300,0.202078,0,1,93440,93015,425
421221,1.968,1.60002,427,227760,0.168416,0,1,93442,93015,427
424141,1.9936,0.320005,429,229220,0.137683,0,1,93444,93015,429
427061,1.99872,0.064001,431,230680,0.0995366,0,1,93446,93015,431
429941,8.39974,0.0128002,441,232140,0.203907,0.08,1,93456,93015,441
431601,2.47995,7.20256,433,233600,0.208781,0.31,1,93457,93024,433
434521,156.496,161.441,428,235060,0.321756,0.31,1,93652,93224,428
437441,32.8992,32.2881,430,236520,0.344351,0.31,1,93654,93224,430
440361,8.17984,6.45762,432,237980,0.36487,0.31,1,93656,93224,432
443281,3.23597,1.29152,434,239440,0.368974,0.31,1,93658,93224,434
446161,2.24719,0.258305,436,240900,0.369795,0.21,1,93660,93224,436
449081,5.24944,4.85166,436,242360,0.305959,0.21,1,93666,93230,436
451361,2.64989,0.970332,438,243820,0.261192,0,1,93668,93230,438
454281,111.73,124.194,422,245280,0.0522384,0,1,93807,93385,422
457201,23.946,24.8388,424,246740,0.0104477,0,1,93809,93385,424
460121,6.3892,4.96776,426,248200,0.00208953,0,1,93811,93385,426
463041,2.87784,0.993552,428,249660,0.000417907,0,1,93813,93385,428
465961,2.17557,0.19871,430,251120,8.35813e-05,0,1,93815,93385,430
468001,2.03511,0.0397421,432,252580,1.67163e-05,0,1,93817,93385,432
470921,2.00702,4.00795,429,254040,3.34325e-06,0,1,93819,93390,429
473841,2.0014,0.80159,431,255500,6.68651e-07,0,1,93821,93390,431
476761,2.00028,0.160318,433,256960,1.3373e-07,0,1,93823,93390,433
478821,2.00006,0.0320636,435,258420,0.064,0.16,1,93825,93390,435
481741,2.00001,7.20641,428,259880,0.0448,0.16,1,93827,93399,428
484661,2,1.44128,430,261340,0.00896,0.16,1,93829,93399,430
487581,2,0.288256,432,262800,0.001792,0.16,1,93831,93399,432
490501,2,0.0576513,434,264260,0.0003584,0.16,1,93833,93399,434
492341,1.2,0.0115303,435,265720,0.00807168,0.21,1,93834,93399,435
495261,1.84,11.2023,423,267180,0.00161434,0.21,1,93836,93413,423
498181,1.968,2.24046,425,268640,0.192323,0.21,1,93838,93413,425
501101,1.9936,0.448092,427,270100,0.198465,0.21,1,93840,93413,427
504021,1.99872,0.0896184,429,271560,0.239693,0.21,1,93842,93413,429
506941,1.99974,0.0179237,431,273020,0.215939,0.21,1,93844,93413,431
509601,1.99995,0.00358474,433,274480,0.179188,0.12,1,93846,93413,433
512521,1.99999,4.00072,430,275940,0.139838,0.12,1,93848,93418,430
515441,2,0.800143,432,277400,0.0999675,0.12,1,93850,93418,432
517921,2,0.160029,434,278860,0.0679935,0.2,1,93852,93418,434
520841,2,6.43201,428,280320,0.197599,0.2,1,93854,93426,428
523761,2,1.2864,430,281780,0.18352,0.2,1,93856,93426,430
526681,2,0.25728,432,283240,0.148704,0.2,1,93858,93426,432
528741,2,0.051456,434,284700,0.109741,0.25,1,93860,93426,434
530821,2,2.41029,433,286160,0.0699482,0.24,1,93862,93429,433
533741,2,6.08206,428,287620,0.0299896,0.24,1,93864,93436,428
536661,2,1.21641,430,289080,0.00599793,0.24,1,93866,93436,430
539581,2,0.243282,432,290540,0.1932,0.24,1,93868,93436,432
541841,2,0.0486565,434,292000,0.19864,0.13,1,93870,93436,434
544761,2,6.40973,428,293460,0.167728,0.13,1,93872,93444,428
547681,2,1.28195,430,294920,0.129546,0.13,1,93874,93444,430
550601,2,0.256389,432,296380,0.0899091,0.13,1,93876,93444,432
552241,1.2,0.0512778,433,297840,0.0659818,0.17,1,93877,93444,433
555161,5.04,5.61026,432,299300,0.213196,0.17,1,93883,93451,432
557441,2.608,1.12205,434,300760,0.210639,0.29,1,93885,93451,434
560361,8.5216,8.22441,434,302220,0.242128,0.29,1,93895,93461,434
562641,3.30432,1.64488,436,303680,0.224426,0.29,1,93897,93461,436
565561,159.861,164.329,430,305140,0.340885,0.29,1,94096,93666,430
568481,33.5722,32.8658,432,306600,0.364177,0.29,1,94098,93666,432
571401,8.31443,6.57316,434,308060,0.336835,0.29,1,94100,93666,434
574321,3.26289,1.31463,436,309520,0.331367,0.29,1,94102,93666,436
577201,2.25258,0.262926,438,310980,0.330273,0.17,1,94104,93666,438
580121,6.85052,6.45259,438,312440,0.234055,0.17,1,94112,93674,438
582401,2.9701,1.29052,440,313900,0.270811,0,1,94114,93674,440
585321,97.394,111.458,422,315360,0.142162,0,1,94235,93813,422
588241,21.0788,22.2916,424,316820,0.0844324,0,1,94237,93813,424
590721,5.81576,4.45832,426,318280,0.0408865,0.04,1,94239,93813,426
593641,9.16315,12.0917,422,319740,0.0081773,0.04,1,94249,93827,422
596561,3.43263,2.41833,424,321200,0.00163546,0.04,1,94251,93827,424
599481,2.28653,0.483667,426,322660,0.000327092,0.04,1,94253,93827,426
602401,2.05731,0.0967333,428,324120,0.0240654,0.04,1,94255,93827,428
605321,2.01146,0.0193467,430,325580,0.00481308,0.04,1,94257,93827,430
608241,2.00229,0.00386933,432,327040,0.000962617,0.04,1,94259,93827,432
610901,2.00046,0.000773866,434,328500,0.000192523,0,1,94261,93827,434
613821,2.00009,3.20015,432,329960,0.0960385,0,1,94263,93831,432
615681,1.20002,0.640031,433,331420,0.0992077,0.25,1,94264,93831,433
618601,1.84,8.92801,424,332880,0.0678415,0.25,1,94266,93842,424
621521,1.968,1.7856,426,334340,0.0295683,0.25,1,94268,93842,426
624441,1.9936,0.35712,428,335800,0.00591366,0.25,1,94270,93842,428
627361,1.99872,0.071424,430,337260,0.00118273,0.25,1,94272,93842,430
630281,1.99974,0.0142848,432,338720,0.000236546,0.25,1,94274,93842,432
632741,2.79995,0.00285696,435,340180,0.192047,0.18,1,94277,93842,435
635661,2.15999,11.2006,423,341640,0.198409,0.18,1,94279,93856,423
638581,2.032,2.24011,425,343100,0.167682,0.18,1,94281,93856,425
641501,2.0064,0.448023,427,344560,0.129536,0.18,1,94283,93856,427
644421,2.00128,0.0896046,429,346020,0.0899073,0.18,1,94285,93856,429
647341,2.00026,0.0179209,431,347480,0.0499815,0.18,1,94287,93856,431
650261,2.00005,0.00358418,433,348940,0.185996,0.18,1,94289,93856,433
652501,2.00001,0.000716836,435,350400,0.181199,0.24,1,94291,93856,435
655421,2,9.60014,425,351860,0.14824,0.24,1,94293,93868,425
658341,2,1.92003,427,353320,0.229648,0.24,1,94295,93868,427
661261,2,0.384006,429,354780,0.21393,0.24,1,94297,93868,429
664181,2,0.0768011,431,356240,0.178786,0.24,1,94299,93868,431
667101,2,0.0153602,433,357700,0.147757,0.24,1,94301,93868,433
669141,2,0.00307205,435,359160,0.109551,0.18,1,94303,93868,435
672061,2,2.40061,434,360620,0.0699103,0.18,1,94305,93871,434
674341,5.2,0.480123,440,362080,0.109982,0.27,1,94311,93871,440
677261,2.64,8.89602,431,363540,0.0859964,0.27,1,94313,93882,431
680181,2.128,1.7792,433,365000,0.201199,0.27,1,94315,93882,433
683101,2.0256,0.355841,435,366460,0.19224,0.27,1,94317,93882,435
684741,5.20512,0.0711682,441,367920,0.166448,0.17,1,94323,93882,441
687661,3.44102,7.21423,435,369380,0.20129,0.17,1,94326,93891,435
689941,4.6882,1.44285,440,370840,0.184258,0.26,1,94331,93891,440
692861,3.33764,6.68857,435,372300,0.132852,0.26,1,94334,93899,435
695141,159.868,1.33771,634,373760,0.14657,0.33,1,94533,93899,634
698061,33.5735,162.668,433,375220,0.149314,0.33,1,94535,94102,433
700981,8.3147,32.5335,435,376680,0.165863,0.33,1,94537,94102,435
703461,3.26294,6.5067,437,378140,0.169173,0.31,1,94539,94102,437
706381,2.25259,3.70134,436,379600,0.169835,0.31,1,94541,94105,436
708241,1.25052,0.740268,437,381060,0.185967,0.35,1,94542,94105,437
711161,10.6501,11.3481,436,382520,0.0451934,0.35,1,94555,94119,436
713441,3.73002,2.26961,438,383980,0.193039,0,1,94557,94119,438
716361,93.546,106.054,422,385440,0.0786077,0,1,94673,94251,422
719281,20.3092,21.2108,424,386900,0.0237215,0,1,94675,94251,424
722201,5.66184,4.24216,426,388360,0.0127443,0,1,94677,94251,426
723841,1.93237,0.848431,427,389820,0.00254886,0.1,1,94678,94251,427
726761,6.78647,10.5697,422,391280,0.000509772,0.1,1,94686,94264,422
729681,2.95729,2.11394,424,392740,0.000101954,0.1,1,94688,94264,424
732601,2.19146,0.422787,426,394200,2.03909e-05,0.1,1,94690,94264,426
735521,2.03829,0.0845575,428,395660,4.07818e-06,0.1,1,94692,94264,428
738441,2.00766,0.0169115,430,397120,8.15636e-07,0.1,1,94694,94264,430
741361,2.00153,0.0033823,432,398580,1.63127e-07,0.1,1,94696,94264,432
744281,2.00031,0.00067646,434,400040,3.26254e-08,0.1,1,94698,94264,434
746101,1.20006,0.000135292,435,401500,0.128,0.24,1,94699,94264,435
749021,1.84001,10.4,424,402960,0.1216,0.24,1,94701,94277,424
751941,1.968,2.08001,426,404420,0.08832,0.24,1,94703,94277,426
754861,1.9936,0.416001,428,405880,0.049664,0.24,1,94705,94277,428
757781,1.99872,0.0832002,430,407340,0.0099328,0.24,1,94707,94277,430
760701,1.99974,0.01664,432,408800,0.00198656,0.24,1,94709,94277,432
762741,1.99995,0.00332801,434,410260,0.176397,0.1,1,94711,94277,434
765661,1.99999,5.60067,429,411720,0.179279,0.1,1,94713,94284,429
768581,2,1.12013,431,413180,0.147856,0.1,1,94715,94284,431
771501,2,0.224027,433,414640,0.109571,0.1,1,94717,94284,433
773141,1.2,0.0448053,434,416100,0.0859142,0.25,1,94718,94284,434
776061,1.84,8.80896,425,417560,0.201183,0.25,1,94720,94295,425
778981,1.968,1.76179,427,419020,0.184237,0.25,1,94722,94295,427
781901,1.9936,0.352358,429,420480,0.148847,0.25,1,94724,94295,429
784821,1.99872,0.0704717,431,421940,0.109769,0.25,1,94726,94295,431
787701,1.99974,0.0140943,433,423400,0.0699539,0.08,1,94728,94295,433
790621,1.99995,7.20282,426,424860,0.0299908,0.08,1,94730,94304,426
793541,1.99999,1.44056,428,426320,0.149998,0.08,1,94732,94304,428
796461,2,0.288113,430,427780,0.142,0.08,1,94734,94304,430
799381,2,0.0576225,432,429240,0.1084,0.08,1,94736,94304,432
801221,4.4,0.0115245,437,430700,0.02168,0.25,1,94741,94304,437
804141,2.48,8.0023,429,432160,0.196336,0.25,1,94743,94314,429
807061,2.096,1.60046,431,433620,0.199267,0.25,1,94745,94314,431
809541,6.8192,0.320092,439,435080,0.135853,0.2,1,94753,94314,439
812461,2.96384,11.264,427,436540,0.203171,0.2,1,94755,94328,427
815381,2.19277,2.2528,429,438000,0.184634,0.2,1,94757,94328,429
818301,2.03855,0.450561,431,439460,0.180927,0.2,1,94759,94328,431
819941,4.40771,0.0901121,436,440920,0.164185,0.14,1,94764,94328,436
822861,2.48154,5.61802,431,442380,0.208837,0.14,1,94766,94335,431
823681,161.296,1.1236,632,443840,0.289767,0.13,1,94967,94335,632
826601,33.8593,168.225,424,445300,0.305953,0.13,1,94969,94545,424
829521,8.37185,33.6449,426,446760,0.309191,0.13,1,94971,94545,426
832441,3.27437,6.72899,428,448220,0.309838,0.13,1,94973,94545,428
835361,2.25487,1.3458,430,449680,0.277968,0.13,1,94975,94545,430
838281,2.05097,0.269159,432,451140,0.271594,0.13,1,94977,94545,432
840741,17.2102,0.0538319,453,452600,0.278319,0.19,1,94998,94545,453
843661,5.84204,19.2108,432,454060,0.295664,0.19,1,95001,94569,432
845941,87.5684,3.84215,540,455520,0.131133,0,1,95109,94569,540
848861,19.1137,95.9684,423,456980,0.0662265,0,1,95111,94688,423
851781,5.42274,19.1937,425,458440,0.0212453,0,1,95113,94688,425
854701,2.68455,3.83874,427,459900,0.00424906,0,1,95115,94688,427
856961,2.13691,0.767747,429,461360,0.000849812,0.16,1,95117,94688,429
859881,3.62738,8.95355,422,462820,0.000169962,0.16,1,95121,94699,422
862801,2.32548,1.79071,424,464280,3.39925e-05,0.16,1,95123,94699,424
865721,2.0651,0.358142,426,465740,6.7985e-06,0.16,1,95125,94699,426
868641,2.01302,0.0716284,428,467200,0.112001,0.16,1,95127,94699,428
871561,2.0026,0.0143257,430,468660,0.1024,0.16,1,95129,94699,430
874481,2.00052,0.00286514,432,470120,0.0684801,0.16,1,95131,94699,432
876101,1.2001,0.000573027,433,471580,0.045696,0,1,95132,94699,433
879021,1.84002,8.00011,425,473040,0.0091392,0,1,95134,94709,425
881941,1.968,1.60002,427,474500,0.00182784,0,1,95136,94709,427
884861,1.9936,0.320005,429,475960,0.000365568,0,1,95138,94709,429
887781,1.99872,0.0640009,431,477420,0.144073,0,1,95140,94709,431
889621,1.19974,0.0128002,432,478880,0.156815,0.23,1,95141,94709,432
892541,1.83995,8.80256,423,480340,0.127363,0.23,1,95143,94720,423
895461,1.96799,1.76051,425,481800,0.0894726,0.23,1,95145,94720,425
898381,1.9936,0.352102,427,483260,0.0498945,0.23,1,95147,94720,427
901301,1.99872,0.0704205,429,484720,0.0099789,0.23,1,95149,94720,429
903761,1.99974,0.0140841,431,486180,0.00199578,0.18,1,95151,94720,431
906681,2.79995,9.60282,422,487640,0.224399,0.18,1,95154,94732,422
909601,2.15999,1.92056,424,489100,0.27688,0.18,1,95156,94732,424
912521,2.032,0.384113,426,490560,0.255376,0.18,1,95158,94732,426
915441,2.0064,0.0768225,428,492020,0.219075,0.18,1,95160,94732,428
918361,2.00128,0.0153645,430,493480,0.179815,0.18,1,95162,94732,430
921281,2.00026,0.0030729,432,494940,0.259963,0.18,1,95164,94732,432
922901,4.40005,0.00061458,437,496400,0.187993,0.24,1,95169,94732,437
925821,2.48001,8.80012,428,497860,0.133599,0.24,1,95171,94743,428
928741,2.096,1.76002,430,499320,0.0907197,0.24,1,95173,94743,430
931661,2.0192,0.352005,432,500780,0.202144,0.24,1,95175,94743,432
933301,6.00384,0.070401,439,502240,0.184429,0.22,1,95182,94743,439
936221,2.80077,9.61408,429,503700,0.148886,0.22,1,95184,94755,429
939141,2.16015,1.92282,431,505160,0.229777,0.22,1,95186,94755,431
941621,5.23203,0.384563,437,506620,0.269955,0.22,1,95192,94755,437
944541,2.64641,8.87691,428,508080,0.245991,0.22,1,95194,94766,428
947461,2.12928,1.77538,430,509540,0.249198,0.22,1,95196,94766,430
950381,2.02586,0.355076,432,511000,0.21784,0.22,1,95198,94766,432
952021,5.20517,0.0710153,438,512460,0.171568,0.16,1,95204,94766,438
953681,2.64103,5.6142,433,513920,0.130314,0.31,1,95206,94773,433
956601,158.928,159.523,433,515380,0.290063,0.31,1,95404,94971,433
958261,34.1856,31.9046,436,516840,0.338013,0.28,1,95407,94971,436
961181,8.43713,14.3809,428,518300,0.347602,0.28,1,95409,94981,428
964101,3.28743,2.87618,430,519760,0.349521,0.28,1,95411,94981,430
967021,2.25749,0.575236,432,521220,0.349904,0.28,1,95413,94981,432
969281,2.0515,0.115047,434,522680,0.317981,0.32,1,95415,94981,434
972201,18.8103,18.423,434,524140,0.335596,0.32,1,95438,95004,434
974481,5.36206,3.6846,436,525600,0.339119,0,1,95440,95004,436
977401,79.4724,90.3369,422,527060,0.283824,0,1,95538,95116,422
980321,17.4945,18.0674,424,528520,0.240765,0,1,95540,95116,424
983241,5.0989,3.61348,426,529980,0.200153,0,1,95542,95116,426
984881,1.81978,0.722695,427,531440,0.176031,0.1,1,95543,95116,427
987801,6.76396,10.5445,422,532900,0.0432061,0.1,1,95551,95129,422
990721,2.95279,2.10891,424,534360,0.00864122,0.1,1,95553,95129,424
993641,2.19056,0.421782,426,535820,0.0657282,0.1,1,95555,95129,426
996561,2.03811,0.0843563,428,537280,0.0451456,0.1,1,95557,95129,428
999441,2.00762,0.0168713,430,538740,0.00902913,0.12,1,95559,95129,430
1002361,5.20152,11.2034,422,540200,0.00180583,0.12,1,95565,95143,422
1005281,2.6403,2.24067,424,541660,0.0803612,0.12,1,95567,95143,424
1008201,2.12806,0.448135,426,543120,0.0640722,0.12,1,95569,95143,426
1011121,2.02561,0.089627,428,544580,0.0288144,0.12,1,95571,95143,428
1014041,2.00512,0.0179254,430,546040,0.00576289,0.12,1,95573,95143,430
1016961,2.00102,0.00358508,432,547500,0.00115258,0.12,1,95575,95143,432
1019881,2.0002,0.000717016,434,548960,0.000230516,0.12,1,95577,95143,434
1021701,1.20004,0.000143403,435,550420,0.0800461,0.08,1,95578,95143,435
1023361,1.04001,1.60003,434,551880,0.0800092,0,1,95579,95145,434
1026281,1.808,5.92001,429,553340,0.0480018,0,1,95581,95152,429
1029201,1.9616,1.184,431,554800,0.0816004,0,1,95583,95152,431
1032121,1.99232,0.2368,433,556260,0.0643201,0,1,95585,95152,433
1034801,1.99846,0.04736,435,557720,0.028864,0.28,1,95587,95152,435
1037721,1.99969,9.60947,425,559180,0.0057728,0.28,1,95589,95164,425
1040641,1.99994,1.92189,427,560640,0.00115456,0.28,1,95591,95164,427
1043561,1.99999,0.384379,429,562100,0.192231,0.28,1,95593,95164,429
1046481,2,0.0768758,431,563560,0.198446,0.28,1,95595,95164,431
1049361,2,0.0153752,433,565020,0.167689,0.23,1,95597,95164,433
1052281,5.2,8.80308,428,566480,0.185538,0.23,1,95603,95175,428
1055201,2.64,1.76061,430,567940,0.149108,0.23,1,95605,95175,430
1058121,2.128,0.352123,432,569400,0.109822,0.23,1,95607,95175,432
1059761,1.2256,0.0704246,433,570860,0.0859643,0.14,1,95608,95175,433
1062681,7.44512,7.21409,433,572320,0.145193,0.14,1,95617,95184,433
1065381,6.28902,1.44282,439,573780,0.125039,0.25,1,95623,95184,439
1068301,2.8578,9.88856,429,575240,0.121008,0.25,1,95625,95196,429
1071221,2.17156,1.97771,431,576700,0.216202,0.25,1,95627,95196,431
1074141,2.03431,0.395543,433,578160,0.20324,0.25,1,95629,95196,433
1076821,6.80686,0.0791085,441,579620,0.136648,0.12,1,95637,95196,441
1079741,2.96137,8.01582,433,581080,0.17133,0.12,1,95639,95206,433
1082641,2.19227,1.60316,435,582540,0.202266,0.22,1,95641,95206,435
1084721,10.0385,7.52063,438,584000,0.232453,0.25,1,95653,95215,438
1087641,158.008,165.504,428,585460,0.278491,0.25,1,95848,95420,428
1090561,33.2015,33.1008,430,586920,0.287698,0.25,1,95850,95420,430
1093481,8.24031,6.62016,432,588380,0.28954,0.25,1,95852,95420,432
1096401,3.24806,1.32403,434,589840,0.289908,0.25,1,95854,95420,434
1099321,2.24961,0.264807,436,591300,0.289982,0.25,1,95856,95420,436
1101781,23.6499,0.0529613,465,592760,0.297996,0.27,1,95885,95420,465
1104701,6.32998,24.0106,437,594220,0.299599,0.27,1,95887,95450,437
1106981,62.866,4.80212,514,595680,0.32392,0.17,1,95964,95450,514
1109901,14.1732,75.3604,423,597140,0.328784,0.17,1,95966,95543,423
1112821,4.43464,15.0721,425,598600,0.329757,0.17,1,95968,95543,425
1115301,2.48693,3.01442,427,600060,0.329951,0.05,1,95970,95543,427
1117381,6.09739,5.40288,428,601520,0.24999,0.06,1,95977,95549,428
1120301,2.81948,6.68058,423,602980,0.201998,0.06,1,95979,95556,423
1123221,2.1639,1.33612,425,604440,0.1604,0.06,1,95981,95556,425
1125701,6.03278,0.267223,432,605900,0.16008,0.1,1,95988,95556,432
1128621,2.80656,8.85344,423,607360,0.128016,0.1,1,95990,95567,423
1131541,2.16131,1.77069,425,608820,0.0896032,0.1,1,95992,95567,425
1134021,2.03226,0.354138,427,610280,0.0499206,0.02,1,95994,95567,427
1136941,2.00645,3.27083,425,611740,0.00998413,0.02,1,95996,95571,425
1138801,1.20129,0.654165,426,613200,0.00199683,0.11,1,95997,95571,426
1141721,5.84026,8.93083,422,614660,0.0483994,0.11,1,96004,95582,422
1144641,2.76805,1.78617,424,616120,0.0816799,0.11,1,96006,95582,424
1147561,2.15361,0.357233,426,617580,0.064336,0.11,1,96008,95582,426
1150481,2.03072,0.0714467,428,619040,0.0288672,0.11,1,96010,95582,428
1153401,2.00614,0.0142893,430,620500,0.00577344,0.11,1,96012,95582,430
1156321,2.00123,0.00285787,432,621960,0.00115469,0.11,1,96014,95582,432
1157941,1.20025,0.000571573,433,623420,0.000230938,0,1,96015,95582,433
1160861,1.84005,6.40011,427,624880,0.0480462,0,1,96017,95590,427
1163781,1.96801,1.28002,429,626340,0.0656092,0,1,96019,95590,429
1166701,1.9936,0.256005,431,627800,0.0451218,0,1,96021,95590,431
1169381,5.19872,0.0512009,437,629260,0.00902437,0.19,1,96027,95590,437
1172301,2.63974,10.4102,426,630720,0.129805,0.19,1,96029,95603,426
1175221,2.12795,2.08205,428,632180,0.121961,0.19,1,96031,95603,428
1178141,2.02559,0.41641,430,633640,0.0883922,0.19,1,96033,95603,430
1180401,2.00512,0.0832819,432,635100,0.169678,0.18,1,96035,95603,432
1183321,6.80102,10.4167,427,636560,0.185936,0.18,1,96043,95616,427
1186241,2.9602,2.08333,429,638020,0.165187,0.18,1,96045,95616,429
1189161,2.19204,0.416666,431,639480,0.161037,0.18,1,96047,95616,431
1190801,1.23841,0.0833332,432,640940,0.144207,0.24,1,96048,95616,432
1193721,5.04768,8.81667,427,642400,0.172841,0.24,1,96054,95627,427
1196641,2.60954,1.76333,429,643860,0.146568,0.24,1,96056,95627,429
1199121,2.12191,0.352667,431,645320,0.109314,0.22,1,96058,95627,431
1202041,2.02438,2.47053,430,646780,0.189863,0.22,1,96060,95630,430
1204321,2.00488,0.494107,432,648240,0.213973,0.21,1,96062,95630,432
1207241,6.80098,8.89882,429,649700,0.226795,0.21,1,96070,95641,429
1210161,2.9602,1.77976,431,651160,0.189359,0.21,1,96072,95641,431
1212021,10.992,0.355953,444,652620,0.181872,0.24,1,96085,95641,444
1214941,3.79841,11.2712,432,654080,0.220374,0.24,1,96087,95655,432
1217221,157.56,2.25424,628,655540,0.196075,0.31,1,96283,95655,628
1220141,33.1119,160.451,430,657000,0.191215,0.31,1,96285,95855,430
1223061,8.22239,32.0902,432,658460,0.190243,0.31,1,96287,95855,432
1225981,3.24448,6.41803,434,659920,0.190049,0.31,1,96289,95855,434
1228661,8.6489,1.28361,444,661380,0.0940097,0.3,1,96299,95855,444
1230321,3.32978,8.25672,436,662840,0.0428019,0.27,1,96301,95865,436
1233241,27.866,29.6513,435,664300,0.17656,0.27,1,96335,95900,435
1235521,7.17319,5.93027,437,665760,0.203312,0.25,1,96337,95900,437
1238441,51.8346,61.9861,424,667220,0.224662,0.25,1,96400,95976,424
1241361,11.9669,12.3972,426,668680,0.228932,0.25,1,96402,95976,426
1244281,3.99339,2.47944,428,670140,0.229786,0.25,1,96404,95976,428
1245921,1.59868,0.495888,429,671600,0.213957,0.18,1,96405,95976,429
1248841,3.51974,8.89918,422,673060,0.210791,0.18,1,96409,95987,422
1251761,2.30395,1.77984,424,674520,0.178158,0.18,1,96411,95987,424
1254241,2.06079,0.355967,426,675980,0.139632,0.1,1,96413,95987,426
1257161,2.01216,3.27119,424,677440,0.0999263,0.1,1,96415,95991,424
1259441,2.00243,0.654239,426,678900,0.0599853,0.02,1,96417,95991,426
1262361,2.00049,3.33085,424,680360,0.139997,0.02,1,96419,95995,424
1264641,2.0001,0.66617,426,681820,0.123999,0.11,1,96421,95995,426
1267561,5.20002,8.13323,422,683280,0.0247999,0.11,1,96427,96005,422
1270481,2.64,1.62665,424,684740,0.00495998,0.11,1,96429,96005,424
1273381,2.128,0.325329,426,686200,0.128992,0.06,1,96431,96005,426
1275041,1.2256,2.46507,424,687660,0.137798,0.06,1,96432,96008,424
1277961,5.84512,7.69301,422,689120,0.0915597,0.06,1,96439,96017,422
1280881,2.76902,1.5386,424,690580,0.0503119,0.06,1,96441,96017,424
1283801,2.1538,0.307721,426,692040,0.0100624,0.06,1,96443,96017,426
1286721,2.03076,0.0615441,428,693500,0.00201248,0.06,1,96445,96017,428
1288561,1.20615,0.0123088,429,694960,0.000402495,0,1,96446,96017,429
1291481,3.44123,4.80246,427,696420,0.0800805,0,1,96450,96023,427
1294401,2.28825,0.960492,429,697880,0.0640161,0,1,96452,96023,429
1296881,2.05765,0.192098,431,699340,0.0288032,0.1,1,96454,96023,431
1299801,3.61153,7.23842,426,700800,0.00576064,0.1,1,96458,96032,426
1302721,2.32231,1.44768,428,702260,0.0251521,0.1,1,96460,96032,428
1305641,2.06446,0.289537,430,703720,0.14903,0.1,1,96462,96032,430
1307701,5.21289,0.0579073,436,705180,0.197806,0.13,1,96468,96032,436
1310621,2.64258,6.41158,430,706640,0.175561,0.13,1,96470,96040,430
1312901,3.72852,1.28232,434,708100,0.0991122,0.16,1,96474,96040,434
1315821,2.3457,7.45646,427,709560,0.0838225,0.16,1,96476,96049,427
1318741,2.06914,1.49129,429,711020,0.168765,0.16,1,96478,96049,429
1321661,2.01383,0.298259,431,712480,0.161753,0.16,1,96480,96049,431
1323301,5.20277,0.0596517,437,713940,0.152351,0.23,1,96486,96049,437
1326221,2.64055,8.01193,429,715400,0.14247,0.23,1,96488,96059,429
1329141,2.12811,1.60239,431,716860,0.116494,0.23,1,96490,96059,431
1331621,6.82562,0.320477,439,718320,0.0632988,0.18,1,96498,96059,439
1334541,2.96512,10.4641,428,719780,0.14066,0.18,1,96500,96072,428
1337441,2.19302,2.09282,430,721240,0.124132,0.18,1,96502,96072,430
1340361,5.23861,3.61856,432,722700,0.112826,0.18,1,96508,96076,432
1342021,13.0477,0.723713,447,724160,0.174565,0.24,1,96523,96076,447
1344941,4.20954,15.3447,430,725620,0.186913,0.24,1,96525,96095,430
1347221,154.442,3.06895,622,727080,0.269383,0.17,1,96717,96095,622
1350141,32.4884,159.814,425,728540,0.285877,0.17,1,96719,96294,425
1353061,8.09768,31.9628,427,730000,0.289175,0.17,1,96721,96294,427
1355981,3.21954,6.39255,429,731460,0.289835,0.17,1,96723,96294,429
1357621,6.24391,1.27851,436,732920,0.241967,0.05,1,96730,96294,436
1360541,2.84878,6.6557,430,734380,0.256393,0.05,1,96732,96302,430
1362821,34.9698,1.33114,473,735840,0.347279,0.17,1,96775,96302,473
1365741,9.39395,36.2662,431,737300,0.349456,0.17,1,96778,96347,431
1368021,43.4788,7.25325,483,738760,0.365891,0.25,1,96830,96347,483
1370941,10.2958,49.4506,425,740220,0.369178,0.25,1,96832,96407,425
1373861,3.65915,9.89013,427,741680,0.369836,0.25,1,96834,96407,427
1376781,2.33183,1.97803,429,743140,0.369967,0.25,1,96836,96407,429
1378421,3.66637,0.395605,433,744600,0.369993,0.16,1,96840,96407,433
1381341,2.33327,9.67912,423,746060,0.337999,0.16,1,96842,96419,423
1384261,2.06665,1.93582,425,747520,0.2996,0.16,1,96844,96419,425
1387181,2.01333,0.387165,427,748980,0.25992,0.16,1,96846,96419,427
1390101,2.00267,0.077433,429,750440,0.219984,0.16,1,96848,96419,429
1391941,1.20053,0.0154866,430,751900,0.195997,0,1,96849,96419,430
1394861,1.84011,7.2031,423,753360,0.279199,0,1,96851,96428,423
1397761,1.96802,1.44062,425,754820,0.26384,0.08,1,96853,96428,425
1400681,6.7936,9.08812,422,756280,0.132768,0.08,1,96861,96439,422
1403601,2.95872,1.81762,424,757740,0.242554,0.08,1,96863,96439,424
1406081,2.19174,0.363525,426,759200,0.232511,0.1,1,96865,96439,426
1409001,6.83835,8.87271,423,760660,0.166502,0.1,1,96873,96450,423
1411921,2.96767,1.77454,425,762120,0.1213,0.1,1,96875,96450,425
1414841,2.19353,0.354908,427,763580,0.14426,0.1,1,96877,96450,427
1417761,2.03871,0.0709816,429,765040,0.116852,0.1,1,96879,96450,429
1419601,1.20774,0.0141963,430,766500,0.12737,0,1,96880,96450,430
1422521,3.44155,5.60284,427,767960,0.129474,0,1,96884,96457,427
1425441,2.28831,1.12057,429,769420,0.105895,0,1,96886,96457,429
1427921,2.05766,0.224114,431,770880,0.069179,0.14,1,96888,96457,431
1430841,5.21153,7.24482,428,772340,0.181836,0.14,1,96894,96466,428
1433761,2.64231,1.44896,430,773800,0.172367,0.14,1,96896,96466,430
1436241,2.12846,0.289793,432,775260,0.130473,0.14,1,96898,96466,432
1439161,2.02569,4.05796,429,776720,0.0900947,0.14,1,96900,96471,429
1441441,2.00514,0.811592,431,778180,0.0820189,0.08,1,96902,96471,431
1443521,3.60103,4.16232,430,779640,0.128404,0.14,1,96906,96476,430
1446441,5.52021,10.4325,424,781100,0.0496808,0.14,1,96912,96488,424
1449361,2.70404,2.08649,426,782560,0.00993615,0.14,1,96914,96488,426
1452281,2.14081,0.417299,428,784020,0.161987,0.14,1,96916,96488,428
1453921,1.22816,0.0834597,429,785480,0.176397,0.05,1,96917,96488,429
1456841,6.64563,8.01669,427,786940,0.155279,0.05,1,96925,96498,427
1459761,2.92913,1.60334,429,788400,0.111056,0.05,1,96927,96498,429
1461621,2.98583,0.320668,432,789860,0.0862112,0.16,1,96930,96498,432
1464541,2.19717,4.86413,428,791320,0.0972422,0.16,1,96932,96504,428
1467461,2.03943,0.972827,430,792780,0.107448,0.16,1,96934,96504,430
1469941,6.80789,0.194565,438,794240,0.13349,0.12,1,96942,96504,438
1472021,10.9616,6.43891,442,795700,0.154698,0.19,1,96954,96512,442
1474101,9.39232,11.6878,438,797160,0.17494,0.2,1,96963,96525,438
1475761,3.47846,8.73756,432,798620,0.178988,0.29,1,96965,96533,432
1478681,151.096,152.148,432,800080,0.203798,0.29,1,97153,96721,432
1480961,31.8191,30.4295,434,801540,0.20876,0.27,1,97155,96721,434
1483881,11.1638,11.6859,433,803000,0.209752,0.27,1,97161,96728,433
1486161,3.83277,2.33718,435,804460,0.20995,0.31,1,97163,96728,435
1489081,9.56655,9.26744,435,805920,0.0979901,0.31,1,97174,96739,435
1491361,3.51331,1.85349,437,807380,0.195598,0.39,1,97176,96739,437
1494281,35.1027,34.7707,437,808840,0.15912,0.39,1,97219,96782,437
1496561,8.62053,6.95414,439,810300,0.183824,0.37,1,97221,96782,439
1499481,40.9241,47.7908,430,811760,0.172765,0.37,1,97270,96840,430
1502401,9.78482,9.55817,432,813220,0.170553,0.37,1,97272,96840,432
1505321,3.55696,1.91163,434,814680,0.170111,0.37,1,97274,96840,434
1506961,1.51139,0.382327,435,816140,0.186022,0.3,1,97275,96840,435
1509881,1.90228,8.87647,426,817600,0.189204,0.3,1,97277,96851,426
1512801,1.98046,1.77529,428,819060,0.189841,0.3,1,97279,96851,428
1515721,1.99609,0.355059,430,820520,0.157968,0.3,1,97281,96851,430
1518641,1.99922,0.0710117,432,821980,0.119594,0.3,1,97283,96851,432
1521561,1.99984,0.0142023,434,823440,0.0799187,0.3,1,97285,96851,434
1524021,1.99997,0.00284047,436,824900,0.0399837,0.22,1,97287,96851,436
1526941,1.99999,3.20057,434,826360,0.00799675,0.22,1,97289,96855,434
1528801,1.2,0.640114,435,827820,0.00159935,0.23,1,97290,96855,435
1531721,1.84,8.12802,427,829280,0.00031987,0.23,1,97292,96865,427
1534001,1.968,1.6256,429,830740,0.192064,0.15,1,97294,96865,429
1536921,5.1936,6.72512,427,832200,0.134413,0.15,1,97300,96873,427
1538581,4.23872,1.34502,431,833660,0.202883,0.12,1,97304,96873,431
1541501,3.24774,7.46901,425,835120,0.208577,0.12,1,97307,96882,425
1544421,2.24955,1.4938,427,836580,0.265715,0.12,1,97309,96882,427
1547341,2.04991,0.29876,429,838040,0.245143,0.12,1,97311,96882,429
1550261,2.00998,0.059752,431,839500,0.209029,0.12,1,97313,96882,431
1552101,2.802,0.0119504,434,840960,0.217806,0.21,1,97316,96882,434
1555021,2.1604,8.80239,425,842420,0.195561,0.21,1,97318,96893,425
1557941,2.03208,1.76048,427,843880,0.167112,0.21,1,97320,96893,427
1560421,6.00642,0.352096,434,845340,0.257422,0.16,1,97327,96893,434
1563341,2.80128,9.67042,424,846800,0.243484,0.16,1,97329,96905,424
1566261,2.16026,1.93408,426,848260,0.208697,0.16,1,97331,96905,426
1569181,2.03205,0.386817,428,849720,0.257739,0.16,1,97333,96905,428
1572101,2.00641,0.0773633,430,851180,0.267548,0.16,1,97335,96905,430
1573941,4.40128,0.0154727,435,852640,0.21351,0,1,97340,96905,435
1576641,2.48026,7.20309,428,854100,0.170702,0.1,1,97342,96914,428
1579561,7.69605,11.8406,424,855560,0.17814,0.1,1,97351,96927,424
1582481,3.13921,2.36812,426,857020,0.147628,0.1,1,97353,96927,426
1585401,2.22784,0.473625,428,858480,0.141526,0.1,1,97355,96927,428
1587041,1.24557,0.0947249,429,859940,0.156305,0.14,1,97356,96927,429
1589961,8.24911,12.0189,424,861400,0.191261,0.14,1,97366,96942,424
1592881,3.24982,2.40379,426,862860,0.166252,0.14,1,97368,96942,426
1595801,2.24996,0.480758,428,864320,0.28125,0.14,1,97370,96942,428
1598481,2.04999,0.0961515,430,865780,0.29625,0.07,1,97372,96942,430
1600561,5.21,4.01923,431,867240,0.26725,0.21,1,97378,96947,431
1602641,9.042,8.80385,431,868700,0.18145,0.22,1,97388,96957,431
1605561,11.4084,11.3608,431,870160,0.22829,0.22,1,97400,96969,431
1608261,152.682,2.27215,619,871620,0.325658,0.19,1,97588,96969,619
1611181,32.1363,156.454,426,873080,0.345132,0.19,1,97590,97164,426
1614101,8.02727,31.2909,428,874540,0.349026,0.19,1,97592,97164,428
1617021,3.20545,6.25818,430,876000,0.349805,0.19,1,97594,97164,430
1618661,15.8411,1.25164,449,877460,0.373961,0.15,1,97613,97164,449
1621581,4.76822,18.6503,428,878920,0.378792,0.15,1,97615,97187,428
1623861,33.7536,3.73007,469,880380,0.371758,0.13,1,97656,97187,469
1626781,9.15073,35.146,429,881840,0.386352,0.13,1,97659,97230,429
1629061,37.8301,7.0292,474,883300,0.38927,0.11,1,97704,97230,474
1631981,9.16603,43.8058,423,884760,0.389854,0.11,1,97706,97283,423
1634901,3.43321,8.76117,425,886220,0.389971,0.11,1,97708,97283,425
1637821,2.28664,1.75223,427,887680,0.389994,0.11,1,97710,97283,427
1640741,2.05733,0.350447,429,889140,0.357999,0.11,1,97712,97283,429
1643661,2.01147,0.0700893,431,890600,0.3196,0.11,1,97714,97283,431
1646321,2.00229,0.0140179,433,892060,0.27992,0,1,97716,97283,433
1649241,2.00046,5.6028,428,893520,0.239984,0,1,97718,97290,428
1652161,2.00009,1.12056,430,894980,0.287997,0,1,97720,97290,430
1655081,2.00002,0.224112,432,896440,0.265599,0,1,97722,97290,432
1657761,2,0.0448224,434,897900,0.22912,0,1,97724,97290,434
1659841,2,1.60896,434,899360,0.189824,0.16,1,97726,97292,434
1662761,5.2,5.12179,434,900820,0.205965,0.16,1,97732,97298,434
1665041,2.64,1.02436,436,902280,0.177193,0.24,1,97734,97298,436
1667121,2.128,4.20487,433,903740,0.147439,0.25,1,97736,97303,433
1670041,3.6256,9.64097,426,905200,0.261488,0.25,1,97740,97314,426
1672961,2.32512,1.92819,428,906660,0.252298,0.25,1,97742,97314,428
1675881,2.06502,0.385639,430,908120,0.25846,0.25,1,97744,97314,430
1678801,2.013,0.0771278,432,909580,0.227692,0.25,1,97746,97314,432
1680641,1.2026,0.0154256,433,911040,0.205538,0.13,1,97747,97314,433
1683561,4.24052,5.60309,431,912500,0.225108,0.13,1,97752,97321,431
1686481,2.4481,1.12062,433,913960,0.189022,0.13,1,97754,97321,433
1688961,2.08962,0.224123,435,915420,0.237804,0.27,1,97756,97321,435
1691881,5.21792,9.64483,429,916880,0.247561,0.27,1,97762,97333,429
1694801,2.64358,1.92896,431,918340,0.241512,0.27,1,97764,97333,431
1697281,2.12872,0.385793,433,919800,0.208302,0.23,1,97766,97333,433
1700201,8.42574,10.4772,430,921260,0.20966,0.23,1,97776,97346,430
1703121,3.28515,2.09543,432,922720,0.185932,0.23,1,97778,97346,432
1706041,2.25703,0.419086,434,924180,0.181186,0.23,1,97780,97346,434
1707681,1.25141,0.0838173,435,925640,0.268237,0.32,1,97781,97346,435
1710601,6.65028,9.61676,431,927100,0.229647,0.32,1,97789,97358,431
1713521,2.93006,1.92335,433,928560,0.197929,0.32,1,97791,97358,433
1716441,2.18601,0.384671,435,930020,0.279586,0.32,1,97793,97358,435
1718081,1.2372,0.0769341,436,931480,0.303917,0.31,1,97794,97358,436
1721001,6.64744,9.61539,432,932940,0.252783,0.31,1,97802,97370,432
1723281,2.92949,1.92308,434,934400,0.266557,0.25,1,97804,97370,434
1726201,5.3859,7.58462,431,935860,0.229311,0.25,1,97810,97379,431
1729121,2.67718,1.51692,433,937320,0.277862,0.25,1,97812,97379,433
1731601,2.13544,0.303385,435,938780,0.255572,0.26,1,97814,97379,435
1733681,14.8271,14.4607,435,940240,0.291114,0.26,1,97832,97397,435
1735761,14.1654,14.0921,435,941700,0.274223,0.35,1,97846,97411,435
1738681,149.233,150.818,433,943160,0.286845,0.35,1,98029,97596,433
1741601,31.4466,30.1637,435,944620,0.289369,0.35,1,98031,97596,435
1744521,7.88932,6.03274,437,946080,0.289874,0.35,1,98033,97596,437
1747201,3.17786,1.20655,439,947540,0.289975,0.34,1,98035,97596,439
1750121,22.2356,23.4413,437,949000,0.265995,0.34,1,98062,97625,437
1752401,6.04711,4.68826,439,950460,0.261199,0.33,1,98064,97625,439
1755321,38.0094,38.5377,438,951920,0.26824,0.33,1,98110,97672,438
1757601,9.20188,7.70753,440,953380,0.269648,0.41,1,98112,97672,440
1760521,25.0404,31.1415,432,954840,0.28593,0.41,1,98141,97709,432
1763441,6.60808,6.2283,434,956300,0.289186,0.41,1,98143,97709,434
1765921,2.92161,1.24566,436,957760,0.281837,0.23,1,98145,97709,436
1768841,2.18432,7.44913,429,959220,0.288367,0.23,1,98147,97718,429
1771761,2.03686,1.48983,431,960680,0.289674,0.23,1,98149,97718,431
1774681,2.00737,0.297965,433,962140,0.257935,0.23,1,98151,97718,433
1777361,2.00147,0.059593,435,963600,0.219587,0.16,1,98153,97718,435
1780281,2.00029,7.21192,428,965060,0.179917,0.16,1,98155,97727,428
1783201,2.00006,1.44238,430,966520,0.139983,0.16,1,98157,97727,430
1786121,2.00001,0.288477,432,967980,0.0999967,0.16,1,98159,97727,432
1789041,2,0.0576953,434,969440,0.211999,0.16,1,98161,97727,434
1790881,1.2,0.0115391,435,970900,0.2184,0.31,1,98162,97727,435
1793801,5.04,8.00231,431,972360,0.12368,0.31,1,98168,97737,431
1796721,2.608,1.60046,433,973820,0.072736,0.31,1,98170,97737,433
1799621,3.7216,0.320092,437,975280,0.222547,0.24,1,98174,97737,437
1802541,2.34432,6.46402,431,976740,0.252509,0.24,1,98176,97745,431
1805461,2.06886,1.2928,433,978200,0.226502,0.24,1,98178,97745,433
1807941,2.01377,0.258561,435,979660,0.1893,0.31,1,98180,97745,435
1810861,2.00275,2.45171,434,981120,0.14986,0.31,1,98182,97748,434
1813141,3.60055,0.490342,438,982580,0.173972,0.2,1,98186,97748,438
1815221,5.52011,4.09807,439,984040,0.0827944,0.26,1,98192,97753,439
1818141,2.70402,8.81961,431,985500,0.184559,0.26,1,98194,97763,431
1821061,2.1408,1.76392,433,986960,0.212912,0.26,1,98196,97763,433
1823541,4.42816,0.352785,438,988420,0.170582,0.21,1,98201,97763,438
1826461,3.28563,5.67056,434,989880,0.146116,0.21,1,98204,97770,434
1828321,1.45713,1.13411,435,991340,0.125223,0.31,1,98205,97770,435
1831241,5.09143,9.82682,429,992800,0.137045,0.31,1,98211,97782,429
1834161,2.61829,1.96536,431,994260,0.107409,0.31,1,98213,97782,431
1837081,2.12366,0.393073,433,995720,0.101482,0.31,1,98215,97782,433
1838721,1.22473,0.0786146,434,997180,0.0842964,0.3,1,98216,97782,434
1841641,7.44495,8.81572,432,998640,0.128859,0.3,1,98225,97793,432
1843921,3.08899,1.76314,434,1000100,0.105772,0.28,1,98227,97793,434
1846841,7.0178,5.95263,435,1001560,0.189154,0.28,1,98235,97800,435
1849121,3.00356,1.19053,437,1003020,0.173831,0.22,1,98237,97800,437
1852041,5.40071,8.23811,433,1004480,0.178766,0.22,1,98243,97810,433
1854321,2.68014,1.64762,435,1005940,0.179753,0.27,1,98245,97810,435
1857241,2.13603,2.72952,434,1007400,0.147951,0.27,1,98247,97813,434
1859521,2.02721,0.545905,436,1008860,0.14159,0.24,1,98249,97813,436
1862441,5.20544,4.90918,436,1010320,0.140318,0.24,1,98255,97819,436
1864101,13.8411,0.981836,452,1011780,0.172064,0.35,1,98271,97819,452
1866181,21.1682,13.7964,458,1013240,0.194413,0.32,1,98294,97836,458
1868261,145.834,21.1593,612,1014700,0.238883,0.15,1,98471,97859,612
1871181,31.5667,152.232,430,1016160,0.263777,0.15,1,98474,98044,430
1874101,7.91335,30.4464,432,1017620,0.268755,0.15,1,98476,98044,432
1877021,3.18267,6.08927,434,1019080,0.269751,0.15,1,98478,98044,434
1879701,18.2365,1.21785,456,1020540,0.30195,0.28,1,98500,98044,456
1882621,5.24731,20.2436,433,1022000,0.30039,0.28,1,98502,98069,433
1884901,40.2495,4.04871,482,1023460,0.308078,0.27,1,98551,98069,482
1887821,10.4499,41.6097,434,1024920,0.293616,0.27,1,98554,98120,434
1890101,18.09,8.32195,454,1026380,0.298723,0.27,1,98574,98120,454
1893021,5.218,25.6644,426,1027840,0.299745,0.27,1,98576,98150,426
1895941,2.6436,5.13288,428,1029300,0.299949,0.27,1,98578,98150,428
1898861,2.12872,1.02658,430,1030760,0.30799,0.27,1,98580,98150,430
1901781,2.02574,0.205315,432,1032220,0.309598,0.27,1,98582,98150,432
1903621,1.20515,0.041063,433,1033680,0.28592,0.22,1,98583,98150,433
1906541,1.84103,9.60821,423,1035140,0.305184,0.22,1,98585,98162,423
1909461,1.96821,1.92164,425,1036600,0.277037,0.22,1,98587,98162,425
1912381,1.99364,0.384328,427,1038060,0.239407,0.22,1,98589,98162,427
1915301,1.99873,0.0768657,429,1039520,0.199881,0.22,1,98591,98162,429
1918221,1.99975,0.0153731,431,1040980,0.159976,0.22,1,98593,98162,431
1919841,1.19995,0.00307463,432,1042440,0.135995,0.26,1,98594,98162,432
1922761,6.63999,9.60062,428,1043900,0.171199,0.26,1,98602,98174,428
1925681,2.928,1.92012,430,1045360,0.14624,0.26,1,98604,98174,430
1928581,2.1856,0.384025,432,1046820,0.141248,0.16,1,98606,98174,432
1931501,2.03712,7.27681,425,1048280,0.32425,0.16,1,98608,98183,425
1934421,2.00742,1.45536,427,1049740,0.32885,0.16,1,98610,98183,427
1937341,2.00148,0.291072,429,1051200,0.33777,0.16,1,98612,98183,429
1940261,2.0003,0.0582144,431,1052660,0.307554,0.16,1,98614,98183,431
1943141,6.80006,0.0116429,439,1054120,0.173511,0.22,1,98622,98183,439
1946061,2.96001,10.4023,428,1055580,0.266702,0.22,1,98624,98196,428
1948961,2.192,2.08047,430,1057040,0.25334,0.16,1,98626,98196,430
1951881,8.4384,11.6161,426,1058500,0.282668,0.16,1,98636,98210,426
1954801,3.28768,2.32322,428,1059960,0.256534,0.16,1,98638,98210,428
1957721,2.25754,0.464644,430,1061420,0.259307,0.16,1,98640,98210,430
1959361,1.25151,0.0929287,431,1062880,0.275861,0.24,1,98641,98210,431
1962281,5.0503,8.01859,427,1064340,0.319172,0.24,1,98647,98220,427
1965201,2.61006,1.60372,429,1065800,0.295834,0.24,1,98649,98220,429
1968121,2.12201,0.320743,431,1067260,0.259167,0.24,1,98651,98220,431
1969761,1.2244,0.0641487,432,1068720,0.243833,0.27,1,98652,98220,432
1972681,6.64488,8.01283,430,1070180,0.296767,0.27,1,98660,98230,430
1974961,2.92898,1.60257,432,1071640,0.267353,0.18,1,98662,98230,432
1977881,6.9858,10.7205,427,1073100,0.333471,0.18,1,98670,98243,427
1980161,2.99716,2.1441,429,1074560,0.346694,0.14,1,98672,98243,429
1983081,5.39943,10.0288,423,1076020,0.309339,0.14,1,98678,98255,423
1986001,2.67989,2.00576,425,1077480,0.357868,0.14,1,98680,98255,425
1988921,2.13598,0.401153,427,1078940,0.335574,0.14,1,98682,98255,427
1990561,1.2272,0.0802306,428,1080400,0.315115,0.18,1,98683,98255,428
1992641,9.84544,8.01605,430,1081860,0.287023,0.2,1,98695,98265,430
1994721,9.96909,9.60321,430,1083320,0.345405,0.19,1,98705,98275,430
1996801,27.5938,26.7206,431,1084780,0.405081,0.19,1,98737,98306,431
1999721,149.519,150.144,430,1086240,0.393016,0.19,1,98917,98487,430
2002641,31.5038,30.0288,432,1087700,0.390603,0.19,1,98919,98487,432
2005561,7.90075,6.00576,434,1089160,0.390121,0.19,1,98921,98487,434
2007201,2.38015,1.20115,435,1090620,0.374024,0.33,1,98922,98487,435
2010121,14.876,16.2402,433,1092080,0.274805,0.33,1,98940,98507,433
2013041,4.57521,3.24805,435,1093540,0.374961,0.33,1,98942,98507,435
2014901,39.315,0.649609,483,1095000,0.386992,0.33,1,98990,98507,483
2017821,10.263,40.9299,435,1096460,0.373398,0.33,1,98993,98558,435
2020101,16.4526,8.18598,453,1097920,0.36268,0.32,1,99011,98558,453
2023021,4.89052,22.4372,429,1099380,0.360536,0.32,1,99013,98584,429
2025941,2.5781,4.48744,431,1100840,0.360107,0.32,1,99015,98584,431
2028861,2.11562,0.897488,433,1102300,0.360021,0.32,1,99017,98584,433
2031781,2.02312,0.179498,435,1103760,0.392004,0.32,1,99019,98584,435
2034241,2.00462,0.0358995,437,1105220,0.398401,0.28,1,99021,98584,437
2037161,5.20093,10.4072,430,1106680,0.31168,0.28,1,99027,98597,430
2040081,2.64018,2.08144,432,1108140,0.262336,0.28,1,99029,98597,432
2043001,2.12804,0.416287,434,1109600,0.340467,0.28,1,99031,98597,434
2045921,2.02561,0.0832574,436,1111060,0.324093,0.28,1,99033,98597,436
2048841,2.00512,0.0166515,438,1112520,0.320819,0.28,1,99035,98597,438
2050881,2.00102,0.0033303,440,1113980,0.288164,0.34,1,99037,98597,440
2053801,3.6002,12.0007,429,1115440,0.321633,0.34,1,99041,98612,429
2056721,2.32004,2.40013,431,1116900,0.296327,0.34,1,99043,98612,431
2059641,2.06401,0.480027,433,1118360,0.347265,0.34,1,99045,98612,433
2062561,2.0128,0.0960053,435,1119820,0.325453,0.34,1,99047,98612,435
2065441,2.00256,0.0192011,437,1121280,0.313091,0.29,1,99049,98612,437
2068361,6.80051,9.60384,433,1122740,0.262618,0.29,1,99057,98624,433
2071281,2.9601,1.92077,435,1124200,0.220524,0.29,1,99059,98624,435
2073761,2.19202,0.384154,437,1125660,0.300105,0.26,1,99061,98624,437
2076681,6.8384,6.47683,437,1127120,0.332021,0.26,1,99069,98632,437
2079601,2.96768,1.29537,439,1128580,0.314404,0.26,1,99071,98632,439
2081461,4.59354,0.259073,444,1130040,0.294881,0.39,1,99076,98632,444
2084381,2.51871,9.65182,434,1131500,0.290976,0.39,1,99078,98644,434
2087301,2.10374,1.93036,436,1132960,0.354195,0.39,1,99080,98644,436
2090221,2.02075,0.386073,438,1134420,0.334839,0.39,1,99082,98644,438
2091861,6.80415,0.0772145,446,1135880,0.314968,0.38,1,99090,98644,446
2094781,2.96083,10.4154,435,1137340,0.278994,0.38,1,99092,98657,435
2097701,2.19217,2.08309,437,1138800,0.271799,0.38,1,99094,98657,437
2100621,2.03843,0.416618,439,1140260,0.27036,0.38,1,99096,98657,439
2102261,7.60769,0.0833235,448,1141720,0.374072,0.37,1,99105,98657,448
2105181,3.12154,9.61667,438,1143180,0.370814,0.37,1,99107,98669,438
2107461,4.62431,1.92333,443,1144640,0.354163,0.34,1,99112,98669,443
2110381,3.32486,5.98467,439,1146100,0.422833,0.34,1,99115,98676,439
2112661,2.26497,1.19693,441,1147560,0.404566,0.33,1,99117,98676,441
2115581,2.05299,5.03939,437,1149020,0.360913,0.33,1,99119,98682,437
2117861,5.2106,1.00788,443,1150480,0.376183,0.35,1,99125,98682,443
2120781,2.64212,5.00158,439,1151940,0.355237,0.35,1,99127,98688,439
2123061,13.3284,1.00032,455,1153400,0.407047,0.39,1,99143,98688,455
2125141,8.26568,13.0001,446,1154860,0.409409,0.36,1,99150,98704,446
2127221,28.0531,9.00001,471,1156320,0.409882,0.45,1,99183,98712,471
2129301,150.411,27.4,620,1157780,0.457976,0.27,1,99364,98744,620
2132221,32.4821,155.08,436,1159240,0.483595,0.27,1,99367,98931,436
2135141,8.09642,31.016,438,1160700,0.488719,0.27,1,99369,98931,438
2138061,3.21928,6.2032,440,1162160,0.489744,0.27,1,99371,98931,440
2139701,12.6439,1.24064,455,1163620,0.497949,0.36,1,99386,98931,455
2142621,4.12877,15.4481,438,1165080,0.49959,0.36,1,99388,98950,438
2144901,36.0258,3.08963,482,1166540,0.491918,0.39,1,99432,98950,482
2147821,8.80515,37.4179,438,1168000,0.490384,0.39,1,99434,98996,438
2150101,16.161,7.48358,456,1169460,0.498077,0.4,1,99452,98996,456
2153021,4.83221,19.8967,435,1170920,0.499615,0.4,1,99454,99019,435
2155941,2.56644,3.97934,437,1172380,0.499923,0.4,1,99456,99019,437
2158861,2.11329,0.795869,439,1173840,0.499985,0.4,1,99458,99019,439
2160501,3.62266,0.159174,443,1175300,0.499997,0.29,1,99462,99019,443
2163421,3.12453,6.43183,438,1176760,0.451999,0.29,1,99465,99027,438
2165281,1.42491,1.28637,439,1178220,0.4264,0.32,1,99466,99027,439
2168201,1.88498,5.05727,435,1179680,0.39728,0.32,1,99468,99033,435
2171121,1.977,1.01145,437,1181140,0.359456,0.32,1,99470,99033,437
2173601,1.9954,0.202291,439,1182600,0.463891,0.33,1,99472,99033,439
2176521,3.59908,6.44046,435,1184060,0.460778,0.33,1,99476,99041,435
2179441,2.31982,1.28809,437,1185520,0.428156,0.33,1,99478,99041,437
2181921,2.06396,0.257618,439,1186980,0.389631,0.31,1,99480,99041,439
2184841,2.01279,6.45152,433,1188440,0.485926,0.31,1,99482,99049,433
2187761,2.00256,1.2903,435,1189900,0.473185,0.31,1,99484,99049,435
2190681,2.00051,0.258061,437,1191360,0.470637,0.31,1,99486,99049,437
2193361,2.0001,0.0516122,439,1192820,0.438127,0.25,1,99488,99049,439
2196281,6.80002,6.41032,439,1194280,0.423625,0.25,1,99496,99057,439
2197941,6.96,1.28206,446,1195740,0.452725,0.34,1,99503,99057,446
2200861,2.992,9.85641,436,1197200,0.458545,0.34,1,99505,99069,436
2203781,2.1984,1.97128,438,1198660,0.427709,0.34,1,99507,99069,438
2206261,5.23968,0.394256,444,1200120,0.485542,0.29,1,99513,99069,444
2209181,2.64794,5.67885,439,1201580,0.465108,0.29,1,99515,99076,439
2211461,5.32959,1.13577,445,1203040,0.493022,0.4,1,99521,99076,445
2214381,2.66592,8.22715,437,1204500,0.498604,0.4,1,99523,99086,437
2217301,2.13318,1.64543,439,1205960,0.475721,0.4,1,99525,99086,439
2220221,2.02664,0.329086,441,1207420,0.439144,0.4,1,99527,99086,441
2221861,4.40533,0.0658172,446,1208880,0.471829,0.29,1,99532,99086,446
2224781,2.48107,5.61316,441,1210340,0.446366,0.29,1,99534,99093,441
2227061,7.69621,1.12263,450,1211800,0.489273,0.42,1,99543,99093,450
2229981,3.93924,9.02453,442,1213260,0.457855,0.42,1,99546,99104,442
2232261,3.98785,1.80491,446,1214720,0.523571,0.37,1,99550,99104,446
2235181,2.39757,5.96098,441,1216180,0.536714,0.37,1,99552,99111,441
2237461,6.07951,1.1922,448,1217640,0.467343,0.4,1,99559,99111,448
2240381,3.6159,10.6384,438,1219100,0.437469,0.4,1,99562,99124,438
2243301,2.32318,2.12769,440,1220560,0.399494,0.4,1,99564,99124,440
2246221,2.06464,0.425538,442,1222020,0.391899,0.4,1,99566,99124,442
2247861,2.81293,0.0851075,445,1223480,0.48638,0.27,1,99569,99124,445
2250781,2.16259,5.61702,440,1224940,0.473276,0.27,1,99571,99131,440
2253061,14.8325,1.1234,458,1226400,0.518655,0.44,1,99589,99131,458
2255761,4.5665,16.2247,440,1227860,0.527731,0.43,1,99591,99151,440
2257841,32.1133,32.8449,442,1229320,0.553546,0.51,1,99630,99188,442
2260761,151.223,153.769,439,1230780,0.534709,0.51,1,99811,99372,439
2263681,31.8445,30.7538,441,1232240,0.530942,0.51,1,99813,99372,441
2266601,7.96891,6.15076,443,1233700,0.530188,0.51,1,99815,99372,443
2268241,2.39378,1.23015,444,1235160,0.546038,0.5,1,99816,99372,444
2271161,14.8788,16.246,442,1236620,0.573208,0.5,1,99834,99392,442
2273441,4.57575,3.24921,444,1238080,0.578642,0.51,1,99836,99392,444
2276361,36.1152,36.6498,443,1239540,0.531728,0.51,1,99880,99437,443
2278641,8.82303,7.32997,445,1241000,0.522346,0.5,1,99882,99437,445
2281561,16.9646,19.866,441,1242460,0.480469,0.5,1,99901,99460,441
2284481,4.99292,3.9732,443,1243920,0.472094,0.5,1,99903,99460,443
2287401,2.59858,0.79464,445,1245380,0.494419,0.5,1,99905,99460,445
2289041,1.31972,0.158928,446,1246840,0.514884,0.51,1,99906,99460,446
2291961,3.46394,8.83179,439,1248300,0.518977,0.51,1,99910,99471,439
2294881,2.29279,1.76636,441,1249760,0.487795,0.51,1,99912,99471,441
2297801,2.05856,0.353271,443,1251220,0.449559,0.51,1,99914,99471,443
2300721,2.01171,0.0706543,445,1252680,0.465912,0.51,1,99916,99471,445
2302981,3.60234,0.0141309,449,1254140,0.493182,0.51,1,99920,99471,449
2305901,2.32047,8.80283,440,1255600,0.466636,0.51,1,99922,99482,440
2308821,2.06409,1.76057,442,1257060,0.429327,0.51,1,99924,99482,442
2311741,2.01282,0.352113,444,1258520,0.445865,0.51,1,99926,99482,444
2314421,2.00256,0.0704226,446,1259980,0.417173,0.43,1,99928,99482,446
2317341,2.00051,4.81408,442,1261440,0.411435,0.43,1,99930,99488,442
2320261,2.0001,0.962817,444,1262900,0.386287,0.43,1,99932,99488,444
2322741,10.8,0.192563,457,1264360,0.421257,0.48,1,99945,99488,457
2325661,4.56,11.2385,446,1265820,0.420251,0.48,1,99948,99502,446
2327941,2.512,2.2477,448,1267280,0.42005,0.43,1,99950,99502,448
2330861,2.1024,6.04954,443,1268740,0.50001,0.43,1,99952,99509,443
2333781,2.02048,1.20991,445,1270200,0.516002,0.43,1,99954,99509,445
2336261,7.6041,0.241982,454,1271660,0.4712,0.52,1,99963,99509,454
2339181,3.92082,8.8484,446,1273120,0.41424,0.52,1,99966,99520,446
2341461,3.98416,1.76968,450,1274580,0.410848,0.52,1,99970,99520,450
2344381,2.39683,8.35394,442,1276040,0.41017,0.52,1,99972,99530,442
2347301,2.07937,1.67079,444,1277500,0.466034,0.52,1,99974,99530,444
2350221,2.01587,0.334157,446,1278960,0.477207,0.52,1,99976,99530,446
2351861,5.20317,0.0668315,452,1280420,0.463441,0.38,1,99982,99530,452
2354781,4.24063,7.21337,447,1281880,0.396688,0.38,1,99986,99539,447
2357061,10.4481,1.44267,459,1283340,0.471338,0.47,1,99998,99539,459
2359981,3.68963,15.4885,442,1284800,0.494268,0.47,1,100000,99558,442
2362901,2.33793,3.09771,444,1286260,0.498854,0.47,1,100002,99558,444
2365821,2.06759,0.619541,446,1287720,0.499771,0.47,1,100004,99558,446
2367461,2.81352,0.123908,449,1289180,0.523954,0.39,1,100007,99558,449
2370381,2.1627,4.82478,445,1290640,0.496791,0.39,1,100009,99564,445
2372661,2.83254,0.964956,448,1292100,0.451358,0.53,1,100012,99564,448
2375581,2.96651,3.39299,447,1293560,0.474272,0.53,1,100015,99568,447
2377861,4.5933,0.678598,452,1295020,0.430854,0.49,1,100020,99568,452
2380781,3.31866,6.53572,447,1296480,0.406171,0.49,1,100023,99576,447
2383061,21.4637,1.30714,473,1297940,0.497234,0.48,1,100049,99576,473
2385981,5.89275,22.6614,447,1299400,0.523447,0.48,1,100051,99604,447
2388261,27.5785,4.53229,480,1300860,0.536689,0.56,1,100084,99604,480
2390341,144.716,28.1065,620,1302320,0.563338,0.57,1,100258,99638,620
2393261,30.5431,148.821,443,1303780,0.568668,0.57,1,100260,99817,443
2396181,7.70863,29.7643,445,1305240,0.569734,0.57,1,100262,99817,445
2399101,3.14173,5.95285,447,1306700,0.569947,0.57,1,100264,99817,447
2400741,24.6283,1.19057,477,1308160,0.593989,0.5,1,100294,99817,477
2403661,7.32567,26.6381,447,1309620,0.582798,0.5,1,100297,99850,447
2405941,33.4651,5.32762,487,1311080,0.57256,0.47,1,100337,99850,487
2408861,8.29303,35.4655,446,1312540,0.570512,0.47,1,100339,99893,446
2411141,8.05861,7.0931,454,1314000,0.586102,0.52,1,100347,99893,454
2414061,3.21172,10.2186,445,1315460,0.55722,0.52,1,100349,99904,445
2416341,3.04234,2.04372,448,1316920,0.535444,0.54,1,100352,99904,448
2419261,3.00847,2.80874,448,1318380,0.515089,0.54,1,100355,99907,448
2421541,2.20169,0.561749,450,1319840,0.511018,0.44,1,100357,99907,450
2424461,2.04034,5.71235,445,1321300,0.478204,0.44,1,100359,99914,445
2426741,3.60807,1.14247,449,1322760,0.559641,0.45,1,100363,99914,449
2429661,2.32161,9.82849,439,1324220,0.543928,0.45,1,100365,99926,439
2432581,2.06432,1.9657,441,1325680,0.508786,0.45,1,100367,99926,441
2435501,2.01286,0.39314,443,1327140,0.469757,0.45,1,100369,99926,443
2438421,2.00257,0.0786279,445,1328600,0.429951,0.45,1,100371,99926,445
2441301,2.00051,0.0157256,447,1330060,0.42199,0.41,1,100373,99926,447
2444221,2.0001,3.20315,445,1331520,0.508398,0.41,1,100375,99930,445
2446501,6.80002,0.640629,453,1332980,0.39768,0.48,1,100383,99930,453
2449421,2.96,8.12813,445,1334440,0.343536,0.48,1,100385,99940,445
2451281,1.392,1.62563,446,1335900,0.508707,0.44,1,100386,99940,446
2454201,6.6784,7.52513,445,1337360,0.533741,0.44,1,100394,99949,445
2456481,2.93568,1.50502,447,1338820,0.506748,0.47,1,100396,99949,447
2459401,6.98714,10.701,442,1340280,0.46135,0.47,1,100404,99962,442
2462321,2.99743,2.1402,444,1341740,0.42027,0.47,1,100406,99962,444
2464801,2.19949,0.42804,446,1343200,0.484054,0.41,1,100408,99962,446
2467721,5.2399,6.48561,444,1344660,0.512811,0.41,1,100414,99970,444
2470001,2.64798,1.29712,446,1346120,0.526562,0.45,1,100416,99970,446
2472921,2.1296,5.85942,441,1347580,0.481312,0.45,1,100418,99977,441
2475841,2.02592,1.17188,443,1349040,0.440262,0.45,1,100420,99977,443
2478761,2.00518,0.234377,445,1350500,0.520052,0.45,1,100422,99977,445
2480401,1.20104,0.0468754,446,1351960,0.55201,0.52,1,100423,99977,446
2483321,6.64021,8.00938,444,1353420,0.430402,0.52,1,100431,99987,444
2485601,2.92804,1.60187,446,1354880,0.49408,0.5,1,100433,99987,446
2488521,10.1856,13.9204,441,1356340,0.490816,0.5,1,100445,100004,441
2491441,3.63712,2.78407,443,1357800,0.482163,0.5,1,100447,100004,443
2493921,2.32742,0.556815,445,1359260,0.496433,0.5,1,100449,100004,445
2496841,5.26549,8.11136,441,1360720,0.715287,0.5,1,100455,100014,441
2499761,2.6531,1.62227,443,1362180,0.727057,0.5,1,100457,100014,443
2502681,2.13062,0.324454,445,1363640,0.689411,0.5,1,100459,100014,445
2504741,5.22612,0.0648909,451,1365100,0.649882,0.4,1,100465,100014,451
2507661,2.64522,7.21298,444,1366560,0.729976,0.4,1,100467,100023,444
2509941,13.329,1.4426,460,1368020,0.737995,0.48,1,100483,100023,460
2511601,4.26581,11.4885,448,1369480,0.699599,0.48,1,100485,100037,448
2514521,18.4532,22.2977,445,1370940,0.73992,0.48,1,100507,100062,445
2516801,5.29063,4.45954,447,1372400,0.747984,0.49,1,100509,100062,447
2518881,28.2581,28.8919,446,1373860,0.749597,0.59,1,100543,100097,446
2521801,137.652,140.178,443,1375320,0.781919,0.59,2,100708,100265,443
2524721,29.1303,28.0357,445,1376780,0.788384,0.59,2,100710,100265,445
2527641,7.42606,5.60713,447,1378240,0.789677,0.59,2,100712,100265,447
2529281,2.28521,1.12143,448,1379700,0.773935,0.62,2,100713,100265,448
2532201,29.257,29.0243,448,1381160,0.794787,0.62,2,100749,100301,448
2534481,7.45141,5.80486,450,1382620,0.798957,0.53,2,100751,100301,450
2537401,37.4903,41.961,444,1384080,0.767791,0.53,2,100796,100352,444
2540321,9.09806,8.39219,446,1385540,0.761558,0.53,2,100798,100352,446
2543241,3.41961,1.67844,448,1387000,0.768312,0.53,2,100800,100352,448
2544881,1.48392,0.335688,449,1388460,0.777662,0.58,2,100801,100352,449
2547801,3.49678,8.86714,442,1389920,0.755532,0.58,2,100805,100363,442
2550721,2.29936,1.77343,444,1391380,0.751107,0.58,2,100807,100363,444
2553641,2.05987,0.354685,446,1392840,0.718221,0.58,1,100809,100363,446
2555281,1.21197,0.0709371,447,1394300,0.695644,0.53,1,100810,100363,447
2558201,1.84239,9.61419,437,1395760,0.659129,0.53,1,100812,100375,437
2561121,1.96848,1.92284,439,1397220,0.771826,0.53,2,100814,100375,439
2564041,1.9937,0.384567,441,1398680,0.762365,0.53,2,100816,100375,441
2566961,1.99874,0.0769135,443,1400140,0.728473,0.53,1,100818,100375,443
2569881,1.99975,0.0153827,445,1401600,0.689695,0.53,1,100820,100375,445
2571921,1.99995,0.00307654,447,1403060,0.649939,0.49,1,100822,100375,447
2574841,3.59999,1.60062,449,1404520,0.713988,0.49,1,100826,100377,449
2576501,9.52,0.320123,460,1405980,0.582798,0.5,1,100837,100377,460
2579421,3.504,15.264,443,1407440,0.55656,0.5,1,100839,100396,443
2582341,2.3008,3.0528,445,1408900,0.735312,0.5,1,100841,100396,445
2584401,2.06016,0.610561,447,1410360,0.771062,0.45,2,100843,100396,447
2587321,6.81203,6.52211,447,1411820,0.770212,0.45,2,100851,100404,447
2588981,2.96241,1.30442,449,1413280,0.738043,0.54,1,100853,100404,449
2591901,2.99248,5.06088,446,1414740,0.707608,0.54,1,100856,100410,446
2594821,2.1985,1.01218,448,1416200,0.701522,0.54,1,100858,100410,448
2597301,3.6397,0.202435,452,1417660,0.668304,0.54,1,100862,100410,452
2600221,2.32794,9.64049,442,1419120,0.741661,0.54,1,100864,100422,442
2603141,2.06559,1.9281,444,1420580,0.724332,0.54,1,100866,100422,444
2606061,2.01312,0.385619,446,1422040,0.688866,0.54,1,100868,100422,446
2607701,6.00262,0.0771239,453,1423500,0.713773,0.51,1,100875,100422,453
2610621,2.80052,8.81542,444,1424960,0.686755,0.51,1,100877,100433,444
2613521,2.1601,1.76308,446,1426420,0.649351,0.52,1,100879,100433,446
2616441,7.63202,5.15262,449,1427880,0.68987,0.52,1,100888,100439,449
2618101,16.7264,1.03052,468,1429340,0.769974,0.75,2,100907,100439,468
2621021,4.94528,13.8061,453,1430800,0.801995,0.75,2,100909,100456,453
2623941,2.58906,2.76122,455,1432260,0.848399,0.75,2,100911,100456,455
2626861,2.11781,0.552244,457,1433720,0.88168,0.75,2,100913,100456,457
2628501,4.42356,0.110449,462,1435180,0.880336,0.71,2,100918,100456,462
2631421,2.48471,10.4221,451,1436640,0.848067,0.71,2,100920,100469,451
2634341,2.09694,2.08442,453,1438100,0.865613,0.71,2,100922,100469,453
2637261,2.01939,0.416884,455,1439560,0.837123,0.71,2,100924,100469,455
2639941,22.0039,0.0833767,482,1441020,0.879425,0.69,2,100951,100469,482
2642641,6.00078,20.8167,458,1442480,0.887885,0.7,2,100953,100495,458
2645561,18.8002,22.5633,457,1443940,0.945577,0.7,2,100975,100518,457
2647841,5.36003,4.51267,459,1445400,0.965115,0.76,2,100977,100518,459
2689861,8,0,465,1468760,0.78,0.65,2,101279,100814,465
2692781,3.2,12.8,451,1470220,0.732,0.65,1,101281,100830,451
2695701,2.24,2.56,453,1471680,0.8904,0.65,2,101283,100830,453
2698621,2.048,0.512,455,1473140,0.92208,0.65,2,101285,100830,455
2701541,2.0096,0.1024,457,1474600,0.928416,0.65,2,101287,100830,457
2704461,2.00192,0.02048,459,1476060,0.929683,0.65,2,101289,100830,459
2706501,6.80038,0.004096,467,1477520,0.961937,0.8,2,101297,100830,467
2720441,4,8,456,1484820,0.95,0.68,2,101317,100861,456
2723361,2.4,1.6,458,1486280,0.926,0.68,2,101319,100861,458
2725841,2.08,0.32,460,1487740,0.9212,0.76,2,101321,100861,460
2727921,2.016,2.464,459,1489200,0.94424,0.74,2,101323,100864,459
2730841,6.8032,8.4928,457,1490660,0.852848,0.74,2,101331,100874,457
2733761,2.96064,1.69856,459,1492120,0.93057,0.74,2,101333,100874,459
2736241,2.19213,0.339712,461,1493580,0.914114,0.66,2,101335,100874,461
2739161,3.63843,4.86794,459,1495040,0.910823,0.66,2,101339,100880,459
2742081,2.32769,0.973588,461,1496500,0.910165,0.66,2,101341,100880,461
2744561,2.06554,0.194718,463,1497960,0.958033,0.79,2,101343,100880,463
3250001,343,414,421,8740,0,0.03,1,103750,103329,421
3252921,131,110,465,62434,0.232,0,1,103828,103363,465
3255841,309.4,331.6,432,62468,0.0704,0,1,104182,103750,432
3258761,63.48,66.32,434,62502,0.03808,0,1,104184,103750,434
3261681,14.296,13.264,436,62536,0.031616,0,1,104186,103750,436
3264601,4.4592,2.6528,438,62570,0.0303232,0,1,104188,103750,438
3267521,2.49184,0.53056,440,62604,0.00606464,0,1,104190,103750,440
3270441,2.09837,0.106112,442,62638,0.00921293,0,1,104192,103750,442
3273361,2.01967,0.0212224,444,62672,0.00984259,0,1,104194,103750,444
3276281,2.00393,0.00424448,446,62706,0.00996852,0,1,104196,103750,446
3279201,2.00079,0.000848896,448,62739,0.0099937,0,1,104198,103750,448
3282121,2.00016,0.000169779,450,62772,0.00999874,0,1,104200,103750,450
3285041,2.00003,3.39558e-05,452,62805,0.00999975,0,1,104202,103750,452
3287961,2.00001,6.79116e-06,454,62838,0.00999995,0,1,104204,103750,454
3290881,2,1.35823e-06,456,62871,0.00999999,0,1,104206,103750,456
3293801,2,2.71647e-07,458,62904,0.01,0,1,104208,103750,458
3296721,2,5.43293e-08,460,62937,0.01,0,1,104210,103750,460
3299641,2,1.08659e-08,462,62970,0.026,0,1,104212,103750,462
3302561,2,2.17317e-09,464,63003,0.0292,0,1,104214,103750,464
3305481,2,4.34634e-10,466,63036,0.02984,0,1,104216,103750,466
3308401,2,8.69269e-11,468,63069,0.029968,0,1,104218,103750,468
3311321,2,1.73854e-11,470,63102,0.0299936,0.29,1,104220,103750,470
3314241,30.8,62.4,430,63135,0.0299987,0.03,1,104258,103828,430
3317161,282.96,295.68,422,63168,0.0139997,0.03,1,104604,104182,422
3320081,58.192,60.736,422,63201,0.0107999,0.03,1,104606,104184,422
3323001,13.2384,13.7472,422,63234,0.01016,0.03,1,104608,104186,422
3325921,4.24768,4.34944,422,63267,0.010032,0,1,104610,104188,422
3328841,2.44954,2.46989,422,63300,0.0260064,0.01,1,104612,104190,422
3331761,2.08991,2.09398,422,63333,0.00520128,0.01,1,104614,104192,422
3334681,2.01798,2.0188,422,63366,0.00904026,0.01,1,104616,104194,422
3337601,2.0036,2.00376,422,63399,0.00980805,0.01,1,104618,104196,422
3340521,2.00072,2.00075,422,63432,0.00996161,0.01,1,104620,104198,422
3343441,2.00014,2.00015,422,63465,0.00999232,0.01,1,104622,104200,422
3346361,2.00003,0.40003,424,63498,0.00999846,0.01,1,104624,104200,424
3349281,2.00001,1.68001,424,63531,0.00999969,0.01,1,104626,104202,424
3352201,2,1.936,424,63564,0.00999994,0.01,1,104628,104204,424
3355121,2,1.9872,424,63597,0.00999999,0.01,1,104630,104206,424
3358041,2,1.99744,424,63630,0.01,0.01,1,104632,104208,424
3360961,2,1.99949,424,63663,0.01,0.03,1,104634,104210,424
3363881,2,1.9999,424,63696,0.01,0.03,1,104636,104212,424
3366801,2,1.99998,424,63729,0.01,0.03,1,104638,104214,424
3369721,2,2,424,63762,0.01,0.03,1,104640,104216,424
3372641,2,2,424,63795,0.01,0.03,1,104642,104218,424
3375561,30.8,2,460,63828,0.058,0.03,1,104680,104220,460
3377021,166.96,30.8,623,63861,0.0516,0.01,1,104881,104258,623
3379941,149.392,282.96,422,63894,0.03432,0.01,1,105026,104604,422
3382861,31.4784,58.192,422,63927,0.030864,0.01,1,105028,104606,422
3385781,7.89568,13.2384,422,63960,0.0301728,0.01,1,105030,104608,422
3388701,3.17914,4.24768,422,63993,0.00603456,0.03,1,105032,104610,422
3391621,2.23583,2.44954,422,64026,0.0252069,0,1,105034,104612,422
3394541,2.04717,2.08991,422,64059,0.00504138,0.01,1,105036,104614,422
3397461,2.00943,2.01798,422,64092,0.00900828,0.01,1,105038,104616,422
3400381,2.00189,2.0036,422,64125,0.00980166,0.01,1,105040,104618,422
3403301,2.00038,2.00072,422,64158,0.00996033,0.01,1,105042,104620,422
3406221,2.00008,2.00014,422,64191,0.00999207,0.01,1,105044,104622,422
3409141,2.00002,2.00003,422,64224,0.00999841,0.01,1,105046,104624,422
3412061,2,2.00001,422,64257,0.00999968,0.01,1,105048,104626,422
3414981,2,2,422,64290,0.00999994,0.01,1,105050,104628,422
3417901,2,2,422,64323,0.00999999,0.01,1,105052,104630,422
3420821,2,2,422,64356,0.01,0.01,1,105054,104632,422
3423741,2,2,422,64389,0.01,0.01,1,105056,104634,422
3426661,2,2,422,64422,0.026,0.01,1,105058,104636,422
3429581,2,2,422,64455,0.0292,0.01,1,105060,104638,422
3432501,2,2,422,64488,0.02984,0.01,1,105062,104640,422
3435421,2,2,422,64521,0.029968,0.07,1,105064,104642,422
3438341,34,30.8,426,64554,0.0139936,0.05,1,105106,104680,426
3441261,279.6,166.96,566,64587,0.0107987,0.03,1,105447,104881,566
3444181,57.52,149.392,423,64620,0.0101597,0.03,1,105449,105026,423
3447101,13.104,31.4784,423,64652,0.0100319,0.03,1,105451,105028,423
3450021,4.2208,7.89568,423,64684,0.0100064,0,1,105453,105030,423
3452941,2.44416,3.17914,423,64716,0.0100013,0.03,1,105455,105032,423
3455861,2.08883,2.23583,423,64748,0.0100003,0,1,105457,105034,423
3458781,2.01777,2.04717,423,64780,0.0100001,0.01,1,105459,105036,423
3461701,2.00355,2.00943,423,64812,0.01,0.01,1,105461,105038,423
3464621,2.00071,2.00189,423,64844,0.01,0.01,1,105463,105040,423
3467541,2.00014,2.00038,423,64876,0.01,0.01,1,105465,105042,423
3470461,2.00003,2.00008,423,64908,0.01,0.01,1,105467,105044,423
3473381,2.00001,2.00002,423,64940,0.01,0.01,1,105469,105046,423
3476301,2,2,423,64972,0.01,0.01,1,105471,105048,423
3479221,2,2,423,65004,0.01,0.01,1,105473,105050,423
3482141,2,2,423,65036,0.01,0.01,1,105475,105052,423
3485061,2,2,423,65068,0.01,0.01,1,105477,105054,423
3487981,2,2,423,65100,0.01,0.03,1,105479,105056,423
3490901,2,2,423,65132,0.01,0.03,1,105481,105058,423
3493821,2,2,423,65164,0.01,0.03,1,105483,105060,423
3496741,2,2,423,65196,0.01,0.03,1,105485,105062,423
3499661,2,2,423,65228,0.01,0.01,1,105487,105064,423
3502581,34,34,423,65260,0.01,0.01,1,105529,105106,423
3505501,278.8,279.6,422,65292,0.01,0.01,1,105869,105447,422
3508421,57.36,57.52,422,65324,0.01,0.01,1,105871,105449,422
3511341,13.072,13.104,422,65356,0.01,0.01,1,105873,105451,422
3514261,4.2144,4.2208,422,65388,0.01,0.01,1,105875,105453,422
3517181,2.44288,2.44416,422,65420,0.01,0.01,1,105877,105455,422
3520101,2.08858,2.08883,422,65452,0.026,0.01,1,105879,105457,422
3523021,2.01772,2.01777,422,65484,0.0292,0.01,1,105881,105459,422
3525941,2.00354,2.00355,422,65516,0.02984,0.01,1,105883,105461,422
3528861,2.00071,2.00071,422,65548,0.029968,0.01,1,105885,105463,422
3531781,2.00014,2.00014,422,65580,0.0299936,0.01,1,105887,105465,422
3534701,2.00003,2.00003,422,65612,0.0299987,0.01,1,105889,105467,422
3537621,2.00001,2.00001,422,65644,0.0299997,0.01,1,105891,105469,422
3540541,2,2,422,65676,0.0299999,0.01,1,105893,105471,422
3543461,2,2,422,65708,0.03,0.01,1,105895,105473,422
3546381,2,2,422,65740,0.03,0.01,1,105897,105475,422
3549301,2,2,422,65772,0.03,0.01,1,105899,105477,422
3552221,2,2,422,65804,0.03,0.01,1,105901,105479,422
3555141,2,2,422,65836,0.03,0.01,1,105903,105481,422
3558061,2,2,422,65868,0.046,0.01,1,105905,105483,422
3560981,2,2,422,65900,0.0492,0.01,1,105907,105485,422
3563901,2,2,422,65932,0.04984,0.01,1,105909,105487,422
3566821,34,34,422,65964,0.081968,0.01,1,105951,105529,422
3569741,279.6,278.8,423,65996,0.0243936,0.01,1,106292,105869,423
3572661,57.52,57.36,423,66028,0.0128787,0.01,1,106294,105871,423
3575581,13.104,13.072,423,66060,0.0105757,0.01,1,106296,105873,423
3578501,4.2208,4.2144,423,66092,0.0261152,0.01,1,106298,105875,423
3581421,2.44416,2.44288,423,66124,0.029223,0.03,1,106300,105877,423
3584341,2.08883,2.08858,423,66156,0.00584461,0.03,1,106302,105879,423
3587261,2.01777,2.01772,423,66188,0.00916892,0.03,1,106304,105881,423
3590181,2.00355,2.00354,423,66220,0.00983378,0.03,1,106306,105883,423
3593101,2.00071,2.00071,423,66252,0.00996676,0.03,1,106308,105885,423
3596021,2.00014,2.00014,423,66284,0.00999335,0.03,1,106310,105887,423
3598941,2.00003,2.00003,423,66316,0.00999867,0.03,1,106312,105889,423
3601861,2.00001,2.00001,423,66348,0.00999973,0.03,1,106314,105891,423
3604781,2,2,423,66380,0.00999995,0.03,1,106316,105893,423
3607701,2,0.4,425,66412,0.00999999,0.03,1,106318,105893,425
3610621,2,1.68,425,66444,0.01,0.03,1,106320,105895,425
3613541,2,1.936,425,66476,0.01,0.03,1,106322,105897,425
3616461,2,1.9872,425,66508,0.01,0.03,1,106324,105899,425
3619381,2,1.99744,425,66540,0.01,0.03,1,106326,105901,425
3622301,2,1.99949,425,66572,0.01,0.05,1,106328,105903,425
3625221,2,1.9999,425,66604,0.01,0.05,1,106330,105905,425
3628141,2,1.99998,425,66636,0.01,0.05,1,106332,105907,425
3631061,34,2,465,66667,0.042,0.09,1,106374,105909,465
3632521,167.6,34,624,66698,0.0644,0.01,1,106575,105951,624
3635441,144.72,279.6,422,66729,0.03688,0.01,1,106714,106292,422
3638361,30.544,57.52,422,66760,0.031376,0.01,1,106716,106294,422
3641281,7.7088,13.104,422,66791,0.0062752,0.03,1,106718,106296,422
3644201,3.14176,4.2208,422,66822,0.00925504,0.03,1,106720,106298,422
3647121,2.22835,2.44416,422,66853,0.00985101,0,1,106722,106300,422
3650041,2.04567,2.08883,422,66884,0.0019702,0.01,1,106724,106302,422
3652961,2.00913,2.01777,422,66915,0.00839404,0.01,1,106726,106304,422
3655881,2.00183,2.00355,422,66946,0.00967881,0.01,1,106728,106306,422
3658801,2.00037,2.00071,422,66977,0.00993576,0.01,1,106730,106308,422
3661721,2.00007,2.00014,422,67008,0.00998715,0.01,1,106732,106310,422
3664641,2.00001,2.00003,422,67039,0.00999743,0.01,1,106734,106312,422
3667561,2,2.00001,422,67070,0.00999949,0.01,1,106736,106314,422
3670481,2,2,422,67101,0.0099999,0.01,1,106738,106316,422
3673401,2,2,422,67132,0.00999998,0.01,1,106740,106318,422
3676321,2,2,422,67163,0.01,0.01,1,106742,106320,422
3679241,2,2,422,67194,0.01,0.01,1,106744,106322,422
3682161,2,2,422,67225,0.01,0.01,1,106746,106324,422
3685081,2,2,422,67256,0.01,0.01,1,106748,106326,422
3688001,2,2,422,67287,0.01,0.01,1,106750,106328,422
3690921,2,2,422,67318,0.026,0.01,1,106752,106330,422
3693841,2,2,422,67349,0.0292,0.05,1,106754,106332,422
3696761,36.4,34,425,67380,0.02984,0.07,1,106799,106374,425
3699681,276.08,167.6,560,67411,0.013968,0.03,1,107135,106575,560
3702601,56.816,144.72,423,67442,0.0107936,0.03,1,107137,106714,423
3705521,12.9632,30.544,423,67473,0.0101587,0,1,107139,106716,423
3708441,4.19264,7.7088,423,67504,0.0100317,0.01,1,107141,106718,423
3711361,2.43853,3.14176,423,67535,0.0100063,0.01,1,107143,106720,423
3714281,2.08771,2.22835,423,67566,0.00200127,0,1,107145,106722,423
3717201,2.01754,2.04567,423,67597,0.00840025,0.01,1,107147,106724,423
3720121,2.00351,2.00913,423,67628,0.00968005,0.01,1,107149,106726,423
3723041,2.0007,2.00183,423,67659,0.00993601,0.01,1,107151,106728,423
3725961,2.00014,2.00037,423,67690,0.0099872,0.01,1,107153,106730,423
3728881,2.00003,2.00007,423,67721,0.00999744,0.01,1,107155,106732,423
3731801,2.00001,2.00001,423,67752,0.00999949,0.01,1,107157,106734,423
3734721,2,2,423,67783,0.0099999,0.01,1,107159,106736,423
3737641,2,2,423,67814,0.00999998,0.01,1,107161,106738,423
3740561,2,2,423,67845,0.01,0.01,1,107163,106740,423
3743481,2,2,423,67876,0.01,0.01,1,107165,106742,423
3746401,2,2,423,67907,0.01,0.01,1,107167,106744,423
3749321,2,2,423,67938,0.01,0.01,1,107169,106746,423
3752241,2,2,423,67969,0.01,0.01,1,107171,106748,423
3755161,2,2,423,68000,0.01,0.03,1,107173,106750,423
3758081,2,2,423,68031,0.01,0.03,1,107175,106752,423
3761001,2,2,423,68062,0.01,0.03,1,107177,106754,423
3763921,35.6,36.4,422,68093,0.026,0.01,1,107221,106799,422
3766841,275.92,276.08,422,68124,0.0132,0.01,1,107557,107135,422
3769761,56.784,56.816,422,68155,0.01064,0.01,1,107559,107137,422
3772681,12.9568,12.9632,422,68186,0.010128,0.01,1,107561,107139,422
3775601,4.19136,4.19264,422,68217,0.0100256,0.01,1,107563,107141,422
3778521,2.43827,2.43853,422,68248,0.0100051,0,1,107565,107143,422
3781441,2.08765,2.08771,422,68279,0.00200102,0.01,1,107567,107145,422
3784361,2.01753,2.01754,422,68310,0.0084002,0.01,1,107569,107147,422
3787281,2.00351,2.00351,422,68341,0.00968004,0.01,1,107571,107149,422
3790201,2.0007,2.0007,422,68372,0.00993601,0.01,1,107573,107151,422
3793121,2.00014,2.00014,422,68403,0.0099872,0.01,1,107575,107153,422
3796041,2.00003,2.00003,422,68434,0.00999744,0.01,1,107577,107155,422
3798961,2.00001,2.00001,422,68465,0.00999949,0.01,1,107579,107157,422
3801881,2,2,422,68496,0.0099999,0.01,1,107581,107159,422
3804801,2,2,422,68527,0.00999998,0.01,1,107583,107161,422
3807721,2,2,422,68558,0.01,0.01,1,107585,107163,422
3810641,2,2,422,68589,0.01,0.01,1,107587,107165,422
3813561,2,2,422,68620,0.01,0.01,1,107589,107167,422
3816481,2,2,422,68651,0.01,0.01,1,107591,107169,422
3819401,2,2,422,68682,0.01,0.01,1,107593,107171,422
3822321,2,2,422,68713,0.01,0.01,1,107595,107173,422
3825241,2,2,422,68744,0.01,0.01,1,107597,107175,422
3828161,2,2,422,68775,0.026,0.03,1,107599,107177,422
3831081,35.6,35.6,422,68805,0.0292,0.01,1,107643,107221,422
3834001,275.92,275.92,422,68835,0.02984,0.01,1,107979,107557,422
3836921,56.784,56.784,422,68865,0.029968,0.01,1,107981,107559,422
3839841,12.9568,12.9568,422,68895,0.0059936,0.01,1,107983,107561,422
3842761,4.19136,4.19136,422,68925,0.00919872,0.01,1,107985,107563,422
3845681,2.43827,2.43827,422,68955,0.00983974,0,1,107987,107565,422
3848601,2.08765,2.08765,422,68985,0.00196795,0.01,1,107989,107567,422
3851521,2.01753,2.01753,422,69015,0.00839359,0.01,1,107991,107569,422
3854441,2.00351,2.00351,422,69045,0.00967872,0.01,1,107993,107571,422
3857361,2.0007,2.0007,422,69075,0.00993574,0.01,1,107995,107573,422
3860281,2.00014,2.00014,422,69105,0.00998715,0.01,1,107997,107575,422
3863201,2.00003,2.00003,422,69135,0.00999743,0.01,1,107999,107577,422
3866121,2.00001,2.00001,422,69165,0.00999949,0.01,1,108001,107579,422
3869041,2,2,422,69195,0.0099999,0.01,1,108003,107581,422
3871961,2,2,422,69225,0.00999998,0.01,1,108005,107583,422
3874881,2,2,422,69255,0.01,0.01,1,108007,107585,422
3877801,2,2,422,69285,0.01,0.01,1,108009,107587,422
3880721,2,0.4,424,69315,0.01,0.01,1,108011,107587,424
3883641,2,1.68,424,69345,0.01,0.01,1,108013,107589,424
3886561,2,1.936,424,69375,0.01,0.01,1,108015,107591,424
3889481,2,1.9872,424,69405,0.01,0.01,1,108017,107593,424
3892401,2,1.99744,424,69435,0.01,0.01,1,108019,107595,424
3895321,2,1.99949,424,69465,0.01,0.03,1,108021,107597,424
3898241,34.8,1.9999,465,69495,0.058,0.03,1,108064,107599,465
3899701,167.76,35.6,622,69525,0.0516,0.03,1,108265,107643,622
3902621,142.352,275.92,422,69555,0.01832,0.03,1,108401,107979,422
3905541,30.0704,56.784,422,69585,0.011664,0,1,108403,107981,422
3908461,7.61408,12.9568,422,69615,0.0263328,0.01,1,108405,107983,422
3911381,3.12282,4.19136,422,69645,0.0292666,0.01,1,108407,107985,422
3914301,2.22456,2.43827,422,69675,0.00585331,0,1,108409,107987,422
3917221,2.04491,2.08765,422,69705,0.00117066,0.01,1,108411,107989,422
3920141,2.00898,2.01753,422,69735,0.00823413,0.01,1,108413,107991,422
3923061,2.0018,2.00351,422,69765,0.00964683,0.01,1,108415,107993,422
3925981,2.00036,2.0007,422,69795,0.00992937,0.01,1,108417,107995,422
3928901,2.00007,2.00014,422,69825,0.00998587,0.01,1,108419,107997,422
3931821,2.00001,2.00003,422,69855,0.00999718,0.01,1,108421,107999,422
3934741,2,2.00001,422,69885,0.00999944,0.01,1,108423,108001,422
3937661,2,2,422,69915,0.00999989,0.01,1,108425,108003,422
3940581,2,2,422,69945,0.00999998,0.01,1,108427,108005,422
3943501,2,2,422,69975,0.01,0.01,1,108429,108007,422
3946421,2,2,422,70005,0.01,0.01,1,108431,108009,422
3949341,2,2,422,70035,0.01,0.01,1,108433,108011,422
3952261,2,2,422,70065,0.01,0.01,1,108435,108013,422
3955181,2,2,422,70095,0.01,0.01,1,108437,108015,422
3958101,2,2,422,70125,0.01,0.01,1,108439,108017,422
3961021,2,2,422,70155,0.01,0.01,1,108441,108019,422
3963941,2,2,422,70185,0.01,0.07,1,108443,108021,422
3966861,36.4,34.8,424,70215,0.058,0.05,1,108488,108064,424
3969781,274.48,167.76,557,70245,0.0356,0.01,1,108822,108265,557
3972701,56.496,142.352,423,70275,0.03112,0.01,1,108824,108401,423
3975621,12.8992,30.0704,423,70305,0.030224,0.03,1,108826,108403,423
3978541,4.17984,7.61408,423,70335,0.0300448,0.03,1,108828,108405,423
3981461,2.43597,3.12282,423,70365,0.00600896,0,1,108830,108407,423
3984381,2.08719,2.22456,423,70395,0.00120179,0,1,108832,108409,423
3987301,2.01744,2.04491,423,70425,0.00824036,0.01,1,108834,108411,423
3990221,2.00349,2.00898,423,70455,0.00964807,0.01,1,108836,108413,423
3993141,2.0007,2.0018,423,70485,0.00992961,0.01,1,108838,108415,423
3996061,2.00014,2.00036,423,70515,0.00998592,0.01,1,108840,108417,423
3998981,2.00003,2.00007,423,70545,0.00999718,0.01,1,108842,108419,423
4001901,2.00001,2.00001,423,70575,0.00999944,0.01,1,108844,108421,423
4004821,2,2,423,70605,0.00999989,0.01,1,108846,108423,423
4007741,2,2,423,70635,0.00999998,0.01,1,108848,108425,423
4010661,2,2,423,70665,0.01,0.01,1,108850,108427,423
4013581,2,2,423,70695,0.01,0.01,1,108852,108429,423
4016501,2,2,423,70725,0.01,0.01,1,108854,108431,423
4019421,2,2,423,70755,0.01,0.01,1,108856,108433,423
4022341,2,2,423,70785,0.01,0.01,1,108858,108435,423
4025261,2,2,423,70815,0.01,0.01,1,108860,108437,423
4028181,2,2,423,70845,0.01,0.01,1,108862,108439,423
4031101,2,2,423,70875,0.01,0.01,1,108864,108441,423
4034021,2,2,423,70905,0.01,0.07,1,108866,108443,423
4036941,36.4,36.4,423,70935,0.026,0.03,1,108911,108488,423
4039861,273.68,274.48,422,70965,0.0292,0.03,1,109244,108822,422
4042781,56.336,56.496,422,70995,0.02984,0.03,1,109246,108824,422
4045701,12.8672,12.8992,422,71025,0.029968,0.03,1,109248,108826,422
4048621,4.17344,4.17984,422,71055,0.0299936,0,1,109250,108828,422
4051541,2.43469,2.43597,422,71084,0.00599872,0,1,109252,108830,422
4054461,2.08694,2.08719,422,71113,0.00119974,0.01,1,109254,108832,422
4057381,2.01739,2.01744,422,71142,0.00823995,0.01,1,109256,108834,422
4060301,2.00348,2.00349,422,71171,0.00964799,0.01,1,109258,108836,422
4063221,2.0007,2.0007,422,71200,0.0099296,0.01,1,109260,108838,422
4066141,2.00014,2.00014,422,71229,0.00998592,0.01,1,109262,108840,422
4069061,2.00003,2.00003,422,71258,0.00999718,0.01,1,109264,108842,422
4071981,2.00001,2.00001,422,71287,0.00999944,0.01,1,109266,108844,422
4074901,2,2,422,71316,0.00999989,0.01,1,109268,108846,422
4077821,2,2,422,71345,0.00999998,0.01,1,109270,108848,422
4080741,2,2,422,71374,0.01,0.01,1,109272,108850,422
4083661,2,2,422,71403,0.01,0.01,1,109274,108852,422
4086581,2,2,422,71432,0.01,0.01,1,109276,108854,422
4089501,2,2,422,71461,0.01,0.01,1,109278,108856,422
4092421,2,2,422,71490,0.01,0.01,1,109280,108858,422
4095341,2,2,422,71519,0.01,0.01,1,109282,108860,422
4098261,2,2,422,71548,0.01,0.01,1,109284,108862,422
4101181,2,2,422,71577,0.01,0.01,1,109286,108864,422
4104101,2,2,422,71606,0.01,0.03,1,109288,108866,422
4107021,37.2,36.4,423,71635,0.042,0.03,1,109334,108911,423
4109941,273.04,273.68,422,71664,0.0164,0.03,1,109666,109244,422
4112861,56.208,56.336,422,71693,0.01128,0.03,1,109668,109246,422
4115781,12.8416,12.8672,422,71722,0.026256,0.03,1,109670,109248,422
4118701,4.16832,4.17344,422,71751,0.0292512,0,1,109672,109250,422
4121621,2.43366,2.43469,422,71780,0.00585024,0,1,109674,109252,422
4124541,2.08673,2.08694,422,71809,0.00117005,0.01,1,109676,109254,422
4127461,2.01735,2.01739,422,71838,0.00823401,0.01,1,109678,109256,422
4130381,2.00347,2.00348,422,71867,0.0096468,0.01,1,109680,109258,422
4133301,2.00069,2.0007,422,71896,0.00992936,0.01,1,109682,109260,422
4136221,2.00014,2.00014,422,71925,0.00998587,0.01,1,109684,109262,422
4139141,2.00003,2.00003,422,71954,0.00999717,0.01,1,109686,109264,422
4142061,2.00001,2.00001,422,71983,0.00999944,0.01,1,109688,109266,422
4144981,2,2,422,72012,0.00999989,0.01,1,109690,109268,422
4147901,2,2,422,72041,0.00999998,0.01,1,109692,109270,422
4150821,2,2,422,72070,0.01,0.01,1,109694,109272,422
4153741,2,2,422,72099,0.01,0.01,1,109696,109274,422
4156661,2,2,422,72128,0.01,0.01,1,109698,109276,422
4159581,2,2,422,72157,0.01,0.01,1,109700,109278,422
4162501,2,2,422,72186,0.01,0.01,1,109702,109280,422
4165421,2,2,422,72215,0.01,0.01,1,109704,109282,422
4168341,2,0.4,424,72244,0.01,0.01,1,109706,109282,424
4171261,2,1.68,424,72273,0.01,0.01,1,109708,109284,424
4174181,2,1.936,424,72302,0.01,0.01,1,109710,109286,424
4177101,36.4,1.9872,467,72331,0.058,0.05,1,109755,109288,467
4178561,168.08,37.1974,622,72360,0.0356,0.01,1,109956,109334,622
4181481,139.216,273.039,422,72389,0.03112,0.01,1,110088,109666,422
4184401,29.4432,56.2079,422,72418,0.006224,0.03,1,110090,109668,422
4187321,7.48864,12.8416,422,72447,0.0092448,0.03,1,110092,109670,422
4190241,3.09773,4.16832,422,72476,0.00984896,0,1,110094,109672,422
4193161,2.21955,2.43366,422,72505,0.00196979,0,1,110096,109674,422
4196081,2.04391,2.08673,422,72534,0.000393958,0.01,1,110098,109676,422
4199001,2.00878,2.01735,422,72563,0.00807879,0.01,1,110100,109678,422
4201921,2.00176,2.00347,422,72592,0.00961576,0.01,1,110102,109680,422
4204841,2.00035,2.00069,422,72621,0.00992315,0.01,1,110104,109682,422
4207761,2.00007,2.00014,422,72650,0.00998463,0.01,1,110106,109684,422
4210681,2.00001,2.00003,422,72679,0.00999693,0.01,1,110108,109686,422
4213601,2,2.00001,422,72708,0.00999939,0.01,1,110110,109688,422
4216521,2,2,422,72737,0.00999988,0.01,1,110112,109690,422
4219441,2,2,422,72766,0.00999998,0.01,1,110114,109692,422
4222361,2,2,422,72795,0.01,0.01,1,110116,109694,422
4225281,2,2,422,72824,0.01,0.01,1,110118,109696,422
4228201,2,2,422,72853,0.01,0.01,1,110120,109698,422
4231121,2,2,422,72882,0.01,0.01,1,110122,109700,422
4234041,2,2,422,72911,0.01,0.01,1,110124,109702,422
4236961,2,2,422,72940,0.01,0.01,1,110126,109704,422
4239881,2,2,422,72969,0.01,0.01,1,110128,109706,422
4242801,2,2,422,72998,0.01,0.01,1,110130,109708,422
4245721,2,2,422,73027,0.01,0.07,1,110132,109710,422
4248641,40.4,36.4,427,73056,0.042,0.03,1,110182,109755,427
4251561,269.68,168.08,553,73085,0.0164,0.03,1,110509,109956,553
4254481,55.536,139.216,423,73114,0.01128,0,1,110511,110088,423
4257401,12.7072,29.4432,423,73143,0.010256,0.01,1,110513,110090,423
4260321,4.14144,7.48864,423,73172,0.0100512,0.01,1,110515,110092,423
4263241,2.42829,3.09773,423,73201,0.00201024,0,1,110517,110094,423
4266161,2.08566,2.21955,423,73230,0.000402048,0,1,110519,110096,423
4269081,2.01713,2.04391,423,73259,0.00808041,0.01,1,110521,110098,423
4272001,2.00343,2.00878,423,73288,0.00961608,0.01,1,110523,110100,423
4274921,2.00069,2.00176,423,73317,0.00992322,0.01,1,110525,110102,423
4277841,2.00014,2.00035,423,73346,0.00998464,0.01,1,110527,110104,423
4280761,2.00003,2.00007,423,73375,0.00999693,0.01,1,110529,110106,423
4283681,2.00001,2.00001,423,73404,0.00999939,0.01,1,110531,110108,423
4286601,2,2,423,73433,0.00999988,0.01,1,110533,110110,423
4289521,2,2,423,73462,0.00999998,0.01,1,110535,110112,423
4292441,2,2,423,73491,0.01,0.01,1,110537,110114,423
4295361,2,2,423,73520,0.01,0.01,1,110539,110116,423
4298281,2,2,423,73548,0.01,0.01,1,110541,110118,423
4301201,2,2,423,73576,0.01,0.01,1,110543,110120,423
4304121,2,2,423,73604,0.01,0.01,1,110545,110122,423
4307041,2,2,423,73632,0.01,0.01,1,110547,110124,423
4309961,2,2,423,73660,0.01,0.01,1,110549,110126,423
4312881,2,2,423,73688,0.01,0.01,1,110551,110128,423
4315801,2,2,423,73716,0.01,0.01,1,110553,110130,423
4318721,2,2,423,73744,0.01,0.05,1,110555,110132,423
4321641,41.2,40.4,424,73772,0.01,0.01,1,110606,110182,424
4324561,268.24,269.68,422,73800,0.026,0.01,1,110931,110509,422
4327481,55.248,55.536,422,73828,0.0292,0.01,1,110933,110511,422
4330401,12.6496,12.7072,422,73856,0.02984,0.01,1,110935,110513,422
4333321,4.12992,4.14144,422,73884,0.029968,0,1,110937,110515,422
4336241,2.42598,2.42829,422,73912,0.0059936,0,1,110939,110517,422
4339161,2.0852,2.08566,422,73940,0.00119872,0.01,1,110941,110519,422
4342081,2.01704,2.01713,422,73968,0.00823974,0.01,1,110943,110521,422
4345001,2.00341,2.00343,422,73996,0.00964795,0.01,1,110945,110523,422
4347921,2.00068,2.00069,422,74024,0.00992959,0.01,1,110947,110525,422
4350841,2.00014,2.00014,422,74052,0.00998592,0.01,1,110949,110527,422
4353761,2.00003,2.00003,422,74080,0.00999718,0.01,1,110951,110529,422
4356681,2.00001,2.00001,422,74108,0.00999944,0.01,1,110953,110531,422
4359601,2,2,422,74136,0.00999989,0.01,1,110955,110533,422
4362521,2,2,422,74164,0.00999998,0.01,1,110957,110535,422
4365441,2,2,422,74192,0.01,0.01,1,110959,110537,422
4368361,2,2,422,74220,0.01,0.01,1,110961,110539,422
4371281,2,2,422,74248,0.01,0.01,1,110963,110541,422
4374201,2,2,422,74276,0.01,0.01,1,110965,110543,422
4377121,2,2,422,74304,0.01,0.01,1,110967,110545,422
4380041,2,2,422,74332,0.01,0.01,1,110969,110547,422
4382961,2,2,422,74360,0.01,0.01,1,110971,110549,422
4385881,2,2,422,74388,0.01,0.01,1,110973,110551,422
4388801,2,2,422,74416,0.01,0.01,1,110975,110553,422
4391721,2,2,422,74444,0.01,0.01,1,110977,110555,422
4394641,41.2,41.2,422,74472,0.026,0.03,1,111028,110606,422
4397561,268.24,268.24,422,74500,0.0132,0.03,1,111353,110931,422
4400481,55.248,55.248,422,74528,0.01064,0.03,1,111355,110933,422
4403401,12.6496,12.6496,422,74556,0.026128,0.03,1,111357,110935,422
4406321,4.12992,4.12992,422,74584,0.0292256,0,1,111359,110937,422
4409241,2.42598,2.42598,422,74612,0.00584512,0,1,111361,110939,422
4412161,2.0852,2.0852,422,74640,0.00116902,0.01,1,111363,110941,422
4415081,2.01704,2.01704,422,74668,0.0082338,0.01,1,111365,110943,422
4418001,2.00341,2.00341,422,74696,0.00964676,0.01,1,111367,110945,422
4420921,2.00068,2.00068,422,74724,0.00992935,0.01,1,111369,110947,422
4423841,2.00014,2.00014,422,74752,0.00998587,0.01,1,111371,110949,422
4426761,2.00003,2.00003,422,74780,0.00999717,0.01,1,111373,110951,422
4429681,2.00001,2.00001,422,74808,0.00999944,0.01,1,111375,110953,422
4432601,2,2,422,74836,0.00999989,0.01,1,111377,110955,422
4435521,2,2,422,74864,0.00999998,0.01,1,111379,110957,422
4438441,2,2,422,74892,0.01,0.01,1,111381,110959,422
4441361,2,2,422,74920,0.01,0.01,1,111383,110961,422
4444281,2,2,422,74948,0.01,0.01,1,111385,110963,422
4447201,2,2,422,74976,0.01,0.01,1,111387,110965,422
4450121,2,2,422,75004,0.01,0.01,1,111389,110967,422
4453041,2,2,422,75032,0.01,0.01,1,111391,110969,422
4455961,2,2,422,75060,0.01,0.01,1,111393,110971,422
4458881,2,2,422,75088,0.01,0.01,1,111395,110973,422
4461801,2,2,422,75116,0.01,0.01,1,111397,110975,422
4464721,2,2,422,75144,0.01,0.01,1,111399,110977,422
4467641,41.2,0.4,473,75172,0.058,0.03,1,111450,110977,473
4469101,169.04,40.88,623,75200,0.0356,0.01,1,111651,111028,623
4472021,133.008,268.176,422,75228,0.04712,0.01,1,111775,111353,422
4474941,28.2016,55.2352,422,75256,0.017424,0.03,1,111777,111355,422
4477861,7.24032,12.647,422,75284,0.0114848,0.03,1,111779,111357,422
4480781,3.04806,4.12941,422,75312,0.010297,0,1,111781,111359,422
4483701,2.20961,2.42588,422,75340,0.00205939,0,1,111783,111361,422
4486621,2.04192,2.08518,422,75368,0.000411878,0.01,1,111785,111363,422
4489541,2.00838,2.01704,422,75396,0.00808238,0.01,1,111787,111365,422
4492461,2.00168,2.00341,422,75424,0.00961648,0.01,1,111789,111367,422
4495381,2.00034,2.00068,422,75452,0.0099233,0.01,1,111791,111369,422
4498301,2.00007,2.00014,422,75480,0.00998466,0.01,1,111793,111371,422
4501221,2.00001,2.00003,422,75508,0.00999693,0.01,1,111795,111373,422
4504141,2,2.00001,422,75536,0.00999939,0.01,1,111797,111375,422
4507061,2,2,422,75564,0.00999988,0.01,1,111799,111377,422
4509981,2,2,422,75592,0.00999998,0.01,1,111801,111379,422
4512901,2,2,422,75620,0.01,0.01,1,111803,111381,422
4515821,2,2,422,75648,0.01,0.01,1,111805,111383,422
4518741,2,2,422,75676,0.01,0.01,1,111807,111385,422
4521661,2,2,422,75704,0.01,0.01,1,111809,111387,422
4524581,2,2,422,75732,0.01,0.01,1,111811,111389,422
4527501,2,2,422,75760,0.01,0.01,1,111813,111391,422
4530421,2,2,422,75788,0.01,0.01,1,111815,111393,422
4533341,2,2,422,75816,0.01,0.01,1,111817,111395,422
4536261,2,2,422,75844,0.01,0.01,1,111819,111397,422
4539181,2,2,422,75872,0.01,0.07,1,111821,111399,422
4542101,44.4,41.2,426,75900,0.026,0.03,1,111876,111450,426
4545021,264.88,169.04,545,75928,0.0772,0.05,1,112196,111651,545
4547941,54.576,133.008,423,75956,0.08744,0.01,1,112198,111775,423
4550861,12.5152,28.2016,423,75984,0.089488,0.01,1,112200,111777,423
4553781,4.10304,7.24032,423,76012,0.0898976,0.01,1,112202,111779,423
4556701,2.42061,3.04806,423,76040,0.0579795,0,1,112204,111781,423
4559621,2.08412,2.20961,423,76068,0.0195959,0,1,112206,111783,423
4562541,2.01682,2.04192,423,76096,0.0119192,0.01,1,112208,111785,423
4565461,2.00336,2.00838,423,76124,0.0103838,0.01,1,112210,111787,423
4568381,2.00067,2.00168,423,76152,0.0100768,0.01,1,112212,111789,423
4571301,2.00013,2.00034,423,76179,0.0100154,0.01,1,112214,111791,423
4574221,2.00003,2.00007,423,76206,0.0100031,0.01,1,112216,111793,423
4577141,2.00001,2.00001,423,76233,0.0100006,0.01,1,112218,111795,423
4580061,2,2,423,76260,0.0100001,0.01,1,112220,111797,423
4582981,2,2,423,76287,0.01,0.01,1,112222,111799,423
4585901,2,2,423,76314,0.01,0.01,1,112224,111801,423
4588821,2,2,423,76341,0.01,0.01,1,112226,111803,423
4591741,2,2,423,76368,0.01,0.01,1,112228,111805,423
4594661,2,2,423,76395,0.01,0.01,1,112230,111807,423
4597581,2,2,423,76422,0.01,0.01,1,112232,111809,423
4600501,2,2,423,76449,0.01,0.01,1,112234,111811,423
4603421,2,2,423,76476,0.01,0.01,1,112236,111813,423
4606341,2,2,423,76503,0.01,0.01,1,112238,111815,423
4609261,2,2,423,76530,0.01,0.01,1,112240,111817,423
4612181,2,2,423,76557,0.01,0.01,1,112242,111819,423
4615101,45.2,2,477,76584,0.042,0.03,1,112298,111821,477
4618021,10.64,44.4,424,76611,0.0484,0.09,1,112300,111876,424
4620941,256.528,264.88,422,76638,0.36968,0.09,1,112618,112196,422
4623861,52.9056,54.576,422,76665,0.433936,0.09,1,112620,112198,422
4626781,12.1811,12.5152,422,76692,0.462787,0.09,1,112622,112200,422
4629701,4.03622,4.10304,422,76719,0.468557,0.05,1,112624,112202,422
4632621,2.40724,2.42061,422,76746,0.469711,0.01,1,112626,112204,422
4635541,2.08145,2.08412,422,76773,0.469942,0.01,1,112628,112206,422
4638461,2.01629,2.01682,422,76800,0.469988,0.01,1,112630,112208,422
4641381,2.00326,2.00336,422,76827,0.469998,0.01,1,112632,112210,422
4644301,2.00065,2.00067,422,76854,0.47,0.01,1,112634,112212,422
4647221,2.00013,2.00013,422,76881,0.47,0.01,1,112636,112214,422
4650141,2.00003,2.00003,422,76908,0.47,0.01,1,112638,112216,422
4653061,2.00001,2.00001,422,76935,0.47,0.01,1,112640,112218,422
4655981,2,2,422,76962,0.47,0.01,1,112642,112220,422
4658901,2,2,422,76989,0.47,0.01,1,112644,112222,422
4661821,2,2,422,77016,0.47,0.01,1,112646,112224,422
4664741,2,2,422,77043,0.47,0.01,1,112648,112226,422
4667661,2,2,422,77070,0.47,0.01,1,112650,112228,422
4670581,2,2,422,77097,0.47,0.01,1,112652,112230,422
4673501,2,2,422,77124,0.47,0.01,1,112654,112232,422
4676421,2,2,422,77151,0.47,0.01,1,112656,112234,422
4679341,2,2,422,77178,0.47,0.01,1,112658,112236,422
4682261,2,2,422,77205,0.47,0.01,1,112660,112238,422
4685181,2,2,422,77232,0.47,0.01,1,112662,112240,422
4688101,2,2,422,77259,0.47,0.05,1,112664,112242,422
4691021,46.8,45.2,424,77286,0.438,0.05,1,112722,112298,424
4693941,10.96,10.64,424,77313,0.4316,0.45,1,112724,112300,424
4696861,273.392,256.528,445,77340,0.31832,0.45,1,113063,112618,445
4699781,56.2784,52.9056,445,77367,0.295664,0.47,1,113065,112620,445
4702701,12.8557,12.1811,445,77394,0.291133,0.47,1,113067,112622,445
4705621,4.17114,4.03622,445,77421,0.258227,0.47,1,113069,112624,445
4708541,2.43423,2.40724,445,77448,0.251645,0.47,1,113071,112626,445
4711461,2.08685,2.08145,445,77475,0.250329,0.47,1,113073,112628,445
4714381,2.01737,2.01629,445,77502,0.250066,0.47,1,113075,112630,445
4717301,2.00347,2.00326,445,77529,0.266013,0.47,1,113077,112632,445
4720221,2.00069,2.00065,445,77556,0.269203,0.47,1,113079,112634,445
4723141,2.00014,2.00013,445,77583,0.269841,0.47,1,113081,112636,445
4726061,2.00003,2.00003,445,77610,0.269968,0.47,1,113083,112638,445
4728981,2.00001,2.00001,445,77637,0.269994,0.47,1,113085,112640,445
4731901,2,2,445,77664,0.269999,0.47,1,113087,112642,445
4734821,2,2,445,77691,0.27,0.47,1,113089,112644,445
4737741,2,2,445,77718,0.27,0.47,1,113091,112646,445
4740661,2,2,445,77745,0.27,0.47,1,113093,112648,445
4743581,2,2,445,77772,0.27,0.47,1,113095,112650,445
4746501,2,2,445,77799,0.27,0.47,1,113097,112652,445
4749421,2,2,445,77826,0.27,0.47,1,113099,112654,445
4752341,2,2,445,77853,0.27,0.47,1,113101,112656,445
4755261,2,2,445,77880,0.286,0.47,1,113103,112658,445
4758181,2,2,445,77907,0.2892,0.47,1,113105,112660,445
4761101,2,2,445,77934,0.28984,0.47,1,113107,112662,445
4764021,2,2,445,77961,0.289968,0.43,1,113109,112664,445
4766941,45.2,46.8,443,77988,0.337994,0.43,1,113165,112722,443
4769861,10.64,10.96,443,78015,0.315599,0.29,1,113167,112724,443
4772781,266.128,273.392,434,78042,0.24712,0.29,1,113497,113063,434
4775701,54.8256,56.2784,434,78069,0.217424,0.29,1,113499,113065,434
4778621,12.5651,11.2557,436,78096,0.211485,0.29,1,113501,113065,436
4781541,4.11302,3.85114,436,78123,0.210297,0.25,1,113503,113067,436
4784461,2.4226,2.37023,436,78150,0.210059,0.25,1,113505,113069,436
4787381,2.08452,2.07405,436,78177,0.178012,0.25,1,113507,113071,436
4790301,2.0169,2.01481,436,78204,0.171602,0.25,1,113509,113073,436
4793221,2.00338,2.00296,436,78231,0.17032,0.27,1,113511,113075,436
4796141,2.00068,2.00059,436,78258,0.170064,0.27,1,113513,113077,436
4799061,2.00014,2.00012,436,78285,0.170013,0.27,1,113515,113079,436
4801981,2.00003,2.00002,436,78312,0.170003,0.27,1,113517,113081,436
4804901,2.00001,2,436,78339,0.170001,0.27,1,113519,113083,436
4807821,2,2,436,78366,0.17,0.27,1,113521,113085,436
4810741,2,2,436,78393,0.17,0.27,1,113523,113087,436
4813661,2.8,2,437,78420,0.186,0.27,1,113526,113089,437
4816581,2.16,2,437,78447,0.1892,0.27,1,113528,113091,437
4819501,2.032,2,437,78474,0.18984,0.27,1,113530,113093,437
4822421,2.0064,2,437,78501,0.189968,0.27,1,113532,113095,437
4825341,2.00128,2,437,78528,0.189994,0.27,1,113534,113097,437
4828261,2.00026,2,437,78555,0.157999,0.27,1,113536,113099,437
4831181,2.00005,2,437,78582,0.1516,0.29,1,113538,113101,437
4834101,2.00001,2,437,78609,0.15032,0.29,1,113540,113103,437
4837021,2,2,437,78636,0.150064,0.29,1,113542,113105,437
4839941,2,2,437,78663,0.150013,0.29,1,113544,113107,437
4842861,46,2,492,78690,0.166003,0.35,1,113601,113109,492
4845781,10.8,45.2,438,78717,0.169201,0.31,1,113603,113165,438
4847241,162.96,10.64,637,78744,0.31384,0.23,1,113804,113167,637
4850161,130.992,266.128,430,78771,0.358768,0.21,1,113927,113497,430
4853081,27.7984,54.8256,430,78798,0.391754,0.21,1,113929,113499,430
4856001,7.15968,12.5651,430,78825,0.398351,0.21,1,113931,113501,430
4858921,3.03194,4.11302,430,78852,0.40767,0.21,1,113933,113503,430
4861841,2.20639,2.4226,430,78879,0.409534,0.17,1,113935,113505,430
4864761,2.04128,2.08452,430,78906,0.385907,0.17,1,113937,113507,430
4867681,2.00826,2.0169,430,78933,0.381181,0.17,1,113939,113509,430
4870601,2.00165,2.00338,430,78960,0.380236,0.17,1,113941,113511,430
4873521,2.00033,2.00068,430,78986,0.396047,0.17,1,113943,113513,430
4876441,2.00007,2.00014,430,79012,0.399209,0.17,1,113945,113515,430
4879361,2.00001,2.00003,430,79038,0.399842,0.17,1,113947,113517,430
4882281,2,2.00001,430,79064,0.407968,0.17,1,113949,113519,430
4885201,2,2,430,79090,0.409594,0.17,1,113951,113521,430
4888121,2,2,430,79116,0.409919,0.19,1,113953,113523,430
4891041,2,2.8,429,79142,0.409984,0.19,1,113955,113526,429
4893961,2,2.16,429,79168,0.409997,0.19,1,113957,113528,429
4896881,2,2.032,429,79194,0.409999,0.19,1,113959,113530,429
4899801,2,2.0064,429,79220,0.41,0.19,1,113961,113532,429
4902721,2,2.00128,429,79246,0.41,0.15,1,113963,113534,429
4905641,2,2.00026,429,79272,0.41,0.15,1,113965,113536,429
4908561,2,2.00005,429,79298,0.41,0.15,1,113967,113538,429
4911481,2,2.00001,429,79324,0.41,0.15,1,113969,113540,429
4914401,2,2,429,79350,0.41,0.15,1,113971,113542,429
4917321,2,2,429,79376,0.41,0.17,1,113973,113544,429
4920241,46.8,46,430,79402,0.426,0.17,1,114031,113601,430
4923161,10.96,10.8,430,79428,0.4292,0.35,1,114033,113603,430
4926081,269.392,162.96,563,79454,0.35784,0.37,1,114367,113804,563
4929001,55.4784,130.992,442,79480,0.311568,0.4,1,114369,113927,442
4931921,12.6957,27.7984,442,79506,0.302314,0.4,1,114371,113929,442
4934841,4.13914,7.15968,442,79532,0.332463,0.41,1,114373,113931,442
4937761,2.42783,3.03194,442,79558,0.338493,0.41,1,114375,113933,442
4940681,2.08557,2.20639,442,79584,0.371698,0.38,1,114377,113935,442
4943601,2.01711,2.04128,442,79610,0.37834,0.38,1,114379,113937,442
4946521,2.00342,2.00826,442,79636,0.379668,0.38,1,114381,113939,442
4949441,2.00068,2.00165,442,79662,0.379934,0.4,1,114383,113941,442
4952361,2.00014,2.00033,442,79688,0.379987,0.4,1,114385,113943,442
4955281,2.00003,2.00007,442,79714,0.379997,0.4,1,114387,113945,442
4958201,2.00001,2.00001,442,79740,0.379999,0.41,1,114389,113947,442
4961121,2,2,442,79766,0.38,0.41,1,114391,113949,442
4964041,2,2,442,79792,0.38,0.41,1,114393,113951,442
4966961,2,2,442,79818,0.38,0.41,1,114395,113953,442
4969881,2,2,442,79844,0.388,0.41,1,114397,113955,442
4972801,2,2,442,79870,0.3896,0.41,1,114399,113957,442
4975721,2,2,442,79896,0.38992,0.41,1,114401,113959,442
4978641,2,2,442,79922,0.389984,0.41,1,114403,113961,442
4981561,2,2,442,79948,0.389997,0.41,1,114405,113963,442
4984481,2,2,442,79974,0.389999,0.41,1,114407,113965,442
4987401,2,2,442,80000,0.39,0.41,1,114409,113967,442
4990321,2,2,442,80026,0.39,0.41,1,114411,113969,442
4993241,2,2,442,80052,0.39,0.41,1,114413,113971,442
4996161,2,2,442,80078,0.39,0.43,1,114415,113973,442
4999081,47.6,46.8,443,80104,0.406,0.43,1,114474,114031,443
5002001,11.12,10.96,443,80130,0.4252,0.34,1,114476,114033,443
5004921,267.824,269.392,441,80156,0.41304,0.3,1,114808,114367,441
5007841,55.1648,55.4784,441,80182,0.410608,0.3,1,114810,114369,441
5010761,12.633,12.6957,441,80208,0.402122,0.34,1,114812,114371,441
5013681,4.12659,4.13914,441,80234,0.408424,0.34,1,114814,114373,441
5016601,2.42532,2.42783,441,80260,0.377685,0.38,1,114816,114375,441
5019521,2.08506,2.08557,441,80286,0.395537,0.38,1,114818,114377,441
5022441,2.01701,2.01711,441,80312,0.399107,0.38,1,114820,114379,441
5025361,2.0034,2.00342,441,80338,0.399821,0.38,1,114822,114381,441
5028281,2.00068,2.00068,441,80364,0.399964,0.38,1,114824,114383,441
5031201,2.00014,2.00014,441,80390,0.407993,0.38,1,114826,114385,441
5034121,2.00003,2.00003,441,80416,0.433599,0.38,1,114828,114387,441
5037041,2.00001,2.00001,441,80442,0.43872,0.38,1,114830,114389,441
5039961,2,2,441,80468,0.439744,0.38,1,114832,114391,441
5042881,2,2,441,80494,0.439949,0.38,1,114834,114393,441
5045801,2,2,441,80520,0.43999,0.39,1,114836,114395,441
5048721,2,2,441,80546,0.439998,0.39,1,114838,114397,441
5051641,2,2,441,80572,0.456,0.39,1,114840,114399,441
5054561,2,2,441,80598,0.4592,0.39,1,114842,114401,441
5057481,2,2,441,80624,0.45984,0.39,1,114844,114403,441
5060401,2,2,441,80650,0.459968,0.39,1,114846,114405,441
5063321,2,2,441,80676,0.459994,0.39,1,114848,114407,441
5066241,2,2,441,80702,0.467999,0.39,1,114850,114409,441
5069161,2,2,441,80728,0.4696,0.39,1,114852,114411,441
5072081,2,2,441,80754,0.46992,0.39,1,114854,114413,441
5075001,2,2,441,80780,0.469984,0.41,1,114856,114415,441
5077921,49.2,47.6,443,80806,0.501997,0.43,1,114917,114474,443
5080841,11.44,11.12,443,80832,0.476399,0.41,1,114919,114476,443
5083761,266.288,267.824,441,80858,0.49528,0.41,1,115249,114808,441
5086681,54.8576,55.1648,441,80884,0.499056,0.4,1,115251,114810,441
5089601,12.5715,12.633,441,80910,0.499811,0.41,1,115253,114812,441
5092521,4.1143,4.12659,441,80936,0.523962,0.37,1,115255,114814,441
5095441,2.42286,2.42532,441,80962,0.528792,0.4,1,115257,114816,441
5098361,3.68457,2.08506,443,80988,0.497758,0.4,1,115261,114818,443
5101281,2.33691,0.417013,445,81014,0.491552,0.4,1,115263,114818,445
5104201,2.06738,1.6834,445,81040,0.49031,0.4,1,115265,114820,445
5107121,2.01348,1.93668,445,81066,0.490062,0.4,1,115267,114822,445
5110041,2.0027,1.98734,445,81092,0.490012,0.41,1,115269,114824,445
5112961,2.80054,1.99747,446,81118,0.490002,0.44,1,115272,114826,446
5115881,2.16011,1.99949,446,81144,0.49,0.44,1,115274,114828,446
5118801,2.03202,1.9999,446,81170,0.49,0.44,1,115276,114830,446
5121721,2.0064,1.99998,446,81196,0.49,0.44,1,115278,114832,446
5124641,2.00128,2,446,81222,0.498,0.44,1,115280,114834,446
5127561,2.00026,2,446,81248,0.4676,0.44,1,115282,114836,446
5130481,2.00005,2,446,81274,0.46152,0.46,1,115284,114838,446
5133401,2.00001,2,446,81300,0.460304,0.46,1,115286,114840,446
5136321,2,2,446,81326,0.460061,0.46,1,115288,114842,446
5139241,2,2,446,81352,0.460012,0.46,1,115290,114844,446
5142161,2,2,446,81378,0.460002,0.46,1,115292,114846,446
5145081,2,2,446,81404,0.46,0.47,1,115294,114848,446
5148001,2,2,446,81430,0.468,0.47,1,115296,114850,446
5150921,2,2,446,81456,0.4696,0.47,1,115298,114852,446
5153841,2,2,446,81482,0.46992,0.47,1,115300,114854,446
5156761,49.2,2,505,81508,0.485984,0.51,1,115361,114856,505
5159681,11.44,49.2,446,81534,0.489197,0.47,1,115363,114917,446
5161141,163.088,11.44,645,81560,0.553839,0.5,1,115564,114919,645
5164061,137.418,266.288,446,81586,0.478768,0.5,1,115695,115249,446
5166981,29.0835,54.8576,446,81612,0.583754,0.5,1,115697,115251,446
5169901,7.4167,12.5715,446,81638,0.572751,0.53,1,115699,115253,446
5172821,3.08334,4.1143,446,81664,0.57055,0.53,1,115701,115255,446
5175741,2.21667,2.42286,446,81690,0.56211,0.49,1,115703,115257,446
5178661,3.64333,3.68457,446,81716,0.528422,0.49,1,115707,115261,446
5181581,2.32867,2.33691,446,81742,0.545684,0.49,1,115709,115263,446
5184501,2.06573,2.06738,446,81768,0.549137,0.49,1,115711,115265,446
5187421,2.01315,2.01348,446,81794,0.549827,0.49,1,115713,115267,446
5190341,2.00263,2.0027,446,81820,0.549966,0.49,1,115715,115269,446
5193261,2.00053,2.80054,445,81846,0.517993,0.49,1,115717,115272,445
5196181,2.00011,2.16011,445,81872,0.511599,0.49,1,115719,115274,445
5199101,2.00002,2.03202,445,81898,0.55032,0.49,1,115721,115276,445
5202021,2,2.0064,445,81924,0.558064,0.5,1,115723,115278,445
5204941,2,2.00128,445,81950,0.551613,0.46,1,115725,115280,445
5207861,2,2.00026,445,81976,0.550323,0.46,1,115727,115282,445
5210781,2,2.00005,445,82002,0.550065,0.46,1,115729,115284,445
5213701,2,2.00001,445,82027,0.550013,0.46,1,115731,115286,445
5216621,2,2,445,82052,0.550003,0.46,1,115733,115288,445
5219541,2,2,445,82077,0.55,0.46,1,115735,115290,445
5222461,2,2,445,82102,0.558,0.46,1,115737,115292,445
5225381,2,2,445,82127,0.5596,0.47,1,115739,115294,445
5228301,2,2,445,82152,0.55992,0.47,1,115741,115296,445
5231221,2,2,445,82177,0.559984,0.47,1,115743,115298,445
5234141,2,2,445,82202,0.559997,0.49,1,115745,115300,445
5237061,50,49.2,446,82227,0.615999,0.49,1,115807,115361,446
5239981,11.6,11.44,446,82252,0.5952,0.57,1,115809,115363,446
5242901,267.92,163.088,577,82277,0.60704,0.46,1,116141,115564,577
5245821,55.184,137.418,448,82302,0.577408,0.61,1,116143,115695,448
5248741,14.2368,29.0835,450,82327,0.547482,0.57,1,116147,115697,450
5251661,4.44736,7.4167,450,82352,0.541496,0.57,1,116149,115699,450
5254581,2.48947,3.08334,450,82377,0.540299,0.56,1,116151,115701,450
5257501,2.09789,2.21667,450,82402,0.54006,0.52,1,116153,115703,450
5260421,2.81958,3.64333,449,82427,0.644012,0.55,1,116156,115707,449
5263341,2.96392,2.32867,450,82452,0.648802,0.55,1,116159,115709,450
5266261,2.19278,2.06573,450,82477,0.65776,0.55,1,116161,115711,450
5269181,2.03856,2.01315,450,82502,0.683552,0.55,1,116163,115713,450
5272101,2.00771,2.00263,450,82527,0.68871,0.51,1,116165,115715,450
5275021,2.00154,2.00053,450,82552,0.689742,0.51,1,116167,115717,450
5277941,2.00031,2.00011,450,82577,0.657948,0.56,1,116169,115719,450
5280861,2.00006,2.00002,450,82602,0.65159,0.56,1,116171,115721,450
5283781,2.00001,2,450,82627,0.674318,0.55,1,116173,115723,450
5286701,2,2,450,82652,0.678864,0.55,1,116175,115725,450
5289621,2,2,450,82677,0.679773,0.55,1,116177,115727,450
5292541,2,2,450,82702,0.679955,0.55,1,116179,115729,450
5295461,2,2,450,82727,0.679991,0.55,1,116181,115731,450
5298381,2,2,450,82752,0.679998,0.55,1,116183,115733,450
5301301,2,2,450,82777,0.68,0.56,1,116185,115735,450
5304221,2,2,450,82802,0.68,0.56,1,116187,115737,450
5307141,2,2,450,82827,0.68,0.56,1,116189,115739,450
5310061,2,2,450,82852,0.672,0.56,1,116191,115741,450
5312981,2,2,450,82877,0.6704,0.56,1,116193,115743,450
5315901,2,2,450,82902,0.67808,0.63,1,116195,115745,450
5318821,50.8,50,451,82927,0.687616,0.59,1,116258,115807,451
5321741,11.76,11.6,451,82952,0.689523,0.61,1,116260,115809,451
5324661,266.352,267.92,449,82977,0.737905,0.57,1,116590,116141,449
5327581,56.4704,55.184,451,83002,0.755581,0.54,2,116594,116143,451
5330501,16.8941,14.2368,454,83027,0.783116,0.54,2,116601,116147,454
5333421,4.97882,4.44736,454,83052,0.756623,0.54,2,116603,116149,454
5336341,4.19576,2.48947,456,83077,0.719325,0.54,1,116607,116151,456
5339261,2.43915,2.09789,456,83102,0.679865,0.67,1,116609,116153,456
5342181,2.08783,2.81958,455,83127,0.639973,0.65,1,116611,116156,455
5345101,2.01757,2.96392,454,83152,0.631995,0.66,1,116613,116159,454
5348021,3.60351,2.19278,456,83177,0.726399,0.69,1,116617,116161,456
5350941,2.3207,2.03856,456,83202,0.74528,0.69,1,116619,116163,456
5353861,2.06414,2.00771,456,83227,0.749056,0.69,1,116621,116165,456
5356781,2.01283,2.00154,456,83252,0.773811,0.65,2,116623,116167,456
5359701,2.00257,2.00031,456,83277,0.778762,0.65,2,116625,116169,456
5362621,2.00051,2.00006,456,83302,0.755752,0.68,2,116627,116171,456
5365541,2.0001,2.00001,456,83327,0.75115,0.68,2,116629,116173,456
5368461,2.00002,2,456,83352,0.78223,0.68,2,116631,116175,456
5371381,2,2,456,83377,0.788446,0.68,2,116633,116177,456
5374301,2,2,456,83402,0.813689,0.68,2,116635,116179,456
5377221,2,2,456,83427,0.818738,0.68,2,116637,116181,456
5380141,2,2,456,83452,0.819748,0.68,2,116639,116183,456
5383061,2,2,456,83477,0.81995,0.68,2,116641,116185,456
5385981,2,2,456,83502,0.81999,0.68,2,116643,116187,456
5388901,2,2,456,83527,0.819998,0.67,2,116645,116189,456
5391821,2,2,456,83552,0.82,0.67,2,116647,116191,456
5394741,2,2,456,83577,0.82,0.68,2,116649,116193,456
5397661,2,2,456,83602,0.82,0.69,2,116651,116195,456
5400581,50.8,50.8,456,83627,0.828,0.69,2,116714,116258,456
5403501,11.76,11.76,456,83652,0.8296,0.75,2,116716,116260,456
5406421,270.352,266.352,461,83677,0.82192,0.76,2,117051,116590,461
5409341,55.6704,56.4704,459,83702,0.852384,0.79,2,117053,116594,459
5412261,12.7341,16.8941,454,83727,0.834477,0.75,2,117055,116601,454
5415181,4.14682,4.97882,454,83752,0.830895,0.71,2,117057,116603,454
5418101,8.02936,4.19576,459,83777,0.854179,0.67,2,117066,116607,459
5421021,3.20587,2.43915,459,83802,0.858836,0.63,2,117068,116609,459
5423941,2.24117,2.08783,459,83827,0.827767,0.63,2,117070,116611,459
5426861,3.64823,2.01757,461,83852,0.757553,0.75,2,117074,116613,461
5429781,2.32965,3.60351,459,83877,0.839511,0.75,2,117076,116617,459
5432701,2.86593,2.3207,460,83902,0.871902,0.75,2,117079,116619,460
5435621,2.17319,0.46414,462,83927,0.87838,0.75,2,117081,116619,462
5438541,2.03464,1.69283,462,83952,0.847676,0.78,2,117083,116621,462
5441461,3.60693,1.93857,464,83977,0.849535,0.78,2,117087,116623,464
5444381,2.32139,1.98771,464,84002,0.817907,0.75,2,117089,116625,464
5447301,2.06428,1.99754,464,84027,0.811581,0.75,2,117091,116627,464
5450221,2.01286,1.99951,464,84052,0.810316,0.79,2,117093,116629,464
5453141,2.00257,1.9999,464,84077,0.810063,0.79,2,117095,116631,464
5456061,2.00051,1.99998,464,84102,0.810013,0.82,2,117097,116633,464
5458981,2.0001,2,464,84127,0.810003,0.82,2,117099,116635,464
5461901,2.00002,2,464,84152,0.810001,0.82,2,117101,116637,464
5464821,2,2,464,84177,0.81,0.82,2,117103,116639,464
5467741,2,2,464,84202,0.81,0.82,2,117105,116641,464
5470661,2,2,464,84227,0.81,0.82,2,117107,116643,464
5473581,2,2,464,84252,0.834,0.82,2,117109,116645,464
5476501,2,2,464,84277,0.8388,0.82,2,117111,116647,464
5479421,2.8,2,465,84302,0.85576,0.82,2,117114,116649,465
5482341,50.16,2,525,84327,0.835152,0.83,2,117176,116651,525
5485261,11.632,50.8,464,84352,0.83103,0.83,2,117178,116714,464
5486721,163.126,11.76,663,84377,0.878206,0.82,2,117379,116716,663
5489641,142.225,270.352,465,84402,0.879641,0.86,2,117516,117051,465
5492561,30.0451,55.6704,465,84427,0.879928,0.83,2,117518,117053,465
5495481,7.60901,12.7341,465,84452,0.879986,0.83,2,117520,117055,465
5498401,3.1218,4.14682,465,84477,0.887997,0.86,2,117522,117057,465
5501321,7.82436,8.02936,465,84502,0.905599,0.86,2,117531,117066,465
5504241,3.16487,3.20587,465,84527,0.90912,0.82,2,117533,117068,465
5507161,2.23297,2.24117,465,84552,0.877824,0.74,2,117535,117070,465
5510081,2.04659,3.64823,463,84577,0.831565,0.86,2,117537,117074,463
5513001,2.00932,2.32965,463,84602,0.790313,0.88,2,117539,117076,463
5515921,2.00186,2.86593,462,84627,0.750063,0.88,2,117541,117079,462
5518841,2.00037,2.17319,462,84652,0.742013,0.84,1,117543,117081,462
5521761,2.00007,2.03464,462,84677,0.748402,0.85,1,117545,117083,462
5524681,3.60001,3.60693,462,84702,0.861681,0.81,2,117549,117087,462
5527601,2.32,2.32139,462,84727,0.892336,0.81,2,117551,117089,462
5530521,2.064,2.06428,462,84752,0.898467,0.81,2,117553,117091,462
5533441,2.0128,2.01286,462,84777,0.899693,0.81,2,117555,117093,462
5536361,2.00256,2.00257,462,84802,0.915939,0.81,2,117557,117095,462
5539281,3.60051,2.00051,464,84827,0.895188,0.81,2,117561,117097,464
5542201,2.3201,2.0001,464,84852,0.891038,0.81,2,117563,117099,464
5545121,2.06402,2.00002,464,84877,0.890208,0.81,2,117565,117101,464
5548041,2.0128,2,464,84902,0.914042,0.81,2,117567,117103,464
5550961,2.00256,2,464,84927,0.918808,0.81,2,117569,117105,464
5553881,2.00051,2,464,84952,0.895762,0.84,2,117571,117107,464
5556801,2.0001,2,464,84977,0.891152,0.84,2,117573,117109,464
5559721,2.00002,2,464,85002,0.89023,0.86,2,117575,117111,464
5562641,2,2.8,463,85027,0.914046,0.83,2,117577,117114,463
5699881,2,2,473,86165,0.92,1,2,118492,118019,473
6190441,16,13,456,43119,0.39,0.49,1,121443,120987,456
6193361,17.6,21,451,43168,0.406,0.45,1,121461,121010,451
6196281,9.12,14.6,445,43217,0.3772,0.45,1,121468,121023,445
6197361,3.424,7.72,441,43266,0.40344,0.36,1,121470,121029,441
6200281,13.4848,11.144,445,43266,0.408688,0.36,1,121486,121041,445
6201741,165.897,10.2288,639,43315,0.401738,0.2,1,121690,121051,639
6204661,70.7794,198.046,441,43364,0.440348,0.2,1,121737,121296,441
6207581,30.9559,52.4091,446,43413,0.40007,0.17,1,121758,121312,446
6210501,7.79118,25.6818,429,43462,0.360014,0.21,1,121760,121331,429
6213421,3.95824,9.93637,426,43511,0.392003,0.12,1,121763,121337,426
6216341,14.3916,7.58727,436,43559,0.342401,0.14,1,121780,121344,436
6219261,20.4783,18.3175,437,43607,0.36448,0.18,1,121802,121365,437
6222181,8.09567,10.8635,433,43655,0.400896,0.15,1,121807,121374,433
6225101,24.8191,16.5727,444,43703,0.392179,0.2,1,121836,121392,444
6228021,26.5638,22.5145,447,43751,0.494436,0.3,1,121863,121416,447
6230941,21.3128,13.3029,456,43799,0.594887,0.39,1,121883,121427,456
6233861,18.6626,15.4606,458,43847,0.654977,0.41,1,121901,121443,458
6236781,9.33251,17.4921,447,43895,0.650995,0.37,1,121908,121461,447
6239701,3.4665,9.09842,442,43943,0.682199,0.41,1,121910,121468,442
6242621,13.4933,16.2197,440,43991,0.68844,0.4,1,121926,121486,440
6245541,205.099,166.444,489,44039,0.673688,0.45,1,122179,121690,489
6248461,53.0197,70.8888,457,44087,0.670738,0.39,1,122194,121737,457
6251381,12.2039,30.9778,438,44135,0.646148,0.35,1,122196,121758,438
6254301,9.64079,7.79555,445,44183,0.657229,0.4,1,122205,121760,445
6257221,12.3282,3.95911,455,44231,0.715446,0.33,1,122218,121763,455
6260141,23.2656,14.3918,464,44279,0.687089,0.37,1,122244,121780,464
6263061,9.45313,20.4784,448,44327,0.697418,0.41,1,122250,121802,448
6265981,26.6906,8.09567,474,44375,0.739484,0.39,1,122281,121807,474
6268901,29.3381,24.8191,475,44423,0.883897,0.52,2,122311,121836,475
6387161,6,5,487,46329,0.74,1,1,123619,123132,487
6390081,9.2,11.4,484,46375,0.772,1,2,123629,123145,484
6393001,13.84,22.28,474,46420,0.7304,1,1,123644,123170,474
6395921,12.368,11.656,477,46465,0.68208,1,1,123656,123179,477
6398841,19.2736,28.7312,465,46510,0.528416,1,1,123677,123212,465
6401761,38.2547,26.5462,482,46555,0.161683,1,1,123720,123238,482
6404681,43.6509,43.7092,479,46600,0.0403366,1,1,123765,123286,479
6407601,22.3302,24.7418,476,46645,0.00806733,1,1,123782,123306,476
6410521,18.866,16.1484,480,46690,0.00161347,1,1,123800,123320,480
6413441,16.5732,16.8297,479,46735,0.00832269,1,1,123816,123337,479
6416361,28.1146,15.3659,495,46780,0.00966454,1,1,123847,123352,495
6419281,16.0229,13.4732,495,46825,0.00993291,1,1,123860,123365,495
6422201,154.405,166.695,479,46870,0.00998658,1,1,124049,123570,479
6425121,45.2809,41.3389,487,46915,0.0259973,0.77,1,124067,123580,487
6428041,13.0562,28.2678,467,46960,0.0131995,0.73,1,124072,123605,467
6430961,8.21124,12.0536,466,47005,0.0266399,0.74,1,124079,123613,466
6433881,5.64225,7.21071,465,47050,0.013328,0.78,1,124084,123619,465
6436801,9.92845,9.44214,466,47095,0.0586656,0.72,1,124095,123629,466
6439721,9.98569,13.8884,461,47140,0.0357331,0.67,1,124105,123644,461
6442641,9.99714,12.3777,459,47185,0.0151466,0.49,1,124115,123656,459
6445561,22.7994,19.2755,464,47230,0.0270293,0.07,1,124141,123677,464
6448481,40.5599,38.2551,466,47275,0.237406,0.01,1,124186,123720,466
6451401,22.512,43.651,439,47320,0.0554812,0,1,124204,123765,439
6454321,18.9024,22.3302,440,47365,0.347096,0,1,124222,123782,440
6457241,5.38048,18.866,424,47410,0.373419,0.01,1,124224,123800,424
6460161,12.2761,16.5732,422,47454,0.258684,0.01,1,124238,123816,422
6463081,27.2552,28.1146,422,47498,0.0517368,0.01,1,124269,123847,422
6466001,15.851,16.0229,422,47542,0.0343474,0.01,1,124282,123860,422
6468921,154.37,154.405,422,47586,0.00686947,0.03,1,124471,124049,422
6471841,46.074,45.2809,423,47630,0.00137389,0.01,1,124490,124067,423
6474761,12.4148,13.0562,422,47674,0.000274779,0.03,1,124494,124072,422
6477681,8.08296,8.21124,422,47718,0.024055,0.01,1,124501,124079,422
6480601,7.21659,5.64225,424,47762,0.012811,0.07,1,124508,124084,424
6483521,10.2433,9.92845,424,47806,0.0265622,0.03,1,124519,124095,424
6486441,8.44866,9.98569,422,47850,0.0293124,0.01,1,124527,124105,422
6489361,9.68973,9.99714,422,47894,0.00586249,0.03,1,124537,124115,422
6492281,24.3379,22.7994,424,47938,0.0011725,0.29,1,124565,124141,424
6495201,44.0676,40.5599,428,47982,0.0562345,0.01,1,124614,124186,428
6498121,35.2135,22.512,443,48026,0.0512469,0.42,1,124647,124204,443
6501041,15.0427,18.9024,435,48070,0.0182494,0.38,1,124657,124222,435
6503961,4.60854,5.38048,435,48114,0.0436499,0.23,1,124659,124224,435
6506881,5.72171,12.2761,427,48158,0.04873,0,1,124665,124238,427
6509801,21.9443,27.2552,422,48202,0.00974599,0.03,1,124691,124269,422
6512721,41.9889,15.851,456,48246,0.0419492,0,1,124738,124282,456
6515641,132.398,154.37,422,48290,0.00838984,0,1,124893,124471,422
6518561,41.6796,46.074,422,48334,0.00167797,0,1,124912,124490,422
6521481,11.5359,12.4148,422,48378,0.000335594,0.03,1,124916,124494,422
6524401,7.90718,8.08296,422,48422,0.0240671,0.01,1,124923,124501,422
6527321,7.18144,7.21659,422,48466,0.0128134,0.03,1,124930,124508,422
6530241,10.2363,10.2433,422,48509,0.0265627,0.03,1,124941,124519,422
6533161,8.44726,8.44866,422,48552,0.0453125,0,1,124949,124527,422
6536081,9.68945,9.68973,422,48595,0.00906251,0,1,124959,124537,422
6539001,24.3379,24.3379,422,48638,0.0018125,0.07,1,124987,124565,422
6541921,44.8676,44.0676,423,48681,0.0083625,0.05,1,125037,124614,423
6544841,34.5735,35.2135,422,48724,0.0096725,0.01,1,125069,124647,422
6547761,14.9147,15.0427,422,48767,0.0099345,0.05,1,125079,124657,422
6550681,4.58294,4.60854,422,48810,0.0419869,0.05,1,125081,124659,422
6553601,5.71659,5.72171,422,48853,0.0163974,0.05,1,125087,124665,422
6556521,21.1433,1.14434,447,48896,0.00327948,0,1,125112,124665,447
6559441,41.8287,21.0289,468,48939,0.0406559,0.05,1,125159,124691,468
6562361,132.366,41.8058,576,48982,0.00813118,0,1,125314,124738,576
6565281,41.6731,132.361,440,49025,0.00162624,0,1,125333,124893,440
6568201,11.5346,41.6722,425,49068,0.000325247,0,1,125337,124912,425
6571121,7.90693,11.5344,428,49111,0.0240651,0.03,1,125344,124916,428
6574041,7.18138,7.90689,428,49154,0.028813,0.01,1,125351,124923,428
6576961,10.2363,7.18138,432,49197,0.0617626,0.03,1,125362,124930,432
6579881,8.44726,10.2363,429,49240,0.0363525,0.05,1,125370,124941,429
6582801,9.68945,8.44726,431,49283,0.0152705,0,1,125380,124949,431
6585721,24.3379,9.68945,449,49326,0.0030541,0,1,125408,124959,449
6588641,44.8676,24.3379,471,49369,0.00861082,0.01,1,125458,124987,471
6591561,34.5735,44.8676,453,49412,0.0417222,0.01,1,125490,125037,453
6594481,14.9147,34.5735,431,49455,0.0483444,0.01,1,125500,125069,431
6597401,4.58294,14.9147,423,49498,0.0496689,0.05,1,125502,125079,423
6600321,5.71659,4.58294,427,49541,0.0499338,0.01,1,125508,125081,427
6603241,21.1433,5.71659,446,49584,0.00998675,0,1,125533,125087,446
6606161,43.4287,21.1433,470,49626,0.0419974,0.05,1,125582,125112,470
6609081,131.086,41.8287,576,49668,0.0163995,0,1,125735,125159,576
6612001,41.4171,132.366,440,49710,0.0112799,0,1,125754,125314,440
6614921,11.4834,41.6731,425,49752,0.026256,0,1,125758,125333,425
6617841,7.89669,11.5346,428,49794,0.0292512,0.03,1,125765,125337,428
6620761,8.77934,7.90693,430,49836,0.0138502,0.03,1,125774,125344,430
6623681,10.5559,7.18138,434,49878,0.05877,0.07,1,125785,125351,434
6626601,6.91117,10.2363,429,49920,0.011754,0.03,1,125791,125362,429
6629521,9.38223,8.44726,431,49962,0.0423508,0.01,1,125801,125370,431
6632441,24.2764,9.68945,449,50004,0.00847016,0,1,125829,125380,449
6635361,45.6553,24.3379,472,50046,0.00969403,0.01,1,125880,125408,472
6638281,35.5311,44.8676,455,50088,0.00993881,0.05,1,125913,125458,455
6641201,15.1062,34.5735,433,50130,0.0259878,0.05,1,125923,125490,433
6644121,4.62124,14.9147,425,50172,0.0291976,0.05,1,125925,125500,425
6647041,6.52425,4.58294,430,50214,0.0458395,0.05,1,125932,125502,430
6649961,18.9048,5.71659,446,50256,0.0091679,0,1,125954,125508,446
6652881,44.581,21.1433,472,50298,0.00983358,0.05,1,126005,125533,472
6655801,10.5162,43.4287,425,50340,0.00996672,0.01,1,126007,125582,425
6658721,122.903,131.086,423,50382,0.00199334,0.01,1,126158,125735,423
6661641,38.9806,41.4171,422,50424,0.00839867,0.03,1,126176,125754,422
6664561,10.9961,11.4834,422,50466,0.00967973,0.03,1,126180,125758,422
6667481,7.79923,7.89669,422,50508,0.0259359,0.01,1,126187,125765,422
6670401,10.3598,8.77934,424,50550,0.0291872,0.07,1,126198,125774,424
6673321,10.072,10.5559,423,50592,0.0138374,0,1,126208,125785,423
6676241,7.61439,6.91117,424,50634,0.0507675,0.05,1,126215,125791,424
6679161,7.92288,9.38223,422,50676,0.0501535,0,1,126223,125801,422
6682081,23.9846,24.2764,422,50718,0.0100307,0.01,1,126251,125829,422
6685001,46.3969,45.6553,423,50760,0.0260061,0.01,1,126303,125880,423
6687921,35.6794,35.5311,423,50801,0.0452012,0.03,1,126336,125913,423
6690841,15.1359,15.1062,423,50842,0.0170402,0.03,1,126346,125923,423
6693761,4.62718,4.62124,423,50883,0.0434081,0.05,1,126348,125925,423
6696681,7.32544,6.52425,424,50924,0.0166816,0,1,126356,125932,424
6699601,17.4651,18.9048,422,50965,0.00333632,0.01,1,126376,125954,422
6702521,44.293,44.581,422,51006,0.0246673,0.01,1,126427,126005,422
6705441,10.4586,10.5162,422,51047,0.0289335,0,1,126429,126007,422
6708361,122.892,122.903,422,51088,0.00578669,0.01,1,126580,126158,422
6711281,38.9783,38.9806,422,51129,0.0251573,0.01,1,126598,126176,422
6714201,10.9957,10.9961,422,51170,0.00503147,0.03,1,126602,126180,422
6717121,7.79913,7.79923,422,51211,0.0250063,0.03,1,126609,126187,422
6720041,10.3598,10.3598,422,51252,0.0290013,0.01,1,126620,126198,422
6722961,10.872,10.072,423,51293,0.0298003,0.06,1,126631,126208,423
6725881,6.97439,7.61439,422,51334,0.0139601,0.05,1,126637,126215,422
6728801,7.79488,7.92288,422,51375,0.042792,0,1,126645,126223,422
6731721,23.959,23.9846,422,51416,0.0085584,0.03,1,126673,126251,422
6734641,46.3918,46.3969,422,51457,0.0257117,0.05,1,126725,126303,422
6737561,35.6784,35.6794,422,51498,0.0291423,0.01,1,126758,126336,422
6740481,15.1357,15.1359,422,51539,0.0138285,0.05,1,126768,126346,422
6743401,4.62713,4.62718,422,51580,0.0427657,0.01,1,126770,126348,422
6746321,7.32543,7.32544,422,51621,0.0165531,0,1,126778,126356,422
6749241,17.4651,17.4651,422,51662,0.00331063,0.03,1,126798,126376,422
6752161,45.093,44.293,423,51703,0.0246621,0.03,1,126850,126427,423
6755081,10.6186,10.4586,423,51744,0.0289324,0,1,126852,126429,423
6758001,122.124,122.892,422,51785,0.00578649,0,1,127002,126580,422
6760921,38.0247,24.5783,439,51826,0.0251573,0.03,1,127019,126580,439
6763841,10.8049,19.3157,425,51867,0.00503146,0,1,127023,126598,425
6766761,7.76099,7.06313,428,51908,0.0250063,0.03,1,127030,126602,428
6769681,10.3522,7.01263,432,51949,0.0290013,0.03,1,127041,126609,432
6772601,10.8704,10.2025,432,51990,0.0298003,0.03,1,127052,126620,432
6775521,6.97409,10.8405,427,52031,0.0299601,0.01,1,127058,126631,427
6778441,7.79482,6.9681,429,52071,0.045992,0.05,1,127066,126637,429
6781361,23.959,7.79362,449,52111,0.0091984,0,1,127094,126645,449
6784281,46.3918,23.9587,473,52151,0.0258397,0.03,1,127146,126673,473
6787201,35.6784,46.3917,454,52191,0.0451679,0.03,1,127179,126725,454
6790121,15.1357,35.6783,431,52231,0.0330336,0.01,1,127189,126758,431
6793041,4.62713,15.1357,423,52271,0.0306067,0.05,1,127191,126768,423
6795961,8.12543,4.62713,430,52311,0.0461213,0.01,1,127200,126770,430
6798881,16.8251,7.32543,441,52351,0.0332243,0,1,127219,126778,441
6801801,44.965,17.4651,473,52391,0.0146449,0.03,1,127271,126798,473
6804721,10.593,45.093,423,52431,0.026929,0.03,1,127273,126850,423
6807641,122.119,10.6186,571,52471,0.00538579,0,1,127423,126852,571
6810561,38.0237,122.124,438,52511,0.0410772,0.03,1,127440,127002,438
6813481,10.8047,38.0247,425,52551,0.0162154,0,1,127444,127019,425
6816401,7.76095,10.8049,428,52591,0.0272431,0.03,1,127451,127023,428
6819321,10.3522,7.76099,432,52631,0.0454486,0.03,1,127462,127030,432
6822241,12.4704,10.3522,434,52671,0.00908972,0.03,1,127475,127041,434
6825161,7.29409,10.8704,429,52711,0.00981794,0.03,1,127481,127052,429
6828081,7.85882,6.97409,431,52751,0.0259636,0.05,1,127489,127058,431
6831001,22.3718,7.79482,449,52791,0.0131927,0,1,127515,127066,449
6833921,46.0744,23.959,473,52831,0.0266385,0.03,1,127567,127094,473
6836841,36.4149,46.3918,455,52871,0.0293277,0.05,1,127601,127146,455
6839761,15.283,35.6784,432,52911,0.0298655,0.03,1,127611,127179,432
6842681,4.65659,15.1357,424,52951,0.0299731,0.03,1,127613,127189,424
6845601,8.93132,4.62713,432,52991,0.0299946,0.05,1,127623,127191,432
6848521,15.3863,8.12543,440,53031,0.0299989,0.03,1,127640,127200,440
6851441,45.4773,16.8251,474,53071,0.0299998,0.01,1,127693,127219,474
6854361,10.6955,44.965,424,53111,0.03,0.03,1,127695,127271,424
6857281,121.339,10.593,571,53151,0.014,0,1,127844,127273,571
6860201,37.8678,122.119,438,53191,0.0268,0.05,1,127861,127423,438
6863121,10.7736,38.0237,425,53231,0.02936,0.01,1,127865,127440,425
6866041,3.75471,10.8047,423,53271,0.005872,0.03,1,127867,127444,423
6868961,6.35094,7.76095,423,53311,0.0011744,0.05,1,127874,127451,423
6871881,9.27019,10.3522,422,53350,0.00023488,0,1,127884,127462,422
6874801,13.054,12.4704,423,53389,0.024047,0.01,1,127898,127475,423
6877721,7.41081,7.29409,423,53428,0.0288094,0.03,1,127904,127481,423
6880641,8.68216,7.85882,424,53467,0.0297619,0.01,1,127913,127489,424
6883561,22.5364,22.3718,424,53506,0.00595238,0.03,1,127939,127515,424
6886481,45.3073,46.0744,423,53545,0.00919048,0.03,1,127990,127567,423
6889401,36.2615,36.4149,423,53584,0.0258381,0.03,1,128024,127601,423
6892321,15.2523,15.283,423,53623,0.0451676,0.03,1,128034,127611,423
6895241,4.65046,4.65659,423,53662,0.0810335,0.03,1,128036,127613,423
6898161,9.73009,8.93132,424,53701,0.0882067,0.03,1,128047,127623,424
6901081,13.946,15.3863,422,53740,0.0736413,0.03,1,128062,127640,422
6904001,45.9892,45.4773,423,53779,0.0227283,0.03,1,128116,127693,423
6906921,10.7978,10.6955,423,53818,0.0125457,0.01,1,128118,127695,423
6909841,120.56,121.339,422,53857,0.00250913,0.03,1,128266,127844,422
6912761,37.7119,37.8678,422,53896,0.00850183,0.03,1,128283,127861,422
6915681,10.7424,10.7736,422,53935,0.0257004,0,1,128287,127865,422
6918601,3.74848,3.75471,422,53974,0.00514007,0,1,128289,127867,422
6921521,6.3497,6.35094,422,54013,0.00102801,0,1,128296,127874,422
6924441,9.26994,9.27019,422,54052,0.000205603,0.03,1,128306,127884,422
6927361,13.054,13.054,422,54091,0.00804112,0.03,1,128320,127898,422
6930281,7.4108,7.41081,422,54130,0.0256082,0.03,1,128326,127904,422
6933201,8.68216,8.68216,422,54169,0.0291216,0,1,128335,127913,422
6936121,22.5364,22.5364,422,54208,0.00582433,0.01,1,128361,127939,422
6939041,45.3073,45.3073,422,54247,0.00916487,0.03,1,128412,127990,422
6941961,37.8615,36.2615,424,54286,0.00983297,0.05,1,128448,128024,424
6944881,16.3723,15.2523,425,54325,0.0579666,0.09,1,128459,128034,425
6947801,4.87446,4.65046,425,54364,0.0835933,0.09,1,128461,128036,425
6950721,8.97489,9.73009,424,54403,0.0567187,0.07,1,128471,128047,424
6953641,12.195,13.946,422,54442,0.0673437,0.01,1,128484,128062,422
6956561,46.439,45.9892,423,54481,0.0374687,0.01,1,128539,128116,423
6959481,10.8878,10.7978,423,54520,0.0314937,0,1,128541,128118,423
6962401,119.778,120.56,422,54559,0.00629875,0.01,1,128688,128266,422
6965321,37.5555,37.7119,422,54598,0.00125975,0.03,1,128705,128283,422
6968241,10.7111,10.7424,422,54637,0.00825195,0,1,128709,128287,422
6971161,3.74222,3.74848,422,54676,0.00165039,0,1,128711,128289,422
6974081,6.34844,6.3497,422,54714,0.000330078,0,1,128718,128296,422
6977001,8.46969,1.26994,431,54752,0.00806602,0,1,128727,128296,431
6979921,12.8939,8.25399,435,54790,0.0096132,0.01,1,128741,128306,435
6982841,7.37879,12.8508,427,54828,0.0259226,0.03,1,128747,128320,427
6985761,8.67576,7.37016,430,54866,0.00518453,0.03,1,128756,128326,430
6988681,22.5352,8.67403,447,54904,0.00103691,0,1,128782,128335,447
6991601,45.307,22.5348,472,54942,0.00820738,0.01,1,128833,128361,472
6994521,39.4614,45.307,459,54980,0.0256415,0.01,1,128871,128412,459
6997441,16.6923,37.8614,434,55018,0.0771283,0.07,1,128882,128448,434
7000361,4.93846,16.3723,425,55056,0.0874257,0.09,1,128884,128459,425
7003281,8.98769,4.87446,433,55094,0.105485,0.05,1,128894,128461,433
7006201,10.5975,8.97489,434,55132,0.125097,0.07,1,128905,128471,434
7009121,46.1195,12.195,476,55170,0.0650194,0.03,1,128960,128484,476
7012041,10.8239,46.439,423,55208,0.0530039,0.03,1,128962,128539,423
7014961,119.765,10.8878,568,55246,0.0186008,0,1,129109,128541,568
7017881,37.553,119.778,438,55284,0.0117202,0,1,129126,128688,438
7020801,10.7106,37.5555,425,55322,0.026344,0.01,1,129130,128705,425
7023721,3.74212,10.7111,423,55360,0.00526881,0,1,129132,128709,423
7026641,6.34842,3.74222,428,55398,0.00105376,0,1,129139,128711,428
7029561,8.46968,6.34844,430,55436,0.0242108,0.01,1,129148,128718,430
7032481,12.8939,8.46969,435,55474,0.0288422,0.01,1,129162,128727,435
7035401,8.17879,12.8939,428,55512,0.0137684,0.03,1,129169,128741,428
7038321,8.03576,7.37879,430,55550,0.0267537,0,1,129177,128747,430
7041241,22.4072,8.67576,447,55588,0.00535074,0,1,129203,128756,447
7044161,45.2814,22.5352,472,55626,0.00907015,0.01,1,129254,128782,472
7047081,41.8563,45.307,462,55664,0.025814,0.03,1,129295,128833,462
7050001,18.7713,39.4614,437,55702,0.0131628,0.09,1,129308,128871,437
7052921,5.35425,16.6923,428,55740,0.0106326,0.09,1,129310,128882,428
7055841,9.07085,4.93846,436,55778,0.0101265,0.11,1,129320,128884,436
7058761,10.6142,8.98769,437,55816,0.0420253,0.13,1,129331,128894,437
7061681,42.9228,10.5975,477,55854,0.0964051,0.05,1,129382,128905,477
7064601,10.1846,46.1195,424,55892,0.107281,0.05,1,129384,128960,424
7067521,118.837,10.8239,568,55930,0.0294562,0.01,1,129530,128962,568
7070441,37.3674,119.765,438,55968,0.0298912,0.01,1,129547,129109,438
7073361,10.6735,37.553,425,56006,0.00597825,0.03,1,129551,129126,425
7076281,3.7347,10.7106,423,56044,0.00919565,0,1,129553,129130,423
7079201,6.34694,3.74212,428,56082,0.00183913,0,1,129560,129132,428
7082121,8.46939,6.34842,430,56120,0.00836783,0.03,1,129569,129139,430
7085041,13.6939,8.46968,436,56157,0.0256736,0.03,1,129584,129148,436
7087961,4.33878,12.8939,424,56194,0.00513471,0.01,1,129586,129162,424
7090881,5.66776,8.17879,423,56231,0.00102694,0.03,1,129592,129169,423
7093801,7.53355,8.03576,423,56268,0.0402054,0,1,129600,129177,423
7096721,21.5067,22.4072,422,56305,0.00804108,0.01,1,129625,129203,422
7099641,45.1013,45.2814,422,56342,0.00960822,0.03,1,129676,129254,422
7102561,42.6203,41.8563,423,56379,0.0259216,0.01,1,129718,129295,423
7105481,18.1241,18.7713,422,56416,0.0291843,0.01,1,129730,129308,422
7108401,5.22481,5.35425,422,56453,0.0298369,0.01,1,129732,129310,422
7111321,9.84496,9.07085,423,56490,0.0459674,0.05,1,129743,129320,423
7114241,13.169,10.6142,426,56527,0.0171935,0.11,1,129757,129331,426
7117161,44.2338,42.9228,427,56564,0.0274387,0.11,1,129809,129382,427
7120081,10.4468,10.1846,427,56601,0.0294877,0.01,1,129811,129384,427
7123001,114.889,118.837,422,56638,0.00589755,0.03,1,129952,129530,422
7125921,36.5779,37.3674,422,56675,0.00917951,0,1,129969,129547,422
7128841,10.5156,10.6735,422,56712,0.0258359,0.01,1,129973,129551,422
7131761,3.70311,3.7347,422,56749,0.00516718,0,1,129975,129553,422
7134681,7.14062,6.34694,423,56786,0.00103344,0.01,1,129983,129560,423
7137601,8.62812,8.46939,423,56823,0.00820669,0.03,1,129992,129569,423
7140521,12.9256,13.6939,422,56860,0.00964134,0,1,130006,129584,422
7143441,4.18512,4.33878,422,56897,0.0259283,0,1,130008,129586,422
7146361,5.63703,5.66776,422,56934,0.0451857,0.05,1,130014,129592,422
7149281,7.52741,7.53355,422,56971,0.0490371,0,1,130022,129600,422
7152201,21.5055,21.5067,422,57008,0.00980743,0.01,1,130047,129625,422
7155121,45.1011,45.1013,422,57045,0.00996148,0.03,1,130098,129676,422
7158041,43.4202,42.6203,423,57082,0.0259923,0.03,1,130141,129718,423
7160961,18.284,18.1241,423,57119,0.0451985,0.03,1,130153,129730,423
7163881,5.25681,5.22481,423,57156,0.0490397,0.05,1,130155,129732,423
7166801,9.05136,9.84496,422,57193,0.0178079,0.01,1,130165,129743,422
7169721,13.0103,13.169,422,57230,0.0435616,0.03,1,130179,129757,422
7172641,45.0021,44.2338,423,57267,0.0327123,0.03,1,130232,129809,423
7175561,10.6004,10.4468,423,57304,0.0305425,0,1,130234,129811,423
7178481,114.12,114.889,422,57341,0.00610849,0.01,1,130374,129952,422
7181401,36.424,36.5779,422,57378,0.0012217,0.03,1,130391,129969,422
7184321,10.4848,10.5156,422,57415,0.00824434,0,1,130395,129973,422
7187241,3.69696,3.70311,422,57452,0.00164887,0,1,130397,129975,422
7190161,7.13939,7.14062,422,57489,0.000329774,0.01,1,130405,129983,422
7193081,8.62788,8.62812,422,57526,6.59547e-05,0.01,1,130414,129992,422
7196001,12.9256,12.9256,422,57563,0.00801319,0.03,1,130428,130006,422
7198921,4.18511,4.18512,422,57600,0.0256026,0.05,1,130430,130008,422
7201841,5.63702,5.63703,422,57637,0.125121,0.05,1,130436,130014,422
7204761,7.5274,1.1274,430,57673,0.145024,0.05,1,130444,130014,430
7207681,20.7055,6.62548,446,57709,0.117005,0,1,130468,130022,446
7210601,44.9411,21.3251,472,57745,0.031401,0.01,1,130519,130047,472
7213521,43.3882,45.065,464,57781,0.0302802,0.03,1,130562,130098,464
7216441,18.2776,43.413,433,57817,0.014056,0.05,1,130574,130141,433
7219361,5.25553,18.2826,423,57853,0.0108112,0.05,1,130576,130153,423
7222281,9.05111,5.25652,431,57889,0.0261622,0.01,1,130586,130155,431
7225201,13.0102,9.0513,435,57925,0.0292324,0.05,1,130600,130165,435
7228121,45.802,13.0103,475,57961,0.0458465,0.03,1,130654,130179,475
7231041,10.7604,45.0021,424,57997,0.0491693,0.03,1,130656,130232,424
7233961,113.352,10.6004,561,58033,0.0178339,0,1,130795,130234,561
7236881,36.2704,114.12,438,58069,0.0115668,0,1,130812,130374,438
7239801,10.4541,36.424,425,58105,0.0263134,0.01,1,130816,130391,425
7242721,3.69082,10.4848,423,58141,0.00526267,0,1,130818,130395,423
7245641,7.13816,3.69696,429,58177,0.00105253,0,1,130826,130397,429
7248561,8.62763,7.13939,430,58213,0.00821051,0,1,130835,130405,430
7251481,18.5255,8.62788,442,58249,0.0416421,0.01,1,130856,130414,442
7254401,5.30511,12.9256,430,58285,0.0643284,0.03,1,130858,130428,430
7257321,5.86102,4.18511,434,58321,0.100866,0.15,1,130864,130430,434
7260241,7.5722,5.63702,436,58357,0.108173,0.15,1,130872,130436,436
7263161,15.9144,7.5274,446,58393,0.109635,0.11,1,130890,130444,446
7266081,43.1829,20.7055,472,58429,0.0459269,0.01,1,130940,130468,472
7269001,43.0366,44.9411,464,58465,0.0171854,0.03,1,130983,130519,464
7271921,19.0073,43.3882,434,58501,0.0114371,0.01,1,130996,130562,434
7274841,5.40146,18.2776,424,58537,0.0102874,0.01,1,130998,130574,424
7277761,9.08029,5.25553,432,58573,0.0260575,0.03,1,131008,130576,432
7280681,12.2161,9.05111,435,58609,0.0132115,0.03,1,131021,130586,435
7283601,47.2432,13.0102,477,58645,0.0746423,0.05,1,131077,130600,477
7286521,11.0486,45.802,425,58681,0.0869285,0.05,1,131079,130654,425
7289441,111.81,10.7604,560,58717,0.0413857,0.01,1,131216,130656,560
7292361,35.9619,113.352,438,58753,0.0322771,0.01,1,131233,130795,438
7295281,10.3924,36.2704,425,58789,0.00645543,0.03,1,131237,130812,425
7298201,3.67848,10.4541,423,58825,0.00929109,0,1,131239,130816,423
7301121,7.1357,3.69082,429,58861,0.00185822,0,1,131247,130818,429
7304041,8.62714,7.13816,430,58897,0.0243716,0.01,1,131256,130826,430
7306961,22.5254,8.62763,447,58933,0.0928743,0.05,1,131282,130835,447
7309881,6.10509,18.5255,428,58969,0.122575,0.07,1,131284,130856,428
7312801,6.02102,5.30511,432,59005,0.176515,0.11,1,131290,130858,432
7315721,7.6042,5.86102,434,59041,0.187303,0.11,1,131298,130864,434
7318641,15.9208,7.5722,444,59077,0.189461,0.11,1,131316,130872,444
7321561,4.78417,15.9144,428,59113,0.189892,0.03,1,131318,130890,428
7324481,36.1568,43.1829,422,59149,0.0619784,0.01,1,131362,130940,422
7327401,42.4314,43.0366,423,59185,0.0363957,0.01,1,131406,130983,423
7330321,18.8863,19.0073,423,59221,0.0312791,0.01,1,131419,130996,423
7333241,5.37725,5.40146,423,59256,0.0302558,0.03,1,131421,130998,423
7336161,9.07545,9.08029,423,59291,0.0140512,0.01,1,131431,131008,423
7339081,11.4151,12.2161,422,59326,0.0428102,0.09,1,131443,131021,422
7342001,50.283,47.2432,426,59361,0.064562,0.09,1,131503,131077,426
7344921,11.6566,11.0486,426,59396,0.0689124,0.03,1,131505,131079,426
7347841,108.731,111.81,422,59431,0.0537825,0.03,1,131638,131216,422
7350761,35.3463,35.9619,422,59466,0.0187565,0,1,131655,131233,422
7353681,10.2693,10.3924,422,59501,0.0277513,0.01,1,131659,131237,422
7356601,3.65385,3.67848,422,59536,0.00555026,0,1,131661,131239,422
7359521,7.13077,7.1357,422,59571,0.00111005,0.03,1,131669,131247,422
7362441,9.42615,8.62714,423,59606,0.00022201,0.11,1,131679,131256,423
7365361,29.0852,22.5254,431,59641,0.152044,0.13,1,131713,131282,431
7368281,7.41705,6.10509,431,59676,0.198409,0.19,1,131715,131284,431
7371201,6.28341,6.02102,431,59711,0.223682,0.19,1,131721,131290,431
7374121,7.65668,7.6042,431,59746,0.228736,0.19,1,131729,131298,431
7377041,15.9313,15.9208,431,59781,0.197747,0.19,1,131747,131316,431
7379961,4.78627,4.78417,431,59816,0.191549,0.03,1,131749,131318,431
7382881,28.9573,36.1568,422,59851,0.15831,0.03,1,131784,131362,422
7385801,40.9915,42.4314,422,59886,0.135662,0.03,1,131828,131406,422
7388721,18.5983,18.8863,422,59921,0.115132,0.03,1,131841,131419,422
7391641,5.31966,5.37725,422,59956,0.111026,0.01,1,131843,131421,422
7394561,9.06393,9.07545,422,59991,0.0782053,0.05,1,131853,131431,422
7397481,11.4128,11.4151,422,60026,0.103641,0.07,1,131865,131443,422
7400401,51.0826,50.283,423,60061,0.108728,0.07,1,131926,131503,423
7403321,11.8165,11.6566,423,60096,0.109746,0.05,1,131928,131505,423
7406241,107.963,108.731,422,60131,0.109949,0.01,1,132060,131638,422
7409161,35.1927,35.3463,422,60166,0.0299898,0.03,1,132077,131655,422
7412081,10.2385,10.2693,422,60201,0.013998,0,1,132081,131659,422
7415001,3.64771,3.65385,422,60236,0.00279959,0,1,132083,131661,422
7417921,7.12954,7.13077,422,60271,0.000559919,0,1,132091,131669,422
7420841,9.42591,9.42615,422,60306,0.000111984,0.19,1,132101,131679,422
7423761,36.2852,29.0852,431,60341,0.200022,0.21,1,132144,131713,431
7426681,8.85704,7.41705,431,60376,0.256004,0.23,1,132146,131715,431
7429601,6.57141,6.28341,431,60411,0.299201,0.23,1,132152,131721,431
7432521,7.71428,7.65668,431,60446,0.30784,0.19,1,132160,131729,431
7435441,15.9429,15.9313,431,60481,0.341568,0.19,1,132178,131747,431
7438361,4.78857,4.78627,431,60516,0.348314,0.15,1,132180,131749,431
7441281,25.7577,28.9573,427,60551,0.333663,0.15,1,132211,131784,427
7444201,38.7515,5.79145,469,60586,0.298733,0.13,1,132253,131784,469
7447121,17.3503,36.3583,437,60621,0.291747,0.11,1,132265,131828,437
7450041,5.07006,17.6717,426,60656,0.290349,0.11,1,132267,131841,426
7452961,9.01401,5.13433,434,60691,0.29007,0.07,1,132277,131843,434
7455881,11.4028,9.02687,436,60726,0.290014,0.11,1,132289,131853,436
7458801,51.0806,11.4054,485,60761,0.354003,0.11,1,132350,131865,485
7461721,11.8161,51.0811,426,60796,0.366801,0.11,1,132352,131926,426
7464641,106.363,11.8162,554,60831,0.43336,0.11,1,132482,131928,554
7467561,34.0726,107.963,438,60866,0.494672,0.01,1,132498,132060,438
7470481,10.0145,35.1926,425,60901,0.506934,0.01,1,132502,132077,425
7473401,3.60291,10.2385,423,60936,0.477387,0,1,132504,132081,423
7476321,7.12058,3.64771,429,60970,0.407477,0,1,132512,132083,429
7479241,9.42412,7.12954,431,61004,0.361495,0,1,132522,132091,431
7482161,48.2848,9.42591,479,61038,0.560299,0.25,1,132580,132101,479
7485081,11.257,36.2852,438,61072,0.61606,0.27,1,132582,132144,438
7488001,7.05139,8.85704,442,61106,0.659212,0.31,1,132588,132146,442
7490921,7.81028,6.57141,444,61140,0.667842,0.31,1,132596,132152,444
7493841,15.9621,7.71428,454,61174,0.669568,0.35,1,132614,132160,454
7496761,4.79241,15.9429,438,61208,0.669914,0.35,1,132616,132178,438
7499681,24.9585,4.78857,466,61242,0.685983,0.33,1,132646,132180,466
7502601,38.5917,25.7577,477,61276,0.689197,0.29,1,132688,132211,477
7505521,17.3183,38.7515,447,61310,0.689839,0.29,1,132700,132253,447
7508441,5.06367,17.3503,437,61344,0.689968,0.29,1,132702,132265,437
7511361,9.01273,5.07006,445,61378,0.705994,0.29,1,132712,132267,445
7514281,11.4025,9.01401,447,61412,0.709199,0.29,1,132724,132277,447
7517201,54.2805,11.4028,500,61446,0.81384,0.37,2,132789,132289,500
7520121,12.4561,51.0806,441,61480,0.834768,0.37,2,132791,132350,441
7523041,112.091,11.8161,576,61514,0.910954,0.45,2,132928,132352,576
7534721,6,2,446,61650,0.95,0.39,2,132950,132504,446
7537641,7.6,6.8,446,61684,0.95,0.35,2,132958,132512,446
7540561,62.32,9.36,512,61718,0.958,0.61,2,133034,132522,512
7543481,14.064,48.272,456,61752,0.8956,0.63,2,133036,132580,456
7838401,17,10,485,65098,0.75,1,2,135321,134836,485
7841321,16.2,10,491,65130,0.766,1,2,135337,134846,491
7844241,12.04,10.8,491,65162,0.7852,1,2,135348,134857,491
7847161,8.808,12.56,486,65194,0.75704,1,2,135356,134870,486
7850081,37.7616,40.112,484,65226,0.671408,1,1,135401,134917,484
7853001,21.9523,16.0224,492,65258,0.574282,1,1,135419,134927,492
7855921,14.7905,12.8045,493,65290,0.522856,1,1,135432,134939,493
7858841,12.5581,28.1609,473,65322,0.512571,1,1,135444,134971,473
7861761,17.7116,19.2322,475,65354,0.446514,1,1,135463,134988,475
7864681,17.1423,11.0464,483,65386,0.273303,1,1,135480,134997,483
7867601,13.8285,11.8093,484,65418,0.0946606,1,1,135493,135009,484
7870521,25.9657,26.3619,483,65450,0.0589321,1,1,135522,135039,483
7873441,19.5931,18.0724,485,65482,0.0837864,1,1,135540,135055,485
7876361,19.1186,18.0145,486,65514,0.120757,1,1,135559,135073,486
7879281,26.2237,30.8029,480,65546,0.0481515,1,1,135587,135107,480
7882201,10.8447,11.7606,480,65578,0.0176303,1,1,135594,135114,480
7885121,5.36895,7.95212,477,65610,0.0275261,1,1,135598,135121,477
7888041,12.2738,6.39042,485,65642,0.0455052,1,1,135612,135127,485
7890961,8.05476,14.0781,476,65674,0.00910104,0.99,1,135619,135143,476
7893881,24.011,18.8156,484,65706,0.0418202,0.77,1,135647,135163,484
7896801,86.4022,103.763,461,65738,0.032364,0.77,1,135749,135288,461
7899721,30.0804,33.5526,461,65770,0.0304728,0.75,1,135765,135304,461
7902641,18.8161,20.3105,460,65802,0.0300946,0.77,1,135781,135321,460
7905561,16.5632,16.8621,460,65834,0.0300189,0.79,1,135797,135337,460
7908481,12.9126,12.1724,461,65866,0.0460038,0.75,1,135809,135348,461
7911401,8.98253,8.83448,461,65898,0.0492008,0.65,1,135817,135356,461
7914321,28.1965,37.7669,449,65930,0.0338401,0.55,1,135850,135401,449
7917241,19.2393,21.9534,448,65962,0.046768,0.51,1,135867,135419,448
7920161,13.4479,14.7907,447,65994,0.0493536,0.51,1,135879,135432,447
7923081,11.4896,12.5581,446,66026,0.0338707,0.43,1,135890,135444,446
7926001,11.0979,17.7116,438,66058,0.0307741,0.23,1,135901,135463,438
7928921,5.41958,17.1423,425,66090,0.00615483,0.05,1,135905,135480,425
7931841,11.4839,13.8285,425,66122,0.00123097,0.05,1,135918,135493,425
7934761,26.2968,25.9657,426,66154,0.536246,0.09,1,135948,135522,426
7937681,18.0594,19.5931,424,66186,0.659249,0.13,1,135964,135540,424
7940601,18.0119,19.1186,423,66218,0.61985,0.03,1,135982,135559,423
7943521,25.2024,26.2237,422,66250,0.46797,0.01,1,136009,135587,422
7946441,12.2405,10.8447,424,66282,0.341594,0.03,1,136018,135594,424
7949361,6.44809,5.36895,425,66314,0.284319,0.05,1,136023,135598,425
7952281,10.0896,12.2738,422,66346,0.272864,0,1,136034,135612,422
7955201,7.61792,8.05476,422,66378,0.206573,0,1,136041,135619,422
7958121,23.9236,1.61095,450,66410,0.0653145,0.05,1,136069,135619,450
7961041,85.5847,22.7222,523,66442,0.0690629,0.03,1,136170,135647,523
7963961,29.9169,86.1444,437,66474,0.0698126,0.03,1,136186,135749,437
7966881,18.7834,30.0289,437,66506,0.0699625,0.03,1,136202,135765,437
7969801,16.5567,18.8058,437,66538,0.0699925,0.03,1,136218,135781,437
7972721,12.9113,16.5612,433,66570,0.0539985,0.05,1,136230,135797,433
7975641,8.98227,12.9122,429,66602,0.0507997,0.05,1,136238,135809,429
7978561,28.1965,8.98245,454,66634,0.0661599,0.03,1,136271,135817,454
7981481,19.2393,28.1965,438,66665,0.053232,0.05,1,136288,135850,438
7984401,13.4479,19.2393,433,66696,0.0506464,0.05,1,136300,135867,433
7987321,11.4896,13.4479,432,66727,0.0821293,0.03,1,136311,135879,432
7990241,11.0979,11.4896,432,66758,0.0884259,0.03,1,136322,135890,432
7993161,5.41958,11.0979,425,66789,0.0576852,0,1,136326,135901,425
7996081,11.4839,5.41958,434,66820,0.011537,0,1,136339,135905,434
7999001,51.8968,11.4839,483,66851,0.0423074,0.67,1,136401,135918,483
8001921,20.7794,26.2968,466,66882,0.0644615,0.69,1,136414,135948,466
8004841,16.9559,18.0594,466,66913,0.0688923,0.61,1,136430,135964,466
8007761,14.5912,18.0119,462,66944,0.0697785,0.43,1,136444,135982,462
8010681,8.51823,25.2024,442,66975,0.0859557,0.31,1,136451,136009,442
8013601,5.70365,12.2405,438,67006,0.0731911,0.27,1,136456,136018,438
8016521,6.74073,6.44809,440,67037,0.0866382,0.27,1,136463,136023,440
8019441,6.14815,10.0896,435,67068,0.105328,0.19,1,136469,136034,435
8022361,18.8296,7.61792,450,67099,0.109066,0.03,1,136491,136041,450
8025281,86.1659,23.9236,525,67130,0.0618131,0.07,1,136594,136069,525
8028201,30.0332,85.5847,440,67161,0.0683626,0.07,1,136610,136170,440
8031121,18.8066,29.9169,440,67192,0.0696725,0.07,1,136626,136186,440
8034041,15.7613,18.7834,439,67223,0.0539345,0.07,1,136641,136202,439
8036961,12.7523,16.5567,435,67254,0.0507869,0.05,1,136653,136218,435
8039881,8.95045,12.9113,431,67285,0.0501574,0.05,1,136661,136230,431
8042801,26.5901,8.98227,454,67316,0.0340315,0.07,1,136692,136238,454
8045721,20.518,28.1965,440,67347,0.0308063,0.05,1,136711,136271,440
8048641,14.5036,19.2393,436,67378,0.0301613,0.05,1,136724,136288,436
8051561,11.7007,13.4479,435,67409,0.0780323,0.09,1,136735,136300,435
8054481,8.74014,11.4896,432,67440,0.0556065,0.09,1,136743,136311,432
8057401,4.94803,11.0979,425,67471,0.0511213,0.05,1,136747,136322,425
8060321,11.3896,5.41958,434,67502,0.0182243,0,1,136760,136326,434
8063241,53.4779,11.4839,485,67533,0.0276449,0.05,1,136824,136339,485
8066161,21.8956,51.8968,437,67564,0.029529,0.07,1,136838,136401,437
8069081,17.1791,20.7794,440,67595,0.0459058,0.07,1,136854,136414,440
8072001,14.6358,16.9559,438,67626,0.0651812,0.07,1,136868,136430,438
8074921,9.32716,14.5912,432,67657,0.0690362,0.09,1,136876,136444,432
8077841,5.06543,8.51823,429,67688,0.0698072,0.07,1,136880,136451,429
8080761,8.21309,5.70365,433,67719,0.0539614,0.09,1,136889,136456,433
8083681,6.44262,6.74073,432,67750,0.0507923,0.11,1,136895,136463,432
8086601,18.8885,6.14815,448,67781,0.0501585,0.11,1,136917,136469,448
8089521,83.7777,18.8296,526,67812,0.0500317,0.05,1,137017,136491,526
8092441,18.3555,86.1659,425,67843,0.0500063,0.07,1,137019,136594,425
8095361,16.4711,30.0332,425,67874,0.0500013,0.07,1,137035,136610,425
8098281,16.0942,18.8066,425,67905,0.0500003,0.05,1,137051,136626,425
8101201,14.4188,15.7613,424,67936,0.0820001,0.05,1,137065,136641,424
8104121,12.4838,12.7523,424,67967,0.0564,0.05,1,137077,136653,424
8107041,8.89675,8.95045,424,67998,0.05128,0.03,1,137085,136661,424
8109961,24.9794,26.5901,422,68029,0.066256,0.03,1,137114,136692,422
8112881,21.7959,20.518,424,68060,0.0372512,0.03,1,137135,136711,424
8115801,15.5592,14.5036,425,68091,0.0154502,0.09,1,137149,136724,425
8118721,11.1118,11.7007,424,68122,0.01109,0.05,1,137159,136735,424
8121641,9.42237,8.74014,425,68153,0.026218,0.05,1,137168,136743,425
8124561,3.48447,4.94803,423,68184,0.0292436,0.01,1,137170,136747,423
8127481,10.2969,11.3896,422,68215,0.0138487,0.03,1,137182,136760,422
8130401,54.0594,53.4779,423,68246,0.0427697,0.03,1,137247,136824,423
8133321,22.0119,21.8956,423,68277,0.0485539,0.05,1,137261,136838,423
8136241,18.8024,17.1791,425,68308,0.0337108,0.07,1,137279,136854,425
8139161,14.9605,14.6358,425,68339,0.0467422,0.07,1,137293,136868,425
8142081,9.39209,9.32716,425,68370,0.0493484,0.07,1,137301,136876,425
8145001,5.07842,5.06543,425,68401,0.0498697,0.05,1,137305,136880,425
8147921,7.41568,8.21309,424,68432,0.0499739,0.05,1,137313,136889,424
8150841,6.28314,6.44262,424,68463,0.0499948,0.05,1,137319,136895,424
8153761,18.8566,18.8885,424,68494,0.065999,0.05,1,137341,136917,424
8156681,83.7713,83.7777,424,68525,0.0691998,0.05,1,137441,137017,424
8159601,18.3543,18.3555,424,68556,0.10184,0.05,1,137443,137019,424
8162521,16.4709,16.4711,424,68587,0.076368,0.05,1,137459,137035,424
8165441,16.0942,16.0942,424,68618,0.0712736,0.09,1,137475,137051,424
8168361,14.4188,14.4188,424,68649,0.118255,0.05,1,137489,137065,424
8171281,12.4838,12.4838,424,68680,0.127651,0.05,1,137501,137077,424
8174201,8.89675,8.89675,424,68711,0.12953,0.07,1,137509,137085,424
8177121,23.3794,24.9794,422,68742,0.113906,0.03,1,137536,137114,422
8180041,21.4759,21.7959,422,68773,0.0627812,0.01,1,137557,137135,422
8182961,15.4952,15.5592,422,68803,0.0205562,0.01,1,137571,137149,422
8185881,11.099,11.1118,422,68833,0.0121112,0.03,1,137581,137159,422
8188801,9.41981,9.42237,422,68863,0.0264223,0.03,1,137590,137168,422
8191721,3.48396,3.48447,422,68893,0.0292845,0.01,1,137592,137170,422
8194641,10.2968,10.2969,422,68923,0.0138569,0.05,1,137604,137182,422
8197561,54.0594,54.0594,422,68953,0.0747714,0.05,1,137669,137247,422
8200481,22.8119,22.0119,423,68983,0.0709543,0.03,1,137684,137261,423
8203401,18.1624,18.8024,422,69013,0.0541909,0.05,1,137701,137279,422
8206321,14.8325,14.9605,422,69043,0.0188382,0.05,1,137715,137293,422
8209241,9.36649,9.39209,422,69073,0.0117676,0.05,1,137723,137301,422
8212161,5.0733,5.07842,422,69103,0.0423535,0.05,1,137727,137305,422
8215081,7.41466,7.41568,422,69133,0.0484707,0.05,1,137735,137313,422
8218001,7.08293,6.28314,423,69163,0.0336941,0.07,1,137742,137319,423
8220921,19.0166,18.8566,423,69193,0.0787388,0.07,1,137764,137341,423
8223841,85.4033,83.7713,425,69223,0.0877478,0.11,1,137866,137441,425
8226761,18.6807,18.3543,425,69253,0.0895495,0.07,1,137868,137443,425
8229681,16.5361,16.4709,425,69283,0.0899099,0.07,1,137884,137459,425
8232601,16.1072,16.0942,425,69313,0.089982,0.07,1,137900,137475,425
8235521,14.4214,3.21883,439,69343,0.0579964,0.13,1,137914,137475,439
8238441,12.4843,11.8438,437,69373,0.0515993,0.13,1,137926,137489,437
8241361,8.89686,11.9688,433,69403,0.0503199,0.13,1,137934,137501,433
8244281,22.5794,8.79375,451,69433,0.050064,0.11,1,137960,137509,451
8247201,18.9159,23.3588,442,69463,0.0500128,0.05,1,137978,137536,442
8250121,14.9832,21.4718,435,69493,0.0500026,0.01,1,137992,137557,435
8253041,10.9966,15.4943,431,69523,0.0500005,0.01,1,138002,137571,431
8255961,9.39933,11.0989,430,69553,0.0340001,0.03,1,138011,137581,430
8258881,3.47987,9.41977,423,69583,0.0628,0.03,1,138013,137590,423
8261801,10.296,3.48395,433,69613,0.03656,0.01,1,138025,137592,433
8264721,55.6592,10.2968,488,69643,0.095312,0.09,1,138092,137604,488
8267641,22.3318,54.0594,437,69673,0.107062,0.07,1,138106,137669,437
8270561,17.2664,22.8119,438,69703,0.109412,0.05,1,138122,137684,438
8273481,14.6533,18.1624,435,69733,0.109882,0.01,1,138136,137701,435
8276401,9.33065,14.8325,429,69763,0.125977,0.01,1,138144,137715,429
8279321,5.06613,9.36649,425,69793,0.129195,0.05,1,138148,137723,425
8282241,8.21323,5.0733,430,69823,0.113839,0.05,1,138157,137727,430
8285161,8.04265,7.41466,430,69853,0.142768,0.03,1,138165,137735,430
8288081,20.0085,7.08293,446,69883,0.148554,0.09,1,138188,137742,446
8291001,84.8017,19.0166,525,69913,0.197711,0.09,1,138289,137764,525
8293921,18.5603,85.4033,425,69943,0.207542,0.09,1,138291,137866,425
8296841,16.5121,18.6807,439,69973,0.209508,0.09,1,138307,137868,439
8299761,16.1024,16.5361,439,70003,0.209902,0.09,1,138323,137884,439
8302681,14.4205,16.1072,437,70033,0.20998,0.05,1,138337,137900,437
8305601,12.4841,14.4214,435,70063,0.209996,0.05,1,138349,137914,435
8308521,8.89682,12.4843,431,70093,0.209999,0.05,1,138357,137926,431
8311441,22.5794,8.89686,449,70123,0.226,0.05,1,138383,137934,449
8314361,18.9159,22.5794,441,70153,0.2292,0.05,1,138401,137960,441
8317281,14.9832,18.9159,437,70183,0.22984,0.05,1,138415,137978,437
8320201,10.9966,14.9832,433,70213,0.229968,0.05,1,138425,137992,433
8323121,8.59933,10.9966,431,70243,0.229994,0.03,1,138433,138002,431
8326041,3.31987,9.39933,424,70273,0.229999,0.07,1,138435,138011,424
8328961,9.46397,3.47987,433,70303,0.246,0.03,1,138446,138013,433
8331881,59.4928,10.296,493,70333,0.1852,0.11,1,138518,138025,493
8334801,23.0986,55.6592,440,70363,0.20504,0.11,1,138532,138092,440
8337721,17.4197,22.3318,442,70393,0.225008,0.11,1,138548,138106,442
8340641,15.4839,17.2664,441,70423,0.245002,0.11,1,138563,138122,441
8343561,9.49679,14.6533,435,70453,0.249,0.13,1,138571,138136,435
8346481,5.09936,9.33065,431,70483,0.2498,0.13,1,138575,138144,431
8349401,9.01987,5.06613,437,70513,0.24996,0.11,1,138585,138148,437
8352321,9.00397,8.21323,437,70543,0.233992,0.15,1,138594,138157,437
8355241,21.0008,8.04265,453,70573,0.246798,0.15,1,138618,138165,453
8358161,85.8002,20.0085,532,70603,0.26536,0.21,1,138720,138188,532
8361081,18.76,84.8017,433,70633,0.269072,0.21,1,138722,138289,433
8364001,16.552,18.5603,447,70663,0.269814,0.21,1,138738,138291,447
8366921,16.1104,16.5121,447,70693,0.269963,0.21,1,138754,138307,447
8369841,14.4221,16.1024,445,70723,0.269993,0.21,1,138768,138323,445
8372761,12.4844,14.4205,443,70753,0.269999,0.21,1,138780,138337,443
8375681,4.09688,12.4841,433,70783,0.27,0.21,1,138782,138349,433
8378601,7.21938,8.89682,433,70813,0.27,0.23,1,138790,138357,433
8381521,22.2439,22.5794,433,70843,0.27,0.23,1,138816,138383,433
8384441,18.8488,18.9159,433,70873,0.27,0.23,1,138834,138401,433
8387361,14.9698,14.9832,433,70903,0.27,0.23,1,138848,138415,433
8390281,10.994,10.9966,433,70933,0.27,0.23,1,138858,138425,433
8393201,8.59879,8.59933,433,70963,0.302,0.23,1,138866,138433,433
8396121,3.31976,3.31987,433,70993,0.2764,0.25,1,138868,138435,433
8399041,7.06395,9.46397,430,71023,0.27128,0.17,1,138876,138446,430
8401961,60.6128,59.4928,432,71053,0.286256,0.21,1,138950,138518,432
8404881,24.1226,23.0986,433,71083,0.273251,0.23,1,138965,138532,433
8407801,17.6245,17.4197,433,71112,0.23865,0.25,1,138981,138548,433
8410721,16.3249,15.4839,434,71141,0.24773,0.25,1,138997,138563,434
8413641,9.66498,9.49679,434,71170,0.281546,0.25,1,139005,138571,434
8416561,5.133,5.09936,434,71199,0.288309,0.25,1,139009,138575,434
8419481,9.0266,9.01987,434,71228,0.257662,0.23,1,139019,138585,434
8422401,9.00532,9.00397,434,71257,0.267532,0.25,1,139028,138594,434
8425321,21.0011,21.0008,434,71286,0.269506,0.27,1,139052,138618,434
8428241,86.6002,85.8002,435,71315,0.285901,0.27,1,139155,138720,435
8431161,18.92,18.76,435,71344,0.32118,0.27,1,139157,138722,435
8434081,16.584,16.552,435,71373,0.296236,0.27,1,139173,138738,435
8437001,16.1168,16.1104,435,71402,0.291247,0.27,1,139189,138754,435
8439921,14.4234,14.4221,435,71431,0.322249,0.27,1,139203,138768,435
8442841,12.4847,12.4844,435,71460,0.32845,0.27,1,139215,138780,435
8445761,4.09693,4.09688,435,71489,0.32969,0.27,1,139217,138782,435
8448681,7.21939,7.21938,435,71518,0.297938,0.27,1,139225,138790,435
8451601,22.2439,22.2439,435,71547,0.339588,0.27,1,139251,138816,435
8454521,18.8488,18.8488,435,71576,0.347918,0.27,1,139269,138834,435
8457441,14.9698,14.9698,435,71605,0.317584,0.27,1,139283,138848,435
8460361,10.994,10.994,435,71634,0.311517,0.31,1,139293,138858,435
8463281,8.59879,8.59879,435,71663,0.342303,0.27,1,139301,138866,435
8466201,3.31976,3.31976,435,71692,0.316461,0.27,1,139303,138868,435
8469121,7.06395,7.06395,435,71721,0.311292,0.29,1,139311,138876,435
8472041,59.8128,60.6128,434,71750,0.326258,0.27,1,139384,138950,434
8474961,23.1626,24.1226,433,71779,0.329252,0.23,1,139398,138965,433
8477881,17.4325,17.6245,433,71808,0.32985,0.25,1,139414,138981,433
8480801,17.0865,16.3249,434,71837,0.31397,0.29,1,139431,138997,434
8483721,9.8173,9.66498,434,71866,0.310794,0.29,1,139439,139005,434
8486641,5.16346,5.133,434,71895,0.342159,0.25,1,139443,139009,434
8489561,9.03269,9.0266,434,71924,0.316432,0.27,1,139453,139019,434
8492481,8.20654,9.00532,433,71953,0.343286,0.27,1,139461,139028,433
8495401,22.4413,21.0011,435,71982,0.380657,0.29,1,139487,139052,435
8498321,87.6883,86.6002,436,72011,0.420131,0.33,1,139591,139155,436
8501241,19.1377,18.92,436,72040,0.428026,0.29,1,139593,139157,436
8504161,16.6275,16.584,436,72069,0.429605,0.29,1,139609,139173,436
8507081,16.1255,16.1168,436,72098,0.429921,0.33,1,139625,139189,436
8510001,14.4251,14.4234,436,72127,0.397984,0.33,1,139639,139203,436
8512921,12.485,12.4847,436,72156,0.423597,0.33,1,139651,139215,436
8515841,4.097,4.09693,436,72185,0.396719,0.29,1,139653,139217,436
8518761,7.2194,7.21939,436,72214,0.391344,0.29,1,139661,139225,436
8521681,22.2439,1.44388,462,72243,0.390269,0.35,1,139687,139225,462
8524601,18.8488,21.0888,454,72272,0.390054,0.35,1,139705,139251,454
8527521,14.9698,18.6178,450,72301,0.390011,0.31,1,139719,139269,450
8530441,10.994,14.9236,446,72330,0.390002,0.31,1,139729,139283,446
8533361,8.59879,10.9847,444,72359,0.39,0.35,1,139737,139293,444
8536281,3.31976,8.59694,438,72388,0.39,0.31,1,139739,139301,438
8539201,7.06395,3.31939,444,72417,0.39,0.31,1,139747,139303,444
8542121,59.0128,7.06388,508,72446,0.39,0.33,1,139819,139311,508
8545041,23.0026,59.8128,449,72475,0.39,0.33,1,139833,139384,449
8547961,17.4005,23.1626,451,72504,0.39,0.33,1,139849,139398,451
8550881,17.8801,17.4325,453,72533,0.39,0.31,1,139867,139414,453
8553801,9.97602,17.0865,444,72562,0.39,0.31,1,139875,139431,444
8556721,5.1952,9.8173,440,72591,0.406,0.35,1,139879,139439,440
8559641,9.03904,5.16346,446,72620,0.4092,0.31,1,139889,139443,446
8562561,8.20781,9.03269,444,72649,0.40984,0.35,1,139897,139453,444
8565481,24.0416,8.20654,464,72678,0.441968,0.39,1,139925,139461,464
8568401,89.6083,22.4413,544,72707,0.552394,0.43,1,140031,139487,544
8571321,19.5217,87.6883,442,72736,0.590479,0.43,1,140033,139591,442
8574241,16.7043,19.1377,456,72765,0.590096,0.43,1,140049,139593,456
8577161,16.1409,16.6275,456,72794,0.590019,0.43,1,140065,139609,456
8580081,14.4282,16.1255,454,72823,0.590004,0.39,1,140079,139625,454
8583001,12.4856,14.4251,452,72852,0.590001,0.43,1,140091,139639,452
8585921,4.09713,12.485,442,72881,0.59,0.39,1,140093,139651,442
8588841,7.21943,4.097,448,72910,0.59,0.39,1,140101,139653,448
8591761,22.2439,7.2194,466,72939,0.59,0.39,1,140127,139661,466
8594681,18.8488,22.2439,458,72968,0.59,0.39,1,140145,139687,458
8597601,14.9698,18.8488,454,72997,0.59,0.39,1,140159,139705,454
8600521,10.994,14.9698,450,73026,0.59,0.39,1,140169,139719,450
8603441,8.59879,10.994,448,73055,0.606,0.39,1,140177,139729,448
8606361,3.31976,8.59879,442,73084,0.6092,0.39,1,140179,139737,442
8609281,7.06395,3.31976,448,73113,0.60984,0.39,1,140187,139739,448
8612201,59.0128,7.06395,512,73142,0.609968,0.39,1,140259,139747,512
8615121,23.0026,59.0128,454,73171,0.609994,0.39,1,140273,139819,454
8618041,17.4005,23.0026,456,73200,0.609999,0.39,1,140289,139833,456
8620961,18.6801,17.4005,459,73229,0.626,0.39,1,140308,139849,459
8623881,10.136,17.8801,449,73258,0.5972,0.39,1,140316,139867,449
8626801,5.2272,9.97602,445,73287,0.59144,0.41,1,140320,139875,445
8629721,9.04544,5.1952,451,73316,0.590288,0.41,1,140330,139879,451
8632641,8.20909,9.03904,449,73345,0.590058,0.41,1,140338,139889,449
8635561,25.6418,8.20781,471,73374,0.590012,0.45,1,140368,139897,471
8638481,95.5284,24.0416,556,73403,0.870002,0.58,2,140481,139925,556
8641401,20.7057,89.6083,452,73432,0.926001,0.6,2,140483,140031,452
8644321,16.9411,19.5217,466,73461,0.9292,0.59,2,140499,140033,466
8647241,16.1882,16.7043,466,73490,0.92984,0.59,2,140515,140049,466
8650161,14.4376,16.1409,464,73519,0.929968,0.59,2,140529,140065,464
8653081,12.4875,14.4282,462,73547,0.929994,0.59,2,140541,140079,462
8656001,4.09751,12.4856,452,73575,0.929999,0.59,2,140543,140091,452
8658921,7.2195,4.09713,458,73603,0.93,0.59,2,140551,140093,458
8661841,22.2439,7.21943,476,73631,0.93,0.59,2,140577,140101,476
8664761,18.8488,22.2439,468,73659,0.93,0.59,2,140595,140127,468
8667681,14.9698,18.8488,464,73687,0.93,0.59,2,140609,140145,464
8670601,4.59395,14.9698,452,73715,0.93,0.59,2,140611,140159,452
8673521,8.91879,10.994,452,73743,0.93,0.61,2,140621,140169,452
8711481,129,113,468,74107,0.93,0.94,2,140949,140481,468
8959681,17,20,509,76475,0.67,1,1,142518,142009,509
8962601,14.6,15.2,509,76502,0.606,1,1,142532,142023,509
8965521,12.52,11.84,510,76529,0.5612,1,1,142544,142034,510
9044361,368.104,425.568,438,36500,0.13624,0.37,1,143001,142563,438
9047281,92.0208,101.114,441,36558,0.067248,0.01,1,143024,142583,441
9050201,60.8042,63.4227,440,36616,0.0214496,0.03,1,143077,142637,440
9053121,44.1608,39.8845,446,36674,0.0282899,0,1,143117,142671,446
9056041,21.6322,37.5769,425,36732,0.013658,0.01,1,143133,142708,425
9058961,105.126,23.5154,531,36790,0.0427316,0.01,1,143259,142728,531
9061881,46.6253,103.903,439,36847,0.0165463,0.03,1,143291,142852,439
9064801,34.1251,42.3806,443,36904,0.0273093,0.03,1,143322,142879,443
9067721,25.225,35.6761,432,36961,0.0134619,0,1,143345,142913,432
9070641,30.645,23.1352,444,37018,0.0106924,0,1,143377,142933,444
9073561,26.129,32.627,434,37075,0.0421385,0.03,1,143402,142968,434
9076481,14.0258,24.1254,423,37132,0.0484277,0,1,143413,142990,423
9079401,9.20516,8.02508,427,37189,0.113686,0.03,1,143421,142994,427
9082321,21.041,7.20502,444,37246,0.110737,0.05,1,143445,143001,444
9085241,46.6082,19.841,474,37303,0.0301474,0.01,1,143498,143024,474
9088161,41.3216,46.3682,461,37360,0.00602948,0.03,1,143538,143077,461
9091081,21.8643,41.2736,438,37417,0.0412059,0.01,1,143555,143117,438
9094001,104.373,21.0547,547,37473,0.0322412,0.05,1,143680,143133,547
9096921,46.4746,105.011,453,37529,0.0464482,0.01,1,143712,143259,453
9099841,34.8949,46.6022,453,37585,0.0332896,0.03,1,143744,143291,453
9102761,24.579,34.1204,444,37641,0.0466579,0.01,1,143766,143322,444
9105681,32.1158,25.2241,455,37697,0.00933158,0.01,1,143800,143345,455
9108601,25.6232,30.6448,447,37753,0.00986632,0.05,1,143824,143377,447
9111521,16.3246,26.129,436,37809,0.0419733,0.05,1,143838,143402,436
9114441,8.06493,14.0258,431,37865,0.0163947,0.13,1,143844,143413,431
9117361,21.613,9.20516,448,37921,0.0432789,0.11,1,143869,143421,448
9120281,44.3226,21.041,474,37977,0.0326558,0.01,1,143919,143445,474
9123201,40.8645,46.6082,461,38033,0.00653116,0,1,143959,143498,461
9126121,22.5729,41.3216,439,38089,0.00930623,0.05,1,143977,143538,439
9129041,104.515,21.8643,547,38144,0.0258612,0.03,1,144102,143555,547
9131961,47.3029,104.373,455,38199,0.0291723,0.05,1,144135,143680,455
9134881,34.2606,46.4746,454,38254,0.0618345,0.03,1,144166,143712,454
9137801,23.6521,34.8949,443,38309,0.0683669,0.05,1,144187,143744,443
9140721,33.5304,24.579,457,38364,0.0536734,0,1,144223,143766,457
9143641,25.9061,32.1158,447,38419,0.0347347,0.01,1,144247,143800,447
9146561,14.7812,25.6232,435,38474,0.0469469,0.05,1,144259,143824,435
9149481,8.55624,16.3246,428,38529,0.0333894,0.01,1,144266,143838,428
9152401,22.5112,8.06493,448,38584,0.0466779,0.05,1,144292,143844,448
9155321,6.10225,21.613,425,38639,0.0493356,0.03,1,144294,143869,425
9158241,39.6205,44.3226,423,38694,0.0178671,0,1,144342,143919,423
9161161,39.9241,40.8645,423,38749,0.0275734,0.01,1,144382,143959,423
9164081,21.5848,22.5729,422,38804,0.00551468,0.03,1,144399,143977,422
9167001,105.117,104.515,423,38858,0.00110294,0.03,1,144525,144102,423
9169921,47.4234,47.3029,423,38912,0.000220587,0.07,1,144558,144135,423
9172841,35.8847,34.2606,425,38966,0.0400441,0.07,1,144591,144166,425
9175761,23.9769,23.6521,425,39020,0.00800882,0.05,1,144612,144187,425
9178681,31.9954,33.5304,423,39074,0.0256018,0.03,1,144646,144223,423
9181601,26.3991,25.9061,424,39128,0.00512035,0.05,1,144671,144247,424
9184521,14.8798,14.7812,424,39182,0.00902407,0.03,1,144683,144259,424
9187441,7.77596,8.55624,423,39236,0.0418048,0.05,1,144689,144266,423
9190361,23.1552,22.5112,424,39290,0.064361,0.05,1,144716,144292,424
9193281,6.23104,6.10225,424,39344,0.0368722,0.01,1,144718,144294,424
9196201,38.0462,39.6205,422,39398,0.00737444,0.03,1,144764,144342,422
9199121,39.6092,39.9241,422,39452,0.00947489,0,1,144804,144382,422
9202041,22.3218,21.5848,423,39506,0.00989498,0,1,144822,144399,423
9204961,104.464,105.117,422,39559,0.025979,0,1,144947,144525,422
9207881,47.2929,47.4234,422,39612,0.0291958,0.05,1,144980,144558,422
9210801,35.8586,35.8847,422,39665,0.00583916,0,1,145013,144591,422
9213721,23.9717,23.9769,422,39718,0.0411678,0.03,1,145034,144612,422
9216641,31.9943,31.9954,422,39771,0.0482336,0,1,145068,144646,422
9219561,26.3989,26.3991,422,39824,0.0656467,0.01,1,145093,144671,422
9222481,14.8798,14.8798,422,39877,0.0371293,0.05,1,145105,144683,422
9225401,7.77595,7.77596,422,39930,0.0634259,0.07,1,145111,144689,422
9228321,23.9552,23.1552,423,39983,0.116685,0.03,1,145139,144716,423
9231241,6.39104,6.23104,423,40036,0.095337,0,1,145141,144718,423
9234161,37.2782,38.0462,422,40089,0.0910674,0,1,145186,144764,422
9237081,38.6556,7.60924,461,40142,0.0422135,0.01,1,145225,144764,461
9240001,22.1311,33.5218,439,40195,0.0164427,0.01,1,145243,144804,439
9242921,104.426,21.1044,546,40248,0.0272885,0.03,1,145368,144822,546
9245841,47.2852,104.221,454,40300,0.0454577,0.03,1,145401,144947,454
9248761,35.857,47.2442,454,40352,0.0170915,0,1,145434,144980,454
9251681,23.9714,35.8488,442,40404,0.0274183,0.05,1,145455,145013,442
9254601,34.3943,23.9698,458,40456,0.0134837,0.05,1,145492,145034,458
9257521,25.2789,31.994,447,40508,0.0906967,0.07,1,145515,145068,447
9260441,14.6558,26.3988,434,40560,0.122139,0.03,1,145527,145093,434
9263361,7.73115,14.8798,428,40612,0.128428,0.07,1,145533,145105,428
9266281,26.3462,7.77595,453,40664,0.113686,0.13,1,145564,145111,453
9269201,6.86925,23.9552,427,40716,0.110737,0.09,1,145566,145139,427
9272121,34.1738,6.39104,466,40768,0.126147,0.09,1,145607,145141,466
9275041,38.8348,37.2782,461,40820,0.0492295,0.03,1,145647,145186,461
9277961,21.367,38.6556,439,40872,0.0338459,0.01,1,145664,145225,439
9280881,104.273,22.1311,546,40924,0.0147692,0.03,1,145789,145243,546
9283801,47.2547,104.426,454,40976,0.0269538,0.05,1,145822,145368,454
9286721,36.6509,47.2852,455,41028,0.0133908,0.01,1,145856,145401,455
9289641,24.1302,35.857,443,41079,0.0266782,0.03,1,145877,145434,443
9292561,36.826,23.9714,462,41130,0.0293356,0.01,1,145917,145455,462
9295481,27.3652,34.3943,450,41181,0.0458671,0.11,1,145942,145492,450
9298401,15.073,25.2789,439,41232,0.0651734,0.13,1,145954,145515,439
9301321,7.81461,14.6558,433,41283,0.0690347,0.13,1,145960,145527,433
9304241,25.5629,7.73115,457,41334,0.0858069,0.11,1,145990,145533,457
9307161,6.71258,26.3462,428,41385,0.0891614,0.11,1,145992,145564,428
9310081,31.7425,6.86925,464,41436,0.105832,0.13,1,146030,145566,464
9313001,37.5485,34.1738,462,41487,0.0771665,0.03,1,146069,145607,462
9315921,21.1097,38.8348,439,41538,0.0554333,0.03,1,146086,145647,439
9318841,5.82194,21.367,424,41589,0.0510867,0.01,1,146088,145664,424
9321761,99.5644,104.273,422,41640,0.0182173,0.03,1,146211,145789,422
9324681,47.1129,47.2547,423,41691,0.0116435,0.01,1,146245,145822,423
9327601,36.6226,36.6509,423,41742,0.0263287,0.03,1,146279,145856,423
9330521,24.1245,24.1302,423,41793,0.00526574,0.03,1,146300,145877,423
9333441,36.8249,36.826,423,41844,0.00905315,0.05,1,146340,145917,423
9336361,28.965,27.3652,425,41894,0.0258106,0.07,1,146367,145942,425
9339281,15.393,15.073,425,41944,0.0131621,0.07,1,146379,145954,425
9342201,7.8786,7.81461,425,41994,0.0426324,0.09,1,146385,145960,425
9345121,27.1757,25.5629,427,42044,0.0485265,0.09,1,146417,145990,427
9348041,7.03514,6.71258,427,42094,0.0497053,0.11,1,146419,145992,427
9350961,31.807,31.7425,427,42144,0.0179411,0.07,1,146457,146030,427
9353881,35.9614,37.5485,425,42194,0.0115882,0.05,1,146494,146069,425
9356801,19.9923,21.1097,424,42244,0.0103176,0.05,1,146510,146086,424
9359721,5.59846,5.82194,424,42294,0.0100635,0.01,1,146512,146088,424
9362641,97.9197,99.5644,422,42344,0.0260127,0.01,1,146633,146211,422
9365561,46.7839,47.1129,422,42394,0.0292025,0.03,1,146667,146245,422
9368481,36.5568,36.6226,422,42444,0.0138405,0,1,146701,146279,422
9371401,24.1114,24.1245,422,42494,0.0427681,0.01,1,146722,146300,422
9374321,36.8223,36.8249,422,42544,0.0485536,0.03,1,146762,146340,422
9377241,28.9645,28.965,422,42594,0.0177107,0.01,1,146789,146367,422
9380161,15.3929,15.393,422,42644,0.0115421,0.05,1,146801,146379,422
9383081,7.87858,7.8786,422,42693,0.0583084,0.05,1,146807,146385,422
9386001,27.1757,27.1757,422,42742,0.0676617,0.05,1,146839,146417,422
9388921,7.03514,7.03514,422,42791,0.0375323,0.01,1,146841,146419,422
9391841,31.807,31.807,422,42840,0.0635065,0.01,1,146879,146457,422
9394761,35.9614,35.9614,422,42889,0.0847013,0.01,1,146916,146494,422
9397681,19.9923,19.9923,422,42938,0.15294,0.01,1,146932,146510,422
9400601,5.59846,5.59846,422,42987,0.134588,0.01,1,146934,146512,422
9403521,97.1197,1.11969,542,43036,0.0669176,0.03,1,147054,146512,542
9406441,46.6239,97.0239,455,43085,0.0693835,0.03,1,147088,146633,455
9409361,36.5248,46.6048,455,43134,0.0378767,0.01,1,147122,146667,455
9412281,24.105,36.521,442,43183,0.0315753,0.05,1,147143,146701,442
9415201,36.821,24.1042,461,43232,0.0463151,0.05,1,147183,146722,461
9418121,28.9642,36.8208,448,43281,0.033263,0.01,1,147210,146762,448
9421041,16.1928,28.9642,434,43330,0.0466526,0.01,1,147223,146789,434
9423961,8.03857,15.3928,428,43379,0.0493305,0.07,1,147229,146801,428
9426881,27.2077,7.87857,454,43428,0.0658661,0.07,1,147261,146807,454
9429801,7.04154,27.1757,424,43477,0.0691732,0.03,1,147263,146839,424
9432721,33.4083,7.03514,462,43526,0.0698346,0.07,1,147303,146841,462
9435641,38.6817,31.807,464,43574,0.0699669,0.09,1,147343,146879,464
9438561,19.7363,35.9614,442,43622,0.0859934,0.17,1,147358,146916,442
9441481,5.54727,19.9923,428,43670,0.121199,0.13,1,147360,146932,428
9444401,93.1095,5.59846,541,43718,0.0482397,0.05,1,147475,146934,541
9447321,46.6219,97.1197,456,43766,0.0336479,0.07,1,147510,147054,456
9450241,35.7244,46.6239,455,43814,0.0307296,0.03,1,147543,147088,455
9453161,25.5449,36.5248,444,43862,0.0461459,0.03,1,147566,147122,444
9456081,35.509,24.105,461,43910,0.0492292,0.05,1,147604,147143,461
9459001,29.5018,36.821,449,43958,0.0338458,0.03,1,147632,147183,449
9461921,17.1004,28.9642,436,44006,0.0307692,0.05,1,147646,147210,436
9464841,9.02007,16.1928,430,44054,0.0141538,0.05,1,147653,147223,430
9467761,27.404,8.03857,456,44102,0.0268308,0.07,1,147685,147229,456
9470681,7.0808,27.2077,426,44150,0.0293662,0.07,1,147687,147261,426
9473601,33.4162,7.04154,464,44198,0.0458732,0.07,1,147727,147263,464
9476521,40.2832,33.4083,466,44246,0.0651746,0.07,1,147769,147303,466
9479441,20.8566,38.6817,442,44294,0.0850349,0.09,1,147785,147343,442
9482361,5.77133,19.7363,429,44342,0.089007,0.13,1,147787,147358,429
9485281,88.3543,5.54727,536,44390,0.0418014,0.03,1,147896,147360,536
9488201,46.4709,93.1095,457,44438,0.0163603,0.03,1,147932,147475,457
9491121,10.8942,46.6219,424,44485,0.0272721,0.03,1,147934,147510,424
9494041,26.9788,35.7244,422,44532,0.0294544,0.05,1,147965,147543,422
9496961,25.3958,25.5449,424,44579,0.0138909,0.05,1,147990,147566,424
9499881,35.4792,35.509,424,44626,0.0587782,0.03,1,148028,147604,424
9502801,28.6958,29.5018,423,44673,0.0677556,0.03,1,148055,147632,423
9505721,16.9392,17.1004,423,44720,0.0855511,0.01,1,148069,147646,423
9508641,8.98783,9.02007,423,44767,0.0731102,0.03,1,148076,147653,423
9511561,28.1976,27.404,424,44814,0.054622,0.03,1,148109,147685,424
9514481,7.23951,7.0808,424,44861,0.0509244,0.05,1,148111,147687,424
9517401,34.2479,33.4162,425,44908,0.0501849,0.07,1,148152,147727,425
9520321,40.4496,40.2832,425,44955,0.050037,0.09,1,148194,147769,425
9523241,22.4899,20.8566,427,45002,0.0500074,0.09,1,148212,147785,427
9526161,6.09798,5.77133,427,45049,0.0500015,0.03,1,148214,147787,427
9529081,84.4196,88.3543,422,45096,0.0340003,0.01,1,148318,147896,422
9532001,46.4839,46.4709,423,45143,0.0308001,0.03,1,148355,147932,423
9534921,10.8968,10.8942,423,45190,0.03016,0.03,1,148357,147934,423
9537841,26.1794,26.9788,422,45237,0.046032,0.01,1,148387,147965,422
9540761,25.2359,25.3958,422,45284,0.0172064,0.07,1,148412,147990,422
9543681,36.2472,35.4792,423,45331,0.0434413,0.07,1,148451,148028,423
9546601,28.8494,28.6958,423,45378,0.0326883,0.09,1,148478,148055,423
9549521,17.7699,16.9392,424,45424,0.00653765,0.07,1,148493,148069,424
9552441,8.35398,8.98783,423,45470,0.0413075,0.05,1,148499,148076,423
9555361,28.0708,28.1976,423,45516,0.0322615,0.05,1,148532,148109,423
9558281,7.21416,7.23951,423,45562,0.0304523,0.05,1,148534,148111,423
9561201,35.0428,34.2479,424,45608,0.0780905,0.05,1,148576,148152,424
9564121,40.6086,40.4496,424,45654,0.103618,0.05,1,148618,148194,424
9567041,20.9217,22.4899,422,45700,0.108724,0.05,1,148634,148212,422
9569961,5.78434,6.09798,422,45746,0.109745,0.03,1,148636,148214,422
9572881,84.3569,84.4196,422,45792,0.0299489,0.03,1,148740,148318,422
9575801,46.4714,46.4839,422,45838,0.0139898,0.03,1,148777,148355,422
9578721,10.8943,10.8968,422,45884,0.010798,0.05,1,148779,148357,422
9581641,26.1789,26.1794,422,45930,0.0101596,0.05,1,148809,148387,422
9584561,24.4358,5.23587,446,45976,0.0100319,0.01,1,148833,148387,446
9587481,36.0872,21.0472,460,46022,0.0260064,0.05,1,148872,148412,460
9590401,28.8174,35.4094,448,46068,0.0452013,0.03,1,148899,148451,448
9593321,17.7635,28.6819,436,46114,0.0330403,0,1,148914,148478,436
9596241,8.3527,17.7364,427,46160,0.0306081,0.05,1,148920,148493,427
9599161,28.8705,8.34728,455,46206,0.0461216,0.03,1,148954,148499,455
9602081,7.37411,28.0695,424,46252,0.0492243,0.03,1,148956,148532,424
9605001,35.8748,7.21389,465,46298,0.0818449,0.09,1,148999,148534,465
9607921,41.575,35.0428,466,46344,0.072369,0.11,1,149042,148576,466
9610841,21.115,40.6086,440,46389,0.0704738,0.11,1,149058,148618,440
9613761,5.823,20.9217,426,46434,0.0700948,0.11,1,149060,148634,426
9616681,81.9646,5.78434,525,46479,0.0700189,0.01,1,149161,148636,525
9619601,45.9929,84.3569,458,46524,0.0540038,0.01,1,149198,148740,458
9622521,10.7986,46.4714,423,46569,0.0508008,0.01,1,149200,148777,423
9625441,26.9597,10.8943,452,46614,0.0181602,0.01,1,149231,148779,452
9628361,25.3919,26.1789,447,46659,0.027632,0.01,1,149256,148809,447
9631281,35.4784,24.4358,461,46704,0.0295264,0.03,1,149294,148833,461
9634201,29.4957,36.0872,450,46749,0.0779053,0.05,1,149322,148872,450
9637121,17.0991,28.8174,437,46794,0.0875811,0.03,1,149336,148899,437
9640041,8.21983,17.7635,428,46839,0.0895162,0.03,1,149342,148914,428
9642961,29.644,8.3527,457,46884,0.105903,0.05,1,149377,148920,457
9645881,7.52879,28.8705,425,46929,0.109181,0.05,1,149379,148954,425
9648801,37.5058,7.37411,468,46974,0.0938361,0.09,1,149424,148956,468
9651721,41.1012,35.8748,467,47019,0.106767,0.07,1,149466,148999,467
9654641,21.0202,41.575,440,47064,0.109353,0.07,1,149482,149042,440
9657561,5.80405,21.115,426,47109,0.109871,0.07,1,149484,149058,426
9660481,80.3608,5.823,523,47154,0.157974,0.07,1,149583,149060,523
9663401,44.8722,81.9646,458,47199,0.135595,0.05,1,149619,149161,458
9666321,10.5744,45.9929,423,47244,0.131119,0.05,1,149621,149198,423
9669241,27.7149,10.7986,453,47289,0.130224,0.01,1,149653,149200,453
9672161,25.543,26.9597,447,47334,0.0980448,0.03,1,149678,149231,447
9675081,35.5086,25.3919,460,47379,0.059609,0.03,1,149716,149256,460
9678001,8.70172,35.4784,424,47423,0.0519218,0.09,1,149718,149294,424
9680921,25.7403,29.4957,426,47467,0.0823844,0.09,1,149748,149322,426
9683841,16.3481,17.0991,426,47511,0.104477,0.09,1,149762,149336,426
9686761,8.06961,8.21983,426,47555,0.0768954,0.11,1,149768,149342,426
9689681,30.4139,29.644,427,47599,0.0713791,0.11,1,149804,149377,427
9692601,7.68278,7.52879,427,47643,0.0862758,0.09,1,149806,149379,427
9695521,36.7366,37.5058,426,47687,0.0892552,0.11,1,149850,149424,426
9698441,41.7473,41.1012,427,47731,0.089851,0.11,1,149893,149466,427
9701361,21.9495,21.0202,428,47775,0.10597,0.11,1,149910,149482,428
9704281,5.98989,5.80405,428,47819,0.109194,0.17,1,149912,149484,428
9707201,81.998,80.3608,430,47863,0.0778388,0.13,1,150013,149583,430
9710121,43.5996,44.8722,428,47907,0.0875678,0.13,1,150047,149619,428
9713041,10.3199,10.5744,428,47951,0.0895135,0.13,1,150049,149621,428
9715961,26.064,27.7149,426,47995,0.0579027,0.09,1,150079,149653,426
9718881,23.6128,25.543,424,48039,0.0515805,0.05,1,150102,149678,424
9721801,35.1226,35.5086,424,48083,0.0823161,0.05,1,150140,149716,424
9724721,8.62451,8.70172,424,48127,0.0884632,0.09,1,150142,149718,424
9727641,26.5249,25.7403,425,48171,0.0736926,0.11,1,150173,149748,425
9730561,16.505,16.3481,425,48215,0.0867385,0.07,1,150187,149762,425
9733481,8.101,8.06961,425,48259,0.0893477,0.07,1,150193,149768,425
9736401,31.2202,30.4139,426,48303,0.0738695,0.09,1,150230,149804,426
9739321,7.84404,7.68278,426,48347,0.0707739,0.09,1,150232,149806,426
9742241,36.7688,36.7366,426,48391,0.0701548,0.09,1,150276,149850,426
9745161,41.7538,41.7473,426,48435,0.086031,0.11,1,150319,149893,426
9748081,21.1508,21.9495,425,48479,0.0892062,0.11,1,150335,149910,425
9751001,5.83015,5.98989,425,48522,0.0898412,0.07,1,150337,149912,425
9753921,80.366,81.998,423,48565,0.337968,0.09,1,150436,150013,423
9756841,44.0732,43.5996,424,48608,0.411594,0.09,1,150471,150047,424
9759761,10.4146,10.3199,424,48651,0.426319,0.05,1,150473,150049,424
9762681,26.8829,26.064,425,48694,0.413264,0.05,1,150504,150079,425
9765601,22.9766,23.6128,424,48737,0.442653,0.09,1,150526,150102,424
9768521,34.9953,35.1226,424,48780,0.448531,0.09,1,150564,150140,424
9771441,8.59906,8.62451,424,48823,0.449706,0.07,1,150566,150142,424
9774361,25.7198,26.5249,423,48866,0.449941,0.07,1,150596,150173,423
9777281,16.344,5.30498,437,48909,0.449988,0.09,1,150610,150173,437
9780201,8.06879,12.261,429,48952,0.449998,0.09,1,150616,150187,429
9783121,30.4138,7.2522,459,48995,0.466,0.07,1,150652,150193,459
9786041,7.68275,31.0504,424,49038,0.4852,0.07,1,150654,150230,424
9788961,36.7366,7.81009,466,49081,0.48904,0.07,1,150698,150232,466
9791881,42.5473,36.762,466,49124,0.489808,0.09,1,150742,150276,466
9794801,21.3095,41.7524,439,49167,0.505962,0.09,1,150758,150319,439
9797721,5.86189,21.1505,425,49210,0.509192,0.09,1,150760,150335,425
9800641,92.3724,5.8301,537,49253,0.637838,0.4,1,150874,150337,537
9803561,48.0745,80.366,475,49296,0.695568,0.43,1,150911,150436,475
9806481,11.2149,44.0732,442,49339,0.707114,0.43,1,150913,150471,442
9809401,27.843,10.4146,472,49382,0.709423,0.41,1,150945,150473,472
9812321,23.1686,26.8829,463,49425,0.709884,0.45,1,150967,150504,463
9815241,36.6337,22.9766,481,49468,0.693977,0.45,1,151007,150526,481
9818161,8.92674,34.9953,445,49511,0.690795,0.45,1,151009,150564,445
9821081,25.7853,8.59906,473,49554,0.690159,0.45,1,151039,150566,473
9824001,16.3571,25.7198,457,49597,0.690032,0.45,1,151053,150596,457
9826921,8.07141,16.344,449,49639,0.690006,0.45,1,151059,150610,449
9829841,32.0143,8.06879,481,49681,0.770001,0.47,2,151097,150616,481
9832761,8.00286,30.4138,447,49723,0.786,0.49,2,151099,150652,447
9835681,36.8006,7.68275,489,49765,0.7892,0.49,2,151143,150654,489
9838601,42.5601,36.7366,489,49807,0.78984,0.49,2,151187,150698,489
9841521,22.112,42.5473,462,49849,0.773968,0.51,2,151204,150742,462
9844441,6.0224,21.3095,448,49891,0.770794,0.51,2,151206,150758,448
10051761,21,55,478,52803,0.81,1,2,153267,152789,478
10054681,41.8,27.8,504,52843,0.602,1,1,153314,152810,504
10057601,28.36,19.16,512,52883,0.4004,1,1,153339,152827,512
10060521,22.472,18.232,515,52923,0.20008,1,1,153360,152845,515
10063441,23.6944,38.0464,496,52963,0.080016,1,1,153384,152888,496
10066361,20.7389,21.2093,499,53003,0.0240032,1,1,153404,152905,499
10069281,20.1478,21.0419,498,53043,0.0448006,1,1,153424,152926,498
10072201,21.6296,17.8084,503,53083,0.0169601,1,1,153446,152943,503
10075121,19.5259,16.3617,506,53123,0.043392,1,1,153465,152959,506
10078041,19.1052,18.4723,506,53163,0.0326784,1,1,153484,152978,506
10080961,17.421,22.0945,500,53203,0.0465357,1,1,153501,153001,500
10083881,18.6842,18.8189,501,53243,0.0493071,1,1,153520,153019,501
10086801,11.7368,19.7638,491,53283,0.00986143,1,1,153530,153039,491
10089721,15.1474,20.7528,486,53323,0.0419723,1,1,153546,153060,486
10092641,23.0295,29.7506,479,53362,0.00839446,1,1,153571,153092,479
10095561,19.8059,22.7501,477,53401,0.0256789,0.87,1,153590,153113,477
10098481,78.3612,86.95,467,53440,0.0131358,0.83,1,153683,153216,467
10101401,37.2722,41.39,464,53479,0.0426272,0.81,1,153710,153246,464
10104321,22.6544,25.078,462,53518,0.0325254,0.55,1,153729,153267,462
10107241,26.1309,42.6156,442,53557,0.0305051,0.35,1,153756,153314,442
10110161,18.0262,28.5231,433,53596,0.046101,0.15,1,153772,153339,433
10113081,17.2052,22.5046,429,53635,0.0492202,0.05,1,153789,153360,429
10116001,20.241,23.7009,426,53674,0.033844,0.01,1,153810,153384,426
10118921,20.0482,20.7402,426,53713,0.0147688,0.05,1,153830,153404,426
10121841,18.4096,20.148,424,53752,0.0429538,0.01,1,153848,153424,424
10124761,19.6819,21.6296,422,53791,0.0165908,0.05,1,153868,153446,422
10127681,19.1364,19.5259,422,53830,0.0113182,0.03,1,153887,153465,422
10130601,19.0273,19.1052,422,53869,0.0262636,0.05,1,153906,153484,422
10133521,17.4055,17.421,422,53908,0.0612527,0.05,1,153923,153501,422
10136441,18.6811,18.6842,422,53947,0.0682505,0,1,153942,153520,422
10139361,11.7362,11.7368,422,53986,0.0136501,0.05,1,153952,153530,422
10142281,15.1472,15.1474,422,54025,0.05873,0,1,153968,153546,422
10145201,23.0294,23.0295,422,54064,0.051746,0.03,1,153993,153571,422
10148121,19.8059,19.8059,422,54103,0.0663492,0.01,1,154012,153590,422
10151041,78.3612,78.3612,422,54142,0.0132698,0.05,1,154105,153683,422
10153961,38.0722,37.2722,423,54181,0.042654,0.03,1,154133,153710,423
10156881,22.0144,22.6544,422,54220,0.0165308,0.03,1,154151,153729,422
10159801,26.0029,26.1309,422,54259,0.0593062,0.05,1,154178,153756,422
10162721,18.8006,18.0262,423,54298,0.0518612,0.05,1,154195,153772,423
10165641,16.5601,17.2052,422,54337,0.0823722,0.03,1,154211,153789,422
10168561,20.912,20.241,423,54376,0.0564744,0.01,1,154233,153810,423
10171481,19.3824,20.0482,422,54415,0.0352949,0.05,1,154252,153830,422
10174401,18.2765,18.4096,422,54454,0.079059,0.01,1,154270,153848,422
10177321,19.6553,19.6819,422,54493,0.0558118,0.01,1,154290,153868,422
10180241,19.1311,19.1364,422,54532,0.0191624,0.03,1,154309,153887,422
10183161,19.0262,19.0273,422,54571,0.0438325,0.07,1,154328,153906,422
10186081,17.4052,17.4055,422,54610,0.0327665,0.07,1,154345,153923,422
10189001,18.681,18.6811,422,54649,0.0305533,0,1,154364,153942,422
10191921,11.7362,11.7362,422,54688,0.00611066,0,1,154374,153952,422
10194841,15.1472,2.34724,438,54726,0.0252221,0.07,1,154390,153952,438
10197761,22.2294,13.2694,446,54764,0.0290444,0.05,1,154414,153968,446
10200681,19.6459,22.6539,440,54802,0.0458089,0.07,1,154433,153993,440
10203601,78.3292,19.7308,514,54840,0.0171618,0,1,154526,154012,514
10206521,39.6658,78.3462,451,54878,0.0274324,0.05,1,154556,154105,451
10209441,22.3332,38.0692,441,54916,0.0294865,0.01,1,154574,154133,441
10212361,25.2666,22.0138,449,54954,0.0298973,0.07,1,154600,154151,449
10215281,17.8533,26.0028,438,54992,0.0299795,0.05,1,154616,154178,438
10218201,16.3707,18.8006,437,55030,0.0299959,0.09,1,154632,154195,437
10221121,20.8741,16.5601,443,55068,0.0299992,0.05,1,154654,154211,443
10224041,19.3748,20.912,440,55106,0.0459998,0.03,1,154673,154233,440
10226961,18.275,19.3824,439,55144,0.0492,0.09,1,154691,154252,439
10229881,19.655,18.2765,441,55182,0.04984,0.05,1,154711,154270,441
10232801,20.731,19.6553,442,55220,0.049968,0.01,1,154732,154290,442
10235721,17.7462,19.1311,440,55258,0.0339936,0.05,1,154749,154309,440
10238641,17.1492,19.0262,438,55296,0.0467987,0.03,1,154766,154328,438
10241561,18.6298,17.4052,440,55334,0.0653597,0.03,1,154785,154345,440
10244481,11.726,18.681,431,55372,0.0130719,0,1,154795,154364,431
10247401,15.1452,11.7362,437,55410,0.0426144,0.03,1,154811,154374,437
10250321,22.229,15.1472,445,55448,0.0325229,0.03,1,154835,154390,445
10253241,19.6458,22.2294,440,55486,0.0305046,0.05,1,154854,154414,440
10256161,78.3292,19.6459,514,55524,0.0301009,0.01,1,154947,154433,514
10259081,40.4658,78.3292,452,55562,0.0300202,0.03,1,154978,154526,452
10262001,22.4932,39.6658,440,55600,0.030004,0.03,1,154996,154556,440
10264921,25.2986,22.3332,448,55638,0.0460008,0.03,1,155022,154574,448
10267841,17.8597,25.2666,438,55676,0.0492002,0.03,1,155038,154600,438
10270761,16.3719,17.8533,438,55714,0.04984,0.03,1,155054,154616,438
10273681,20.8744,16.3707,444,55752,0.049968,0.03,1,155076,154632,444
10276601,20.1749,20.8741,442,55790,0.0499936,0.05,1,155096,154654,442
10279521,18.435,19.3748,441,55828,0.0659987,0.05,1,155114,154673,441
10282441,18.087,18.275,441,55866,0.0851997,0.05,1,155132,154691,441
10285361,22.0174,19.655,444,55904,0.0250399,0.05,1,155155,154711,444
10288281,17.2035,20.731,439,55942,0.045008,0.03,1,155171,154732,439
10291201,16.2407,17.7462,438,55980,0.0330016,0.05,1,155187,154749,438
10294121,18.4481,17.1492,440,56018,0.00660032,0.07,1,155206,154766,440
10297041,13.2896,18.6298,433,56056,0.00932006,0,1,155218,154785,433
10299961,14.6579,11.726,438,56094,0.057864,0.05,1,155233,154795,438
10302881,21.3316,15.1452,445,56132,0.0195728,0.03,1,155256,154811,445
10305801,5.86632,22.229,423,56169,0.0119146,0.03,1,155258,154835,423
10308721,16.3733,19.6458,423,56206,0.0103829,0.03,1,155277,154854,423
10311641,76.8747,78.3292,422,56243,0.0260766,0.03,1,155369,154947,422
10314561,40.9749,40.4658,423,56280,0.0452153,0.03,1,155401,154978,423
10317481,22.595,22.4932,423,56317,0.0650431,0.05,1,155419,154996,423
10320401,26.119,25.2986,424,56354,0.0850086,0.05,1,155446,155022,424
10323321,18.0238,17.8597,424,56391,0.0890017,0.05,1,155462,155038,424
10326241,16.4048,16.3719,424,56428,0.0578003,0.05,1,155478,155054,424
10329161,20.881,20.8744,424,56465,0.0515601,0.05,1,155500,155076,424
10332081,20.1762,20.1749,424,56502,0.050312,0.07,1,155520,155096,424
10335001,19.2352,18.435,425,56539,0.0660624,0.09,1,155539,155114,425
10337921,17.447,18.087,424,56576,0.0532125,0.01,1,155556,155132,424
10340841,21.8894,22.0174,424,56613,0.0186425,0.05,1,155579,155155,424
10343761,16.3779,17.2035,423,56650,0.0277285,0.03,1,155594,155171,423
10346681,15.2756,16.2407,422,56687,0.0455457,0,1,155609,155187,422
10349601,18.2551,18.4481,422,56724,0.0331091,0.01,1,155628,155206,422
10352521,14.851,13.2896,424,56761,0.0146218,0.07,1,155642,155218,424
10355441,15.7702,14.6579,425,56798,0.0429244,0.01,1,155658,155233,425
10358361,19.154,21.3316,422,56835,0.0325849,0.01,1,155678,155256,422
10361281,5.43081,5.86632,422,56872,0.046517,0.01,1,155680,155258,422
10364201,16.2862,16.3733,422,56909,0.0493034,0.03,1,155699,155277,422
10367121,76.8572,76.8747,422,56946,0.0178607,0.05,1,155791,155369,422
10370041,40.9714,40.9749,422,56983,0.0435721,0.07,1,155823,155401,422
10372961,23.3943,22.595,423,57020,0.0487144,0.09,1,155842,155419,423
10375881,27.0789,26.119,424,57057,0.0177429,0.09,1,155870,155446,424
10378801,18.2158,18.0238,424,57094,0.0595486,0.05,1,155886,155462,424
10381721,16.4432,16.4048,424,57131,0.0359097,0.05,1,155902,155478,424
10384641,20.8886,20.881,424,57168,0.0631819,0.05,1,155924,155500,424
10387561,20.1777,20.1762,424,57205,0.0686364,0.07,1,155944,155520,424
10390481,18.4355,19.2352,423,57242,0.0377273,0.05,1,155962,155539,423
10393401,17.2871,17.447,423,57279,0.0475455,0.01,1,155979,155556,423
10396321,21.0574,21.8894,422,57316,0.0335091,0.03,1,156001,155579,422
10399241,16.2115,16.3779,422,57353,0.0307018,0.05,1,156016,155594,422
10402161,15.2423,15.2756,422,57390,0.0301404,0.03,1,156031,155609,422
10405081,18.2485,18.2551,422,57427,0.0300281,0.01,1,156050,155628,422
10408001,14.8497,14.851,422,57464,0.0140056,0.05,1,156064,155642,422
10410921,16.5699,15.7702,423,57501,0.0268011,0.03,1,156081,155658,423
10413841,18.514,19.154,422,57538,0.0293602,0.05,1,156100,155678,422
10416761,5.3028,5.43081,422,57575,0.029872,0.05,1,156102,155680,422
10419681,17.8606,16.2862,424,57612,0.0619744,0.05,1,156123,155699,424
10422601,74.7721,3.25723,513,57648,0.0523949,0.01,1,156212,155699,513
10425521,40.5544,74.2514,453,57684,0.034479,0.05,1,156244,155791,453
10428441,23.3109,40.4503,440,57720,0.0148958,0.05,1,156263,155823,440
10431361,27.0622,23.2901,449,57756,0.0269792,0.01,1,156291,155842,449
10434281,19.0124,27.058,438,57792,0.0133958,0.07,1,156308,155870,438
10437201,16.6025,18.2116,438,57828,0.0426792,0.03,1,156324,155886,438
10440121,20.9205,16.4423,444,57864,0.0485358,0.07,1,156346,155902,444
10443041,20.1841,20.8885,442,57900,0.0497072,0.07,1,156366,155924,442
10445961,18.4368,20.1777,440,57936,0.0499414,0.03,1,156384,155944,440
10448881,17.2874,18.4355,439,57972,0.0659883,0.05,1,156401,155962,439
10451801,20.2575,17.2871,443,58008,0.0851977,0.03,1,156422,155979,443
10454721,16.0515,21.0574,436,58044,0.0410395,0.03,1,156437,156001,436
10457641,15.2103,16.2115,436,58080,0.0162079,0.03,1,156452,156016,436
10460561,18.2421,15.2423,440,58116,0.0112416,0.03,1,156471,156031,440
10463481,14.8484,18.2485,435,58152,0.0102483,0.01,1,156485,156050,435
10466401,16.5697,14.8497,438,58188,0.0100497,0.03,1,156502,156064,438
10469321,18.5139,16.5699,440,58224,0.0420099,0.03,1,156521,156081,440
10472241,5.30279,18.514,423,58260,0.048402,0.03,1,156523,156100,423
10475161,18.6606,5.3028,443,58296,0.0336804,0.07,1,156545,156102,443
10478081,74.9321,17.8606,511,58332,0.0627361,0.05,1,156634,156123,511
10481001,40.5864,74.7721,454,58368,0.0365472,0.03,1,156666,156212,454
10483921,23.3173,40.5544,441,58404,0.0313094,0.01,1,156685,156244,441
10486841,27.0635,23.3109,450,58440,0.0302619,0.03,1,156713,156263,450
10489761,19.8127,27.0622,440,58476,0.00605238,0.01,1,156731,156291,440
10492681,16.7625,19.0124,439,58512,0.0412105,0.05,1,156747,156308,439
10495601,20.9525,16.6025,445,58548,0.0642421,0.05,1,156769,156324,445
10498521,20.1905,20.9205,443,58584,0.0688484,0.05,1,156789,156346,443
10501441,18.4381,20.1841,441,58620,0.0697697,0.05,1,156807,156366,441
10504361,18.0876,18.4368,441,58656,0.0699539,0.07,1,156825,156384,441
10507281,19.6175,17.2874,444,58692,0.0699908,0.09,1,156845,156401,444
10510201,15.1235,20.2575,437,58728,0.0859982,0.03,1,156859,156422,437
10513121,14.2247,16.0515,436,58764,0.0891996,0.01,1,156873,156437,436
10516041,18.0449,15.2103,440,58800,0.0418399,0.01,1,156892,156452,440
10518961,14.809,18.2421,435,58836,0.032368,0.01,1,156906,156471,435
10521881,16.5618,14.8484,438,58872,0.0304736,0.01,1,156923,156485,438
10524801,18.5124,16.5697,440,58908,0.0300947,0.05,1,156942,156502,440
10527721,5.30247,18.5139,423,58944,0.0300189,0.05,1,156944,156521,423
10530641,20.2605,5.30279,445,58980,0.0460038,0.03,1,156968,156523,445
10533561,76.0521,18.6606,513,59016,0.0652008,0.07,1,157058,156545,513
10536481,39.2104,74.9321,454,59052,0.0690401,0.03,1,157088,156634,454
10539401,9.44208,40.5864,424,59088,0.069808,0.03,1,157090,156666,424
10542321,16.2884,23.3173,423,59124,0.101962,0.03,1,157108,156685,423
10545241,25.6577,27.0635,423,59160,0.124392,0,1,157136,156713,423
10548161,20.3315,19.8127,424,59196,0.0808785,0.05,1,157155,156731,424
10551081,16.8663,16.7625,424,59232,0.0721757,0.07,1,157171,156747,424
10554001,21.7733,20.9525,425,59267,0.102435,0.07,1,157194,156769,425
10556921,20.3547,20.1905,425,59302,0.108487,0.07,1,157214,156789,425
10559841,18.4709,18.4381,425,59337,0.141697,0.07,1,157232,156807,425
10562761,18.0942,18.0876,425,59372,0.132339,0.07,1,157250,156825,425
10565681,20.4188,19.6175,426,59407,0.146468,0.09,1,157271,156845,426
10568601,15.2838,15.1235,426,59442,0.149294,0.09,1,157285,156859,426
10571521,12.6568,14.2247,424,59477,0.117859,0.03,1,157297,156873,424
10574441,16.9314,18.0449,423,59512,0.111572,0.03,1,157315,156892,423
10577361,13.7863,14.809,422,59547,0.126314,0.03,1,157328,156906,422
10580281,17.9573,16.5618,424,59582,0.0812629,0.03,1,157347,156923,424
10583201,17.1915,18.5124,422,59617,0.0722526,0.03,1,157364,156942,422
10586121,5.03829,5.30247,422,59652,0.0704505,0.05,1,157366,156944,422
10589041,21.8077,20.2605,424,59687,0.0220901,0.07,1,157392,156968,424
10591961,77.1615,76.0521,425,59722,0.076418,0.07,1,157483,157058,425
10594881,39.4323,39.2104,425,59757,0.135284,0.07,1,157513,157088,425
10597801,9.48646,9.44208,425,59792,0.115057,0.11,1,157515,157090,425
10600721,17.0973,16.2884,426,59827,0.127011,0.13,1,157534,157108,426
10603641,25.8195,25.6577,426,59862,0.145402,0.07,1,157562,157136,426
10606561,19.5639,20.3315,425,59897,0.14908,0.07,1,157580,157155,425
10609481,17.5128,16.8663,426,59932,0.165816,0.11,1,157597,157171,426
10612401,22.7026,21.7733,427,59967,0.169163,0.11,1,157621,157194,427
10615321,20.5405,20.3547,427,60002,0.169833,0.15,1,157641,157214,427
10618241,18.5081,18.4709,427,60037,0.153967,0.13,1,157659,157232,427
10621161,18.9016,18.0942,428,60072,0.134793,0.15,1,157678,157250,428
10624081,19.7803,20.4188,427,60107,0.162959,0.15,1,157698,157271,427
10627001,15.1561,15.2838,427,60142,0.168592,0.11,1,157712,157285,427
10629921,12.6312,12.6568,427,60177,0.137718,0.11,1,157724,157297,427
10632841,16.9262,16.9314,427,60212,0.163544,0.13,1,157742,157315,427
10635761,12.9852,13.7863,426,60247,0.136709,0.07,1,157754,157328,426
10638681,15.397,17.9573,423,60282,0.163342,0.07,1,157770,157347,423
10641601,15.8794,17.1915,422,60317,0.168668,0.07,1,157786,157364,422
10644521,4.77588,5.03829,422,60352,0.185734,0.01,1,157788,157366,422
10647441,21.7552,21.8077,422,60387,0.125147,0.09,1,157814,157392,422
10650361,80.351,77.1615,426,60422,0.161029,0.15,1,157909,157483,426
10653281,40.8702,39.4323,427,60457,0.120206,0.11,1,157940,157513,427
10656201,9.77404,9.48646,427,60492,0.144041,0.13,1,157942,157515,427
10659121,17.9548,17.0973,428,60527,0.148808,0.13,1,157962,157534,428
10662041,25.991,3.41946,456,60562,0.133762,0.15,1,157990,157534,456
10664961,19.5982,23.0839,446,60597,0.130752,0.15,1,158008,157562,446
10667881,16.7196,19.0168,444,60632,0.13015,0.17,1,158024,157580,444
10670801,22.5439,17.4034,451,60667,0.13003,0.17,1,158048,157597,451
10673721,20.5088,22.6807,447,60702,0.130006,0.17,1,158068,157621,447
10676641,19.3018,20.5361,446,60737,0.130001,0.15,1,158087,157641,446
10679561,18.2604,18.5072,446,60772,0.13,0.13,1,158105,157659,446
10682481,19.6521,18.9014,447,60807,0.13,0.17,1,158125,157678,447
10685401,15.1304,19.7803,441,60842,0.13,0.17,1,158139,157698,441
10688321,12.6261,15.1561,439,60877,0.13,0.13,1,158151,157712,439
10691241,16.9252,12.6312,445,60912,0.13,0.17,1,158169,157724,445
10694161,12.985,16.9262,439,60946,0.13,0.13,1,158181,157742,439
10697081,15.397,12.9852,443,60980,0.13,0.17,1,158197,157754,443
10700001,16.6794,15.397,444,61014,0.162,0.17,1,158214,157770,444
10702921,4.93588,15.8794,430,61048,0.1684,0.19,1,158216,157786,430
10705841,20.1872,4.77588,452,61082,0.16968,0.11,1,158240,157788,452
10708761,79.2374,21.7552,520,61116,0.233936,0.17,1,158334,157814,520
10711681,41.4475,80.351,457,61150,0.262787,0.11,1,158366,157909,457
10714601,9.8895,40.8702,428,61184,0.268557,0.15,1,158368,157940,428
10717521,18.7779,9.77404,447,61218,0.317711,0.15,1,158389,157942,447
10720441,26.1556,17.9548,455,61252,0.295542,0.13,1,158417,157962,455
10723361,19.6311,25.991,445,61286,0.291108,0.13,1,158435,157990,445
10726281,16.7262,19.5982,443,61320,0.306222,0.13,1,158451,158008,443
10729201,22.5452,16.7196,451,61354,0.309244,0.13,1,158475,158024,451
10732121,21.309,22.5439,448,61388,0.325849,0.13,1,158496,158048,448
10735041,18.6618,20.5088,446,61422,0.32917,0.13,1,158514,158068,446
10737961,18.1324,19.3018,445,61456,0.329834,0.13,1,158532,158087,445
10740881,19.6265,18.2604,447,61490,0.329967,0.13,1,158552,158105,447
10743801,15.1253,19.6521,441,61524,0.329993,0.13,1,158566,158125,441
10746721,12.6251,15.1304,439,61558,0.329999,0.13,1,158578,158139,439
10749641,16.925,12.6261,445,61592,0.346,0.13,1,158596,158151,445
10752561,12.985,16.9252,439,61626,0.3492,0.13,1,158608,158169,439
10755481,15.397,12.985,443,61660,0.34984,0.13,1,158624,158181,443
10758401,18.2794,15.397,446,61694,0.333968,0.17,1,158643,158197,446
10761321,5.25588,16.6794,431,61728,0.330794,0.17,1,158645,158214,431
10764241,20.2512,4.93588,453,61762,0.346159,0.17,1,158669,158216,453
10767161,82.4502,20.1872,527,61796,0.381232,0.25,1,158767,158240,527
10770081,43.69,79.2374,467,61830,0.388246,0.27,1,158801,158334,467
10773001,10.338,41.4475,437,61864,0.389649,0.27,1,158803,158366,437
10775921,18.8676,9.8895,456,61898,0.40593,0.33,1,158824,158368,456
10778841,26.1735,18.7779,463,61932,0.409186,0.29,1,158852,158389,463
10781761,19.6347,26.1556,453,61966,0.409837,0.29,1,158870,158417,453
10784681,5.52694,19.6311,437,62000,0.409967,0.31,1,158872,158435,437
10787601,13.9054,16.7262,437,62034,0.425994,0.31,1,158888,158451,437
10790521,21.9811,22.5452,437,62068,0.429199,0.33,1,158912,158475,437
10793441,21.9962,21.309,438,62102,0.42984,0.33,1,158934,158496,438
10796361,18.7992,18.6618,438,62136,0.461968,0.33,1,158952,158514,438
10799281,18.1598,18.1324,438,62170,0.468394,0.33,1,158970,158532,438
10802201,19.632,19.6265,438,62204,0.469679,0.33,1,158990,158552,438
10805121,15.1264,15.1253,438,62238,0.501936,0.33,1,159004,158566,438
10808041,13.4253,12.6251,439,62272,0.492387,0.35,1,159017,158578,439
10810961,17.0851,16.925,439,62306,0.490477,0.35,1,159035,158596,439
10813881,13.017,12.985,439,62340,0.490095,0.35,1,159047,158608,439
10816801,15.4034,15.397,439,62374,0.490019,0.33,1,159063,158624,439
10819721,17.4807,18.2794,438,62408,0.490004,0.33,1,159081,158643,438
10822641,5.09614,5.25588,438,62442,0.490001,0.35,1,159083,158645,438
10825561,21.0192,20.2512,439,62476,0.49,0.39,1,159108,158669,439
10828481,84.2038,82.4502,441,62510,0.49,0.39,1,159208,158767,441
10831401,45.6408,43.69,443,62544,0.474,0.39,1,159244,158801,443
10834321,10.7282,10.338,443,62578,0.5188,0.41,1,159246,158803,443
10837241,18.1456,18.8676,442,62612,0.51176,0.41,1,159266,158824,442
10840161,26.0291,26.1735,442,62646,0.558352,0.41,1,159294,158852,442
10843081,20.4058,19.6347,443,62680,0.56767,0.41,1,159313,158870,443
10846001,5.68116,5.52694,443,62714,0.569534,0.43,1,159315,158872,443
10848921,13.9362,13.9054,443,62747,0.569907,0.43,1,159331,158888,443
10851841,21.9872,21.9811,443,62780,0.617981,0.43,1,159355,158912,443
10854761,21.9974,21.9962,443,62813,0.595596,0.47,1,159377,158934,443
10857681,20.3995,18.7992,445,62846,0.623119,0.47,1,159397,158952,445
10860601,18.4799,18.1598,445,62879,0.564624,0.47,1,159415,158970,445
10863521,19.696,19.632,445,62912,0.584925,0.51,1,159435,158990,445
10866441,15.1392,15.1264,445,62945,0.588985,0.49,1,159449,159004,445
10869361,14.2278,13.4253,446,62978,0.557797,0.49,1,159463,159017,446
10872281,17.2456,17.0851,446,63011,0.599559,0.49,1,159481,159035,446
10875201,13.0491,13.017,446,63044,0.575912,0.49,1,159493,159047,446
10878121,15.4098,15.4034,446,63077,0.603182,0.49,1,159509,159063,446
10881041,17.482,17.4807,446,63110,0.608636,0.49,1,159527,159081,446
10883961,5.09639,5.09614,446,63143,0.609727,0.49,1,159529,159083,446
10886881,21.0193,21.0192,446,63176,0.593945,0.49,1,159554,159108,446
10889801,82.6039,84.2038,444,63209,0.638789,0.47,1,159652,159208,444
10892721,47.7208,45.6408,447,63242,0.615758,0.53,1,159691,159244,447
10895641,11.1442,10.7282,447,63275,0.611152,0.51,1,159693,159246,447
10898561,18.2288,18.1456,447,63308,0.64223,0.57,1,159713,159266,447
10901481,27.6458,26.0291,449,63341,0.632446,0.57,1,159743,159294,449
10904401,21.5292,20.4058,450,63374,0.662489,0.57,1,159763,159313,450
10907321,5.90583,5.68116,450,63407,0.668498,0.57,1,159765,159315,450
10910241,13.9812,13.9362,450,63440,0.6857,0.57,1,159781,159331,450
10913161,21.9962,2.78725,474,63473,0.65714,0.63,1,159805,159331,474
10916081,21.9992,19.7575,472,63506,0.651428,0.59,1,159827,159355,472
10919001,18.7998,21.5515,468,63539,0.650286,0.63,1,159845,159377,468
10921921,18.16,20.3103,466,63572,0.650057,0.55,1,159863,159397,466
10924841,19.632,18.4621,468,63605,0.650011,0.59,1,159883,159415,468
10927761,15.1264,19.6924,462,63638,0.666002,0.59,1,159897,159435,462
10930681,14.2253,15.1385,462,63671,0.6692,0.55,1,159911,159449,462
10933601,18.0451,14.2277,467,63704,0.65384,0.61,1,159930,159463,467
10936521,13.209,17.2455,461,63737,0.650768,0.57,1,159942,159481,461
10939441,15.4418,13.0491,465,63770,0.650154,0.61,1,159958,159493,465
10942361,17.4884,15.4098,467,63803,0.650031,0.61,1,159976,159509,467
10945281,5.09767,17.482,451,63836,0.650006,0.61,1,159978,159527,451
10948201,21.8195,5.09639,475,63869,0.650001,0.59,1,160004,159529,475
10951121,83.5639,21.0193,549,63902,0.682,0.65,1,160103,159554,549
10954041,47.9128,82.6039,490,63935,0.7044,0.61,1,160142,159652,490
10956961,11.1826,47.7208,453,63968,0.70888,0.61,1,160144,159691,453
10959881,19.0365,11.1442,472,64001,0.741776,0.65,1,160165,159693,472
10962801,27.8073,18.2288,482,64034,0.764355,0.63,2,160195,159713,482
10965721,21.5615,27.6458,472,64067,0.816871,0.67,2,160215,159743,472
10968641,5.91229,21.5292,454,64100,0.827374,0.67,2,160217,159763,454
10971561,14.7825,5.90583,469,64133,0.813475,0.69,2,160234,159765,469
10974481,22.1565,13.9812,477,64166,0.810695,0.65,2,160258,159781,477
10977401,22.0313,21.9962,475,64199,0.810139,0.65,2,160280,159805,475
10980321,18.8063,21.9992,471,64232,0.810028,0.65,2,160298,159827,471
10983241,18.1613,18.7998,471,64265,0.826006,0.65,2,160316,159845,471
10986161,19.6323,18.16,473,64298,0.829201,0.65,2,160336,159863,473
10989081,15.9264,19.632,468,64331,0.84584,0.67,2,160351,159883,468
10992001,14.3853,15.1264,468,64364,0.849168,0.67,2,160365,159897,468
10994921,17.2771,14.2253,472,64397,0.849834,0.65,2,160383,159911,472
10997841,13.0554,18.0451,465,64430,0.849967,0.65,2,160395,159930,465
11000761,15.4111,13.209,469,64463,0.865993,0.65,2,160411,159942,469
11003681,17.4822,15.4418,471,64496,0.869199,0.65,2,160429,159958,471
11006601,5.09644,17.4884,455,64529,0.86984,0.65,2,160431,159976,455
11009521,21.8193,5.09767,479,64562,0.869968,0.65,2,160457,159978,479
11243121,21,19,506,67108,0.75,1,2,162284,161778,506
11246041,20.2,19.8,506,67139,0.734,1,1,162304,161798,506
11248961,24.04,15.16,517,67170,0.6988,1,1,162329,161812,517
11251881,24.808,11.832,531,67201,0.56376,1,1,162354,161823,531
11254801,20.1616,5.5664,546,67232,0.488752,1,1,162373,161827,546
11324881,376.832,468.313,428,32120,0.10575,0,1,162839,162411,428
11327801,129.766,138.463,440,32186,0.0291501,0.03,1,162907,162467,440
11330721,61.1533,58.0925,446,32252,0.02983,0.03,1,162951,162505,446
11333641,59.4307,59.6185,445,32318,0.029966,0.05,1,163010,162565,445
11336561,44.6861,45.5237,444,32383,0.0299932,0.03,1,163051,162607,444
11339481,41.7372,40.3047,446,32448,0.00599864,0.01,1,163092,162646,446
11342401,41.9474,51.2609,434,32513,0.0251997,0.01,1,163134,162700,434
11345321,29.9895,28.6522,438,32578,0.0290399,0.03,1,163161,162723,438
11348241,41.1979,35.3304,445,32643,0.00580799,0.03,1,163205,162760,445
11351161,32.2396,39.0661,435,32708,0.0251616,0.05,1,163235,162800,435
11354081,12.0479,19.0132,428,32773,0.0130323,0.01,1,163242,162814,428
11357001,18.4096,19.8026,428,32838,0.0266065,0.01,1,163262,162834,428
11359921,57.2819,62.3605,422,32902,0.0293213,0.03,1,163329,162907,422
11362841,47.4564,47.6721,423,32966,0.0138643,0.03,1,163374,162951,423
11365761,55.8913,56.7344,422,33030,0.0267729,0.03,1,163432,163010,422
11368681,43.9783,44.1469,422,33094,0.0293546,0,1,163473,163051,422
11371601,43.1957,41.6294,424,33158,0.0138709,0.03,1,163516,163092,424
11374521,42.2391,41.9259,424,33222,0.0427742,0.03,1,163558,163134,424
11377441,30.0478,29.9852,424,33286,0.0325548,0,1,163585,163161,424
11380361,42.8096,41.197,426,33350,0.014511,0.03,1,163631,163205,426
11383281,30.1619,32.2394,423,33413,0.0269022,0.01,1,163658,163235,423
11386201,10.8324,12.0479,422,33476,0.0133804,0.03,1,163664,163242,422
11389121,18.9665,18.4096,423,33539,0.00267609,0.03,1,163685,163262,423
11392041,56.5933,57.2819,422,33602,0.0245352,0.01,1,163751,163329,422
11394961,47.3187,47.4564,422,33665,0.012907,0.03,1,163796,163374,422
11397881,55.8637,55.8913,422,33728,0.0265814,0.03,1,163854,163432,422
11400801,43.9727,43.9783,422,33791,0.0293163,0.01,1,163895,163473,422
11403721,43.1946,43.1957,422,33854,0.0138633,0.05,1,163938,163516,422
11406641,42.2389,42.2391,422,33916,0.0267727,0.03,1,163980,163558,422
11409561,30.0478,30.0478,422,33978,0.0133545,0.01,1,164007,163585,422
11412481,42.8096,42.8096,422,34040,0.00267091,0.03,1,164053,163631,422
11415401,30.1619,30.1619,422,34102,0.0405342,0.01,1,164080,163658,422
11418321,10.8324,10.8324,422,34164,0.0161068,0,1,164086,163664,422
11421241,18.9665,18.9665,422,34226,0.00322137,0,1,164107,163685,422
11424161,55.7933,3.7933,487,34288,0.00864427,0.03,1,164172,163685,487
11427081,47.1587,53.5587,466,34350,0.0417289,0.01,1,164217,163751,466
11430001,55.8317,46.7117,479,34412,0.0323458,0.03,1,164275,163796,479
11432921,43.9663,55.7423,462,34473,0.0304692,0.03,1,164316,163854,462
11435841,43.1933,43.9485,464,34534,0.0460938,0.01,1,164359,163895,464
11438761,42.2387,43.1897,463,34595,0.0332188,0.03,1,164401,163938,463
11441681,30.0477,42.2379,448,34656,0.0146438,0.01,1,164428,163980,448
11444601,42.8095,30.0476,467,34717,0.0429287,0,1,164474,164007,467
11447521,30.1619,42.8095,448,34778,0.0485858,0.05,1,164501,164053,448
11450441,10.8324,30.1619,427,34839,0.0497172,0.01,1,164507,164080,427
11453361,18.9665,10.8324,442,34900,0.0339434,0,1,164528,164086,442
11456281,55.7933,18.9665,486,34961,0.0147887,0.01,1,164593,164107,486
11459201,47.1587,55.7933,466,35021,0.0109577,0.05,1,164638,164172,466
11462121,55.8317,47.1587,479,35081,0.0261915,0.03,1,164696,164217,479
11465041,44.7663,55.8317,463,35141,0.0132383,0.03,1,164738,164275,463
11467961,43.3533,43.9663,465,35201,0.0266477,0.05,1,164781,164316,465
11470881,41.4707,43.1933,463,35261,0.0293295,0.03,1,164822,164359,463
11473801,29.8941,42.2387,448,35321,0.0298659,0.01,1,164849,164401,448
11476721,42.7788,30.0477,467,35381,0.0619732,0.05,1,164895,164428,467
11479641,31.7558,42.8095,450,35441,0.0843946,0.05,1,164924,164474,450
11482561,11.1512,30.1619,429,35501,0.0888789,0.05,1,164930,164501,429
11485481,17.4302,10.8324,442,35561,0.0897758,0.03,1,164949,164507,442
11488401,55.486,18.9665,486,35620,0.0259552,0.01,1,165014,164528,486
11491321,47.0972,55.7933,466,35679,0.045191,0.01,1,165059,164593,466
11494241,11.0194,47.1587,423,35738,0.0170382,0.03,1,165061,164638,423
11497161,47.8039,55.8317,422,35797,0.0434076,0.01,1,165118,164696,422
11500081,43.1608,44.7663,422,35856,0.0166815,0.03,1,165160,164738,422
11503001,44.6322,43.3533,424,35915,0.00333631,0.03,1,165205,164781,424
11505921,40.1264,41.4707,422,35974,0.0246673,0.03,1,165244,164822,422
11508841,30.4253,29.8941,423,36033,0.0129335,0.07,1,165272,164849,423
11511761,45.2851,42.7788,426,36092,0.0425867,0.09,1,165321,164895,426
11514681,32.257,31.7558,426,36151,0.0485173,0.09,1,165350,164924,426
11517601,11.2514,11.1512,426,36209,0.0177035,0.09,1,165356,164930,426
11520521,17.4503,17.4302,426,36267,0.0275407,0.01,1,165375,164949,426
11523441,52.2901,55.486,422,36325,0.0135081,0.05,1,165436,165014,422
11526361,47.258,47.0972,423,36383,0.0267016,0.01,1,165482,165059,423
11529281,11.0516,11.0194,423,36441,0.0293403,0.05,1,165484,165061,423
11532201,47.0103,47.8039,422,36499,0.0458681,0.01,1,165540,165118,422
11535121,43.0021,43.1608,422,36557,0.0171736,0,1,165582,165160,422
11538041,45.4004,44.6322,423,36615,0.0114347,0.03,1,165628,165205,423
11540961,39.4801,40.1264,422,36673,0.0262869,0.01,1,165666,165244,422
11543881,30.296,30.4253,422,36731,0.00525739,0.05,1,165694,165272,422
11546801,45.2592,45.2851,422,36789,0.0410515,0.05,1,165743,165321,422
11549721,32.2518,32.257,422,36846,0.0162103,0.01,1,165772,165350,422
11552641,11.2504,11.2514,422,36903,0.0112421,0.03,1,165778,165356,422
11555561,17.4501,17.4503,422,36960,0.0582484,0.01,1,165797,165375,422
11558481,52.29,52.2901,422,37017,0.0196497,0.03,1,165858,165436,422
11561401,47.258,47.258,422,37074,0.0279299,0.03,1,165904,165482,422
11564321,11.0516,11.0516,422,37131,0.029586,0.05,1,165906,165484,422
11567241,47.0103,47.0103,422,37188,0.0619172,0.05,1,165962,165540,422
11570161,42.2021,9.40206,463,37245,0.0203834,0.01,1,166003,165540,463
11573081,45.2404,35.4804,467,37302,0.0120767,0.01,1,166049,165582,467
11576001,39.4481,43.8961,459,37359,0.0424153,0.03,1,166087,165628,459
11578921,31.0896,39.1792,450,37416,0.0324831,0,1,166116,165666,450
11581841,44.6179,30.2358,470,37472,0.0464966,0.05,1,166164,165694,470
11584761,32.9236,45.2472,451,37528,0.0492993,0.01,1,166194,165743,451
11587681,11.3847,32.2494,428,37584,0.0818599,0.01,1,166200,165772,428
11590601,17.4769,11.2499,441,37640,0.104372,0.07,1,166219,165778,441
11593521,51.4954,17.45,482,37696,0.0448744,0.01,1,166279,165797,482
11596441,47.0991,52.29,467,37752,0.0169749,0.03,1,166325,165858,467
11599361,11.0198,47.258,423,37808,0.011395,0.03,1,166327,165904,423
11602281,47.804,11.0516,478,37864,0.026279,0.07,1,166384,165906,478
11605201,41.5608,47.0103,462,37920,0.0452558,0.01,1,166424,165962,462
11608121,45.1122,42.2021,467,37976,0.0330512,0.01,1,166470,166003,467
11611041,39.4224,45.2404,459,38032,0.0306102,0.05,1,166508,166049,459
11613961,31.0845,39.4481,450,38088,0.030122,0.03,1,166537,166087,450
11616881,47.0169,31.0896,472,38143,0.0460244,0.05,1,166588,166116,472
11619801,34.2034,44.6179,455,38198,0.0492049,0.05,1,166619,166164,455
11622721,11.6407,32.9236,431,38253,0.049841,0.09,1,166625,166194,431
11625641,18.3281,11.3847,445,38308,0.0499682,0.11,1,166645,166200,445
11628561,47.6656,17.4769,481,38363,0.0979936,0.03,1,166700,166219,481
11631481,46.3331,51.4954,467,38418,0.0435987,0.01,1,166746,166279,467
11634401,10.8666,47.0991,423,38473,0.0327197,0.01,1,166748,166325,423
11637321,48.5733,11.0198,479,38528,0.046544,0.03,1,166806,166327,479
11640241,40.9147,47.804,461,38583,0.0333088,0.05,1,166845,166384,461
11643161,9.78293,41.5608,423,38638,0.0306618,0.03,1,166847,166424,423
11646081,38.7566,45.1122,423,38693,0.0141324,0.03,1,166893,166470,423
11649001,38.1513,39.4224,423,38748,0.00282647,0.03,1,166931,166508,423
11651921,30.0303,31.0845,422,38803,0.0245653,0.05,1,166959,166537,422
11654841,48.4061,47.0169,424,38857,0.0129131,0.05,1,167012,166588,424
11657761,34.4812,34.2034,424,38911,0.0425826,0.05,1,167043,166619,424
11660681,11.6962,11.6407,424,38965,0.0485165,0.05,1,167049,166625,424
11663601,19.1392,18.3281,425,39019,0.0657033,0.11,1,167070,166645,425
11666521,47.8278,47.6656,425,39073,0.0371407,0.03,1,167125,166700,425
11669441,44.7656,46.3331,423,39127,0.0314281,0.03,1,167169,166746,423
11672361,10.5531,10.8666,423,39181,0.0302856,0.05,1,167171,166748,423
11675281,49.3106,48.5733,424,39235,0.0620571,0.03,1,167230,166806,424
11678201,40.2621,40.9147,423,39289,0.0204114,0.03,1,167268,166845,423
11681121,9.65242,9.78293,423,39343,0.0120823,0.01,1,167270,166847,423
11684041,37.9305,38.7566,422,39397,0.0264165,0,1,167315,166893,422
11686961,37.9861,38.1513,422,39451,0.0132833,0.03,1,167353,166931,422
11689881,29.9972,30.0303,422,39505,0.0266567,0.01,1,167381,166959,422
11692801,48.3994,48.4061,422,39558,0.0453313,0.05,1,167434,167012,422
11695721,36.0799,34.4812,424,39611,0.0330663,0.05,1,167467,167043,424
11698641,12.016,11.6962,424,39664,0.0786133,0.07,1,167473,167049,424
11701561,19.2032,19.1392,424,39717,0.0717226,0.03,1,167494,167070,424
11704481,47.8406,47.8278,424,39770,0.0703445,0.03,1,167549,167125,424
11707401,43.1681,44.7656,422,39823,0.0860689,0.03,1,167591,167169,422
11710321,10.2336,10.5531,422,39876,0.0892138,0.07,1,167593,167171,422
11713241,50.0467,49.3106,423,39929,0.0738428,0.01,1,167653,167230,423
11716161,39.6093,40.2621,422,39982,0.0547685,0.01,1,167690,167268,422
11719081,9.52187,9.65242,422,40035,0.0189537,0.03,1,167692,167270,422
11722001,37.9044,37.9305,422,40088,0.0117907,0.03,1,167737,167315,422
11724921,37.9809,7.5861,460,40141,0.0903582,0.01,1,167775,167315,460
11727841,29.1962,31.9172,449,40194,0.0420716,0.03,1,167802,167353,449
11730761,48.2392,28.7834,474,40247,0.0324143,0.05,1,167855,167381,474
11733681,37.6478,48.1567,456,40299,0.0144829,0.03,1,167890,167434,456
11736601,12.3296,36.0313,429,40351,0.0108966,0.09,1,167896,167467,429
11739521,18.4659,12.0063,443,40403,0.0261793,0.07,1,167916,167473,443
11742441,49.2932,19.2013,479,40455,0.0612359,0.07,1,167973,167494,479
11745361,42.6586,47.8403,465,40507,0.116247,0.09,1,168014,167549,465
11748281,10.1317,43.1681,425,40559,0.127249,0.09,1,168016,167591,425
11751201,49.2263,10.2336,482,40611,0.11345,0.07,1,168075,167593,482
11754121,38.6453,50.0467,458,40663,0.12669,0.05,1,168111,167653,458
11757041,9.32905,39.6093,423,40715,0.129338,0.01,1,168113,167690,423
11759961,37.8658,9.52187,466,40767,0.0498676,0.01,1,168158,167692,466
11762881,40.3732,37.9044,462,40819,0.0659735,0.11,1,168199,167737,462
11765801,27.2746,37.9809,448,40871,0.0371947,0.03,1,168223,167775,448
11768721,48.6549,29.1962,475,40923,0.0314389,0.03,1,168277,167802,475
11771641,36.931,48.2392,456,40975,0.0462878,0.01,1,168311,167855,456
11774561,12.9862,37.6478,428,41027,0.0332576,0.01,1,168318,167890,428
11777481,18.5972,12.3296,442,41078,0.0306515,0.03,1,168338,167896,442
11780401,51.7194,18.4659,482,41129,0.0141303,0.07,1,168398,167916,482
11783321,44.7439,49.2932,468,41180,0.0588261,0.13,1,168441,167973,468
11786241,10.5488,42.6586,429,41231,0.0677652,0.13,1,168443,168014,429
11789161,48.5098,10.1317,485,41282,0.085553,0.11,1,168501,168016,485
11792081,39.302,49.2263,463,41333,0.121111,0.13,1,168538,168075,463
11795001,9.46039,38.6453,429,41384,0.128222,0.13,1,168540,168111,429
11797921,33.0921,9.32905,466,41435,0.113644,0.03,1,168579,168113,466
11800841,41.8184,37.8658,465,41486,0.0467289,0.07,1,168623,168158,465
11803761,25.1637,40.3732,445,41537,0.0493458,0.03,1,168644,168199,445
11806681,6.63274,27.2746,423,41588,0.0498692,0.03,1,168646,168223,423
11809601,45.3265,48.6549,424,41639,0.0339738,0.05,1,168701,168277,424
11812521,36.2653,36.931,424,41690,0.0627948,0.03,1,168735,168311,424
11815441,12.0531,12.9862,423,41741,0.036559,0.03,1,168741,168318,423
11818361,19.2106,18.5972,424,41792,0.0633118,0.01,1,168762,168338,424
11821281,51.8421,51.7194,424,41843,0.100662,0.07,1,168822,168398,424
11824201,46.3684,44.7439,426,41893,0.0921325,0.07,1,168867,168441,426
11827121,10.8737,10.5488,426,41943,0.0904265,0.09,1,168869,168443,426
11830041,49.3747,48.5098,427,41993,0.0900853,0.13,1,168928,168501,427
11832961,40.2749,39.302,428,42043,0.0740171,0.13,1,168966,168538,428
11835881,9.65499,9.46039,428,42093,0.0708034,0.11,1,168968,168540,428
11838801,32.331,33.0921,427,42143,0.102161,0.03,1,169006,168579,427
11841721,38.4662,41.8184,423,42193,0.0764321,0.05,1,169046,168623,423
11844641,23.6932,25.1637,422,42243,0.103286,0.05,1,169066,168644,422
11847561,6.33865,6.63274,422,42293,0.0766573,0.03,1,169068,168646,422
11850481,46.0677,45.3265,423,42343,0.0873315,0.07,1,169124,168701,423
11853401,36.4135,36.2653,423,42393,0.0734663,0.03,1,169158,168735,423
11856321,12.8827,12.0531,424,42443,0.0866933,0.07,1,169165,168741,424
11859241,20.1765,19.2106,425,42493,0.0573387,0.11,1,169187,168762,425
11862161,51.2353,51.8421,424,42543,0.0834677,0.09,1,169246,168822,424
11865081,46.2471,46.3684,424,42593,0.104694,0.09,1,169291,168867,424
11868001,10.8494,10.8737,424,42643,0.108939,0.09,1,169293,168869,424
11870921,49.3699,49.3747,424,42692,0.157788,0.07,1,169352,168928,424
11873841,41.074,40.2749,425,42741,0.167558,0.07,1,169391,168966,425
11876761,9.81479,9.65499,425,42790,0.137512,0.11,1,169393,168968,425
11879681,32.363,32.331,425,42839,0.163502,0.07,1,169431,169006,425
11882601,38.4726,38.4662,425,42888,0.1687,0.11,1,169471,169046,425
11885521,24.4945,23.6932,426,42937,0.15374,0.07,1,169492,169066,426
11888441,6.4989,6.33865,426,42986,0.150748,0.07,1,169494,169068,426
11891361,44.4998,1.26773,480,43035,0.19815,0.09,1,169548,169068,480
11894281,36.1,45.0535,458,43084,0.17563,0.07,1,169582,169124,458
11897201,12.02,36.2107,430,43133,0.171126,0.09,1,169588,169158,430
11900121,20.004,12.8421,445,43182,0.186225,0.05,1,169610,169165,445
11903041,52.8008,20.1684,484,43231,0.173245,0.09,1,169671,169187,484
11905961,46.5602,51.2337,470,43280,0.186649,0.11,1,169716,169246,470
11908881,10.912,46.2467,427,43329,0.15733,0.11,1,169718,169291,427
11911801,50.9824,10.8493,486,43378,0.199466,0.17,1,169779,169293,486
11914721,41.3965,49.3699,466,43427,0.271893,0.17,1,169818,169352,466
11917641,9.8793,41.074,429,43476,0.286379,0.13,1,169820,169391,429
11920561,32.3759,9.81479,465,43525,0.305276,0.17,1,169858,169393,465
11923481,38.4752,32.363,467,43573,0.309055,0.17,1,169898,169431,467
11926401,25.295,38.4726,449,43621,0.309811,0.15,1,169920,169471,449
11929321,6.65901,24.4945,430,43669,0.309962,0.15,1,169922,169492,430
11932241,45.3318,6.4989,483,43717,0.325992,0.21,1,169977,169494,483
11935161,36.2664,44.4998,463,43765,0.337198,0.17,1,170011,169548,463
11938081,12.8533,36.1,436,43813,0.32344,0.17,1,170018,169582,436
11941001,20.1707,12.02,452,43861,0.376688,0.19,1,170040,169588,452
11943921,52.0341,20.004,490,43909,0.403338,0.17,1,170100,169610,490
11946841,47.2068,52.8008,475,43957,0.408667,0.19,1,170146,169671,475
11949761,11.0414,46.5602,432,44005,0.409734,0.15,1,170148,169716,432
11952681,53.4083,10.912,494,44053,0.425947,0.21,1,170212,169718,494
11955601,43.4817,50.9824,474,44101,0.429189,0.29,1,170253,169779,474
11958521,10.2963,41.3965,437,44149,0.429838,0.29,1,170255,169818,437
11961441,33.2593,9.8793,474,44197,0.461968,0.31,1,170294,169820,474
11964361,38.6519,32.3759,476,44245,0.468394,0.31,1,170334,169858,476
11967281,25.3304,38.4752,458,44293,0.469679,0.31,1,170356,169898,458
11970201,6.66607,25.295,438,44341,0.469936,0.31,1,170358,169920,438
11973121,46.1332,6.65901,492,44389,0.453987,0.33,1,170414,169922,492
11976041,36.4266,45.3318,471,44437,0.634797,0.34,1,170448,169977,471
11978961,8.88533,36.2664,439,44484,0.670959,0.32,1,170450,170011,439
11981881,8.17707,12.8533,440,44531,0.678192,0.39,1,170458,170018,440
11984801,20.0354,20.1707,441,44578,0.719638,0.41,1,170481,170040,441
11987721,52.8071,52.0341,442,44625,0.759928,0.41,2,170542,170100,442
11990641,47.3614,47.2068,442,44672,0.767986,0.41,2,170588,170146,442
11993561,11.0723,11.0414,442,44719,0.737597,0.43,1,170590,170148,442
11996481,54.2145,53.4083,443,44766,0.715519,0.43,1,170655,170212,443
11999401,43.6429,43.4817,443,44813,0.727104,0.43,1,170696,170253,443
12002321,10.3286,10.2963,443,44860,0.729421,0.47,1,170698,170255,443
12005241,34.8657,33.2593,445,44907,0.761884,0.47,2,170739,170294,445
12008161,38.9731,38.6519,445,44954,0.736377,0.47,1,170779,170334,445
12011081,25.3946,25.3304,445,45001,0.747275,0.47,1,170801,170356,445
12014001,6.67893,6.66607,445,45048,0.781455,0.45,2,170803,170358,445
12016921,45.3358,46.1332,444,45095,0.820291,0.68,2,170858,170414,444
12019841,45.0672,36.4266,455,45142,0.844058,0.68,2,170903,170448,455
12022761,10.6134,8.88533,455,45189,0.880812,0.68,2,170905,170450,455
12025681,8.52269,8.17707,455,45236,0.856162,0.73,2,170913,170458,455
12028601,20.9045,20.0354,456,45283,0.867232,0.77,2,170937,170481,456
12031521,54.5809,52.8071,458,45330,0.917446,0.77,2,171000,170542,458
12034441,47.7162,47.3614,458,45377,0.943489,0.73,2,171046,170588,458
12037361,11.1432,11.0723,458,45423,0.948698,0.71,2,171048,170590,458
12186281,26,42,482,47730,0.95,1,2,172661,172179,482
12189201,25.2,28.4,482,47774,0.87,1,2,172686,172204,482
12192121,21.04,16.08,489,47818,0.822,1,2,172706,172217,489
12195041,37.808,33.616,493,47862,0.5884,1,1,172748,172255,493
12197961,30.7616,45.1232,474,47906,0.42968,1,1,172777,172303,474
12200881,26.1523,23.4246,481,47950,0.317936,1,1,172802,172321,481
12203801,25.2305,19.8849,487,47994,0.0875872,1,1,172827,172340,487
12206721,24.2461,17.577,494,48038,0.0175174,1,1,172851,172357,494
12209641,25.6492,43.5154,470,48082,0.00350349,1,1,172877,172407,470
12212561,29.1298,27.9031,476,48126,0.000700697,1,1,172907,172431,476
12215481,49.826,29.5806,501,48170,0.00814014,1,1,172962,172461,501
12218401,29.9652,22.7161,505,48214,0.00162803,1,1,172987,172482,505
12221321,28.393,48.5432,478,48258,0.0563256,1,1,173015,172537,478
12224241,35.2786,36.9086,481,48302,0.0512651,0.87,1,173052,172571,481
12227161,25.4557,27.3817,479,48346,0.082253,0.84,1,173075,172596,479
12230081,33.8911,36.6763,476,48390,0.0404506,0.95,1,173111,172635,476
12233001,22.7782,28.1353,470,48434,0.0640901,0.85,1,173131,172661,470
12235921,19.7556,25.6271,464,48478,0.068818,0.81,1,173150,172686,464
12238841,16.7511,21.1254,460,48521,0.0537636,0.53,1,173166,172706,460
12241761,28.1502,37.8251,449,48564,0.0987527,0.39,1,173197,172748,449
12244681,20.03,30.765,438,48607,0.0917505,0.29,1,173215,172777,438
12247601,18.406,26.153,431,48650,0.0183501,0.03,1,173233,172802,431
12250521,16.4812,25.2306,422,48693,0.05967,0,1,173249,172827,422
12253441,24.0962,24.2461,424,48736,0.019934,0,1,173275,172851,424
12256361,25.6192,25.6492,424,48779,0.0039868,0,1,173301,172877,424
12259281,27.5238,29.1298,422,48822,0.00079736,0.01,1,173329,172907,422
12262201,49.5048,49.826,422,48865,0.000159472,0.01,1,173384,172962,422
12265121,29.901,9.96519,447,48908,3.18944e-05,0,1,173409,172962,447
12268041,27.5802,21.993,449,48951,0.0880064,0.07,1,173436,172987,449
12270961,35.916,26.7986,459,48994,0.0416013,0.05,1,173474,173015,459
12273881,25.5832,34.9597,445,49037,0.0323203,0.09,1,173497,173052,445
12276801,33.9166,25.3919,458,49080,0.0624641,0.03,1,173533,173075,458
12279721,22.7833,33.8784,442,49123,0.0364928,0.07,1,173553,173111,442
12282641,21.3567,22.7757,443,49166,0.0792986,0.07,1,173574,173131,443
12285561,16.2713,19.7551,439,49209,0.10386,0.05,1,173589,173150,439
12288481,28.8543,16.751,455,49252,0.108772,0.11,1,173621,173166,455
12291401,17.7709,28.1502,439,49295,0.0937544,0.09,1,173636,173197,439
12294321,19.5542,20.03,441,49338,0.122751,0,1,173656,173215,441
12297241,15.1108,18.406,437,49381,0.0965502,0.07,1,173670,173233,437
12300161,23.8222,16.4812,447,49424,0.07531,0.01,1,173696,173249,447
12303081,25.5644,24.0962,447,49467,0.023062,0,1,173722,173275,447
12306001,27.5129,25.6192,449,49510,0.0046124,0,1,173750,173301,449
12308921,49.5026,27.5238,476,49553,0.00892248,0,1,173805,173329,476
12311841,29.9005,49.5048,446,49596,0.0017845,0,1,173830,173384,446
12314761,29.9801,29.901,451,49638,0.0403569,0.11,1,173860,173409,451
12317681,35.596,27.5802,461,49680,0.0320714,0.03,1,173897,173436,461
12320601,26.3192,35.916,447,49722,0.0624143,0.03,1,173921,173474,447
12323521,34.0638,25.5832,460,49764,0.0364829,0.07,1,173957,173497,460
12326441,21.2128,33.9166,442,49806,0.0312966,0.03,1,173975,173533,442
12329361,23.4426,22.7833,446,49848,0.0142593,0.09,1,173999,173553,446
12332281,18.2885,21.3567,442,49890,0.0108519,0.11,1,174016,173574,442
12335201,28.4577,16.2713,458,49932,0.0421704,0.11,1,174047,173589,458
12338121,20.0915,28.8543,444,49974,0.0484341,0.09,1,174065,173621,444
12341041,16.8183,17.7709,445,50016,0.0496868,0.13,1,174081,173636,445
12343961,14.5637,19.5542,439,50058,0.0499374,0.09,1,174095,173656,439
12346881,22.1127,15.1108,449,50100,0.0179875,0.07,1,174119,173670,449
12349801,24.4225,23.8222,448,50142,0.0275975,0.01,1,174144,173696,448
12352721,27.2845,25.5644,450,50184,0.0295195,0,1,174172,173722,450
12355641,48.6569,27.5129,476,50226,0.0139039,0.01,1,174226,173750,476
12358561,31.3314,49.5026,448,50268,0.00278078,0,1,174253,173805,448
12361481,31.0663,29.9005,454,50310,0.0245562,0.05,1,174284,173830,454
12364401,7.81326,29.9801,426,50352,0.0289112,0.03,1,174286,173860,426
12367321,29.5627,35.596,424,50394,0.0777823,0.07,1,174321,173897,424
12370241,25.9125,26.3192,425,50436,0.135556,0.03,1,174346,173921,425
12373161,32.3825,34.0638,423,50478,0.147111,0.03,1,174380,173957,423
12376081,20.8765,21.2128,423,50520,0.165422,0.01,1,174398,173975,423
12379001,23.3753,23.4426,423,50562,0.137084,0.01,1,174422,173999,423
12381921,19.0751,18.2885,424,50604,0.131417,0.05,1,174440,174016,424
12384841,28.615,28.4577,424,50646,0.162283,0.05,1,174471,174047,424
12387761,20.123,20.0915,424,50688,0.200457,0.05,1,174489,174065,424
12390681,16.8246,16.8183,424,50730,0.208091,0.05,1,174505,174081,424
12393601,14.5649,14.5637,424,50772,0.177618,0.01,1,174519,174095,424
12396521,22.113,22.1127,424,50813,0.203524,0.03,1,174543,174119,424
12399441,23.6226,24.4225,423,50854,0.192705,0.03,1,174567,174144,423
12402361,27.1245,27.2845,423,50895,0.0945409,0.01,1,174595,174172,423
12405281,47.8249,48.6569,422,50936,0.0189082,0,1,174648,174226,422
12408201,31.965,31.3314,423,50977,0.00378164,0.03,1,174676,174253,423
12411121,31.993,31.0663,424,51018,0.0567563,0.03,1,174708,174284,424
12414041,7.9986,7.81326,424,51059,0.0673513,0.09,1,174710,174286,424
12416961,31.1997,29.5627,426,51100,0.0694703,0.15,1,174747,174321,426
12419881,27.0399,25.9125,427,51141,0.117894,0.15,1,174773,174346,427
12422801,32.608,32.3825,427,51182,0.127579,0.17,1,174807,174380,427
12425721,21.7216,20.8765,428,51223,0.129516,0.13,1,174826,174398,428
12428641,21.9443,23.3753,426,51264,0.129903,0.13,1,174848,174422,426
12431561,18.7889,19.0751,426,51305,0.129981,0.17,1,174866,174440,426
12434481,30.1578,28.615,428,51346,0.145996,0.21,1,174899,174471,428
12437401,22.0316,20.123,430,51387,0.165199,0.21,1,174919,174489,430
12440321,17.2063,16.8246,430,51428,0.16904,0.17,1,174935,174505,430
12443241,14.6413,14.5649,430,51469,0.185808,0.21,1,174949,174519,430
12446161,22.1283,22.113,430,51510,0.189162,0.19,1,174973,174543,430
12449081,21.2257,23.6226,427,51551,0.221832,0.07,1,174994,174567,427
12452001,24.2451,27.1245,424,51592,0.244366,0,1,175019,174595,424
12454921,45.649,47.8249,422,51633,0.0488733,0,1,175070,174648,422
12457841,31.5298,31.965,422,51674,0.00977466,0.07,1,175098,174676,422
12460761,32.706,31.993,423,51715,0.0259549,0.07,1,175131,174708,423
12463681,8.14119,7.9986,423,51756,0.00519099,0.07,1,175133,174710,423
12466601,32.0282,1.59972,461,51797,0.0250382,0.07,1,175171,174710,461
12469521,28.0056,29.9199,451,51838,0.0610076,0.13,1,175198,174747,451
12472441,33.6011,26.784,460,51879,0.0522015,0.13,1,175233,174773,460
12475361,22.7202,32.5568,446,51920,0.0504403,0.13,1,175253,174807,446
12478281,22.144,21.7114,449,51961,0.0660881,0.13,1,175275,174826,449
12481201,18.8288,21.9423,445,52002,0.0692176,0.13,1,175293,174848,445
12484121,30.9658,18.7885,461,52042,0.0858435,0.15,1,175327,174866,461
12487041,22.9932,30.1577,449,52082,0.0731687,0.17,1,175348,174899,449
12489961,18.1986,22.0315,446,52122,0.0706337,0.17,1,175365,174919,446
12492881,14.8397,17.2063,444,52162,0.0861267,0.19,1,175379,174935,444
12495801,22.1679,14.6413,454,52202,0.0892254,0.19,1,175403,174949,454
12498721,22.8336,22.1283,453,52242,0.0898451,0.23,1,175426,174973,453
12501641,23.7667,21.2257,456,52282,0.105969,0.25,1,175450,174994,456
12504561,37.5533,24.2451,472,52322,0.0931938,0,1,175491,175019,472
12507481,29.9107,45.649,449,52362,0.0186388,0,1,175519,175070,449
12510401,33.1821,31.5298,455,52402,0.0437278,0.03,1,175553,175098,455
12513321,8.23643,32.706,424,52442,0.0487456,0,1,175555,175131,424
12516241,32.8473,8.14119,461,52482,0.0497491,0.03,1,175594,175133,461
12519161,28.9695,32.0282,451,52522,0.0339498,0.07,1,175622,175171,451
12522081,32.9939,28.0056,458,52562,0.04679,0.05,1,175656,175198,458
12525001,23.3988,33.6011,444,52602,0.065358,0.05,1,175677,175233,444
12527921,22.2798,22.7202,446,52642,0.0690716,0.07,1,175699,175253,446
12530841,18.856,22.144,442,52682,0.0858143,0.07,1,175717,175275,442
12533761,31.7712,18.8288,459,52722,0.0731629,0.09,1,175752,175293,459
12536681,23.1542,30.9658,446,52762,0.0706326,0.07,1,175773,175327,446
12539601,18.2308,22.9932,442,52802,0.0541265,0.07,1,175790,175348,442
12542521,14.8462,18.1986,439,52842,0.0668253,0.09,1,175804,175365,439
12545441,22.9692,14.8397,450,52882,0.101365,0.09,1,175829,175379,450
12548361,22.1938,22.1679,448,52922,0.124273,0.09,1,175851,175403,448
12551281,24.4388,22.8336,450,52962,0.112855,0.11,1,175876,175426,450
12554201,33.6878,23.7667,462,53002,0.110571,0.09,1,175912,175450,462
12557121,29.1376,37.5533,449,53042,0.0221142,0,1,175940,175491,449
12560041,33.8275,29.9107,456,53082,0.0444228,0.05,1,175975,175519,456
12562961,8.3655,33.1821,424,53122,0.0488846,0.05,1,175977,175553,424
12565881,32.0731,8.23643,460,53162,0.0337769,0.05,1,176015,175555,460
12568801,29.6146,32.8473,450,53202,0.0307554,0.03,1,176044,175594,450
12571721,7.52292,28.9695,424,53242,0.0301511,0.05,1,176046,175622,424
12574641,30.3046,32.9939,426,53282,0.0620302,0.07,1,176082,175656,426
12577561,22.0609,23.3988,425,53322,0.100406,0.07,1,176102,175677,425
12580481,22.8122,22.2798,426,53361,0.0920812,0.09,1,176125,175699,426
12583401,18.9624,18.856,426,53400,0.122416,0.07,1,176143,175717,426
12586321,31.7925,31.7712,426,53439,0.144483,0.07,1,176178,175752,426
12589241,22.3585,23.1542,425,53478,0.148897,0.05,1,176198,175773,425
12592161,18.0717,18.2308,425,53517,0.133779,0.07,1,176215,175790,425
12595081,15.6143,14.8462,426,53556,0.130756,0.11,1,176230,175804,426
12598001,23.9229,22.9692,427,53595,0.146151,0.13,1,176256,175829,427
12600921,23.1846,22.1938,428,53634,0.19723,0.11,1,176279,175851,428
12603841,23.8369,24.4388,427,53673,0.239446,0.11,1,176303,175876,427
12606761,31.9674,33.6878,425,53712,0.263889,0,1,176337,175912,425
12609681,26.3935,29.1376,422,53751,0.156778,0.05,1,176362,175940,422
12612601,34.0787,33.8275,423,53790,0.103356,0.05,1,176398,175975,423
12615521,8.41574,8.3655,423,53829,0.0926711,0.03,1,176400,175977,423
12618441,32.0831,32.0731,423,53868,0.0745342,0.03,1,176438,176015,423
12621361,29.6166,29.6146,423,53907,0.0869068,0.03,1,176467,176044,423
12624281,7.52333,7.52292,423,53946,0.0893814,0.07,1,176469,176046,423
12627201,31.9047,30.3046,425,53985,0.0898763,0.11,1,176507,176082,425
12630121,22.3809,22.0609,425,54024,0.153975,0.09,1,176527,176102,425
12633041,23.6762,22.8122,426,54063,0.150795,0.13,1,176551,176125,426
12635961,19.1352,18.9624,426,54102,0.150159,0.15,1,176569,176143,426
12638881,32.627,31.7925,427,54141,0.214032,0.15,1,176605,176178,427
12641801,22.5254,22.3585,427,54180,0.226806,0.13,1,176625,176198,427
12644721,17.3051,18.0717,426,54219,0.229361,0.13,1,176641,176215,426
12647641,17.061,15.6143,428,54258,0.213872,0.15,1,176658,176230,428
12650561,25.0122,23.9229,429,54297,0.226774,0.21,1,176685,176256,429
12653481,25.0024,23.1846,431,54336,0.245355,0.25,1,176710,176279,431
12656401,25.0005,23.8369,432,54375,0.249071,0.27,1,176735,176303,432
12659321,33.0001,31.9674,433,54414,0.281814,0.13,1,176770,176337,433
12662241,21,26.3935,426,54453,0.288363,0.09,1,176788,176362,426
12665161,31.4,34.0787,424,54492,0.289673,0.09,1,176822,176398,424
12668081,7.88,8.41574,424,54531,0.289935,0.07,1,176824,176400,424
12671001,32.776,32.0831,425,54570,0.273987,0.09,1,176863,176438,425
12673921,28.9552,29.6166,424,54609,0.302797,0.09,1,176891,176467,424
12676841,7.39104,7.52333,424,54648,0.276559,0.09,1,176893,176469,424
12679761,34.2782,31.9047,427,54687,0.303312,0.09,1,176934,176507,427
12682681,23.6556,6.38093,448,54725,0.276662,0.17,1,176955,176507,448
12685601,23.9311,17.2762,452,54763,0.303332,0.15,1,176979,176527,452
12688521,19.9862,22.6552,447,54801,0.292666,0.15,1,176998,176551,447
12691441,33.5972,18.931,466,54839,0.274533,0.23,1,177035,176569,466
12694361,22.7194,32.5862,450,54877,0.270907,0.23,1,177055,176605,450
12697281,17.3439,22.5172,446,54915,0.270181,0.23,1,177071,176625,446
12700201,17.8688,17.3034,448,54953,0.302036,0.21,1,177089,176641,448
12703121,25.9738,17.0607,459,54991,0.308407,0.23,1,177117,176658,459
12706041,24.3948,25.0121,456,55029,0.309681,0.25,1,177141,176685,456
12708961,26.479,25.0024,458,55067,0.309936,0.25,1,177168,176710,458
12711881,34.8958,25.0005,470,55105,0.309987,0.29,1,177205,176735,470
12714801,21.3792,33.0001,453,55143,0.325997,0.29,1,177223,176770,453
12717721,31.4758,21,469,55181,0.345199,0.29,1,177257,176788,469
12720641,7.89517,31.4,437,55219,0.34904,0.29,1,177259,176822,437
12723561,31.979,7.88,473,55257,0.349808,0.27,1,177297,176824,473
12726481,28.7958,32.776,462,55295,0.365962,0.31,1,177325,176863,462
12729401,7.35916,28.9552,436,55333,0.369192,0.27,1,177327,176891,436
12732321,34.2718,7.39104,475,55371,0.353838,0.31,1,177368,176893,475
12735241,25.2544,34.2782,457,55409,0.334768,0.27,1,177391,176934,457
12738161,24.2509,23.6556,460,55447,0.330954,0.31,1,177415,176955,460
12741081,19.2502,23.9311,454,55485,0.362191,0.29,1,177433,176979,454
12744001,32.65,19.9862,471,55523,0.384438,0.27,1,177469,176998,471
12746921,22.53,33.5972,454,55561,0.404888,0.27,1,177489,177035,454
12749841,18.106,22.7194,451,55599,0.424978,0.27,1,177506,177055,451
12752761,18.8212,17.3439,454,55637,0.412995,0.31,1,177525,177071,454
12755681,26.1642,17.8688,464,55675,0.410599,0.31,1,177553,177089,464
12758601,24.4328,25.9738,460,55713,0.41012,0.31,1,177577,177117,460
12761521,26.4866,24.3948,463,55751,0.394024,0.31,1,177604,177141,463
12764441,34.8973,26.479,473,55789,0.406805,0.31,1,177641,177168,473
12767361,22.9795,34.8958,456,55827,0.409361,0.33,1,177661,177205,456
12770281,31.7959,21.3792,472,55865,0.409872,0.35,1,177695,177223,472
12773201,7.95918,31.4758,440,55903,0.409974,0.35,1,177697,177257,440
12776121,31.9918,7.89517,476,55941,0.409995,0.35,1,177735,177259,476
12779041,29.5984,31.979,467,55979,0.425999,0.37,1,177764,177297,467
12781961,7.51967,28.7958,441,56017,0.4292,0.37,1,177766,177325,441
12784881,33.5039,7.35916,479,56055,0.42984,0.35,1,177806,177327,479
12787801,24.3008,34.2718,460,56093,0.429968,0.33,1,177828,177368,460
12790721,24.8602,25.2544,462,56131,0.413994,0.33,1,177853,177391,462
12793641,6.57203,24.2509,440,56168,0.410799,0.37,1,177855,177415,440
12796561,15.7144,19.2502,440,56205,0.45816,0.39,1,177873,177433,440
12799481,32.7429,32.65,441,56242,0.483632,0.41,1,177910,177469,441
12802401,24.1486,22.53,443,56279,0.488726,0.43,1,177932,177489,443
12805321,18.4297,18.106,443,56316,0.505745,0.41,1,177949,177506,443
12808241,18.0859,18.8212,442,56353,0.477149,0.41,1,177967,177525,442
12811161,26.0172,26.1642,442,56390,0.50343,0.41,1,177995,177553,442
12814081,24.4034,24.4328,442,56427,0.540686,0.39,1,178019,177577,442
12817001,25.6807,26.4866,441,56464,0.548137,0.41,1,178045,177604,441
12819921,35.5361,34.8973,442,56501,0.581627,0.41,1,178083,177641,442
12822841,23.1072,22.9795,442,56538,0.572326,0.41,1,178103,177661,442
12825761,31.8214,31.7959,442,56575,0.602465,0.41,1,178137,177695,442
12828681,7.96429,7.95918,442,56612,0.640493,0.41,1,178139,177697,442
12831601,31.9929,31.9918,442,56649,0.632099,0.43,1,178177,177735,442
12834521,30.3986,29.5984,443,56686,0.66242,0.43,1,178207,177764,443
12837441,7.67971,7.51967,443,56723,0.668484,0.43,1,178209,177766,443
12840361,33.5359,33.5039,443,56760,0.653697,0.43,1,178249,177806,443
12843281,24.3072,24.3008,443,56797,0.650739,0.41,1,178271,177828,443
12846201,24.0614,24.8602,442,56834,0.650148,0.41,1,178295,177853,442
12849121,6.41229,6.57203,442,56871,0.68203,0.47,1,178297,177855,442
12852041,16.4825,15.7144,443,56908,0.672406,0.49,1,178316,177873,443
12854961,33.6965,32.7429,444,56945,0.750481,0.49,2,178354,177910,444
12857881,25.9393,24.1486,446,56982,0.766096,0.51,2,178378,177932,446
12860801,17.9879,18.4297,445,57019,0.769219,0.47,2,178394,177949,445
12863721,17.9976,18.0859,445,57056,0.753844,0.51,2,178412,177967,445
12866641,27.5995,26.0172,447,57093,0.798769,0.55,2,178442,177995,447
12869561,24.7199,24.4034,447,57130,0.839754,0.55,2,178466,178019,447
12872481,25.744,25.6807,447,57167,0.815951,0.59,2,178492,178045,447
12875401,37.9488,35.5361,450,57204,0.82719,0.57,2,178533,178083,450
12878321,23.5898,23.1072,450,57241,0.829438,0.61,2,178553,178103,450
12881241,33.518,31.8214,452,57278,0.861888,0.65,2,178589,178137,452
12884161,8.30359,7.96429,452,57315,0.868377,0.63,2,178591,178139,452
12887081,32.8607,31.9929,453,57352,0.885675,0.67,2,178630,178177,453
12890001,31.3721,30.3986,454,57389,0.905135,0.67,2,178661,178207,454
12892921,7.87443,7.67971,454,57426,0.909027,0.65,2,178663,178209,454
12895841,33.5749,33.5359,454,57463,0.877805,0.65,2,178703,178249,454
12898761,24.315,24.3072,454,57500,0.903561,0.65,2,178725,178271,454
12901681,24.063,24.0614,454,57537,0.908712,0.69,2,178749,178295,454
12904601,6.4126,6.41229,454,57574,0.909742,0.67,2,178751,178297,454
12907521,17.2825,16.4825,455,57611,0.877948,0.67,2,178771,178316,455
12910441,35.4565,3.29649,495,57647,0.88759,0.77,2,178811,178316,495
12913361,26.2913,31.0593,481,57683,0.889518,0.77,2,178835,178354,481
12916281,18.8583,25.4119,474,57719,0.889904,0.77,2,178852,178378,474
12919201,18.9717,17.8824,477,57755,0.905981,0.75,2,178871,178394,477
12922121,29.3943,17.9765,491,57791,0.877196,0.81,2,178903,178412,491
12925041,25.0789,27.5953,485,57827,0.871439,0.85,2,178927,178442,485
12927961,25.8158,24.7191,487,57863,0.886288,0.81,2,178953,178466,487
12930881,38.7632,25.7438,503,57899,0.905258,0.83,2,178995,178492,503
12933801,24.5526,37.9488,483,57935,0.893052,0.83,2,179016,178533,483
12936721,34.5105,23.5898,500,57971,0.90661,0.87,2,179053,178553,500
12939641,8.5021,33.518,466,58007,0.909322,0.87,2,179055,178589,466
12942561,33.7004,8.30359,504,58043,0.909864,0.89,2,179095,178591,504
12945481,30.7401,32.8607,495,58079,0.941973,0.91,2,179125,178630,495
12948401,7.74802,31.3721,466,58115,0.948395,0.91,2,179127,178661,466
12951321,33.5496,7.87443,504,58151,0.949679,0.87,2,179167,178663,504
13222881,92,62,523,28618,0.03,1,1,181500,180977,523
13225801,55.2,70.8,496,28692,0.014,1,1,181546,181050,496
13228721,50.24,54.96,494,28766,0.0108,1,1,181595,181101,494
13231641,46.848,45.392,497,28840,0.01016,0.66,1,181641,181144,497
13234561,42.1696,53.8784,482,28913,0.026032,0.55,1,181682,181200,482
13237481,37.2339,48.3757,471,28986,0.0292064,0.15,1,181718,181247,471
13240401,41.0468,72.0751,435,29059,0.0778413,0.05,1,181760,181325,435
13243321,23.4094,32.815,431,29132,0.0715683,0.03,1,181779,181348,431
13246241,44.6819,18.563,466,29205,0.0223136,0.05,1,181829,181363,466
13249161,82.5364,39.7126,513,29277,0.108463,0.03,1,181921,181408,513
13252081,54.9073,81.5425,469,29349,0.157693,0.01,1,181969,181500,469
13255001,48.5815,53.1085,470,29421,0.0395385,0.01,1,182016,181546,470
13257921,46.5163,49.8217,467,29493,0.0799077,0.01,1,182062,181595,467
13260841,42.9033,46.7643,463,29565,0.0719815,0.03,1,182104,181641,463
13263761,37.3807,42.1529,458,29637,0.134396,0.03,1,182140,181682,458
13266681,41.0761,37.2306,464,29708,0.146879,0.09,1,182182,181718,464
13269601,24.2152,41.0461,442,29779,0.149376,0.07,1,182202,181760,442
13272521,6.44304,23.4092,425,29850,0.117875,0.01,1,182204,181779,425
13275441,38.8886,44.6818,422,29921,0.063575,0.13,1,182251,181829,422
13278361,86.1777,82.5364,428,29992,0.164715,0.17,1,182349,181921,428
13281281,55.6355,54.9073,428,30063,0.248943,0.01,1,182397,181969,428
13284201,44.7271,48.5815,423,30133,0.233789,0.09,1,182439,182016,423
13287121,48.1454,46.5163,426,30203,0.198758,0.07,1,182488,182062,426
13290041,42.4291,42.9033,425,30273,0.271752,0.15,1,182529,182104,425
13292961,38.8858,37.3807,427,30343,0.30235,0.15,1,182567,182140,427
13295881,41.3772,41.0761,427,30413,0.34047,0.15,1,182609,182182,427
13298801,25.8754,24.2152,429,30483,0.316094,0.11,1,182631,182202,429
13301721,6.77509,6.44304,429,30552,0.311219,0.05,1,182633,182204,429
13304641,34.155,38.8886,423,30621,0.358244,0.19,1,182674,182251,423
13307561,90.031,86.1777,429,30690,0.431649,0.27,1,182778,182349,429
13310481,59.6062,55.6355,433,30759,0.57433,0.23,1,182830,182397,433
13313401,45.5212,44.7271,433,30828,0.650866,0.19,1,182872,182439,433
13316321,46.7043,48.1454,431,30897,0.666173,0.29,1,182919,182488,431
13319241,44.5409,42.4291,434,30965,0.685235,0.31,1,182963,182529,434
13322161,41.7082,38.8858,437,31033,0.809047,0.35,2,183004,182567,437
13325081,41.9416,41.3772,437,31101,0.857809,0.31,2,183046,182609,437
13328001,25.9883,25.8754,437,31169,0.899562,0.31,2,183068,182631,437
13330921,6.79767,6.77509,437,31237,0.907912,0.37,2,183070,182633,437
13333841,34.9595,34.155,438,31305,0.893583,0.37,2,183112,182674,438
13433121,26,16,482,33525,0.35,1,1,184723,184241,482
13436041,33.2,26.4,488,33588,0.126,1,1,184758,184270,488
13438961,51.44,57.28,479,33651,0.0812,1,1,184814,184335,479
13441881,49.488,38.656,494,33714,0.01624,1,1,184863,184369,494
13444801,37.0976,54.1312,470,33777,0.075248,1,1,184897,184427,470
13447721,44.2195,37.2262,483,33840,0.0550496,1,1,184943,184460,483
13450641,37.6439,29.8452,491,33902,0.0350099,1,1,184979,184488,491
13453561,27.5288,26.7691,490,33964,0.031002,1,1,185004,184514,490
13456481,27.9058,29.3538,488,34026,0.0142004,0.87,1,185032,184544,488
13459401,61.5812,84.2708,460,34088,0.0108401,0.47,1,185102,184642,460
13462321,45.1162,60.8542,446,34150,0.058168,0.35,1,185143,184697,446
13465241,19.4232,32.9708,433,34212,0.0516336,0.35,1,185156,184723,433
13468161,27.0846,6.59417,462,34274,0.0103267,0.07,1,185185,184723,462
13471081,45.4169,29.3188,477,34336,0.0100653,0.07,1,185235,184758,477
13474001,49.8834,50.6638,472,34398,0.570013,0,1,185286,184814,472
13476921,35.5767,49.3328,455,34459,0.586003,0.09,1,185318,184863,455
13479841,43.9153,37.0666,467,34520,0.509201,0.05,1,185364,184897,467
13482761,37.5831,44.2133,457,34581,0.41384,0.03,1,185400,184943,457
13485681,27.5166,37.6427,446,34642,0.346768,0.03,1,185425,184979,446
13488601,28.7033,27.5285,450,34703,0.237354,0.01,1,185454,185004,450
13491521,60.9407,27.9057,491,34764,0.199471,0.01,1,185523,185032,491
13494441,45.7881,61.5811,463,34825,0.0798941,0.07,1,185565,185102,463
13497361,18.7576,45.1162,434,34886,0.0559788,0.05,1,185577,185143,434
13500281,28.5515,19.4232,452,34947,0.0351958,0,1,185608,185156,452
13503201,44.9103,27.0846,472,35007,0.00703915,0.01,1,185657,185185,472
13506121,75.3821,45.4169,505,35067,0.0254078,0.71,1,185740,185235,505
13509041,34.2764,49.8834,478,35127,0.0450816,0.59,1,185764,185286,478
13511961,39.6553,35.5767,487,35187,0.0490163,0.49,1,185805,185318,487
13514881,34.3311,43.9153,474,35247,0.0978033,0.39,1,185838,185364,474
13517801,21.2662,37.5831,456,35307,0.107561,0.33,1,185856,185400,456
13520721,28.2532,27.5166,461,35367,0.0935121,0.21,1,185886,185425,461
13523641,54.4506,28.7033,493,35427,0.170702,0.19,1,185947,185454,493
13526561,43.6901,60.9407,465,35487,0.17014,0.05,1,185988,185523,465
13529481,18.338,45.7881,435,35547,0.170028,0.05,1,186000,185565,435
13532401,28.4676,18.7576,454,35606,0.0900056,0.03,1,186031,185577,454
13535321,44.0935,28.5515,471,35665,0.0180011,0,1,186079,185608,471
13538241,10.4187,44.9103,424,35724,0.0276002,0.03,1,186081,185657,424
13541161,68.4837,75.3821,424,35783,0.02952,0.05,1,186164,185740,424
13544081,33.6967,34.2764,425,35842,0.061904,0.05,1,186189,185764,425
13547001,39.5393,39.6553,425,35901,0.0523808,0.11,1,186230,185805,425
13549921,35.9079,34.3311,427,35960,0.0824762,0.11,1,186265,185838,427
13552841,21.5816,21.2662,427,36019,0.0884952,0.09,1,186283,185856,427
13555761,29.1163,28.2532,428,36078,0.0896991,0.19,1,186314,185886,428
13558681,57.0233,54.4506,431,36137,0.0739398,0.17,1,186378,185947,431
13561601,43.4047,43.6901,430,36195,0.102788,0.17,1,186418,185988,430
13564521,18.2809,18.338,430,36253,0.140558,0.07,1,186430,186000,430
13567441,24.4562,28.4676,425,36311,0.164112,0,1,186456,186031,425
13570361,41.6912,44.0935,423,36369,0.136822,0.03,1,186502,186079,423
13573281,9.93825,10.4187,423,36427,0.0993645,0.03,1,186504,186081,423
13576201,68.3877,68.4837,423,36485,0.0598729,0.07,1,186587,186164,423
13579121,33.6775,33.6967,423,36543,0.0519746,0.05,1,186612,186189,423
13582041,40.3355,39.5393,424,36601,0.0663949,0.09,1,186654,186230,424
13584961,37.6671,35.9079,426,36659,0.101279,0.09,1,186691,186265,426
13587881,22.7334,21.5816,427,36717,0.108256,0.09,1,186710,186283,427
13590801,28.5467,29.1163,426,36775,0.0776512,0.07,1,186740,186314,426
13593721,56.9093,57.0233,426,36832,0.10353,0.11,1,186804,186378,426
13596641,44.1819,43.4047,427,36889,0.140706,0.15,1,186845,186418,427
13599561,19.2364,18.2809,428,36946,0.132141,0.17,1,186858,186430,428
13602481,24.6473,24.4562,428,37003,0.194428,0.13,1,186884,186456,428
13605401,38.5295,41.6912,424,37060,0.190886,0.09,1,186926,186502,424
13608321,9.30589,9.93825,424,37117,0.222177,0.05,1,186928,186504,424
13611241,66.6612,68.3877,422,37174,0.164435,0.05,1,187009,186587,422
13614161,34.9322,13.6775,449,37231,0.136887,0.05,1,187036,186587,449
13617081,40.5864,22.7355,466,37288,0.131377,0.07,1,187078,186612,466
13620001,37.7173,38.1471,461,37345,0.114275,0.11,1,187115,186654,461
13622921,22.7435,37.2294,443,37402,0.110855,0.11,1,187134,186691,443
13625841,28.5487,22.6459,454,37458,0.110171,0.07,1,187164,186710,454
13628761,56.9097,28.5292,488,37514,0.110034,0.11,1,187228,186740,488
13631681,45.7819,56.9058,467,37570,0.142007,0.15,1,187271,186804,467
13634601,21.1564,44.1812,441,37626,0.148401,0.13,1,187286,186845,441
13637521,25.8313,19.2362,455,37682,0.19768,0.21,1,187313,186858,455
13640441,39.5663,24.6472,472,37738,0.239536,0.19,1,187356,186884,472
13643361,9.51325,38.5295,432,37794,0.247907,0.23,1,187358,186926,432
13646281,65.1027,9.30589,509,37850,0.265581,0.15,1,187437,186928,509
13649201,33.8205,66.6612,454,37906,0.269116,0.13,1,187463,187009,454
13652121,40.3641,34.9322,469,37962,0.317823,0.13,1,187505,187036,469
13655041,36.8728,40.5864,463,38018,0.327565,0.11,1,187541,187078,463
13657961,22.5746,37.7173,445,38074,0.345513,0.11,1,187560,187115,445
13660881,28.5149,22.7435,456,38129,0.349103,0.11,1,187590,187134,456
13663801,56.903,28.5487,490,38184,0.397821,0.11,1,187654,187164,490
13666721,48.1806,56.9097,472,38239,0.375564,0.15,1,187700,187228,472
13669641,22.4361,45.7819,445,38294,0.419113,0.15,1,187716,187271,445
13672561,26.8872,21.1564,458,38349,0.443823,0.21,1,187744,187286,458
13675481,41.3774,25.8313,476,38404,0.464765,0.25,1,187789,187313,476
13678401,9.87549,39.5663,435,38459,0.468953,0.25,1,187791,187356,435
13681321,65.9751,9.51325,513,38514,0.485791,0.27,1,187871,187358,513
13684241,33.995,65.1027,460,38569,0.489158,0.27,1,187897,187437,460
13687161,8.399,33.8205,436,38624,0.489832,0.33,1,187899,187463,436
13690081,36.8798,40.3641,438,38679,0.521966,0.33,1,187943,187505,438
13693001,36.176,36.8728,438,38734,0.496393,0.35,1,187979,187541,438
13695921,23.2352,22.5746,439,38789,0.491279,0.35,1,187999,187560,439
13698841,29.447,28.5149,440,38843,0.522256,0.41,1,188030,187590,440
13701761,58.6894,56.903,442,38897,0.576451,0.37,1,188096,187654,442
13704681,48.5379,48.1806,442,38951,0.60329,0.43,1,188142,187700,442
13707601,23.3076,22.4361,443,39005,0.624658,0.45,1,188159,187716,443
13710521,27.8615,26.8872,444,39059,0.628932,0.47,1,188188,187744,444
13713441,42.3723,41.3774,445,39113,0.581786,0.47,1,188234,187789,445
13716361,10.0745,9.87549,445,39167,0.604357,0.49,1,188236,187791,445
13719281,66.8149,65.9751,446,39221,0.592871,0.49,1,188317,187871,446
13722201,34.163,33.995,446,39275,0.558574,0.49,1,188343,187897,446
13725121,8.4326,8.399,446,39329,0.551715,0.53,1,188345,187899,446
13728041,36.8865,36.8798,446,39383,0.550343,0.49,1,188389,187943,446
13730961,36.1773,36.176,446,39437,0.630069,0.49,1,188425,187979,446
13733881,23.2355,23.2352,446,39491,0.630014,0.53,1,188445,187999,446
13736801,31.0471,29.447,448,39544,0.614003,0.59,1,188478,188030,448
13739721,61.4094,58.6894,451,39597,0.642801,0.61,1,188547,188096,451
13742641,49.8819,48.5379,452,39650,0.63256,0.63,1,188594,188142,452
13745561,22.7764,23.3076,451,39703,0.662512,0.63,1,188610,188159,451
13748481,28.5553,27.8615,452,39756,0.668502,0.57,1,188640,188188,452
13751401,40.9111,42.3723,450,39809,0.6537,0.61,1,188684,188234,450
13754321,9.78221,10.0745,450,39862,0.69874,0.59,1,188686,188236,450
13757241,65.9564,66.8149,449,39915,0.739748,0.55,1,188766,188317,449
13760161,33.9913,34.163,449,39968,0.76395,0.55,2,188792,188343,449
13763081,8.39826,8.4326,449,40021,0.76879,0.55,2,188794,188345,449
13766001,37.6797,36.8865,450,40074,0.801758,0.55,2,188839,188389,450
13768921,37.9359,7.3773,488,40127,0.808352,0.65,2,188877,188389,488
13771841,23.5872,30.2755,472,40180,0.80967,0.63,2,188897,188425,472
13774761,30.3174,22.0551,484,40233,0.809934,0.61,2,188929,188445,484
13777681,62.8635,30.811,522,40285,0.777987,0.65,2,189000,188478,522
13780601,49.3727,61.3622,499,40337,0.771597,0.63,2,189046,188547,499
13783521,22.6745,49.8724,468,40389,0.77032,0.67,2,189062,188594,468
13786441,28.5349,22.7745,482,40441,0.770064,0.67,2,189092,188610,482
13789361,43.307,28.5549,499,40493,0.834013,0.65,2,189139,188640,499
13792281,10.2614,40.911,457,40545,0.846803,0.71,2,189141,188684,457
13795201,68.4523,9.7822,538,40597,0.881361,0.75,2,189224,188686,538
13798121,36.0905,65.9564,486,40649,0.888272,0.77,2,189252,188766,486
13801041,8.81809,33.9913,462,40701,0.889654,0.77,2,189254,188792,462
13803961,36.9636,8.39826,504,40753,0.889931,0.81,2,189298,188794,504
13806881,39.3927,37.6797,499,40805,0.905986,0.81,2,189338,188839,499
13809801,23.8785,37.9359,481,40857,0.925197,0.81,2,189358,188877,481
13993761,25,57,492,43992,0.69,1,1,191531,191039,492
13996681,58.6,31.4,534,44040,0.626,1,1,191598,191064,534
13999601,32.52,52.68,502,44088,0.4372,1,1,191624,191122,502
14002521,43.304,42.536,508,44136,0.15944,1,1,191670,191162,508
14005441,35.0608,31.7072,512,44184,0.039888,0.98,1,191703,191191,512
14008361,29.4122,29.5414,511,44232,0.0479776,1,1,191731,191220,511
14011281,26.6824,23.5083,515,44280,0.0495955,1,1,191757,191242,515
14014201,28.5365,34.3017,507,44328,0.0339191,1,1,191786,191279,507
14017121,28.1073,28.4603,508,44376,0.0307838,1,1,191814,191306,508
14020041,29.6215,28.0921,510,44424,0.0621568,1,1,191844,191334,510
14022961,13.9243,33.6184,485,44471,0.0124314,0.92,1,191854,191369,485
14025881,19.5849,29.1237,478,44518,0.0904863,0.95,1,191875,191397,478
14028801,21.517,29.8247,470,44565,0.106097,0.82,1,191897,191427,470
14031721,27.5034,31.5649,467,44612,0.0612195,0.73,1,191926,191459,467
14034641,38.3007,43.913,461,44659,0.0682439,0.69,1,191967,191506,461
14037561,25.2601,28.7826,458,44706,0.133649,0.61,1,191989,191531,458
14040481,48.252,59.3565,445,44753,0.19473,0.39,1,192043,191598,445
14043401,23.2504,32.6713,436,44800,0.158946,0.09,1,192060,191624,436
14046321,32.6501,43.3343,425,44847,0.119789,0.01,1,192095,191670,425
14049241,31.33,35.0669,423,44894,0.0319578,0.05,1,192126,191703,423
14052161,31.866,29.4134,427,44941,0.00639157,0.05,1,192158,191731,427
14055081,24.7732,26.6827,424,44988,0.0412783,0.03,1,192181,191757,424
14058001,27.3546,28.5365,423,45035,0.0162557,0.03,1,192209,191786,423
14060921,30.2709,28.1073,426,45082,0.0272511,0.07,1,192240,191814,426
14063841,26.8542,29.6215,422,45129,0.0294502,0,1,192266,191844,422
14066761,14.9708,13.9243,424,45176,0.01389,0.11,1,192278,191854,424
14069681,20.5942,19.5849,425,45223,0.026778,0.11,1,192300,191875,425
14072601,22.5188,21.517,426,45270,0.0453556,0.05,1,192323,191897,426
14075521,28.5038,27.5034,427,45317,0.0970711,0.07,1,192353,191926,427
14078441,36.9008,38.3007,425,45364,0.171414,0.15,1,192392,191967,425
14081361,26.5802,25.2601,427,45410,0.250283,0.21,1,192416,191989,427
14084281,50.916,48.252,430,45456,0.378057,0.15,1,192473,192043,430
14087201,22.9832,23.2504,429,45502,0.403611,0.11,1,192489,192060,429
14090121,30.9966,32.6501,427,45548,0.392722,0.01,1,192522,192095,427
14093041,27.7993,31.33,423,45594,0.374544,0,1,192549,192126,423
14095961,31.9599,31.866,424,45640,0.322909,0.05,1,192582,192158,424
14098881,23.192,24.7732,422,45686,0.328582,0.01,1,192603,192181,422
14101801,27.0384,27.3546,422,45732,0.313716,0.03,1,192631,192209,422
14104721,31.0077,30.2709,423,45778,0.230743,0.03,1,192663,192240,423
14107641,26.2015,26.8542,422,45824,0.214149,0.01,1,192688,192266,422
14110561,14.8403,14.9708,422,45870,0.13083,0.03,1,192700,192278,422
14113481,21.3681,20.5942,423,45916,0.130166,0.03,1,192723,192300,423
14116401,21.8736,4.11883,445,45962,0.146033,0.05,1,192745,192300,445
14119321,32.3747,19.2238,457,46008,0.245207,0.11,1,192780,192323,457
14122241,39.2749,27.8448,468,46054,0.425041,0.19,1,192821,192353,468
14125161,29.455,36.769,456,46100,0.477008,0.27,1,192848,192392,456
14128081,57.091,26.5538,496,46146,0.631402,0.41,1,192912,192416,496
14131001,24.2182,50.9108,455,46192,0.66228,0.41,1,192928,192473,455
14133921,30.4436,22.9822,471,46238,0.668456,0.39,1,192960,192489,471
14136841,26.8887,30.9964,464,46284,0.669691,0.37,1,192986,192522,464
14139761,31.7777,27.7993,470,46330,0.701938,0.31,1,193019,192549,470
14142681,21.5555,31.9599,456,46376,0.772388,0.33,2,193038,192582,456
14145601,22.7111,23.192,458,46421,0.802478,0.31,2,193061,192603,458
14148521,30.1422,27.0384,462,46466,0.824496,0.21,2,193093,192631,462
14151441,22.8284,31.0077,451,46511,0.844899,0.21,2,193114,192663,451
14154361,14.1657,26.2015,438,46556,0.88098,0.11,2,193126,192688,438
14157281,22.0331,14.8403,450,46601,0.904196,0.13,2,193150,192700,450
14160201,24.4066,21.3681,452,46646,0.924839,0.15,2,193175,192723,452
14279921,38,27,493,48467,0.73,1,1,194485,193992,493
14282841,32.4,27.8,496,48510,0.698,1,1,194516,194020,496
14285761,22.48,21.56,496,48553,0.6436,1,1,194536,194040,496
14288681,23.696,25.112,494,48596,0.64872,1,1,194560,194066,494
14291601,29.5392,28.2224,496,48639,0.585744,1,1,194591,194095,496
14294521,25.9078,25.6445,496,48682,0.557149,1,1,194616,194120,496
14297441,25.1816,23.5289,498,48725,0.53543,1,1,194641,194143,498
14300361,13.0363,23.1058,485,48768,0.483086,1,1,194651,194166,485
14303281,13.0073,16.6212,483,48811,0.440617,1,1,194664,194181,483
14306201,28.2015,28.9242,483,48854,0.352123,1,1,194696,194213,483
14309121,24.8403,5.78485,507,48897,0.206425,1,1,194720,194213,507
14312041,64.9681,33.157,542,48940,0.0652849,0.88,1,194795,194253,542
14314961,34.5936,62.6314,499,48983,0.037057,0.86,1,194822,194323,499
14317881,21.3187,35.7263,488,49026,0.0154114,0.99,1,194840,194352,488
14320801,21.8637,22.3453,491,49069,0.0270823,0.91,1,194862,194371,491
14323721,39.5727,24.4691,510,49112,0.629416,0.8,1,194906,194396,510
14326641,36.7146,45.6938,495,49155,0.741883,0.73,1,194942,194447,495
14329561,29.7429,39.5388,485,49198,0.764377,0.69,2,194970,194485,485
14332481,17.9486,32.7078,469,49241,0.720875,0.63,1,194985,194516,469
14335401,21.9897,22.5416,472,49284,0.728175,0.65,1,195008,194536,472
14338321,32.3979,23.7083,483,49327,0.745635,0.57,1,195043,194560,483
14341241,24.0796,29.5417,474,49370,0.813127,0.55,2,195065,194591,474
14344161,20.8159,25.9083,469,49413,0.794625,0.53,2,195085,194616,469
14347081,10.5632,25.1817,452,49456,0.822925,0.47,2,195093,194641,452
14350001,11.7126,13.0363,454,49499,0.796585,0.43,2,195105,194651,454
14352921,19.9425,13.0073,463,49542,0.839317,0.33,2,195127,194664,463
14355841,23.9885,28.2015,456,49585,0.735863,0.17,1,195152,194696,456
14358761,56.7977,24.8403,497,49627,0.587173,0.03,1,195217,194720,497
14361681,32.1595,64.9681,448,49669,0.557435,0.03,1,195243,194795,448
14364601,21.6319,34.5936,440,49711,0.583487,0.01,1,195262,194822,440
14367521,22.7264,21.3187,445,49753,0.540697,0.03,1,195285,194840,445
14370441,68.5453,21.8637,503,49795,0.532139,0.78,1,195365,194862,503
14373361,42.5091,39.5727,495,49837,0.530428,0.77,1,195401,194906,495
14376281,29.3018,36.7146,485,49879,0.530086,0.77,1,195427,194942,485
14379201,18.6604,29.7429,473,49921,0.530017,0.71,1,195443,194970,473
14382121,21.3321,17.9486,480,49963,0.530003,0.73,1,195465,194985,480
14385041,34.6664,21.9897,495,50005,0.562001,0.75,1,195503,195008,495
14387961,24.5333,32.3979,482,50047,0.5844,0.83,1,195525,195043,482
14390881,20.9067,24.0796,480,50089,0.58888,0.79,1,195545,195065,480
14393801,10.5813,20.8159,468,50131,0.589776,0.83,1,195553,195085,468
14396721,14.1163,10.5632,475,50173,0.573955,0.79,1,195568,195093,475
14399641,17.2233,11.7126,481,50215,0.570791,0.85,1,195586,195105,481
14402561,21.0447,19.9425,481,50257,0.570158,0.71,1,195608,195127,481
14405481,49.8089,23.9885,513,50299,0.538032,0.55,1,195665,195152,513
14408401,11.5618,56.7977,450,50341,0.531606,0.55,1,195667,195217,450
14411321,23.1124,32.1595,450,50383,0.546321,0.59,1,195693,195243,450
14414241,19.0225,21.6319,449,50425,0.549264,0.53,1,195711,195262,449
14417161,21.4045,22.7264,448,50467,0.517853,0.53,1,195733,195285,448
14420081,68.2809,68.5453,448,50509,0.543571,0.53,1,195813,195365,448
14423001,42.4562,42.5091,448,50551,0.548714,0.53,1,195849,195401,448
14425921,29.2912,29.3018,448,50593,0.549743,0.53,1,195875,195427,448
14428841,18.6582,18.6604,448,50635,0.549949,0.53,1,195891,195443,448
14431761,21.3316,21.3321,448,50677,0.54999,0.57,1,195913,195465,448
14434681,37.0663,34.6664,451,50719,0.581998,0.59,1,195954,195503,451
14437601,25.0133,24.5333,451,50761,0.5724,0.59,1,195976,195525,451
14440521,21.0027,20.9067,451,50802,0.60248,0.59,1,195996,195545,451
14443441,10.6005,10.5813,451,50843,0.576496,0.57,1,196004,195553,451
14446361,13.3201,14.1163,450,50884,0.603299,0.57,1,196018,195568,450
14449281,17.064,17.2233,450,50925,0.60866,0.57,1,196036,195586,450
14452201,21.8128,21.0447,451,50966,0.593732,0.53,1,196059,195608,451
14455121,47.5626,49.8089,448,51007,0.622746,0.53,1,196113,195665,448
14458041,11.1125,11.5618,448,51048,0.628549,0.55,1,196115,195667,448
14460961,22.2225,23.1124,447,51089,0.61371,0.55,1,196140,195693,447
14463881,18.8445,19.0225,447,51130,0.626742,0.51,1,196158,195711,447
14466801,21.3689,21.4045,447,51171,0.661348,0.55,1,196180,195733,447
14469721,68.2738,68.2809,447,51212,0.70027,0.55,1,196260,195813,447
14472641,42.4548,42.4562,447,51253,0.724054,0.55,1,196296,195849,447
14475561,30.891,29.2912,449,51294,0.760811,0.55,2,196324,195875,449
14478481,18.9782,18.6582,449,51335,0.768162,0.55,2,196340,195891,449
14481401,21.3956,21.3316,449,51376,0.769632,0.59,2,196362,195913,449
14484321,37.0791,37.0663,449,51417,0.753926,0.57,2,196403,195954,449
14487241,25.8158,25.0133,450,51458,0.782785,0.61,2,196426,195976,450
14490161,21.1632,21.0027,450,51499,0.804557,0.57,2,196446,195996,450
14493081,10.6326,10.6005,450,51540,0.808911,0.61,2,196454,196004,450
14496001,13.3265,13.3201,450,51581,0.809782,0.61,2,196468,196018,450
14498921,17.0653,17.064,450,51622,0.809956,0.59,2,196486,196036,450
14501841,21.0131,21.8128,449,51663,0.825991,0.63,2,196508,196059,449
14504761,49.0026,47.5626,451,51704,0.861198,0.63,2,196564,196113,451
14507681,11.4005,11.1125,451,51745,0.86824,0.61,2,196566,196115,451
14510601,22.2801,22.2225,451,51786,0.869648,0.61,2,196591,196140,451
14513521,19.656,4.4445,470,51827,0.88593,0.63,2,196610,196140,470
14516441,21.5312,15.2889,474,51868,0.905186,0.67,2,196632,196158,474
14519361,69.9062,20.6578,534,51909,0.909037,0.71,2,196714,196180,534
14522281,43.5812,68.1316,491,51950,0.925807,0.73,2,196751,196260,491
14790921,30,32,510,55550,0.83,1,2,199235,198725,510
14793841,26,27.2,509,55588,0.798,1,2,199260,198751,509
14796761,27.6,23.04,515,55626,0.7436,1,1,199288,198773,515
14799681,25.52,29.408,509,55664,0.68472,1,1,199313,198804,509
14802601,26.704,29.0816,507,55702,0.688944,1,1,199340,198833,507
14805521,26.1408,26.6163,507,55740,0.625789,1,1,199366,198859,507
14808441,26.8282,23.7233,511,55778,0.597158,1,1,199393,198882,511
14811361,23.7656,17.5447,518,55816,0.543432,1,1,199416,198898,518
14814281,15.1531,19.5089,511,55854,0.500686,1,1,199429,198918,511
14817201,23.0306,23.1018,512,55892,0.460137,1,1,199454,198942,512
14820121,26.2061,27.0204,511,55930,0.452027,1,1,199481,198970,511
14823041,22.8412,23.8041,510,55968,0.450406,1,1,199503,198993,510
14825961,15.7682,26.3608,497,56006,0.450081,1,1,199517,199020,497
14828881,20.7536,18.8722,502,56044,0.418016,0.94,1,199539,199037,502
14831801,28.1507,23.7744,507,56082,0.411603,0.96,1,199569,199062,507
14834721,40.0301,30.3549,518,56120,0.378321,1,1,199612,199094,518
14837641,30.406,44.471,498,56157,0.355664,0.77,1,199640,199142,498
14840561,7.68121,32.8942,470,56194,0.351133,0.85,1,199642,199172,470
14843481,24.7362,32.9788,466,56231,0.318227,0.83,1,199671,199205,466
14846401,28.1472,30.5958,465,56268,0.295645,0.79,1,199700,199235,465
14849321,22.4295,26.1192,461,56305,0.339129,0.73,1,199721,199260,461
14852241,23.6859,27.6238,457,56342,0.283826,0.67,1,199745,199288,457
14855161,25.5372,25.5248,458,56379,0.256765,0.69,1,199771,199313,458
14858081,21.9074,26.705,452,56416,0.267353,0.61,1,199792,199340,452
14861001,23.5815,26.141,450,56453,0.221471,0.59,1,199816,199366,450
14863921,24.7163,26.8282,448,56490,0.228294,0.53,1,199841,199393,448
14866841,21.7433,23.7656,446,56527,0.261659,0.49,1,199862,199416,446
14869761,14.7487,15.1531,446,56564,0.268332,0.45,1,199875,199429,446
14872681,19.7497,23.0306,442,56601,0.237666,0.45,1,199896,199454,442
14875601,25.5499,26.2061,442,56638,0.247533,0.45,1,199923,199481,442
14878521,22.71,22.8412,442,56675,0.281507,0.45,1,199945,199503,442
14881441,15.742,15.7682,442,56712,0.224301,0.41,1,199959,199517,442
14884361,20.7484,20.7536,442,56749,0.24486,0.41,1,199981,199539,442
14887281,28.1497,28.1507,442,56786,0.224972,0.37,1,200011,199569,442
14890201,39.2299,40.0301,441,56823,0.212994,0.35,1,200053,199612,441
14893121,27.846,30.406,438,56860,0.242599,0.35,1,200078,199640,438
14896041,7.1692,7.68121,438,56897,0.24852,0.31,1,200080,199642,438
14898961,23.8338,24.7362,437,56934,0.233704,0.29,1,200108,199671,437
14901881,28.7668,28.1472,438,56971,0.278741,0.35,1,200138,199700,438
14904801,21.7534,22.4295,437,57008,0.287748,0.27,1,200158,199721,437
14907721,21.1507,23.6859,434,57045,0.30555,0.25,1,200179,199745,434
14910641,25.0301,25.5372,434,57082,0.32511,0.27,1,200205,199771,434
14913561,21.006,21.9074,433,57119,0.313022,0.21,1,200225,199792,433
14916481,22.6012,23.5815,432,57156,0.326604,0.23,1,200248,199816,432
14919401,24.5202,24.7163,432,57193,0.345321,0.27,1,200273,199841,432
14922321,21.704,21.7433,432,57230,0.333064,0.27,1,200294,199862,432
14925241,14.7408,14.7487,432,57267,0.314613,0.23,1,200307,199875,432
14928161,19.7482,19.7497,432,57304,0.326923,0.25,1,200328,199896,432
14931081,26.3496,25.5499,433,57341,0.329385,0.29,1,200356,199923,433
14934001,22.0699,22.71,432,57378,0.409877,0.21,1,200377,199945,432
14936921,15.614,15.742,432,57415,0.441975,0.25,1,200391,199959,432
14939841,20.7228,20.7484,432,57452,0.432395,0.22,1,200413,199981,432
14942761,28.1446,28.1497,432,57489,0.598479,0.21,1,200443,200011,432
14945681,40.0289,39.2299,433,57526,0.607696,0.25,1,200486,200053,433
14948601,27.2058,27.846,432,57563,0.641539,0.25,1,200510,200078,432
14951521,7.04116,7.1692,432,57600,0.648308,0.23,1,200512,200080,432
14954441,23.0082,23.8338,431,57637,0.681662,0.23,1,200539,200108,431
14957361,31.8016,4.76677,465,57673,0.656332,0.29,1,200573,200108,465
14960281,20.7603,24.9534,453,57709,0.683266,0.29,1,200591,200138,453
14963201,22.5521,20.9907,456,57745,0.720653,0.31,1,200614,200158,456
14966121,23.7104,20.9981,459,57781,0.728131,0.33,1,200638,200179,459
14969041,23.1421,24.9996,456,57817,0.745626,0.31,1,200661,200205,456
14971961,22.2284,20.9999,458,57853,0.749125,0.33,1,200683,200225,458
14974881,25.2457,22.6,461,57889,0.749825,0.35,1,200709,200248,461
14977801,21.0491,24.52,456,57925,0.749965,0.33,1,200729,200273,456
14980721,15.4098,21.704,449,57961,0.749993,0.31,1,200743,200294,449
14983641,19.082,14.7408,456,57997,0.765999,0.33,2,200763,200307,456
14986561,27.8164,19.7482,465,58033,0.8012,0.33,2,200793,200328,465
14989481,24.7633,26.3496,461,58069,0.84024,0.43,2,200817,200356,461
14992401,15.3527,22.0699,453,58105,0.832048,0.45,2,200830,200377,453
14995321,21.4705,15.614,462,58141,0.84641,0.43,2,200853,200391,462
14998241,36.2941,20.7228,480,58177,0.913282,0.64,2,200893,200413,480
15001161,42.4588,28.1446,494,58213,0.926656,0.61,2,200937,200443,494
15185121,34,20,514,60446,0.95,1,2,202513,201999,514
15226001,504,562,461,27740,0.01,0.05,1,203080,202619,461
15268341,263.2,302,427,27740,0.002,0.07,1,203283,202856,427
15271261,110.24,86.8,466,28544,0.0404,0.03,1,203355,202889,466
15274181,65.248,72.56,451,28618,0.09608,0.05,1,203409,202958,451
15277101,57.0496,70.512,436,28692,0.027216,0.01,1,203464,203028,436
15280021,18.6099,25.3024,431,28766,0.0054432,0.03,1,203473,203042,431
15282941,27.722,24.2605,437,28840,0.0250886,0.03,1,203503,203066,437
15285861,56.7444,56.8521,436,28913,0.0770177,0.07,1,203567,203131,436
15288781,48.9489,31.3704,458,28986,0.103404,0.07,1,203614,203156,458
15291701,36.1898,48.6741,438,29059,0.0766807,0.09,1,203647,203209,438
15294621,18.438,25.7348,432,29132,0.103336,0,1,203661,203229,432
15297541,98.0876,48.347,496,29205,0.0286672,0.05,1,203779,203283,496
15300461,61.2175,67.2694,476,29277,0.0457334,0.11,1,203831,203355,476
15303381,56.2435,56.6539,477,29349,0.0331467,0.01,1,203886,203409,477
15306301,19.2487,55.3308,432,29421,0.0306293,0,1,203896,203464,432
15309221,28.6497,18.2662,454,29493,0.0301259,0.03,1,203927,203473,454
15312141,56.1299,27.6532,487,29565,0.0940252,0.09,1,203990,203503,487
15315061,49.626,56.7306,471,29637,0.122805,0.11,1,204038,203567,471
15317981,37.9252,48.9461,459,29708,0.112561,0.07,1,204073,203614,459
15320901,18.785,36.1892,440,29779,0.110512,0.11,1,204087,203647,440
15323821,5.35701,18.4378,428,29850,0.110102,0.01,1,204089,203661,428
15326741,90.6714,98.0876,422,29921,0.0940205,0.05,1,204201,203779,422
15329661,62.1343,61.2175,425,29992,0.122804,0.03,1,204256,203831,425
15332581,54.8269,56.2435,423,30063,0.128561,0.03,1,204309,203886,423
15335501,18.9654,19.2487,423,30133,0.0977122,0.03,1,204319,203896,423
15338421,30.1931,28.6497,425,30203,0.0755424,0.11,1,204352,203927,425
15341341,58.0386,56.1299,427,30273,0.0871085,0.13,1,204417,203990,427
15344261,50.8077,49.626,428,30343,0.121422,0.11,1,204466,204038,428
15347181,37.3615,37.9252,427,30413,0.160284,0.11,1,204500,204073,427
15350101,18.6723,18.785,427,30483,0.184057,0.11,1,204514,204087,427
15353021,5.33446,5.35701,427,30552,0.188811,0.09,1,204516,204089,427
15355941,89.8669,90.6714,426,30621,0.189762,0.13,1,204627,204201,426
15358861,64.3734,62.1343,429,30690,0.253952,0.13,1,204685,204256,429
15361781,52.8747,54.8269,426,30759,0.31479,0.09,1,204735,204309,426
15364701,18.5749,18.9654,426,30828,0.326958,0.07,1,204745,204319,426
15367621,27.715,30.1931,423,30897,0.345392,0.09,1,204775,204352,423
15370541,60.743,58.0386,427,30965,0.397078,0.13,1,204844,204417,427
15373461,52.1486,50.8077,428,31033,0.407416,0.17,1,204894,204466,428
15376381,38.4297,37.3615,429,31101,0.489483,0.19,1,204929,204500,429
15379301,18.8859,18.6723,429,31169,0.473897,0.19,1,204943,204514,429
15382221,5.37719,5.33446,429,31237,0.502779,0.19,1,204945,204516,429
15385141,92.2754,89.8669,432,31305,0.524556,0.19,1,205059,204627,432
15388061,66.4551,17.9734,492,31373,0.496911,0.27,1,205119,204627,492
15390981,55.691,49.9947,487,31440,0.491382,0.33,1,205172,204685,487
15393901,19.1382,49.9989,447,31507,0.490276,0.33,1,205182,204735,447
15396821,28.6276,17.9998,468,31574,0.522055,0.35,1,205213,204745,468
15399741,63.3255,27.6,510,31641,0.496411,0.41,1,205285,204775,510
15402661,53.4651,60.72,492,31708,0.507282,0.41,1,205336,204844,492
15405581,40.293,52.144,479,31775,0.525456,0.51,1,205373,204894,479
15408501,19.2586,38.4288,458,31842,0.529091,0.47,1,205387,204929,458
15411421,5.45172,18.8858,446,31908,0.529818,0.51,1,205389,204943,446
15414341,93.0903,5.37715,559,31974,0.529964,0.53,1,205504,204945,559
15417261,66.6181,92.2754,505,32040,0.561993,0.49,1,205564,205059,505
15420181,55.7236,66.4551,498,32106,0.568399,0.49,1,205617,205119,498
15423101,19.1447,55.691,455,32172,0.56968,0.49,1,205627,205172,455
15426021,30.2289,19.1382,478,32238,0.585936,0.53,1,205660,205182,478
15428941,62.0458,28.6276,517,32304,0.621187,0.49,1,205730,205213,517
15431861,54.0092,63.3255,497,32369,0.612237,0.51,1,205782,205285,497
15434781,41.2018,53.4651,484,32434,0.658448,0.53,1,205820,205336,484
15437701,19.4404,40.293,461,32499,0.66769,0.53,1,205834,205373,461
15440621,5.48807,19.2586,449,32564,0.669538,0.53,1,205836,205387,449
15443541,93.0976,5.45172,562,32629,0.717908,0.53,1,205951,205389,562
15446461,68.2195,93.0903,509,32694,0.743582,0.57,1,206013,205504,509
15449381,56.0439,66.6181,502,32759,0.732716,0.57,1,206066,205564,502
15452301,12.8088,55.7236,451,32824,0.730543,0.57,1,206068,205617,451
15455221,10.5618,19.1447,451,32888,0.730109,0.59,1,206078,205627,451
15458141,29.3124,30.2289,452,32952,0.778022,0.63,2,206112,205660,452
15461061,62.6625,62.0458,453,33016,0.787604,0.61,2,206183,205730,453
15463981,53.3325,54.0092,452,33080,0.805521,0.67,2,206234,205782,452
15466901,43.4665,41.2018,455,33144,0.825104,0.67,2,206275,205820,455
15469821,19.8933,19.4404,455,33208,0.829021,0.67,2,206289,205834,455
15472741,5.57866,5.48807,455,33272,0.829804,0.73,2,206291,205836,455
15475661,95.5157,93.0976,458,33336,0.861961,0.75,2,206409,205951,458
15478581,69.5031,68.2195,459,33399,0.916392,0.73,2,206472,206013,459
15481501,55.5006,56.0439,458,33462,0.911278,0.73,2,206524,206066,458
15484421,12.7001,12.8088,458,33525,0.910256,0.73,2,206526,206068,458
15487341,11.34,10.5618,459,33588,0.942051,0.79,2,206537,206078,459
15624581,26,19,503,36427,0.79,1,2,208531,208028,503
15627501,31.6,34.2,498,36485,0.742,1,1,208564,208066,498
15630421,35.92,45.24,487,36543,0.6524,1,1,208601,208114,487
15633341,50.384,57.048,481,36601,0.49048,1,1,208655,208174,481
15636261,37.2768,37.0096,483,36659,0.458096,1,1,208689,208206,483
15639181,42.6554,29.0019,500,36717,0.339619,1,1,208733,208233,500
15642101,59.7311,71.4004,482,36775,0.347924,1,1,208797,208315,482
15645021,39.1462,43.0801,480,36832,0.301585,1,1,208831,208351,480
15647941,57.4292,63.816,473,36889,0.340317,1,1,208893,208420,473
15650861,34.6858,37.5632,471,36946,0.364063,0.94,1,208922,208451,471
15653781,20.5372,29.1126,461,37003,0.336813,0.83,1,208939,208478,461
15656701,26.5074,27.4225,462,37060,0.315363,0.79,1,208967,208505,462
15659621,22.9015,26.2845,458,37117,0.311073,0.73,1,208989,208531,458
15662541,27.7803,31.6569,454,37174,0.294215,0.73,1,209018,208564,454
15665461,32.7561,6.33138,488,37231,0.322843,0.63,1,209052,208564,488
15668381,41.7512,30.8663,495,37288,0.296569,0.45,1,209096,208601,495
15671301,37.1502,49.3733,477,37345,0.307314,0.45,1,209132,208655,477
15674221,40.23,37.0747,484,37402,0.261463,0.31,1,209173,208689,484
15677141,58.446,42.6149,503,37458,0.300293,0.35,1,209236,208733,503
15680061,36.4892,59.723,470,37514,0.324059,0.29,1,209267,208797,470
15682981,56.8978,39.1446,498,37570,0.328812,0.35,1,209329,208831,498
15685901,34.5796,57.4289,465,37626,0.345762,0.37,1,209358,208893,465
15688821,19.7159,34.6858,452,37682,0.349152,0.33,1,209374,208922,452
15691741,25.5432,20.5372,462,37738,0.33383,0.31,1,209401,208939,462
15694661,24.3086,26.5074,458,37794,0.346766,0.31,1,209425,208967,458
15697581,25.6617,22.9015,462,37850,0.349353,0.29,1,209451,208989,462
15700501,33.9323,27.7803,469,37906,0.365871,0.33,1,209487,209018,469
15703421,40.3865,32.7561,477,37962,0.385174,0.29,1,209529,209052,477
15706341,39.2773,41.7512,472,38018,0.373035,0.31,1,209568,209096,472
15709261,39.8555,37.1502,476,38074,0.402607,0.25,1,209608,209132,476
15712181,57.5711,40.23,497,38129,0.456521,0.31,1,209670,209173,497
15715101,40.3142,58.446,470,38184,0.499304,0.33,1,209706,209236,470
15718021,56.0628,36.4892,499,38239,0.507861,0.33,1,209766,209267,499
15720941,35.2126,56.8978,467,38294,0.525572,0.35,1,209796,209329,467
15723861,19.8425,34.5796,454,38349,0.545114,0.35,1,209812,209358,454
15726781,24.7685,19.7159,464,38404,0.565023,0.33,1,209838,209374,464
15729701,24.9537,25.5432,462,38459,0.601005,0.35,1,209863,209401,462
15732621,25.7907,24.3086,464,38514,0.624201,0.35,1,209889,209425,464
15735541,34.7581,25.6617,475,38569,0.61284,0.37,1,209926,209451,475
15738461,8.55163,33.9323,441,38624,0.610568,0.39,1,209928,209487,441
15741381,35.3103,40.3865,441,38679,0.642114,0.37,1,209970,209529,441
15744301,38.2621,39.2773,441,38734,0.632423,0.41,1,210009,209568,441
15747221,40.4524,39.8555,442,38789,0.630485,0.47,1,210050,209608,442
15750141,60.0905,57.5711,445,38843,0.646097,0.51,1,210115,209670,445
15753061,42.4181,40.3142,447,38897,0.649219,0.51,1,210153,209706,447
15755981,56.4836,56.0628,447,38951,0.681844,0.53,1,210213,209766,447
15758901,36.0967,35.2126,448,39005,0.704369,0.55,1,210244,209796,448
15761821,21.6193,19.8425,450,39059,0.708874,0.57,1,210262,209812,450
15764741,25.9239,24.7685,451,39113,0.693775,0.61,1,210289,209838,451
15767661,26.7848,24.9537,453,39167,0.706755,0.63,1,210316,209863,453
15770581,26.157,25.7907,453,39221,0.757351,0.61,2,210342,209889,453
15773501,34.0314,34.7581,452,39275,0.73547,0.61,1,210378,209926,452
15776421,8.40628,8.55163,452,39329,0.731094,0.65,1,210380,209928,452
15779341,35.2813,35.3103,452,39383,0.746219,0.63,1,210422,209970,452
15931181,33,27,504,42079,0.75,1,2,212313,211809,504
15934101,34.6,27,512,42129,0.67,1,1,212348,211836,512
15937021,34.12,31.8,513,42179,0.51,1,1,212382,211869,513
15939941,30.024,33.56,508,42229,0.382,1,1,212411,211903,508
15942861,33.2048,24.312,520,42279,0.2604,1,1,212445,211925,520
15945781,34.641,57.6624,489,42329,0.15608,1,1,212480,211991,489
15948701,53.3282,45.9325,504,42379,0.039216,1,1,212538,212034,504
15951621,39.4656,61.1865,475,42429,0.0318432,1,1,212574,212099,475
15954541,43.0931,38.6373,486,42479,0.0143686,0.87,1,212618,212132,486
15957461,25.4186,28.5275,481,42529,0.00287373,1,1,212639,212158,481
15960381,38.6837,36.9055,484,42579,0.000574746,1,1,212681,212197,484
15963301,27.7367,32.9811,477,42629,0.072115,0.87,1,212706,212229,477
15966221,23.1473,30.5962,469,42679,0.054423,0.84,1,212728,212259,469
15969141,17.4295,22.9192,464,42728,0.0668846,0.75,1,212744,212280,464
15972061,25.0859,30.9838,458,42777,0.0533769,0.65,1,212771,212313,458
15974981,26.6172,34.1968,450,42826,0.0346754,0.47,1,212798,212348,450
15977901,26.9234,34.0394,443,42875,0.0789351,0.35,1,212825,212382,443
15980821,25.3847,30.0079,439,42924,0.055787,0.23,1,212850,212411,439
15983741,27.4769,33.2016,433,42973,0.0511574,0.13,1,212878,212445,433
15986661,27.8954,34.6403,426,43022,0.0982315,0.13,1,212906,212480,426
15989581,48.7791,6.92806,480,43071,0.0596463,0.01,1,212960,212480,480
15992501,40.9558,47.7856,461,43120,0.0199293,0.03,1,212999,212538,461
15995421,40.1912,38.3571,465,43169,0.0119859,0.01,1,213039,212574,465
15998341,25.6382,42.8714,443,43218,0.0263972,0,1,213061,212618,443
16001261,38.7276,25.3743,464,43267,0.0292794,0,1,213103,212639,464
16004181,28.5455,38.6749,448,43316,0.0138559,0.09,1,213129,212681,448
16007101,23.3091,27.735,445,43365,0.0267712,0.05,1,213151,212706,445
16010021,16.6618,23.147,438,43414,0.0453542,0.07,1,213166,212728,438
16012941,25.7324,17.4294,450,43463,0.0330708,0.05,1,213194,212744,450
16015861,26.7465,25.0859,450,43512,0.0146142,0.03,1,213221,212771,450
16018781,27.7493,26.6172,451,43560,0.0909228,0.09,1,213249,212798,451
16021701,23.9499,26.9234,447,43608,0.0581846,0.05,1,213272,212825,447
16024621,26.39,25.3847,449,43656,0.0836369,0.05,1,213299,212850,449
16027541,30.078,27.4769,452,43704,0.0567274,0.11,1,213330,212878,452
16030461,46.8156,27.8954,475,43752,0.0353455,0.05,1,213381,212906,475
16033381,42.1631,48.7791,462,43800,0.0310691,0.01,1,213422,212960,462
16036301,38.8326,40.9558,461,43848,0.0302138,0.01,1,213460,212999,461
16039221,26.1665,40.1912,444,43896,0.0300428,0.03,1,213483,213039,444
16042141,38.8333,25.6382,464,43944,0.0300086,0.03,1,213525,213061,464
16045061,29.3667,38.7276,449,43992,0.0300017,0.01,1,213552,213103,449
16047981,22.6733,28.5455,444,44040,0.0460003,0.03,1,213573,213129,444
16050901,18.9347,23.3091,440,44088,0.0492001,0.05,1,213591,213151,440
16053821,23.7869,16.6618,450,44136,0.03384,0.03,1,213616,213166,450
16056741,27.9574,25.7324,451,44184,0.014768,0.01,1,213645,213194,451
16059661,27.9915,26.7465,452,44232,0.0429536,0.11,1,213673,213221,452
16062581,22.3983,27.7493,445,44280,0.112591,0.05,1,213694,213249,445
16065501,29.2797,23.9499,453,44328,0.142518,0.09,1,213725,213272,453
16068421,29.8559,26.39,456,44376,0.196504,0.05,1,213755,213299,456
16071341,44.3712,30.078,473,44424,0.239301,0.03,1,213803,213330,473
16074261,10.4742,46.8156,424,44471,0.24786,0.03,1,213805,213381,424
16077181,34.8948,42.1631,424,44518,0.137572,0.03,1,213846,213422,424
16080101,35.779,38.8326,422,44565,0.115514,0.03,1,213882,213460,422
16083021,26.3558,26.1665,423,44612,0.0471029,0.03,1,213906,213483,423
16085941,38.0712,38.8333,422,44659,0.0334206,0.03,1,213947,213525,422
16088861,30.8142,29.3667,424,44706,0.0466841,0.05,1,213976,213552,424
16091781,22.9628,22.6733,424,44753,0.0333368,0.05,1,213997,213573,424
16094701,18.9926,18.9347,424,44800,0.0306674,0.03,1,214015,213591,424
16097621,22.9985,23.7869,423,44847,0.0781335,0.01,1,214039,213616,423
16100541,27.7997,27.9574,423,44894,0.0396267,0.05,1,214068,213645,423
16103461,30.3599,27.9915,426,44941,0.0639253,0.13,1,214099,213673,426
16106381,24.472,22.3983,428,44988,0.0687851,0.15,1,214122,213694,428
16109301,32.8944,29.2797,432,45035,0.069757,0.21,1,214157,213725,432
16112221,31.3789,29.8559,433,45082,0.0859514,0.25,1,214188,213755,433
16115141,45.4758,44.3712,434,45129,0.12119,0.25,1,214237,213803,434
16118061,10.6952,10.4742,434,45176,0.0962381,0.11,1,214239,213805,434
16120981,27.739,34.8948,425,45223,0.107248,0.11,1,214271,213846,425
16123901,34.3478,35.779,425,45270,0.12545,0.03,1,214307,213882,425
16126821,24.4696,26.3558,423,45317,0.17709,0.03,1,214329,213906,423
16129741,36.8939,38.0712,422,45364,0.155418,0.05,1,214369,213947,422
16132661,30.5788,30.8142,422,45410,0.103084,0.03,1,214398,213976,422
16135581,23.7158,22.9628,423,45456,0.108617,0.03,1,214420,213997,423
16138501,19.1432,18.9926,423,45502,0.109723,0.09,1,214438,214015,423
16141421,23.8286,22.9985,424,45548,0.0939447,0.03,1,214463,214039,424
16144341,27.1657,27.7997,423,45594,0.138789,0.07,1,214491,214068,423
16147261,29.4331,30.3599,422,45640,0.131758,0.07,1,214521,214099,422
16150181,25.8866,24.472,424,45686,0.114352,0.07,1,214546,214122,424
16153101,33.9773,32.8944,425,45732,0.0948703,0.09,1,214582,214157,425
16156021,30.7955,31.3789,424,45778,0.154974,0.13,1,214612,214188,424
16158941,46.9591,45.4758,426,45824,0.134995,0.09,1,214663,214237,426
16161861,10.9918,10.6952,426,45870,0.098999,0.11,1,214665,214239,426
16164781,28.5984,27.739,427,45916,0.0757998,0.11,1,214698,214271,427
16167701,34.5197,5.54781,463,45962,0.10316,0.13,1,214734,214271,463
16170621,25.3039,29.9096,450,46008,0.092632,0.19,1,214757,214307,450
16173541,35.4608,23.5819,466,46054,0.0905264,0.15,1,214795,214329,466
16176461,30.2922,36.7164,455,46100,0.106105,0.09,1,214824,214369,455
16179381,23.6584,30.5433,448,46146,0.109221,0.11,1,214846,214398,448
16182301,19.1317,23.7087,444,46192,0.109844,0.11,1,214864,214420,444
16185221,23.0263,19.1417,450,46238,0.109969,0.09,1,214888,214438,450
16188141,27.8053,23.8283,454,46284,0.109994,0.15,1,214917,214463,454
16191061,28.7611,27.1657,455,46330,0.0939988,0.13,1,214946,214491,455
16193981,25.7522,29.4331,450,46376,0.0907997,0.11,1,214971,214521,450
16196901,34.7504,25.8866,462,46421,0.10616,0.09,1,215008,214546,462
16199821,32.5501,33.9773,458,46466,0.173232,0.17,1,215040,214582,458
16202741,44.91,30.7955,476,46511,0.170646,0.13,1,215088,214612,476
16205661,10.582,46.9591,427,46556,0.170129,0.09,1,215090,214663,427
16208581,27.7164,10.9918,457,46601,0.202026,0.07,1,215122,214665,457
16211501,35.9433,28.5984,462,46646,0.256405,0.11,1,215160,214698,462
16214421,24.7887,34.5197,448,46691,0.267281,0.09,1,215182,214734,448
16217341,35.3577,25.3039,463,46736,0.285456,0.09,1,215220,214757,463
16220261,31.0715,35.4608,455,46781,0.321091,0.11,1,215250,214795,455
16223181,23.8143,30.2922,448,46826,0.328218,0.11,1,215272,214824,448
16226101,19.1629,23.6584,444,46871,0.345644,0.11,1,215290,214846,444
16229021,23.8326,19.1317,451,46916,0.365129,0.11,1,215315,214864,451
16231941,27.1665,23.0263,455,46961,0.369026,0.11,1,215343,214888,455
16234861,27.8333,27.8053,454,47006,0.369805,0.09,1,215371,214917,454
16237781,27.1667,28.7611,452,47051,0.369961,0.09,1,215398,214946,452
16240701,34.2333,25.7522,463,47096,0.385992,0.11,1,215434,214971,463
16243621,34.8467,34.7504,461,47141,0.421198,0.19,1,215469,215008,461
16246541,45.3693,32.5501,477,47186,0.47624,0.17,1,215517,215040,477
16249461,10.6739,44.91,431,47231,0.487248,0.17,1,215519,215088,431
16252381,29.3348,10.582,463,47276,0.53745,0.21,1,215553,215090,463
16255301,38.667,27.7164,472,47321,0.59549,0.27,1,215594,215122,472
16258221,25.3334,35.9433,456,47366,0.623098,0.27,1,215616,215160,456
16261141,6.66668,24.7887,436,47411,0.62862,0.29,1,215618,215182,436
16264061,32.5333,35.3577,437,47455,0.645724,0.33,1,215657,215220,437
16266981,31.3067,31.0715,438,47499,0.665145,0.33,1,215688,215250,438
16269901,24.6613,23.8143,439,47543,0.685029,0.35,1,215711,215272,439
16272821,19.3323,19.1629,439,47587,0.657006,0.37,1,215729,215290,439
16275741,24.6665,23.8326,440,47631,0.651401,0.37,1,215755,215315,440
16278661,27.3333,27.1665,440,47675,0.65028,0.37,1,215783,215343,440
16281581,27.8667,27.8333,440,47719,0.650056,0.37,1,215811,215371,440
16284501,27.1733,27.1667,440,47763,0.714011,0.39,1,215838,215398,440
16287421,35.0347,34.2333,441,47807,0.710802,0.43,1,215875,215434,441
16290341,38.2069,34.8467,445,47851,0.71016,0.49,1,215914,215469,445
16293261,47.6414,45.3693,447,47895,0.774032,0.49,2,215964,215517,447
16296181,11.1283,10.6739,447,47939,0.786806,0.55,2,215966,215519,447
16299101,31.8257,29.3348,450,47983,0.773361,0.61,2,216003,215553,450
16302021,40.7651,38.667,452,48027,0.754672,0.63,2,216046,215594,452
16304941,26.553,25.3334,453,48071,0.782934,0.63,2,216069,215616,453
16307861,6.9106,6.66668,453,48115,0.788587,0.65,2,216071,215618,453
16310781,33.3821,32.5333,454,48159,0.789717,0.67,2,216111,215657,454
16313701,32.2764,31.3067,455,48203,0.837943,0.69,2,216143,215688,455
16316621,24.0553,24.6613,454,48247,0.831589,0.65,2,216165,215711,454
16319541,19.2111,19.3323,454,48291,0.830318,0.65,2,216183,215729,454
16322461,24.6422,24.6665,454,48335,0.846064,0.65,2,216209,215755,454
16325381,27.3284,27.3333,454,48379,0.897213,0.65,2,216237,215783,454
16328301,27.8657,27.8667,454,48423,0.907443,0.73,2,216265,215811,454
16331221,28.7731,27.1733,456,48467,0.893489,0.71,2,216294,215838,456
16334141,34.5546,35.0347,455,48510,0.874698,0.71,2,216330,215875,455
16337061,40.5109,38.2069,458,48553,0.870939,0.79,2,216372,215914,458
16339981,48.9022,47.6414,459,48596,0.870188,0.79,2,216423,215964,459
16342901,11.3804,11.1283,459,48639,0.838038,0.77,2,216425,215966,459
16345821,32.6761,31.8257,460,48682,0.863607,0.75,2,216463,216003,460
16348741,40.9352,40.7651,460,48725,0.884722,0.79,2,216506,216046,460
16351661,26.587,26.553,460,48768,0.888944,0.79,2,216529,216069,460
16354581,6.91741,6.9106,460,48811,0.889789,0.79,2,216531,216071,460
16357501,34.1835,33.3821,461,48854,0.873958,0.79,2,216572,216111,461
16360421,32.4367,6.67642,493,48897,0.870792,0.85,2,216604,216111,493
16363341,24.8873,26.9353,484,48940,0.870158,0.83,2,216627,216143,484
16366261,20.1775,22.9871,481,48983,0.854032,0.83,2,216646,216165,481
16369181,24.8355,18.9974,489,49026,0.850806,0.85,2,216672,216183,489
16372101,28.1671,24.5995,492,49069,0.866161,0.91,2,216701,216209,492
16375021,28.0334,27.3199,492,49112,0.869232,0.91,2,216729,216237,492
16377941,28.0067,27.864,492,49155,0.885846,0.89,2,216757,216265,492
16380861,35.2013,28.7728,500,49198,0.873169,0.87,2,216794,216294,500
16383781,39.0403,34.5546,504,49241,0.870634,0.87,2,216834,216330,504
16386701,49.4081,40.5109,514,49284,0.902127,0.87,2,216886,216372,514
16389621,11.4816,48.9022,465,49327,0.908425,0.83,2,216888,216423,465
16392541,33.4963,11.3804,502,49370,0.893685,0.87,2,216927,216425,502
16395461,41.0993,32.6761,507,49413,0.938737,0.89,2,216970,216463,507
16577961,67,87,494,24266,0.03,0.57,1,218834,218340,494
16580881,43,71.8,463,24353,0.046,0.25,1,218871,218408,463
16583801,62.2,63.16,469,24440,0.0972,0.11,1,218938,218469,469
16586721,53.24,69.432,449,24527,0.09144,0.11,1,218989,218540,449
16589641,53.848,41.8864,468,24613,0.090288,0.09,1,219043,218575,468
16592561,25.9696,49.1773,436,24699,0.106058,0.11,1,219062,218626,436
16595481,18.7939,26.6355,432,24785,0.125212,0.03,1,219079,218647,432
16598401,91.7588,101.327,422,24871,0.0970423,0.03,1,219189,218767,422
16601321,72.7518,73.8654,423,24956,0.0914085,0.05,1,219257,218834,423
16604241,44.9504,44.3731,424,25041,0.106282,0.11,1,219295,218871,424
16607161,64.1901,62.4746,426,25126,0.189256,0.09,1,219364,218938,426
16610081,55.238,53.2949,428,25210,0.173851,0.09,1,219417,218989,428
16613001,52.6476,53.859,426,25294,0.20277,0.11,1,219469,219043,426
16615921,26.5295,25.9718,427,25378,0.208554,0.13,1,219489,219062,427
16618841,16.5059,18.7944,424,25461,0.241711,0.13,1,219503,219079,424
16621761,90.5012,3.75887,533,25544,0.296342,0.09,1,219612,219079,533
16624681,71.7002,88.7518,490,25627,0.291268,0.09,1,219679,219189,490
16627601,47.94,72.1504,464,25710,0.258254,0.11,1,219721,219257,464
16630521,67.188,44.8301,498,25792,0.299651,0.21,1,219793,219295,498
16633441,56.6376,64.166,483,25874,0.30793,0.17,1,219847,219364,483
16636361,53.7275,55.2332,483,25956,0.341586,0.21,1,219900,219417,483
16639281,26.7455,52.6466,451,26038,0.380317,0.21,1,219920,219469,451
16642201,17.3491,26.5293,446,26119,0.372063,0.25,1,219935,219489,446
16645121,93.8698,16.5059,545,26200,0.434413,0.31,1,220048,219503,545
16648041,69.974,90.5012,500,26281,0.462883,0.29,1,220112,219612,500
16650961,48.3948,71.7002,476,26362,0.516577,0.25,1,220155,219679,476
16653881,68.879,47.94,508,26442,0.479315,0.31,1,220229,219721,508
16656801,56.9758,67.188,490,26522,0.503863,0.31,1,220283,219793,490
16659721,56.1952,56.6376,492,26602,0.572773,0.35,1,220339,219847,492
16662641,28.039,53.7275,460,26682,0.570555,0.39,1,220360,219900,460
16665561,16.8078,26.7455,454,26761,0.570111,0.37,1,220374,219920,454
16668481,96.9616,17.3491,556,26840,0.730022,0.45,1,220491,219935,556
16671401,20.9923,93.8698,445,26919,0.762004,0.47,2,220493,220048,445
16674321,55.3985,69.974,445,26998,0.768401,0.53,2,220557,220112,445
16677241,46.2797,48.3948,446,27076,0.76968,0.47,2,220601,220155,446
16680161,67.6559,68.879,445,27154,0.817936,0.51,2,220674,220229,445
16683081,58.3312,56.9758,447,27232,0.843587,0.59,2,220730,220283,447
16686001,58.0662,56.1952,449,27310,0.848717,0.57,2,220788,220339,449
16688921,29.2132,28.039,450,27388,0.865743,0.57,2,220810,220360,450
16691841,17.8426,16.8078,451,27465,0.853149,0.77,2,220825,220374,451
16791121,73,78,489,29974,0.89,1,2,222637,222148,489
16794041,44.2,39.6,496,30045,0.938,1,2,222674,222178,496
16796961,44.84,43.92,496,30115,0.8356,1,2,222719,222223,496
16799881,31.368,36.784,489,30185,0.84712,0.98,2,222747,222258,489
16802801,100.674,102.557,488,30255,0.849424,1,2,222865,222377,488
16805721,47.3347,49.3114,486,30325,0.753885,1,2,222899,222413,486
16808641,30.2669,33.8623,482,30395,0.750777,0.92,2,222925,222443,482
16811561,38.0534,47.5725,471,30465,0.798155,0.95,2,222965,222494,471
16814481,35.6107,38.3145,470,30534,0.791631,0.87,2,223000,222530,470
16817401,31.9221,34.8629,467,30603,0.758326,0.89,2,223031,222564,467
16820321,63.9844,65.3726,466,30672,0.751665,0.95,2,223103,222637,466
16823241,42.3969,42.6745,466,30741,0.718333,0.81,1,223140,222674,466
16826161,45.2794,44.5349,467,30810,0.743667,0.85,1,223186,222719,467
16829081,29.0559,31.307,464,30879,0.764733,0.85,2,223211,222747,464
16832001,100.211,100.661,464,30948,0.832947,0.73,2,223329,222865,464
16834921,47.2422,47.3323,464,31016,0.894589,0.75,2,223363,222899,464
16837841,29.4484,30.2665,463,31084,0.890918,0.81,2,223388,222925,463
16840761,34.6897,38.0533,459,31152,0.890184,0.79,2,223424,222965,459
16843681,34.9379,35.6107,459,31220,0.922037,0.75,2,223459,223000,459
16858281,28,46,484,31557,0.91,0.77,2,223670,223186,484
16995521,35,36,509,34566,0.85,1,2,225807,225298,509
16998441,47,36,523,34627,0.626,1,1,225857,225334,523
17001361,34.2,36,518,34688,0.5012,1,1,225888,225370,518
17004281,38.04,27.2,532,34749,0.33224,1,1,225927,225395,532
17007201,55.608,59.04,525,34810,0.106448,1,1,225987,225462,525
17010121,37.5216,47.808,513,34871,0.0772896,1,1,226020,225507,513
17013041,34.7043,30.3616,521,34932,0.0554579,1,1,226054,225533,521
17015961,30.9409,32.4723,518,34993,0.0590916,1,1,226084,225566,518
17018881,69.3882,30.4945,567,35053,0.0358183,1,1,226163,225596,567
17021801,48.2776,79.6989,518,35113,0.0151637,0.82,1,226206,225688,518
17024721,36.0555,55.9398,501,35173,0.0110327,0.9,1,226239,225738,501
17027641,26.4111,38.388,491,35233,0.0102065,0.85,1,226263,225772,491
17030561,39.6822,35.6776,499,35293,0.0580413,0.57,1,226306,225807,499
17033481,28.7364,47.1355,475,35353,0.0836083,0.47,1,226332,225857,475
17036401,29.7473,34.2271,474,35413,0.136722,0.29,1,226362,225888,474
17039321,42.7495,38.0454,481,35473,0.147344,0.05,1,226408,225927,481
17042241,34.9499,55.6091,454,35533,0.0374689,0.07,1,226441,225987,454
17045161,34.99,37.5218,456,35592,0.0314938,0.05,1,226476,226020,456
17048081,30.198,34.7044,451,35651,0.0142988,0.06,1,226505,226054,451
17051001,7.6396,30.9409,423,35710,0.0268598,0.03,1,226507,226084,423
17053921,66.3279,69.3882,425,35769,0.045372,0.01,1,226588,226163,425
17056841,46.0656,48.2776,423,35828,0.0170744,0.01,1,226629,226206,423
17059761,34.8131,36.0555,422,35887,0.0274149,0.01,1,226661,226239,422
17062681,27.7626,26.4111,424,35946,0.029483,0.07,1,226687,226263,424
17065601,41.5525,39.6822,426,36005,0.0778966,0.09,1,226732,226306,426
17068521,31.5105,28.7364,429,36064,0.0875793,0.15,1,226761,226332,429
17071441,29.5021,29.7473,428,36123,0.0895159,0.15,1,226790,226362,428
17074361,40.3004,42.7495,425,36182,0.121903,0.01,1,226833,226408,425
17077281,32.0601,34.9499,422,36240,0.112381,0.03,1,226863,226441,422
17080201,34.412,34.99,422,36298,0.0304761,0.01,1,226898,226476,422
17083121,30.8824,30.198,423,36356,0.0300952,0.03,1,226928,226505,423
17086041,7.77648,7.6396,423,36414,0.00601904,0.05,1,226930,226507,423
17088961,67.9553,66.3279,425,36472,0.0252038,0.01,1,227013,226588,425
17091881,44.7911,46.0656,423,36530,0.0930408,0.03,1,227052,226629,423
17094801,34.5582,34.8131,423,36588,0.106608,0.03,1,227084,226661,423
17097721,27.7116,27.7626,423,36646,0.109322,0.09,1,227110,226687,423
17100641,42.3423,41.5525,424,36704,0.141864,0.09,1,227156,226732,424
17103561,33.2685,31.5105,426,36762,0.164373,0.09,1,227187,226761,426
17106481,29.8537,29.5021,426,36819,0.216875,0.13,1,227216,226790,426
17109401,42.7707,40.3004,429,36876,0.227375,0.11,1,227262,226833,429
17112321,33.3541,32.0601,430,36933,0.245475,0.01,1,227293,226863,430
17115241,28.2708,34.412,422,36990,0.201095,0.03,1,227320,226898,422
17118161,29.6542,30.8824,422,37047,0.064219,0,1,227350,226928,422
17121081,7.53083,7.77648,422,37104,0.0368438,0.03,1,227352,226930,422
17124001,69.5062,67.9553,424,37161,0.0313688,0.03,1,227437,227013,424
17126921,45.1012,13.5911,463,37218,0.0302738,0.11,1,227476,227013,463
17129841,34.6202,33.9182,456,37275,0.0300547,0.11,1,227508,227052,456
17132761,27.7241,32.3836,450,37332,0.0300109,0.11,1,227534,227084,450
17135681,43.9448,27.2767,472,37389,0.0300022,0.15,1,227582,227110,472
17138601,35.989,42.2553,460,37446,0.0140004,0.17,1,227616,227156,460
17141521,31.9978,33.2511,460,37502,0.0268001,0.23,1,227647,227187,460
17144441,43.9996,29.8502,478,37558,0.07736,0.23,1,227694,227216,478
17147361,32.7999,42.77,462,37614,0.087472,0.25,1,227724,227262,462
17150281,24.16,33.354,453,37670,0.0894944,0.19,1,227746,227293,453
17153201,24.832,28.2708,451,37726,0.137899,0.03,1,227771,227320,451
17156121,6.5664,29.6542,423,37782,0.14758,0.03,1,227773,227350,423
17159041,70.1133,7.53083,507,37838,0.149516,0.03,1,227859,227352,507
17161961,45.2227,69.5062,461,37894,0.101903,0.03,1,227898,227437,461
17164881,34.6445,45.1012,454,37950,0.0923806,0.03,1,227930,227476,454
17167801,27.7289,34.6202,448,38006,0.122476,0.03,1,227956,227508,448
17170721,43.9458,27.7241,470,38062,0.112495,0.03,1,228004,227534,470
17173641,35.9892,43.9448,456,38118,0.126499,0.01,1,228038,227582,456
17176561,33.5978,35.989,455,38173,0.1293,0.03,1,228071,227616,455
17179481,45.1196,31.9978,472,38228,0.16186,0.09,1,228119,227647,472
17182401,33.0239,43.9996,455,38283,0.168372,0.09,1,228149,227694,455
17185321,25.0048,32.7999,448,38338,0.185674,0.09,1,228172,227724,448
17188241,25.801,24.16,452,38393,0.125135,0.15,1,228198,227746,452
17191161,6.76019,24.832,429,38448,0.145027,0.15,1,228200,227771,429
17194081,69.352,6.5664,512,38503,0.165005,0.15,1,228285,227773,512
17197001,44.2704,70.1133,464,38558,0.169001,0.09,1,228323,227859,464
17199921,35.2541,45.2227,458,38613,0.1698,0.09,1,228356,227898,458
17202841,8.65082,34.6445,428,38668,0.20196,0.13,1,228358,227930,428
17205761,22.5302,27.7289,428,38723,0.208392,0.11,1,228384,227956,428
17208681,42.906,43.9458,428,38778,0.241678,0.13,1,228432,228004,428
17211601,34.9812,35.9892,427,38832,0.264336,0.13,1,228465,228038,427
17214521,34.1962,33.5978,428,38886,0.300867,0.17,1,228499,228071,428
17217441,46.8392,45.1196,430,38940,0.308173,0.17,1,228549,228119,430
17220361,33.3678,33.0239,430,38994,0.373635,0.19,1,228579,228149,430
17223281,24.2736,25.0048,429,39048,0.354727,0.11,1,228601,228172,429
17226201,25.6547,25.801,429,39102,0.366945,0.15,1,228627,228198,429
17229121,6.73094,6.76019,429,39156,0.369389,0.17,1,228629,228200,429
17232041,70.1462,69.352,430,39210,0.449878,0.17,1,228715,228285,430
17234961,45.2292,44.2704,431,39264,0.481976,0.17,1,228754,228323,431
17237881,36.2458,35.2541,432,39318,0.488395,0.21,1,228788,228356,432
17240801,8.84917,8.65082,432,39372,0.489679,0.21,1,228790,228358,432
17243721,22.5698,22.5302,432,39426,0.537936,0.25,1,228816,228384,432
17246641,44.514,42.906,434,39480,0.579587,0.27,1,228866,228432,434
17249561,36.1028,34.9812,435,39533,0.571917,0.31,1,228900,228465,435
17252481,36.0206,34.1962,437,39586,0.618383,0.31,1,228936,228499,437
17255401,47.2041,46.8392,437,39639,0.627677,0.39,1,228986,228549,437
17258321,35.0408,33.3678,439,39692,0.693535,0.35,1,229018,228579,439
17261241,25.4082,24.2736,440,39745,0.690707,0.37,1,229041,228601,440
17264161,26.6816,25.6547,441,39798,0.706141,0.37,1,229068,228627,441
17267081,6.93633,6.73094,441,39851,0.709228,0.47,1,229070,228629,441
17270001,72.5873,70.1462,444,39904,0.709846,0.49,1,229159,228715,444
17272921,47.3175,45.2292,446,39957,0.725969,0.49,1,229200,228754,446
17275841,36.6635,36.2458,446,40010,0.761194,0.49,2,229234,228788,446
17278761,8.9327,8.84917,446,40063,0.800239,0.49,2,229236,228790,446
17281681,22.5865,1.76983,472,40116,0.776048,0.55,2,229262,228790,472
17284601,46.9173,21.154,499,40169,0.75521,0.59,2,229315,228816,499
17287521,37.3835,44.2308,484,40222,0.703042,0.57,1,229350,228866,484
17290441,36.2767,36.0462,486,40274,0.692608,0.63,1,229386,228900,486
17293361,48.8553,36.0092,502,40326,0.658522,0.63,1,229438,228936,502
17296281,36.9711,47.2018,486,40378,0.651704,0.71,1,229472,228986,486
17299201,26.5942,35.0404,478,40430,0.666341,0.69,1,229496,229018,478
17302121,26.1188,25.4081,481,40482,0.701268,0.71,1,229522,229041,481
17305041,6.82377,26.6816,456,40534,0.708254,0.71,1,229524,229068,456
17307961,74.1648,6.93632,545,40586,0.709651,0.71,1,229615,229070,545
17310881,49.233,72.5873,499,40638,0.72593,0.73,1,229658,229159,499
17313801,37.8466,47.3175,493,40690,0.793186,0.77,2,229693,229200,493
17316721,9.16932,36.6635,461,40742,0.806637,0.81,2,229695,229234,461
17319641,22.6339,8.9327,485,40794,0.809327,0.77,2,229721,229236,485
17322561,44.5268,22.5865,509,40846,0.809865,0.75,2,229771,229262,509
17325481,36.1054,46.9173,490,40898,0.825973,0.69,2,229805,229315,490
17328401,36.0211,37.3835,491,40950,0.829195,0.69,2,229841,229350,491
17331321,47.2042,36.2767,505,41002,0.845839,0.65,2,229891,229386,505
17334241,36.6408,48.8553,487,41053,0.881168,0.65,2,229925,229438,487
17337161,28.1282,36.9711,479,41104,0.888234,0.67,2,229951,229472,479
17340081,28.0256,26.5942,483,41155,0.937647,0.71,2,229979,229496,483
17343001,7.20513,26.1188,459,41206,0.915529,0.71,2,229981,229522,459
17474401,38,41,513,43452,0.59,1,1,231582,231069,513
17477321,32.4,33,513,43501,0.462,1,1,231613,231100,513
17480241,29.68,25,519,43550,0.3084,1,1,231642,231123,519
17483161,30.736,19.4,532,43598,0.08568,1,1,231673,231141,532
17486081,32.5472,36.68,524,43646,0.041136,1,1,231706,231182,524
17489001,30.5094,32.936,522,43694,0.0162272,1,1,231736,231214,522
17491921,29.3019,24.1872,529,43742,0.00324544,1,1,231765,231236,529
17537181,381.06,466.437,421,18980,0.0566491,0.05,1,232234,231813,421
17540101,162.612,150.087,458,19818,0.0113298,0.01,1,232342,231884,458
17543021,99.7224,92.4175,464,19925,0.042266,0.03,1,232426,231962,464
17545941,72.7445,75.2835,459,20031,0.0164532,0.07,1,232492,232033,459
17548861,60.1489,64.6567,454,20137,0.0272906,0.03,1,232549,232095,454
17551781,60.0298,62.5313,452,20242,0.00545813,0.01,1,232609,232157,452
17554701,37.606,49.3063,438,20347,0.0250916,0.07,1,232641,232203,438
17557621,105.121,34.6613,529,20451,0.00501833,0,1,232763,232234,529
17560541,89.0242,93.3323,506,20555,0.0250037,0.05,1,232848,232342,506
17563461,69.8048,85.8665,487,20658,0.0130007,0.01,1,232913,232426,487
17566381,59.561,69.9733,478,20761,0.0106001,0.03,1,232970,232492,478
17569301,59.9122,59.5947,481,20863,0.00212003,0,1,233030,232549,481
17572221,38.3824,59.9189,454,20965,0.024424,0.03,1,233063,232609,454
17575141,9.27649,37.5838,424,21066,0.0288848,0,1,233065,232641,424
17578061,97.8553,105.117,422,21167,0.00577696,0.03,1,233185,232763,422
17580981,89.9711,89.0233,425,21267,0.0251554,0.01,1,233273,232848,425
17583901,68.3942,69.8047,423,21367,0.00503108,0.01,1,233336,232913,423
17586821,58.4788,59.5609,422,21466,0.0250062,0,1,233392,232970,422
17589741,60.4958,59.9122,423,21565,0.0290012,0.03,1,233453,233030,423
17592661,38.4992,38.3824,423,21663,0.0298003,0.03,1,233486,233063,423
17595581,9.29983,9.27649,423,21761,0.00596005,0,1,233488,233065,423
17598501,97.06,97.8553,422,21858,0.00119201,0.03,1,233607,233185,422
17601421,90.612,89.9711,423,21955,0.0082384,0,1,233696,233273,423
17604341,67.7224,68.3942,422,22052,0.0416477,0.03,1,233758,233336,422
17607261,59.1445,58.4788,423,22148,0.0163295,0.03,1,233815,233392,423
17610181,59.8289,60.4958,422,22244,0.0112659,0.03,1,233875,233453,422
17613101,38.3658,38.4992,422,22339,0.0262532,0,1,233908,233486,422
17616021,9.27316,9.29983,422,22434,0.00525064,0,1,233910,233488,422
17618941,97.0546,97.06,422,22529,0.00105013,0,1,234029,233607,422
17621861,89.8109,19.412,510,22623,0.02421,0.01,1,234117,233607,510
17624781,67.5622,75.0824,483,22717,0.060842,0.05,1,234179,233696,483
17627701,59.9124,64.6165,479,22810,0.0201684,0.01,1,234237,233758,479
17630621,59.1825,58.5233,481,22903,0.0280337,0.01,1,234296,233815,481
17633541,38.2365,59.7047,454,22996,0.00560674,0.03,1,234329,233875,454
17636461,9.2473,38.3409,423,23088,0.00912135,0,1,234331,233908,423
17639381,97.0495,9.26819,540,23180,0.00182427,0,1,234450,233910,540
17642301,90.6099,97.0536,510,23271,0.0243649,0.03,1,234539,234029,510
17645221,68.522,89.8107,485,23362,0.060873,0.07,1,234602,234117,485
17648141,59.3044,67.5621,480,23453,0.116175,0.01,1,234659,234179,480
17651061,58.2609,59.9124,480,23543,0.0232349,0.03,1,234717,234237,480
17653981,38.0522,59.1825,454,23633,0.012647,0,1,234750,234296,454
17656901,9.21043,38.2365,423,23723,0.0105294,0.01,1,234752,234329,423
17659821,97.0421,9.2473,540,23812,0.00210588,0,1,234871,234331,540
17662741,92.2084,97.0495,512,23901,0.00842118,0.03,1,234962,234450,512
17665661,20.0417,90.6099,425,23990,0.00968424,0.07,1,234964,234539,425
17668581,56.0083,68.522,427,24078,0.0259368,0.13,1,235029,234602,427
17671501,56.0017,59.3044,426,24166,0.0451874,0,1,235085,234659,426
17674421,54.4003,58.2609,422,24254,0.0330375,0.01,1,235139,234717,422
17677341,37.2801,38.0522,422,24341,0.0306075,0.01,1,235172,234750,422
17680261,9.05601,9.21043,422,24428,0.0061215,0,1,235174,234752,422
17683181,97.8112,97.0421,423,24515,0.0252243,0.01,1,235294,234871,423
17686101,92.3622,92.2084,423,24601,0.0610449,0.01,1,235385,234962,423
17689021,20.0724,20.0417,423,24687,0.068209,0.03,1,235387,234964,423
17691941,56.0145,56.0083,423,24773,0.0856418,0.05,1,235452,235029,423
17694861,55.2029,56.0017,422,24859,0.137128,0.03,1,235507,235085,422
17697781,54.2406,54.4003,422,24944,0.0994257,0.03,1,235561,235139,422
17700701,37.2481,37.2801,422,25029,0.0278851,0,1,235594,235172,422
17703621,9.04962,9.05601,422,25114,0.00557703,0.03,1,235596,235174,422
17706541,97.8099,97.8112,422,25198,0.0251154,0.07,1,235716,235294,422
17709461,94.762,92.3622,425,25282,0.0770231,0.07,1,235810,235385,425
17712381,20.5524,20.0724,425,25366,0.0874046,0.09,1,235812,235387,425
17715301,55.3105,56.0145,424,25450,0.105481,0.09,1,235876,235452,424
17718221,56.6621,11.2029,481,25533,0.125096,0.15,1,235933,235452,481
17721141,50.5324,46.2406,475,25616,0.161019,0.09,1,235982,235507,475
17724061,36.5065,52.4481,454,25699,0.0562038,0.01,1,236015,235561,454
17726981,8.9013,36.8896,423,25781,0.0112408,0,1,236017,235594,423
17729901,97.7803,8.97792,541,25863,0.0422482,0.03,1,236137,235596,541
17732821,96.3561,97.7956,517,25945,0.16045,0.09,1,236233,235716,517
17735741,20.8712,94.7591,425,26027,0.18409,0.09,1,236235,235810,425
17738661,56.1742,20.5518,488,26108,0.172818,0.11,1,236300,235812,488
17741581,59.2348,55.3104,484,26189,0.170564,0.13,1,236360,235876,484
17744501,51.047,56.6621,476,26270,0.250113,0.17,1,236409,235933,476
17747421,32.6094,50.5324,455,26351,0.314023,0.03,1,236437,235982,455
17750341,8.12188,36.5065,424,26431,0.342804,0,1,236439,236015,424
17753261,96.8244,8.9013,541,26511,0.220561,0.05,1,236558,236017,541
17756181,103.365,97.7803,526,26591,0.0841122,0.19,1,236663,236137,526
17759101,22.273,96.3561,432,26671,0.0568224,0.19,1,236665,236233,432
17762021,55.6546,20.8712,494,26750,0.0513645,0.17,1,236729,236235,494
17764941,59.9309,56.1742,490,26829,0.0502729,0.17,1,236790,236300,490
17767861,55.9862,59.2348,485,26908,0.0340546,0.27,1,236845,236360,485
17770781,12.7972,51.047,438,26987,0.0308109,0.33,1,236847,236409,438
17773701,24.1594,32.6094,437,27065,0.0301622,0.35,1,236874,236437,437
17776621,6.43189,8.12188,437,27143,0.0300324,0.19,1,236876,236439,437
17779541,90.0864,96.8244,429,27221,0.0780065,0.05,1,236987,236558,429
17782461,98.0173,103.365,424,27299,0.0876013,0.05,1,237087,236663,424
17785381,21.2035,22.273,424,27377,0.12152,0.05,1,237089,236665,424
17788301,55.4407,55.6546,424,27454,0.160304,0.05,1,237153,236729,424
17791221,59.8881,59.9309,424,27531,0.216061,0.03,1,237214,236790,424
17794141,54.3776,55.9862,422,27608,0.195212,0.03,1,237267,236845,422
17797061,12.4755,12.7972,422,27685,0.191042,0.03,1,237269,236847,422
17799981,24.8951,24.1594,423,27761,0.206208,0.03,1,237297,236874,423
17802901,6.57902,6.43189,423,27837,0.209242,0.09,1,237299,236876,423
17805821,91.7158,90.0864,425,27913,0.241848,0.09,1,237412,236987,425
17808741,99.1432,98.0173,426,27989,0.28037,0.13,1,237513,237087,426
17811661,21.4286,21.2035,426,28065,0.288074,0.17,1,237515,237089,426
17814581,57.8857,55.4407,429,28140,0.305615,0.23,1,237582,237153,429
17817501,61.9771,59.8881,431,28215,0.373123,0.19,1,237645,237214,431
17820421,53.1954,54.3776,429,28290,0.354625,0.19,1,237696,237267,429
17823341,12.2391,12.4755,429,28365,0.350925,0.19,1,237698,237269,429
17826261,26.4478,2.4951,459,28440,0.382185,0.21,1,237728,237269,459
17829181,6.88956,22.899,433,28514,0.388437,0.21,1,237730,237297,433
17832101,93.3779,6.1798,546,28588,0.405687,0.25,1,237845,237299,546
17835021,99.4756,91.636,534,28662,0.441137,0.29,1,237946,237412,534
17837941,21.4951,99.1272,435,28736,0.464228,0.29,1,237948,237513,435
17840861,60.299,21.4254,503,28810,0.548846,0.31,1,238018,237515,503
17843781,64.0598,57.8851,501,28883,0.597769,0.39,1,238083,237582,501
17846701,53.612,61.977,489,28956,0.639554,0.35,1,238134,237645,489
17849621,12.3224,53.1954,440,29029,0.647911,0.35,1,238136,237696,440
17852541,28.0645,12.2391,470,29102,0.649582,0.39,1,238168,237698,470
17855461,7.2129,26.4478,442,29175,0.649916,0.39,1,238170,237728,442
17858381,95.8426,6.88956,558,29248,0.745983,0.41,1,238288,237730,558
17861301,100.769,93.3779,545,29320,0.781197,0.45,2,238390,237845,545
17864221,21.7537,99.4756,446,29392,0.788239,0.47,2,238392,237946,446
17867141,65.1507,21.4951,520,29464,0.789648,0.57,2,238468,237948,520
17870061,65.8301,60.299,516,29536,0.80593,0.61,2,238534,238018,516
17872981,55.566,64.0598,504,29608,0.825186,0.65,2,238587,238083,504
17875901,12.7132,53.612,455,29679,0.829037,0.65,2,238589,238134,455
17878821,28.9426,12.3224,486,29750,0.845807,0.65,2,238622,238136,486
17881741,7.38853,28.0645,456,29821,0.849161,0.65,2,238624,238168,456
17884661,3.07771,7.2129,456,29892,0.849832,0.77,2,238626,238170,456
17887581,98.2155,95.8426,460,29963,0.785967,0.79,2,238748,238288,460
17890501,102.043,100.769,461,30034,0.837193,0.79,2,238851,238390,461
17893421,22.0086,21.7537,461,30104,0.895439,0.79,2,238853,238392,461
17896341,65.2017,65.1507,461,30174,0.907088,0.81,2,238929,238468,461
17899261,66.6403,65.8301,462,30244,0.941418,0.83,2,238996,238534,462
17902181,56.5281,55.566,463,30314,0.932283,0.83,2,239050,238587,463
17905101,12.9056,12.7132,463,30384,0.930457,0.85,2,239052,238589,463
18027741,29,24,514,33182,0.71,1,1,241024,240510,514
18030661,30.6,28.8,515,33246,0.63,1,1,241055,240540,515
18033581,37.32,31.36,522,33310,0.55,1,1,241094,240572,522
18036501,32.264,43.872,506,33373,0.486,1,1,241125,240619,506
18039421,63.2528,95.9744,468,33436,0.2812,1,1,241196,240728,468
18042341,63.8506,46.3949,498,33499,0.17624,1,1,241260,240762,498
18045261,37.5701,34.879,497,33562,0.107248,1,1,241291,240794,497
18048181,33.114,36.5758,492,33625,0.0774496,0.99,1,241323,240831,492
18051101,35.4228,47.3152,478,33688,0.0874899,0.81,1,241359,240881,478
18054021,53.4846,70.263,460,33751,0.057498,0.71,1,241417,240957,460
18056941,39.4969,44.4526,458,33814,0.0194996,0.71,1,241453,240995,458
18059861,25.4994,32.0905,451,33877,0.0438999,0.61,1,241475,241024,451
18062781,28.2999,31.2181,449,33939,0.03278,0.53,1,241504,241055,449
18065701,32.86,37.4436,444,34001,0.062556,0.47,1,241538,241094,444
18068621,29.772,32.2887,442,34063,0.0525112,0.23,1,241567,241125,442
18071541,61.1544,63.2577,440,34125,0.0665022,0.15,1,241636,241196,440
18074461,56.2309,63.8515,431,34187,0.1013,0.09,1,241691,241260,431
18077381,35.2462,37.5703,430,34249,0.14026,0.09,1,241721,241291,430
18080301,28.6492,7.51406,457,34311,0.132052,0.07,1,241748,241291,457
18083221,33.7298,27.1028,460,34373,0.13041,0.09,1,241783,241323,460
18086141,50.746,34.2206,479,34435,0.162082,0.05,1,241838,241359,479
18089061,38.9492,53.2441,457,34496,0.104416,0.01,1,241874,241417,457
18091981,26.1898,39.4488,444,34557,0.124883,0.05,1,241897,241453,444
18094901,27.638,25.4898,450,34618,0.0809767,0.03,1,241925,241475,450
18097821,32.7276,28.298,455,34679,0.0561953,0.07,1,241959,241504,455
18100741,30.5455,32.8596,451,34740,0.115239,0.05,1,241989,241538,451
18103661,61.3091,29.7719,491,34801,0.143048,0.07,1,242058,241567,491
18106581,59.4618,61.1544,481,34862,0.14861,0.11,1,242117,241636,481
18109501,37.4924,56.2309,458,34923,0.165722,0.15,1,242149,241691,458
18112421,29.8985,35.2462,456,34984,0.185144,0.13,1,242177,241721,456
18115341,33.9797,28.6492,464,35044,0.189029,0.13,1,242212,241748,464
18118261,51.5959,33.7298,485,35104,0.173806,0.17,1,242268,241783,485
18121181,35.1192,50.746,461,35164,0.154761,0.09,1,242299,241838,461
18124101,27.8238,38.9492,451,35224,0.150952,0.13,1,242325,241874,451
18127021,27.1648,26.1898,455,35284,0.16619,0.07,1,242352,241897,455
18129941,31.033,27.638,459,35344,0.169238,0.05,1,242384,241925,459
18132861,32.6066,32.7276,458,35404,0.185848,0.13,1,242417,241959,458
18135781,62.5213,30.5455,498,35464,0.24517,0.15,1,242487,241989,498
18138701,58.9043,61.3091,487,35524,0.265034,0.15,1,242545,242058,487
18141621,38.9809,59.4618,462,35584,0.317007,0.17,1,242579,242117,462
18144541,30.1962,37.4924,458,35643,0.295401,0.19,1,242607,242149,458
18147461,7.63923,29.8985,432,35702,0.29108,0.19,1,242609,242177,432
18150381,29.5278,33.9797,432,35761,0.322216,0.17,1,242644,242212,432
18153301,49.1056,51.5959,430,35820,0.360443,0.15,1,242698,242268,430
18156221,33.8211,35.1192,429,35879,0.384089,0.15,1,242728,242299,429
18159141,29.1642,27.8238,431,35938,0.420818,0.17,1,242756,242325,431
18162061,26.6328,27.1648,430,35997,0.428164,0.17,1,242782,242352,430
18164981,30.9266,31.033,430,36056,0.461633,0.19,1,242814,242384,430
18167901,34.1853,32.6066,432,36115,0.500327,0.26,1,242849,242417,432
18170821,64.4371,62.5213,434,36174,0.572065,0.27,1,242921,242487,434
18173741,60.8874,58.9043,436,36232,0.570413,0.33,1,242981,242545,436
18176661,39.3775,38.9809,436,36290,0.586083,0.29,1,243015,242579,436
18179581,30.2755,30.1962,436,36348,0.637217,0.29,1,243043,242607,436
18182501,7.6551,7.63923,436,36406,0.647443,0.33,1,243045,242609,436
18185421,31.131,29.5278,438,36464,0.633489,0.37,1,243082,242644,438
18188341,51.0262,49.1056,440,36522,0.694698,0.39,1,243138,242698,440
18191261,35.0052,33.8211,441,36580,0.69094,0.43,1,243169,242728,441
18194181,29.401,29.1642,441,36638,0.690188,0.43,1,243197,242756,441
18197101,28.2802,26.6328,443,36696,0.722038,0.47,1,243225,242782,443
18200021,32.856,30.9266,445,36754,0.728408,0.51,1,243259,242814,445
18202941,34.5712,34.1853,445,36811,0.713681,0.59,1,243294,242849,445
18205861,66.1142,64.4371,447,36868,0.694736,0.57,1,243368,242921,447
18208781,63.6228,60.8874,450,36925,0.722947,0.59,1,243431,242981,450
18211701,40.7246,39.3775,451,36982,0.744589,0.65,1,243466,243015,451
18214621,31.3449,30.2755,452,37039,0.780918,0.65,2,243495,243043,452
18217541,7.86898,7.6551,452,37096,0.820184,0.63,2,243497,243045,452
18220461,31.9738,31.131,453,37153,0.796037,0.63,2,243535,243082,453
18223381,51.9948,6.2262,510,37210,0.791207,0.71,2,243592,243082,510
18226301,35.999,46.0452,486,37267,0.806241,0.69,2,243624,243138,486
18229221,29.5998,34.009,483,37324,0.825248,0.69,2,243652,243169,483
18232141,28.32,29.2018,483,37381,0.82905,0.73,2,243680,243197,483
18235061,32.864,28.2404,489,37438,0.84581,0.73,2,243714,243225,489
18237981,33.7728,32.8481,489,37494,0.865162,0.71,2,243748,243259,489
18240901,66.7546,34.5696,529,37550,0.917032,0.69,2,243823,243294,529
18389821,52,27,553,40320,0.67,1,1,245732,245179,553
18392741,59.2,74.2,528,40372,0.574,1,1,245793,245265,528
18395661,55.04,60.44,525,40424,0.3788,1,1,245847,245322,525
18398581,43.808,56.088,511,40476,0.21176,1,1,245888,245377,511
18401501,32.7616,36.0176,510,40528,0.178352,0.99,1,245918,245408,510
18404421,33.7523,30.4035,515,40580,0.10767,1,1,245952,245437,515
18407341,31.5505,21.2807,527,40632,0.0775341,1,1,245983,245456,527
18410261,35.1101,40.2561,518,40684,0.0555068,0.92,1,246019,245501,518
18413181,24.622,36.8512,504,40736,0.0111014,1,1,246041,245537,504
18416101,24.1244,27.3702,503,40788,0.0422203,1,1,246065,245562,503
18419021,34.4249,33.474,505,40840,0.0324441,1,1,246102,245597,505
18421941,25.285,34.6948,493,40892,0.0624888,0.85,1,246125,245632,493
18424861,20.257,26.939,487,40944,0.0364978,0.82,1,246144,245657,487
18427781,35.2514,23.7878,503,40996,0.0312996,0.67,1,246183,245680,503
18430701,48.6503,46.3576,503,41047,0.0622599,0.55,1,246235,245732,503
18433621,44.1301,58.0715,485,41098,0.036452,0.33,1,246278,245793,485
18436541,38.426,54.8143,468,41149,0.0952904,0.17,1,246315,245847,468
18439461,26.8852,43.7629,451,41200,0.123058,0.17,1,246339,245888,451
18442381,32.577,32.7526,455,41251,0.160612,0.09,1,246373,245918,455
18445301,32.1154,33.7505,453,41302,0.104122,0.07,1,246405,245952,453
18448221,36.0231,31.5501,459,41353,0.0608245,0.05,1,246442,245983,459
18451141,23.2046,35.11,443,41404,0.0521649,0,1,246462,246019,443
18454061,25.4409,24.622,447,41455,0.050433,0.05,1,246488,246041,447
18456981,35.4882,24.1244,461,41506,0.0980866,0.03,1,246526,246065,461
18459901,8.69764,34.4249,426,41557,0.107617,0.07,1,246528,246102,426
18462821,17.7395,25.285,423,41608,0.0775235,0.03,1,246548,246125,423
18465741,17.9479,20.257,422,41659,0.0715047,0.03,1,246566,246144,422
18468661,36.3896,35.2514,424,41710,0.0703009,0.07,1,246607,246183,424
18471581,50.4779,48.6503,426,41761,0.10206,0.03,1,246661,246235,426
18474501,44.4956,44.1301,426,41812,0.124412,0.11,1,246704,246278,426
18477421,39.2991,38.426,427,41862,0.128882,0.13,1,246742,246315,427
18480341,27.8598,26.8852,428,41912,0.161776,0.17,1,246767,246339,428
18483261,34.372,32.577,430,41962,0.184355,0.09,1,246803,246373,430
18486181,27.6744,32.1154,424,42012,0.236871,0.05,1,246829,246405,424
18489101,35.9349,36.0231,425,42062,0.215374,0.05,1,246867,246442,425
18492021,22.387,23.2046,424,42112,0.195075,0.05,1,246886,246462,424
18494941,26.0774,25.4409,425,42162,0.207015,0.11,1,246913,246488,425
18497861,35.6155,35.4882,425,42212,0.273403,0.11,1,246951,246526,425
18500781,8.7231,8.69764,425,42262,0.286681,0.07,1,246953,246528,425
18503701,17.7446,17.7395,425,42312,0.305336,0.07,1,246973,246548,425
18506621,16.3489,17.9479,423,42362,0.293067,0.07,1,246989,246566,423
18509541,36.0698,36.3896,423,42412,0.338613,0.11,1,247030,246607,423
18512461,52.814,50.4779,426,42462,0.315723,0.13,1,247087,246661,426
18515381,44.9628,44.4956,426,42512,0.327145,0.13,1,247130,246704,426
18518301,41.7926,39.2991,429,42562,0.313429,0.17,1,247171,246742,429
18521221,27.5585,27.8598,428,42612,0.278686,0.19,1,247195,246767,428
18524141,37.5117,34.372,432,42662,0.335737,0.25,1,247235,246803,432
18527061,28.3023,27.6744,432,42711,0.331147,0.21,1,247261,246829,432
18529981,34.4605,35.9349,430,42760,0.362229,0.19,1,247297,246867,430
18532901,22.8921,22.387,431,42809,0.384446,0.21,1,247317,246886,431
18535821,26.9784,26.0774,432,42858,0.388889,0.29,1,247345,246913,432
18538741,37.3957,35.6155,434,42907,0.421778,0.29,1,247385,246951,434
18541661,9.07914,8.7231,434,42956,0.396356,0.31,1,247387,246953,434
18544581,18.6158,17.7446,435,43005,0.439271,0.31,1,247408,246973,435
18547501,16.5232,3.54892,451,43054,0.415854,0.29,1,247424,246973,451
18550421,36.9046,13.5098,477,43103,0.427171,0.35,1,247466,246989,477
18553341,51.3809,35.502,491,43152,0.461434,0.31,1,247521,247030,491
18556261,45.4762,52.7004,478,43201,0.516287,0.33,1,247565,247087,478
18559181,41.0952,44.9401,475,43250,0.527257,0.31,1,247605,247130,475
18562101,27.419,41.788,458,43299,0.529451,0.27,1,247629,247171,458
18565021,39.8838,27.5576,477,43348,0.60989,0.35,1,247672,247195,477
18567941,28.7768,37.5115,463,43397,0.641978,0.33,1,247698,247235,463
18570861,34.5554,28.3023,473,43446,0.664396,0.37,1,247734,247261,473
18573781,23.7111,34.4605,458,43495,0.668879,0.39,1,247755,247297,458
18576701,27.1422,22.8921,466,43544,0.669776,0.39,1,247783,247317,466
18579621,39.0284,26.9784,480,43592,0.701955,0.43,1,247825,247345,480
18582541,9.40569,37.3957,442,43640,0.708391,0.39,1,247827,247385,442
18585461,19.4811,9.07914,462,43688,0.741678,0.45,1,247849,247387,462
18588381,16.6962,18.6158,457,43736,0.764336,0.41,2,247865,247408,457
18591301,37.7392,16.5232,484,43784,0.752867,0.43,2,247908,247424,484
18594221,53.1479,36.9046,499,43832,0.750573,0.47,2,247965,247466,499
18597141,48.2296,51.3809,491,43880,0.782115,0.53,2,248012,247521,491
18600061,41.6459,45.4762,487,43928,0.804423,0.53,2,248052,247565,487
18602981,28.3292,41.0952,472,43976,0.792885,0.53,2,248077,247605,472
18605901,43.2658,27.419,495,44024,0.774577,0.63,2,248124,247629,495
18608821,31.0532,39.8838,480,44072,0.770915,0.65,2,248152,247672,480
18611741,35.8106,28.7768,491,44120,0.754183,0.67,2,248189,247698,491
18614661,23.1621,34.5554,475,44168,0.750837,0.67,2,248209,247734,475
18617581,27.0324,23.7111,482,44216,0.766167,0.67,2,248237,247755,482
18620501,42.2065,27.1422,500,44264,0.769233,0.71,2,248283,247783,500
18623421,10.0413,39.0284,460,44312,0.769847,0.71,2,248285,247825,460
18626341,20.4083,9.40569,481,44360,0.769969,0.75,2,248308,247827,481
18629261,16.8817,19.4811,475,44408,0.769994,0.77,2,248324,247849,475
18632181,36.9763,16.6962,501,44456,0.785999,0.75,2,248366,247865,501
18635101,8.99527,37.7392,460,44503,0.7892,0.75,2,248368,247908,460
18638021,47.3991,53.1479,460,44550,0.83784,0.79,2,248425,247965,460
18640941,48.6798,48.2296,462,44597,0.895568,0.81,2,248474,248012,462
18643861,41.736,41.6459,462,44644,0.891114,0.79,2,248514,248052,462
18646781,27.5472,28.3292,461,44691,0.938223,0.77,2,248538,248077,461
18808841,29,26,533,47262,0.85,1,2,250310,249777,533
18858481,401,460.4,458,21900,0.226,0.45,1,250804,250346,458
18861401,128.2,137.68,461,21997,0.0692,0.21,1,250864,250403,461
18864321,93.64,93.936,463,22093,0.06984,0.07,1,250949,250486,463
18867241,73.128,79.5872,455,22189,0.013968,0.05,1,251017,250562,455
18870161,74.6256,79.1174,451,22285,0.0107936,0.03,1,251092,250641,451
18873081,51.7251,55.0235,448,22380,0.0101587,0.01,1,251138,250690,448
18876001,51.145,49.4047,451,22475,0.0260317,0.01,1,251189,250738,451
