#Ack,ack_ewma(ms),send_ewma(ms),rtt_ratio,cwnd (Bytes),Last Router Ocupation Ack Arriaval(Packets),Last Router Ocupation Packet Sent(Packets),Network Situation,AckArrival(ms),TSInsideAck(ms),RTTAck(ms)
4381,2,0,447,16060,0.79,0.49,2,170882,170435,447
7301,2,0,449,17520,0.79,0.49,2,170884,170435,449
10221,2,0,451,18980,0.79,0.49,2,170886,170435,451
13141,2,0,453,20440,0.79,0.49,2,170888,170435,453
14601,161.2,0,654,21900,0.902,0.79,2,171089,170435,654
210241,204,38,591,32186,0.13,0.01,1,173630,173039,591
213161,64.8,156.4,435,32252,0.098,0.09,1,173660,173225,435
216081,32.96,47.28,440,32318,0.0756,0.03,1,173685,173245,440
219001,56.992,43.856,460,32383,0.02312,0.05,1,173748,173288,460
221921,32.9984,54.3712,430,32448,0.028624,0.03,1,173775,173345,430
224841,9.79968,19.6742,423,32513,0.0057248,0,1,173779,173356,423
227761,6.75994,7.93485,424,32578,0.025145,0.01,1,173785,173361,424
230681,4.55199,6.38697,422,32643,0.00502899,0.01,1,173789,173367,422
233601,16.9104,2.87739,440,32708,0.0250058,0,1,173809,173369,440
236521,19.3821,19.7755,436,32773,0.0130012,0.03,1,173829,173393,436
239441,23.0764,30.3551,427,32838,0.0266002,0.13,1,173853,173426,427
242361,168.615,169.271,428,32902,0.06132,0.09,1,174058,173630,428
245281,56.1231,57.8542,426,32966,0.068264,0.07,1,174086,173660,426
248201,29.6246,31.5708,424,33030,0.0536528,0.01,1,174109,173685,424
251121,55.5249,56.7142,423,33094,0.0107306,0.03,1,174171,173748,423
254041,32.705,32.9428,423,33158,0.0421461,0,1,174198,173775,423
256961,8.941,9.78857,422,33222,0.00842922,0.03,1,174201,173779,422
259881,6.5882,6.75771,422,33286,0.0256858,0,1,174207,173785,422
262801,4.51764,4.55154,422,33350,0.00513717,0.03,1,174211,173789,422
265721,16.9035,16.9103,422,33413,0.00902743,0.01,1,174231,173809,422
268641,20.1807,19.3821,423,33476,0.00180549,0.03,1,174252,173829,423
271561,23.2361,23.0764,423,33539,0.0563611,0.07,1,174276,173853,423
274481,168.647,168.615,423,33602,0.115272,0.07,1,174481,174058,423
277401,56.1294,56.1231,423,33665,0.191054,0.05,1,174509,174086,423
280321,28.8259,29.6246,422,33728,0.174211,0,1,174531,174109,422
283241,55.3652,55.5249,422,33791,0.122842,0.05,1,174593,174171,422
286161,32.673,32.705,422,33854,0.0245684,0,1,174620,174198,422
289081,8.93461,8.941,422,33916,0.00491369,0.03,1,174623,174201,422
292001,6.58692,6.5882,422,33978,0.0249827,0,1,174629,174207,422
294921,4.51738,4.51764,422,34040,0.00499655,0.01,1,174633,174211,422
297841,16.9035,16.9035,422,34102,0.000999309,0,1,174653,174231,422
300761,20.1807,20.1807,422,34164,0.000199862,0.07,1,174674,174252,422
303681,24.0361,23.2361,423,34226,0.05604,0.07,1,174699,174276,423
305141,165.607,4.64723,624,34288,0.147208,0.13,1,174900,174276,624
308061,41.9214,164.929,430,34350,0.165442,0.21,1,174911,174481,430
310981,30.7843,55.3859,430,34412,0.185088,0.17,1,174939,174509,430
313901,23.7569,28.6772,430,34473,0.189018,0.11,1,174961,174531,430
316821,49.5514,55.3354,424,34534,0.237804,0,1,175017,174593,424
319741,29.9103,32.6671,422,34595,0.199561,0,1,175042,174620,422
322661,8.38205,8.93342,422,34656,0.175912,0.03,1,175045,174623,422
325581,6.47641,6.58668,422,34717,0.139182,0,1,175051,174629,422
328501,4.49528,4.51734,422,34778,0.0998365,0,1,175055,174633,422
331421,16.8991,16.9035,422,34839,0.0199673,0,1,175075,174653,422
334341,20.1798,20.1807,422,34900,0.00399346,0.07,1,175096,174674,422
337261,25.636,24.0361,424,34961,0.0247987,0.17,1,175123,174699,424
340181,178.727,165.607,440,35021,0.0609597,0.17,1,175340,174900,440
343101,58.9454,41.9214,458,35081,0.0841919,0.19,1,175369,174911,458
346021,29.3891,30.7843,452,35141,0.0888384,0.19,1,175391,174939,452
348941,51.4778,23.7569,487,35201,0.105768,0.25,1,175448,174961,487
351861,26.2956,49.5514,451,35261,0.109154,0.19,1,175468,175017,451
354781,6.85911,29.9103,428,35321,0.109831,0.17,1,175470,175042,428
357701,2.97182,8.38205,427,35381,0.109966,0.13,1,175472,175045,427
360621,3.79436,6.47641,425,35441,0.109993,0.09,1,175476,175051,425
363541,16.7589,4.49528,441,35501,0.0459986,0,1,175496,175055,441
366461,20.1518,16.8991,442,35561,0.00919973,0,1,175517,175075,442
369381,25.6304,20.1798,448,35620,0.0258399,0.03,1,175544,175096,448
370841,165.926,25.636,622,35679,0.077168,0.07,1,175745,175123,622
373761,49.1852,178.727,425,35738,0.103434,0.07,1,175765,175340,425
376681,33.037,35.7454,454,35797,0.0606867,0.09,1,175794,175340,454
379601,24.2074,30.3491,447,35856,0.0841373,0.09,1,175816,175369,447
382521,51.2415,23.6698,483,35915,0.104827,0.11,1,175874,175391,483
385441,26.2483,50.334,446,35974,0.108965,0.11,1,175894,175448,446
388361,6.84966,26.0668,428,36033,0.109793,0.11,1,175896,175468,428
391281,2.96993,6.81336,428,36092,0.109959,0.11,1,175898,175470,428
394201,3.79399,2.96267,430,36151,0.109992,0.11,1,175902,175472,430
397121,12.7588,3.79253,441,36209,0.125998,0.03,1,175917,175476,441
400041,19.3518,16.7585,442,36267,0.0251997,0,1,175938,175496,442
402961,26.2704,20.1517,449,36325,0.0290399,0.03,1,175966,175517,449
404421,166.054,25.6303,623,36383,0.109808,0.09,1,176167,175544,623
407341,50.8108,165.926,444,36441,0.125962,0.11,1,176189,175745,444
410261,33.3622,49.1852,453,36499,0.145192,0.05,1,176218,175765,453
413181,25.0724,33.037,447,36557,0.149038,0.09,1,176241,175794,447
416101,52.2145,24.2074,484,36615,0.213808,0.11,1,176300,175816,484
419021,26.4429,51.2415,446,36673,0.242762,0.11,1,176320,175874,446
421941,6.88858,26.2483,428,36731,0.248552,0.11,1,176322,175894,428
424861,2.97772,6.84966,428,36789,0.24971,0.11,1,176324,175896,428
427781,3.79554,2.96993,430,36846,0.249942,0.11,1,176328,175898,430
430701,10.3591,3.79399,438,36903,0.249988,0.13,1,176340,175902,438
433621,17.2718,12.7588,442,36960,0.201998,0,1,176359,175917,442
436541,26.6544,19.3518,450,37017,0.1124,0.03,1,176388,175938,450
438001,166.131,26.2704,623,37074,0.19048,0.13,1,176589,175966,623
440921,54.8262,166.054,449,37131,0.206096,0.13,1,176616,176167,449
443841,33.3652,50.8108,455,37188,0.209219,0.15,1,176644,176189,455
446761,8.27305,33.3622,428,37245,0.209844,0.15,1,176646,176218,428
449681,21.6546,25.0724,430,37302,0.225969,0.23,1,176671,176241,430
452601,53.9309,52.2145,433,37359,0.245194,0.25,1,176733,176300,433
455521,27.5862,26.4429,434,37416,0.281039,0.25,1,176754,176320,434
458441,7.11724,6.88858,434,37472,0.320208,0.25,1,176756,176322,434
461361,3.02345,2.97772,434,37528,0.296042,0.25,1,176758,176324,434
464281,3.80469,3.79554,434,37584,0.291208,0.25,1,176762,176328,434
467201,10.3609,10.3591,434,37640,0.290242,0.19,1,176774,176340,434
470121,11.6722,17.2718,427,37696,0.290048,0.09,1,176786,176359,427
473041,24.7344,26.6544,426,37752,0.29001,0.21,1,176814,176388,426
475961,191.347,166.131,458,37808,0.274002,0.21,1,177047,176589,458
478881,60.6694,54.8262,459,37864,0.2708,0.21,1,177075,176616,459
481801,13.7339,33.3652,433,37920,0.28616,0.21,1,177077,176644,433
484721,23.5468,8.27305,457,37976,0.305232,0.23,1,177103,176646,457
487641,55.1094,21.6546,495,38032,0.309046,0.25,1,177166,176671,495
490561,29.4219,53.9309,456,38088,0.293809,0.29,1,177189,176733,456
493481,7.48437,27.5862,437,38143,0.306762,0.33,1,177191,176754,437
496401,3.09687,7.11724,437,38198,0.309352,0.29,1,177193,176756,437
499321,3.81937,3.02345,439,38253,0.30987,0.29,1,177197,176758,439
502241,10.3639,3.80469,447,38308,0.309974,0.29,1,177209,176762,447
505161,11.6728,10.3609,447,38363,0.325995,0.29,1,177221,176774,447
508081,24.7346,11.6722,463,38418,0.345199,0.29,1,177249,176786,463
509541,165.747,24.7344,636,38473,0.34904,0.27,1,177450,176814,636
512461,58.7494,191.347,435,38528,0.397808,0.27,1,177482,177047,435
515381,34.9499,60.6694,436,38583,0.439562,0.29,1,177511,177075,436
518301,8.58997,13.7339,436,38638,0.447912,0.29,1,177513,177077,436
521221,22.518,2.74677,462,38693,0.417582,0.31,1,177539,177077,462
524141,54.9036,21.3494,499,38748,0.395517,0.31,1,177602,177103,499
527061,29.3807,54.6699,459,38803,0.391103,0.29,1,177625,177166,459
529981,7.47614,29.334,438,38857,0.390221,0.31,1,177627,177189,438
532901,3.09523,7.46679,438,38911,0.390044,0.31,1,177629,177191,438
535821,3.81905,3.09336,440,38965,0.406009,0.31,1,177633,177193,440
538741,11.1638,3.81867,449,39019,0.425202,0.31,1,177646,177197,449
541661,12.6328,10.3637,450,39073,0.44504,0.33,1,177659,177209,450
544581,24.9266,11.6727,466,39127,0.417008,0.35,1,177687,177221,466
546041,165.785,24.7345,639,39181,0.443402,0.35,1,177888,177249,639
548961,60.3571,165.747,472,39235,0.44868,0.41,1,177922,177450,472
551881,36.0714,58.7494,470,39289,0.481736,0.45,1,177952,177482,470
554801,8.81428,34.9499,443,39343,0.488347,0.45,1,177954,177511,443
557721,22.5629,8.58997,467,39397,0.489669,0.41,1,177980,177513,467
560641,54.1126,22.518,503,39451,0.521934,0.39,1,178042,177539,503
563561,30.0225,54.9036,464,39505,0.560387,0.39,1,178066,177602,464
566481,7.6045,29.3807,443,39558,0.568077,0.39,1,178068,177625,443
569401,3.1209,7.47614,443,39611,0.569615,0.39,1,178070,177627,443
572321,3.82418,3.09523,445,39664,0.569923,0.41,1,178074,177629,445
575241,11.9648,3.81905,455,39717,0.585985,0.43,1,178088,177633,455
578161,11.993,11.1638,454,39770,0.589197,0.45,1,178100,177646,454
581081,24.7986,12.6328,469,39823,0.605839,0.41,1,178128,177659,469
582541,165.76,24.9266,642,39876,0.689168,0.45,1,178329,177687,642
585461,63.5519,165.785,479,39929,0.737834,0.45,1,178367,177888,479
588381,36.7104,60.3571,475,39982,0.747567,0.49,1,178397,177922,475
591301,8.94208,36.0714,447,40035,0.749513,0.49,1,178399,177952,447
594221,23.3884,8.81428,472,40088,0.765903,0.49,2,178426,177954,472
597141,6.27768,22.5629,448,40141,0.801181,0.53,2,178428,177980,448
600061,50.8555,54.1126,448,40194,0.808236,0.57,2,178490,178042,448
602981,30.9711,30.0225,450,40247,0.841647,0.57,2,178516,178066,450
605901,7.79422,7.6045,450,40299,0.816329,0.57,2,178518,178068,450
608821,3.15884,3.1209,450,40351,0.811266,0.57,2,178520,178070,450
611741,3.83177,3.82418,450,40403,0.810253,0.59,2,178524,178074,450
614661,12.7664,11.9648,451,40455,0.858051,0.59,2,178539,178088,451
617581,12.1533,11.993,451,40507,0.83561,0.61,2,178551,178100,451
620501,26.4307,24.7986,453,40559,0.895122,0.71,2,178581,178128,453
623421,200.486,165.76,496,40611,0.891024,0.75,2,178825,178329,496
626341,64.8972,63.5519,489,40663,0.890205,0.75,2,178856,178367,489
629261,14.5794,36.7104,461,40715,0.922041,0.75,2,178858,178397,461
632181,26.1159,8.94208,488,40767,0.880408,0.77,2,178887,178399,488
635101,6.82318,23.3884,463,40819,0.872082,0.81,2,178889,178426,463
638021,50.9646,6.27768,523,40871,0.886416,0.81,2,178951,178428,523
640941,30.9929,50.8555,487,40923,0.905283,0.85,2,178977,178490,487
643861,7.79859,30.9711,463,40975,0.909057,0.81,2,178979,178516,463
646781,3.15972,7.79422,463,41027,0.909811,0.81,2,178981,178518,463
649701,3.83194,3.15884,465,41078,0.909962,0.81,2,178985,178520,465
652621,13.5664,3.83177,477,41129,0.909992,0.87,2,179001,178524,477
655541,13.1133,12.7664,475,41180,0.893999,0.83,2,179014,178539,475
658461,27.4227,12.1533,494,41231,0.8908,0.91,2,179045,178551,494
883301,52,28,446,20544,0.11,0.11,1,182158,181712,446
886221,53.6,40,457,20647,0.142,0.11,1,182212,181755,457
889141,52.32,51.2,455,20750,0.0684,0.07,1,182264,181809,455
892061,44.064,66.24,427,20852,0.05368,0,1,182306,181879,427
894981,20.8128,18.848,435,20954,0.018736,0.11,1,182321,181886,435
897901,149.763,140.57,446,21055,0.171747,0.07,1,182503,182057,446
900821,52.3525,67.3139,425,21156,0.234349,0.11,1,182531,182106,425
903741,53.6705,55.0628,427,21256,0.32687,0.15,1,182585,182158,427
906661,55.5341,54.2126,429,21356,0.313374,0.05,1,182641,182212,429
909581,47.9068,52.4425,423,21455,0.358675,0.05,1,182687,182264,423
912501,43.1814,44.0885,423,21554,0.463735,0.01,1,182729,182306,423
915421,22.2363,20.8177,425,21652,0.404747,0.21,1,182746,182321,425
918341,155.647,149.764,432,21750,0.632949,0.25,1,182935,182503,432
921261,55.1294,52.3527,434,21848,0.71059,0.35,1,182965,182531,434
924181,56.6259,53.6705,437,21945,0.862118,0.31,2,183022,182585,437
927101,56.1252,55.5341,437,22042,0.868424,0.37,2,183078,182641,437
930021,49.625,47.9068,439,22138,0.853685,0.49,2,183126,182687,439
932941,47.525,43.1814,444,22234,0.970737,0.39,2,183173,182729,444
1007401,35,28,494,24591,0,1,1,184865,184371,494
1010321,47.8,59.2,478,24677,0.072,1,1,184916,184438,478
1013241,32.76,35.04,478,24763,0.0224,1,1,184945,184467,478
1016161,39.352,36.608,482,24849,0.01248,1,1,184986,184504,482
1019081,49.4704,48.1216,483,24934,0.010496,1,1,185038,184555,483
1022001,35.4941,40.8243,476,25019,0.0420992,0.88,1,185070,184594,476
1024921,16.6988,26.5649,465,25104,0.0484198,0.01,1,185082,184617,465
1027841,140.94,175.713,424,25188,0.00968397,0,1,185254,184830,424
1030761,56.988,63.1426,425,25272,0.537937,0.09,1,185290,184865,425
1033681,50.5976,53.4285,423,25356,0.499587,0.01,1,185339,184916,423
1036601,32.5195,33.8857,422,25440,0.475917,0.01,1,185367,184945,422
1039521,38.5039,6.77714,462,25523,0.391183,0.01,1,185407,184945,462
1042441,51.7008,34.1554,476,25606,0.262237,0.01,1,185462,184986,476
1045361,35.1402,48.4311,455,25689,0.220447,0.05,1,185493,185038,455
1048281,15.028,35.2862,433,25771,0.244089,0.05,1,185503,185070,433
1051201,141.406,16.6572,594,25853,0.0488179,0,1,185676,185082,594
1054121,81.0811,140.931,488,25935,0.0337636,0.67,1,185742,185254,488
1057041,48.2162,56.9863,492,26017,0.0627527,0.49,1,185782,185290,492
1059961,29.6432,50.5973,468,26098,0.0525505,0.47,1,185807,185339,468
1062881,35.5286,32.5195,477,26179,0.0985101,0.37,1,185844,185367,477
1065801,47.1057,38.5039,487,26260,0.123702,0.23,1,185894,185407,487
1068721,35.0211,51.7008,464,26341,0.17674,0.21,1,185926,185462,464
1071641,12.6042,35.1402,440,26421,0.219348,0.25,1,185933,185493,440
1074561,134.521,15.028,595,26501,0.0518696,0,1,186098,185503,595
1077481,80.5042,141.406,489,26581,0.0503739,0.03,1,186165,185676,489
1080401,48.9008,81.0811,464,26661,0.0500748,0.07,1,186206,185742,464
1083321,29.7802,48.2162,449,26740,0.066015,0.05,1,186231,185782,449
1086241,37.156,29.6432,463,26819,0.101203,0.11,1,186270,185807,463
1089161,48.2312,35.5286,477,26898,0.108241,0.13,1,186321,185844,477
1092081,11.2462,47.1057,429,26977,0.109648,0.19,1,186323,185894,429
1095001,30.2492,35.0211,432,27056,0.0939296,0.23,1,186358,185926,432
1097921,10.8498,12.6042,431,27134,0.106786,0.01,1,186364,185933,431
1100841,127.77,134.521,423,27212,0.0453572,0.05,1,186521,186098,423
1103761,79.954,80.5042,424,27290,0.0170714,0.05,1,186589,186165,424
1106681,48.7908,48.9008,424,27368,0.0594143,0.07,1,186630,186206,424
1109601,30.5582,29.7802,425,27445,0.0678829,0.11,1,186656,186231,425
1112521,38.9116,37.156,427,27522,0.0695766,0.11,1,186697,186270,427
1115441,48.5823,48.2312,427,27599,0.101915,0.11,1,186748,186321,427
1118361,11.3165,11.2462,427,27676,0.0763831,0.09,1,186750,186323,427
1121281,28.6633,30.2492,425,27753,0.103277,0.11,1,186783,186358,425
1124201,10.5327,10.8498,425,27829,0.124655,0.03,1,186789,186364,425
1127121,125.307,127.77,422,27905,0.192931,0.01,1,186943,186521,422
1130041,80.2613,79.954,423,27981,0.174586,0.07,1,187012,186589,423
1132961,50.4523,48.7908,425,28057,0.122917,0.07,1,187055,186630,425
1135881,30.8905,30.5582,425,28132,0.112583,0.07,1,187081,186656,425
1138801,39.7781,38.9116,426,28207,0.110517,0.11,1,187123,186697,426
1141721,47.9556,48.5823,425,28282,0.126103,0.07,1,187173,186748,425
1144641,11.1911,11.3165,425,28357,0.129221,0.07,1,187175,186750,425
1147561,28.6382,2.26329,458,28432,0.145844,0.11,1,187208,186750,458
1150481,10.5276,26.8527,431,28506,0.117169,0.13,1,187214,186783,431
1153401,128.506,10.1705,583,28580,0.223434,0.21,1,187372,186789,583
1156321,79.3011,125.234,496,28654,0.260687,0.17,1,187439,186943,496
1159241,49.4602,80.2468,469,28728,0.284137,0.11,1,187481,187012,469
1162161,30.692,50.4494,452,28802,0.320827,0.11,1,187507,187055,452
1165081,38.9384,30.8899,467,28876,0.344166,0.11,1,187548,187081,467
1168001,47.7877,39.778,475,28949,0.364833,0.13,1,187598,187123,475
1170921,11.1575,47.9556,427,29022,0.368967,0.13,1,187600,187173,427
1173841,29.4315,11.1911,459,29095,0.385793,0.15,1,187634,187175,459
1176761,10.6863,28.6382,432,29168,0.389159,0.11,1,187640,187208,432
1179681,134.137,10.5276,591,29241,0.453832,0.25,1,187805,187214,591
1182601,81.2275,128.506,501,29313,0.482766,0.27,1,187873,187372,501
1185521,51.4455,79.3011,478,29385,0.520553,0.29,1,187917,187439,478
1188441,31.8891,49.4602,463,29457,0.512111,0.33,1,187944,187481,463
1191361,39.9778,30.692,479,29529,0.510422,0.35,1,187986,187507,479
1194281,49.5956,38.9384,490,29601,0.526084,0.37,1,188038,187548,490
1197201,11.5191,47.7877,442,29673,0.529217,0.37,1,188040,187598,442
1200121,29.5038,11.1575,474,29744,0.577843,0.39,1,188074,187600,474
1203041,10.7008,29.4315,446,29815,0.587569,0.39,1,188080,187634,446
1205961,3.74015,10.6863,442,29886,0.589514,0.47,1,188082,187640,442
1208881,135.148,134.137,445,29957,0.605903,0.49,1,188250,187805,445
1211801,82.2296,81.2275,446,30028,0.561181,0.53,1,188319,187873,446
1214721,53.2459,51.4455,448,30098,0.552236,0.51,1,188365,187917,448
1217641,31.4492,31.8891,447,30168,0.550447,0.51,1,188391,187944,447
1220561,39.8898,39.9778,447,30238,0.614089,0.53,1,188433,187986,447
1223481,51.978,49.5956,450,30308,0.610818,0.53,1,188488,188038,450
1226401,11.9956,11.5191,450,30378,0.642164,0.59,1,188490,188040,450
1229321,30.3991,29.5038,451,30448,0.680433,0.59,1,188525,188074,451
1232241,10.8798,10.7008,451,30518,0.688087,0.59,1,188531,188080,451
1235161,3.77596,3.74015,451,30587,0.657617,0.61,1,188533,188082,451
1238081,134.355,135.148,450,30656,0.715523,0.55,1,188700,188250,450
1241001,81.271,82.2296,449,30725,0.743105,0.55,1,188768,188319,449
1243921,53.0542,53.2459,449,30794,0.812621,0.55,2,188814,188365,449
1246841,33.0108,31.4492,451,30863,0.826524,0.63,2,188842,188391,451
1249761,41.8022,39.8898,453,30932,0.829305,0.61,2,188886,188433,453
1252681,51.5604,51.978,452,31000,0.829861,0.65,2,188940,188488,452
1255601,11.9121,11.9956,452,31068,0.829972,0.69,2,188942,188490,452
1258521,31.9824,30.3991,454,31136,0.797994,0.69,2,188979,188525,454
1261441,11.1965,10.8798,454,31204,0.759599,0.65,2,188985,188531,454
1264361,3.8393,3.77596,454,31272,0.78392,0.73,2,188987,188533,454
1267281,135.968,134.355,456,31340,0.852784,0.73,2,189156,188700,456
1270201,83.1936,26.871,526,31408,0.882557,0.75,2,189226,188700,526
1273121,55.0387,59.7742,506,31475,0.888511,0.83,2,189274,188768,506
1276041,31.8077,48.7548,486,31542,0.889702,0.83,2,189300,188814,486
1278961,43.1615,32.151,504,31609,0.92194,0.83,2,189346,188842,504
1427881,54,16,534,34859,0.41,1,1,191623,191089,534
1430801,49.2,60.8,510,34920,0.17,1,1,191671,191161,510
1433721,36.24,36.96,512,34981,0.042,1,1,191704,191192,512
1436641,30.448,30.592,512,35041,0.0644,1,1,191733,191221,512
1439561,29.2896,26.1184,516,35101,0.01288,1,1,191762,191246,516
1442481,36.2579,45.2237,504,35161,0.026576,1,1,191800,191296,504
1445401,31.2516,31.4447,506,35221,0.0613152,1,1,191830,191324,506
1448321,18.2503,26.2889,496,35281,0.052263,1,1,191845,191349,496
1451241,18.8501,22.0578,494,35341,0.0504526,0.96,1,191864,191370,494
1454161,107.77,21.2116,603,35401,0.114091,0.69,1,191994,191391,603
1457081,42.354,120.242,484,35461,0.0948181,0.67,1,192020,191536,484
1460001,38.0708,50.4485,488,35521,0.154964,0.41,1,192057,191569,488
1462921,38.8142,53.2897,473,35581,0.134993,0.11,1,192096,191623,473
1465841,32.5628,49.0579,456,35640,0.0669985,0.01,1,192127,191671,456
1468761,8.11257,36.2116,425,35699,0.0533997,0.07,1,192129,191704,425
1471681,26.4225,30.4423,427,35758,0.0506799,0,1,192160,191733,427
1474601,26.8845,29.2885,425,35817,0.010136,0.03,1,192187,191762,425
1477521,33.3769,36.2577,422,35876,0.0580272,0.07,1,192222,191800,422
1480441,33.0754,31.2515,425,35935,0.0676054,0.05,1,192255,191830,425
1483361,17.0151,18.2503,423,35994,0.0375211,0.05,1,192268,191845,423
1486281,21.003,18.8501,426,36053,0.0475042,0.13,1,192290,191864,426
1489201,109.801,107.77,428,36112,0.225501,0.09,1,192422,191994,428
1492121,44.3601,42.354,430,36171,0.2931,0.17,1,192450,192020,430
1495041,38.472,38.0708,430,36229,0.38662,0.13,1,192487,192057,430
1497961,37.2944,38.8142,428,36287,0.357324,0.05,1,192524,192096,428
1500881,29.0589,32.5628,424,36345,0.335465,0.05,1,192551,192127,424
1503801,7.41178,8.11257,424,36403,0.331093,0.05,1,192553,192129,424
1506721,26.2824,26.4225,424,36461,0.282219,0,1,192584,192160,424
1509641,25.2565,26.8845,422,36519,0.320444,0.07,1,192609,192187,422
1512561,33.0513,33.3769,422,36577,0.232089,0.07,1,192644,192222,422
1515481,33.0103,33.0754,422,36635,0.230418,0.03,1,192677,192255,422
1518401,17.0021,17.0151,422,36693,0.214084,0.05,1,192690,192268,422
1521321,21.8004,21.003,423,36751,0.146817,0.27,1,192713,192290,423
1524241,117.96,109.801,433,36809,0.437363,0.31,1,192855,192422,433
1527161,49.192,44.3601,437,36866,0.559473,0.41,1,192887,192450,437
1530081,41.8384,38.472,440,36923,0.663894,0.35,1,192927,192487,440
1533001,37.1677,37.2944,439,36980,0.684779,0.33,1,192963,192524,439
1535921,28.2335,29.0589,438,37037,0.656956,0.33,1,192989,192551,438
1538841,7.24671,7.41178,438,37094,0.683391,0.27,1,192991,192553,438
1541761,26.2493,26.2824,438,37151,0.704678,0.27,1,193022,192584,438
1544681,22.0499,5.25647,459,37208,0.756936,0.33,2,193043,192584,459
1547601,28.41,21.0513,464,37265,0.815387,0.21,2,193073,192609,464
1550521,32.882,32.2103,463,37322,0.859077,0.23,2,193107,192644,463
1553441,13.7764,32.8421,439,37379,0.851815,0.21,2,193116,192677,439
1556361,21.9553,16.9684,450,37436,0.882363,0.13,2,193140,192690,450
1649801,29,30,482,39200,0.82,1,2,194440,193958,482
1652721,24.2,22.8,484,39254,0.748,1,1,194463,193979,484
1655641,31.24,26.96,489,39308,0.7496,1,1,194496,194007,489
1658561,27.848,26.192,490,39362,0.66992,1,1,194523,194033,490
1661481,20.7696,22.0384,488,39416,0.637984,1,1,194542,194054,488
1664401,26.5539,21.2077,495,39470,0.567597,1,1,194570,194075,495
1667321,29.3108,28.2415,495,39524,0.633519,1,1,194600,194105,495
1670241,100.262,112.048,480,39577,0.294704,1,1,194718,194238,480
1673161,50.4524,60.8097,470,39630,0.242941,0.89,1,194756,194286,470
1676081,44.4905,45.7619,471,39683,0.0725882,1,1,194799,194328,471
1679001,33.6981,34.7524,470,39736,0.0385176,0.93,1,194830,194360,470
1681921,26.7396,30.1505,466,39789,0.0157035,0.9,1,194855,194389,466
1684841,25.3479,23.6301,469,39842,0.0591407,0.82,1,194880,194411,469
1687761,21.8696,27.926,461,39895,0.651828,0.73,1,194901,194440,461
1690681,21.9739,23.9852,460,39948,0.762366,0.75,2,194923,194463,460
1693601,27.5948,31.197,456,40001,0.768473,0.65,2,194952,194496,456
1696521,23.919,27.8394,452,40054,0.721695,0.63,1,194975,194523,452
1699441,18.3838,20.7679,450,40107,0.728339,0.63,1,194992,194542,450
1702361,26.0768,4.15358,478,40160,0.729668,0.55,1,195020,194542,478
1705281,30.0154,23.2307,481,40213,0.777934,0.65,2,195051,194570,481
1708201,83.6031,28.6461,548,40266,0.723587,0.21,1,195148,194600,548
1711121,48.7206,100.129,470,40318,0.696717,0.23,1,195188,194718,470
1714041,35.3441,50.4258,464,40370,0.563343,0.03,1,195220,194756,464
1716961,31.8688,44.4852,452,40422,0.568669,0.03,1,195251,194799,452
1719881,26.3738,33.697,446,40474,0.553734,0.01,1,195276,194830,446
1722801,58.8748,26.7394,488,40526,0.534747,0.07,1,195343,194855,488
1725721,24.575,25.3479,479,40578,0.530949,0.8,1,195359,194880,479
1728641,22.515,21.8696,480,40630,0.53019,0.79,1,195381,194901,480
1731561,26.903,21.9739,486,40682,0.530038,0.77,1,195409,194923,486
1734481,22.9806,27.5948,479,40734,0.530008,0.71,1,195431,194952,479
1737401,18.9961,23.919,474,40786,0.530002,0.73,1,195449,194975,474
1740321,27.7992,18.3838,487,40838,0.53,0.73,1,195479,194992,487
1743241,31.1598,26.0768,491,40890,0.578,0.79,1,195511,195020,491
1746161,80.632,30.0154,553,40942,0.5716,0.71,1,195604,195051,553
1749081,46.5264,83.6031,494,40994,0.58632,0.69,1,195642,195148,494
1752001,30.1053,48.7206,480,41045,0.525264,0.53,1,195668,195188,480
1754921,31.6211,35.3441,480,41096,0.529053,0.57,1,195700,195220,480
1757841,25.5242,31.8688,473,41147,0.529811,0.55,1,195724,195251,473
1760761,57.9048,26.3738,514,41198,0.529962,0.53,1,195790,195276,514
1763681,24.381,58.8748,463,41249,0.529992,0.53,1,195806,195343,463
1766601,22.4762,24.575,469,41300,0.529999,0.53,1,195828,195359,469
1769521,26.8952,22.515,475,41351,0.53,0.53,1,195856,195381,475
1772441,22.979,26.903,469,41402,0.562,0.53,1,195878,195409,469
1775361,18.9958,22.9806,465,41453,0.5684,0.53,1,195896,195431,465
1778281,27.7992,18.9961,477,41504,0.56968,0.53,1,195926,195449,477
1781201,7.15983,27.7992,449,41555,0.569936,0.59,1,195928,195479,449
1784121,28.632,31.1598,451,41606,0.585987,0.57,1,195962,195511,451
1787041,79.3264,80.632,450,41657,0.605197,0.59,1,196054,195604,450
1789961,45.4653,46.5264,449,41708,0.609039,0.51,1,196091,195642,449
1792881,29.8931,30.1053,449,41759,0.593808,0.53,1,196117,195668,449
1795801,30.7786,31.6211,448,41810,0.622762,0.53,1,196148,195700,448
1798721,25.3557,25.5242,448,41860,0.660552,0.53,1,196172,195724,448
1801641,57.8711,57.9048,448,41910,0.70011,0.53,1,196238,195790,448
1804561,24.3742,24.381,448,41960,0.708022,0.53,1,196254,195806,448
1807481,22.4748,22.4762,448,42010,0.709604,0.53,1,196276,195828,448
1810401,28.495,26.8952,450,42060,0.693921,0.57,1,196306,195856,450
1813321,23.299,22.979,450,42110,0.754784,0.57,2,196328,195878,450
1816241,19.0598,18.9958,450,42160,0.766957,0.57,2,196346,195896,450
1819161,27.812,27.7992,450,42210,0.737391,0.57,1,196376,195926,450
1822081,7.16239,7.15983,450,42260,0.763478,0.59,2,196378,195928,450
1825001,28.6325,28.632,450,42310,0.736696,0.61,1,196412,195962,450
1827921,79.3265,79.3264,450,42360,0.811339,0.61,2,196504,196054,450
1830841,45.4653,45.4653,450,42410,0.810268,0.59,2,196541,196091,450
1833761,30.6931,29.8931,451,42460,0.858054,0.63,2,196568,196117,451
1836681,32.5386,30.7786,453,42510,0.867611,0.67,2,196601,196148,453
1839601,25.7077,25.3557,453,42560,0.869522,0.71,2,196625,196172,453
1842521,59.5415,57.8711,455,42610,0.885904,0.71,2,196693,196238,455
1845441,24.7083,24.3742,455,42660,0.889181,0.71,2,196709,196254,455
1848361,23.3417,22.4748,456,42709,0.905836,0.69,2,196732,196276,456
1851281,30.2683,28.495,458,42758,0.909167,0.77,2,196764,196306,458
1854201,23.6537,23.299,458,42807,0.925833,0.77,2,196786,196328,458
2073201,30,31,503,46360,0.85,1,2,199241,198738,503
2076121,27.6,24.6,507,46405,0.802,1,2,199268,198761,507
2079041,29.52,19.32,519,46450,0.7284,1,1,199298,198779,519
2081961,31.504,11.064,542,46495,0.68168,1,1,199330,198788,542
2084881,48.7008,47.8128,538,46540,0.608336,1,1,199383,198845,538
2087801,48.9402,71.1626,510,46585,0.529667,1,1,199432,198922,510
2090721,29.788,35.8325,508,46630,0.481933,1,1,199457,198949,508
2093641,25.9576,29.5665,505,46675,0.440387,1,1,199482,198977,505
2096561,22.7915,20.3133,509,46720,0.448077,1,1,199504,198995,509
2099481,19.7583,25.6627,501,46765,0.417615,1,1,199523,199022,501
2102401,22.3517,25.1325,499,46810,0.395523,1,1,199546,199047,499
2105321,26.0703,21.8265,505,46855,0.391105,0.96,1,199573,199068,505
2108241,40.4141,29.9653,517,46900,0.390221,1,1,199617,199100,517
2111161,31.2828,44.3931,498,46945,0.358044,0.85,1,199646,199148,498
2114081,29.4566,33.6786,496,46990,0.351609,0.85,1,199675,199179,496
2117001,29.0913,32.3357,493,47035,0.318322,0.85,1,199704,199211,493
2119921,23.4183,30.4671,485,47080,0.327664,0.79,1,199726,199241,485
2122841,25.4837,27.6934,484,47125,0.281533,0.71,1,199752,199268,484
2125761,31.4967,29.5387,487,47170,0.240307,0.67,1,199785,199298,487
2128681,44.6993,31.5077,503,47215,0.232061,0.59,1,199833,199330,503
2131601,44.1399,48.7015,494,47260,0.262412,0.51,1,199877,199383,494
2134521,24.828,48.9403,465,47305,0.220482,0.47,1,199897,199432,465
2137441,26.5656,29.7881,467,47350,0.228096,0.43,1,199924,199457,467
2140361,6.91312,25.9576,444,47395,0.229619,0.45,1,199926,199482,444
2143281,18.1826,22.7915,443,47439,0.245924,0.41,1,199947,199504,443
2146201,18.0365,19.7583,442,47483,0.249185,0.39,1,199965,199523,442
2149121,23.6073,22.3517,444,47527,0.233837,0.39,1,199990,199546,444
2152041,23.1215,26.0703,440,47571,0.222767,0.39,1,200013,199573,440
2154961,39.0243,40.4141,439,47615,0.244553,0.35,1,200056,199617,439
2157881,30.2049,31.2828,438,47659,0.248911,0.35,1,200084,199646,438
2160801,28.441,29.4566,437,47703,0.233782,0.31,1,200112,199675,437
2163721,29.6882,29.0913,438,47747,0.310756,0.33,1,200142,199704,438
2166641,21.9376,23.4183,436,47791,0.294151,0.27,1,200162,199726,436
2169561,23.5875,25.4837,434,47835,0.30683,0.23,1,200186,199752,434
2172481,31.1175,31.4967,434,47879,0.309366,0.23,1,200219,199785,434
2175401,43.8235,44.6993,433,47923,0.325873,0.27,1,200266,199833,433
2178321,44.7647,44.1399,434,47967,0.313175,0.21,1,200311,199877,434
2181241,24.1529,24.828,433,48011,0.326635,0.23,1,200330,199897,433
2184161,27.2306,26.5656,434,48055,0.329327,0.23,1,200358,199924,434
2187081,7.04612,6.91312,434,48099,0.329865,0.25,1,200360,199926,434
2190001,16.6092,18.1826,432,48143,0.409973,0.25,1,200379,199947,432
2192921,17.7218,18.0365,432,48187,0.409995,0.23,1,200397,199965,432
2195841,22.7444,23.6073,431,48231,0.393999,0.22,1,200421,199990,431
2198761,23.7489,23.1215,432,48275,0.5908,0.25,1,200445,200013,432
2201681,40.7498,39.0243,434,48319,0.60616,0.25,1,200490,200056,434
2204601,27.35,30.2049,430,48363,0.641232,0.23,1,200514,200084,430
2207521,31.07,28.441,434,48407,0.664246,0.33,1,200546,200112,434
2210441,30.214,29.6882,434,48451,0.668849,0.29,1,200576,200142,434
2213361,23.6428,21.9376,436,48494,0.66977,0.31,1,200598,200162,436
2216281,23.1286,23.5875,435,48537,0.701954,0.31,1,200621,200186,435
2219201,32.6257,31.1175,437,48580,0.756391,0.33,2,200656,200219,437
2222121,44.9251,43.8235,438,48623,0.735278,0.31,1,200704,200266,438
2225041,44.185,44.7647,437,48666,0.763056,0.33,2,200748,200311,437
2227961,23.237,24.1529,436,48709,0.752611,0.33,2,200766,200330,436
2230881,28.6474,27.2306,438,48752,0.814522,0.33,2,200796,200358,438
2233801,7.32948,7.04612,438,48795,0.826904,0.43,2,200798,200360,438
2236721,19.0659,16.6092,441,48838,0.829381,0.43,2,200820,200379,441
2239641,16.6132,3.32184,457,48881,0.829876,0.41,2,200836,200379,457
2242561,23.3226,15.0644,464,48924,0.845975,0.39,2,200861,200397,464
2245481,31.8645,22.2129,474,48967,0.913195,0.64,2,200895,200421,474
2248401,43.1729,23.6426,496,49010,0.926639,0.61,2,200941,200445,496
2446961,68,66,506,23541,0.01,0.87,1,203022,202516,506
2449881,62.4,75.6,489,23631,0.026,0.69,1,203083,202594,489
2452801,72.48,69.52,496,23721,0.0932,0.43,1,203158,202662,496
2455721,52.096,77.904,463,23810,0.07464,0.25,1,203205,202742,463
2458641,32.0192,51.5808,445,23899,0.086928,0.11,1,203232,202787,445
2461561,19.2038,33.5162,432,23988,0.0733856,0.03,1,203248,202816,432
2464481,34.2408,22.7032,450,24076,0.0386771,0.05,1,203286,202836,450
2467401,79.6482,98.9406,423,24164,0.0637354,0.01,1,203377,202954,423
2470321,71.9296,74.1881,425,24252,0.0127471,0.03,1,203447,203022,425
2473241,62.3859,63.6376,424,24339,0.0265494,0.11,1,203507,203083,424
2476161,74.0772,72.7275,426,24426,0.0613099,0.07,1,203584,203158,426
2479081,51.6154,52.1455,425,24513,0.068262,0.09,1,203630,203205,425
2482001,32.7231,32.0291,426,24599,0.117652,0.07,1,203658,203232,426
2484921,16.9446,19.2058,423,24685,0.11153,0.03,1,203671,203248,423
2487841,34.5889,34.2412,424,24771,0.0463061,0.07,1,203710,203286,424
2490761,80.5178,79.6482,425,24857,0.0492612,0,1,203802,203377,425
2493681,69.7036,71.9296,422,24942,0.0818522,0.03,1,203869,203447,422
2496601,64.3407,62.3859,425,25027,0.0563704,0.07,1,203932,203507,425
2499521,72.8681,74.0772,423,25112,0.0832741,0.07,1,204007,203584,423
2502441,53.7736,51.6154,426,25196,0.120655,0.13,1,204056,203630,426
2505361,33.1547,32.7231,426,25280,0.128131,0.11,1,204084,203658,426
2508281,18.6309,16.9446,428,25364,0.113626,0.03,1,204099,203671,428
2511201,30.1262,34.5889,422,25448,0.126725,0.03,1,204132,203710,422
2514121,79.6252,6.91778,514,25531,0.113345,0.05,1,204224,203710,514
2517041,68.725,74.9836,488,25614,0.142669,0.09,1,204290,203802,488
2519961,65.745,68.5967,486,25697,0.100534,0.05,1,204355,203869,486
2522881,74.749,64.1193,500,25779,0.124107,0.09,1,204432,203932,500
2525801,54.1498,72.8239,474,25861,0.144821,0.13,1,204481,204007,474
2528721,33.23,53.7648,453,25943,0.164964,0.13,1,204509,204056,453
2531641,19.446,33.153,441,26025,0.168993,0.11,1,204525,204084,441
2534561,29.4892,18.6306,458,26106,0.169799,0.13,1,204557,204099,458
2537481,80.2978,30.1261,518,26187,0.23396,0.11,1,204650,204132,518
2540401,70.4596,79.6252,494,26268,0.278792,0.15,1,204718,204224,494
2543321,62.0919,68.725,488,26349,0.351758,0.09,1,204778,204290,488
2546241,77.2184,65.745,504,26429,0.414352,0.13,1,204859,204355,504
2549161,55.4437,74.749,477,26509,0.44287,0.15,1,204909,204432,477
2552081,34.2887,54.1498,457,26589,0.480574,0.17,1,204938,204481,457
2555001,19.6577,33.23,445,26669,0.488115,0.17,1,204954,204509,445
2557921,29.5315,19.446,461,26748,0.489623,0.17,1,204986,204525,461
2560841,83.5063,29.4892,526,26827,0.489925,0.25,1,205083,204557,526
2563761,74.3013,80.2978,505,26906,0.505985,0.29,1,205155,204650,505
2566681,16.4603,70.4596,439,26985,0.509197,0.37,1,205157,204718,439
2569601,52.092,62.0919,440,27063,0.509839,0.43,1,205218,204778,440
2572521,77.6184,77.2184,443,27141,0.477968,0.45,1,205302,204859,443
2575441,57.9237,55.4437,446,27219,0.519594,0.49,1,205355,204909,446
2578361,34.7847,34.2887,446,27297,0.543919,0.49,1,205384,204938,446
2581281,19.7569,19.6577,446,27375,0.548784,0.49,1,205400,204954,446
2584201,29.5514,29.5315,446,27452,0.565757,0.49,1,205432,204986,446
2587121,83.5103,83.5063,446,27529,0.521151,0.51,1,205529,205083,446
2590041,73.5021,74.3013,445,27606,0.56023,0.51,1,205600,205155,445
2592961,16.3004,16.4603,445,27683,0.568046,0.51,1,205602,205157,445
2595881,53.6601,52.092,447,27760,0.617609,0.47,1,205665,205218,447
2598801,77.132,77.6184,446,27836,0.627522,0.53,1,205748,205302,446
2601721,57.8264,57.9237,446,27912,0.645504,0.55,1,205801,205355,446
2604641,35.5653,34.7847,447,27988,0.681101,0.55,1,205831,205384,447
2607561,19.9131,19.7569,447,28064,0.68822,0.57,1,205847,205400,447
2610481,30.3826,29.5514,448,28139,0.705644,0.51,1,205880,205432,448
2613401,82.8765,83.5103,447,28214,0.709129,0.57,1,205976,205529,447
2616321,74.1753,73.5021,448,28289,0.757826,0.57,2,206048,205600,448
2619241,16.4351,16.3004,448,28364,0.735565,0.57,1,206050,205602,448
2622161,56.087,3.26008,514,28439,0.811113,0.63,2,206116,205602,514
2625081,76.8174,51.052,533,28513,0.810223,0.63,2,206198,205665,533
2628001,59.3635,76.6104,505,28587,0.826045,0.65,2,206253,205748,505
2630921,36.6727,57.7221,483,28661,0.813209,0.69,2,206284,205801,483
2633841,20.1345,35.5444,469,28735,0.810642,0.69,2,206300,205831,469
2636761,31.2269,19.9089,487,28809,0.842128,0.71,2,206334,205847,487
2639681,84.6454,30.3818,552,28882,0.880426,0.71,2,206432,205880,552
2642601,75.3291,82.8764,529,28955,0.920085,0.77,2,206505,205976,529
2645521,16.6658,74.1753,459,29028,0.928017,0.73,2,206507,206048,459
2768161,67,86,524,31947,0.57,1,1,208615,208091,524
2771081,30.2,44.4,511,32013,0.522,1,1,208636,208125,511
2774001,30.04,30.48,514,32079,0.4484,1,1,208666,208152,514
2776921,33.208,26.896,522,32145,0.46568,1,1,208700,208178,522
2779841,25.0416,30.1792,514,32211,0.437136,1,1,208723,208209,514
2782761,59.4083,27.6358,555,32277,0.335427,1,1,208791,208236,555
2785681,81.4817,72.7272,558,32343,0.315085,1,1,208878,208320,558
2788601,38.6963,85.7454,497,32408,0.343017,0.97,1,208906,208409,497
2791521,47.7393,38.7491,520,32473,0.332603,0.8,1,208956,208436,520
2794441,48.7479,52.5498,513,32538,0.314521,0.77,1,209005,208492,513
2797361,56.9496,55.31,516,32603,0.294904,0.57,1,209064,208548,516
2800281,21.7899,64.662,462,32668,0.274981,0.51,1,209077,208615,462
2803201,27.558,29.7324,470,32733,0.254996,0.43,1,209106,208636,470
2806121,7.1116,29.9465,442,32798,0.250999,0.47,1,209108,208666,442
2809041,27.8223,33.1893,441,32862,0.3142,0.43,1,209141,208700,441
2811961,20.7645,25.0379,437,32926,0.31084,0.31,1,209160,208723,437
2814881,58.5529,59.4076,437,32990,0.278168,0.31,1,209228,208791,437
2817801,82.1106,81.4815,438,33054,0.335634,0.35,1,209316,208878,438
2820721,38.8221,38.6963,438,33118,0.315127,0.33,1,209344,208906,438
2823641,46.1644,47.7393,436,33182,0.311025,0.31,1,209392,208956,436
2826561,47.6329,48.7479,435,33246,0.358205,0.29,1,209440,209005,435
2829481,57.5266,56.9496,436,33310,0.367641,0.27,1,209500,209064,436
2832401,21.1053,21.7899,435,33373,0.369528,0.25,1,209512,209077,435
2835321,26.6211,27.558,434,33436,0.401906,0.25,1,209540,209106,434
2838241,6.92421,7.1116,434,33499,0.408381,0.33,1,209542,209108,434
2841161,27.7848,27.8223,434,33562,0.409676,0.31,1,209575,209141,434
2844081,19.957,20.7645,433,33625,0.425935,0.27,1,209593,209160,433
2847001,59.9914,58.5529,435,33688,0.445187,0.35,1,209663,209228,435
2849921,83.9983,82.1106,437,33751,0.513037,0.31,1,209753,209316,437
2852841,39.1997,38.8221,437,33814,0.526607,0.31,1,209781,209344,437
2855761,46.2399,46.1644,437,33877,0.545322,0.37,1,209829,209392,437
2858681,48.448,47.6329,438,33939,0.629064,0.37,1,209878,209440,438
2861601,59.2896,57.5266,440,34001,0.645813,0.37,1,209940,209500,440
2864521,21.4579,21.1053,440,34063,0.649163,0.41,1,209952,209512,440
2867441,26.6916,26.6211,440,34125,0.617832,0.41,1,209980,209540,440
2870361,6.93832,6.92421,440,34187,0.611566,0.41,1,209982,209542,440
2873281,27.7877,27.7848,440,34249,0.634313,0.41,1,210015,209575,440
2876201,19.9575,5.55697,458,34311,0.638863,0.43,1,210033,209575,458
2879121,62.3915,15.5114,513,34373,0.663773,0.45,1,210106,209593,513
2882041,86.0783,59.1023,535,34435,0.700754,0.53,1,210198,209663,535
2884961,39.6157,83.8205,473,34496,0.708151,0.53,1,210226,209753,473
2887881,48.7231,39.1641,496,34557,0.69363,0.55,1,210277,209781,496
2890801,51.3446,46.2328,500,34618,0.722726,0.65,1,210329,209829,500
2893721,59.8689,48.4466,513,34679,0.744545,0.65,1,210391,209878,513
2896641,21.5738,59.2893,463,34740,0.748909,0.65,1,210403,209940,463
2899561,26.7148,21.4579,479,34801,0.765782,0.61,2,210431,209952,479
2902481,6.94295,26.6916,453,34862,0.785156,0.61,2,210433,209980,453
3054321,109,105,556,17042,0.03,0.59,1,212763,212207,556
3057241,76.2,141,474,17167,0.094,0.37,1,212831,212357,474
3060161,65.64,75.4,478,17291,0.0588,0.11,1,212894,212416,478
3063081,36.328,70.28,438,17414,0.01976,0.07,1,212923,212485,438
3066001,129.666,31.656,569,17536,0.027952,0.03,1,213076,212507,569
3068921,113.933,123.931,532,17657,0.0455904,0.03,1,213186,212654,532
3071841,79.5866,111.986,494,17777,0.0651181,0.11,1,213257,212763,494
3074761,64.7173,76.7972,487,17896,0.0850236,0.05,1,213318,212831,487
3077681,34.5435,65.7595,451,18015,0.121005,0.01,1,213345,212894,451
3080601,8.50869,36.3519,424,18133,0.128201,0.03,1,213347,212923,424
3083521,122.502,129.67,422,18250,0.0656402,0.05,1,213498,213076,422
3086441,113.3,113.934,423,18366,0.053128,0.07,1,213609,213186,423
3089361,81.0601,79.5868,425,18482,0.0986256,0.09,1,213682,213257,425
3092281,64.212,64.7174,424,18597,0.171725,0.13,1,213742,213318,424
3095201,37.6424,34.5435,428,18711,0.218345,0.13,1,213773,213345,428
3098121,9.12848,8.50869,428,18824,0.243669,0.05,1,213775,213347,428
3101041,118.626,122.502,423,18937,0.0887338,0.05,1,213921,213498,423
3103961,111.725,113.3,422,19049,0.0737468,0.11,1,214031,213609,422
3106881,83.145,81.0601,425,19160,0.0147494,0.19,1,214107,213682,425
3109801,69.429,64.212,431,19271,0.0589499,0.23,1,214173,213742,431
3112721,41.0858,37.6424,434,19381,0.06779,0.25,1,214207,213773,434
3115641,9.81716,9.12848,434,19490,0.037558,0.05,1,214209,213775,434
3118561,109.163,118.626,422,19599,0.127512,0.05,1,214343,213921,422
3121481,110.633,23.7251,533,19707,0.145502,0.07,1,214454,213921,533
3124401,81.3265,92.745,497,19815,0.1171,0,1,214528,214031,497
3127321,71.4653,79.349,490,19922,0.12742,0.07,1,214597,214107,490
3130241,40.6931,68.6698,457,20028,0.177484,0.07,1,214630,214173,457
3133161,9.73861,40.934,425,20134,0.187497,0.03,1,214632,214207,425
3136081,113.148,9.78679,562,20239,0.109499,0.15,1,214771,214209,562
3139001,109.83,109.157,537,20344,0.1099,0.15,1,214880,214343,537
3141921,81.1659,110.631,500,20448,0.09398,0.11,1,214954,214454,500
3144841,73.0332,81.3263,497,20552,0.154796,0.13,1,215025,214528,497
3147761,41.0066,71.4653,461,20655,0.166959,0.19,1,215058,214597,461
3150681,9.80133,40.6931,430,20758,0.169392,0.19,1,215060,214630,430
3153601,110.76,9.73861,564,20860,0.265878,0.09,1,215196,214632,564
3156521,110.152,113.148,535,20962,0.333176,0.11,1,215306,214771,535
3159441,23.6304,109.83,428,21063,0.346635,0.09,1,215308,214880,428
3162361,62.3261,81.1659,426,21164,0.381327,0.17,1,215380,214954,426
3165281,72.4652,73.0332,430,21264,0.404265,0.17,1,215455,215025,430
3168201,40.893,41.0066,430,21364,0.440853,0.17,1,215488,215058,430
3171121,9.77861,9.80133,430,21463,0.448171,0.29,1,215490,215060,430
3174041,115.556,110.76,436,21562,0.625634,0.35,1,215632,215196,436
3176961,113.511,110.152,439,21660,0.677127,0.35,1,215745,215306,439
3179881,24.3022,23.6304,439,21758,0.655425,0.39,1,215747,215308,439
3182801,63.2604,62.3261,440,21855,0.667085,0.41,1,215820,215380,440
3185721,75.0521,72.4652,443,21952,0.701417,0.45,1,215898,215455,443
3188641,42.2104,40.893,444,22049,0.724283,0.45,1,215932,215488,444
3191561,10.0421,9.77861,444,22145,0.728857,0.67,1,215934,215490,444
3194481,122.808,115.556,453,22241,0.761771,0.69,2,216085,215632,453
3197401,115.762,113.511,454,22336,0.864354,0.65,2,216199,215745,454
3200321,24.7523,24.3022,454,22431,0.884871,0.67,2,216201,215747,454
3203241,64.1505,63.2604,455,22526,0.872974,0.67,2,216275,215820,455
3206161,76.0301,12.6521,534,22620,0.870595,0.71,2,216354,215820,534
3209081,44.006,64.9304,492,22714,0.870119,0.73,2,216390,215898,492
3212001,10.4012,40.1861,460,22807,0.838024,0.73,2,216392,215932,460
3214921,123.68,9.63722,610,22900,0.863605,0.77,2,216544,215934,610
3217841,119.136,122.727,577,22993,0.852721,0.89,2,216662,216085,577
3220761,25.4272,115.745,465,23085,0.850544,0.89,2,216664,216199,465
3223681,65.0854,24.7491,538,23177,0.866109,0.87,2,216739,216201,538
3226601,76.2171,64.1498,543,23268,0.869222,0.87,2,216818,216275,543
3229521,42.4434,76.03,498,23359,0.869844,0.87,2,216852,216354,498
3232441,10.0887,44.006,464,23450,0.869969,0.83,2,216854,216390,464
3235361,125.218,10.4012,616,23540,0.933994,0.87,2,217008,216392,616
3299601,27,8,504,25447,0.75,1,2,218307,217803,504
3302521,18.2,1.6,520,25530,0.702,1,1,218323,217803,520
3305441,86.04,13.92,606,25613,0.5164,1,1,218426,217820,606
3308361,124.408,112.384,603,25696,0.17528,1,1,218560,217957,603
3311281,46.4816,121.677,506,25778,0.075056,0.9,1,218587,218081,506
3314201,46.8963,44.3354,528,25860,0.0710112,1,1,218634,218106,528
3317121,66.9793,56.0671,541,25942,0.0382022,0.94,1,218706,218165,541
3320041,42.1959,70.4134,503,26024,0.0316404,0.79,1,218742,218239,503
3322961,25.2392,46.8827,483,26105,0.0303281,0.75,1,218763,218280,483
3325881,19.4478,30.9765,474,26186,0.0460656,0.69,1,218781,218307,474
3328801,72.6896,18.9953,544,26267,0.0492131,0.47,1,218867,218323,544
3331721,110.538,86.1991,561,26348,0.0978426,0.09,1,218987,218426,561
3334641,41.3076,124.44,451,26428,0.123569,0.05,1,219011,218560,451
3337561,45.8615,46.488,471,26508,0.112714,0.07,1,219058,218587,471
3340481,65.1723,46.8976,494,26588,0.126543,0.03,1,219128,218634,494
3343401,42.6345,66.9795,459,26668,0.0973085,0.03,1,219165,218706,459
3346321,24.5269,42.1959,443,26747,0.0914617,0.03,1,219185,218742,443
3349241,19.3054,25.2392,440,26826,0.0902923,0.05,1,219203,218763,440
3352161,72.6611,19.4478,508,26905,0.106058,0.05,1,219289,218781,508
3355081,16.1322,72.6896,424,26984,0.0772117,0.11,1,219291,218867,424
3358001,102.426,110.538,428,27062,0.151442,0.13,1,219415,218987,428
3360921,38.0853,41.3076,426,27140,0.214288,0.11,1,219437,219011,426
3363841,46.0171,45.8615,427,27218,0.210858,0.13,1,219485,219058,427
3366761,66.0034,65.1723,428,27296,0.290172,0.09,1,219556,219128,428
3369681,41.2007,42.6345,426,27374,0.290034,0.09,1,219591,219165,426
3372601,24.2401,24.5269,426,27451,0.322007,0.09,1,219611,219185,426
3375521,17.648,19.3054,424,27528,0.296401,0.11,1,219627,219203,424
3378441,74.7296,72.6611,427,27605,0.24328,0.07,1,219716,219289,427
3381361,16.5459,16.1322,427,27682,0.264656,0.17,1,219718,219291,427
3384281,105.709,102.426,431,27759,0.316931,0.23,1,219846,219415,431
3387201,38.7418,38.0853,431,27835,0.327386,0.21,1,219868,219437,431
3390121,46.9484,46.0171,432,27911,0.361477,0.31,1,219917,219485,432
3393041,68.5897,66.0034,435,27987,0.432295,0.29,1,219991,219556,435
3395961,42.5179,41.2007,436,28063,0.470459,0.33,1,220027,219591,436
3398881,24.5036,24.2401,436,28138,0.438092,0.29,1,220047,219611,436
3401801,17.7007,17.648,436,28213,0.447618,0.23,1,220063,219627,436
3404721,72.3401,74.7296,433,28288,0.513524,0.27,1,220149,219716,433
3407641,16.068,16.5459,433,28363,0.494705,0.27,1,220151,219718,433
3410561,107.214,3.30918,563,28438,0.506941,0.33,1,220281,219718,563
3413481,39.0427,103.062,457,28512,0.525388,0.33,1,220303,219846,457
3416401,50.2085,38.2124,488,28586,0.561078,0.37,1,220356,219868,488
3419321,70.8417,46.8425,515,28660,0.552216,0.45,1,220432,219917,515
3422241,43.7683,68.5685,478,28734,0.718443,0.48,1,220469,219991,478
3425161,24.7537,42.5137,462,28808,0.759689,0.43,2,220489,220027,462
3428081,18.5507,24.5027,459,28881,0.783938,0.45,2,220506,220047,459
3431001,74.1101,17.7005,531,28954,0.788788,0.53,2,220594,220063,531
3433921,16.422,72.3401,447,29027,0.789758,0.49,2,220596,220149,447
3436841,108.084,16.068,576,29100,0.821952,0.51,2,220727,220151,576
3439761,40.0169,107.214,469,29173,0.82839,0.53,2,220750,220281,469
3442681,52.0034,39.0427,502,29246,0.829678,0.57,2,220805,220303,502
3445601,70.4007,50.2085,524,29318,0.861936,0.55,2,220880,220356,524
3553641,34,133,504,31880,0.93,1,2,222673,222169,504
3565321,84,40,560,32144,0.87,1,2,222845,222285,560
3568241,35.2,71.2,504,32210,0.838,1,2,222868,222364,504
3571161,35.04,40.64,506,32276,0.8156,1,2,222903,222397,506
3574081,59.008,38.528,533,32342,0.79512,0.98,2,222968,222435,533
3577001,39.0016,56.5056,506,32407,0.759024,0.93,2,223002,222496,506
3579921,89.4003,40.1011,572,32472,0.751805,0.93,2,223104,222532,572
3582841,44.2801,93.6202,498,32537,0.766361,0.93,2,223137,222639,498
3585761,35.256,45.924,497,32602,0.753272,0.89,2,223170,222673,497
3588681,28.6512,37.9848,488,32667,0.734654,0.87,1,223197,222709,488
3591601,26.5302,26.797,490,32732,0.762931,0.81,2,223223,222733,490
3594521,6.90605,27.7594,464,32797,0.800586,0.87,2,223225,222761,464
3597441,67.7812,72.7519,463,32861,0.840117,0.83,2,223308,222845,463
3600361,31.9562,32.9504,463,32925,0.848023,0.81,2,223331,222868,463
3603281,35.1912,34.5901,464,32989,0.865605,0.79,2,223367,222903,464
3606201,55.8382,58.918,460,33053,0.885121,0.75,2,223428,222968,460
3617881,34,33,459,33309,0.91,0.73,2,223629,223170,459
3620801,28.4,28.2,459,33372,0.894,0.77,2,223656,223197,459
3623721,28.88,26.44,462,33435,0.8908,0.81,2,223685,223223,462
3626641,7.376,6.888,462,33498,0.89016,0.85,2,223687,223225,462
3772641,36,54,475,36521,0.81,1,2,225811,225336,475
3775561,55.2,39.6,499,36579,0.586,1,1,225871,225372,499
3778481,65.44,71.12,488,36637,0.3492,1,1,225939,225451,488
3781401,53.088,45.424,499,36695,0.07784,1,1,225989,225490,499
3784321,37.0176,48.2848,483,36753,0.071568,1,1,226022,225539,483
3787241,34.6035,36.057,484,36810,0.0543136,1,1,226056,225572,484
3790161,36.5207,34.4114,487,36867,0.0348627,1,1,226093,225606,487
3793081,32.9041,32.4823,487,36924,0.0309725,1,1,226125,225638,487
3796001,32.1808,30.4965,489,36981,0.0141945,1,1,226157,225668,489
3798921,25.6362,32.4993,480,37038,0.0268389,0.86,1,226181,225701,480
3801841,29.1272,39.2999,469,37095,0.0293678,0.95,1,226211,225742,469
3804761,30.6254,34.26,467,37152,0.0298736,0.95,1,226242,225775,467
3807681,24.5251,6.85199,490,37209,0.0139747,0.81,1,226265,225775,490
3810601,43.305,30.1704,502,37266,0.0747949,0.53,1,226313,225811,502
3813521,55.061,54.0341,500,37323,0.118959,0.29,1,226371,225871,500
3816441,43.8122,65.2068,473,37380,0.143792,0.01,1,226412,225939,473
3819361,33.5624,53.0414,454,37437,0.0687584,0.07,1,226443,225989,454
3822281,35.5125,37.0083,457,37493,0.0217517,0.05,1,226479,226022,457
3825201,37.5025,34.6017,461,37549,0.0283503,0.03,1,226517,226056,461
3828121,32.3005,36.5203,455,37605,0.0296701,0.03,1,226548,226093,455
3831041,31.2601,32.9041,454,37661,0.029934,0.01,1,226579,226125,454
3833961,25.452,32.1808,446,37717,0.0779868,0.03,1,226603,226157,446
3836881,28.2904,25.6362,451,37773,0.0555974,0.03,1,226632,226181,451
3839801,30.4581,29.1272,452,37829,0.0671195,0.03,1,226663,226211,452
3842721,26.0916,30.6254,446,37885,0.0534239,0.01,1,226688,226242,446
3845641,45.2183,24.5251,473,37941,0.0826848,0.09,1,226738,226265,473
3848561,57.0437,43.305,485,37997,0.088537,0.13,1,226798,226313,485
3851481,41.8087,55.061,465,38053,0.137707,0.15,1,226836,226371,465
3854401,30.7617,43.8122,452,38109,0.131541,0.05,1,226864,226412,452
3857321,35.7523,33.5624,458,38164,0.0263083,0.01,1,226901,226443,458
3860241,38.3505,35.5125,461,38219,0.0132617,0.03,1,226940,226479,461
3863161,31.6701,37.5025,453,38274,0.0266523,0.03,1,226970,226517,453
3866081,32.734,32.3005,455,38329,0.0133305,0.03,1,227003,226548,455
3869001,26.5468,31.2601,449,38384,0.0906661,0.09,1,227028,226579,449
3871921,26.9094,25.452,452,38439,0.0901332,0.05,1,227055,226603,452
3874841,29.3819,28.2904,453,38494,0.0900266,0.07,1,227085,226632,453
3877761,26.6764,30.4581,448,38549,0.0900053,0.05,1,227111,226663,448
3880681,45.3353,26.0916,473,38604,0.122001,0.09,1,227161,226688,473
3883601,10.6671,45.2183,425,38659,0.1284,0.09,1,227163,226738,425
3886521,53.3334,57.0437,429,38714,0.20968,0.15,1,227227,226798,429
3889441,41.8667,41.8087,430,38769,0.225936,0.13,1,227266,226836,430
3892361,31.5733,30.7617,431,38823,0.245187,0,1,227295,226864,431
3895281,29.5147,35.7523,423,38877,0.201037,0.01,1,227324,226901,423
3898201,37.9029,38.3505,424,38931,0.0482075,0.03,1,227364,226940,424
3901121,31.5806,31.6701,424,38985,0.0496415,0.01,1,227394,226970,424
3904041,31.9161,32.734,423,39039,0.0339283,0.11,1,227426,227003,423
3906961,29.5832,26.5468,427,39093,0.00678566,0.09,1,227455,227028,427
3909881,26.7166,26.9094,426,39147,0.0413571,0.09,1,227481,227055,426
3912801,29.3433,29.3819,426,39201,0.0162714,0.09,1,227511,227085,426
3915721,26.6687,26.6764,426,39255,0.0112543,0.13,1,227537,227111,426
3918641,46.9337,45.3353,428,39309,0.0102509,0.13,1,227589,227161,428
3921561,10.9867,10.6671,428,39363,0.0420502,0.23,1,227591,227163,428
3924481,55.7974,53.3334,431,39417,0.08041,0.23,1,227658,227227,431
3927401,43.9595,41.8667,433,39471,0.104082,0.25,1,227699,227266,433
3930321,31.1919,31.5733,432,39525,0.0768164,0.19,1,227727,227295,432
3933241,25.4384,29.5147,427,39578,0.0713633,0.01,1,227751,227324,427
3936161,33.0877,37.9029,422,39631,0.134273,0.05,1,227786,227364,422
3939081,31.4175,31.5806,423,39684,0.146855,0.03,1,227817,227394,423
3942001,31.0835,31.9161,422,39737,0.133371,0,1,227848,227426,422
3944921,29.4167,29.5832,422,39790,0.114674,0.05,1,227877,227455,422
3947841,26.6833,26.7166,422,39843,0.110935,0.01,1,227903,227481,422
3950761,29.3367,29.3433,422,39896,0.078187,0.01,1,227933,227511,422
3953681,26.6673,26.6687,422,39949,0.135637,0.01,1,227959,227537,422
3956601,46.9335,46.9337,422,40002,0.0991275,0.05,1,228011,227589,422
3959521,10.9867,10.9867,422,40055,0.0918255,0.09,1,228013,227591,422
3962441,57.3973,55.7974,424,40108,0.138365,0.09,1,228082,227658,424
3965361,44.2795,11.1595,465,40161,0.163673,0.11,1,228123,227658,465
3968281,31.2559,35.0319,452,40214,0.168735,0.07,1,228151,227699,452
3971201,26.2512,29.4064,449,40267,0.153747,0.07,1,228176,227727,449
3974121,34.8502,25.0813,462,40319,0.182749,0.15,1,228213,227751,462
3977041,30.97,33.0163,457,40371,0.15655,0.15,1,228243,227786,457
3979961,31.794,31.4033,458,40423,0.16731,0.13,1,228275,227817,458
3982881,27.1588,31.0807,453,40475,0.169462,0.11,1,228301,227848,453
3985801,26.2318,29.4161,450,40527,0.185892,0.11,1,228327,227877,450
3988721,30.8464,26.6832,456,40579,0.189178,0.07,1,228359,227903,456
3991641,26.9693,29.3366,452,40631,0.221836,0.15,1,228385,227933,452
3994561,46.9939,26.6673,478,40683,0.260367,0.09,1,228437,227959,478
3997481,10.9988,46.9335,428,40735,0.268073,0.09,1,228439,228011,428
4000401,57.3998,10.9867,495,40787,0.317615,0.15,1,228508,228013,495
4003321,46.68,57.3973,470,40839,0.327523,0.17,1,228552,228082,470
4006241,31.736,44.2795,457,40891,0.361505,0.17,1,228580,228123,457
4009161,25.5472,31.2559,453,40943,0.368301,0.15,1,228604,228151,453
4012081,34.7094,26.2512,465,40995,0.41766,0.19,1,228641,228176,465
4015001,30.9419,34.8502,458,41046,0.427532,0.15,1,228671,228213,458
4017921,32.5884,30.97,461,41097,0.429506,0.17,1,228704,228243,461
4020841,27.3177,31.794,455,41148,0.461901,0.17,1,228730,228275,455
4023761,27.0635,27.1588,456,41199,0.50038,0.19,1,228757,228301,456
4026681,32.6127,26.2318,464,41250,0.508076,0.19,1,228791,228327,464
4029601,27.3225,30.8464,458,41301,0.525615,0.23,1,228817,228359,458
4032521,48.6645,26.9693,486,41352,0.561123,0.27,1,228871,228385,486
4035441,11.3329,46.9939,436,41403,0.568225,0.27,1,228873,228437,436
4038361,59.8666,10.9988,506,41454,0.601645,0.33,1,228945,228439,506
4041281,47.1733,57.3998,481,41505,0.640329,0.33,1,228989,228508,481
4044201,11.0347,46.68,439,41556,0.648066,0.37,1,228991,228552,439
4047121,25.4069,31.736,440,41607,0.697613,0.37,1,229020,228580,440
4050041,25.0814,25.5472,441,41658,0.691523,0.43,1,229045,228604,441
4052961,36.2163,34.7094,443,41709,0.674304,0.43,1,229084,228641,443
4055881,31.2433,30.9419,443,41760,0.718861,0.43,1,229114,228671,443
4058801,33.4487,32.5884,444,41811,0.727772,0.47,1,229148,228704,444
4061721,28.2897,27.3177,445,41861,0.713554,0.51,1,229175,228730,445
4064641,28.8579,27.0635,447,41911,0.774711,0.51,2,229204,228757,447
4067561,33.7716,32.6127,448,41961,0.786942,0.53,2,229239,228791,448
4070481,27.5543,27.3225,448,42011,0.757388,0.57,2,229265,228817,448
4073401,51.1109,48.6645,451,42061,0.735478,0.57,1,229322,228871,451
4076321,11.8222,11.3329,451,42111,0.731096,0.61,1,229324,228873,451
4079241,60.7644,59.8666,452,42161,0.714219,0.65,1,229397,228945,452
4082161,49.7529,47.1733,455,42211,0.662844,0.65,1,229444,228989,455
4085081,11.5506,11.0347,455,42261,0.652569,0.71,1,229446,228991,455
4088001,25.5101,25.4069,455,42311,0.634514,0.69,1,229475,229020,455
4090921,25.902,25.0814,456,42361,0.646903,0.67,1,229501,229045,456
4093841,36.3804,36.2163,456,42411,0.713381,0.73,1,229540,229084,456
4096761,31.2761,31.2433,456,42461,0.726676,0.73,1,229570,229114,456
4099681,33.4552,33.4487,456,42511,0.697335,0.71,1,229604,229148,456
4102601,29.091,28.2897,457,42561,0.755467,0.79,2,229632,229175,457
4105521,30.6182,28.8579,459,42611,0.767093,0.79,2,229663,229204,459
4108441,34.1236,33.7716,459,42661,0.817419,0.75,2,229698,229239,459
4111361,27.6247,27.5543,459,42710,0.827484,0.73,2,229724,229265,459
4114281,48.7249,51.1109,456,42759,0.797497,0.73,2,229778,229322,456
4117201,11.345,11.8222,456,42808,0.791499,0.71,2,229780,229324,456
4120121,59.869,60.7644,455,42857,0.8383,0.65,2,229852,229397,455
4123041,48.7738,49.7529,454,42906,0.84766,0.65,2,229898,229444,454
4125961,11.3548,11.5506,454,42955,0.849532,0.63,2,229900,229446,454
4128881,24.671,25.5101,453,43004,0.865906,0.63,2,229928,229475,453
4131801,26.5342,5.10202,480,43053,0.885181,0.65,2,229955,229475,480
4134721,37.3068,21.8204,494,43102,0.905036,0.73,2,229995,229501,494
4137641,31.4614,35.5641,485,43151,0.933007,0.73,2,230025,229540,485
4140561,33.4923,31.1128,489,43200,0.930601,0.69,2,230059,229570,489
4143481,30.6985,33.4226,485,43249,0.91412,0.77,2,230089,229604,485
4146401,31.7397,29.0845,489,43298,0.926824,0.77,2,230121,229632,489
4270501,34,37,522,45348,0.73,1,1,231574,231052,522
4318681,387.6,452.2,442,20440,0.186,0.03,1,232050,231608,442
4321601,137.52,140.84,454,21270,0.0612,0.01,1,232125,231671,454
4324521,105.104,106.568,453,21370,0.02024,0.03,1,232222,231769,453
4327441,57.8208,67.7136,441,21469,0.004048,0.01,1,232268,231827,441
4330361,90.7642,79.1427,458,21568,0.0568096,0,1,232367,231909,458
4333281,62.9528,70.2285,446,21666,0.0353619,0,1,232423,231977,446
4336201,32.5906,53.2457,422,21764,0.0470724,0.01,1,232448,232026,422
4339121,24.9181,19.4491,434,21861,0.0174145,0.03,1,232471,232037,434
4342041,65.7836,74.2898,422,21958,0.0274829,0.01,1,232547,232125,422
4344961,91.5567,92.458,423,22055,0.00549658,0,1,232645,232222,423
4347881,54.3113,55.2916,422,22151,0.0250993,0.07,1,232690,232268,422
4350801,94.0623,90.2583,427,22247,0.0610199,0.03,1,232794,232367,427
4353721,59.6125,62.8517,422,22342,0.052204,0.05,1,232845,232423,422
4356641,31.9225,32.5703,422,22437,0.0664408,0.01,1,232870,232448,422
4359561,25.5845,24.9141,423,22532,0.0212882,0.01,1,232894,232471,423
4362481,64.3169,4.98281,497,22626,0.0122576,0.03,1,232968,232471,497
4365401,93.6634,61.7966,522,22720,0.00245153,0,1,233069,232547,522
4368321,52.3327,90.7593,466,22813,0.0244903,0.03,1,233111,232645,466
4371241,95.2665,54.1519,527,22906,0.0288981,0.07,1,233217,232690,527
4374161,59.8533,94.0304,474,22999,0.0457796,0.05,1,233268,232794,474
4377081,31.1707,59.6061,447,23091,0.0651559,0.07,1,233292,232845,447
4380001,24.6341,31.9212,445,23183,0.0370312,0.01,1,233315,232870,445
4382921,64.1268,25.5842,495,23274,0.0154062,0.01,1,233389,232894,495
4385841,96.0254,64.3168,525,23365,0.0110812,0,1,233493,232968,525
4388761,51.2051,93.6634,464,23456,0.0262162,0.03,1,233533,233069,464
4391681,95.041,52.3327,528,23546,0.0292432,0.03,1,233639,233111,528
4394601,60.6082,95.2665,474,23636,0.0298487,0.05,1,233691,233217,474
4397521,32.1216,59.8533,448,23726,0.0299697,0.07,1,233716,233268,448
4400441,23.2243,31.1707,445,23815,0.0619939,0.03,1,233737,233292,445
4403361,63.8449,24.6341,496,23904,0.0523988,0.01,1,233811,233315,496
4406281,14.369,64.1268,424,23993,0.0504798,0.01,1,233813,233389,424
4409201,85.2738,96.0254,423,24081,0.018096,0.03,1,233916,233493,423
4412121,49.0548,51.2051,423,24169,0.0116192,0.03,1,233956,233533,423
4415041,93.811,95.041,422,24257,0.0423238,0.03,1,234061,233639,422
4417961,61.1622,60.6082,423,24344,0.0484648,0.03,1,234114,233691,423
4420881,33.0324,32.1216,424,24431,0.033693,0.07,1,234140,233716,424
4423801,23.4065,23.2243,424,24518,0.0627386,0.05,1,234161,233737,424
4426721,63.0813,63.8449,423,24604,0.0365477,0.05,1,234234,233811,423
4429641,14.2163,14.369,423,24690,0.0313095,0.01,1,234236,233813,423
4432561,84.4433,85.2738,422,24776,0.0142619,0.01,1,234338,233916,422
4435481,48.8886,49.0548,422,24862,0.0268524,0.05,1,234378,233956,422
4438401,93.7777,93.811,422,24947,0.0453705,0.05,1,234483,234061,422
4441321,61.1555,61.1622,422,25032,0.0490741,0.03,1,234536,234114,422
4444241,34.6311,33.0324,424,25117,0.0498148,0.07,1,234564,234140,424
4447161,24.5262,23.4065,425,25201,0.081963,0.03,1,234586,234161,425
4450081,60.9052,63.0813,422,25285,0.136393,0.03,1,234656,234234,422
4453001,13.781,14.2163,422,25369,0.147279,0.01,1,234658,234236,422
4455921,84.3562,84.4433,422,25453,0.0374557,0.01,1,234760,234338,422
4458841,48.0712,16.8886,461,25536,0.00749114,0.03,1,234799,234338,461
4461761,93.6142,35.3777,526,25619,0.0254982,0.05,1,234904,234378,526
4464681,61.9228,91.0755,475,25702,0.0130996,0.05,1,234958,234483,475
4467601,35.5846,60.6151,451,25784,0.0426199,0.05,1,234987,234536,451
4470521,25.5169,34.523,446,25866,0.032524,0.09,1,235010,234564,446
4473441,61.1034,24.5046,494,25948,0.0305048,0.15,1,235080,234586,494
4476361,13.8207,60.9009,426,26030,0.030101,0.15,1,235082,234656,426
4479281,81.9641,13.7802,523,26111,0.0300202,0.01,1,235181,234658,523
4482201,48.3928,84.356,461,26192,0.014004,0,1,235221,234760,461
4485121,94.4786,48.0712,528,26273,0.00280081,0.03,1,235327,234799,528
4488041,60.4957,93.6142,475,26354,0.0565602,0.01,1,235379,234904,475
4490961,36.8991,61.9228,452,26434,0.083312,0.05,1,235410,234958,452
4493881,25.7798,35.5846,446,26514,0.0726624,0.03,1,235433,234987,446
4496801,60.356,25.5169,492,26594,0.118532,0.03,1,235502,235010,492
4499721,13.6712,61.1034,424,26674,0.127706,0.03,1,235504,235080,424
4502641,81.1342,13.8207,520,26753,0.0655413,0.03,1,235602,235082,520
4505561,49.8268,81.9641,463,26832,0.0371083,0.01,1,235644,235181,463
4508481,94.7654,48.3928,529,26911,0.0314217,0,1,235750,235221,529
4511401,20.5531,94.4786,425,26990,0.0302843,0.07,1,235752,235327,425
4514321,45.7106,60.4957,425,27068,0.0780569,0.09,1,235804,235379,425
4517241,34.7421,36.8991,426,27146,0.0876114,0.07,1,235836,235410,426
4520161,24.5484,25.7798,425,27224,0.0895223,0.13,1,235858,235433,425
4523081,62.5097,60.356,428,27302,0.105904,0.13,1,235930,235502,428
4526001,14.1019,13.6712,428,27380,0.141181,0.05,1,235932,235504,428
4528921,76.4204,81.1342,422,27457,0.0282362,0.03,1,236024,235602,422
4531841,50.4841,49.8268,424,27534,0.0296472,0.03,1,236068,235644,424
4534761,94.0968,94.7654,423,27611,0.00592945,0.03,1,236173,235750,423
4537681,20.4194,20.5531,423,27688,0.00918589,0.09,1,236175,235752,423
4540601,46.4839,45.7106,424,27764,0.169837,0.09,1,236228,235804,424
4543521,34.8968,34.7421,424,27840,0.169967,0.09,1,236260,235836,424
4546441,24.5794,24.5484,424,27916,0.201994,0.11,1,236282,235858,424
4549361,64.9159,62.5097,427,27992,0.192399,0.15,1,236357,235930,427
4552281,14.5832,14.1019,427,28068,0.15848,0,1,236359,235932,427
4555201,72.5166,76.4204,422,28143,0.263696,0.03,1,236446,236024,422
4558121,50.5033,50.4841,423,28218,0.204739,0,1,236491,236068,423
4561041,93.3007,94.0968,422,28293,0.0409478,0.01,1,236595,236173,422
4563961,20.2601,20.4194,422,28368,0.0161896,0.01,1,236597,236175,422
4566881,52.052,4.08387,482,28443,0.0432379,0.21,1,236657,236175,482
4569801,36.0104,43.2168,461,28517,0.0486476,0.17,1,236689,236228,461
4572721,24.8021,34.2434,451,28591,0.0497295,0.21,1,236711,236260,451
4575641,64.9604,24.4487,504,28665,0.0819459,0.19,1,236786,236282,504
4578561,14.5921,64.8897,431,28739,0.0563892,0.15,1,236788,236357,431
4581481,77.3184,14.5779,522,28813,0.0512778,0.29,1,236881,236359,522
4584401,45.8637,72.5156,473,28886,0.0662556,0.19,1,236919,236446,473
4587321,86.7727,50.5031,525,28959,0.0852511,0,1,237016,236491,525
4590241,18.9545,93.3006,423,29032,0.0890502,0.01,1,237018,236595,423
4593161,53.3909,20.2601,483,29105,0.08981,0.05,1,237080,236597,483
4596081,36.2782,52.052,455,29178,0.121962,0.05,1,237112,236657,455
4599001,24.8556,36.0104,445,29251,0.144392,0.05,1,237134,236689,445
4601921,64.9711,24.8021,498,29323,0.196878,0.09,1,237209,236711,498
4604841,14.5942,64.9604,425,29395,0.207376,0.05,1,237211,236786,425
4607761,77.3188,14.5921,516,29467,0.225475,0.05,1,237304,236788,516
4610681,46.6638,77.3184,462,29539,0.229095,0.07,1,237343,236881,462
4613601,87.7328,45.8637,522,29611,0.261819,0.09,1,237441,236919,522
4616521,19.1465,86.7727,427,29682,0.268364,0.09,1,237443,237016,427
4619441,54.2293,18.9545,488,29753,0.269673,0.09,1,237506,237018,488
4622361,37.2459,53.3909,459,29824,0.253935,0.13,1,237539,237080,459
4625281,9.04917,36.2782,429,29895,0.250787,0.15,1,237541,237112,429
4628201,19.4098,24.8556,429,29966,0.298157,0.21,1,237563,237134,429
4631121,66.282,64.9711,432,30037,0.323631,0.21,1,237641,237209,432
4634041,14.8564,14.5942,432,30107,0.376726,0.23,1,237643,237211,432
4636961,78.1713,77.3188,433,30177,0.371345,0.23,1,237737,237304,433
4639881,47.6343,46.6638,434,30247,0.402269,0.27,1,237777,237343,434
4642801,88.7269,87.7328,435,30317,0.424454,0.27,1,237876,237441,435
4645721,19.3454,19.1465,435,30387,0.428891,0.27,1,237878,237443,435
4648641,54.2691,54.2293,435,30457,0.461778,0.25,1,237941,237506,435
4651561,37.2538,37.2459,435,30526,0.484356,0.25,1,237974,237539,435
4654481,9.05076,9.04917,435,30595,0.488871,0.31,1,237976,237541,435
4657401,20.2102,19.4098,436,30664,0.537774,0.33,1,237999,237563,436
4660321,68.842,66.282,439,30733,0.611555,0.39,1,238080,237641,439
4663241,15.3684,14.8564,439,30802,0.594311,0.37,1,238082,237643,439
4666161,79.0737,78.1713,440,30871,0.622862,0.41,1,238177,237737,440
4669081,47.8147,47.6343,440,30940,0.708572,0.43,1,238217,237777,440
4672001,91.1629,88.7269,443,31008,0.741714,0.43,1,238319,237876,443
4674921,19.8326,19.3454,443,31076,0.748343,0.47,1,238321,237878,443
4677841,55.1665,54.2691,444,31144,0.765669,0.49,2,238385,237941,444
4680761,39.0333,37.2538,446,31212,0.801134,0.49,2,238420,237974,446
4683681,9.40666,9.05076,446,31280,0.808227,0.49,2,238422,237976,446
4686601,21.8813,1.81015,471,31348,0.793645,0.55,2,238447,237976,471
4689521,70.7763,18.762,531,31415,0.806729,0.63,2,238530,237999,531
4692441,15.7553,68.5524,452,31482,0.809346,0.59,2,238532,238080,452
4695361,82.3511,15.3105,549,31549,0.825869,0.63,2,238631,238082,549
4698281,50.8702,79.0621,497,31616,0.797174,0.73,2,238674,238177,497
4701201,92.574,47.8124,560,31683,0.807435,0.75,2,238777,238217,560
4704121,20.1148,91.1625,460,31750,0.809487,0.75,2,238779,238319,460
4707041,56.023,19.8325,523,31817,0.857897,0.77,2,238844,238321,523
4709961,40.8046,55.1665,496,31883,0.899579,0.81,2,238881,238385,496
4712881,9.76092,39.0333,463,31949,0.907916,0.81,2,238883,238420,463
4715801,21.9522,9.40666,486,32015,0.925583,0.79,2,238908,238422,486
4718721,70.7904,21.8813,544,32081,0.929117,0.81,2,238991,238447,544
4721641,15.7581,70.7763,463,32147,0.929823,0.81,2,238993,238530,463
4853041,37,31,523,34986,0.73,1,1,241004,240481,523
4855961,40.2,36.6,526,35046,0.634,1,1,241045,240519,526
4858881,76.04,33.72,578,35106,0.4228,1,1,241130,240552,578
4861801,37.608,85.144,508,35166,0.36456,1,1,241158,240650,508
4864721,34.7216,41.8288,511,35226,0.272912,1,1,241192,240681,511
4867641,58.9443,47.5658,527,35286,0.222582,1,1,241257,240730,527
4870561,31.7889,43.1132,510,35346,0.228516,1,1,241282,240772,510
4873481,31.1578,31.0226,513,35406,0.197703,1,1,241313,240800,513
4876401,50.2316,27.8045,541,35466,0.111541,0.96,1,241368,240827,541
4879321,34.0463,59.1609,504,35526,0.0783081,0.93,1,241398,240894,504
4882241,31.6093,41.4322,498,35586,0.0236616,0.77,1,241429,240931,498
4885161,31.1219,37.0864,493,35645,0.0287323,0.73,1,241460,240967,493
4888081,7.82437,37.0173,458,35704,0.0297465,0.61,1,241462,241004,458
4891001,29.5649,40.2035,452,35763,0.0299493,0.37,1,241497,241045,452
4893921,65.913,76.0407,442,35822,0.0299899,0.35,1,241572,241130,442
4896841,34.7826,37.6081,441,35881,0.045998,0.25,1,241599,241158,441
4899761,30.9565,34.7216,437,35940,0.0811996,0.21,1,241629,241192,437
4902681,50.9913,58.9443,428,35999,0.13624,0.23,1,241685,241257,428
4905601,28.5983,31.7889,426,36058,0.147248,0.19,1,241708,241282,426
4908521,29.7197,31.1578,425,36117,0.16545,0.09,1,241738,241313,425
4911441,50.7439,50.2316,426,36176,0.18509,0.07,1,241794,241368,426
4914361,32.5488,34.0463,424,36234,0.157018,0.01,1,241822,241398,424
4917281,29.7098,31.6093,422,36292,0.199404,0.03,1,241851,241429,422
4920201,31.542,31.1219,423,36350,0.127881,0.03,1,241883,241460,423
4923121,7.90839,7.82437,423,36408,0.113576,0.03,1,241885,241462,423
4926041,28.7817,29.5649,422,36466,0.142715,0.03,1,241919,241497,422
4928961,66.5563,65.913,423,36524,0.100543,0.05,1,241995,241572,423
4931881,34.1113,34.7826,422,36582,0.108109,0.09,1,242021,241599,422
4934801,32.4223,30.9565,424,36640,0.157622,0.15,1,242053,241629,424
4937721,53.6845,50.9913,427,36698,0.167524,0.15,1,242112,241685,427
4940641,29.9369,28.5983,428,36756,0.169505,0.17,1,242136,241708,428
4943561,29.9874,29.7197,428,36813,0.201901,0.19,1,242166,241738,428
4946481,51.5975,50.7439,429,36870,0.22438,0.15,1,242223,241794,429
4949401,32.7195,32.5488,429,36927,0.196876,0.21,1,242251,241822,429
4952321,28.9439,29.7098,428,36984,0.191375,0.11,1,242279,241851,428
4955241,29.7888,31.542,426,37041,0.158275,0.11,1,242309,241883,426
4958161,7.55776,7.90839,426,37098,0.151655,0.15,1,242311,241885,426
4961081,27.9116,28.7817,425,37155,0.166331,0.15,1,242344,241919,425
4964001,67.1823,5.75634,502,37212,0.233266,0.09,1,242421,241919,502
4966921,34.2365,61.9513,452,37269,0.214653,0.11,1,242447,241995,452
4969841,34.0473,33.1903,460,37326,0.210931,0.17,1,242481,242021,460
4972761,53.2095,32.2381,486,37383,0.258186,0.17,1,242539,242053,486
4975681,30.6419,53.6476,452,37440,0.299637,0.17,1,242564,242112,452
4978601,30.9284,29.9295,459,37496,0.291927,0.21,1,242595,242136,459
4981521,52.5857,29.9859,487,37552,0.338385,0.23,1,242653,242166,487
4984441,32.9171,51.5972,458,37608,0.379677,0.19,1,242681,242223,458
4987361,27.3834,32.7194,456,37664,0.387935,0.19,1,242707,242251,456
4990281,29.4767,28.9439,458,37720,0.405587,0.15,1,242737,242279,458
4993201,7.49534,29.7888,430,37776,0.409117,0.15,1,242739,242309,430
4996121,28.6991,7.55776,462,37832,0.425823,0.17,1,242773,242311,462
4999041,68.9398,27.9116,508,37888,0.477165,0.25,1,242852,242344,508
5001961,34.588,67.1823,457,37944,0.503433,0.21,1,242878,242421,457
5004881,34.1176,34.2365,465,38000,0.556687,0.21,1,242912,242447,465
5007801,55.6235,34.0473,492,38056,0.567337,0.27,1,242973,242481,492
5010721,32.7247,53.2095,461,38112,0.601467,0.31,1,243000,242539,461
5013641,30.5449,30.6419,466,38167,0.608293,0.29,1,243030,242564,466
5016561,55.709,30.9284,497,38222,0.625659,0.35,1,243092,242595,497
5019481,34.3418,52.5857,468,38277,0.661132,0.39,1,243121,242653,468
5022401,27.6684,32.9171,466,38332,0.684226,0.39,1,243147,242681,466
5025321,30.3337,27.3834,471,38387,0.704845,0.41,1,243178,242707,471
5028241,7.66673,29.4767,443,38442,0.708969,0.41,1,243180,242737,443
5031161,30.3333,7.49534,477,38497,0.741794,0.43,1,243216,242739,477
5034081,70.8667,28.6991,524,38552,0.700359,0.49,1,243297,242773,524
5037001,35.7733,68.9398,472,38607,0.692072,0.51,1,243324,242852,472
5039921,8.75467,34.588,448,38662,0.690414,0.57,1,243326,242878,448
5042841,30.5509,34.1176,450,38717,0.722083,0.57,1,243362,242912,450
5045761,54.9102,55.6235,450,38772,0.728417,0.61,1,243423,242973,450
5048681,34.182,32.7247,452,38826,0.761683,0.61,2,243452,243000,452
5051601,31.6364,30.5449,453,38880,0.784337,0.63,2,243483,243030,453
5054521,58.3273,55.709,456,38934,0.772867,0.67,2,243548,243092,456
5057441,34.8655,34.3418,456,38988,0.786573,0.69,2,243577,243121,456
5060361,27.7731,27.6684,456,39042,0.805315,0.71,2,243603,243147,456
5063281,31.1546,30.3337,457,39096,0.841063,0.71,2,243635,243178,457
5066201,7.83092,7.66673,457,39150,0.848213,0.75,2,243637,243180,457
5069121,30.3662,30.3333,457,39204,0.849643,0.69,2,243673,243216,457
5072041,70.0732,70.8667,456,39258,0.849928,0.69,2,243753,243297,456
5074961,35.6146,35.7733,456,39312,0.865986,0.69,2,243780,243324,456
5077881,8.72293,8.75467,456,39366,0.885197,0.73,2,243782,243326,456
5080801,30.5446,30.5509,456,39420,0.937039,0.73,2,243818,243362,456
5270601,68,82,471,19203,0.01,0.25,1,246270,245799,471
5273521,84,66.8,496,19314,0.09,0.05,1,246358,245862,496
5276441,64.8,98.96,449,19424,0.042,0.01,1,246418,245969,449
5279361,71.36,85.392,440,19533,0.0324,0.09,1,246491,246051,440
5282281,33.472,42.6784,432,19642,0.07848,0,1,246515,246083,432
5285201,93.8944,26.9357,518,19750,0.055696,0.03,1,246624,246106,518
5288121,73.1789,82.1871,490,19857,0.115139,0.01,1,246692,246202,490
5291041,89.8358,70.8374,516,19964,0.159028,0.11,1,246786,246270,516
5293961,61.9672,84.5675,483,20070,0.199806,0.03,1,246841,246358,483
5296881,72.3934,64.9135,498,20176,0.223961,0.03,1,246916,246418,498
5299801,33.6787,71.3827,449,20281,0.244792,0.09,1,246940,246491,449
5302721,92.3357,33.4765,532,20386,0.312958,0.05,1,247047,246515,532
5305641,76.0671,93.8953,495,20490,0.310592,0.13,1,247119,246624,495
5308561,93.6134,73.1791,525,20594,0.310118,0.17,1,247217,246692,525
5311481,62.7227,89.8358,486,20697,0.342024,0.21,1,247272,246786,486
5314401,73.3445,61.9672,507,20799,0.364405,0.23,1,247348,246841,507
5317321,35.4689,72.3934,458,20901,0.400881,0.25,1,247374,246916,458
5320241,95.0938,33.6787,544,21002,0.424176,0.33,1,247484,246940,544
5323161,20.6188,92.3357,439,21103,0.444835,0.31,1,247486,247047,439
5326081,60.1238,76.0671,437,21204,0.512967,0.31,1,247556,247119,437
5329001,92.0247,93.6134,439,21304,0.558593,0.35,1,247656,247217,439
5331921,62.4049,62.7227,439,21404,0.663719,0.37,1,247711,247272,439
5334841,74.081,73.3445,440,21503,0.652744,0.41,1,247788,247348,440
5337761,37.2162,35.4689,442,21602,0.682549,0.43,1,247816,247374,442
5340681,97.0432,95.0938,444,21700,0.75251,0.45,2,247928,247484,444
5343601,21.0086,20.6188,444,21798,0.766502,0.53,2,247930,247486,444
5346521,62.6017,60.1238,447,21895,0.7693,0.57,2,248003,247556,447
5349441,95.7203,92.0247,451,21992,0.78586,0.69,2,248107,247656,451
5352361,65.5441,62.4049,454,22088,0.757172,0.65,2,248165,247711,454
5355281,74.7088,74.081,454,22184,0.783434,0.69,2,248242,247788,454
5358201,38.9418,37.2162,456,22280,0.788687,0.77,2,248272,247816,456
5361121,98.9884,97.0432,458,22375,0.821737,0.77,2,248386,247928,458
5364041,21.3977,21.0086,458,22470,0.828347,0.77,2,248388,247930,458
5366961,64.2795,62.6017,460,22564,0.87767,0.77,2,248463,248003,460
5454561,34,41,488,25231,0.75,1,2,250367,249879,488
5457481,99.6,104.2,484,25315,0.366,1,1,250483,249999,484
5460401,51.92,49.64,488,25399,0.1932,0.96,1,250523,250035,488
5463321,23.984,30.728,479,25482,0.07864,0.96,1,250540,250061,479
5466241,64.7968,6.1456,554,25565,0.039728,1,1,250615,250061,554
5469161,40.9594,63.6291,511,25648,0.0319456,0.88,1,250650,250139,511
5472081,73.7919,43.9258,554,25731,0.0143891,0.85,1,250732,250178,554
5475001,65.9584,83.9852,524,25813,0.0428778,0.75,1,250796,250272,524
5477921,36.3917,65.597,492,25895,0.0645756,0.75,1,250825,250333,492
5480841,76.8783,40.3194,545,25977,0.116915,0.27,1,250912,250367,545
5483761,41.7757,100.864,462,26059,0.079383,0.15,1,250945,250483,462
5486681,21.1551,52.1728,438,26140,0.103877,0.05,1,250961,250523,438
5489601,64.231,24.0346,496,26221,0.0607753,0.03,1,251036,250540,496
5492521,40.8462,64.8069,456,26302,0.0521551,0.03,1,251071,250615,456
5495441,73.7692,40.9614,503,26383,0.018431,0.01,1,251153,250650,503
