#Ack,ack_ewma(ms),send_ewma(ms),rtt_ratio,cwnd (Bytes),Last Router Ocupation Ack Arriaval(Packets),Last Router Ocupation Packet Sent(Packets),Network Situation,AckArrival(ms),TSInsideAck(ms),RTTAck(ms)
252581,407.134,422.748,499,49220,0.406,0,1,103385,102886,499
307641,178.205,164.91,454,49682,0.07096,0.49,1,103893,103439,454
310561,43.6411,48.182,445,49724,0.034384,0,1,103903,103458,445
313481,156.728,170.436,429,49766,0.0317536,0,1,104088,103659,429
316401,45.7456,47.6873,430,49808,0.0187014,0,1,104106,103676,430
319321,18.7491,21.5375,427,49850,0.0134806,0,1,104118,103691,427
322241,13.3498,13.9075,427,49892,0.0113922,0,1,104130,103703,427
325161,20.27,12.3815,437,49934,0.00455689,0,1,104152,103715,437
328081,35.254,44.0763,424,49976,0.00182276,0,1,104191,103767,424
331001,8.6508,8.81526,426,50018,0.000729103,0,1,104193,103767,426
333921,3.33016,1.76305,428,50060,0.00629164,0,1,104195,103767,428
336841,2.26603,0.35261,430,50102,0.00851666,0,1,104197,103767,430
339761,2.05321,0.0705221,432,50144,0.00940666,0,1,104199,103767,432
342681,2.01064,0.0141044,434,50186,0.00976267,0,1,104201,103767,434
345601,2.00213,0.00282088,436,50228,0.00990507,0,1,104203,103767,436
348521,2.00043,0.000564176,438,50270,0.00996203,0,1,104205,103767,438
351441,2.00009,0.000112835,440,50312,0.00998481,0,1,104207,103767,440
354361,2.00002,2.25671e-05,442,50354,0.00999392,0.01,1,104209,103767,442
357281,85.2,100.8,422,50396,0.0219976,0.01,1,104315,103893,422
360201,28.24,28.16,426,50438,0.014799,0.03,1,104329,103903,426
363121,150.448,153.632,422,50480,0.0119196,0.01,1,104510,104088,422
366041,44.4896,45.1264,422,50522,0.00476784,0.01,1,104528,104106,422
368961,18.4979,18.6253,422,50564,0.00790714,0.01,1,104540,104118,422
371881,13.2996,13.3251,422,50606,0.00916286,0,1,104552,104130,422
374801,20.2599,20.265,422,50648,0.00366514,0,1,104574,104152,422
377721,35.252,35.253,422,50690,0.00146606,0,1,104613,104191,422
380641,8.6504,8.6506,422,50732,0.000586423,0.01,1,104615,104193,422
383561,3.33008,3.33012,422,50774,0.0302346,0.01,1,104617,104195,422
386481,2.26602,2.26602,422,50815,0.0420938,0.01,1,104619,104197,422
389401,2.0532,2.0532,422,50856,0.0468375,0.01,1,104621,104199,422
392321,2.01064,2.01064,422,50897,0.024735,0.01,1,104623,104201,422
395241,2.00213,2.00213,422,50938,0.015894,0.01,1,104625,104203,422
398161,2.00043,2.00043,422,50979,0.0123576,0.01,1,104627,104205,422
401081,2.00009,2.00009,422,51020,0.010943,0.01,1,104629,104207,422
404001,2.00002,2.00002,422,51061,0.0103772,0.03,1,104631,104209,422
406921,85.2,85.2,422,51102,0.0101509,0.01,1,104737,104315,422
409841,28.24,28.24,422,51143,0.0220604,0.01,1,104751,104329,422
412761,150.448,150.448,422,51184,0.0268241,0,1,104932,104510,422
415681,44.4896,44.4896,422,51225,0.0407297,0.01,1,104950,104528,422
418601,18.4979,18.4979,422,51266,0.0222919,0.01,1,104962,104540,422
421521,13.2996,13.2996,422,51307,0.0149167,0,1,104974,104552,422
424441,20.2599,20.2599,422,51348,0.0059667,0,1,104996,104574,422
427361,35.252,35.252,422,51389,0.00238668,0,1,105035,104613,422
430281,8.6504,8.6504,422,51430,0.000954672,0.05,1,105037,104615,422
433201,3.33008,3.33008,422,51471,0.0303819,0.05,1,105039,104617,422
436121,2.26602,2.26602,422,51512,0.0421527,0.05,1,105041,104619,422
439041,2.0532,2.0532,422,51553,0.0468611,0.01,1,105043,104621,422
441961,2.01064,2.01064,422,51594,0.0247444,0.01,1,105045,104623,422
444881,2.00213,2.00213,422,51635,0.0158978,0.01,1,105047,104625,422
447801,2.00043,2.00043,422,51676,0.0123591,0.01,1,105049,104627,422
450721,2.00009,2.00009,422,51717,0.0109436,0.01,1,105051,104629,422
453641,2.00002,2.00002,422,51758,0.0103775,0.01,1,105053,104631,422
456561,84.4,0.400003,527,51799,0.034151,0.01,1,105158,104631,527
459481,28.08,84.88,435,51840,0.0196604,0.03,1,105172,104737,435
462401,150.416,28.176,602,51881,0.0138642,0.03,1,105353,104751,602
465321,44.4832,150.435,439,51922,0.0355457,0.05,1,105371,104932,439
468241,18.4966,44.487,433,51963,0.0202183,0.01,1,105383,104950,433
471161,13.2993,18.4974,433,52004,0.0140873,0.01,1,105395,104962,433
474081,20.2599,13.2995,443,52044,0.00563492,0,1,105417,104974,443
477001,35.252,20.2599,460,52084,0.00225397,0,1,105456,104996,460
479921,8.65039,35.252,423,52124,0.000901587,0,1,105458,105035,423
482841,3.33008,8.6504,423,52164,0.0183606,0.05,1,105460,105037,423
485761,2.26602,3.33008,423,52204,0.0253443,0.05,1,105462,105039,423
488681,2.0532,2.26602,423,52244,0.0281377,0.05,1,105464,105041,423
491601,2.01064,2.0532,423,52284,0.0292551,0.01,1,105466,105043,423
494521,2.00213,2.01064,423,52324,0.029702,0.01,1,105468,105045,423
497441,2.00043,2.00213,423,52364,0.0298808,0.01,1,105470,105047,423
500361,2.00009,2.00043,423,52404,0.0299523,0.01,1,105472,105049,423
503281,2.00002,2.00009,423,52444,0.0299809,0.01,1,105474,105051,423
506201,84.4,2.00002,526,52484,0.0179924,0.05,1,105579,105053,526
509121,28.08,84.4,435,52524,0.0251969,0.01,1,105593,105158,435
512041,150.416,28.08,602,52564,0.0280788,0.01,1,105774,105172,602
514961,44.4832,150.416,439,52604,0.0292315,0.05,1,105792,105353,439
517881,18.4966,44.4832,433,52644,0.0176926,0.01,1,105804,105371,433
520801,13.2993,18.4966,433,52684,0.013077,0.01,1,105816,105383,433
523721,20.2599,13.2993,443,52724,0.00523082,0,1,105838,105395,443
526641,36.052,20.2599,461,52764,0.00209233,0,1,105878,105417,461
529561,8.81039,35.252,424,52804,0.00083693,0,1,105880,105456,424
532481,3.36208,8.65039,424,52844,0.00633477,0.03,1,105882,105458,424
535401,2.27242,3.33008,424,52884,0.0205339,0.03,1,105884,105460,424
538321,2.05448,2.26602,424,52924,0.0262136,0.03,1,105886,105462,424
541241,2.0109,2.0532,424,52964,0.0284854,0.03,1,105888,105464,424
544161,2.00218,2.01064,424,53004,0.0293942,0.03,1,105890,105466,424
547081,2.00044,2.00213,424,53044,0.0297577,0.03,1,105892,105468,424
550001,2.00009,2.00043,424,53084,0.0299031,0.03,1,105894,105470,424
552921,2.00002,2.00009,424,53124,0.0299612,0.03,1,105896,105472,424
555841,84.4,2.00002,527,53164,0.0179845,0.01,1,106001,105474,527
558761,28.08,84.4,436,53204,0.0251938,0.03,1,106015,105579,436
561681,7.216,28.08,424,53244,0.0280775,0.03,1,106017,105593,424
564601,144.643,150.416,422,53284,0.017231,0.03,1,106196,105774,422
567521,43.3286,44.4832,422,53324,0.0248924,0.01,1,106214,105792,422
570441,18.2657,18.4966,422,53363,0.015957,0.01,1,106226,105804,422
573361,13.2531,13.2993,422,53402,0.0123828,0,1,106238,105816,422
576281,20.2506,20.2599,422,53441,0.00495311,0,1,106260,105838,422
579201,36.8501,36.052,423,53480,0.00198125,0,1,106301,105878,423
582121,8.97002,8.81039,423,53519,0.0067925,0.01,1,106303,105880,423
585041,3.394,3.36208,423,53558,0.020717,0.03,1,106305,105882,423
587961,2.2788,2.27242,423,53597,0.0262868,0.03,1,106307,105884,423
590881,2.05576,2.05448,423,53636,0.0285147,0.03,1,106309,105886,423
593801,2.01115,2.0109,423,53675,0.0114059,0.03,1,106311,105888,423
596721,2.00223,2.00218,423,53714,0.0105624,0.03,1,106313,105890,423
599641,2.00045,2.00044,423,53753,0.0102249,0.03,1,106315,105892,423
602561,2.00009,2.00009,423,53792,0.01009,0.03,1,106317,105894,423
605481,2.00002,2.00002,423,53831,0.010036,0.01,1,106319,105896,423
608401,84.4,84.4,423,53870,0.0220144,0.03,1,106424,106001,423
611321,28.08,28.08,423,53909,0.0388058,0.03,1,106438,106015,423
614241,7.216,7.216,423,53948,0.0215223,0.01,1,106440,106017,423
617161,143.843,144.643,422,53987,0.0266089,0.03,1,106618,106196,422
620081,43.1686,43.3286,422,54026,0.0166436,0.01,1,106636,106214,422
623001,18.2337,18.2657,422,54065,0.0126574,0.01,1,106648,106226,422
625921,13.2467,13.2531,422,54104,0.011063,0,1,106660,106238,422
628841,20.2493,20.2506,422,54143,0.00442519,0,1,106682,106260,422
631761,36.8499,36.8501,422,54182,0.00177008,0.01,1,106723,106301,422
634681,8.96997,8.97002,422,54221,0.00670803,0.03,1,106725,106303,422
637601,3.39399,3.394,422,54260,0.00868321,0.03,1,106727,106305,422
640521,2.2788,2.2788,422,54299,0.00947328,0.03,1,106729,106307,422
643441,2.05576,2.05576,422,54338,0.00978931,0,1,106731,106309,422
646361,2.01115,2.01115,422,54377,0.00391573,0.01,1,106733,106311,422
649281,2.00223,2.00223,422,54416,0.00756629,0.01,1,106735,106313,422
652201,2.00045,2.00045,422,54455,0.00902652,0.01,1,106737,106315,422
655121,2.00009,2.00009,422,54494,0.00961061,0.01,1,106739,106317,422
658041,2.00002,2.00002,422,54533,0.00984424,0.03,1,106741,106319,422
660961,84.4,84.4,422,54572,0.0099377,0.05,1,106846,106424,422
663881,28.08,28.08,422,54611,0.0339751,0.01,1,106860,106438,422
666801,7.216,7.216,422,54650,0.04359,0.03,1,106862,106440,422
669721,143.843,143.843,422,54689,0.035436,0.03,1,107040,106618,422
672641,42.3686,28.7686,439,54727,0.0201744,0.01,1,107057,106618,439
675561,18.0737,20.1537,433,54765,0.0140698,0.01,1,107069,106636,433
678481,13.2147,13.6307,433,54803,0.0116279,0.01,1,107081,106648,433
681401,20.2429,12.3261,443,54841,0.00465116,0,1,107103,106660,443
684321,36.8486,20.0652,462,54879,0.00186046,0,1,107144,106682,462
687241,8.96972,36.813,423,54917,0.0187442,0.01,1,107146,106723,423
690161,3.39394,8.96261,423,54955,0.0254977,0.01,1,107148,106725,423
693081,2.27879,3.39252,423,54993,0.0281991,0.01,1,107150,106727,423
696001,2.05576,2.2785,423,55031,0.0292796,0.01,1,107152,106729,423
698921,2.01115,2.0557,423,55069,0.0117118,0,1,107154,106731,423
701841,2.00223,2.01114,423,55107,0.0106847,0.01,1,107156,106733,423
704761,2.00045,2.00223,423,55145,0.0102739,0.01,1,107158,106735,423
707681,2.00009,2.00045,423,55183,0.0101096,0.01,1,107160,106737,423
710601,2.00002,2.00009,423,55221,0.0100438,0.01,1,107162,106739,423
713521,84.4,2.00002,526,55259,0.0220175,0.01,1,107267,106741,526
716441,28.08,84.4,435,55297,0.026807,0.05,1,107281,106846,435
719361,7.216,28.08,423,55335,0.0287228,0.05,1,107283,106860,423
722281,143.843,7.216,599,55373,0.0174891,0.03,1,107461,106862,599
725201,42.3686,143.843,438,55411,0.0249956,0.01,1,107478,107040,438
728121,18.0737,42.3686,433,55449,0.0159983,0.01,1,107490,107057,433
731041,13.2147,18.0737,433,55487,0.0243993,0.01,1,107502,107069,433
733961,20.2429,13.2147,443,55525,0.00975972,0,1,107524,107081,443
736881,36.8486,20.2429,462,55563,0.00390389,0,1,107565,107103,462
739801,8.96972,36.8486,423,55601,0.0195616,0.03,1,107567,107144,423
742721,3.39394,8.96972,423,55639,0.00782462,0.03,1,107569,107146,423
745641,2.27879,3.39394,423,55677,0.00912985,0.03,1,107571,107148,423
748561,2.05576,2.27879,423,55715,0.00965194,0.03,1,107573,107150,423
751481,2.01115,2.05576,423,55753,0.00986078,0,1,107575,107152,423
754401,2.00223,2.01115,423,55791,0.00994431,0.01,1,107577,107154,423
757321,2.00045,2.00223,423,55829,0.00997772,0.01,1,107579,107156,423
760241,2.00009,2.00045,423,55867,0.00999109,0.01,1,107581,107158,423
763161,2.00002,2.00009,423,55905,0.00999644,0.01,1,107583,107160,423
766081,85.2,2.00002,527,55943,0.0219986,0.03,1,107689,107162,527
769001,28.24,84.4,436,55981,0.0387994,0.03,1,107703,107267,436
771921,7.248,28.08,424,56019,0.0455198,0.03,1,107705,107281,424
774841,143.05,7.216,599,56057,0.0242079,0.01,1,107882,107283,599
777761,42.2099,143.843,438,56095,0.0156832,0.03,1,107899,107461,438
780681,18.042,42.3686,433,56132,0.0122733,0.01,1,107911,107478,433
783601,5.2084,18.0737,423,56169,0.00490931,0.03,1,107913,107490,423
786521,9.84168,13.2147,422,56206,0.0199637,0,1,107924,107502,422
789441,19.5683,20.2429,422,56243,0.00798549,0,1,107946,107524,422
792361,36.7137,36.8486,422,56280,0.0031942,0.03,1,107987,107565,422
795281,8.94273,8.96972,422,56317,0.0192777,0,1,107989,107567,422
798201,3.38855,3.39394,422,56354,0.0257111,0.01,1,107991,107569,422
801121,2.27771,2.27879,422,56391,0.0282844,0.01,1,107993,107571,422
804041,2.05554,2.05576,422,56428,0.0293138,0.01,1,107995,107573,422
806961,2.01111,2.01115,422,56465,0.0117255,0.01,1,107997,107575,422
809881,2.00222,2.00223,422,56502,0.0106902,0.01,1,107999,107577,422
812801,2.00044,2.00045,422,56539,0.0102761,0.01,1,108001,107579,422
815721,2.00009,2.00009,422,56576,0.0101104,0.01,1,108003,107581,422
818641,2.00002,2.00002,422,56613,0.0100442,0.03,1,108005,107583,422
821561,86.8,85.2,424,56650,0.0220177,0.05,1,108113,107689,424
824481,28.56,28.24,424,56687,0.0388071,0.05,1,108127,107703,424
827401,7.312,7.248,424,56724,0.0215228,0.01,1,108129,107705,424
830321,141.462,143.05,422,56761,0.0266091,0.01,1,108304,107882,422
833241,41.8925,42.2099,422,56798,0.0286437,0.01,1,108321,107899,422
836161,17.9785,18.042,422,56835,0.0174575,0,1,108333,107911,422
839081,5.1957,5.2084,422,56872,0.00698298,0.03,1,108335,107913,422
842001,9.83914,9.84168,422,56909,0.0207932,0,1,108346,107924,422
844921,19.5678,19.5683,422,56946,0.00831728,0,1,108368,107946,422
847841,36.7136,36.7137,422,56983,0.0213269,0.03,1,108409,107987,422
850761,8.94271,8.94273,422,57020,0.0265308,0.03,1,108411,107989,422
853681,3.38854,3.38855,422,57057,0.0286123,0.03,1,108413,107991,422
856601,2.27771,2.27771,422,57094,0.0294449,0.03,1,108415,107993,422
859521,2.05554,2.05554,422,57131,0.029778,0,1,108417,107995,422
862441,2.01111,2.01111,422,57168,0.0119112,0.01,1,108419,107997,422
865361,2.00222,2.00222,422,57205,0.0107645,0.01,1,108421,107999,422
868281,2.00044,2.00044,422,57242,0.0103058,0.01,1,108423,108001,422
871201,2.00009,2.00009,422,57279,0.0101223,0.01,1,108425,108003,422
874121,2.00002,2.00002,422,57316,0.0100489,0.03,1,108427,108005,422
877041,86.8,86.8,422,57353,0.0220196,0.05,1,108535,108113,422
879961,28.56,28.56,422,57390,0.0388078,0.01,1,108549,108127,422
882881,7.312,7.312,422,57427,0.0455231,0.03,1,108551,108129,422
885801,141.462,141.462,422,57464,0.0362093,0.03,1,108726,108304,422
888721,41.8925,41.8925,422,57501,0.0204837,0.01,1,108743,108321,422
891641,17.9785,17.9785,422,57538,0.0141935,0,1,108755,108333,422
894561,5.1957,5.1957,422,57575,0.00567739,0.03,1,108757,108335,422
897481,9.83914,9.83914,422,57612,0.020271,0.03,1,108768,108346,422
900401,18.7678,1.96783,443,57648,0.00810838,0,1,108789,108346,443
903321,36.5536,17.9936,462,57684,0.00324335,0.03,1,108830,108368,462
906241,8.91071,36.3987,423,57720,0.00729734,0.03,1,108832,108409,423
909161,3.38214,8.87974,423,57756,0.00891894,0.03,1,108834,108411,423
912081,2.27643,3.37595,423,57792,0.00956757,0.03,1,108836,108413,423
915001,2.05529,2.27519,423,57828,0.00982703,0.03,1,108838,108415,423
917921,2.01106,2.05504,423,57864,0.00993081,0,1,108840,108417,423
920841,2.00221,2.01101,423,57900,0.00997232,0.01,1,108842,108419,423
923761,2.00044,2.0022,423,57936,0.00998893,0.01,1,108844,108421,423
926681,2.00009,2.00044,423,57972,0.00999557,0.01,1,108846,108423,423
929601,2.00002,2.00009,423,58008,0.00999823,0.01,1,108848,108425,423
932521,86.8,2.00002,529,58044,0.0579993,0.03,1,108956,108427,529
935441,29.36,86.8,436,58080,0.0411997,0.05,1,108971,108535,436
938361,7.472,28.56,424,58116,0.0344799,0.05,1,108973,108549,424
941281,140.694,7.312,596,58152,0.019792,0.03,1,109147,108551,596
944201,41.7389,141.462,438,58188,0.0259168,0.01,1,109164,108726,438
947121,17.9478,41.8925,433,58224,0.0163667,0.01,1,109176,108743,433
950041,5.18955,17.9785,423,58260,0.00654668,0,1,109178,108755,423
952961,9.83791,5.1957,432,58296,0.0206187,0.03,1,109189,108757,432
955881,18.7676,9.83914,442,58332,0.00824747,0,1,109210,108768,442
958801,36.5535,18.7678,462,58368,0.00329899,0,1,109251,108789,462
961721,8.9107,36.5536,423,58404,0.0193196,0.01,1,109253,108830,423
964641,3.38214,8.91071,423,58440,0.0257278,0.01,1,109255,108832,423
967561,2.27643,3.38214,423,58476,0.0282911,0.01,1,109257,108834,423
970481,2.05529,2.27643,423,58512,0.0293165,0.01,1,109259,108836,423
973401,2.01106,2.05529,423,58548,0.0297266,0.01,1,109261,108838,423
976321,2.00221,2.01106,423,58584,0.0418906,0.01,1,109263,108840,423
979241,2.00044,2.00221,423,58620,0.0467563,0.01,1,109265,108842,423
982161,2.00009,2.00044,423,58656,0.0487025,0.01,1,109267,108844,423
985081,2.00002,2.00009,423,58692,0.049481,0.01,1,109269,108846,423
988001,88.4,2.00002,531,58728,0.0497924,0.09,1,109379,108848,531
990921,30.48,86.8,439,58764,0.049917,0.03,1,109395,108956,439
993841,7.696,29.36,426,58800,0.0619668,0.03,1,109397,108971,426
996761,138.339,7.472,595,58836,0.0307867,0.01,1,109568,108973,595
999681,41.2678,140.694,438,58872,0.0183147,0.03,1,109585,109147,438
1002601,17.8536,41.7389,433,58908,0.0133259,0.01,1,109597,109164,433
1005521,5.17071,17.9478,423,58944,0.00533035,0,1,109599,109176,423
1008441,9.83414,5.18955,432,58980,0.0201321,0.03,1,109610,109178,432
1011361,18.7668,9.83791,442,59016,0.00805286,0,1,109631,109189,442
1014281,37.3534,18.7676,463,59052,0.00322114,0,1,109673,109210,463
1017201,9.07067,36.5535,424,59088,0.00728846,0.03,1,109675,109251,424
1020121,3.41413,8.9107,424,59124,0.00891538,0.03,1,109677,109253,424
1023041,2.28283,3.38214,424,59160,0.00956615,0.03,1,109679,109255,424
1025961,2.05657,2.27643,424,59196,0.00982646,0.03,1,109681,109257,424
1028881,2.01131,2.05529,424,59232,0.00993058,0.03,1,109683,109259,424
1031801,2.00226,2.01106,424,59267,0.00997223,0.05,1,109685,109261,424
1034721,2.00045,2.00221,424,59302,0.00998889,0.05,1,109687,109263,424
1037641,2.00009,2.00044,424,59337,0.00999556,0.05,1,109689,109265,424
1040561,2.00002,2.00009,424,59372,0.00999822,0.05,1,109691,109267,424
1043481,2,2.00002,424,59407,0.00999929,0.05,1,109693,109269,424
1046401,88.4,88.4,424,59442,0.00999972,0.05,1,109803,109379,424
1049321,31.28,30.48,425,59477,0.0219999,0.07,1,109820,109395,425
1052241,7.856,7.696,425,59512,0.0268,0.01,1,109822,109397,425
1055161,135.971,138.339,422,59547,0.02872,0.01,1,109990,109568,422
1058081,40.7942,41.2678,422,59582,0.029488,0.01,1,110007,109585,422
1061001,17.7588,17.8536,422,59617,0.0177952,0,1,110019,109597,422
1063921,5.15177,5.17071,422,59652,0.00711808,0.03,1,110021,109599,422
1066841,9.83035,9.83414,422,59687,0.0208472,0,1,110032,109610,422
1069761,18.7661,18.7668,422,59722,0.00833889,0,1,110053,109631,422
1072681,37.3532,37.3534,422,59757,0.0213356,0.01,1,110095,109673,422
1075601,9.07064,9.07067,422,59792,0.0265342,0.01,1,110097,109675,422
1078521,3.41413,3.41413,422,59827,0.0286137,0.01,1,110099,109677,422
1081441,2.28283,2.28283,422,59862,0.0294455,0.01,1,110101,109679,422
1084361,2.05657,2.05657,422,59897,0.0297782,0.01,1,110103,109681,422
1087281,2.01131,2.01131,422,59932,0.0119113,0.01,1,110105,109683,422
1090201,2.00226,2.00226,422,59967,0.0107645,0.01,1,110107,109685,422
1093121,2.00045,2.00045,422,60002,0.0103058,0.01,1,110109,109687,422
1096041,2.00009,2.00009,422,60037,0.0221223,0.01,1,110111,109689,422
1098961,2.00002,2.00002,422,60072,0.0268489,0.01,1,110113,109691,422
1101881,2,2,422,60107,0.0287396,0.01,1,110115,109693,422
1104801,88.4,88.4,422,60142,0.0774958,0.03,1,110225,109803,422
1107721,31.28,31.28,422,60177,0.0849983,0.03,1,110242,109820,422
1110641,7.856,7.856,422,60212,0.0879993,0.03,1,110244,109822,422
1113561,135.971,135.971,422,60247,0.0531997,0.03,1,110412,109990,422
1116481,40.7942,40.7942,422,60282,0.0272799,0.01,1,110429,110007,422
1119401,17.7588,17.7588,422,60317,0.088912,0,1,110441,110019,422
1122321,5.15177,5.15177,422,60352,0.0895648,0.03,1,110443,110021,422
1125241,9.83035,9.83035,422,60387,0.0778259,0,1,110454,110032,422
1128161,18.7661,18.7661,422,60422,0.0311304,0.03,1,110475,110053,422
1131081,37.3532,37.3532,422,60457,0.0304521,0.03,1,110517,110095,422
1134001,9.07064,9.07064,422,60492,0.0301809,0.03,1,110519,110097,422
1136921,3.41413,3.41413,422,60527,0.0300723,0.03,1,110521,110099,422
1139841,2.28283,0.682826,424,60562,0.0300289,0.03,1,110523,110099,424
1142761,2.05657,1.73657,424,60597,0.0300116,0.03,1,110525,110101,424
1145681,2.01131,1.94731,424,60632,0.0120046,0,1,110527,110103,424
1148601,2.00226,1.98946,424,60667,0.0108019,0.01,1,110529,110105,424
1151521,2.00045,1.99789,424,60702,0.0103207,0.01,1,110531,110107,424
1154441,2.00009,1.99958,424,60737,0.0101283,0.03,1,110533,110109,424
1157361,2.00002,1.99992,424,60772,0.0100513,0.03,1,110535,110111,424
1160281,2,1.99998,424,60807,0.0100205,0.03,1,110537,110113,424
1163201,90,2,534,60842,0.0580082,0.11,1,110649,110115,534
1166121,30.8,88.4,440,60877,0.0772033,0.09,1,110665,110225,440
1169041,7.76,31.28,425,60912,0.0848813,0.09,1,110667,110242,425
1171961,134.352,7.856,589,60946,0.0399525,0.03,1,110833,110244,589
1174881,45.2704,135.971,444,60980,0.045981,0.01,1,110856,110412,444
1177801,15.4541,40.7942,435,61014,0.0843924,0.13,1,110864,110429,435
1180721,4.69082,17.7588,425,61048,0.099757,0.09,1,110866,110441,425
1186561,18.4276,9.83035,442,61116,0.0471611,0,1,110896,110454,442
1189481,37.2855,18.7661,463,61150,0.0188644,0.03,1,110938,110475,463
1192401,9.05711,37.3532,423,61184,0.0135458,0.03,1,110940,110517,423
1195321,3.41142,9.07064,423,61218,0.0114183,0.03,1,110942,110519,423
1198241,2.28228,3.41413,423,61252,0.0105673,0.03,1,110944,110521,423
1201161,2.05646,2.28283,423,61286,0.0102269,0.03,1,110946,110523,423
1204081,2.01129,2.05657,423,61320,0.0100908,0,1,110948,110525,423
1207001,2.00226,2.01131,423,61354,0.0100363,0.01,1,110950,110527,423
1209921,2.00045,2.00226,423,61388,0.0100145,0.01,1,110952,110529,423
1212841,2.00009,2.00045,423,61422,0.0100058,0.01,1,110954,110531,423
1215761,2.00002,2.00009,423,61456,0.0100023,0.01,1,110956,110533,423
1218681,2,2.00002,423,61490,0.0220009,0.01,1,110958,110535,423
1221601,93.2,2,537,61524,0.0508004,0.09,1,111074,110537,537
1224521,31.44,90,441,61558,0.0743202,0.09,1,111090,110649,441
1227441,7.888,30.8,427,61592,0.0837281,0.09,1,111092,110665,427
1230361,131.178,7.76,587,61626,0.0394912,0.01,1,111254,110667,587
1233281,48.6355,134.352,449,61660,0.0817965,0.05,1,111282,110833,449
1244961,16.993,8.13816,442,61796,0.078942,0,1,111317,110875,442
1247881,36.9986,18.4276,463,61830,0.0315768,0,1,111359,110896,463
1250801,8.99972,37.2855,423,61864,0.0186307,0.01,1,111361,110938,423
1253721,3.39994,9.05711,423,61898,0.0134523,0.01,1,111363,110940,423
1256641,2.27999,3.41142,423,61932,0.0113809,0.01,1,111365,110942,423
1259561,2.056,2.28228,423,61966,0.0105524,0.01,1,111367,110944,423
1262481,2.0112,2.05646,423,62000,0.0102209,0.01,1,111369,110946,423
1265401,2.00224,2.01129,423,62034,0.0100884,0.01,1,111371,110948,423
1268321,2.00045,2.00226,423,62068,0.0100354,0.01,1,111373,110950,423
1271241,2.00009,2.00045,423,62102,0.0100141,0.01,1,111375,110952,423
1274161,2.00002,2.00009,423,62136,0.0100057,0.01,1,111377,110954,423
1277081,2,2.00002,423,62170,0.0100023,0.03,1,111379,110956,423
1280001,2,2,423,62204,0.0100009,0.07,1,111381,110958,423
1282921,95.6,93.2,426,62238,0.0460004,0.09,1,111500,111074,426
1285841,31.92,31.44,426,62272,0.0364001,0.09,1,111516,111090,426
1288761,7.984,7.888,426,62306,0.0565601,0.01,1,111518,111092,426
1291681,127.997,131.178,422,62340,0.052624,0.11,1,111676,111254,422
1303361,4.21119,4.96508,429,62476,0.214323,0.03,1,111726,111297,429
1306281,11.2422,16.993,422,62510,0.211729,0,1,111739,111317,422
1312121,8.76969,8.99972,422,62578,0.0590767,0.01,1,111783,111361,422
1315041,3.35394,3.39994,422,62612,0.0536307,0.01,1,111785,111363,422
1317961,2.27079,2.27999,422,62646,0.0514523,0.01,1,111787,111365,422
1320881,2.05416,2.056,422,62680,0.0505809,0.01,1,111789,111367,422
1323801,2.01083,2.0112,422,62714,0.0262324,0.01,1,111791,111369,422
1326721,2.00217,2.00224,422,62747,0.0164929,0.01,1,111793,111371,422
1329641,2.00043,2.00045,422,62780,0.0125972,0.01,1,111795,111373,422
1332561,2.00009,2.00009,422,62813,0.0110389,0.01,1,111797,111375,422
1335481,2.00002,2.00002,422,62846,0.0104155,0.01,1,111799,111377,422
1338401,2,2,422,62879,0.0101662,0.01,1,111801,111379,422
1341321,2,2,422,62912,0.0100665,0.07,1,111803,111381,422
1344241,96.4,95.6,423,62945,0.0820266,0.03,1,111923,111500,423
1347161,32.08,31.92,423,62978,0.0868106,0.07,1,111939,111516,423
1353001,127.203,127.997,422,63044,0.0558897,0.19,1,112098,111676,422
1358841,18.6881,17.2799,431,63110,0.278942,0.19,1,112151,111720,431
1361761,5.33763,5.05597,431,63143,0.297577,0.23,1,112153,111722,431
1373441,8.48214,8.76969,422,63275,0.076018,0.05,1,112205,111783,422
1376361,3.29643,3.35394,422,63308,0.0484072,0.05,1,112207,111785,422
1379281,2.25929,2.27079,422,63341,0.0373629,0.05,1,112209,111787,422
1382201,2.05186,2.05416,422,63374,0.0329451,0.01,1,112211,111789,422
1385121,2.01037,2.01083,422,63407,0.0311781,0.01,1,112213,111791,422
1388041,2.00207,2.00217,422,63440,0.0304712,0.01,1,112215,111793,422
1390961,2.00041,0.400433,424,63473,0.0301885,0.01,1,112217,111793,424
1393881,2.00008,1.68009,424,63506,0.0300754,0.01,1,112219,111795,424
1396801,2.00002,1.93602,424,63539,0.0300302,0.01,1,112221,111797,424
1399721,2,1.9872,424,63572,0.0300121,0.01,1,112223,111799,424
1402641,2,1.99744,424,63605,0.0300048,0.01,1,112225,111801,424
1414321,123.254,8.016,578,63737,0.0816481,0.01,1,112519,111941,578
1417241,72.6509,127.203,481,63770,0.266659,0.25,1,112579,112098,481
1423081,5.78603,18.6881,438,63836,0.420666,0.31,1,112589,112151,438
1426001,4.35721,5.33763,440,63869,0.438266,0.35,1,112593,112153,440
1428921,4.07144,4.26753,440,63902,0.445306,0.31,1,112597,112157,440
1434761,6.24286,34.4107,424,63968,0.281249,0.03,1,112627,112203,424
1437681,2.84857,8.48214,424,64001,0.2625,0.03,1,112629,112205,424
1440601,2.16971,3.29643,424,64034,0.255,0.03,1,112631,112207,424
1443521,2.03394,2.25929,424,64067,0.264,0.03,1,112633,112209,424
1446441,2.00679,2.05186,424,64100,0.2676,0.03,1,112635,112211,424
1449361,2.00136,2.01037,424,64133,0.26904,0.03,1,112637,112213,424
1452281,2.00027,2.00207,424,64166,0.269616,0.03,1,112639,112215,424
1455201,2.00005,2.00041,424,64199,0.269846,0.03,1,112641,112217,424
1458121,2.00001,2.00008,424,64232,0.269939,0.03,1,112643,112219,424
1461041,2,2.00002,424,64265,0.269975,0.03,1,112645,112221,424
1463961,2,2,424,64298,0.26999,0.03,1,112647,112223,424
1478561,88.985,123.254,503,64463,0.219427,0.39,1,113022,112519,503
1481481,24.197,72.6509,451,64496,0.285771,0.45,1,113030,112579,451
1551561,4.57372,4.48788,439,65267,0.235632,0.34,1,113475,113036,439
1554481,4.11474,4.09758,439,65299,0.226253,0.33,1,113479,113040,439
1557401,15.2229,16.0195,438,65331,0.252501,0.33,1,113497,113059,438
1560321,4.64459,4.8039,438,65363,0.263,0.33,1,113499,113061,438
1563241,2.52892,2.56078,438,65395,0.2672,0.33,1,113501,113063,438
1566161,2.10578,2.11216,438,65427,0.26888,0.33,1,113503,113065,438
1569081,2.02116,2.02243,438,65459,0.269552,0.33,1,113505,113067,438
1572001,2.00423,2.00449,438,65491,0.245821,0.33,1,113507,113069,438
1574921,2.00085,2.0009,438,65523,0.236328,0.33,1,113509,113071,438
1577841,2.00017,2.00018,438,65555,0.232531,0.33,1,113511,113073,438
1580761,2.00003,2.00004,438,65587,0.231013,0.33,1,113513,113075,438
1583681,2.00001,2.00001,438,65619,0.230405,0.33,1,113515,113077,438
1586601,2,2,438,65651,0.230162,0.33,1,113517,113079,438
1589521,2,2,438,65683,0.230065,0.33,1,113519,113081,438
1592441,2,2,438,65715,0.230026,0.38,1,113521,113083,438
1604121,100.95,102.576,436,65843,0.403473,0.04,1,113798,113362,436
1607041,96.9901,99.7152,433,65875,0.275389,0.14,1,113894,113461,433
1609961,25.798,26.343,433,65907,0.224156,0.23,1,113902,113469,433
1615801,4.55192,4.57372,433,65971,0.200265,0.22,1,113908,113475,433
1618721,4.11038,4.11474,433,66003,0.266106,0.27,1,113912,113479,433
1621641,15.2221,15.2229,433,66035,0.292442,0.27,1,113930,113497,433
1659601,110.8,1.68,571,66451,0.23201,0.36,1,114092,113521,571
1662521,37.36,106.736,457,66483,0.278804,0.41,1,114111,113654,457
1665441,9.072,35.7472,441,66515,0.297522,0.41,1,114113,113672,441
1671281,87.7229,100.95,525,66579,0.252803,0.19,1,114323,113798,525
1674201,29.5446,96.99,444,66611,0.299121,0.19,1,114338,113894,444
1680041,4.70178,6.7596,440,66674,0.283059,0.21,1,114344,113904,440
1726761,38,110.8,455,67170,0.4036,0.31,1,114547,114092,455
1729681,9.2,37.36,438,67201,0.42544,0.31,1,114549,114111,438
1732601,103.44,9.072,563,67232,0.428176,0.33,1,114676,114113,563
1738441,33.7376,87.7229,454,67294,0.409308,0.33,1,114777,114323,454
1741361,8.34752,29.5446,441,67325,0.427723,0.33,1,114779,114338,441
1744281,4.8695,7.50891,443,67356,0.435089,0.26,1,114783,114340,443
1747201,4.1739,4.70178,443,67387,0.414036,0.37,1,114787,114344,443
1750121,15.2348,4.14036,457,67418,0.447614,0.37,1,114805,114348,457
1793921,21.552,38,443,67883,0.407893,0.44,1,114990,114547,443
1796841,5.9104,9.2,443,67914,0.445157,0.43,1,114992,114549,443
1802681,85.3564,84.688,444,67976,0.409625,0.44,1,115200,114756,444
1817281,17.1524,15.2348,446,68131,0.417839,0.48,1,115251,114805,446
1820201,5.03049,4.64696,446,68162,0.443136,0.48,1,115253,114807,446
1823121,2.6061,2.52939,446,68193,0.441254,0.48,1,115255,114809,446
1826041,2.12122,2.10588,446,68224,0.440502,0.48,1,115257,114811,446
1828961,2.02424,2.02118,446,68255,0.440201,0.48,1,115259,114813,446
1831881,2.00485,2.00424,446,68286,0.41608,0.48,1,115261,114815,446
1834801,2.00097,2.00085,446,68317,0.412432,0.49,1,115263,114817,446
1837721,2.00019,2.00017,446,68348,0.410973,0.49,1,115265,114819,446
1840641,2.00004,2.00003,446,68379,0.404389,0.48,1,115267,114821,446
1843561,2.00001,2.00001,446,68410,0.407756,0.49,1,115269,114823,446
1846481,2,2,446,68441,0.409102,0.49,1,115271,114825,446
1849401,2,2,446,68472,0.409641,0.49,1,115273,114827,446
1852321,2,2,446,68503,0.409856,0.31,1,115275,114829,446
1861081,20.784,21.552,446,68596,0.414791,0.47,1,115436,114990,446
2012921,10.3534,7.90733,456,70162,0.776713,0.56,2,116565,116109,456
2018761,18.9741,5.11629,474,70222,0.751874,0.63,2,116593,116119,474
2033361,2.96543,2.0266,456,70372,0.766522,0.61,2,116605,116149,456
2036281,2.19309,2.00532,456,70402,0.774609,0.6,2,116607,116151,456
2039201,2.03862,2.00106,456,70432,0.777843,0.6,2,116609,116153,456
2042121,2.00772,2.00021,456,70462,0.779137,0.6,2,116611,116155,456
2045041,2.00154,2.00004,456,70492,0.779655,0.61,2,116613,116157,456
2047961,2.00031,2.00001,456,70522,0.755862,0.64,2,116615,116159,456
2056721,106.8,2,587,70612,0.779655,0.69,2,116752,116165,587
2059641,32.56,114,459,70642,0.773862,0.65,2,116766,116307,459
2068401,109.284,6.256,591,70732,0.753447,0.77,2,116925,116334,591
2091761,5.49452,5.39483,461,70972,0.803222,0.74,2,117056,116595,461
2094681,2.6989,2.67897,461,71002,0.825289,0.74,2,117058,116597,461
2097601,2.13978,2.13579,461,71032,0.804116,0.75,2,117060,116599,461
2100521,2.02796,2.82716,460,71062,0.795646,0.78,2,117062,116602,460
2103441,2.00559,2.96543,459,71091,0.774258,0.78,2,117064,116605,459
2106361,2.00112,2.19309,459,71120,0.765703,0.78,2,117066,116607,459
2109281,2.00022,2.03862,459,71149,0.762281,0.78,2,117068,116609,459
2112201,2.00004,2.00772,459,71178,0.760913,0.78,2,117070,116611,459
2115121,2.00001,2.00154,459,71207,0.778365,0.74,2,117072,116613,459
2118041,3.6,2.00031,461,71236,0.791346,0.73,2,117076,116615,461
2120961,2.32,2.00006,461,71265,0.796538,0.73,2,117078,116617,461
2123881,2.064,2.00001,461,71294,0.798615,0.81,2,117080,116619,461
2126801,107.613,106.8,462,71323,0.853446,0.77,2,117214,116752,462
2129721,31.1226,32.56,460,71352,0.851379,0.72,2,117226,116766,460
2132641,24.6245,24.112,461,71381,0.856551,0.72,2,117249,116788,461
2135561,6.5249,6.4224,461,71410,0.834621,0.77,2,117251,116790,461
2138481,108.505,109.284,460,71439,0.843848,0.63,2,117385,116925,460
2141401,68.901,71.4569,457,71468,0.769539,0.59,2,117444,116987,457
2147241,15.876,18.3783,454,71526,0.760326,0.69,2,117462,117008,454
2150161,13.5752,10.0757,459,71555,0.826131,0.75,2,117475,117016,459
2153081,12.315,10.8151,460,71584,0.762452,0.71,2,117487,117027,460
2156001,5.66301,5.36303,460,71613,0.814981,0.77,2,117491,117031,460
2158921,20.3326,19.4726,461,71642,0.847992,0.84,2,117515,117054,461
2161841,5.66652,5.49452,461,71671,0.837197,0.84,2,117517,117056,461
2164761,2.7333,2.6989,461,71700,0.832879,0.79,2,117519,117058,461
2167681,3.74666,2.13978,463,71729,0.873152,0.79,2,117523,117060,463
2170601,2.34933,2.02796,463,71758,0.865261,0.76,2,117525,117062,463
2173521,2.06987,2.00559,463,71787,0.862104,0.76,2,117527,117064,463
2176441,2.01397,2.00112,463,71816,0.860842,0.76,2,117529,117066,463
2179361,2.00279,2.00022,463,71845,0.860337,0.76,2,117531,117068,463
2182281,2.00056,2.00004,463,71874,0.836135,0.79,2,117533,117070,463
2185201,2.00011,2.00001,463,71903,0.850454,0.8,2,117535,117072,463
2188121,2.00002,3.6,461,71932,0.856182,0.8,2,117537,117076,461
2191041,2,2.32,461,71961,0.858473,0.8,2,117539,117078,461
2193961,3.6,2.064,463,71990,0.865389,0.89,2,117543,117080,463
2211481,69.9061,68.901,465,72164,0.891527,0.68,2,117909,117444,465
2214401,15.5812,15.3802,465,72193,0.842611,0.79,2,117911,117446,465
2223161,17.7567,11.035,475,72280,0.872567,0.72,2,117950,117475,475
2284481,15.4176,69.9061,469,72889,0.88965,0.81,2,118378,117909,469
2287401,18.2835,15.5812,486,72918,0.88386,0.94,2,118397,117911,486
2646561,19.2737,56.3062,492,76374,0.876878,1,2,120752,120260,492
2649481,15.8547,17.6612,499,76401,0.836751,1,2,120767,120268,499
2652401,7.97095,23.5322,480,76428,0.7727,1,2,120773,120293,480
2681601,5.30156,6.77947,487,76698,0.265469,1,1,120860,120373,487
2684521,5.06031,5.35589,487,76725,0.238188,1,1,120865,120378,487
2690361,8.20241,8.05424,484,76779,0.87811,0.98,2,120879,120395,484
2699121,9.12162,7.58443,488,76860,0.894999,1,2,120902,120414,488
2702041,10.6243,8.71689,490,76887,0.856,1,2,120913,120423,490
2713721,15.4538,13.2107,484,76995,0.409658,0.93,1,121029,120545,484
2725401,8.88233,15.8547,454,77103,0.0617992,0.73,1,121221,120767,454
2728321,4.97647,7.97095,452,77130,0.0427197,0.65,1,121225,120773,452
2731241,4.19529,6.39419,450,77157,0.0350879,0.57,1,121229,120779,450
2734161,5.63906,7.67884,448,77184,0.0200351,0.56,1,121235,120787,448
2737081,7.52781,8.73577,447,77211,0.0500141,0.53,1,121243,120796,447
2740001,6.30556,8.94715,444,77238,0.0620056,0.39,1,121249,120805,444
2742921,10.8611,15.3894,439,77265,0.0668023,0.33,1,121261,120822,439
2745841,14.9722,17.4779,437,77292,0.0267209,0.31,1,121277,120840,437
2748761,5.39444,6.69558,436,77319,0.0106884,0.29,1,121280,120844,436
2751681,2.67889,4.53912,434,77346,0.00427534,0.3,1,121282,120848,434
2754601,5.33578,6.50782,433,77373,0.0197101,0.24,1,121288,120855,433
2757521,34.6672,5.30156,470,77400,0.0378841,0.22,1,121330,120860,470
2760441,13.3334,5.06031,473,77427,0.0451536,1,1,121338,120865,473
2763361,8.26669,5.01206,475,77454,0.0600615,1,1,121345,120870,475
2766281,4.85334,8.20241,470,77481,0.0900246,1,1,121349,120879,470
2769201,2.57067,4.04048,469,77508,0.0900098,0.97,1,121351,120882,469
2777961,9.46057,10.6243,461,77589,0.0727206,0.61,1,121374,120913,461
2786721,20.7477,29.269,439,77670,0.219454,0.36,1,121456,121017,439
2789641,13.7495,15.4538,439,77697,0.225782,0.03,1,121468,121029,439
2792561,84.3499,98.2908,422,77724,0.204313,0.11,1,121570,121148,422
2795481,68.07,70.0582,423,77751,0.207725,0.09,1,121634,121211,423
2798401,15.214,16.4116,422,77778,0.20909,0.03,1,121636,121214,422
2801321,8.6428,8.88233,422,77805,0.221636,0.03,1,121643,121221,422
2804241,4.92856,4.97647,422,77832,0.226654,0.03,1,121647,121225,422
2807161,4.18571,4.19529,422,77859,0.228662,0.01,1,121651,121229,422
2810081,6.43714,5.63906,423,77886,0.217465,0.07,1,121658,121235,423
2813001,7.68743,7.52781,423,77913,0.212986,0.07,1,121666,121243,423
2815921,6.33749,6.30556,423,77940,0.211194,0.07,1,121672,121249,423
2818841,10.0675,10.8611,422,77967,0.222478,0,1,121683,121261,422
2824681,5.3627,5.39444,422,78021,0.0583964,0,1,121702,121280,422
2827601,2.67254,2.67889,422,78048,0.0233586,0.03,1,121704,121282,422
2830521,5.33451,5.33578,422,78075,0.0273434,0.03,1,121710,121288,422
2833441,35.4669,1.06716,465,78102,0.0169374,0.05,1,121753,121288,465
2836361,15.0934,33.8134,433,78129,0.0127749,0.05,1,121763,121330,433
2839281,8.61868,13.1627,432,78156,0.02311,0.07,1,121770,121338,432
2842201,4.12374,8.23254,428,78183,0.039244,0.11,1,121773,121345,428
2845121,2.42475,4.84651,426,78210,0.0456976,0.09,1,121775,121349,426
2848041,4.48495,2.5693,429,78237,0.036279,0.11,1,121780,121351,429
2850961,6.49699,4.51386,431,78264,0.0445116,0.11,1,121787,121356,431
2853881,10.0994,7.30277,434,78291,0.0718047,0.05,1,121798,121364,434
2859721,16.724,42.6921,439,78345,0.216689,0.21,1,121864,121425,439
2862641,20.9448,15.7384,452,78372,0.248675,0.25,1,121886,121434,452
2865561,12.989,20.7477,441,78399,0.27347,0.23,1,121897,121456,441
2874321,15.6559,68.07,433,78480,0.405582,0.21,1,122067,121634,433
2877241,7.93118,15.214,437,78507,0.420233,0.23,1,122073,121636,437
2880161,4.78624,8.6428,434,78534,0.426093,0.23,1,122077,121643,434
2883081,4.15725,4.92856,434,78561,0.428437,0.23,1,122081,121647,434
2886001,7.23145,4.18571,438,78588,0.429375,0.21,1,122089,121651,438
2888921,7.84629,6.43714,439,78615,0.42975,0.21,1,122097,121658,439
2891841,6.36926,7.68743,437,78642,0.4299,0.21,1,122103,121666,437
2894761,7.67385,6.33749,439,78669,0.44196,0.23,1,122111,121672,439
2897681,8.73477,10.0675,437,78696,0.434784,0.07,1,122120,121683,437
2900601,4.14695,14.8135,424,78723,0.443914,0.01,1,122123,121699,424
2903521,2.42939,5.3627,423,78750,0.423565,0,1,122125,121702,423
2926881,7.94262,4.48495,431,78966,0.297845,0.05,1,122211,121780,431
2929801,9.58852,6.49699,434,78992,0.293138,0.09,1,122221,121787,434
2932721,54.7177,10.0994,489,79018,0.435255,0.23,1,122287,121798,489
3011561,66.6856,54.7177,451,79720,0.864452,0.59,2,122738,122287,451
3299181,410.025,415.084,498,37960,0.406,1,1,124521,124023,498
3305021,30.481,31.6434,488,38800,0.09736,0.92,1,124541,124053,488
3307941,16.4962,15.9287,489,38854,0.044944,1,1,124554,124065,489
3310861,54.4992,22.3857,529,38908,0.0359776,0.73,1,124618,124089,529
3313781,34.0998,75.6772,469,38962,0.020391,0.31,1,124647,124178,469
3316701,70.82,52.7354,502,39016,0.0261564,0.01,1,124727,124225,502
3319621,102.164,148.147,440,39070,0.208463,0,1,124837,124397,440
3325461,26.8066,30.5659,432,39178,0.075354,0,1,124887,124455,432
3328381,27.7613,27.7132,433,39232,0.0301416,0.01,1,124915,124482,433
3331301,19.1523,21.5426,430,39286,0.0420566,0,1,124932,124502,430
3334221,9.43045,15.5085,423,39340,0.0168227,0.01,1,124939,124516,423
3337141,4.28609,6.30171,422,39394,0.0247291,0.01,1,124942,124520,422
3340061,4.05722,4.46034,422,39448,0.0278916,0.05,1,124946,124524,422
3342981,14.4114,14.4921,422,39502,0.0411566,0.01,1,124963,124541,422
3345901,14.0823,13.2984,423,39555,0.0224627,0.03,1,124977,124554,423
3348821,54.0165,53.8597,423,39608,0.0149851,0.01,1,125041,124618,423
3351741,33.2033,33.9719,422,39661,0.023994,0.03,1,125069,124647,422
3354661,70.6407,70.7944,422,39714,0.0155976,0.33,1,125149,124727,422
3357581,114.928,102.159,438,39767,0.048239,0.15,1,125275,124837,438
3360501,35.7856,42.0318,427,39820,0.0372956,0.01,1,125291,124864,427
3363421,21.5571,26.8064,422,39873,0.0329182,0,1,125309,124887,422
3366341,27.5114,27.7613,423,39926,0.0311673,0.05,1,125338,124915,423
3369261,19.1023,19.1523,423,39979,0.0304669,0,1,125355,124932,423
3372181,9.42046,9.43045,423,40032,0.0121868,0.03,1,125362,124939,423
3375101,3.48409,4.28609,422,40085,0.0108747,0.03,1,125364,124942,422
3378021,3.09682,0.857218,425,40138,0.0103499,0.03,1,125367,124942,425
3380941,14.2194,3.37144,438,40191,0.01014,0.05,1,125384,124946,438
3383861,14.8439,14.2743,436,40244,0.010056,0.01,1,125399,124963,436
3386781,53.3688,14.0549,485,40296,0.0220224,0.01,1,125462,124977,485
3389701,33.8738,54.011,450,40348,0.038809,0.03,1,125491,125041,450
3392621,69.9748,33.2022,501,40400,0.0215236,0.01,1,125570,125069,501
3395541,115.595,70.6404,548,40452,0.0386094,0.07,1,125697,125149,548
3398461,35.919,114.928,438,40504,0.0454438,0.03,1,125713,125275,438
3401381,20.7838,35.7856,439,40556,0.0361775,0.03,1,125730,125291,439
3404301,27.3568,21.5571,450,40608,0.014471,0.03,1,125759,125309,450
3407221,19.0714,27.5114,438,40660,0.0117884,0.03,1,125776,125338,438
3410141,9.41427,19.1023,428,40712,0.00471536,0,1,125783,125355,428
3413061,3.48285,9.42046,423,40764,0.00788614,0.01,1,125785,125362,423
3415981,3.09657,3.48409,424,40816,0.00915446,0.01,1,125788,125364,424
3418901,14.2193,3.09682,438,40868,0.00966178,0.01,1,125805,125367,438
3421821,15.6439,14.2194,437,40920,0.0338647,0.01,1,125821,125384,437
3424741,53.5288,14.8439,485,40972,0.0315459,0.03,1,125884,125399,485
3427661,34.7058,53.3688,452,41024,0.0306184,0.05,1,125914,125462,452
3430581,69.3412,33.8738,501,41075,0.0182473,0.01,1,125992,125491,501
3433501,116.268,69.9748,550,41126,0.0372989,0.05,1,126120,125570,550
3436421,36.0536,115.595,439,41177,0.0449196,0.05,1,126136,125697,439
3439341,20.0107,35.919,439,41228,0.0599678,0.03,1,126152,125713,439
3442261,26.4021,20.7838,450,41279,0.0239871,0,1,126180,125730,450
3445181,18.8804,27.3568,438,41330,0.0275949,0.01,1,126197,125759,438
3448101,10.1761,19.0714,429,41381,0.0110379,0,1,126205,125776,429
3451021,3.63522,9.41427,424,41432,0.0104152,0.01,1,126207,125783,424
3453941,2.32704,3.48285,424,41483,0.0101661,0.01,1,126209,125785,424
3456861,14.8654,3.09657,439,41534,0.0100664,0.01,1,126227,125788,439
3459781,4.57308,14.2193,424,41585,0.00402657,0.05,1,126229,125805,424
3462701,13.7146,15.6439,424,41636,0.0196106,0.03,1,126245,125821,424
3465621,52.3429,53.5288,423,41687,0.0378443,0.03,1,126307,125884,423
3468541,36.0686,34.7058,425,41738,0.0211377,0.01,1,126339,125914,425
3471461,68.0137,69.3412,423,41789,0.0264551,0.05,1,126415,125992,423
3474381,116.803,116.268,424,41840,0.040582,0.05,1,126544,126120,424
3477301,36.1605,36.0536,424,41890,0.0462328,0.07,1,126560,126136,424
3480221,20.0321,20.0107,424,41940,0.0244931,0,1,126576,126152,424
3483141,24.8064,26.4021,422,41990,0.0277973,0.03,1,126602,126180,422
3486061,18.5613,18.8804,422,42040,0.0291189,0,1,126619,126197,422
3488981,10.9123,10.1761,423,42090,0.0296476,0.01,1,126628,126205,423
3491901,3.78245,3.63522,423,42140,0.029859,0.01,1,126630,126207,423
3494821,2.35649,2.32704,423,42190,0.0119436,0.01,1,126632,126209,423
3497741,14.8713,14.8654,423,42240,0.00477744,0,1,126650,126227,423
3500661,4.57426,4.57308,423,42290,0.00791098,0.03,1,126652,126229,423
3503581,12.9149,13.7146,422,42340,0.0331644,0.05,1,126667,126245,422
3506501,52.183,52.3429,422,42390,0.0432658,0.01,1,126729,126307,422
3509421,36.0366,36.0686,422,42440,0.0473063,0.03,1,126761,126339,422
3512341,68.0073,68.0137,422,42490,0.0369225,0.05,1,126837,126415,422
3515261,116.801,116.803,422,42540,0.056769,0.05,1,126966,126544,422
3518181,36.1603,36.1605,422,42590,0.0407076,0.01,1,126982,126560,422
3521101,20.0321,20.0321,422,42640,0.034283,0.03,1,126998,126576,422
3524021,24.8064,24.8064,422,42689,0.0317132,0.03,1,127024,126602,422
3526941,18.5613,18.5613,422,42738,0.0186853,0.03,1,127041,126619,422
3529861,10.9123,10.9123,422,42787,0.0134741,0.03,1,127050,126628,422
3532781,3.78245,3.78245,422,42836,0.0233896,0,1,127052,126630,422
3535701,2.35649,2.35649,422,42885,0.0273559,0,1,127054,126632,422
3538621,14.8713,14.8713,422,42934,0.0289423,0.01,1,127072,126650,422
3541541,4.57426,4.57426,422,42983,0.0115769,0.01,1,127074,126652,422
3544461,12.1149,0.914852,436,43032,0.0106308,0.05,1,127088,126652,436
3547381,52.023,12.183,483,43081,0.0222523,0.05,1,127150,126667,483
3550301,36.0046,52.0366,453,43130,0.0149009,0.05,1,127182,126729,453
3553221,68.0009,36.0073,497,43179,0.0359604,0.03,1,127258,126761,497
3556141,117.6,68.0015,551,43228,0.0563841,0.07,1,127388,126837,551
3559061,36.32,116.8,438,43277,0.0645537,0.03,1,127404,126966,438
3561981,19.264,36.1601,437,43326,0.0798215,0.03,1,127419,126982,437
3564901,24.6528,20.032,447,43375,0.0739286,0.03,1,127445,126998,447
3567821,18.5306,24.8064,438,43424,0.0355714,0.01,1,127462,127024,438
3570741,10.9061,18.5613,430,43473,0.0202286,0.01,1,127471,127041,430
3573661,3.78122,10.9123,423,43522,0.0260914,0.03,1,127473,127050,423
3576581,2.35624,3.78245,423,43570,0.0104366,0.03,1,127475,127052,423
3579501,14.8712,2.35649,439,43618,0.00417463,0.03,1,127493,127054,439
3582421,4.57425,14.8713,423,43666,0.00766985,0,1,127495,127072,423
3585341,12.9148,4.57426,436,43714,0.0210679,0.01,1,127510,127074,436
3588261,51.383,12.1149,483,43762,0.0384272,0.03,1,127571,127088,483
3591181,36.6766,52.023,454,43810,0.0153709,0.01,1,127604,127150,454
3594101,68.1353,36.0046,498,43858,0.0121483,0.05,1,127680,127182,498
3597021,119.227,68.0009,554,43906,0.0348593,0.07,1,127812,127258,554
3599941,36.6454,117.6,440,43954,0.0559437,0.07,1,127828,127388,440
3602861,19.3291,36.32,439,44002,0.0523775,0.09,1,127843,127404,439
3605781,22.2658,19.264,447,44050,0.050951,0.07,1,127866,127419,447
3608701,18.0532,24.6528,438,44098,0.0383804,0.01,1,127883,127445,438
3611621,10.8106,18.5306,430,44146,0.0333522,0.01,1,127892,127462,430
3614541,3.76213,10.9061,423,44194,0.0313409,0.03,1,127894,127471,423
3617461,2.35243,3.78122,423,44242,0.0125363,0,1,127896,127473,423
3620381,14.8705,2.35624,439,44290,0.0110145,0,1,127914,127475,439
3623301,4.5741,14.8712,423,44338,0.0224058,0.01,1,127916,127493,423
3626221,12.9148,4.57425,436,44386,0.0149623,0.03,1,127931,127495,436
3629141,51.383,12.9148,482,44434,0.0119849,0.05,1,127992,127510,482
3632061,11.8766,51.383,423,44481,0.022794,0,1,127994,127571,423
3634981,28.7753,36.6766,423,44528,0.0271176,0.01,1,128027,127604,423
3637901,66.5551,68.1353,423,44575,0.040847,0.05,1,128103,127680,423
3640821,120.511,119.227,425,44622,0.0463388,0.07,1,128237,127812,425
3643741,36.9022,36.6454,425,44669,0.0485355,0.05,1,128253,127828,425
3646661,19.3804,19.3291,425,44716,0.0194142,0.05,1,128268,127843,425
3649581,21.4761,22.2658,424,44763,0.0137657,0.03,1,128290,127866,424
3652501,16.2952,18.0532,422,44810,0.0235063,0.03,1,128305,127883,422
3655421,10.459,10.8106,422,44857,0.0274025,0.03,1,128314,127892,422
3658341,3.69181,3.76213,422,44904,0.028961,0,1,128316,127894,422
3661261,2.33836,2.35243,422,44951,0.0115844,0.01,1,128318,127896,422
3664181,15.6677,14.8705,423,44998,0.0226338,0.03,1,128337,127914,423
3667101,4.73353,4.5741,423,45045,0.0270535,0.01,1,128339,127916,423
3670021,12.9467,12.9148,423,45092,0.0408214,0.01,1,128354,127931,423
3672941,51.3893,51.383,423,45139,0.0343286,0.03,1,128415,127992,423
3675861,11.8779,11.8766,423,45186,0.0317314,0.03,1,128417,127994,423
3678781,27.9756,28.7753,422,45233,0.0186926,0.05,1,128449,128027,422
3681701,67.1951,66.5551,423,45280,0.013477,0.05,1,128526,128103,423
3684621,119.839,120.511,422,45327,0.0353908,0.05,1,128659,128237,422
3687541,36.7678,36.9022,422,45374,0.0201563,0,1,128675,128253,422
3690461,19.3536,19.3804,422,45420,0.0500625,0.01,1,128690,128268,422
3693381,21.4707,21.4761,422,45466,0.062025,0.03,1,128712,128290,422
3696301,16.2941,16.2952,422,45512,0.05481,0.03,1,128727,128305,422
3699221,10.4588,10.459,422,45558,0.039924,0.03,1,128736,128314,422
3702141,3.69177,3.69181,422,45604,0.0339696,0,1,128738,128316,422
3705061,2.33835,2.33836,422,45650,0.0315878,0.03,1,128740,128318,422
3707981,15.6677,15.6677,422,45696,0.0306351,0.03,1,128759,128337,422
3710901,4.73353,4.73353,422,45742,0.0302541,0.05,1,128761,128339,422
3713821,12.9467,12.9467,422,45788,0.0301016,0.03,1,128776,128354,422
3716741,51.3893,51.3893,422,45834,0.0180406,0.03,1,128837,128415,422
3719661,11.8779,11.8779,422,45880,0.0252163,0.01,1,128839,128417,422
3722581,27.9756,27.9756,422,45926,0.0100865,0.01,1,128871,128449,422
3725501,67.1951,5.59511,499,45972,0.0340346,0.01,1,128948,128449,499
3728421,119.039,62.719,554,46018,0.0556138,0.05,1,129080,128526,554
3731341,37.4078,118.944,438,46064,0.0642455,0.01,1,129097,128659,438
3734261,19.4816,36.5888,437,46110,0.0916982,0.07,1,129112,128675,437
3751781,15.6664,2.33834,440,46385,0.071813,0.03,1,129180,128740,440
3754701,4.73328,15.6677,423,46430,0.0827252,0.03,1,129182,128759,423
3757621,12.9467,4.73353,436,46475,0.0510901,0.03,1,129197,128761,436
3760541,51.3893,12.9467,482,46520,0.038436,0.01,1,129258,128776,482
3763461,11.8779,51.3893,423,46565,0.0153744,0.03,1,129260,128837,423
3766381,27.9756,11.8779,453,46610,0.0121498,0,1,129292,128839,453
3769301,67.9951,27.9756,499,46655,0.0108599,0.05,1,129370,128871,499
3772221,121.599,67.1951,557,46700,0.070344,0.07,1,129505,128948,557
3804341,52.17,12.9467,483,47195,0.0904186,0.03,1,129680,129197,483
3807261,12.034,51.3893,424,47240,0.0541674,0,1,129682,129258,424
3810181,27.2068,11.8779,453,47285,0.039667,0.01,1,129713,129260,453
3813101,68.6414,27.9756,500,47330,0.0218668,0.01,1,129792,129292,500
3816021,124.928,67.9951,561,47375,0.0267467,0.11,1,129931,129370,561
3818941,26.5857,121.599,428,47419,0.0286987,0.13,1,129933,129505,428
3821861,21.3171,38.7198,430,47463,0.0414795,0.15,1,129953,129523,430
3824781,15.4634,19.744,429,47507,0.0225918,0.15,1,129967,129538,429
3827701,20.6927,21.5488,429,47551,0.0270367,0.15,1,129989,129560,429
3830621,15.3385,15.5098,429,47595,0.0288147,0.13,1,130003,129574,429
3833541,9.46771,8.70195,430,47639,0.0355259,0.13,1,130011,129581,430
3836461,3.49354,3.34039,430,47683,0.0322104,0.17,1,130013,129583,430
3839381,2.29871,2.26808,430,47727,0.0548841,0.17,1,130015,129585,430
3842301,13.2597,13.2536,430,47771,0.0399537,0.17,1,130031,129601,430
3845221,4.25195,4.25072,430,47815,0.0579815,0.19,1,130033,129603,430
3848141,10.4504,12.8501,427,47859,0.0771926,0.03,1,130045,129618,427
3851061,47.6901,52.17,422,47903,0.036877,0.03,1,130102,129680,422
3853981,11.138,12.034,422,47947,0.0207508,0.03,1,130104,129682,422
3856901,27.8276,27.2068,423,47991,0.0263003,0.01,1,130136,129713,423
3859821,67.9655,68.6414,422,48035,0.0405201,0.03,1,130214,129792,422
3862741,126.393,124.928,424,48079,0.0582081,0.03,1,130355,129931,424
3865661,26.8786,26.5857,424,48123,0.0652832,0.05,1,130357,129933,424
3868581,19.7757,21.3171,422,48167,0.0681133,0.01,1,130375,129953,422
3871501,15.9551,15.4634,423,48211,0.0812453,0.03,1,130390,129967,423
3880261,9.47164,9.46771,423,48343,0.25288,0.03,1,130434,130011,423
3883181,3.49433,3.49354,423,48387,0.281152,0.07,1,130436,130013,423
3897781,46.0965,47.6901,422,48604,0.274165,0.01,1,130524,130102,422
3900701,10.8193,11.138,422,48647,0.259666,0.03,1,130526,130104,422
3903621,27.7639,27.8276,422,48690,0.217866,0.05,1,130558,130136,422
3912381,27.0381,26.8786,423,48819,0.0948235,0.07,1,130780,130357,423
3918221,16.9215,3.95514,440,48905,0.0835717,0.09,1,130815,130375,440
3921141,20.9843,12.791,447,48948,0.0994287,0.13,1,130837,130390,447
3941581,10.4509,4.41191,446,49249,0.201655,0.31,1,130903,130457,446
3944501,43.6902,10.4824,486,49292,0.206662,0.25,1,130955,130469,486
3947421,10.338,46.0965,433,49335,0.208665,0.25,1,130957,130524,433
3950341,24.4676,10.8193,459,49378,0.245466,0.19,1,130985,130526,459
3953261,65.6935,27.7639,503,49421,0.260186,0.13,1,131061,130558,503
3970781,26.7885,20.9843,454,49677,0.433582,0.11,1,131291,130837,454
4023341,12.245,11.7577,449,50433,0.809892,0.55,2,131748,131299,449
4026261,4.04899,3.95154,449,50475,0.833957,0.55,2,131750,131301,449
4029181,2.4098,2.39031,449,50517,0.867583,0.53,2,131752,131303,449
4032101,13.282,14.0781,448,50559,0.857033,0.53,2,131768,131320,448
4035021,4.25639,4.41561,448,50601,0.888813,0.53,2,131770,131322,448
4037941,10.4513,10.4831,448,50643,0.877525,0.53,2,131782,131334,448
4040861,43.6903,43.6966,448,50685,0.88501,0.53,2,131834,131386,448
4201461,144.688,52.5901,647,52919,0.874,1,2,133517,132870,647
4204381,35.3377,154.518,475,52959,0.7756,1,2,133525,133050,475
4224821,23.8507,14.8263,503,53239,0.0766876,1,1,133658,133155,503
4227741,16.7701,14.1653,504,53279,0.030675,1,1,133673,133169,504
4230661,16.154,12.4331,508,53319,0.01827,1,1,133689,133181,508
4233581,15.2308,11.2866,512,53358,0.013308,1,1,133704,133192,512
4236501,15.0462,7.05732,521,53397,0.0113232,1,1,133719,133198,521
4239421,15.0092,11.0115,524,53436,0.0465293,1,1,133734,133210,524
4242341,15.0018,34.2023,499,53475,0.0486117,1,1,133749,133250,499
4245261,10.2004,18.0405,494,53514,0.0194447,1,1,133758,133264,494
4248181,15.6401,17.2081,494,53553,0.0137779,1,1,133775,133281,494
4251101,38.328,59.4416,468,53592,0.0235111,0.79,1,133819,133351,468
4254021,131.666,144.688,457,53631,0.0154045,0.71,1,133974,133517,457
4256941,34.3331,35.3377,459,53670,0.0121618,0.67,1,133984,133525,459
4259861,17.2666,23.0675,452,53709,0.0108647,0.61,1,133997,133545,452
4262781,12.2533,17.4135,447,53748,0.0223459,0.49,1,134008,133561,447
4265701,14.4507,18.6827,443,53787,0.0269384,0.39,1,134023,133580,443
4268621,13.2901,17.3365,439,53826,0.0407753,0.27,1,134036,133597,439
4271541,9.05803,16.2673,431,53865,0.0583101,0.09,1,134044,133613,431
4274461,11.4116,19.2535,423,53904,0.0533241,0,1,134056,133633,423
4277381,21.4823,23.8507,422,53943,0.0273296,0,1,134080,133658,422
4280301,16.2965,16.7701,422,53982,0.0169318,0.01,1,134095,133673,422
4283221,16.0593,16.154,422,54021,0.0127727,0.01,1,134111,133689,422
4286141,15.2119,15.2308,422,54060,0.0351091,0.01,1,134126,133704,422
4294901,15.0017,15.0018,422,54177,0.065847,0,1,134171,133749,422
4297821,10.2003,10.2004,422,54216,0.0323388,0.01,1,134180,133758,422
4300741,24.4401,15.6401,433,54255,0.0189355,0.03,1,134208,133775,433
4303661,31.288,38.328,422,54294,0.0615742,0.01,1,134241,133819,422
4306581,130.258,131.666,422,54333,0.0306297,0.01,1,134396,133974,422
4309501,34.0515,34.3331,422,54372,0.0122519,0.01,1,134406,133984,422
4312421,17.2103,17.2666,422,54411,0.0469007,0.03,1,134419,133997,422
4315341,13.0421,12.2533,423,54450,0.0487603,0.03,1,134431,134008,423
4318261,13.8084,14.4507,422,54489,0.0735041,0.05,1,134445,134023,422
4321181,14.7617,13.2901,424,54528,0.0474016,0.07,1,134460,134036,424
4324101,8.55234,9.05803,423,54567,0.0249607,0.05,1,134467,134044,423
4327021,12.1105,11.4116,424,54606,0.0279843,0.01,1,134480,134056,424
4329941,20.0221,21.4823,422,54645,0.0291937,0.01,1,134502,134080,422
4332861,16.0044,16.2965,422,54684,0.0116775,0.01,1,134517,134095,422
4335781,15.2009,3.25929,437,54722,0.010671,0.01,1,134532,134095,437
4338701,22.2402,13.4519,445,54760,0.0342684,0.05,1,134556,134111,445
4341621,10.848,14.6904,438,54798,0.0557074,0.25,1,134564,134126,438
4344541,12.5696,14.9381,436,54836,0.0642829,0.09,1,134577,134141,436
4347461,14.5139,14.9876,436,54874,0.0317132,0.03,1,134592,134156,436
4350381,10.1028,14.9975,430,54912,0.0306853,0.01,1,134601,134171,430
4353301,25.2206,10.1995,450,54950,0.0182741,0.01,1,134630,134180,450
4356221,32.2441,24.4399,456,54988,0.0493096,0.09,1,134664,134208,456
4359141,128.849,31.288,576,55026,0.0377239,0.01,1,134817,134241,576
4362061,33.7698,130.258,431,55064,0.0150895,0,1,134827,134396,431
4364981,17.154,34.0515,434,55102,0.00603582,0.07,1,134840,134406,434
4367901,14.6308,17.2103,435,55140,0.00841433,0.05,1,134854,134419,435
4370821,12.5262,13.0421,435,55178,0.0213657,0.09,1,134866,134431,435
4373741,15.3052,13.8084,437,55216,0.0265463,0.03,1,134882,134445,437
4376661,7.86105,14.7617,428,55254,0.0286185,0.01,1,134888,134460,428
4379581,12.7722,8.55234,435,55292,0.0294474,0.03,1,134902,134467,435
4382501,19.3544,12.1105,443,55330,0.017779,0.03,1,134923,134480,443
4385421,15.8709,20.0221,436,55368,0.0131116,0,1,134938,134502,436
4388341,15.1742,16.0044,436,55406,0.0232446,0.01,1,134953,134517,436
4391261,24.6348,15.2009,448,55444,0.0152979,0.05,1,134980,134532,448
4394181,12.127,22.2402,433,55482,0.0241191,0.07,1,134989,134556,433
4397101,9.62539,10.848,434,55520,0.0276477,0.07,1,134998,134564,434
4400021,13.9251,12.5696,436,55558,0.0290591,0.01,1,135013,134577,436
4402941,9.98502,14.5139,430,55596,0.0176236,0.03,1,135022,134592,430
4405861,25.197,10.1028,450,55634,0.0250494,0.01,1,135051,134601,450
4408781,34.6394,25.2206,458,55672,0.0280198,0.07,1,135088,134630,458
4411701,126.928,32.2441,574,55710,0.0172079,0.03,1,135238,134664,574
4414621,33.3856,128.849,431,55748,0.0128832,0,1,135248,134817,431
4417541,17.0771,33.7698,434,55786,0.00515327,0,1,135261,134827,434
4420461,15.4154,17.154,436,55824,0.00806131,0.01,1,135276,134840,436
4423381,12.6831,14.6308,434,55862,0.0212245,0.03,1,135288,134854,434
4426301,15.3366,12.5262,438,55900,0.0264898,0.03,1,135304,134866,438
4429221,7.86732,15.3052,428,55938,0.0165959,0.03,1,135310,134882,428
4432141,12.7735,7.86105,436,55976,0.0246384,0.03,1,135324,134888,436
4435061,18.5547,12.7722,442,56014,0.0278553,0.01,1,135344,134902,442
4437981,15.7109,19.3544,436,56052,0.0171421,0.01,1,135359,134923,436
4440901,15.1422,15.8709,436,56090,0.0248569,0.03,1,135374,134938,436
4443821,24.6284,15.1742,448,56128,0.0159427,0.01,1,135401,134953,448
4446741,6.52569,24.6348,423,56165,0.0123771,0.03,1,135403,134980,423
4449661,7.70514,12.127,422,56202,0.0229508,0.03,1,135411,134989,422
4452581,8.74103,9.62539,422,56239,0.0391803,0.03,1,135420,134998,422
4455501,14.5482,13.9251,423,56276,0.0336721,0.01,1,135436,135013,423
4458421,9.30964,9.98502,422,56313,0.0194689,0.03,1,135444,135022,422
4461341,25.8619,25.197,423,56350,0.0257875,0.03,1,135474,135051,423
4464261,34.7724,34.6394,423,56387,0.040315,0.01,1,135511,135088,423
4467181,126.154,126.928,422,56424,0.022126,0.01,1,135660,135238,422
4470101,33.2309,33.3856,422,56461,0.0148504,0,1,135670,135248,422
4473021,17.0462,17.0771,422,56498,0.0239402,0.01,1,135683,135261,422
4475941,16.2092,15.4154,423,56535,0.0275761,0.03,1,135699,135276,423
4478861,12.8418,12.6831,423,56572,0.0410304,0.03,1,135711,135288,423
4481781,14.5684,15.3366,422,56609,0.0464122,0.01,1,135726,135304,422
4484701,8.51367,7.86732,423,56646,0.0485649,0.03,1,135733,135310,423
4487621,12.1027,12.7735,422,56683,0.0374259,0.03,1,135746,135324,422
4490541,18.4205,18.5547,422,56720,0.0329704,0.01,1,135766,135344,422
4493461,15.6841,15.7109,422,56757,0.0131882,0.03,1,135781,135359,422
4496381,15.9368,15.1422,423,56794,0.00527526,0.01,1,135797,135374,423
4499301,24.7874,24.6284,423,56831,0.0081101,0.01,1,135824,135401,423
4502221,6.55747,6.52569,423,56868,0.00924404,0.03,1,135826,135403,423
4505141,7.71149,7.70514,423,56905,0.00969762,0.05,1,135834,135411,423
4508061,7.9423,8.74103,422,56942,0.033879,0.03,1,135842,135420,422
4510981,14.3885,14.5482,422,56979,0.0315516,0.01,1,135858,135436,422
4513901,9.27769,9.30964,422,57016,0.0426206,0.03,1,135866,135444,422
4516821,25.8555,25.8619,422,57053,0.0350483,0.05,1,135896,135474,422
4519741,35.5711,34.7724,423,57090,0.0320193,0.01,1,135934,135511,423
4522661,125.514,126.154,422,57127,0.0308077,0.01,1,136082,135660,422
4525581,33.1028,33.2309,422,57164,0.0303231,0.03,1,136092,135670,422
4528501,17.0206,17.0462,422,57201,0.0301292,0.03,1,136105,135683,422
4531421,16.2041,16.2092,422,57238,0.0300517,0.05,1,136121,135699,422
4534341,13.6408,12.8418,423,57275,0.0300207,0.05,1,136134,135711,423
4537261,14.7282,14.5684,423,57312,0.0420083,0.05,1,136149,135726,423
4540181,7.74563,8.51367,422,57349,0.0468033,0.03,1,136155,135733,422
4543101,11.9491,12.1027,422,57386,0.0607213,0.03,1,136168,135746,422
4546021,18.3898,18.4205,422,57423,0.0422885,0,1,136188,135766,422
4548941,15.678,15.6841,422,57460,0.0169154,0,1,136203,135781,422
4551861,15.9356,15.9368,422,57497,0.00676616,0.01,1,136219,135797,422
4554781,24.7871,24.7874,422,57534,0.00870647,0.01,1,136246,135824,422
4557701,6.55742,6.55747,422,57571,0.00948259,0.01,1,136248,135826,422
4560621,7.71148,7.71149,422,57608,0.021793,0.01,1,136256,135834,422
4563541,7.9423,1.5423,430,57645,0.0267172,0.05,1,136264,135834,430
4566461,13.5885,6.70846,437,57681,0.0166869,0.03,1,136279,135842,437
4569381,9.11769,14.1417,429,57717,0.0246748,0.05,1,136287,135858,429
4572301,26.6235,9.22834,452,57753,0.0278699,0.03,1,136318,135866,452
4575221,34.9247,25.8457,459,57789,0.017148,0.03,1,136355,135896,459
4578141,126.185,35.5691,570,57825,0.0368592,0.03,1,136504,135934,570
4581061,32.437,125.514,431,57861,0.0567437,0.03,1,136513,136082,431
4583981,16.8874,33.1028,434,57897,0.0226975,0.03,1,136526,136092,434
4586901,16.1775,17.0206,437,57933,0.00907899,0.03,1,136542,136105,437
4589821,14.4355,16.2041,435,57969,0.0216316,0.03,1,136556,136121,435
4592741,15.6871,13.6408,438,58005,0.0386526,0.05,1,136572,136134,438
4595661,7.93742,14.7282,429,58041,0.0454611,0.05,1,136578,136149,429
4598581,11.1875,7.74563,435,58077,0.0481844,0.07,1,136590,136155,435
4601501,17.4375,11.9491,441,58113,0.0732738,0.03,1,136609,136168,441
4604421,15.4875,18.3898,436,58149,0.0473095,0,1,136624,136188,436
4607341,15.8975,15.678,437,58185,0.0249238,0,1,136640,136203,437
4610261,25.5795,15.9356,449,58221,0.0159695,0.01,1,136668,136219,449
4613181,6.7159,24.7871,424,58257,0.0123878,0.01,1,136670,136246,424
4616101,7.74318,6.55742,430,58293,0.0109551,0.03,1,136678,136248,430
4619021,7.94864,7.71148,430,58329,0.022382,0.03,1,136686,136256,430
4621941,13.5897,7.9423,437,58365,0.0149528,0.01,1,136701,136264,437
4624861,8.31795,13.5885,429,58401,0.00598113,0.03,1,136708,136279,429
4627781,27.2636,9.11769,453,58437,0.0203925,0.03,1,136740,136287,453
4630701,35.0527,26.6235,459,58473,0.014157,0.01,1,136777,136318,459
4633621,127.011,34.9247,572,58509,0.0236628,0.05,1,136927,136355,572
4636541,31.0021,126.185,430,58545,0.0274651,0.07,1,136934,136504,430
4639461,16.6004,32.437,434,58581,0.016986,0,1,136947,136513,434
4642381,16.9201,16.8874,438,58617,0.0247944,0,1,136964,136526,438
4645301,15.384,16.1775,437,58653,0.0159178,0.03,1,136979,136542,437
4648221,15.8768,14.4355,439,58689,0.0243671,0.05,1,136995,136556,439
4651141,7.97536,15.6871,429,58725,0.0277468,0.05,1,137001,136572,429
4654061,11.9951,7.93742,436,58761,0.0170987,0.05,1,137014,136578,436
4656981,16.799,11.1875,442,58797,0.0248395,0.09,1,137032,136590,442
4659901,13.7598,17.4375,436,58833,0.0399358,0.03,1,137045,136609,436
4662821,15.552,15.4875,437,58869,0.0219743,0.01,1,137061,136624,437
4665741,25.5104,15.8975,449,58905,0.0147897,0.01,1,137089,136640,449
4668661,6.70208,25.5795,423,58941,0.0119159,0.01,1,137091,136668,423
4671581,8.54042,6.7159,430,58977,0.0227664,0.01,1,137100,136670,430
4674501,8.10808,7.74318,430,59013,0.0151065,0.03,1,137108,136678,430
4677421,13.6216,7.94864,437,59049,0.0360426,0.01,1,137123,136686,437
4680341,4.32432,13.5897,424,59085,0.044417,0,1,137125,136701,424
4683261,4.86486,8.31795,422,59121,0.0357668,0.03,1,137130,136708,422
4686181,27.373,27.2636,423,59157,0.0443067,0.01,1,137163,136740,423
4689101,35.0746,35.0527,423,59193,0.0357227,0.03,1,137200,136777,423
4692021,127.815,127.011,424,59229,0.0322891,0.03,1,137351,136927,424
4694941,30.363,31.0021,423,59264,0.0129156,0.01,1,137357,136934,423
4697861,15.6726,16.6004,422,59299,0.0351663,0.03,1,137369,136947,422
4700781,17.5345,16.9201,423,59334,0.0440665,0.01,1,137387,136964,423
4703701,14.7069,15.384,422,59369,0.0476266,0.03,1,137401,136979,422
4706621,16.5414,15.8768,423,59404,0.0250506,0.03,1,137418,136995,423
4709541,8.10828,7.97536,423,59439,0.0400203,0.01,1,137424,137001,423
4712461,11.2217,11.9951,422,59474,0.0220081,0.03,1,137436,137014,422
4715381,17.4443,16.799,423,59509,0.0148032,0.05,1,137455,137032,423
4718301,13.0889,13.7598,422,59544,0.0359213,0.01,1,137467,137045,422
4721221,16.2178,15.552,423,59579,0.0143685,0.01,1,137484,137061,423
4724141,24.8436,25.5104,422,59614,0.0357474,0.01,1,137511,137089,422
4727061,6.56871,6.70208,422,59649,0.044299,0.03,1,137513,137091,422
4729981,8.51374,8.54042,422,59684,0.0357196,0.01,1,137522,137100,422
4732901,8.90275,8.10808,423,59719,0.0202878,0.05,1,137531,137108,423
4735821,13.7805,13.6216,423,59754,0.0261151,0.05,1,137546,137123,423
4738741,4.35611,4.32432,423,59789,0.0284461,0.03,1,137548,137125,423
4741661,4.07122,4.86486,422,59824,0.0293784,0.05,1,137552,137130,422
4744581,27.2142,27.373,422,59859,0.0177514,0.03,1,137585,137163,422
4747501,35.0428,35.0746,422,59894,0.0371005,0.03,1,137622,137200,422
4750421,127.809,127.815,422,59929,0.0328402,0,1,137773,137351,422
4753341,30.3617,30.363,422,59964,0.0131361,0.05,1,137779,137357,422
4756261,15.6723,15.6726,422,59999,0.0112544,0.05,1,137791,137369,422
4759181,17.5345,17.5345,422,60034,0.0105018,0.05,1,137809,137387,422
4762101,14.7069,14.7069,422,60069,0.0342007,0.01,1,137823,137401,422
4765021,16.5414,16.5414,422,60104,0.0136803,0.05,1,137840,137418,422
4767941,8.10828,8.10828,422,60139,0.0114721,0.01,1,137846,137424,422
4770861,11.2217,11.2217,422,60174,0.0345888,0.01,1,137858,137436,422
4773781,17.4443,17.4443,422,60209,0.0438355,0.05,1,137877,137455,422
4776701,13.0889,13.0889,422,60244,0.0235342,0,1,137889,137467,422
4779621,16.2178,16.2178,422,60279,0.00941369,0.05,1,137906,137484,422
4782541,24.8436,24.8436,422,60314,0.0217655,0.05,1,137933,137511,422
4785461,6.56871,6.56871,422,60349,0.0267062,0.03,1,137935,137513,422
4788381,8.51374,8.51374,422,60384,0.0406825,0.01,1,137944,137522,422
4791301,8.90275,8.90275,422,60419,0.034273,0.03,1,137953,137531,422
4794221,13.7805,13.7805,422,60454,0.0437092,0.03,1,137968,137546,422
4797141,4.35611,4.35611,422,60489,0.0474837,0.03,1,137970,137548,422
4800061,4.07122,4.07122,422,60524,0.0489935,0.01,1,137974,137552,422
4802981,27.2142,27.2142,422,60559,0.0375974,0.01,1,138007,137585,422
4805901,34.2428,5.44285,458,60594,0.033039,0.05,1,138043,137585,458
4808821,127.649,30.6886,572,60629,0.0432156,0.03,1,138194,137622,572
4811741,30.3297,126.938,427,60664,0.0352862,0,1,138200,137773,427
4814661,15.6659,30.1875,433,60699,0.0321145,0.01,1,138212,137779,433
4817581,17.5332,15.6375,439,60734,0.0308458,0.01,1,138230,137791,439
4820501,14.7066,17.5275,435,60769,0.0303383,0.05,1,138244,137809,435
4823421,16.5413,14.7055,438,60804,0.0301353,0,1,138261,137823,438
4826341,8.10827,16.5411,427,60839,0.0300541,0.01,1,138267,137840,427
4829261,11.2217,8.10822,433,60874,0.0300217,0.05,1,138279,137846,433
4832181,17.4443,11.2216,440,60909,0.0300087,0.05,1,138298,137858,440
4835101,13.0889,17.4443,433,60943,0.0300035,0.01,1,138310,137877,433
4838021,16.2178,13.0889,438,60977,0.0120014,0,1,138327,137889,438
4840941,25.6436,16.2178,449,61011,0.0228006,0.03,1,138355,137906,449
4843861,6.72871,24.8436,424,61045,0.0271202,0.03,1,138357,137933,424
4846781,7.74574,6.56871,430,61079,0.0288481,0.05,1,138365,137935,430
4849701,9.54915,8.51374,431,61113,0.0295392,0.03,1,138375,137944,431
4852621,13.1098,8.90275,436,61147,0.0298157,0.05,1,138389,137953,436
4855541,4.22197,13.7805,423,61181,0.0299263,0.05,1,138391,137968,423
4858461,4.04439,4.35611,425,61215,0.0419705,0.05,1,138395,137970,425
4861381,28.0089,4.07122,455,61249,0.0347882,0.03,1,138429,137974,455
4864301,34.4018,27.2142,458,61283,0.0319153,0.03,1,138465,138007,458
4867221,127.68,34.2428,573,61317,0.0427661,0.05,1,138616,138043,573
4870141,30.3361,127.649,428,61351,0.0471064,0.03,1,138622,138194,428
4873061,14.8672,30.3297,433,61385,0.0728426,0.03,1,138633,138200,433
4875981,17.3734,15.6659,439,61419,0.035137,0.03,1,138651,138212,439
4878901,16.2747,17.5332,437,61453,0.0140548,0.03,1,138667,138230,437
4881821,16.0549,14.7066,439,61487,0.0236219,0.03,1,138683,138244,439
4884741,8.01099,16.5413,428,61521,0.0274488,0.03,1,138689,138261,428
4887661,11.2022,8.10827,434,61555,0.0289795,0.03,1,138701,138267,434
4890581,17.4404,11.2217,441,61589,0.0175918,0.03,1,138720,138279,441
4893501,12.2881,17.4443,433,61623,0.0370367,0.03,1,138731,138298,433
4896421,16.0576,13.0889,438,61657,0.0148147,0,1,138748,138310,438
4899341,26.4115,16.2178,450,61691,0.0239259,0.03,1,138777,138327,450
4902261,6.8823,25.6436,424,61725,0.0275704,0.03,1,138779,138355,424
4905181,7.77646,6.72871,430,61759,0.0290281,0.03,1,138787,138357,430
4908101,9.55529,7.74574,432,61793,0.0296113,0.03,1,138797,138365,432
4911021,13.9111,9.54915,437,61827,0.0418445,0.03,1,138812,138375,437
4913941,4.38221,13.1098,425,61861,0.0227378,0.03,1,138814,138389,425
4916861,4.07644,4.22197,427,61895,0.0270951,0.05,1,138818,138391,427
4919781,27.2153,4.04439,456,61929,0.028838,0.03,1,138851,138395,456
4922701,34.2431,28.0089,458,61963,0.0295352,0.03,1,138887,138429,458
4925621,128.449,34.4018,574,61997,0.0658141,0.05,1,139039,138465,574
4928541,27.2897,127.68,425,62031,0.0803256,0.05,1,139041,138616,425
4931461,10.2579,30.3361,425,62065,0.0861303,0.09,1,139047,138622,425
4934381,10.0516,14.8672,424,62099,0.0884521,0.01,1,139057,138633,424
4940221,15.9221,16.2747,423,62167,0.0993523,0.03,1,139090,138667,423
4943141,15.9844,16.0549,423,62201,0.0697409,0.03,1,139106,138683,423
4946061,7.99688,8.01099,423,62235,0.0818964,0.03,1,139112,138689,423
4948981,11.1994,11.2022,423,62269,0.0747586,0.01,1,139124,138701,423
4951901,17.4399,17.4404,423,62303,0.0599034,0.05,1,139143,138720,423
4954821,11.488,12.2881,422,62337,0.0539614,0,1,139153,138731,422
4957741,16.6976,16.0576,423,62371,0.0215845,0.03,1,139171,138748,423
4960661,26.5395,26.4115,423,62405,0.0266338,0.03,1,139200,138777,423
4963581,6.9079,6.8823,423,62439,0.0286535,0.03,1,139202,138779,423
4966501,7.78158,7.77646,423,62473,0.0114614,0.03,1,139210,138787,423
4969421,9.55632,9.55529,423,62507,0.0105846,0.05,1,139220,138797,423
4972341,13.9113,13.9111,423,62541,0.0222338,0.01,1,139235,138812,423
4975261,4.38225,4.38221,423,62575,0.0268935,0.03,1,139237,138814,423
4978181,4.07645,4.07644,423,62609,0.0407574,0.03,1,139241,138818,423
4981101,27.2153,27.2153,423,62643,0.034303,0.03,1,139274,138851,423
4984021,34.2431,34.2431,423,62677,0.0677212,0.09,1,139310,138887,423
4986941,130.849,128.449,426,62711,0.0330885,0.09,1,139465,139039,426
4989861,27.7697,27.2897,426,62744,0.0552354,0.09,1,139467,139041,426
4992781,10.3539,10.2579,426,62777,0.0640942,0.09,1,139473,139047,426
4995701,10.8708,10.0516,427,62810,0.0676377,0.13,1,139484,139057,427
4998621,14.9742,15.6103,426,62843,0.0930551,0.09,1,139500,139074,426
5004461,15.639,15.9844,424,62909,0.0832888,0.09,1,139530,139106,424
5007381,8.72779,7.99688,425,62942,0.0873155,0.07,1,139537,139112,425
5019061,16.3468,16.6976,422,63074,0.0473073,0.03,1,139593,139171,422
5021981,26.4694,26.5395,422,63107,0.0369229,0.03,1,139622,139200,422
5024901,6.89387,6.9079,422,63140,0.0327692,0,1,139624,139202,422
5027821,7.77877,7.78158,422,63173,0.0131077,0.01,1,139632,139210,422
5030741,9.55575,9.55632,422,63206,0.0112431,0.03,1,139642,139220,422
5033661,13.9112,13.9113,422,63239,0.0224972,0.03,1,139657,139235,422
5036581,4.38223,4.38225,422,63272,0.0269989,0.05,1,139659,139237,422
5039501,4.07645,4.07645,422,63305,0.0107996,0.03,1,139663,139241,422
5042421,28.0153,27.2153,423,63338,0.0223198,0.09,1,139697,139274,423
5045341,36.0031,34.2431,425,63371,0.0629279,0.01,1,139735,139310,425
5083301,25.8296,16.3468,450,63800,0.0758733,0.03,1,140043,139593,450
5086221,6.76592,26.4694,423,63833,0.0363493,0.03,1,140045,139622,423
5089141,7.75318,6.89387,429,63866,0.0205397,0,1,140053,139624,429
5092061,9.55064,7.77877,431,63899,0.0262159,0.01,1,140063,139632,431
5094981,14.7101,9.55575,437,63932,0.0284864,0.03,1,140079,139642,437
5097901,4.54203,13.9112,424,63965,0.0293945,0.03,1,140081,139657,424
5100821,4.10841,4.38223,426,63998,0.0117578,0,1,140085,139659,426
5103741,28.8217,4.07645,457,64031,0.0227031,0.03,1,140120,139663,457
5106661,37.7643,28.0153,463,64064,0.0270813,0.09,1,140160,139697,463
5109581,130.753,36.0031,579,64097,0.0648325,0.15,1,140314,139735,579
5112501,27.7506,129.601,428,64130,0.079933,0.15,1,140316,139888,428
5115421,10.3501,27.5201,432,64163,0.0979732,0.15,1,140322,139890,432
5144621,24.5509,13.148,450,64493,0.21819,0.01,1,140464,140014,450
5147541,6.51018,25.8296,423,64526,0.261276,0.01,1,140466,140043,423
5150461,8.50204,6.76592,430,64559,0.29051,0.01,1,140475,140045,430
5153381,9.70041,7.75318,432,64592,0.278204,0.03,1,140485,140053,432
5156301,15.5401,9.55064,439,64625,0.261282,0.03,1,140502,140063,439
5159221,4.70802,14.7101,425,64657,0.254513,0.03,1,140504,140079,425
5162141,4.1416,4.54203,427,64689,0.251805,0,1,140508,140081,427
5165061,28.0283,4.10841,457,64721,0.250722,0.03,1,140542,140085,457
5167981,38.4057,28.8217,463,64753,0.250289,0.03,1,140583,140120,463
5170901,133.281,37.7643,580,64785,0.262116,0.09,1,140740,140160,580
5173821,28.2562,130.753,428,64817,0.242846,0.09,1,140742,140314,428
5176741,10.4512,27.7506,432,64849,0.259138,0.11,1,140748,140316,432
5179661,11.6902,10.3501,438,64881,0.265655,0.11,1,140760,140322,438
5182581,16.7381,11.67,444,64913,0.280262,0.11,1,140778,140334,444
5185501,4.94761,16.734,428,64945,0.286105,0.13,1,140780,140352,428
5188421,12.1895,14.5468,428,64977,0.288442,0.13,1,140794,140366,428
5205941,8.34792,6.75447,437,65169,0.433521,0.29,1,140872,140435,437
5296461,37.6043,38.4043,443,66161,0.751971,0.55,2,141460,141017,443
5299381,137.121,134.081,447,66193,0.810789,0.55,2,141622,141175,447
5302301,29.0242,28.4162,447,66225,0.810315,0.51,2,141624,141177,447
5305221,11.4048,10.4832,448,66257,0.822126,0.57,2,141631,141183,448
5308141,11.881,11.6966,448,66289,0.80285,0.55,2,141643,141195,448
5311061,16.7762,17.5393,447,66321,0.79514,0.55,2,141661,141214,447
5313981,4.95524,5.10787,447,66353,0.792056,0.53,2,141663,141216,447
5316901,12.191,13.0216,446,66385,0.814822,0.53,2,141677,141231,446
5319821,16.8382,2.60431,464,66417,0.799929,0.53,2,141695,141231,464
5322741,9.76764,14.1209,455,66449,0.793972,0.53,2,141703,141248,455
5325661,11.5535,9.22417,459,66481,0.791589,0.57,2,141715,141256,459
5328581,18.3107,11.4448,467,66513,0.814635,0.55,2,141735,141268,467
5331501,28.4621,17.489,479,66545,0.883854,0.61,2,141766,141287,479
5524221,13.6754,15.8952,508,68594,0.8968,1,2,143177,142669,508
5527141,10.7351,15.179,503,68625,0.84472,1,2,143187,142684,503
5530061,16.547,15.8358,505,68656,0.895888,1,2,143205,142700,505
5610361,43.4249,52.3965,443,33042,0.0828867,0.03,1,143778,143335,443
5613281,131.885,140.879,434,33106,0.0331547,0.01,1,143932,143498,434
5616201,58.377,56.9759,438,33170,0.0432619,0,1,143972,143534,438
5619121,47.6754,43.3952,443,33234,0.0593048,0,1,144017,143574,443
5622041,32.7351,39.879,433,33298,0.0297219,0.01,1,144046,143613,433
5624961,26.547,23.9758,438,33362,0.0298888,0.01,1,144071,143633,438
5627881,23.7094,19.9952,442,33425,0.0119555,0,1,144094,143652,442
5630801,11.9419,21.599,429,33488,0.0227822,0.01,1,144103,143674,429
5633721,11.9884,13.1198,430,33551,0.0271129,0.05,1,144115,143685,430
5636641,23.9977,22.624,432,33614,0.0528452,0.15,1,144142,143710,432
5639561,15.1995,22.9248,422,33677,0.0751381,0.03,1,144155,143733,422
5642481,39.8399,40.585,423,33740,0.0600552,0,1,144201,143778,423
5645401,131.168,131.317,423,33803,0.0240221,0.05,1,144355,143932,423
5648321,57.4336,58.2634,422,33866,0.0396088,0.07,1,144394,143972,422
5651241,48.2867,47.6527,423,33928,0.0458435,0.01,1,144440,144017,423
5654161,32.8573,32.7305,423,33990,0.0363374,0.03,1,144469,144046,423
5657081,26.5715,26.5461,423,34052,0.056535,0,1,144494,144071,423
5660001,24.5143,23.7092,424,34114,0.040614,0.03,1,144518,144094,424
5662921,11.3029,11.9418,423,34176,0.0162456,0.03,1,144526,144103,423
5665841,11.8606,11.9884,423,34238,0.0124982,0.03,1,144538,144115,423
5668761,24.7721,2.39767,451,34300,0.0349993,0.07,1,144566,144115,451
5671681,14.5544,22.0795,436,34362,0.0439997,0.09,1,144578,144142,436
5674601,38.1109,14.8159,467,34424,0.0595999,0.05,1,144622,144155,467
5677521,130.822,39.7632,575,34485,0.02384,0,1,144776,144201,575
5680441,57.3644,131.153,460,34546,0.027536,0.05,1,144815,144355,460
5683361,48.2729,57.4305,467,34607,0.0290144,0.05,1,144861,144394,467
5686281,32.8546,48.2861,450,34668,0.0416058,0.03,1,144890,144440,450
5689201,26.5709,32.8572,446,34729,0.0586423,0.07,1,144915,144469,446
5692121,24.5142,26.5714,445,34790,0.0414569,0.03,1,144939,144494,445
5695041,11.3028,24.5143,429,34851,0.0165828,0,1,144947,144518,429
5697961,11.8606,11.3029,433,34912,0.0246331,0.01,1,144959,144526,433
5700881,26.3721,11.8606,451,34973,0.0278532,0.05,1,144989,144538,451
5703801,15.6744,24.7721,436,35033,0.0171413,0.05,1,145002,144566,436
5706721,36.7349,14.5544,466,35093,0.0608565,0.07,1,145044,144578,466
5709641,129.747,38.1109,575,35153,0.0243426,0,1,145197,144622,575
5712561,57.1494,130.822,460,35213,0.051737,0.03,1,145236,144776,460
5715481,48.2299,57.3644,467,35273,0.0206948,0.03,1,145282,144815,467
5718401,33.646,48.2729,451,35333,0.0142779,0.05,1,145312,144861,451
5721321,26.7292,32.8546,447,35393,0.0357112,0.07,1,145337,144890,447
5724241,24.5458,26.5709,446,35453,0.0322845,0.03,1,145361,144915,446
5727161,11.3092,24.5142,430,35513,0.0129138,0,1,145369,144939,430
5730081,11.8618,11.3028,434,35573,0.0231655,0.03,1,145381,144947,434
5733001,26.3724,11.8606,452,35632,0.0152662,0.03,1,145411,144959,452
5735921,16.4745,26.3721,436,35691,0.0361065,0.01,1,145425,144989,436
5738841,4.89489,15.6744,425,35750,0.0444426,0.09,1,145427,145002,425
5741761,35.379,36.7349,426,35809,0.059777,0,1,145470,145044,426
5744681,126.276,129.747,422,35868,0.0239108,0.07,1,145619,145197,422
5747601,56.4552,57.1494,422,35927,0.0395643,0,1,145658,145236,422
5750521,48.091,48.2299,422,35986,0.0338257,0.01,1,145704,145282,422
5753441,34.4182,33.646,423,36045,0.0315303,0.05,1,145735,145312,423
5756361,27.6836,26.7292,424,36104,0.0186121,0.03,1,145761,145337,424
5759281,23.1367,24.5458,422,36163,0.0254448,0,1,145783,145361,422
5762201,11.8273,11.3092,423,36221,0.0281779,0.03,1,145792,145369,423
5765121,11.9655,11.8618,423,36279,0.0412712,0.01,1,145804,145381,423
5768041,27.1931,26.3724,424,36337,0.0465085,0.05,1,145835,145411,424
5770961,16.6386,16.4745,424,36395,0.0486034,0.05,1,145849,145425,424
5773881,4.92772,4.89489,424,36453,0.0254414,0.07,1,145851,145427,424
5776801,36.1855,35.379,425,36511,0.0521765,0,1,145895,145470,425
5779721,124.037,126.276,422,36569,0.0208706,0.05,1,146041,145619,422
5782641,56.0074,56.4552,422,36627,0.0143482,0.03,1,146080,145658,422
5785561,49.6015,48.091,424,36685,0.0237393,0.03,1,146128,145704,424
5788481,33.1203,34.4182,422,36743,0.0274957,0.01,1,146157,145735,422
5791401,27.4241,27.6836,422,36801,0.0409983,0.03,1,146183,145761,422
5794321,23.0848,23.1367,422,36858,0.0223993,0.03,1,146205,145783,422
5797241,11.817,11.8273,422,36915,0.0269597,0.05,1,146214,145792,422
5800161,11.9634,11.9655,422,36972,0.0167839,0.05,1,146226,145804,422
5803081,27.1927,27.1931,422,37029,0.0127136,0.05,1,146257,145835,422
5806001,16.6385,16.6386,422,37086,0.0110854,0.01,1,146271,145849,422
5808921,4.92771,4.92772,422,37143,0.0344342,0.01,1,146273,145851,422
5811841,36.1855,0.985545,466,37200,0.0557737,0.07,1,146317,145851,466
5814761,123.237,35.3971,567,37257,0.0223095,0,1,146462,145895,567
5817681,56.6474,123.879,461,37314,0.0149238,0.01,1,146502,146041,461
5820601,48.9295,55.9759,469,37371,0.0119695,0.03,1,146549,146080,469
5823521,32.9859,49.5952,450,37428,0.0227878,0.03,1,146578,146128,450
5826441,27.3972,33.119,447,37484,0.0271151,0.05,1,146604,146157,447
5829361,23.0794,27.4238,443,37540,0.016846,0.01,1,146626,146183,443
5832281,11.8159,23.0848,430,37596,0.00673842,0.03,1,146635,146205,430
5835201,11.9632,11.817,433,37652,0.00869537,0.01,1,146647,146214,433
5838121,27.1926,11.9634,452,37708,0.0214781,0.01,1,146678,146226,452
5841041,16.6385,27.1927,435,37764,0.0265913,0.01,1,146692,146257,435
5843961,4.92771,16.6385,423,37820,0.0286365,0.05,1,146694,146271,423
5846881,38.5855,4.92771,468,37876,0.0414546,0.07,1,146741,146273,468
5849801,121.317,36.1855,566,37932,0.0165818,0,1,146883,146317,566
5852721,57.0634,123.237,462,37988,0.0366327,0.01,1,146924,146462,462
5855641,48.2127,56.6474,468,38044,0.0326531,0.01,1,146970,146502,468
5858561,32.8425,48.9295,450,38100,0.0310612,0.03,1,146999,146549,450
5861481,28.9685,32.9859,449,38155,0.0184245,0.03,1,147027,146578,449
5864401,22.5937,27.3972,444,38210,0.0373698,0.01,1,147048,146604,444
5867321,10.9187,23.0794,430,38265,0.0209479,0,1,147056,146626,430
5870241,12.5837,11.8159,434,38320,0.0143792,0.01,1,147069,146635,434
5873161,27.3168,11.9632,453,38375,0.0357517,0.03,1,147100,146647,453
5876081,16.6633,27.1926,436,38430,0.0323007,0.03,1,147114,146678,436
5879001,4.93267,16.6385,424,38485,0.0309203,0.03,1,147116,146692,424
5881921,39.3865,4.92771,470,38540,0.0423681,0.05,1,147164,146694,470
5884841,119.877,38.5855,563,38595,0.0169472,0,1,147304,146741,563
5887761,25.5755,121.317,423,38650,0.0067789,0.05,1,147306,146883,423
5890681,37.9151,57.0634,423,38705,0.0207116,0.03,1,147347,146924,423
5893601,44.383,48.2127,423,38760,0.0262846,0.03,1,147393,146970,423
5896521,32.0766,32.8425,423,38814,0.0165138,0.01,1,147422,146999,423
5899441,28.0153,28.9685,422,38868,0.00660554,0.05,1,147449,147027,422
5902361,22.4031,22.5937,422,38922,0.00864222,0.01,1,147470,147048,422
5905281,11.6806,10.9187,423,38976,0.0214569,0.01,1,147479,147056,423
5908201,12.7361,12.5837,423,39030,0.0265828,0.05,1,147492,147069,423
5911121,26.5472,27.3168,422,39084,0.0646331,0.03,1,147522,147100,422
5914041,18.1094,16.6633,424,39138,0.0558532,0.03,1,147538,147114,424
5916961,5.22189,4.93267,424,39192,0.0523413,0.05,1,147540,147116,424
5919881,39.4444,39.3865,424,39246,0.0389365,0,1,147588,147164,424
5922801,118.289,119.877,422,39300,0.0155746,0,1,147726,147304,422
5925721,25.2578,25.5755,422,39354,0.0242298,0.03,1,147728,147306,422
5928641,37.8516,37.9151,422,39408,0.0276919,0.03,1,147769,147347,422
5931561,44.3703,44.383,422,39462,0.0290768,0.01,1,147815,147393,422
5934481,32.0741,32.0766,422,39516,0.0176307,0,1,147844,147422,422
5937401,28.0148,28.0153,422,39569,0.0250523,0.01,1,147871,147449,422
5940321,22.403,22.4031,422,39622,0.0100209,0.03,1,147892,147470,422
5943241,11.6806,11.6806,422,39675,0.0220084,0.03,1,147901,147479,422
5946161,13.5361,12.7361,423,39728,0.0148033,0.09,1,147915,147492,423
5949081,27.5072,26.5472,424,39781,0.0239213,0.05,1,147946,147522,424
5952001,18.3014,18.1094,424,39834,0.0515685,0.05,1,147962,147538,424
5954921,5.26029,5.22189,424,39887,0.0386274,0.03,1,147964,147540,424
5957841,38.6521,39.4444,423,39940,0.057451,0,1,148011,147588,423
5960761,117.33,118.289,422,39993,0.0289804,0.03,1,148148,147726,422
5963681,25.0661,25.2578,422,40046,0.0175922,0.03,1,148150,147728,422
5966601,37.8132,37.8516,422,40099,0.0250369,0.03,1,148191,147769,422
5969521,43.5626,7.57031,467,40152,0.0160147,0.03,1,148236,147769,467
5972441,31.9125,38.3141,450,40205,0.0124059,0.01,1,148265,147815,450
5975361,27.9825,30.8628,448,40258,0.0349624,0.03,1,148292,147844,448
5978281,22.3965,27.7726,442,40310,0.0139849,0,1,148313,147871,442
5981201,11.6793,22.3545,430,40362,0.00559398,0.03,1,148322,147892,430
5984121,13.5359,11.6709,435,40414,0.0202376,0.01,1,148336,147901,435
5987041,28.3072,13.5342,453,40466,0.038095,0.03,1,148368,147915,453
5989961,18.4614,27.5068,438,40518,0.045238,0.07,1,148384,147946,438
5992881,5.29229,18.3014,424,40570,0.0480952,0.03,1,148386,147962,424
5995801,39.4585,5.26027,470,40622,0.0612381,0.07,1,148434,147964,470
5998721,115.892,38.6521,558,40674,0.0544952,0.01,1,148569,148011,558
6001641,24.7783,117.33,423,40726,0.0517981,0.01,1,148571,148148,423
6004561,37.7557,25.0661,462,40778,0.0507192,0.03,1,148612,148150,462
6007481,43.5511,37.8132,466,40830,0.0382877,0.01,1,148657,148191,466
6010401,31.9102,43.5626,450,40882,0.0213151,0.01,1,148686,148236,450
6013321,28.782,31.9125,449,40934,0.014526,0.05,1,148714,148265,449
6016241,22.5564,27.9825,443,40986,0.0238104,0,1,148735,148292,443
6019161,10.9113,22.3965,430,41038,0.0155242,0,1,148743,148313,430
6022081,13.3823,11.6793,435,41089,0.0242097,0.03,1,148757,148322,435
6025001,29.8765,13.5359,455,41140,0.0156839,0.05,1,148791,148336,455
6027921,18.7753,28.3072,439,41191,0.0242735,0.05,1,148807,148368,439
6030841,5.35506,18.4614,425,41242,0.0277094,0.05,1,148809,148384,425
6033761,40.271,5.29229,472,41293,0.0410838,0.07,1,148858,148386,472
6036681,113.654,39.4585,556,41344,0.0944335,0.05,1,148990,148434,556
6042521,37.6662,24.7783,462,41446,0.0643094,0.05,1,149033,148571,462
6045441,44.3332,37.7557,467,41497,0.0437237,0.03,1,149079,148612,467
6048361,10.4666,43.5511,424,41548,0.0354895,0.01,1,149081,148657,424
6051281,23.6933,31.9102,422,41599,0.0201958,0.01,1,149108,148686,422
6054201,27.1387,28.782,422,41650,0.00807832,0.03,1,149136,148714,422
6057121,23.0277,22.5564,423,41701,0.00923133,0.01,1,149158,148735,423
6060041,11.0055,10.9113,423,41752,0.0216925,0.03,1,149166,148743,423
6062961,12.6011,13.3823,422,41803,0.026677,0.01,1,149179,148757,422
6065881,30.5202,29.8765,423,41853,0.0406708,0.03,1,149214,148791,423
6068801,18.904,18.7753,423,41903,0.0222683,0.03,1,149230,148807,423
6071721,5.38081,5.35506,423,41953,0.0389073,0.05,1,149232,148809,423
6074641,41.8762,40.271,425,42003,0.0455629,0.13,1,149283,148858,425
6077561,113.175,113.654,424,42053,0.0602252,0.13,1,149414,148990,424
6080481,24.235,24.3308,424,42103,0.0420901,0.03,1,149416,148992,424
6083401,36.847,37.6662,423,42153,0.016836,0.03,1,149456,149033,423
6086321,44.1694,44.3332,423,42203,0.0487344,0.03,1,149502,149079,423
6089241,10.4339,10.4666,423,42253,0.0614938,0.01,1,149504,149081,423
6092161,22.8868,23.6933,422,42303,0.0425975,0,1,149530,149108,422
6095081,27.7774,27.1387,423,42353,0.023039,0.01,1,149559,149136,423
6098001,22.3555,23.0277,422,42403,0.0152156,0.03,1,149580,149158,422
6100921,10.8711,11.0055,422,42453,0.0240862,0.03,1,149588,149166,422
6103841,12.5742,12.6011,422,42503,0.0276345,0.05,1,149601,149179,422
6106761,30.5148,30.5202,422,42553,0.0290538,0.01,1,149636,149214,422
6109681,18.903,18.904,422,42603,0.0296215,0.05,1,149652,149230,422
6112601,5.38059,5.38081,422,42653,0.0298486,0.05,1,149654,149232,422
6115521,43.4761,41.8762,424,42702,0.0179394,0.07,1,149707,149283,424
6118441,112.695,113.175,423,42751,0.0611758,0.03,1,149837,149414,423
6121361,24.139,24.235,423,42800,0.0784703,0,1,149839,149416,423
6124281,36.0278,36.847,422,42849,0.0493881,0.07,1,149878,149456,422
6127201,44.8056,44.1694,423,42898,0.0497552,0.07,1,149925,149502,423
6130121,10.5611,10.4339,423,42947,0.0859021,0.03,1,149927,149504,423
6133041,22.1122,22.8868,422,42996,0.0883608,0.03,1,149952,149530,422
6135961,26.8224,4.57736,450,43045,0.0653443,0.01,1,149980,149530,450
6138881,22.1645,24.1155,442,43094,0.0561377,0.01,1,150001,149559,442
6141801,10.8329,21.6231,429,43143,0.0284551,0.03,1,150009,149580,429
6144721,12.5666,10.7246,434,43192,0.017382,0.03,1,150022,149588,434
6147641,31.3133,12.5449,457,43241,0.0249528,0.03,1,150058,149601,457
6150561,19.0627,30.509,438,43290,0.0399811,0.03,1,150074,149636,438
6153481,5.41253,18.9018,424,43339,0.0459924,0.03,1,150076,149652,424
6156401,42.6825,5.38036,474,43388,0.048397,0.01,1,150128,149654,474
6159321,114.136,43.4761,553,43437,0.0493588,0.09,1,150260,149707,553
6162241,24.4273,112.695,425,43486,0.0497435,0.09,1,150262,149837,425
6165161,36.0855,24.139,462,43535,0.0738974,0.03,1,150301,149839,462
6168081,45.6171,36.0278,471,43583,0.047559,0.05,1,150349,149878,471
6171001,10.7234,44.8056,426,43631,0.0730236,0.11,1,150351,149925,426
6173921,21.3447,10.5611,448,43679,0.0832094,0.09,1,150375,149927,448
6176841,27.4689,22.1122,452,43727,0.0752838,0.05,1,150404,149952,452
6179761,19.8938,26.8224,442,43775,0.0721135,0.05,1,150422,149980,442
6182681,11.1788,22.1645,430,43823,0.0588454,0.01,1,150431,150001,430
6200201,114.139,42.6825,555,44111,0.249954,0.05,1,150683,150128,555
6203121,24.4278,114.136,425,44159,0.273982,0.05,1,150685,150260,425
6206041,37.6856,24.4273,464,44207,0.271593,0.09,1,150726,150262,464
6208961,45.9371,36.0855,473,44255,0.210637,0.03,1,150774,150301,473
6226481,7.82937,11.1788,435,44541,0.237962,0.27,1,150866,150431,435
6229401,11.1659,11.8358,435,44588,0.293185,0.19,1,150878,150443,435
6261521,26.7985,26.6715,431,45105,0.421114,0.19,1,151259,150828,431
6264441,30.9597,27.7343,435,45152,0.438445,0.19,1,151291,150856,435
6308241,36.8477,30.9597,449,45847,0.816445,0.47,2,151740,151291,449
6311161,8.96955,7.79194,449,45893,0.860578,0.55,2,151742,151293,449
6314081,8.19391,7.95839,449,45939,0.890231,0.55,2,151750,151301,449
6460081,28.3658,21.0849,489,48180,0.87328,1,2,153272,152783,489
6463001,21.6732,19.417,490,48224,0.847312,1,2,153292,152802,490
6465921,22.7346,19.0834,494,48268,0.752925,1,2,153315,152821,494
6468841,109.347,119.817,480,48312,0.43917,1,1,153446,152966,480
6471761,39.4694,38.3633,484,48356,0.289668,1,1,153468,152984,484
6474681,25.4939,23.6727,486,48400,0.229867,1,1,153490,153004,486
6477601,49.8988,47.1345,489,48444,0.0919469,1,1,153546,153057,489
6480521,26.7798,25.4269,490,48488,0.0907787,1,1,153567,153077,490
6483441,18.956,20.2854,488,48531,0.0663115,1,1,153584,153096,488
6486361,18.9912,21.6571,485,48574,0.0265246,1,1,153603,153118,485
6489281,21.3982,19.5314,488,48617,0.0286098,1,1,153625,153137,488
6492201,17.0796,15.1063,490,48660,0.0414439,1,1,153641,153151,490
6495121,13.0159,16.6213,485,48703,0.0345776,1,1,153653,153168,485
6498041,13.8032,13.7243,486,48746,0.031831,0.98,1,153667,153181,486
6500961,28.3606,37.1449,475,48789,0.0127324,0.88,1,153699,153224,475
6503881,17.6721,21.829,472,48832,0.023093,0.88,1,153714,153242,472
6506801,21.9344,4.36579,495,48875,0.0272372,0.84,1,153737,153242,495
6509721,15.5869,24.8732,479,48918,0.0408949,0.83,1,153751,153272,479
6512641,17.5174,20.9746,477,48961,0.202358,0.69,1,153769,153292,477
6515561,88.3035,22.5949,560,49004,0.0869432,0.23,1,153875,153315,560
6518481,34.4607,109.319,450,49047,0.0347773,0.19,1,153896,153446,450
6521401,22.8921,39.4638,448,49090,0.0319109,0.19,1,153916,153468,448
6524321,47.7784,25.4928,480,49133,0.0187644,0,1,153970,153490,480
6527241,24.7557,49.8986,443,49176,0.0375057,0.09,1,153989,153546,443
6530161,17.7511,26.7797,438,49219,0.0330023,0.05,1,154005,153567,438
6533081,20.3502,18.9559,442,49262,0.0312009,0,1,154026,153584,442
6536001,20.07,18.9912,443,49305,0.21048,0.03,1,154046,153603,443
6544761,13.6646,13.0159,435,49434,0.0905107,0.03,1,154088,153653,435
6547681,28.3329,13.8032,453,49477,0.0362043,0,1,154120,153667,453
6550601,17.6666,28.3606,436,49520,0.0204817,0.03,1,154135,153699,436
6553521,23.5333,17.6721,446,49563,0.0621927,0.03,1,154160,153714,446
6556441,15.1067,21.9344,436,49606,0.0668771,0.05,1,154173,153737,436
6559361,29.4213,15.5869,455,49648,0.0327508,0.31,1,154206,153751,455
6562281,79.4843,17.5174,529,49690,0.0791003,0.01,1,154298,153769,529
6565201,34.2969,88.3035,446,49732,0.0616401,0,1,154321,153875,446
6568121,20.4594,34.4607,442,49774,0.0666561,0.03,1,154338,153896,442
6571041,48.0919,22.8921,477,49816,0.0326624,0.01,1,154393,153916,477
6573961,24.0184,47.7784,441,49858,0.043065,0.05,1,154411,153970,441
6576881,17.6037,24.7557,438,49900,0.035226,0.03,1,154427,153989,438
6579801,20.3207,17.7511,443,49942,0.0440904,0.03,1,154448,154005,443
6582721,27.2641,20.3502,451,49984,0.0596362,0.33,1,154477,154026,451
6585641,16.6528,20.07,445,50026,0.0658545,0.19,1,154491,154046,445
6588561,6.53057,17.614,432,50068,0.0683418,0.17,1,154495,154063,432
6591481,12.5061,12.3228,435,50110,0.0693367,0.03,1,154509,154074,435
6594401,28.1012,13.6646,453,50152,0.0277347,0,1,154541,154088,453
6597321,17.6202,28.3329,436,50194,0.0290939,0.01,1,154556,154120,436
6600241,25.124,17.6666,448,50236,0.0176375,0.09,1,154583,154135,448
6603161,13.8248,23.5333,434,50278,0.037055,0.07,1,154594,154160,434
6606081,4.36496,15.1067,423,50320,0.044822,0.01,1,154596,154173,423
6609001,28.873,29.4213,425,50362,0.0239288,0.11,1,154631,154206,425
6611921,80.9746,79.4843,427,50404,0.0395715,0.05,1,154725,154298,427
6614841,32.1949,34.2969,424,50446,0.0458286,0.07,1,154745,154321,424
6617761,20.839,20.4594,425,50488,0.0483314,0.01,1,154763,154338,425
6620681,46.5678,48.0919,423,50530,0.0193326,0.05,1,154816,154393,423
6623601,23.7136,24.0184,423,50572,0.037733,0.03,1,154834,154411,423
6626521,17.5427,17.6037,423,50614,0.0210932,0.05,1,154850,154427,423
6629441,21.1085,20.3207,424,50656,0.0504373,0.07,1,154872,154448,424
6632361,28.2217,27.2641,425,50698,0.0381749,0.07,1,154902,154477,425
6635281,16.8443,16.6528,425,50740,0.04527,0.07,1,154916,154491,425
6638201,6.56887,6.53057,425,50782,0.072108,0.07,1,154920,154495,425
6641121,10.9138,12.5061,423,50823,0.0948432,0,1,154932,154509,423
6644041,26.9828,28.1012,422,50864,0.0379373,0.03,1,154963,154541,422
6646961,18.1966,17.6202,423,50905,0.0331749,0.01,1,154979,154556,423
6649881,25.2393,25.124,423,50946,0.03127,0.05,1,155006,154583,423
6652801,13.8479,13.8248,423,50987,0.030508,0.05,1,155017,154594,423
6655721,4.36957,4.36496,423,51028,0.0302032,0.01,1,155019,154596,423
6658641,28.8739,28.873,423,51069,0.0180813,0.05,1,155054,154631,423
6661561,80.1748,80.9746,422,51110,0.0852325,0.05,1,155147,154725,422
6670321,46.5614,46.5678,422,51233,0.0491349,0.05,1,155238,154816,422
6673241,23.7123,23.7136,422,51274,0.037654,0.01,1,155256,154834,422
6676161,17.5425,17.5427,422,51315,0.0450616,0.07,1,155272,154850,422
6679081,21.9085,21.1085,423,51356,0.0600246,0.03,1,155295,154872,423
6682001,29.1817,28.2217,424,51397,0.0540099,0.05,1,155326,154902,424
6684921,17.8363,16.8443,425,51438,0.0396039,0.09,1,155341,154916,425
6687841,6.76727,6.56887,425,51479,0.0338416,0.11,1,155345,154920,425
6690761,10.9535,10.9138,425,51520,0.0195366,0,1,155357,154932,425
6693681,24.5907,26.9828,422,51561,0.00781465,0.03,1,155385,154963,422
6696601,17.7181,18.1966,422,51602,0.00912586,0.03,1,155401,154979,422
6699521,25.1436,25.2393,422,51643,0.0216503,0.03,1,155428,155006,422
6702441,13.8287,13.8479,422,51684,0.0266601,0.03,1,155439,155017,422
6705361,4.36574,4.36957,422,51725,0.0286641,0.01,1,155441,155019,422
6708281,28.8731,28.8739,422,51766,0.0174656,0.01,1,155476,155054,422
6711201,82.5746,5.77478,518,51807,0.0729863,0.13,1,155572,155054,518
6722881,23.2361,46.5244,440,51971,0.0829404,0.03,1,155678,155238,440
6725801,18.2472,23.7049,439,52012,0.0631762,0.05,1,155695,155256,439
6728721,21.2494,17.541,445,52052,0.0552705,0.07,1,155717,155272,445
6731641,28.2499,21.9082,452,52092,0.0521082,0.05,1,155747,155295,452
6734561,17.65,29.1816,436,52132,0.0628433,0.03,1,155762,155326,436
6737481,6.73,17.8363,425,52172,0.0431373,0.03,1,155766,155341,425
6740401,11.746,6.76727,434,52212,0.0352549,0.01,1,155779,155345,434
6743321,23.9492,10.9535,449,52252,0.014102,0,1,155806,155357,449
6746241,17.5898,24.5907,437,52292,0.0236408,0.01,1,155822,155385,437
6749161,25.118,17.7181,448,52332,0.00945631,0.03,1,155849,155401,448
6752081,13.8236,25.1436,432,52372,0.0337825,0.03,1,155860,155428,432
6755001,4.36472,13.8287,423,52412,0.019513,0.03,1,155862,155439,423
6757921,28.8729,4.36574,456,52452,0.0258052,0.01,1,155897,155441,456
6760841,86.5746,28.8731,522,52492,0.0643221,0.11,1,155998,155476,522
6763761,34.1149,82.5746,447,52532,0.0677288,0.13,1,156019,155572,447
6766681,21.223,32.5149,445,52572,0.0810915,0.13,1,156037,155592,445
6769601,41.8446,20.903,474,52612,0.0744366,0.09,1,156084,155610,474
6772521,22.7689,44.1806,442,52652,0.0957747,0.07,1,156102,155660,442
6795881,17.1418,23.9492,437,52972,0.0533699,0.03,1,156243,155806,437
6798801,25.8284,17.5898,449,53012,0.0213479,0,1,156271,155822,449
6801721,13.1657,25.118,432,53052,0.0265392,0.05,1,156281,155849,432
6804641,4.23313,13.8236,423,53092,0.0286157,0.01,1,156283,155860,423
6807561,29.6466,4.36472,457,53132,0.0294463,0.03,1,156319,155862,457
6810481,89.1293,28.8729,526,53172,0.0297785,0.09,1,156423,155897,526
6813401,33.8259,86.5746,445,53212,0.0299114,0.07,1,156443,155998,445
6816321,8.36517,34.1149,426,53252,0.0299646,0.09,1,156445,156019,426
6819241,16.073,21.223,426,53292,0.0539858,0.07,1,156463,156037,426
6822161,41.6146,41.8446,427,53331,0.0755943,0.11,1,156511,156084,427
6825081,22.7229,22.7689,427,53370,0.0722377,0.11,1,156529,156102,427
6828001,17.3446,17.3538,427,53409,0.0708951,0.11,1,156545,156118,427
6830921,21.0689,21.0708,427,53448,0.094358,0.11,1,156567,156140,427
6833841,28.2138,28.2142,427,53487,0.0797432,0.13,1,156597,156170,427
6836761,19.2428,17.6428,429,53526,0.0858973,0.09,1,156614,156185,429
6839681,7.04855,6.72857,429,53565,0.0883589,0.15,1,156618,156189,429
6842601,14.2097,12.5457,431,53604,0.0653436,0.11,1,156634,156203,431
6845521,15.6419,21.7091,423,53643,0.0681374,0.01,1,156650,156227,423
6848441,15.9284,17.1418,423,53682,0.069255,0,1,156666,156243,423
6851361,25.5857,25.8284,423,53721,0.033702,0.03,1,156694,156271,423
6854281,12.3171,13.1657,422,53760,0.0194808,0.03,1,156703,156281,422
6857201,4.06343,4.23313,422,53799,0.0257923,0.03,1,156705,156283,422
6860121,30.4127,29.6466,423,53838,0.0403169,0.03,1,156742,156319,423
6863041,89.2825,89.1293,423,53877,0.0701268,0.03,1,156846,156423,423
6865961,33.8565,33.8259,423,53916,0.0940507,0.03,1,156866,156443,423
6880561,17.4086,17.3446,425,54111,0.0949567,0.11,1,156970,156545,425
6903921,23.1918,25.5857,422,54423,0.093209,0.01,1,157116,156694,422
6906841,11.8384,12.3171,422,54462,0.0792836,0.03,1,157125,156703,422
6909761,3.96767,4.06343,422,54501,0.0737134,0.05,1,157127,156705,422
6912681,30.3935,30.4127,422,54540,0.0354854,0.09,1,157164,156742,422
6915601,91.6787,89.2825,425,54579,0.0561942,0.11,1,157271,156846,425
6918521,34.3357,33.8565,425,54618,0.0764777,0.11,1,157291,156866,425
6921441,8.46715,8.3713,425,54657,0.0845911,0.11,1,157293,156868,425
6924361,16.0934,16.0743,425,54695,0.0878364,0.11,1,157311,156886,425
6927281,43.2187,3.21485,475,54733,0.0891346,0.13,1,157361,156886,475
7006121,15.9604,15.7955,443,55759,0.204871,0.13,1,157943,157500,443
7009041,20.7921,15.9591,449,55797,0.219948,0.11,1,157965,157516,449
7011961,11.3584,21.5918,435,55835,0.213979,0.11,1,157974,157539,435
7014881,3.87168,10.7184,429,55873,0.235592,0.11,1,157976,157547,429
7017801,29.5743,3.74367,463,55911,0.256237,0.13,1,158012,157549,463
7020721,93.1149,29.5487,536,55949,0.276495,0.09,1,158121,157585,536
7023641,38.623,93.9097,451,55987,0.296598,0.15,1,158146,157695,451
7026561,9.32459,35.5819,432,56025,0.280639,0.17,1,158148,157716,432
7029481,16.2649,8.71639,448,56063,0.274256,0.19,1,158166,157718,448
7032401,43.253,16.1433,480,56101,0.271702,0.19,1,158216,157736,480
7035321,23.0506,43.2287,448,56138,0.270681,0.17,1,158234,157786,448
7038241,6.21012,23.8457,431,56175,0.270272,0.19,1,158236,157805,431
7041161,14.042,17.5691,431,56212,0.270109,0.19,1,158252,157821,431
7076201,95.0426,93.1149,438,56656,0.401815,0.31,1,158559,158121,438
7079121,36.6085,38.623,435,56693,0.418726,0.27,1,158581,158146,435
7082041,8.9217,9.32459,435,56730,0.42549,0.27,1,158583,158148,435
7084961,16.1843,16.2649,435,56767,0.440196,0.27,1,158601,158166,435
7242641,98.4038,31.2192,567,58734,0.774799,0.61,2,159897,159330,567
7245561,37.2808,99.0438,473,58770,0.80792,0.61,2,159919,159446,473
7248481,9.05615,37.4088,453,58806,0.821168,0.61,2,159921,159468,453
7251401,16.2112,9.08175,469,58842,0.826467,0.61,2,159939,159470,469
7254321,51.2422,16.2164,511,58878,0.804587,0.67,2,159999,159488,511
7257241,24.6484,48.0433,473,58914,0.801835,0.69,2,160017,159544,473
7260161,6.52969,24.0087,457,58950,0.800734,0.69,2,160019,159562,457
7263081,14.1059,6.40173,471,58986,0.800294,0.69,2,160035,159564,471
7266001,22.0212,14.0803,479,59022,0.794117,0.69,2,160059,159580,479
7268921,30.8042,22.0161,488,59058,0.803647,0.71,2,160092,159604,488
7271841,7.76085,30.0032,458,59094,0.807459,0.71,2,160094,159636,458
7274761,14.3522,19.6006,457,59130,0.808984,0.71,2,160110,159653,457
7277681,6.07043,7.12013,457,59166,0.833593,0.71,2,160114,159657,457
7280601,15.6141,15.824,457,59202,0.831437,0.71,2,160132,159675,457
7283521,15.9228,15.9648,457,59238,0.830575,0.71,2,160148,159691,457
7286441,15.9846,15.993,457,59273,0.85423,0.71,2,160164,159707,457
7289361,22.3969,22.3986,457,59308,0.839692,0.71,2,160188,159731,457
7292281,12.4794,12.4797,457,59343,0.833877,0.71,2,160198,159741,457
7295201,4.09588,4.09594,457,59378,0.855551,0.73,2,160200,159743,457
7298121,32.8192,32.0192,458,59413,0.87622,0.81,2,160240,159782,458
7301041,102.564,98.4038,463,59448,0.896488,0.83,2,160360,159897,463
7552161,432.384,510.446,426,27740,0.2308,0.17,1,162585,162159,426
7558001,87.6953,128.578,450,29345,0.098128,0.09,1,162749,162299,450
7560921,70.3391,69.7156,461,29417,0.0572512,0.01,1,162815,162354,461
7563841,43.6678,61.9431,438,29489,0.0289005,0.03,1,162852,162414,438
7566761,33.5336,41.1886,433,29561,0.0295602,0.07,1,162883,162450,433
7569681,41.9067,36.2377,442,29633,0.0538241,0.11,1,162927,162485,442
7572601,41.9813,35.2475,449,29704,0.0635296,0.05,1,162969,162520,449
7575521,25.1963,31.0495,440,29775,0.0554119,0.11,1,162990,162550,440
7578441,17.0393,23.0099,434,29846,0.0881647,0.05,1,163005,162571,434
7581361,8.20785,15.802,426,29917,0.0772659,0.03,1,163011,162585,426
7584281,75.2416,79.1604,423,29988,0.0489064,0.09,1,163103,162680,423
7587201,72.6483,71.0321,426,30059,0.0495625,0.03,1,163175,162749,426
7590121,65.7297,67.0064,424,30129,0.037825,0.01,1,163239,162815,424
7593041,41.1459,43.0013,422,30199,0.02113,0.03,1,163274,162852,422
7595961,34.6292,33.4003,424,30269,0.008452,0.07,1,163307,162883,424
7598881,42.9258,41.8801,425,30339,0.0093808,0.07,1,163352,162927,425
7601801,42.1852,41.976,425,30409,0.0697523,0.05,1,163394,162969,425
7607641,16.4074,17.039,425,30548,0.0963604,0.07,1,163430,163005,425
7613481,73.6163,75.2416,423,30686,0.0646177,0.05,1,163526,163103,423
7616401,71.5233,72.6483,422,30755,0.0678471,0.03,1,163597,163175,422
7619321,66.3047,65.7297,423,30824,0.0331388,0.01,1,163662,163239,423
7622241,40.4609,41.1459,422,30893,0.0432555,0,1,163696,163274,422
7625161,34.4922,34.6292,422,30961,0.0173022,0.01,1,163729,163307,422
7628081,44.4984,42.9258,424,31029,0.0249209,0.11,1,163776,163352,424
7631001,43.2997,42.1852,425,31097,0.0279684,0.13,1,163819,163394,425
7633921,27.0599,26.037,426,31165,0.0111873,0.09,1,163842,163416,426
7636841,16.612,16.4074,426,31233,0.0104749,0.13,1,163856,163430,426
7639761,8.9224,8.08148,427,31301,0.02219,0.13,1,163863,163436,427
7642681,69.7845,1.6163,512,31369,0.014876,0.03,1,163948,163436,512
7645601,70.7569,72.3233,493,31436,0.0239504,0.07,1,164019,163526,493
7648521,65.3514,71.2647,486,31503,0.0755802,0.01,1,164083,163597,486
7654361,34.4541,40.4506,454,31637,0.0492928,0,1,164150,163696,454
7657281,44.4908,34.4901,468,31704,0.0497171,0.03,1,164197,163729,468
7660201,43.2982,44.498,464,31771,0.0258869,0.03,1,164240,163776,464
7663121,27.0596,43.2996,444,31838,0.0163547,0,1,164263,163819,444
7666041,16.6119,27.0599,435,31904,0.0365419,0.01,1,164277,163842,435
7668961,9.72239,16.612,429,31970,0.0446168,0.03,1,164285,163856,429
7671881,69.9445,8.9224,507,32036,0.0958467,0.01,1,164370,163863,507
7689401,43.8409,44.4908,465,32430,0.075094,0.01,1,164662,164197,465
7692321,27.9682,43.2982,446,32495,0.0600376,0.01,1,164686,164240,446
7695241,16.7936,27.0596,437,32560,0.054015,0.05,1,164700,164263,437
7698161,9.75873,16.6119,431,32625,0.051606,0.05,1,164708,164277,431
7701081,72.3517,9.72239,511,32690,0.0746424,0.13,1,164796,164285,511
7704001,71.2703,69.9445,497,32755,0.095857,0.11,1,164867,164370,497
7712761,40.3142,40.1116,431,32948,0.0970948,0.19,1,164973,164542,431
7736121,72.39,71.2703,427,33458,0.24981,0.11,1,165294,164867,427
7739041,16.078,15.8541,427,33521,0.273924,0.11,1,165296,164869,427
7741961,56.8156,57.5708,426,33584,0.28357,0.09,1,165363,164937,426
7744881,40.1631,40.3142,426,33647,0.287428,0.11,1,165399,164973,426
7747801,29.6326,28.8628,427,33710,0.276971,0.11,1,165426,164999,427
7800361,73.9907,77.1511,509,34821,0.427581,0.33,1,166163,165654,509
7803281,16.3981,74.6302,437,34882,0.441032,0.33,1,166165,165728,437
7806201,58.4796,16.526,504,34943,0.446413,0.31,1,166234,165730,504
7809121,41.2959,57.7052,473,35004,0.448565,0.33,1,166271,165798,473
7870441,17.1665,16.7821,455,36250,0.757719,0.67,2,167063,166608,455
7876281,40.5267,41.3113,454,36366,0.794435,0.65,2,167168,166714,454
7879201,9.70533,9.86226,454,36424,0.815774,0.65,2,167170,166716,454
7882121,22.7411,22.7725,454,36482,0.80031,0.65,2,167196,166742,454
7885041,46.9482,47.7545,453,36540,0.818124,0.69,2,167249,166796,453
7887961,46.9896,46.3509,454,36598,0.849249,0.71,2,167296,166842,454
7890881,30.1979,29.2702,455,36656,0.8857,0.67,2,167322,166867,455
7893801,17.2396,17.054,455,36714,0.87628,0.71,2,167336,166881,455
7905481,17.5188,17.1665,458,36943,0.895793,0.73,2,167521,167063,458
7908401,59.5038,58.6333,459,37000,0.880317,0.83,2,167591,167132,459
7911321,42.3008,40.5267,461,37057,0.874127,0.83,2,167629,167168,461
7914241,10.0601,9.70533,461,37114,0.895651,0.79,2,167631,167170,461
7920081,47.7624,4.54821,515,37228,0.883704,0.83,2,167711,167196,515
7923001,47.9525,43.3096,510,37285,0.887482,0.87,2,167759,167249,510
8261721,43.4545,34.2132,515,43362,0.858908,1,2,171993,171478,515
8264641,31.8909,26.8426,519,43411,0.805563,1,2,172022,171503,519
8279241,33.9404,38.1116,503,43653,0.433711,1,1,172182,171679,503
8285081,21.5176,25.8445,505,43749,0.276994,1,1,172236,171731,505
8288001,16.3035,24.3689,496,43797,0.272798,1,1,172251,171755,496
8290921,21.6607,19.2738,501,43845,0.223119,1,1,172274,171773,501
8296761,35.2664,71.811,500,43941,0.072899,1,1,172381,171881,500
8299681,33.4533,38.3622,503,43989,0.0291596,0.95,1,172414,171911,503
8302601,37.0907,37.2724,504,44037,0.0116638,0.79,1,172452,171948,504
8305521,27.4181,43.4545,484,44085,0.0106655,0.77,1,172477,171993,484
8308441,25.4836,31.8909,480,44133,0.0102662,0.69,1,172502,172022,480
8311361,27.4967,28.7782,480,44181,0.0221065,0.51,1,172530,172050,480
8314281,35.0993,30.5556,486,44229,0.0388426,0.53,1,172567,172081,486
8317201,27.8199,36.5111,474,44277,0.045537,0.51,1,172593,172119,474
8320121,28.764,29.7022,475,44325,0.0242148,0.37,1,172622,172147,475
8323041,30.5528,33.9404,471,44373,0.0516859,0.29,1,172653,172182,471
8325961,20.5106,35.5881,453,44421,0.0386744,0.23,1,172671,172218,453
8328881,12.1021,21.5176,445,44468,0.0334697,0.27,1,172681,172236,445
8331801,4.02042,16.3035,432,44515,0.0313879,0.19,1,172683,172251,432
8334721,16.0041,21.6607,428,44562,0.0425552,0.03,1,172702,172274,428
8337641,63.2008,68.3321,423,44609,0.0470221,0.05,1,172777,172354,423
8340561,33.4402,35.2664,422,44656,0.0368088,0,1,172803,172381,422
8343481,34.688,33.4533,424,44703,0.0327235,0,1,172838,172414,424
8346401,36.5376,37.0907,423,44750,0.0550894,0.01,1,172875,172452,423
8349321,27.3075,27.4181,423,44797,0.0400358,0.01,1,172900,172477,423
8352241,25.4615,25.4836,423,44844,0.0340143,0.03,1,172925,172502,423
8355161,26.6923,27.4967,422,44891,0.0436057,0.05,1,172952,172530,422
8358081,36.5385,35.0993,424,44938,0.0354423,0.05,1,172991,172567,424
8361001,28.9077,27.8199,425,44985,0.0681769,0.01,1,173018,172593,425
8363921,27.3815,28.764,423,45032,0.0692708,0.07,1,173045,172622,423
8366841,31.8763,30.5528,425,45079,0.0937083,0.03,1,173078,172653,425
8369761,19.1753,20.5106,423,45126,0.0794833,0.03,1,173094,172671,423
8372681,15.0351,12.1021,427,45173,0.0857933,0.03,1,173108,172681,427
8375601,4.60701,4.02042,427,45220,0.0883173,0.05,1,173110,172683,427
8384361,31.3649,33.4402,422,45361,0.0966123,0.03,1,173225,172803,422
8390201,35.8146,36.5376,422,45453,0.059858,0.03,1,173297,172875,422
8393121,27.1629,27.3075,422,45499,0.0539432,0.03,1,173322,172900,422
8396041,25.4326,25.4615,422,45545,0.0395773,0.05,1,173347,172925,422
8398961,29.0865,26.6923,425,45591,0.0338309,0.03,1,173377,172952,425
8401881,35.4173,36.5385,423,45637,0.0195324,0.09,1,173414,172991,423
8404801,31.0835,28.9077,426,45683,0.00781294,0.07,1,173444,173018,426
8407721,25.4167,27.3815,423,45729,0.0331252,0.11,1,173468,173045,423
8410641,33.0833,31.8763,425,45775,0.0312501,0.07,1,173503,173078,425
8413561,20.2167,19.1753,426,45821,0.0305,0.09,1,173520,173094,426
8416481,15.2433,15.0351,426,45867,0.0422,0.09,1,173534,173108,426
8419401,4.64867,4.60701,426,45913,0.04688,0.09,1,173536,173110,426
8422321,12.1297,0.921402,440,45959,0.024752,0.11,1,173550,173110,440
8425241,63.2259,11.3843,502,46005,0.0279008,0.11,1,173626,173124,502
8428161,29.4452,64.6769,445,46051,0.0531603,0.09,1,173647,173202,445
8431081,34.689,31.3354,458,46097,0.0752641,0.11,1,173683,173225,458
8434001,34.9378,35.0671,457,46143,0.0961057,0.03,1,173718,173261,457
8436921,26.9876,35.8134,446,46189,0.0684423,0.05,1,173743,173297,446
8439841,25.3975,27.1627,446,46235,0.0333769,0.03,1,173768,173322,446
8442761,29.0795,25.4325,451,46281,0.0433508,0.03,1,173798,173347,451
8445681,35.4159,29.0865,458,46327,0.0353403,0.01,1,173835,173377,458
8448601,31.0832,35.4173,451,46373,0.0141361,0,1,173865,173414,451
8451521,25.4166,31.0835,445,46418,0.0356544,0.05,1,173889,173444,445
8454441,33.0833,25.4167,456,46463,0.0442618,0.03,1,173924,173468,456
8457361,20.2167,33.0833,438,46508,0.0597047,0.03,1,173941,173503,438
8460281,15.2433,20.2167,435,46553,0.0418819,0.05,1,173955,173520,435
8463201,4.64867,15.2433,423,46598,0.0347528,0.05,1,173957,173534,423
8466121,12.9297,4.64867,436,46643,0.0199011,0.01,1,173972,173536,436
8469041,63.3859,12.1297,498,46688,0.0739604,0.03,1,174048,173550,498
8477801,34.6191,34.689,459,46823,0.207533,0.11,1,174142,173683,459
8480721,26.1238,34.9378,448,46868,0.221013,0.05,1,174166,173718,448
8483641,23.6248,26.9876,446,46913,0.214405,0.01,1,174189,173743,446
8527441,26.1805,26.1238,433,47584,0.215325,0.21,1,174599,174166,433
8530361,22.8361,23.6248,432,47628,0.22413,0.13,1,174621,174189,432
8533281,26.1672,28.725,429,47672,0.215652,0.15,1,174648,174219,429
8536201,35.6334,36.145,429,47716,0.224261,0.13,1,174686,174257,429
8539121,31.1267,32.029,428,47760,0.227704,0.13,1,174716,174288,428
8542041,25.4253,25.6058,428,47804,0.265082,0.15,1,174740,174312,428
8547881,19.577,19.4242,429,47892,0.295613,0.15,1,174792,174363,429
8550801,15.1154,15.0848,429,47936,0.292245,0.15,1,174806,174377,429
8553721,4.62308,4.61697,429,47980,0.290898,0.15,1,174808,174379,429
8574161,26.181,26.1805,431,48288,0.425644,0.23,1,175030,174599,431
8580001,26.9672,26.1672,432,48376,0.438903,0.23,1,175080,174648,432
8582921,36.5934,35.6334,433,48420,0.421561,0.23,1,175119,174686,433
8585841,32.1187,31.1267,434,48464,0.438625,0.29,1,175150,174716,434
8588761,25.6237,25.4253,434,48507,0.44545,0.33,1,175174,174740,434
8591681,35.5247,33.8851,436,48550,0.44818,0.29,1,175212,174776,436
8594601,19.9049,19.577,436,48593,0.425272,0.29,1,175228,174792,436
8597521,15.181,15.1154,436,48636,0.440109,0.29,1,175242,174806,436
8600441,4.6362,4.62308,436,48679,0.446044,0.33,1,175244,174808,436
8603361,13.7272,13.7246,436,48722,0.448417,0.37,1,175260,174824,436
8606281,69.1454,67.5449,438,48765,0.437367,0.37,1,175343,174905,438
8609201,15.4291,15.109,438,48808,0.432947,0.35,1,175345,174907,438
8612121,21.4858,20.6218,439,48851,0.431179,0.35,1,175368,174929,439
8626721,27.0379,22.8098,470,49066,0.401538,0.43,1,175522,175052,470
8629641,36.6076,26.962,481,49109,0.418615,0.41,1,175561,175080,481
8632561,31.3215,36.5924,472,49152,0.401446,0.45,1,175591,175119,472
8638401,35.4929,25.6237,479,49238,0.427831,0.45,1,175653,175174,479
8641321,19.8986,35.5247,457,49281,0.441133,0.41,1,175669,175212,457
8644241,15.1797,19.9049,455,49324,0.446453,0.45,1,175683,175228,455
8647161,4.63594,15.181,443,49367,0.448581,0.45,1,175685,175242,443
8650081,13.7272,4.6362,457,49410,0.449432,0.45,1,175701,175244,457
8699721,71.5462,13.7272,529,50128,0.75383,0.49,2,176230,175701,529
8708481,40.3164,20.6858,492,50254,0.760325,0.59,2,176300,175808,492
8711401,35.2633,37.7372,484,50296,0.76613,0.59,2,176334,175850,484
8714321,8.65265,34.7474,452,50338,0.768452,0.59,2,176336,175884,452
8717241,25.7305,30.1495,453,50380,0.769381,0.67,2,176366,175913,453
8720161,25.1461,23.6299,456,50422,0.781752,0.69,2,176391,175935,456
8723081,27.4292,27.126,456,50464,0.774701,0.69,2,176419,175963,456
8726001,35.8858,35.8252,456,50506,0.77188,0.69,2,176457,176001,456
8728921,31.1772,31.165,456,50548,0.770752,0.69,2,176487,176031,456
8731841,25.4354,25.433,456,50590,0.794301,0.73,2,176511,176055,456
8734761,39.4871,37.8866,458,50632,0.82772,0.73,2,176554,176096,458
8737681,20.6974,20.3773,458,50674,0.817088,0.73,2,176570,176112,458
8740601,15.3395,15.2755,458,50716,0.812835,0.73,2,176584,176126,458
8743521,4.6679,4.65509,458,50758,0.823134,0.73,2,176586,176128,458
8746441,13.7336,13.731,458,50799,0.851254,0.77,2,176602,176144,458
8749361,73.1467,71.5462,460,50840,0.874501,0.73,2,176690,176230,460
8755201,20.8459,21.5818,459,50922,0.89712,0.77,2,176714,176255,459
8974201,26.6156,31.9432,484,53933,0.89848,1,2,178780,178296,484
8977121,22.9231,19.9886,489,53972,0.857392,1,2,178802,178313,489
8980041,24.5846,24.7977,488,54011,0.792957,1,2,178827,178339,488
8997561,21.5729,17.4946,495,54245,0.427704,1,1,178990,178495,495
9009241,21.6089,20.092,487,54401,0.262901,1,1,179101,178614,487
9012161,30.7218,33.6184,483,54440,0.243161,1,1,179134,178651,483
9020921,19.1898,25.3889,466,54557,0.203482,0.86,1,179194,178728,466
9044281,24.7378,36.4553,469,54864,0.222388,0.55,1,179394,178925,469
9047201,19.3476,27.2911,462,54902,0.214955,0.49,1,179412,178950,462
9050121,16.6695,19.8582,460,54940,0.211982,0.37,1,179428,178968,460
9053041,22.5339,21.5716,462,54978,0.210793,0.33,1,179452,178990,462
9061801,21.2683,28.0446,454,55092,0.203331,0.23,1,179535,179081,454
9064721,26.6537,21.6089,462,55130,0.219332,0.23,1,179563,179101,462
9067641,22.1307,30.7218,450,55168,0.249733,0.17,1,179584,179134,450
9070561,21.2261,23.7444,449,55206,0.249893,0.19,1,179605,179156,449
9073481,18.6452,19.9489,448,55244,0.249957,0.21,1,179623,179175,448
9076401,24.529,19.1898,455,55282,0.261983,0.15,1,179649,179194,455
9079321,24.1058,25.438,452,55320,0.278793,0.17,1,179673,179221,452
9096841,25.8524,35.6888,453,55548,0.406878,0.25,1,179825,179372,453
9099761,19.5705,24.7378,449,55586,0.420751,0.21,1,179843,179394,449
9102681,16.7141,19.3476,447,55624,0.4263,0.21,1,179859,179412,447
9105601,20.9428,16.6695,453,55662,0.42852,0.21,1,179881,179428,453
9108521,36.1886,22.5339,469,55700,0.441408,0.19,1,179921,179452,469
9178601,23.0314,22.034,447,56599,0.778862,0.49,2,180485,180038,447
9181521,20.6063,19.6068,448,56636,0.809545,0.53,2,180505,180057,448
9184441,24.9213,24.7214,448,56673,0.821818,0.53,2,180531,180083,448
9187361,24.1843,25.7443,446,56710,0.826727,0.51,2,180555,180109,446
9190281,22.4369,21.9489,447,56747,0.840691,0.49,2,180577,180130,447
9193201,23.6874,22.7898,448,56784,0.894276,0.53,2,180601,180153,448
9401981,26.4087,22.4183,506,59394,0.88984,1,2,182386,181880,506
9466221,130.656,135.297,464,27816,0.213174,0.21,1,182936,182472,464
9472061,61.8663,72.6119,450,27968,0.0473079,0,1,183050,182600,450
9474981,48.3732,57.7224,441,28044,0.0189232,0.05,1,183095,182654,441
9477901,42.4746,51.5445,432,28120,0.0255693,0.03,1,183136,182704,432
9480821,39.6949,35.1089,440,28195,0.0162277,0.05,1,183175,182735,440
9483741,67.139,40.6218,472,28270,0.0244911,0,1,183249,182777,472
9486661,32.6278,48.9244,445,28345,0.00979643,0.01,1,183273,182828,445
9489581,16.1256,28.1849,434,28420,0.0219186,0.07,1,183285,182851,434
9492501,64.8251,21.637,491,28495,0.0507674,0.09,1,183362,182871,491
9495421,53.765,56.3274,477,28569,0.086307,0.03,1,183413,182936,477
9498341,57.953,54.4655,482,28643,0.0525228,0.01,1,183472,182990,482
9501261,46.7906,58.8931,466,28717,0.0210091,0,1,183516,183050,466
9504181,42.9581,47.7786,463,28791,0.0264036,0.03,1,183558,183095,463
9507101,39.7916,42.3557,461,28865,0.0405615,0.01,1,183597,183136,461
9510021,67.1583,39.6711,496,28938,0.0342246,0.03,1,183671,183175,496
9512941,32.6317,67.1342,446,29011,0.0436898,0,1,183695,183249,446
9515861,16.1263,32.6268,434,29084,0.0354759,0.03,1,183707,183273,434
9518781,66.4253,16.1254,501,29157,0.0441904,0.07,1,183786,183285,501
9521701,54.0851,64.8251,475,29230,0.0476761,0.11,1,183837,183362,475
9524621,56.417,53.765,481,29302,0.0370705,0.03,1,183894,183413,481
9527541,45.6834,57.953,465,29374,0.0448282,0,1,183937,183472,465
9530461,43.5367,46.7906,464,29446,0.0359313,0.03,1,183980,183516,464
9533381,40.7073,42.9581,462,29518,0.0323725,0.05,1,184020,183558,462
9536301,66.5415,39.7916,496,29590,0.042949,0.03,1,184093,183597,496
9539221,32.5083,67.1583,446,29662,0.0471796,0.05,1,184117,183671,446
9542141,16.1017,32.6317,434,29733,0.0248718,0.03,1,184129,183695,434
9545061,67.2203,16.1263,502,29804,0.0399487,0.05,1,184209,183707,502
9547981,15.0441,66.4253,425,29875,0.0459795,0.05,1,184211,183786,425
9550901,43.0088,54.0851,424,29946,0.0483918,0.03,1,184261,183837,424
9553821,54.2018,56.417,424,30017,0.0373567,0.05,1,184318,183894,424
9556741,44.4404,45.6834,423,30088,0.0329427,0.03,1,184360,183937,423
9559661,42.4881,43.5367,422,30158,0.0191771,0.03,1,184402,183980,422
9562581,41.2976,40.7073,423,30228,0.0376708,0.05,1,184443,184020,423
9565501,67.4595,66.5415,424,30298,0.0690683,0.05,1,184517,184093,424
9568421,31.0919,32.5083,422,30368,0.0816273,0.01,1,184539,184117,422
9571341,16.6184,16.1017,423,30438,0.0986509,0.05,1,184552,184129,423
9574261,68.1237,67.2203,424,30508,0.0934604,0.05,1,184633,184209,424
9577181,15.2247,15.0441,424,30577,0.0913841,0.05,1,184635,184211,424
9580101,43.0449,43.0088,424,30646,0.0785537,0.03,1,184685,184261,424
9583021,53.409,54.2018,423,30715,0.0314215,0.03,1,184741,184318,423
9585941,43.4818,44.4404,422,30784,0.0425686,0.01,1,184782,184360,422
9588861,42.2964,42.4881,422,30853,0.0170274,0.05,1,184824,184402,422
9591781,41.2593,41.2976,422,30922,0.036811,0.09,1,184865,184443,422
9618061,42.8465,42.1044,464,31532,0.0520775,0,1,185246,184782,464
9620981,40.5693,42.0209,462,31599,0.050831,0.05,1,185286,184824,462
9623901,74.5139,41.2042,504,31666,0.0863324,0.15,1,185369,184865,504
9667701,45.4111,15.2104,479,32654,0.210084,0.13,1,185966,185487,479
9670621,49.0822,43.8421,478,32719,0.222033,0.13,1,186016,185538,478
9673541,11.4164,49.5684,429,32784,0.226813,0.15,1,186018,185589,429
9676461,34.2833,41.9137,429,32849,0.228725,0.17,1,186058,185629,429
9679381,38.0567,39.5827,429,32913,0.25349,0.13,1,186097,185668,429
9682301,39.6113,40.7165,428,32977,0.263396,0.11,1,186137,185709,428
9685221,76.7223,77.7433,427,33041,0.267358,0.13,1,186223,185796,427
9688141,34.5445,33.9487,428,33105,0.268943,0.13,1,186247,185819,428
9691061,17.3089,16.3897,429,33169,0.281577,0.19,1,186260,185831,429
9696901,15.4124,15.0556,431,33297,0.423052,0.23,1,186344,185913,431
9699821,47.0825,45.4111,433,33361,0.403221,0.23,1,186399,185966,433
9702741,49.4165,49.0822,433,33424,0.431288,0.23,1,186449,186016,433
9705661,11.4833,11.4164,433,33487,0.442515,0.23,1,186451,186018,433
9708581,34.2967,34.2833,433,33550,0.423006,0.27,1,186491,186058,433
9711501,39.6593,38.0567,435,33613,0.439202,0.27,1,186532,186097,435
9775741,41.2651,34.3236,494,34972,0.758213,0.61,2,187427,186933,494
9781581,80.0506,40.8929,541,35092,0.758514,0.65,2,187557,187016,541
9784501,35.2101,77.7786,478,35152,0.777406,0.67,2,187581,187103,478
9787421,18.242,34.7557,468,35212,0.784962,0.67,2,187595,187127,468
9790341,80.4484,18.1511,550,35272,0.787985,0.71,2,187691,187141,550
9793261,17.6897,78.8302,458,35332,0.789194,0.71,2,187693,187235,458
9796181,46.7379,17.366,510,35392,0.789678,0.71,2,187747,187237,510
9799101,50.9476,46.6732,508,35452,0.825871,0.73,2,187799,187291,508
9802021,11.7895,50.1346,459,35512,0.840348,0.73,2,187801,187342,459
9804941,35.1579,11.6269,498,35572,0.858139,0.75,2,187842,187344,498
9807861,40.6316,34.3254,500,35631,0.865256,0.77,2,187884,187384,500
9810781,40.1263,41.2651,497,35690,0.868102,0.73,2,187924,187427,497
9813701,9.62526,40.253,459,35749,0.869241,0.77,2,187926,187467,459
9994741,60.3159,58.6811,482,39245,0.86564,1,2,190373,189891,482
9997661,29.6632,34.1362,476,39299,0.856256,1,2,190395,189919,476
10000581,25.1326,27.6272,474,39353,0.828502,1,2,190419,189945,474
10003501,23.4265,23.9254,474,39407,0.817401,1,2,190442,189968,474
10251701,46.5198,32.0556,528,43726,0.886,1,2,193448,192920,528
10254621,32.504,41.6111,513,43774,0.8884,1,2,193477,192964,513
10257541,28.1008,41.9222,498,43822,0.88936,1,2,193504,193006,498
10263381,37.284,45.1969,516,43918,0.431498,1,1,193598,193082,516
10266301,32.2568,37.0394,512,43966,0.250599,1,1,193629,193117,512
10275061,32.8981,41.0963,513,44110,0.0892383,1,1,193733,193220,513
10277981,37.7796,32.2193,522,44158,0.0656953,1,1,193772,193250,522
10280901,30.7559,30.4439,521,44206,0.0322781,1,1,193801,193280,521
10283821,28.5512,26.8888,523,44254,0.0309113,1,1,193829,193306,523
10286741,28.1102,26.9778,524,44302,0.0903645,1,1,193857,193333,524
10289661,23.222,30.9956,514,44350,0.0901458,1,1,193879,193365,514
10292581,34.2444,32.5991,518,44398,0.0360583,0.81,1,193916,193398,518
10295501,22.8489,46.5198,488,44446,0.0204233,0.89,1,193936,193448,488
10298421,6.16978,32.504,461,44493,0.0261693,0.89,1,193938,193477,461
10301341,18.834,28.1008,456,44540,0.0524677,0.38,1,193960,193504,456
10304261,39.7668,54.4202,440,44587,0.0269871,0.33,1,194005,193565,440
10307181,28.7534,37.284,433,44634,0.0287948,0.13,1,194031,193598,433
10310101,24.1507,32.2568,425,44681,0.0295179,0.05,1,194054,193629,425
10313021,35.2301,38.4514,423,44728,0.0298072,0.11,1,194092,193669,423
10315941,35.046,32.4903,427,44775,0.0419229,0.07,1,194127,193700,427
10318861,32.6092,32.8981,426,44822,0.0467691,0.05,1,194159,193733,426
10321781,34.5218,37.7796,422,44869,0.0727077,0.01,1,194194,193772,422
10324701,31.7044,30.7559,424,44916,0.0350831,0.03,1,194225,193801,424
10327621,27.1409,28.5512,422,44963,0.0920332,0.13,1,194251,193829,422
10336381,34.4251,34.2444,424,45104,0.0536501,0.01,1,194340,193916,424
10339301,21.285,22.8489,422,45151,0.02746,0.03,1,194358,193936,422
10342221,5.857,6.16978,422,45198,0.016984,0.07,1,194360,193938,422
10345141,18.7714,18.834,422,45245,0.0247936,0.01,1,194382,193960,422
10348061,39.7543,39.7668,422,45292,0.0159174,0.03,1,194427,194005,422
10350981,28.7509,28.7534,422,45339,0.024367,0.03,1,194453,194031,422
10353901,24.1502,24.1507,422,45386,0.0277468,0.03,1,194476,194054,422
10356821,35.23,35.2301,422,45432,0.0290987,0.05,1,194514,194092,422
10359741,35.846,35.046,423,45478,0.0416395,0.05,1,194550,194127,423
10362661,32.7692,32.6092,423,45524,0.0346558,0.09,1,194582,194159,423
10365581,33.7538,34.5218,422,45570,0.0318623,0.01,1,194616,194194,422
10368501,31.5508,31.7044,422,45616,0.0427449,0.13,1,194647,194225,422
10371421,27.1102,27.1409,422,45662,0.023098,0.11,1,194673,194251,422
10374341,30.222,28.6282,424,45708,0.0632392,0.13,1,194704,194280,424
10380181,31.6089,34.4251,422,45800,0.0593183,0.01,1,194762,194340,422
10383101,20.7218,21.285,422,45846,0.0417273,0.01,1,194780,194358,422
10386021,5.74436,5.857,422,45892,0.0346909,0.03,1,194782,194360,422
10388941,18.7489,18.7714,422,45938,0.0318764,0.03,1,194804,194382,422
10391861,38.9498,3.75428,466,45984,0.0427505,0.01,1,194848,194382,466
10394781,28.59,36.7509,447,46030,0.0231002,0.03,1,194874,194427,447
10397701,24.918,28.1502,445,46076,0.0272401,0.03,1,194898,194453,445
10400621,34.5836,24.03,459,46122,0.016896,0.03,1,194935,194476,459
10403541,35.7167,35.206,457,46168,0.0247584,0.05,1,194971,194514,457
10406461,33.5433,35.8412,454,46214,0.0399034,0.03,1,195004,194550,454
10409381,33.1087,32.7682,455,46260,0.0159613,0.03,1,195037,194582,455
10412301,31.4217,33.7536,452,46306,0.0363845,0.05,1,195068,194616,452
10415221,27.0843,31.5507,447,46352,0.0325538,0.01,1,195094,194647,447
10418141,34.2169,27.1101,457,46397,0.0130215,0.09,1,195130,194673,457
10421061,27.6434,30.222,452,46442,0.0472086,0.13,1,195156,194704,452
10423981,27.9287,26.0444,455,46487,0.0728834,0.03,1,195184,194729,455
10435661,40.5375,18.7489,467,46667,0.0637378,0.05,1,195271,194804,467
10438581,28.1075,38.9498,448,46712,0.0314951,0.01,1,195296,194848,448
10441501,24.8215,28.59,446,46757,0.042598,0.03,1,195320,194874,446
10444421,34.5643,24.918,459,46802,0.0590392,0.01,1,195357,194898,459
10447341,35.7129,34.5836,458,46847,0.0416157,0.03,1,195393,194935,458
10450261,35.1426,35.7167,457,46892,0.0166463,0.05,1,195428,194971,457
10453181,31.0285,33.5433,454,46937,0.00665851,0,1,195458,195004,454
10456101,31.0057,33.1087,452,46982,0.0206634,0.05,1,195489,195037,452
10459021,27.0011,31.4217,447,47027,0.0382654,0.03,1,195515,195068,447
10461941,36.6002,27.0843,460,47072,0.0213061,0,1,195554,195094,460
10464861,28.92,34.2169,451,47117,0.0385225,0.07,1,195581,195130,451
10467781,28.984,27.6434,454,47162,0.057409,0.09,1,195610,195156,454
10470701,20.9968,27.9287,445,47207,0.0889636,0.13,1,195629,195184,445
10473621,5.79936,19.1857,430,47252,0.0775854,0.13,1,195631,195201,430
10476541,15.5599,5.43715,446,47297,0.0730342,0.11,1,195649,195203,446
10479461,38.312,18.6874,468,47342,0.0472137,0.03,1,195693,195225,468
10482381,27.6624,40.5375,447,47387,0.0488855,0.01,1,195718,195271,447
10485301,7.13248,28.1075,424,47431,0.0255542,0.05,1,195720,195296,424
10488221,19.8265,24.8215,423,47475,0.0402217,0.07,1,195743,195320,423
10491141,33.5653,34.5643,423,47519,0.0580887,0.03,1,195780,195357,423
10494061,35.5131,35.7129,423,47563,0.0532355,0,1,195816,195393,423
10496981,34.3026,35.1426,422,47607,0.0392942,0,1,195850,195428,422
10499901,31.6605,31.0285,423,47651,0.0217177,0.03,1,195881,195458,423
10502821,30.3321,31.0057,422,47695,0.0386871,0.05,1,195911,195489,422
10505741,26.8664,27.0011,422,47739,0.0334748,0.01,1,195937,195515,422
10508661,37.3733,36.6002,423,47783,0.0313899,0.05,1,195977,195554,423
10511581,30.6747,28.92,425,47827,0.030556,0.07,1,196006,195581,425
10514501,29.3349,28.984,425,47871,0.0542224,0.11,1,196035,195610,425
10517421,21.067,20.9968,425,47915,0.087689,0.07,1,196054,195629,425
10526181,36.7125,38.312,423,48047,0.0425721,0.05,1,196116,195693,423
10529101,27.3425,27.6624,423,48091,0.0470288,0.01,1,196141,195718,423
10532021,7.0685,7.13248,423,48135,0.0488115,0.05,1,196143,195720,423
10534941,19.0137,19.8265,422,48179,0.0495246,0.07,1,196165,195743,422
10537861,34.2027,33.5653,423,48223,0.0378098,0.05,1,196203,195780,423
10540781,34.8405,35.5131,422,48267,0.0451239,0.03,1,196238,195816,422
10543701,34.1681,34.3026,422,48311,0.0240496,0.01,1,196272,195850,422
10546621,31.6336,31.6605,422,48355,0.0156198,0.05,1,196303,195881,422
10549541,30.3267,30.3321,422,48399,0.0602479,0.03,1,196333,195911,422
10552461,26.8653,26.8664,422,48443,0.0420992,0.03,1,196359,195937,422
10555381,37.3731,37.3733,422,48487,0.0228397,0.03,1,196399,195977,422
10558301,30.6746,30.6747,422,48530,0.0271359,0.07,1,196428,196006,422
10561221,31.7349,29.3349,425,48573,0.0528543,0.11,1,196460,196035,425
10564141,21.547,21.067,425,48616,0.0871417,0.11,1,196479,196054,425
10596261,30.264,31.6093,451,49089,0.0855746,0.09,1,196754,196303,451
10599181,26.8528,30.3219,447,49132,0.0402298,0.03,1,196780,196333,447
10602101,37.3706,26.8644,461,49175,0.0340919,0.01,1,196820,196359,461
10605021,30.6741,37.3729,450,49218,0.0196368,0.03,1,196849,196399,450
10607941,34.1348,30.6746,456,49261,0.0378547,0.07,1,196884,196428,456
10610861,22.027,31.7349,443,49304,0.0451419,0.11,1,196903,196460,443
10613781,6.00539,21.547,426,49347,0.0480568,0.11,1,196905,196479,426
10616701,18.0011,5.9094,445,49390,0.0852227,0.11,1,196926,196481,445
10637141,32.2481,34.9986,458,49689,0.246489,0.15,1,197119,196661,458
10640061,28.8496,32.5997,454,49731,0.284596,0.09,1,197147,196693,454
10642981,28.9699,31.3199,452,49773,0.287838,0.07,1,197176,196724,452
10645901,25.794,30.264,447,49815,0.289135,0.01,1,197201,196754,447
10648821,37.1588,26.8528,461,49857,0.217654,0.03,1,197241,196780,461
10660501,6.22905,22.027,426,50025,0.0974919,0.05,1,197329,196903,426
10689701,29.2195,28.8496,437,50445,0.220713,0.29,1,197584,197147,437
10692621,29.0439,28.9699,437,50487,0.226285,0.29,1,197613,197176,437
10695541,25.0088,25.794,436,50529,0.228514,0.17,1,197637,197201,436
10698461,32.2018,37.1588,430,50571,0.241406,0.15,1,197671,197241,430
10701381,27.2404,30.6318,427,50613,0.258562,0.11,1,197697,197270,427
10704301,35.0481,35.7264,427,50655,0.253425,0.09,1,197734,197307,427
10707221,24.6096,23.1453,429,50697,0.25137,0.09,1,197756,197327,429
10710141,6.52192,6.22905,429,50739,0.250548,0.13,1,197758,197329,429
10713061,18.9044,19.6458,428,50781,0.286219,0.17,1,197780,197352,428
10715981,38.9809,39.1292,428,50822,0.276488,0.11,1,197824,197396,428
10718901,26.9962,27.8258,427,50863,0.296595,0.11,1,197848,197421,427
10727661,35,34.2066,428,50986,0.297142,0.13,1,197911,197483,428
10748101,32.9749,32.2018,432,51273,0.422482,0.27,1,198103,197671,432
10751021,28.195,27.2404,433,51314,0.438993,0.25,1,198130,197697,433
10762701,18.9955,18.9044,435,51478,0.445974,0.27,1,198215,197780,435
10824021,19.0511,6.99996,468,52331,0.758619,0.51,2,198753,198285,468
10826941,37.4102,19,488,52371,0.765447,0.53,2,198795,198307,488
10829861,9.08205,35.8,450,52411,0.768179,0.55,2,198797,198347,450
10835701,38.4433,31.352,489,52491,0.772109,0.61,2,198875,198386,489
10838621,33.2887,36.6704,483,52531,0.794843,0.63,2,198907,198424,483
10841541,29.0577,32.1341,480,52571,0.815937,0.63,2,198935,198455,480
10844461,25.0115,28.8268,476,52611,0.848375,0.63,2,198959,198483,476
10847381,35.4023,24.9654,490,52651,0.86135,0.65,2,198997,198507,490
10850301,31.8805,34.5931,484,52691,0.87854,0.67,2,199028,198544,484
10853221,35.9761,30.1186,492,52731,0.873416,0.69,2,199065,198573,492
10856141,26.3952,34.8237,480,52771,0.871366,0.71,2,199089,198609,480
10859061,6.87904,26.1647,458,52811,0.870547,0.71,2,199091,198633,458
10861981,18.9758,6.83295,478,52851,0.870219,0.71,2,199113,198635,478
10864901,40.5952,18.9666,502,52891,0.870087,0.69,2,199159,198657,502
10867821,31.319,41.3933,484,52931,0.834035,0.75,2,199188,198704,484
10870741,7.86381,28.2787,461,52971,0.819614,0.75,2,199190,198729,461
10873661,19.1728,7.25573,481,53011,0.861846,0.77,2,199212,198731,481
10876581,37.4346,19.0511,501,53051,0.878738,0.77,2,199254,198753,501
10879501,9.08691,37.4102,461,53091,0.885495,0.77,2,199256,198795,461
10888261,34.3767,38.4433,493,53211,0.898352,0.81,2,199368,198875,493
10891181,8.47534,33.2887,463,53251,0.893341,0.83,2,199370,198907,463
10902861,32.0392,31.8805,466,53408,0.899493,0.87,2,199494,199028,466
10908701,26.2416,26.3952,465,53486,0.884319,0.87,2,199554,199089,465
10911621,6.84831,6.87904,465,53525,0.875728,0.87,2,199556,199091,465
11104341,26.0472,20.213,517,56063,0.855856,1,2,201309,200792,517
11107261,26.8094,20.0426,524,56101,0.816342,1,2,201336,200812,524
11110181,18.9619,22.4085,518,56138,0.764537,1,2,201353,200835,518
11130621,27.211,26.2334,513,56397,0.281604,1,1,201553,201040,513
11133541,22.2422,29.2467,504,56434,0.202642,1,1,201574,201070,504
11139381,24.0897,25.3299,502,56508,0.0552227,1,1,201623,201121,502
11142301,20.0179,23.466,498,56545,0.0220891,1,1,201642,201144,498
11145221,22.4036,25.4932,495,56582,0.0148356,1,1,201665,201170,495
11148141,9.28072,27.4986,473,56619,0.0359343,0.94,1,201671,201198,473
11151061,20.2561,23.8997,473,56656,0.0203737,0.96,1,201694,201221,473
11153981,27.2512,31.1799,469,56693,0.0381495,0.9,1,201723,201254,469
11156901,24.6502,30.236,463,56730,0.0332598,0.81,1,201747,201284,463
11159821,24.13,26.0472,462,56767,0.0193039,0.79,1,201771,201309,462
11162741,24.026,26.8094,459,56804,0.0257216,0.73,1,201795,201336,459
11165661,19.2052,18.9619,460,56841,0.0282886,0.67,1,201813,201353,460
11168581,22.241,27.7924,453,56878,0.0533155,0.47,1,201836,201383,453
11171501,22.8482,30.3585,445,56915,0.0513262,0.41,1,201859,201414,445
11174421,23.7696,26.8717,443,56952,0.0745305,0.35,1,201883,201440,443
11177341,26.3539,29.3743,440,56989,0.0718122,0.33,1,201910,201470,440
11180261,26.0708,28.2749,438,57026,0.0947249,0.31,1,201936,201498,438
11203621,7.80517,9.28072,422,57322,0.084489,0.01,1,202093,201671,422
11206541,19.961,20.2561,422,57359,0.0877956,0.05,1,202116,201694,422
11209461,27.1922,27.2512,422,57396,0.0651182,0.03,1,202145,201723,422
11221141,19.2051,19.2052,422,57544,0.058163,0.07,1,202235,201813,422
11224061,22.241,22.241,422,57581,0.0532652,0.05,1,202258,201836,422
11226981,22.8482,22.8482,422,57618,0.0273061,0.05,1,202281,201859,422
11229901,24.5696,4.56964,447,57654,0.0289224,0.09,1,202306,201859,447
11232821,28.1139,20.1139,452,57690,0.077569,0.07,1,202335,201883,452
11238661,25.9246,25.9246,450,57762,0.217611,0.13,1,202386,201936,450
11241581,22.7849,22.7849,450,57798,0.297044,0.11,1,202408,201958,450
11294141,28.1195,25.6228,462,58446,0.779632,0.25,2,202822,202360,462
11297061,24.0239,25.9246,459,58482,0.857853,0.35,2,202845,202386,459
11469341,20.7329,5.00603,503,60568,0.87832,1,2,204244,203741,503
11472261,26.5466,25.8012,500,60603,0.837328,1,2,204272,203772,500
11475181,29.3093,33.1602,495,60638,0.784931,1,2,204302,203807,495
11501461,30.6565,14.8305,527,60952,0.239935,1,1,204534,204007,527
11504381,24.5313,26.1661,521,60986,0.209974,1,1,204557,204036,521
11507301,14.5063,26.8332,506,61020,0.20999,1,1,204569,204063,506
11518981,17.796,30.0781,490,61156,0.0833757,1,1,204654,204164,490
11521901,20.3592,19.6156,494,61190,0.0873503,0.87,1,204675,204181,494
11524821,17.6718,22.3231,488,61224,0.0889401,0.92,1,204692,204204,488
11527741,15.5344,19.6646,484,61258,0.053576,0.85,1,204707,204223,484
11530661,20.7069,20.7329,485,61292,0.0514304,0.81,1,204729,204244,485
11533581,25.7414,26.5466,484,61326,0.0625722,0.75,1,204756,204272,484
11536501,26.7483,29.3093,481,61360,0.0670289,0.71,1,204783,204302,481
11539421,13.3497,29.0619,462,61394,0.0808115,0.65,1,204793,204331,462
11542341,17.8699,17.8124,466,61428,0.0743246,0.55,1,204812,204346,466
11545261,17.974,16.3625,468,61462,0.0357298,0.51,1,204830,204362,468
11548181,25.1948,21.6725,472,61496,0.0322919,0.54,1,204857,204385,472
11551101,37.039,28.3345,482,61530,0.0189168,0.53,1,204897,204415,482
11554021,24.2078,36.0669,465,61564,0.0375667,0.43,1,204918,204453,465
11556941,19.2416,26.4134,459,61598,0.0450267,0.26,1,204936,204477,459
11559861,26.2483,25.2827,462,61632,0.0240107,0.17,1,204964,204502,462
11562781,24.4497,30.6565,454,61666,0.0516043,0.19,1,204988,204534,454
11565701,11.2899,24.5313,439,61700,0.0626417,0.21,1,204996,204557,439
11568621,15.058,14.5063,443,61734,0.0430567,0.15,1,205012,204569,443
11571541,21.4116,16.5013,449,61768,0.0592227,0.09,1,205035,204586,449
11574461,27.4823,24.9003,451,61802,0.0416891,0.19,1,205064,204613,451
11577381,16.6965,24.98,440,61836,0.0346756,0.03,1,205078,204638,440
11580301,21.7393,17.796,447,61870,0.0198702,0.09,1,205101,204654,447
11583221,17.1479,20.3592,442,61904,0.0379481,0.09,1,205117,204675,442
11586141,13.0296,17.6718,437,61938,0.0451792,0.03,1,205129,204692,437
11589061,20.2059,15.5344,444,61972,0.0240717,0.05,1,205151,204707,444
11591981,5.64118,20.7069,424,62006,0.0156287,0.07,1,205153,204729,424
11594901,23.5282,25.7414,425,62040,0.0362515,0.07,1,205181,204756,425
11597821,27.1056,26.7483,426,62074,0.0445006,0.09,1,205209,204783,426
11600741,13.4211,13.3497,426,62108,0.0238002,0.07,1,205219,204793,426
11603661,15.4842,17.8699,423,62142,0.0515201,0.01,1,205235,204812,423
11606581,17.4968,17.974,423,62176,0.038608,0.03,1,205253,204830,423
11609501,25.8994,25.1948,424,62210,0.0334432,0.01,1,205281,204857,424
11612421,36.3799,37.039,423,62244,0.0433773,0.05,1,205320,204897,423
11615341,23.276,24.2078,422,62278,0.0473509,0.05,1,205340,204918,422
11618261,20.6552,19.2416,424,62312,0.0489404,0.01,1,205360,204936,424
11621181,25.731,26.2483,423,62346,0.0495761,0.07,1,205387,204964,423
11624101,25.9462,24.4497,425,62380,0.0618305,0.07,1,205413,204988,425
11627021,11.5892,11.2899,425,62414,0.0667322,0.03,1,205421,204996,425
11629941,15.9178,15.058,426,62448,0.0566929,0.07,1,205438,205012,426
11632861,19.1836,21.4116,423,62482,0.0526772,0.03,1,205458,205035,423
11635781,27.0367,27.4823,423,62516,0.0390709,0.03,1,205487,205064,423
11638701,16.6073,16.6965,423,62550,0.0456283,0.01,1,205501,205078,423
11641621,22.5215,21.7393,424,62584,0.0482513,0.05,1,205525,205101,424
11644541,17.3043,17.1479,424,62618,0.0613005,0.05,1,205541,205117,424
11647461,13.0609,13.0296,424,62652,0.0665202,0.01,1,205553,205129,424
11650381,19.4122,20.2059,423,62686,0.0446081,0.01,1,205574,205151,423
11653301,5.48243,5.64118,423,62720,0.0358432,0.05,1,205576,205153,423
11656221,24.2965,23.5282,424,62753,0.0683373,0.05,1,205605,205181,424
11676661,23.2697,23.276,422,62984,0.0626905,0.05,1,205762,205340,422
11679581,21.4539,20.6552,423,63017,0.0550762,0.05,1,205783,205360,423
11682501,25.0908,25.731,422,63050,0.0760305,0.07,1,205809,205387,422
11685421,26.6182,25.9462,423,63083,0.0964122,0.07,1,205836,205413,423
11688341,11.7236,11.5892,423,63116,0.0805649,0.05,1,205844,205421,423
11691261,15.1447,15.9178,422,63149,0.098226,0.05,1,205860,205438,422
11694181,19.0289,19.1836,422,63182,0.0812904,0.03,1,205880,205458,422
11697101,27.0058,27.0367,422,63215,0.0865161,0.05,1,205909,205487,422
11700021,16.6012,16.6073,422,63248,0.0886065,0.05,1,205923,205501,422
11702941,23.3202,22.5215,423,63281,0.0774426,0.07,1,205948,205525,423
11705861,17.464,17.3043,423,63314,0.048977,0.07,1,205964,205541,423
11708781,12.2928,13.0609,422,63347,0.0615908,0.03,1,205975,205553,422
11711701,19.2586,19.4122,422,63380,0.0546363,0.03,1,205996,205574,422
11714621,5.45171,5.48243,422,63413,0.0518545,0.09,1,205998,205576,422
11717541,26.6903,24.2965,425,63446,0.0627418,0.09,1,206030,205605,425
11720461,26.9381,4.8593,452,63479,0.0550967,0.15,1,206057,205605,452
11723381,14.9876,21.7719,438,63512,0.0520387,0.13,1,206069,205631,438
11726301,15.7975,13.1544,443,63545,0.0628155,0.17,1,206085,205642,443
11729221,16.7595,15.4309,444,63578,0.0911262,0.15,1,206102,205658,444
11743821,25.3929,21.4539,449,63743,0.215215,0.09,1,206232,205783,449
11746741,27.4786,25.0908,451,63776,0.248086,0.11,1,206260,205809,451
11749661,11.8957,26.6182,432,63809,0.261234,0.07,1,206268,205836,432
11752581,15.1791,11.7236,440,63842,0.266494,0.11,1,206284,205844,440
11755501,19.0358,15.1447,444,63875,0.268598,0.07,1,206304,205860,444
11758421,26.2072,19.0289,452,63908,0.269439,0.09,1,206332,205880,452
11761341,16.4414,27.0058,437,63941,0.269776,0.09,1,206346,205909,437
11764261,22.4883,16.6012,447,63974,0.26991,0.07,1,206370,205923,447
11767181,18.0977,23.3202,439,64007,0.257964,0.03,1,206387,205948,439
11770101,11.6195,17.464,433,64040,0.277186,0.07,1,206397,205964,433
11773021,18.3239,12.2928,442,64073,0.284874,0.05,1,206417,205975,442
11775941,5.26478,19.2586,423,64106,0.28795,0.05,1,206419,205996,423
11778861,29.053,5.45171,456,64139,0.27718,0.07,1,206454,205998,456
11781781,26.6106,26.6903,450,64172,0.272872,0.05,1,206480,206030,450
11784701,15.7221,26.9381,436,64205,0.259149,0.05,1,206493,206057,436
11787621,16.7444,14.9876,441,64238,0.26566,0.07,1,206510,206069,441
11790541,17.7489,15.7975,443,64271,0.292264,0.11,1,206528,206085,443
11848941,16.098,15.7221,451,64921,0.40199,0.27,1,206944,206493,451
11851861,4.81961,16.7444,436,64953,0.406796,0.31,1,206946,206510,436
11854781,16.9639,17.7489,438,64985,0.444718,0.33,1,206966,206528,438
11857701,23.3928,22.7498,439,65017,0.447887,0.31,1,206991,206552,439
11869381,27.5446,26.462,440,65145,0.430554,0.35,1,207105,206665,440
11872301,27.9089,28.4924,439,65177,0.418222,0.35,1,207133,206694,439
11875221,11.9818,12.0985,439,65209,0.413289,0.35,1,207141,206702,439
11878141,15.1964,15.2197,439,65241,0.411315,0.35,1,207157,206718,439
11881061,19.0393,19.0439,439,65273,0.422526,0.35,1,207177,206738,439
11951141,16.7678,16.4416,443,66041,0.769923,0.53,2,207662,207219,443
11954061,26.5536,24.0883,446,66073,0.817969,0.55,2,207691,207245,446
11956981,20.5107,19.2177,447,66105,0.825188,0.51,2,207710,207263,447
11959901,12.1021,11.8435,447,66137,0.828075,0.51,2,207720,207273,447
11962821,18.4204,18.3687,447,66169,0.82923,0.55,2,207740,207293,447
11965741,5.28409,5.27374,447,66201,0.853692,0.55,2,207742,207295,447
11968661,28.2568,28.2547,447,66233,0.863477,0.55,2,207776,207329,447
11971581,26.4514,26.451,447,66265,0.867391,0.53,2,207802,207355,447
11974501,16.4903,17.2902,446,66297,0.844956,0.51,2,207816,207370,446
11977421,17.6981,17.058,447,66329,0.835983,0.51,2,207834,207387,447
11980341,5.13961,5.01161,447,66361,0.832393,0.55,2,207836,207389,447
11983261,17.0279,17.0023,447,66393,0.866957,0.55,2,207856,207409,447
11986181,23.4056,3.40046,472,66425,0.844783,0.57,2,207881,207409,472
11989101,37.4811,20.6801,488,66457,0.895913,0.59,2,207922,207434,488
12216861,130.064,124.891,499,32186,0.2404,1,1,209655,209156,499
12222701,54.8026,56.5156,491,32318,0.058864,0.96,1,209741,209250,491
12225621,24.5605,40.1031,472,32383,0.0415456,0.85,1,209758,209286,472
12228541,41.7121,28.8206,492,32448,0.0346182,0.73,1,209804,209312,492
12231461,45.9424,56.1641,476,32513,0.0138473,0.59,1,209851,209375,476
12234381,35.5885,38.4328,475,32578,0.0235389,0.55,1,209884,209409,475
12237301,55.1177,53.2866,478,32643,0.0154156,0.43,1,209944,209466,478
12240221,44.6235,66.6573,450,32708,0.0241662,0.33,1,209986,209536,450
12243141,25.7247,30.9315,449,32773,0.0276665,0.21,1,210007,209558,449
12246061,22.7449,29.3863,442,32838,0.0530666,0.05,1,210029,209587,442
12248981,42.949,60.2773,422,32902,0.0752266,0.01,1,210077,209655,422
12251901,32.5898,36.0555,422,32966,0.0720907,0.03,1,210107,209685,422
12254821,52.118,52.0111,423,33030,0.0348363,0.03,1,210164,209741,423
12257741,24.0236,24.0022,423,33094,0.0559345,0.03,1,210181,209758,423
12260661,41.6047,41.6004,423,33158,0.0283738,0,1,210227,209804,423
12263581,45.9209,45.9201,423,33222,0.0173495,0.03,1,210274,209851,423
12266501,36.3842,35.584,424,33286,0.0369398,0.01,1,210308,209884,424
12269421,54.4768,55.1168,423,33350,0.0327759,0.03,1,210367,209944,423
12272341,45.2954,44.6234,424,33413,0.0671104,0.03,1,210410,209986,424
12275261,25.8591,25.7247,424,33476,0.0268441,0.07,1,210431,210007,424
12281101,40.7144,42.949,422,33602,0.250295,0.07,1,210499,210077,422
12284021,32.9429,32.5898,423,33665,0.274118,0.01,1,210530,210107,423
12286941,51.3886,52.118,422,33728,0.211647,0.07,1,210586,210164,422
12295701,45.9151,45.9209,422,33916,0.0507454,0.05,1,210696,210274,422
12298621,36.383,36.3842,422,33978,0.0622982,0.03,1,210730,210308,422
12301541,54.4766,54.4768,422,34040,0.0429193,0.09,1,210789,210367,422
12304461,46.8953,45.2954,424,34102,0.0351677,0,1,210834,210410,424
12319061,45.1721,32.1886,483,34412,0.2118,0.17,1,211013,210530,483
12321981,21.8344,51.2377,443,34473,0.22272,0.15,1,211029,210586,443
12324901,37.9669,23.8475,468,34534,0.287088,0.07,1,211071,210603,468
12330741,36.8787,45.9139,456,34656,0.287134,0.07,1,211152,210696,456
12333661,53.7757,36.3828,480,34717,0.252854,0.03,1,211210,210730,480
12336581,48.3551,54.4766,468,34778,0.215141,0.03,1,211257,210789,468
12339501,35.271,46.8953,455,34839,0.272057,0.15,1,211289,210834,455
12342421,28.6542,32.5791,453,34900,0.294823,0.19,1,211316,210863,453
12351181,46.8532,33.8606,480,35081,0.446789,0.23,1,211445,210965,480
12374541,28.9726,35.271,463,35561,0.764433,0.31,2,211752,211289,463
12377461,45.7945,28.6542,486,35620,0.767773,0.37,2,211802,211316,486
12380381,36.3589,43.3308,473,35679,0.781109,0.41,2,211836,211363,473
12383301,8.87178,34.2662,443,35738,0.786444,0.49,2,211838,211395,443
12386221,44.1744,46.8532,446,35797,0.824578,0.49,2,211891,211445,446
12389141,23.2349,23.7706,446,35856,0.863831,0.55,2,211909,211463,446
12392061,43.047,40.7541,449,35915,0.879532,0.55,2,211957,211508,449
12508861,39.9362,63.1371,509,38198,0.826,1,2,213555,213046,509
12517621,65.4715,44.2811,545,38363,0.227824,1,1,213707,213162,545
12523461,31.5789,41.2912,511,38473,0.0532518,1,1,213772,213261,511
12526381,32.7158,28.2582,519,38528,0.0273007,1,1,213805,213286,519
12529301,33.7432,31.2516,521,38583,0.0109203,1,1,213839,213318,521
12532221,17.1486,40.6503,491,38638,0.0343681,1,1,213852,213361,491
12535141,29.0297,28.1301,498,38693,0.0677472,1,1,213884,213386,498
12538061,25.0059,32.026,489,38748,0.0450989,1,1,213908,213419,489
12540981,22.6012,34.4052,476,38803,0.0240396,0.85,1,213930,213454,476
12543901,49.3202,59.681,466,38857,0.0156158,0.77,1,213986,213520,466
12546821,33.064,39.9362,460,38911,0.0242463,0.61,1,214015,213555,460
12549741,29.8128,40.7872,448,38965,0.0636985,0.41,1,214044,213596,448
12552661,25.9626,39.3574,434,39019,0.0254794,0.03,1,214069,213635,434
12555581,53.1925,65.4715,422,39073,0.0401918,0.07,1,214129,213707,422
12558501,39.4385,41.8943,422,39127,0.0340767,0,1,214165,213743,422
12561421,32.6877,31.5789,424,39181,0.0316307,0.01,1,214196,213772,424
12564341,33.7375,32.7158,425,39235,0.0306523,0,1,214230,213805,425
12567261,32.3475,33.7432,423,39289,0.0182609,0.05,1,214262,213839,423
12570181,16.8695,17.1486,423,39343,0.0253044,0.09,1,214275,213852,423
12573101,29.7739,29.0297,424,39397,0.0161217,0.03,1,214308,213884,424
12576021,24.3548,25.0059,423,39451,0.0364487,0.01,1,214331,213908,423
12578941,22.471,22.6012,423,39505,0.0205795,0.01,1,214353,213930,423
12581861,48.4942,49.3202,422,39558,0.0382318,0.03,1,214408,213986,422
12584781,32.8988,33.064,422,39611,0.0572927,0.09,1,214437,214015,422
12587701,30.5798,29.8128,423,39664,0.0529171,0,1,214467,214044,423
12590621,25.316,25.9626,422,39717,0.0391668,0.05,1,214491,214069,422
12593541,53.0632,53.1925,422,39770,0.0156667,0.03,1,214551,214129,422
12596461,39.4126,39.4385,422,39823,0.0122667,0.03,1,214587,214165,422
12599381,32.6825,32.6877,422,39876,0.0229067,0.03,1,214618,214196,422
12602301,33.7365,33.7375,422,39929,0.0151627,0.01,1,214652,214230,422
12605221,32.3473,32.3475,422,39982,0.0120651,0.03,1,214684,214262,422
12608141,16.8695,16.8695,422,40035,0.022826,0.01,1,214697,214275,422
12611061,29.7739,29.7739,422,40088,0.0391304,0.01,1,214730,214308,422
12613981,25.1548,5.95478,446,40141,0.0336522,0.05,1,214754,214308,446
12616901,21.031,19.591,443,40194,0.0314609,0.01,1,214774,214331,443
12619821,48.2062,21.5182,476,40247,0.0545844,0.05,1,214829,214353,476
12622741,32.8412,48.3036,450,40299,0.0638337,0.07,1,214858,214408,450
12625661,30.5682,32.8607,451,40351,0.0795335,0.05,1,214888,214437,451
12628581,25.3136,30.5721,445,40403,0.0858134,0.03,1,214912,214467,445
12631501,53.0627,25.3144,481,40455,0.0523254,0,1,214972,214491,481
12634421,39.4125,53.0629,457,40507,0.0269301,0.01,1,215008,214551,457
12637341,32.6825,39.4126,452,40559,0.0407721,0.03,1,215039,214587,452
12640261,33.7365,32.6825,455,40611,0.0223088,0.01,1,215073,214618,455
12643181,32.3473,33.7365,453,40663,0.0269235,0.01,1,215105,214652,453
12646101,16.8695,32.3473,434,40715,0.0107694,0.03,1,215118,214684,434
12649021,29.7739,16.8695,454,40767,0.0223078,0.05,1,215151,214697,454
12651941,25.9548,29.7739,446,40819,0.0269231,0.03,1,215176,214730,446
12654861,21.991,25.1548,443,40871,0.0407692,0.03,1,215197,214754,443
12657781,47.5982,21.031,477,40923,0.0463077,0.07,1,215251,214774,477
12660701,32.7196,48.2062,451,40975,0.0605231,0.07,1,215280,214829,451
12663621,32.9439,32.8412,455,41027,0.0662092,0.09,1,215313,214858,455
12666541,23.3888,30.5682,446,41078,0.0804837,0.09,1,215334,214888,446
12669461,51.8778,25.3136,481,41129,0.0981935,0.03,1,215393,214912,481
12672381,39.1756,53.0627,457,41180,0.0572774,0.01,1,215429,214972,457
12675301,32.6351,39.4125,452,41231,0.028911,0.05,1,215460,215008,452
12678221,33.727,32.6825,455,41282,0.0295644,0.01,1,215494,215039,455
12681141,32.3454,33.7365,453,41333,0.0298258,0.03,1,215526,215073,453
12684061,16.8691,32.3473,434,41384,0.0179303,0,1,215539,215105,434
12686981,29.7738,16.8695,454,41435,0.0131721,0.03,1,215572,215118,454
12689901,26.7548,29.7739,447,41486,0.0112688,0.03,1,215598,215151,447
12692821,22.951,25.9548,444,41537,0.0225075,0.05,1,215620,215176,444
12695741,6.19019,21.991,425,41588,0.039003,0.05,1,215622,215197,425
12698661,42.838,47.5982,423,41639,0.0576012,0.07,1,215674,215251,423
12701581,33.3676,32.7196,425,41690,0.0530405,0.07,1,215705,215280,425
12704501,33.0735,32.9439,425,41741,0.0512162,0.09,1,215738,215313,425
12707421,24.2147,23.3888,426,41792,0.0504865,0.11,1,215760,215334,426
12713261,37.9286,39.1756,422,41893,0.0620778,0.01,1,215851,215429,422
12716181,33.1857,32.6351,423,41943,0.0248311,0.03,1,215883,215460,423
12719101,34.6371,33.727,424,41993,0.0279325,0.03,1,215918,215494,424
12722021,31.7274,32.3454,423,42043,0.011173,0.01,1,215949,215526,423
12724941,16.7455,16.8691,423,42093,0.0224692,0.01,1,215962,215539,423
12727861,28.9491,29.7738,422,42143,0.0389877,0.01,1,215994,215572,422
12730781,27.3898,26.7548,423,42193,0.0335951,0.03,1,216021,215598,423
12733701,23.878,22.951,424,42243,0.031438,0.05,1,216044,215620,424
12736621,6.37559,6.19019,424,42293,0.0125752,0.07,1,216046,215622,424
12739541,42.8751,42.838,424,42343,0.0470301,0.05,1,216098,215674,424
12742461,33.375,33.3676,424,42393,0.072812,0.05,1,216129,215705,424
12754141,34.4086,37.9286,422,42593,0.054616,0,1,216273,215851,422
12757061,32.4817,33.1857,422,42643,0.0398464,0.03,1,216305,215883,422
12759981,35.2963,34.6371,423,42692,0.0339386,0,1,216341,215918,423
12762901,31.0593,31.7274,422,42741,0.0135754,0.03,1,216371,215949,422
12765821,16.6119,16.7455,422,42790,0.0234302,0.05,1,216384,215962,422
12768741,28.9224,28.9491,422,42839,0.0393721,0.03,1,216416,215994,422
12771661,27.3845,27.3898,422,42888,0.0217488,0.03,1,216443,216021,422
12774581,23.8769,23.878,422,42937,0.0266995,0,1,216466,216044,422
12777501,6.37538,6.37559,422,42986,0.0286798,0,1,216468,216046,422
12780421,44.4751,1.27512,476,43035,0.0294719,0.07,1,216522,216046,476
12783341,33.695,41.855,455,43084,0.0417888,0.09,1,216553,216098,455
12786261,34.739,33.171,459,43133,0.0827155,0.13,1,216588,216129,459
12797941,31.8124,34.4083,453,43329,0.0901975,0.03,1,216726,216273,453
12800861,35.1625,32.4817,457,43378,0.066079,0.03,1,216762,216305,457
12803781,31.0325,35.2963,451,43427,0.0324316,0,1,216792,216341,451
12806701,16.6065,31.0593,434,43476,0.0129726,0.03,1,216805,216371,434
12809621,28.9213,16.6119,453,43525,0.0231891,0.05,1,216837,216384,453
12812541,27.3843,28.9224,448,43573,0.0272756,0.01,1,216864,216416,448
12815461,23.8769,27.3845,444,43621,0.0409102,0.03,1,216887,216443,444
12818381,6.37537,23.8769,423,43669,0.0463641,0.03,1,216889,216466,423
12821301,45.2751,6.37538,476,43717,0.0365456,0.03,1,216944,216468,476
12824221,34.655,44.4751,454,43765,0.0446183,0.05,1,216976,216522,454
12827141,37.331,33.695,461,43813,0.0598473,0.11,1,217014,216553,461
12830061,27.4662,34.739,451,43861,0.0899389,0.15,1,217039,216588,451
12832981,52.6932,24.5478,488,43909,0.0779756,0.17,1,217098,216610,488
12835901,25.7386,51.3096,449,43957,0.0611902,0.15,1,217117,216668,449
12838821,29.9477,31.0619,454,44005,0.0244761,0.05,1,217148,216694,454
12841741,34.7895,31.8124,458,44053,0.0277904,0.05,1,217184,216726,458
12844661,30.1579,35.1625,451,44101,0.0171162,0.01,1,217213,216762,451
12847581,17.2316,31.0325,435,44149,0.00684647,0,1,217227,216792,435
12850501,29.0463,16.6065,454,44197,0.0207386,0.03,1,217259,216805,454
12853421,26.6093,28.9213,448,44245,0.00829543,0.03,1,217285,216837,448
12856341,24.5219,27.3843,445,44293,0.00931817,0.05,1,217309,216864,445
12859261,7.30437,23.8769,425,44341,0.0217273,0.05,1,217312,216887,425
12862181,45.4609,6.37537,478,44389,0.0746909,0.03,1,217367,216889,478
12891381,16.4031,17.2316,422,44860,0.204593,0.03,1,217649,217227,422
12897221,26.7361,26.6093,423,44954,0.0891348,0.01,1,217708,217285,423
12900141,23.7472,24.5219,422,45001,0.0416539,0.03,1,217731,217309,422
12903061,8.74944,7.30437,424,45048,0.0346616,0.11,1,217736,217312,424
12905981,49.7499,45.4609,429,45095,0.0918646,0.15,1,217796,217367,429
12929341,34.7241,34.0777,430,45469,0.217239,0.21,1,218037,217607,430
12932261,30.9448,30.0155,431,45515,0.200896,0.21,1,218067,217636,431
12970221,26.4579,27.8927,454,46113,0.214191,0.21,1,218429,217975,454
12973141,35.6916,25.5785,467,46159,0.223677,0.23,1,218467,218000,467
12976061,29.5383,34.7157,458,46205,0.239471,0.19,1,218495,218037,458
12978981,15.5077,30.9431,440,46251,0.245788,0.15,1,218507,218067,440
12981901,23.9015,17.3886,452,46297,0.272315,0.13,1,218533,218081,452
12996501,37.1059,52.2513,458,46523,0.408609,0.13,1,218680,218222,458
12999421,9.02118,36.8503,427,46568,0.421444,0.13,1,218682,218255,427
13002341,32.2042,8.97005,463,46613,0.426577,0.13,1,218720,218257,463
13005261,28.0408,32.194,452,46658,0.416631,0.11,1,218747,218295,452
13008181,57.6082,27.2388,491,46703,0.436652,0.19,1,218812,218321,491
13075341,26.2201,25.107,449,47730,0.766232,0.55,2,219442,218993,449
13078261,22.844,22.6214,449,47774,0.768493,0.55,2,219464,219015,449
13081181,7.7688,7.72428,449,47818,0.793397,0.59,2,219468,219019,449
13084101,59.1538,56.7449,452,47862,0.815359,0.61,2,219540,219088,452
13087021,39.0308,38.549,452,47906,0.836144,0.61,2,219574,219122,452
13089941,9.40615,9.30979,452,47950,0.844457,0.61,2,219576,219124,452
13092861,33.0812,32.262,453,47994,0.835783,0.63,2,219615,219162,453
13095781,27.4162,27.2524,453,48038,0.844313,0.59,2,219641,219188,453
13098701,59.8833,60.6505,452,48082,0.835725,0.59,2,219709,219257,452
13101621,13.5766,13.7301,452,48126,0.83229,0.63,2,219711,219259,452
13104541,21.1153,20.346,453,48170,0.830916,0.65,2,219734,219281,453
13107461,26.6231,25.6692,454,48214,0.842366,0.67,2,219762,219308,454
13110381,36.5246,35.5338,455,48258,0.846947,0.71,2,219801,219346,455
13113301,29.7049,29.5068,455,48302,0.860779,0.71,2,219829,219374,455
13116221,16.341,15.5014,456,48346,0.854311,0.75,2,219842,219386,456
13119141,28.8682,27.1003,458,48390,0.875725,0.79,2,219874,219416,458
13122061,27.3736,26.2201,459,48434,0.89629,0.77,2,219901,219442,459
13124981,23.8747,22.844,460,48478,0.892516,0.81,2,219924,219464,460
13127901,7.97495,7.7688,460,48521,0.891006,0.83,2,219928,219468,460
13130821,59.995,59.1538,461,48564,0.890403,0.85,2,220001,219540,461
13133741,39.999,39.0308,462,48607,0.884161,0.85,2,220036,219574,462
13136661,9.5998,9.40615,462,48650,0.881664,0.83,2,220038,219576,462
13139581,33.12,33.0812,462,48693,0.886666,0.85,2,220077,219615,462
13142501,27.424,27.4162,462,48736,0.888666,0.83,2,220103,219641,462
13145421,59.8848,59.8833,462,48779,0.889466,0.83,2,220171,219709,462
13148341,13.577,13.5766,462,48822,0.889787,0.83,2,220173,219711,462
13154181,26.4631,4.22307,489,48908,0.899566,0.85,2,220223,219734,489
13322081,134.907,142.841,496,23451,0.417693,1,1,221960,221464,496
13327921,68.4363,95.7936,495,23631,0.272031,0.87,1,222122,221627,495
13333761,54.0975,79.6717,486,23810,0.217525,0.71,1,222243,221757,486
13336681,55.6195,55.1343,493,23899,0.27301,0.51,1,222299,221806,493
13339601,33.5239,62.2269,457,23988,0.271204,0.45,1,222327,221870,457
13342521,17.9048,31.6454,447,24076,0.258482,0.25,1,222341,221894,447
13354201,70.5054,69.881,432,24426,0.775433,0.23,2,222625,222193,432
13357121,54.1011,53.9762,432,24513,0.856173,0.31,2,222675,222243,432
13421361,76.3734,99.7579,542,26349,0.8644,1,2,223956,223414,542
13424281,69.6747,72.7516,544,26429,0.75976,1,2,224024,223480,544
13444721,20.1351,97.8671,469,26985,0.438989,0.81,1,224354,223885,469
13447641,52.027,76.3734,458,27063,0.445596,0.69,1,224414,223956,458
13459321,38.3936,40.4294,454,27375,0.406879,0.59,1,224628,224174,454
13465161,33.6957,35.3772,448,27529,0.404701,0.41,1,224693,224245,448
13468081,87.5392,92.6754,442,27606,0.40788,0.41,1,224794,224352,442
13471001,19.1078,20.1351,442,27683,0.409152,0.45,1,224796,224354,442
13473921,51.8216,52.027,442,27760,0.433661,0.33,1,224856,224414,442
13497281,18.8216,19.1078,440,28364,0.41329,0.41,1,225236,224796,440
13500201,54.9643,3.82157,504,28439,0.447316,0.45,1,225300,224796,504
13555681,58.2074,57.3662,513,29820,0.772243,0.71,2,226256,225743,513
13558601,13.2415,57.0732,458,29891,0.782897,0.67,2,226258,225800,458
13561521,58.6483,69.8146,455,29962,0.835159,0.61,2,226328,225873,455
13564441,49.3297,53.9629,452,30033,0.880064,0.61,2,226375,225923,452
13663721,93.1086,38.0462,574,32343,0.898,1,2,227998,227424,574
13669561,40.2043,28.0818,516,32473,0.84808,1,2,228058,227542,516
13672481,73.6409,45.6164,548,32538,0.777232,1,2,228140,227592,548
13684161,39.4138,44.905,519,32798,0.242281,1,1,228304,227785,519
13690001,23.6566,39.7162,500,32926,0.073565,1,1,228358,227858,500
13692921,29.5313,33.5432,499,32990,0.059426,0.83,1,228389,227890,499
13695841,72.3063,93.1086,474,33054,0.0297704,0.91,1,228472,227998,474
13698761,23.2613,33.0217,467,33118,0.0299082,0.81,1,228483,228016,467
13701681,37.4522,40.2043,466,33182,0.0179633,0.73,1,228524,228058,466
13704601,61.0905,73.6409,451,33246,0.0611853,0.61,1,228591,228140,451
13707521,33.0181,38.7282,447,33310,0.0664741,0.51,1,228617,228170,447
13710441,29.0036,33.3456,443,33373,0.0565896,0.25,1,228645,228202,443
13713361,49.8007,61.0691,430,33436,0.0886359,0.15,1,228700,228270,430
13716281,32.3601,39.4138,424,33499,0.0654543,0.07,1,228728,228304,424
13719201,32.072,34.2828,423,33562,0.0561817,0.03,1,228760,228337,423
13722121,23.2144,23.6566,423,33625,0.0644727,0.05,1,228781,228358,423
13725041,28.6429,29.5313,422,33688,0.0797891,0.01,1,228811,228389,422
13727961,72.1286,72.3063,422,33751,0.0499156,0.03,1,228894,228472,422
13730881,23.2257,23.2613,422,33814,0.0499662,0.01,1,228905,228483,422
13733801,39.0451,37.4522,424,33877,0.0859865,0.09,1,228948,228524,424
13736721,62.209,61.0905,425,33939,0.0523946,0.07,1,229016,228591,425
13739641,31.6418,33.0181,423,34001,0.0269578,0.05,1,229040,228617,423
13742561,28.7284,29.0036,423,34063,0.0527831,0.11,1,229068,228645,423
13748401,31.5491,32.3601,422,34187,0.0984453,0.05,1,229150,228728,422
13754241,22.382,6.41441,442,34311,0.0937513,0.07,1,229202,228760,442
13757161,30.0764,18.0829,453,34373,0.0555005,0.09,1,229234,228781,453
13760081,71.6153,27.6166,505,34435,0.0522002,0.03,1,229316,228811,505
13763001,22.3231,71.9233,432,34496,0.0628801,0.05,1,229326,228894,432
13765921,41.2646,23.1847,467,34557,0.043152,0.11,1,229372,228905,467
13768841,61.8529,39.0369,491,34618,0.0712608,0.03,1,229439,228948,491
13771761,32.3706,62.2074,448,34679,0.0945043,0.01,1,229464,229016,448
13774681,28.8741,31.6415,452,34740,0.0798017,0.07,1,229492,229040,452
13777601,51.3748,28.7283,481,34801,0.0739207,0.15,1,229549,229068,481
13780521,31.875,49.7457,453,34862,0.0715683,0.09,1,229576,229123,453
13818481,22.2029,30.375,448,35643,0.201264,0.13,1,230054,229606,448
13821401,6.04057,22.875,429,35702,0.206506,0.17,1,230056,229627,429
13824321,25.2081,27.775,430,35761,0.220602,0.15,1,230086,229656,430
13827241,71.4416,72.755,429,35820,0.250241,0.15,1,230169,229740,429
13830161,22.2883,22.551,429,35879,0.238096,0.13,1,230179,229750,429
13833081,38.8577,39.7102,428,35938,0.293239,0.15,1,230222,229794,428
13844761,52.1966,51.3595,431,36174,0.401635,0.19,1,230404,229973,431
13850601,31.8479,31.0144,432,36290,0.427862,0.21,1,230466,230034,432
13906081,69.3908,41.0976,524,37381,0.782242,0.61,2,231182,230658,524
13909001,36.2782,66.6195,479,37438,0.798897,0.63,2,231210,230731,479
13911921,30.4556,34.9239,481,37494,0.805559,0.65,2,231239,230758,481
13914841,52.4911,29.3848,511,37550,0.808223,0.69,2,231297,230786,511
13917761,36.0982,52.277,485,37606,0.809289,0.67,2,231329,230844,485
13920681,33.6196,36.8554,485,37662,0.809716,0.69,2,231362,230877,485
13923601,24.3239,32.9711,475,37718,0.821886,0.71,2,231384,230909,475
13926521,6.46479,23.3942,456,37774,0.826755,0.71,2,231386,230930,456
13929441,25.293,6.27884,484,37830,0.840702,0.71,2,231416,230932,484
13932361,76.2586,25.2558,543,37886,0.858281,0.73,2,231505,230962,543
13935281,23.2517,73.8512,467,37942,0.877312,0.73,2,231515,231048,467
13938201,44.6503,22.7702,507,37998,0.896925,0.75,2,231565,231058,507
14101721,42.0652,30.84,521,40996,0.802713,1,2,233643,233122,521
14128001,26.3388,29.8353,496,41455,0.409528,0.96,1,233951,233455,496
14142601,36.3156,42.0652,457,41710,0.404542,0.67,1,234100,233643,457
14148441,27.3726,26.1626,458,41812,0.404327,0.69,1,234170,233712,458
14154281,33.7349,36.7265,451,41912,0.416292,0.57,1,234230,233779,451
14157201,31.547,33.7453,449,41962,0.412517,0.55,1,234261,233812,449
14160121,44.7094,48.3491,445,42012,0.447007,0.45,1,234309,233864,445
14203921,35.4841,33.7419,445,42760,0.758322,0.47,2,234785,234340,445
14209761,22.2194,21.1897,447,42858,0.758531,0.51,2,234835,234388,447
14212681,46.8439,45.8379,448,42907,0.753413,0.49,2,234888,234440,448
14215601,12.5688,11.5676,449,42956,0.751365,0.63,2,234892,234443,449
14218521,27.3138,24.7135,452,43005,0.786546,0.63,2,234923,234471,452
14221441,31.0628,4.9427,484,43054,0.812618,0.63,2,234955,234471,484
14224361,38.2125,26.5885,492,43103,0.835047,0.69,2,234995,234503,492
14227281,42.8425,36.5177,497,43152,0.868019,0.69,2,235039,234542,497
14230201,27.7685,42.5035,477,43201,0.893208,0.65,2,235063,234586,477
14420001,42.6785,35.928,521,46270,0.877744,1,2,237187,236666,521
14422921,30.1357,39.1856,508,46316,0.813098,1,2,237214,236706,508
14425841,36.4271,27.0371,522,46362,0.763239,1,2,237252,236730,522
14449201,23.0576,31.0666,497,46722,0.410714,1,1,237475,236978,497
14472561,28.5588,36.4271,486,47082,0.426593,0.63,1,237738,237252,486
14478401,20.9824,22.5771,470,47172,0.415055,0.53,1,237774,237304,470
14481321,27.3965,22.9154,476,47217,0.436022,0.51,1,237803,237327,476
14484241,25.4793,26.9831,473,47262,0.408409,0.41,1,237828,237355,473
14490081,29.1792,40.4393,467,47352,0.440945,0.39,1,237892,237425,467
14493001,7.43583,31.2879,440,47397,0.434378,0.43,1,237894,237454,440
14563081,36.2675,34.3718,449,48453,0.765423,0.57,2,238601,238152,449
14566001,31.2535,31.6744,448,48496,0.816169,0.57,2,238631,238183,448
14568921,15.8507,15.9349,448,48539,0.812468,0.53,2,238643,238195,448
14571841,20.7701,20.787,448,48582,0.822987,0.53,2,238665,238217,448
14574761,26.554,26.5574,448,48625,0.839195,0.53,2,238693,238245,448
14577681,26.1108,26.1115,448,48668,0.845678,0.53,2,238719,238271,448
14580601,34.8222,34.0223,449,48711,0.860271,0.59,2,238756,238307,449
14583521,29.3644,29.2045,449,48754,0.842108,0.59,2,238784,238335,449
14586441,7.47289,7.44089,449,48797,0.858843,0.55,2,238786,238337,449
14589361,19.8946,19.8882,449,48840,0.829537,0.55,2,238809,238360,449
14592281,23.9789,3.97764,474,48883,0.829815,0.61,2,238834,238360,474
14595201,23.9958,20.7955,473,48926,0.829926,0.61,2,238858,238385,473
14598121,50.3992,23.3591,506,48969,0.86597,0.69,2,238915,238409,506
14601041,32.4798,47.0718,481,49012,0.892388,0.69,2,238943,238462,481
14808361,58.8406,46.1609,495,23899,0.412262,0.53,1,241233,240738,495
14814201,14.6736,30.1664,447,24076,0.405562,0.35,1,241274,240827,447
14855081,61.0102,60.1471,451,25280,0.782659,0.63,2,242127,241676,451
14858001,36.202,36.0294,451,25364,0.775064,0.63,2,242157,241706,451
14860921,16.8404,16.8059,451,25448,0.796025,0.63,2,242169,241718,451
14863841,83.3681,3.36118,551,25531,0.81641,0.65,2,242269,241718,551
14866761,88.6736,78.2722,544,25614,0.800564,0.73,2,242359,241815,544
14869681,60.1347,86.8545,508,25697,0.818226,0.75,2,242412,241904,508
14872601,66.4269,58.1709,525,25779,0.86129,0.73,2,242480,241955,525
15009841,40.8075,73.3486,514,29391,0.853455,1,2,245021,244507,514
15012761,28.1615,39.4697,508,29463,0.815382,1,2,245046,244538,508
15015681,60.8323,37.4939,540,29535,0.752153,1,2,245115,244575,540
15068241,44.1612,40.1927,455,30798,0.769564,0.71,2,245941,245486,455
15071161,22.4322,21.6385,455,30867,0.769826,0.71,2,245958,245503,455
15074081,58.8864,56.3277,458,30936,0.75793,0.67,2,246026,245568,458
15077001,87.7773,91.2655,453,31004,0.789172,0.69,2,246121,245668,453
15079921,39.1555,39.0531,454,31072,0.825669,0.67,2,246148,245694,454
15082841,40.6311,39.8106,455,31140,0.828268,0.71,2,246189,245734,455
15085761,53.7262,52.7621,456,31208,0.865307,0.67,2,246246,245790,456
15088681,12.3452,12.1524,456,31276,0.880123,0.67,2,246248,245792,456
15091601,28.069,2.43048,488,31344,0.862049,0.75,2,246280,245792,488
15094521,68.8138,26.0861,535,31412,0.86682,0.75,2,246359,245824,535
15097441,45.7628,68.4172,496,31479,0.856728,0.79,2,246399,245903,496
15100361,21.9526,44.0834,474,31546,0.864691,0.77,2,246415,245941,474
15220081,43.1256,36.091,491,34187,0.859715,1,2,248302,247811,491
15223001,32.6251,25.6182,498,34249,0.805886,1,2,248332,247834,498
15225921,29.725,5.12364,527,34311,0.760354,1,2,248361,247834,527
15228841,33.945,32.2247,523,34373,0.814142,1,2,248396,247873,523
15231761,72.389,38.4449,565,34435,0.751657,1,2,248478,247913,565
15269721,38.7307,52.0778,485,35224,0.752917,0.49,2,249010,248525,485
15272641,53.3461,41.6156,503,35284,0.763167,0.49,2,249067,248564,503
15275561,35.4692,54.7231,476,35344,0.755267,0.49,2,249098,248622,476
15278481,35.8938,36.5446,480,35404,0.788107,0.47,2,249134,248654,480
15281401,34.3788,32.9089,482,35464,0.813243,0.55,2,249168,248686,482
15284321,44.4758,33.7818,495,35524,0.835297,0.59,2,249215,248720,495
15287241,33.6952,42.7564,481,35584,0.856119,0.59,2,249246,248765,481
15290161,28.339,33.3513,477,35643,0.852448,0.61,2,249273,248796,477
15293081,7.26781,26.6703,454,35702,0.874979,0.69,2,249275,248821,454
15296001,31.0536,33.3341,456,35761,0.847992,0.67,2,249312,248856,456
15298921,67.0107,68.2668,455,35820,0.873197,0.77,2,249388,248933,455
15301841,47.8021,45.6534,458,35879,0.895279,0.77,2,249431,248973,458
15535441,59.149,45.5396,524,40320,0.885616,1,2,252517,251993,524
15547121,34.0722,50.3705,510,40528,0.861472,1,2,252662,252152,510
15550041,37.2144,41.2741,509,40580,0.842589,1,2,252700,252191,509
15552961,31.4429,24.2548,519,40632,0.847036,1,2,252730,252211,519
15555881,36.6886,29.651,526,40684,0.824814,1,2,252768,252242,526
15558801,37.7377,43.5302,517,40736,0.815926,1,2,252806,252289,517
15561721,32.3475,36.706,513,40788,0.80037,1,2,252837,252324,513
15564641,37.6695,28.1412,526,40840,0.770148,0.99,2,252876,252350,526
15567561,21.1339,41.6282,498,40892,0.794059,1,2,252893,252395,498
15570481,30.6268,30.7256,503,40944,0.779624,1,2,252926,252423,503
15576321,28.1051,59.149,497,41047,0.76194,1,2,253014,252517,497
15579241,28.821,31.0298,502,41098,0.754776,1,2,253043,252541,502
15611361,25.5019,30.6268,460,41659,0.759665,0.73,2,253386,252926,460
15614281,59.5004,60.5254,460,41710,0.753866,0.77,2,253454,252994,460
15617201,28.7001,28.1051,461,41761,0.787546,0.75,2,253475,253014,461
15620121,28.94,28.821,461,41812,0.813019,0.71,2,253504,253043,461
15623041,48.988,53.7642,455,41862,0.835207,0.67,2,253558,253103,455
15625961,25.7976,26.7528,455,41912,0.844083,0.71,2,253578,253123,455
15628881,38.7595,38.1506,456,41962,0.847633,0.69,2,253620,253164,456
15631801,27.7519,26.8301,457,42012,0.873053,0.73,2,253645,253188,457
15634721,35.1504,35.766,456,42062,0.871221,0.73,2,253682,253226,456
15637641,38.2301,37.5532,457,42112,0.894489,0.69,2,253721,253264,457
15836201,31.8189,36.8025,489,45396,0.874,1,2,255975,255486,489
15842041,39.5128,42.9121,493,45488,0.86584,1,2,256054,255561,493
15844961,35.9026,38.1824,491,45534,0.820336,1,2,256089,255598,491
15865401,20.1335,38.091,499,45856,0.284922,1,1,256325,255826,499
15868321,18.4267,34.8182,483,45902,0.251969,1,1,256343,255860,483
15871241,25.2853,25.3636,487,45948,0.214787,1,1,256370,255883,487
15877081,22.6114,19.4145,515,46040,0.285166,1,1,256421,255906,515
15880001,25.3223,34.2829,503,46086,0.288066,0.79,1,256447,255944,503
15882921,31.4645,31.6566,505,46132,0.265227,0.95,1,256480,255975,505
15885841,33.4929,37.5313,500,46178,0.256091,0.83,1,256514,256014,500
15888761,30.6986,39.5063,490,46224,0.240436,0.79,1,256544,256054,490
15891681,40.5397,35.9013,498,46270,0.258175,0.57,1,256587,256089,498
15894601,37.7079,46.3803,486,46316,0.27727,0.51,1,256624,256138,486
15897521,29.9416,41.276,474,46362,0.272908,0.47,1,256652,256178,474
15900441,27.5883,31.4552,472,46407,0.259163,0.41,1,256679,256207,472
15903361,32.7177,32.691,473,46452,0.265665,0.33,1,256713,256240,473
15906281,28.1435,35.3382,464,46497,0.292266,0.31,1,256740,256276,464
15923801,24.7514,22.6114,461,46767,0.426445,0.29,1,256882,256421,461
15926721,29.7503,25.3223,466,46812,0.440578,0.25,1,256913,256447,466
16008481,34.8398,32.415,449,48057,0.766258,0.53,2,257725,257276,449
16011401,8.56797,8.083,449,48101,0.780503,0.57,2,257727,257278,449
16014321,17.7136,18.4166,448,48145,0.786201,0.57,2,257747,257299,448
16017241,26.7427,25.2833,450,48189,0.788481,0.63,2,257776,257326,450
16020161,30.9485,29.8567,451,48233,0.813392,0.65,2,257808,257357,451
16023081,34.1897,33.1713,452,48277,0.859357,0.65,2,257843,257391,452
16026001,32.4379,30.6343,454,48321,0.889743,0.71,2,257875,257421,454
16263981,157.666,140.6,516,23451,0.214,1,1,260334,259818,516
16269821,69.0266,85.624,496,23631,0.09304,0.92,1,260470,259974,496
16272741,54.6053,48.3248,508,23721,0.091216,0.65,1,260521,260013,508
16275661,52.5211,74.465,479,23810,0.0664864,0.49,1,260573,260094,479
16278581,57.7042,54.093,489,23899,0.0805946,0.23,1,260632,260143,489
16281501,29.9408,66.0186,443,23988,0.0862378,0.23,1,260655,260212,443
16284421,20.3882,31.6037,438,24076,0.0884951,0.03,1,260673,260235,438
16290261,74.4155,74.7042,427,24252,0.0705592,0.03,1,260833,260406,427
16307781,21.7294,20.3872,426,24771,0.20072,0.11,1,261099,260673,426
16310701,73.9459,72.0774,428,24857,0.218288,0.05,1,261186,260758,428
16313621,71.5892,74.4155,424,24942,0.213315,0.13,1,261257,260833,424
16316541,65.5178,64.4831,426,25027,0.259326,0.15,1,261321,260895,426
16372021,61.4303,53.9874,512,26589,0.768384,0.57,2,262374,261862,512
16374941,29.8861,61.1975,471,26669,0.781354,0.57,2,262396,261925,471
16377861,23.5772,29.8395,471,26748,0.786542,0.55,2,262418,261947,471
16380781,75.1154,24.3679,536,26827,0.776617,0.59,2,262506,261970,536
16383701,77.4231,73.6736,528,26906,0.832647,0.65,2,262584,262056,528
16386621,17.0846,73.9347,456,26985,0.855059,0.69,2,262586,262130,456
16389541,63.4169,74.7869,456,27063,0.864023,0.75,2,262661,262205,456
16392461,55.8834,55.7574,459,27141,0.879609,0.75,2,262715,262256,459
16395381,55.1767,55.1515,459,27219,0.897844,0.79,2,262770,262311,459
16523861,32.0989,31.4438,490,30453,0.444053,1,1,265018,264528,490
16529701,42.884,41.5778,490,30591,0.221048,0.94,1,265122,264632,490
16535541,66.3554,65.6631,490,30729,0.0725677,1,1,265230,264740,490
16538461,37.2711,41.1326,485,30798,0.0470271,1,1,265260,264775,485
16541381,21.8542,33.8265,471,30867,0.0488108,0.93,1,265278,264807,471
16544301,50.7708,56.3653,467,30936,0.0255243,0.55,1,265336,264869,467
16547221,66.9542,82.4731,449,31004,0.0522097,0.45,1,265407,264958,449
16550141,31.7908,40.4946,442,31072,0.0628839,0.37,1,265430,264988,442
16553061,27.9582,32.0989,439,31140,0.0251536,0.25,1,265457,265018,439
16555981,52.7916,58.4198,433,31208,0.0880614,0.15,1,265516,265083,433
16558901,33.7583,42.884,423,31276,0.0412246,0.15,1,265545,265122,423
16561821,33.9517,8.57679,457,31344,0.0224898,0.03,1,265579,265122,457
16564741,66.7903,28.9154,498,31412,0.0509959,0.05,1,265654,265156,498
16567661,35.7581,64.9831,452,31479,0.0503984,0.03,1,265682,265230,452
16570581,21.5516,36.9966,440,31546,0.0261593,0.05,1,265700,265260,440
16579341,30.4764,66.952,444,31747,0.0844742,0.07,1,265851,265407,444
16582261,27.6953,31.7904,448,31814,0.0877897,0,1,265878,265430,448
16585181,53.5391,27.9581,481,31881,0.0771159,0.13,1,265938,265457,481
16588101,34.7078,52.7916,452,31947,0.0848463,0.01,1,265968,265516,452
16591021,34.1416,33.7583,457,32013,0.0639385,0.01,1,266002,265545,457
16593941,69.2283,33.9517,501,32079,0.0435754,0.07,1,266080,265579,501
16596861,34.6457,66.7903,452,32145,0.0354302,0.05,1,266106,265654,452
16599781,21.3291,35.7581,442,32211,0.0201721,0.01,1,266124,265682,442
16602701,51.4658,21.5516,483,32277,0.0740688,0.15,1,266183,265700,483
16605621,67.0932,49.9103,497,32343,0.0836275,0.11,1,266254,265757,497
16623141,68.1484,34.1416,500,32733,0.0772981,0.03,1,266502,266002,500
16626061,15.2297,69.2283,424,32798,0.0489192,0.03,1,266504,266080,424
16628981,23.0459,34.6457,423,32862,0.0495677,0.01,1,266529,266106,423
16631901,19.0092,21.3291,423,32926,0.0258271,0.11,1,266547,266124,423
16634821,54.2018,51.4658,427,32990,0.0403308,0.09,1,266610,266183,427
16637741,67.6404,67.0932,427,33054,0.0941323,0.13,1,266681,266254,427
16678621,55.5644,55.2611,427,33939,0.204626,0.17,1,267218,266791,427
16681541,36.7129,35.8522,428,34001,0.21985,0.17,1,267250,266822,428
16684461,32.9426,32.7704,428,34063,0.24994,0.17,1,267282,266854,428
16687381,64.1885,63.3541,429,34125,0.261976,0.13,1,267354,266925,429
16690301,14.4377,14.2708,429,34187,0.26679,0.19,1,267356,266927,429
16693221,22.0875,22.0542,429,34249,0.256716,0.19,1,267380,266951,429
16696141,15.6175,4.41083,443,34311,0.252686,0.17,1,267394,266951,443
16699061,56.7235,15.2822,492,34373,0.263075,0.13,1,267461,266969,492
16710741,57.326,25.8165,493,34618,0.436863,0.23,1,267648,267155,493
16766221,56.9578,58.3556,450,35761,0.753496,0.59,2,268346,267896,450
16769141,74.5916,73.2711,452,35820,0.751398,0.61,2,268425,267973,452
16774981,28.4237,28.3708,452,35938,0.769424,0.71,2,268476,268024,452
16777901,64.0847,60.0742,457,35997,0.78177,0.75,2,268549,268092,457
16780821,40.8169,40.0148,457,36056,0.798708,0.71,2,268584,268127,457
16783741,33.7634,33.603,457,36115,0.817483,0.71,2,268616,268159,457
16786661,65.1527,65.1206,457,36174,0.836993,0.71,2,268689,268232,457
16789581,14.6305,14.6241,457,36232,0.820797,0.73,2,268691,268234,457
16792501,24.5261,23.7248,458,36290,0.838319,0.73,2,268718,268260,458
16795421,16.1052,15.945,458,36348,0.821328,0.73,2,268732,268274,458
16798341,4.82104,4.78899,458,36406,0.814531,0.77,2,268734,268276,458
16801261,56.9642,56.9578,458,36464,0.847812,0.75,2,268804,268346,458
16804181,73.7928,74.5916,457,36522,0.873125,0.73,2,268882,268425,457
16944341,33.7322,22.33,522,39202,0.874576,1,2,270737,270215,522
16961861,44.0482,46.3185,483,39526,0.240197,1,1,270956,270473,483
16967701,60.3219,65.0527,478,39632,0.0828316,0.9,1,271058,270580,478
16970621,35.2644,38.6105,475,39685,0.0631326,0.93,1,271087,270612,475
16973541,28.6529,32.5221,471,39738,0.031253,0.95,1,271114,270643,471
16976461,26.5306,27.3044,471,39791,0.0425012,0.99,1,271140,270669,471
16979381,31.7061,32.6609,470,39844,0.0350005,0.81,1,271173,270703,470
16982301,30.3412,33.7322,466,39897,0.0440002,0.61,1,271203,270737,466
16985221,33.2682,42.7464,455,39950,0.0596001,0.57,1,271237,270782,455
16988141,28.2536,34.1493,450,40003,0.06584,0.43,1,271264,270814,450
16991061,20.8507,26.0299,445,40056,0.080336,0.45,1,271283,270838,445
16993981,16.1701,21.206,440,40109,0.0861344,0.45,1,271298,270858,440
16996901,41.634,4.24119,488,40162,0.0644538,0.31,1,271346,270858,488
16999821,39.5268,44.8482,472,40215,0.0437815,0.15,1,271385,270913,472
17002741,33.5054,43.3696,461,40268,0.0835126,0.11,1,271417,270956,461
17005661,56.3011,37.4739,487,40320,0.051405,0.03,1,271479,270992,487
17008581,34.4602,60.2948,450,40372,0.050562,0.05,1,271508,271058,450
17011501,28.492,35.259,448,40424,0.0502248,0.01,1,271535,271087,448
17014421,26.4984,28.6518,447,40476,0.0620899,0.05,1,271561,271114,447
17017341,31.6997,26.5304,454,40528,0.078836,0.03,1,271594,271140,454
17020261,31.9399,31.7061,453,40580,0.0855344,0.05,1,271626,271173,453
17023181,34.388,30.3412,458,40632,0.0882137,0.07,1,271661,271203,458
17064061,28.421,34.388,452,41353,0.217619,0.13,1,272113,271661,452
17066981,23.2842,26.8776,449,41404,0.225047,0.11,1,272135,271686,449
17069901,15.8568,22.1755,442,41455,0.228019,0.15,1,272149,271707,442
17072821,41.5714,15.6351,476,41506,0.241208,0.11,1,272197,271721,476
17075741,9.91427,43.127,428,41557,0.246483,0.13,1,272199,271771,428
17078661,31.5829,37.4254,429,41608,0.260593,0.15,1,272236,271807,429
17081581,33.5166,34.6851,429,41659,0.266237,0.19,1,272270,271841,429
17110781,15.8966,15.8568,433,42162,0.40198,0.25,1,272582,272149,433
17113701,42.3793,41.5714,434,42212,0.406792,0.25,1,272631,272197,434
17122461,33.683,33.5166,435,42362,0.437155,0.35,1,272705,272270,435
17128301,32.7073,33.6607,437,42462,0.440745,0.33,1,272797,272360,437
17131221,27.3415,26.7321,438,42512,0.446298,0.37,1,272823,272385,438
17198381,10.4931,42.5391,453,43640,0.751695,0.65,2,273524,273071,453
17201301,32.4986,10.1078,489,43688,0.762678,0.61,2,273562,273073,489
17204221,33.6997,34.0216,483,43736,0.779071,0.57,2,273596,273113,483
17207141,60.3399,34.0043,516,43784,0.773628,0.59,2,273663,273147,516
17210061,32.868,59.6009,476,43832,0.795451,0.59,2,273689,273213,476
17212981,28.1736,32.7202,477,43880,0.816181,0.57,2,273716,273239,477
17215901,29.6347,28.144,480,43928,0.836472,0.59,2,273746,273266,480
17218821,37.1269,29.6288,489,43976,0.832589,0.61,2,273785,273296,489
17221741,34.6254,36.3258,485,44024,0.843036,0.61,2,273819,273334,485
17224661,36.5251,34.4652,488,44072,0.895214,0.65,2,273856,273368,488
17453881,74.1353,85.8998,472,22285,0.444607,0.49,1,276505,276033,472
17497681,60.2414,72.7433,510,23672,0.771728,0.69,2,277457,276947,510
17500601,55.2483,58.5487,509,23762,0.794691,0.67,2,277511,277002,509
17503521,27.8497,55.7097,475,23851,0.827877,0.71,2,277532,277057,475
17506441,79.1699,26.3419,548,23940,0.829151,0.69,2,277624,277076,548
17509361,17.434,78.8684,458,24029,0.85366,0.73,2,277626,277168,458
17608641,42.1866,71.2707,518,26866,0.826,1,2,279653,279135,518
17617401,61.2015,69.6902,488,27102,0.223504,1,1,279827,279339,488
17623241,39.4081,38.6276,487,27258,0.0477606,1,1,279918,279431,487
17626161,67.0816,73.3255,479,27336,0.0491043,1,1,279992,279513,479
17629081,35.0163,38.6651,476,27413,0.0196417,0.85,1,280019,279543,476
17632001,57.4033,66.933,465,27490,0.0258567,0.77,1,280082,279617,465
17634921,33.8807,42.1866,457,27567,0.0763427,0.59,1,280110,279653,457
17637841,33.9761,38.0373,454,27644,0.0725371,0.35,1,280144,279690,454
17640761,55.5952,70.0075,437,27721,0.0950148,0.05,1,280205,279768,437
17649521,41.2448,39.4081,426,27949,0.0401609,0.05,1,280344,279918,426
17652441,64.249,67.0816,422,28025,0.0700644,0,1,280414,279992,422
17655361,36.0498,35.0163,424,28101,0.0340258,0.03,1,280443,280019,424
17658281,56.81,57.4033,423,28176,0.0136103,0.11,1,280505,280082,423
17661201,36.162,33.8807,426,28251,0.0234441,0.07,1,280536,280110,426
17664121,31.2324,33.9761,422,28326,0.0393776,0.11,1,280566,280144,422
17667041,58.2465,55.5952,426,28401,0.0457511,0.11,1,280631,280205,426
17669961,46.8493,11.119,470,28476,0.0603004,0.13,1,280675,280205,470
17672881,51.7699,38.2238,478,28550,0.0541202,0.09,1,280728,280250,478
17675801,39.954,52.4448,459,28624,0.0216481,0,1,280765,280306,459
17678721,65.5908,40.889,493,28698,0.0266592,0.09,1,280837,280344,493
17681641,34.7182,64.1778,450,28772,0.0646637,0.01,1,280864,280414,450
17684561,56.5436,36.0356,483,28846,0.0318655,0,1,280926,280443,483
17687481,36.9087,56.8071,453,28919,0.0427462,0.03,1,280958,280505,453
17690401,30.5817,36.1614,451,28992,0.0470985,0.05,1,280987,280536,451
17693321,60.5164,31.2323,489,29065,0.0368394,0.05,1,281055,280566,489
17696241,47.3033,58.2465,468,29138,0.0447358,0.07,1,281099,280631,468
17699161,51.0607,46.8493,476,29211,0.0718943,0.05,1,281151,280675,476
17702081,39.8121,51.7699,460,29283,0.0707577,0,1,281188,280728,460
17705001,66.3624,39.954,496,29355,0.0463031,0.03,1,281261,280765,496
17707921,34.8725,65.5908,451,29427,0.0245212,0.09,1,281288,280837,451
17710841,54.9745,34.7182,484,29499,0.0518085,0.01,1,281348,280864,484
17713761,38.1949,56.5436,456,29571,0.0507234,0.05,1,281382,280926,456
17716681,30.039,36.9087,452,29643,0.0742894,0.05,1,281410,280958,452
17719601,59.6078,30.5817,490,29714,0.0717157,0.03,1,281477,280987,490
17722521,47.9216,60.5164,467,29785,0.0946863,0.05,1,281522,281055,467
17745881,30.4922,30.039,426,30349,0.220434,0.07,1,281836,281410,426
17748801,58.8984,59.6078,425,30419,0.274173,0.11,1,281902,281477,425
17751721,49.3797,47.9216,427,30489,0.283669,0.11,1,281949,281522,427
17754641,11.4759,11.1843,427,30558,0.287468,0.17,1,281951,281524,427
17769241,59.0117,54.305,432,30903,0.416233,0.19,1,282203,281771,432
17772161,41.4023,40.461,432,30971,0.424493,0.25,1,282240,281808,432
17775081,30.6805,30.4922,432,31039,0.403797,0.31,1,282268,281836,432
17783841,11.7334,11.4759,436,31243,0.417763,0.31,1,282387,281951,436
17786761,47.1467,46.2952,437,31311,0.437105,0.31,1,282443,282006,437
17789681,38.2293,9.25904,473,31379,0.444842,0.37,1,282479,282006,473
17845161,50.4186,12.1807,511,32635,0.757709,0.67,2,283340,282829,511
17848081,38.8837,48.0361,490,32700,0.801084,0.67,2,283376,282886,490
17851001,65.3767,38.4072,526,32765,0.830433,0.69,2,283448,282922,526
17853921,14.6753,64.4814,457,32830,0.842173,0.71,2,283450,282993,457
17856841,26.9351,36.8963,457,32894,0.846869,0.65,2,283480,283023,457
17859761,58.187,62.5793,454,32958,0.872748,0.69,2,283546,283092,454
18070001,37.64,25.3256,541,37294,0.889206,1,2,286558,286017,541
18072921,35.528,55.4651,513,37351,0.853683,1,2,286593,286080,513
18075841,37.5056,42.293,512,37408,0.839473,1,2,286631,286119,512
18078761,45.9011,34.8586,527,37464,0.857789,1,2,286679,286152,527
18081681,35.5802,49.3717,507,37520,0.865116,1,2,286712,286205,507
18084601,63.116,40.2743,539,37576,0.856046,1,2,286782,286243,539
18087521,36.6232,61.6549,502,37632,0.864419,1,2,286812,286310,502
18090441,29.7246,40.331,495,37688,0.855767,1,2,286840,286345,495
18093361,42.7449,28.8662,515,37744,0.816307,0.99,2,286886,286371,515
18096281,36.549,44.9732,501,37800,0.836523,1,2,286921,286420,501
18099201,30.5098,36.9946,495,37856,0.832609,0.91,2,286950,286455,495
18102121,33.302,32.9989,497,37912,0.795044,0.95,2,286984,286487,497
18105041,38.6604,32.1998,505,37968,0.816017,0.85,2,287024,286519,505
18107961,35.7321,37.64,501,38024,0.812407,0.83,2,287059,286558,501
18110881,34.3464,35.528,500,38080,0.798963,0.83,2,287093,286593,500
18113801,45.2693,37.5056,510,38135,0.793585,0.87,2,287141,286631,510
18119641,64.8508,35.5802,535,38245,0.771374,0.85,2,287247,286712,535
18122561,33.7702,63.116,491,38300,0.758549,0.87,2,287273,286782,491
18125481,29.154,36.6232,489,38355,0.77742,0.85,2,287301,286812,489
18128401,42.6308,29.7246,507,38410,0.808968,0.79,2,287347,286840,507
18131321,37.3262,42.7449,497,38465,0.821587,0.85,2,287383,286886,497
18134241,29.0652,36.549,489,38520,0.850635,0.83,2,287410,286921,489
18137161,32.213,30.5098,493,38575,0.850254,0.77,2,287443,286950,493
18140081,8.04261,33.302,461,38630,0.850102,0.83,2,287445,286984,461
18143001,34.4085,38.6604,462,38685,0.886041,0.81,2,287486,287024,462
18324041,39.1694,54.9294,488,41935,0.887501,1,2,289775,289287,488
18326961,37.4339,28.5859,503,41985,0.865001,1,2,289812,289309,503
18329881,35.4868,35.3172,501,42035,0.832,1,2,289847,289346,501
18332801,27.8974,36.6634,490,42085,0.8428,0.92,2,289873,289383,490
18335721,20.7795,27.3327,484,42135,0.83512,1,2,289892,289408,484
18338641,44.9559,38.2665,494,42185,0.820048,1,2,289943,289449,494
18341561,28.9912,39.6533,479,42235,0.802019,0.97,2,289968,289489,479
18344481,32.1982,33.5307,480,42285,0.806808,1,2,290001,289521,480
18347401,20.0396,21.1061,479,42335,0.820723,1,2,290018,289539,479
18350321,30.4079,28.2212,482,42385,0.850289,1,2,290051,289569,482
18353241,31.6816,36.8442,475,42435,0.862116,0.99,2,290083,289608,475
18686121,37.584,37.0656,492,47767,0.87789,1,2,293799,293307,492
18689041,31.5168,31.4131,492,47811,0.867156,1,2,293829,293337,492
18691961,31.1034,27.8826,496,47855,0.820862,1,2,293860,293364,496
18779561,31.9455,31.6366,484,49159,0.790296,0.65,2,294715,294231,484
18782481,30.3891,32.7273,481,49202,0.814118,0.67,2,294745,294264,481
18785401,27.6778,28.1455,481,49245,0.811647,0.67,2,294772,294291,481
18788321,34.3356,27.2291,490,49288,0.810659,0.67,2,294808,294318,490
18791241,27.6671,34.2458,480,49331,0.810264,0.67,2,294834,294354,480
18794161,24.7334,27.6492,478,49374,0.822105,0.63,2,294858,294380,478
18797081,28.9467,26.3298,482,49417,0.886842,0.69,2,294888,294406,482
19090541,63.7865,72.416,447,24871,0.760255,0.49,2,298013,297566,447
19093461,73.5573,74.4832,448,24956,0.790102,0.63,2,298089,297641,448
19096381,57.1115,53.2966,453,25041,0.814041,0.59,2,298142,297689,453
19099301,69.8223,68.2593,454,25126,0.811616,0.65,2,298215,297761,454
19102221,56.3645,54.4519,456,25210,0.846646,0.75,2,298268,297812,456
19105141,74.4729,73.2904,457,25294,0.860659,0.69,2,298347,297890,457
19108061,34.0946,34.6581,456,25378,0.866263,0.73,2,298371,297915,456
19110981,28.4189,26.9316,458,25461,0.856505,0.73,2,298398,297940,458
19113901,64.0838,5.38632,531,25544,0.876602,0.79,2,298471,297940,531
19306621,74.9955,72.5855,497,30534,0.895155,1,2,302026,301529,497
19309541,40.5991,39.3171,498,30603,0.868062,1,2,302058,301560,498
19312461,25.7198,36.6634,484,30672,0.857225,1,2,302080,301596,484
19315381,72.344,74.5327,484,30741,0.87689,1,2,302164,301680,484
19321221,29.1338,29.0613,473,30879,0.873502,0.99,2,302212,301739,473
19426341,74.4773,71.6444,492,33256,0.885926,1,2,303917,303425,492
19429261,41.2955,41.5289,491,33320,0.828371,1,2,303950,303459,491
19438021,38.8264,36.5882,485,33509,0.420936,0.97,1,304077,303592,485
19443861,36.4331,29.4635,496,33635,0.28215,1,1,304143,303647,496
19446781,35.2866,40.2927,488,33698,0.23886,1,1,304178,303690,488
19452621,62.2115,69.9317,477,33824,0.0778176,1,1,304278,303801,477
19455541,36.4423,40.3863,474,33887,0.085127,0.81,1,304308,303834,474
19458461,63.2885,74.4773,461,33949,0.0520508,0.79,1,304378,303917,461
19461381,39.0577,41.2955,461,34011,0.0628203,0.67,1,304411,303950,461
19464301,23.8115,30.6591,453,34073,0.0431281,0.39,1,304431,303978,453
19467221,51.1623,58.1318,446,34135,0.0592513,0.35,1,304489,304043,446
19470141,31.0325,38.8264,438,34197,0.0417005,0.27,1,304515,304077,438
19473061,22.2065,30.1653,430,34259,0.0586802,0.27,1,304535,304105,430
19475981,36.4413,6.03305,470,34321,0.0414721,0.25,1,304575,304105,470
19478901,33.6883,31.6066,465,34383,0.0705888,0.21,1,304608,304143,465
19481821,24.3377,34.3213,452,34444,0.0822355,0.09,1,304630,304178,452
19490581,62.2107,36.4346,492,34627,0.0856631,0.03,1,304800,304308,492
19493501,40.4421,63.2869,457,34688,0.0522652,0.07,1,304835,304378,457
19496421,22.4884,39.0574,442,34749,0.0509061,0.03,1,304853,304411,442
19499341,50.8977,23.8115,480,34810,0.0743624,0.07,1,304911,304431,480
19502261,30.9795,51.1623,448,34871,0.083745,0.03,1,304937,304489,448
19505181,23.7959,31.0325,444,34932,0.099498,0.07,1,304959,304515,444
19513941,23.3584,33.6883,447,35113,0.210128,0.09,1,305055,304608,447
19516861,63.8717,24.3377,499,35173,0.258051,0.15,1,305129,304630,499
19519781,36.7743,63.2675,456,35233,0.25322,0.15,1,305159,304703,456
19522701,58.5549,35.0535,492,35293,0.275288,0.05,1,305223,304731,492
19525621,38.911,62.2107,457,35353,0.296115,0.03,1,305257,304800,457
19557741,59.9248,58.5549,436,36005,0.417198,0.31,1,305659,305223,436
19627821,67.4131,36.3717,525,37389,0.755596,0.71,2,306557,306032,525
19630741,43.0826,64.0743,491,37446,0.788238,0.69,2,306594,306103,491
19633661,24.6165,42.4149,474,37502,0.813295,0.67,2,306614,306140,474
19636581,53.7233,24.483,515,37558,0.823318,0.71,2,306675,306160,515
19639501,31.5447,53.6966,480,37614,0.827327,0.71,2,306701,306221,480
19642421,23.9089,31.5393,476,37670,0.828931,0.69,2,306723,306247,476
19645341,43.1818,24.7079,501,37726,0.841572,0.71,2,306771,306270,501
19648261,10.2364,40.9416,458,37782,0.846629,0.71,2,306773,306315,458
19651181,32.4473,9.78831,494,37838,0.860652,0.73,2,306811,306317,494
19654101,22.4895,33.1577,475,37894,0.878261,0.69,2,306831,306356,475
19794261,41.0284,32.6698,512,40482,0.88,1,2,308668,308156,512
19797181,36.2057,36.134,510,40534,0.778,1,2,308703,308193,510
19811781,32.7809,31.1002,507,40794,0.422562,1,1,308872,308365,507
19817621,34.2712,53.244,500,40898,0.27041,1,1,308950,308450,500
19823461,40.7308,30.7698,519,41002,0.0660656,1,1,309032,308513,519
19826381,31.3462,44.554,500,41053,0.0564262,1,1,309061,308561,500
19829301,35.0692,33.7108,505,41104,0.0645705,1,1,309097,308592,505
19832221,35.8138,33.1422,508,41155,0.0438282,0.8,1,309133,308625,508
19835141,31.9628,41.0284,496,41206,0.0715313,0.71,1,309164,308668,496
19838061,24.7926,36.2057,484,41257,0.0466125,0.67,1,309187,308703,484
19840981,28.1585,32.0411,482,41308,0.048645,0.61,1,309216,308734,482
19843901,32.8317,33.6082,482,41359,0.061458,0.53,1,309250,308768,482
19846821,29.7663,35.5216,475,41410,0.0425832,0.45,1,309279,308804,475
19849741,33.9533,35.9043,474,41461,0.0230333,0.37,1,309314,308840,474
19852661,32.3907,32.7809,474,41512,0.0392133,0.27,1,309346,308872,474
19855581,8.07813,43.3562,430,41563,0.0216853,0.23,1,309348,308918,430
19858501,23.2156,34.2712,425,41614,0.0746741,0.07,1,309375,308950,425
19861421,36.6431,39.6542,424,41665,0.0838697,0.01,1,309415,308991,424
19864341,40.9286,40.7308,425,41716,0.0335479,0.05,1,309457,309032,425
19867261,31.3857,31.3462,425,41767,0.0314191,0.07,1,309486,309061,425
19870181,35.8771,35.0692,426,41818,0.0665677,0.03,1,309523,309097,426
19884781,32.1011,32.8317,423,42068,0.205478,0.03,1,309673,309250,423
19902301,37.5992,36.6431,426,42368,0.214843,0,1,309841,309415,426
19905221,37.9198,40.9286,422,42418,0.211937,0.03,1,309879,309457,422
19957781,34.0614,37.1292,459,43305,0.211125,0.09,1,310445,309986,459
19960701,25.2123,33.8258,449,43354,0.21045,0.15,1,310468,310019,449
19963621,28.2425,25.1652,455,43403,0.21018,0.13,1,310497,310042,455
19966541,32.8485,27.433,461,43452,0.234072,0.13,1,310531,310070,461
19969461,27.3697,32.6866,453,43501,0.255629,0.13,1,310557,310104,453
19972381,35.8739,27.3373,465,43550,0.264252,0.17,1,310595,310130,465
19975301,32.7748,35.8675,459,43598,0.267701,0.19,1,310627,310168,459
19978221,8.15496,31.9735,430,43646,0.26908,0.15,1,310629,310199,430
19981141,25.631,7.9947,458,43694,0.281632,0.19,1,310659,310201,458
19992821,36.521,29.6768,467,43886,0.416218,0.19,1,310803,310336,467
19995741,39.3042,35.5354,470,43934,0.412487,0.19,1,310843,310373,470
19998661,33.4608,38.3071,463,43982,0.446995,0.23,1,310875,310412,463
20054141,29.7126,28.3671,451,44884,0.769571,0.61,2,311442,310991,451
20057061,37.9425,36.0734,453,44931,0.793828,0.63,2,311482,311029,453
20059981,33.1885,32.8147,453,44978,0.803531,0.63,2,311514,311061,453
20062901,8.2377,8.16294,453,45025,0.807413,0.63,2,311516,311063,453
20065821,25.6475,27.2326,451,45072,0.808965,0.61,2,311546,311095,451
20068741,40.3295,39.8465,452,45119,0.845586,0.61,2,311590,311138,452
20071661,38.4659,38.3693,452,45166,0.848234,0.61,2,311628,311176,452
20074581,9.29318,9.27386,452,45213,0.849294,0.61,2,311630,311178,452
20077501,26.6586,25.8548,453,45260,0.897718,0.63,2,311661,311208,453
20083341,39.3063,39.9142,453,45354,0.896035,0.65,2,311740,311287,453
20097941,31.5134,29.7126,460,45584,0.874279,0.81,2,311902,311442,460
20100861,39.9027,37.9425,462,45630,0.871712,0.81,2,311944,311482,462
20287741,37.0541,34.4912,498,48500,0.848917,1,2,313933,313435,498
20290661,33.8108,30.8982,501,48543,0.777567,1,2,313966,313465,501
20311101,28.5781,28.5674,514,48844,0.402632,1,1,314172,313658,514
20314021,16.1156,5.71348,527,48887,0.443053,1,1,314185,313658,527
20316941,14.4231,29.1427,506,48930,0.411221,0.95,1,314199,313693,506
20319861,22.8846,25.0285,507,48973,0.410488,1,1,314224,313717,507
20322781,27.7769,29.8057,505,49016,0.434195,1,1,314253,313748,505
20325701,35.9554,34.7611,507,49059,0.431678,1,1,314291,313784,507
20328621,30.3911,35.7522,500,49102,0.430671,0.94,1,314320,313820,500
20331541,39.6782,30.3504,513,49145,0.430269,0.87,1,314362,313849,513
20398701,25.1675,24.9462,469,50121,0.793485,0.53,2,315003,314534,469
20401621,27.4335,24.1892,473,50163,0.815394,0.53,2,315031,314558,473
20404541,26.2867,27.2378,471,50205,0.824158,0.51,2,315057,314586,471
20407461,14.8573,27.0476,456,50247,0.827663,0.47,2,315069,314613,456
20410381,14.1715,15.0095,458,50289,0.829065,0.47,2,315083,314625,458
20413301,4.43429,14.2019,446,50331,0.829626,0.49,2,315085,314639,446
20416221,23.2869,23.6404,448,50373,0.85385,0.61,2,315113,314665,448
20419141,32.6574,29.5281,452,50415,0.89954,0.59,2,315148,314696,452
20673181,440.308,458.491,506,24820,0.43,1,1,318083,317577,506
20722821,57.8265,38.2279,487,24905,0.0724,0.39,1,318260,317773,487
20725741,62.7653,78.0456,463,24990,0.07096,0.13,1,318324,317861,463
20728661,74.9531,71.6091,471,25075,0.046384,0.05,1,318402,317931,471
20731581,38.9906,67.9218,434,25160,0.0485536,0.03,1,318432,317998,434
20734501,40.5981,38.3844,444,25244,0.0374214,0.05,1,318473,318029,444
20737421,34.5196,38.0769,439,25328,0.0329686,0.09,1,318506,318067,439
20740341,38.1039,37.2154,441,25412,0.0431874,0.03,1,318545,318104,441
20743261,67.6208,48.2431,465,25495,0.083275,0.05,1,318620,318155,465
20746181,63.9242,49.6486,478,25578,0.03931,0.05,1,318683,318205,478
20749101,66.3848,53.9297,490,25661,0.057724,0.07,1,318750,318260,490
20752021,71.677,61.9859,499,25744,0.0650896,0.03,1,318823,318324,499
20754941,38.3354,74.7972,451,25826,0.0920358,0.05,1,318853,318402,451
20772461,67.4485,63.9241,491,26315,0.224143,0.07,1,319174,318683,491
20775381,72.6897,66.3848,498,26396,0.287657,0.07,1,319248,318750,498
20798741,60.4036,67.4485,435,27032,0.440517,0.33,1,319609,319174,435
20854221,77.3685,12.5733,528,28484,0.763833,0.63,2,320581,320053,528
20857141,39.4737,64.9147,480,28558,0.767533,0.65,2,320611,320131,480
20860061,44.6947,36.1829,497,28632,0.781013,0.67,2,320657,320160,497
20862981,37.7389,43.2366,488,28706,0.798405,0.65,2,320693,320205,488
20865901,41.9478,38.2473,494,28780,0.829362,0.63,2,320736,320242,494
20868821,71.5896,40.4495,532,28854,0.865745,0.65,2,320815,320283,532
20968101,47.9861,37.446,498,31251,0.8788,1,2,322518,322020,498
20971021,31.1972,28.2892,499,31319,0.80152,1,2,322545,322046,499
20982701,58.6675,31.3413,552,31588,0.446903,1,1,322704,322152,552
20985621,82.1335,76.6683,552,31655,0.244761,1,1,322792,322240,552
20991461,38.0053,34.2667,522,31789,0.0955618,1,1,322857,322335,522
20994381,75.6011,43.6533,561,31856,0.0682247,0.87,1,322942,322381,561
20997301,42.3202,87.9307,496,31922,0.0452899,0.85,1,322976,322480,496
21000221,27.664,47.9861,482,31988,0.036116,0.75,1,323000,322518,482
21003141,31.9328,31.1972,488,32054,0.0324464,0.71,1,323033,322545,488
21006061,27.1866,33.4394,480,32120,0.0789786,0.67,1,323059,322579,480
21008981,23.8373,30.6879,473,32186,0.0975914,0.57,1,323082,322609,473
21017741,35.2947,82.1335,451,32383,0.215286,0.11,1,323243,322792,451
21020661,35.8589,38.0267,460,32448,0.212114,0.05,1,323279,322819,460
21046941,74.4,72.4735,432,33030,0.22888,0.25,1,323649,323217,432
21049861,35.68,35.2947,432,33094,0.253552,0.21,1,323675,323243,432
21052781,35.136,35.8589,431,33158,0.275421,0.13,1,323710,323279,431
21055701,72.6272,75.1718,428,33222,0.296168,0.15,1,323792,323364,428
21058621,39.3254,42.2344,425,33286,0.292467,0.09,1,323823,323398,425
21061541,28.6651,28.4469,426,33350,0.290987,0.13,1,323849,323423,426
21076141,53.9522,52.0001,431,33665,0.41673,0.27,1,324000,323569,431
21079061,76.3904,74.4,433,33728,0.436692,0.27,1,324082,323649,433
21081981,36.8781,35.68,434,33791,0.444677,0.29,1,324109,323675,434
21084901,37.7756,35.136,437,33854,0.423871,0.31,1,324147,323710,437
21087821,73.1551,72.6272,437,33916,0.439548,0.29,1,324229,323792,437
21090741,38.631,39.3254,436,33978,0.433819,0.29,1,324259,323823,436
21146221,36.9103,76.7112,474,35141,0.761419,0.53,2,324997,324523,474
21149141,38.5821,36.9422,486,35201,0.802568,0.53,2,325036,324550,486
21152061,74.1164,37.7884,531,35261,0.831027,0.57,2,325119,324588,531
21154981,38.8233,73.1577,479,35321,0.842411,0.55,2,325149,324670,479
21157901,29.3647,39.4315,475,35381,0.858964,0.55,2,325176,324701,475
21160821,37.0729,28.6863,488,35441,0.853586,0.57,2,325215,324727,488
21163741,9.01459,36.1373,452,35501,0.851434,0.59,2,325217,324765,452
21166661,25.0029,8.82745,479,35561,0.838574,0.57,2,325246,324767,479
21169581,25.8006,24.9655,476,35620,0.83343,0.59,2,325272,324796,476
21172501,57.1601,25.7931,515,35679,0.843372,0.63,2,325337,324822,515
21175421,13.032,54.7586,455,35738,0.883349,0.79,2,325339,324884,455
21318501,58.0424,29.66,546,38528,0.786936,1,2,327330,326784,546
21336021,34.2109,32.4243,494,38857,0.260544,1,1,327564,327070,494
21338941,22.0422,32.0849,481,38911,0.290217,0.97,1,327583,327102,481
21341861,21.2084,26.417,477,38965,0.266087,1,1,327604,327127,477
21344781,34.6417,28.4834,486,39019,0.232435,1,1,327642,327156,486
21347701,23.7283,27.2967,480,39073,0.242974,0.97,1,327663,327183,480
21359381,32.6524,41.2085,448,39289,0.200668,0.55,1,327815,327367,448
21373981,33.5119,34.2109,432,39558,0.210346,0.31,1,327996,327564,432
21376901,23.5024,22.0422,434,39611,0.222138,0.25,1,328017,327583,434
21379821,19.9005,21.2084,432,39664,0.214855,0.21,1,328036,327604,432
21382741,32.7801,34.6417,430,39717,0.223942,0.25,1,328072,327642,430
21385661,21.756,23.7283,428,39770,0.239577,0.17,1,328091,327663,428
21388581,34.7512,33.5457,430,39823,0.269831,0.17,1,328129,327699,430
21391501,30.9502,32.3091,428,39876,0.281932,0.19,1,328159,327731,428
21394421,52.59,51.2618,430,39929,0.286773,0.21,1,328217,327787,430
21400261,25.1436,24.9305,431,40035,0.294284,0.15,1,328269,327838,431
21406101,59.0857,5.79722,496,40141,0.288285,0.17,1,328364,327868,496
21409021,34.2171,53.1594,459,40194,0.289314,0.19,1,328392,327933,459
21438221,25.8479,33.718,458,40715,0.403459,0.29,1,328704,328246,458
21441141,27.5696,25.1436,463,40767,0.407384,0.33,1,328732,328269,463
21444061,58.3139,27.4287,501,40819,0.420954,0.27,1,328798,328297,501
21493701,24.1919,23.4745,453,41690,0.797703,0.63,2,329338,328885,453
21496621,20.8384,20.6949,453,41741,0.817081,0.63,2,329358,328905,453
21499541,34.5677,34.539,453,41792,0.824833,0.63,2,329396,328943,453
21502461,22.9135,22.9078,453,41843,0.839933,0.63,2,329416,328963,453
21505381,35.7827,34.9816,454,41893,0.869973,0.65,2,329455,329001,454
21760881,172.203,154.446,502,21270,0.2092,0.93,1,332437,331935,502
21772561,58.1315,64.1703,462,21666,0.0970835,0.19,1,332709,332247,462
21775481,29.2263,47.2341,441,21764,0.0808334,0.17,1,332731,332290,441
21801761,91.272,5.00816,536,22626,0.242949,0.25,1,333291,332755,536
21810521,53.1782,65.0001,477,22906,0.410349,0.17,1,333502,333025,477
21813441,57.0356,53,485,22999,0.43414,0.13,1,333560,333075,485
21868921,21.4704,20.9837,453,24690,0.756405,0.69,2,334625,334172,453
21871841,90.6941,89.7967,454,24776,0.776562,0.69,2,334733,334279,454
21874761,67.7388,67.5593,454,24862,0.796625,0.67,2,334795,334341,454
21877681,54.3478,55.1119,453,24947,0.81665,0.65,2,334846,334393,453
21880601,59.6696,59.0224,454,25032,0.87266,0.69,2,334907,334453,454
21988641,98.7721,102.151,475,27992,0.844711,1,2,336985,336510,475
21991561,54.1544,45.2302,487,28068,0.775884,1,2,337028,336541,487
22017841,53.515,98.7253,502,28739,0.794674,0.73,2,337487,336985,502
22020761,65.103,54.1451,527,28813,0.85187,0.67,2,337555,337028,527
22023681,69.8206,72.429,521,28886,0.886748,0.67,2,337626,337105,521
22184281,34.4548,32.5382,512,32670,0.864339,1,2,340232,339720,512
22187201,35.691,35.3076,512,32735,0.771735,1,2,340268,339756,512
22201801,50.2361,47.1998,492,33056,0.0719634,1,1,340530,340038,492
22204721,36.4472,46.24,479,33120,0.0347853,1,1,340563,340084,479
22207641,32.0894,34.848,478,33184,0.0319141,1,1,340594,340116,478
22210561,44.0179,49.3696,472,33248,0.0187657,0.91,1,340641,340169,472
22213481,22.4036,32.2739,461,33312,0.0135063,0.81,1,340658,340197,461
22216401,31.6807,34.4548,460,33375,0.0234025,0.71,1,340692,340232,460
22219321,27.9361,35.691,451,33438,0.027361,0.63,1,340719,340268,451
22222241,28.7872,33.5382,447,33501,0.0529444,0.41,1,340748,340301,447
22225161,29.7574,39.5076,436,33564,0.0271778,0.19,1,340778,340342,436
22228081,32.3515,39.9015,429,33627,0.0768711,0.01,1,340811,340382,429
22231001,89.6703,95.1803,424,33690,0.0487484,0.03,1,340915,340491,424
22233921,52.3341,50.2361,428,33753,0.0254994,0.01,1,340958,340530,428
22236841,36.0668,36.4472,427,33816,0.0161997,0.03,1,340990,340563,427
22239761,28.0134,32.0894,422,33879,0.0364799,0.01,1,341016,340594,422
22242681,44.0027,44.0179,423,33941,0.020592,0.01,1,341064,340641,423
22245601,22.4005,22.4036,423,34003,0.0262368,0.03,1,341081,340658,423
22248521,30.8801,31.6807,422,34065,0.0644947,0.03,1,341114,340692,422
22251441,28.576,27.9361,423,34127,0.0557979,0.07,1,341142,340719,423
22254361,28.9152,28.7872,423,34189,0.0763192,0.01,1,341171,340748,423
22257281,28.983,29.7574,422,34251,0.0845277,0.01,1,341200,340778,422
22260201,33.7966,5.95149,457,34313,0.0518111,0.11,1,341235,340778,457
22263121,88.3593,27.5903,526,34375,0.0627244,0.03,1,341337,340811,526
22266041,51.2719,88.7181,464,34437,0.0310898,0.01,1,341379,340915,464
22268961,37.4544,52.1436,455,34498,0.0304359,0.01,1,341413,340958,455
22271881,26.6909,36.0287,447,34559,0.0301744,0.05,1,341437,340990,447
22274801,43.7382,28.0057,469,34620,0.0300697,0.01,1,341485,341016,469
22277721,22.3476,44.0012,438,34681,0.0120279,0.03,1,341502,341064,438
22280641,35.6695,22.4002,460,34742,0.0348112,0.09,1,341541,341081,460
22283561,27.9339,30.88,453,34803,0.0439245,0.05,1,341567,341114,453
22286481,28.7868,28.576,454,34864,0.0715698,0.09,1,341596,341142,454
22289401,27.3574,28.9152,452,34925,0.0946279,0.09,1,341623,341171,452
22298161,48.5389,88.3593,464,35106,0.0648562,0.01,1,341801,341337,464
22301081,36.9078,51.2719,456,35166,0.0319425,0.03,1,341835,341379,456
22304001,26.5816,37.4544,446,35226,0.030777,0.03,1,341859,341413,446
22306921,42.9163,26.6909,469,35286,0.0183108,0.03,1,341906,341437,469
22309841,22.9833,43.7382,439,35346,0.0253243,0,1,341924,341485,439
22312761,36.5967,22.3476,462,35406,0.0281297,0.05,1,341964,341502,462
22315681,28.1193,35.6695,449,35466,0.0412519,0.05,1,341990,341541,449
22318601,30.4239,27.9339,454,35526,0.0825008,0.09,1,342021,341567,454
22333201,42.8936,48.5389,423,35822,0.250397,0.01,1,342224,341801,423
22336121,35.7787,36.9078,423,35881,0.250159,0.03,1,342258,341835,423
22339041,25.5557,26.5816,422,35940,0.250064,0.01,1,342281,341859,422
22347801,37.2604,36.5967,423,36117,0.0820041,0.05,1,342387,341964,423
22350721,29.0521,28.1193,424,36176,0.0748016,0.11,1,342414,341990,424
22353641,33.0104,30.4239,427,36234,0.0719207,0.15,1,342448,342021,427
22356561,30.6021,28.4848,429,36292,0.0707683,0.17,1,342478,342049,429
22359481,34.9204,33.697,430,36350,0.0463073,0.17,1,342514,342084,430
22362401,8.58408,8.33939,430,36408,0.0365229,0.21,1,342516,342086,430
22365321,89.7168,86.4679,434,36466,0.0686092,0.29,1,342626,342192,434
22368241,45.1434,42.8936,436,36524,0.0934437,0.25,1,342660,342224,436
22391601,30.6264,30.6021,423,36984,0.0977646,0.03,1,342901,342478,423
22409121,26.1449,30.1577,452,37326,0.22952,0.17,1,343142,342690,452
22412041,38.829,24.4315,471,37383,0.265808,0.19,1,343184,342713,471
22414961,17.3658,39.2863,440,37440,0.280323,0.19,1,343196,342756,440
22417881,35.4732,17.4573,468,37496,0.298129,0.13,1,343236,342768,468
22444161,27.6175,34.7247,458,38000,0.427329,0.27,1,343576,343118,458
22487961,17.5817,17.5847,446,38826,0.759551,0.47,2,344077,343631,446
22490881,35.5163,36.3169,445,38880,0.80182,0.47,2,344117,343672,445
22493801,29.5033,29.6634,445,38934,0.818728,0.49,2,344145,343700,445
22496721,33.1007,32.3327,446,38988,0.837491,0.49,2,344179,343733,446
22499641,32.2201,32.0665,446,39042,0.844997,0.49,2,344211,343765,446
22502561,35.244,35.2133,446,39096,0.823999,0.49,2,344247,343801,446
22505481,8.6488,8.64266,446,39150,0.815599,0.61,2,344249,343803,446
22508401,98.5298,93.7285,452,39204,0.80024,0.63,2,344370,343918,452
22511321,48.506,46.7457,453,39258,0.806096,0.67,2,344406,343953,453
22514241,42.5012,40.5491,455,39312,0.832438,0.67,2,344447,343992,455
22517161,10.1002,9.70983,455,39366,0.866975,0.71,2,344449,343994,455
22520081,26.02,23.542,458,39420,0.84479,0.73,2,344479,344021,458
22523001,41.204,39.9084,459,39474,0.871916,0.79,2,344524,344065,459
22525921,17.8408,17.5817,459,39528,0.882766,0.83,2,344536,344077,459
22731781,434.747,459.232,487,18980,0.442,0.86,1,347052,346565,487
22743461,66.302,85.0612,454,20137,0.0835552,0.03,1,347387,346933,454
22746381,44.4604,52.2122,449,20242,0.0334221,0.05,1,347426,346977,449
22749301,35.2921,46.4424,437,20347,0.0193688,0.07,1,347459,347022,437
22752221,79.0584,33.2885,497,20451,0.0377475,0,1,347549,347052,497
22755141,107.812,63.4577,541,20555,0.069099,0.09,1,347664,347123,541
22772661,73.7239,79.0533,424,21167,0.0683451,0.09,1,347973,347549,424
22775581,108.345,107.811,426,21267,0.081338,0.17,1,348090,347664,426
22778501,98.469,95.1621,430,21367,0.0745352,0.21,1,348186,347756,430
22781421,64.4938,61.4324,433,21466,0.0838141,0.13,1,348242,347809,433
22798941,98.0186,98.469,425,22052,0.251731,0.09,1,348611,348186,425
22801861,65.2037,64.4938,426,22148,0.298692,0.13,1,348668,348242,426
22813541,71.2659,70.4648,427,22529,0.401007,0.15,1,348823,348396,427
22819381,101.251,98.8186,530,22717,0.439761,0.29,1,349046,348516,530
22857341,116.668,71.2926,576,23901,0.773089,0.59,2,349838,349262,576
22860261,24.9336,115.059,452,23990,0.795235,0.63,2,349840,349388,452
22863181,87.3867,104.612,453,24078,0.828094,0.65,2,349943,349490,453
22866101,64.6773,67.3223,454,24166,0.889238,0.65,2,350002,349548,454
22869021,46.5355,45.4645,456,24254,0.889695,0.71,2,350044,349588,456
22871941,37.3071,35.4929,458,24341,0.877878,0.71,2,350079,349621,458
22874861,9.06142,8.69858,458,24428,0.873151,0.73,2,350081,349623,458
22968301,31.6674,34.0059,503,27065,0.87496,1,2,351983,351480,503
22971221,33.5335,26.0012,513,27143,0.823984,1,2,352017,351504,513
22985821,55.7291,62.4224,466,27531,0.0562648,0.86,1,352347,351881,466
22988741,45.5458,47.6845,465,27608,0.0405059,0.91,1,352390,351925,465
22991661,32.3092,30.3369,468,27685,0.0582024,0.85,1,352419,351951,468
22994581,28.8618,31.6674,464,27761,0.0532809,0.79,1,352447,351983,464
22997501,30.5724,33.5335,461,27837,0.0633124,0.67,1,352478,352017,461
23000421,34.1145,42.7067,451,27913,0.031325,0.29,1,352513,352062,451
23003341,100.423,114.141,436,27989,0.09053,0.25,1,352630,352194,436
23017941,33.7896,32.3092,424,28365,0.0594582,0.07,1,352843,352419,424
23020861,26.7579,6.46183,449,28440,0.0657833,0.05,1,352868,352419,449
23023781,30.1516,23.6924,452,28514,0.0323133,0.07,1,352899,352447,452
23026701,34.0303,29.5385,456,28588,0.0429253,0.01,1,352934,352478,456
23029621,103.606,33.9077,542,28662,0.0711701,0.13,1,353055,352513,542
23032541,40.7212,100.382,450,28736,0.094468,0.17,1,353080,352630,450
23035461,61.7442,38.4763,494,28810,0.0677872,0.15,1,353147,352653,494
23038381,49.1488,59.6953,475,28883,0.0691149,0.11,1,353193,352718,475
23041301,41.8298,52.7391,464,28956,0.081646,0.09,1,353233,352769,464
23044221,33.966,44.9478,453,29029,0.0746584,0.03,1,353265,352812,453
23047141,26.7932,33.7896,447,29102,0.0598634,0.07,1,353290,352843,447
23050061,30.1586,26.7579,453,29175,0.0779453,0.01,1,353321,352868,453
23052981,34.0317,30.1516,457,29248,0.0611781,0.05,1,353356,352899,457
23055901,106.006,34.0303,546,29320,0.0784713,0.09,1,353480,352934,546
23058821,42.0013,103.606,451,29392,0.0853885,0.11,1,353506,353055,451
23070501,32.6752,41.8298,456,29679,0.204506,0.07,1,353689,353233,456
23073421,25.735,33.966,448,29750,0.207802,0.05,1,353713,353265,448
23076341,29.947,26.7932,454,29821,0.209121,0.09,1,353744,353290,454
23079261,7.5894,30.1586,425,29892,0.209648,0.05,1,353746,353321,425
23082181,27.1179,34.0317,422,29963,0.233859,0.09,1,353778,353356,422
23085101,107.824,106.006,426,30034,0.219544,0.09,1,353906,353480,426
23088021,42.3647,42.0013,426,30104,0.249818,0.15,1,353932,353506,426
23090941,63.6729,60.4003,430,30174,0.273927,0.21,1,354001,353571,430
23105541,29.9506,29.947,432,30523,0.404114,0.21,1,354176,353744,432
23108461,7.59012,7.5894,432,30592,0.431646,0.25,1,354178,353746,432
23111381,27.118,27.1179,432,30661,0.430658,0.21,1,354210,353778,432
23114301,108.624,107.824,433,30730,0.442263,0.27,1,354339,353906,433
23172701,111.993,27.1581,586,32079,0.758123,0.69,2,355238,354652,586
23175621,44.7985,109.432,484,32145,0.765249,0.73,2,355266,354782,484
23178541,71.3597,43.4863,535,32211,0.7801,0.73,2,355344,354809,535
23181461,54.2719,71.0973,507,32277,0.82204,0.71,2,355394,354887,507
23184381,45.2544,55.0195,499,32343,0.850816,0.69,2,355437,354938,499
23187301,33.0509,46.2039,485,32408,0.862326,0.69,2,355467,354982,485
23190221,28.2102,33.2408,482,32473,0.878931,0.71,2,355494,355012,482
23193141,32.042,27.4482,489,32538,0.897572,0.73,2,355527,355038,489
23307021,46.8804,28.6544,529,34984,0.82312,1,2,357223,356694,529
23342061,10.2708,46.8804,461,35702,0.294262,0.65,1,357684,357223,461
23350821,41.4902,43.703,449,35879,0.248993,0.51,1,357810,357361,449
23353741,32.298,35.9406,445,35938,0.249597,0.43,1,357840,357395,445
23356661,24.0596,28.7881,440,35997,0.225839,0.47,1,357862,357422,440
23359581,25.6119,28.9576,437,36056,0.216336,0.35,1,357888,357451,437
23365421,97.0245,99.2383,436,36174,0.220614,0.29,1,358028,357592,436
23368341,36.2049,35.8477,437,36232,0.226245,0.31,1,358049,357612,437
23371261,24.041,24.7695,436,36290,0.228498,0.29,1,358070,357634,436
23374181,43.2082,43.3539,436,36348,0.205399,0.29,1,358118,357682,436
23391701,23.9572,24.0596,432,36696,0.226255,0.21,1,358294,357862,432
23394621,23.9914,25.6119,430,36754,0.240502,0.15,1,358318,357888,430
23397541,25.5983,25.1224,431,36811,0.246201,0.25,1,358344,357913,431
23400461,97.9197,97.0245,432,36868,0.27248,0.23,1,358460,358028,432
23403381,36.3839,36.2049,432,36925,0.294992,0.23,1,358481,358049,432
23406301,23.2768,24.041,431,36982,0.291997,0.19,1,358501,358070,431
23488061,36.2681,38.0107,480,38550,0.75608,0.47,2,359510,359030,480
23490981,39.2536,36.4021,484,38605,0.764432,0.47,2,359550,359066,484
23493901,9.45072,39.2804,446,38660,0.767773,0.47,2,359552,359106,446
23496821,30.6901,37.4561,445,38715,0.805109,0.47,2,359588,359143,445
23499741,25.338,25.0912,447,38770,0.820044,0.53,2,359612,359165,447
23502661,25.0676,24.2182,448,38824,0.790017,0.55,2,359637,359189,448
23505581,26.6135,25.6436,449,38878,0.778007,0.63,2,359664,359215,449
23508501,104.523,101.129,453,38932,0.809203,0.63,2,359788,359335,453
23511421,38.5045,37.8257,453,38986,0.809681,0.63,2,359810,359357,453
23514341,25.3009,23.5651,455,39040,0.833872,0.73,2,359832,359377,455
23517261,48.2602,45.513,458,39094,0.879549,0.73,2,359886,359428,458
23520181,11.252,10.7026,458,39148,0.89782,0.75,2,359888,359430,458
23689541,27.6187,23.7775,500,42162,0.869966,1,2,361963,361463,500
23692461,33.5237,26.3555,508,42212,0.773986,1,2,361998,361490,508
23695381,27.5047,30.8711,502,42262,0.819595,1,2,362024,361522,502
23698301,28.701,29.3742,502,42312,0.765838,1,2,362053,361551,502
23800501,29.3959,34.7286,477,44024,0.760473,0.55,2,363210,362733,477
23803421,40.2792,30.1457,491,44072,0.790189,0.59,2,363253,362762,491
23806341,28.0558,38.0291,476,44120,0.790076,0.59,2,363278,362802,476
23809261,21.6112,27.6058,471,44168,0.79003,0.59,2,363298,362827,471
23812181,21.9222,22.3212,472,44216,0.790012,0.59,2,363320,362848,472
23815101,30.7844,22.0642,483,44264,0.802005,0.61,2,363353,362870,483
23818021,27.7569,30.0128,478,44312,0.830802,0.65,2,363380,362902,478
23820941,26.3514,26.0026,479,44360,0.866321,0.65,2,363406,362927,479
24130461,25.6223,18.4599,504,49141,0.896481,1,2,366712,366208,504
24133381,23.5245,20.492,506,49184,0.808592,1,2,366735,366229,506
24136301,25.5049,24.8984,506,49227,0.773437,1,2,366761,366255,506
24156741,36.4821,20.6335,512,49528,0.75127,1,2,366999,366487,512
24159661,36.8964,38.5267,506,49571,0.750508,0.86,2,367036,366530,506
24162581,27.3793,36.5053,495,49614,0.786203,0.89,2,367061,366566,495
24165501,19.0759,25.7011,489,49656,0.836481,0.93,2,367078,366589,489
24168421,17.4152,21.9402,485,49698,0.820593,0.94,2,367095,366610,485
24171341,28.283,22.788,493,49740,0.826237,0.93,2,367126,366633,493
24174261,19.2566,28.5576,480,49782,0.828495,0.89,2,367143,366663,480
24177181,23.0513,24.1115,481,49824,0.829398,0.89,2,367167,366686,481
24180101,25.4103,25.6223,481,49866,0.865759,0.75,2,367193,366712,481
24183021,25.8821,23.5245,484,49908,0.880304,0.75,2,367219,366735,484
24185941,41.1764,25.5049,503,49950,0.886121,0.69,2,367264,366761,503
24568461,94.1659,90.319,454,25633,0.068128,0.13,1,371269,370815,454
24571381,34.8332,37.2638,450,25716,0.0692512,0.05,1,371289,370839,450
24574301,64.5666,62.6528,453,25798,0.0277005,0.01,1,371361,370908,453
24577221,80.9133,55.7306,484,25880,0.0110802,0.03,1,371446,370962,484
24580141,67.3827,88.7461,451,25962,0.0584321,0.05,1,371510,371059,451
24585981,47.4953,48.8298,448,26125,0.0945491,0.03,1,371614,371166,448
24591821,42.3798,32.0332,453,26287,0.0955279,0,1,371691,371238,453
24597661,61.3752,22.2413,495,26448,0.0524845,0,1,371784,371289,495
24600581,81.075,62.0483,509,26528,0.0269938,0,1,371870,371361,509
24603501,69.815,80.4097,491,26608,0.0407975,0.09,1,371937,371446,491
24606421,60.363,67.2819,485,26688,0.058319,0.13,1,371995,371510,485
24609341,47.2726,61.4564,469,26767,0.0773276,0.09,1,372039,371570,469
24612261,36.6545,47.4913,459,26846,0.084931,0.11,1,372073,371614,459
24615181,8.9309,35.8983,428,26925,0.0879724,0.09,1,372075,371647,428
24626861,79.6431,81.075,423,27238,0.0675801,0.05,1,372293,371870,423
24629781,70.3286,69.815,424,27316,0.057032,0.07,1,372361,371937,424
24632701,61.2657,60.363,425,27394,0.0648128,0.09,1,372420,371995,425
24656061,71.1236,70.3286,424,28006,0.209137,0.07,1,372785,372361,424
24658981,62.2247,61.2657,425,28082,0.221655,0.13,1,372845,372420,425
24661901,50.8449,48.2531,428,28157,0.262662,0.15,1,372893,372465,428
24664821,37.369,37.6506,427,28232,0.267065,0.15,1,372927,372500,427
24667741,9.0738,9.13013,427,28307,0.292826,0.13,1,372929,372502,427
24670661,35.4148,36.226,426,28382,0.29113,0.13,1,372971,372545,426
24673581,27.083,7.2452,451,28457,0.290452,0.15,1,372996,372545,451
24691101,38.658,50.8431,468,28900,0.405555,0.27,1,373361,372893,468
24694021,9.3316,37.3686,436,28973,0.408222,0.31,1,373363,372927,436
24696941,37.0663,9.07372,478,29046,0.433289,0.29,1,373407,372929,478
24740741,64.6525,64.8874,452,30121,0.759253,0.61,2,374167,373715,452
24743661,55.3305,55.3775,452,30191,0.801701,0.65,2,374220,373768,452
24746581,39.0661,39.0755,452,30261,0.818681,0.61,2,374255,373803,452
24749501,9.41322,9.4151,452,30331,0.825472,0.65,2,374257,373805,452
24752421,41.0826,39.483,454,30401,0.840189,0.65,2,374306,373852,454
24755341,28.2165,27.0966,455,30471,0.858076,0.71,2,374331,373876,455
24758261,61.6433,59.8193,457,30540,0.87723,0.71,2,374401,373944,457
24761181,13.9287,13.5639,457,30609,0.860892,0.73,2,374403,373946,457
24764101,71.5857,72.3128,456,30678,0.890357,0.71,2,374489,374033,456
24892581,35.9878,51.5555,484,33578,0.89104,1,2,376530,376046,484
24907181,33.3286,33.0955,494,33893,0.247636,1,1,376731,376237,494
24913021,45.9731,36.3638,498,34017,0.0576218,1,1,376822,376324,498
24915941,57.1946,66.4728,484,34079,0.0290487,0.89,1,376882,376398,484
24918861,59.4389,67.6946,476,34141,0.0296195,0.99,1,376942,376466,476
24921781,26.2878,35.9389,466,34203,0.0538478,0.84,1,376960,376494,466
24924701,29.2576,35.9878,460,34265,0.0395391,0.84,1,376990,376530,460
24927621,62.6515,7.19756,531,34327,0.0338156,0.65,1,377061,376530,531
24930541,30.9303,60.6395,480,34389,0.0315263,0.57,1,377084,376604,480
24933461,21.3861,36.9279,468,34450,0.0786105,0.49,1,377103,376635,468
24936381,27.4772,28.9856,470,34511,0.0974442,0.29,1,377132,376662,470
24939301,29.4954,34.5971,464,34572,0.0809777,0.15,1,377162,376698,464
24942221,33.0991,33.3194,465,34633,0.0623911,0.05,1,377196,376731,465
24945141,45.0198,41.8639,469,34694,0.0429564,0.01,1,377244,376775,469
24948061,57.004,45.9728,482,34755,0.0171826,0.01,1,377304,376822,482
24950981,59.4008,57.1946,482,34816,0.084873,0.03,1,377364,376882,482
24953901,26.2802,59.4389,440,34877,0.0879492,0.07,1,377382,376942,440
24959741,63.2912,29.2576,493,34999,0.0752719,0.03,1,377483,376990,493
24962661,32.6582,62.6515,447,35059,0.0601087,0.03,1,377508,377061,447
24965581,22.5316,30.9303,444,35119,0.0540435,0.11,1,377528,377084,444
24968501,28.5063,21.3861,455,35179,0.0636174,0.11,1,377558,377103,455
24971421,28.1013,27.4772,454,35239,0.079447,0.07,1,377586,377132,454
24974341,32.0203,29.4954,457,35299,0.0737788,0.05,1,377619,377162,457
24977261,44.0041,33.0991,470,35359,0.0475115,0.03,1,377666,377196,470
24980181,56.8008,45.0198,482,35419,0.0190046,0,1,377726,377244,482
24983101,61.7602,57.004,485,35479,0.0616018,0.13,1,377789,377304,485
24986021,26.752,59.4008,443,35539,0.0906407,0.09,1,377807,377364,443
24988941,28.5504,26.2802,454,35598,0.0902563,0.13,1,377836,377382,454
24991861,61.7101,28.456,495,35657,0.0781025,0.05,1,377906,377411,495
24994781,13.942,63.2912,425,35716,0.073241,0.05,1,377908,377483,425
24997701,21.9884,32.6582,424,35775,0.0712964,0.05,1,377932,377508,424
25003541,28.2395,28.5063,425,35893,0.0966074,0.09,1,377983,377558,425
25018141,64.7374,61.7602,427,36187,0.0772805,0.11,1,378216,377789,427
25021061,27.3475,26.752,427,36245,0.0729122,0.09,1,378234,377807,427
25023981,27.8695,28.5504,426,36303,0.0831649,0.07,1,378262,377836,426
25047341,41.8315,42.4339,428,36767,0.214946,0.09,1,378518,378090,428
25050261,50.7663,55.6868,422,36824,0.223978,0.05,1,378571,378149,422
25053181,65.3533,64.7374,424,36881,0.203591,0.07,1,378640,378216,424
25056101,28.2707,27.3475,425,36938,0.207437,0.09,1,378659,378234,425
25059021,28.8541,27.8695,426,36995,0.232975,0.15,1,378688,378262,426
25061941,61.7708,60.7739,427,37052,0.21919,0.11,1,378758,378331,427
25064861,13.9542,13.7548,427,37109,0.237676,0.15,1,378760,378333,427
25067781,23.5908,23.551,427,37166,0.23307,0.15,1,378786,378359,427
25070701,21.5182,4.71019,448,37223,0.219228,0.15,1,378807,378359,448
25073621,29.1036,16.942,459,37280,0.237691,0.17,1,378838,378379,459
25076541,30.6207,28.1884,459,37337,0.233076,0.17,1,378869,378410,459
25079461,33.3241,29.6377,463,37394,0.243231,0.21,1,378903,378440,463
25082381,42.6648,33.1275,474,37451,0.247292,0.23,1,378948,378474,474
25085301,52.533,41.8255,485,37507,0.248917,0.23,1,379003,378518,485
25088221,64.1066,50.7651,499,37563,0.273567,0.19,1,379070,378571,499
25091141,27.2213,65.353,448,37619,0.283427,0.21,1,379088,378640,448
25094061,30.2443,28.2706,460,37675,0.299371,0.25,1,379119,378659,460
25111581,30.7872,29.1036,464,38011,0.436915,0.23,1,379302,378838,464
25169981,64.688,63.6935,452,39106,0.764005,0.57,2,380079,379627,452
25172901,14.5376,14.3387,452,39160,0.779602,0.65,2,380081,379629,452
25175821,25.3075,24.4677,453,39214,0.821841,0.63,2,380109,379656,453
25178741,23.4615,22.4935,454,39268,0.838736,0.65,2,380132,379678,454
25181661,31.8923,31.6987,454,39322,0.869495,0.65,2,380166,379712,454
25184581,7.97846,7.93974,454,39376,0.881798,0.65,2,380168,379714,454
25187501,27.1957,28.7879,452,39430,0.898719,0.61,2,380200,379748,452
25190421,35.8391,34.5576,454,39484,0.881488,0.65,2,380238,379784,454
25193341,42.3678,42.1115,454,39537,0.898595,0.71,2,380282,379828,454
25396281,114.705,120.125,466,19203,0.0871955,0.01,1,382912,382446,466
25399201,86.141,80.0249,475,19314,0.0768782,0.05,1,382991,382516,475
25402121,51.6282,73.605,446,19424,0.0847513,0.09,1,383034,382588,446
25405041,48.7256,52.321,447,19533,0.0519005,0.05,1,383082,382635,447
25407961,19.3451,31.2642,433,19642,0.0387602,0.01,1,383094,382661,433
25410881,116.669,31.8528,542,19750,0.0455041,0.03,1,383235,382693,542
25413801,102.534,102.371,521,19857,0.0482016,0.03,1,383334,382813,521
25416721,83.7068,99.6741,501,19964,0.0492807,0.07,1,383413,382912,501
25419641,51.9414,83.1348,466,20070,0.0377123,0.09,1,383457,382991,466
25422561,47.9883,51.027,470,20176,0.0210849,0.03,1,383504,383034,470
25425481,19.9977,48.6054,435,20281,0.014434,0.03,1,383517,383082,435
25428401,116.8,19.3211,564,20386,0.0957736,0.05,1,383658,383094,564
25431321,102.56,116.664,522,20490,0.200309,0.05,1,383757,383235,522
25457601,50.0943,51.1424,428,21404,0.204639,0.17,1,384307,383879,428
25460521,48.4189,47.8285,429,21503,0.219856,0.17,1,384355,383926,429
25463441,20.0838,20.7657,428,21602,0.213942,0.11,1,384368,383940,428
25466361,120.017,120.953,427,21700,0.211577,0.11,1,384513,384086,427
25469281,25.6033,25.7906,427,21798,0.210631,0.19,1,384515,384088,427
25472201,89.9207,88.3581,429,21895,0.234252,0.17,1,384621,384192,429
25492641,92.3272,89.9207,435,22564,0.44725,0.25,1,385056,384621,435
25518921,53.9677,77.6653,493,23396,0.754813,0.51,2,385623,385130,493
25521841,49.1935,52.333,495,23487,0.787925,0.53,2,385671,385176,495
25524761,21.0387,48.8666,461,23577,0.80117,0.53,2,385685,385224,461
25527681,124.208,20.9733,597,23667,0.842468,0.57,2,385835,385238,597
25530601,26.4415,121.795,452,23757,0.858987,0.57,2,385837,385385,452
25533521,99.6883,25.9589,568,23846,0.865595,0.65,2,385955,385387,568
25536441,80.7377,97.1918,529,23935,0.892238,0.71,2,386031,385502,529
25638641,30.765,35.0802,513,26861,0.895677,1,2,388016,387503,513
25641561,30.953,35.016,509,26940,0.796271,1,2,388047,387538,509
25653241,72.3759,84.1264,474,27253,0.283377,1,1,388312,387838,474
25662001,37.987,41.825,465,27485,0.0913361,0.89,1,388453,387988,465
25664921,30.7974,30.765,466,27562,0.0425344,0.73,1,388482,388016,466
25667841,27.7595,30.953,462,27639,0.0950138,0.63,1,388509,388047,462
25670761,16.7519,22.9906,455,27716,0.0920055,0.45,1,388523,388068,455
25673681,92.1504,105.398,440,27792,0.0668022,0.39,1,388634,388194,440
25676601,46.4301,53.8796,434,27868,0.0687209,0.17,1,388669,388235,434
25699961,91.9226,3.35038,535,28471,0.215557,0.05,1,389058,388523,535
25702881,46.3845,89.4701,459,28545,0.236223,0.07,1,389093,388634,459
25705801,71.6769,45.894,502,28619,0.256489,0.15,1,389171,388669,502
25708721,68.7354,68.3788,496,28693,0.252596,0.15,1,389239,388743,496
25711641,38.5471,67.2758,460,28767,0.263038,0.21,1,389270,388810,460
25729161,48.1625,91.9226,469,29206,0.441566,0.25,1,389527,389058,469
25764201,68.5812,68.0065,448,30064,0.784697,0.51,2,390120,389672,448
25767121,40.9162,40.0013,449,30134,0.787879,0.57,2,390154,389705,449
25770041,39.3833,37.6003,451,30204,0.813151,0.61,2,390193,389742,451
25772961,31.8766,29.9201,453,30274,0.799261,0.63,2,390223,389770,453
25775881,34.3753,33.984,453,30344,0.805704,0.63,2,390258,389805,453
25778801,16.4751,16.3968,453,30414,0.832282,0.75,2,390270,389817,453
25781721,100.095,95.2794,459,30484,0.818913,0.75,2,390391,389932,459
25784641,21.619,20.6559,459,30553,0.813565,0.75,2,390393,389934,459
25787561,34.7238,34.5312,459,30622,0.811426,0.75,2,390431,389972,459
25790481,71.7448,70.9062,460,30691,0.85857,0.81,2,390512,390052,460
25793401,68.749,68.5812,460,30760,0.853428,0.79,2,390580,390120,460
25796321,41.7498,40.9162,461,30829,0.887371,0.83,2,390615,390154,461
25802161,31.91,31.8766,461,30966,0.899179,0.81,2,390684,390223,461
25930641,38.8926,29.3137,501,33841,0.77512,1,2,392676,392175,501
25942321,53.323,63.1509,499,34089,0.275539,1,1,392898,392399,499
25945241,55.4646,72.6302,480,34151,0.200216,1,1,392954,392474,480
25954001,38.6837,25.573,510,34337,0.0682538,1,1,393045,392535,510
25956921,30.1367,36.3146,499,34399,0.0693015,0.92,1,393073,392574,499
25959841,27.6273,32.0629,495,34460,0.0457206,0.87,1,393100,392605,495
25962761,31.9255,30.4126,498,34521,0.0482882,0.69,1,393133,392635,498
25965681,71.9851,38.8825,539,34582,0.0373153,0.49,1,393215,392676,539
25974441,52.9279,34.6151,491,34765,0.0971882,0.21,1,393331,392840,491
25991961,27.8163,30.1367,450,35128,0.0822074,0.03,1,393523,393073,450
25994881,31.1633,27.6273,455,35188,0.0388829,0.05,1,393555,393100,455
25997801,71.0327,31.9255,503,35248,0.0335532,0.03,1,393636,393133,503
26000721,44.6065,71.9851,459,35308,0.0434213,0.15,1,393674,393215,459
26003641,28.1213,39.197,452,35368,0.0473685,0.11,1,393698,393246,452
26006561,52.0243,28.6394,484,35428,0.0849474,0.09,1,393756,393272,484
26015321,25.4082,29.1571,453,35607,0.216877,0.17,1,393857,393404,453
26018241,32.2816,25.0314,463,35666,0.224751,0.09,1,393891,393428,463
26021161,8.05633,35.4063,427,35725,0.2279,0.09,1,393893,393466,427
26024081,24.8113,31.0813,426,35784,0.21716,0.07,1,393922,393496,426
26027001,24.1623,27.8163,423,35843,0.236864,0.01,1,393946,393523,423
26029921,30.4325,31.1633,423,35902,0.232746,0.03,1,393978,393555,423
26032841,70.0865,71.0327,422,35961,0.231098,0.05,1,394058,393636,422
26044521,56.4961,51.2049,433,36196,0.202764,0.23,1,394240,393807,433
26047441,32.0992,31.041,433,36254,0.219106,0.23,1,394266,393833,433
26050361,25.6198,25.4082,433,36312,0.237642,0.23,1,394290,393857,433
26053281,32.324,32.2816,433,36370,0.257057,0.23,1,394324,393891,433
26056201,8.06479,8.05633,433,36428,0.264823,0.21,1,394326,393893,433
26059121,24.013,24.8113,432,36486,0.267929,0.25,1,394354,393922,432
26062041,24.0026,24.1623,432,36544,0.281172,0.23,1,394378,393946,432
26079561,58.2687,56.4961,432,36890,0.428603,0.23,1,394672,394240,432
26088321,32.5621,32.324,435,37061,0.443351,0.27,1,394759,394324,435
26091241,8.11243,8.06479,435,37118,0.43534,0.27,1,394761,394326,435
26097081,24.8045,4.80259,460,37232,0.428454,0.29,1,394814,394354,460
26100001,28.9609,20.1605,466,37289,0.441382,0.33,1,394844,394378,466
26102921,70.5922,28.8321,516,37346,0.434553,0.35,1,394925,394409,516
26105841,46.1184,69.7664,476,37403,0.419821,0.37,1,394965,394489,476
26108761,28.4237,43.5533,463,37459,0.413928,0.39,1,394989,394526,463
26111681,56.0847,28.7107,501,37515,0.423571,0.41,1,395052,394551,501
26114601,62.4169,55.3421,503,37571,0.427429,0.45,1,395116,394613,503
26158401,33.2675,26.0167,479,38405,0.760575,0.49,2,395646,395167,479
26161321,8.25351,32.4033,447,38460,0.77823,0.49,2,395648,395201,447
26164241,25.6507,8.08067,475,38515,0.785292,0.51,2,395678,395203,475
26167161,25.9301,24.0161,473,38570,0.800117,0.53,2,395704,395231,473
26170081,6.78603,25.6032,449,38625,0.806047,0.57,2,395706,395257,449
26173001,27.7572,29.1206,452,38680,0.820419,0.61,2,395739,395287,452
26175921,70.3514,69.8241,453,38735,0.838167,0.65,2,395820,395367,453
26178841,46.0703,45.1648,454,38790,0.881267,0.63,2,395860,395406,454
26181761,28.4141,29.033,453,38844,0.898507,0.67,2,395884,395431,453
26184681,57.6828,56.2066,455,38898,0.893403,0.69,2,395949,395494,455
26351121,41.5602,30.4766,497,41880,0.850307,1,2,398015,397518,497
26354041,32.312,29.2953,498,41930,0.838123,1,2,398045,397547,498
26356961,22.4624,25.8591,493,41980,0.845249,1,2,398065,397572,493
26359881,22.0925,25.9718,489,42030,0.8361,1,2,398087,397598,489
26362801,14.8185,17.9944,486,42080,0.82044,1,2,398100,397614,486
26365721,24.5637,21.1989,491,42130,0.790176,1,2,398127,397636,491
26371561,67.0625,59.728,488,42230,0.778028,1,2,398240,397752,488
26374481,38.2125,33.5456,492,42280,0.833211,1,2,398271,397779,492
26377401,22.8425,35.5091,475,42330,0.831284,0.87,2,398290,397815,475
26380321,26.1685,31.1018,472,42380,0.878514,0.91,2,398317,397845,472
26383241,54.8337,59.0204,468,42430,0.897406,0.96,2,398379,397911,468
26386161,34.1667,35.0041,468,42480,0.892962,0.89,2,398408,397940,468
26575961,28.7036,20.5632,497,45595,0.859292,1,2,400521,400024,497
26584721,47.2376,43.2685,491,45733,0.262595,0.99,1,400658,400167,491
26590561,37.7295,31.8107,499,45825,0.0420151,1,1,400730,400231,499
26593481,25.9459,33.5621,488,45871,0.0348061,1,1,400753,400265,488
26596401,39.5892,36.3124,494,45917,0.0319224,1,1,400796,400302,494
26599321,31.9178,7.26249,524,45963,0.018769,1,1,400826,400302,524
26602241,24.7836,24.6525,518,46009,0.0135076,1,1,400849,400331,518
26605161,20.1567,24.9305,512,46055,0.011403,1,1,400868,400356,512
26608081,24.0313,30.5861,505,46101,0.0225612,0.98,1,400893,400388,505
26611001,20.0063,27.7172,497,46147,0.0270245,1,1,400912,400415,497
26613921,21.6013,27.9434,491,46193,0.0288098,0.95,1,400934,400443,491
26616841,18.7203,25.5887,484,46239,0.0535239,0.91,1,400952,400468,484
26619761,22.9441,23.5177,485,46285,0.0274096,0.81,1,400976,400491,485
26622681,17.3888,28.7035,471,46331,0.0409638,0.65,1,400992,400521,471
26625601,51.4778,24.9407,507,46377,0.0583855,0.33,1,401052,400545,507
26628521,34.2956,60.1881,468,46422,0.0893542,0.11,1,401082,400614,468
26631441,32.4591,47.2376,456,46467,0.0357417,0,1,401114,400658,456
26634361,36.0918,36.6475,459,46512,0.0142967,0,1,401151,400692,459
26637281,26.4184,37.7295,445,46557,0.0237187,0.03,1,401175,400730,445
26640201,38.8837,25.9459,464,46602,0.0514875,0.03,1,401217,400753,464
26643121,31.7767,39.5892,451,46647,0.062595,0.01,1,401247,400796,451
26646041,24.7553,31.9178,444,46692,0.031038,0.01,1,401270,400826,444
26648961,20.1511,24.7836,440,46737,0.0184152,0.01,1,401289,400849,440
26651881,25.6302,20.1567,448,46782,0.0373661,0.03,1,401316,400868,448
26654801,20.326,24.0313,442,46827,0.0689464,0.03,1,401335,400893,442
26657721,20.8652,20.0063,444,46872,0.0455786,0.03,1,401356,400912,444
26660641,18.573,21.6013,440,46917,0.0362314,0.07,1,401374,400934,440
26663561,22.9146,18.7203,446,46962,0.0444926,0.01,1,401398,400952,446
26666481,18.1829,22.9441,439,47007,0.035797,0.05,1,401415,400976,439
26669401,54.0366,17.3888,486,47052,0.0563188,0.07,1,401478,400992,486
26672321,33.2073,51.4778,454,47097,0.0645275,0.11,1,401506,401052,454
26675241,29.8415,34.2956,453,47142,0.055811,0,1,401535,401082,453
26678161,36.3683,32.4591,459,47187,0.0223244,0,1,401573,401114,459
26681081,26.4737,36.0918,446,47232,0.0149298,0.03,1,401597,401151,446
26684001,41.2947,26.4184,467,47277,0.0479719,0.07,1,401642,401175,467
26686921,29.0589,38.8837,451,47322,0.0611888,0.07,1,401668,401217,451
26689841,25.8118,31.7767,446,47367,0.0544755,0.01,1,401693,401247,446
26692761,6.76236,24.7553,425,47412,0.0277902,0.01,1,401695,401270,425
26695681,14.1525,20.1511,422,47456,0.0291161,0.05,1,401711,401289,422
26698601,26.0305,25.6302,424,47500,0.0176464,0.09,1,401740,401316,424
26701521,19.6061,20.326,423,47544,0.0370586,0.03,1,401758,401335,423
26704441,20.7212,20.8652,423,47588,0.0568234,0.03,1,401779,401356,423
26707361,18.5442,18.573,423,47632,0.0407294,0.05,1,401797,401374,423
26710281,22.1088,22.9146,422,47676,0.0462917,0.03,1,401820,401398,422
26713201,18.8218,18.1829,423,47720,0.0725167,0.07,1,401838,401415,423
26716121,55.7644,54.0366,425,47764,0.0590067,0.07,1,401903,401478,425
26719041,33.5529,33.2073,425,47808,0.0536027,0.05,1,401931,401506,425
26721961,28.3106,29.8415,423,47852,0.0874411,0,1,401958,401535,423
26724881,36.0621,36.3683,423,47896,0.0529764,0.01,1,401996,401573,423
26727801,26.4124,26.4737,423,47940,0.0211906,0.07,1,402020,401597,423
26730721,42.8825,41.2947,425,47984,0.0264762,0.07,1,402067,401642,425
26733641,30.1765,29.0589,426,48028,0.0405905,0.05,1,402094,401668,426
26736561,23.6353,25.8118,423,48072,0.0582362,0.01,1,402116,401693,423
26739481,6.32706,6.76236,423,48116,0.0412945,0.03,1,402118,401695,423
26742401,13.2654,14.1525,422,48160,0.0345178,0.01,1,402133,401711,422
26745321,25.8531,26.0305,422,48204,0.0138071,0.05,1,402162,401740,422
26748241,21.1706,19.6061,424,48248,0.0355228,0.07,1,402182,401758,424
26751161,20.2341,20.7212,423,48292,0.0442091,0.03,1,402202,401779,423
26754081,19.2468,18.5442,424,48336,0.0596837,0.05,1,402221,401797,424
26757001,22.2494,22.1088,424,48380,0.0778735,0.09,1,402244,401820,424
26759921,18.8499,18.8218,424,48424,0.0731494,0.05,1,402262,401838,424
26762841,55.77,55.7644,424,48468,0.0952598,0.05,1,402327,401903,424
26774521,25.9132,26.4124,422,48640,0.0953187,0.03,1,402442,402020,422
26777441,43.5826,42.8825,423,48683,0.0441275,0.05,1,402490,402067,423
26780361,30.3165,30.1765,423,48726,0.035651,0.07,1,402517,402094,423
26783281,22.8633,23.6353,422,48769,0.0322604,0.03,1,402538,402116,422
26786201,6.17266,6.32706,422,48812,0.0309042,0.03,1,402540,402118,422
26789121,13.2345,13.2654,422,48855,0.0423617,0.03,1,402555,402133,422
26792041,26.6469,2.65308,452,48898,0.0229447,0,1,402585,402133,452
26794961,21.3294,23.7306,443,48941,0.0271779,0.05,1,402605,402162,443
26797881,20.2659,20.7461,443,48984,0.0288711,0.05,1,402625,402182,443
26800801,18.4532,20.1492,441,49027,0.0295485,0.07,1,402643,402202,441
26803721,23.6906,19.2298,447,49070,0.0538194,0.09,1,402668,402221,447
26806641,19.1381,22.246,442,49113,0.0395278,0.07,1,402686,402244,442
26809561,57.4276,18.8492,491,49156,0.0698111,0.11,1,402753,402262,491
26812481,35.4855,55.7698,456,49199,0.0819244,0.15,1,402783,402327,456
26815401,28.6971,35.154,453,49242,0.0987698,0.17,1,402810,402357,453
26824161,42.8856,25.9132,469,49371,0.0612813,0.01,1,402911,402442,469
26827081,30.1771,43.5826,448,49414,0.0545125,0.03,1,402938,402490,448
26830001,22.8354,30.3165,442,49457,0.051805,0.03,1,402959,402517,442
26832921,6.16708,22.8633,423,49500,0.050722,0.03,1,402961,402538,423
26835841,13.2334,6.17266,436,49543,0.0262888,0.05,1,402976,402540,436
26838761,26.6467,13.2345,451,49586,0.0285155,0.01,1,403006,402555,451
26841681,22.1293,26.6469,442,49628,0.0174062,0.03,1,403027,402585,442
26844601,20.4259,21.3294,442,49670,0.0369625,0.03,1,403047,402605,442
26847521,18.4852,20.2659,440,49712,0.044785,0.03,1,403065,402625,440
26850441,23.697,18.4532,447,49754,0.083914,0.07,1,403090,402643,447
26853361,19.1394,23.6906,440,49796,0.0995656,0.03,1,403108,402668,440
26865041,32.3186,28.6971,459,49964,0.202661,0.11,1,403269,402810,459
26867961,20.0637,32.1394,443,50006,0.243064,0.11,1,403286,402843,443
26870881,41.6127,22.4279,470,50048,0.247226,0.03,1,403333,402863,470
26873801,29.9225,42.8856,449,50090,0.23689,0.05,1,403360,402911,449
26876721,21.9845,30.1771,442,50132,0.244756,0.05,1,403380,402938,442
26879641,5.9969,22.8354,423,50174,0.247902,0.05,1,403382,402959,423
26882561,13.9994,6.16708,437,50216,0.249161,0.01,1,403398,402961,437
26885481,26.7999,13.2334,452,50258,0.237664,0.03,1,403428,402976,452
26888401,22.16,26.6467,443,50300,0.245066,0.01,1,403449,403006,443
26891321,6.03199,22.1293,424,50342,0.248026,0.05,1,403451,403027,424
26894241,17.2064,20.4259,424,50384,0.273211,0.05,1,403471,403047,424
26897161,18.6413,18.4852,425,50426,0.271284,0.11,1,403490,403065,425
26900081,25.3283,23.697,427,50468,0.258514,0.11,1,403517,403090,427
26903001,20.2657,19.1394,428,50510,0.265405,0.13,1,403536,403108,428
26917601,19.9118,20.0637,433,50720,0.407963,0.25,1,403719,403286,433
26926361,22.6553,21.9845,434,50844,0.41515,0.25,1,403814,403380,434
26929281,6.13106,5.9969,434,50885,0.42406,0.25,1,403816,403382,434
26932201,14.0262,13.9994,434,50926,0.427624,0.23,1,403832,403398,434
26935121,26.0052,26.7999,433,50967,0.44105,0.25,1,403861,403428,433
27054841,62.9076,22.5828,524,52632,0.759712,0.63,2,404945,404421,524
27057761,38.9815,62.1166,485,52672,0.789885,0.61,2,404978,404493,485
27060681,30.9963,39.6233,480,52712,0.813954,0.63,2,405007,404527,480
27063601,36.5993,30.3247,490,52752,0.835582,0.63,2,405045,404555,490
27066521,20.1199,36.4649,468,52792,0.856233,0.63,2,405061,404593,468
27069441,45.624,20.093,504,52832,0.864493,0.67,2,405113,404609,504
27072361,31.5248,44.0186,482,52872,0.867797,0.67,2,405141,404659,482
27279681,400.614,427.667,457,24820,0.286,0.71,1,407228,406771,457
27285521,37.6246,35.3467,458,25716,0.09976,0.45,1,407267,406809,458
27288441,61.1249,31.0693,495,25798,0.069904,0.23,1,407334,406839,495
27291361,46.625,81.4139,444,25880,0.0459616,0,1,407377,406933,444
27294281,86.125,87.4828,451,25962,0.0243846,0,1,407473,407022,451
27297201,50.825,56.6966,444,26044,0.00975385,0.05,1,407515,407071,444
27300121,60.565,61.7393,444,26125,0.0459015,0.07,1,407578,407134,444
27303041,49.713,49.9479,444,26206,0.0363606,0.03,1,407625,407181,444
27305961,41.9426,47.5896,437,26287,0.0565442,0.05,1,407665,407228,437
27308881,27.5885,21.5179,446,26368,0.0646177,0.07,1,407689,407243,446
27311801,59.9177,23.5036,490,26448,0.0918471,0.05,1,407757,407267,490
27317641,83.9967,46.0601,518,26608,0.0878955,0.01,1,407895,407377,518
27320561,49.5993,86.012,463,26688,0.0351582,0,1,407936,407473,463
27323481,61.9199,50.8024,486,26767,0.0320633,0.07,1,408001,407515,486
27326401,49.984,60.5605,470,26846,0.0428253,0.03,1,408048,407578,470
27329321,11.5968,49.7121,425,26925,0.0231301,0.07,1,408050,407625,425
27332241,34.3194,41.9424,425,27004,0.0512521,0.07,1,408090,407665,425
27335161,26.0639,27.5885,425,27082,0.0985008,0.11,1,408114,407689,425
27346841,47.1521,49.5993,423,27394,0.0958816,0.03,1,408359,407936,423
27349761,61.4304,61.9199,423,27471,0.0383526,0.05,1,408424,408001,423
27352681,50.6861,49.984,424,27548,0.0213411,0.01,1,408472,408048,424
27355601,11.7372,11.5968,424,27625,0.0385364,0.07,1,408474,408050,424
27358521,35.9474,34.3194,426,27702,0.0454146,0.13,1,408516,408090,426
27361441,26.3895,26.0639,426,27778,0.0601658,0.15,1,408540,408114,426
27370201,80.5951,79.7605,428,28006,0.230651,0.07,1,408748,408320,428
27373121,43.319,47.1521,423,28082,0.25426,0,1,408782,408359,423
27376041,59.8638,61.4304,422,28157,0.251704,0.01,1,408846,408424,422
27378961,50.3728,50.6861,422,28232,0.238682,0.05,1,408894,408472,422
27381881,11.6746,11.7372,422,28307,0.233473,0.05,1,408896,408474,422
27384801,35.9349,35.9474,422,28382,0.243389,0.05,1,408938,408516,422
27387721,29.587,7.18949,450,28457,0.259356,0.07,1,408966,408516,450
27390641,65.1174,20.6379,500,28531,0.265742,0.15,1,409040,408540,500
27393561,52.2235,61.7276,477,28605,0.292297,0.21,1,409089,408612,477
27405241,49.434,59.862,478,28900,0.420811,0.23,1,409324,408846,478
27408161,11.4868,50.3724,432,28973,0.438324,0.23,1,409326,408894,432
27454881,44.9527,44.3714,455,30121,0.750326,0.67,2,410108,409653,455
27457801,60.9905,60.8743,455,30191,0.750131,0.71,2,410173,409718,455
27460721,52.9981,51.3749,457,30261,0.750052,0.71,2,410224,409767,457
27463641,12.1996,11.875,457,30331,0.774021,0.71,2,410226,409769,457
27466561,37.6399,37.575,457,30401,0.783608,0.71,2,410270,409813,457
27469481,31.528,33.115,455,30471,0.775443,0.73,2,410300,409845,455
27472401,67.9056,67.423,456,30540,0.760177,0.69,2,410377,409921,456
27475321,15.1811,15.0846,456,30609,0.778071,0.71,2,410379,409923,456
27478241,44.6362,43.8169,457,30678,0.821228,0.73,2,410431,409974,457
27481161,89.7272,88.7634,458,30747,0.862491,0.77,2,410532,410074,458
27603801,43.3214,40.7795,489,33515,0.421456,1,1,412450,411961,489
27612561,49.4666,41.6382,489,33704,0.0718532,1,1,412589,412100,489
27615481,33.0933,31.5276,489,33767,0.0347413,1,1,412618,412129,489
27618401,35.4187,32.7055,492,33830,0.0198965,1,1,412654,412162,492
27621321,32.6837,35.3411,488,33893,0.0259586,1,1,412686,412198,488
27624241,57.7367,59.8682,486,33955,0.0103834,0.99,1,412750,412264,486
27627161,25.1473,39.1736,469,34017,0.0581534,0.84,1,412767,412298,469
27630081,21.0295,31.0347,460,34079,0.0412613,0.43,1,412787,412327,460
27633001,59.4059,76.6069,441,34141,0.0345045,0.29,1,412856,412415,441
27635921,33.4812,43.3214,433,34203,0.0558018,0.23,1,412883,412450,433
27638841,29.8962,36.6643,427,34265,0.0403207,0.23,1,412912,412485,427
27641761,48.3792,7.33285,480,34327,0.0461283,0.07,1,412965,412485,480
27644681,47.2759,45.4666,472,34389,0.0244513,0.01,1,413012,412540,472
27647601,31.8552,48.2933,451,34450,0.0397805,0.01,1,413040,412589,451
27650521,35.171,32.8587,458,34511,0.0459122,0.01,1,413076,412618,458
27653441,31.8342,35.3717,453,34572,0.0363649,0.03,1,413107,412654,453
27656361,62.3668,32.6743,491,34633,0.032546,0,1,413177,412686,491
27659281,22.8734,57.7349,440,34694,0.0670184,0.09,1,413190,412750,440
27662201,18.9747,25.147,441,34755,0.0808074,0.03,1,413208,412767,441
27665121,60.5949,21.0294,492,34816,0.0623229,0.03,1,413279,412787,492
27668041,33.719,59.4059,450,34877,0.0789292,0.07,1,413306,412856,450
27670961,28.3438,33.4812,450,34938,0.0735717,0.03,1,413333,412883,450
27673881,51.2688,29.8962,478,34999,0.0594287,0.05,1,413390,412912,478
27676801,44.6538,48.3792,468,35059,0.0417715,0.01,1,413433,412965,468
27679721,32.9308,47.2759,451,35119,0.0707086,0.05,1,413463,413012,451
27682641,33.7862,31.8552,457,35179,0.0582834,0.05,1,413497,413040,457
27685561,31.5572,35.171,452,35239,0.0413134,0.03,1,413528,413076,452
27688481,64.7114,31.8342,494,35299,0.0345253,0.03,1,413601,413107,494
27691401,24.1423,62.3668,438,35359,0.0318101,0.09,1,413615,413177,438
27694321,17.6285,22.8734,441,35419,0.0307241,0.09,1,413631,413190,441
27697241,61.9257,18.9747,496,35479,0.0662896,0.05,1,413704,413208,496
27700161,33.9851,60.5949,452,35539,0.0805159,0.09,1,413731,413279,452
27703081,25.997,33.719,449,35598,0.0862063,0.07,1,413755,413306,449
27706001,52.3994,28.3438,481,35657,0.0404825,0.05,1,413814,413333,481
27708921,12.0799,51.2688,426,35716,0.022193,0.03,1,413816,413390,426
27711841,34.416,44.6538,423,35775,0.0148772,0.09,1,413856,413433,423
27714761,33.2832,32.9308,426,35834,0.0239509,0.05,1,413889,413463,426
27717681,31.4566,33.7862,423,35893,0.0515804,0.03,1,413920,413497,423
27720601,31.0913,31.5572,423,35952,0.0506321,0.03,1,413951,413528,423
27723521,64.6183,64.7114,423,36011,0.0382529,0.03,1,414024,413601,423
27726441,24.1237,24.1423,423,36070,0.0453011,0.03,1,414038,413615,423
27729361,18.4247,17.6285,424,36129,0.0361205,0.09,1,414055,413631,424
27732281,64.4849,61.9257,427,36187,0.0324482,0.09,1,414131,413704,427
27735201,33.697,33.9851,426,36245,0.0549793,0.09,1,414157,413731,426
27738121,25.9394,25.997,426,36303,0.0519917,0.01,1,414181,413755,426
27741041,50.7879,52.3994,424,36361,0.0387967,0.01,1,414238,413814,424
27743961,11.7576,12.0799,424,36419,0.0335187,0.01,1,414240,413816,424
27746881,32.7515,34.416,422,36477,0.0314075,0.03,1,414278,413856,422
27749801,33.7503,33.2832,423,36535,0.018563,0.07,1,414312,413889,423
27752721,31.5501,31.4566,423,36593,0.0494252,0.05,1,414343,413920,423
27755641,30.31,31.0913,422,36651,0.0617701,0.03,1,414373,413951,422
27758561,64.462,64.6183,422,36709,0.054708,0.05,1,414446,414024,422
27761481,24.0924,24.1237,422,36767,0.0278832,0.03,1,414460,414038,422
27764401,18.4185,18.4247,422,36824,0.0291533,0.03,1,414477,414055,422
27767321,65.2837,64.4849,423,36881,0.0536613,0.07,1,414554,414131,423
27770241,33.8567,33.697,423,36938,0.0514645,0.05,1,414580,414157,423
27773161,26.7713,25.9394,424,36995,0.0625858,0.03,1,414605,414181,424
27779001,11.6309,11.7576,423,37109,0.0952137,0.03,1,414663,414240,423
27784841,35.1852,6.5503,458,37223,0.0716342,0.01,1,414736,414278,458
27787761,31.837,28.5101,455,37280,0.0826537,0.07,1,414767,414312,455
27790681,29.5674,30.502,453,37337,0.0870615,0.07,1,414796,414343,453
27793601,62.7135,30.1004,494,37394,0.0768246,0.05,1,414867,414373,494
27796521,23.7427,64.4201,435,37451,0.0727298,0.01,1,414881,414446,435
27799441,18.3485,24.084,438,37507,0.0590919,0.03,1,414898,414460,438
27828641,61.9391,29.5674,495,38067,0.263313,0.07,1,415291,414796,495
27831561,23.5878,62.7135,438,38122,0.291325,0.07,1,415305,414867,438
27837401,69.9035,18.3485,506,38232,0.295012,0.13,1,415404,414898,506
27872441,17.5881,17.5176,437,38890,0.40158,0.29,1,415758,415321,437
27878281,37.0235,36.3807,437,38998,0.411053,0.31,1,415869,415432,437
27884121,51.2409,51.2152,437,39106,0.429368,0.31,1,415952,415515,437
27889961,31.1696,31.1686,437,39214,0.439499,0.31,1,415990,415553,437
27892881,34.2339,33.4337,438,39268,0.4458,0.35,1,416025,415587,438
27895801,35.6468,34.6867,439,39322,0.44832,0.35,1,416061,415622,439
27942521,66.9105,25.9492,524,40173,0.756697,0.65,2,416619,416095,524
27945441,24.5821,62.7898,466,40226,0.788679,0.65,2,416633,416167,466
27948361,17.7164,24.558,467,40278,0.801471,0.61,2,416649,416182,467
27951281,70.7433,17.7116,535,40330,0.806589,0.65,2,416733,416198,535
27954201,38.1487,69.1423,483,40382,0.820635,0.65,2,416763,416280,483
27957121,29.2297,37.8285,480,40434,0.838254,0.69,2,416790,416310,480
27960041,53.8459,29.1657,513,40486,0.869302,0.69,2,416850,416337,513
27962961,12.3692,52.2331,457,40538,0.881721,0.69,2,416852,416395,457
28141081,53.4272,27.9622,544,43601,0.815623,1,2,418988,418444,544
28152761,28.4311,27.5711,528,43793,0.28608,1,1,419113,418585,528
28158601,32.1772,31.8228,522,43889,0.0733728,1,1,419171,418649,522
28161521,60.0355,32.7646,556,43937,0.0473491,1,1,419238,418682,556
28164441,37.6071,62.5529,518,43985,0.0729396,1,1,419270,418752,518
28167361,29.1214,35.7106,516,44033,0.0471759,1,1,419297,418781,516
28170281,25.8243,27.9421,515,44081,0.0368703,1,1,419322,418807,515
28173201,21.9649,31.9884,503,44129,0.0327481,0.98,1,419343,418840,503
28176121,20.393,30.3977,493,44177,0.0430993,0.95,1,419363,418870,493
28179041,27.2786,27.6795,495,44225,0.0592397,0.93,1,419392,418897,495
28181961,46.2557,31.1359,514,44273,0.0776959,0.73,1,419443,418929,514
28184881,27.6511,53.4272,478,44321,0.0610783,0.55,1,419466,418988,478
28187801,23.1302,33.8854,471,44369,0.0304313,0.43,1,419488,419017,471
28190721,30.226,30.7771,473,44417,0.0781725,0.27,1,419520,419047,473
28193641,22.8452,38.1554,454,44464,0.049269,0.23,1,419541,419087,454
28196561,6.16904,28.4311,430,44511,0.0377076,0.09,1,419543,419113,430
28199481,14.0338,24.8862,422,44558,0.093083,0.01,1,419559,419137,422
28202401,30.0068,32.1772,422,44605,0.0372332,0.03,1,419593,419171,422
28205321,59.6014,60.0355,422,44652,0.0208933,0.09,1,419660,419238,422
28208241,38.3203,37.6071,423,44699,0.0383573,0.03,1,419693,419270,423
28211161,30.0641,29.1214,424,44746,0.0333429,0.03,1,419721,419297,424
28214081,25.2128,25.8243,423,44793,0.0673372,0.03,1,419745,419322,423
28217001,22.6426,21.9649,424,44840,0.0689349,0.05,1,419767,419343,424
28219921,18.9285,20.393,422,44887,0.069574,0.07,1,419785,419363,422
28222841,28.5857,27.2786,424,44934,0.0578296,0.09,1,419816,419392,424
28249121,59.4749,59.6014,422,45357,0.0832557,0.05,1,420082,419660,422
28252041,38.295,38.3203,422,45403,0.0753023,0.03,1,420115,419693,422
28254961,30.059,30.0641,422,45449,0.0361209,0.09,1,420143,419721,422
28257881,26.8118,25.2128,424,45495,0.0204484,0.07,1,420169,419745,424
28260801,23.7624,22.6426,425,45541,0.0141793,0.07,1,420192,419767,425
28263721,16.7525,18.9285,422,45587,0.0356717,0.05,1,420207,419785,422
28266641,30.5505,28.5857,425,45633,0.0442687,0.13,1,420241,419816,425
28269561,50.1101,48.9171,426,45679,0.0957075,0.15,1,420296,419870,426
28295841,37.943,59.4342,454,46093,0.0961805,0.07,1,420536,420082,454
28301681,27.5977,30.0574,448,46185,0.0957889,0.01,1,420591,420143,448
28304601,23.9195,26.8115,445,46231,0.0803156,0.01,1,420614,420169,445
28307521,15.9839,23.7623,436,46277,0.0741262,0.05,1,420628,420192,436
28310441,31.9968,16.7525,457,46323,0.0836505,0.05,1,420664,420207,457
28313361,51.9994,30.5505,480,46369,0.0994602,0.13,1,420721,420241,480
28316281,27.1999,50.1101,446,46414,0.0937841,0.11,1,420742,420296,446
28345481,26.8259,29.9886,452,46864,0.201691,0.09,1,421016,420564,452
28348401,22.9652,27.5977,447,46909,0.206676,0.07,1,421038,420591,447
28354241,32.1186,15.9839,461,46999,0.204668,0.09,1,421089,420628,461
28360081,28.1647,51.9994,448,47089,0.204347,0.09,1,421169,420721,448
28363001,27.2329,27.1999,454,47134,0.219739,0.19,1,421196,420742,454
28365921,33.4466,24.64,465,47179,0.237896,0.21,1,421231,420766,465
28368841,24.2893,32.128,453,47224,0.245158,0.19,1,421253,420800,453
28371761,6.45786,24.8256,432,47269,0.248063,0.19,1,421255,420823,432
28374681,10.8916,6.56512,442,47314,0.261225,0.19,1,421267,420825,442
28377601,25.3783,10.913,459,47359,0.26649,0.17,1,421296,420837,459
28380521,6.67566,26.1826,431,47404,0.268596,0.19,1,421298,420867,431
28415561,25.1535,24.2893,435,47932,0.40129,0.25,1,421688,421253,435
28418481,6.6307,6.45786,435,47976,0.406516,0.27,1,421690,421255,435
28421401,10.9261,10.8916,435,48020,0.432606,0.27,1,421702,421267,435
28424321,25.3852,25.3783,435,48064,0.419043,0.27,1,421731,421296,435
28427241,6.67705,6.67566,435,48108,0.449617,0.35,1,421733,421298,435
28476881,52.5743,50.9354,446,48847,0.772433,0.49,2,422241,421795,446
28479801,37.7149,10.1871,480,48890,0.782973,0.55,2,422275,421795,480
28482721,29.943,29.2374,474,48933,0.787189,0.55,2,422303,421829,474
28485641,28.3886,28.2475,474,48976,0.788876,0.53,2,422331,421857,474
28488561,24.0777,27.2495,470,49019,0.77755,0.53,2,422354,421884,470
28491481,18.4155,23.0499,465,49062,0.80902,0.59,2,422371,421906,465
28494401,32.4831,16.61,486,49105,0.845608,0.59,2,422407,421921,486
28497321,56.0966,32.122,512,49148,0.860243,0.69,2,422469,421957,512
28500241,28.8193,53.6244,475,49191,0.866097,0.69,2,422491,422016,475
28503161,29.7639,28.3249,483,49234,0.868439,0.67,2,422521,422038,483
28506081,37.9528,28.865,494,49277,0.893376,0.69,2,422561,422067,494
28733841,32.6645,19.727,524,52505,0.891955,1,2,424761,424237,524
28736761,26.5329,19.9454,529,52545,0.806782,1,2,424786,424257,529
28754281,33.8275,32.0379,518,52785,0.234275,1,1,424970,424452,518
28757201,31.5655,27.2076,523,52825,0.23171,1,1,425001,424478,523
28760121,21.5131,27.0415,515,52865,0.230684,1,1,425020,424505,515
28771801,21.1928,24.5105,502,53025,0.0845775,1,1,425106,424604,502
28774721,36.2386,31.3021,509,53065,0.063831,0.85,1,425146,424637,509
28777641,26.4477,35.0604,497,53105,0.0315324,0.96,1,425170,424673,497
28780561,23.6895,28.6121,493,53145,0.030613,0.99,1,425193,424700,493
28783481,26.3379,27.3224,493,53185,0.0542452,0.84,1,425220,424727,493
28786401,22.8676,32.6645,481,53225,0.0516981,0.75,1,425242,424761,481
28789321,6.17352,26.5329,458,53265,0.0506792,0.71,1,425244,424786,458
28792241,14.0347,18.9066,457,53305,0.0502717,0.55,1,425260,424803,457
28795161,17.2069,26.1813,447,53344,0.0741087,0.45,1,425278,424831,447
28798081,27.4414,32.4363,443,53383,0.0596435,0.43,1,425308,424865,443
28801001,26.2883,29.6873,440,53422,0.0538574,0.29,1,425334,424894,440
28803921,38.0577,41.1375,437,53461,0.063543,0.15,1,425375,424938,437
28806841,28.4115,33.8275,431,53500,0.0674172,0.23,1,425401,424970,431
28809761,29.6823,31.5655,430,53539,0.0449669,0.23,1,425431,425001,430
28812681,20.3365,21.5131,429,53578,0.0359867,0.13,1,425449,425020,429
28815601,19.2673,21.1026,427,53617,0.0443947,0.13,1,425468,425041,427
28818521,17.4535,17.8205,427,53656,0.0357579,0.13,1,425485,425058,427
28821441,26.6907,25.9641,428,53695,0.0683032,0.05,1,425514,425086,428
28824361,18.9381,21.1928,425,53734,0.0693213,0.05,1,425531,425106,425
28827281,34.9876,36.2386,424,53773,0.0937285,0.01,1,425570,425146,424
28847721,17.202,17.2069,424,54046,0.211888,0.05,1,425702,425278,424
28853561,26.2881,26.2883,424,54124,0.217502,0.07,1,425758,425334,424
28856481,37.2576,38.0577,423,54163,0.249001,0.07,1,425798,425375,423
28859401,29.8515,28.4115,425,54202,0.2736,0.03,1,425826,425401,425
28862321,28.3703,29.6823,423,54241,0.27144,0.03,1,425854,425431,423
28865241,20.0741,20.3365,423,54280,0.270576,0.05,1,425872,425449,423
28868161,18.4148,19.2673,422,54319,0.29423,0.03,1,425890,425468,422
28888601,30.2183,27.2559,430,54592,0.40554,0.15,1,426075,425645,430
28891521,22.0437,22.2512,429,54631,0.420216,0.19,1,426095,425666,429
28990801,24.6931,28.7445,473,55924,0.773795,0.59,2,426933,426460,473
28993721,33.7386,24.1489,486,55962,0.783518,0.59,2,426969,426483,486
28996641,23.5477,32.0298,473,56000,0.799407,0.63,2,426990,426517,473
28999561,6.30955,22.406,455,56038,0.781763,0.63,2,426992,426537,455
29002481,16.4619,6.08119,472,56076,0.774705,0.65,2,427011,426539,472
29005401,19.2924,15.6162,474,56114,0.807882,0.67,2,427031,426557,474
29008321,29.4585,17.5232,488,56151,0.797153,0.73,2,427063,426575,488
29011241,7.49169,28.3047,459,56188,0.792861,0.75,2,427065,426606,459
29014161,22.2983,26.4609,459,56225,0.815144,0.73,2,427091,426632,459
29017081,38.0597,39.6922,458,56262,0.836058,0.73,2,427133,426675,458
29020001,34.0119,34.3384,458,56299,0.832423,0.73,2,427166,426708,458
29022921,29.2024,29.2677,458,56336,0.866969,0.73,2,427194,426736,458
29025841,20.2405,20.2535,458,56373,0.868788,0.73,2,427212,426754,458
29028761,18.4481,18.4507,458,56410,0.893515,0.73,2,427230,426772,458
29031681,18.0896,18.0901,458,56447,0.879406,0.75,2,427248,426790,458
29034601,30.0179,29.218,459,56484,0.885762,0.75,2,427281,426822,459
29037521,18.8036,18.6436,459,56521,0.888305,0.75,2,427297,426838,459
29040441,41.3607,41.3287,459,56558,0.853322,0.75,2,427344,426885,459
29043361,28.2721,27.4657,460,56595,0.851329,0.79,2,427369,426909,460
29046281,25.6544,24.6931,461,56632,0.862531,0.79,2,427394,426933,461
29049201,33.9309,33.7386,461,56669,0.879013,0.81,2,427430,426969,461
29052121,23.5862,23.5477,461,56706,0.873605,0.77,2,427451,426990,461
29055041,6.31724,6.30955,461,56743,0.871442,0.77,2,427453,426992,461
29057961,18.0634,16.4619,463,56780,0.858577,0.83,2,427474,427011,463
29060881,18.0127,19.2924,461,56817,0.877431,0.79,2,427492,427031,461
29063801,29.2025,29.4585,461,56854,0.896972,0.79,2,427524,427063,461
29278421,441.709,470.54,511,27740,0.874,0.85,2,429527,429016,511
29309081,405.142,446.908,466,27740,0.4156,0.93,1,429923,429457,466
29312001,108.228,101.382,485,27816,0.20824,0.91,1,429957,429472,485
29317841,27.2091,26.2953,473,27968,0.0609184,0.83,1,430000,429527,473
29320761,37.4418,31.6591,480,28044,0.0543674,0.71,1,430040,429560,480
29323681,56.2884,67.1318,465,28120,0.0277469,0.61,1,430101,429636,465
29326601,38.4577,37.4264,469,28195,0.0650988,0.61,1,430135,429666,469
29329521,60.4915,40.2853,494,28270,0.0440395,0.37,1,430201,429707,494
29332441,50.4983,68.8571,466,28345,0.0716158,0.29,1,430249,429783,466
29335361,52.4997,72.1714,446,28420,0.0826463,0.11,1,430302,429856,446
29347041,38.516,24.5123,463,28717,0.237844,0.05,1,430463,430000,463
29349961,56.5032,36.9025,484,28791,0.257138,0.01,1,430524,430040,484
29352881,38.5006,56.1805,457,28865,0.240855,0.09,1,430558,430101,457
29355801,60.5001,38.4361,489,28938,0.258342,0.03,1,430624,430135,489
29358721,52.1,60.4872,473,29011,0.277337,0.09,1,430674,430201,473
29361641,52.82,50.4974,478,29084,0.272935,0.09,1,430727,430249,478
29364561,77.764,52.4995,509,29157,0.283174,0.17,1,430811,430302,509
29387921,52.2335,52.1,487,29733,0.42889,0.27,1,431161,430674,487
29390841,79.2467,52.82,520,29804,0.429556,0.29,1,431247,430727,520
29437561,40.474,37.9461,446,30922,0.762263,0.59,2,431876,431430,446
29440481,65.6948,62.7892,449,30990,0.802905,0.57,2,431948,431499,449
29443401,55.539,54.1578,450,31058,0.843162,0.65,2,432001,431551,450
29446321,55.9078,54.0316,452,31126,0.847265,0.65,2,432057,431605,452
29449241,79.1816,78.8063,452,31194,0.860906,0.65,2,432142,431690,452
29452161,17.4363,17.3613,452,31262,0.842362,0.65,2,432144,431692,452
29455081,16.2873,16.2723,452,31330,0.834945,0.65,2,432160,431708,452
29458001,22.4575,3.25445,476,31398,0.831978,0.65,2,432184,431708,476
29460921,40.4915,20.6509,496,31465,0.842791,0.67,2,432229,431733,496
29612761,25.1385,26.6248,502,34789,0.228918,1,1,434609,434107,502
29615681,35.4277,15.725,527,34850,0.0915674,1,1,434647,434120,527
29618601,19.8855,7.14499,538,34911,0.0426269,1,1,434663,434125,538
29621521,22.3771,30.229,525,34972,0.0230508,1,1,434686,434161,525
29624441,32.4754,34.0458,525,35032,0.0272203,1,1,434721,434196,525
29627361,56.0951,42.8092,542,35092,0.0408881,1,1,434783,434241,542
29630281,64.019,61.3618,542,35152,0.0163552,0.9,1,434849,434307,542
29633201,40.8038,69.8724,505,35212,0.0605421,0.93,1,434884,434379,505
29636121,70.5608,43.5745,546,35272,0.0782168,0.47,1,434962,434416,546
29639041,40.5122,90.3149,477,35332,0.0732867,0.41,1,434995,434518,477
29647801,35.0761,25.1385,460,35512,0.0406903,0,1,435069,434609,460
29650721,19.0152,35.4277,437,35572,0.0342761,0.01,1,435084,434647,437
29653641,23.003,19.8855,445,35631,0.0197105,0.01,1,435108,434663,445
29656561,31.8006,22.3771,456,35690,0.0258842,0.03,1,435142,434686,456
29659481,7.96012,32.4754,423,35749,0.0103537,0.05,1,435144,434721,423
29662401,51.192,56.0951,423,35808,0.0221415,0,1,435206,434783,423
29665321,63.0384,64.019,423,35867,0.0268566,0.09,1,435272,434849,423
29668241,42.2077,40.8038,425,35926,0.0107426,0.09,1,435309,434884,425
29671161,70.8415,70.5608,425,35985,0.0462971,0.07,1,435387,434962,425
29682841,34.0973,35.0761,424,36220,0.0674732,0.03,1,435493,435069,424
29685761,18.0195,19.0152,423,36278,0.0569893,0.01,1,435507,435084,423
29688681,22.8039,23.003,423,36336,0.0287957,0.03,1,435531,435108,423
29691601,31.7608,31.8006,423,36394,0.0175183,0,1,435565,435142,423
29694521,7.95216,7.96012,423,36452,0.0250073,0.03,1,435567,435144,423
29697441,50.3904,51.192,422,36510,0.0280029,0.03,1,435628,435206,422
29700361,63.6781,63.0384,423,36568,0.0112012,0,1,435695,435272,423
29703281,42.3356,42.2077,423,36626,0.00448047,0.07,1,435732,435309,423
29706201,73.2671,70.8415,426,36684,0.0317922,0.17,1,435813,435387,426
29709121,42.6534,42.1683,426,36742,0.0907169,0.11,1,435848,435422,426
29723721,22.6146,22.8039,422,37028,0.0498025,0.01,1,435953,435531,422
29726641,31.7229,31.7608,422,37085,0.025921,0.03,1,435987,435565,422
29729561,7.94458,7.95216,422,37142,0.0163684,0.03,1,435989,435567,422
29732481,50.3889,1.59043,483,37199,0.0245474,0.03,1,436050,435567,483
29735401,62.8778,49.1181,488,37256,0.00981894,0,1,436116,435628,488
29738321,42.1756,63.4236,458,37313,0.0219276,0,1,436153,435695,458
29741241,74.0351,42.2847,503,37370,0.062771,0.05,1,436235,435732,503
29744161,45.207,73.2569,460,37427,0.0911084,0.13,1,436273,435813,460
29767521,51.169,7.94458,483,37875,0.0589798,0.03,1,436472,435989,483
29770441,63.0338,50.3889,488,37931,0.0535919,0,1,436538,436050,488
29773361,42.2068,62.8778,459,37987,0.0394368,0.03,1,436575,436116,459
29776281,75.6414,42.1756,506,38043,0.0817747,0.09,1,436659,436153,506
29779201,47.9283,74.0351,465,38099,0.0747099,0.11,1,436700,436235,465
29782121,23.9857,45.207,445,38154,0.071884,0.13,1,436718,436273,445
29785041,19.9971,23.4414,446,38209,0.0827536,0.15,1,436737,436291,446
29802561,50.9596,7.84508,483,38539,0.0701713,0.03,1,436893,436410,483
29805481,63.7919,51.169,488,38594,0.0460685,0.05,1,436960,436472,488
29808401,14.3584,63.0338,424,38649,0.0364274,0.03,1,436962,436538,424
29811321,31.6717,42.2068,423,38704,0.032571,0.11,1,436998,436575,423
29814241,75.9343,75.6414,426,38759,0.0670284,0.07,1,437085,436659,426
29817161,47.1869,47.9283,425,38813,0.0808114,0.07,1,437125,436700,425
29820081,23.8374,23.9857,425,38867,0.0863245,0.09,1,437143,436718,425
29855121,47.3459,47.1869,424,39515,0.241669,0.09,1,437549,437125,424
29858041,23.8692,23.8374,424,39568,0.258668,0.11,1,437567,437143,424
29860961,21.5738,20.7675,425,39621,0.277467,0.15,1,437588,437163,425
29863881,32.3148,30.5535,427,39674,0.296987,0.17,1,437623,437196,427
29866801,18.463,17.3107,428,39727,0.292795,0.13,1,437638,437210,428
29872641,28.7385,29.1724,429,39833,0.295247,0.17,1,437689,437260,429
29875561,7.3477,7.43449,429,39886,0.292099,0.21,1,437691,437262,429
29884321,13.5308,14.2355,427,40045,0.286774,0.11,1,437812,437385,427
29890161,81.5012,6.32942,521,40151,0.299084,0.25,1,437942,437421,521
29916441,46.3065,7.34769,491,40621,0.403862,0.33,1,438182,437691,491
29919361,58.8613,46.2695,497,40673,0.443545,0.31,1,438244,437747,497
29986521,21.297,21.1401,450,41852,0.751196,0.59,2,438981,438531,450
29989441,29.8594,30.628,449,41902,0.786479,0.55,2,439013,438564,449
29992361,7.57188,7.7256,449,41952,0.776591,0.59,2,439015,438566,449
29995281,50.3144,48.7451,451,42002,0.820637,0.65,2,439076,438625,451
29998201,62.8629,60.149,454,42052,0.874255,0.65,2,439142,438688,454
30208441,402.892,443.216,445,20440,0.2644,0.51,1,441786,441341,445
30214281,39.3157,38.8486,454,20647,0.084304,0.27,1,441827,441373,454
30217201,71.0631,51.7697,478,20750,0.0757216,0.03,1,441906,441428,478
30220121,83.0126,93.5539,460,20852,0.0362886,0.07,1,441992,441532,460
30223041,100.603,113.911,446,20954,0.0565155,0.05,1,442097,441651,446
30225961,73.7205,75.5822,447,21055,0.0646062,0.13,1,442164,441717,447
30240561,82.4236,82.588,423,21554,0.0795064,0.07,1,442415,441992,423
30243481,102.085,100.518,425,21652,0.0978025,0.07,1,442522,442097,425
30258081,67.2045,68.1179,427,22138,0.204915,0.03,1,442756,442329,427
30261001,78.2409,82.4236,422,22234,0.243966,0.11,1,442837,442415,422
30263921,104.448,102.085,426,22329,0.259586,0.11,1,442948,442522,426
30284361,106.382,78.1736,545,22986,0.413693,0.27,1,443382,442837,545
30287281,78.8765,104.435,506,23078,0.447477,0.33,1,443454,442948,506
30325241,81.3914,81.7046,451,24244,0.751918,0.55,2,444161,443710,451
30328161,108.278,108.341,451,24331,0.774767,0.63,2,444276,443825,451
30331081,81.6557,80.0682,453,24418,0.831907,0.67,2,444351,443898,453
30334001,57.9311,56.0136,455,24505,0.818763,0.69,2,444403,443948,455
30336921,26.7862,25.6027,456,24591,0.861505,0.69,2,444422,443966,456
30339841,26.1572,25.9205,456,24677,0.854602,0.69,2,444448,443992,456
30342761,6.83145,6.78411,456,24763,0.875841,0.75,2,444450,443994,456
30462481,37.4865,39.8418,499,28057,0.87592,1,2,446856,446357,499
30465401,34.6973,37.5684,496,28132,0.878368,1,2,446890,446394,496
30468321,32.5395,37.9137,490,28207,0.849347,1,2,446922,446432,490
30471241,56.1079,57.9827,489,28282,0.753739,1,2,446984,446495,489
30477081,74.0843,8.23931,573,28432,0.436198,1,1,447105,446532,573
30480001,91.6169,74.4479,578,28506,0.228479,1,1,447201,446623,578
30491681,29.6442,37.4759,494,28802,0.0495771,0.88,1,447350,446856,494
30494601,29.1288,34.6952,489,28876,0.0498308,0.83,1,447379,446890,489
30497521,49.8258,32.539,512,28949,0.0619323,0.69,1,447434,446922,512
30503361,59.273,42.4216,513,29095,0.0951092,0.29,1,447536,447023,513
30506281,80.6546,74.0843,517,29168,0.0800437,0.09,1,447622,447105,517
30509201,65.7309,91.6169,483,29241,0.0980175,0.07,1,447684,447201,483
30529641,59.7825,40.3652,491,29744,0.205808,0.09,1,447963,447472,491
30538401,56.1903,65.7309,428,29957,0.203012,0.11,1,448112,447684,428
30541321,36.0381,37.9462,428,30028,0.231205,0.11,1,448143,447715,428
30544241,32.8076,32.3892,429,30098,0.242482,0.13,1,448175,447746,429
30547161,27.3615,28.0778,428,30168,0.270993,0.11,1,448201,447773,428
30550081,29.4723,28.8156,429,30238,0.282397,0.13,1,448231,447802,429
30553001,50.6945,50.5631,429,30308,0.262959,0.25,1,448287,447858,429
30555921,45.3389,42.9126,432,30378,0.231184,0.21,1,448331,447899,432
30558841,58.6678,59.7825,430,30448,0.278473,0.19,1,448393,447963,430
30573441,32.8405,32.8076,432,30794,0.403047,0.29,1,448607,448175,432
30576361,28.9681,27.3615,434,30863,0.407219,0.29,1,448635,448201,434
30579281,29.7936,29.4723,434,30932,0.432887,0.25,1,448665,448231,434
30623081,18.0887,81.0012,450,31943,0.758725,0.59,2,449364,448914,450
30626001,58.0177,17.8002,516,32009,0.78949,0.59,2,449432,448916,516
30628921,35.6035,57.96,478,32075,0.813796,0.55,2,449462,448984,478
30631841,32.7207,35.592,480,32141,0.859518,0.55,2,449494,449014,480
30637681,33.7888,31.3437,484,32273,0.894723,0.63,2,449561,449077,484
30777841,91.7813,65.2021,568,35281,0.78973,1,2,451712,451144,568
30812881,87.5712,91.7813,458,35994,0.759524,0.69,2,452170,451712,458
30815801,50.3142,51.1563,458,36053,0.765809,0.67,2,452211,451753,458
30818721,36.4628,39.0313,455,36112,0.756324,0.69,2,452244,451789,455
30821641,32.8926,32.6063,456,36171,0.75253,0.67,2,452276,451820,456
30824561,35.3785,36.1213,455,36229,0.787012,0.67,2,452312,451857,455
30827481,31.8757,32.0243,455,36287,0.788805,0.77,2,452343,451888,455
30830401,23.9751,23.2049,456,36345,0.825522,0.65,2,452365,451909,456
30833321,31.995,31.841,456,36403,0.816209,0.69,2,452399,451943,456
30836241,7.99901,7.96819,456,36461,0.812484,0.69,2,452401,451945,456
30839161,22.3998,22.3936,456,36519,0.834993,0.69,2,452427,451971,456
30842081,41.28,41.2787,456,36577,0.867997,0.73,2,452473,452017,456
30845001,54.656,53.8557,457,36635,0.893199,0.79,2,452531,452074,457
31026041,27.1187,34.2974,505,40054,0.856728,1,2,454930,454425,505
31028961,22.2237,26.0595,502,40107,0.762691,1,2,454951,454449,502
31040641,33.0276,46.8257,511,40318,0.290869,1,1,455142,454631,511
31046481,34.9211,38.673,515,40422,0.090939,1,1,455220,454705,515
31049401,33.3842,34.1346,515,40474,0.0363756,1,1,455253,454738,515
31052321,23.4768,38.0269,497,40526,0.0565502,0.97,1,455274,454777,497
31055241,35.8954,25.2054,514,40578,0.0406201,0.97,1,455313,454799,514
31058161,35.9791,37.8411,509,40630,0.022248,1,1,455349,454840,509
31061081,21.5958,37.9682,489,40682,0.0988992,0.96,1,455367,454878,489
31066921,19.9038,27.1187,476,40786,0.0770239,0.7,1,455406,454930,476
31069841,31.9808,22.2237,490,40838,0.0968096,0.61,1,455441,454951,490
31081521,36.3264,33.0276,467,41045,0.224382,0.01,1,455609,455142,467
31101961,18.5242,21.5958,445,41402,0.0827176,0.13,1,455812,455367,445
31104881,18.9048,19.5192,445,41453,0.087087,0.05,1,455831,455386,445
31142841,17.5829,18.5242,425,42110,0.210307,0.09,1,456237,455812,425
31145761,20.3166,18.9048,427,42160,0.210123,0.11,1,456258,455831,427
31148681,32.8633,32.581,427,42210,0.222049,0.11,1,456294,455867,427
31151601,8.17266,8.11619,427,42260,0.20282,0.11,1,456296,455869,427
31154521,57.6345,59.2232,425,42310,0.243128,0.11,1,456366,455941,425
31157441,41.9269,41.4446,426,42360,0.259251,0.13,1,456404,455978,426
31160361,29.9854,28.2889,428,42410,0.2537,0.19,1,456431,456003,428
31163281,38.7971,37.6578,429,42460,0.25148,0.19,1,456472,456043,429
31166201,36.5594,36.3316,429,42510,0.250592,0.19,1,456508,456079,429
31169121,26.5119,26.4663,429,42560,0.262237,0.19,1,456532,456103,429
31172041,21.3024,21.2933,429,42610,0.278895,0.17,1,456552,456123,429
31174961,34.6605,33.8587,430,42660,0.297558,0.21,1,456590,456160,430
31177881,39.7321,39.5717,430,42709,0.293023,0.17,1,456631,456201,430
31180801,24.7464,23.9143,431,42758,0.279209,0.23,1,456652,456221,431
31183721,17.7493,17.5829,431,42807,0.297684,0.21,1,456668,456237,431
31201241,29.0904,32.7054,458,43101,0.414705,0.25,1,456862,456404,458
31204161,38.6181,28.1411,472,43150,0.411882,0.25,1,456903,456431,472
31207081,36.5236,38.4282,467,43199,0.422753,0.25,1,456939,456472,467
31210001,27.3047,36.4856,456,43248,0.439101,0.27,1,456964,456508,456
31212921,22.2609,26.4971,453,43297,0.43364,0.29,1,456985,456532,453
31259641,39.4579,35.6522,485,44070,0.7722,0.49,2,457509,457024,485
31262561,25.4916,39.1304,467,44118,0.78288,0.49,2,457531,457064,467
31265481,19.4983,25.4261,463,44166,0.787152,0.51,2,457549,457086,463
31268401,23.0997,17.8852,471,44214,0.800861,0.55,2,457573,457102,471
31271321,35.0199,21.977,486,44262,0.806344,0.51,2,457611,457125,486
31274241,8.60399,34.7954,450,44310,0.808538,0.55,2,457613,457163,450
31277161,62.5208,8.55908,524,44358,0.857415,0.57,2,457689,457165,524
31280081,43.7042,60.9118,489,44406,0.876966,0.59,2,457728,457239,489
31283001,31.9408,42.5824,480,44454,0.872786,0.63,2,457757,457277,480
31285921,7.98817,30.1165,455,44501,0.871115,0.67,2,457759,457304,455
31541421,412.949,455.069,471,21900,0.415671,0.71,1,460516,460045,471
31550181,51.9756,69.6246,442,22189,0.0930829,0.03,1,460705,460263,442
31553101,65.5951,61.1249,452,22285,0.0372332,0.03,1,460774,460322,452
31556021,70.719,65.825,457,22380,0.0208933,0.03,1,460846,460389,457
31558941,57.3438,64.365,447,22475,0.0263573,0.03,1,460900,460453,447
31561861,29.0688,41.673,433,22569,0.0405429,0.03,1,460922,460489,433
31564781,83.4138,29.9346,503,22663,0.0582172,0.03,1,461019,460516,503
31567701,69.4827,70.7869,488,22757,0.0652869,0.09,1,461085,460597,488
31570621,49.8965,64.5574,470,22850,0.0921148,0.07,1,461130,460660,470
31573541,61.9793,48.9115,490,22943,0.0788459,0,1,461195,460705,490
31576461,69.9959,64.9823,493,23035,0.0495384,0.01,1,461267,460774,493
31579381,58.7992,70.5965,477,23127,0.0498153,0.03,1,461323,460846,477
31582301,28.5598,57.3193,444,23219,0.0619261,0.05,1,461344,460900,444
31585221,84.912,29.0639,521,23310,0.0427705,0.07,1,461443,460922,521
31588141,69.7824,83.4128,490,23401,0.0591082,0.07,1,461509,461019,490
31591061,51.5565,69.4826,471,23492,0.0776433,0.11,1,461556,461085,471
31596901,68.7823,61.9793,494,23672,0.0736229,0.03,1,461689,461195,494
31599821,59.3565,69.9959,479,23762,0.0474492,0.05,1,461746,461267,479
31602741,27.8713,58.7992,443,23851,0.0369797,0.07,1,461766,461323,443
31605661,84.7743,28.5598,521,23940,0.0447919,0.03,1,461865,461344,521
31608581,18.5549,84.912,424,24029,0.0479167,0.07,1,461867,461443,424
31611501,57.311,69.7824,425,24117,0.0731667,0.09,1,461934,461509,425
31623181,57.0709,59.3565,423,24467,0.0590411,0.03,1,462169,461746,423
31626101,27.4142,27.8713,423,24554,0.0296164,0.05,1,462189,461766,423
31629021,85.4828,84.7743,424,24640,0.0538466,0.05,1,462289,461865,424
31631941,18.6966,18.5549,424,24726,0.0635386,0.09,1,462291,461867,424
31634861,59.7393,57.311,427,24812,0.0554154,0.17,1,462361,461934,427
31637781,51.1479,49.8622,428,24897,0.0641662,0.09,1,462410,461982,428
31640701,61.4296,62.7724,426,24982,0.0796665,0.15,1,462474,462048,426
31652381,86.1015,85.4828,423,25320,0.201863,0.07,1,462712,462289,423
31655301,18.8203,18.6966,423,25404,0.218745,0.05,1,462714,462291,423
31658221,60.5641,59.7393,424,25487,0.225498,0.05,1,462785,462361,424
31661141,51.3128,11.9479,473,25570,0.228199,0.07,1,462834,462361,473
31664061,63.0626,41.5896,490,25653,0.27728,0.09,1,462900,462410,490
31666981,69.4125,59.5179,497,25736,0.296912,0.21,1,462971,462474,497
31684501,52.2796,60.5639,482,26226,0.424759,0.23,1,463267,462785,482
31722461,28.8391,27.9684,451,27258,0.752626,0.63,2,463931,463480,451
31725381,89.7678,87.9937,453,27336,0.76305,0.63,2,464036,463583,453
31728301,19.5536,19.1987,453,27413,0.76722,0.73,2,464038,463585,453
31731221,64.7107,62.2397,456,27490,0.768888,0.71,2,464114,463658,456
31734141,55.3421,54.048,457,27567,0.769555,0.71,2,464167,463710,457
31737061,12.6684,12.4096,457,27644,0.793822,0.71,2,464169,463712,457
31739981,56.9337,56.8819,457,27721,0.779529,0.73,2,464237,463780,457
31742901,73.7867,72.9764,458,27797,0.761811,0.73,2,464315,463857,458
31745821,56.3573,56.1953,458,27873,0.790725,0.77,2,464367,463909,458
31748741,28.8715,28.8391,458,27949,0.82629,0.77,2,464389,463931,458
31859701,38.9568,32.0098,503,30696,0.866954,1,2,466314,465811,503
31862621,75.7914,85.602,489,30765,0.760781,1,2,466399,465910,489
31880141,64.1218,73.6047,473,31175,0.293998,0.87,1,466672,466199,473
31883061,42.4244,41.9209,476,31243,0.267599,0.93,1,466709,466233,476
31885981,32.4849,42.7842,463,31311,0.24504,0.93,1,466739,466276,463
31888901,32.897,8.55684,496,31379,0.200016,0.83,1,466772,466276,496
31923941,35.6509,71.3794,455,32178,0.235298,0.11,1,467308,466853,455
31926861,47.9302,36.6759,478,32244,0.280119,0.13,1,467359,466881,478
31929781,41.586,48.1352,467,32310,0.298048,0.13,1,467399,466932,467
31932701,28.3172,42.427,451,32375,0.293219,0.11,1,467424,466973,451
31935621,41.6634,26.8854,473,32440,0.279288,0.17,1,467469,466996,473
31938541,58.7327,41.3771,491,32505,0.285715,0.19,1,467532,467041,491
31950221,73.3484,31.2726,513,32765,0.400386,0.19,1,467714,467201,513
31953141,16.2697,70.2545,435,32830,0.418155,0.27,1,467716,467281,435
31956061,25.6539,35.6509,436,32894,0.425262,0.31,1,467744,467308,436
32014461,75.3126,75.2865,448,34156,0.780459,0.57,2,468605,468157,448
32017381,16.6625,16.6573,448,34218,0.822184,0.57,2,468607,468159,448
32020301,26.5325,3.33146,477,34280,0.826874,0.61,2,468636,468159,477
32023221,48.5065,23.0663,503,34342,0.840749,0.63,2,468690,468187,503
32026141,47.3013,46.2133,498,34404,0.8343,0.73,2,468737,468239,498
32029061,28.6603,43.6427,479,34465,0.84372,0.69,2,468761,468282,479
32031981,44.1321,27.9285,503,34526,0.859488,0.69,2,468809,468306,503
32034901,58.4264,43.9857,517,34587,0.889795,0.73,2,468871,468354,517
32183821,88.8814,34.2687,577,37576,0.8308,1,2,470987,470410,577
32192581,30.5671,32.2101,508,37744,0.435971,1,1,471080,470572,508
32198421,29.0627,28.6484,511,37856,0.243755,1,1,471134,470623,511
32204261,28.6825,24.3459,514,37968,0.0714009,1,1,471194,470680,514
32207181,44.9365,30.4692,531,38024,0.0465603,1,1,471243,470712,531
32210101,44.1873,50.8938,519,38080,0.0366241,1,1,471287,470768,519
32213021,33.6375,50.1788,500,38135,0.0446497,1,1,471318,470818,500
32215941,37.1275,34.0358,508,38190,0.0478599,0.92,1,471356,470848,508
32218861,74.6255,36.4072,555,38245,0.0491439,0.75,1,471440,470885,555
32221781,37.3251,88.8814,481,38300,0.0616576,0.55,1,471468,470987,481
32224701,25.865,44.1763,471,38355,0.054663,0.45,1,471491,471020,471
32227621,22.773,32.8353,463,38410,0.0518652,0.37,1,471513,471050,463
32230541,23.7546,30.5671,457,38465,0.0627461,0.25,1,471537,471080,457
32233461,23.9509,25.3134,457,38520,0.0910984,0.19,1,471561,471104,457
32245141,43.8207,44.9365,423,38740,0.0690041,0.03,1,471666,471243,423
32248061,44.7641,44.1873,424,38795,0.0276016,0.05,1,471711,471287,424
32250981,32.1528,33.6375,422,38849,0.0170407,0.05,1,471740,471318,422
32253901,37.6306,37.1275,423,38903,0.0368163,0.05,1,471779,471356,423
32256821,74.7261,74.6255,423,38957,0.0807265,0.07,1,471863,471440,423
32259741,38.9452,37.3251,425,39011,0.0742906,0.05,1,471893,471468,425
32262661,25.389,25.865,424,39065,0.0597162,0.05,1,471915,471491,424
32265581,21.8778,22.773,423,39119,0.0658865,0.07,1,471936,471513,423
32268501,27.5756,23.7546,428,39173,0.0923546,0.11,1,471965,471537,428
32291861,39.0872,37.6306,424,39603,0.0826691,0.11,1,472203,471779,424
32315221,7.35529,7.3566,427,40027,0.211189,0.15,1,472447,472020,427
32318141,17.4711,17.4713,427,40080,0.222476,0.15,1,472467,472040,427
32321061,41.0942,3.49426,474,40133,0.22699,0.13,1,472514,472040,474
32323981,43.4188,39.0989,470,40186,0.228796,0.11,1,472558,472088,470
32326901,30.2838,44.6198,451,40239,0.229518,0.09,1,472585,472134,451
32329821,40.4568,31.324,466,40291,0.217807,0.07,1,472628,472162,466
32332741,76.0914,39.0648,510,40343,0.249123,0.13,1,472713,472203,510
32335661,40.8183,75.813,457,40395,0.285649,0.13,1,472745,472288,457
32364861,30.3479,43.4188,459,40915,0.428371,0.23,1,473017,472558,459
32367781,39.6696,30.2838,474,40967,0.441348,0.21,1,473059,472585,474
32370701,78.3339,40.4568,519,41019,0.434539,0.27,1,473147,472628,519
32423261,32.3861,33.1109,446,41935,0.755645,0.49,2,473707,473261,446
32426181,24.8772,24.2222,447,41985,0.764258,0.51,2,473730,473283,447
32429101,28.9754,28.8444,447,42035,0.767703,0.51,2,473760,473313,447
32434941,20.679,18.2738,450,42135,0.760032,0.57,2,473786,473336,450
32437861,44.1358,43.6548,450,42185,0.814013,0.57,2,473836,473386,450
32440781,44.8272,44.731,450,42235,0.835605,0.57,2,473881,473431,450
32443701,10.5654,10.5462,450,42285,0.844242,0.61,2,473883,473433,450
32446621,24.5131,24.5092,450,42335,0.823697,0.63,2,473911,473461,450
32449541,39.3026,38.5018,451,42385,0.827479,0.67,2,473954,473503,451
32452461,79.0605,77.3004,453,42435,0.876992,0.69,2,474043,473590,453
32467061,24.1469,24.8772,458,42684,0.898545,0.77,2,474188,473730,458
32639341,33.8352,33.0437,488,45507,0.897232,1,2,476129,475641,488
32642261,32.367,29.0087,492,45553,0.832893,1,2,476161,475669,492
32645181,28.0734,23.4017,497,45599,0.855157,1,2,476188,475691,497
32648101,33.6147,32.6803,497,45645,0.828063,1,2,476223,475726,497
32651021,37.9229,40.9361,493,45691,0.781225,1,2,476262,475769,493
32668541,41.0075,15.647,518,45967,0.245249,1,1,476478,475960,518
32677301,22.8881,24.8932,497,46105,0.0965759,1,1,476547,476050,497
32683141,31.1555,17.1557,505,46197,0.0718521,0.87,1,476596,476091,505
32686061,31.8311,33.8311,499,46243,0.0827409,0.79,1,476628,476129,499
32688981,24.7662,32.3662,490,46289,0.0870963,0.87,1,476651,476161,490
32691901,30.5532,28.0732,495,46335,0.0888385,0.81,1,476683,476188,495
32718181,19.4247,28.2015,445,46741,0.21373,0.11,1,476948,476503,445
32721101,22.2849,22.4403,447,46786,0.235492,0.07,1,476971,476524,447
32724021,15.657,22.8881,438,46831,0.244197,0.11,1,476985,476547,438
32726941,30.3314,15.7776,458,46876,0.295679,0.05,1,477019,476561,458
32735701,32.3067,24.7662,458,47011,0.282203,0.09,1,477109,476651,458
32756141,37.6198,60.0854,462,47326,0.403167,0.19,1,477338,476876,462
32761981,6.78479,25.1234,433,47415,0.416107,0.23,1,477363,476930,433
32764901,15.757,19.4247,433,47459,0.400443,0.25,1,477381,476948,433
32770741,18.0703,15.657,437,47547,0.403671,0.33,1,477422,476985,437
32773661,31.6141,30.3314,438,47591,0.407468,0.33,1,477457,477019,438
32776581,31.9228,31.6663,438,47635,0.408987,0.29,1,477489,477051,438
32779501,23.9846,25.5333,436,47679,0.433595,0.27,1,477511,477075,436
32782421,33.5969,32.3067,438,47723,0.443438,0.39,1,477547,477109,438
32849581,38.5785,37.9694,454,48729,0.751827,0.65,2,478234,477780,454
32852501,25.3157,25.1939,454,48772,0.798731,0.65,2,478256,477802,454
32855421,6.66314,6.63877,454,48815,0.793492,0.65,2,478258,477804,454
32858341,15.7326,15.7278,454,48858,0.815397,0.65,2,478276,477822,454
32861261,22.3465,3.14555,478,48901,0.800159,0.67,2,478300,477822,478
32864181,17.2693,19.8291,470,48944,0.794064,0.67,2,478316,477846,470
32867101,33.0539,16.7658,491,48987,0.803625,0.65,2,478353,477862,491
32870021,33.0108,32.9532,487,49030,0.79545,0.67,2,478386,477899,487
32872941,24.2022,32.1906,477,49073,0.80418,0.73,2,478408,477931,477
32875861,33.6404,24.0381,491,49116,0.807672,0.69,2,478444,477953,491
32878781,43.5281,33.6076,501,49159,0.821069,0.75,2,478490,477989,501
32881701,34.3056,44.3215,486,49202,0.826428,0.69,2,478522,478036,486
32884621,19.6611,33.6643,471,49245,0.840571,0.73,2,478538,478067,471
32887541,18.3322,19.5329,473,49288,0.858228,0.73,2,478556,478083,473
32890461,25.2664,18.3066,482,49331,0.877291,0.71,2,478583,478101,482
33109461,63.8421,73.4309,461,24090,0.25624,0.77,1,480905,480444,461
33115301,73.2737,62.2972,496,24266,0.0949984,0.51,1,481031,480535,496
33118221,69.0547,84.4594,474,24353,0.0799994,0.29,1,481099,480625,474
33141581,72.1572,70.258,428,25041,0.23739,0.13,1,481527,481099,428
33170781,32.2358,66.35,459,25874,0.437757,0.33,1,482051,481592,459
33205821,52.2203,64.9299,494,26840,0.760217,0.51,2,482694,482200,494
33208741,12.0441,51.386,448,26919,0.766087,0.55,2,482696,482248,448
33211661,64.8088,71.8772,449,26998,0.792435,0.59,2,482774,482325,449
33214581,73.7618,73.5754,451,27076,0.814974,0.67,2,482850,482399,451
33217501,75.5524,72.3151,455,27154,0.82399,0.69,2,482926,482471,455
33220421,35.1105,33.663,456,27232,0.839596,0.71,2,482951,482495,456
33223341,21.4221,19.5326,458,27310,0.893838,0.77,2,482969,482511,458
33345981,31.759,42.0636,493,30395,0.874,1,2,485127,484634,493
33348901,71.9518,85.2127,479,30465,0.8356,1,2,485209,484730,479
33357661,33.6316,33.6737,497,30672,0.441078,1,1,485370,484873,497
33363501,34.3053,29.3469,504,30810,0.278173,1,1,485436,484932,504
33366421,39.6611,53.8694,485,30879,0.261269,1,1,485477,484992,485
33369341,63.9322,69.9739,481,30948,0.206508,1,1,485547,485066,481
33398541,58.5747,39.5994,495,31624,0.249772,0.17,1,485972,485477,495
33401461,31.7149,63.9199,450,31691,0.249909,0.15,1,485997,485547,450
33404381,29.543,31.984,455,31758,0.249964,0.13,1,486026,485571,455
33407301,66.7086,27.9968,504,31825,0.261985,0.17,1,486102,485598,504
33410221,71.7417,67.1994,500,31891,0.266794,0.17,1,486175,485675,500
33413141,41.5483,70.2399,463,31957,0.268718,0.15,1,486209,485746,463
33416061,30.7097,42.048,456,32023,0.269487,0.11,1,486237,485781,456
33418981,28.5419,29.2096,458,32089,0.269795,0.15,1,486265,485807,458
33430661,31.7193,58.5747,458,32353,0.416299,0.25,1,486430,485972,458
33433581,30.3439,31.7149,463,32418,0.44852,0.25,1,486460,485997,463
33471541,72.3219,71.7738,448,33256,0.76769,0.55,2,487057,486609,448
33474461,42.4644,41.5548,449,33320,0.781076,0.55,2,487092,486643,449
33477381,30.8929,30.7109,449,33383,0.810431,0.55,2,487120,486671,449
33480301,28.5786,28.5422,449,33446,0.834172,0.55,2,487148,486699,449
33483221,7.31571,7.30844,449,33509,0.819669,0.59,2,487150,486701,449
33486141,30.2631,30.2617,449,33572,0.813868,0.55,2,487186,486737,449
33489061,43.6526,42.0523,451,33635,0.835547,0.61,2,487233,486782,451
33491981,60.7305,61.2105,450,33698,0.844219,0.63,2,487298,486848,450
33494901,32.9461,32.2421,451,33761,0.823687,0.65,2,487324,486873,451
33497821,33.7892,32.0484,453,33824,0.851475,0.75,2,487358,486905,453
33500741,74.7578,69.6097,459,33887,0.86259,0.81,2,487443,486984,459
33503661,74.1516,72.3219,460,33949,0.891036,0.79,2,487517,487057,460
33692001,416.381,458.008,462,16060,0.4108,0.59,1,490120,489658,462
33694921,145.676,131.602,490,16916,0.23032,0.23,1,490198,489708,490
33697841,145.935,121.52,517,17042,0.092128,0,1,490344,489827,517
33700761,102.787,144.304,459,17167,0.0368512,0.07,1,490436,489977,459
33703681,68.5574,88.0608,445,17291,0.0207405,0.03,1,490496,490051,445
33706601,37.7115,48.8122,436,17414,0.0262962,0.03,1,490526,490090,436
33709521,85.1423,33.7624,503,17536,0.0405185,0.11,1,490623,490120,503
33712441,133.028,69.1525,570,17657,0.0342074,0,1,490768,490198,570
33715361,99.4057,130.63,515,17777,0.019683,0,1,490859,490344,515
33718281,67.0811,99.7261,482,17896,0.0378732,0.01,1,490918,490436,482
33721201,36.6162,67.9452,451,18015,0.0211493,0.03,1,490947,490496,451
33724121,8.92325,37.589,423,18133,0.0144597,0.05,1,490949,490526,423
33727041,80.1847,85.1178,424,18250,0.0357839,0.03,1,491047,490623,424
33729961,130.437,133.024,422,18366,0.0323136,0.01,1,491190,490768,422
33732881,100.487,99.4047,424,18482,0.0189254,0.05,1,491283,490859,424
33735801,66.4975,67.0809,423,18597,0.0375702,0.01,1,491341,490918,423
33738721,36.4995,36.6162,423,18711,0.0330281,0.01,1,491370,490947,423
33741641,8.8999,8.92324,423,18824,0.0312112,0.05,1,491372,490949,423
33747481,130.276,130.437,422,19049,0.0637938,0.01,1,491612,491190,422
33750401,100.455,100.487,422,19160,0.0315175,0.05,1,491705,491283,422
33753321,66.491,66.4975,422,19271,0.054607,0.03,1,491763,491341,422
33756241,36.4982,36.4995,422,19381,0.0278428,0.03,1,491792,491370,422
33759161,8.89964,8.8999,422,19490,0.0291371,0.17,1,491794,491372,422
33762081,84.1799,79.38,428,19599,0.0296548,0.17,1,491897,491469,428
33765001,125.636,15.876,564,19707,0.0658619,0.03,1,492033,491469,564
33767921,100.327,117.575,515,19815,0.0683448,0.01,1,492127,491612,515
33770841,66.4654,97.915,480,19922,0.0813379,0.07,1,492185,491705,480
33773761,35.6931,65.983,450,20028,0.0865352,0.01,1,492213,491763,450
33776681,8.73862,36.3966,423,20134,0.0646141,0.03,1,492215,491792,423
33779601,84.9477,8.87932,525,20239,0.0798456,0.03,1,492319,491794,525
33797121,84.966,8.73862,529,20860,0.21631,0.09,1,492744,492215,529
33800041,132.193,84.9477,569,20962,0.236524,0.23,1,492888,492319,569
33802961,28.0386,126.59,434,21063,0.24461,0.11,1,492890,492456,434
33805881,74.4077,99.7179,427,21164,0.259844,0.15,1,492976,492549,427
33820481,132.675,132.193,434,21660,0.409384,0.25,1,493322,492888,434
33823401,28.1351,28.0386,434,21758,0.433754,0.27,1,493324,492890,434
33867201,79.3235,29.1228,537,23177,0.800491,0.59,2,494305,493768,537
33870121,71.0647,77.0246,517,23268,0.830196,0.57,2,494374,493857,517
33873041,39.8129,69.8049,481,23359,0.818079,0.55,2,494406,493925,481
33875961,9.56259,37.961,453,23450,0.813231,0.61,2,494408,493955,453
33878881,87.5125,9.1922,558,23540,0.883293,0.61,2,494515,493957,558
33960641,78.0751,70.3176,557,25942,0.867902,1,2,496280,495723,557
33963561,32.415,74.8635,502,26024,0.761161,1,2,496301,495799,502
33978161,58.2107,135.385,504,26428,0.256309,1,1,496598,496094,504
33981081,66.8421,51.877,542,26508,0.240524,1,1,496667,496125,542
33984001,69.3684,70.3754,537,26588,0.27021,0.78,1,496737,496200,537
33986921,27.4737,78.0751,474,26668,0.270084,0.69,1,496754,496280,474
33989841,11.8947,32.415,461,26747,0.270034,0.67,1,496762,496301,461
33992761,23.9789,13.683,479,26826,0.270013,0.61,1,496789,496310,479
33995681,57.5958,28.3366,513,26905,0.270005,0.35,1,496855,496342,513
33998601,13.1192,67.2673,438,26984,0.270002,0.23,1,496857,496419,438
34007361,66.121,66.8421,433,27218,0.41448,0.29,1,497100,496667,433
34077441,13.4535,59.91,450,29027,0.75761,0.59,2,498188,497738,450
34080361,113.891,13.582,587,29100,0.801044,0.59,2,498327,497740,587
34083281,60.3781,111.516,498,29173,0.806418,0.59,2,498374,497876,498
34086201,68.0756,60.7033,520,29246,0.856567,0.63,2,498444,497924,520
34200081,33.8944,55.1202,507,31946,0.436978,1,1,500299,499792,507
34203001,53.1789,32.624,538,32012,0.288791,0.97,1,500357,499819,538
34205921,53.0358,54.5248,531,32078,0.217516,1,1,500410,499879,531
34211761,32.5214,34.181,505,32210,0.0816026,0.99,1,500476,499971,505
34214681,29.7043,32.4362,502,32276,0.050641,1,1,500505,500003,502
34217601,39.5409,32.0872,512,32342,0.0502564,1,1,500547,500035,512
34220521,31.9082,40.0174,500,32407,0.0381026,0.92,1,500577,500077,500
34223441,86.3816,32.8035,569,32472,0.057241,0.53,1,500677,500108,569
34226361,46.0763,103.361,484,32537,0.0768964,0.43,1,500713,500229,484
34229281,31.6153,53.4721,471,32602,0.0367586,0.37,1,500741,500270,471
34232201,42.3231,33.8944,487,32667,0.0567034,0.19,1,500786,500299,487
34261401,28.9553,31.6153,424,33309,0.216239,0.07,1,501165,500741,424
34264321,40.9911,42.3231,423,33372,0.224496,0.17,1,501209,500786,423
34267241,52.1982,48.4646,428,33435,0.287798,0.13,1,501264,500836,428
34284761,33.4387,31.4071,431,33813,0.400422,0.19,1,501431,501000,431
34287681,88.2877,87.8814,431,33876,0.406169,0.21,1,501533,501102,431
34302281,12.7143,12.0396,438,34186,0.41071,0.31,1,501704,501266,438
34305201,26.5429,27.2079,437,34248,0.422284,0.31,1,501734,501297,437
34308121,27.7086,5.44159,465,34310,0.414914,0.37,1,501762,501297,465
34313961,44.9483,27.0977,487,34434,0.405986,0.41,1,501840,501353,487
34319801,88.1979,33.4039,541,34556,0.447758,0.41,1,501972,501431,541
34363601,57.8171,41.0256,508,35463,0.763372,0.51,2,502588,502080,508
34366521,13.1634,57.8051,448,35523,0.779349,0.51,2,502590,502142,448
34369441,26.6327,13.161,476,35583,0.79774,0.51,2,502620,502144,476
34372361,29.3265,26.6322,476,35642,0.817096,0.53,2,502650,502174,476
34375281,7.46531,28.5264,449,35701,0.824838,0.57,2,502652,502203,449
34378201,24.6931,28.1053,450,35760,0.827935,0.53,2,502681,502231,450
34381121,41.7386,44.0211,448,35819,0.829174,0.53,2,502727,502279,448
34384041,36.3477,34.4042,451,35878,0.84167,0.69,2,502762,502311,451
34544641,37.9585,32.0443,488,38985,0.866543,1,2,504973,504485,488
34547561,29.9917,29.6089,487,39039,0.868617,1,2,505001,504514,487
34550481,37.1983,24.3218,503,39093,0.797447,1,2,505040,504537,503
34638081,25.0649,13.6048,476,40683,0.760574,0.65,2,506043,505567,476
34641001,24.213,22.721,475,40735,0.77823,0.61,2,506067,505592,475
34643921,68.8426,25.3442,529,40787,0.785292,0.65,2,506147,505618,529
34646841,53.7685,65.8688,503,40839,0.812117,0.65,2,506197,505694,503
34649761,31.5537,53.1738,479,40891,0.834847,0.67,2,506223,505744,479
34652681,39.9107,32.2348,494,40943,0.843939,0.63,2,506265,505771,494
34655601,46.3821,39.2469,501,40995,0.847576,0.69,2,506313,505812,501
34658521,35.6764,43.8494,489,41046,0.84903,0.71,2,506346,505857,489
34661441,28.7353,35.1699,483,41097,0.873612,0.73,2,506373,505890,483
34664361,29.7471,27.834,487,41148,0.895445,0.73,2,506403,505916,487
34827881,37.1149,32.9039,515,43927,0.87112,1,2,508307,507792,515
34830801,30.623,36.9808,506,43975,0.882448,1,2,508336,507830,506
34842481,11.761,18.056,488,44167,0.893503,0.99,2,508430,507942,488
35003081,430.221,466.685,493,20440,0.777232,1,2,510253,509760,493
35026441,534.844,570.937,457,18980,0.820893,0.77,2,510814,510357,457
35029361,190.969,147.787,520,21270,0.886357,0.75,2,510919,510399,520
35122801,66.3694,64.9257,489,24257,0.89128,1,2,513037,512548,489
35125721,44.4739,48.1851,484,24344,0.776512,1,2,513076,512592,484
35140321,70.6882,59.2346,497,24776,0.0425691,0.93,1,513394,512897,497
35143241,55.7376,71.8469,474,24862,0.0710276,0.85,1,513446,512972,474
35146161,54.3475,66.3694,463,24947,0.0344111,0.7,1,513500,513037,463
35149081,36.4695,44.4739,456,25032,0.0317644,0.41,1,513532,513076,456
35152001,60.0939,72.0948,443,25117,0.0307058,0.25,1,513598,513155,443
35154921,34.4188,44.019,434,25201,0.0182823,0.07,1,513626,513192,434
35157841,71.6838,83.2038,422,25285,0.0373129,0.05,1,513707,513285,422
35160761,39.9368,41.4408,423,25369,0.0329252,0,1,513739,513316,423
35163681,72.7874,70.6882,426,25453,0.0191701,0,1,513820,513394,426
35166601,52.9575,14.1376,474,25536,0.061668,0.09,1,513868,513394,474
35169521,53.7915,44.4275,476,25619,0.0306672,0.01,1,513922,513446,476
35172441,35.5583,52.0855,453,25702,0.0182669,0.03,1,513953,513500,453
35175361,59.9117,36.0171,487,25784,0.0613068,0.03,1,514019,513532,487
35178281,34.3823,60.0034,449,25866,0.0545227,0.01,1,514047,513598,449
35181201,71.6765,34.4007,502,25948,0.0758091,0.05,1,514128,513626,502
35184121,39.9353,71.6801,453,26030,0.0363236,0.03,1,514160,513707,453
35187041,73.5871,39.936,503,26111,0.0205295,0.01,1,514242,513739,503
35189961,54.7174,72.7872,472,26192,0.0382118,0.09,1,514292,513820,472
35192881,52.5435,52.9574,476,26273,0.0332847,0.01,1,514344,513868,476
35195801,36.1087,53.7915,454,26354,0.0313139,0.01,1,514376,513922,454
35198721,60.0217,35.5583,489,26434,0.0545256,0.09,1,514442,513953,489
35201641,32.8043,59.9117,449,26514,0.0758102,0.05,1,514468,514019,449
35204561,74.5609,34.3823,506,26594,0.0483241,0.09,1,514553,514047,506
35207481,37.3122,71.6765,453,26674,0.0253296,0.01,1,514581,514128,453
35210401,73.0624,39.9353,503,26753,0.0281319,0.01,1,514663,514160,503
35213321,55.4125,73.5871,472,26832,0.0532527,0.05,1,514714,514242,472
35216241,53.4825,54.7174,475,26911,0.0753011,0.03,1,514767,514292,475
35219161,12.2965,52.5435,425,26990,0.0841204,0.03,1,514769,514344,425
35222081,27.2593,36.1087,424,27068,0.0996482,0.07,1,514800,514376,424
35225001,59.8519,60.0217,426,27146,0.0938593,0.09,1,514868,514442,426
35227921,31.1704,32.8043,424,27224,0.0795437,0.03,1,514892,514468,424
35230841,73.4341,74.5609,423,27302,0.0618175,0.01,1,514976,514553,423
35233761,37.0868,37.3122,423,27380,0.042727,0.03,1,515004,514581,423
35236681,73.0174,73.0624,423,27457,0.0470908,0.07,1,515086,514663,423
35239601,57.0035,55.4125,425,27534,0.0608363,0.09,1,515139,514714,425
35242521,54.6007,53.4825,426,27611,0.0663345,0.09,1,515193,514767,426
35245441,12.5201,12.2965,426,27688,0.0685338,0.11,1,515195,514769,426
35262961,73.7201,73.0174,423,28143,0.0565578,0.07,1,515509,515086,423
35265881,58.744,57.0035,425,28218,0.0526231,0.07,1,515564,515139,425
35268801,55.7488,54.6007,426,28293,0.0870493,0.07,1,515619,515193,426
35286321,33.4082,70.9864,452,28739,0.213816,0.11,1,515850,515398,452
35289241,70.6816,36.5973,504,28813,0.247527,0.01,1,515930,515426,504
35292161,58.1363,73.7195,476,28886,0.213011,0.05,1,515985,515509,476
35295081,59.6273,58.7439,481,28959,0.223204,0.11,1,516045,515564,481
35298001,13.5255,55.7488,428,29032,0.227282,0.11,1,516047,515619,428
35300921,29.9051,12.7498,460,29105,0.264913,0.15,1,516081,515621,460
35303841,61.181,28.15,497,29178,0.279965,0.15,1,516150,515653,497
35306761,31.4362,60.03,453,29251,0.297986,0.17,1,516174,515721,453
35318441,57.8359,70.6816,485,29539,0.416444,0.19,1,516415,515930,485
35373921,69.4047,70.0062,451,30871,0.756239,0.61,2,517253,516802,451
35382681,15.2112,14.832,455,31076,0.755679,0.71,2,517383,516928,455
35388521,60.9285,61.7133,454,31212,0.794109,0.69,2,517488,517034,454
35391441,13.7857,13.9427,454,31280,0.815643,0.69,2,517490,517036,454
35394361,24.3571,2.78853,481,31348,0.824257,0.69,2,517517,517036,481
35397281,76.8714,21.3577,545,31415,0.827703,0.73,2,517607,517062,545
35400201,35.3743,74.6715,482,31482,0.841081,0.75,2,517632,517150,482
35403121,69.4749,34.9343,535,31549,0.894433,0.77,2,517710,517175,535
35528681,50.6776,4.81124,551,34313,0.897245,1,2,519620,519069,551
35531601,65.3355,60.9622,545,34375,0.784898,1,2,519689,519144,545
35534521,57.0671,66.5925,532,34437,0.751959,1,2,519744,519212,532
35566641,55.8547,65.3355,513,35106,0.754092,0.73,2,520202,519689,513
35569561,39.1709,57.0671,493,35166,0.763637,0.63,2,520237,519744,493
35572481,32.6342,43.4134,484,35226,0.755455,0.61,2,520268,519784,484
35575401,41.7268,31.8827,499,35286,0.788182,0.65,2,520312,519813,499
35578321,41.1454,44.7765,492,35346,0.765273,0.61,2,520353,519861,492
35581241,30.6291,40.9553,480,35406,0.792109,0.61,2,520381,519901,480
35584161,54.1258,28.9911,514,35466,0.850844,0.59,2,520441,519927,514
35771041,36.2055,41.0316,488,39096,0.873785,1,2,522922,522434,488
35773961,35.2411,31.4063,494,39150,0.811514,1,2,522957,522463,494
35776881,34.2482,35.8813,491,39204,0.846606,1,2,522991,522500,491
35779801,46.8496,54.3763,482,39258,0.776642,1,2,523041,522559,482
35782721,41.3699,38.8753,487,39312,0.796657,1,2,523081,522594,487
35785641,42.674,35.775,495,39366,0.756663,1,2,523124,522629,495
35788561,34.1348,26.355,503,39420,0.788665,1,2,523156,522653,503
35791481,28.427,35.671,492,39474,0.789466,0.99,2,523183,522691,492
35794401,28.0854,34.3342,486,39528,0.789786,0.99,2,523211,522725,486
35797321,20.0171,28.4668,477,39581,0.813915,1,2,523229,522752,477
35800241,45.6034,53.6934,469,39634,0.823566,1,2,523281,522812,469
35803161,34.7207,37.1387,468,39687,0.839426,0.85,2,523313,522845,468
35806081,41.3441,41.0277,469,39740,0.845771,0.85,2,523356,522887,469
35809001,31.4688,36.2055,463,39793,0.848308,0.77,2,523385,522922,463
35811921,35.0938,35.2411,464,39846,0.813323,0.87,2,523421,522957,464
35814841,30.2188,34.2482,459,39899,0.787329,0.73,2,523450,522991,459
35817761,46.0438,46.8496,459,39952,0.836932,0.81,2,523500,523041,459
35820681,45.2087,41.3699,464,40005,0.856773,0.73,2,523545,523081,464
35823601,40.2418,42.674,460,40058,0.876709,0.73,2,523584,523124,460
35829441,27.5297,27.307,486,40164,0.897473,0.79,2,523642,523156,486
35832361,31.1059,27.0614,491,40217,0.880989,0.79,2,523674,523183,491
35835281,18.2212,27.8123,478,40270,0.886396,0.83,2,523689,523211,478
35849881,33.3614,31.4687,495,40530,0.894725,0.79,2,523880,523385,495
36191521,45.6661,35.2451,524,46225,0.837213,1,2,527833,527309,524
36194441,45.1332,47.849,518,46271,0.856885,1,2,527878,527360,518
36197361,41.0266,45.5698,513,46317,0.816754,0.96,2,527918,527405,513
36200281,34.6053,41.914,505,46363,0.812702,1,2,527951,527446,505
36203201,29.3211,34.7828,500,46408,0.823081,1,2,527979,527479,500
36206121,31.4642,30.1566,503,46453,0.851232,1,2,528011,527508,503
36209041,29.4928,29.2313,503,46498,0.886493,1,2,528040,527537,503
36495201,60.1256,52.4323,533,26277,0.8476,1,2,532368,531835,533
36506881,44.749,72.4167,516,26598,0.281619,1,1,532633,532117,516
36509801,43.3498,46.4833,519,26678,0.250647,1,1,532676,532157,519
36518561,56.0908,52.6279,524,26915,0.209241,0.79,1,532830,532306,524
36521481,12.8182,60.1256,464,26994,0.221697,0.45,1,532832,532368,464
36524401,77.7636,101.625,446,27072,0.262679,0.39,1,532926,532480,446
36527321,42.7527,50.725,442,27150,0.255071,0.23,1,532960,532518,442
36541921,46.2806,48.454,430,27538,0.403441,0.23,1,533202,532772,430
36550681,78.6422,77.7636,434,27768,0.41486,0.25,1,533360,532926,434
36553601,42.9284,42.7527,434,27844,0.435944,0.33,1,533394,532960,434
36556521,64.5857,61.3505,438,27920,0.420378,0.35,1,533464,533026,438
36559441,45.7171,45.0701,438,27996,0.426151,0.37,1,533505,533067,438
36612001,47.9956,63.049,492,29327,0.761401,0.59,2,534397,533905,492
36614921,43.9991,46.2098,493,29399,0.76656,0.57,2,534440,533947,493
36617841,49.5998,44.442,500,29471,0.792624,0.55,2,534491,533991,500
36620761,48.32,50.4884,496,29543,0.82705,0.57,2,534539,534043,496
36752161,34.7428,42.3937,511,32609,0.83848,1,2,536672,536161,511
36755081,44.5486,31.6787,529,32674,0.785392,1,2,536719,536190,529
36758001,25.7097,39.9358,508,32739,0.788157,1,2,536740,536232,508
36772601,72.3692,66.2758,488,33060,0.438352,1,1,536984,536496,488
36857281,35.294,24.2637,490,34868,0.750223,0.65,2,538138,537648,490
36860201,24.6588,34.4527,475,34929,0.774089,0.69,2,538160,537685,475
36863121,56.1318,24.4905,517,34990,0.783636,0.63,2,538224,537707,517
36866041,33.6264,56.8981,480,35050,0.823454,0.65,2,538252,537772,480
36868961,64.3253,32.1796,526,35110,0.851382,0.67,2,538324,537798,526
36871881,44.8651,64.0359,494,35170,0.862553,0.67,2,538364,537870,494
36874801,56.173,44.8072,513,35230,0.879021,0.77,2,538423,537910,513
36877721,42.4346,53.7614,496,35290,0.873608,0.71,2,538462,537966,496
36880641,30.8869,42.7523,484,35350,0.883443,0.69,2,538490,538006,484
36883561,43.7774,31.7505,502,35410,0.887377,0.71,2,538537,538035,502
36991601,30.9744,44.5426,501,37555,0.834039,1,2,539985,539484,501
36994521,35.7949,34.5085,506,37611,0.807616,1,2,540022,539516,506
36997441,30.359,35.7017,499,37667,0.773046,1,2,540051,539552,499
37052921,59.1575,63.876,449,38720,0.756397,0.53,2,540760,540311,449
37055841,35.8315,35.9752,450,38775,0.776559,0.57,2,540790,540340,450
37058761,37.5663,35.995,452,38829,0.784624,0.59,2,540828,540376,452
37061681,42.7133,43.199,451,38883,0.799849,0.59,2,540872,540421,451
37064601,26.1427,26.2398,451,38937,0.80594,0.61,2,540894,540443,451
37067521,36.4285,35.648,452,38991,0.820376,0.59,2,540933,540481,452
37070441,26.4857,27.1296,451,39045,0.85015,0.61,2,540957,540506,451
37073361,47.6971,44.6259,455,39099,0.88606,0.67,2,541010,540555,455
37236881,38.8728,45.8997,478,42015,0.837513,1,2,543004,542526,478
37239801,38.1746,33.1799,486,42065,0.821005,1,2,543042,542556,486
37242721,44.4349,36.236,495,42115,0.826402,1,2,543088,542593,495
37245641,38.487,42.4472,488,42165,0.792561,1,2,543125,542637,488
37286521,33.4606,38.487,456,42861,0.75029,0.71,2,543581,543125,456
37289441,29.0921,30.0974,456,42910,0.786116,0.63,2,543609,543153,456
37292361,34.6184,37.2195,453,42959,0.812446,0.67,2,543645,543192,453
37295281,29.3237,29.8439,453,43008,0.822979,0.67,2,543673,543220,453
37298201,25.0647,5.96878,477,43057,0.851191,0.73,2,543697,543220,477
37301121,27.4129,18.7938,483,43106,0.874477,0.67,2,543725,543242,483
37304041,29.4826,26.9588,484,43155,0.883791,0.63,2,543755,543271,484
37496761,44.4145,33.0572,527,46272,0.88648,1,2,545913,545386,527
37499681,44.0829,49.8114,517,46318,0.852592,1,2,545957,545440,517
37502601,37.6166,37.1623,519,46364,0.779037,1,2,545993,545474,519
37528881,28.0603,23.4429,514,46769,0.420891,1,1,546238,545724,514
37540561,40.1281,34.0727,511,46949,0.280487,0.85,1,546377,545866,511
37543481,40.0256,44.4145,504,46994,0.226195,0.83,1,546417,545913,504
37552241,34.1762,34.7233,484,47129,0.0991965,0.65,1,546511,546027,484
37555161,30.0352,31.7447,482,47174,0.0576786,0.61,1,546540,546058,482
37558081,33.207,29.5489,487,47219,0.0650714,0.61,1,546574,546087,487
37561001,23.4414,32.3098,475,47264,0.0920286,0.51,1,546595,546120,475
37590201,36.8876,40.0256,430,47707,0.201305,0.17,1,546847,546417,430
37593121,28.1775,30.4051,428,47751,0.206522,0.11,1,546873,546445,428
37596041,29.6355,30.881,427,47795,0.208609,0.07,1,546903,546476,427
37598961,32.3271,34.1762,425,47839,0.209444,0.03,1,546936,546511,425
37601881,28.8654,30.0352,424,47883,0.209777,0.07,1,546964,546540,424
37604801,33.7731,33.207,425,47927,0.257911,0.11,1,546999,546574,425
37607721,25.1546,23.4414,427,47971,0.265164,0.11,1,547022,546595,427
37610641,17.8309,17.4883,427,48015,0.280066,0.11,1,547038,546611,427
37613561,14.7662,14.6977,427,48059,0.298026,0.11,1,547052,546625,427
37651521,36.3098,33.7731,436,48627,0.40987,0.27,1,547435,546999,436
37654441,25.662,25.1546,436,48670,0.409948,0.29,1,547458,547022,436
37660281,15.7465,14.7662,438,48756,0.417192,0.31,1,547490,547052,438
37663201,4.7493,4.55324,438,48799,0.424877,0.35,1,547492,547054,438
37669041,26.59,4.02213,467,48885,0.43878,0.39,1,547545,547078,467
37671961,32.518,24.0044,472,48928,0.445512,0.35,1,547579,547107,472
37736201,32.371,29.6283,481,49867,0.754691,0.53,2,548223,547742,481
37747881,24.9926,37.7626,469,50035,0.756552,0.53,2,548344,547875,469
37750801,19.3985,25.1525,465,50077,0.764621,0.53,2,548362,547897,465
37753721,16.6797,19.4305,463,50119,0.779848,0.53,2,548378,547915,463
37756641,4.93594,16.6861,449,50161,0.785939,0.53,2,548380,547931,449
37759561,21.7872,4.93722,473,50203,0.788376,0.53,2,548406,547933,473
37762481,29.1574,21.7874,478,50245,0.78935,0.59,2,548437,547959,478
37765401,36.2315,26.7575,488,50287,0.80174,0.63,2,548475,547987,488
37768321,8.8463,33.3515,455,50329,0.806696,0.67,2,548477,548022,455
37771241,30.5693,35.4703,455,50371,0.808678,0.67,2,548513,548058,455
37774161,26.9139,27.8941,455,50413,0.845471,0.67,2,548539,548084,455
37777081,39.7828,38.3788,457,50455,0.884189,0.73,2,548582,548125,457
37780001,39.1566,37.2758,459,50497,0.899675,0.75,2,548621,548162,459
38166901,256.507,299.145,448,24820,0.238,0.55,1,552436,551988,448
38175661,56.5481,56.2492,468,25798,0.071632,0.23,1,552591,552123,468
38178581,40.1096,56.8498,447,25880,0.0826528,0.19,1,552627,552180,447
38181501,29.6219,36.97,442,25962,0.0750611,0.11,1,552654,552212,442
38190261,54.221,52.2318,454,26206,0.201364,0.07,1,552825,552371,454
38193181,67.6442,62.4464,460,26287,0.206546,0.05,1,552896,552436,460
38199021,54.8658,58.9779,477,26448,0.204647,0.05,1,553014,552537,477
38201941,41.3732,54.9956,461,26528,0.231859,0.09,1,553052,552591,461
38204861,29.0746,39.7991,451,26608,0.254744,0.07,1,553078,552627,451
38213621,54.2486,51.1024,484,26846,0.298304,0.21,1,553254,552770,484
38216541,12.4497,54.2205,431,26925,0.293321,0.21,1,553256,552825,431
38228221,43.8919,41.3732,435,27238,0.411141,0.27,1,553487,553052,435
38231141,29.5784,29.0746,435,27316,0.446456,0.35,1,553513,553078,435
38234061,65.9157,64.2149,437,27394,0.436583,0.31,1,553588,553151,437
38236981,51.5831,51.243,437,27471,0.444633,0.29,1,553636,553199,437
38266181,54.0006,53.5166,446,28232,0.753655,0.49,2,554136,553690,446
38269101,12.4001,12.3033,446,28307,0.763462,0.51,2,554138,553692,446
38272021,61.68,60.0607,448,28382,0.767385,0.51,2,554212,553764,448
38280781,47.9174,53.9205,496,28605,0.761193,0.61,2,554382,553886,496
38283701,31.1835,45.9841,479,28679,0.754477,0.65,2,554409,553930,479
38286621,68.6367,29.9968,531,28753,0.811791,0.69,2,554487,553956,531
38289541,55.3273,65.9994,508,28827,0.810716,0.77,2,554539,554031,508
38292461,55.8655,53.9999,513,28900,0.858286,0.77,2,554595,554082,513
38295381,12.7731,54,461,28973,0.877315,0.77,2,554597,554136,461
38298301,61.7546,12.4,533,29046,0.896926,0.77,2,554671,554138,533
38409261,54.0959,66.1964,515,31697,0.81832,1,2,556539,556024,515
38412181,36.4192,36.4393,518,31764,0.813328,1,2,556571,556053,518
38415101,74.4838,43.2879,557,31831,0.751331,1,2,556655,556098,557
38447221,36.5136,74.4838,481,32554,0.778254,0.63,2,557136,556655,481
38450141,28.9027,39.6968,477,32619,0.797302,0.63,2,557163,556686,477
38453061,40.1805,31.1394,491,32684,0.816921,0.69,2,557206,556715,491
38455981,25.6361,35.8279,476,32749,0.812768,0.67,2,557228,556752,476
38458901,6.72722,24.7656,456,32814,0.811107,0.71,2,557230,556774,456
38461821,56.5454,60.9531,455,32878,0.846443,0.67,2,557299,556844,455
38464741,60.9091,60.9906,456,32942,0.848577,0.73,2,557361,556905,456
38467661,46.5818,44.9981,458,33006,0.885431,0.75,2,557404,556946,458
38747981,34.5273,38.0079,512,38672,0.863174,1,2,561321,560809,512
38750901,47.7055,69.2016,486,38727,0.80727,1,2,561372,560886,486
38753821,35.9411,41.8403,484,38782,0.784908,1,2,561405,560921,484
38756741,33.5882,36.3681,482,38836,0.775963,1,2,561438,560956,482
38826821,41.9734,6.44386,494,40120,0.755758,0.59,2,562280,561786,494
38829741,37.1947,38.0888,484,40173,0.764303,0.69,2,562316,561832,484
38832661,34.6389,32.4178,487,40226,0.791721,0.67,2,562350,561863,487
38835581,43.7278,34.4836,498,40278,0.814689,0.67,2,562396,561898,498
38838501,35.9456,43.6967,486,40330,0.835875,0.67,2,562430,561944,486
38841421,31.1891,35.9393,482,40382,0.82035,0.71,2,562460,561978,482
38844341,42.2378,29.5879,499,40434,0.82614,0.73,2,562505,562006,499
38847261,34.0476,41.1176,487,40486,0.828456,0.73,2,562537,562050,487
38850181,26.0095,33.8235,479,40538,0.841382,0.67,2,562561,562082,479
38853101,30.0019,26.7647,485,40590,0.834553,0.67,2,562592,562107,485
38856021,30.0004,29.3529,485,40642,0.867821,0.71,2,562622,562137,485
38858941,35.6001,30.6706,491,40694,0.869128,0.77,2,562659,562168,491
38861861,35.12,33.3341,492,40746,0.893651,0.73,2,562694,562202,492
38864781,43.024,33.8668,503,40798,0.891461,0.77,2,562739,562236,503
38867701,38.2048,41.9734,496,40850,0.890584,0.77,2,562776,562280,496
39060421,29.3267,27.0864,509,44129,0.878178,1,2,565041,564532,509
39063341,31.4653,31.8173,508,44177,0.837271,1,2,565073,564565,508
39066261,41.4931,31.9635,520,44225,0.772909,1,2,565117,564597,520
39092541,30.6657,33.1622,471,44652,0.421475,1,1,565386,564915,471
39112981,44.5738,43.4986,459,44981,0.283917,0.69,1,565620,565161,459
39115901,33.7148,35.8997,456,45028,0.275567,0.57,1,565651,565195,456
39118821,33.143,35.9799,453,45075,0.296227,0.53,1,565684,565231,453
39139261,30.6388,33.3331,437,45403,0.423825,0.31,1,565857,565420,437
39142181,32.5278,33.0666,437,45449,0.41553,0.35,1,565890,565453,437
39145101,26.5055,26.6133,437,45495,0.400212,0.31,1,565915,565478,437
39150941,29.5402,30.3445,436,45587,0.439634,0.29,1,565973,565537,436
39153861,34.708,34.8689,436,45633,0.445854,0.27,1,566009,565573,436
39241461,35.2213,29.8276,485,46999,0.781846,0.55,2,566900,566415,485
39244381,46.2443,35.5655,497,47044,0.810738,0.55,2,566949,566452,497
39247301,33.2489,45.5131,479,47089,0.798295,0.57,2,566979,566500,479
39250221,34.6498,33.1026,484,47134,0.781318,0.59,2,567014,566530,484
39253141,26.93,33.8205,475,47179,0.786527,0.59,2,567039,566564,475
39256061,30.986,25.9641,483,47224,0.788611,0.61,2,567071,566588,483
39258981,22.9972,30.7928,472,47269,0.789444,0.61,2,567092,566620,472
39261901,12.5994,22.1586,462,47314,0.813778,0.63,2,567102,566640,462
39264821,24.1199,12.4317,479,47359,0.835511,0.59,2,567129,566650,479
39267741,6.42398,25.6863,452,47404,0.844204,0.63,2,567131,566679,452
39270661,29.2848,32.3373,453,47448,0.835682,0.63,2,567166,566713,453
39273581,29.857,30.4675,453,47492,0.868273,0.65,2,567196,566743,453
39276501,34.7714,33.2935,455,47536,0.869309,0.69,2,567232,566777,455
39279421,27.7543,26.6587,456,47580,0.881724,0.71,2,567258,566802,456
39428341,32.8862,41.3771,516,49788,0.888302,1,2,568780,568264,516
39431261,46.5772,37.0754,530,49830,0.841321,1,2,568830,568300,530
39434181,32.5154,47.4151,509,49872,0.762528,1,2,568859,568350,509
39486741,29.4187,30.5031,461,50628,0.763923,0.71,2,569350,568889,461
39489661,26.6837,29.3006,458,50670,0.767569,0.71,2,569376,568918,458
39492581,42.1367,45.8601,454,50712,0.781028,0.67,2,569422,568968,454
39495501,30.8273,33.172,452,50754,0.798411,0.73,2,569450,568998,452
39498421,33.3655,33.0344,453,50795,0.805364,0.69,2,569484,569031,453
39501341,23.4731,24.2069,452,50836,0.796146,0.61,2,569505,569053,452
39504261,23.8946,22.4414,454,50877,0.828458,0.65,2,569529,569075,454
39507181,15.9789,14.0883,456,50918,0.817383,0.65,2,569543,569087,456
39510101,23.1958,22.0177,457,50959,0.848953,0.65,2,569568,569111,457
39513021,23.8392,27.6035,452,51000,0.885581,0.65,2,569592,569140,452
39749541,177.661,198.172,443,24820,0.25912,0.37,1,572102,571659,443
39752461,44.3322,53.2344,437,24905,0.205648,0.31,1,572113,571676,437
39758301,79.0533,61.4894,481,25075,0.211704,0.15,1,572244,571763,481
39761221,74.2107,86.6979,461,25160,0.234681,0.19,1,572317,571856,461
39764141,60.4421,62.1396,462,25244,0.279873,0.19,1,572374,571912,462
39787501,61.3301,73.9806,491,25908,0.410911,0.31,1,572808,572317,491
39790421,58.666,60.3961,492,25990,0.446364,0.33,1,572866,572374,492
39828381,36.8066,41.6875,449,27032,0.784291,0.63,2,573474,573025,449
39831301,83.3613,81.1375,453,27110,0.835716,0.71,2,573569,573116,453
39834221,78.2723,76.2275,455,27188,0.832287,0.65,2,573646,573191,455
39837141,62.0545,62.4455,454,27266,0.842915,0.71,2,573704,573250,454
39840061,62.8109,60.4891,457,27344,0.859166,0.73,2,573767,573310,457
39842981,53.3622,52.0978,458,27421,0.829666,0.73,2,573818,573360,458
39845901,41.0724,40.8196,458,27498,0.853867,0.75,2,573856,573398,458
39848821,33.0145,32.1639,459,27575,0.851547,0.75,2,573887,573428,459
39851741,8.2029,8.03278,459,27652,0.826619,0.81,2,573889,573430,459
39854661,37.6406,36.8066,460,27729,0.840648,0.87,2,573934,573474,460
39857581,85.9281,83.3613,463,27805,0.858259,0.83,2,574032,573569,463
39953941,44.6838,43.6843,483,30217,0.842896,1,2,575745,575262,483
39965621,63.5595,72.1275,484,30497,0.261146,1,1,575913,575429,484
39971461,66.2224,67.3651,487,30635,0.0441834,0.94,1,576019,575532,487
39974381,57.2445,65.473,477,30704,0.0596734,1,1,576074,575597,477
39980221,37.1698,47.4189,463,30842,0.0635477,0.77,1,576164,575701,463
39983141,38.634,44.6838,458,30911,0.0434191,0.67,1,576203,575745,458
39986061,27.7268,36.9368,448,30979,0.0473676,0.49,1,576228,575780,448
39988981,27.9454,32.9874,444,31047,0.0249471,0.37,1,576256,575812,444
39991901,25.5891,29.7975,440,31115,0.0279788,0.13,1,576281,575841,440
39994821,51.5178,63.5595,426,31183,0.0411915,0.01,1,576339,575913,426
39997741,34.3036,39.1119,423,31251,0.0224766,0,1,576369,575946,423
40000661,65.2607,66.2224,423,31319,0.0149906,0,1,576442,576019,423
40003581,55.4521,13.2445,476,31387,0.0359963,0.07,1,576495,576019,476
40006501,59.0904,46.6489,481,31454,0.0563985,0.15,1,576555,576074,481
40009421,35.8181,55.7298,453,31521,0.0765594,0.03,1,576585,576132,453
40012341,40.7636,36.746,463,31588,0.0366238,0.03,1,576627,576164,463
40015261,26.5527,38.5492,447,31655,0.0566495,0.05,1,576650,576203,447
40018181,26.9105,27.7098,449,31722,0.0406598,0.01,1,576677,576228,449
40021101,26.1821,27.942,447,31789,0.0582639,0.03,1,576703,576256,447
40029861,65.5535,34.3035,496,31988,0.0774089,0.01,1,576865,576369,496
40032781,53.9107,65.2607,474,32054,0.0369636,0.05,1,576916,576442,474
40035701,63.5821,55.4521,487,32120,0.0447854,0.07,1,576982,576495,487
40038621,35.1164,59.0904,455,32186,0.0599142,0.09,1,577010,576555,455
40041541,39.0233,35.8181,465,32252,0.0899657,0.01,1,577050,576585,465
40061981,53.79,65.5535,474,32708,0.0723909,0.01,1,577339,576865,474
40064901,12.358,53.9107,425,32773,0.0709563,0.05,1,577341,576916,425
40067821,54.4716,63.5821,424,32838,0.0343825,0.07,1,577406,576982,424
40070741,34.0943,35.1164,425,32902,0.043753,0.11,1,577435,577010,425
40073661,40.4189,39.0233,427,32966,0.0715012,0.11,1,577477,577050,427
40076581,25.6838,25.4047,427,33030,0.0706005,0.13,1,577499,577072,427
40079501,25.9368,25.8809,427,33094,0.0822402,0.09,1,577525,577098,427
40082421,31.5874,30.7762,428,33158,0.0988961,0.13,1,577558,577130,428
40085341,51.9175,51.7552,428,33222,0.0935584,0.15,1,577615,577187,428
40088261,35.9835,36.751,427,33286,0.0914234,0.11,1,577647,577220,427
40091181,61.5967,60.9502,428,33350,0.0785694,0.04,1,577715,577287,428
40094101,49.9193,53.79,423,33413,0.0614277,0.07,1,577762,577339,423
40097021,11.5839,12.358,423,33476,0.0545711,0.01,1,577764,577341,423
40099941,54.3168,54.4716,423,33539,0.0638284,0.05,1,577829,577406,423
40102861,34.8634,34.0943,424,33602,0.0915314,0.09,1,577859,577435,424
40105781,41.3727,40.4189,425,33665,0.0906126,0.07,1,577902,577477,425
40120381,35.7982,35.9835,424,33978,0.214864,0.07,1,578071,577647,424
40123301,62.3596,61.5967,425,34040,0.247946,0.05,1,578140,577715,425
40126221,49.2719,49.9193,424,34102,0.249178,0.05,1,578186,577762,424
40129141,11.4544,11.5839,424,34164,0.249671,0.07,1,578188,577764,424
40132061,53.4909,54.3168,423,34226,0.273869,0.07,1,578252,577829,423
40134981,35.4982,10.8634,454,34288,0.283547,0.11,1,578283,577829,454
40143741,27.004,25.5269,454,34473,0.298227,0.13,1,578378,577924,454
40167101,37.096,53.4909,466,34961,0.410399,0.29,1,578718,578252,466
40170021,43.4192,35.4982,480,35021,0.44616,0.33,1,578763,578283,480
40213821,32.8202,32.7314,449,35915,0.76541,0.61,2,579296,578847,449
40231341,55.944,55.092,457,36267,0.760097,0.69,2,579583,579126,457
40234261,38.3888,39.0184,456,36325,0.802039,0.71,2,579617,579161,456
40237181,45.2778,44.6037,457,36383,0.830816,0.71,2,579664,579207,457
40240101,10.6556,10.5207,457,36441,0.842326,0.69,2,579666,579209,457
40243021,19.7311,20.5041,456,36499,0.846931,0.75,2,579688,579232,456
40245941,30.3462,28.1008,459,36557,0.848772,0.79,2,579721,579262,459
40248861,33.2692,32.8202,459,36615,0.861509,0.73,2,579755,579296,459
40251781,54.6538,56.964,456,36673,0.890604,0.73,2,579815,579359,456
40389021,21.3793,18.0166,495,39289,0.85288,1,2,581630,581135,495
40391941,26.6759,19.6033,503,39343,0.767152,1,2,581658,581155,503
40403621,82.2443,69.1514,499,39558,0.227143,1,1,581846,581347,499
40412381,34.866,38.3772,490,39717,0.0536572,1,1,581955,581465,490
40415301,38.9732,42.0754,487,39770,0.0514629,1,1,581995,581508,487
40418221,33.3946,44.4151,474,39823,0.0385851,0.93,1,582027,581553,474
40421141,29.0789,34.483,470,39876,0.0454341,0.89,1,582055,581585,470
40424061,22.6158,26.8966,466,39929,0.0481736,0.81,1,582076,581610,466
40426981,14.9232,21.3793,459,39982,0.0252694,0.71,1,582089,581630,459
40429901,25.3846,26.6759,459,40035,0.0401078,0.61,1,582117,581658,459
40432821,22.6769,28.5352,452,40088,0.0820431,0.61,1,582139,581687,452
40435741,24.5354,5.70703,477,40141,0.0868172,0.53,1,582164,581687,477
40438661,24.1071,27.5414,468,40194,0.0647269,0.43,1,582188,581720,468
40444501,46.8843,82.0617,465,40299,0.0691563,0.07,1,582311,581846,465
40447421,33.3769,51.6123,451,40351,0.0576625,0.11,1,582341,581890,451
40450341,34.6754,34.3225,456,40403,0.065065,0.01,1,582376,581920,456
40453261,43.7351,34.8645,467,40455,0.080026,0.05,1,582422,581955,467
40456181,29.547,38.9729,453,40507,0.0620104,0.03,1,582448,581995,453
40459101,28.3094,33.3946,449,40559,0.0548042,0.05,1,582476,582027,449
40462021,22.4619,29.0789,442,40611,0.0399217,0.05,1,582497,582055,442
40464941,14.8924,22.6158,434,40663,0.0459687,0.01,1,582510,582076,434
40467861,26.1785,14.9232,450,40715,0.0183875,0.05,1,582539,582089,450
40470781,23.6357,25.3846,445,40767,0.049355,0.11,1,582562,582117,445
40473701,26.3271,22.6769,450,40819,0.061742,0.09,1,582589,582139,450
40476621,22.0654,24.5354,446,40871,0.0546968,0.05,1,582610,582164,446
40479541,74.0131,24.1071,509,40923,0.0638787,0.17,1,582697,582188,509
40482461,43.6026,70.4214,463,40975,0.0555515,0.03,1,582733,582270,463
40485381,31.9205,46.8843,451,41027,0.0402206,0.05,1,582762,582311,451
40488301,38.3841,33.3769,461,41078,0.0460882,0.07,1,582802,582341,461
40491221,43.6768,34.6754,471,41129,0.0724353,0.09,1,582847,582376,471
40494141,27.9354,43.7351,449,41180,0.0829741,0.05,1,582871,582422,449
40505821,26.1951,14.8924,451,41384,0.0887641,0,1,582961,582510,451
40511661,26.0078,23.6357,451,41486,0.0946023,0.07,1,583013,582562,451
40514581,22.8016,26.3271,446,41537,0.0918409,0.05,1,583035,582589,446
40517501,6.16031,22.0654,427,41588,0.0907364,0.07,1,583037,582610,427
40526261,30.6413,31.9205,423,41741,0.0794871,0.05,1,583185,582762,423
40529181,38.9283,38.3841,424,41792,0.0617948,0.09,1,583226,582802,424
40532101,45.3857,43.6768,426,41843,0.0667179,0.09,1,583273,582847,426
40537941,28.2154,26.3871,429,41943,0.0958749,0.13,1,583326,582897,429
40540861,22.4431,22.8774,428,41993,0.0923499,0.11,1,583347,582919,428
40543781,14.0886,14.9755,427,42043,0.06694,0.07,1,583359,582932,427
40546701,24.4177,26.1951,425,42093,0.092776,0.11,1,583386,582961,425
40567141,29.0415,30.6413,424,42443,0.203636,0.05,1,583609,583185,424
40578821,26.8305,28.2154,424,42643,0.200237,0.09,1,583750,583326,424
40584661,14.0332,14.0886,424,42741,0.203638,0.11,1,583783,583359,424
40587581,25.2066,24.4177,425,42790,0.243455,0.13,1,583811,583386,425
40590501,26.6413,25.6835,426,42839,0.223382,0.15,1,583838,583412,426
40593421,28.5283,26.7367,428,42888,0.227353,0.17,1,583867,583439,428
40596341,23.3057,22.9473,428,42937,0.228941,0.13,1,583889,583461,428
40599261,6.26113,6.18947,428,42986,0.229576,0.13,1,583891,583463,428
40602181,70.0522,1.23789,514,43035,0.253831,0.19,1,583977,583463,514
40605101,42.0104,69.0476,463,43084,0.287532,0.21,1,584012,583549,463
40628461,27.6103,14.0332,460,43476,0.415673,0.27,1,584243,583783,460
40631381,26.3221,25.2066,458,43525,0.436269,0.21,1,584269,583811,458
40695621,36.2555,35.8373,451,44578,0.754685,0.59,2,584964,584513,451
40704381,28.386,29.0227,451,44719,0.76038,0.59,2,585070,584619,451
40707301,23.2772,23.4045,451,44766,0.766152,0.59,2,585092,584641,451
40727741,72.5024,71.6942,456,45095,0.789875,0.71,2,585313,584857,456
40730661,45.7005,43.9388,458,45142,0.80195,0.71,2,585352,584894,458
40733581,10.7401,10.3878,458,45189,0.80678,0.75,2,585354,584896,458
40736501,24.548,25.2776,457,45236,0.844712,0.77,2,585382,584925,457
40739421,36.9096,36.2555,458,45283,0.883885,0.73,2,585422,584964,458
40742341,45.7819,45.6511,458,45330,0.899554,0.75,2,585470,585012,458
41035801,184.065,206.314,483,21900,0.274,1,1,588676,588193,483
41041641,93.6026,68.7325,520,22817,0.07864,0.93,1,588823,588303,520
41044561,71.5205,84.1465,498,22910,0.061456,0.87,1,588889,588391,498
41047481,57.5041,64.8293,492,23003,0.0905824,0.55,1,588943,588451,492
41062081,97.7669,55.0172,520,23460,0.0896028,0.03,1,589245,588725,520
41065001,74.7534,89.4034,491,23550,0.0778411,0.05,1,589314,588823,491
41088361,74.6573,74.7534,425,24261,0.0667778,0.13,1,589739,589314,425
41091281,62.1315,58.1507,430,24348,0.0687111,0.15,1,589798,589368,430
41094201,39.6263,39.6301,429,24435,0.0934845,0.15,1,589832,589403,429
41108801,96.4799,97.2863,427,24866,0.250183,0.01,1,590097,589670,427
41111721,71.296,74.6573,423,24951,0.286073,0.07,1,590162,589739,423
41135081,72.0976,82.016,499,25623,0.414411,0.31,1,590596,590097,499
41138001,64.8195,68.4032,497,25706,0.411764,0.31,1,590659,590162,497
41140921,43.3639,62.4806,474,25788,0.434706,0.37,1,590697,590223,474
41143841,24.6728,41.2961,458,25870,0.443882,0.37,1,590717,590259,458
41175961,93.7997,8.34691,562,26757,0.766478,0.59,2,591317,590755,562
41178881,103.56,91.2694,556,26836,0.792591,0.61,2,591423,590867,556
41181801,73.512,103.854,515,26915,0.827036,0.61,2,591489,590974,515
41184721,16.3024,71.9708,453,26994,0.840815,0.65,2,591491,591038,453
41187641,53.6605,63.9942,454,27072,0.834326,0.69,2,591554,591100,454
41190561,45.1321,44.7988,457,27150,0.84373,0.71,2,591597,591140,457
41193481,25.0264,24.9598,457,27228,0.871492,0.71,2,591617,591160,457
41196401,39.4053,36.992,460,27306,0.894597,0.75,2,591660,591200,460
41313201,106.733,99.1128,504,30251,0.7804,1,2,593797,593293,504
41327801,43.3007,37.0084,494,30599,0.411124,1,1,594003,593509,494
41333641,24.932,25.6403,492,30737,0.41738,1,1,594056,593564,492
41336561,23.3864,36.3281,476,30806,0.448952,0.91,1,594079,593603,476
41400801,98.0142,56.6661,557,32283,0.808143,0.59,2,595144,594587,557
41403721,67.6028,96.9332,510,32349,0.845257,0.63,2,595204,594694,510
41406641,44.7206,64.1866,493,32414,0.860103,0.71,2,595243,594750,493
41409561,31.3441,42.4373,484,32479,0.866041,0.71,2,595271,594787,484
41412481,28.6688,30.8875,484,32544,0.868416,0.71,2,595299,594815,484
41415401,40.9338,28.5775,500,32609,0.869367,0.71,2,595343,594843,500
41418321,30.5868,42.5155,482,32674,0.869747,0.67,2,595371,594889,482
41421241,33.3174,30.9031,488,32739,0.893899,0.67,2,595405,594917,488
41576001,27.4067,32.3524,491,36002,0.893872,1,2,597690,597199,491
41578921,37.4813,37.6705,492,36061,0.807549,1,2,597730,597238,492
41669441,63.9716,18.4052,525,37835,0.767528,0.61,2,598878,598353,525
41672361,79.1943,62.881,534,37891,0.793011,0.61,2,598961,598427,534
41675281,43.8389,78.9762,486,37947,0.803204,0.59,2,598996,598510,486
41678201,32.7678,43.7952,481,38003,0.831282,0.61,2,599026,598545,481
41681121,27.3536,32.759,477,38059,0.854513,0.63,2,599052,598575,477
41684041,35.0707,26.5518,489,38115,0.875805,0.63,2,599089,598600,489
41841721,139.859,148.711,498,18366,0.42279,1,1,601134,600636,498
41853401,64.147,70.7403,462,18824,0.436535,0.45,1,601482,601020,462
41856321,35.2294,41.3481,456,18937,0.408614,0.29,1,601510,601054,456
41859241,56.6459,72.2696,438,19049,0.445446,0.33,1,601572,601134,438
41897201,100.269,57.2264,561,20448,0.784345,0.67,2,602577,602016,561
41900121,138.454,97.0453,602,20552,0.871738,0.73,2,602725,602123,602
42046121,69.6598,71.5926,491,25195,0.8092,1,2,605941,605450,491
42051961,53.8264,74.7037,477,25363,0.413872,1,1,606112,605635,477
42057801,33.6731,9.38815,518,25530,0.23542,1,1,606193,605675,518
42060721,37.9346,29.8776,522,25613,0.208168,1,1,606232,605710,522
42084081,36.6955,33.673,470,26267,0.227863,0.19,1,606663,606193,470
42087001,52.9391,37.9346,488,26348,0.253145,0.13,1,606720,606232,488
42089921,38.5878,56.3869,462,26428,0.275258,0.15,1,606755,606293,462
42101601,52.2281,46.9318,482,26747,0.414327,0.15,1,607030,606548,482
42104521,32.0456,49.3864,459,26826,0.447731,0.17,1,607057,606598,459
42136641,9.70502,9.28182,448,27682,0.760234,0.55,2,607547,607099,448
42139561,47.541,46.6564,449,27759,0.754094,0.61,2,607604,607155,449
42157081,36.4075,34.6254,458,28213,0.759313,0.77,2,607961,607503,458
42162921,9.7763,9.70502,458,28363,0.75869,0.77,2,608005,607547,458
42165841,47.5553,1.941,515,28438,0.753476,0.75,2,608062,607547,515
42168761,39.9111,45.9882,496,28512,0.77539,0.71,2,608100,607604,496
42171681,61.5822,41.1976,523,28586,0.832156,0.69,2,608167,607644,523
42282641,41.5412,34.3326,499,31275,0.89776,1,2,610051,609552,499
42285561,33.9082,38.0665,492,31343,0.869104,1,2,610083,609591,492
42288481,105.182,7.6133,615,31411,0.821642,1,2,610206,609591,615
42291401,49.8363,116.723,507,31478,0.790657,1,2,610242,609735,507
42294321,61.1673,49.7445,538,31545,0.766263,1,2,610306,609768,538
42297241,40.2335,61.1489,509,31612,0.756505,1,2,610341,609832,509
42323521,59.4433,49.8363,518,32210,0.82164,0.75,2,610760,610242,518
42326441,40.6887,61.1673,490,32276,0.850656,0.75,2,610796,610306,490
42329361,40.9377,40.2335,496,32342,0.886262,0.71,2,610837,610341,496
42332281,25.7875,39.2467,479,32407,0.888505,0.69,2,610859,610380,479
42475361,98.3683,34.4488,595,35463,0.8608,1,2,613018,612423,595
42478281,44.4737,100.49,509,35523,0.81832,1,2,613049,612540,509
42481201,36.0947,42.4979,515,35583,0.753328,1,2,613083,612568,515
42501641,34.5776,32.0388,489,35996,0.407213,1,1,613317,612828,489
42504561,32.5155,35.2078,485,36055,0.408885,0.92,1,613349,612864,485
42507481,29.7031,39.8416,473,36114,0.421554,0.8,1,613378,612905,473
42510401,86.7406,98.3683,461,36173,0.438622,0.79,1,613479,613018,461
42519161,37.3019,38.4189,453,36347,0.426712,0.63,1,613575,613122,453
42522081,25.0604,26.8838,451,36405,0.404685,0.55,1,613597,613146,451
42525001,28.2121,30.9768,448,36463,0.443874,0.53,1,613626,613178,448
42527921,31.2424,34.1954,445,36521,0.42355,0.51,1,613658,613213,445
42533761,37.8897,40.8878,443,36637,0.443368,0.35,1,613727,613284,443
42589241,36.7525,31.7016,484,37717,0.761872,0.55,2,614464,613980,484
42592161,27.3505,35.1403,473,37773,0.778749,0.61,2,614489,614016,473
42595081,27.8701,26.2281,477,37829,0.7615,0.57,2,614517,614040,477
42598001,31.174,26.8456,482,37885,0.7786,0.59,2,614549,614067,482
42600921,29.4348,30.9691,479,37941,0.79744,0.59,2,614578,614099,479
42603841,41.887,29.3938,495,37997,0.840976,0.63,2,614623,614128,495
42606761,30.7774,40.2788,480,38053,0.85839,0.63,2,614651,614171,480
42609681,38.1555,30.4558,492,38109,0.853356,0.67,2,614691,614199,492
42612601,31.6311,35.6912,485,38164,0.887342,0.67,2,614721,614236,485
42773201,43.41,46.8168,515,41097,0.884416,1,2,616797,616282,515
42779041,33.5764,37.7127,506,41199,0.853107,1,2,616864,616358,506
42793641,25.589,34.2239,509,41454,0.422237,1,1,617031,616522,509
42808241,50.8216,57.25,473,41709,0.261767,0.87,1,617181,616708,473
42811161,45.3643,49.05,470,41760,0.218707,0.86,1,617225,616755,470
42837441,19.1018,19.5178,441,42211,0.205648,0.35,1,617490,617049,441
42840361,32.6204,32.7036,441,42261,0.244259,0.37,1,617526,617085,441
42843281,22.5241,22.5407,441,42311,0.259704,0.37,1,617546,617105,441
42846201,14.1048,18.1081,436,42361,0.253881,0.19,1,617558,617122,436
42849121,49.221,50.8216,435,42411,0.239553,0.19,1,617616,617181,435
42852041,40.2442,45.3643,429,42461,0.293821,0.17,1,617654,617225,429
42854961,36.0488,37.0729,429,42511,0.279528,0.15,1,617689,617260,429
42857881,32.8098,33.8146,428,42561,0.285811,0.15,1,617721,617293,428
42884161,21.2762,22.5241,433,43004,0.408896,0.27,1,617979,617546,433
42898761,34.4094,36.02,467,43249,0.413426,0.29,1,618156,617689,467
42901681,34.0819,32.804,469,43298,0.44737,0.33,1,618190,617721,469
42904601,34.8164,33.7608,470,43347,0.448948,0.35,1,618225,617755,470
42971761,49.9799,13.8986,504,44455,0.782433,0.53,2,618935,618431,504
42974681,11.596,48.3797,449,44502,0.798973,0.55,2,618937,618488,449
42977601,35.9192,41.6759,451,44549,0.829589,0.59,2,618979,618528,451
42980521,35.9838,37.1352,451,44596,0.865836,0.59,2,619015,618564,451
42983441,35.1968,34.627,452,44643,0.892334,0.63,2,619050,618598,452
42986361,36.6394,35.7254,453,44690,0.890934,0.63,2,619087,618634,453
43187841,28.9093,28.4011,491,47836,0.885749,1,2,621234,620743,491
43190761,27.3819,29.6802,488,47880,0.828299,1,2,621261,620773,488
43193681,39.8764,45.136,482,47924,0.79332,1,2,621304,620822,482
43196601,33.5753,36.2272,480,47968,0.827328,1,2,621336,620856,480
43199521,32.3151,32.0454,481,48012,0.804931,1,2,621368,620887,481
43202441,29.663,27.2091,484,48056,0.831972,1,2,621397,620913,484
43205361,14.7326,11.8418,487,48100,0.830789,1,2,621408,620921,487
43208281,29.3465,30.3684,485,48144,0.806316,1,2,621441,620956,485
43211201,29.0693,31.6737,482,48188,0.832526,1,2,621470,620988,482
43214121,37.0139,31.9347,489,48232,0.80701,1,2,621509,621020,489
43217041,35.4028,43.1869,478,48276,0.784804,0.92,2,621544,621066,478
43219961,33.4806,37.4374,475,48320,0.787922,1,2,621577,621102,475
43222881,29.0961,32.2875,472,48364,0.789169,1,2,621605,621133,472
43225801,18.6192,17.6575,474,48408,0.789667,0.99,2,621621,621147,474
43228721,20.5238,22.7315,471,48452,0.801867,0.88,2,621642,621171,471
43231641,31.3048,32.5463,470,48495,0.830747,0.86,2,621676,621206,470
43234561,26.261,28.9093,467,48538,0.806299,0.79,2,621701,621234,467
43237481,24.4522,27.3819,464,48581,0.82052,0.77,2,621725,621261,464
43240401,39.2904,39.8764,464,48624,0.862208,0.85,2,621768,621304,464
43243321,32.6581,33.5753,463,48667,0.866883,0.79,2,621799,621336,463
43246241,34.5316,32.3151,466,48710,0.856753,0.85,2,621834,621368,466
43249161,26.9063,29.663,462,48753,0.864701,0.83,2,621859,621397,462
43252081,15.7813,14.7326,464,48796,0.85588,0.79,2,621872,621408,464
43255001,27.1563,29.3465,461,48839,0.852352,0.79,2,621902,621441,461
43257921,30.2313,5.8693,492,48882,0.874941,0.85,2,621933,621441,492
43260841,33.2463,24.3739,497,48925,0.859976,0.79,2,621967,621470,497
43263761,37.0492,36.0748,496,48968,0.889991,0.77,2,622005,621509,496
43500281,87.6991,71.4582,522,24266,0.21112,0.89,1,624454,623932,522
43506121,65.908,52.4583,506,24440,0.224579,0.63,1,624568,624062,506
43509041,31.5816,72.0917,452,24527,0.239832,0.41,1,624591,624139,452
43511961,79.9163,55.2183,493,24613,0.233933,0.25,1,624683,624190,493
43514881,41.5833,79.8437,439,24699,0.267573,0.19,1,624715,624276,439
43517801,33.9167,38.3687,443,24785,0.269029,0.13,1,624747,624304,443
43520721,57.1833,66.8737,432,24871,0.281612,0.15,1,624810,624378,432
43567441,58.4254,34.9098,514,26200,0.772302,0.61,2,625696,625182,514
43570361,72.4851,57.382,527,26281,0.806921,0.59,2,625772,625245,527
43573281,55.297,73.0764,501,26362,0.844768,0.63,2,625823,625322,501
43576201,71.8594,52.2153,530,26442,0.883907,0.67,2,625899,625369,530
43690081,52.6423,87.6407,515,29403,0.825328,1,2,627946,627431,515
43707601,53.331,65.4684,520,29832,0.29927,0.92,1,628233,627713,520
43710521,12.2662,52.2937,473,29903,0.257708,1,1,628235,627762,473
43713441,38.4532,44.0587,476,29974,0.229083,0.91,1,628280,627804,476
43745561,76.6265,74.8907,431,30741,0.251276,0.15,1,628795,628364,431
43748481,41.7253,43.7781,428,30810,0.286511,0.13,1,628828,628400,428
43757241,21.2618,21.2782,428,31016,0.417457,0.17,1,628938,628510,428
43760161,37.8524,37.8556,428,31084,0.436983,0.15,1,628980,628552,428
43798121,12.3679,51.7541,448,31957,0.761656,0.51,2,629542,629094,448
43801041,37.6736,11.9508,490,32023,0.802662,0.53,2,629586,629096,490
43803961,84.3347,36.7902,543,32089,0.843065,0.61,2,629682,629139,543
43806881,45.6669,80.158,488,32155,0.871226,0.65,2,629718,629230,488
43847761,23.6846,22.4133,473,33064,0.884536,1,2,630308,629835,473
43850681,38.3369,38.0827,473,33128,0.875814,1,2,630350,629877,473
43862361,37.6357,40.1441,469,33383,0.886661,0.93,2,630517,630048,469
43961641,69.1782,31.4229,567,35473,0.837216,1,2,632026,631459,567
43964561,37.0356,87.0846,495,35533,0.796887,1,2,632055,631560,495
43996681,59.7048,69.1782,459,36182,0.291542,0.77,1,632485,632026,459
44002521,34.8682,40.2071,452,36298,0.295047,0.69,1,632548,632096,452
44017121,37.2067,41.586,440,36588,0.408746,0.43,1,632691,632251,440
44020041,45.0413,47.5172,438,36646,0.433498,0.31,1,632738,632300,438
44058001,55.7228,44.8739,501,37389,0.763252,0.51,2,633239,632738,501
44060921,33.5446,52.1748,475,37446,0.767301,0.59,2,633267,632792,475
44063841,34.7089,32.035,483,37502,0.78092,0.65,2,633302,632819,483
44066761,60.5418,33.607,516,37558,0.810368,0.65,2,633369,632853,516
44069681,36.9084,58.7214,482,37614,0.834147,0.67,2,633400,632918,482
44072601,36.1817,35.7443,488,37670,0.843659,0.63,2,633436,632948,488
44075521,24.8363,35.9489,474,37726,0.847464,0.67,2,633458,632984,474
44078441,32.1673,24.7898,486,37782,0.848985,0.69,2,633492,633006,486
44081361,27.2335,29.758,481,37838,0.849594,0.73,2,633518,633037,481
44084281,26.2467,26.7516,481,37894,0.861838,0.71,2,633544,633063,481
44087201,40.4493,25.3503,500,37950,0.890735,0.69,2,633588,633088,500
44250721,37.8858,30.1217,515,40950,0.874528,1,2,635668,635153,515
44262401,36.131,48.4258,504,41155,0.432068,1,1,635848,635344,504
44271161,25.377,30.1794,505,41308,0.211252,1,1,635936,635431,505
44277001,29.9751,29.0472,508,41410,0.0734004,1,1,635989,635481,508
44279921,25.995,30.6094,502,41461,0.0293601,0.97,1,636014,635512,502
44282841,49.199,31.7219,525,41512,0.0297441,0.98,1,636069,635544,525
44285761,11.4398,51.1444,471,41563,0.0118976,0.94,1,636071,635600,471
44288681,22.288,33.4289,467,41614,0.034759,0.82,1,636096,635629,467
44291601,30.8576,37.8858,461,41665,0.0319036,0.65,1,636129,635668,461
44294521,48.5715,60.3772,448,41716,0.0427614,0.47,1,636182,635734,448
44297441,37.7143,43.2754,444,41767,0.0591046,0.39,1,636217,635773,444
44300361,36.3429,40.6551,440,41818,0.0776418,0.41,1,636253,635813,440
44303281,37.6686,36.131,443,41868,0.0370567,0.35,1,636291,635848,443
44306201,29.1337,34.4262,436,41918,0.0448227,0.25,1,636318,635882,436
44309121,26.6267,30.8852,432,41968,0.0599291,0.15,1,636344,635912,432
44312041,23.7253,25.377,431,42018,0.0539716,0.09,1,636367,635936,431
44314961,19.1451,21.8754,428,42068,0.0755887,0.03,1,636385,635957,428
44320801,25.8858,25.995,424,42168,0.0612942,0.03,1,636438,636014,424
44323721,48.3772,49.199,423,42218,0.0305177,0,1,636492,636069,423
44326641,11.2754,11.4398,423,42268,0.0182071,0.05,1,636494,636071,423
44329561,22.2551,22.288,423,42318,0.0132828,0.03,1,636519,636096,423
44335401,48.4102,48.5715,422,42418,0.0849252,0.07,1,636604,636182,422
44338321,37.682,37.7143,422,42468,0.0879701,0.09,1,636639,636217,422
44358761,26.097,25.429,424,42815,0.22215,0.03,1,636836,636412,424
44361681,24.4194,25.8858,422,42864,0.21486,0.01,1,636860,636438,422
44370441,22.2434,22.2551,422,43011,0.089831,0.01,1,636941,636519,422
44390881,27.6101,30.6043,454,43354,0.226968,0.17,1,637196,636742,454
44393801,24.722,26.1209,453,43403,0.240787,0.17,1,637220,636767,453
44396721,20.1444,24.4242,448,43452,0.270315,0.19,1,637239,636791,448
44399641,26.4289,18.4848,459,43501,0.294126,0.25,1,637267,636808,459
44428841,30.8926,38.2535,459,43982,0.417488,0.21,1,637600,637141,459
44431761,29.3785,30.0507,460,44030,0.448995,0.25,1,637629,637169,460
44469721,38.9772,38.4631,442,44649,0.438313,0.43,1,638013,637571,442
44533961,43.1811,43.8193,447,45676,0.773231,0.55,2,638667,638220,447
44536881,10.2362,10.3638,447,45722,0.783292,0.57,2,638669,638222,447
44539801,22.0472,21.2728,448,45768,0.811317,0.53,2,638694,638246,448
44542721,34.8094,34.6546,448,45814,0.834527,0.59,2,638732,638284,448
44545641,52.5619,51.7309,449,45860,0.855811,0.59,2,638789,638340,449
44548561,12.1124,11.9462,449,45906,0.840324,0.59,2,638791,638342,449
44551481,32.0225,2.38924,486,45952,0.85813,0.63,2,638828,638342,486
44554401,39.2045,28.4778,492,45998,0.877252,0.65,2,638869,638377,492
44557321,39.0409,38.4956,490,46044,0.896901,0.67,2,638908,638418,490
44738361,432.034,435.069,495,21900,0.802,1,2,640832,640337,495
44750041,58.8929,79.4801,479,22285,0.758243,0.93,2,641114,640635,479
44752961,82.1786,70.296,499,22380,0.813297,0.71,2,641202,640703,499
44755881,52.4357,73.2592,470,22475,0.835319,0.73,2,641247,640777,470
44758801,29.6871,33.8518,470,22569,0.844128,0.67,2,641271,640801,470
44761721,77.9374,31.5704,529,22663,0.883651,0.63,2,641361,640832,529
44872681,59.7172,40.1279,546,25982,0.81496,1,2,643727,643181,546
44884361,40.3515,56.1154,514,26307,0.448303,1,1,643925,643411,514
44890201,65.2941,88.6446,528,26468,0.291328,0.91,1,644087,643559,528
44893121,42.6588,64.9289,506,26548,0.266531,0.89,1,644124,643618,506
44896041,54.9318,50.5858,517,26628,0.292613,0.75,1,644182,643665,517
44898961,42.9864,59.7172,495,26708,0.291045,0.65,1,644222,643727,495
44913561,82.4406,90.4703,434,27102,0.420782,0.25,1,644462,644028,434
44951521,45,43.5495,449,28101,0.758517,0.59,2,645107,644658,449
44954441,50.6,50.3099,449,28176,0.777407,0.67,2,645159,644710,449
44957361,62.12,58.862,453,28251,0.796963,0.63,2,645224,644771,453
44960281,14.024,13.3724,453,28326,0.804785,0.65,2,645226,644773,453
44963201,30.0048,29.0745,454,28401,0.843914,0.65,2,645260,644806,454
44966121,85.201,5.8149,553,28476,0.859566,0.67,2,645359,644806,553
45106281,69.9865,25.2741,581,31848,0.87256,1,2,647736,647155,581
45109201,40.3973,80.2548,520,31914,0.883024,1,2,647769,647249,520
45115041,38.5759,49.6102,517,32046,0.838484,1,2,647844,647327,517
45117961,38.9152,37.122,522,32112,0.809394,1,2,647883,647361,522
45120881,53.383,51.4244,524,32178,0.809757,1,2,647940,647416,524
45123801,47.4766,47.8849,523,32244,0.785903,1,2,647986,647463,523
45126721,53.4953,53.577,523,32310,0.764361,1,2,648041,647518,523
45129641,53.0991,52.3154,524,32375,0.767744,0.96,2,648094,647570,524
45161761,49.8583,53.0991,459,33086,0.785753,0.73,2,648553,648094,459
45164681,33.1717,34.6198,458,33150,0.788301,0.67,2,648582,648124,458
45167601,67.4343,70.124,455,33214,0.86132,0.69,2,648658,648203,455
45170521,43.0869,41.2248,458,33278,0.890528,0.73,2,648695,648237,458
45334041,79.5988,79.5094,486,36665,0.87789,0.96,2,651049,650563,486
45336961,42.3198,42.3019,486,36723,0.861156,1,2,651082,650596,486
45339881,38.864,34.8604,491,36781,0.806462,1,2,651120,650629,491
45363241,36.0156,10.771,504,37237,0.444963,0.91,1,651395,650891,504
45366161,32.0031,29.3542,501,37294,0.447985,0.92,1,651426,650925,501
45369081,70.4006,32.2708,548,37351,0.401194,0.85,1,651506,650958,548
45372001,44.4801,79.2542,495,37408,0.418478,0.85,1,651544,651049,495
45374921,36.896,42.2508,497,37464,0.425391,0.77,1,651579,651082,497
45377841,32.1792,38.8502,490,37520,0.416156,0.69,1,651610,651120,490
45380761,31.2358,35.77,486,37576,0.400463,0.65,1,651641,651155,486
45383681,18.2472,35.154,466,37632,0.406185,0.63,1,651656,651190,466
45389521,34.0099,37.7262,479,37744,0.42379,0.55,1,651728,651249,479
45445001,46.3754,45.7839,451,38795,0.752522,0.59,2,652438,651987,451
45447921,37.2751,36.3568,452,38849,0.787009,0.61,2,652473,652021,452
45450841,31.455,31.2714,452,38903,0.788803,0.63,2,652503,652051,452
45453761,32.691,31.8543,453,38957,0.825521,0.63,2,652536,652083,453
45456681,16.9382,15.9709,454,39011,0.828209,0.65,2,652549,652095,454
45459601,35.3876,35.1942,454,39065,0.853283,0.73,2,652589,652135,454
45462521,39.8775,38.2388,456,39119,0.887313,0.69,2,652630,652174,456
45465441,23.9755,23.6478,456,39173,0.876925,0.69,2,652650,652194,456
45833361,35.9637,43.4258,494,45461,0.89344,1,2,657047,656553,494
45839201,38.0785,28.617,503,45553,0.82815,1,2,657120,656617,503
45842121,38.0157,28.9234,512,45599,0.78126,1,2,657158,656646,512
45845041,29.2031,36.1847,501,45645,0.762504,1,2,657185,656684,501
45847961,27.4406,33.6369,495,45691,0.815002,1,2,657212,656717,495
45850881,38.2881,37.9274,497,45737,0.812001,1,2,657253,656756,497
45853801,33.2576,39.5855,489,45783,0.8348,1,2,657285,656796,489
45856721,30.6515,33.5171,487,45829,0.81992,1,2,657315,656828,487
45859641,31.7303,28.3034,492,45875,0.873968,1,2,657347,656855,492
45862561,27.1461,18.4607,502,45921,0.847587,1,2,657373,656871,502
45865481,24.6292,3.69214,526,45967,0.849035,1,2,657397,656871,526
45868401,28.1258,42.3384,503,46013,0.837614,1,2,657426,656923,503
45871321,19.2252,30.8677,492,46059,0.845046,0.99,2,657443,656951,492
45874241,34.245,22.9735,509,46105,0.848018,0.91,2,657481,656972,509
45877161,35.649,35.7947,506,46151,0.825207,0.86,2,657517,657011,506
45880081,32.7298,35.9589,502,46197,0.840083,0.93,2,657549,657047,502
45883001,36.146,34.3918,505,46243,0.846033,0.77,2,657586,657081,505
45885921,36.8292,38.0784,503,46289,0.836413,0.75,2,657623,657120,503
45888841,26.5658,38.0157,489,46335,0.856565,0.75,2,657647,657158,489
45891761,26.1132,29.2031,488,46381,0.864626,0.85,2,657673,657185,488
46109301,89.0315,87.4367,489,22817,0.0844,0.59,1,660048,659559,489
46112221,63.4063,69.4873,481,22910,0.08776,0.27,1,660105,659624,481
46115141,63.8813,83.4975,458,23003,0.053104,0.15,1,660169,659711,458
46118061,59.9763,63.8995,458,23095,0.0632416,0.03,1,660228,659770,458
46120981,69.5953,91.9799,431,23187,0.0312966,0,1,660300,659869,431
46123901,33.1191,33.596,436,23278,0.0125187,0,1,660324,659888,436
46126821,59.4238,31.5192,471,23369,0.0350075,0.01,1,660390,659919,471
46129741,75.0848,45.5038,501,23460,0.056003,0.03,1,660469,659968,501
46138501,61.4007,63.244,484,23730,0.0988642,0.07,1,660653,660169,484
46141421,66.6801,59.8488,493,23819,0.0935457,0.01,1,660721,660228,493
46144341,34.136,69.5698,447,23908,0.0674183,0,1,660747,660300,447
46147261,8.42721,33.114,425,23997,0.0569673,0.05,1,660749,660324,425
46150181,52.8854,59.4228,423,24085,0.0407869,0.07,1,660813,660390,423
46153101,72.9771,75.0846,422,24173,0.0343148,0.13,1,660891,660469,422
46156021,67.3954,63.0169,428,24261,0.0197259,0.17,1,660957,660529,428
46158941,63.8791,63.0034,428,24348,0.0498904,0.07,1,661020,660592,428
46161861,59.1758,61.4007,425,24435,0.0739561,0.09,1,661078,660653,425
46173541,51.2499,52.8854,422,24780,0.223797,0.03,1,661235,660813,422
46176461,72.65,72.9771,422,24866,0.227519,0.01,1,661313,660891,422
46188141,68.4106,66.2352,430,25205,0.211312,0.19,1,661576,661146,430
46191061,35.2821,33.247,432,25289,0.222525,0.19,1,661603,661171,432
46193981,8.65643,8.24941,432,25373,0.22701,0.25,1,661605,661173,432
46196901,51.3313,51.2499,432,25457,0.216804,0.25,1,661667,661235,432
46208581,65.7845,65.938,492,25788,0.209118,0.21,1,661937,661445,492
46211501,68.3569,61.9876,500,25870,0.233647,0.23,1,662006,661506,500
46214421,37.6714,68.3975,460,25952,0.243459,0.23,1,662036,661576,460
46217341,9.13428,35.2795,435,26034,0.247384,0.23,1,662038,661603,435
46220261,49.8269,8.6559,493,26115,0.260953,0.21,1,662098,661605,493
46229021,65.0066,64.6132,495,26358,0.418701,0.17,1,662301,661806,495
46272821,78.6058,73.4872,453,27538,0.771852,0.61,2,663065,662612,453
46275741,66.9212,66.6974,452,27615,0.842741,0.61,2,663129,662677,452
46278661,14.9842,14.9395,452,27692,0.847096,0.61,2,663131,662679,452
46281581,55.7968,55.7879,452,27768,0.896839,0.69,2,663197,662745,452
46412981,74.1126,66.1789,493,31012,0.826,1,2,665506,665013,493
46424661,39.4018,41.6355,486,31284,0.440906,1,1,665680,665194,486
46439261,62.1592,28.7621,546,31620,0.0971645,1,1,665900,665354,546
46442181,68.4318,66.5524,540,31687,0.0448658,0.71,1,665970,665430,540
46445101,36.8864,74.1105,493,31754,0.0479463,0.65,1,665999,665506,493
46448021,28.9773,45.2221,482,31821,0.0611785,0.55,1,666026,665544,482
46474301,39.7696,68.4318,454,32414,0.0615646,0.05,1,666424,665970,454
46477221,29.5539,36.8864,452,32479,0.0666258,0.07,1,666451,665999,452
46480141,59.5108,28.9773,492,32544,0.0686503,0.15,1,666518,666026,492
46483061,35.9022,56.9955,458,32609,0.0694601,0.15,1,666548,666090,458
46485981,40.7804,33.7991,472,32674,0.0697841,0.15,1,666590,666118,472
46488901,28.9561,40.3598,456,32739,0.0939136,0.21,1,666616,666160,456
46500581,61.2751,62.2406,428,32996,0.213748,0.09,1,666751,666323,428
46503501,65.055,66.8481,426,33060,0.259499,0.03,1,666817,666391,426
46506421,37.011,39.7696,423,33124,0.2658,0.07,1,666847,666424,423
46509341,31.4022,29.5539,426,33188,0.29232,0.07,1,666877,666451,426
46515181,35.8161,35.9022,425,33316,0.419971,0.07,1,666973,666548,425
46518101,42.3632,40.7804,427,33379,0.413988,0.11,1,667017,666590,427
46521021,29.2726,28.9561,427,33442,0.447595,0.11,1,667043,666616,427
46596941,62.5903,32.9476,517,35050,0.767196,0.51,2,668075,667558,517
46599861,70.1181,62.5895,519,35110,0.792878,0.59,2,668147,667628,519
46602781,40.4236,67.7179,483,35170,0.815151,0.61,2,668180,667697,483
46605701,34.4847,39.1436,484,35230,0.812061,0.59,2,668213,667729,484
46608621,63.6969,35.0287,521,35290,0.834824,0.65,2,668284,667763,521
46611541,38.3394,61.4057,485,35350,0.85593,0.65,2,668316,667831,485
46614461,42.8679,37.8811,497,35410,0.876372,0.65,2,668360,667863,497
46617381,31.7736,42.7762,482,35470,0.872549,0.67,2,668389,667907,482
46620301,7.95471,30.9552,456,35530,0.87102,0.67,2,668391,667935,456
46623221,30.3909,7.79105,490,35589,0.870408,0.71,2,668427,667937,490
46626141,33.2782,28.7582,490,35648,0.870163,0.71,2,668461,667971,490
46629061,8.25564,32.9516,458,35707,0.870065,0.81,2,668463,668005,458
46792581,60.1933,51.9734,494,38883,0.813328,1,2,670750,670256,494
46807181,30.802,34.9901,496,39153,0.294802,1,1,670923,670427,496
46827621,32.7989,40.9663,469,39530,0.234734,0.71,1,671154,670685,469
46830541,48.9598,60.1933,457,39583,0.219894,0.61,1,671207,670750,457
46833461,32.992,39.2387,452,39636,0.249957,0.51,1,671236,670784,452
46836381,28.9984,34.2477,447,39689,0.237983,0.47,1,671264,670817,447
46839301,32.9997,38.0495,442,39742,0.233193,0.41,1,671298,670856,442
46842221,32.9999,38.0099,437,39795,0.207277,0.19,1,671331,670894,437
46845141,25.8,30.802,432,39848,0.220911,0.11,1,671355,670923,432
46848061,34.76,38.1604,429,39901,0.250364,0.05,1,671392,670963,429
46850981,33.352,36.4321,426,39954,0.226146,0.11,1,671425,670999,426
46853901,32.2704,31.2864,428,40007,0.240458,0.21,1,671457,671029,428
46856821,29.6541,27.8573,430,40060,0.270183,0.21,1,671486,671056,430
46859741,21.9308,5.57146,450,40113,0.234073,0.17,1,671506,671056,450
46862661,42.7862,15.5143,480,40166,0.219629,0.19,1,671554,671074,480
46865581,34.1572,43.1029,462,40219,0.225852,0.27,1,671586,671124,462
46868501,48.4314,32.6206,484,40271,0.252341,0.21,1,671638,671154,484
46871421,33.6863,48.9241,461,40323,0.286936,0.27,1,671668,671207,461
46874341,27.5373,32.9848,458,40375,0.276774,0.23,1,671694,671236,458
46877261,32.7075,28.997,464,40427,0.27271,0.23,1,671728,671264,464
46903541,34.2653,42.7862,464,40895,0.428489,0.23,1,672018,671554,464
46967781,33.7944,31.9948,452,42015,0.781912,0.61,2,672745,672293,452
46970701,32.3589,31.999,452,42065,0.786765,0.61,2,672777,672325,452
46973621,32.0718,31.9998,452,42115,0.788706,0.61,2,672809,672357,452
46976541,24.0144,22.4,454,42165,0.789482,0.63,2,672831,672377,454
46979461,45.6029,45.28,454,42215,0.837793,0.63,2,672882,672428,454
46982381,10.7206,10.656,454,42265,0.857117,0.67,2,672884,672430,454
46985301,29.3441,28.5312,455,42315,0.876847,0.71,2,672918,672463,455
46988221,51.4688,49.7062,457,42365,0.872739,0.71,2,672975,672518,457
47145901,41.4912,43.4215,487,44975,0.886593,1,2,674771,674284,487
47151741,28.8596,24.2969,496,45069,0.846255,1,2,674829,674333,496
47163421,30.9774,25.4085,501,45257,0.403984,1,1,674966,674465,501
47178021,31.2125,36.0273,474,45490,0.252383,0.91,1,675107,674633,474
47183861,29.2485,33.2811,470,45582,0.0667813,1,1,675170,674700,470
47186781,28.2497,27.4562,472,45628,0.0267125,0.82,1,675198,674726,472
47189701,32.8499,41.4912,461,45674,0.028685,0.91,1,675232,674771,461
47192621,30.57,32.2982,461,45720,0.029474,0.81,1,675262,674801,461
47195541,24.514,28.8596,456,45766,0.0177896,0.65,1,675285,674829,456
47198461,36.1028,40.1719,452,45812,0.0251158,0.51,1,675324,674872,452
47201381,27.2206,34.4344,444,45858,0.0280463,0.41,1,675349,674905,444
47204301,29.4441,30.8869,444,45904,0.0412185,0.35,1,675379,674935,444
47207221,31.4888,30.9774,445,45950,0.0464874,0.35,1,675411,674966,445
47210141,21.4978,6.19547,464,45996,0.048595,0.39,1,675430,674966,464
47213061,23.4996,18.8391,466,46042,0.049438,0.39,1,675454,674988,466
47215981,27.8999,24.5678,469,46088,0.0617752,0.33,1,675483,675014,469
47218901,24.78,32.1136,459,46134,0.0547101,0.29,1,675507,675048,459
47221821,27.356,28.0227,460,46180,0.063884,0.21,1,675535,675075,460
47224741,28.6712,31.2045,457,46226,0.0555536,0.11,1,675564,675107,457
47227661,27.3342,34.2409,449,46272,0.0522214,0,1,675591,675142,449
47230581,29.4668,29.2482,451,46318,0.0388886,0,1,675621,675170,451
47233501,31.4934,28.2496,455,46364,0.0155554,0.03,1,675653,675198,455
47236421,30.2987,32.8499,451,46409,0.0122222,0.03,1,675683,675232,451
47239341,24.4597,30.57,444,46454,0.0468889,0.01,1,675706,675262,444
47242261,36.0919,24.514,460,46499,0.0727555,0.03,1,675745,675285,460
47245181,28.0184,36.1028,447,46544,0.0711022,0.03,1,675771,675324,447
47248101,28.8037,27.2206,451,46589,0.0824409,0.05,1,675800,675349,451
47251021,32.9607,29.4441,455,46634,0.0629764,0.05,1,675834,675379,455
47253941,21.7921,31.4888,442,46679,0.0791905,0.05,1,675853,675411,442
47256861,21.9584,21.4978,445,46724,0.0976762,0.05,1,675875,675430,445
47306501,29.8485,29.9917,430,47487,0.246993,0.17,1,676337,675907,430
47309421,21.9697,23.5983,428,47531,0.248797,0.13,1,676357,675929,428
47312341,28.3939,28.7197,428,47575,0.285519,0.13,1,676387,675959,428
47315261,32.0788,30.5439,430,47619,0.288208,0.17,1,676420,675990,430
47321101,27.5232,28.2618,429,47707,0.299313,0.13,1,676472,676043,429
47324021,31.1046,32.0524,428,47751,0.293725,0.13,1,676504,676076,428
47329861,27.4842,26.7221,429,47839,0.295396,0.13,1,676560,676131,429
47332781,36.6968,37.3444,428,47883,0.292158,0.15,1,676599,676171,428
47335701,28.1394,27.4689,429,47927,0.290863,0.17,1,676625,676196,429
47347381,6.06742,6.21355,430,48103,0.441798,0.19,1,676710,676280,430
47350301,23.6135,21.2427,433,48147,0.434719,0.29,1,676738,676305,433
47452501,30.0203,23.1872,479,49657,0.791838,0.53,2,677715,677236,479
47455421,33.2041,30.2374,481,49699,0.826735,0.53,2,677749,677268,481
47458341,27.4408,33.2475,473,49741,0.840694,0.53,2,677775,677302,473
47461261,27.8882,26.6495,476,49783,0.858278,0.55,2,677803,677327,476
47464181,31.1776,27.7299,480,49825,0.877311,0.55,2,677835,677355,480
47467101,28.6355,31.146,476,49867,0.884924,0.55,2,677863,677387,476
47470021,26.5271,28.6292,474,49909,0.88797,0.55,2,677889,677415,474
47472941,37.3054,26.5258,488,49951,0.889188,0.55,2,677929,677441,488
47475861,29.8611,37.3052,476,49993,0.889675,0.57,2,677957,677481,476
47816041,43.4543,47.2499,482,27388,0.778,1,2,682492,682010,482
47830641,50.6341,58.9143,486,27772,0.0732275,1,1,682719,682233,486
47833561,91.7268,99.7829,478,27848,0.047291,1,1,682821,682343,478
47836481,50.3454,46.3566,485,27924,0.0489164,0.85,1,682861,682376,485
47839401,56.4691,73.2713,463,28000,0.0255666,0.69,1,682919,682456,463
47842321,35.2938,43.4543,457,28076,0.0522266,0.53,1,682949,682492,457
47845241,39.0588,50.2909,445,28151,0.0628907,0.45,1,682989,682544,445
47848161,33.4118,41.2582,438,28226,0.0431563,0.29,1,683021,682583,438
47851081,32.2824,37.8516,433,28301,0.0712625,0.05,1,683053,682620,433
47854001,35.2565,45.1703,422,28376,0.070505,0.05,1,683089,682667,422
47856921,47.8513,9.03407,473,28451,0.028202,0,1,683140,682667,473
47859841,91.1703,43.4068,523,28525,0.0292808,0.03,1,683242,682719,523
47862761,52.6341,90.2814,464,28599,0.0417123,0.05,1,683285,682821,464
47865681,54.5268,50.0563,479,28673,0.0466849,0.01,1,683340,682861,479
47868601,35.7054,56.4113,452,28747,0.060674,0.07,1,683371,682919,452
47871521,39.9411,35.2823,463,28821,0.0782696,0.07,1,683412,682949,463
47874441,31.9882,39.0564,453,28894,0.0493078,0.03,1,683442,682989,453
47877361,35.1976,33.4113,457,28967,0.0737231,0.09,1,683478,683021,457
47880281,32.6395,32.2823,457,29040,0.0714893,0.07,1,683510,683053,457
47883201,47.3279,35.2565,472,29113,0.0285957,0,1,683561,683089,472
47886121,91.0656,47.8513,523,29186,0.0534383,0.03,1,683663,683140,523
47889041,55.8131,91.1703,468,29259,0.0393753,0.05,1,683710,683242,468
47891961,53.5626,52.6341,478,29331,0.0697501,0.05,1,683763,683285,478
47894881,34.7125,54.5268,453,29403,0.0819001,0.07,1,683793,683340,453
47897801,40.5425,35.7054,464,29475,0.08676,0.09,1,683835,683371,464
47900721,30.5085,39.9411,451,29547,0.052704,0.03,1,683863,683412,451
47903641,38.1017,31.9882,461,29619,0.0390816,0.09,1,683903,683442,461
47906561,32.4203,35.1976,456,29690,0.0336326,0.07,1,683934,683478,456
47909481,44.8841,32.6395,472,29761,0.0194531,0,1,683982,683510,472
47912401,91.3768,47.3279,524,29832,0.0257812,0.07,1,684085,683561,524
47915321,19.8754,91.0656,424,29903,0.0283125,0.03,1,684087,683663,424
47918241,41.5751,55.8131,424,29974,0.053325,0.09,1,684134,683710,424
47921161,52.315,53.5626,426,30045,0.02733,0.09,1,684189,683763,426
47924081,34.463,34.7125,426,30115,0.064932,0.09,1,684219,683793,426
47927001,41.2926,40.5425,427,30185,0.0679728,0.03,1,684262,683835,427
47929921,28.2585,30.5085,424,30255,0.0811891,0.03,1,684287,683863,424
47932841,36.8517,38.1017,423,30325,0.0984756,0.03,1,684326,683903,423
47935761,32.1703,32.4203,423,30395,0.0813903,0.01,1,684357,683934,423
47938681,44.0341,44.8841,422,30465,0.0625561,0.03,1,684404,683982,422
47941601,92.0068,91.3768,423,30534,0.0670224,0.03,1,684508,684085,423
47944521,20.0014,19.8754,423,30603,0.068809,0.07,1,684510,684087,423
47947441,41.6003,41.5751,423,30672,0.0575236,0.01,1,684557,684134,423
47950361,52.3201,52.315,423,30741,0.0650094,0.09,1,684612,684189,423
47964961,31.41,32.1703,425,31084,0.215255,0.05,1,684782,684357,425
47967881,41.482,44.0341,422,31152,0.224102,0.07,1,684826,684404,422
47973721,20.0593,20.0014,423,31288,0.0538563,0.07,1,684933,684510,423
47976641,41.6119,4.00027,470,31356,0.0395425,0.05,1,684980,684510,470
47979561,53.1224,38.4001,479,31423,0.069817,0.07,1,685036,684557,479
47988321,31.113,42.2272,456,31624,0.202468,0.15,1,685143,684687,456
47991241,37.4226,29.2454,469,31691,0.206987,0.23,1,685182,684713,469
47994161,31.4845,37.0491,460,31758,0.208795,0.23,1,685212,684752,460
47997081,38.2969,31.4098,470,31825,0.209518,0.23,1,685252,684782,470
48011681,40.4731,53.1224,462,32155,0.2022,0.15,1,685498,685036,462
48014601,47.2946,37.8245,477,32221,0.20688,0.19,1,685547,685070,477
48017521,30.2589,43.5649,458,32287,0.208752,0.23,1,685573,685115,458
48020441,38.0518,31.113,470,32353,0.233501,0.21,1,685613,685143,470
48023361,31.6104,37.4226,461,32418,0.2554,0.21,1,685643,685182,461
48026281,38.3221,31.4845,471,32483,0.28816,0.21,1,685683,685212,471
48029201,86.8644,38.2969,530,32548,0.289264,0.19,1,685782,685252,530
48032121,18.9729,87.6594,432,32613,0.289706,0.19,1,685784,685352,432
48046721,45.624,47.2946,432,32936,0.401856,0.21,1,685979,685547,432
48049641,29.9248,30.2589,432,33000,0.442742,0.25,1,686005,685573,432
48052561,40.385,38.0518,435,33064,0.435097,0.27,1,686048,685613,435
48055481,33.677,31.6104,437,33128,0.408039,0.31,1,686080,685643,437
48058401,38.7354,38.3221,437,33192,0.433216,0.29,1,686120,685683,437
48099281,44.6064,43.7659,446,34073,0.756597,0.53,2,686716,686270,446
48110961,48.705,6.29083,501,34321,0.766681,0.63,2,686871,686370,501
48113881,31.341,42.0582,477,34383,0.792672,0.59,2,686898,686421,477
48116801,39.8682,30.0116,492,34444,0.827069,0.65,2,686940,686448,492
48119721,36.7736,38.8023,487,34505,0.840828,0.63,2,686976,686489,487
48122641,42.5547,34.9605,497,34566,0.870331,0.69,2,687020,686523,497
48125561,87.7109,39.7921,555,34627,0.894132,0.75,2,687119,686564,555
48280321,33.5771,32.1586,524,37726,0.80728,1,2,689248,688724,524
48292001,29.0329,34.5411,507,37950,0.248618,1,1,689380,688873,507
48297841,74.1213,34.8216,570,38062,0.0577789,1,1,689500,688930,570
48300761,46.0243,78.1643,520,38118,0.0771116,1,1,689539,689019,520
48303681,34.8049,40.4329,521,38173,0.0848446,1,1,689571,689050,521
48306601,46.161,37.6866,533,38228,0.0339378,0.95,1,689620,689087,533
48309521,33.2322,53.1373,506,38283,0.0195751,1,1,689650,689144,506
48312441,30.6464,39.4275,500,38338,0.0258301,0.93,1,689680,689180,500
48315361,26.1293,35.8855,490,38393,0.052332,0.71,1,689705,689215,490
48318281,23.6259,33.5771,480,38448,0.0269328,0.63,1,689728,689248,480
48321201,31.1252,29.1154,485,38503,0.0407731,0.41,1,689761,689276,485
48324121,28.625,37.8231,473,38558,0.0463092,0.21,1,689789,689316,473
48327041,18.525,37.1646,452,38613,0.0365237,0.19,1,689805,689353,452
48329961,5.305,29.0329,427,38668,0.0326095,0.05,1,689807,689380,427
48332881,25.861,34.6066,422,38723,0.0430438,0.01,1,689838,689416,422
48335801,72.3722,74.1213,422,38778,0.0352175,0.09,1,689922,689500,422
48338721,45.6744,46.0243,422,38832,0.032087,0.09,1,689961,689539,422
48341641,34.7349,34.8049,422,38886,0.0428348,0,1,689993,689571,422
48344561,46.147,46.161,422,38940,0.0351339,0.01,1,690042,689620,422
48347481,34.0294,33.2322,423,38994,0.0560536,0.03,1,690073,689650,423
48350401,30.8059,30.6464,423,39048,0.0524214,0.07,1,690103,689680,423
48353321,26.1612,26.1293,423,39102,0.0629686,0.01,1,690128,689705,423
48356241,22.8322,23.6259,422,39156,0.0251874,0.05,1,690150,689728,422
48359161,32.5664,31.1252,424,39210,0.052075,0.05,1,690185,689761,424
48362081,27.3133,28.625,422,39264,0.07483,0.03,1,690211,689789,422
48365001,19.0627,18.525,423,39318,0.047932,0.03,1,690228,689805,423
48367921,5.41253,5.305,423,39372,0.0191728,0.05,1,690230,689807,423
48370841,25.8825,25.861,423,39426,0.0736691,0.03,1,690261,689838,423
48373761,71.5765,72.3722,422,39480,0.0474676,0.03,1,690344,689922,422
48376681,47.1153,45.6744,424,39533,0.0489871,0.05,1,690385,689961,424
48379601,33.4231,34.7349,422,39586,0.0495948,0.03,1,690415,689993,422
48382521,47.4846,46.147,424,39639,0.0258379,0.07,1,690466,690042,424
48385441,35.8969,34.0294,426,39692,0.0643352,0.05,1,690499,690073,426
48391281,26.3959,26.1612,423,39798,0.0714936,0,1,690551,690128,423
48394201,22.0792,22.8322,422,39851,0.0825974,0.07,1,690572,690150,422
48397121,33.2158,32.5664,423,39904,0.051039,0.09,1,690608,690185,423
48400041,28.2432,27.3133,424,39957,0.0504156,0.03,1,690635,690211,424
48402961,17.6486,19.0627,422,40010,0.0621662,0,1,690650,690228,422
48405881,5.12973,5.41253,422,40063,0.0428665,0,1,690652,690230,422
48408801,27.4259,1.08251,455,40116,0.0471466,0.11,1,690685,690230,455
48411721,69.4852,25.0165,504,40169,0.0188586,0.03,1,690765,690261,504
48414641,46.697,71.4033,462,40222,0.0255435,0.05,1,690806,690344,462
48417561,34.1394,47.0807,452,40274,0.0402174,0.05,1,690837,690385,452
48420481,47.6279,33.4161,473,40326,0.022087,0.01,1,690888,690415,473
48423401,38.3256,47.4832,458,40378,0.0628348,0.09,1,690924,690466,458
48426321,26.8651,35.8966,449,40430,0.0911339,0.13,1,690948,690499,449
48429241,26.973,27.9793,450,40482,0.0904536,0.05,1,690975,690525,450
48432161,19.7946,26.3959,442,40534,0.0901814,0.09,1,690993,690551,442
48435081,33.5589,22.0792,458,40586,0.0900726,0.03,1,691030,690572,458
48449681,68.8402,27.4259,502,40846,0.0737959,0,1,691187,690685,502
48452601,46.568,69.4852,463,40898,0.0595184,0.03,1,691228,690765,463
48455521,36.5136,46.697,456,40950,0.0538073,0.05,1,691262,690806,456
48458441,45.7027,34.1394,473,41002,0.0635229,0.01,1,691310,690837,473
48461361,41.1405,47.6279,462,41053,0.0554092,0.09,1,691350,690888,462
48464281,27.4281,38.3256,450,41104,0.0401637,0.11,1,691374,690924,450
48467201,26.2856,26.8651,452,41155,0.0580655,0.09,1,691400,690948,452
48470121,19.6571,26.973,443,41206,0.0652262,0.09,1,691418,690975,443
48473041,33.5314,19.7946,462,41257,0.0800905,0.09,1,691455,690993,462
48475961,29.9063,33.5589,454,41308,0.0860362,0.11,1,691484,691030,454
48478881,17.1813,29.1118,440,41359,0.0884145,0.11,1,691498,691058,440
48481801,5.03625,17.0224,428,41410,0.0893658,0.11,1,691500,691072,428
48487641,65.6414,28.2009,501,41512,0.0946985,0.05,1,691609,691108,501
48490561,14.7283,68.8402,424,41563,0.0678794,0.05,1,691611,691187,424
48493481,36.5457,46.568,425,41614,0.0451518,0.05,1,691653,691228,425
48496401,33.7091,36.5136,424,41665,0.0480607,0.07,1,691686,691262,424
48499321,45.1418,45.7027,424,41716,0.0732243,0.05,1,691734,691310,424
48502241,40.2284,41.1405,423,41767,0.0832897,0.03,1,691773,691350,423
48505161,28.0457,27.4281,424,41818,0.0753159,0.07,1,691798,691374,424
48508081,27.2091,26.2856,425,41868,0.0841264,0.07,1,691825,691400,425
48511001,19.8418,19.6571,425,41918,0.0876505,0.09,1,691843,691418,425
48513921,34.3684,33.5314,426,41968,0.0890602,0.09,1,691881,691455,426
48516841,30.0737,29.9063,426,42018,0.0776241,0.09,1,691910,691484,426
48519761,17.2147,17.1813,426,42068,0.0730496,0.09,1,691924,691498,426
48522681,5.04295,5.03625,426,42118,0.0472199,0.11,1,691926,691500,426
48525601,29.0086,28.2073,427,42168,0.0848879,0.09,1,691961,691534,427
48540201,46.2557,45.1418,425,42418,0.205858,0.09,1,692159,691734,425
48543121,39.6511,40.2284,424,42468,0.244343,0.07,1,692197,691773,424
48546041,27.9302,28.0457,424,42518,0.271737,0.09,1,692222,691798,424
48563561,5.17094,5.04295,424,42815,0.405025,0.11,1,692350,691926,424
48569401,64.3668,61.8017,428,42913,0.416404,0.13,1,692459,692031,428
48572321,14.4734,13.9603,428,42962,0.424562,0.15,1,692461,692033,428
48575241,35.6947,36.3921,427,43011,0.439825,0.15,1,692502,692075,427
48578161,35.9389,7.27841,463,43060,0.42193,0.19,1,692538,692075,463
48648241,31.4394,5.02029,492,44222,0.756451,0.63,2,693281,692789,492
48651161,66.2879,31.4041,529,44270,0.76458,0.69,2,693356,692827,529
48654081,14.8576,65.4808,457,44318,0.767832,0.69,2,693358,692901,457
48657001,35.7715,14.6962,496,44366,0.769133,0.69,2,693399,692903,496
48659921,35.9543,34.9392,492,44414,0.769653,0.71,2,693435,692943,492
48662841,51.1909,35.7878,511,44461,0.757861,0.67,2,693490,692979,511
48665761,11.8382,52.7576,456,44508,0.753144,0.69,2,693492,693036,456
48668681,35.1676,43.3515,456,44555,0.775258,0.71,2,693533,693077,456
48671601,30.2335,31.0703,457,44602,0.808103,0.75,2,693562,693105,457
48674521,30.0467,29.4141,458,44649,0.833241,0.71,2,693592,693134,458
48677441,24.4093,24.2828,458,44696,0.831297,0.71,2,693615,693157,458
48680361,37.6819,37.6566,458,44743,0.830519,0.73,2,693656,693198,458
48683281,29.9364,29.9313,458,44790,0.842207,0.71,2,693684,693226,458
48686201,18.7873,17.9863,459,44837,0.822883,0.75,2,693700,693241,459
48689121,5.35745,5.19725,459,44884,0.815153,0.77,2,693702,693243,459
48692041,32.2715,31.4394,460,44931,0.800061,0.77,2,693741,693281,460
48694961,67.2543,66.2879,461,44978,0.830025,0.77,2,693817,693356,461
48697881,15.0509,14.8576,461,45025,0.84201,0.77,2,693819,693358,461
48700801,35.0102,35.7715,460,45072,0.870804,0.77,2,693859,693399,460
48873081,32.3616,45.7526,493,47753,0.87976,1,2,695723,695230,493
48876001,40.0723,33.9505,504,47797,0.765904,1,2,695765,695261,504
48887681,32.3265,30.1919,500,47973,0.294887,1,1,695890,695390,500
48893521,27.6931,31.4477,496,48061,0.0963819,1,1,695951,695455,496
48896441,27.1386,29.4895,494,48105,0.0685528,1,1,695978,695484,494
48899361,23.8277,20.2979,499,48149,0.0274211,1,1,696001,695502,499
48902281,29.5655,25.6596,503,48193,0.0289684,1,1,696032,695529,503
48905201,23.5131,33.9319,489,48237,0.0535874,1,1,696054,695565,489
48908121,16.7026,29.9864,475,48281,0.0514349,0.9,1,696069,695594,475
48911041,21.7405,29.1973,469,48325,0.062574,1,1,696092,695623,469
48916881,33.3496,37.8079,467,48413,0.0832118,0.81,1,696159,695692,467
48919801,27.4699,32.3616,462,48457,0.0512847,0.69,1,696185,695723,462
48922721,32.694,40.0723,454,48500,0.0625139,0.55,1,696219,695765,454
48925641,29.7388,36.8145,447,48543,0.0430056,0.41,1,696248,695801,447
48928561,22.7478,32.1629,437,48586,0.0232022,0.27,1,696269,695832,437
48931481,22.9496,25.6326,436,48629,0.0272809,0.25,1,696292,695856,436
48934401,27.7899,32.3265,431,48672,0.0649124,0.13,1,696321,695890,431
48937321,31.958,34.4653,429,48715,0.0679649,0.03,1,696354,695925,429
48940241,23.1916,27.6931,424,48758,0.045186,0.05,1,696375,695951,424
48943161,24.6383,27.1386,422,48801,0.0600744,0,1,696400,695978,422
48946081,26.5277,23.8277,426,48844,0.0240298,0,1,696427,696001,426
48949001,26.9055,4.76554,453,48887,0.0636119,0.03,1,696454,696001,453
48951921,22.9811,25.7531,444,48930,0.0554448,0.07,1,696476,696032,444
48954841,15.7962,22.7506,436,48973,0.0401779,0.05,1,696490,696054,436
48957761,21.5592,16.5501,444,49016,0.0580712,0.07,1,696513,696069,444
48960681,32.3118,21.71,456,49059,0.0412285,0.13,1,696548,696092,456
48963601,32.0624,30.742,455,49102,0.0584914,0.07,1,696580,696125,455
48966521,27.2125,33.3484,447,49145,0.0773966,0.03,1,696606,696159,447
48969441,35.0425,27.4697,458,49188,0.0729586,0.07,1,696643,696185,458
48972361,27.8085,32.6939,450,49231,0.0951834,0.03,1,696669,696219,450
48981121,28.9905,22.9496,452,49360,0.0768917,0.09,1,696744,696292,452
48984041,32.1981,27.7899,456,49403,0.0847567,0.07,1,696777,696321,456
48986961,23.2396,31.958,444,49446,0.0879027,0.03,1,696798,696354,444
48992801,25.5696,24.6383,448,49532,0.0512644,0,1,696848,696400,448
48995721,28.3139,26.5277,450,49575,0.0625058,0.09,1,696877,696427,450
48998641,22.4628,26.9055,444,49617,0.0550023,0.05,1,696898,696454,444
49001561,15.6926,22.9811,436,49659,0.0520009,0.03,1,696912,696476,436
49004481,21.5385,15.7962,445,49701,0.0388004,0.07,1,696935,696490,445
49007401,32.3077,21.5592,457,49743,0.0335201,0.03,1,696970,696513,457
49010321,33.6615,32.3118,456,49785,0.0314081,0.07,1,697004,696548,456
49013241,26.7323,32.0624,449,49827,0.0545632,0.09,1,697029,696580,449
49016161,37.3465,27.2125,463,49869,0.0638253,0.07,1,697069,696606,463
49019081,28.2693,35.0425,452,49911,0.0795301,0.11,1,697095,696643,452
49022001,26.4539,27.8085,452,49953,0.097812,0.15,1,697121,696669,452
49048281,5.8072,22.4628,424,50331,0.0846249,0.05,1,697322,696898,424
49051201,12.3614,15.6926,424,50373,0.0758499,0.03,1,697336,696912,424
49054121,20.8723,21.5385,424,50415,0.08434,0.03,1,697359,696935,424
49059961,32.8349,33.6615,423,50499,0.0866944,0.07,1,697427,697004,423
49106681,31.913,32.1745,426,51162,0.210759,0.07,1,697820,697394,426
49109601,32.7826,32.8349,426,51203,0.210304,0.11,1,697853,697427,426
49112521,28.9565,28.167,427,51244,0.246121,0.13,1,697881,697454,427
49115441,38.5913,38.4334,427,51285,0.272449,0.17,1,697922,697495,427
49118361,30.1183,29.2867,428,51326,0.282979,0.19,1,697950,697522,428
49121281,27.6237,26.6573,429,51367,0.275192,0.19,1,697977,697548,429
49124201,19.1247,18.1315,430,51408,0.284077,0.19,1,697994,697564,430
49141721,28.215,28.2152,429,51654,0.406861,0.17,1,698156,697727,429
49153401,24.3587,2.76514,455,51818,0.402432,0.19,1,698215,697760,455
49162161,29.3149,32.6941,460,51941,0.422956,0.27,1,698313,697853,460
49261441,31.2029,36.9424,453,53303,0.761983,0.63,2,699180,698727,453
49264361,31.0406,31.3885,454,53342,0.754793,0.67,2,699211,698757,454
49267281,42.2081,41.4777,455,53381,0.787917,0.69,2,699256,698801,455
49270201,31.6416,30.6955,456,53420,0.849167,0.69,2,699285,698829,456
49273121,27.9283,27.7391,456,53459,0.873667,0.67,2,699312,698856,456
49276041,19.9857,20.7478,455,53498,0.895467,0.67,2,699330,698875,455
49287721,28.6848,27.822,458,53654,0.898396,0.73,2,699455,698997,458
49293561,29.3074,29.1129,459,53732,0.884143,0.75,2,699507,699048,459
49296481,17.0615,17.0226,459,53771,0.899657,0.75,2,699521,699062,459
49492121,21.8442,28.4492,492,56334,0.883389,1,2,701265,700773,492
49495041,33.1688,38.4898,487,56371,0.815356,1,2,701301,700814,487
49497961,33.8338,30.898,492,56408,0.776142,1,2,701335,700843,492
49509641,31.2349,23.7934,518,56556,0.445197,1,1,701467,700949,518
49512561,25.447,28.7587,512,56593,0.400079,1,1,701491,700979,512
49524241,19.2151,27.0412,514,56741,0.296562,1,1,701587,701073,514
49553441,31.4738,33.8338,458,57111,0.40409,0.67,1,701793,701335,458
49556361,27.0948,28.3668,457,57148,0.419636,0.55,1,701819,701362,457
49559281,31.019,36.8734,450,57185,0.425854,0.47,1,701851,701401,450
49646881,26.6561,14.0737,475,58277,0.761335,0.53,2,702534,702059,475
49649801,27.7312,25.2147,475,58313,0.766534,0.53,2,702562,702087,475
49652721,18.3462,29.0429,461,58349,0.768614,0.47,2,702578,702117,461
49655641,15.6692,17.8086,461,58385,0.781445,0.51,2,702593,702132,461
49658561,21.5338,15.5617,469,58421,0.786578,0.53,2,702616,702147,469
49661481,29.9068,19.1123,481,58457,0.788631,0.61,2,702648,702167,481
49664401,32.3814,29.4225,482,58493,0.789452,0.57,2,702681,702199,482
49667321,27.2763,33.8845,473,58529,0.801781,0.55,2,702707,702234,473
49670241,35.0553,26.7769,485,58565,0.806712,0.55,2,702744,702259,485
49673161,34.2111,34.1554,483,58601,0.832685,0.57,2,702778,702295,483
49676081,22.8422,32.4311,471,58637,0.831074,0.61,2,702798,702327,471
49679001,25.3684,22.4862,477,58673,0.83043,0.59,2,702824,702347,477
49681921,27.4737,24.4972,480,58709,0.842172,0.63,2,702852,702372,480
49684841,34.2947,25.6994,490,58745,0.858869,0.67,2,702888,702398,490
49687761,21.2589,33.1399,473,58781,0.877547,0.71,2,702906,702433,473
49892161,446.006,454.99,514,26280,0.826,1,2,704993,704479,514
49959321,290.96,307.96,462,27740,0.27256,0.69,1,705408,704946,462
49965161,24.4384,36.4784,455,28618,0.0736096,0.69,1,705448,704993,455
49968081,23.2877,19.2957,463,28692,0.0474438,0.57,1,705471,705008,463
49971001,50.2575,39.0591,476,28766,0.0369775,0.47,1,705528,705052,476
49973921,46.8515,46.2118,474,28840,0.056791,0.35,1,705574,705100,474
49979761,59.3141,67.7685,457,28986,0.0942866,0.05,1,705689,705232,457
50011881,71.795,57.4622,502,29779,0.239325,0.15,1,706248,705746,502
50014801,15.959,70.6924,430,29850,0.25773,0.13,1,706250,705820,430
50020641,14.3984,17.2277,426,29992,0.294437,0.15,1,706296,705870,426
50032321,54.807,54.3764,430,30273,0.405218,0.17,1,706484,706054,430
50035241,58.9614,58.8753,430,30343,0.432087,0.21,1,706544,706114,430
50038161,61.3923,58.9751,433,30413,0.442835,0.27,1,706606,706173,433
50099481,75.5269,64.6652,528,31842,0.798184,0.65,2,707580,707052,528
50102401,16.7054,73.733,454,31908,0.829273,0.65,2,707582,707128,454
50105321,34.5411,16.3466,491,31974,0.829709,0.67,2,707621,707130,491
50108241,14.9082,32.8693,464,32040,0.829884,0.67,2,707631,707167,464
50111161,23.7816,14.5739,480,32106,0.841954,0.67,2,707657,707177,480
50114081,53.5563,23.7148,515,32172,0.846781,0.65,2,707718,707203,515
50117001,50.7113,53.543,504,32238,0.848713,0.63,2,707768,707264,504
50119921,58.9423,52.3086,513,32304,0.873485,0.69,2,707829,707316,513
50248401,292.071,204.531,611,15469,0.8452,0.98,2,709936,709325,611
50251321,106.414,179.306,498,15606,0.80008,1,2,709996,709498,498
50254241,71.6828,92.6612,490,15742,0.782032,1,2,710059,709569,490
50257161,67.9366,76.1322,485,15877,0.774813,0.91,2,710126,709641,485
50260081,24.7873,40.8264,467,16011,0.807925,0.77,2,710140,709673,467
50349141,75.8119,41.8786,521,19707,0.8308,1,2,712847,712326,521
50363741,181.592,43.2441,685,20239,0.206527,0.87,1,713261,712576,685
50366661,71.5185,187.049,506,20344,0.0886106,0.77,1,713305,712799,506
50369581,57.5037,75.8098,512,20448,0.0654443,0.67,1,713359,712847,512
50372501,48.3007,63.162,498,20552,0.0921777,0.67,1,713405,712907,498
50385641,43.3511,71.5185,424,21063,0.0724735,0.01,1,713729,713305,424
50388561,49.4702,14.3037,475,21164,0.0469894,0.05,1,713780,713305,475
50391481,49.894,46.0607,471,21264,0.0727958,0.11,1,713830,713359,471
50394401,43.5788,46.0121,467,21364,0.0831183,0.11,1,713872,713405,467
50403161,36.2846,170.96,423,21660,0.20812,0.05,1,714107,713684,423
50406081,42.4569,70.192,422,21758,0.245248,0.03,1,714151,713729,422
50409001,50.0914,54.8384,423,21855,0.212099,0.09,1,714203,713780,423
50411921,50.8183,50.9677,424,21952,0.22284,0.09,1,714254,713830,424
50414841,46.1637,43.7935,427,22049,0.239136,0.15,1,714299,713872,427
50417761,37.2327,35.1587,429,22145,0.257654,0.21,1,714334,713905,429
50423601,37.0093,36.2863,433,22336,0.426425,0.27,1,714540,714107,433
50426521,42.6019,42.4573,433,22431,0.44057,0.19,1,714584,714151,433
50429441,48.5204,50.0915,431,22526,0.446228,0.19,1,714634,714203,431
50432361,49.7041,10.0183,481,22620,0.448491,0.23,1,714684,714203,481
50435281,48.3408,42.8037,478,22714,0.449396,0.25,1,714732,714254,478
50438201,40.0682,44.5607,471,22807,0.449759,0.27,1,714770,714299,471
50480541,40.7139,49.906,452,24163,0.773451,0.65,2,715630,715178,452
50483461,39.3428,39.5812,454,24251,0.77138,0.77,2,715669,715215,454
50486381,181.469,178.316,458,24338,0.854552,0.73,2,715886,715428,458
50489301,39.4937,38.8632,458,24425,0.863821,0.73,2,715890,715432,458
50604641,37.7724,31.5526,503,27682,0.87328,1,2,718066,717563,503
50607561,38.7545,24.7105,519,27759,0.823312,1,2,718105,717586,519
50668881,48.9745,52.3569,497,29318,0.806047,0.59,2,719253,718756,497
50671801,36.9949,48.0714,484,29390,0.844419,0.59,2,719287,718803,484
50674721,48.999,36.0143,503,29462,0.883767,0.61,2,719339,718836,503
50677641,34.5998,48.8029,482,29534,0.899507,0.61,2,719370,718888,482
50683481,34.664,29.3121,491,29677,0.889121,0.73,2,719438,718947,491
50686401,34.1328,33.0624,491,29748,0.889648,0.73,2,719472,718981,491
50806121,147.663,36.6768,653,32537,0.79421,1,2,721539,720886,653
50838241,135.81,147.663,455,33245,0.262822,0.67,1,721994,721539,455
50841161,47.162,48.7326,456,33309,0.279129,0.63,1,722019,721563,456
50844081,29.4324,33.7465,451,33372,0.285652,0.55,1,722044,721593,451
50847001,32.2865,33.9493,450,33435,0.240261,0.55,1,722077,721627,450
50849921,9.6573,10.7899,449,33498,0.246104,0.53,1,722081,721632,449
50852841,21.9315,25.358,445,33561,0.260442,0.39,1,722106,721661,445
50870361,134.78,135.81,434,33938,0.431187,0.29,1,722428,721994,434
50940441,33.1649,48.4612,479,35403,0.759726,0.57,2,723375,722896,479
50943361,31.433,32.8922,481,35463,0.76589,0.61,2,723406,722925,481
50946281,9.4866,30.5784,455,35523,0.768356,0.61,2,723410,722955,455
50949201,24.2973,9.31569,479,35583,0.781342,0.61,2,723438,722959,479
50952121,30.4595,24.2631,483,35642,0.798537,0.61,2,723470,722987,483
50955041,7.69189,30.4526,453,35701,0.805415,0.65,2,723472,723019,453
50957961,25.5384,29.2905,454,35760,0.832166,0.67,2,723502,723048,454
50960881,36.3077,36.2581,455,35819,0.854866,0.69,2,723541,723086,455
50963801,28.8615,28.0516,456,35878,0.875947,0.69,2,723568,723112,456
50966721,37.7723,37.6103,456,35937,0.884379,0.77,2,723608,723152,456
51152141,80.4755,84.7985,466,17761,0.437749,0.41,1,726261,725795,466
51155061,84.0951,47.3597,513,17881,0.4451,0.31,1,726346,725833,513
51187181,66.7611,65.8561,449,19146,0.79201,0.63,2,727152,726703,449
51190101,87.7522,84.3712,453,19257,0.778804,0.65,2,727245,726792,453
51193021,55.1504,53.6742,454,19367,0.821522,0.65,2,727292,726838,454
51195941,38.2301,37.1348,455,19477,0.814609,0.71,2,727326,726871,455
51198861,117.246,117.027,455,19586,0.835844,0.71,2,727463,727008,455
51201781,93.0492,23.4054,542,19694,0.892337,0.77,2,727550,727008,542
51283541,43.0966,37.6227,490,22515,0.87088,1,2,729552,729062,490
51295221,126.565,39.1642,629,22889,0.202247,1,1,729853,729224,629
51298141,82.113,135.033,541,22982,0.0988986,0.88,1,729924,729383,541
51301061,61.2226,85.4066,524,23074,0.0455594,0.91,1,729980,729456,524
51303981,39.4445,63.4813,500,23166,0.0362238,0.84,1,730014,729514,500
51306901,54.2889,43.0963,520,23258,0.0444895,0.63,1,730072,729552,520
51309821,34.0578,60.6193,484,23349,0.0477958,0.61,1,730101,729617,484
51312741,38.8116,40.1238,489,23440,0.0731183,0.33,1,730141,729652,489
51315661,115.762,52.8248,568,23530,0.0352473,0.03,1,730276,729708,568
51318581,79.1525,126.565,493,23620,0.0440989,0.03,1,730346,729853,493
51321501,60.6305,82.113,478,23710,0.0356396,0.01,1,730402,729924,478
51324421,40.1261,61.2226,457,23799,0.0142558,0.03,1,730437,729980,457
51327341,55.2252,39.4445,482,23888,0.0237023,0.05,1,730496,730014,482
51330261,32.645,54.2889,451,23977,0.0154809,0.05,1,730523,730072,451
51333181,8.12901,34.0578,424,24065,0.0121924,0.09,1,730525,730101,424
51336101,33.6258,38.8116,424,24153,0.082877,0.01,1,730565,730141,424
51339021,114.725,115.762,424,24241,0.0991508,0.05,1,730700,730276,424
51347781,38.6458,40.1261,422,24502,0.0761856,0.03,1,730859,730437,422
51350701,57.3292,55.2252,425,24588,0.0364743,0.01,1,730921,730496,425
51353621,33.0658,32.645,425,24674,0.0445897,0.01,1,730948,730523,425
51356541,8.21317,8.12901,425,24760,0.0478359,0.13,1,730950,730525,425
51359461,34.4426,33.6258,426,24846,0.0731343,0.11,1,730991,730565,426
51362381,114.089,114.725,425,24931,0.0592537,0.19,1,731125,730700,425
51365301,81.2177,78.145,429,25016,0.0297015,0.09,1,731198,730769,429
51368221,57.8435,61.229,424,25101,0.0418806,0.05,1,731250,730826,424
51371141,36.3687,38.6458,422,25185,0.0587522,0.01,1,731281,730859,422
51374061,57.6737,57.3292,423,25269,0.0415009,0.05,1,731344,730921,423
51376981,33.9347,33.0658,424,25353,0.0586004,0.05,1,731372,730948,424
51379901,8.38695,8.21317,424,25437,0.0414401,0.05,1,731374,730950,424
51382821,33.6774,1.64263,464,25520,0.0465761,0.09,1,731414,730950,464
51385741,113.935,33.1285,557,25603,0.0726304,0.05,1,731548,730991,557
51388661,80.3871,113.826,495,25686,0.0830522,0.01,1,731620,731125,495
51394501,37.2955,57.833,455,25850,0.218488,0.07,1,731705,731250,455
51397421,56.2591,36.3666,485,25932,0.237395,0.03,1,731766,731281,485
51400341,33.6518,57.6733,450,26014,0.256958,0.07,1,731794,731344,450
51403261,8.33036,33.9347,424,26095,0.264783,0.03,1,731796,731372,424
51406181,34.4661,8.38693,463,26176,0.291913,0.05,1,731837,731374,463
51414941,64.1477,80.3871,485,26418,0.439882,0.23,1,732105,731620,485
51461661,25.2833,24.9643,448,27673,0.753461,0.57,2,732861,732413,448
51464581,63.4567,63.3929,448,27750,0.775385,0.67,2,732934,732486,448
51467501,68.6913,64.6786,453,27826,0.760154,0.67,2,733004,732551,453
51473341,60.1877,58.2671,456,27978,0.758825,0.69,2,733103,732647,456
51476261,35.2375,34.0534,457,28054,0.75353,0.75,2,733132,732675,457
51479181,8.64751,8.41069,457,28129,0.751412,0.73,2,733134,732677,457
51482101,35.3295,36.0821,456,28204,0.774565,0.73,2,733176,732720,456
51485021,119.866,118.416,458,28279,0.783826,0.77,2,733317,732859,458
51487941,25.5732,25.2833,458,28354,0.78753,0.77,2,733319,732861,458
51490861,65.1146,5.05666,533,28429,0.825012,0.79,2,733394,732861,533
51493781,66.6229,59.4113,527,28503,0.840005,0.75,2,733461,732934,527
51496701,40.5246,67.8823,491,28577,0.846002,0.73,2,733495,733004,491
51610581,34.2786,31.5551,492,31337,0.884032,1,2,735445,734953,492
51613501,35.6557,6.31103,528,31405,0.791613,1,2,735481,734953,528
51625181,95.6347,34.8261,590,31673,0.254457,1,1,735687,735097,590
51631021,48.1454,52.113,522,31807,0.0731132,0.98,1,735776,735254,522
51633941,64.0291,44.8226,547,31874,0.0352453,1,1,735844,735297,547
51636861,40.0058,72.9645,501,31940,0.0200981,0.92,1,735878,735377,501
51639781,27.2012,43.3929,489,32006,0.0140392,0.84,1,735902,735413,489
51642701,30.2402,34.2786,488,32072,0.0116157,0.73,1,735933,735445,488
51645621,27.648,35.6557,479,32138,0.0106463,0.63,1,735960,735481,479
51648541,26.3296,30.3311,476,32204,0.00425851,0.55,1,735986,735510,476
51651461,29.2659,30.8662,475,32270,0.0197034,0.43,1,736016,735541,475
51654381,79.4532,34.1732,532,32336,0.0138814,0.09,1,736108,735576,532
51657301,51.8906,95.6347,466,32401,0.0235525,0.11,1,736153,735687,466
51660221,45.5781,52.7269,468,32466,0.039421,0.01,1,736197,735729,468
51663141,65.1156,48.1454,491,32531,0.0157684,0.01,1,736267,735776,491
51666061,39.4231,64.0291,456,32596,0.0363074,0.01,1,736300,735844,456
51668981,26.2846,40.0058,445,32661,0.0325229,0.01,1,736323,735878,445
51671901,30.8569,27.2012,453,32726,0.0190092,0.01,1,736355,735902,453
51674821,7.77138,30.2402,424,32791,0.0136037,0.01,1,736357,735933,424
51677741,21.5543,27.648,422,32856,0.0354415,0,1,736382,735960,422
51680661,25.9109,26.3296,423,32920,0.0201766,0.03,1,736409,735986,423
51683581,31.5822,29.2659,426,32984,0.0500706,0.01,1,736442,736016,426
51686501,76.7164,79.4532,422,33048,0.0740283,0.03,1,736530,736108,422
51689421,51.3433,51.8906,422,33112,0.0356113,0.05,1,736575,736153,422
51692341,45.4687,45.5781,422,33176,0.0442445,0,1,736619,736197,422
51695261,66.6937,65.1156,424,33240,0.0476978,0.05,1,736691,736267,424
51698181,39.7387,39.4231,424,33304,0.0490791,0.03,1,736724,736300,424
51701101,24.7477,26.2846,422,33368,0.0616316,0.01,1,736745,736323,422
51704021,32.9495,30.8569,425,33431,0.0426527,0.01,1,736780,736355,425
51706941,8.18991,7.77138,425,33494,0.0170611,0.05,1,736782,736357,425
51709861,19.238,21.5543,422,33557,0.0248244,0.01,1,736804,736382,422
51712781,25.4476,25.9109,422,33620,0.0159298,0.07,1,736831,736409,422
51715701,33.8895,31.5822,425,33683,0.0483719,0.09,1,736867,736442,425
51718621,74.7779,76.7164,422,33746,0.0253488,0.01,1,736952,736530,422
51721541,50.9556,51.3433,422,33809,0.0281395,0.05,1,736997,736575,422
51724461,45.3911,45.4687,422,33872,0.0292558,0.05,1,737041,736619,422
51727381,66.6782,66.6937,422,33934,0.0417023,0.05,1,737113,736691,422
51730301,42.1356,39.7387,425,33996,0.0346809,0.07,1,737149,736724,425
51733221,23.6271,24.7477,423,34058,0.0438724,0.03,1,737168,736745,423
51736141,32.7254,32.9495,423,34120,0.0175489,0,1,737203,736780,423
51739061,8.14508,8.18991,423,34182,0.0250196,0.03,1,737205,736782,423
51741981,20.029,19.238,424,34244,0.0400078,0.03,1,737228,736804,424
51744901,23.2058,3.8476,448,34306,0.0460031,0.01,1,737252,736804,448
51747821,34.2412,22.3695,458,34368,0.0364013,0.07,1,737289,736831,458
51750741,74.8482,33.2739,507,34430,0.0205605,0.01,1,737374,736867,507
51753661,50.1696,74.6548,466,34491,0.0142242,0.03,1,737418,736952,466
51756581,45.2339,50.931,465,34552,0.0356897,0.03,1,737462,736997,465
51759501,66.6468,45.3862,493,34613,0.0322759,0.05,1,737534,737041,493
51762421,42.9294,66.6772,458,34674,0.0309103,0.03,1,737571,737113,458
51765341,22.9859,42.1354,440,34735,0.0423641,0.05,1,737589,737149,440
51768261,33.3972,23.6271,457,34796,0.0169457,0,1,737625,737168,457
51771181,8.27943,32.7254,424,34857,0.0127783,0.03,1,737627,737203,424
51774101,20.8559,8.14508,446,34918,0.0591113,0.05,1,737651,737205,446
51777021,21.7712,20.029,445,34979,0.0896445,0.05,1,737673,737228,445
51779941,34.7542,23.2058,459,35039,0.0658578,0.03,1,737711,737252,459
51782861,76.5508,34.2412,509,35099,0.0563431,0.01,1,737798,737289,509
51785781,48.1102,74.8482,465,35159,0.0525372,0.01,1,737839,737374,465
51788701,44.822,50.1696,465,35219,0.0390149,0.05,1,737883,737418,465
51791621,68.1644,45.2339,495,35279,0.021606,0.03,1,737957,737462,495
51794541,43.2329,66.6468,460,35339,0.0146424,0.03,1,737994,737534,460
51797461,23.0466,42.9294,441,35399,0.023857,0.05,1,738012,737571,441
51800381,34.2093,22.9859,460,35459,0.00954278,0,1,738049,737589,460
51803301,8.44186,33.3972,426,35519,0.0218171,0.01,1,738051,737625,426
51806221,22.4884,8.27943,450,35579,0.0147268,0.09,1,738077,737627,450
51809141,22.0977,20.8559,448,35638,0.0358907,0.11,1,738099,737651,448
51812061,33.2195,21.7712,462,35697,0.0203563,0.05,1,738135,737673,462
51814981,8.24391,34.7542,426,35756,0.0381425,0.05,1,738137,737711,426
51817901,69.6488,76.5508,424,35815,0.081257,0.05,1,738222,737798,424
51820821,45.1298,48.1102,422,35874,0.0985028,0.03,1,738261,737839,422
51823741,45.026,44.822,423,35933,0.0694011,0.01,1,738306,737883,423
51826661,69.0052,68.1644,424,35992,0.0337604,0.01,1,738381,737957,424
51829581,41.801,43.2329,422,36051,0.0195042,0.03,1,738416,737994,422
51832501,24.3602,23.0466,424,36110,0.0258017,0,1,738436,738012,424
51835421,33.672,34.2093,423,36169,0.0283207,0.03,1,738472,738049,423
51838341,8.33441,8.44186,423,36227,0.0113283,0.01,1,738474,738051,423
51841261,23.2669,22.4884,424,36285,0.0105313,0.05,1,738501,738077,424
51844181,23.0534,22.0977,425,36343,0.0342125,0.01,1,738524,738099,425
51847101,32.6107,33.2195,424,36401,0.019685,0.05,1,738559,738135,424
51850021,8.12213,8.24391,424,36459,0.013874,0.11,1,738561,738137,424
51852941,70.4244,69.6488,425,36517,0.0835496,0.11,1,738647,738222,425
51861701,66.6114,69.0052,422,36691,0.0672672,0.01,1,738803,738381,422
51864621,41.3223,41.801,422,36749,0.0449069,0.03,1,738838,738416,422
51867541,24.2645,24.3602,422,36807,0.0239627,0.03,1,738858,738436,422
51870461,33.6529,33.672,422,36864,0.0275851,0,1,738894,738472,422
51873381,8.33058,8.33441,422,36921,0.029034,0.01,1,738896,738474,422
51876301,23.2661,23.2669,422,36978,0.0536136,0.05,1,738923,738501,422
51879221,23.0532,23.0534,422,37035,0.0874455,0.01,1,738946,738524,422
51882141,35.0106,32.6107,425,37092,0.0769782,0.01,1,738984,738559,425
51885061,8.60213,8.12213,425,37149,0.0727913,0.01,1,738986,738561,425
51887981,70.5204,1.62443,511,37206,0.0951165,0.13,1,739072,738561,511
51890901,47.7041,69.1249,467,37263,0.0800466,0.17,1,739114,738647,467
51896741,61.1082,45.005,493,37377,0.0956075,0,1,739224,738731,493
51899661,40.2216,66.601,456,37434,0.092243,0.03,1,739259,738803,456
51902581,24.0443,41.3202,441,37490,0.0668972,0.01,1,739279,738838,441
51905501,33.6089,24.264,457,37546,0.0267589,0.03,1,739315,738858,457
51908421,8.32177,33.6528,423,37602,0.0167035,0.03,1,739317,738894,423
51911341,24.0644,8.33056,449,37658,0.0366814,0.07,1,739345,738896,449
51914261,24.8129,23.2661,447,37714,0.0686726,0.11,1,739370,738923,447
51917181,35.3626,23.0532,462,37770,0.093469,0.07,1,739408,738946,462
51928861,47.3654,47.7041,474,37994,0.239177,0.17,1,739588,739114,474
51931781,57.4731,45.5408,489,38050,0.281671,0.07,1,739648,739159,489
51943461,8.24556,33.6089,423,38271,0.295163,0.01,1,739738,739315,423
51946381,25.6491,8.32177,451,38326,0.292065,0.05,1,739768,739317,451
51949301,27.5298,24.0644,451,38381,0.266826,0.09,1,739796,739345,451
51952221,36.706,24.8129,465,38436,0.25673,0.11,1,739835,739370,465
51955141,8.94119,35.3626,429,38491,0.252692,0.11,1,739837,739408,429
51958061,75.3882,8.67251,519,38546,0.239077,0.21,1,739929,739410,519
51960981,51.0776,72.1345,476,38601,0.257631,0.21,1,739974,739498,476
51963901,11.8155,48.8269,435,38656,0.265052,0.27,1,739976,739541,435
51966821,39.9631,47.3654,435,38711,0.292021,0.31,1,740023,739588,435
51969741,58.3926,57.4731,438,38766,0.290808,0.33,1,740086,739648,438
51993101,8.88897,8.94119,434,39198,0.403452,0.23,1,740271,739837,434
51996021,74.5778,75.3882,433,39252,0.431381,0.27,1,740362,739929,433
51998941,52.5156,51.0776,435,39306,0.442552,0.27,1,740409,739974,435
52001861,12.1031,11.8155,435,39360,0.423021,0.31,1,740411,739976,435
52071941,79.3459,8.76767,543,40628,0.788501,0.59,2,741254,740711,543
52074861,56.6692,76.1535,501,40680,0.8374,0.65,2,741305,740804,501
52077781,12.9338,53.6307,455,40732,0.85696,0.65,2,741307,740852,455
52080701,40.9868,12.3261,501,40784,0.888784,0.65,2,741355,740854,501
52270501,434.328,450.855,512,18980,0.862,1,2,743593,743081,512
52285101,63.8791,49.112,505,20242,0.29676,0.69,1,744006,743501,505
52288021,36.7758,60.2224,472,20347,0.208704,0.77,1,744036,743564,472
52299701,48.0908,85.786,480,20761,0.212943,0.35,1,744377,743897,480
52302621,57.6182,50.7572,498,20863,0.247177,0.23,1,744437,743939,498
52305541,32.3236,63.7514,457,20965,0.260871,0.15,1,744463,744006,457
52308461,8.06473,36.7503,429,21066,0.242348,0.15,1,744465,744036,429
52311381,101.613,107.35,429,21167,0.294939,0.19,1,744590,744161,429
52320141,49.0689,48.0908,433,21466,0.400716,0.27,1,744810,744377,433
52323061,57.8138,57.6182,433,21565,0.418286,0.27,1,744870,744437,433
52325981,33.9628,32.3236,435,21663,0.449315,0.23,1,744898,744463,435
52343501,58.3361,57.8138,443,22244,0.759221,0.47,2,745313,744870,443
52346421,34.0672,33.9628,443,22339,0.801688,0.47,2,745341,744898,443
52349341,8.41344,8.39255,443,22434,0.818675,0.53,2,745343,744900,443
52352261,106.483,104.079,446,22529,0.81347,0.53,2,745474,745028,446
52355181,108.497,20.8157,555,22623,0.847388,0.63,2,745583,745028,555
52358101,85.6993,87.3631,531,22717,0.848955,0.71,2,745663,745132,531
52361021,55.5399,79.0726,502,22810,0.861582,0.75,2,745711,745209,502
52363941,60.708,51.0145,520,22903,0.878633,0.79,2,745773,745253,520
52366861,34.5416,58.2029,488,22996,0.885453,0.83,2,745801,745313,488
52369781,8.50832,34.0406,462,23088,0.888181,0.83,2,745803,745341,462
52466141,110.111,95.1887,584,25945,0.85,1,2,747947,747363,584
52477821,59.4146,36.3571,547,26270,0.218992,1,1,748147,747600,547
52483661,34.8566,43.8543,509,26431,0.0770387,1,1,748214,747705,509
52486581,72.5713,36.7709,556,26511,0.0368155,1,1,748296,747740,556
52489501,97.7143,78.5542,571,26591,0.0207262,0.75,1,748400,747829,571
52492421,45.1429,110.111,485,26671,0.0142905,0.63,1,748432,747947,485
52495341,49.8286,50.8222,500,26750,0.0357162,0.39,1,748483,747983,500
52498261,37.1657,61.3644,470,26829,0.0322865,0.29,1,748517,748047,470
52501181,49.8331,41.0729,487,26908,0.0669146,0.11,1,748570,748083,487
52504101,11.5666,59.4146,425,26987,0.0807658,0.05,1,748572,748147,425
52507021,29.5133,38.2829,426,27065,0.0983063,0.05,1,748606,748180,426
52509941,31.5027,34.8566,424,27143,0.0813225,0.01,1,748638,748214,424
52512861,70.3005,72.5713,422,27221,0.098529,0.01,1,748718,748296,422
52515781,97.2601,97.7143,422,27299,0.0454116,0.01,1,748822,748400,422
52518701,46.652,45.1429,424,27377,0.0721646,0.05,1,748856,748432,424
52521621,48.5304,49.8286,422,27454,0.0708659,0.03,1,748905,748483,422
52524541,36.9061,37.1657,422,27531,0.0823463,0.09,1,748939,748517,422
52527461,52.1812,49.8331,425,27608,0.0869385,0.09,1,748995,748570,425
52530381,12.0362,11.5666,425,27685,0.0887754,0.11,1,748997,748572,425
52542061,96.4481,97.2601,422,27989,0.0686566,0.09,1,749244,748822,422
52544981,48.0896,46.652,424,28065,0.0334627,0.07,1,749280,748856,424
52547901,49.6179,48.5304,425,28140,0.0193851,0.09,1,749330,748905,425
52550821,36.3236,36.9061,424,28215,0.037754,0.09,1,749363,748939,424
52553741,55.2647,52.1812,428,28290,0.0451016,0.09,1,749423,748995,428
52556661,12.6529,12.0362,428,28365,0.0480406,0.09,1,749425,748997,428
52559581,28.9306,2.40725,461,28440,0.0612163,0.21,1,749458,748997,461
52562501,31.3861,26.0815,461,28514,0.0784865,0.17,1,749490,749029,461
52565421,69.4772,30.8163,508,28588,0.0853946,0.15,1,749569,749061,508
52568341,90.6954,70.1633,524,28662,0.0761578,0.01,1,749665,749141,524
52571261,46.9391,96.4327,457,28736,0.0484631,0.01,1,749701,749244,457
52574181,49.3878,48.0865,471,28810,0.0373853,0.01,1,749751,749280,471
52577101,36.2776,49.6173,454,28883,0.0569541,0.05,1,749784,749330,454
52580021,55.2555,36.3235,481,28956,0.0527816,0.05,1,749844,749363,481
52582941,12.6511,55.2647,423,29029,0.0631127,0.05,1,749846,749423,423
52585861,32.1302,12.6529,458,29102,0.0672451,0.07,1,749883,749425,458
52588781,32.026,28.9306,457,29175,0.080898,0.09,1,749915,749458,457
52606301,55.4181,36.2776,484,29608,0.240602,0.05,1,750268,749784,484
52609221,12.6836,55.2555,426,29679,0.258241,0.07,1,750270,749844,426
52612141,32.9367,12.6511,462,29750,0.265296,0.07,1,750308,749846,462
52615061,32.1873,32.1302,457,29821,0.280119,0.09,1,750340,749883,457
52617981,8.03747,32.026,427,29892,0.286047,0.13,1,750342,749915,427
52626741,48.8643,47.2642,431,30104,0.417427,0.19,1,750555,750124,431
52629661,49.7729,49.4528,431,30174,0.436971,0.21,1,750605,750174,431
52661781,39.6212,37.9546,446,30937,0.785229,0.49,2,751086,750640,446
52664701,58.3242,57.9909,446,31005,0.764092,0.49,2,751149,750703,446
52667621,13.2648,13.1982,446,31073,0.755637,0.51,2,751151,750705,446
52670541,33.853,33.0396,447,31141,0.764255,0.55,2,751190,750743,447
52682221,97.9422,65.9281,557,31413,0.756989,0.71,2,751417,750860,557
52685141,51.5884,92.3856,498,31480,0.776796,0.75,2,751457,750959,498
52688061,51.1177,50.4771,509,31547,0.784718,0.77,2,751508,750999,509
52690981,39.8235,50.0954,496,31614,0.775887,0.81,2,751545,751049,496
52693901,57.5647,39.6191,521,31681,0.772355,0.75,2,751607,751086,521
52696821,13.1129,58.3238,460,31748,0.770942,0.75,2,751609,751149,460
52699741,33.0226,13.2648,496,31815,0.770377,0.77,2,751647,751151,496
52702661,34.6045,33.853,492,31881,0.794151,0.71,2,751682,751190,492
52705581,8.5209,34.7706,459,31947,0.77966,0.71,2,751684,751225,459
52708501,70.5042,8.55412,543,32013,0.797864,0.75,2,751770,751227,543
52711421,98.9008,69.7108,564,32079,0.877146,0.77,2,751876,751312,564
52839901,74.2521,107.831,524,34862,0.853898,1,2,753834,753310,524
52842821,32.4504,51.9661,508,34923,0.779559,1,2,753856,753348,508
52874941,31.1557,74.2521,480,35584,0.763559,0.73,2,754314,753834,480
52877861,30.2311,32.4504,488,35643,0.767424,0.73,2,754344,753856,488
52880781,7.64623,31.2901,459,35702,0.768969,0.73,2,754346,753887,459
52883701,26.3292,31.058,459,35761,0.829588,0.67,2,754377,753918,459
52886621,57.2658,57.4116,460,35820,0.865835,0.65,2,754442,753982,460
52889541,35.4532,36.2823,459,35879,0.880334,0.69,2,754472,754013,459
53120221,409.334,447.676,470,17520,0.44104,0.19,1,757507,757037,470
53123141,197.067,219.135,452,18366,0.206416,0,1,757651,757199,452
53126061,93.8134,99.827,450,18482,0.0825664,0.03,1,757719,757269,450
53128981,81.1627,70.3654,465,18597,0.0750266,0.07,1,757797,757332,465
53131901,67.4325,81.2731,445,18711,0.0720106,0.01,1,757861,757416,445
53134821,45.4865,66.6546,422,18824,0.0348042,0.01,1,757901,757479,422
53137741,32.2973,22.1309,440,18937,0.0199217,0.05,1,757930,757490,440
53140661,120.859,133.226,422,19049,0.0379687,0,1,758073,757651,422
53143581,80.9719,81.0452,425,19160,0.0211875,0.07,1,758144,757719,425
53146501,76.9944,78.609,423,19271,0.026475,0.07,1,758220,757797,423
53149421,65.7989,66.9218,422,19381,0.06459,0.01,1,758283,757861,422
53152341,45.1598,45.3844,422,19490,0.043836,0.01,1,758323,757901,422
53155261,32.232,32.2769,422,19599,0.0175344,0.01,1,758352,757930,422
53158181,120.046,6.45537,564,19707,0.0490138,0.05,1,758494,757930,564
53161101,80.8093,115.691,492,19815,0.0376055,0.01,1,758565,758073,492
53164021,76.9619,79.9382,497,19922,0.0210422,0.03,1,758641,758144,497
53166941,67.3924,76.7876,486,20028,0.0264169,0.09,1,758706,758220,486
53169861,43.8785,65.7575,461,20134,0.0285668,0.03,1,758744,758283,461
53172781,32.7757,45.1515,451,20239,0.0294267,0,1,758774,758323,451
53175701,120.955,32.2303,565,20344,0.0537707,0.07,1,758917,758352,565
53178621,80.991,120.046,494,20448,0.0275083,0.03,1,758988,758494,494
53181541,76.9982,80.8092,499,20552,0.0290033,0.01,1,759064,758565,499
53184461,67.3996,76.9618,488,20655,0.0176013,0.03,1,759129,758641,488
53187381,43.0799,67.3924,460,20758,0.0130405,0.03,1,759166,758706,460
53190301,32.616,43.8785,452,20860,0.0232162,0.03,1,759196,758744,452
53193221,122.523,32.7757,567,20962,0.0272865,0.07,1,759341,758774,567
53196141,26.1046,120.955,426,21063,0.0289146,0.01,1,759343,758917,426
53199061,60.4209,80.991,424,21164,0.0295658,0.03,1,759412,758988,424
53201981,71.2842,76.9982,422,21264,0.0298263,0.01,1,759486,759064,422
53204901,67.0568,67.3996,423,21364,0.0179305,0.01,1,759552,759129,423
53207821,42.2114,43.0799,422,21463,0.00717221,0.03,1,759588,759166,422
53210741,33.2423,32.616,423,21562,0.0448689,0.03,1,759619,759196,423
53213661,122.648,122.523,423,21660,0.0719476,0.03,1,759764,759341,423
53216581,26.1297,26.1046,423,21758,0.082779,0.03,1,759766,759343,423
53219501,59.6259,60.4209,422,21855,0.0391116,0.03,1,759834,759412,422
53222421,71.1252,71.2842,422,21952,0.0216446,0.01,1,759908,759486,422
53225341,67.025,67.0568,422,22049,0.0146579,0,1,759974,759552,422
53228261,42.205,42.2114,422,22145,0.00586314,0.07,1,760010,759588,422
53231181,33.241,33.2423,422,22241,0.0203453,0.09,1,760041,759619,422
53234101,124.248,122.648,424,22336,0.0981381,0.09,1,760188,759764,424
53239941,58.0899,59.6259,422,22526,0.0793021,0.01,1,760256,759834,422
53242861,70.818,11.9252,496,22620,0.0377208,0.01,1,760330,759834,496
53245781,66.9636,61.585,488,22714,0.0210883,0.01,1,760396,759908,488
53248701,41.3927,65.117,457,22807,0.0384353,0,1,760431,759974,457
53251621,33.0785,41.8234,452,22900,0.0213741,0.03,1,760462,760010,452
53254541,129.816,33.1647,575,22993,0.0385497,0.15,1,760616,760041,575
53257461,27.5631,124.233,430,23085,0.0454199,0.19,1,760618,760188,430
53260381,52.7126,26.4466,487,23177,0.0481679,0.03,1,760677,760190,487
53263301,71.3425,58.0893,497,23268,0.0492672,0.01,1,760753,760256,497
53266221,67.8685,70.8179,490,23359,0.0257069,0.01,1,760820,760330,490
53269141,39.9737,66.9636,457,23450,0.0642827,0.05,1,760853,760396,457
53272061,32.7947,41.3927,453,23540,0.0677131,0.01,1,760884,760431,453
53274981,130.559,33.0785,577,23630,0.0690852,0.05,1,761039,760462,577
53277901,27.7118,129.816,425,23720,0.0696341,0.05,1,761041,760616,425
53280821,52.7424,27.5631,482,23809,0.0818536,0.05,1,761100,760618,482
53283741,69.7485,52.7126,497,23898,0.0507415,0.05,1,761174,760677,497
53286661,68.3497,71.3425,489,23987,0.0502966,0.01,1,761242,760753,489
53289581,15.2699,67.8685,424,24075,0.0501186,0.09,1,761244,760820,424
53292501,29.454,39.9737,424,24163,0.0620475,0.07,1,761277,760853,424
53310021,67.9033,68.3497,423,24684,0.0662273,0.05,1,761665,761242,423
53312941,15.1807,15.2699,423,24770,0.0444909,0.07,1,761667,761244,423
53315861,31.8361,29.454,426,24856,0.0597964,0.13,1,761703,761277,426
53318781,30.3672,29.8908,426,24941,0.0539185,0.19,1,761733,761307,426
53324621,28.4147,27.9156,429,25111,0.201827,0.21,1,761895,761466,429
53327541,54.4829,53.5831,430,25195,0.218731,0.07,1,761956,761526,430
53330461,62.0966,67.5166,423,25279,0.261492,0.03,1,762020,761597,423
53345061,139.83,29.8814,590,25696,0.404774,0.23,1,762323,761733,590
53347981,29.5661,133.976,432,25778,0.419909,0.23,1,762325,761893,432
53350901,56.3132,28.3953,493,25860,0.425964,0.23,1,762388,761895,493
53353821,64.8626,54.4791,499,25942,0.440386,0.29,1,762455,761956,499
53403461,66.4325,65.6785,446,27296,0.75659,0.49,2,763344,762898,446
53406381,69.2865,69.1357,446,27374,0.776636,0.49,2,763414,762968,446
53409301,15.4573,15.4271,446,27451,0.784654,0.49,2,763416,762970,446
53412221,31.8915,31.8854,446,27528,0.811862,0.49,2,763452,763006,446
53415141,35.1783,33.5771,448,27605,0.822745,0.49,2,763488,763040,448
53418061,8.63566,8.31542,448,27682,0.827098,0.67,2,763490,763042,448
53420981,140.927,136.063,454,27759,0.852839,0.67,2,763664,763210,454
53423901,29.7854,28.8126,454,27835,0.863136,0.75,2,763666,763212,454
53552381,32.9293,29.4208,498,31003,0.889552,1,2,765876,765378,498
53561141,38.2794,46.8274,474,31207,0.871731,1,2,766052,765578,474
53564061,30.8559,31.7655,475,31275,0.822693,0.93,2,766081,765606,475
53566981,34.1712,35.9531,473,31343,0.803077,0.93,2,766116,765643,473
53569901,58.8342,7.19062,538,31411,0.795231,0.94,2,766181,765643,538
53572821,60.5668,59.0381,527,31478,0.780092,0.93,2,766242,765715,527
53575741,41.7134,63.0076,500,31545,0.750037,0.93,2,766279,765779,500
53616621,109.006,25.4857,585,32472,0.758846,0.63,2,766946,766361,585
53619541,41.8012,109.897,479,32537,0.765539,0.73,2,766971,766492,479
53622461,27.5602,39.5794,481,32602,0.768215,0.69,2,766995,766514,481
53625381,32.712,28.7159,489,32667,0.781286,0.65,2,767029,766540,489
53628301,58.5424,34.5432,518,32732,0.786514,0.67,2,767094,766576,518
53631221,13.3085,58.1086,456,32797,0.788606,0.75,2,767096,766640,456
53634141,51.4617,59.6217,457,32861,0.861442,0.71,2,767157,766700,457
53637061,39.8923,40.7243,458,32925,0.890577,0.73,2,767194,766736,458
53745101,92.3224,28.7771,595,35223,0.872267,1,2,768816,768221,595
53748021,56.0645,116.955,503,35283,0.798907,1,2,768863,768360,503
53785981,41.4844,41.6129,458,36055,0.76891,0.65,2,769359,768901,458
53788901,33.8969,33.1226,459,36114,0.805564,0.55,2,769391,768932,459
53791821,41.9794,48.2245,451,36173,0.808226,0.57,2,769435,768984,451
53794741,29.1959,31.2449,450,36231,0.84529,0.67,2,769461,769011,450
53797661,30.6392,31.049,450,36289,0.848116,0.61,2,769492,769042,450
53800581,35.7278,34.2098,452,36347,0.849246,0.65,2,769529,769077,452
53803501,16.7456,18.042,450,36405,0.873699,0.59,2,769541,769091,450
53806421,22.5491,22.8084,450,36463,0.859479,0.65,2,769565,769115,450
54004981,48.3241,67.5808,518,40214,0.798544,1,2,772223,771705,518
54016661,36.2501,39.5641,517,40423,0.259147,1,1,772379,771862,517
54019581,32.85,27.9128,524,40475,0.217659,1,1,772411,771887,524
54025421,24.994,32.7965,506,40579,0.0480254,1,1,772463,771957,506
54028341,32.1988,32.1593,508,40631,0.0252102,1,1,772497,771989,508
54031261,34.4398,24.8319,520,40683,0.0280841,1,1,772532,772012,520
54034181,26.888,38.5664,503,40735,0.0172336,0.91,1,772557,772054,503
54037101,32.5776,32.5133,506,40787,0.0608934,1,1,772591,772085,506
54040021,47.3155,36.1027,520,40839,0.0303574,1,1,772642,772122,520
54042941,35.8631,49.6205,500,40891,0.0181429,0.67,1,772675,772175,500
54045861,31.1726,48.3241,482,40943,0.0372572,0.61,1,772705,772223,482
54048781,39.8345,39.2648,487,40995,0.0329029,0.43,1,772747,772260,487
54051701,31.9669,46.253,469,41046,0.0671612,0.25,1,772777,772308,469
54054621,31.9934,37.2506,466,41097,0.0448645,0.19,1,772809,772343,466
54057541,28.7987,36.2501,458,41148,0.0359458,0.19,1,772837,772379,458
54060461,26.5597,32.85,452,41199,0.0203783,0.03,1,772863,772411,452
54063381,22.1119,28.97,445,41250,0.0261513,0.01,1,772884,772439,445
54066301,31.6224,24.994,455,41301,0.0284605,0.01,1,772918,772463,455
54069221,35.1245,32.1988,457,41352,0.0173842,0.03,1,772954,772497,457
54072141,27.0249,34.4398,447,41403,0.0249537,0.01,1,772979,772532,447
54075061,34.205,26.888,458,41454,0.0279815,0.09,1,773015,772557,458
54077981,46.841,32.5776,474,41505,0.0411926,0.01,1,773065,772591,474
54080901,10.9682,47.3155,425,41556,0.046477,0.01,1,773067,772642,425
54083821,26.9936,35.8631,423,41607,0.0725908,0.05,1,773098,772675,423
54086741,29.3987,31.1726,423,41658,0.0710363,0.03,1,773128,772705,423
54089661,38.6797,39.8345,422,41709,0.0464145,0.09,1,773169,772747,422
54092581,33.3359,31.9669,424,41760,0.0485658,0.03,1,773201,772777,424
54095501,30.6672,31.9934,422,41811,0.0854263,0.03,1,773231,772809,422
54101341,28.9067,26.5597,425,41911,0.0448682,0.03,1,773288,772863,425
54104261,20.1813,22.1119,422,41961,0.0359473,0.03,1,773306,772884,422
54107181,32.0363,31.6224,423,42011,0.0203789,0.01,1,773341,772918,423
54110101,36.8073,35.1245,425,42061,0.0141516,0.03,1,773379,772954,425
54113021,25.7614,27.0249,423,42111,0.0476606,0.03,1,773402,772979,423
54115941,35.5523,34.205,425,42161,0.0490642,0.05,1,773440,773015,425
54118861,46.3105,46.841,424,42211,0.0256257,0.05,1,773489,773065,424
54121781,10.8621,10.9682,424,42261,0.0162503,0.09,1,773491,773067,424
54124701,27.7724,26.9936,425,42311,0.0485001,0.07,1,773523,773098,425
54133461,36.0622,33.3359,426,42461,0.049904,0.11,1,773627,773201,426
54136381,30.4124,30.6672,425,42511,0.0379616,0.13,1,773656,773231,425
54139301,29.2825,28.5334,426,42561,0.0571846,0,1,773685,773259,426
54142221,25.8565,28.9067,422,42611,0.0648739,0.03,1,773710,773288,422
54145141,19.5713,20.1813,422,42661,0.0439495,0.01,1,773728,773306,422
54148061,31.9143,32.0363,422,42710,0.0175798,0.01,1,773763,773341,422
54150981,36.7829,36.8073,422,42759,0.0370319,0.07,1,773801,773379,422
54153901,28.1566,25.7614,425,42808,0.0568128,0.05,1,773827,773402,425
54156821,33.6313,35.5523,422,42857,0.0227251,0.01,1,773862,773440,422
54159741,46.7263,46.3105,423,42906,0.02709,0.01,1,773912,773489,423
54162661,10.9453,10.8621,423,42955,0.028836,0.07,1,773914,773491,423
54165581,30.1891,27.7724,426,43004,0.0415344,0.07,1,773949,773523,426
54168501,30.0378,5.55448,456,43053,0.0466138,0.15,1,773979,773523,456
54171421,33.2076,25.1109,460,43102,0.0606455,0.11,1,774013,773553,460
54174341,34.6415,35.4222,457,43151,0.0662582,0.01,1,774048,773591,457
54177261,31.7283,35.8844,452,43200,0.0805033,0.03,1,774079,773627,452
54180181,28.7457,30.3769,451,43249,0.0982013,0.07,1,774107,773656,451
54188941,31.75,19.571,456,43396,0.0847649,0,1,774184,773728,456
54191861,36.75,31.9142,459,43445,0.051906,0.05,1,774222,773763,459
54194781,28.95,36.7828,448,43494,0.0267624,0.07,1,774249,773801,448
54197701,32.99,28.1566,456,43543,0.016705,0,1,774283,773827,456
54200621,46.598,33.6313,471,43591,0.036682,0.03,1,774333,773862,471
54203541,10.9196,46.7263,423,43639,0.0446728,0.03,1,774335,773912,423
54206461,30.1839,10.9453,456,43687,0.0478691,0.05,1,774370,773914,456
54209381,31.6368,30.1891,453,43735,0.0491476,0.05,1,774402,773949,453
54212301,35.1274,30.0378,459,43783,0.0616591,0.07,1,774438,773979,459
54215221,34.2255,33.2076,459,43831,0.0666636,0.07,1,774472,774013,459
54238581,34.5737,28.95,458,44215,0.0882185,0.01,1,774707,774249,458
54241501,44.5147,32.99,471,44263,0.0652874,0.05,1,774754,774283,471
54244421,10.5029,46.598,423,44311,0.0561149,0.05,1,774756,774333,423
54247341,31.7006,10.9196,458,44359,0.052446,0.05,1,774793,774335,458
54250261,31.9401,30.1839,455,44407,0.0509784,0.05,1,774825,774370,455
54253181,34.388,31.6368,458,44455,0.0863914,0.07,1,774860,774402,458
54261941,33.9391,32.4451,428,44596,0.223689,0.11,1,774932,774504,428
54264861,29.1878,29.689,427,44643,0.263476,0.11,1,774960,774533,427
54267781,27.4376,26.7378,428,44690,0.26739,0.13,1,774987,774559,428
54270701,16.6875,16.5476,428,44737,0.268956,0.11,1,775001,774573,428
54273621,30.5375,29.7095,429,44784,0.281582,0.13,1,775035,774606,429
54276541,35.7075,36.3419,428,44831,0.274633,0.11,1,775072,774644,428
54279461,27.9415,28.8684,427,44878,0.271853,0.07,1,775098,774671,427
54282381,32.7883,34.5737,425,44925,0.282741,0.05,1,775132,774707,425
54285301,43.3577,44.5147,424,44972,0.299096,0.05,1,775178,774754,424
54305741,35.886,33.9391,433,45301,0.427214,0.29,1,775365,774932,433
54311581,28.4754,27.4376,435,45395,0.439154,0.27,1,775422,774987,435
54314501,16.8951,16.6875,435,45441,0.433662,0.29,1,775436,775001,435
54405021,32.6893,16.8721,489,46856,0.779938,0.63,2,776367,775878,489
54407941,36.1379,32.9744,489,46901,0.785975,0.65,2,776404,775915,489
54410861,28.0276,35.3949,479,46946,0.78839,0.65,2,776430,775951,479
54413781,34.4055,27.879,489,46991,0.789356,0.67,2,776466,775977,489
54416701,45.2811,33.5758,502,47036,0.813742,0.67,2,776514,776012,502
54419621,10.6562,45.1152,456,47081,0.823497,0.67,2,776516,776060,456
54422541,33.3312,10.623,493,47126,0.815399,0.69,2,776555,776062,493
54425461,33.0662,32.5246,488,47171,0.82416,0.67,2,776588,776100,488
54428381,40.2133,32.9049,497,47216,0.839664,0.69,2,776630,776133,497
54431301,9.64265,40.181,457,47261,0.845866,0.69,2,776632,776175,457
54434221,33.9285,9.6362,495,47306,0.860346,0.73,2,776672,776177,495
54437141,38.7857,33.9272,495,47351,0.866138,0.73,2,776712,776217,495
54440061,9.35714,38.7854,457,47396,0.868455,0.71,2,776714,776257,457
54626941,32.3483,32.0345,525,50159,0.84231,1,2,778646,778121,525
54629861,29.6697,28.0069,527,50201,0.858924,1,2,778675,778148,527
54632781,33.1339,29.6014,531,50243,0.81757,1,2,778709,778178,531
54635701,30.6268,26.7203,535,50285,0.801028,1,2,778739,778204,535
54717461,54.0686,70.4163,427,24164,0.228652,0.09,1,779753,779326,427
54720381,66.0137,67.6833,429,24252,0.253461,0.13,1,779822,779393,429
54723301,60.4027,59.9367,430,24339,0.287384,0.17,1,779881,779451,430
54737901,41.3633,38.3424,434,24771,0.286076,0.25,1,780129,779695,434
54743741,68.2145,66.0137,435,24942,0.421372,0.31,1,780257,779822,435
54787541,59.4798,42.1583,511,26187,0.754317,0.63,2,781076,780565,511
54790461,73.496,55.6317,529,26268,0.799727,0.67,2,781153,780624,529
54793381,63.4992,71.1263,515,26349,0.853891,0.65,2,781214,780699,515
54796301,59.8998,63.8253,512,26429,0.899556,0.69,2,781273,780761,512
54945221,52.8989,55.3045,480,30243,0.862247,0.99,2,783913,783433,480
54948141,76.9798,69.4609,490,30313,0.770899,1,2,783996,783506,490
54951061,40.196,38.6922,490,30383,0.75836,1,2,784027,783537,490
54953981,27.2392,35.7384,479,30453,0.765344,1,2,784051,783572,479
54956901,58.2478,61.5477,477,30522,0.756138,1,2,784117,783640,477
54959821,39.6496,37.1095,481,30591,0.776455,0.86,2,784152,783671,481
54962741,30.3299,33.8219,476,30660,0.844582,1,2,784180,783704,476
55105821,37.2462,27.2025,502,33877,0.868987,1,2,786451,785949,502
55108741,38.6492,54.2405,480,33939,0.857595,1,2,786490,786010,480
55111661,38.9298,39.6481,483,34001,0.793038,0.99,2,786529,786046,483
55114581,26.186,29.5296,479,34063,0.755215,1,2,786552,786073,479
55126261,32.2531,6.85685,508,34311,0.423541,1,1,786725,786217,508
55137941,36.3908,46.187,499,34557,0.297931,0.79,1,786915,786416,499
55143781,31.5356,38.6475,493,34679,0.284069,0.75,1,786983,786490,493
55146701,24.7071,38.9295,477,34740,0.299628,0.73,1,787006,786529,477
55158381,29.2107,29.2655,472,34984,0.405638,0.35,1,787164,786692,472
55234301,68.4578,69.2516,451,36522,0.791026,0.61,2,788180,787729,451
55237221,44.8916,45.0503,451,36580,0.82641,0.65,2,788219,787768,451
55240141,37.7783,36.2101,453,36638,0.816564,0.65,2,788255,787802,453
55243061,39.5557,38.442,454,36696,0.860626,0.69,2,788295,787841,454
55245981,30.3111,30.0884,454,36754,0.86625,0.65,2,788323,787869,454
55248901,29.2622,28.4177,455,36811,0.8805,0.67,2,788352,787897,455
55251821,53.8524,52.8835,456,36868,0.8982,0.69,2,788412,787956,456
55438701,41.1543,40.9456,533,40372,0.813232,1,2,790852,790319,533
55453301,37.3328,36.9782,518,40632,0.0760459,1,1,791036,790518,518
55456221,48.2666,39.3956,529,40684,0.0304184,1,1,791087,790558,529
55459141,31.2533,40.6791,515,40736,0.0121673,1,1,791114,790599,515
55462061,36.6507,40.1358,513,40788,0.0348669,1,1,791152,790639,513
55464981,35.3301,35.2272,514,40840,0.0199468,1,1,791187,790673,514
55467901,29.466,33.4454,509,40892,0.0379787,0.98,1,791215,790706,509
55470821,28.2932,32.2891,505,40944,0.0451915,1,1,791243,790738,505
55473741,32.0586,36.8578,500,40996,0.0840766,1,1,791276,790776,500
55488341,22.1171,37.3212,451,41251,0.0796097,0.09,1,791419,790968,451
55494181,48.5647,37.3328,473,41353,0.0439376,0,1,791509,791036,473
55497101,32.1129,48.2666,450,41404,0.035575,0,1,791537,791087,450
55500021,36.8226,31.2533,461,41455,0.03223,0.05,1,791575,791114,461
55502941,35.3645,36.6507,458,41506,0.012892,0.01,1,791610,791152,458
55505861,8.6729,35.3301,425,41557,0.0111568,0.05,1,791612,791187,425
55508781,22.5346,29.466,423,41608,0.0104627,0.05,1,791638,791215,423
55511701,26.1069,28.2932,422,41659,0.0221851,0.11,1,791665,791243,422
55514621,32.4214,32.0586,423,41710,0.050874,0.13,1,791699,791276,423
55517541,38.4843,35.2117,427,41761,0.0863496,0.13,1,791739,791312,427
55520461,30.8969,28.6423,429,41812,0.0645398,0.11,1,791768,791339,429
55535061,48.6908,48.5647,423,42062,0.0548241,0.03,1,791932,791509,423
55537981,32.9382,32.1129,424,42112,0.0399296,0.03,1,791961,791537,424
55540901,38.5876,36.8226,426,42162,0.0219719,0,1,792001,791575,426
55543821,33.3175,35.3645,423,42212,0.0147887,0.01,1,792033,791610,423
55546741,8.2635,8.6729,423,42262,0.0059155,0.01,1,792035,791612,423
55549661,21.6527,22.5346,422,42312,0.0083662,0.03,1,792060,791638,422
55552581,25.9305,26.1069,422,42362,0.0333465,0.07,1,792087,791665,422
55555501,33.1861,32.4214,423,42412,0.0313386,0.11,1,792122,791699,423
55558421,40.2372,38.4843,425,42462,0.0125354,0.05,1,792164,791739,425
55561341,28.8474,30.8969,422,42512,0.0590142,0.17,1,792190,791768,422
55564261,34.5695,31.7794,426,42562,0.0896057,0.13,1,792226,791800,426
55575941,44.7273,48.6908,422,42760,0.0953659,0.03,1,792354,791932,422
55578861,32.1455,32.9382,422,42809,0.0441464,0.01,1,792383,791961,422
55581781,39.2291,38.5876,423,42858,0.0236585,0.01,1,792424,792001,423
55584701,32.6458,33.3175,422,42907,0.0154634,0,1,792455,792033,422
55587621,8.12916,8.2635,422,42956,0.00618537,0.01,1,792457,792035,422
55590541,21.6258,21.6527,422,43005,0.0324741,0.01,1,792482,792060,422
55593461,25.9252,4.33054,449,43054,0.0429897,0.05,1,792509,792060,449
55596381,32.385,22.4661,456,43103,0.0231959,0.03,1,792543,792087,456
55599301,40.077,32.4932,463,43152,0.0272783,0,1,792585,792122,463
55602221,31.2154,40.0986,450,43201,0.0529113,0.09,1,792614,792164,450
55613901,33.3043,22.1826,462,43397,0.212315,0.19,1,792734,792272,462
55616821,39.4609,31.6365,469,43446,0.258926,0.05,1,792775,792306,469
55622661,39.0184,32.1455,462,43544,0.0834281,0.01,1,792845,792383,462
55625581,32.6037,39.2291,452,43592,0.0513713,0.01,1,792876,792424,452
55628501,8.12074,32.6458,423,43640,0.0205485,0,1,792878,792455,423
55631421,21.6241,8.12916,446,43688,0.0142194,0.05,1,792903,792457,446
55634341,27.5248,21.6258,450,43736,0.0236878,0.05,1,792932,792482,450
55637261,31.905,25.9252,456,43784,0.0154751,0.01,1,792965,792509,456
55640181,39.981,32.385,464,43832,0.04819,0.03,1,793007,792543,464
55643101,34.3962,40.077,455,43880,0.085276,0.07,1,793040,792585,455
55654781,36.6822,22.5217,469,44072,0.202583,0.25,1,793167,792698,469
55657701,41.7364,33.3043,476,44120,0.243033,0.29,1,793210,792734,476
55660621,24.3473,39.4609,455,44168,0.271213,0.15,1,793230,792775,455
55663541,35.2695,31.0922,464,44216,0.270485,0.01,1,793268,792804,464
55666461,30.2539,39.0184,452,44264,0.282194,0.03,1,793297,792845,452
55669381,7.65078,32.6037,423,44312,0.262878,0,1,793299,792876,423
55683981,36.7922,39.981,426,44550,0.0972999,0.11,1,793433,793007,426
55686901,34.5584,34.3962,427,44597,0.0929199,0.15,1,793467,793040,427
55689821,39.7117,37.2792,430,44644,0.079168,0.19,1,793508,793078,430
55692741,31.1423,29.0558,432,44691,0.0856672,0.21,1,793537,793105,432
55698581,36.9257,36.6822,433,44785,0.0821068,0.27,1,793600,793167,433
55701501,44.1851,41.7364,436,44832,0.0868427,0.29,1,793646,793210,436
55704421,24.837,24.3473,436,44879,0.0647371,0.27,1,793666,793230,436
55707341,34.5674,35.2695,435,44926,0.0798948,0.29,1,793703,793268,435
55710261,27.7135,30.2539,432,44973,0.0979579,0.25,1,793729,793297,432
55716101,19.0285,23.1302,427,45067,0.0840733,0.11,1,793753,793326,427
55719021,26.2057,27.026,427,45114,0.0756293,0.13,1,793781,793354,427
55751141,35.3359,34.5674,425,45626,0.220536,0.11,1,794128,793703,425
55754061,27.8672,27.7135,425,45672,0.274214,0.11,1,794154,793729,425
55756981,7.17343,7.1427,425,45718,0.295686,0.07,1,794156,793731,425
55759901,19.0347,19.0285,425,45764,0.280274,0.07,1,794178,793753,425
55762821,26.2069,26.2057,425,45810,0.29811,0.15,1,794206,793781,425
55786181,37.6945,24.8688,467,46178,0.412019,0.17,1,794452,793985,467
55789101,42.7389,36.9738,471,46224,0.422808,0.15,1,794496,794025,471
55792021,26.1478,43.3948,448,46270,0.439123,0.19,1,794518,794070,448
55832901,42.9964,37.6945,486,46902,0.767764,0.43,2,794938,794452,486
55835821,26.9993,42.7389,465,46947,0.793106,0.45,2,794961,794496,465
55838741,45.3999,26.1478,493,46992,0.815242,0.57,2,795011,794518,493
55841661,31.48,39.6296,478,47037,0.848097,0.61,2,795039,794561,478
55844581,7.89599,29.5259,453,47082,0.873239,0.61,2,795041,794588,453
55847501,19.1792,7.50518,473,47127,0.895296,0.61,2,795063,794590,473
55862101,36.1764,35.2818,489,47352,0.895737,0.65,2,795209,794720,489
55865021,8.83528,35.8564,455,47397,0.892295,0.69,2,795211,794756,455
55867941,36.1671,40.7713,456,47441,0.878918,0.69,2,795254,794798,456
55870861,29.6334,30.5543,456,47485,0.897567,0.73,2,795282,794826,456
55873781,28.3267,26.9109,458,47529,0.881027,0.75,2,795310,794852,458
55876701,40.0653,38.9822,459,47573,0.886411,0.79,2,795353,794894,459
55879621,44.8131,42.9964,461,47617,0.864564,0.81,2,795399,794938,461
55882541,28.1626,26.9993,462,47661,0.867826,0.83,2,795423,794961,462
55891301,8.4173,7.89599,466,47793,0.894341,0.91,2,795507,795041,466
55894221,20.0835,19.1792,467,47837,0.867736,0.91,2,795530,795063,467
55897141,26.4167,26.2358,467,47881,0.869095,0.93,2,795558,795091,467
55900061,34.8833,34.0472,468,47925,0.893638,0.93,2,795595,795127,468
55905901,35.3153,36.8819,466,48013,0.883382,0.89,2,795639,795173,466
55908821,35.8631,36.1764,466,48057,0.899353,0.89,2,795675,795209,466
56089861,32.4596,29.2279,527,50706,0.774928,1,2,797538,797011,527
56145341,139.858,171.249,422,23360,0.242788,0.03,1,798108,797686,422
56151181,52.1543,50.69,451,23541,0.0688462,0.01,1,798223,797772,451
56154101,88.0309,93.338,444,23631,0.0275385,0.03,1,798320,797876,444
56157021,75.2062,65.0676,458,23721,0.0650154,0,1,798392,797934,458
56159941,34.2412,61.0135,422,23810,0.0560061,0,1,798416,797994,422
56162861,28.4482,24.2027,434,23899,0.0404025,0.07,1,798443,798009,434
56165781,60.0897,24.8405,477,23988,0.094161,0.15,1,798511,798034,477
56174541,47.2647,50.6627,422,24252,0.0619463,0,1,798645,798223,422
56177461,87.0529,87.7325,422,24339,0.0247785,0.09,1,798742,798320,422
56180381,76.6106,75.1465,424,24426,0.0759114,0.05,1,798816,798392,424
56183301,34.5221,34.2293,424,24513,0.0963646,0.03,1,798840,798416,424
56186221,28.5044,28.4459,424,24599,0.0805458,0.13,1,798867,798443,424
56200821,86.5845,87.0529,422,25027,0.0622456,0.11,1,799164,798742,422
56203741,78.9169,76.6106,425,25112,0.0308982,0.11,1,799241,798816,425
56206661,33.3834,34.5221,423,25196,0.0303593,0.07,1,799263,798840,423
56209581,29.8767,28.5044,425,25280,0.0181437,0.13,1,799292,798867,425
56212501,64.3753,63.3009,426,25364,0.0972575,0.11,1,799365,798939,426
56218341,60.015,6.21203,494,25531,0.0959612,0.25,1,799456,798962,494
56221261,39.203,51.6424,465,25614,0.0923845,0.13,1,799490,799025,465
56224181,83.8406,43.9285,518,25697,0.0369538,0,1,799585,799067,518
56227101,78.3681,86.3857,498,25779,0.0327815,0.01,1,799662,799164,498
56230021,34.0736,78.8771,444,25861,0.0311126,0.03,1,799685,799241,444
56232941,29.2147,33.3754,450,25943,0.042445,0.01,1,799713,799263,450
56235861,68.2429,29.8751,499,26025,0.034978,0.15,1,799791,799292,499
56238781,32.8486,64.375,450,26106,0.0319912,0.11,1,799815,799365,450
56241701,59.3697,32.075,492,26187,0.0427965,0.09,1,799881,799389,492
56244621,39.0739,60.015,459,26268,0.0831186,0.09,1,799915,799456,459
56247541,80.6148,39.203,516,26349,0.0332474,0,1,800006,799490,516
56250461,78.523,83.8406,499,26429,0.031299,0.03,1,800084,799585,499
56253381,34.9046,78.3681,446,26509,0.0305196,0.03,1,800108,799662,446
56256301,30.1809,34.0736,452,26589,0.0422078,0.05,1,800137,799685,452
56259221,66.8362,29.2147,500,26669,0.0948831,0.03,1,800213,799713,500
56267981,40.9827,59.3697,460,26906,0.266953,0.11,1,800341,799881,460
56282581,30.9277,30.1809,424,27297,0.285866,0.13,1,800561,800137,424
56288421,33.2371,32.5672,428,27452,0.406939,0.21,1,800665,800237,428
56291341,66.6474,60.9134,435,27529,0.432775,0.33,1,800740,800305,435
56370181,70.2638,33.7149,530,29535,0.791469,0.59,2,802081,801551,530
56373101,44.4528,70.743,488,29607,0.826587,0.61,2,802119,801631,488
56376021,10.4906,45.3486,451,29678,0.840635,0.57,2,802121,801670,451
56580421,24.5878,6.51414,519,34311,0.788848,0.98,2,805375,804856,519
56597941,49.2089,60.184,523,34679,0.0862845,1,1,805663,805140,523
56600861,44.2418,56.8368,510,34740,0.0405138,1,1,805706,805196,510
56603781,48.8484,43.3674,520,34801,0.0462055,0.97,1,805756,805236,520
56606701,39.3697,49.4735,506,34862,0.0364822,1,1,805793,805287,506
56609621,23.8739,38.6947,490,34923,0.0685929,0.95,1,805813,805323,490
56612541,19.1748,30.9389,479,34984,0.0814371,0.67,1,805831,805352,479
56615461,27.835,24.5878,486,35044,0.0385749,0.61,1,805861,805375,486
56618381,32.767,33.7176,484,35104,0.08143,0.51,1,805895,805411,484
56621301,33.7534,39.5435,477,35164,0.086572,0.43,1,805929,805452,477
56627141,57.6701,54.2217,492,35284,0.0990515,0.07,1,806041,805549,492
56630061,47.534,66.0443,468,35344,0.0456206,0.03,1,806086,805618,468
56632981,42.3068,49.2089,464,35404,0.0482482,0.01,1,806127,805663,464
56635901,49.2614,44.2418,472,35464,0.0252993,0.05,1,806178,805706,472
56638821,39.4523,48.8484,459,35524,0.0401197,0.03,1,806215,805756,459
56641741,26.2905,39.3697,445,35584,0.0700479,0.09,1,806238,805793,445
56644661,16.4581,23.8739,439,35643,0.0820192,0.09,1,806252,805813,439
56647581,4.89162,19.1748,423,35702,0.0868077,0.01,1,806254,805831,423
56650501,25.7783,27.835,424,35761,0.0767231,0.11,1,806285,805861,424
56662181,55.2988,57.6701,426,35997,0.212924,0.01,1,806467,806041,426
56665101,45.4598,47.534,424,36056,0.22317,0.05,1,806510,806086,424
56670941,51.2584,49.2614,425,36174,0.0969071,0.05,1,806603,806178,425
56673861,39.0517,39.4523,424,36232,0.0567629,0.09,1,806639,806215,424
56676781,27.8103,26.2905,426,36290,0.0647051,0.09,1,806664,806238,426
56679701,16.7621,16.4581,426,36348,0.0678821,0.09,1,806678,806252,426
56682621,4.95241,4.89162,426,36406,0.0931528,0.07,1,806680,806254,426
56685541,25.7905,25.7783,426,36464,0.0912611,0.15,1,806711,806285,426
56700141,44.3705,45.4598,431,36754,0.0817185,0.13,1,806941,806510,431
56703061,34.4741,40.292,424,36811,0.0626874,0.05,1,806973,806549,424
56705981,50.0948,51.2584,424,36868,0.091075,0.03,1,807027,806603,424
56708901,38.019,39.0517,423,36925,0.06643,0.07,1,807062,806639,423
56711821,29.2038,27.8103,425,36982,0.080572,0.07,1,807089,806664,425
56714741,17.0408,16.7621,425,37039,0.0622288,0.11,1,807103,806678,425
56717661,5.00815,4.95241,425,37096,0.0548915,0.09,1,807105,806680,425
56720581,25.0016,25.7905,424,37153,0.0879566,0.09,1,807135,806711,424
56735181,43.0736,57.8195,464,37438,0.216142,0.05,1,807364,806900,464
56738101,34.2147,44.3639,455,37494,0.236457,0.05,1,807396,806941,455
56741021,50.8429,34.4728,478,37550,0.256583,0.11,1,807451,806973,478
56743941,35.7686,50.0946,456,37606,0.276633,0.05,1,807483,807027,456
56746861,30.3537,38.0189,450,37662,0.296653,0.09,1,807512,807062,450
56770221,44.8057,55.368,473,38110,0.426409,0.23,1,807797,807324,473
56773141,36.1611,43.0736,467,38165,0.440563,0.25,1,807831,807364,467
56816941,37.3637,36.4864,447,38986,0.764585,0.51,2,808365,807918,447
56819861,31.4727,31.2973,447,39040,0.767834,0.51,2,808395,807948,447
56822781,18.2945,17.4595,448,39094,0.781134,0.53,2,808410,807962,448
56825701,5.25891,5.09189,448,39148,0.810453,0.51,2,808412,807964,448
56828621,26.6518,27.4184,447,39202,0.798181,0.53,2,808444,807997,447
56831541,42.9304,42.2837,448,39256,0.781273,0.53,2,808491,808043,448
56834461,32.5861,32.4567,448,39310,0.774509,0.53,2,808521,808073,448
56837381,8.11721,8.09135,448,39364,0.771804,0.59,2,808523,808075,448
56840301,56.0234,53.6183,451,39418,0.794721,0.71,2,808591,808140,451
56843221,60.0047,56.3237,455,39472,0.851889,0.67,2,808652,808197,455
56846141,48.0009,46.4647,456,39526,0.886755,0.71,2,808697,808241,456
56849061,40.0002,38.0929,458,39579,0.888702,0.75,2,808735,808277,458
56851981,52,50.8186,459,39632,0.877481,0.79,2,808790,808331,459
56854901,37.6,37.3637,459,39685,0.872992,0.77,2,808824,808365,459
56857821,32.32,31.4727,460,39738,0.859197,0.79,2,808855,808395,460
56860741,19.264,18.2945,461,39791,0.829679,0.83,2,808871,808410,461
56863661,5.4528,5.25891,461,39844,0.817872,0.79,2,808873,808412,461
56866581,26.6906,26.6518,461,39897,0.849149,0.77,2,808905,808444,461
56869501,42.1381,42.9304,460,39950,0.861659,0.77,2,808951,808491,460
56872421,32.4276,32.5861,460,40003,0.866664,0.77,2,808981,808521,460
56875341,8.08552,8.11721,460,40056,0.868665,0.81,2,808983,808523,460
56878261,56.0171,56.0234,460,40109,0.869466,0.81,2,809051,808591,460
56881181,64.0034,11.2047,526,40162,0.893786,0.89,2,809117,808591,526
57033021,29.8114,27.4796,505,42809,0.847754,1,2,810932,810427,505
57035941,35.5623,40.6959,498,42858,0.765101,1,2,810969,810471,498
57053461,40.9646,51.1916,518,43152,0.261725,1,1,811218,810700,518
57056381,33.7929,39.8383,513,43201,0.21869,1,1,811250,810737,513
57059301,29.1586,34.3677,508,43250,0.213476,1,1,811278,810770,508
57062221,27.4317,24.4735,513,43299,0.22339,0.96,1,811305,810792,513
57065141,26.2863,36.0947,500,43348,0.227356,0.92,1,811331,810831,500
57068061,21.2573,30.4189,491,43397,0.264942,0.94,1,811351,810860,491
57070981,10.6515,25.2838,475,43446,0.267977,0.93,1,811359,810884,475
57073901,26.1303,17.0568,490,43495,0.293191,0.79,1,811389,810899,490
57076821,30.8261,29.8114,489,43544,0.291276,0.71,1,811421,810932,489
57097261,34.1755,40.9646,465,43880,0.402245,0.19,1,811683,811218,465
57103101,26.007,29.1586,459,43976,0.403959,0.23,1,811737,811278,459
57106021,27.6014,27.4317,460,44024,0.407584,0.23,1,811765,811305,460
57111861,10.7041,21.2573,442,44120,0.416813,0.27,1,811793,811351,442
57114781,26.9408,10.6515,465,44168,0.436725,0.31,1,811824,811359,465
57117701,30.9882,26.1303,467,44216,0.44469,0.29,1,811856,811389,467
57184861,37.5274,34.7877,454,45302,0.789639,0.65,2,812579,812125,454
57187781,29.9055,29.3575,454,45349,0.825855,0.65,2,812607,812153,454
57190701,26.7811,26.6715,454,45396,0.864342,0.61,2,812633,812179,454
57193621,27.7562,29.3343,452,45442,0.879737,0.69,2,812661,812209,452
57196541,23.1512,21.0669,455,45488,0.861895,0.67,2,812683,812228,455
57199461,12.6302,12.2134,455,45534,0.830758,0.67,2,812693,812238,455
57202381,27.3261,26.4427,456,45580,0.842303,0.71,2,812724,812268,456
57205301,33.4652,32.4885,457,45626,0.810921,0.71,2,812759,812302,457
57208221,48.293,48.0977,457,45672,0.822369,0.71,2,812811,812354,457
57211141,33.6586,33.6195,457,45718,0.826947,0.73,2,812841,812384,457
57214061,33.9317,33.1239,458,45764,0.804779,0.75,2,812875,812417,458
57216981,33.9863,34.6248,457,45810,0.819912,0.69,2,812909,812452,457
57219901,41.9973,42.925,456,45856,0.801965,0.69,2,812953,812497,456
57222821,9.99945,10.185,456,45902,0.794786,0.75,2,812955,812499,456
57225741,37.9999,35.637,459,45948,0.863914,0.75,2,813000,812541,459
57228661,38.8,7.1274,498,45994,0.879566,0.83,2,813039,812541,498
57409701,38.5428,28.3481,509,48754,0.824979,1,2,814974,814465,509
57427221,18.1744,19.3805,539,49012,0.408505,1,1,815130,814591,539
57433061,30.007,32.9352,521,49098,0.217761,1,1,815181,814660,521
57438901,27.6003,32.8374,525,49184,0.204042,1,1,815242,814717,525
57485621,27.4832,34.0014,454,49866,0.2156,0.23,1,815670,815216,454
57488541,30.2966,27.6003,459,49908,0.24824,0.19,1,815701,815242,459
57491461,34.0593,28.7201,465,49950,0.249296,0.13,1,815736,815271,465
57494381,31.6119,34.544,460,49992,0.273718,0.09,1,815767,815307,460
57497301,27.1224,30.9088,456,50034,0.283487,0.17,1,815793,815337,456
57500221,32.6245,27.7818,463,50076,0.299395,0.15,1,815827,815364,463
57503141,32.9249,33.5564,461,50118,0.293758,0.13,1,815860,815399,461
57506061,25.785,33.1113,452,50160,0.291503,0.13,1,815884,815432,452
57508981,13.157,26.6223,437,50202,0.290601,0.13,1,815894,815457,437
57511901,26.6314,13.3245,457,50244,0.290241,0.09,1,815924,815467,457
57517741,8.90526,33.653,431,50328,0.299639,0.17,1,815965,815534,431
57532341,29.1356,29.4162,430,50538,0.43408,0.23,1,816073,815643,430
57628701,26.9393,17.2753,477,51897,0.765396,0.55,2,816932,816455,477
57631621,35.7879,27.4551,485,51938,0.816158,0.59,2,816970,816485,485
57634541,31.1576,31.891,482,51979,0.848463,0.63,2,817000,816518,482
57637461,31.8315,30.3782,484,52020,0.873385,0.63,2,817032,816548,484
57675421,19.5288,13.4826,478,52540,0.899362,0.73,2,817361,816883,478
58036041,47.8583,34.9534,523,28900,0.83469,1,2,822334,821811,523
58047721,70.1246,41.8031,553,29192,0.400904,0.93,1,822555,822002,553
58056481,50.385,78.2864,514,29409,0.260138,0.99,1,822720,822206,514
58059401,32.477,52.4573,496,29481,0.218055,0.85,1,822748,822252,496
58062321,41.6954,35.2915,509,29553,0.213222,0.79,1,822792,822283,509
58065241,37.1391,47.8583,494,29625,0.223289,0.69,1,822828,822334,494
58068161,57.8278,41.5717,517,29696,0.215316,0.59,1,822891,822374,517
58071081,34.7656,65.1143,475,29767,0.260126,0.51,1,822920,822445,475
58085681,46.0668,50.385,433,30121,0.40284,0.19,1,823153,822720,433
58091521,42.0027,41.6954,432,30261,0.416054,0.23,1,823224,822792,432
58094441,38.0005,37.1391,433,30331,0.448422,0.21,1,823261,822828,433
58097361,59.6001,57.8278,435,30401,0.437369,0.29,1,823326,822891,435
58100281,34.32,34.7656,434,30471,0.408947,0.35,1,823354,822920,434
58103201,67.664,63.7531,439,30540,0.433579,0.35,1,823430,822991,439
58106121,15.1328,14.3506,439,30609,0.419432,0.31,1,823432,822993,439
58109041,30.2266,31.6701,437,30678,0.449773,0.39,1,823466,823029,437
58111961,77.2453,74.334,441,30747,0.437909,0.43,1,823555,823114,441
58114881,46.6491,46.0668,441,30816,0.421164,0.39,1,823594,823153,441
58120721,42.026,42.0027,441,30954,0.438186,0.47,1,823665,823224,441
58158681,35.5436,58.3209,477,31831,0.797826,0.57,2,824244,823767,477
58161601,69.5087,34.0642,527,31897,0.817131,0.63,2,824322,823795,527
58164521,15.5017,68.4128,452,31963,0.824852,0.63,2,824324,823872,452
58167441,31.1003,15.2826,485,32029,0.839941,0.59,2,824359,823874,485
58170361,77.4201,31.0565,539,32095,0.881976,0.61,2,824448,823909,539
58173281,46.684,76.6113,490,32161,0.898791,0.63,2,824487,823997,490
58333881,51.2132,39.8362,523,35598,0.777616,1,2,826907,826384,523
58348481,43.3828,55.5379,480,35893,0.251505,1,1,827067,826587,480
58354321,65.8953,65.2615,483,36011,0.0894408,1,1,827180,826697,483
58357241,43.5791,44.2523,482,36070,0.0897763,0.99,1,827218,826736,482
58360161,33.5158,33.6505,482,36129,0.0539105,1,1,827249,826767,482
58363081,43.5032,44.3301,481,36187,0.0635642,1,1,827295,826814,481
58366001,29.5006,40.066,468,36245,0.0554257,0.63,1,827321,826853,468
58368921,33.9001,51.2132,449,36303,0.0401703,0.59,1,827356,826907,449
58371841,29.18,34.2426,447,36361,0.0580681,0.45,1,827384,826937,447
58374761,29.836,34.8485,442,36419,0.0652272,0.45,1,827414,826972,442
58377681,18.7672,24.5697,436,36477,0.0560909,0.25,1,827430,826994,436
58380601,23.7534,24.9139,436,36535,0.0764364,0.19,1,827455,827019,436
58386441,39.6701,41.4766,425,36651,0.0614298,0.07,1,827533,827108,425
58389361,65.534,65.8953,425,36709,0.0425719,0.09,1,827605,827180,425
58392281,41.1068,43.5791,422,36767,0.0350288,0.03,1,827640,827218,422
58395201,33.0214,33.5158,422,36824,0.0560115,0.07,1,827671,827249,422
58398121,45.0043,43.5032,424,36881,0.0884046,0.05,1,827719,827295,424
58424401,64.9798,39.55,493,37394,0.0852219,0.03,1,828026,827533,493
58427321,40.996,65.51,456,37451,0.0760887,0.03,1,828061,827605,456
58430241,34.5992,41.102,454,37507,0.0484355,0.07,1,828094,827640,454
58433161,48.5198,33.0204,475,37563,0.0733742,0.11,1,828146,827671,475
58456521,37.0898,36.4944,465,38011,0.203276,0.19,1,828382,827917,465
58468201,50.4273,34.5992,478,38232,0.0998119,0.09,1,828572,828094,478
58474041,33.8571,29.704,460,38342,0.0963699,0.13,1,828631,828171,460
58488641,38.4121,23.2453,472,38617,0.214808,0.21,1,828776,828304,472
58491561,9.28242,37.4491,433,38672,0.223923,0.21,1,828778,828345,433
58494481,30.6565,37.0898,432,38727,0.227569,0.17,1,828814,828382,432
58497401,54.9313,59.418,428,38782,0.241028,0.13,1,828875,828447,428
58500321,39.7863,40.6836,428,38836,0.246411,0.09,1,828911,828483,428
58503241,34.3573,36.1367,426,38890,0.272564,0.09,1,828944,828518,426
58506161,50.8714,50.4273,427,38944,0.259026,0.11,1,828999,828572,427
58509081,29.3743,29.2855,427,38998,0.22961,0.09,1,829023,828596,427
58512001,34.6749,33.8571,428,39052,0.241844,0.13,1,829059,828631,428
58514921,33.335,31.5714,430,39106,0.258738,0.21,1,829092,828662,430
58517841,31.467,29.5143,432,39160,0.289495,0.21,1,829123,828691,432
58552881,32.8422,33.335,433,39802,0.420679,0.31,1,829525,829092,433
58555801,32.9684,31.467,435,39855,0.438272,0.31,1,829558,829123,435
58605441,9.62393,40.0397,448,40746,0.760835,0.55,2,830093,829645,448
58608361,31.5248,9.60795,483,40798,0.766334,0.53,2,830130,829647,483
58611281,58.305,30.7216,512,40850,0.780534,0.57,2,830195,829683,512
58614201,41.261,56.5443,486,40902,0.810213,0.59,2,830232,829746,486
58617121,33.8522,40.1089,482,40954,0.822085,0.59,2,830264,829782,482
58620041,52.3704,33.6218,507,41006,0.838834,0.63,2,830321,829814,507
58622961,29.6741,50.7244,476,41057,0.845534,0.63,2,830345,829869,476
58625881,39.5348,29.3449,494,41108,0.848213,0.67,2,830387,829893,494
58628801,35.107,37.869,488,41159,0.885285,0.67,2,830421,829933,488
58631721,36.6214,34.7738,491,41210,0.888114,0.67,2,830458,829967,491
58634641,23.3243,34.9548,476,41261,0.889246,0.75,2,830478,830002,476
58809841,35.3406,33.9342,515,44225,0.8452,1,2,832512,831997,515
58812761,31.8681,25.1868,523,44273,0.76408,1,2,832543,832020,523
58839041,27.4488,39.3887,479,44699,0.273561,1,1,832819,832340,479
58841961,35.0898,35.8777,481,44746,0.283424,1,1,832856,832375,481
58844881,24.618,33.5755,470,44793,0.26337,1,1,832878,832408,470
58847801,29.7236,31.5151,470,44840,0.219348,0.88,1,832909,832439,470
58850721,32.3447,36.703,465,44887,0.201739,0.79,1,832942,832477,465
58859481,34.0508,36.7736,457,45028,0.0798713,0.69,1,833038,832581,457
58862401,29.2102,29.7547,457,45075,0.0619485,0.67,1,833066,832609,457
58865321,29.842,31.5509,455,45122,0.0667794,0.55,1,833096,832641,455
58868241,27.5684,33.5102,448,45169,0.0927118,0.51,1,833123,832675,448
58903281,32.2915,34.0508,423,45725,0.21086,0.05,1,833461,833038,423
58906201,28.8583,29.2102,423,45771,0.234344,0.07,1,833489,833066,423
58938321,34.0309,26.1622,463,46277,0.405066,0.17,1,833801,833338,463
58941241,26.0062,32.4324,453,46323,0.408027,0.17,1,833825,833372,453
58944161,31.6012,27.2865,460,46369,0.421211,0.19,1,833858,833398,460
58999641,27.5271,33.8848,472,47224,0.756105,0.49,2,834429,833957,472
59005481,21.5811,34.4754,465,47314,0.758177,0.57,2,834485,834020,465
59008401,31.5162,19.6951,483,47359,0.777271,0.57,2,834519,834036,483
59011321,7.90324,31.139,451,47404,0.784908,0.59,2,834521,834070,451
59014241,23.1806,27.0278,452,47448,0.811963,0.61,2,834548,834096,452
59017161,23.8361,24.6056,452,47492,0.798785,0.61,2,834572,834120,452
59020081,32.7672,31.3211,454,47536,0.829514,0.65,2,834607,834153,454
59023001,27.3534,27.0642,454,47580,0.841806,0.67,2,834633,834179,454
59025921,27.8707,27.0128,455,47624,0.858722,0.69,2,834661,834206,455
59031761,26.2348,26.0405,456,47712,0.894596,0.71,2,834722,834266,456
59034681,33.247,32.4081,457,47756,0.879838,0.73,2,834757,834300,457
59037601,37.8494,36.8816,458,47800,0.861935,0.71,2,834796,834338,458
59040521,33.1699,32.1763,459,47844,0.854774,0.75,2,834828,834369,459
59043441,34.634,33.6353,460,47888,0.85191,0.77,2,834863,834403,460
59046361,27.7268,27.5271,460,47932,0.850764,0.73,2,834889,834429,460
59049281,34.3454,35.9054,458,47976,0.850306,0.77,2,834925,834467,458
59052201,22.8691,21.5811,460,48020,0.826122,0.79,2,834945,834485,460
59055121,32.5738,31.5162,461,48064,0.888449,0.79,2,834980,834519,461
59263901,134.435,142.877,510,23451,0.8884,1,2,837124,836614,510
59266821,94.087,79.7754,530,23541,0.88936,1,2,837208,836678,530
59269741,57.2174,75.1551,504,23631,0.841744,1,2,837256,836752,504
59272661,87.4435,75.831,523,23721,0.762698,0.99,2,837351,836828,523
59284341,38.8471,37.8749,488,24076,0.761557,0.87,2,837535,837047,488
59287261,53.3694,69.175,468,24164,0.802623,0.89,2,837592,837124,468
59290181,73.0739,81.035,462,24252,0.807049,0.81,2,837670,837208,462
59293101,51.4148,54.607,460,24339,0.84482,0.71,2,837716,837256,460
59296021,83.083,86.9214,456,24426,0.883928,0.73,2,837807,837351,456
59412821,43.6052,42.6195,493,27683,0.211696,1,1,840082,839589,493
59418661,60.6242,72.5848,478,27836,0.0506714,1,1,840182,839704,478
59421581,48.9248,47.317,483,27912,0.0742685,1,1,840228,839745,483
59424501,55.385,66.2634,469,27988,0.0297074,0.95,1,840285,839816,469
59427421,35.877,41.2527,465,28064,0.065883,0.51,1,840316,839851,465
59430341,54.3754,66.6505,451,28139,0.0803532,0.43,1,840375,839924,451
59433261,33.2751,42.1301,443,28214,0.0381413,0.25,1,840403,839960,443
59436181,69.055,78.026,434,28289,0.0572565,0.11,1,840481,840047,434
59439101,37.811,43.6052,429,28364,0.0889026,0.11,1,840511,840082,429
59442021,29.1622,8.72104,456,28439,0.077561,0.07,1,840538,840082,456
59444941,58.6324,28.1442,489,28513,0.0490244,0,1,840604,840115,489
59447861,47.7265,59.2288,467,28587,0.0616098,0.09,1,840649,840182,467
59450781,55.9453,48.6458,479,28661,0.0546439,0,1,840707,840228,479
59453701,35.1891,55.3292,452,28735,0.0878576,0.09,1,840737,840285,452
59456621,55.8378,35.8658,482,28809,0.089143,0.09,1,840798,840316,482
59459541,32.7676,54.3732,450,28882,0.0776572,0.01,1,840825,840375,450
59474141,47.3935,58.6324,467,29247,0.08876,0.07,1,841071,840604,467
59477061,59.0787,47.7265,484,29319,0.089504,0.05,1,841133,840649,484
59479981,35.8157,55.9453,456,29391,0.0778016,0.11,1,841163,840707,456
59503341,34.4817,47.3935,424,29962,0.210943,0.09,1,841495,841071,424
59506261,56.4963,59.0787,424,30033,0.210377,0.07,1,841557,841133,424
59509181,36.0993,35.8157,425,30103,0.234151,0.13,1,841588,841163,425
59512101,57.6199,55.1631,428,30173,0.29166,0.15,1,841651,841223,428
59523781,31.785,30.2067,430,30453,0.406107,0.19,1,841823,841393,430
59526701,55.157,54.0413,431,30522,0.420443,0.19,1,841884,841453,431
59529621,12.6314,12.4083,431,30591,0.402177,0.23,1,841886,841455,431
59532541,34.5263,34.4817,431,30660,0.430871,0.21,1,841926,841495,431
59535461,55.7053,56.4963,430,30729,0.430348,0.25,1,841987,841557,430
59538381,37.541,36.0993,432,30798,0.418139,0.33,1,842020,841588,432
59585101,56.0116,33.7169,512,31881,0.75411,0.65,2,842776,842264,512
59588021,12.8023,55.5434,453,31947,0.775644,0.61,2,842778,842325,453
59590941,35.3605,12.7087,492,32013,0.820258,0.63,2,842819,842327,492
59593861,57.4721,34.5417,515,32079,0.826103,0.65,2,842882,842367,515
59596781,38.6944,56.5083,487,32145,0.840441,0.63,2,842916,842429,487
59599701,66.1389,37.7017,527,32211,0.846177,0.69,2,842989,842462,527
59602621,35.6278,64.3403,484,32277,0.848471,0.71,2,843017,842533,484
59605541,71.9256,35.2681,537,32343,0.849388,0.67,2,843098,842561,537
59608461,44.7851,73.4536,492,32408,0.885755,0.69,2,843136,842644,492
59614301,59.3914,36.0581,521,32538,0.898921,0.79,2,843236,842715,521
59617221,13.4783,56.0116,462,32603,0.893568,0.79,2,843238,842776,462
59734021,66.0289,34.4158,555,35104,0.78616,1,2,844982,844427,555
59748621,45.168,36.779,517,35404,0.284386,1,1,845205,844688,517
59751541,41.8336,33.7558,525,35464,0.263755,1,1,845246,844721,525
59754461,30.7667,48.3512,501,35524,0.243502,1,1,845274,844773,501
59757381,27.7533,32.0702,500,35584,0.247401,1,1,845301,844801,500
59760301,38.3507,29.614,512,35643,0.23696,0.91,1,845342,844830,512
59763221,9.27013,42.7228,468,35702,0.232784,0.87,1,845344,844876,468
59766141,24.254,34.1446,464,35761,0.267114,0.71,1,845372,844908,464
59769061,58.4508,66.0289,457,35820,0.268845,0.65,1,845439,844982,457
59771981,34.8902,42.0058,450,35879,0.293538,0.43,1,845468,845018,450
59786581,42.1923,41.8336,436,36174,0.436129,0.23,1,845682,845246,436
59789501,33.2385,30.7667,439,36232,0.432452,0.25,1,845713,845274,439
59792421,24.2477,27.7533,434,36290,0.442981,0.23,1,845735,845301,434
59824541,33.1074,33.2385,443,36925,0.750463,0.45,2,846156,845713,443
59827461,25.0215,24.2477,444,36982,0.750185,0.51,2,846179,845735,444
59830381,37.8043,36.8495,445,37039,0.762074,0.51,2,846220,845775,445
59833301,9.16086,8.96991,445,37096,0.76683,0.49,2,846222,845777,445
59836221,25.8322,24.994,446,37153,0.792732,0.49,2,846252,845806,446
59839141,58.7664,4.9988,513,37210,0.767093,0.49,2,846319,845806,513
59842061,35.7533,55.3998,475,37267,0.780837,0.55,2,846349,845874,475
59844981,46.3507,34.28,495,37324,0.810335,0.59,2,846398,845903,495
59847901,54.8701,44.456,505,37381,0.822134,0.61,2,846455,845950,505
59850821,35.774,52.0912,482,37438,0.814854,0.63,2,846486,846004,482
59853741,44.7548,34.4182,499,37494,0.823941,0.67,2,846533,846034,499
59856661,50.551,43.6836,505,37550,0.815577,0.77,2,846585,846080,505
59859581,34.1102,45.5367,489,37606,0.812231,0.77,2,846615,846126,489
59862501,24.422,33.1073,481,37662,0.822892,0.75,2,846637,846156,481
59865421,38.4844,25.0215,500,37718,0.851157,0.77,2,846679,846179,500
59868341,9.29688,37.8043,461,37774,0.862463,0.77,2,846681,846220,461
59871261,25.8594,9.16086,489,37830,0.866985,0.81,2,846711,846222,489
59874181,58.7719,25.8322,526,37886,0.892794,0.75,2,846778,846252,526
59877101,36.5544,58.7664,490,37942,0.891118,0.79,2,846809,846319,490
59888781,44.7433,35.774,509,38165,0.899437,0.83,2,846995,846486,509
59891701,49.7487,44.7548,513,38220,0.881775,0.81,2,847046,846533,513
60063981,39.9322,34.6363,517,41353,0.878152,1,2,849187,848670,517
60066901,25.5864,42.9273,494,41404,0.825261,1,2,849209,848715,494
60069821,36.3173,27.7855,509,41455,0.828104,1,2,849248,848739,509
60072741,32.0635,36.7571,501,41506,0.841242,0.93,2,849279,848778,501
60075661,8.01269,30.5514,474,41557,0.846497,0.98,2,849281,848807,474
60078581,36.0025,34.9103,481,41608,0.824599,1,2,849324,848843,481
60081501,26.4005,34.9821,470,41659,0.815839,1,2,849348,848878,470
60084421,57.2801,54.9964,475,41710,0.836336,0.93,2,849413,848938,475
60087341,29.856,33.3993,470,41761,0.856534,0.98,2,849436,848966,470
60090261,29.1712,32.2799,467,41812,0.852614,0.89,2,849465,848998,467
60093181,40.2342,41.656,466,41862,0.887046,0.91,2,849508,849042,466
60437741,30.2529,36.4713,517,47441,0.884392,1,2,853393,852876,517
60440661,25.2506,31.2943,511,47485,0.767757,1,2,853417,852906,511
60452341,37.1668,32.3317,492,47661,0.449495,1,1,853538,853046,492
60455261,39.4334,44.0663,485,47705,0.425798,1,1,853578,853093,485
60458181,34.2867,38.4133,481,47749,0.416319,0.94,1,853611,853130,481
60461101,31.6573,35.6827,477,47793,0.292528,1,1,853642,853165,477
60464021,33.5315,27.1365,486,47837,0.255011,1,1,853676,853190,486
60466941,33.9063,30.2273,489,47881,0.228004,1,1,853710,853221,489
60499061,34.0336,37.1668,439,48365,0.200619,0.41,1,853977,853538,439
60504901,32.5613,34.2867,437,48453,0.203699,0.21,1,854048,853611,437
60507821,26.5123,31.6573,431,48496,0.21948,0.23,1,854073,853642,431
60510741,35.7025,33.5315,435,48539,0.225792,0.21,1,854111,853676,435
60513661,31.1405,33.9063,431,48582,0.276317,0.13,1,854141,853710,431
60516581,29.4281,31.5813,429,48625,0.284527,0.13,1,854170,853741,429
60525341,19.5954,17.9486,429,48754,0.40053,0.21,1,854223,853794,429
60528261,31.9191,31.5897,429,48797,0.406212,0.13,1,854258,853829,429
60531181,21.5838,23.1179,427,48840,0.408485,0.13,1,854277,853850,427
60534101,20.3168,4.62359,447,48883,0.409394,0.17,1,854297,853850,447
60537021,8.86335,15.3247,435,48926,0.421758,0.21,1,854303,853868,435
60539941,33.7727,9.46494,467,48969,0.402703,0.15,1,854343,853876,467
60542861,27.5545,34.693,452,49012,0.419081,0.15,1,854369,853917,452
60545781,35.9109,26.1386,466,49055,0.449632,0.23,1,854407,853941,466
60653821,38.1426,37.3787,449,50622,0.770003,0.53,2,855440,854991,449
60656741,33.2285,33.8757,448,50664,0.758001,0.53,2,855472,855024,448
60659661,29.0457,29.1751,448,50706,0.7652,0.55,2,855500,855052,448
60662581,23.4091,21.835,450,50748,0.79208,0.57,2,855522,855072,450
60665501,17.4818,17.167,450,50790,0.826832,0.57,2,855538,855088,450
60668421,20.2964,19.4334,451,50831,0.828733,0.57,2,855559,855108,451
60671341,31.2593,31.8867,450,50872,0.829493,0.57,2,855593,855143,450
60674261,22.2519,22.3773,450,50913,0.841797,0.59,2,855613,855163,450
60677181,23.6504,22.0755,452,50954,0.846719,0.61,2,855637,855185,452
60680101,9.53007,9.21509,452,50995,0.824688,0.61,2,855643,855191,452
60683021,3.50601,3.44302,452,51036,0.815875,0.67,2,855645,855193,452
60685941,34.3012,33.4886,453,51077,0.87235,0.67,2,855687,855234,453
60691781,39.932,39.0995,454,51159,0.884776,0.71,2,855756,855302,454
60893261,98.6955,71.9444,515,24990,0.288726,0.79,1,857769,857254,515
60896181,61.3391,90.3889,472,25075,0.241491,0.55,1,857821,857349,472
60899101,52.2678,55.6778,475,25160,0.246596,0.41,1,857871,857396,475
60902021,60.0536,58.3356,478,25244,0.272638,0.39,1,857933,857455,478
60910781,18.5924,34.6747,439,25495,0.409369,0.25,1,858043,857604,439
60913701,58.9185,16.5349,496,25578,0.433748,0.27,1,858112,857616,496
60969181,55.1097,57.5338,449,27110,0.756104,0.63,2,859147,858698,449
60972101,57.4219,54.7068,453,27188,0.764442,0.61,2,859205,858752,453
60975021,62.6844,62.9414,452,27266,0.815777,0.65,2,859269,858817,452
60977941,66.9369,65.3883,454,27344,0.860311,0.65,2,859337,858883,454
60980861,42.1874,41.8777,454,27421,0.890124,0.65,2,859373,858919,454
61118101,59.2859,48.5372,489,30842,0.892,1,2,861781,861292,489
61121021,35.8572,33.7074,489,30911,0.8728,1,2,861811,861322,489
61123941,42.3714,49.1415,480,30979,0.78712,1,2,861855,861375,480
61129781,51.4549,66.1257,478,31115,0.211139,1,1,861962,861484,478
61132701,45.491,40.4251,488,31183,0.0904557,1,1,862006,861518,488
61135621,29.8982,29.685,487,31251,0.0361823,1,1,862032,861545,487
61138541,43.5796,38.737,493,31319,0.0204729,1,1,862079,861586,493
61141461,39.1159,7.7474,531,31387,0.0261892,1,1,862117,861586,531
61144381,67.0232,43.9495,552,31454,0.0164757,1,1,862191,861639,552
61147301,59.8046,79.1899,522,31521,0.0365903,0.82,1,862249,861727,522
61150221,32.7609,59.038,494,31588,0.0206361,0.86,1,862275,861781,494
61153141,32.9522,35.8076,497,31655,0.0142544,0.73,1,862308,861811,497
61156061,32.9904,42.3615,486,31722,0.00570178,0.33,1,862341,861855,486
61158981,40.1981,53.2723,472,31789,0.00828071,0.01,1,862383,861911,472
61161901,43.2396,51.4545,465,31856,0.0213123,0.01,1,862427,861962,465
61164821,29.4479,45.4909,447,31922,0.0145249,0,1,862453,862006,447
61167741,44.2896,29.8982,469,31988,0.00580997,0.01,1,862501,862032,469
61170661,40.0579,43.5796,461,32054,0.00232399,0.03,1,862540,862079,461
61173581,65.6116,39.1159,495,32120,0.000929594,0.01,1,862612,862117,495
61176501,60.3223,67.0232,480,32186,0.0183718,0.05,1,862671,862191,480
61179421,32.0645,59.8046,447,32252,0.0493487,0.01,1,862696,862249,447
61182341,33.6129,32.7609,455,32318,0.0497395,0.01,1,862730,862275,455
61185261,33.1226,32.9522,455,32383,0.0198958,0,1,862763,862308,455
61188181,39.4245,32.9904,463,32448,0.0499583,0.01,1,862804,862341,463
61191101,43.8849,40.1981,466,32513,0.0379833,0.03,1,862849,862383,466
61194021,28.777,43.2396,447,32578,0.0211933,0.01,1,862874,862427,447
61196941,44.1554,29.4479,469,32643,0.0264773,0,1,862922,862453,469
61199861,41.6311,44.2896,462,32708,0.0105909,0,1,862963,862501,462
61202781,9.92622,40.0579,425,32773,0.00423637,0,1,862965,862540,425
61205701,57.1852,65.6116,422,32838,0.00769455,0.03,1,863034,862612,422
61208621,58.637,60.3223,422,32902,0.0210778,0.07,1,863093,862671,422
61211541,32.5274,32.0645,423,32966,0.0144311,0.05,1,863119,862696,423
61214461,33.7055,33.6129,423,33030,0.0597725,0,1,863153,862730,423
61217381,34.7411,33.1226,425,33094,0.041909,0.07,1,863188,862763,425
61220301,38.1482,39.4245,423,33158,0.0587636,0.03,1,863227,862804,423
61223221,42.8296,43.8849,422,33222,0.0415054,0.01,1,863271,862849,422
61226141,28.5659,28.777,422,33286,0.0226022,0.03,1,863296,862874,422
61229061,44.1132,44.1554,422,33350,0.0390409,0,1,863344,862922,422
61231981,41.6226,41.6311,422,33413,0.0156163,0,1,863385,862963,422
61234901,9.92453,9.92622,422,33476,0.00624654,0.01,1,863387,862965,422
61237821,57.1849,57.1852,422,33539,0.0564986,0.03,1,863456,863034,422
61240741,58.637,58.637,422,33602,0.0405994,0.01,1,863515,863093,422
61243661,32.5274,32.5274,422,33665,0.0222398,0.09,1,863541,863119,422
61246581,35.3055,33.7055,424,33728,0.0148959,0.03,1,863577,863153,424
61249501,33.4611,34.7411,422,33791,0.0239584,0.07,1,863610,863188,422
61252421,37.8922,38.1482,422,33854,0.0515833,0.03,1,863649,863227,422
61255341,42.7784,42.8296,422,33916,0.0626333,0.01,1,863693,863271,422
61258261,28.5557,28.5659,422,33978,0.0310533,0.05,1,863718,863296,422
61261181,44.1111,44.1132,422,34040,0.0304213,0,1,863766,863344,422
61264101,41.6222,41.6226,422,34102,0.0121685,0,1,863807,863385,422
61267021,9.92444,9.92453,422,34164,0.00486741,0.09,1,863809,863387,422
61269941,57.1849,57.1849,422,34226,0.00794697,0.09,1,863878,863456,422
61272861,57.837,11.437,480,34288,0.0331788,0.03,1,863936,863456,480
61275781,32.3674,49.4874,447,34350,0.0312715,0.01,1,863962,863515,447
61278701,36.0735,30.6975,458,34412,0.0185086,0.01,1,863999,863541,458
61281621,32.8147,34.9395,454,34473,0.0374034,0.03,1,864031,863577,454
61284541,39.3629,33.3879,462,34534,0.0329614,0.07,1,864072,863610,462
61287461,41.4726,37.8776,465,34595,0.0191846,0.07,1,864114,863649,465
61290381,28.2945,42.7755,446,34656,0.0136738,0.01,1,864139,863693,446
61293301,44.0589,28.5551,469,34717,0.0234695,0.03,1,864187,863718,469
61296221,41.6118,44.111,462,34778,0.00938781,0,1,864228,863766,462
61299141,9.92236,41.6222,423,34839,0.00375512,0,1,864230,863807,423
61302061,57.1845,9.92444,490,34900,0.019502,0.01,1,864299,863809,490
61304981,59.4369,57.1849,481,34961,0.0378008,0.05,1,864359,863878,481
61307901,31.8874,57.837,448,35021,0.0331203,0.03,1,864384,863936,448
61310821,35.9775,32.3674,459,35081,0.0912481,0.01,1,864421,863962,459
61313741,31.9955,36.0735,453,35141,0.0784993,0.05,1,864452,863999,453
61316661,41.5991,32.8147,465,35201,0.0613997,0.03,1,864496,864031,465
61319581,40.3198,39.3629,464,35261,0.0305599,0.01,1,864536,864072,464
61322501,27.264,41.4726,446,35321,0.0422239,0.01,1,864560,864114,446
61325421,44.6528,28.2945,470,35381,0.0228896,0.03,1,864609,864139,470
61328341,40.9306,44.0589,462,35441,0.0391558,0,1,864649,864187,462
61331261,9.78611,41.6118,423,35501,0.0216623,0,1,864651,864228,423
61334181,57.1572,9.92236,490,35561,0.0386649,0.03,1,864720,864230,490
61337101,61.0314,57.1845,483,35620,0.045466,0.05,1,864782,864299,483
61340021,33.0063,59.4369,449,35679,0.0481864,0.03,1,864808,864359,449
61342941,8.20126,31.8874,426,35738,0.0732746,0.13,1,864810,864384,426
61345861,31.2403,35.9775,426,35797,0.0713098,0.07,1,864847,864421,426
61348781,30.248,31.9955,425,35856,0.0585239,0.05,1,864877,864452,425
61351701,40.4496,41.5991,424,35915,0.0894096,0.01,1,864920,864496,424
61354621,38.4899,40.3198,422,35974,0.0657638,0.05,1,864958,864536,422
61357541,26.898,27.264,422,36033,0.0323055,0.01,1,864982,864560,422
61360461,46.1796,44.6528,424,36092,0.0189222,0.05,1,865033,864609,424
61363381,39.6359,40.9306,422,36151,0.0375689,0.01,1,865071,864649,422
61366301,9.52718,9.78611,422,36209,0.0210276,0.05,1,865073,864651,422
61369221,57.1054,57.1572,422,36267,0.050411,0.05,1,865142,864720,422
61372141,62.6211,61.0314,424,36325,0.0621644,0.05,1,865206,864782,424
61375061,33.3242,33.0063,424,36383,0.0548658,0.09,1,865232,864808,424
61377981,8.26484,8.20126,424,36441,0.0639463,0.07,1,865234,864810,424
61389661,36.2756,38.4899,422,36673,0.211829,0.01,1,865380,864958,422
61392581,26.4551,26.898,422,36731,0.210732,0.01,1,865404,864982,422
61395501,46.891,46.1796,423,36789,0.0902926,0.05,1,865456,865033,423
61398421,38.9782,39.6359,422,36846,0.0781171,0.01,1,865493,865071,422
61401341,9.39564,9.52718,422,36903,0.0492468,0.07,1,865495,865073,422
61404261,57.0791,57.1054,422,36960,0.0376987,0.07,1,865564,865142,422
61407181,64.2158,62.6211,424,37017,0.0330795,0.05,1,865630,865206,424
61410101,34.4432,33.3242,425,37074,0.0432318,0.07,1,865657,865232,425
61413021,8.48863,8.26484,425,37131,0.0232927,0.13,1,865659,865234,425
61415941,32.0977,30.453,427,37188,0.0513171,0.13,1,865697,865270,427
61418861,32.8195,6.09059,460,37245,0.0865268,0.15,1,865730,865270,460
61424701,37.9528,40.4036,466,37359,0.0942443,0.25,1,865811,865345,466
61430541,41.8381,26.4161,475,37472,0.0594791,0.01,1,865879,865404,475
61433461,37.1676,46.8832,459,37528,0.0537916,0.07,1,865915,865456,459
61436381,9.03352,38.9766,424,37584,0.0515167,0.03,1,865917,865493,424
61439301,56.2067,9.39533,490,37640,0.0506067,0.03,1,865985,865495,490
61442221,64.8413,57.0791,488,37696,0.0382427,0.03,1,866052,865564,488
61445141,34.5683,64.2158,449,37752,0.0572971,0.05,1,866079,865630,449
61448061,8.51365,34.4432,424,37808,0.0409188,0.01,1,866081,865657,424
61450981,33.7027,8.48863,462,37864,0.0463675,0.07,1,866121,865659,462
61453901,34.7405,32.0977,459,37920,0.048547,0.11,1,866156,865697,459
61456821,42.1481,32.8195,470,37976,0.0974188,0.11,1,866200,865730,470
61468501,36.3938,41.8381,457,38198,0.0678219,0.05,1,866336,865879,457
61471421,8.87877,37.1676,423,38253,0.0451288,0.05,1,866338,865915,423
61474341,57.7758,9.03352,491,38308,0.0480515,0.05,1,866408,865917,491
61477261,64.3551,56.2067,489,38363,0.0492206,0.03,1,866474,865985,489
61480181,35.271,64.8413,450,38418,0.0856882,0.07,1,866502,866052,450
61512301,58.5004,57.7758,424,39019,0.0740021,0.05,1,866832,866408,424
61515221,64.5001,64.3551,424,39073,0.0476008,0.11,1,866898,866474,424
61518141,37.7,35.271,427,39127,0.0730403,0.11,1,866929,866502,427
61521061,9.14,8.65421,427,39181,0.0832161,0.13,1,866931,866504,427
61523981,33.828,34.5308,426,39235,0.0752865,0.11,1,866971,866545,426
61535661,36.6621,37.6168,425,39451,0.217399,0.11,1,867091,866666,425
61538581,26.5324,26.7234,425,39505,0.22496,0.11,1,867115,866690,425
61541501,34.1065,32.5447,427,39558,0.227984,0.11,1,867151,866724,427
61544421,34.8213,34.5089,427,39611,0.277194,0.11,1,867186,866759,427
61547341,8.56426,8.50179,427,39664,0.296877,0.05,1,867188,866761,427
61553181,63.7026,64.5001,422,39770,0.2959,0.09,1,867320,866898,422
61556101,39.9405,37.7,425,39823,0.29236,0.09,1,867354,866929,425
61559021,9.5881,9.14,425,39876,0.290944,0.07,1,867356,866931,425
61561941,33.9176,33.828,425,39929,0.290378,0.13,1,867396,866971,425
61608661,40.252,8.8767,485,40767,0.401758,0.31,1,867920,867435,485
61611581,42.4504,40.9753,479,40819,0.406703,0.37,1,867963,867484,479
61672901,40.3571,39.4939,452,41893,0.757733,0.61,2,868677,868225,452
61675821,9.67142,9.49877,452,41943,0.765093,0.67,2,868679,868227,452
61678741,41.1343,37.8998,456,41993,0.780037,0.69,2,868728,868272,456
61681661,38.6269,37.98,456,42043,0.786015,0.69,2,868766,868310,456
61684581,9.32537,9.19599,456,42093,0.788406,0.71,2,868768,868312,456
61687501,42.6651,41.8392,457,42143,0.801362,0.71,2,868819,868362,457
61690421,42.133,43.5678,455,42193,0.806545,0.63,2,868861,868406,455
61693341,27.6266,29.5136,453,42243,0.784618,0.63,2,868885,868432,453
61696261,7.12532,7.50271,453,42293,0.799847,0.69,2,868887,868434,453
61699181,32.6251,31.9005,454,42343,0.817939,0.65,2,868926,868472,454
61702101,35.325,35.1801,454,42393,0.873176,0.65,2,868962,868508,454
61705021,8.665,8.63602,454,42443,0.89527,0.77,2,868964,868510,454
61915261,159.308,135.48,511,20544,0.200848,0.21,1,871458,870947,511
61918181,84.6615,128.696,450,20647,0.0983392,0,1,871524,871074,450
61921101,68.9323,74.5392,454,20750,0.0393357,0.03,1,871589,871135,454
61924021,67.3865,68.5078,454,20852,0.0457343,0.03,1,871656,871202,454
61926941,83.8773,68.9016,473,20954,0.0182937,0,1,871744,871271,473
61929861,27.9755,53.7803,437,21055,0.0253175,0.03,1,871758,871321,437
61932781,26.3951,33.1561,435,21156,0.016127,0.07,1,871784,871349,435
61935701,82.879,93.8312,423,21256,0.0364508,0.03,1,871881,871458,423
61938621,68.5758,71.5662,422,21356,0.0565803,0,1,871946,871524,422
61941541,65.7152,66.3132,422,21455,0.0226321,0.05,1,872011,871589,422
61944461,66.743,66.8627,422,21554,0.0630528,0,1,872078,871656,422
61947381,84.5486,83.7725,423,21652,0.0432211,0.03,1,872167,871744,423
61950301,27.3097,27.9545,422,21750,0.0352885,0.01,1,872180,871758,422
61953221,26.2619,26.3909,422,21848,0.0321154,0.05,1,872206,871784,422
61956141,84.4524,82.8782,424,21945,0.0548462,0.07,1,872305,871881,424
61959061,67.2905,68.5756,422,22042,0.0879385,0,1,872368,871946,422
61961981,65.4581,65.7151,422,22138,0.0351754,0.09,1,872433,872011,422
61964901,66.6916,66.743,422,22234,0.0200702,0.03,1,872500,872078,422
61967821,84.5383,84.5486,422,22329,0.0260281,0.03,1,872589,872167,422
61970741,28.1077,27.3097,423,22424,0.0284112,0.03,1,872603,872180,423
61973661,25.6215,26.2619,422,22519,0.0293645,0.03,1,872628,872206,422
61976581,85.1243,5.25239,522,22613,0.0777458,0.07,1,872728,872206,522
61982421,64.525,66.4501,486,22800,0.0532393,0,1,872854,872368,486
61985341,66.505,65.29,488,22893,0.0392957,0.01,1,872921,872433,488
61988261,85.301,66.658,511,22986,0.0337183,0.03,1,873011,872500,511
61991181,27.4602,84.5316,435,23078,0.0194873,0.03,1,873024,872589,435
61994101,25.492,28.1063,446,23170,0.0137949,0.03,1,873049,872603,446
61997021,87.4984,25.6213,524,23261,0.047518,0.11,1,873152,872628,524
61999941,70.2997,85.1243,490,23352,0.0370072,0.17,1,873218,872728,490
62002861,59.6599,66.6249,485,23443,0.0208029,0,1,873275,872790,485
62005781,65.532,64.525,488,23533,0.0263212,0.03,1,873342,872854,488
62008701,85.9064,66.505,512,23623,0.0165285,0.03,1,873433,872921,512
62011621,27.5813,85.301,435,23713,0.0246114,0.01,1,873446,873011,435
62014541,24.7163,27.4602,446,23802,0.0158446,0.01,1,873470,873024,446
62017461,89.7433,25.492,527,23891,0.0843378,0.07,1,873576,873049,527
62029141,63.0172,65.532,422,24244,0.079295,0.01,1,873764,873342,422
62032061,85.4034,85.9064,422,24331,0.049718,0.03,1,873855,873433,422
62034981,27.4807,27.5813,422,24418,0.0498872,0.01,1,873868,873446,422
62037901,25.4961,24.7163,423,24505,0.0379549,0.13,1,873893,873470,423
62040821,93.8992,89.7433,428,24591,0.057182,0.19,1,874004,873576,428
62043741,73.1798,69.1487,432,24677,0.0768728,0.19,1,874072,873640,432
62046661,16.236,15.4297,432,24763,0.0847491,0.19,1,874074,873642,432
62052501,58.8894,63.0172,422,24934,0.0747599,0.03,1,874186,873764,422
62055421,84.5779,85.4034,422,25019,0.0479039,0.05,1,874277,873855,422
62058341,27.3156,27.4807,422,25104,0.0371616,0.03,1,874290,873868,422
62061261,25.4631,25.4961,422,25188,0.0448646,0.07,1,874315,873893,422
62064181,96.2926,93.8992,425,25272,0.0479459,0.09,1,874429,874004,425
62067101,74.4585,73.1798,426,25356,0.0251783,0.09,1,874498,874072,426
62070021,16.4917,16.236,426,25440,0.0160713,0.09,1,874500,874074,426
62072941,43.2983,3.24719,476,25523,0.0604285,0.13,1,874550,874074,476
62078781,83.6519,58.3699,512,25689,0.0756686,0.03,1,874698,874186,512
62081701,27.9304,84.474,435,25771,0.0602674,0.03,1,874712,874277,435
62084621,24.7861,27.2948,446,25853,0.066107,0.05,1,874736,874290,446
62087541,96.1572,25.459,535,25935,0.0564428,0.05,1,874850,874315,535
62090461,76.0314,96.2918,492,26017,0.0525771,0.01,1,874921,874429,492
62093381,16.8063,74.4584,425,26098,0.0510308,0.01,1,874923,874498,425
62096301,44.9613,16.4917,475,26179,0.0744123,0.09,1,874975,874500,475
62099221,56.9923,43.2983,485,26260,0.0957649,0.15,1,875035,874550,485
62113821,74.4579,96.1572,493,26661,0.206315,0.05,1,875343,874850,493
62116741,16.4916,76.0314,424,26740,0.220526,0.05,1,875345,874921,424
62119661,48.0983,16.8063,478,26819,0.25021,0.09,1,875401,874923,478
62122581,57.6197,44.9613,486,26898,0.298084,0.11,1,875461,874975,486
62134261,24.393,25.4479,430,27212,0.416063,0.17,1,875590,875160,430
62137181,97.6786,96.2896,432,27290,0.424425,0.23,1,875706,875274,432
62140101,73.9357,74.4579,431,27368,0.43977,0.23,1,875774,875343,431
62189741,100.585,25.174,570,28654,0.785095,0.67,2,876601,876031,570
62192661,75.317,99.4348,521,28728,0.812038,0.63,2,876670,876149,521
62195581,16.6634,75.087,454,28802,0.822815,0.63,2,876672,876218,454
62198501,53.7327,16.6174,515,28876,0.815126,0.65,2,876735,876220,515
62201421,61.9465,54.5235,515,28949,0.82405,0.63,2,876799,876284,515
62204341,13.9893,60.5047,455,29022,0.82762,0.63,2,876801,876346,455
62207261,80.3979,13.7009,550,29095,0.853048,0.73,2,876898,876348,550
62210181,27.2796,77.1402,471,29168,0.863219,0.73,2,876912,876441,471
62213101,28.6559,26.628,486,29241,0.867288,0.77,2,876941,876455,486
62326981,26.2382,33.4376,496,31943,0.886,1,2,878838,878342,496
62329901,29.2476,26.6875,501,32009,0.8044,1,2,878868,878367,501
62341581,34.5812,44.2091,508,32273,0.249217,1,1,879092,878584,508
62347421,33.3832,46.8884,506,32404,0.0746747,1,1,879180,878674,506
62350341,71.4767,35.7777,554,32469,0.0598699,0.95,1,879261,878707,554
62353261,31.0953,71.9555,494,32534,0.0659479,0.97,1,879282,878788,494
62356181,23.0191,35.1911,489,32599,0.0683792,0.83,1,879303,878814,489
62359101,24.6038,26.2382,490,32664,0.0693517,0.75,1,879328,878838,490
62362021,54.5208,29.2476,522,32729,0.0697407,0.51,1,879390,878868,522
62364941,12.5042,66.6495,448,32794,0.0698963,0.39,1,879392,878944,448
62382461,72.1247,71.4767,425,33178,0.0657948,0.07,1,879686,879261,425
62385381,30.4249,31.0953,424,33242,0.0683179,0.07,1,879706,879282,424
62388301,23.685,23.0191,425,33306,0.0573272,0.07,1,879728,879303,425
62391221,24.737,24.6038,425,33370,0.0649309,0.07,1,879753,879328,425
62394141,56.1474,54.5208,427,33433,0.0559723,0.07,1,879817,879390,427
62397061,12.8295,12.5042,427,33496,0.0883889,0.17,1,879819,879392,427
62405821,30.4386,31.588,427,33685,0.203657,0.15,1,879951,879524,427
62408741,46.8877,47.1176,427,33748,0.231463,0.15,1,880002,879575,427
62411661,32.5775,32.6235,427,33811,0.254585,0.01,1,880031,879604,427
62414581,68.9155,72.1247,423,33874,0.215834,0.07,1,880109,879686,423
62417501,32.1831,30.4249,426,33936,0.212334,0.05,1,880132,879706,426
62420421,22.4366,23.685,424,33998,0.210933,0.07,1,880152,879728,424
62423341,23.6873,24.737,423,34060,0.210373,0.05,1,880176,879753,423
62426261,58.3375,56.1474,426,34122,0.234149,0.11,1,880243,879817,426
62429181,13.2675,12.8295,426,34184,0.25566,0.15,1,880245,879819,426
62432101,57.8535,56.9659,427,34246,0.264264,0.15,1,880314,879887,427
62435021,41.9707,11.3932,465,34308,0.243706,0.19,1,880352,879887,465
62437941,31.5941,31.0786,458,34370,0.259482,0.23,1,880381,879923,458
62440861,47.9188,28.6157,482,34432,0.265793,0.25,1,880433,879951,482
62443781,33.5838,46.5231,461,34493,0.280317,0.27,1,880463,880002,461
62464221,57.8601,13.2675,501,34920,0.412191,0.27,1,880746,880245,501
62467141,41.972,57.8535,470,34981,0.422876,0.23,1,880784,880314,470
62534301,43.11,42.1576,453,36345,0.758912,0.63,2,881679,881226,453
62537221,10.222,10.0315,453,36403,0.765565,0.71,2,881681,881228,453
62540141,30.0444,28.4063,455,36461,0.792226,0.73,2,881716,881261,455
62543061,50.8089,49.6813,456,36519,0.81489,0.71,2,881772,881316,456
62545981,34.1618,34.7363,455,36577,0.865956,0.67,2,881802,881347,455
62548901,69.2324,69.3473,455,36635,0.868382,0.73,2,881880,881425,455
62956241,82.8714,75.9778,479,20031,0.0484,0.01,1,887118,886639,479
62959161,65.3743,83.9956,454,20137,0.03736,0.03,1,887179,886725,454
62962081,65.8749,59.9991,466,20242,0.014944,0.05,1,887245,886779,466
62965001,30.775,50.3998,440,20347,0.0479776,0,1,887267,886827,440
62967921,83.755,35.68,505,20451,0.073191,0.05,1,887364,886859,505
62973761,78.2302,94.7072,498,20658,0.0609106,0.01,1,887540,887042,498
62976681,66.046,79.7414,485,20761,0.0423642,0.03,1,887603,887118,485
62979601,65.2092,64.7483,489,20863,0.0349457,0,1,887668,887179,489
62982521,31.4418,65.7497,446,20965,0.0319783,0.07,1,887691,887245,446
62985441,7.88837,30.7499,426,21066,0.0307913,0.09,1,887693,887267,426
62988361,78.3777,83.75,425,21167,0.0543165,0.13,1,887789,887364,425
62997121,66.195,66.046,423,21466,0.0953963,0.03,1,888026,887603,423
63000041,65.239,65.2092,423,21565,0.0681585,0.03,1,888091,887668,423
63002961,31.4478,31.4418,423,21663,0.0452634,0.03,1,888114,887691,423
63005881,7.88956,7.88837,423,21761,0.0361054,0.07,1,888116,887693,423
63008801,79.9779,78.3777,425,21858,0.0444421,0.17,1,888214,887789,425
63011721,101.596,98.8755,428,21955,0.0717769,0.19,1,888321,887893,428
63014641,76.3191,74.9751,429,22052,0.0587107,0.05,1,888391,887962,429
63017561,60.8638,66.195,422,22148,0.0414843,0.05,1,888448,888026,422
63020481,64.9728,65.239,423,22244,0.0225937,0.03,1,888514,888091,423
63023401,31.3946,31.4478,423,22339,0.0510375,0.03,1,888537,888114,423
63026321,7.87891,7.88956,423,22434,0.038415,0.05,1,888539,888116,423
63046761,8.18468,31.3741,425,23088,0.0912188,0.03,1,888962,888537,425
63055521,76.8655,101.115,501,23362,0.251838,0.21,1,889246,888745,501
63073041,108.156,85.6369,541,23901,0.405988,0.19,1,889608,889067,541
63075961,23.2312,104.327,434,23990,0.408395,0.31,1,889610,889176,434
63119761,110.255,108.965,453,25282,0.762775,0.67,2,890504,890051,453
63122681,23.651,23.3929,453,25366,0.79111,0.65,2,890506,890053,453
63125601,64.7302,65.4786,452,25450,0.838444,0.65,2,890581,890129,452
63128521,55.346,13.0957,505,25533,0.833378,0.69,2,890634,890129,505
63131441,64.6692,44.2191,520,25616,0.843351,0.65,2,890701,890181,520
63134361,33.7338,63.2438,478,25699,0.87134,0.63,2,890727,890249,478
63137281,8.34677,33.4488,454,25781,0.882536,0.63,2,890729,890275,454
63140201,95.2694,8.28975,569,25863,0.863014,0.73,2,890846,890277,569
63143121,112.654,91.2579,574,25945,0.891206,0.81,2,890963,890389,574
63230721,68.1777,69.3855,487,28290,0.885785,1,2,892608,892121,487
63233641,43.2355,37.0771,495,28365,0.828314,1,2,892645,892150,495
63236561,37.4471,7.41542,531,28440,0.769326,1,2,892681,892150,531
63248241,48.3159,106.994,515,28736,0.217119,1,1,892905,892390,515
63254081,53.7726,52.4398,534,28883,0.083939,1,1,893005,892471,534
63257001,64.3545,64.888,533,28956,0.0995756,0.81,1,893072,892539,533
63259921,37.6709,68.1776,495,29029,0.0938302,0.79,1,893103,892608,495
63271601,89.8203,39.8979,543,29320,0.209042,0.17,1,893296,892753,543
63274521,43.5641,101.58,458,29392,0.221617,0.15,1,893328,892870,458
63277441,45.5128,48.3159,469,29464,0.250647,0.03,1,893374,892905,469
63292041,23.8149,35.5342,450,29821,0.200317,0.13,1,893588,893138,450
63294961,6.36298,25.5068,429,29892,0.206127,0.21,1,893590,893161,429
63297881,29.2726,29.1014,434,29963,0.232451,0.23,1,893625,893191,434
63300801,90.6545,89.8203,435,30034,0.24298,0.23,1,893731,893296,435
63303721,44.5309,43.5641,436,30104,0.271192,0.27,1,893764,893328,436
63312481,66.3722,64.8605,431,30314,0.409276,0.19,1,893931,893500,431
63315401,35.6744,35.3721,431,30384,0.421711,0.19,1,893959,893528,431
63318321,39.1349,39.0744,431,30454,0.414684,0.21,1,893999,893568,431
63321241,24.627,23.8149,432,30523,0.423874,0.21,1,894020,893588,432
63324161,6.5254,6.36298,432,30592,0.427549,0.25,1,894022,893590,432
63327081,29.3051,29.2726,432,30661,0.42902,0.25,1,894057,893625,432
63330001,92.261,90.6545,434,30730,0.417608,0.29,1,894165,893731,434
63338761,53.8581,51.8612,440,30937,0.423927,0.43,1,894301,893861,440
63376721,42.1153,35.9143,490,31815,0.763396,0.61,2,894890,894400,490
63379641,24.4231,39.9828,469,31881,0.779358,0.57,2,894910,894441,469
63382561,6.48461,23.9966,451,31947,0.785743,0.61,2,894912,894461,451
63385481,28.4969,6.39931,483,32013,0.812297,0.57,2,894946,894463,483
63388401,93.6994,28.4799,559,32079,0.846919,0.63,2,895056,894497,559
63537321,39.0401,36.5493,511,35284,0.89872,1,2,897280,896769,511
63540241,35.008,32.9099,513,35344,0.845488,1,2,897314,896801,513
63543161,36.6016,32.982,517,35404,0.752195,1,2,897351,896834,517
63549001,40.5041,74.2793,501,35524,0.416751,1,1,897451,896950,501
63551921,37.7008,38.0559,509,35584,0.2567,1,1,897488,896979,509
63563601,62.5435,72.0161,477,35820,0.0533235,0.97,1,897647,897170,477
63566521,37.3087,40.0032,476,35879,0.0273294,0.99,1,897678,897202,476
63569441,32.2617,39.2006,468,35938,0.0409318,0.84,1,897709,897241,468
63572361,34.4523,39.0401,464,35997,0.0463727,0.81,1,897744,897280,464
63575281,31.6905,35.008,461,36056,0.0845491,0.69,1,897775,897314,461
63578201,31.1381,36.6016,455,36115,0.0518196,0.41,1,897806,897351,455
63581121,43.8276,58.5203,438,36174,0.0747279,0.33,1,897853,897415,438
63584041,34.3655,40.5041,434,36232,0.0358911,0.15,1,897885,897451,434
63586961,33.2731,37.7008,430,36290,0.0563565,0.13,1,897918,897488,430
63589881,33.8546,33.9402,431,36348,0.0225426,0.11,1,897952,897521,431
63592801,21.9709,27.588,424,36406,0.051017,0.13,1,897971,897547,424
63595721,25.9942,28.7176,422,36464,0.0744068,0,1,897998,897576,422
63598641,62.7988,62.5435,423,36522,0.0297627,0.01,1,898070,897647,423
63601561,36.5598,37.3087,422,36580,0.0179051,0.05,1,898100,897678,422
63604481,32.112,32.2617,422,36638,0.037162,0.05,1,898131,897709,422
63607401,34.4224,34.4523,422,36696,0.0328648,0.11,1,898166,897744,422
63610321,34.0845,31.6905,425,36754,0.0191459,0.03,1,898200,897775,425
63613241,29.2169,31.1381,422,36811,0.0376584,0.09,1,898228,897806,422
63616161,44.2434,43.8276,423,36868,0.0810633,0.01,1,898276,897853,423
63619081,33.6487,34.3655,422,36925,0.0864253,0.07,1,898307,897885,422
63622001,33.9297,33.2731,423,36982,0.0645701,0,1,898341,897918,423
63624921,33.9859,33.8546,423,37039,0.0678281,0.07,1,898375,897952,423
63633681,61.7119,5.19884,493,37210,0.091461,0,1,898491,897998,493
63636601,36.3424,58.6398,451,37267,0.0665844,0.01,1,898521,898070,451
63639521,33.6685,35.728,454,37324,0.0446338,0.05,1,898554,898100,454
63642441,33.1337,31.9456,456,37381,0.0178535,0.03,1,898587,898131,456
63645361,34.6267,34.3891,456,37438,0.0131414,0.01,1,898622,898166,456
63648281,30.9253,34.0778,452,37494,0.0112566,0.05,1,898652,898200,452
63651201,46.1851,29.2156,474,37550,0.0585026,0.11,1,898702,898228,474
63668721,57.308,24.5594,494,37886,0.205182,0.05,1,898914,898420,494
63671641,33.8616,61.7119,451,37942,0.232073,0.05,1,898942,898491,451
63674561,33.9723,36.3424,455,37998,0.206829,0.03,1,898976,898521,455
63689161,34.3891,46.1851,456,38275,0.0733787,0.13,1,899158,898702,456
63692081,34.0778,31.637,462,38330,0.0953515,0.15,1,899192,898730,462
63721281,30.6057,31.7278,426,38878,0.217224,0.11,1,899501,899075,426
63724201,48.5211,47.9456,427,38932,0.23689,0.05,1,899554,899127,427
63727121,33.7042,34.3891,426,38986,0.220756,0.11,1,899584,899158,426
63730041,34.7408,34.0778,427,39040,0.238302,0.15,1,899619,899192,427
63732961,36.5482,36.4156,427,39094,0.245321,0.13,1,899656,899229,427
63735881,23.3096,24.0831,426,39148,0.260128,0.09,1,899676,899250,426
63738801,28.6619,28.8166,426,39202,0.254051,0.13,1,899706,899280,426
63741721,60.1324,58.5633,428,39256,0.287621,0.13,1,899774,899346,428
63747561,8.6453,8.58253,428,39364,0.299219,0.19,1,899805,899377,428
63756321,34.6612,33.0287,431,39526,0.41395,0.23,1,899902,899471,431
63759241,30.9322,30.6057,431,39579,0.42358,0.25,1,899932,899501,431
63762161,49.3864,48.5211,432,39632,0.427432,0.21,1,899986,899554,432
63765081,33.8773,33.7042,432,39685,0.440973,0.25,1,900016,899584,432
63768001,34.7755,34.7408,432,39738,0.434389,0.25,1,900051,899619,432
63770921,37.3551,36.5482,433,39791,0.431756,0.27,1,900089,899656,433
63773841,24.271,23.3096,434,39844,0.442702,0.25,1,900110,899676,434
63776761,28.8542,28.6619,434,39897,0.435081,0.31,1,900140,899706,434
63817641,65.9002,28.8542,517,40632,0.759706,0.49,2,900657,900140,517
63820561,37.18,62.5708,476,40684,0.789882,0.53,2,900687,900211,476
63823481,9.03601,35.7142,449,40736,0.801953,0.53,2,900689,900240,449
63826401,30.6072,8.74283,483,40788,0.830781,0.59,2,900725,900242,483
63829321,31.7214,28.1486,482,40840,0.842312,0.61,2,900757,900275,482
63832241,35.9443,30.4297,488,40892,0.846925,0.63,2,900794,900306,488
63835161,31.1889,34.8859,482,40944,0.86077,0.63,2,900824,900342,482
63838081,49.4378,30.9772,506,40996,0.866308,0.61,2,900878,900372,506
63841001,33.8876,50.1954,481,41047,0.868523,0.61,2,900908,900427,481
63843921,36.3775,34.0391,488,41098,0.881409,0.63,2,900945,900457,488
63846841,38.4755,35.6078,491,41149,0.886564,0.65,2,900984,900493,491
63849761,23.6951,37.5216,473,41200,0.888626,0.65,2,901004,900531,473
63852681,31.939,23.5043,487,41251,0.88945,0.71,2,901038,900551,487
64030801,29.3506,29.1244,510,44264,0.879453,1,2,903126,902616,510
64033721,33.8701,28.2249,517,44312,0.813781,1,2,903161,902644,517
64077521,32.8141,33.8701,455,45020,0.404291,0.69,1,903616,903161,455
64080441,31.3628,33.174,453,45067,0.407716,0.63,1,903647,903194,453
64083361,20.6726,21.8348,452,45114,0.433087,0.63,1,903665,903213,452
64086281,25.7345,25.967,452,45161,0.443235,0.53,1,903692,903240,452
64165121,32.2434,24.6399,482,46407,0.75364,0.57,2,904503,904021,482
64168041,34.4487,32.928,482,46452,0.787456,0.53,2,904538,904056,482
64170961,23.6897,33.7856,469,46497,0.800982,0.59,2,904559,904090,469
64173881,27.9379,21.1571,480,46542,0.842393,0.63,2,904588,904108,480
64176801,31.9876,27.4314,484,46587,0.858957,0.63,2,904621,904137,484
64179721,31.1975,31.0863,483,46632,0.877583,0.65,2,904652,904169,483
64182641,20.6395,30.2173,471,46677,0.897033,0.65,2,904670,904199,471
64352001,442.507,476.948,480,21900,0.835542,0.99,2,906729,906249,480
64387041,265.301,279.39,471,21900,0.760217,0.91,2,906950,906479,471
64398721,21.2757,32.1078,466,23003,0.754966,0.73,2,907160,906694,466
64401641,74.6551,34.4216,519,23095,0.763986,0.63,2,907248,906729,519
64404561,70.931,85.2843,491,23187,0.779594,0.73,2,907318,906827,491
64407481,50.9862,74.6569,465,23278,0.785838,0.71,2,907364,906899,465
64410401,100.597,55.7314,527,23369,0.824335,0.71,2,907477,906950,527
64413321,74.5194,69.5463,522,23460,0.863734,0.69,2,907545,907023,522
64416241,64.5039,67.5093,517,23550,0.891494,0.75,2,907607,907090,517
64530121,34.9785,92.0546,504,26836,0.89815,1,2,909893,909389,504
64533041,86.1957,44.8109,570,26915,0.84526,0.95,2,909992,909422,570
64535961,30.0391,88.1622,487,26994,0.812104,1,2,910008,909521,487
64544721,38.7363,41.5693,477,27228,0.765495,0.89,2,910139,909662,477
64547641,73.3473,80.3139,469,27306,0.792198,1,2,910221,909752,469
64550561,35.4695,38.4628,467,27384,0.814879,0.87,2,910247,909780,467
64553481,75.8939,78.8926,464,27461,0.847952,0.89,2,910333,909869,464
64556401,32.7788,34.9785,462,27538,0.837181,0.81,2,910355,909893,462
64559321,82.5558,86.1957,458,27615,0.856872,0.79,2,910450,909992,458
64562241,30.9112,30.0391,460,27692,0.876749,0.67,2,910468,910008,460
64673201,31.5887,30.4546,503,30461,0.8764,1,2,912412,911909,503
64676121,42.3177,58.0909,483,30530,0.80056,1,2,912457,911974,483
64690721,39.5399,58.9664,474,30875,0.0583193,1,1,912689,912215,474
64693641,46.308,40.5933,486,30944,0.0653277,1,1,912737,912251,486
64696561,78.0616,85.7187,475,31012,0.0261311,0.91,1,912823,912348,475
64699481,38.8123,45.9437,468,31080,0.0524524,0.83,1,912852,912384,468
64702401,24.5625,31.5887,461,31148,0.026981,0.75,1,912873,912412,461
64705321,32.9125,42.3177,451,31216,0.0287924,0.71,1,912908,912457,451
64708241,25.7825,28.4635,450,31284,0.017517,0.71,1,912932,912482,450
64711161,32.3565,5.69271,484,31352,0.0250068,0.49,1,912966,912482,484
64714081,60.0713,33.9385,510,31419,0.0280027,0.15,1,913033,912523,510
64717001,45.6143,75.5877,466,31486,0.0172011,0,1,913075,912609,466
64719921,37.9229,49.5175,459,31553,0.00688043,0.01,1,913111,912652,459
64722841,46.7846,39.5035,471,31620,0.0327522,0.07,1,913160,912689,471
64725761,76.5569,46.3007,507,31687,0.0431009,0,1,913244,912737,507
64728681,39.3114,78.0601,451,31754,0.0592404,0.07,1,913274,912823,451
64731601,23.8623,38.812,442,31821,0.0536961,0.01,1,913294,912852,442
64734521,32.7725,24.5624,456,31887,0.0394785,0.03,1,913329,912873,456
64737441,25.7545,32.9125,445,31953,0.0577914,0.01,1,913353,912908,445
64740361,33.1509,25.7825,456,32019,0.0651166,0.03,1,913388,912932,456
64743281,60.2302,32.3565,489,32085,0.0920466,0.03,1,913455,912966,489
64746201,45.646,60.0713,464,32151,0.0668186,0.01,1,913497,913033,464
64749121,38.7292,45.6143,459,32217,0.0447275,0,1,913534,913075,459
64752041,48.5458,37.9229,474,32283,0.047891,0.05,1,913585,913111,474
64754961,75.3092,46.7846,507,32349,0.0611564,0.05,1,913667,913160,507
64757881,40.6618,76.5569,455,32414,0.0784626,0.07,1,913699,913244,455
64781241,37.189,38.7292,424,32932,0.0815922,0.05,1,913958,913534,424
64784161,48.2378,48.5458,424,32996,0.0386369,0.07,1,914009,913585,424
64787081,76.0476,75.3092,425,33060,0.0214548,0.09,1,914092,913667,425
64790001,43.2095,40.6618,428,33124,0.0385819,0.13,1,914127,913699,428
64792921,21.4419,20.9324,428,33188,0.0454328,0.17,1,914143,913715,428
64795841,36.2884,34.5865,430,33252,0.0361731,0.15,1,914183,913753,430
64798761,23.2577,23.7173,429,33316,0.0324692,0.11,1,914203,913774,429
64801681,34.2515,35.1435,428,33379,0.0429877,0.11,1,914240,913812,428
64804601,60.4503,60.6287,428,33442,0.0471951,0.11,1,914307,913879,428
64807521,13.6901,13.7257,428,33505,0.048878,0.19,1,914309,913881,428
64810441,34.738,33.9451,429,33568,0.0735512,0.03,1,914349,913920,429
64813361,31.7476,37.189,422,33631,0.0954205,0.01,1,914380,913958,422
64816281,47.1495,48.2378,422,33694,0.0561682,0.01,1,914431,914009,422
64819201,75.8299,76.0476,422,33757,0.0404673,0.05,1,914514,914092,422
64822121,44.766,43.2095,424,33820,0.0341869,0.05,1,914551,914127,424
64825041,21.7532,21.4419,424,33883,0.0556748,0.03,1,914567,914143,424
64827961,35.5506,36.2884,423,33945,0.0642699,0.03,1,914606,914183,423
64830881,23.1101,23.2577,423,34007,0.067708,0.05,1,914626,914203,423
64833801,33.422,34.2515,422,34069,0.0690832,0.05,1,914662,914240,422
64836721,61.8844,60.4503,424,34131,0.0936333,0.05,1,914731,914307,424
64854241,44.1645,75.6076,459,34502,0.202688,0.03,1,914973,914514,459
64857161,21.6329,44.7215,438,34563,0.207075,0.07,1,914989,914551,438
64860081,35.5266,21.7443,461,34624,0.22083,0.07,1,915028,914567,461
64863001,23.1053,35.5489,442,34685,0.250332,0.07,1,915048,914606,442
64865921,33.4211,23.1098,458,34746,0.274133,0.07,1,915084,914626,458
64880521,45.2664,32.5591,475,35050,0.416538,0.19,1,915280,914805,475
64956441,45.0631,45.9253,457,36585,0.75885,0.71,2,916309,915852,457
64959361,21.8126,21.9851,457,36643,0.78954,0.69,2,916325,915868,457
64962281,36.3625,37.197,456,36701,0.813816,0.73,2,916365,915909,456
64965201,26.4725,26.6394,456,36759,0.811526,0.69,2,916389,915933,456
64968121,37.2945,35.7279,458,36816,0.846611,0.75,2,916429,915971,458
64971041,67.4589,67.9456,457,36873,0.836644,0.75,2,916504,916047,457
64973961,15.0918,15.1891,457,36930,0.832658,0.73,2,916506,916049,457
64976881,37.4184,38.2378,456,36987,0.855063,0.73,2,916549,916093,456
64979801,36.2837,36.4476,456,37044,0.876025,0.73,2,916585,916129,456
64982721,8.85673,8.88951,456,37101,0.88441,0.73,2,916587,916131,456
65105361,32.8265,27.9094,495,39423,0.81688,1,2,918253,917758,495
65122881,38.6916,31.2891,494,39742,0.081584,1,1,918464,917970,494
65125801,32.5383,34.2578,490,39795,0.0626336,1,1,918495,918005,490
65128721,28.9077,30.8516,488,39848,0.0550534,1,1,918523,918035,488
65131641,28.9815,24.5703,494,39901,0.0640214,1,1,918552,918058,494
65134561,68.1963,83.3141,474,39954,0.0436085,0.93,1,918630,918156,474
65137481,36.8393,44.6628,468,40007,0.0174434,0.89,1,918659,918191,468
65140401,25.7679,32.1326,462,40060,0.0369774,0.89,1,918682,918220,462
65143321,27.5536,6.42651,490,40113,0.0207909,0.75,1,918710,918220,490
65146241,22.3107,27.6853,478,40166,0.00831638,0.67,1,918731,918253,478
65149161,20.4621,26.3371,472,40219,0.00932655,0.61,1,918751,918279,472
65152081,22.4924,26.0674,469,40271,0.0337306,0.43,1,918774,918305,469
65155001,47.6985,28.4135,494,40323,0.0314922,0.19,1,918828,918334,494
65157921,23.9397,59.2827,445,40375,0.0545969,0.05,1,918846,918401,445
65160841,35.9879,29.4565,462,40427,0.0398388,0.03,1,918885,918423,462
65163761,33.5976,38.6913,454,40479,0.0219355,0.05,1,918918,918464,454
65166681,27.5195,32.5383,449,40531,0.0507742,0.05,1,918944,918495,449
65169601,28.7039,28.9077,450,40583,0.0623097,0.07,1,918973,918523,450
65172521,68.1408,28.9815,499,40635,0.0429239,0.03,1,919051,918552,499
65175441,36.8282,68.1963,450,40687,0.0231695,0,1,919080,918630,450
65178361,25.7656,36.8393,444,40739,0.0152678,0.05,1,919103,918659,444
65181281,27.5531,25.7679,449,40791,0.0121071,0.01,1,919131,918682,449
65184201,22.3106,27.5536,442,40843,0.0108429,0,1,919152,918710,442
65187121,20.4621,22.3107,441,40895,0.0223371,0.01,1,919172,918731,441
65190041,24.0924,20.4621,446,40947,0.0269349,0.05,1,919197,918751,446
65192961,48.0185,22.4924,477,40999,0.0767739,0.03,1,919251,918774,477
65195881,24.8037,47.6985,442,41050,0.0847096,0.07,1,919270,918828,442
65198801,33.7607,23.9397,460,41101,0.0638838,0.03,1,919306,918846,460
65201721,33.1521,35.9879,454,41152,0.0315535,0.01,1,919339,918885,454
65204641,29.0304,33.5976,449,41203,0.0306214,0.07,1,919367,918918,449
65207561,28.2061,27.5195,451,41254,0.0182486,0.07,1,919395,918944,451
65210481,67.2412,28.7039,499,41305,0.0372994,0.03,1,919472,918973,499
65213401,37.4482,68.1408,451,41356,0.0209198,0.01,1,919502,919051,451
65216321,26.6896,36.8282,446,41407,0.0263679,0.01,1,919526,919080,446
65219241,26.1379,25.7656,449,41458,0.0285472,0.01,1,919552,919103,449
65222161,23.6276,27.5531,444,41509,0.0294189,0.01,1,919575,919131,444
65225081,6.32552,22.3106,425,41560,0.0297675,0.03,1,919577,919152,425
65228001,14.8651,20.4621,422,41611,0.041907,0.03,1,919594,919172,422
65230921,23.773,24.0924,423,41662,0.0227628,0.11,1,919620,919197,423
65233841,51.1546,48.0185,427,41713,0.0391051,0.09,1,919678,919251,427
65236761,24.6309,24.8037,426,41764,0.021642,0.05,1,919696,919270,426
65239681,32.1262,33.7607,424,41815,0.0386568,0.01,1,919730,919306,424
65242601,32.0252,33.1521,423,41865,0.0334627,0.03,1,919762,919339,423
65245521,31.205,29.0304,426,41915,0.0433851,0.01,1,919793,919367,426
65248441,27.041,28.2061,424,41965,0.035354,0.05,1,919819,919395,424
65251361,65.4082,67.2412,422,42015,0.0201416,0.01,1,919894,919472,422
65254281,37.8816,37.4482,423,42065,0.0140566,0.03,1,919925,919502,423
65257201,27.5763,26.6896,424,42115,0.0236227,0.03,1,919950,919526,424
65260121,25.5153,26.1379,423,42165,0.0154491,0.03,1,919975,919552,423
65263041,23.5031,23.6276,423,42215,0.0361796,0.03,1,919998,919575,423
65265961,6.30061,6.32552,423,42265,0.0444718,0.05,1,920000,919577,423
65268881,14.0601,14.8651,422,42315,0.0477887,0.01,1,920016,919594,422
65271801,24.412,23.773,423,42365,0.0491155,0.05,1,920043,919620,423
65274721,50.4824,51.1546,422,42415,0.0976462,0.01,1,920100,919678,422
65283481,32.8199,32.0252,423,42565,0.0492094,0.05,1,920185,919762,423
65286401,30.564,31.205,422,42615,0.0496837,0.03,1,920215,919793,422
65289321,26.9128,27.041,422,42665,0.0378735,0.01,1,920241,919819,422
65292241,65.3826,65.4082,422,42714,0.0211494,0.01,1,920316,919894,422
65295161,38.6765,37.8816,423,42763,0.0504598,0.03,1,920348,919925,423
65298081,26.9353,27.5763,422,42812,0.0381839,0.01,1,920372,919950,422
65301001,25.3871,25.5153,422,42861,0.0152736,0.05,1,920397,919975,422
65303921,23.4774,23.5031,422,42910,0.0361094,0.05,1,920420,919998,422
65306841,6.29548,6.30061,422,42959,0.0444438,0.05,1,920422,920000,422
65309761,14.0591,14.0601,422,43008,0.0477775,0.05,1,920438,920016,422
65312681,25.2118,2.81202,450,43057,0.037111,0.05,1,920466,920016,450
65315601,53.0424,22.1624,483,43106,0.0208444,0.13,1,920526,920043,483
65318521,25.0085,50.0325,444,43155,0.0623378,0.11,1,920544,920100,444
65321441,29.8017,24.4065,457,43204,0.0909351,0.11,1,920575,920118,457
65327281,30.9521,32.8163,452,43302,0.0709496,0.05,1,920637,920185,452
65330201,26.1904,30.5633,447,43351,0.0823798,0.03,1,920662,920215,447
65333121,65.2381,26.9127,496,43400,0.0509519,0.01,1,920737,920241,496
65336041,38.6476,65.3825,453,43449,0.0383808,0.07,1,920769,920316,453
65338961,26.9295,38.6765,445,43498,0.0213523,0.03,1,920793,920348,445
65341881,25.3859,26.9353,446,43547,0.0385409,0,1,920818,920372,446
65344801,23.4772,25.3871,444,43595,0.0334164,0.05,1,920841,920397,444
65347721,6.29544,23.4774,423,43643,0.0313665,0.05,1,920843,920420,423
65350641,14.0591,6.29548,437,43691,0.0425466,0.05,1,920859,920422,437
65353561,26.0118,14.0591,450,43739,0.0350186,0.03,1,920888,920438,450
65356481,54.8024,25.2118,484,43787,0.0200075,0.01,1,920950,920466,484
65359401,26.1605,53.0424,443,43835,0.026003,0.09,1,920969,920526,443
65362321,31.6321,25.0085,458,43883,0.0644012,0.11,1,921002,920544,458
65365241,27.1264,29.8017,453,43931,0.0557605,0.11,1,921028,920575,453
65368161,31.0253,30.7603,454,43979,0.0643042,0.05,1,921060,920606,454
65371081,26.2051,30.9521,448,44027,0.0797217,0.09,1,921085,920637,448
65374001,64.441,26.1904,497,44075,0.0978887,0.03,1,921159,920662,497
65376921,39.2882,65.2381,455,44123,0.0931555,0.03,1,921192,920737,455
65385681,23.9943,25.3859,446,44267,0.096922,0.03,1,921264,920818,446
65388601,6.39886,23.4772,425,44315,0.0927688,0.03,1,921266,920841,425
65397361,54.8992,26.0118,484,44458,0.0719372,0.01,1,921372,920888,484
65400281,12.5798,54.8024,424,44505,0.0827749,0.03,1,921374,920950,424
65403201,17.716,26.1605,424,44552,0.07511,0.09,1,921393,920969,424
65406121,29.9432,31.6321,424,44599,0.072044,0.05,1,921426,921002,424
65409041,26.7886,27.1264,424,44646,0.0708176,0.07,1,921452,921028,424
65411961,31.7577,31.0253,425,44693,0.070327,0.09,1,921485,921060,425
65414881,27.9515,26.2051,427,44740,0.0941308,0.11,1,921512,921085,427
65417801,64.7903,64.441,427,44787,0.0676523,0.09,1,921586,921159,427
65420721,39.3581,39.2882,427,44834,0.0690609,0.11,1,921619,921192,427
65423641,27.8716,27.8576,427,44881,0.0336244,0.11,1,921644,921217,427
65426561,23.9743,23.9715,427,44928,0.0194497,0.09,1,921667,921240,427
65429481,25.5949,23.9943,429,44975,0.0257799,0.09,1,921693,921264,429
65432401,6.71897,6.39886,429,45022,0.028312,0.15,1,921695,921266,429
65435321,11.7438,12.4798,428,45069,0.0293248,0.09,1,921708,921280,428
65438241,24.7488,26.496,426,45116,0.0417299,0.05,1,921736,921310,426
65441161,52.9498,54.8992,424,45163,0.082692,0.09,1,921796,921372,424
65444081,12.1899,12.5798,424,45210,0.0990768,0.07,1,921798,921374,424
65447001,19.238,17.716,426,45257,0.0936307,0.07,1,921819,921393,426
65458681,27.3076,27.9515,425,45444,0.205389,0.05,1,921937,921512,425
65464521,38.3723,39.3581,423,45536,0.228462,0.01,1,922042,921619,423
65467441,26.8745,27.8716,422,45582,0.241385,0.01,1,922066,921644,422
65470361,23.7749,23.9743,422,45628,0.258554,0.03,1,922089,921667,422
65473281,25.555,25.5949,422,45674,0.265422,0.03,1,922115,921693,422
65476201,6.711,6.71897,422,45720,0.268169,0.03,1,922117,921695,422
65479121,11.7422,11.7438,422,45766,0.269267,0.05,1,922130,921708,422
65482041,24.7484,24.7488,422,45812,0.245707,0.11,1,922158,921736,422
65484961,55.3497,52.9498,425,45858,0.296283,0.11,1,922221,921796,425
65487881,12.6699,12.1899,425,45904,0.292513,0.09,1,922223,921798,425
65508321,39.1857,63.8566,463,46226,0.408758,0.25,1,922473,922010,463
65511241,27.0371,38.3713,455,46272,0.433503,0.25,1,922497,922042,455
65575481,13.7202,57.0782,454,47264,0.761802,0.63,2,923110,922656,454
65578401,20.344,13.0156,474,47309,0.766721,0.61,2,923132,922658,474
65581321,31.2688,21.0031,485,47354,0.792688,0.61,2,923166,922681,485
65584241,7.85376,31.4006,453,47399,0.803075,0.69,2,923168,922715,453
65587161,23.9708,27.8801,454,47443,0.83123,0.65,2,923196,922742,454
65590081,34.3942,34.376,455,47487,0.854492,0.67,2,923233,922778,455
65593001,27.6788,27.6752,455,47531,0.839797,0.67,2,923259,922804,455
65595921,67.1358,67.135,455,47575,0.845919,0.69,2,923336,922881,455
65598841,42.2272,40.627,457,47619,0.860368,0.69,2,923372,922915,457
65601761,27.6454,28.1254,456,47663,0.854147,0.69,2,923396,922940,456
65604681,26.3291,26.4251,456,47707,0.863659,0.69,2,923422,922966,456
65607601,28.4658,27.685,457,47751,0.879463,0.69,2,923451,922994,457
65610521,7.29316,7.137,457,47795,0.885785,0.71,2,923453,922996,457
65613441,12.6586,11.0274,459,47839,0.864314,0.73,2,923467,923008,459
65616361,27.3317,27.0055,459,47883,0.843726,0.77,2,923498,923039,459
65619281,61.4663,60.6011,460,47927,0.82349,0.77,2,923568,923108,460
65622201,13.8933,13.7202,460,47971,0.815396,0.77,2,923570,923110,460
65625121,21.1787,20.344,461,48015,0.800158,0.81,2,923593,923132,461
65628041,32.2357,31.2688,462,48059,0.794063,0.81,2,923628,923166,462
65630961,8.04715,7.85376,462,48103,0.815625,0.85,2,923630,923168,462
65633881,25.6094,23.9708,464,48147,0.82425,0.87,2,923660,923196,464
65636801,33.9219,34.3942,463,48191,0.8637,0.83,2,923696,923233,463
65639721,27.5844,27.6788,463,48235,0.89148,0.85,2,923722,923259,463
65828061,143.174,156.6,501,23451,0.4396,1,1,925709,925208,501
65833901,70.687,77.304,507,23631,0.095536,0.99,1,925855,925348,507
65836821,63.7374,61.0608,512,23721,0.0382144,1,1,925917,925405,512
65839741,63.9475,73.0122,500,23810,0.0212858,0.79,1,925981,925481,500
65842661,52.7895,59.4024,494,23899,0.0145143,0.69,1,926031,925537,494
65845581,36.1579,57.4805,469,23988,0.00580572,0.59,1,926063,925594,469
65848501,25.6316,40.2961,456,24076,0.0443223,0.27,1,926086,925630,456
65851421,51.5263,71.2592,435,24164,0.0597289,0.03,1,926144,925709,435
65854341,64.7053,79.0518,422,24252,0.0238916,0.03,1,926212,925790,422
65857261,66.5411,67.8104,424,24339,0.0275566,0,1,926279,925855,424
65860181,63.7082,63.1621,425,24426,0.0530227,0.01,1,926342,925917,425
65863101,61.5416,63.8324,422,24513,0.0512091,0.01,1,926403,925981,422
65866021,53.1083,52.7665,423,24599,0.0624836,0,1,926454,926031,423
65868941,37.0217,36.1533,424,24685,0.0789934,0.07,1,926487,926063,424
65871861,26.6043,25.6307,425,24771,0.0855974,0.07,1,926511,926086,425
65880621,66.1968,66.541,422,25027,0.0796382,0.07,1,926701,926279,422
65883541,63.6394,63.7082,422,25112,0.0498553,0.05,1,926764,926342,422
65886461,61.5279,61.5416,422,25196,0.0619421,0.07,1,926825,926403,422
65889381,55.5056,53.1083,425,25280,0.0307768,0.09,1,926879,926454,425
65892301,38.3011,37.0217,426,25364,0.0423107,0.09,1,926913,926487,426
65895221,26.8602,26.6043,426,25448,0.0709243,0.09,1,926937,926511,426
65898141,54.172,5.32087,487,25531,0.0703697,0.21,1,926998,926511,487
65901061,57.2344,46.6642,488,25614,0.0941479,0.15,1,927056,926568,488
65903981,64.2469,62.1328,488,25697,0.0436592,0.03,1,927122,926634,488
65906901,63.2494,66.0266,484,25779,0.0174637,0.03,1,927185,926701,484
65909821,63.8499,63.6053,485,25861,0.0489855,0.07,1,927249,926764,485
65912741,53.57,61.5211,475,25943,0.0615942,0.01,1,927300,926825,475
65915661,39.514,55.5042,457,26025,0.0546377,0.05,1,927336,926879,457
65918581,27.1028,38.3008,447,26106,0.0518551,0.09,1,927360,926913,447
65921501,55.0206,26.8602,485,26187,0.050742,0.07,1,927422,926937,485
65924421,59.0041,54.172,484,26268,0.0622968,0.11,1,927482,926998,484
65927341,60.6008,57.2344,487,26349,0.0549187,0.01,1,927543,927056,487
65930261,62.5202,64.2469,484,26429,0.0219675,0,1,927606,927122,484
65933181,66.104,63.2494,488,26509,0.038787,0.07,1,927673,927185,488
65936101,54.0208,63.8499,475,26589,0.0455148,0.07,1,927724,927249,475
65939021,38.8042,53.57,459,26669,0.0362059,0.05,1,927759,927300,459
65941941,26.9608,39.514,447,26748,0.0444824,0.05,1,927783,927336,447
65944861,54.9922,27.1028,485,26827,0.0357929,0.05,1,927845,927360,485
65947781,59.7984,55.0206,484,26906,0.0683172,0.07,1,927906,927422,484
65950701,13.5597,59.0041,426,26985,0.0813269,0.05,1,927908,927482,426
65956541,59.5824,62.5202,423,27141,0.0718123,0.05,1,928029,927606,423
65959461,66.3165,66.104,424,27219,0.0587249,0.05,1,928097,927673,424
65962381,54.0633,54.0208,424,27297,0.06549,0.03,1,928148,927724,424
65965301,38.0127,38.8042,423,27375,0.092196,0.05,1,928182,927759,423
65968221,27.6025,26.9608,424,27452,0.0908784,0.03,1,928207,927783,424
65974061,62.8641,59.7984,427,27606,0.217341,0.09,1,928333,927906,427
65976981,14.1728,13.5597,427,27683,0.248936,0.17,1,928335,927908,427
65982821,54.9669,59.5824,422,27836,0.29783,0.05,1,928451,928029,422
65985741,66.1934,66.3165,423,27912,0.269132,0.07,1,928520,928097,423
65988661,54.8387,54.0633,424,27988,0.257653,0.11,1,928572,928148,424
65991581,38.9677,38.0127,425,28064,0.241061,0.09,1,928607,928182,425
65994501,29.3935,27.6025,427,28139,0.246424,0.17,1,928634,928207,427
65997421,56.2787,54.3205,429,28214,0.24857,0.27,1,928697,928268,429
66000341,68.0557,62.8641,435,28289,0.261428,0.27,1,928768,928333,435
66003261,15.2111,14.1728,435,28364,0.266571,0.27,1,928770,928335,435
66012021,65.4977,54.5134,502,28587,0.402261,0.25,1,928953,928451,502
66014941,53.0995,66.1027,483,28661,0.430904,0.25,1,929003,928520,483
66087941,58.2805,55.0557,452,30453,0.787633,0.61,2,930166,929714,452
66090861,55.6561,54.2111,453,30522,0.849053,0.61,2,930221,929768,453
66093781,12.7312,12.4422,453,30591,0.873621,0.67,2,930223,929770,453
66266061,69.1994,37.3595,568,34435,0.841459,1,2,932962,932394,568
66268981,52.2399,86.6719,517,34496,0.762584,1,2,933010,932493,517
66324461,33.0742,33.9819,483,35643,0.773618,0.59,2,933776,933293,483
66327381,8.21485,33.9964,451,35702,0.771447,0.63,2,933778,933327,451
66330301,18.443,23.5993,451,35761,0.818579,0.63,2,933799,933348,451
66333221,62.8886,62.3199,453,35820,0.813432,0.65,2,933873,933420,453
66336141,54.9777,52.464,456,35879,0.799373,0.65,2,933926,933470,456
66339061,28.5955,29.6928,454,35938,0.817749,0.65,2,933948,933494,454
66341981,52.9191,53.1386,454,35997,0.8611,0.69,2,934007,933553,454
66344901,38.5838,37.0277,456,36056,0.89044,0.67,2,934042,933586,456
66499661,32.4952,35.9248,483,39040,0.89488,1,2,936098,935615,483
66502581,37.699,34.385,488,39094,0.759952,1,2,936137,935649,488
66517181,39.1212,40.9761,486,39364,0.0813275,1,1,936327,935841,486
66520101,38.2242,32.9952,493,39418,0.038531,1,1,936365,935872,493
66523021,41.2448,39.399,494,39472,0.0454124,1,1,936407,935913,494
66525941,33.849,33.4798,494,39526,0.048165,1,1,936439,935945,494
66528861,19.5698,33.896,476,39579,0.049266,0.93,1,936455,935979,476
66531781,51.114,48.3792,483,39632,0.0377064,0.99,1,936514,936031,483
66534701,28.6228,38.4758,470,39685,0.0210826,0.84,1,936537,936067,470
66537621,23.3246,32.4952,461,39738,0.050433,0.67,1,936559,936098,461
66540541,30.2649,37.699,454,39791,0.0381732,0.61,1,936591,936137,454
66543461,24.453,30.7398,448,39844,0.0212693,0.39,1,936614,936166,448
66546381,27.2906,34.148,441,39897,0.0505077,0.25,1,936642,936201,441
66549301,26.2581,34.0296,433,39950,0.0382031,0.03,1,936668,936235,433
66552221,43.6516,51.6059,425,40003,0.0572812,0.03,1,936716,936291,425
66555141,35.9303,39.1212,423,40056,0.0289125,0.01,1,936750,936327,423
66558061,36.7861,38.2242,422,40109,0.077565,0.01,1,936787,936365,422
66560981,40.9572,7.64485,464,40162,0.037026,0.05,1,936829,936365,464
66563901,32.9914,35.129,453,40215,0.0688104,0.05,1,936860,936407,453
66566821,20.1983,32.6258,438,40268,0.0695242,0.05,1,936877,936439,438
66569741,50.4397,19.3252,480,40320,0.0458097,0.03,1,936935,936455,480
66572661,28.4879,51.065,444,40372,0.0723239,0.01,1,936958,936514,444
66575581,24.0976,28.613,444,40424,0.0349295,0.07,1,936981,936537,444
66578501,29.6195,23.3226,453,40476,0.0319718,0.03,1,937012,936559,453
66581421,24.3239,30.2645,444,40528,0.0307887,0.01,1,937035,936591,444
66584341,29.6648,24.4529,452,40580,0.0543155,0.07,1,937066,936614,452
66587261,24.333,27.2906,447,40632,0.0277262,0.03,1,937089,936642,447
66590181,43.2666,26.2581,469,40684,0.0170905,0.07,1,937137,936668,469
66593101,37.4533,43.6516,457,40736,0.0248362,0.01,1,937173,936716,457
66596021,36.2907,35.9303,459,40788,0.0279345,0.11,1,937209,936750,459
66598941,42.4581,36.7861,466,40840,0.0411738,0.01,1,937253,936787,466
66601861,34.0916,40.9572,456,40892,0.0584695,0.09,1,937285,936829,456
66607701,51.4437,20.1983,481,40996,0.0465551,0.03,1,937358,936877,481
66610621,30.2887,50.4397,448,41047,0.024622,0.09,1,937383,936935,448
66613541,22.8577,28.4879,446,41098,0.0278488,0.01,1,937404,936958,446
66616461,28.5715,24.0976,453,41149,0.0291395,0.03,1,937434,936981,453
66619381,24.1143,29.6195,445,41200,0.0416558,0.03,1,937457,937012,445
66622301,32.0229,24.3239,456,41251,0.0346623,0.07,1,937491,937035,456
66625221,21.6046,29.6648,444,41302,0.0198649,0.01,1,937510,937066,444
66628141,44.3209,24.333,471,41353,0.025946,0.01,1,937560,937089,471
66631061,36.8642,43.2666,458,41404,0.0523784,0.03,1,937595,937137,458
66633981,36.1728,37.4533,458,41455,0.0389514,0.03,1,937631,937173,458
66636901,43.2346,36.2907,467,41506,0.0335805,0.05,1,937676,937209,467
66639821,10.2469,42.4581,425,41557,0.0434322,0.07,1,937678,937253,425
66642741,29.2494,34.0916,427,41608,0.0593729,0.13,1,937712,937285,427
66645661,13.8499,17.2183,424,41659,0.0417492,0.01,1,937722,937298,424
66648581,49.97,51.4437,423,41710,0.0346997,0.01,1,937781,937358,423
66651501,30.794,30.2887,424,41761,0.0198799,0.03,1,937807,937383,424
66654421,22.1588,22.8577,423,41812,0.0499519,0.03,1,937827,937404,423
66657341,28.4318,28.5715,423,41862,0.0259808,0.05,1,937857,937434,423
66660261,24.8864,24.1143,424,41912,0.0403923,0.03,1,937881,937457,424
66663181,31.3773,32.0229,423,41962,0.0701569,0.01,1,937914,937491,423
66666101,21.4755,21.6046,423,42012,0.0700628,0.03,1,937933,937510,423
66669021,45.0951,44.3209,424,42062,0.0940251,0.07,1,937984,937560,424
66674861,36.0438,36.1728,423,42162,0.083444,0.03,1,938054,937631,423
66677781,44.0088,43.2346,424,42212,0.0513776,0.05,1,938100,937676,424
66680701,10.4018,10.2469,424,42262,0.020551,0.07,1,938102,937678,424
66683621,28.4803,29.2494,423,42312,0.0502204,0.03,1,938135,937712,423
66686541,13.6961,13.8499,423,42362,0.0380882,0.03,1,938145,937722,423
66689461,49.1392,49.97,422,42412,0.0332353,0.01,1,938203,937781,422
66692381,30.6278,30.794,422,42462,0.0192941,0.07,1,938229,937807,422
66695301,22.1256,22.1588,422,42512,0.0377176,0.01,1,938249,937827,422
66698221,28.4251,28.4318,422,42562,0.0570871,0.05,1,938279,937857,422
66701141,24.885,24.8864,422,42612,0.0288348,0.09,1,938303,937881,422
66704061,32.977,31.3773,424,42662,0.0535339,0.07,1,938338,937914,424
66706981,20.9954,21.4755,423,42711,0.0634136,0.11,1,938356,937933,423
66709901,48.1991,45.0951,427,42760,0.0913654,0.11,1,938411,937984,427
66718661,42.8496,44.0088,422,42907,0.0934474,0,1,938522,938100,422
66721581,10.1699,10.4018,422,42956,0.079379,0.07,1,938524,938102,422
66724501,29.234,28.4803,423,43005,0.0857516,0.07,1,938558,938135,423
66727421,13.8468,5.69607,433,43054,0.0643006,0.03,1,938568,938135,433
66730341,47.5694,9.13921,479,43103,0.0797203,0.03,1,938624,938145,479
66733261,30.3139,48.2278,447,43152,0.0978881,0.01,1,938650,938203,447
66736181,22.0628,30.4456,441,43201,0.0931552,0.05,1,938670,938229,441
66739101,28.4126,22.0891,451,43250,0.0912621,0.07,1,938700,938249,451
66742021,24.8825,28.4178,445,43299,0.0905048,0.01,1,938724,938279,445
66771221,49.1963,13.8468,481,43784,0.205556,0.09,1,939049,938568,481
66774141,29.8393,47.5694,450,43832,0.220222,0.11,1,939074,938624,450
66777061,22.7679,30.3139,445,43880,0.250089,0.09,1,939095,938650,445
66779981,28.5536,22.0628,455,43928,0.274036,0.09,1,939125,938670,455
66782901,24.9107,28.4126,449,43976,0.283614,0.09,1,939149,938700,449
66785821,34.5821,24.8825,462,44024,0.275446,0.11,1,939186,938724,462
66788741,22.1164,33.7765,445,44072,0.260178,0.11,1,939205,938760,445
66791661,50.8233,21.9553,484,44120,0.266071,0.11,1,939263,938779,484
66794581,36.5647,50.7911,459,44168,0.280429,0.13,1,939296,938837,459
66797501,35.3129,35.7582,462,44216,0.274171,0.13,1,939331,938869,462
66800421,41.4626,34.3516,471,44264,0.283669,0.17,1,939374,938903,471
66817941,21.5315,29.8393,433,44550,0.411045,0.27,1,939507,939074,433
66820861,22.7063,22.7679,435,44597,0.410418,0.29,1,939530,939095,435
66823781,29.3413,28.5536,436,44644,0.410167,0.29,1,939561,939125,436
66826701,25.0683,24.9107,436,44691,0.422067,0.27,1,939585,939149,436
66829621,33.8137,34.5821,435,44738,0.426827,0.25,1,939621,939186,435
66832541,21.1627,22.1164,434,44785,0.428731,0.27,1,939639,939205,434
66835461,51.4325,50.8233,435,44832,0.429492,0.29,1,939698,939263,435
66844221,43.0995,41.4626,438,44973,0.443408,0.33,1,939812,939374,438
66847141,10.2199,9.89252,438,45020,0.435363,0.35,1,939814,939376,438
66893861,31.6734,30.044,446,45764,0.772007,0.49,2,940295,939849,446
66896781,17.5347,17.2088,446,45810,0.758803,0.57,2,940309,939863,446
66899701,52.3069,50.6418,448,45856,0.801521,0.57,2,940370,939922,448
66902621,12.0614,11.7284,448,45902,0.818608,0.55,2,940372,939924,448
66905541,22.4123,21.5457,449,45948,0.801443,0.55,2,940397,939948,449
66908461,22.0825,4.30913,471,45994,0.794577,0.61,2,940419,939948,471
66911381,28.4165,18.4618,479,46040,0.791831,0.59,2,940449,939970,479
66914301,28.0833,28.4924,476,46086,0.802732,0.57,2,940477,940001,476
66917221,34.4167,25.6985,487,46132,0.831093,0.65,2,940513,940026,487
66920141,21.2833,33.9397,469,46178,0.854437,0.65,2,940531,940062,469
66923061,53.0567,21.1879,512,46224,0.875775,0.65,2,940592,940080,512
66925981,41.8113,51.4376,492,46270,0.88431,0.69,2,940631,940139,492
66928901,36.3623,39.8875,490,46316,0.887724,0.75,2,940666,940176,490
67144981,428.072,447.935,501,21900,0.442,0.91,1,942935,942434,501
67153741,54.4006,68.9595,487,22910,0.083248,0.53,1,943128,942641,487
67156661,71.6801,76.9919,484,23003,0.0632992,0.43,1,943204,942720,484
67159581,60.736,77.7984,464,23095,0.0793197,0.11,1,943262,942798,464
67162501,57.7472,80.3597,440,23187,0.0857279,0.09,1,943319,942879,440
67168341,63.9099,27.5344,485,23369,0.0461165,0.01,1,943420,942935,485
67171261,82.382,55.9069,509,23460,0.0244466,0.05,1,943507,942998,509
67174181,52.4764,79.9814,468,23550,0.0517786,0.07,1,943552,943084,468
67177101,70.4953,51.1963,499,23640,0.0387115,0.05,1,943627,943128,499
67180021,62.8991,71.0393,484,23730,0.0574846,0.09,1,943688,943204,484
67182941,57.3798,60.6079,482,23819,0.0889938,0.09,1,943744,943262,482
67188781,9.01519,35.5443,429,23997,0.099439,0.01,1,943778,943349,429
67194621,81.0006,82.3818,423,24173,0.0843102,0.07,1,943930,943507,423
67197541,53.8001,52.4764,425,24261,0.0997241,0.03,1,943977,943552,425
67209221,36.6493,37.076,426,24608,0.217737,0.09,1,944202,943776,426
67212141,8.92986,9.01519,426,24694,0.213095,0.11,1,944204,943778,426
67215061,50.586,53.003,423,24780,0.247238,0.07,1,944265,943842,423
67217981,80.5172,81.0006,423,24866,0.296895,0.11,1,944353,943930,423
67235501,9.20554,8.92986,432,25373,0.409825,0.27,1,944636,944204,432
67238421,51.4411,50.586,433,25457,0.42193,0.27,1,944698,944265,433
67288061,89.8283,51.477,549,26836,0.762721,0.67,2,945687,945138,549
67290981,57.9657,85.4954,505,26915,0.767088,0.67,2,945737,945232,505
67293901,13.1931,57.8991,456,26994,0.780835,0.69,2,945739,945283,456
67296821,61.8386,70.7798,456,27072,0.822334,0.67,2,945813,945357,456
67299741,66.7677,69.356,455,27150,0.826934,0.73,2,945881,945426,455
67302661,64.5535,62.6712,458,27228,0.864774,0.71,2,945945,945487,458
67434061,49.3304,46.5683,488,30530,0.859428,1,2,948222,947734,488
67436981,36.2661,39.7137,483,30599,0.841771,1,2,948255,947772,483
67439901,68.8532,69.5427,483,30668,0.834708,1,2,948332,947849,483
67442821,37.7706,41.1085,479,30737,0.819883,0.93,2,948362,947883,479
67445741,36.3541,36.2217,480,30806,0.753953,1,2,948398,947918,480
67486621,29.3665,43.617,476,31754,0.751862,0.59,2,949048,948572,476
67489541,38.6733,31.1234,489,31821,0.798745,0.63,2,949089,948600,489
67492461,49.3347,35.0247,505,31887,0.853498,0.71,2,949141,948636,505
67495381,36.2669,47.8049,487,31953,0.899399,0.65,2,949174,948687,487
67498301,64.0534,35.961,525,32019,0.89376,0.67,2,949245,948720,525
67501221,35.2107,63.9922,482,32085,0.891504,0.65,2,949273,948791,482
67641381,41.886,68.9984,509,35110,0.861701,1,2,951378,950869,509
67644301,34.7772,41.7997,507,35170,0.842681,1,2,951411,950904,507
67647221,36.5554,32.3599,514,35230,0.811072,1,2,951448,950934,514
67650141,48.1111,36.072,528,35290,0.762429,1,2,951499,950971,528
67653061,36.0222,55.2144,501,35350,0.754972,1,2,951532,951031,501
67691021,60.5475,64.8044,453,36120,0.75835,0.63,2,952057,951604,453
67693941,37.7095,39.3609,452,36179,0.81334,0.61,2,952089,951637,452
67696861,33.9419,34.2722,452,36237,0.835336,0.55,2,952122,951670,452
67699781,29.1884,31.6544,449,36295,0.844134,0.59,2,952150,951701,449
67702701,37.8377,35.1309,453,36353,0.859654,0.61,2,952190,951737,453
67705621,9.16753,8.62618,453,36411,0.865862,0.61,2,952192,951739,453
67708541,53.8335,54.5252,452,36469,0.892345,0.63,2,952257,951805,452
67877901,40.9705,41.9165,493,39689,0.861971,1,2,954518,954025,493
67880821,34.5941,35.5833,492,39742,0.794788,1,2,954551,954059,492
67904181,26.1271,31.0175,514,40166,0.431363,1,1,954813,954299,514
67910021,37.0451,49.0807,508,40271,0.423018,1,1,954890,954382,508
67912941,53.009,40.2161,527,40323,0.427207,0.95,1,954947,954420,527
67915861,37.0018,56.8432,499,40375,0.440883,0.79,1,954980,954481,499
67991781,52.4975,54.0401,450,41713,0.761026,0.59,2,955840,955390,450
67994701,37.6995,37.208,451,41764,0.79041,0.57,2,955874,955423,451
67997621,33.1399,33.8416,450,41815,0.814164,0.57,2,955906,955456,450
68000541,30.628,30.7683,450,41865,0.835666,0.59,2,955936,955486,450
68003461,31.7256,30.1537,452,41915,0.856266,0.63,2,955968,955516,452
68006381,36.7451,35.6307,453,41965,0.864507,0.61,2,956006,955553,453
68009301,29.749,30.3261,452,42015,0.879803,0.65,2,956034,955582,452
68012221,37.1498,34.8652,455,42065,0.897921,0.67,2,956073,955618,455
68280861,36.1469,35.0169,514,46454,0.826452,1,2,959124,958610,514
68321741,30.5317,31.6725,493,47084,0.752244,0.91,2,959547,959054,493
68324661,33.3063,32.7345,494,47129,0.762898,0.77,2,959581,959087,494
68327581,24.2613,36.1469,479,47174,0.767159,0.63,2,959603,959124,479
68333421,39.3705,34.2459,498,47264,0.795945,0.71,2,959683,959185,498
68336341,24.6741,40.4492,477,47309,0.852378,0.69,2,959704,959227,477
68339261,26.5348,24.8898,483,47354,0.874951,0.75,2,959731,959248,483
68342181,6.90696,24.978,460,47399,0.883981,0.69,2,959733,959273,460
68345101,26.9814,33.7956,456,47443,0.899592,0.71,2,959765,959309,456
68851721,76.4053,76.6551,486,27696,0.7636,1,2,966128,965642,486
68857561,64.8162,69.1462,479,27848,0.442576,1,1,966234,965755,479
68860481,48.1632,44.2292,485,27924,0.26703,1,1,966278,965793,485
68866321,55.8465,45.2892,494,28076,0.0691249,1,1,966415,965921,494
68869241,43.9693,42.6578,493,28151,0.0576499,1,1,966456,965963,493
68872161,28.7939,42.1316,476,28226,0.07706,0.99,1,966481,966005,476
68875081,32.1588,38.0263,472,28301,0.096824,0.61,1,966514,966042,472
68878001,56.8318,76.4053,449,28376,0.0687296,0.61,1,966577,966128,449
68892601,57.5452,79.1348,475,28747,0.0423486,0,1,966840,966365,475
68895521,42.709,55.827,464,28821,0.0469394,0.05,1,966879,966415,464
68898441,30.9418,43.9654,451,28894,0.0607758,0.09,1,966907,966456,451
68915961,69.4479,42.6307,505,29331,0.0677965,0.07,1,967212,966707,505
68918881,53.8896,71.7261,476,29403,0.0271186,0,1,967262,966786,476
68921801,41.1779,57.5452,460,29475,0.0528474,0.05,1,967300,966840,460
68924721,33.0356,42.709,452,29547,0.039139,0.07,1,967331,966879,452
68927641,36.2071,30.9418,461,29619,0.0156556,0.13,1,967368,966907,461
68930561,52.8414,32.5884,485,29690,0.0482622,0.13,1,967425,966940,485
68933481,41.7683,52.9177,466,29761,0.0733049,0.13,1,967464,966998,466
68936401,54.7537,40.9835,486,29832,0.083322,0.11,1,967522,967036,486
68939321,12.5507,56.1967,428,29903,0.0873288,0.13,1,967524,967096,428
68953921,32.6325,33.0356,424,30255,0.0733454,0,1,967755,967331,424
68956841,36.1265,36.2071,424,30325,0.0593382,0.07,1,967792,967368,424
68959761,53.6253,52.8414,425,30395,0.0897353,0.09,1,967850,967425,425
68971441,37.801,35.3101,430,30672,0.200969,0.15,1,967995,967565,430
68974361,62.7602,63.062,429,30741,0.254388,0.13,1,968064,967635,429
68977281,49.352,51.8124,426,30810,0.251755,0.09,1,968110,967684,426
68980201,41.0704,43.1625,424,30879,0.274702,0.05,1,968149,967725,424
68983121,32.2141,32.6325,424,30948,0.283881,0.05,1,968179,967755,424
68986041,36.0428,36.1265,424,31016,0.275552,0.11,1,968216,967792,424
69003561,64.8371,35.7202,502,31423,0.411911,0.29,1,968497,967995,502
69006481,50.5674,62.344,480,31490,0.422764,0.25,1,968544,968064,480
69067801,39.836,50.9541,453,32872,0.775719,0.61,2,969440,968987,453
69070721,39.9672,42.9908,452,32936,0.796287,0.61,2,969480,969028,452
69073641,32.7934,32.5982,453,33000,0.792515,0.63,2,969511,969058,453
69076561,35.3587,35.3196,453,33064,0.803006,0.63,2,969547,969094,453
69079481,60.6717,60.6639,453,33128,0.819202,0.67,2,969614,969161,453
69082401,46.5343,44.9328,455,33192,0.849681,0.71,2,969657,969202,455
69228401,48.8481,33.5462,500,36240,0.831453,1,2,971783,971283,500
69231321,39.3696,32.3092,505,36298,0.758581,1,2,971820,971315,505
69257601,47.1308,49.2027,468,36819,0.772638,0.93,2,972158,971690,468
69260521,41.4262,44.2405,465,36876,0.771055,0.77,2,972198,971733,465
69263441,41.0852,48.8481,456,36933,0.758422,0.71,2,972239,971783,456
69266361,37.017,39.3696,455,36990,0.753369,0.71,2,972275,971820,455
69269281,32.2034,33.4739,454,37047,0.763348,0.73,2,972306,971852,454
69272201,28.0407,27.4948,455,37104,0.767339,0.65,2,972333,971878,455
69275121,35.2081,34.299,456,37161,0.804936,0.65,2,972370,971914,456
69278041,34.2416,6.85979,490,37218,0.831974,0.63,2,972404,971914,490
69280961,29.2483,30.172,482,37275,0.85479,0.69,2,972432,971950,482
69283881,53.8497,27.6344,515,37332,0.875916,0.69,2,972492,971977,515
69453241,41.1032,32.7333,515,40482,0.876016,1,2,974679,974164,515
69456161,35.4206,40.1467,507,40534,0.836406,1,2,974713,974206,507
69459081,39.8841,37.6293,511,40586,0.808563,1,2,974754,974243,511
69470761,46.0542,36.6234,520,40794,0.447083,1,1,974908,974388,520
69476601,35.1222,32.8249,508,40898,0.240733,1,1,974964,974456,508
69502881,27.6757,36.7768,483,41359,0.203127,0.51,1,975273,974790,483
69505801,32.7351,35.3554,482,41410,0.231251,0.45,1,975307,974825,482
69508721,35.347,34.2711,484,41461,0.2665,0.41,1,975343,974859,484
69537921,35.8732,35.8915,429,41968,0.401779,0.17,1,975642,975213,429
69540841,37.5746,34.3783,433,42018,0.430712,0.23,1,975680,975247,433
69543761,28.3149,27.6757,433,42068,0.430285,0.25,1,975706,975273,433
69546681,33.663,32.7351,434,42118,0.418114,0.29,1,975741,975307,434
69558361,28.4251,29.1148,438,42318,0.401952,0.31,1,975834,975396,438
69561281,35.285,35.423,438,42368,0.430781,0.37,1,975871,975433,438
69564201,39.857,39.8846,438,42418,0.418312,0.35,1,975912,975474,438
69567121,32.7714,32.7769,438,42468,0.437325,0.41,1,975943,975505,438
69628441,33.7246,29.0975,480,43501,0.755264,0.55,2,976629,976149,480
69631361,35.5449,33.0195,482,43550,0.776105,0.55,2,976665,976183,482
69634281,23.109,35.4039,466,43598,0.784442,0.55,2,976685,976219,466
69637201,6.2218,23.0808,448,43646,0.787777,0.55,2,976687,976239,448
69640121,30.8444,6.21616,483,43694,0.801111,0.53,2,976724,976241,483
69643041,35.7689,29.2432,485,43742,0.818444,0.57,2,976761,976276,485
69645961,43.1538,34.6486,494,43790,0.849378,0.59,2,976806,976312,494
69648881,35.8308,40.5297,486,43838,0.873751,0.63,2,976840,976354,486
69862041,30.1892,33.0172,523,47221,0.866677,1,2,979202,978679,523
69864961,23.6378,33.0034,512,47266,0.868671,1,2,979224,978712,512
69867881,34.3276,23.4007,528,47311,0.797468,1,2,979261,978733,528
69873721,19.7731,34.696,512,47401,0.771995,1,2,979312,978800,512
69902921,35.4156,34.7301,472,47841,0.405873,0.87,1,979610,979138,472
69905841,32.6831,34.946,469,47885,0.408349,0.83,1,979642,979173,469
69917521,33.7099,34.8655,461,48061,0.28871,0.79,1,979757,979296,461
69923361,33.9884,34.3546,459,48149,0.246594,0.67,1,979809,979350,459
69926281,26.7977,28.4709,457,48193,0.236637,0.71,1,979834,979377,457
69929201,26.1595,29.6942,453,48237,0.244655,0.63,1,979860,979407,453
69932121,22.0319,24.3388,451,48281,0.211862,0.59,1,979881,979430,451
69935041,31.6064,33.6678,449,48325,0.246745,0.59,1,979915,979466,449
69937961,28.7213,30.7336,447,48369,0.236698,0.45,1,979943,979496,447
69940881,28.1443,30.9467,444,48413,0.256679,0.45,1,979971,979527,444
69943801,24.8289,25.3893,444,48457,0.264672,0.45,1,979995,979551,444
69946721,19.3658,21.0779,442,48500,0.243869,0.37,1,980013,979571,442
69949641,34.2732,35.4156,441,48543,0.271547,0.41,1,980051,979610,441
69970081,34.1112,33.9884,432,48844,0.41145,0.21,1,980241,979809,432
69973001,26.0222,6.79768,456,48887,0.43458,0.23,1,980265,979809,456
70063521,36.8059,15.2302,493,50205,0.760617,0.59,2,981134,980641,493
70066441,28.1612,37.446,476,50247,0.778247,0.59,2,981160,980684,476
70069361,26.4322,28.2892,476,50289,0.797299,0.59,2,981186,980710,476
70072281,6.88645,26.4578,452,50331,0.804919,0.61,2,981188,980736,452
70075201,18.1773,21.2916,453,50373,0.831968,0.65,2,981209,980756,453
70078121,36.4355,35.4583,455,50415,0.866787,0.65,2,981250,980795,455
70081041,28.0871,28.6917,454,50457,0.880715,0.63,2,981276,980822,454
70083961,29.6174,28.9383,455,50499,0.886286,0.67,2,981306,980851,455
70265001,28.6821,26.6197,513,53023,0.853014,1,2,983046,982533,513
70267921,24.9364,33.3239,502,53063,0.779206,1,2,983070,982568,502
70335081,396.22,451.814,444,24820,0.258645,0.27,1,983667,983223,444
70340921,72.4888,76.4725,453,24990,0.0953831,0.05,1,983789,983336,453
70343841,66.4978,64.8945,456,25075,0.0681533,0.07,1,983854,983398,456
70346761,53.2996,57.7789,450,25160,0.0572613,0.05,1,983904,983454,450
70349681,45.8599,53.9558,441,25244,0.0649045,0.05,1,983948,983507,441
70352601,74.772,43.5912,482,25328,0.0679618,0,1,984030,983548,482
70355521,26.1544,67.1182,423,25412,0.0451847,0.05,1,984044,983621,423
70358441,31.6309,23.8236,443,25495,0.0360739,0.09,1,984077,983634,443
70361361,67.9262,31.1647,487,25578,0.0324296,0.05,1,984154,983667,487
70364281,61.5852,57.4329,483,25661,0.0909718,0.07,1,984214,983731,483
70375961,73.3273,45.7431,504,25990,0.0798489,0.07,1,984452,983948,504
70378881,25.0655,74.7486,435,26072,0.0739396,0.03,1,984465,984030,435
70381801,32.2131,26.1497,455,26153,0.0595758,0.03,1,984499,984044,455
70384721,68.8426,31.6299,500,26234,0.0418303,0.03,1,984577,984077,500
70387641,64.9685,67.926,487,26315,0.0707321,0.13,1,984641,984154,487
70390561,61.7937,61.5852,488,26396,0.0702929,0.15,1,984702,984214,488
70393481,53.1587,61.917,477,26476,0.0821171,0.11,1,984753,984276,477
70396401,47.4317,53.1834,472,26556,0.0988469,0.13,1,984799,984327,472
70411001,15.2293,68.8426,424,26953,0.216062,0.09,1,985001,984577,424
70413921,55.8459,64.9685,426,27032,0.236425,0.07,1,985067,984641,426
70416841,59.1692,61.7937,425,27110,0.24457,0.09,1,985127,984702,425
70443121,59.3498,59.1692,434,27805,0.408535,0.39,1,985561,985127,434
70446041,58.27,54.2338,439,27881,0.433414,0.39,1,985619,985180,439
70448961,48.454,47.6468,439,27957,0.443366,0.41,1,985665,985226,439
70489841,16.447,71.5137,450,29000,0.755276,0.57,2,986321,985871,450
70492761,57.6894,15.9027,516,29073,0.78811,0.63,2,986389,985873,516
70495681,61.9379,55.9805,513,29146,0.813244,0.61,2,986452,985939,513
70498601,63.5876,60.7961,515,29219,0.799298,0.65,2,986516,986001,515
70501521,50.3175,60.9592,501,29291,0.817719,0.69,2,986563,986062,501
70504441,73.2635,48.9918,534,29363,0.849088,0.73,2,986642,986108,534
70507361,24.2527,71.3984,469,29435,0.861635,0.73,2,986654,986185,469
70510281,36.0505,23.8797,496,29507,0.878654,0.75,2,986693,986197,496
70513201,75.2101,35.1759,543,29579,0.897462,0.73,2,986778,986235,543
70662121,54.7818,56.5185,483,33030,0.848548,1,2,989136,988653,483
70665041,39.7564,45.7037,476,33094,0.897419,1,2,989172,988696,476
70667961,57.5513,56.3407,479,33158,0.832968,0.94,2,989234,988755,479
70670881,58.7103,59.2681,478,33222,0.867187,1,2,989293,988815,478
70673801,41.3421,42.2536,477,33286,0.844875,1,2,989330,988853,477
70676721,29.8684,34.0507,472,33350,0.84795,0.93,2,989357,988885,472
70679641,30.7737,33.2101,470,33413,0.82518,0.96,2,989388,988918,470
70682561,21.3547,22.642,469,33476,0.828072,0.99,2,989407,988938,469
70685481,55.4709,59.7284,464,33539,0.829229,1,2,989471,989007,464
70688401,39.0942,37.5457,467,33602,0.853691,0.85,2,989506,989039,467
70691321,34.2188,37.9091,462,33665,0.887477,0.81,2,989539,989077,462
70811041,34.8332,31.8775,488,36151,0.843207,1,2,991291,990803,488
70813961,33.3666,27.9755,494,36209,0.859283,1,2,991324,990830,494
70816881,37.0733,44.7951,483,36267,0.805713,1,2,991362,990879,483
70828561,38.7793,52.9741,487,36499,0.442786,1,1,991520,991033,487
70840241,44.6508,38.8304,488,36731,0.296215,1,1,991703,991215,488
70851921,33.6522,37.0733,460,36960,0.417647,0.65,1,991822,991362,460
70854841,40.3305,51.4147,447,37017,0.449059,0.55,1,991864,991417,447
70933681,36.4892,30.7277,488,38528,0.754063,0.61,2,992856,992368,488
70936601,34.4978,35.7455,485,38583,0.787625,0.61,2,992890,992405,485
70939521,8.49957,34.3491,453,38638,0.80105,0.63,2,992892,992439,453
70942441,38.4999,45.2698,451,38693,0.84242,0.59,2,992938,992487,451
70945361,54.9,56.254,451,38748,0.846968,0.61,2,992997,992546,451
70948281,42.98,42.4508,452,38803,0.884787,0.59,2,993037,992585,452
71141001,41.7748,46.6299,483,42243,0.822069,1,2,995404,994921,483
71143921,27.555,34.926,475,42293,0.766828,1,2,995428,994953,475
71167281,36.004,34.1375,470,42692,0.447479,0.95,1,995694,995224,470
71170201,36.8008,37.2275,469,42741,0.400992,0.9,1,995731,995262,469
71205241,30.9611,36.0989,474,43329,0.411978,0.47,1,996100,995626,474
71208161,33.3922,32.0198,477,43378,0.446791,0.43,1,996134,995657,477
71211081,35.4784,36.004,476,43427,0.436717,0.37,1,996170,995694,476
71214001,30.2957,36.8008,468,43476,0.420687,0.31,1,996199,995731,468
71216921,29.2591,32.9602,465,43525,0.402275,0.37,1,996228,995763,465
71219841,32.2518,28.192,471,43573,0.40691,0.37,1,996261,995790,471
71289921,32.0304,31.1167,446,44719,0.783228,0.49,2,996988,996542,446
71292841,35.2061,35.0233,446,44766,0.787291,0.49,2,997024,996578,446
71295761,34.2412,34.2047,446,44813,0.800916,0.49,2,997058,996612,446
71298681,30.0482,29.2409,447,44860,0.830367,0.51,2,997087,996640,447
71301601,29.2096,28.2482,448,44907,0.854147,0.61,2,997116,996668,448
71304521,36.2419,32.8496,452,44954,0.887659,0.63,2,997154,996702,452
71307441,41.6484,40.1699,453,45001,0.865063,0.63,2,997197,996744,453
71310361,29.9297,28.834,454,45048,0.868025,0.65,2,997224,996770,454
71313281,26.7859,26.5668,454,45095,0.85721,0.65,2,997250,996796,454
71316201,27.7572,27.7134,454,45142,0.852884,0.65,2,997278,996824,454
71319121,7.15144,7.14267,454,45189,0.851154,0.65,2,997280,996826,454
71322041,27.0303,27.0285,454,45236,0.850461,0.67,2,997312,996858,454
71516221,163.325,140.506,518,21997,0.418,1,1,999476,998958,518
71527901,46.6165,65.9848,470,22380,0.405309,0.43,1,999727,999257,470
71530821,59.7233,73.997,457,22475,0.408124,0.43,1,999790,999333,457
71533741,23.9447,37.1994,444,22569,0.445249,0.35,1,999805,999361,444
71536661,90.3889,20.2399,535,22663,0.4481,0.29,1,999912,999377,535
71577541,94.7105,24.7274,562,23940,0.782139,0.63,2,1000811,1000249,562
71580461,20.5421,92.9455,454,24029,0.810856,0.67,2,1000813,1000359,454
71583381,72.9084,88.1891,453,24117,0.858342,0.63,2,1000899,1000446,453
71685581,62.1011,76.5481,485,27024,0.892371,1,2,1002930,1002445,485
71688501,42.8202,44.9096,486,27102,0.818948,1,2,1002968,1002482,486
71691421,74.164,74.5819,486,27180,0.753579,1,2,1003050,1002564,486
71703101,45.4115,54.6409,476,27490,0.44222,0.99,1,1003259,1002783,476
71711861,54.2513,62.1011,465,27721,0.286302,0.77,1,1003395,1002930,465
71723541,78.4868,87.2866,440,28025,0.401361,0.45,1,1003625,1003185,440
71726461,37.2974,39.0573,440,28101,0.406545,0.41,1,1003652,1003212,440
71729381,44.2595,45.4115,439,28176,0.444618,0.35,1,1003698,1003259,439
71784861,49.9544,45.0266,500,29571,0.7829,0.57,2,1004640,1004140,500
71787781,30.7909,48.2053,477,29643,0.81116,0.61,2,1004666,1004189,477
71790701,50.9582,30.4411,507,29714,0.822464,0.57,2,1004722,1004215,507
71793621,42.1916,52.4882,489,29785,0.826986,0.59,2,1004762,1004273,489
71796541,10.0383,41.6976,452,29856,0.840794,0.63,2,1004764,1004312,452
71799461,66.0077,71.5395,453,29927,0.882318,0.69,2,1004844,1004391,453
71910421,39.2037,49.9183,516,32505,0.837078,1,2,1006643,1006127,516
71913341,33.4407,41.1837,509,32570,0.784831,1,2,1006675,1006166,509
71916261,49.0882,28.2367,537,32635,0.787933,1,2,1006728,1006191,537
71919181,39.4176,56.0473,511,32700,0.753173,1,2,1006765,1006254,511
71962981,48.2944,51.7815,450,33657,0.789707,0.65,2,1007420,1006970,450
71965901,32.0589,32.7563,450,33720,0.825883,0.69,2,1007448,1006998,450
71968821,36.8118,33.7513,454,33783,0.852353,0.65,2,1007486,1007032,454
71971741,40.9624,40.3503,454,33846,0.862941,0.61,2,1007528,1007074,454
71974661,37.7925,38.47,453,33908,0.879176,0.69,2,1007565,1007112,453
72146941,35.109,38.343,525,37408,0.896656,1,2,1009993,1009468,525
72149861,34.2218,31.6686,529,37464,0.892662,1,2,1010027,1009498,529
72152781,35.6444,44.7337,517,37520,0.795065,1,2,1010063,1009546,517
72167381,35.5173,42.4962,507,37800,0.0795751,1,1,1010302,1009795,507
72170301,39.9035,35.6992,514,37856,0.03783,1,1,1010343,1009829,514
72173221,29.5807,35.1398,506,37912,0.015132,0.99,1,1010370,1009864,506
72176141,23.5161,28.628,501,37968,0.0120528,0.94,1,1010392,1009891,501
72179061,33.5032,29.7256,507,38024,0.0348211,0.97,1,1010428,1009921,507
72181981,34.7006,35.5451,505,38080,0.0799285,0.85,1,1010463,1009958,505
72184901,30.9401,35.109,500,38135,0.0499714,0.89,1,1010493,1009993,500
72187821,30.988,34.2218,497,38190,0.0859886,0.73,1,1010524,1010027,497
72193661,35.7995,82.3289,467,38300,0.0941582,0.35,1,1010624,1010157,467
72199501,32.152,39.9332,458,38410,0.0954653,0.05,1,1010688,1010230,458
72202421,35.2304,37.5866,457,38465,0.0561861,0.03,1,1010724,1010267,457
72205341,39.8461,35.5173,463,38520,0.0764745,0.01,1,1010765,1010302,463
72208261,29.5692,39.9035,449,38575,0.0485898,0,1,1010792,1010343,449
72211181,7.51384,29.5807,424,38630,0.0374359,0.01,1,1010794,1010370,424
72214101,18.3028,23.5161,423,38685,0.0689744,0.05,1,1010815,1010392,423
72217021,33.2606,33.5032,424,38740,0.0575897,0.11,1,1010852,1010428,424
72219941,34.6521,34.7006,424,38795,0.0650359,0.03,1,1010887,1010463,424
72222861,30.9304,30.9401,424,38849,0.0440144,0.11,1,1010917,1010493,424
72225781,33.3861,30.988,427,38903,0.0596057,0.11,1,1010951,1010524,427
72228701,63.4772,62.9976,427,38957,0.0778423,0.09,1,1011022,1010595,427
72231621,35.0954,35.7995,426,39011,0.0971369,0.11,1,1011050,1010624,426
72240381,33.8488,35.2304,423,39173,0.0750968,0.09,1,1011147,1010724,423
72243301,39.5698,39.8461,423,39227,0.0480387,0.03,1,1011188,1010765,423
72246221,29.514,29.5692,423,39281,0.0252155,0.03,1,1011215,1010792,423
72249141,7.50279,7.51384,423,39335,0.0520862,0.09,1,1011217,1010794,423
72252061,18.3006,18.3028,423,39389,0.0508345,0.05,1,1011238,1010815,423
72254981,32.4601,33.2606,422,39443,0.0623338,0.07,1,1011274,1010852,422
72257901,36.092,34.6521,424,39497,0.0669335,0.03,1,1011311,1010887,424
72260821,30.4184,30.9304,423,39550,0.0687734,0.07,1,1011340,1010917,423
72263741,33.2837,33.3861,423,39603,0.0695094,0.09,1,1011374,1010951,423
72275421,29.6021,29.2438,427,39815,0.216099,0.05,1,1011539,1011112,427
72278341,31.5204,33.8488,424,39868,0.23644,0.03,1,1011571,1011147,424
72281261,37.5041,39.5698,422,39921,0.232576,0.01,1,1011610,1011188,422
72284181,29.9008,29.514,423,39974,0.21903,0.07,1,1011638,1011215,423
72295861,34.5246,29.532,459,40186,0.200055,0.07,1,1011733,1011274,459
72301701,34.021,30.3013,457,40291,0.215609,0.07,1,1011797,1011340,457
72304621,68.4042,33.2603,500,40343,0.212244,0.15,1,1011874,1011374,500
72307541,37.6808,64.2521,458,40395,0.210897,0.21,1,1011904,1011446,458
72310461,37.9362,36.0504,467,40447,0.210359,0.21,1,1011942,1011475,467
72316301,31.9174,29.602,465,40551,0.200457,0.25,1,1012004,1011539,465
72319221,35.9835,31.5204,470,40603,0.218183,0.23,1,1012041,1011571,470
72322141,27.9967,37.5041,457,40655,0.225273,0.21,1,1012067,1011610,457
72325061,7.19934,29.9008,431,40707,0.228109,0.17,1,1012069,1011638,431
72327981,19.0399,7.58016,451,40759,0.229244,0.17,1,1012091,1011640,451
72330901,35.008,19.116,468,40811,0.217697,0.19,1,1012130,1011662,468
72333821,34.2016,32.6232,466,40863,0.201079,0.21,1,1012164,1011698,466
72339661,33.2081,30.1049,465,40967,0.227773,0.23,1,1012227,1011762,465
72365941,19.0483,7.19934,454,41427,0.402025,0.23,1,1012523,1012069,454
72368861,32.6097,19.0399,468,41478,0.41881,0.21,1,1012559,1012091,468
72371781,34.5219,35.008,464,41529,0.413524,0.19,1,1012594,1012130,464
72374701,8.50439,34.2016,432,41580,0.41141,0.19,1,1012596,1012164,432
72377621,26.5009,30.0403,434,41631,0.434564,0.25,1,1012627,1012193,434
72424341,72.963,72.26,448,42435,0.765962,0.55,2,1013192,1012744,448
72427261,38.5926,39.252,447,42485,0.804385,0.55,2,1013222,1012775,447
72430181,41.3185,39.8504,449,42535,0.819754,0.59,2,1013264,1012815,449
72433101,30.6637,30.3701,449,42585,0.849902,0.57,2,1013292,1012843,449
72436021,33.3327,32.474,450,42635,0.861961,0.61,2,1013326,1012876,450
72438941,37.0665,36.8948,450,42684,0.890784,0.59,2,1013364,1012914,450
72643341,46.1866,34.1731,524,46013,0.885078,1,2,1015640,1015116,524
72646261,38.0373,38.0346,521,46059,0.816031,1,2,1015676,1015155,521
72649181,32.4075,41.2069,510,46105,0.788413,1,2,1015707,1015197,510
72681301,34.7164,25.3206,507,46606,0.407073,0.95,1,1016026,1015519,507
72698821,29.8372,37.6815,483,46876,0.40283,0.67,1,1016229,1015746,483
72701741,25.9674,31.5363,478,46921,0.407132,0.57,1,1016254,1015776,478
72704661,23.5935,31.9073,469,46966,0.444853,0.57,1,1016277,1015808,469
72707581,27.9187,26.3815,473,47011,0.447941,0.53,1,1016306,1015833,473
72786421,29.7018,30.3248,447,48207,0.775544,0.53,2,1017055,1016608,447
72789341,34.7404,34.065,448,48251,0.784217,0.57,2,1017091,1016643,448
72792261,30.9481,30.013,449,48295,0.787687,0.57,2,1017121,1016672,449
72795181,26.9896,26.0026,450,48339,0.837075,0.65,2,1017147,1016697,450
72798101,26.9979,25.2005,452,48383,0.85683,0.63,2,1017174,1016722,452
73247781,451.11,464.293,504,24820,0.88,0.85,2,1021703,1021199,504
73287201,95.3529,45.8263,523,25633,0.24376,0.59,1,1022282,1021759,523
73290121,47.8706,77.9653,473,25716,0.211504,0.37,1,1022318,1021845,473
73293041,68.7741,85.1931,460,25798,0.210602,0.35,1,1022392,1021932,460
73301801,57.3502,74.6655,431,26044,0.213399,0.19,1,1022571,1022140,431
73304721,24.27,24.5331,435,26125,0.247359,0.17,1,1022587,1022152,435
73307641,25.654,20.1066,442,26206,0.236944,0.23,1,1022613,1022171,442
73310561,82.7308,24.0213,514,26287,0.256777,0.19,1,1022710,1022196,514
73313481,46.9462,73.6043,466,26368,0.264711,0.19,1,1022748,1022282,466
73322241,49.6556,73.5808,473,26608,0.416062,0.19,1,1022940,1022467,473
73325161,60.3311,50.7162,491,26688,0.424425,0.23,1,1023003,1022512,491
73328081,24.8662,57.3432,448,26767,0.42777,0.27,1,1023019,1022571,448
73357281,29.7576,27.3732,446,27548,0.776596,0.47,2,1023493,1023047,446
73360201,7.55152,7.07465,446,27625,0.796638,0.57,2,1023495,1023049,446
73363121,79.9103,78.2149,448,27702,0.792655,0.55,2,1023593,1023145,448
73366041,46.3821,46.843,447,27778,0.827062,0.59,2,1023631,1023184,447
73368961,75.6764,72.5686,451,27854,0.852825,0.67,2,1023714,1023263,451
73371881,78.3353,74.5137,455,27930,0.85113,0.71,2,1023793,1023338,455
73374801,54.0671,51.7027,457,28006,0.886452,0.75,2,1023841,1023384,457
73506201,68.278,75.4695,477,31226,0.8716,1,2,1026082,1025605,477
73509121,44.8556,43.0939,481,31294,0.83464,1,2,1026121,1025640,481
73512041,38.5711,8.61878,518,31362,0.771856,1,2,1026158,1025640,518
73579201,50.8334,57.8541,451,32878,0.784385,0.61,2,1027188,1026737,451
73582121,39.7667,39.5708,453,32942,0.811754,0.67,2,1027225,1026772,453
73585041,36.7533,36.7142,453,33006,0.846702,0.61,2,1027261,1026808,453
73587961,18.5507,17.7428,454,33070,0.836681,0.65,2,1027275,1026821,454
73590881,41.3101,39.5486,456,33134,0.868672,0.73,2,1027322,1026866,456
73733961,30.256,33.4626,487,36129,0.874594,1,2,1029409,1028922,487
73745641,39.9076,28.8855,498,36361,0.84343,1,2,1029605,1029107,498
73748561,32.7815,35.3771,492,36419,0.811372,1,2,1029636,1029144,492
73751481,12.1563,22.2754,480,36477,0.822549,0.98,2,1029643,1029163,480
73754401,20.0313,22.0551,480,36535,0.85102,1,2,1029665,1029185,480
73757321,43.2063,38.011,487,36593,0.814408,1,2,1029714,1029227,487
73760241,32.6413,38.0022,479,36651,0.787763,0.97,2,1029744,1029265,479
73763161,71.3283,72.4004,479,36709,0.825105,0.89,2,1029825,1029346,479
73766081,40.6656,43.2801,476,36767,0.816042,0.84,2,1029858,1029382,476
73769001,24.1331,30.256,469,36824,0.776417,0.95,2,1029878,1029409,469
73771921,56.0266,60.4512,465,36881,0.772567,0.91,2,1029942,1029477,465
73774841,36.0053,37.6902,464,36938,0.783027,0.93,2,1029973,1029509,464
73777761,55.2011,55.538,464,36995,0.811211,0.79,2,1030033,1029569,464
73780681,39.0402,39.9076,463,37052,0.810484,0.79,2,1030068,1029605,463
73783601,33.408,32.7815,464,37109,0.822194,0.83,2,1030100,1029636,464
73786521,12.2816,12.1563,464,37166,0.814877,0.83,2,1030107,1029643,464
73789441,20.8563,2.43126,487,37223,0.799951,0.87,2,1030130,1029643,487
73792361,44.1713,18.0863,515,37280,0.78198,0.79,2,1030180,1029665,515
73795281,30.4343,42.8173,493,37337,0.774792,0.77,2,1030207,1029714,493
73798201,67.6869,32.5634,540,37394,0.783917,0.85,2,1030284,1029744,540
73801121,39.9374,71.3127,492,37451,0.799567,0.81,2,1030317,1029825,492
73804041,23.9875,40.6625,479,37507,0.805827,0.75,2,1030337,1029858,479
73806961,55.9975,24.1325,523,37563,0.832331,0.77,2,1030401,1029878,523
73809881,35.1995,56.0265,489,37619,0.866932,0.79,2,1030431,1029942,489
73812801,56.6399,36.0053,520,37675,0.880773,0.83,2,1030493,1029973,520
74068301,415.17,443.644,478,18980,0.4372,0.27,1,1034118,1033640,478
74103341,174.234,216.729,432,18980,0.21688,0.03,1,1034232,1033800,432
74109181,96.4094,89.4692,470,19203,0.0479008,0.09,1,1034415,1033945,470
74115021,38.7364,50.6188,422,19424,0.0664641,0.01,1,1034509,1034087,422
74117941,33.3473,21.3238,440,19533,0.0445857,0,1,1034541,1034101,440
74120861,61.0695,53.8648,446,19642,0.0358343,0.07,1,1034609,1034163,446
74123781,119.414,65.973,511,19750,0.0203337,0.03,1,1034743,1034232,511
74126701,99.0828,84.3946,516,19857,0.0141335,0.01,1,1034837,1034321,516
74129621,72.6166,92.0789,488,19964,0.0356534,0.17,1,1034903,1034415,488
74132541,36.1233,68.8158,452,20070,0.0442614,0.03,1,1034930,1034478,452
74135461,36.8247,38.5632,458,20176,0.0477045,0.03,1,1034967,1034509,458
74138381,60.1649,33.3126,492,20281,0.0490818,0.03,1,1035033,1034541,492
74141301,117.633,61.0625,556,20386,0.0256327,0.01,1,1035165,1034609,556
74144221,98.7266,119.413,516,20490,0.0162531,0.01,1,1035259,1034743,516
74147141,73.3453,99.0825,489,20594,0.0245012,0.05,1,1035326,1034837,489
74150061,34.6691,72.6165,448,20697,0.0398005,0.05,1,1035351,1034903,448
74152981,37.3338,36.1233,459,20799,0.0159202,0.05,1,1035389,1034930,459
74155901,61.0668,36.8247,489,20901,0.0243681,0.05,1,1035456,1034967,489
74158821,117.013,60.1649,554,21002,0.0157472,0.01,1,1035587,1035033,554
74161741,25.0027,117.633,424,21103,0.0122989,0.01,1,1035589,1035165,424
74164661,78.6005,98.7266,422,21204,0.0109196,0.03,1,1035681,1035259,422
74167581,71.7201,73.3453,425,21304,0.0103678,0.05,1,1035751,1035326,425
74170501,33.544,34.6691,424,21404,0.0341471,0,1,1035775,1035351,424
74173421,35.5088,37.3338,422,21503,0.0436589,0.03,1,1035811,1035389,422
74176341,62.3018,61.0668,424,21602,0.0354635,0.01,1,1035880,1035456,424
74179261,115.66,117.013,422,21700,0.0321854,0.01,1,1036009,1035587,422
74182181,24.7321,25.0027,422,21798,0.0308742,0.01,1,1036011,1035589,422
74185101,78.5464,78.6005,422,21895,0.0183497,0.01,1,1036103,1035681,422
74188021,71.7093,71.7201,422,21992,0.0373399,0.05,1,1036173,1035751,422
74190941,33.5419,33.544,422,22088,0.0449359,0.05,1,1036197,1035775,422
74193861,35.5084,35.5088,422,22184,0.0479744,0.03,1,1036233,1035811,422
74196781,63.1017,62.3018,423,22280,0.0731898,0.03,1,1036303,1035880,423
74199701,115.02,115.66,422,22375,0.0472759,0.03,1,1036431,1036009,422
74202621,24.6041,24.7321,422,22470,0.0369104,0.01,1,1036433,1036011,422
74205541,79.3208,78.5464,423,22564,0.0327641,0.01,1,1036526,1036103,423
74208461,70.2642,15.7093,491,22658,0.0311057,0.05,1,1036594,1036103,491
74211381,33.2528,59.1419,445,22752,0.0304423,0.05,1,1036618,1036173,445
74214301,36.2506,31.0284,458,22845,0.0181769,0.05,1,1036655,1036197,458
74217221,64.0501,35.0057,493,22938,0.0612708,0.09,1,1036726,1036233,493
74220141,113.61,63.0011,549,23030,0.0425083,0.03,1,1036852,1036303,549
74223061,24.322,115,423,23122,0.0350033,0.03,1,1036854,1036431,423
74225981,80.0644,24.6,515,23214,0.0200013,0.03,1,1036948,1036433,515
74228901,70.4129,79.32,490,23305,0.0260005,0.03,1,1037016,1036526,490
74231821,33.2826,70.264,446,23396,0.0404002,0.03,1,1037040,1036594,446
74234741,37.0565,33.2528,460,23487,0.0461601,0.01,1,1037078,1036618,460
74237661,65.8113,36.2506,496,23577,0.036464,0.09,1,1037151,1036655,496
74240581,111.562,64.0501,548,23667,0.0325856,0.03,1,1037274,1036726,548
74243501,23.9125,113.61,424,23757,0.0310342,0.03,1,1037276,1036852,424
74246421,79.9825,24.322,516,23846,0.0184137,0.01,1,1037370,1036854,516
74249341,70.3965,80.0644,490,23935,0.0373655,0.03,1,1037438,1036948,490
74252261,15.6793,70.4129,424,24024,0.0449462,0.05,1,1037440,1037016,424
74255181,22.3359,33.2826,424,24112,0.0719785,0.05,1,1037464,1037040,424
74258101,34.8672,37.0565,424,24200,0.0587914,0.03,1,1037502,1037078,424
74261021,64.5734,65.8113,423,24288,0.0655166,0.03,1,1037574,1037151,423
74263941,111.315,111.562,423,24375,0.0802066,0.03,1,1037697,1037274,423
74269781,79.9726,79.9825,423,24549,0.0620331,0.05,1,1037793,1037370,423
74272701,71.1945,70.3965,424,24635,0.0668132,0.05,1,1037862,1037438,424
74275621,15.8389,15.6793,424,24721,0.0447253,0.09,1,1037864,1037440,424
74278541,22.3678,22.3359,424,24807,0.0598901,0.05,1,1037888,1037464,424
74281461,34.8736,34.8672,424,24892,0.0779561,0.07,1,1037926,1037502,424
74290221,24.055,23.8629,426,25147,0.229389,0.03,1,1038125,1037699,426
74298981,15.8724,15.8389,423,25399,0.0768409,0.07,1,1038287,1037864,423
74301901,23.1745,22.3678,424,25482,0.0727364,0.07,1,1038312,1037888,424
74304821,35.8349,4.47356,463,25565,0.0830945,0.09,1,1038351,1037888,463
74316501,71.3789,24.0264,514,25895,0.215679,0.11,1,1038639,1038125,514
74319421,69.4758,76.8053,493,25977,0.212272,0.09,1,1038708,1038215,493
74322341,15.4952,71.3611,425,26059,0.210909,0.05,1,1038710,1038285,425
74325261,23.899,15.8722,449,26140,0.210363,0.07,1,1038736,1038287,449
74328181,36.7798,23.1744,464,26221,0.234145,0.09,1,1038776,1038312,464
74331101,68.156,35.8349,501,26302,0.279658,0.13,1,1038852,1038351,501
74334021,120.031,66.367,560,26383,0.285863,0.21,1,1038985,1038425,560
74336941,25.6062,116.473,433,26463,0.288345,0.21,1,1038987,1038554,433
74354461,9.17898,36.7798,436,26940,0.401822,0.31,1,1039212,1038776,436
74357381,63.4358,68.156,437,27019,0.418729,0.29,1,1039289,1038852,437
74360301,118.287,120.031,436,27097,0.437492,0.29,1,1039421,1038985,436
74395341,71.7433,70.6103,448,28020,0.788718,0.53,2,1040026,1039578,448
74398261,15.9487,15.7221,448,28096,0.789487,0.55,2,1040028,1039580,448
74401181,25.5897,26.3444,447,28171,0.813795,0.55,2,1040056,1039609,447
74404101,41.9179,40.4689,449,28246,0.823518,0.55,2,1040102,1039653,449
74407021,9.98359,9.69378,449,28321,0.827407,0.63,2,1040104,1039655,449
74409941,65.9967,63.5388,452,28396,0.876963,0.63,2,1040184,1039732,452
74412861,123.599,12.7078,590,28471,0.896785,0.71,2,1040322,1039732,590
74553021,118.232,58.4438,609,31843,0.79144,1,2,1042701,1042092,609
74558861,39.1293,48.4178,520,31975,0.42543,1,1,1042772,1042252,520
74561781,34.2259,44.8836,509,32041,0.248172,1,1,1042805,1042296,509
74564701,55.6452,34.5767,538,32107,0.0992689,1,1,1042866,1042328,538
74567621,27.929,50.9153,504,32173,0.0937075,1,1,1042887,1042383,504
74573461,30.3972,34.8366,502,32305,0.0713932,1,1,1042954,1042452,502
74576381,38.0794,26.9673,517,32370,0.0465573,0.89,1,1042994,1042477,517
74579301,40.4159,35.7935,520,32435,0.0486229,1,1,1043035,1042515,520
74582221,99.2832,47.1587,584,32500,0.0494492,0.67,1,1043149,1042565,584
74585141,43.0566,118.232,477,32565,0.0617797,0.47,1,1043178,1042701,477
74588061,33.4113,51.6463,473,32630,0.0667119,0.31,1,1043209,1042736,473
74590981,29.0823,39.1293,465,32695,0.0566847,0.13,1,1043237,1042772,465
74593901,46.6165,34.2259,483,32760,0.0226739,0,1,1043288,1042805,483
74596821,10.9233,55.6452,424,32825,0.0270696,0.09,1,1043290,1042866,424
74599741,17.3847,27.929,422,32889,0.0648278,0.11,1,1043309,1042887,422
74602661,34.6769,35.9858,423,32953,0.0799311,0.05,1,1043348,1042925,423
74605581,30.1354,30.3972,423,33017,0.0859725,0.03,1,1043377,1042954,423
74608501,37.2271,38.0794,422,33081,0.040389,0.05,1,1043416,1042994,422
74611421,41.0454,40.4159,423,33145,0.0221556,0.05,1,1043458,1043035,423
74626021,44.9424,46.6165,423,33463,0.0745501,0.03,1,1043711,1043288,423
74628941,10.5885,10.9233,423,33526,0.03582,0.09,1,1043713,1043290,423
74631861,16.5177,17.3847,422,33589,0.032328,0.09,1,1043731,1043309,422
74634781,37.7035,34.6769,426,33652,0.0189312,0.09,1,1043774,1043348,426
74637701,30.7407,30.1354,426,33715,0.00757248,0.01,1,1043803,1043377,426
74640621,34.9481,37.2271,423,33778,0.021029,0.01,1,1043839,1043416,423
74643541,40.5896,41.0454,423,33841,0.0144116,0.17,1,1043881,1043458,423
74646461,104.918,101.009,428,33903,0.0357646,0.13,1,1044002,1043574,428
74649381,42.5836,41.8018,428,33965,0.0683059,0.17,1,1044029,1043601,428
74666901,36.8529,14.8235,464,34337,0.0829185,0.01,1,1044195,1043731,464
74669821,31.3706,37.3647,451,34399,0.0391674,0,1,1044225,1043774,451
74672741,34.2741,30.6729,457,34460,0.045667,0.03,1,1044260,1043803,457
74675661,40.4548,34.9346,463,34521,0.0482668,0.01,1,1044302,1043839,463
74678581,107.291,40.5869,545,34582,0.0493067,0.05,1,1044426,1043881,545
74681501,45.4582,104.917,454,34643,0.0497227,0.09,1,1044456,1044002,454
74684421,37.8916,42.5835,463,34704,0.0618891,0.13,1,1044492,1044029,463
74687341,30.7783,37.3167,456,34765,0.0787556,0.15,1,1044521,1044065,456
74690261,38.1557,29.0633,469,34826,0.0855023,0.19,1,1044561,1044092,469
74693181,9.23113,38.6127,430,34887,0.0882009,0.19,1,1044563,1044133,430
74696101,16.2462,9.32253,446,34948,0.0892804,0.15,1,1044581,1044135,446
74710701,107.443,40.4548,547,35248,0.0751318,0.05,1,1044849,1044302,547
74713621,44.6887,107.291,452,35308,0.0960527,0.05,1,1044878,1044426,452
74716541,39.3377,45.4582,460,35368,0.0924211,0.07,1,1044916,1044456,460
74745741,104.333,107.443,424,35961,0.209023,0.11,1,1045273,1044849,424
74748661,44.8666,44.6887,425,36020,0.221609,0.09,1,1045303,1044878,425
74751581,40.1733,39.3377,426,36079,0.238644,0.13,1,1045342,1044916,426
74754501,31.2347,31.0675,426,36138,0.245457,0.11,1,1045371,1044945,426
74757421,40.6469,39.0135,428,36196,0.272183,0.11,1,1045414,1044986,428
74760341,9.72939,9.4027,428,36254,0.282873,0.13,1,1045416,1044988,428
74780781,106.733,104.333,432,36660,0.415363,0.23,1,1045705,1045273,432
74783701,44.5466,44.8666,431,36718,0.400145,0.25,1,1045734,1045303,431
74789541,32.9819,31.2347,434,36833,0.439623,0.29,1,1045805,1045371,434
74856701,42.7743,44.073,493,38130,0.760399,0.59,2,1046667,1046174,493
74859621,35.7549,41.6146,486,38185,0.778159,0.61,2,1046701,1046215,486
74862541,45.551,36.3229,499,38240,0.797264,0.65,2,1046749,1046250,499
74865461,10.7102,44.0646,455,38295,0.804905,0.65,2,1046751,1046296,455
74868381,18.142,10.4129,473,38350,0.831962,0.65,2,1046771,1046298,473
74871301,32.4284,18.0826,489,38405,0.854785,0.61,2,1046807,1046318,489
74874221,8.08568,34.0165,453,38460,0.863914,0.61,2,1046809,1046356,453
74877141,26.4171,8.4033,482,38515,0.879566,0.61,2,1046840,1046358,482
74880061,35.6834,25.6807,490,38570,0.849826,0.65,2,1046878,1046388,490
74882981,8.73668,33.9361,456,38625,0.837931,0.71,2,1046880,1046424,456
74885901,38.5473,42.7872,457,38680,0.893172,0.73,2,1046926,1046469,457
75072781,117.844,90.5504,587,19815,0.8176,1,2,1050010,1049423,587
75078621,50.9537,109.382,511,20028,0.264016,1,1,1050155,1049644,511
75084461,39.7981,74.4553,509,20239,0.0794426,1,1,1050271,1049762,509
75087381,78.3596,42.0911,563,20344,0.031777,0.99,1,1050359,1049796,563
75090301,105.272,77.2182,589,20448,0.0307108,0.7,1,1050471,1049882,589
75093221,86.6544,117.844,543,20552,0.0182843,0.33,1,1050553,1050010,543
75096141,36.5309,110.769,458,20655,0.0613137,0.09,1,1050577,1050119,458
75099061,76.9062,50.9537,509,20758,0.0425255,0.03,1,1050664,1050155,509
75101981,37.7812,78.9908,451,20860,0.0590102,0.05,1,1050692,1050241,451
75104901,78.7563,39.7981,510,20962,0.0416041,0,1,1050781,1050271,510
75107821,17.3512,78.3596,424,21063,0.0346416,0.03,1,1050783,1050359,424
75110741,92.2703,105.272,423,21164,0.0318567,0.01,1,1050894,1050471,423
75113661,84.8541,86.6544,424,21264,0.0667427,0.09,1,1050977,1050553,424
75119501,75.2342,76.9062,422,21463,0.0646788,0.07,1,1051086,1050664,422
75122421,37.4468,37.7812,422,21562,0.0558715,0.03,1,1051114,1050692,422
75125341,79.4894,78.7563,423,21660,0.0223486,0.03,1,1051204,1050781,423
75128261,17.4979,17.3512,423,21758,0.0389394,0.03,1,1051206,1050783,423
75131181,91.4996,92.2703,422,21855,0.0455758,0.09,1,1051316,1050894,422
75134101,87.8999,84.8541,426,21952,0.0722303,0.15,1,1051403,1050977,426
75137021,37.58,36.1708,427,22049,0.0828921,0.03,1,1051428,1051001,427
75139941,71.516,75.2342,422,22145,0.0511568,0.05,1,1051508,1051086,422
75142861,36.7032,37.4468,422,22241,0.0264627,0,1,1051536,1051114,422
75145781,79.3406,79.4894,422,22336,0.0105851,0.05,1,1051626,1051204,422
75148701,17.4681,17.4979,422,22431,0.034234,0.05,1,1051628,1051206,422
75151621,92.2936,91.4996,423,22526,0.0316936,0.05,1,1051739,1051316,423
75154541,88.8587,18.2999,511,22620,0.0306774,0.09,1,1051827,1051316,511
75157461,38.5717,73.26,450,22714,0.054271,0.09,1,1051853,1051403,450
75160381,68.5143,34.652,501,22807,0.0637084,0.03,1,1051929,1051428,501
75163301,36.1029,70.9304,449,22900,0.0434834,0.01,1,1051957,1051508,449
75166221,79.2206,36.5861,511,22993,0.0233933,0,1,1052047,1051536,511
75169141,17.4441,79.3172,423,23085,0.0153573,0.05,1,1052049,1051626,423
75172061,92.2888,17.4634,532,23177,0.0241429,0.03,1,1052160,1051628,532
75174981,91.2578,92.2927,512,23268,0.0396572,0.03,1,1052251,1051739,512
75177901,39.0516,88.8585,450,23359,0.0458629,0.07,1,1052277,1051827,450
75186661,78.4884,36.1029,511,23630,0.0612552,0.01,1,1052468,1051957,511
75189581,17.2977,79.2206,423,23720,0.0305021,0.01,1,1052470,1052047,423
75192501,92.2595,17.4441,532,23809,0.0422008,0.03,1,1052581,1052049,532
75195421,92.8519,92.2888,514,23898,0.0468803,0.05,1,1052674,1052160,514
75198341,39.3704,91.2578,449,23987,0.0487521,0.05,1,1052700,1052251,449
75201261,9.47408,39.0516,425,24075,0.0495009,0.17,1,1052702,1052277,425
75204181,64.2948,66.2103,430,24163,0.0498003,0.15,1,1052780,1052350,430
75207101,35.259,36.4421,429,24251,0.0499201,0.01,1,1052808,1052379,429
75210021,72.6518,78.4884,422,24338,0.0199681,0.01,1,1052890,1052468,422
75212941,16.1304,17.2977,422,24425,0.0139872,0.05,1,1052892,1052470,422
75215861,92.0261,92.2595,422,24512,0.0715949,0.05,1,1053003,1052581,422
75218781,94.4052,92.8519,424,24598,0.058638,0.05,1,1053098,1052674,424
75221701,39.681,39.3704,424,24684,0.0534552,0.05,1,1053124,1052700,424
75224621,9.53621,9.47408,424,24770,0.0513821,0.05,1,1053126,1052702,424
75227541,62.7072,64.2948,422,24856,0.0985528,0.05,1,1053202,1052780,422
75230461,34.9414,35.259,422,24941,0.0934211,0,1,1053230,1052808,422
75239221,94.4235,92.0261,425,25195,0.098379,0.05,1,1053428,1053003,425
75262581,92.8197,16.1055,538,25860,0.205319,0.07,1,1053852,1053314,538
75265501,96.1639,94.4211,521,25942,0.244128,0.11,1,1053949,1053428,521
75268421,40.0328,94.0842,453,26024,0.235651,0.15,1,1053975,1053522,453
75271341,9.60656,40.4168,428,26105,0.23226,0.15,1,1053977,1053549,428
75274261,65.9213,9.68337,506,26186,0.230904,0.15,1,1054057,1053551,506
75277181,33.9843,64.3367,454,26267,0.254362,0.13,1,1054083,1053629,454
75285941,92.9439,16.0987,543,26508,0.434599,0.21,1,1054283,1053740,543
75335581,16.0313,16.1951,451,27835,0.756769,0.63,2,1055062,1054611,451
75338501,97.6063,97.639,451,27911,0.812708,0.65,2,1055180,1054729,451
75341421,104.321,101.928,454,27987,0.823083,0.65,2,1055286,1054832,454
75344341,41.6643,41.1856,454,28063,0.851233,0.65,2,1055312,1054858,454
75347261,9.93285,9.83711,454,28138,0.862493,0.69,2,1055314,1054860,454
75443621,31.9537,20.3826,500,30521,0.8944,1,2,1056964,1056464,500
75449461,72.9581,92.3353,488,30659,0.787504,1,2,1057080,1056592,488
75461141,49.7679,55.0405,485,30935,0.432432,1,1,1057302,1056817,485
75469901,40.7501,51.7683,474,31139,0.277996,0.84,1,1057411,1056937,474
75472821,26.55,31.9537,470,31207,0.285198,0.91,1,1057434,1056964,470
75475741,28.51,32.7907,466,31275,0.228079,0.71,1,1057463,1056997,466
75490341,46.2965,28.3727,494,31612,0.0862107,0.39,1,1057741,1057247,494
75510781,97.7377,63.302,534,32078,0.204439,0.11,1,1058069,1057535,534
75513701,34.7475,99.0604,445,32144,0.231776,0.09,1,1058088,1057643,445
75516621,29.3495,37.4121,451,32210,0.26671,0.11,1,1058116,1057665,451
75525381,35.1468,27.6593,463,32407,0.404189,0.09,1,1058227,1057764,463
75528301,43.0294,34.3319,472,32472,0.407676,0.15,1,1058272,1057800,472
75531221,24.6059,42.0664,448,32537,0.42107,0.13,1,1058292,1057844,448
75534141,27.3212,25.2133,455,32602,0.426428,0.13,1,1058320,1057865,455
75537061,63.0642,27.4427,499,32667,0.440571,0.19,1,1058392,1057893,499
75539981,99.8129,60.6885,539,32732,0.434229,0.23,1,1058501,1057962,539
75542901,21.5626,97.7377,434,32797,0.431691,0.25,1,1058503,1058069,434
75545821,19.5125,34.7475,434,32861,0.418677,0.29,1,1058522,1058088,434
75548741,27.9025,29.3495,436,32925,0.437471,0.37,1,1058552,1058116,436
75595461,24.5375,24.6297,446,33938,0.754491,0.53,2,1059181,1058735,446
75598381,29.7075,28.1259,448,34000,0.775796,0.57,2,1059212,1058764,448
75601301,64.3415,63.2252,449,34062,0.796319,0.61,2,1059285,1058836,449
75604221,101.668,99.045,452,34124,0.804527,0.61,2,1059396,1058944,452
75607141,21.9337,21.409,452,34186,0.831811,0.65,2,1059398,1058946,452
75610061,18.7867,18.6818,452,34248,0.842724,0.65,2,1059416,1058964,452
75612981,27.7573,3.73636,482,34310,0.82309,0.67,2,1059446,1058964,482
75615901,51.1515,24.7473,509,34372,0.827236,0.65,2,1059503,1058994,509
75618821,31.8303,51.3495,478,34434,0.840894,0.67,2,1059530,1059052,478
75621741,39.9661,31.0699,494,34495,0.894358,0.73,2,1059572,1059078,494
75741461,43.3518,42.57,493,36924,0.87256,1,2,1061328,1060835,493
75750221,16.8588,18.0366,496,37095,0.873524,1,2,1061384,1060888,496
75761901,37.0958,58.4737,508,37323,0.895482,1,2,1061516,1061008,508
75764821,27.4192,38.0947,500,37380,0.880193,1,2,1061541,1061041,500
75881621,63.1689,66.4364,482,39578,0.891057,1,2,1063088,1062606,482
75884541,109.434,98.0873,497,39631,0.758423,1,2,1063209,1062712,497
75934181,17.3032,28.2032,466,40527,0.755822,0.63,2,1063761,1063295,466
75937101,23.4606,18.4406,475,40579,0.776329,0.59,2,1063786,1063311,475
75940021,25.4921,21.2881,479,40631,0.760531,0.63,2,1063812,1063333,479
75942941,17.8984,22.6576,472,40683,0.754213,0.63,2,1063828,1063356,472
75945861,25.9797,22.1315,478,40735,0.751685,0.61,2,1063856,1063378,478
75948781,24.3959,26.0263,475,40787,0.774674,0.61,2,1063880,1063405,475
75951701,12.8792,24.4053,461,40839,0.78387,0.63,2,1063890,1063429,461
75954621,39.3758,13.6811,496,40891,0.811548,0.63,2,1063936,1063440,496
75957541,63.8752,37.9362,522,40943,0.882619,0.67,2,1064006,1063484,522
76160481,238.522,233.424,514,19818,0.262,0.82,1,1066535,1066021,514
76189681,47.1604,47.9611,473,20863,0.211187,0.13,1,1067168,1066695,473
76192601,31.8321,44.7922,457,20965,0.234475,0.19,1,1067196,1066739,457
76195521,7.96641,32.1584,430,21066,0.24379,0.15,1,1067198,1066768,430
76201361,87.5187,87.0463,431,21267,0.414606,0.17,1,1067459,1067028,431
76210121,48.2522,47.1604,433,21565,0.446295,0.25,1,1067601,1067168,433
76239321,159.296,157.634,447,22529,0.760294,0.55,2,1068274,1067827,447
76242241,96.6592,31.5268,528,22623,0.778118,0.59,2,1068355,1067827,528
76245161,58.5318,67.1054,501,22717,0.773247,0.67,2,1068404,1067903,501
76248081,48.5064,51.0211,500,22810,0.795299,0.67,2,1068450,1067950,500
76251001,48.1013,47.0042,502,22903,0.804119,0.67,2,1068498,1067996,502
76253921,35.2203,47.8008,486,22996,0.807648,0.69,2,1068530,1068044,486
76256841,8.64405,34.3602,457,23088,0.809059,0.69,2,1068532,1068075,457
76258301,162.529,8.47203,656,23180,0.845624,0.81,2,1068733,1068077,656
76261221,34.9058,159.294,462,23271,0.848249,0.79,2,1068736,1068274,462
76264141,69.3812,96.6589,459,23362,0.8973,0.77,2,1068814,1068355,459
76351741,154.79,30.7495,663,25945,0.7684,1,2,1070635,1069972,663
76363421,49.5661,35.0572,527,26270,0.222471,1,1,1070805,1070278,527
76366341,53.1132,47.8114,530,26351,0.0889884,1,1,1070859,1070329,530
76369261,32.2226,56.7623,498,26431,0.0355954,1,1,1070886,1070388,498
76372181,34.4445,33.7525,505,26511,0.0562381,0.91,1,1070921,1070416,505
76375101,134.889,33.9505,631,26591,0.0764953,0.65,1,1071081,1070450,631
76418901,41.3293,42.9101,429,27761,0.216751,0.11,1,1071714,1071285,429
76421821,30.6659,30.982,429,27837,0.2607,0.15,1,1071742,1071313,429
76436421,26.1321,26.1578,429,28215,0.406378,0.17,1,1072042,1071613,429
76439341,46.8264,45.2316,431,28290,0.420551,0.21,1,1072094,1071663,431
76442261,10.9653,10.6463,431,28365,0.426221,0.21,1,1072096,1071665,431
76445181,42.9931,2.12926,482,28440,0.416488,0.23,1,1072147,1071665,482
76448101,31.7986,39.6259,462,28514,0.424595,0.29,1,1072176,1071714,462
76451021,33.5597,30.3252,468,28588,0.415838,0.33,1,1072210,1071742,468
76494821,11.4815,48.5048,452,29679,0.76804,0.57,2,1072988,1072536,452
76497741,42.2963,11.301,500,29750,0.769216,0.59,2,1073038,1072538,500
76500661,30.8593,42.2602,478,29821,0.769686,0.59,2,1073066,1072588,478
76503581,7.77185,30.852,452,29892,0.769875,0.59,2,1073068,1072616,452
76506501,28.7544,34.1704,451,29963,0.78195,0.65,2,1073102,1072651,451
76509421,145.751,143.634,455,30034,0.85878,0.67,2,1073277,1072822,455
76512341,56.3502,55.9268,455,30104,0.889512,0.71,2,1073311,1072856,455
76634981,41.046,57.3642,491,32926,0.827776,1,2,1075269,1074778,491
76637901,34.6092,31.4728,499,32990,0.79311,1,2,1075302,1074803,499
76658341,126.762,134.747,491,33436,0.270983,1,1,1075655,1075164,491
76675861,31.4915,38.8244,445,33814,0.225548,0.55,1,1075829,1075384,445
76678781,31.0983,34.1649,443,33877,0.204219,0.53,1,1075860,1075417,443
76684621,28.1239,29.0466,442,34001,0.211475,0.45,1,1075920,1075478,442
76687541,22.4248,25.8093,438,34063,0.23459,0.15,1,1075941,1075503,438
76716741,30.5947,32.6187,459,34679,0.405715,0.23,1,1076352,1075893,459
76719661,23.7189,28.1237,454,34740,0.408286,0.25,1,1076374,1075920,454
76722581,123.144,22.4247,581,34801,0.409314,0.37,1,1076522,1075941,581
76725501,51.8288,119.685,471,34862,0.433726,0.37,1,1076556,1076085,471
76728421,18.3658,49.537,449,34923,0.44349,0.37,1,1076566,1076117,449
76783901,32.5199,30.7667,448,36056,0.780707,0.53,2,1077241,1076793,448
76786821,24.904,23.7533,449,36115,0.822283,0.61,2,1077264,1076815,449
76789741,125.781,123.151,452,36174,0.826913,0.61,2,1077415,1076963,452
76792661,54.7562,53.4301,453,36232,0.816765,0.63,2,1077452,1076999,453
76795581,19.7512,18.686,454,36290,0.824706,0.67,2,1077463,1077009,454
76798501,31.1502,30.1372,455,36348,0.827882,0.67,2,1077497,1077042,455
76801421,7.83005,7.62744,455,36406,0.829153,0.71,2,1077499,1077044,455
76804341,28.766,28.7255,455,36464,0.853661,0.67,2,1077533,1077078,455
76807261,32.9532,32.9451,455,36522,0.887464,0.71,2,1077567,1077112,455
76976621,43.9227,42.4902,493,39738,0.85719,1,2,1079867,1079374,493
76994141,29.7528,34.1173,496,40056,0.240733,1,1,1080038,1079542,496
76999981,37.9901,6.48469,538,40162,0.0565172,1,1,1080112,1079574,538
77002901,33.998,25.2969,541,40215,0.0286069,1,1,1080145,1079604,541
77005821,18.7996,34.6594,519,40268,0.0294428,1,1,1080160,1079641,519
77008741,77.3599,34.1319,577,40320,0.0777771,1,1,1080252,1079675,577
77011661,49.872,90.0264,516,40372,0.0371108,0.93,1,1080295,1079779,516
77014581,37.9744,55.6053,504,40424,0.0448443,0.79,1,1080330,1079826,504
77017501,28.3949,43.9211,489,40476,0.0239377,0.59,1,1080356,1079867,489
77020421,23.279,37.5842,475,40528,0.0515751,0.63,1,1080378,1079903,475
77023341,16.6558,27.5168,465,40580,0.05063,0.55,1,1080393,1079928,465
77026261,20.1312,23.1034,464,40632,0.026252,0.45,1,1080414,1079950,464
77029181,25.6262,23.8207,467,40684,0.0105008,0.29,1,1080441,1079974,467
77032101,24.3252,32.7641,456,40736,0.0342003,0.15,1,1080465,1080009,456
77035021,29.6651,29.7528,458,40788,0.0316801,0.05,1,1080496,1080038,458
77037941,38.733,33.9506,464,40840,0.0306721,0.01,1,1080537,1080073,464
77040861,32.5466,37.9901,456,40892,0.0302688,0.01,1,1080568,1080112,456
77043781,19.3093,33.998,439,40944,0.0121075,0.03,1,1080584,1080145,439
77046701,78.2619,18.7996,517,40996,0.022843,0.11,1,1080677,1080160,517
77049621,47.6524,77.3599,465,41047,0.0271372,0.01,1,1080717,1080252,465
77052541,38.3305,49.872,458,41098,0.0648549,0.05,1,1080753,1080295,458
77055461,26.8661,37.9744,447,41149,0.043942,0.01,1,1080777,1080330,447
77058381,25.3732,28.3949,446,41200,0.0355768,0.07,1,1080802,1080356,446
77061301,17.8746,23.279,440,41251,0.0202307,0.05,1,1080818,1080378,440
77064221,17.1749,16.6558,442,41302,0.0140923,0.01,1,1080835,1080393,442
77067141,28.235,20.1312,452,41353,0.0236369,0,1,1080866,1080414,452
77070061,22.447,25.6262,446,41404,0.0154548,0.05,1,1080887,1080441,446
77072981,30.0894,24.3252,454,41455,0.0121819,0.03,1,1080919,1080465,454
77075901,37.2179,29.6651,462,41506,0.0228728,0.03,1,1080958,1080496,462
77078821,9.04358,38.733,423,41557,0.0391491,0.03,1,1080960,1080537,423
77081741,25.8087,32.5466,422,41608,0.0456596,0,1,1080990,1080568,422
77084661,18.7617,19.3093,423,41659,0.0362639,0.03,1,1081007,1080584,423
77087581,79.7523,78.2619,425,41710,0.0325055,0.03,1,1081102,1080677,425
77090501,47.1505,47.6524,424,41761,0.0430022,0.09,1,1081141,1080717,424
77093421,38.2301,38.3305,424,41812,0.0472009,0.03,1,1081177,1080753,424
77096341,25.246,26.8661,422,41862,0.0968804,0.03,1,1081199,1080777,422
77105101,16.522,17.1749,422,42012,0.0870803,0.03,1,1081257,1080835,422
77108021,28.9044,28.235,423,42062,0.0648321,0.01,1,1081289,1080866,423
77110941,21.7809,22.447,422,42112,0.0559328,0.01,1,1081309,1080887,422
77113861,30.7562,30.0894,423,42162,0.0403731,0.03,1,1081342,1080919,423
77116781,36.5512,37.2179,422,42212,0.0341493,0.05,1,1081380,1080958,422
77119701,8.91025,9.04358,422,42262,0.0316597,0.05,1,1081382,1080960,422
77122621,25.782,25.8087,422,42312,0.0306639,0.03,1,1081412,1080990,422
77125541,19.5564,18.7617,423,42362,0.0302656,0.03,1,1081430,1081007,423
77128461,79.1113,79.7523,422,42412,0.0421062,0.05,1,1081524,1081102,422
77131381,47.8223,47.1505,423,42462,0.0348425,0.05,1,1081564,1081141,423
77134301,40.7645,38.2301,426,42512,0.019937,0.13,1,1081603,1081177,426
77137221,27.3529,25.246,428,42562,0.0499748,0.13,1,1081627,1081199,428
77145981,14.7148,16.522,423,42711,0.210318,0.05,1,1081680,1081257,423
77148901,27.743,28.9044,422,42760,0.222127,0.05,1,1081711,1081289,422
77151821,21.5486,21.7809,422,42809,0.250851,0.03,1,1081731,1081309,422
77154741,30.7097,30.7562,422,42858,0.22634,0.03,1,1081764,1081342,422
77160581,9.06839,8.91025,423,42956,0.0950145,0.03,1,1081805,1081382,423
77163501,25.8137,25.782,423,43005,0.0800058,0.03,1,1081835,1081412,423
77166421,17.9627,5.15641,439,43054,0.0860023,0.03,1,1081851,1081412,439
77169341,78.7926,15.4313,515,43103,0.0764009,0.05,1,1081945,1081430,515
77172261,47.7585,78.2863,461,43152,0.0485604,0.03,1,1081985,1081524,461
77175181,42.3517,47.6573,462,43201,0.0374241,0.01,1,1082026,1081564,462
77178101,29.2703,40.7315,449,43250,0.0449697,0.07,1,1082052,1081603,449
77181021,27.4541,27.3463,452,43299,0.0719879,0.17,1,1082079,1081627,452
77183941,19.8908,23.8693,447,43348,0.0587951,0.17,1,1082097,1081650,447
77186861,15.1782,17.5739,445,43397,0.0535181,0.25,1,1082111,1081666,445
77189781,28.6356,14.7148,463,43446,0.0634072,0.23,1,1082143,1081680,463
77192701,21.7271,27.743,452,43495,0.0793629,0.27,1,1082163,1081711,452
77195621,28.3454,21.5486,462,43544,0.0977452,0.21,1,1082193,1081731,462
77207301,17.287,25.8137,440,43736,0.0904863,0.09,1,1082275,1081835,440
77210221,78.6574,17.9627,518,43784,0.0421945,0.07,1,1082369,1081851,518
77213141,46.1315,78.7926,462,43832,0.0468778,0.03,1,1082407,1081945,462
77216061,44.4263,47.7585,466,43880,0.0247511,0.03,1,1082451,1081985,466
77218981,28.0853,42.3517,449,43928,0.0159004,0.05,1,1082475,1082026,449
77221901,27.2171,29.2703,450,43976,0.0363602,0.09,1,1082502,1082052,450
77224821,19.8434,27.4541,441,44024,0.0445441,0.05,1,1082520,1082079,441
77227741,15.1687,19.8908,437,44072,0.0598176,0.05,1,1082534,1082097,437
77230661,30.2337,15.1782,457,44120,0.0779271,0.07,1,1082568,1082111,457
77233581,22.0467,28.6356,445,44168,0.0851708,0.09,1,1082588,1082143,445
77254021,16.9731,78.6574,424,44503,0.0858119,0.05,1,1082793,1082369,424
77259861,40.3589,44.4263,422,44597,0.0821299,0.01,1,1082873,1082451,422
77262781,27.2718,28.0853,422,44644,0.074852,0.05,1,1082897,1082475,422
77265701,28.6544,27.2171,424,44691,0.0479408,0.05,1,1082926,1082502,424
77268621,20.1309,19.8434,424,44738,0.0731763,0.07,1,1082944,1082520,424
77271541,16.0262,15.1687,425,44785,0.0712705,0.09,1,1082959,1082534,425
77294901,72.8675,76.8657,425,45161,0.229499,0.07,1,1083216,1082791,425
77297821,16.1735,16.9731,425,45208,0.2178,0.11,1,1083218,1082793,425
77300741,33.6347,33.7946,425,45255,0.23712,0.07,1,1083256,1082831,425
77303661,37.9269,40.3589,422,45302,0.268848,0.07,1,1083295,1082873,422
77306581,28.3854,27.2718,424,45349,0.281539,0.03,1,1083321,1082897,424
77309501,28.8771,28.6544,424,45396,0.298616,0.09,1,1083350,1082926,424
77335781,16.3489,16.3376,430,45810,0.419072,0.25,1,1083559,1083129,430
77440901,25.0392,30.6359,451,47441,0.773466,0.57,2,1084653,1084202,451
77443821,29.0078,30.9272,450,47485,0.795387,0.57,2,1084683,1084233,450
77446741,20.2016,20.5854,450,47529,0.804155,0.59,2,1084701,1084251,450
77449661,18.4403,17.7171,451,47573,0.783662,0.57,2,1084719,1084268,451
77452581,30.8881,31.5434,450,47617,0.823465,0.55,2,1084753,1084303,450
77455501,23.7776,23.1087,451,47661,0.863386,0.61,2,1084775,1084324,451
77642381,21.0368,25.2061,505,50412,0.891239,1,2,1086663,1086158,505
77645301,33.8074,25.8412,516,50454,0.842496,1,2,1086700,1086184,516
77648221,28.3615,40.3682,499,50496,0.822998,1,2,1086727,1086228,499
77651141,26.4723,31.2736,496,50538,0.815199,0.99,2,1086753,1086257,496
77654061,30.8945,31.8547,496,50580,0.77608,1,2,1086785,1086289,496
77656981,30.9789,27.1709,501,50622,0.772432,1,2,1086816,1086315,501
77659901,26.1958,22.2342,505,50664,0.758973,0.93,2,1086841,1086336,505
77727061,15.6438,17.4312,449,51610,0.757047,0.59,2,1087470,1087021,449
77729981,18.3288,18.6862,449,51651,0.776819,0.61,2,1087489,1087040,449
77732901,27.6658,25.3372,452,51692,0.820727,0.59,2,1087519,1087067,452
77735821,20.7332,21.0674,451,51733,0.862291,0.59,2,1087538,1087087,451
77738741,20.1466,18.6135,453,51774,0.866916,0.59,2,1087558,1087105,453
77741661,18.4293,3.7227,471,51815,0.868767,0.65,2,1087576,1087105,471
77744581,34.0859,16.7445,489,51856,0.881507,0.69,2,1087614,1087125,489
77747501,26.0172,32.1489,477,51897,0.886603,0.67,2,1087638,1087161,477
77750421,25.2034,26.4298,477,51938,0.876641,0.65,2,1087663,1087186,477
77756261,33.0081,27.9372,489,52020,0.897463,0.71,2,1087727,1087238,489
77759181,27.4016,31.1874,483,52060,0.892985,0.77,2,1087753,1087270,483
77779621,20.0288,15.6438,480,52340,0.882035,0.79,2,1087950,1087470,480
78005921,220.102,241.715,454,24820,0.24664,0.65,1,1090164,1089710,454
78011761,50.5641,76.8686,455,25716,0.0718624,0.35,1,1090277,1089822,455
78014681,62.1128,60.1737,464,25798,0.094745,0.21,1,1090342,1089878,464
78026361,57.6098,57.8243,454,26125,0.205129,0.05,1,1090512,1090058,454
78029281,55.522,58.7649,450,26206,0.220052,0.07,1,1090567,1090117,450
78032201,88.7044,49.353,500,26287,0.250021,0.01,1,1090664,1090164,500
78035121,46.5409,70.6706,460,26368,0.274008,0.05,1,1090700,1090240,460
78038041,63.7082,43.7341,491,26448,0.295603,0.11,1,1090768,1090277,491
78049721,58.9307,32.038,496,26767,0.415807,0.21,1,1090944,1090448,496
78052641,55.7861,57.6076,487,26846,0.436323,0.23,1,1090999,1090512,487
78055561,12.7572,55.5215,434,26925,0.444529,0.27,1,1091001,1090567,434
78093521,61.9727,60.8716,448,27930,0.767381,0.55,2,1091713,1091265,448
78096441,25.9945,25.7743,448,28006,0.768952,0.55,2,1091730,1091282,448
78099361,37.9989,37.1549,449,28082,0.757581,0.61,2,1091771,1091322,449
78102281,62.7998,59.431,453,28157,0.753032,0.67,2,1091840,1091387,453
78105201,58.96,56.6862,455,28232,0.763213,0.67,2,1091898,1091443,455
78108121,13.392,12.9372,455,28307,0.791285,0.69,2,1091900,1091445,455
78111041,84.2784,82.5874,457,28382,0.814514,0.69,2,1092002,1091545,457
78113961,45.6557,16.5175,493,28457,0.823806,0.73,2,1092038,1091545,493
78116881,66.7311,32.1035,529,28531,0.827522,0.75,2,1092110,1091581,529
78119801,62.1462,63.2207,519,28605,0.817009,0.79,2,1092171,1091652,519
78122721,26.8292,61.4441,476,28679,0.812804,0.77,2,1092189,1091713,476
78125641,37.3658,25.8888,499,28753,0.823121,0.75,2,1092229,1091730,499
78128561,63.4732,37.9778,528,28827,0.875249,0.75,2,1092299,1091771,528
78236601,30.1344,34.9418,504,31429,0.872413,1,2,1094097,1093593,504
78239521,31.6269,28.5884,509,31496,0.858965,1,2,1094129,1093620,509
78242441,59.1254,36.9177,536,31563,0.817586,1,2,1094195,1093659,536
78280401,73.0137,36.765,535,32424,0.769086,0.55,2,1094821,1094286,535
78283321,43.4027,72.153,490,32489,0.793634,0.67,2,1094857,1094367,490
78286241,63.8805,45.6306,520,32554,0.827454,0.65,2,1094926,1094406,520
78289161,33.5761,63.5261,478,32619,0.864981,0.65,2,1094952,1094474,478
78292081,30.7152,33.5052,482,32684,0.879993,0.63,2,1094982,1094500,482
78467281,26.4678,32.073,496,36361,0.874576,1,2,1097505,1097009,496
78470201,33.2936,33.6146,497,36419,0.83583,1,2,1097540,1097043,497
78473121,30.6587,29.1229,499,36477,0.772332,1,2,1097570,1097071,499
78540281,29.5086,24.8351,475,37787,0.756316,0.53,2,1098443,1097968,475
78543201,27.5017,28.967,472,37843,0.776526,0.53,2,1098470,1097998,472
78546121,35.1003,27.3934,482,37899,0.772611,0.55,2,1098507,1098025,482
78549041,42.2201,31.8787,493,37955,0.831044,0.59,2,1098551,1098058,493
78551961,51.644,40.7757,504,38011,0.878418,0.61,2,1098605,1098101,504
78554881,59.9288,50.5551,513,38067,0.897367,0.65,2,1098667,1098154,513
78797241,37.5659,31.6338,508,42422,0.8884,1,2,1101677,1101169,508
78800161,30.7132,38.3268,497,42472,0.81736,1,2,1101706,1101209,497
78803081,26.9426,28.4654,497,42522,0.764944,1,2,1101732,1101235,497
78887761,41.551,21.2232,490,43937,0.751581,0.47,2,1102674,1102184,490
78890681,32.3102,41.0446,474,43985,0.762632,0.45,2,1102704,1102230,474
78893601,23.262,33.0089,464,44033,0.803053,0.47,2,1102725,1102261,464
78896521,22.2524,21.8018,467,44081,0.771221,0.51,2,1102747,1102280,467
78899441,45.2505,20.3604,498,44129,0.806489,0.55,2,1102798,1102300,498
78902361,34.6501,44.0721,480,44177,0.820595,0.55,2,1102830,1102350,480
78905281,26.93,34.4144,473,44225,0.814238,0.57,2,1102855,1102382,473
78908201,42.986,26.0829,496,44273,0.799695,0.59,2,1102902,1102406,496
78911121,39.7972,39.6166,492,44321,0.853878,0.61,2,1102941,1102449,492
78914041,31.1594,38.3233,483,44369,0.851551,0.65,2,1102970,1102487,483
78916961,38.2319,30.8647,494,44417,0.88662,0.69,2,1103010,1102516,494
79163701,81.4173,89.1761,481,22093,0.273151,0.57,1,1105721,1105240,481
79166621,77.0835,80.2352,479,22189,0.259261,0.49,1,1105797,1105318,479
79169541,92.2167,91.247,481,22285,0.265704,0.41,1,1105893,1105412,481
79172461,57.6433,71.8494,463,22380,0.232282,0.27,1,1105942,1105479,463
79175381,47.5287,50.3699,463,22475,0.230913,0.23,1,1105987,1105524,463
79178301,30.3057,44.474,446,22569,0.242365,0.27,1,1106013,1105567,446
79181221,66.0611,20.0948,507,22663,0.234946,0.29,1,1106088,1105581,507
79184141,65.2122,62.419,499,22757,0.207978,0.19,1,1106153,1105654,499
79192901,56.5857,91.6034,480,23035,0.202191,0.21,1,1106373,1105893,480
79195821,48.9171,57.5207,478,23127,0.254876,0.23,1,1106420,1105942,478
79198741,31.3834,47.5041,460,23219,0.299951,0.25,1,1106447,1105987,460
79213341,56.8689,90.9285,479,23672,0.422812,0.21,1,1106804,1106325,479
79216261,52.1738,56.5857,482,23762,0.427125,0.29,1,1106855,1106373,482
79219181,33.6348,48.9171,464,23851,0.44085,0.33,1,1106884,1106420,464
79257141,98.0657,94.4824,453,24982,0.768668,0.67,2,1107651,1107198,453
79260061,61.2131,58.8965,455,25067,0.805467,0.69,2,1107703,1107248,455
79262981,52.2426,52.5793,454,25152,0.832187,0.63,2,1107753,1107299,454
79265901,32.8485,35.3159,451,25236,0.818875,0.59,2,1107781,1107330,451
79268821,63.3697,63.0632,452,25320,0.84955,0.59,2,1107852,1107400,452
79271741,14.2739,14.2126,452,25404,0.86182,0.67,2,1107854,1107402,452
79388541,60.0882,59.215,523,28550,0.89656,1,2,1110132,1109609,523
79391461,35.2176,43.043,513,28624,0.832624,1,2,1110161,1109648,513
79394381,67.0435,46.2086,541,28698,0.84305,1,2,1110236,1109695,541
79397301,40.6087,59.6417,512,28772,0.79922,1,2,1110270,1109758,512
79400221,35.3217,45.5283,504,28846,0.757688,1,2,1110304,1109800,504
79403141,68.6644,39.5057,543,28919,0.777075,1,2,1110381,1109838,543
79406061,37.7329,63.1011,504,28992,0.76083,1,2,1110411,1109907,504
79408981,73.1466,39.0202,553,29065,0.778332,0.96,2,1110493,1109940,553
79411901,46.6293,74.204,510,29138,0.809333,0.91,2,1110533,1110023,510
79414821,60.5259,52.4408,527,29211,0.821733,0.87,2,1110597,1110070,527
79417741,35.3052,60.0882,494,29283,0.850693,0.79,2,1110626,1110132,494
79546221,52.5373,39.3818,537,32310,0.865286,1,2,1112734,1112197,537
79549141,51.3075,67.0764,514,32375,0.784115,1,2,1112785,1112271,514
79557901,36.4105,44.5366,508,32570,0.208823,0.97,1,1112930,1112422,508
79563741,43.3764,47.0615,511,32700,0.0550117,1,1,1113012,1112501,511
79566661,54.2753,39.8123,530,32765,0.0280047,0.95,1,1113069,1112539,530
79569581,12.4551,59.1625,468,32830,0.0172019,0.93,1,1113071,1112603,468
79572501,32.891,41.4325,469,32894,0.0248808,0.95,1,1113109,1112640,469
79575421,36.1782,38.6865,468,32958,0.0519523,0.81,1,1113146,1112678,468
79578341,48.0356,52.5373,463,33022,0.0507809,0.73,1,1113197,1112734,463
79581261,40.0071,51.3075,450,33086,0.0863124,0.39,1,1113235,1112785,450
79587101,45.9203,54.0523,430,33214,0.05821,0.11,1,1113328,1112898,430
79590021,29.9841,36.4105,424,33278,0.077284,0.09,1,1113354,1112930,424
79592941,34.7968,36.8821,423,33342,0.0969136,0,1,1113390,1112967,423
79595861,42.1594,43.3764,422,33405,0.0387654,0.01,1,1113434,1113012,422
79598781,54.8319,54.2753,423,33468,0.0155062,0.01,1,1113492,1113069,423
79601701,12.5664,12.4551,423,33531,0.0122025,0.03,1,1113494,1113071,423
79604621,32.9133,32.891,423,33594,0.010881,0.07,1,1113532,1113109,423
79607541,37.7827,36.1782,425,33657,0.0343524,0.05,1,1113571,1113146,425
79610461,46.7565,48.0356,423,33720,0.067741,0.11,1,1113620,1113197,423
79625061,35.6233,34.7968,425,34032,0.239282,0,1,1113815,1113390,425
79636741,31.3274,2.51327,459,34280,0.0751976,0.01,1,1113953,1113494,459
79639661,39.8655,30.9027,463,34342,0.036079,0.05,1,1113995,1113532,463
79642581,46.3731,37.3805,472,34404,0.0324316,0.09,1,1114043,1113571,472
79645501,42.8746,46.6761,465,34465,0.0669726,0.13,1,1114085,1113620,465
79648421,46.1749,40.5352,473,34526,0.0927891,0.13,1,1114132,1113659,473
79674701,46.1167,39.8655,470,35073,0.0936407,0.03,1,1114465,1113995,470
79677621,43.6233,46.3731,465,35133,0.0794563,0.09,1,1114508,1114043,465
79709741,39.4248,46.1167,426,35789,0.224695,0.07,1,1114891,1114465,426
79712661,41.485,43.6233,425,35848,0.239878,0.13,1,1114933,1114508,425
79715581,50.697,48.7247,428,35907,0.293951,0.19,1,1114986,1114558,428
79724341,38.2296,38.1178,431,36084,0.417453,0.15,1,1115104,1114673,431
79727261,34.8459,36.4236,429,36143,0.400981,0.17,1,1115138,1114709,429
79779821,44.2895,41.8569,448,37180,0.784487,0.53,2,1115773,1115325,448
79782741,43.2579,8.37139,491,37237,0.823795,0.55,2,1115816,1115325,491
79785661,55.0516,35.2743,507,37294,0.791518,0.61,2,1115874,1115367,507
79788581,56.6103,51.0549,509,37351,0.790607,0.69,2,1115931,1115422,509
79791501,32.1221,55.011,479,37408,0.790243,0.67,2,1115957,1115478,479
79794421,39.2244,32.6022,493,37464,0.790097,0.69,2,1115998,1115505,493
79797341,36.6449,38.5204,489,37520,0.802039,0.67,2,1116034,1115545,489
79800261,59.329,35.7041,519,37576,0.806816,0.73,2,1116099,1115580,519
79803181,13.4658,56.7408,459,37632,0.820726,0.73,2,1116101,1115642,459
79806101,28.2932,12.9482,489,37688,0.82629,0.73,2,1116133,1115644,489
79809021,40.0586,28.1896,500,37744,0.852516,0.75,2,1116176,1115676,500
79811941,9.61173,39.2379,460,37800,0.863006,0.75,2,1116178,1115718,460
79814861,47.5223,9.44759,515,37856,0.855203,0.81,2,1116235,1115720,515
79817781,43.1045,44.2895,504,37912,0.840081,0.85,2,1116277,1115773,504
79820701,54.2209,43.2579,518,37968,0.858032,0.77,2,1116334,1115816,518
79823621,56.4442,55.0516,517,38024,0.877213,0.79,2,1116391,1115874,517
79826541,32.0888,56.6103,486,38080,0.884885,0.79,2,1116417,1115931,486
79960861,28.5601,27.2358,514,40551,0.861424,1,2,1118106,1117592,514
79963781,26.512,24.6472,516,40603,0.75857,1,2,1118132,1117616,516
79984221,34.8029,43.051,511,40967,0.0676652,1,1,1118393,1117882,511
79987141,62.1606,42.2102,538,41019,0.0810661,1,1,1118462,1117924,538
79990061,34.0321,58.042,503,41070,0.0744264,0.96,1,1118489,1117986,503
79992981,30.0064,34.0084,504,41121,0.0477706,0.86,1,1118518,1118014,504
79995901,25.2013,34.0017,494,41172,0.0371082,0.91,1,1118542,1118048,494
79998821,24.2403,30.8003,488,41223,0.0328433,0.83,1,1118566,1118078,488
80001741,22.4481,28.5601,482,41274,0.0131373,0.69,1,1118588,1118106,482
80004661,25.2896,26.512,482,41325,0.0352549,0.65,1,1118614,1118132,482
80007581,29.8579,30.9024,481,41376,0.020102,0.59,1,1118645,1118164,481
80010501,31.5716,34.9805,477,41427,0.0260408,0.45,1,1118677,1118200,477
80013421,30.3143,35.7961,471,41478,0.0404163,0.27,1,1118707,1118236,471
80016341,26.8629,38.3592,458,41529,0.0341665,0.27,1,1118733,1118275,458
80019261,6.97257,30.0718,432,41580,0.0316666,0.05,1,1118735,1118303,432
80022181,46.1945,54.0144,428,41631,0.0426666,0.01,1,1118791,1118363,428
80025101,32.4389,34.8029,427,41682,0.0590667,0.09,1,1118820,1118393,427
80028021,61.6878,62.1606,427,41733,0.0296267,0.07,1,1118889,1118462,427
80030941,31.5376,34.0321,424,41784,0.0118507,0.03,1,1118913,1118489,424
80033861,28.7075,30.0064,423,41835,0.0827403,0.03,1,1118941,1118518,423
80048461,29.0575,29.8579,422,42085,0.0760633,0.03,1,1119067,1118645,422
80051381,33.0115,31.5716,424,42135,0.0364253,0.05,1,1119101,1118677,424
80054301,30.6023,30.3143,424,42185,0.0685701,0.03,1,1119131,1118707,424
80057221,26.9205,26.8629,424,42235,0.057428,0.03,1,1119157,1118733,424
80060141,6.98409,6.97257,424,42285,0.0529712,0.05,1,1119159,1118735,424
80063061,46.1968,46.1945,424,42335,0.0871885,0.07,1,1119215,1118791,424
80071821,32.2736,31.5376,423,42485,0.0691801,0.13,1,1119336,1118913,423
80074741,31.2547,28.7075,426,42535,0.069672,0.15,1,1119367,1118941,426
80077661,24.6509,24.9415,425,42585,0.0338688,0.13,1,1119390,1118965,425
80080581,28.1302,24.1883,430,42635,0.0195475,0.17,1,1119419,1118989,430
80083501,20.026,22.4377,426,42684,0.013819,0.09,1,1119437,1119011,426
80086421,24.8052,25.2875,426,42733,0.0235276,0.05,1,1119463,1119037,426
80089341,28.161,29.0575,425,42782,0.039411,0.01,1,1119492,1119067,425
80092261,30.4322,33.0115,422,42831,0.0577644,0.09,1,1119523,1119101,422
80095181,31.6864,30.6023,424,42880,0.0531058,0.05,1,1119555,1119131,424
80098101,25.5373,26.9205,422,42929,0.0512423,0.05,1,1119579,1119157,422
80101021,6.70746,6.98409,422,42978,0.0744969,0.11,1,1119581,1119159,422
80106861,30.0283,9.23936,452,43076,0.0851195,0.15,1,1119667,1119215,452
80109781,59.6057,23.4479,492,43125,0.0640478,0.13,1,1119734,1119242,492
80112701,31.1211,59.8896,447,43174,0.0676191,0.03,1,1119758,1119311,447
80115621,31.0242,31.9779,453,43223,0.0570477,0.07,1,1119789,1119336,453
80118541,24.6048,31.1956,445,43272,0.0648191,0.01,1,1119812,1119367,445
80121461,27.321,24.6391,450,43321,0.0679276,0.01,1,1119840,1119390,450
80124381,19.8642,28.1278,439,43370,0.069171,0.01,1,1119858,1119419,439
80127301,25.5728,20.0256,448,43419,0.0816684,0.03,1,1119885,1119437,448
80130221,29.1146,24.8051,452,43468,0.0986674,0.05,1,1119915,1119463,452
80153581,29.5019,59.6057,446,43853,0.205365,0.07,1,1120180,1119734,446
80156501,31.5004,31.1211,454,43901,0.232146,0.05,1,1120212,1119758,454
80159421,25.5001,31.0242,447,43949,0.242858,0.07,1,1120236,1119789,447
80162341,27.5,24.6048,452,43997,0.247143,0.07,1,1120264,1119812,452
80165261,20.7,27.321,443,44045,0.260857,0.07,1,1120283,1119840,443
80188621,29.71,51.7418,454,44429,0.41724,0.19,1,1120521,1120067,454
80191541,7.54199,29.5484,432,44476,0.424896,0.21,1,1120523,1120091,432
80247021,25.7594,25.5289,447,45369,0.765152,0.55,2,1121117,1120670,447
80249941,27.5519,27.5058,447,45415,0.756061,0.53,2,1121145,1120698,447
80252861,23.1104,22.3012,448,45461,0.776424,0.51,2,1121167,1120719,448
80255781,28.6221,29.2602,447,45507,0.77257,0.57,2,1121197,1120750,447
80261621,32.1849,32.5304,449,45599,0.760811,0.61,2,1121263,1120814,449
80264541,32.837,32.1061,450,45645,0.778324,0.59,2,1121296,1120846,450
80267461,25.7674,26.4212,449,45691,0.77333,0.59,2,1121320,1120871,449
80270381,6.75348,6.88424,449,45737,0.795332,0.59,2,1121322,1120873,449
80273301,56.5507,54.9769,451,45783,0.840133,0.61,2,1121391,1120940,451
80276221,31.3101,30.1954,452,45829,0.858053,0.61,2,1121416,1120964,452
80279141,7.86203,7.63907,452,45875,0.889221,0.69,2,1121418,1120966,452
80282061,57.5724,55.9278,454,45921,0.889688,0.69,2,1121488,1121034,454
80284981,32.3145,11.1856,480,45967,0.889875,0.67,2,1121514,1121034,480
80287901,36.0629,23.0371,491,46013,0.85395,0.77,2,1121551,1121060,491
80290821,26.4126,31.0074,482,46059,0.85158,0.79,2,1121575,1121093,482
80293741,27.6825,25.4015,486,46105,0.850632,0.75,2,1121603,1121117,486
80296661,23.1365,27.4803,480,46151,0.850253,0.79,2,1121625,1121145,480
80299581,29.4273,23.0961,489,46197,0.838101,0.77,2,1121656,1121167,489
80302501,31.4855,28.6192,491,46243,0.83324,0.73,2,1121688,1121197,491
80305421,33.4971,32.9238,491,46289,0.843296,0.77,2,1121722,1121231,491
80308341,33.0994,32.1848,492,46335,0.835319,0.79,2,1121755,1121263,492
80311261,25.8199,32.837,483,46381,0.856127,0.77,2,1121779,1121296,483
80314181,6.76398,25.7674,461,46426,0.864451,0.81,2,1121781,1121320,461
80317101,58.9528,6.75348,531,46471,0.87978,0.87,2,1121853,1121322,531
80320021,33.3906,56.5507,489,46516,0.885912,0.87,2,1121880,1121391,489
80322941,8.27811,31.3101,466,46561,0.888365,0.91,2,1121882,1121416,466
80530261,403.27,450.288,464,21900,0.405424,0.71,1,1124058,1123594,464
80533181,139.854,130.858,487,22724,0.20417,0.59,1,1124132,1123645,487
80547781,60.6681,66.2192,448,23187,0.0896715,0.09,1,1124450,1124002,448
80550701,23.3336,34.8438,435,23278,0.0778686,0.05,1,1124464,1124029,435
80553621,79.0667,30.1688,499,23369,0.0611474,0.07,1,1124557,1124058,499
80559461,57.4027,66.6468,481,23550,0.0949836,0.11,1,1124680,1124199,481
80562381,67.4805,56.5294,497,23640,0.0679934,0.21,1,1124750,1124253,497
80565301,68.6961,64.1059,500,23730,0.0691974,0.13,1,1124819,1124319,500
80568221,57.7392,71.2212,482,23819,0.081679,0.05,1,1124874,1124392,482
80582821,56.0466,57.4026,426,24261,0.216385,0.05,1,1125106,1124680,426
80585741,65.6093,67.4805,424,24348,0.236554,0.07,1,1125174,1124750,424
80588661,69.1219,68.6961,425,24435,0.280622,0.09,1,1125244,1124819,425
80591581,60.2244,57.7392,428,24522,0.298249,0.13,1,1125302,1124874,428
80603261,73.0372,72.2332,433,24866,0.407235,0.23,1,1125487,1125054,433
80606181,56.2074,56.0466,433,24951,0.432894,0.25,1,1125539,1125106,433
80609101,66.4415,65.6093,434,25036,0.407158,0.31,1,1125608,1125174,434
80612021,71.6883,69.1219,437,25121,0.444863,0.31,1,1125681,1125244,437
80652901,58.7711,73.3643,502,26277,0.774174,0.57,2,1126429,1125927,502
80655821,66.9542,57.0729,518,26358,0.84367,0.61,2,1126498,1125980,518
80658741,76.5908,66.6146,528,26438,0.871468,0.63,2,1126577,1126049,528
80661661,63.3182,74.1229,512,26518,0.882587,0.61,2,1126637,1126125,512
80664581,23.8636,63.6246,465,26598,0.899035,0.61,2,1126651,1126186,465
80670421,84.4745,6.38498,555,26757,0.884246,0.67,2,1126757,1126202,555
80924461,38.6872,39.3949,506,32932,0.874,1,2,1131057,1130551,506
80930301,44.5875,47.0158,495,33060,0.44584,1,1,1131186,1130691,495
80933221,61.7175,77.4032,476,33124,0.208336,1,1,1131252,1130776,476
80939061,49.0287,39.7361,486,33252,0.0549338,1,1,1131339,1130853,486
80941981,25.0057,33.5472,473,33316,0.0759735,1,1,1131358,1130885,473
80944901,31.4011,35.5094,470,33379,0.0843894,1,1,1131391,1130921,470
80947821,35.0802,35.9019,470,33442,0.0757558,1,1,1131427,1130957,470
80950741,28.616,31.1804,467,33505,0.0363023,0.95,1,1131454,1130987,467
80953661,25.7232,29.4361,463,33568,0.0205209,0.81,1,1131479,1131016,463
80956581,36.3446,38.6872,461,33631,0.0262084,0.45,1,1131518,1131057,461
80959501,64.8689,82.9374,439,33694,0.0764833,0.33,1,1131590,1131151,439
80962421,35.3738,44.5875,432,33757,0.0725933,0.05,1,1131618,1131186,432
80965341,51.8748,61.7175,422,33820,0.0950373,0.09,1,1131674,1131252,422
80968261,41.575,41.1435,425,33883,0.0440149,0,1,1131713,1131288,425
80971181,48.315,49.0287,424,33945,0.017606,0.09,1,1131763,1131339,424
80974101,24.063,25.0057,423,34007,0.0490424,0.09,1,1131781,1131358,423
80977021,32.8126,31.4011,425,34069,0.025617,0.07,1,1131816,1131391,425
80979941,32.9625,35.0802,422,34131,0.0282468,0.01,1,1131849,1131427,422
80982861,28.1925,28.616,422,34193,0.0412987,0.01,1,1131876,1131454,422
80985781,25.6385,25.7232,422,34255,0.0465195,0.01,1,1131901,1131479,422
80988701,36.3277,5.14464,461,34317,0.0366078,0.03,1,1131940,1131479,461
80991621,65.6655,32.2289,495,34379,0.0446431,0.11,1,1132013,1131518,495
80994541,37.9331,64.0458,454,34441,0.0838573,0.07,1,1132044,1131590,454
81000381,40.2373,51.8418,460,34563,0.0554172,0.01,1,1132134,1131674,460
81003301,48.8475,41.5684,472,34624,0.0221669,0,1,1132185,1131713,472
81006221,24.1695,48.3137,440,34685,0.0268667,0.07,1,1132203,1131763,440
81009141,32.8339,24.0627,457,34746,0.0527467,0.01,1,1132238,1131781,457
81012061,32.1668,32.8125,454,34807,0.0630987,0.03,1,1132270,1131816,454
81014981,28.0334,32.9625,448,34868,0.0552395,0.05,1,1132297,1131849,448
81017901,25.6067,28.1925,446,34929,0.0280958,0.05,1,1132322,1131876,446
81020821,37.1213,25.6385,461,34990,0.0412383,0.03,1,1132362,1131901,461
81035421,48.6532,40.2373,473,35290,0.0728543,0,1,1132607,1132134,473
81038341,24.1306,48.8475,440,35350,0.0471417,0.03,1,1132625,1132185,440
81041261,32.8261,24.1695,457,35410,0.0488567,0.07,1,1132660,1132203,457
81044181,32.1652,32.8339,454,35470,0.0495427,0.07,1,1132692,1132238,454
81047101,29.633,32.1668,451,35530,0.0738171,0.05,1,1132721,1132270,451
81050021,23.5266,28.0334,446,35589,0.0835268,0.01,1,1132743,1132297,446
81052941,39.1053,25.6067,464,35648,0.0394107,0.05,1,1132786,1132322,464
81055861,9.42106,37.1213,426,35707,0.0217643,0.15,1,1132788,1132362,426
81058781,65.8842,68.2243,430,35766,0.0867057,0.17,1,1132868,1132438,430
81073381,23.4195,24.1306,423,36061,0.0507215,0.05,1,1133048,1132625,423
81076301,33.4839,32.8261,424,36120,0.0262886,0.05,1,1133084,1132660,424
81079221,32.2968,32.1652,424,36179,0.0285154,0.09,1,1133116,1132692,424
81082141,31.2594,29.633,426,36237,0.0114062,0.09,1,1133147,1132721,426
81085061,22.2519,23.5266,424,36295,0.0225625,0.01,1,1133167,1132743,424
81087981,38.8504,39.1053,424,36353,0.039025,0.01,1,1133210,1132786,424
81090901,9.37007,9.42106,424,36411,0.02161,0.13,1,1133212,1132788,424
81093821,68.274,65.8842,427,36469,0.038644,0.11,1,1133295,1132868,427
81096741,38.4548,37.1768,428,36527,0.0694576,0.11,1,1133326,1132898,428
81099661,51.691,51.4354,428,36585,0.093783,0.17,1,1133381,1132953,428
81128861,68.2421,68.274,422,37158,0.0899028,0.05,1,1133717,1133295,422
81131781,40.8484,13.6548,456,37215,0.0659611,0.09,1,1133751,1133295,456
81134701,52.9697,27.531,481,37272,0.0803845,0.11,1,1133807,1133326,481
81149301,32.104,34.0376,460,37555,0.215988,0.15,1,1133967,1133507,460
81152221,28.8208,32.4075,456,37611,0.224395,0.13,1,1133995,1133539,456
81155141,21.7642,31.2815,445,37667,0.227758,0.09,1,1134015,1133570,445
81158061,37.1528,22.2563,466,37723,0.253103,0.15,1,1134056,1133590,466
81160981,9.03057,38.0513,426,37779,0.263241,0.11,1,1134058,1133632,426
81172661,38.6256,52.9697,460,38003,0.438211,0.13,1,1134267,1133807,460
81257341,34.4024,34.2987,453,39583,0.75553,0.63,2,1135265,1134812,453
81260261,32.4805,32.4597,453,39636,0.752212,0.65,2,1135297,1134844,453
81263181,29.6961,28.8919,454,39689,0.774885,0.67,2,1135326,1134872,454
81266101,22.7392,21.7784,455,39742,0.795954,0.73,2,1135347,1134892,455
81269021,40.5478,39.5557,456,39795,0.840382,0.73,2,1135392,1134936,456
81271941,9.70957,9.51114,456,39848,0.858153,0.73,2,1135394,1134938,456
81274861,72.3419,72.3022,456,39901,0.841261,0.69,2,1135482,1135026,456
81277781,44.8684,44.8604,456,39954,0.870504,0.69,2,1135520,1135064,456
81283621,13.1547,13.4744,454,40060,0.896481,0.69,2,1135583,1135129,454
81286541,33.0309,2.69488,492,40113,0.868592,0.67,2,1135621,1135129,492
81289461,41.0062,30.139,498,40166,0.881437,0.73,2,1135664,1135166,498
81292381,24.2012,39.6278,476,40219,0.886575,0.75,2,1135684,1135208,476
81438381,44.4655,53.9334,480,42763,0.791564,1,2,1137475,1136995,480
81447141,32.1957,32.6875,491,42910,0.44546,1,1,1137578,1137087,491
81455901,36.8336,4.9335,536,43057,0.256269,1,1,1137677,1137141,536
81458821,24.1667,20.1867,533,43106,0.252508,1,1,1137698,1137165,533
81464661,26.7267,32.9675,509,43204,0.0896012,0.95,1,1137743,1137234,509
81467581,34.9453,30.5935,516,43253,0.0658405,1,1,1137780,1137264,516
81470501,30.9891,34.9187,510,43302,0.0563362,1,1,1137810,1137300,510
81473421,46.1978,34.1837,526,43351,0.0285345,0.92,1,1137860,1137334,526
81476341,33.2396,55.6367,495,43400,0.0414138,0.89,1,1137890,1137395,495
81479261,38.6479,38.3273,501,43449,0.0225655,0.71,1,1137930,1137429,501
81482181,31.7296,44.4655,485,43498,0.00902621,0.55,1,1137960,1137475,485
81485101,31.9459,36.8931,482,43547,0.0216105,0.45,1,1137992,1137510,482
81488021,27.9892,36.9786,472,43595,0.0506442,0.39,1,1138019,1137547,472
81490941,23.1978,32.1957,463,43643,0.0622577,0.51,1,1138041,1137578,463
81493861,31.0396,24.8391,473,43691,0.0549031,0.27,1,1138074,1137601,473
81496781,34.2079,36.1678,469,43739,0.0999612,0.19,1,1138109,1137640,469
81517221,33.0885,46.1978,453,44075,0.0834753,0.05,1,1138313,1137860,453
81520141,37.0177,33.2396,461,44123,0.0633901,0.01,1,1138351,1137890,461
81523061,32.2035,38.6479,452,44171,0.079356,0,1,1138382,1137930,452
81525981,34.4407,31.7296,457,44219,0.0617424,0.03,1,1138417,1137960,457
81528901,27.6881,31.9459,451,44267,0.066697,0.07,1,1138443,1137992,451
81531821,23.1376,27.9892,446,44315,0.0686788,0.07,1,1138465,1138019,446
81534741,31.8275,23.1978,458,44363,0.0814715,0.05,1,1138499,1138041,458
81537661,35.9655,31.0396,462,44411,0.0745886,0.13,1,1138536,1138074,462
81563941,34.3348,37.0177,424,44834,0.229656,0.09,1,1138775,1138351,424
81566861,31.667,32.2035,424,44881,0.217862,0.05,1,1138806,1138382,424
81601901,42.0806,42.3698,430,45444,0.22276,0.17,1,1139137,1138707,430
81604821,35.6161,35.674,430,45490,0.215104,0.27,1,1139171,1138741,430
81607741,36.7232,34.3348,433,45536,0.296042,0.21,1,1139208,1138775,433
81651541,40.1424,35.613,473,46226,0.42664,0.35,1,1139644,1139171,473
81721621,13.9775,5.89491,462,47309,0.761456,0.53,2,1140311,1139849,462
81724541,21.9955,13.179,471,47354,0.766582,0.55,2,1140335,1139864,471
81727461,5.9991,21.0358,450,47399,0.768633,0.59,2,1140337,1139887,450
81730381,36.3998,37.8072,452,47443,0.817453,0.63,2,1140381,1139929,452
81733301,35.28,34.7614,453,47487,0.860981,0.65,2,1140416,1139963,453
81736221,44.656,42.9523,455,47531,0.866392,0.69,2,1140463,1140008,455
81739141,39.3312,38.1905,456,47575,0.844557,0.67,2,1140501,1140045,456
81742061,42.2662,42.0381,456,47619,0.871823,0.69,2,1140544,1140088,456
81747901,34.1706,33.2015,458,47707,0.896692,0.73,2,1140611,1140153,458
81955221,33.6223,29.799,495,50749,0.855997,1,2,1142699,1142204,495
81958141,31.5245,24.3598,503,50791,0.780399,1,2,1142730,1142227,503
81984421,39.1603,43.6657,483,51160,0.296981,1,1,1142960,1142477,483
81987341,35.8321,39.9331,479,51201,0.232792,1,1,1142995,1142516,479
81996101,26.9747,26.7835,474,51324,0.0717787,0.91,1,1143077,1142603,474
81999021,30.9949,32.5567,472,51365,0.0587115,0.97,1,1143109,1142637,472
82001941,25.399,28.1113,469,51406,0.0894846,0.79,1,1143133,1142664,469
82007781,23.416,31.5245,455,51488,0.0923175,0.63,1,1143185,1142730,455
82051581,27.7332,30.9946,449,52101,0.227539,0.11,1,1143558,1143109,449
82054501,29.5466,25.3989,455,52141,0.253016,0.15,1,1143588,1143133,455
82057421,23.5093,29.0798,447,52181,0.287206,0.07,1,1143610,1143163,447
82089541,29.8858,34.1926,458,52621,0.415629,0.15,1,1143882,1143424,458
82092461,21.9772,29.2385,450,52661,0.436252,0.17,1,1143902,1143452,450
82153781,29.0085,28.7518,448,53496,0.751563,0.53,2,1144439,1143991,448
82156701,32.2017,32.1504,448,53535,0.750625,0.53,2,1144472,1144024,448
82159621,25.6403,25.6301,448,53574,0.75025,0.55,2,1144496,1144048,448
82162541,32.3281,30.726,450,53613,0.7861,0.57,2,1144530,1144080,450
82165461,19.2656,18.9452,450,53652,0.78844,0.57,2,1144546,1144096,450
82168381,11.0531,10.189,451,53691,0.801376,0.57,2,1144555,1144104,451
82171301,3.81062,3.63781,451,53730,0.80655,0.59,2,1144557,1144106,451
82174221,26.3621,26.3276,451,53769,0.78462,0.59,2,1144589,1144138,451
82177141,21.2724,21.2655,451,53808,0.775848,0.61,2,1144609,1144158,451
82180061,30.6545,29.8531,452,53847,0.784339,0.61,2,1144642,1144190,452
82182981,26.9309,26.7706,452,53886,0.787736,0.59,2,1144668,1144216,452
82185901,41.3862,41.3541,452,53925,0.777094,0.59,2,1144713,1144261,452
82188821,9.87724,9.87082,452,53964,0.772838,0.65,2,1144715,1144263,452
82194661,32.2351,30.3148,456,54042,0.760854,0.71,2,1144782,1144326,456
82197581,23.247,22.063,457,54081,0.790342,0.73,2,1144803,1144346,457
82200501,30.2494,29.2126,458,54120,0.778137,0.73,2,1144835,1144377,458
82203421,34.8499,33.0425,460,54159,0.809255,0.77,2,1144871,1144411,460
82206341,29.37,29.0085,460,54198,0.809702,0.75,2,1144899,1144439,460
82209261,31.474,32.2017,459,54237,0.809881,0.75,2,1144931,1144472,459
82212181,27.0948,25.6403,461,54276,0.821952,0.81,2,1144957,1144496,461
82215101,32.619,32.3281,461,54315,0.802781,0.79,2,1144991,1144530,461
82218021,19.3238,19.2656,461,54354,0.819112,0.81,2,1145007,1144546,461
82220941,10.2648,11.0531,460,54393,0.801645,0.81,2,1145015,1144555,460
82223861,3.65295,3.81062,460,54432,0.794658,0.77,2,1145017,1144557,460
82226781,26.3306,26.3621,460,54471,0.815863,0.77,2,1145049,1144589,460
82229701,21.2661,21.2724,460,54510,0.812345,0.79,2,1145069,1144609,460
82232621,29.8532,30.6545,459,54549,0.846938,0.79,2,1145101,1144642,459
82235541,26.7706,26.9309,459,54588,0.860775,0.77,2,1145127,1144668,459
82238461,40.5541,41.3862,458,54627,0.86631,0.77,2,1145171,1144713,458
82241381,9.71083,9.87724,458,54666,0.880524,0.73,2,1145173,1144715,458
82244301,29.1422,29.1754,458,54704,0.88621,0.73,2,1145207,1144749,458
82247221,32.2284,5.83509,491,54742,0.864484,0.77,2,1145240,1144749,491
82250141,24.0457,27.567,480,54780,0.867794,0.81,2,1145262,1144782,480
82253061,30.4091,22.3134,491,54818,0.893117,0.77,2,1145294,1144803,491
82460381,23.3288,34.7138,504,57479,0.895722,1,2,1147152,1146648,504
82472061,26.1621,30.7435,511,57627,0.836291,1,2,1147270,1146759,511
82474981,15.6324,6.14871,524,57663,0.808516,1,2,1147283,1146759,524
82553821,26.0644,31.9111,482,58635,0.78536,0.63,2,1147949,1147467,482
82556741,20.4129,30.3822,471,58671,0.836144,0.61,2,1147968,1147497,471
82559661,7.28258,21.2764,456,58707,0.832458,0.59,2,1147972,1147516,456
82562581,17.4565,8.25529,471,58743,0.854983,0.61,2,1147992,1147521,471
82565501,28.2913,16.0511,484,58779,0.881993,0.65,2,1148023,1147539,484
82568421,29.6583,24.8102,487,58815,0.886797,0.65,2,1148053,1147566,487
82571341,20.3317,32.162,471,58851,0.888719,0.65,2,1148071,1147600,471
82574261,18.4663,22.4324,469,58887,0.889488,0.63,2,1148089,1147620,469
82858961,163.184,208.236,471,29200,0.418,0.53,1,1150709,1150238,471
82892541,236.637,265.647,446,29200,0.2212,0.49,1,1150964,1150518,446
82898381,40.1855,39.9059,459,29345,0.096592,0.41,1,1151024,1150565,459
82901301,36.0371,35.9812,459,29417,0.0566368,0.29,1,1151059,1150600,459
82904221,41.6074,44.7962,455,29489,0.0886547,0.37,1,1151102,1150647,455
82921741,56.7553,51.5403,459,29917,0.200748,0.03,1,1151388,1150929,459
82924661,32.1511,59.9081,423,29988,0.206299,0.09,1,1151414,1150991,423
82933421,42.8172,41.5353,426,30199,0.203043,0.11,1,1151528,1151102,426
82936341,37.3634,36.3071,427,30269,0.219217,0.13,1,1151564,1151137,427
82939261,65.0727,64.0614,428,30339,0.285687,0.13,1,1151636,1151208,428
82945101,72.5229,70.8825,430,30479,0.28691,0.21,1,1151725,1151295,430
82948021,40.1046,39.7765,430,30548,0.288764,0.21,1,1151757,1151327,430
82953861,30.8842,32.1511,430,30686,0.402602,0.19,1,1151844,1151414,430
82959701,35.4754,34.086,431,30824,0.428016,0.21,1,1151914,1151483,431
83003501,71.9223,15.0578,534,31838,0.751752,0.55,2,1152608,1152074,534
83006421,40.7845,71.8116,481,31904,0.774701,0.55,2,1152641,1152160,481
83009341,64.9569,40.7623,519,31970,0.77188,0.65,2,1152712,1152193,519
83012261,32.9914,61.7525,477,32036,0.770752,0.63,2,1152737,1152260,477
83015181,33.7983,31.5505,487,32102,0.782301,0.65,2,1152771,1152284,487
83018101,37.1597,33.5101,491,32168,0.79892,0.65,2,1152809,1152318,491
83021021,45.0319,37.102,500,32234,0.805568,0.69,2,1152856,1152356,500
83023941,43.4064,43.4204,498,32300,0.820227,0.71,2,1152899,1152401,498
83026861,71.8813,42.2841,535,32365,0.826091,0.73,2,1152978,1152443,535
83029781,15.9763,70.0568,460,32430,0.828436,0.73,2,1152980,1152520,460
83032701,72.7952,15.6114,545,32495,0.865375,0.77,2,1153067,1152522,545
83035621,41.759,71.9223,493,32560,0.88015,0.79,2,1153101,1152608,493
83038541,65.1518,40.7845,531,32625,0.88606,0.77,2,1153172,1152641,531
83172861,36.2291,40.8144,510,35484,0.85528,1,2,1155143,1154633,510
83196221,66.8565,63.2098,484,35957,0.261005,1,1,1155442,1154958,484
83219581,8.97652,9.29317,449,36424,0.098733,0.57,1,1155679,1155230,449
83228341,41.2558,46.2823,436,36598,0.0823989,0.19,1,1155806,1155370,436
83231261,60.2512,66.8565,429,36656,0.0869596,0.13,1,1155871,1155442,429
83234181,48.0502,50.9713,427,36714,0.0887838,0.11,1,1155916,1155489,427
83237101,39.21,38.1943,429,36772,0.0775135,0.11,1,1155953,1155524,429
83240021,47.042,47.6389,428,36829,0.0730054,0.15,1,1156002,1155574,428
83242941,29.4084,30.3278,427,36886,0.0832022,0.11,1,1156027,1155600,427
83245861,29.8817,30.0656,427,36943,0.0872809,0.11,1,1156057,1155630,427
83251701,16.5553,16.8826,425,37057,0.0823649,0.09,1,1156097,1155672,425
83254621,8.11105,8.97652,424,37114,0.098946,0.13,1,1156103,1155679,424
83280901,30.3381,29.408,453,37623,0.213892,0.09,1,1156480,1156027,453
83283821,27.6676,29.8816,450,37679,0.235557,0.11,1,1156507,1156057,450
83286741,16.7335,26.7763,438,37735,0.244223,0.07,1,1156521,1156083,438
83289661,8.1467,16.5553,430,37791,0.247689,0.11,1,1156527,1156097,430
83292581,39.2293,8.11105,471,37847,0.261076,0.17,1,1156574,1156103,471
83295501,43.0459,36.8222,471,37903,0.29043,0.15,1,1156618,1156147,471
83307181,40.3249,49.2941,468,38126,0.408763,0.19,1,1156808,1156340,468
83383101,43.4427,42.6102,452,39541,0.753963,0.65,2,1157704,1157252,452
83386021,49.4885,49.322,452,39594,0.799585,0.65,2,1157755,1157303,452
83388941,27.4977,27.4644,452,39647,0.793834,0.63,2,1157777,1157325,452
83391861,31.8995,31.8929,452,39700,0.803534,0.63,2,1157810,1157358,452
83394781,29.5799,30.3786,451,39753,0.831414,0.63,2,1157839,1157388,451
83397701,17.116,17.2757,451,39806,0.818565,0.59,2,1157853,1157402,451
83400621,8.2232,8.25514,451,39859,0.837426,0.61,2,1157859,1157408,451
83403541,40.8446,40.051,452,39912,0.85697,0.63,2,1157908,1157456,452
83552461,20.2936,27.2215,486,42526,0.891232,1,2,1159738,1159252,486
83564141,40.4293,47.2052,501,42725,0.820816,1,2,1159882,1159381,501
83567061,39.2859,48.641,491,42774,0.778326,1,2,1159921,1159430,491
83581661,33.267,27.5048,487,43019,0.41452,0.95,1,1160097,1159610,487
83610861,28.2477,39.2858,483,43509,0.427491,0.69,1,1160404,1159921,483
83666341,31.8594,28.9796,481,44421,0.771097,0.51,2,1161014,1160533,481
83669261,35.1719,32.1959,484,44468,0.782439,0.53,2,1161050,1160566,484
83672181,8.63438,36.0392,449,44515,0.786976,0.61,2,1161052,1160603,449
83675101,28.1269,31.2078,452,44562,0.81279,0.59,2,1161085,1160633,452
83678021,15.2254,16.6416,451,44609,0.823116,0.61,2,1161097,1160646,451
83680941,27.0451,26.5283,452,44656,0.827246,0.65,2,1161127,1160675,452
83683861,35.809,35.7057,452,44703,0.828899,0.65,2,1161165,1160713,452
83686781,35.1618,33.5411,454,44750,0.817559,0.65,2,1161200,1160746,454
83689701,34.2324,33.9082,454,44797,0.825024,0.65,2,1161234,1160780,454
83692621,40.4465,39.5816,455,44844,0.85201,0.67,2,1161276,1160821,455
83695541,28.8893,28.7163,455,44891,0.850804,0.67,2,1161302,1160847,455
83698461,28.1779,28.1433,455,44938,0.886322,0.73,2,1161330,1160875,455
83701381,44.8356,42.4287,458,44985,0.888529,0.75,2,1161379,1160921,458
83704301,34.5671,32.4857,460,45032,0.877411,0.75,2,1161411,1160951,460
83707221,32.5134,31.2971,461,45079,0.848965,0.79,2,1161443,1160982,461
83710141,32.1027,31.8594,461,45126,0.873586,0.79,2,1161475,1161014,461
83713061,35.2205,35.1719,461,45173,0.883434,0.79,2,1161511,1161050,461
83715981,8.64411,8.63438,461,45220,0.887374,0.83,2,1161513,1161052,461
83718901,29.7288,28.1269,463,45267,0.88895,0.83,2,1161548,1161085,463
83721821,15.5458,15.2254,463,45314,0.88958,0.83,2,1161560,1161097,463
83727661,35.8218,35.809,463,45407,0.899533,0.81,2,1161628,1161165,463
83932061,37.2109,31.9835,488,48550,0.859604,1,2,1163829,1163341,488
83934981,36.2422,40.7967,481,48593,0.817842,1,2,1163865,1163384,481
83937901,35.2484,36.9593,480,48636,0.753137,1,2,1163900,1163420,480
84019661,40.9235,28.328,489,49834,0.756359,0.49,2,1164673,1164184,489
84022581,28.9847,40.8656,471,49876,0.776543,0.51,2,1164699,1164228,471
84025501,36.9969,28.1731,485,49918,0.772617,0.53,2,1164738,1164253,485
84028421,36.1994,34.4346,485,49960,0.771047,0.57,2,1164774,1164289,485
84031341,32.8399,35.6869,481,50002,0.782419,0.57,2,1164806,1164325,481
84034261,26.568,31.1374,476,50044,0.774967,0.63,2,1164831,1164355,476
84037181,35.7136,25.4275,490,50086,0.783987,0.69,2,1164869,1164379,490
84040101,35.1427,33.0855,490,50128,0.823595,0.63,2,1164904,1164414,490
84043021,18.2285,35.4171,468,50170,0.851438,0.67,2,1164918,1164450,468
84045941,11.6457,16.6834,466,50212,0.874575,0.71,2,1164928,1164462,466
84048861,18.3291,11.3367,476,50254,0.88383,0.67,2,1164948,1164472,476
84051781,14.0658,18.2673,469,50296,0.875532,0.73,2,1164961,1164492,469
84054701,4.41317,14.0535,458,50338,0.872213,0.71,2,1164963,1164505,458
84250341,440.323,464.947,503,23360,0.874,0.89,2,1166983,1166480,503
84323341,66.5297,63.299,451,25461,0.785698,0.53,2,1168287,1167836,451
84326261,19.7059,12.6598,459,25544,0.824279,0.57,2,1168295,1167836,459
84329181,33.5412,8.93196,488,25627,0.851712,0.63,2,1168332,1167844,488
84332101,58.7082,32.1864,515,25710,0.862685,0.63,2,1168397,1167882,515
84335021,78.1416,56.8373,535,25792,0.891074,0.65,2,1168480,1167945,535
84443061,92.9007,71.5934,570,28673,0.874763,0.89,2,1170545,1169975,570
84445981,39.3801,89.5187,502,28747,0.871905,1,2,1170571,1170069,502
84448901,78.276,49.1037,551,28821,0.810762,0.88,2,1170659,1170108,551
84451821,39.6552,73.8207,501,28894,0.774305,1,2,1170689,1170188,501
84460581,27.8052,30.9586,499,29113,0.761636,1,2,1170780,1170281,499
84463501,51.1611,28.5917,528,29186,0.790654,0.96,2,1170837,1170309,528
84466421,73.4322,50.5183,551,29259,0.814262,0.92,2,1170916,1170365,551
84469341,86.6864,76.5037,558,29331,0.799705,0.83,2,1171006,1170448,558
84472261,38.9373,92.9007,488,29403,0.829882,0.87,2,1171033,1170545,488
84475181,77.3875,39.3801,549,29475,0.817953,0.77,2,1171120,1170571,549
84478101,37.0775,78.276,488,29547,0.837181,0.75,2,1171147,1170659,488
84481021,35.4155,39.6552,493,29619,0.862872,0.73,2,1171182,1170689,493
84483941,32.6831,35.131,491,29690,0.891149,0.75,2,1171214,1170723,491
84486861,28.9366,31.0262,489,29761,0.87846,0.77,2,1171242,1170753,489
84489781,49.7873,27.8052,517,29832,0.897384,0.81,2,1171297,1170780,517
84632861,38.0476,32.9378,499,33128,0.863056,1,2,1173606,1173107,499
84635781,30.0095,37.7876,488,33192,0.867222,1,2,1173634,1173146,488
84638701,48.4019,49.9575,488,33256,0.796889,1,2,1173687,1173199,488
84641621,36.8804,34.7915,491,33320,0.756756,1,2,1173721,1173230,491
84662061,49.6488,50.2379,468,33761,0.439992,0.81,1,1174039,1173571,468
84664981,37.9298,38.0476,468,33824,0.409997,0.87,1,1174074,1173606,468
84670821,44.3972,48.4019,459,33949,0.407599,0.73,1,1174146,1173687,459
84673741,33.6794,36.8804,456,34011,0.40904,0.67,1,1174177,1173721,456
84723381,46.2674,46.6898,491,35053,0.768078,0.55,2,1174876,1174385,491
84726301,47.6535,45.338,494,35113,0.781231,0.51,2,1174924,1174430,494
84729221,39.1307,47.4676,483,35173,0.774493,0.57,2,1174961,1174478,483
84732141,26.2261,36.6935,472,35233,0.783797,0.55,2,1174984,1174512,472
84735061,50.0452,25.7387,505,35293,0.799519,0.63,2,1175040,1174535,505
84737981,34.809,47.5477,483,35353,0.805807,0.67,2,1175071,1174588,483
84740901,26.1618,31.9095,479,35413,0.808323,0.69,2,1175095,1174616,479
84743821,62.8324,25.5819,527,35473,0.809329,0.73,2,1175167,1174640,527
84746741,44.5665,61.1164,497,35533,0.809732,0.75,2,1175207,1174710,497
84749661,32.9133,43.4233,488,35592,0.809893,0.75,2,1175237,1174749,488
84752581,46.5827,32.6847,508,35651,0.821957,0.73,2,1175287,1174779,508
84755501,10.9165,47.3369,459,35710,0.826783,0.79,2,1175289,1174830,459
84758421,40.5833,46.2674,461,35769,0.852713,0.79,2,1175337,1174876,461
84761341,46.5167,47.6535,461,35828,0.875085,0.77,2,1175385,1174924,461
84764261,38.1033,39.1307,460,35887,0.896034,0.79,2,1175421,1174961,460
84892741,36.4725,34.4055,523,38393,0.8776,1,2,1177168,1176645,523
84895661,36.0945,51.6811,503,38448,0.83704,1,2,1177204,1176701,503
84898581,33.6189,31.9362,509,38503,0.784816,1,2,1177237,1176728,509
84901501,39.5238,24.7872,527,38558,0.799926,1,2,1177278,1176751,527
84904421,37.5048,44.9574,514,38613,0.793971,1,2,1177315,1176801,514
84907341,30.701,35.3915,510,38668,0.791588,1,2,1177344,1176834,510
84910261,26.1402,34.2783,501,38723,0.838635,1,2,1177369,1176868,501
84913181,43.628,54.0557,490,38778,0.845454,1,2,1177417,1176927,490
84916101,31.1256,36.4111,486,38832,0.848182,1,2,1177445,1176959,486
84919021,24.6251,31.2822,479,38886,0.885273,1,2,1177468,1176989,479
85097141,41.0103,37.7309,494,42068,0.83704,1,2,1179688,1179194,494
85117581,39.9075,35.658,492,42418,0.222886,1,1,1179910,1179418,492
85123421,41.1163,45.2663,485,42518,0.0488618,1,1,1179989,1179504,485
85126341,27.4233,35.4533,476,42568,0.0615447,1,1,1180013,1179537,476
85129261,29.4847,34.2907,472,42618,0.0306179,0.99,1,1180043,1179571,472
85132181,31.4969,37.2581,466,42668,0.0182472,0.95,1,1180075,1179609,466
85135101,34.2994,37.0516,464,42717,0.0372989,0.75,1,1180110,1179646,464
85138021,35.6599,41.0103,458,42766,0.0689195,0.69,1,1180146,1179688,458
85140941,30.332,35.4021,453,42815,0.0575678,0.57,1,1180175,1179722,453
85143861,25.2664,31.0804,447,42864,0.0650271,0.53,1,1180199,1179752,447
85146781,28.2533,30.2161,446,42913,0.0680109,0.49,1,1180228,1179782,446
85149701,28.0507,32.4432,441,42962,0.0812043,0.31,1,1180256,1179815,441
85190581,27.339,28.2533,453,43646,0.219807,0.09,1,1180681,1180228,453
85193501,27.8678,28.0507,453,43694,0.249923,0.15,1,1180709,1180256,453
85196421,18.3736,25.6101,444,43742,0.273969,0.09,1,1180725,1180281,444
85199341,36.4747,18.722,468,43790,0.271588,0.17,1,1180766,1180298,468
85202261,32.0949,36.5444,458,43838,0.270635,0.11,1,1180797,1180339,458
85205181,43.219,32.9089,472,43886,0.282254,0.15,1,1180843,1180371,472
85208101,23.8438,41.7818,447,43934,0.274902,0.15,1,1180862,1180415,447
85211021,29.5688,23.5564,459,43982,0.295961,0.17,1,1180893,1180434,459
85213941,27.5138,28.7113,456,44030,0.292384,0.09,1,1180920,1180464,456
85251901,23.7502,23.8438,436,44649,0.40139,0.31,1,1181298,1180862,436
85257741,28.47,27.5138,438,44743,0.415822,0.31,1,1181358,1180920,438
85260661,37.694,36.7028,439,44790,0.400329,0.33,1,1181398,1180959,439
85263581,38.7388,38.5406,439,44837,0.442132,0.33,1,1181437,1180998,439
85336581,46.2826,25.1623,500,45998,0.771641,0.61,2,1182171,1181671,500
85339501,24.4565,44.2325,470,46044,0.770656,0.65,2,1182190,1181720,470
85342421,30.4913,23.2465,484,46090,0.782263,0.61,2,1182222,1181738,484
85345341,28.4983,31.0493,479,46136,0.786905,0.65,2,1182250,1181771,479
85348261,37.6997,28.6099,491,46182,0.800762,0.63,2,1182290,1181799,491
85351181,41.1399,38.522,492,46228,0.818305,0.59,2,1182332,1181840,492
85354101,33.028,41.3044,481,46274,0.837322,0.61,2,1182363,1181882,481
85357021,28.2056,31.4609,479,46320,0.844929,0.63,2,1182390,1181911,479
85359941,32.8411,27.0922,487,46366,0.871971,0.67,2,1182424,1181937,487
85362861,28.9682,31.8184,482,46411,0.882789,0.65,2,1182452,1181970,482
85583321,92.1903,98.3304,500,22817,0.437677,0.86,1,1184844,1184344,500
85586241,69.6381,65.2661,507,22910,0.445071,0.73,1,1184908,1184401,507
85589161,65.1276,90.6532,474,23003,0.436028,0.63,1,1184972,1184498,474
85592081,59.4255,55.7306,485,23095,0.444411,0.53,1,1185030,1184545,485
85595001,55.8851,83.1461,450,23187,0.435765,0.49,1,1185085,1184635,450
85600841,81.7554,31.0058,522,23369,0.428522,0.41,1,1185206,1184684,522
85635881,60.1024,59.734,451,24435,0.761252,0.63,2,1185922,1185471,451
85638801,56.8205,55.1468,453,24522,0.790501,0.67,2,1185978,1185525,453
85641721,33.7641,31.8294,455,24608,0.8022,0.67,2,1186006,1185551,455
85644641,8.35282,7.96587,455,24694,0.83088,0.73,2,1186008,1185553,455
85647561,82.4706,79.9932,458,24780,0.854352,0.75,2,1186109,1185651,458
85770201,69.1036,71.9438,484,28147,0.8788,1,2,1188508,1188024,484
85773121,53.0207,51.1888,487,28222,0.78952,1,2,1188557,1188070,487
85787721,45.7629,48.3453,525,28595,0.276414,1,1,1188824,1188299,525
85793561,34.1505,43.5338,503,28743,0.0658263,0.92,1,1188898,1188395,503
85796481,65.2301,37.5068,540,28817,0.0443305,0.83,1,1188971,1188431,540
85799401,47.446,69.1014,506,28890,0.0237322,0.73,1,1189014,1188508,506
85802321,59.8892,53.0203,520,28963,0.0154929,0.61,1,1189077,1188557,520
85805241,49.5778,65.8041,498,29036,0.0241972,0.55,1,1189124,1188626,498
85808161,32.3156,56.3608,472,29109,0.0396789,0.39,1,1189152,1188680,472
85811081,58.4631,40.0722,501,29182,0.0338715,0.31,1,1189217,1188716,501
85814001,39.6926,60.8144,470,29255,0.0675486,0.21,1,1189252,1188782,470
85816921,39.1385,45.7629,467,29327,0.0570194,0.09,1,1189291,1188824,467
85819841,31.0277,42.7526,454,29399,0.0888078,0,1,1189320,1188866,454
85825681,47.3211,65.2301,465,29543,0.0406092,0.01,1,1189436,1188971,465
85828601,59.8642,47.446,485,29615,0.0462437,0.01,1,1189499,1189014,485
85831521,48.7728,59.8892,468,29686,0.0724975,0.03,1,1189545,1189077,468
85834441,32.9546,49.5778,450,29757,0.058999,0.05,1,1189574,1189124,450
85837361,58.5909,32.3156,487,29828,0.0655996,0.03,1,1189639,1189152,487
85840281,13.3182,58.4631,424,29899,0.0682398,0.09,1,1189641,1189217,424
85851961,65.7621,64.6055,428,30181,0.0616989,0,1,1189821,1189393,428
85854881,44.3524,47.3211,424,30251,0.0246796,0.05,1,1189860,1189436,424
85857801,60.0705,59.8642,425,30321,0.0398718,0.09,1,1189924,1189499,425
85860721,48.0141,48.7728,424,30391,0.0219487,0.05,1,1189969,1189545,424
85863641,31.2028,32.9546,422,30461,0.0147795,0.07,1,1189996,1189574,422
85866561,60.6406,58.5909,425,30530,0.0239118,0.07,1,1190064,1189639,425
85869481,13.7281,13.3182,425,30599,0.0515647,0.13,1,1190066,1189641,425
85872401,33.1456,32.2636,426,30668,0.0626259,0.11,1,1190104,1189678,426
85875321,35.4291,36.0527,425,30737,0.0670504,0.11,1,1190140,1189715,425
85884081,43.2274,44.3524,422,30944,0.0827712,0.05,1,1190282,1189860,422
85887001,61.4455,60.0705,424,31012,0.0631085,0.01,1,1190348,1189924,424
85889921,46.6891,48.0141,422,31080,0.0552434,0.01,1,1190391,1189969,422
85892841,31.7378,31.2028,423,31148,0.0520974,0.03,1,1190419,1189996,423
85895761,60.7476,60.6406,423,31216,0.0628389,0.07,1,1190487,1190064,423
85898681,13.7495,13.7281,423,31284,0.0671356,0.07,1,1190489,1190066,423
85901601,33.9499,2.74562,462,31352,0.0448542,0.07,1,1190528,1190066,462
85904521,35.59,30.9491,460,31419,0.0479417,0.07,1,1190564,1190104,460
85907441,35.118,34.9898,459,31486,0.0371767,0.13,1,1190599,1190140,459
85910361,63.8236,32.598,498,31553,0.0568707,0.15,1,1190670,1190172,498
85913281,39.1647,64.1196,459,31620,0.0527483,0.05,1,1190703,1190244,459
85916201,60.6329,43.2239,487,31687,0.0390993,0.05,1,1190769,1190282,487
85919121,48.1266,61.4448,466,31754,0.0336397,0.05,1,1190814,1190348,466
85922041,30.4253,46.689,449,31821,0.0314559,0.05,1,1190840,1190391,449
85924961,61.2851,31.7378,490,31887,0.0425824,0.07,1,1190909,1190419,490
85927881,13.857,60.7476,424,31953,0.0590329,0.07,1,1190911,1190487,424
85942481,38.654,63.8236,456,32283,0.234393,0.05,1,1191126,1190670,456
85954161,62.8778,30.4253,493,32544,0.224448,0.05,1,1191333,1190840,493
85957081,14.1756,61.2851,426,32609,0.239779,0.07,1,1191335,1190909,426
85960001,37.2351,13.857,467,32674,0.269912,0.13,1,1191378,1190911,467
85980441,47.2476,47.9462,430,33124,0.4029,0.19,1,1191666,1191236,430
85997961,9.07874,8.8494,438,33505,0.438629,0.37,1,1191854,1191416,438
86000881,31.4157,29.7699,440,33568,0.421452,0.39,1,1191891,1191451,440
86068041,70.1234,30.5845,533,34990,0.785145,0.69,2,1192866,1192333,533
86070961,42.8247,70.1169,489,35050,0.812058,0.63,2,1192902,1192413,489
86073881,61.3649,42.0234,520,35110,0.858823,0.73,2,1192968,1192448,520
86225721,44.1444,65.1529,512,38115,0.849999,1,2,1195054,1194542,512
86228641,36.0289,41.8306,510,38170,0.778,1,2,1195088,1194578,510
86246161,33.8865,35.622,524,38500,0.420858,1,1,1195312,1194788,524
86249081,33.1773,39.1244,517,38555,0.402343,1,1,1195345,1194828,517
86257841,23.5294,35.609,485,38720,0.43399,0.85,1,1195424,1194939,485
86325001,27.5954,28.1982,447,39954,0.764127,0.51,2,1196232,1195785,447
86327921,26.3191,26.4396,447,40007,0.755651,0.49,2,1196258,1195811,447
86330841,29.2638,31.6879,444,40060,0.77626,0.49,2,1196288,1195844,444
86333761,27.4528,6.33759,471,40113,0.760504,0.53,2,1196315,1195844,471
86342521,30.5556,38.2907,480,40271,0.760752,0.63,2,1196443,1195963,480
86345441,30.1111,30.0581,482,40323,0.766301,0.63,2,1196473,1195991,482
86348361,33.2222,30.0116,486,40375,0.76852,0.67,2,1196507,1196021,486
86351281,27.4444,31.6023,480,40427,0.769408,0.71,2,1196533,1196053,480
86354201,51.8889,27.1205,512,40479,0.793763,0.71,2,1196591,1196079,512
86357121,42.3778,49.4241,497,40531,0.791505,0.73,2,1196631,1196134,497
86360041,34.8756,41.8848,490,40583,0.802602,0.73,2,1196664,1196174,490
86362961,27.7751,33.977,484,40635,0.807041,0.79,2,1196690,1196206,484
86365881,26.355,27.5954,484,40687,0.808816,0.75,2,1196716,1196232,484
86368801,29.271,26.3191,488,40739,0.821527,0.79,2,1196746,1196258,488
86371721,27.4542,29.2638,485,40791,0.826611,0.75,2,1196773,1196288,485
86374641,55.0908,27.4528,520,40843,0.828644,0.73,2,1196835,1196315,520
86377561,42.2182,55.8906,496,40895,0.877458,0.75,2,1196874,1196378,496
86380481,30.8436,40.7781,487,40947,0.896983,0.77,2,1196902,1196415,487
86541081,35.5986,30.3608,527,43691,0.83704,1,2,1198806,1198279,527
86544001,29.5197,34.8722,519,43739,0.820816,1,2,1198834,1198315,519
86555681,34.2168,35.3838,530,43931,0.445765,1,1,1198965,1198435,530
86561521,35.4487,39.8154,515,44027,0.242922,1,1,1199038,1198523,515
86570281,28.7316,37.5985,507,44171,0.074347,1,1,1199135,1198628,507
86573201,31.3463,33.1197,507,44219,0.0837388,1,1,1199167,1198660,507
86576121,35.0693,33.8239,509,44267,0.0394955,0.89,1,1199203,1198694,509
86579041,28.6139,41.9648,492,44315,0.0937982,0.89,1,1199230,1198738,492
86581961,28.9228,33.993,489,44363,0.0915193,0.79,1,1199259,1198770,489
86584881,29.7846,35.5986,483,44411,0.0786077,0.81,1,1199289,1198806,483
86602401,30.8586,37.2434,432,44693,0.228524,0.17,1,1199435,1199003,432
86605321,29.3717,35.4487,426,44740,0.253409,0.15,1,1199464,1199038,426
86608241,32.2743,34.2897,425,44787,0.263364,0.11,1,1199497,1199072,425
86611161,36.8549,35.6579,427,44834,0.279346,0.03,1,1199535,1199108,427
86634521,6.55692,6.63138,427,45210,0.298213,0.09,1,1199742,1199315,427
86652041,33.634,32.2743,434,45490,0.417426,0.29,1,1199931,1199497,434
86654961,38.7268,36.8549,436,45536,0.44897,0.33,1,1199971,1199535,436
86736721,29.7992,33.0217,475,46814,0.76846,0.53,2,1200784,1200309,475
86739641,36.3598,29.0043,485,46859,0.781384,0.59,2,1200822,1200337,485
86742561,40.872,35.4009,490,46904,0.786554,0.57,2,1200864,1200374,490
86745481,28.9744,39.8802,475,46949,0.800621,0.57,2,1200890,1200415,475
86748401,36.1949,28.776,487,46994,0.794249,0.61,2,1200928,1200441,487
86751321,37.639,34.5552,489,47039,0.791699,0.63,2,1200966,1200477,489
86754241,29.9278,35.711,481,47084,0.82668,0.65,2,1200994,1200513,481
86757161,28.3856,29.5422,481,47129,0.840672,0.65,2,1201022,1200541,481
86760081,31.2771,28.3084,485,47174,0.846269,0.65,2,1201054,1200569,485
86763001,24.6554,31.2617,476,47219,0.860507,0.67,2,1201077,1200601,476
86765921,6.53108,23.8523,456,47264,0.866203,0.67,2,1201079,1200623,456
86768841,29.3062,6.37047,489,47309,0.856481,0.67,2,1201114,1200625,489
86771761,29.8612,28.4741,485,47354,0.852592,0.71,2,1201144,1200659,485
86774681,7.57225,28.8948,458,47399,0.851037,0.73,2,1201146,1200688,458
86777601,29.5144,32.979,459,47443,0.874415,0.75,2,1201181,1200722,459
87072521,31.0134,15.6916,550,51734,0.814,1,2,1204228,1203678,550
87091501,162.681,195.028,428,23360,0.20104,0.07,1,1204829,1204401,428
87129461,72.5361,83.8055,422,24090,0.098416,0.05,1,1204879,1204457,422
87132381,61.7072,42.3611,449,24178,0.0453664,0.01,1,1204938,1204489,449
87135301,69.9414,48.4722,471,24266,0.0481466,0.01,1,1205010,1204539,471
87138221,49.9883,60.8944,452,24353,0.0252586,0.03,1,1205055,1204603,452
87141141,49.1977,58.5789,443,24440,0.0281034,0.01,1,1205104,1204661,443
87144061,24.2395,29.3158,439,24527,0.0412414,0.05,1,1205122,1204683,439
87146981,26.4479,33.0632,432,24613,0.0464965,0.03,1,1205149,1204717,432
87149901,62.8896,49.0126,451,24699,0.0245986,0.09,1,1205221,1204770,451
87152821,75.7779,57.0025,471,24785,0.0758395,0.01,1,1205300,1204829,471
87155741,63.9556,98.6005,423,24871,0.0483358,0.05,1,1205361,1204938,423
87158661,71.9911,77.3201,425,24956,0.0253343,0.01,1,1205435,1205010,425
87161581,49.5982,51.464,424,25041,0.0161337,0.03,1,1205479,1205055,424
87164501,47.5196,49.4928,422,25126,0.0244535,0.05,1,1205526,1205104,422
87167421,23.9039,24.2986,422,25210,0.0157814,0.05,1,1205544,1205122,422
87170341,26.3808,26.4597,422,25294,0.0363126,0.01,1,1205571,1205149,422
87173261,63.6762,62.8919,423,25378,0.032525,0.11,1,1205644,1205221,423
87176181,77.5352,75.7784,425,25461,0.03101,0.11,1,1205725,1205300,425
87179101,61.107,15.1557,482,25544,0.030404,0.03,1,1205782,1205300,482
87182021,72.2214,51.8311,496,25627,0.0181616,0.01,1,1205857,1205361,496
87184941,48.8443,69.5662,465,25710,0.0252646,0.01,1,1205900,1205435,465
87187861,47.3689,49.1132,468,25792,0.0761059,0.03,1,1205947,1205479,468
87190781,23.8738,47.4227,439,25874,0.0724423,0.01,1,1205965,1205526,439
87193701,26.3748,23.8845,448,25956,0.0949769,0.05,1,1205992,1205544,448
87196621,63.675,26.3769,494,26038,0.0679908,0.03,1,1206065,1205571,494
87199541,78.335,63.6754,503,26119,0.0571963,0.03,1,1206147,1205644,503
87202461,60.467,77.5351,478,26200,0.0768785,0.03,1,1206203,1205725,478
87205381,72.8934,61.107,497,26281,0.0847514,0.01,1,1206279,1205782,497
87208301,48.9787,72.2214,465,26362,0.0639006,0.03,1,1206322,1205857,465
87211221,48.9957,48.8443,471,26442,0.0555602,0.11,1,1206371,1205900,471
87214141,25.7991,47.3689,444,26522,0.0642241,0.07,1,1206391,1205947,444
87217061,25.1598,23.8738,451,26602,0.0556896,0.11,1,1206416,1205965,451
87219981,61.832,26.3748,495,26682,0.0282759,0.05,1,1206487,1205992,495
87222901,78.7664,63.675,505,26761,0.0533103,0.05,1,1206570,1206065,505
87225821,60.5533,78.335,479,26840,0.0273241,0.09,1,1206626,1206147,479
87228741,13.7107,60.467,425,26919,0.0289297,0.09,1,1206628,1206203,425
87231661,62.7421,72.8934,424,26998,0.0175719,0.05,1,1206703,1206279,424
87234581,45.3484,48.9787,422,27076,0.00702874,0.05,1,1206744,1206322,422
87237501,50.6697,48.9957,425,27154,0.0328115,0.07,1,1206796,1206371,425
87240421,24.5339,25.7991,423,27232,0.0431246,0.05,1,1206814,1206391,423
87243341,25.7068,25.1598,424,27310,0.0592498,0.01,1,1206840,1206416,424
87246261,61.1414,61.832,423,27388,0.0776999,0.07,1,1206910,1206487,423
87249181,80.2283,78.7664,425,27465,0.08508,0.01,1,1206995,1206570,425
87252101,59.2457,60.5533,423,27542,0.034032,0.03,1,1207049,1206626,423
87255021,13.4491,13.7107,423,27619,0.0436128,0.01,1,1207051,1206628,423
87257941,61.8898,62.7421,422,27696,0.0174451,0,1,1207125,1206703,422
87260861,45.978,45.3484,423,27772,0.024978,0.05,1,1207167,1206744,423
87263781,49.9956,50.6697,422,27848,0.0399912,0.05,1,1207218,1206796,422
87266701,25.1991,24.5339,423,27924,0.0459965,0.07,1,1207237,1206814,423
87269621,26.6398,25.7068,424,28000,0.0723986,0.09,1,1207264,1206840,424
87284221,61.8005,61.8898,422,28376,0.0965782,0,1,1207547,1207125,422
87287141,45.9601,12.378,464,28451,0.0686313,0.03,1,1207589,1207125,464
87290061,49.992,36.0756,473,28525,0.0934525,0.05,1,1207640,1207167,473
87301741,81.936,61.3121,512,28821,0.214216,0.15,1,1207846,1207334,512
87304661,56.3872,81.0624,476,28894,0.247687,0.13,1,1207896,1207420,476
87307581,12.8774,57.0125,427,28967,0.273075,0.09,1,1207898,1207471,427
87310501,60.1755,13.0025,497,29040,0.28323,0.09,1,1207970,1207473,497
87313421,45.6351,61.8005,465,29113,0.287292,0.05,1,1208012,1207547,465
87336781,59.5091,12.8774,507,29690,0.413521,0.29,1,1208405,1207898,507
87339701,45.5018,60.1755,477,29761,0.423408,0.29,1,1208447,1207970,477
87342621,54.7004,45.6351,492,29832,0.415363,0.31,1,1208504,1208012,492
87345541,12.5401,52.327,440,29903,0.412145,0.37,1,1208506,1208066,440
87348461,18.508,26.4654,440,29974,0.422858,0.35,1,1208526,1208086,440
87351381,27.7016,30.0931,439,30045,0.427143,0.35,1,1208556,1208117,439
87357221,82.5481,82.6437,439,30185,0.439143,0.37,1,1208717,1208278,439
87392261,14.3101,14.0219,446,31016,0.754717,0.51,2,1209222,1208776,446
87395181,61.262,60.4044,447,31084,0.787887,0.55,2,1209295,1208848,447
87398101,45.8524,45.6809,447,31152,0.813155,0.55,2,1209337,1208890,447
87401021,52.3705,52.3362,447,31220,0.823262,0.51,2,1209391,1208944,447
87403941,12.0741,12.0672,447,31288,0.827305,0.51,2,1209393,1208946,447
87406861,20.8148,2.41345,470,31356,0.828922,0.61,2,1209416,1208946,470
87409781,28.963,17.2827,480,31423,0.841569,0.63,2,1209447,1208967,480
87412701,66.5926,27.4565,526,31490,0.870628,0.63,2,1209523,1208997,526
87549941,42.2646,33.3536,523,34505,0.8236,1,2,1211655,1211132,523
87558701,41.5861,59.1148,505,34688,0.29535,1,1,1211796,1211291,505
87561621,32.3172,37.423,503,34749,0.22014,1,1,1211826,1211323,503
87564541,39.2634,28.2846,518,34810,0.0940561,1,1,1211867,1211349,518
87567461,19.0527,32.8569,498,34871,0.0796224,1,1,1211881,1211383,498
87570381,31.0105,24.9714,509,34932,0.037849,1,1,1211915,1211406,509
87573301,76.6021,31.3943,564,34993,0.0571396,1,1,1212003,1211439,564
87576221,40.1204,79.0789,504,35053,0.0408558,1,1,1212034,1211530,504
87579141,48.0241,44.6158,518,35113,0.0583423,0.89,1,1212084,1211566,518
87582061,29.6048,47.3232,495,35173,0.0413369,0.75,1,1212109,1211614,495
87584981,32.321,42.2646,487,35233,0.0225348,0.59,1,1212142,1211655,487
87587901,47.2642,39.6529,499,35293,0.0270139,0.35,1,1212193,1211694,499
87590821,34.2528,59.9306,465,35353,0.0528056,0.17,1,1212224,1211759,465
87593741,28.4506,41.5861,455,35413,0.0511222,0.17,1,1212251,1211796,455
87596661,37.6901,32.3172,465,35473,0.0384489,0.01,1,1212291,1211826,465
87599581,17.138,39.2634,436,35533,0.0333796,0.07,1,1212303,1211867,436
87602501,30.6276,19.0527,456,35592,0.0133518,0.01,1,1212337,1211881,456
87605421,77.3255,31.0105,511,35651,0.0113407,0.07,1,1212426,1211915,511
87608341,17.0651,76.6021,425,35710,0.0105363,0.03,1,1212428,1212003,425
87611261,28.213,40.1204,425,35769,0.0222145,0.07,1,1212459,1212034,425
87614181,44.0426,48.0241,423,35828,0.0508858,0.03,1,1212507,1212084,423
87617101,28.8085,29.6048,423,35887,0.0623543,0.01,1,1212532,1212109,423
87620021,32.9617,32.321,424,35946,0.0669417,0.03,1,1212566,1212142,424
87622941,47.3923,47.2642,424,36005,0.0567767,0.07,1,1212617,1212193,424
87625861,35.8785,34.2528,426,36064,0.0887107,0.05,1,1212650,1212224,426
87628781,27.1757,28.4506,424,36123,0.0894843,0.03,1,1212675,1212251,424
87631701,36.6351,37.6901,423,36182,0.0777937,0.03,1,1212714,1212291,423
87634621,16.927,17.138,423,36240,0.0491175,0,1,1212726,1212303,423
87637541,32.1854,30.6276,425,36298,0.025647,0.01,1,1212762,1212337,425
87640461,75.2371,77.3255,422,36356,0.0282588,0.01,1,1212848,1212426,422
87643381,16.6474,17.0651,422,36414,0.0293035,0.03,1,1212850,1212428,422
87646301,28.1295,28.213,422,36472,0.0417214,0.07,1,1212881,1212459,422
87649221,44.0259,44.0426,422,36530,0.0466886,0.07,1,1212929,1212507,422
87652141,30.4052,28.8085,424,36588,0.0486754,0.07,1,1212956,1212532,424
87655061,33.281,32.9617,424,36646,0.0614702,0.05,1,1212990,1212566,424
87669661,15.6446,16.927,422,36933,0.215141,0.01,1,1213148,1212726,422
87675501,75.9858,75.2371,423,37047,0.0932226,0.03,1,1213271,1212848,423
87678421,16.7972,16.6474,423,37104,0.055289,0.05,1,1213273,1212850,423
87681341,27.3594,28.1295,422,37161,0.0401156,0.05,1,1213303,1212881,422
87684261,43.0719,5.6259,469,37218,0.0460462,0.05,1,1213350,1212881,469
87687181,30.2144,39.5252,448,37275,0.0484185,0.05,1,1213377,1212929,448
87690101,35.6429,29.505,458,37332,0.0733674,0.07,1,1213414,1212956,458
87707621,25.4067,15.6445,458,37670,0.229708,0.07,1,1213606,1213148,458
87710541,74.6813,31.9289,509,37726,0.265883,0.07,1,1213693,1213184,509
87713461,16.5363,75.9858,424,37782,0.280353,0.03,1,1213695,1213271,424
87716381,27.3073,16.7972,452,37838,0.298141,0.03,1,1213725,1213273,452
87766021,49.9085,52.2549,438,38778,0.401676,0.35,1,1214333,1213895,438
87768941,44.3817,44.051,439,38832,0.41867,0.35,1,1214376,1213937,439
87771861,28.0763,28.0102,439,38886,0.413468,0.37,1,1214400,1213961,439
87774781,36.0153,36.002,439,38940,0.435387,0.35,1,1214438,1213999,439
87777701,16.8031,16.8004,439,38994,0.420155,0.37,1,1214450,1214011,439
87821501,80.6726,77.3121,447,39798,0.778447,0.51,2,1215016,1214569,447
87824421,17.7345,17.0624,447,39851,0.773379,0.53,2,1215018,1214571,447
87827341,27.5469,28.2125,446,39904,0.783351,0.55,2,1215048,1214602,446
87830261,44.7094,44.0425,447,39957,0.835341,0.59,2,1215097,1214650,447
87833181,32.9419,31.2085,449,40010,0.856136,0.59,2,1215127,1214678,449
87836101,8.18837,7.8417,449,40063,0.864455,0.59,2,1215129,1214680,449
87839021,33.6377,1.56834,489,40116,0.843782,0.61,2,1215169,1214680,489
87841941,49.1275,32.3137,502,40169,0.847513,0.59,2,1215222,1214720,502
87844861,49.0255,48.8627,498,40222,0.837005,0.65,2,1215271,1214773,498
87847781,29.0051,45.7725,477,40274,0.844802,0.69,2,1215295,1214818,477
87850701,38.601,28.3545,494,40326,0.883921,0.71,2,1215336,1214842,494
88046341,29.5309,39.4417,511,43694,0.8644,1,2,1217671,1217160,511
88049261,33.9062,34.2883,513,43742,0.81976,1,2,1217706,1217193,513
88052181,29.9812,30.8577,512,43790,0.765904,1,2,1217735,1217223,512
88058021,21.3592,29.5543,501,43886,0.759745,1,2,1217785,1217284,501
88072621,30.8779,36.8184,502,44126,0.416289,1,1,1217983,1217481,502
88078461,32.2751,28.8327,501,44222,0.288606,1,1,1218041,1217540,501
88087221,26.4982,39.6547,489,44366,0.286551,0.81,1,1218133,1217644,489
88090141,30.0996,29.5309,493,44414,0.26462,0.79,1,1218164,1217671,493
88093061,28.4199,33.9062,486,44461,0.255848,0.73,1,1218192,1217706,486
88095981,7.28399,29.9812,459,44508,0.252339,0.73,1,1218194,1217735,459
88098901,23.0568,30.7962,455,44555,0.286936,0.77,1,1218221,1217766,455
88107661,51.8005,55.7344,446,44696,0.288364,0.43,1,1218330,1217884,446
88128101,35.1213,36.491,435,45025,0.409351,0.27,1,1218544,1218109,435
88131021,27.8243,26.4982,437,45072,0.421741,0.25,1,1218570,1218133,437
88133941,29.5649,30.0996,436,45119,0.402696,0.25,1,1218600,1218164,436
88139781,7.26259,7.28399,436,45213,0.416031,0.31,1,1218630,1218194,436
88142701,23.8525,23.0568,437,45260,0.412413,0.35,1,1218658,1218221,437
88145621,17.5705,19.0114,435,45307,0.410965,0.31,1,1218674,1218239,435
88174821,27.7156,27.8243,441,45768,0.758801,0.39,2,1219011,1218570,441
88177741,29.5431,29.5649,441,45814,0.75352,0.39,2,1219041,1218600,441
88180661,28.3086,28.313,441,45860,0.751408,0.43,2,1219069,1218628,441
88183581,7.26172,7.26259,441,45906,0.774563,0.43,2,1219071,1218630,441
88186501,23.8523,1.45252,469,45952,0.759825,0.41,2,1219099,1218630,469
88189421,19.1705,22.6905,459,45998,0.75393,0.41,2,1219117,1218658,459
88195261,52.2868,32.2676,501,46090,0.757829,0.55,2,1219211,1218710,501
88204021,31.8423,36.4181,481,46228,0.767781,0.65,2,1219313,1218832,481
88206941,23.1685,31.2836,472,46274,0.793112,0.61,2,1219334,1218862,472
88209861,39.0337,22.2567,495,46320,0.767245,0.67,2,1219377,1218882,495
88212781,30.2067,36.4513,483,46366,0.768898,0.71,2,1219405,1218922,483
88215701,36.4413,28.8903,494,46411,0.757559,0.73,2,1219443,1218949,494
88218621,28.0883,34.5781,484,46456,0.789024,0.79,2,1219469,1218985,484
88221541,29.6177,27.7156,488,46501,0.82561,0.75,2,1219499,1219011,488
88224461,28.3235,29.5431,486,46546,0.840244,0.75,2,1219527,1219041,486
88227381,7.26471,28.3086,460,46591,0.846098,0.79,2,1219529,1219069,460
88230301,23.8529,7.26172,486,46636,0.848439,0.75,2,1219557,1219071,486
88233221,19.1706,23.8523,476,46681,0.849376,0.75,2,1219575,1219099,476
88236141,32.6341,19.1705,494,46726,0.87375,0.73,2,1219611,1219117,494
88474121,135.151,138.749,492,22724,0.2044,0.83,1,1222136,1221644,492
88477041,80.6302,85.3499,487,22817,0.08776,0.61,1,1222203,1221716,487
88479961,60.926,66.67,481,22910,0.065104,0.43,1,1222259,1221778,481
88482881,78.5852,90.934,467,23003,0.0260416,0.27,1,1222342,1221875,467
88485801,62.117,68.5868,462,23095,0.0404166,0,1,1222400,1221938,462
88488721,66.8234,84.1174,442,23187,0.0461667,0.03,1,1222468,1222026,442
88491641,34.1647,43.2235,435,23278,0.0604667,0.11,1,1222494,1222059,435
88494561,58.0329,21.4447,483,23369,0.0661867,0.03,1,1222558,1222075,483
88497481,65.2066,53.0889,489,23460,0.0564747,0.01,1,1222625,1222136,489
88500401,57.0413,64.2178,477,23550,0.0645899,0.05,1,1222680,1222203,477
88503321,77.8083,57.6436,504,23640,0.0558359,0,1,1222763,1222259,504
88506241,61.9617,77.9287,479,23730,0.0883344,0.05,1,1222821,1222342,479
88517921,52.1567,58.0319,425,24085,0.203141,0.05,1,1222983,1222558,425
88520841,64.0313,65.2064,425,24173,0.231257,0.07,1,1223050,1222625,425
88523761,56.8063,57.0413,425,24261,0.242503,0.05,1,1223105,1222680,425
88526681,76.9613,77.8083,424,24348,0.247001,0.11,1,1223187,1222763,424
88529601,64.9923,61.9617,428,24435,0.2248,0.15,1,1223249,1222821,428
88544201,65.32,64.0313,434,24866,0.209825,0.25,1,1223484,1223050,434
88547121,57.064,56.8063,434,24951,0.25793,0.25,1,1223539,1223105,434
88561721,8.92066,8.99994,428,25373,0.410305,0.19,1,1223778,1223350,428
88602601,69.3817,65.9382,516,26518,0.797452,0.53,2,1224634,1224118,516
88605521,37.8763,68.3876,477,26598,0.828981,0.55,2,1224664,1224187,477
88608441,9.17527,36.8775,450,26678,0.841592,0.55,2,1224666,1224216,450
88611361,60.2351,8.97551,521,26757,0.870637,0.61,2,1224739,1224218,521
88734001,30.6519,69.5048,495,29899,0.86008,1,2,1226936,1226441,495
88751521,66.0067,61.4304,485,30321,0.275174,1,1,1227239,1226754,485
88754441,33.2013,39.4861,476,30391,0.22407,0.93,1,1227264,1226788,476
88757361,40.2403,50.2972,465,30461,0.203628,0.87,1,1227306,1226841,465
88763201,30.7296,30.6519,460,30599,0.0673805,0.65,1,1227396,1226936,460
88766121,47.7459,50.9304,456,30668,0.0809522,0.71,1,1227448,1226992,456
88769041,40.7492,42.1861,455,30737,0.0743809,0.63,1,1227487,1227032,455
88771961,26.5498,30.8372,450,30806,0.0957524,0.51,1,1227510,1227060,450
88789481,58.7258,61.6481,424,31216,0.222665,0.03,1,1227797,1227373,424
88792401,28.5452,30.7296,422,31284,0.227066,0.03,1,1227818,1227396,422
88795321,48.109,6.14592,475,31352,0.240826,0.09,1,1227871,1227396,475
88798241,41.6218,42.8292,463,31419,0.246331,0.07,1,1227911,1227448,463
88801161,29.1244,39.7658,450,31486,0.248532,0.11,1,1227937,1227487,450
88804081,33.8249,26.3532,462,31553,0.237413,0.11,1,1227972,1227510,462
88807001,61.965,34.0706,495,31620,0.220965,0.13,1,1228041,1227546,495
88809921,60.393,59.6141,489,31687,0.238386,0.15,1,1228101,1227612,489
88812841,28.0786,60.7228,448,31754,0.245354,0.19,1,1228121,1227673,448
88815761,37.6157,28.1446,468,31821,0.248142,0.19,1,1228161,1227693,468
88827441,43.3818,48.109,475,32085,0.404992,0.25,1,1228346,1227871,475
88868321,62.8363,60.9551,451,32996,0.770333,0.63,2,1228923,1228472,451
88871241,63.7673,61.791,453,33060,0.818133,0.63,2,1228987,1228534,453
88874161,28.7535,28.3582,453,33124,0.813253,0.63,2,1229007,1228554,453
88877081,37.7507,37.6716,453,33188,0.823301,0.65,2,1229047,1228594,453
88880001,67.5501,66.7343,454,33252,0.839321,0.65,2,1229122,1228668,454
88882921,30.31,29.3469,455,33316,0.833728,0.71,2,1229143,1228688,455
88885841,51.662,51.4694,455,33379,0.807491,0.73,2,1229200,1228745,455
88888761,47.1324,44.6939,458,33442,0.772997,0.73,2,1229246,1228788,458
88891681,11.0265,10.5388,458,33505,0.783199,0.73,2,1229248,1228790,458
88894601,21.4053,22.9078,456,33568,0.799279,0.75,2,1229272,1228816,456
88897521,36.2811,34.1816,459,33631,0.817712,0.79,2,1229312,1228853,459
88900441,64.8562,62.8363,461,33694,0.897085,0.85,2,1229384,1228923,461
89034761,46.2876,54.8974,497,36469,0.891748,1,2,1231300,1230803,497
89037681,50.0575,62.1795,484,36527,0.854699,1,2,1231351,1230867,484
89040601,43.6115,38.0359,494,36585,0.77988,1,2,1231393,1230899,494
89055201,26.7263,36.8659,479,36873,0.290178,1,1,1231606,1231127,479
89058121,31.7453,29.7732,484,36930,0.230071,1,1,1231639,1231155,484
89061041,23.1491,29.9546,475,36987,0.218028,0.94,1,1231660,1231185,475
89081481,58.3652,39.6261,512,37386,0.0980065,0.47,1,1231944,1231432,512
89084401,30.073,64.7252,464,37443,0.0932026,0.41,1,1231967,1231503,464
89101921,27.6573,28.6298,454,37779,0.222827,0.11,1,1232144,1231690,454
89107761,50.7063,42.2652,479,37891,0.250452,0.17,1,1232242,1231763,479
89110681,32.5413,47.653,458,37947,0.286181,0.13,1,1232270,1231812,458
89113601,35.3083,35.1306,462,38003,0.288472,0.09,1,1232306,1231844,462
89136961,29.3532,26.2867,458,38445,0.413894,0.27,1,1232574,1232116,458
89139881,43.4706,27.6573,477,38500,0.435558,0.17,1,1232621,1232144,477
89192441,62.8904,60.4875,449,39477,0.771841,0.59,2,1233259,1232810,449
89195361,31.7781,31.2975,449,39530,0.806736,0.61,2,1233283,1232834,449
89198281,49.5556,48.6595,450,39583,0.844694,0.57,2,1233337,1232887,450
89201201,25.9111,25.7319,450,39636,0.835878,0.61,2,1233357,1232907,450
89204121,30.7822,29.1464,452,39689,0.844351,0.63,2,1233389,1232937,452
89207041,23.7564,21.8293,454,39742,0.87174,0.65,2,1233411,1232957,454
89209961,27.1513,26.7659,454,39795,0.882696,0.65,2,1233439,1232985,454
89230401,64.6653,29.1304,530,40166,0.890559,0.79,2,1233718,1233188,530
89233321,33.7331,62.6261,485,40219,0.890223,0.83,2,1233744,1233259,485
89236241,50.7466,31.7252,516,40271,0.878089,0.87,2,1233799,1233283,516
89239161,26.1493,49.545,482,40323,0.873236,0.83,2,1233819,1233337,482
89242081,31.6299,25.909,495,40375,0.871294,0.85,2,1233852,1233357,495
89245001,25.526,30.7818,487,40427,0.870518,0.89,2,1233876,1233389,487
89247921,27.5052,23.7564,493,40479,0.882207,0.89,2,1233904,1233411,493
89250841,31.101,27.1513,497,40531,0.898883,0.93,2,1233936,1233439,497
89572041,31.2651,31.6673,493,45904,0.884969,1,2,1237689,1237196,493
89574961,29.453,33.5335,488,45950,0.899988,1,2,1237718,1237230,488
89577881,9.8906,6.70669,493,45996,0.893995,1,2,1237723,1237230,493
89580801,23.5781,6.94134,513,46042,0.867598,1,2,1237750,1237237,513
89583721,29.5156,26.1883,513,46088,0.845039,1,2,1237781,1237268,513
89586641,31.5031,30.0377,514,46134,0.800016,1,2,1237813,1237299,514
89589561,40.7006,31.6075,525,46180,0.782006,1,2,1237856,1237331,525
89633361,37.6979,31.5031,498,46859,0.804686,0.77,2,1238311,1237813,498
89636281,35.5396,40.7006,490,46904,0.831874,0.67,2,1238346,1237856,490
89639201,34.3079,36.9401,488,46949,0.84275,0.71,2,1238380,1237892,488
89642121,27.6616,33.788,481,46994,0.8231,0.71,2,1238406,1237925,481
89645041,43.1323,27.5576,502,47039,0.80324,0.65,2,1238453,1237951,502
89647961,30.2265,44.7115,480,47084,0.807296,0.63,2,1238480,1238000,480
89650881,30.0453,31.3423,482,47129,0.784918,0.65,2,1238510,1238028,482
89653801,27.6091,29.4685,480,47174,0.775967,0.65,2,1238537,1238057,480
89656721,34.3218,27.4937,489,47219,0.796387,0.65,2,1238573,1238084,489
89659641,30.0644,34.2987,482,47264,0.840555,0.67,2,1238602,1238120,482
89662561,35.6129,30.0597,490,47309,0.846222,0.65,2,1238639,1238149,490
89665481,10.3226,34.0119,459,47354,0.848489,0.63,2,1238643,1238184,459
89668401,3.66451,9.20239,458,47399,0.849396,0.71,2,1238645,1238187,458
89671321,19.9329,20.2405,459,47443,0.873758,0.79,2,1238669,1238210,459
89674241,26.3866,26.4481,459,47487,0.883503,0.73,2,1238697,1238238,459
89677161,33.2773,32.4896,460,47531,0.899401,0.85,2,1238732,1238272,460
89820241,420.339,457.44,482,21900,0.789846,1,2,1240209,1239727,482
89855281,57.4242,68.6843,498,23730,0.756101,0.45,2,1241032,1240534,498
89858201,62.6848,57.7368,507,23819,0.800441,0.51,2,1241096,1240589,507
89861121,15.737,60.3474,450,23908,0.830176,0.53,2,1241100,1240650,450
89864041,4.74739,14.4695,449,23997,0.842071,0.63,2,1241102,1240653,449
89866961,79.3495,78.0939,453,24085,0.882828,0.67,2,1241200,1240747,453
89989601,58.3636,72.9275,481,27538,0.8572,1,2,1243641,1243160,481
90004201,75.6193,77.2701,483,27920,0.0679809,1,1,1243960,1243477,483
90007121,44.7239,43.454,485,27996,0.0571924,1,1,1243997,1243512,485
90010041,29.7448,35.0908,478,28072,0.0228769,0.88,1,1244023,1243545,478
90012961,24.349,31.8182,470,28147,0.0391508,0.81,1,1244046,1243576,470
90015881,50.4698,58.3636,462,28222,0.0216603,0.67,1,1244103,1243641,462
90018801,67.694,78.0727,451,28297,0.0386641,0.43,1,1244175,1243724,451
90021721,45.5388,56.4145,440,28372,0.0454657,0.43,1,1244215,1243775,440
90024641,44.3078,11.2829,484,28447,0.0481863,0.25,1,1244259,1243775,484
90027561,40.8616,45.4566,470,28521,0.0852745,0.01,1,1244299,1243829,470
90030481,75.3723,48.2913,505,28595,0.0521098,0.01,1,1244383,1243878,505
90033401,43.0745,75.2583,458,28669,0.0268439,0.05,1,1244418,1243960,458
90036321,31.0149,44.6517,449,28743,0.0287376,0,1,1244446,1243997,449
90039241,23.003,29.7303,444,28817,0.029495,0.05,1,1244467,1244023,444
90042161,50.2006,24.3461,478,28890,0.017798,0.01,1,1244524,1244046,478
90045081,67.6401,50.4692,493,28963,0.0491192,0.05,1,1244596,1244103,493
90048001,45.528,67.6938,461,29036,0.0256477,0.05,1,1244636,1244175,461
90050921,45.9056,45.5388,467,29109,0.0642591,0.05,1,1244682,1244215,467
90053841,42.7811,44.3078,465,29182,0.0797036,0.11,1,1244724,1244259,465
90056761,73.3562,40.8616,506,29255,0.0498814,0.03,1,1244805,1244299,506
90059681,42.6712,75.3723,457,29327,0.0619526,0.01,1,1244840,1244383,457
90062601,30.1342,43.0745,449,29399,0.024781,0.03,1,1244867,1244418,449
90065521,23.6268,31.0149,443,29471,0.0279124,0.03,1,1244889,1244446,443
90068441,50.3254,23.003,479,29543,0.011165,0.01,1,1244946,1244467,479
90071361,69.2651,50.2006,496,29615,0.034466,0.07,1,1245020,1244524,496
90074281,43.453,67.6401,461,29686,0.0317864,0.01,1,1245057,1244596,461
90077201,45.4906,45.528,467,29757,0.0427146,0.09,1,1245103,1244636,467
90080121,46.6981,45.9056,468,29828,0.0590858,0.09,1,1245150,1244682,468
90083041,10.9396,42.7811,428,29899,0.0896343,0.03,1,1245152,1244724,428
90088881,40.5976,42.6712,423,30041,0.0707415,0,1,1245263,1244840,423
90091801,28.9195,30.1342,422,30111,0.0282966,0.03,1,1245289,1244867,422
90094721,24.1839,23.6268,423,30181,0.0293186,0,1,1245312,1244889,423
90097641,51.2368,50.3254,424,30251,0.0297275,0.05,1,1245370,1244946,424
90100561,69.4474,69.2651,424,30321,0.041891,0.03,1,1245444,1245020,424
90103481,41.8895,43.453,422,30391,0.0587564,0.05,1,1245479,1245057,422
90106401,46.7779,45.4906,424,30461,0.0535026,0.07,1,1245527,1245103,424
90109321,49.3556,46.6981,427,30530,0.051401,0.11,1,1245577,1245150,427
90112241,11.4711,10.9396,427,30599,0.0505604,0.11,1,1245579,1245152,427
90115161,61.4942,62.9879,425,30668,0.0742242,0.05,1,1245653,1245228,425
90118081,39.4988,40.5976,424,30737,0.0716897,0,1,1245687,1245263,424
90121001,27.0998,28.9195,422,30806,0.0826759,0.03,1,1245711,1245289,422
90123921,23.82,24.1839,422,30875,0.0510703,0.03,1,1245734,1245312,422
90126841,51.164,51.2368,422,30944,0.0624281,0.05,1,1245792,1245370,422
90129761,69.4328,69.4474,422,31012,0.0789713,0.07,1,1245866,1245444,422
90132681,42.6866,41.8895,423,31080,0.0495885,0.05,1,1245902,1245479,423
90135601,46.1373,46.7779,422,31148,0.0498354,0.05,1,1245949,1245527,422
90138521,50.8275,49.3556,424,31216,0.0259342,0.05,1,1246001,1245577,424
90141441,11.7655,11.4711,424,31284,0.0403737,0.05,1,1246003,1245579,424
90144361,60.7531,2.29422,497,31352,0.0821495,0.09,1,1246076,1245579,497
90182321,22.7964,24.9901,450,32217,0.208774,0.15,1,1246583,1246133,450
90185241,52.5593,22.598,488,32283,0.24551,0.17,1,1246643,1246155,488
90188161,69.7119,51.7196,503,32349,0.296204,0.15,1,1246717,1246214,503
90199841,11.7019,50.6428,430,32609,0.404783,0.15,1,1246852,1246422,430
90202761,66.3404,11.7285,508,32674,0.443913,0.13,1,1246932,1246424,508
90264081,11.9365,11.778,448,34007,0.758421,0.57,2,1247742,1247294,448
90267001,68.7873,68.7556,448,34069,0.753368,0.57,2,1247825,1247377,448
90269921,43.3575,42.5511,449,34131,0.763347,0.53,2,1247862,1247413,449
90272841,10.2715,10.1102,449,34193,0.767339,0.59,2,1247864,1247415,449
90275761,19.6543,19.622,449,34255,0.804936,0.59,2,1247886,1247437,449
90278681,23.1309,3.92441,473,34317,0.795974,0.61,2,1247910,1247437,473
90281601,54.2262,19.9849,511,34379,0.84039,0.59,2,1247972,1247461,511
90284521,77.2452,52.797,533,34441,0.858156,0.61,2,1248055,1247522,533
90287441,46.649,76.1594,490,34502,0.877262,0.63,2,1248094,1247604,490
90290361,48.5298,44.0319,503,34563,0.860905,0.75,2,1248143,1247640,503
90293281,52.906,46.4064,510,34624,0.878362,0.77,2,1248197,1247687,510
90296201,12.1812,51.6813,459,34685,0.885345,0.77,2,1248199,1247740,459
90453881,19.3909,16.8133,524,37835,0.88,1,2,1250381,1249857,524
90456801,39.8782,35.3627,529,37891,0.862,1,2,1250426,1249897,529
90459721,32.7756,56.6725,498,37947,0.8668,1,2,1250457,1249959,498
90462641,59.3551,36.1345,533,38003,0.80872,1,2,1250523,1249990,533
90465561,44.671,48.8269,522,38059,0.797488,1,2,1250564,1250042,522
90521041,25.0117,28.5348,449,39099,0.759442,0.59,2,1251254,1250805,449
90523961,29.8023,28.907,451,39153,0.777777,0.65,2,1251285,1250834,451
90526881,23.5605,20.1814,455,39207,0.785111,0.67,2,1251307,1250852,455
90529801,38.3121,37.6363,455,39261,0.788044,0.65,2,1251349,1250894,455
90532721,28.4624,29.1273,454,39315,0.801218,0.65,2,1251375,1250921,454
90535641,7.29248,7.42545,454,39369,0.806487,0.65,2,1251377,1250923,454
90538561,51.8585,51.8851,454,39423,0.808595,0.61,2,1251440,1250986,454
90541481,37.5717,39.177,452,39477,0.845438,0.71,2,1251474,1251022,452
90544401,51.5143,49.4354,455,39530,0.848175,0.67,2,1251529,1251074,455
90547321,36.7029,36.2871,455,39583,0.84927,0.71,2,1251562,1251107,455
90550241,36.1406,34.4574,457,39636,0.885708,0.71,2,1251598,1251141,457
90710841,60.509,58.3764,489,42465,0.88696,1,2,1253570,1253081,489
90713761,36.9018,38.0753,487,42515,0.888784,1,2,1253601,1253114,487
90716681,31.3804,32.4151,486,42565,0.829514,1,2,1253631,1253145,486
90731281,31.0091,29.1432,492,42812,0.440139,1,1,1253789,1253297,492
90745881,31.9139,7.12485,518,43057,0.293573,0.91,1,1253946,1253428,518
90751721,49.9166,33.405,527,43155,0.283372,0.87,1,1254030,1253503,527
90754641,34.7833,60.281,491,43204,0.299349,0.89,1,1254061,1253570,491
90780921,34.2713,25.2404,473,43643,0.299774,0.35,1,1254320,1253847,473
90783841,30.0543,37.8481,461,43691,0.29391,0.37,1,1254349,1253888,461
90798441,32.1466,34.7833,467,43931,0.420254,0.33,1,1254528,1254061,467
90801361,34.4293,30.1567,473,43979,0.426102,0.35,1,1254563,1254090,473
90804281,22.8859,32.4313,460,44027,0.428441,0.37,1,1254583,1254123,460
90807201,24.5772,24.8863,462,44075,0.429376,0.33,1,1254608,1254146,462
90859761,34.4126,32.6126,449,44928,0.766164,0.55,2,1255146,1254697,449
90862681,23.6825,22.5225,450,44975,0.768466,0.61,2,1255167,1254717,450
90865601,37.5365,34.9045,453,45022,0.769386,0.61,2,1255208,1254755,453
90868521,29.9073,30.1809,452,45069,0.793755,0.65,2,1255236,1254784,452
90871441,34.7815,33.2362,454,45116,0.803502,0.65,2,1255272,1254818,454
90874361,30.1563,29.0472,455,45163,0.843401,0.67,2,1255301,1254846,455
90877281,7.63126,7.40945,455,45210,0.85936,0.69,2,1255303,1254848,455
91087521,32.1287,28.2469,501,48455,0.887632,1,2,1257563,1257062,501
91090441,36.0257,38.4494,497,48498,0.805053,1,2,1257600,1257103,497
91262721,23.5985,24.2369,451,50996,0.775063,0.59,2,1259222,1258771,451
91265641,6.3197,6.44738,451,51037,0.796025,0.61,2,1259224,1258773,451
91268561,25.2639,26.0895,450,51078,0.78041,0.63,2,1259254,1258804,450
91271481,30.6528,30.0179,451,51119,0.798164,0.65,2,1259286,1258835,451
91274401,32.5306,31.6036,452,51160,0.877266,0.65,2,1259319,1258867,452
91557641,327.461,361.237,457,24820,0.2644,0.57,1,1262179,1261722,457
91563481,50.0584,66.9295,452,25716,0.096304,0.35,1,1262270,1261818,452
91566401,38.8117,37.3859,458,25798,0.0565216,0.41,1,1262306,1261848,458
91569321,56.5623,32.2772,488,25880,0.0766086,0.27,1,1262367,1261879,488
91572241,63.3125,67.2554,477,25962,0.0846435,0.25,1,1262432,1261955,477
91581001,53.2425,65.786,438,26206,0.215417,0.01,1,1262580,1262142,438
91583921,73.0485,42.7572,479,26287,0.272167,0.05,1,1262658,1262179,479
91595601,63.5473,56.1068,490,26608,0.405703,0.09,1,1262857,1262367,490
91598521,57.5095,63.2214,481,26688,0.408281,0.15,1,1262913,1262432,481
91601441,44.3019,55.0443,469,26767,0.433313,0.19,1,1262954,1262485,469
91639401,47.2532,45.3125,451,27778,0.784625,0.61,2,1263586,1263135,451
91642321,38.2506,38.6625,450,27854,0.79985,0.61,2,1263622,1263172,450
91645241,58.8501,57.3325,452,27930,0.81794,0.71,2,1263686,1263234,452
91648161,66.17,63.4665,455,28006,0.861176,0.73,2,1263754,1263299,455
91654001,45.5268,45.2587,456,28157,0.894988,0.75,2,1263854,1263398,456
91656921,61.1054,58.6517,459,28232,0.891995,0.75,2,1263919,1263460,459
91659841,13.8211,13.3303,459,28307,0.890798,0.75,2,1263921,1263462,459
91662761,68.3642,68.2661,459,28382,0.842319,0.75,2,1264003,1263544,459
91665681,47.2728,13.6532,501,28457,0.834928,0.81,2,1264045,1263544,501
91668601,39.8546,36.3306,497,28531,0.807971,0.81,2,1264083,1263586,497
91671521,60.7709,36.0661,527,28605,0.833188,0.83,2,1264149,1263622,527
91674441,66.5542,58.4132,531,28679,0.855275,0.89,2,1264217,1263686,531
91677361,61.3108,66.0826,523,28753,0.86411,0.93,2,1264277,1263754,523
91680281,45.8622,59.6165,507,28827,0.891644,0.89,2,1264319,1263812,507
91776641,41.771,51.0518,486,31158,0.871442,1,2,1265951,1265465,486
91779561,37.9542,36.6104,490,31226,0.852577,0.99,2,1265988,1265498,490
91782481,35.5908,27.3221,500,31294,0.863031,0.99,2,1266023,1265523,500
91785401,34.3182,5.46441,534,31362,0.831212,1,2,1266057,1265523,534
91788321,66.0636,43.4929,555,31429,0.818485,1,2,1266131,1265576,555
91791241,43.6127,66.2986,521,31496,0.861394,1,2,1266169,1265648,521
91794161,64.7225,58.0597,535,31563,0.842558,0.99,2,1266239,1265704,535
91797081,51.3445,54.8119,529,31630,0.847023,1,2,1266287,1265758,529
91800001,35.8689,57.3624,503,31697,0.872809,1,2,1266319,1265816,503
91802921,54.3738,36.2725,531,31764,0.883124,0.84,2,1266378,1265847,531
92080321,62.6055,33.2259,551,37563,0.8927,1,2,1270430,1269879,551
92083241,46.1211,73.8452,509,37619,0.87908,1,2,1270472,1269963,509
92086161,34.8242,43.569,505,37675,0.813632,1,2,1270504,1269999,505
92089081,27.7648,31.9138,502,37731,0.751453,1,2,1270530,1270028,502
92167921,39.7798,38.0376,448,39214,0.774826,0.55,2,1271508,1271060,448
92170841,23.156,22.0075,449,39268,0.80793,0.57,2,1271527,1271078,449
92173761,37.4312,36.4015,450,39322,0.809172,0.57,2,1271568,1271118,450
92176681,9.08624,8.8803,450,39376,0.833669,0.61,2,1271570,1271120,450
92179601,29.0172,28.9761,450,39430,0.879468,0.57,2,1271604,1271154,450
92182521,52.2035,52.1952,450,39484,0.885787,0.63,2,1271662,1271212,450
92375241,29.7704,37.6942,497,42868,0.89752,1,2,1274018,1273521,497
92378161,33.9541,31.5388,502,42917,0.809008,1,2,1274053,1273551,502
92433641,155.843,160.447,453,19818,0.200006,0.05,1,1274733,1274280,453
92436561,88.7686,97.6893,443,19925,0.0800023,0.05,1,1274805,1274362,443
92439481,74.5537,65.9379,456,20031,0.0380009,0.05,1,1274876,1274420,456
92442401,58.9107,60.3876,452,20137,0.0332004,0.07,1,1274931,1274479,452
92445321,87.7821,65.6775,480,20242,0.0672802,0.05,1,1275026,1274546,480
92448241,39.1564,58.7355,450,20347,0.0929121,0.09,1,1275053,1274603,450
92457001,72.1533,74.6459,493,20658,0.0997864,0.01,1,1275298,1274805,493
92459921,59.2306,71.7292,478,20761,0.0459145,0.03,1,1275354,1274876,478
92462841,89.4461,58.3458,520,20863,0.0723658,0.09,1,1275451,1274931,520
92465761,40.2892,87.6692,453,20965,0.0829463,0.11,1,1275479,1275026,453
92468681,9.65784,39.1338,428,21066,0.0871785,0.19,1,1275481,1275053,428
92483281,91.5589,89.4461,426,21565,0.0523775,0.09,1,1275877,1275451,426
92486201,40.7118,40.2892,426,21663,0.038951,0.09,1,1275905,1275479,426
92489121,9.74236,9.65784,426,21761,0.0575804,0.13,1,1275907,1275481,426
92492041,89.9485,88.3316,428,21858,0.0890322,0.17,1,1276017,1275589,428
92500801,55.4076,57.7947,425,22148,0.229618,0.01,1,1276202,1275777,425
92503721,88.6815,91.5589,422,22244,0.253847,0.03,1,1276299,1275877,422
92506641,40.9363,40.7118,423,22339,0.251539,0.07,1,1276328,1275905,423
92509561,9.78726,9.74236,423,22434,0.250616,0.11,1,1276330,1275907,423
92512481,93.1575,89.9485,427,22529,0.274246,0.11,1,1276444,1276017,427
92515401,71.4315,17.9897,493,22623,0.283698,0.17,1,1276510,1276017,493
92553361,99.5441,9.64718,562,23812,0.75533,0.51,2,1277323,1276761,562
92556281,77.5088,94.7294,518,23901,0.776132,0.59,2,1277395,1276877,518
92559201,17.1018,73.3459,452,23990,0.784453,0.59,2,1277397,1276945,452
92562121,60.2204,71.4692,452,24078,0.823781,0.63,2,1277468,1277016,452
92565041,57.6441,59.0938,453,24166,0.803513,0.71,2,1277525,1277072,453
92567961,93.9288,91.0188,457,24254,0.807405,0.71,2,1277628,1277171,457
92570881,41.1858,40.6038,457,24341,0.808962,0.71,2,1277656,1277199,457
92573801,9.83715,9.72075,457,24428,0.833585,0.79,2,1277658,1277201,457
92576721,102.767,99.5441,461,24515,0.819434,0.79,2,1277784,1277323,461
92579641,78.1535,77.5088,461,24601,0.861774,0.79,2,1277856,1277395,461
92582561,17.2307,17.1018,461,24687,0.878709,0.85,2,1277858,1277397,461
92585481,61.0461,60.2204,462,24773,0.885484,0.79,2,1277930,1277468,462
92676001,75.9891,77.2014,489,27299,0.862,1,2,1279747,1279258,489
92678921,43.9978,34.6403,501,27377,0.7588,1,2,1279783,1279282,501
92690601,40.576,41.2074,488,27685,0.0749133,1,1,1280012,1279524,488
92693521,28.9152,30.6415,486,27761,0.0299653,1,1,1280038,1279552,486
92696441,28.183,31.7283,482,27837,0.0179861,1,1,1280066,1279584,482
92699361,69.6366,75.9457,475,27913,0.0611944,0.77,1,1280146,1279671,475
92702281,65.1273,75.9891,463,27989,0.0544778,0.69,1,1280210,1279747,463
92705201,34.6255,43.9978,454,28065,0.0517911,0.47,1,1280237,1279783,454
92708121,30.1251,39.9996,444,28140,0.0387164,0.39,1,1280266,1279822,444
92711041,39.625,50.3999,433,28215,0.0154866,0,1,1280308,1279875,433
92713961,91.125,98.88,426,28290,0.00619463,0,1,1280412,1279986,426
92716881,37.425,40.576,424,28365,0.00247785,0,1,1280436,1280012,424
92719801,27.485,8.1152,449,28440,0.000991141,0,1,1280461,1280012,449
92722721,30.297,22.423,454,28514,0.0183965,0.01,1,1280492,1280038,454
92725641,66.8594,26.8846,502,28588,0.0733586,0.09,1,1280568,1280066,502
92728561,63.7719,69.3769,485,28662,0.0593434,0.05,1,1280631,1280146,485
92731481,34.3544,65.0754,448,28736,0.0657374,0.05,1,1280658,1280210,448
92734401,30.0709,34.6151,450,28810,0.0562949,0.03,1,1280687,1280237,450
92737321,40.4142,30.123,464,28883,0.064518,0,1,1280730,1280266,464
92746081,27.6193,37.425,447,29102,0.0581291,0,1,1280883,1280436,447
92749001,30.3239,27.485,453,29175,0.0292517,0.03,1,1280914,1280461,453
92751921,68.4648,30.297,500,29248,0.0537007,0.11,1,1280992,1280492,500
92754841,61.693,66.8594,484,29320,0.0874803,0.05,1,1281052,1280568,484
92757761,37.9386,63.7719,453,29392,0.0769921,0.07,1,1281084,1280631,453
92760681,26.7877,34.3544,450,29464,0.0967968,0.05,1,1281108,1280658,450
92778201,7.55627,30.3239,424,29892,0.0603792,0.07,1,1281338,1280914,424
92781121,64.7113,68.4648,425,29963,0.0421517,0.11,1,1281417,1280992,425
92784041,62.5423,61.693,427,30034,0.0468607,0.07,1,1281479,1281052,427
92786961,38.1085,37.9386,427,30104,0.0367443,0.11,1,1281511,1281084,427
92789881,26.8217,26.7877,427,30174,0.0446977,0.13,1,1281535,1281108,427
92792801,42.9643,41.3575,429,30244,0.0598791,0.15,1,1281582,1281153,429
92804481,25.6239,29.7814,423,30523,0.0680129,0.03,1,1281759,1281336,423
92807401,6.72479,7.55627,423,30592,0.0692052,0.03,1,1281761,1281338,423
92839521,68.4128,1.34496,507,31345,0.200791,0.13,1,1282268,1281761,507
92842441,62.4826,63.469,489,31413,0.254317,0.19,1,1282329,1281840,489
92845361,38.0965,61.4938,460,31480,0.275727,0.13,1,1282361,1281901,460
92848281,26.8193,38.6988,451,31547,0.284291,0.11,1,1282385,1281934,451
92857041,39.3186,98.0696,450,31748,0.401475,0.11,1,1282567,1282117,450
92859961,23.8637,38.0139,447,31815,0.41859,0.17,1,1282587,1282140,447
92862881,22.3727,23.6028,449,31881,0.437436,0.13,1,1282609,1282160,449
92865801,6.07455,22.3206,429,31947,0.444974,0.17,1,1282611,1282182,429
92915441,105.003,100.918,456,33054,0.758105,0.71,2,1283440,1282984,456
92918361,41.8007,40.1836,457,33118,0.789242,0.73,2,1283466,1283009,457
92921281,25.1601,24.0367,458,33182,0.765697,0.75,2,1283487,1283029,458
92924201,24.232,23.2073,459,33246,0.780279,0.75,2,1283511,1283052,459
92927121,6.44641,6.24147,459,33310,0.786111,0.73,2,1283513,1283054,459
92930041,73.2893,74.0483,458,33373,0.836445,0.71,2,1283603,1283145,458
92932961,66.6579,67.6097,457,33436,0.844578,0.71,2,1283668,1283211,457
92935881,14.9316,15.1219,457,33499,0.847831,0.71,2,1283670,1283213,457
92938801,29.3863,29.4244,457,33562,0.861132,0.71,2,1283703,1283246,457
92941721,25.0773,25.0849,457,33625,0.878453,0.71,2,1283727,1283270,457
92950481,42.7926,41.8007,460,33814,0.890701,0.75,2,1283926,1283466,460
92956321,24.1117,24.232,459,33939,0.894912,0.79,2,1283970,1283511,459
93067281,42.8055,25.622,511,36232,0.838,1,2,1285600,1285089,511
93087721,33.3959,31.2533,486,36638,0.094299,1,1,1285864,1285378,486
93090641,22.6792,25.4507,482,36696,0.0797196,1,1,1285884,1285402,482
93093561,9.33583,10.6901,481,36754,0.0318878,1,1,1285890,1285409,481
93096481,58.6672,62.138,477,36811,0.0307551,0.85,1,1285961,1285484,477
93099401,66.9334,78.0276,464,36868,0.0543021,0.79,1,1286030,1285566,464
93102321,34.9867,42.8055,457,36925,0.0637208,0.65,1,1286057,1285600,457
93105241,29.3973,34.1611,453,36982,0.0554883,0.61,1,1286085,1285632,453
93108161,15.4795,22.0322,446,37039,0.0761953,0.53,1,1286097,1285651,446
93111081,7.09589,8.40644,446,37096,0.0964781,0.45,1,1286102,1285656,446
93122761,31.8258,41.7479,452,37324,0.202582,0.05,1,1286285,1285833,452
93143201,16.3793,29.3973,436,37718,0.214114,0.09,1,1286521,1286085,436
93146121,5.67586,15.4795,427,37774,0.211646,0.11,1,1286524,1286097,427
93149041,43.5352,7.09589,475,37830,0.210658,0.13,1,1286577,1286102,475
93151961,74.307,38.2192,511,37886,0.234263,0.17,1,1286659,1286148,511
93154881,35.6614,71.6438,457,37942,0.255705,0.17,1,1286685,1286228,457
93175321,30.1967,33.4822,460,38330,0.401494,0.21,1,1286939,1286479,460
93178241,17.2393,29.8964,445,38385,0.406598,0.23,1,1286953,1286508,445
93181161,5.04787,16.3793,434,38440,0.408639,0.21,1,1286955,1286521,434
93195761,27.3911,31.1323,438,38715,0.414191,0.33,1,1287153,1286715,438
93198681,19.8782,20.6265,438,38770,0.423676,0.33,1,1287171,1286733,438
93201601,8.77564,8.92529,438,38824,0.403471,0.37,1,1287177,1286739,438
93204521,64.9551,62.5851,441,38878,0.407388,0.41,1,1287256,1286815,441
93207441,68.191,66.917,442,38932,0.444955,0.39,1,1287325,1286883,442
93213281,29.6076,30.1967,442,39040,0.441993,0.41,1,1287381,1286939,442
93262921,77.4824,75.721,447,39950,0.759853,0.51,2,1287980,1287533,447
93265841,37.8965,37.5442,447,40003,0.753941,0.51,2,1288008,1287561,447
93268761,9.1793,9.10884,447,40056,0.775576,0.53,2,1288010,1287563,447
93271681,27.4359,26.6218,448,40109,0.808231,0.53,2,1288042,1287594,448
93274601,19.8872,5.32435,466,40162,0.821292,0.59,2,1288060,1287594,466
93277521,8.77743,15.4649,454,40215,0.826517,0.59,2,1288066,1287612,454
93280441,66.5555,7.89297,529,40268,0.876607,0.61,2,1288147,1287618,529
93473161,29.5982,25.3318,515,43592,0.869016,1,2,1290482,1289967,515
93476081,29.9196,21.0664,525,43640,0.797606,1,2,1290512,1289987,525
93479001,22.7839,17.8133,529,43688,0.781042,1,2,1290533,1290004,529
93530101,91.6703,104.079,448,19925,0.0679867,0.01,1,1291208,1290760,448
93533021,103.934,73.6157,489,20031,0.0451947,0.01,1,1291315,1290826,489
93535941,61.5868,89.9231,446,20137,0.0360779,0.01,1,1291366,1290920,446
93538861,46.7174,57.1846,440,20242,0.0144311,0.03,1,1291409,1290969,440
93541781,30.1435,37.8369,433,20347,0.0237725,0.05,1,1291435,1291002,433
93544701,103.629,27.5674,530,20451,0.027509,0.03,1,1291557,1291027,530
93547621,78.3257,91.9135,494,20555,0.0170036,0.01,1,1291629,1291135,494
93550541,102.865,76.7827,530,20658,0.0368014,0.03,1,1291738,1291208,530
93553461,60.573,100.957,473,20761,0.0207206,0.03,1,1291788,1291315,473
93556381,45.7146,60.9913,464,20863,0.00828823,0,1,1291830,1291366,464
93559301,29.9429,46.5983,447,20965,0.0333153,0.03,1,1291856,1291409,447
93562221,7.58858,30.1197,423,21066,0.0193261,0.03,1,1291858,1291435,423
93570981,103.485,102.865,424,21367,0.0710769,0.01,1,1292162,1291738,424
93573901,59.0969,60.573,422,21466,0.0584307,0,1,1292210,1291788,422
93576821,45.4194,45.7146,422,21565,0.0233723,0.05,1,1292252,1291830,422
93579741,29.8839,29.9429,422,21663,0.0393489,0.01,1,1292278,1291856,422
93582661,7.57678,7.58858,422,21761,0.0217396,0.19,1,1292280,1291858,422
93591421,101.309,103.485,422,22052,0.206111,0.05,1,1292584,1292162,422
93606021,108.747,104.715,428,22529,0.096469,0.17,1,1292837,1292409,428
93608941,77.7493,20.9431,498,22623,0.0925876,0.21,1,1292907,1292409,498
93626461,107.888,7.72793,558,23180,0.21713,0.07,1,1293261,1292703,558
93629381,78.3776,108.746,495,23271,0.236852,0.09,1,1293332,1292837,495
93632301,103.676,77.7491,535,23362,0.268741,0.13,1,1293442,1292907,535
93635221,59.1351,101.95,475,23453,0.293496,0.15,1,1293490,1293015,475
93646901,111.896,7.43992,567,23812,0.408554,0.25,1,1293695,1293128,567
93679021,96.3577,91.4872,452,24773,0.770317,0.67,2,1294330,1293878,452
93681941,59.2715,57.4974,453,24859,0.782127,0.63,2,1294380,1293927,453
93684861,44.6543,44.2995,453,24944,0.834851,0.67,2,1294421,1293968,453
93687781,29.7309,29.6599,453,25029,0.84394,0.63,2,1294447,1293994,453
93690701,7.54617,7.53198,453,25114,0.871576,0.69,2,1294449,1293996,453
93693621,117.509,116.706,454,25198,0.89463,0.69,2,1294594,1294140,454
93798741,44.5225,31.7704,503,28065,0.898,1,2,1296604,1296101,503
93801661,87.3045,97.5541,487,28140,0.7972,1,2,1296702,1296215,487
93810421,31.4504,28.7164,483,28365,0.400701,1,1,1296811,1296328,483
93813341,28.6901,5.74329,511,28440,0.27428,1,1,1296839,1296328,511
93819181,82.9076,36.3897,572,28588,0.0738848,1,1,1296970,1296398,572
93822101,74.1815,76.8779,557,28662,0.0835539,1,1,1297042,1296485,557
93825021,40.4363,82.5756,505,28736,0.0514216,0.83,1,1297074,1296569,505
93827941,75.2873,44.5151,554,28810,0.0385686,0.73,1,1297158,1296604,554
93830861,40.6575,87.303,488,28883,0.0574275,0.53,1,1297190,1296702,488
93833781,31.3315,54.2606,471,28956,0.028971,0.37,1,1297219,1296748,471
93836701,26.2663,37.2521,463,29029,0.0415884,0.35,1,1297244,1296781,463
93839621,26.0533,31.4504,459,29102,0.0466354,0.19,1,1297270,1296811,459
93842541,26.8107,28.6901,458,29175,0.0606541,0.05,1,1297297,1296839,458
93845461,80.5621,34.538,516,29248,0.0542617,0.03,1,1297391,1296875,516
93848381,74.5124,82.9076,494,29320,0.0517047,0.09,1,1297464,1296970,494
93851301,40.5025,74.1815,454,29392,0.0266819,0.03,1,1297496,1297042,454
93854221,74.5005,40.4363,505,29464,0.0286727,0.03,1,1297579,1297074,505
93857141,42.9001,75.2873,456,29536,0.0414691,0.07,1,1297614,1297158,456
93860061,31.78,40.6575,453,29608,0.0345876,0.01,1,1297643,1297190,453
93862981,27.156,31.3315,450,29679,0.0438351,0.05,1,1297669,1297219,450
93865901,25.4312,26.2663,450,29750,0.059534,0.05,1,1297694,1297244,450
93868821,26.6862,26.0533,451,29821,0.0898136,0.07,1,1297721,1297270,451
93874661,75.7875,80.5621,425,29963,0.0407702,0.05,1,1297816,1297391,425
93877581,73.5575,74.5124,425,30034,0.0343081,0.01,1,1297889,1297464,425
93880501,40.3115,40.5025,425,30104,0.0197232,0.03,1,1297921,1297496,425
93883421,73.6623,74.5005,424,30174,0.0378893,0.05,1,1298003,1297579,424
93886341,42.7325,42.9001,424,30244,0.0211557,0.03,1,1298038,1297614,424
93889261,30.9465,31.78,423,30314,0.0384623,0.05,1,1298066,1297643,423
93892181,27.7893,27.156,424,30384,0.0573849,0.07,1,1298093,1297669,424
93895101,27.1579,25.4312,426,30454,0.052954,0.11,1,1298120,1297694,426
93898021,27.8316,26.6862,427,30523,0.0271816,0.11,1,1298148,1297721,427
93900941,7.16631,6.93725,427,30592,0.0408726,0,1,1298150,1297723,427
93903861,71.8333,75.7875,422,30661,0.094349,0.03,1,1298238,1297816,422
93915541,42.0861,42.7325,422,30937,0.0947193,0.05,1,1298460,1298038,422
93918461,30.8172,30.9465,422,31005,0.0918877,0.07,1,1298488,1298066,422
93947661,31.7189,42.0843,453,31681,0.21211,0.09,1,1298913,1298460,453
93950581,29.5438,30.8169,454,31748,0.210844,0.15,1,1298942,1298488,454
93953501,27.5088,28.5634,453,31815,0.222338,0.17,1,1298969,1298516,453
93956421,27.9018,26.5127,455,31881,0.226935,0.15,1,1298997,1298542,455
93959341,7.18035,28.5025,428,31947,0.240774,0.15,1,1298999,1298571,428
93962261,72.6361,7.30051,515,32013,0.28231,0.09,1,1299088,1298573,515
93965181,73.7272,73.4601,499,32079,0.274924,0.13,1,1299162,1298663,499
93968101,40.3454,72.292,459,32145,0.29597,0.11,1,1299194,1298735,459
93982701,28.1972,29.5438,459,32473,0.402842,0.23,1,1299401,1298942,459
93985621,28.8394,27.5088,461,32538,0.443137,0.23,1,1299430,1298969,461
94038181,45.0273,44.065,452,33688,0.794978,0.63,2,1300207,1299755,452
94041101,34.6055,33.613,453,33751,0.815991,0.67,2,1300239,1299786,453
94044021,30.1211,29.9226,453,33814,0.872396,0.65,2,1300268,1299815,453
94046941,28.4242,29.1845,452,33877,0.894959,0.63,2,1300296,1299844,452
94049861,31.2848,30.6369,453,33939,0.879983,0.67,2,1300328,1299875,453
94052781,7.85697,7.72738,453,34001,0.897993,0.67,2,1300330,1299877,453
94204621,52.4146,37.6932,496,37096,0.826,1,2,1302572,1302076,496
94230901,34.442,51.152,505,37606,0.446665,1,1,1302900,1302395,505
94239661,48.3395,62.0732,508,37774,0.439707,0.77,1,1303030,1302522,508
94242581,33.6679,52.4146,488,37830,0.445883,0.59,1,1303060,1302572,488
94245501,33.1336,40.8829,483,37886,0.448353,0.55,1,1303093,1302610,483
94248421,28.2267,36.1766,475,37942,0.437341,0.55,1,1303120,1302645,475
94295141,36.2513,33.2498,449,38824,0.765069,0.59,2,1303645,1303196,449
94298061,60.0503,59.45,449,38878,0.804028,0.57,2,1303711,1303262,449
94300981,56.0101,55.09,450,38932,0.831611,0.59,2,1303766,1303316,450
94303901,32.802,31.018,452,38986,0.854644,0.65,2,1303793,1303341,452
94306821,26.5604,25.4036,453,39040,0.851858,0.65,2,1303818,1303365,453
94309741,54.1121,53.8807,453,39094,0.874743,0.67,2,1303879,1303426,453
94312661,49.2224,47.5761,455,39148,0.895897,0.69,2,1303927,1303472,455
94315581,35.4445,34.3152,456,39202,0.880359,0.67,2,1303959,1303503,456
94318501,32.6889,33.263,455,39256,0.898144,0.67,2,1303991,1303536,455
94490781,29.3124,13.9599,545,42312,0.854009,1,2,1306077,1305532,545
94493701,17.0625,49.192,501,42362,0.875604,1,2,1306091,1305590,501
94496621,42.6125,65.8384,480,42412,0.776241,1,2,1306140,1305660,480
94508301,49.8858,50.2941,486,42612,0.433008,1,1,1306308,1305822,486
94517061,24.9431,33.2664,474,42760,0.266032,0.88,1,1306407,1305933,474
94519981,26.5886,32.2533,469,42809,0.256413,0.92,1,1306434,1305965,469
94522901,17.3177,16.0507,472,42858,0.252565,1,1,1306449,1305977,472
94525821,33.8635,36.8101,468,42907,0.203026,0.89,1,1306487,1306019,468
94534581,14.3509,5.86248,474,43054,0.0852337,0.89,1,1306551,1306077,474
94537501,38.8702,12.3725,505,43103,0.0760935,0.71,1,1306596,1306091,505
94540421,30.974,41.6745,485,43152,0.0964374,0.59,1,1306625,1306140,485
94543341,38.1948,35.5349,491,43201,0.080575,0.53,1,1306665,1306174,491
94546261,34.839,43.107,480,43250,0.06223,0.49,1,1306699,1306219,480
94572541,24.8497,26.7727,451,43688,0.217502,0.05,1,1306963,1306512,451
94575461,12.1699,27.7545,432,43736,0.213001,0.07,1,1306972,1306540,432
94587141,32.7107,38.1948,455,43928,0.215549,0.05,1,1307120,1306665,455
94590061,48.1421,34.839,473,43976,0.24822,0.13,1,1307172,1306699,473
94592981,45.6284,43.7678,472,44024,0.225288,0.15,1,1307217,1306745,472
94595901,33.1257,43.1536,459,44072,0.252115,0.17,1,1307247,1306788,459
94598821,24.2251,32.6307,451,44120,0.274846,0.19,1,1307269,1306818,451
94601741,27.245,23.3261,458,44168,0.283938,0.19,1,1307297,1306839,458
94604661,13.449,27.0652,440,44216,0.287575,0.21,1,1307307,1306867,440
94628021,38.9431,39.5534,432,44597,0.405647,0.23,1,1307521,1307089,432
94630941,33.3886,32.7107,433,44644,0.444259,0.27,1,1307553,1307120,433
94701021,27.1158,26.3157,447,45764,0.760319,0.55,2,1308281,1307834,447
94703941,11.8232,11.6631,447,45810,0.766128,0.59,2,1308289,1307842,447
94706861,43.1646,41.5326,449,45856,0.780451,0.55,2,1308340,1307891,449
94709781,10.2329,9.90653,449,45902,0.76218,0.59,2,1308342,1307893,449
94712701,24.4466,24.3813,449,45948,0.778872,0.59,2,1308370,1307921,449
94715621,39.2893,4.87626,492,45994,0.761549,0.63,2,1308413,1307921,492
94718541,33.4579,34.5753,482,46040,0.75462,0.57,2,1308445,1307963,482
94727301,41.2277,45.1726,491,46178,0.755576,0.69,2,1308585,1308094,491
94730221,25.8455,37.0345,478,46224,0.76423,0.71,2,1308607,1308129,478
94733141,28.3691,25.0069,485,46270,0.791692,0.73,2,1308636,1308151,485
94736061,13.6738,27.4014,467,46316,0.814677,0.73,2,1308646,1308179,467
94738981,34.7348,13.4803,497,46362,0.847871,0.75,2,1308686,1308189,497
94741901,27.747,33.8961,484,46407,0.861148,0.75,2,1308712,1308228,484
94744821,26.3494,27.5792,484,46452,0.866459,0.77,2,1308738,1308254,484
94747741,11.6699,27.1158,465,46497,0.880584,0.77,2,1308746,1308281,465
94750661,43.934,11.8232,509,46542,0.898233,0.79,2,1308798,1308289,509
94946301,33.2538,27.5793,533,49485,0.881003,1,2,1310853,1310320,533
94949221,18.6508,20.7159,529,49528,0.898401,1,2,1310868,1310339,529
94952141,27.7302,40.9432,513,49571,0.83336,1,2,1310898,1310385,513
94955061,27.146,35.3886,506,49614,0.783344,1,2,1310925,1310419,506
94969661,29.4052,29.4987,515,49824,0.446521,1,1,1311087,1310572,515
94972581,23.481,33.0997,503,49866,0.400608,1,1,1311109,1310606,503
94978421,30.5392,26.284,508,49950,0.266897,1,1,1311166,1310658,508
94981341,34.1078,34.0568,507,49992,0.208759,1,1,1311201,1310694,507
95016381,30.9295,35.0258,442,50496,0.216704,0.39,1,1311501,1311059,442
95019301,26.1859,29.4052,439,50538,0.224681,0.37,1,1311526,1311087,439
95022221,22.0372,23.481,438,50580,0.251873,0.27,1,1311547,1311109,438
95025141,21.2074,24.6962,434,50622,0.226749,0.23,1,1311568,1311134,434
95028061,29.0415,30.5392,433,50664,0.2647,0.17,1,1311599,1311166,433
95030981,32.2083,34.1078,431,50706,0.29188,0.13,1,1311632,1311201,431
95054341,7.23619,6.94798,429,51036,0.414724,0.15,1,1311815,1311386,429
95057261,26.2472,26.1896,429,51077,0.43589,0.19,1,1311846,1311417,429
95063101,33.0499,30.6476,432,51159,0.440542,0.23,1,1311902,1311470,432
95066021,29.01,30.9295,429,51200,0.446217,0.23,1,1311930,1311501,429
95179901,35.0532,31.3002,482,52780,0.782608,0.55,2,1312959,1312477,482
95182821,31.8106,33.46,479,52820,0.811043,0.57,2,1312990,1312511,479
95185741,28.7621,30.692,477,52860,0.834417,0.59,2,1313018,1312541,477
95188661,34.5524,26.1384,488,52900,0.831767,0.63,2,1313054,1312566,488
95191581,34.1105,34.0277,486,52940,0.842707,0.65,2,1313088,1312602,486
95194501,19.6221,32.4055,470,52980,0.847083,0.65,2,1313104,1312634,470
95197421,21.5244,18.4811,477,53020,0.848833,0.69,2,1313126,1312649,477
95200341,28.3049,21.2962,485,53060,0.873533,0.69,2,1313156,1312671,485
95203261,7.26098,28.2592,457,53100,0.883413,0.69,2,1313158,1312701,457
95206181,27.0522,7.25185,487,53140,0.887365,0.67,2,1313190,1312703,487
95209101,21.4104,27.8504,474,53180,0.888946,0.67,2,1313210,1312736,474
95212021,34.6821,21.5701,492,53220,0.889578,0.69,2,1313248,1312756,492
95214941,8.53642,33.914,457,53260,0.889831,0.73,2,1313250,1312793,457
95498181,57.7585,36.465,501,26441,0.218032,0.75,1,1315918,1315417,501
95512781,55.3183,74.0341,442,26839,0.202057,0.17,1,1316205,1315763,442
95515701,19.0637,26.0068,438,26918,0.206823,0.13,1,1316215,1315777,438
95518621,27.0127,24.4014,443,26997,0.208729,0.21,1,1316244,1315801,443
95521541,56.6025,67.2803,429,27075,0.221492,0.15,1,1316308,1315879,429
95524461,43.3205,44.6561,430,27153,0.250597,0.15,1,1316348,1315918,430
95527381,66.2641,67.3312,429,27231,0.262239,0.15,1,1316420,1315991,429
95530301,54.8528,54.2662,430,27309,0.266895,0.21,1,1316472,1316042,430
95547821,57.018,56.6025,433,27771,0.425035,0.27,1,1316741,1316308,433
95591621,57.0592,52.3073,508,28893,0.761575,0.61,2,1317529,1317021,508
95594541,17.8118,56.0615,459,28966,0.77863,0.61,2,1317537,1317078,459
95597461,29.9624,17.6123,484,29039,0.797452,0.63,2,1317570,1317086,484
95600381,59.5925,29.1225,519,29112,0.816981,0.65,2,1317637,1317118,519
95603301,46.3185,58.6245,496,29185,0.848792,0.63,2,1317680,1317184,496
95606221,70.0637,46.1249,529,29258,0.861517,0.65,2,1317756,1317227,529
95609141,58.8127,70.025,509,29330,0.866607,0.71,2,1317812,1317303,509
95763901,45.4768,43.2335,488,32935,0.87976,1,2,1320287,1319799,488
95766821,68.2954,75.8467,478,32999,0.753904,1,2,1320361,1319883,478
95810621,30.1353,33.2677,454,33948,0.770437,0.71,2,1320972,1320518,454
95813541,37.2271,37.0535,455,34010,0.806175,0.65,2,1321011,1320556,455
95816461,33.0454,33.8107,454,34072,0.82047,0.67,2,1321043,1320589,454
95819381,30.6091,31.5621,453,34134,0.826188,0.67,2,1321073,1320620,453
95822301,27.7218,27.9124,453,34196,0.852475,0.61,2,1321100,1320647,453
95825221,53.5444,55.9825,450,34258,0.85099,0.61,2,1321160,1320710,450
95828141,41.9089,11.1965,489,34320,0.862396,0.61,2,1321199,1320710,489
95831061,69.1818,31.8393,528,34382,0.854958,0.73,2,1321275,1320747,528
95833981,48.2364,64.7679,498,34443,0.863983,0.75,2,1321318,1320820,498
95836901,54.4473,46.5536,512,34504,0.879593,0.73,2,1321374,1320862,512
95839821,31.6895,53.3107,483,34565,0.885837,0.75,2,1321400,1320917,483
96133281,406.487,442.122,470,17520,0.431097,0.91,1,1325330,1324860,470
96136201,178.097,144.424,521,18366,0.238439,0.43,1,1325451,1324930,521
96147881,45.2066,63.4119,436,18824,0.0554,0.09,1,1325738,1325302,436
96150801,20.2413,29.4824,429,18937,0.02216,0.11,1,1325752,1325323,429
96153721,104.048,108.296,426,19049,0.074864,0.09,1,1325877,1325451,426
96156641,93.6097,92.8593,428,19160,0.0959456,0.19,1,1325968,1325540,428
96162481,65.3444,69.4744,426,19381,0.0885513,0.01,1,1326125,1325699,426
96165401,41.0689,45.0949,422,19490,0.0654205,0,1,1326160,1325738,422
96168321,20.2138,20.219,423,19599,0.0441682,0,1,1326175,1325752,423
96171241,106.443,4.04379,551,19707,0.0596673,0.11,1,1326303,1325752,551
96182921,38.4807,65.3185,456,20134,0.200775,0.05,1,1326581,1326125,456
96191681,97.7798,106.443,520,20448,0.23293,0.17,1,1326823,1326303,520
96194601,98.756,94.0885,528,20552,0.291172,0.17,1,1326922,1326394,528
96212121,83.9892,97.7798,437,21164,0.400155,0.33,1,1327260,1326823,437
96241321,39.0591,37.6319,452,22145,0.754449,0.61,2,1327903,1327451,452
96244241,19.0118,18.7264,452,22241,0.76378,0.63,2,1327917,1327465,452
96247161,112.602,111.745,453,22336,0.767512,0.63,2,1328053,1327600,453
96250081,24.1205,23.9491,453,22431,0.769005,0.71,2,1328055,1327602,453
96253001,88.0241,86.3898,455,22526,0.781602,0.71,2,1328159,1327704,455
96255921,104.005,17.278,563,22620,0.822641,0.77,2,1328267,1327704,563
96258841,71.201,86.6556,522,22714,0.839056,0.73,2,1328330,1327808,522
96261761,38.2402,68.5311,488,22807,0.845623,0.77,2,1328360,1327872,488
96264681,18.848,38.5062,471,22900,0.848249,0.77,2,1328374,1327903,471
96267601,112.57,18.9012,593,22993,0.8853,0.77,2,1328510,1327917,593
96349361,36.1343,26.7157,494,25447,0.890992,1,2,1330261,1329767,494
96358121,79.3611,29.6537,593,25696,0.874704,1,2,1330420,1329827,593
96361041,44.6722,103.531,507,25778,0.871881,1,2,1330456,1329949,507
96363961,68.9344,47.9061,548,25860,0.822753,0.98,2,1330531,1329983,548
96366881,107.387,68.7812,591,25942,0.815101,0.96,2,1330648,1330057,591
96369801,61.4774,111.356,519,26024,0.80004,0.89,2,1330698,1330179,519
96372721,38.6955,64.6712,499,26105,0.770016,0.87,2,1330731,1330232,499
96375641,24.5391,36.1342,491,26186,0.806006,0.93,2,1330752,1330261,491
96378561,40.1078,28.0269,509,26267,0.796403,0.91,2,1330796,1330287,509
96381481,79.2216,40.8054,554,26348,0.840561,0.85,2,1330885,1330331,554
96384401,43.8443,79.3611,500,26428,0.846224,0.87,2,1330920,1330420,500
96387321,67.1689,44.6722,537,26508,0.88449,0.79,2,1330993,1330456,537
96390241,104.634,68.9344,576,26588,0.863796,0.81,2,1331107,1330531,576
96393161,61.7268,107.387,510,26668,0.867518,0.79,2,1331158,1330648,510
96396081,38.7453,61.4774,493,26747,0.881007,0.75,2,1331191,1330698,493
96518721,37.0307,37.0007,506,29890,0.89896,1,2,1333303,1332797,506
96521641,56.2061,64.2001,496,29961,0.845584,1,2,1333364,1332868,496
96524561,101.641,112.04,485,30032,0.764234,1,2,1333477,1332992,485
96542081,29.68,33.7685,469,30452,0.433869,0.97,1,1333693,1333224,469
96545001,40.336,41.1537,469,30521,0.431548,0.85,1,1333736,1333267,469
96550841,50.8934,56.2061,460,30659,0.415848,0.71,1,1333824,1333364,460
96553761,93.3787,101.641,451,30728,0.412339,0.59,1,1333928,1333477,451
96556681,56.2757,57.9282,451,30797,0.422936,0.61,1,1333975,1333524,451
96559601,43.2551,45.9857,448,30866,0.427174,0.51,1,1334015,1333567,448
96562521,34.251,37.9971,444,30935,0.41687,0.51,1,1334047,1333603,444
96565441,31.6502,33.9994,442,31003,0.424748,0.43,1,1334078,1333636,442
96568361,27.93,28.3999,442,31071,0.439899,0.41,1,1334105,1333663,442
96612161,96.2102,50.0671,552,32078,0.814827,0.57,2,1334817,1334265,552
96615081,59.242,92.4134,499,32144,0.895931,0.63,2,1334867,1334368,499
96778601,31.7926,37.1073,519,35642,0.87256,1,2,1337299,1336780,519
96781521,35.1585,30.6215,526,35701,0.811024,1,2,1337335,1336809,526
96801961,52.3491,62.3852,478,36114,0.405409,1,1,1337553,1337075,478
96804881,104.07,110.077,473,36173,0.252164,0.96,1,1337670,1337197,473
96813641,28.5446,31.7926,465,36347,0.0902985,0.77,1,1337764,1337299,465
96816561,32.1089,35.1585,462,36405,0.0901194,0.67,1,1337797,1337335,462
96837001,46.1329,52.3491,437,36810,0.202253,0.15,1,1337990,1337553,437
96839921,95.6266,104.07,428,36867,0.242901,0.11,1,1338098,1337670,428
96842841,46.3253,49.614,426,36924,0.23516,0.09,1,1338132,1337706,426
96845761,34.0651,34.7228,426,36981,0.244064,0.07,1,1338163,1337737,426
96848681,26.013,28.5446,423,37038,0.247626,0.09,1,1338187,1337764,423
96851601,32.4026,32.1089,424,37095,0.27305,0.15,1,1338221,1337797,424
96854521,32.8805,30.4218,427,37152,0.25922,0.15,1,1338254,1337827,427
96857441,24.1761,6.08436,449,37209,0.265688,0.13,1,1338276,1337827,449
96860361,9.63522,20.4169,431,37266,0.280275,0.11,1,1338282,1337851,431
96872041,44.7194,22.6567,481,37493,0.433655,0.21,1,1338419,1337938,481
96874961,97.7439,46.1313,540,37549,0.443462,0.27,1,1338530,1337990,540
96924601,33.419,33.334,480,38494,0.753036,0.53,2,1339134,1338654,480
96927521,26.6838,33.0668,472,38549,0.799214,0.51,2,1339159,1338687,472
96930441,10.1368,25.8134,454,38604,0.829686,0.55,2,1339165,1338711,454
96933361,3.62735,9.96267,450,38659,0.841874,0.61,2,1339167,1338717,450
96936281,32.7255,32.3925,452,38714,0.84675,0.63,2,1339207,1338755,452
96939201,32.9451,32.0785,453,38769,0.8127,0.61,2,1339240,1338787,453
96942121,25.789,24.8157,454,38823,0.82308,0.71,2,1339264,1338810,454
96945041,49.9578,47.3631,457,38877,0.827232,0.71,2,1339320,1338863,457
96947961,98.7916,98.2726,457,38931,0.852893,0.71,2,1339431,1338974,457
96950881,46.9583,46.8545,457,38985,0.887157,0.71,2,1339465,1339008,457
96953801,33.3917,33.3709,457,39039,0.888863,0.71,2,1339495,1339038,457
96956721,27.4783,27.4742,457,39093,0.889545,0.69,2,1339521,1339064,457
96962561,35.3391,33.419,461,39201,0.894727,0.83,2,1339595,1339134,461
96965481,29.4678,26.6838,464,39255,0.891891,0.85,2,1339623,1339159,464
96968401,10.6936,10.1368,464,39309,0.866756,0.85,2,1339629,1339165,464
96971321,3.73871,3.62735,464,39363,0.880702,0.85,2,1339631,1339167,464
97129001,30.354,12.3013,522,42161,0.795184,1,2,1341611,1341089,522
97140681,23.7542,30.3813,494,42361,0.415733,1,1,1341699,1341205,494
97146521,60.1502,49.6953,497,42461,0.0725172,1,1,1341861,1341364,497
97149441,39.23,35.5391,499,42511,0.0590069,1,1,1341895,1341396,499
97152361,26.246,37.5078,484,42561,0.0416028,1,1,1341918,1341434,484
97155281,33.2492,36.3016,483,42611,0.0586411,1,1,1341953,1341470,483
97158201,25.8498,27.2603,482,42661,0.0414564,0.96,1,1341977,1341495,482
97161121,29.17,30.2521,481,42710,0.0465826,0.97,1,1342007,1341526,481
97164041,24.234,30.8504,473,42759,0.036633,0.89,1,1342030,1341557,473
97166961,16.0468,23.7701,465,42808,0.0566532,0.71,1,1342044,1341579,465
97169881,22.4094,30.354,457,42857,0.0406613,0.69,1,1342068,1341611,457
97172801,6.08187,9.2708,455,42906,0.0582645,0.53,1,1342070,1341615,455
97175721,20.4164,29.8542,444,42955,0.0533058,0.45,1,1342094,1341650,444
97178641,21.6833,26.7708,440,43004,0.0513223,0.45,1,1342116,1341676,440
97181561,18.7367,5.35417,458,43053,0.0505289,0.35,1,1342134,1341676,458
97184481,81.3473,19.4708,532,43102,0.0202116,0,1,1342231,1341699,532
97187401,57.8695,91.8942,474,43151,0.0380846,0.01,1,1342283,1341809,474
97190321,38.7739,59.9788,456,43200,0.0572339,0.05,1,1342317,1341861,456
97193241,26.1548,39.1958,445,43249,0.0528935,0.03,1,1342340,1341895,445
97196161,32.431,26.2392,456,43298,0.0511574,0.07,1,1342374,1341918,456
97199081,25.6862,33.2478,445,43347,0.038463,0.03,1,1342398,1341953,445
97202001,29.9372,25.8496,452,43396,0.0453852,0.05,1,1342429,1341977,452
97222441,21.8715,21.6833,443,43735,0.0859924,0.05,1,1342559,1342116,443
97225361,79.5743,18.7367,519,43783,0.034397,0,1,1342653,1342134,519
97228281,59.1149,81.3473,476,43831,0.0437588,0.05,1,1342707,1342231,476
97231201,41.423,57.8695,461,43879,0.0235035,0.07,1,1342744,1342283,461
97234121,25.0846,38.7739,448,43927,0.0274014,0.05,1,1342765,1342317,448
97237041,29.8169,26.1548,456,43975,0.0409606,0.05,1,1342796,1342340,456
97239961,24.3634,32.431,445,44023,0.0223842,0.03,1,1342819,1342374,445
97242881,31.2727,25.6862,454,44071,0.0269537,0.05,1,1342852,1342398,454
97245801,28.6545,29.9372,451,44119,0.0527815,0.15,1,1342880,1342429,451
97248721,17.7309,25.9874,441,44167,0.0511126,0.11,1,1342895,1342454,441
97251641,21.1462,16.3975,449,44215,0.050445,0.11,1,1342917,1342468,449
97254561,5.82924,21.6795,428,44263,0.050178,0.11,1,1342919,1342491,428
97257481,18.7658,5.9359,448,44311,0.0620712,0.11,1,1342941,1342493,448
97260401,19.7532,18.7872,446,44359,0.0668285,0.11,1,1342961,1342515,446
97263321,21.5506,21.3574,446,44407,0.0687314,0.07,1,1342983,1342537,446
97266241,77.9101,21.8715,516,44455,0.0694926,0,1,1343075,1342559,516
97269161,17.182,79.5743,424,44502,0.045797,0.05,1,1343077,1342653,424
97272081,46.6364,59.1149,424,44549,0.0363188,0.01,1,1343131,1342707,424
97275001,38.9273,41.423,424,44596,0.0205275,0.03,1,1343168,1342744,424
97277921,23.7855,25.0846,423,44643,0.038211,0.05,1,1343188,1342765,423
97280841,28.7571,29.8169,422,44690,0.0452844,0.01,1,1343218,1342796,422
97283761,24.1514,24.3634,422,44737,0.0481138,0.03,1,1343241,1342819,422
97286681,32.0303,31.2727,423,44784,0.0252455,0.07,1,1343275,1342852,423
97289601,30.4061,28.6545,425,44831,0.0520982,0.05,1,1343305,1342880,425
97292521,17.2812,17.7309,424,44878,0.0748393,0.05,1,1343319,1342895,424
97295441,21.8562,21.1462,425,44925,0.0839357,0.05,1,1343342,1342917,425
97298361,5.97125,5.82924,425,44972,0.0875743,0.07,1,1343344,1342919,425
97301281,18.7942,18.7658,425,45019,0.0890297,0.07,1,1343366,1342941,425
97304201,19.7588,19.7532,425,45066,0.0776119,0.07,1,1343386,1342961,425
97321721,23.6536,23.7855,422,45348,0.0973835,0.05,1,1343610,1343188,422
97324641,30.3307,28.7571,424,45395,0.0929534,0.05,1,1343642,1343218,424
97330481,32.5732,32.0303,423,45487,0.0640725,0.07,1,1343698,1343275,423
97333401,31.3146,30.4061,424,45533,0.043629,0.09,1,1343729,1343305,424
97336321,18.2629,17.2812,425,45579,0.0474516,0.09,1,1343744,1343319,425
97339241,21.2526,21.8562,424,45625,0.0729806,0.09,1,1343766,1343342,424
97342161,5.85052,5.97125,424,45671,0.0591923,0.09,1,1343768,1343344,424
97345081,18.7701,18.7942,424,45717,0.0776769,0.07,1,1343790,1343366,424
97348001,21.354,19.7588,426,45763,0.0850708,0.15,1,1343812,1343386,426
97350921,22.6708,21.5518,427,45809,0.0760283,0.15,1,1343835,1343408,427
97353841,75.7342,75.5104,427,45855,0.0484113,0.15,1,1343924,1343497,427
97356761,16.7468,16.7021,427,45901,0.0613645,0.13,1,1343926,1343499,427
97359681,48.9494,47.3404,429,45947,0.0425458,0.13,1,1343983,1343554,429
97362601,33.7899,9.46808,459,45993,0.0350183,0.09,1,1344013,1343554,459
97365521,23.558,30.6936,444,46039,0.0320073,0.09,1,1344034,1343590,444
97368441,31.1116,22.1387,457,46085,0.0428029,0.09,1,1344067,1343610,457
97371361,19.8223,30.0277,442,46131,0.0351212,0.13,1,1344084,1343642,442
97374281,31.9645,22.8055,456,46177,0.0440485,0.03,1,1344119,1343663,456
97377201,31.9929,32.5611,453,46223,0.0356194,0.03,1,1344151,1343698,453
97380121,19.1986,31.3122,438,46269,0.0442478,0.05,1,1344167,1343729,438
97383041,21.4397,18.2624,445,46315,0.0476991,0.09,1,1344189,1343744,445
97385961,5.88794,21.2525,425,46361,0.0610796,0.05,1,1344191,1343766,425
97388881,18.7776,5.8505,445,46406,0.0664319,0.09,1,1344213,1343768,445
97391801,21.3555,18.7701,445,46451,0.0805727,0.09,1,1344235,1343790,445
97394721,21.8711,21.354,445,46496,0.0862291,0.07,1,1344257,1343812,445
97409321,22.9177,33.7899,443,46721,0.218717,0.03,1,1344456,1344013,443
97412241,31.7835,23.558,456,46766,0.249487,0.05,1,1344490,1344034,456
97415161,21.5567,31.1116,442,46811,0.273795,0.03,1,1344509,1344067,442
97418081,29.1113,19.8223,456,46856,0.283518,0.05,1,1344540,1344084,456
97421001,32.2223,31.9645,454,46901,0.287407,0.03,1,1344573,1344119,454
97438521,22.7047,21.3555,448,47171,0.298983,0.09,1,1344683,1344235,448
97441441,77.3409,21.8711,517,47216,0.293593,0.11,1,1344774,1344257,517
97444361,17.0682,75.5742,430,47261,0.291437,0.11,1,1344776,1344346,430
97461881,22.503,21.5567,437,47528,0.404845,0.29,1,1344946,1344509,437
97467721,31.4601,32.2223,436,47616,0.416375,0.31,1,1345009,1344573,436
97470641,20.692,20.0445,437,47660,0.40055,0.33,1,1345027,1344590,437
97473561,23.3384,22.4089,438,47704,0.40622,0.33,1,1345051,1344613,438
97476481,6.26768,6.08178,438,47748,0.432488,0.31,1,1345053,1344615,438
97479401,18.8535,19.6164,437,47792,0.442995,0.31,1,1345075,1344638,437
97482321,21.3707,21.5233,437,47836,0.423198,0.29,1,1345097,1344660,437
97540721,50.0963,50.671,449,48710,0.761964,0.57,2,1345722,1345273,449
97543641,35.6193,36.5342,448,48753,0.766785,0.57,2,1345754,1345306,448
97546561,8.72385,8.90684,448,48796,0.768714,0.61,2,1345756,1345308,448
97561161,32.5519,29.727,487,49011,0.763708,0.73,2,1345905,1345418,487
97564081,20.9104,31.5454,473,49054,0.779483,0.73,2,1345923,1345450,473
97567001,24.9821,20.7091,481,49097,0.785793,0.71,2,1345949,1345468,481
97569921,6.59642,24.1418,458,49140,0.788317,0.71,2,1345951,1345493,458
97572841,19.7193,6.42836,479,49183,0.789327,0.77,2,1345974,1345495,479
97575761,21.5439,18.8857,479,49226,0.789731,0.75,2,1345996,1345517,479
97578681,21.9088,22.1771,478,49269,0.801892,0.75,2,1346018,1345540,478
97581601,84.3818,22.0354,556,49312,0.830757,0.75,2,1346118,1345562,556
97584521,18.4763,84.4071,458,49355,0.842303,0.75,2,1346120,1345662,458
97587441,50.8953,18.4814,515,49398,0.858921,0.77,2,1346179,1345664,515
97590361,35.7791,50.0963,489,49441,0.865568,0.77,2,1346211,1345722,489
97593281,8.75581,35.6193,459,49484,0.868227,0.77,2,1346213,1345754,459
97596201,20.9512,8.72385,481,49527,0.881291,0.73,2,1346237,1345756,481
97812281,148.465,182.949,473,23360,0.2044,1,1,1348457,1347984,473
97818121,59.5386,67.158,486,24266,0.072304,0.53,1,1348580,1348094,486
97821041,58.3077,75.0316,467,24353,0.0589216,0.41,1,1348638,1348171,467
97823961,66.0615,61.4063,477,24440,0.0655686,0.13,1,1348706,1348229,477
97826881,51.6123,85.0813,434,24527,0.0682275,0.01,1,1348754,1348320,434
97832721,35.3445,33.4833,446,24699,0.0937164,0,1,1348826,1348380,446
97835641,49.4689,48.2967,447,24785,0.0554866,0.09,1,1348879,1348432,447
97838561,68.2938,85.6593,425,24871,0.0881946,0.03,1,1348952,1348527,425
97841481,56.0588,59.5319,425,24956,0.0652778,0.05,1,1349005,1348580,425
97844401,56.8118,58.3064,424,25041,0.0801111,0.07,1,1349062,1348638,424
97847321,68.1623,66.0613,427,25126,0.0980445,0.07,1,1349133,1348706,427
97891121,57.3219,53.6684,488,26362,0.21198,0.17,1,1349914,1349426,488
97894041,70.6644,57.9337,503,26442,0.222792,0.15,1,1349988,1349485,503
97896961,49.3329,71.5867,472,26522,0.251117,0.13,1,1350032,1349560,472
97899881,43.4666,50.3173,469,26602,0.286447,0.15,1,1350074,1349605,469
97908641,68.2517,45.2345,502,26840,0.440973,0.13,1,1350232,1349730,502
97952441,48.5887,46.0516,451,28000,0.773064,0.59,2,1350963,1350512,451
97955361,40.1177,41.2103,449,28076,0.759226,0.55,2,1351001,1350552,449
97958281,47.2235,47.4421,449,28151,0.81369,0.61,2,1351050,1350601,449
97961201,72.6447,70.2884,452,28226,0.847476,0.61,2,1351129,1350677,452
97964121,16.1289,15.6577,452,28301,0.88499,0.65,2,1351131,1350679,452
98101361,73.8127,51.9432,547,31624,0.860585,1,2,1353495,1352948,547
98104281,36.3625,70.3886,499,31691,0.770234,1,2,1353522,1353023,499
98142241,82.2331,61.2945,538,32548,0.851989,0.59,2,1354170,1353632,538
98145161,38.8466,81.8589,479,32613,0.874796,0.61,2,1354198,1353719,479
98148081,34.9693,40.3718,483,32678,0.895918,0.55,2,1354232,1353749,483
98267801,62.005,44.7574,547,35233,0.897693,1,2,1355961,1355414,547
98270721,81.201,61.7515,567,35293,0.761077,1,2,1356047,1355480,567
98282401,38.1907,33.7244,508,35533,0.444236,0.95,1,1356194,1355686,508
98297001,31.4401,34.1254,477,35828,0.284264,1,1,1356323,1355846,477
98299921,40.688,46.0251,471,35887,0.275706,0.83,1,1356366,1355895,471
98302841,53.7376,62.005,462,35946,0.212282,0.67,1,1356423,1355961,462
98317441,33.0706,38.1907,440,36240,0.076161,0.37,1,1356634,1356194,440
98320361,29.0141,30.0381,440,36298,0.0844644,0.33,1,1356662,1356222,440
98323281,22.6028,26.0076,436,36356,0.0637858,0.31,1,1356683,1356247,436
98326201,9.32057,10.0015,436,36414,0.0795143,0.29,1,1356689,1356253,436
98329121,33.0641,33.2003,436,36472,0.0738057,0.27,1,1356728,1356292,436
98346641,33.3023,34.7659,427,36819,0.236756,0.09,1,1356991,1356564,427
98349561,34.6605,37.3532,424,36876,0.256702,0.05,1,1357026,1356602,424
98352481,33.3321,33.0706,425,36933,0.276681,0.09,1,1357059,1356634,425
98370001,38.4129,24.5226,468,37275,0.430655,0.19,1,1357225,1356757,468
98448841,69.9854,69.9884,449,38778,0.772428,0.55,2,1358249,1357800,449
98451761,41.1971,41.1977,449,38832,0.794971,0.59,2,1358283,1357834,449
98454681,35.4394,33.8395,451,38886,0.803989,0.61,2,1358317,1357866,451
98457601,38.2879,37.1679,452,38940,0.843595,0.63,2,1358356,1357904,452
98460521,34.0576,33.0336,453,38994,0.847438,0.63,2,1358389,1357936,453
98463441,32.4115,32.2067,453,39048,0.848975,0.61,2,1358421,1357968,453
98466361,27.2823,26.4413,454,39102,0.82559,0.65,2,1358447,1357993,454
98469281,10.2565,10.0883,454,39156,0.816236,0.67,2,1358453,1357999,454
98472201,33.2513,32.4177,455,39210,0.800494,0.71,2,1358492,1358037,455
98475121,34.6503,32.8835,457,39264,0.782198,0.75,2,1358527,1358070,457
98478041,42.1301,40.1767,459,39318,0.822879,0.75,2,1358571,1358112,459
98480961,10.026,9.63534,459,39372,0.815152,0.75,2,1358573,1358114,459
98483881,50.0052,49.9271,459,39426,0.884061,0.79,2,1358633,1358174,459
98486801,70.001,69.9854,459,39480,0.899624,0.81,2,1358708,1358249,459
98705801,39.5694,38.2599,515,43305,0.883868,1,2,1361378,1360863,515
98708721,31.1139,30.052,516,43354,0.863547,1,2,1361407,1360891,516
98711641,35.0228,30.8104,521,43403,0.843419,1,2,1361443,1360922,521
98735001,31.951,38.3237,499,43790,0.44121,0.88,1,1361713,1361214,499
98740841,31.038,26.1729,503,43886,0.405394,0.88,1,1361771,1361268,503
98743761,34.2076,33.2346,503,43934,0.408157,0.93,1,1361806,1361303,503
98746681,34.0415,33.8469,503,43982,0.421263,0.86,1,1361840,1361337,503
98749601,27.6083,39.5694,488,44030,0.414505,0.85,1,1361866,1361378,488
98752521,31.1217,31.1139,491,44078,0.447802,0.83,1,1361898,1361407,491
98755441,35.8243,35.0228,492,44126,0.425121,0.67,1,1361935,1361443,492
98758361,21.5649,36.6046,473,44174,0.428048,0.69,1,1361953,1361480,473
98761281,20.313,21.7209,475,44222,0.429219,0.59,1,1361973,1361498,475
98764201,40.0626,22.7442,497,44270,0.429688,0.59,1,1362018,1361521,497
98770041,31.3625,41.8698,475,44366,0.43235,0.51,1,1362084,1361609,475
98828441,29.5703,30.8337,449,45307,0.751738,0.59,2,1362662,1362213,449
98831361,35.5141,34.1667,451,45354,0.750695,0.61,2,1362699,1362248,451
98834281,35.1028,34.8333,451,45400,0.750278,0.61,2,1362734,1362283,451
98837201,29.4206,28.5667,452,45446,0.774111,0.61,2,1362762,1362310,452
98840121,29.8841,31.3133,450,45492,0.759644,0.57,2,1362792,1362342,450
98843041,35.5768,35.0627,451,45538,0.777858,0.63,2,1362829,1362378,451
98845961,22.3154,21.4125,452,45584,0.773143,0.61,2,1362848,1362396,452
98848881,20.4631,20.2825,452,45630,0.783257,0.63,2,1362868,1362416,452
98851801,40.8926,41.6565,451,45676,0.811303,0.65,2,1362914,1362463,451
98854721,36.9785,36.3313,452,45722,0.822521,0.61,2,1362950,1362498,452
98857641,31.3957,31.2663,452,45768,0.839009,0.63,2,1362980,1362528,452
98860561,46.2791,45.4533,453,45814,0.833603,0.69,2,1363030,1362577,453
98863481,30.8558,28.2907,456,45860,0.843441,0.65,2,1363057,1362601,456
98866401,7.77117,7.25813,456,45906,0.847377,0.65,2,1363059,1362603,456
98869321,24.7542,1.45163,485,45952,0.860951,0.77,2,1363088,1362603,485
98872241,29.7508,22.6903,488,45998,0.89038,0.77,2,1363119,1362631,488
99070801,72.7969,68.1299,501,22380,0.41487,0.39,1,1365463,1364962,501
99073721,64.9594,98.426,458,22475,0.423948,0.39,1,1365526,1365068,458
99126281,60.4168,68.9787,456,24117,0.814891,0.71,2,1366583,1366127,456
99129201,64.8834,65.7957,457,24205,0.859956,0.73,2,1366649,1366192,457
99132121,84.9767,84.3592,458,24293,0.877982,0.71,2,1366739,1366281,458
99135041,73.7953,74.4718,457,24380,0.897193,0.75,2,1366810,1366353,457
99228481,49.0926,78.6543,485,27024,0.857066,1,2,1368628,1368143,485
99246001,48.7432,44.57,482,27490,0.430847,0.98,1,1368947,1368465,482
99272281,42.578,48.7432,436,28176,0.407384,0.33,1,1369383,1368947,436
99275201,60.5156,60.9486,437,28251,0.408953,0.31,1,1369448,1369011,437
99278121,37.7031,36.9897,438,28326,0.433581,0.31,1,1369480,1369042,438
99281041,39.5406,41.7979,435,28401,0.443433,0.31,1,1369520,1369085,435
99327761,60.4404,44.2314,516,29571,0.767935,0.63,2,1370341,1369825,516
99330681,38.4881,61.6463,483,29643,0.793174,0.61,2,1370374,1369891,483
99333601,41.2976,37.9293,493,29714,0.82727,0.63,2,1370416,1369923,493
99336521,69.8595,39.5859,530,29785,0.828908,0.67,2,1370493,1369963,530
99339441,15.5719,68.7172,456,29856,0.829563,0.71,2,1370495,1370039,456
99342361,58.3144,68.1434,457,29927,0.877825,0.71,2,1370564,1370107,457
99482521,30.8456,34.2475,494,33150,0.889333,1,2,1372781,1372287,494
99485441,58.1691,70.0495,480,33214,0.817733,1,2,1372846,1372366,480
99488361,44.4338,43.6099,484,33278,0.765093,0.96,2,1372887,1372403,484
99494201,39.0574,37.9044,483,33405,0.759615,1,2,1372972,1372489,483
99502961,36.8885,38.5112,468,33594,0.776055,1,2,1373099,1372631,468
99505881,28.1777,27.7022,469,33657,0.796422,0.89,2,1373125,1372656,469
99508801,52.8355,55.1405,466,33720,0.816569,0.91,2,1373184,1372718,466
99511721,34.5671,38.2281,462,33783,0.824628,0.87,2,1373214,1372752,462
99514641,30.1134,30.8456,462,33846,0.839851,0.77,2,1373243,1372781,462
99517561,52.4227,58.1691,455,33908,0.85794,0.73,2,1373301,1372846,455
99520481,48.8845,44.4338,462,33970,0.877176,0.73,2,1373349,1372887,462
99669401,35.4572,36.1947,487,37009,0.892947,1,2,1375469,1374982,487
99686921,39.181,26.2172,519,37351,0.277517,1,1,1375671,1375152,519
99692761,36.4472,51.7687,504,37464,0.0696027,1,1,1375761,1375257,504
99695681,42.4894,40.7537,510,37520,0.0698411,1,1,1375805,1375295,510
99698601,54.0979,40.1507,527,37576,0.0459364,1,1,1375862,1375335,527
99701521,37.2196,58.4302,497,37632,0.0483746,0.93,1,1375895,1375398,497
99704441,33.0439,41.286,492,37688,0.0373498,0.85,1,1375927,1375435,492
99707361,35.4088,35.4572,494,37744,0.0569399,0.65,1,1375963,1375469,494
99710281,31.0818,40.6914,482,37800,0.052776,0.61,1,1375993,1375511,482
99713201,27.0164,36.1383,473,37856,0.0511104,0.49,1,1376019,1375546,473
99716121,19.0033,33.6277,457,37912,0.0504442,0.43,1,1376036,1375579,457
99719041,26.2007,23.5255,464,37968,0.0741777,0.31,1,1376064,1375600,464
99721961,34.8401,27.9051,472,38024,0.0836711,0.21,1,1376101,1375629,472
99724881,47.768,39.181,481,38080,0.0754684,0.03,1,1376152,1375671,481
99727801,33.5536,54.2362,453,38135,0.0841874,0.03,1,1376182,1375729,453
99730721,43.5107,36.4472,467,38190,0.0516749,0.07,1,1376228,1375761,467
99733641,53.5021,42.4894,479,38245,0.06267,0.03,1,1376284,1375805,479
99736561,40.3004,54.0979,459,38300,0.067068,0.05,1,1376321,1375862,459
99739481,30.4601,37.2196,454,38355,0.0688272,0.03,1,1376349,1375895,454
99742401,35.692,33.0439,459,38410,0.0695309,0.07,1,1376386,1375927,459
99745321,31.1384,35.4088,453,38465,0.0938124,0.05,1,1376416,1375963,453
99794961,25.1061,25.1058,427,39389,0.204422,0.11,1,1376918,1376491,427
99800801,47.5642,45.1642,430,39497,0.216307,0.19,1,1377005,1376575,430
99803721,35.9128,36.2328,429,39550,0.272523,0.09,1,1377038,1376609,429
99806641,39.1826,41.6466,426,39603,0.271009,0.09,1,1377078,1376652,426
99844601,40.3666,35.7522,475,40291,0.403823,0.27,1,1377513,1377038,475
99847521,55.2733,39.1504,494,40343,0.431529,0.35,1,1377572,1377078,494
99908841,25.1898,5.74294,481,41427,0.773021,0.61,2,1378238,1377757,481
99911761,33.838,25.1486,487,41478,0.783208,0.61,2,1378274,1377787,487
99914681,49.1676,33.8297,504,41529,0.811283,0.61,2,1378327,1377823,504
99917601,11.4335,49.1659,453,41580,0.822513,0.63,2,1378329,1377876,453
99920521,33.4867,40.2332,454,41631,0.839005,0.67,2,1378368,1377914,454
99923441,39.4973,40.0466,455,41682,0.857602,0.67,2,1378409,1377954,455
99926361,56.6995,56.8093,455,41733,0.865041,0.65,2,1378470,1378015,455
99929281,44.1399,44.1619,455,41784,0.892016,0.69,2,1378511,1378056,455
99932201,32.028,31.2324,456,41835,0.890806,0.69,2,1378540,1378084,456
99938041,37.2811,35.6493,458,41935,0.899729,0.75,2,1378617,1378159,458
99946801,6.31425,5.94919,461,42085,0.885343,0.79,2,1378669,1378208,461
100180401,421.582,460.067,471,20440,0.441754,0.78,1,1381369,1380898,471
100186241,103.423,129.283,455,20647,0.0778807,0.03,1,1381546,1381091,455
100189161,61.4847,80.2565,438,20750,0.0371523,0.01,1,1381597,1381159,438
100192081,74.6969,65.6513,454,20852,0.0208609,0.07,1,1381675,1381221,454
100195001,71.7394,61.9303,464,20954,0.0143444,0,1,1381746,1381282,464
100197921,26.3479,46.7861,436,21055,0.0357377,0.01,1,1381761,1381325,436
100200841,28.4696,30.1572,439,21156,0.0322951,0.03,1,1381790,1381351,439
100203761,75.2939,89.2314,422,21256,0.078918,0,1,1381877,1381455,422
100206681,87.8588,90.6463,422,21356,0.0495672,0.01,1,1381968,1381546,422
100209601,58.3718,58.9293,422,21455,0.0198269,0.01,1,1382019,1381597,422
100212521,74.8744,74.1859,423,21554,0.00793075,0.01,1,1382098,1381675,423
100215441,71.7749,71.6372,423,21652,0.0211723,0.05,1,1382169,1381746,423
100218361,25.555,26.3274,422,21750,0.0384689,0.03,1,1382183,1381761,422
100221281,28.311,28.4655,422,21848,0.0333876,0.11,1,1382212,1381790,422
100224201,77.6622,75.2931,425,21945,0.067355,0.03,1,1382302,1381877,425
100227121,85.9324,87.8586,422,22042,0.032942,0,1,1382390,1381968,422
100230041,57.9865,58.3717,422,22138,0.0311768,0,1,1382441,1382019,422
100232961,76.3973,74.8743,424,22234,0.0304707,0.03,1,1382522,1382098,424
100235881,70.4795,71.7749,422,22329,0.0301883,0.05,1,1382591,1382169,422
100238801,25.2959,25.555,422,22424,0.0180753,0.03,1,1382605,1382183,422
100241721,28.2592,28.311,422,22519,0.0252301,0.03,1,1382634,1382212,422
100244641,78.4518,5.6622,513,22613,0.0520921,0.09,1,1382725,1382212,513
100247561,84.4904,73.1324,509,22707,0.0268368,0.01,1,1382811,1382302,509
100250481,57.6981,85.0265,472,22800,0.0407347,0.03,1,1382862,1382390,472
100253401,76.3396,57.8053,502,22893,0.0342939,0.03,1,1382943,1382441,502
100256321,70.4679,76.3611,490,22986,0.0197176,0.03,1,1383012,1382522,490
100259241,26.0936,70.4722,436,23078,0.013887,0.01,1,1383027,1382591,436
100262161,27.6187,25.2944,450,23170,0.0115548,0.03,1,1383055,1382605,450
100265081,80.7237,28.2589,515,23261,0.0346219,0.07,1,1383149,1382634,515
100268001,82.5448,78.4518,507,23352,0.0318488,0.01,1,1383232,1382725,507
100270921,57.3089,84.4904,472,23443,0.0667395,0.05,1,1383283,1382811,472
100273841,77.0618,57.6981,503,23533,0.0326958,0.03,1,1383365,1382862,503
100276761,69.8124,76.3396,490,23623,0.0310783,0.01,1,1383433,1382943,490
100279681,25.9625,70.4679,436,23713,0.0184313,0.01,1,1383448,1383012,436
100282601,27.5925,26.0936,449,23802,0.0253725,0.01,1,1383476,1383027,449
100285521,82.3185,27.6187,517,23891,0.088149,0.05,1,1383572,1383055,517
100294281,47.5705,57.3089,427,24156,0.0846015,0.01,1,1383710,1383283,427
100297201,71.9141,77.0618,423,24244,0.0518406,0.03,1,1383788,1383365,423
100300121,68.7828,69.8124,423,24331,0.0507362,0.01,1,1383856,1383433,423
100303041,24.9566,25.9625,422,24418,0.0502945,0.03,1,1383870,1383448,422
100305961,27.3913,27.5925,422,24505,0.0381178,0.13,1,1383898,1383476,422
100308881,87.8783,82.3185,429,24591,0.0572471,0.11,1,1384001,1383572,429
100320561,69.1902,71.9141,422,24934,0.0897375,0.05,1,1384210,1383788,422
100323481,68.238,68.7828,422,25019,0.041895,0.05,1,1384278,1383856,422
100326401,24.8476,24.9566,422,25104,0.022758,0.03,1,1384292,1383870,422
100329321,27.3695,27.3913,422,25188,0.0271032,0.07,1,1384320,1383898,422
100332241,90.2739,87.8783,425,25272,0.0648413,0.13,1,1384426,1384001,425
100346841,66.9281,68.622,489,25689,0.0695632,0.01,1,1384699,1384210,489
100349761,24.5856,68.1244,435,25771,0.0458253,0.01,1,1384713,1384278,435
100352681,27.3171,24.8249,449,25853,0.0243301,0.03,1,1384741,1384292,449
100355601,91.8634,27.365,529,25935,0.039732,0.09,1,1384849,1384320,529
100358521,85.5727,90.273,507,26017,0.0578928,0.17,1,1384933,1384426,507
100361441,18.7145,82.0546,429,26098,0.0651571,0.17,1,1384935,1384506,429
100364361,48.5429,18.0109,483,26179,0.0680629,0.11,1,1384991,1384508,483
100367281,61.7086,49.2022,491,26260,0.0812251,0.13,1,1385056,1384565,491
100370201,64.3417,62.6404,490,26341,0.0744901,0.03,1,1385121,1384631,490
100376041,27.0537,24.5856,449,26501,0.0491184,0.01,1,1385162,1384713,449
100378961,93.4107,27.3171,531,26581,0.0376474,0.05,1,1385272,1384741,531
100396481,54.8207,64.3417,427,27056,0.211748,0.13,1,1385548,1385121,427
100399401,21.3641,23.2683,427,27134,0.210699,0.01,1,1385561,1385134,427
100422761,54.8606,54.8207,431,27753,0.204602,0.21,1,1385979,1385548,431
100425681,22.1721,21.3641,432,27829,0.231841,0.19,1,1385993,1385561,432
100428601,21.2344,23.4728,429,27905,0.266736,0.07,1,1386014,1385585,429
100440281,50.4404,49.5736,429,28207,0.405564,0.17,1,1386274,1385845,429
100451961,23.4599,52.5721,448,28506,0.442238,0.25,1,1386427,1385979,448
100454881,23.092,21.7144,457,28580,0.422895,0.29,1,1386450,1385993,457
100501601,58.151,14.7248,515,29744,0.755211,0.53,2,1387302,1386787,515
100504521,22.8302,57.345,461,29815,0.764084,0.53,2,1387316,1386855,461
100507441,6.16604,22.669,449,29886,0.767634,0.53,2,1387318,1386869,449
100510361,21.2332,24.5338,449,29957,0.781053,0.61,2,1387343,1386894,449
100513281,95.4466,93.7068,452,30028,0.834421,0.61,2,1387457,1387005,452
100516201,94.2893,93.9414,452,30098,0.879769,0.61,2,1387551,1387099,452
100519121,20.4579,20.3883,452,30168,0.897907,0.67,2,1387553,1387101,452
100670961,40.1796,49.8447,500,33622,0.846064,1,2,1389965,1389465,500
100673881,40.0359,55.5689,483,33685,0.848426,1,2,1390005,1389522,483
100688481,39.9923,33.253,496,33998,0.247315,1,1,1390215,1389719,496
100697241,31.4239,48.49,473,34184,0.0899882,0.94,1,1390363,1389890,473
100703081,40.297,7.3796,511,34308,0.0947981,0.77,1,1390435,1389924,511
100706001,36.8594,34.2759,506,34370,0.0679192,0.85,1,1390471,1389965,506
100708921,47.3719,38.8552,516,34432,0.0811677,0.67,1,1390521,1390005,516
100714761,33.4149,38.9942,479,34554,0.0981868,0.37,1,1390582,1390103,479
100729361,35.1544,81.1197,446,34859,0.068599,0.07,1,1390790,1390344,446
100732281,28.6309,31.4239,454,34920,0.0574396,0.11,1,1390817,1390363,454
100735201,40.1262,29.4848,468,34981,0.0529758,0.09,1,1390860,1390392,468
100738121,36.0252,40.297,460,35041,0.0871903,0.05,1,1390895,1390435,460
100758561,73.9915,34.8593,509,35461,0.223991,0.13,1,1391188,1390679,509
100761481,33.9983,75.7719,447,35521,0.251596,0.03,1,1391212,1390765,447
100764401,30.7997,35.1544,452,35581,0.262639,0.05,1,1391242,1390790,452
100767321,38.9599,28.6309,466,35640,0.267055,0.05,1,1391283,1390817,466
100770241,9.39199,40.1262,425,35699,0.268822,0.11,1,1391285,1390860,425
100773161,34.6784,36.0252,431,35758,0.293529,0.13,1,1391326,1390895,431
100784841,29.0731,28.9344,429,35994,0.415946,0.13,1,1391464,1391035,429
100787761,33.0146,33.7869,428,36053,0.424379,0.17,1,1391498,1391070,428
100790681,35.4029,33.9574,430,36112,0.439751,0.27,1,1391534,1391104,430
100854921,30.1061,34.49,483,37379,0.750438,0.73,2,1392362,1391879,483
100857841,34.0212,29.298,490,37436,0.762175,0.71,2,1392397,1391907,490
100860761,35.6042,33.0596,492,37492,0.76687,0.69,2,1392433,1391941,492
100863681,79.9209,36.2119,546,37548,0.756748,0.69,2,1392524,1391978,546
100869521,31.9968,36.0085,486,37660,0.75828,0.71,2,1392580,1392094,486
100872441,40.7994,31.2017,499,37716,0.753312,0.73,2,1392623,1392124,499
100875361,9.75987,39.8403,459,37772,0.751325,0.77,2,1392625,1392166,459
100878281,35.552,9.56807,499,37828,0.77453,0.71,2,1392667,1392168,499
100881201,51.9104,36.3136,512,37884,0.783812,0.69,2,1392723,1392211,512
100884121,35.9821,51.2627,489,37940,0.811525,0.71,2,1392755,1392266,489
100887041,36.7964,36.6525,493,37996,0.83461,0.73,2,1392792,1392299,493
100889961,30.5593,34.5305,488,38052,0.843844,0.77,2,1392821,1392333,488
100892881,34.1119,30.1061,494,38108,0.871538,0.77,2,1392856,1392362,494
100895801,35.6224,34.0212,495,38163,0.882615,0.77,2,1392892,1392397,495
101047641,29.9958,22.7134,512,40942,0.891783,1,2,1394794,1394282,512
101050561,70.7992,34.1427,556,40994,0.818713,1,2,1394875,1394319,556
101053481,39.7598,72.4285,506,41045,0.765485,1,2,1394907,1394401,506
101068081,32.229,32.763,505,41300,0.242357,0.99,1,1395088,1394583,505
101071001,22.4458,32.1526,493,41351,0.210943,1,1,1395108,1394615,493
101076841,31.9378,35.3661,502,41453,0.0949508,0.97,1,1395178,1394676,502
101079761,28.7876,33.4732,497,41504,0.0679803,0.96,1,1395206,1394709,497
101082681,7.35751,29.8946,470,41555,0.0571921,0.97,1,1395208,1394738,470
101085601,22.2715,25.9789,471,41606,0.0648769,0.84,1,1395234,1394763,471
101088521,24.4543,29.9958,465,41657,0.0559507,0.77,1,1395259,1394794,465
101091441,60.8909,70.7992,454,41708,0.0883803,0.73,1,1395329,1394875,454
101100201,38.0871,44.6304,440,41860,0.210376,0.43,1,1395428,1394988,440
101103121,35.6174,37.7261,439,41910,0.258151,0.23,1,1395463,1395024,439
101106041,27.9235,33.1452,433,41960,0.26526,0.19,1,1395489,1395056,433
101108961,28.7847,32.229,430,42010,0.280104,0.19,1,1395518,1395088,430
101111881,21.7569,22.4458,430,42060,0.298042,0.13,1,1395538,1395108,430
101114801,33.9514,35.6892,428,42110,0.281217,0.05,1,1395575,1395147,428
101117721,28.3903,31.9378,424,42160,0.298487,0.05,1,1395602,1395178,424
101135241,43.3334,40.1782,430,42460,0.413986,0.21,1,1395794,1395364,430
101246201,8.04517,32.2187,449,44310,0.761518,0.57,2,1396966,1396517,449
101249121,21.609,8.04374,472,44358,0.766607,0.55,2,1396991,1396519,472
101252041,22.7218,20.8087,471,44406,0.780643,0.57,2,1397014,1396543,471
101254961,69.3444,21.7617,530,44454,0.774257,0.61,2,1397095,1396565,530
101257881,15.4689,67.5524,453,44501,0.771703,0.63,2,1397097,1396644,453
101260801,35.0938,44.7105,454,44548,0.806681,0.65,2,1397137,1396683,454
101263721,27.8188,28.1421,456,44595,0.832672,0.65,2,1397163,1396707,456
101266641,39.1638,40.8284,454,44642,0.879069,0.65,2,1397205,1396751,454
101494401,415.055,456.597,467,21900,0.403539,0.87,1,1399642,1399175,467
101497321,159.811,140.919,501,21997,0.203415,0.47,1,1399738,1399237,501
101509001,65.7917,65.4031,453,22380,0.0500874,0.07,1,1399978,1399525,453
101511921,52.3583,75.4806,424,22475,0.050035,0.01,1,1400027,1399603,424
101514841,29.6717,27.0961,433,22569,0.026014,0.07,1,1400051,1399618,433
101517761,94.7343,24.6192,520,22663,0.0524056,0.07,1,1400162,1399642,520
101520681,74.1469,81.7238,493,22757,0.0629622,0.05,1,1400231,1399738,493
101523601,53.2294,72.3448,471,22850,0.0431849,0.11,1,1400279,1399808,471
101526521,56.2459,49.669,484,22943,0.071274,0.11,1,1400336,1399852,484
101529441,62.4492,56.3338,490,23035,0.0585096,0.01,1,1400400,1399910,490
101532361,52.4898,65.6668,472,23127,0.0534038,0.05,1,1400450,1399978,472
101535281,28.898,52.3334,446,23219,0.0393615,0.01,1,1400473,1400027,446
101538201,96.1796,29.6667,535,23310,0.0577446,0.07,1,1400586,1400051,535
101552801,53.4567,62.4492,473,23762,0.0863865,0.05,1,1400873,1400400,473
101555721,27.4913,52.4898,444,23851,0.0645546,0.03,1,1400894,1400450,444
101558641,98.2983,28.898,537,23940,0.0438218,0.07,1,1401010,1400473,537
101561561,21.2597,96.1796,426,24029,0.0475287,0.17,1,1401012,1400586,426
101564481,62.6519,74.4359,430,24117,0.0850115,0.21,1,1401085,1400655,430
101573241,59.9892,59.2835,431,24380,0.203441,0.03,1,1401252,1400821,431
101576161,47.1978,53.4567,423,24467,0.243376,0.05,1,1401296,1400873,423
101579081,25.4396,27.4913,422,24554,0.259351,0.03,1,1401316,1400894,422
101582001,99.4879,98.2983,424,24640,0.22974,0.05,1,1401434,1401010,424
101584921,21.4976,21.2597,424,24726,0.217896,0.11,1,1401436,1401012,424
101587841,65.8995,62.6519,428,24812,0.273158,0.15,1,1401513,1401085,428
101599521,49.1934,47.1978,435,25152,0.406785,0.27,1,1401731,1401296,435
101602441,24.2387,25.4396,433,25236,0.420714,0.21,1,1401749,1401316,433
101666681,53.0274,59.3758,454,27024,0.754257,0.71,2,1402962,1402508,454
101669601,65.0055,63.8752,457,27102,0.811703,0.69,2,1403030,1402573,457
101672521,49.8011,50.375,456,27180,0.822681,0.69,2,1403076,1402620,456
101675441,24.3602,24.475,456,27258,0.863072,0.75,2,1403094,1402638,456
101795161,44.1631,33.9642,509,30279,0.886,1,2,1405269,1404760,509
101798081,30.4326,36.3928,499,30349,0.7804,1,2,1405296,1404797,499
101806841,31.8275,36.4191,493,30558,0.212426,1,1,1405419,1404926,493
101812681,40.3131,37.9368,501,30696,0.0687881,1,1,1405507,1405006,501
101815601,88.8626,108.387,476,30765,0.0575152,1,1,1405608,1405132,476
101838961,45.46,45.5655,426,31311,0.0993405,0.07,1,1405894,1405468,426
101841881,37.892,9.1131,462,31379,0.0457362,0.03,1,1405930,1405468,462
101844801,88.3784,33.0226,524,31446,0.0482945,0.05,1,1406031,1405507,524
101847721,52.0757,87.4045,466,31513,0.0493178,0.15,1,1406074,1405608,466
101850641,48.8151,49.4809,474,31580,0.0737271,0.13,1,1406122,1405648,474
101853561,34.563,48.2962,457,31647,0.0474908,0.11,1,1406153,1405696,457
101856481,25.3126,34.4592,449,31714,0.0489963,0.15,1,1406176,1405727,449
101859401,39.4625,24.4918,470,31781,0.0735985,0.09,1,1406219,1405749,470
101862321,31.8925,42.4984,453,31848,0.0954394,0.15,1,1406249,1405796,453
101868161,43.6757,23.2999,475,31980,0.0716703,0.07,1,1406318,1405843,475
101871081,39.1351,45.46,462,32046,0.0346681,0.01,1,1406356,1405894,462
101874001,86.227,37.892,524,32112,0.0318673,0.05,1,1406454,1405930,524
101876921,54.8454,88.3784,470,32178,0.0547469,0.05,1,1406501,1406031,470
101879841,47.7691,52.0757,473,32244,0.0758988,0.09,1,1406547,1406074,473
101894441,22.3999,31.8925,446,32570,0.202406,0.11,1,1406695,1406249,446
101897361,42.08,22.3785,473,32635,0.218962,0.05,1,1406742,1406269,473
101906121,18.9286,86.227,425,32830,0.0833736,0.07,1,1406879,1406454,425
101932401,33.8642,37.216,427,33405,0.22951,0.07,1,1407205,1406778,427
101935321,84.3728,86.6432,425,33468,0.253804,0.07,1,1407302,1406877,425
101938241,18.4746,18.9286,425,33531,0.239522,0.13,1,1407304,1406879,425
101941161,42.8949,42.1857,426,33594,0.257809,0.13,1,1407353,1406927,426
101961601,42.1546,41.3211,430,34032,0.420455,0.25,1,1407603,1407173,430
101964521,35.6309,33.8642,432,34094,0.438182,0.27,1,1407637,1407205,432
102031681,87.61,36.2787,550,35493,0.75052,0.61,2,1408630,1408080,550
102034601,19.122,86.4557,453,35553,0.762208,0.61,2,1408632,1408179,453
102037521,43.8244,18.8911,501,35612,0.766883,0.61,2,1408682,1408181,501
102040441,50.3649,43.7782,503,35671,0.780753,0.63,2,1408734,1408231,503
102043361,11.673,49.5556,454,35730,0.786301,0.65,2,1408736,1408282,454
102046281,27.1346,34.7111,454,35789,0.812521,0.65,2,1408767,1408313,454
102049201,29.4269,30.9422,454,35848,0.847008,0.67,2,1408797,1408343,454
102052121,41.8854,41.3884,455,35907,0.896803,0.65,2,1408842,1408387,455
102215641,30.5256,33.2862,488,39065,0.818961,1,2,1411055,1410567,488
102218561,38.1051,43.4572,482,39119,0.825584,1,2,1411095,1410613,482
102221481,32.421,33.4914,482,39173,0.816234,1,2,1411126,1410644,482
102224401,32.0842,29.0983,486,39227,0.812494,1,2,1411158,1410672,486
102227321,20.8168,21.8197,484,39281,0.786997,1,2,1411176,1410692,484
102306161,28.0215,20.3483,482,40707,0.76149,0.63,2,1412117,1411635,482
102309081,35.2043,28.0697,489,40759,0.754596,0.67,2,1412154,1411665,489
102312001,28.6409,35.2139,479,40811,0.763838,0.65,2,1412181,1411702,479
102314921,15.3282,27.8428,465,40863,0.767535,0.65,2,1412193,1411728,465
102317841,42.2656,15.1686,502,40915,0.793014,0.65,2,1412242,1411740,502
102320761,37.2531,42.2337,489,40967,0.791206,0.67,2,1412278,1411789,489
102323681,85.0506,35.6467,552,41019,0.826482,0.69,2,1412375,1411823,552
102326601,39.4101,84.7293,483,41070,0.840593,0.69,2,1412403,1411920,483
102329521,31.882,39.3459,485,41121,0.846237,0.71,2,1412433,1411948,485
102332441,39.1764,31.0692,497,41172,0.860495,0.75,2,1412474,1411977,497
102335361,27.8353,37.4138,483,41223,0.890198,0.75,2,1412499,1412016,483
102522241,22.8019,32.2666,518,44381,0.770422,1,2,1414660,1414142,518
102531001,31.2224,47.2021,517,44523,0.410507,1,1,1414762,1414245,517
102533921,43.0445,67.8404,490,44570,0.290203,1,1,1414808,1414318,490
102536841,33.4089,39.1681,489,44617,0.218081,1,1,1414839,1414350,489
102542681,34.7764,28.9267,495,44711,0.070893,1,1,1414908,1414413,495
102545601,35.7553,28.9853,502,44758,0.0823572,1,1,1414944,1414442,502
102548521,29.5511,35.3971,493,44805,0.0329429,0.94,1,1414972,1414479,493
102551441,20.3102,31.8794,480,44852,0.0431771,0.89,1,1414990,1414510,480
102554361,36.062,35.1759,484,44899,0.0592709,1,1,1415030,1414546,484
102557281,28.8124,34.2352,477,44946,0.0777083,0.98,1,1415057,1414580,477
102560201,24.9625,34.047,467,44993,0.0970833,0.91,1,1415081,1414614,467
102563121,16.9925,26.0094,458,45040,0.0928333,0.66,1,1415096,1414638,458
102566041,18.5985,22.8019,455,45087,0.0431333,0.55,1,1415115,1414660,455
102568961,27.7197,32.5604,450,45134,0.0712533,0.41,1,1415145,1414695,450
102571881,32.7439,36.1121,447,45181,0.0705013,0.35,1,1415179,1414732,447
102574801,26.5488,31.2224,442,45228,0.0822005,0.21,1,1415204,1414762,442
102589401,40.212,35.7553,429,45461,0.0825089,0,1,1415373,1414944,429
102592321,28.0424,29.5511,426,45507,0.0510036,0.05,1,1415398,1414972,426
102595241,16.8085,20.3102,422,45553,0.0504014,0.07,1,1415412,1414990,422
102598161,38.5617,36.062,426,45599,0.0501606,0.09,1,1415456,1415030,426
102601081,27.7123,28.8124,424,45645,0.0620642,0.11,1,1415481,1415057,424
102604001,23.9425,24.9625,423,45691,0.0908257,0.09,1,1415504,1415081,423
102606921,16.7885,16.9925,423,45737,0.0903303,0.01,1,1415519,1415096,423
102671161,32.3166,29.4444,460,46741,0.21851,0.15,1,1416156,1415696,460
102674081,28.0633,31.4889,455,46786,0.225404,0.15,1,1416183,1415728,455
102677001,37.6127,27.0978,469,46831,0.228162,0.13,1,1416223,1415754,469
102679921,25.9225,39.0196,450,46876,0.241265,0.17,1,1416246,1415796,450
102682841,17.1845,26.2039,442,46921,0.234506,0.13,1,1416261,1415819,442
102685761,36.2369,16.4408,469,46966,0.219802,0.09,1,1416302,1415833,469
102688681,30.4474,38.4882,454,47011,0.225921,0.13,1,1416331,1415877,454
102691601,26.0895,29.2976,452,47056,0.240368,0.13,1,1416356,1415904,452
102694521,19.6179,25.0595,446,47101,0.258147,0.15,1,1416374,1415928,446
102697441,18.3236,19.4119,446,47146,0.265259,0.15,1,1416392,1415946,446
102720801,26.556,28.0633,433,47503,0.40352,0.23,1,1416616,1416183,433
102723721,37.3112,37.6127,433,47547,0.419408,0.25,1,1416656,1416223,433
102726641,26.6622,25.9225,434,47591,0.413763,0.23,1,1416680,1416246,434
102729561,16.5324,17.1845,433,47635,0.435505,0.21,1,1416694,1416261,433
102799641,27.5786,27.6682,446,48686,0.751702,0.51,2,1417369,1416923,446
102802561,37.5157,36.7336,447,48729,0.786681,0.55,2,1417409,1416962,447
102805481,33.1031,32.9467,447,48772,0.812672,0.55,2,1417441,1416994,447
102808401,8.22063,8.18934,447,48815,0.823069,0.57,2,1417443,1416996,447
102811321,29.6441,28.8379,448,48858,0.815228,0.57,2,1417478,1417030,448
102814241,29.1288,5.76757,477,48901,0.812091,0.63,2,1417507,1417030,477
102817161,41.0258,22.7535,494,48944,0.810836,0.67,2,1417551,1417057,494
102820081,27.4052,36.5507,478,48987,0.810335,0.69,2,1417575,1417097,478
102823001,16.681,27.3101,467,49030,0.810134,0.69,2,1417589,1417122,467
102825921,38.5362,16.662,497,49073,0.822054,0.69,2,1417633,1417136,497
102828841,31.7072,36.9324,485,49116,0.838821,0.73,2,1417663,1417178,485
102831761,27.1414,31.3865,481,49159,0.869529,0.73,2,1417689,1417208,481
102834681,21.4283,27.0773,475,49202,0.881811,0.71,2,1417709,1417234,475
102837601,18.6857,20.6155,474,49245,0.898725,0.73,2,1417727,1417253,474
103075581,437.22,469.783,482,23360,0.802,0.91,2,1420095,1419613,482
103110621,70.9246,71.7675,452,25126,0.7548,0.61,2,1420814,1420362,452
103113541,59.7849,59.9535,452,25210,0.76392,0.63,2,1420871,1420419,452
103116461,76.757,76.7907,452,25294,0.803568,0.61,2,1420952,1420500,452
103119381,40.9514,39.3581,454,25378,0.831427,0.69,2,1420984,1420530,454
103122301,24.1903,23.8716,454,25461,0.854571,0.69,2,1421004,1420550,454
103125221,41.6381,4.77433,500,25544,0.875828,0.71,2,1421050,1420550,500
103128141,79.5276,37.7549,543,25627,0.884331,0.69,2,1421139,1420596,543
103233261,53.0181,12.9778,533,28451,0.898,1,2,1423093,1422560,533
103239101,52.8407,61.3191,526,28599,0.80488,1,2,1423226,1422700,526
103247861,43.8147,45.5466,510,28821,0.431912,1,1,1423406,1422896,510
103250781,26.3629,32.3093,503,28894,0.430765,1,1,1423428,1422925,503
103253701,26.0726,27.2619,503,28967,0.442306,1,1,1423454,1422951,503
103259541,51.9229,53.0905,520,29113,0.273569,0.83,1,1423560,1423040,520
103265381,51.3569,80.2036,504,29259,0.092971,0.73,1,1423684,1423180,504
103268301,75.8714,52.8407,540,29331,0.0791884,0.55,1,1423766,1423226,540
103271221,49.5743,87.3681,487,29403,0.0496754,0.49,1,1423809,1423322,487
103274141,40.3149,51.0736,483,29475,0.0618701,0.35,1,1423847,1423364,483
103277061,24.863,43.8147,462,29547,0.0547481,0.43,1,1423868,1423406,462
103279981,24.9726,26.3629,465,29619,0.0518992,0.45,1,1423893,1423428,465
103282901,46.5945,26.0726,491,29690,0.0627597,0.27,1,1423945,1423454,491
103285821,46.9189,47.6145,485,29761,0.0671039,0.23,1,1423992,1423507,485
103288741,66.1838,51.9229,503,29832,0.0928416,0.13,1,1424063,1423560,503
103309181,25.4607,24.9726,424,30325,0.204755,0.07,1,1424317,1423893,424
103312101,47.4921,46.5945,425,30395,0.207902,0.07,1,1424370,1423945,425
103315021,47.0984,46.9189,425,30465,0.233161,0.11,1,1424417,1423992,425
103317941,67.8197,66.1838,427,30534,0.255264,0.11,1,1424490,1424063,427
103320861,15.1639,14.8368,427,30603,0.240106,0.19,1,1424492,1424065,427
103323781,38.2328,36.5674,429,30672,0.258042,0.13,1,1424536,1424107,429
103326701,72.4466,72.9135,428,30741,0.265217,0.17,1,1424617,1424189,428
103341301,49.0638,47.4921,432,31084,0.414873,0.25,1,1424802,1424370,432
103393861,23.6607,42.7445,468,32287,0.757268,0.57,2,1425608,1425140,468
103396781,27.1321,22.9489,478,32353,0.776907,0.57,2,1425636,1425158,478
103399701,54.2264,26.1898,512,32418,0.760763,0.65,2,1425697,1425185,512
103402621,51.6453,52.438,504,32483,0.766305,0.69,2,1425748,1425244,504
103405541,71.1291,49.6876,531,32548,0.792522,0.69,2,1425824,1425293,531
103408461,15.8258,70.7375,457,32613,0.803009,0.69,2,1425826,1425369,457
103411381,40.7652,15.7475,502,32678,0.795204,0.71,2,1425873,1425371,502
103414301,74.553,39.9495,539,32743,0.828081,0.71,2,1425956,1425417,539
103417221,16.5106,73.5899,459,32808,0.841233,0.73,2,1425958,1425499,459
103420141,43.3021,55.518,458,32872,0.882493,0.75,2,1426008,1425550,458
103423061,40.6604,42.3036,459,32936,0.886997,0.77,2,1426048,1425589,459
103545701,40.3401,69.6585,498,35533,0.817264,1,2,1427858,1427360,498
103618701,39.445,39.8055,448,36990,0.762058,0.59,2,1428807,1428359,448
103621621,38.289,35.1611,452,37047,0.814823,0.61,2,1428845,1428393,452
103624541,25.2578,26.2322,450,37104,0.835929,0.57,2,1428867,1428417,450
103627461,22.6516,22.8464,450,37161,0.868372,0.57,2,1428889,1428439,450
103630381,10.9303,4.56929,458,37218,0.881349,0.59,2,1428897,1428439,458
103633301,45.3861,6.51386,505,37275,0.86254,0.61,2,1428951,1428446,505
103636221,44.2772,44.5028,495,37332,0.867016,0.65,2,1428995,1428500,495
103639141,69.6554,44.1006,527,37389,0.880806,0.63,2,1429071,1428544,527
103642061,38.7311,69.6201,482,37446,0.886323,0.69,2,1429102,1428620,482
103802661,34.3413,41.6173,502,40430,0.863538,1,2,1431159,1430657,502
103820181,32.0345,29.2033,511,40742,0.44348,1,1,1431369,1430858,511
103823101,30.4069,32.2407,508,40794,0.411392,1,1,1431399,1430891,508
103828941,32.5763,28.4896,510,40898,0.215823,1,1,1431463,1430953,510
103834781,54.1031,36.6596,530,41002,0.0789316,0.97,1,1431561,1431031,530
103837701,29.2206,58.5319,489,41053,0.0615727,0.87,1,1431584,1431095,489
103840621,31.4441,35.7064,491,41104,0.0666291,0.83,1,1431616,1431125,491
103843541,53.4888,34.3413,516,41155,0.0686516,0.61,1,1431675,1431159,516
103846461,33.8978,55.6683,484,41206,0.0814606,0.57,1,1431704,1431220,484
103849381,29.1796,37.5336,479,41257,0.0625843,0.55,1,1431732,1431253,479
103852301,26.6359,32.3067,474,41308,0.0670337,0.57,1,1431758,1431284,474
103855221,18.9272,28.8613,463,41359,0.0808135,0.49,1,1431775,1431312,463
103858141,27.7854,24.1723,470,41410,0.0863254,0.39,1,1431805,1431335,470
103861061,27.9571,32.0345,464,41461,0.0645302,0.39,1,1431833,1431369,464
103863981,30.3914,30.4069,465,41512,0.0558121,0.25,1,1431864,1431399,465
103866901,7.67828,30.8814,436,41563,0.0763248,0.15,1,1431866,1431430,436
103869821,20.7357,32.5763,427,41614,0.0965299,0.11,1,1431890,1431463,427
103881501,31.4828,31.4441,424,41818,0.0715432,0.07,1,1432040,1431616,424
103913621,38.2699,35.3471,429,42368,0.209979,0.13,1,1432358,1431929,429
103916541,49.254,51.0694,426,42418,0.221992,0.09,1,1432410,1431984,426
103919461,27.4508,29.4139,424,42468,0.262797,0.05,1,1432432,1432008,424
103922381,31.0902,31.4828,424,42518,0.291119,0.15,1,1432464,1432040,424
103939901,29.4141,29.3097,428,42815,0.416705,0.17,1,1432659,1432231,428
103942821,26.6828,26.6619,428,42864,0.448682,0.15,1,1432685,1432257,428
103945741,32.5366,31.7324,429,42913,0.437473,0.17,1,1432719,1432290,429
103948661,8.10731,8.74648,428,42962,0.432989,0.19,1,1432721,1432293,428
103951581,20.0215,19.3493,429,43011,0.443196,0.19,1,1432744,1432315,429
103954501,40.8043,3.86986,475,43060,0.447278,0.23,1,1432790,1432315,475
104021661,32.118,20.0668,489,44174,0.77349,0.71,2,1433557,1433068,489
104024581,27.2236,30.4134,482,44222,0.783396,0.71,2,1433583,1433101,482
104027501,33.4447,26.8827,491,44270,0.811358,0.71,2,1433618,1433127,491
104030421,8.28894,32.5765,459,44318,0.822543,0.71,2,1433620,1433161,459
104033341,21.6578,8.11531,482,44366,0.791017,0.73,2,1433645,1433163,482
104036261,41.1316,20.8231,504,44414,0.778407,0.75,2,1433691,1433187,504
104039181,52.2263,40.9646,513,44461,0.761363,0.73,2,1433746,1433233,513
104042101,12.0453,52.1929,460,44508,0.754545,0.73,2,1433748,1433288,460
104045021,20.0091,29.6386,458,44555,0.787818,0.73,2,1433770,1433312,458
104047941,33.6018,35.5277,458,44602,0.813127,0.73,2,1433807,1433349,458
104050861,57.1204,56.7055,459,44649,0.811251,0.73,2,1433870,1433411,459
104053781,37.0241,37.7411,458,44696,0.8225,0.75,2,1433902,1433444,458
104056701,32.2048,30.7482,460,44743,0.827,0.75,2,1433933,1433473,460
104059621,30.441,30.9496,459,44790,0.8408,0.75,2,1433963,1433504,459
104062541,22.0882,20.5899,461,44837,0.84632,0.79,2,1433983,1433522,461
104065461,32.4176,32.118,461,44884,0.884528,0.79,2,1434018,1433557,461
104068381,27.2835,27.2236,461,44931,0.899811,0.83,2,1434044,1433583,461
104071301,33.4567,33.4447,461,44978,0.881924,0.83,2,1434079,1433618,461
104074221,8.29134,8.28894,461,45025,0.87477,0.77,2,1434081,1433620,461
104231901,36.3789,38.5188,508,47489,0.88,1,2,1435812,1435304,508
104234821,33.6758,35.7038,506,47533,0.85,1,2,1435845,1435339,506
104237741,29.1352,30.3408,505,47577,0.85,1,2,1435873,1435368,505
104240661,27.427,30.0682,502,47621,0.814,1,2,1435900,1435398,502
104243581,34.2854,26.8136,512,47665,0.8356,1,2,1435936,1435424,512
104246501,28.4571,26.9627,512,47709,0.78424,1,2,1435963,1435451,512
104249421,26.4914,34.1925,502,47753,0.775696,1,2,1435989,1435487,502
104252341,14.0983,27.6385,487,47797,0.796278,1,2,1436000,1435513,487
104255261,24.4197,23.1277,492,47841,0.792511,1,2,1436027,1435535,492
104258181,30.4839,22.2255,502,47885,0.827005,1,2,1436059,1435557,502
104261101,31.6968,47.6451,480,47929,0.840802,1,2,1436091,1435611,480
104296141,27.7874,26.4914,461,48457,0.758189,0.81,2,1436450,1435989,461
104299061,11.1575,14.0983,457,48500,0.777276,0.79,2,1436457,1436000,457
104301981,25.4315,24.4197,459,48543,0.77291,0.85,2,1436486,1436027,459
104304901,29.0863,30.4839,457,48586,0.795164,0.85,2,1436516,1436059,457
104307821,32.2173,31.6968,458,48629,0.816066,0.65,2,1436549,1436091,458
104310741,36.0435,40.7394,452,48672,0.812426,0.69,2,1436586,1436134,452
104313661,36.0087,35.3479,454,48715,0.84697,0.67,2,1436622,1436168,454
104316581,34.4017,34.2696,454,48758,0.860788,0.63,2,1436656,1436202,454
104497621,20.6363,25.3728,494,51367,0.897482,1,2,1438433,1437939,494
104506381,37.3491,41.707,495,51490,0.778159,1,2,1438539,1438044,495
104509301,28.2698,30.7414,493,51531,0.773264,1,2,1438565,1438072,493
104678661,22.8383,23.7,454,53849,0.77164,0.65,2,1440089,1439635,454
104681581,23.7677,23.94,454,53888,0.782656,0.65,2,1440113,1439659,454
104684501,19.1535,19.188,454,53927,0.787062,0.65,2,1440131,1439677,454
104687421,5.43071,5.4376,454,53966,0.788825,0.67,2,1440133,1439679,454
104690341,25.0861,25.8875,453,54005,0.80153,0.63,2,1440163,1439710,453
104693261,22.6172,22.7775,453,54044,0.818612,0.63,2,1440185,1439732,453
104696181,25.3234,23.7555,455,54083,0.813445,0.67,2,1440211,1439756,455
104699101,17.8647,17.5511,455,54122,0.835378,0.71,2,1440227,1439772,455
104702021,17.9729,17.9102,455,54161,0.844151,0.73,2,1440245,1439790,455
104704941,34.7946,32.382,458,54200,0.87166,0.73,2,1440284,1439826,458
104707861,32.5589,33.6764,456,54239,0.882664,0.73,2,1440316,1439860,456
105240761,80.2877,52.4393,552,29662,0.776176,1,2,1446020,1445468,552
105255361,16.306,22.9352,478,30017,0.43533,1,1,1446163,1445685,478
105258281,45.6612,39.787,487,30088,0.408132,0.99,1,1446216,1445729,487
105267041,36.6533,45.4383,463,30298,0.26828,0.67,1,1446394,1445931,463
105290401,74.6961,80.3322,437,30853,0.416241,0.31,1,1446742,1446305,437
105293321,60.5392,63.2664,435,30922,0.448496,0.23,1,1446799,1446364,435
105357561,73.4255,35.185,538,32394,0.782203,0.73,2,1447809,1447271,538
105360481,41.8851,71.837,491,32459,0.798881,0.67,2,1447843,1447352,491
105363401,46.777,43.9674,502,32524,0.817552,0.65,2,1447891,1447389,502
105366321,22.1554,47.9935,469,32589,0.837021,0.65,2,1447907,1447438,469
105369241,25.2311,22.3987,479,32654,0.844808,0.63,2,1447933,1447454,479
105372161,15.4462,26.0797,465,32719,0.835923,0.63,2,1447946,1447481,465
105375081,4.68924,14.8159,455,32784,0.832369,0.63,2,1447948,1447493,455
105378001,47.3379,50.9632,453,32849,0.878948,0.73,2,1448006,1447553,453
105509401,63.1437,26.081,565,35631,0.891126,1,2,1449997,1449432,565
105512321,40.6287,70.0162,519,35690,0.830451,1,2,1450032,1449513,519
105515241,36.9257,58.0032,500,35749,0.77018,1,2,1450068,1449568,500
105529841,39.0864,39.9648,483,36044,0.431083,0.99,1,1450307,1449824,483
105532761,27.8173,28.793,482,36103,0.406433,1,1,1450332,1449850,482
105550281,34.6281,36.9257,455,36452,0.412024,0.73,1,1450523,1450068,455
105553201,23.7256,24.9851,454,36510,0.44681,0.61,1,1450544,1450090,454
105556121,64.7451,65.797,453,36568,0.448724,0.51,1,1450619,1450166,453
105597001,56.5464,41.5274,504,37370,0.753628,0.49,2,1451159,1450655,504
105599921,40.9093,54.7055,483,37427,0.775451,0.51,2,1451196,1450713,483
105602841,27.3819,39.7411,471,37483,0.784181,0.59,2,1451220,1450749,471
105605761,21.4764,25.5482,469,37539,0.787672,0.61,2,1451240,1450771,469
105608681,13.8953,21.1096,461,37595,0.789069,0.59,2,1451252,1450791,461
105611601,31.5791,14.6219,484,37651,0.765628,0.63,2,1451288,1450804,484
105614521,55.9158,29.3244,513,37707,0.756251,0.65,2,1451350,1450837,513
105629121,44.0141,65.6593,496,37987,0.773757,0.73,2,1451558,1451062,496
105632041,58.4028,42.7319,521,38043,0.831503,0.77,2,1451620,1451099,521
105634961,40.4806,56.5464,497,38099,0.854601,0.79,2,1451656,1451159,497
105637881,27.2961,40.9093,484,38154,0.87584,0.79,2,1451680,1451196,484
105640801,21.4592,27.3819,480,38209,0.884336,0.79,2,1451700,1451220,480
105643721,13.8918,21.4764,472,38264,0.899734,0.79,2,1451712,1451240,472
105804321,39.3402,37.1129,526,41190,0.836402,1,2,1453756,1453230,526
105807241,33.468,40.2226,517,41241,0.808561,1,2,1453788,1453271,517
105810161,33.8936,36.0445,516,41292,0.797424,1,2,1453822,1453306,516
105813081,57.9787,32.0089,549,41343,0.80497,0.97,2,1453886,1453337,549
105816001,34.7957,63.2018,507,41394,0.819988,0.96,2,1453915,1453408,507
105818921,30.1591,39.8404,502,41445,0.801995,0.96,2,1453944,1453442,502
105821841,38.8318,32.7681,512,41496,0.794798,1,2,1453985,1453473,512
105824761,14.1664,40.1536,478,41547,0.767919,1,2,1453993,1453515,478
105827681,27.6333,34.4307,476,41598,0.805168,0.95,2,1454024,1453548,476
105830601,30.3267,34.0861,473,41649,0.820067,0.98,2,1454055,1453582,473
105833521,33.2653,31.6172,476,41700,0.838027,0.95,2,1454089,1453613,476
105836441,28.2531,33.5234,469,41751,0.833211,0.91,2,1454116,1453647,469
105839361,28.8506,35.5047,462,41802,0.843284,0.89,2,1454145,1453683,462
105842281,28.9701,32.7009,459,41852,0.847314,0.79,2,1454174,1453715,459
105845201,42.594,39.3402,464,41902,0.860925,0.79,2,1454220,1453756,464
105848121,33.3188,33.468,463,41952,0.85437,0.79,2,1454251,1453788,463
105851041,33.8638,33.8936,463,42002,0.851748,0.81,2,1454285,1453822,463
105853961,59.5728,57.9787,465,42052,0.826699,0.83,2,1454351,1453886,465
105856881,35.9145,34.7957,466,42102,0.84068,0.79,2,1454381,1453915,466
105859801,28.7829,30.1591,464,42152,0.858272,0.79,2,1454408,1453944,464
106020401,51.3947,57.0259,478,44822,0.86687,1,2,1456230,1455752,478
106029161,40.5712,38.3762,484,44963,0.85828,1,2,1456341,1455857,484
106035001,18.9028,28.415,476,45057,0.870525,0.9,2,1456385,1455909,476
106037921,22.9806,21.683,480,45104,0.88221,0.98,2,1456409,1455929,480
106186841,14.2688,26.7829,493,47431,0.882843,1,2,1457984,1457491,493
106189761,43.6538,32.5566,510,47475,0.863137,1,2,1458035,1457525,510
106192681,32.7307,31.3113,509,47519,0.795255,1,2,1458065,1457556,509
106245241,34.5733,35.8692,456,48311,0.765423,0.65,2,1458593,1458137,456
106248161,22.9147,27.9738,450,48355,0.804169,0.65,2,1458613,1458163,450
106251081,29.3829,30.3948,450,48399,0.855668,0.67,2,1458644,1458194,450
106254001,35.4766,34.879,451,48443,0.888267,0.61,2,1458681,1458230,451
106256921,35.0953,32.5758,454,48487,0.889307,0.59,2,1458716,1458262,454
106259841,29.4191,29.7152,453,48530,0.889723,0.57,2,1458744,1458291,453
106262761,25.0838,25.943,452,48573,0.889889,0.63,2,1458768,1458316,452
106265681,19.4168,20.3886,451,48616,0.889956,0.61,2,1458786,1458335,451
106516801,434.522,462.832,495,23360,0.406,0.57,1,1461572,1461077,495
106557681,148.261,173.233,422,23360,0.09016,0.03,1,1461942,1461520,422
106560601,47.2522,44.2467,432,24178,0.054064,0.01,1,1461964,1461532,432
106563521,32.6504,27.2493,438,24266,0.0276256,0.05,1,1461993,1461555,438
106566441,77.7301,34.2499,491,24353,0.0410502,0.03,1,1462082,1461591,491
106569361,51.546,76.45,449,24440,0.0344201,0.01,1,1462127,1461678,449
106581041,54.5593,50.2855,455,24785,0.0966412,0.03,1,1462363,1461908,455
106583961,30.1119,54.8571,423,24871,0.0446565,0.01,1,1462387,1461964,423
106586881,30.0224,34.1714,424,24956,0.0478626,0.05,1,1462417,1461993,424
106589801,77.2045,78.0343,424,25041,0.037145,0.03,1,1462506,1462082,424
106592721,49.8409,51.6069,422,25126,0.056858,0.15,1,1462549,1462127,422
106604401,51.4845,54.5594,422,25461,0.248704,0.09,1,1462785,1462363,422
106607321,28.6969,10.9119,445,25544,0.213481,0.01,1,1462808,1462363,445
106613161,77.1479,28.2765,510,25710,0.050957,0.03,1,1462927,1462417,510
106616081,49.8296,76.8553,464,25792,0.0263828,0.07,1,1462970,1462506,464
106619001,80.3659,49.7711,509,25874,0.0525531,0.17,1,1463058,1462549,509
106621921,54.4732,75.5542,475,25956,0.0630213,0.17,1,1463106,1462631,475
106627761,53.3789,57.4222,483,26119,0.0952834,0.29,1,1463218,1462735,483
106630681,23.4758,51.4844,449,26200,0.0921134,0.19,1,1463234,1462785,449
106636521,75.819,29.7394,512,26362,0.0591381,0,1,1463350,1462838,512
106639441,48.7638,77.1479,465,26442,0.0296553,0.01,1,1463392,1462927,465
106642361,81.7528,49.8296,512,26522,0.0178621,0.07,1,1463482,1462970,512
106645281,54.7506,80.3659,472,26602,0.0371448,0.07,1,1463530,1463058,472
106648201,61.3501,54.4732,487,26682,0.0328579,0.13,1,1463593,1463106,487
106651121,52.27,58.8946,477,26761,0.0551432,0.09,1,1463643,1463166,477
106654041,23.254,53.3789,441,26840,0.0640573,0.09,1,1463659,1463218,441
106656961,6.2508,23.4758,427,26919,0.0676229,0.11,1,1463661,1463234,427
106662801,71.93,75.819,423,27076,0.0516197,0.01,1,1463773,1463350,423
106665721,47.186,48.7638,422,27154,0.0506479,0.01,1,1463814,1463392,422
106668641,82.2372,81.7528,423,27232,0.0382591,0.05,1,1463905,1463482,423
106671561,55.6474,54.7506,424,27310,0.0453037,0.03,1,1463954,1463530,424
106674481,60.7295,61.3501,423,27388,0.0481215,0.07,1,1464016,1463593,423
106677401,53.7459,52.27,425,27465,0.0972486,0.07,1,1464068,1463643,425
106694921,82.0645,82.2372,422,27924,0.0913199,0.05,1,1464327,1463905,422
106697841,55.6129,55.6474,422,28000,0.066528,0.05,1,1464376,1463954,422
106700761,62.3226,60.7295,424,28076,0.0926112,0.13,1,1464440,1464016,424
106715361,64.9083,5.21239,505,28451,0.250808,0.15,1,1464622,1464117,505
106718281,43.3817,63.4425,465,28525,0.262323,0.15,1,1464660,1464195,465
106721201,79.0763,45.4885,512,28599,0.218929,0.05,1,1464748,1464236,512
106724121,55.0153,81.8977,470,28673,0.213572,0.05,1,1464797,1464327,470
106727041,66.2031,55.5795,490,28747,0.223429,0.11,1,1464866,1464376,490
106729961,57.2406,62.3159,481,28821,0.239371,0.17,1,1464921,1464440,481
106732881,28.2481,55.6632,448,28894,0.245749,0.17,1,1464942,1464494,448
106735801,7.24962,25.5326,432,28967,0.260299,0.17,1,1464944,1464512,432
106738721,30.2499,6.70653,466,29040,0.24212,0.21,1,1464980,1464514,466
106741641,66.05,28.5413,507,29113,0.258848,0.29,1,1465055,1464548,507
106744561,44.41,64.9083,472,29186,0.253539,0.27,1,1465094,1464622,472
106747481,76.082,43.3817,518,29259,0.275416,0.19,1,1465178,1464660,518
106750401,55.2164,79.0763,480,29331,0.296166,0.21,1,1465228,1464748,480
106767921,67.3308,30.2499,509,29761,0.298619,0.27,1,1465489,1464980,509
106770841,43.8662,66.05,472,29832,0.293448,0.25,1,1465527,1465055,472
106773761,10.3732,44.41,435,29903,0.291379,0.29,1,1465529,1465094,435
106782521,68.723,68.6433,438,30115,0.411528,0.33,1,1465738,1465300,438
106785441,57.7446,57.7287,438,30185,0.422611,0.31,1,1465793,1465355,438
106788361,27.5489,28.3457,437,30255,0.439045,0.31,1,1465813,1465376,437
106791281,7.10978,7.26915,437,30325,0.445618,0.31,1,1465815,1465378,437
106794201,29.422,28.6538,438,30395,0.436247,0.29,1,1465850,1465412,438
106814641,58.0264,57.7446,441,30879,0.784488,0.45,2,1466234,1465793,441
106817561,28.4053,27.5489,442,30948,0.811795,0.45,2,1466255,1465813,442
106820481,7.28105,7.10978,442,31016,0.798718,0.43,2,1466257,1465815,442
106823401,30.2562,29.422,443,31084,0.793487,0.55,2,1466293,1465850,443
106826321,69.2512,65.8844,447,31152,0.875395,0.53,2,1466372,1465925,447
106829241,45.8502,44.3769,448,31220,0.896158,0.53,2,1466412,1465964,448
106992761,65.8943,66.2563,538,34810,0.86104,1,2,1468952,1468414,538
107001521,53.7112,36.8501,533,34993,0.415827,1,1,1469078,1468545,533
107004441,32.3422,54.57,501,35053,0.280331,1,1,1469105,1468604,501
107007361,24.8684,26.914,504,35113,0.226132,1,1,1469128,1468624,504
107013201,41.7947,35.7966,518,35233,0.0613812,1,1,1469211,1468693,518
107016121,41.9589,47.9593,509,35293,0.0305525,1,1,1469253,1468744,509
107019041,38.7918,36.7919,513,35353,0.030221,0.99,1,1469291,1468778,513
107021961,55.7584,39.3584,533,35413,0.0180884,1,1,1469351,1468818,533
107024881,58.3517,61.4717,525,35473,0.00723536,0.77,1,1469410,1468885,525
107027801,29.2703,65.8943,480,35533,0.0208941,0.67,1,1469432,1468952,480
107030721,29.0541,38.7789,477,35592,0.0263577,0.51,1,1469461,1468984,477
107033641,48.2108,36.5558,494,35651,0.0405431,0.29,1,1469514,1469020,494
107036561,11.2422,53.7112,438,35710,0.0582172,0.19,1,1469516,1469078,438
107039481,19.0484,32.3422,432,35769,0.0292869,0.19,1,1469537,1469105,432
107042401,19.0097,24.8684,428,35828,0.0297148,0.03,1,1469556,1469128,428
107045321,31.8019,36.9737,423,35887,0.0178859,0.03,1,1469591,1469168,423
107048241,39.9604,41.7947,422,35946,0.0251544,0.01,1,1469633,1469211,422
107051161,41.5921,41.9589,422,36005,0.0520617,0.03,1,1469675,1469253,422
107054081,39.5184,38.7918,423,36064,0.0208247,0.01,1,1469714,1469291,423
107057001,56.7037,55.7584,424,36123,0.0503299,0,1,1469775,1469351,424
107059921,56.9407,58.3517,422,36182,0.086132,0.03,1,1469832,1469410,422
107062841,28.9881,29.2703,422,36240,0.0524528,0.03,1,1469854,1469432,422
107065761,28.9976,29.0541,422,36298,0.0509811,0.05,1,1469883,1469461,422
107068681,48.1995,48.2108,422,36356,0.0863924,0.07,1,1469936,1469514,422
107086201,41.5921,41.5921,422,36704,0.0754969,0,1,1470097,1469675,422
107089121,39.5184,39.5184,422,36762,0.0481988,0.07,1,1470136,1469714,422
107092041,56.7037,56.7037,422,36819,0.0492795,0.11,1,1470197,1469775,422
107094961,57.7407,56.9407,423,36876,0.0497118,0.03,1,1470255,1469832,423
107097881,28.3481,28.9881,422,36933,0.0738847,0.05,1,1470276,1469854,422
107100801,29.6696,28.9976,423,36990,0.0475539,0.11,1,1470306,1469883,423
107103721,48.3339,48.1995,423,37047,0.0370216,0.11,1,1470359,1469936,423
107106641,11.2668,11.2399,423,37104,0.0328086,0.17,1,1470361,1469938,423
107109561,21.4534,19.048,426,37161,0.0431234,0.17,1,1470385,1469959,426
107112481,23.4907,3.8096,450,37218,0.0472494,0.19,1,1470409,1469959,450
107115401,33.4981,15.9619,467,37275,0.0608998,0.21,1,1470445,1469978,467
107118321,31.4996,31.1924,463,37332,0.0903599,0.11,1,1470476,1470013,463
107121241,39.8999,39.8385,463,37389,0.042144,0.03,1,1470518,1470055,463
107124161,39.98,41.5677,461,37446,0.0348576,0.03,1,1470558,1470097,461
107127081,56.796,39.5135,483,37502,0.013943,0.05,1,1470619,1470136,483
107130001,59.3592,56.7027,482,37558,0.0235772,0.05,1,1470679,1470197,482
107132921,26.2718,57.7405,442,37614,0.0634309,0.09,1,1470697,1470255,442
107135841,30.0544,28.3481,452,37670,0.0433724,0.03,1,1470728,1470276,452
107138761,48.4109,29.6696,475,37726,0.0473489,0.03,1,1470781,1470306,475
107141681,11.2822,48.3339,424,37782,0.0489396,0.03,1,1470783,1470359,424
107144601,20.6564,11.2668,445,37838,0.0375758,0.05,1,1470806,1470361,445
107147521,24.9313,21.4534,447,37894,0.0210303,0.05,1,1470832,1470385,447
107150441,35.3863,23.4907,461,37950,0.0504121,0.07,1,1470870,1470409,461
107153361,31.0773,33.4981,455,38006,0.0621649,0.11,1,1470900,1470445,455
107159201,39.4831,39.8999,461,38118,0.0711464,0.03,1,1470979,1470518,461
107162121,56.6966,39.98,482,38173,0.0344585,0,1,1471040,1470558,482
107165041,61.7393,56.796,484,38228,0.0317834,0.03,1,1471103,1470619,484
107167961,25.9479,59.3592,441,38283,0.0187134,0.09,1,1471120,1470679,441
107170881,29.1896,26.2718,453,38338,0.0374853,0.03,1,1471150,1470697,453
107173801,49.0379,30.0544,476,38393,0.0209941,0.05,1,1471204,1470728,476
107176721,11.4076,48.4109,425,38448,0.0143977,0.05,1,1471206,1470781,425
107179641,19.8815,11.2822,445,38503,0.0357591,0.03,1,1471228,1470783,445
107182561,24.7763,20.6564,448,38558,0.0443036,0.01,1,1471254,1470806,448
107185481,35.3553,24.9313,460,38613,0.0597215,0.07,1,1471292,1470832,460
107188401,8.67105,35.3863,424,38668,0.0658886,0.07,1,1471294,1470870,424
107203001,61.0793,61.7393,423,38940,0.0591291,0.01,1,1471526,1471103,423
107205921,25.8159,25.9479,423,38994,0.0536516,0.05,1,1471543,1471120,423
107208841,29.9632,29.1896,424,39048,0.0514607,0.01,1,1471574,1471150,424
107211761,48.3926,49.0379,423,39102,0.0385843,0.01,1,1471627,1471204,423
107214681,11.2785,11.4076,423,39156,0.0334337,0.05,1,1471629,1471206,423
107217601,20.6557,19.8815,424,39210,0.0313735,0.05,1,1471652,1471228,424
107220521,23.3311,24.7763,422,39264,0.0545494,0.07,1,1471676,1471254,422
107223441,37.4662,35.3553,425,39318,0.0518198,0.07,1,1471717,1471292,425
107226361,9.09325,8.67105,425,39372,0.0747279,0.19,1,1471719,1471294,425
107235121,35.1127,34.9814,429,39533,0.212863,0.05,1,1471830,1471401,429
107238041,53.4226,57.3963,424,39586,0.259145,0.03,1,1471888,1471464,424
107240961,59.4845,61.0793,423,39639,0.241658,0.05,1,1471949,1471526,423
107243881,24.6969,25.8159,422,39692,0.258663,0.05,1,1471965,1471543,422
107246801,29.7394,29.9632,422,39745,0.253465,0.03,1,1471996,1471574,422
107249721,48.3479,48.3926,422,39798,0.227386,0.03,1,1472049,1471627,422
107252641,11.2696,11.2785,422,39851,0.216954,0.03,1,1472051,1471629,422
107255561,22.2539,20.6557,424,39904,0.212782,0.07,1,1472076,1471652,424
107258481,24.4508,23.3311,425,39957,0.223113,0.05,1,1472101,1471676,425
107261401,36.8902,37.4662,424,40010,0.239245,0.09,1,1472141,1471717,424
107264321,8.97803,9.09325,424,40063,0.269698,0.09,1,1472143,1471719,424
107267241,32.1956,1.81865,462,40116,0.269879,0.13,1,1472181,1471719,462
107270161,40.8391,28.3637,470,40169,0.281952,0.19,1,1472224,1471754,470
107273081,37.7678,39.2727,465,40222,0.286781,0.25,1,1472261,1471796,465
107276001,55.5536,35.0545,491,40274,0.288712,0.29,1,1472321,1471830,491
107278921,59.1107,53.4109,493,40326,0.265485,0.23,1,1472381,1471888,493
107281841,24.6221,59.4822,448,40378,0.256194,0.27,1,1472397,1471949,448
107284761,28.9244,24.6964,462,40430,0.264478,0.25,1,1472427,1471965,462
107287681,46.5849,29.7393,482,40482,0.279791,0.21,1,1472478,1471996,482
107290601,10.917,48.3479,431,40534,0.285916,0.21,1,1472480,1472049,431
107293521,23.7834,11.2696,456,40586,0.288367,0.21,1,1472507,1472051,456
107305201,33.0365,8.97803,472,40794,0.297446,0.27,1,1472615,1472143,472
107308121,41.8073,32.1956,478,40846,0.292978,0.29,1,1472659,1472181,478
107311041,37.9615,40.8391,472,40898,0.291191,0.29,1,1472696,1472224,472
107325641,48.2041,28.9244,487,41155,0.426179,0.29,1,1472914,1472427,487
107328561,11.2408,46.5849,438,41206,0.416471,0.29,1,1472916,1472478,438
107331481,23.0482,10.917,462,41257,0.424589,0.29,1,1472942,1472480,462
107334401,26.2096,23.7834,462,41308,0.415835,0.31,1,1472969,1472507,462
107337321,38.0419,25.5567,477,41359,0.400334,0.31,1,1473010,1472533,477
107351921,30.7859,37.9615,436,41614,0.426106,0.33,1,1473132,1472696,436
107395721,59.2771,55.7572,447,42368,0.768676,0.53,2,1473641,1473194,447
107398641,61.4554,59.9514,448,42418,0.81747,0.57,2,1473703,1473255,448
107401561,25.0911,24.7903,448,42468,0.848988,0.61,2,1473719,1473271,448
107404481,32.2182,30.5581,450,42518,0.861595,0.63,2,1473753,1473303,450
107407401,50.4436,49.3116,451,42568,0.890638,0.63,2,1473808,1473357,451
107658521,551.844,609.576,424,18980,0.238,0.03,1,1476956,1476532,424
107664361,92.1538,77.5031,466,21370,0.08728,0.05,1,1477094,1476628,466
107670201,66.5662,69.1801,442,21568,0.202365,0.09,1,1477211,1476769,442
107673121,36.5132,35.436,444,21666,0.230946,0.13,1,1477240,1476796,444
107676041,44.1026,40.6872,448,21764,0.242378,0.03,1,1477286,1476838,448
107681881,64.9641,70.9075,422,21958,0.0639805,0.07,1,1477441,1477019,422
107684801,76.1928,74.1815,426,22055,0.0555922,0.21,1,1477520,1477094,426
107687721,56.0386,53.2363,429,22151,0.0882369,0.23,1,1477571,1477142,429
107699401,76.0769,84.8148,423,22532,0.229731,0.03,1,1477804,1477381,423
107702321,61.6154,16.963,481,22626,0.217892,0.03,1,1477862,1477381,481
107725681,72.8573,61.6152,507,23365,0.211749,0.11,1,1478369,1477862,507
107728601,58.5714,77.123,481,23456,0.2107,0.13,1,1478424,1477943,481
107737361,48.0206,39.785,479,23726,0.251325,0.19,1,1478582,1478103,479
107740281,76.8041,47.157,514,23815,0.29853,0.17,1,1478666,1478152,514
107754881,71.2143,72.5143,431,24257,0.415118,0.19,1,1478931,1478500,431
107784081,56.4166,51.9686,449,25117,0.76027,0.57,2,1479467,1479018,449
107787001,81.6833,79.9937,450,25201,0.802108,0.57,2,1479555,1479105,450
107789921,61.1367,60.7987,450,25285,0.854843,0.61,2,1479611,1479161,450
107792841,13.8273,13.7597,450,25369,0.875937,0.65,2,1479613,1479163,450
107935921,25.9965,25.854,509,29178,0.427741,1,1,1482279,1481770,509
107938841,89.9993,34.7708,578,29251,0.249096,1,1,1482385,1481807,578
107944681,40.4,74.6708,502,29395,0.0482554,0.94,1,1482487,1481985,502
107947601,52.08,39.7342,526,29467,0.0493022,0.95,1,1482542,1482016,526
107950521,41.616,55.1468,506,29539,0.0257209,0.87,1,1482581,1482075,506
107953441,59.5232,47.8294,524,29611,0.0642883,0.53,1,1482645,1482121,524
107956361,35.9046,69.5659,479,29682,0.0437153,0.49,1,1482675,1482196,479
107959281,22.3809,41.9132,463,29753,0.0834861,0.43,1,1482694,1482231,463
107962201,18.8762,25.9826,459,29824,0.0753945,0.39,1,1482712,1482253,459
107965121,5.37524,25.9965,435,29895,0.0721578,0.13,1,1482714,1482279,435
107970961,72.695,73.9999,424,30037,0.0487452,0.01,1,1482879,1482455,424
107973881,40.139,40.4,424,30107,0.0494981,0.05,1,1482911,1482487,424
107976801,51.2278,52.08,423,30177,0.0737992,0.01,1,1482965,1482542,423
107979721,43.0456,41.616,425,30247,0.0475197,0.09,1,1483006,1482581,425
108000161,70.6332,72.695,422,30733,0.214632,0.05,1,1483301,1482879,422
108003081,39.7266,40.139,422,30802,0.223853,0.09,1,1483333,1482911,422
108006001,51.1453,51.2278,422,30871,0.203541,0.03,1,1483387,1482965,422
108011841,62.3658,59.0091,427,31008,0.211367,0.15,1,1483496,1483069,427
108014761,37.2732,36.6018,427,31076,0.210547,0.15,1,1483527,1483100,427
108017681,24.2546,21.7204,430,31144,0.222219,0.15,1,1483548,1483118,430
108020601,20.8509,21.1441,429,31212,0.250887,0.15,1,1483568,1483139,429
108023521,5.77019,5.82881,429,31280,0.262355,0.15,1,1483570,1483141,429
108026441,73.154,1.16576,519,31348,0.254942,0.17,1,1483660,1483141,519
108029361,72.2308,72.2332,501,31415,0.263977,0.25,1,1483732,1483231,501
108032281,40.8462,70.4466,464,31482,0.291591,0.23,1,1483765,1483301,464
108052721,5.95928,20.8509,435,31949,0.404568,0.27,1,1484003,1483568,435
108055641,73.1919,5.77018,523,32015,0.419827,0.25,1,1484093,1483570,523
108058561,73.8384,73.154,507,32081,0.425931,0.27,1,1484167,1483660,507
108073161,38.0063,64.5508,469,32410,0.414061,0.37,1,1484397,1483928,469
108111121,23.2157,22.0003,447,33248,0.753154,0.47,2,1484888,1484441,447
108114041,6.24313,6.00005,447,33312,0.763262,0.53,2,1484890,1484443,447
108116961,76.4486,74.8,449,33375,0.803305,0.55,2,1484984,1484535,449
108119881,72.8897,72.56,449,33438,0.855322,0.55,2,1485056,1484607,449
108122801,16.1779,16.112,449,33501,0.852129,0.57,2,1485058,1484609,449
108125721,29.6356,28.8224,450,33564,0.862852,0.65,2,1485091,1484641,450
108298001,34.4273,38.7609,507,37098,0.87976,1,2,1487579,1487072,507
108299461,38.0855,36.5522,510,37155,0.789904,1,2,1487618,1487108,510
108344721,132.337,113.348,499,17042,0.0973538,0.01,1,1488340,1487841,499
108347641,77.6673,119.47,442,17167,0.0689415,0.03,1,1488404,1487962,442
108350561,89.9335,61.4939,488,17291,0.0815766,0.05,1,1488497,1488009,488
108353481,33.9867,65.8988,441,17414,0.0626306,0,1,1488517,1488076,441
108356401,103.597,35.5798,534,17536,0.0670523,0.07,1,1488638,1488104,534
108359321,123.919,97.516,550,17657,0.0448209,0.05,1,1488767,1488217,550
108362241,71.9839,117.903,486,17777,0.0179284,0.05,1,1488826,1488340,486
108365161,91.1968,74.7806,518,17896,0.0611713,0.09,1,1488922,1488404,518
108368081,31.8394,89.3561,442,18015,0.0904685,0.05,1,1488939,1488497,442
108371001,7.96787,33.8712,424,18133,0.0781874,0.07,1,1488941,1488517,424
108373921,97.5936,103.574,423,18250,0.085275,0.03,1,1489061,1488638,423
108376841,124.319,123.915,425,18366,0.04011,0,1,1489192,1488767,425
108379761,70.4637,71.983,423,18482,0.046044,0.09,1,1489249,1488826,423
108382681,93.2928,91.1966,426,18597,0.0364176,0.11,1,1489348,1488922,426
108385601,32.2585,31.8393,426,18711,0.056567,0.07,1,1489365,1488939,426
108388521,8.05171,7.96786,426,18824,0.0646268,0.09,1,1489367,1488941,426
108391441,94.4103,97.5936,422,18937,0.0438507,0.01,1,1489483,1489061,422
108394361,124.482,124.319,423,19049,0.0355403,0.05,1,1489615,1489192,423
108397281,70.4964,70.4637,423,19160,0.0562161,0.03,1,1489672,1489249,423
108432321,73.344,122.876,486,20448,0.240613,0.11,1,1490522,1490036,486
108444001,100.002,8.0046,549,20860,0.4072,0.17,1,1490765,1490216,549
108484881,103.237,103.999,453,22241,0.76668,0.63,2,1491662,1491209,453
108487801,124.647,126.4,451,22336,0.816672,0.59,2,1491792,1491341,451
108490721,26.5295,26.88,451,22431,0.836669,0.65,2,1491794,1491343,451
108493641,55.7059,54.976,452,22526,0.820668,0.65,2,1491857,1491405,452
108496561,101.541,10.9952,565,22620,0.874267,0.65,2,1491970,1491405,565
108499481,34.7082,91.799,471,22714,0.871707,0.67,2,1491988,1491517,471
108502401,8.54165,31.1598,457,22807,0.870683,0.73,2,1491990,1491533,457
108709721,99.2544,56.8709,576,28660,0.78232,1,2,1496267,1495691,576
108718481,39.642,41.383,523,28881,0.226468,1,1,1496397,1495874,523
108724321,29.1057,34.1353,520,29027,0.061435,1,1,1496461,1495941,520
108727241,49.0211,34.0271,540,29100,0.024574,1,1,1496515,1495975,540
108730161,68.2042,66.8054,538,29173,0.0278296,0.92,1,1496588,1496050,538
108733081,41.6408,65.3611,508,29246,0.0771318,1,1,1496623,1496115,508
108736001,81.1282,44.2722,560,29318,0.0368527,0.65,1,1496714,1496154,560
108738921,41.0256,99.2544,478,29390,0.0447411,0.55,1,1496745,1496267,478
108741841,44.2051,51.0509,484,29462,0.0478964,0.19,1,1496790,1496306,484
108744761,32.841,54.2102,459,29534,0.0851586,0.13,1,1496820,1496361,459
108747681,36.1682,39.642,460,29606,0.0880634,0.03,1,1496857,1496397,460
108750601,28.0336,37.5284,449,29677,0.0892254,0.03,1,1496883,1496434,449
108753521,53.6067,29.1057,482,29748,0.0776901,0,1,1496943,1496461,482
108756441,65.1213,49.0211,496,29819,0.0730761,0.03,1,1497011,1496515,496
108759361,14.6243,68.2042,425,29890,0.0712304,0.11,1,1497013,1496588,425
108762281,30.1249,41.6408,424,29961,0.0584922,0.01,1,1497047,1496623,424
108765201,78.025,81.1282,423,30032,0.0893969,0.05,1,1497137,1496714,423
108768121,42.805,41.0256,426,30102,0.0537587,0.05,1,1497171,1496745,426
108771041,43.761,44.2051,425,30172,0.0395035,0.11,1,1497215,1496790,425
108773961,34.3522,32.841,427,30242,0.0458014,0.09,1,1497247,1496820,427
108776881,33.2704,36.1682,423,30312,0.0363206,0.09,1,1497280,1496857,423
108779801,31.4541,28.0336,428,30382,0.0205282,0.07,1,1497311,1496883,428
108782721,51.8908,53.6067,425,30452,0.0382113,0.07,1,1497368,1496943,425
108785641,63.1782,65.1213,423,30521,0.0452845,0.07,1,1497434,1497011,423
108788561,14.2356,14.6243,423,30590,0.0481138,0.05,1,1497436,1497013,423
108791481,30.0471,30.1249,423,30659,0.0372455,0.11,1,1497470,1497047,423
108794401,78.0094,78.025,423,30728,0.0568982,0.03,1,1497560,1497137,423
108814841,63.9779,63.1782,423,31207,0.0605828,0.05,1,1497857,1497434,423
108817761,14.3956,14.2356,423,31275,0.0422331,0.03,1,1497859,1497436,423
108820681,29.2791,30.0471,422,31343,0.0348933,0.03,1,1497892,1497470,422
108823601,80.2558,6.00943,515,31411,0.0319573,0.07,1,1497985,1497470,515
108826521,46.4512,73.2019,463,31478,0.0307829,0.15,1,1498023,1497560,463
108829441,42.8902,41.8404,471,31545,0.0543132,0.19,1,1498065,1497594,471
108832361,33.378,42.7681,459,31612,0.0757253,0.21,1,1498096,1497637,459
108835281,34.6756,34.1536,462,31679,0.0962901,0.17,1,1498131,1497669,462
108858641,43.8817,46.4512,466,32210,0.249038,0.07,1,1498489,1498023,466
108861561,34.3763,42.8902,456,32276,0.273615,0.09,1,1498521,1498065,456
108864481,37.2753,33.378,463,32342,0.283446,0.11,1,1498559,1498096,463
108867401,29.8551,34.6756,456,32407,0.299378,0.15,1,1498587,1498131,456
108876161,14.0628,62.4534,429,32602,0.41588,0.13,1,1498707,1498278,429
108879081,29.2126,14.0907,460,32667,0.448352,0.13,1,1498740,1498280,460
108966681,50.4985,31.417,505,34556,0.756364,0.67,2,1499978,1499473,505
108969601,64.4997,48.6834,520,34617,0.788546,0.71,2,1500046,1499526,520
108972521,14.4999,62.5367,456,34678,0.801418,0.71,2,1500048,1499592,456
108975441,30.1,14.1073,488,34739,0.806567,0.71,2,1500082,1499594,488
108978361,85.22,30.0215,553,34800,0.844627,0.71,2,1500181,1499628,553
108981281,18.644,83.6043,458,34861,0.859851,0.75,2,1500183,1499725,458
108984201,39.7288,18.3209,501,34922,0.87794,0.75,2,1500228,1499727,501
109124361,39.5946,28.1041,527,37717,0.855539,1,2,1502190,1501663,527
109127281,35.1189,40.8208,517,37773,0.792216,1,2,1502224,1501707,517
109130201,29.4238,31.3642,516,37829,0.766886,1,2,1502252,1501736,516
109229481,40.1788,41.167,453,39684,0.78482,0.65,2,1503499,1503046,453
109232401,27.2358,26.6334,454,39737,0.823928,0.63,2,1503523,1503069,454
109235321,35.8472,36.5267,453,39790,0.851571,0.65,2,1503561,1503108,453
109238241,32.7694,33.7053,452,39843,0.874628,0.61,2,1503593,1503141,452
109241161,22.5539,24.3411,450,39896,0.883851,0.61,2,1503613,1503163,450
109244081,26.9108,27.2682,450,39949,0.899541,0.59,2,1503641,1503191,450
109247001,22.1822,20.6536,452,40002,0.893816,0.59,2,1503662,1503210,452
109249921,6.03643,5.73073,452,40055,0.891526,0.59,2,1503664,1503212,452
109410521,446.874,487.204,472,18980,0.8068,1,2,1505684,1505212,472
109419281,80.023,78.5216,505,19314,0.420995,0.85,1,1505965,1505460,505
109422201,73.6046,86.9043,488,19424,0.414398,0.71,1,1506037,1505549,488
109425121,52.3209,67.7809,472,19533,0.423759,0.75,1,1506084,1505612,472
109448481,88.0639,43.2382,544,20386,0.777258,0.49,2,1506669,1506125,544
109451401,110.413,87.0476,562,20490,0.784903,0.57,2,1506785,1506223,562
109454321,79.6826,107.81,521,20594,0.787961,0.65,2,1506857,1506336,521
109457241,78.3365,75.9619,531,20697,0.813184,0.67,2,1506935,1506404,531
109460161,56.4673,75.9924,506,20799,0.787274,0.73,2,1506986,1506480,506
109463081,44.8935,53.5985,500,20901,0.78891,0.75,2,1507028,1506528,500
109466001,88.9787,44.3197,558,21002,0.765564,0.81,2,1507128,1506570,558
109468921,19.3957,88.0639,461,21103,0.756226,0.79,2,1507130,1506669,461
109471841,96.6792,110.413,461,21204,0.78849,0.79,2,1507246,1506785,461
109474761,76.9358,79.6826,461,21304,0.849396,0.83,2,1507318,1506857,461
109477681,79.3872,78.3365,463,21404,0.897758,0.77,2,1507398,1506935,463
109556521,85.4842,85.9203,557,23935,0.814,1,2,1509211,1508654,557
109559441,18.6968,76.3841,485,24024,0.7516,1,2,1509213,1508728,485
109571121,75.0443,81.5302,478,24375,0.299513,1,1,1509474,1508996,478
109576961,77.4018,83.4212,470,24549,0.229122,0.71,1,1509595,1509125,470
109591561,33.0232,39.2216,433,24977,0.211175,0.25,1,1509823,1509390,433
109594481,74.6046,75.0443,434,25062,0.21047,0.33,1,1509908,1509474,434
109597401,41.3209,43.0089,432,25147,0.222188,0.17,1,1509941,1509509,432
109600321,74.6642,77.4018,429,25231,0.250875,0.13,1,1510024,1509595,429
109603241,68.5328,71.4804,426,25315,0.29835,0.13,1,1510091,1509665,426
109606161,15.3066,15.8961,426,25399,0.29334,0.19,1,1510093,1509667,426
109620761,43.315,74.2361,465,25813,0.400357,0.23,1,1510373,1509908,465
109667481,74.0122,73.8941,451,27097,0.812574,0.59,2,1511229,1510778,451
109670401,43.6024,43.5788,451,27175,0.84703,0.69,2,1511265,1510814,451
109673321,83.1205,79.1158,456,27253,0.884812,0.69,2,1511358,1510902,456
109676241,73.4241,72.6232,456,27331,0.887925,0.73,2,1511429,1510973,456
109813481,80.3745,87.0021,475,30760,0.867047,1,2,1513811,1513336,475
109819321,39.055,33.8801,489,30898,0.895928,1,2,1513891,1513402,489
109822241,54.211,58.776,482,30966,0.856371,0.96,2,1513949,1513467,482
109825161,41.2422,39.7552,485,31034,0.816548,1,2,1513987,1513502,485
109828081,36.2484,42.351,477,31102,0.812619,0.96,2,1514022,1513545,477
109831001,40.8497,38.0702,482,31170,0.775048,1,2,1514064,1513582,482
109833921,36.9699,38.814,479,31238,0.820019,0.96,2,1514100,1513621,479
109836841,28.994,33.3628,474,31306,0.826008,0.96,2,1514127,1513653,474
109839761,56.9988,6.67256,538,31374,0.840403,0.89,2,1514191,1513653,538
109842681,77.7998,60.5345,547,31441,0.798161,0.83,2,1514274,1513727,547
109845601,50.76,79.3069,507,31508,0.829265,0.93,2,1514318,1513811,507
109848521,39.752,51.0614,500,31575,0.829706,0.89,2,1514355,1513855,500
109851441,53.5504,39.0123,521,31642,0.865882,0.83,2,1514412,1513891,521
110137601,66.752,45.1881,545,37627,0.883983,0.99,2,1518612,1518067,545
110140521,42.1504,59.4376,518,37683,0.863593,1,2,1518648,1518130,518
110143441,30.8301,41.4875,509,37739,0.867437,1,2,1518676,1518167,509
110146361,25.366,32.2975,503,37795,0.868975,1,2,1518700,1518197,503
110149281,17.0732,27.2595,492,37851,0.85759,0.94,2,1518715,1518223,492
110152201,25.8146,15.8519,507,37907,0.877036,1,2,1518743,1518236,507
110155121,32.3629,30.3704,507,37963,0.836814,1,2,1518777,1518270,507
110158041,40.0726,35.6741,512,38019,0.832726,0.91,2,1518819,1518307,512
110160961,36.0145,35.9348,511,38075,0.83109,1,2,1518854,1518343,511
110163881,50.4029,43.987,519,38130,0.842436,1,2,1518908,1518389,519
110166801,62.0806,43.9974,540,38185,0.870974,0.96,2,1518973,1518433,540
110169721,41.2161,64.7995,506,38240,0.88239,0.91,2,1519009,1518503,506
110172641,61.8432,41.7599,537,38295,0.886956,0.85,2,1519076,1518539,537
110385801,20.6582,16.8155,505,42130,0.860587,1,2,1521685,1521180,505
110388721,20.1316,31.3631,490,42180,0.818235,1,2,1521705,1521215,490
110406241,37.4487,50.3549,482,42480,0.268886,1,1,1521916,1521434,482
110412081,36.8579,40.7342,481,42580,0.0754217,0.98,1,1522013,1521532,481
110415001,32.1716,35.3468,478,42630,0.0361687,0.94,1,1522044,1521566,478
110417921,31.2343,34.2694,475,42680,0.0204675,1,1,1522075,1521600,475
110420841,31.8469,36.4539,470,42729,0.014187,0.93,1,1522107,1521637,470
110423761,26.3694,31.2908,465,42778,0.0356748,0.8,1,1522132,1521667,465
110426681,13.2739,20.6582,457,42827,0.0442699,0.79,1,1522142,1521685,457
110429601,17.8548,20.1316,456,42876,0.071708,0.57,1,1522161,1521705,456
110432521,29.971,35.2263,450,42925,0.0946832,0.55,1,1522194,1521744,450
110435441,28.3942,33.4453,445,42974,0.0918733,0.51,1,1522222,1521777,445
110438361,21.6788,25.0891,442,43023,0.0667493,0.51,1,1522242,1521800,442
110441281,38.7358,5.01781,485,43072,0.0806997,0.45,1,1522285,1521800,485
110444201,29.3472,36.2036,468,43121,0.0982799,0.27,1,1522312,1521844,468
110450041,53.0139,37.2881,488,43219,0.0841248,0.01,1,1522404,1521916,488
110452961,35.4028,60.2576,453,43268,0.0756499,0.05,1,1522435,1521982,453
110455881,31.0806,36.8515,452,43317,0.07226,0.01,1,1522465,1522013,452
110458801,31.0161,32.1703,452,43366,0.094904,0.01,1,1522496,1522044,452
110461721,31.8032,31.2341,453,43415,0.0919616,0.01,1,1522528,1522075,453
110464641,27.9606,31.8468,448,43464,0.0787846,0.05,1,1522555,1522107,448
110467561,13.5921,26.3694,433,43513,0.0735139,0.05,1,1522565,1522132,433
110470481,17.9184,13.2739,442,43561,0.0954055,0.09,1,1522584,1522142,442
110479241,21.4233,28.3942,443,43705,0.094186,0.05,1,1522665,1522222,443
110499681,31.1379,31.0806,456,44041,0.215136,0.11,1,1522921,1522465,456
110502601,30.2276,31.0161,455,44089,0.248055,0.09,1,1522951,1522496,455
110505521,28.4455,31.8032,451,44137,0.285222,0.07,1,1522979,1522528,451
110520121,22.2043,27.1167,446,44377,0.297746,0.09,1,1523091,1522645,446
110523041,42.8409,21.4233,474,44425,0.293099,0.11,1,1523139,1522665,474
110525961,10.1682,41.0847,430,44472,0.291239,0.17,1,1523141,1522711,430
110534721,53.5853,52.2327,432,44613,0.410559,0.21,1,1523261,1522829,432
110540561,33.3434,31.6893,434,44707,0.441289,0.23,1,1523324,1522890,434
110634001,32.8253,32.9489,481,46193,0.752321,0.59,2,1524281,1523800,481
110636921,30.5651,31.3898,480,46239,0.774928,0.59,2,1524311,1523831,480
110639841,16.513,30.278,463,46285,0.795971,0.65,2,1524324,1523861,463
110642761,19.3026,15.6556,471,46331,0.804389,0.59,2,1524344,1523873,471
110645681,32.6605,19.9311,486,46377,0.819755,0.67,2,1524380,1523894,486
110648601,27.3321,31.1862,478,46422,0.849902,0.67,2,1524406,1523928,478
110651521,21.4664,27.0372,472,46467,0.873961,0.67,2,1524426,1523954,472
110654441,44.2933,21.4074,502,46512,0.883584,0.65,2,1524476,1523974,502
110657361,10.4587,43.4815,455,46557,0.887434,0.69,2,1524478,1524023,455
110660281,28.4917,10.2963,486,46602,0.876974,0.67,2,1524511,1524025,486
110663201,34.4983,26.8593,491,46647,0.884789,0.67,2,1524547,1524056,491
110866141,421.453,463.401,477,21900,0.418,1,1,1526680,1526203,477
110869061,145.891,130.28,507,22724,0.2452,0.9,1,1526757,1526250,507
110901181,70.9616,74.7326,496,23730,0.20074,0.15,1,1527444,1526948,496
110904101,60.5923,69.3465,486,23819,0.218296,0.17,1,1527502,1527016,486
110907021,28.9185,59.4693,450,23908,0.249318,0.21,1,1527523,1527073,450
110909941,7.38369,27.0939,433,23997,0.261727,0.09,1,1527525,1527092,433
110936221,70.3513,70.2767,436,24780,0.428578,0.35,1,1528047,1527611,436
110968341,77.9325,61.3628,528,25706,0.757432,0.59,2,1528691,1528163,528
110971261,73.9865,76.2726,521,25788,0.776973,0.57,2,1528764,1528243,521
110974181,64.3973,72.8545,511,25870,0.808789,0.61,2,1528826,1528315,511
110977101,30.4795,62.5709,473,25952,0.821516,0.63,2,1528848,1528375,473
110980021,7.69589,30.9142,452,26034,0.826606,0.63,2,1528850,1528398,452
110982941,77.5392,7.78284,545,26115,0.840643,0.69,2,1528945,1528400,545
110985861,57.9078,73.5566,508,26196,0.846257,0.71,2,1528998,1528490,508
110988781,66.7816,56.3113,525,26277,0.848503,0.77,2,1529067,1528542,525
111093901,43.049,74.6986,514,29036,0.84904,1,2,1531005,1530491,514
111096821,35.8098,44.5397,511,29109,0.753616,1,2,1531039,1530528,511
111105581,37.6305,65.0283,501,29327,0.218871,1,1,1531214,1530713,501
111111421,53.9852,29.6411,536,29471,0.0650194,1,1,1531306,1530770,536
111114341,50.797,53.1282,527,29543,0.0560078,0.99,1,1531356,1530829,527
111117261,69.3594,56.2256,544,29615,0.0404031,0.85,1,1531430,1530886,544
111120181,36.2719,79.2451,487,29686,0.0341612,0.81,1,1531458,1530971,487
111123101,30.4544,43.049,482,29757,0.0316645,0.69,1,1531487,1531005,482
111126021,60.4909,35.8098,516,29828,0.0546658,0.39,1,1531555,1531039,516
111128941,13.6982,68.762,441,29899,0.0638663,0.23,1,1531557,1531116,441
111131861,50.7396,68.1524,433,29970,0.0795465,0.13,1,1531617,1531184,433
111134781,33.3479,37.6305,432,30041,0.0738186,0.05,1,1531646,1531214,432
111137701,29.0696,33.9261,427,30111,0.0955274,0.03,1,1531674,1531247,427
111140621,49.0139,53.9852,422,30181,0.068211,0.05,1,1531728,1531306,422
111143541,50.6028,50.797,423,30251,0.0692844,0.03,1,1531779,1531356,423
111146461,70.1206,69.3594,424,30321,0.0277138,0.03,1,1531854,1531430,424
111149381,35.6241,36.2719,423,30391,0.0290855,0.03,1,1531881,1531458,423
111152301,30.3248,30.4544,423,30461,0.0896342,0.07,1,1531910,1531487,423
111155221,59.665,60.4909,422,30530,0.0898537,0.07,1,1531977,1531555,422
111172741,52.2655,50.6028,425,30944,0.0769127,0,1,1532204,1531779,425
111175661,68.0531,70.1206,422,31012,0.0487651,0.03,1,1532276,1531854,422
111178581,35.2106,35.6241,422,31080,0.037506,0.13,1,1532303,1531881,422
111181501,31.8421,30.3248,424,31148,0.0570024,0.09,1,1532334,1531910,424
111184421,59.9684,59.665,424,31216,0.028801,0.11,1,1532401,1531977,424
111187341,13.5937,13.533,424,31284,0.0175204,0.11,1,1532403,1531979,424
111190261,54.7187,2.7066,489,31352,0.0730082,0.13,1,1532468,1531979,489
111201941,49.2267,45.3099,476,31620,0.083229,0.05,1,1532626,1532150,476
111204861,67.4454,52.262,494,31687,0.0632916,0.03,1,1532698,1532204,494
111207781,34.2891,68.0524,448,31754,0.0253166,0.03,1,1532724,1532276,448
111210701,32.4578,35.2105,453,31821,0.0401267,0.07,1,1532756,1532303,453
111213621,60.8916,31.8421,490,31887,0.0580507,0.01,1,1532824,1532334,490
111216541,13.7783,59.9684,425,31953,0.0652203,0.01,1,1532826,1532401,425
111219461,58.7557,13.5937,493,32019,0.0800881,0.11,1,1532896,1532403,493
111222381,34.1511,54.7187,456,32085,0.0860352,0.15,1,1532924,1532468,456
111234061,65.9746,49.2267,494,32349,0.200683,0.05,1,1533120,1532626,494
111236981,34.7949,67.4454,449,32414,0.206273,0,1,1533147,1532698,449
111239901,32.559,34.2891,455,32479,0.220509,0.05,1,1533179,1532724,455
111242821,60.1118,32.4578,490,32544,0.262204,0.07,1,1533246,1532756,490
111245741,13.6224,60.8916,424,32609,0.278881,0.07,1,1533248,1532824,424
111248661,61.1245,13.7783,495,32674,0.273553,0.09,1,1533321,1532826,495
111251581,36.2249,58.7557,455,32739,0.295421,0.09,1,1533351,1532896,455
111269101,35.6572,34.7949,433,33124,0.413812,0.23,1,1533580,1533147,433
111272021,34.3314,32.559,435,33188,0.423525,0.29,1,1533614,1533179,435
111274941,61.2663,60.1118,436,33252,0.41541,0.29,1,1533682,1533246,436
111277861,13.8533,13.6224,436,33316,0.412164,0.27,1,1533684,1533248,436
111327501,47.7229,41.8651,496,34379,0.772373,0.57,2,1534368,1533872,496
111330421,68.7446,47.573,521,34441,0.782949,0.61,2,1534442,1533921,521
111333341,36.1489,67.1146,477,34502,0.81118,0.57,2,1534470,1533993,477
111336261,36.0298,35.8229,485,34563,0.798472,0.59,2,1534506,1534021,485
111339181,63.206,34.3646,521,34624,0.793389,0.63,2,1534576,1534055,521
111342101,14.2412,62.0729,454,34685,0.791355,0.63,2,1534578,1534124,454
111345021,63.6482,14.0146,528,34746,0.802542,0.67,2,1534654,1534126,528
111347941,40.7296,62.0029,489,34807,0.795017,0.71,2,1534689,1534200,489
111350861,9.74593,38.8006,458,34868,0.792007,0.75,2,1534691,1534233,458
111353781,29.1492,9.36012,490,34929,0.802803,0.75,2,1534725,1534235,490
111356701,49.0298,29.072,510,34990,0.855121,0.75,2,1534779,1534269,510
111359621,49.006,46.6144,508,35050,0.864048,0.79,2,1534828,1534320,508
111362541,69.8012,47.7229,535,35110,0.891619,0.79,2,1534903,1534368,535
111499781,35.0226,31.3504,512,37835,0.888122,1,2,1536733,1536221,512
111508541,43.4482,39.1308,518,38003,0.24812,1,1,1536874,1536356,518
111514381,44.6179,62.2052,507,38115,0.0480992,1,1,1536966,1536459,507
111517301,47.3236,34.041,528,38170,0.0372397,1,1,1537014,1536486,528
111520221,39.0647,56.4082,503,38225,0.0448959,1,1,1537051,1536548,503
111523141,34.2129,37.6816,503,38280,0.0479583,0.96,1,1537084,1536581,503
111526061,30.8426,33.1363,501,38335,0.0491833,0.94,1,1537114,1536613,501
111528981,25.3685,29.8273,496,38390,0.0496733,0.99,1,1537138,1536642,496
111531901,23.4737,27.5655,492,38445,0.0258693,0.95,1,1537161,1536669,492
111534821,27.0947,27.1131,493,38500,0.0403477,0.84,1,1537189,1536696,493
111537741,43.0189,35.0226,503,38555,0.0701391,0.43,1,1537236,1536733,503
111540661,31.0038,58.2045,467,38610,0.0820556,0.35,1,1537264,1536797,467
111543581,7.80076,37.2409,437,38665,0.0868222,0.11,1,1537266,1536829,437
111546501,30.3602,43.4482,428,38720,0.0887289,0.01,1,1537302,1536874,428
111549421,42.072,47.0896,425,38775,0.0894916,0.01,1,1537347,1536922,425
111552341,42.8144,44.6179,424,38829,0.0357966,0.03,1,1537390,1536966,424
111555261,46.1629,47.3236,423,38883,0.0563187,0.05,1,1537437,1537014,423
111558181,38.8326,39.0647,423,38937,0.0525275,0.05,1,1537474,1537051,423
111561101,35.7665,34.2129,425,38991,0.039011,0.05,1,1537509,1537084,425
111564021,30.3533,30.8426,424,39045,0.0456044,0.05,1,1537538,1537114,424
111566941,24.4707,25.3685,423,39099,0.0482418,0.01,1,1537561,1537138,423
111569861,23.2941,23.4737,423,39153,0.0612967,0.05,1,1537584,1537161,423
111572781,27.0588,27.0947,423,39207,0.0545187,0.09,1,1537612,1537189,423
111575701,47.8118,43.0189,429,39261,0.0638075,0.09,1,1537665,1537236,429
111578621,30.3624,31.0038,427,39315,0.067523,0.09,1,1537691,1537264,427
111581541,7.67247,7.80076,427,39369,0.0690092,0.09,1,1537693,1537266,427
111584461,28.7345,30.3602,425,39423,0.0936037,0.09,1,1537727,1537302,425
111590301,43.3894,42.8144,425,39530,0.0689766,0.07,1,1537815,1537390,425
111593221,43.8779,46.1629,422,39583,0.0575906,0.05,1,1537859,1537437,422
111596141,38.3756,38.8326,422,39636,0.0290363,0.03,1,1537896,1537474,422
111599061,36.4751,35.7665,423,39689,0.0416145,0.05,1,1537932,1537509,423
111601981,29.695,30.3533,422,39742,0.0346458,0.05,1,1537960,1537538,422
111604901,24.339,24.4707,422,39795,0.0438583,0.07,1,1537983,1537561,422
111607821,23.2678,23.2941,422,39848,0.0355433,0.05,1,1538006,1537584,422
111610741,28.6536,27.0588,424,39901,0.0562173,0.07,1,1538036,1537612,424
111613661,47.3307,47.8118,423,39954,0.0884869,0.07,1,1538088,1537665,423
111628261,38.3998,40.7014,465,40219,0.0785797,0.03,1,1538236,1537771,465
111631181,43.68,43.3403,466,40271,0.0374319,0.05,1,1538281,1537815,466
111634101,37.536,43.8681,458,40323,0.0329727,0.01,1,1538317,1537859,458
111637021,36.3072,38.3736,457,40375,0.0431891,0.05,1,1538353,1537896,457
111639941,29.6614,36.4747,449,40427,0.0472756,0.03,1,1538381,1537932,449
111642861,24.3323,29.6949,444,40479,0.0369103,0.05,1,1538404,1537960,444
111645781,24.0665,24.339,445,40531,0.0327641,0.03,1,1538428,1537983,445
111648701,29.6133,23.2678,453,40583,0.0191056,0.07,1,1538459,1538006,453
111651621,48.3227,28.6536,476,40635,0.0616423,0.11,1,1538512,1538036,476
111654541,34.4645,47.3307,455,40687,0.0426569,0.11,1,1538543,1538088,455
111657461,8.49291,31.8661,429,40739,0.0470628,0.11,1,1538545,1538116,429
111660381,27.2986,7.97323,459,40791,0.0488251,0.11,1,1538577,1538118,459
111663301,44.6597,27.9946,475,40843,0.04953,0.13,1,1538626,1538151,475
111666221,34.5319,43.9989,459,40895,0.025812,0.05,1,1538658,1538199,459
111669141,43.7064,38.3998,468,40947,0.0283248,0.01,1,1538704,1538236,468
111672061,35.9413,43.68,457,40999,0.0113299,0.03,1,1538738,1538281,457
111674981,37.5883,37.536,459,41050,0.022532,0.05,1,1538776,1538317,459
111677901,29.1177,36.3072,450,41101,0.0270128,0.05,1,1538803,1538353,450
111680821,23.4235,29.6614,444,41152,0.0168051,0.03,1,1538825,1538381,444
111683741,24.6847,24.3323,446,41203,0.024722,0.03,1,1538850,1538404,446
111686661,28.9369,24.0665,452,41254,0.0278888,0.01,1,1538880,1538428,452
111689581,51.3874,29.6133,478,41305,0.0291555,0.09,1,1538937,1538459,478
111692501,33.4775,48.3227,454,41356,0.0296622,0.03,1,1538966,1538512,454
111695421,8.2955,34.4645,425,41407,0.0298649,0.05,1,1538968,1538543,425
111698341,27.2591,8.49291,455,41458,0.053946,0.05,1,1539000,1538545,455
111710021,41.8676,43.7064,423,41662,0.225301,0,1,1539127,1538704,423
111712941,34.7735,35.9413,422,41713,0.21612,0.03,1,1539160,1538738,422
111718781,30.0309,29.1177,424,41815,0.0741793,0.01,1,1539227,1538803,424
111721701,22.0062,23.4235,422,41865,0.0476717,0.03,1,1539247,1538825,422
111724621,25.2012,24.6847,423,41915,0.0250687,0.03,1,1539273,1538850,423
111727541,29.0402,28.9369,423,41965,0.0520275,0.03,1,1539303,1538880,423
111730461,51.4081,51.3874,423,42015,0.026811,0.03,1,1539360,1538937,423
111733381,33.4816,33.4775,423,42065,0.0527244,0.03,1,1539389,1538966,423
111736301,8.29632,8.2955,423,42115,0.0630898,0.07,1,1539391,1538968,423
111739221,28.8593,27.2591,425,42165,0.0432359,0.15,1,1539425,1539000,425
111742141,48.9719,45.4518,429,42215,0.0712944,0.11,1,1539479,1539050,429
111745061,11.3944,10.6904,429,42265,0.0585177,0.19,1,1539481,1539052,429
111747981,27.0789,25.3381,431,42315,0.0414071,0.27,1,1539512,1539081,431
111750901,43.8158,41.8676,433,42365,0.0705628,0.21,1,1539560,1539127,433
111753821,31.9632,34.7735,429,42415,0.0942251,0.09,1,1539589,1539160,429
111791781,44.6273,5.41577,473,43057,0.208079,0.09,1,1539985,1539512,473
111794701,31.3255,39.4832,453,43106,0.233232,0.11,1,1540013,1539560,453
111797621,35.0651,31.0966,460,43155,0.255293,0.13,1,1540049,1539589,460
111800541,27.813,33.4193,452,43204,0.264117,0.09,1,1540075,1539623,452
111803461,21.5626,28.2839,445,43253,0.291647,0.13,1,1540095,1539650,445
111841421,28.8308,35.0651,461,43883,0.403304,0.27,1,1540510,1540049,461
111844341,22.5662,27.813,456,43931,0.431322,0.31,1,1540531,1540075,456
111847261,25.3132,21.5626,462,43979,0.442529,0.31,1,1540557,1540095,462
111850181,30.6626,25.1125,468,44027,0.447012,0.31,1,1540589,1540121,468
111899821,34.348,34.0265,446,44834,0.752776,0.49,2,1541120,1540674,446
111902741,8.46961,8.4053,446,44881,0.76311,0.49,2,1541122,1540676,446
111905661,27.2939,27.2811,446,44928,0.767244,0.51,2,1541154,1540708,446
111908581,54.2588,53.4562,447,44975,0.756898,0.51,2,1541215,1540768,447
111911501,12.4518,12.2912,447,45022,0.752759,0.51,2,1541217,1540770,447
111914421,27.2904,26.4582,448,45069,0.763104,0.53,2,1541248,1540800,448
111917341,48.6581,47.6917,449,45116,0.779241,0.61,2,1541302,1540853,449
111920261,37.7316,34.3383,453,45163,0.773697,0.61,2,1541337,1540884,453
111923181,9.14632,8.46767,453,45210,0.771479,0.69,2,1541339,1540886,453
111926101,33.0293,32.0935,454,45257,0.818591,0.67,2,1541378,1540924,454
111929021,30.6059,29.6187,455,45304,0.813437,0.67,2,1541408,1540953,455
111931941,23.7212,23.5237,455,45351,0.835375,0.69,2,1541430,1540975,455
111934861,26.3442,25.5047,456,45398,0.82015,0.75,2,1541457,1541001,456
111937781,31.6688,30.7009,457,45444,0.82606,0.73,2,1541490,1541033,457
111940701,52.7338,51.7402,458,45490,0.852424,0.77,2,1541548,1541090,458
111943621,34.5468,34.348,458,45536,0.87497,0.77,2,1541578,1541120,458
111946541,8.50935,8.46961,458,45582,0.859988,0.77,2,1541580,1541122,458
111949461,27.3019,27.2939,458,45628,0.853995,0.75,2,1541612,1541154,458
111952381,55.0604,54.2588,459,45674,0.875598,0.75,2,1541674,1541215,459
111955301,12.6121,12.4518,459,45720,0.860239,0.77,2,1541676,1541217,459
111958221,27.3224,27.2904,459,45766,0.866096,0.79,2,1541707,1541248,459
111961141,48.6645,48.6581,459,45812,0.892438,0.77,2,1541761,1541302,459
112180141,415.015,450.05,474,21900,0.417508,0.81,1,1544074,1543600,474
112185981,77.7206,102.482,460,22817,0.0872013,0.23,1,1544216,1543756,460
112188901,45.1441,51.6964,458,22910,0.0648805,0,1,1544253,1543795,458
112191821,65.0288,79.9393,441,23003,0.0439522,0,1,1544323,1543882,441
112194741,61.0058,51.1879,457,23095,0.0355809,0.07,1,1544383,1543926,457
112197661,76.2012,80.6376,449,23187,0.0322324,0.07,1,1544463,1544014,449
112200581,32.8402,42.5275,438,23278,0.0308929,0.03,1,1544485,1544047,438
112203501,82.568,30.1055,506,23369,0.0423572,0.01,1,1544580,1544074,506
112206421,64.5136,71.6211,484,23460,0.0589429,0.03,1,1544640,1544156,484
112209341,40.9027,62.3242,459,23550,0.0535771,0.05,1,1544675,1544216,459
112212261,63.3805,42.0648,491,23640,0.0754309,0.03,1,1544744,1544253,491
112215181,61.4761,64.413,482,23730,0.0481723,0.03,1,1544805,1544323,482
112218101,76.2952,60.8826,502,23819,0.0372689,0.03,1,1544885,1544383,502
112221021,32.859,76.1765,444,23908,0.0449076,0.03,1,1544907,1544463,444
112223941,8.17181,32.8353,424,23997,0.047963,0.05,1,1544909,1544485,424
112226861,77.6344,82.5671,424,24085,0.0971852,0.07,1,1545004,1544580,424
112235621,61.6131,63.3805,422,24348,0.0765399,0.03,1,1545166,1544744,422
112238541,61.1226,61.4761,422,24435,0.0726159,0.03,1,1545227,1544805,422
112241461,76.2245,76.2952,422,24522,0.0470464,0.05,1,1545307,1544885,422
112244381,35.2449,32.859,425,24608,0.0368185,0.05,1,1545332,1544907,425
112247301,8.64898,8.17181,425,24694,0.0327274,0.13,1,1545334,1544909,425
112250221,80.1298,77.6344,428,24780,0.055091,0.17,1,1545432,1545004,428
112253141,64.826,64.3269,428,24866,0.0760364,0.15,1,1545493,1545065,428
112258981,56.993,61.6131,423,25036,0.0973658,0.07,1,1545589,1545166,423
112261901,60.1986,61.1226,423,25121,0.0689463,0.03,1,1545650,1545227,423
112264821,76.0397,76.2245,423,25205,0.0335785,0.03,1,1545730,1545307,423
112267741,34.4079,35.2449,422,25289,0.0314314,0.03,1,1545754,1545332,422
112270661,8.48159,8.64898,422,25373,0.0305726,0.07,1,1545756,1545334,422
112273581,80.8963,80.1298,423,25457,0.090229,0.07,1,1545855,1545432,423
112276501,65.7793,16.026,485,25540,0.0780916,0.09,1,1545917,1545432,485
112279421,41.9559,52.0052,460,25623,0.0972366,0.13,1,1545953,1545493,460
112305701,58.823,41.9558,489,26358,0.216769,0.15,1,1546442,1545953,489
112308621,59.7646,57.1912,488,26438,0.260708,0.17,1,1546502,1546014,488
112381621,10.381,10.2466,446,28372,0.773431,0.49,2,1547698,1547252,446
112384541,58.0762,2.04931,516,28447,0.759373,0.51,2,1547768,1547252,516
112387461,61.2152,55.6099,509,28521,0.765749,0.53,2,1547830,1547321,509
112390381,77.0431,60.722,528,28595,0.7923,0.61,2,1547911,1547383,528
112393301,34.6086,75.3444,473,28669,0.82692,0.65,2,1547935,1547462,473
112396221,8.52172,32.6689,453,28743,0.840768,0.65,2,1547937,1547484,453
112399141,93.7043,8.13378,566,28817,0.882307,0.71,2,1548052,1547486,566
112530541,42.3089,56.894,512,31953,0.8812,1,2,1550240,1549728,512
112533461,30.8618,39.3788,505,32019,0.80248,1,2,1550268,1549763,505
112536381,34.1724,32.6758,509,32085,0.770992,1,2,1550303,1549794,509
112539301,30.8345,27.3352,513,32151,0.770397,1,2,1550333,1549820,513
112548061,63.4787,71.3867,529,32349,0.405225,1,1,1550545,1550016,529
112550981,24.6957,51.0773,498,32414,0.40809,1,1,1550560,1550062,498
112562661,26.8171,42.3089,488,32674,0.287935,0.75,1,1550728,1550240,488
112565581,33.3634,30.8618,495,32739,0.277174,0.75,1,1550763,1550268,495
112568501,8.27268,34.1724,462,32804,0.27287,0.77,1,1550765,1550303,462
112571421,20.8545,30.8345,456,32868,0.271148,0.47,1,1550789,1550333,456
112580181,65.1908,63.4787,440,33060,0.289273,0.41,1,1550985,1550545,440
112612301,64.3265,65.1908,435,33757,0.44202,0.31,1,1551420,1550985,435
112615221,22.4653,22.6382,435,33820,0.446808,0.33,1,1551432,1550997,435
112670701,73.4533,20.0592,537,34990,0.761775,0.63,2,1552196,1551659,537
112673621,53.0907,72.0118,500,35050,0.80271,0.65,2,1552244,1551744,500
112676541,70.6181,51.2024,529,35110,0.843084,0.71,2,1552319,1551790,529
112679461,23.7236,68.6405,468,35170,0.859234,0.71,2,1552331,1551863,468
112682381,43.9447,23.3281,505,35230,0.889693,0.73,2,1552380,1551875,505
112822541,35.0628,33.919,514,38003,0.85912,1,2,1554273,1553759,514
112837141,25.0762,31.1353,508,38280,0.235501,1,1,1554475,1553967,508
112845901,33.4486,51.3851,509,38445,0.0714721,1,1,1554582,1554073,509
112848821,28.2897,34.277,506,38500,0.0705888,1,1,1554609,1554103,506
112851741,57.6579,34.8554,536,38555,0.0342355,0.92,1,1554674,1554138,536
112854661,31.5316,60.5711,494,38610,0.0136942,0.87,1,1554699,1554205,494
112857581,7.90632,39.3142,462,38665,0.0354777,0.83,1,1554701,1554239,462
112860501,23.9813,35.0628,456,38720,0.0321911,0.65,1,1554729,1554273,456
112863421,67.9963,72.6126,453,38775,0.0548764,0.55,1,1554808,1554355,453
112866341,33.5992,42.5225,443,38829,0.0639506,0.45,1,1554833,1554390,443
112869261,30.7198,34.9045,440,38883,0.0795802,0.31,1,1554863,1554423,440
112872181,26.144,29.3809,437,38937,0.0858321,0.13,1,1554888,1554451,437
112875101,20.4288,25.0762,432,38991,0.0763328,0.15,1,1554907,1554475,432
112878021,30.4858,32.2152,431,39045,0.0725331,0.15,1,1554940,1554509,431
112880941,34.8972,39.243,426,39099,0.0590133,0.01,1,1554976,1554550,426
112883861,32.5794,33.4486,426,39153,0.0536053,0.07,1,1555008,1554582,426
112886781,27.3159,28.2897,425,39207,0.0274421,0.01,1,1555034,1554609,425
112889701,55.0632,57.6579,422,39261,0.0169768,0,1,1555096,1554674,422
112892621,31.8126,31.5316,423,39315,0.0247907,0.05,1,1555122,1554699,423
112895541,7.96253,7.90632,423,39369,0.0279163,0.03,1,1555124,1554701,423
112898461,23.1925,23.9813,422,39423,0.0171665,0.07,1,1555151,1554729,422
112901381,69.4385,67.9963,424,39477,0.0488666,0.07,1,1555232,1554808,424
112904301,33.8877,33.5992,424,39530,0.0615466,0.09,1,1555257,1554833,424
112907221,30.7775,30.7198,424,39583,0.0786187,0.09,1,1555287,1554863,424
112930581,31.6718,31.8126,422,40007,0.0989691,0.03,1,1555544,1555122,422
112933501,7.93437,7.96253,422,40060,0.0815876,0.03,1,1555546,1555124,422
112936421,22.3869,1.59251,448,40113,0.0506351,0.01,1,1555572,1555124,448
112939341,70.0774,21.9185,503,40166,0.050254,0.07,1,1555654,1555151,503
112942261,36.4155,69.1837,450,40219,0.0621016,0.07,1,1555682,1555232,450
112945181,31.2831,33.8367,455,40271,0.0788406,0.09,1,1555712,1555257,455
112948101,27.0566,30.7673,451,40323,0.0855363,0.13,1,1555738,1555287,451
112974381,21.51,7.93437,447,40791,0.214235,0.03,1,1555993,1555546,447
112991901,33.4683,20.6113,466,41101,0.215109,0.21,1,1556223,1555757,466
112994821,32.2937,32.1223,463,41152,0.236044,0.17,1,1556255,1555792,463
112997741,31.2587,33.6245,460,41203,0.244417,0.19,1,1556286,1555826,460
113000661,27.0517,30.7249,456,41254,0.247767,0.21,1,1556312,1555856,456
113003581,53.4103,27.745,489,41305,0.285107,0.19,1,1556372,1555883,489
113006501,30.6821,52.749,455,41356,0.288043,0.19,1,1556397,1555942,455
113009421,7.73641,29.7498,433,41407,0.289217,0.19,1,1556399,1555966,433
113035701,32.6832,32.2937,434,41865,0.408422,0.25,1,1556689,1556255,434
113038621,31.3366,31.2587,434,41915,0.409369,0.25,1,1556720,1556286,434
113050301,7.64694,7.73641,436,42115,0.403456,0.33,1,1556835,1556399,436
113053221,22.3294,20.7473,438,42165,0.407382,0.31,1,1556861,1556423,438
113056141,66.8659,67.3495,437,42215,0.444953,0.31,1,1556939,1556502,437
113108701,30.4256,27.5118,474,43106,0.756447,0.53,2,1557479,1557005,474
113111621,26.0851,28.7024,470,43155,0.776579,0.53,2,1557504,1557034,470
113114541,36.417,25.7405,484,43204,0.784631,0.53,2,1557543,1557059,484
113117461,33.6834,36.3481,478,43253,0.799853,0.51,2,1557576,1557098,478
113120381,32.3367,32.8696,478,43302,0.817941,0.57,2,1557608,1557130,478
113123301,27.2673,30.5739,474,43351,0.825176,0.59,2,1557634,1557160,474
113126221,57.4535,26.9148,513,43400,0.852071,0.59,2,1557699,1557186,513
113129141,32.2907,54.983,477,43449,0.874828,0.67,2,1557725,1557248,477
113132061,8.05814,30.9966,454,43498,0.883931,0.67,2,1557727,1557273,454
113134981,25.6116,7.79932,482,43547,0.887572,0.69,2,1557757,1557275,482
113137901,69.9223,23.9599,535,43595,0.877029,0.75,2,1557838,1557303,535
113140821,15.5845,67.992,458,43643,0.872812,0.75,2,1557840,1557382,458
113143741,28.7169,15.1984,488,43691,0.871125,0.75,2,1557872,1557384,488
113146661,33.7434,28.6397,491,43739,0.89445,0.73,2,1557907,1557416,491
113149581,31.5487,32.1279,489,43787,0.86778,0.77,2,1557938,1557449,489
113152501,27.9097,30.4256,486,43835,0.893112,0.79,2,1557965,1557479,486
113383181,8.30096,19.9855,469,47487,0.895233,1,2,1560453,1559984,469
113386101,32.8602,35.9971,468,47531,0.892093,0.93,2,1560492,1560024,468
113391941,31.3944,29.9199,470,47619,0.875935,0.97,2,1560576,1560106,470
113394861,35.0789,34.784,470,47663,0.860374,0.93,2,1560612,1560142,470
113397781,30.2158,30.9568,469,47707,0.85415,0.91,2,1560641,1560172,469
113400701,46.8432,46.9914,469,47751,0.85166,0.95,2,1560692,1560223,469
113403621,36.5686,37.3983,468,47795,0.850664,0.97,2,1560726,1560258,468
113406541,39.3137,39.4797,468,47839,0.838266,0.91,2,1560766,1560298,468
113409461,23.8627,24.6959,467,47883,0.857306,0.89,2,1560786,1560319,467
113412381,17.5725,18.5392,466,47927,0.876922,1,2,1560802,1560336,466
113415301,28.3145,24.5078,471,47971,0.872769,0.97,2,1560833,1560362,471
113733581,401.184,479.363,457,23360,0.416986,0.51,1,1564404,1563947,457
113780301,53.2575,36.5709,470,24178,0.0662871,0.37,1,1564612,1564142,470
113783221,62.6515,52.9142,478,24266,0.0685148,0.15,1,1564677,1564199,478
113786141,54.9303,68.9828,458,24353,0.0934059,0.13,1,1564730,1564272,458
113821181,60.649,61.2039,429,25378,0.213587,0.15,1,1565328,1564899,429
113824101,80.9298,81.0408,429,25461,0.247435,0.15,1,1565414,1564985,429
113827021,55.386,16.2082,478,25544,0.284974,0.13,1,1565463,1564985,478
113844541,62.5433,31.241,499,26038,0.428895,0.25,1,1565759,1565260,499
113888341,24.2069,23.9193,452,27232,0.773624,0.65,2,1566546,1566094,452
113891261,34.4414,31.9839,455,27310,0.77145,0.69,2,1566583,1566128,455
113894181,69.2883,66.3968,458,27388,0.80658,0.75,2,1566661,1566203,458
113897101,86.6577,85.2794,459,27465,0.796632,0.73,2,1566752,1566293,459
113900021,58.1315,58.6559,458,27542,0.792653,0.73,2,1566803,1566345,458
113902941,13.2263,13.3312,458,27619,0.791061,0.73,2,1566805,1566347,458
113905861,57.8453,57.8662,458,27696,0.814424,0.71,2,1566874,1566416,458
113908781,56.3691,57.1732,457,27772,0.87177,0.77,2,1566930,1566473,457
113911701,57.6738,57.0347,458,27848,0.882708,0.79,2,1566988,1566530,458
113914621,25.1348,24.2069,459,27924,0.875083,0.77,2,1567005,1566546,459
113917541,35.427,34.4414,460,28000,0.896033,0.83,2,1567043,1566583,460
114010981,37.4838,23.1082,506,30325,0.86536,1,2,1568728,1568222,506
114022661,33.8264,31.6594,489,30603,0.221593,1,1,1568908,1568419,489
114028501,30.4731,31.3464,483,30741,0.0522549,1,1,1568958,1568475,483
114031421,63.6946,65.4693,481,30810,0.020902,0.96,1,1569030,1568549,481
114034341,75.9389,85.0939,470,30879,0.0143608,0.93,1,1569109,1568639,470
114037261,56.7878,63.4188,464,30948,0.0117443,0.81,1,1569161,1568697,464
114040181,34.5576,37.4838,462,31016,0.0466977,0.65,1,1569190,1568728,462
114043101,29.3115,32.2968,459,31084,0.0366791,0.43,1,1569218,1568759,459
114046021,44.2623,57.6594,443,31152,0.0446716,0.23,1,1569266,1568823,443
114048941,41.6525,57.1319,427,31220,0.0478687,0.13,1,1569307,1568880,427
114051861,28.3305,33.8264,424,31288,0.0851475,0.13,1,1569332,1568908,424
114054781,18.4661,6.76527,440,31356,0.040059,0.07,1,1569348,1568908,440
114057701,29.2932,14.9531,455,31423,0.0160236,0,1,1569380,1568925,455
114060621,63.4586,29.3906,494,31490,0.0124094,0,1,1569452,1568958,494
114063541,75.0917,63.4781,500,31557,0.0349638,0.01,1,1569530,1569030,500
114066461,56.6183,75.8956,473,31624,0.0559855,0.01,1,1569582,1569109,473
114069381,35.3237,56.7791,451,31691,0.0403942,0.07,1,1569612,1569161,451
114072301,28.6647,34.5558,449,31758,0.0461577,0.03,1,1569639,1569190,449
114075221,44.9329,29.3112,470,31825,0.0604631,0.05,1,1569688,1569218,470
114078141,43.3866,44.2622,465,31891,0.0781852,0.05,1,1569731,1569266,465
114081061,29.4773,41.6524,450,31957,0.0852741,0.11,1,1569757,1569307,450
114089821,62.4438,29.2932,493,32155,0.0652175,0.01,1,1569873,1569380,493
114092741,74.8888,63.4586,499,32221,0.068087,0.05,1,1569951,1569452,499
114095661,58.1778,75.0917,475,32287,0.0572348,0.07,1,1570005,1569530,475
114098581,34.8356,56.6183,452,32353,0.0408939,0.03,1,1570034,1569582,452
114101501,27.7671,35.3237,448,32418,0.0463576,0.05,1,1570060,1569612,448
114104421,49.5534,28.6647,476,32483,0.060543,0.07,1,1570115,1569639,476
114107341,42.7107,44.9329,468,32548,0.0782172,0.09,1,1570156,1569688,468
114110261,30.1421,43.3866,452,32613,0.0852869,0.09,1,1570183,1569731,452
114116101,28.4057,17.0955,458,32743,0.0940459,0.13,1,1570229,1569771,458
114119021,7.28114,28.2191,429,32808,0.0916184,0.03,1,1570231,1569802,429
114121941,52.6562,62.4438,422,32872,0.0546473,0.07,1,1570295,1569873,422
114124861,75.3312,74.8888,425,32936,0.0518589,0.05,1,1570376,1569951,425
114127781,56.6663,58.1778,423,33000,0.0627436,0.03,1,1570428,1570005,423
114130701,34.5333,34.8356,423,33064,0.0910974,0.05,1,1570457,1570034,423
114133621,28.5067,27.7671,424,33128,0.090439,0.07,1,1570484,1570060,424
114136541,50.5013,49.5534,425,33192,0.0421756,0.09,1,1570540,1570115,425
114139461,44.5003,42.7107,427,33256,0.0588702,0.09,1,1570583,1570156,427
114142381,29.7001,30.1421,426,33320,0.0895481,0.11,1,1570609,1570183,426
114145301,17.14,18.0284,425,33383,0.0898192,0.09,1,1570623,1570198,425
114156981,75.4962,75.3312,423,33635,0.0641714,0.07,1,1570799,1570376,423
114159901,58.2992,56.6663,425,33698,0.0796685,0.11,1,1570853,1570428,425
114162821,34.8598,34.5333,425,33761,0.0858674,0.09,1,1570882,1570457,425
114186181,47.0829,49.4811,423,34259,0.205072,0.11,1,1571140,1570717,423
114200781,51.3559,27.7086,482,34566,0.204593,0.17,1,1571390,1570908,482
114203701,45.4712,49.5417,471,34627,0.219837,0.15,1,1571434,1570963,471
114206621,31.4942,45.9083,454,34688,0.237935,0.13,1,1571462,1571008,454
114209541,17.4988,30.7817,441,34749,0.245174,0.13,1,1571476,1571035,441
114212461,30.6998,17.3563,461,34810,0.24807,0.21,1,1571510,1571049,461
114215381,7.73995,29.0713,431,34871,0.249228,0.21,1,1571512,1571081,431
114218301,48.748,7.41425,488,34932,0.297691,0.21,1,1571571,1571083,488
114227061,36.262,59.4833,460,35113,0.427772,0.15,1,1571736,1571276,460
114300061,31.0085,30.2402,450,36588,0.757321,0.59,2,1572659,1572209,450
114302981,54.2017,54.848,449,36646,0.776928,0.63,2,1572719,1572270,449
114305901,48.4403,46.9696,451,36704,0.820771,0.63,2,1572766,1572315,451
114308821,32.8881,31.7939,452,36762,0.838309,0.61,2,1572795,1572343,452
114311741,17.7776,17.5588,452,36819,0.845323,0.63,2,1572809,1572357,452
114314661,30.7555,31.5118,451,36876,0.872129,0.63,2,1572843,1572392,451
114317581,7.7511,7.90235,451,36933,0.882852,0.67,2,1572845,1572394,451
114320501,55.1502,53.5805,453,36990,0.899141,0.71,2,1572912,1572459,453
114323421,74.23,72.3161,455,37047,0.893656,0.67,2,1572991,1572536,455
114624181,31.9337,31.8112,492,42518,0.82479,1,2,1576756,1576264,492
114638781,35.0771,37.0009,493,42766,0.407643,1,1,1576972,1576479,493
114667981,51.4865,31.8946,515,43256,0.402025,0.63,1,1577271,1576756,515
114676741,34.1079,40.9272,477,43403,0.42965,0.43,1,1577376,1576899,477
114679661,31.6216,39.3854,469,43452,0.42986,0.37,1,1577407,1576938,469
114770181,19.4925,20.2867,453,44931,0.780361,0.63,2,1578353,1577900,453
114773101,27.0985,26.4573,454,44978,0.798145,0.65,2,1578382,1577928,454
114776021,41.4197,40.4915,455,45025,0.805258,0.65,2,1578427,1577972,455
114778941,24.2839,24.8983,454,45072,0.808103,0.67,2,1578447,1577993,454
114781861,15.2568,13.7797,456,45119,0.797241,0.69,2,1578460,1578004,456
114784781,30.2514,29.9559,456,45166,0.828896,0.69,2,1578494,1578038,456
114787701,7.65027,7.59119,456,45213,0.841559,0.71,2,1578496,1578040,456
114790621,27.9301,27.1182,457,45260,0.858623,0.73,2,1578529,1578072,457
114793541,31.986,31.8236,457,45307,0.853449,0.73,2,1578562,1578105,457
114796461,52.7972,53.5647,456,45354,0.89938,0.73,2,1578620,1578164,456
114995021,32.7101,38.0218,483,48413,0.863052,1,2,1580757,1580274,483
114997941,36.942,27.6044,496,48457,0.831221,1,2,1580795,1580299,496
115000861,32.1884,22.3209,506,48500,0.782488,1,2,1580826,1580320,506
115003781,30.4377,35.6642,497,48543,0.762995,1,2,1580856,1580359,497
115088461,34.1266,29.3511,485,49785,0.790402,0.59,2,1581670,1581185,485
115091381,31.6253,33.0702,482,49827,0.802161,0.57,2,1581701,1581219,482
115094301,28.7251,33.014,477,49869,0.806864,0.55,2,1581729,1581252,477
115097221,28.945,29.8028,477,49911,0.796746,0.55,2,1581758,1581281,477
115100141,25.789,28.3606,474,49953,0.828698,0.59,2,1581783,1581309,474
115103061,17.9578,24.8721,466,49995,0.841479,0.59,2,1581799,1581333,466
115105981,29.9916,19.3744,481,50037,0.834592,0.57,2,1581832,1581351,481
115108901,26.7983,27.8749,477,50079,0.807837,0.63,2,1581858,1581381,477
115111821,20.5597,24.775,472,50121,0.809135,0.69,2,1581877,1581405,472
115114741,23.3119,20.155,477,50163,0.809654,0.57,2,1581901,1581424,477
115117661,40.6624,24.831,496,50205,0.821862,0.63,2,1581946,1581450,496
115120581,34.5325,39.3662,486,50247,0.826745,0.65,2,1581979,1581493,486
115123501,21.3065,33.4732,472,50289,0.840698,0.63,2,1581997,1581525,472
115126421,5.8613,21.0946,456,50331,0.846279,0.73,2,1581999,1581543,456
115129341,22.7723,25.8189,456,50373,0.836512,0.71,2,1582026,1581570,456
115132261,33.3545,33.1638,457,50415,0.832605,0.75,2,1582062,1581605,457
115135181,33.0709,30.6328,460,50457,0.831042,0.83,2,1582095,1581635,460
115138101,37.0142,34.1266,463,50499,0.866417,0.81,2,1582133,1581670,463
115141021,31.4028,31.6253,462,50541,0.880567,0.81,2,1582163,1581701,462
115143941,28.6806,28.7251,462,50583,0.886227,0.79,2,1582191,1581729,462
115146861,30.5361,28.945,464,50625,0.876491,0.85,2,1582222,1581758,464
115149781,26.1072,25.789,464,50667,0.884596,0.85,2,1582247,1581783,464
115152701,18.0214,17.9578,464,50709,0.875838,0.83,2,1582263,1581799,464
115155621,29.2043,29.9916,463,50751,0.896335,0.79,2,1582295,1581832,463
115161461,21.0082,20.5597,462,50834,0.895814,0.81,2,1582339,1581877,462
115164381,23.4016,23.3119,462,50875,0.892325,0.83,2,1582363,1581901,462
115361481,433.034,449.742,515,23360,0.442,0.91,1,1584574,1584059,515
115373161,267.407,309.148,467,24820,0.2068,0.35,1,1584800,1584333,467
115405281,31.3873,18.4412,442,24905,0.0662752,0.07,1,1584950,1584508,442
115408201,31.8775,31.6882,439,24990,0.0445101,0.07,1,1584982,1584543,439
115411121,18.3755,31.1376,423,25075,0.059804,0.01,1,1584997,1584574,423
115414041,47.6751,34.2275,443,25160,0.0419216,0.01,1,1585052,1584609,443
115416961,74.335,33.2455,491,25244,0.0347686,0.01,1,1585133,1584642,491
115419881,61.267,85.0491,451,25328,0.0319075,0.05,1,1585191,1584740,451
115422801,64.2534,65.0098,456,25412,0.030763,0.03,1,1585256,1584800,456
115425721,48.8507,50.602,454,25495,0.0303052,0.11,1,1585301,1584847,454
115428641,65.7701,73.3204,445,25578,0.0421221,0.03,1,1585371,1584926,445
115431561,40.354,33.8641,455,25661,0.0588488,0.03,1,1585405,1584950,455
115434481,19.2708,32.3728,437,25744,0.0535395,0.07,1,1585419,1584982,437
115437401,47.0542,18.4746,476,25826,0.0274158,0.03,1,1585473,1584997,476
115440321,75.8108,47.6949,504,25908,0.0169663,0.03,1,1585556,1585052,504
115443241,61.5622,74.339,481,25990,0.0367865,0.03,1,1585614,1585133,481
115446161,65.9124,61.2678,490,26072,0.0567146,0.03,1,1585681,1585191,490
115449081,48.3825,64.2536,469,26153,0.0646858,0.03,1,1585725,1585256,469
115452001,64.8765,48.8507,493,26234,0.0798743,0.05,1,1585794,1585301,493
115457841,20.0351,40.354,438,26396,0.0979799,0.05,1,1585843,1585405,438
115460761,44.807,19.2708,475,26476,0.045192,0.01,1,1585894,1585419,475
115463681,76.1614,47.0542,505,26556,0.0360768,0.01,1,1585978,1585473,505
115466601,62.4323,75.8108,481,26636,0.0324307,0.05,1,1586037,1585556,481
115469521,66.8865,61.5622,491,26716,0.0669723,0.07,1,1586105,1585614,491
115472441,49.3773,65.9124,469,26795,0.0807889,0.07,1,1586150,1585681,469
115489961,75.409,76.1614,422,27266,0.0758925,0.03,1,1586400,1585978,422
115492881,63.8818,62.4323,424,27344,0.048357,0.09,1,1586461,1586037,424
115495801,68.7764,66.8865,426,27421,0.0973428,0.09,1,1586531,1586105,426
115507481,30.222,30.123,429,27729,0.205772,0.19,1,1586684,1586255,429
115510401,17.2444,17.2246,429,27805,0.244309,0.17,1,1586698,1586269,429
115513321,38.6489,41.0449,426,27881,0.259724,0.01,1,1586742,1586316,426
115519161,63.946,63.8818,423,28033,0.0835558,0.13,1,1586884,1586461,423
115522081,71.9892,68.7764,427,28109,0.0634223,0.15,1,1586958,1586531,427
115525001,50.3978,49.7553,427,28184,0.0673689,0.17,1,1587003,1586576,427
115527921,68.4796,67.5511,428,28259,0.0809476,0.13,1,1587076,1586648,428
115548361,71.907,63.9073,497,28780,0.212338,0.05,1,1587381,1586884,497
115551281,49.5814,71.9815,467,28854,0.234935,0.07,1,1587425,1586958,467
115554201,70.7163,50.3963,498,28927,0.279974,0.09,1,1587501,1587003,498
115583401,16.401,70.7163,439,29651,0.404333,0.33,1,1587940,1587501,439
115635961,50.9905,50.7115,448,30911,0.796367,0.57,2,1588746,1588298,448
115638881,77.3981,75.7423,450,30979,0.828547,0.53,2,1588830,1588380,450
115641801,17.0796,16.7485,450,31047,0.841419,0.63,2,1588832,1588382,450
115644721,37.0159,35.3497,452,31115,0.846568,0.63,2,1588874,1588422,452
115647641,18.6032,19.0699,451,31183,0.824627,0.63,2,1588888,1588437,451
115650561,5.32064,5.41399,451,31251,0.839851,0.59,2,1588890,1588439,451
115653481,41.0641,41.0828,451,31319,0.83394,0.59,2,1588940,1588489,451
115656401,74.6128,8.21656,534,31387,0.879576,0.73,2,1589023,1588489,534
115805321,29.6383,25.8868,504,34656,0.854416,1,2,1591321,1590817,504
115808241,26.7277,21.9774,509,34717,0.851766,1,2,1591347,1590838,509
115811161,49.3455,31.5955,530,34778,0.814707,1,2,1591402,1590872,530
115814081,35.4691,51.1191,506,34839,0.751883,1,2,1591434,1590928,506
115890001,42.8537,41.7862,454,36383,0.759911,0.65,2,1592488,1592034,454
115892921,10.1707,9.95724,454,36441,0.777964,0.67,2,1592490,1592036,454
115895841,61.2341,61.9914,453,36499,0.809186,0.67,2,1592564,1592111,453
115898761,48.2468,48.3983,453,36557,0.845674,0.65,2,1592609,1592156,453
116071041,56.4367,45.3876,493,39823,0.886328,1,2,1594867,1594374,493
116073961,40.8873,38.6775,493,39876,0.852531,1,2,1594904,1594411,493
116076881,34.5775,38.9355,487,39929,0.815012,1,2,1594937,1594450,487
116079801,42.9155,38.1871,494,39982,0.788005,1,2,1594982,1594488,494
116082721,46.9831,34.8374,508,40035,0.813202,1,2,1595030,1594522,508
116085641,35.7966,46.1675,492,40088,0.835281,1,2,1595063,1594571,492
116088561,25.5593,9.2335,515,40141,0.820112,1,2,1595086,1594571,515
116091481,25.9119,29.0467,507,40194,0.790045,0.86,2,1595112,1594605,507
116094401,18.7824,25.8093,499,40247,0.790018,1,2,1595129,1594630,499
116097321,31.7565,24.3619,510,40299,0.826007,1,2,1595164,1594654,510
116100241,36.7513,36.8724,508,40351,0.852403,0.98,2,1595202,1594694,508
116103161,16.1503,30.5745,490,40403,0.874961,0.89,2,1595213,1594723,490
116106081,57.6301,18.9149,542,40455,0.883984,1,2,1595281,1594739,542
116360121,39.7632,49.0805,479,44766,0.894903,1,2,1598278,1597799,479
116363041,45.5526,40.2161,488,44813,0.891961,1,2,1598325,1597837,488
116365961,38.7105,39.2432,486,44860,0.854785,1,2,1598362,1597876,486
116368881,39.7421,47.8486,476,44907,0.851914,1,2,1598402,1597926,476
116371801,31.1484,34.3697,474,44954,0.862765,1,2,1598431,1597957,474
116374721,39.8297,34.8739,481,45001,0.867106,1,2,1598473,1597992,481
116380561,30.3932,29.715,472,45095,0.895937,1,2,1598521,1598049,472
116573281,23.0836,23.4495,493,48082,0.8992,1,2,1600581,1600088,493
116576201,25.4167,13.4899,508,48126,0.84568,1,2,1600607,1600099,508
116630221,403.577,475.58,443,21900,0.280509,0.13,1,1601139,1600696,443
116636061,93.7431,97.7432,456,22817,0.0748814,0.03,1,1601304,1600848,456
116638981,72.3486,73.9486,455,22910,0.0479526,0.07,1,1601371,1600916,455
116641901,55.2697,63.5897,445,23003,0.025181,0.03,1,1601422,1600977,445
116644821,47.0539,54.3179,438,23095,0.0280724,0,1,1601467,1601029,438
116647741,47.0108,61.2636,422,23187,0.029229,0.07,1,1601514,1601092,422
116650661,33.4022,26.6527,434,23278,0.0416916,0.03,1,1601544,1601110,434
116653581,89.0804,28.5305,508,23369,0.0586766,0.05,1,1601647,1601139,508
116656501,81.0161,73.7061,502,23460,0.0414707,0.03,1,1601726,1601224,502
116659421,69.8032,78.7412,489,23550,0.0345883,0.03,1,1601793,1601304,489
116662341,54.7606,69.3482,473,23640,0.0138353,0.01,1,1601844,1601371,473
116665261,48.5521,54.6696,469,23730,0.0355341,0.03,1,1601891,1601422,469
116668181,44.9104,46.9339,468,23819,0.0562137,0.03,1,1601935,1601467,468
116671101,35.3821,46.9868,454,23908,0.0284855,0.05,1,1601968,1601514,454
116674021,8.67642,33.3974,426,23997,0.0413942,0.07,1,1601970,1601544,426
116679861,78.2671,81.0159,423,24173,0.0582231,0.03,1,1602149,1601726,423
116682781,69.2534,69.8032,423,24261,0.0532892,0,1,1602216,1601793,423
116685701,55.4507,54.7606,424,24348,0.0213157,0.05,1,1602268,1601844,424
116688621,47.8901,48.5521,423,24435,0.0265263,0.07,1,1602314,1601891,423
116691541,43.978,44.9104,422,24522,0.0526105,0.01,1,1602357,1601935,422
116694461,36.7956,35.3821,424,24608,0.0270442,0.05,1,1602392,1601968,424
116697381,8.95912,8.67642,424,24694,0.0168177,0.19,1,1602394,1601970,424
116700301,87.3918,83.3353,429,24780,0.0247271,0.01,1,1602501,1602072,429
116703221,73.4784,78.2671,422,24866,0.0398908,0.05,1,1602571,1602149,422
116706141,68.2957,69.2534,422,24951,0.0459563,0,1,1602638,1602216,422
116709061,55.2591,55.4507,422,25036,0.0183825,0.03,1,1602690,1602268,422
116711981,47.8518,47.8901,422,25121,0.013353,0.07,1,1602736,1602314,422
116714901,44.7704,43.978,423,25205,0.0593412,0.01,1,1602780,1602357,423
116717821,36.1541,36.7956,422,25289,0.0537365,0.01,1,1602814,1602392,422
116720741,8.83081,8.95912,422,25373,0.0514946,0.03,1,1602816,1602394,422
116723661,88.1662,87.3918,423,25457,0.0865978,0.03,1,1602924,1602501,423
116729501,68.0066,59.4957,488,25623,0.0582557,0.05,1,1603059,1602571,488
116732421,55.2013,65.4991,473,25706,0.0293023,0,1,1603111,1602638,473
116735341,47.8403,54.6998,467,25788,0.0297209,0.01,1,1603157,1602690,467
116738261,47.9681,47.74,469,25870,0.0418884,0.09,1,1603205,1602736,469
116741181,35.1936,44.748,457,25952,0.0347553,0.05,1,1603237,1602780,457
116744101,8.63872,36.1496,425,26034,0.0319021,0.05,1,1603239,1602814,425
116755781,54.8362,68.0066,474,26358,0.0740167,0.01,1,1603533,1603059,474
116758701,46.9672,55.2013,467,26438,0.0356067,0.03,1,1603578,1603111,467
116761621,47.7934,47.8403,469,26518,0.0682427,0.05,1,1603626,1603157,469
116764541,35.9587,47.9681,454,26598,0.0692971,0.03,1,1603659,1603205,454
116767461,8.79174,35.1936,424,26678,0.0817188,0.03,1,1603661,1603237,424
116770381,95.3583,8.63872,539,26757,0.0986875,0.15,1,1603778,1603239,539
116779141,14.4589,66.1811,429,26994,0.200956,0.03,1,1603910,1603481,429
116782061,38.8918,54.8362,422,27072,0.218382,0.01,1,1603955,1603533,422
116790821,36.3431,35.9587,426,27306,0.0943765,0.09,1,1604085,1603659,426
116793741,8.86863,8.79174,426,27384,0.0917506,0.11,1,1604087,1603661,426
116808341,36.5456,38.8918,429,27768,0.209768,0.15,1,1604384,1603955,429
116811261,42.5091,44.5784,427,27844,0.221907,0.05,1,1604428,1604001,427
116814181,46.9018,49.7157,424,27920,0.226763,0.09,1,1604476,1604052,424
116817101,37.3804,36.3431,426,27996,0.228705,0.09,1,1604511,1604085,426
116820021,9.07607,8.86863,426,28072,0.229482,0.13,1,1604513,1604087,426
116822941,97.0152,96.9737,426,28147,0.289793,0.13,1,1604632,1604206,426
116834621,37.416,2.94556,472,28447,0.412011,0.23,1,1604814,1604342,472
116837541,42.6832,34.1891,474,28521,0.422804,0.23,1,1604858,1604384,474
116840461,46.9366,42.0378,478,28595,0.439122,0.23,1,1604906,1604428,478
116878421,79.7427,101.079,520,29543,0.769971,0.49,2,1605589,1605069,520
116881341,73.5485,78.6159,519,29615,0.805989,0.57,2,1605661,1605142,519
116884261,16.3097,69.3232,454,29686,0.820395,0.59,2,1605663,1605209,454
116887181,40.0619,15.4646,498,29757,0.850158,0.65,2,1605709,1605211,498
116890101,46.4124,39.0929,501,29828,0.874063,0.67,2,1605757,1605256,501
116893021,10.8825,43.8186,458,29899,0.883625,0.73,2,1605759,1605301,458
116895941,40.5765,47.1637,458,29970,0.89945,0.73,2,1605807,1605349,458
117041941,31.6559,28.9813,500,33316,0.891933,1,2,1608165,1607665,500
117044861,37.5312,32.9963,505,33379,0.818773,1,2,1608204,1607699,505
117047781,28.3062,33.7993,497,33442,0.801509,1,2,1608230,1607733,497
117126621,81.2994,66.8525,531,35110,0.779434,0.51,2,1609400,1608869,531
117129541,49.8599,78.9705,491,35170,0.797774,0.61,2,1609442,1608951,491
117132461,29.972,49.3941,474,35230,0.85311,0.55,2,1609467,1608993,474
117135381,26.7944,28.2788,477,35290,0.875244,0.61,2,1609493,1609016,477
117138301,25.3589,26.4558,476,35350,0.872097,0.57,2,1609518,1609042,476
117352921,414.347,447.018,477,17520,0.442,0.92,1,1612417,1611940,477
117358761,84.8939,88.2807,484,17761,0.08392,0.27,1,1612564,1612080,484
117361681,135.379,84.8561,548,17881,0.033568,0.01,1,1612712,1612164,548
117364601,89.4758,147.371,463,18000,0.0314272,0,1,1612790,1612327,463
117367521,41.8952,77.4742,433,18118,0.0185709,0,1,1612820,1612387,433
117370441,26.779,29.0948,439,18235,0.0254284,0.03,1,1612843,1612404,439
117373361,65.3558,77.819,424,18351,0.0761713,0.01,1,1612918,1612494,424
117376281,69.0712,71.5638,424,18467,0.0604685,0,1,1612988,1612564,424
117379201,131.414,132.713,423,18582,0.0421874,0.03,1,1613135,1612712,423
117382121,90.2828,88.9426,425,18696,0.046875,0.01,1,1613215,1612790,425
117385041,39.6566,41.7885,422,18810,0.04875,0.03,1,1613242,1612820,422
117387961,28.7313,26.7577,425,18923,0.0495,0.11,1,1613268,1612843,425
117390881,64.1463,65.3515,423,19035,0.0498,0.05,1,1613341,1612918,423
117393801,68.0293,69.0703,422,19146,0.03792,0.03,1,1613410,1612988,422
117396721,133.606,131.414,425,19257,0.021168,0.05,1,1613560,1613135,425
117399641,89.1212,90.2828,423,19367,0.0264672,0.05,1,1613638,1613215,423
117402561,38.6242,39.6566,422,19477,0.0765869,0.05,1,1613664,1613242,422
117405481,28.5248,28.7313,422,19586,0.0306348,0.05,1,1613690,1613268,422
117408401,63.305,5.74626,494,19694,0.0302539,0.05,1,1613762,1613268,494
117411321,68.661,59.5493,491,19802,0.0301016,0.03,1,1613832,1613341,491
117414241,132.932,67.1099,571,19909,0.0540406,0.01,1,1613981,1613410,571
117417161,91.3864,133.422,502,20016,0.0396162,0.03,1,1614062,1613560,502
117420081,36.6773,89.0844,447,20122,0.0578465,0.11,1,1614085,1613638,447
117423001,28.1355,38.6169,447,20227,0.0531386,0,1,1614111,1613664,447
117425921,64.0271,28.5234,494,20332,0.0392554,0.03,1,1614184,1613690,494
117428841,68.8054,63.3047,492,20436,0.0337022,0.03,1,1614254,1613762,492
117431761,135.361,68.6609,574,20540,0.0554809,0.07,1,1614406,1613832,574
117434681,91.0722,132.932,505,20643,0.0401923,0.03,1,1614486,1613981,505
117437601,37.4144,91.3864,448,20746,0.0340769,0.07,1,1614510,1614062,448
117440521,26.6829,36.6773,449,20848,0.0436308,0.05,1,1614534,1614085,449
117443441,62.9366,28.1355,495,20950,0.0594523,0.03,1,1614606,1614111,495
117446361,68.5873,64.0271,492,21051,0.0417809,0.03,1,1614676,1614184,492
117449281,15.3175,68.8054,424,21152,0.0347124,0.07,1,1614678,1614254,424
117452201,123.863,135.361,423,21252,0.0558849,0.03,1,1614829,1614406,423
117455121,88.7727,91.0722,423,21352,0.064354,0.03,1,1614909,1614486,423
117458041,37.7545,37.4144,424,21451,0.0557416,0.05,1,1614934,1614510,424
117460961,26.7509,26.6829,424,21550,0.0762966,0.07,1,1614958,1614534,424
117463881,63.7502,62.9366,425,21648,0.0965187,0.03,1,1615031,1614606,425
117466801,67.15,68.5873,423,21746,0.0686075,0.03,1,1615099,1614676,423
117469721,15.03,15.3175,423,21844,0.057443,0.07,1,1615101,1614678,423
117472641,125.406,123.863,425,21941,0.0889772,0.07,1,1615254,1614829,425
117475561,87.4812,88.7727,423,22038,0.0655909,0.05,1,1615332,1614909,423
117478481,37.4962,37.7545,423,22134,0.0562363,0.09,1,1615357,1614934,423
117481401,27.4992,26.7509,424,22230,0.0644945,0.11,1,1615382,1614958,424
117484321,65.4998,63.7502,426,22325,0.0917978,0.05,1,1615457,1615031,426
117487241,64.3,67.15,422,22420,0.0907191,0.05,1,1615521,1615099,422
117496001,84.0984,123.001,499,22703,0.074686,0.05,1,1615753,1615254,499
117498921,36.8197,87.0002,446,22796,0.0478744,0.05,1,1615778,1615332,446
117501841,28.1639,37.4,447,22889,0.0491498,0.07,1,1615804,1615357,447
117516441,81.8625,128.492,496,23349,0.228167,0.05,1,1616176,1615680,496
117519361,35.5725,84.0984,447,23440,0.253267,0.03,1,1616200,1615753,447
117522281,28.7145,36.8197,449,23530,0.275307,0.05,1,1616227,1615778,449
117525201,72.1429,28.1639,506,23620,0.272123,0.15,1,1616310,1615804,506
117528121,65.6286,68.0328,492,23710,0.282849,0.15,1,1616374,1615882,492
117531041,14.7257,64.8066,430,23799,0.28714,0.15,1,1616376,1615946,430
117539801,18.1338,81.8625,435,24065,0.415097,0.27,1,1616611,1616176,435
117542721,22.8268,35.5725,435,24153,0.448039,0.29,1,1616635,1616200,435
117571921,76.1159,70.9931,451,25016,0.755917,0.63,2,1617196,1616745,451
117574841,67.2232,66.1986,451,25101,0.800367,0.63,2,1617261,1616810,451
117577761,15.0446,14.8397,451,25185,0.842147,0.65,2,1617263,1616812,451
117580681,139.009,138.168,452,25269,0.834859,0.73,2,1617433,1616981,452
117583601,87.8018,84.4336,456,25353,0.831944,0.73,2,1617508,1617052,456
117586521,19.1604,18.4867,456,25437,0.854777,0.73,2,1617510,1617054,456
117589441,23.0321,3.69734,480,25520,0.839911,0.71,2,1617534,1617054,480
117592361,28.6064,19.9395,486,25603,0.857964,0.75,2,1617564,1617078,486
117595281,78.5213,27.9879,547,25686,0.865186,0.77,2,1617655,1617108,547
117703321,42.3437,70.8766,508,28577,0.894525,1,2,1619659,1619151,508
117717921,29.8465,36.1187,507,28946,0.232254,0.98,1,1619986,1619479,507
117720841,20.3693,28.8237,498,29019,0.206902,0.98,1,1620004,1619506,498
117735441,88.9768,118.069,528,29382,0.21976,0.37,1,1620324,1619796,528
117738361,40.9954,98.8138,463,29454,0.213904,0.31,1,1620353,1619890,463
117741281,37.7991,46.1627,467,29526,0.247562,0.29,1,1620390,1619923,467
117744201,28.3598,37.2325,458,29598,0.261025,0.17,1,1620416,1619958,458
117747121,17.672,29.8465,445,29670,0.29041,0.19,1,1620431,1619986,445
117750041,20.3344,20.3693,448,29741,0.290164,0.11,1,1620452,1620004,448
117752961,56.0669,18.4739,495,29812,0.290066,0.13,1,1620517,1620022,495
117755881,12.8134,58.0948,429,29883,0.290026,0.11,1,1620519,1620090,429
117761721,100.833,100.884,432,30025,0.407604,0.25,1,1620670,1620238,432
117764641,88.9665,88.9768,432,30095,0.445042,0.21,1,1620756,1620324,432
117767561,42.5933,40.9954,434,30165,0.448017,0.27,1,1620787,1620353,434
117770481,38.9187,37.7991,435,30235,0.449207,0.27,1,1620825,1620390,435
117776321,17.0767,17.672,435,30375,0.442673,0.29,1,1620866,1620431,435
117779241,22.6153,20.3344,438,30445,0.447069,0.29,1,1620890,1620452,438
117802601,28.5714,29.3837,443,30997,0.759077,0.43,2,1621295,1620852,443
117805521,17.7143,17.0767,444,31065,0.777631,0.45,2,1621310,1620866,444
117808441,23.5429,22.6153,445,31133,0.773052,0.51,2,1621335,1620890,445
117840561,55.7182,23.5426,521,31874,0.773521,0.73,2,1621856,1621335,521
117843481,12.7436,57.5085,457,31940,0.783408,0.73,2,1621858,1621401,457
117846401,31.3487,13.1017,491,32006,0.823363,0.69,2,1621894,1621403,491
117849321,110.27,30.6203,586,32072,0.851345,0.69,2,1622024,1621438,586
117969041,25.2951,51.3467,505,34674,0.865241,1,2,1623776,1623271,505
117971961,29.059,31.8693,508,34735,0.832096,1,2,1623806,1623298,508
117980721,55.9445,48.063,535,34918,0.408214,1,1,1624027,1623492,535
117986561,35.1978,40.4825,508,35039,0.263314,0.99,1,1624105,1623597,508
117989481,26.2396,35.2965,498,35099,0.267326,0.99,1,1624129,1623631,498
117992401,28.4479,29.4593,499,35159,0.25693,0.99,1,1624158,1623659,499
117995321,25.6896,29.8919,494,35219,0.228772,0.94,1,1624183,1623689,494
117998241,31.5379,28.3784,499,35279,0.229509,0.89,1,1624216,1623717,499
118004081,29.5815,25.2951,493,35399,0.203521,0.81,1,1624269,1623776,493
118007001,92.3163,29.059,571,35459,0.231409,0.61,1,1624377,1623806,571
118009921,47.2633,106.612,481,35519,0.242563,0.51,1,1624413,1623932,481
118012841,47.0527,51.7224,490,35579,0.271025,0.29,1,1624460,1623970,490
118015761,46.2105,55.9445,479,35638,0.28241,0.25,1,1624506,1624027,479
118030361,25.7658,25.6896,433,35933,0.401628,0.23,1,1624616,1624183,433
118033281,30.7532,31.5379,432,35992,0.430651,0.17,1,1624648,1624216,432
118036201,22.9506,23.9076,431,36051,0.43026,0.21,1,1624669,1624238,431
118039121,30.9901,29.5815,433,36110,0.442104,0.25,1,1624702,1624269,433
118044961,47.4796,47.2633,434,36227,0.441537,0.29,1,1624847,1624413,434
118047881,47.0959,47.0527,434,36285,0.446615,0.29,1,1624894,1624460,434
118112121,94.1728,31.6305,565,37546,0.801701,0.69,2,1625709,1625144,565
118115041,47.6346,94.3261,491,37602,0.84268,0.73,2,1625745,1625254,491
118117961,51.1269,47.6652,507,37658,0.883072,0.73,2,1625797,1625290,507
118120881,51.8254,48.733,510,37714,0.887229,0.71,2,1625849,1625339,510
118123801,37.5651,52.9466,490,37770,0.888892,0.73,2,1625883,1625393,490
118126721,9.11301,38.5893,457,37826,0.889557,0.73,2,1625885,1625428,457
118129641,23.4226,9.31786,482,37882,0.889823,0.71,2,1625912,1625430,482
118296081,192.712,183.38,514,18366,0.216339,0.89,1,1628126,1627612,514
118301921,66.5885,85.2552,479,18597,0.0814142,0.63,1,1628302,1627823,479
118304841,53.3177,60.251,475,18711,0.0625657,0.27,1,1628352,1627877,475
118307761,45.0635,73.6502,441,18824,0.0910263,0.17,1,1628395,1627954,441
118313601,111.403,126.466,422,19049,0.0613642,0.07,1,1628548,1628126,422
118316521,126.281,127.693,424,19160,0.0785457,0.05,1,1628678,1628254,424
118319441,63.6561,63.9386,424,19271,0.0974183,0.05,1,1628726,1628302,424
118322361,55.9312,52.7877,428,19381,0.0569673,0.11,1,1628780,1628352,428
118325281,43.1862,44.9575,425,19490,0.0407869,0.17,1,1628820,1628395,425
118328201,28.6372,24.9915,430,19599,0.0463148,0.17,1,1628845,1628415,430
118331121,104.927,4.9983,554,19707,0.0365259,0.01,1,1628969,1628415,554
118334041,126.585,107.4,553,19815,0.0566104,0.09,1,1629101,1628548,553
118336961,64.5171,125.48,472,19922,0.0886442,0.11,1,1629150,1628678,472
118348641,104.436,28.636,547,20344,0.0753733,0.03,1,1629392,1628845,547
118351561,128.087,104.927,557,20448,0.0841493,0.07,1,1629526,1628969,557
118354481,65.6174,126.585,475,20552,0.0996597,0.11,1,1629576,1629101,475
118374921,62.6391,65.6174,427,21264,0.220476,0.19,1,1630003,1629576,427
118377841,58.1278,55.5235,431,21364,0.25019,0.19,1,1630060,1629629,431
118380761,43.6256,43.1047,431,21463,0.274076,0.19,1,1630100,1629669,431
118383681,29.5251,29.4209,431,21562,0.29563,0.15,1,1630126,1629695,431
118424561,29.9014,43.2556,476,22900,0.759327,0.57,2,1631010,1630534,476
118427481,104.38,30.2511,572,22993,0.765731,0.63,2,1631133,1630561,572
118430401,22.4761,102.05,454,23085,0.768292,0.63,2,1631135,1630681,454
118433321,123.695,22.01,601,23177,0.781317,0.75,2,1631284,1630683,601
118436241,65.539,120.402,507,23268,0.810527,0.69,2,1631335,1630828,507
118439161,65.1078,65.6804,520,23359,0.846211,0.71,2,1631400,1630880,520
118442081,47.4216,63.5361,500,23450,0.848484,0.77,2,1631443,1630943,500
118445001,30.2843,45.5072,485,23540,0.873394,0.77,2,1631469,1630984,485
118535521,29.9869,38.9971,504,26186,0.81784,1,2,1633347,1632843,504
118553041,68.7415,56.3586,545,26668,0.0516705,0.99,1,1633753,1633208,545
118555961,34.5483,73.6717,493,26747,0.0386682,0.87,1,1633779,1633286,493
118558881,26.1097,41.9343,483,26826,0.0334673,0.75,1,1633803,1633320,483
118561801,24.4219,29.9869,480,26905,0.0433869,0.61,1,1633827,1633347,480
118564721,6.48439,29.1974,453,26984,0.0473548,0.33,1,1633829,1633376,453
118567641,73.2969,95.4395,431,27062,0.0849419,0.31,1,1633919,1633488,431
118596841,42.8166,40.2594,428,27835,0.204228,0.09,1,1634379,1633951,428
118599761,86.9633,91.2519,422,27911,0.255691,0.13,1,1634477,1634055,422
118602681,62.9927,60.6504,426,27987,0.276277,0.15,1,1634534,1634108,426
118605601,68.5985,65.7301,429,28063,0.272511,0.15,1,1634604,1634175,429
118608521,32.9197,33.946,427,28138,0.247004,0.09,1,1634628,1634201,427
118611441,27.3839,28.3892,426,28213,0.260802,0.15,1,1634654,1634228,426
118614361,24.6768,24.0778,427,28288,0.242321,0.15,1,1634678,1634251,427
118617281,6.53536,6.41557,427,28363,0.234928,0.15,1,1634680,1634253,427
118628961,64.0041,86.9223,490,28660,0.423374,0.29,1,1634967,1634477,490
118631881,68.0008,62.9845,502,28734,0.42735,0.27,1,1635036,1634534,502
118696121,25.1199,25.0825,452,30312,0.780803,0.61,2,1636009,1635557,452
118699041,6.62399,6.61651,452,30382,0.798321,0.59,2,1636011,1635559,452
118701961,80.5248,81.3233,451,30452,0.829328,0.65,2,1636110,1635659,451
118704881,48.905,46.6647,454,30521,0.865731,0.65,2,1636151,1635697,454
118707801,11.381,10.9329,454,30590,0.880293,0.67,2,1636153,1635699,454
118710721,84.6762,83.7866,455,30659,0.898117,0.71,2,1636256,1635801,455
118970601,34.0955,36.9832,487,36289,0.898,1,2,1640197,1639710,487
118982281,30.4162,28.9424,502,36521,0.864669,1,2,1640333,1639831,502
118985201,36.4832,24.9885,516,36579,0.783868,1,2,1640371,1639855,516
119005641,31.3047,34.0955,473,36981,0.0415144,1,1,1640670,1640197,473
119008561,35.8609,38.0191,471,37038,0.0706058,0.98,1,1640707,1640236,471
119011481,32.7722,36.4038,467,37095,0.0582423,0.93,1,1640739,1640272,467
119014401,27.3544,32.0808,462,37152,0.0412969,0.93,1,1640765,1640303,462
119017321,27.0709,6.41615,489,37209,0.0345188,0.81,1,1640792,1640303,489
119020241,33.4142,25.2832,494,37266,0.0438075,0.73,1,1640827,1640333,494
119023161,25.8828,35.4566,480,37323,0.083523,0.69,1,1640851,1640371,480
119026081,21.1766,31.8913,469,37380,0.0874092,0.55,1,1640871,1640402,469
119046521,31.2979,35.8609,453,37773,0.0968786,0.05,1,1641160,1640707,453
119052361,27.0119,27.3544,448,37885,0.0719006,0.03,1,1641213,1640765,448
119055281,35.0024,27.0709,458,37941,0.0707602,0.05,1,1641250,1640792,458
119058201,27.8005,33.4142,449,37997,0.0823041,0.11,1,1641276,1640827,449
119061121,21.5601,25.8828,445,38053,0.0989216,0.09,1,1641296,1640851,445
119072801,31.5801,65.1614,451,38274,0.0977164,0.11,1,1641489,1641038,451
119099081,21.4785,21.5601,428,38769,0.224723,0.11,1,1641724,1641296,428
119102001,50.6957,51.512,427,38823,0.227889,0.11,1,1641782,1641355,427
119104921,41.3391,41.5024,427,38877,0.265156,0.11,1,1641821,1641394,427
119107841,65.8678,65.9005,427,38931,0.292062,0.09,1,1641893,1641466,427
119113681,33.3547,31.916,428,39039,0.28313,0.15,1,1641949,1641521,428
119134121,26.5547,23.3926,433,39417,0.423377,0.25,1,1642136,1641703,433
119221721,71.5971,44.2257,526,40995,0.771982,0.63,2,1643228,1642702,526
119224641,31.9194,68.0451,474,41046,0.782793,0.63,2,1643250,1642776,474
119227561,34.3839,31.209,487,41097,0.799117,0.63,2,1643285,1642798,487
119230481,35.6768,33.4418,489,41148,0.805647,0.65,2,1643321,1642832,489
119233401,35.9354,35.4884,489,41199,0.808259,0.65,2,1643357,1642868,489
119236321,26.3871,35.8977,477,41250,0.833304,0.67,2,1643381,1642904,477
119239241,24.4774,24.7795,479,41301,0.843321,0.71,2,1643405,1642926,479
119242161,39.2955,22.5559,500,41352,0.859329,0.75,2,1643448,1642948,500
119245081,9.4591,37.3112,461,41403,0.865731,0.75,2,1643450,1642989,461
119248001,27.4918,9.06224,491,41454,0.868293,0.75,2,1643482,1642991,491
119250921,21.4984,28.2124,478,41505,0.881317,0.75,2,1643502,1643024,478
119253841,5.89967,21.6425,460,41556,0.886527,0.73,2,1643504,1643044,460
119394001,31.1754,31.4706,513,43927,0.874653,1,2,1645205,1644692,513
119396921,31.8351,35.0941,509,43975,0.871861,1,2,1645237,1644728,509
119399841,36.767,32.6188,515,44023,0.846744,1,2,1645275,1644760,515
119402761,32.1534,36.1238,509,44071,0.776698,1,2,1645306,1644797,509
119405681,32.8307,29.6248,514,44119,0.772679,1,2,1645339,1644825,514
119434881,33.6544,35.8771,465,44596,0.437813,0.85,1,1645640,1645175,465
119437801,28.3309,31.1754,462,44643,0.445125,0.87,1,1645667,1645205,462
119537081,31.2372,33.7426,488,46223,0.761952,0.75,2,1646701,1646213,488
119540001,28.6474,32.3485,484,46269,0.802781,0.73,2,1646729,1646245,484
119542921,23.3295,28.0697,479,46315,0.819112,0.73,2,1646751,1646272,479
119545841,20.6659,23.2139,477,46361,0.837645,0.73,2,1646771,1646294,477
119548761,23.3332,20.6428,481,46406,0.857058,0.71,2,1646795,1646314,481
119551681,31.8666,24.1286,490,46451,0.864823,0.71,2,1646829,1646339,490
119554601,27.1733,32.0257,482,46496,0.879929,0.71,2,1646855,1646373,482
119848061,56.5197,64.0515,448,24164,0.75429,0.57,2,1650167,1649719,448
119850981,75.3039,74.4103,451,24252,0.811716,0.59,2,1650247,1649796,451
119853901,82.2608,82.0821,451,24339,0.834686,0.65,2,1650331,1649880,451
119856821,78.0522,75.6164,454,24426,0.807875,0.65,2,1650408,1649954,454
119859741,62.8104,60.7233,456,24513,0.79715,0.71,2,1650467,1650011,456
119862661,36.5621,36.9447,455,24599,0.79286,0.69,2,1650497,1650042,455
119865581,29.7124,28.9889,456,24685,0.791144,0.71,2,1650525,1650069,456
119868501,33.9425,34.5978,455,24771,0.778458,0.79,2,1650560,1650105,455
119871421,59.5885,56.5196,459,24857,0.809383,0.85,2,1650626,1650167,459
119874341,78.3177,75.3039,462,24942,0.893753,0.85,2,1650709,1650247,462
119970701,88.4091,72.3583,500,27606,0.886,1,2,1652610,1652110,500
119973621,45.6818,40.8717,502,27683,0.7924,1,2,1652645,1652143,502
119988221,37.1807,39.1324,488,28064,0.286946,1,1,1652917,1652429,488
119991141,30.6361,30.2265,489,28139,0.264778,1,1,1652946,1652457,489
119994061,42.1272,50.0453,479,28214,0.219911,0.81,1,1652991,1652512,479
119999901,40.4051,45.6818,460,28364,0.0891858,0.73,1,1653105,1652645,460
120002821,63.281,9.13636,529,28439,0.0656743,0.65,1,1653174,1652645,529
120008661,62.0512,50.1255,518,28587,0.0837079,0.41,1,1653286,1652768,518
120014501,35.9221,41.845,470,28735,0.0985933,0.23,1,1653351,1652881,470
120023261,72.2874,42.1268,510,28955,0.20623,0.15,1,1653501,1652991,510
120026181,35.2575,74.0253,454,29028,0.220492,0.03,1,1653527,1653073,454
120029101,63.0515,40.4051,492,29101,0.202197,0.05,1,1653597,1653105,492
120032021,52.6103,63.281,473,29174,0.254879,0.13,1,1653647,1653174,473
120034941,62.5221,50.2562,491,29247,0.299951,0.07,1,1653712,1653221,491
120049541,72.5512,41.4369,512,29607,0.417283,0.23,1,1653933,1653421,512
120052461,35.3102,72.2874,458,29678,0.436913,0.23,1,1653959,1653501,458
120113781,64.7322,65.59,446,31140,0.755353,0.55,2,1654922,1654476,446
120116701,57.7464,57.118,447,31208,0.764141,0.55,2,1654978,1654531,447
120119621,13.1493,13.0236,447,31276,0.767656,0.55,2,1654980,1654533,447
120122541,55.4299,2.60472,513,31344,0.781063,0.57,2,1655046,1654533,513
120125461,38.286,52.5209,482,31412,0.798425,0.57,2,1655080,1654598,482
120128381,38.0572,36.9042,487,31479,0.81737,0.65,2,1655118,1654631,487
120131301,30.0114,36.1808,479,31546,0.824948,0.65,2,1655146,1654667,479
120134221,45.2023,29.6362,500,31613,0.851979,0.69,2,1655195,1654695,500
120294821,40.4076,30.8728,524,35104,0.892789,1,2,1657634,1657110,524
120297741,72.0815,58.9746,538,35164,0.819116,1,2,1657714,1657176,538
120300661,44.8163,55.7949,521,35224,0.753646,1,2,1657752,1657231,521
120370741,43.4268,40.9879,455,36638,0.781412,0.67,2,1658658,1658203,455
120373661,71.8854,72.9976,453,36696,0.810565,0.67,2,1658737,1658284,453
120376581,44.7771,44.9995,453,36754,0.798226,0.71,2,1658775,1658322,453
120379501,37.7554,36.1999,455,36811,0.79329,0.67,2,1658811,1658356,455
120382421,26.7511,26.44,455,36868,0.791316,0.67,2,1658835,1658380,455
120385341,25.3502,24.488,456,36925,0.826526,0.69,2,1658860,1658404,456
120388261,32.27,32.0976,456,36982,0.840611,0.71,2,1658894,1658438,456
120391181,40.054,40.8195,455,37039,0.894244,0.71,2,1658936,1658481,455
120762021,34.742,39.3885,509,43688,0.870369,1,2,1663569,1663060,509
120764941,31.7484,31.8777,510,43736,0.870148,0.91,2,1663600,1663090,510
120767861,31.1497,27.9755,514,43784,0.822059,1,2,1663631,1663117,514
120770781,35.0299,26.3951,524,43832,0.838824,1,2,1663667,1663143,524
120773701,27.806,30.879,518,43880,0.785529,1,2,1663693,1663175,518
120776621,35.1612,34.1758,520,43928,0.800212,1,2,1663730,1663210,520
120779541,35.8322,39.6352,515,43976,0.794085,1,2,1663766,1663251,515
120782461,32.7664,38.327,509,44024,0.803634,1,2,1663798,1663289,509
120785381,23.3533,34.0654,497,44072,0.819454,0.99,2,1663819,1663322,497
120788301,20.6707,24.4131,495,44120,0.861781,0.96,2,1663839,1663344,495
120791221,26.5341,20.8826,503,44168,0.854713,1,2,1663867,1663364,503
120794141,32.5068,25.7765,510,44216,0.851885,1,2,1663901,1663391,510
120797061,56.9014,38.7553,531,44264,0.886754,0.89,2,1663964,1663433,531
120799981,40.1803,60.5511,501,44312,0.888702,0.93,2,1664000,1663499,501
121005841,104.178,87.6553,514,22093,0.24808,0.63,1,1666302,1665788,514
121008761,72.8356,99.9311,476,22189,0.213232,0.47,1,1666367,1665891,476
121014601,68.0334,53.2772,487,22380,0.241717,0.33,1,1666506,1666019,487
121017521,38.4067,69.8554,444,22475,0.246687,0.39,1,1666537,1666093,444
121020441,20.4813,29.9711,440,22569,0.272675,0.33,1,1666553,1666113,440
121023361,73.6963,18.7942,511,22663,0.28307,0.21,1,1666640,1666129,511
121032121,72.6856,69.7184,502,22943,0.417236,0.19,1,1666869,1666367,502
121035041,69.7371,71.5437,499,23035,0.448895,0.27,1,1666938,1666439,499
121070081,80.2951,92.1884,450,24117,0.767869,0.57,2,1667623,1667173,450
121073001,68.059,68.8377,452,24205,0.805148,0.63,2,1667688,1667236,452
121075921,76.0118,75.3675,453,24293,0.880059,0.61,2,1667766,1667313,453
121370841,43.6924,61.1221,510,31914,0.87016,1,2,1673120,1672610,510
121373761,44.7385,44.2244,515,31980,0.876064,1,2,1673165,1672650,515
121376681,38.5477,44.8449,507,32046,0.848426,1,2,1673202,1672695,507
121394201,47.832,49.5553,521,32440,0.0873158,0.96,1,1673500,1672979,521
121397121,46.3664,44.3111,524,32505,0.0529263,1,1,1673546,1673022,524
121400041,46.8733,54.4622,514,32570,0.0511705,0.79,1,1673593,1673079,514
121402961,35.7747,43.6924,506,32635,0.0264682,0.88,1,1673626,1673120,506
121405881,31.1549,44.7385,491,32700,0.0645873,0.83,1,1673656,1673165,491
121408801,43.831,38.5477,501,32765,0.0438349,0.61,1,1673703,1673202,501
121411721,10.3662,50.9095,449,32830,0.035534,0.53,1,1673705,1673256,449
121414641,23.6732,34.9819,445,32894,0.0802136,0.43,1,1673732,1673287,445
121426321,46.4635,47.832,422,33150,0.0795735,0.03,1,1673922,1673500,422
121429241,46.8927,46.3664,423,33214,0.0498294,0.05,1,1673969,1673546,423
121432161,47.7785,46.8733,424,33278,0.0499317,0.01,1,1674017,1673593,424
121435081,36.7557,35.7747,425,33342,0.0379727,0.09,1,1674051,1673626,425
121438001,32.1511,31.1549,426,33405,0.0691891,0.03,1,1674082,1673656,426
121443841,10.246,10.3662,425,33531,0.0962703,0.11,1,1674130,1673705,425
121446761,24.4492,23.6732,426,33594,0.0805081,0.15,1,1674158,1673732,426
121449681,33.6898,31.9346,428,33657,0.0862032,0.21,1,1674194,1673766,428
121484721,62.9595,33.362,495,34404,0.226389,0.15,1,1674689,1674194,495
121487641,44.5919,60.2724,468,34465,0.264556,0.15,1,1674729,1674261,468
121490561,39.3184,45.6545,464,34526,0.279822,0.13,1,1674767,1674303,464
121513921,35.6094,25.9875,466,35013,0.401552,0.17,1,1675048,1674582,466
121516841,67.1219,34.7975,504,35073,0.442621,0.27,1,1675123,1674619,504
121519761,46.2244,62.9595,475,35133,0.447048,0.29,1,1675164,1674689,475
121522681,39.6449,44.5919,473,35193,0.448819,0.29,1,1675202,1674729,473
121525601,49.529,39.3184,487,35253,0.449528,0.37,1,1675254,1674767,487
121578161,26.9423,26.0793,447,36317,0.759228,0.49,2,1675897,1675450,447
121581081,35.7885,36.4159,446,36375,0.765691,0.49,2,1675935,1675489,446
121584001,8.75769,8.88317,446,36433,0.768277,0.61,2,1675937,1675491,446
121586921,67.3515,63.3766,451,36491,0.757311,0.63,2,1676019,1675568,451
121589841,46.2703,44.6753,452,36549,0.788924,0.61,2,1676060,1675608,452
121592761,39.6541,39.3351,452,36607,0.82557,0.63,2,1676098,1675646,452
121595681,51.1308,49.467,454,36665,0.840228,0.71,2,1676152,1675698,454
121598601,51.8262,50.6934,455,36723,0.822091,0.67,2,1676204,1675749,455
121601521,39.1652,38.9387,455,36781,0.838836,0.73,2,1676240,1675785,455
121604441,32.633,31.7877,456,36838,0.845535,0.75,2,1676271,1675815,456
121607361,46.5266,45.5575,457,36895,0.860214,0.75,2,1676321,1675864,457
121610281,10.9053,10.7115,457,36952,0.866086,0.77,2,1676323,1675866,457
121613201,27.7811,26.9423,458,37009,0.892434,0.77,2,1676355,1675897,458
121619041,8.79124,8.75769,458,37123,0.899989,0.75,2,1676395,1675937,458
121794241,28.1492,32.2795,504,40395,0.889642,1,2,1678726,1678222,504
121797161,34.4298,36.8559,502,40447,0.853857,1,2,1678762,1678260,502
121800081,38.886,33.7712,509,40499,0.839543,1,2,1678802,1678293,509
121803001,15.7772,29.9542,490,40551,0.845817,0.97,2,1678812,1678322,490
121805921,41.5554,15.5908,526,40603,0.836327,1,2,1678860,1678334,526
121808841,47.5111,49.5182,517,40655,0.844531,0.94,2,1678909,1678392,517
121811761,36.7022,45.9036,506,40707,0.871812,1,2,1678943,1678437,506
121814681,32.9404,38.7807,501,40759,0.858725,1,2,1678975,1678474,501
121817601,35.3881,35.7561,502,40811,0.80549,1,2,1679011,1678509,502
121820521,43.8776,34.3512,514,40863,0.868196,0.92,2,1679057,1678543,514
121823441,38.3755,41.2702,508,40915,0.869278,0.94,2,1679094,1678586,508
121826361,41.2751,38.654,512,40967,0.869711,1,2,1679136,1678624,512
121829281,29.855,43.7308,494,41019,0.881885,0.93,2,1679163,1678669,494
121832201,25.171,32.7462,488,41070,0.886754,0.85,2,1679187,1678699,488
121835121,35.4342,28.1492,499,41121,0.888702,0.83,2,1679225,1678726,499
122055581,71.1545,91.2927,454,20852,0.07336,0.01,1,1681965,1681511,454
122058501,66.2309,64.6585,461,20954,0.035344,0.05,1,1682030,1681569,461
122061421,35.6462,54.5317,437,21055,0.0141376,0.07,1,1682058,1681621,437
122064341,30.3292,32.5063,439,21156,0.00565504,0.05,1,1682087,1681648,439
122067261,77.2659,89.7013,424,21256,0.068262,0.05,1,1682176,1681752,424
122070181,77.0532,77.9403,426,21356,0.0573048,0.11,1,1682253,1681827,426
122073101,71.4106,69.1881,429,21455,0.0889219,0.05,1,1682323,1681894,429
122078941,63.8164,66.1275,422,21652,0.0754275,0,1,1682452,1682030,422
122081861,35.9633,35.6255,423,21750,0.048171,0,1,1682481,1682058,423
122084781,31.9927,30.3251,425,21848,0.0372684,0.11,1,1682512,1682087,425
122087701,79.1985,77.265,427,21945,0.0569074,0.05,1,1682603,1682176,427
122090621,75.8397,77.053,425,22042,0.088763,0.11,1,1682678,1682253,425
122099381,59.2307,63.8164,422,22329,0.0990408,0.03,1,1682874,1682452,422
122102301,35.8461,35.9633,423,22424,0.0456163,0.03,1,1682904,1682481,423
122105221,31.9692,31.9927,423,22519,0.0242465,0.03,1,1682935,1682512,423
122108141,79.9938,6.39853,515,22613,0.0396986,0.07,1,1683027,1682512,515
122134421,75.7733,76.7988,501,23443,0.229342,0.15,1,1683604,1683103,501
122137341,71.9546,73.7598,499,23533,0.277737,0.21,1,1683675,1683176,499
122140261,55.9909,69.152,483,23623,0.297095,0.21,1,1683727,1683244,483
122154861,17.865,78.8663,433,24068,0.417964,0.25,1,1683962,1683529,433
122157781,65.173,75.7733,435,24156,0.449186,0.31,1,1684039,1683604,435
122195741,86.3505,84.3831,452,25272,0.770833,0.65,2,1684771,1684319,452
122198661,86.0701,84.0766,454,25356,0.794333,0.65,2,1684857,1684403,454
122201581,18.814,18.4153,454,25440,0.803733,0.65,2,1684859,1684405,454
122204501,65.3628,3.68306,531,25523,0.771493,0.67,2,1684936,1684405,531
122207421,74.6726,62.3366,531,25606,0.806597,0.73,2,1685013,1684482,531
122210341,58.1345,72.4673,510,25689,0.832639,0.75,2,1685067,1684557,510
122213261,35.6269,57.6935,486,25771,0.843056,0.73,2,1685097,1684611,486
122216181,31.1254,34.7387,487,25853,0.871222,0.75,2,1685127,1684640,487
122219101,87.8251,31.7477,558,25935,0.894489,0.79,2,1685229,1684671,558
122306701,85.7717,74.817,500,28282,0.85,1,2,1686922,1686422,500
122309621,43.5543,39.7634,502,28357,0.754,1,2,1686955,1686453,502
122327141,35.3587,85.4528,501,28802,0.0694685,1,1,1687244,1686743,501
122330061,48.6717,36.2906,529,28876,0.0457874,1,1,1687296,1686767,529
122332981,75.3343,56.8581,549,28949,0.024315,0.75,1,1687378,1686829,549
122335901,35.8669,85.7716,482,29022,0.039726,0.69,1,1687404,1686922,482
122338821,31.9734,43.5543,480,29095,0.0458904,0.59,1,1687435,1686955,480
122341741,14.3947,35.9109,456,29168,0.0363562,0.47,1,1687445,1686989,456
122344661,29.2789,19.1822,474,29241,0.0445425,0.39,1,1687478,1687004,474
122347581,77.8558,27.8364,534,29313,0.047817,0.21,1,1687568,1687034,534
122350501,75.5712,87.9673,506,29385,0.0191268,0.01,1,1687643,1687137,506
122353421,33.5142,84.7935,445,29457,0.0256507,0.03,1,1687666,1687221,445
122356341,47.5028,35.3587,473,29529,0.0162603,0.03,1,1687717,1687244,473
122359261,76.7006,48.6717,505,29601,0.0125041,0.01,1,1687801,1687296,505
122362181,35.3401,75.3343,448,29673,0.0230016,0.05,1,1687826,1687378,448
122365101,31.868,35.8669,453,29744,0.0272007,0.05,1,1687857,1687404,453
122368021,13.5736,31.9734,431,29815,0.0288803,0.03,1,1687866,1687435,431
122370941,4.31472,14.3947,423,29886,0.0535521,0.05,1,1687868,1687445,423
122373861,31.2629,29.2789,428,29957,0.0274208,0.05,1,1687906,1687478,428
122376781,75.0526,77.8558,424,30028,0.0169683,0,1,1687992,1687568,424
122379701,75.8105,75.5712,425,30098,0.0247873,0.03,1,1688068,1687643,425
122382621,31.9621,33.5142,423,30168,0.0279149,0.01,1,1688089,1687666,423
122385541,47.9924,47.5028,424,30238,0.017166,0.01,1,1688141,1687717,424
122388461,76.7985,76.7006,424,30308,0.0848664,0.03,1,1688225,1687801,424
122391381,34.5597,35.3401,423,30378,0.0879466,0.03,1,1688249,1687826,423
122394301,32.5119,31.868,424,30448,0.0771786,0.03,1,1688281,1687857,424
122397221,12.9024,13.5736,423,30518,0.0728715,0.07,1,1688289,1687866,423
122400141,4.18048,4.31472,423,30587,0.0711486,0.01,1,1688291,1687868,423
122403061,31.2361,31.2629,423,30656,0.0704594,0.01,1,1688329,1687906,423
122405981,75.0472,75.0526,423,30725,0.0461838,0.03,1,1688415,1687992,423
122408901,75.0094,75.8105,422,30794,0.0724735,0.03,1,1688490,1688068,422
122411821,31.8019,31.9621,422,30863,0.0829894,0.01,1,1688511,1688089,422
122414741,47.9604,47.9924,422,30932,0.0331958,0.13,1,1688563,1688141,422
122417661,79.9921,76.7985,426,31000,0.0552783,0.09,1,1688651,1688225,426
122420581,35.9984,34.5597,427,31068,0.0881113,0.07,1,1688676,1688249,427
122429341,4.12799,4.18048,425,31272,0.0845991,0.07,1,1688716,1688291,425
122432261,29.6256,31.2361,423,31340,0.0998397,0.07,1,1688752,1688329,423
122435181,73.1251,6.24722,507,31408,0.0939359,0.03,1,1688836,1688329,507
122438101,77.025,70.0494,499,31475,0.0915743,0.09,1,1688914,1688415,499
122446861,83.1122,47.9204,513,31676,0.0795408,0.07,1,1689076,1688563,513
122449781,35.8224,79.9841,449,31743,0.0498163,0.11,1,1689100,1688651,449
122452701,31.1645,35.9968,454,31810,0.0499265,0.11,1,1689130,1688676,454
122455621,12.6329,31.1994,432,31877,0.0499706,0.11,1,1689138,1688706,432
122458541,4.12658,12.6399,426,31943,0.0499882,0.07,1,1689140,1688714,426
122461461,29.6253,4.12797,460,32009,0.0619953,0.11,1,1689176,1688716,460
122470221,30.957,77.025,446,32207,0.221648,0.13,1,1689360,1688914,446
122473141,46.9914,29.805,479,32273,0.238659,0.13,1,1689411,1688932,479
122476061,78.9983,47.561,514,32339,0.233464,0.05,1,1689498,1688984,514
122478981,35.7997,83.1122,447,32404,0.243385,0.03,1,1689523,1689076,447
122481901,31.1599,35.8224,453,32469,0.247354,0.05,1,1689553,1689100,453
122484821,12.632,31.1645,431,32534,0.248942,0.05,1,1689561,1689130,431
122487741,4.1264,12.6329,425,32599,0.249577,0.05,1,1689563,1689138,425
122490661,31.2253,4.12658,461,32664,0.285831,0.07,1,1689601,1689140,461
122499421,69.0178,78.785,433,32858,0.412613,0.25,1,1689774,1689341,433
122502341,30.6036,30.957,435,32922,0.447045,0.25,1,1689795,1689360,435
122543221,38.8741,37.0448,449,33811,0.771668,0.55,2,1690406,1689957,449
122546141,32.5748,31.409,450,33874,0.782667,0.55,2,1690437,1689987,450
122549061,12.915,12.6818,450,33936,0.787067,0.57,2,1690445,1689995,450
122551981,4.18299,4.13636,450,33998,0.764827,0.59,2,1690447,1689997,450
122554901,35.2366,33.6273,452,34060,0.779931,0.65,2,1690490,1690038,452
122557821,83.8473,80.3255,456,34122,0.797972,0.65,2,1690586,1690130,456
122560741,18.3695,17.6651,456,34184,0.781189,0.71,2,1690588,1690132,456
122563661,71.6739,72.333,455,34246,0.810476,0.71,2,1690673,1690218,455
122566581,30.3348,14.4666,475,34308,0.79819,0.71,2,1690693,1690218,475
122569501,50.067,19.6933,509,34370,0.805276,0.71,2,1690748,1690239,509
122572421,78.8134,45.5387,543,34432,0.86811,0.77,2,1690834,1690291,543
122575341,39.7627,77.9077,487,34493,0.893244,0.79,2,1690864,1690377,487
122578261,32.7525,38.7815,489,34554,0.891298,0.79,2,1690895,1690406,489
122581181,12.9505,32.5563,466,34615,0.890519,0.79,2,1690903,1690437,466
122584101,4.1901,12.9113,460,34676,0.890208,0.75,2,1690905,1690445,460
122589941,84.6476,35.2365,555,34798,0.894833,0.81,2,1691045,1690490,555
122592861,18.5295,83.8473,461,34859,0.891933,0.77,2,1691047,1690586,461
122700901,37.5472,31.0137,506,37037,0.86152,1,2,1692611,1692105,506
122703821,35.5094,28.6027,513,37094,0.782608,1,2,1692646,1692133,513
122706741,25.5019,30.5205,505,37151,0.751043,1,2,1692669,1692164,505
122730101,35.9465,69.4004,502,37604,0.285975,0.97,1,1692973,1692471,502
122733021,67.9893,42.6801,542,37660,0.22839,0.91,1,1693049,1692507,542
122750541,44.5169,35.7401,496,37996,0.0840811,0.43,1,1693250,1692754,496
122753461,32.9034,48.748,474,38052,0.0756324,0.47,1,1693280,1692806,474
122756381,29.7807,30.5496,477,38108,0.084253,0.53,1,1693309,1692832,477
122759301,19.5561,29.3099,465,38163,0.0997012,0.55,1,1693326,1692861,465
122768061,62.9084,35.9465,506,38328,0.0853409,0.19,1,1693479,1692973,506
122770981,32.5817,67.9893,455,38383,0.0641363,0.15,1,1693504,1693049,455
122785581,7.66611,30.5843,427,38658,0.202209,0.07,1,1693629,1693202,427
122788501,39.9332,44.5169,427,38713,0.242884,0.07,1,1693677,1693250,427
122791421,32.7866,32.9034,428,38768,0.247153,0.09,1,1693708,1693280,428
122794341,29.7573,29.7807,428,38822,0.248861,0.11,1,1693737,1693309,428
122797261,19.5515,19.5561,428,38876,0.273545,0.11,1,1693754,1693326,428
122800181,43.9103,44.7112,427,38930,0.271418,0.11,1,1693804,1693377,427
122803101,32.7821,34.5422,425,38984,0.294567,0.07,1,1693834,1693409,425
122835221,18.9504,19.5515,434,39577,0.424421,0.27,1,1694188,1693754,434
122838141,44.5901,43.9103,435,39630,0.439769,0.31,1,1694239,1693804,435
122908221,32.6725,34.3986,480,40890,0.784793,0.57,2,1695062,1694582,480
122911141,20.1345,31.6797,466,40942,0.811917,0.57,2,1695079,1694613,466
122914061,47.2269,19.1359,504,40994,0.822767,0.61,2,1695133,1694629,504
122916981,37.4454,46.2272,486,41045,0.839107,0.65,2,1695168,1694682,486
122919901,65.8891,35.6454,526,41096,0.857643,0.67,2,1695241,1694715,526
122922821,33.9778,64.7291,480,41147,0.865057,0.67,2,1695267,1694787,480
122925741,34.7956,33.7458,489,41198,0.856023,0.71,2,1695302,1694813,489
122928661,19.7591,34.7492,470,41249,0.852409,0.67,2,1695318,1694848,470
122931581,45.5518,19.7498,506,41300,0.862964,0.67,2,1695370,1694864,506
122934501,34.7104,45.55,486,41351,0.891185,0.71,2,1695402,1694916,486
123103861,32.8643,32.7647,511,44214,0.87568,1,2,1697364,1696853,511
123115541,25.3326,24.718,519,44406,0.852289,1,2,1697478,1696959,519
123118461,17.8665,27.3436,507,44454,0.826916,1,2,1697494,1696987,507
123121381,23.5733,26.2687,506,44501,0.780766,1,2,1697519,1697013,506
123144741,25.5852,36.3214,471,44877,0.754325,0.84,2,1697803,1697332,471
123147661,27.517,32.8643,467,44924,0.76373,0.93,2,1697831,1697364,467
123150581,32.7034,30.5729,471,44971,0.767492,0.91,2,1697865,1697394,471
123153501,24.1407,25.3146,469,45018,0.792997,0.92,2,1697887,1697418,469
123156421,31.2281,34.6629,465,45065,0.803199,0.81,2,1697920,1697455,465
123159341,23.8456,25.3326,464,45112,0.80728,0.81,2,1697942,1697478,464
123162261,17.5691,17.8665,464,45159,0.808912,0.75,2,1697958,1697494,464
123165181,21.1138,23.5733,461,45206,0.809565,0.67,2,1697980,1697519,461
123168101,33.0228,35.1147,459,45253,0.821826,0.69,2,1698016,1697557,459
123171021,46.6046,48.6229,457,45300,0.86273,0.65,2,1698066,1697609,457
123173941,36.5209,37.7246,456,45347,0.867092,0.71,2,1698100,1697644,456
123410461,22.8424,32.1036,510,48967,0.878754,0.98,2,1700604,1700094,510
123413381,35.7685,24.8207,526,49010,0.825502,1,2,1700643,1700117,526
123416301,33.5537,36.1641,520,49053,0.816201,1,2,1700676,1700156,520
123419221,27.5107,34.4328,512,49096,0.86048,1,2,1700702,1700190,512
123422141,31.1021,27.6866,518,49139,0.878192,1,2,1700734,1700216,518
123425061,35.0204,37.5373,514,49182,0.861277,1,2,1700770,1700256,514
123427981,31.8041,37.9075,507,49225,0.890511,1,2,1700801,1700294,507
123430901,22.3608,30.7815,498,49268,0.890204,0.94,2,1700821,1700323,498
123795901,33.9994,33.8221,497,54351,0.835581,1,2,1704356,1703859,497
123798821,28.3999,31.5644,493,54390,0.772232,1,2,1704383,1703890,493
123801741,14.48,23.9129,482,54429,0.782893,1,2,1704394,1703912,482
123883501,16.1696,9.1021,465,55499,0.761036,0.57,2,1705075,1704610,465
123886421,33.6339,17.8204,483,55537,0.778414,0.57,2,1705113,1704630,483
123889341,30.7268,30.7641,479,55575,0.785366,0.53,2,1705143,1704664,479
123892261,30.1454,31.7528,477,55613,0.788146,0.55,2,1705173,1704696,477
123895181,27.6291,29.5506,475,55651,0.825259,0.55,2,1705200,1704725,475
123898101,34.3258,27.5101,484,55689,0.852103,0.53,2,1705236,1704752,484
123901021,30.8652,35.102,477,55727,0.862841,0.57,2,1705266,1704789,477
123903941,26.973,31.0204,473,55765,0.879137,0.55,2,1705292,1704819,473
123906861,11.7946,24.6041,458,55803,0.897655,0.61,2,1705300,1704842,458
124204701,70.0369,40.7508,560,29415,0.778,1,2,1708808,1708248,560
124219301,36.08,37.165,513,29773,0.275317,1,1,1709050,1708537,513
124222221,48.816,37.033,528,29844,0.212127,1,1,1709102,1708574,528
124225141,11.3632,50.6066,476,29915,0.210851,1,1,1709104,1708628,476
124233901,60.0909,70.0369,455,30127,0.0602944,0.59,1,1709263,1708808,455
124236821,48.0182,54.0074,450,30197,0.0661178,0.47,1,1709308,1708858,450
124239741,48.0036,54.0015,444,30267,0.0564471,0.39,1,1709356,1708912,444
124242661,60.8007,66.0003,439,30337,0.0285788,0.27,1,1709420,1708981,439
124245581,38.5601,40.4001,438,30407,0.0294315,0.23,1,1709453,1709015,438
124248501,34.912,36.08,437,30477,0.0177726,0.17,1,1709487,1709050,437
124251421,44.5824,48.816,432,30546,0.049109,0.21,1,1709534,1709102,432
124254341,10.5165,11.3632,432,30615,0.0616436,0.15,1,1709536,1709104,432
124257261,39.7033,46.2726,424,30684,0.0666574,0.11,1,1709583,1709159,424
124260181,39.1407,40.4545,424,30753,0.092663,0.01,1,1709622,1709198,424
124266021,50.0456,48.0182,425,30891,0.0460261,0.05,1,1709733,1709308,425
124268941,48.4091,48.0036,425,30960,0.0964104,0.01,1,1709781,1709356,425
124271861,59.2818,60.8007,423,31028,0.0805642,0.03,1,1709843,1709420,423
124336101,33.5562,39.8184,460,32494,0.217958,0.17,1,1710762,1710302,460
124339021,49.1112,34.3637,480,32559,0.297183,0.13,1,1710815,1710335,480
124353621,48.3127,55.1956,427,32883,0.415699,0.15,1,1710963,1710536,427
124394501,64.6755,61.4105,449,33772,0.758178,0.55,2,1711575,1711126,449
124397421,42.5351,41.8821,449,33835,0.753271,0.59,2,1711612,1711163,449
124400341,36.507,34.7764,451,33897,0.751309,0.59,2,1711647,1711196,451
124403261,53.7014,53.3553,451,33959,0.762523,0.59,2,1711705,1711254,451
124406181,12.3403,12.2711,451,34021,0.767009,0.61,2,1711707,1711256,451
124409101,40.0681,39.2542,452,34083,0.816804,0.69,2,1711754,1711302,452
124412021,46.4136,43.0508,456,34145,0.884722,0.69,2,1711802,1711346,456
124414941,10.8827,10.2102,456,34207,0.887889,0.69,2,1711804,1711348,456
124578461,31.6753,38.4662,506,37510,0.870544,1,2,1714126,1713620,506
124581381,34.3351,29.2932,514,37566,0.846218,1,2,1714161,1713647,514
124584301,36.467,42.6586,505,37622,0.764487,1,2,1714198,1713693,505
124598901,40.4584,30.4021,519,37902,0.400824,1,1,1714393,1713874,519
124604741,51.5383,37.0561,523,38014,0.226132,0.91,1,1714477,1713954,523
124610581,51.3415,39.8822,523,38125,0.0589811,0.89,1,1714565,1714042,523
124613501,30.2683,54.3764,490,38180,0.0235924,0.85,1,1714590,1714100,490
124616421,27.6537,31.6753,491,38235,0.051437,0.83,1,1714617,1714126,491
124619341,34.3307,34.3351,492,38290,0.0385748,0.71,1,1714653,1714161,492
124622261,32.4661,36.467,487,38345,0.0334299,0.67,1,1714685,1714198,487
124625181,42.4932,34.4934,498,38400,0.031372,0.51,1,1714730,1714232,498
124628101,38.8986,45.2987,488,38455,0.0425488,0.47,1,1714768,1714280,488
124631021,29.3797,39.4597,477,38510,0.0590195,0.45,1,1714795,1714318,477
124633941,31.4759,34.2919,476,38565,0.0656078,0.35,1,1714827,1714351,476
124651461,32.7416,30.2683,426,38893,0.0696594,0.07,1,1715016,1714590,426
124654381,27.3483,27.6537,425,38947,0.0278638,0.03,1,1715042,1714617,425
124657301,32.6697,34.3307,423,39001,0.0891455,0.03,1,1715076,1714653,423
124660221,32.9339,32.4661,424,39055,0.0896582,0.03,1,1715109,1714685,424
124663141,42.5868,42.4932,424,39109,0.0898633,0.05,1,1715154,1714730,424
124683581,33.9015,34.54,427,39487,0.214645,0.13,1,1715363,1714936,427
124686501,46.7803,47.708,426,39540,0.223858,0.03,1,1715413,1714987,426
124689421,30.1561,32.7416,423,39593,0.239543,0,1,1715439,1715016,423
124692341,27.6312,27.3483,424,39646,0.233817,0.13,1,1715466,1715042,424
124695261,35.1262,32.6697,427,39699,0.243527,0.09,1,1715503,1715076,427
124698181,33.4252,32.9339,427,39752,0.259411,0.09,1,1715536,1715109,427
124701101,41.885,42.5868,426,39805,0.241764,0.11,1,1715580,1715154,426
124704021,38.777,39.7174,425,39858,0.234706,0.11,1,1715618,1715193,425
124706941,33.3554,30.3435,429,39911,0.291882,0.15,1,1715650,1715221,429
124739061,41.751,33.4252,476,40489,0.410722,0.23,1,1716012,1715536,476
124741981,39.5502,41.885,471,40541,0.446289,0.23,1,1716051,1715580,471
124806221,29.1507,30.3998,445,41672,0.758745,0.47,2,1716756,1716311,445
124809141,27.4301,26.88,446,41723,0.753498,0.49,2,1716783,1716337,446
124812061,35.886,35.776,446,41774,0.787399,0.47,2,1716821,1716375,446
124814981,32.7772,33.5552,445,41825,0.77696,0.51,2,1716853,1716408,445
124817901,45.7554,43.511,448,41875,0.808784,0.57,2,1716902,1716454,448
124820821,41.9511,39.9022,450,41925,0.821514,0.57,2,1716943,1716493,450
124823741,37.1902,36.7804,450,41975,0.874605,0.59,2,1716979,1716529,450
124826661,37.038,34.5561,453,42025,0.883842,0.65,2,1717016,1716563,453
124829581,33.0076,31.7112,454,42075,0.887537,0.65,2,1717048,1716594,454
124832501,8.20152,7.94224,454,42125,0.889015,0.65,2,1717050,1716596,454
124835421,40.0403,39.1885,455,42175,0.877606,0.71,2,1717098,1716643,455
124838341,37.6081,35.8377,457,42225,0.897042,0.71,2,1717135,1716678,457
125045661,35.8058,36.0589,508,45636,0.89128,1,2,1719515,1719007,508
125051501,41.2722,30.0824,506,45728,0.797805,1,2,1719580,1719074,506
125063181,37.3396,29.6865,515,45912,0.443928,1,1,1719720,1719205,515
125066101,35.4679,5.93731,550,45958,0.411571,1,1,1719755,1719205,550
125070481,30.0587,37.8375,534,46050,0.259051,1,1,1719814,1719280,534
125124501,82.8005,100.335,436,21370,0.0518593,0,1,1720418,1719982,436
125127421,74.9601,59.2669,460,21469,0.0387437,0.03,1,1720491,1720031,460
125130341,58.192,66.2534,446,21568,0.0454975,0.03,1,1720545,1720099,446
125133261,87.6384,62.8507,479,21666,0.036199,0.05,1,1720640,1720161,479
125136181,37.5277,76.5701,424,21764,0.0564796,0.05,1,1720665,1720241,424
125139101,37.1055,32.914,439,21861,0.0645918,0.07,1,1720702,1720263,439
125142021,61.0211,73.7828,422,21958,0.0678367,0.01,1,1720769,1720347,422
125144941,69.8042,71.5566,423,22055,0.0691347,0.03,1,1720841,1720418,423
125147861,73.9608,72.7113,425,22151,0.0336539,0.05,1,1720916,1720491,425
125150781,57.1922,57.7423,424,22247,0.0434616,0.03,1,1720969,1720545,424
125153701,85.8384,87.5485,422,22342,0.0473846,0.07,1,1721062,1720640,422
125156621,37.9677,37.5097,423,22437,0.0489538,0.07,1,1721088,1720665,423
125159541,39.5935,37.1019,426,22532,0.0615815,0.07,1,1721128,1720702,426
125162461,58.3187,7.42039,489,22626,0.0906326,0.07,1,1721191,1720702,489
125165381,68.4637,55.0841,493,22720,0.054253,0.07,1,1721262,1720769,493
125168301,73.6927,68.6168,496,22813,0.0397012,0.01,1,1721337,1720841,496
125171221,57.1386,73.7234,474,22906,0.0338805,0.05,1,1721390,1720916,474
125174141,87.4277,57.1447,516,22999,0.0555522,0.05,1,1721485,1720969,516
125177061,38.2855,85.8289,449,23091,0.0642209,0.05,1,1721511,1721062,449
125179981,40.4571,37.9658,464,23183,0.0796884,0.07,1,1721552,1721088,464
125194581,87.8529,57.1385,519,23636,0.071904,0.07,1,1721909,1721390,519
125197501,39.1706,87.4277,451,23726,0.0587616,0.07,1,1721936,1721485,451
125200421,41.4341,38.2855,467,23815,0.0415046,0.09,1,1721978,1721511,467
125203341,61.8868,40.4571,493,23904,0.0586019,0.15,1,1722045,1721552,493
125206261,13.9774,60.0914,430,23993,0.0654407,0.21,1,1722047,1721617,430
125209181,57.9955,65.6183,432,24081,0.0801763,0.17,1,1722116,1721684,432
125212101,67.5991,72.3237,428,24169,0.0740705,0.11,1,1722186,1721758,428
125215021,59.1198,59.2647,429,24257,0.0836282,0.03,1,1722243,1721814,429
125226701,63.5762,61.8868,425,24604,0.208589,0.07,1,1722470,1722045,425
125229621,14.3152,13.9774,425,24690,0.221436,0.09,1,1722472,1722047,425
125232541,57.263,57.9955,424,24776,0.262574,0.07,1,1722540,1722116,424
125235461,68.2526,67.5991,425,24862,0.27903,0.09,1,1722611,1722186,425
125238381,60.0505,59.1198,426,24947,0.297612,0.17,1,1722669,1722243,426
125250061,66.9505,63.5762,433,25285,0.407795,0.23,1,1722903,1722470,433
125252981,14.9901,14.3152,433,25369,0.421118,0.29,1,1722905,1722472,433
125290941,39.534,86.584,475,26434,0.778314,0.55,2,1723673,1723198,475
125293861,43.9068,38.1168,494,26514,0.809326,0.59,2,1723718,1723224,494
125296781,71.9814,42.8234,529,26594,0.80973,0.61,2,1723797,1723268,529
125299701,15.9963,70.1647,454,26674,0.809892,0.61,2,1723799,1723345,454
125302621,61.5993,15.6329,525,26753,0.797957,0.61,2,1723872,1723347,525
125305541,70.7199,60.7266,526,26832,0.817183,0.67,2,1723945,1723419,526
125308461,62.144,69.7453,514,26911,0.800873,0.69,2,1724005,1723491,514
125311381,14.0288,60.3491,458,26990,0.794349,0.77,2,1724007,1723549,458
125314301,82.0058,89.6698,460,27068,0.83974,0.81,2,1724106,1723646,460
125317221,39.6012,39.534,462,27146,0.845896,0.83,2,1724135,1723673,462
125320141,44.7202,43.9068,463,27224,0.884358,0.81,2,1724181,1723718,463
125419421,63.6417,29.5565,546,29753,0.898,1,2,1725979,1725433,546
125422341,36.7283,65.9113,501,29824,0.8572,1,2,1726009,1725508,501
125425261,32.9457,39.5823,500,29895,0.84088,1,2,1726041,1725541,500
125428181,39.3891,45.5165,494,29966,0.810352,1,2,1726082,1725588,494
125431101,54.2778,69.9033,476,30037,0.834141,1,2,1726140,1725664,476
125434021,34.8556,32.3807,483,30107,0.795656,1,2,1726170,1725687,483
125448621,58.9488,63.6417,464,30457,0.756976,0.83,2,1726443,1725979,464
125451541,34.9898,36.7283,463,30526,0.776791,0.83,2,1726472,1726009,463
125454461,30.9979,32.9457,461,30595,0.796716,0.79,2,1726502,1726041,461
125457381,35.7996,39.3891,457,30664,0.804686,0.85,2,1726539,1726082,457
125460301,55.9599,54.2778,460,30733,0.855875,0.77,2,1726600,1726140,460
125463221,34.392,34.8556,459,30802,0.84035,0.63,2,1726629,1726170,459
125466141,60.4784,62.9711,456,30871,0.88214,0.73,2,1726696,1726240,456
125617981,35.6175,40.9197,487,34251,0.89224,1,2,1729049,1728562,487
125620901,31.9235,8.18393,518,34313,0.818896,1,2,1729080,1728562,518
125626741,49.2769,69.7674,516,34437,0.425023,1,1,1729196,1728680,516
125629661,47.4554,45.1535,524,34498,0.260009,1,1,1729243,1728719,524
125635501,38.8582,39.7261,514,34620,0.0488015,1,1,1729326,1728812,514
125638421,44.5716,44.7452,514,34681,0.0495206,1,1,1729372,1728858,514
125641341,33.7143,32.949,515,34742,0.0738082,1,1,1729403,1728888,515
125644261,45.1429,36.1898,526,34803,0.0835233,0.99,1,1729451,1728925,526
125647181,33.0286,50.438,502,34864,0.0514093,0.88,1,1729481,1728979,502
125650101,30.6057,38.0876,497,34925,0.0505637,0.87,1,1729511,1729014,497
125653021,25.3211,35.6175,486,34986,0.0502255,0.77,1,1729535,1729049,486
125655941,56.2642,31.9235,519,35046,0.0500902,0.55,1,1729599,1729080,519
125658861,33.6528,62.3847,477,35106,0.0500361,0.27,1,1729627,1729150,477
125661781,41.1306,49.2769,474,35166,0.0980144,0.15,1,1729670,1729196,474
125667621,37.6452,46.2911,458,35286,0.0420823,0,1,1729747,1729289,458
125670541,46.729,38.8582,470,35346,0.0228329,0.05,1,1729796,1729326,470
125673461,34.1458,44.5716,455,35406,0.0271332,0.09,1,1729827,1729372,455
125676381,42.8292,33.7143,469,35466,0.0528533,0.09,1,1729872,1729403,469
125679301,32.5658,45.1429,451,35526,0.0391413,0.03,1,1729902,1729451,451
125682221,31.3132,33.0286,452,35586,0.0456565,0.05,1,1729933,1729481,452
125685141,24.6626,30.6057,445,35645,0.0362626,0.05,1,1729956,1729511,445
125688061,6.53253,25.3211,423,35704,0.032505,0.05,1,1729958,1729535,423
125690981,52.5065,56.2642,423,35763,0.067002,0.05,1,1730022,1729599,423
125693901,34.5013,33.6528,425,35822,0.0688008,0.13,1,1730052,1729627,425
125696821,41.3003,41.1306,425,35881,0.0575203,0.11,1,1730095,1729670,425
125699741,42.6601,40.2261,428,35940,0.0530081,0,1,1730138,1729710,428
125702661,34.932,37.6452,424,35999,0.0212032,0.01,1,1730171,1729747,424
125705581,44.5864,46.729,422,36058,0.0144813,0.03,1,1730218,1729796,422
125708501,35.3173,34.1458,424,36117,0.00579252,0.07,1,1730251,1729827,424
125711421,44.6635,42.8292,426,36176,0.032317,0.03,1,1730298,1729872,426
125714341,30.5327,32.5658,423,36234,0.0549268,0.05,1,1730325,1729902,423
125717261,33.3065,31.3132,426,36292,0.0879707,0.03,1,1730359,1729933,426
125726021,51.6265,52.5065,422,36466,0.0941901,0.07,1,1730444,1730022,422
125743541,34.623,35.3173,422,36813,0.0800792,0.05,1,1730673,1730251,422
125746461,46.1246,44.6635,424,36870,0.0620317,0.07,1,1730722,1730298,424
125749381,31.6249,30.5327,425,36927,0.0788127,0.11,1,1730750,1730325,425
125752301,35.125,33.3065,427,36984,0.0855251,0.11,1,1730786,1730359,427
125755221,23.025,22.6613,427,37041,0.06421,0.15,1,1730806,1730379,427
125758141,6.205,6.13226,427,37098,0.079684,0.07,1,1730808,1730381,427
125761061,50.041,51.6265,425,37155,0.0618736,0.07,1,1730869,1730444,425
125763981,36.4082,10.3253,458,37212,0.0667494,0.11,1,1730902,1730444,458
125766901,40.0816,28.4651,466,37269,0.0926998,0.11,1,1730943,1730477,466
125781501,46.3411,34.6203,472,37552,0.216421,0.05,1,1731145,1730673,472
125784421,33.2682,46.1241,453,37608,0.248568,0.09,1,1731175,1730722,453
125787341,33.8536,31.6248,459,37664,0.237427,0.09,1,1731209,1730750,459
125790261,23.5707,35.125,444,37720,0.244971,0.05,1,1731230,1730786,444
125793181,6.31415,23.025,426,37776,0.223988,0.09,1,1731232,1730806,426
125796101,49.2628,6.205,484,37832,0.215595,0.05,1,1731292,1730808,484
125799021,37.0526,50.041,457,37888,0.236238,0.07,1,1731326,1730869,457
125801941,41.8105,36.4082,467,37944,0.268495,0.11,1,1731369,1730902,467
125804861,49.1621,40.0816,477,38000,0.293398,0.15,1,1731420,1730943,477
125813621,32.7133,42.5287,460,38167,0.403977,0.21,1,1731526,1731066,460
125816541,48.1427,31.7057,483,38222,0.443591,0.23,1,1731578,1731095,483
125819461,32.8285,46.3411,462,38277,0.447436,0.27,1,1731607,1731145,462
125889541,32.8876,34.4872,448,39581,0.771563,0.53,2,1732417,1731969,448
125892461,49.7775,50.0974,448,39634,0.830625,0.53,2,1732471,1732023,448
125895381,33.1555,32.4195,449,39687,0.85425,0.57,2,1732500,1732051,449
125898301,36.2311,35.2839,450,39740,0.8277,0.57,2,1732537,1732087,450
125901221,23.2462,23.0568,450,39793,0.81708,0.61,2,1732557,1732107,450
125904141,6.24924,6.21136,450,39846,0.836832,0.65,2,1732559,1732109,450
125907061,51.6499,50.0423,452,39899,0.868733,0.65,2,1732622,1732170,452
125909981,42.33,40.4085,454,39952,0.857493,0.67,2,1732662,1732208,454
125912901,47.666,45.6817,456,40005,0.864997,0.69,2,1732711,1732255,456
125915821,11.1332,10.7363,456,40058,0.867999,0.69,2,1732713,1732257,456
125918741,43.0266,2.14727,507,40111,0.8692,0.71,2,1732764,1732257,507
125921661,34.2053,41.2295,488,40164,0.86968,0.71,2,1732796,1732308,488
126111461,32.7471,36.5074,509,43448,0.897864,1,2,1735078,1734569,509
126114381,39.3494,44.9015,503,43497,0.845145,1,2,1735119,1734616,503
126117301,38.2699,37.7803,505,43546,0.824058,1,2,1735157,1734652,505
126120221,30.054,33.9561,500,43594,0.803623,0.92,2,1735185,1734685,500
126123141,26.0108,28.3912,498,43642,0.771449,1,2,1735210,1734712,498
126143581,29.2961,30.9432,499,43978,0.772281,0.9,2,1735444,1734945,499
126149421,39.0918,30.6777,508,44074,0.760765,0.9,2,1735513,1735005,508
126152341,27.8184,39.7355,491,44122,0.778306,0.89,2,1735538,1735047,491
126155261,39.1637,32.7471,502,44170,0.761322,0.81,2,1735580,1735078,502
126158181,33.4327,39.3494,493,44218,0.778529,0.81,2,1735612,1735119,493
126161101,29.8865,38.2699,484,44266,0.809412,0.79,2,1735641,1735157,484
126164021,26.7773,30.054,482,44314,0.857765,0.75,2,1735667,1735185,482
126166941,33.3555,26.0108,492,44362,0.865106,0.73,2,1735702,1735210,492
126415141,447.456,464.292,500,21900,0.418,1,1,1738391,1737891,500
126420981,98.0582,95.2117,506,22093,0.06928,0.99,1,1738544,1738038,506
126423901,62.0117,72.6423,492,22189,0.057712,0.65,1,1738597,1738105,492
126426821,76.4023,77.7285,493,22285,0.0410848,0.53,1,1738677,1738184,493
126429741,53.6805,66.7457,477,22380,0.0584339,0.07,1,1738725,1738248,477
126432661,49.9361,86.1491,435,22475,0.0293736,0.03,1,1738774,1738339,435
126435581,26.7872,36.4298,432,22569,0.0297494,0.03,1,1738795,1738363,432
126438501,74.1574,29.686,490,22663,0.0178998,0.01,1,1738881,1738391,490
126441421,83.6315,58.7372,510,22757,0.00715991,0,1,1738967,1738457,510
126444341,57.5263,81.3474,474,22850,0.044864,0.05,1,1739018,1738544,474
126447261,77.1053,58.6695,503,22943,0.0359456,0.03,1,1739100,1738597,503
126450181,52.221,75.7339,469,23035,0.0683782,0.07,1,1739146,1738677,469
126453101,49.6442,53.5468,470,23127,0.0693513,0.01,1,1739195,1738725,470
126456021,26.7288,49.9094,442,23219,0.0577405,0.03,1,1739216,1738774,442
126458941,75.7458,26.7819,509,23310,0.0410962,0.01,1,1739304,1738795,509
126461861,83.1492,74.1564,508,23401,0.0164385,0,1,1739389,1738881,508
126464781,58.2298,83.6313,474,23492,0.0125754,0.07,1,1739441,1738967,474
126467701,76.446,57.5263,504,23582,0.0350302,0.03,1,1739522,1739018,504
126470621,54.4892,77.1052,471,23672,0.0320121,0.09,1,1739571,1739100,471
126473541,49.2978,52.221,473,23762,0.0548048,0.07,1,1739619,1739146,473
126476461,24.2596,49.6442,442,23851,0.0639219,0.05,1,1739637,1739195,442
126479381,76.0519,26.7288,510,23940,0.0435688,0.03,1,1739726,1739216,510
126482301,16.8104,75.7458,424,24029,0.0174275,0,1,1739728,1739304,424
126485221,69.7621,83.1492,422,24117,0.036971,0.01,1,1739811,1739389,422
126488141,57.1524,58.2298,424,24205,0.0447884,0.05,1,1739865,1739441,424
126491061,76.2305,76.446,424,24293,0.0239154,0.03,1,1739946,1739522,424
126493981,53.6461,54.4892,423,24380,0.0515661,0.07,1,1739994,1739571,423
126496901,50.7292,49.2978,425,24467,0.0866265,0.07,1,1740044,1739619,425
126499821,25.3458,24.2596,426,24554,0.0886506,0.03,1,1740063,1739637,426
126502741,73.8692,76.0519,423,24640,0.0414602,0,1,1740149,1739726,423
126505661,16.3738,16.8104,423,24726,0.0345841,0.05,1,1740151,1739728,423
126508581,69.6748,69.7621,423,24812,0.0918336,0.05,1,1740234,1739811,423
126517341,54.4134,53.6461,423,25067,0.0896374,0.11,1,1740417,1739994,423
126520261,52.4827,50.7292,425,25152,0.0658549,0.09,1,1740469,1740044,425
126523181,24.8965,25.3458,424,25236,0.068342,0.01,1,1740487,1740063,424
126526101,72.1793,73.8692,422,25320,0.0273368,0.03,1,1740571,1740149,422
126529021,16.0359,16.3738,422,25404,0.0169347,0.13,1,1740573,1740151,422
126531941,74.4072,69.6748,428,25487,0.0967739,0.13,1,1740662,1740234,428
126540701,51.6993,73.8374,471,25736,0.210914,0.07,1,1740839,1740368,471
126546541,25.108,52.3935,442,25900,0.229346,0.07,1,1740911,1740469,442
126549461,69.8216,24.8787,505,25982,0.217738,0,1,1740992,1740487,505
126552381,15.5643,72.1757,423,26064,0.213095,0.01,1,1740994,1740571,423
126558221,59.6626,74.407,481,26226,0.205695,0.17,1,1741143,1740662,481
126561141,76.7325,56.4814,510,26307,0.220278,0.21,1,1741224,1740714,510
126564061,52.9465,74.4963,478,26388,0.214111,0.23,1,1741271,1740793,478
126566981,54.5893,51.6993,487,26468,0.235644,0.19,1,1741326,1740839,487
126569901,25.3179,53.5399,451,26548,0.256258,0.25,1,1741344,1740893,451
126572821,67.4636,25.108,511,26628,0.276503,0.21,1,1741422,1740911,511
126575741,15.0927,69.8216,432,26708,0.284601,0.21,1,1741424,1740992,432
126584501,13.5607,59.6626,433,26945,0.414935,0.23,1,1741576,1741143,433
126587421,67.5122,76.7325,433,27024,0.435974,0.21,1,1741657,1741224,433
126637061,13.8238,13.8209,448,28326,0.757902,0.55,2,1742467,1742019,448
126639981,69.9648,68.3642,450,28401,0.789161,0.55,2,1742551,1742101,450
126642901,52.393,13.6728,498,28476,0.813664,0.65,2,1742599,1742101,498
126645821,58.4786,40.3346,511,28550,0.859466,0.69,2,1742659,1742148,511
126648741,27.6957,54.4669,473,28624,0.877786,0.65,2,1742679,1742206,473
126651661,74.3391,26.8934,539,28698,0.897115,0.71,2,1742765,1742226,539
126765541,54.904,21.1449,547,31446,0.861743,1,2,1744652,1744105,547
126768461,32.5808,69.029,493,31513,0.830697,1,2,1744679,1744186,493
126780141,60.4937,35.4,543,31781,0.403682,0.88,1,1744923,1744380,543
126791821,28.2248,48.6006,493,32046,0.291854,0.95,1,1745058,1744565,493
126794741,51.245,30.5201,524,32112,0.230742,0.81,1,1745115,1744591,524
126797661,28.649,54.904,486,32178,0.254297,0.81,1,1745138,1744652,486
126800581,63.3298,32.5808,531,32244,0.275719,0.59,1,1745210,1744679,531
126803501,60.666,69.7162,512,32310,0.296287,0.41,1,1745270,1744758,512
126821021,26.0381,45.124,456,32700,0.405971,0.27,1,1745490,1745034,456
126823941,50.0076,28.2248,488,32765,0.408388,0.19,1,1745546,1745058,488
126826861,11.6015,51.245,433,32830,0.409355,0.27,1,1745548,1745115,433
126829781,21.5203,28.649,434,32894,0.445742,0.29,1,1745572,1745138,434
126891101,11.6016,11.6036,444,34218,0.759145,0.49,2,1746434,1745990,444
126894021,23.9203,2.32072,471,34280,0.777658,0.51,2,1746461,1745990,471
126896941,68.7841,20.4641,526,34342,0.797063,0.61,2,1746541,1746015,526
126899861,63.3568,64.8928,512,34404,0.828825,0.63,2,1746603,1746091,512
126902781,39.0714,61.7786,484,34465,0.87753,0.65,2,1746636,1746152,484
127066301,44.3347,33.8764,532,37744,0.876016,1,2,1748919,1748387,532
127069221,36.8669,51.5753,511,37800,0.788406,1,2,1748954,1748443,511
127092581,54.3958,29.1571,540,38245,0.270162,0.94,1,1749283,1748743,540
127095501,31.6792,57.8314,501,38300,0.282065,0.97,1,1749309,1748808,501
127098421,33.5358,36.3663,504,38355,0.238826,0.93,1,1749343,1748839,504
127101341,33.9072,33.6733,505,38410,0.25753,0.83,1,1749377,1748872,505
127104261,29.9814,44.3347,487,38465,0.253012,0.73,1,1749406,1748919,487
127107181,31.5963,36.8669,484,38520,0.275205,0.67,1,1749438,1748954,484
127110101,43.1193,36.9734,493,38575,0.284082,0.43,1,1749484,1748991,493
127159741,35.3469,33.0418,440,39497,0.402791,0.35,1,1750040,1749600,440
127162661,29.4694,31.4084,437,39550,0.431116,0.37,1,1750068,1749631,437
127206461,57.1926,29.0585,506,40343,0.760424,0.47,2,1750603,1750097,506
127209381,27.4385,54.6117,465,40395,0.778169,0.49,2,1750623,1750158,465
127212301,37.4877,26.9223,485,40447,0.761268,0.51,2,1750663,1750178,485
127215221,35.4975,35.7845,482,40499,0.766507,0.57,2,1750698,1750216,482
127218141,33.4995,33.5569,482,40551,0.792603,0.63,2,1750731,1750249,482
127221061,30.6999,32.3114,480,40603,0.815041,0.63,2,1750761,1750281,480
127223981,45.34,30.4623,499,40655,0.836016,0.65,2,1750810,1750311,499
127226901,10.668,44.4925,453,40707,0.844407,0.65,2,1750812,1750359,453
127229821,30.1336,10.4985,486,40759,0.835763,0.67,2,1750847,1750361,486
127232741,49.2267,26.8997,509,40811,0.868305,0.67,2,1750901,1750392,509
127235661,38.6453,49.3799,490,40863,0.893322,0.69,2,1750937,1750447,490
127431301,31.3468,35.3247,509,44189,0.871478,1,2,1753234,1752725,509
127434221,32.6694,27.0649,517,44237,0.822591,1,2,1753267,1752750,517
127437141,48.1339,39.013,527,44285,0.779036,1,2,1753319,1752792,527
127457581,18.5788,34.5278,484,44617,0.44163,1,1,1753518,1753034,484
127460501,22.1158,30.9056,477,44664,0.434652,1,1,1753541,1753064,477
127463421,30.8232,35.7811,473,44711,0.407861,0.98,1,1753574,1753101,473
127469261,24.9129,31.6712,464,44805,0.404858,0.95,1,1753630,1753166,464
127495541,31.3867,32.4698,445,45228,0.408542,0.45,1,1753923,1753478,445
127498461,23.0773,24.894,443,45275,0.421417,0.43,1,1753944,1753501,443
127507221,30.4886,30.8232,441,45415,0.414091,0.39,1,1754015,1753574,441
127510141,32.4977,32.5646,441,45461,0.411636,0.41,1,1754048,1753607,441
127513061,22.4995,24.9129,438,45507,0.446654,0.33,1,1754068,1753630,438
127515981,34.0999,35.3826,437,45553,0.424662,0.33,1,1754105,1753668,437
127568541,44.7495,32.404,489,46381,0.756633,0.49,2,1754656,1754167,489
127571461,36.9499,42.4808,479,46426,0.764653,0.51,2,1754691,1754212,479
127574381,32.19,34.0962,478,46471,0.791861,0.55,2,1754722,1754244,478
127577301,30.438,30.8192,478,46516,0.802745,0.57,2,1754752,1754274,478
127580221,30.0876,30.9638,477,46561,0.783098,0.59,2,1754782,1754305,477
127583141,31.6175,27.7928,482,46606,0.775239,0.59,2,1754814,1754332,482
127586061,23.1235,31.1586,471,46651,0.796096,0.61,2,1754835,1754364,471
127588981,17.4247,22.2317,467,46696,0.804438,0.61,2,1754851,1754384,467
127591901,22.6849,17.2463,475,46741,0.819775,0.59,2,1754875,1754400,475
127594821,33.337,21.8493,488,46786,0.83791,0.65,2,1754911,1754423,488
127597741,30.6674,31.5699,484,46831,0.821164,0.67,2,1754941,1754457,484
127600661,25.3335,30.314,478,46876,0.814466,0.69,2,1754965,1754487,478
127603581,34.6667,24.4628,492,46921,0.847786,0.71,2,1755002,1754510,492
127606501,31.7333,33.6926,487,46966,0.873114,0.73,2,1755033,1754546,487
127609421,32.7467,30.7385,490,47011,0.871246,0.75,2,1755066,1754576,490
127612341,45.7493,31.7477,507,47056,0.858498,0.77,2,1755115,1754608,507
127615261,39.5499,44.7495,497,47101,0.829399,0.77,2,1755153,1754656,497
127618181,31.91,36.9499,492,47146,0.84176,0.81,2,1755183,1754691,492
127621101,30.382,32.19,491,47191,0.858704,0.81,2,1755213,1754722,491
127624021,28.4764,30.438,489,47236,0.865482,0.77,2,1755241,1754752,489
127626941,32.0953,30.0876,492,47281,0.856193,0.77,2,1755274,1754782,492
127629861,24.0191,31.6175,482,47326,0.876477,0.81,2,1755296,1754814,482
127632781,17.6038,23.1235,477,47371,0.884591,0.81,2,1755312,1754835,477
127635701,5.12076,17.4247,463,47415,0.887836,0.83,2,1755314,1754851,463
127848861,66.1927,64.0651,488,23095,0.299286,0.43,1,1757733,1757245,488
127860541,98.2051,59.4945,544,23460,0.435486,0.31,1,1757981,1757437,544
127895581,57.9582,55.7731,454,24522,0.809741,0.65,2,1758677,1758223,454
127898501,19.5916,19.1546,454,24608,0.809896,0.65,2,1758687,1758233,454
127901421,5.51833,5.43092,454,24694,0.809959,0.71,2,1758689,1758235,454
127904341,68.3037,67.4862,455,24780,0.857983,0.69,2,1758773,1758318,455
127907261,100.861,99.8972,456,24866,0.877193,0.71,2,1758882,1758426,456
128012381,57.1153,58.5388,498,27768,0.85432,1,2,1760931,1760433,498
128015301,53.0231,70.9078,476,27844,0.791728,1,2,1760983,1760507,476
128032821,65.1477,75.8814,472,28297,0.441823,0.95,1,1761305,1760833,472
128035741,41.8295,45.5763,470,28372,0.410729,0.95,1,1761341,1760871,470
128041581,51.9132,49.8231,512,28521,0.282917,0.75,1,1761443,1760931,512
128044501,66.3826,51.5646,530,28595,0.239167,0.61,1,1761513,1760983,530
128047421,38.0765,70.3129,486,28669,0.257667,0.55,1,1761544,1761058,486
128050341,30.8153,41.2626,481,28743,0.277067,0.51,1,1761573,1761092,481
128053261,20.5631,31.4525,470,28817,0.296827,0.55,1,1761591,1761121,470
128064941,45.4409,41.8295,485,29109,0.403071,0.33,1,1761826,1761341,485
128067861,49.8882,47.5659,487,29182,0.419228,0.23,1,1761877,1761390,487
128070781,65.1776,51.9132,503,29255,0.449691,0.21,1,1761946,1761443,503
128114581,66.7538,65.7962,451,30321,0.751218,0.63,2,1762636,1762185,451
128117501,43.7508,41.9592,453,30391,0.774487,0.63,2,1762674,1762221,453
128120421,45.5501,45.1918,453,30461,0.819795,0.61,2,1762720,1762267,453
128123341,50.71,51.4384,452,30530,0.825918,0.61,2,1762772,1762320,452
128126261,11.742,11.8877,452,30599,0.828367,0.65,2,1762774,1762322,452
128129181,59.1484,57.5775,454,30668,0.877347,0.65,2,1762845,1762391,454
128269341,50.6052,43.4209,489,33820,0.401568,1,1,1765045,1764556,489
128275181,38.9842,44.4568,477,33945,0.226251,0.97,1,1765132,1764655,477
128278101,48.5968,36.8914,493,34007,0.0965004,1,1,1765183,1764690,493
128281021,46.5194,56.9783,477,34069,0.0806001,1,1,1765229,1764752,477
128283941,33.3039,38.5957,473,34131,0.0742401,0.89,1,1765259,1764786,473
128286861,24.2608,29.3191,468,34193,0.059696,0.95,1,1765281,1764813,468
128289781,20.8522,24.2638,465,34255,0.0418784,0.95,1,1765301,1764836,465
128292701,32.9704,4.85276,501,34317,0.0587514,0.91,1,1765337,1764836,501
128295621,56.1941,29.7706,527,34379,0.0295005,0.63,1,1765399,1764872,527
128298541,44.0388,68.3541,490,34441,0.0298002,0.45,1,1765440,1764950,490
128301461,40.8078,48.8708,486,34502,0.0659201,0.29,1,1765480,1764994,486
128304381,42.5616,50.5742,478,34563,0.068368,0.25,1,1765523,1765045,478
128310221,46.1825,38.983,473,34685,0.0841389,0.01,1,1765605,1765132,473
128313141,46.0365,48.5966,468,34746,0.0876556,0.07,1,1765651,1765183,468
128324821,36.0097,20.8522,461,34990,0.095604,0.07,1,1765762,1765301,461
128342341,49.2439,34.9123,476,35350,0.232913,0.07,1,1766032,1765556,476
128345261,45.8488,46.1825,472,35410,0.243165,0.09,1,1766077,1765605,472
128348181,34.7698,46.0365,458,35470,0.223266,0.15,1,1766109,1765651,458
128351101,24.554,33.2073,450,35530,0.215306,0.15,1,1766131,1765681,450
128354021,17.7108,24.2415,444,35589,0.212123,0.13,1,1766147,1765703,444
128362781,50.5737,55.2019,429,35766,0.215416,0.15,1,1766251,1765822,429
128365701,46.1147,45.4404,431,35825,0.236166,0.19,1,1766296,1765865,431
128368621,39.6229,39.4881,431,35884,0.232467,0.15,1,1766334,1765903,431
128371541,42.3246,43.0976,430,35943,0.242987,0.19,1,1766377,1765947,430
128374461,35.6649,34.2195,432,36002,0.259195,0.27,1,1766411,1765979,432
128400741,46.4283,46.1147,433,36527,0.409749,0.23,1,1766729,1766296,433
128403661,39.6857,39.6229,433,36585,0.4219,0.25,1,1766767,1766334,433
128406581,43.1371,42.3246,434,36643,0.42676,0.27,1,1766811,1766377,434
128409501,36.6274,35.6649,435,36701,0.416704,0.33,1,1766846,1766411,435
128467901,52.9865,8.9064,511,37835,0.756752,0.61,2,1767573,1767062,511
128470821,47.3973,51.3813,495,37891,0.812701,0.59,2,1767619,1767124,495
128473741,40.6795,46.2763,489,37947,0.84708,0.59,2,1767658,1767169,489
128476661,44.9359,39.6553,497,38003,0.896832,0.65,2,1767704,1767207,497
128657701,56.2459,37.2928,531,41305,0.889878,1,2,1769985,1769454,531
128672301,33.4004,26.2046,520,41560,0.284968,1,1,1770165,1769645,520
128675221,20.2801,38.8409,495,41611,0.203987,1,1,1770182,1769687,495
128678141,39.256,42.9682,495,41662,0.0875949,1,1,1770226,1769731,495
128681061,30.2512,38.1936,486,41713,0.053038,1,1,1770254,1769768,486
128683981,32.4502,32.4387,488,41764,0.0632152,0.94,1,1770287,1769799,488
128686901,21.69,29.6877,478,41815,0.0432861,1,1,1770306,1769828,478
128689821,29.938,30.7375,479,41865,0.0233144,1,1,1770338,1769859,479
128692741,21.1876,30.1475,468,41915,0.0513258,0.97,1,1770357,1769889,468
128695661,32.2375,33.2295,469,41965,0.0745303,0.83,1,1770392,1769923,469
128698581,48.0475,56.2459,459,42015,0.0718121,0.65,1,1770444,1769985,459
128701501,34.4095,39.2492,455,42065,0.0707249,0.53,1,1770475,1770020,455
128704421,40.4819,51.0498,443,42115,0.0702899,0.47,1,1770517,1770074,443
128707341,26.4964,31.01,440,42165,0.058116,0.31,1,1770540,1770100,440
128710261,26.8993,31.002,436,42215,0.0772464,0.21,1,1770567,1770131,436
128713181,26.9799,33.4004,429,42265,0.0608986,0.15,1,1770594,1770165,429
128716101,18.196,20.2801,428,42315,0.0903594,0.01,1,1770610,1770182,428
128721941,28.2478,30.2512,424,42415,0.0588575,0.07,1,1770678,1770254,424
128724861,32.8496,32.4502,425,42465,0.041543,0.03,1,1770712,1770287,425
128727781,19.3699,21.69,422,42515,0.0466172,0.01,1,1770728,1770306,422
128730701,31.874,29.938,425,42565,0.0246469,0.07,1,1770763,1770338,425
128733621,20.7748,21.1876,424,42615,0.0398588,0.09,1,1770781,1770357,424
128736541,31.355,32.2375,423,42665,0.0939435,0.07,1,1770815,1770392,423
128754061,27.8046,26.9799,425,42959,0.203538,0.11,1,1771019,1770594,425
128756981,18.3609,18.196,425,43008,0.219415,0.11,1,1771035,1770610,425
128759901,36.4722,3.63919,466,43057,0.237766,0.11,1,1771076,1770610,466
128762821,26.4944,34.3278,448,43106,0.245106,0.03,1,1771100,1770652,448
128765741,31.6989,27.6656,455,43155,0.236043,0.03,1,1771133,1770678,455
128768661,19.1398,32.7331,437,43204,0.208417,0.05,1,1771149,1770712,437
128780341,51.4546,31.3548,481,43400,0.0991755,0.17,1,1771296,1770815,481
128794941,28.2853,27.0232,458,43643,0.203777,0.23,1,1771449,1770991,458
128797861,18.4571,27.8046,446,43691,0.219511,0.23,1,1771465,1771019,446
128800781,38.8914,18.3609,474,43739,0.237804,0.25,1,1771509,1771035,474
128803701,26.9783,36.4722,457,43787,0.257122,0.25,1,1771533,1771076,457
128806621,29.3957,26.4944,463,43835,0.288849,0.23,1,1771563,1771100,463
128809541,17.8791,31.6989,445,43883,0.289539,0.19,1,1771578,1771133,445
128824141,34.384,51.4546,456,44123,0.406981,0.11,1,1771752,1771296,456
128827061,40.4768,34.2909,468,44171,0.420792,0.13,1,1771794,1771326,468
128829981,28.0954,39.6582,452,44219,0.414317,0.13,1,1771819,1771367,452
128832901,31.2191,27.1316,460,44267,0.447727,0.19,1,1771851,1771391,460
128835821,30.2438,29.4263,460,44315,0.437091,0.23,1,1771881,1771421,460
128838741,18.8488,28.2853,448,44363,0.444836,0.23,1,1771897,1771449,448
128917581,29.0813,28.9722,452,45628,0.767166,0.59,2,1772715,1772263,452
128920501,31.4163,32.1944,451,45674,0.792866,0.61,2,1772747,1772296,451
128923421,28.6833,29.6389,450,45720,0.779146,0.61,2,1772775,1772325,450
128926341,19.3367,18.7278,451,45766,0.797659,0.63,2,1772792,1772341,451
128929261,43.0673,41.3456,453,45812,0.817063,0.67,2,1772841,1772388,453
128932181,27.8135,27.4691,453,45858,0.824825,0.63,2,1772865,1772412,453
128935101,7.16269,7.09382,453,45904,0.80393,0.65,2,1772867,1772414,453
128938021,25.4325,26.2188,452,45950,0.819572,0.65,2,1772897,1772445,452
128940941,17.8865,5.24375,468,45996,0.801829,0.63,2,1772913,1772445,468
128943861,31.5773,13.8488,487,46042,0.806732,0.67,2,1772948,1772461,487
128946781,22.3155,30.7697,472,46088,0.820693,0.65,2,1772968,1772496,472
128949701,32.4631,22.954,486,46134,0.838277,0.67,2,1773003,1772517,486
128952621,57.6926,31.7908,516,46180,0.881311,0.73,2,1773067,1772551,516
128955541,41.1385,55.1582,492,46226,0.886524,0.71,2,1773104,1772612,492
128958461,42.6277,39.0316,500,46272,0.88861,0.75,2,1773147,1772647,500
128964301,31.6251,29.0813,491,46364,0.882578,0.81,2,1773206,1772715,491
128967221,29.525,31.4163,488,46409,0.887031,0.77,2,1773235,1772747,488
128970141,18.705,28.6832,476,46454,0.888812,0.81,2,1773251,1772775,476
129121981,23.0403,23.0589,507,48756,0.885385,1,2,1774849,1774342,507
129124901,11.0081,19.0118,497,48799,0.888154,1,2,1774857,1774360,497
129127821,21.4016,22.2024,498,48842,0.781262,1,2,1774881,1774383,498
129145341,37.6551,39.3333,507,49100,0.415683,1,1,1775082,1774575,507
129151181,29.3462,34.8533,509,49186,0.250109,1,1,1775144,1774635,509
129154101,34.6692,33.3707,512,49229,0.226044,1,1,1775180,1774668,512
129157021,35.7338,33.0741,515,49272,0.252417,0.96,1,1775216,1774701,515
129159941,31.9468,36.2148,509,49315,0.250967,1,1,1775247,1774738,509
129162861,23.9894,36.043,495,49358,0.250387,0.95,1,1775269,1774774,495
129165781,24.7979,28.0086,494,49401,0.286155,0.87,1,1775294,1774800,494
129168701,20.9596,27.2017,487,49444,0.252462,0.87,1,1775314,1774827,487
129171621,5.79191,23.0403,467,49487,0.238985,0.89,1,1775316,1774849,467
129174541,21.9584,11.0081,485,49530,0.245594,0.71,1,1775342,1774857,485
129177461,29.1917,21.4016,492,49573,0.272238,0.65,1,1775373,1774881,492
129189141,26.2291,29.3782,470,49741,0.424329,0.53,1,1775480,1775010,470
129192061,34.0458,32.2756,473,49783,0.439732,0.33,1,1775516,1775043,473
129194981,32.4092,37.6551,466,49825,0.433893,0.29,1,1775548,1775082,466
129197901,28.0818,34.731,459,49867,0.443557,0.19,1,1775575,1775116,459
129200821,35.2164,29.3462,468,49909,0.435423,0.21,1,1775612,1775144,468
129203741,35.8433,34.6692,468,49951,0.444169,0.27,1,1775648,1775180,468
129206661,31.1687,35.7338,462,49993,0.447668,0.25,1,1775678,1775216,462
129209581,25.4337,31.9468,455,50035,0.449067,0.25,1,1775702,1775247,455
129291341,35.9545,34.9686,452,51201,0.756732,0.67,2,1776413,1775961,452
129297181,27.5182,27.3187,453,51283,0.758277,0.65,2,1776472,1776019,453
129300101,34.3036,35.0637,452,51324,0.765311,0.63,2,1776508,1776056,452
129303021,37.2607,35.8128,454,51365,0.768124,0.65,2,1776546,1776092,454
129305941,31.4521,31.1625,454,51406,0.80525,0.69,2,1776576,1776122,454
129308861,26.2904,26.2325,454,51447,0.8441,0.65,2,1776601,1776147,454
129311781,29.2581,27.6465,456,51488,0.83564,0.71,2,1776631,1776175,456
129314701,21.8516,22.3293,455,51529,0.844256,0.67,2,1776651,1776196,455
129317621,5.97032,6.06586,455,51570,0.871702,0.71,2,1776653,1776198,455
129565821,34.4356,31.4811,507,54932,0.874378,0.92,2,1778984,1778477,507
129568741,25.2871,29.4962,501,54970,0.835751,1,2,1779007,1778506,501
129571661,29.0574,31.4992,499,55008,0.820301,1,2,1779037,1778538,499
129574581,28.2115,29.4998,498,55046,0.80212,1,2,1779065,1778567,498
129577501,25.6423,25.9,498,55084,0.782848,0.96,2,1779090,1778592,498
129580421,25.1285,23.58,500,55122,0.799139,0.99,2,1779115,1778615,500
129583341,32.2257,28.716,504,55160,0.793656,1,2,1779149,1778645,504
129586261,30.4451,31.3432,502,55198,0.815462,0.99,2,1779179,1778677,502
129589181,16.489,28.6686,487,55236,0.836185,1,2,1779192,1778705,487
129592101,11.2978,18.5337,481,55274,0.844474,0.98,2,1779202,1778721,481
129595021,15.0596,8.50675,491,55312,0.82379,1,2,1779218,1778727,491
129597941,28.6119,22.5014,497,55350,0.839516,0.99,2,1779250,1778753,497
129600861,32.1224,30.9003,497,55388,0.833806,1,2,1779283,1778786,497
129603781,24.0245,31.7801,487,55426,0.819523,0.97,2,1779305,1778818,487
129606701,27.2049,23.156,494,55464,0.861809,1,2,1779333,1778839,494
129778981,440.897,438.06,513,26280,0.85,0.95,2,1781239,1780726,513
129831541,61.2552,48.9765,508,27166,0.42808,1,1,1781463,1780955,508
129840301,61.642,71.4958,477,27400,0.235957,0.75,1,1781642,1781165,477
129843221,32.3284,40.6992,469,27477,0.220383,0.73,1,1781667,1781198,469
129849061,37.4531,34.588,473,27631,0.202061,0.49,1,1781733,1781260,473
129851981,72.2906,57.3176,491,27708,0.218825,0.47,1,1781814,1781323,491
129854901,40.8581,75.4635,444,27784,0.28553,0.35,1,1781847,1781403,444
129878261,73.125,72.2907,433,28388,0.403602,0.23,1,1782247,1781814,433
129881181,42.625,14.4581,468,28463,0.407441,0.33,1,1782282,1781814,468
129884101,51.725,29.2916,489,28537,0.420976,0.33,1,1782336,1781847,489
129930821,78.2747,39.3661,538,29702,0.802143,0.65,2,1783143,1782605,538
129933741,44.4549,75.0732,490,29773,0.806857,0.69,2,1783179,1782689,490
129936661,53.691,43.0146,511,29844,0.844743,0.71,2,1783235,1782724,511
129939581,12.3382,51.8029,459,29915,0.859897,0.69,2,1783237,1782778,459
129942501,56.8676,65.5606,458,29986,0.889959,0.73,2,1783305,1782847,458
130082661,61.2957,52.1257,494,33203,0.8716,1,2,1785549,1785055,494
130085581,49.0591,54.4251,485,33267,0.75064,1,2,1785595,1785110,485
130097261,31.5601,37.4631,492,33520,0.440608,1,1,1785770,1785278,492
130103101,33.5824,37.8185,483,33646,0.285297,1,1,1785844,1785361,483
130106021,36.3165,33.9637,487,33709,0.240119,1,1,1785881,1785394,487
130108941,20.0633,24.3927,481,33772,0.210048,0.99,1,1785897,1785416,481
130114781,53.2825,61.2957,460,33897,0.0660076,0.67,1,1786009,1785549,460
130117701,38.6565,49.0591,449,33959,0.092403,0.63,1,1786044,1785595,449
130120621,38.1313,41.0118,448,34021,0.0549612,0.55,1,1786082,1785634,448
130123541,61.2263,65.0024,444,34083,0.0999845,0.51,1,1786149,1785705,444
130141061,19.922,36.1145,445,34454,0.0652691,0.19,1,1786326,1785881,445
130143981,47.9844,20.0229,484,34515,0.0801076,0.11,1,1786381,1785897,484
130146901,48.7969,50.4046,475,34576,0.0740431,0.01,1,1786430,1785955,475
130149821,37.7594,53.2809,456,34637,0.0836172,0.11,1,1786465,1786009,456
130176101,48.2097,19.922,480,35183,0.205005,0.09,1,1786806,1786326,480
130179021,48.0419,47.9844,473,35243,0.220002,0.07,1,1786854,1786381,473
130181941,38.4084,48.7969,460,35303,0.238001,0.09,1,1786890,1786430,460
130184861,39.6817,37.7594,465,35363,0.2452,0.13,1,1786930,1786465,465
130187781,65.5363,39.5519,497,35423,0.29608,0.15,1,1787002,1786505,497
130202381,8.62385,34.213,431,35720,0.405531,0.19,1,1787135,1786704,431
130205301,24.1248,29.2426,431,35779,0.408212,0.17,1,1787163,1786732,431
130208221,19.225,21.0485,430,35838,0.409285,0.23,1,1787181,1786751,430
130211141,50.245,48.2097,433,35897,0.445714,0.23,1,1787239,1786806,433
130269541,36.357,35.3241,452,37056,0.777529,0.65,2,1788027,1787575,452
130272461,8.87141,8.66481,452,37113,0.773011,0.65,2,1788029,1787577,452
130275381,24.1743,24.133,452,37170,0.807205,0.65,2,1788057,1787605,452
130278301,20.0349,4.82659,471,37227,0.808882,0.63,2,1788076,1787605,471
130281221,52.007,15.3653,513,37284,0.821553,0.63,2,1788136,1787623,513
130284141,50.4014,51.8731,502,37341,0.838621,0.65,2,1788186,1787684,502
130287061,40.4803,49.5746,491,37398,0.833448,0.69,2,1788224,1787733,491
130289981,40.0961,38.7149,495,37454,0.831379,0.73,2,1788264,1787769,495
130292901,71.2192,39.743,534,37510,0.842552,0.69,2,1788343,1787809,534
130295821,43.8438,71.1486,492,37566,0.895021,0.69,2,1788380,1787888,492
130453501,30.3221,37.0081,513,40489,0.872272,1,2,1790393,1789880,513
130456421,33.2644,37.0016,510,40541,0.822909,1,2,1790427,1789917,510
130459341,31.4529,30.6003,512,40593,0.791164,1,2,1790458,1789946,512
130462261,27.0906,27.7201,511,40645,0.778465,1,2,1790484,1789973,511
130465181,35.0181,25.544,523,40697,0.773386,1,2,1790521,1789998,523
130468101,36.6036,40.3088,516,40749,0.771354,1,2,1790558,1790042,516
130488541,42.41,38.0521,513,41111,0.75241,0.87,2,1790830,1790317,513
130494381,30.3364,30.3221,496,41213,0.781586,0.79,2,1790889,1790393,496
130497301,27.6673,33.2644,489,41264,0.786634,0.77,2,1790916,1790427,489
130500221,27.1335,31.4529,485,41315,0.812654,0.77,2,1790943,1790458,485
130503141,32.6267,27.0906,493,41366,0.871062,0.77,2,1790977,1790484,493
130506061,33.7253,35.0181,490,41417,0.870425,0.77,2,1791011,1790521,490
130675421,30.4171,40.0309,510,44276,0.887133,1,2,1792971,1792461,510
130678341,30.8834,36.0062,506,44324,0.876853,1,2,1793002,1792496,506
130681261,27.7767,23.2012,513,44372,0.800741,1,2,1793029,1792516,513
130704621,29.4242,33.4675,472,44749,0.443184,1,1,1793288,1792816,472
130707541,29.8848,30.6935,472,44796,0.423274,1,1,1793318,1792846,472
130710461,32.377,30.1387,475,44843,0.415309,0.94,1,1793351,1792876,475
130713381,31.2754,32.4277,473,44890,0.412124,0.88,1,1793382,1792909,473
130739661,42.2122,46.021,444,45313,0.405877,0.49,1,1793640,1793196,444
130742581,37.2424,35.6042,447,45360,0.432351,0.43,1,1793676,1793229,447
130798061,32.5166,29.0967,478,46234,0.759454,0.51,2,1794238,1793760,478
130806821,31.0761,27.2088,478,46372,0.760685,0.57,2,1794325,1793847,478
130809741,31.0152,30.2418,478,46417,0.778274,0.61,2,1794356,1793878,478
130812661,25.403,29.2484,473,46462,0.79731,0.57,2,1794380,1793907,473
130815581,24.2806,25.0497,473,46507,0.804924,0.63,2,1794404,1793931,473
130818501,32.0561,21.8099,486,46552,0.80797,0.69,2,1794438,1793952,486
130821421,22.4112,30.762,473,46597,0.833188,0.69,2,1794458,1793985,473
130824341,28.4822,22.1524,483,46642,0.843275,0.65,2,1794488,1794005,483
130827261,43.2965,28.4305,500,46687,0.87131,0.67,2,1794535,1794035,500
130830181,40.6593,42.4861,494,46732,0.870524,0.69,2,1794575,1794081,494
130833101,29.7319,38.8972,483,46777,0.85821,0.73,2,1794602,1794119,483
130836021,29.9464,28.5794,487,46822,0.853284,0.75,2,1794632,1794145,487
130838941,30.7893,28.9159,489,46867,0.851314,0.75,2,1794663,1794174,489
130841861,31.7579,30.5832,490,46912,0.850525,0.77,2,1794695,1794205,490
130844781,28.7516,32.5166,485,46957,0.86221,0.73,2,1794723,1794238,485
130847701,28.1503,28.9033,485,47002,0.866884,0.75,2,1794751,1794266,485
130850621,32.0301,27.3807,491,47047,0.880754,0.77,2,1794784,1794293,491
131076921,424.507,456.681,490,23360,0.428464,0.97,1,1797105,1796615,490
131100281,18.7459,20.4906,432,24076,0.202406,0.03,1,1797528,1797096,432
131111961,76.4012,71.5912,432,24426,0.21643,0.19,1,1797793,1797361,432
131114881,61.6802,63.1182,429,24513,0.272572,0.15,1,1797851,1797422,429
131126561,58.0251,58.149,430,24857,0.434226,0.17,1,1798026,1797596,430
131164521,77.0547,65.5794,527,25943,0.758159,0.57,2,1798814,1798287,527
131167441,28.2109,77.1159,463,26025,0.789263,0.53,2,1798830,1798367,463
131170361,20.0422,28.2232,465,26106,0.801705,0.55,2,1798848,1798383,465
131173281,62.4084,19.2446,521,26187,0.794682,0.61,2,1798921,1798400,521
131176201,59.6817,59.8489,510,26268,0.779873,0.61,2,1798980,1798470,510
131179121,61.5363,59.1698,513,26349,0.773949,0.65,2,1799042,1798529,513
131182041,80.3073,59.834,538,26429,0.78358,0.69,2,1799127,1798589,538
131184961,66.4615,78.3668,518,26509,0.835432,0.69,2,1799190,1798672,518
131187881,81.2923,65.2734,541,26589,0.844173,0.81,2,1799275,1798734,541
131190801,29.0585,77.0547,477,26669,0.847669,0.81,2,1799291,1798814,477
131193721,20.2117,28.2109,479,26748,0.849068,0.81,2,1799309,1798830,479
131196641,61.6423,20.0422,533,26827,0.849627,0.79,2,1799381,1798848,533
131199561,58.7285,62.4084,518,26906,0.873851,0.77,2,1799439,1798921,518
131202481,13.3457,59.6817,461,26985,0.88354,0.77,2,1799441,1798980,461
131290081,61.0384,71.9652,535,29247,0.7996,1,2,1801063,1800528,535
131354321,40.5036,39.3536,448,30798,0.760742,0.51,2,1802093,1801645,448
131357241,32.1007,31.0707,449,30867,0.778297,0.57,2,1802123,1801674,449
131360161,52.8201,51.0141,451,30936,0.821319,0.59,2,1802181,1801730,451
131363081,41.764,41.4028,451,31004,0.838528,0.65,2,1802220,1801769,451
131366001,33.9528,33.0806,452,31072,0.881411,0.67,2,1802252,1801800,452
131368921,38.7906,37.8161,453,31140,0.874564,0.71,2,1802292,1801839,453
131509081,38.7958,27.6824,501,34249,0.815728,1,2,1804505,1804004,501
131523681,33.8134,41.5577,508,34557,0.289643,1,1,1804664,1804156,508
131526601,69.1627,33.1115,555,34618,0.229857,1,1,1804742,1804187,555
131535361,58.8893,33.4809,540,34801,0.0879109,0.88,1,1804885,1804345,540
131538281,48.5779,65.8962,512,34862,0.0651643,0.91,1,1804931,1804419,512
131541201,32.9156,53.9792,490,34923,0.0560657,0.75,1,1804960,1804470,490
131544121,27.3831,38.7958,481,34984,0.0644263,0.61,1,1804986,1804505,481
131547041,22.2766,33.3592,470,35044,0.0797705,0.55,1,1805007,1804537,470
131590841,30.1812,31.2502,424,35938,0.202843,0.15,1,1805522,1805098,424
131593761,68.4362,63.85,430,35997,0.207137,0.11,1,1805600,1805170,430
131596681,41.6872,43.17,427,36056,0.256855,0.17,1,1805635,1805208,427
131611281,29.557,28.2993,430,36348,0.403478,0.15,1,1805840,1805410,430
131614201,7.5114,7.25985,430,36406,0.407391,0.19,1,1805842,1805412,430
131617121,15.9023,16.652,429,36464,0.408956,0.21,1,1805860,1805431,429
131620041,31.9805,30.5304,431,36522,0.433583,0.19,1,1805896,1805465,431
131622961,27.1961,26.9061,431,36580,0.443433,0.21,1,1805922,1805491,431
131625881,29.4392,30.1812,430,36638,0.447373,0.21,1,1805952,1805522,430
131675521,48.6241,59.7013,491,37606,0.761489,0.55,2,1806668,1806177,491
131678441,34.5248,47.9403,477,37662,0.766596,0.53,2,1806699,1806222,477
131681361,31.705,33.5881,478,37718,0.756638,0.53,2,1806730,1806252,478
131684281,7.94099,30.7176,450,37774,0.752655,0.53,2,1806732,1806282,450
131687201,15.9882,7.74352,466,37830,0.763062,0.55,2,1806750,1806284,466
131690121,35.1976,15.9487,488,37886,0.767225,0.59,2,1806790,1806302,488
131695961,31.9679,27.3579,484,37998,0.759956,0.63,2,1806849,1806365,484
131698881,70.3936,30.2716,533,38054,0.789982,0.65,2,1806929,1806396,533
131701801,46.0787,70.0543,493,38110,0.801993,0.65,2,1806969,1806476,493
131704721,45.2157,46.0109,498,38165,0.842797,0.69,2,1807014,1806516,498
131707641,61.8431,43.6022,521,38220,0.859119,0.75,2,1807080,1806559,521
131710561,50.7686,59.1204,506,38275,0.877648,0.79,2,1807128,1806622,506
131713481,34.1537,48.6241,490,38330,0.885059,0.77,2,1807158,1806668,490
131859481,47.4088,56.2557,521,40996,0.8788,1,2,1808951,1808430,521
131862401,60.6818,53.6511,532,41047,0.81352,1,2,1809015,1808483,532
131865321,36.9364,58.7302,503,41098,0.787408,1,2,1809046,1808543,503
131926641,24.2757,24.5267,453,42162,0.758914,0.53,2,1809703,1809250,453
131929561,27.2551,29.7053,450,42212,0.777565,0.57,2,1809731,1809281,450
131932481,7.05103,7.54107,450,42262,0.785026,0.63,2,1809733,1809283,450
131935401,28.6102,27.1082,452,42312,0.78801,0.63,2,1809767,1809315,452
131938321,52.122,51.0216,453,42362,0.813204,0.61,2,1809825,1809372,453
131941241,41.6244,42.2043,452,42412,0.835282,0.63,2,1809864,1809412,452
131944161,60.3249,59.6409,453,42462,0.868113,0.65,2,1809929,1809476,453
131947081,36.865,35.1282,455,42512,0.869245,0.71,2,1809960,1809505,455
131950001,40.173,39.8256,455,42562,0.893698,0.69,2,1810001,1809546,455
131952921,20.8346,21.5651,454,42612,0.879479,0.71,2,1810017,1809563,454
131955841,32.9669,32.313,455,42662,0.885792,0.69,2,1810053,1809598,455
131958761,25.7934,26.4626,454,42711,0.888317,0.73,2,1810077,1809623,454
131961681,29.9587,26.8925,458,42760,0.889327,0.71,2,1810108,1809650,458
132166081,36.8302,27.1033,524,46086,0.810832,1,2,1812430,1811906,524
132177761,29.8253,30.7506,517,46270,0.432453,1,1,1812557,1812040,517
132183601,31.433,30.03,518,46362,0.269593,1,1,1812622,1812104,518
132192361,31.2275,32.9762,511,46497,0.0563739,1,1,1812710,1812199,511
132198201,31.9691,34.2791,509,46587,0.0702198,1,1,1812770,1812261,509
132201121,29.5938,30.8558,508,46632,0.0340879,0.98,1,1812799,1812291,508
132204041,22.7188,35.7712,492,46677,0.0196352,0.95,1,1812820,1812328,492
132206961,33.3438,28.7542,501,46722,0.0138541,0.86,1,1812856,1812355,501
132209881,32.2688,36.1508,495,46767,0.0355416,0.75,1,1812888,1812393,495
132212801,28.0538,36.8302,485,46812,0.0202167,0.69,1,1812915,1812430,485
132215721,30.4108,32.166,485,46857,0.0140867,0.55,1,1812946,1812461,485
132218641,30.0821,33.6332,481,46902,0.0356347,0.51,1,1812976,1812495,481
132221561,26.0164,33.1266,473,46947,0.0202539,0.35,1,1813001,1812528,473
132224481,31.6033,29.8253,477,46992,0.0381015,0.31,1,1813034,1812557,477
132227401,23.1207,33.1651,464,47037,0.0452406,0.21,1,1813055,1812591,464
132230321,23.0241,31.433,456,47082,0.0600962,0.07,1,1813078,1812622,456
132233241,23.0048,28.6866,451,47127,0.0300385,0.11,1,1813101,1812650,451
132236161,30.201,28.1373,455,47172,0.0300154,0.01,1,1813133,1812678,455
132239081,26.0402,31.2275,448,47217,0.0660062,0.13,1,1813158,1812710,448
132242001,31.608,27.8455,454,47262,0.0564025,0.05,1,1813191,1812737,454
132244921,29.5216,31.9691,450,47307,0.040561,0.01,1,1813220,1812770,450
132247841,22.7043,29.5938,442,47352,0.0342244,0.01,1,1813241,1812799,442
132250761,6.14086,22.7188,423,47397,0.0316898,0.01,1,1813243,1812820,423
132253681,30.0282,33.3438,423,47441,0.0306759,0.05,1,1813279,1812856,423
132256601,30.8056,32.2688,422,47485,0.0422704,0.01,1,1813310,1812888,422
132259521,28.5611,28.0538,423,47529,0.0349081,0.01,1,1813338,1812915,423
132262441,32.1122,30.4108,425,47573,0.0679633,0.05,1,1813371,1812946,425
132265361,29.6224,30.0821,424,47617,0.0931853,0.01,1,1813400,1812976,424
132268281,25.1245,26.0164,423,47661,0.0792741,0.05,1,1813424,1813001,423
132271201,32.2249,31.6033,424,47705,0.0617096,0.05,1,1813458,1813034,424
132274121,24.845,23.1207,426,47749,0.0906839,0.07,1,1813481,1813055,426
132291641,29.3602,29.5216,423,48013,0.0594402,0.03,1,1813643,1813220,423
132294561,22.672,22.7043,423,48057,0.0417761,0.03,1,1813664,1813241,423
132297481,6.13441,6.14086,423,48101,0.0587104,0.03,1,1813666,1813243,423
132300401,30.0269,30.0282,423,48145,0.0294842,0.05,1,1813702,1813279,423
132303321,30.0054,30.8056,422,48189,0.0537937,0.03,1,1813732,1813310,422
132306241,28.4011,28.5611,422,48233,0.0635175,0.09,1,1813760,1813338,422
132309161,33.6802,32.1122,424,48277,0.091407,0.11,1,1813795,1813371,424
132312081,29.136,29.6224,423,48321,0.0785628,0.07,1,1813823,1813400,423
132315001,26.6272,25.1245,425,48365,0.0854251,0.05,1,1813849,1813424,425
132320841,25.5451,24.845,425,48453,0.082068,0.15,1,1813906,1813481,425
132323761,24.309,22.569,427,48496,0.0988272,0.17,1,1813930,1813503,427
132373401,24.5367,24.309,451,49227,0.20557,0.15,1,1814381,1813930,451
132376321,27.3073,23.2618,456,49270,0.232228,0.17,1,1814409,1813953,456
132379241,27.0615,27.8524,454,49313,0.254891,0.13,1,1814436,1813982,454
132382161,29.4123,26.3705,458,49356,0.287956,0.15,1,1814466,1814008,458
132393841,29.9735,6.05819,462,49528,0.297436,0.11,1,1814550,1814088,462
132396761,29.9947,30.0116,456,49571,0.292974,0.13,1,1814580,1814124,456
132399681,29.9989,30.8023,455,49614,0.29119,0.13,1,1814610,1814155,455
132402601,35.5998,28.5605,464,49656,0.290476,0.15,1,1814647,1814183,464
132414281,26.4122,31.0921,455,49824,0.29942,0.21,1,1814761,1814306,455
132417201,26.8824,25.4184,458,49866,0.293768,0.15,1,1814788,1814330,458
132428881,29.9054,27.0615,466,50034,0.410768,0.31,1,1814902,1814436,466
132431801,26.7811,29.4123,462,50076,0.422307,0.31,1,1814928,1814466,462
132434721,21.3562,26.6825,456,50118,0.426923,0.31,1,1814948,1814492,456
132437641,5.87124,21.3365,438,50160,0.428769,0.31,1,1814950,1814512,438
132440561,29.1742,5.8673,471,50202,0.441508,0.29,1,1814985,1814514,471
132443481,29.8348,29.9735,465,50244,0.446603,0.29,1,1815015,1814550,465
132516481,27.49,27.6554,444,51282,0.769479,0.49,2,1815670,1815226,444
132519401,30.298,28.7311,446,51323,0.781792,0.51,2,1815701,1815255,446
132522321,30.0596,28.1462,448,51364,0.798717,0.57,2,1815731,1815283,448
132525241,30.8119,29.6292,449,51405,0.805487,0.63,2,1815762,1815313,449
132528161,34.1624,31.5258,452,51446,0.844195,0.61,2,1815797,1815345,452
132531081,27.6325,27.1052,452,51487,0.883678,0.65,2,1815823,1815371,452
132534001,21.5265,21.421,452,51528,0.875471,0.61,2,1815843,1815391,452
132536921,5.9053,5.88421,452,51569,0.872188,0.61,2,1815845,1815393,452
132539841,29.9811,29.9768,452,51610,0.882875,0.67,2,1815881,1815429,452
132542761,30.7962,29.9954,453,51651,0.89915,0.71,2,1815912,1815459,453
132856661,104.125,87.0162,501,26287,0.400889,0.33,1,1819262,1818761,501
132859581,59.2251,68.6032,485,26368,0.430356,0.29,1,1819310,1818825,485
132862501,59.845,51.3206,498,26448,0.442142,0.33,1,1819370,1818872,498
132894621,22.068,21.7538,446,27316,0.756512,0.49,2,1819873,1819427,446
132897541,26.0136,24.3508,448,27394,0.764605,0.53,2,1819900,1819452,448
132900461,60.4027,60.0702,448,27471,0.779842,0.55,2,1819969,1819521,448
132903381,64.8805,64.014,449,27548,0.773937,0.55,2,1820035,1819586,449
132906301,14.5761,14.4028,449,27625,0.771575,0.63,2,1820037,1819588,449
132909221,100.515,96.4806,454,27702,0.81863,0.71,2,1820159,1819705,454
132912141,60.103,58.4961,455,27778,0.849452,0.75,2,1820209,1819754,455
132915061,61.6206,59.6992,457,27854,0.897781,0.75,2,1820271,1819814,457
133055221,37.6503,40.0534,487,31294,0.889598,1,2,1822682,1822195,487
133058141,36.3301,8.01068,523,31362,0.853839,1,2,1822718,1822195,523
133061061,29.666,26.4021,520,31429,0.779536,1,2,1822746,1822226,520
133131141,37.8481,36.4705,451,33006,0.754542,0.57,2,1823769,1823318,451
133134061,29.9696,32.0941,448,33070,0.811817,0.57,2,1823797,1823349,448
133136981,77.1939,76.0188,450,33134,0.846727,0.63,2,1823886,1823436,450
133288821,28.4756,27.7931,492,36303,0.793348,1,2,1826067,1825575,492
133312181,39.9904,37.279,477,36767,0.0470111,1,1,1826428,1825951,477
133315101,31.1981,35.4558,471,36824,0.0488044,0.89,1,1826457,1825986,471
133318021,21.4396,23.8912,469,36881,0.0495218,0.91,1,1826476,1826007,469
133320941,25.8879,30.3782,464,36938,0.0378087,0.71,1,1826503,1826039,464
133323861,24.3776,28.4756,460,36995,0.0211235,0.63,1,1826527,1826067,460
133326781,21.6755,28.8951,452,37052,0.0264494,0.47,1,1826548,1826096,452
133329701,22.7351,26.579,449,37109,0.0405798,0.45,1,1826571,1826122,449
133332621,25.347,30.1158,444,37166,0.0702319,0.45,1,1826597,1826153,444
133335541,22.6694,6.02316,466,37223,0.0580928,0.45,1,1826619,1826153,466
133338461,69.3339,21.2046,522,37280,0.0652371,0.35,1,1826700,1826178,522
133344301,48.8534,79.5682,466,37394,0.0692379,0.07,1,1826812,1826346,466
133347221,39.3707,51.9136,458,37451,0.0456952,0,1,1826849,1826391,458
133350141,31.0741,39.9827,450,37507,0.0362781,0.05,1,1826878,1826428,450
133353061,21.4148,31.1965,440,37563,0.0205112,0.05,1,1826897,1826457,440
133355981,27.483,21.4393,450,37619,0.0862045,0.03,1,1826926,1826476,450
133361821,22.2193,24.3776,443,37731,0.0821927,0.03,1,1826970,1826527,443
133364741,22.0439,21.6755,444,37787,0.0868771,0.05,1,1826992,1826548,444
133367661,26.8088,22.7351,449,37843,0.0887508,0.09,1,1827020,1826571,449
133370581,22.9618,25.347,445,37899,0.0655003,0.05,1,1827042,1826597,445
133373501,70.1923,22.6694,505,37955,0.0682001,0.07,1,1827124,1826619,505
133382261,38.5135,48.8534,458,38122,0.0900448,0.03,1,1827270,1826812,458
133385181,31.7027,39.3707,451,38177,0.0540179,0.03,1,1827300,1826849,451
133388101,23.1405,31.0741,443,38232,0.0516072,0.01,1,1827321,1826878,443
133391021,29.4281,21.4148,455,38287,0.0386429,0.13,1,1827352,1826897,455
133393941,21.8856,27.483,446,38342,0.0694571,0.11,1,1827372,1826926,446
133396861,22.7771,23.0966,447,38397,0.0937829,0.07,1,1827395,1826948,447
133408541,71.4732,22.9618,507,38617,0.209233,0.07,1,1827549,1827042,507
133411461,15.8946,70.1923,427,38672,0.221693,0.13,1,1827551,1827124,427
133414381,60.7789,70.8385,428,38727,0.274677,0.13,1,1827623,1827195,428
133423141,31.7182,31.7027,423,38890,0.292379,0.05,1,1827723,1827300,423
133426061,23.1436,23.1405,423,38944,0.266952,0.03,1,1827744,1827321,423
133428981,31.0287,29.4281,425,38998,0.232781,0.09,1,1827777,1827352,425
133431901,23.0057,21.8856,426,39052,0.267112,0.11,1,1827798,1827372,426
133434821,23.8011,22.7771,427,39106,0.292845,0.13,1,1827822,1827395,427
133452341,64.0471,60.7789,437,39430,0.409401,0.35,1,1828060,1827623,437
133455261,41.6094,40.9558,437,39484,0.43376,0.33,1,1828096,1827659,437
133539941,21.9381,29.3892,471,41006,0.757803,0.61,2,1829071,1828600,471
133542861,31.5876,21.8778,485,41057,0.765121,0.61,2,1829105,1828620,485
133545781,27.9175,31.5756,478,41108,0.756049,0.59,2,1829132,1828654,478
133554541,31.4233,24.1566,486,41261,0.762867,0.65,2,1829215,1828729,486
133557461,23.8847,31.2313,475,41312,0.779147,0.67,2,1829237,1828762,475
133560381,75.1769,23.0463,542,41363,0.821659,0.69,2,1829325,1828783,542
133563301,16.6354,74.2093,457,41414,0.838664,0.69,2,1829327,1828870,457
133566221,66.5271,16.4418,534,41465,0.869465,0.67,2,1829406,1828872,534
133894721,107.189,100.169,518,21370,0.28552,1,1,1833217,1832699,518
133900561,75.4876,92.3268,495,21568,0.0876832,0.77,1,1833370,1832875,495
133903481,75.0975,70.4654,505,21666,0.0770733,0.63,1,1833445,1832940,505
133906401,40.6195,70.0931,467,21764,0.0608293,0.53,1,1833477,1833010,467
133909321,26.5239,39.6186,458,21861,0.0903317,0.31,1,1833500,1833042,458
133923921,74.5403,74.9836,423,22342,0.214554,0.05,1,1833868,1833445,423
133926841,42.9081,40.5967,426,22437,0.235822,0.11,1,1833903,1833477,426
133929761,27.7816,26.5193,427,22532,0.244329,0.11,1,1833927,1833500,427
133932681,48.7563,5.30387,481,22626,0.223731,0.13,1,1833981,1833500,481
133935601,85.7513,43.4608,523,22720,0.251493,0.13,1,1834076,1833553,523
133938521,77.1503,84.6922,503,22813,0.274597,0.19,1,1834151,1833648,503
133941441,72.23,75.3384,501,22906,0.295839,0.21,1,1834222,1833721,501
133961881,73.1328,77.1502,507,23546,0.433738,0.31,1,1834658,1834151,507
134002761,86.209,82.2147,451,24776,0.750824,0.67,2,1835402,1834951,451
134005681,79.6418,77.2429,453,24862,0.79833,0.63,2,1835480,1835027,453
134008601,76.7284,76.2486,453,24947,0.841332,0.69,2,1835556,1835103,453
134137081,42.7464,8.8337,536,28443,0.87544,1,2,1838019,1837483,536
134140001,39.7493,54.5667,509,28517,0.836176,1,2,1838058,1837549,509
134142921,47.9499,41.3133,521,28591,0.77247,1,2,1838108,1837587,521
134192561,35.1809,39.4568,483,29824,0.752722,0.53,2,1838964,1838481,483
134195481,8.63617,36.6914,449,29895,0.763089,0.59,2,1838966,1838517,449
134198401,44.9272,48.9383,451,29966,0.803236,0.61,2,1839020,1838569,451
134201321,33.7854,32.9877,453,30037,0.819294,0.65,2,1839051,1838598,453
134204241,55.5571,52.9975,456,30107,0.837718,0.69,2,1839112,1838656,456
134207161,52.7114,52.1995,456,30177,0.893087,0.69,2,1839164,1838708,456
134303521,61.0006,72.2115,528,32410,0.8932,1,2,1840764,1840236,528
134306441,53.0001,57.6423,525,32475,0.83128,1,2,1840815,1840290,525
134309361,29,48.3285,502,32540,0.842512,1,2,1840838,1840336,502
134312281,33,35.2657,504,32605,0.859005,1,2,1840872,1840368,504
134315201,33.8,31.0531,508,32670,0.841602,1,2,1840906,1840398,508
134318121,31.56,30.2106,509,32735,0.810641,1,2,1840937,1840428,509
134321041,32.712,30.8421,511,32800,0.822256,1,2,1840970,1840459,511
134323961,28.1424,49.3684,484,32864,0.850902,1,2,1840997,1840513,484
134326881,62.4285,65.0737,486,32928,0.802361,1,2,1841068,1840582,486
134329801,43.6857,49.0147,480,32992,0.794944,0.93,2,1841107,1840627,480
134332721,68.7371,73.0029,476,33056,0.827978,0.85,2,1841182,1840706,476
134335641,50.5474,61.0006,464,33120,0.805191,0.79,2,1841228,1840764,464
134338561,47.7095,53.0001,460,33184,0.820076,0.85,2,1841275,1840815,460
134341481,30.3419,29,463,33248,0.838031,0.87,2,1841301,1840838,463
134344401,33.2684,33,463,33312,0.833212,0.83,2,1841335,1840872,463
134347321,30.6537,33.8,459,33375,0.843285,0.79,2,1841365,1840906,459
134350241,32.5307,31.56,461,33438,0.883314,0.83,2,1841398,1840937,461
134353161,31.3061,32.712,459,33501,0.887326,0.87,2,1841429,1840970,459
134513761,36.2986,31.3226,506,36813,0.88936,1,2,1843773,1843267,506
134516681,31.2597,37.4645,497,36870,0.829744,1,2,1843803,1843306,497
134519601,30.2519,29.8929,499,36927,0.817898,1,2,1843833,1843334,499
134522521,33.2504,33.9786,498,36984,0.765159,1,2,1843867,1843369,498
134537121,66.3185,32.5638,553,37269,0.267218,1,1,1844094,1843541,553
134542961,37.3727,44.9826,509,37383,0.0511548,1,1,1844167,1843658,509
134545881,40.2745,43.3965,507,37440,0.0504619,0.93,1,1844208,1843701,507
134548801,34.4549,37.4793,504,37496,0.0381848,0.85,1,1844241,1843737,504
134551721,30.091,36.2959,497,37552,0.0332739,0.79,1,1844270,1843773,497
134554641,25.2182,31.2592,491,37608,0.0133096,0.81,1,1844294,1843803,491
134557561,28.2436,30.2518,490,37664,0.0353238,0.73,1,1844323,1843833,490
134560481,30.4487,33.2504,487,37720,0.0441295,0.69,1,1844354,1843867,487
134563401,31.6897,33.0501,486,37776,0.0356518,0.51,1,1844386,1843900,486
134566321,43.1379,33.81,498,37832,0.0322607,0.55,1,1844432,1843934,498
134569241,31.0276,49.962,472,37888,0.0189043,0.41,1,1844460,1843988,472
134572161,54.2055,35.5924,500,37944,0.0375617,0.13,1,1844520,1844020,500
134575081,36.4411,66.3185,458,38000,0.0450247,0.01,1,1844552,1844094,458
134578001,36.0882,42.8637,457,38056,0.0360099,0.01,1,1844588,1844131,457
134580921,40.0176,37.3727,462,38112,0.0444039,0.05,1,1844629,1844167,462
134583841,34.4035,40.2745,454,38167,0.0237616,0.03,1,1844662,1844208,454
134586761,30.0807,34.4549,450,38222,0.0275046,0.03,1,1844691,1844241,450
134589681,25.2161,30.091,445,38277,0.0170019,0,1,1844715,1844270,445
134592601,28.2432,25.2182,450,38332,0.0368007,0.05,1,1844744,1844294,450
134595521,30.4486,28.2436,452,38387,0.0447203,0.05,1,1844775,1844323,452
134598441,31.6897,30.4487,453,38442,0.0478881,0.03,1,1844807,1844354,453
134601361,43.1379,31.6897,467,38497,0.0491552,0.03,1,1844853,1844386,467
134604281,31.8276,43.1379,450,38552,0.0736621,0.01,1,1844882,1844432,450
134610121,12.7931,54.2055,426,38662,0.0969859,0.05,1,1844946,1844520,426
134615961,33.1517,36.0882,422,38772,0.0599178,0.05,1,1845010,1844588,422
134618881,41.0303,40.0176,424,38826,0.0659671,0.01,1,1845053,1844629,424
134621801,33.0061,34.4035,422,38880,0.0323868,0.03,1,1845084,1844662,422
134624721,29.8012,30.0807,422,38934,0.0309547,0.01,1,1845113,1844691,422
134627641,25.9602,25.2161,423,38988,0.0303819,0.05,1,1845138,1844715,423
134630561,28.392,28.2432,423,39042,0.0301528,0.05,1,1845167,1844744,423
134633481,30.4784,30.4486,423,39096,0.0300611,0.05,1,1845198,1844775,423
134636401,31.6957,31.6897,423,39150,0.0300244,0.05,1,1845230,1844807,423
134639321,43.1391,43.1379,423,39204,0.0420098,0.09,1,1845276,1844853,423
134642241,35.0278,31.8276,427,39258,0.0828039,0.13,1,1845309,1844882,427
134656841,41.3181,41.0303,423,39528,0.0990271,0.01,1,1845476,1845053,423
134659761,32.2636,33.0061,422,39581,0.0576108,0.03,1,1845506,1845084,422
134662681,29.6527,29.8012,422,39634,0.0410443,0.03,1,1845535,1845113,422
134665601,25.9305,25.9602,422,39687,0.0344177,0.03,1,1845560,1845138,422
134668521,29.1861,28.392,423,39740,0.0197671,0.03,1,1845590,1845167,423
134671441,29.8372,30.4784,422,39793,0.0259068,0.03,1,1845620,1845198,422
134674361,31.5674,31.6957,422,39846,0.0283627,0.05,1,1845652,1845230,422
134677281,43.9135,43.1391,423,39899,0.0413451,0.11,1,1845699,1845276,423
134680201,38.3827,35.0278,427,39952,0.022538,0.17,1,1845736,1845309,427
134683121,58.8765,55.8056,430,40005,0.0510152,0.17,1,1845800,1845370,430
134686041,13.3753,12.7611,430,40058,0.0864061,0.17,1,1845802,1845372,430
134688961,25.0751,2.55222,458,40111,0.0765624,0.19,1,1845830,1845372,458
134703561,25.832,29.6495,446,40374,0.0706048,0.03,1,1845981,1845535,446
134706481,29.1664,25.9299,451,40426,0.0582419,0.01,1,1846011,1845560,451
134709401,29.8333,29.186,451,40478,0.0652968,0.03,1,1846041,1845590,451
134712321,31.5667,29.8372,453,40530,0.0561187,0.03,1,1846073,1845620,453
134715241,43.9133,31.5674,468,40582,0.0404475,0.05,1,1846120,1845652,468
134718161,38.3827,43.9135,458,40634,0.034179,0.01,1,1846157,1845699,458
134721081,61.2765,38.3827,488,40686,0.0316716,0.07,1,1846224,1845736,488
134724001,13.8553,58.8765,426,40738,0.0306686,0.11,1,1846226,1845800,426
134726921,25.1711,13.3753,452,40790,0.0662675,0.07,1,1846254,1845802,452
134729841,31.4342,25.0751,457,40842,0.092507,0.13,1,1846287,1845830,457
134738601,28.3475,29.8006,454,40998,0.22456,0.13,1,1846381,1845927,454
134741521,22.4695,29.1601,446,41049,0.263824,0.03,1,1846402,1845956,446
134744441,30.0939,25.832,453,41100,0.21953,0.05,1,1846434,1845981,453
134759041,62.1012,38.3827,490,41355,0.0674992,0.03,1,1846647,1846157,490
134761961,14.0202,61.2765,425,41406,0.0449997,0.03,1,1846649,1846224,425
134764881,26.804,13.8553,453,41457,0.0479999,0.09,1,1846679,1846226,453
134767801,32.5608,25.1711,459,41508,0.0851999,0.11,1,1846713,1846254,459
134794081,43.5283,44.5288,428,41964,0.21025,0.11,1,1846970,1846542,428
134797001,37.5057,38.5058,427,42014,0.2221,0.03,1,1847006,1846579,427
134799921,59.5011,62.1012,424,42064,0.21484,0.03,1,1847071,1846647,424
134802841,13.5002,14.0202,424,42114,0.211936,0.05,1,1847073,1846649,424
134805761,27.5,26.804,425,42164,0.234774,0.11,1,1847104,1846679,425
134808681,34.3,32.5608,427,42214,0.29191,0.11,1,1847140,1846713,427
134820361,28.7717,30.0169,428,42414,0.420225,0.15,1,1847243,1846815,428
134823281,21.7543,21.2034,429,42464,0.41409,0.17,1,1847263,1846834,429
134826201,29.9509,29.0407,430,42514,0.435636,0.17,1,1847295,1846865,430
134913801,31.5155,29.5455,482,43978,0.770082,0.59,2,1848250,1847768,482
134916721,45.5031,31.5091,499,44026,0.794033,0.61,2,1848299,1847800,499
134919641,38.7006,44.7018,488,44074,0.815613,0.61,2,1848336,1847848,488
134922561,62.1401,37.7404,520,44122,0.812245,0.67,2,1848404,1847884,520
134925481,14.028,61.9481,454,44170,0.810898,0.67,2,1848406,1847952,454
134928401,28.4056,13.9896,484,44218,0.810359,0.61,2,1848438,1847954,484
134931321,36.8811,29.1979,490,44266,0.798144,0.59,2,1848477,1847987,490
134934241,8.97622,37.0396,453,44314,0.793257,0.59,2,1848479,1848026,453
134937161,38.5952,9.00792,497,44362,0.791303,0.63,2,1848525,1848028,497
134940081,33.319,37.0016,485,44410,0.838521,0.67,2,1848557,1848072,485
134943001,29.8638,33.8003,481,44457,0.869408,0.65,2,1848586,1848105,481
134945921,7.57276,29.1601,455,44504,0.881763,0.69,2,1848588,1848133,455
135290481,32.144,34.7436,511,49783,0.857507,1,2,1852246,1851735,511
135293401,24.8288,32.5487,502,49825,0.829003,1,2,1852269,1851767,502
135296321,32.9658,24.1097,515,49867,0.841601,1,2,1852304,1851789,515
135299241,32.1932,28.8219,517,49909,0.84664,1,2,1852336,1851819,517
135302161,29.6386,25.7644,521,49951,0.860656,1,2,1852365,1851844,521
135305081,21.9277,33.9529,505,49993,0.866262,0.97,2,1852385,1851880,505
135313841,26.6714,28.5596,509,50119,0.899041,1,2,1852469,1851960,509
135316761,18.1343,28.1119,497,50161,0.893616,0.95,2,1852485,1851988,497
135319681,14.0269,24.0224,487,50203,0.879447,0.95,2,1852498,1852011,487
135322601,8.40537,14.4045,482,50245,0.861779,1,2,1852505,1852023,482
135325521,22.4811,10.0809,499,50287,0.866711,1,2,1852531,1852032,499
135491961,29.2467,29.591,508,52621,0.898144,1,2,1854158,1853650,508
135494881,31.4493,25.1182,516,52661,0.857258,0.99,2,1854190,1853674,516
135497801,30.2899,32.2236,512,52701,0.792903,1,2,1854220,1853708,512
135576641,5.10207,5.41903,448,53769,0.773989,0.55,2,1854898,1854450,448
135579561,8.22041,8.28381,448,53808,0.771596,0.61,2,1854907,1854459,448
135582481,25.6441,25.6568,448,53847,0.770638,0.55,2,1854937,1854489,448
135585401,43.5288,42.7314,449,53886,0.758255,0.55,2,1854985,1854536,449
135588321,32.7058,32.5463,449,53925,0.753302,0.59,2,1855015,1854566,449
135591241,9.74115,9.70925,449,53964,0.751321,0.57,2,1855019,1854570,449
135594161,25.1482,23.5419,451,54003,0.762528,0.63,2,1855048,1854597,451
135597081,24.2296,23.9084,451,54042,0.815011,0.65,2,1855072,1854621,451
135600001,29.6459,28.7817,452,54081,0.860004,0.67,2,1855103,1854651,452
135602921,33.1292,32.1563,453,54120,0.866002,0.71,2,1855137,1854684,453
135861341,445.888,454.902,514,26280,0.778,1,2,1857945,1857431,514
135889081,72.5555,73.2361,480,27010,0.44488,1,1,1858079,1857599,480
135921201,70.1022,75.7294,465,26280,0.0915808,0.73,1,1858307,1857842,465
135924121,41.2204,30.3459,480,27088,0.0426323,0.65,1,1858341,1857861,480
135927041,35.4441,38.0692,474,27166,0.0710529,0.67,1,1858375,1857901,474
135929961,27.0888,32.4138,468,27244,0.0704212,0.59,1,1858400,1857932,468
135932881,34.2178,38.4828,464,27322,0.0341685,0.51,1,1858436,1857972,464
135935801,71.6436,51.6966,490,27400,0.0436674,0.37,1,1858517,1858027,490
135938721,34.3287,59.1393,454,27477,0.059467,0.21,1,1858542,1858088,454
135941641,56.4657,58.2279,458,27554,0.0657868,0,1,1858604,1858146,458
135944561,72.8932,68.4456,464,27631,0.0683147,0,1,1858681,1858217,464
135947481,52.9786,72.0891,439,27708,0.0573259,0.01,1,1858729,1858290,439
135950401,38.5957,55.2178,423,27784,0.0529304,0.09,1,1858764,1858341,423
135953321,34.9191,38.2436,423,27860,0.0391721,0.07,1,1858798,1858375,423
135956241,26.1838,27.6487,422,27936,0.0576689,0.01,1,1858822,1858400,422
135959161,35.6368,34.3297,424,28012,0.0770675,0.05,1,1858860,1858436,424
135962081,71.9274,71.666,424,28088,0.072827,0.07,1,1858941,1858517,424
135965001,33.5855,34.3332,423,28163,0.0711308,0.07,1,1858965,1858542,423
135967921,60.3171,56.4666,428,28238,0.0824523,0.07,1,1859032,1858604,428
135970841,69.6634,72.8933,423,28313,0.0869809,0.05,1,1859104,1858681,423
135973761,53.1327,52.9787,424,28388,0.0527924,0.05,1,1859153,1858729,424
135976681,37.0265,10.5957,457,28463,0.0511169,0.05,1,1859186,1858729,457
135979601,34.6053,30.1191,456,28537,0.0384468,0.03,1,1859220,1858764,456
135982521,26.1211,33.2238,446,28611,0.0333787,0.07,1,1859244,1858798,446
135985441,36.4242,25.8448,461,28685,0.0793515,0.09,1,1859283,1858822,461
135997121,68.5383,60.3166,495,28979,0.253311,0.09,1,1859527,1859032,495
136000041,51.3077,69.6633,470,29052,0.299325,0.03,1,1859574,1859104,470
136020481,66.141,33.457,503,29559,0.425248,0.23,1,1859890,1859387,503
136026321,52.5656,68.5383,483,29702,0.43884,0.33,1,1860010,1859527,483
136078881,67.2848,68.1423,446,30960,0.793008,0.57,2,1860781,1860335,446
136081801,72.657,71.2285,448,31028,0.827203,0.57,2,1860855,1860407,448
136084721,54.5314,52.6457,450,31096,0.828881,0.61,2,1860905,1860455,450
136087641,40.5063,39.3291,451,31164,0.841553,0.65,2,1860942,1860491,451
136090561,38.5013,36.6658,453,31232,0.822621,0.67,2,1860980,1860527,453
136093481,9.30025,8.93317,453,31300,0.815048,0.67,2,1860982,1860529,453
136096401,21.0601,1.78663,477,31368,0.812019,0.69,2,1861006,1860529,477
136099321,38.612,19.5573,496,31435,0.822808,0.67,2,1861049,1860553,496
136102241,76.5224,38.3115,539,31502,0.827123,0.75,2,1861135,1860596,539
136105161,39.3045,74.0623,486,31569,0.804849,0.75,2,1861165,1860679,486
136108081,68.6609,36.4125,535,31636,0.85594,0.83,2,1861241,1860706,535
136236561,52.3267,77.586,529,34454,0.883396,1,2,1863206,1862677,529
136257001,29.3644,32.834,510,34881,0.268577,1,1,1863480,1862970,510
136259921,34.6729,32.1668,514,34942,0.221431,0.86,1,1863516,1863002,514
136265761,74.1869,28.1667,553,35063,0.0966289,0.87,1,1863623,1863070,553
136268681,47.6374,77.6333,504,35123,0.0806516,0.87,1,1863664,1863160,504
136271601,65.5275,52.3267,528,35183,0.0862606,0.61,1,1863734,1863206,528
136292041,30.0802,29.3644,462,35602,0.218122,0.19,1,1863942,1863480,462
136294961,22.816,34.6729,447,35661,0.249249,0.13,1,1863963,1863516,447
136297881,6.16321,22.9346,429,35720,0.2617,0.05,1,1863965,1863536,429
136300801,67.6326,74.1869,425,35779,0.26668,0.07,1,1864048,1863623,425
136303721,46.3265,47.6374,425,35838,0.232672,0.09,1,1864089,1863664,425
136306641,67.6653,65.5275,428,35897,0.243069,0.11,1,1864162,1863734,428
136309561,37.5331,39.5055,425,35956,0.247228,0.13,1,1864192,1863767,425
136312481,33.1066,32.7011,426,36015,0.260891,0.15,1,1864224,1863798,426
136315401,38.6213,36.1402,429,36074,0.242356,0.17,1,1864264,1863835,429
136318321,17.3243,16.028,430,36133,0.210943,0.13,1,1864276,1863846,430
136321241,33.0649,32.0056,431,36191,0.234377,0.19,1,1864313,1863882,431
136324161,33.013,30.4011,434,36249,0.255751,0.25,1,1864346,1863912,434
136327081,30.6026,30.0802,434,36307,0.2643,0.27,1,1864376,1863942,434
136330001,23.7205,22.816,435,36365,0.26772,0.27,1,1864398,1863963,435
136332921,6.3441,6.16321,435,36423,0.269088,0.27,1,1864400,1863965,435
136335841,66.0688,67.6326,433,36481,0.257635,0.21,1,1864481,1864048,433
136338761,45.2138,46.3265,432,36539,0.265054,0.25,1,1864521,1864089,432
136347521,33.2577,33.1066,433,36713,0.410803,0.23,1,1864657,1864224,433
136350441,37.0515,38.6213,431,36771,0.446321,0.19,1,1864695,1864264,431
136353361,17.8103,17.3243,432,36828,0.448529,0.25,1,1864708,1864276,432
136408841,47.4602,65.2701,487,37902,0.76416,0.51,2,1865400,1864913,487
136411761,73.492,45.854,526,37958,0.791664,0.49,2,1865480,1864954,526
136414681,42.6984,72.3708,482,38014,0.814666,0.57,2,1865515,1865033,482
136417601,36.5397,40.8742,484,38070,0.859866,0.59,2,1865550,1865066,484
136592801,46.9167,26.4507,544,41264,0.881715,1,2,1867713,1867169,544
136595721,38.1833,58.0901,514,41315,0.826686,1,2,1867749,1867235,514
136598641,73.2367,48.418,550,41366,0.792674,1,2,1867831,1867281,550
136654121,29.2975,28.0631,456,42325,0.761586,0.67,2,1868433,1867977,456
136657041,20.2595,17.6126,459,42375,0.754635,0.73,2,1868451,1867992,459
136659961,16.8519,17.1225,458,42425,0.775854,0.69,2,1868467,1868009,458
136662881,37.7704,39.4245,456,42475,0.808342,0.71,2,1868510,1868054,456
136665801,20.3541,21.4849,455,42525,0.809337,0.71,2,1868526,1868071,455
136668721,36.8708,33.897,459,42575,0.869735,0.69,2,1868567,1868108,459
136671641,21.7742,23.5794,456,42625,0.881894,0.73,2,1868585,1868129,456
136889181,77.5482,79.7647,462,21568,0.0893838,0.03,1,1871253,1870791,462
136892101,67.5096,71.9529,457,21666,0.0657535,0.03,1,1871318,1870861,457
136895021,19.9019,43.9906,428,21764,0.0443014,0.01,1,1871326,1870898,428
136897941,27.1804,24.7981,437,21861,0.0237206,0.03,1,1871355,1870918,437
136900861,67.8361,78.5596,423,21958,0.0394882,0.15,1,1871433,1871010,423
136903781,107.967,105.312,429,22055,0.0697953,0.19,1,1871551,1871122,429
136906701,61.5934,61.0624,429,22151,0.0939181,0.03,1,1871601,1871172,429
136909621,72.3187,77.0125,423,22247,0.0915672,0.05,1,1871676,1871253,423
136912541,65.6637,67.4025,422,22342,0.0906269,0.03,1,1871740,1871318,422
136915461,20.3327,19.8805,423,22437,0.0542508,0.01,1,1871749,1871326,423
136918381,26.4665,27.1761,422,22532,0.0277003,0.01,1,1871777,1871355,422
136921301,66.8933,5.43522,499,22626,0.0890801,0.05,1,1871854,1871355,499
136924221,110.179,63.487,542,22720,0.089632,0.09,1,1871975,1871433,542
136932981,65.2014,72.2839,485,22999,0.0966965,0.09,1,1872161,1871676,485
136935901,20.2403,65.6568,430,23091,0.0926786,0.03,1,1872170,1871740,430
136938821,26.4481,20.3314,449,23183,0.0550714,0.01,1,1872198,1871749,449
136941741,70.0896,26.4663,502,23274,0.0400286,0.13,1,1872279,1871777,502
136950501,70.9927,62.0357,499,23546,0.252882,0.11,1,1872524,1872025,499
136953421,64.5985,70.0071,490,23636,0.251153,0.09,1,1872587,1872097,490
136956341,17.7197,65.2014,432,23726,0.250461,0.09,1,1872593,1872161,432
136959261,25.1439,20.2403,450,23815,0.250184,0.03,1,1872620,1872170,450
136962181,70.6288,26.4481,504,23904,0.238074,0.03,1,1872702,1872198,504
136965101,15.7258,70.0896,425,23993,0.23323,0.17,1,1872704,1872279,425
136968021,104.745,110.818,431,24081,0.207292,0.25,1,1872831,1872400,431
136970941,64.949,62.9636,435,24169,0.220917,0.29,1,1872886,1872451,435
136973861,72.1898,70.9927,436,24257,0.238367,0.25,1,1872960,1872524,436
136976781,63.238,64.5985,434,24344,0.269347,0.25,1,1873021,1872587,434
136979701,17.4476,17.7197,434,24431,0.281739,0.25,1,1873027,1872593,434
136982621,25.0895,25.1439,434,24518,0.298695,0.23,1,1873054,1872620,434
137038101,108.892,15.787,581,26111,0.76458,0.63,2,1874155,1873574,581
137041021,72.9784,104.757,518,26192,0.827832,0.69,2,1874219,1873701,518
137169501,46.6553,102.034,507,29539,0.898,1,2,1876557,1876050,507
137172421,85.3311,50.0069,565,29611,0.8812,1,2,1876652,1876087,565
137175341,53.8662,91.6014,509,29682,0.86248,1,2,1876698,1876189,509
137178261,36.3732,46.3203,506,29753,0.830992,1,2,1876730,1876224,506
137181181,29.6746,33.2641,504,29824,0.818397,1,2,1876758,1876254,504
137184101,32.3349,25.8528,513,29895,0.777359,1,2,1876791,1876278,513
137187021,24.867,31.5706,503,29966,0.772943,1,2,1876814,1876311,503
137195781,87.5909,93.2766,475,30177,0.752908,0.83,2,1876997,1876522,475
137198701,45.5182,46.6553,475,30247,0.775163,0.87,2,1877032,1876557,475
137204541,51.4207,53.8662,464,30387,0.773226,0.81,2,1877162,1876698,464
137207461,33.4841,36.3732,461,30457,0.79529,0.81,2,1877191,1876730,461
137210381,29.0968,29.6746,461,30526,0.828116,0.75,2,1877219,1876758,461
137213301,33.0194,32.3349,462,30595,0.841246,0.77,2,1877253,1876791,462
137216221,22.6039,24.867,459,30664,0.834499,0.69,2,1877273,1876814,459
137353461,79.1191,84.6143,476,33753,0.873232,1,2,1879483,1879007,476
137370981,45.1747,35.0377,499,34127,0.437641,1,1,1879727,1879228,499
137382661,36.1939,47.2753,501,34375,0.226964,1,1,1879863,1879362,501
137385581,73.6388,34.2551,553,34437,0.216785,0.79,1,1879946,1879393,553
137406021,26.356,45.1747,462,34864,0.224563,0.35,1,1880189,1879727,462
137408941,30.0712,28.2349,469,34925,0.239825,0.27,1,1880220,1879751,469
137411861,41.2142,32.847,479,34986,0.29393,0.31,1,1880264,1879785,479
137417701,74.7686,36.1939,514,35106,0.405829,0.21,1,1880377,1879863,514
137420621,46.1537,73.6388,470,35166,0.444332,0.15,1,1880416,1879946,470
137505301,43.1338,43.3252,450,36870,0.758985,0.57,2,1881495,1881045,450
137508221,28.6268,28.665,450,36927,0.765594,0.61,2,1881520,1881070,450
137511141,32.9254,32.933,450,36984,0.804238,0.59,2,1881554,1881104,450
137514061,43.3851,42.5866,451,37041,0.795695,0.63,2,1881600,1881149,451
137516981,10.277,10.1173,451,37098,0.816278,0.59,2,1881602,1881151,451
137519901,26.8554,26.0235,452,37155,0.812511,0.59,2,1881633,1881181,452
137522821,78.1711,5.20469,543,37212,0.811004,0.69,2,1881724,1881181,543
137525741,50.0342,73.0409,496,37269,0.822402,0.67,2,1881767,1881271,496
137528661,47.6068,48.2082,501,37326,0.874961,0.73,2,1881814,1881313,501
137654221,32.0147,31.7578,486,39687,0.874288,1,2,1883423,1882937,486
137657141,39.2029,31.1516,496,39740,0.823715,1,2,1883464,1882968,496
137660061,36.6406,43.0303,486,39793,0.803486,1,2,1883500,1883014,486
137662981,28.9281,23.8061,494,39846,0.783394,1,2,1883527,1883033,494
137665901,17.7856,22.3612,487,39899,0.823358,1,2,1883542,1883055,487
137668821,74.7571,78.0722,484,39952,0.815343,1,2,1883631,1883147,484
137671741,34.9514,41.2144,477,40005,0.824137,1,2,1883656,1883179,477
137674661,30.9903,33.0429,476,40058,0.827655,1,2,1883686,1883210,476
137677581,41.3981,6.60858,520,40111,0.805062,1,2,1883730,1883210,520
137680501,37.0796,40.5217,507,40164,0.832025,1,2,1883766,1883259,507
137683421,28.2159,36.1043,498,40217,0.86681,0.97,2,1883792,1883294,498
137686341,31.2432,29.6209,502,40270,0.868724,0.94,2,1883824,1883322,502
137689261,35.0486,32.3242,505,40322,0.89349,0.93,2,1883860,1883355,505
137797301,39.1549,37.7944,487,42214,0.8956,1,2,1885184,1884697,487
137808981,43.7362,34.0765,496,42414,0.873247,1,2,1885308,1884812,496
137811901,37.5472,32.4153,500,42464,0.847299,1,2,1885344,1884844,500
137814821,27.5094,37.6831,486,42514,0.77692,1,2,1885369,1884883,486
137873221,31.5596,37.8507,475,43497,0.75886,0.53,2,1886044,1885569,475
137876141,24.7119,30.7701,469,43546,0.753544,0.51,2,1886067,1885598,469
137879061,32.1424,26.154,478,43594,0.751418,0.51,2,1886101,1885623,478
137881981,33.6285,32.4308,478,43642,0.762567,0.53,2,1886135,1885657,478
137884901,25.9257,32.8862,469,43690,0.803027,0.53,2,1886159,1885690,469
137887821,9.98514,24.1772,453,43738,0.819211,0.53,2,1886165,1885712,453
137890741,45.997,11.2354,500,43786,0.837684,0.51,2,1886220,1885720,500
137893661,36.3994,43.8471,482,43834,0.869074,0.57,2,1886254,1885772,482
137896581,23.2799,36.7694,467,43882,0.893629,0.55,2,1886274,1885807,467
138752141,55.8205,29.6915,460,25633,0.0577518,0.03,1,1895049,1894589,460
138755061,62.3641,64.3383,451,25716,0.0291007,0.01,1,1895113,1894662,451
138757981,35.6728,47.2677,437,25798,0.0176403,0.03,1,1895142,1894705,437
138760901,82.3346,50.2535,480,25880,0.0250561,0.01,1,1895236,1894756,480
138763821,33.2669,57.2507,442,25962,0.0280224,0.01,1,1895257,1894815,442
138766741,22.6534,28.2501,441,26044,0.029209,0,1,1895277,1894836,441
138769661,50.9307,33.65,464,26125,0.0296836,0.07,1,1895335,1894871,464
138772581,49.3861,53.93,454,26206,0.0298734,0.13,1,1895384,1894930,454
138775501,79.4772,61.986,477,26287,0.0119494,0,1,1895471,1894994,477
138778421,67.0954,56.3972,486,26368,0.0347797,0.01,1,1895535,1895049,486
138781341,35.8191,62.4794,450,26448,0.0199119,0.01,1,1895563,1895113,450
138784261,83.9638,35.6959,517,26528,0.0259648,0.03,1,1895659,1895142,517
138787181,32.7928,82.3392,443,26608,0.0283859,0.03,1,1895679,1895236,443
138790101,22.5586,33.2678,442,26688,0.0293544,0.03,1,1895699,1895257,442
138793021,50.9117,22.6536,480,26767,0.0417417,0.03,1,1895757,1895277,480
138795941,48.5823,50.9307,470,26846,0.0706967,0.03,1,1895805,1895335,470
138798861,11.3165,49.3861,423,26925,0.0822787,0,1,1895807,1895384,423
138801781,71.8633,79.4772,423,27004,0.0389115,0.05,1,1895894,1895471,423
138804701,65.5727,67.0954,423,27082,0.0575646,0.01,1,1895958,1895535,423
138807621,34.7145,35.8191,422,27160,0.0290258,0.03,1,1895985,1895563,422
138810541,84.5429,83.9638,423,27238,0.0536103,0.03,1,1896082,1895659,423
138813461,32.9086,32.7928,423,27316,0.0394441,0.03,1,1896102,1895679,423
138816381,22.5817,22.5586,423,27394,0.0337777,0.05,1,1896122,1895699,423
138819301,51.7163,50.9117,424,27471,0.0315111,0.09,1,1896181,1895757,424
138822221,48.7433,48.5823,424,27548,0.0306044,0.09,1,1896229,1895805,424
138825141,11.3487,11.3165,424,27625,0.0662418,0.01,1,1896231,1895807,424
138828061,70.2697,71.8633,422,27702,0.0804967,0.07,1,1896316,1895894,422
138830981,65.2539,65.5727,422,27778,0.0861987,0.01,1,1896380,1895958,422
138833901,34.6508,34.7145,422,27854,0.0524795,0.07,1,1896407,1895985,422
138836821,85.3302,84.5429,423,27930,0.0389918,0.03,1,1896505,1896082,423
138839741,33.066,32.9086,423,28006,0.0935967,0.03,1,1896525,1896102,423
138860181,32.8921,54.0108,448,28531,0.206236,0.03,1,1896828,1896380,448
138868941,23.6871,32.9761,447,28753,0.0595191,0.17,1,1896972,1896525,447
138871861,51.1374,22.5952,485,28827,0.0538076,0.11,1,1897030,1896545,485
138874781,50.2275,51.719,476,28900,0.0515231,0.13,1,1897080,1896604,476
138877701,11.6455,49.5438,429,28973,0.0506092,0.13,1,1897082,1896653,429
138880621,70.3291,11.5088,512,29046,0.0502437,0.15,1,1897167,1896655,512
138883541,66.8658,70.3018,493,29119,0.0620975,0.19,1,1897233,1896740,493
138886461,33.3732,64.4604,455,29192,0.078839,0.23,1,1897258,1896803,455
138898141,51.7078,23.6871,481,29481,0.20069,0.05,1,1897453,1896972,481
138901061,50.3416,51.1374,473,29553,0.254276,0.05,1,1897503,1897030,473
138903981,11.6683,50.2275,425,29625,0.27571,0.05,1,1897505,1897080,425
138906901,70.3337,11.6455,508,29696,0.272284,0.05,1,1897590,1897082,508
138909821,67.6667,70.3291,490,29767,0.294914,0.07,1,1897657,1897167,490
138921501,31.8587,32.6949,428,30051,0.405902,0.13,1,1897802,1897374,428
138924421,23.1717,22.539,429,30121,0.420361,0.25,1,1897823,1897394,429
138976981,82.5179,1.76897,548,31362,0.772443,0.55,2,1898672,1898124,548
138979901,32.5036,80.3538,468,31429,0.794977,0.55,2,1898692,1898224,468
138982821,22.5007,32.0708,468,31496,0.815991,0.59,2,1898712,1898244,468
138985741,62.1001,22.4142,520,31563,0.836396,0.59,2,1898784,1898264,520
138988661,57.22,60.4828,506,31630,0.832559,0.69,2,1898840,1898334,506
138991581,13.044,53.6966,456,31697,0.831023,0.69,2,1898842,1898386,456
138994501,71.4088,12.3393,540,31764,0.842409,0.75,2,1898928,1898388,540
138997421,71.0818,69.6679,527,31831,0.858964,0.73,2,1898999,1898472,527
139000341,35.0164,70.7336,482,31897,0.841586,0.75,2,1899025,1898543,482
139003261,8.60327,34.9467,458,31963,0.834634,0.75,2,1899027,1898569,458
139006181,85.7207,8.58934,561,32029,0.867854,0.79,2,1899132,1898571,561
139009101,33.9441,82.5179,481,32095,0.893142,0.81,2,1899153,1898672,481
139131741,60.058,24.4951,558,34755,0.85336,1,2,1901028,1900470,558
139134661,36.8116,72.899,504,34816,0.779344,1,2,1901059,1900555,504
139146341,41.1213,27.3358,527,35059,0.449887,1,1,1901199,1900672,527
139152181,56.2049,33.0934,540,35179,0.277182,1,1,1901292,1900752,540
139158021,38.8882,79.2437,502,35299,0.0863491,0.96,1,1901401,1900899,502
139184301,26.547,33.0243,434,35834,0.210231,0.21,1,1901664,1901230,434
139187221,50.9094,56.2049,429,35893,0.258093,0,1,1901721,1901292,429
139190141,70.1819,74.441,425,35952,0.289237,0.07,1,1901796,1901371,425
139193061,39.6364,38.8882,427,36011,0.289695,0.13,1,1901828,1901401,427
139207661,28.4402,27.8678,430,36303,0.40752,0.17,1,1902001,1901571,430
139213501,7.37761,7.67471,428,36419,0.400003,0.19,1,1902032,1901604,428
139222261,51.995,50.9094,434,36593,0.41272,0.31,1,1902155,1901721,434
139225181,71.999,70.1819,436,36651,0.423088,0.29,1,1902232,1901796,436
139228101,39.9998,39.6364,436,36709,0.439235,0.31,1,1902264,1901828,436
139306941,35.4034,57.9652,480,38232,0.754222,0.59,2,1903283,1902803,480
139309861,26.2807,35.593,474,38287,0.775689,0.59,2,1903307,1902833,474
139312781,30.8561,26.3186,482,38342,0.796275,0.61,2,1903339,1902857,482
139315701,29.3712,30.0637,480,38397,0.80451,0.61,2,1903368,1902888,480
139318621,7.47425,28.4127,454,38452,0.831804,0.61,2,1903370,1902916,454
139321541,30.2949,7.28255,488,38507,0.842722,0.63,2,1903406,1902918,488
139324461,30.059,30.2565,482,38562,0.859089,0.63,2,1903436,1902954,482
139327381,58.8118,30.0513,518,38617,0.877635,0.71,2,1903502,1902984,518
139330301,13.3624,55.6103,458,38672,0.885054,0.73,2,1903504,1903046,458
139531781,39.3681,39.0732,497,42272,0.89656,1,2,1906069,1905572,497
139534701,26.2736,37.4146,483,42322,0.880624,1,2,1906092,1905609,483
139537621,28.4547,31.4829,482,42372,0.83825,1,2,1906121,1905639,482
139540541,44.0909,43.0966,484,42422,0.7853,1,2,1906169,1905685,484
139587261,36.4391,38.25,488,43211,0.773673,0.71,2,1906694,1906206,488
139593101,34.5776,29.85,490,43309,0.760988,0.63,2,1906757,1906267,490
139596021,34.9155,35.57,488,43358,0.754395,0.63,2,1906792,1906304,488
139598941,16.5831,32.714,468,43407,0.751758,0.69,2,1906804,1906336,468
139616461,26.5649,36.0548,478,43697,0.761577,0.71,2,1907009,1906531,478
139619381,29.313,26.411,484,43745,0.802631,0.73,2,1907039,1906555,484
139622301,45.0626,26.8822,506,43793,0.831052,0.77,2,1907088,1906582,506
139625221,29.8125,42.9764,485,43841,0.854421,0.75,2,1907114,1906629,485
139628141,37.9625,30.1953,498,43889,0.839768,0.79,2,1907154,1906656,498
139631061,26.7925,36.4391,484,43937,0.833907,0.73,2,1907178,1906694,484
139633981,34.9585,28.8878,494,43985,0.831563,0.77,2,1907215,1906721,494
139636901,34.9917,34.5776,493,44033,0.854625,0.75,2,1907250,1906757,493
139639821,16.5983,34.9155,470,44081,0.86385,0.75,2,1907262,1906792,470
139642741,30.5197,16.5831,492,44129,0.87954,0.73,2,1907296,1906804,492
139815021,38.1088,37.008,516,46864,0.815882,1,2,1909192,1908676,516
139817941,38.0218,32.2016,523,46909,0.752353,1,2,1909230,1908707,523
139838381,32.7272,32.7393,517,47224,0.0623029,1,1,1909455,1908938,517
139841301,26.5454,40.9479,499,47269,0.0249211,1,1,1909480,1908981,499
139844221,38.1091,26.5896,517,47314,0.0399685,1,1,1909521,1909004,517
139847141,22.8218,34.1179,500,47359,0.0219874,0.96,1,1909540,1909040,500
139850061,9.36436,26.0236,482,47404,0.014795,0.94,1,1909546,1909064,482
139852981,17.8729,19.6047,484,47448,0.00591798,1,1,1909566,1909082,484
139855901,19.5746,32.7209,468,47492,0.0443672,0.87,1,1909586,1909118,468
139858821,30.3149,34.5442,466,47536,0.0477469,0.75,1,1909619,1909153,466
139861741,34.063,38.1088,462,47580,0.0250988,0.71,1,1909654,1909192,462
139864661,33.2126,38.0218,457,47624,0.0520395,0.63,1,1909687,1909230,457
139867581,27.4425,34.0044,450,47668,0.0508158,0.53,1,1909713,1909263,450
139870501,17.4885,24.4009,443,47712,0.0383263,0.41,1,1909728,1909285,443
139873421,25.8977,26.4802,444,47756,0.0693305,0.27,1,1909756,1909312,444
139876341,25.1795,34.896,432,47800,0.0937322,0.05,1,1909781,1909349,432
139882181,40.2072,39.6358,426,47888,0.0641972,0.03,1,1909850,1909424,426
139885101,32.8414,32.7272,426,47932,0.0436789,0,1,1909881,1909455,426
139888021,25.7683,26.5454,425,47976,0.0234715,0.05,1,1909905,1909480,425
139890941,36.3537,38.1091,423,48020,0.0513886,0.01,1,1909944,1909521,423
139893861,21.6707,22.8218,422,48064,0.0505554,0.01,1,1909962,1909540,422
139896781,9.13415,9.36436,422,48108,0.0202222,0,1,1909968,1909546,422
139899701,21.0268,17.8729,426,48152,0.0140889,0.07,1,1909992,1909566,426
139902621,17.0054,19.5746,422,48196,0.0476356,0.05,1,1910008,1909586,422
139905541,29.8011,30.3149,422,48240,0.0370542,0.01,1,1910041,1909619,422
139908461,34.7602,34.063,423,48284,0.0328217,0.07,1,1910077,1909654,423
139911381,34.152,33.2126,424,48328,0.0431287,0.05,1,1910111,1909687,424
139914301,26.0304,27.4425,422,48372,0.0712515,0.03,1,1910135,1909713,422
139917221,19.6061,17.4885,425,48416,0.0345006,0.09,1,1910153,1909728,425
139920141,25.5212,25.8977,424,48460,0.0198002,0.11,1,1910180,1909756,424
139923061,27.5042,25.1795,427,48503,0.0739201,0.13,1,1910208,1909781,427
139931821,32.092,32.8414,423,48632,0.0894509,0.01,1,1910304,1909881,423
139934741,24.8184,25.7683,422,48675,0.0417804,0.07,1,1910327,1909905,422
139937661,36.9637,36.3537,423,48718,0.0587121,0.05,1,1910367,1909944,423
139940581,20.9927,21.6707,422,48761,0.0534849,0,1,1910384,1909962,422
139943501,8.99855,9.13415,422,48804,0.0273939,0.01,1,1910390,1909968,422
139946421,20.9997,21.0268,422,48847,0.0169576,0.01,1,1910414,1909992,422
139949341,16.1999,4.20537,437,48890,0.012783,0.07,1,1910429,1909992,437
139952261,29.64,13.6411,454,48933,0.0111132,0.03,1,1910462,1910008,454
139955181,36.328,29.1282,459,48976,0.0224453,0.03,1,1910500,1910041,459
139958101,34.4656,34.6256,457,49019,0.0629781,0.05,1,1910534,1910077,457
139961021,24.4931,34.1251,445,49062,0.0791912,0.09,1,1910556,1910111,445
139963941,19.2986,26.025,439,49105,0.0736765,0.01,1,1910574,1910135,439
139966861,28.6597,19.605,452,49148,0.0594706,0.01,1,1910605,1910153,452
139969781,28.9319,25.521,454,49191,0.0417882,0.11,1,1910634,1910180,454
139972701,27.3864,27.5042,453,49234,0.0347153,0.17,1,1910661,1910208,453
139975621,34.2773,26.3008,463,49277,0.0318861,0.11,1,1910697,1910234,463
139978541,31.6555,36.4602,455,49320,0.0427544,0.07,1,1910728,1910273,455
139981461,22.3311,32.092,444,49363,0.0351018,0.01,1,1910748,1910304,444
139984381,38.8662,24.8184,464,49406,0.0320407,0.07,1,1910791,1910327,464
139987301,18.9732,36.9637,438,49449,0.0308163,0.05,1,1910805,1910367,438
139990221,8.59465,20.9927,427,49492,0.0303265,0.01,1,1910811,1910384,427
139993141,20.9189,8.99855,445,49535,0.0181306,0.01,1,1910835,1910390,445
139996061,16.1838,20.9997,436,49578,0.0132522,0.01,1,1910850,1910414,436
139998981,29.6368,16.1999,454,49620,0.0353009,0.01,1,1910883,1910429,454
140001901,38.7274,29.64,462,49662,0.0441204,0.03,1,1910924,1910462,462
140004821,35.7455,36.328,459,49704,0.0356481,0.09,1,1910959,1910500,459
140007741,23.9491,34.4656,446,49746,0.0442593,0.09,1,1910980,1910534,446
140010661,19.1898,24.4931,442,49788,0.0477037,0.07,1,1910998,1910556,442
140013581,26.238,19.2986,452,49830,0.0490815,0.05,1,1911026,1910574,452
140016501,30.0476,28.6597,452,49872,0.0496326,0.03,1,1911057,1910605,452
140019421,26.8095,28.9319,449,49914,0.049853,0.03,1,1911083,1910634,449
140022341,34.9619,27.3864,459,49956,0.0859412,0.03,1,1911120,1910661,459
140031101,37.9117,22.3311,464,50082,0.0503802,0.03,1,1911212,1910748,464
140034021,18.7823,38.8662,435,50124,0.0381521,0.03,1,1911226,1910791,435
140036941,8.55647,18.9732,427,50166,0.0332608,0.03,1,1911232,1910805,427
140039861,21.7113,8.59465,446,50208,0.0433043,0.01,1,1911257,1910811,446
140042781,17.1423,20.9189,438,50250,0.0233217,0.01,1,1911273,1910835,438
140045701,28.2285,16.1838,454,50292,0.0393287,0.05,1,1911304,1910850,454
140048621,7.24569,29.6368,423,50334,0.0457315,0.05,1,1911306,1910883,423
140051541,33.4491,38.7274,422,50376,0.0482926,0.03,1,1911346,1910924,422
140054461,35.4898,35.7455,423,50418,0.061317,0.05,1,1911382,1910959,423
140057381,24.698,23.9491,424,50460,0.0665268,0.05,1,1911404,1910980,424
140060301,19.3396,19.1898,424,50502,0.0566107,0.05,1,1911422,1910998,424
140066141,30.0536,30.0476,424,50586,0.0990577,0.05,1,1911481,1911057,424
140069061,26.8107,26.8095,424,50628,0.0936231,0.11,1,1911507,1911083,424
140077821,19.4145,21.5585,425,50754,0.202072,0.01,1,1911595,1911170,425
140080741,35.8829,37.9117,423,50795,0.206829,0.03,1,1911635,1911212,423
140086581,8.31532,8.55647,422,50877,0.204693,0.05,1,1911654,1911232,422
140109941,20.3314,19.3396,425,51205,0.228857,0.15,1,1911847,1911422,425
140112861,28.0663,26.2679,427,51246,0.217543,0.09,1,1911877,1911450,427
140115781,29.6133,30.0536,426,51287,0.213017,0.09,1,1911907,1911481,426
140118701,26.7227,26.8107,426,51328,0.235207,0.13,1,1911933,1911507,426
140121621,38.9445,37.3621,428,51369,0.220083,0.19,1,1911975,1911547,428
140124541,35.7889,33.0724,431,51410,0.226033,0.23,1,1912010,1911579,431
140127461,19.9578,19.4145,431,51451,0.228413,0.21,1,1912026,1911595,431
140130381,35.1916,35.8829,430,51492,0.265365,0.19,1,1912065,1911635,430
140133301,17.4383,17.5766,430,51533,0.268146,0.21,1,1912078,1911648,430
140136221,6.68766,8.31532,428,51574,0.269258,0.11,1,1912082,1911654,428
140139141,20.5375,21.6631,427,51615,0.269703,0.09,1,1912106,1911679,427
140142061,17.7075,17.9326,427,51656,0.281881,0.15,1,1912123,1911696,427
140144981,27.5415,27.5865,427,51697,0.286753,0.15,1,1912153,1911726,427
140171261,38.9449,26.7209,473,52065,0.416831,0.21,1,1912406,1911933,473
140174181,36.589,38.9442,467,52105,0.400732,0.23,1,1912442,1911975,467
140191701,18.5152,20.5375,452,52345,0.403849,0.29,1,1912558,1912106,452
140194621,27.703,17.7075,465,52385,0.407539,0.29,1,1912588,1912123,465
140197541,7.14061,27.5415,437,52425,0.409016,0.33,1,1912590,1912153,437
140206301,26.8731,38.0443,461,52545,0.403217,0.33,1,1912696,1912235,461
140209221,21.3746,26.8089,457,52585,0.419287,0.35,1,1912716,1912259,457
140212141,29.0749,20.5618,469,52625,0.413715,0.37,1,1912747,1912278,469
140215061,30.615,28.1124,470,52665,0.423486,0.39,1,1912778,1912308,470
140279301,20.6258,19.8122,446,53539,0.758192,0.53,2,1913344,1912898,446
140282221,36.9252,35.1624,448,53578,0.765277,0.55,2,1913385,1912937,448
140285141,18.585,19.0325,447,53617,0.768111,0.51,2,1913399,1912952,447
140288061,6.91701,7.0065,447,53656,0.793244,0.55,2,1913403,1912956,447
140290981,22.9834,21.4013,449,53695,0.803298,0.55,2,1913430,1912981,449
140293901,18.9967,18.6803,449,53734,0.807319,0.55,2,1913448,1912999,449
140296821,27.7993,27.7361,449,53773,0.844928,0.55,2,1913478,1913029,449
140299741,7.15987,7.14721,449,53812,0.835971,0.57,2,1913480,1913031,449
140302661,35.832,35.0294,450,53851,0.880388,0.57,2,1913523,1913073,450
140305581,38.3664,38.2059,450,53890,0.862155,0.59,2,1913562,1913112,450
140308501,28.4733,27.6412,451,53929,0.854862,0.59,2,1913588,1913137,451
140311421,7.29466,7.12824,451,53968,0.851945,0.63,2,1913590,1913139,451
140314341,18.2589,17.4256,452,54007,0.874778,0.65,2,1913611,1913159,452
140317261,27.6518,27.4851,452,54046,0.895911,0.61,2,1913641,1913189,452
140527501,451.953,455.31,520,26280,0.754,1,2,1915963,1915443,520
140540641,192.79,219.862,487,26280,0.4396,1,1,1916091,1915604,487
140582981,63.2063,64.6389,501,26441,0.0638944,0.79,1,1916330,1915829,501
140585901,36.6413,56.9278,476,26521,0.0555578,0.79,1,1916360,1915884,476
140588821,32.9283,37.7856,475,26601,0.0402231,0.69,1,1916392,1915917,475
140591741,24.1857,32.3571,466,26681,0.0460892,0.57,1,1916414,1915948,466
140594661,26.4371,38.4714,453,26760,0.0364357,0.35,1,1916441,1915988,453
140597581,68.4874,36.4943,496,26839,0.0565743,0.17,1,1916520,1916024,496
140600501,34.4975,71.2989,442,26918,0.0646297,0,1,1916546,1916104,442
140606341,73.2199,107.172,423,27075,0.0835408,0.03,1,1916695,1916272,423
140609261,61.844,67.8344,424,27153,0.0394163,0.05,1,1916754,1916330,424
140612181,35.5688,37.5669,423,27231,0.0457665,0.03,1,1916783,1916360,423
140615101,32.7138,33.1134,423,27309,0.0963066,0.05,1,1916815,1916392,423
140620941,26.5886,26.4445,424,27464,0.0958091,0.07,1,1916865,1916441,424
140629701,66.9327,66.0996,426,27695,0.213252,0.07,1,1917046,1916620,426
140632621,70.1865,73.2199,422,27771,0.211301,0.01,1,1917117,1916695,422
140653061,35.2682,34.6635,428,28300,0.210739,0.25,1,1917399,1916971,428
140655981,70.2536,66.9327,432,28375,0.234295,0.25,1,1917478,1917046,432
140658901,68.4507,13.3865,500,28450,0.267718,0.21,1,1917546,1917046,500
140688101,59.7077,68.4507,492,29185,0.402614,0.33,1,1918038,1917546,492
140691021,37.5415,57.6901,469,29258,0.419046,0.33,1,1918070,1917601,469
140693941,36.3083,37.138,473,29330,0.449618,0.31,1,1918106,1917633,473
140696861,25.6617,35.4276,461,29402,0.449847,0.35,1,1918129,1917668,461
140740661,74.4056,72.6265,451,30464,0.756764,0.63,2,1918873,1918422,451
140743581,62.0811,60.1253,453,30533,0.788705,0.63,2,1918932,1918479,453
140746501,14.0162,13.6251,453,30602,0.825482,0.67,2,1918934,1918481,453
140749421,29.2032,28.325,454,30671,0.840193,0.65,2,1918967,1918513,454
140752341,34.6406,36.065,452,30740,0.870077,0.63,2,1919003,1918551,452
140758181,27.3056,27.5226,451,30878,0.896412,0.67,2,1919053,1918602,451
140904181,29.6674,24.2903,492,34134,0.8632,1,2,1921412,1920920,492
140907101,35.5335,28.8581,499,34196,0.79528,1,2,1921449,1920950,499
140910021,23.9067,35.3716,483,34258,0.792112,1,2,1921470,1920987,483
140927541,72.8924,62.1143,548,34626,0.433691,1,1,1921784,1921236,548
140991781,60.4609,59.4391,450,35945,0.770221,0.59,2,1922603,1922153,450
140994701,68.8922,67.8878,451,36004,0.782088,0.61,2,1922674,1922223,451
140997621,51.3784,49.5776,453,36063,0.786835,0.65,2,1922721,1922268,453
141000541,27.8757,28.3155,452,36122,0.812734,0.61,2,1922743,1922291,452
141003461,24.7751,24.8631,452,36181,0.835094,0.61,2,1922767,1922315,452
141006381,32.955,32.9726,452,36239,0.856037,0.63,2,1922802,1922350,452
141009301,22.591,21.7945,453,36297,0.840415,0.61,2,1922822,1922369,453
141012221,33.3182,32.3589,454,36355,0.870166,0.65,2,1922858,1922404,454
141015141,8.26364,8.07178,454,36413,0.882066,0.69,2,1922860,1922406,454
141181581,41.4673,41.059,495,39585,0.897638,1,2,1925146,1924651,495
141184501,33.0935,37.8118,489,39638,0.893055,1,2,1925177,1924688,489
141190341,30.6037,28.7125,490,39744,0.835289,1,2,1925240,1924750,490
141193261,33.3207,20.9425,505,39797,0.772116,1,2,1925274,1924769,505
141251661,59.7347,28.3472,521,40845,0.761278,0.63,2,1925970,1925449,521
141254581,59.9469,60.0694,513,40897,0.778511,0.67,2,1926030,1925517,513
141257501,37.5894,59.2139,486,40949,0.785404,0.69,2,1926062,1925576,486
141260421,33.1179,36.6428,487,41001,0.788162,0.69,2,1926094,1925607,487
141263341,30.6236,34.5286,483,41052,0.801265,0.67,2,1926124,1925641,483
141266261,28.5247,31.7057,480,41103,0.818506,0.67,2,1926152,1925672,480
141269181,29.7049,27.1411,484,41154,0.837402,0.65,2,1926182,1925698,484
141272101,34.741,30.2282,489,41205,0.856961,0.67,2,1926218,1925729,489
141275021,23.7482,34.0456,475,41256,0.888784,0.67,2,1926239,1925764,475
141283781,40.062,34.8324,497,41409,0.896642,0.73,2,1926337,1925840,497
141286701,27.2124,37.3665,483,41460,0.892657,0.77,2,1926361,1925878,483
141289621,59.8425,26.6733,527,41511,0.891063,0.77,2,1926429,1925902,527
141292541,13.5685,59.7347,461,41562,0.890425,0.79,2,1926431,1925970,461
141421021,37.6745,50.2989,512,43741,0.886,1,2,1927953,1927441,512
141423941,32.3349,31.6598,516,43789,0.8284,1,2,1927984,1927468,516
141426861,29.667,31.132,514,43837,0.80536,1,2,1928013,1927499,514
141429781,25.9334,33.4264,505,43885,0.784144,1,2,1928038,1927533,505
141450221,30.1562,32.8929,515,44221,0.294105,1,1,1928263,1927748,515
141453141,51.6312,30.5786,542,44269,0.243642,1,1,1928320,1927778,542
141456061,31.9262,57.3157,505,44317,0.211457,1,1,1928347,1927842,505
141458981,38.3852,33.8631,517,44365,0.210583,1,1,1928387,1927870,517
141470661,23.0118,29.667,460,44554,0.203103,0.77,1,1928473,1928013,460
141479421,36.3441,41.9973,445,44695,0.204279,0.57,1,1928563,1928118,445
141482341,27.2688,31.5995,441,44742,0.243711,0.47,1,1928588,1928147,441
141485261,28.6538,29.5199,441,44789,0.271485,0.41,1,1928617,1928176,441
141488181,26.5308,29.904,437,44836,0.294594,0.25,1,1928643,1928206,437
141508621,30.1904,27.2954,432,45165,0.414361,0.21,1,1928876,1928444,432
141520301,30.3011,29.7205,430,45353,0.405504,0.23,1,1928955,1928525,430
141593301,33.6578,38.707,482,46501,0.7705,0.61,2,1929738,1929256,482
141596221,30.7316,32.5414,481,46546,0.8062,0.61,2,1929768,1929287,481
141599141,7.74631,30.5083,453,46591,0.82048,0.61,2,1929770,1929317,453
141602061,21.5493,7.70166,476,46636,0.838192,0.67,2,1929795,1929319,476
141604981,20.3099,20.7403,472,46681,0.845277,0.61,2,1929815,1929343,472
141607901,29.662,20.9481,483,46726,0.860111,0.61,2,1929847,1929364,483
141610821,42.7324,29.7896,497,46771,0.890044,0.63,2,1929893,1929396,497
141613741,31.7465,41.9579,481,46816,0.890018,0.65,2,1929922,1929441,481
141616661,30.3493,30.7916,483,46861,0.890007,0.63,2,1929952,1929469,483
141619581,27.6699,29.3583,481,46906,0.890003,0.65,2,1929979,1929498,481
141622501,24.734,27.4717,478,46951,0.866001,0.67,2,1930003,1929525,478
141625421,32.1468,24.6943,488,46996,0.8564,0.67,2,1930037,1929549,488
141628341,52.0294,32.1389,511,47041,0.87656,0.69,2,1930094,1929583,511
141790401,432.746,438.633,506,21900,0.874,0.97,2,1931875,1931369,506
141821061,100.99,102.025,469,22724,0.40984,0.85,1,1932318,1931849,469
141841501,56.7941,69.5062,455,23369,0.448681,0.31,1,1932753,1932298,455
141873621,102.35,99.0143,452,24348,0.763458,0.59,2,1933389,1932937,452
141876541,86.07,86.2029,451,24435,0.779383,0.59,2,1933471,1933020,451
141879461,70.014,70.0406,451,24522,0.845753,0.59,2,1933537,1933086,451
141882381,56.4028,55.6081,452,24608,0.872301,0.59,2,1933590,1933138,452
141885301,12.8806,12.7216,452,24694,0.882921,0.67,2,1933592,1933140,452
141888221,52.1761,49.7443,455,24780,0.887168,0.69,2,1933654,1933199,455
141993341,43.1508,37.1562,493,27692,0.892,1,2,1935668,1935175,493
141996261,75.0302,85.0312,479,27768,0.8548,1,2,1935751,1935272,479
142007941,44.6256,41.2496,489,28072,0.414091,1,1,1936005,1935516,489
142019621,34.8682,43.1508,470,28372,0.273209,0.82,1,1936138,1935668,470
142025461,75.1547,68.126,540,28521,0.0953134,0.67,1,1936291,1935751,540
142028381,61.4309,84.8252,509,28595,0.0441254,0.53,1,1936349,1935840,509
142031301,55.4862,67.365,500,28669,0.0356501,0.39,1,1936403,1935903,500
142034221,46.2972,63.073,482,28743,0.0322601,0.37,1,1936447,1935965,482
142037141,24.4594,44.6146,461,28817,0.030904,0.37,1,1936466,1936005,461
142040061,29.6919,26.5229,470,28890,0.0783616,0.35,1,1936497,1936027,470
142042981,36.3384,31.7046,475,28963,0.0973446,0.27,1,1936535,1936060,475
142057581,56.1767,61.4309,477,29327,0.0893456,0.03,1,1936826,1936349,477
142060501,45.6354,55.4862,466,29399,0.0777382,0.03,1,1936869,1936403,466
142075101,62.5861,34.4677,496,29757,0.0947128,0.13,1,1937065,1936569,496
142098461,35.3035,36.6531,427,30321,0.202626,0.09,1,1937386,1936959,427
142101381,35.8607,36.9306,426,30391,0.20705,0.09,1,1937422,1936996,426
142107221,78.0744,75.7172,429,30530,0.264728,0.15,1,1937573,1937144,429
142110141,17.2149,16.7434,429,30599,0.291891,0.19,1,1937575,1937146,429
142136421,81.3088,78.0744,436,31216,0.434008,0.31,1,1938009,1937573,436
142174381,48.4221,49.1724,493,32085,0.758353,0.49,2,1938561,1938068,493
142177301,46.4844,48.2345,491,32151,0.789341,0.49,2,1938607,1938116,491
142180221,25.2969,46.4469,465,32217,0.801737,0.49,2,1938627,1938162,465
142183141,35.4594,25.2894,483,32283,0.818695,0.55,2,1938665,1938182,483
142186061,35.8919,33.0579,484,32349,0.825478,0.55,2,1938701,1938217,484
142188981,41.5784,35.4116,491,32414,0.816191,0.59,2,1938744,1938253,491
142191901,66.7157,39.0823,524,32479,0.848476,0.67,2,1938817,1938293,524
142194821,86.9431,63.8165,546,32544,0.861391,0.71,2,1938909,1938363,546
142197741,18.9886,84.7633,458,32609,0.866556,0.71,2,1938911,1938453,458
142200661,52.5977,18.5527,517,32674,0.880623,0.77,2,1938972,1938455,517
142358341,79.9776,92.486,485,36002,0.835347,1,2,1941279,1940794,485
142370021,29.4016,36.2248,474,36237,0.761881,1,2,1941417,1940943,474
142375861,31.7361,34.089,473,36353,0.807101,0.95,2,1941484,1941011,473
142378781,28.7472,26.0178,477,36411,0.78484,0.96,2,1941512,1941035,477
142381701,23.3494,26.0036,473,36469,0.799936,0.93,2,1941534,1941061,473
142384621,33.4699,37.2007,469,36527,0.793974,0.91,2,1941570,1941101,469
142387541,29.094,31.4401,467,36585,0.81559,0.89,2,1941598,1941131,467
142390461,53.8188,55.888,465,36643,0.824236,0.79,2,1941658,1941193,465
142393381,75.5638,79.9776,460,36701,0.815694,0.69,2,1941739,1941279,460
142396301,38.3128,43.1955,455,36759,0.812278,0.75,2,1941768,1941313,455
142399221,35.6625,35.0391,457,36816,0.810911,0.75,2,1941803,1941346,457
142402141,43.1325,43.0078,457,36873,0.798364,0.77,2,1941848,1941391,457
142405061,28.6265,29.4016,456,36930,0.805346,0.73,2,1941873,1941417,456
142407981,36.1253,34.6803,458,36987,0.832138,0.85,2,1941911,1941453,458
142410901,32.0251,31.7361,458,37044,0.866855,0.77,2,1941942,1941484,458
142413821,28.805,28.7472,458,37101,0.880742,0.81,2,1941970,1941512,458
142416741,24.961,23.3494,460,37158,0.886297,0.81,2,1941994,1941534,460
142589021,30.5197,29.7593,515,40375,0.891144,1,2,1944266,1943751,515
142591941,36.5039,25.1519,529,40427,0.830457,1,2,1944304,1943775,529
142594861,33.7008,40.2304,518,40479,0.842183,1,2,1944337,1943819,518
142597781,35.5402,37.6461,517,40531,0.870873,1,2,1944373,1943856,517
142600701,38.308,39.5292,516,40583,0.882349,1,2,1944412,1943896,516
142883941,145.331,141.725,488,20544,0.240016,0.45,1,1947763,1947275,488
142892701,98.2186,106.99,449,20852,0.076081,0.05,1,1948004,1947555,449
142895621,81.2437,59.798,478,20954,0.0724324,0.17,1,1948081,1947603,478
142898541,36.2487,64.7596,437,21055,0.094973,0.07,1,1948106,1947669,437
142904381,65.29,68.8304,426,21256,0.0955957,0.17,1,1948189,1947763,426
142916061,78.7925,81.1213,423,21652,0.0642232,0.11,1,1948504,1948081,423
142918981,37.3585,36.2243,425,21750,0.0556893,0.11,1,1948531,1948106,425
142921901,10.6717,10.4449,425,21848,0.0522757,0.09,1,1948535,1948110,425
142924821,65.3343,65.289,425,21945,0.0749103,0.19,1,1948614,1948189,425
142927741,72.2669,69.0578,429,22042,0.0599641,0.23,1,1948688,1948259,429
142933581,93.6107,97.9623,425,22234,0.202794,0.01,1,1948855,1948430,425
142968621,73.8503,66.1082,501,23352,0.239449,0.11,1,1949538,1949037,501
142971541,73.1701,72.4216,500,23443,0.28178,0.15,1,1949611,1949111,500
142980301,35.3054,72.4514,455,23713,0.435874,0.17,1,1949808,1949353,455
143015341,17.2989,16.9141,449,24763,0.752981,0.57,2,1950423,1949974,449
143021181,100.852,99.8766,451,24934,0.800877,0.65,2,1950609,1950158,451
143024101,79.3704,75.1753,456,25019,0.818351,0.73,2,1950683,1950227,456
143027021,36.6741,35.8351,456,25104,0.86134,0.73,2,1950709,1950253,456
143029941,10.5348,10.367,456,25188,0.854536,0.73,2,1950713,1950257,456
143032861,70.107,68.4734,458,25272,0.875814,0.73,2,1950798,1950340,458
143035781,78.8214,78.4947,458,25356,0.872326,0.77,2,1950879,1950421,458
143038701,17.3643,17.2989,458,25440,0.87093,0.77,2,1950881,1950423,458
143041621,62.6729,3.45979,532,25523,0.882372,0.71,2,1950955,1950423,532
143135061,62.3151,69.7132,476,28057,0.84136,1,2,1952768,1952292,476
143137981,34.863,29.9426,484,28132,0.834544,1,2,1952796,1952312,484
143146741,42.9349,46.8315,481,28357,0.427571,1,1,1953001,1952520,481
143158421,49.7775,33.5789,529,28654,0.296594,0.93,1,1953172,1952643,529
143161341,59.5555,55.5158,530,28728,0.280638,0.77,1,1953234,1952704,530
143164261,28.7111,62.3032,487,28802,0.262255,0.83,1,1953255,1952768,487
143167181,52.1422,34.8606,517,28876,0.254902,0.61,1,1953313,1952796,517
143170101,89.6284,57.3721,553,28949,0.251961,0.39,1,1953412,1952859,553
143173021,37.9257,102.674,464,29022,0.250784,0.37,1,1953437,1952973,464
143175941,49.9851,42.9349,489,29095,0.286314,0.27,1,1953490,1953001,489
143181781,39.2794,32.4374,474,29241,0.40461,0.29,1,1953555,1953081,474
143184701,49.4559,36.8875,488,29313,0.407844,0.29,1,1953607,1953119,488
143187621,57.0912,49.7775,494,29385,0.433138,0.27,1,1953666,1953172,494
143190541,29.0182,59.5555,454,29457,0.443255,0.25,1,1953688,1953234,454
143219741,30.9238,29.0182,446,30168,0.765601,0.53,2,1954134,1953688,446
143222661,54.9848,52.2036,449,30238,0.792241,0.57,2,1954195,1953746,449
143225581,92.5969,90.4407,451,30308,0.826896,0.59,2,1954297,1953846,451
143228501,39.3194,38.8881,451,30378,0.816759,0.59,2,1954323,1953872,451
143231421,51.8639,51.7776,451,30448,0.836703,0.57,2,1954378,1953927,451
143234341,27.9728,28.7555,450,30518,0.820681,0.57,2,1954400,1953950,450
143237261,7.19455,7.3511,450,30587,0.814273,0.65,2,1954402,1953952,450
143240181,41.4389,37.4702,455,30656,0.811709,0.75,2,1954452,1953997,455
143243101,51.4878,49.094,457,30725,0.846684,0.75,2,1954506,1954049,457
143246021,59.8976,58.6188,458,30794,0.896673,0.79,2,1954568,1954110,458
143377421,94.3066,101.364,470,33748,0.892,1,2,1956665,1956195,470
143380341,62.0613,46.6729,491,33811,0.7948,1,2,1956719,1956228,491
143383261,39.6123,42.1346,484,33874,0.75592,1,2,1956753,1956269,484
143394941,36.6522,44.0098,487,34122,0.255272,1,1,1956890,1956403,487
143400781,36.6661,36.3204,491,34246,0.0756434,1,1,1956966,1956475,491
143403701,32.9332,7.26408,523,34308,0.0602574,1,1,1956998,1956475,523
143406621,40.9866,31.8528,528,34370,0.078103,1,1,1957041,1956513,528
143409541,76.1973,42.3706,568,34432,0.0612412,0.82,1,1957126,1956558,568
143412461,55.2395,94.0741,511,34493,0.0424965,0.73,1,1957176,1956665,511
143415381,35.8479,62.0148,488,34554,0.0349986,0.73,1,1957207,1956719,488
143418301,29.5696,39.603,482,34615,0.0919994,0.65,1,1957235,1956753,482
143421221,29.9139,33.5206,480,34676,0.0787998,0.41,1,1957265,1956785,480
143424141,25.9828,36.3041,468,34737,0.0615199,0.29,1,1957290,1956822,468
143427061,32.3966,31.2608,472,34798,0.090608,0.17,1,1957324,1956852,472
143432901,29.9359,39.3304,457,34920,0.0588973,0.03,1,1957387,1956930,457
143435821,33.1872,36.6661,455,34981,0.0415589,0.05,1,1957421,1956966,455
143438741,41.0374,32.9332,466,35041,0.0586236,0.09,1,1957464,1956998,466
143441661,75.4075,40.9866,507,35101,0.0534494,0.05,1,1957548,1957041,507
143444581,55.0815,76.1973,472,35161,0.0873798,0.03,1,1957598,1957126,472
143447501,35.8163,55.2395,453,35221,0.0409519,0.03,1,1957629,1957176,453
143450421,32.7633,35.8479,454,35281,0.0703808,0.13,1,1957661,1957207,454
143453341,28.9527,29.5696,454,35341,0.0821523,0.07,1,1957689,1957235,454
143456261,24.9905,29.9139,448,35401,0.0988609,0.05,1,1957713,1957265,448
143470861,8.5712,33.1872,426,35699,0.0971563,0.07,1,1957847,1957421,426
143511741,72.1679,72.1829,426,36519,0.274261,0.17,1,1958398,1957972,426
143514661,58.4336,56.8366,428,36577,0.295704,0.13,1,1958453,1958025,428
143529261,34.1998,34.8035,428,36866,0.405969,0.17,1,1958605,1958177,428
143532181,38.04,36.5607,430,36923,0.408388,0.17,1,1958644,1958214,430
143535101,25.208,24.9121,430,36980,0.433355,0.15,1,1958666,1958236,430
143538021,32.2416,32.9824,429,37037,0.443342,0.19,1,1958700,1958271,429
143625621,24.3534,31.9748,451,38713,0.761994,0.59,2,1959810,1959359,451
143628541,34.4707,35.995,451,38768,0.826798,0.63,2,1959847,1959396,451
143631461,34.0941,32.799,453,38822,0.864719,0.63,2,1959881,1959428,453
143634381,27.6188,27.3598,453,38876,0.891888,0.63,2,1959907,1959454,453
144053401,425.738,453.915,471,20440,0.44008,0.93,1,1964839,1964368,471
144062161,60.8139,81.1353,463,21469,0.0730451,0.29,1,1965089,1964626,463
144065081,76.9628,80.2271,464,21568,0.059218,0.17,1,1965170,1964706,464
144068001,60.9926,56.8454,470,21666,0.0236872,0.05,1,1965227,1964757,470
144070921,37.7985,49.7691,454,21764,0.0274749,0,1,1965259,1964805,454
144073841,13.1597,34.7538,430,21861,0.04099,0.03,1,1965266,1964836,430
144076761,82.6319,92.5508,423,21958,0.046396,0.05,1,1965366,1964943,423
144079681,94.9264,96.9102,423,22055,0.0725584,0.05,1,1965464,1965041,423
144082601,56.5853,57.782,422,22151,0.0590234,0.05,1,1965511,1965089,422
144085521,78.5171,76.3564,425,22247,0.0656093,0,1,1965595,1965170,425
144088441,60.5034,60.8713,424,22342,0.0442437,0.03,1,1965651,1965227,424
144091361,36.9007,37.7743,423,22437,0.0476975,0.05,1,1965682,1965259,423
144094281,12.9801,13.1549,423,22532,0.037079,0.05,1,1965689,1965266,423
144097201,82.596,2.63097,523,22626,0.0328316,0.05,1,1965789,1965266,523
144100121,94.9192,80.5262,521,22720,0.0311326,0.09,1,1965887,1965366,521
144103041,54.9838,94.5052,468,22813,0.0304531,0.05,1,1965932,1965464,468
144105961,81.3968,56.501,509,22906,0.0541812,0.07,1,1966020,1965511,509
144108881,57.8794,78.5002,477,22999,0.0996725,0.03,1,1966072,1965595,477
144111801,36.3759,60.5,452,23091,0.069869,0.05,1,1966103,1965651,452
144114721,12.8752,36.9,428,23183,0.0459476,0.03,1,1966110,1965682,428
144117641,83.375,12.98,522,23274,0.048379,0.03,1,1966211,1965689,522
144120561,95.875,82.596,521,23365,0.0613516,0.03,1,1966310,1965789,521
144123481,53.575,94.9192,466,23456,0.0905406,0.03,1,1966353,1965887,466
144135161,11.6761,36.3759,429,23815,0.214718,0.03,1,1966532,1966103,429
144138081,84.7352,12.8752,525,23904,0.223887,0.05,1,1966635,1966110,525
144141001,18.547,83.375,426,23993,0.203555,0.07,1,1966637,1966211,426
144143921,83.7094,95.875,427,24081,0.219422,0.11,1,1966737,1966310,427
144146841,51.9419,53.575,428,24169,0.249769,0.15,1,1966781,1966353,428
144149761,83.9884,83.515,429,24257,0.285908,0.19,1,1966873,1966444,429
144152681,62.3977,59.903,432,24344,0.288363,0.21,1,1966930,1966498,432
144155601,35.6795,34.3806,433,24431,0.277345,0.23,1,1966959,1966526,433
144158521,11.9359,11.6761,433,24518,0.272938,0.23,1,1966965,1966532,433
144161441,83.1872,84.7352,431,24604,0.271175,0.19,1,1967066,1966635,431
144164361,18.2374,18.547,431,24690,0.27047,0.23,1,1967068,1966637,431
144178961,34.786,35.6795,433,25117,0.439886,0.27,1,1967392,1966959,433
144216921,56.2565,87.6459,495,26192,0.761771,0.57,2,1968101,1967606,495
144219841,88.8513,53.5292,547,26273,0.802709,0.59,2,1968198,1967651,547
144222761,64.9703,88.3058,509,26354,0.843083,0.63,2,1968257,1967748,509
144225681,38.5941,63.2612,484,26434,0.871233,0.61,2,1968289,1967805,484
144228601,12.5188,37.4522,459,26514,0.894493,0.61,2,1968295,1967836,459
144354161,35.7009,43.1768,515,29753,0.846588,1,2,1970623,1970108,515
144357081,35.9402,37.4354,515,29824,0.836635,1,2,1970659,1970144,515
144360001,22.388,36.2871,498,29895,0.868654,0.95,2,1970678,1970180,498
144362921,18.0776,32.8574,483,29966,0.857462,1,2,1970695,1970212,483
144365841,50.0155,58.5715,476,30037,0.816985,1,2,1970753,1970277,476
144368761,41.2031,45.3143,473,30107,0.860794,1,2,1970792,1970319,473
144371681,59.4406,61.0629,472,30177,0.842318,0.95,2,1970856,1970384,472
144374601,65.4881,70.6126,466,30247,0.834927,0.91,2,1970923,1970457,466
144377521,89.8976,92.5225,464,30317,0.831971,0.93,2,1971019,1970555,464
144380441,49.1795,46.5045,468,30387,0.842788,0.79,2,1971058,1970590,468
144383361,33.8359,35.7009,465,30457,0.823115,0.83,2,1971088,1970623,465
144386281,36.3672,35.9402,466,30526,0.851246,0.89,2,1971125,1970659,466
144389201,21.6734,22.388,465,30595,0.886499,0.85,2,1971143,1970678,465
144494321,60.9609,63.8252,486,32992,0.790192,1,2,1972810,1972324,486
144500161,50.1184,47.033,490,33120,0.420431,1,1,1972952,1972462,490
144503081,36.4237,37.4066,488,33184,0.270172,1,1,1972985,1972497,488
144508921,36.8169,30.2963,493,33312,0.0828276,1,1,1973062,1972569,493
144511841,29.7634,30.8593,490,33375,0.033131,1,1,1973090,1972600,490
144514761,22.7527,28.5718,483,33438,0.0312524,0.88,1,1973111,1972628,483
144517681,20.5505,24.1144,480,33501,0.018501,1,1,1973131,1972651,480
144520601,36.1101,40.0229,476,33564,0.0254004,0.87,1,1973171,1972695,476
144523521,40.822,48.8046,467,33627,0.0401602,0.71,1,1973213,1972746,467
144526441,52.9644,60.9609,459,33690,0.0340641,0.45,1,1973269,1972810,459
144529361,79.3929,94.5922,442,33753,0.0556256,0.31,1,1973355,1972913,442
144532281,45.4786,50.1184,440,33816,0.0882503,0.17,1,1973392,1972952,440
144543961,27.8744,29.7634,422,34065,0.0660512,0.03,1,1973512,1973090,422
144546881,23.9749,22.7527,424,34127,0.0444205,0.01,1,1973535,1973111,424
144549801,20.795,20.5505,424,34189,0.0237682,0.03,1,1973555,1973131,424
144552721,35.359,36.1101,423,34251,0.0515073,0.03,1,1973594,1973171,423
144555641,39.8718,7.22202,464,34313,0.0506029,0.05,1,1973635,1973171,464
144558561,51.9744,35.0444,477,34375,0.0202412,0.03,1,1973690,1973213,477
144561481,79.1949,51.8089,507,34437,0.0620965,0.07,1,1973776,1973269,507
144564401,49.439,79.1618,463,34498,0.0668386,0.11,1,1973818,1973355,463
144567321,28.2878,45.4324,449,34559,0.0567354,0.13,1,1973841,1973392,449
144570241,32.0576,28.2865,458,34620,0.0646942,0.15,1,1973874,1973416,458
144573161,35.2115,32.8573,460,34681,0.0678777,0.11,1,1973910,1973450,460
144579001,23.4885,27.8743,444,34803,0.0480604,0.03,1,1973956,1973512,444
144581921,21.4977,23.9749,442,34864,0.0192242,0.01,1,1973977,1973535,442
144584841,37.8995,20.795,464,34925,0.0136897,0.07,1,1974019,1973555,464
144587761,37.1799,35.359,462,34986,0.0234759,0.05,1,1974056,1973594,462
144590681,51.436,39.8718,476,35046,0.0153903,0,1,1974111,1973635,476
144593601,82.2872,51.9744,511,35106,0.0841561,0.09,1,1974201,1973690,511
144608201,24.0276,35.2115,446,35406,0.212609,0.13,1,1974356,1973910,446
144619881,37.0432,37.8995,459,35645,0.0628988,0.03,1,1974478,1974019,459
144622801,9.00865,37.1799,424,35704,0.0431595,0.01,1,1974480,1974056,424
144625721,45.0017,51.436,423,35763,0.0592638,0.13,1,1974534,1974111,423
144628641,85.0003,82.2872,428,35822,0.0897055,0.17,1,1974629,1974201,428
144631561,51.4001,49.2574,430,35881,0.0778822,0.19,1,1974672,1974242,430
144634481,28.68,27.4515,431,35940,0.0971529,0.19,1,1974695,1974264,431
144637401,32.936,32.6903,431,35999,0.0928612,0.19,1,1974729,1974298,431
144663681,86.591,85.0003,425,36524,0.219884,0.07,1,1975054,1974629,425
144666601,52.5182,51.4001,426,36582,0.213954,0.11,1,1975098,1974672,426
144675361,38.7241,36.9872,428,36756,0.201613,0.17,1,1975195,1974767,428
144678281,25.3448,24.9974,428,36813,0.206645,0.17,1,1975217,1974789,428
144681201,21.069,20.9995,428,36870,0.208658,0.13,1,1975237,1974809,428
144684121,17.0138,16.9999,428,36927,0.209463,0.21,1,1975253,1974825,428
144692881,8.36011,8.776,427,37098,0.202286,0.21,1,1975330,1974903,427
144698721,87.8544,8.99104,528,37212,0.227966,0.25,1,1975485,1974957,528
144701641,51.1709,79.3982,473,37269,0.241186,0.21,1,1975527,1975054,473
144704561,27.8342,51.0796,451,37326,0.258475,0.17,1,1975549,1975098,451
144707481,33.5668,27.8159,464,37383,0.27739,0.19,1,1975584,1975120,464
144710401,38.7134,33.5632,469,37440,0.296956,0.21,1,1975624,1975155,469
144727921,8.48811,33.8005,431,37776,0.428737,0.21,1,1975759,1975328,431
144789241,23.1169,22.0674,452,38934,0.785882,0.61,2,1976556,1976104,452
144792161,18.2234,17.2135,453,38988,0.800353,0.67,2,1976573,1976120,453
144795081,41.2447,38.6427,456,39042,0.818141,0.69,2,1976620,1976164,456
144798001,37.0489,36.5285,456,39096,0.813256,0.69,2,1976656,1976200,456
144800921,9.00979,8.90571,456,39150,0.811303,0.69,2,1976658,1976202,456
144803841,49.802,49.7811,456,39204,0.870521,0.71,2,1976718,1976262,456
144987801,33.3833,27.0688,505,42464,0.823897,1,2,1978982,1978477,505
144990721,33.8767,31.0138,507,42514,0.767559,1,2,1979016,1978509,507
145008241,33.5287,35.3392,478,42811,0.449354,0.91,1,1979271,1978793,478
145011161,25.1057,26.2678,477,42860,0.449742,1,1,1979294,1978817,477
145014081,17.8211,18.8536,476,42909,0.449897,0.99,1,1979310,1978834,476
145017001,17.9642,24.5707,468,42958,0.449959,0.93,1,1979328,1978860,468
145022841,26.1586,6.58283,492,43056,0.447593,0.91,1,1979387,1978895,492
145031601,32.3693,33.1727,486,43203,0.444566,0.73,1,1979468,1978982,486
145084161,73.2593,33.603,527,44074,0.775651,0.53,2,1980093,1979566,527
145087081,46.6519,69.9206,488,44122,0.808261,0.61,2,1980133,1979645,488
145090001,34.9304,43.5841,483,44170,0.857304,0.61,2,1980165,1979682,483
145092921,26.9861,33.5168,477,44218,0.864922,0.65,2,1980190,1979713,477
145095841,16.5972,25.9034,467,44266,0.867969,0.65,2,1980204,1979737,467
145098761,19.3194,16.3807,473,44314,0.869187,0.65,2,1980224,1979751,473
145101681,31.8639,19.2761,488,44362,0.893675,0.67,2,1980259,1979771,488
145104601,26.3728,31.0552,479,44410,0.89147,0.69,2,1980284,1979805,479
145377621,69.0739,61.02,490,24293,0.88264,1,2,1984150,1983660,490
145380541,41.0148,45.004,483,24380,0.851056,1,2,1984184,1983701,483
145383461,77.003,68.2008,495,24467,0.886422,1,2,1984270,1983775,495
145462301,49.8832,113.45,501,26708,0.894129,1,2,1985871,1985370,501
145465221,50.7766,42.6899,527,26787,0.891652,1,2,1985922,1985395,527
145468141,35.7553,53.338,503,26866,0.842661,1,2,1985954,1985451,503
145471061,19.1511,37.0676,485,26945,0.859064,0.97,2,1985969,1985484,485
145473981,59.8302,73.0135,473,27024,0.865626,0.96,2,1986039,1985566,473
145640421,42.2237,39.665,497,31175,0.877264,1,2,1988974,1988477,497
145643341,32.4447,34.333,494,31243,0.788906,1,2,1989004,1988510,494
145652101,97.5396,33.1387,599,31446,0.23505,1,1,1989176,1988577,599
145657941,56.8616,73.0055,526,31580,0.072408,1,1,1989287,1988761,526
145660861,38.5723,49.8011,516,31647,0.0469632,0.96,1,1989321,1988805,516
145663781,35.7145,41.9602,511,31714,0.0727853,1,1,1989356,1988845,511
145666701,44.7429,35.592,524,31781,0.0351141,0.97,1,1989403,1988879,524
145669621,36.9486,51.1184,504,31848,0.0560456,0.81,1,1989438,1988934,504
145672541,23.3897,42.2237,484,31914,0.0644183,0.73,1,1989458,1988974,484
145675461,24.6779,32.4447,479,31980,0.0557673,0.61,1,1989483,1989004,479
145678381,18.5356,30.4889,466,32046,0.0643069,0.45,1,1989500,1989034,466
145681301,82.9071,27.6978,538,32112,0.0557228,0.03,1,1989599,1989061,538
145684221,60.5814,97.5396,478,32178,0.0282891,0.07,1,1989654,1989176,478
145687141,56.1163,64.3079,477,32244,0.0293156,0.03,1,1989709,1989232,477
145690061,39.2233,56.8616,457,32310,0.0177263,0.03,1,1989744,1989287,457
145692981,38.2447,38.5723,461,32375,0.0490905,0.09,1,1989782,1989321,461
145695901,42.0489,35.7145,469,32440,0.0376362,0.01,1,1989825,1989356,469
145698821,38.0098,44.7429,459,32505,0.0690545,0.07,1,1989862,1989403,459
145701741,21.202,36.9486,441,32570,0.0696218,0.07,1,1989879,1989438,441
145704661,27.4404,23.3897,450,32635,0.0578487,0.05,1,1989908,1989458,450
145707581,18.2881,24.6779,441,32700,0.0531395,0.07,1,1989924,1989483,441
145710501,82.8576,18.5356,523,32765,0.0632558,0.05,1,1990023,1989500,523
145713421,18.1715,82.9071,426,32830,0.0673023,0.01,1,1990025,1989599,426
145716341,44.4343,60.5814,422,32894,0.0449209,0.03,1,1990076,1989654,422
145719261,53.6869,56.1163,423,32958,0.0719684,0.01,1,1990132,1989709,423
145722181,37.9374,39.2233,422,33022,0.0347873,0.07,1,1990166,1989744,422
145725101,40.3875,38.2447,425,33086,0.0199149,0.03,1,1990207,1989782,425
145728021,42.4775,42.0489,425,33150,0.00796597,0.09,1,1990250,1989825,425
145730941,38.8955,38.0098,426,33214,0.0211864,0.07,1,1990288,1989862,426
145733861,22.1791,21.202,427,33278,0.0744746,0.05,1,1990306,1989879,427
145736781,25.2358,27.4404,424,33342,0.0717898,0.05,1,1990332,1989908,424
145739701,17.8472,18.2881,424,33405,0.0707159,0.07,1,1990348,1989924,424
145760141,43.22,42.4775,423,33846,0.0670613,0.03,1,1990673,1990250,423
145763061,40.644,38.8955,425,33908,0.0448245,0.11,1,1990713,1990288,425
145765981,22.5288,22.1791,425,33970,0.0479298,0.07,1,1990731,1990306,425
145768901,25.3058,25.2358,425,34032,0.0611719,0.07,1,1990757,1990332,425
145771821,18.6612,17.8472,426,34094,0.0544688,0.13,1,1990774,1990348,426
145774741,87.7322,85.1694,429,34156,0.0757875,0.13,1,1990879,1990450,429
145777661,19.1464,18.6339,429,34218,0.084315,0.13,1,1990881,1990452,429
145780581,39.0293,3.72678,473,34280,0.063726,0.17,1,1990925,1990452,473
145783501,51.0059,37.5454,481,34342,0.0554904,0.09,1,1990979,1990498,481
145786421,37.4012,53.9091,457,34404,0.0521962,0.11,1,1991013,1990556,457
145789341,40.2802,36.3818,466,34465,0.0748785,0.13,1,1991054,1990588,466
145792261,40.056,40.0764,465,34526,0.0959514,0.03,1,1991094,1990629,465
145798101,22.4022,40.6431,439,34648,0.0837522,0.05,1,1991152,1990713,439
145815621,51.0074,39.0293,477,35013,0.216307,0.05,1,1991402,1990925,477
145818541,35.8015,51.0059,455,35073,0.236523,0.05,1,1991434,1990979,455
145821461,43.1603,37.4012,466,35133,0.220609,0.09,1,1991479,1991013,466
145824381,39.8321,40.2802,464,35193,0.238244,0.11,1,1991518,1991054,464
145827301,39.9664,40.056,464,35253,0.257297,0.11,1,1991558,1991094,464
145830221,22.3933,40.0112,442,35313,0.276919,0.07,1,1991576,1991134,442
145847741,51.9874,39.0369,486,35671,0.417047,0.23,1,1991834,1991348,486
145850661,11.9975,51.0074,434,35730,0.424819,0.25,1,1991836,1991402,434
145853581,27.9995,35.8015,434,35789,0.427927,0.21,1,1991868,1991434,434
145888621,28.0387,27.9995,443,36491,0.754059,0.49,2,1992311,1991868,443
145891541,44.0077,40.7999,447,36549,0.751624,0.55,2,1992359,1991912,447
145894461,42.4015,40.16,449,36607,0.762649,0.57,2,1992401,1991952,449
145897381,42.0803,40.832,450,36665,0.77906,0.63,2,1992443,1991993,450
145900301,24.4161,23.3664,451,36723,0.809624,0.61,2,1992463,1992012,451
145903221,31.2832,30.2733,452,36781,0.82185,0.65,2,1992496,1992044,452
145906141,21.4566,20.4547,453,36838,0.81474,0.63,2,1992515,1992062,453
145909061,93.8913,92.8909,454,36895,0.811896,0.65,2,1992627,1992173,454
145911981,20.3783,20.1782,454,36952,0.786758,0.69,2,1992629,1992175,454
145914901,43.2757,40.8356,457,37009,0.800703,0.77,2,1992678,1992221,457
145917821,54.2551,52.9671,458,37066,0.806281,0.73,2,1992735,1992277,458
145920741,12.451,12.1934,458,37123,0.832513,0.77,2,1992737,1992279,458
145923661,28.0902,28.0387,458,37180,0.843005,0.77,2,1992769,1992311,458
145926581,44.018,5.60774,506,37237,0.823202,0.75,2,1992817,1992311,506
145929501,44.0036,39.5215,502,37294,0.827281,0.77,2,1992861,1992359,502
145932421,42.4007,41.5043,502,37351,0.816912,0.79,2,1992903,1992401,502
145935341,24.4801,41.9009,480,37408,0.812765,0.83,2,1992923,1992443,480
145938261,31.296,24.3802,493,37464,0.799106,0.83,2,1992956,1992463,493
145941181,20.6592,31.276,478,37520,0.805642,0.81,2,1992974,1992496,478
145944101,93.7318,21.4552,571,37576,0.844257,0.81,2,1993086,1992515,571
145947021,20.3464,93.891,461,37632,0.859703,0.77,2,1993088,1992627,461
145949941,44.8693,20.3782,510,37688,0.853881,0.81,2,1993139,1992629,510
145952861,54.5739,43.2756,518,37744,0.899552,0.81,2,1993196,1992678,518
146155801,58.9978,60.2573,429,19490,0.225331,0.15,1,1996195,1995766,429
146158721,24.5996,28.0515,425,19599,0.264132,0.15,1,1996211,1995786,425
146173321,61.6642,62.953,491,20134,0.200302,0.25,1,1996628,1996137,491
146176241,25.1328,58.9906,449,20239,0.206121,0.29,1,1996644,1996195,449
146179161,116.227,24.5981,572,20344,0.220448,0.13,1,1996783,1996211,572
146182081,75.2453,120.12,493,20448,0.298179,0.15,1,1996848,1996355,493
146190841,62.522,64.321,492,20758,0.400923,0.21,1,1997059,1996567,492
146193761,25.3044,61.6642,447,20860,0.418369,0.21,1,1997075,1996628,447
146225881,87.8959,85.1605,451,21952,0.813936,0.65,2,1997830,1997379,451
146228801,66.3792,65.0321,452,22049,0.883574,0.61,2,1997891,1997439,452
146231721,63.6758,62.6064,453,22145,0.89943,0.63,2,1997954,1997501,453
146328081,48.0151,44.0904,492,25111,0.874,1,2,2000050,1999558,492
146331001,48.003,51.2181,487,25195,0.8356,1,2,2000098,1999611,487
146342681,34.3232,9.09315,518,25530,0.425407,1,1,2000337,1999819,518
146357281,92.4423,47.9914,563,25942,0.28747,0.59,1,2000661,2000098,563
146366041,32.2595,51.6159,471,26186,0.407438,0.39,1,2000778,2000307,471
146368961,30.4519,34.3232,471,26267,0.420975,0.31,1,2000808,2000337,471
146406921,90.4637,90.1607,450,27296,0.761475,0.59,2,2001546,2001096,450
146409841,54.8927,54.0321,451,27374,0.81459,0.57,2,2001592,2001141,451
146412761,49.3785,50.0064,450,27451,0.859836,0.59,2,2001640,2001190,450
146415681,35.4757,34.8013,451,27528,0.877934,0.61,2,2001672,2001221,451
146693081,35.5414,35.4081,483,34062,0.87112,1,2,2006233,2005750,483
146701841,36.2523,30.2993,497,34248,0.444792,1,1,2006385,2005888,497
146707681,37.4501,35.612,523,34372,0.216367,1,1,2006454,2005931,523
146713521,32.218,34.7045,515,34495,0.0478187,1,1,2006518,2006003,515
146716441,60.0436,37.3409,544,34556,0.0611275,1,1,2006585,2006041,544
146719361,47.2087,62.6682,519,34617,0.042451,0.87,1,2006629,2006110,519
146722281,39.0417,48.5336,511,34678,0.0469804,0.94,1,2006666,2006155,511
146725201,29.4083,45.7067,493,34739,0.0487922,0.83,1,2006693,2006200,493
146728121,61.8817,35.5413,530,34800,0.0735169,0.59,1,2006763,2006233,530
146763161,36.123,61.8817,454,35523,0.21275,0.13,1,2007217,2006763,454
146766081,29.6246,33.9763,455,35583,0.2111,0.13,1,2007245,2006790,455
146769001,28.3249,29.1953,455,35642,0.21044,0.13,1,2007273,2006818,455
146771921,7.26498,27.4391,430,35701,0.210176,0.19,1,2007275,2006845,430
146774841,29.453,33.4878,430,35760,0.24607,0.15,1,2007310,2006880,430
146777761,31.4906,30.6976,432,35819,0.260428,0.19,1,2007342,2006910,432
146780681,27.8981,29.3395,430,35878,0.254171,0.13,1,2007369,2006939,430
146783601,56.7796,60.2679,426,35937,0.275669,0.13,1,2007433,2007007,426
146804041,26.8217,28.3249,432,36347,0.425599,0.21,1,2007705,2007273,432
146806961,6.96435,7.26498,432,36405,0.41624,0.27,1,2007707,2007275,432
146809881,31.7929,29.453,435,36463,0.424496,0.27,1,2007745,2007310,435
146888721,60.108,29.3361,520,37997,0.752404,0.63,2,2008768,2008248,520
146891641,50.4216,60.2672,500,38053,0.786961,0.61,2,2008816,2008316,500
146894561,41.2843,51.2534,490,38109,0.812785,0.57,2,2008855,2008365,490
146897481,27.4569,42.2507,474,38164,0.835114,0.59,2,2008879,2008405,474
146900401,68.6914,27.6501,529,38219,0.856046,0.61,2,2008958,2008429,529
146903321,43.3383,67.93,488,38274,0.852418,0.61,2,2008995,2008507,488
146906241,32.6677,42.386,482,38329,0.886967,0.65,2,2009025,2008543,482
147055161,46.9014,66.2236,514,41046,0.876302,1,2,2010889,2010375,514
147058081,38.1803,38.0447,519,41097,0.824521,1,2,2010925,2010406,519
147061001,31.6361,42.8089,505,41148,0.779808,1,2,2010955,2010450,505
147063921,35.9272,33.3618,511,41199,0.773923,1,2,2010992,2010481,511
147093121,55.9047,58.507,467,41709,0.43737,0.83,1,2011312,2010845,467
147104801,34.5342,35.9272,458,41911,0.414925,0.69,1,2011450,2010992,458
147107721,30.1069,32.7854,455,41961,0.42397,0.65,1,2011479,2011024,455
147110641,19.6214,20.9571,454,42011,0.427588,0.63,1,2011496,2011042,454
147116481,36.4649,38.9183,451,42111,0.448814,0.61,1,2011571,2011120,451
147192401,21.4134,30.5905,469,43396,0.752839,0.59,2,2012390,2011921,469
147195321,36.2827,20.5181,491,43445,0.751135,0.61,2,2012430,2011939,491
147209921,24.7566,7.44977,484,43687,0.760936,0.71,2,2012554,2012070,484
147212841,38.5513,24.69,497,43735,0.778375,0.71,2,2012596,2012099,497
147215761,54.1103,37.738,514,43783,0.79735,0.71,2,2012654,2012140,514
147218681,41.2221,53.1476,495,43831,0.82894,0.73,2,2012692,2012197,495
147221601,38.6444,41.0295,495,43879,0.841576,0.71,2,2012730,2012235,495
147224521,28.5289,39.4059,482,43927,0.85863,0.71,2,2012756,2012274,482
147227441,40.1058,28.6812,499,43975,0.877452,0.73,2,2012799,2012300,499
147390961,32.4442,48.3011,504,46586,0.8896,1,2,2014580,2014076,504
147396801,29.1378,26.572,516,46676,0.875536,1,2,2014642,2014126,516
147399721,33.0276,34.1144,514,46721,0.848214,1,2,2014676,2014162,514
147402641,31.4055,29.2229,517,46766,0.801286,1,2,2014707,2014190,517
147434761,28.4719,42.2209,502,47261,0.402071,0.88,1,2015052,2014550,502
147440601,23.8589,33.6888,492,47351,0.411131,0.85,1,2015106,2014614,492
147446441,24.4744,33.0276,461,47440,0.417381,0.77,1,2015137,2014676,461
147449361,28.8949,31.4055,460,47484,0.424952,0.65,1,2015167,2014707,460
147452281,32.179,33.4811,459,47528,0.439981,0.59,1,2015200,2014741,459
147455201,28.0358,33.0962,453,47572,0.433992,0.55,1,2015227,2014774,453
147463961,30.1123,33.5448,443,47704,0.448496,0.43,1,2015317,2014874,443
147528201,30.5345,28.8288,454,48667,0.754988,0.61,2,2015948,2015494,454
147536961,6.83628,6.88663,452,48796,0.772399,0.61,2,2016002,2015550,452
147539881,25.3673,25.3773,452,48839,0.80696,0.61,2,2016032,2015580,452
147542801,29.0735,5.07546,482,48882,0.796784,0.63,2,2016062,2015580,482
147545721,34.6147,25.0151,488,48925,0.816714,0.65,2,2016098,2015610,488
147548641,27.7229,32.203,480,48968,0.824685,0.71,2,2016124,2015644,480
147551561,24.7446,27.2406,478,49011,0.839874,0.71,2,2016148,2015670,478
147554481,36.1489,24.6481,493,49054,0.83395,0.67,2,2016187,2015694,493
147557401,29.6298,35.3296,483,49097,0.83158,0.73,2,2016215,2015732,483
147560321,27.526,29.4659,482,49140,0.842632,0.71,2,2016242,2015760,482
147563241,27.9052,28.2932,482,49183,0.847053,0.67,2,2016270,2015788,482
147566161,22.381,28.0586,475,49226,0.848821,0.71,2,2016291,2015816,475
147569081,39.6762,20.8117,500,49269,0.873528,0.71,2,2016335,2015835,500
147572001,41.5352,39.3623,498,49312,0.871411,0.75,2,2016377,2015879,498
147574921,30.707,40.6725,485,49355,0.870565,0.77,2,2016405,2015920,485
147577841,26.9414,30.5345,483,49398,0.882226,0.73,2,2016431,2015948,483
147580761,27.7883,26.9069,485,49441,0.88689,0.75,2,2016459,2015974,485
147583681,7.15766,26.1814,461,49484,0.888756,0.79,2,2016461,2016000,461
148015841,73.3758,73.9687,491,25716,0.406288,0.69,1,2020865,2020374,491
148018761,65.8752,58.7937,500,25798,0.420515,0.61,1,2020929,2020429,500
148045041,36.433,64.378,471,26528,0.773547,0.49,2,2021400,2020929,471
148047961,22.4866,35.2756,462,26608,0.807419,0.51,2,2021419,2020957,462
148050881,50.8973,21.4551,502,26688,0.832968,0.49,2,2021477,2020975,502
148053801,73.3795,49.891,524,26767,0.807187,0.59,2,2021556,2021032,524
148056721,48.2759,69.1782,492,26846,0.808875,0.61,2,2021598,2021106,492
148059641,11.2552,46.6356,453,26925,0.80955,0.61,2,2021600,2021147,453
148062561,74.251,82.1271,452,27004,0.83382,0.67,2,2021690,2021238,452
148065481,71.6502,70.8254,455,27082,0.819528,0.77,2,2021761,2021306,455
148068401,71.13,66.1651,461,27160,0.813811,0.81,2,2021832,2021371,461
148071321,38.226,36.433,462,27238,0.811525,0.83,2,2021862,2021400,462
148074241,24.4452,22.4866,464,27316,0.83461,0.85,2,2021883,2021419,464
148077161,51.289,50.8973,464,27394,0.855844,0.79,2,2021941,2021477,464
148080081,71.8578,73.3795,462,27471,0.864338,0.81,2,2022018,2021556,462
148083001,47.9716,48.2759,462,27548,0.891735,0.81,2,2022060,2021598,462
148085921,11.1943,11.2552,462,27625,0.878694,0.85,2,2022062,2021600,462
148088841,74.2389,74.251,462,27702,0.897478,0.81,2,2022152,2021690,462
148205641,41.9775,41.1341,490,30609,0.279647,1,1,2024223,2023733,490
148211481,21.3591,28.3654,478,30747,0.0795435,1,1,2024270,2023792,478
148214401,44.2718,36.8731,489,30816,0.0318174,0.99,1,2024320,2023831,489
148217321,67.2544,78.5746,473,30885,0.012727,1,1,2024393,2023920,473
148220241,43.8509,47.7149,471,30954,0.00509078,0.97,1,2024431,2023960,471
148223161,31.9702,35.943,467,31022,0.00803631,0.91,1,2024460,2023993,467
148226081,57.594,59.1886,466,31090,0.0452145,0.55,1,2024524,2024058,466
148229001,48.3188,61.4377,450,31158,0.0360858,0.37,1,2024570,2024120,450
148231921,52.8638,65.8875,437,31226,0.0204343,0.13,1,2024624,2024187,437
148234841,31.3728,41.9775,427,31294,0.0261737,0.13,1,2024650,2024223,427
148237761,24.6745,8.3955,450,31362,0.0524695,0.07,1,2024673,2024223,450
148240681,19.3349,24.0791,440,31429,0.0389878,0.03,1,2024691,2024251,440
148243601,44.667,20.0158,472,31496,0.0155951,0,1,2024742,2024270,472
148246521,66.5334,44.0032,494,31563,0.00623805,0,1,2024814,2024320,494
148249441,44.5067,67.2006,460,31630,0.0684952,0,1,2024853,2024393,460
148252361,31.3013,43.8401,450,31697,0.0453981,0.01,1,2024881,2024431,450
148255281,59.0603,31.968,487,31764,0.0361592,0.07,1,2024947,2024460,487
148258201,47.8121,57.5936,468,31831,0.0804637,0.03,1,2024992,2024524,468
148261121,52.7624,48.3187,476,31897,0.0621855,0.01,1,2025046,2024570,476
148264041,31.3525,52.8637,448,31963,0.0548742,0.03,1,2025072,2024624,448
148266961,24.6705,31.3727,445,32029,0.0639497,0.07,1,2025095,2024650,445
148269881,19.3341,24.6745,440,32095,0.0435799,0.03,1,2025113,2024673,440
148272801,43.8668,19.3349,472,32161,0.0234319,0,1,2025163,2024691,472
148275721,67.1734,44.667,494,32227,0.00937278,0,1,2025236,2024742,494
148278641,46.2347,66.5334,463,32293,0.0457491,0.11,1,2025277,2024814,463
148281561,29.2469,44.5067,449,32359,0.0842997,0.03,1,2025302,2024853,449
148284481,58.6494,31.3013,487,32424,0.0637199,0.03,1,2025368,2024881,487
148287401,51.7299,59.0603,471,32489,0.0554879,0.11,1,2025418,2024947,471
148290321,51.146,47.8121,477,32554,0.0521952,0.05,1,2025469,2024992,477
148293241,31.0292,52.7624,449,32619,0.0508781,0.05,1,2025495,2025046,449
148296161,25.4058,31.3525,447,32684,0.0503512,0.07,1,2025519,2025072,447
148299081,17.8812,24.6705,440,32749,0.0501405,0.03,1,2025535,2025095,440
148302001,5.17623,19.3341,424,32814,0.0500562,0.01,1,2025537,2025113,424
148304921,39.4352,43.8668,422,32878,0.0200225,0,1,2025585,2025163,422
148307841,67.087,67.1734,423,32942,0.014009,0.07,1,2025659,2025236,423
148310761,48.6174,46.2347,426,33006,0.0236036,0.11,1,2025703,2025277,426
148313681,28.9235,29.2469,425,33070,0.0514414,0.05,1,2025727,2025302,425
148316601,58.5847,58.6494,425,33134,0.0625766,0.05,1,2025793,2025368,425
148319521,51.7169,51.7299,425,33198,0.0670306,0.05,1,2025843,2025418,425
148322441,50.3434,51.146,424,33262,0.0688123,0.05,1,2025893,2025469,424
148325361,30.8687,31.0292,424,33326,0.0815249,0.05,1,2025919,2025495,424
148337041,37.835,39.4352,422,33578,0.098807,0.01,1,2026007,2025585,422
148339961,66.767,67.087,422,33641,0.0455228,0.03,1,2026081,2025659,422
148342881,49.3534,48.6174,423,33704,0.0242091,0.07,1,2026126,2025703,423
148345801,29.0707,28.9235,423,33767,0.0516836,0.07,1,2026150,2025727,423
148348721,58.6141,58.5847,423,33830,0.0746735,0.07,1,2026216,2025793,423
148351641,53.3228,51.7169,425,33893,0.0718694,0.07,1,2026268,2025843,425
148354561,50.6646,50.3434,425,33955,0.0827478,0.09,1,2026318,2025893,425
148372081,65.1675,7.567,495,34327,0.0922474,0.01,1,2026502,2026007,495
148375001,49.8335,60.7134,467,34389,0.042899,0.01,1,2026548,2026081,467
148377921,29.9667,48.1427,447,34450,0.0351596,0.07,1,2026573,2026126,447
148380841,58.7933,28.8285,489,34511,0.0440638,0.09,1,2026639,2026150,489
148383761,54.1587,58.5657,476,34572,0.0716255,0.07,1,2026692,2026216,476
148395441,18.1219,25.7065,444,34816,0.203002,0.15,1,2026814,2026370,444
148398361,5.22437,17.9413,430,34877,0.207201,0.15,1,2026816,2026386,430
148401281,34.6449,5.18826,470,34938,0.20888,0.21,1,2026858,2026388,470
148404201,58.929,33.8377,494,34999,0.245552,0.03,1,2026923,2026429,494
148407121,50.1858,65.1675,469,35059,0.224221,0.01,1,2026971,2026502,469
148410041,29.2372,49.8335,447,35119,0.215688,0.03,1,2026995,2026548,447
148412961,59.4474,29.9667,489,35179,0.224275,0.05,1,2027062,2026573,489
148415881,55.8895,58.7933,478,35239,0.27571,0.09,1,2027117,2026639,478
148436321,59.7307,34.6449,497,35657,0.400393,0.27,1,2027355,2026858,497
148439241,13.5461,58.929,434,35716,0.406157,0.21,1,2027357,2026923,434
148442161,39.5092,50.1858,432,35775,0.444463,0.21,1,2027403,2026971,432
148518081,63.9169,20.8137,522,37280,0.751613,0.57,2,2028392,2027870,522
148521001,59.9834,62.5627,508,37337,0.762645,0.59,2,2028451,2027943,508
148523921,59.1967,58.1125,510,37394,0.767058,0.67,2,2028510,2028000,510
148526841,35.0393,58.0225,481,37451,0.780823,0.65,2,2028539,2028058,481
148529761,27.8079,35.6045,477,37507,0.786329,0.65,2,2028565,2028088,477
148532681,21.5616,27.9209,471,37563,0.788532,0.61,2,2028585,2028114,471
148535601,5.91231,19.9842,455,37619,0.789413,0.61,2,2028587,2028132,455
148538521,37.9825,5.59684,499,37675,0.837765,0.73,2,2028633,2028134,499
148541441,61.9965,36.3194,523,37731,0.881106,0.73,2,2028701,2028178,523
148544361,13.9993,60.0639,459,37787,0.898442,0.73,2,2028703,2028244,459
148886001,28.8547,29.4612,532,43841,0.888399,1,2,2032938,2032406,532
148888921,24.1709,35.4922,518,43889,0.877359,1,2,2032961,2032443,518
148891841,35.2342,30.2985,527,43937,0.848944,1,2,2032999,2032472,527
148894761,35.0468,36.4597,524,43985,0.837578,1,2,2033034,2032510,524
148897681,36.6094,38.4919,522,44033,0.833031,0.98,2,2033071,2032549,522
148900601,32.9219,36.4984,518,44081,0.855212,1,2,2033103,2032585,518
148903521,30.5844,36.8997,511,44129,0.828085,1,2,2033133,2032622,511
148932721,19.2818,24.1709,463,44605,0.411087,0.83,1,2033424,2032961,463
148967761,32.2653,34.2278,444,45169,0.40863,0.47,1,2033826,2033382,444
148970681,9.65306,10.0456,444,45216,0.421452,0.47,1,2033830,2033386,444
148973601,13.9306,16.4091,441,45263,0.426581,0.37,1,2033845,2033404,441
148976521,17.9861,19.2818,440,45310,0.416632,0.39,1,2033864,2033424,440
149049521,27.2296,39.6596,476,46459,0.768742,0.67,2,2034655,2034179,476
149052441,31.0459,27.1319,484,46504,0.793497,0.71,2,2034687,2034203,484
149055361,33.4092,29.4264,488,46549,0.803399,0.71,2,2034721,2034233,488
149058281,9.88184,33.0853,458,46594,0.80736,0.71,2,2034725,2034267,458
149061201,13.1764,9.81706,468,46639,0.808944,0.67,2,2034739,2034271,468
149064121,17.0353,13.1634,472,46684,0.809578,0.67,2,2034757,2034285,472
149067041,37.8071,17.0327,497,46729,0.809831,0.65,2,2034800,2034303,497
149069961,35.5614,37.8065,489,46774,0.809932,0.69,2,2034835,2034346,489
149072881,35.9123,34.7613,491,46819,0.821973,0.69,2,2034871,2034380,491
149075801,33.5825,35.7523,488,46864,0.838789,0.71,2,2034904,2034416,488
149078721,29.1165,34.3505,482,46909,0.869516,0.69,2,2034932,2034450,482
149081641,39.4233,28.4701,497,46954,0.893806,0.67,2,2034974,2034477,497
149283121,161.271,137.431,483,22724,0.4348,0.33,1,2037414,2036931,483
149294801,32.6356,65.5383,452,23095,0.410539,0.35,1,2037649,2037197,452
149297721,28.1271,29.1077,459,23187,0.422216,0.31,1,2037676,2037217,459
149326921,58.6546,71.8439,450,24085,0.750938,0.61,2,2038304,2037854,450
149329841,77.3309,78.3688,452,24173,0.786375,0.61,2,2038386,2037934,452
149332761,46.6662,46.0738,453,24261,0.81255,0.67,2,2038425,2037972,453
149335681,89.3332,87.6148,455,24348,0.87102,0.69,2,2038525,2038070,455
149338601,36.2666,35.1229,456,24435,0.882408,0.69,2,2038548,2038092,456
149341521,28.0533,27.8246,456,24522,0.898963,0.73,2,2038574,2038118,456
149467081,77.9965,78.3314,485,27996,0.845776,1,2,2041070,2040585,485
149481681,45.1104,43.8075,491,28372,0.0883503,1,1,2041329,2040838,491
149484601,57.8221,8.76149,552,28447,0.0353401,0.89,1,2041390,2040838,552
149487521,39.5644,58.5523,516,28521,0.0321361,1,1,2041425,2040909,516
149490441,32.7129,40.5105,511,28595,0.0188544,1,1,2041456,2040945,511
149493361,63.3426,37.7021,545,28669,0.0495418,0.75,1,2041527,2040982,545
149496281,38.2685,77.9404,489,28743,0.0258167,0.61,1,2041559,2041070,489
149499201,45.2537,45.9881,498,28817,0.0643267,0.45,1,2041606,2041108,498
149502121,35.4507,54.7976,474,28890,0.0437307,0.29,1,2041639,2041165,474
149505041,66.2901,43.7595,507,28963,0.0354923,0.03,1,2041713,2041206,507
149507961,42.858,77.5519,458,29036,0.0321969,0.03,1,2041750,2041292,458
149510881,58.1716,45.1104,483,29109,0.0128788,0,1,2041812,2041329,483
149513801,39.6343,57.8221,457,29182,0.0471515,0.03,1,2041847,2041390,457
149516721,32.7269,39.5644,453,29255,0.0248606,0.01,1,2041878,2041425,453
149519641,64.1454,32.7129,494,29327,0.0279442,0.07,1,2041950,2041456,494
149522561,37.6291,63.3426,454,29399,0.0171777,0.01,1,2041981,2041527,454
149525481,46.7258,38.2685,471,29471,0.0848711,0.09,1,2042030,2041559,471
149528401,34.1452,45.2537,455,29543,0.0759484,0.03,1,2042061,2041606,455
149531321,66.829,35.4507,497,29615,0.0483794,0.03,1,2042136,2041639,497
149534241,42.1658,66.2901,459,29686,0.0733517,0.03,1,2042172,2041713,459
149537161,58.8332,42.858,485,29757,0.0353407,0,1,2042235,2041750,485
149540081,38.9666,58.1716,457,29828,0.0561363,0.07,1,2042269,2041812,457
149543001,9.39333,39.6343,424,29899,0.0644545,0.01,1,2042271,2041847,424
149545921,26.6787,32.7269,424,29970,0.0917818,0.03,1,2042302,2041878,424
149548841,63.7357,64.1454,425,30041,0.0667127,0.01,1,2042375,2041950,425
149551761,35.9471,37.6291,423,30111,0.0686851,0.13,1,2042404,2041981,423
149554681,48.7894,46.7258,426,30181,0.045474,0.07,1,2042456,2042030,426
149557601,32.1579,34.1452,423,30251,0.0361896,0.03,1,2042484,2042061,423
149560521,68.0316,66.829,425,30321,0.0564758,0.09,1,2042561,2042136,425
149563441,43.2063,42.1658,426,30391,0.0645903,0.01,1,2042598,2042172,426
149566361,57.4413,58.8332,424,30461,0.0438361,0.07,1,2042659,2042235,424
149569281,39.4883,38.9666,425,30530,0.0355345,0.07,1,2042694,2042269,425
149572201,9.49765,9.39333,425,30599,0.0322138,0.11,1,2042696,2042271,425
149575121,26.6995,26.6787,425,30668,0.0788855,0.05,1,2042727,2042302,425
149578041,62.9399,63.7357,424,30737,0.0735542,0.07,1,2042799,2042375,424
149580961,34.988,35.9471,423,30806,0.0954217,0.03,1,2042827,2042404,423
149583881,48.5976,48.7894,423,30875,0.0561687,0.03,1,2042879,2042456,423
149586801,32.1195,32.1579,423,30944,0.0524675,0.07,1,2042907,2042484,423
149589721,68.8239,68.0316,424,31012,0.086987,0.07,1,2042985,2042561,424
149598481,41.7026,39.4883,425,31216,0.0605272,0.03,1,2043119,2042694,425
149601401,9.94052,9.49765,425,31284,0.0662109,0.03,1,2043121,2042696,425
149604321,25.9881,1.89953,455,31352,0.0684844,0.11,1,2043151,2042696,455
149607241,62.7976,25.1799,496,31419,0.0693937,0.07,1,2043223,2042727,496
149610161,34.9595,62.636,452,31486,0.0937575,0.11,1,2043251,2042799,452
149621841,43.5439,68.8234,461,31754,0.21768,0.11,1,2043446,2042985,461
149624761,54.3088,42.5647,482,31821,0.273072,0.11,1,2043503,2043021,482
149627681,42.8618,56.5129,462,31887,0.295229,0.03,1,2043543,2043081,462
149642281,48.8867,34.9595,478,32217,0.437145,0.15,1,2043729,2043251,478
149683161,47.4361,45.6711,448,33124,0.759856,0.55,2,2044328,2043880,448
149686081,57.4872,56.3342,449,33188,0.789942,0.59,2,2044388,2043939,449
149689001,46.6974,44.8668,451,33252,0.777977,0.59,2,2044432,2043981,451
149691921,10.9395,10.5734,451,33316,0.773191,0.57,2,2044434,2043983,451
149694841,28.5879,28.5147,451,33379,0.759276,0.59,2,2044467,2044016,451
149697761,61.7176,61.7029,451,33442,0.765711,0.59,2,2044537,2044086,451
149700681,13.9435,13.9406,451,33505,0.792284,0.65,2,2044539,2044088,451
149703601,28.3887,27.5881,452,33568,0.814914,0.69,2,2044571,2044119,452
149706521,53.6777,49.5176,457,33631,0.811965,0.71,2,2044631,2044174,457
149709441,34.7355,33.9035,457,33694,0.798786,0.73,2,2044661,2044204,457
149712361,74.1471,73.1807,458,33757,0.817514,0.79,2,2044745,2044287,458
149715281,48.4294,47.4361,459,33820,0.837006,0.81,2,2044787,2044328,459
149718201,58.4859,57.4872,460,33883,0.832802,0.77,2,2044848,2044388,460
149721121,45.2972,46.6974,458,33945,0.831121,0.77,2,2044890,2044432,458
149724041,10.6594,10.9395,458,34007,0.830448,0.75,2,2044892,2044434,458
149726961,28.5319,28.5879,458,34069,0.830179,0.77,2,2044925,2044467,458
149729881,63.3064,61.7176,460,34131,0.890072,0.81,2,2044997,2044537,460
149732801,14.2613,13.9435,460,34193,0.890029,0.83,2,2044999,2044539,460
149735721,29.2523,28.3887,461,34255,0.878011,0.83,2,2045032,2044571,461
149738641,52.2505,5.67774,519,34317,0.885205,0.81,2,2045090,2044571,519
149741561,35.2501,49.1355,490,34379,0.876082,0.79,2,2045121,2044631,490
149855441,41.5097,39.7316,497,36701,0.79048,1,2,2046794,2046297,497
149870041,24.0875,30.7788,489,36987,0.446786,1,1,2046966,2046477,489
149875881,33.7635,33.8712,490,37101,0.271886,1,1,2047039,2046549,490
149878801,27.5527,31.5742,485,37158,0.258754,1,1,2047065,2046580,485
149881721,49.5105,6.31485,540,37215,0.205502,0.95,1,2047120,2046580,540
149887561,61.1804,40.7326,537,37329,0.21168,0.86,1,2047222,2046685,537
149893401,28.2072,41.4693,485,37443,0.229469,0.67,1,2047279,2046794,485
149896321,26.4414,30.6939,483,37499,0.253788,0.55,1,2047305,2046822,483
149899241,48.4883,30.9388,506,37555,0.263515,0.53,1,2047359,2046853,506
149902161,32.0977,54.1878,474,37611,0.243406,0.41,1,2047387,2046913,474
149905081,23.2195,36.4376,463,37667,0.259362,0.43,1,2047408,2046945,463
149922601,64.4508,37.9021,500,38003,0.403811,0.23,1,2047655,2047155,500
149925521,33.6902,61.1804,459,38059,0.443524,0.19,1,2047681,2047222,459
149989761,49.7972,48.0343,454,39261,0.800115,0.67,2,2048442,2047988,454
149992681,38.7594,37.6069,455,39315,0.854046,0.67,2,2048478,2048023,455
149995601,9.35189,9.12137,455,39369,0.875618,0.67,2,2048480,2048025,455
149998521,62.6704,61.8243,456,39423,0.896247,0.69,2,2048556,2048100,456
150001441,34.9341,33.1649,458,39477,0.880499,0.71,2,2048584,2048126,458
150004361,30.9868,31.433,457,39530,0.8982,0.73,2,2048614,2048157,457
150007281,26.9974,27.8866,456,39583,0.88128,0.69,2,2048640,2048184,456
150010201,52.5995,52.7773,456,39636,0.886512,0.73,2,2048699,2048243,456
150013121,32.1199,32.1555,456,39689,0.888605,0.69,2,2048726,2048270,456
150018961,33.4448,32.6462,457,39795,0.887377,0.71,2,2048787,2048330,457
150021881,33.089,32.9292,457,39848,0.888951,0.73,2,2048820,2048363,457
150024801,26.6178,24.9858,459,39901,0.88958,0.85,2,2048845,2048386,459
150027721,54.1236,49.7972,464,39954,0.889832,0.89,2,2048906,2048442,464
150194161,41.9024,45.4226,483,42861,0.876093,1,2,2050930,2050447,483
150197081,38.7805,37.0845,486,42910,0.752437,1,2,2050968,2050482,486
150214601,28.6133,34.3156,511,43204,0.275547,1,1,2051153,2050642,511
150217521,35.3227,38.0631,509,43253,0.224219,1,1,2051190,2050681,509
150220441,43.8645,37.2126,518,43302,0.0896876,0.95,1,2051236,2050718,518
150223361,26.3729,37.0425,503,43351,0.041875,1,1,2051258,2050755,503
150226281,31.6746,29.0085,509,43400,0.05875,1,1,2051291,2050782,509
150229201,39.9349,33.8017,516,43449,0.0295,1,1,2051333,2050817,516
150232121,28.787,35.5603,506,43498,0.0538,0.91,1,2051359,2050853,506
150235041,32.1574,33.5121,506,43547,0.03952,0.83,1,2051392,2050886,506
150237961,31.2315,41.9024,493,43595,0.057808,0.67,1,2051423,2050930,493
150240881,33.4463,38.7805,489,43643,0.0531232,0.57,1,2051457,2050968,489
150243801,28.2893,44.5561,470,43691,0.0632493,0.57,1,2051484,2051014,470
150246721,29.6579,31.3112,472,43739,0.0552997,0.47,1,2051514,2051042,472
150249641,24.3316,32.6622,462,43787,0.0641199,0.41,1,2051537,2051075,462
150252561,19.2663,27.3324,454,43835,0.055648,0.27,1,2051555,2051101,454
150255481,25.4533,23.0665,459,43883,0.0522592,0.23,1,2051582,2051123,459
150258401,32.2907,28.6133,463,43931,0.0989037,0.19,1,2051616,2051153,463
150261321,40.0581,35.3227,468,43979,0.0695615,0,1,2051658,2051190,468
150264241,24.8116,43.8645,443,44027,0.0338246,0.01,1,2051679,2051236,443
150267161,32.9623,26.3729,456,44075,0.0555298,0.07,1,2051714,2051258,456
150270081,39.3925,31.6746,464,44123,0.0282119,0.01,1,2051755,2051291,464
150273001,30.2785,39.9349,450,44171,0.0532848,0.07,1,2051783,2051333,450
150275921,32.4557,28.787,457,44219,0.0993139,0.03,1,2051816,2051359,457
150305121,35.4404,40.0581,423,44693,0.237319,0.01,1,2052081,2051658,423
150308041,23.0881,24.8116,422,44740,0.232928,0.07,1,2052101,2051679,422
150331401,29.9265,29.0119,429,45116,0.240431,0.15,1,2052366,2051937,429
150334321,23.5853,23.4024,429,45163,0.234172,0.15,1,2052388,2051959,429
150337241,6.31706,6.28048,429,45210,0.255669,0.15,1,2052390,2051961,429
150340161,14.0634,14.0561,429,45257,0.240268,0.21,1,2052406,2051977,429
150343081,27.6127,26.0112,431,45304,0.258107,0.19,1,2052437,2052006,431
150346001,38.3225,37.2022,432,45351,0.277243,0.27,1,2052478,2052046,432
150348921,36.4645,35.4404,433,45398,0.260897,0.23,1,2052514,2052081,433
150351841,18.4929,23.0881,427,45444,0.254359,0.17,1,2052528,2052101,427
150354761,33.2986,33.4176,428,45490,0.263744,0.11,1,2052565,2052137,428
150357681,38.6597,41.0835,425,45536,0.279497,0.11,1,2052605,2052180,425
150360601,33.3319,32.2167,427,45582,0.261799,0.13,1,2052637,2052210,427
150363521,33.0664,32.0433,428,45628,0.25472,0.17,1,2052670,2052242,428
150366441,33.0133,32.8087,428,45674,0.239888,0.19,1,2052703,2052275,428
150369361,33.0027,32.1617,429,45720,0.221955,0.21,1,2052736,2052307,429
150372281,32.2005,29.6323,432,45766,0.238782,0.27,1,2052768,2052336,432
150375201,31.2401,29.9265,433,45812,0.233513,0.23,1,2052799,2052366,433
150378121,23.848,23.5853,433,45858,0.255405,0.27,1,2052821,2052388,433
150381041,6.3696,6.31706,433,45904,0.240162,0.23,1,2052823,2052390,433
150383961,14.0739,14.0634,433,45950,0.258065,0.23,1,2052839,2052406,433
150386881,28.4148,2.81268,465,45996,0.241226,0.27,1,2052871,2052406,465
150389801,37.683,25.3625,474,46042,0.23449,0.29,1,2052911,2052437,474
150392721,36.3366,37.8725,469,46088,0.267796,0.25,1,2052947,2052478,469
150395641,18.4673,36.3745,447,46134,0.281118,0.25,1,2052961,2052514,447
150398561,34.0935,18.4749,471,46180,0.298447,0.27,1,2052999,2052528,471
150407321,32.7847,33.3318,466,46318,0.404301,0.25,1,2053103,2052637,466
150410241,32.1569,33.0664,465,46364,0.41972,0.23,1,2053135,2052670,465
150413161,32.0314,33.0133,464,46409,0.425888,0.21,1,2053167,2052703,464
150480321,35.0891,39.283,449,47443,0.751363,0.57,2,2053794,2053345,449
150483241,37.4178,37.4566,450,47487,0.774545,0.59,2,2053832,2053382,450
150486161,20.2836,19.4913,451,47531,0.819818,0.57,2,2053848,2053397,451
150489081,34.4567,35.0983,450,47575,0.849927,0.59,2,2053886,2053436,450
150492001,41.2913,40.6197,451,47619,0.849971,0.59,2,2053929,2053478,451
150494921,33.8583,33.7239,451,47663,0.849988,0.61,2,2053961,2053510,451
150497841,35.5717,34.7448,452,47707,0.861995,0.61,2,2053997,2053545,452
150503681,34.5429,32.9098,454,47795,0.899919,0.65,2,2054064,2053610,454
150735821,145.952,150.857,496,23451,0.2572,1,1,2056444,2055948,496
150744581,56.9116,65.3349,478,23721,0.0786208,0.55,1,2056618,2056140,478
150747501,63.3823,65.067,478,23810,0.0374483,0.31,1,2056683,2056205,478
150750421,56.6765,61.8134,472,23899,0.0449793,0.31,1,2056738,2056266,472
150753341,38.5353,60.3627,446,23988,0.0479917,0.19,1,2056772,2056326,446
150756261,31.7071,30.4725,453,24076,0.0371967,0.11,1,2056802,2056349,453
150759181,62.3414,82.0945,428,24164,0.0688787,0.11,1,2056872,2056444,428
150762101,70.8683,78.0189,424,24252,0.0935515,0.09,1,2056945,2056521,424
150770861,63.6069,63.2802,424,24513,0.205907,0.05,1,2057107,2056683,424
150773781,56.7214,56.656,424,24599,0.292363,0.05,1,2057162,2056738,424
150794221,65.0945,63.6069,433,25196,0.417405,0.35,1,2057540,2057107,433
150832181,73.4883,65.5057,524,26268,0.761023,0.59,2,2058259,2057735,524
150835101,52.2977,72.3011,497,26349,0.790409,0.61,2,2058306,2057809,497
150838021,59.2595,49.6602,514,26429,0.814164,0.63,2,2058367,2057853,514
150840941,66.2519,58.732,521,26509,0.847665,0.63,2,2058435,2057914,521
150843861,64.4504,66.9464,516,26589,0.849066,0.67,2,2058499,2057983,516
150846781,38.4901,62.1893,487,26669,0.825627,0.69,2,2058531,2058044,487
150849701,33.298,38.0379,487,26748,0.828251,0.69,2,2058563,2058076,487
150852621,71.4596,33.2076,536,26827,0.8053,0.79,2,2058644,2058108,536
150855541,73.4919,67.4415,534,26906,0.79612,0.77,2,2058718,2058184,534
150858461,16.2984,73.4883,461,26985,0.792448,0.81,2,2058720,2058259,461
150861381,41.6597,52.2977,462,27063,0.838979,0.83,2,2058768,2058306,462
150864301,57.9319,59.2595,463,27141,0.833592,0.87,2,2058830,2058367,463
150867221,67.5864,66.2519,465,27219,0.891437,0.85,2,2058900,2058435,465
150957741,73.3294,40.469,550,29535,0.898,1,2,2060523,2059973,550
150960661,85.8659,78.4938,551,29607,0.7972,1,2,2060612,2060061,551
150972341,31.3118,50.4936,508,29891,0.426056,1,1,2060743,2060235,508
150975261,35.8624,62.8987,479,29962,0.404423,1,1,2060780,2060301,479
150984021,33.5349,34.6472,479,30173,0.287243,0.85,1,2060919,2060440,479
150986941,61.107,73.3294,464,30243,0.228897,0.73,1,2060987,2060523,464
150989861,78.6214,85.8659,458,30313,0.253559,0.67,1,2061070,2060612,458
150992781,30.9243,37.9732,451,30383,0.275424,0.57,1,2061089,2060638,451
150995701,28.5849,30.7946,450,30453,0.284169,0.43,1,2061117,2060667,450
151004461,33.8287,35.8624,439,30660,0.404827,0.31,1,2061219,2060780,439
151007381,61.9657,66.3725,434,30729,0.431931,0.29,1,2061288,2060854,434
151010301,37.1931,39.6745,432,30798,0.430772,0.27,1,2061319,2060887,432
151013221,33.8386,33.5349,433,30867,0.442309,0.19,1,2061352,2060919,433
151059941,25.7384,47.8521,469,31947,0.768289,0.57,2,2062073,2061604,469
151062861,33.9477,25.5704,485,32013,0.781316,0.57,2,2062109,2061624,485
151065781,63.5895,33.9141,520,32079,0.822526,0.61,2,2062180,2061660,520
151068701,36.7179,61.9828,481,32145,0.86301,0.61,2,2062210,2061729,481
151071621,35.3436,36.3966,486,32211,0.867204,0.63,2,2062245,2061759,486
151074541,62.2687,34.4793,521,32277,0.892882,0.67,2,2062314,2061793,521
151220541,36.4482,32.0996,520,35404,0.88888,1,2,2064470,2063950,520
151223461,55.2896,38.4199,540,35464,0.793552,1,2,2064530,2063990,540
151302301,29.1752,26.106,451,37039,0.782264,0.65,2,2065526,2065075,451
151305221,29.035,27.6212,452,37096,0.762906,0.63,2,2065555,2065103,452
151308141,29.007,27.9242,453,37153,0.791162,0.63,2,2065584,2065131,453
151311061,79.4014,5.58485,545,37210,0.790465,0.65,2,2065676,2065131,545
151313981,39.8803,74.717,483,37267,0.790186,0.69,2,2065706,2065223,483
151316901,30.3761,38.9434,481,37324,0.814074,0.67,2,2065734,2065253,481
151319821,30.0752,30.9887,482,37381,0.82363,0.63,2,2065764,2065282,482
151322741,28.415,30.1977,480,37438,0.827452,0.63,2,2065792,2065312,480
151325661,34.483,28.4395,488,37494,0.840981,0.67,2,2065828,2065340,488
151328581,57.2966,34.4879,515,37550,0.870392,0.69,2,2065891,2065376,515
151522761,126.128,94.6678,540,18597,0.0737824,0.29,1,2068588,2068048,540
151525681,62.0256,122.934,456,18711,0.047513,0,1,2068634,2068178,456
151528601,51.6051,74.9867,442,18824,0.0370052,0.03,1,2068683,2068241,442
151531521,36.721,45.3973,437,18937,0.0148021,0.03,1,2068716,2068279,437
151534441,71.3442,85.0795,422,19049,0.0359208,0.05,1,2068796,2068374,422
151537361,79.8688,81.0159,424,19160,0.0443683,0.05,1,2068878,2068454,424
151549041,36.691,36.6992,423,19599,0.0602238,0,1,2069139,2068716,423
151551961,69.7382,7.33984,501,19707,0.0420895,0.05,1,2069217,2068716,501
151554881,79.5476,65.468,503,19815,0.0348358,0.05,1,2069299,2068796,503
151557801,127.91,78.6936,561,19922,0.0559343,0.17,1,2069439,2068878,561
151560721,63.1819,122.139,475,20028,0.0523737,0.21,1,2069486,2069011,475
151563641,47.8364,61.2277,473,20134,0.0509495,0.11,1,2069530,2069057,473
151566561,33.5673,51.4455,454,20239,0.0503798,0.01,1,2069560,2069106,454
151569481,69.1135,36.6891,499,20344,0.0741519,0.03,1,2069638,2069139,499
151572401,81.8227,69.7378,506,20448,0.0476608,0.03,1,2069723,2069217,506
151575321,126.765,79.5476,562,20552,0.0850643,0.07,1,2069861,2069299,562
151592841,69.5103,81.8227,423,21164,0.0667516,0.11,1,2070146,2069723,423
151622041,51.5694,50.4441,431,22145,0.229821,0.19,1,2070816,2070385,431
151624961,32.7139,32.4888,431,22241,0.241928,0.17,1,2070844,2070413,431
151627881,65.7428,66.4978,430,22336,0.282771,0.21,1,2070918,2070488,430
151630801,14.7486,14.8996,430,22431,0.299109,0.11,1,2070920,2070490,430
151642481,52.318,63.7294,479,22807,0.417817,0.25,1,2071247,2070768,479
151645401,34.4636,51.1459,461,22900,0.425127,0.25,1,2071277,2070816,461
151648321,67.6927,32.6292,509,22993,0.428051,0.31,1,2071353,2070844,509
151651241,15.1385,65.7258,437,23085,0.40522,0.31,1,2071355,2070918,437
151654161,64.6277,14.7452,512,23177,0.408088,0.35,1,2071432,2070920,512
151680441,75.1931,134.526,507,23987,0.776912,0.59,2,2072091,2071584,507
151683361,16.6386,72.5051,452,24075,0.796765,0.65,2,2072093,2071641,452
151686281,43.3277,52.901,454,24163,0.804706,0.67,2,2072143,2071689,454
151689201,33.4655,34.5802,455,24251,0.831882,0.69,2,2072174,2071719,455
151692121,69.0931,67.716,457,24338,0.866753,0.69,2,2072252,2071795,457
151695041,15.4186,15.1432,457,24425,0.880701,0.75,2,2072254,2071797,457
151697961,65.4837,63.8286,459,24512,0.88628,0.73,2,2072332,2071873,459
151803081,44.6231,36.967,493,27451,0.874,1,2,2074480,2073987,493
151806001,42.5246,36.9934,498,27528,0.8236,1,2,2074522,2074024,498
151829361,40.1973,44.6231,466,28138,0.447774,0.79,1,2074946,2074480,466
151876081,135.13,28.447,608,29318,0.807716,0.61,2,2075757,2075149,608
151879001,63.8259,131.289,497,29390,0.833086,0.61,2,2075803,2075306,497
151881921,41.5652,63.0579,487,29462,0.855235,0.61,2,2075839,2075352,487
151884841,37.913,41.4116,488,29534,0.876094,0.61,2,2075876,2075388,488
151887761,36.3826,37.0823,488,29606,0.860438,0.63,2,2075912,2075424,488
151890681,37.6765,36.2165,490,29677,0.854175,0.65,2,2075950,2075460,490
151893601,36.3353,36.0433,490,29748,0.86367,0.69,2,2075986,2075496,490
151896521,36.0671,35.2087,491,29819,0.867468,0.73,2,2076022,2075531,491
151899441,8.81341,34.2417,459,29890,0.868987,0.77,2,2076024,2075565,459
151998721,41.6847,60.8066,514,32210,0.890558,1,2,2077721,2077207,514
152001641,47.5369,48.9613,517,32276,0.878223,0.99,2,2077770,2077253,517
152004561,37.5074,36.9923,518,32342,0.861289,1,2,2077805,2077287,518
152007481,35.5015,32.1985,522,32407,0.830516,1,2,2077840,2077318,522
152010401,31.9003,44.8397,505,32472,0.794206,1,2,2077871,2077366,505
152065881,43.0049,43.719,452,33687,0.80833,0.67,2,2078687,2078235,452
152068801,40.601,38.3438,455,33750,0.857332,0.69,2,2078727,2078272,455
152071721,30.5202,30.8688,454,33813,0.852933,0.67,2,2078755,2078301,454
152074641,25.304,24.5738,455,33876,0.899173,0.71,2,2078779,2078324,455
152273201,27.6479,33.092,509,37885,0.838538,1,2,2081605,2081096,509
152287801,34.2079,34.2365,508,38164,0.431073,1,1,2081787,2081279,508
152296561,51.9537,47.5699,521,38329,0.270229,0.91,1,2081950,2081429,521
152299481,24.7907,47.914,491,38384,0.222091,1,1,2081968,2081477,491
152302401,32.9581,27.9828,503,38439,0.238837,0.97,1,2082003,2081500,503
152305321,35.3916,35.1966,502,38494,0.233535,0.87,1,2082039,2081537,502
152308241,26.2783,42.2393,482,38549,0.231414,0.79,1,2082063,2081581,482
152311161,27.6557,27.6479,486,38604,0.230566,0.69,1,2082091,2081605,486
152314081,7.13113,31.9296,455,38659,0.230226,0.67,1,2082093,2081638,455
152317001,34.2262,43.9859,449,38714,0.26609,0.61,1,2082134,2081685,449
152319921,34.0452,35.1972,450,38769,0.280436,0.49,1,2082168,2081718,450
152334521,52.0698,51.9537,433,39039,0.430004,0.19,1,2082383,2081950,433
152404601,56.884,27.3864,511,40319,0.756359,0.57,2,2083173,2082662,511
152407521,51.3768,55.0773,499,40371,0.752544,0.61,2,2083223,2082724,499
152410441,56.6754,48.6155,510,40423,0.787017,0.67,2,2083281,2082771,510
152413361,25.7351,55.3231,471,40475,0.776807,0.69,2,2083299,2082828,471
152416281,31.547,25.4646,486,40527,0.772723,0.71,2,2083332,2082846,486
152419201,38.3094,30.6929,494,40579,0.771089,0.69,2,2083372,2082878,494
152422121,28.4619,37.3386,481,40631,0.782436,0.71,2,2083398,2082917,481
152425041,25.6924,29.0677,479,40683,0.798974,0.73,2,2083423,2082944,479
152427961,6.73847,25.0135,457,40735,0.80559,0.69,2,2083425,2082968,457
152430881,36.5477,6.60271,499,40787,0.820236,0.69,2,2083469,2082970,499
152433801,34.5095,36.5205,489,40839,0.826094,0.69,2,2083503,2083014,489
152436721,35.7019,34.5041,491,40891,0.840438,0.73,2,2083539,2083048,491
152439641,29.5404,34.1008,485,40943,0.858175,0.75,2,2083567,2083082,485
152442561,57.9081,28.4202,523,40995,0.88927,0.77,2,2083632,2083109,523
152448401,56.7163,51.3768,517,41097,0.899483,0.81,2,2083740,2083223,517
152594401,21.2971,31.2843,507,43591,0.825779,1,2,2085397,2084890,507
152597321,34.6594,29.4569,516,43639,0.768312,1,2,2085435,2084919,516
152646961,33.1706,25.3864,491,44455,0.770482,0.77,2,2085976,2085485,491
152649881,8.23412,33.8773,457,44502,0.782193,0.65,2,2085978,2085521,457
152652801,36.8468,45.1755,453,44549,0.786877,0.61,2,2086022,2085569,453
152655721,57.7694,58.6351,454,44596,0.788751,0.63,2,2086085,2085631,454
152658641,45.9539,46.127,454,44643,0.7895,0.63,2,2086128,2085674,454
152661561,29.9908,30.8254,453,44690,0.8258,0.63,2,2086154,2085701,453
152664481,33.9982,31.7651,456,44737,0.82832,0.59,2,2086189,2085733,456
152667401,24.3996,26.353,453,44784,0.853328,0.63,2,2086211,2085758,453
152928741,450.751,439.239,529,21900,0.442,1,1,2089050,2088521,529
152931661,145.35,164.648,502,21997,0.2068,0.9,1,2089119,2088617,502
152934581,78.67,99.3296,481,22093,0.08872,0.69,1,2089181,2088700,481
152937501,65.334,69.4659,481,22189,0.065488,0.41,1,2089243,2088762,481
152940421,70.6668,81.0932,469,22285,0.0921952,0.19,1,2089315,2088846,469
152946261,56.1067,70.4437,442,22475,0.0639512,0.09,1,2089428,2088986,442
152949181,37.6213,43.6887,438,22569,0.0915805,0.07,1,2089461,2089023,438
152955021,67.2649,61.2676,489,22757,0.0830529,0.01,1,2089608,2089119,489
152957941,61.453,61.8535,487,22850,0.0752212,0.05,1,2089668,2089181,487
152960861,69.0906,61.9707,496,22943,0.0960885,0.11,1,2089739,2089243,496
152963781,60.2181,69.9941,482,23035,0.0564354,0.13,1,2089797,2089315,482
152966701,53.6436,60.3988,476,23127,0.0225742,0.03,1,2089849,2089373,476
152969621,37.9287,56.0798,455,23219,0.0390297,0.11,1,2089883,2089428,455
152972541,75.5857,37.616,507,23310,0.0456119,0.11,1,2089968,2089461,507
152975461,66.3171,72.3232,490,23401,0.0602447,0.07,1,2090032,2089542,490
152978381,61.2634,67.2646,484,23492,0.0780979,0.07,1,2090092,2089608,484
152981301,71.4527,61.4529,498,23582,0.0612392,0.11,1,2090166,2089668,498
152984221,59.0905,69.0906,483,23672,0.0784957,0.03,1,2090222,2089739,483
152987141,51.8181,60.2181,475,23762,0.0973983,0,1,2090272,2089797,475
152990061,37.5636,53.6436,457,23851,0.0929593,0.05,1,2090306,2089849,457
152992981,75.5127,37.9287,508,23940,0.0551837,0.05,1,2090391,2089883,508
152995901,16.7025,75.5857,425,24029,0.0400735,0.07,1,2090393,2089968,425
152998821,54.5405,66.3171,425,24117,0.0700294,0.09,1,2090457,2090032,425
153016341,73.8661,75.5127,424,24640,0.202837,0.03,1,2090815,2090391,424
153019261,16.3732,16.7025,424,24726,0.207135,0.09,1,2090817,2090393,424
153022181,57.6746,54.5405,428,24812,0.232854,0.15,1,2090885,2090457,428
153045541,59.2782,57.6746,434,25487,0.40144,0.25,1,2091319,2090885,434
153086421,78.2416,38.7415,538,26628,0.774152,0.67,2,2092141,2091603,538
153089341,17.2483,74.9483,456,26708,0.795661,0.67,2,2092143,2091687,456
153092261,59.4497,16.5897,524,26787,0.816264,0.63,2,2092213,2091689,524
153095181,65.4899,60.9179,519,26866,0.812506,0.65,2,2092280,2091761,519
153098101,14.698,64.9836,455,26945,0.811002,0.71,2,2092282,2091827,455
153101021,64.5396,72.9967,457,27024,0.834401,0.71,2,2092359,2091902,457
153103941,62.5079,64.1993,457,27102,0.86776,0.71,2,2092421,2091964,457
153109781,39.9403,39.208,458,27258,0.896042,0.81,2,2092511,2092053,458
153220741,83.787,92.3797,483,30069,0.842973,1,2,2094509,2094026,483
153296661,38.7309,48.1815,485,31848,0.75616,0.61,2,2095664,2095179,485
153299581,33.3462,38.4363,481,31914,0.764464,0.55,2,2095696,2095215,481
153302501,33.8692,34.0873,482,31980,0.767785,0.59,2,2095730,2095248,482
153305421,38.7738,34.0175,488,32046,0.781114,0.55,2,2095770,2095282,488
153308341,83.7548,38.8035,543,32112,0.810446,0.67,2,2095865,2095322,543
153311261,34.351,78.9607,476,32178,0.834178,0.65,2,2095887,2095411,476
153314181,34.0702,34.1921,487,32244,0.843671,0.63,2,2095921,2095434,487
153317101,62.814,34.8384,522,32310,0.871468,0.65,2,2095991,2095469,522
153433901,82.1956,38.9385,571,34831,0.897328,1,2,2097758,2097187,571
153442661,30.2576,32.2795,505,35013,0.853029,1,2,2097847,2097342,505
153445581,31.6515,24.0559,515,35073,0.887212,1,2,2097879,2097364,515
153448501,36.7303,37.6112,512,35133,0.876885,1,2,2097917,2097405,512
153597421,33.6272,37.4195,515,38080,0.893008,1,2,2099970,2099455,515
153600341,37.1254,33.8839,520,38135,0.843203,1,2,2100008,2099488,520
153603261,32.2251,45.9768,502,38190,0.775281,1,2,2100039,2099537,502
153620781,34.1276,28.9988,516,38520,0.0671211,1,1,2100294,2099778,516
153623701,32.4255,36.9998,509,38575,0.0448485,0.87,1,2100326,2099817,509
153626621,12.0851,35.4,481,38630,0.0239394,1,1,2100333,2099852,481
153629541,41.617,44.68,483,38685,0.0155758,0.95,1,2100382,2099899,483
153632461,28.3234,40.136,469,38740,0.0122303,0.85,1,2100407,2099938,469
153635381,28.8647,33.6272,466,38795,0.0108921,0.81,1,2100436,2099970,466
153638301,32.9729,37.1254,462,38849,0.0343568,0.73,1,2100470,2100008,462
153641221,27.3946,32.2251,457,38903,0.0317427,0.55,1,2100496,2100039,457
153644141,59.0789,72.845,441,38957,0.0306971,0.39,1,2100563,2100122,441
153647061,34.2158,41.769,435,39011,0.0542788,0.19,1,2100591,2100156,435
153649981,31.6432,37.9538,429,39065,0.0757115,0.03,1,2100622,2100193,429
153652901,33.5286,37.1908,426,39119,0.0962846,0.11,1,2100656,2100230,426
153655821,30.7057,30.6382,427,39173,0.0565138,0.03,1,2100686,2100259,427
153658741,33.3411,34.1276,426,39227,0.0406055,0.03,1,2100720,2100294,426
153661661,29.8682,32.4255,423,39281,0.0342422,0.01,1,2100749,2100326,423
153664581,11.5736,12.0851,423,39335,0.0436969,0.01,1,2100756,2100333,423
153667501,41.5147,41.617,423,39389,0.0474788,0.01,1,2100805,2100382,423
153670421,28.3029,28.3234,423,39443,0.0609915,0.01,1,2100830,2100407,423
153673341,28.0606,28.8647,422,39497,0.0303966,0.05,1,2100858,2100436,422
153676261,33.6121,32.9729,423,39550,0.0541586,0.03,1,2100893,2100470,423
153679181,26.7224,27.3946,422,39603,0.0516635,0.03,1,2100918,2100496,422
153682101,58.9445,59.0789,422,39656,0.0626654,0.07,1,2100985,2100563,422
153685021,37.3889,34.2158,426,39709,0.0430662,0.09,1,2101017,2100591,426
153687941,33.0778,31.6432,427,39762,0.0712265,0.11,1,2101049,2100622,427
153690861,30.6156,33.5286,423,39815,0.0824906,0.03,1,2101079,2100656,423
153693781,30.1231,30.7057,423,39868,0.0629962,0.03,1,2101109,2100686,423
153696701,33.2246,33.3411,423,39921,0.0671985,0.03,1,2101143,2100720,423
153699621,29.8449,29.8682,423,39974,0.0688794,0.05,1,2101172,2100749,423
153702541,10.769,11.5736,422,40027,0.0455518,0.05,1,2101178,2100756,422
153705461,42.1538,41.5147,423,40080,0.0362207,0.05,1,2101228,2100805,423
153708381,29.2308,8.30295,449,40133,0.0204883,0.07,1,2101254,2100805,449
153711301,25.8462,21.6606,449,40186,0.0261953,0.01,1,2101279,2100830,449
153714221,33.1692,26.7321,456,40239,0.0644781,0.07,1,2101314,2100858,456
153717141,28.2338,33.3464,448,40291,0.0437912,0.05,1,2101341,2100893,448
153720061,58.4468,26.6693,489,40343,0.0475165,0.07,1,2101407,2100918,489
153722981,36.4894,58.9339,453,40395,0.0250066,0.03,1,2101438,2100985,453
153725901,36.0979,37.3868,457,40447,0.0400026,0.09,1,2101474,2101017,457
153728821,29.6196,33.0774,453,40499,0.0580011,0.09,1,2101502,2101049,453
153731741,30.7239,30.6155,454,40551,0.0412004,0.05,1,2101533,2101079,454
153734661,32.5448,30.1231,457,40603,0.0824802,0.07,1,2101566,2101109,457
153737581,28.909,33.2246,451,40655,0.0989921,0.07,1,2101594,2101143,451
153743421,41.9564,10.769,471,40759,0.0770387,0.03,1,2101649,2101178,471
153746341,29.9913,42.1538,448,40811,0.0608155,0.01,1,2101676,2101228,448
153749261,25.9983,29.2308,447,40863,0.0543262,0.03,1,2101701,2101254,447
153752181,33.9997,25.8462,458,40915,0.0517305,0.09,1,2101737,2101279,458
153755101,27.5999,33.1692,449,40967,0.0506922,0.03,1,2101763,2101314,449
153758021,59.12,28.2338,489,41019,0.0742769,0.05,1,2101830,2101341,489
153813501,36.9472,34.6941,430,41985,0.215725,0.19,1,2102422,2101992,430
153816421,30.5894,29.3388,431,42035,0.22429,0.19,1,2102451,2102020,431
153819341,9.31789,9.06776,431,42085,0.227716,0.13,1,2102455,2102024,431
153822261,37.0636,39.4136,428,42135,0.289086,0.15,1,2102499,2102071,428
153842701,35.8638,35.9852,429,42485,0.410531,0.17,1,2102715,2102286,429
153845621,37.5728,38.397,428,42535,0.446212,0.17,1,2102753,2102325,428
153848541,33.1146,31.6794,430,42585,0.412485,0.21,1,2102785,2102355,430
153851461,29.0229,28.7359,430,42635,0.410994,0.23,1,2102813,2102383,430
153854381,39.4046,36.9472,433,42684,0.434398,0.23,1,2102855,2102422,433
153860221,9.41618,9.31789,433,42782,0.440304,0.33,1,2102888,2102455,433
153930301,32.354,37.8288,478,43949,0.758819,0.53,2,2103673,2103195,478
153933221,30.4708,31.5658,478,43997,0.765528,0.57,2,2103703,2103225,478
153936141,40.4942,29.5132,492,44045,0.792211,0.59,2,2103746,2103254,492
153939061,34.4988,39.5026,483,44093,0.802884,0.63,2,2103779,2103296,483
153941981,10.0998,31.9005,457,44141,0.831154,0.63,2,2103783,2103326,457
153944901,40.42,9.5801,501,44189,0.818462,0.63,2,2103831,2103330,501
153947821,32.084,42.716,480,44237,0.849385,0.65,2,2103861,2103381,480
153950741,27.2168,30.1432,479,44285,0.861754,0.65,2,2103887,2103408,479
153953661,7.04336,26.8286,455,44333,0.866701,0.65,2,2103889,2103434,455
153956581,31.0087,6.96573,490,44381,0.892681,0.65,2,2103926,2103436,490
154166821,31.4305,35.6437,493,47679,0.871443,1,2,2106213,2105720,493
154169741,29.4861,31.1287,492,47723,0.822577,1,2,2106242,2105750,492
154172661,29.8972,31.8257,490,47767,0.815031,1,2,2106272,2105782,490
154175581,28.3794,25.5652,494,47811,0.752012,1,2,2106300,2105806,494
154198941,19.3591,24.2298,471,48163,0.439808,0.96,1,2106519,2106048,471
154231061,18.8066,17.091,451,48643,0.279544,0.51,1,2106822,2106371,451
154233981,42.1613,43.4182,449,48686,0.285818,0.51,1,2106870,2106421,449
154236901,22.8323,23.8836,448,48729,0.288327,0.49,1,2106888,2106440,448
154254421,28.0301,32.6349,465,48987,0.406579,0.35,1,2107051,2106586,465
154257341,32.806,29.727,470,49030,0.408632,0.35,1,2107085,2106615,470
154260261,29.7612,33.1454,465,49073,0.433453,0.31,1,2107114,2106649,465
154263181,26.7522,29.8291,462,49116,0.443381,0.35,1,2107140,2106678,462
154266101,26.1504,26.7658,462,49159,0.447352,0.35,1,2107166,2106704,462
154269021,27.6301,26.1532,464,49202,0.448941,0.33,1,2107194,2106730,464
154271941,21.526,26.8306,457,49245,0.449576,0.35,1,2107214,2106757,457
154333261,34.9665,23.5864,484,50135,0.751573,0.61,2,2107806,2107322,484
154336181,28.5933,32.7173,476,50177,0.762629,0.61,2,2107833,2107357,476
154339101,16.9187,26.5435,465,50219,0.779052,0.61,2,2107847,2107382,465
154342021,32.9837,16.5087,488,50261,0.773621,0.63,2,2107884,2107396,488
154344941,33.7967,31.3017,487,50303,0.783448,0.65,2,2107918,2107431,487
154347861,8.35935,33.4603,455,50345,0.787379,0.67,2,2107920,2107465,455
154350781,24.0719,29.0921,455,50387,0.788952,0.67,2,2107948,2107493,455
154353701,33.6144,34.6184,455,50429,0.837581,0.67,2,2107984,2107529,455
154356621,29.1229,29.3237,455,50471,0.833032,0.67,2,2108012,2107557,455
154359541,26.6246,26.6647,455,50513,0.867213,0.67,2,2108038,2107583,455
154362461,26.1249,26.1329,455,50555,0.880885,0.67,2,2108064,2107609,455
154365381,27.625,27.6266,455,50597,0.874354,0.65,2,2108092,2107637,455
154371221,26.705,26.0651,455,50681,0.897097,0.71,2,2108140,2107685,455
154623801,401.961,437.202,470,24820,0.438774,0.77,1,2110540,2110070,470
154626721,139.592,137.04,482,24905,0.22951,0.55,1,2110614,2110132,482
154635481,67.3887,63.8483,468,25160,0.0410886,0.05,1,2110797,2110329,468
154638401,48.6777,67.9697,443,25244,0.0464354,0.03,1,2110841,2110398,443
154641321,59.3356,49.5939,460,25328,0.0245742,0.05,1,2110903,2110443,460
154644241,39.8671,50.7188,444,25412,0.0518297,0.09,1,2110938,2110494,444
154647161,18.3734,29.3438,433,25495,0.0747319,0.07,1,2110951,2110518,433
154650081,73.2747,23.4688,498,25578,0.0718927,0.09,1,2111038,2110540,498
154664681,60.721,48.5566,485,25990,0.0781602,0.01,1,2111326,2110841,485
154667601,39.3442,59.3113,457,26072,0.0732641,0.07,1,2111360,2110903,457
154670521,19.0688,39.8623,436,26153,0.0713056,0.09,1,2111374,2110938,436
154673441,76.6138,18.3725,514,26234,0.0945223,0.07,1,2111465,2110951,514
154676361,60.1228,73.2745,483,26315,0.0918089,0.15,1,2111521,2111038,483
154702641,46.6494,60.1228,426,27032,0.213756,0.11,1,2111947,2111521,426
154705561,56.5299,58.4246,427,27110,0.235502,0.15,1,2112006,2111579,427
154708481,66.506,65.2849,429,27188,0.268201,0.13,1,2112075,2111646,429
154711401,50.1012,49.057,430,27266,0.29328,0.19,1,2112121,2111691,430
154717241,40.084,39.8823,431,27421,0.420125,0.19,1,2112215,2111784,431
154720161,19.2168,19.1765,431,27498,0.41405,0.19,1,2112229,2111798,431
154775641,81.016,20.1278,544,28927,0.775062,0.61,2,2113216,2112672,544
154778561,17.8032,80.0256,451,29000,0.796025,0.57,2,2113218,2112767,451
154781481,49.1606,17.6051,506,29073,0.84041,0.61,2,2113275,2112769,506
154784401,60.2321,47.521,514,29146,0.846164,0.63,2,2113338,2112824,514
154787321,73.6464,59.1042,529,29219,0.848466,0.69,2,2113415,2112886,529
154790241,52.3293,71.0208,502,29291,0.885386,0.71,2,2113462,2112960,502
154892441,43.2425,92.533,508,31722,0.873828,1,2,2115143,2114635,508
154895361,34.2485,42.5066,510,31789,0.799531,1,2,2115175,2114665,510
154909961,54.0615,36.7291,533,32120,0.24451,1,1,2115410,2114877,533
154915801,26.9625,45.3092,498,32252,0.0811217,1,1,2115477,2114979,498
154918721,86.1925,29.0618,574,32318,0.0504487,0.85,1,2115578,2115004,574
154921641,39.6385,92.2124,494,32383,0.0501795,0.85,1,2115606,2115112,494
154924561,31.9277,43.2425,493,32448,0.0500718,0.75,1,2115636,2115143,493
154927481,39.1855,34.2485,502,32513,0.0500287,0.67,1,2115677,2115175,502
154930401,32.6371,48.4497,481,32578,0.0380115,0.63,1,2115708,2115227,481
154933321,49.7274,33.6899,505,32643,0.0452046,0.49,1,2115762,2115257,505
154936241,30.7455,59.538,465,32708,0.0720818,0.27,1,2115788,2115323,465
154939161,7.7491,34.3076,439,32773,0.0828327,0.15,1,2115790,2115351,439
154942081,40.7498,54.0615,429,32838,0.0871331,0.05,1,2115839,2115410,429
154947921,24.03,26.9625,422,32966,0.0943413,0.03,1,2115899,2115477,422
154950841,87.206,86.1925,424,33030,0.0437365,0.05,1,2116002,2115578,424
154953761,38.2412,39.6385,422,33094,0.0594946,0.05,1,2116028,2115606,422
154956681,33.2482,31.9277,424,33158,0.0417978,0.05,1,2116060,2115636,424
154959601,37.8496,39.1855,422,33222,0.0227191,0.03,1,2116099,2115677,422
154962521,33.1699,32.6371,423,33286,0.0150877,0.05,1,2116131,2115708,423
154965441,50.634,49.7274,424,33350,0.0360351,0.09,1,2116186,2115762,424
154968361,30.9268,30.7455,424,33413,0.044414,0.09,1,2116212,2115788,424
154971281,7.78536,7.7491,424,33476,0.0597656,0.09,1,2116214,2115790,424
154974201,40.7571,40.7498,424,33539,0.0659062,0.11,1,2116263,2115839,424
154982961,85.0941,87.206,422,33728,0.091338,0.07,1,2116424,2116002,422
154985881,38.6188,38.2412,423,33791,0.0785352,0.03,1,2116451,2116028,423
154988801,33.3238,33.2482,423,33854,0.0854141,0.01,1,2116483,2116060,423
154991721,37.8648,37.8496,423,33916,0.0761656,0.01,1,2116522,2116099,423
154994641,32.373,33.1699,422,33978,0.0364663,0.05,1,2116553,2116131,422
154997561,50.4746,50.634,422,34040,0.0685865,0.05,1,2116608,2116186,422
155000481,32.4949,30.9268,424,34102,0.0814346,0.07,1,2116636,2116212,424
155003401,8.09898,7.78536,424,34164,0.0865738,0.07,1,2116638,2116214,424
155029681,51.8867,32.3725,478,34717,0.224947,0.09,1,2117031,2116553,478
155032601,34.3773,50.4745,453,34778,0.251979,0.09,1,2117061,2116608,453
155035521,8.47547,32.4949,427,34839,0.262792,0.09,1,2117063,2116636,427
155055961,37.8283,33.8386,468,35261,0.400354,0.19,1,2117374,2116906,468
155058881,31.5657,37.1677,460,35321,0.418142,0.19,1,2117404,2116944,460
155061801,54.3131,31.4335,490,35381,0.425257,0.25,1,2117464,2116974,490
155064721,35.6626,51.8867,464,35441,0.416103,0.27,1,2117495,2117031,464
155067641,8.73252,34.3773,436,35501,0.412441,0.27,1,2117497,2117061,436
155070561,44.9465,8.47547,488,35561,0.434976,0.33,1,2117551,2117063,488
155073481,42.5893,42.4951,479,35620,0.443991,0.33,1,2117593,2117114,479
155076401,26.1179,41.299,460,35679,0.447596,0.33,1,2117615,2117155,460
155079321,6.82357,26.6598,439,35738,0.449039,0.39,1,2117617,2117178,439
155123121,34.0387,33.0466,447,36615,0.79473,0.55,2,2118223,2117776,447
155126041,41.2077,39.4093,449,36673,0.803892,0.55,2,2118266,2117817,449
155128961,32.2415,31.8819,449,36731,0.807557,0.61,2,2118296,2117847,449
155131881,56.0483,54.3764,451,36789,0.821023,0.63,2,2118358,2117907,451
155134801,35.2097,34.8753,451,36846,0.826409,0.63,2,2118388,2117937,451
155137721,8.64193,8.57505,451,36903,0.804564,0.57,2,2118390,2117939,451
155140641,45.7284,46.515,450,36960,0.783825,0.63,2,2118445,2117995,450
155143561,43.5457,42.903,451,37017,0.81153,0.59,2,2118488,2118037,451
155146481,27.9091,26.1806,453,37074,0.810612,0.59,2,2118512,2118059,453
155149401,7.18183,6.83612,453,37131,0.834245,0.67,2,2118514,2118061,453
155152321,85.4364,82.9672,456,37188,0.867698,0.67,2,2118619,2118163,456
155155241,41.0873,16.5934,486,37245,0.893079,0.81,2,2118649,2118163,486
155304161,45.1523,31.6014,498,40035,0.858379,1,2,2120595,2120097,498
155350881,26.9435,33.1661,478,40871,0.767674,0.61,2,2121141,2120663,478
155353801,33.3887,25.8332,489,40923,0.81707,0.65,2,2121176,2120687,489
155356721,36.2777,33.1666,491,40975,0.800828,0.65,2,2121213,2120722,491
155359641,41.6555,36.2333,497,41027,0.758331,0.59,2,2121256,2120759,497
155365481,27.9062,21.2893,481,41129,0.782533,0.61,2,2121300,2120819,481
155368401,36.7812,29.8579,488,41180,0.787013,0.55,2,2121339,2120851,488
155371321,29.7562,36.3716,478,41231,0.788805,0.59,2,2121367,2120889,478
155374241,60.3513,28.8743,519,41282,0.813522,0.65,2,2121435,2120916,519
155377161,38.4702,58.5749,486,41333,0.823409,0.71,2,2121468,2120982,486
155380081,42.0941,35.715,499,41384,0.827364,0.71,2,2121511,2121012,499
155383001,33.2188,39.943,489,41435,0.816945,0.77,2,2121542,2121053,489
155385921,32.2438,33.5886,489,41486,0.812778,0.73,2,2121574,2121085,489
155388841,27.2488,30.7177,485,41537,0.787111,0.79,2,2121600,2121115,485
155391761,7.04975,26.9435,461,41588,0.776845,0.85,2,2121602,2121141,461
155394681,30.21,33.3887,462,41639,0.796738,0.79,2,2121638,2121176,462
155397601,34.842,36.2777,461,41690,0.864695,0.73,2,2121674,2121213,461
155400521,38.9684,41.6555,458,41741,0.891878,0.73,2,2121714,2121256,458
155642881,55.2143,57.6683,454,21554,0.785303,0.67,2,2124896,2124442,454
155645801,75.8429,75.5337,455,21652,0.836121,0.67,2,2124977,2124522,455
155648721,24.7686,24.7067,455,21750,0.856449,0.67,2,2124989,2124534,455
155651641,20.9537,20.9413,455,21848,0.864579,0.71,2,2125009,2124554,455
155742161,142.423,133.941,501,24677,0.840972,1,2,2127169,2126668,501
155745081,58.0845,53.1881,505,24763,0.810389,1,2,2127206,2126701,505
155748001,31.6169,38.6376,495,24849,0.786156,1,2,2127231,2126736,495
155791801,57.5191,137.564,485,26098,0.771744,0.55,2,2128115,2127630,485
155794721,29.9038,57.9129,470,26179,0.818698,0.55,2,2128138,2127668,470
155797641,40.3808,29.1826,491,26260,0.825479,0.55,2,2128181,2127690,491
155800561,48.0762,40.2365,498,26341,0.852192,0.53,2,2128231,2127733,498
155803481,38.4152,47.2473,485,26421,0.862877,0.55,2,2128267,2127782,485
155806401,22.083,37.4495,468,26501,0.879151,0.59,2,2128285,2127817,468
155809321,81.2166,21.8899,546,26581,0.86166,0.67,2,2128381,2127835,546
155812241,140.243,77.978,609,26661,0.854664,0.77,2,2128536,2127927,609
155815161,60.0487,135.596,499,26740,0.827866,0.81,2,2128576,2128077,499
155818081,32.0097,57.5191,486,26819,0.853146,0.85,2,2128601,2128115,486
155821001,40.8019,29.9038,506,26898,0.875259,0.83,2,2128644,2128138,506
155823921,9.76039,40.3808,465,26977,0.884103,0.87,2,2128646,2128181,465
155835601,79.5996,81.2166,464,27290,0.886105,0.85,2,2128845,2128381,464
155929041,37.1155,41.1656,520,29673,0.87712,1,2,2130573,2130053,520
155931961,34.6231,29.0331,528,29744,0.860848,1,2,2130607,2130079,528
155934881,29.3246,33.8066,521,29815,0.854339,1,2,2130635,2130114,521
155937801,33.0649,31.5613,524,29886,0.803736,1,2,2130669,2130145,524
155940721,35.413,25.5123,536,29957,0.807494,1,2,2130705,2130169,536
155961161,30.3604,34.6231,465,30448,0.438314,0.85,1,2131072,2130607,465
155964081,26.8721,29.3246,463,30518,0.421326,0.77,1,2131098,2130635,463
155967001,30.9744,33.0649,461,30587,0.41453,0.81,1,2131130,2130669,461
155969921,30.1949,35.413,455,30656,0.423812,0.63,1,2131160,2130705,455
155972841,35.639,40.6826,450,30725,0.415525,0.59,1,2131197,2130747,450
156028321,33.1147,30.7766,479,32009,0.821815,0.57,2,2132050,2131571,479
156031241,33.8229,30.9553,482,32075,0.850726,0.53,2,2132084,2131602,482
156183081,28.1921,28.4615,513,35341,0.89032,1,2,2134374,2133861,513
156186001,32.8384,29.6923,517,35401,0.866128,1,2,2134408,2133891,517
156188921,30.5677,33.1385,513,35461,0.808451,1,2,2134438,2133925,513
156191841,26.9135,33.8277,505,35521,0.76138,1,2,2134464,2133959,505
156203521,29.3359,40.3741,482,35758,0.426291,0.97,1,2134705,2134223,482
156247321,32.6743,33.2267,439,36635,0.449523,0.39,1,2135231,2134792,439
156250241,20.1349,23.4453,435,36693,0.449809,0.35,1,2135248,2134813,435
156291121,32.1484,25.6197,478,37492,0.754186,0.51,2,2135753,2135275,478
156294041,30.4297,30.7239,476,37548,0.799674,0.55,2,2135783,2135307,476
156296961,22.0859,27.7448,469,37604,0.80587,0.59,2,2135803,2135334,469
156299881,129.217,22.349,604,37660,0.832348,0.63,2,2135959,2135355,604
156302801,51.4434,126.07,484,37716,0.842939,0.65,2,2135991,2135507,484
156305721,21.4887,50.014,467,37772,0.859176,0.69,2,2136005,2135538,467
156480921,401.99,453.584,468,17520,0.40143,0.19,1,2138560,2138092,468
156521801,55.0752,72.2649,435,18597,0.0486286,0.03,1,2138953,2138518,435
156524721,19.015,26.453,430,18711,0.0614514,0.03,1,2138963,2138533,430
156527641,58.203,26.8906,471,18824,0.0665806,0.03,1,2139031,2138560,471
156530561,130.041,60.5781,550,18937,0.0806322,0.05,1,2139179,2138629,550
156539321,53.3603,57.7006,425,19271,0.0721205,0.07,1,2139378,2138953,425
156542241,18.6721,19.5401,425,19381,0.0348482,0.07,1,2139388,2138963,425
156545161,56.5344,58.308,423,19490,0.0439393,0.09,1,2139454,2139031,423
156548081,132.107,130.062,426,19599,0.0955757,0.09,1,2139605,2139179,426
156553921,87.3643,53.2025,519,19815,0.0644921,0.07,1,2139758,2139239,519
156556841,50.2729,86.6405,465,19922,0.0557968,0.05,1,2139799,2139334,465
156559761,18.0546,52.5281,431,20028,0.0523187,0.01,1,2139809,2139378,431
156562681,58.0109,18.5056,489,20134,0.0509275,0.05,1,2139877,2139388,489
156565601,134.002,56.5011,576,20239,0.098371,0.13,1,2140030,2139454,576
156586041,79.9846,134.002,493,20962,0.208307,0.13,1,2140523,2140030,493
156588961,17.5969,78.8004,430,21063,0.233323,0.09,1,2140525,2140095,430
156591881,68.3194,83.7601,426,21164,0.267329,0.11,1,2140606,2140180,426
156594801,48.0639,50.352,427,21264,0.268932,0.11,1,2140649,2140222,427
156597721,17.6128,18.0704,427,21364,0.245573,0.11,1,2140659,2140232,427
156600641,57.9226,59.6141,425,21463,0.296229,0.17,1,2140727,2140302,425
156603561,139.585,135.923,430,21562,0.280492,0.25,1,2140887,2140457,430
156621081,60.3041,57.9226,436,22145,0.432275,0.27,1,2141163,2140727,436
156647361,87.3087,139.171,521,22993,0.758492,0.61,2,2141843,2141322,521
156650281,19.0617,83.8342,453,23085,0.765397,0.61,2,2141845,2141392,453
156653201,75.0124,18.3668,540,23177,0.780159,0.65,2,2141934,2141394,540
156656121,48.6025,71.6734,497,23268,0.822064,0.69,2,2141976,2141479,497
156659041,17.7205,47.9347,465,23359,0.838825,0.69,2,2141986,2141521,465
156661961,63.5441,17.5869,530,23450,0.85753,0.71,2,2142061,2141531,530
156664881,147.109,62.7174,624,23540,0.877012,0.77,2,2142229,2141605,624
156770001,43.4601,68.4453,523,26588,0.244749,1,1,2144340,2143817,523
156778761,23.9957,31.8116,501,26826,0.0898239,1,1,2144423,2143922,501
156781681,120.799,28.7623,618,26905,0.0539296,0.89,1,2144568,2143950,618
156784601,25.7598,130.552,464,26984,0.0395718,0.53,1,2144570,2144106,464
156787521,63.552,96.5105,449,27062,0.0818287,0.43,1,2144643,2144194,449
156790441,35.1104,46.5021,443,27140,0.0507315,0.29,1,2144671,2144228,443
156793361,58.2221,69.3004,432,27218,0.0502926,0.15,1,2144735,2144303,432
156796281,38.8444,43.4601,429,27296,0.050117,0.11,1,2144769,2144340,429
156799201,27.7689,31.892,425,27374,0.0500468,0.09,1,2144794,2144369,425
156805041,22.0708,23.9957,422,27528,0.0788075,0.03,1,2144845,2144423,422
156807961,121.214,120.799,423,27605,0.049523,0.03,1,2144991,2144568,423
156810881,25.8428,25.7598,423,27682,0.0618092,0.11,1,2144993,2144570,423
156813801,65.1686,63.552,425,27759,0.0667237,0.03,1,2145068,2144643,425
156816721,33.0337,35.1104,422,27835,0.0926895,0.05,1,2145093,2144671,422
156848841,37.3022,60.8413,457,28660,0.202916,0.15,1,2145618,2145161,457
156851761,28.2604,36.9683,452,28734,0.219166,0.11,1,2145644,2145192,452
156854681,32.0521,28.1937,459,28808,0.249667,0.15,1,2145677,2145218,459
156857601,20.0104,32.0387,443,28881,0.249867,0.13,1,2145694,2145251,443
156860521,121.602,19.2077,574,28954,0.237947,0.13,1,2145841,2145267,574
156863441,25.9204,121.442,429,29027,0.233179,0.17,1,2145843,2145414,429
156866361,67.5841,25.8883,505,29100,0.255271,0.15,1,2145921,2145416,505
156869281,32.7168,66.7777,452,29173,0.276109,0.15,1,2145945,2145493,452
156880961,33.7035,28.2604,467,29462,0.415116,0.27,1,2146111,2145644,467
156883881,19.5407,32.0521,450,29534,0.436047,0.25,1,2146127,2145677,450
156933521,38.5684,39.0495,448,30728,0.776517,0.59,2,2146940,2146492,448
156936441,29.3137,28.6099,449,30797,0.760607,0.57,2,2146967,2146518,449
156939361,34.6627,35.322,448,30866,0.766243,0.55,2,2147003,2146555,448
156942281,19.7325,20.6644,447,30935,0.780497,0.59,2,2147019,2146572,447
156945201,127.147,123.333,452,31003,0.834199,0.59,2,2147173,2146721,452
156948121,27.0293,26.2666,452,31071,0.85568,0.63,2,2147175,2146723,452
156951041,70.2059,69.2533,453,31139,0.864272,0.67,2,2147256,2146803,453
157088281,40.691,33.9454,503,34186,0.81208,1,2,2149359,2148856,503
157105801,47.1988,49.3155,521,34556,0.401367,1,1,2149635,2149114,521
157129161,24.6442,27.2276,481,35043,0.412488,0.69,1,2149900,2149419,481
157202161,91.1668,88.1358,455,36521,0.791183,0.65,2,2150903,2150448,455
157205081,39.0334,39.2272,454,36579,0.838473,0.71,2,2150929,2150475,454
157208001,46.2067,45.4454,455,36637,0.857389,0.65,2,2150977,2150522,455
157210921,34.8413,35.4891,454,36695,0.840956,0.71,2,2151009,2150555,454
157213841,22.1683,21.4978,455,36753,0.858382,0.65,2,2151028,2150573,455
157216761,42.0337,41.8996,455,36810,0.865353,0.71,2,2151075,2150620,455
157424081,55.142,49.7467,521,40683,0.867893,1,2,2153799,2153278,521
157427001,32.6284,40.3493,510,40735,0.881157,1,2,2153826,2153316,510
157593441,35.7091,33.949,520,43591,0.85116,1,2,2155823,2155303,520
157596361,20.7418,37.1898,499,43639,0.826464,1,2,2155840,2155341,499
157599281,21.7484,19.438,506,43687,0.756586,1,2,2155862,2155356,506
157631401,37.7035,40.728,507,44215,0.750328,0.89,2,2156257,2155750,507
157634321,32.3407,38.5456,500,44263,0.750131,0.81,2,2156288,2155788,500
157637241,13.6681,35.7091,474,44311,0.762052,0.81,2,2156297,2155823,474
157643081,34.1467,21.7484,493,44407,0.771128,0.71,2,2156355,2155862,493
157646001,26.0293,33.9497,480,44455,0.782451,0.63,2,2156379,2155899,480
157648921,6.80587,27.5899,456,44502,0.762981,0.69,2,2156381,2155925,456
157651841,26.1612,28.718,458,44549,0.767192,0.73,2,2156412,2155954,458
157654761,21.2322,25.7436,453,44596,0.804877,0.63,2,2156432,2155979,453
157657681,33.0464,33.1487,454,44643,0.819951,0.69,2,2156468,2156014,454
157660601,40.2093,39.4297,455,44690,0.84998,0.65,2,2156510,2156055,455
157663521,32.8419,32.6859,455,44737,0.849992,0.73,2,2156541,2156086,455
157666441,33.7684,32.9372,456,44784,0.873997,0.71,2,2156575,2156119,456
157669361,60.3537,58.5874,458,44831,0.859599,0.73,2,2156642,2156184,458
157672281,41.6707,40.5175,459,44878,0.84184,0.77,2,2156679,2156220,459
157675201,38.7341,37.7035,460,44925,0.822736,0.75,2,2156717,2156257,460
157678121,31.7468,32.3407,459,44972,0.863094,0.77,2,2156747,2156288,459
157681041,14.3494,13.6681,460,45019,0.855238,0.73,2,2156757,2156297,460
157683961,19.6699,18.7336,461,45066,0.864095,0.79,2,2156778,2156317,461
157686881,34.334,34.1467,461,45113,0.867638,0.79,2,2156816,2156355,461
157689801,26.0668,26.0293,461,45160,0.869055,0.75,2,2156840,2156379,461
157692721,6.81336,6.80587,461,45207,0.869622,0.77,2,2156842,2156381,461
157695641,26.1627,26.1612,461,45254,0.881849,0.83,2,2156873,2156412,461
157881061,431.538,466.679,500,21900,0.765951,0.95,2,2158908,2158408,500
157907341,101.191,62.1499,559,22757,0.755042,0.57,2,2159539,2158980,559
157910261,70.6383,99.63,513,22850,0.836017,0.63,2,2159602,2159089,513
157913181,68.5277,68.726,520,22943,0.880407,0.67,2,2159670,2159150,520
158120501,62.1648,50.1522,538,28772,0.88696,1,2,2163748,2163210,538
158123421,58.033,50.8304,544,28846,0.792784,1,2,2163805,2163261,544
158184741,52.7036,52.6746,447,30349,0.772026,0.53,2,2164845,2164398,447
158187661,36.1407,35.3349,448,30419,0.818811,0.55,2,2164877,2164429,448
158190581,28.0281,27.067,449,30489,0.813524,0.55,2,2164903,2164454,449
158193501,7.20563,7.0134,449,30558,0.83541,0.59,2,2164905,2164456,449
158196421,35.0411,33.4027,451,30627,0.832164,0.61,2,2164947,2164496,451
158199341,59.8082,58.6805,452,30696,0.794866,0.65,2,2165013,2164561,452
158202261,42.3616,39.7361,455,30765,0.803946,0.73,2,2165051,2164596,455
158205181,57.2723,55.9472,456,30834,0.819578,0.77,2,2165112,2164656,456
158208101,55.4545,53.5894,458,30903,0.861831,0.75,2,2165167,2164709,458
158333661,88.6313,86.2643,484,33720,0.897044,1,2,2167163,2166679,484
158500101,36.6966,32.0343,498,37123,0.899916,1,2,2169487,2168989,498
158508861,34.6296,42.0163,526,37294,0.444235,1,1,2169644,2169118,526
158517621,33.845,40.0481,502,37464,0.241791,1,1,2169733,2169231,502
158523461,23.2738,36.8019,503,37576,0.0614866,1,1,2169802,2169299,503
158526381,31.0548,31.3604,506,37632,0.0545946,1,1,2169835,2169329,506
158529301,43.011,39.0721,511,37688,0.0518379,0.97,1,2169881,2169370,511
158532221,37.4022,37.4144,510,37744,0.0387351,0.97,1,2169917,2169407,510
158535141,33.0804,43.4829,497,37800,0.0214941,0.85,1,2169949,2169452,497
158538061,67.4161,36.6966,538,37856,0.0745976,0.59,1,2170025,2169487,538
158558501,24.5153,48.369,442,38245,0.0995771,0.01,1,2170227,2169785,442
158564341,44.8206,31.0548,470,38355,0.0603323,0.05,1,2170305,2169835,470
158567261,36.1641,43.011,458,38410,0.0421329,0.03,1,2170339,2169881,458
158570181,32.8328,37.4022,454,38465,0.0588532,0.01,1,2170371,2169917,454
158581861,19.6045,26.3766,429,38685,0.204595,0.15,1,2170510,2170081,429
158584781,24.7209,26.0753,429,38740,0.207838,0.11,1,2170536,2170107,429
158587701,22.5442,24.4151,427,38795,0.209135,0.09,1,2170558,2170131,427
158590621,31.7088,32.883,426,38849,0.245654,0.17,1,2170592,2170166,426
158593541,39.9418,38.5766,428,38903,0.284262,0.07,1,2170634,2170206,428
158596461,20.7884,24.5153,423,38957,0.287705,0.11,1,2170650,2170227,423
158631501,42.5019,39.9418,436,39603,0.415909,0.29,1,2171070,2170634,436
158634421,21.3004,20.7884,436,39656,0.424364,0.31,1,2171086,2170650,436
158637341,28.2601,27.3577,437,39709,0.415745,0.37,1,2171116,2170679,437
158640261,48.052,46.2715,439,39762,0.436298,0.35,1,2171169,2170730,439
158646101,33.9221,33.3709,438,39868,0.440608,0.31,1,2171233,2170795,438
158649021,74.7844,75.4742,437,39921,0.446243,0.31,1,2171318,2170881,437
158727861,46.8318,75.5911,491,41325,0.779538,0.61,2,2172252,2171761,491
158730781,10.9664,46.3182,454,41376,0.797815,0.61,2,2172254,2171800,454
158733701,20.5933,10.8636,475,41427,0.829126,0.63,2,2172277,2171802,475
158736621,27.3187,19.7727,482,41478,0.85365,0.69,2,2172306,2171824,482
158739541,23.8637,25.5545,478,41529,0.87546,0.71,2,2172329,2171851,478
158742461,6.37275,22.7109,458,41580,0.884184,0.73,2,2172331,2171873,458
158936641,133.106,147.636,492,19925,0.29176,0.53,1,2175076,2174584,492
158939561,67.4212,92.7272,464,20031,0.278704,0.35,1,2175127,2174663,464
158942481,73.4842,76.9454,466,20137,0.237482,0.21,1,2175202,2174736,466
158945401,45.8968,66.5891,441,20242,0.256993,0.17,1,2175241,2174800,441
158948321,55.5794,46.9178,457,20347,0.216797,0.21,1,2175299,2174842,457
158951241,74.3159,32.5836,507,20451,0.272719,0.19,1,2175378,2174871,507
158954161,118.863,69.7167,558,20555,0.271088,0.27,1,2175508,2174950,558
158965841,55.6846,45.7499,490,20965,0.4027,0.19,1,2175731,2175241,490
158968761,12.7369,55.55,434,21066,0.41908,0.31,1,2175733,2175299,434
159000881,74.9524,73.1852,447,22148,0.805667,0.55,2,2176520,2176073,447
159003801,46.9905,46.637,447,22244,0.856267,0.53,2,2176560,2176113,447
159006721,60.5981,58.1274,450,22339,0.852507,0.55,2,2176624,2176174,450
159009641,13.7196,13.2255,450,22434,0.851003,0.65,2,2176626,2176176,450
159012561,73.1439,69.0451,455,22529,0.862401,0.65,2,2176714,2176259,455
159126441,112.238,52.9058,607,25945,0.7708,1,2,2179231,2178624,607
159138121,62.9508,50.9134,533,26270,0.217348,1,1,2179427,2178894,533
159143961,49.398,57.7165,514,26431,0.0815758,1,1,2179516,2179002,514
159146881,58.6796,41.9433,537,26511,0.0986303,0.92,1,2179577,2179040,537
159149801,94.1359,61.1887,574,26591,0.0454521,0.65,1,2179680,2179106,574
159152721,44.4272,112.238,481,26671,0.0361808,0.49,1,2179712,2179231,481
159155641,48.8854,52.8475,493,26750,0.0324723,0.35,1,2179762,2179269,493
159158561,33.7771,53.7695,469,26829,0.0189889,0.33,1,2179792,2179323,469
159161481,57.9554,38.7539,498,26908,0.0375956,0.11,1,2179856,2179358,498
159164401,13.1911,62.9508,431,26987,0.0450382,0.07,1,2179858,2179427,431
159167321,29.8382,42.9902,427,27065,0.0840153,0.05,1,2179892,2179465,427
159170241,49.9676,49.398,431,27143,0.0756061,0.11,1,2179947,2179516,431
159181921,49.5839,48.8854,424,27454,0.0996155,0.01,1,2180186,2179762,424
159202361,94.204,91.5987,428,27989,0.205886,0.09,1,2180531,2180103,428
159205281,43.6408,43.9197,427,28065,0.220354,0.09,1,2180562,2180135,427
159208201,48.7282,49.5839,426,28140,0.226142,0.13,1,2180612,2180186,426
159211121,34.5456,33.1168,428,28215,0.216457,0.13,1,2180643,2180215,428
159214041,60.5091,59.4234,429,28290,0.236583,0.13,1,2180710,2180281,429
159216961,13.7018,13.4847,429,28365,0.244633,0.13,1,2180712,2180283,429
159219881,31.5404,2.69693,465,28440,0.295853,0.17,1,2180748,2180283,465
159234481,48.796,43.6373,480,28810,0.400806,0.23,1,2181042,2180562,480
159237401,36.1592,48.7275,463,28883,0.418322,0.21,1,2181075,2180612,463
159240321,61.6318,34.5455,500,28956,0.425329,0.25,1,2181143,2180643,500
159243241,13.9264,60.5091,435,29029,0.428132,0.25,1,2181145,2180710,435
159246161,34.7853,13.7018,473,29102,0.405253,0.33,1,2181185,2180712,473
159249081,46.9571,31.5404,487,29175,0.420101,0.35,1,2181235,2180748,487
159304561,49.0494,48.2488,451,30523,0.776318,0.57,2,2182128,2181677,451
159307481,11.4099,11.2498,451,30592,0.796527,0.61,2,2182130,2181679,451
159310401,49.482,50.25,450,30661,0.852611,0.67,2,2182189,2181739,450
159468081,50.2043,63.0981,483,34187,0.832,1,2,2184748,2184265,483
159476841,34.0016,23.8968,530,34373,0.447568,1,1,2184854,2184324,530
159482681,32.8801,35.0359,522,34496,0.202411,1,1,2184911,2184389,522
159485601,40.176,49.4072,511,34557,0.0809643,1,1,2184953,2184442,511
159488521,43.2352,40.2814,517,34618,0.0323857,1,1,2184997,2184480,517
159491441,31.047,37.6563,508,34679,0.0309543,1,1,2185025,2184517,508
159494361,22.2094,31.5313,498,34740,0.0183817,1,1,2185045,2184547,498
159497281,110.842,31.1063,600,34801,0.0253527,0.9,1,2185178,2184578,600
159500201,46.9684,115.021,495,34862,0.0641411,0.76,1,2185209,2184714,495
159503121,33.3937,50.2043,491,34923,0.0316564,0.67,1,2185239,2184748,491
159506041,29.0787,42.0408,479,34984,0.0306626,0.55,1,2185267,2184788,479
159508961,21.8157,34.0082,467,35044,0.078265,0.33,1,2185287,2184820,467
159511881,17.9631,34.0016,450,35104,0.073306,0.27,1,2185304,2184854,450
159514801,29.1926,24.4003,460,35164,0.0713224,0.11,1,2185336,2184876,460
159517721,36.2385,32.8801,463,35224,0.028529,0,1,2185374,2184911,463
159520641,43.2477,40.176,466,35284,0.0114116,0,1,2185419,2184953,466
159523561,30.2495,43.2352,449,35344,0.0225646,0.03,1,2185446,2184997,449
159526481,22.0499,31.047,441,35404,0.0270259,0.01,1,2185466,2185025,441
159529401,111.61,22.2094,555,35464,0.0408103,0.03,1,2185600,2185045,555
159532321,47.922,110.842,454,35524,0.0583241,0.09,1,2185632,2185178,454
159535241,31.9844,46.9684,451,35584,0.0413297,0.01,1,2185660,2185209,451
159538161,32.7969,33.3937,454,35643,0.0345319,0.03,1,2185693,2185239,454
159541081,8.15938,29.0787,428,35702,0.0318127,0.11,1,2185695,2185267,428
159544001,16.0319,21.8157,426,35761,0.0307251,0.07,1,2185713,2185287,426
159546921,13.6064,17.9631,422,35820,0.03029,0.07,1,2185726,2185304,422
159549841,30.7213,29.1926,425,35879,0.066116,0,1,2185761,2185336,425
159552761,34.1443,36.2385,422,35938,0.0264464,0,1,2185796,2185374,422
159555681,44.4289,43.2477,424,35997,0.0285786,0.03,1,2185843,2185419,424
159558601,28.8858,30.2495,422,36056,0.0294314,0.03,1,2185868,2185446,422
159561521,22.5772,22.0499,423,36115,0.0177726,0.05,1,2185889,2185466,423
159564441,112.515,111.61,424,36174,0.037109,0.07,1,2186024,2185600,424
159567361,48.9031,47.922,425,36232,0.0688436,0.03,1,2186057,2185632,425
159573201,33.1561,32.7969,423,36348,0.084215,0.03,1,2186116,2185693,423
159576121,8.23122,8.15938,423,36406,0.099686,0.03,1,2186118,2185695,423
159587801,32.858,34.1443,422,36638,0.061736,0.03,1,2186218,2185796,422
159590721,44.1716,44.4289,422,36696,0.0426944,0.03,1,2186265,2185843,422
159593641,28.8343,28.8858,422,36754,0.0350778,0.01,1,2186290,2185868,422
159596561,22.5669,22.5772,422,36811,0.0320311,0.05,1,2186311,2185889,422
159599481,114.113,112.515,424,36868,0.0428124,0.09,1,2186448,2186024,424
159602401,51.6227,48.9031,427,36925,0.059125,0.13,1,2186484,2186057,427
159605321,27.9245,29.7806,424,36982,0.07765,0.07,1,2186506,2186082,424
159608241,33.5849,33.1561,425,37039,0.09706,0.11,1,2186541,2186116,425
159625761,43.3012,32.7604,468,37381,0.056788,0.03,1,2186686,2186218,468
159628681,28.6602,44.1521,446,37438,0.0287152,0.03,1,2186711,2186265,446
159631601,22.532,28.8304,442,37494,0.0414861,0.03,1,2186732,2186290,442
159634521,114.106,22.5661,558,37550,0.0225944,0.05,1,2186869,2186311,558
159637441,52.4213,114.113,458,37606,0.0390378,0.07,1,2186906,2186448,458
159640361,29.6843,51.6226,446,37662,0.0216151,0.09,1,2186930,2186484,446
159643281,35.5369,27.9245,461,37718,0.038646,0.11,1,2186967,2186506,461
159646201,8.70737,33.5849,428,37774,0.0454584,0.15,1,2186969,2186541,428
159649121,16.1415,8.31698,444,37830,0.0481834,0.13,1,2186987,2186543,444
159652041,12.8283,15.2634,439,37886,0.0492733,0.13,1,2186999,2186560,439
159654961,36.1657,12.6527,469,37942,0.0737093,0.13,1,2187041,2186572,469
159666641,23.0787,28.6602,443,38165,0.090447,0.05,1,2187154,2186711,443
159669561,114.216,22.532,559,38220,0.0361788,0.01,1,2187291,2186732,559
159672481,53.2431,114.106,460,38275,0.0324715,0.05,1,2187329,2186869,460
159675401,29.0486,52.4213,446,38330,0.0309886,0.01,1,2187352,2186906,446
159678321,36.2097,29.6843,460,38385,0.0303954,0.05,1,2187390,2186930,460
159681241,8.84194,35.5369,425,38440,0.0301582,0.05,1,2187392,2186967,425
159684161,16.1684,8.70737,441,38495,0.0660633,0.05,1,2187410,2186969,441
159687081,12.8337,16.1415,435,38550,0.0804253,0.05,1,2187422,2186987,435
159701681,25.2905,27.3933,425,38824,0.201608,0.07,1,2187557,2187132,425
159707521,113.172,114.216,423,38932,0.0958572,0.03,1,2187714,2187291,423
159710441,53.0343,53.2431,423,38986,0.0443429,0.03,1,2187752,2187329,423
159713361,29.0069,29.0486,423,39040,0.0597372,0.03,1,2187775,2187352,423
159716281,37.8014,36.2097,425,39094,0.0298949,0.03,1,2187815,2187390,425
159719201,9.16027,8.84194,425,39148,0.0179579,0.09,1,2187817,2187392,425
159722121,17.0321,16.1684,426,39202,0.0611832,0.09,1,2187836,2187410,426
159725041,13.0064,12.8337,426,39256,0.0544733,0.15,1,2187848,2187422,426
159727961,41.0013,38.5667,429,39310,0.0997893,0.15,1,2187896,2187467,429
159739641,25.5824,25.2905,430,39526,0.201707,0.19,1,2187987,2187557,430
159742561,21.1165,21.8581,429,39579,0.206683,0.03,1,2188007,2187578,429
159748401,51.8847,53.0343,422,39685,0.0966692,0.07,1,2188174,2187752,422
159757161,9.18308,9.16027,423,39844,0.0702668,0.09,1,2188240,2187817,423
159760081,17.8366,17.0321,424,39897,0.0821067,0.05,1,2188260,2187836,424
159763001,13.9673,13.0064,425,39950,0.0868427,0.13,1,2188273,2187848,425
159821401,101.914,21.3792,550,40996,0.223881,0.15,1,2188988,2188438,550
159824321,50.7829,101.076,467,41047,0.263552,0.15,1,2189026,2188559,467
159827241,29.3566,51.4152,452,41098,0.291421,0.13,1,2189050,2188598,452
159853521,10.4178,43.2889,431,41557,0.402228,0.19,1,2189253,2188822,431
159856441,21.2836,27.8578,431,41608,0.442891,0.19,1,2189277,2188846,431
159903161,106.135,104.371,446,42412,0.762929,0.49,2,2189870,2189424,446
159906081,51.6271,51.2743,446,42462,0.767172,0.55,2,2189908,2189462,446
159909001,31.9254,30.2549,448,42512,0.804869,0.55,2,2189935,2189487,448
159911921,39.1851,38.051,449,42562,0.843947,0.55,2,2189976,2189527,449
159914841,9.43702,9.21019,449,42612,0.835579,0.59,2,2189978,2189529,449
159917761,17.8874,17.842,449,42662,0.856232,0.59,2,2189998,2189549,449
159920681,14.7775,14.7684,449,42711,0.840493,0.63,2,2190012,2189563,449
159923601,46.1555,44.5537,451,42760,0.870197,0.63,2,2190066,2189615,451
159926521,10.8311,10.5107,451,42809,0.882079,0.63,2,2190068,2189617,451
159929441,22.1662,21.3021,452,42858,0.874832,0.63,2,2190093,2189641,452
159932361,48.4332,46.6604,454,42907,0.895933,0.63,2,2190148,2189694,454
159938201,21.4573,21.3864,454,43005,0.883749,0.69,2,2190174,2189720,454
159941121,22.6915,4.27728,477,43054,0.8755,0.71,2,2190197,2189720,477
160141141,482.759,510.499,476,20440,0.442,0.11,1,2192691,2192215,476
160167421,358.152,404.5,425,20440,0.2908,0.09,1,2193018,2192593,425
160170341,77.2304,87.3,424,21270,0.26632,0.03,1,2193025,2192601,424
160176181,91.7292,115.492,450,21469,0.0798112,0.09,1,2193207,2192757,450
160179101,69.5458,79.0984,444,21568,0.0979245,0.17,1,2193271,2192827,444
160184941,55.1018,60.7639,447,21764,0.0960679,0.23,1,2193378,2192931,447
160196621,88.421,90.414,425,22151,0.232907,0.11,1,2193632,2193207,425
160199541,70.4842,69.2828,427,22247,0.219163,0.11,1,2193698,2193271,427
160202461,55.6968,55.4566,427,22342,0.261665,0.09,1,2193750,2193323,427
160205381,54.3394,55.0913,426,22437,0.290666,0.17,1,2193804,2193378,426
160208301,71.6679,68.6183,430,22532,0.290266,0.17,1,2193880,2193450,430
160211221,19.1336,13.7237,436,22626,0.290107,0.17,1,2193886,2193450,436
160219981,70.0091,87.9818,497,22906,0.415767,0.21,1,2194129,2193632,497
160222901,57.2018,70.3964,485,22999,0.448307,0.29,1,2194183,2193698,485
160225821,55.4404,55.6793,488,23091,0.449323,0.31,1,2194238,2193750,488
160228741,72.6881,54.3359,511,23183,0.437729,0.29,1,2194315,2193804,511
160231661,19.3376,71.6672,441,23274,0.433092,0.29,1,2194321,2193880,441
160266701,61.4039,58.5653,451,24344,0.785855,0.63,2,2195078,2194627,451
160269621,57.0808,54.9131,453,24431,0.836342,0.65,2,2195134,2194681,453
160272541,73.0162,71.7826,454,24518,0.844537,0.65,2,2195211,2194757,454
160275461,19.4032,19.1565,454,24604,0.847815,0.65,2,2195217,2194763,454
160278381,5.48065,5.4313,454,24690,0.849126,0.79,2,2195219,2194765,454
160281301,75.4961,71.4863,459,24776,0.86165,0.71,2,2195312,2194853,459
160371821,33.5607,31.8244,489,27302,0.8836,1,2,2197120,2196631,489
160380581,88.6845,89.6946,485,27534,0.75471,1,2,2197299,2196814,485
160389341,32.9015,47.0856,486,27764,0.222781,1,1,2197453,2196967,486
160392261,54.5803,55.0171,489,27840,0.0951126,0.94,1,2197513,2197024,489
160395181,57.3161,67.8034,476,27916,0.056045,0.83,1,2197571,2197095,476
160398101,29.0632,33.5607,473,27992,0.040418,0.96,1,2197593,2197120,473
160401021,17.8126,21.1121,470,28068,0.0341672,0.9,1,2197608,2197138,470
160403941,49.1625,55.4224,463,28143,0.0196669,0.65,1,2197665,2197202,463
160406861,79.4325,88.6845,453,28218,0.0738668,0.33,1,2197752,2197299,453
160409781,72.6865,90.5369,433,28293,0.0475467,0.27,1,2197823,2197390,433
160412701,39.3373,44.5074,431,28368,0.0610187,0.27,1,2197854,2197423,431
160415621,26.2675,8.90148,454,28443,0.0784075,0.13,1,2197877,2197423,454
160418541,51.6535,25.7803,482,28517,0.049363,0.01,1,2197935,2197453,482
160421461,55.9307,53.1561,479,28591,0.0857452,0.03,1,2197992,2197513,479
160424381,29.5861,57.0312,444,28665,0.0762981,0.03,1,2198015,2197571,444
160427301,17.9172,29.0062,437,28739,0.0365192,0.03,1,2198030,2197593,437
160430221,48.3834,17.8012,478,28813,0.0566077,0.01,1,2198086,2197608,478
160433141,80.8767,49.1603,510,28886,0.0406431,0.11,1,2198175,2197665,510
160436061,71.3753,79.432,492,28959,0.0222572,0.03,1,2198244,2197752,492
160438981,43.0751,72.6864,457,29032,0.0269029,0.07,1,2198280,2197823,457
160441901,27.815,39.3373,450,29105,0.0407612,0.09,1,2198304,2197854,450
160444821,47.163,26.2675,479,29178,0.0583045,0.03,1,2198356,2197877,479
160447741,57.4326,51.6535,481,29251,0.0533218,0.11,1,2198416,2197935,481
160450661,28.2865,55.9307,445,29323,0.0753287,0.07,1,2198437,2197992,445
160453581,17.6573,29.5861,437,29395,0.0841315,0.01,1,2198452,2198015,437
160456501,49.9315,17.9172,480,29467,0.0516526,0.07,1,2198510,2198030,480
160459421,81.9863,48.3834,514,29539,0.026661,0.03,1,2198600,2198086,514
160462341,69.1973,80.8767,491,29611,0.0166644,0.01,1,2198666,2198175,491
160465261,42.6395,71.3753,458,29682,0.0366658,0.03,1,2198702,2198244,458
160468181,28.5279,43.0751,447,29753,0.0566663,0.05,1,2198727,2198280,447
160471101,46.5056,27.815,474,29824,0.0526665,0.07,1,2198778,2198304,474
160474021,10.9011,47.163,424,29895,0.0510666,0.05,1,2198780,2198356,424
160476941,50.9802,57.4326,425,29966,0.0504266,0.09,1,2198841,2198416,425
160479861,28.596,28.2865,427,30037,0.0381707,0.09,1,2198864,2198437,427
160482781,15.3192,17.6573,424,30107,0.0572683,0.03,1,2198876,2198452,424
160485701,49.4638,49.9315,424,30177,0.0529073,0.01,1,2198934,2198510,424
160488621,81.8928,81.9863,424,30247,0.0511629,0.01,1,2199024,2198600,424
160491541,68.3786,69.1973,423,30317,0.0744652,0.05,1,2199089,2198666,423
160494461,43.2757,42.6395,424,30387,0.0717861,0.07,1,2199126,2198702,424
160497381,29.4551,28.5279,425,30457,0.0827144,0.05,1,2199152,2198727,425
160506141,49.3556,50.9802,422,30664,0.215294,0.03,1,2199263,2198841,422
160509061,29.0711,28.596,423,30733,0.212117,0.07,1,2199287,2198864,423
160511981,15.4142,15.3192,423,30802,0.234847,0.05,1,2199299,2198876,423
160514901,50.2828,49.4638,424,30871,0.243939,0.05,1,2199358,2198934,424
160529501,49.1553,45.891,430,31212,0.292082,0.19,1,2199632,2199202,430
160532421,11.4311,10.7782,430,31280,0.278833,0.19,1,2199634,2199204,430
160535341,50.2862,2.15564,490,31348,0.297533,0.25,1,2199694,2199204,490
160567461,29.5643,50.2862,460,32081,0.415533,0.31,1,2200154,2199694,460
160570381,16.3129,29.2572,449,32147,0.424213,0.31,1,2200167,2199718,449
160573301,53.6626,15.4514,500,32213,0.415685,0.39,1,2200230,2199730,500
160576221,82.7325,52.6903,528,32279,0.448274,0.31,1,2200320,2199792,528
160611261,77.753,71.7465,452,33056,0.789973,0.63,2,2200841,2200389,452
160614181,46.7506,44.7493,453,33120,0.825989,0.63,2,2200880,2200427,453
160617101,30.1501,29.7499,453,33184,0.840396,0.63,2,2200906,2200453,453
160620021,47.63,47.55,453,33248,0.870158,0.63,2,2200958,2200505,453
160622941,11.126,11.11,453,33312,0.858063,0.65,2,2200960,2200507,453
160625861,56.6252,54.222,456,33375,0.853225,0.71,2,2201028,2200572,456
160628781,31.325,30.0444,457,33438,0.88729,0.71,2,2201053,2200596,457
160774781,65.8212,76.2869,479,36466,0.882218,1,2,2203130,2202651,479
160777701,71.5642,68.8574,485,36524,0.790887,1,2,2203203,2202718,485
160786461,30.5245,29.9909,493,36698,0.435337,1,1,2203327,2202834,493
160792301,42.181,48.8796,483,36813,0.294054,1,1,2203407,2202924,483
160806901,23.225,25.1062,467,37098,0.283226,0.81,1,2203521,2203054,467
160809821,63.045,65.8212,464,37155,0.23929,0.81,1,2203594,2203130,464
160812741,63.809,13.1642,528,37212,0.221716,0.73,1,2203658,2203130,528
160853621,39.4644,50.3618,465,38000,0.222887,0.17,1,2204170,2203705,465
160856541,27.8929,39.6724,453,38056,0.227155,0.15,1,2204195,2203742,453
160859461,30.3786,27.9345,459,38112,0.264862,0.15,1,2204226,2203767,459
160862381,45.2757,31.9869,475,38167,0.291945,0.13,1,2204275,2203800,475
160935381,31.1981,33.3706,449,39528,0.780519,0.59,2,2205113,2204664,449
160938301,44.6396,45.0741,449,39581,0.798208,0.59,2,2205161,2204712,449
160941221,24.9279,25.0148,449,39634,0.841283,0.55,2,2205181,2204732,449
160944141,20.1856,19.403,450,39687,0.858513,0.61,2,2205200,2204750,450
160947061,25.6371,24.6806,451,39740,0.889405,0.59,2,2205227,2204776,451
160949981,27.5274,27.3361,451,39793,0.877762,0.59,2,2205255,2204804,451
160952901,21.5055,21.4672,451,39846,0.885105,0.67,2,2205275,2204824,451
161138321,416.184,435.609,489,18980,0.418,0.91,1,2207988,2207499,489
161174821,168.037,187.922,469,18980,0.2092,0.81,1,2208094,2207625,469
161180661,130.241,112.957,506,19925,0.070672,0.17,1,2208290,2207784,506
161192341,66.1284,52.1935,451,20347,0.0659852,0.07,1,2208486,2208035,451
161209861,64.2966,22.6066,499,20965,0.0865378,0.03,1,2208908,2208409,499
161212781,14.4593,66.1213,424,21066,0.0646151,0.13,1,2208910,2208486,424
161218621,133.218,133.365,428,21267,0.220338,0.13,1,2209143,2208715,428
161221541,89.0437,89.073,428,21367,0.274135,0.13,1,2209221,2208793,428
161236141,73.9895,70.0919,429,21858,0.285479,0.29,1,2209423,2208994,429
161253661,13.9526,13.9473,437,22434,0.401334,0.27,1,2209771,2209334,437
161256581,73.1905,73.9895,436,22529,0.406534,0.27,1,2209859,2209423,436
161259501,138.638,14.7979,591,22623,0.420613,0.37,1,2210014,2209423,591
161282861,97.9692,138.638,530,23362,0.770408,0.57,2,2210544,2210014,530
161285781,37.1938,92.5276,471,23453,0.806163,0.57,2,2210566,2210095,471
161288701,21.8388,36.1055,467,23543,0.832465,0.57,2,2210584,2210117,467
161291621,65.1678,21.6211,525,23633,0.854986,0.63,2,2210660,2210135,525
161294541,14.6335,62.7242,454,23723,0.863994,0.63,2,2210662,2210208,454
161297461,74.1267,14.1448,541,23812,0.867598,0.65,2,2210751,2210210,541
161402581,43.3614,73.9048,501,26829,0.8692,1,2,2212936,2212435,501
161405501,42.2723,39.581,512,26908,0.88168,1,2,2212978,2212466,512
161408421,30.8545,28.7162,514,26987,0.838672,1,2,2213006,2212492,514
161420101,114.872,128.18,474,27299,0.412046,1,1,2213259,2212785,474
161425941,60.9149,68.8072,468,27454,0.227927,0.83,1,2213367,2212899,468
161452221,57.465,60.9149,429,28140,0.200359,0.17,1,2213796,2213367,429
161455141,40.293,41.783,428,28215,0.230144,0.15,1,2213832,2213404,428
161458061,34.4586,35.5566,427,28290,0.242057,0.15,1,2213865,2213438,427
161460981,27.6917,26.3113,429,28365,0.282823,0.15,1,2213891,2213462,429
161463901,25.5383,5.26226,454,28440,0.287129,0.17,1,2213916,2213462,454
161466821,25.9077,21.8525,454,28514,0.288852,0.15,1,2213942,2213488,454
161469741,51.5815,26.7705,484,28588,0.289541,0.17,1,2214000,2213516,484
161475581,59.5033,104.591,476,28736,0.402727,0.19,1,2214167,2213691,476
161478501,58.3007,59.3182,486,28810,0.419091,0.21,1,2214225,2213739,486
161528141,108.601,109.046,454,30034,0.75607,0.67,2,2215014,2214560,454
161531061,61.7203,61.0091,455,30104,0.764428,0.67,2,2215064,2214609,455
161533981,58.7441,58.6018,455,30174,0.803771,0.63,2,2215122,2214667,455
161536901,43.7488,45.3204,453,30244,0.819508,0.63,2,2215162,2214709,453
161539821,35.9498,36.2641,453,30314,0.837803,0.63,2,2215196,2214743,453
161542741,31.99,31.2528,454,30384,0.857121,0.73,2,2215227,2214773,454
161545661,31.198,27.8506,458,30454,0.828849,0.71,2,2215258,2214800,458
161548581,27.8396,27.1701,458,30523,0.841539,0.77,2,2215285,2214827,458
161551501,7.16792,7.03402,458,30592,0.822616,0.73,2,2215287,2214829,458
161554421,51.0336,51.0068,458,30661,0.887046,0.77,2,2215349,2214891,458
161808461,85.0306,103.709,476,36174,0.884464,1,2,2219263,2218787,476
161811381,53.0061,51.1419,483,36232,0.767786,1,2,2219308,2218825,483
161828901,35.2244,36.6709,488,36580,0.252693,0.9,1,2219542,2219054,488
161837661,33.7538,25.7654,494,36754,0.0903324,1,1,2219624,2219130,494
161852261,41.7708,43.2402,444,37039,0.0741058,0.41,1,2219833,2219389,444
161855181,41.9542,47.0481,438,37096,0.0956423,0.31,1,2219875,2219437,438
161875621,28.2726,33.7444,451,37494,0.215147,0.13,1,2220075,2219624,451
161878541,65.6545,26.7489,501,37550,0.236059,0.11,1,2220150,2219649,501
161881461,38.7309,65.3498,458,37606,0.256424,0.11,1,2220182,2219724,458
161884381,34.1462,40.27,457,37662,0.252569,0.11,1,2220215,2219758,457
161887301,38.0292,32.854,465,37718,0.251028,0.05,1,2220254,2219789,465
161890221,43.6058,41.7708,466,37774,0.250411,0.11,1,2220299,2219833,466
161893141,38.3212,41.9542,461,37830,0.298164,0.19,1,2220336,2219875,461
161904821,22.9285,22.0703,452,38054,0.411073,0.15,1,2220441,2219989,452
161910661,30.1971,33.3628,460,38165,0.417372,0.25,1,2220508,2220048,460
161913581,66.0394,28.2726,508,38220,0.448949,0.25,1,2220583,2220075,508
161916501,38.0079,65.6545,464,38275,0.449579,0.27,1,2220614,2220150,464
161919421,34.8016,38.7309,466,38330,0.449832,0.25,1,2220648,2220182,466
161977821,19.1726,19.131,448,39418,0.759966,0.55,2,2221308,2220860,448
161980741,22.2345,21.4262,449,39472,0.765986,0.59,2,2221331,2220882,449
161983661,34.8469,34.6852,449,39526,0.804395,0.53,2,2221369,2220920,449
161986581,30.9694,31.737,448,39579,0.795758,0.57,2,2221399,2220951,448
161989501,68.5939,67.9474,449,39632,0.828303,0.59,2,2221477,2221028,449
161992421,37.7188,37.5895,449,39685,0.829321,0.57,2,2221507,2221058,449
161995341,36.3438,35.5179,450,39738,0.829729,0.59,2,2221543,2221093,450
161998261,40.0687,39.1036,451,39791,0.841891,0.63,2,2221584,2221133,451
162001181,48.8137,46.2207,454,39844,0.846757,0.71,2,2221635,2221181,454
162004101,40.1627,38.8441,455,39897,0.848703,0.75,2,2221673,2221218,455
162007021,39.2326,36.5688,458,39950,0.837481,0.75,2,2221712,2221254,458
162009941,33.4465,31.3138,460,40003,0.856992,0.75,2,2221744,2221284,460
162012861,8.2893,7.86275,460,40056,0.864797,0.77,2,2221746,2221286,460
162015781,19.2579,19.1726,460,40109,0.879919,0.77,2,2221768,2221308,460
162018701,21.4516,3.83451,482,40162,0.861968,0.77,2,2221790,2221308,482
162021621,35.4903,19.1669,498,40215,0.890787,0.83,2,2221829,2221331,498
162224561,416.294,465.524,462,18980,0.406576,0.67,1,2224282,2223820,462
162233321,102.594,81.1322,493,20031,0.0685009,0.03,1,2224548,2224055,493
162236241,61.3189,85.8264,457,20137,0.0574003,0.01,1,2224599,2224142,457
162239161,61.8638,68.3653,455,20242,0.0649601,0.03,1,2224661,2224206,455
162245001,82.7946,34.0946,505,20451,0.0595936,0.03,1,2224787,2224282,505
162247921,81.3589,72.4189,504,20555,0.0418375,0.09,1,2224868,2224364,504
162250841,97.8718,77.6838,527,20658,0.034735,0.03,1,2224970,2224443,527
162253761,59.5744,99.5368,472,20761,0.055894,0.05,1,2225020,2224548,472
162256681,62.3149,60.7073,484,20863,0.0403576,0.07,1,2225083,2224599,484
162259601,38.863,61.7415,455,20965,0.058143,0.13,1,2225116,2224661,455
162262521,9.37259,37.9483,425,21066,0.0652572,0.03,1,2225118,2224693,425
162265441,76.2745,82.7897,424,21167,0.0681029,0.03,1,2225211,2224787,424
162268361,79.2549,81.3579,423,21267,0.0572412,0.03,1,2225291,2224868,423
162271281,97.451,97.8716,423,21367,0.0528965,0.07,1,2225393,2224970,423
162274201,61.0902,59.5743,425,21466,0.0871586,0.03,1,2225445,2225020,425
162277121,61.018,62.3149,423,21565,0.0408634,0.07,1,2225506,2225083,423
162280041,41.0036,38.863,426,21663,0.0343454,0.07,1,2225542,2225116,426
162282961,9.80072,9.37259,426,21761,0.0317382,0.07,1,2225544,2225118,426
162285881,73.9601,76.2745,423,21858,0.0786953,0.05,1,2225634,2225211,423
162288801,77.992,79.2549,422,21955,0.0854781,0.05,1,2225713,2225291,422
162291721,97.1984,97.451,422,22052,0.0401912,0.11,1,2225815,2225393,422
162294641,63.4397,61.0902,425,22148,0.0340765,0.01,1,2225870,2225445,425
162297561,59.0879,61.018,422,22244,0.0436306,0.03,1,2225928,2225506,422
162300481,40.6176,41.0036,422,22339,0.0474522,0.03,1,2225964,2225542,422
162303401,9.72352,9.80072,422,22434,0.0489809,0.11,1,2225966,2225544,422
162306321,77.1447,73.9601,426,22529,0.0495924,0.11,1,2226060,2225634,426
162312161,93.9658,66.1584,523,22717,0.0787348,0.01,1,2226236,2225713,523
162315081,63.5932,94.8317,477,22810,0.0494939,0.03,1,2226292,2225815,477
162318001,58.3186,62.9663,479,22903,0.0377976,0.05,1,2226349,2225870,479
162320921,40.4637,58.9933,457,22996,0.033119,0.05,1,2226385,2225928,457
162323841,9.69274,40.5987,423,23088,0.0312476,0.05,1,2226387,2225964,423
162326761,79.5385,9.71973,518,23180,0.078499,0.05,1,2226484,2225966,518
162329681,82.3077,77.144,507,23271,0.0973996,0.17,1,2226567,2226060,507
162347201,82.735,9.69274,523,23812,0.216197,0.11,1,2226910,2226387,523
162350121,82.947,79.5385,509,23901,0.296479,0.11,1,2226993,2226484,509
162358881,58.8076,61.3723,428,24166,0.404175,0.15,1,2227142,2226714,428
162361801,58.9615,57.8745,430,24254,0.41967,0.17,1,2227201,2226771,430
162364721,40.5923,40.3749,430,24341,0.425868,0.17,1,2227237,2226807,430
162367641,9.71846,9.67498,430,24428,0.428347,0.25,1,2227239,2226809,430
162370561,86.7437,82.735,435,24515,0.441339,0.35,1,2227345,2226910,435
162405601,60.2975,15.9596,502,25533,0.758769,0.55,2,2228031,2227529,502
162408521,62.4595,46.3919,511,25616,0.765508,0.59,2,2228094,2227583,511
162411441,42.0919,58.0784,487,25699,0.756203,0.65,2,2228131,2227644,487
162414361,10.0184,40.4157,453,25781,0.752481,0.65,2,2228133,2227680,453
162417281,87.6037,9.68313,558,25863,0.762993,0.69,2,2228240,2227682,558
162420201,91.1207,85.9366,545,25945,0.779197,0.67,2,2228332,2227787,545
162423121,19.8241,89.1873,457,26027,0.761679,0.67,2,2228334,2227877,457
162426041,85.5648,19.4375,557,26108,0.814672,0.79,2,2228436,2227879,557
162428961,60.313,81.4875,514,26189,0.835869,0.77,2,2228490,2227976,514
162431881,62.4626,60.2975,522,26270,0.844347,0.77,2,2228553,2228031,522
162434801,41.2925,62.4595,495,26351,0.859739,0.75,2,2228589,2228094,495
162437721,9.8585,42.0919,460,26431,0.865896,0.75,2,2228591,2228131,460
162671321,68.3358,37.6819,549,32211,0.859982,1,2,2232693,2232144,549
162688841,34.334,33.4109,515,32603,0.281091,1,1,2232977,2232462,515
162694681,37.2134,33.9764,515,32733,0.0761746,1,1,2233049,2232534,515
162697601,32.2427,44.3953,499,32798,0.0844698,1,1,2233080,2232581,499
162718041,33.9063,35.6699,434,33246,0.202441,0.25,1,2233377,2232943,434
162720961,30.7813,34.334,430,33310,0.230976,0.13,1,2233407,2232977,430
162723881,28.5563,34.0668,424,33373,0.242391,0,1,2233435,2233011,424
162729721,35.5422,32.2427,430,33499,0.0663825,0.21,1,2233510,2233080,430
162732641,16.7084,18.4485,427,33562,0.056553,0.11,1,2233522,2233095,427
162735561,49.7417,49.2897,428,33625,0.0766212,0.19,1,2233580,2233152,428
162753081,31.8401,30.7813,432,34001,0.20478,0.25,1,2233839,2233407,432
162756001,30.368,28.5563,434,34063,0.231912,0.09,1,2233869,2233435,434
162758921,31.6736,37.7113,426,34125,0.242765,0.01,1,2233901,2233475,426
162761841,31.1347,35.5422,422,34187,0.259106,0.05,1,2233932,2233510,422
162764761,15.8269,16.7084,422,34249,0.265642,0.05,1,2233944,2233522,422
162767681,51.9654,3.34169,483,34311,0.268257,0.09,1,2234005,2233522,483
162770601,83.1931,47.0683,516,34373,0.257303,0.19,1,2234096,2233580,516
162773521,41.4386,79.8137,459,34435,0.252921,0.17,1,2234127,2233668,459
162776441,32.2877,39.9627,459,34496,0.251168,0.17,1,2234157,2233698,459
162779361,44.0575,31.9925,476,34557,0.274467,0.21,1,2234204,2233728,476
162785201,34.2423,35.1997,463,34679,0.297115,0.23,1,2234271,2233808,463
162802721,82.3948,51.9654,524,35044,0.410379,0.25,1,2234529,2234005,524
162805641,41.279,83.1931,464,35104,0.422151,0.25,1,2234560,2234096,464
162808561,32.2558,41.4386,463,35164,0.438861,0.25,1,2234590,2234127,463
162811481,45.6512,32.2877,482,35224,0.445544,0.29,1,2234639,2234157,482
162849441,37.3108,35.5302,447,35997,0.757371,0.53,2,2235119,2234672,447
162852361,36.2622,35.106,448,36056,0.752948,0.57,2,2235155,2234707,448
162855281,35.2524,33.4212,450,36115,0.787179,0.61,2,2235190,2234740,450
162858201,35.0505,32.2842,453,36174,0.800872,0.61,2,2235225,2234772,453
162861121,32.6101,32.8568,452,36232,0.806349,0.61,2,2235257,2234805,452
162864041,16.122,16.1714,452,36290,0.80854,0.65,2,2235269,2234817,452
162866961,54.4244,52.8343,454,36348,0.809416,0.65,2,2235333,2234879,454
162869881,12.4849,12.1669,454,36406,0.809766,0.67,2,2235335,2234881,454
162872801,76.097,75.2334,455,36464,0.821907,0.69,2,2235427,2234972,455
162875721,40.8194,39.8467,456,36522,0.814763,0.75,2,2235459,2235003,456
162878641,33.7639,32.7693,457,36580,0.847905,0.75,2,2235491,2235034,457
162881561,48.3528,46.5539,459,36638,0.873162,0.77,2,2235543,2235084,459
162884481,36.8706,37.3108,458,36696,0.895265,0.75,2,2235577,2235119,458
163030481,39.1682,38.7616,484,39472,0.837136,1,2,2237484,2237000,484
163042161,50.0659,38.4876,493,39685,0.406631,1,1,2237641,2237148,493
163045081,34.8132,30.0975,496,39738,0.264652,1,1,2237672,2237176,496
163053841,52.5345,60.6248,482,39897,0.0824577,1,1,2237797,2237315,482
163056761,36.1069,40.125,479,39950,0.0629831,0.89,1,2237829,2237350,479
163059681,27.2214,32.025,474,40003,0.0551932,0.96,1,2237854,2237380,474
163062601,29.4443,31.205,473,40056,0.0520773,0.93,1,2237884,2237411,473
163065521,26.6889,31.841,467,40109,0.0628309,0.93,1,2237910,2237443,467
163068441,31.7378,6.3682,500,40162,0.0431324,0.77,1,2237943,2237443,500
163071361,31.1476,34.0736,490,40215,0.0352529,0.65,1,2237974,2237484,490
163074281,26.2295,37.2147,477,40268,0.0441012,0.49,1,2237999,2237522,477
163077201,29.2459,31.4429,477,40320,0.0476405,0.43,1,2238029,2237552,477
163080121,41.8492,34.2886,487,40372,0.0370562,0.35,1,2238074,2237587,487
163083041,26.7698,50.0577,456,40424,0.0688225,0.17,1,2238097,2237641,456
163085961,28.554,34.8115,454,40476,0.093529,0.07,1,2238126,2237672,454
163088881,33.7108,33.3623,456,40528,0.0674116,0.07,1,2238161,2237705,456
163091801,53.9422,34.6725,480,40580,0.0449646,0.07,1,2238220,2237740,480
163094721,36.3884,52.5345,455,40632,0.0479859,0.05,1,2238252,2237797,455
163097641,25.6777,36.1069,446,40684,0.0491943,0.05,1,2238275,2237829,446
163100561,29.1355,27.2214,451,40736,0.0496777,0.05,1,2238305,2237854,451
163103481,27.4271,29.4443,448,40788,0.0618711,0.07,1,2238332,2237884,448
163106401,32.6854,26.6889,456,40840,0.0547484,0.03,1,2238366,2237910,456
163109321,31.3371,31.7378,454,40892,0.0398994,0.03,1,2238397,2237943,454
163112241,26.2674,31.1476,448,40944,0.0219597,0.05,1,2238422,2237974,448
163115161,29.2535,26.2295,453,40996,0.0627839,0.05,1,2238452,2237999,453
163118081,41.8507,29.2459,468,41047,0.0431136,0.03,1,2238497,2238029,468
163121001,29.1701,41.8492,449,41098,0.0592454,0.09,1,2238523,2238074,449
163123921,26.634,26.7698,452,41149,0.0536982,0.11,1,2238549,2238097,452
163126841,32.5268,28.554,457,41200,0.0874793,0.05,1,2238583,2238126,457
163158961,39.8845,41.8507,423,41761,0.0970105,0.07,1,2238920,2238497,423
163161881,28.7769,29.1701,423,41812,0.0688042,0.05,1,2238946,2238523,423
163176481,26.6754,27.3002,427,42062,0.202717,0.13,1,2239127,2238700,427
163179401,28.5351,27.86,428,42112,0.207087,0.13,1,2239156,2238728,428
163182321,28.907,27.972,429,42162,0.220835,0.15,1,2239185,2238756,429
163185241,29.7814,31.1944,427,42212,0.238334,0.15,1,2239215,2238788,427
163188161,7.55628,7.83888,427,42262,0.221334,0.11,1,2239217,2238790,427
163191081,25.5113,25.5678,427,42312,0.238533,0.09,1,2239247,2238820,427
163194001,22.7023,25.1136,424,42362,0.233413,0.11,1,2239269,2238845,424
163196921,31.7405,31.4227,425,42412,0.231365,0.09,1,2239303,2238878,425
163199841,40.7481,39.8845,426,42462,0.266546,0.05,1,2239346,2238920,426
163202761,28.1496,28.7769,425,42512,0.280618,0.13,1,2239371,2238946,425
163231961,25.537,25.5113,432,43005,0.411775,0.25,1,2239679,2239247,432
163240721,41.5483,30.9241,476,43152,0.403394,0.29,1,2239779,2239303,476
163243641,29.9097,40.5848,460,43201,0.407357,0.29,1,2239806,2239346,460
163249481,35.5964,30.4234,475,43299,0.404777,0.39,1,2239877,2239402,475
163252401,55.1193,35.6847,498,43348,0.443911,0.37,1,2239937,2239439,498
163307881,33.7272,28.3058,482,44264,0.758747,0.55,2,2240536,2240054,482
163310801,8.34545,32.0612,451,44312,0.777499,0.55,2,2240538,2240087,451
163313721,27.2691,8.01223,481,44360,0.784999,0.61,2,2240570,2240089,481
163316641,23.0538,25.6024,473,44408,0.8,0.61,2,2240592,2240119,473
163319561,31.8108,22.7205,485,44456,0.806,0.61,2,2240626,2240141,485
163322481,7.96215,31.7441,453,44503,0.8084,0.61,2,2240628,2240175,453
163325401,36.7924,42.3488,452,44550,0.80936,0.63,2,2240672,2240220,452
163328321,29.7585,30.0698,453,44597,0.821744,0.63,2,2240700,2240247,453
163331241,33.1517,33.214,453,44644,0.850698,0.61,2,2240734,2240281,453
163334161,35.4303,36.2428,452,44691,0.862279,0.65,2,2240770,2240318,452
163337081,59.0861,57.6486,454,44738,0.878912,0.67,2,2240835,2240381,454
163340001,40.6172,39.5297,455,44785,0.885565,0.69,2,2240871,2240416,455
163690401,62.8213,60.2604,512,23730,0.785446,0.61,2,2245006,2244494,512
163693321,74.1643,60.8521,528,23819,0.812179,0.59,2,2245083,2244555,528
163696241,24.4329,74.5704,462,23908,0.822871,0.63,2,2245095,2244633,462
163699161,6.48657,24.5141,452,23997,0.827149,0.63,2,2245097,2244645,452
163702081,68.4973,71.3028,453,24085,0.852859,0.67,2,2245181,2244728,453
163705001,93.6995,92.6606,455,24173,0.899144,0.71,2,2245281,2244826,455
163839321,70.0714,63.4437,493,27920,0.853763,1,2,2247930,2247437,493
163842241,46.0143,50.2887,486,27996,0.779505,1,2,2247970,2247484,486
163886041,26.7834,42.5593,479,29109,0.757436,0.65,2,2248715,2248236,479
163888961,54.1567,29.3119,514,29182,0.788974,0.63,2,2248776,2248262,514
163891881,68.4313,54.6624,525,29255,0.77759,0.69,2,2248848,2248323,525
163894801,38.4863,67.7325,485,29327,0.797036,0.69,2,2248879,2248394,485
163897721,38.0973,39.1465,491,29399,0.816814,0.69,2,2248917,2248426,491
163900641,32.4195,38.2293,484,29471,0.836726,0.67,2,2248948,2248464,484
163903561,62.4839,31.6459,524,29543,0.88069,0.73,2,2249018,2248494,524
164029121,39.4287,42.7123,525,32479,0.896176,1,2,2251102,2250577,525
164037881,30.3314,32.6617,517,32674,0.846235,1,2,2251208,2250691,517
164040801,27.6663,34.5323,509,32739,0.848494,1,2,2251235,2250726,509
164043721,15.9333,34.1065,488,32804,0.897398,1,2,2251248,2250760,488
164046641,44.7867,46.8213,490,32868,0.832959,1,2,2251300,2250810,490
164049561,32.9573,34.9643,488,32932,0.831184,0.99,2,2251330,2250842,488
164055401,90.2783,101.719,469,33060,0.882989,0.93,2,2251498,2251029,469
164058321,45.2557,49.1437,467,33124,0.887196,0.87,2,2251532,2251065,467
164061241,37.8511,39.4287,466,33188,0.888878,0.93,2,2251568,2251102,466
164064161,44.3702,42.2857,469,33252,0.889551,0.89,2,2251614,2251145,469
164067081,36.074,35.6572,469,33316,0.87782,0.81,2,2251648,2251179,469
164070001,29.6148,30.3314,468,33379,0.873128,0.85,2,2251676,2251208,468
164072921,26.723,27.6663,467,33442,0.871251,0.93,2,2251702,2251235,467
164075841,16.5446,15.9333,468,33505,0.870501,0.79,2,2251716,2251248,468
164078761,42.5089,44.7867,465,33568,0.8822,0.83,2,2251765,2251300,465
164081681,30.9018,32.9573,463,33631,0.85088,0.95,2,2251793,2251330,463
164084601,66.9804,63.3915,468,33694,0.862352,0.87,2,2251869,2251401,468
164213081,31.5439,27.7963,489,36353,0.870294,1,2,2253692,2253203,489
164216001,37.5088,32.7593,494,36411,0.810118,1,2,2253731,2253237,494
164218921,37.9018,48.9519,479,36469,0.798047,1,2,2253769,2253290,479
164268561,36.8878,33.1577,485,37443,0.772866,0.63,2,2254473,2253988,485
164271481,29.7776,36.2315,476,37499,0.783147,0.59,2,2254501,2254025,476
164274401,30.7555,29.6463,479,37555,0.799259,0.63,2,2254532,2254053,479
164277321,27.7511,27.5293,479,37611,0.817703,0.57,2,2254559,2254080,479
164280241,20.7502,28.7059,469,37667,0.789081,0.59,2,2254578,2254109,469
164283161,24.95,20.1412,477,37723,0.801633,0.63,2,2254604,2254127,477
164286081,39.39,25.6282,493,37779,0.854653,0.67,2,2254647,2254154,493
164289001,30.278,36.3256,482,37835,0.887861,0.69,2,2254675,2254193,482
164680281,422.533,486.404,466,20440,0.4492,0.63,1,2259472,2259006,466
164683201,188.507,186.881,484,20544,0.20968,0.39,1,2259602,2259118,484
164689041,61.7803,76.2752,449,20750,0.0827488,0.11,1,2259729,2259280,449
164691961,69.1561,73.655,447,20852,0.0750995,0,1,2259800,2259353,447
164694881,50.6312,46.731,453,20954,0.0300398,0.05,1,2259846,2259393,453
164697801,20.5262,34.1462,435,21055,0.0300159,0.07,1,2259859,2259424,435
164700721,32.1052,32.4292,438,21156,0.0420064,0.05,1,2259894,2259456,438
164703641,112.821,123.286,425,21256,0.0468025,0.03,1,2260027,2259602,425
164706561,80.1642,83.8572,423,21356,0.036721,0.07,1,2260099,2259676,423
164709481,58.4328,59.1714,423,21455,0.0926884,0.07,1,2260152,2259729,423
164712401,68.4866,68.6343,423,21554,0.0430754,0,1,2260223,2259800,423
164715321,49.6973,50.5269,422,21652,0.0172301,0.03,1,2260268,2259846,422
164718241,21.9395,20.5054,424,21750,0.00689206,0.05,1,2260283,2259859,424
164721161,30.7879,32.1011,422,21848,0.0207568,0.05,1,2260316,2259894,422
164727001,80.1115,80.164,422,22042,0.0861211,0.13,1,2260521,2260099,422
164729921,61.6223,58.4328,426,22138,0.0644484,0.01,1,2260578,2260152,426
164732841,65.9245,68.4866,422,22234,0.0317794,0,1,2260645,2260223,422
164735761,49.1849,49.6973,422,22329,0.0307117,0,1,2260690,2260268,422
164738681,21.837,21.9395,422,22424,0.0182847,0.03,1,2260705,2260283,422
164741601,31.5674,30.7879,423,22519,0.0133139,0.03,1,2260739,2260316,423
164744521,114.313,6.15758,558,22613,0.0473256,0.17,1,2260874,2260316,558
164747441,78.0627,107.632,494,22707,0.0489302,0.07,1,2260943,2260449,494
164750361,60.4125,79.1263,478,22800,0.0615721,0.05,1,2260999,2260521,478
164762041,31.3863,21.8354,455,23170,0.0594162,0.01,1,2261160,2260705,455
164764961,116.677,31.5671,559,23261,0.0537665,0.07,1,2261298,2260739,559
164767881,77.7355,114.313,492,23352,0.0875066,0.05,1,2261366,2260874,492
164797081,69.0211,71.4294,428,24244,0.210665,0.15,1,2261925,2261497,428
164800001,47.4042,46.2859,430,24331,0.246266,0.19,1,2261967,2261537,430
164802921,17.4808,18.0572,429,24418,0.260506,0.15,1,2261977,2261548,429
164805841,31.4962,30.8114,430,24505,0.278203,0.17,1,2262012,2261582,430
164811681,79.6598,79.6325,430,24677,0.403312,0.17,1,2262222,2261792,430
164814601,17.532,17.5265,430,24763,0.431325,0.19,1,2262224,2261794,430
164855481,124.103,32.3902,598,25935,0.76506,0.71,2,2263046,2262448,598
164858401,84.0206,120.078,530,26017,0.792024,0.71,2,2263120,2262590,530
164861321,18.4041,83.2156,458,26098,0.80281,0.71,2,2263122,2262664,458
164864241,51.6808,18.2431,516,26179,0.843124,0.67,2,2263182,2262666,516
164867161,73.5362,53.2486,533,26260,0.88325,0.75,2,2263261,2262728,533
164978121,33.5147,26.5799,521,29168,0.812092,1,2,2265260,2264739,521
164983961,104.221,22.5032,626,29313,0.445535,1,1,2265411,2264785,626
164989801,43.6888,91.3001,508,29457,0.223686,0.98,1,2265518,2265010,508
164995641,71.5076,30.692,559,29601,0.0945897,0.97,1,2265626,2265067,559
164998561,47.9015,77.3384,512,29673,0.0438359,0.97,1,2265668,2265156,512
165001481,27.1803,49.8677,491,29744,0.0475343,0.86,1,2265690,2265199,491
165004401,29.4361,31.5735,494,29815,0.0370137,0.75,1,2265720,2265226,494
165007321,7.48721,33.5147,462,29886,0.0328055,0.59,1,2265722,2265260,462
165010241,19.8974,29.1029,457,29957,0.0671222,0.29,1,2265745,2265288,457
165013161,85.5795,104.221,436,30028,0.0688489,0.21,1,2265847,2265411,436
165027761,44.9951,47.9015,422,30378,0.219806,0.05,1,2266090,2265668,422
165030681,28.199,27.1803,424,30448,0.249922,0.03,1,2266114,2265690,424
165033601,28.8398,29.4361,423,30518,0.285969,0.03,1,2266143,2265720,423
165036521,7.36796,7.48721,423,30587,0.276388,0.09,1,2266145,2265722,423
165039441,22.2736,19.8974,426,30656,0.296555,0.07,1,2266171,2265745,426
165045281,72.8909,69.9159,428,30794,0.423049,0.11,1,2266341,2265913,428
165048201,44.1782,44.3832,427,30863,0.42722,0.13,1,2266378,2265951,427
165051121,29.6356,28.8766,428,30932,0.428888,0.21,1,2266404,2265976,428
165074481,75.0058,80.8909,512,31475,0.443125,0.47,1,2266783,2266271,512
165077401,44.6012,72.1782,479,31542,0.43525,0.43,1,2266820,2266341,479
165080321,29.7202,44.0356,468,31609,0.4441,0.43,1,2266846,2266378,468
165129961,89.6016,22.3753,555,32729,0.763043,0.59,2,2267605,2267050,555
165132881,19.5203,88.4751,452,32794,0.779217,0.65,2,2267607,2267155,452
165135801,61.5041,73.695,454,32858,0.785687,0.71,2,2267679,2267225,454
165138721,43.5008,45.139,455,32922,0.800275,0.67,2,2267718,2267263,455
165141641,29.5002,29.8278,455,32986,0.80611,0.71,2,2267744,2267289,455
165144561,74.7,73.1656,457,33050,0.832444,0.71,2,2267830,2267373,457
165147481,45.34,45.0331,457,33114,0.878978,0.73,2,2267868,2267411,457
165150401,29.868,29.0066,458,33178,0.897591,0.71,2,2267894,2267436,458
165316841,46.1927,31.5323,499,36635,0.8812,1,2,2270300,2269801,499
165319761,47.6385,43.1065,501,36693,0.77848,1,2,2270348,2269847,501
165331441,41.913,40.7858,484,36923,0.407913,1,1,2270497,2270013,484
165334361,40.3826,40.9572,483,36980,0.289165,1,1,2270537,2270054,483
165337281,34.4765,40.1914,476,37037,0.217666,1,1,2270570,2270094,476
165343121,31.1391,34.0877,479,37151,0.0840266,1,1,2270644,2270165,479
165346041,37.4278,6.81753,518,37208,0.0636106,1,1,2270683,2270165,518
165348961,33.0856,41.3635,500,37265,0.0554443,0.88,1,2270715,2270215,500
165351881,42.6171,37.8727,508,37322,0.0401777,0.85,1,2270760,2270252,508
165354801,42.9234,45.9745,503,37379,0.0340711,0.71,1,2270803,2270300,503
165357721,34.1847,47.5949,487,37436,0.0316284,0.61,1,2270835,2270348,487
165360641,24.4369,39.119,472,37492,0.0186514,0.61,1,2270857,2270385,472
165363561,38.4874,27.8238,489,37548,0.0374606,0.35,1,2270899,2270410,489
165366481,38.0975,41.5648,482,37604,0.0329842,0.37,1,2270937,2270455,482
165372321,31.9239,40.3826,462,37716,0.0952775,0.17,1,2270999,2270537,462
165381081,39.1994,31.1391,464,37884,0.0610578,0.05,1,2271108,2270644,464
165384001,31.0399,37.4278,454,37940,0.0424231,0.05,1,2271137,2270683,454
165389841,43.4816,42.6171,465,38052,0.0727877,0.03,1,2271225,2270760,465
165392761,34.2963,42.9234,454,38108,0.0351151,0.03,1,2271257,2270803,454
165395681,23.6593,34.1847,443,38163,0.020046,0.01,1,2271278,2270835,443
165398601,40.7319,24.4369,466,38218,0.0260184,0.05,1,2271323,2270857,466
165401521,40.9464,38.4874,465,38273,0.0404074,0.03,1,2271364,2270899,465
165404441,31.3893,38.0975,456,38328,0.0701629,0.15,1,2271393,2270937,456
165407361,31.8779,31.6195,458,38383,0.0940652,0.09,1,2271425,2270967,458
165436561,45.3414,40.7319,428,38930,0.0798823,0.05,1,2271751,2271323,428
165439481,38.6683,40.9464,424,38984,0.0619529,0.09,1,2271788,2271364,424
165442401,32.5337,31.3893,426,39038,0.0547812,0.11,1,2271819,2271393,426
165445321,32.9067,31.8779,427,39092,0.0399125,0.17,1,2271852,2271425,427
165448241,41.7813,40.7756,428,39146,0.045965,0.15,1,2271896,2271468,428
165451161,27.5563,26.5551,429,39200,0.060386,0.13,1,2271920,2271491,429
165462841,38.3993,38.3721,429,39416,0.205402,0.19,1,2272037,2271608,429
165465761,39.6799,39.6744,429,39470,0.220161,0.15,1,2272077,2271648,429
165468681,31.936,33.5349,427,39524,0.262064,0.15,1,2272107,2271680,427
165471601,19.1872,22.707,423,39577,0.278826,0.03,1,2272123,2271700,423
165474521,43.8374,45.3414,422,39630,0.27353,0.05,1,2272173,2271751,422
165477441,39.9675,38.6683,424,39683,0.295412,0.05,1,2272212,2271788,424
165497881,8.39967,7.99645,431,40054,0.405051,0.21,1,2272422,2271991,431
165524161,43.1217,32.9583,484,40526,0.41397,0.39,1,2272760,2272276,484
165527081,31.0243,41.7917,468,40578,0.435588,0.41,1,2272788,2272320,468
165585481,26.804,32.0977,452,41606,0.754158,0.61,2,2273430,2272978,452
165588401,18.1608,19.2195,452,41657,0.787663,0.65,2,2273446,2272994,452
165591321,45.2322,43.8439,454,41708,0.789065,0.65,2,2273498,2273044,454
165594241,41.0464,40.7688,454,41759,0.789626,0.69,2,2273538,2273084,454
165597161,35.4093,34.5538,455,41810,0.81385,0.65,2,2273572,2273117,455
165600081,37.4819,38.1108,454,41860,0.85954,0.65,2,2273610,2273156,454
165603001,45.0964,45.2222,454,41910,0.841816,0.65,2,2273657,2273203,454
165605921,32.2193,31.4444,455,41960,0.858726,0.65,2,2273686,2273231,455
165608841,40.0439,39.8889,455,42010,0.853491,0.69,2,2273728,2273273,455
165611761,35.2088,34.3778,456,42060,0.863396,0.69,2,2273762,2273306,456
165614681,8.64175,8.47555,456,42110,0.867358,0.69,2,2273764,2273308,456
165617601,38.5283,38.4951,456,42160,0.868943,0.71,2,2273810,2273354,456
165620521,44.5057,42.099,459,42210,0.869577,0.75,2,2273856,2273397,459
165623441,10.5011,10.0198,459,42260,0.869831,0.77,2,2273858,2273399,459
165852661,146.516,137.765,490,20544,0.246399,0.53,1,2276551,2276061,490
165864341,56.1384,72.0924,451,20954,0.207668,0.09,1,2276834,2276383,451
165867261,32.8277,52.0185,431,21055,0.245067,0.09,1,2276861,2276430,431
165870181,35.3655,27.2037,446,21156,0.236027,0.11,1,2276897,2276451,446
165873101,70.2731,85.4407,425,21256,0.292411,0.05,1,2276976,2276551,425
165896461,76.0159,75.6545,438,22042,0.40214,0.35,1,2277491,2277053,438
165899381,67.2032,67.9309,437,22138,0.442856,0.33,1,2277556,2277119,437
165922741,95.5391,66.9702,546,22893,0.754631,0.53,2,2278102,2277556,546
165925661,60.7078,92.5941,499,22986,0.811852,0.59,2,2278154,2277655,499
165928581,34.5416,58.5188,477,23078,0.810741,0.57,2,2278182,2277705,477
165931501,35.7083,35.7038,483,23170,0.834296,0.57,2,2278218,2277735,483
165934421,78.3417,35.9408,536,23261,0.843719,0.63,2,2278307,2277771,536
165937341,78.8683,74.3882,531,23352,0.871487,0.67,2,2278386,2277855,531
165940261,70.9737,76.4776,523,23443,0.882595,0.69,2,2278455,2277932,523
166065821,57.1499,65.697,489,27056,0.82216,1,2,2280997,2280508,489
166068741,41.03,42.7394,489,27134,0.778864,1,2,2281034,2280545,489
166103781,89.6346,93.9602,451,28057,0.772852,0.65,2,2281683,2281232,451
166106701,50.7269,51.592,451,28132,0.783141,0.63,2,2281724,2281273,451
166109621,38.9454,39.1184,451,28207,0.775256,0.65,2,2281760,2281309,451
166112541,73.3891,72.6237,452,28282,0.820103,0.65,2,2281842,2281390,452
166115461,16.2778,16.1247,452,28357,0.862041,0.65,2,2281844,2281392,452
166118381,52.8556,3.22495,514,28432,0.854816,0.65,2,2281906,2281392,514
166121301,41.7711,51.045,490,28506,0.875927,0.65,2,2281945,2281455,490
166124221,34.7542,39.809,486,28580,0.884371,0.73,2,2281978,2281492,486
166243941,93.4739,46.6676,580,31475,0.882544,1,2,2284067,2283487,580
166246861,47.4948,95.7335,508,31542,0.791018,1,2,2284103,2283595,508
166305261,77.7778,83.6504,447,32858,0.763109,0.55,2,2284974,2284527,447
166308181,44.3556,43.9301,449,32922,0.815243,0.51,2,2285010,2284561,449
166311101,33.6711,34.386,448,32986,0.848097,0.51,2,2285041,2284593,448
166314021,61.9342,61.2772,449,33050,0.849239,0.65,2,2285110,2284661,449
166316941,53.1868,50.6554,452,33114,0.813696,0.65,2,2285161,2284709,452
166319861,32.2374,30.1311,454,33178,0.787478,0.69,2,2285188,2284734,454
166322781,37.6475,35.6262,456,33242,0.788991,0.71,2,2285227,2284771,456
166325701,44.3295,43.1252,457,33306,0.801597,0.73,2,2285273,2284816,457
166328621,27.2659,26.225,458,33370,0.842639,0.71,2,2285296,2284838,458
166331541,36.6532,36.445,458,33433,0.847055,0.73,2,2285335,2284877,458
166334461,8.93064,8.889,458,33496,0.848822,0.79,2,2285337,2284879,458
166337381,80.1861,77.7778,461,33559,0.861529,0.85,2,2285435,2284974,461
166340301,45.6372,44.3556,462,33622,0.866612,0.87,2,2285472,2285010,462
166343221,34.7274,33.6711,463,33685,0.880645,0.85,2,2285504,2285041,463
166465861,35.2403,25.2467,497,36229,0.897529,1,2,2287265,2286768,497
166468781,56.6481,66.6493,482,36287,0.809012,1,2,2287327,2286845,482
166471701,51.3296,42.9299,495,36345,0.797605,1,2,2287377,2286882,495
166474621,38.2659,35.786,496,36403,0.757042,1,2,2287412,2286916,496
166477541,34.0532,30.3572,500,36461,0.752817,0.99,2,2287445,2286945,500
166506741,47.4268,51.3296,462,37037,0.791498,0.73,2,2287839,2287377,462
166509661,36.6854,38.2659,461,37094,0.838599,0.75,2,2287873,2287412,461
166512581,29.7371,34.0532,456,37151,0.86944,0.75,2,2287901,2287445,456
166515501,49.1474,6.81064,510,37208,0.881776,0.69,2,2287955,2287445,510
166518421,36.2295,43.7621,490,37265,0.87471,0.63,2,2287988,2287498,490
166521341,26.4459,37.5524,478,37322,0.871884,0.61,2,2288012,2287534,478
166524261,37.2892,29.9105,490,37379,0.894754,0.73,2,2288052,2287562,490
166658581,38.9659,33.1591,491,39895,0.854798,1,2,2289810,2289319,491
166661501,37.3932,47.4318,477,39948,0.803919,1,2,2289847,2289370,477
166681941,30.1822,37.9918,504,40318,0.448421,1,1,2290061,2289557,504
166684861,36.4364,32.3984,511,40370,0.437368,1,1,2290099,2289588,511
166740341,38.9025,37.5105,485,41351,0.783712,0.51,2,2290792,2290307,485
166743261,31.7805,37.9021,477,41402,0.811485,0.55,2,2290822,2290345,477
166746181,37.5561,30.7804,487,41453,0.810594,0.59,2,2290861,2290374,487
166749101,24.3112,35.7561,471,41504,0.798238,0.59,2,2290882,2290411,471
166752021,6.46224,23.1512,453,41555,0.793295,0.57,2,2290884,2290431,453
166754941,7.69245,10.2302,454,41606,0.791318,0.65,2,2290892,2290438,454
166757861,31.9385,32.446,454,41657,0.814527,0.63,2,2290930,2290476,454
166760781,25.5877,26.4892,453,41708,0.799811,0.63,2,2290954,2290501,453
166763701,38.7175,38.8978,453,41759,0.793924,0.69,2,2290996,2290543,453
166766621,60.5435,58.1796,456,41810,0.83957,0.67,2,2291062,2290606,456
166769541,39.3087,38.0359,457,41860,0.869828,0.67,2,2291096,2290639,457
166772461,41.4617,42.8072,455,41910,0.857931,0.73,2,2291138,2290683,455
166775381,35.4923,32.5614,459,41960,0.877172,0.77,2,2291172,2290713,459
166973941,173.137,172.392,513,20544,0.886,1,2,2293510,2292997,513
166976861,112.227,124.878,497,20647,0.8284,1,2,2293607,2293110,497
166979781,80.8455,76.1757,506,20750,0.78136,0.98,2,2293680,2293174,506
166982701,74.5691,80.0351,498,20852,0.774544,1,2,2293753,2293255,498
166994381,92.0809,103.418,468,21256,0.819172,0.79,2,2293978,2293510,468
166997301,91.2162,98.2835,462,21356,0.861669,0.75,2,2294069,2293607,462
167216301,42.6253,36.8498,498,27829,0.8932,1,2,2298626,2298128,498
167219221,38.1251,42.57,491,27905,0.84328,1,2,2298663,2298172,491
167233821,78.3917,80.1647,487,28282,0.443198,1,1,2299001,2298514,487
167245501,35.447,41.1651,498,28580,0.284994,0.81,1,2299124,2298626,498
167248421,77.4894,37.833,549,28654,0.299998,0.67,1,2299212,2298663,549
167251341,45.0979,86.7666,487,28728,0.293999,0.63,1,2299249,2298762,487
167271781,34.3333,33.2351,470,29241,0.427173,0.27,1,2299558,2299088,470
167315581,79.6541,74.8846,451,30308,0.763984,0.59,2,2300328,2299877,451
167318501,39.9308,38.9769,451,30378,0.767594,0.59,2,2300358,2299907,451
167321421,25.5862,25.3954,451,30448,0.769037,0.59,2,2300380,2299929,451
167324341,32.3172,32.2791,451,30518,0.793615,0.59,2,2300414,2299963,451
167327261,8.06345,8.05582,451,30587,0.803446,0.69,2,2300416,2299965,451
167330181,33.6127,31.2112,454,30656,0.831378,0.69,2,2300456,2300002,454
167333101,80.3225,79.8422,454,30725,0.890551,0.69,2,2300548,2300094,454
167487861,39.722,37.0307,490,34184,0.870253,1,2,2302961,2302471,490
167490781,35.9444,37.8061,487,34246,0.798101,1,2,2302996,2302509,487
167508301,31.3582,39.1615,506,34615,0.438785,1,1,2303292,2302786,506
167566701,85.2882,86.6763,451,35817,0.761416,0.57,2,2304087,2303636,451
167569621,37.8576,38.9353,450,35876,0.790566,0.59,2,2304113,2303663,450
167572541,41.9715,42.1871,450,35935,0.814227,0.59,2,2304156,2303706,450
167575461,33.9943,33.2374,451,35994,0.871691,0.57,2,2304188,2303737,451
167578381,25.1989,25.0475,451,36053,0.882676,0.61,2,2304211,2303760,451
167750661,45.4459,31.8739,511,39362,0.876358,1,2,2306530,2306019,511
167753581,36.2892,31.9748,513,39416,0.884543,1,2,2306564,2306051,513
167756501,24.0578,36.795,496,39470,0.851817,0.95,2,2306585,2306089,496
167759421,16.8116,27.359,486,39524,0.874727,1,2,2306600,2306114,486
167762341,36.9623,39.8718,485,39577,0.787891,1,2,2306642,2306157,485
167765261,35.3925,37.5744,483,39630,0.765156,0.96,2,2306677,2306194,483
167768181,35.8785,29.9149,491,39683,0.804062,1,2,2306713,2306222,491
167832421,23.0178,35.1413,467,40838,0.752677,0.51,2,2307495,2307028,467
167835341,18.2036,23.8283,463,40890,0.775071,0.51,2,2307512,2307049,463
167838261,31.6407,15.9657,484,40942,0.772028,0.55,2,2307547,2307063,484
167841181,34.3281,31.9931,483,40994,0.782811,0.61,2,2307582,2307099,483
167844101,36.4656,31.9986,488,41045,0.775124,0.57,2,2307619,2307131,488
167847021,32.0931,36.7997,481,41096,0.76005,0.61,2,2307650,2307169,481
167849941,36.0186,30.5599,489,41147,0.76602,0.63,2,2307687,2307198,489
167852861,36.0037,37.312,486,41198,0.768408,0.63,2,2307723,2307237,486
167855781,36.0007,33.8624,489,41249,0.793363,0.71,2,2307759,2307270,489
167858701,44.0001,34.7725,500,41300,0.815345,0.73,2,2307805,2307305,500
167861621,53.6,42.1545,512,41351,0.848138,0.71,2,2307861,2307349,512
167864541,40.32,53.2309,493,41402,0.873255,0.73,2,2307898,2307405,493
167867461,36.864,39.4462,493,41453,0.883302,0.73,2,2307934,2307441,493
167870381,24.1728,35.0892,480,41504,0.875321,0.77,2,2307955,2307475,480
167873301,6.43456,23.0178,462,41555,0.872128,0.79,2,2307957,2307495,462
167876221,14.0869,18.2036,461,41606,0.894851,0.77,2,2307973,2307512,461
168026601,18.7514,51.6543,443,20347,0.216345,0.47,1,2309958,2309515,443
168029521,103.75,16.7309,560,20451,0.236538,0.15,1,2310083,2309523,560
168038281,48.286,80.7098,469,20761,0.405138,0.17,1,2310310,2309841,469
168041201,67.2572,48.142,501,20863,0.444055,0.21,1,2310382,2309881,501
168079161,49.0965,49.0772,452,22148,0.773868,0.61,2,2311205,2310753,452
168082081,67.4193,69.0154,450,22244,0.819547,0.57,2,2311277,2310827,450
168085001,18.2839,18.6031,450,22339,0.813819,0.61,2,2311283,2310833,450
168087921,5.25677,5.32062,450,22434,0.835528,0.57,2,2311285,2310835,450
168090841,105.051,105.064,450,22529,0.868211,0.57,2,2311415,2310965,450
168093761,124.21,21.0128,579,22623,0.881284,0.71,2,2311544,2310965,579
168096681,88.8421,102.603,536,22717,0.886514,0.81,2,2311624,2311088,536
168178441,59.8878,68.7336,488,25198,0.859196,0.98,2,2313316,2312828,488
168190121,36.8766,11.4956,516,25533,0.442523,1,1,2313567,2313051,516
168195961,39.0751,72.1398,503,25699,0.405604,0.95,1,2313682,2313179,503
168204721,112.377,59.8731,588,25945,0.420279,0.57,1,2313904,2313316,588
168207641,44.8753,121.575,479,26027,0.414111,0.49,1,2313932,2313453,479
168210561,43.3751,49.9149,490,26108,0.435645,0.49,1,2313975,2313485,490
168233921,44.5076,44.8753,487,26750,0.759466,0.45,2,2314419,2313932,487
168236841,40.1015,43.3751,483,26829,0.813787,0.53,2,2314458,2313975,483
168239761,72.8203,37.475,528,26908,0.835515,0.53,2,2314539,2314011,528
168242681,16.1641,71.495,450,26987,0.844206,0.61,2,2314541,2314091,450
168245601,28.8328,38.299,452,27065,0.859682,0.61,2,2314573,2314121,452
168248521,31.3666,33.2598,452,27143,0.865873,0.65,2,2314605,2314153,452
168251441,60.6733,59.452,454,27221,0.868349,0.73,2,2314673,2314219,454
168254361,116.135,112.69,458,27299,0.84534,0.73,2,2314803,2314345,458
168257281,47.2269,46.5381,458,27377,0.836136,0.79,2,2314833,2314375,458
168260201,47.0454,44.5076,461,27454,0.820454,0.85,2,2314880,2314419,461
168263121,43.0091,40.1015,464,27531,0.826182,0.85,2,2314922,2314458,464
168266041,75.0018,72.8203,466,27608,0.852473,0.85,2,2315005,2314539,466
168268961,16.6004,16.1641,466,27685,0.874989,0.87,2,2315007,2314541,466
168374081,79.9527,80.2754,487,30314,0.8044,1,2,2316902,2316415,487
168385761,32.1535,17.69,519,30592,0.257857,1,1,2317026,2316507,519
168391601,106.566,118.468,489,30730,0.0592571,1,1,2317188,2316699,489
168394521,50.9132,54.0935,488,30799,0.0417028,1,1,2317225,2316737,488
168397441,37.3826,38.8187,487,30868,0.0166811,0.86,1,2317259,2316772,487
168400361,32.2765,39.7637,478,30937,0.0246725,0.73,1,2317290,2316812,478
168403281,60.0553,79.9527,455,31005,0.027869,0.61,1,2317357,2316902,455
168406201,26.4111,35.1905,449,31073,0.0291476,0.39,1,2317375,2316926,449
168409121,30.8822,39.8381,440,31141,0.065659,0.31,1,2317407,2316967,440
168412041,20.5764,28.7676,432,31209,0.0442636,0.17,1,2317425,2316993,432
168414961,26.5153,32.1535,427,31277,0.0477054,0.17,1,2317453,2317026,427
168417881,32.5031,6.4307,461,31345,0.0370822,0,1,2317487,2317026,461
168420801,104.901,31.6861,546,31413,0.0448329,0.03,1,2317610,2317064,546
168423721,49.7801,105.537,458,31480,0.0479332,0.03,1,2317646,2317188,458
168426641,38.756,50.7074,457,31547,0.0491733,0,1,2317682,2317225,457
168429561,30.9512,37.3415,452,31614,0.0496693,0.03,1,2317711,2317259,452
168432481,59.7902,32.2683,488,31681,0.0618677,0.03,1,2317778,2317290,488
168435401,27.958,60.0537,441,31748,0.0667471,0.03,1,2317798,2317357,441
168438321,30.3916,26.4107,454,31815,0.0926988,0.09,1,2317829,2317375,454
168450001,105.668,32.5031,545,32079,0.0587731,0.05,1,2318032,2317487,545
168452921,49.1336,104.901,457,32145,0.0535092,0.05,1,2318067,2317610,457
168455841,40.2267,49.7801,459,32211,0.0394037,0.05,1,2318105,2317646,459
168458761,29.6453,38.756,450,32277,0.0337615,0.05,1,2318132,2317682,450
168461681,61.9291,30.9512,491,32343,0.0675046,0.07,1,2318202,2317711,491
168464601,29.1858,59.7902,445,32408,0.0690018,0.07,1,2318223,2317778,445
168479201,101.787,32.3391,545,32733,0.0894586,0.01,1,2318453,2317908,545
168482121,21.9575,105.668,423,32798,0.0537834,0.05,1,2318455,2318032,423
168485041,32.3915,49.1336,423,32862,0.0755134,0.03,1,2318490,2318067,423
168487961,37.6783,40.2267,424,32926,0.0722053,0.03,1,2318529,2318105,424
168490881,27.5357,29.6453,422,32990,0.0588821,0.09,1,2318554,2318132,422
168493801,64.7071,61.9291,426,33054,0.0535529,0.07,1,2318628,2318202,426
168496721,31.3414,29.1858,428,33118,0.0514211,0.15,1,2318651,2318223,428
168499641,34.2683,33.0372,429,33182,0.0625685,0.17,1,2318686,2318257,429
168502561,20.4537,19.4074,430,33246,0.0310274,0.17,1,2318703,2318273,430
168505481,24.8907,24.6815,430,33310,0.018411,0.19,1,2318729,2318299,430
168508401,34.5781,32.9363,432,33373,0.0373644,0.03,1,2318766,2318334,432
168511321,95.7156,101.787,424,33436,0.0329458,0.03,1,2318877,2318453,424
168514241,20.7431,21.9575,424,33499,0.0311783,0.09,1,2318879,2318455,424
168517161,32.1486,32.3915,424,33562,0.0664713,0.07,1,2318914,2318490,424
168520081,36.8297,37.6783,423,33625,0.0805885,0.05,1,2318952,2318529,423
168578481,20.8123,96.0284,430,34862,0.203011,0.17,1,2319731,2319301,430
168587241,27.3345,37.6322,451,35044,0.208113,0.09,1,2319828,2319377,451
168590161,66.2669,27.5264,502,35104,0.281245,0.15,1,2319904,2319402,502
168657321,25.1551,23.451,454,36464,0.758648,0.67,2,2320717,2320263,454
168660241,67.431,67.8902,453,36522,0.777459,0.63,2,2320795,2320342,453
168663161,32.6862,32.778,453,36580,0.796984,0.67,2,2320819,2320366,453
168666081,35.3372,35.3556,453,36638,0.804793,0.63,2,2320855,2320402,453
168669001,19.8674,19.8711,453,36696,0.843917,0.63,2,2320871,2320418,453
168671921,26.3735,26.3742,453,36754,0.847567,0.71,2,2320899,2320446,453
168674841,41.2747,39.6748,455,36811,0.837027,0.67,2,2320944,2320489,455
168677761,101.855,101.535,455,36868,0.856811,0.67,2,2321061,2320606,455
168680681,21.971,21.907,455,36925,0.876724,0.69,2,2321063,2320608,455
168838361,24.1598,22.834,493,39897,0.844367,1,2,2323094,2322601,493
168850041,28.2627,26.4493,504,40109,0.246496,1,1,2323264,2322760,504
168858801,27.5541,21.4916,525,40268,0.0611357,1,1,2323334,2322809,525
168861721,86.3108,28.2983,596,40320,0.0424543,0.93,1,2323435,2322839,596
168864641,33.2622,99.2597,499,40372,0.0589817,0.98,1,2323455,2322956,499
168867561,33.8524,43.8519,503,40424,0.0235927,0.96,1,2323489,2322986,503
168870481,29.9705,35.9704,498,40476,0.0514371,0.89,1,2323518,2323020,498
168873401,18.7941,31.9941,483,40528,0.0625748,0.93,1,2323534,2323051,483
168876321,15.7588,20.7988,480,40580,0.0310299,0.79,1,2323549,2323069,480
168879241,47.9518,24.1598,511,40632,0.054412,0.65,1,2323605,2323094,511
168882161,35.9904,52.832,484,40684,0.0757648,0.47,1,2323638,2323154,484
168885081,31.1981,46.5664,469,40736,0.0483059,0.27,1,2323668,2323199,469
168899681,87.1549,27.5541,524,40996,0.0827186,0.03,1,2323858,2323334,524
168902601,31.831,86.3108,441,41047,0.0750875,0.07,1,2323876,2323435,441
168905521,34.3662,33.2622,456,41098,0.030035,0,1,2323911,2323455,456
168908441,31.6732,33.8524,453,41149,0.030014,0.07,1,2323942,2323489,453
168911361,17.5346,29.9705,438,41200,0.0420056,0.07,1,2323956,2323518,438
168914281,15.5069,18.7941,437,41251,0.0348022,0.01,1,2323971,2323534,437
168917201,47.9014,15.7588,478,41302,0.0559209,0.07,1,2324027,2323549,478
168920121,36.7803,47.9518,456,41353,0.0763684,0.09,1,2324061,2323605,456
168943481,31.5619,31.831,425,41761,0.0892103,0,1,2324301,2323876,425
168946401,31.9124,34.3662,422,41812,0.0416841,0.03,1,2324333,2323911,422
168949321,32.7825,31.6732,424,41862,0.0466737,0.05,1,2324366,2323942,424
168952241,17.7565,17.5346,424,41912,0.0486695,0.03,1,2324380,2323956,424
168955161,14.7513,15.5069,423,41962,0.0734678,0.07,1,2324394,2323971,423
168958081,50.1503,47.9014,426,42012,0.0473871,0.09,1,2324453,2324027,426
168961001,38.8301,36.7803,428,42062,0.0609548,0.17,1,2324489,2324061,428
168963921,31.766,30.5561,429,42112,0.0783819,0.17,1,2324519,2324090,429
168984361,31.1078,31.5619,424,42462,0.203978,0.01,1,2324725,2324301,424
168993121,18.0089,17.7565,424,42612,0.202895,0.09,1,2324804,2324380,424
168996041,14.8018,14.7513,424,42662,0.219158,0.03,1,2324818,2324394,424
169007721,32.9069,31.1532,426,42858,0.22329,0.15,1,2324976,2324550,426
169010641,24.9814,23.8306,427,42907,0.239316,0.15,1,2324999,2324572,427
169013561,6.59627,6.36613,427,42956,0.257726,0.11,1,2325001,2324574,427
169016481,12.5193,12.4732,427,43005,0.241091,0.11,1,2325015,2324588,427
169019401,21.7039,2.49464,451,43054,0.246436,0.13,1,2325039,2324588,451
169022321,81.9408,19.6989,524,43103,0.248575,0.19,1,2325136,2324612,524
169025241,31.5882,79.1398,449,43152,0.26143,0.23,1,2325155,2324706,449
169028161,27.9176,31.028,457,43201,0.278572,0.19,1,2325182,2324725,457
169031081,35.1835,30.2056,464,43250,0.285429,0.19,1,2325219,2324755,464
169042761,39.3203,49.3603,466,43446,0.298907,0.17,1,2325342,2324876,466
169051521,25.9466,32.9069,455,43592,0.28529,0.25,1,2325431,2324976,455
169069041,28.8534,31.5882,462,43880,0.415422,0.29,1,2325617,2325155,462
169071961,36.9707,27.9176,474,43928,0.448169,0.29,1,2325656,2325182,474
169133281,34.6697,33.8607,449,44926,0.760709,0.57,2,2326292,2325843,449
169136201,26.9339,25.9721,450,44973,0.754284,0.57,2,2326317,2325867,450
169139121,6.98679,6.79443,450,45020,0.751714,0.57,2,2326319,2325869,450
169142041,14.1974,14.1589,450,45067,0.750685,0.59,2,2326335,2325885,450
169144961,23.6395,22.0318,452,45114,0.750274,0.71,2,2326361,2325909,452
169147881,88.7279,84.4064,457,45161,0.76211,0.71,2,2326466,2326009,457
169150801,19.3456,18.4813,457,45208,0.802844,0.73,2,2326468,2326011,457
169153721,19.8691,20.4963,456,45255,0.831138,0.73,2,2326488,2326032,456
169156641,26.3738,26.4993,456,45302,0.830455,0.73,2,2326516,2326060,456
169159561,39.6748,38.0998,458,45349,0.842182,0.73,2,2326559,2326101,458
169162481,19.135,18.82,458,45396,0.846873,0.73,2,2326573,2326115,458
169165401,15.027,16.564,456,45442,0.848749,0.73,2,2326587,2326131,456
169168321,49.4054,49.7128,456,45488,0.8735,0.75,2,2326645,2326189,456
169347901,406.082,458.973,465,21900,0.425872,0.45,1,2328981,2328516,465
169394621,47.0887,53.5278,453,22093,0.0841358,0.09,1,2329179,2328726,453
169397541,104.618,97.1056,464,22189,0.0636543,0.09,1,2329298,2328834,464
169400461,58.5235,89.0211,424,22285,0.0674617,0.05,1,2329345,2328921,424
169403381,34.1047,41.0042,423,22380,0.0449847,0.03,1,2329373,2328950,423
169406301,32.4209,19.4008,441,22475,0.0479939,0.01,1,2329405,2328964,441
169409221,64.8842,55.8802,449,22569,0.0371975,0.03,1,2329478,2329029,449
169412141,80.1768,60.776,471,22663,0.056879,0.05,1,2329562,2329091,471
169415061,48.8354,49.7552,465,22757,0.0647516,0.07,1,2329603,2329138,465
169420901,58.2734,103.75,469,22943,0.0955603,0.07,1,2329767,2329298,469
169423821,33.2547,58.35,449,23035,0.0922241,0.03,1,2329794,2329345,449
169426741,32.2509,34.07,453,23127,0.0788896,0.05,1,2329826,2329373,453
169429661,65.6502,32.414,495,23219,0.0975559,0.03,1,2329900,2329405,495
169432581,80.33,64.8828,506,23310,0.0690223,0.07,1,2329984,2329478,506
169450101,67.0869,32.2509,500,23851,0.210294,0.11,1,2330326,2329826,500
169453021,78.2174,65.6502,507,23940,0.234118,0.05,1,2330407,2329900,507
169455941,17.2435,80.33,425,24029,0.243647,0.13,1,2330409,2329984,425
169458861,41.0487,50.466,429,24117,0.247459,0.13,1,2330456,2330027,429
169461781,101.81,105.293,427,24205,0.236984,0.19,1,2330573,2330146,427
169464701,60.3619,57.8586,431,24293,0.256793,0.17,1,2330623,2330192,431
169467621,32.8724,33.1717,430,24380,0.276717,0.19,1,2330649,2330219,430
169470541,32.1745,31.4343,431,24467,0.296687,0.23,1,2330681,2330250,431
169479301,17.3454,17.2435,434,24726,0.422908,0.25,1,2330843,2330409,434
169482221,39.4691,41.0487,432,24812,0.403163,0.23,1,2330888,2330456,432
169485141,102.294,101.81,433,24897,0.443265,0.27,1,2331006,2330573,433
169523101,81.2728,69.824,531,25982,0.795706,0.59,2,2331731,2331200,531
169526021,17.8546,80.3648,450,26064,0.816282,0.55,2,2331733,2331283,450
169528941,39.5709,17.673,493,26145,0.812513,0.61,2,2331778,2331285,493
169531861,107.114,38.7346,573,26226,0.859005,0.61,2,2331902,2331329,573
169651581,89.1607,76.1275,573,29355,0.824848,1,2,2334099,2333526,573
169654501,37.8321,86.4255,509,29427,0.803939,1,2,2334124,2333615,509
169657421,30.7664,39.6851,510,29499,0.783576,1,2,2334153,2333643,510
169745021,28.5705,37.5996,477,31580,0.750297,0.63,2,2335508,2335031,477
169747941,88.1141,27.5199,555,31647,0.798119,0.63,2,2335611,2335056,555
169750861,41.6228,87.104,483,31714,0.817248,0.65,2,2335641,2335158,483
169753781,40.3246,41.4208,493,31781,0.824899,0.67,2,2335681,2335188,493
169756701,27.2649,41.0842,476,31848,0.80396,0.69,2,2335705,2335229,476
169759621,7.05298,25.8168,456,31914,0.819584,0.65,2,2335707,2335251,456
169762541,20.6106,6.76337,478,31980,0.837834,0.71,2,2335731,2335253,478
169765461,76.9221,20.5527,545,32046,0.833133,0.71,2,2335822,2335277,545
169768381,86.5844,75.3105,545,32112,0.867253,0.71,2,2335911,2335366,545
169911461,61.9092,40.325,533,35193,0.887392,1,2,2338068,2337535,533
169914381,41.9818,46.465,522,35253,0.852957,1,2,2338105,2337583,522
169917301,39.5964,36.493,527,35313,0.803183,1,2,2338144,2337617,527
169934821,32.9305,37.2757,509,35671,0.281193,0.88,1,2338409,2337900,509
169937741,23.3861,30.6551,501,35730,0.262477,1,1,2338430,2337929,501
169940661,32.6772,31.731,504,35789,0.266991,1,1,2338465,2337961,504
169943581,21.7354,37.5462,484,35848,0.244796,0.82,1,2338484,2338000,484
169946501,45.9471,61.9092,468,35907,0.247919,0.83,1,2338536,2338068,468
169949421,37.9894,41.9818,467,35966,0.213167,0.77,1,2338572,2338105,467
169952341,33.9979,39.5964,461,36025,0.211267,0.63,1,2338605,2338144,461
169955261,25.9996,31.9193,455,36084,0.270507,0.65,1,2338629,2338174,455
169958181,28.3999,33.5839,450,36143,0.282203,0.37,1,2338658,2338208,450
169961101,76.88,88.3168,437,36201,0.274881,0.29,1,2338747,2338310,437
169964021,44.176,47.2634,436,36259,0.295952,0.35,1,2338783,2338347,436
169969861,35.367,32.9305,436,36375,0.295752,0.25,1,2338845,2338409,436
169972781,21.4734,23.3861,433,36433,0.292301,0.27,1,2338863,2338430,433
169981541,46.6678,45.9471,432,36607,0.405827,0.19,1,2338968,2338536,432
169984461,37.3336,37.9894,431,36665,0.408331,0.21,1,2339003,2338572,431
169987381,36.2667,33.9979,434,36723,0.445332,0.31,1,2339039,2338605,434
170066221,78.978,29.2936,542,38245,0.794349,0.61,2,2340077,2339535,542
170069141,42.9956,78.6587,485,38300,0.82774,0.61,2,2340111,2339626,485
170072061,30.9991,42.9317,479,38355,0.841096,0.61,2,2340139,2339660,479
170074981,34.9998,32.5863,485,38410,0.846438,0.59,2,2340175,2339690,485
170077901,25.4,34.5173,473,38465,0.872575,0.61,2,2340198,2339725,473
170080821,34.68,24.5035,488,38520,0.89503,0.63,2,2340235,2339747,488
170083741,24.536,32.9007,475,38575,0.892012,0.67,2,2340257,2339782,475
170086661,6.5072,23.3801,456,38630,0.890805,0.71,2,2340259,2339803,456
170241421,38.1358,17.6878,520,41427,0.860807,1,2,2342217,2341697,520
170244341,33.2272,40.3375,506,41478,0.782323,1,2,2342249,2341743,506
170270621,30.6021,26.8628,478,41935,0.279727,0.95,1,2342575,2342097,478
170273541,25.3204,30.9726,470,41985,0.297891,0.96,1,2342599,2342129,470
170276461,21.8641,25.3945,467,42035,0.293156,0.92,1,2342620,2342153,467
170279381,21.9728,22.6789,467,42085,0.291263,0.81,1,2342642,2342175,467
170282301,33.9946,38.1358,462,42135,0.290505,0.73,1,2342679,2342217,462
170285221,29.9989,33.2272,459,42185,0.278202,0.65,1,2342708,2342249,459
170288141,29.9998,32.2454,457,42235,0.261281,0.71,1,2342738,2342281,457
170291061,21.2,21.6491,457,42285,0.254512,0.61,1,2342757,2342300,457
170293981,29.04,29.1298,457,42335,0.263805,0.51,1,2342788,2342331,457
170296901,33.808,35.426,455,42385,0.243522,0.45,1,2342823,2342368,455
170299821,43.5616,54.2852,442,42435,0.259409,0.31,1,2342869,2342427,442
170323181,36.1827,33.9946,436,42831,0.417397,0.27,1,2343115,2342679,436
170326101,28.8365,29.9989,434,42880,0.412959,0.25,1,2343142,2342708,434
170331941,21.7935,21.2,434,42978,0.429673,0.27,1,2343191,2342757,434
170334861,28.3587,29.04,433,43027,0.429869,0.27,1,2343221,2342788,433
170399101,22.178,28.3212,466,44093,0.765779,0.51,2,2343940,2343474,466
170402021,22.0356,21.6642,468,44141,0.780312,0.53,2,2343962,2343494,468
170404941,36.4071,21.1328,487,44189,0.810125,0.53,2,2344002,2343515,487
170407861,28.0814,36.2266,473,44237,0.82205,0.53,2,2344028,2343555,473
170410781,32.0163,28.0453,480,44285,0.83882,0.53,2,2344061,2343581,480
170413701,22.4033,30.4091,469,44333,0.845528,0.59,2,2344081,2343612,469
170416621,30.0807,22.8818,480,44381,0.848211,0.57,2,2344113,2343633,480
170419541,38.0161,29.3764,489,44429,0.837284,0.63,2,2344153,2343664,489
170422461,9.20323,35.4753,454,44476,0.832914,0.67,2,2344155,2343701,454
170425381,39.4406,43.0951,456,44523,0.879165,0.67,2,2344202,2343746,456
170656061,39.7301,32.9917,497,48119,0.8836,1,2,2346706,2346209,497
170658981,35.146,27.3983,505,48163,0.86344,1,2,2346740,2346235,505
170661901,25.4292,25.4797,503,48207,0.867376,1,2,2346763,2346260,503
170682341,33.7273,30.6405,504,48514,0.28973,1,1,2346984,2346480,504
170685261,23.5455,34.1281,490,48557,0.265892,1,1,2347005,2346515,490
170691101,36.7818,31.2851,499,48643,0.0725427,1,1,2347073,2346574,499
170694021,29.7564,34.257,492,48686,0.0470171,1,1,2347101,2346609,492
170696941,24.3513,29.2514,487,48729,0.0728068,0.89,1,2347124,2346637,487
170699861,16.8703,26.6503,476,48772,0.0951227,0.85,1,2347139,2346663,476
170702781,29.7741,39.7301,466,48815,0.0800491,0.85,1,2347172,2346706,466
170705701,29.1548,35.146,461,48858,0.0500196,0.85,1,2347201,2346740,461
170708621,21.831,7.0292,481,48901,0.0380079,0.87,1,2347221,2346740,481
170711541,21.1662,19.8058,479,48944,0.0692031,0.65,1,2347242,2346763,479
170714461,28.2332,23.1612,485,48987,0.0456813,0.57,1,2347272,2346787,485
170717381,32.8466,33.4322,483,49030,0.0962725,0.51,1,2347306,2346823,483
170734901,23.5306,23.5454,453,49288,0.096523,0.05,1,2347458,2347005,453
170737821,35.1061,27.9091,462,49331,0.0926092,0.03,1,2347496,2347034,462
170740741,30.2212,36.7818,452,49374,0.0790437,0.03,1,2347525,2347073,452
170743661,23.6442,29.7564,446,49417,0.0856175,0.09,1,2347547,2347101,446
170758261,20.7871,21.831,444,49631,0.205981,0.09,1,2347665,2347221,444
170761181,27.3574,21.1662,452,49673,0.232392,0.03,1,2347694,2347242,452
170764101,35.0715,28.2332,459,49715,0.230957,0.13,1,2347731,2347272,459
170767021,26.2143,32.8466,449,49757,0.230383,0.11,1,2347755,2347306,449
170769941,26.0429,24.9693,452,49799,0.242153,0.13,1,2347781,2347329,452
170772861,30.0086,26.5939,456,49841,0.246861,0.09,1,2347812,2347356,456
170775781,28.4017,29.3188,454,49883,0.260744,0.15,1,2347840,2347386,454
170778701,20.8803,28.2638,445,49925,0.254298,0.09,1,2347859,2347414,445
170781621,24.9761,21.6528,451,49967,0.263719,0.09,1,2347885,2347434,451
170784541,35.3952,23.5306,465,50009,0.291488,0.09,1,2347923,2347458,465
170787461,30.279,35.1061,456,50051,0.290595,0.07,1,2347952,2347496,456
170790381,24.4558,30.2212,450,50093,0.278238,0.09,1,2347975,2347525,450
170793301,16.0912,23.6442,442,50135,0.273295,0.15,1,2347989,2347547,442
170813741,33.6881,35.0715,433,50429,0.422113,0.23,1,2348164,2347731,433
170816661,25.9376,26.2143,433,50471,0.438845,0.25,1,2348188,2347755,433
170819581,26.7875,26.0429,434,50513,0.433538,0.25,1,2348215,2347781,434
170822501,30.1575,30.0086,434,50555,0.443415,0.27,1,2348246,2347812,434
170886741,30.7657,29.8004,446,51462,0.772654,0.53,2,2348834,2348388,446
170889661,23.7531,23.5601,446,51503,0.795062,0.53,2,2348856,2348410,446
170892581,15.9506,15.912,446,51544,0.780025,0.55,2,2348870,2348424,446
170895501,38.3901,35.9824,449,51585,0.78601,0.63,2,2348914,2348465,449
170898421,30.878,27.9965,452,51626,0.812404,0.61,2,2348943,2348491,452
170901341,23.7756,23.1993,452,51667,0.822962,0.61,2,2348965,2348513,452
170904261,23.9551,23.8399,452,51708,0.803185,0.61,2,2348989,2348537,452
170907181,6.39102,6.36797,452,51749,0.795274,0.65,2,2348991,2348539,452
170910101,25.2782,25.2736,452,51790,0.81611,0.65,2,2349021,2348569,452
170913021,35.4556,5.05472,490,51831,0.812444,0.63,2,2349059,2348569,490
170915941,27.0911,32.2109,476,51872,0.774978,0.67,2,2349084,2348608,476
170918861,26.2182,25.6422,478,51913,0.759991,0.63,2,2349110,2348632,478
170921781,30.8436,25.9284,484,51954,0.777996,0.67,2,2349142,2348658,484
170924701,29.3687,30.7857,481,51995,0.785199,0.63,2,2349171,2348690,481
170927621,21.8737,28.5571,473,52035,0.788079,0.65,2,2349191,2348718,473
170930541,26.7747,21.7114,481,52075,0.789232,0.73,2,2349219,2348738,481
170933461,39.755,25.1423,498,52115,0.801693,0.73,2,2349262,2348764,498
170936381,32.751,37.8285,488,52155,0.806677,0.81,2,2349293,2348805,488
170939301,24.1502,30.7657,481,52195,0.820671,0.81,2,2349315,2348834,481
170942221,16.03,23.7531,473,52235,0.826268,0.77,2,2349329,2348856,473
170945141,40.006,15.9506,505,52275,0.852507,0.79,2,2349375,2348870,505
170948061,30.4012,38.3901,489,52315,0.839003,0.83,2,2349403,2348914,489
170950981,23.6802,30.878,482,52355,0.845601,0.83,2,2349425,2348943,482
170953901,23.936,23.7756,484,52395,0.86024,0.79,2,2349449,2348965,484
170956821,6.38721,23.9551,462,52435,0.866096,0.79,2,2349451,2348989,462
170959741,25.2774,6.39102,490,52475,0.880438,0.83,2,2349481,2348991,490
170962661,34.6555,25.2782,497,52515,0.898175,0.81,2,2349518,2349021,497
171165601,28.7498,30.6626,531,55250,0.874076,1,2,2351443,2350912,531
171234221,86.5398,80.7177,464,25798,0.0523713,0.01,1,2352197,2351733,464
171237141,53.308,67.3435,445,25880,0.0629485,0.05,1,2352242,2351797,445
171240061,63.4616,57.4687,456,25962,0.0791794,0.03,1,2352308,2351852,456
171242981,34.2923,59.4937,423,26044,0.0376718,0.03,1,2352335,2351912,423
171245901,23.6585,18.2987,436,26125,0.0450687,0.07,1,2352356,2351920,436
171248821,57.5317,51.6597,442,26206,0.0240275,0.05,1,2352422,2351980,442
171251741,53.1063,27.9319,472,26287,0.063611,0.09,1,2352474,2352002,472
171254661,53.0213,42.3864,479,26368,0.0914444,0.11,1,2352527,2352048,479
171257581,85.0043,52.4773,517,26448,0.0665778,0.01,1,2352620,2352103,517
171260501,53.0008,85.6955,468,26528,0.0326311,0.07,1,2352665,2352197,468
171263421,65.8002,53.1391,492,26608,0.0430524,0.09,1,2352734,2352242,492
171266341,30.76,63.4278,448,26688,0.023221,0.01,1,2352756,2352308,448
171269261,24.552,34.2856,444,26767,0.0392884,0.05,1,2352779,2352335,444
171272181,58.5104,23.6571,490,26846,0.0217154,0.01,1,2352846,2352356,490
171275101,13.3021,57.5314,426,26925,0.0146861,0.09,1,2352848,2352422,426
171278021,45.8604,53.1063,428,27004,0.0238745,0.11,1,2352902,2352474,428
171280941,50.7721,53.0213,427,27082,0.0395498,0.05,1,2352954,2352527,427
171283861,81.3544,85.0043,423,27160,0.0338199,0.01,1,2353043,2352620,423
171286781,53.0709,53.0008,424,27238,0.019528,0.05,1,2353089,2352665,424
171289701,65.8142,65.8002,424,27316,0.0498112,0.01,1,2353158,2352734,424
171292621,29.9628,30.76,423,27394,0.0499245,0.05,1,2353179,2352756,423
171295541,25.1926,24.552,424,27471,0.0499698,0.01,1,2353203,2352779,424
171298461,57.0385,58.5104,422,27548,0.0739879,0.01,1,2353268,2352846,422
171313061,53.4608,53.0709,423,27930,0.0705784,0.07,1,2353512,2353089,423
171315981,65.8922,65.8142,423,28006,0.0342314,0.05,1,2353581,2353158,423
171318901,29.1784,29.9628,422,28082,0.0556925,0.05,1,2353601,2353179,422
171321821,25.0357,25.1926,422,28157,0.040277,0.09,1,2353625,2353203,422
171324741,60.2071,57.0385,426,28232,0.0821108,0.13,1,2353694,2353268,426
171327661,13.6414,13.0077,426,28307,0.0988443,0.11,1,2353696,2353270,426
171359781,54.1586,45.9283,481,29119,0.207044,0.11,1,2354231,2353750,481
171362701,79.6317,53.1857,512,29192,0.256818,0.13,1,2354317,2353805,512
171377301,64.2136,25.1434,501,29553,0.421334,0.15,1,2354548,2354047,501
171380221,14.4427,61.8287,432,29625,0.438534,0.15,1,2354550,2354118,432
171383141,46.8885,13.9657,485,29696,0.433413,0.19,1,2354605,2354120,485
171386061,55.7777,46.7931,488,29767,0.443365,0.23,1,2354663,2354175,488
171388981,82.3555,54.1586,521,29838,0.447346,0.29,1,2354752,2354231,521
171391901,18.0711,79.6317,437,29909,0.448938,0.35,1,2354754,2354317,437
171435701,65.8746,65.9949,446,30954,0.753136,0.53,2,2355438,2354992,446
171438621,14.7749,14.799,446,31022,0.775254,0.53,2,2355440,2354994,446
171441541,46.955,46.1598,447,31090,0.784102,0.55,2,2355495,2355048,447
171444461,58.191,56.432,449,31158,0.799641,0.59,2,2355556,2355107,449
171447381,84.4382,82.4864,451,31226,0.829856,0.63,2,2355647,2355196,451
171450301,18.4876,18.0973,451,31294,0.841943,0.63,2,2355649,2355198,451
171453221,41.2975,3.61946,498,31362,0.834777,0.65,2,2355696,2355198,498
171456141,67.4595,36.7239,527,31429,0.831911,0.71,2,2355770,2355243,527
171459061,31.8919,65.7448,477,31496,0.842764,0.73,2,2355793,2355316,477
171461981,25.5784,30.749,479,31563,0.847106,0.69,2,2355817,2355338,479
171464901,68.3157,25.3498,534,31630,0.896842,0.79,2,2355896,2355362,534
171610901,58.8556,39.8373,539,34816,0.836848,1,2,2358150,2357611,539
171619661,23.8628,33.4067,504,34999,0.405638,1,1,2358257,2357753,504
171622581,35.9726,18.6813,528,35059,0.252255,1,1,2358296,2357768,528
171628421,22.2389,34.3473,516,35179,0.0427608,1,1,2358350,2357834,516
171631341,34.0478,31.6695,522,35239,0.0171043,1,1,2358387,2357865,522
171634261,96.4096,44.7339,586,35299,0.00684173,0.97,1,2358499,2357913,586
171637181,48.8819,92.9468,518,35359,0.0447367,1,1,2358536,2358018,518
171640101,32.1764,43.3894,515,35419,0.0598947,1,1,2358564,2358049,515
171643021,44.8353,38.2779,526,35479,0.0299579,0.73,1,2358612,2358086,526
171645941,32.1671,58.8556,491,35539,0.0299831,0.63,1,2358641,2358150,491
171648861,34.4334,40.5711,490,35598,0.0659933,0.39,1,2358676,2358186,490
171651781,17.2867,51.3142,449,35657,0.0443973,0.33,1,2358689,2358240,449
171654701,5.05734,23.8628,434,35716,0.0357589,0.15,1,2358691,2358257,434
171657621,26.6115,35.9726,427,35775,0.0683036,0.01,1,2358723,2358296,427
171660541,30.1223,35.1945,423,35834,0.0453214,0,1,2358754,2358331,423
171663461,20.4245,22.2389,422,35893,0.0181286,0,1,2358772,2358350,422
171666381,34.4849,34.0478,423,35952,0.00725143,0,1,2358810,2358387,423
171669301,97.297,96.4096,424,36011,0.00290057,0.07,1,2358923,2358499,424
171672221,55.4594,48.8819,432,36070,0.0191602,0.07,1,2358968,2358536,432
171675141,30.2919,32.1764,428,36129,0.0496641,0.01,1,2358992,2358564,428
171678061,39.6584,44.8353,422,36187,0.0498656,0.03,1,2359034,2358612,422
171680981,33.5317,32.1671,425,36245,0.0499463,0.09,1,2359066,2358641,425
171683901,32.3063,34.4334,422,36303,0.0859785,0.03,1,2359098,2358676,422
171686821,18.4613,17.2867,424,36361,0.0883914,0.03,1,2359113,2358689,424
171689741,5.29225,5.05734,424,36419,0.0893566,0.09,1,2359115,2358691,424
171692661,27.4585,26.6115,425,36477,0.0897426,0.03,1,2359148,2358723,425
171695581,27.8917,30.1223,422,36535,0.0898971,0,1,2359176,2358754,422
171698501,19.9783,20.4245,422,36593,0.0659588,0,1,2359194,2358772,422
171701421,34.3957,34.4849,422,36651,0.0263835,0,1,2359232,2358810,422
171704341,97.2791,97.297,422,36709,0.0285534,0.03,1,2359345,2358923,422
171707261,56.2558,55.4594,423,36767,0.0414214,0.07,1,2359391,2358968,423
171710181,32.8512,30.2919,426,36824,0.0705685,0.05,1,2359418,2358992,426
171713101,36.9702,39.6584,422,36881,0.0942274,0.05,1,2359456,2359034,422
171716021,34.594,33.5317,424,36938,0.079691,0.11,1,2359490,2359066,424
171718941,33.3188,32.3063,425,36995,0.0978764,0.09,1,2359523,2359098,425
171721861,18.6638,18.4613,425,37052,0.0931506,0.09,1,2359538,2359113,425
171724781,5.33275,5.29225,425,37109,0.0912602,0.09,1,2359540,2359115,425
171736461,34.0373,19.0997,459,37337,0.0565763,0,1,2359653,2359194,459
171739381,98.0075,34.2199,535,37394,0.0286305,0.03,1,2359767,2359232,535
171742301,55.6015,97.244,467,37451,0.0414522,0.05,1,2359812,2359345,467
171745221,34.3203,56.2488,450,37507,0.0585809,0.09,1,2359841,2359391,450
171748141,36.4641,32.8498,460,37563,0.0534323,0.11,1,2359878,2359418,460
171751061,36.0928,36.97,458,37619,0.0993729,0.07,1,2359914,2359456,458
171759821,5.50474,18.6638,427,37787,0.201,0.09,1,2359965,2359538,427
171768581,15.34,26.9333,440,37955,0.214704,0.15,1,2360039,2359599,440
171771501,31.068,18.1867,459,38011,0.211882,0,1,2360074,2359615,459
171774421,99.0136,34.0373,537,38067,0.0847526,0.01,1,2360190,2359653,537
171777341,55.8027,98.0075,468,38122,0.051901,0.05,1,2360235,2359767,468
171780261,35.1605,55.6015,453,38177,0.0627604,0.07,1,2360265,2359812,453
171783181,37.4321,34.3203,462,38232,0.0791042,0.05,1,2360303,2359841,462
171789021,36.5373,36.0928,464,38342,0.0858567,0.19,1,2360378,2359914,464
171791941,20.1075,33.6186,447,38397,0.0883427,0.21,1,2360394,2359947,447
171794861,5.62149,19.5237,433,38452,0.0893371,0.21,1,2360396,2359963,433
171812381,95.388,99.0136,422,38782,0.0697106,0.03,1,2360612,2360190,422
171815301,55.8776,55.8027,423,38836,0.0698842,0.07,1,2360658,2360235,423
171818221,36.7755,35.1605,425,38890,0.0339537,0.09,1,2360690,2360265,425
171821141,38.5551,37.4321,426,38944,0.0315815,0.13,1,2360729,2360303,426
171824061,39.711,38.6864,427,38998,0.0306326,0.07,1,2360769,2360342,427
171826981,35.9422,36.5373,426,39052,0.042253,0.09,1,2360804,2360378,426
171829901,19.9884,20.1075,426,39106,0.0469012,0.09,1,2360820,2360394,426
171832821,5.59769,5.62149,426,39160,0.0487605,0.11,1,2360822,2360396,426
171835741,28.3195,27.5243,427,39214,0.0855042,0.13,1,2360856,2360429,427
171838661,30.4639,29.5049,428,39268,0.0762017,0.13,1,2360887,2360459,428
171853261,55.7179,55.8776,423,39537,0.0974043,0.01,1,2361081,2360658,423
171856181,35.9436,36.7755,422,39590,0.0689617,0.03,1,2361112,2360690,422
171859101,39.1887,38.5551,423,39643,0.0575847,0.03,1,2361152,2360729,423
171862021,39.8377,39.711,423,39696,0.0770339,0.05,1,2361192,2360769,423
171864941,35.1675,35.9422,422,39749,0.0968136,0.05,1,2361226,2360804,422
171879541,15.9498,15.6928,427,40014,0.2007,0.15,1,2361326,2360899,427
171882461,4.78996,4.73856,427,40067,0.23028,0.15,1,2361328,2360901,427
171885381,20.158,0.947711,451,40120,0.218112,0.11,1,2361352,2360901,451
171888301,89.6316,20.1895,533,40173,0.261245,0.15,1,2361459,2360926,533
171891221,53.1263,90.4379,469,40226,0.254498,0.07,1,2361503,2361034,469
171894141,34.6253,55.6876,452,40278,0.251799,0.05,1,2361533,2361081,452
171897061,39.7251,35.9375,462,40330,0.27472,0.05,1,2361574,2361112,462
171899981,41.545,39.1875,464,40382,0.259888,0.09,1,2361616,2361152,464
171902901,37.109,39.8375,460,40434,0.253955,0.11,1,2361652,2361192,460
171905821,21.8218,35.1675,444,40486,0.275582,0.13,1,2361670,2361226,444
171908741,5.96436,20.6335,429,40538,0.284233,0.13,1,2361672,2361243,429
171911661,32.3929,5.7267,466,40590,0.299693,0.17,1,2361711,2361245,466
171926261,90.5947,20.158,540,40850,0.425978,0.29,1,2361892,2361352,540
172013861,32.5085,32.1821,454,42372,0.761755,0.65,2,2362868,2362414,454
172016781,39.3017,38.4364,455,42422,0.790702,0.73,2,2362909,2362454,455
172019701,43.0603,42.0873,456,42472,0.826281,0.67,2,2362953,2362497,456
172022621,39.0121,39.6175,455,42522,0.852512,0.69,2,2362991,2362536,455
172025541,22.2024,23.1235,454,42572,0.863005,0.69,2,2363009,2362555,454
172028461,6.04048,6.2247,454,42622,0.867202,0.65,2,2363011,2362557,454
172031381,33.2081,34.8449,452,42672,0.880881,0.65,2,2363051,2362599,452
172034301,33.8416,34.169,452,42721,0.898352,0.63,2,2363085,2362633,452
172037221,16.3683,17.2338,451,42770,0.881341,0.63,2,2363097,2362646,451
172043061,23.3747,21.8094,453,42868,0.898215,0.71,2,2363127,2362674,453
172200741,16.7893,22.8082,493,45449,0.852179,1,2,2364985,2364492,493
172203661,21.7579,22.1616,494,45495,0.838872,1,2,2365008,2364514,494
172206581,31.5516,29.2323,497,45541,0.833549,1,2,2365042,2364545,497
172209501,31.1103,31.4465,496,45587,0.795419,1,2,2365073,2364577,496
172212421,24.6221,31.0893,488,45633,0.756168,1,2,2365096,2364608,488
172224101,41.0698,32.4721,489,45817,0.777806,1,2,2365251,2364762,489
172227021,25.014,32.0944,478,45863,0.761122,1,2,2365272,2364794,478
172229941,25.8028,30.4189,474,45909,0.754449,1,2,2365298,2364824,474
172232861,25.9606,6.08378,500,45955,0.76378,0.94,2,2365324,2364824,500
172235781,41.9921,24.4168,517,46001,0.755512,1,2,2365370,2364853,517
172238701,38.7984,45.6834,504,46047,0.764205,0.97,2,2365408,2364904,504
172241621,27.7597,39.5367,491,46093,0.755682,0.95,2,2365433,2364942,491
172244541,18.3519,31.9073,477,46139,0.764273,0.78,2,2365449,2364972,477
172247461,20.4704,16.7815,485,46185,0.779709,0.83,2,2365470,2364985,485
172250381,26.4941,21.7563,490,46231,0.785884,0.83,2,2365498,2365008,490
172253301,29.2988,31.5513,486,46277,0.788353,0.77,2,2365528,2365042,486
172256221,24.2598,31.1103,478,46323,0.801341,0.73,2,2365551,2365073,478
172259141,50.452,24.622,512,46369,0.794537,0.67,2,2365608,2365096,512
172262061,34.0904,49.7244,486,46414,0.815815,0.77,2,2365638,2365152,486
172264981,24.4181,34.7449,477,46459,0.812326,0.67,2,2365660,2365183,477
172267901,46.4836,25.349,506,46504,0.84693,0.83,2,2365712,2365206,506
172270821,25.2967,41.0698,481,46549,0.872772,0.75,2,2365732,2365251,481
172492741,33.5469,40.9432,507,49872,0.829814,1,2,2368021,2367514,507
172495661,30.7094,25.7886,515,49914,0.769926,1,2,2368051,2367536,515
172513181,36.6704,28.0413,521,50166,0.294573,1,1,2368251,2367730,521
172516101,32.1341,33.6083,517,50208,0.231829,1,1,2368282,2367765,517
172542381,27.4792,33.5469,459,50586,0.21013,0.73,1,2368480,2368021,459
172562821,34.3014,36.6704,435,50877,0.0997976,0.19,1,2368686,2368251,435
172571581,22.5784,23.2054,428,51000,0.230307,0.13,1,2368767,2368339,428
172574501,6.11568,6.24107,428,51041,0.230123,0.09,1,2368769,2368341,428
172577421,30.8231,32.4482,426,51082,0.242049,0.19,1,2368806,2368380,426
172580341,26.1646,22.4896,431,51123,0.24682,0.21,1,2368831,2368400,431
172583261,14.0329,14.8979,429,51164,0.260728,0.15,1,2368842,2368413,429
172586181,15.6066,14.9796,430,51205,0.266291,0.19,1,2368858,2368428,430
172589101,22.3213,21.3959,431,51246,0.280516,0.23,1,2368882,2368451,431
172592021,27.6643,27.4792,431,51287,0.298207,0.17,1,2368911,2368480,431
172594941,25.5329,27.0958,429,51328,0.293283,0.13,1,2368936,2368507,429
172615381,29.2333,28.4603,428,51615,0.416417,0.19,1,2369141,2368713,428
172618301,37.0467,32.8921,433,51656,0.448567,0.27,1,2369180,2368747,433
172697141,36.9913,24.8983,485,52745,0.76765,0.49,2,2369854,2369369,485
172700061,26.5983,36.9797,469,52785,0.78106,0.49,2,2369878,2369409,469
172702981,34.1197,26.5959,481,52825,0.786424,0.53,2,2369914,2369433,481
172705901,22.8239,32.5192,467,52865,0.80057,0.53,2,2369934,2369467,467
172708821,26.9648,22.5038,475,52905,0.818228,0.53,2,2369962,2369487,475
172711741,35.793,26.9008,485,52945,0.837291,0.55,2,2370000,2369515,485
172714661,31.1586,34.9802,478,52985,0.844916,0.51,2,2370030,2369552,478
172717581,39.8317,30.996,490,53025,0.871967,0.55,2,2370072,2369582,490
172720501,23.1663,39.7992,467,53065,0.870787,0.53,2,2370091,2369624,467
172723421,6.23327,23.1598,450,53105,0.870315,0.59,2,2370093,2369643,450
172726341,34.0467,6.23197,489,53145,0.846126,0.59,2,2370134,2369645,489
172729261,26.0093,31.6464,475,53185,0.83645,0.61,2,2370158,2369683,475
172732181,14.8019,25.5293,463,53225,0.84458,0.63,2,2370170,2369707,463
172735101,4.56037,13.9059,454,53265,0.847832,0.65,2,2370172,2369718,454
172738021,14.5121,15.5812,455,53305,0.861133,0.71,2,2370189,2369734,455
172740941,26.1024,23.9162,458,53344,0.890453,0.73,2,2370218,2369760,458
172940961,430.087,446.265,502,24820,0.886,0.85,2,2372180,2371678,502
172980381,46.2497,29.7764,484,25798,0.264842,0.53,1,2372691,2372207,484
172983301,58.8499,70.7553,465,25880,0.243937,0.57,1,2372753,2372288,465
172986221,73.37,54.9511,491,25962,0.283575,0.47,1,2372830,2372339,491
172997901,59.2214,66.5327,456,26287,0.405612,0.31,1,2373065,2372609,456
173038781,76.8279,75.658,451,27394,0.754268,0.59,2,2373793,2373342,451
173041701,56.9656,56.7316,451,27471,0.811707,0.61,2,2373845,2373394,451
173044621,49.7931,48.9463,452,27548,0.810683,0.61,2,2373893,2373441,452
173047541,11.5586,11.3893,452,27625,0.834273,0.61,2,2373895,2373443,452
173050461,55.1117,55.0779,452,27702,0.867709,0.61,2,2373961,2373509,452
173053381,17.4223,17.4156,452,27778,0.869084,0.63,2,2373969,2373517,452
173176021,77.7655,90.5087,471,30816,0.890464,1,2,2376153,2375682,471
173178941,79.5531,57.3017,502,30885,0.818186,1,2,2376233,2375731,502
173181861,43.9106,55.4603,482,30954,0.753274,1,2,2376268,2375786,482
173184781,47.1821,39.0921,495,31022,0.79931,1,2,2376316,2375821,495
173187701,35.8364,30.2184,500,31090,0.841724,1,2,2376349,2375849,500
173190621,31.1673,25.2437,506,31158,0.84669,1,2,2376379,2375873,506
173193541,31.0335,39.4487,494,31226,0.836676,0.96,2,2376410,2375916,494
173196461,33.4067,36.6897,492,31294,0.80867,0.96,2,2376444,2375952,492
173199381,29.8813,7.33795,521,31362,0.833468,1,2,2376473,2375952,521
173202301,64.3763,46.2676,538,31429,0.807387,1,2,2376546,2376008,538
173205221,74.4753,59.6535,552,31496,0.820955,0.82,2,2376623,2376071,552
173208141,75.695,77.5307,546,31563,0.862382,0.77,2,2376699,2376153,546
173211061,40.739,79.5061,498,31630,0.878953,0.71,2,2376731,2376233,498
173213981,43.3478,43.9012,507,31697,0.873581,0.83,2,2376775,2376268,507
173216901,34.2696,47.1802,491,31764,0.859432,0.87,2,2376807,2376316,491
173219821,31.6539,35.836,489,31831,0.853773,0.85,2,2376838,2376349,489
173222741,31.9308,31.1672,491,31897,0.875509,0.83,2,2376870,2376379,491
173225661,32.7862,31.0334,493,31963,0.884204,0.79,2,2376903,2376410,493
173228581,29.7572,33.4067,488,32029,0.899681,0.85,2,2376932,2376444,488
173479701,42.9913,44.9928,510,37280,0.8812,1,2,2380641,2380131,510
173482621,34.9983,38.5986,506,37337,0.75448,1,2,2380674,2380168,506
173488461,42.6799,36.9039,519,37451,0.448317,1,1,2380752,2380233,519
173500141,31.3259,38.8366,504,37675,0.0876529,1,1,2380904,2380400,504
173503061,61.4652,31.7673,543,37731,0.0530612,1,1,2380973,2380430,543
173505981,37.093,61.5535,505,37787,0.0272245,1,1,2381004,2380499,505
173508901,29.0186,37.9107,500,37843,0.0288898,1,1,2381031,2380531,500
173511821,29.8037,34.7821,496,37899,0.0295559,0.98,1,2381061,2380565,496
173514741,35.5607,30.9564,503,37955,0.0778224,0.81,1,2381098,2380595,503
173517661,27.9121,42.9913,483,38011,0.0731289,0.67,1,2381124,2380641,483
173520581,27.9824,34.9983,478,38067,0.0472516,0.59,1,2381152,2380674,478
173523501,35.1965,33.3997,482,38122,0.0729006,0.31,1,2381189,2380707,482
173526421,28.6393,42.6799,464,38177,0.0711603,0.29,1,2381216,2380752,464
173529341,45.7279,35.736,480,38232,0.0704641,0.09,1,2381266,2380786,480
173532261,33.1456,51.1472,455,38287,0.0461856,0.11,1,2381296,2380841,455
173535181,30.6291,36.6294,452,38342,0.0364743,0.05,1,2381326,2380874,452
173538101,62.1258,31.3259,492,38397,0.0565897,0.03,1,2381396,2380904,492
173541021,35.6252,61.4652,452,38452,0.0286359,0.01,1,2381425,2380973,452
173543941,28.725,37.093,448,38507,0.0774544,0.03,1,2381452,2381004,448
173546861,29.745,29.0186,451,38562,0.0609817,0.03,1,2381482,2381031,451
173549781,38.749,29.8037,462,38617,0.0543927,0.11,1,2381523,2381061,462
173552701,9.3498,35.5607,427,38672,0.0757571,0.07,1,2381525,2381098,427
173555621,20.27,27.9121,424,38727,0.0723028,0.03,1,2381548,2381124,424
173558541,28.054,27.9824,426,38782,0.0949211,0.09,1,2381578,2381152,426
173561461,36.0108,35.1965,427,38836,0.0919684,0.07,1,2381616,2381189,427
173564381,27.2022,28.6393,425,38890,0.0907874,0.07,1,2381641,2381216,425
173573141,32.6976,30.6291,426,39052,0.0886104,0.07,1,2381752,2381326,426
173576061,60.1395,62.1258,423,39106,0.0354442,0.01,1,2381819,2381396,423
173578981,34.4279,35.6252,422,39160,0.0321777,0.11,1,2381847,2381425,422
173581901,32.4856,28.725,427,39214,0.0188711,0.05,1,2381879,2381452,427
173584821,28.8971,29.745,425,39268,0.0255484,0.05,1,2381907,2381482,425
173587741,37.7794,38.749,424,39322,0.0522194,0.09,1,2381947,2381523,424
173590661,9.15588,9.3498,424,39376,0.0388878,0.07,1,2381949,2381525,424
173593581,19.4312,20.27,423,39430,0.0575551,0.11,1,2381971,2381548,423
173614021,58.4792,60.1395,423,39802,0.070849,0.03,1,2382242,2381819,423
173616941,33.2958,34.4279,422,39855,0.0583396,0.01,1,2382269,2381847,422
173619861,32.2592,32.4856,422,39908,0.0533358,0.03,1,2382301,2381879,422
173622781,28.8518,28.8971,422,39961,0.0273343,0.07,1,2382329,2381907,422
173625701,38.5704,37.7794,423,40014,0.0529337,0.03,1,2382370,2381947,423
173628621,9.31407,9.15588,423,40067,0.0391735,0.03,1,2382372,2381949,423
173631541,20.2628,1.83118,446,40120,0.0216694,0.07,1,2382395,2381949,446
173634461,30.4526,17.9662,457,40173,0.0266678,0.13,1,2382428,2381971,457
173637381,36.4905,29.1932,463,40226,0.0526671,0.15,1,2382466,2382003,463
173640301,28.0981,35.4386,452,40278,0.0630668,0.11,1,2382492,2382040,452
173657821,32.1252,33.2958,453,40590,0.070801,0.05,1,2382722,2382269,453
173660741,28.825,32.2592,449,40642,0.0343204,0.01,1,2382750,2382301,449
173663661,39.365,28.8518,463,40694,0.0437282,0.07,1,2382792,2382329,463
173666581,9.473,38.5704,424,40746,0.0474913,0.03,1,2382794,2382370,424
173669501,20.2946,9.31407,445,40798,0.0609965,0.01,1,2382817,2382372,445
173672421,31.2589,20.2628,456,40850,0.0783986,0.03,1,2382851,2382395,456
173684101,31.5316,47.2196,454,41057,0.204999,0.15,1,2382998,2382544,454
173687021,31.9063,30.2439,460,41108,0.232,0.15,1,2383030,2382570,460
173689941,53.5813,31.6488,487,41159,0.2548,0.13,1,2383089,2382602,487
173692861,29.9163,55.1298,450,41210,0.26392,0.13,1,2383113,2382663,450
173695781,30.7833,32.626,454,41261,0.255568,0.03,1,2383144,2382690,454
173698701,27.7567,32.1252,449,41312,0.264227,0.01,1,2383171,2382722,449
173701621,40.7513,28.825,465,41363,0.255691,0.05,1,2383215,2382750,465
173704541,9.75027,39.365,425,41414,0.252276,0.05,1,2383217,2382792,425
173707461,21.1501,9.473,447,41465,0.250911,0.07,1,2383241,2382794,447
173710381,33.83,20.2946,461,41516,0.286364,0.09,1,2383278,2382817,461
173722061,51.2029,49.6581,431,41720,0.401075,0.23,1,2383402,2382971,431
173724981,33.4406,31.5316,433,41771,0.41843,0.25,1,2383431,2382998,433
173727901,33.0881,31.9063,434,41822,0.425372,0.27,1,2383464,2383030,434
173730821,53.0176,53.5813,433,41872,0.428149,0.27,1,2383522,2383089,433
173841781,30.1011,34.5055,479,43745,0.758783,0.59,2,2384682,2384203,479
173844701,52.4202,30.1011,508,43793,0.801513,0.63,2,2384740,2384232,508
173847621,34.484,50.8202,482,43841,0.830605,0.61,2,2384770,2384288,482
173850541,34.0968,34.964,485,43889,0.854242,0.63,2,2384804,2384319,485
173853461,58.8194,33.3928,517,43937,0.887697,0.71,2,2384869,2384352,517
174221381,20.402,29.8858,513,49620,0.896083,0.9,2,2388776,2388263,513
174233061,35.4374,35.3374,519,49788,0.89486,0.9,2,2388904,2388385,519
174235981,28.6875,39.0675,506,49830,0.891944,1,2,2388931,2388425,506
174238901,34.5375,34.2135,509,49872,0.878778,1,2,2388967,2388458,509
174241821,30.9075,35.6427,503,49914,0.873511,0.93,2,2388997,2388494,503
174244741,20.5815,30.3285,492,49956,0.871404,1,2,2389015,2388523,492
174247661,28.9163,23.6657,501,49998,0.786562,1,2,2389046,2388545,501
174250581,36.9833,31.9331,506,50040,0.824625,1,2,2389085,2388579,506
174253501,26.5967,33.5866,496,50082,0.82785,0.94,2,2389109,2388613,496
174256421,24.5193,28.3173,493,50124,0.85314,0.9,2,2389133,2388640,493
174546961,230.512,252.917,460,24820,0.238,0.63,1,2392070,2391610,460
174564481,18.2745,28.6677,435,25328,0.213237,0.09,1,2392313,2391878,435
174570321,70.811,62.9067,463,25495,0.205718,0.07,1,2392467,2392004,463
174573241,81.3622,65.3813,481,25578,0.244287,0.09,1,2392551,2392070,481
174576161,65.8724,58.6763,486,25661,0.271715,0.13,1,2392613,2392127,486
174579081,37.1745,58.9353,457,25744,0.282686,0.13,1,2392643,2392186,457
174582001,44.2349,34.9871,474,25826,0.287074,0.17,1,2392689,2392215,474
174596601,84.1767,70.8106,518,26234,0.4198,0.27,1,2392985,2392467,518
174637481,19.6336,18.4628,453,27344,0.750324,0.69,2,2393633,2393180,453
174640401,72.7267,70.0926,456,27421,0.762129,0.71,2,2393719,2393263,456
174643321,76.1453,74.8185,457,27498,0.766852,0.75,2,2393796,2393339,457
174646241,87.2291,86.9637,457,27575,0.756741,0.71,2,2393886,2393429,457
174649161,19.0458,18.9927,457,27652,0.776696,0.75,2,2393888,2393431,457
174652081,55.0092,54.9985,457,27729,0.796679,0.73,2,2393952,2393495,457
174655001,33.4018,34.1997,456,27805,0.804671,0.69,2,2393980,2393524,456
174657921,46.6804,46.8399,456,27881,0.843869,0.73,2,2394030,2393574,456
174660841,48.5361,46.168,459,27957,0.883547,0.77,2,2394079,2393620,459
174663761,20.9072,19.6336,460,28033,0.887419,0.77,2,2394093,2393633,460
174768881,31.8277,28.7305,494,30635,0.824176,1,2,2395936,2395442,494
174771801,43.1655,53.7461,480,30704,0.76767,1,2,2395982,2395502,480
174780561,80.0573,76.014,485,30911,0.401211,1,1,2396165,2395680,485
174783481,83.2115,81.6028,486,30979,0.226484,1,1,2396249,2395763,486
174789321,40.7685,38.4641,484,31115,0.0494375,0.91,1,2396323,2395839,484
174792241,32.9537,35.6928,480,31183,0.037775,0.88,1,2396354,2395874,480
174795161,19.3907,31.1386,466,31251,0.03311,0.77,1,2396370,2395904,466
174798081,27.0781,31.8277,463,31319,0.055244,0.77,1,2396399,2395936,463
174801001,40.6156,6.36554,507,31387,0.0520976,0.73,1,2396443,2395936,507
174803921,34.5231,38.0731,494,31454,0.026839,0.63,1,2396476,2395982,494
174806841,45.3046,40.4146,501,31521,0.0887356,0.39,1,2396524,2396023,501
174809761,69.8609,52.0829,522,31588,0.0894943,0.33,1,2396600,2396078,522
174815601,41.1944,83.2033,455,31722,0.0827191,0.03,1,2396704,2396249,455
174818521,41.8389,43.8407,463,31789,0.0630876,0.01,1,2396746,2396283,463
174821441,31.5678,40.7681,452,31856,0.0792351,0.03,1,2396775,2396323,452
174824361,19.9136,32.9536,438,31922,0.061694,0.03,1,2396792,2396354,438
174827281,27.1827,19.3907,451,31988,0.0666776,0.07,1,2396821,2396370,451
174830201,40.6365,27.0781,466,32054,0.068671,0.05,1,2396865,2396399,466
174836041,48.3455,34.5231,473,32186,0.0721874,0.13,1,2396949,2396476,473
174838961,71.2691,45.3046,502,32252,0.0948749,0.09,1,2397026,2396524,502
174859401,40.6736,27.1827,469,32708,0.211964,0.07,1,2397290,2396821,469
174862321,9.73472,40.6365,427,32773,0.222786,0.13,1,2397292,2396865,427
174865241,25.1469,33.7273,424,32838,0.215114,0.05,1,2397321,2396897,424
174868161,47.4294,48.3455,425,32902,0.212046,0.11,1,2397374,2396949,425
174876921,41.0514,40.9308,429,33094,0.218771,0.19,1,2397557,2397128,429
174879841,42.6103,40.9862,431,33158,0.261508,0.15,1,2397600,2397169,431
174882761,32.5221,32.1972,431,33222,0.278603,0.19,1,2397630,2397199,431
174885681,21.7044,20.8394,432,33286,0.273441,0.19,1,2397649,2397217,432
174888601,28.3409,27.3679,433,33350,0.283377,0.23,1,2397679,2397246,433
174891521,39.2682,40.6736,431,33413,0.275351,0.23,1,2397721,2397290,431
174894441,9.45364,9.73472,431,33476,0.27214,0.21,1,2397723,2397292,431
174903201,73.4516,74.2859,429,33665,0.417497,0.17,1,2397884,2397455,429
174906121,69.8903,69.2572,430,33728,0.424999,0.25,1,2397953,2397523,430
174967441,77.5821,49.1856,534,35021,0.750952,0.61,2,2398777,2398243,534
174970361,72.3164,76.2371,522,35081,0.810381,0.65,2,2398848,2398326,522
174973281,43.2633,70.4474,489,35141,0.846152,0.61,2,2398884,2398395,489
174976201,46.2527,44.4895,498,35201,0.884461,0.63,2,2398931,2398433,498
174979121,33.2505,45.6979,482,35261,0.899784,0.63,2,2398961,2398479,482
174982041,21.8501,33.1396,471,35321,0.893914,0.63,2,2398980,2398509,471
175139721,79.3646,33.0498,572,38418,0.8716,1,2,2401132,2400560,572
175160161,32.2466,35.4787,489,38803,0.416208,1,1,2401364,2400875,489
175186441,35.4127,38.1069,451,39289,0.402333,0.53,1,2401698,2401247,451
175189361,28.6825,30.8214,449,39343,0.418933,0.53,1,2401725,2401276,449
175192281,29.7365,30.1643,449,39397,0.449573,0.45,1,2401755,2401306,449
175250681,28.5221,34.9119,474,40455,0.771161,0.53,2,2402394,2401920,474
175253601,73.7044,27.7824,533,40507,0.758464,0.59,2,2402479,2401946,533
175256521,37.9409,72.7565,478,40559,0.813386,0.57,2,2402508,2402030,478
175259441,45.1882,36.9513,497,40611,0.799354,0.63,2,2402555,2402058,497
175262361,38.6376,44.1903,488,40663,0.829742,0.61,2,2402592,2402104,488
175265281,28.5275,37.6381,478,40715,0.817897,0.63,2,2402618,2402140,478
175268201,32.9055,28.3276,486,40767,0.825159,0.71,2,2402652,2402166,486
175271121,25.7811,31.2655,478,40819,0.828063,0.67,2,2402676,2402198,478
175274041,33.1562,25.4531,489,40871,0.829225,0.69,2,2402711,2402222,489
175276961,22.6312,31.4906,476,40923,0.87769,0.71,2,2402731,2402255,476
175279881,25.3262,22.2981,482,40975,0.897076,0.71,2,2402757,2402275,482
175495961,426.652,490.657,463,20440,0.4108,0.92,1,2405309,2404846,463
175504721,71.1252,75.1893,480,20750,0.0879712,0.27,1,2405577,2405097,480
175507641,63.825,83.0378,457,20852,0.0891885,0.11,1,2405639,2405182,457
175510561,51.165,67.8076,441,20954,0.0776754,0,1,2405687,2405246,441
175513481,28.633,39.9615,431,21055,0.0490702,0.09,1,2405710,2405279,431
175516401,22.5266,19.1923,438,21156,0.0376281,0.03,1,2405731,2405293,438
175519321,118.105,129.438,423,21256,0.0210512,0.07,1,2405873,2405450,423
175522241,71.6211,73.8877,423,21356,0.0624205,0.07,1,2405933,2405510,423
175525161,68.7242,68.3775,424,21455,0.0669682,0.09,1,2406001,2405577,424
175528081,64.1448,63.2755,425,21554,0.0927873,0.07,1,2406064,2405639,425
175536841,23.3932,22.5222,424,21848,0.0647384,0.01,1,2406155,2405731,424
175539761,116.679,118.104,422,21945,0.0318954,0.09,1,2406295,2405873,422
175542681,74.5357,71.6209,426,22042,0.0667581,0.07,1,2406359,2405933,426
175545601,69.3071,68.7242,426,22138,0.0687033,0.11,1,2406427,2406001,426
175548521,65.0614,64.1448,427,22234,0.0814813,0.15,1,2406491,2406064,427
175551441,50.6123,48.829,429,22329,0.0745925,0.11,1,2406538,2406109,429
175554361,25.3225,28.9658,424,22424,0.095837,0.03,1,2406557,2406133,424
175563121,75.8826,112.936,487,22707,0.0946936,0.09,1,2406782,2406295,487
175566041,68.7765,73.7871,490,22800,0.0918774,0.07,1,2406849,2406359,490
175586481,69.3102,75.8826,492,23443,0.202656,0.09,1,2407274,2406782,492
175589401,69.062,68.7765,494,23533,0.243062,0.13,1,2407343,2406849,494
175592321,52.2124,67.3553,475,23623,0.295225,0.15,1,2407391,2406916,475
175595241,26.4425,50.2711,449,23713,0.29209,0.15,1,2407411,2406962,449
175609841,59.3032,69.3102,433,24156,0.404953,0.27,1,2407707,2407274,433
175612761,69.4606,69.062,436,24244,0.431981,0.33,1,2407779,2407343,436
175650721,80.821,78.2277,452,25356,0.829055,0.65,2,2408529,2408077,452
175653641,17.7642,17.2455,452,25440,0.865622,0.65,2,2408531,2408079,452
175656561,61.1528,3.44911,524,25523,0.880249,0.67,2,2408603,2408079,524
175659481,70.6306,56.6898,527,25606,0.874099,0.69,2,2408676,2408149,527
175662401,53.3261,68.938,504,25689,0.88364,0.69,2,2408725,2408221,504
175665321,27.4652,52.9876,476,25771,0.875456,0.69,2,2408746,2408270,476
175668241,19.893,26.5975,474,25853,0.896182,0.69,2,2408764,2408290,474
175802561,240.689,207.691,527,12581,0.2476,0.57,1,2411484,2410957,527
175820081,70.5329,69.045,431,13563,0.263326,0.11,1,2412063,2411632,431
175828841,108.436,148.488,523,14028,0.420773,0.23,1,2412434,2411911,523
175852201,35.6229,165.667,457,15196,0.75662,0.69,2,2413237,2412780,457
175855121,86.3246,112.333,457,15336,0.776648,0.69,2,2413336,2412879,457
175858041,70.8649,76.8667,456,15474,0.832659,0.69,2,2413403,2412947,456
175860961,93.373,94.5733,456,15611,0.855064,0.77,2,2413502,2413046,456
175863881,173.075,170.115,460,15747,0.888026,0.77,2,2413695,2413235,460
175925201,162.461,177.841,477,18369,0.85,1,2,2415586,2415109,477
175928121,57.2922,54.7681,484,18485,0.766,1,2,2415617,2415133,484
175936881,46.6343,41.5261,503,18827,0.440464,1,1,2415816,2415313,503
175948561,56.2986,69.8584,443,19274,0.415292,0.47,1,2416133,2415690,443
175951481,83.2597,85.1717,444,19384,0.436117,0.37,1,2416223,2415779,444
175974841,65.2482,43.8352,515,20242,0.774088,0.55,2,2416772,2416257,515
175977761,148.25,62.367,617,20347,0.819635,0.61,2,2416941,2416324,617
175980681,48.8499,144.473,476,20451,0.849854,0.63,2,2416965,2416489,476
175983601,59.37,48.0947,514,20555,0.861942,0.71,2,2417027,2416513,514
175986521,88.674,56.0189,552,20658,0.890777,0.73,2,2417123,2416571,552
176085801,33.6121,32.7941,519,23901,0.253456,1,1,2419392,2418873,519
176091641,69.0245,88.9918,482,24078,0.062153,1,1,2419491,2419009,482
176094561,53.0049,49.7984,491,24166,0.0428612,1,1,2419540,2419049,491
176097481,57.801,67.5597,478,24254,0.0351445,0.49,1,2419599,2419121,478
176100401,117.16,141.512,450,24341,0.0440578,0.39,1,2419731,2419281,450
176103321,47.432,64.3024,435,24428,0.0716231,0.29,1,2419761,2419326,435
176106241,33.4864,40.0605,431,24515,0.0706492,0.17,1,2419791,2419360,431
176109161,29.0973,33.6121,427,24601,0.0342597,0.09,1,2419819,2419392,427
176112081,19.4195,21.1224,426,24687,0.0677039,0,1,2419836,2419410,426
176115001,66.2839,69.0245,423,24773,0.0330816,0.03,1,2419914,2419491,423
176117921,53.2568,53.0049,424,24859,0.0792326,0.03,1,2419964,2419540,424
176120841,57.0514,57.801,423,24944,0.061693,0.05,1,2420022,2419599,423
176123761,116.21,117.16,422,25029,0.0546772,0.09,1,2420153,2419731,422
176126681,49.6421,47.432,425,25114,0.0638709,0.07,1,2420186,2419761,425
176129601,33.1284,33.4864,424,25198,0.0795484,0.01,1,2420215,2419791,424
176135441,22.2851,19.4195,426,25366,0.0499277,0.01,1,2420262,2419836,426
176138361,63.657,66.2839,422,25450,0.0979711,0.01,1,2420336,2419914,422
176141281,53.5314,13.2568,473,25533,0.0691884,0.11,1,2420387,2419914,473
176144201,55.5063,42.6514,479,25616,0.0696754,0.05,1,2420443,2419964,479
176147121,115.901,54.9303,552,25699,0.0578701,0.05,1,2420574,2420022,552
176150041,50.3803,115.786,455,25781,0.0651481,0.07,1,2420608,2420153,455
176152961,35.676,49.5572,454,25863,0.0680592,0.09,1,2420640,2420186,454
176155881,24.7352,33.1114,447,25945,0.0932237,0.13,1,2420662,2420215,447
176158801,22.547,27.4223,443,26027,0.0792895,0.01,1,2420684,2420241,443
176179241,25.7191,35.676,448,26591,0.0831342,0.11,1,2421088,2420640,448
176182161,23.5438,24.7352,449,26671,0.0872537,0.07,1,2421111,2420662,449
176190921,54.7484,56.1019,483,26908,0.208384,0.17,1,2421296,2420813,483
176193841,12.5497,54.4204,431,26987,0.221354,0.13,1,2421298,2420867,431
176196761,104.11,114.884,428,27065,0.274541,0.11,1,2421425,2420997,428
176199681,48.022,50.9768,427,27143,0.295817,0.09,1,2421459,2421032,427
176217201,56.6154,54.7484,433,27608,0.402332,0.23,1,2421729,2421296,433
176255161,38.1212,48.7434,481,28588,0.779448,0.59,2,2422376,2421895,481
176258081,26.8242,36.1487,472,28662,0.797779,0.57,2,2422400,2421928,472
176261001,24.5648,25.6297,473,28736,0.805112,0.61,2,2422424,2421951,473
176263921,68.113,24.3259,528,28810,0.844045,0.59,2,2422503,2421975,528
176266841,61.6226,68.0652,509,28883,0.895618,0.59,2,2422563,2422054,509
176269761,60.3245,60.813,510,28956,0.892247,0.63,2,2422623,2422113,510
176290201,71.3284,24.5648,544,29464,0.893477,0.87,2,2422968,2422424,544
176398241,27.5241,37.0264,506,32013,0.827586,1,2,2424760,2424254,506
176401161,17.5048,29.8053,493,32079,0.781034,1,2,2424775,2424282,493
176404081,20.301,19.5611,497,32145,0.762414,1,2,2424796,2424299,497
176415761,27.7509,56.6585,492,32408,0.41355,1,1,2424999,2424507,492
176418681,107.95,30.5317,596,32473,0.24342,0.99,1,2425127,2424531,596
176433281,5.22622,17.5048,464,32798,0.0892862,0.75,1,2425239,2424775,464
176450801,100.263,107.95,427,33182,0.210009,0.11,1,2425554,2425127,427
176453721,48.8526,50.39,427,33246,0.234003,0.11,1,2425590,2425163,427
176456641,41.7705,41.278,428,33310,0.267601,0.13,1,2425630,2425202,428
176462481,17.3508,18.1311,427,33436,0.296016,0.07,1,2425664,2425237,427
176477081,55.3873,54.5748,430,33751,0.440724,0.19,1,2425851,2425421,430
176480001,21.4775,21.315,430,33814,0.44629,0.23,1,2425864,2425434,430
176482921,101.895,100.263,432,33877,0.424516,0.25,1,2425986,2425554,432
176485841,50.7791,48.8526,434,33939,0.427806,0.29,1,2426024,2425590,434
176538401,50.7935,49.1634,497,35044,0.754158,0.51,2,2426681,2426184,497
176541321,58.9587,49.8327,508,35104,0.763663,0.57,2,2426742,2426234,508
176544241,22.9917,57.1665,463,35164,0.767465,0.57,2,2426756,2426293,463
176553001,45.0479,51.3053,496,35344,0.773198,0.67,2,2426962,2426466,496
176555921,26.6096,43.8611,476,35404,0.795279,0.69,2,2426984,2426508,476
176558841,18.1219,25.5722,471,35464,0.816112,0.69,2,2427000,2426529,471
176561761,5.22438,17.9144,457,35524,0.824445,0.69,2,2427002,2426545,457
176564681,22.6449,5.18289,482,35584,0.839778,0.71,2,2427029,2426547,482
176725281,86.6903,90.6608,497,38715,0.877994,1,2,2429242,2428745,497
176728201,50.9381,65.3322,480,38770,0.777197,1,2,2429284,2428804,480
176739881,32.5999,26.0693,504,38986,0.433896,1,1,2429425,2428921,504
176751561,36.9674,29.4497,489,39202,0.211892,0.97,1,2429529,2429040,489
176763241,74.3759,86.6903,459,39418,0.0773764,0.71,1,2429701,2429242,459
176766161,45.2752,50.9381,455,39472,0.0609506,0.55,1,2429739,2429284,455
176769081,33.055,38.9876,449,39526,0.0543802,0.53,1,2429769,2429320,449
176772001,37.011,38.9975,448,39579,0.0397521,0.45,1,2429807,2429359,448
176774921,29.8022,34.9995,442,39632,0.0819008,0.39,1,2429835,2429393,442
176777841,29.1604,32.5999,439,39685,0.0747603,0.31,1,2429864,2429425,439
176780761,29.8321,32.92,436,39738,0.0959041,0.33,1,2429894,2429458,436
176783681,14.7664,16.184,435,39791,0.0683617,0.33,1,2429905,2429470,435
176786601,15.7533,16.8368,434,39844,0.0573447,0.13,1,2429921,2429487,434
176789521,30.3507,36.9674,426,39897,0.0769379,0.13,1,2429955,2429529,426
176792441,26.8701,28.9935,425,39950,0.0607751,0.11,1,2429981,2429556,425
176795361,34.174,35.3987,424,40003,0.0783101,0.11,1,2430017,2429593,424
176798281,24.4348,23.8797,425,40056,0.049324,0.05,1,2430039,2429614,425
176801201,72.087,74.3759,422,40109,0.0497296,0.05,1,2430123,2429701,422
176804121,44.0174,14.8752,459,40162,0.0618918,0.05,1,2430160,2429701,459
176807041,32.8035,33.375,451,40215,0.0427567,0.05,1,2430190,2429739,451
176809961,38.5607,30.675,461,40268,0.0351027,0.03,1,2430230,2429769,461
176812881,31.7121,36.535,453,40320,0.0560411,0.11,1,2430260,2429807,453
176839161,69.6959,24.4348,505,40788,0.201231,0.05,1,2430544,2430039,505
176842081,43.5392,72.087,458,40840,0.254492,0.07,1,2430581,2430123,458
176845001,32.7078,44.0174,451,40892,0.287797,0.03,1,2430611,2430160,451
176847921,41.7416,32.8035,465,40944,0.241119,0.03,1,2430655,2430190,465
176850841,33.9483,38.5607,457,40996,0.210448,0.07,1,2430687,2430230,457
176853761,29.1897,31.7121,455,41047,0.210179,0.13,1,2430715,2430260,455
176856681,29.0379,28.7424,456,41098,0.222072,0.13,1,2430744,2430288,456
176859601,13.8076,28.1485,438,41149,0.202829,0.15,1,2430754,2430316,438
176865441,32.7123,15.5259,465,41251,0.204053,0.17,1,2430807,2430342,465
176868361,28.9425,31.9052,457,41302,0.207621,0.19,1,2430835,2430378,457
176871281,34.5885,27.981,466,41353,0.209048,0.19,1,2430871,2430405,466
176874201,25.3177,34.3962,453,41404,0.233619,0.19,1,2430894,2430441,453
176877121,69.8635,24.4792,512,41455,0.243448,0.21,1,2430975,2430463,512
176880041,45.9727,69.6959,471,41506,0.283379,0.29,1,2431015,2430544,471
176882961,10.7945,43.5392,436,41557,0.275352,0.31,1,2431017,2430581,436
176909241,29.1013,28.9425,432,42012,0.403602,0.21,1,2431267,2430835,432
176912161,35.4203,34.5885,433,42062,0.419441,0.25,1,2431304,2430871,433
176915081,24.6841,25.3177,432,42112,0.437776,0.25,1,2431326,2430894,432
176958881,72.2674,71.3368,443,42858,0.758714,0.49,2,2431852,2431409,443
176961801,49.6535,48.6674,444,42907,0.777486,0.45,2,2431896,2431452,444
176964721,11.5307,11.3335,444,42956,0.760994,0.51,2,2431898,2431454,444
176970561,39.9812,5.09334,490,43054,0.754159,0.57,2,2431973,2431483,490
176988081,35.1263,15.5759,494,43348,0.760819,0.71,2,2432135,2431641,494
176991001,30.2253,35.1152,483,43397,0.778328,0.69,2,2432164,2431681,483
176993921,34.8451,29.423,491,43446,0.797331,0.73,2,2432200,2431709,491
176996841,26.169,34.6846,479,43495,0.828932,0.71,2,2432224,2431745,479
176999761,74.0338,25.3369,542,43544,0.865573,0.79,2,2432310,2431768,542
177002681,50.0068,72.2674,502,43592,0.892229,0.79,2,2432354,2431852,502
177008521,27.1203,11.5307,489,43688,0.895157,0.71,2,2432387,2431898,489
177166201,442.342,463.882,502,20440,0.43,0.81,1,2434552,2434050,502
177208541,83.9337,75.5153,484,21270,0.0892,0.53,1,2434758,2434274,484
177211461,69.5867,69.5031,482,21370,0.04168,0.19,1,2434824,2434342,482
177214381,50.7173,79.5006,446,21469,0.070672,0.13,1,2434870,2434424,446
177217301,66.1435,76.7001,440,21568,0.0462688,0.01,1,2434940,2434500,440
177220221,36.4287,41.74,436,21666,0.0245075,0.05,1,2434969,2434533,436
177223141,35.2857,23.548,452,21764,0.051803,0.03,1,2435004,2434552,452
177226061,105.457,46.3096,523,21861,0.0207212,0.03,1,2435127,2434604,523
177228981,63.4914,132.462,422,21958,0.0142885,0.01,1,2435180,2434758,422
177231901,65.4983,79.2924,422,22055,0.0357154,0.09,1,2435246,2434824,422
177234821,49.8997,52.6585,422,22151,0.0562862,0.03,1,2435292,2434870,422
177237741,66.7799,66.5317,423,22247,0.0765145,0.01,1,2435363,2434940,423
177240661,36.556,36.5063,423,22342,0.0606058,0.07,1,2435392,2434969,423
177243581,34.5112,35.3013,422,22437,0.0422423,0,1,2435426,2435004,422
177246501,106.102,105.46,423,22532,0.0228969,0,1,2435550,2435127,423
177249421,62.0204,21.092,474,22626,0.0391588,0.01,1,2435601,2435127,474
177252341,65.2041,46.6184,487,22720,0.0456635,0.05,1,2435667,2435180,487
177255261,50.6408,62.1237,468,22813,0.0362654,0.07,1,2435714,2435246,468
177258181,67.7282,49.2247,494,22906,0.0565062,0.09,1,2435786,2435292,494
177261101,35.1456,66.6449,450,22999,0.0886025,0.05,1,2435813,2435363,450
177264021,34.2291,36.529,455,23091,0.077441,0.03,1,2435847,2435392,455
177266941,106.846,34.5058,546,23183,0.0369764,0.01,1,2435972,2435426,546
177269861,62.9692,106.101,474,23274,0.0447906,0.05,1,2436024,2435550,474
177272781,64.5938,62.0202,488,23365,0.0599162,0.05,1,2436089,2435601,488
177275701,50.5188,65.204,469,23456,0.0419665,0.03,1,2436136,2435667,469
177278621,70.1038,50.6408,497,23546,0.0227866,0.07,1,2436211,2435714,497
177281541,36.4207,67.7282,453,23636,0.0631146,0.11,1,2436239,2435786,453
177284461,32.8841,35.1456,458,23726,0.0792459,0.07,1,2436271,2435813,458
177287381,104.177,34.2291,546,23815,0.0736983,0.01,1,2436393,2435847,546
177290301,64.0354,106.846,475,23904,0.0594793,0.05,1,2436447,2435972,475
177293221,14.4071,62.9692,425,23993,0.0537917,0.07,1,2436449,2436024,425
177296141,54.0814,64.5938,424,24081,0.0755167,0.03,1,2436513,2436089,424
177301981,69.6833,70.1038,424,24257,0.0732827,0.09,1,2436635,2436211,424
177304901,37.9367,36.4207,426,24344,0.0593131,0.09,1,2436665,2436239,426
177307821,33.1873,32.8841,426,24431,0.0777252,0.07,1,2436697,2436271,426
177310741,102.637,104.177,424,24518,0.0490901,0.05,1,2436817,2436393,424
177313661,64.5275,64.0354,425,24604,0.049636,0.05,1,2436872,2436447,425
177316581,14.5055,14.4071,425,24690,0.0498544,0.09,1,2436874,2436449,425
177319501,54.9011,54.0814,426,24776,0.0979418,0.13,1,2436939,2436513,426
177337021,64.4072,64.5275,424,25285,0.200659,0.05,1,2437296,2436872,424
177342861,56.4963,54.9011,426,25453,0.227705,0.13,1,2437365,2436939,426
177345781,50.4993,10.9802,475,25536,0.241082,0.13,1,2437414,2436939,475
177348701,66.0999,39.796,498,25619,0.270433,0.17,1,2437484,2436986,498
177351621,38.82,64.7592,459,25702,0.282173,0.17,1,2437516,2437057,459
177354541,36.564,38.5518,463,25784,0.262869,0.17,1,2437552,2437089,463
177357461,101.713,34.1104,548,25866,0.279148,0.15,1,2437670,2437122,548
177380821,103.006,36.564,553,26514,0.426738,0.29,1,2438105,2437552,553
177421701,72.1224,69.3373,452,27611,0.771035,0.61,2,2438809,2438357,452
177424621,16.0245,15.4675,452,27688,0.794414,0.61,2,2438811,2438359,452
177427541,28.8049,28.6935,452,27764,0.815766,0.67,2,2438843,2438391,452
177430461,33.761,32.9387,453,27840,0.824306,0.71,2,2438878,2438425,453
177433381,108.352,106.588,455,27916,0.887722,0.67,2,2439005,2438550,455
177570621,476.107,503.303,478,13140,0.43,1,1,2441376,2440898,478
177576461,146.244,170.212,495,13462,0.082,0.25,1,2441671,2441176,495
177579381,71.6489,115.642,446,13620,0.0868,0.13,1,2441724,2441278,446
177582301,51.1298,55.1285,452,13776,0.06472,0.05,1,2441770,2441318,452
177585221,167.826,57.4257,591,13930,0.055888,0.03,1,2441967,2441376,591
177588141,133.565,147.485,546,14083,0.0643552,0.01,1,2442092,2441546,546
177591061,71.513,129.497,477,14234,0.0437421,0.09,1,2442148,2441671,477
177593981,48.7026,68.2994,467,14383,0.0594968,0.05,1,2442191,2441724,467
177596901,168.941,50.4599,620,14531,0.0537987,0.05,1,2442390,2441770,620
177599821,132.988,167.692,547,14677,0.0635195,0.07,1,2442514,2441967,547
177602741,71.3976,133.538,478,14822,0.0554078,0.03,1,2442570,2442092,478
177605661,50.2795,71.5077,467,14965,0.0401631,0.07,1,2442615,2442148,467
177608581,169.256,48.7015,623,15107,0.0700652,0.05,1,2442814,2442191,623
177611501,35.4512,168.94,426,15248,0.0580261,0.07,1,2442816,2442390,426
177623181,169.618,169.256,424,15798,0.0901415,0.05,1,2443238,2442814,424
177626101,35.5237,35.4512,424,15932,0.0900566,0.19,1,2443240,2442816,424
177631941,66.0609,64.458,430,16197,0.241209,0.13,1,2443424,2442994,430
177634861,45.2122,48.0916,426,16328,0.282484,0.05,1,2443464,2443038,426
177643621,119.018,7.10473,564,16715,0.0835989,0.27,1,2443804,2443240,564
177646541,67.0035,104.621,489,16842,0.0994396,0.27,1,2443858,2443369,489
177658221,119.499,35.0794,565,17340,0.209378,0.07,1,2444229,2443664,565
177661141,67.8998,119.016,480,17462,0.233751,0.11,1,2444284,2443804,480
177664061,46.38,67.0032,467,17584,0.2795,0.13,1,2444325,2443858,467
177675741,69.0406,119.499,488,18062,0.439395,0.25,1,2444717,2444229,488
177696181,16.1748,15.4081,447,18870,0.754962,0.51,2,2445166,2444719,447
177699101,38.435,38.2816,447,18982,0.823985,0.65,2,2445210,2444763,447
177702021,165.287,161.256,452,19094,0.851594,0.65,2,2445407,2444955,452
177704941,34.6574,33.8513,452,19205,0.862638,0.71,2,2445409,2444957,452
177707861,128.531,124.37,457,19315,0.879055,0.77,2,2445561,2445104,457
177710781,76.1063,72.874,460,19425,0.897622,0.77,2,2445624,2445164,460
177713701,16.8213,16.1748,460,19534,0.881049,0.77,2,2445626,2445166,460
177805681,73.0516,19.0203,598,22753,0.756784,1,2,2447937,2447339,598
177861161,160.218,157.837,450,24463,0.770682,0.57,2,2449154,2448704,450
177864081,59.2435,58.7673,450,24550,0.806273,0.63,2,2449188,2448738,450
177867001,35.0487,32.5535,453,24636,0.832509,0.63,2,2449217,2448764,453
177869921,8.60974,8.11069,453,24722,0.843004,0.69,2,2449219,2448766,453
177872841,60.9219,60.0221,454,24808,0.895202,0.71,2,2449293,2448839,454
177977961,27.1206,25.3922,482,27717,0.865264,1,2,2451296,2450814,482
177980881,35.8241,31.4784,487,27793,0.796106,1,2,2451334,2450847,487
177989641,41.4706,39.7718,479,28021,0.425111,1,1,2451593,2451114,479
177998401,49.5478,50.0142,468,28247,0.268407,0.89,1,2451711,2451243,468
178001321,29.9096,31.6028,466,28322,0.245363,0.83,1,2451736,2451270,466
178004241,24.3819,27.1206,463,28397,0.212145,0.83,1,2451759,2451296,463
178007161,32.0764,5.42411,497,28472,0.210858,0.75,1,2451793,2451296,497
178010081,140.015,31.4848,626,28546,0.270343,0.51,1,2451960,2451334,626
178013001,59.2031,151.897,483,28620,0.282137,0.43,1,2451999,2451516,483
178015921,36.6406,63.1794,473,28694,0.286855,0.37,1,2452030,2451557,473
178033441,32.9385,24.3819,464,29134,0.404607,0.21,1,2452223,2451759,464
178036361,143.388,32.0764,601,29207,0.443843,0.31,1,2452394,2451793,601
178039281,61.4775,140.015,475,29279,0.447537,0.29,1,2452435,2451960,475
178094761,144.223,140.893,453,30623,0.844439,0.65,2,2453292,2452839,453
178290401,40.2994,33.2311,513,34949,0.890665,0.99,2,2456303,2455790,513
178299161,33.6024,21.7058,507,35129,0.886683,1,2,2456387,2455880,507
178305001,33.3441,32.3882,510,35249,0.870269,1,2,2456455,2455945,510
178307921,35.4688,34.4776,511,35309,0.858108,1,2,2456491,2455980,511
178310841,123.894,35.6955,621,35369,0.889243,0.96,2,2456637,2456016,621
178313761,51.1788,131.139,499,35429,0.889697,0.9,2,2456670,2456171,499
178547361,36.8775,42.2758,485,39917,0.87832,1,2,2459762,2459277,485
178550281,41.7755,39.6552,489,39970,0.765328,1,2,2459805,2459316,489
178564881,35.8866,37.7996,530,40235,0.26745,1,1,2459975,2459445,530
178570721,35.6755,43.592,513,40339,0.0991919,1,1,2460061,2459548,513
178573641,31.9351,42.3184,502,40391,0.0816768,1,1,2460092,2459590,502
178576561,42.387,32.4637,517,40443,0.0866707,1,1,2460137,2459620,517
178579481,35.6774,37.6927,512,40495,0.0406683,0.92,1,2460171,2459659,512
178582401,25.5355,37.9385,497,40547,0.0582673,1,1,2460194,2459697,497
178585321,35.5071,28.3877,509,40599,0.0893069,0.81,1,2460232,2459723,509
178588241,29.5014,36.8775,498,40651,0.0897228,0.69,1,2460260,2459762,498
178591161,31.5003,41.7755,487,40703,0.0898891,0.53,1,2460292,2459805,487
178594081,31.1001,37.1551,482,40755,0.0779556,0.43,1,2460323,2459841,482
178599921,21.564,33.1662,459,40859,0.0856729,0.33,1,2460370,2459911,459
178602841,27.5128,27.4332,462,40911,0.0762692,0.21,1,2460399,2459937,462
178605761,48.7026,35.8866,478,40963,0.0725077,0.11,1,2460453,2459975,478
178608681,32.9405,50.3773,453,41015,0.0830031,0.05,1,2460482,2460029,453
178611601,31.3881,35.6755,452,41066,0.0512012,0.07,1,2460513,2460061,452
178614521,43.8776,31.9351,468,41117,0.0384805,0.09,1,2460560,2460092,468
178617441,35.9755,42.387,457,41168,0.0213922,0.01,1,2460594,2460137,457
178620361,27.1951,35.6774,448,41219,0.0145569,0.07,1,2460619,2460171,448
178623281,35.039,25.5355,462,41270,0.0358228,0.11,1,2460656,2460194,462
178626201,30.2078,35.5071,453,41321,0.0443291,0.09,1,2460685,2460232,453
178629121,30.0416,29.5014,455,41372,0.0597316,0.09,1,2460715,2460260,455
178632041,31.6083,31.5003,455,41423,0.0658927,0.07,1,2460747,2460292,455
178634961,29.5217,31.1001,453,41474,0.0683571,0.13,1,2460776,2460323,453
178637881,20.3043,27.82,444,41525,0.0933428,0.07,1,2460794,2460350,444
178646641,50.7864,48.7026,427,41678,0.0969339,0.09,1,2460880,2460453,427
178652481,29.7115,31.3881,424,41780,0.0815094,0.03,1,2460937,2460513,424
178655401,45.1423,43.8776,426,41831,0.0866038,0.01,1,2460986,2460560,426
178658321,33.0285,35.9755,422,41881,0.0646415,0.01,1,2461016,2460594,422
178661241,26.6057,27.1951,422,41931,0.0318566,0.05,1,2461041,2460619,422
178664161,36.5211,35.039,424,41981,0.0427426,0.05,1,2461080,2460656,424
178667081,30.5042,30.2078,424,42031,0.0590971,0.07,1,2461109,2460685,424
178670001,30.9008,30.0416,425,42081,0.0536388,0.07,1,2461140,2460715,425
178672921,32.5802,31.6083,426,42131,0.0754555,0.07,1,2461173,2460747,426
178699201,31.2044,33.0285,422,42581,0.200849,0.01,1,2461438,2461016,422
178702121,26.2409,26.6057,422,42631,0.24234,0.05,1,2461463,2461041,422
178705041,36.4482,36.5211,422,42681,0.246936,0.07,1,2461502,2461080,422
178707961,31.2896,30.5042,423,42730,0.236774,0.05,1,2461532,2461109,423
178710881,31.8579,30.9008,424,42779,0.26871,0.09,1,2461564,2461140,424
178713801,34.3716,32.5802,426,42828,0.269484,0.13,1,2461599,2461173,426
178716721,34.0743,32.116,428,42877,0.281794,0.13,1,2461633,2461205,428
178740081,32.9977,43.9942,461,43269,0.415542,0.21,1,2461871,2461410,461
178743001,25.7995,31.1988,457,43318,0.424217,0.27,1,2461895,2461438,457
178745921,36.3599,26.2398,471,43367,0.415687,0.25,1,2461934,2461463,471
178748841,31.272,36.448,462,43416,0.448275,0.23,1,2461964,2461502,462
178778041,46.6015,28.9432,490,43898,0.444757,0.41,1,2462282,2461792,490
178780961,34.1203,44.9886,472,43946,0.447903,0.43,1,2462313,2461841,472
178783881,26.0241,32.9977,466,43994,0.449161,0.43,1,2462337,2461871,466
178833521,34.1643,33.041,447,44802,0.788314,0.51,2,2462856,2462409,447
178836441,34.0329,33.8082,447,44849,0.789326,0.53,2,2462890,2462443,447
178839361,34.8066,33.9616,448,44896,0.81373,0.55,2,2462925,2462477,448
178842281,36.5613,35.5923,449,44943,0.811492,0.55,2,2462962,2462513,449
178845201,20.9123,19.9185,450,44990,0.798597,0.55,2,2462979,2462529,450
178848121,5.78245,5.58369,450,45037,0.793439,0.59,2,2462981,2462531,450
178851041,22.7565,21.9167,451,45084,0.827375,0.65,2,2463008,2462557,451
178853961,55.7513,53.1833,454,45131,0.84095,0.65,2,2463072,2462618,454
178856881,12.7503,12.2367,454,45178,0.82238,0.69,2,2463074,2462620,454
178859801,24.9501,24.8473,454,45225,0.826952,0.69,2,2463102,2462648,454
178862721,27.39,27.3695,454,45272,0.864781,0.69,2,2463130,2462676,454
178865641,44.678,44.6739,454,45319,0.867912,0.69,2,2463179,2462725,454
179070041,35.5007,32.5592,502,48469,0.88797,1,2,2465384,2464882,502
179072961,31.1001,23.3118,511,48512,0.805188,1,2,2465414,2464903,511
179089021,383.484,438.852,443,21900,0.27643,0.09,1,2465919,2465476,443
179131361,77.0994,59.3141,452,22724,0.0574288,0.01,1,2466093,2465641,452
179134281,81.0199,52.6628,483,22817,0.0409715,0.03,1,2466175,2465692,483
179137201,68.204,78.5326,463,22910,0.0463886,0.03,1,2466240,2465777,463
179140121,54.4408,70.9065,445,23003,0.0485554,0.07,1,2466291,2465846,445
179143041,30.0882,51.7813,422,23095,0.0734222,0.03,1,2466315,2465893,422
179145961,27.6176,23.9563,432,23187,0.0473689,0.09,1,2466342,2465910,432
179148881,62.3235,46.3913,451,23278,0.0369475,0.03,1,2466413,2465962,451
179151801,94.0647,71.6783,475,23369,0.032779,0.01,1,2466515,2466040,475
179154721,84.4129,56.7357,504,23460,0.0311116,0.03,1,2466597,2466093,504
179157641,68.0826,76.9471,486,23550,0.0304446,0.05,1,2466661,2466175,486
179160561,55.2165,67.3894,473,23640,0.0541779,0.05,1,2466713,2466240,473
179163481,32.6433,54.2779,449,23730,0.0396711,0.09,1,2466740,2466291,449
179166401,25.7287,30.0556,449,23819,0.0338685,0.03,1,2466764,2466315,449
179169321,61.9457,27.6111,493,23908,0.0315474,0.03,1,2466835,2466342,493
179172241,13.9891,62.3222,424,23997,0.030619,0.03,1,2466837,2466413,424
179175161,83.5978,94.0644,423,24085,0.0302476,0.03,1,2466938,2466515,423
179178081,82.3196,84.4129,423,24173,0.030099,0.03,1,2467020,2466597,423
179181001,67.6639,68.0826,423,24261,0.0540396,0.07,1,2467084,2466661,423
179183921,55.1328,55.2165,423,24348,0.0276158,0.03,1,2467136,2466713,423
179186841,32.6266,32.6433,423,24435,0.0650463,0.03,1,2467163,2466740,423
179189761,27.3253,25.7287,425,24522,0.0560185,0.03,1,2467189,2466764,425
179192681,59.8651,61.9457,422,24608,0.0884074,0.03,1,2467257,2466835,422
179198521,84.3146,83.5978,423,24780,0.0705452,0.03,1,2467361,2466938,423
179201441,81.6629,82.3196,422,24866,0.0462181,0.07,1,2467442,2467020,422
179204361,68.3326,67.6639,423,24951,0.0244872,0.01,1,2467507,2467084,423
179207281,54.4665,55.1328,422,25036,0.0277949,0.09,1,2467558,2467136,422
179210201,34.0933,32.6266,424,25121,0.065118,0.05,1,2467587,2467163,424
179221881,83.485,84.3146,422,25457,0.091859,0.05,1,2467783,2467361,422
179224801,80.697,16.8629,502,25540,0.0427436,0.03,1,2467863,2467361,502
179227721,68.9394,68.1726,487,25623,0.0470974,0.01,1,2467929,2467442,487
179230641,54.5879,65.6345,473,25706,0.036839,0.03,1,2467980,2467507,473
179233561,34.9176,53.9269,452,25788,0.0327356,0.09,1,2468010,2467558,452
179236481,29.3835,33.9854,451,25870,0.0310942,0.13,1,2468038,2467587,451
179239401,62.6767,27.5971,496,25952,0.0544377,0.15,1,2468109,2467613,496
179242321,14.1353,59.1194,431,26034,0.0637751,0.17,1,2468111,2467680,431
179245241,77.2271,13.4239,522,26115,0.04351,0.05,1,2468204,2467682,522
179248161,79.4454,83.4848,501,26196,0.035404,0.01,1,2468284,2467783,501
179251081,71.8891,80.697,491,26277,0.0681616,0.05,1,2468354,2467863,491
179271521,78.1845,77.2271,501,26836,0.0794372,0.03,1,2468705,2468204,501
179274441,74.8369,79.4454,495,26915,0.0737749,0.09,1,2468779,2468284,495
179277361,16.5674,71.8891,427,26994,0.07151,0.13,1,2468781,2468354,427
179280281,43.3135,52.7778,429,27072,0.094604,0.17,1,2468831,2468402,429
179286121,30.0525,29.3111,432,27228,0.0715366,0.19,1,2468892,2468460,432
179289041,62.8105,65.0622,429,27306,0.0946147,0.19,1,2468963,2468534,429
179291961,14.1621,14.6124,429,27384,0.0798459,0.13,1,2468965,2468536,429
179309481,32.9929,34.2627,425,27844,0.230675,0.05,1,2469288,2468863,425
179312401,28.9986,30.0525,424,27920,0.25427,0.11,1,2469316,2468892,424
179315321,63.3997,62.8105,425,27996,0.287708,0.07,1,2469388,2468963,425
179324081,73.5312,72.5665,431,28222,0.423773,0.17,1,2469558,2469127,431
179394161,25.6846,29.0641,451,29970,0.784019,0.65,2,2470644,2470193,451
179397081,69.9369,68.2128,454,30041,0.787608,0.65,2,2470725,2470271,454
179400001,15.5874,15.2426,454,30111,0.765043,0.67,2,2470727,2470273,454
179402921,83.9175,83.0485,455,30181,0.768017,0.67,2,2470828,2470373,455
179405841,77.5835,77.4097,455,30251,0.841207,0.71,2,2470904,2470449,455
179563521,63.9629,55.733,494,33820,0.837274,1,2,2473410,2472916,494
179566441,41.5926,40.7466,493,33883,0.76091,1,2,2473446,2472953,493
179595641,58.2226,51.6301,527,34502,0.432856,0.77,1,2473870,2473343,527
179624841,46.7151,83.5638,481,35110,0.421685,0.45,1,2474252,2473771,481
179694921,49.1294,48.9591,451,36527,0.770921,0.63,2,2475148,2474697,451
179697841,59.4259,59.3918,451,36585,0.830368,0.59,2,2475210,2474759,451
179700761,32.6852,32.6784,451,36643,0.854147,0.61,2,2475236,2474785,451
179703681,28.937,29.7357,450,36701,0.863659,0.61,2,2475264,2474814,450
179706601,32.9874,31.5471,452,36759,0.867464,0.65,2,2475298,2474846,452
179931441,28.5851,40.1894,516,40947,0.870093,1,2,2478242,2477726,516
179934361,34.517,37.6379,515,40999,0.786037,1,2,2478278,2477763,515
179937281,32.5034,29.9276,519,41050,0.752415,1,2,2478310,2477791,519
179957721,43.1818,56.3847,520,41407,0.0901698,1,1,2478580,2478060,520
179960641,34.2364,49.6769,504,41458,0.0780679,1,1,2478612,2478108,504
179963561,39.6473,37.1354,511,41509,0.0492272,0.85,1,2478653,2478142,511
179966481,10.3295,38.6271,475,41560,0.0256909,0.92,1,2478656,2478181,475
179969401,21.2659,34.9254,465,41611,0.0282763,0.84,1,2478680,2478215,465
179972321,22.6532,28.5851,461,41662,0.0653105,0.73,1,2478703,2478242,461
179975241,30.9306,34.517,458,41713,0.0921242,0.73,1,2478736,2478278,458
179978161,29.3861,32.5034,455,41764,0.0788497,0.63,1,2478765,2478310,455
179981081,23.4772,27.3007,451,41815,0.0375399,0.55,1,2478787,2478336,451
179984001,27.0954,31.0601,447,41865,0.0690159,0.51,1,2478815,2478368,447
179986921,27.8191,32.612,442,41915,0.0576064,0.39,1,2478843,2478401,442
179989841,31.9638,33.7224,441,41965,0.0410426,0.25,1,2478876,2478435,441
179992761,29.5928,35.5445,434,42015,0.082417,0.03,1,2478905,2478471,434
179998601,42.3037,43.1818,426,42115,0.0743867,0.07,1,2479006,2478580,426
180001521,32.4607,34.2364,424,42165,0.0957547,0.03,1,2479036,2478612,424
180019041,28.203,29.3861,423,42465,0.0916018,0.01,1,2479188,2478765,423
180024881,27.6881,27.0954,423,42565,0.0878563,0.05,1,2479238,2478815,423
180027801,28.7376,27.8191,424,42615,0.0771425,0.03,1,2479267,2478843,424
180030721,31.3475,31.9638,423,42665,0.084857,0.11,1,2479299,2478876,423
180033641,31.0695,29.5928,425,42714,0.0999428,0.13,1,2479330,2478905,425
180045321,38.3281,38.4921,427,42910,0.265071,0.15,1,2479503,2479076,427
180100801,27.0844,32.0549,463,43835,0.411134,0.33,1,2480049,2479586,463
180103721,21.4169,27.211,457,43883,0.422454,0.33,1,2480069,2479612,457
180106641,26.6834,21.4422,465,43931,0.438982,0.33,1,2480097,2479632,465
180109561,31.7367,26.6884,470,43979,0.433593,0.37,1,2480130,2479660,470
180112481,31.9473,30.1377,471,44027,0.443437,0.35,1,2480162,2479691,471
180115401,31.9895,32.4275,470,44075,0.447375,0.35,1,2480194,2479724,470
180124161,37.5999,44.9634,472,44219,0.427752,0.31,1,2480333,2479861,472
180127081,44.32,36.9927,483,44267,0.441101,0.33,1,2480379,2479896,483
180130001,12.064,42.5985,443,44315,0.44644,0.37,1,2480383,2479940,443
180132921,22.4128,11.7197,464,44363,0.448576,0.39,1,2480408,2479944,464
180191321,21.1413,21.4408,451,45304,0.790845,0.63,2,2480964,2480513,451
180194241,26.6283,26.6882,451,45351,0.802338,0.63,2,2480992,2480541,451
180197161,30.9257,30.9376,451,45398,0.806935,0.57,2,2481024,2480573,451
180200081,31.7851,32.5875,450,45444,0.820774,0.61,2,2481056,2480606,450
180203001,31.957,32.1175,450,45490,0.82631,0.63,2,2481088,2480638,450
180205921,57.5914,56.8235,451,45536,0.852524,0.65,2,2481152,2480701,451
180208841,44.3183,43.3647,452,45582,0.87501,0.65,2,2481193,2480741,452
180467261,178.443,209.236,438,21900,0.2116,0.25,1,2483997,2483559,438
180473101,80.8977,73.6494,463,22817,0.095056,0.03,1,2484126,2483663,463
180476021,52.9795,65.9299,445,22910,0.0680224,0.03,1,2484172,2483727,445
180478941,70.5959,55.586,467,23003,0.045209,0.01,1,2484247,2483780,467
180481861,34.1192,47.9172,446,23095,0.0480836,0.03,1,2484272,2483826,446
180484781,32.4238,38.3834,442,23187,0.0612334,0.03,1,2484304,2483862,442
180493541,81.1554,50.2591,505,23460,0.0891189,0.09,1,2484548,2484043,505
180496461,53.8311,76.4518,469,23550,0.0416476,0.05,1,2484595,2484126,469
180499381,69.9662,52.0904,497,23640,0.022659,0.03,1,2484669,2484172,497
180502301,34.7932,70.4181,448,23730,0.0270636,0.05,1,2484695,2484247,448
180505221,33.3586,34.0836,456,23819,0.0408254,0.07,1,2484728,2484272,456
180508141,66.6717,32.4167,499,23908,0.0583302,0.15,1,2484803,2484304,499
180511061,14.9343,64.8833,428,23997,0.0653321,0.17,1,2484805,2484377,428
180519821,53.0155,53.8311,423,24261,0.0574612,0.01,1,2485018,2484595,423
180522741,69.8031,69.9662,423,24348,0.0409845,0.03,1,2485092,2484669,423
180525661,35.5606,34.7932,424,24435,0.0343938,0.05,1,2485119,2484695,424
180528581,33.5121,33.3586,424,24522,0.0197575,0.07,1,2485152,2484728,424
180531501,67.5024,66.6717,425,24608,0.025903,0.07,1,2485228,2484803,425
180534421,15.1005,14.9343,425,24694,0.0283612,0.23,1,2485230,2484805,425
180546101,69.0162,69.8031,422,25036,0.077862,0.03,1,2485514,2485092,422
180549021,36.2032,35.5606,423,25121,0.0371448,0.01,1,2485542,2485119,423
180551941,32.8406,33.5121,422,25205,0.0448579,0.03,1,2485574,2485152,422
180554861,68.9681,67.5024,424,25289,0.0599432,0.03,1,2485652,2485228,424
180557781,15.3936,15.1005,424,25373,0.0659773,0.19,1,2485654,2485230,424
180560701,87.0787,83.0201,429,25457,0.0683909,0.19,1,2485759,2485330,429
180563621,71.8157,16.604,497,25540,0.0693564,0.19,1,2485827,2485330,497
180566541,43.1631,56.1208,467,25623,0.0697425,0.09,1,2485863,2485396,467
180569461,66.2326,46.4242,495,25706,0.033897,0.05,1,2485935,2485440,495
180572381,36.4465,68.4848,450,25788,0.0315588,0.01,1,2485964,2485514,450
180575301,33.6893,36.097,455,25870,0.0306235,0.05,1,2485997,2485542,455
180578221,69.9379,32.8194,502,25952,0.0182494,0.07,1,2486076,2485574,502
180581141,15.5876,68.9639,426,26034,0.0132998,0.07,1,2486078,2485652,426
180584061,87.1175,15.3928,529,26115,0.0713199,0.07,1,2486183,2485654,529
180616181,10.8025,43.9647,432,26994,0.200187,0.23,1,2486720,2486288,432
180619101,55.7605,63.1929,431,27072,0.278075,0.15,1,2486787,2486356,431
180622021,31.9521,36.6386,427,27150,0.29723,0.11,1,2486813,2486386,427
180633701,90.3423,90.3178,428,27461,0.409321,0.21,1,2487037,2486609,428
180695021,11.6811,50.0818,457,29036,0.76102,0.73,2,2488059,2487602,457
180697941,57.5362,11.6164,524,29109,0.766408,0.67,2,2488128,2487604,524
180700861,32.3072,58.3233,480,29182,0.780563,0.67,2,2488154,2487674,480
180703781,35.2614,32.4647,490,29255,0.834225,0.69,2,2488190,2487700,490
180706701,75.8523,33.6929,542,29327,0.87969,0.69,2,2488276,2487734,542
180709621,16.7705,75.5386,458,29399,0.897876,0.69,2,2488278,2487820,458
180803061,92.1206,90.7879,567,31620,0.8692,1,2,2489901,2489334,567
180805981,40.8241,89.3576,506,31687,0.76168,1,2,2489929,2489423,506
180829341,76.9495,31.0152,561,32217,0.400231,0.98,1,2490274,2489713,561
180838101,27.0156,40.8241,482,32414,0.403135,0.65,1,2490411,2489929,482
180846861,28.8561,39.0466,471,32609,0.426841,0.55,1,2490530,2490059,471
180852701,41.3142,30.6819,484,32739,0.415094,0.43,1,2490601,2490117,484
180855621,9.86285,39.7364,444,32804,0.424038,0.49,1,2490603,2490159,444
180884821,45.8253,41.3142,446,33442,0.753355,0.43,2,2491047,2490601,446
180887741,10.7651,9.86285,446,33505,0.763342,0.49,2,2491049,2490603,446
180890661,18.953,20.3726,444,33568,0.767337,0.57,2,2491070,2490626,444
180893581,76.5906,73.6745,448,33631,0.780935,0.57,2,2491161,2490713,448
180896501,87.3181,83.5349,452,33694,0.810374,0.67,2,2491251,2490799,452
180899421,43.0636,39.907,455,33757,0.83415,0.69,2,2491283,2490828,455
180902341,29.4127,27.9814,456,33820,0.84366,0.67,2,2491309,2490853,456
180905261,52.2825,52.7963,455,33883,0.883464,0.73,2,2491367,2490912,455
181071701,36.9336,34.5609,534,37272,0.858064,1,2,2493715,2493181,534
181074621,40.9867,30.9122,546,37329,0.817226,1,2,2493757,2493211,546
181077541,35.3973,54.9824,519,37386,0.76489,1,2,2493791,2493272,519
181080461,35.8795,43.7965,514,37443,0.755956,1,2,2493827,2493313,514
181100901,54.0089,44.6969,527,37835,0.236407,1,1,2494111,2493584,527
181118421,31.2383,35.8795,487,38170,0.082409,0.73,1,2494314,2493827,487
181121341,23.8477,32.7759,477,38225,0.0749636,0.57,1,2494336,2493859,477
181124261,21.5695,29.7552,469,38280,0.0599854,0.55,1,2494357,2493888,469
181127181,25.1139,23.551,473,38335,0.0899942,0.41,1,2494383,2493910,473
181130101,61.0228,31.1102,510,38390,0.0899977,0.33,1,2494453,2493943,510
181147621,30.5186,36.7841,428,38720,0.21273,0.09,1,2494643,2494215,428
181150541,31.7037,32.9568,428,38775,0.259092,0.09,1,2494675,2494247,428
181153461,33.5407,36.1914,425,38829,0.289637,0.07,1,2494709,2494284,425
181165141,23.9577,25.1139,425,39045,0.440999,0.09,1,2494808,2494383,425
181168061,61.5915,61.0228,426,39099,0.434399,0.15,1,2494879,2494453,426
181229381,37.3833,33.8319,487,40219,0.770406,0.59,2,2495598,2495111,487
181232301,33.0767,36.3664,482,40271,0.794162,0.61,2,2495630,2495148,482
181235221,22.6153,32.0733,471,40323,0.815665,0.61,2,2495650,2495179,471
181238141,25.3231,22.4147,477,40375,0.860266,0.59,2,2495676,2495199,477
181241061,26.6646,26.0829,477,40427,0.866106,0.61,2,2495703,2495226,477
181243981,62.1329,25.2166,523,40479,0.868443,0.67,2,2495774,2495251,523
181246901,41.2266,61.8433,488,40531,0.881377,0.63,2,2495810,2495322,488
181249821,55.4453,41.1687,511,40583,0.886551,0.67,2,2495869,2495358,511
181255661,38.8578,38.7667,492,40687,0.882248,0.69,2,2495942,2495450,492
181258581,9.37156,36.5533,458,40739,0.874899,0.75,2,2495944,2495486,458
181261501,32.2743,8.91067,494,40791,0.87196,0.73,2,2495982,2495488,494
181264421,36.0549,30.5821,495,40843,0.894784,0.75,2,2496019,2495524,495
181270261,34.8822,37.3833,494,40947,0.883565,0.81,2,2496092,2495598,494
181273181,23.7764,33.0767,483,40999,0.887426,0.83,2,2496113,2495630,483
181276101,27.1553,22.6153,491,41050,0.86497,0.89,2,2496141,2495650,491
181279021,26.2311,25.3231,491,41101,0.855988,0.87,2,2496167,2495676,491
181281941,62.8462,26.6646,536,41152,0.828395,0.87,2,2496239,2495703,536
181284861,42.1692,62.1329,502,41203,0.877358,0.89,2,2496276,2495774,502
181287781,54.8338,41.2266,524,41254,0.896943,0.89,2,2496334,2495810,524
181290701,38.9668,55.4453,500,41305,0.892777,0.91,2,2496369,2495869,500
