#Ack,ack_ewma(ms),send_ewma(ms),rtt_ratio,cwnd (Bytes),Last Router Ocupation Ack Arriaval(Packets),Last Router Ocupation Packet Sent(Packets),Network Situation,AckArrival(ms),TSInsideAck(ms),RTTAck(ms)
4381,2,0,433,16060,0.19,0.08,1,60861,60428,433
7301,2,0,435,17520,0.15,0.08,1,60863,60428,435
10221,2,0,437,18980,0.11,0.08,1,60865,60428,437
13141,2,0,439,20440,0.19,0.08,1,60867,60428,439
14601,161.2,0,640,21900,0.038,0.07,1,61068,60428,640
17521,208.24,344.8,429,23360,0.1756,0.19,1,61288,60859,429
20441,46.448,70.56,433,24820,0.10712,0.19,1,61294,60861,433
23361,10.8896,14.112,435,26280,0.125424,0.14,1,61296,60861,435
26281,3.77792,4.4224,435,27740,0.0970848,0.1,1,61298,60863,435
29201,2.35558,2.48448,435,29200,0.115417,0.1,1,61300,60865,435
32121,2.07112,0.496896,437,30660,0.0870834,0.21,1,61302,60865,437
35041,2.01422,1.69938,437,32120,0.113417,0,1,61304,60867,437
37961,150.003,161.14,423,33580,0.0226833,0.21,1,61491,61068,423
40881,209.201,208.228,427,35040,0.124537,0.21,1,61715,61288,427
43801,46.6401,41.6456,433,36500,0.112907,0.09,1,61721,61288,433
46721,10.928,13.1291,429,37960,0.0865815,0.13,1,61723,61294,429
49641,9.3856,4.22582,436,39420,0.129316,0.13,1,61732,61296,436
52561,3.47712,0.845165,438,40880,0.209863,0.09,1,61734,61296,438
55481,2.29542,1.76903,438,42340,0.193973,0.12,1,61736,61298,438
58401,2.05908,1.95381,438,43800,0.166795,0.12,1,61738,61300,438
61321,2.01182,0.390761,440,45260,0.129359,0.08,1,61740,61300,440
64241,2.00236,1.67815,440,46720,0.177872,0.12,1,61742,61302,440
67161,2.00047,1.93563,440,48180,0.203574,0.12,1,61744,61304,440
70081,140.4,0.387126,615,49640,0.0407149,0,1,61919,61304,615
73001,29.68,149.677,430,51100,0.00814297,0.15,1,61921,61491,430
75921,180.336,209.135,424,52560,0.00162859,0.15,1,62139,61715,424
78841,42.4672,41.8271,432,54020,0.0163257,0.11,1,62147,61715,432
81761,10.0934,13.1654,428,55480,0.00326514,0.08,1,62149,61721,428
84681,5.21869,4.23308,430,56940,0.120653,0.08,1,62153,61723,430
87601,9.04374,0.846617,440,58400,0.136131,0.14,1,62163,61723,440
90521,3.40875,7.36932,433,59860,0.147226,0.23,1,62165,61732,433
93441,2.28175,3.07386,433,61320,0.173445,0.23,1,62167,61734,433
96361,3.65635,0.614773,437,62780,0.114689,0.19,1,62171,61734,437
99281,2.33127,1.72295,437,64240,0.0709378,0.16,1,62173,61736,437
102201,2.06625,1.94459,437,65700,0.0781876,0.16,1,62175,61738,437
105121,2.01325,0.388918,439,67160,0.191638,0.12,1,62177,61738,439
108041,2.00265,1.67778,439,68620,0.270328,0.19,1,62179,61740,439
110961,2.00053,1.93556,439,70080,0.262066,0.19,1,62181,61742,439
113881,2.00011,0.387111,441,71540,0.276413,0.21,1,62183,61742,441
116801,2.00002,1.67742,441,73000,0.295283,0,1,62185,61744,441
119721,125.2,140.335,422,74460,0.123057,0,1,62341,61919,422
122641,26.64,28.0671,424,75920,0.0566113,0,1,62343,61919,424
125561,6.928,7.21342,424,77380,0.0113223,0,1,62345,61921,424
128481,175.786,175.843,424,78840,0.0182645,0,1,62563,62139,424
131401,43.9571,35.1685,435,80300,0.0996529,0.02,1,62574,62139,435
134321,10.3914,13.4337,429,81760,0.0839306,0,1,62576,62147,429
137241,3.67828,4.28674,429,83220,0.112786,0,1,62578,62149,429
140161,2.33566,0.857348,431,84680,0.0865572,0.15,1,62580,62149,431
143081,2.06713,3.37147,429,86140,0.0493114,0.14,1,62582,62153,429
146001,5.21343,8.67429,425,87600,0.185862,0.14,1,62588,62163,425
148921,3.44269,1.73486,428,89060,0.261172,0.15,1,62591,62163,428
151841,3.88854,1.94697,430,90520,0.308234,0.18,1,62595,62165,430
154761,4.77771,1.98939,433,91980,0.285647,0.18,1,62600,62167,433
157681,4.15554,0.397879,437,93440,0.265129,0.1,1,62604,62167,437
160601,2.43111,3.27958,435,94900,0.277026,0.06,1,62606,62171,435
163521,2.08622,2.25592,435,96360,0.303405,0.06,1,62608,62173,435
166441,2.01724,0.451183,437,97820,0.364681,0.08,1,62610,62173,437
169361,2.00345,1.69024,437,99280,0.384936,0.22,1,62612,62175,437
172281,2.00069,1.93805,437,100740,0.356987,0.22,1,62614,62177,437
175201,2.00014,0.387609,439,102200,0.367397,0.29,1,62616,62177,439
178121,2.00003,1.67752,439,103660,0.42548,0.26,1,62618,62179,439
181041,3.60001,1.9355,441,105120,0.469096,0.26,1,62622,62181,441
183961,2.32,0.387101,443,106580,0.501819,0.28,1,62624,62181,443
186881,2.064,1.67742,443,108040,0.524364,0.3,1,62626,62183,443
189801,2.0128,1.93548,443,109500,0.544873,0.3,1,62628,62185,443
192721,108.403,0.387097,578,110960,0.276975,0.08,1,62763,62185,578
195641,23.2805,124.877,424,112420,0.199395,0.04,1,62765,62341,424
198561,6.2561,26.5755,424,113880,0.151879,0.04,1,62767,62343,424
201481,2.85122,5.3151,426,115340,0.110376,0,1,62769,62343,426
204401,2.17024,2.66302,426,116800,0.0700752,0.02,1,62771,62345,426
207321,174.834,174.933,426,118260,0.078015,0.02,1,62989,62563,426
210241,46.9668,34.9865,441,119720,0.031603,0.12,1,63004,62563,441
213161,10.9934,15.7973,432,121180,0.0063206,0.08,1,63006,62574,432
216081,3.79867,4.75946,432,122640,0.00126412,0.08,1,63008,62576,432
219001,2.35973,0.951892,434,124100,0.000252824,0.12,1,63010,62576,434
221921,2.07195,1.79038,434,125560,5.05648e-05,0.08,1,63012,62578,434
224841,2.01439,1.95808,434,127020,0.11201,0.08,1,63014,62580,434
227761,2.80288,0.391615,437,128480,0.238402,0.04,1,63017,62580,437
230681,2.96058,1.67832,438,129940,0.23968,0.22,1,63020,62582,438
233601,2.19212,5.13566,434,131400,0.319936,0.22,1,63022,62588,434
236521,2.03842,1.02713,436,132860,0.327987,0.28,1,63024,62588,436
239441,2.00768,2.60543,435,134320,0.361597,0.32,1,63026,62591,435
242361,2.00154,3.72109,433,135780,0.376319,0.32,1,63028,62595,433
245281,10.0003,0.744217,445,137240,0.307264,0.28,1,63040,62595,445
248201,3.60006,4.14884,442,138700,0.269453,0.26,1,63042,62600,442
251121,2.32001,4.02977,440,140160,0.229891,0.26,1,63044,62604,440
254041,2.864,0.805954,443,141620,0.277978,0.28,1,63047,62604,443
256961,3.7728,1.76119,445,143080,0.287596,0.31,1,63051,62606,445
259881,2.35456,1.95224,445,144540,0.345519,0.31,1,63053,62608,445
262801,2.07091,0.390448,447,146000,0.389104,0.38,1,63055,62608,447
265721,2.01418,1.67809,447,147460,0.373821,0.39,1,63057,62610,447
268641,2.00284,1.93562,447,148920,0.338764,0.39,1,63059,62612,447
271561,2.00057,0.387124,449,150380,0.395753,0.35,1,63061,62612,449
274481,2.00011,1.67742,449,151840,0.375151,0.37,1,63063,62614,449
277401,2.00002,1.93548,449,153300,0.34703,0.37,1,63065,62616,449
280321,2,0.387097,451,154760,0.309406,0.44,1,63067,62616,451
283241,2,1.67742,451,156220,0.365881,0.48,1,63069,62618,451
286161,2,3.53548,449,157680,0.345176,0.48,1,63071,62622,449
289081,2,0.707097,451,159140,0.349035,0.51,1,63073,62622,451
292001,2,1.74142,451,160600,0.445807,0.53,1,63075,62624,451
294921,2,1.94828,451,162060,0.433161,0.53,1,63077,62626,451
297841,2,0.389657,453,163520,0.406632,0.55,1,63079,62626,453
300761,2,1.67793,453,164980,0.377326,0.21,1,63081,62628,453
303681,83.6,108.336,422,166440,0.331465,0.21,1,63185,62763,422
306601,19.12,21.6671,425,167900,0.282293,0.18,1,63188,62763,425
309521,7.024,5.93342,427,169360,0.208459,0.14,1,63192,62765,427
312441,7.0048,2.78668,432,170820,0.377692,0.14,1,63199,62767,432
315361,3.00096,0.557337,434,172280,0.379538,0.1,1,63201,62767,434
318281,2.20019,1.71147,434,173740,0.339908,0.06,1,63203,62769,434
321201,2.04004,1.94229,434,175200,0.299982,0.06,1,63205,62771,434
322661,161.208,0.388459,635,176660,0.0599963,0.08,1,63406,62771,635
325581,37.8416,174.478,424,178120,0.107999,0.08,1,63413,62989,424
328501,23.5683,34.8955,444,179580,0.0535999,0.02,1,63433,62989,444
331421,7.91366,18.9791,433,181040,0.01072,0,1,63437,63004,433
334341,3.98273,5.39582,434,182500,0.00214399,0,1,63440,63006,434
337261,2.39655,1.07916,436,183960,0.000428799,0,1,63442,63006,436
339461,2.87931,1.81583,437,185420,8.57597e-05,0,1,63445,63008,437
342381,2.97586,1.96317,438,186880,1.71519e-05,0,1,63448,63010,438
345301,2.19517,0.392633,440,188340,3.43039e-06,0,1,63450,63010,440
347781,2.03903,1.67853,440,189800,0.184001,0.25,1,63452,63012,440
350701,2.00781,2.73571,439,191260,0.1888,0.25,1,63454,63015,439
353621,2.00156,0.547141,441,192720,0.15776,0.27,1,63456,63015,441
355681,2.00031,1.70943,441,194180,0.191552,0.36,1,63458,63017,441
358601,2.00006,5.14189,437,195640,0.16631,0.36,1,63460,63023,437
361521,2.00001,1.02838,439,197100,0.217262,0.36,1,63462,63023,439
364001,2,0.205675,441,198560,0.203452,0.35,1,63464,63023,441
366921,3.6,10.4411,432,200020,0.20069,0.35,1,63468,63036,432
369841,2.32,2.08823,434,201480,0.160138,0.35,1,63470,63036,434
372761,2.064,0.417645,436,202940,0.120028,0.35,1,63472,63036,436
374821,10.0128,0.0835291,448,204400,0.152006,0.24,1,63484,63036,448
377741,3.60256,5.61671,443,205860,0.126401,0.24,1,63486,63043,443
380021,3.92051,1.12334,447,207320,0.18528,0.31,1,63490,63043,447
382941,2.3841,5.82467,442,208780,0.165056,0.31,1,63492,63050,442
384801,1.27682,1.16493,443,210240,0.153011,0.37,1,63493,63050,443
387721,1.85536,5.83299,438,211700,0.118602,0.37,1,63495,63057,438
390641,1.97107,1.1666,440,213160,0.16772,0.37,1,63497,63057,440
393121,1.99421,0.233319,442,214620,0.193544,0.36,1,63499,63057,442
396041,3.59884,5.64666,439,216080,0.198709,0.36,1,63503,63064,439
398961,2.31977,1.12933,441,217540,0.167742,0.36,1,63505,63064,441
401881,2.06395,0.225867,443,219000,0.129548,0.36,1,63507,63064,443
404561,2.01279,0.0451733,445,220460,0.12191,0.49,1,63509,63064,445
407481,2.00256,8.00903,437,221920,0.0803819,0.49,1,63511,63074,437
410401,2.00051,1.60181,439,223380,0.0400764,0.49,1,63513,63074,439
413321,2.0001,0.320361,441,224840,0.176015,0.49,1,63515,63074,441
416241,2.00002,0.0640723,443,226300,0.179203,0.49,1,63517,63074,443
419121,2,0.0128145,445,227760,0.187841,0.39,1,63519,63074,445
422041,2,4.80256,441,229220,0.157568,0.39,1,63521,63080,441
424961,2,0.960513,443,230680,0.119514,0.39,1,63523,63080,443
427881,2,0.192103,445,232140,0.263903,0.39,1,63525,63080,445
429941,3.6,0.0384205,449,233600,0.236781,0.51,1,63529,63080,449
431601,1.52,8.00768,440,235060,0.295356,0.43,1,63530,63090,440
434521,81.104,85.6015,436,236520,0.251071,0.43,1,63631,63195,436
437441,17.8208,17.1203,438,237980,0.210214,0.43,1,63633,63195,438
439921,5.16416,3.42406,440,239440,0.170043,0.29,1,63635,63195,440
442841,9.03283,8.68481,440,240900,0.226009,0.29,1,63645,63205,440
445761,3.40657,1.73696,442,242360,0.205202,0.29,1,63647,63205,442
448681,2.28131,0.347392,444,243820,0.19304,0.29,1,63649,63205,444
450741,2.05626,0.0694785,446,245280,0.158608,0.39,1,63651,63205,446
452821,147.611,6.4139,622,246740,0.119722,0.1,1,63835,63213,622
455741,31.1222,162.083,423,248200,0.0799443,0.1,1,63837,63414,423
458021,27.0245,32.4166,449,249660,0.0799889,0,1,63863,63414,449
460941,8.60489,28.0833,426,251120,0.0159978,0,1,63867,63441,426
463861,4.92098,5.61666,430,252580,0.00319955,0,1,63871,63441,430
466341,7.3842,1.12333,438,254040,0.0486399,0,1,63879,63441,438
469261,3.07684,7.42467,431,255500,0.025728,0,1,63881,63450,431
472181,2.21537,1.48493,433,256960,0.0051456,0,1,63883,63450,433
474661,2.04307,0.296987,435,258420,0.0650291,0.19,1,63885,63450,435
477581,2.00861,3.2594,433,259880,0.101006,0.19,1,63887,63454,433
479861,3.60172,0.651879,437,261340,0.0522012,0.26,1,63891,63454,437
482781,2.32034,8.93038,428,262800,0.0104402,0.26,1,63893,63465,428
485701,2.06407,1.78608,430,264260,0.034088,0.26,1,63895,63465,430
488621,2.01281,0.357215,432,265720,0.00681761,0.26,1,63897,63465,432
491541,2.00256,0.071443,434,267180,0.00136352,0.26,1,63899,63465,434
494461,2.00051,0.0142886,436,268640,0.128273,0.26,1,63901,63465,436
496501,2.8001,0.00285772,439,270100,0.105655,0.3,1,63904,63465,439
499421,3.76002,8.80057,432,271560,0.149131,0.3,1,63908,63476,432
502341,2.352,1.76011,434,273020,0.117826,0.3,1,63910,63476,434
504821,8.4704,0.352023,444,274480,0.0235652,0.2,1,63920,63476,444
507741,3.29408,11.2704,432,275940,0.068713,0.2,1,63922,63490,432
510021,3.85882,2.25408,436,277400,0.0137426,0.2,1,63926,63490,436
512941,2.37176,10.8508,425,278860,0.0187485,0.2,1,63928,63503,425
515861,2.07435,2.17016,427,280320,0.0037497,0.2,1,63930,63503,427
518781,2.01487,0.434033,429,281780,0.000749941,0.2,1,63932,63503,429
521701,2.00297,0.0868065,431,283240,0.03215,0.2,1,63934,63503,431
524161,2.00059,0.0173613,433,284700,0.00643,0.23,1,63936,63503,433
527081,4.40012,8.80347,427,286160,0.113286,0.23,1,63941,63514,427
530001,2.48002,1.76069,429,287620,0.222657,0.23,1,63943,63514,429
532921,2.096,0.352139,431,289080,0.212531,0.23,1,63945,63514,431
535841,2.0192,0.0704278,433,290540,0.178506,0.23,1,63947,63514,433
538761,2.00384,0.0140856,435,292000,0.147701,0.23,1,63949,63514,435
540801,2.00077,0.00281711,437,293460,0.10954,0.19,1,63951,63514,437
543721,2.00015,4.00056,434,294920,0.0699081,0.19,1,63953,63519,434
546641,2.00003,0.800113,436,296380,0.0299816,0.19,1,63955,63519,436
548501,1.20001,0.160023,437,297840,0.00599632,0.27,1,63956,63519,437
551421,1.84,6.432,431,299300,0.185199,0.27,1,63958,63527,431
554341,1.968,1.2864,433,300760,0.23704,0.27,1,63960,63527,433
557261,1.9936,0.25728,435,302220,0.215408,0.27,1,63962,63527,435
559941,3.59872,0.051456,439,303680,0.147082,0.23,1,63966,63527,439
562641,2.31974,5.61029,434,305140,0.221416,0.2,1,63968,63534,434
565561,82.864,91.5221,424,306600,0.0442833,0.2,1,64071,63647,424
568481,18.1728,18.3044,426,308060,0.248857,0.2,1,64073,63647,426
571401,5.23456,3.66088,428,309520,0.257771,0.2,1,64075,63647,428
573041,1.84691,0.732176,429,310980,0.243554,0.17,1,64076,63647,429
575961,8.36938,8.94644,428,312440,0.0807109,0.17,1,64086,63658,428
578881,4.87388,1.78929,432,313900,0.112142,0.17,1,64090,63658,432
581361,3.37478,0.357857,435,315360,0.278428,0.06,1,64093,63658,435
584281,143.075,151.272,424,316820,0.0556857,0.06,1,64271,63847,424
586561,31.815,30.2543,428,318280,0.0431371,0,1,64275,63847,428
589481,22.363,26.8509,422,319740,0.0246274,0,1,64295,63873,422
592401,6.0726,5.37017,424,321200,0.0849255,0,1,64297,63873,424
594881,2.81452,1.07403,426,322660,0.0649851,0.07,1,64299,63873,426
597801,10.1629,13.0148,422,324120,0.012997,0.07,1,64311,63889,422
600721,3.63258,2.60296,424,325580,0.0665994,0.07,1,64313,63889,424
603641,2.32652,0.520592,426,327040,0.0453199,0.07,1,64315,63889,426
606561,2.0653,0.104118,428,328500,0.00906398,0.07,1,64317,63889,428
608401,1.21306,0.0208237,429,329960,0.0498128,0.02,1,64318,63889,429
611321,1.84261,5.60416,424,331420,0.0259626,0.02,1,64320,63896,424
614241,1.96852,1.12083,426,332880,0.00519251,0.02,1,64322,63896,426
616721,1.9937,0.224167,428,334340,0.0010385,0.16,1,64324,63896,428
619641,3.59874,4.04483,427,335800,0.0882077,0.16,1,64328,63901,427
621921,2.31975,0.808967,429,337260,0.0816415,0.11,1,64330,63901,429
624841,2.06395,7.36179,422,338720,0.0483283,0.11,1,64332,63910,422
627761,2.01279,1.47236,424,340180,0.00966566,0.11,1,64334,63910,424
630241,2.00256,0.294472,426,341640,0.00193313,0.08,1,64336,63910,426
633161,6.80051,9.65889,422,343100,0.0643866,0.08,1,64344,63922,422
635441,2.9601,1.93178,424,344560,0.0688773,0,1,64346,63922,424
638361,11.792,8.38636,428,346020,0.0137755,0,1,64360,63932,428
641281,3.9584,1.67727,430,347480,0.0507551,0,1,64362,63932,430
644201,2.39168,0.335454,432,348940,0.050151,0,1,64364,63932,432
646881,2.07834,0.0670908,434,350400,0.0260302,0.17,1,64366,63932,434
649801,3.61567,12.0134,423,351860,0.053206,0.17,1,64370,63947,423
652721,2.32313,2.40268,425,353320,0.0266412,0.17,1,64372,63947,425
655641,2.06463,0.480537,427,354780,0.00532824,0.17,1,64374,63947,427
658561,2.01293,0.0961073,429,356240,0.00106565,0.17,1,64376,63947,429
661481,2.00259,0.0192215,431,357700,0.0162131,0.17,1,64378,63947,431
663521,2.00052,0.00384429,433,359160,0.00324263,0.14,1,64380,63947,433
666441,2.0001,1.60077,433,360620,0.200649,0.14,1,64382,63949,433
668101,1.20002,0.320154,434,362080,0.23213,0,1,64383,63949,434
671021,1.84,5.66403,429,363540,0.206426,0,1,64385,63956,429
673941,1.968,1.13281,431,365000,0.169285,0,1,64387,63956,431
676861,1.9936,0.226561,433,366460,0.129857,0,1,64389,63956,433
678501,1.19872,0.0453122,434,367920,0.105971,0.21,1,64390,63956,434
681421,1.83974,4.80906,430,369380,0.205194,0.21,1,64392,63962,430
684341,1.96795,0.961812,432,370840,0.193039,0.21,1,64394,63962,432
686821,1.99359,0.192362,434,372300,0.150608,0.23,1,64396,63962,434
689741,1.99872,9.63847,424,373760,0.110122,0.23,1,64398,63974,424
692661,1.99974,1.92769,426,375220,0.0700243,0.23,1,64400,63974,426
695141,85.9999,0.385539,533,376680,0.174005,0.16,1,64507,63974,533
698061,18.8,84.8771,429,378140,0.162801,0.16,1,64509,64080,429
700981,5.36,16.9754,431,379600,0.12856,0.16,1,64511,64080,431
703901,2.672,3.39508,433,381060,0.089712,0.16,1,64513,64080,433
705541,6.1344,0.679017,440,382520,0.0819424,0.17,1,64520,64080,440
707621,2.82688,5.7358,435,383980,0.104388,0.25,1,64522,64087,435
709281,1.36538,4.34716,432,385440,0.0928777,0.26,1,64523,64091,432
712201,6.67308,4.86943,435,386900,0.0905755,0.26,1,64531,64096,435
713861,138.935,0.973886,607,388360,0.0181151,0.02,1,64703,64096,607
716781,29.3869,148.995,423,389820,0.00362302,0.02,1,64705,64282,423
719061,19.4774,29.799,440,391280,0.000724604,0.02,1,64722,64282,440
721981,5.49548,21.1598,423,392740,0.0481449,0.02,1,64724,64301,423
724901,2.6991,4.23196,425,394200,0.025629,0.02,1,64726,64301,425
727381,10.9398,0.846392,438,395660,0.0931258,0,1,64739,64301,438
730301,3.78796,12.9693,424,397120,0.0746252,0,1,64741,64317,424
733221,2.35759,2.59386,426,398580,0.102925,0,1,64743,64317,426
735701,5.27152,0.518771,432,400040,0.068585,0.11,1,64749,64317,432
738621,2.6543,8.90375,423,401500,0.029717,0.11,1,64751,64328,423
741541,2.13086,1.78075,425,402960,0.0059434,0.11,1,64753,64328,425
744461,2.02617,0.35615,427,404420,0.00118868,0.11,1,64755,64328,427
747381,2.00523,0.07123,429,405880,0.000237736,0.11,1,64757,64328,429
749221,2.80105,0.014246,432,407340,0.120048,0,1,64760,64328,432
752141,2.16021,7.20285,425,408800,0.11201,0,1,64762,64337,425
755061,2.03204,1.44057,427,410260,0.0864019,0,1,64764,64337,427
757981,2.00641,0.288114,429,411720,0.13728,0,1,64766,64337,429
760901,2.00128,0.0576228,431,413180,0.115456,0,1,64768,64337,431
762741,3.60026,0.0115246,435,414640,0.111091,0.16,1,64772,64337,435
765661,2.32005,11.2023,423,416100,0.0782182,0.16,1,64774,64351,423
767941,15.664,2.24046,442,417560,0.0636436,0.04,1,64793,64351,442
770861,6.3328,16.4481,426,419020,0.0127287,0.04,1,64797,64371,426
773781,3.66656,3.28962,429,420480,0.0185457,0.04,1,64800,64371,429
776701,2.33331,0.657924,431,421940,0.0677091,0.04,1,64802,64371,431
779621,2.06666,0.131585,433,423400,0.0455418,0.04,1,64804,64371,433
781461,1.21333,0.0263169,434,424860,0.0251084,0,1,64805,64371,434
784381,1.84267,7.20526,427,426320,0.00502167,0,1,64807,64380,427
787301,1.96853,1.44105,429,427780,0.00100433,0,1,64809,64380,429
790221,1.99371,0.288211,431,429240,0.000200867,0,1,64811,64380,431
792481,1.99874,0.0576421,433,430700,0.0640402,0.23,1,64813,64380,433
795401,1.99975,9.61153,423,432160,0.044808,0.23,1,64815,64392,423
798321,1.99995,1.92231,425,433620,0.0649616,0.23,1,64817,64392,425
801241,1.99999,0.384461,427,435080,0.164992,0.23,1,64819,64392,427
804161,2,0.0768922,429,436540,0.152998,0.23,1,64821,64392,429
807081,2,0.0153784,431,438000,0.1266,0.23,1,64823,64392,431
809121,2,0.00307569,433,439460,0.0893199,0.04,1,64825,64392,433
812041,2,7.20062,426,440920,0.049864,0.04,1,64827,64401,426
814961,2,1.44012,428,442380,0.0099728,0.04,1,64829,64401,428
817881,2,0.288025,430,443840,0.129995,0.04,1,64831,64401,430
820801,2,0.0576049,432,445300,0.121999,0.04,1,64833,64401,432
823681,2,0.011521,434,446760,0.0883998,0.14,1,64835,64401,434
826601,81.2,87.2023,426,448220,0.14568,0.14,1,64936,64510,426
828881,17.84,17.4405,428,449680,0.125136,0.08,1,64938,64510,428
831801,8.368,11.4881,424,451140,0.0250272,0.08,1,64944,64520,424
834081,3.2736,2.29762,426,452600,0.165005,0.06,1,64946,64520,426
837001,13.4547,10.8595,429,454060,0.153001,0.06,1,64962,64533,429
839921,4.29094,2.1719,431,455520,0.1266,0.06,1,64964,64533,431
842401,2.45819,0.434381,433,456980,0.17732,0,1,64966,64533,433
845321,135.692,144.087,422,458440,0.035464,0,1,65135,64713,422
847601,28.7383,28.8174,424,459900,0.0070928,0.06,1,65137,64713,424
849681,19.3477,14.5635,430,461360,0.0334186,0,1,65154,64724,430
852601,5.46953,8.51269,425,462820,0.00668371,0,1,65156,64731,425
855521,2.69391,1.70254,427,464280,0.00133674,0,1,65158,64731,427
857381,12.5388,0.340508,442,465740,0.000267348,0.06,1,65173,64731,442
860301,4.10776,14.4681,426,467200,0.0320535,0.06,1,65175,64749,426
863221,2.42155,2.89362,428,468660,0.00641069,0.06,1,65177,64749,428
865701,2.08431,0.578724,430,470120,0.0492821,0,1,65179,64749,430
868621,2.01686,4.11574,427,471580,0.0258564,0,1,65181,64754,427
871541,2.00337,0.823149,429,473040,0.00517129,0,1,65183,64754,429
874021,2.00067,0.16463,431,474500,0.00103426,0.06,1,65185,64754,431
876941,2.00013,3.23293,429,475960,0.000206851,0.06,1,65187,64758,429
879221,2.80003,0.646585,432,477420,4.13703e-05,0.17,1,65190,64758,432
882141,2.16001,8.92932,423,478880,8.27405e-06,0.17,1,65192,64769,423
885061,2.032,1.78586,425,480340,0.128002,0.17,1,65194,64769,425
887981,2.0064,0.357173,427,481800,0.1216,0.17,1,65196,64769,427
890901,2.00128,0.0714345,429,483260,0.14432,0.17,1,65198,64769,429
892741,4.40026,0.0142869,434,484720,0.060864,0.17,1,65203,64769,434
895661,2.48005,10.4029,423,486180,0.164173,0.17,1,65205,64782,423
897941,14.096,2.08057,440,487640,0.136835,0.09,1,65222,64782,440
900861,4.4192,15.6161,423,489100,0.0913669,0.09,1,65224,64801,423
903781,2.48384,3.12322,425,490560,0.0502734,0.09,1,65226,64801,425
906261,5.29677,0.624644,431,492020,0.0100547,0,1,65232,64801,431
909181,2.65935,5.72493,426,493480,0.00201093,0,1,65234,64808,426
912101,2.13187,1.14499,428,494940,0.0884022,0,1,65236,64808,428
915021,2.02637,0.228997,430,496400,0.0736804,0,1,65238,64808,430
916661,2.00527,0.0457994,432,497860,0.0307361,0.19,1,65240,64808,432
919581,2.00105,8.80916,423,499320,0.0861472,0.19,1,65242,64819,423
922501,2.00021,1.76183,425,500780,0.121229,0.19,1,65244,64819,425
925421,2.00004,0.352366,427,502240,0.0962459,0.19,1,65246,64819,427
928341,2.00001,0.0704733,429,503700,0.0672492,0.19,1,65248,64819,429
930181,1.2,0.0140947,430,505160,0.0454498,0.08,1,65249,64819,430
933101,1.84,4.80282,426,506620,0.00908997,0.08,1,65251,64825,426
936021,1.968,0.960564,428,508080,0.129818,0.08,1,65253,64825,428
938081,1.9936,0.192113,430,509540,0.121964,0.1,1,65255,64825,430
941001,5.99872,12.0384,422,511000,0.0883927,0.1,1,65262,64840,422
943921,2.79974,2.40768,424,512460,0.169679,0.1,1,65264,64840,424
946841,2.15995,0.481537,426,513920,0.145936,0.1,1,65266,64840,426
949761,2.03199,0.0963074,428,515380,0.109187,0.1,1,65268,64840,428
952681,2.0064,0.0192615,430,516840,0.0698374,0.1,1,65270,64840,430
954721,2.00128,0.00385229,432,518300,0.0859675,0.16,1,65272,64840,432
957641,82.0003,86.4008,426,519760,0.105194,0.16,1,65374,64948,426
960561,18,17.2802,428,521220,0.0770387,0.16,1,65376,64948,428
963481,5.20001,3.45603,430,522680,0.0474077,0.16,1,65378,64948,430
965121,1.84,0.691206,431,524140,0.0254815,0.19,1,65379,64948,431
968041,7.568,14.5382,422,525600,0.0690963,0.19,1,65388,64966,422
970321,3.1136,2.90765,424,527060,0.117819,0.08,1,65390,64966,424
973241,7.02272,4.58153,427,528520,0.223564,0.08,1,65398,64971,427
974901,133.405,0.916306,592,529980,0.0447128,0,1,65563,64971,592
977821,28.2809,136.983,423,531440,0.00894255,0,1,65565,65142,423
980101,24.0562,27.3967,446,532900,0.0177885,0.04,1,65588,65142,446
983021,6.41124,25.4793,423,534360,0.0835577,0.04,1,65590,65167,423
985921,2.88225,5.09587,425,535820,0.0647115,0,1,65592,65167,425
988841,10.1764,13.0192,422,537280,0.0929423,0,1,65604,65182,422
991761,3.63529,2.60383,424,538740,0.0665885,0,1,65606,65182,424
994681,2.32706,0.520767,426,540200,0.0293177,0,1,65608,65182,426
997601,2.06541,0.104153,428,541660,0.00586354,0,1,65610,65182,428
999441,1.21308,0.0208307,429,543120,0.0811727,0.18,1,65611,65182,429
1002361,5.04262,8.80417,424,544580,0.0162345,0.18,1,65617,65193,424
1005281,2.60852,1.76083,426,546040,0.00324691,0.18,1,65619,65193,426
1008201,2.1217,0.352167,428,547500,0.000649382,0.18,1,65621,65193,428
1011121,2.02434,0.0704333,430,548960,0.000129876,0.18,1,65623,65193,430
1012961,1.20487,0.0140867,431,550420,0.144026,0.21,1,65624,65193,431
1015881,1.84097,8.80282,422,551880,0.140805,0.21,1,65626,65204,422
1018801,1.96819,1.76056,424,553340,0.108161,0.21,1,65628,65204,424
1021721,1.99364,0.352113,426,554800,0.0696322,0.21,1,65630,65204,426
1023361,1.19873,0.0704225,427,556260,0.101926,0.16,1,65631,65204,427
1026281,1.83975,2.41408,426,557720,0.0683853,0.16,1,65633,65207,426
1027941,15.5679,0.482817,445,559180,0.213677,0,1,65652,65207,445
1030861,4.71359,18.4966,424,560640,0.210735,0,1,65654,65230,424
1033781,2.54272,3.69931,426,562100,0.178147,0,1,65656,65230,426
1036261,6.10854,0.739862,433,563560,0.0916294,0.1,1,65663,65230,433
1039181,2.82171,9.74797,423,565020,0.0503259,0.1,1,65665,65242,423
1042101,2.16434,1.94959,425,566480,0.0660652,0.1,1,65667,65242,425
1045021,2.03287,0.389919,427,567940,0.045213,0.1,1,65669,65242,427
1047281,2.00657,0.0779838,429,569400,0.00904261,0.11,1,65671,65242,429
1050201,2.00131,2.4156,428,570860,0.0818085,0.11,1,65673,65245,428
1053121,2.00026,0.483119,430,572320,0.0643617,0.11,1,65675,65245,430
1054981,1.20005,0.0966239,431,573780,0.0448723,0.16,1,65676,65245,431
1057901,1.84001,5.61932,426,575240,0.120974,0.16,1,65678,65252,426
1060821,1.968,1.12386,428,576700,0.120195,0.16,1,65680,65252,428
1063741,1.9936,0.224773,430,578160,0.088039,0.16,1,65682,65252,430
1065381,1.19872,0.0449546,431,579620,0.0576078,0.11,1,65683,65252,431
1068301,1.83974,6.40899,425,581080,0.0195216,0.11,1,65685,65260,425
1070581,5.96795,1.2818,432,582540,0.179904,0.11,1,65692,65260,432
1073501,2.79359,9.05636,423,584000,0.179981,0.11,1,65694,65271,423
1076421,2.15872,1.81127,425,585460,0.147996,0.11,1,65696,65271,425
1079341,2.03174,0.362254,427,586920,0.229599,0.11,1,65698,65271,427
1082261,2.00635,0.0724509,429,588380,0.21392,0.11,1,65700,65271,429
1085141,2.00127,0.0144902,431,589840,0.178784,0.02,1,65702,65271,431
1087221,86.0003,3.2029,534,591300,0.115757,0.1,1,65809,65275,534
1090141,20.4,90.2406,426,592760,0.239151,0.1,1,65813,65387,426
1093061,7.28001,18.0481,430,594220,0.20783,0.1,1,65817,65387,430
1095981,3.856,3.60962,433,595680,0.153566,0.1,1,65820,65387,433
1097621,1.5712,0.721924,434,597140,0.126713,0.25,1,65821,65387,434
1100541,1.91424,8.14438,426,598600,0.193343,0.25,1,65823,65397,426
1102821,1.98285,1.62888,428,600060,0.174669,0.23,1,65825,65397,428
1104901,136.397,1.92578,596,601520,0.0349337,0,1,65995,65399,596
1107821,29.6793,139.585,425,602980,0.0389867,0,1,65998,65573,425
1110101,24.3359,27.917,448,604440,0.0717973,0,1,66021,65573,448
1113021,6.46717,27.1834,423,605900,0.0463595,0,1,66023,65600,423
1115941,2.89343,5.43668,425,607360,0.00927189,0,1,66025,65600,425
1118421,7.77869,1.08734,434,608820,0.00185438,0.06,1,66034,65600,434
1121341,3.15574,10.6175,423,610280,0.000370876,0.06,1,66036,65613,423
1124261,2.23115,2.12349,425,611740,0.0960742,0.06,1,66038,65613,425
1127181,2.04623,0.424699,427,613200,0.0832148,0.06,1,66040,65613,427
1130101,2.00925,0.0849397,429,614660,0.048643,0.06,1,66042,65613,429
1131941,1.20185,0.0169879,430,616120,0.0257286,0,1,66043,65613,430
1134861,1.84037,5.6034,425,617580,0.0851457,0,1,66045,65620,425
1137141,9.96807,1.12068,437,619040,0.0170291,0,1,66057,65620,437
1140061,3.59361,13.0241,423,620500,0.195406,0,1,66059,65636,423
1142981,2.31872,2.60483,425,621960,0.199081,0,1,66061,65636,425
1145901,2.06374,0.520965,427,623420,0.167816,0,1,66063,65636,427
1148821,2.01275,0.104193,429,624880,0.129563,0,1,66065,65636,429
1151741,2.00255,0.0208386,431,626340,0.0899127,0,1,66067,65636,431
1154661,2.00051,0.00416772,433,627800,0.0499825,0,1,66069,65636,433
1156481,1.2001,0.000833544,434,629260,0.0259965,0.09,1,66070,65636,434
1159401,11.44,20.8002,422,630720,0.149199,0.09,1,66084,65662,422
1162321,3.888,4.16003,424,632180,0.14184,0.09,1,66086,65662,424
1164801,2.3776,0.832007,426,633640,0.108368,0.09,1,66088,65662,426
1167721,3.67552,3.3664,426,635100,0.109674,0.09,1,66092,65666,426
1170001,3.9351,0.67328,430,636560,0.0939347,0.12,1,66096,65666,430
1172921,5.58702,11.3347,422,638020,0.0187869,0.12,1,66102,65680,422
1175841,2.7174,2.26693,424,639480,0.0677574,0.12,1,66104,65680,424
1178761,2.14348,0.453386,426,640940,0.117551,0.12,1,66106,65680,426
1181681,2.0287,0.0906772,428,642400,0.0955103,0.12,1,66108,65680,428
1184601,2.00574,0.0181354,430,643860,0.123102,0.12,1,66110,65680,430
1187521,2.00115,0.00362709,432,645320,0.0966204,0.12,1,66112,65680,432
1190181,2.00023,0.000725418,434,646780,0.0753241,0,1,66114,65680,434
1193101,2.00005,5.60014,429,648240,0.0390648,0,1,66116,65687,429
1196021,2.00001,1.12003,431,649700,0.00781296,0,1,66118,65687,431
1198941,2,0.224006,433,651160,0.00156259,0,1,66120,65687,433
1200581,2,0.0448012,435,652620,0.000312518,0.19,1,66122,65687,435
1203501,2,11.209,423,654080,6.25037e-05,0.19,1,66124,65701,423
1206421,2,2.24179,425,655540,1.25007e-05,0.19,1,66126,65701,425
1209341,2,0.448358,427,657000,2.50015e-06,0.19,1,66128,65701,427
1212261,2,0.0896717,429,658460,0.208001,0.19,1,66130,65701,429
1214101,1.2,0.0179343,430,659920,0.2336,0.02,1,66131,65701,430
1215761,1.04,7.20359,422,661380,0.22272,0.18,1,66132,65710,422
1218681,90.608,87.8407,427,662840,0.220544,0.18,1,66245,65818,427
1221601,19.7216,17.5681,429,664300,0.188109,0.18,1,66247,65818,429
1224081,5.54432,3.51363,431,665760,0.269622,0.19,1,66249,65818,431
1227001,7.50886,9.50273,428,667220,0.165924,0.19,1,66257,65829,428
1229921,3.10177,1.90055,430,668680,0.113185,0.19,1,66259,65829,430
1232841,2.22035,0.380109,432,670140,0.158637,0.19,1,66261,65829,432
1234901,130.844,0.0760218,595,671600,0.0637274,0,1,66424,65829,595
1237821,27.7688,139.215,423,673060,0.0527455,0,1,66426,66003,423
1240101,28.7538,27.843,452,674520,0.0745491,0,1,66455,66003,452
1243021,7.35075,30.3686,423,675980,0.0469098,0,1,66457,66034,423
1245941,3.07015,6.07372,425,677440,0.00938196,0,1,66459,66034,425
1248421,8.61403,1.21474,435,678900,0.00187639,0.04,1,66469,66034,435
1251341,3.32281,11.4429,423,680360,0.000375278,0.04,1,66471,66048,423
1254261,2.26456,2.28859,425,681820,0.120075,0.04,1,66473,66048,425
1257181,2.05291,0.457718,427,683280,0.112015,0.04,1,66475,66048,427
1260101,2.01058,0.0915436,429,684740,0.086403,0.04,1,66477,66048,429
1263021,2.00212,0.0183087,431,686200,0.0492806,0.04,1,66479,66048,431
1265681,2.00042,0.00366174,433,687660,0.00985612,0.16,1,66481,66048,433
1268601,5.20008,12.0007,424,689120,0.113971,0.16,1,66487,66063,424
1271521,4.24002,2.40015,428,690580,0.0707942,0.16,1,66491,66063,428
1274001,2.448,0.480029,430,692040,0.0301588,0.17,1,66493,66063,430
1276921,2.0896,8.09601,422,693500,0.00603177,0.17,1,66495,66073,422
1279841,2.01792,1.6192,424,694960,0.00120635,0.17,1,66497,66073,424
1282761,2.00358,0.32384,426,696420,0.0802413,0.17,1,66499,66073,426
1285681,2.00072,0.064768,428,697880,0.0640483,0.17,1,66501,66073,428
1287521,1.20014,0.0129536,429,699340,0.0448097,0.11,1,66502,66073,429
1290441,9.84003,15.2026,422,700800,0.0969619,0.11,1,66514,66092,422
1293361,3.56801,3.04052,424,702260,0.0673924,0.11,1,66516,66092,424
1295841,2.3136,0.608104,426,703720,0.0854785,0.04,1,66518,66092,426
1298761,5.26272,5.72162,425,705180,0.121096,0.04,1,66524,66099,425
1301041,2.65254,1.14432,427,706640,0.104219,0.09,1,66526,66099,427
1303121,2.13051,3.42886,425,708100,0.108844,0,1,66528,66103,425
1306041,10.0261,12.6858,422,709560,0.173769,0,1,66540,66118,422
1308961,3.60522,2.53715,424,711020,0.154754,0,1,66542,66118,424
1311881,2.32104,0.507431,426,712480,0.118951,0,1,66544,66118,426
1314801,2.06421,0.101486,428,713940,0.0877901,0,1,66546,66118,428
1317721,2.01284,0.0202972,430,715400,0.049558,0,1,66548,66118,430
1320641,2.00257,0.00405945,432,716860,0.00991161,0,1,66550,66118,432
1323561,2.00051,0.000811889,434,718320,0.00198232,0,1,66552,66118,434
1325381,1.2001,0.000162378,435,719780,0.000396464,0,1,66553,66118,435
1328301,1.84002,4.00003,432,721240,7.92928e-05,0,1,66555,66123,432
1331201,1.968,0.800006,434,722700,1.58586e-05,0.27,1,66557,66123,434
1334121,1.9936,4.96,430,724160,0.0960032,0.27,1,66559,66129,430
1337041,1.99872,0.992,432,725620,0.0832006,0.27,1,66561,66129,432
1339521,1.99974,0.1984,434,727080,0.0486401,0.19,1,66563,66129,434
1342441,2.79995,7.23968,428,728540,0.00972802,0.19,1,66566,66138,428
1345361,2.15999,1.44794,430,730000,0.0019456,0.19,1,66568,66138,430
1348261,90.032,0.289587,542,731460,0.200389,0.21,1,66680,66138,542
1351181,19.6064,92.0579,429,732920,0.248078,0.21,1,66682,66253,429
1354101,5.52128,18.4116,431,734380,0.225616,0.21,1,66684,66253,431
1356581,6.70426,3.68232,438,735840,0.269123,0.15,1,66691,66253,438
1359501,2.94085,7.93646,431,737300,0.245825,0.15,1,66693,66262,431
1362421,2.18817,1.58729,433,738760,0.217165,0.15,1,66695,66262,433
1364901,125.238,0.317459,589,740220,0.059433,0.04,1,66851,66262,589
1367821,26.6475,132.063,426,741680,0.187887,0.04,1,66853,66427,426
1370101,31.7295,26.4127,459,743140,0.0855773,0.06,1,66886,66427,459
1373021,7.9459,33.2825,426,744600,0.0331155,0.06,1,66888,66462,426
1375941,3.18918,6.65651,428,746060,0.0386231,0.06,1,66890,66462,428
1378421,6.23784,1.3313,435,747520,0.0557246,0.1,1,66897,66462,435
1381341,2.84757,11.4663,423,748980,0.0271449,0.1,1,66899,66476,423
1384261,2.16951,2.29325,425,750440,0.00542898,0.1,1,66901,66476,425
1387181,2.0339,0.45865,427,751900,0.0010858,0.1,1,66903,66476,427
1388821,4.40678,0.0917301,432,753360,0.000217159,0.14,1,66908,66476,432
1391741,2.48136,8.81835,423,754820,0.112043,0.14,1,66910,66487,423
1394661,2.09627,1.76367,425,756280,0.102409,0.14,1,66912,66487,425
1396721,2.01925,0.352734,427,757740,0.0684817,0,1,66914,66487,427
1399641,3.60385,7.27055,422,759200,0.0136963,0,1,66918,66496,422
1402561,2.32077,1.45411,424,760660,0.0667393,0,1,66920,66496,424
1405481,2.06415,0.290822,426,762120,0.0453479,0,1,66922,66496,426
1407121,1.21283,0.0581644,427,763580,0.0250696,0.1,1,66923,66496,427
1410041,1.84257,2.41163,426,765040,0.0850139,0.1,1,66925,66499,426
1411701,9.16851,0.482327,437,766500,0.129003,0.14,1,66936,66499,437
1414621,3.4337,11.2965,425,767960,0.105801,0.14,1,66938,66513,425
1417541,2.28674,2.25929,427,769420,0.0691601,0.14,1,66940,66513,427
1420021,3.65735,0.451859,431,770880,0.029832,0.07,1,66944,66513,431
1422941,2.33147,4.89037,427,772340,0.0059664,0.07,1,66946,66519,427
1425861,2.06629,0.978074,429,773800,0.0491933,0.07,1,66948,66519,429
1428341,6.81326,0.195615,437,775260,0.113839,0.2,1,66956,66519,437
1431261,2.96265,8.03912,429,776720,0.0947677,0.2,1,66958,66529,429
1434161,2.19253,1.60782,431,778180,0.0589535,0.06,1,66960,66529,431
1437081,7.63851,14.7216,422,779640,0.0357907,0.06,1,66969,66547,422
1440001,3.1277,2.94431,424,781100,0.0631581,0.06,1,66971,66547,424
1442921,2.22554,0.588863,426,782560,0.0446316,0.06,1,66973,66547,426
1445601,2.04511,0.117773,428,784020,0.00892632,0.14,1,66975,66547,428
1448521,4.40902,8.82355,422,785480,0.0177853,0.14,1,66980,66558,422
1451441,2.4818,1.76471,424,786940,0.00355705,0.14,1,66982,66558,424
1454361,2.09636,0.352942,426,788400,0.0807114,0.14,1,66984,66558,426
1457281,2.01927,0.0705884,428,789860,0.0641423,0.14,1,66986,66558,428
1460201,2.00385,0.0141177,430,791320,0.0288285,0.14,1,66988,66558,430
1462241,2.00077,0.00282354,432,792780,0.00576569,0.2,1,66990,66558,432
1465161,2.00015,9.60057,422,794240,0.00115314,0.2,1,66992,66570,422
1468081,2.00003,1.92011,424,795700,0.0642306,0.2,1,66994,66570,424
1471001,2.00001,0.384023,426,797160,0.0448461,0.2,1,66996,66570,426
1473921,2,0.0768045,428,798620,0.00896922,0.2,1,66998,66570,428
1475761,1.2,0.0153609,429,800080,0.00179384,0.15,1,66999,66570,429
1478681,93.84,94.4031,428,801540,0.168359,0.15,1,67116,66688,428
1481601,20.368,18.8806,430,803000,0.169672,0.15,1,67118,66688,430
1484521,5.6736,3.77612,432,804460,0.137934,0.15,1,67120,66688,432
1486581,7.53472,0.755224,440,805920,0.139587,0.21,1,67128,66688,440
1489501,3.10694,5.75104,435,807380,0.163917,0.21,1,67130,66695,435
1491781,5.42139,1.15021,441,808840,0.168783,0.19,1,67136,66695,441
1493441,1.88428,5.83004,435,810300,0.153757,0.08,1,67137,66702,435
1496361,116.377,127.566,422,811760,0.190751,0.08,1,67282,66860,422
1498641,24.8754,25.5132,424,813220,0.17415,0.02,1,67284,66860,424
1501561,34.5751,36.3026,422,814680,0.0348301,0.02,1,67321,66899,422
1504481,8.51501,7.26053,424,816140,0.00696601,0.02,1,67323,66899,424
1507401,3.303,1.45211,426,817600,0.0333932,0.02,1,67325,66899,426
1509041,1.4606,0.290421,427,819060,0.0226786,0,1,67326,66899,427
1511961,3.49212,7.25808,422,820520,0.00453573,0,1,67330,66908,422
1514881,2.29842,1.45162,424,821980,0.000907145,0,1,67332,66908,424
1517361,2.05968,0.290323,426,823440,0.000181429,0.08,1,67334,66908,426
1520281,2.01194,4.05806,423,824900,3.62858e-05,0.08,1,67336,66913,423
1523201,2.00239,0.811613,425,826360,7.25716e-06,0.08,1,67338,66913,425
1525681,2.00048,0.162323,427,827820,1.45143e-06,0.11,1,67340,66913,427
1528601,5.2001,8.83246,422,829280,0.144,0.11,1,67346,66924,422
1531521,2.64002,1.76649,424,830740,0.1408,0.11,1,67348,66924,424
1534441,2.128,0.353299,426,832200,0.10816,0.11,1,67350,66924,426
1537361,2.0256,0.0706597,428,833660,0.069632,0.11,1,67352,66924,428
1539621,2.00512,0.0141319,430,835120,0.149926,0,1,67354,66924,430
1541701,10.001,5.60283,435,836580,0.0779853,0.05,1,67366,66931,435
1544621,3.6002,9.92057,426,838040,0.0315971,0.05,1,67368,66942,426
1547541,2.32004,1.98411,428,839500,0.00631941,0.05,1,67370,66942,428
1550021,3.66401,0.396823,432,840960,0.00126388,0.09,1,67374,66942,432
1552941,2.3328,6.47936,426,842420,0.0482528,0.09,1,67376,66950,426
1555861,2.06656,1.29587,428,843880,0.113651,0.09,1,67378,66950,428
1558341,3.61331,0.259175,432,845340,0.12673,0.07,1,67382,66950,432
1561261,2.32266,7.25184,425,846800,0.097346,0.07,1,67384,66959,425
1563541,8.46453,1.45037,435,848260,0.0994692,0.04,1,67394,66959,435
1566461,3.29291,11.4901,423,849720,0.0918938,0.04,1,67396,66973,423
1569381,2.25858,2.29801,425,851180,0.0583788,0.04,1,67398,66973,425
1571861,4.45172,0.459603,430,852640,0.147676,0,1,67403,66973,430
1574781,2.49034,7.29192,423,854100,0.133535,0,1,67405,66982,423
1577701,2.09807,1.45838,425,855560,0.122707,0,1,67407,66982,425
1580181,5.21961,0.291677,431,857020,0.112541,0,1,67413,66982,431
1583101,2.64392,8.05834,423,858480,0.0865083,0,1,67415,66992,423
1586021,2.12878,1.61167,425,859940,0.0893017,0,1,67417,66992,425
1588941,2.02576,0.322333,427,861400,0.10586,0,1,67419,66992,427
1591861,2.00515,0.0644667,429,862860,0.0691721,0,1,67421,66992,429
1594741,2.00103,0.0128933,431,864320,0.0298344,0.04,1,67423,66992,431
1597661,2.00021,3.20258,429,865780,0.00596688,0.04,1,67425,66996,429
1599941,2.00004,0.640516,431,867240,0.00119338,0,1,67427,66996,431
1602861,2.00001,4.1281,428,868700,0.000238675,0,1,67429,67001,428
1605781,2,0.825621,430,870160,0.0960477,0,1,67431,67001,430
1608261,92.4,0.165124,545,871620,0.17921,0.15,1,67546,67001,545
1611181,20.08,94.433,429,873080,0.163842,0.15,1,67548,67119,429
1613461,13.616,18.8866,441,874540,0.168768,0.19,1,67560,67119,441
1616381,4.3232,11.7773,433,876000,0.137754,0.19,1,67562,67129,433
1618661,6.46464,2.35546,440,877460,0.0755507,0.2,1,67569,67129,440
1621581,4.49293,10.8711,431,878920,0.15911,0.2,1,67573,67142,431
1624481,3.29859,2.17422,434,880380,0.127822,0.1,1,67576,67142,434
1627401,109.46,117.235,424,881840,0.121564,0.1,1,67712,67288,424
1629681,23.4919,23.447,426,883300,0.0883129,0,1,67714,67288,426
1632601,38.2984,41.4894,422,884760,0.0176626,0,1,67756,67334,422
1635521,9.25968,8.29788,424,886220,0.00353251,0,1,67758,67334,424
1638441,3.45194,1.65958,426,887680,0.000706503,0,1,67760,67334,426
1641361,2.29039,0.331915,428,889140,0.000141301,0,1,67762,67334,428
1644281,2.05808,0.066383,430,890600,2.82601e-05,0,1,67764,67334,430
1646741,2.01162,0.0132766,432,892060,5.65202e-06,0,1,67766,67334,432
1649661,2.00232,7.20266,425,893520,1.1304e-06,0,1,67768,67343,425
1652581,2.00046,1.44053,427,894980,2.26081e-07,0,1,67770,67343,427
1655501,2.00009,0.288106,429,896440,4.52162e-08,0,1,67772,67343,429
1658181,2.00002,0.0576212,431,897900,0.112,0.08,1,67774,67343,431
1661101,2,6.41152,425,899360,0.1024,0.08,1,67776,67351,425
1664021,2,1.2823,427,900820,0.06848,0.08,1,67778,67351,427
1666501,6.8,0.256461,435,902280,0.085696,0.08,1,67786,67351,435
1669421,2.96,11.2513,423,903740,0.0571392,0.08,1,67788,67365,423
1671701,11.792,2.25026,437,905200,0.0274278,0.06,1,67802,67365,437
1674621,3.9584,9.25005,428,906660,0.00548557,0.06,1,67804,67376,428
1677541,2.39168,1.85001,430,908120,0.00109711,0.06,1,67806,67376,430
1680461,2.07834,0.370002,432,909580,0.000219423,0.06,1,67808,67376,432
1682101,3.61567,0.0740004,436,911040,0.0880439,0.17,1,67812,67376,436
1685021,3.92313,11.2148,426,912500,0.0736088,0.17,1,67816,67390,426
1687941,3.18463,2.24296,429,913960,0.174722,0.17,1,67819,67390,429
1690861,2.23693,0.448592,431,915420,0.170944,0.17,1,67821,67390,431
1693541,2.04739,0.0897184,433,916880,0.138189,0.09,1,67823,67390,433
1695621,2.00948,4.81794,429,918340,0.123638,0.02,1,67825,67396,429
1698541,2.0019,3.36359,428,919800,0.120728,0.02,1,67827,67399,428
1700401,1.20038,0.672718,429,921260,0.104146,0.12,1,67828,67399,429
1703321,3.44008,6.53454,425,922720,0.116829,0.12,1,67832,67407,425
1705601,2.28802,1.30691,427,924180,0.135366,0.11,1,67834,67407,427
1708521,6.0576,9.86138,422,925640,0.0430732,0.11,1,67841,67419,422
1711441,2.81152,1.97228,424,927100,0.168615,0.11,1,67843,67419,424
1714361,2.1623,0.394455,426,928560,0.161723,0.11,1,67845,67419,426
1717041,2.03246,0.078891,428,930020,0.224345,0.08,1,67847,67419,428
1719961,6.80649,11.2158,422,931480,0.116869,0.08,1,67855,67433,422
1722881,2.9613,2.24316,424,932940,0.0633738,0.08,1,67857,67433,424
1725801,2.19226,0.448631,426,934400,0.0286748,0.08,1,67859,67433,426
1728721,2.03845,0.0897262,428,935860,0.00573495,0.08,1,67861,67433,428
1731641,2.00769,0.0179452,430,937320,0.113147,0.08,1,67863,67433,430
1734561,2.00154,0.00358905,432,938780,0.102629,0.08,1,67865,67433,432
1736801,2.00031,0.00071781,434,940240,0.0685259,0.23,1,67867,67433,434
1739721,90.8001,97.6001,425,941700,0.205705,0.23,1,67980,67555,425
1742001,19.76,19.52,427,943160,0.201141,0.12,1,67982,67555,427
1744921,16.752,20.704,422,944620,0.160228,0.12,1,67998,67576,422
1747841,4.9504,4.1408,424,946080,0.176046,0.12,1,68000,67576,424
1750761,2.59008,0.82816,426,947540,0.147209,0.12,1,68002,67576,426
1752401,1.31802,0.165632,427,949000,0.125442,0.02,1,68003,67576,427
1755321,9.8636,7.23313,430,950460,0.161088,0.02,1,68015,67585,430
1756981,106.773,1.44663,561,951920,0.192218,0,1,68146,67585,561
1759901,22.9545,106.689,430,953380,0.190444,0,1,68148,67718,430
1762181,33.3909,21.3379,466,954840,0.150089,0,1,68184,67718,466
1765101,8.27818,40.2676,423,956300,0.110018,0,1,68186,67763,423
1768021,3.25564,8.05351,425,957760,0.0700035,0,1,68188,67763,425
1770941,2.25113,1.6107,427,959220,0.0300007,0,1,68190,67763,427
1773621,2.05023,0.322141,429,960680,0.00600014,0,1,68192,67763,429
1776541,2.01005,6.46443,423,962140,0.00120003,0,1,68194,67771,423
1779461,2.00201,1.29289,425,963600,0.000240006,0,1,68196,67771,425
1782381,2.0004,0.258577,427,965060,4.80011e-05,0,1,68198,67771,427
1785061,2.00008,0.0517154,429,966520,9.60022e-06,0.14,1,68200,67771,429
1787141,6.00002,2.41034,433,967980,0.160002,0.09,1,68207,67774,433
1790061,2.8,10.0821,423,969440,0.16,0.09,1,68209,67786,423
1792981,2.16,2.01641,425,970900,0.128,0.09,1,68211,67786,425
1795041,2.032,0.403283,427,972360,0.0896,0.04,1,68213,67786,427
1797961,10.8064,12.0807,425,973820,0.11392,0.04,1,68226,67801,425
1800241,3.76128,2.41613,427,975280,0.086784,0,1,68228,67801,427
1803161,3.95226,5.28323,425,976740,0.0173568,0,1,68232,67807,425
1806081,2.39045,1.05665,427,978200,0.00347136,0,1,68234,67807,427
1808561,2.07809,0.211329,429,979660,0.0806943,0.2,1,68236,67807,429
1811481,8.41562,9.64227,427,981120,0.0641389,0.2,1,68246,67819,427
1814401,3.28312,1.92845,429,982580,0.0928278,0.2,1,68248,67819,429
1817301,4.65662,0.385691,434,984040,0.0745656,0.12,1,68253,67819,434
1820221,2.53132,10.4771,423,985500,0.0869131,0.12,1,68255,67832,423
1823141,2.10626,2.09543,425,986960,0.0733826,0.12,1,68257,67832,425
1826061,2.02125,0.419085,427,988420,0.0386765,0.12,1,68259,67832,427
1828981,2.00425,0.0838171,429,989880,0.0077353,0.12,1,68261,67832,429
1831441,2.00085,0.0167634,431,991340,0.0335471,0.13,1,68263,67832,431
1834361,2.00017,2.40335,430,992800,0.00670941,0.13,1,68265,67835,430
1836641,2.00003,0.480671,432,994260,0.00134188,0.14,1,68267,67835,432
1839561,6.00001,13.6961,422,995720,0.0642684,0.14,1,68274,67852,422
1842481,2.8,2.73923,424,997180,0.0448537,0.14,1,68276,67852,424
1845401,2.16,0.547845,426,998640,0.00897073,0.14,1,68278,67852,426
1848081,2.032,0.109569,428,1000100,0.113794,0,1,68280,67852,428
1851001,2.0064,6.42191,422,1001560,0.102759,0,1,68282,67860,422
1853921,2.00128,1.28438,424,1003020,0.0685518,0,1,68284,67860,424
1856401,2.00026,0.256877,426,1004480,0.0537104,0.02,1,68286,67860,426
1859321,4.40005,7.25138,422,1005940,0.0427421,0.02,1,68291,67869,422
1862241,2.48001,1.45028,424,1007400,0.112548,0.02,1,68293,67869,424
1865161,2.096,0.290055,426,1008860,0.10251,0.02,1,68295,67869,426
1867841,2.0192,0.058011,428,1010320,0.0685019,0.29,1,68297,67869,428
1870761,97.2038,96.0116,429,1011780,0.1897,0.29,1,68418,67989,429
1873041,21.0408,19.2023,431,1013240,0.18194,0.18,1,68420,67989,431
1875121,15.4082,12.6405,434,1014700,0.180388,0.23,1,68434,68000,434
1878041,10.2816,12.1281,431,1016160,0.244078,0.23,1,68443,68012,431
1880961,3.65633,2.42562,433,1017620,0.232816,0.23,1,68445,68012,433
1883441,2.33127,0.485124,435,1019080,0.198563,0.21,1,68447,68012,435
1885521,10.8663,11.297,434,1020540,0.231713,0.22,1,68460,68026,434
1888441,102.173,106.259,429,1022000,0.0463425,0.22,1,68585,68156,429
1890721,22.0346,21.2519,431,1023460,0.105269,0,1,68587,68156,431
1893641,28.4069,35.4504,422,1024920,0.0530537,0,1,68617,68195,422
1896561,7.28139,7.09007,424,1026380,0.0106107,0,1,68619,68195,424
1899481,3.05628,1.41801,426,1027840,0.00212215,0,1,68621,68195,426
1902401,2.21126,0.283603,428,1029300,0.00042443,0,1,68623,68195,428
1905321,2.04225,0.0567206,430,1030760,8.48859e-05,0,1,68625,68195,430
1907361,2.00845,0.0113441,432,1032220,1.69772e-05,0,1,68627,68195,432
1910281,2.00169,6.40227,426,1033680,3.39544e-06,0,1,68629,68203,426
1913201,2.00034,1.28045,428,1035140,6.79087e-07,0,1,68631,68203,428
1915681,2.00007,0.256091,430,1036600,1.35817e-07,0.17,1,68633,68203,430
1918601,2.80001,8.85122,422,1038060,2.71635e-08,0.17,1,68636,68214,422
1921521,2.16,1.77024,424,1039520,5.4327e-09,0.17,1,68638,68214,424
1924441,2.032,0.354049,426,1040980,0.176,0.17,1,68640,68214,426
1926081,1.2064,0.0708097,427,1042440,0.1952,0,1,68641,68214,427
1929001,12.2413,16.0142,422,1043900,0.15104,0,1,68656,68234,422
1931921,4.04826,3.20283,424,1045360,0.134208,0,1,68658,68234,424
1934821,3.20965,0.640566,427,1046820,0.0828416,0.1,1,68661,68234,427
1936481,2.24193,1.72811,427,1048280,0.0405683,0,1,68663,68236,427
1939401,2.04839,4.34562,424,1049740,0.00811366,0,1,68665,68241,424
1941061,6.00968,0.869124,431,1051200,0.00162273,0.11,1,68672,68241,431
1943981,2.80194,8.17382,423,1052660,0.000324547,0.11,1,68674,68251,423
1946261,6.16039,1.63476,430,1054120,0.0880649,0.02,1,68681,68251,430
1949181,2.83208,7.52695,423,1055580,0.129613,0.02,1,68683,68260,423
1952101,2.16642,1.50539,425,1057040,0.105923,0.02,1,68685,68260,425
1955021,2.03328,0.301078,427,1058500,0.133185,0.02,1,68687,68260,427
1957701,2.80666,0.0602156,430,1059960,0.0986369,0.02,1,68690,68260,430
1960621,2.16133,7.21204,423,1061420,0.0917274,0.02,1,68692,68269,423
1963541,2.03227,1.44241,425,1062880,0.114345,0.02,1,68694,68269,425
1966461,2.00645,0.288482,427,1064340,0.0948691,0.02,1,68696,68269,427
1969141,2.00129,0.0576963,429,1065800,0.154974,0.06,1,68698,68269,429
1971221,5.20026,4.81154,429,1067260,0.134995,0.12,1,68704,68275,429
1974141,2.64005,5.76231,425,1068720,0.098999,0.12,1,68706,68281,425
1977061,2.12801,1.15246,427,1070180,0.0677998,0.12,1,68708,68281,427
1979121,2.0256,0.230492,429,1071640,0.02956,0.09,1,68710,68281,429
1982041,2.00512,5.6461,424,1073100,0.00591199,0.09,1,68712,68288,424
1984961,2.00102,1.12922,426,1074560,0.0011824,0.09,1,68714,68288,426
1987441,2.0002,0.225844,428,1076020,0.00023648,0.1,1,68716,68288,428
1990361,6.00004,10.4452,422,1077480,0.104047,0.1,1,68723,68301,422
1993281,2.80001,2.08903,424,1078940,0.0928095,0.1,1,68725,68301,424
1996201,2.16,0.417807,426,1080400,0.202562,0.1,1,68727,68301,426
1998881,2.032,0.0835613,428,1081860,0.192512,0,1,68729,68301,428
2001801,101.206,102.417,426,1083320,0.0385025,0,1,68855,68429,426
2004081,21.8413,20.4833,428,1084780,0.00770049,0.26,1,68857,68429,428
2006161,19.5683,15.2967,433,1086240,0.0655401,0.18,1,68876,68443,433
2009081,5.51365,7.05933,430,1087700,0.045108,0.18,1,68878,68448,430
2012001,2.70273,1.41187,432,1089160,0.0650216,0.18,1,68880,68448,432
2014481,2.14055,0.282373,434,1090620,0.133004,0.21,1,68882,68448,434
2016561,6.82811,15.2565,423,1092080,0.0506009,0.08,1,68890,68467,423
2019481,101.366,100.651,426,1093540,0.10612,0.08,1,69015,68589,426
2021761,21.8731,20.1303,428,1095000,0.085224,0,1,69017,68589,428
2024681,31.5746,36.0261,422,1096460,0.0650448,0,1,69051,68629,422
2027601,7.91492,7.20521,424,1097920,0.029009,0,1,69053,68629,424
2030521,3.18298,1.44104,426,1099380,0.00580179,0,1,69055,68629,426
2033441,2.2366,0.288208,428,1100840,0.00116036,0,1,69057,68629,428
2036361,2.04732,0.0576417,430,1102300,0.000232072,0,1,69059,68629,430
2038401,2.00946,0.0115283,432,1103760,4.64143e-05,0.2,1,69061,68629,432
2041321,2.00189,9.60231,422,1105220,9.28286e-06,0.2,1,69063,68641,422
2044241,2.00038,1.92046,424,1106680,1.85657e-06,0.2,1,69065,68641,424
2047161,2.00008,0.384092,426,1108140,3.71315e-07,0.2,1,69067,68641,426
2050081,2.00002,0.0768184,428,1109600,7.42629e-08,0.2,1,69069,68641,428
2053001,2,0.0153637,430,1111060,1.48526e-08,0.2,1,69071,68641,430
2055041,2,0.00307274,432,1112520,0.128,0.08,1,69073,68641,432
2057121,2,4.80061,428,1113980,0.1216,0.1,1,69075,68647,428
2060041,10.8,16.1601,422,1115440,0.07232,0.1,1,69088,68666,422
2062961,3.76,3.23202,424,1116900,0.030464,0.1,1,69090,68666,424
2065881,2.352,0.646405,426,1118360,0.0060928,0.1,1,69092,68666,426
2068801,2.0704,0.129281,428,1119820,0.153219,0.1,1,69094,68666,428
2071061,6.81408,0.0258562,436,1121280,0.0786437,0.16,1,69102,68666,436
2073981,2.96282,8.00517,428,1122740,0.0397287,0.16,1,69104,68676,428
2076261,6.99256,1.60103,436,1124200,0.0719457,0.16,1,69112,68676,436
2079181,2.99851,8.32021,428,1125660,0.0703891,0.16,1,69114,68686,428
2082101,2.1997,1.66404,430,1127120,0.0620778,0.16,1,69116,68686,430
2084581,2.03994,0.332808,432,1128580,0.0924156,0.09,1,69118,68686,432
2087501,2.00799,4.86656,428,1130040,0.0984831,0.09,1,69120,68692,428
2089781,6.0016,0.973312,435,1131500,0.107697,0.09,1,69127,68692,435
2092701,2.80032,11.3947,423,1132960,0.0695393,0.09,1,69129,68706,423
2095621,2.16006,2.27893,425,1134420,0.0299079,0.09,1,69131,68706,425
2098541,2.03201,0.455786,427,1135880,0.149982,0.09,1,69133,68706,427
2101461,2.0064,0.0911573,429,1137340,0.141996,0.09,1,69135,68706,429
2103301,4.40128,0.0182315,434,1138800,0.0843993,0,1,69140,68706,434
2106221,2.48026,8.00365,426,1140260,0.0328799,0,1,69142,68716,426
2109141,2.09605,1.60073,428,1141720,0.00657597,0,1,69144,68716,428
2112061,2.01921,0.320146,430,1143180,0.00131519,0,1,69146,68716,430
2114981,2.00384,0.0640292,432,1144640,0.000263039,0,1,69148,68716,432
2116821,1.20077,0.0128058,433,1146100,5.26077e-05,0.13,1,69149,68716,433
2118481,1.04015,5.60256,427,1147560,1.05215e-05,0.13,1,69150,68723,427
2121401,5.80803,10.7205,422,1149020,0.136002,0.13,1,69157,68735,422
2124321,2.76161,2.1441,424,1150480,0.2192,0.13,1,69159,68735,424
2127241,2.15232,0.42882,426,1151940,0.20384,0.13,1,69161,68735,426
2129921,2.03046,0.0857641,428,1153400,0.160768,0.1,1,69163,68735,428
2132841,103.606,106.417,424,1154860,0.216154,0.1,1,69292,68868,424
2135121,22.3212,21.2834,426,1156320,0.195231,0.04,1,69294,68868,426
2137201,10.8642,12.2567,424,1157780,0.191046,0.06,1,69302,68878,424
2140121,10.1728,9.65134,425,1159240,0.182209,0.06,1,69312,68887,425
2143041,5.23457,1.93027,429,1160700,0.132442,0.06,1,69316,68887,429
2145521,2.64691,0.386053,431,1162160,0.0904884,0.12,1,69318,68887,431
2147601,10.1294,12.0772,428,1163620,0.138098,0.19,1,69330,68902,428
2150521,98.0259,97.6154,429,1165080,0.0436195,0.19,1,69450,69021,429
2152801,21.2052,19.5231,431,1166540,0.136724,0,1,69452,69021,431
2155721,29.041,35.9046,422,1168000,0.0833448,0,1,69483,69061,422
2158641,7.40821,7.18092,424,1169460,0.032669,0,1,69485,69061,424
2161561,3.08164,1.43618,426,1170920,0.00653379,0,1,69487,69061,426
2164481,2.21633,0.287237,428,1172380,0.00130676,0,1,69489,69061,428
2167361,2.04327,0.0574474,430,1173840,0.000261352,0,1,69491,69061,430
2170281,2.00865,8.01149,422,1175300,5.22703e-05,0,1,69493,69071,422
2173201,2.00173,1.6023,424,1176760,1.04541e-05,0,1,69495,69071,424
2176121,2.00035,0.32046,426,1178220,2.09081e-06,0,1,69497,69071,426
2179041,2.00007,0.0640919,428,1179680,4.18162e-07,0,1,69499,69071,428
2180881,1.20001,0.0128184,429,1181140,8.36325e-08,0.16,1,69500,69071,429
2183801,5.84,9.60256,424,1182600,0.144,0.16,1,69507,69083,424
2186721,4.368,1.92051,428,1184060,0.1808,0.16,1,69511,69083,428
2189621,4.0736,0.384103,432,1185520,0.12416,0.04,1,69515,69083,432
2191701,4.81472,4.87682,431,1186980,0.096832,0.13,1,69520,69089,431
2194621,2.56294,8.97536,423,1188440,0.107366,0.13,1,69522,69099,423
2197541,2.11259,1.79507,425,1189900,0.0774733,0.13,1,69524,69099,425
2199601,2.02252,0.359015,427,1191360,0.143495,0.05,1,69526,69099,427
2201681,2.0045,3.2718,425,1192820,0.124699,0.11,1,69528,69103,425
2204601,8.4009,6.25436,428,1194280,0.12094,0.11,1,69538,69110,428
2206261,5.68018,1.25087,433,1195740,0.040188,0.14,1,69543,69110,433
2209181,2.73604,9.05017,424,1197200,0.00803759,0.14,1,69545,69121,424
2212101,2.14721,1.81003,426,1198660,0.00160752,0.14,1,69547,69121,426
2215021,2.02944,0.362007,428,1200120,0.0163215,0.14,1,69549,69121,428
2217941,2.00589,0.0724014,430,1201580,0.0352643,0.14,1,69551,69121,430
2219781,1.20118,0.0144803,431,1203040,0.0230529,0.06,1,69552,69121,431
2221861,9.04024,6.4029,434,1204500,0.124611,0.02,1,69563,69129,434
2224781,3.40805,11.6806,423,1205960,0.104922,0.02,1,69565,69142,423
2227701,2.28161,2.33612,425,1207420,0.124984,0.02,1,69567,69142,425
2230621,2.05632,0.467223,427,1208880,0.0969969,0.02,1,69569,69142,427
2233541,2.01126,0.0934446,429,1210340,0.0673994,0.02,1,69571,69142,429
2235381,4.40225,0.0186889,434,1211800,0.0134799,0,1,69576,69142,434
2238301,2.48045,4.80374,430,1213260,0.034696,0,1,69578,69148,430
2241221,2.09609,0.960748,432,1214720,0.00693919,0,1,69580,69148,432
2243701,2.01922,0.192149,434,1216180,0.00138784,0.2,1,69582,69148,434
2246621,2.00384,10.4384,423,1217640,0.000277568,0.2,1,69584,69161,423
2249541,2.00077,2.08769,425,1219100,0.0640555,0.2,1,69586,69161,425
2252461,2.00015,0.417537,427,1220560,0.0448111,0.2,1,69588,69161,427
2254721,2.00003,0.0835074,429,1222020,0.00896222,0.14,1,69590,69161,429
2257641,4.40001,9.6167,422,1223480,0.00179244,0.14,1,69595,69173,422
2260561,2.48,1.92334,424,1224940,0.128358,0.14,1,69597,69173,424
2262421,102.096,0.384668,551,1226400,0.0256717,0.08,1,69724,69173,551
2265341,23.6192,101.677,428,1227860,0.213134,0.08,1,69728,69300,428
2267621,8.72384,20.3354,433,1229320,0.170627,0.08,1,69733,69300,433
2269701,8.94477,10.4671,434,1230780,0.146125,0.08,1,69742,69308,434
2272621,3.38895,10.8934,425,1232240,0.181225,0.08,1,69744,69319,425
2275541,2.27779,2.17868,427,1233700,0.156245,0.08,1,69746,69319,427
2278021,13.2556,0.435737,443,1235160,0.183249,0.11,1,69762,69319,443
2280101,97.8511,14.4871,544,1236620,0.14865,0.15,1,69881,69337,544
2283021,21.1702,97.2974,428,1238080,0.10973,0.15,1,69883,69455,428
2285301,29.834,19.4595,460,1239540,0.117946,0,1,69915,69455,460
2288221,7.56681,35.0919,423,1241000,0.0875892,0,1,69917,69494,423
2291141,3.11336,7.01838,425,1242460,0.0735178,0,1,69919,69494,425
2294061,2.22267,1.40368,427,1243920,0.0387036,0,1,69921,69494,427
2296981,2.04453,0.280735,429,1245380,0.00774071,0,1,69923,69494,429
2299901,2.00891,0.056147,431,1246840,0.00154814,0,1,69925,69494,431
2301941,2.00178,0.0112294,433,1248300,0.000309628,0,1,69927,69494,433
2304861,2.00036,3.20225,431,1249760,6.19257e-05,0,1,69929,69498,431
2306721,1.20007,0.640449,432,1251220,1.23851e-05,0.18,1,69930,69498,432
2309641,1.84001,7.32809,425,1252680,2.47703e-06,0.18,1,69932,69507,425
2311921,1.968,1.46562,427,1254140,4.95405e-07,0.13,1,69934,69507,427
2314841,5.1936,5.89312,426,1255600,0.0800001,0.13,1,69940,69514,426
2317121,2.63872,1.17862,428,1257060,0.064,0.16,1,69942,69514,428
2320041,5.32774,9.83573,422,1258520,0.0768,0.16,1,69948,69526,422
2322961,2.66555,1.96714,424,1259980,0.04736,0.16,1,69950,69526,424
2325881,2.13311,0.393429,426,1261440,0.057472,0.16,1,69952,69526,426
2328561,2.02662,0.0786858,428,1262900,0.0274944,0.14,1,69954,69526,428
2331481,4.40532,8.81574,422,1264360,0.0214989,0.14,1,69959,69537,422
2334181,6.48106,1.76315,429,1265820,0.0842998,0,1,69966,69537,429
2336881,4.49621,5.95263,426,1267280,0.03286,0.04,1,69970,69544,426
2339801,5.69924,6.79053,425,1268740,0.054572,0.04,1,69976,69551,425
2342721,2.73985,1.35811,427,1270200,0.0829144,0.04,1,69978,69551,427
2345201,2.14797,0.271621,429,1271660,0.0645829,0.18,1,69980,69551,429
2348121,2.02959,4.05432,426,1273120,0.100917,0.18,1,69982,69556,426
2350401,2.00592,0.810865,428,1274580,0.0841833,0.15,1,69984,69556,428
2353321,3.60118,8.16217,422,1276040,0.0168367,0.15,1,69988,69566,422
2355601,2.32024,1.63243,424,1277500,0.115367,0,1,69990,69566,424
2358521,5.26405,6.72649,422,1278960,0.0390735,0,1,69996,69574,422
2361441,2.65281,1.3453,424,1280420,0.135815,0,1,69998,69574,424
2363921,2.13056,0.269059,426,1281880,0.123163,0.1,1,70000,69574,426
2366841,6.02611,8.85381,422,1283340,0.0246326,0.1,1,70007,69585,422
2369761,2.80522,1.77076,424,1284800,0.0689265,0.1,1,70009,69585,424
2372681,2.16104,0.354152,426,1286260,0.0537853,0.1,1,70011,69585,426
2375601,2.03221,0.0708305,428,1287720,0.0907571,0.1,1,70013,69585,428
2377441,1.20644,0.0141661,429,1289180,0.0821514,0,1,70014,69585,429
2380361,1.84129,7.20283,422,1290640,0.0484303,0,1,70016,69594,422
2383281,1.96826,1.44057,424,1292100,0.00968606,0,1,70018,69594,424
2385761,1.99365,0.288113,426,1293560,0.0179372,0.1,1,70020,69594,426
2388681,1.99873,4.85762,422,1295020,0.00358744,0.1,1,70022,69600,422
2390961,1.99975,0.971525,424,1296480,0.0327175,0.1,1,70024,69600,424
2393881,113.2,108.994,429,1297940,0.118543,0.1,1,70165,69736,429
2396801,24.24,21.7989,431,1299400,0.103709,0.1,1,70167,69736,431
2399701,12.048,4.35977,440,1300860,0.148742,0.2,1,70176,69736,440
2402621,4.0096,10.472,430,1302320,0.125748,0.2,1,70178,69748,430
2405541,2.40192,2.09439,432,1303780,0.0891497,0.2,1,70180,69748,432
2408021,12.4804,0.418878,447,1305240,0.0818299,0.15,1,70195,69748,447
2410101,100.096,15.2838,550,1306700,0.144366,0.15,1,70317,69767,550
2413021,21.6192,103.057,427,1308160,0.124873,0.15,1,70319,69892,427
2415301,25.9238,20.6113,454,1309620,0.0969746,0,1,70346,69892,454
2418221,6.78477,30.5223,423,1311080,0.155395,0,1,70348,69925,423
2421141,2.95695,6.10445,425,1312540,0.135079,0,1,70350,69925,425
2424061,2.19139,1.22089,427,1314000,0.107016,0,1,70352,69925,427
2426981,2.03828,0.244178,429,1315460,0.0694032,0,1,70354,69925,429
2428821,1.20766,0.0488356,430,1316920,0.0458806,0,1,70355,69925,430
2431741,1.84153,5.60977,425,1318380,0.00917613,0,1,70357,69932,425
2434661,1.96831,1.12195,427,1319840,0.00183523,0,1,70359,69932,427
2437581,1.99366,0.224391,429,1321300,0.000367045,0,1,70361,69932,429
2439221,1.19873,0.0448781,430,1322760,0.0800734,0.1,1,70362,69932,430
2442141,1.83975,6.40898,424,1324220,0.0640147,0.1,1,70364,69940,424
2444421,2.76795,1.2818,427,1325680,0.0368029,0.12,1,70367,69940,427
2447341,2.15359,5.05636,423,1327140,0.00736059,0.12,1,70369,69946,423
2449621,6.03072,1.01127,430,1328600,0.129472,0.02,1,70376,69946,430
2452541,2.80614,6.60225,424,1330060,0.121894,0.02,1,70378,69954,424
2455461,2.16123,1.32045,426,1331520,0.144379,0.02,1,70380,69954,426
2457941,5.23225,0.26409,432,1332980,0.100876,0.11,1,70386,69954,432
2460861,2.64645,8.85282,423,1334440,0.0601752,0.11,1,70388,69965,423
2463141,5.32929,1.77056,429,1335900,0.060035,0,1,70394,69965,429
2466061,2.66586,5.15411,425,1337360,0.116007,0,1,70396,69971,425
2467921,1.33317,1.03082,426,1338820,0.111201,0.04,1,70397,69971,426
2470841,9.06663,12.2062,422,1340280,0.0702403,0.04,1,70408,69986,422
2473761,3.41333,2.44123,424,1341740,0.0860481,0.04,1,70410,69986,424
2476681,2.28267,0.488247,426,1343200,0.0652096,0.04,1,70412,69986,426
2479601,2.05653,0.0976493,428,1344660,0.0290419,0.04,1,70414,69986,428
2481441,1.21131,0.0195299,429,1346120,0.00580838,0.16,1,70415,69986,429
2484361,4.24226,9.60391,422,1347580,0.0891617,0.16,1,70420,69998,422
2487281,2.44845,1.92078,424,1349040,0.0738323,0.16,1,70422,69998,424
2490181,2.08969,0.384156,426,1350500,0.0467665,0.1,1,70424,69998,426
2493101,2.01794,2.47683,425,1351960,0.00935329,0.1,1,70426,70001,425
2494961,1.20359,0.495366,426,1353420,0.145871,0.08,1,70427,70001,426
2497041,3.44072,6.49907,422,1354880,0.109174,0.08,1,70431,70009,422
2499961,6.28814,5.29981,424,1356340,0.229835,0.08,1,70438,70014,424
2502881,2.85763,1.05996,426,1357800,0.221967,0.08,1,70440,70014,426
2505801,2.17153,0.211993,428,1359260,0.188393,0.08,1,70442,70014,428
2507861,8.43431,0.0423985,438,1360720,0.149679,0.06,1,70452,70014,438
2510781,4.88686,12.8085,426,1362180,0.0779357,0.06,1,70456,70030,426
2513701,4.17737,2.5617,430,1363640,0.135587,0.06,1,70460,70030,430
2516621,3.23547,0.512339,433,1365100,0.107117,0.06,1,70463,70030,433
2519541,2.24709,0.102468,435,1366560,0.0694235,0.06,1,70465,70030,435
2522001,2.04942,0.0204936,437,1368020,0.0298847,0.2,1,70467,70030,437
2524921,103.61,115.204,422,1369480,0.125977,0.2,1,70596,70174,422
2527201,22.322,23.0408,424,1370940,0.113195,0.21,1,70598,70174,424
2530121,14.8644,15.8082,423,1372400,0.0786391,0.21,1,70611,70188,423
2533041,4.57288,3.16163,425,1373860,0.0477278,0.21,1,70613,70188,425
2535961,2.51458,0.632326,427,1375320,0.0655456,0.21,1,70615,70188,427
2538021,12.5029,0.126465,442,1376780,0.0611091,0.22,1,70630,70188,442
2540101,104.901,8.82529,559,1378240,0.0922218,0.22,1,70758,70199,559
2543021,22.5801,106.565,430,1379700,0.0664444,0.22,1,70760,70330,430
2545301,14.116,21.313,442,1381160,0.181289,0.11,1,70772,70330,442
2548221,4.4232,21.0626,423,1382620,0.180258,0.11,1,70774,70351,423
2551141,2.48464,4.21252,425,1384080,0.148052,0.11,1,70776,70351,425
2553621,2.09693,0.842504,427,1385540,0.10961,0.06,1,70778,70351,427
2555701,5.21939,2.5685,430,1387000,0.0539221,0.08,1,70784,70354,430
2558621,2.64388,7.7137,423,1388460,0.0107844,0.08,1,70786,70363,423
2561541,2.12878,1.54274,425,1389920,0.154157,0.08,1,70788,70363,425
2564461,2.02576,0.308548,427,1391380,0.150831,0.08,1,70790,70363,427
2567381,2.00515,0.0617096,429,1392840,0.118166,0.08,1,70792,70363,429
2569841,2.00103,0.0123419,431,1394300,0.0876333,0.02,1,70794,70363,431
2572761,2.00021,4.00247,428,1395760,0.0495266,0.02,1,70796,70368,428
2575041,2.00004,0.800494,430,1397220,0.00990533,0.18,1,70798,70368,430
2577961,2.00001,5.7601,425,1398680,0.0499811,0.18,1,70800,70375,425
2579621,6.8,1.15202,433,1400140,0.153996,0.11,1,70808,70375,433
2582541,2.96,8.2304,425,1401600,0.142799,0.11,1,70810,70385,425
2585461,2.192,1.64608,427,1403060,0.10856,0.11,1,70812,70385,427
2587941,4.4384,0.329216,432,1404520,0.069712,0.13,1,70817,70385,432
2590861,2.48768,8.86584,423,1405980,0.0299424,0.13,1,70819,70396,423
2593761,2.09754,1.77317,425,1407440,0.00598848,0.06,1,70821,70396,425
2596681,10.8195,9.95463,426,1408900,0.0651977,0.06,1,70834,70408,426
2598961,3.7639,1.99093,428,1410360,0.0450395,0.1,1,70836,70408,428
2601881,2.35278,6.79819,422,1411820,0.0650079,0.1,1,70838,70416,422
2604801,2.07056,1.35964,424,1413280,0.0850016,0.1,1,70840,70416,424
2607721,2.01411,0.271927,426,1414740,0.0570003,0.1,1,70842,70416,426
2610641,2.00282,0.0543855,428,1416200,0.0274001,0.1,1,70844,70416,428
2612481,1.20056,0.0108771,429,1417660,0.00548001,0.06,1,70845,70416,429
2615401,5.04011,5.60218,428,1419120,0.105096,0.06,1,70851,70423,428
2617681,3.40802,1.12043,431,1420580,0.173019,0.26,1,70854,70423,431
2620601,7.8816,12.2241,425,1422040,0.0826038,0.26,1,70863,70438,425
2623521,3.17632,2.44482,427,1423500,0.112521,0.26,1,70865,70438,427
2626441,2.23526,0.488963,429,1424960,0.134504,0.26,1,70867,70438,429
2628081,1.24705,0.0977927,430,1426420,0.242901,0.22,1,70868,70438,430
2631001,5.04941,8.01956,426,1427880,0.27258,0.22,1,70874,70448,426
2633921,2.60988,1.60391,428,1429340,0.270516,0.22,1,70876,70448,428
2636401,2.12198,0.320782,430,1430800,0.238103,0.1,1,70878,70448,430
2639321,6.0244,12.0642,422,1432260,0.199621,0.1,1,70885,70463,422
2642241,2.80488,2.41283,424,1433720,0.159924,0.1,1,70887,70463,424
2644721,2.16098,0.482566,426,1435180,0.119985,0.02,1,70889,70463,426
2647641,2.0322,3.29651,424,1436640,0.087997,0.02,1,70891,70467,424
2649921,2.00644,0.659303,426,1438100,0.0495994,0.18,1,70893,70467,426
2652841,6.80129,9.73186,422,1439560,0.0739199,0.18,1,70901,70479,422
2654501,101.36,1.94637,547,1441020,0.142784,0.14,1,71026,70479,547
2657421,21.8721,100.389,424,1442480,0.124557,0.14,1,71028,70604,424
2659701,13.9744,20.0779,436,1443940,0.0249114,0.09,1,71040,70604,436
2662621,4.39488,12.0156,428,1445400,0.00498227,0.09,1,71042,70614,428
2664901,2.47898,2.40311,430,1446860,0.000996454,0.17,1,71044,70614,430
2666561,1.2958,6.08062,424,1448320,0.000199291,0.05,1,71045,70621,424
2668641,9.05916,10.8161,423,1449780,0.10404,0.26,1,71056,70633,423
2671561,112.212,110.963,425,1451240,0.180808,0.26,1,71194,70769,425
2673841,24.0424,22.1926,427,1452700,0.172162,0.12,1,71196,70769,427
2676761,11.2085,10.8385,427,1454160,0.106432,0.12,1,71204,70777,427
2679681,3.84169,2.16771,429,1455620,0.0532865,0.12,1,71206,70777,429
2682161,2.36834,0.433541,431,1457080,0.154657,0.19,1,71208,70777,431
2685081,2.07367,8.88671,422,1458540,0.150931,0.19,1,71210,70788,422
2688001,2.01473,1.77734,424,1460000,0.126186,0.19,1,71212,70788,424
2690901,5.20295,0.355468,430,1461460,0.137237,0.02,1,71218,70788,430
2693821,2.64059,7.27109,423,1462920,0.203447,0.02,1,71220,70797,423
2696741,2.12812,1.45422,425,1464380,0.18469,0.02,1,71222,70797,425
2699661,2.02562,0.290844,427,1465840,0.156938,0.02,1,71224,70797,427
2702581,2.00512,0.0581687,429,1467300,0.207388,0.02,1,71226,70797,429
2704421,1.20102,0.0116337,430,1468760,0.209478,0,1,71227,70797,430
2707341,1.8402,4.80233,426,1470220,0.177896,0,1,71229,70803,426
2709621,3.56804,0.960465,430,1471680,0.155579,0.1,1,71233,70803,430
2712541,2.31361,7.39209,423,1473140,0.119116,0.1,1,71235,70812,423
2714821,6.86272,1.47842,431,1474600,0.135823,0,1,71243,70812,431
2717741,2.97254,6.69568,425,1476060,0.107165,0,1,71245,70820,425
2720661,2.19451,1.33914,427,1477520,0.0694329,0,1,71247,70820,427
2723141,5.2389,0.267827,433,1478980,0.0458866,0.06,1,71253,70820,433
2724801,1.84778,7.25357,425,1480440,0.0251773,0.07,1,71254,70829,425
2727721,6.76956,8.65071,424,1481900,0.141035,0.07,1,71262,70838,424
2730001,3.75391,1.73014,427,1483360,0.172207,0.04,1,71265,70838,427
2732921,4.75078,4.34603,427,1484820,0.106441,0.04,1,71270,70843,427
2735841,2.55016,0.869206,429,1486280,0.0692883,0.04,1,71272,70843,429
2738321,2.11003,0.173841,431,1487740,0.0698577,0.13,1,71274,70843,431
2741241,10.022,11.2348,429,1489200,0.109972,0.13,1,71286,70857,429
2744161,3.6044,2.24695,431,1490660,0.133994,0.13,1,71288,70857,431
2747081,2.32088,0.449391,433,1492120,0.154799,0.13,1,71290,70857,433
2748721,1.26418,0.0898781,434,1493580,0.14296,0.13,1,71291,70857,434
2750801,6.65284,5.61798,435,1495040,0.172592,0.28,1,71299,70864,435
2753721,2.93057,9.1236,427,1496500,0.202518,0.28,1,71301,70874,427
2756641,2.18611,1.82472,429,1497960,0.160504,0.28,1,71303,70874,429
2759121,2.03722,0.364944,431,1499420,0.168101,0.19,1,71305,70874,431
2762041,5.20744,8.87299,426,1500880,0.25762,0.19,1,71311,70885,426
2764961,2.64149,1.7746,428,1502340,0.251524,0.19,1,71313,70885,428
2767441,2.1283,0.35492,430,1503800,0.218305,0.15,1,71315,70885,430
2770361,3.62566,9.67098,422,1505260,0.203661,0.15,1,71319,70897,422
2773281,2.32513,1.9342,424,1506720,0.168732,0.15,1,71321,70897,424
2776201,2.06503,0.386839,426,1508180,0.137746,0.15,1,71323,70897,426
2779121,2.01301,0.0773679,428,1509640,0.0995493,0.15,1,71325,70897,428
2780961,1.2026,0.0154736,429,1511100,0.0759099,0.16,1,71326,70897,429
2783041,5.84052,9.6031,424,1512560,0.175182,0.06,1,71333,70909,424
2785961,102.768,103.521,424,1514020,0.0350364,0.06,1,71460,71036,424
2788241,23.7536,20.7041,428,1515480,0.199007,0,1,71464,71036,428
2790321,11.9507,8.14082,432,1516940,0.0878015,0.27,1,71473,71041,432
2793241,3.99014,5.62816,429,1518400,0.0335603,0.27,1,71475,71046,429
2796161,2.39803,1.12563,431,1519860,0.0547121,0.27,1,71477,71046,431
2799061,10.0796,0.225127,443,1521320,0.0109424,0.2,1,71489,71046,443
2801141,114.016,8.84503,572,1522780,0.00218848,0.09,1,71629,71057,572
2804061,24.4032,119.369,427,1524240,0.000437696,0.09,1,71631,71204,427
2806341,6.48064,23.8738,429,1525700,0.176088,0.2,1,71633,71204,429
2809261,2.89613,7.17476,428,1527160,0.235218,0.2,1,71635,71207,428
2811541,6.97923,1.43495,436,1528620,0.199043,0.13,1,71643,71207,436
2814461,2.99585,6.68699,430,1530080,0.167809,0.13,1,71645,71215,430
2817381,2.19917,1.3374,432,1531540,0.129562,0.13,1,71647,71215,432
2819861,2.03983,0.26748,434,1533000,0.137912,0.22,1,71649,71215,434
2821521,1.20797,4.0535,430,1534460,0.243582,0.17,1,71650,71220,430
2824441,1.84159,8.0107,423,1535920,0.240717,0.17,1,71652,71229,423
2827361,1.96832,1.60214,425,1537380,0.208143,0.17,1,71654,71229,425
2830281,1.99366,0.320428,427,1538840,0.177629,0.17,1,71656,71229,427
2833201,1.99873,0.0640856,429,1540300,0.131526,0.17,1,71658,71229,429
2835041,1.19975,0.0128171,430,1541760,0.106305,0.05,1,71659,71229,430
2837961,1.83995,7.20256,423,1543220,0.141261,0.05,1,71661,71238,423
2840881,1.96799,1.44051,425,1544680,0.116252,0.05,1,71663,71238,425
2843361,1.9936,0.288103,427,1546140,0.22325,0.1,1,71665,71238,427
2846281,9.99872,9.65762,427,1547600,0.19665,0.1,1,71677,71250,427
2849201,3.59974,1.93152,429,1549060,0.16733,0.1,1,71679,71250,429
2851681,2.31995,0.386305,431,1550520,0.129466,0.17,1,71681,71250,431
2854601,5.26399,9.67726,425,1551980,0.177893,0.17,1,71687,71262,425
2857301,7.4528,1.93545,433,1553440,0.0515786,0.09,1,71695,71262,433
2860221,3.09056,9.18709,424,1554900,0.0583157,0.09,1,71697,71273,424
2863141,2.21811,1.83742,426,1556360,0.0276631,0.09,1,71699,71273,426
2866061,2.04362,0.367484,428,1557820,0.00553263,0.09,1,71701,71273,428
2867701,6.80872,0.0734967,436,1559280,0.0171065,0.04,1,71709,71273,436
2869361,3.76174,7.2147,430,1560740,0.0994213,0.16,1,71712,71282,430
2872281,6.35235,7.84294,429,1562200,0.267884,0.16,1,71719,71290,429
2874561,2.87047,1.56859,431,1563660,0.269577,0.25,1,71721,71290,431
2877481,6.17409,4.31372,433,1565120,0.317915,0.25,1,71728,71295,433
2879761,3.63482,0.862743,436,1566580,0.351583,0.22,1,71731,71295,436
2881841,4.72696,4.17255,436,1568040,0.350317,0.17,1,71736,71300,436
2884761,2.54539,4.83451,433,1569500,0.406063,0.17,1,71738,71305,433
2887041,2.10908,0.966902,435,1570960,0.385213,0.27,1,71740,71305,435
2889961,2.02182,8.99338,426,1572420,0.397043,0.27,1,71742,71316,426
2892881,2.00436,1.79868,428,1573880,0.471408,0.27,1,71744,71316,428
2895801,2.00087,0.359735,430,1575340,0.454282,0.27,1,71746,71316,430
2898481,2.00017,0.071947,432,1576800,0.418856,0.16,1,71748,71316,432
2900561,5.20004,4.01439,433,1578260,0.315771,0.22,1,71754,71321,433
2903481,2.64001,9.60288,424,1579720,0.367154,0.22,1,71756,71332,424
2906401,2.128,1.92058,426,1581180,0.345431,0.22,1,71758,71332,426
2909321,2.0256,0.384115,428,1582640,0.301086,0.22,1,71760,71332,428
2912001,2.00512,0.076823,430,1584100,0.260217,0.14,1,71762,71332,430
2914081,2.00102,3.21536,428,1585560,0.380043,0.16,1,71764,71336,428
2917001,102.8,106.243,424,1587020,0.124009,0.16,1,71892,71468,424
2919281,22.16,21.2486,426,1588480,0.0408017,0.16,1,71894,71468,426
2922201,10.032,13.0497,422,1589940,0.12016,0.16,1,71901,71479,422
2925121,3.6064,2.60994,424,1591400,0.104032,0.16,1,71903,71479,424
2928021,20.7213,0.521989,449,1592860,0.0768064,0.04,1,71928,71479,449
2929681,4.94426,14.5044,432,1594320,0.0553613,0.2,1,71929,71497,432
2932601,112.189,116.501,429,1595780,0.0110723,0.2,1,72068,71639,429
2935521,24.0378,23.3002,431,1597240,0.00221445,0.2,1,72070,71639,431
2938441,6.40755,4.66003,433,1598700,0.00044289,0.2,1,72072,71639,433
2940081,2.08151,0.932007,434,1600160,8.8578e-05,0.2,1,72073,71639,434
2943001,5.2163,12.1864,425,1601620,0.0640177,0.2,1,72079,71654,425
2945921,2.64326,2.43728,427,1603080,0.0448035,0.2,1,72081,71654,427
2948841,2.12865,0.487456,429,1604540,0.0969607,0.2,1,72083,71654,429
2951761,2.02573,0.0974912,431,1606000,0.0833921,0.2,1,72085,71654,431
2954641,2.00515,0.0194982,433,1607460,0.0486784,0.13,1,72087,71654,433
2957561,2.00103,6.4039,427,1608920,0.00973568,0.13,1,72089,71662,427
2960481,2.00021,1.28078,429,1610380,0.00194714,0.13,1,72091,71662,429
2963401,2.00004,0.256156,431,1611840,0.176389,0.13,1,72093,71662,431
2966321,2.00001,0.0512312,433,1613300,0.179278,0.13,1,72095,71662,433
2968161,1.2,0.0102462,434,1614760,0.155856,0.12,1,72096,71662,434
2971081,1.84,7.20205,427,1616220,0.119171,0.12,1,72098,71671,427
2974001,1.968,1.44041,429,1617680,0.0878342,0.12,1,72100,71671,429
2975861,10.7936,0.288082,442,1619140,0.153567,0.08,1,72113,71671,442
2978781,3.75872,16.8576,423,1620600,0.198713,0.08,1,72115,71692,423
2981701,2.35174,3.37152,425,1622060,0.175743,0.08,1,72117,71692,425
2984621,2.07035,0.674305,427,1623520,0.139149,0.08,1,72119,71692,427
2986261,2.81407,0.134861,430,1624980,0.0838297,0,1,72122,71692,430
2989181,2.16281,7.22697,423,1626440,0.0487659,0,1,72124,71701,423
2992101,2.03256,1.44539,425,1627900,0.161753,0,1,72126,71701,425
2994161,2.00651,0.289079,427,1629360,0.160351,0.13,1,72128,71701,427
2996241,8.4013,1.65782,435,1630820,0.0800701,0.29,1,72138,71703,435
2999161,16.0803,13.9316,436,1632280,0.208014,0.29,1,72156,71720,436
3002081,4.81605,2.78631,438,1633740,0.257603,0.29,1,72158,71720,438
3003941,6.56321,0.557262,445,1635200,0.371521,0.31,1,72165,71720,445
3005601,3.71264,4.91145,442,1636660,0.346304,0.38,1,72168,71726,442
3008521,6.34253,6.58229,442,1638120,0.341261,0.38,1,72175,71733,442
3010801,3.66851,1.31646,445,1639580,0.340252,0.49,1,72178,71733,445
3013721,2.3337,9.06329,436,1641040,0.35605,0.49,1,72180,71744,436
3016641,2.06674,1.81266,438,1642500,0.41521,0.49,1,72182,71744,438
3019561,2.01335,0.362532,440,1643960,0.467042,0.49,1,72184,71744,440
3021621,2.00267,0.0725063,442,1645420,0.445408,0.32,1,72186,71744,442
3024541,2.00053,6.4145,436,1646880,0.481082,0.32,1,72188,71752,436
3027461,2.00011,1.2829,438,1648340,0.456216,0.32,1,72190,71752,438
3029521,2.00002,0.25658,440,1649800,0.419243,0.27,1,72192,71752,440
3032441,5.2,7.25132,437,1651260,0.443849,0.27,1,72198,71761,437
3035361,2.64,1.45026,439,1652720,0.42477,0.27,1,72200,71761,439
3038281,2.128,0.290053,441,1654180,0.388954,0.27,1,72202,71761,441
3039921,1.2256,0.0580105,442,1655640,0.357791,0.32,1,72203,71761,442
3042841,1.84512,6.4116,436,1657100,0.447558,0.32,1,72205,71769,436
3045121,1.96902,1.28232,438,1658560,0.433512,0.12,1,72207,71769,438
3048041,93.9938,106.656,422,1660020,0.390702,0.12,1,72324,71902,422
3050961,20.3988,21.3313,424,1661480,0.35014,0.12,1,72326,71902,424
3053861,15.2798,4.26626,438,1662940,0.262028,0.06,1,72340,71902,438
3055521,3.85595,10.4533,427,1664400,0.228406,0.12,1,72341,71914,427
3058441,19.9712,23.6907,424,1665860,0.181681,0.12,1,72365,71941,424
3060721,5.59424,4.73813,426,1667320,0.188336,0.04,1,72367,71941,426
3063641,111.519,112.948,424,1668780,0.0856672,0.04,1,72505,72081,424
3066561,25.5038,22.5895,428,1670240,0.0811335,0.04,1,72509,72081,428
3069481,6.70075,4.5179,430,1671700,0.0482267,0.04,1,72511,72081,430
3072401,2.94015,0.903581,432,1673160,0.0496453,0.04,1,72513,72081,432
3074661,2.18803,0.180716,434,1674620,0.0259291,0,1,72515,72081,434
3077581,2.03761,8.03614,426,1676080,0.00518581,0,1,72517,72091,426
3080501,2.00752,1.60723,428,1677540,0.00103716,0,1,72519,72091,428
3083421,2.0015,0.321446,430,1679000,0.000207433,0,1,72521,72091,430
3086341,2.0003,0.0642891,432,1680460,4.14865e-05,0,1,72523,72091,432
3089221,2.00006,0.0128578,434,1681920,0.0800083,0.11,1,72525,72091,434
3092141,2.00001,5.60257,429,1683380,0.184002,0.11,1,72527,72098,429
3095061,2,1.12051,431,1684840,0.1728,0.11,1,72529,72098,431
3097981,2,0.224103,433,1686300,0.14656,0.11,1,72531,72098,433
3100661,2,0.0448206,435,1687760,0.109312,0.19,1,72533,72098,435
3103581,2,4.80896,431,1689220,0.0698624,0.19,1,72535,72104,431
3105861,9.2,0.961793,442,1690680,0.125972,0.13,1,72546,72104,442
3108781,3.44,12.1924,429,1692140,0.105194,0.13,1,72548,72119,429
3111701,2.288,2.43847,431,1693600,0.189039,0.13,1,72550,72119,431
3114181,2.0576,0.487694,433,1695060,0.173808,0.21,1,72552,72119,433
3117101,2.01152,9.69754,423,1696520,0.146762,0.21,1,72554,72131,423
3120021,2.0023,1.93951,425,1697980,0.229352,0.21,1,72556,72131,425
3122941,2.00046,0.387902,427,1699440,0.21387,0.21,1,72558,72131,427
3125201,2.00009,0.0775803,429,1700900,0.178774,0.21,1,72560,72131,429
3127281,20.4,13.6155,437,1702360,0.331755,0.38,1,72585,72148,437
3130201,15.28,12.3231,439,1703820,0.426351,0.38,1,72599,72160,439
3132481,5.456,2.46462,442,1705280,0.44527,0.43,1,72602,72160,442
3135401,9.0912,8.49292,442,1706740,0.505054,0.43,1,72612,72170,442
3138101,8.21824,1.69858,450,1708200,0.589011,0.38,1,72620,72170,450
3140181,5.64365,5.13972,449,1709660,0.573802,0.44,1,72625,72176,449
3143101,2.72873,9.02794,441,1711120,0.58676,0.44,1,72627,72186,441
3146021,2.14575,1.80559,443,1712580,0.557352,0.44,1,72629,72186,443
3148941,2.02915,0.361118,445,1714040,0.59147,0.44,1,72631,72186,445
3151621,2.00583,0.0722235,447,1715500,0.590294,0.38,1,72633,72186,447
3154541,2.00117,6.41444,441,1716960,0.606059,0.38,1,72635,72194,441
3157461,2.00023,1.28289,443,1718420,0.585212,0.38,1,72637,72194,443
3160381,2.00005,0.256578,445,1719880,0.549042,0.38,1,72639,72194,445
3162021,4.40001,0.0513155,450,1721340,0.613808,0.38,1,72644,72194,450
3164941,2.48,6.41026,444,1722800,0.602762,0.38,1,72646,72202,444
3167221,2.096,1.28205,446,1724260,0.568552,0.46,1,72648,72202,446
3170141,2.0192,3.45641,444,1725720,0.52971,0.46,1,72650,72206,444
3173041,2.00384,0.691282,446,1727180,0.609942,0.49,1,72652,72206,446
3175961,2.00077,4.93826,442,1728640,0.593988,0.49,1,72654,72212,442
3177621,88.4002,0.987651,552,1730100,0.502798,0.37,1,72764,72212,552
3180541,19.28,97.7975,432,1731560,0.57256,0.37,1,72766,72334,432
3182821,5.45601,19.5595,434,1733020,0.554512,0.22,1,72768,72334,434
3184481,1.8912,9.5119,428,1734480,0.526902,0.18,1,72769,72341,428
3186561,9.17824,6.70238,433,1735940,0.48138,0.25,1,72780,72347,433
3189481,26.6356,26.1405,433,1737400,0.584276,0.25,1,72811,72378,433
3191761,6.92713,5.2281,435,1738860,0.572855,0.02,1,72813,72378,435
3194681,104.585,110.646,427,1740320,0.642571,0.02,1,72942,72515,427
3197601,22.5171,22.1291,429,1741780,0.624514,0.02,1,72944,72515,429
3200521,6.10342,4.42582,431,1743240,0.588903,0.02,1,72946,72515,431
3203201,2.82068,0.885165,433,1744700,0.549781,0.17,1,72948,72515,433
3206121,2.96414,11.377,422,1746160,0.493956,0.17,1,72951,72529,422
3209041,2.19283,2.27541,424,1747620,0.466791,0.17,1,72953,72529,424
3211961,2.03857,0.455081,426,1749080,0.429358,0.17,1,72955,72529,426
3214881,2.00771,0.0910162,428,1750540,0.389872,0.17,1,72957,72529,428
3217801,2.00154,0.0182032,430,1752000,0.437974,0.17,1,72959,72529,430
3220721,2.00031,0.00364065,432,1753460,0.415595,0.17,1,72961,72529,432
3222961,2.00006,0.00072813,434,1754920,0.379119,0,1,72963,72529,434
3225881,2.00001,7.20015,427,1756380,0.339824,0,1,72965,72538,427
3228801,2,1.44003,429,1757840,0.307965,0,1,72967,72538,429
3231721,2,0.288006,431,1759300,0.269593,0,1,72969,72538,431
3234401,2,0.0576012,433,1760760,0.477919,0.21,1,72971,72538,433
3237321,7.6,9.61152,430,1762220,0.543584,0.21,1,72980,72550,430
3239601,3.12,1.9223,432,1763680,0.524717,0.17,1,72982,72550,432
3242521,3.824,8.38446,426,1765140,0.464943,0.17,1,72986,72560,426
3245441,2.3648,1.67689,428,1766600,0.476989,0.17,1,72988,72560,428
3248361,2.07296,0.335378,430,1768060,0.447398,0.17,1,72990,72560,430
3251281,2.01459,0.0670757,432,1769520,0.40948,0.17,1,72992,72560,432
3253121,1.20292,0.0134151,433,1770980,0.473896,0.17,1,72993,72560,433
3256041,1.84058,3.20268,431,1772440,0.454779,0.17,1,72995,72564,431
3257701,39.5681,0.640537,480,1773900,0.618956,0.47,1,73044,72564,480
3259781,17.5136,27.3281,458,1775360,0.547791,0.54,1,73056,72598,458
3262701,6.70272,13.4656,452,1776820,0.653558,0.54,1,73060,72608,452
3264981,10.1405,2.69312,463,1778280,0.610712,0.61,1,73071,72608,463
3267061,7.62811,10.1386,458,1779740,0.650142,0.59,1,73078,72620,458
3269981,3.12562,12.4277,447,1781200,0.634028,0.59,1,73080,72633,447
3272901,2.22512,2.48554,449,1782660,0.598806,0.59,1,73082,72633,449
3275821,2.04502,0.497109,451,1784120,0.575761,0.59,1,73084,72633,451
3278741,2.009,0.0994218,453,1785580,0.627152,0.59,1,73086,72633,453
3280581,1.2018,0.0198844,454,1787040,0.62143,0.5,1,73087,72633,454
3283501,1.84036,6.40398,448,1788500,0.588286,0.5,1,73089,72641,448
3286421,1.96807,1.2808,450,1789960,0.549657,0.5,1,73091,72641,450
3289341,1.99361,0.256159,452,1791420,0.573931,0.5,1,73093,72641,452
3292021,1.99872,0.0512318,454,1792880,0.626786,0.59,1,73095,72641,454
3294941,1.99974,10.4102,443,1794340,0.605357,0.59,1,73097,72654,443
3297861,1.99995,2.08205,445,1795800,0.569071,0.59,1,73099,72654,445
3300781,1.99999,0.41641,447,1797260,0.553814,0.59,1,73101,72654,447
3303701,2,0.083282,449,1798720,0.526763,0.59,1,73103,72654,449
3305541,4.4,0.0166564,454,1800180,0.681353,0.59,1,73108,72654,454
3307621,85.68,8.00333,550,1801640,0.776271,0.57,2,73214,72664,550
3310541,18.736,89.6007,442,1803100,0.763254,0.57,2,73216,72774,442
3313461,5.3472,17.9201,444,1804560,0.736651,0.57,1,73218,72774,444
3315521,2.66944,3.58403,446,1806020,0.69933,0.41,1,73220,72774,446
3317601,12.5339,7.91681,452,1807480,0.683866,0.54,1,73235,72783,452
3320521,32.1068,33.5834,449,1808940,0.712773,0.54,1,73272,72823,449
3322801,8.02136,6.71667,451,1810400,0.774555,0.45,2,73274,72823,451
3325721,98.4043,110.143,436,1811860,0.786911,0.45,2,73395,72959,436
3328641,21.2809,22.0287,438,1813320,0.765382,0.45,2,73397,72959,438
3331561,5.85617,4.40573,440,1814780,0.729076,0.45,1,73399,72959,440
3334481,2.77123,0.881147,442,1816240,0.689815,0.45,1,73401,72959,442
3337401,2.15425,0.176229,444,1817700,0.729963,0.45,1,73403,72959,444
3340321,2.03085,0.0352459,446,1819160,0.769993,0.45,2,73405,72959,446
3343241,2.00617,0.00704917,448,1820620,0.745999,0.45,1,73407,72959,448
3345681,2.00123,0.00140983,450,1822080,0.7652,0.26,2,73409,72959,450
3348601,2.00025,8.00028,442,1823540,0.73704,0.26,1,73411,72969,442
3351521,2.00005,1.60006,444,1825000,0.739408,0.26,1,73413,72969,444
3354441,2.00001,0.320011,446,1826460,0.707882,0.26,1,73415,72969,446
3357361,2,0.0640022,448,1827920,0.677576,0.26,1,73417,72969,448
3359201,1.2,0.0128004,449,1829380,0.663515,0.52,1,73418,72969,449
3362121,5.04,10.4026,442,1830840,0.756703,0.52,2,73424,72982,442
3365041,2.608,2.08051,444,1832300,0.799341,0.52,2,73426,72982,444
3367521,2.1216,0.416102,446,1833760,0.775868,0.49,2,73428,72982,446
3370441,6.02432,8.88322,442,1835220,0.795174,0.49,2,73435,72993,442
3373361,2.80486,1.77664,444,1836680,0.775035,0.49,2,73437,72993,444
3376281,2.16097,0.355329,446,1838140,0.795007,0.49,2,73439,72993,446
3379201,2.03219,0.0710658,448,1839600,0.759001,0.49,2,73441,72993,448
3382081,2.00644,0.0142131,450,1841060,0.7198,0.49,1,73443,72993,450
3385001,15.6013,13.6028,452,1842520,0.83196,0.49,2,73462,73010,452
3387701,35.9203,2.72057,493,1843980,0.774392,0.65,2,73503,73010,493
3389781,20.7841,31.7441,471,1845440,0.818878,0.69,2,73520,73049,471
3392701,5.75681,20.7488,455,1846900,0.787776,0.69,2,73522,73067,455
3394981,2.75136,4.14976,457,1848360,0.869555,0.56,2,73524,73067,457
3397061,6.95027,5.62995,459,1849820,0.757911,0.61,2,73532,73073,459
3399981,2.99005,7.52599,453,1851280,0.711582,0.61,1,73534,73081,453
3402261,6.99801,1.5052,461,1852740,0.718316,0.58,1,73542,73081,461
3405181,2.9996,9.90104,451,1854200,0.695663,0.58,1,73544,73093,451
3408101,2.19992,1.98021,453,1855660,0.787133,0.58,2,73546,73093,453
3411021,2.03998,0.396042,455,1857120,0.773427,0.58,2,73548,73093,455
3413941,2.008,0.0792083,457,1858580,0.738685,0.58,1,73550,73093,457
3416861,2.0016,0.0158417,459,1860040,0.699737,0.58,1,73552,73093,459
3418901,2.00032,0.00316833,461,1861500,0.659947,0.6,1,73554,73093,461
3421821,2.00006,3.20063,459,1862960,0.755989,0.6,2,73556,73097,459
3424101,2.00001,0.640127,461,1864420,0.743198,0.74,1,73558,73097,461
3427021,2,8.12803,453,1865880,0.70864,0.74,1,73560,73107,453
3429941,2,1.6256,455,1867340,0.757728,0.74,2,73562,73107,455
3432861,2,0.325121,457,1868800,0.767546,0.74,2,73564,73107,457
3435541,10,0.0650242,469,1870260,0.809509,0.64,2,73576,73107,469
3437621,86,11.213,560,1871720,0.785902,0.74,2,73681,73121,560
3440541,18.8,87.8426,455,1873180,0.74918,0.74,1,73683,73228,455
3443461,5.36,17.5685,457,1874640,0.717836,0.74,1,73685,73228,457
3446381,2.672,3.5137,459,1876100,0.799567,0.74,2,73687,73228,459
3448021,6.1344,0.702741,466,1877560,0.711913,0.77,1,73694,73228,466
3450101,36.4269,8.14055,500,1879020,0.686383,0.75,1,73738,73238,500
3453021,10.4854,36.0281,461,1880480,0.697277,0.75,1,73742,73281,461
3455301,92.4971,7.20562,574,1881940,0.787455,0.74,2,73855,73281,574
3458221,20.0994,95.0411,459,1883400,0.773491,0.74,2,73857,73398,459
3460501,7.21988,19.0082,463,1884860,0.714698,0.73,1,73861,73398,463
3463421,3.04398,14.2016,452,1886320,0.67094,0.73,1,73863,73411,452
3466341,2.2088,2.84033,454,1887780,0.638188,0.73,1,73865,73411,454
3469261,2.04176,0.568066,456,1889240,0.663638,0.73,1,73867,73411,456
3472181,2.00835,0.113613,458,1890700,0.756728,0.73,2,73869,73411,458
3475101,2.00167,0.0227226,460,1892160,0.807346,0.73,2,73871,73411,460
3476721,1.20033,0.00454453,461,1893620,0.801469,0.7,2,73872,73411,461
3479641,1.84007,3.20091,459,1895080,0.768294,0.7,2,73874,73415,459
3481921,1.96801,0.640182,461,1896540,0.785659,0.61,2,73876,73415,461
3484841,1.9936,4.12804,458,1898000,0.757132,0.61,2,73878,73420,458
3487761,1.99872,0.825607,460,1899460,0.727426,0.61,1,73880,73420,460
3490241,1.99974,0.165121,462,1900920,0.777485,0.79,2,73882,73420,462
3493161,5.19995,5.63302,461,1902380,0.723497,0.79,1,73888,73427,461
3495441,2.63999,1.1266,463,1903840,0.672699,0.8,1,73890,73427,463
3498361,6.928,6.62532,463,1905300,0.73454,0.8,1,73898,73435,463
3500021,2.1856,1.32506,464,1906760,0.730908,0.8,1,73899,73435,464
3502941,2.03712,7.46501,457,1908220,0.754182,0.8,2,73901,73444,457
3505861,2.00742,1.493,459,1909680,0.734836,0.8,1,73903,73444,459
3508781,2.00148,0.2986,461,1911140,0.698967,0.8,1,73905,73444,461
3511701,2.0003,0.0597201,463,1912600,0.659793,0.8,1,73907,73444,463
3514581,19.6001,0.011944,487,1914060,0.603959,0.73,1,73931,73444,487
3516661,38.32,21.6024,503,1915520,0.664792,0.83,1,73974,73471,503
3518321,8.464,37.1205,463,1916980,0.668958,0.89,1,73975,73512,463
3521241,6.4928,17.0241,457,1918440,0.781792,0.89,2,73981,73524,457
3523521,2.89856,3.40482,459,1919900,0.780358,0.7,2,73983,73524,459
3526441,8.57971,8.68096,459,1921360,0.716072,0.7,1,73993,73534,459
3529141,6.51594,1.73619,465,1922820,0.775214,0.69,2,73999,73534,465
3532061,2.90319,8.34724,457,1924280,0.755043,0.69,2,74001,73544,457
3534341,6.18064,1.66945,464,1925740,0.695009,0.73,1,74008,73544,464
3537261,2.83613,5.13389,460,1927200,0.771002,0.73,2,74010,73550,460
3540181,2.16723,1.02678,462,1928660,0.7542,0.73,2,74012,73550,462
3542661,3.63345,0.205356,466,1930120,0.68684,0.78,1,74016,73550,466
3545581,2.32669,4.84107,462,1931580,0.641368,0.78,1,74018,73556,462
3548501,2.06534,0.968214,464,1933040,0.760274,0.78,2,74020,73556,464
3550981,2.01307,0.193643,466,1934500,0.760055,0.75,2,74022,73556,466
3553901,2.00261,7.23873,459,1935960,0.728011,0.75,1,74024,73565,459
3556821,2.00052,1.44775,461,1937420,0.777602,0.75,2,74026,73565,461
3559741,2.0001,0.289549,463,1938880,0.76352,0.75,2,74028,73565,463
3562661,2.00002,0.0579098,465,1940340,0.728704,0.75,1,74030,73565,465
3564501,10,0.011582,477,1941800,0.745741,0.71,1,74042,73565,477
3566161,2.8,16.8023,457,1943260,0.741148,0.71,1,74043,73586,457
3569081,82.96,88.9605,453,1944720,0.72423,0.71,1,74146,73693,453
3572001,18.192,17.7921,455,1946180,0.688846,0.71,1,74148,73693,455
3574921,5.2384,3.55842,457,1947640,0.657769,0.71,1,74150,73693,457
3576561,1.84768,0.711684,458,1949100,0.635554,0.66,1,74151,73693,458
3578641,13.9695,12.1423,460,1950560,0.551111,0.75,1,74168,73708,460
3581561,29.9939,33.6285,455,1952020,0.686222,0.75,1,74202,73747,455
3583841,9.19878,6.72569,459,1953480,0.705244,0.74,1,74206,73747,459
3586761,93.0398,90.9451,461,1954940,0.613049,0.74,1,74320,73859,461
3589041,20.208,18.189,463,1956400,0.56261,0.63,1,74322,73859,463
3591961,5.64159,8.43781,459,1957860,0.520522,0.63,1,74324,73865,459
3594241,2.72832,1.68756,461,1959320,0.608104,0.82,1,74326,73865,461
3597161,2.14566,5.13751,457,1960780,0.649621,0.82,1,74328,73871,457
3600081,2.02913,1.0275,459,1962240,0.633924,0.82,1,74330,73871,459
3602561,2.00583,0.2055,461,1963700,0.686785,0.79,1,74332,73871,461
3605481,3.60117,8.8411,454,1965160,0.641357,0.79,1,74336,73882,454
3608401,2.32023,1.76822,456,1966620,0.600271,0.79,1,74338,73882,456
3611321,2.06405,0.353644,458,1968080,0.696054,0.79,1,74340,73882,458
3614241,2.01281,0.0707288,460,1969540,0.691211,0.79,1,74342,73882,460
3617161,2.00256,0.0141458,462,1971000,0.658242,0.79,1,74344,73882,462
3619621,2.00051,0.00282915,464,1972460,0.627648,0.78,1,74346,73882,464
3621281,1.2001,1.60057,463,1973920,0.60553,0.78,1,74347,73884,463
3624201,5.04002,10.7201,456,1975380,0.625106,0.78,1,74353,73897,456
3626481,2.608,2.14402,458,1976840,0.597021,0.7,1,74355,73897,458
3629401,6.9216,9.2288,455,1978300,0.639404,0.7,1,74363,73908,455
3632321,2.98432,1.84576,457,1979760,0.623881,0.7,1,74365,73908,457
3635241,2.19686,0.369152,459,1981220,0.644776,0.7,1,74367,73908,459
3638161,2.03937,0.0738304,461,1982680,0.616955,0.7,1,74369,73908,461
3641081,2.00787,0.0147661,463,1984140,0.587391,0.7,1,74371,73908,463
3643541,26.8016,0.00295322,496,1985600,0.629478,0.73,1,74404,73908,496
3645201,6.16031,30.4006,459,1987060,0.693896,0.78,1,74405,73946,459
3648121,28.4321,35.6801,456,1988520,0.690779,0.78,1,74439,73983,456
3651041,7.28641,7.13602,458,1989980,0.666156,0.78,1,74441,73983,458
3652901,7.85728,1.4272,466,1991440,0.789231,0.72,2,74449,73983,466
3654561,2.37146,7.48544,458,1992900,0.797846,0.78,2,74450,73992,458
3656641,2.07429,5.49709,455,1994360,0.767569,0.68,2,74452,73997,455
3659561,10.0149,9.89942,456,1995820,0.745514,0.68,1,74464,74008,456
3662481,5.20297,1.97988,460,1997280,0.781103,0.68,2,74468,74008,460
3664341,3.44059,0.395977,463,1998740,0.740221,0.69,1,74471,74008,463
3667261,2.28812,5.6792,458,2000200,0.692044,0.69,1,74473,74015,458
3670181,2.05762,1.13584,460,2001660,0.650409,0.69,1,74475,74015,460
3672661,2.01152,0.227168,462,2003120,0.618082,0.76,1,74477,74015,462
3675581,2.0023,5.64543,457,2004580,0.699616,0.76,1,74479,74022,457
3678501,2.00046,1.12909,459,2006040,0.739923,0.76,1,74481,74022,459
3680981,3.60009,0.225817,463,2007500,0.683985,0.74,1,74485,74022,463
3683901,2.32002,5.64516,458,2008960,0.648797,0.74,1,74487,74029,458
3686821,2.064,1.12903,460,2010420,0.609759,0.74,1,74489,74029,460
3689741,2.0128,0.225807,462,2011880,0.641952,0.74,1,74491,74029,462
3691381,1.20256,0.0451613,463,2013340,0.79239,0.76,2,74492,74029,463
3693041,1.04051,3.20903,460,2014800,0.806478,0.71,2,74493,74033,460
3695961,12.2081,15.0418,457,2016260,0.809296,0.71,2,74508,74051,457
3698661,81.6416,3.00836,556,2017720,0.689859,0.63,1,74607,74051,556
3701581,19.5283,88.6017,450,2019180,0.761972,0.63,2,74611,74161,450
3704501,7.10566,17.7203,454,2020640,0.720394,0.63,1,74615,74161,454
3707421,4.62113,3.54407,458,2022100,0.648079,0.63,1,74619,74161,458
3709061,8.92423,0.708813,468,2023560,0.825616,0.71,2,74629,74161,468
3711141,32.1848,10.5418,493,2025020,0.741123,0.65,1,74667,74174,493
3714061,8.03697,34.9084,454,2026480,0.692225,0.65,1,74669,74215,454
3716341,90.4074,6.98167,565,2027940,0.634445,0.65,1,74780,74215,565
3719261,19.6815,92.5963,453,2029400,0.598889,0.65,1,74782,74329,453
3722181,5.5363,18.5193,455,2030860,0.559778,0.65,1,74784,74329,455
3725101,2.70726,3.70385,457,2032320,0.671956,0.65,1,74786,74329,457
3727361,2.14145,0.740771,459,2033780,0.726391,0.61,1,74788,74329,459
3730281,2.02829,6.54815,453,2035240,0.705278,0.61,1,74790,74337,453
3733201,2.00566,1.30963,455,2036700,0.677056,0.61,1,74792,74337,455
3735681,2.00113,0.261926,457,2038160,0.727411,0.67,1,74794,74337,457
3738601,3.60023,9.65239,449,2039620,0.673482,0.67,1,74798,74349,449
3741521,2.32005,1.93048,451,2041080,0.638696,0.67,1,74800,74349,451
3744441,2.06401,0.386095,453,2042540,0.599739,0.67,1,74802,74349,453
3747361,2.0128,0.0772191,455,2044000,0.735948,0.67,1,74804,74349,455
3750281,2.00256,0.0154438,457,2045460,0.73119,0.67,1,74806,74349,457
3752321,2.00051,0.00308876,459,2046920,0.770238,0.67,2,74808,74349,459
3755241,5.2001,10.4006,452,2048380,0.706048,0.67,1,74814,74362,452
3757521,2.64002,2.08012,454,2049840,0.661209,0.62,1,74816,74362,454
3759601,2.128,2.81602,453,2051300,0.772242,0.64,2,74818,74365,453
3762521,8.4256,11.7632,449,2052760,0.634448,0.64,1,74828,74379,449
3765441,4.88512,2.35264,453,2054220,0.68689,0.64,1,74832,74379,453
3768361,4.17702,0.470528,457,2055680,0.665378,0.64,1,74836,74379,457
3771281,2.4354,0.0941056,459,2057140,0.701076,0.64,1,74838,74379,459
3773541,22.8871,0.0188211,487,2058600,0.588215,0.68,1,74866,74379,487
3776241,6.17742,22.4038,461,2060060,0.677643,0.84,1,74868,74407,461
3779161,29.2355,37.2808,455,2061520,0.687529,0.84,1,74903,74448,455
3781441,7.4471,7.45615,457,2062980,0.657506,0.65,1,74905,74448,457
3784361,10.2894,8.69123,459,2064440,0.691501,0.65,1,74916,74457,459
3787281,3.65788,1.73825,461,2065900,0.6583,0.65,1,74918,74457,461
3789141,7.93158,0.347649,470,2067360,0.63566,0.75,1,74927,74457,470
3792061,3.18632,10.4695,459,2068820,0.719132,0.75,1,74929,74470,459
3794341,5.43726,2.09391,465,2070280,0.639826,0.75,1,74935,74470,465
3797261,2.68745,9.21878,456,2071740,0.647965,0.75,1,74937,74481,456
3800181,2.13749,1.84376,458,2073200,0.609593,0.75,1,74939,74481,458
3803101,2.0275,0.368751,460,2074660,0.569919,0.75,1,74941,74481,460
3806021,2.0055,0.0737502,462,2076120,0.649984,0.75,1,74943,74481,462
3807861,1.2011,0.01475,463,2077580,0.705997,0.65,1,74944,74481,463
3810781,1.84022,8.00295,455,2079040,0.709199,0.65,1,74946,74491,455
3813701,1.96804,1.60059,457,2080500,0.67784,0.65,1,74948,74491,457
3816621,1.99361,0.320118,459,2081960,0.639568,0.65,1,74950,74491,459
3819301,2.79872,0.0640236,462,2083420,0.663914,0.74,1,74953,74491,462
3822221,3.75974,4.8128,460,2084880,0.612783,0.74,1,74957,74497,460
3824081,1.55195,0.962561,461,2086340,0.586557,0.88,1,74958,74497,461
3826161,13.9104,16.1925,458,2087800,0.533311,0.67,1,74975,74517,458
3829081,84.3821,83.2385,460,2089260,0.778662,0.67,2,75077,74617,460
3832001,18.4764,16.6477,462,2090720,0.811732,0.67,2,75079,74617,462
3834921,5.29528,3.32954,464,2092180,0.786346,0.67,2,75081,74617,464
3836981,2.65906,0.665908,466,2093640,0.749269,0.91,1,75083,74617,466
3839061,10.9318,8.13318,469,2095100,0.813854,0.73,2,75096,74627,469
3841141,31.7864,9.62664,496,2096560,0.682771,0.88,1,75133,74637,496
3844061,7.95727,35.5253,456,2098020,0.624554,0.88,1,75135,74679,456
3846341,87.9915,7.10507,564,2099480,0.740911,0.67,1,75243,74679,564
3849261,19.1983,91.821,453,2100940,0.732182,0.67,1,75245,74792,453
3852181,5.43966,18.3642,455,2102400,0.786436,0.67,2,75247,74792,455
3855101,2.68793,3.67284,457,2103860,0.773287,0.67,2,75249,74792,457
3858021,2.13759,0.734568,459,2105320,0.794657,0.67,2,75251,74792,459
3860481,2.02752,0.146914,461,2106780,0.822932,0.7,2,75253,74792,461
3863401,2.0055,3.22938,459,2108240,0.804586,0.7,2,75255,74796,459
3866321,2.0011,0.645877,461,2109700,0.768917,0.7,2,75257,74796,461
3868181,2.80022,0.129175,464,2111160,0.713783,0.8,1,75260,74796,464
3871101,2.16004,8.82584,455,2112620,0.718757,0.8,1,75262,74807,455
3874021,2.03201,1.76517,457,2114080,0.839751,0.8,2,75264,74807,457
3876941,2.0064,0.353033,459,2115540,0.83995,0.8,2,75266,74807,459
3879861,2.00128,0.0706067,461,2117000,0.80799,0.8,2,75268,74807,461
3882741,2.00026,0.0141213,463,2118460,0.865598,0.8,2,75270,74807,463
3885661,2.00005,8.80282,454,2119920,0.84512,0.8,2,75272,74818,454
3888561,2.00001,1.76056,456,2121380,0.809024,0.65,2,75274,74818,456
3890641,6,5.95211,456,2122840,0.849805,0.67,2,75281,74825,456
3893561,6,8.39042,453,2124300,0.889961,0.67,2,75287,74834,453
3895841,2.8,1.67808,455,2125760,0.865992,0.74,2,75289,74834,455
3898761,6.96,9.93562,451,2127220,0.925198,0.74,2,75297,74846,451
3901681,2.992,1.98712,453,2128680,0.91304,0.74,2,75299,74846,453
3903541,27.7984,0.397425,487,2130140,0.830608,0.54,2,75333,74846,487
3906461,7.15968,25.6795,457,2131600,0.790122,0.54,2,75335,74878,457
3908741,25.4319,5.1359,487,2133060,0.782024,0.57,2,75365,74878,487
3911661,6.68639,26.6272,457,2134520,0.748405,0.57,1,75367,74910,457
3913941,8.53728,5.32544,466,2135980,0.813681,0.66,2,75376,74910,466
3916861,3.30746,13.0651,453,2137440,0.802736,0.66,2,75378,74925,453
3919141,8.66149,2.61302,463,2138900,0.792547,0.66,2,75388,74925,463
3922061,3.3323,6.9226,457,2140360,0.766509,0.66,2,75390,74933,457
3924341,3.86646,1.38452,461,2141820,0.817302,0.56,2,75394,74933,461
3927261,2.37329,6.6769,455,2143280,0.87546,0.56,2,75396,74941,455
3930181,2.07466,1.33538,457,2144740,0.895092,0.56,2,75398,74941,457
3932661,3.61493,0.267076,461,2146200,0.843018,0.67,2,75402,74941,461
3935581,2.32299,9.65342,451,2147660,0.800604,0.67,2,75404,74953,451
3938501,2.0646,1.93068,453,2149120,0.816121,0.67,2,75406,74953,453
3941421,2.01292,0.386137,455,2150580,0.795224,0.67,2,75408,74953,455
3944341,2.00258,0.0772273,457,2152040,0.759045,0.67,2,75410,74953,457
3946801,2.00052,0.0154455,459,2153500,0.719809,0.68,1,75412,74953,459
3949721,2.8001,10.4031,449,2154960,0.855962,0.68,2,75415,74966,449
3952641,2.16002,2.08062,451,2156420,0.891192,0.68,2,75417,74966,451
3955121,2.032,0.416124,453,2157880,0.866238,0.62,2,75419,74966,453
3957201,24.4064,18.4832,460,2159340,0.845248,0.7,2,75449,74989,460
3960121,79.2813,80.4966,457,2160800,0.80905,0.7,2,75542,75085,457
3963041,17.4563,16.0993,459,2162260,0.76981,0.7,2,75544,75085,459
3965961,5.09125,3.21987,461,2163720,0.801962,0.7,2,75546,75085,461
3967601,1.81825,0.643973,462,2165180,0.800392,0.8,2,75547,75085,462
3969681,12.3637,15.3288,458,2166640,0.656079,0.73,1,75562,75104,458
3972601,32.8727,31.8658,460,2168100,0.667216,0.73,1,75600,75140,460
3974881,8.17455,6.37315,462,2169560,0.749443,0.83,1,75602,75140,462
3977801,89.6349,91.6746,459,2171020,0.677889,0.83,1,75712,75253,459
3980721,19.527,18.3349,461,2172480,0.639578,0.83,1,75714,75253,461
3983641,5.5054,3.66698,463,2173940,0.719916,0.83,1,75716,75253,463
3986561,2.70108,0.733397,465,2175400,0.703983,0.83,1,75718,75253,465
3988401,1.34022,0.146679,466,2176860,0.676797,0.74,1,75719,75253,466
3991321,1.86804,4.02934,463,2178320,0.639359,0.74,1,75721,75258,463
3994241,1.97361,0.805867,465,2179780,0.655872,0.74,1,75723,75258,465
3996721,1.99472,0.161173,467,2181240,0.619174,0.82,1,75725,75258,467
3999641,1.99894,7.23223,460,2182700,0.635835,0.82,1,75727,75267,460
4002561,1.99979,1.44645,462,2184160,0.615167,0.82,1,75729,75267,462
4005481,1.99996,0.289289,464,2185620,0.579033,0.82,1,75731,75267,464
4007121,1.19999,0.0578579,465,2187080,0.555807,0.78,1,75732,75267,465
4010041,3.44,6.41157,461,2188540,0.479161,0.78,1,75736,75275,461
4012961,2.288,1.28231,463,2190000,0.663832,0.78,1,75738,75275,463
4015881,2.0576,0.256463,465,2191460,0.676766,0.78,1,75740,75275,465
4018801,2.01152,0.0512926,467,2192920,0.647353,0.78,1,75742,75275,467
4021061,2.0023,0.0102585,469,2194380,0.609471,0.84,1,75744,75275,469
4023141,9.20046,5.60205,473,2195840,0.569894,0.8,1,75755,75282,473
4026061,3.44009,10.7204,463,2197300,0.689979,0.8,1,75757,75294,463
4028341,7.08802,2.14408,471,2198760,0.713996,0.77,1,75765,75294,471
4031261,3.0176,12.4288,458,2200220,0.686799,0.77,1,75767,75309,458
4033541,31.8035,2.48576,497,2201680,0.60936,0.84,1,75806,75309,497
4036461,7.9607,28.4972,464,2203140,0.561872,0.84,1,75808,75344,464
4038741,27.1921,5.69943,496,2204600,0.536374,0.74,1,75840,75344,496
4041661,7.03843,30.7399,461,2206060,0.651275,0.74,1,75842,75381,461
4044581,3.00769,6.14798,463,2207520,0.642255,0.74,1,75844,75381,463
4047501,2.20154,1.2296,465,2208980,0.608451,0.74,1,75846,75381,465
4049141,6.84031,0.245919,473,2210440,0.48969,0.83,1,75854,75381,473
4052061,2.96806,10.4492,462,2211900,0.585938,0.83,1,75856,75394,462
4054341,6.19361,2.08984,469,2213360,0.613188,0.79,1,75863,75394,469
4057261,2.83872,8.41797,461,2214820,0.586638,0.79,1,75865,75404,461
4060181,2.16774,1.68359,463,2216280,0.549327,0.79,1,75867,75404,463
4063101,2.03355,0.336719,465,2217740,0.693866,0.79,1,75869,75404,465
4064741,1.20671,0.0673437,466,2219200,0.706773,0.82,1,75870,75404,466
4066401,1.04134,1.61347,465,2220660,0.693355,0.71,1,75871,75406,465
4069321,1.80827,5.12269,461,2222120,0.658671,0.71,1,75873,75412,461
4072241,1.96165,1.02454,463,2223580,0.619734,0.71,1,75875,75412,463
4074721,1.99233,0.204908,465,2225040,0.579947,0.88,1,75877,75412,465
4077641,1.99847,9.64098,455,2226500,0.723989,0.88,1,75879,75424,455
4080561,1.99969,1.9282,457,2227960,0.720798,0.88,1,75881,75424,457
4083481,1.99994,0.385639,459,2229420,0.68816,0.88,1,75883,75424,459
4086161,1.99999,0.0771278,461,2230880,0.649632,0.86,1,75885,75424,461
4088241,24.4,25.6154,459,2232340,0.569926,0.76,1,75915,75456,459
4091161,77.68,84.3231,451,2233800,0.681985,0.76,1,76006,75555,451
4094081,17.136,16.8646,453,2235260,0.672397,0.76,1,76008,75555,453
4097001,5.0272,3.37292,455,2236720,0.638479,0.76,1,76010,75555,455
4098641,1.80544,0.674585,456,2238180,0.615696,0.71,1,76011,75555,456
4100721,12.3611,9.73492,459,2239640,0.747139,0.68,1,76026,75567,459
4103641,32.8722,33.947,457,2241100,0.653428,0.68,1,76064,75607,457
4105921,8.17444,6.7894,459,2242560,0.714686,0.64,1,76066,75607,459
4108841,86.4349,97.3579,445,2244020,0.710937,0.64,1,76172,75727,445
4111761,18.887,19.4716,447,2245480,0.862187,0.64,2,76174,75727,447
4114681,5.3774,3.89431,449,2246940,0.868437,0.64,2,76176,75727,449
4117601,2.67548,0.778863,451,2248400,0.837688,0.64,2,76178,75727,451
4120521,2.1351,0.155773,453,2249860,0.871537,0.64,2,76180,75727,453
4123441,2.02702,0.0311545,455,2251320,0.846308,0.64,2,76182,75727,455
4126361,2.0054,0.0062309,457,2252780,0.801262,0.64,2,76184,75727,457
4129221,2.00108,0.00124618,459,2254240,0.872252,0.46,2,76186,75727,459
4132141,2.00022,7.20025,452,2255700,0.85445,0.46,2,76188,75736,452
4135061,2.00004,1.44005,454,2257160,0.81889,0.46,2,76190,75736,454
4137981,2.00001,0.28801,456,2258620,0.771778,0.46,2,76192,75736,456
4139621,2.8,0.057602,459,2260080,0.714356,0.72,1,76195,75736,459
4142541,2.16,8.01152,451,2261540,0.662871,0.72,1,76197,75746,451
4145461,2.032,1.6023,453,2263000,0.820574,0.72,2,76199,75746,453
4148381,2.0064,0.320461,455,2264460,0.820115,0.72,2,76201,75746,455
4151301,2.00128,0.0640922,457,2265920,0.780023,0.72,2,76203,75746,457
4153141,7.60026,0.0128184,466,2267380,0.812005,0.61,2,76212,75746,466
4156061,3.12005,13.6026,451,2268840,0.786401,0.61,2,76214,75763,451
4158341,9.42401,2.72051,462,2270300,0.74128,0.63,1,76225,75763,462
4161261,3.4848,8.5441,454,2271760,0.700256,0.63,1,76227,75773,454
4163541,29.497,1.70882,490,2273220,0.764051,0.71,2,76263,75773,490
4166461,7.49939,33.9418,450,2274680,0.83281,0.71,2,76265,75815,450
4168741,28.6999,6.78835,484,2276140,0.838562,0.6,2,76299,75815,484
4171661,7.33998,26.1577,455,2277600,0.799712,0.6,2,76301,75846,455
4174581,3.068,5.23153,457,2279060,0.759942,0.6,2,76303,75846,457
4177061,2.2136,1.04631,459,2280520,0.727988,0.51,1,76305,75846,459
4179141,2.04272,4.20926,456,2281980,0.689598,0.71,1,76307,75851,456
4182061,2.00854,5.64185,452,2283440,0.64992,0.71,1,76309,75857,452
4184341,12.4017,1.12837,467,2284900,0.737984,0.74,1,76324,75857,467
4187261,4.08034,9.02567,458,2286360,0.723597,0.74,1,76326,75868,458
4190181,2.41607,1.80513,460,2287820,0.688719,0.74,1,76328,75868,460
4192661,2.08321,0.361027,462,2289280,0.649744,0.72,1,76330,75868,462
4195581,2.01664,10.4722,451,2290740,0.665949,0.72,1,76332,75881,451
4198501,2.00333,2.09444,453,2292200,0.64519,0.72,1,76334,75881,453
4201421,2.00067,0.418888,455,2293660,0.825038,0.72,2,76336,75881,455
4204341,2.00013,0.0837776,457,2295120,0.829008,0.72,2,76338,75881,457
4207261,2.00003,0.0167555,459,2296580,0.797801,0.72,2,76340,75881,459
4209301,6.80001,0.0033511,467,2298040,0.77556,0.67,2,76348,75881,467
4212221,2.96,12.0007,454,2299500,0.859112,0.67,2,76350,75896,454
4215141,2.192,2.40013,456,2300960,0.843822,0.67,2,76352,75896,456
4217201,2.0384,0.480027,458,2302420,0.808765,0.59,2,76354,75896,458
4219281,22.0077,21.696,458,2303880,0.721753,0.8,1,76381,75923,458
4222201,75.6015,76.3392,457,2305340,0.792351,0.8,2,76470,76013,457
4225121,16.7203,15.2678,459,2306800,0.77447,0.8,2,76472,76013,459
4228041,4.94406,3.05357,461,2308260,0.866894,0.8,2,76474,76013,461
4229681,1.78881,0.610713,462,2309720,0.869379,0.81,2,76475,76013,462
4231761,14.7578,18.5221,457,2311180,0.789876,0.64,2,76493,76036,457
4234681,30.1516,31.7044,456,2312640,0.725975,0.64,1,76527,76071,456
4236961,7.63031,6.34089,458,2314100,0.825195,0.88,2,76529,76071,458
4239881,87.9261,84.4682,462,2315560,0.901039,0.88,2,76637,76175,462
4242161,20.7852,16.8936,466,2317020,0.844208,0.85,2,76641,76175,466
4245081,5.75704,13.7787,455,2318480,0.792842,0.85,2,76643,76188,455
4248001,2.75141,2.75575,457,2319940,0.750568,0.85,2,76645,76188,457
4250921,2.15028,0.551149,459,2321400,0.830114,0.85,2,76647,76188,459
4253841,2.03006,0.11023,461,2322860,0.814023,0.85,2,76649,76188,461
4256761,2.00601,0.022046,463,2324320,0.770805,0.85,2,76651,76188,463
4259681,2.0012,0.00440919,465,2325780,0.730161,0.85,1,76653,76188,465
4261301,1.20024,0.000881838,466,2327240,0.818032,0.88,2,76654,76188,466
4264221,1.84005,8.00018,458,2328700,0.803606,0.88,2,76656,76198,458
4267141,1.96801,1.60004,460,2330160,0.768721,0.88,2,76658,76198,460
4270061,1.9936,0.320007,462,2331620,0.721744,0.88,1,76660,76198,462
4272981,1.99872,0.0640014,464,2333080,0.680349,0.88,1,76662,76198,464
4274821,4.39974,0.0128003,469,2334540,0.76007,0.85,2,76667,76198,469
4277741,2.47995,8.80256,460,2336000,0.744014,0.85,1,76669,76209,460
4280661,2.09599,1.76051,462,2337460,0.708803,0.85,1,76671,76209,462
4283141,2.8192,0.352102,465,2338920,0.637761,0.83,1,76674,76209,465
4286061,3.76384,8.07042,459,2340380,0.727552,0.83,1,76678,76219,459
4288341,11.1528,1.61408,472,2341840,0.73751,0.7,1,76691,76219,472
4290421,10.2306,5.92282,475,2343300,0.667502,0.89,1,76701,76226,475
4292081,2.84611,10.7846,464,2344760,0.6775,0.81,1,76702,76238,464
4295001,23.7692,25.3569,464,2346220,0.6395,0.81,1,76731,76267,464
4297281,6.35384,5.07138,466,2347680,0.7679,0.75,2,76733,76267,466
4300201,27.6708,29.8143,463,2349140,0.67358,0.75,1,76766,76303,463
4302481,7.13415,5.96286,465,2350600,0.622716,0.68,1,76768,76303,465
4305401,3.02683,4.39257,463,2352060,0.764543,0.68,2,76770,76307,463
4307681,2.20537,0.878514,465,2353520,0.784909,0.81,2,76772,76307,465
4310601,2.04107,11.3757,453,2354980,0.764982,0.81,2,76774,76321,453
4312881,2.00821,2.27514,455,2356440,0.728996,0.67,1,76776,76321,455
4315801,13.2016,9.25503,460,2357900,0.721799,0.67,1,76792,76332,460
4318721,4.24033,1.85101,462,2359360,0.77636,0.67,2,76794,76332,462
4321641,2.44807,0.370201,464,2360820,0.755272,0.67,2,76796,76332,464
4323281,1.28961,0.0740402,465,2362280,0.735054,0.81,1,76797,76332,465
4326201,1.85792,5.61481,460,2363740,0.699011,0.81,1,76799,76339,460
4329121,1.97158,1.12296,462,2365200,0.755802,0.81,2,76801,76339,462
4332041,1.99432,0.224592,464,2366660,0.73516,0.81,1,76803,76339,464
4334721,1.99886,0.0449185,466,2368120,0.699032,0.9,1,76805,76339,466
4337641,6.79977,8.00898,464,2369580,0.731806,0.9,1,76813,76349,464
4339921,2.95995,1.6018,466,2371040,0.714361,0.79,1,76815,76349,466
4342841,3.79199,12.3204,455,2372500,0.766872,0.79,2,76819,76364,455
4345761,2.3584,2.46407,457,2373960,0.753374,0.79,2,76821,76364,457
4348241,2.07168,0.492814,459,2375420,0.718675,0.85,1,76823,76364,459
4350321,19.6143,19.2986,459,2376880,0.711735,0.85,1,76847,76388,459
4353241,75.1229,74.2597,460,2378340,0.726347,0.85,1,76936,76476,460
4356161,16.6246,14.8519,462,2379800,0.689269,0.85,1,76938,76476,462
4359081,4.92491,2.97039,464,2381260,0.801854,0.85,2,76940,76476,464
4360721,1.78498,0.594078,465,2382720,0.808371,0.8,2,76941,76476,465
4362801,18.757,20.9188,462,2384180,0.705674,0.84,1,76964,76502,462
4365721,28.5514,32.1838,458,2385640,0.765135,0.84,2,76995,76537,458
4368001,8.91028,6.43675,462,2387100,0.729027,0.78,1,76999,76537,462
4370921,84.1821,86.0874,459,2388560,0.681805,0.78,1,77102,76643,459
4373201,19.2364,17.2175,462,2390020,0.776361,0.74,2,77105,76643,462
4376121,6.24728,10.6435,456,2391480,0.755272,0.74,2,77108,76652,456
4379041,2.84946,2.1287,458,2392940,0.719054,0.74,1,77110,76652,458
4381961,2.16989,0.42574,460,2394400,0.679811,0.74,1,77112,76652,460
4384881,2.03398,0.0851479,462,2395860,0.735962,0.74,1,77114,76652,462
4387761,2.0068,0.0170296,464,2397320,0.739192,0.83,1,77116,76652,464
4390681,2.00136,9.60341,454,2398780,0.715838,0.83,1,77118,76664,454
4393601,2.00027,1.92068,456,2400240,0.767168,0.83,2,77120,76664,456
4396521,2.00005,0.384136,458,2401700,0.745434,0.83,1,77122,76664,458
4399441,2.00001,0.0768272,460,2403160,0.749087,0.83,1,77124,76664,460
4402361,2,0.0153654,462,2404620,0.717817,0.83,1,77126,76664,462
4404821,3.6,0.00307309,466,2406080,0.791564,0.79,2,77130,76664,466
4407741,2.32,9.60061,456,2407540,0.774313,0.79,2,77132,76676,456
4410661,2.064,1.92012,458,2409000,0.738863,0.79,1,77134,76676,458
4413581,2.0128,0.384025,460,2410460,0.699772,0.79,1,77136,76676,460
4415221,6.80256,0.0768049,468,2411920,0.771954,0.74,2,77144,76676,468
4416881,2.16051,12.0154,454,2413380,0.770391,0.67,2,77145,76691,454
4418961,10.8321,9.60307,458,2414840,0.706078,0.65,1,77158,76700,458
4421881,3.76642,5.92061,455,2416300,0.797216,0.65,2,77160,76705,455
4424581,29.5533,1.18412,491,2417760,0.743443,0.7,1,77196,76705,491
4427501,7.51066,30.6368,455,2419220,0.820689,0.7,2,77198,76743,455
4429781,27.1021,6.12736,487,2420680,0.700138,0.65,1,77230,76743,487
4432701,7.02043,30.8255,452,2422140,0.852028,0.65,2,77232,76780,452
4435621,3.00409,6.16509,454,2423600,0.850406,0.65,2,77234,76780,454
4438541,2.20082,1.23302,456,2425060,0.818081,0.65,2,77236,76780,456
4441461,2.04016,0.246604,458,2426520,0.859616,0.65,2,77238,76780,458
4443921,2.00803,0.0493207,460,2427980,0.835923,0.71,2,77240,76780,460
4446841,11.6016,14.4099,456,2429440,0.695185,0.71,1,77254,76798,456
4449761,3.92032,2.88197,458,2430900,0.819037,0.71,2,77256,76798,458
4452681,2.38406,0.576395,460,2432360,0.803807,0.71,2,77258,76798,460
4454321,1.27681,0.115279,461,2433820,0.904761,0.78,2,77259,76798,461
4457241,3.45536,8.02306,455,2435280,0.860952,0.78,2,77263,76808,455
4460161,2.29107,1.60461,457,2436740,0.81219,0.78,2,77265,76808,457
4463081,2.05821,0.320922,459,2438200,0.842438,0.78,2,77267,76808,459
4465761,2.01164,0.0641844,461,2439660,0.816488,0.71,2,77269,76808,461
4467841,6.80233,5.61284,462,2441120,0.675298,0.78,1,77277,76815,462
4470761,2.96047,4.32257,460,2442580,0.82306,0.78,2,77279,76819,460
4472421,7.79209,0.864513,469,2444040,0.708612,0.72,1,77288,76819,469
4475341,3.15842,12.9729,455,2445500,0.653722,0.72,1,77290,76835,455
4478261,2.23168,2.59458,457,2446960,0.818744,0.72,2,77292,76835,457
4480741,14.0463,0.518916,474,2448420,0.795749,0.59,2,77309,76835,474
4482821,77.2093,13.7038,550,2449880,0.76715,0.69,2,77402,76852,550
4485741,17.0419,81.9408,453,2451340,0.84143,0.69,2,77404,76951,453
4488661,5.00837,16.3882,455,2452800,0.824286,0.69,2,77406,76951,455
4491581,2.60167,3.27763,457,2454260,0.796857,0.69,2,77408,76951,457
4493221,18.1203,0.655526,479,2455720,0.775371,0.64,2,77430,76951,479
4495301,31.6241,20.1311,489,2457180,0.819074,0.79,2,77465,76976,489
4498221,7.92481,27.2262,462,2458640,0.811815,0.79,2,77467,77005,462
4500501,80.785,5.44524,561,2460100,0.826363,0.73,2,77566,77005,561
4503421,17.757,84.2891,459,2461560,0.797273,0.73,2,77568,77109,459
4506321,5.1514,16.8578,461,2463020,0.759454,0.73,2,77570,77109,461
4509241,4.23028,9.77156,457,2464480,0.679891,0.73,1,77574,77117,457
4512161,2.44606,1.95431,459,2465940,0.631978,0.73,1,77576,77117,459
4515081,2.08921,0.390862,461,2467400,0.806396,0.73,2,77578,77117,461
4518001,2.01784,0.0781725,463,2468860,0.817279,0.73,2,77580,77117,463
4520261,2.00357,0.0156345,465,2470320,0.811456,0.84,2,77582,77117,465
4523181,2.00071,8.80313,456,2471780,0.786291,0.84,2,77584,77128,456
4526101,2.00014,1.76063,458,2473240,0.837258,0.84,2,77586,77128,458
4529021,2.00003,0.352125,460,2474700,0.823452,0.84,2,77588,77128,460
4531941,2.00001,0.070425,462,2476160,0.78869,0.84,2,77590,77128,462
4534821,2,0.014085,464,2477620,0.765738,0.75,2,77592,77128,464
4537741,2,4.00282,461,2479080,0.769148,0.75,2,77594,77133,461
4540021,4.4,0.800563,466,2480540,0.68183,0.76,1,77599,77133,466
4542941,2.48,7.36011,459,2482000,0.864366,0.76,2,77601,77142,459
4545221,2.096,1.47202,461,2483460,0.868873,0.78,2,77603,77142,461
4547921,2.0192,4.2944,458,2484920,0.837775,0.82,2,77605,77147,458
4550001,15.6038,11.2589,464,2486380,0.847555,0.75,2,77624,77160,464
4552081,6.32077,7.85178,461,2487840,0.793511,0.82,2,77628,77167,461
4555001,30.8642,27.1704,466,2489300,0.734702,0.82,1,77665,77199,466
4557921,7.77283,5.43407,468,2490760,0.818941,0.82,2,77667,77199,468
4559781,24.7546,1.08681,497,2492220,0.747788,0.74,1,77696,77199,497
4562701,6.55091,37.0174,453,2493680,0.693558,0.74,1,77698,77245,453
4565621,2.91018,7.40347,455,2495140,0.650712,0.74,1,77700,77245,455
4568541,2.18204,1.48069,457,2496600,0.610142,0.74,1,77702,77245,457
4571461,2.03641,0.296139,459,2498060,0.826028,0.74,2,77704,77245,459
4574381,2.00728,0.0592278,461,2499520,0.837206,0.74,2,77706,77245,461
4576421,10.8015,0.0118456,474,2500980,0.831441,0.85,2,77719,77245,474
4579341,3.76029,17.6024,454,2502440,0.806288,0.85,2,77721,77267,454
4582261,2.35206,3.52047,456,2503900,0.769258,0.85,2,77723,77267,456
4585181,2.07041,0.704095,458,2505360,0.729852,0.85,1,77725,77267,458
4588101,2.01408,0.140819,460,2506820,0.72997,0.85,1,77727,77267,460
4590561,2.00282,0.0281638,462,2508280,0.833994,0.82,2,77729,77267,462
4593481,6.00056,11.2056,455,2509740,0.814799,0.82,2,77736,77281,455
4596401,4.40011,2.24113,459,2511200,0.86696,0.82,2,77740,77281,459
4599321,4.08002,0.448225,463,2512660,0.813392,0.82,2,77744,77281,463
4600961,1.616,0.089645,464,2514120,0.786678,0.86,2,77745,77281,464
4603881,8.3232,8.81793,463,2515580,0.741336,0.86,1,77755,77292,463
4606161,3.26464,1.76359,465,2517040,0.700267,0.8,1,77757,77292,465
4609081,2.25293,2.75272,464,2518500,0.828053,0.8,2,77759,77295,464
4610741,13.2506,0.550543,480,2519960,0.805611,0.65,2,77775,77295,480
4612821,77.8501,16.9101,553,2521420,0.689122,0.89,1,77869,77316,553
4615741,17.17,80.182,459,2522880,0.633824,0.89,1,77871,77412,459
4618661,5.034,16.0364,461,2524340,0.758765,0.89,2,77873,77412,461
4621581,2.6068,3.20728,463,2525800,0.759753,0.89,2,77875,77412,463
4623221,20.5214,0.641456,488,2527260,0.775951,0.84,2,77900,77412,488
4625301,29.7043,24.1283,490,2528720,0.71519,0.89,1,77932,77442,490
4628221,7.54085,29.6257,461,2530180,0.671038,0.89,1,77934,77473,461
4630501,83.1082,5.92513,563,2531640,0.638208,0.66,1,78036,77473,563
4633421,18.2216,81.985,464,2533100,0.607642,0.66,1,78038,77574,464
4636341,5.24433,16.397,466,2534560,0.785528,0.66,2,78040,77574,466
4638821,5.04887,3.2794,471,2536020,0.741106,0.78,1,78045,77574,471
4641741,2.60977,13.4559,457,2537480,0.700221,0.78,1,78047,77590,457
4644661,2.12195,2.69118,459,2538940,0.668044,0.78,1,78049,77590,459
4647581,2.02439,0.538235,461,2540400,0.725609,0.78,1,78051,77590,461
4650501,2.00488,0.107647,463,2541860,0.705122,0.78,1,78053,77590,463
4653421,2.00098,0.0215294,465,2543320,0.717024,0.78,1,78055,77590,465
4656341,2.0002,0.00430588,467,2544780,0.807405,0.78,2,78057,77590,467
4659201,2.00004,0.000861176,469,2546240,0.801481,0.69,2,78059,77590,469
4662121,2.00001,5.60017,464,2547700,0.768296,0.69,2,78061,77597,464
4665041,2,1.12003,466,2549160,0.737659,0.69,1,78063,77597,466
4667961,2,0.224007,468,2550620,0.819532,0.69,2,78065,77597,468
4670021,2,0.0448014,470,2552080,0.811906,0.88,2,78067,77597,470
4672941,2,9.60896,460,2553540,0.778381,0.88,2,78069,77609,460
4675861,2,1.92179,462,2555000,0.731676,0.88,1,78071,77609,462
4678781,2,0.384358,464,2556460,0.690335,0.88,1,78073,77609,464
4680421,17.2,0.0768717,485,2557920,0.666067,0.75,1,78094,77609,485
4683121,5.84,20.8154,462,2559380,0.637213,0.79,1,78097,77635,462
4686041,36.368,39.3631,462,2560840,0.831443,0.79,2,78141,77679,462
4688321,8.8736,7.87261,464,2562300,0.838289,0.86,2,78143,77679,464
4691241,16.1747,22.3745,456,2563760,0.807658,0.86,2,78161,77705,456
4694161,4.83494,4.4749,458,2565220,0.769532,0.86,2,78163,77705,458
4697081,2.56699,0.894981,460,2566680,0.785906,0.86,2,78165,77705,460
4700001,2.1134,0.178996,462,2568140,0.853181,0.86,2,78167,77705,462
4701841,1.22268,0.0357992,463,2569600,0.850636,0.82,2,78168,77705,463
4704761,5.04454,8.80716,458,2571060,0.754127,0.82,2,78174,77716,458
4706421,12.2089,1.76143,472,2572520,0.734825,0.73,1,78188,77716,472
4709341,4.04178,9.15229,463,2573980,0.698965,0.73,1,78190,77727,463
4712261,2.40836,1.83046,465,2575440,0.659793,0.73,1,78192,77727,465
4715181,2.08167,0.366091,467,2576900,0.811959,0.73,2,78194,77727,467
4716821,2.81633,0.0732183,470,2578360,0.802392,0.88,2,78197,77727,470
4719741,2.16327,10.4146,459,2579820,0.768478,0.88,2,78199,77740,459
4722661,2.03265,2.08293,461,2581280,0.817696,0.88,2,78201,77740,461
4725141,6.80653,0.416586,469,2582740,0.835539,0.75,2,78209,77740,469
4728061,2.96131,6.48332,463,2584200,0.831108,0.75,2,78211,77748,463
4730981,2.19226,1.29666,465,2585660,0.806222,0.75,2,78213,77748,465
4733461,9.23845,0.259333,476,2587120,0.705244,0.79,1,78224,77748,476
4736381,3.44769,12.0519,463,2588580,0.733049,0.79,1,78226,77763,463
4739281,2.28954,2.41037,465,2590040,0.71461,0.69,1,78228,77763,465
4741361,12.4579,18.8821,457,2591500,0.798922,0.62,2,78243,77786,457
4743441,69.6916,71.7764,456,2592960,0.735784,0.67,1,78327,77871,456
4746361,21.9383,21.5553,457,2594420,0.851157,0.67,2,78337,77880,457
4749281,5.98766,4.31106,459,2595880,0.842231,0.67,2,78339,77880,459
4751761,2.79753,0.862211,461,2597340,0.816446,0.59,2,78341,77880,461
4753841,21.3595,24.1724,457,2598800,0.779289,0.64,2,78367,77910,457
4756761,29.8719,33.6345,453,2600260,0.835858,0.64,2,78399,77946,453
4759041,7.57438,6.7269,455,2601720,0.847172,0.71,2,78401,77946,455
4761961,84.7149,81.3454,459,2603180,0.833434,0.71,2,78505,78046,459
4764881,18.543,16.2691,461,2604640,0.798687,0.71,2,78507,78046,461
4767801,5.30859,3.25381,463,2606100,0.823737,0.71,2,78509,78046,463
4769441,1.86172,0.650763,464,2607560,0.812747,0.73,2,78510,78046,464
4772361,1.97234,6.53015,458,2609020,0.778549,0.73,2,78512,78054,458
4775281,1.99447,1.30603,460,2610480,0.73971,0.73,1,78514,78054,460
4778201,1.99889,0.261206,462,2611940,0.699942,0.73,1,78516,78054,462
4780881,1.99978,0.0522412,464,2613400,0.667988,0.84,1,78518,78054,464
4783801,1.99996,8.81045,455,2614860,0.701598,0.84,1,78520,78065,455
4786721,1.99999,1.76209,457,2616320,0.73232,0.84,1,78522,78065,457
4789641,2,0.352418,459,2617780,0.690464,0.84,1,78524,78065,459
4792561,2,0.0704836,461,2619240,0.826093,0.84,2,78526,78065,461
4795441,2,0.0140967,463,2620700,0.829219,0.77,2,78528,78065,463
4798361,2,3.20282,461,2622160,0.797844,0.77,2,78530,78069,461
4800641,2,0.640564,463,2623620,0.839569,0.78,2,78532,78069,463
4803561,2,9.72811,453,2625080,0.815914,0.78,2,78534,78081,453
4806481,2,1.94562,455,2626540,0.787183,0.78,2,78536,78081,455
4808961,2,0.389124,457,2628000,0.749437,0.78,1,78538,78081,457
4811881,19.6,18.4778,458,2629460,0.725887,0.78,1,78562,78104,458
4814161,5.52,3.69556,460,2630920,0.849177,0.66,2,78564,78104,460
4817081,41.104,39.9391,461,2632380,0.849836,0.66,2,78614,78153,461
4819361,9.8208,7.98782,463,2633840,0.817967,0.75,2,78616,78153,463
4822281,11.5642,17.5976,455,2635300,0.739593,0.75,1,78628,78173,455
4825201,3.91283,3.51951,457,2636760,0.779919,0.75,2,78630,78173,457
4828121,2.38257,0.703902,459,2638220,0.755984,0.75,2,78632,78173,459
4831041,2.07651,0.14078,461,2639680,0.727197,0.75,1,78634,78173,461
4832881,1.2153,0.0281561,462,2641140,0.705439,0.67,1,78635,78173,462
4834961,1.84306,7.20563,455,2642600,0.733088,0.83,1,78637,78182,455
4837881,15.5686,11.8411,461,2644060,0.770618,0.83,2,78656,78195,461
4840801,4.71372,2.36823,463,2645520,0.858124,0.83,2,78658,78195,463
4843721,2.54274,0.473645,465,2646980,0.843625,0.83,2,78660,78195,465
4845361,1.30855,0.094729,466,2648440,0.824725,0.91,2,78661,78195,466
4848281,3.46171,8.01895,460,2649900,0.756945,0.91,2,78665,78205,460
4851201,2.29234,1.60379,462,2651360,0.839389,0.91,2,78667,78205,462
4853681,2.05847,0.320758,464,2652820,0.847878,0.8,2,78669,78205,464
4856601,6.81169,10.4642,459,2654280,0.761576,0.8,2,78677,78218,459
4859521,2.96234,2.09283,461,2655740,0.712315,0.8,1,78679,78218,461
4862001,2.19247,0.418566,463,2657200,0.670463,0.78,1,78681,78218,463
4864921,5.23849,9.68371,457,2658660,0.742093,0.78,1,78687,78230,457
4867841,2.6477,1.93674,459,2660120,0.724419,0.78,1,78689,78230,459
4870321,2.12954,0.387348,461,2661580,0.776884,0.76,2,78691,78230,461
4872401,17.2259,17.6775,460,2663040,0.787377,0.88,2,78712,78252,460
4874481,70.6452,71.5355,459,2664500,0.781475,0.77,2,78796,78337,459
4877401,26.129,27.1071,458,2665960,0.828295,0.77,2,78811,78353,458
4880321,6.82581,5.42142,460,2667420,0.805659,0.77,2,78813,78353,460
4882801,2.96516,1.08428,462,2668880,0.801132,0.8,2,78815,78353,462
4884881,14.993,19.4169,456,2670340,0.784226,0.83,2,78833,78377,456
4887801,32.5986,28.6834,462,2671800,0.780845,0.83,2,78870,78408,462
4890081,8.11972,5.73667,464,2673260,0.748169,0.71,1,78872,78408,464
4893001,83.2239,86.7473,459,2674720,0.733634,0.71,1,78974,78515,459
4895921,18.2448,17.3495,461,2676180,0.706727,0.71,1,78976,78515,461
4898841,5.24896,3.46989,463,2677640,0.837345,0.71,2,78978,78515,463
4901761,2.64979,0.693979,465,2679100,0.831469,0.71,2,78980,78515,465
4904681,2.12996,0.138796,467,2680560,0.798294,0.71,2,78982,78515,467
4907141,2.02599,0.0277591,469,2682020,0.799659,0.71,2,78984,78515,469
4910061,2.0052,4.00555,466,2683480,0.815932,0.71,2,78986,78520,466
4911921,1.20104,0.80111,467,2684940,0.811186,0.83,2,78987,78520,467
4914841,1.84021,6.56022,461,2686400,0.778237,0.83,2,78989,78528,461
4917761,1.96804,1.31204,463,2687860,0.747647,0.83,1,78991,78528,463
4920681,1.99361,0.262409,465,2689320,0.82953,0.83,2,78993,78528,465
4923361,1.99872,0.0524818,467,2690780,0.821906,0.79,2,78995,78528,467
4926281,1.99974,5.6105,462,2692240,0.788381,0.79,2,78997,78535,462
4929201,1.99995,1.1221,464,2693700,0.757676,0.79,2,78999,78535,464
4932121,1.99999,0.22442,466,2695160,0.727535,0.79,1,79001,78535,466
4933761,1.2,0.044884,467,2696620,0.705507,0.78,1,79002,78535,467
4936681,1.84,7.20898,460,2698080,0.829101,0.78,2,79004,78544,460
4939601,1.968,1.4418,462,2699540,0.82182,0.78,2,79006,78544,462
4941461,18.7936,0.288359,485,2701000,0.732364,0.8,1,79029,78544,485
4944381,5.35872,19.2577,463,2702460,0.842473,0.8,2,79031,78568,463
4946661,41.8717,3.85153,514,2703920,0.840495,0.78,2,79082,78568,514
4949581,9.97435,46.3703,459,2705380,0.808099,0.78,2,79084,78625,459
4951861,10.7949,9.27406,470,2706840,0.85762,0.74,2,79095,78625,470
4954781,3.75897,11.4548,460,2708300,0.835524,0.74,2,79097,78637,460
4957701,2.35179,2.29096,462,2709760,0.799105,0.74,2,79099,78637,462
4960621,2.07036,0.458192,464,2711220,0.823821,0.74,2,79101,78637,464
4963541,2.01407,0.0916385,466,2712680,0.884764,0.74,2,79103,78637,466
4965381,1.20281,0.0183277,467,2714140,0.880953,0.79,2,79104,78637,467
4967461,14.6406,5.60367,478,2715600,0.880191,0.88,2,79122,78644,478
4969541,6.12811,12.3207,468,2717060,0.824038,0.81,2,79126,78658,468
4972461,2.82562,14.4641,455,2718520,0.780808,0.81,2,79128,78673,455
4975381,2.16512,2.89283,457,2719980,0.740162,0.81,1,79130,78673,457
4978301,2.03302,0.578566,459,2721440,0.700032,0.81,1,79132,78673,459
4981221,2.0066,0.115713,461,2722900,0.844006,0.81,2,79134,78673,461
4984141,2.00132,0.0231426,463,2724360,0.840801,0.81,2,79136,78673,463
4986181,6.80026,0.00462853,471,2725820,0.79216,0.76,2,79144,78673,471
4989101,2.96005,11.2009,459,2727280,0.750432,0.76,2,79146,78687,459
4992021,2.19201,2.24018,461,2728740,0.870086,0.76,2,79148,78687,461
4994501,5.2384,0.448037,467,2730200,0.814017,0.77,2,79154,78687,467
4997421,2.64768,4.08961,464,2731660,0.770803,0.77,2,79156,78692,464
5000341,2.12954,0.817921,466,2733120,0.738161,0.77,1,79158,78692,466
5002821,22.0259,0.163584,493,2734580,0.819632,0.76,2,79185,78692,493
5004901,67.6052,26.4327,539,2736040,0.675926,0.84,1,79264,78725,539
5006981,23.921,67.6865,474,2737500,0.655185,0.75,1,79277,78803,474
5009901,6.38421,24.7373,462,2738960,0.787037,0.75,2,79279,78817,462
5012821,2.87684,4.94746,464,2740420,0.781407,0.75,2,79281,78817,464
5015301,14.9754,0.989492,482,2741880,0.820282,0.8,2,79299,78817,482
5017381,34.1951,18.5979,498,2743340,0.860056,0.78,2,79338,78840,498
5020301,8.43901,40.5196,454,2744800,0.844011,0.78,2,79340,78886,454
5022581,82.4878,8.10392,555,2746260,0.784802,0.79,2,79441,78886,555
5025501,18.0976,78.4208,461,2747720,0.81296,0.79,2,79443,78982,461
5028421,5.21951,15.6842,463,2749180,0.858592,0.79,2,79445,78982,463
5031341,2.6439,3.13683,465,2750640,0.859718,0.79,2,79447,78982,465
5034021,2.12878,0.627366,467,2752100,0.851944,0.87,2,79449,78982,467
5036941,2.02576,8.12547,459,2753560,0.818389,0.87,2,79451,78992,459
5039861,2.00515,1.62509,461,2755020,0.787678,0.87,2,79453,78992,461
5042781,2.00103,0.325019,463,2756480,0.749536,0.87,1,79455,78992,463
5045701,2.00021,0.0650038,465,2757940,0.717907,0.87,1,79457,78992,465
5048161,2.00004,0.0130008,467,2759400,0.759581,0.89,2,79459,78992,467
5051081,2.00001,8.8026,458,2760860,0.855916,0.89,2,79461,79003,458
5054001,2,1.76052,460,2762320,0.851183,0.89,2,79463,79003,460
5056921,2,0.352104,462,2763780,0.818237,0.89,2,79465,79003,462
5059841,2,0.0704208,464,2765240,0.787647,0.89,2,79467,79003,464
5062761,2,0.0140842,466,2766700,0.869529,0.89,2,79469,79003,466
5064801,2,0.00281683,468,2768160,0.853906,0.73,2,79471,79003,468
5067721,3.6,6.40056,464,2769620,0.794781,0.73,2,79475,79011,464
5070001,2.32,1.28011,466,2771080,0.870956,0.79,2,79477,79011,466
5072921,16.464,19.456,462,2772540,0.782191,0.79,2,79497,79035,462
5075201,4.8928,3.8912,464,2774000,0.732438,0.69,1,79499,79035,464
5078121,42.5786,43.9782,462,2775460,0.818488,0.69,2,79551,79089,462
5080401,10.1157,8.79565,464,2776920,0.891698,0.79,2,79553,79089,464
5083321,8.42314,9.75913,462,2778380,0.89834,0.79,2,79561,79099,462
5085601,3.28463,1.95183,464,2779840,0.875668,0.82,2,79563,79099,464
5088521,8.65693,9.99037,462,2781300,0.831134,0.82,2,79573,79111,462
5091441,3.33139,1.99807,464,2782760,0.790227,0.82,2,79575,79111,464
5094361,2.26628,0.399615,466,2784220,0.870045,0.82,2,79577,79111,466
5096001,1.25326,0.0799229,467,2785680,0.870009,0.73,2,79578,79111,467
5098921,11.4507,15.216,462,2787140,0.758002,0.73,2,79592,79130,462
5101841,3.89013,3.0432,464,2788600,0.8876,0.73,2,79594,79130,464
5104741,3.17803,0.608639,467,2790060,0.86552,0.82,2,79597,79130,467
5107661,3.03561,5.72173,463,2791520,0.925104,0.82,2,79600,79137,463
5110581,2.20712,1.14435,465,2792980,0.905021,0.82,2,79602,79137,465
5113501,2.04142,0.228869,467,2794440,0.869004,0.82,2,79604,79137,467
5116181,2.00828,0.0457738,469,2795900,0.829801,0.9,2,79606,79137,469
5119101,2.00166,8.80915,460,2797360,0.83796,0.9,2,79608,79148,460
5121381,6.80033,1.76183,468,2798820,0.831592,0.87,2,79616,79148,468
5124301,2.96007,9.95237,458,2800280,0.798318,0.87,2,79618,79160,458
5127221,2.19201,1.99047,460,2801740,0.783664,0.87,2,79620,79160,460
5130141,2.0384,0.398095,462,2803200,0.740733,0.87,1,79622,79160,462
5132821,27.6077,0.0796189,496,2804660,0.804147,0.72,2,79656,79160,496
5134901,74.3215,28.8159,546,2806120,0.800829,0.82,2,79742,79196,546
5137601,16.4643,72.1632,465,2807580,0.776166,0.85,2,79744,79279,465
5140521,8.09286,20.8326,463,2809040,0.763233,0.85,2,79750,79287,463
5143441,3.21857,4.16653,465,2810500,0.728647,0.85,1,79752,79287,465
5145301,9.44371,0.833305,476,2811960,0.777729,0.75,2,79763,79287,476
5147381,35.4887,12.9667,502,2813420,0.763546,0.75,2,79805,79303,502
5150301,8.69775,35.3933,463,2814880,0.728709,0.75,1,79807,79344,463
5152581,84.1396,7.07867,566,2816340,0.673742,0.85,1,79910,79344,566
5155501,18.4279,85.4157,463,2817800,0.798748,0.85,2,79912,79449,463
5158421,5.28558,17.0831,465,2819260,0.79175,0.85,2,79914,79449,465
5161341,2.65712,3.41663,467,2820720,0.76635,0.85,2,79916,79449,467
5162981,1.33142,0.683326,468,2822180,0.74527,0.71,1,79917,79449,468
5165901,1.86628,6.53667,462,2823640,0.709054,0.71,1,79919,79457,462
5168821,1.97326,1.30733,464,2825100,0.669811,0.71,1,79921,79457,464
5171741,1.99465,0.261467,466,2826560,0.733962,0.71,1,79923,79457,466
5174421,1.99893,0.0522933,468,2828020,0.706792,0.81,1,79925,79457,468
5177341,1.99979,6.41046,462,2829480,0.765359,0.81,2,79927,79465,462
5180261,1.99996,1.28209,464,2830940,0.817072,0.81,2,79929,79465,464
5183181,1.99999,0.256418,466,2832400,0.803414,0.81,2,79931,79465,466
5185861,2,0.0512837,468,2833860,0.768683,0.85,2,79933,79465,468
5188781,2,4.81026,464,2835320,0.865737,0.85,2,79935,79471,464
5191701,2,0.962051,466,2836780,0.861147,0.85,2,79937,79471,466
5193761,2,0.19241,468,2838240,0.828229,0.95,2,79939,79471,468
5196681,2,8.03848,460,2839700,0.797646,0.95,2,79941,79481,460
5199601,2,1.6077,462,2841160,0.879529,0.95,2,79943,79481,462
5202501,18,0.321539,484,2842620,0.743906,0.86,1,79965,79481,484
5205421,5.2,23.2643,457,2844080,0.804781,0.86,2,79967,79510,457
5207701,46.64,4.65286,514,2845540,0.880956,0.8,2,80024,79510,514
5210621,10.928,45.7306,460,2847000,0.952191,0.8,2,80026,79566,460
5213541,3.7856,9.14611,462,2848460,0.934438,0.8,2,80028,79566,462
5216461,2.35712,1.82922,464,2849920,0.890888,0.8,2,80030,79566,464
5218101,6.87142,0.365845,472,2851380,0.882178,0.78,2,80038,79566,472
5221021,2.97428,12.8732,458,2852840,0.872435,0.78,2,80040,79582,458
5223941,2.19486,2.57463,460,2854300,0.846487,0.78,2,80042,79582,460
5226861,2.03897,0.514927,462,2855760,0.809297,0.78,2,80044,79582,462
5228501,10.0078,0.102985,474,2857220,0.945859,0.86,2,80056,79582,474
5231421,3.60156,12.0206,461,2858680,0.941172,0.86,2,80058,79597,461
5233701,3.92031,2.40412,465,2860140,0.876234,0.86,2,80062,79597,465
5236621,2.38406,6.08082,460,2861600,0.951247,0.86,2,80064,79604,460
5249921,2,0,461,2868900,0.97,0.76,2,80076,79615,461
5252841,6.8,8.8,458,2870360,0.842,0.76,2,80084,79626,458
5255761,2.96,1.76,460,2871820,0.8084,0.76,2,80086,79626,460
5258681,2.192,0.352,462,2873280,0.88968,0.76,2,80088,79626,462
5260321,1.2384,0.0704,463,2874740,0.889936,0.85,2,80089,79626,463
5263241,33.0477,33.6141,462,2876200,0.841987,0.85,2,80130,79668,462
5264901,67.4095,6.72282,538,2877660,0.872397,0.76,2,80206,79668,538
5267821,17.4819,66.9446,461,2879120,0.80648,0.76,2,80211,79750,461
5270101,9.89638,13.3889,469,2880580,0.833296,0.81,2,80219,79750,469
5273021,3.57928,12.2778,459,2882040,0.806659,0.81,2,80221,79762,459
5275301,12.7159,2.45556,474,2883500,0.793332,0.79,2,80236,79762,474
5277381,34.5432,12.4911,499,2884960,0.750666,0.76,2,80276,79777,499
5280301,8.50863,34.4982,461,2886420,0.710133,0.76,1,80278,79817,461
5282581,78.5017,6.89964,557,2887880,0.750027,0.78,2,80374,79817,557
5285501,17.3003,79.7799,461,2889340,0.790005,0.78,2,80376,79915,461
5288421,5.06007,15.956,463,2890800,0.766001,0.78,2,80378,79915,463
5290901,6.61201,3.1912,470,2892260,0.6892,0.72,1,80385,79915,470
5293821,2.9224,7.83824,463,2893720,0.76184,0.72,2,80387,79924,463
5296741,2.18448,1.56765,465,2895180,0.744368,0.72,1,80389,79924,465
5299661,2.0369,0.31353,467,2896640,0.716874,0.72,1,80391,79924,467
5301921,2.00738,0.0627059,469,2898100,0.687375,0.78,1,80393,79924,469
5304841,2.00148,6.41254,463,2899560,0.737475,0.78,1,80395,79932,463
5307761,2.0003,1.28251,465,2901020,0.723495,0.78,1,80397,79932,465
5310681,2.00006,0.256502,467,2902480,0.688699,0.78,1,80399,79932,467
5313361,2.00001,0.0513003,469,2903940,0.64974,0.84,1,80401,79932,469
5316281,2,4.81026,465,2905400,0.697948,0.84,1,80403,79938,465
5319201,2,0.962052,467,2906860,0.66759,0.84,1,80405,79938,467
5322121,2,0.19241,469,2908320,0.685518,0.84,1,80407,79938,469
5324181,2,0.0384821,471,2909780,0.721104,0.88,1,80409,79938,471
5327101,2,10.4077,460,2911240,0.696221,0.88,1,80411,79951,460
5330001,2,2.08154,462,2912700,0.659244,0.83,1,80413,79951,462
5332921,11.6,14.0163,459,2914160,0.683849,0.83,1,80427,79968,459
5335841,3.92,2.80326,461,2915620,0.66477,0.83,1,80429,79968,461
5337701,51.984,0.560652,525,2917080,0.932954,0.92,2,80493,79968,525
5340621,11.9968,54.5121,459,2918540,0.962591,0.92,2,80495,80036,459
5343541,3.99936,10.9024,461,2920000,0.936518,0.92,2,80497,80036,461
5346461,2.39987,2.18049,463,2921460,0.891304,0.92,2,80499,80036,463
5348101,6.87997,0.436097,471,2922920,0.962261,0.78,2,80507,80036,471
5351021,2.97599,7.28722,464,2924380,0.928452,0.78,2,80509,80045,464
5353941,2.1952,1.45744,466,2925840,0.88969,0.78,2,80511,80045,466
5356861,2.03904,0.291489,468,2927300,0.849938,0.78,2,80513,80045,468
5358501,8.40781,0.0582977,478,2928760,0.857988,0.94,2,80523,80045,478
5360581,4.08156,10.4117,468,2930220,0.811598,1,2,80526,80058,468
5363501,4.01631,7.68233,465,2931680,0.922319,1,2,80530,80065,465
5366421,2.40326,1.53647,467,2933140,0.912464,1,2,80532,80065,467
5368901,3.68065,0.307293,471,2934600,0.846493,0.97,2,80536,80065,471
5371821,2.33613,8.86146,462,2936060,0.937299,0.97,2,80538,80076,462
5374741,2.06723,1.77229,464,2937520,0.94746,0.97,2,80540,80076,464
5377661,2.01345,0.354458,466,2938980,0.933492,0.97,2,80542,80076,466
5379301,1.20269,0.0708917,467,2940440,0.922698,0.81,2,80543,80076,467
5380961,1.04054,6.41418,460,2941900,0.90454,0.86,2,80544,80084,460
5383881,1.80811,6.08284,456,2943360,0.868908,0.86,2,80546,80090,456
5386801,1.96162,1.21657,458,2944820,0.885782,0.86,2,80548,80090,458
5389721,1.99232,0.243313,460,2946280,0.857156,0.86,2,80550,80090,460
5391361,1.19846,0.0486627,461,2947740,0.955431,0.72,2,80551,80090,461
5416961,2,0,458,2962340,1,0.71,2,80841,80383,458
5419441,2,0,460,2963800,1,0.71,2,80843,80383,460
5422361,2,6.4,454,2965260,1,0.71,2,80845,80391,454
5425281,2,1.28,456,2966720,0.976,0.71,2,80847,80391,456
5427761,2,0.256,458,2968180,0.9472,0.72,2,80849,80391,458
5430681,5.2,4.8512,458,2969640,0.96544,0.72,2,80855,80397,458
5433601,2.64,0.97024,460,2971100,0.937088,0.72,2,80857,80397,460
5436501,2.128,0.194048,462,2972560,0.987418,0.68,2,80859,80397,462
5452521,2,6,457,2981320,1,0.65,2,80870,80413,457
5455441,2,1.2,459,2982780,1,0.65,2,80872,80413,459
5457921,2,0.24,461,2984240,0.968,0.7,2,80874,80413,461
5460841,2,6.448,455,2985700,0.9296,0.7,2,80876,80421,455
5462501,1.2,1.2896,456,2987160,0.90592,0.68,2,80877,80421,456
5464581,11.44,5.85792,463,2988620,0.957184,0.65,2,80891,80428,463
5466241,3.088,4.37158,460,2990080,0.959437,0.81,2,80892,80432,460
5469161,60.6176,57.6743,464,2991540,0.991887,0.81,2,80967,80503,464
5498501,2,0,470,3007600,0.97,0.95,2,81010,80540,470
5512861,2,0,473,3014900,0.9,0.91,2,81020,80547,473
5515541,2,0,475,3016360,0.884,0.92,2,81022,80547,475
5518461,2,5.6,470,3017820,0.8648,0.92,2,81024,80554,470
5528861,2,68,468,3023660,0.95,0.93,2,81155,80687,468
5531141,2,13.6,470,3025120,0.918,1,2,81157,80687,470
5534061,2,5.12,469,3026580,0.9756,1,2,81159,80690,469
5549461,2,0,470,3035340,1,0.97,2,81317,80847,470
5552381,2,0,472,3036800,0.976,0.97,2,81319,80847,472
5554021,1.2,0,473,3038260,0.9472,0.94,2,81320,80847,473
5555681,1.04,1.6,472,3039720,0.93344,1,2,81321,80849,472
5580641,2,0,473,3052860,0.97,0.9,2,81343,80870,473
5640361,2,0,470,3084980,0.88,1,2,81496,81026,470
5643281,2,0,472,3086440,0.864,1,2,81498,81026,472
5646201,2,0,474,3087900,0.9648,1,2,81500,81026,474
5649121,2,0,476,3089360,0.96896,1,2,81502,81026,476
5723541,2,0,483,3131700,1,1,2,81834,81351,483
5725621,2,2.4,482,3133160,1,1,2,81836,81354,482
6102521,308,331,432,62514,0.02,0.34,1,83793,83361,432
6105441,63.2,66.2,434,62548,0.012,0.34,1,83795,83361,434
6108361,14.24,13.24,436,62582,0.0184,0.34,1,83797,83361,436
6111281,4.448,2.648,438,62616,0.00368,0.34,1,83799,83361,438
6114201,2.4896,0.5296,440,62650,0.008736,0.34,1,83801,83361,440
6117121,2.09792,0.10592,442,62684,0.0017472,0.34,1,83803,83361,442
6120041,2.01958,0.021184,444,62718,0.0643494,0.34,1,83805,83361,444
6122961,2.00392,0.0042368,446,62751,0.0768699,0.34,1,83807,83361,446
6125881,2.00078,0.00084736,448,62784,0.079374,0.34,1,83809,83361,448
6128801,2.00016,0.000169472,450,62817,0.0878748,0.34,1,83811,83361,450
6131721,2.00003,3.38944e-05,452,62850,0.089575,0,1,83813,83361,452
6134641,77.2,99.2,424,62883,0.017915,0,1,83909,83485,424
6137561,17.04,19.84,426,62916,0.163583,0,1,83911,83485,426
6140481,5.008,3.968,428,62949,0.160717,0,1,83913,83485,428
6143401,2.6016,0.7936,430,62982,0.128143,0,1,83915,83485,430
6146321,2.12032,0.15872,432,63015,0.0896287,0,1,83917,83485,432
6149241,2.02406,0.031744,434,63048,0.0499257,0,1,83919,83485,434
6152161,2.00481,0.0063488,436,63081,0.0419851,0,1,83921,83485,436
6155081,2.00096,0.00126976,438,63114,0.088397,0,1,83923,83485,438
6158001,2.00019,0.000253952,440,63147,0.105679,0,1,83925,83485,440
6160921,2.00004,5.07904e-05,442,63180,0.109136,0.02,1,83927,83485,442
6163841,230.8,246.4,422,63213,0.0858272,0.01,1,84215,83793,422
6166761,50.96,50.88,426,63246,0.0971654,0.02,1,84221,83795,426
6169681,11.792,11.776,426,63279,0.0994331,0,1,84223,83797,426
6172601,3.9584,3.9552,426,63312,0.0678866,0.01,1,84225,83799,426
6175521,2.39168,2.39104,426,63345,0.0695773,0,1,84227,83801,426
6178441,2.07834,2.07821,426,63378,0.0619155,0.08,1,84229,83803,426
6181361,2.01567,2.01564,426,63411,0.0283831,0.08,1,84231,83805,426
6184281,2.00313,2.00313,426,63444,0.0296766,0.08,1,84233,83807,426
6187201,2.00063,0.400626,428,63477,0.0299353,0.08,1,84235,83807,428
6190121,2.00013,1.68013,428,63510,0.0299871,0.09,1,84237,83809,428
6193041,2.00003,1.93603,428,63543,0.0699974,0.09,1,84239,83811,428
6195961,74.8,1.98721,519,63576,0.0139995,0,1,84332,83813,519
6198881,17.36,77.1974,426,63609,0.0027999,0.2,1,84335,83909,426
6201801,5.872,17.0395,427,63642,0.000559979,0.16,1,84338,83911,427
6204721,2.7744,5.0079,427,63675,0.144112,0.12,1,84340,83913,427
6207641,2.15488,2.60158,427,63708,0.140822,0.08,1,84342,83915,427
6210561,2.03098,2.12032,427,63741,0.140164,0.04,1,84344,83917,427
6213481,2.0062,2.02406,427,63774,0.140033,0.04,1,84346,83919,427
6216401,2.00124,2.00481,427,63807,0.164007,0.1,1,84348,83921,427
6219321,2.00025,2.00096,427,63840,0.160801,0.11,1,84350,83923,427
6222241,2.00005,2.00019,427,63873,0.16016,0.11,1,84352,83925,427
6223701,161.2,2.00004,626,63906,0.112032,0.08,1,84553,83927,626
6226621,101.84,230.8,425,63939,0.0864064,0.1,1,84640,84215,425
6229541,23.568,50.96,423,63972,0.0492813,0.1,1,84644,84221,423
6232461,6.3136,11.792,423,64005,0.0898563,0.06,1,84646,84223,423
6235381,2.86272,3.9584,423,64038,0.105971,0.07,1,84648,84225,423
6238301,3.77254,2.39168,425,64071,0.117194,0.06,1,84652,84227,425
6241221,2.35451,2.07834,425,64104,0.0794389,0.02,1,84654,84229,425
6244141,2.8709,2.01567,426,64137,0.0878878,0.03,1,84657,84231,426
6247061,2.17418,2.00313,426,64170,0.0895776,0.03,1,84659,84233,426
6249981,2.03484,2.00063,426,64203,0.0579155,0.03,1,84661,84235,426
6252901,2.00697,2.00013,426,64236,0.0515831,0.08,1,84663,84237,426
6255821,2.00139,2.00003,426,64269,0.122317,0,1,84665,84239,426
6258741,76.4003,74.8,428,64302,0.0244633,0,1,84760,84332,428
6261661,16.8801,17.36,427,64335,0.00489266,0,1,84762,84335,427
6264581,8.17601,5.872,430,64368,0.000978533,0.18,1,84768,84338,430
6267501,3.2352,2.7744,430,64401,0.000195707,0.14,1,84770,84340,430
6270421,3.84704,2.15488,432,64434,0.00803914,0.14,1,84774,84342,432
6273341,2.36941,2.03098,432,64467,0.129608,0.14,1,84776,84344,432
6276261,2.07388,2.0062,432,64500,0.121922,0.17,1,84778,84346,432
6279181,2.01478,2.00124,432,64533,0.120384,0.16,1,84780,84348,432
6282101,2.00296,2.00025,432,64566,0.120077,0.16,1,84782,84350,432
6285021,2.00059,2.00005,432,64599,0.0800154,0.1,1,84784,84352,432
6287941,226,161.2,513,64631,0.0160031,0.08,1,85066,84553,513
6290861,46.8,101.84,428,64663,0.107201,0.04,1,85068,84640,428
6293781,10.96,23.568,426,64695,0.0934401,0.1,1,85070,84644,426
6296701,3.792,6.3136,426,64727,0.050688,0.11,1,85072,84646,426
6299621,2.3584,2.86272,426,64759,0.0101376,0.12,1,85074,84648,426
6302541,2.87168,3.77254,425,64791,0.0420275,0.07,1,85077,84652,425
6305461,4.57434,2.35451,428,64823,0.152406,0.09,1,85082,84654,428
6308381,2.51487,2.8709,427,64855,0.174481,0.09,1,85084,84657,427
6311301,2.10297,2.17418,427,64887,0.178896,0.05,1,85086,84659,427
6314221,2.02059,2.03484,427,64919,0.179779,0.05,1,85088,84661,427
6317141,2.00412,2.00697,427,64951,0.139956,0.14,1,85090,84663,427
6320061,2.00082,2.00139,427,64983,0.155991,0,1,85092,84665,427
6322981,72.4002,76.4003,422,65015,0.0311982,0,1,85182,84760,422
6325901,16.08,16.8801,422,65047,0.00623965,0,1,85184,84762,422
6328821,12.016,8.17601,427,65079,0.0252479,0,1,85195,84768,427
6331741,4.0032,3.2352,427,65111,0.00504959,0.01,1,85197,84770,427
6334661,2.40064,3.84704,425,65143,0.00100992,0.16,1,85199,84774,425
6337581,2.08013,2.36941,425,65175,0.000201983,0.12,1,85201,84776,425
6340501,2.01603,2.07388,425,65207,0.0640404,0.12,1,85203,84778,425
6343421,2.00321,2.01478,425,65239,0.0448081,0.12,1,85205,84780,425
6346341,6.00064,2.00296,430,65271,0.0649616,0.07,1,85212,84782,430
6349261,2.80013,2.00059,430,65303,0.124992,0,1,85214,84784,430
6352181,220.56,226,423,65335,0.0249985,0.13,1,85489,85066,423
6355101,45.712,46.8,423,65367,0.0289997,0.09,1,85491,85068,423
6358021,16.3424,10.96,430,65399,0.1178,0.04,1,85500,85070,430
6360941,4.86848,3.792,430,65431,0.13556,0,1,85502,85072,430
6363861,2.5737,2.3584,430,65463,0.107112,0.05,1,85504,85074,430
6366781,2.11474,2.87168,429,65495,0.0774224,0.18,1,85506,85077,429
6369701,5.22295,4.57434,430,65527,0.0634845,0.18,1,85512,85082,430
6372621,2.64459,2.51487,430,65559,0.0686969,0.18,1,85514,85084,430
6375541,2.12892,2.10297,430,65591,0.0697394,0.18,1,85516,85086,430
6378461,2.02578,2.02059,430,65623,0.125948,0.13,1,85518,85088,430
6381381,2.00516,2.00412,430,65655,0.10519,0.16,1,85520,85090,430
6384301,3.60103,2.00082,432,65687,0.0690379,0,1,85524,85092,432
6387221,64.7202,72.4002,422,65719,0.0138076,0,1,85604,85182,422
6390141,14.544,16.08,422,65751,0.0187615,0.03,1,85606,85184,422
6393061,13.3088,12.016,424,65783,0.0037523,0,1,85619,85195,424
6395981,4.26176,4.0032,424,65815,0.000750461,0,1,85621,85197,424
6398901,2.45235,2.40064,424,65847,0.000150092,0,1,85623,85199,424
6401821,2.09047,2.08013,424,65879,3.00184e-05,0.08,1,85625,85201,424
6404741,5.21809,2.01603,428,65911,0.008006,0.04,1,85631,85203,428
6407661,2.64362,2.00321,428,65943,0.105601,0.07,1,85633,85205,428
6410581,2.12872,6.00064,423,65975,0.12512,0.14,1,85635,85212,423
6413501,2.02574,2.80013,423,66007,0.121024,0,1,85637,85214,423
6416421,224.405,220.56,428,66039,0.0242048,0.03,1,85917,85489,428
6419341,46.481,45.712,428,66071,0.00484096,0.14,1,85919,85491,428
6422261,14.0962,16.3424,425,66103,0.000968192,0.14,1,85925,85500,425
6425181,4.41924,4.86848,425,66135,0.000193638,0.1,1,85927,85502,425
6428101,2.48385,2.5737,425,66167,0.00803873,0.07,1,85929,85504,425
6431021,3.69677,2.11474,427,66199,0.0736078,0.06,1,85933,85506,427
6433941,3.93935,5.22295,425,66231,0.102722,0.07,1,85937,85512,425
6436861,2.38787,2.64459,425,66263,0.116544,0.07,1,85939,85514,425
6439781,5.27757,2.12892,429,66295,0.0953089,0.14,1,85945,85516,429
6442701,2.65551,2.02578,429,66327,0.0590618,0.1,1,85947,85518,429
6445621,2.1311,2.00516,429,66359,0.0518124,0.06,1,85949,85520,429
6448541,2.02622,3.60103,427,66391,0.106362,0.06,1,85951,85524,427
6451461,59.6052,0.720206,501,66423,0.0212725,0,1,86025,85524,501
6454381,13.521,64.144,423,66455,0.0042545,0.02,1,86027,85604,423
6457301,13.1042,14.4288,434,66487,0.0008509,0,1,86040,85606,434
6460221,5.02084,13.2858,424,66519,0.00017018,0,1,86043,85619,424
6463141,6.60417,4.25715,429,66551,3.4036e-05,0,1,86050,85621,429
6466061,2.92083,2.45143,429,66583,0.00800681,0,1,86052,85623,429
6468981,2.18417,2.09029,429,66615,0.0256014,0.01,1,86054,85625,429
6471901,2.03683,5.21806,425,66646,0.00512027,0.13,1,86056,85631,425
6474821,2.80737,2.64361,426,66677,0.00102405,0.13,1,86059,85633,426
6477741,4.56147,2.12872,429,66708,0.0882048,0.12,1,86064,85635,429
6479201,161.712,2.02574,628,66739,0.017641,0,1,86265,85637,628
6482121,91.5425,224.405,422,66770,0.0915282,0,1,86339,85917,422
6485041,21.5085,46.481,424,66801,0.0743056,0,1,86343,85919,424
6487961,9.1017,14.0962,424,66832,0.0148611,0,1,86349,85925,424
6490881,6.62034,4.41924,428,66863,0.0109722,0.01,1,86355,85927,428
6493801,2.92407,2.48385,428,66894,0.0501944,0.09,1,86357,85929,428
6496721,2.18481,3.69677,426,66925,0.0260389,0.11,1,86359,85933,426
6499641,2.03696,3.93935,424,66956,0.0292078,0.12,1,86361,85937,424
6502561,3.60739,2.38787,426,66987,0.00584156,0.09,1,86365,85939,426
6505481,3.92148,5.27757,424,67018,0.00916831,0.05,1,86369,85945,424
6508401,2.3843,2.65551,424,67049,0.00983366,0.05,1,86371,85947,424
6511321,2.07686,2.1311,424,67080,0.105967,0.12,1,86373,85949,424
6514241,2.01537,2.02622,424,67111,0.0931934,0,1,86375,85951,424
6517161,58.0031,59.6052,422,67142,0.0186387,0,1,86447,86025,422
6520081,13.2006,13.521,422,67173,0.00372773,0,1,86449,86027,422
6523001,13.0401,13.1042,422,67204,0.0407455,0,1,86462,86040,422
6525921,5.00802,5.02084,422,67235,0.00814911,0,1,86465,86043,422
6528841,8.20161,6.60417,424,67266,0.00962982,0.01,1,86474,86050,424
6531761,4.84032,2.92083,426,67297,0.00192596,0.03,1,86478,86052,426
6534681,2.56806,2.18417,426,67328,0.000385193,0,1,86480,86054,426
6537601,2.11361,2.03683,426,67359,7.70386e-05,0,1,86482,86056,426
6540521,2.02272,2.80737,425,67390,1.54077e-05,0.11,1,86484,86059,425
6543441,2.00454,4.56147,422,67421,0.0480031,0,1,86486,86064,422
6546361,219.601,161.712,495,67452,0.145601,0.11,1,86760,86265,495
6549281,47.1202,91.5425,425,67483,0.16512,0.07,1,86764,86339,425
6552201,15.024,21.5085,428,67514,0.153024,0,1,86771,86343,428
6555121,7.00481,9.1017,427,67545,0.102605,0.01,1,86776,86349,427
6558041,3.00096,6.62034,423,67576,0.060521,0.06,1,86778,86355,423
6560961,2.20019,2.92407,423,67607,0.0201042,0.02,1,86780,86357,423
6563881,2.84004,2.18481,424,67638,0.0120208,0.03,1,86783,86359,424
6566801,6.16801,2.03696,429,67669,0.0584042,0,1,86790,86361,429
6569721,2.8336,3.60739,427,67700,0.0676808,0.01,1,86792,86365,427
6572641,2.16672,3.92148,425,67731,0.0695362,0.01,1,86794,86369,425
6575561,2.03334,2.3843,425,67762,0.0379072,0.13,1,86796,86371,425
6578481,5.20667,2.07686,429,67793,0.0155814,0.09,1,86802,86373,429
6581401,53.8413,2.01537,493,67824,0.0191163,0,1,86868,86375,493
6584321,12.3683,58.0031,423,67855,0.00382326,0,1,86870,86447,423
6587241,5.67365,13.2006,425,67886,0.000764651,0.05,1,86874,86449,425
6590161,9.13473,13.0401,422,67917,0.00015293,0,1,86884,86462,422
6593081,4.22695,5.00802,422,67948,3.05861e-05,0.01,1,86887,86465,422
6596001,8.04539,8.20161,422,67979,0.0400061,0,1,86896,86474,422
6598921,5.60908,4.84032,423,68010,0.00800122,0,1,86901,86478,423
6601841,2.72182,2.56806,423,68041,0.00160024,0,1,86903,86480,423
6604761,2.14436,2.11361,423,68072,0.000320049,0,1,86905,86482,423
6607681,2.02887,2.02272,423,68103,0.024064,0.06,1,86907,86484,423
6610601,2.00577,2.00454,423,68134,0.0048128,0.17,1,86909,86486,423
6613521,223.601,219.601,428,68165,0.0409626,0.17,1,87188,86760,428
6616441,46.3202,47.1202,426,68196,0.0481925,0.15,1,87190,86764,426
6619361,11.664,15.024,422,68227,0.121638,0.09,1,87193,86771,422
6622281,8.73281,7.00481,425,68258,0.128328,0.05,1,87201,86776,425
6625201,3.34656,3.00096,425,68289,0.0976655,0.01,1,87203,86778,425
6628121,2.26931,2.20019,425,68320,0.0915331,0.01,1,87205,86780,425
6631041,2.05386,2.84004,424,68351,0.0583066,0.07,1,87207,86783,424
6633961,4.41077,6.16801,422,68382,0.0356613,0.07,1,87212,86790,422
6636881,2.48215,2.8336,422,68413,0.0871323,0.07,1,87214,86792,422
6639801,2.09643,2.16672,422,68444,0.0974265,0.03,1,87216,86794,422
6642721,6.81929,2.03334,428,68475,0.0434853,0.01,1,87224,86796,428
6645641,2.96386,5.20667,424,68506,0.0326971,0.02,1,87226,86802,424
6648561,51.7928,53.8413,422,68537,0.00653941,0,1,87290,86868,422
6651481,11.9586,12.3683,422,68568,0.00130788,0,1,87292,86870,422
6654401,5.59171,5.67365,422,68599,0.000261576,0,1,87296,86874,422
6657321,10.7183,9.13473,424,68630,0.0240523,0,1,87308,86884,424
6660241,3.74367,4.22695,423,68661,0.00481046,0.05,1,87310,86887,423
6663161,7.14873,8.04539,422,68692,0.000962092,0,1,87318,86896,422
6666081,5.42975,5.60908,422,68723,0.000192418,0,1,87323,86901,422
6669001,2.68595,2.72182,422,68754,3.84837e-05,0,1,87325,86903,422
6671921,2.13719,2.14436,422,68785,7.69674e-06,0.03,1,87327,86905,422
6674841,2.02744,2.02887,422,68815,0.0320015,0,1,87329,86907,422
6677761,2.00549,2.00577,422,68845,0.0144003,0.05,1,87331,86909,422
6680681,227.601,223.601,427,68875,0.12288,0.05,1,87615,87188,427
6683601,47.1202,46.3202,427,68905,0.144576,0.14,1,87617,87190,427
6686521,11.024,11.664,426,68935,0.148915,0.13,1,87619,87193,426
6689441,5.40481,8.73281,422,68965,0.149783,0.09,1,87623,87201,422
6692361,5.88096,3.34656,426,68995,0.157957,0.09,1,87629,87203,426
6695281,2.77619,2.26931,426,69025,0.159591,0.05,1,87631,87205,426
6698201,2.15524,2.05386,426,69055,0.127918,0.03,1,87633,87207,426
6701121,2.03105,4.41077,423,69085,0.129584,0.1,1,87635,87212,423
6704041,2.00621,2.48215,423,69115,0.0979167,0.1,1,87637,87214,423
6706961,2.00124,2.09643,423,69145,0.0595833,0.03,1,87639,87216,423
6709881,6.00025,6.81929,422,69175,0.123917,0.03,1,87646,87224,422
6712801,7.60005,2.96386,428,69205,0.0807833,0,1,87654,87226,428
6715721,47.92,51.7928,422,69235,0.0161567,0,1,87712,87290,422
6718641,11.184,11.9586,422,69265,0.00323133,0,1,87714,87292,422
6721561,5.4368,5.59171,422,69295,0.000646267,0,1,87718,87296,422
6724481,9.88736,1.11834,433,69325,0.0241293,0.03,1,87729,87296,433
6727401,3.57747,9.82367,423,69355,0.00482585,0,1,87731,87308,423
6730321,7.91549,3.56473,430,69385,0.0249652,0,1,87740,87310,430
6733241,4.7831,7.11295,426,69415,0.00499303,0,1,87744,87318,426
6736161,2.55662,5.42259,423,69445,0.000998607,0,1,87746,87323,423
6739081,2.11132,2.68452,423,69475,0.000199721,0,1,87748,87325,423
6742001,2.02226,2.1369,423,69505,3.99443e-05,0.04,1,87750,87327,423
6744921,2.00445,2.02738,423,69535,0.00800799,0.01,1,87752,87329,423
6746381,161.201,2.00548,622,69565,0.0016016,0.15,1,87953,87331,622
6749301,104.24,227.601,428,69595,0.11232,0.15,1,88043,87615,428
6752221,24.048,47.1202,430,69625,0.142464,0.15,1,88047,87617,430
6755141,6.40961,11.024,430,69655,0.148493,0.15,1,88049,87619,430
6758061,2.88192,5.40481,428,69685,0.165699,0.16,1,88051,87623,428
6760981,2.17638,5.88096,424,69715,0.13714,0.16,1,88053,87629,424
6763901,5.23528,2.77619,428,69745,0.0994279,0.12,1,88059,87631,428
6766821,2.64706,2.15524,428,69775,0.0918856,0.13,1,88061,87633,428
6769741,2.12941,2.03105,428,69805,0.0903771,0.09,1,88063,87635,428
6772661,2.02588,2.00621,428,69835,0.0900754,0.05,1,88065,87637,428
6775581,2.00518,2.00124,428,69865,0.0580151,0.14,1,88067,87639,428
6778501,2.00104,6.00025,423,69895,0.059603,0.07,1,88069,87646,423
6781421,6.00021,7.60005,422,69925,0.0839206,0,1,88076,87654,422
6784341,47.6,47.92,422,69955,0.0167841,0,1,88134,87712,422
6787261,11.12,11.184,422,69985,0.00335682,0,1,88136,87714,422
6790181,5.424,5.4368,422,70015,0.000671365,0.03,1,88140,87718,422
6793101,9.8848,9.88736,422,70045,0.0241343,0,1,88151,87729,422
6796021,3.57696,3.57747,422,70075,0.00482685,0.03,1,88153,87731,422
6798941,7.91539,7.91549,422,70105,0.0249654,0,1,88162,87740,422
6801861,4.78308,4.7831,422,70135,0.0369931,0,1,88166,87744,422
6804781,4.15662,2.55662,424,70165,0.00739861,0,1,88170,87746,424
6807701,2.43132,2.11132,424,70195,0.00147972,0,1,88172,87748,424
6810621,2.08626,2.02226,424,70225,0.00829594,0.01,1,88174,87750,424
6813541,2.01725,2.00445,424,70255,0.00165919,0,1,88176,87752,424
6816461,235.603,161.201,517,70285,0.0883318,0.14,1,88470,87953,517
6819381,48.7207,104.24,429,70315,0.121666,0.15,1,88472,88043,429
6822301,11.3441,24.048,427,70345,0.128333,0.15,1,88474,88047,427
6825221,3.86883,6.40961,427,70375,0.129667,0.17,1,88476,88049,427
6828141,2.37377,2.88192,427,70405,0.129933,0.13,1,88478,88051,427
6831061,4.47475,2.17638,430,70435,0.169987,0.09,1,88483,88053,430
6833981,2.49495,5.23528,426,70465,0.177997,0.09,1,88485,88059,426
6836901,2.09899,2.64706,426,70495,0.179599,0.09,1,88487,88061,426
6839821,2.0198,2.12941,426,70525,0.17992,0.09,1,88489,88063,426
6842741,3.60396,2.02588,428,70555,0.123984,0.05,1,88493,88065,428
6845661,2.32079,2.00518,428,70585,0.112797,0.06,1,88495,88067,428
6848581,2.06416,2.00104,428,70615,0.110559,0.09,1,88497,88069,428
6851501,46.8128,6.00021,479,70645,0.0461119,0,1,88555,88076,479
6854421,10.9626,47.6,423,70675,0.00922237,0,1,88557,88134,423
6857341,5.39251,11.12,425,70705,0.00184447,0,1,88561,88136,425
6860261,9.8785,5.424,432,70735,0.0243689,0.03,1,88572,88140,432
6863181,3.5757,9.8848,423,70765,0.00487378,0,1,88574,88151,423
6866101,2.31514,3.57696,423,70795,0.000974756,0.03,1,88576,88153,423
6869021,6.86303,7.91539,422,70825,0.00819495,0.04,1,88584,88162,422
6871941,4.57261,4.78308,422,70855,0.00963899,0,1,88588,88166,422
6874861,4.11452,4.15662,422,70885,0.0019278,0,1,88592,88170,422
6877781,2.4229,2.43132,422,70915,0.0163856,0.01,1,88594,88172,422
6880701,3.68458,2.08626,424,70945,0.00327711,0,1,88598,88174,424
6883621,2.33692,2.01725,424,70975,0.00865542,0.11,1,88600,88176,424
6886541,240.467,235.603,430,71005,0.0897311,0.13,1,88900,88470,430
6889461,49.6935,48.7207,430,71035,0.105946,0.13,1,88902,88472,430
6892381,11.5387,11.3441,430,71065,0.109189,0.13,1,88904,88474,430
6895301,3.90774,3.86883,430,71094,0.109838,0.13,1,88906,88476,430
6898221,2.38155,2.37377,430,71123,0.109968,0.18,1,88908,88478,430
6901141,2.07631,4.47475,427,71152,0.0779935,0.18,1,88910,88483,427
6904061,2.01526,2.49495,427,71181,0.0715987,0.18,1,88912,88485,427
6906981,2.00305,2.09899,427,71210,0.0703197,0.18,1,88914,88487,427
6909901,2.00061,2.0198,427,71239,0.0700639,0.11,1,88916,88489,427
6912821,5.20012,3.60396,429,71268,0.110013,0.11,1,88922,88493,429
6915741,2.64002,2.32079,429,71297,0.118003,0.11,1,88924,88495,429
6918661,2.128,2.06416,429,71326,0.119601,0.03,1,88926,88497,429
6921581,41.2256,46.8128,422,71355,0.16792,0,1,88977,88555,422
6924501,9.84512,10.9626,422,71384,0.145584,0,1,88979,88557,422
6927421,5.16902,5.39251,422,71413,0.0771168,0.03,1,88983,88561,422
6930341,9.8338,9.8785,422,71442,0.0394234,0,1,88994,88572,422
6933261,3.56676,3.5757,422,71471,0.00788467,0,1,88996,88574,422
6936181,2.31335,2.31514,422,71500,0.00157693,0.01,1,88998,88576,422
6939101,7.66267,6.86303,423,71529,0.0243154,0.01,1,89007,88584,423
6942021,3.93253,4.57261,422,71558,0.0128631,0,1,89010,88588,422
6944941,3.98651,4.11452,422,71587,0.00257262,0.02,1,89014,88592,422
6947861,2.3973,2.4229,422,71616,0.000514523,0,1,89016,88594,422
6950781,3.67946,3.68458,422,71645,0.00810291,0.01,1,89020,88598,422
6953701,2.33589,2.33692,422,71674,0.00962058,0.11,1,89022,88600,422
6956621,242.867,240.467,425,71703,0.0979241,0.11,1,89325,88900,425
6959541,50.1734,49.6935,425,71732,0.123585,0.11,1,89327,88902,425
6962461,11.6347,11.5387,425,71761,0.128717,0.11,1,89329,88904,425
6965381,3.92694,3.90774,425,71790,0.129743,0.11,1,89331,88906,425
6968301,2.38539,2.38155,425,71819,0.129949,0.07,1,89333,88908,425
6971221,2.07708,2.07631,425,71848,0.12999,0.07,1,89335,88910,425
6974141,3.61542,2.01526,427,71877,0.129998,0.07,1,89339,88912,427
6977061,2.32308,2.00305,427,71906,0.13,0.07,1,89341,88914,427
6979981,2.06462,2.00061,427,71935,0.13,0.12,1,89343,88916,427
6982901,3.61292,5.20012,425,71964,0.13,0.12,1,89347,88922,425
6985821,3.92258,2.64002,427,71993,0.098,0.12,1,89351,88924,427
6988741,2.38452,2.128,427,72022,0.0916,0.18,1,89353,88926,427
6991661,37.2769,41.2256,422,72051,0.05832,0.14,1,89399,88977,422
6994581,10.6554,9.84512,424,72080,0.011664,0.06,1,89403,88979,424
6997501,3.73108,5.16902,422,72109,0.0023328,0.03,1,89405,88983,422
7000421,9.54622,9.8338,422,72138,0.0884666,0,1,89416,88994,422
7003341,3.50924,3.56676,422,72167,0.0736933,0,1,89418,88996,422
7006261,2.30185,2.31335,422,72196,0.0387387,0.03,1,89420,88998,422
7009181,7.66037,7.66267,422,72225,0.0317477,0.03,1,89429,89007,422
7012101,3.13207,1.53253,424,72254,0.0543495,0.01,1,89431,89007,424
7015021,3.82641,2.70651,425,72283,0.0108699,0,1,89435,89010,425
7017941,2.36528,3.7413,423,72312,0.00217398,0,1,89437,89014,423
7020861,4.47306,2.34826,426,72341,0.0244348,0.01,1,89442,89016,426
7023781,3.29461,3.66965,425,72370,0.00488696,0.01,1,89445,89020,425
7025241,161.459,2.33393,624,72399,0.000977392,0.12,1,89646,89022,624
7028161,117.892,242.867,428,72428,0.0401955,0.13,1,89753,89325,428
7031081,25.1784,50.1734,428,72457,0.0480391,0.13,1,89755,89327,428
7034001,6.63567,11.6347,428,72486,0.0496078,0.13,1,89757,89329,428
7036921,2.92713,3.92693,428,72515,0.0899216,0.13,1,89759,89331,428
7039841,2.18543,2.38539,428,72544,0.0979843,0.13,1,89761,89333,428
7042761,2.03709,2.07708,428,72573,0.0995969,0.13,1,89763,89335,428
7045681,2.00742,3.61542,426,72602,0.0919194,0.13,1,89765,89339,426
7048601,2.00148,2.32308,426,72631,0.0903839,0.13,1,89767,89341,426
7051521,2.0003,2.06462,426,72660,0.0900768,0.13,1,89769,89343,426
7054441,2.00006,3.61292,424,72689,0.0900154,0.09,1,89771,89347,424
7057361,4.40001,3.92258,425,72718,0.106003,0.09,1,89776,89351,425
7060281,2.48,2.38452,425,72747,0.109201,0.05,1,89778,89353,425
7063201,39.696,37.2769,428,72776,0.0858401,0,1,89827,89399,428
7066121,9.5392,10.6554,426,72805,0.057168,0,1,89829,89403,426
7069041,3.50784,3.73108,426,72834,0.0194336,0.11,1,89831,89405,426
7071961,6.30157,9.54622,422,72863,0.0278867,0.07,1,89838,89416,422
7074881,2.86031,3.50924,422,72892,0.0295773,0.03,1,89840,89418,422
7077801,3.77206,2.30185,424,72921,0.0539155,0.03,1,89844,89420,424
7080721,6.35441,7.66037,422,72950,0.0347831,0.06,1,89851,89429,422
7083641,2.87088,3.13207,422,72979,0.00695662,0,1,89853,89431,422
7086561,3.77418,3.82641,422,73008,0.00139132,0,1,89857,89435,422
7089481,2.35484,2.36528,422,73037,0.0162783,0.03,1,89859,89437,422
7092401,4.47097,4.47306,422,73066,0.0432557,0,1,89864,89442,422
7095321,3.29419,3.29461,422,73095,0.00865113,0,1,89867,89445,422
7098241,249.459,161.459,532,73124,0.18573,0.05,1,90178,89646,532
7101161,51.4918,117.892,427,73153,0.213146,0.05,1,90180,89753,427
7104081,11.8984,25.1784,427,73182,0.218629,0.05,1,90182,89755,427
7107001,3.97967,6.63567,427,73211,0.187726,0.1,1,90184,89757,427
7109921,2.39593,2.92713,427,73240,0.181545,0.1,1,90186,89759,427
7112841,2.07919,2.18543,427,73269,0.180309,0.1,1,90188,89761,427
7115761,2.01584,2.03709,427,73298,0.188062,0.09,1,90190,89763,427
7118681,2.00317,2.00742,427,73327,0.189612,0.09,1,90192,89765,427
7121601,2.00063,2.00148,427,73356,0.213922,0.09,1,90194,89767,427
7124521,2.00013,2.0003,427,73385,0.218785,0.09,1,90196,89769,427
7127441,2.00003,2.00006,427,73414,0.219757,0.11,1,90198,89771,427
7130361,2.00001,4.40001,424,73443,0.219951,0.11,1,90200,89776,424
7133281,38.8,2.48,470,73472,0.18799,0.08,1,90248,89778,470
7136201,9.36,39.696,423,73501,0.141598,0.05,1,90250,89827,423
7139121,3.472,9.5392,423,73530,0.13232,0.01,1,90252,89829,423
7142041,6.2944,3.50784,428,73558,0.0744639,0.03,1,90259,89831,428
7144961,2.85888,6.30157,423,73586,0.0708928,0.03,1,90261,89838,423
7147881,3.77178,2.86031,425,73614,0.0941785,0.06,1,90265,89840,425
7150801,6.35436,3.77206,428,73642,0.122836,0.03,1,90272,89844,428
7153721,2.87087,6.35441,423,73670,0.0965671,0,1,90274,89851,423
7156641,2.17417,2.87088,423,73698,0.0833134,0,1,90276,89853,423
7159561,2.83483,3.77418,422,73726,0.0406627,0.02,1,90279,89857,422
7162481,2.16697,2.35484,422,73754,0.00813254,0.05,1,90281,89859,422
7165401,4.43339,4.47097,422,73782,0.0416265,0,1,90286,89864,422
7168321,3.28668,3.29419,422,73810,0.0323253,0.23,1,90289,89867,422
7171241,256.657,249.459,431,73838,0.142465,0.22,1,90609,90178,431
7174161,52.9315,51.4918,431,73866,0.132493,0.22,1,90611,90180,431
7177081,13.7863,11.8984,433,73894,0.154499,0.18,1,90615,90182,433
7180001,4.35726,3.97967,433,73922,0.1589,0.18,1,90617,90184,433
7182921,2.47145,2.39593,433,73950,0.16778,0.18,1,90619,90186,433
7185841,2.09429,2.07919,433,73978,0.169556,0.19,1,90621,90188,433
7188761,2.01886,2.01584,433,74006,0.169911,0.19,1,90623,90190,433
7191681,2.00377,2.00317,433,74034,0.137982,0.22,1,90625,90192,433
7194601,2.00075,2.00063,433,74062,0.131596,0.22,1,90627,90194,433
7197521,2.00015,2.00013,433,74090,0.130319,0.22,1,90629,90196,433
7200441,2.00003,2.00003,433,74118,0.130064,0.22,1,90631,90198,433
7203361,2.00001,2.00001,433,74146,0.130013,0.18,1,90633,90200,433
7206281,31.6,38.8,424,74174,0.170003,0.13,1,90672,90248,424
7209201,7.92,9.36,424,74202,0.178001,0.13,1,90674,90250,424
7212121,4.784,3.472,426,74230,0.1796,0.06,1,90678,90252,426
7215041,5.7568,6.2944,425,74258,0.17992,0.07,1,90684,90259,425
7217961,4.35136,2.85888,427,74286,0.171984,0.1,1,90688,90261,427
7220881,2.47027,3.77178,425,74314,0.170397,0.13,1,90690,90265,425
7223801,5.29405,6.35436,424,74342,0.170079,0.09,1,90696,90272,424
7226721,2.65881,2.87087,424,74370,0.146016,0.08,1,90698,90274,424
7229641,2.13176,2.17417,424,74398,0.141203,0.03,1,90700,90276,424
7232561,2.02635,2.83483,423,74426,0.196241,0,1,90702,90279,423
7235481,2.00527,2.16697,423,74454,0.183248,0.05,1,90704,90281,423
7238401,3.60105,4.43339,422,74482,0.14865,0.03,1,90708,90286,422
7241321,3.12021,3.28668,422,74510,0.18173,0.17,1,90711,90289,422
7244241,263.024,256.657,430,74538,0.148346,0.13,1,91039,90609,430
7247161,54.2048,52.9315,430,74566,0.117669,0.16,1,91041,90611,430
7250081,12.441,13.7863,428,74594,0.111534,0.16,1,91043,90615,428
7253001,4.08819,4.35726,428,74622,0.110307,0.17,1,91045,90617,428
7255921,2.41764,2.47145,428,74650,0.110061,0.17,1,91047,90619,428
7258841,2.08353,2.09429,428,74678,0.110012,0.17,1,91049,90621,428
7261761,2.01671,2.01886,428,74706,0.134002,0.13,1,91051,90623,428
7264681,2.00334,2.00377,428,74734,0.1388,0.13,1,91053,90625,428
7267601,3.60067,2.00075,430,74762,0.13976,0.13,1,91057,90627,430
7270521,2.32013,2.00015,430,74790,0.147952,0.13,1,91059,90629,430
7273441,2.06403,2.00003,430,74818,0.14959,0.13,1,91061,90631,430
7276361,2.01281,2.00001,430,74846,0.181918,0.18,1,91063,90633,430
7279281,32.4026,31.6,431,74874,0.212384,0.18,1,91103,90672,431
7282201,8.08051,7.92,431,74902,0.218477,0.18,1,91105,90674,431
7285121,4.8161,4.784,431,74930,0.219695,0.18,1,91109,90678,431
7288041,5.76322,5.7568,431,74958,0.187939,0.17,1,91115,90684,431
7290961,2.75264,4.35136,429,74986,0.181588,0.17,1,91117,90688,429
7293881,2.15053,2.47027,429,75014,0.148318,0.17,1,91119,90690,429
7296801,5.23011,5.29405,429,75042,0.0856635,0.14,1,91125,90696,429
7299721,4.24602,2.65881,431,75070,0.145133,0.14,1,91129,90698,431
7302641,2.4492,2.13176,431,75098,0.157027,0.21,1,91131,90700,431
7305561,2.08984,2.02635,431,75126,0.151405,0.18,1,91133,90702,431
7308481,2.01797,2.00527,431,75154,0.118281,0.18,1,91135,90704,431
7311401,2.00359,0.401054,433,75182,0.111656,0.14,1,91137,90704,433
7314321,2.00072,3.28021,431,75210,0.0863312,0.19,1,91139,90708,431
7315781,161.2,3.05604,629,75238,0.0412663,0.14,1,91340,90711,629
7318701,133.04,263.011,427,75266,0.0642532,0.11,1,91466,91039,427
7321621,29.808,54.2022,429,75294,0.124851,0.11,1,91470,91041,429
7324541,7.5616,12.4404,429,75322,0.13697,0.11,1,91472,91043,429
7327461,3.11232,4.08809,429,75350,0.139394,0.11,1,91474,91045,429
7330381,2.22246,2.41762,429,75378,0.147879,0.11,1,91476,91047,429
7333301,2.04449,2.08352,429,75406,0.149576,0.14,1,91478,91049,429
7336221,3.6089,2.0167,431,75434,0.117915,0.14,1,91482,91051,431
7339141,2.32178,2.00334,431,75462,0.111583,0.14,1,91484,91053,431
7342061,2.06436,3.60067,429,75490,0.110317,0.15,1,91486,91057,429
7344981,3.61287,2.32013,431,75518,0.134063,0.15,1,91490,91059,431
7347901,2.32257,2.06403,431,75546,0.106813,0.19,1,91492,91061,431
7350821,2.06451,2.01281,431,75574,0.149363,0.22,1,91494,91063,431
7353741,32.4129,32.4026,431,75602,0.0378725,0.22,1,91534,91103,431
7356661,8.08258,8.08051,431,75630,0.103575,0.22,1,91536,91105,431
7359581,3.21652,4.8161,429,75658,0.116715,0.18,1,91538,91109,429
7362501,2.2433,5.76322,425,75686,0.119343,0.18,1,91540,91115,425
7365421,2.04866,2.75264,425,75714,0.119869,0.14,1,91542,91117,425
7368341,6.00973,2.15053,430,75742,0.151974,0.07,1,91549,91119,430
7371261,4.40195,5.23011,428,75770,0.150395,0.16,1,91553,91125,428
7374181,2.48039,4.24602,426,75798,0.142079,0.16,1,91555,91129,426
7377101,5.29608,2.4492,430,75826,0.0764158,0.15,1,91561,91131,430
7380021,2.65922,2.08984,430,75854,0.0392832,0.11,1,91563,91133,430
7382941,2.13184,2.01797,430,75882,0.0318566,0.11,1,91565,91135,430
7385861,2.02637,2.00359,430,75910,0.118371,0.08,1,91567,91137,430
7388781,2.00527,2.00072,430,75938,0.103674,0.03,1,91569,91139,430
7391701,260.401,161.2,554,75966,0.204735,0.07,1,91894,91340,554
7394621,53.6802,133.04,430,75994,0.192947,0.14,1,91896,91466,430
7397541,12.336,29.808,428,76022,0.198589,0.14,1,91898,91470,428
7400461,4.06721,7.5616,428,76050,0.199718,0.14,1,91900,91472,428
7403381,2.41344,3.11232,428,76078,0.199944,0.15,1,91902,91474,428
7406301,2.08269,2.22246,428,76106,0.199989,0.15,1,91904,91476,428
7409221,4.41654,2.04449,431,76134,0.263998,0.11,1,91909,91478,431
7412141,4.08331,3.6089,431,76161,0.2768,0.11,1,91913,91482,431
7415061,2.41666,2.32178,431,76188,0.27936,0.11,1,91915,91484,431
7417981,2.08333,2.06436,431,76215,0.247872,0.14,1,91917,91486,431
7420901,2.81667,3.61287,430,76242,0.265574,0.1,1,91920,91490,430
7423821,2.96333,2.32257,431,76269,0.269115,0.16,1,91923,91492,431
7426741,30.9927,2.06451,467,76296,0.205823,0.01,1,91961,91494,467
7429661,7.79853,32.4129,429,76323,0.161165,0.12,1,91963,91534,429
7432581,3.15971,8.08258,429,76350,0.152233,0.12,1,91965,91536,429
7435501,2.23194,3.21652,429,76377,0.150447,0.12,1,91967,91538,429
7438421,2.04639,2.2433,429,76404,0.150089,0.12,1,91969,91540,429
7441341,3.60928,2.04866,431,76431,0.238018,0.16,1,91973,91542,431
7444261,2.32186,6.00973,426,76458,0.311604,0.15,1,91975,91549,426
7447181,2.06437,4.40195,424,76485,0.326321,0.14,1,91977,91553,424
7450101,7.61287,2.48039,431,76512,0.305264,0.06,1,91986,91555,431
7453021,5.52257,5.29608,430,76539,0.277053,0.03,1,91991,91561,430
7455941,2.70451,2.65922,430,76566,0.271411,0.03,1,91993,91563,430
7458861,2.1409,2.13184,430,76593,0.238282,0.14,1,91995,91565,430
7461781,2.02818,2.02637,430,76620,0.303656,0.1,1,91997,91567,430
7464701,2.00564,2.00527,430,76647,0.284731,0.23,1,91999,91569,430
7467621,263.601,260.401,434,76674,0.144946,0.19,1,92328,91894,434
7470541,54.3202,53.6802,434,76701,0.188989,0.2,1,92330,91896,434
7473461,12.464,12.336,434,76728,0.197798,0.2,1,92332,91898,434
7476381,4.09281,4.06721,434,76755,0.19956,0.2,1,92334,91900,434
7479301,2.41856,2.41344,434,76782,0.199912,0.2,1,92336,91902,434
7482221,2.08371,2.08269,434,76809,0.167982,0.28,1,92338,91904,434
7485141,3.61674,4.41654,433,76836,0.169596,0.28,1,92342,91909,433
7488061,5.52335,4.08331,435,76863,0.169919,0.28,1,92348,91913,435
7490981,2.70467,2.41666,435,76890,0.193984,0.24,1,92350,91915,435
7493901,3.74093,2.08333,437,76917,0.214797,0.27,1,92354,91917,437
7496821,2.34819,2.81667,436,76944,0.234959,0.27,1,92356,91920,436
7499741,2.06964,2.96333,435,76971,0.254992,0.19,1,92358,91923,435
7502661,30.0139,30.9927,434,76998,0.290998,0.15,1,92395,91961,434
7505581,7.60279,7.79853,434,77025,0.2982,0.15,1,92397,91963,434
7508501,6.32056,3.15971,438,77052,0.21164,0.15,1,92403,91965,438
7511421,2.86411,2.23194,438,77079,0.162328,0.15,1,92405,91967,438
7514341,2.17282,2.04639,438,77106,0.272466,0.26,1,92407,91969,438
7517261,2.03456,3.60928,436,77133,0.294493,0.33,1,92409,91973,436
7520181,2.00691,2.32186,436,77160,0.266899,0.33,1,92411,91975,436
7523101,3.60138,2.06437,438,77187,0.28538,0.3,1,92415,91977,438
7526021,7.12028,7.61287,437,77214,0.281076,0.27,1,92423,91986,437
7528941,3.02406,5.52257,434,77241,0.248215,0.27,1,92425,91991,434
7531861,2.20481,2.70451,434,77268,0.241643,0.23,1,92427,91993,434
7534781,2.04096,2.1409,434,77295,0.248329,0.32,1,92429,91995,434
7537701,5.20819,2.02818,438,77322,0.265666,0.28,1,92435,91997,438
7540621,2.64164,2.00564,438,77349,0.269133,0.11,1,92437,91999,438
7543541,257.328,263.601,430,77376,0.237827,0.2,1,92758,92328,430
7546461,53.0657,54.3202,430,77403,0.199565,0.2,1,92760,92330,430
7549381,12.2131,12.464,430,77430,0.159913,0.2,1,92762,92332,430
7552301,4.04263,4.09281,430,77457,0.151983,0.2,1,92764,92334,430
7555221,2.40853,2.41856,430,77484,0.206397,0.16,1,92766,92336,430
7558141,2.08171,2.08371,430,77511,0.217279,0.17,1,92768,92338,430
7561061,5.21634,3.61674,432,77538,0.235456,0.17,1,92774,92342,432
7563981,8.24327,5.52335,435,77565,0.247091,0.2,1,92783,92348,435
7566901,3.24865,2.70467,435,77592,0.249418,0.22,1,92785,92350,435
7569821,2.24973,3.74093,433,77619,0.265884,0.24,1,92787,92354,433
7572741,2.04995,2.34819,433,77646,0.285177,0.26,1,92789,92356,433
7575661,2.00999,2.06964,433,77673,0.305035,0.3,1,92791,92358,433
7578581,28.402,30.0139,431,77700,0.357007,0.3,1,92826,92395,431
7581501,11.2804,7.60279,436,77727,0.359401,0.19,1,92833,92397,436
7584421,3.85608,6.32056,432,77754,0.32788,0.15,1,92835,92403,432
7587341,5.57122,2.86411,436,77781,0.281576,0.3,1,92841,92405,436
7590261,2.71424,2.17282,436,77808,0.248315,0.3,1,92843,92407,436
7593181,2.14285,2.03456,436,77835,0.329663,0.26,1,92845,92409,436
7596101,2.02857,2.00691,436,77862,0.345933,0.29,1,92847,92411,436
7599021,2.00571,3.60138,434,77889,0.317187,0.28,1,92849,92415,434
7601941,6.00114,7.12028,433,77916,0.359437,0.24,1,92856,92423,433
7604861,5.20023,3.02406,436,77943,0.351887,0.24,1,92861,92425,436
7607781,2.64005,2.20481,436,77970,0.318377,0.25,1,92863,92427,436
7610701,2.12801,2.04096,436,77997,0.287675,0.27,1,92865,92429,436
7613621,2.0256,5.20819,432,78024,0.337535,0.27,1,92867,92435,432
7616541,2.00512,2.64164,432,78051,0.315507,0.23,1,92869,92437,432
7619461,258.001,257.328,433,78078,0.407101,0.23,1,93191,92758,433
7622381,53.2002,51.4657,435,78105,0.42542,0.19,1,93193,92758,435
7625301,12.24,11.8931,435,78132,0.397084,0.15,1,93195,92760,435
7628221,4.04801,3.97863,435,78159,0.399417,0.15,1,93197,92762,435
7631141,2.4096,2.39573,435,78186,0.367883,0.22,1,93199,92764,435
7634061,2.08192,2.07915,435,78213,0.361577,0.22,1,93201,92766,435
7636981,4.41638,2.01583,438,78240,0.376315,0.24,1,93206,92768,438
7639901,12.0833,5.20317,446,78267,0.347263,0.25,1,93220,92774,446
7642821,4.81666,8.24063,440,78294,0.381453,0.25,1,93223,92783,440
7645741,2.56333,3.24813,440,78321,0.356291,0.27,1,93225,92785,440
7648661,2.91267,2.24963,441,78348,0.303258,0.29,1,93228,92787,441
7651581,2.18253,2.04993,441,78375,0.260652,0.31,1,93230,92789,441
7654501,27.6365,2.00999,473,78402,0.36413,0.37,1,93264,92791,473
7657421,7.9273,28.402,441,78429,0.376826,0.36,1,93267,92826,441
7660341,7.18546,11.2804,441,78456,0.395365,0.32,1,93274,92833,441
7663261,6.23709,3.85608,445,78483,0.391073,0.27,1,93280,92835,445
7666181,2.84742,5.57122,441,78510,0.374215,0.24,1,93282,92841,441
7669101,2.16948,2.71424,441,78537,0.338843,0.35,1,93284,92843,441
7672021,2.0339,2.14285,441,78564,0.331769,0.35,1,93286,92845,441
7674941,2.00678,2.02857,441,78591,0.418354,0.31,1,93288,92847,441
7677861,5.20136,2.00571,445,78618,0.451671,0.37,1,93294,92849,445
7680781,2.64027,6.00114,440,78645,0.458334,0.35,1,93296,92856,440
7683701,5.32805,5.20023,441,78672,0.435667,0.31,1,93302,92861,441
7686621,2.66561,2.64005,441,78699,0.399133,0.28,1,93304,92863,441
7689541,2.13312,2.12801,441,78726,0.447827,0.35,1,93306,92865,441
7692461,2.02662,2.0256,441,78753,0.457565,0.31,1,93308,92867,441
7693921,161.205,2.00512,640,78780,0.419513,0.43,1,93509,92869,640
7696841,129.841,258.001,440,78807,0.427903,0.43,1,93631,93191,440
7699761,27.5682,53.2002,440,78834,0.501581,0.39,1,93633,93193,440
7702681,7.11364,12.24,440,78861,0.524316,0.4,1,93635,93195,440
7705601,3.02273,4.04801,440,78888,0.528863,0.36,1,93637,93197,440
7708521,2.20455,2.4096,440,78915,0.529773,0.36,1,93639,93199,440
7711441,3.64091,2.08192,442,78942,0.497955,0.38,1,93643,93201,442
7714361,3.92818,4.41638,441,78969,0.507591,0.34,1,93647,93206,441
7717281,7.18564,12.0833,435,78995,0.493518,0.39,1,93655,93220,435
7720201,9.43713,4.81666,442,79021,0.402704,0.35,1,93665,93223,442
7723121,3.48743,2.56333,442,79047,0.472541,0.29,1,93667,93225,442
7726041,2.29749,2.91267,441,79073,0.454508,0.25,1,93669,93228,441
7728961,2.0595,2.18253,441,79099,0.418902,0.39,1,93671,93230,441
7731881,28.4119,27.6365,442,79125,0.49178,0.38,1,93706,93264,442
7734801,8.88238,7.9273,443,79151,0.506356,0.4,1,93710,93267,443
7737721,4.17648,7.18546,439,79177,0.493271,0.39,1,93713,93274,439
7740641,8.0353,6.23709,442,79203,0.474654,0.37,1,93722,93280,442
7743561,4.80706,2.84742,444,79229,0.438931,0.33,1,93726,93282,444
7746481,2.56141,2.16948,444,79255,0.471786,0.33,1,93728,93284,444
7749401,2.11228,2.0339,444,79281,0.446357,0.44,1,93730,93286,444
7752321,2.02246,2.00678,444,79307,0.409271,0.46,1,93732,93288,444
7755241,3.60449,5.20136,442,79333,0.377854,0.46,1,93736,93294,442
7758161,3.9209,2.64027,444,79359,0.475571,0.43,1,93740,93296,444
7761081,5.58418,5.32805,444,79385,0.471114,0.39,1,93746,93302,444
7764001,2.71684,2.66561,444,79411,0.470223,0.46,1,93748,93304,444
7766921,2.14337,2.13312,444,79437,0.438045,0.46,1,93750,93306,444
7769841,2.02867,2.02662,444,79463,0.431609,0.41,1,93752,93308,444
7772761,259.606,161.205,567,79489,0.462322,0.43,1,94076,93509,567
7775681,53.5211,129.841,447,79515,0.468464,0.52,1,94078,93631,447
7778601,12.3042,27.5682,447,79541,0.509693,0.53,1,94080,93633,447
7781521,4.06085,7.11364,447,79567,0.517939,0.53,1,94082,93635,447
7784441,2.41217,3.02273,447,79593,0.519588,0.53,1,94084,93637,447
7787361,2.08243,2.20455,447,79619,0.519918,0.49,1,94086,93639,447
7790281,2.01649,3.64091,445,79645,0.543984,0.51,1,94088,93643,445
7793201,2.0033,3.92818,443,79671,0.556797,0.49,1,94090,93647,443
7796121,5.20066,7.18564,441,79697,0.559359,0.38,1,94096,93655,441
7799041,12.2401,9.43713,445,79723,0.463872,0.49,1,94110,93665,445
7801961,4.04803,3.48743,445,79749,0.468774,0.45,1,94112,93667,445
7804881,4.00961,2.29749,447,79775,0.461755,0.41,1,94116,93669,447
7807801,2.40192,2.0595,447,79801,0.524351,0.51,1,94118,93671,447
7810721,27.6804,28.4119,446,79827,0.56887,0.51,1,94152,93706,446
7813641,8.73608,8.88238,446,79853,0.537774,0.49,1,94156,93710,446
7816561,3.34722,4.17648,445,79879,0.539555,0.47,1,94158,93713,445
7819481,6.26944,8.0353,443,79905,0.523911,0.43,1,94165,93722,443
7822401,2.85389,4.80706,441,79931,0.520782,0.48,1,94167,93726,441
7825321,7.77078,2.56141,448,79957,0.488156,0.44,1,94176,93728,448
7828241,3.15416,2.11228,448,79983,0.537631,0.4,1,94178,93730,448
7831161,2.23083,2.02246,448,80009,0.515526,0.37,1,94180,93732,448
7834081,2.04617,3.60449,446,80035,0.479105,0.5,1,94182,93736,446
7837001,2.00923,3.9209,444,80061,0.543821,0.47,1,94184,93740,444
7839921,6.00185,5.58418,445,80087,0.540764,0.47,1,94191,93746,445
7842841,2.80037,2.71684,445,80113,0.564153,0.43,1,94193,93748,445
7845761,2.16007,2.14337,445,80139,0.576831,0.43,1,94195,93750,445
7848681,3.63201,2.02867,447,80165,0.515366,0.47,1,94199,93752,447
7851601,260.726,259.606,448,80191,0.575073,0.47,1,94524,94076,448
7854521,55.3453,53.5211,450,80217,0.643015,0.52,1,94528,94078,450
7857441,12.6691,12.3042,450,80243,0.656603,0.52,1,94530,94080,450
7860361,4.13381,4.06085,450,80269,0.667321,0.52,1,94532,94082,450
7863281,2.42676,2.41217,450,80295,0.669464,0.52,1,94534,94084,450
7866201,2.08535,2.08243,450,80321,0.693893,0.55,1,94536,94086,450
7869121,2.01707,2.01649,450,80347,0.666779,0.56,1,94538,94088,450
7872041,2.00341,2.0033,450,80373,0.661356,0.56,1,94540,94090,450
7874961,2.00068,5.20066,446,80399,0.660271,0.44,1,94542,94096,446
7877881,13.2001,12.2401,448,80425,0.628054,0.47,1,94558,94110,448
7880801,4.24003,4.04803,448,80451,0.589611,0.46,1,94560,94112,448
7883721,4.04801,4.00961,448,80477,0.525922,0.54,1,94564,94116,448
7886641,4.0096,2.40192,450,80503,0.601184,0.58,1,94568,94118,450
7889561,27.2019,27.6804,449,80529,0.672237,0.53,1,94601,94152,449
7892481,7.04038,8.73608,447,80555,0.686447,0.54,1,94603,94156,447
7895401,4.60808,3.34722,449,80581,0.713289,0.52,1,94607,94158,449
7898321,3.32162,6.26944,445,80607,0.702658,0.52,1,94610,94165,445
7901241,3.86432,2.85389,447,80633,0.708532,0.48,1,94614,94167,447
7904161,9.57286,7.77078,449,80659,0.645706,0.55,1,94625,94176,449
7907081,3.51457,3.15416,449,80685,0.601141,0.51,1,94627,94178,449
7910001,2.30291,2.23083,449,80711,0.560228,0.47,1,94629,94180,449
7912921,3.66058,2.04617,451,80737,0.576046,0.56,1,94633,94182,451
7915841,2.33212,2.00923,451,80763,0.547209,0.54,1,94635,94184,451
7918761,2.06642,6.00185,446,80789,0.541442,0.57,1,94637,94191,446
7921681,2.01328,2.80037,446,80815,0.540288,0.58,1,94639,94193,446
7924601,3.60266,2.16007,448,80841,0.516058,0.5,1,94643,94195,448
7927521,3.92053,3.63201,448,80867,0.631212,0.59,1,94647,94199,448
7930441,266.384,260.726,455,80893,0.582242,0.66,1,94979,94524,455
7933361,56.4768,55.3453,455,80919,0.508448,0.66,1,94983,94528,455
7936281,12.8954,12.6691,455,80945,0.61369,0.67,1,94985,94530,455
7939201,4.17907,4.13381,455,80971,0.634738,0.67,1,94987,94532,455
7942121,4.03581,2.42676,457,80997,0.638948,0.67,1,94991,94534,457
7945041,2.40716,0.485352,459,81023,0.615789,0.7,1,94993,94534,459
7947961,2.08143,1.69707,459,81049,0.635158,0.66,1,94995,94536,459
7950881,2.01629,1.93941,459,81075,0.639032,0.66,1,94997,94538,459
7953801,2.00326,1.98788,459,81101,0.639806,0.66,1,94999,94540,459
7956721,10.0007,1.99758,469,81127,0.631961,0.62,1,95011,94542,469
7959641,6.00013,13.1995,458,81153,0.542392,0.58,1,95016,94558,458
7962561,2.80003,4.2399,458,81179,0.500478,0.51,1,95018,94560,458
7965481,4.56001,4.04798,459,81205,0.532096,0.62,1,95023,94564,459
7968401,27.312,4.0096,488,81231,0.602419,0.69,1,95056,94568,488
7971321,7.0624,27.2019,457,81257,0.616484,0.69,1,95058,94601,457
7974241,3.01248,7.04038,457,81283,0.643297,0.72,1,95060,94603,457
7977161,3.0025,4.60808,456,81309,0.600659,0.7,1,95063,94607,456
7980081,3.0005,3.32162,456,81335,0.608132,0.71,1,95066,94610,456
7983001,7.0001,3.86432,460,81361,0.657626,0.63,1,95074,94614,460
7985921,3.00002,9.57286,451,81387,0.643525,0.59,1,95076,94625,451
7988841,2.2,3.51457,451,81413,0.664705,0.55,1,95078,94627,451
7991761,2.04,2.30291,451,81439,0.636941,0.58,1,95080,94629,451
7994681,7.608,3.66058,456,81465,0.671388,0.54,1,95089,94633,456
7997601,3.1216,2.33212,456,81491,0.678278,0.54,1,95091,94635,456
8000521,2.22432,2.06642,456,81517,0.647656,0.54,1,95093,94637,456
8003441,2.04486,2.01328,456,81543,0.609531,0.51,1,95095,94639,456
8006361,2.00897,3.60266,454,81569,0.569906,0.66,1,95097,94643,454
8007821,161.202,3.92053,651,81595,0.681981,0.57,1,95298,94647,651
8010741,140.24,266.384,454,81621,0.608396,0.49,1,95433,94979,454
8013661,29.6481,56.4768,452,81647,0.697679,0.64,1,95435,94983,452
8016581,9.12961,12.8954,454,81673,0.683536,0.64,1,95439,94985,454
8019501,3.42592,4.17907,454,81699,0.680707,0.64,1,95441,94987,454
8022421,2.28518,4.03581,452,81725,0.656141,0.61,1,95443,94991,452
8025341,2.05704,2.40716,452,81751,0.651228,0.64,1,95445,94993,452
8028261,2.01141,2.08143,452,81777,0.754246,0.64,2,95447,94995,452
8031181,2.00228,2.01629,452,81803,0.742849,0.64,1,95449,94997,452
8034101,3.60046,2.00326,454,81829,0.74057,0.63,1,95453,94999,454
8037021,7.12009,10.0007,450,81855,0.788114,0.52,2,95461,95011,450
8039941,3.02402,6.00013,447,81881,0.765623,0.49,2,95463,95016,447
8042861,2.2048,2.80003,447,81907,0.785125,0.54,2,95465,95018,447
8045781,5.24096,4.56001,448,81933,0.749025,0.62,1,95471,95023,448
8048701,31.4482,27.312,453,81959,0.797805,0.62,2,95509,95056,453
8051621,7.88964,7.0624,453,81985,0.815561,0.65,2,95511,95058,453
8054541,3.97793,3.01248,454,82010,0.843112,0.59,2,95514,95060,454
8057461,3.99559,3.0025,455,82035,0.832622,0.61,2,95518,95063,455
8060381,2.39912,3.0005,454,82060,0.830525,0.67,2,95520,95066,454
8063301,3.67982,7.0001,450,82085,0.806105,0.64,2,95524,95074,450
8066221,2.33596,3.00002,450,82110,0.801221,0.67,2,95526,95076,450
8069141,3.66719,2.2,452,82135,0.760244,0.63,2,95530,95078,452
8072061,5.53344,2.04,456,82160,0.728049,0.68,1,95536,95080,456
8074981,2.70669,7.608,449,82185,0.72961,0.68,1,95538,95089,449
8077901,2.14134,3.1216,449,82210,0.697922,0.64,1,95540,95091,449
8080821,7.62827,2.22432,456,82235,0.683584,0.6,1,95549,95093,456
8083741,3.12565,2.04486,456,82260,0.680717,0.56,1,95551,95095,456
8086661,2.22513,2.00897,456,82285,0.736143,0.71,1,95553,95097,456
8089581,267.645,161.202,589,82310,0.723229,0.59,1,95887,95298,589
8092501,55.929,140.24,457,82335,0.672646,0.72,1,95890,95433,457
8095421,17.5858,29.6481,463,82360,0.790529,0.68,2,95898,95435,463
8098341,5.11716,9.12961,461,82385,0.790106,0.68,2,95900,95439,461
8101261,2.62343,3.42592,461,82410,0.790021,0.65,2,95902,95441,461
8104181,3.72469,2.28518,463,82435,0.726004,0.65,1,95906,95443,463
8107101,2.34494,2.05704,463,82460,0.681201,0.78,1,95908,95445,463
8110021,2.06899,2.01141,463,82485,0.75224,0.74,2,95910,95447,463
8112941,2.0138,2.00228,463,82510,0.766448,0.74,2,95912,95449,463
8115861,3.60276,3.60046,463,82535,0.73729,0.8,1,95916,95453,463
8118781,7.12055,7.12009,463,82560,0.755458,0.76,2,95924,95461,463
8121701,3.02411,3.02402,463,82585,0.727092,0.79,1,95926,95463,463
8124621,2.20482,2.2048,463,82610,0.721418,0.74,1,95928,95465,463
8127541,3.64096,5.24096,461,82635,0.656284,0.81,1,95932,95471,461
8130461,32.7282,31.4482,463,82660,0.659257,0.82,1,95972,95509,463
8133381,8.14564,7.88964,463,82685,0.715851,0.85,1,95974,95511,463
8136301,3.22913,3.97793,462,82710,0.72717,0.83,1,95976,95514,462
8139221,2.24583,3.99559,460,82735,0.729434,0.83,1,95978,95518,460
8142141,2.04917,2.39912,460,82760,0.753887,0.8,2,95980,95520,460
8145061,2.00983,3.67982,458,82785,0.758777,0.8,2,95982,95524,458
8147981,2.00197,2.33596,458,82810,0.759755,0.75,2,95984,95526,458
8150901,3.60039,3.66719,458,82835,0.759951,0.72,2,95988,95530,458
8153821,3.12008,5.53344,455,82860,0.78399,0.73,2,95991,95536,455
8156741,2.22402,2.70669,455,82885,0.788798,0.69,2,95993,95538,455
8159661,2.0448,2.14134,455,82910,0.79776,0.68,2,95995,95540,455
8162581,6.80896,7.62827,454,82935,0.791552,0.68,2,96003,95549,454
8165501,8.56179,3.12565,461,82960,0.71031,0.75,1,96012,95551,461
8168421,3.31236,2.22513,461,82985,0.790062,0.72,2,96014,95553,461
8171341,267.862,267.645,461,83010,0.790012,0.66,2,96348,95887,461
8174261,55.1725,55.929,460,83035,0.790003,0.82,2,96350,95890,460
8177181,14.2345,17.5858,456,83060,0.726,0.79,1,96354,95898,456
8180101,7.6469,5.11716,460,83085,0.8092,0.79,2,96360,95900,460
8183021,3.12938,2.62343,460,83110,0.82584,0.71,2,96362,95902,460
8185941,2.22588,3.72469,458,83135,0.797168,0.67,2,96364,95906,458
8188861,2.04518,2.34494,458,83160,0.791434,0.77,2,96366,95908,458
8191781,3.60904,2.06899,460,83185,0.790287,0.77,2,96370,95910,460
8194701,2.32181,2.0138,460,83210,0.790057,0.73,2,96372,95912,460
8197621,2.06436,3.60276,458,83235,0.790011,0.76,2,96374,95916,458
8200541,3.61287,7.12055,454,83260,0.830002,0.72,2,96378,95924,454
8203461,2.32257,3.02411,454,83285,0.806,0.72,2,96380,95926,454
8206381,2.06451,2.20482,454,83310,0.8092,0.64,2,96382,95928,454
8209301,7.6129,3.64096,459,83335,0.84184,0.66,2,96391,95932,459
8212221,35.1226,32.7282,461,83360,0.784368,0.73,2,96433,95972,461
8215141,8.62452,8.14564,461,83385,0.772874,0.73,2,96435,95974,461
8218061,3.3249,3.22913,461,83410,0.770575,0.73,2,96437,95976,461
8220981,2.26498,2.24583,461,83435,0.786115,0.76,2,96439,95978,461
8223901,2.053,2.04917,461,83460,0.789223,0.76,2,96441,95980,461
8226821,2.0106,2.00983,461,83485,0.805845,0.76,2,96443,95982,461
8229741,2.00212,2.00197,461,83510,0.809169,0.76,2,96445,95984,461
8232661,2.00042,3.60039,459,83535,0.817834,0.79,2,96447,95988,459
8235581,2.00008,3.12008,458,83560,0.819567,0.79,2,96449,95991,458
8238501,5.20002,2.22402,462,83585,0.819913,0.8,2,96455,95993,462
8241421,2.64,2.0448,462,83610,0.827983,0.79,2,96457,95995,462
8244341,3.728,6.80896,458,83635,0.837597,0.69,2,96461,96003,458
8247261,10.3456,8.56179,461,83660,0.799519,0.81,2,96473,96012,461
8250181,3.66912,3.31236,461,83685,0.759904,0.79,2,96475,96014,461
8253101,263.134,267.862,455,83710,0.719981,0.79,1,96803,96348,455
8256021,61.4268,55.1725,464,83735,0.759996,0.71,2,96814,96350,464
8258941,13.8854,14.2345,462,83760,0.759999,0.83,2,96816,96354,462
8261861,7.57707,7.6469,462,83785,0.776,0.83,2,96822,96360,462
8264781,3.11541,3.12938,462,83810,0.7392,0.79,1,96824,96362,462
8267701,2.22308,2.22588,462,83835,0.73184,0.79,1,96826,96364,462
8270621,3.64462,2.04518,464,83860,0.770368,0.79,2,96830,96366,464
8273541,2.32892,3.60904,462,83885,0.746074,0.79,1,96832,96370,462
8276461,2.06578,2.32181,462,83910,0.789215,0.79,2,96834,96372,462
8279381,3.61316,0.464361,466,83935,0.797843,0.79,2,96838,96372,466
8282301,2.32263,1.69287,466,83960,0.767569,0.84,2,96840,96374,466
8285221,2.06453,3.53857,464,83985,0.801514,0.8,2,96842,96378,464
8288141,2.01291,2.30771,464,84010,0.808303,0.81,2,96844,96380,464
8291061,4.40258,2.06154,467,84035,0.801661,0.85,2,96849,96382,467
8293981,38.4805,7.61231,505,84060,0.792332,0.77,2,96896,96391,505
8296901,9.2961,35.1225,465,84085,0.798466,0.77,2,96898,96433,465
8299821,3.45922,8.62449,465,84110,0.799693,0.77,2,96900,96435,465
8302741,2.29184,3.3249,465,84135,0.799939,0.79,2,96902,96437,465
8305661,2.05837,2.26498,465,84160,0.767988,0.79,2,96904,96439,465
8308581,2.01167,2.053,465,84185,0.745598,0.81,1,96906,96441,465
8311501,2.00233,2.0106,465,84210,0.74112,0.81,1,96908,96443,465
8314421,2.00047,2.00212,465,84235,0.740224,0.82,1,96910,96445,465
8317341,2.00009,2.00042,465,84260,0.740045,0.82,1,96912,96447,465
8320261,2.00002,2.00008,465,84285,0.748009,0.82,1,96914,96449,465
8323181,2,5.20002,461,84310,0.805602,0.83,2,96916,96455,461
8326101,2.8,2.64,462,84335,0.83312,0.84,2,96919,96457,462
8329021,9.36,3.728,469,84360,0.838624,0.79,2,96930,96461,469
8331941,3.472,10.3456,459,84385,0.807725,0.75,2,96932,96473,459
8333401,161.494,3.66912,658,84410,0.841545,0.71,2,97133,96475,658
8336321,136.299,263.134,460,84435,0.888309,0.77,2,97263,96803,460
8339241,36.0598,61.4268,460,84460,0.913662,0.76,2,97274,96814,460
8342161,8.81195,13.8854,460,84485,0.886732,0.78,2,97276,96816,460
8345081,7.36239,7.57707,461,84510,0.833346,0.73,2,97283,96822,461
8348001,4.67248,3.11541,463,84535,0.886669,0.73,2,97287,96824,463
8350921,2.5345,2.22308,463,84560,0.865334,0.78,2,97289,96826,463
8353841,2.1069,3.64462,461,84585,0.829067,0.74,2,97291,96830,461
8356761,4.42138,2.32892,464,84610,0.837813,0.8,2,97296,96832,464
8359681,2.48428,2.06578,464,84635,0.839563,0.8,2,97298,96834,464
8362601,2.09686,3.61316,462,84660,0.839913,0.76,2,97300,96838,462
8365521,2.01937,2.32263,462,84685,0.895983,0.81,2,97302,96840,462
8368441,2.00387,2.06453,462,84710,0.883196,0.81,2,97304,96842,462
8371361,2.00077,2.01291,462,84735,0.848639,0.8,2,97306,96844,462
8374281,3.60015,4.40258,461,84760,0.841728,0.79,2,97310,96849,461
8397641,2,2,464,84960,0.94,0.74,2,97374,96910,464
8400561,2,2,464,84985,0.9,0.75,2,97376,96912,464
8403481,2,2,464,85010,0.892,0.82,2,97378,96914,464
8406401,2,2,464,85035,0.8584,0.84,2,97380,96916,464
8409321,2,2.8,463,85060,0.85168,0.84,2,97382,96919,463
8412241,2,9.36,454,85085,0.906336,0.8,2,97384,96930,454
8415161,9.2,3.472,463,85110,0.925267,0.85,2,97395,96932,463
8418081,269.84,161.494,597,85135,0.937053,0.9,2,97730,97133,597
8421001,60.368,136.299,475,85160,0.891411,0.92,2,97738,97263,475
8423921,16.0736,36.0598,469,85185,0.874282,0.88,2,97743,97274,469
8426841,5.61472,8.81195,470,85210,0.910856,0.82,2,97746,97276,470
8429761,5.12294,7.36239,468,85235,0.870171,0.9,2,97751,97283,468
8432681,2.62459,4.67248,466,85260,0.830034,0.86,2,97753,97287,466
8435601,5.32492,2.5345,470,85285,0.902007,0.82,2,97759,97289,470
8438521,2.66498,2.1069,470,85309,0.892401,0.84,2,97761,97291,470
8441441,2.133,4.42138,467,85333,0.89848,0.84,2,97763,97296,467
8444361,2.8266,2.48428,468,85357,0.939696,0.84,2,97766,97298,468
8447281,2.96532,2.09686,469,85381,0.899939,0.91,2,97769,97300,469
8450201,2.19306,2.01937,469,85405,0.891988,0.88,2,97771,97302,469
8453121,2.03861,2.00387,469,85429,0.890398,0.84,2,97773,97304,469
8456041,2.00772,2.00077,469,85453,0.89008,0.84,2,97775,97306,469
8458961,2.00154,3.60015,467,85477,0.890016,0.98,2,97777,97310,467
8461881,38.0003,37.52,468,85501,0.914003,0.98,2,97824,97356,468
8464801,9.20006,9.10401,468,85525,0.974801,0.98,2,97826,97358,468
8517361,2,2,468,85957,1,0.92,2,98221,97753,468
8520281,5.2,5.2,468,85981,0.912,0.89,2,98227,97759,468
8523201,2.64,2.64,468,86005,0.9024,0.9,2,98229,97761,468
8526121,2.128,2.128,468,86029,0.98048,0.95,2,98231,97763,468
8604961,3,6,469,86677,0.98,0.9,2,98696,98227,469
8607881,2.2,2.8,469,86701,0.948,1,2,98698,98229,469
8637081,2,2,475,86941,0.86,1,2,98773,98298,475
8640001,2,2,475,86965,0.9,1,2,98775,98300,475
8642921,2,2,475,86989,0.908,1,2,98777,98302,475
8645841,2,2,475,87013,0.9096,1,2,98779,98304,475
8648761,2,2,475,87037,0.90992,1,2,98781,98306,475
8651681,2,2,475,87061,0.909984,1,2,98783,98308,475
8654601,2,2,475,87085,0.909997,1,2,98785,98310,475
8657521,2,2,475,87109,0.949999,0.98,2,98787,98312,475
8705701,2,2,470,87517,0.99,1,2,99180,98710,470
8734901,2,2,471,87757,0.85,0.91,2,99252,98781,471
8737821,2,2,471,87781,0.922,0.91,2,99254,98783,471
8740741,2,2,471,87805,0.9524,0.96,2,99256,98785,471
8743661,2,2,471,87829,0.93448,0.97,2,99258,98787,471
8746581,2,2,471,87853,0.930896,0.97,2,99260,98789,471
8749501,2,2,471,87877,0.914179,0.97,2,99262,98791,471
8752421,2,2,471,87901,0.878836,0.97,2,99264,98793,471
8755341,2,2,471,87925,0.887767,0.93,2,99266,98795,471
9177281,5,9,482,43896,0.07,1,1,101680,101198,482
9180201,9.8,12.2,480,43944,0.022,0.78,1,101691,101211,480
9183121,196.36,131.24,562,43992,0.4844,0.05,1,101934,101372,562
9186041,52.072,146.248,428,44040,0.51288,0.01,1,101950,101522,428
9188961,24.8144,42.0496,430,44088,0.462576,0.01,1,101968,101538,430
9191881,16.9629,21.2099,429,44136,0.348515,0.02,1,101983,101554,429
9194801,20.9926,17.842,434,44184,0.357703,0,1,102005,101571,434
9197721,10.5985,15.5684,427,44232,0.263541,0.06,1,102013,101586,427
9200641,14.1197,12.7137,430,44280,0.212708,0.04,1,102028,101598,430
9203561,14.0239,12.9427,431,44328,0.218542,0.01,1,102042,101611,431
9206481,18.0048,15.3885,434,44376,0.0837083,0.04,1,102061,101627,434
9208161,20.401,24.6777,428,44424,0.0807417,0.07,1,102082,101654,428
9211081,21.6802,27.3355,422,44471,0.120148,0.07,1,102104,101682,422
9214001,5.93604,5.46711,424,44518,0.12803,0.07,1,102106,101682,424
9216921,2.78721,1.09342,426,44565,0.129606,0.07,1,102108,101682,426
9219841,2.15744,0.218684,428,44612,0.129921,0.01,1,102110,101682,428
9222761,6.83149,7.24374,427,44659,0.0979842,0.6,1,102118,101691,427
9225681,213.366,195.849,449,44706,0.299597,0.6,1,102383,101934,449
9228601,52.2733,39.1697,461,44753,0.347919,0.52,1,102395,101934,461
9231521,19.2547,20.6339,456,44800,0.309584,0.45,1,102406,101950,456
9234441,15.8509,18.5268,453,44847,0.261917,0.32,1,102421,101968,453
9237361,15.1702,15.7054,453,44894,0.260383,0.36,1,102436,101983,453
9240281,11.834,20.7411,442,44941,0.300077,0.24,1,102447,102005,442
9243201,7.96681,10.5482,441,44988,0.236015,0.2,1,102454,102013,441
9246121,12.7934,14.1096,440,45035,0.255203,0.22,1,102468,102028,440
9249041,13.7587,14.0219,440,45082,0.283041,0.05,1,102482,102042,440
9251961,25.1517,18.0044,449,45129,0.192608,0.13,1,102510,102061,449
9254881,21.0303,38.0009,426,45176,0.278522,0.13,1,102530,102104,426
9257801,5.80607,9.20018,426,45223,0.295704,0.13,1,102532,102106,426
9260721,2.76121,3.44003,426,45270,0.299141,0.13,1,102534,102108,426
9263641,2.15224,2.28801,426,45317,0.307828,0.09,1,102536,102110,426
9266561,8.43045,6.8576,428,45364,0.277566,0.35,1,102546,102118,428
9269481,222.486,213.372,439,45410,0.639513,0.36,1,102822,102383,439
9272401,51.6972,52.2743,436,45456,0.663903,0.3,1,102831,102395,436
9275321,19.1394,19.2549,436,45502,0.652781,0.25,1,102842,102406,436
9278241,15.0279,15.851,435,45548,0.682556,0.26,1,102856,102421,435
9281161,16.6056,15.1702,437,45594,0.704511,0.31,1,102873,102436,437
9284081,9.72112,11.834,434,45640,0.636902,0.22,1,102881,102447,434
9287001,9.94422,7.96681,437,45686,0.65538,0.26,1,102891,102454,437
9289921,13.1888,12.7934,437,45732,0.675076,0.29,1,102905,102468,437
9292841,10.6378,13.7587,433,45778,0.615015,0.17,1,102915,102482,433
9295761,22.1276,25.1517,430,45824,0.659003,0.3,1,102940,102510,430
9298681,23.6255,21.0303,434,45870,0.787801,0.3,2,102964,102530,434
9301601,6.3251,5.80607,434,45916,0.81356,0.3,2,102966,102532,434
9304521,2.86502,1.16121,436,45962,0.826712,0.3,2,102968,102532,436
9307441,2.173,1.83224,436,46008,0.829342,0.31,2,102970,102534,436
9310361,6.8346,1.96645,442,46054,0.797868,0.27,2,102978,102536,442
9311821,162.167,8.39329,633,46100,0.927574,0.73,2,103179,102546,633
9602361,11,16,475,50467,0.9,1,2,106151,105676,475
9605281,11,12,475,50509,0.876,1,2,106162,105687,475
9608201,11,9.6,477,50551,0.8072,1,2,106173,105696,477
9611121,13.4,11.52,479,50593,0.71344,1,1,106187,105708,479
9614041,21.08,11.104,491,50635,0.582688,1,1,106210,105719,491
9616961,13.016,11.0208,491,50677,0.492538,1,1,106221,105730,491
9619881,17.0032,19.8042,487,50719,0.338508,1,1,106239,105752,487
9622801,15.4006,28.7608,471,50761,0.243702,1,1,106254,105783,471
9625721,29.4801,24.9522,480,50802,0.16874,1,1,106287,105807,480
9628641,14.696,13.7904,480,50843,0.161748,0.99,1,106298,105818,480
9631561,9.3392,12.3581,476,50884,0.12835,0.97,1,106306,105830,476
9634481,8.26784,11.2716,473,50925,0.0656699,0.9,1,106314,105841,473
9637401,13.6536,10.2543,478,50966,0.013134,0.94,1,106329,105851,478
9640321,6.73071,8.45086,475,51007,0.0346268,1,1,106334,105859,475
9643241,7.74614,8.89017,474,51048,0.0149254,0.91,1,106342,105868,474
9646161,203.949,211.378,465,51089,0.0269851,0.86,1,106595,106130,465
9649081,49.5898,50.2756,466,51130,0.077397,0.9,1,106606,106140,466
9652001,17.118,18.8551,464,51171,0.0474794,0.87,1,106615,106151,464
9654921,9.82359,12.571,461,51212,0.0174959,0.79,1,106623,106162,461
9657841,5.96472,11.3142,455,51253,0.699499,0.69,1,106628,106173,455
9660761,12.3929,13.4628,455,51294,0.8039,0.55,2,106642,106187,455
9663681,12.8786,21.0926,445,51335,0.71278,0.47,1,106655,106210,445
9666601,5.77572,13.0185,438,51376,0.686556,0.3,1,106659,106221,438
9669521,12.3551,17.0037,434,51417,0.625311,0.22,1,106673,106239,434
9672441,12.871,15.4007,432,51458,0.637062,0.15,1,106686,106254,432
9675361,26.5742,29.4801,429,51499,0.527412,0.16,1,106716,106287,429
9678281,11.7148,14.696,426,51540,0.585482,0.12,1,106724,106298,426
9681201,6.34297,9.33921,423,51581,0.597097,0.05,1,106729,106306,423
9684121,6.86859,8.26784,422,51622,0.543419,0,1,106736,106314,422
9687041,13.3737,13.6536,422,51663,0.516684,0.04,1,106751,106329,422
9689961,8.27474,6.73071,424,51704,0.479337,0.01,1,106758,106334,424
9692881,7.25495,7.74614,423,51745,0.383867,0.03,1,106765,106342,423
9695801,204.651,203.949,424,51786,0.0767735,0.03,1,107019,106595,424
9698721,48.1302,40.7898,433,51827,0.0393547,0.09,1,107028,106595,433
9701641,49.626,16.958,472,51868,0.0318709,0.04,1,107078,106606,472
9704561,14.7252,10.5916,469,51909,0.0703742,0.01,1,107084,106615,469
9707481,7.74504,8.51832,467,51950,0.0700748,0.87,1,107090,106623,467
9710401,6.34901,5.70366,468,51991,0.070015,0.83,1,107096,106628,468
9713321,10.8698,12.3407,466,52031,0.070003,0.69,1,107108,106642,466
9716241,5.37396,12.8681,457,52071,0.0380006,0.68,1,107112,106655,457
9719161,11.4748,5.77363,466,52111,0.0716001,0.61,1,107125,106659,466
9722081,11.095,12.3547,463,52151,0.09432,0.64,1,107136,106673,463
9725001,26.219,12.8709,480,52191,0.074864,0.5,1,107166,106686,480
9727921,8.4438,26.5742,454,52231,0.0789728,0.6,1,107170,106716,454
9730841,7.28876,11.7148,453,52271,0.0797946,0.6,1,107177,106724,453
9733761,8.65775,6.34297,457,52311,0.135959,0.53,1,107186,106729,457
9736681,6.53155,6.86859,456,52351,0.0831918,0.51,1,107192,106736,456
9739601,6.90631,13.3737,448,52391,0.0806383,0.47,1,107199,106751,448
9742521,4.58126,8.27474,445,52431,0.0881277,0.36,1,107203,106758,445
9743981,161.716,7.25495,639,52471,0.0736255,0,1,107404,106765,639
9746901,61.9432,204.651,422,52511,0.0387251,0.03,1,107441,107019,422
9749821,19.5886,48.1302,422,52551,0.031745,0.03,1,107450,107028,422
9752741,46.3177,49.626,425,52591,0.014349,0.08,1,107503,107078,425
9755661,14.0635,14.7252,425,52631,0.0268698,0.07,1,107509,107084,425
9758581,7.61271,7.74504,425,52671,0.013374,0.07,1,107515,107090,425
9761501,6.32254,6.34901,425,52711,0.0106748,0.07,1,107521,107096,425
9764421,8.46451,10.8698,422,52751,0.026135,0.03,1,107530,107108,422
9767341,8.8929,5.37396,427,52791,0.013227,0.08,1,107539,107112,427
9770261,9.77858,11.4748,424,52831,0.0106454,0.1,1,107549,107125,424
9773181,10.7557,11.095,424,52871,0.0901291,0.07,1,107560,107136,424
9776101,26.1511,26.219,424,52911,0.0980258,0.08,1,107590,107166,424
9779021,6.83023,8.4438,422,52951,0.0676052,0.08,1,107592,107170,422
9781941,11.766,7.28876,428,52991,0.037521,0.15,1,107605,107177,428
9784861,7.15321,8.65775,425,53031,0.0795042,0.07,1,107611,107186,425
9787781,6.23064,6.53155,425,53071,0.143901,0.08,1,107617,107192,425
9790701,4.44613,6.90631,422,53111,0.0927802,0.09,1,107621,107199,422
9793621,4.08923,4.58126,422,53151,0.162556,0.07,1,107625,107203,422
9796541,190.418,161.716,458,53191,0.0565112,0.03,1,107862,107404,458
9799461,45.2836,61.9432,430,53231,0.0673022,0.03,1,107871,107441,430
9802381,10.6567,19.5886,423,53271,0.0694604,0.01,1,107873,107450,423
9805301,43.7313,46.3177,422,53311,0.0218921,0.03,1,107925,107503,422
9808221,13.5463,14.0635,422,53350,0.0603784,0.01,1,107931,107509,422
9811141,7.50925,7.61271,422,53389,0.0680757,0.01,1,107937,107515,422
9814061,6.30185,6.32254,422,53428,0.0696151,0.03,1,107943,107521,422
9816981,8.46037,8.46451,422,53467,0.053923,0.01,1,107952,107530,422
9819901,10.4921,8.8929,424,53506,0.0347846,0.01,1,107963,107539,424
9822821,11.6984,9.77858,426,53545,0.0149569,0.11,1,107975,107549,426
9825741,10.3397,10.7557,425,53584,0.0989914,0.1,1,107985,107560,425
9828661,23.6679,26.1511,422,53623,0.115798,0.06,1,108012,107590,422
9831581,6.33359,6.83023,422,53662,0.13516,0.03,1,108014,107592,422
9834501,17.2667,11.766,429,53701,0.0270319,0.09,1,108034,107605,429
9837421,6.65334,7.15321,427,53740,0.00540639,0.16,1,108038,107611,427
9840341,7.73067,6.23064,429,53779,0.0970813,0.08,1,108046,107617,429
9843261,3.14613,4.44613,427,53818,0.0834163,0.18,1,108048,107621,427
9846181,6.22923,4.08923,430,53857,0.200683,0.03,1,108055,107625,430
9849101,186.046,190.418,424,53896,0.0401366,0.07,1,108286,107862,424
9852021,42.8092,45.2836,422,53935,0.0160273,0.07,1,108293,107871,422
9854941,10.1618,10.6567,422,53974,0.0272055,0.01,1,108295,107873,422
9857861,44.4324,43.7313,423,54013,0.00544109,0.07,1,108348,107925,423
9860781,13.6865,13.5463,423,54052,0.0410882,0.07,1,108354,107931,423
9863701,7.53729,7.50925,423,54091,0.112218,0.07,1,108360,107937,423
9866621,6.30746,6.30185,423,54130,0.126444,0.05,1,108366,107943,423
9869541,7.66149,8.46037,422,54169,0.129289,0.03,1,108374,107952,422
9872461,10.3323,10.4921,422,54208,0.0818577,0.01,1,108385,107963,422
9875381,16.4665,11.6984,428,54247,0.0243715,0.12,1,108403,107975,428
9878301,10.4933,10.3397,427,54286,0.0848743,0.12,1,108412,107985,427
9881221,23.6987,23.6679,427,54325,0.0809749,0.14,1,108439,108012,427
9884141,6.33973,6.33359,427,54364,0.056195,0,1,108441,108014,427
9887061,17.2679,17.2667,427,54403,0.035239,0,1,108461,108034,427
9889981,5.05359,6.65334,425,54442,0.0070478,0.12,1,108463,108038,425
9892901,13.0107,7.73067,432,54481,0.14541,0.08,1,108478,108046,432
9895821,4.20214,3.14613,432,54520,0.141082,0.23,1,108480,108048,432
9898741,4.04043,6.22923,429,54559,0.0762164,0,1,108484,108055,429
9901661,180.008,186.046,422,54598,0.0872433,0.01,1,108708,108286,422
9904581,41.6016,42.8092,422,54637,0.0414487,0.03,1,108715,108293,422
9907501,9.92032,10.1618,422,54676,0.0322897,0,1,108717,108295,422
9910421,45.9841,44.4324,424,54714,0.00645795,0,1,108772,108348,424
9913341,14.7968,8.88647,431,54752,0.0732916,0.05,1,108779,108348,431
9916261,7.75936,6.57729,431,54790,0.0866583,0.13,1,108785,108354,431
9919181,6.35187,6.11546,431,54828,0.0893317,0.13,1,108791,108360,431
9922101,6.07037,6.02309,431,54866,0.0898663,0.13,1,108797,108366,431
9925021,8.41408,7.60462,432,54904,0.0739733,0.07,1,108806,108374,432
9927941,19.2828,10.3209,443,54942,0.0147947,0.01,1,108828,108385,443
9930861,11.8566,16.4642,435,54980,0.114959,0.1,1,108838,108403,435
9933781,20.7713,10.4928,449,55018,0.102992,0.08,1,108861,108412,449
9936701,5.75426,23.6986,424,55056,0.100598,0.05,1,108863,108439,424
9939621,16.3509,6.33971,441,55094,0.10812,0.03,1,108882,108441,441
9942541,4.87017,17.2679,423,55132,0.173624,0,1,108884,108461,423
9945461,19.374,5.05359,444,55170,0.114725,0.18,1,108907,108463,444
9948381,5.47481,13.0107,431,55208,0.070945,0.14,1,108909,108478,431
9951301,4.29496,4.20214,433,55246,0.038189,0.06,1,108913,108480,433
9952761,161.659,4.04043,630,55284,0.159638,0.09,1,109114,108484,630
9955681,45.1318,180.008,422,55322,0.199928,0.03,1,109130,108708,422
9958601,14.6264,41.6016,422,55360,0.191986,0.03,1,109137,108715,422
9961521,4.52527,9.92032,422,55398,0.190397,0,1,109139,108717,422
9964441,47.3051,45.9841,425,55436,0.126079,0.09,1,109197,108772,425
9967361,15.861,14.7968,426,55474,0.113216,0.09,1,109205,108779,426
9970281,7.9722,7.75936,426,55512,0.0786432,0.09,1,109211,108785,426
9973201,6.39444,6.35187,426,55550,0.0877286,0.09,1,109217,108791,426
9976121,6.07889,6.07037,426,55588,0.105546,0.07,1,109223,108797,426
9979041,5.21578,8.41408,422,55626,0.125109,0,1,109228,108806,422
9981961,24.2432,19.2828,429,55664,0.0250218,0.14,1,109257,108828,429
9984881,12.8486,11.8566,429,55702,0.0850044,0.1,1,109267,108838,429
9987801,19.3697,20.7713,427,55740,0.0810009,0.1,1,109288,108861,427
9990721,8.67395,5.75426,431,55778,0.0562002,0.11,1,109294,108863,431
9993641,10.5348,16.3509,423,55816,0.04324,0.19,1,109305,108882,423
9996561,3.70696,4.87017,423,55854,0.072648,0.1,1,109307,108884,423
9999481,21.5414,19.374,426,55892,0.0145296,0.06,1,109333,108907,426
10002401,7.50828,5.47481,428,55930,0.00290592,0.03,1,109337,108909,428
10005321,4.70166,4.29496,428,55968,0.000581184,0.19,1,109341,108913,428
10008241,175.34,161.659,445,56006,0.104116,0.21,1,109559,109114,445
10011161,39.8681,45.1318,435,56044,0.124823,0.19,1,109565,109130,435
10014081,9.57361,14.6264,430,56082,0.128965,0.19,1,109567,109137,430
10017001,45.1147,4.52527,482,56120,0.129793,0.11,1,109621,109139,482
10019921,15.4229,47.3051,432,56157,0.129959,0.11,1,109629,109197,432
10022841,4.68459,15.861,426,56194,0.145992,0.07,1,109631,109205,426
10025761,6.53692,7.9722,427,56231,0.133198,0.09,1,109638,109211,427
10028681,6.10738,6.39444,427,56268,0.16264,0.11,1,109644,109217,427
10031601,6.02148,6.07889,427,56305,0.168528,0.13,1,109650,109223,427
10034521,4.4043,5.21578,426,56342,0.137706,0,1,109654,109228,426
10037441,24.8809,24.2432,427,56379,0.0275411,0.1,1,109684,109257,427
10040361,12.9762,12.8486,427,56416,0.00550822,0.08,1,109694,109267,427
10043281,16.9952,19.3697,424,56453,0.105102,0.05,1,109712,109288,424
10046201,7.39905,8.67395,423,56490,0.14902,0.04,1,109717,109294,423
10049121,9.47981,10.5348,422,56527,0.125804,0.08,1,109727,109305,422
10052041,5.89596,3.70696,425,56564,0.0731608,0,1,109732,109307,425
10054961,27.5792,21.5414,432,56601,0.0146322,0,1,109765,109333,432
10057881,7.11584,7.50828,430,56638,0.00292643,0,1,109767,109337,430
10060801,7.82317,4.70166,434,56675,0.000585286,0.13,1,109775,109341,434
10063721,171.165,175.34,428,56712,0.104117,0.13,1,109987,109559,428
10066641,39.0329,39.8681,428,56749,0.124823,0.13,1,109993,109565,428
10069561,9.40658,9.57361,428,56786,0.128965,0.13,1,109995,109567,428
10072481,45.8813,45.1147,429,56823,0.113793,0.13,1,110050,109621,429
10075401,15.5763,15.4229,429,56860,0.110759,0.15,1,110058,109629,429
10078321,4.71525,4.68459,429,56897,0.110152,0.13,1,110060,109631,429
10081241,5.74305,6.53692,428,56934,0.14203,0.17,1,110066,109638,428
10084161,5.94861,6.10738,428,56971,0.148406,0.17,1,110072,109644,428
10087081,5.98972,6.02148,428,57008,0.165681,0.13,1,110078,109650,428
10090001,4.39794,4.4043,428,57045,0.153136,0,1,110082,109654,428
10092921,20.0796,24.8809,422,57082,0.0306272,0,1,110106,109684,422
10095841,16.8159,12.9762,428,57119,0.0141254,0.13,1,110122,109694,428
10098761,16.9632,16.9952,427,57156,0.114825,0.16,1,110139,109712,427
10101681,8.19264,7.39905,428,57193,0.142965,0.12,1,110145,109717,428
10104601,9.63853,9.47981,428,57230,0.092593,0.06,1,110155,109727,428
10107521,3.52771,5.89596,425,57267,0.0825186,0,1,110157,109732,425
10110441,24.7055,27.5792,422,57304,0.0645037,0,1,110187,109765,422
10113361,16.1411,7.11584,434,57341,0.0129007,0,1,110201,109767,434
10116281,6.42822,7.82317,430,57378,0.00258015,0.13,1,110205,109775,430
10119201,167.686,171.165,426,57415,0.136516,0.13,1,110413,109987,426
10122121,38.3371,39.0329,426,57452,0.131303,0.13,1,110419,109993,426
10125041,9.26743,9.40658,426,57489,0.162261,0.11,1,110421,109995,426
10127961,46.6535,45.8813,427,57526,0.296452,0.11,1,110477,110050,427
10130881,15.7307,15.5763,427,57563,0.32329,0.11,1,110485,110058,427
10133801,4.74614,4.71525,427,57600,0.328658,0.15,1,110487,110060,427
10136721,5.74923,5.74305,427,57637,0.361732,0.15,1,110493,110066,427
10139641,6.74985,1.14861,434,57673,0.352346,0.15,1,110500,110066,434
10142561,6.14997,5.02972,434,57709,0.350469,0.17,1,110506,110072,434
10145481,4.42999,5.80594,432,57745,0.350094,0.15,1,110510,110078,432
10148401,14.486,4.36119,445,57781,0.334019,0,1,110527,110082,445
10151321,16.4972,20.0722,438,57817,0.218804,0.01,1,110544,110106,438
10154241,20.0994,16.8144,443,57853,0.0677608,0.14,1,110565,110122,443
10157161,8.01989,16.9629,431,57889,0.125552,0.15,1,110570,110139,431
10160081,6.40398,8.19258,431,57925,0.17711,0.08,1,110576,110145,431
10163001,2.8808,9.63852,423,57961,0.155422,0.08,1,110578,110155,423
10165921,24.5762,3.5277,451,57997,0.0390844,0.06,1,110608,110157,451
10168841,16.9152,24.7055,436,58033,0.0558169,0,1,110623,110187,436
10171761,15.383,16.1411,437,58069,0.0111634,0,1,110638,110201,437
10173221,163.877,6.42822,634,58105,0.154233,0.17,1,110839,110205,634
10176141,34.3753,167.686,428,58141,0.182847,0.13,1,110841,110413,428
10179061,11.6751,38.3371,428,58177,0.156569,0.17,1,110847,110419,428
10181981,3.93501,9.26743,428,58213,0.183314,0.33,1,110849,110421,428
10184901,53.587,46.6535,438,58249,0.252663,0.33,1,110915,110477,438
10187821,17.1174,15.7307,438,58285,0.266533,0.33,1,110923,110485,438
10190741,5.02348,4.74614,438,58321,0.269307,0.37,1,110925,110487,438
10193661,5.8047,5.74923,438,58357,0.301861,0.35,1,110931,110493,438
10196581,7.56094,6.74985,439,58393,0.276372,0.35,1,110939,110500,439
10199501,6.31219,6.14997,439,58429,0.271274,0.35,1,110945,110506,439
10202421,4.46244,4.42999,439,58465,0.270255,0.33,1,110949,110510,439
10205341,8.89249,14.486,432,58501,0.302051,0.19,1,110959,110527,432
10208261,9.7785,16.4972,425,58537,0.30841,0.03,1,110969,110544,425
10211181,22.7557,20.0994,430,58573,0.181682,0.14,1,110995,110565,430
10214101,6.15114,8.01989,427,58609,0.124336,0.19,1,110997,110570,427
10217021,7.63023,6.40398,429,58645,0.200867,0.15,1,111005,110576,429
10219941,3.12605,2.8808,429,58681,0.216173,0.01,1,111007,110578,429
10222861,23.0252,24.5762,427,58717,0.139235,0.06,1,111035,110608,427
10225781,12.605,16.9152,422,58753,0.0278469,0,1,111045,110623,422
10228701,16.121,15.383,424,58789,0.00556939,0.19,1,111062,110638,424
10231621,169.624,163.877,431,58825,0.137114,0.19,1,111270,110839,431
10234541,38.7248,34.3753,435,58861,0.195423,0.15,1,111276,110841,435
10237461,9.34497,11.6751,431,58897,0.175085,0.19,1,111278,110847,431
10240381,58.669,3.93501,500,58933,0.283017,0.27,1,111349,110849,500
10243301,18.1338,53.587,442,58969,0.304603,0.27,1,111357,110915,442
10246221,5.22676,17.1174,436,59005,0.308921,0.27,1,111359,110923,436
10249141,5.84535,5.02348,440,59041,0.309784,0.31,1,111365,110925,440
10252061,7.56907,5.8047,442,59077,0.309957,0.27,1,111373,110931,442
10254981,3.11381,7.56094,436,59113,0.309991,0.27,1,111375,110939,436
10257901,6.22276,6.31219,437,59149,0.293998,0.27,1,111382,110945,437
10260821,4.44455,4.46244,437,59185,0.3228,0.31,1,111386,110949,437
10263741,8.88891,8.89249,437,59221,0.29656,0.31,1,111396,110959,437
10266661,9.77778,9.7785,437,59256,0.291312,0.15,1,111406,110969,437
10269581,19.5556,22.7557,433,59291,0.274262,0.11,1,111428,110995,433
10272501,5.51111,6.15114,433,59326,0.238852,0.22,1,111430,110997,433
10275421,5.90222,7.63023,431,59361,0.319771,0.22,1,111436,111005,431
10278341,2.78044,3.12605,431,59396,0.303954,0.12,1,111438,111007,431
10281261,15.7561,23.0252,422,59431,0.276791,0,1,111457,111035,422
10284181,11.9512,12.605,423,59466,0.247358,0,1,111468,111045,423
10287101,19.9902,16.121,428,59501,0.0654716,0.17,1,111490,111062,428
10290021,171.998,169.624,430,59536,0.157094,0.21,1,111700,111270,430
10292941,39.1996,38.7248,430,59571,0.199419,0.17,1,111706,111276,430
10295861,9.43992,9.34497,430,59606,0.191884,0.31,1,111708,111278,430
10298781,64.288,58.669,437,59641,0.302377,0.31,1,111786,111349,437
10301701,19.2576,18.1338,437,59676,0.324475,0.31,1,111794,111357,437
10304621,5.45152,5.22676,437,59711,0.328895,0.31,1,111796,111359,437
10307541,5.8903,5.84535,437,59746,0.361779,0.31,1,111802,111365,437
10310461,7.57806,7.56907,437,59781,0.368356,0.31,1,111810,111373,437
10313381,3.11561,3.11381,437,59816,0.337671,0.29,1,111812,111375,437
10316301,5.42312,6.22276,436,59851,0.363534,0.33,1,111818,111382,436
10319221,4.28462,4.44455,436,59886,0.336707,0.29,1,111822,111386,436
10322141,8.85692,8.88891,436,59921,0.347341,0.29,1,111832,111396,436
10325061,9.77138,9.77778,436,59956,0.349468,0.27,1,111842,111406,436
10327981,20.3543,19.5556,437,59991,0.333894,0.23,1,111865,111428,437
10330901,5.67086,5.51111,437,60026,0.298779,0.34,1,111867,111430,437
10333821,6.73417,5.90222,438,60061,0.347756,0.3,1,111874,111436,438
10336741,2.94683,2.78044,438,60096,0.357551,0.27,1,111876,111438,438
10339661,10.9894,15.7561,432,60131,0.38351,0.24,1,111889,111457,432
10342581,7.79787,11.9512,428,60166,0.308702,0.02,1,111896,111468,428
10345501,17.5596,19.9902,426,60201,0.32574,0.18,1,111916,111490,426
10348421,173.912,171.998,429,60236,0.185148,0.21,1,112129,111700,429
10351341,39.5824,39.1996,429,60271,0.16503,0.19,1,112135,111706,429
10354261,9.51648,9.43992,429,60306,0.201006,0.33,1,112137,111708,429
10357181,71.5033,64.288,438,60341,0.464201,0.33,1,112224,111786,438
10360101,20.7007,19.2576,438,60376,0.51684,0.33,1,112232,111794,438
10363021,5.74013,5.45152,438,60411,0.527368,0.37,1,112234,111796,438
10365941,5.94803,5.8903,438,60446,0.561474,0.37,1,112240,111802,438
10368861,7.58961,7.57806,438,60481,0.536295,0.33,1,112248,111810,438
10371781,3.11792,3.11561,438,60516,0.531259,0.37,1,112250,111812,438
10374701,5.42358,5.42312,438,60551,0.562252,0.37,1,112256,111818,438
10377621,4.28472,1.08462,442,60586,0.53645,0.33,1,112260,111818,442
10380541,8.85694,3.41692,448,60621,0.53129,0.35,1,112270,111822,448
10383461,9.77139,8.68338,448,60656,0.530258,0.35,1,112280,111832,448
10386381,20.3543,9.73668,461,60691,0.514052,0.33,1,112303,111842,461
10389301,5.67086,20.3473,440,60726,0.47881,0.29,1,112305,111865,440
10392221,7.53417,5.66947,446,60761,0.407762,0.36,1,112313,111867,446
10395141,3.10683,6.73389,441,60796,0.481552,0.36,1,112315,111874,441
10398061,5.42137,2.94678,445,60831,0.49631,0.39,1,112321,111876,445
10400981,9.88427,10.9894,443,60866,0.531262,0.29,1,112332,111889,443
10403901,14.7769,7.79787,452,60901,0.498252,0.33,1,112348,111896,452
10405361,163.755,17.5596,633,60936,0.48365,0.15,1,112549,111916,633
10408281,42.3511,173.912,432,60970,0.44073,0.16,1,112561,112129,432
10411201,13.2702,39.5824,432,61004,0.464146,0.21,1,112567,112135,432
10414121,4.25404,9.51648,432,61038,0.468829,0.53,1,112569,112137,432
10719261,6,6,484,64552,0.03,1,1,114932,114448,484
10722181,62,6.8,553,64585,0.118,1,1,115008,114455,553
10725101,69.2,75.76,531,64618,0.1196,1,1,115079,114548,531
10728021,20.24,53.552,491,64650,0.16792,0.98,1,115087,114596,491
10730941,12.848,18.7104,492,64682,0.161584,1,1,115098,114606,492
10733861,12.1696,13.3421,492,64714,0.200317,1,1,115110,114618,492
10736781,11.2339,11.4684,492,64746,0.192063,1,1,115121,114629,492
10739701,11.0468,11.0937,492,64778,0.174413,1,1,115132,114640,492
10742621,9.40936,10.2187,491,64810,0.186883,1,1,115141,114650,491
10745541,8.28187,9.24375,490,64842,0.189377,1,1,115149,114659,490
10748461,5.65637,8.24875,487,64874,0.205875,1,1,115154,114667,487
10751381,4.33127,5.64975,486,64906,0.209175,1,1,115158,114672,486
10754301,4.06625,4.32995,486,64938,0.209835,1,1,115162,114676,486
10757221,4.81325,4.06599,487,64970,0.193967,1,1,115167,114680,487
10760141,5.76265,5.6132,487,65002,0.190793,1,1,115173,114686,487
10763061,5.15253,5.92264,486,65034,0.206159,1,1,115178,114692,486
10765981,4.23051,4.38453,486,65066,0.209232,1,1,115182,114696,486
10768901,2.4461,2.47691,486,65098,0.209846,1,1,115184,114698,486
10771821,2.88922,2.09538,487,65130,0.193969,1,1,115187,114700,487
10774741,2.17784,2.01908,487,65162,0.190794,0.03,1,115189,114702,487
10777661,121.236,173.204,422,65194,0.0461588,0.03,1,115340,114918,422
10780581,31.4471,41.0408,423,65226,0.609232,0.03,1,115349,114926,423
10783501,11.0894,13.0082,423,65258,0.689846,0.14,1,115355,114932,423
10786421,68.6179,63.4016,430,65290,0.329969,0.12,1,115438,115008,430
10789341,71.3236,69.4803,431,65322,0.233994,0.18,1,115510,115079,431
10792261,19.0647,20.2961,429,65354,0.142799,0.16,1,115516,115087,429
10795181,13.4129,12.8592,430,65386,0.17256,0.21,1,115528,115098,430
10798101,12.2826,12.1718,430,65418,0.210512,0.19,1,115540,115110,430
10801021,10.4565,11.2344,429,65450,0.194102,0.17,1,115550,115121,429
10803941,11.6913,11.0469,430,65482,0.22282,0.19,1,115562,115132,430
10806861,10.3383,9.40937,431,65514,0.196564,0.19,1,115572,115141,431
10809781,8.46765,8.28187,431,65546,0.239313,0.21,1,115580,115149,431
10812701,4.89353,5.65637,430,65578,0.247863,0.21,1,115584,115154,430
10815621,4.17871,4.33127,430,65610,0.265573,0.21,1,115588,115158,430
10818541,4.03574,4.06625,430,65642,0.269114,0.19,1,115592,115162,430
10821461,5.60715,4.81325,431,65674,0.237823,0.19,1,115598,115167,431
10824381,5.92143,5.76265,431,65706,0.263565,0.21,1,115604,115173,431
10827301,4.38429,5.15253,430,65738,0.236713,0.21,1,115608,115178,430
10830221,4.07686,4.23051,430,65770,0.279343,0.21,1,115612,115182,430
10833141,2.41537,2.4461,430,65802,0.255869,0.19,1,115614,115184,430
10836061,2.08307,2.88922,429,65834,0.283174,0.19,1,115616,115187,429
10838981,2.01661,2.17784,429,65866,0.256635,0.01,1,115618,115189,429
10841901,144.403,121.236,458,65898,0.123327,0.75,1,115798,115340,458
10844821,34.4807,31.4471,456,65930,0.0806654,0.71,1,115805,115349,456
10847741,9.29613,11.0894,453,65962,0.0561331,0.24,1,115808,115355,453
10850661,50.6592,68.6179,431,65994,0.155227,0.21,1,115869,115438,431
10853581,62.9318,71.3236,425,66026,0.167045,0.12,1,115935,115510,425
10856501,20.5864,19.0647,429,66058,0.209409,0.18,1,115945,115516,429
10859421,15.3173,13.4129,431,66090,0.201882,0.22,1,115959,115528,431
10862341,12.6635,12.2826,431,66122,0.208376,0.19,1,115971,115540,431
10865261,10.5327,10.4565,431,66154,0.209675,0.23,1,115981,115550,431
10868181,11.7065,11.6913,431,66186,0.209935,0.19,1,115993,115562,431
10871101,11.1413,10.3383,432,66218,0.225987,0.25,1,116004,115572,432
10874021,9.42826,8.46765,433,66250,0.261197,0.25,1,116013,115580,433
10876941,5.08565,4.89353,433,66282,0.268239,0.27,1,116017,115584,433
10879861,4.21713,4.17871,433,66314,0.237648,0.27,1,116021,115588,433
10882781,4.04343,4.03574,433,66346,0.24753,0.23,1,116025,115592,433
10885701,5.60869,5.60715,433,66378,0.249506,0.23,1,116031,115598,433
10888621,5.92174,1.12143,439,66410,0.249901,0.27,1,116037,115598,439
10891541,4.38435,5.02429,437,66442,0.24998,0.23,1,116041,115604,437
10894461,4.07687,4.20486,437,66474,0.249996,0.29,1,116045,115608,437
10897381,2.41537,4.04097,435,66506,0.249999,0.25,1,116047,115612,435
10900301,2.08307,2.40819,435,66538,0.25,0.29,1,116049,115614,435
10903221,2.01661,2.08164,435,66570,0.25,0.25,1,116051,115616,435
10906141,136.403,2.01633,603,66602,0.282,0.09,1,116221,115618,603
10909061,33.6807,144.403,431,66634,0.2884,0.07,1,116229,115798,431
10911981,8.33613,34.4807,426,66665,0.28968,0.05,1,116231,115805,426
10914901,49.6672,9.29613,483,66696,0.169936,0.18,1,116291,115808,483
10917821,69.9334,50.6592,497,66727,0.0579872,0.17,1,116366,115869,497
10920741,20.3867,62.9318,439,66758,0.0915974,0.22,1,116374,115935,439
10923661,16.8773,20.5864,445,66789,0.19432,0.2,1,116390,115945,445
10926581,12.9755,15.3173,443,66820,0.158864,0.21,1,116402,115959,443
10929501,10.5951,12.6635,441,66851,0.191773,0.21,1,116412,115971,441
10932421,11.719,10.5327,443,66882,0.206355,0.21,1,116424,115981,443
10935341,12.7438,11.7065,444,66913,0.193271,0.23,1,116437,115993,444
10938261,8.94876,11.1413,441,66944,0.190654,0.27,1,116445,116004,441
10941181,5.78975,9.42826,437,66975,0.174131,0.27,1,116450,116013,437
10944101,4.35795,5.08565,437,67006,0.186826,0.23,1,116454,116017,437
10947021,4.07159,4.21713,437,67037,0.189365,0.25,1,116458,116021,437
10949941,5.61432,4.04343,439,67068,0.189873,0.25,1,116464,116025,439
10952861,5.92286,5.60869,439,67099,0.189975,0.25,1,116470,116031,439
10955781,4.38457,5.92174,437,67130,0.189995,0.25,1,116474,116037,437
10958701,4.07691,4.38435,437,67161,0.189999,0.25,1,116478,116041,437
10961621,2.41538,4.07687,435,67192,0.19,0.25,1,116480,116045,435
10964541,2.08308,2.41537,435,67223,0.19,0.25,1,116482,116047,435
10967461,2.01662,2.08307,435,67254,0.19,0.25,1,116484,116049,435
10970381,138.003,2.01661,605,67285,0.19,0.29,1,116656,116051,605
10973301,34.8007,136.403,444,67316,0.174,0.29,1,116665,116221,444
10976221,8.56013,33.6807,438,67347,0.2028,0.29,1,116667,116229,438
10979141,44.912,8.33613,490,67378,0.18456,0.14,1,116721,116231,490
10982061,64.9824,49.6672,500,67409,0.076912,0.03,1,116791,116291,500
10984981,22.5965,69.9334,437,67440,0.143382,0.1,1,116803,116366,437
10987901,16.5193,20.3867,444,67471,0.180676,0.22,1,116818,116374,444
10990821,15.3039,16.8773,443,67502,0.228135,0.15,1,116833,116390,443
10993741,11.0608,12.9755,441,67533,0.221627,0.2,1,116843,116402,441
10996661,11.8122,10.5951,443,67564,0.228325,0.21,1,116855,116412,443
10999581,11.9624,11.719,443,67595,0.245665,0.19,1,116867,116424,443
11002501,9.59249,12.7438,439,67626,0.273133,0.19,1,116876,116437,439
11005421,5.1185,8.94876,435,67657,0.270627,0.17,1,116880,116445,435
11008341,4.2237,5.78975,434,67688,0.238125,0.19,1,116884,116450,434
11011261,4.04474,4.35795,434,67719,0.231625,0.19,1,116888,116454,434
11014181,5.60895,4.07159,436,67750,0.230325,0.19,1,116894,116458,436
11017101,5.92179,5.61432,436,67781,0.230065,0.19,1,116900,116464,436
11020021,4.38436,5.92286,434,67812,0.230013,0.19,1,116904,116470,434
11022941,2.47687,4.38457,432,67843,0.230003,0.19,1,116906,116474,432
11025861,3.69537,4.07691,432,67874,0.230001,0.19,1,116910,116478,432
11028781,2.33907,2.41538,432,67905,0.23,0.19,1,116912,116480,432
11031701,2.06781,2.08308,432,67936,0.23,0.19,1,116914,116482,432
11034621,2.01356,2.01662,432,67967,0.23,0.19,1,116916,116484,432
11037541,137.203,138.003,431,67998,0.278,0.17,1,117087,116656,431
11040461,35.4405,34.8007,432,68029,0.2556,0.21,1,117097,116665,432
11043381,8.68811,8.56013,432,68060,0.28312,0.18,1,117099,116667,432
11046301,42.5376,44.912,429,68091,0.168624,0.05,1,117150,116721,429
11049221,64.5075,64.9824,429,68122,0.177725,0.16,1,117220,116791,429
11052141,24.9015,22.5965,432,68153,0.187545,0.19,1,117235,116803,432
11055061,18.5803,16.5193,434,68184,0.197509,0.24,1,117252,116818,434
11057981,14.9161,15.3039,433,68215,0.239502,0.22,1,117266,116833,433
11060901,10.9832,11.0608,433,68246,0.2159,0.23,1,117276,116843,433
11063821,12.5966,11.8122,434,68277,0.24318,0.25,1,117289,116855,434
11066741,12.1193,11.9624,434,68308,0.264636,0.28,1,117301,116867,434
11069661,8.82387,9.59249,433,68339,0.268927,0.27,1,117309,116876,433
11072581,4.96477,5.1185,433,68370,0.269785,0.23,1,117313,116880,433
11075501,4.19295,4.2237,433,68401,0.269957,0.23,1,117317,116884,433
11078421,4.03859,4.04474,433,68432,0.269991,0.23,1,117321,116888,433
11081341,5.60772,5.60895,433,68463,0.253998,0.23,1,117327,116894,433
11084261,5.92154,5.92179,433,68494,0.2828,0.23,1,117333,116900,433
11087181,4.38431,4.38436,433,68525,0.25656,0.23,1,117337,116904,433
11090101,2.47686,2.47687,433,68556,0.283312,0.23,1,117339,116906,433
11093021,3.69537,3.69537,433,68587,0.256662,0.23,1,117343,116910,433
11095941,2.33907,2.33907,433,68618,0.283332,0.23,1,117345,116912,433
11098861,2.06781,2.06781,433,68649,0.256666,0.23,1,117347,116914,433
11101781,2.01356,2.01356,433,68680,0.251333,0.29,1,117349,116916,433
11104701,138.003,137.203,434,68711,0.362267,0.25,1,117521,117087,434
11107621,35.6005,35.4405,434,68742,0.368453,0.29,1,117531,117097,434
11110541,8.72011,8.68811,434,68773,0.401691,0.14,1,117533,117099,434
11113461,42.544,42.5376,434,68803,0.336338,0.18,1,117584,117150,434
11116381,62.1088,64.5075,431,68833,0.363268,0.19,1,117651,117220,431
11119301,25.2218,24.9015,432,68863,0.368654,0.2,1,117667,117235,432
11122221,17.8444,18.5803,431,68893,0.369731,0.25,1,117683,117252,431
11125141,16.3689,14.9161,433,68923,0.329946,0.21,1,117699,117266,433
11128061,11.2738,10.9832,433,68953,0.337989,0.25,1,117709,117276,433
11130981,12.6548,12.5966,433,68983,0.379598,0.27,1,117722,117289,433
11133901,12.131,12.1193,433,69013,0.37992,0.27,1,117734,117301,433
11136821,8.82619,8.82387,433,69043,0.387984,0.27,1,117742,117309,433
11139741,4.96524,4.96477,433,69073,0.389597,0.27,1,117746,117313,433
11142661,4.99305,4.19295,434,69103,0.421919,0.27,1,117751,117317,434
11145581,4.19861,4.03859,434,69133,0.428384,0.25,1,117755,117321,434
11148501,5.63972,5.60772,434,69163,0.429677,0.29,1,117761,117327,434
11151421,5.92794,5.92154,434,69193,0.429935,0.25,1,117767,117333,434
11154341,4.38559,4.38431,434,69223,0.437987,0.29,1,117771,117337,434
11157261,2.47712,2.47686,434,69253,0.431597,0.25,1,117773,117339,434
11160181,3.69542,3.69537,434,69283,0.430319,0.29,1,117777,117343,434
11163101,2.33908,2.33907,434,69313,0.430064,0.29,1,117779,117345,434
11166021,2.06782,0.467815,436,69343,0.430013,0.25,1,117781,117345,436
11168941,2.01356,1.69356,436,69373,0.430003,0.25,1,117783,117347,436
11171861,142.003,1.93871,611,69403,0.462001,0.39,1,117960,117349,611
11174781,36.4005,137.988,449,69433,0.5004,0.37,1,117970,117521,449
11177701,8.88011,35.5975,441,69463,0.50808,0.41,1,117972,117531,441
11180621,40.976,8.71951,488,69493,0.533616,0.32,1,118021,117533,488
11183541,60.9952,42.5439,503,69523,0.474723,0.37,1,118087,117584,503
11186461,26.599,62.1088,454,69553,0.406945,0.37,1,118105,117651,454
11189381,17.3198,25.2218,453,69583,0.481389,0.37,1,118120,117667,453
11192301,17.064,17.8444,454,69613,0.504278,0.32,1,118137,117683,454
11195221,12.2128,16.3689,449,69643,0.532856,0.34,1,118148,117699,449
11198141,13.6426,11.2738,453,69673,0.474571,0.39,1,118162,117709,453
11201061,12.3285,12.6548,452,69703,0.510914,0.38,1,118174,117722,452
11203981,9.6657,12.131,449,69733,0.502183,0.39,1,118183,117734,449
11206901,5.13314,8.82619,445,69763,0.500437,0.39,1,118187,117742,445
11209821,5.82663,4.96524,447,69793,0.508087,0.43,1,118193,117746,447
11212741,4.36533,4.99305,446,69823,0.493617,0.43,1,118197,117751,446
11215661,5.67307,4.19861,448,69853,0.490723,0.43,1,118203,117755,448
11218581,5.93461,5.63972,448,69883,0.506145,0.43,1,118209,117761,448
11221501,4.38692,5.92794,446,69913,0.509229,0.44,1,118213,117767,446
11224421,2.47738,4.38559,444,69943,0.509846,0.43,1,118215,117771,444
11227341,3.69548,2.47712,446,69973,0.509969,0.43,1,118219,117773,446
11230261,2.3391,3.69542,444,70003,0.509994,0.43,1,118221,117777,444
11233181,2.06782,2.33908,444,70033,0.509999,0.43,1,118223,117779,444
11236101,2.01356,2.06782,444,70063,0.51,0.43,1,118225,117781,444
11239021,145.203,2.01356,623,70093,0.526,0.47,1,118406,117783,623
11241941,37.0405,142.003,456,70123,0.5292,0.51,1,118416,117960,456
11244861,9.00811,36.4005,448,70153,0.52984,0.51,1,118418,117970,448
11247781,39.4016,8.88011,493,70183,0.393968,0.54,1,118465,117972,493
11250701,59.0803,40.976,508,70213,0.382794,0.46,1,118529,118021,508
11253621,30.2161,60.9952,465,70243,0.356559,0.39,1,118552,118087,465
11256541,15.6432,26.599,459,70273,0.471312,0.5,1,118564,118105,459
11259461,19.1286,17.3198,464,70303,0.478262,0.51,1,118584,118120,464
11262381,11.8257,17.064,457,70333,0.511652,0.54,1,118594,118137,457
11265301,13.5651,12.2128,460,70363,0.55033,0.46,1,118608,118148,460
11268221,12.313,13.6426,458,70393,0.542066,0.52,1,118620,118162,458
11271141,8.86261,12.3285,454,70423,0.572413,0.5,1,118628,118174,454
11274061,4.97252,9.6657,449,70453,0.578483,0.5,1,118632,118183,449
11276981,5.7945,5.13314,451,70483,0.579697,0.51,1,118638,118187,451
11279901,5.1589,5.82663,450,70513,0.595939,0.49,1,118643,118193,450
11282821,5.83178,4.36533,452,70543,0.607188,0.49,1,118649,118197,452
11285741,5.96636,5.67307,452,70573,0.577438,0.51,1,118655,118203,452
11288661,4.39327,5.93461,450,70603,0.571488,0.51,1,118659,118209,450
11291581,2.47865,4.38692,448,70633,0.570297,0.51,1,118661,118213,448
11294501,3.69573,2.47738,450,70663,0.57006,0.51,1,118665,118215,450
11297421,2.33915,3.69548,448,70693,0.570012,0.51,1,118667,118219,448
11300341,2.06783,2.3391,448,70723,0.570002,0.51,1,118669,118221,448
11303261,2.01357,2.06782,448,70753,0.57,0.51,1,118671,118223,448
11306181,2.00271,2.01356,448,70783,0.57,0.53,1,118673,118225,448
11309101,145.201,145.203,448,70813,0.586,0.53,1,118854,118406,448
11312021,37.0401,37.0405,448,70843,0.5892,0.53,1,118864,118416,448
11314941,9.00802,9.00811,448,70873,0.62184,0.36,1,118866,118418,448
11317861,37.0016,39.4016,445,70903,0.572368,0.38,1,118910,118465,445
11320781,59.4003,59.0803,446,70933,0.522474,0.35,1,118975,118529,446
11323701,31.8801,30.2161,448,70963,0.464495,0.5,1,119000,118552,448
11326621,17.576,15.6432,450,70993,0.556899,0.48,1,119014,118564,450
11329541,17.9152,19.1286,448,71023,0.47938,0.52,1,119032,118584,448
11332461,13.983,11.8257,451,71053,0.519876,0.56,1,119045,118594,451
11335381,12.3966,13.5651,449,71083,0.551975,0.54,1,119057,118608,449
11338301,13.6793,12.313,451,71112,0.534395,0.58,1,119071,118620,451
11341221,9.13586,8.86261,451,71141,0.586879,0.58,1,119079,118628,451
11344141,5.02717,4.97252,451,71170,0.597376,0.58,1,119083,118632,451
11347061,5.80543,5.7945,451,71199,0.567475,0.6,1,119089,118638,451
11349981,4.36109,5.1589,450,71228,0.561495,0.61,1,119093,118643,450
11352901,5.67222,5.83178,450,71257,0.560299,0.57,1,119099,118649,450
11355821,5.93444,5.96636,450,71286,0.58406,0.57,1,119105,118655,450
11358741,4.38689,4.39327,450,71315,0.556812,0.57,1,119109,118659,450
11361661,2.47738,2.47865,450,71344,0.599362,0.57,1,119111,118661,450
11364581,3.69548,3.69573,450,71373,0.575872,0.57,1,119115,118665,450
11367501,2.3391,2.33915,450,71402,0.603174,0.57,1,119117,118667,450
11370421,2.06782,2.06783,450,71431,0.576635,0.57,1,119119,118669,450
11373341,2.01356,2.01357,450,71460,0.571327,0.57,1,119121,118671,450
11376261,2.00271,2.00271,450,71489,0.602265,0.59,1,119123,118673,450
11379181,146.001,145.201,451,71518,0.640453,0.59,1,119305,118854,451
11382101,37.2001,37.0401,451,71547,0.648091,0.63,1,119315,118864,451
11385021,9.04002,9.00802,451,71576,0.697618,0.56,1,119317,118866,451
11387941,37.008,37.0016,451,71605,0.603524,0.51,1,119361,118910,451
11390861,58.6016,59.4003,450,71634,0.568705,0.45,1,119425,118975,450
11393781,21.3203,31.8801,437,71663,0.649741,0.58,1,119437,119000,437
11396701,23.4641,17.576,447,71692,0.577948,0.46,1,119461,119014,447
11399621,21.4928,17.9152,450,71721,0.61959,0.53,1,119482,119032,450
11402541,13.8986,13.983,449,71750,0.651918,0.56,1,119494,119045,449
11405461,12.3797,12.3966,449,71779,0.658384,0.53,1,119506,119057,449
11408381,13.6759,13.6793,449,71808,0.691677,0.6,1,119520,119071,449
11411301,9.13519,9.13586,449,71837,0.650335,0.6,1,119528,119079,449
11414221,5.02704,5.02717,449,71866,0.682067,0.56,1,119532,119083,449
11417141,5.80541,5.80543,449,71895,0.712413,0.56,1,119538,119089,449
11420061,4.36108,4.36109,449,71924,0.718483,0.56,1,119542,119093,449
11422981,5.67222,5.67222,449,71953,0.719697,0.59,1,119548,119099,449
11425901,6.73444,5.93444,450,71982,0.735939,0.55,1,119555,119105,450
11428821,4.54689,4.38689,450,72011,0.739188,0.61,1,119559,119109,450
11431741,2.50938,2.47738,450,72040,0.739838,0.57,1,119561,119111,450
11434661,3.70188,3.69548,450,72069,0.739968,0.61,1,119565,119115,450
11437581,2.34038,2.3391,450,72098,0.747993,0.57,1,119567,119117,450
11440501,2.06808,2.06782,450,72127,0.749599,0.57,1,119569,119119,450
11443421,2.01362,2.01356,450,72156,0.74992,0.61,1,119571,119121,450
11446341,2.00272,2.00271,450,72185,0.757984,0.65,2,119573,119123,450
11449261,149.201,146.001,454,72214,0.799597,0.65,2,119759,119305,454
11452181,37.8401,29.2001,464,72243,0.775919,0.65,2,119769,119305,464
11455101,9.16802,13.84,456,72272,0.771184,0.71,2,119771,119315,456
11458021,36.2336,4.368,497,72301,0.730237,0.58,1,119814,119317,497
11460941,53.6467,36.0736,511,72330,0.754047,0.56,2,119872,119361,511
11463861,25.9293,58.4147,466,72359,0.686809,0.67,1,119891,119425,466
11466781,25.9859,21.2829,480,72388,0.745362,0.56,1,119917,119437,480
11469701,20.3972,23.4566,475,72417,0.773072,0.63,2,119936,119461,475
11472621,13.6794,21.4913,466,72446,0.698614,0.66,1,119948,119482,466
11475541,13.1359,13.8983,467,72475,0.731723,0.66,1,119961,119494,467
11478461,14.6272,12.3797,470,72504,0.770345,0.7,2,119976,119506,470
11481381,10.1254,13.6759,465,72533,0.778069,0.64,2,119985,119520,465
11484301,5.22509,9.13519,461,72562,0.739614,0.69,1,119989,119528,461
11487221,5.84502,5.02704,463,72591,0.739923,0.72,1,119995,119532,463
11490141,4.369,5.80541,461,72620,0.763985,0.72,2,119999,119538,461
11493061,5.6738,4.36108,463,72649,0.768797,0.72,2,120005,119542,463
11495981,7.53476,5.67222,465,72678,0.785759,0.74,2,120013,119548,465
11498901,4.70695,6.73444,462,72707,0.789152,0.74,2,120017,119555,462
11501821,2.54139,4.54689,460,72736,0.78983,0.74,2,120019,119559,460
11504741,3.70828,2.50938,462,72765,0.789966,0.74,2,120023,119561,462
11507661,2.34166,3.70188,460,72794,0.789993,0.75,2,120025,119565,460
11510581,2.06833,2.34038,460,72823,0.805999,0.75,2,120027,119567,460
11513501,2.01367,2.06808,460,72852,0.8092,0.75,2,120029,119569,460
11516421,2.00273,2.01362,460,72881,0.80984,0.76,2,120031,119571,460
11519341,150.001,2.00272,645,72910,0.793968,0.81,2,120218,119573,645
11522261,38.0001,149.201,469,72939,0.790794,0.77,2,120228,119759,469
11525181,9.20002,37.8401,461,72968,0.790159,0.77,2,120230,119769,461
11528101,31.44,9.16802,496,72997,0.710032,0.72,1,120267,119771,496
11531021,58.288,36.2336,518,73026,0.798006,0.76,2,120332,119814,518
11533941,22.0576,53.6467,473,73055,0.823601,0.67,2,120345,119872,473
11536861,26.0115,25.9293,481,73084,0.76472,0.76,2,120372,119891,481
11539781,21.2023,25.9859,475,73113,0.832944,0.78,2,120392,119917,475
11542701,17.0405,20.3972,472,73142,0.838589,0.68,2,120408,119936,472
11545621,15.4081,13.6794,475,73171,0.839718,0.74,2,120423,119948,475
11548541,12.6816,13.1359,474,73200,0.815944,0.78,2,120435,119961,474
11551461,8.93632,14.6272,467,73229,0.835189,0.78,2,120443,119976,467
11554381,6.58726,10.1254,464,73258,0.847038,0.73,2,120449,119985,464
11557301,6.11745,5.22509,466,73287,0.849407,0.74,2,120455,119989,466
11560221,4.42349,5.84502,464,73316,0.825881,0.77,2,120459,119995,464
11563141,5.6847,4.369,466,73345,0.821176,0.77,2,120465,119999,466
11874121,128,126,494,35888,0,1,1,122590,122096,494
11877041,41.6,54,478,35947,0.008,1,1,122610,122132,478
11879961,75.52,33.2,534,36006,0.0016,1,1,122694,122160,534
11882881,40.704,61.04,498,36065,0.02432,1,1,122726,122228,498
11885801,44.1408,45.008,502,36124,0.012864,0.71,1,122771,122269,502
11888721,27.2282,50.6016,473,36183,0.0265728,0.63,1,122794,122321,473
11891641,20.6456,34.9203,461,36241,0.0133146,0.57,1,122813,122352,461
11894561,20.9291,24.5841,460,36299,0.0266629,0.43,1,122834,122374,460
11897481,20.1858,27.3168,452,36357,0.573333,0.33,1,122854,122402,452
11900401,14.4372,25.4634,440,36415,0.618667,0.29,1,122867,122427,440
11903321,9.28743,14.6927,436,36473,0.595733,0.19,1,122875,122439,436
11906241,12.2575,21.3385,426,36531,0.575147,0,1,122888,122462,426
11909161,101.652,106.668,422,36589,0.139029,0.01,1,123012,122590,422
11912081,36.3303,37.3335,422,36647,0.0518059,0,1,123032,122610,422
11915001,74.4661,74.6667,422,36705,0.0103612,0.03,1,123116,122694,422
11917921,41.2932,40.5333,423,36763,0.00207223,0.01,1,123149,122726,423
11920841,44.2586,44.1067,423,36820,0.000414447,0.03,1,123194,122771,423
11923761,26.4517,27.2213,422,36877,0.0240829,0.01,1,123216,122794,422
11926681,20.4903,20.6443,422,36934,0.0288166,0.03,1,123235,122813,422
11929601,50.4981,20.9289,459,36991,0.0137633,0.71,1,123293,122834,459
11932521,20.4996,20.1858,452,37048,0.0427527,0.63,1,123306,122854,452
11935441,13.6999,14.4372,451,37105,0.0645505,0.59,1,123318,122867,451
11938361,6.73998,9.28743,448,37162,0.0529101,0.59,1,123323,122875,448
11941281,10.148,1.85749,459,37219,0.066582,0.57,1,123334,122875,459
11944201,81.2296,10.7715,545,37276,0.0213164,0.03,1,123433,122888,545
11947121,32.2459,101.354,441,37333,0.00426328,0.03,1,123453,123012,441
11950041,73.6492,36.2709,505,37390,0.000852656,0,1,123537,123032,505
11952961,41.1298,74.4542,454,37447,0.000170531,0,1,123570,123116,454
11955881,44.226,41.2908,466,37503,3.41062e-05,0,1,123615,123149,466
11958801,26.4452,44.2582,443,37559,0.0400068,0.03,1,123637,123194,443
11961721,20.489,26.4516,440,37615,0.0320014,0.03,1,123656,123216,440
11964641,51.2978,20.4903,480,37671,0.0464003,0.01,1,123715,123235,480
11967561,19.8596,50.4981,434,37727,0.0492801,0.05,1,123727,123293,434
11970481,14.3719,20.4996,434,37783,0.065856,0.07,1,123740,123306,434
11973401,7.67438,13.6999,428,37839,0.0691712,0.05,1,123746,123318,428
11976321,9.53488,6.73998,433,37895,0.0698342,0.07,1,123756,123323,433
11979241,80.307,10.148,520,37951,0.101967,0.01,1,123854,123334,520
11982161,32.0614,81.2296,441,38007,0.0603934,0,1,123874,123433,441
11985081,73.6123,32.2459,505,38063,0.0120787,0,1,123958,123453,505
11988001,41.9225,73.6492,455,38119,0.00241573,0,1,123992,123537,455
11990921,43.5845,41.1298,466,38174,0.00848315,0,1,124036,123570,466
11993841,27.1169,44.226,444,38229,0.0256966,0.05,1,124059,123615,444
11996761,20.6234,26.4452,441,38284,0.0131393,0.03,1,124078,123637,441
11999681,52.1247,20.489,482,38339,0.0266279,0.05,1,124138,123656,482
12002601,20.0249,51.2978,435,38394,0.0293256,0.05,1,124150,123715,435
12005521,15.205,19.8596,437,38449,0.0298651,0.07,1,124164,123727,437
12008441,7.841,14.3719,430,38504,0.029973,0.07,1,124170,123740,430
12011361,9.5682,7.67438,434,38559,0.0299946,0.07,1,124180,123746,434
12014281,81.9136,9.53488,524,38614,0.0619989,0.11,1,124280,123756,524
12017201,17.9827,80.307,428,38669,0.0683998,0.05,1,124282,123854,428
12020121,14.7965,32.0614,422,38724,0.08568,0,1,124296,123874,422
12023041,70.1593,73.6123,422,38779,0.017136,0,1,124380,123958,422
12025961,42.0319,41.9225,423,38833,0.0034272,0.01,1,124415,123992,423
12028881,42.8064,43.5845,422,38887,0.00068544,0.03,1,124458,124036,422
12031801,27.7613,27.1169,423,38941,0.00813709,0.01,1,124482,124059,423
12034721,20.7523,20.6234,423,38995,0.00162742,0.03,1,124501,124078,423
12037641,52.1505,52.1247,423,39049,0.0243255,0.03,1,124561,124138,423
12040561,20.0301,20.0249,423,39103,0.0288651,0.03,1,124573,124150,423
12043481,15.206,15.205,423,39157,0.029773,0.03,1,124587,124164,423
12046401,7.8412,7.841,423,39211,0.0619546,0.03,1,124593,124170,423
12049321,9.56824,9.5682,423,39265,0.0363909,0.07,1,124603,124180,423
12052241,84.3136,81.9136,426,39319,0.0472782,0.07,1,124706,124280,426
12055161,18.4627,17.9827,426,39373,0.0494556,0.09,1,124708,124282,426
12058081,14.8925,14.7965,426,39427,0.0658911,0,1,124722,124296,426
12061001,66.9785,70.1593,422,39481,0.0131782,0,1,124802,124380,422
12063921,41.3957,42.0319,422,39534,0.00263564,0,1,124837,124415,422
12066841,42.6791,42.8064,422,39587,0.000527129,0.01,1,124880,124458,422
12069761,27.7358,27.7613,422,39640,0.0401054,0,1,124904,124482,422
12072681,21.5472,20.7523,423,39693,0.0320211,0.03,1,124924,124501,423
12075601,52.3094,52.1505,423,39746,0.0144042,0.03,1,124984,124561,423
12078521,20.0619,20.0301,423,39799,0.0108808,0.03,1,124996,124573,423
12081441,15.2124,15.206,423,39852,0.0421762,0.07,1,125010,124587,423
12084361,7.84248,7.8412,423,39905,0.0484352,0.03,1,125016,124593,423
12087281,9.56849,9.56824,423,39958,0.017687,0.05,1,125026,124603,423
12090201,85.1137,84.3136,424,40011,0.0115374,0.05,1,125130,124706,424
12093121,18.6227,18.4627,424,40064,0.0103075,0.05,1,125132,124708,424
12096041,14.9245,3.69255,438,40117,0.0260615,0.07,1,125146,124708,438
12098961,64.5849,11.9385,501,40170,0.0052123,0,1,125223,124722,501
12101881,40.917,66.3877,456,40223,0.00104246,0,1,125258,124802,456
12104801,42.5834,41.2775,464,40275,0.000208492,0,1,125301,124837,464
12107721,27.7167,42.6555,445,40327,0.0240417,0.05,1,125325,124880,445
12110641,22.3433,27.7311,442,40379,0.0288083,0.03,1,125346,124904,442
12113561,51.6687,21.5462,481,40431,0.0457617,0.01,1,125405,124924,481
12116481,19.9337,52.3092,433,40483,0.0811523,0.01,1,125417,124984,433
12119401,15.1867,20.0618,435,40535,0.0882305,0.05,1,125431,124996,435
12122321,7.83735,15.2124,427,40587,0.0896461,0.05,1,125437,125010,427
12125241,9.56747,7.84247,431,40639,0.0899292,0.01,1,125447,125016,431
12128161,85.9135,9.56849,526,40691,0.105986,0.01,1,125552,125026,526
12131081,18.7827,85.1137,424,40743,0.109197,0.01,1,125554,125130,424
12134001,14.9565,18.6227,436,40795,0.109839,0.03,1,125568,125132,436
12136921,63.7913,14.9245,498,40847,0.0219679,0,1,125644,125146,498
12139841,40.7583,64.5849,456,40899,0.00439358,0,1,125679,125223,456
12142761,42.5517,40.917,464,40951,0.00887872,0,1,125722,125258,464
12145681,27.7103,42.5834,445,41003,0.0257757,0.03,1,125746,125301,445
12148601,23.1421,27.7167,443,41054,0.0291552,0.03,1,125768,125325,443
12151521,54.2284,22.3433,484,41105,0.029831,0.05,1,125830,125346,484
12154441,20.4457,51.6687,437,41156,0.0299662,0.09,1,125842,125405,437
12157361,15.2891,19.9337,439,41207,0.0299932,0.09,1,125856,125417,439
12160281,7.85783,15.1867,431,41258,0.0299986,0.09,1,125862,125431,431
12163201,9.57157,7.83735,435,41309,0.0299997,0.09,1,125872,125437,435
12166121,86.7143,9.56747,531,41360,0.094,0.11,1,125978,125447,531
12169041,18.9429,85.9135,428,41411,0.1068,0.11,1,125980,125552,428
12171961,14.9886,18.7827,440,41462,0.10936,0.11,1,125994,125554,440
12174881,59.7977,14.9565,497,41513,0.021872,0,1,126065,125568,497
12177801,13.5595,63.7913,423,41564,0.0043744,0,1,126067,125644,423
12180721,29.9119,40.7583,422,41615,0.00087488,0.01,1,126101,125679,422
12183641,40.3824,42.5517,422,41666,0.000174976,0.03,1,126144,125722,422
12186561,27.2765,27.7103,422,41717,0.00803499,0.03,1,126168,125746,422
12189481,23.8553,23.1421,423,41768,0.001607,0.03,1,126191,125768,423
12192401,54.3711,54.2284,423,41819,0.0083214,0.03,1,126253,125830,423
12195321,20.4742,20.4457,423,41869,0.00966428,0.03,1,126265,125842,423
12198241,15.2948,15.2891,423,41919,0.00993286,0.03,1,126279,125856,423
12201161,7.85897,7.85783,423,41969,0.0419866,0.03,1,126285,125862,423
12204081,10.3718,9.57157,424,42019,0.0483973,0.11,1,126296,125872,424
12207001,89.2744,86.7143,427,42069,0.0976795,0.11,1,126405,125978,427
12209921,19.4549,18.9429,427,42119,0.107536,0.11,1,126407,125980,427
12212841,15.891,14.9886,428,42169,0.0935072,0,1,126422,125994,428
12215761,55.9782,59.7977,423,42219,0.0187014,0,1,126488,126065,423
12218681,12.7956,13.5595,423,42269,0.00374029,0,1,126490,126067,423
12221601,28.9591,29.9119,422,42319,0.000748057,0,1,126523,126101,422
12224521,40.1918,40.3824,422,42369,0.000149611,0.01,1,126566,126144,422
12227441,27.2384,27.2765,422,42419,0.00802992,0,1,126590,126168,422
12230361,23.8477,23.8553,422,42469,0.025606,0.01,1,126613,126191,422
12233281,54.3695,54.3711,422,42519,0.0451212,0.01,1,126675,126253,422
12236201,20.4739,20.4742,422,42569,0.0170242,0.01,1,126687,126265,422
12239121,16.0948,15.2948,423,42619,0.0274049,0.05,1,126702,126279,423
12242041,8.01896,7.85897,423,42669,0.045481,0.05,1,126708,126285,423
12244961,11.2038,10.3718,424,42718,0.0810962,0.11,1,126720,126296,424
12247881,90.2408,89.2744,425,42767,0.0402192,0.11,1,126830,126405,425
12250801,19.6482,19.4549,425,42816,0.0320438,0.09,1,126832,126407,425
12253721,16.7296,15.891,426,42865,0.0304088,0,1,126848,126422,426
12256641,52.9459,55.9782,422,42914,0.00608175,0,1,126910,126488,422
12259561,12.1892,12.7956,422,42963,0.00121635,0,1,126912,126490,422
12262481,28.8378,28.9591,422,43012,0.00024327,0,1,126945,126523,422
12265401,39.3676,5.79183,464,43061,4.8654e-05,0,1,126987,126523,464
12268321,27.0735,35.5584,445,43110,0.0240097,0.01,1,127011,126566,445
12271241,23.8147,26.3117,444,43159,0.0448019,0.03,1,127034,126590,444
12274161,54.3629,23.6623,483,43208,0.0489604,0.05,1,127096,126613,483
12277081,20.4726,54.3325,433,43257,0.0497921,0.01,1,127108,126675,433
12280001,17.6945,20.4665,438,43306,0.0659584,0.03,1,127125,126687,438
12282921,8.3389,16.0933,429,43355,0.0691917,0.05,1,127131,126702,429
12285841,11.2678,8.01866,435,43404,0.0698383,0.09,1,127143,126708,435
12288761,89.4536,11.2037,532,43453,0.117968,0.03,1,127252,126720,532
12291681,19.4907,90.2407,424,43502,0.127594,0.03,1,127254,126830,424
12294601,16.6981,19.6481,438,43551,0.145519,0.03,1,127270,126832,438
12297521,52.1396,16.7296,483,43599,0.0291037,0,1,127331,126848,483
12300441,12.0279,52.9459,423,43647,0.00582075,0,1,127333,126910,423
12303361,28.8056,12.1892,454,43695,0.00116415,0,1,127366,126912,454
12306281,39.3611,28.8378,463,43743,0.00823283,0,1,127408,126945,463
12309201,27.0722,39.3676,445,43791,0.0256466,0.03,1,127432,126987,445
12312121,24.6144,27.0735,445,43839,0.0291293,0.05,1,127456,127011,445
12315041,55.3229,23.8147,485,43887,0.0298259,0.05,1,127519,127034,485
12317961,20.6646,54.3629,435,43935,0.0299652,0.05,1,127531,127096,435
12320881,18.5329,20.4726,441,43983,0.029993,0.07,1,127549,127108,441
12323801,8.50658,17.6945,430,44031,0.0299986,0.07,1,127555,127125,430
12326721,11.3013,8.3389,436,44079,0.0299997,0.07,1,127567,127131,436
12329641,92.6603,11.2678,537,44127,0.094,0.13,1,127680,127143,537
12332561,20.1321,89.4536,430,44175,0.1068,0.13,1,127682,127252,430
12335481,16.8264,19.4907,444,44223,0.07736,0.15,1,127698,127254,444
12338401,46.5653,16.6981,482,44271,0.023472,0,1,127752,127270,482
12341321,10.9131,52.1396,423,44319,0.0046944,0,1,127754,127331,423
12344241,28.5826,12.0279,454,44367,0.00093888,0,1,127787,127333,454
12347161,39.3165,28.8056,463,44415,0.00818778,0.01,1,127829,127366,463
12350081,27.8633,39.3611,446,44462,0.00963756,0.03,1,127854,127408,446
12353001,7.17266,27.0722,424,44509,0.00192751,0.03,1,127856,127432,424
12355921,19.8345,24.6144,423,44556,0.0083855,0.03,1,127879,127456,423
12358841,54.3669,55.3229,423,44603,0.0576771,0.03,1,127942,127519,423
12361761,20.4734,20.6646,423,44650,0.0355354,0.03,1,127954,127531,423
12364681,18.4947,18.5329,423,44697,0.0631071,0.03,1,127972,127549,423
12367601,8.49894,8.50658,423,44744,0.0686214,0.03,1,127978,127555,423
12370521,11.2998,11.3013,423,44791,0.0377243,0.11,1,127990,127567,423
12373441,94.26,92.6603,425,44838,0.0635449,0.11,1,128105,127680,425
12376361,20.452,20.1321,425,44885,0.068709,0.07,1,128107,127682,425
12379281,16.8904,16.8264,425,44932,0.0697418,0.01,1,128123,127698,425
12382201,44.1781,46.5653,422,44979,0.0859484,0,1,128174,127752,422
12385121,10.4356,10.9131,422,45026,0.0571897,0,1,128176,127754,422
12388041,28.4871,28.5826,422,45073,0.0114379,0.01,1,128209,127787,422
12390961,40.0974,39.3165,423,45120,0.00228759,0.01,1,128252,127829,423
12393881,28.0195,27.8633,423,45167,0.000457517,0,1,128277,127854,423
12396801,7.2039,7.17266,423,45214,0.0080915,0.01,1,128279,127856,423
12399721,19.0408,19.8345,422,45261,0.0096183,0.07,1,128301,127879,422
12402641,55.0082,54.3669,423,45308,0.0259237,0.03,1,128365,127942,423
12405561,20.6016,20.4734,423,45355,0.0291847,0.07,1,128377,127954,423
12408481,18.5203,18.4947,423,45401,0.0298369,0.07,1,128395,127972,423
12411401,8.50407,8.49894,423,45447,0.0619674,0.03,1,128401,127978,423
12414321,11.3008,11.2998,423,45493,0.0683935,0.07,1,128413,127990,423
12417241,94.2602,94.26,423,45539,0.0376787,0.07,1,128528,128105,423
12420161,20.452,20.452,423,45585,0.0315357,0.07,1,128530,128107,423
12423081,16.8904,16.8904,423,45631,0.0463072,0.09,1,128546,128123,423
12426001,43.3781,44.1781,422,45677,0.0492614,0.05,1,128596,128174,422
12428921,10.2756,10.4356,422,45723,0.0658523,0,1,128598,128176,422
12431841,28.4551,28.4871,422,45769,0.0131705,0,1,128631,128209,422
12434761,40.091,40.0974,422,45815,0.00263409,0,1,128674,128252,422
12437681,28.0182,28.0195,422,45861,0.0245268,0.01,1,128699,128277,422
12440601,7.20364,7.2039,422,45907,0.00490536,0.01,1,128701,128279,422
12443521,18.2407,1.44078,443,45953,0.00898107,0.01,1,128722,128279,443
12446441,55.6481,17.8882,486,45999,0.0577962,0.03,1,128787,128301,486
12449361,20.7296,54.7776,434,46045,0.0835592,0.03,1,128799,128365,434
12452281,18.5459,20.5555,440,46091,0.104712,0.03,1,128817,128377,440
12455201,8.50919,18.5111,428,46137,0.108942,0.07,1,128823,128395,428
12458121,11.3018,8.50222,434,46183,0.109788,0.07,1,128835,128401,434
12461041,94.2604,11.3004,537,46229,0.141958,0.03,1,128950,128413,537
12463961,20.4521,94.2601,424,46275,0.148392,0.03,1,128952,128528,424
12466881,17.6904,20.452,439,46321,0.181678,0.05,1,128969,128530,439
12469801,44.3381,16.8904,474,46367,0.188336,0.05,1,129020,128546,474
12472721,10.4676,43.3781,426,46412,0.189667,0.07,1,129022,128596,426
12475641,26.0935,10.2756,454,46457,0.0619334,0,1,129052,128598,454
12478561,39.6187,28.4551,464,46502,0.0123867,0,1,129095,128631,464
12481481,27.9237,40.091,446,46547,0.00247734,0.03,1,129120,128674,446
12484401,7.18475,28.0182,423,46592,0.00849547,0,1,129122,128699,423
12487321,18.237,7.20364,442,46637,0.00969909,0.01,1,129143,128701,442
12490241,58.8474,18.2407,490,46682,0.00993982,0.07,1,129212,128722,490
12493161,22.1695,55.6481,438,46727,0.041988,0.09,1,129225,128787,438
12496081,18.8339,20.7296,444,46772,0.0483976,0.11,1,129243,128799,444
12499001,8.56678,18.5459,432,46817,0.0496795,0.11,1,129249,128817,432
12501921,11.3134,8.50919,438,46862,0.0499359,0.11,1,129261,128823,438
12504841,96.6627,11.3018,544,46907,0.0659872,0.15,1,129379,128835,544
12507761,20.9325,94.2604,431,46952,0.0691974,0.15,1,129381,128950,431
12510681,18.5865,20.4521,447,46997,0.0698395,0.19,1,129399,128952,447
12513601,44.5173,17.6904,481,47042,0.0699679,0.19,1,129450,128969,481
12516521,10.5035,44.3381,432,47087,0.0699936,0.19,1,129452,129020,432
12519441,18.9007,10.4676,451,47132,0.0699987,0.03,1,129473,129022,451
12522361,38.1801,26.0935,464,47177,0.0139997,0,1,129516,129052,464
12525281,27.636,39.6187,446,47222,0.00279995,0,1,129541,129095,446
12528201,7.12721,27.9237,423,47267,0.02456,0.01,1,129543,129120,423
12531121,18.2254,7.18475,442,47312,0.028912,0.01,1,129564,129122,442
12534041,58.8451,18.237,490,47357,0.0137824,0.01,1,129633,129143,490
12536961,13.369,58.8474,423,47402,0.0107565,0.05,1,129635,129212,423
12539881,13.8738,22.1695,424,47446,0.0581513,0.05,1,129649,129225,424
12542801,17.1748,18.8339,424,47490,0.0996303,0.05,1,129667,129243,424
12545721,8.23495,8.56678,424,47534,0.107926,0.05,1,129673,129249,424
12548641,11.247,11.3134,424,47578,0.0775852,0.07,1,129685,129261,424
12551561,97.4494,96.6627,425,47622,0.103517,0.07,1,129804,129379,425
12554481,21.0899,20.9325,425,47666,0.0767034,0.07,1,129806,129381,425
12557401,18.618,18.5865,425,47710,0.119341,0.07,1,129824,129399,425
12560321,44.5236,44.5173,425,47754,0.143868,0.07,1,129875,129450,425
12563241,10.5047,10.5035,425,47798,0.148774,0.07,1,129877,129452,425
12566161,16.5009,18.9007,422,47842,0.149755,0,1,129895,129473,422
12569081,37.7002,38.1801,422,47886,0.0299509,0,1,129938,129516,422
12572001,28.34,27.636,423,47930,0.0299902,0.03,1,129964,129541,423
12574921,7.26801,7.12721,423,47974,0.00599804,0.03,1,129966,129543,423
12577841,17.4536,18.2254,422,48018,0.0251996,0.01,1,129986,129564,422
12580761,59.4907,58.8451,423,48062,0.0450399,0.01,1,130056,129633,423
12583681,13.4981,13.369,423,48106,0.049008,0.07,1,130058,129635,423
12586601,13.8996,13.8738,423,48150,0.0498016,0.11,1,130072,129649,423
12589521,18.7799,17.1748,425,48194,0.0339603,0.11,1,130092,129667,425
12592441,8.55599,8.23495,425,48238,0.0627921,0.07,1,130098,129673,425
12595361,11.3112,11.247,425,48282,0.0685584,0.11,1,130110,129685,425
12598281,97.4622,97.4494,425,48326,0.0697117,0.07,1,130229,129804,425
12601201,21.0924,21.0899,425,48370,0.101942,0.13,1,130231,129806,425
12604121,19.4185,18.618,426,48414,0.0603885,0.15,1,130250,129824,426
12607041,45.4837,44.5236,427,48458,0.0520777,0.15,1,130302,129875,427
12609961,10.6967,10.5047,427,48501,0.0504155,0.15,1,130304,129877,427
12612881,16.5393,16.5009,427,48544,0.0660831,0,1,130322,129895,427
12615801,33.7079,37.7002,422,48587,0.0212166,0.03,1,130360,129938,422
12618721,27.5416,28.34,422,48630,0.0122433,0,1,130386,129964,422
12621641,7.10831,7.26801,422,48673,0.0264487,0.03,1,130388,129966,422
12624561,17.4217,17.4536,422,48716,0.0132897,0.05,1,130408,129986,422
12627481,59.4843,59.4907,422,48759,0.186658,0.05,1,130478,130056,422
12630401,13.4969,13.4981,422,48802,0.221332,0.05,1,130480,130058,422
12633321,13.8994,13.8996,422,48845,0.244266,0.05,1,130494,130072,422
12636241,18.7799,2.77993,442,48888,0.248853,0.03,1,130514,130072,442
12639161,8.55597,16.556,428,48931,0.249771,0.07,1,130520,130092,428
12642081,11.3112,8.1112,434,48974,0.265954,0.07,1,130532,130098,434
12645001,99.0622,11.2222,543,49017,0.301191,0.07,1,130653,130110,543
12647921,21.4124,97.4445,426,49060,0.308238,0.11,1,130655,130229,426
12650841,18.6825,21.0889,442,49103,0.309648,0.05,1,130673,130231,442
12653761,45.3365,19.4178,475,49146,0.35793,0.05,1,130725,130250,475
12656681,10.6673,45.4836,425,49189,0.367586,0.05,1,130727,130302,425
12659601,18.1335,10.6967,443,49232,0.369517,0.07,1,130747,130304,443
12662521,30.8267,16.5393,459,49275,0.369903,0.01,1,130781,130322,459
12665441,26.9653,33.7079,447,49318,0.177981,0.01,1,130807,130360,447
12668361,6.99307,27.5416,423,49361,0.139596,0.03,1,130809,130386,423
12671281,17.3986,7.10831,441,49404,0.0359192,0.01,1,130829,130388,441
12674201,69.0797,17.4217,503,49447,0.111184,0.23,1,130911,130408,503
12677121,15.4159,59.4843,435,49490,0.126237,0.23,1,130913,130478,435
12680041,14.2832,13.4969,447,49533,0.129247,0.25,1,130927,130480,447
12682961,18.8566,13.8994,453,49576,0.129849,0.25,1,130947,130494,453
12685881,9.37133,18.7799,440,49618,0.11397,0.25,1,130954,130514,440
12688801,11.4743,8.55597,446,49660,0.126794,0.27,1,130966,130520,446
12691721,100.695,11.3112,557,49702,0.193359,0.31,1,131089,130532,557
12694641,21.739,99.0622,438,49744,0.206672,0.31,1,131091,130653,438
12697561,20.3478,21.4124,456,49786,0.209334,0.31,1,131111,130655,456
12700481,46.4696,18.6825,491,49828,0.193867,0.37,1,131164,130673,491
12703401,10.8939,45.3365,441,49870,0.190773,0.37,1,131166,130725,441
12706321,18.1788,10.6673,459,49912,0.190155,0.37,1,131186,130727,459
12709241,24.4358,18.1335,465,49954,0.222031,0.37,1,131212,130747,465
12712161,19.2872,30.8267,449,49996,0.228406,0.13,1,131230,130781,449
12715081,5.45743,26.9653,425,50038,0.229681,0.13,1,131232,130807,425
12718001,15.4915,6.99307,441,50080,0.229936,0.01,1,131250,130809,441
12720921,73.4983,17.3986,509,50122,0.213987,0.13,1,131338,130829,509
12723841,16.2997,69.0797,429,50164,0.210797,0.13,1,131340,130911,429
12726761,14.4599,15.4159,441,50206,0.210159,0.13,1,131354,130913,441
12729681,18.892,14.2832,447,50248,0.210032,0.13,1,131374,130927,447
12732601,8.5784,18.8566,433,50290,0.210006,0.11,1,131380,130947,433
12735521,3.31568,9.37133,428,50332,0.210001,0.13,1,131382,130954,428
12738441,10.2631,11.4743,428,50374,0.21,0.21,1,131394,130966,428
12741361,103.653,100.695,432,50416,0.274,0.21,1,131521,131089,432
12744281,22.3305,21.739,432,50458,0.2548,0.21,1,131523,131091,432
12747201,20.4661,20.3478,432,50500,0.29896,0.19,1,131543,131111,432
12750121,45.6932,46.4696,431,50542,0.339792,0.19,1,131595,131164,431
12753041,10.7386,10.8939,431,50584,0.347958,0.19,1,131597,131166,431
12755961,18.1477,18.1788,431,50626,0.349592,0.23,1,131617,131186,431
12758881,26.0295,24.4358,433,50668,0.365918,0.23,1,131645,131212,433
12761801,19.6059,19.2872,433,50710,0.337184,0.23,1,131663,131230,433
12764721,5.52118,5.45743,433,50752,0.363437,0.23,1,131665,131232,433
12767641,13.9042,15.4915,431,50794,0.336687,0.21,1,131681,131250,431
12770561,73.9809,73.4983,432,50835,0.491337,0.21,1,131770,131338,432
12773481,16.3962,16.2997,432,50876,0.522268,0.21,1,131772,131340,432
12776401,14.4792,14.4599,432,50917,0.560454,0.21,1,131786,131354,432
12779321,18.8958,18.892,432,50958,0.568091,0.21,1,131806,131374,432
12782241,8.57917,8.5784,432,50999,0.569618,0.21,1,131812,131380,432
12785161,3.31583,3.31568,432,51040,0.569924,0.21,1,131814,131382,432
12788081,10.2632,10.2631,432,51081,0.569985,0.29,1,131826,131394,432
12791001,105.253,103.653,434,51122,0.601997,0.25,1,131955,131521,434
12793921,22.6505,22.3305,434,51163,0.640399,0.31,1,131957,131523,434
12796841,21.3301,20.4661,435,51204,0.60008,0.35,1,131978,131543,435
12799761,47.466,45.6932,437,51245,0.592016,0.35,1,132032,131595,437
12802681,11.0932,10.7386,437,51286,0.590403,0.35,1,132034,131597,437
12805601,19.0186,18.1477,438,51327,0.606081,0.37,1,132055,131617,438
12808521,26.2037,26.0295,438,51368,0.625216,0.33,1,132083,131645,438
12811441,19.6407,19.6059,438,51409,0.629043,0.37,1,132101,131663,438
12814361,5.52815,5.52118,438,51450,0.677809,0.33,1,132103,131665,438
12817281,13.9056,13.9042,438,51491,0.687562,0.53,1,132119,131681,438
12969121,14,13,487,53577,0.77,1,2,133535,133048,487
12972041,78,94.6,466,53616,0.162,1,1,133629,133163,466
12974961,33.2,33.32,470,53655,0.0564,1,1,133651,133181,470
12977881,37.04,20.264,491,53694,0.03528,1,1,133689,133198,491
12980801,21.808,16.8528,493,53733,0.007056,1,1,133707,133214,493
12983721,18.7616,15.3706,496,53772,0.0094112,1,1,133725,133229,496
12986641,18.1523,12.6741,502,53811,0.00988224,1,1,133743,133241,502
12989561,15.6305,8.93482,509,53850,0.00197645,1,1,133758,133249,509
12992481,62.3261,88.187,475,53889,0.00039529,1,1,133832,133357,475
12995401,27.6652,27.2374,482,53928,0.0240791,1,1,133851,133369,482
12998321,18.333,18.2475,482,53967,0.00481581,1,1,133867,133385,482
13001241,14.8666,15.6495,481,54006,0.0249632,1,1,133881,133400,481
13004161,22.9733,18.3299,487,54045,0.0609926,0.92,1,133906,133419,487
13007081,14.9947,15.666,485,54084,0.0201985,0.99,1,133919,133434,485
13010001,18.1989,26.3332,475,54123,0.0040397,1,1,133938,133463,475
13012921,16.4398,24.4666,467,54162,0.00880794,0.95,1,133954,133487,467
13015841,14.488,17.6933,465,54201,0.00976159,0.8,1,133968,133503,465
13018761,12.4976,17.9387,459,54240,0.0259523,0.77,1,133980,133521,459
13021681,11.2995,14.7877,456,54279,0.10919,0.01,1,133991,133535,456
13024601,50.2599,78.1576,422,54318,0.0218381,0.03,1,134051,133629,422
13027521,27.652,33.2315,422,54357,0.0123676,0.03,1,134073,133651,422
13030441,35.9304,37.0463,422,54396,0.0104735,0,1,134111,133689,422
13033361,21.5861,21.8093,422,54435,0.0260947,0.01,1,134129,133707,422
13036281,18.7172,18.7619,422,54474,0.00521894,0.01,1,134147,133725,422
13039201,18.1434,18.1524,422,54513,0.00904379,0,1,134165,133743,422
13042121,15.6287,15.6305,422,54552,0.00180876,0,1,134180,133758,422
13045041,63.9257,62.3261,424,54591,0.0403618,0.03,1,134256,133832,424
13047961,27.1851,27.6652,423,54630,0.608072,0,1,134274,133851,423
13050881,18.237,18.333,423,54669,0.609614,0.03,1,134290,133867,423
13053801,14.8474,14.8666,423,54707,0.577923,0.03,1,134304,133881,423
13056721,21.3695,2.97332,446,54745,0.443585,0.07,1,134327,133881,446
13059641,14.6739,20.5947,434,54783,0.416717,0.01,1,134340,133906,434
13062561,18.1348,14.5189,440,54821,0.363343,0,1,134359,133919,440
13065481,16.427,18.1038,437,54859,0.320669,0.01,1,134375,133938,437
13068401,14.4854,16.4208,435,54897,0.296134,0.01,1,134389,133954,435
13071321,16.4971,14.4842,438,54935,0.291227,0.03,1,134406,133968,438
13074241,10.4994,12.4968,435,54973,0.338245,0.13,1,134415,133980,435
13077161,47.6999,11.2994,481,55011,0.139649,0,1,134472,133991,481
13080081,27.14,50.2599,443,55049,0.0519298,0.01,1,134494,134051,443
13083001,35.828,27.652,459,55087,0.018386,0.01,1,134532,134073,459
13085921,21.5656,35.9304,439,55125,0.0436772,0.03,1,134550,134111,439
13088841,18.7131,21.5861,439,55163,0.00873544,0,1,134568,134129,439
13091761,18.1426,18.7172,439,55201,0.0257471,0.01,1,134586,134147,439
13094681,15.6285,18.1434,436,55239,0.00514942,0,1,134601,134165,436
13097601,95.1257,15.6287,536,55277,0.0410299,0.05,1,134716,134180,536
13100521,29.4251,63.9257,473,55315,0.064206,0.75,1,134729,134256,473
13103441,15.485,27.1851,467,55353,0.0368412,0.61,1,134741,134274,467
13106361,8.69701,18.237,458,55391,0.0153682,0.57,1,134748,134290,458
13109281,16.9394,14.8474,463,55429,0.0110736,0.41,1,134767,134304,463
13112201,12.9879,21.3695,452,55467,0.0102147,0.41,1,134779,134327,452
13115121,13.7976,14.6739,453,55505,0.0420429,0.35,1,134793,134340,453
13118041,16.3595,18.1348,451,55543,0.0324086,0.31,1,134810,134359,451
13120961,15.2719,16.427,450,55581,0.0784817,0.29,1,134825,134375,450
13123881,17.4544,14.4854,454,55619,0.0716963,0.29,1,134843,134389,454
13126801,11.4909,16.4971,447,55657,0.0383393,0.35,1,134853,134406,447
13129721,34.2982,10.4994,478,55695,0.0316679,0.09,1,134893,134415,478
13132641,24.4596,47.6999,443,55733,0.0303336,0.03,1,134915,134472,443
13135561,35.2919,27.14,459,55771,0.0300667,0.01,1,134953,134494,459
13138481,21.4584,35.828,439,55809,0.0300133,0.05,1,134971,134532,439
13141401,18.6917,21.5656,439,55847,0.00600267,0,1,134989,134550,439
13144321,18.9383,18.7131,440,55885,0.0252005,0.03,1,135008,134568,440
13147241,14.9877,18.1426,436,55923,0.00504011,0,1,135022,134586,436
13150161,96.5975,15.6285,538,55961,0.00900802,0.05,1,135139,134601,538
13153081,28.9195,95.1257,435,55999,0.0098016,0.07,1,135151,134716,435
13156001,15.3839,29.4251,434,56037,0.0259603,0.03,1,135163,134729,434
13158921,7.87678,15.485,428,56075,0.0291921,0.01,1,135169,134741,428
13161841,16.7754,8.69701,440,56113,0.0298384,0.01,1,135188,134748,440
13164761,13.7551,16.9394,434,56150,0.0139677,0.01,1,135201,134767,434
13167681,4.35101,12.9879,424,56187,0.0267935,0.05,1,135203,134779,424
13170601,12.0702,13.7976,424,56224,0.0293587,0.03,1,135217,134793,424
13173521,16.814,16.3595,425,56261,0.0298717,0.09,1,135235,134810,425
13176441,15.3628,15.2719,425,56298,0.0459744,0.07,1,135250,134825,425
13179361,15.8726,17.4544,423,56335,0.0971949,0.03,1,135266,134843,423
13182281,11.1745,11.4909,423,56372,0.075439,0.03,1,135276,134853,423
13185201,34.2349,34.2982,423,56409,0.119088,0.03,1,135316,134893,423
13188121,23.647,24.4596,422,56446,0.0318176,0.03,1,135337,134915,422
13191041,35.1294,35.2919,422,56483,0.0303635,0.03,1,135375,134953,422
13193961,22.2259,21.4584,423,56520,0.0140727,0,1,135394,134971,423
13196881,18.0452,18.6917,422,56557,0.00281454,0.03,1,135411,134989,422
13199801,19.609,18.9383,423,56594,0.00856291,0,1,135431,135008,423
13202721,15.9218,14.9877,424,56631,0.0257126,0.01,1,135446,135022,424
13205641,95.1844,96.5975,422,56668,0.0291425,0.01,1,135561,135139,422
13208561,29.4369,28.9195,423,56705,0.0138285,0.03,1,135574,135151,423
13211481,15.4874,15.3839,423,56742,0.0107657,0.03,1,135586,135163,423
13214401,8.69747,7.87678,424,56779,0.0261531,0.03,1,135593,135169,424
13217321,16.1395,16.7754,423,56816,0.0612306,0.01,1,135611,135188,423
13220241,13.6279,13.7551,423,56853,0.0522461,0.03,1,135624,135201,423
13223161,4.32558,4.35101,423,56890,0.0504492,0.03,1,135626,135203,423
13226081,12.0651,12.0702,423,56927,0.0500898,0.03,1,135640,135217,423
13229001,16.813,16.814,423,56964,0.066018,0.05,1,135658,135235,423
13231921,16.9626,15.3628,425,57001,0.0532036,0.11,1,135675,135250,425
13234841,16.1925,15.8726,425,57038,0.0506407,0.07,1,135691,135266,425
13237761,11.2385,11.1745,425,57075,0.0181281,0.13,1,135701,135276,425
13240681,35.8477,34.2349,427,57112,0.0436256,0.01,1,135743,135316,427
13243601,19.9695,23.647,422,57149,0.0487251,0.03,1,135759,135337,422
13246521,34.3939,35.1294,422,57186,0.017745,0.01,1,135797,135375,422
13249441,22.8788,22.2259,423,57223,0.027549,0,1,135817,135394,423
13252361,17.3758,18.0452,422,57260,0.0055098,0.01,1,135833,135411,422
13255281,19.4752,19.609,422,57297,0.041102,0.03,1,135853,135431,422
13258201,15.895,15.9218,422,57334,0.0322204,0.03,1,135868,135446,422
13261121,95.979,95.1844,423,57371,0.0144441,0.01,1,135984,135561,423
13264041,28.7958,29.4369,422,57408,0.0428888,0.01,1,135996,135574,422
13266961,15.3592,15.4874,422,57445,0.0165778,0.03,1,136008,135586,422
13269881,9.47183,8.69747,423,57482,0.0113156,0.07,1,136016,135593,423
13272801,16.2944,16.1395,423,57519,0.0422631,0.05,1,136034,135611,423
13275721,12.8589,13.6279,422,57556,0.0164526,0.05,1,136046,135624,422
13278641,4.17177,4.32558,422,57593,0.0112905,0.05,1,136048,135626,422
13281561,12.0344,12.0651,422,57630,0.0102581,0.05,1,136062,135640,422
13284481,16.8069,2.41302,440,57666,0.0260516,0.07,1,136080,135640,440
13287401,16.1614,14.8826,438,57702,0.0612103,0.05,1,136096,135658,438
13290321,16.0323,16.5765,437,57738,0.0842421,0.05,1,136112,135675,437
13293241,11.2065,16.1153,431,57774,0.0888484,0.01,1,136122,135691,431
13296161,37.4413,11.2231,465,57810,0.10577,0.05,1,136166,135701,465
13299081,18.6883,35.8446,437,57846,0.109154,0.05,1,136180,135743,437
13302001,34.1377,19.9689,459,57882,0.0298308,0.01,1,136218,135759,459
13304921,23.6275,34.3938,442,57918,0.0139662,0.03,1,136239,135797,442
13307841,16.7255,22.8788,437,57954,0.00279323,0,1,136254,135817,437
13310761,19.3451,17.3758,441,57990,0.0245586,0.05,1,136274,135833,441
13313681,15.869,19.4752,436,58026,0.00491173,0.03,1,136289,135853,436
13316601,95.9738,15.895,537,58062,0.0409823,0.01,1,136405,135868,537
13319521,28.7948,95.979,433,58098,0.0481965,0.05,1,136417,135984,433
13322441,15.359,28.7958,433,58134,0.0496393,0.01,1,136429,135996,433
13325361,9.47179,15.3592,429,58170,0.0499279,0.01,1,136437,136008,429
13328281,16.2944,9.47183,439,58206,0.0499856,0.05,1,136455,136016,439
13331201,12.8589,16.2944,433,58242,0.0499971,0.01,1,136467,136034,433
13334121,4.17177,12.8589,423,58278,0.0499994,0.01,1,136469,136046,423
13337041,12.0344,4.17177,435,58314,0.0499999,0.01,1,136483,136048,435
13339961,17.6069,12.0344,440,58350,0.034,0.03,1,136502,136062,440
13342881,18.7214,16.8069,441,58386,0.0148,0.07,1,136521,136080,441
13345801,16.5443,16.1614,441,58422,0.04296,0.09,1,136537,136096,441
13348721,12.1089,16.0323,436,58458,0.064592,0.09,1,136548,136112,436
13351641,37.6218,11.2065,470,58494,0.0689184,0.11,1,136592,136122,470
13354561,15.5244,37.4413,436,58530,0.0697837,0.11,1,136602,136166,436
13357481,34.3049,18.6883,461,58566,0.0139567,0.01,1,136641,136180,461
13360401,22.061,34.1377,442,58602,0.0107913,0.01,1,136660,136218,442
13363321,17.2122,23.6275,437,58638,0.00215827,0,1,136676,136239,437
13366241,18.6424,16.7255,441,58674,0.0244317,0.03,1,136695,136254,441
13369161,15.7285,19.3451,436,58710,0.00488633,0,1,136710,136274,436
13372081,97.5457,15.869,539,58746,0.00897727,0.05,1,136828,136289,539
13375001,29.1091,95.9738,435,58782,0.00979545,0.05,1,136840,136405,435
13377921,15.4218,28.7948,435,58818,0.0259591,0.05,1,136852,136417,435
13380841,9.48437,15.359,431,58854,0.0451918,0.05,1,136860,136429,431
13383761,16.2969,9.47179,441,58890,0.0490384,0.05,1,136878,136437,441
13386681,12.8594,16.2944,435,58926,0.0498077,0.05,1,136890,136455,435
13389601,4.17187,12.8589,425,58962,0.0499615,0.05,1,136892,136467,425
13392521,12.0344,4.17177,437,58998,0.0499923,0.05,1,136906,136469,437
13395441,16.8069,12.0344,441,59034,0.0499985,0.03,1,136924,136483,441
13398361,18.5614,17.6069,441,59070,0.0659997,0.01,1,136943,136502,441
13401281,5.31227,18.7214,424,59106,0.0691999,0.05,1,136945,136521,424
13404201,13.8625,16.5443,424,59142,0.06984,0.07,1,136961,136537,424
13407121,12.3725,12.1089,425,59178,0.053968,0.07,1,136973,136548,425
13410041,37.6745,37.6218,425,59214,0.0827936,0.07,1,137017,136592,425
13412961,15.5349,15.5244,425,59249,0.0885587,0,1,137027,136602,425
13415881,31.907,34.3049,422,59284,0.0177117,0.01,1,137063,136641,422
13418801,22.3814,22.061,423,59319,0.00354235,0,1,137083,136660,423
13421721,16.4763,17.2122,422,59354,0.0247085,0.03,1,137098,136676,422
13424641,18.4953,18.6424,422,59389,0.0129417,0,1,137117,136695,422
13427561,15.6991,15.7285,422,59424,0.0265883,0.01,1,137132,136710,422
13430481,97.5398,97.5457,422,59459,0.0293177,0.01,1,137250,136828,422
13433401,29.908,29.1091,423,59494,0.0138635,0.03,1,137263,136840,423
13436321,16.3816,15.4218,424,59529,0.0267727,0.05,1,137276,136852,424
13439241,9.67632,9.48437,424,59564,0.0613545,0.05,1,137284,136860,424
13442161,16.3353,16.2969,424,59599,0.0682709,0.05,1,137302,136878,424
13445081,12.8671,12.8594,424,59634,0.0376542,0.05,1,137314,136890,424
13448001,4.17341,4.17187,424,59669,0.0635308,0.05,1,137316,136892,424
13450921,12.0347,12.0344,424,59704,0.0367062,0.05,1,137330,136906,424
13453841,16.8069,16.8069,424,59739,0.0633412,0.07,1,137348,136924,424
13456761,17.7614,18.5614,423,59774,0.0686682,0.07,1,137366,136943,423
13459681,5.15228,5.31227,423,59809,0.0697336,0.07,1,137368,136945,423
13462601,14.6305,13.8625,424,59844,0.0539467,0.05,1,137385,136961,424
13465521,13.3261,12.3725,425,59879,0.0507893,0.09,1,137398,136973,425
13468441,38.6652,37.6745,426,59914,0.0661579,0.09,1,137443,137017,426
13471361,16.533,15.5349,427,59949,0.0532316,0,1,137454,137027,427
13474281,28.1066,31.907,422,59984,0.0106463,0,1,137485,137063,422
13477201,21.6213,22.3814,422,60019,0.00212926,0.03,1,137505,137083,422
13480121,16.3243,16.4763,422,60054,0.0244259,0.01,1,137520,137098,422
13483041,18.4649,18.4953,422,60089,0.0128852,0.03,1,137539,137117,422
13485961,16.493,15.6991,423,60124,0.010577,0.03,1,137555,137132,423
13488881,97.6986,97.5398,423,60159,0.0261154,0.01,1,137673,137250,423
13491801,29.1397,29.908,422,60194,0.0612231,0.03,1,137685,137263,422
13494721,17.0279,16.3816,423,60229,0.0362446,0.07,1,137699,137276,423
13497641,9.80559,9.67632,423,60264,0.0472489,0.07,1,137707,137284,423
13500561,16.3611,16.3353,423,60299,0.0814498,0.03,1,137725,137302,423
13503481,12.8722,12.8671,423,60334,0.07229,0.07,1,137737,137314,423
13506401,4.17444,4.17341,423,60369,0.070458,0.03,1,137739,137316,423
13509321,12.0349,12.0347,423,60404,0.0700916,0.07,1,137753,137330,423
13512241,16.807,16.8069,423,60439,0.102018,0.07,1,137771,137348,423
13515161,17.7614,17.7614,423,60474,0.0924037,0.07,1,137789,137366,423
13518081,5.15228,5.15228,423,60509,0.0904807,0.05,1,137791,137368,423
13521001,13.8305,14.6305,422,60544,0.0900961,0.05,1,137807,137385,422
13523921,13.9661,2.92609,436,60579,0.0900192,0.05,1,137821,137385,436
13526841,37.9932,10.9852,467,60614,0.106004,0.07,1,137865,137398,467
13529761,15.5986,38.197,432,60649,0.125201,0.05,1,137875,137443,432
13532681,27.9197,16.4394,452,60684,0.0250402,0,1,137906,137454,452
13535601,21.5839,28.0879,441,60719,0.00500803,0,1,137926,137485,441
13538521,16.3168,21.6176,436,60754,0.00100161,0.03,1,137941,137505,436
13541441,18.4634,16.3235,440,60789,0.0242003,0.01,1,137960,137520,440
13544361,16.4927,18.4647,437,60824,0.0288401,0.01,1,137976,137539,437
13547281,98.4985,16.4929,540,60859,0.061768,0.03,1,138095,137555,540
13550201,29.2997,97.6986,434,60894,0.0683536,0.07,1,138107,137673,434
13553121,17.8599,29.1397,437,60929,0.0536707,0.03,1,138122,137685,437
13556041,9.97199,17.0279,431,60963,0.0827341,0.05,1,138130,137699,431
13558961,17.1944,9.80559,442,60997,0.0725468,0.09,1,138149,137707,442
13561881,13.0389,16.3611,436,61031,0.0705094,0.07,1,138161,137725,436
13564801,4.20778,12.8722,426,61065,0.0701019,0.07,1,138163,137737,426
13567721,12.0416,4.17444,438,61099,0.0700204,0.07,1,138177,137739,438
13570641,16.8083,12.0349,442,61133,0.0700041,0.11,1,138195,137753,442
13573561,18.5617,16.807,443,61167,0.0540008,0.09,1,138214,137771,443
13576481,5.31233,17.7614,427,61201,0.0508002,0.09,1,138216,137789,427
13579401,13.8625,5.15228,441,61235,0.05016,0.09,1,138232,137791,441
13582321,13.9725,13.8305,439,61269,0.050032,0.09,1,138246,137807,439
13585241,39.5945,13.9661,471,61303,0.0500064,0.11,1,138292,137821,471
13588161,15.9189,37.9932,437,61337,0.0500013,0.13,1,138302,137865,437
13591081,23.1838,15.5986,452,61371,0.0180003,0,1,138327,137875,452
13594001,21.4368,27.9197,442,61405,0.00360005,0,1,138348,137906,442
13596921,15.4874,21.5839,436,61439,0.00072001,0,1,138362,137926,436
13599841,18.2975,16.3168,440,61473,0.024144,0.03,1,138381,137941,440
13602761,17.2595,18.4634,438,61507,0.0128288,0.03,1,138398,137960,438
13605681,100.252,16.4927,543,61541,0.0105658,0.07,1,138519,137976,543
13608601,29.6504,98.4985,436,61575,0.0101132,0.07,1,138531,138095,436
13611521,18.7301,29.2997,440,61609,0.0260226,0.05,1,138547,138107,440
13614441,10.146,17.8599,433,61643,0.0292045,0.09,1,138555,138122,433
13617361,16.4292,9.97199,443,61677,0.0458409,0.07,1,138573,138130,443
13620281,12.8858,17.1944,436,61711,0.0491682,0.07,1,138585,138149,436
13623201,4.17717,13.0389,426,61745,0.0498336,0.07,1,138587,138161,426
13626121,12.0354,4.20778,438,61779,0.0659667,0.07,1,138601,138163,438
13629041,16.8071,12.0416,442,61813,0.0691933,0.07,1,138619,138177,442
13631961,17.7614,16.8083,442,61847,0.0698387,0.05,1,138637,138195,442
13634881,5.15228,18.5617,425,61881,0.0699677,0.05,1,138639,138214,425
13637801,13.8305,5.31233,439,61915,0.0699935,0.05,1,138655,138216,439
13640721,13.9661,13.8625,437,61949,0.0699987,0.05,1,138669,138232,437
13643641,39.5932,13.9725,469,61983,0.0859997,0.05,1,138715,138246,469
13646561,9.51864,39.5945,425,62017,0.0892,0.05,1,138717,138292,425
13649481,9.90373,15.9189,425,62051,0.10584,0.01,1,138727,138302,425
13652401,19.5807,23.1838,422,62085,0.077168,0,1,138749,138327,422
13655321,20.7162,21.4368,422,62119,0.0394336,0,1,138770,138348,422
13658241,15.3432,15.4874,422,62153,0.0318867,0.03,1,138784,138362,422
13661161,18.2686,18.2975,422,62187,0.0143773,0.01,1,138803,138381,422
13664081,18.0537,17.2595,423,62221,0.00287547,0.01,1,138821,138398,423
13667001,99.6107,100.252,422,62255,0.0245751,0.01,1,138941,138519,422
13669921,30.3221,29.6504,423,62289,0.012915,0.03,1,138954,138531,423
13672841,18.8644,18.7301,423,62323,0.010583,0.03,1,138970,138547,423
13675761,10.9729,10.146,424,62357,0.0581166,0.05,1,138979,138555,424
13678681,16.5946,16.4292,424,62391,0.0836233,0.05,1,138997,138573,424
13681601,12.9189,12.8858,424,62425,0.0567247,0.05,1,139009,138585,424
13684521,4.18378,4.17717,424,62459,0.0833449,0.07,1,139011,138587,424
13687441,12.8368,12.0354,425,62493,0.072669,0.07,1,139026,138601,425
13690361,16.9674,16.8071,425,62527,0.102534,0.07,1,139044,138619,425
13693281,17.7935,17.7614,425,62561,0.108507,0.07,1,139062,138637,425
13696201,5.15869,5.15228,425,62595,0.109701,0.07,1,139064,138639,425
13699121,13.8317,13.8305,425,62629,0.10994,0.07,1,139080,138655,425
13702041,13.9663,13.9661,425,62663,0.0779881,0.09,1,139094,138669,425
13704961,40.3933,39.5932,426,62697,0.0875976,0.09,1,139141,138715,426
13707881,10.4787,9.51864,427,62730,0.0735195,0.11,1,139144,138717,427
13710801,10.0957,9.90373,427,62763,0.0387039,0.07,1,139154,138727,427
13713721,17.2191,19.5807,424,62796,0.0637408,0.03,1,139173,138749,424
13716641,19.4438,20.7162,423,62829,0.0687482,0.03,1,139193,138770,423
13719561,14.2888,15.3432,422,62862,0.0377496,0.01,1,139206,138784,422
13722481,18.0578,18.2686,422,62895,0.0155499,0,1,139225,138803,422
13725401,18.0116,18.0537,422,62928,0.00310999,0.03,1,139243,138821,422
13728321,100.402,99.6107,423,62961,0.024622,0.01,1,139364,138941,423
13731241,29.6805,30.3221,422,62994,0.0609244,0.01,1,139376,138954,422
13734161,20.3361,18.8644,424,63027,0.0681849,0.07,1,139394,138970,424
13737081,10.4672,10.9729,423,63060,0.037637,0.09,1,139402,138979,423
13740001,17.2934,16.5946,424,63093,0.0955274,0.05,1,139421,138997,424
13742921,13.0587,12.9189,424,63126,0.0751055,0.09,1,139433,139009,424
13745841,4.21174,4.18378,424,63159,0.0710211,0.07,1,139435,139011,424
13748761,13.6423,12.8368,425,63192,0.0702042,0.11,1,139451,139026,425
13751681,17.1285,16.9674,425,63225,0.118041,0.11,1,139469,139044,425
13754601,17.8257,17.7935,425,63258,0.111608,0.11,1,139487,139062,425
13757521,5.16514,5.15869,425,63291,0.110322,0.11,1,139489,139064,425
13760441,13.833,13.8317,425,63324,0.110064,0.07,1,139505,139080,425
13763361,13.9666,13.9663,425,63357,0.110013,0.09,1,139519,139094,425
13766281,39.5933,40.3933,424,63390,0.126003,0.07,1,139565,139141,424
13769201,9.51866,10.4787,423,63423,0.129201,0.03,1,139567,139144,423
13772121,9.90373,10.0957,423,63456,0.12984,0.03,1,139577,139154,423
13775041,17.9807,2.01915,443,63489,0.129968,0.07,1,139597,139154,443
13777961,17.1961,15.6038,441,63522,0.145994,0.07,1,139614,139173,441
13780881,13.8392,19.1208,434,63555,0.117199,0.03,1,139627,139193,434
13783801,17.9678,14.2242,440,63588,0.0474397,0.01,1,139646,139206,440
13786721,17.9936,18.0448,439,63621,0.00948795,0,1,139664,139225,439
13789641,101.199,18.009,543,63654,0.0258976,0.03,1,139786,139243,543
13792561,29.8397,100.402,434,63687,0.0451795,0.07,1,139798,139364,434
13795481,20.3679,29.6804,440,63720,0.0650359,0.07,1,139816,139376,440
13798401,10.4736,20.3361,430,63753,0.0690072,0.03,1,139824,139394,430
13801321,18.8947,10.4672,443,63786,0.0858014,0.11,1,139845,139402,443
13804241,13.3789,17.2934,436,63819,0.10516,0.07,1,139857,139421,436
13807161,4.27579,13.0587,426,63852,0.125032,0.07,1,139859,139433,426
13810081,14.4552,4.21174,441,63885,0.113006,0.07,1,139876,139435,441
13813001,18.091,13.6423,444,63918,0.0946013,0.13,1,139895,139451,444
13815921,18.0182,17.1285,444,63951,0.10692,0.11,1,139913,139469,444
13818841,5.20364,17.8257,428,63984,0.109384,0.11,1,139915,139487,428
13821761,13.8407,5.16514,442,64017,0.109877,0.11,1,139931,139489,442
13824681,13.9681,13.833,440,64050,0.109975,0.11,1,139945,139505,440
13827601,40.3936,13.9666,473,64083,0.125995,0.13,1,139992,139519,473
13830521,9.67873,39.5933,429,64116,0.129199,0.13,1,139994,139565,429
13833441,9.93575,9.51866,437,64149,0.12984,0.13,1,140004,139567,437
13836361,17.9871,9.90373,447,64182,0.129968,0.13,1,140024,139577,447
13839281,17.1974,17.9807,444,64215,0.145994,0.15,1,140041,139597,444
13842201,9.83949,17.1961,435,64248,0.117199,0.11,1,140049,139614,435
13845121,16.3679,13.8392,440,64281,0.12744,0.03,1,140067,139627,440
13848041,17.6736,17.9678,439,64314,0.0334879,0,1,140085,139646,439
13850961,102.735,17.9936,545,64347,0.0146976,0.03,1,140209,139664,545
13853881,30.9469,101.199,436,64380,0.00293952,0.05,1,140222,139786,436
13856801,20.5894,29.8397,442,64413,0.0245879,0.07,1,140240,139798,442
13859721,10.5179,20.3679,432,64446,0.0289176,0.07,1,140248,139816,432
13862641,20.5036,10.4736,447,64479,0.0137835,0.09,1,140271,139824,447
13865561,14.5007,18.8947,439,64512,0.0107567,0.11,1,140284,139845,439
13868481,4.50014,13.3789,429,64545,0.0101513,0.13,1,140286,139857,429
13871401,13.7,4.27579,443,64578,0.0260303,0.11,1,140302,139859,443
13874321,17.14,14.4552,444,64611,0.0292061,0.09,1,140320,139876,444
13877241,18.628,18.091,444,64643,0.0618412,0.11,1,140339,139895,444
13880161,5.3256,18.0182,428,64675,0.0683682,0.11,1,140341,139913,428
13883081,13.8651,5.20364,442,64707,0.0696736,0.11,1,140357,139915,442
13886001,13.973,13.8407,440,64739,0.0699347,0.11,1,140371,139931,440
13888921,41.1946,13.9681,474,64771,0.101987,0.13,1,140419,139945,474
13891841,9.83892,40.3936,429,64803,0.108397,0.13,1,140421,139992,429
13894761,9.96778,9.67873,437,64835,0.109679,0.13,1,140431,139994,437
13897681,17.9936,9.93575,447,64867,0.269936,0.13,1,140451,140004,447
13900601,16.3987,17.9871,443,64899,0.301987,0.15,1,140467,140024,443
13903521,4.87974,17.1974,428,64931,0.308397,0.11,1,140469,140041,428
13906441,7.37595,9.83949,428,64963,0.309679,0.13,1,140477,140049,428
13909361,14.2752,16.3679,426,64995,0.357936,0.01,1,140493,140067,426
13912281,14.855,17.6736,423,65027,0.319587,0.01,1,140508,140085,423
13915201,101.371,102.735,422,65059,0.0719174,0,1,140631,140209,422
13918121,30.6742,30.9469,422,65091,0.0223835,0.03,1,140644,140222,422
13921041,21.3348,20.5894,423,65123,0.0124767,0.03,1,140663,140240,423
13923961,10.667,10.5179,423,65155,0.0424953,0.01,1,140671,140248,423
13926881,20.5334,20.5036,423,65187,0.0324991,0.01,1,140694,140271,423
13929801,14.5067,14.5007,423,65219,0.0304998,0.01,1,140707,140284,423
13932721,4.50134,4.50014,423,65251,0.0301,0.03,1,140709,140286,423
13935641,13.7003,13.7,423,65283,0.06202,0.03,1,140725,140302,423
13938561,17.9401,17.14,424,65315,0.068404,0.07,1,140744,140320,424
13941481,19.588,18.628,425,65347,0.101681,0.07,1,140764,140339,425
13944401,5.5176,5.3256,425,65379,0.108336,0.07,1,140766,140341,425
13947321,13.9035,13.8651,425,65411,0.109667,0.07,1,140782,140357,425
13950241,13.9807,13.973,425,65443,0.0939334,0.11,1,140796,140371,425
13953161,42.7961,41.1946,427,65475,0.0907867,0.11,1,140846,140419,427
13956081,10.1592,9.83892,427,65507,0.0901573,0.11,1,140848,140421,427
13959001,18.0318,9.96778,437,65539,0.122031,0.31,1,140868,140431,437
13961921,19.6064,17.9936,437,65571,0.160406,0.31,1,140888,140451,437
13964841,16.7213,16.3987,437,65603,0.136081,0.31,1,140904,140467,437
13967761,4.94425,4.87974,437,65635,0.163216,0.31,1,140906,140469,437
13970681,7.38885,7.37595,437,65667,0.136643,0.37,1,140914,140477,437
13973601,15.0778,14.2752,438,65699,0.147329,0.31,1,140931,140493,438
13976521,12.6156,14.855,435,65731,0.165466,0.01,1,140943,140508,435
13979441,91.3231,101.371,423,65763,0.0410931,0.01,1,141054,140631,423
13982361,27.8646,30.6742,422,65795,0.0482186,0.01,1,141066,140644,422
13985281,20.7729,21.3348,422,65827,0.0656437,0.05,1,141085,140663,422
13988201,10.5546,10.667,422,65859,0.0371287,0.03,1,141093,140671,422
13991121,20.5109,20.5334,422,65891,0.0474257,0.03,1,141116,140694,422
13994041,14.5022,14.5067,422,65923,0.0654851,0.03,1,141129,140707,422
13996961,4.50044,4.50134,422,65955,0.069097,0.07,1,141131,140709,422
13999881,15.3001,13.7003,424,65987,0.0378194,0.07,1,141149,140725,424
14002801,19.06,17.9401,425,66019,0.0795639,0.11,1,141169,140744,425
14005721,19.812,19.588,425,66051,0.0719128,0.11,1,141189,140764,425
14008641,5.5624,5.5176,425,66083,0.0703826,0.11,1,141191,140766,425
14011561,13.9125,13.9035,425,66115,0.0860765,0.09,1,141207,140782,425
14014481,14.7825,13.9807,426,66147,0.0732153,0.09,1,141222,140796,426
14017401,41.3565,42.7961,424,66179,0.0706431,0.09,1,141270,140846,424
14020321,9.8713,10.1592,424,66211,0.0861286,0.13,1,141272,140848,424
14023241,21.1743,18.0318,428,66243,0.153226,0.17,1,141296,140868,428
14026161,20.2349,19.6064,428,66275,0.214645,0.13,1,141316,140888,428
14029081,16.847,16.7213,428,66307,0.258929,0.17,1,141332,140904,428
14032001,4.96939,4.94425,428,66339,0.235786,0.13,1,141334,140906,428
14034921,7.39388,7.38885,428,66371,0.231157,0.15,1,141342,140914,428
14037841,15.8788,15.0778,429,66403,0.230231,0.15,1,141360,140931,429
14040761,12.7758,3.01555,441,66435,0.230046,0.17,1,141372,140931,441
14043681,84.9552,10.2031,532,66467,0.262009,0.01,1,141475,140943,532
14046601,28.191,90.8406,435,66499,0.284402,0.05,1,141489,141054,435
14049521,20.0382,27.7681,441,66531,0.30488,0.07,1,141507,141066,441
14052441,10.4076,20.7536,430,66563,0.308976,0.03,1,141515,141085,430
14055361,21.2815,10.5507,446,66595,0.309795,0.05,1,141539,141093,446
14058281,13.8563,20.5101,435,66627,0.309959,0.07,1,141551,141116,435
14061201,4.37126,14.502,424,66658,0.309992,0.07,1,141553,141129,424
14064121,16.0743,4.50041,441,66689,0.293998,0.03,1,141572,141131,441
14067041,20.0149,15.3001,444,66720,0.3708,0.09,1,141593,141149,444
14069961,20.003,19.06,444,66751,0.35416,0.07,1,141613,141169,444
14072881,5.60059,19.812,426,66782,0.350832,0.07,1,141615,141189,426
14075801,14.7201,5.5624,441,66813,0.334166,0.09,1,141632,141191,441
14078721,14.144,13.9125,439,66844,0.330833,0.07,1,141646,141207,439
14081641,42.0288,14.7825,473,66875,0.362167,0.07,1,141695,141222,473
14084561,10.0058,41.3565,427,66906,0.368433,0.09,1,141697,141270,427
14087481,26.8012,9.8713,456,66937,0.481687,0.17,1,141728,141272,456
14090401,21.3602,21.1743,452,66968,0.552337,0.23,1,141748,141296,452
14093321,17.072,20.2349,448,66999,0.566467,0.27,1,141764,141316,448
14096241,5.01441,16.847,434,67030,0.569293,0.23,1,141766,141332,434
14099161,7.40288,4.96939,440,67061,0.569859,0.23,1,141774,141334,440
14102081,15.8806,7.39388,450,67092,0.569972,0.23,1,141792,141342,450
14105001,13.5761,15.8788,445,67123,0.553994,0.23,1,141805,141360,445
14107921,86.7152,12.7758,538,67154,0.550799,0.27,1,141910,141372,538
14110841,29.343,84.9552,450,67185,0.58216,0.29,1,141925,141475,450
14113761,20.2686,28.191,454,67216,0.620432,0.31,1,141943,141489,454
14116681,10.4537,20.0382,444,67247,0.628086,0.31,1,141951,141507,444
14119601,21.2907,10.4076,460,67278,0.629617,0.31,1,141975,141515,460
14122521,13.8581,21.2815,448,67309,0.629923,0.31,1,141987,141539,448
14125441,4.37163,13.8563,438,67340,0.629985,0.31,1,141989,141551,438
14128361,16.8743,4.37126,456,67371,0.629997,0.29,1,142009,141553,456
14131281,20.9749,16.0743,459,67402,0.645999,0.39,1,142031,141572,459
14134201,20.195,20.0149,458,67433,0.6492,0.35,1,142051,141593,458
14137121,5.63899,20.003,440,67464,0.64984,0.35,1,142053,141613,440
14140041,13.9278,5.60059,454,67495,0.649968,0.33,1,142069,141615,454
14142961,13.9856,14.7201,451,67526,0.649994,0.33,1,142083,141632,451
14145881,44.3971,14.144,489,67557,0.681999,0.37,1,142135,141646,489
14148801,10.4794,42.0288,442,67588,0.7204,0.37,1,142137,141695,442
14151721,34.0959,10.0058,480,67619,0.90408,0.51,2,142177,141697,480
14415981,51,77,480,32978,0.03,0.55,1,144103,143623,480
14418901,41.4,58.6,465,33042,0.062,0.39,1,144142,143677,465
14421821,29.08,46.12,448,33106,0.0364,0.07,1,144168,143720,448
14424741,45.816,57.224,438,33170,0.01528,0.03,1,144218,143780,438
14427661,48.3632,42.6448,448,33234,0.003056,0.05,1,144267,143819,448
14430581,37.6726,41.329,442,33298,0.0006112,0,1,144302,143860,442
14433501,49.1345,42.6658,451,33362,0.568122,0.03,1,144354,143903,451
14436421,46.6269,45.3332,451,33425,0.441624,0.03,1,144400,143949,451
14439341,26.1254,40.2666,433,33488,0.400325,0.05,1,144421,143988,433
14442261,19.6251,24.0533,431,33551,0.408065,0.03,1,144439,144008,431
14445181,32.725,40.0107,423,33614,0.361613,0.03,1,144475,144052,423
14448101,48.145,48.8021,424,33677,0.288323,0.07,1,144527,144103,424
14451021,41.629,40.9604,425,33740,0.209665,0.03,1,144567,144142,425
14453941,29.1258,28.9921,425,33803,0.209933,0.01,1,144593,144168,425
14456861,43.4252,45.7984,422,33866,0.129987,0,1,144640,144218,422
14459781,47.885,48.3597,422,33928,0.0259973,0,1,144689,144267,422
14462701,37.577,37.6719,422,33990,0.00519946,0.71,1,144724,144302,422
14465621,73.9154,49.1344,453,34052,0.0250399,0.41,1,144807,144354,453
14468541,41.1831,46.6269,440,34114,0.045008,0.39,1,144840,144400,440
14471461,25.0366,26.1254,440,34176,0.0330016,0.41,1,144861,144421,440
14474381,19.4073,19.6251,440,34238,0.0626003,0.41,1,144879,144439,440
14477301,29.4815,3.92501,472,34300,0.0365201,0.35,1,144911,144439,472
14480221,42.6963,29.585,482,34362,0.015304,0.27,1,144957,144475,482
14483141,39.7393,47.517,469,34424,0.0270608,0.19,1,144996,144527,469
14486061,28.7479,41.5034,455,34485,0.0774122,0.21,1,145022,144567,455
14488981,36.9496,29.1007,468,34546,0.0714824,0.11,1,145061,144593,468
14491901,46.5899,43.4201,470,34607,0.0142965,0,1,145110,144640,470
14494821,37.318,47.884,456,34668,0.0028593,0,1,145145,144689,456
14497741,74.6636,37.5768,505,34729,0.0405719,0.03,1,145229,144724,505
14500661,40.5327,73.9154,454,34790,0.0481144,0.05,1,145261,144807,454
14503581,25.7065,41.1831,443,34851,0.0656229,0.03,1,145283,144840,443
14506501,19.5413,25.0366,440,34912,0.0691246,0.07,1,145301,144861,440
14509421,29.5083,19.4073,454,34973,0.0698249,0.03,1,145333,144879,454
14512341,41.9017,29.4815,467,35033,0.085965,0.01,1,145378,144911,467
14515261,41.9803,42.6963,463,35093,0.153193,0.03,1,145420,144957,463
14518181,29.9961,39.7393,451,35153,0.198639,0.09,1,145447,144996,451
14521101,36.3992,28.7479,463,35213,0.207728,0.07,1,145485,145022,463
14524021,44.8798,36.9496,471,35273,0.0415455,0,1,145532,145061,471
14526941,36.976,46.5899,457,35333,0.0323091,0,1,145567,145110,457
14529861,75.3952,37.318,507,35393,0.0464618,0.05,1,145652,145145,507
14532781,41.479,74.6636,456,35453,0.0332924,0.05,1,145685,145229,456
14535701,25.8958,40.5327,446,35513,0.0626585,0.07,1,145707,145261,446
14538621,19.5792,25.7065,442,35573,0.0685317,0.07,1,145725,145283,442
14541541,29.5158,19.5413,456,35632,0.0697063,0.07,1,145757,145301,456
14544461,42.7032,29.5083,470,35691,0.0699413,0.09,1,145803,145333,470
14547381,10.1406,41.9017,427,35750,0.0699883,0.17,1,145805,145378,427
14550301,38.0281,41.9803,430,35809,0.0699976,0.21,1,145850,145420,430
14553221,30.8056,29.9961,432,35868,0.118,0.21,1,145879,145447,432
14556141,36.5611,36.3992,432,35927,0.1276,0,1,145917,145485,432
14559061,36.9122,44.8798,422,35986,0.08152,0.03,1,145954,145532,422
14561981,36.1824,36.976,423,36045,0.024304,0.05,1,145990,145567,423
14564901,76.0365,75.3952,424,36104,0.0608608,0.03,1,146076,145652,424
14567821,42.4073,41.479,425,36163,0.0521722,0.07,1,146110,145685,425
14570741,26.0815,25.8958,425,36221,0.0824344,0.07,1,146132,145707,425
14573661,19.6163,19.5792,425,36279,0.0724869,0.07,1,146150,145725,425
14576581,29.5233,29.5158,425,36337,0.0704974,0.07,1,146182,145757,425
14579501,42.7047,42.7032,425,36395,0.0700995,0.07,1,146228,145803,425
14582421,10.1409,10.1406,425,36453,0.10202,0.07,1,146230,145805,425
14585341,38.8282,38.0281,426,36511,0.108404,0.13,1,146276,145850,426
14588261,30.9656,30.8056,426,36569,0.0936808,0.13,1,146305,145879,426
14591181,36.5931,36.5611,426,36627,0.106736,0.07,1,146343,145917,426
14594101,33.7186,36.9122,422,36685,0.109347,0.01,1,146376,145954,422
14597021,35.5437,36.1824,422,36743,0.0298694,0.07,1,146412,145990,422
14599941,76.7087,76.0365,423,36801,0.0459739,0.05,1,146499,146076,423
14602861,43.3417,42.4073,424,36858,0.0651948,0.09,1,146534,146110,424
14605781,27.0683,26.0815,425,36915,0.053039,0.07,1,146557,146132,425
14608701,19.8137,19.6163,425,36972,0.0506078,0.07,1,146575,146150,425
14611621,29.5627,29.5233,425,37029,0.0501216,0.07,1,146607,146182,425
14614541,42.7125,42.7047,425,37086,0.0180243,0.11,1,146653,146228,425
14617461,10.1425,10.1409,425,37143,0.0436049,0.11,1,146655,146230,425
14620381,38.0285,2.02819,470,37200,0.016721,0.11,1,146700,146230,470
14623301,30.0057,37.2056,452,37257,0.0273442,0.09,1,146728,146276,452
14626221,37.2011,30.6411,462,37314,0.0774688,0.11,1,146767,146305,462
14629141,31.4402,36.5282,454,37371,0.0714938,0.11,1,146797,146343,454
14632061,35.088,33.7056,457,37428,0.0222988,0.01,1,146833,146376,457
14634981,76.6176,35.5411,508,37484,0.0284598,0.05,1,146920,146412,508
14637901,44.1235,76.7082,457,37540,0.0456919,0.07,1,146956,146499,457
14640821,26.4247,43.3416,444,37596,0.0651384,0.05,1,146978,146534,444
14643741,19.6849,27.0683,439,37652,0.0690277,0.05,1,146996,146557,439
14646661,29.537,19.8137,453,37708,0.0858055,0.05,1,147028,146575,453
14649581,42.7074,29.5627,467,37764,0.0891611,0.01,1,147074,146607,467
14652501,10.1415,42.7125,423,37820,0.0898322,0.05,1,147076,146653,423
14655421,38.0283,10.1425,466,37876,0.0899664,0.01,1,147121,146655,466
14658341,32.4057,38.0285,452,37932,0.0739933,0.03,1,147152,146700,452
14661261,38.4811,30.0057,464,37988,0.150799,0.09,1,147192,146728,464
14664181,30.8962,37.2011,454,38044,0.18216,0.07,1,147221,146767,454
14667101,32.5792,31.4402,457,38100,0.188432,0.01,1,147254,146797,457
14670021,76.9159,35.088,509,38155,0.0936864,0.03,1,147342,146833,509
14672941,44.9832,76.6176,459,38210,0.0907373,0.05,1,147379,146920,459
14675861,27.3966,44.1235,446,38265,0.0741475,0.07,1,147402,146956,446
14678781,19.8793,26.4247,442,38320,0.0708295,0.07,1,147420,146978,442
14681701,30.3759,19.6849,457,38375,0.0861659,0.09,1,147453,146996,457
14684621,42.8752,29.537,471,38430,0.0892332,0.09,1,147499,147028,471
14687541,10.175,42.7074,427,38485,0.0898466,0.09,1,147501,147074,427
14690461,38.035,10.1415,470,38540,0.0739693,0.09,1,147546,147076,470
14693381,34.007,38.0283,458,38595,0.0547939,0.07,1,147579,147121,458
14696301,8.4014,32.4057,429,38650,0.0509588,0.17,1,147581,147152,429
14699221,34.4803,38.4811,430,38705,0.114192,0.19,1,147622,147192,430
14702141,30.8961,30.8962,431,38760,0.126838,0.19,1,147652,147221,431
14705061,30.9792,32.5792,429,38814,0.0973677,0.07,1,147683,147254,429
14707981,73.3958,76.9159,425,38868,0.171474,0.09,1,147767,147342,425
14710901,45.0792,44.9832,426,38922,0.170295,0.07,1,147805,147379,426
14713821,26.6158,27.3966,425,38976,0.202059,0.07,1,147827,147402,425
14716741,19.7232,19.8793,425,39030,0.176412,0.09,1,147845,147420,425
14719661,31.1446,30.3759,426,39084,0.187282,0.09,1,147879,147453,426
14722581,43.0289,42.8752,426,39138,0.205456,0.09,1,147925,147499,426
14725501,10.2058,10.175,426,39192,0.241091,0.07,1,147927,147501,426
14728421,37.2412,38.035,425,39246,0.216218,0.05,1,147971,147546,425
14731341,34.6482,34.007,426,39300,0.211244,0.05,1,148005,147579,426
14734261,8.52965,8.4014,426,39354,0.210249,0.13,1,148007,147581,426
14737181,34.5059,34.4803,426,39408,0.24205,0.13,1,148048,147622,426
14740101,31.7012,30.8961,427,39462,0.26441,0.09,1,148079,147652,427
14743021,30.3402,30.9792,426,39516,0.236882,0.19,1,148109,147683,426
14745941,75.668,73.3958,429,39569,0.279376,0.17,1,148196,147767,429
14748861,46.3336,45.0792,430,39622,0.287875,0.21,1,148235,147805,430
14751781,26.8667,26.6158,430,39675,0.289575,0.17,1,148257,147827,430
14754701,19.7733,19.7232,430,39728,0.289915,0.19,1,148275,147845,430
14757621,31.9547,31.1446,431,39781,0.305983,0.21,1,148310,147879,431
14760541,43.9909,43.0289,432,39834,0.261197,0.25,1,148357,147925,432
14763461,10.3982,10.2058,432,39887,0.284239,0.21,1,148359,147927,432
14766381,37.2796,37.2412,432,39940,0.256848,0.21,1,148403,147971,432
14769301,34.6559,34.6482,432,39993,0.28337,0.21,1,148437,148005,432
14772221,8.53119,8.52965,432,40046,0.288674,0.25,1,148439,148007,432
14775141,34.5062,34.5059,432,40099,0.241735,0.25,1,148480,148048,432
14778061,31.7012,6.90119,463,40152,0.248347,0.27,1,148511,148048,463
14780981,30.3402,26.1802,462,40205,0.249669,0.23,1,148541,148079,462
14783901,76.4681,29.236,520,40258,0.265934,0.29,1,148629,148109,520
14786821,46.4936,75.4472,472,40310,0.269187,0.29,1,148668,148196,472
14789741,26.8987,46.2894,455,40362,0.285837,0.29,1,148690,148235,455
14792661,19.7797,26.8579,451,40414,0.289167,0.29,1,148708,148257,451
14795581,32.7559,19.7716,469,40466,0.289834,0.31,1,148744,148275,469
14798501,43.3512,31.9543,480,40518,0.305967,0.25,1,148790,148310,480
14801421,10.2702,43.9909,435,40570,0.309193,0.29,1,148792,148357,435
14804341,37.254,10.3982,477,40622,0.341839,0.25,1,148836,148359,477
14807261,34.6508,37.2796,467,40674,0.348368,0.29,1,148870,148403,467
14810181,8.53016,34.6559,435,40726,0.349674,0.29,1,148872,148437,435
14813101,33.706,8.53119,473,40778,0.365935,0.23,1,148912,148439,473
14816021,32.3412,34.5062,464,40830,0.385187,0.25,1,148944,148480,464
14818941,31.2682,31.7012,464,40882,0.437037,0.25,1,148975,148511,464
14821861,77.4537,30.3402,523,40934,0.463407,0.27,1,149064,148541,523
14824781,45.8907,76.4681,473,40986,0.500682,0.27,1,149102,148629,473
14827701,27.5781,46.4936,457,41038,0.524136,0.29,1,149125,148668,457
14830621,19.9156,26.8987,453,41089,0.528827,0.29,1,149143,148690,453
14833541,32.7831,19.7797,471,41140,0.545765,0.29,1,149179,148708,471
14836461,44.9566,32.7559,483,41191,0.549153,0.31,1,149227,148744,483
14839381,10.5913,43.3512,439,41242,0.517831,0.31,1,149229,148790,439
14842301,38.1183,10.2702,482,41293,0.527566,0.35,1,149274,148792,482
14845221,34.8237,37.254,472,41344,0.529513,0.35,1,149308,148836,472
14848141,8.56473,34.6508,440,41395,0.529903,0.35,1,149310,148870,440
14851061,35.3129,8.53016,480,41446,0.561981,0.37,1,149352,148872,480
14853981,32.6626,33.706,472,41497,0.568396,0.39,1,149384,148912,472
14856901,8.13252,32.3412,442,41548,0.569679,0.45,1,149386,148944,442
14859821,28.0265,31.2682,444,41599,0.553936,0.47,1,149419,148975,444
14862741,79.2053,77.4537,447,41650,0.566787,0.51,1,149511,149064,447
14865661,46.2411,45.8907,447,41701,0.585357,0.53,1,149549,149102,447
14868581,28.4482,27.5781,448,41752,0.621072,0.53,1,149573,149125,448
14871501,20.8896,19.9156,449,41803,0.612214,0.55,1,149592,149143,449
14874421,32.9779,32.7831,449,41853,0.626443,0.55,1,149628,149179,449
14877341,44.9956,44.9566,449,41903,0.677289,0.51,1,149676,149227,449
14880261,10.5991,10.5913,449,41953,0.655458,0.53,1,149678,149229,449
14883181,37.3198,38.1183,448,42003,0.667092,0.53,1,149722,149274,448
14886101,34.664,34.8237,448,42053,0.669418,0.53,1,149756,149308,448
14889021,8.53279,8.56473,448,42103,0.669884,0.57,1,149758,149310,448
14891941,36.9066,35.3129,450,42153,0.717977,0.57,1,149802,149352,450
14894861,32.9813,32.6626,450,42203,0.727595,0.57,1,149834,149384,450
14897781,8.19626,8.13252,450,42253,0.697519,0.55,1,149836,149386,450
14900701,27.2393,28.0265,449,42303,0.691504,0.57,1,149868,149419,449
14903621,80.6479,79.2053,451,42353,0.754301,0.59,2,149962,149511,451
14906541,46.5296,46.2411,451,42403,0.73486,0.63,1,150000,149549,451
14909461,28.5059,28.4482,451,42453,0.786972,0.61,2,150024,149573,451
14912381,22.5012,20.8896,453,42503,0.781394,0.63,2,150045,149592,453
14915301,33.3002,32.9779,453,42553,0.788279,0.69,2,150081,149628,453
14918221,45.86,44.9956,454,42603,0.805656,0.65,2,150130,149676,454
14921141,10.772,10.5991,454,42653,0.809131,0.67,2,150132,149678,454
14924061,38.1544,37.3198,455,42702,0.761826,0.67,2,150177,149722,455
14926981,34.8309,34.664,455,42751,0.784365,0.67,2,150211,149756,455
14929901,8.56618,8.53279,455,42800,0.788873,0.73,2,150213,149758,455
14932821,37.7132,36.9066,456,42849,0.773775,0.73,2,150258,149802,456
14935741,33.1426,32.9813,456,42898,0.738755,0.69,1,150290,149834,456
14938661,8.22853,8.19626,456,42947,0.763751,0.69,2,150292,149836,456
14941581,27.2457,27.2393,456,42996,0.76875,0.69,2,150324,149868,456
14944501,81.4491,5.44785,551,43045,0.72175,0.77,1,150419,149868,551
14947421,46.6898,76.2896,495,43094,0.72835,0.73,1,150457,149962,495
14950341,29.338,45.6579,482,43143,0.91367,0.8,2,150482,150000,482
15108021,18,18,477,45709,0.83,1,2,152195,151718,477
15110941,21.2,18,481,45755,0.798,1,2,152217,151736,481
15113861,72.24,70.8,482,45801,0.2956,1,1,152302,151820,482
15116781,52.048,58.16,474,45847,0.05912,1,1,152349,151875,474
15119701,28.8096,29.232,475,45893,0.011824,1,1,152372,151897,475
15122621,35.3619,25.0464,488,45939,0.0263648,1,1,152409,151921,488
15125541,20.6724,5.00928,505,45985,0.013273,1,1,152426,151921,505
15128461,16.9345,16.2019,502,46031,0.0106546,1,1,152442,151940,502
15131381,48.9869,16.0404,543,46077,0.00213092,1,1,152499,151956,543
15134301,24.9974,53.6081,499,46123,0.000426184,1,1,152518,152019,499
15137221,19.3995,25.9216,498,46169,0.00808524,1,1,152536,152038,498
15140141,23.0799,22.7843,500,46215,0.00961705,1,1,152560,152060,500
15143061,29.416,30.1569,499,46261,0.00992341,1,1,152591,152092,499
15145981,30.6832,26.8314,504,46307,0.00998468,0.92,1,152622,152118,504
15148901,18.9366,36.5663,481,46353,0.0259969,0.89,1,152638,152157,481
15151821,14.1873,23.3133,474,46398,0.0451994,0.83,1,152651,152177,474
15154741,17.2375,19.0627,474,46443,0.0330399,0.79,1,152669,152195,474
15157661,49.0475,21.4125,509,46488,0.046608,0.17,1,152726,152217,509
15160581,46.6095,72.2825,470,46533,0.0173216,0,1,152772,152302,470
15163501,26.9219,52.0565,445,46578,0.00346432,0,1,152794,152349,445
15166421,34.9844,28.8113,459,46623,0.00869286,0.03,1,152831,152372,459
15169341,19.7969,35.3623,438,46668,0.0417386,0.01,1,152847,152409,438
15172261,16.7594,20.6725,437,46713,0.00834771,0.01,1,152863,152426,437
15175181,50.5519,16.9345,480,46758,0.00166954,0,1,152922,152442,480
15178101,25.3104,48.9869,442,46803,0.0243339,0,1,152941,152499,442
15181021,19.4621,24.9974,441,46848,0.0288668,0.01,1,152959,152518,441
15183941,23.0924,19.3995,447,46893,0.0617734,0.01,1,152983,152536,447
15186861,27.8185,23.0799,452,46938,0.0363547,0.01,1,153012,152560,452
15189781,31.1637,29.416,453,46983,0.0952709,0.01,1,153044,152591,453
15192701,19.0327,30.6832,438,47028,0.0430542,0.03,1,153060,152622,438
15195621,14.2065,18.9366,435,47073,0.0806108,0.05,1,153073,152638,435
15198541,17.2413,14.1873,440,47118,0.0721222,0.03,1,153091,152651,440
15201461,49.8483,17.2375,480,47163,0.0544244,0.05,1,153149,152669,480
15204381,45.9697,49.0475,468,47208,0.0508849,0.01,1,153194,152726,468
15207301,28.3939,46.6095,446,47253,0.018177,0,1,153218,152772,446
15210221,33.6788,26.9219,459,47298,0.0436354,0.01,1,153253,152794,459
15213141,18.7358,34.9844,437,47343,0.0487271,0.05,1,153268,152831,437
15216061,16.5472,19.7969,437,47388,0.00974542,0,1,153284,152847,437
15218981,4.90943,16.7594,423,47432,0.00194908,0,1,153286,152863,423
15221901,48.9819,50.5519,424,47476,0.000389817,0.03,1,153346,152922,424
15224821,25.7964,25.3104,425,47520,0.00807796,0.03,1,153366,152941,425
15227741,17.9593,19.4621,423,47564,0.0256156,0.07,1,153382,152959,423
15230661,21.9919,23.0924,422,47608,0.0291231,0.03,1,153405,152983,422
15233581,29.9984,27.8185,425,47652,0.00582462,0.11,1,153437,153012,425
15236501,31.5997,31.1637,425,47696,0.0411649,0.03,1,153469,153044,425
15239421,19.1199,19.0327,425,47740,0.080233,0.09,1,153485,153060,425
15242341,14.224,14.2065,425,47784,0.0880466,0.07,1,153498,153073,425
15245261,15.6448,17.2413,423,47828,0.0576093,0.05,1,153514,153091,423
15248181,50.329,49.8483,424,47872,0.131522,0.05,1,153573,153149,424
15251101,45.2658,45.9697,423,47916,0.130304,0.01,1,153617,153194,423
15254021,28.2532,28.3939,423,47960,0.0260609,0.05,1,153641,153218,423
15256941,33.6506,33.6788,423,48004,0.0292122,0.05,1,153676,153253,423
15259861,17.9301,18.7358,422,48048,0.0138424,0,1,153690,153268,422
15262781,16.386,16.5472,422,48092,0.00276849,0,1,153706,153284,422
15265701,4.8772,4.90943,422,48136,0.000553697,0,1,153708,153286,422
15268621,48.9754,48.9819,422,48180,0.0241107,0.01,1,153768,153346,422
15271541,26.5951,25.7964,423,48224,0.0288221,0.03,1,153789,153366,423
15274461,17.319,17.9593,422,48268,0.0457644,0.03,1,153804,153382,422
15277381,21.8638,21.9919,422,48312,0.0331529,0,1,153827,153405,422
15280301,30.7728,29.9984,423,48356,0.0146306,0.05,1,153860,153437,423
15283221,32.5546,31.5997,424,48400,0.0109261,0.09,1,153893,153469,424
15286141,20.1109,19.1199,425,48444,0.0261852,0.09,1,153910,153485,425
15289061,13.6222,14.224,424,48488,0.013237,0.05,1,153922,153498,424
15291981,15.5244,15.6448,424,48531,0.0106474,0.15,1,153938,153514,424
15294901,52.7049,50.329,427,48574,0.0421295,0.13,1,154000,153573,427
15297821,43.341,45.2658,424,48617,0.0644259,0,1,154041,153617,424
15300741,26.2682,28.2532,422,48660,0.0128852,0.03,1,154063,153641,422
15303661,33.2536,33.6506,422,48703,0.026577,0.01,1,154098,153676,422
15306581,17.8507,17.9301,422,48746,0.0453154,0,1,154112,153690,422
15309501,16.3701,16.386,422,48789,0.00906308,0,1,154128,153706,422
15312421,4.87403,4.8772,422,48832,0.0258126,0,1,154130,153708,422
15315341,48.1748,0.975441,481,48875,0.0131625,0.03,1,154189,153708,481
15318261,26.435,48.1951,442,48918,0.0426325,0.03,1,154210,153768,442
15321181,17.287,26.439,436,48961,0.0165265,0.05,1,154225,153789,436
15324101,21.8574,17.2878,444,49004,0.0593053,0.03,1,154248,153804,444
15327021,30.7715,21.8576,454,49047,0.0198611,0.01,1,154281,153827,454
15329941,32.5543,30.7715,454,49090,0.0279722,0.01,1,154314,153860,454
15332861,20.1109,32.5543,438,49133,0.0135944,0.03,1,154331,153893,438
15335781,13.6222,20.1109,433,49176,0.0267189,0.01,1,154343,153910,433
15338701,16.3244,13.6222,438,49219,0.0133438,0.01,1,154360,153922,438
15341621,52.0649,15.5244,483,49262,0.0266688,0.05,1,154421,153938,483
15344541,45.613,52.7049,465,49305,0.0293338,0.07,1,154465,154000,465
15347461,24.3226,43.341,443,49348,0.0138667,0,1,154484,154041,443
15350381,32.8645,26.2682,456,49391,0.0267734,0.03,1,154519,154063,456
15353301,17.7729,33.2536,435,49434,0.0133547,0.05,1,154533,154098,435
15356221,16.3546,17.8507,437,49477,0.00267093,0,1,154549,154112,437
15359141,4.87092,16.3701,423,49520,0.0245342,0.03,1,154551,154128,423
15362061,48.1742,4.87403,480,49563,0.0129068,0.01,1,154610,154130,480
15364981,26.4348,48.1748,442,49606,0.0425814,0.05,1,154631,154189,442
15367901,18.087,26.435,437,49648,0.0645163,0.01,1,154647,154210,437
15370821,24.4174,17.287,448,49690,0.0689033,0.07,1,154673,154225,448
15373741,28.0835,21.8574,454,49732,0.0697806,0.01,1,154702,154248,454
15376661,32.8167,30.7715,455,49774,0.0219561,0.03,1,154736,154281,455
15379581,20.1633,32.5543,439,49816,0.0123912,0.01,1,154753,154314,439
15382501,13.6327,20.1109,434,49858,0.0104782,0.03,1,154765,154331,434
15385421,16.3265,13.6222,439,49900,0.0420956,0.01,1,154782,154343,439
15388341,52.0653,16.3244,483,49942,0.0644191,0.03,1,154843,154360,483
15391261,45.6131,52.0649,466,49984,0.0688838,0.03,1,154887,154421,466
15394181,23.5226,45.613,440,50026,0.0857768,0.01,1,154905,154465,440
15397101,32.7045,24.3226,456,50068,0.0411554,0.03,1,154940,154484,456
15400021,17.7409,32.8645,435,50110,0.0322311,0.01,1,154954,154519,435
15402941,16.3482,17.7729,437,50152,0.0304462,0,1,154970,154533,437
15405861,4.86964,16.3546,423,50194,0.00608924,0.03,1,154972,154549,423
15408781,48.1739,4.87092,480,50236,0.00921785,0.01,1,155031,154551,480
15411701,28.0348,48.1742,444,50278,0.0258436,0.05,1,155054,154610,444
15414621,7.20696,26.4348,425,50320,0.0291687,0.07,1,155056,154631,425
15417541,12.6414,18.087,423,50362,0.0618337,0.07,1,155070,154647,423
15420461,24.9283,24.4174,425,50404,0.0363667,0.07,1,155098,154673,425
15423381,27.3857,28.0835,424,50446,0.0632733,0.01,1,155126,154702,424
15426301,31.8771,32.8167,423,50488,0.0686547,0.01,1,155159,154736,423
15429221,19.1754,20.1633,422,50530,0.0697309,0.01,1,155175,154753,422
15432141,14.2351,13.6327,423,50572,0.0539462,0.05,1,155188,154765,423
15435061,16.447,16.3265,423,50614,0.0667892,0.07,1,155205,154782,423
15437981,53.6894,52.0653,425,50656,0.0693578,0.07,1,155268,154843,425
15440901,46.7379,45.6131,426,50698,0.0858716,0.09,1,155313,154887,426
15443821,22.1476,23.5226,424,50740,0.0891743,0.03,1,155329,154905,424
15446741,31.6295,32.7045,423,50782,0.105835,0.03,1,155363,154940,423
15449661,18.3259,17.7409,424,50823,0.093167,0.03,1,155378,154954,424
15452581,14.8652,16.3482,422,50864,0.122633,0,1,155392,154970,422
15455501,4.57304,4.86964,422,50905,0.0965267,0.01,1,155394,154972,422
15458421,48.9146,48.1739,423,50946,0.0433053,0.03,1,155454,155031,423
15461341,28.1829,28.0348,423,50987,0.0486611,0.03,1,155477,155054,423
15464261,7.23658,7.20696,423,51028,0.0177322,0.07,1,155479,155056,423
15467181,12.6473,12.6414,423,51069,0.0115464,0.03,1,155493,155070,423
15470101,24.9295,24.9283,423,51110,0.0263093,0.07,1,155521,155098,423
15473021,28.1859,27.3857,424,51151,0.0292619,0.07,1,155550,155126,424
15475941,31.2372,31.8771,423,51192,0.0138524,0.07,1,155582,155159,423
15478861,19.0474,19.1754,423,51233,0.0427705,0.05,1,155598,155175,423
15481781,15.0095,14.2351,424,51274,0.0325541,0.07,1,155612,155188,424
15484701,15.8019,16.447,423,51315,0.0465108,0.07,1,155628,155205,423
15487621,53.5604,53.6894,423,51356,0.0813022,0.09,1,155691,155268,423
15490541,49.1121,46.7379,426,51397,0.0242604,0.09,1,155739,155313,426
15493461,22.6224,22.1476,426,51438,0.0448521,0.11,1,155755,155329,426
15496381,30.9245,31.6295,425,51479,0.0489704,0.09,1,155788,155363,425
15499301,18.9849,18.3259,426,51520,0.0497941,0.13,1,155804,155378,426
15502221,11.797,14.8652,422,51561,0.0499588,0.09,1,155814,155392,422
15505141,3.9594,4.57304,422,51602,0.0499918,0.03,1,155816,155394,422
15508061,48.7919,48.9146,422,51643,0.0339984,0.05,1,155876,155454,422
15510981,28.1584,28.1829,422,51684,0.0307997,0.01,1,155899,155477,422
15513901,7.23167,7.23658,422,51725,0.00615993,0.01,1,155901,155479,422
15516821,12.6463,12.6473,422,51766,0.00923199,0.01,1,155915,155493,422
15519741,25.7293,2.52946,451,51807,0.0418464,0.03,1,155944,155493,451
15522661,26.7459,22.9059,450,51848,0.0643693,0.03,1,155971,155521,450
15525581,30.9492,27.7812,453,51889,0.0528739,0.01,1,156003,155550,453
15528501,19.7898,31.1562,438,51930,0.0345748,0.05,1,156020,155582,438
15531421,15.158,19.0312,436,51971,0.062915,0.03,1,156034,155598,436
15534341,16.6316,15.0062,439,52012,0.052583,0.05,1,156051,155612,439
15537261,53.7263,15.8012,486,52052,0.0505166,0.09,1,156114,155628,486
15540181,47.5453,53.5603,469,52092,0.0501033,0.01,1,156160,155691,469
15543101,22.3091,49.1121,437,52132,0.0500207,0.05,1,156176,155739,437
15546021,32.4618,22.6224,456,52172,0.0660041,0.05,1,156211,155755,456
15548941,19.2924,30.9245,439,52212,0.0852008,0.05,1,156227,155788,439
15551861,12.6585,18.9849,434,52252,0.10504,0.05,1,156238,155804,434
15554781,4.13169,11.797,426,52292,0.077008,0.05,1,156240,155814,426
15557701,46.4263,3.9594,481,52332,0.0554016,0.03,1,156297,155816,481
15560621,27.6853,48.7919,444,52372,0.0110803,0.03,1,156320,155876,444
15563541,7.13705,28.1584,423,52412,0.0102161,0,1,156322,155899,423
15566461,12.6274,7.23167,435,52452,0.0100432,0.01,1,156336,155901,435
15569381,27.3255,12.6463,452,52492,0.0100086,0.05,1,156367,155915,452
15572301,26.2651,25.7293,449,52532,0.0420017,0.07,1,156393,155944,449
15575221,31.653,26.7459,455,52572,0.0964004,0.05,1,156426,155971,455
15578141,20.7306,30.9492,441,52612,0.10728,0.03,1,156444,156003,441
15581061,15.3461,19.7898,438,52652,0.109456,0.07,1,156458,156020,438
15583981,16.6692,15.158,441,52692,0.141891,0.05,1,156475,156034,441
15586901,52.9338,16.6316,486,52732,0.164378,0.05,1,156537,156051,486
15589821,47.3868,53.7263,469,52772,0.184876,0.05,1,156583,156114,469
15592741,23.0774,47.5453,440,52812,0.204975,0.05,1,156600,156160,440
15595661,32.6155,22.3091,459,52852,0.192995,0.07,1,156635,156176,459
15598581,20.1231,32.4618,441,52892,0.206599,0.09,1,156652,156211,441
15601501,12.0246,19.2924,435,52932,0.22532,0.11,1,156662,156227,435
15604421,4.00492,12.6585,426,52972,0.229064,0.07,1,156664,156238,426
15607341,44.001,4.13169,478,53012,0.197813,0.05,1,156718,156240,478
15610261,27.2002,46.4263,444,53052,0.127563,0,1,156741,156297,444
15613181,7.04004,27.6853,423,53092,0.113513,0.01,1,156743,156320,423
15616101,12.608,7.13705,435,53132,0.126703,0.01,1,156757,156322,435
15619021,28.1216,12.6274,453,53172,0.0973405,0.01,1,156789,156336,453
15621941,27.2243,27.3255,449,53212,0.0754681,0.05,1,156816,156367,449
15624861,7.04486,26.2651,425,53252,0.0710936,0.11,1,156818,156393,425
15627781,29.409,31.653,427,53292,0.102219,0.11,1,156853,156426,427
15630701,20.2818,20.7306,427,53331,0.0924437,0.11,1,156871,156444,427
15633621,16.0564,15.3461,428,53370,0.106489,0.15,1,156886,156458,428
15636541,17.6113,16.6692,429,53409,0.109298,0.17,1,156904,156475,429
15639461,53.9223,52.9338,430,53448,0.10986,0.19,1,156967,156537,430
15642381,48.3845,47.3868,431,53487,0.141972,0.21,1,157014,156583,431
15645301,24.0769,23.0774,432,53526,0.116394,0.19,1,157032,156600,432
15648221,32.0154,32.6155,431,53565,0.127279,0.21,1,157066,156635,431
15651141,21.6031,20.1231,433,53604,0.161456,0.23,1,157085,156652,433
15654061,12.3206,12.0246,433,53643,0.168291,0.23,1,157095,156662,433
15656981,4.06412,4.00492,433,53682,0.201658,0.19,1,157097,156664,433
15659901,41.6128,44.001,430,53721,0.192332,0.11,1,157148,156718,430
15662821,25.1226,27.2002,428,53760,0.222466,0.11,1,157169,156741,428
15665741,6.62451,7.04004,428,53799,0.228493,0.13,1,157171,156743,428
15668661,12.5249,12.608,428,53838,0.229699,0.09,1,157185,156757,428
15671581,26.505,28.1216,426,53877,0.26194,0.07,1,157215,156789,426
15674501,26.101,27.2243,425,53916,0.236388,0.07,1,157241,156816,425
15677421,6.8202,7.04486,425,53955,0.231278,0.11,1,157243,156818,425
15680341,30.164,29.409,426,53994,0.278256,0.09,1,157279,156853,426
15683261,20.4328,20.2818,426,54033,0.319651,0.11,1,157297,156871,426
15686181,15.2866,16.0564,425,54072,0.29593,0.11,1,157311,156886,425
15689101,17.4573,17.6113,425,54111,0.323186,0.11,1,157329,156904,425
15692021,54.6915,53.9223,426,54150,0.344637,0.15,1,157393,156967,426
15694941,49.3383,48.3845,427,54189,0.332927,0.11,1,157441,157014,427
15697861,24.2677,24.0769,427,54228,0.330585,0.13,1,157459,157032,427
15700781,32.8535,32.0154,428,54267,0.314117,0.17,1,157494,157066,428
15703701,23.3707,21.6031,430,54306,0.294823,0.17,1,157515,157085,430
15706621,12.6741,12.3206,430,54345,0.290965,0.21,1,157525,157095,430
15709541,4.13483,4.06412,430,54384,0.290193,0.19,1,157527,157097,430
15712461,43.227,41.6128,432,54423,0.322039,0.23,1,157580,157148,432
15715381,26.2454,25.1226,433,54462,0.296408,0.23,1,157602,157169,433
15718301,6.84908,6.62451,433,54501,0.291282,0.23,1,157604,157171,433
15721221,12.5698,12.5249,433,54540,0.306256,0.27,1,157618,157185,433
15724141,26.514,26.505,433,54579,0.357251,0.23,1,157648,157215,433
15727061,26.1028,26.101,433,54618,0.36745,0.23,1,157674,157241,433
15729981,6.82056,6.8202,433,54657,0.33749,0.29,1,157676,157243,433
15732901,31.7641,30.164,435,54695,0.331498,0.29,1,157714,157279,435
15735821,20.7528,6.03281,453,54733,0.3303,0.33,1,157732,157279,453
15738741,15.3506,15.6066,449,54771,0.33006,0.29,1,157746,157297,449
15741661,17.4701,14.3213,453,54809,0.330012,0.33,1,157764,157311,453
15744581,55.494,17.2643,500,54847,0.378002,0.35,1,157829,157329,500
15747501,50.2988,54.6529,485,54885,0.3876,0.33,1,157878,157393,485
15750421,24.4598,49.3306,455,54923,0.38952,0.33,1,157896,157441,455
15753341,32.092,24.2661,471,54961,0.389904,0.31,1,157930,157459,471
15756261,22.4184,32.8532,456,54999,0.389981,0.29,1,157950,157494,456
15759181,12.4837,23.3706,445,55037,0.389996,0.29,1,157960,157515,445
15762101,4.09674,12.6741,437,55075,0.389999,0.29,1,157962,157525,437
15765021,43.2193,4.13483,488,55113,0.39,0.33,1,158015,157527,488
15767941,27.0439,43.227,458,55151,0.39,0.29,1,158038,157580,458
15770861,7.00877,26.2454,438,55189,0.39,0.29,1,158040,157602,438
15773781,13.4018,6.84908,451,55227,0.406,0.31,1,158055,157604,451
15776701,26.6804,12.5698,467,55265,0.3772,0.37,1,158085,157618,467
15779621,26.1361,26.514,463,55303,0.38744,0.37,1,158111,157648,463
15782541,6.82721,26.1028,439,55341,0.389488,0.33,1,158113,157674,439
15785461,31.7654,6.82056,475,55379,0.405898,0.33,1,158151,157676,475
15788381,20.7531,31.7641,455,55417,0.42518,0.33,1,158169,157714,455
15791301,15.3506,20.7528,451,55455,0.429036,0.33,1,158183,157732,451
15794221,18.2701,15.3506,456,55493,0.429807,0.33,1,158202,157746,456
15797141,57.254,17.4701,505,55531,0.477961,0.39,1,158269,157764,505
15800061,50.6508,55.494,489,55569,0.503592,0.39,1,158318,157829,489
15802981,24.5302,50.2988,458,55607,0.508718,0.39,1,158336,157878,458
15805901,32.106,24.4598,474,55645,0.509744,0.39,1,158370,157896,474
15808821,22.4212,32.092,460,55683,0.525949,0.39,1,158390,157930,460
15811741,12.4842,22.4184,450,55721,0.52919,0.39,1,158400,157950,450
15814661,4.09685,12.4837,442,55759,0.529838,0.39,1,158402,157960,442
15817581,43.2194,4.09674,493,55797,0.545968,0.39,1,158455,157962,493
15820501,27.0439,43.2193,463,55835,0.565194,0.39,1,158478,158015,463
15823421,7.00877,27.0439,442,55873,0.569039,0.39,1,158480,158038,442
15826341,12.6018,7.00877,454,55911,0.569808,0.41,1,158494,158040,454
15829261,27.3204,13.4018,470,55949,0.585962,0.37,1,158525,158055,470
15832181,26.2641,26.6804,466,55987,0.621192,0.39,1,158551,158085,466
15835101,6.85281,26.1361,442,56025,0.628238,0.39,1,158553,158111,442
15838021,32.5706,6.82721,479,56063,0.629648,0.41,1,158592,158113,479
15840941,21.7141,31.7654,460,56101,0.61393,0.43,1,158611,158151,460
15843861,15.5428,20.7531,456,56138,0.610786,0.43,1,158625,158169,456
15846781,4.70856,15.3506,444,56175,0.610157,0.43,1,158627,158183,444
15849701,16.9417,18.2701,445,56212,0.610031,0.49,1,158647,158202,445
15852621,57.7883,57.254,446,56249,0.626006,0.51,1,158715,158269,446
15855541,51.5577,50.6508,447,56286,0.661201,0.51,1,158765,158318,447
15858461,24.7115,24.5302,447,56323,0.65224,0.51,1,158783,158336,447
15861381,32.9423,32.106,448,56360,0.666448,0.53,1,158818,158370,448
15864301,22.5885,22.4212,448,56397,0.70129,0.53,1,158838,158390,448
15867221,12.5177,12.4842,448,56434,0.676258,0.53,1,158848,158400,448
15870141,4.10354,4.09685,448,56471,0.703252,0.55,1,158850,158402,448
15873061,44.0207,43.2194,449,56508,0.67665,0.57,1,158904,158455,449
15875981,28.0041,27.0439,450,56545,0.71933,0.57,1,158928,158478,450
15878901,7.20083,7.00877,450,56582,0.727866,0.57,1,158930,158480,450
15881821,13.4402,12.6018,451,56619,0.713573,0.59,1,158945,158494,451
15884741,29.088,27.3204,453,56656,0.758715,0.63,2,158978,158525,453
15887661,27.4176,26.2641,454,56693,0.767743,0.63,2,159005,158551,454
15890581,7.08352,6.85281,454,56730,0.769549,0.63,2,159007,158553,454
15893501,31.8167,32.5706,453,56767,0.76991,0.61,2,159045,158592,453
15896421,20.7633,21.7141,452,56804,0.769982,0.61,2,159063,158611,452
15899341,15.3527,15.5428,452,56841,0.769996,0.61,2,159077,158625,452
15902261,4.67053,4.70856,452,56878,0.769999,0.61,2,159079,158627,452
15905181,16.9341,16.9417,452,56915,0.786,0.63,2,159099,158647,452
15908101,58.5868,57.7883,453,56952,0.8212,0.67,2,159168,158715,453
15911021,51.7174,51.5577,453,56989,0.84424,0.65,2,159218,158765,453
15913941,25.5435,24.7115,454,57026,0.832848,0.67,2,159237,158783,454
15916861,33.9087,32.9423,455,57063,0.83057,0.71,2,159273,158818,455
15919781,22.7817,22.5885,455,57100,0.830114,0.67,2,159293,158838,455
15922701,12.5563,12.5177,455,57137,0.846023,0.71,2,159303,158848,455
15925621,4.11127,4.10354,455,57174,0.849205,0.67,2,159305,158850,455
15928541,44.0223,44.0207,455,57211,0.849841,0.73,2,159359,158904,455
15931461,28.8045,28.0041,456,57248,0.833968,0.73,2,159384,158928,456
15934381,7.36089,7.20083,456,57285,0.830794,0.71,2,159386,158930,456
15937301,14.2722,13.4402,457,57322,0.862159,0.77,2,159402,158945,457
15940221,30.0544,29.088,458,57359,0.868432,0.77,2,159436,158978,458
15943141,29.2109,27.4176,460,57396,0.837686,0.77,2,159465,159005,460
15946061,7.44218,7.08352,460,57433,0.847537,0.77,2,159467,159007,460
15948981,31.8884,31.8167,460,57470,0.897507,0.77,2,159505,159045,460
15951901,20.7777,20.7633,460,57507,0.907502,0.77,2,159523,159063,460
15954821,15.3555,15.3527,460,57544,0.8775,0.77,2,159537,159077,460
15957741,4.67111,4.67053,460,57581,0.9035,0.79,2,159539,159079,460
15960661,17.7342,16.9341,461,57618,0.9247,0.79,2,159560,159099,461
15963581,59.5468,3.38682,531,57654,0.88094,0.83,2,159630,159099,531
15966501,52.7094,55.8774,513,57690,0.888188,0.85,2,159681,159168,513
15969421,24.9419,51.1755,481,57726,0.889638,0.83,2,159699,159218,481
15972341,33.7884,25.4351,498,57762,0.889928,0.83,2,159735,159237,498
15975261,23.5577,33.887,483,57798,0.873986,0.83,2,159756,159273,483
15978181,12.7115,22.7774,473,57834,0.886797,0.85,2,159766,159293,473
15981101,4.14231,12.5555,465,57870,0.889359,0.85,2,159768,159303,465
15984021,44.0285,4.1111,517,57906,0.889872,0.85,2,159822,159305,517
15986941,28.0057,44.0222,487,57942,0.889974,0.83,2,159846,159359,487
15989861,7.20114,28.8044,464,57978,0.889995,0.83,2,159848,159384,464
15992781,14.2402,7.36089,478,58014,0.889999,0.87,2,159864,159386,478
15995701,30.048,14.2722,496,58050,0.89,0.87,2,159898,159402,496
15998621,30.8096,30.0544,493,58086,0.89,0.83,2,159929,159436,493
16001541,7.76192,29.2109,466,58122,0.858,0.85,2,159931,159465,466
16004461,31.9524,7.44218,502,58158,0.8836,0.91,2,159969,159467,502
16007381,20.7905,31.8884,482,58194,0.88872,0.91,2,159987,159505,482
16010301,15.3581,20.7777,478,58230,0.889744,0.87,2,160001,159523,478
16013221,4.67162,15.3555,466,58266,0.889949,0.91,2,160003,159537,466
16016141,18.5343,4.67111,486,58302,0.89799,0.93,2,160025,159539,486
16203021,15,0,509,60568,0.71,1,1,161637,161128,509
16205941,28.6,26.4,508,60603,0.598,1,1,161669,161161,508
16208861,16.12,22.88,499,60638,0.5756,1,1,161682,161183,499
16211781,19.224,18.976,501,60673,0.52312,1,1,161702,161201,501
16214701,21.4448,15.7952,508,60708,0.496624,1,1,161724,161216,508
16217621,25.089,35.159,494,60743,0.459325,1,1,161750,161256,494
16220541,34.6178,23.8318,510,60778,0.435865,1,1,161787,161277,510
16223461,21.3236,22.3664,506,60813,0.351173,1,1,161805,161299,506
16226381,21.0647,18.0733,510,60848,0.318235,1,1,161826,161316,510
16229301,21.0129,17.2147,514,60883,0.279647,1,1,161847,161333,514
16232221,17.0026,21.8429,507,60918,0.207929,1,1,161863,161356,507
16235141,16.2005,17.9686,506,60952,0.209586,1,1,161879,161373,506
16238061,18.4401,18.7937,506,60986,0.177917,1,1,161898,161392,506
16240981,22.888,21.3587,508,61020,0.171583,1,1,161922,161414,508
16243901,22.1776,22.6717,507,61054,0.170317,1,1,161944,161437,507
16246821,18.0355,18.1343,507,61088,0.138063,1,1,161961,161454,507
16249741,33.2071,22.8269,520,61122,0.179613,1,1,161998,161478,520
16252661,43.4414,38.1654,524,61156,0.219923,0.98,1,162044,161520,524
16255581,22.2883,54.8331,482,61190,0.259985,0.87,1,162061,161579,482
16258501,18.8577,28.5666,478,61224,0.251997,0.75,1,162079,161601,478
16261421,10.1715,22.5133,465,61258,0.266399,0.71,1,162087,161622,465
16264341,26.0343,16.5027,480,61292,0.26928,0.57,1,162117,161637,480
16267261,15.6069,28.9005,461,61326,0.301856,0.57,1,162130,161669,461
16270181,18.3214,16.1801,467,61360,0.340371,0.51,1,162149,161682,467
16273101,19.6643,19.236,467,61394,0.348074,0.49,1,162169,161702,467
16276021,23.9329,21.4472,470,61428,0.365615,0.45,1,162194,161724,470
16278941,28.7866,25.0894,474,61462,0.369123,0.43,1,162224,161750,474
16281861,17.7573,34.6179,452,61496,0.401825,0.33,1,162239,161787,452
16284781,18.7515,21.3236,453,61530,0.424365,0.31,1,162258,161805,453
16287701,18.9503,21.0647,451,61564,0.412873,0.27,1,162277,161826,451
16290621,17.3901,21.0129,447,61598,0.394575,0.19,1,162294,161847,447
16293541,13.878,17.0026,444,61632,0.406915,0.21,1,162307,161863,444
16296461,17.1756,16.2005,446,61666,0.377383,0.17,1,162325,161879,446
16299381,23.4351,18.4401,452,61700,0.403477,0.17,1,162350,161898,452
16302301,22.287,22.888,450,61734,0.456695,0.17,1,162372,161922,450
16305221,18.0574,22.1776,445,61768,0.531339,0.13,1,162389,161944,445
16308141,38.0115,18.0355,471,61802,0.610268,0.19,1,162432,161961,471
16311061,45.2023,33.2071,481,61836,0.738054,0.23,1,162479,161998,481
16313981,21.8405,43.4414,451,61870,0.811611,0.27,2,162495,162044,451
16316901,18.7681,22.2883,452,61904,0.810322,0.25,2,162513,162061,452
16319821,9.35362,18.8577,441,61938,0.794064,0.27,2,162520,162079,441
16322741,26.6707,10.1715,464,61972,0.854813,0.27,2,162551,162087,464
16325661,6.93414,26.0343,436,62006,0.866962,0.31,2,162553,162117,436
16328581,12.5868,15.6069,437,62040,0.901393,0.35,2,162567,162130,437
16331501,19.3174,18.3214,439,62074,0.860278,0.35,2,162588,162149,439
16334421,21.4635,19.6643,441,62108,0.932056,0.37,2,162610,162169,441
16337341,23.4927,23.9329,440,62142,0.914411,0.37,2,162634,162194,440
16340261,31.0985,28.7866,443,62176,0.942882,0.41,2,162667,162224,443
16343181,17.4197,17.7573,442,62210,0.948576,0.43,2,162681,162239,442
16346101,19.4839,18.7515,443,62244,0.917715,0.41,2,162701,162258,443
16349021,18.2968,18.9503,442,62278,0.943543,0.39,2,162719,162277,442
16351941,18.0594,17.3901,443,62312,0.948709,0.41,2,162737,162294,443
16354861,13.2119,13.878,442,62346,0.949742,0.37,2,162749,162307,442
16357781,17.8424,17.1756,443,62380,0.949948,0.41,2,162768,162325,443
16484801,46,52,470,29200,0,0.45,1,164218,163748,470
16525681,58,88.8,433,29200,0,0.05,1,164279,163846,433
16528601,71.6,56.16,460,30001,0,0.05,1,164354,163894,460
16531521,67.92,66.432,458,30072,0.024,0.05,1,164421,163963,458
16534441,40.784,62.0864,431,30142,0.0928,0,1,164455,164024,431
16537361,31.3568,34.8173,432,30212,0.01856,0.01,1,164484,164052,432
16540281,37.4714,25.3635,448,30282,0.027712,0.3,1,164523,164075,448
16543201,32.2943,25.0727,454,30352,0.0615424,0.33,1,164554,164100,454
16546121,36.0589,37.0145,451,30422,0.0683085,0.19,1,164591,164140,451
16549041,29.6118,33.0029,447,30492,0.0216617,0,1,164619,164172,447
16551961,45.9224,43.4006,451,30561,0.0763323,0.09,1,164669,164218,451
16554881,33.9845,37.4801,446,30630,0.0232665,0,1,164700,164254,446
16557801,68.3969,87.496,423,30699,0.00465329,0.03,1,164777,164354,423
16560721,68.8794,71.0992,425,30768,0.0569307,0.11,1,164846,164421,425
16563641,39.3759,41.4198,423,30837,0.0673861,0,1,164878,164455,423
16566561,30.2752,31.484,422,30906,0.0374772,0.03,1,164906,164484,422
16569481,37.255,37.4968,422,30974,0.0314954,0.07,1,164945,164523,422
16572401,33.851,32.2994,424,31042,0.0302991,0.07,1,164978,164554,424
16575321,37.1702,36.0599,425,31110,0.0460598,0.01,1,165016,164591,425
16578241,29.034,29.612,424,31178,0.049212,0.09,1,165043,164619,424
16581161,46.6068,45.9224,425,31246,0.0498424,0.01,1,165094,164669,425
16584081,32.5214,33.9845,423,31314,0.0819685,0.01,1,165123,164700,423
16587001,66.5043,6.7969,498,31382,0.0163937,0,1,165198,164700,498
16589921,69.3009,62.9594,491,31449,0.0272787,0.07,1,165268,164777,491
16592841,41.0602,67.7919,456,31516,0.0614557,0.07,1,165302,164846,456
16595761,29.012,39.1584,450,31583,0.0842912,0.03,1,165328,164878,450
16598681,36.2024,30.2317,460,31650,0.0568582,0.03,1,165366,164906,460
16601601,33.6405,37.2463,454,31717,0.0513716,0.03,1,165399,164945,454
16604521,37.1281,33.8493,459,31784,0.0342743,0.05,1,165437,164978,459
16607441,29.0256,37.1699,448,31851,0.0308549,0.05,1,165464,165016,448
16610361,48.2051,29.034,474,31917,0.030171,0.05,1,165517,165043,474
16613281,32.041,46.6068,451,31983,0.0300342,0.09,1,165545,165094,451
16616201,66.4082,32.5214,497,32049,0.00600684,0,1,165620,165123,497
16619121,70.0816,66.5043,493,32115,0.00920137,0.03,1,165691,165198,493
16622041,42.0163,69.3009,458,32181,0.0418403,0.07,1,165726,165268,458
16624961,28.4033,41.0602,449,32247,0.0323681,0.09,1,165751,165302,449
16627881,34.4807,29.012,459,32313,0.0624736,0.05,1,165787,165328,459
16630801,33.2961,36.2024,454,32378,0.0364947,0.05,1,165820,165366,454
16633721,38.6592,33.6405,461,32443,0.0472989,0.03,1,165860,165399,461
16636641,28.5318,37.1281,449,32508,0.0494598,0.03,1,165886,165437,449
16639561,48.1064,29.0256,475,32573,0.033892,0.03,1,165939,165464,475
16642481,33.6213,48.2051,452,32638,0.0307784,0.03,1,165969,165517,452
16645401,65.1243,32.041,497,32703,0.00615568,0,1,166042,165545,497
16648321,70.6249,66.4082,494,32768,0.0252311,0.01,1,166114,165620,494
16651241,15.725,70.0816,425,32833,0.0290462,0.05,1,166116,165691,425
16654161,30.345,42.0163,424,32897,0.0778092,0.03,1,166150,165726,424
16657081,25.269,28.4033,423,32961,0.0875619,0.07,1,166174,165751,423
16660001,35.4538,34.4807,425,33025,0.0735124,0.03,1,166212,165787,425
16662921,31.8908,33.2961,423,33089,0.0707025,0.05,1,166243,165820,423
16665841,39.1782,38.6592,424,33153,0.0541405,0.05,1,166284,165860,424
16668761,28.6356,28.5318,424,33217,0.0988281,0.03,1,166310,165886,424
16671681,47.3271,48.1064,423,33281,0.0757656,0.03,1,166362,165939,423
16674601,33.4654,33.6213,423,33345,0.0551531,0,1,166392,165969,423
16677521,65.0931,65.1243,423,33408,0.0110306,0.03,1,166465,166042,423
16680441,70.6186,70.6249,423,33471,0.00220612,0.03,1,166537,166114,423
16683361,15.7237,15.725,423,33534,0.00844123,0.09,1,166539,166116,423
16686281,31.1447,30.345,424,33597,0.0736882,0.09,1,166574,166150,424
16689201,25.4289,25.269,424,33660,0.0707376,0.07,1,166598,166174,424
16692121,36.2858,35.4538,425,33723,0.102148,0.07,1,166637,166212,425
16695041,32.0572,31.8908,425,33786,0.0924295,0.05,1,166668,166243,425
16697961,38.4114,39.1782,424,33849,0.106486,0.11,1,166708,166284,424
16700881,29.2823,28.6356,425,33911,0.125297,0.07,1,166735,166310,425
16703801,46.6565,47.3271,424,33973,0.113059,0.05,1,166786,166362,424
16706721,33.3313,33.4654,424,34035,0.142612,0,1,166816,166392,424
16709641,63.4663,65.0931,422,34097,0.0285224,0,1,166887,166465,422
16712561,70.2933,70.6186,422,34159,0.0297045,0.01,1,166959,166537,422
16715481,15.6586,15.7237,422,34221,0.0299409,0.01,1,166961,166539,422
16718401,32.7317,3.14474,459,34283,0.0299882,0.09,1,166998,166539,459
16721321,25.7463,28.6289,448,34345,0.0619976,0.07,1,167022,166574,448
16724241,37.9493,24.9258,465,34407,0.0523995,0.11,1,167063,166598,465
16727161,32.3899,36.1852,457,34468,0.0664799,0.09,1,167094,166637,457
16730081,38.478,32.037,466,34529,0.069296,0.11,1,167134,166668,466
16733001,28.4956,38.4074,452,34590,0.0698592,0.13,1,167160,166708,452
16735921,47.2991,29.2815,477,34651,0.0859718,0.11,1,167212,166735,477
16738841,33.4598,46.6563,456,34712,0.105194,0.15,1,167242,166786,456
16741761,59.492,33.3313,492,34773,0.0210389,0,1,167308,166816,492
16744681,69.4984,63.4663,493,34834,0.0602078,0.03,1,167380,166887,493
16747601,15.4997,70.2933,423,34895,0.0680416,0.03,1,167382,166959,423
16750521,35.0999,15.6586,461,34956,0.0376083,0.03,1,167422,166961,461
16753441,26.22,32.7317,448,35016,0.0475217,0.07,1,167446,166998,448
16756361,37.244,25.7463,464,35076,0.0655043,0.05,1,167486,167022,464
16759281,32.2488,37.9493,454,35136,0.101101,0.07,1,167517,167063,454
16762201,39.2498,32.3899,464,35196,0.0922202,0.07,1,167558,167094,464
16765121,28.65,38.478,450,35256,0.090444,0.07,1,167584,167134,450
16768041,48.93,28.4956,478,35316,0.106089,0.09,1,167638,167160,478
16770961,33.786,47.2991,456,35376,0.109218,0.11,1,167668,167212,456
16773881,56.3572,33.4598,488,35436,0.0298436,0,1,167730,167242,488
16776801,68.8714,59.492,494,35496,0.0299687,0.07,1,167802,167308,494
16779721,15.3743,69.4984,424,35556,0.0299937,0.07,1,167804,167380,424
16782641,35.8749,15.4997,463,35615,0.0619987,0.03,1,167845,167382,463
16785561,26.375,35.0999,447,35674,0.0523998,0.05,1,167869,167422,447
16788481,6.87499,26.22,425,35733,0.05048,0.07,1,167871,167446,425
16791401,34.175,37.244,426,35792,0.082096,0.11,1,167912,167486,426
16794321,30.835,32.2488,425,35851,0.0884192,0.09,1,167942,167517,425
16797241,39.767,39.2498,426,35910,0.0736838,0.09,1,167984,167558,426
16800161,28.7534,28.65,426,35969,0.118737,0.11,1,168010,167584,426
16803081,49.7507,48.93,427,36028,0.159747,0.11,1,168065,167638,427
16806001,33.9501,33.786,427,36087,0.135949,0.01,1,168095,167668,427
16808921,53.99,56.3572,424,36146,0.14719,0.03,1,168154,167730,424
16811841,68.398,68.8714,424,36204,0.053438,0.03,1,168226,167802,424
16814761,15.2796,15.3743,424,36262,0.0346876,0.07,1,168228,167804,424
16817681,35.0559,35.8749,423,36320,0.0469375,0.05,1,168268,167845,423
16820601,27.0112,26.375,424,36378,0.0653875,0.05,1,168293,167869,424
16823521,7.00224,6.87499,424,36436,0.0690775,0.09,1,168295,167871,424
16826441,34.2004,34.175,424,36494,0.0858155,0.09,1,168336,167912,424
16829361,30.8401,30.835,424,36552,0.121163,0.07,1,168366,167942,424
16832281,40.568,39.767,425,36610,0.128233,0.13,1,168409,167984,425
16835201,29.7136,28.7534,426,36668,0.145647,0.17,1,168436,168010,426
16838121,51.5427,49.7507,428,36726,0.133129,0.13,1,168493,168065,428
16841041,34.3085,33.9501,428,36784,0.146626,0.15,1,168523,168095,428
16843961,51.6617,53.99,425,36841,0.133325,0.03,1,168579,168154,425
16846881,65.5323,68.398,422,36898,0.082665,0.03,1,168648,168226,422
16849801,14.7065,15.2796,422,36955,0.072533,0.05,1,168650,168228,422
16852721,34.9413,35.0559,422,37012,0.0385066,0.07,1,168690,168268,422
16855641,27.7883,27.0112,423,37069,0.0157013,0.07,1,168716,168293,423
16858561,7.15765,7.00224,423,37126,0.0111403,0.09,1,168718,168295,423
16861481,35.8315,34.2004,425,37183,0.0422281,0.09,1,168761,168336,425
16864401,31.1663,6.84009,455,37240,0.0964456,0.13,1,168791,168336,455
16867321,42.2333,25.368,470,37297,0.123289,0.13,1,168836,168366,470
16870241,29.2467,39.4736,453,37354,0.144658,0.15,1,168862,168409,453
16873161,50.6493,29.4947,482,37411,0.148932,0.13,1,168918,168436,482
16876081,34.9299,51.4989,456,37467,0.149786,0.15,1,168949,168493,456
16879001,52.586,34.2998,483,37523,0.165957,0.13,1,169006,168523,483
16881921,61.7172,51.66,491,37579,0.169191,0.07,1,169070,168579,491
16884841,13.9434,65.532,424,37635,0.169838,0.07,1,169072,168648,424
16887761,35.5887,14.7064,463,37691,0.153968,0.03,1,169113,168650,463
16890681,27.1177,34.9413,448,37747,0.166794,0.01,1,169138,168690,448
16893601,7.02355,27.7883,424,37803,0.169359,0.01,1,169140,168716,424
16896521,36.6047,7.15765,466,37859,0.217872,0.05,1,169184,168718,466
16899441,33.7209,35.8315,456,37915,0.259574,0.11,1,169217,168761,456
16902361,44.3442,31.1663,473,37971,0.299915,0.13,1,169264,168791,473
16905281,29.6688,42.2333,454,38027,0.275983,0.15,1,169290,168836,454
16908201,50.7338,29.2467,484,38083,0.287197,0.15,1,169346,168862,484
16911121,35.7468,50.6493,460,38138,0.289439,0.15,1,169378,168918,460
16914041,52.7494,34.9299,486,38193,0.337888,0.17,1,169435,168949,486
16916961,61.7499,52.586,493,38248,0.347578,0.17,1,169499,169006,493
16919881,13.95,61.7172,431,38303,0.349515,0.17,1,169501,169070,431
16922801,36.39,13.9434,471,38358,0.349903,0.15,1,169543,169072,471
16925721,28.078,35.5887,456,38413,0.349981,0.17,1,169569,169113,456
16928641,7.2156,27.1177,433,38468,0.349996,0.17,1,169571,169138,433
16931561,38.2431,7.02355,477,38523,0.365999,0.23,1,169617,169140,477
16934481,34.8486,36.6047,467,38578,0.3852,0.27,1,169651,169184,467
16937401,8.56972,33.7209,436,38633,0.38904,0.31,1,169653,169217,436
16940321,38.5139,44.3442,435,38688,0.421808,0.27,1,169699,169264,435
16943241,29.3028,29.6688,436,38743,0.460362,0.29,1,169726,169290,436
16946161,50.6606,50.7338,436,38798,0.484072,0.29,1,169782,169346,436
16949081,37.3321,35.7468,438,38852,0.456814,0.35,1,169816,169378,438
16952001,53.8664,52.7494,439,38906,0.499363,0.35,1,169874,169435,439
16954921,61.9733,61.7499,439,38960,0.523873,0.35,1,169938,169499,439
16957841,13.9947,13.95,439,39014,0.528774,0.35,1,169940,169501,439
16960761,36.3989,36.39,439,39068,0.529755,0.35,1,169982,169543,439
16963681,28.0798,28.078,439,39122,0.561951,0.35,1,170008,169569,439
16966601,7.21596,7.2156,439,39176,0.54439,0.37,1,170010,169571,439
16969521,39.0432,38.2431,440,39230,0.548878,0.39,1,170057,169617,440
16972441,36.6086,34.8486,442,39284,0.533776,0.39,1,170093,169651,442
16975361,8.92173,8.56972,442,39338,0.530755,0.43,1,170095,169653,442
16978281,40.1843,38.5139,444,39392,0.514151,0.47,1,170143,169699,444
16981201,29.6369,29.3028,444,39446,0.54283,0.49,1,170170,169726,444
16984121,50.7274,50.6606,444,39500,0.596566,0.45,1,170226,169782,444
16987041,38.1455,37.3321,445,39553,0.591313,0.51,1,170261,169816,445
16989961,55.6291,53.8664,447,39606,0.542263,0.53,1,170321,169874,447
16992881,63.1258,61.9733,448,39659,0.596453,0.53,1,170386,169938,448
16995801,14.2252,13.9947,448,39712,0.607291,0.53,1,170388,169940,448
16998721,36.445,36.3989,448,39765,0.609458,0.57,1,170430,169982,448
17001641,28.089,28.0798,448,39818,0.577892,0.54,1,170456,170008,448
17004561,7.2178,7.21596,448,39871,0.739578,0.55,1,170458,170010,448
17007481,38.2436,39.0432,447,39924,0.795916,0.53,2,170504,170057,447
17010401,36.4487,36.6086,447,39977,0.807183,0.53,2,170540,170093,447
17013321,8.88974,8.92173,447,40030,0.809437,0.51,2,170542,170095,447
17016241,40.1779,40.1843,447,40083,0.841887,0.51,2,170590,170143,447
17019161,30.4356,8.03687,475,40136,0.832377,0.55,2,170618,170143,475
17022081,51.6871,23.2074,505,40189,0.894475,0.61,2,170675,170170,505
17025001,37.5374,49.4415,483,40242,0.906895,0.59,2,170709,170226,483
17027921,54.7075,37.8883,507,40294,0.909379,0.53,2,170768,170261,507
17030841,64.5415,55.5777,514,40346,0.909876,0.61,2,170835,170321,514
17033761,14.5083,63.1155,451,40398,0.909975,0.61,2,170837,170386,451
17036681,36.5017,14.2231,491,40450,0.925995,0.61,2,170879,170388,491
17173921,26,22,510,42834,0.55,1,1,172507,171997,510
17176841,26.8,36.4,497,42883,0.486,1,1,172534,172037,497
17179761,44.56,45.68,498,42932,0.3292,1,1,172583,172085,498
17182681,28.112,30.736,495,42981,0.24984,1,1,172607,172112,495
17185601,27.2224,31.7472,490,43030,0.137968,1,1,172634,172144,490
17188521,26.2445,6.34944,516,43079,0.0515936,1,1,172660,172144,516
17191441,63.6489,34.0699,548,43128,0.114319,1,1,172733,172185,548
17194361,36.7298,72.414,496,43177,0.0228637,1,1,172763,172267,496
17197281,28.146,35.2828,496,43226,0.0605727,0.89,1,172789,172293,496
17200201,24.8292,27.0566,495,43275,0.0361146,0.84,1,172813,172318,495
17203121,20.1658,26.2113,488,43324,0.00722291,0.99,1,172832,172344,488
17206041,20.0332,25.2423,483,43373,0.00944458,0.95,1,172852,172369,483
17208961,29.6066,21.8485,494,43422,0.00988892,0.79,1,172884,172390,494
17211881,46.7213,33.9697,508,43471,0.00997778,0.69,1,172935,172427,508
17214801,25.3443,49.9939,474,43520,0.0259956,0.55,1,172955,172481,474
17217721,22.6689,30.7988,470,43568,0.0131991,0.47,1,172977,172507,470
17220641,34.1338,27.7598,480,43616,0.0746398,0.29,1,173014,172534,480
17223561,23.6268,44.752,452,43664,0.102928,0.23,1,173035,172583,452
17226481,20.7254,28.1504,448,43712,0.0205856,0.11,1,173055,172607,448
17229401,25.7451,27.2301,448,43760,0.0761171,0.03,1,173082,172634,448
17232321,62.749,26.246,494,43808,0.0232234,0.13,1,173154,172660,494
17235241,36.5498,63.6492,451,43856,0.00464468,0,1,173184,172733,451
17238161,29.71,36.7298,449,43904,0.0729289,0.07,1,173212,172763,449
17241081,23.542,28.146,445,43952,0.0225858,0.03,1,173234,172789,445
17244001,20.7084,24.8292,441,44000,0.0445172,0,1,173254,172813,441
17246921,20.1417,20.1658,442,44048,0.00890343,0.01,1,173274,172832,442
17249841,28.8283,20.0332,453,44096,0.0577807,0.01,1,173305,172852,453
17252761,47.3657,29.6066,473,44144,0.0515561,0.01,1,173357,172884,473
17255681,25.4731,46.7213,442,44192,0.0183112,0.03,1,173377,172935,442
17258601,21.8946,25.3443,443,44240,0.0436622,0.01,1,173398,172955,443
17261521,35.5789,22.6689,460,44288,0.0327324,0.09,1,173437,172977,460
17264441,23.9158,34.1338,444,44336,0.0625465,0.11,1,173458,173014,444
17267361,19.1832,23.6268,441,44384,0.0525093,0,1,173476,173035,441
17270281,27.0366,20.7254,450,44432,0.0505019,0.09,1,173505,173055,450
17273201,7.00733,25.7451,425,44479,0.0501004,0.01,1,173507,173082,425
17276121,57.4015,62.749,423,44526,0.0340201,0,1,173577,173154,423
17279041,36.2803,36.5498,424,44573,0.030804,0.09,1,173608,173184,424
17281961,30.4561,29.71,425,44620,0.0301608,0.01,1,173637,173212,425
17284881,22.0912,23.542,423,44667,0.0300322,0.05,1,173657,173234,423
17287801,19.6182,20.7084,422,44714,0.0300064,0,1,173676,173254,422
17290721,23.1236,20.1417,426,44761,0.0140013,0.07,1,173700,173274,426
17293641,27.0247,28.8283,423,44808,0.0108003,0.05,1,173728,173305,423
17296561,49.4049,47.3657,426,44855,0.0101601,0.01,1,173783,173357,426
17299481,23.481,25.4731,423,44902,0.042032,0.05,1,173800,173377,423
17302401,22.2962,21.8946,424,44949,0.0324064,0.03,1,173822,173398,424
17305321,35.6592,35.5789,424,44996,0.0304813,0.07,1,173861,173437,424
17308241,23.1318,23.9158,423,45043,0.0460963,0.05,1,173881,173458,423
17311161,20.6264,19.1832,425,45090,0.0332193,0.05,1,173901,173476,425
17314081,24.9253,27.0366,422,45137,0.0466438,0.05,1,173927,173505,422
17317001,6.58505,7.00733,422,45184,0.0493288,0.03,1,173929,173507,422
17319921,57.317,57.4015,422,45231,0.0338658,0.03,1,173999,173577,422
17322841,36.2634,36.2803,422,45278,0.0147732,0.03,1,174030,173608,422
17325761,30.4527,30.4561,422,45325,0.0269546,0.03,1,174059,173637,422
17328681,22.0905,22.0912,422,45372,0.0293909,0.03,1,174079,173657,422
17331601,20.4181,19.6182,423,45418,0.0138782,0.01,1,174099,173676,423
17334521,22.4836,23.1236,422,45464,0.00277564,0.01,1,174122,173700,422
17337441,27.6967,27.0247,423,45510,0.0245551,0.01,1,174151,173728,423
17340361,48.7393,49.4049,422,45556,0.012911,0.05,1,174205,173783,422
17343281,24.1479,23.481,423,45602,0.0425822,0.03,1,174223,173800,423
17346201,22.4296,22.2962,423,45648,0.0325164,0.03,1,174245,173822,423
17349121,34.8859,35.6592,422,45694,0.0305033,0.05,1,174283,173861,422
17352041,22.9772,23.1318,422,45740,0.0461007,0.03,1,174303,173881,422
17354961,20.5954,20.6264,422,45786,0.0172201,0.05,1,174323,173901,422
17357881,24.9191,24.9253,422,45832,0.059444,0.05,1,174349,173927,422
17360801,6.58382,6.58505,422,45878,0.0358888,0.03,1,174351,173929,422
17363721,58.1168,57.317,423,45924,0.0471778,0.03,1,174422,173999,423
17366641,34.8234,11.4634,452,45970,0.0174356,0.01,1,174451,173999,452
17369561,30.1647,27.0927,450,46016,0.0274871,0.03,1,174480,174030,450
17372481,22.0329,28.6185,441,46062,0.00549742,0.03,1,174500,174059,441
17375401,20.4066,21.7237,441,46108,0.0250995,0.01,1,174520,174079,441
17378321,22.4813,20.3447,444,46154,0.0050199,0,1,174543,174099,444
17381241,27.6963,22.4689,450,46200,0.041004,0.03,1,174572,174122,450
17384161,48.7393,27.6938,475,46246,0.0322008,0.01,1,174626,174151,475
17387081,25.7479,48.7388,441,46292,0.0304402,0.05,1,174646,174205,441
17390001,21.9496,24.1478,444,46338,0.062088,0.03,1,174667,174223,444
17392921,33.9899,22.4296,459,46384,0.116418,0.03,1,174704,174245,459
17395841,22.798,34.8859,441,46429,0.0952835,0.05,1,174724,174283,441
17398761,20.5596,22.9772,441,46474,0.0910567,0.01,1,174744,174303,441
17401681,24.9119,20.5954,447,46519,0.0582113,0.07,1,174770,174323,447
17404601,6.58238,24.9191,423,46564,0.0516423,0.03,1,174772,174349,423
17407521,58.1165,6.58382,492,46609,0.0343285,0.05,1,174843,174351,492
17410441,34.8233,58.1168,450,46654,0.0468657,0.01,1,174872,174422,450
17413361,30.1647,34.8234,450,46699,0.0653731,0.03,1,174901,174451,450
17416281,22.0329,30.1647,441,46744,0.0210746,0,1,174921,174480,441
17419201,21.2066,22.0329,442,46789,0.0122149,0.03,1,174942,174500,442
17422121,21.8413,20.4066,444,46834,0.010443,0,1,174964,174520,444
17425041,27.5683,22.4813,450,46879,0.0260886,0.05,1,174993,174543,450
17427961,49.5137,27.6963,476,46924,0.0292177,0.03,1,175048,174572,476
17430881,26.7027,48.7393,443,46969,0.0138435,0.03,1,175069,174626,443
17433801,22.9405,25.7479,445,47014,0.0427687,0.07,1,175091,174646,445
17436721,34.9881,21.9496,462,47059,0.0485537,0.13,1,175129,174667,462
17439641,22.9976,33.9899,445,47104,0.0497107,0.09,1,175149,174704,445
17442561,18.9995,22.798,443,47149,0.0659421,0.09,1,175167,174724,443
17445481,22.9999,20.5596,447,47194,0.0691884,0.05,1,175191,174744,447
17448401,6.19998,24.9119,423,47239,0.0698377,0.05,1,175193,174770,423
17451321,58.84,6.58238,493,47284,0.0379675,0.03,1,175265,174772,493
17454241,35.768,58.1165,452,47329,0.0635935,0.05,1,175295,174843,452
17457161,31.1536,34.8233,453,47374,0.0527187,0.07,1,175325,174872,453
17460081,7.83072,30.1647,426,47418,0.0505437,0.01,1,175327,174901,426
17463001,14.3661,22.0329,422,47462,0.0661087,0.01,1,175343,174921,422
17465921,21.2732,21.2066,424,47506,0.0212217,0.01,1,175366,174942,424
17468841,21.0546,21.8413,423,47550,0.0282444,0.03,1,175387,174964,423
17471761,28.2109,27.5683,424,47594,0.0296489,0.03,1,175417,174993,424
17474681,48.8422,49.5137,423,47638,0.00592977,0.01,1,175471,175048,423
17477601,27.3684,26.7027,424,47682,0.00918595,0.05,1,175493,175069,424
17480521,23.0737,22.9405,424,47726,0.00983719,0.05,1,175515,175091,424
17483441,35.0147,34.9881,424,47770,0.0259674,0.05,1,175553,175129,424
17486361,23.8029,22.9976,425,47814,0.0451935,0.07,1,175574,175149,425
17489281,19.1606,18.9995,425,47858,0.0490387,0.07,1,175592,175167,425
17492201,23.0321,22.9999,425,47902,0.0498077,0.07,1,175616,175191,425
17495121,6.20642,6.19998,425,47946,0.0819615,0.03,1,175618,175193,425
17498041,58.0413,58.84,424,47990,0.0403923,0.07,1,175689,175265,424
17500961,36.4083,35.768,425,48034,0.0960785,0.05,1,175720,175295,425
17503881,29.6817,31.1536,423,48078,0.0912157,0.05,1,175748,175325,423
17506801,7.53633,7.83072,423,48122,0.0902431,0.07,1,175750,175327,423
17509721,13.5073,14.3661,422,48166,0.0740486,0.01,1,175765,175343,422
17512641,21.1015,21.2732,422,48210,0.0868097,0.03,1,175788,175366,422
17515561,21.0203,21.0546,422,48254,0.0413619,0.03,1,175809,175387,422
17518481,29.0041,28.2109,423,48298,0.0162724,0,1,175840,175417,423
17521401,48.2008,48.8422,422,48342,0.00325448,0.01,1,175893,175471,422
17524321,27.2402,27.3684,422,48386,0.0086509,0.01,1,175915,175493,422
17527241,23.848,23.0737,423,48430,0.0257302,0.03,1,175938,175515,423
17530161,35.1696,35.0147,423,48474,0.077146,0.05,1,175976,175553,423
17533081,23.0339,23.8029,422,48517,0.0874292,0.05,1,175996,175574,422
17536001,19.8068,19.1606,423,48560,0.0734858,0.05,1,176015,175592,423
17538921,23.9614,23.0321,424,48603,0.0866972,0.09,1,176040,175616,424
17541841,6.39227,6.20642,424,48646,0.0893394,0.03,1,176042,175618,424
17544761,56.4785,58.0413,422,48689,0.0898679,0.11,1,176111,175689,422
17547681,38.4957,36.4083,425,48732,0.0899736,0.09,1,176145,175720,425
17550601,29.2991,29.6817,424,48775,0.105995,0.09,1,176172,175748,424
17553521,7.45983,7.53633,424,48818,0.109199,0.07,1,176174,175750,424
17556441,13.492,13.5073,424,48861,0.0938398,0.07,1,176189,175765,424
17559361,18.6984,2.70145,444,48904,0.058768,0.09,1,176209,175765,444
17562281,20.5397,18.9403,442,48947,0.0357536,0.03,1,176230,175788,442
17565201,29.7079,20.5881,453,48990,0.0151507,0.01,1,176262,175809,453
17568121,47.5416,28.9176,474,49033,0.00303014,0,1,176314,175840,474
17571041,27.1083,48.1835,443,49076,0.024606,0.01,1,176336,175893,443
17573961,23.8217,27.2367,444,49119,0.0449212,0.03,1,176359,175915,444
17576881,36.7643,23.8473,461,49162,0.0489842,0.09,1,176399,175938,461
17579801,23.3529,35.1695,443,49205,0.0657968,0.09,1,176419,175976,443
17582721,20.6706,23.0339,443,49248,0.0691594,0.07,1,176439,175996,443
17585641,23.3341,19.8068,448,49291,0.0698319,0.09,1,176463,176015,448
17588561,6.26682,23.9614,425,49334,0.0699664,0.09,1,176465,176040,425
17591481,56.4534,6.39227,492,49377,0.101993,0.09,1,176534,176042,492
17594401,39.2907,56.4785,458,49420,0.124399,0.09,1,176569,176111,458
17597321,29.4581,38.4957,451,49463,0.19288,0.11,1,176596,176145,451
17600241,7.49163,29.2991,426,49506,0.206576,0.11,1,176598,176172,426
17603161,12.6983,7.45983,438,49549,0.209315,0.09,1,176612,176174,438
17606081,18.5397,13.492,443,49592,0.225863,0.05,1,176632,176189,443
17609001,18.9079,18.6984,442,49634,0.245173,0.03,1,176651,176209,442
17611921,29.3816,20.5397,453,49676,0.217035,0.01,1,176683,176230,453
17614841,48.2763,29.7079,474,49718,0.115407,0,1,176736,176262,474
17617761,27.2553,47.5416,444,49760,0.0630814,0.03,1,176758,176314,444
17620681,23.0511,27.1083,444,49802,0.0686163,0.05,1,176780,176336,444
17623601,39.0102,23.8217,464,49844,0.117723,0.05,1,176823,176359,464
17626521,23.802,36.7643,444,49886,0.127545,0.07,1,176843,176399,444
17629441,20.7604,23.3529,444,49928,0.129509,0.07,1,176863,176419,444
17632361,24.1521,20.6706,449,49970,0.113902,0.07,1,176888,176439,449
17635281,6.43042,23.3341,427,50012,0.11078,0.07,1,176890,176463,427
17638201,58.0861,6.26682,496,50054,0.110156,0.11,1,176961,176465,496
17641121,41.2172,56.4534,464,50096,0.126031,0.13,1,176998,176534,464
17644041,31.4434,39.2907,458,50138,0.129206,0.21,1,177027,176569,458
17646961,7.88869,29.4581,433,50180,0.129841,0.21,1,177029,176596,433
17649881,13.5777,7.49163,446,50222,0.145968,0.21,1,177044,176598,446
17652801,18.7155,12.6983,452,50264,0.165194,0.23,1,177064,176612,452
17655721,18.9431,18.5397,451,50306,0.169039,0.25,1,177083,176632,451
17658641,5.38862,18.9079,434,50348,0.169808,0.21,1,177085,176651,434
17661561,25.0777,29.3816,432,50390,0.233962,0.09,1,177115,176683,432
17664481,41.0155,48.2763,424,50432,0.198792,0.05,1,177160,176736,424
17667401,25.8031,27.2553,424,50474,0.191758,0.07,1,177182,176758,424
17670321,23.5606,23.0511,425,50516,0.206352,0.13,1,177205,176780,425
17673241,41.5121,39.0102,428,50558,0.17727,0.13,1,177251,176823,428
17676161,24.3024,23.802,428,50600,0.171454,0.13,1,177271,176843,428
17679081,20.8605,20.7604,428,50642,0.186291,0.11,1,177291,176863,428
17682001,23.3721,24.1521,427,50684,0.189258,0.11,1,177315,176888,427
17684921,6.27442,6.43042,427,50726,0.221852,0.11,1,177317,176890,427
17687841,59.6549,58.0861,429,50768,0.22837,0.13,1,177390,176961,429
17690761,40.731,41.2172,428,50809,0.229674,0.13,1,177426,176998,428
17693681,31.3462,31.4434,428,50850,0.181935,0.13,1,177455,177027,428
17696601,7.86924,7.88869,428,50891,0.204387,0.15,1,177457,177029,428
17699521,14.3738,13.5777,429,50932,0.192877,0.17,1,177473,177044,429
17702441,19.6748,18.7155,430,50973,0.190575,0.17,1,177494,177064,430
17705361,20.735,18.9431,432,51014,0.174115,0.17,1,177515,177083,432
17708281,5.74699,5.38862,432,51055,0.202823,0.25,1,177517,177085,432
17711201,25.1494,25.0777,432,51096,0.208565,0.19,1,177547,177115,432
17714121,40.2299,41.0155,431,51137,0.225713,0.19,1,177591,177160,431
17717041,25.646,25.8031,431,51178,0.245143,0.21,1,177613,177182,431
17719961,24.3292,23.5606,432,51219,0.249029,0.17,1,177637,177205,432
17722881,40.0658,41.5121,430,51260,0.249806,0.17,1,177681,177251,430
17725801,24.8132,24.3024,431,51301,0.281961,0.19,1,177702,177271,431
17728721,20.9626,20.8605,431,51342,0.288392,0.19,1,177722,177291,431
17731641,23.3925,23.3721,431,51383,0.289678,0.23,1,177746,177315,431
17734561,6.27851,6.27442,431,51424,0.289936,0.23,1,177748,177317,431
17737481,59.6557,59.6549,431,51465,0.337987,0.23,1,177821,177390,431
17740401,40.7311,40.731,431,51506,0.347597,0.17,1,177857,177426,431
17743321,31.3462,31.3462,431,51547,0.349519,0.21,1,177886,177455,431
17746241,7.86925,7.86924,431,51588,0.349904,0.19,1,177888,177457,431
17749161,14.3738,14.3738,431,51629,0.317981,0.19,1,177904,177473,431
17752081,19.6748,19.6748,431,51670,0.295596,0.17,1,177925,177494,431
17755001,19.935,20.735,430,51711,0.339119,0.21,1,177945,177515,430
17757921,5.58699,5.74699,430,51752,0.347824,0.21,1,177947,177517,430
17760841,26.7174,25.1494,432,51793,0.349565,0.21,1,177979,177547,432
17763761,40.5435,5.02988,476,51834,0.349913,0.23,1,178023,177547,476
17766681,26.5087,36.206,455,51875,0.365983,0.25,1,178046,177591,455
17769601,24.5017,24.8412,457,51916,0.369197,0.25,1,178070,177613,457
17772521,40.9003,24.1682,478,51957,0.385839,0.25,1,178115,177637,478
17775441,24.1801,40.0336,454,51998,0.357168,0.29,1,178135,177681,454
17778361,20.836,24.8067,453,52038,0.351434,0.29,1,178155,177702,453
17781281,23.3672,20.9613,457,52078,0.350287,0.29,1,178179,177722,457
17784201,6.27344,23.3923,435,52118,0.366057,0.29,1,178181,177746,435
17787121,62.0547,6.27845,509,52158,0.433211,0.35,1,178257,177748,509
17790041,42.0109,59.6557,473,52198,0.430642,0.35,1,178294,177821,473
17792961,30.8022,40.7311,465,52238,0.462128,0.35,1,178322,177857,465
17795881,7.76044,31.3462,438,52278,0.468426,0.35,1,178324,177886,438
17798801,14.3521,7.86925,452,52318,0.469685,0.31,1,178340,177888,452
17801721,18.8704,14.3738,456,52358,0.469937,0.29,1,178360,177904,456
17804641,21.3741,19.6748,457,52398,0.501987,0.35,1,178382,177925,457
17807561,5.87482,19.935,439,52438,0.476398,0.35,1,178384,177945,439
17810481,27.575,5.58699,470,52478,0.55128,0.35,1,178417,177947,470
17813401,40.715,26.7174,482,52518,0.566256,0.35,1,178461,177979,482
17816321,27.343,40.5435,462,52558,0.585251,0.37,1,178485,178023,462
17819241,24.6686,26.5087,463,52598,0.60505,0.37,1,178509,178046,463
17822161,40.1337,24.5017,483,52638,0.64101,0.39,1,178553,178070,483
17825081,24.0267,40.9003,458,52678,0.648202,0.35,1,178573,178115,458
17828001,20.8053,24.1801,458,52718,0.64964,0.35,1,178593,178135,458
17830921,24.1611,20.836,463,52758,0.681928,0.35,1,178618,178155,463
17833841,6.43221,23.3672,441,52798,0.688386,0.37,1,178620,178179,441
17836761,65.2864,6.27344,519,52838,0.689677,0.45,1,178700,178181,519
17839681,43.4573,62.0547,481,52878,0.689935,0.43,1,178738,178257,481
17842601,31.0915,42.0109,472,52918,0.705987,0.47,1,178766,178294,472
17845521,7.81829,30.8022,446,52958,0.709197,0.47,1,178768,178322,446
17848441,14.3637,7.76044,460,52998,0.709839,0.47,1,178784,178324,460
17851361,18.8727,14.3521,464,53038,0.709968,0.47,1,178804,178340,464
17854281,22.9745,18.8704,468,53078,0.709994,0.51,1,178828,178360,468
17857201,6.19491,21.3741,448,53118,0.725999,0.47,1,178830,178382,448
17860121,30.039,5.87482,482,53158,0.7772,0.57,2,178866,178384,482
17863041,41.2078,27.575,493,53198,0.80344,0.57,2,178910,178417,493
17865961,28.2416,40.715,474,53238,0.792688,0.59,2,178935,178461,474
17868881,7.24831,27.343,452,53278,0.790538,0.61,2,178937,178485,452
17871801,22.2497,24.6686,454,53318,0.822108,0.65,2,178963,178509,454
17874721,39.6499,40.1337,454,53357,0.796422,0.65,2,179007,178553,454
17877641,23.93,24.0267,454,53396,0.791284,0.65,2,179027,178573,454
17880561,21.586,20.8053,455,53435,0.806257,0.69,2,179048,178593,455
17883481,25.1172,24.1611,456,53474,0.809251,0.69,2,179074,178618,456
17886401,6.62344,6.43221,456,53513,0.80985,0.69,2,179076,178620,456
17889321,65.3247,65.2864,456,53552,0.82597,0.69,2,179156,178700,456
17892241,44.2649,43.4573,457,53591,0.829194,0.71,2,179195,178738,457
17895161,31.253,31.0915,457,53630,0.797839,0.71,2,179223,178766,457
17898081,7.8506,7.81829,457,53669,0.823568,0.71,2,179225,178768,457
17901001,14.3701,14.3637,457,53708,0.796714,0.71,2,179241,178784,457
17903921,18.874,18.8727,457,53747,0.791343,0.71,2,179261,178804,457
17906841,23.7748,22.9745,458,53786,0.806269,0.73,2,179286,178828,458
17909761,6.35496,6.19491,458,53825,0.777254,0.79,2,179288,178830,458
17912681,32.471,30.039,461,53864,0.771451,0.81,2,179327,178866,461
17915601,42.4942,41.2078,462,53903,0.77029,0.79,2,179372,178910,462
17918521,27.6988,28.2416,461,53942,0.770058,0.79,2,179396,178935,461
17921441,7.13977,7.24831,461,53981,0.770012,0.83,2,179398,178937,461
17924361,22.228,22.2497,461,54020,0.786002,0.79,2,179424,178963,461
17927281,39.6456,39.6499,461,54059,0.8212,0.79,2,179468,179007,461
17930201,23.9291,23.93,461,54098,0.86024,0.81,2,179488,179027,461
17933121,22.3858,21.586,462,54137,0.884048,0.81,2,179510,179048,462
17936041,25.2772,25.1172,462,54176,0.85681,0.81,2,179536,179074,462
17938961,6.65543,6.62344,462,54215,0.883362,0.83,2,179538,179076,462
17941881,64.5311,65.3247,461,54254,0.920672,0.83,2,179617,179156,461
17944801,44.1062,44.2649,461,54293,0.944134,0.79,2,179656,179195,461
17947721,31.2212,31.253,461,54332,0.916827,0.83,2,179684,179223,461
17950641,7.84425,7.8506,461,54371,0.943365,0.79,2,179686,179225,461
17953561,14.3688,14.3701,461,54410,0.916673,0.79,2,179702,179241,461
17956481,18.8738,18.874,461,54449,0.911335,0.81,2,179722,179261,461
17959401,22.9748,23.7748,460,54488,0.942267,0.77,2,179746,179286,460
17962321,6.19495,6.35496,460,54527,0.948453,0.77,2,179748,179288,460
17965241,33.239,32.471,461,54566,0.917691,0.77,2,179788,179327,461
17968161,41.8478,42.4942,460,54605,0.879538,0.77,2,179832,179372,460
17971081,27.5696,27.6988,460,54644,0.919908,0.77,2,179856,179396,460
17974001,7.11391,7.13977,460,54683,0.927982,0.77,2,179858,179398,460
17976921,23.0228,1.42795,487,54721,0.929596,0.79,2,179885,179398,487
18185701,52,54,492,26441,0.07,0.65,1,181834,181342,492
18188621,45.6,62,472,26521,0.054,0.45,1,181878,181406,472
18191541,43.52,54,463,26601,0.0508,0.13,1,181921,181458,463
18194461,79.104,74,472,26681,0.05016,0.03,1,182009,181537,472
18197381,50.2208,72.4,443,26760,0.066032,0,1,182052,181609,443
18200301,50.0442,64.08,431,26839,0.0212064,0.03,1,182102,181671,431
18203221,21.2088,28.016,426,26918,0.0282413,0,1,182116,181690,426
18206141,20.2418,15.2032,434,26997,0.0296483,0.01,1,182136,181702,434
18209061,58.4484,67.0406,422,27075,0.0139297,0.07,1,182204,181782,422
18211981,54.0897,55.0081,423,27153,0.0427859,0.05,1,182257,181834,423
18214901,45.2179,46.2016,422,27231,0.0485572,0.05,1,182300,181878,422
18217821,44.2436,43.6403,423,27309,0.0497114,0.05,1,182344,181921,423
18220741,78.4487,79.1281,422,27387,0.0659423,0.07,1,182431,182009,422
18223661,52.4897,50.2256,425,27464,0.0211885,0.01,1,182477,182052,425
18226581,48.8979,50.0451,423,27541,0.0282377,0.03,1,182525,182102,423
18229501,20.9796,21.209,423,27618,0.0136475,0.03,1,182539,182116,423
18232421,20.9959,20.2418,424,27695,0.00272951,0.01,1,182560,182136,424
18235341,56.9992,58.4484,422,27771,0.0565459,0.05,1,182626,182204,422
18238261,55.3998,54.0897,424,27847,0.0193092,0.05,1,182681,182257,424
18241181,45.48,45.2179,424,27923,0.0598618,0.05,1,182724,182300,424
18244101,42.696,44.2436,422,27999,0.0519724,0.07,1,182766,182344,422
18247021,78.1392,78.4487,422,28075,0.0503945,0.01,1,182853,182431,422
18249941,52.4278,52.4897,422,28150,0.0660789,0.03,1,182899,182477,422
18252861,48.8856,48.8979,422,28225,0.0372158,0.01,1,182947,182525,422
18255781,20.9771,20.9796,422,28300,0.0154432,0,1,182961,182539,422
18258701,21.7954,20.9959,423,28375,0.00308863,0,1,182983,182560,423
18261621,55.5591,4.19918,487,28450,0.0246177,0.07,1,183047,182560,487
18264541,55.1118,53.6398,476,28524,0.0289235,0.01,1,183102,182626,476
18267461,48.6224,54.728,468,28598,0.0137847,0.07,1,183149,182681,468
18270381,41.7245,45.3456,465,28672,0.0267569,0.05,1,183189,182724,465
18273301,76.3449,42.6691,508,28746,0.0453514,0.05,1,183274,182766,508
18276221,52.869,78.1338,468,28820,0.0330703,0.07,1,183321,182853,468
18279141,48.1738,52.4268,469,28893,0.00661406,0.03,1,183368,182899,469
18282061,20.8348,48.8854,435,28966,0.00932281,0.01,1,183382,182947,435
18284981,21.767,20.9771,443,29039,0.00186456,0,1,183404,182961,443
18287901,56.3534,21.7954,486,29112,0.0243729,0.03,1,183469,182983,486
18290821,55.2707,55.5591,477,29185,0.0608746,0.03,1,183524,183047,477
18293741,48.6541,55.1118,469,29258,0.0681749,0.01,1,183571,183102,469
18296661,42.5308,48.6224,463,29330,0.069635,0.03,1,183612,183149,463
18299581,75.7062,41.7245,507,29402,0.037927,0.05,1,183696,183189,507
18302501,52.7412,76.3449,469,29474,0.0315854,0.03,1,183743,183274,469
18305421,47.3482,52.869,468,29546,0.00631708,0,1,183789,183321,468
18308341,20.6696,48.1738,435,29618,0.00926342,0.01,1,183803,183368,435
18311261,22.5339,20.8348,444,29689,0.0258527,0,1,183826,183382,444
18314181,56.5068,21.767,487,29760,0.0291705,0.03,1,183891,183404,487
18317101,56.9014,56.3534,479,29831,0.0458341,0.07,1,183948,183469,479
18320021,12.9803,55.2707,426,29902,0.0491668,0.07,1,183950,183524,426
18322941,37.7961,48.6541,423,29973,0.0978334,0.07,1,183994,183571,423
18325861,43.5592,42.5308,427,30044,0.107567,0.03,1,184039,183612,427
18328781,72.7118,75.7062,423,30114,0.157513,0.03,1,184119,183696,423
18331701,52.9424,52.7412,424,30184,0.183503,0,1,184167,183743,424
18334621,45.7885,47.3482,422,30254,0.108701,0.01,1,184211,183789,422
18337541,21.1577,20.6696,423,30324,0.0777401,0.03,1,184226,183803,423
18340461,22.6315,22.5339,423,30394,0.023548,0.03,1,184249,183826,423
18343381,56.5263,56.5068,423,30464,0.0447096,0.05,1,184314,183891,423
18346301,58.5053,56.9014,425,30533,0.0489419,0.05,1,184373,183948,425
18349221,13.3011,12.9803,425,30602,0.0497884,0.11,1,184375,183950,425
18352141,37.8602,37.7961,425,30671,0.0819577,0.11,1,184419,183994,425
18355061,46.772,43.5592,429,30740,0.120392,0.17,1,184468,184039,429
18357981,74.1544,72.7118,430,30809,0.176078,0.19,1,184549,184119,430
18360901,53.2309,52.9424,430,30878,0.171216,0.09,1,184597,184167,430
18363821,41.0462,45.7885,424,30947,0.186243,0.07,1,184635,184211,424
18366741,18.6092,21.1577,422,31015,0.221249,0.01,1,184648,184226,422
18369661,22.1218,22.6315,422,31083,0.14825,0.05,1,184671,184249,422
18372581,56.4244,56.5263,422,31151,0.0696499,0.05,1,184736,184314,422
18375501,60.0849,58.5053,424,31219,0.02193,0.05,1,184797,184373,424
18378421,13.617,13.3011,424,31287,0.012386,0.05,1,184799,184375,424
18381341,38.7234,2.66021,469,31355,0.0584772,0.09,1,184844,184375,469
18384261,49.3447,35.732,477,31422,0.0836954,0.13,1,184896,184419,477
18387181,74.6689,46.3464,509,31489,0.0567391,0.19,1,184977,184468,509
18390101,54.1338,74.0693,477,31556,0.0673478,0.17,1,185026,184549,477
18393021,42.8268,53.2139,469,31623,0.14947,0.19,1,185066,184597,469
18395941,16.5654,41.0428,441,31690,0.181894,0.23,1,185076,184635,441
18398861,17.7131,18.6086,446,31757,0.188379,0.13,1,185094,184648,446
18401781,53.9426,22.1217,486,31824,0.173676,0.05,1,185157,184671,486
18404701,59.5885,56.4243,482,31890,0.122735,0.01,1,185218,184736,482
18407621,13.5177,60.0849,423,31956,0.112547,0.01,1,185220,184797,423
18410541,41.1035,13.617,469,32022,0.0785094,0.07,1,185268,184799,469
18413461,49.0207,38.7234,475,32088,0.119702,0.09,1,185319,184844,475
18416381,75.4041,49.3447,505,32154,0.19194,0.05,1,185401,184896,505
18419301,54.2808,74.6689,473,32220,0.206388,0.07,1,185450,184977,473
18422221,47.6562,54.1338,470,32286,0.177278,0.17,1,185496,185026,470
18425141,17.5312,42.8268,440,32352,0.203456,0.19,1,185506,185066,440
18428061,17.9062,16.5654,448,32417,0.208691,0.19,1,185524,185076,448
18430981,53.1813,17.7131,492,32482,0.241738,0.17,1,185586,185094,492
18433901,57.0363,53.9426,487,32547,0.248348,0.11,1,185644,185157,487
18436821,13.0072,59.5885,428,32612,0.24967,0.11,1,185646,185218,428
18439741,39.4014,13.5177,472,32677,0.249934,0.07,1,185692,185220,472
18442661,51.0803,41.1035,478,32742,0.265987,0.13,1,185746,185268,478
18445581,11.8161,49.0207,429,32807,0.269197,0.21,1,185748,185319,429
18448501,70.3632,75.4041,432,32871,0.365839,0.21,1,185833,185401,432
18451421,53.2726,54.2808,432,32935,0.385168,0.17,1,185882,185450,432
18454341,47.4545,47.6562,432,32999,0.389034,0.21,1,185928,185496,432
18457261,17.4909,17.5312,432,33063,0.389807,0.21,1,185938,185506,432
18460181,17.8982,17.9062,432,33127,0.421961,0.25,1,185956,185524,432
18463101,54.7796,53.1813,434,33191,0.460392,0.25,1,186020,185586,434
18466021,57.3559,57.0363,434,33255,0.468078,0.25,1,186078,185644,434
18468941,13.0712,13.0072,434,33319,0.469616,0.25,1,186080,185646,434
18471861,39.4142,39.4014,434,33382,0.437923,0.27,1,186126,185692,434
18474781,51.8828,51.0803,435,33445,0.431585,0.27,1,186181,185746,435
18477701,11.9766,11.8161,435,33508,0.430317,0.39,1,186183,185748,435
18480621,75.1953,70.3632,441,33571,0.478063,0.39,1,186274,185833,441
18483541,54.2391,53.2726,441,33634,0.535613,0.39,1,186323,185882,441
18486461,47.6478,47.4545,441,33697,0.579123,0.39,1,186369,185928,441
18489381,18.3296,17.4909,442,33760,0.571825,0.43,1,186380,185938,442
18492301,19.6659,17.8982,444,33823,0.570365,0.47,1,186400,185956,444
18495221,54.3332,54.7796,443,33886,0.586073,0.47,1,186463,186020,443
18498141,57.2666,57.3559,443,33948,0.573215,0.47,1,186521,186078,443
18501061,13.0533,13.0712,443,34010,0.570643,0.43,1,186523,186080,443
18503981,39.4107,39.4142,443,34072,0.586129,0.43,1,186569,186126,443
18506901,51.8821,51.8828,443,34134,0.605226,0.43,1,186624,186181,443
18509821,11.9764,11.9766,443,34196,0.577045,0.49,1,186626,186183,443
18512741,77.5953,75.1953,446,34258,0.619409,0.49,1,186720,186274,446
18515661,56.3191,15.0391,497,34320,0.595882,0.55,1,186771,186274,497
18518581,48.0638,42.2078,494,34382,0.607176,0.59,1,186817,186323,494
18521501,19.2128,45.2416,460,34443,0.609435,0.57,1,186829,186369,460
18524421,18.2426,17.8483,467,34504,0.625887,0.57,1,186847,186380,467
18527341,54.8485,19.5697,511,34565,0.661177,0.59,1,186911,186400,511
18530261,58.1697,54.3139,507,34626,0.700235,0.57,1,186970,186463,507
18533181,13.2339,57.2628,451,34687,0.708047,0.57,1,186972,186521,451
18536101,40.2468,13.0526,496,34748,0.725609,0.59,1,187019,186523,496
18539021,51.2494,39.4105,504,34809,0.729122,0.61,1,187073,186569,504
18541941,11.8499,51.8821,451,34870,0.729824,0.57,1,187075,186624,451
18544861,78.37,11.9764,544,34931,0.729965,0.63,1,187170,186626,544
18547781,56.474,77.5953,501,34992,0.745993,0.59,1,187221,186720,501
18550701,48.8948,56.3191,497,35052,0.813199,0.61,2,187268,186771,497
18553621,19.379,48.0638,463,35112,0.82664,0.61,2,187280,186817,463
18556541,19.0758,19.2128,470,35172,0.845328,0.63,2,187299,186829,470
18559461,56.6152,18.2426,518,35232,0.865066,0.67,2,187365,186847,518
18562381,60.123,54.8485,515,35292,0.853013,0.71,2,187426,186911,515
18565301,13.6246,58.1697,458,35352,0.850603,0.71,2,187428,186970,458
18568221,41.1249,13.2339,504,35412,0.850121,0.73,2,187476,186972,504
18571141,51.425,40.2468,511,35472,0.898024,0.73,2,187530,187019,511
18574061,11.885,51.2494,459,35532,0.907605,0.73,2,187532,187073,459
18576981,78.377,11.8499,552,35591,0.941521,0.73,2,187627,187075,552
18579901,58.0754,78.37,510,35650,0.948304,0.75,2,187680,187170,510
18582821,13.2151,56.474,461,35709,0.949661,0.83,2,187682,187221,461
18728821,20,32,501,38557,0.69,1,1,189650,189149,501
18731741,24,29.6,497,38612,0.61,1,1,189675,189178,497
18734661,20,21.92,496,38667,0.53,1,1,189694,189198,496
18737581,36.8,39.584,493,38722,0.386,1,1,189735,189242,493
18740501,48.96,66.3168,472,38777,0.2132,1,1,189787,189315,472
18743421,39.392,31.6634,486,38831,0.08264,1,1,189824,189338,486
18746341,27.0784,27.1327,484,38885,0.040528,1,1,189848,189364,484
18749261,45.4157,47.0265,482,38939,0.0481056,1,1,189898,189416,482
18752181,25.8831,24.6053,484,38993,0.0976211,0.99,1,189919,189435,484
18755101,69.1766,76.9211,474,39047,0.0755242,0.95,1,189999,189525,474
18758021,33.8353,41.7842,466,39101,0.0551048,0.81,1,190024,189558,466
18760941,32.3671,37.1568,462,39155,0.083021,0.75,1,190056,189594,462
18763861,30.4734,36.2314,456,39209,0.0406042,0.69,1,190086,189630,456
18766781,18.8947,23.2463,452,39263,0.0321208,0.59,1,190102,189650,452
18769701,20.5789,24.6493,448,39317,0.0624242,0.51,1,190123,189675,448
18772621,16.1158,20.1299,444,39371,0.0364848,0.35,1,190138,189694,444
18775541,31.2232,36.826,438,39425,0.079297,0.17,1,190173,189735,438
18778461,38.2446,48.9652,426,39479,0.135859,0.05,1,190213,189787,426
18781381,34.8489,39.393,423,39532,0.115172,0.03,1,190247,189824,423
18784301,25.3698,27.0786,422,39585,0.127034,0.05,1,190270,189848,422
18787221,46.674,45.4157,424,39638,0.0654069,0.11,1,190322,189898,424
18790141,26.1348,25.8831,424,39691,0.0370814,0.07,1,190343,189919,424
18793061,67.627,69.1766,422,39744,0.0474163,0.05,1,190421,189999,422
18795981,34.3254,33.8353,423,39797,0.225483,0.09,1,190447,190024,423
18798901,33.2651,32.3671,424,39850,0.245097,0.03,1,190480,190056,424
18801821,29.053,30.4734,422,39903,0.265019,0.03,1,190508,190086,422
18804741,19.4106,18.8947,423,39956,0.253004,0.07,1,190525,190102,423
18807661,20.6821,20.5789,423,40009,0.234601,0.03,1,190546,190123,423
18810581,16.1364,16.1158,423,40062,0.21492,0.03,1,190561,190138,423
18813501,32.8273,3.22316,460,40115,0.226984,0.09,1,190598,190138,460
18816421,40.9655,28.6446,468,40168,0.213397,0.15,1,190641,190173,468
18819341,35.3931,37.7289,462,40221,0.226679,0.11,1,190675,190213,462
18822261,23.8786,34.7458,449,40273,0.245336,0.13,1,190696,190247,449
18825181,42.3757,25.3492,473,40325,0.281067,0.05,1,190743,190270,473
18828101,26.0751,46.6698,443,40377,0.304213,0.03,1,190765,190322,443
18831021,66.815,26.134,499,40429,0.292843,0.05,1,190842,190343,499
18833941,44.563,67.6268,460,40481,0.402569,0.27,1,190881,190421,460
18836861,33.7126,34.3254,465,40533,0.408514,0.25,1,190912,190447,465
18839781,29.1425,33.2651,460,40585,0.441703,0.27,1,190940,190480,460
18842701,18.6285,29.053,448,40637,0.448341,0.25,1,190956,190508,448
18845621,21.3257,19.4106,453,40689,0.465668,0.23,1,190978,190525,453
18848541,15.4651,20.6821,446,40741,0.469134,0.21,1,190992,190546,446
18851461,33.493,16.1364,469,40793,0.469827,0.23,1,191030,190561,469
18854381,41.0986,32.8273,475,40845,0.533965,0.21,1,191073,190598,475
18857301,35.4197,40.9655,466,40897,0.562793,0.23,1,191107,190641,466
18860221,24.6839,35.3931,454,40949,0.568559,0.25,1,191129,190675,454
18863141,44.1368,23.8786,482,41001,0.569712,0.29,1,191178,190696,482
18866061,27.2274,42.3757,458,41052,0.553942,0.31,1,191201,190743,458
18868981,66.2455,26.0751,512,41103,0.566788,0.29,1,191277,190765,512
18871901,50.0491,66.815,481,41154,0.681358,0.43,1,191323,190842,481
18874821,35.6098,44.563,474,41205,0.720272,0.41,1,191355,190881,474
18877741,29.522,33.7126,471,41256,0.744054,0.45,1,191383,190912,471
18880661,18.7044,29.1425,459,41307,0.748811,0.45,1,191399,190940,459
18883581,22.1409,18.6285,466,41358,0.765762,0.47,2,191422,190956,466
18886501,15.6282,21.3257,458,41409,0.769152,0.47,2,191436,190978,458
18889421,34.3256,15.4651,483,41460,0.78583,0.47,2,191475,190992,483
18892341,42.0651,33.493,489,41511,0.773166,0.55,2,191519,191030,489
18895261,10.013,41.0986,448,41562,0.770633,0.57,2,191521,191073,448
18898181,30.8026,35.4197,450,41613,0.802127,0.57,2,191557,191107,450
18901101,24.5605,24.6839,451,41664,0.792425,0.57,2,191580,191129,451
18904021,43.3121,44.1368,450,41715,0.822485,0.55,2,191628,191178,450
18906941,26.2624,27.2274,449,41766,0.860497,0.57,2,191650,191201,449
18909861,66.8525,66.2455,450,41817,0.820099,0.71,2,191727,191277,450
19038341,47,74,497,43981,0.59,1,1,193227,192730,497
19041261,55.8,37.2,527,44029,0.278,1,1,193285,192758,527
19044181,35.96,29.84,530,44077,0.1596,1,1,193316,192786,530
19047101,30.392,24.368,536,44125,0.03192,1,1,193345,192809,536
19050021,26.0784,23.2736,538,44173,0.062384,1,1,193370,192832,538
19051481,27.6157,24.6547,541,44221,0.0204768,1,1,193398,192857,541
19098201,367.123,461.731,422,20440,0.0120954,0.07,1,193850,193428,422
19101121,135.025,129.946,452,20544,0.0264191,0.03,1,193927,193475,452
19104041,79.8049,81.1892,449,20647,0.0292838,0.01,1,193993,193544,449
19106961,70.361,65.8378,455,20750,0.0458568,0,1,194061,193606,455
19109881,91.6722,97.1676,447,20852,0.0331714,0,1,194158,193711,447
19112801,62.3344,63.4335,447,20954,0.00663427,0,1,194213,193766,447
19115721,35.6669,55.0867,423,21055,0.0253269,0.03,1,194242,193819,423
19118641,31.1334,23.0173,438,21156,0.00506537,0.03,1,194272,193834,438
19121561,67.8267,79.0035,422,21256,0.0250131,0.03,1,194349,193927,422
19124481,67.9653,68.6007,424,21356,0.0290026,0.05,1,194417,193993,424
19127401,67.1931,68.1201,423,21455,0.0458005,0.03,1,194484,194061,423
19130321,90.2386,91.224,422,21554,0.0491601,0,1,194580,194158,422
19133241,62.0477,62.2448,422,21652,0.00983202,0.03,1,194635,194213,422
19136161,36.4095,35.649,423,21750,0.0019664,0,1,194665,194242,423
19139081,30.4819,31.1298,422,21848,0.000393281,0.03,1,194694,194272,422
19142001,67.6964,67.826,422,21945,0.0240787,0.03,1,194771,194349,422
19144921,67.9393,67.9652,422,22042,0.0288157,0.05,1,194839,194417,422
19147841,67.1879,67.193,422,22138,0.0777631,0.05,1,194906,194484,422
19150761,90.2376,90.2386,422,22234,0.0555526,0,1,195002,194580,422
19153681,62.0475,62.0477,422,22329,0.0111105,0,1,195057,194635,422
19156601,36.4095,36.4095,422,22424,0.0022221,0,1,195087,194665,422
19159521,30.4819,30.4819,422,22519,0.000444421,0,1,195116,194694,422
19162441,66.8964,6.09638,498,22613,0.0240889,0.03,1,195192,194694,498
19165361,67.7793,62.8193,489,22707,0.0288178,0.03,1,195260,194771,489
19168281,69.5559,66.9639,491,22800,0.00576355,0.09,1,195330,194839,491
19171201,88.3112,66.9928,517,22893,0.0251527,0.05,1,195423,194906,517
19174121,61.6622,90.1986,476,22986,0.0130305,0,1,195478,195002,476
19177041,36.3324,62.0397,451,23078,0.0106061,0,1,195508,195057,451
19179961,30.4665,36.4079,450,23170,0.00212122,0,1,195537,195087,450
19182881,67.6933,30.4816,498,23261,0.00842424,0.03,1,195614,195116,498
19185801,67.9387,66.8963,490,23352,0.0256849,0.03,1,195682,195192,490
19188721,73.5877,67.7793,497,23443,0.077137,0,1,195757,195260,497
19191641,85.1175,69.5559,515,23533,0.0234274,0.03,1,195845,195330,515
19194561,60.2235,88.3112,476,23623,0.0126855,0.01,1,195899,195423,476
19197481,36.0447,61.6622,451,23713,0.0265371,0.01,1,195929,195478,451
19200401,31.2089,36.3324,451,23802,0.0373074,0,1,195959,195508,451
19203321,67.0418,30.4665,498,23891,0.0314615,0.01,1,196035,195537,498
19206241,68.6084,67.6933,490,23980,0.0302923,0.03,1,196104,195614,490
19209161,15.3217,67.9387,424,24068,0.0300585,0.09,1,196106,195682,424
19212081,65.4643,73.5877,427,24156,0.0300117,0.01,1,196184,195757,427
19215001,80.2929,85.1175,423,24244,0.0620023,0.01,1,196268,195845,423
19217921,58.4586,60.2235,422,24331,0.0204005,0.03,1,196321,195899,422
19220841,35.6917,36.0447,422,24418,0.0600801,0.04,1,196351,195929,422
19223761,31.9383,31.2089,423,24505,0.052016,0.03,1,196382,195959,423
19226681,67.1877,67.0418,423,24591,0.0184032,0.03,1,196458,196035,423
19229601,67.8375,68.6084,422,24677,0.0276806,0.03,1,196526,196104,422
19232521,15.1675,15.3217,422,24763,0.0295361,0.03,1,196528,196106,422
19235441,65.4335,65.4643,422,24849,0.0299072,0.07,1,196606,196184,422
19238361,81.8867,80.2929,424,24934,0.0939814,0.01,1,196692,196268,424
19241281,57.1773,58.4586,422,25019,0.0427963,0.07,1,196743,196321,422
19244201,35.4355,35.6917,422,25104,0.0325593,0.05,1,196773,196351,422
19247121,31.8871,31.9383,422,25188,0.0465119,0.01,1,196804,196382,422
19250041,67.1774,67.1877,422,25272,0.0333024,0.03,1,196880,196458,422
19252961,67.8355,67.8375,422,25356,0.0786605,0.03,1,196948,196526,422
19255881,15.1671,15.1675,422,25440,0.0877321,0.03,1,196950,196528,422
19258801,64.6334,3.0335,499,25523,0.0415464,0.03,1,197027,196528,499
19261721,85.7267,63.0067,512,25606,0.0483093,0.11,1,197118,196606,512
19264641,53.9453,81.4013,472,25689,0.0496619,0.03,1,197164,196692,472
19267561,34.7891,57.0803,451,25771,0.0179324,0.03,1,197194,196743,451
19270481,33.3578,35.4161,454,25853,0.0275865,0.05,1,197227,196773,454
19273401,66.6716,31.8832,498,25935,0.0295173,0.03,1,197302,196804,498
19276321,68.5343,67.1766,491,26017,0.0779035,0.09,1,197371,196880,491
19279241,15.3069,67.8353,425,26098,0.0875807,0.09,1,197373,196948,425
19282161,63.0614,15.1671,498,26179,0.0895161,0.03,1,197448,196950,498
19285081,87.0123,64.6334,514,26260,0.0419032,0.05,1,197541,197027,514
19288001,52.6025,85.7267,467,26341,0.0323806,0.05,1,197585,197118,467
19290921,35.3205,53.9453,452,26421,0.0464761,0.01,1,197616,197164,452
19293841,33.4641,34.7891,455,26501,0.0492952,0.03,1,197649,197194,455
19296761,65.8928,33.3578,496,26581,0.00985904,0.03,1,197723,197227,496
19299681,71.5786,66.6716,494,26661,0.0739718,0.09,1,197796,197302,494
19302601,15.9157,68.5343,427,26740,0.0867944,0.09,1,197798,197371,427
19305521,61.5831,15.3069,498,26819,0.0893589,0.09,1,197871,197373,498
19308441,85.9166,63.0614,515,26898,0.0898718,0.03,1,197963,197448,515
19311361,18.7833,87.0123,424,26977,0.0899744,0.03,1,197965,197541,424
19314281,40.5567,52.6025,426,27056,0.121995,0.05,1,198011,197585,426
19317201,30.5113,35.3205,423,27134,0.064399,0.05,1,198039,197616,423
19320121,33.3023,33.4641,424,27212,0.0368798,0,1,198073,197649,424
19323041,65.8605,65.8928,424,27290,0.031376,0.09,1,198147,197723,424
19325961,73.9721,71.5786,427,27368,0.0462752,0.09,1,198223,197796,427
19328881,16.3944,15.9157,427,27445,0.049255,0.09,1,198225,197798,427
19331801,60.8789,61.5831,426,27522,0.065851,0.09,1,198297,197871,426
19334721,85.7758,85.9166,426,27599,0.11717,0.09,1,198389,197963,426
19337641,18.7552,18.7833,426,27676,0.159434,0.13,1,198391,197965,426
19340561,38.951,40.5567,424,27753,0.151887,0.05,1,198435,198011,424
19343481,29.3902,30.5113,423,27829,0.182377,0.03,1,198462,198039,423
19346401,32.278,33.3023,422,27905,0.252475,0.03,1,198495,198073,422
19349321,65.6556,65.8605,422,27981,0.266495,0.05,1,198569,198147,422
19352241,75.5311,73.9721,424,28057,0.221299,0.05,1,198647,198223,424
19355161,16.7062,16.3944,424,28132,0.21226,0.07,1,198649,198225,424
19358081,62.5412,60.8789,426,28207,0.226452,0.13,1,198723,198297,426
19361001,87.7083,85.7758,428,28282,0.26129,0.17,1,198817,198389,428
19363921,19.1416,18.7552,428,28357,0.236258,0.17,1,198819,198391,428
19366841,39.8283,3.75103,473,28432,0.215252,0.15,1,198864,198391,473
19369761,31.1657,35.9502,458,28506,0.19505,0.19,1,198893,198435,458
19372681,33.4331,28.79,465,28580,0.25501,0.27,1,198927,198462,465
19375601,65.8866,32.158,506,28654,0.299002,0.27,1,199001,198495,506
19378521,74.7773,65.6316,509,28728,0.3238,0.21,1,199078,198569,509
19381441,16.5555,75.5263,433,28802,0.32876,0.21,1,199080,198647,433
19384361,63.3111,16.7053,506,28876,0.329752,0.23,1,199155,198649,506
19387281,87.8622,62.5411,526,28949,0.36195,0.27,1,199249,198723,526
19390201,19.1724,87.7082,434,29022,0.36839,0.23,1,199251,198817,434
19393121,39.0345,19.1416,476,29095,0.401678,0.21,1,199295,198819,476
19396041,32.6069,39.8283,462,29168,0.392336,0.19,1,199326,198864,462
19398961,34.5214,31.1657,468,29241,0.406467,0.27,1,199361,198893,468
19401881,67.7043,33.4331,510,29313,0.457293,0.31,1,199437,198927,510
19404801,75.9409,65.8866,514,29385,0.483459,0.33,1,199515,199001,514
19407721,16.7882,74.7773,439,29457,0.488692,0.33,1,199517,199078,439
19410641,63.3576,16.5555,512,29529,0.521738,0.33,1,199592,199080,512
19413561,90.2715,63.3111,534,29601,0.496348,0.37,1,199689,199155,534
19416481,19.6543,87.8622,442,29673,0.52327,0.37,1,199691,199249,442
19419401,39.9309,19.1724,485,29744,0.512654,0.41,1,199736,199251,485
19422321,31.9862,39.0345,471,29815,0.510531,0.39,1,199766,199295,471
19425241,7.99723,32.6069,442,29886,0.510106,0.41,1,199768,199326,442
19428161,30.3994,34.5214,443,29957,0.526021,0.47,1,199804,199361,443
19431081,68.4799,67.7043,445,30028,0.561204,0.49,1,199882,199437,445
19434001,76.896,75.9409,446,30098,0.552241,0.49,1,199961,199515,446
19436921,16.9792,16.7882,446,30168,0.582448,0.53,1,199963,199517,446
19439841,64.9958,63.3576,448,30238,0.62849,0.49,1,200040,199592,448
19442761,88.9992,90.2715,446,30308,0.661698,0.53,1,200135,199689,446
19445681,19.3998,19.6543,446,30378,0.70034,0.51,1,200137,199691,446
19448601,40.68,39.9309,447,30448,0.676068,0.51,1,200183,199736,447
19451521,32.136,31.9862,447,30518,0.703214,0.51,1,200213,199766,447
19454441,8.0272,7.99723,447,30587,0.708643,0.53,1,200215,199768,447
19457361,29.6054,30.3994,446,30656,0.709729,0.57,1,200250,199804,446
19460281,69.9211,68.4799,448,30725,0.773946,0.55,2,200330,199882,448
19463201,77.9842,76.896,449,30794,0.802789,0.59,2,200410,199961,449
19466121,17.1968,16.9792,449,30863,0.808558,0.64,2,200412,199963,449
19562481,116,101,501,33050,0.81,1,2,202029,201528,501
19565401,48.8,37,512,33114,0.73,1,1,202061,201549,512
19568321,31.36,37,502,33178,0.634,1,1,202088,201586,502
19571241,20.672,24.2,499,33242,0.5508,1,1,202106,201607,499
19574161,27.3344,27.24,500,33306,0.53416,1,1,202135,201635,500
19577081,27.8669,23.048,506,33370,0.498832,1,1,202163,201657,506
19580001,48.7734,62.2096,488,33433,0.299766,1,1,202217,201729,488
19582921,26.5547,31.6419,485,33496,0.307953,1,1,202238,201753,485
19585841,55.7109,65.5284,474,33559,0.149591,0.9,1,202301,201827,474
19588761,27.1422,30.7057,472,33622,0.0539181,0.95,1,202321,201849,472
19591681,55.8284,57.3411,471,33685,0.0187836,0.81,1,202384,201913,471
19594601,93.5657,104.268,458,33748,0.0117567,0.71,1,202487,202029,458
19597521,40.3131,46.4536,453,33811,0.0103513,0.61,1,202514,202061,453
19600441,26.4626,30.8907,449,33874,0.0260703,0.53,1,202537,202088,449
19603361,17.2925,20.5781,446,33936,0.0132141,0.53,1,202552,202106,446
19606281,23.4585,27.3156,442,33998,0.0106428,0.49,1,202577,202135,442
19609201,27.0917,27.8631,442,34060,0.0101286,0.25,1,202605,202163,442
19612121,41.4183,48.7726,433,34122,0.0260257,0.31,1,202650,202217,433
19615041,24.2837,26.5545,432,34184,0.0292051,0.11,1,202670,202238,432
19617961,47.2567,55.7109,422,34246,0.029841,0.11,1,202723,202301,422
19620881,24.6513,11.1422,441,34308,0.0459682,0.03,1,202742,202301,441
19623801,55.3303,18.2284,484,34370,0.0491936,0.01,1,202805,202321,484
19626721,93.4661,54.0457,524,34432,0.0658387,0.01,1,202908,202384,524
19629641,40.2932,93.2091,448,34493,0.0531677,0.01,1,202935,202487,448
19632561,26.4586,40.2418,444,34554,0.0186335,0.03,1,202958,202514,444
19635481,17.2917,26.4484,436,34615,0.0277267,0.01,1,202973,202537,436
19638401,23.4583,17.2897,446,34676,0.0135453,0.01,1,202998,202552,446
19641321,27.0917,23.4579,449,34737,0.0427091,0.01,1,203026,202577,449
19644241,42.2183,27.0916,467,34798,0.0165418,0.03,1,203072,202605,467
19647161,24.4437,41.4183,442,34859,0.0113084,0.03,1,203092,202650,442
19650081,47.2887,24.2837,475,34920,0.0262617,0.03,1,203145,202670,475
19653001,23.8577,47.2567,440,34981,0.0452523,0.05,1,203163,202723,440
19655921,55.9715,24.6513,485,35041,0.0330505,0.05,1,203227,202742,485
19658841,93.5943,55.3303,525,35101,0.0466101,0.07,1,203330,202805,525
19661761,40.3189,93.4661,449,35161,0.049322,0.05,1,203357,202908,449
19664681,27.2638,40.2932,446,35221,0.0498644,0.01,1,203381,202935,446
19667601,15.8528,26.4586,436,35281,0.0499729,0.03,1,203394,202958,436
19670521,24.7706,17.2917,448,35341,0.00999458,0.01,1,203421,202973,448
19673441,26.5541,23.4583,450,35401,0.00999891,0.05,1,203448,202998,450
19676361,42.9108,27.0917,469,35461,0.0259998,0.01,1,203495,203026,469
19679281,23.7822,42.2183,442,35521,0.0132,0.01,1,203514,203072,442
19682201,47.9564,24.4437,476,35581,0.09064,0.03,1,203568,203092,476
19685121,22.3913,47.2887,439,35640,0.074128,0.05,1,203584,203145,439
19688041,6.07826,23.8577,423,35699,0.0708256,0.03,1,203586,203163,423
19690961,52.4157,55.9715,423,35758,0.0141651,0.05,1,203650,203227,423
19693881,93.6831,93.5943,424,35817,0.042833,0.05,1,203754,203330,424
19696801,40.3366,40.3189,424,35876,0.0485666,0.05,1,203781,203357,424
19699721,26.4673,27.2638,423,35935,0.0337133,0.05,1,203804,203381,423
19702641,14.8935,15.8528,422,35994,0.0147427,0,1,203816,203394,422
19705561,24.5787,24.7706,422,36053,0.0109485,0.01,1,203843,203421,422
19708481,28.1157,26.5541,424,36112,0.0101897,0.03,1,203872,203448,424
19711401,42.4231,42.9108,423,36171,0.0420379,0.01,1,203918,203495,423
19714321,23.6846,23.7822,423,36229,0.0324076,0.11,1,203937,203514,423
19717241,49.5369,47.9564,425,36287,0.110482,0.07,1,203993,203568,425
19720161,22.7074,22.3913,425,36345,0.126096,0.07,1,204009,203584,425
19723081,6.14148,6.07826,425,36403,0.0972193,0,1,204011,203586,425
19726001,50.0283,52.4157,422,36461,0.155444,0.05,1,204072,203650,422
19728921,94.0057,93.6831,423,36519,0.0550888,0.05,1,204177,203754,423
19731841,39.6011,40.3366,422,36577,0.0670177,0.03,1,204203,203781,422
19734761,26.3202,26.4673,422,36635,0.0694036,0.01,1,204226,203804,422
19737681,14.864,14.8935,422,36693,0.0378807,0.01,1,204238,203816,422
19740601,24.5728,24.5787,422,36751,0.0315761,0.01,1,204265,203843,422
19743521,28.1146,28.1157,422,36809,0.0143152,0.05,1,204294,203872,422
19746441,42.4229,42.4231,422,36866,0.042863,0.03,1,204340,203918,422
19749361,24.4846,23.6846,423,36923,0.0325726,0.13,1,204360,203937,423
19752281,52.0969,49.5369,426,36980,0.00651452,0.13,1,204419,203993,426
19755201,23.2194,22.7074,426,37037,0.0253029,0.09,1,204435,204009,426
19758121,6.24388,6.14148,426,37094,0.0290606,0.17,1,204437,204011,426
19761041,51.6488,50.0283,428,37151,0.0938121,0.17,1,204500,204072,428
19763961,89.5298,10.0057,527,37208,0.122762,0.03,1,204599,204072,527
19766881,38.706,86.0011,448,37265,0.128552,0.07,1,204625,204177,448
19769801,26.1412,38.0002,445,37322,0.16171,0.07,1,204648,204203,445
19772721,14.0282,26,433,37379,0.184342,0.03,1,204659,204226,433
19775641,24.4056,14.8,448,37436,0.140868,0.03,1,204686,204238,448
19778561,28.0811,24.56,450,37492,0.148174,0.01,1,204715,204265,450
19781481,42.4162,28.112,467,37548,0.149635,0.05,1,204761,204294,467
19784401,24.4832,42.4224,441,37604,0.149927,0.03,1,204781,204340,441
19787321,52.0966,24.4845,480,37660,0.133985,0,1,204840,204360,480
19790241,24.0193,52.0969,438,37716,0.114797,0.03,1,204857,204419,438
19793161,6.40387,23.2194,424,37772,0.110959,0.03,1,204859,204435,424
19796081,53.2808,6.24388,487,37828,0.142192,0.11,1,204924,204437,487
19799001,92.2562,51.6488,526,37884,0.164438,0.13,1,205026,204500,526
19801921,39.2512,89.5298,453,37940,0.184888,0.13,1,205052,204599,453
19804841,27.8502,38.706,452,37996,0.188978,0.17,1,205077,204625,452
19807761,13.57,26.1412,439,38052,0.189795,0.19,1,205087,204648,439
19810681,24.314,14.0282,455,38108,0.189959,0.13,1,205114,204659,455
19813601,28.0628,24.4056,457,38163,0.173992,0.15,1,205143,204686,457
19816521,42.4126,28.0811,474,38218,0.170798,0.15,1,205189,204715,474
19819441,24.4825,42.4162,448,38273,0.17016,0.15,1,205209,204761,448
19822361,51.2965,24.4832,486,38328,0.218032,0.13,1,205267,204781,486
19825281,23.8593,52.0966,444,38383,0.243606,0.11,1,205284,204840,444
19828201,6.37186,24.0193,429,38438,0.248721,0.11,1,205286,204857,429
19831121,54.0744,6.40387,493,38493,0.265744,0.15,1,205352,204859,493
19834041,94.0149,53.2808,532,38548,0.333149,0.17,1,205456,204924,532
19836961,39.603,92.2562,456,38603,0.34663,0.19,1,205482,205026,456
19839881,9.52059,39.2512,432,38658,0.349326,0.19,1,205484,205052,432
19842801,21.1041,27.8502,431,38713,0.397865,0.19,1,205508,205077,431
19845721,12.2208,13.57,431,38768,0.375573,0.19,1,205518,205087,431
19848641,24.0442,24.314,431,38822,0.387115,0.17,1,205545,205114,431
19851561,27.2088,28.0628,430,38876,0.405423,0.17,1,205573,205143,430
19854481,42.2418,42.4126,430,38930,0.425085,0.17,1,205619,205189,430
19857401,25.2484,24.4825,431,38984,0.445017,0.23,1,205640,205209,431
19860321,53.0497,51.2965,433,39038,0.433003,0.25,1,205700,205267,433
19863241,25.0099,23.8593,434,39092,0.398601,0.25,1,205718,205284,434
19866161,6.60199,6.37186,434,39146,0.42372,0.27,1,205720,205286,434
19869081,55.7204,54.0744,436,39200,0.476744,0.35,1,205788,205352,436
19872001,96.7441,94.0149,439,39254,0.487349,0.35,1,205895,205456,439
19874921,40.9488,39.603,440,39308,0.50547,0.35,1,205922,205482,440
19877841,9.78976,9.52059,440,39362,0.509094,0.41,1,205924,205484,440
19880761,21.158,21.1041,440,39416,0.541819,0.37,1,205948,205508,440
19883681,12.2316,12.2208,440,39470,0.532364,0.39,1,205958,205518,440
19886601,24.8463,24.0442,441,39524,0.562473,0.41,1,205986,205545,441
19889521,28.1693,27.2088,442,39577,0.568495,0.43,1,206015,205573,442
19892441,43.2339,42.2418,443,39630,0.617699,0.45,1,206062,205619,443
19895361,24.6468,25.2484,442,39683,0.62754,0.43,1,206082,205640,442
19898281,52.1294,53.0497,441,39736,0.597508,0.39,1,206141,205700,441
19901201,24.8259,25.0099,441,39789,0.591502,0.43,1,206159,205718,441
19904121,6.56517,6.60199,441,39842,0.6223,0.49,1,206161,205720,441
19907041,58.113,55.7204,444,39895,0.62846,0.49,1,206232,205788,444
19909961,98.8226,96.7441,446,39948,0.661692,0.51,1,206341,205895,446
19912881,42.1645,40.9488,447,40001,0.652338,0.51,1,206369,205922,447
19915801,10.0329,9.78976,447,40054,0.650468,0.55,1,206371,205924,447
19918721,22.0066,21.158,448,40107,0.666094,0.55,1,206396,205948,448
19921641,12.4013,4.23159,458,40160,0.685219,0.53,1,206406,205948,458
19924561,24.8803,8.84632,476,40213,0.673044,0.57,1,206434,205958,476
19927481,28.9761,24.1693,478,40266,0.702609,0.57,1,206464,205986,478
19930401,44.1952,28.0339,497,40318,0.740522,0.63,1,206512,206015,497
19933321,24.839,43.2068,470,40370,0.780104,0.63,2,206532,206062,470
19936241,52.1678,24.6414,509,40422,0.804021,0.59,2,206591,206082,509
19939161,24.8336,52.1283,468,40474,0.808804,0.59,2,206609,206141,468
19942081,6.56671,24.8257,452,40526,0.809761,0.63,2,206611,206159,452
19945001,58.9133,6.56513,522,40578,0.857952,0.63,2,206683,206161,522
19947921,99.7827,58.113,561,40630,0.86759,0.67,2,206793,206232,561
19950841,43.1565,98.8226,481,40682,0.869518,0.65,2,206822,206341,481
19953761,10.2313,42.1645,455,40734,0.869904,0.65,2,206824,206369,455
19956681,23.6463,10.0329,480,40786,0.853981,0.67,2,206851,206371,480
19959601,12.7293,22.0066,465,40838,0.850796,0.69,2,206861,206396,465
19962521,25.7459,12.4013,484,40890,0.866159,0.67,2,206890,206406,484
19965441,29.9492,24.8803,487,40942,0.901232,0.71,2,206921,206434,487
19968361,45.9898,28.9761,507,40994,0.860246,0.75,2,206971,206464,507
19971281,25.998,44.1952,480,41045,0.868049,0.79,2,206992,206512,480
19974201,53.1996,24.839,520,41096,0.88561,0.81,2,207052,206532,520
19977121,25.0399,52.1678,479,41147,0.889122,0.81,2,207070,206591,479
19980041,6.60798,24.8336,463,41198,0.889824,0.81,2,207072,206609,463
19982961,59.7216,6.56671,534,41249,0.921965,0.87,2,207145,206611,534
20136261,94,43,538,19925,0.53,1,1,209052,208514,538
20139181,150,145.4,531,20031,0.546,0.84,1,209216,208685,531
20142101,66.8,100.28,488,20137,0.5812,0.89,1,209262,208774,488
20145021,53.36,55.256,494,20242,0.58824,0.85,1,209312,208818,494
20147941,31.472,47.8512,474,20347,0.605648,0.79,1,209338,208864,474
20150861,67.8944,28.7702,527,20451,0.59313,0.71,1,209415,208888,527
20153781,78.3789,61.754,538,20555,0.590626,0.53,1,209496,208958,538
20156701,150.076,87.5508,612,20658,0.654125,0.55,1,209664,209052,612
20159621,68.4152,148.71,496,20761,0.682825,0.59,1,209712,209216,496
20162541,54.483,66.542,501,20863,0.720565,0.59,1,209763,209262,501
20165461,30.0966,53.3084,475,20965,0.744113,0.61,1,209787,209312,475
20168381,7.61932,31.4617,451,21066,0.748823,0.59,1,209789,209338,451
20171301,63.1239,67.8923,451,21167,0.813765,0.59,2,209866,209415,451
20174221,77.4248,78.3785,451,21267,0.810753,0.67,2,209947,209496,451
20177141,153.885,150.076,456,21367,0.906151,0.69,2,210120,209664,456
20180061,69.177,68.4151,456,21466,0.94123,0.73,2,210168,209712,456
20182981,57.0354,54.483,459,21565,0.948246,0.75,2,210222,209763,459
20326061,76,32,573,25945,0.71,1,1,213293,212720,573
20328981,44.8,67.2,534,26027,0.646,1,1,213330,212796,534
20331901,84.16,51.04,581,26108,0.5852,1,1,213424,212843,581
20334821,108.032,110.208,570,26189,0.26904,1,1,213538,212968,570
20337741,48.8064,92.4416,516,26270,0.053808,1,1,213572,213056,516
20340661,32.9613,45.6883,511,26351,0.0107616,1,1,213601,213090,511
20343581,46.5923,36.3377,527,26431,0.0101523,0.88,1,213651,213124,527
20346501,37.3185,52.0675,506,26511,0.0100305,0.94,1,213686,213180,506
20349421,59.4637,40.0135,534,26591,0.0100061,0.71,1,213751,213217,534
20352341,39.8927,68.8027,493,26671,0.00200122,0.63,1,213786,213293,493
20355261,74.3785,43.3605,539,26750,0.00840024,0.57,1,213869,213330,539
20358181,90.0757,83.8721,539,26829,0.0736801,0.19,1,213963,213424,539
20361101,42.8151,107.974,456,26908,0.134736,0,1,213994,213538,456
20364021,10.163,48.7949,424,26987,0.114947,0,1,213996,213572,424
20366941,26.0326,32.959,425,27065,0.0229894,0.01,1,214026,213601,425
20369861,42.8065,46.5918,422,27143,0.0125979,0.01,1,214073,213651,422
20372781,37.3613,37.3184,423,27221,0.0585196,0.01,1,214109,213686,423
20375701,58.6723,59.4637,422,27299,0.0117039,0,1,214173,213751,422
20378621,39.7345,39.8927,422,27377,0.00234078,0.01,1,214208,213786,422
20381541,74.3469,74.3785,422,27454,0.00846816,0.09,1,214291,213869,422
20384461,93.2694,90.0757,426,27531,0.0416936,0.15,1,214389,213963,426
20387381,41.8539,42.8151,424,27608,0.0963387,0.11,1,214418,213994,424
20390301,9.97077,10.163,424,27685,0.107268,0,1,214420,213996,424
20393221,25.1942,26.0326,423,27761,0.0934535,0.01,1,214449,214026,423
20396141,41.8388,42.8065,422,27837,0.0266907,0.07,1,214495,214073,422
20399061,37.9678,37.3613,423,27913,0.0133381,0,1,214532,214109,423
20401981,57.9936,58.6723,422,27989,0.00266763,0,1,214595,214173,422
20404901,39.5987,39.7345,422,28065,0.0245335,0.01,1,214630,214208,422
20407821,75.1197,74.3469,423,28140,0.00490671,0.05,1,214714,214291,423
20410741,94.224,93.2694,424,28215,0.0569813,0.11,1,214813,214389,424
20413661,44.4448,41.8539,427,28290,0.0353963,0.11,1,214845,214418,427
20416581,10.489,9.97077,427,28365,0.0310793,0.11,1,214847,214420,427
20419501,22.0978,1.99415,452,28440,0.0622158,0.09,1,214872,214420,452
20422421,39.6196,23.5988,467,28514,0.100443,0.01,1,214916,214449,467
20425341,37.5239,41.5198,458,28588,0.0440886,0.01,1,214953,214495,458
20428261,57.9048,37.904,484,28662,0.0168177,0,1,215016,214532,484
20431181,39.581,57.9808,456,28736,0.0273635,0.03,1,215051,214595,456
20434101,75.1162,39.5962,505,28810,0.0134727,0,1,215135,214630,505
20437021,96.6232,75.1192,523,28883,0.0906945,0.07,1,215237,214714,523
20439941,43.3246,94.2239,454,28956,0.138139,0.03,1,215267,214813,454
20442861,10.2649,44.4448,424,29029,0.147628,0.03,1,215269,214845,424
20445781,25.253,10.489,451,29102,0.133526,0.07,1,215298,214847,451
20448701,37.0506,22.0978,466,29175,0.162705,0.11,1,215338,214872,466
20451621,37.0101,39.6196,459,29248,0.040541,0.03,1,215375,214916,459
20454541,57.802,37.5239,485,29320,0.0481082,0.01,1,215438,214953,485
20457461,38.7604,57.9048,456,29392,0.0176216,0.03,1,215472,215016,456
20460381,75.7521,39.581,506,29464,0.0435243,0.01,1,215557,215051,506
20463301,99.9504,75.1162,528,29536,0.0327049,0.11,1,215663,215135,528
20466221,45.5901,96.6232,458,29608,0.062541,0.15,1,215695,215237,458
20469141,10.718,43.3246,430,29679,0.0685082,0.15,1,215697,215267,430
20472061,24.5436,10.2649,456,29750,0.0697016,0.13,1,215725,215269,456
20474981,38.5087,25.253,469,29821,0.14994,0.17,1,215767,215298,469
20477901,9.30174,37.0506,431,29892,0.165988,0.01,1,215769,215338,431
20480821,25.0603,37.0101,423,29963,0.217198,0.05,1,215798,215375,423
20483741,55.4121,57.802,423,30034,0.0834395,0.01,1,215861,215438,423
20486661,37.4824,38.7604,422,30104,0.0406879,0.05,1,215894,215472,422
20489581,76.2965,75.7521,423,30174,0.0321376,0.03,1,215980,215557,423
20492501,100.059,99.9504,423,30244,0.0304275,0.07,1,216086,215663,423
20495421,47.2119,45.5901,425,30314,0.0940855,0.07,1,216120,215695,425
20498341,11.0424,10.718,425,30384,0.122817,0.07,1,216122,215697,425
20501261,24.6085,24.5436,425,30454,0.128563,0.17,1,216150,215725,425
20504181,43.3217,38.5087,431,30523,0.177713,0.17,1,216198,215767,431
20507101,10.2643,9.30174,431,30592,0.187543,0.23,1,216200,215769,431
20510021,25.2529,25.0603,431,30661,0.173509,0.05,1,216229,215798,431
20512941,48.2506,55.4121,422,30730,0.186702,0.03,1,216283,215861,422
20515861,36.0501,37.4824,422,30799,0.20534,0.03,1,216316,215894,422
20518781,76.01,76.2965,422,30868,0.0650681,0.03,1,216402,215980,422
20521701,102.402,100.059,425,30937,0.0690136,0.11,1,216511,216086,425
20524621,48.4804,47.2119,426,31005,0.0538027,0.13,1,216546,216120,426
20527541,11.2961,11.0424,426,31073,0.0507605,0.13,1,216548,216122,426
20530461,24.6592,24.6085,426,31141,0.0501521,0.19,1,216576,216150,426
20533381,45.7318,43.3217,429,31209,0.0180304,0.19,1,216627,216198,429
20536301,10.7464,10.2643,429,31277,0.0436061,0.19,1,216629,216200,429
20539221,25.3493,2.05287,458,31345,0.0487212,0.17,1,216658,216200,458
20542141,49.0699,23.6106,484,31413,0.0497442,0.19,1,216713,216229,484
20545061,36.214,47.9221,463,31480,0.0979488,0.21,1,216746,216283,463
20547981,68.8428,35.9844,507,31547,0.12359,0.03,1,216823,216316,507
20550901,101.769,75.9969,531,31614,0.048718,0.07,1,216933,216402,531
20553821,49.1537,102.399,458,31681,0.0497436,0.05,1,216969,216511,458
20556741,11.4307,48.4799,425,31748,0.0499487,0.05,1,216971,216546,425
20559661,24.6861,11.296,451,31815,0.0499897,0.05,1,216999,216548,451
20562581,44.1372,24.6592,472,31881,0.065998,0.01,1,217048,216576,472
20565501,10.4274,45.7318,423,31947,0.0691996,0.05,1,217050,216627,423
20568421,27.6855,10.7464,453,32013,0.0698399,0.05,1,217082,216629,453
20571341,50.3371,25.3493,480,32079,0.085968,0.05,1,217138,216658,480
20574261,37.2674,49.0699,459,32145,0.137194,0.11,1,217172,216713,459
20577181,68.2535,36.214,502,32211,0.243439,0.13,1,217248,216746,502
20580101,100.051,68.8428,533,32277,0.232688,0.03,1,217356,216823,533
20583021,48.8101,101.769,459,32343,0.230538,0.05,1,217392,216933,459
20585941,11.362,49.1537,425,32408,0.230108,0.05,1,217394,216969,425
20588861,25.4724,11.4307,452,32473,0.214022,0.05,1,217423,216971,452
20591781,44.2945,24.6861,473,32538,0.226804,0.07,1,217472,216999,473
20594701,10.4589,44.1372,426,32603,0.229361,0.07,1,217474,217048,426
20597621,27.6918,10.4274,456,32668,0.229872,0.07,1,217506,217050,456
20600541,52.7384,27.6855,483,32733,0.293974,0.09,1,217565,217082,483
20603461,12.1477,50.3371,429,32798,0.306795,0.15,1,217567,217138,429
20606381,29.6295,37.2674,429,32862,0.309359,0.27,1,217601,217172,429
20609301,72.3259,68.2535,436,32926,0.373872,0.23,1,217684,217248,436
20612221,98.4652,100.051,433,32990,0.450774,0.23,1,217789,217356,433
20615141,48.493,48.8101,433,33054,0.466155,0.23,1,217825,217392,433
20618061,11.2986,11.362,433,33118,0.469231,0.21,1,217827,217394,433
20620981,24.6597,25.4724,432,33182,0.469846,0.23,1,217855,217423,432
20623901,44.9319,44.2945,433,33246,0.469969,0.23,1,217905,217472,433
20626821,10.5864,10.4589,433,33310,0.469994,0.23,1,217907,217474,433
20629741,27.7173,27.6918,433,33373,0.485999,0.31,1,217939,217506,433
20632661,55.9435,52.7384,437,33436,0.5532,0.31,1,218002,217565,437
20635581,12.7887,12.1477,437,33499,0.56664,0.31,1,218004,217567,437
20638501,29.7577,29.6295,437,33562,0.569328,0.39,1,218038,217601,437
20641421,75.5515,72.3259,441,33625,0.569866,0.47,1,218125,217684,441
20644341,100.71,98.4652,443,33688,0.617973,0.47,1,218232,217789,443
20647261,48.9421,48.493,443,33751,0.643595,0.47,1,218268,217825,443
20650181,11.3884,11.2986,443,33814,0.648719,0.47,1,218270,217827,443
20653101,24.6777,24.6597,443,33877,0.665744,0.47,1,218298,217855,443
20656021,46.5355,44.9319,445,33939,0.637149,0.47,1,218350,217905,445
20658941,10.9071,10.5864,445,34001,0.63143,0.49,1,218352,217907,445
20661861,28.5814,27.7173,446,34063,0.630286,0.57,1,218385,217939,446
20664781,59.3163,55.9435,450,34125,0.678057,0.57,1,218452,218002,450
20667701,13.4633,12.7887,450,34187,0.687611,0.57,1,218454,218004,450
20670621,29.8927,29.7577,450,34249,0.705522,0.57,1,218488,218038,450
20673541,75.5785,5.95155,537,34311,0.661104,0.57,1,218575,218038,537
20676461,100.716,70.7903,557,34373,0.700221,0.63,1,218682,218125,557
20679381,49.7431,99.7581,487,34435,0.692044,0.65,1,218719,218232,487
20682301,11.5486,48.7516,453,34496,0.690409,0.65,1,218721,218268,453
20685221,25.5097,11.3503,480,34557,0.706082,0.67,1,218750,218270,480
20688141,46.7019,24.6701,504,34618,0.709216,0.63,1,218802,218298,504
20691061,11.7404,46.534,455,34679,0.725843,0.63,1,218805,218350,455
20693981,27.9481,10.9068,485,34740,0.713169,0.63,1,218837,218352,485
20696901,59.9896,28.5814,520,34801,0.726634,0.69,1,218905,218385,520
20699821,13.5979,59.3163,455,34862,0.729327,0.69,1,218907,218452,455
20702741,30.7196,13.4633,488,34923,0.761865,0.71,2,218942,218454,488
20705661,74.9439,29.8927,540,34984,0.816373,0.65,2,219028,218488,540
20708581,102.989,75.5785,563,35044,0.907275,0.71,2,219138,218575,563
20854581,30,26,514,37942,0.69,1,1,221109,220595,514
20857501,26.8,25.2,515,37998,0.658,1,1,221135,220620,515
20860421,28.56,24.24,520,38054,0.5556,1,1,221164,220644,520
20863341,31.312,33.648,516,38110,0.48712,1,1,221196,220680,516
20866261,29.4624,28.3296,518,38165,0.409424,1,1,221225,220707,518
20869181,42.6925,26.4659,538,38220,0.409885,1,1,221271,220733,538
20872101,30.1385,48.4932,511,38275,0.409977,1,1,221298,220787,511
20875021,30.0277,36.0986,508,38330,0.361995,1,1,221328,220820,508
20877941,61.2055,27.2197,552,38385,0.336399,1,1,221397,220845,552
20880861,30.6411,67.8439,497,38440,0.28328,1,1,221420,220923,497
20883781,78.9282,34.3688,562,38495,0.256656,0.83,1,221511,220949,562
20886701,38.9856,86.8738,491,38550,0.331331,0.79,1,221540,221049,491
20889621,26.1971,41.3748,484,38605,0.346266,0.69,1,221563,221079,484
20892541,6.83943,32.2749,456,38660,0.349253,0.65,1,221565,221109,456
20895461,20.5679,27.255,454,38715,0.349851,0.53,1,221589,221135,454
20898381,25.7136,28.651,452,38770,0.38197,0.47,1,221616,221164,452
20901301,27.5427,31.3302,448,38824,0.420394,0.39,1,221644,221196,448
20904221,27.1085,29.466,446,38878,0.428079,0.41,1,221671,221225,446
20907141,40.6217,42.6932,444,38932,0.397616,0.41,1,221715,221271,444
20910061,28.1243,30.1386,442,38986,0.471523,0.35,1,221740,221298,442
20912981,27.2249,30.0277,439,39040,0.470305,0.33,1,221767,221328,439
20915901,58.245,61.2055,436,39094,0.406061,0.27,1,221833,221397,436
20918821,32.449,30.6411,439,39148,0.473212,0.25,1,221859,221420,439
20921741,79.2898,78.9282,439,39202,0.646642,0.35,1,221950,221511,439
20924661,40.658,38.9856,441,39256,0.697329,0.35,1,221981,221540,441
20927581,24.1316,26.1971,438,39310,0.691466,0.35,1,222001,221563,438
20930501,6.42632,6.83943,438,39364,0.690293,0.35,1,222003,221565,438
20933421,22.8853,20.5679,441,39418,0.722059,0.39,1,222030,221589,441
20936341,26.1771,25.7136,441,39472,0.744412,0.43,1,222057,221616,441
20939261,29.2354,27.5427,443,39526,0.780882,0.43,2,222087,221644,443
20942181,26.6471,27.1085,442,39579,0.836176,0.39,2,222113,221671,442
20945101,42.1294,40.6217,444,39632,0.863235,0.49,2,222159,221715,444
20948021,28.4259,28.1243,444,39685,0.868647,0.47,2,222184,221740,444
20950941,26.4852,27.2249,443,39738,0.901729,0.39,2,222210,221767,443
20953861,59.697,58.245,445,39791,0.924346,0.49,2,222278,221833,445
21047301,24,21,499,41455,0.91,1,2,223450,222951,499
21050221,28.8,22.6,506,41506,0.862,1,2,223480,222974,506
21053141,30.56,23.72,513,41557,0.8444,1,2,223511,222998,513
21056061,29.312,22.344,520,41608,0.76888,1,2,223540,223020,520
21099861,405.862,459.669,451,18980,0.385776,0.55,1,224040,223589,451
21102781,169.172,140.734,500,19092,0.261155,0.39,1,224150,223650,500
21105701,145.034,161.747,472,19203,0.156231,0.41,1,224289,223817,472
21108621,65.8069,80.3493,458,19314,0.0712462,0.43,1,224335,223877,458
21111541,55.5614,51.2699,467,19424,0.0862492,0.25,1,224388,223921,467
21114461,48.7123,72.654,436,19533,0.0892498,0.29,1,224435,223999,436
21117381,33.7425,20.9308,458,19642,0.10585,0.29,1,224465,224007,458
21120301,99.5485,30.5862,541,19750,0.09317,0.23,1,224581,224040,541
21123221,125.51,94.1172,563,19857,0.074634,0.13,1,224713,224150,563
21126141,62.7019,130.023,471,19964,0.0709268,0.05,1,224760,224289,471
21129061,54.9404,62.8047,478,20070,0.118185,0.09,1,224813,224335,478
21131981,49.3881,54.9609,473,20176,0.0956371,0.09,1,224861,224388,473
21134901,33.8776,48.5922,456,20281,0.139127,0.11,1,224891,224435,456
21137821,98.7755,33.7184,541,20386,0.147825,0.09,1,225006,224465,541
21140741,125.355,99.5437,557,20490,0.165565,0.07,1,225138,224581,557
21143661,60.271,125.509,469,20594,0.169113,0.07,1,225182,224713,469
21146581,58.4542,62.7017,480,20697,0.153823,0.13,1,225240,224760,480
21149501,50.0908,54.9404,475,20799,0.166765,0.09,1,225288,224813,475
21152421,34.8182,49.3881,458,20901,0.185353,0.15,1,225319,224861,458
21155341,98.9636,33.8776,543,21002,0.269071,0.15,1,225434,224891,543
21158261,21.3927,98.7755,430,21103,0.285814,0.17,1,225436,225006,430
21161181,108.279,125.355,428,21204,0.385163,0.17,1,225566,225138,428
21164101,59.2557,60.271,431,21304,0.389033,0.15,1,225613,225182,431
21167021,57.4511,58.4542,430,21404,0.421807,0.17,1,225670,225240,430
21169941,49.8902,50.0908,430,21503,0.508361,0.19,1,225718,225288,430
21172861,36.378,34.8182,432,21602,0.525672,0.29,1,225751,225319,432
21175781,102.476,98.9636,436,21700,0.529134,0.29,1,225870,225434,436
21178701,22.0951,21.3927,436,21798,0.529827,0.41,1,225872,225436,436
21181621,111.619,108.279,440,21895,0.577965,0.39,1,226006,225566,440
21184541,60.7238,59.2557,441,21992,0.603593,0.43,1,226054,225613,441
21187461,59.3448,57.4511,443,22088,0.688719,0.53,1,226113,225670,443
21190381,52.669,49.8902,446,22184,0.721744,0.53,1,226164,225718,446
21193301,36.9338,36.378,446,22280,0.712349,0.53,1,226197,225751,446
21196221,104.187,102.476,448,22375,0.79047,0.53,2,226318,225870,448
21199141,22.4374,22.0951,448,22470,0.774094,0.59,2,226320,225872,448
21202061,114.087,111.619,451,22564,0.770819,0.59,2,226457,226006,451
21204981,62.0175,22.3238,500,22658,0.754164,0.61,2,226506,226006,500
21207901,61.2035,42.8648,513,22752,0.782833,0.71,2,226567,226054,513
21210821,55.4407,55.773,508,22845,0.772567,0.73,2,226621,226113,508
21213741,36.6881,51.9546,489,22938,0.802513,0.71,2,226653,226164,489
21216661,107.338,36.7909,581,23030,0.872503,0.81,2,226778,226197,581
21219581,23.0675,104.158,462,23122,0.886501,0.77,2,226780,226318,462
21222501,113.414,22.4316,596,23214,0.8733,0.77,2,226916,226320,596
21225421,61.0827,114.086,507,23305,0.90266,0.75,2,226964,226457,507
21324701,33,25,520,26221,0.73,1,1,228981,228461,520
21327621,29,38.6,506,26302,0.826,1,2,229009,228503,506
21330541,102.6,34.12,594,26383,0.7012,1,1,229130,228536,594
21333461,61.32,105.224,522,26463,0.56424,0.91,1,229181,228659,522
21336381,97.864,56.2448,585,26543,0.488848,0.93,1,229288,228703,585
21339301,46.7728,104.849,502,26623,0.44177,0.97,1,229322,228820,502
21342221,58.9546,46.5698,532,26703,0.464354,0.79,1,229384,228852,532
21345141,30.1909,66.114,484,26782,0.484871,0.83,1,229407,228923,484
21348061,29.2382,33.2228,488,26861,0.472974,0.73,1,229436,228948,488
21350981,7.44764,33.0446,457,26940,0.470595,0.85,1,229438,228981,457
21353901,26.2895,29.0089,460,27019,0.518119,0.67,1,229469,229009,460
21356821,93.2579,102.602,449,27097,0.511624,0.53,1,229579,229130,449
21359741,57.8516,61.3204,447,27175,0.590325,0.47,1,229628,229181,447
21362661,93.9703,97.8641,443,27253,0.638065,0.43,1,229731,229288,443
21365581,45.9941,46.7728,443,27331,0.663613,0.47,1,229765,229322,443
21368501,60.3988,58.9546,445,27408,0.684723,0.49,1,229829,229384,445
21371421,29.6798,30.1909,444,27485,0.720945,0.47,1,229851,229407,444
21374341,29.936,29.2382,445,27562,0.744189,0.47,1,229881,229436,445
21377261,7.58719,7.44764,445,27639,0.748838,0.53,1,229883,229438,445
21380181,27.1174,26.2895,446,27716,0.781768,0.51,2,229915,229469,446
21383101,95.8235,93.2579,449,27792,0.804354,0.61,2,230028,229579,449
21386021,59.1647,57.8516,450,27868,0.824871,0.65,2,230078,229628,450
21388941,97.4329,93.9703,454,27944,0.860974,0.67,2,230185,229731,454
21391861,47.4866,45.9941,455,28020,0.868195,0.69,2,230220,229765,455
21394781,61.4973,60.3988,456,28096,0.901639,0.73,2,230285,229829,456
21397701,29.8995,29.6798,456,28171,0.892328,0.75,2,230307,229851,456
21400621,32.3799,29.936,459,28246,0.906466,0.75,2,230340,229881,459
21403541,8.07598,7.58719,459,28321,0.909293,0.79,2,230342,229883,459
21406461,27.2152,27.1174,459,28396,0.909859,0.79,2,230374,229915,459
21409381,97.443,5.42349,574,28471,0.893972,0.81,2,230489,229915,574
21412301,60.2886,91.4847,512,28545,0.890794,0.83,2,230540,230028,512
21415221,100.058,58.2969,572,28619,0.938159,0.87,2,230650,230078,572
21534941,58,40,530,31508,0.63,1,1,232654,232124,530
21537861,41.2,53.6,510,31575,0.614,0.96,1,232691,232181,510
21540781,27.44,36.32,502,31642,0.5628,1,1,232715,232213,502
21543701,34.288,32.064,507,31709,0.50456,1,1,232751,232244,507
21546621,38.8576,34.4128,512,31776,0.492912,0.99,1,232791,232279,512
21549541,66.1715,33.2826,552,31843,0.426582,1,1,232864,232312,552
21552461,35.6343,70.6565,500,31909,0.445316,0.9,1,232892,232392,500
21555381,32.7269,37.3313,503,31975,0.449063,0.96,1,232924,232421,503
21558301,88.1454,35.4663,570,32041,0.497813,0.79,1,233026,232456,570
21561221,37.6291,95.8933,484,32107,0.523563,0.67,1,233051,232567,484
21564141,53.1258,42.3787,512,32173,0.528713,0.63,1,233108,232596,512
21567061,35.4252,54.8757,485,32239,0.529742,0.61,1,233139,232654,485
21569981,22.285,40.5751,467,32305,0.577949,0.55,1,233158,232691,467
21572901,33.257,27.315,479,32370,0.60359,0.49,1,233194,232715,479
21575821,38.6514,34.263,483,32435,0.624718,0.49,1,233234,232751,483
21578741,66.1303,38.8526,516,32500,0.692944,0.41,1,233307,232791,516
21581661,35.6261,66.1705,471,32565,0.706589,0.45,1,233335,232864,471
21584581,32.7252,35.6341,475,32630,0.709318,0.45,1,233367,232892,475
21587501,90.545,32.7268,548,32695,0.725864,0.51,1,233472,232924,548
21590421,38.909,88.1454,472,32760,0.729173,0.53,1,233498,233026,472
21593341,9.3818,37.6291,449,32825,0.729834,0.53,1,233500,233051,449
21596261,45.0764,53.1258,446,32889,0.761967,0.53,2,233554,233108,446
21599181,37.0153,35.4252,450,32953,0.720393,0.59,1,233589,233139,450
21602101,22.6031,22.285,450,33017,0.744079,0.61,1,233608,233158,450
21605021,34.9206,33.257,452,33081,0.780816,0.63,2,233646,233194,452
21607941,39.7841,38.6514,453,33145,0.836163,0.71,2,233687,233234,453
21610861,69.5568,66.1303,457,33209,0.783233,0.71,2,233764,233307,457
21613781,36.3114,35.6261,457,33273,0.804647,0.71,2,233792,233335,457
21616701,32.8623,32.7252,457,33337,0.808929,0.73,2,233824,233367,457
21619621,91.3725,90.545,458,33400,0.857786,0.73,2,233930,233472,458
21622541,39.0745,38.909,458,33463,0.867557,0.73,2,233956,233498,458
21625461,9.4149,9.3818,458,33526,0.869511,0.77,2,233958,233500,458
21628381,45.083,45.0764,458,33589,0.885902,0.71,2,234012,233554,458
21631301,36.2166,37.0153,457,33652,0.92118,0.75,2,234046,233589,457
21634221,24.8433,22.6031,460,33715,0.928236,0.79,2,234068,233608,460
21765621,36,33,492,36428,0.81,1,2,235985,235493,492
21768541,35.2,32.2,495,36486,0.762,1,2,236020,235525,495
21771461,33.44,29.64,499,36544,0.6724,1,1,236053,235554,499
21774381,33.088,25.928,507,36602,0.57448,1,1,236086,235579,507
21777301,40.2176,57.1856,484,36660,0.442896,1,1,236128,235644,484
21780221,41.6435,41.8371,488,36718,0.352579,0.98,1,236170,235682,488
21783141,37.1287,32.3674,494,36776,0.238516,0.95,1,236206,235712,494
21786061,75.4257,89.6735,475,36833,0.135703,1,1,236291,235816,475
21788981,36.6851,42.7347,471,36890,0.0671406,0.99,1,236318,235847,471
21791901,40.137,43.7469,468,36947,0.0134281,0.87,1,236359,235891,468
21794821,30.4274,32.7494,466,37004,0.0266856,0.89,1,236387,235921,466
21797741,26.8855,28.9499,464,37061,0.0293371,0.81,1,236413,235949,464
21800661,29.3771,34.59,458,37118,0.0138674,0.75,1,236443,235985,458
21803581,33.0754,34.918,457,37175,0.0267735,0.75,1,236477,236020,457
21806501,30.6151,6.9836,487,37232,0.0293547,0.65,1,236507,236020,487
21809421,26.123,27.7967,479,37289,0.0298709,0.55,1,236532,236053,479
21812341,36.4246,31.9593,485,37346,0.0299742,0.41,1,236571,236086,485
21815261,33.6849,39.9919,476,37403,0.0299948,0.33,1,236604,236128,476
21818181,29.937,41.5984,463,37459,0.061999,0.21,1,236633,236170,463
21821101,69.9874,37.1197,507,37515,0.0203998,0.11,1,236713,236206,507
21824021,34.7975,75.4239,448,37571,0.02808,0.05,1,236739,236291,448
21826941,39.7595,36.6848,462,37627,0.013616,0,1,236780,236318,462
21829861,30.3519,40.137,449,37683,0.0427232,0.03,1,236808,236359,449
21832781,27.6704,30.4274,448,37739,0.0165446,0.03,1,236835,236387,448
21835701,28.7341,26.8855,451,37795,0.0433089,0.01,1,236864,236413,451
21838621,33.7468,29.3771,456,37851,0.0166618,0.03,1,236899,236443,456
21841541,30.7494,33.0754,452,37907,0.123332,0.03,1,236929,236477,452
21844461,25.3499,30.6151,446,37963,0.176666,0.03,1,236953,236507,446
21847381,36.27,26.123,460,38019,0.155333,0.03,1,236992,236532,460
21850301,33.654,36.4246,454,38075,0.103067,0.03,1,237025,236571,454
21853221,30.7308,33.6849,451,38130,0.108613,0.07,1,237055,236604,451
21856141,70.1462,29.937,502,38185,0.109723,0.01,1,237135,236633,502
21859061,34.8292,69.9874,448,38240,0.0459445,0.03,1,237161,236713,448
21861981,39.7658,34.7975,463,38295,0.0171889,0.01,1,237202,236739,463
21864901,29.5532,39.7595,449,38350,0.0434378,0.05,1,237229,236780,449
21867821,29.9106,30.3519,451,38405,0.0326876,0.01,1,237259,236808,451
21870741,29.1821,27.6704,453,38460,0.0145375,0.05,1,237288,236835,453
21873661,33.0364,28.7341,458,38515,0.0269075,0.01,1,237322,236864,458
21876581,35.4073,33.7468,459,38570,0.109382,0.15,1,237358,236899,459
21879501,8.68146,30.7494,431,38625,0.125876,0.19,1,237360,236929,431
21882421,19.3363,25.3499,429,38680,0.113175,0.15,1,237382,236953,429
21885341,35.0673,36.27,429,38735,0.0946351,0.09,1,237421,236992,429
21888261,31.8135,33.654,427,38790,0.138927,0.11,1,237452,237025,427
21891181,31.1627,30.7308,428,38844,0.163785,0.11,1,237483,237055,428
21894101,67.8325,70.1462,425,38898,0.216757,0.03,1,237560,237135,425
21897021,33.5665,34.8292,424,38952,0.195351,0.01,1,237585,237161,424
21899941,38.7133,39.7658,423,39006,0.12707,0.05,1,237625,237202,423
21902861,30.1427,29.5532,424,39060,0.0814141,0.03,1,237653,237229,424
21905781,30.0285,29.9106,424,39114,0.0242828,0.01,1,237683,237259,424
21908701,28.4057,29.1821,423,39168,0.0288566,0.03,1,237711,237288,423
21911621,32.8811,33.0364,423,39222,0.0777713,0.13,1,237745,237322,423
21914541,37.7762,35.4073,426,39276,0.0395543,0.13,1,237784,237358,426
21917461,9.15525,8.68146,426,39330,0.0319109,0.11,1,237786,237360,426
21920381,20.231,19.3363,427,39384,0.0143822,0.09,1,237809,237382,427
21923301,34.4462,35.0673,426,39438,0.0748764,0.15,1,237847,237421,426
21926221,34.0892,31.8135,429,39492,0.0709753,0.17,1,237881,237452,429
21929141,30.8178,31.1627,428,39545,0.0861951,0.23,1,237911,237483,428
21932061,70.9636,67.8325,432,39598,0.105239,0.19,1,237992,237560,432
21934981,33.3927,33.5665,431,39651,0.109048,0.11,1,238016,237585,431
21937901,33.8785,38.7133,425,39704,0.15781,0.07,1,238050,237625,425
21940821,29.1757,30.1427,425,39757,0.183562,0.01,1,238078,237653,425
21943741,27.4351,30.0285,422,39810,0.140712,0.03,1,238105,237683,422
21946661,27.887,28.4057,422,39863,0.100142,0.09,1,238133,237711,422
21949581,34.3774,32.8811,424,39916,0.0920285,0.03,1,238169,237745,424
21952501,36.4755,37.7762,422,39969,0.0744057,0.03,1,238206,237784,422
21955421,8.8951,9.15525,422,40022,0.0708811,0.01,1,238208,237786,422
21958341,20.179,20.231,422,40075,0.0541762,0.01,1,238231,237809,422
21961261,36.0358,4.04621,462,40128,0.114835,0.09,1,238271,237809,462
21964181,32.8072,31.2092,456,40181,0.0949671,0.07,1,238303,237847,456
21967101,32.1614,33.4418,454,40234,0.154993,0.09,1,238335,237881,454
21970021,72.8323,30.6884,507,40286,0.134999,0.11,1,238418,237911,507
21972941,33.7665,70.9377,450,40338,0.147,0.11,1,238442,237992,450
21975861,34.7533,33.3875,461,40390,0.1974,0.17,1,238477,238016,461
21978781,30.1507,33.8775,456,40442,0.20748,0.19,1,238506,238050,456
21981701,25.2301,29.1755,452,40494,0.209496,0.13,1,238530,238078,452
21984621,25.846,27.4351,451,40546,0.209899,0.09,1,238556,238105,451
21987541,33.9692,27.887,459,40598,0.20998,0.09,1,238592,238133,459
21990461,35.5938,34.3774,459,40650,0.209996,0.07,1,238628,238169,459
21993381,8.71877,36.4755,424,40702,0.225999,0.07,1,238630,238206,424
21996301,19.3438,8.8951,444,40754,0.2292,0.05,1,238652,238208,444
21999221,39.0688,20.179,465,40806,0.27784,0.13,1,238696,238231,465
22002141,33.4138,36.0358,457,40858,0.287568,0.09,1,238728,238271,457
22005061,33.8828,32.8072,459,40910,0.353514,0.17,1,238762,238303,459
22007981,73.1766,32.1614,510,40962,0.430703,0.13,1,238845,238335,510
22010901,36.2353,72.8323,454,41014,0.462141,0.15,1,238872,238418,454
22013821,36.0471,33.7665,466,41065,0.452428,0.21,1,238908,238442,466
22016741,30.4094,34.7533,460,41116,0.482486,0.21,1,238937,238477,460
22019661,25.2819,30.1507,455,41167,0.488497,0.21,1,238961,238506,455
22022581,25.8564,25.2301,457,41218,0.489699,0.21,1,238987,238530,457
22025501,33.9713,25.846,467,41269,0.50594,0.21,1,239023,238556,467
22028421,36.3943,33.9692,468,41320,0.493188,0.21,1,239060,238592,468
22031341,8.87885,35.5938,434,41371,0.490638,0.23,1,239062,238628,434
22034261,19.3758,8.71877,454,41422,0.490128,0.23,1,239084,238630,454
22037181,41.4752,19.3438,479,41473,0.538025,0.29,1,239131,238652,479
22040101,34.695,39.0688,468,41524,0.531605,0.29,1,239164,238696,468
22043021,8.53901,33.4138,438,41575,0.530321,0.37,1,239166,238728,438
22045941,30.5078,33.8828,440,41626,0.578064,0.45,1,239202,238762,440
22048861,75.7016,73.1766,444,41677,0.651613,0.47,1,239289,238845,444
22051781,35.9403,36.2353,443,41728,0.682323,0.45,1,239315,238872,443
22054701,36.7881,36.0471,444,41779,0.672465,0.49,1,239352,238908,444
22057621,32.1576,30.4094,446,41830,0.670493,0.49,1,239383,238937,446
22060541,25.6315,25.2819,446,41880,0.718099,0.49,1,239407,238961,446
22063461,26.7263,25.8564,447,41930,0.72762,0.51,1,239434,238987,447
22066381,34.1453,33.9713,447,41980,0.761524,0.49,2,239470,239023,447
22069301,35.6291,36.3943,446,42030,0.768305,0.49,2,239506,239060,446
22072221,8.72581,8.87885,446,42080,0.769661,0.49,2,239508,239062,446
22075141,19.3452,19.3758,446,42130,0.737932,0.55,1,239530,239084,446
22078061,43.869,41.4752,449,42180,0.715586,0.53,1,239580,239131,449
22080981,35.1738,34.695,449,42230,0.743117,0.53,1,239613,239164,449
22083901,8.63476,8.53901,449,42280,0.748623,0.59,1,239615,239166,449
22086821,32.127,30.5078,451,42330,0.717725,0.67,1,239653,239202,451
22089741,77.6254,75.7016,453,42380,0.743545,0.69,1,239742,239289,453
22092661,37.1251,35.9403,454,42430,0.748709,0.67,1,239769,239315,454
22095581,37.825,36.7881,455,42480,0.765742,0.67,2,239807,239352,455
22098501,32.365,32.1576,455,42530,0.801148,0.73,2,239838,239383,455
22101421,26.473,25.6315,456,42580,0.80823,0.73,2,239863,239407,456
22104341,28.4946,26.7263,458,42630,0.825646,0.77,2,239892,239434,458
22107261,34.4989,34.1453,458,42680,0.845129,0.77,2,239928,239470,458
22110181,35.6998,35.6291,458,42729,0.849026,0.77,2,239964,239506,458
22113101,8.73996,8.72581,458,42778,0.817805,0.73,2,239966,239508,458
22116021,19.348,19.3452,458,42827,0.811561,0.71,2,239988,239530,458
22118941,43.0696,43.869,457,42876,0.826312,0.75,2,240037,239580,457
22121861,35.0139,35.1738,457,42925,0.845262,0.75,2,240070,239613,457
22124781,8.60278,8.63476,457,42974,0.817053,0.71,2,240072,239615,457
22127701,30.5206,32.127,455,43023,0.875411,0.71,2,240108,239653,455
22130621,78.1041,6.42539,545,43072,0.871082,0.75,2,240198,239653,545
22133541,38.0208,72.4851,484,43121,0.870216,0.75,2,240226,239742,484
22136461,38.8042,36.097,496,43170,0.918043,0.77,2,240265,239769,496
22139381,33.3608,37.6194,490,43219,0.895609,0.81,2,240297,239807,490
22142301,26.6722,32.3239,484,43268,0.923122,0.81,2,240322,239838,484
22297061,35,36,495,45779,0.63,1,1,242037,241542,495
22299981,51.8,71.2,471,45825,0.502,1,1,242093,241622,471
22302901,48.76,35.84,492,45871,0.4604,1,1,242141,241649,492
22305821,36.152,27.968,499,45917,0.38808,1,1,242174,241675,499
22308741,34.4304,5.5936,533,45963,0.261616,1,1,242208,241675,533
22311661,29.2861,25.1187,531,46009,0.236323,1,1,242236,241705,531
22314581,20.2572,28.2237,520,46055,0.199265,1,1,242254,241734,520
22317501,27.2514,30.4447,518,46101,0.111853,1,1,242283,241765,518
22320421,35.0503,34.889,519,46147,0.0623706,1,1,242320,241801,519
22323341,31.0101,34.9778,514,46193,0.116474,1,1,242350,241836,514
22326261,27.802,34.9956,506,46239,0.0792948,0.84,1,242377,241871,506
22329181,17.5604,31.7991,490,46285,0.151859,0.8,1,242392,241902,490
22332101,24.3121,22.3598,496,46331,0.134372,0.97,1,242418,241922,496
22335021,24.8624,30.072,489,46377,0.114874,0.83,1,242443,241954,489
22337941,19.3725,29.2144,478,46422,0.110975,0.83,1,242461,241983,478
22340861,28.6745,21.0429,490,46467,0.094195,0.63,1,242492,242002,490
22343781,40.1349,32.2086,498,46512,0.074839,0.47,1,242535,242037,498
22346701,44.027,51.2417,487,46557,0.102968,0.45,1,242580,242093,487
22349621,31.2054,48.6483,467,46602,0.108594,0.37,1,242608,242141,467
22352541,31.0411,36.1297,465,46647,0.125719,0.23,1,242639,242174,465
22355461,27.8082,34.4259,458,46692,0.145144,0.23,1,242666,242208,458
22358381,18.3616,29.2852,446,46737,0.181029,0.19,1,242682,242236,446
22361301,22.0723,20.257,451,46782,0.172206,0.09,1,242705,242254,451
22364221,34.8145,27.2514,460,46827,0.234441,0.05,1,242743,242283,460
22367141,31.7629,35.0503,454,46872,0.262888,0.13,1,242774,242320,454
22370061,31.1526,31.0101,455,46917,0.284578,0.07,1,242805,242350,455
22372981,17.4305,27.802,442,46962,0.288916,0.17,1,242819,242377,442
22375901,22.6861,17.5604,451,47007,0.289783,0.13,1,242843,242392,451
22378821,25.3372,24.3121,451,47052,0.289957,0.11,1,242869,242418,451
22381741,17.8674,24.8624,442,47097,0.289991,0.11,1,242885,242443,442
22384661,29.1735,19.3725,456,47142,0.305998,0.09,1,242917,242461,456
22387581,39.4347,28.6745,467,47187,0.3092,0.07,1,242959,242492,467
22390501,45.4869,40.1349,471,47232,0.32584,0.11,1,243006,242535,471
22393421,33.0974,44.027,456,47277,0.345168,0.11,1,243036,242580,456
22396341,32.2195,31.2054,460,47322,0.365034,0.13,1,243068,242608,460
22399261,27.2439,31.0411,455,47367,0.385007,0.15,1,243094,242639,455
22402181,7.04878,27.8082,430,47412,0.389001,0.19,1,243096,242666,430
22405101,15.0098,18.3616,431,47456,0.4378,0.17,1,243113,242682,431
22408021,21.402,22.0723,431,47500,0.43156,0.25,1,243136,242705,431
22410941,37.0804,34.8145,434,47544,0.446312,0.27,1,243177,242743,434
22413861,32.2161,31.7629,434,47588,0.433262,0.29,1,243208,242774,434
22416781,32.8432,31.1526,436,47632,0.446653,0.29,1,243241,242805,436
22419701,17.7686,17.4305,436,47676,0.44933,0.29,1,243255,242819,436
22422621,22.7537,22.6861,436,47720,0.481866,0.29,1,243279,242843,436
22425541,25.3507,25.3372,436,47764,0.520373,0.29,1,243305,242869,436
22428461,17.8701,17.8674,436,47808,0.528075,0.31,1,243321,242885,436
22431381,29.974,29.1735,437,47852,0.561615,0.31,1,243354,242917,437
22434301,39.5948,39.4347,437,47896,0.568323,0.33,1,243396,242959,437
22437221,46.319,45.4869,438,47940,0.569665,0.35,1,243444,243006,438
22440141,34.8638,33.0974,440,47984,0.569933,0.37,1,243476,243036,440
22443061,32.5728,32.2195,440,48028,0.553987,0.39,1,243508,243068,440
22445981,28.1146,27.2439,441,48072,0.598797,0.39,1,243535,243094,441
22448901,7.22291,7.04878,441,48116,0.575759,0.45,1,243537,243096,441
22451821,15.8446,15.0098,442,48160,0.571152,0.43,1,243555,243113,442
22454741,20.7689,21.402,441,48204,0.58623,0.45,1,243577,243136,441
22457661,37.7538,37.0804,442,48248,0.605246,0.43,1,243619,243177,442
22460581,33.1508,32.2161,443,48292,0.609049,0.45,1,243651,243208,443
22463501,33.8302,32.8432,444,48336,0.57781,0.45,1,243685,243241,444
22466421,18.766,17.7686,445,48380,0.587562,0.49,1,243700,243255,445
22469341,23.7532,22.7537,446,48424,0.589512,0.53,1,243725,243279,446
22472261,27.1506,25.3507,448,48468,0.621903,0.53,1,243753,243305,448
22475181,18.2301,17.8701,448,48511,0.628381,0.57,1,243769,243321,448
22478101,31.646,29.974,450,48554,0.613676,0.57,1,243804,243354,450
22481021,39.9292,39.5948,450,48597,0.658735,0.57,1,243846,243396,450
22483941,46.3858,46.319,450,48640,0.683747,0.57,1,243894,243444,450
22486861,33.2772,34.8638,448,48683,0.688749,0.55,1,243924,243476,448
22489781,33.0554,32.5728,449,48726,0.67375,0.61,1,243957,243508,449
22492701,29.0111,28.1146,450,48769,0.68675,0.57,1,243985,243535,450
22495621,7.40222,7.22291,450,48812,0.68935,0.57,1,243987,243537,450
22498541,15.8804,15.8446,450,48855,0.65787,0.57,1,244005,243555,450
22501461,20.7761,3.16892,472,48898,0.667574,0.59,1,244027,243555,472
22504381,36.9552,18.2338,491,48941,0.669515,0.61,1,244068,243577,491
22507301,34.591,37.2468,483,48984,0.733903,0.61,1,244102,243619,483
22510221,32.5182,33.0494,483,49027,0.746781,0.57,1,244134,243651,483
22513141,17.7036,33.8099,463,49070,0.749356,0.59,1,244148,243685,463
22516061,23.5407,18.762,473,49113,0.765871,0.59,2,244173,243700,473
22518981,28.7081,23.7524,478,49156,0.801174,0.63,2,244203,243725,478
22521901,18.5416,27.1505,466,49199,0.824235,0.63,2,244219,243753,466
22524821,33.3083,18.2301,487,49242,0.828847,0.61,2,244256,243769,487
22527741,41.0617,31.646,495,49285,0.877769,0.67,2,244299,243804,495
22530661,46.6123,39.9292,501,49328,0.871554,0.69,2,244347,243846,501
22533581,33.3225,46.3858,483,49371,0.870311,0.69,2,244377,243894,483
22536501,33.0645,33.2772,486,49414,0.886062,0.67,2,244410,243924,486
22539421,29.0129,33.0554,481,49457,0.889212,0.69,2,244438,243957,481
22542341,7.40258,29.0111,455,49500,0.889843,0.69,2,244440,243985,455
22545261,16.6805,7.40222,472,49543,0.905969,0.65,2,244459,243987,472
22548181,20.9361,15.8804,476,49586,0.909194,0.67,2,244481,244005,476
22551101,36.9872,20.7761,495,49628,0.909839,0.67,2,244522,244027,495
22754041,68,44,488,24178,0.09,0.57,1,246627,246139,488
22756961,60.8,63.2,479,24266,0.09,0.47,1,246686,246207,479
22759881,76.96,80.64,475,24353,0.058,0.23,1,246767,246292,475
22762801,58.592,73.728,457,24440,0.1156,0.15,1,246821,246364,457
22765721,44.5184,64.3456,436,24527,0.14312,0.09,1,246862,246426,436
22768641,18.5037,27.2691,430,24613,0.116624,0.05,1,246874,246444,430
22771561,54.1007,22.2538,472,24699,0.143325,0,1,246937,246465,472
22774481,46.8201,63.6508,443,24785,0.084665,0.09,1,246982,246539,443
22777401,66.964,83.1302,427,24871,0.168933,0.09,1,247054,246627,427
22780321,59.7928,63.826,426,24956,0.201787,0.05,1,247112,246686,426
22783241,76.7586,77.5652,426,25041,0.192357,0.13,1,247193,246767,426
22786161,60.1517,58.713,428,25126,0.286471,0.15,1,247249,246821,428
22789081,44.0303,44.5426,427,25210,0.337294,0.11,1,247289,246862,427
22792001,18.4061,18.5085,427,25294,0.315459,0.15,1,247301,246874,427
22794921,56.4812,54.1017,430,25378,0.343092,0.07,1,247367,246937,430
22797841,43.2962,46.8203,425,25461,0.364618,0.07,1,247407,246982,425
22800761,68.6592,9.36407,500,25544,0.368924,0.19,1,247482,246982,500
22803681,60.9318,59.4728,487,25627,0.385785,0.21,1,247541,247054,487
22806601,78.5864,58.2946,512,25710,0.405157,0.19,1,247624,247112,512
22809521,64.5173,76.4589,492,25792,0.409031,0.31,1,247685,247193,492
22812441,44.9035,60.0918,476,25874,0.425806,0.35,1,247725,247249,476
22815361,18.5807,44.0184,448,25956,0.429161,0.31,1,247737,247289,448
22818281,56.5161,18.4037,502,26038,0.461832,0.35,1,247803,247301,502
22821201,44.1032,56.4807,477,26119,0.452366,0.37,1,247844,247367,477
22824121,70.4206,43.2961,514,26200,0.450473,0.37,1,247921,247407,514
22827041,62.0841,68.6592,499,26281,0.514095,0.39,1,247981,247482,499
22829961,78.0168,60.9318,522,26362,0.574819,0.41,1,248063,247541,522
22832881,66.0034,78.5864,502,26442,0.602964,0.41,1,248126,247624,502
22835801,46.0007,64.5173,482,26522,0.640593,0.43,1,248167,247685,482
22838721,19.6001,44.9035,455,26602,0.664119,0.43,1,248180,247725,455
22841641,57.52,18.5807,510,26682,0.668824,0.47,1,248247,247737,510
22844561,44.304,56.5161,485,26761,0.653765,0.45,1,248288,247803,485
22847481,69.6608,44.1032,520,26840,0.698753,0.45,1,248364,247844,520
22850401,15.5322,70.4206,445,26919,0.707751,0.53,1,248366,247921,445
22853321,53.5064,62.0841,448,26998,0.74155,0.59,1,248429,247981,448
22856241,78.7013,78.0168,451,27076,0.74831,0.61,1,248514,248063,451
22859161,66.9403,66.0034,452,27154,0.797662,0.65,2,248578,248126,452
22862081,47.7881,46.0007,454,27232,0.823532,0.67,2,248621,248167,454
22865001,21.5576,19.6001,456,27310,0.812707,0.67,2,248636,248180,456
22867921,57.1115,57.52,455,27388,0.810541,0.65,2,248702,248247,455
22870841,45.0223,44.304,456,27465,0.826108,0.71,2,248744,248288,456
22873761,70.6045,69.6608,457,27542,0.877222,0.71,2,248821,248364,457
22876681,15.7209,15.5322,457,27619,0.887444,0.75,2,248823,248366,457
22879601,53.5442,53.5064,457,27696,0.937489,0.75,2,248886,248429,457
22993481,76,72,489,30534,0.61,1,1,250939,250450,489
22996401,45.6,40.8,494,30603,0.53,1,1,250977,250483,494
22999321,34.72,34.56,493,30672,0.418,1,1,251009,250516,493
23002241,35.744,30.912,499,30741,0.3156,1,1,251045,250546,499
23005161,35.9488,41.3824,491,30810,0.19912,1,1,251081,250590,491
23008081,39.1898,42.6765,488,30879,0.079824,1,1,251121,250633,488
23011001,62.238,73.3353,475,30948,0.0719648,1,1,251189,250714,475
23013921,41.2476,39.4671,480,31016,0.038393,0.9,1,251225,250745,480
23016841,41.8495,50.2934,469,31084,0.0476786,0.83,1,251267,250798,469
23019761,53.9699,62.0587,461,31152,0.0495357,0.61,1,251324,250863,461
23022681,61.994,73.2117,449,31220,0.0339071,0.51,1,251388,250939,449
23025601,37.9988,45.0423,443,31288,0.00678143,0.51,1,251420,250977,443
23028521,27.5998,9.00847,468,31356,0.0413563,0.39,1,251445,250977,468
23031441,32.72,27.4017,470,31423,0.0322713,0.29,1,251479,251009,470
23034361,32.144,34.2803,466,31490,0.0464543,0.17,1,251511,251045,466
23037281,31.2288,35.6561,461,31557,0.0332909,0.05,1,251542,251081,461
23040201,62.2458,39.1312,491,31624,0.0786582,0.07,1,251612,251121,491
23043121,41.2492,62.2262,459,31691,0.119732,0.03,1,251648,251189,459
23046041,40.2498,41.2452,463,31758,0.0479463,0.05,1,251688,251225,463
23048961,53.65,41.8491,478,31825,0.0335893,0.05,1,251745,251267,478
23051881,61.93,53.9698,485,31891,0.0307179,0.03,1,251809,251324,485
23054801,37.986,61.994,453,31957,0.00614357,0,1,251841,251388,453
23057721,29.9972,37.9988,449,32023,0.0412287,0.05,1,251869,251420,449
23060641,33.1994,27.5998,458,32089,0.0322457,0.03,1,251903,251445,458
23063561,31.4399,32.72,455,32155,0.110449,0.05,1,251934,251479,455
23066481,29.488,32.144,452,32221,0.11009,0.03,1,251963,251511,452
23069401,65.8976,31.2288,496,32287,0.062018,0.09,1,252038,251542,496
23072321,42.7795,62.2458,463,32353,0.132404,0.13,1,252075,251612,463
23075241,38.1559,41.2492,464,32418,0.178481,0.03,1,252112,251648,464
23078161,51.6312,40.2498,479,32483,0.139696,0.03,1,252167,251688,479
23081081,61.5262,53.65,486,32548,0.0519392,0.03,1,252231,251745,486
23084001,38.7052,61.93,455,32613,0.0103878,0,1,252264,251809,455
23086921,30.141,37.986,451,32678,0.0260776,0.05,1,252292,251841,451
23089841,33.2282,29.9972,457,32743,0.0452155,0.03,1,252326,251869,457
23092761,8.24564,33.1994,425,32808,0.0490431,0.13,1,252328,251903,425
23095681,28.8491,31.4399,428,32872,0.0978086,0.11,1,252362,251934,428
23098601,26.5698,29.488,425,32936,0.107562,0.05,1,252388,251963,425
23101521,66.914,65.8976,427,33000,0.0615123,0.15,1,252465,252038,427
23104441,44.5828,42.7795,429,33064,0.0523025,0.19,1,252504,252075,429
23107361,40.1166,38.1559,431,33128,0.0984605,0.13,1,252543,252112,431
23110281,49.6233,51.6312,428,33192,0.139692,0.03,1,252595,252167,428
23113201,57.1247,61.5262,423,33256,0.0999384,0,1,252654,252231,423
23116121,38.6249,38.7052,424,33320,0.0439877,0.03,1,252688,252264,424
23119041,29.325,30.141,423,33383,0.00879754,0.05,1,252715,252292,423
23121961,34.665,33.2282,425,33446,0.0417595,0.05,1,252751,252326,425
23124881,8.533,8.24564,425,33509,0.0483519,0.11,1,252753,252328,425
23127801,28.9066,28.8491,425,33572,0.0816704,0.11,1,252787,252362,425
23130721,26.5813,26.5698,425,33635,0.120334,0.05,1,252813,252388,425
23133641,64.5163,66.914,422,33698,0.128067,0.05,1,252887,252465,422
23136561,44.9033,44.5828,423,33761,0.113613,0.11,1,252927,252504,423
23139481,41.7806,40.1166,425,33824,0.142723,0.15,1,252968,252543,425
23142401,51.5561,49.6233,427,33887,0.212545,0.09,1,253022,252595,427
23145321,56.7112,57.1247,426,33949,0.242509,0.03,1,253080,252654,426
23148241,35.3422,38.6249,422,34011,0.248502,0,1,253110,252688,422
23151161,28.6684,29.325,422,34073,0.2017,0.05,1,253137,252715,422
23154081,36.1337,34.665,424,34135,0.19234,0.05,1,253175,252751,424
23157001,8.82674,8.533,424,34197,0.190468,0.09,1,253177,252753,424
23159921,30.5653,28.9066,426,34259,0.190094,0.09,1,253213,252787,426
23162841,27.7131,5.78132,453,34321,0.174019,0.13,1,253240,252787,453
23165761,63.1426,21.9563,499,34383,0.218804,0.13,1,253312,252813,499
23168681,45.4285,63.5913,466,34444,0.243761,0.11,1,253353,252887,466
23171601,42.6857,44.7182,468,34505,0.264752,0.15,1,253395,252927,468
23174521,54.1371,41.7436,484,34566,0.30095,0.23,1,253452,252968,484
23177441,58.0274,51.5487,489,34627,0.37219,0.25,1,253511,253022,489
23180361,35.6055,56.7097,461,34688,0.386438,0.25,1,253541,253080,461
23183281,27.9211,35.3419,457,34749,0.389288,0.19,1,253567,253110,457
23186201,35.9842,28.6684,468,34810,0.405858,0.19,1,253605,253137,468
23189121,8.79684,36.1337,432,34871,0.409171,0.19,1,253607,253175,432
23192041,30.5594,8.82674,466,34932,0.409834,0.19,1,253643,253177,466
23194961,28.5119,30.5653,458,34993,0.409967,0.17,1,253671,253213,458
23197881,64.1024,27.7131,504,35053,0.457993,0.23,1,253744,253240,504
23200801,46.4205,63.1426,474,35113,0.467599,0.25,1,253786,253312,474
23203721,43.6841,45.4285,476,35173,0.51752,0.27,1,253829,253353,476
23206641,56.7368,42.6857,494,35233,0.511504,0.31,1,253889,253395,494
23209561,60.9474,54.1371,499,35293,0.606301,0.39,1,253951,253452,499
23212481,36.1895,58.0274,470,35353,0.62526,0.39,1,253981,253511,470
23215401,28.0379,35.6055,466,35413,0.629052,0.39,1,254007,253541,466
23218321,36.8076,27.9211,479,35473,0.61381,0.41,1,254046,253567,479
23221241,8.96152,35.9842,443,35533,0.610762,0.41,1,254048,253605,443
23224161,30.5923,8.79684,477,35592,0.610152,0.41,1,254084,253607,477
23227081,27.7185,30.5594,468,35651,0.626031,0.41,1,254111,253643,468
23230001,7.14369,28.5119,442,35710,0.597206,0.47,1,254113,253671,442
23232921,62.2287,64.1024,445,35769,0.671441,0.47,1,254189,253744,445
23235841,46.0457,46.4205,445,35828,0.686288,0.53,1,254231,253786,445
23238761,46.0091,43.6841,448,35887,0.689258,0.51,1,254277,253829,448
23241681,58.8018,56.7368,450,35946,0.673852,0.63,1,254339,253889,450
23244601,63.7604,60.9474,453,36005,0.68677,0.63,1,254404,253951,453
23247521,36.7521,36.1895,453,36064,0.737354,0.63,1,254434,253981,453
23250441,28.1504,28.0379,453,36123,0.715471,0.61,1,254460,254007,453
23253361,36.0301,36.8076,452,36182,0.759094,0.61,2,254498,254046,452
23256281,8.80602,8.96152,452,36240,0.767819,0.61,2,254500,254048,452
23259201,30.5612,30.5923,452,36298,0.753564,0.63,2,254536,254084,452
23262121,28.5122,27.7185,453,36356,0.782713,0.59,2,254564,254111,453
23265041,7.30245,7.14369,453,36414,0.756543,0.69,2,254566,254113,453
23267961,64.6605,62.2287,456,36472,0.815309,0.69,2,254645,254189,456
23270881,46.5321,46.0457,456,36530,0.843062,0.69,2,254687,254231,456
23273801,45.3064,46.0091,455,36588,0.864612,0.67,2,254732,254277,455
23276721,59.4613,58.8018,456,36646,0.868922,0.69,2,254795,254339,456
23279641,63.8923,63.7604,456,36704,0.885785,0.75,2,254860,254404,456
23282561,37.5785,36.7521,457,36762,0.953157,0.71,2,254891,254434,457
23285481,29.1157,28.1504,458,36819,0.950631,0.77,2,254918,254460,458
23416881,66,46,500,39318,0.63,1,1,256636,256136,500
23419801,38.8,33.2,502,39372,0.598,1,1,256668,256166,502
23422721,30.16,42.64,485,39426,0.5596,1,1,256696,256211,485
23425641,63.632,66.128,485,39480,0.37592,1,1,256768,256283,485
23428561,35.9264,38.8256,482,39533,0.339184,1,1,256797,256315,482
23431481,30.3853,33.3651,479,39586,0.251837,0.95,1,256826,256347,479
23434401,30.8771,33.073,477,39639,0.266367,1,1,256857,256380,477
23437321,29.3754,27.4146,480,39692,0.301273,1,1,256886,256406,480
23440241,30.6751,31.8829,478,39745,0.276255,0.94,1,256917,256439,478
23443161,28.535,28.7766,478,39798,0.255251,0.92,1,256945,256467,478
23446081,20.107,26.5553,470,39851,0.23505,0.87,1,256963,256493,470
23449001,33.6214,40.5111,463,39904,0.26301,0.91,1,257000,256537,463
23451921,32.3243,34.5022,462,39957,0.268602,0.63,1,257032,256570,462
23454841,51.2649,59.7004,452,40010,0.26972,0.59,1,257088,256636,452
23457761,32.653,37.5401,448,40063,0.333944,0.59,1,257116,256668,448
23460681,28.1306,7.50802,475,40116,0.330789,0.55,1,257143,256668,475
23463601,54.4261,23.9016,508,40169,0.330158,0.33,1,257204,256696,508
23466521,34.8852,62.3803,466,40222,0.346032,0.33,1,257234,256768,466
23469441,26.977,35.6761,462,40274,0.365206,0.23,1,257259,256797,462
23472361,29.3954,30.3352,463,40326,0.337041,0.27,1,257289,256826,463
23475281,29.8791,30.867,462,40378,0.331408,0.31,1,257319,256857,462
23478201,30.7758,29.3734,464,40430,0.394282,0.27,1,257350,256886,464
23481121,29.3552,30.6747,462,40482,0.438856,0.25,1,257379,256917,462
23484041,18.671,28.5349,450,40534,0.447771,0.23,1,257395,256945,450
23486961,31.7342,20.107,467,40586,0.465554,0.27,1,257430,256963,467
23489881,35.1468,33.6214,466,40638,0.469111,0.27,1,257466,257000,466
23492801,53.4294,32.3243,492,40690,0.485822,0.27,1,257524,257032,492
23495721,33.0859,51.2649,464,40742,0.473164,0.35,1,257552,257088,464
23498641,27.4172,32.653,462,40794,0.470633,0.33,1,257578,257116,462
23501561,56.6834,28.1306,499,40846,0.502127,0.33,1,257642,257143,499
23504481,35.3367,54.4261,468,40898,0.524425,0.35,1,257672,257204,468
23507401,27.8673,34.8852,464,40950,0.528885,0.37,1,257698,257234,464
23510321,27.9735,26.977,467,41002,0.545777,0.33,1,257726,257259,467
23513241,31.1947,29.3954,469,41053,0.549155,0.33,1,257758,257289,469
23516161,32.6389,29.8791,472,41104,0.597831,0.41,1,257791,257319,472
23519081,31.3278,30.7758,472,41155,0.623566,0.45,1,257822,257350,472
23522001,19.0656,29.3552,459,41206,0.628713,0.45,1,257838,257379,459
23524921,32.6131,18.671,479,41257,0.629743,0.47,1,257874,257395,479
23527841,36.1226,31.7342,481,41308,0.677949,0.47,1,257911,257430,481
23530761,52.8245,35.1468,502,41359,0.70359,0.49,1,257968,257466,502
23533681,32.9649,53.4294,472,41410,0.676718,0.47,1,257996,257524,472
23536601,27.393,33.0859,470,41461,0.671344,0.47,1,258022,257552,470
23539521,58.2786,27.4172,510,41512,0.670269,0.51,1,258088,257578,510
23542441,13.2557,56.6834,448,41563,0.670054,0.53,1,258090,257642,448
23545361,26.6511,35.3367,448,41614,0.718011,0.53,1,258120,257672,448
23548281,26.9302,27.8673,449,41665,0.711602,0.55,1,258147,257698,449
23551201,27.786,27.9735,449,41716,0.75832,0.55,2,258175,257726,449
23554121,31.1572,31.1947,449,41767,0.735664,0.61,1,258207,257758,449
23557041,35.8314,32.6389,453,41818,0.747133,0.63,1,258244,257791,453
23559961,31.9663,31.3278,453,41868,0.765427,0.63,2,258275,257822,453
23562881,19.1933,19.0656,453,41918,0.769085,0.63,2,258291,257838,453
23565801,32.6387,32.6131,453,41968,0.769817,0.69,2,258327,257874,453
23568721,38.5277,36.1226,456,42018,0.785963,0.71,2,258367,257911,456
23571641,52.5055,52.8245,455,42068,0.853193,0.67,2,258423,257968,455
23574561,32.9011,32.9649,455,42118,0.866638,0.67,2,258451,257996,455
23577481,27.3802,27.393,455,42168,0.853328,0.67,2,258477,258022,455
23580401,59.076,58.2786,456,42218,0.866665,0.67,2,258544,258088,456
23583321,13.4152,13.2557,456,42268,0.869333,0.73,2,258546,258090,456
23586241,26.683,26.6511,456,42318,0.869867,0.71,2,258576,258120,456
23589161,26.9366,26.9302,456,42368,0.901973,0.77,2,258603,258147,456
23743921,34,31,494,44931,0.77,1,2,260392,259898,494
23746841,43.6,45.4,491,44978,0.594,1,1,260438,259947,491
23749761,34.32,25.88,502,45025,0.4788,1,1,260470,259968,502
23752681,28.464,29.176,499,45072,0.45576,1,1,260497,259998,499
23755601,28.0928,28.2352,499,45119,0.435152,1,1,260525,260026,499
23758521,22.4186,25.647,495,45166,0.35103,1,1,260546,260051,495
23761441,27.6837,27.5294,496,45213,0.286206,1,1,260575,260079,496
23764361,31.1367,28.7059,499,45260,0.241241,1,1,260607,260108,499
23767281,23.0273,24.1412,497,45307,0.232248,1,1,260628,260131,497
23770201,15.0055,29.6282,479,45354,0.21445,0.91,1,260641,260162,479
23773121,20.6011,27.5256,474,45400,0.16289,1,1,260663,260189,474
23776041,28.9202,32.7051,471,45446,0.136578,1,1,260694,260223,471
23778961,36.984,39.341,469,45492,0.0673156,0.87,1,260733,260264,469
23781881,46.5968,47.8682,468,45538,0.0534631,0.91,1,260782,260314,468
23784801,38.9194,44.7736,461,45584,0.0986926,0.77,1,260819,260358,461
23787721,30.1839,36.1547,455,45630,0.107739,0.55,1,260847,260392,455
23790641,40.4368,44.0309,452,45676,0.0935477,0.45,1,260890,260438,452
23793561,29.6874,34.4062,447,45722,0.10671,0.45,1,260917,260470,447
23796481,24.3375,28.4812,443,45768,0.109342,0.43,1,260940,260497,443
23799401,27.2675,28.0962,443,45814,0.125868,0.33,1,260968,260525,443
23802321,19.0535,22.4193,439,45860,0.113174,0.27,1,260985,260546,439
23805241,22.2107,27.6839,433,45906,0.126635,0.27,1,261008,260575,433
23808161,28.4421,5.53677,463,45952,0.113327,0.23,1,261038,260575,463
23811081,20.0884,26.7074,449,45998,0.110665,0.23,1,261056,260607,449
23814001,16.0177,22.1415,443,46044,0.0621331,0.21,1,261071,260628,443
23816921,17.6035,14.8283,448,46090,0.116427,0.15,1,261089,260641,448
23819841,29.1207,20.5657,458,46136,0.127285,0.13,1,261121,260663,458
23822761,33.8241,28.9131,462,46182,0.129457,0.05,1,261156,260694,462
23825681,45.9648,36.9826,472,46228,0.113891,0.05,1,261205,260733,472
23828601,39.593,46.5965,461,46274,0.174778,0.11,1,261243,260782,461
23831521,31.1186,38.9193,453,46320,0.234956,0.11,1,261272,260819,453
23834441,39.8237,30.1839,467,46366,0.214991,0.09,1,261314,260847,467
23837361,30.3647,40.4368,452,46411,0.226998,0.11,1,261342,260890,452
23840281,23.6729,29.6874,447,46456,0.2454,0.11,1,261364,260917,447
23843201,27.9346,24.3375,453,46501,0.26508,0.13,1,261393,260940,453
23846121,18.3869,27.2675,441,46546,0.269016,0.11,1,261409,260968,441
23849041,23.6774,19.0535,449,46591,0.253803,0.13,1,261434,260985,449
23851961,28.7355,22.2107,456,46636,0.250761,0.11,1,261464,261008,456
23854881,18.5471,28.4421,442,46681,0.282152,0.11,1,261480,261038,442
23857801,18.1094,20.0884,442,46726,0.30443,0.05,1,261498,261056,442
23860721,18.0219,16.0177,445,46771,0.276886,0.13,1,261516,261071,445
23863641,30.0044,17.6035,460,46816,0.271377,0.13,1,261549,261089,460
23866561,33.2009,29.1207,462,46861,0.318275,0.13,1,261583,261121,462
23869481,46.6402,33.8241,477,46906,0.327655,0.11,1,261633,261156,477
23872401,42.928,45.9648,470,46951,0.329531,0.19,1,261675,261205,470
23875321,30.9856,39.593,460,46996,0.345906,0.25,1,261703,261243,460
23878241,41.3971,31.1186,475,47041,0.381181,0.21,1,261747,261272,475
23881161,29.8794,39.8237,460,47086,0.388236,0.23,1,261774,261314,460
23884081,24.3759,30.3647,455,47131,0.437647,0.25,1,261797,261342,455
23887001,28.8752,23.6729,463,47176,0.447529,0.27,1,261827,261364,463
23889921,18.575,27.9346,450,47221,0.449506,0.27,1,261843,261393,450
23892841,22.915,18.3869,458,47266,0.481901,0.25,1,261867,261409,458
23895761,30.183,23.6774,465,47311,0.50438,0.25,1,261899,261434,465
23898681,18.8366,28.7355,451,47356,0.508876,0.29,1,261915,261464,451
23901601,5.36732,18.5471,437,47401,0.509775,0.31,1,261917,261480,437
23904521,13.8735,18.1094,435,47445,0.509955,0.27,1,261933,261498,435
23907441,17.1747,18.0219,435,47489,0.509991,0.27,1,261951,261516,435
23910361,32.2349,30.0044,438,47533,0.557998,0.33,1,261987,261549,438
23913281,33.647,33.2009,438,47577,0.5996,0.33,1,262021,261583,438
23916201,46.7294,46.6402,438,47621,0.59192,0.33,1,262071,261633,438
23919121,43.7459,42.928,439,47665,0.606384,0.35,1,262114,261675,439
23922041,31.9492,30.9856,440,47709,0.609277,0.39,1,262143,261703,440
23924961,43.1898,41.3971,442,47753,0.625855,0.39,1,262189,261747,442
23927881,31.038,29.8794,443,47797,0.597171,0.45,1,262217,261774,443
23930801,25.4076,24.3759,444,47841,0.639434,0.45,1,262241,261797,444
23933721,29.0815,28.8752,444,47885,0.663887,0.45,1,262271,261827,444
23936641,18.6163,18.575,444,47929,0.636777,0.49,1,262287,261843,444
23939561,24.5233,22.915,446,47973,0.695355,0.51,1,262313,261867,446
23942481,31.3047,30.183,447,48017,0.691071,0.51,1,262346,261899,447
23945401,19.0609,18.8366,447,48061,0.658214,0.51,1,262362,261915,447
23948321,5.41219,5.36732,447,48105,0.651643,0.51,1,262364,261917,447
23951241,13.8824,13.8735,447,48149,0.650329,0.51,1,262380,261933,447
23954161,18.7765,17.1747,449,48193,0.698066,0.57,1,262400,261951,449
23957081,33.3553,32.2349,450,48237,0.691613,0.61,1,262437,261987,450
23960001,34.6711,33.647,451,48281,0.706323,0.59,1,262472,262021,451
23962921,46.9342,46.7294,451,48325,0.741265,0.61,1,262522,262071,451
23965841,42.9868,43.7459,450,48369,0.748253,0.61,1,262564,262114,450
23968761,31.7974,31.9492,450,48413,0.733651,0.63,1,262593,262143,450
23971681,43.9595,43.1898,451,48457,0.76273,0.59,2,262640,262189,451
23974601,31.1919,31.038,451,48500,0.752546,0.65,2,262668,262217,451
23977521,26.2384,25.4076,452,48543,0.798509,0.67,2,262693,262241,452
23980441,30.0477,29.0815,453,48586,0.823702,0.63,2,262724,262271,453
23983361,18.8095,18.6163,453,48629,0.82874,0.71,2,262740,262287,453
23986281,26.1619,24.5233,455,48672,0.845748,0.69,2,262768,262313,455
23989201,30.8324,31.3047,454,48715,0.83315,0.65,2,262800,262346,454
23992121,18.9665,19.0609,454,48758,0.83063,0.65,2,262816,262362,454
23995041,5.3933,5.41219,454,48801,0.830126,0.65,2,262818,262364,454
23997961,13.8787,13.8824,454,48844,0.862025,0.65,2,262834,262380,454
24000881,20.3757,2.77649,476,48887,0.868405,0.71,2,262856,262380,476
24003801,32.8751,16.5553,492,48930,0.901681,0.69,2,262892,262400,492
24006721,33.775,32.9111,489,48973,0.924336,0.71,2,262926,262437,489
24009641,48.355,34.5822,506,49016,0.944867,0.75,2,262978,262472,506
24247621,522,577,468,23360,0.19,0.81,1,265343,264875,468
24250541,151.6,157.8,474,24178,0.19,0.69,1,265402,264928,474
24253461,85.52,71.56,493,24266,0.142,0.45,1,265471,264978,493
24256381,66.704,79.112,474,24353,0.2124,0.41,1,265533,265059,474
24259301,70.1408,59.8224,490,24440,0.22648,0.29,1,265604,265114,490
24262221,50.8282,75.9645,456,24527,0.277296,0.25,1,265650,265194,456
24265141,64.5656,55.9929,473,24613,0.271459,0.19,1,265718,265245,473
24268061,28.9131,45.5986,450,24699,0.302292,0.21,1,265738,265288,450
24270981,32.1826,34.7197,451,24785,0.340458,0.19,1,265771,265320,451
24273901,54.4365,72.5439,429,24871,0.412092,0.13,1,265831,265402,429
24276821,66.0873,69.7088,429,24956,0.426418,0.23,1,265900,265471,429
24279741,66.0175,63.5418,433,25041,0.477284,0.23,1,265966,265533,433
24282661,71.6035,69.5084,435,25126,0.471457,0.29,1,266039,265604,435
24285581,51.9207,50.7017,436,25210,0.470291,0.27,1,266086,265650,436
24288501,65.5841,64.5403,437,25294,0.454058,0.31,1,266155,265718,437
24291421,30.7168,28.9081,439,25378,0.498812,0.35,1,266177,265738,439
24294341,32.5434,32.1816,439,25461,0.555762,0.35,1,266210,265771,439
24297261,55.3087,6.43632,500,25544,0.599152,0.43,1,266271,265771,500
24300181,67.8617,49.2873,511,25627,0.62383,0.43,1,266342,265831,511
24303101,68.7723,65.0575,511,25710,0.612766,0.49,1,266411,265900,511
24306021,71.3545,65.8115,517,25792,0.626553,0.47,1,266483,265966,517
24308941,51.8709,71.5623,491,25874,0.629311,0.47,1,266530,266039,491
24311861,64.7742,51.9125,512,25956,0.661862,0.45,1,266598,266086,512
24314781,32.9548,65.5825,468,26038,0.684372,0.51,1,266623,266155,468
24317701,35.391,30.7165,482,26119,0.720874,0.57,1,266659,266177,482
24320621,57.4782,32.5433,512,26200,0.776175,0.61,2,266722,266210,512
24323541,69.0956,55.3087,523,26281,0.819235,0.63,2,266794,266271,523
24326461,68.2191,67.8617,520,26362,0.827847,0.61,2,266862,266342,520
24329381,72.0438,68.7723,524,26442,0.861569,0.63,2,266935,266411,524
24332301,52.0088,71.3545,499,26522,0.900314,0.63,2,266982,266483,499
24335221,66.4018,51.8709,522,26602,0.924063,0.67,2,267052,266530,522
24338141,34.0804,64.7742,480,26682,0.928813,0.69,2,267078,266598,480
24341061,38.0161,32.9548,494,26761,0.945762,0.73,2,267117,266623,494
24457861,53,61,519,29761,0.71,1,1,269199,268680,519
24460781,78.6,51.4,555,29832,0.422,1,1,269284,268729,555
24463701,42.92,86.28,494,29903,0.3004,1,1,269318,268824,494
24466621,38.184,44.456,497,29974,0.16408,1,1,269355,268858,497
24469541,59.6368,71.2912,484,30045,0.040816,1,1,269420,268936,484
24472461,37.5274,39.0582,485,30115,0.0641632,0.86,1,269452,268967,485
24475381,37.1055,46.2116,474,30185,0.0528326,0.97,1,269489,269015,474
24478301,37.0211,43.6423,468,30255,0.0505665,0.82,1,269526,269058,468
24481221,36.2042,41.5285,463,30325,0.0101133,0.73,1,269562,269099,463
24484141,39.2408,45.9057,456,30395,0.0100227,0.71,1,269602,269146,456
24487061,48.6482,51.5811,454,30465,0.00200453,0.35,1,269653,269199,454
24489981,64.9296,78.3162,438,30534,0.0244009,0.27,1,269722,269284,438
24492901,38.5859,42.8632,436,30603,0.0448802,0.13,1,269754,269318,436
24495821,26.9172,38.1726,423,30672,0.064976,0.01,1,269778,269355,423
24498741,57.3834,59.6345,423,30741,0.0529952,0.07,1,269843,269420,423
24501661,37.8767,37.5269,424,30810,0.066599,0.05,1,269876,269452,424
24504581,35.5753,37.1054,422,30879,0.0533198,0.05,1,269911,269489,422
24507501,37.5151,37.0211,423,30948,0.066664,0,1,269949,269526,423
24510421,35.503,36.2042,422,31016,0.0133328,0.01,1,269984,269562,422
24513341,39.1006,39.2408,422,31084,0.0106666,0,1,270024,269602,422
24516261,49.4201,48.6482,423,31152,0.00213331,0.03,1,270076,269653,423
24519181,64.284,64.9296,422,31220,0.0244267,0.05,1,270144,269722,422
24522101,40.0568,38.5859,424,31288,0.0128853,0.05,1,270178,269754,424
24525021,25.6114,7.71718,446,31356,0.0265771,0.07,1,270200,269754,446
24527941,56.3223,20.7434,486,31423,0.0933154,0.05,1,270264,269778,486
24530861,40.0645,56.1487,457,31490,0.0586631,0.07,1,270300,269843,457
24533781,33.6129,37.6297,456,31557,0.0517326,0.05,1,270332,269876,456
24536701,37.9226,35.5259,460,31624,0.0183465,0.07,1,270371,269911,460
24539621,34.7845,37.5052,456,31691,0.0036693,0,1,270405,269949,456
24542541,39.7569,35.501,462,31758,0.0567339,0.01,1,270446,269984,462
24545461,49.5514,39.1002,474,31825,0.0353468,0,1,270498,270024,474
24548381,65.1103,49.42,491,31891,0.0790694,0.03,1,270567,270076,491
24551301,38.6221,64.284,455,31957,0.119814,0.01,1,270599,270144,455
24554221,27.7244,40.0568,446,32023,0.111963,0.03,1,270624,270178,446
24557141,58.3449,25.6114,490,32089,0.174393,0.11,1,270690,270200,490
24560061,39.669,56.3223,461,32155,0.186879,0.05,1,270725,270264,461
24562981,31.9338,40.0645,455,32221,0.189376,0.05,1,270755,270300,455
24565901,36.7868,33.6129,461,32287,0.205875,0.01,1,270793,270332,461
24568821,33.7574,37.9226,455,32353,0.129175,0,1,270826,270371,455
24571741,40.3515,34.7845,463,32418,0.049835,0.07,1,270868,270405,463
24574661,49.6703,39.7569,474,32483,0.033967,0.03,1,270920,270446,474
24577581,67.5341,49.5514,494,32548,0.0627934,0.09,1,270992,270498,494
24580501,40.7068,65.1103,459,32613,0.0845587,0.13,1,271026,270567,459
24583421,27.3414,38.6221,451,32678,0.104912,0.11,1,271050,270599,451
24586341,61.4683,27.7244,496,32743,0.0929824,0.19,1,271120,270624,496
24589261,13.8937,58.3449,432,32808,0.0905965,0.19,1,271122,270690,432
24592181,29.9787,39.669,431,32872,0.154119,0.19,1,271156,270725,431
24595101,29.9957,31.9338,431,32936,0.166824,0.21,1,271186,270755,431
24598021,35.5991,36.7868,430,33000,0.201365,0.11,1,271223,270793,430
24600941,30.3198,33.7574,426,33064,0.240273,0.03,1,271252,270826,426
24603861,37.264,40.3515,423,33128,0.264055,0.03,1,271291,270868,423
24606781,49.0528,49.6703,423,33192,0.300811,0.07,1,271343,270920,423
24609701,69.0106,67.5341,425,33256,0.260162,0.09,1,271417,270992,425
24612621,42.6021,40.7068,427,33320,0.284032,0.11,1,271453,271026,427
24615541,27.7204,27.3414,427,33383,0.256806,0.09,1,271477,271050,427
24618461,60.7441,61.4683,426,33446,0.283361,0.09,1,271546,271120,426
24621381,13.7488,13.8937,426,33509,0.288672,0.17,1,271548,271122,426
24624301,31.5498,29.9787,428,33572,0.273734,0.17,1,271584,271156,428
24627221,30.31,29.9957,428,33635,0.318747,0.21,1,271614,271186,428
24630141,38.062,35.5991,431,33698,0.295749,0.25,1,271654,271223,431
24633061,33.2124,30.3198,434,33761,0.33915,0.27,1,271686,271252,434
24635981,38.6425,37.264,435,33824,0.34783,0.31,1,271726,271291,435
24638901,48.5285,49.0528,434,33887,0.365566,0.25,1,271777,271343,434
24641821,68.9057,69.0106,434,33949,0.417113,0.29,1,271851,271417,434
24644741,42.5811,42.6021,434,34011,0.411423,0.25,1,271887,271453,434
24647661,27.7162,27.7204,434,34073,0.442284,0.29,1,271911,271477,434
24650581,60.7432,60.7441,434,34135,0.432457,0.29,1,271980,271546,434
24653501,13.7486,13.7488,434,34197,0.430491,0.27,1,271982,271548,434
24656421,31.5497,31.5498,434,34259,0.462098,0.27,1,272018,271584,434
24659341,31.1099,6.30995,465,34321,0.48442,0.33,1,272049,271584,465
24662261,38.222,25.262,475,34383,0.520884,0.29,1,272089,271614,475
24665181,34.0444,37.0524,468,34444,0.528177,0.35,1,272122,271654,468
24668101,40.4089,33.0105,478,34505,0.545635,0.35,1,272164,271686,478
24671021,49.6818,38.6021,490,34566,0.549127,0.37,1,272216,271726,490
24673941,69.9364,48.5204,514,34627,0.565825,0.43,1,272291,271777,514
24676861,43.5873,68.9041,477,34688,0.585165,0.41,1,272328,271851,477
24679781,27.9175,42.5808,465,34749,0.589033,0.45,1,272352,271887,465
24682701,61.5835,27.7162,511,34810,0.589807,0.43,1,272422,271911,511
24685621,13.9167,60.7432,444,34871,0.589961,0.43,1,272424,271980,444
24688541,33.1833,13.7486,480,34932,0.605992,0.47,1,272462,271982,480
24691461,32.2367,31.5497,476,34993,0.641198,0.49,1,272494,272018,476
24694381,40.0473,31.1099,487,35053,0.71224,0.53,1,272536,272049,487
24697301,35.2095,38.222,481,35113,0.726448,0.53,1,272570,272089,481
24700221,40.6419,34.0444,490,35173,0.72929,0.55,1,272612,272122,490
24703141,50.5284,40.4089,501,35233,0.777858,0.55,2,272665,272164,501
24706061,70.1057,49.6818,524,35293,0.787572,0.57,2,272740,272216,524
24708981,44.4211,69.9364,487,35353,0.789514,0.59,2,272778,272291,487
24711901,28.0842,43.5873,474,35413,0.805903,0.59,2,272802,272328,474
24714821,61.6168,27.9175,520,35473,0.825181,0.59,2,272872,272352,520
24717741,13.9234,61.5835,452,35533,0.829036,0.59,2,272874,272422,452
24720661,35.5847,13.9167,491,35592,0.829807,0.61,2,272915,272424,491
24723581,32.7169,33.1833,485,35651,0.829961,0.65,2,272947,272462,485
24726501,8.14339,32.2367,455,35710,0.829992,0.73,2,272949,272494,455
24729421,37.6287,40.0473,458,35769,0.845998,0.73,2,272994,272536,458
24732341,34.7257,35.2095,458,35828,0.8332,0.73,2,273028,272570,458
24735261,40.5451,40.6419,458,35887,0.91064,0.79,2,273070,272612,458
24881261,34,68,478,38723,0.87,1,2,275022,274544,478
24884181,70,70.4,486,38778,0.822,1,2,275101,274615,486
24887101,51.6,51.68,486,38832,0.8764,1,2,275148,274662,486
24890021,37.52,32.736,492,38886,0.88728,1,2,275182,274690,492
24892941,50.704,56.1472,484,38940,0.857456,1,2,275236,274752,484
24904621,26,25,476,39156,0.95,0.92,2,275335,274859,476
24907541,30,31.4,474,39210,0.918,1,2,275366,274892,474
24910461,20.4,26.28,467,39264,0.8636,0.91,2,275384,274917,467
24913381,39.28,36.456,472,39318,0.88472,0.94,2,275428,274956,472
24916301,30.256,32.8912,468,39372,0.872944,0.87,2,275456,274988,468
24919221,30.0512,33.7782,464,39426,0.854589,0.81,2,275486,275022,464
24922141,72.4102,69.9556,468,39480,0.850918,0.89,2,275569,275101,468
24925061,49.682,51.5911,465,39533,0.754184,0.89,2,275613,275148,465
24927981,37.9364,37.5182,466,39586,0.702837,0.85,1,275648,275182,466
24930901,50.7873,50.7036,466,39639,0.676567,0.95,1,275702,275236,466
24933821,34.9575,36.5407,464,39692,0.687313,0.89,1,275733,275269,464
24936741,23.7915,22.5081,466,39745,0.673463,0.93,1,275754,275288,466
24939661,22.3583,21.3016,467,39798,0.670693,0.95,1,275776,275309,467
24942581,21.2717,25.0603,462,39851,0.686139,0.91,1,275797,275335,462
24945501,30.6543,29.8121,464,39904,0.641228,0.85,1,275830,275366,464
24948421,20.5309,20.3624,464,39957,0.632246,0.89,1,275848,275384,464
24951341,38.5062,39.2725,463,40010,0.582449,0.87,1,275891,275428,463
24954261,30.1012,30.2545,463,40063,0.60449,0.87,1,275919,275456,463
24957181,28.4202,6.0509,491,40116,0.560898,0.85,1,275947,275456,491
24960101,72.0841,25.2102,544,40169,0.56818,0.85,1,276030,275486,544
24963021,44.8168,71.442,499,40222,0.585636,0.73,1,276068,275569,499
24965941,37.7634,49.4884,491,40274,0.589127,0.69,1,276104,275613,491
24968861,49.1527,37.8977,508,40326,0.605825,0.67,1,276156,275648,508
24971781,35.4305,50.7795,486,40378,0.641165,0.69,1,276188,275702,486
24974701,23.0861,34.9559,475,40430,0.664233,0.67,1,276208,275733,475
24977621,20.6172,23.7912,474,40482,0.668847,0.67,1,276228,275754,474
24980541,20.1234,22.3582,472,40534,0.669769,0.69,1,276248,275776,472
24983461,29.6247,21.2716,483,40586,0.701954,0.63,1,276280,275797,483
24986381,20.3249,30.6543,468,40638,0.708391,0.63,1,276298,275830,468
24989301,37.665,20.5309,492,40690,0.709678,0.57,1,276340,275848,492
24992221,29.133,38.5062,476,40742,0.693936,0.61,1,276367,275891,476
24995141,28.2266,30.1012,476,40794,0.722787,0.55,1,276395,275919,476
24998061,72.8453,28.4202,532,40846,0.728557,0.57,1,276479,275947,532
25000981,45.7691,72.0841,488,40898,0.761711,0.59,2,276518,276030,488
25003901,37.9538,44.8168,486,40950,0.800342,0.59,2,276554,276068,486
25006821,50.7908,37.7634,504,41002,0.840068,0.61,2,276608,276104,504
25009741,36.5582,49.1527,485,41053,0.864014,0.65,2,276641,276156,485
25012661,24.1116,35.4305,474,41104,0.916803,0.67,2,276662,276188,474
25015581,20.8223,23.0861,474,41155,0.927361,0.67,2,276682,276208,474
25018501,20.1645,20.6172,474,41206,0.929472,0.67,2,276702,276228,474
25021421,31.2329,20.1234,488,41257,0.929894,0.71,2,276736,276248,488
25024341,20.6466,29.6247,474,41308,0.929979,0.71,2,276754,276280,474
25208301,33,25,510,44414,0.81,1,2,278937,278427,510
25211221,32.2,31.4,509,44461,0.794,1,2,278969,278460,509
25214141,22.44,32.68,496,44508,0.8068,0.99,2,278989,278493,496
25217061,25.288,41.736,478,44555,0.74536,0.96,1,279015,278537,478
25219981,37.0576,31.5472,489,44602,0.669072,1,1,279055,278566,489
25222901,32.2115,31.9094,488,44649,0.621814,1,1,279086,278598,488
25225821,27.2423,29.5819,485,44696,0.628363,1,1,279112,278627,485
25228741,21.4485,28.3164,477,44743,0.677673,1,1,279132,278655,477
25231661,34.6897,28.8633,486,44790,0.591535,1,1,279170,278684,486
25234581,34.1379,34.5727,484,44837,0.510307,1,1,279204,278720,484
25237501,25.2276,30.9145,477,44884,0.622061,1,1,279227,278750,477
25240421,23.4455,22.9829,479,44931,0.580412,0.99,1,279250,278771,479
25243341,39.8891,44.5966,473,44978,0.620082,0.93,1,279294,278821,473
25246261,51.9778,56.1193,469,45025,0.628017,0.87,1,279349,278880,469
25249181,27.1956,30.4239,466,45072,0.645603,0.81,1,279370,278904,466
25252101,30.2391,32.4848,464,45119,0.601121,0.79,1,279401,278937,464
25255021,30.0478,32.097,462,45166,0.624224,0.81,1,279431,278969,462
25257941,18.8096,22.4194,458,45213,0.628845,0.73,1,279447,278989,458
25260861,23.7619,25.2839,457,45260,0.645769,0.65,1,279472,279015,457
25263781,33.5524,37.0568,453,45307,0.649154,0.61,1,279508,279055,453
25266701,27.5105,32.2114,448,45354,0.665831,0.63,1,279534,279086,448
25269621,24.7021,27.2423,446,45400,0.605166,0.69,1,279558,279112,446
25272541,26.5404,21.4485,453,45446,0.689033,0.57,1,279585,279132,453
25275461,30.9081,34.6897,447,45492,0.705807,0.49,1,279617,279170,447
25278381,33.3816,34.1379,447,45538,0.709161,0.65,1,279651,279204,447
25281301,29.0763,25.2276,452,45584,0.677832,0.57,1,279679,279227,452
25284221,24.2153,23.4455,452,45630,0.719567,0.63,1,279702,279250,452
25287141,41.6431,39.8891,454,45676,0.711913,0.63,1,279748,279294,454
25290061,49.9286,51.9778,451,45722,0.742383,0.65,1,279800,279349,451
25292981,27.5857,27.1956,452,45768,0.748477,0.59,1,279822,279370,452
25295901,29.5171,30.2391,451,45814,0.717695,0.63,1,279852,279401,451
25298821,31.5034,30.0478,453,45860,0.759539,0.63,2,279884,279431,453
25301741,17.5007,18.8096,451,45906,0.767908,0.63,2,279898,279447,451
25304661,23.5001,3.76191,476,45952,0.721582,0.65,1,279923,279447,476
25307581,33.5,20.7524,487,45998,0.728316,0.65,1,279959,279472,487
25310501,26.7,32.9505,476,46044,0.745663,0.67,1,279984,279508,476
25313421,27.74,27.3901,478,46090,0.717133,0.59,1,280012,279534,478
25316341,27.148,24.678,481,46136,0.695427,0.71,1,280039,279558,481
25319261,31.0296,26.5356,486,46182,0.723085,0.71,1,280071,279585,486
25322181,33.4059,30.9071,488,46228,0.776617,0.71,2,280105,279617,488
25325101,30.6812,33.3814,484,46274,0.803323,0.67,2,280135,279651,484
25328021,23.7362,29.0763,478,46320,0.776665,0.73,2,280157,279679,478
25330941,42.3472,24.2153,502,46366,0.803333,0.71,2,280204,279702,502
25333861,50.0695,41.6431,508,46411,0.840667,0.75,2,280256,279748,508
25336781,27.6139,49.9286,478,46456,0.848133,0.75,2,280278,279800,478
25339701,30.3228,27.5857,487,46501,0.865627,0.71,2,280309,279822,487
25342621,31.6646,29.5171,489,46546,0.869125,0.77,2,280341,279852,489
25345541,17.5329,31.5034,471,46591,0.869825,0.77,2,280355,279884,471
25348461,22.7066,17.5007,481,46636,0.869965,0.71,2,280379,279898,481
25351381,34.1413,23.5001,493,46681,0.885993,0.73,2,280416,279923,493
25354301,27.6283,33.5,483,46726,0.921199,0.75,2,280442,279959,483
25544101,33,12,526,49575,0.79,1,2,282434,281908,526
25547021,25,20.8,526,49617,0.79,1,2,282457,281931,526
25549941,19.4,28.96,513,49659,0.758,1,2,282475,281962,513
25552861,19.08,33.792,497,49701,0.6716,1,1,282494,281997,497
25555781,21.416,26.7584,494,49743,0.62232,1,1,282516,282022,494
25558701,33.0832,18.1517,514,49785,0.564464,1,1,282552,282038,514
25561621,35.4166,29.2303,518,49827,0.504893,1,1,282588,282070,518
25564541,43.8833,36.2461,526,49869,0.316979,1,1,282634,282108,526
25567461,39.1767,52.0492,508,49911,0.263396,1,1,282672,282164,508
25570381,40.6353,38.4098,514,49953,0.204679,0.91,1,282713,282199,514
25573301,32.1271,34.882,510,49995,0.160936,0.93,1,282743,282233,510
25576221,31.2254,32.5764,509,50037,0.0721872,1,1,282774,282265,509
25579141,27.8451,26.5153,511,50079,0.102437,1,1,282801,282290,511
25582061,19.969,32.5031,495,50121,0.140487,0.94,1,282819,282324,495
25584981,21.5938,24.1006,495,50163,0.132097,0.9,1,282841,282346,495
25587901,21.9188,28.8201,487,50205,0.0984195,0.91,1,282863,282376,487
25590821,27.5838,25.764,491,50247,0.139684,0.79,1,282892,282401,491
25593741,23.1168,31.5528,480,50289,0.0839368,0.79,1,282914,282434,480
25596661,6.22335,24.7106,459,50331,0.0727874,0.75,1,282916,282457,459
25599581,13.2447,19.3421,456,50373,0.0865575,0.65,1,282931,282475,456
25602501,14.6489,19.0684,452,50415,0.105311,0.61,1,282946,282494,452
25605421,21.3298,21.4137,453,50457,0.109062,0.55,1,282969,282516,453
25608341,29.066,33.0827,448,50499,0.141812,0.49,1,283000,282552,448
25611261,29.8132,35.4165,442,50541,0.132362,0.27,1,283030,282588,442
25614181,36.3626,43.8833,434,50583,0.178473,0.25,1,283068,282634,434
25617101,37.6725,39.1767,434,50625,0.251695,0.19,1,283106,282672,434
25620021,37.9345,40.6353,431,50667,0.282339,0.15,1,283144,282713,431
25622941,29.9869,32.1271,429,50709,0.256468,0.05,1,283172,282743,429
25625861,27.5974,31.2254,425,50751,0.267294,0.11,1,283199,282774,425
25628781,27.9195,27.8451,426,50793,0.285459,0.15,1,283227,282801,426
25631701,20.7839,19.969,427,50834,0.385092,0.13,1,283246,282819,427
25634621,22.5568,21.5938,428,50875,0.373018,0.09,1,283269,282841,428
25637541,20.5114,21.9188,426,50916,0.370604,0.15,1,283289,282863,426
25640461,28.1023,27.5838,427,50957,0.370121,0.07,1,283319,282892,427
25643381,21.6205,23.1168,425,50998,0.370024,0.07,1,283339,282914,425
25646301,5.92409,6.22335,425,51039,0.370005,0.09,1,283341,282916,425
25649221,13.9848,13.2447,426,51080,0.402001,0.11,1,283357,282931,426
25652141,16.397,14.6489,428,51121,0.4244,0.11,1,283374,282946,428
25655061,19.2794,21.3298,425,51162,0.42888,0.15,1,283394,282969,425
25657981,32.6559,29.066,430,51203,0.429776,0.13,1,283430,283000,430
25660901,28.9312,29.8132,428,51244,0.397955,0.19,1,283458,283030,428
25663821,37.7862,36.3626,430,51285,0.439591,0.27,1,283498,283068,430
25666741,40.3572,37.6725,433,51326,0.415918,0.29,1,283539,283106,433
25669661,39.2714,37.9345,434,51367,0.475184,0.25,1,283578,283144,434
25672581,31.8543,29.9869,436,51408,0.455037,0.27,1,283608,283172,436
25675501,27.1709,27.5974,435,51449,0.499007,0.29,1,283634,283199,435
25678421,30.2342,27.9195,438,51490,0.491801,0.41,1,283665,283227,438
25681341,22.8468,20.7839,440,51531,0.47436,0.37,1,283686,283246,440
25684261,22.9694,22.5568,440,51572,0.422872,0.37,1,283709,283269,440
25687181,20.5939,20.5114,440,51613,0.460574,0.37,1,283729,283289,440
25690101,28.1188,28.1023,440,51654,0.468115,0.37,1,283759,283319,440
25693021,21.6238,21.6205,440,51695,0.485623,0.37,1,283779,283339,440
25695941,5.92475,5.92409,440,51736,0.489125,0.41,1,283781,283341,440
25698861,13.985,13.9848,440,51777,0.489825,0.41,1,283797,283357,440
25701781,17.997,2.79696,459,51818,0.441965,0.43,1,283816,283357,459
25704701,19.5994,14.1594,462,51859,0.448393,0.43,1,283836,283374,462
25707621,31.1199,18.8319,476,51900,0.449679,0.43,1,283870,283394,476
25710541,29.424,32.5664,469,51941,0.465936,0.39,1,283899,283430,469
25713461,37.8848,28.9133,481,51982,0.485187,0.45,1,283939,283458,481
25716381,40.377,37.7827,482,52023,0.505037,0.41,1,283980,283498,482
25719301,40.8754,40.3565,482,52063,0.509007,0.49,1,284021,283539,482
25722221,32.1751,39.2713,473,52103,0.525801,0.45,1,284051,283578,473
25725141,28.035,31.8543,470,52143,0.52916,0.51,1,284078,283608,470
25728061,29.607,27.1709,474,52183,0.529832,0.49,1,284108,283634,474
25730981,21.9214,30.2342,463,52223,0.529966,0.47,1,284128,283665,463
25733901,22.7843,22.8468,465,52263,0.545993,0.41,1,284151,283686,465
25736821,20.5569,22.9694,462,52303,0.549199,0.47,1,284171,283709,462
25739741,28.9114,20.5939,473,52343,0.61384,0.47,1,284202,283729,473
25742661,21.7823,28.1188,463,52383,0.642768,0.49,1,284222,283759,463
25745581,5.95645,21.6238,445,52423,0.648554,0.49,1,284224,283779,445
25748501,13.9913,5.92475,459,52463,0.649711,0.49,1,284240,283781,459
25751421,17.9983,13.985,462,52503,0.665942,0.43,1,284259,283797,462
25754341,19.5997,17.997,463,52543,0.637188,0.45,1,284279,283816,463
25757261,31.1199,19.5994,477,52583,0.663438,0.45,1,284313,283836,477
25760181,30.224,31.1199,473,52623,0.668688,0.47,1,284343,283870,473
25763101,39.6448,29.424,486,52663,0.717737,0.49,1,284385,283899,486
25766021,41.529,37.8848,488,52703,0.727548,0.51,1,284427,283939,488
25768941,40.3058,40.377,487,52743,0.74551,0.51,1,284467,283980,487
25771861,33.6612,40.8754,478,52783,0.749102,0.53,1,284499,284021,478
25774781,27.5322,32.1751,474,52823,0.76582,0.53,2,284525,284051,474
25777701,29.5064,28.035,477,52863,0.769164,0.53,2,284555,284078,477
25780621,21.9013,29.607,467,52903,0.769833,0.53,2,284575,284108,467
25783541,22.7803,21.9214,470,52943,0.785967,0.55,2,284598,284128,470
25786461,22.1561,22.7843,469,52983,0.789193,0.55,2,284620,284151,469
25789381,32.4312,20.5569,484,53023,0.805839,0.63,2,284655,284171,484
25792301,22.4862,28.9114,473,53063,0.825168,0.65,2,284675,284202,473
25795221,6.09725,21.7823,455,53103,0.829034,0.65,2,284677,284222,455
25798141,14.0194,5.95645,469,53143,0.829807,0.65,2,284693,284224,469
25801061,17.2039,13.9913,471,53183,0.845961,0.67,2,284711,284240,471
25803981,20.2408,17.9983,473,53223,0.833192,0.63,2,284732,284259,473
25806901,5.64816,19.5997,455,53263,0.830638,0.67,2,284734,284279,455
25809821,28.3296,31.1199,455,53303,0.910128,0.67,2,284768,284313,455
25812741,29.6659,30.224,455,53342,0.910026,0.73,2,284798,284343,455
25815661,41.9332,39.6448,458,53381,0.926005,0.73,2,284843,284385,458
25818581,41.9866,41.529,458,53420,0.913201,0.75,2,284885,284427,458
26066781,25,7,550,56667,0.79,1,2,287169,286619,550
26069701,13,29.4,525,56704,0.742,1,1,287179,286654,525
26072621,7.4,35.48,494,56741,0.7004,1,1,287185,286691,494
26075541,24.68,24.696,501,56778,0.69208,1,1,287214,286713,501
26078461,35.336,16.9392,524,56815,0.578416,1,1,287252,286728,524
26081381,25.4672,19.3878,527,56852,0.571683,1,1,287275,286748,527
26084301,21.0934,34.2776,509,56889,0.570337,1,1,287295,286786,509
26087221,20.2187,30.0555,500,56926,0.538067,1,1,287315,286815,500
26090141,35.2437,26.8111,513,56963,0.355613,1,1,287354,286841,513
26093061,31.0487,38.1622,502,57000,0.351123,1,1,287384,286882,502
26095981,23.0098,35.6324,488,57037,0.350225,0.97,1,287405,286917,488
26098901,34.202,30.3265,496,57074,0.270045,1,1,287442,286946,496
26101821,30.8404,35.6653,489,57111,0.190009,1,1,287472,286983,489
26104741,22.9681,34.3331,476,57148,0.270002,0.89,1,287493,287017,476
26107661,22.1936,26.8666,473,57185,0.27,0.9,1,287515,287042,473
26110581,22.0387,23.7733,472,57222,0.286,0.99,1,287537,287065,472
26113501,11.6077,15.1547,468,57259,0.2732,0.83,1,287546,287078,468
26116421,21.5215,29.4309,459,57296,0.33464,0.85,1,287570,287111,459
26119341,30.7043,32.2862,459,57333,0.266928,0.79,1,287603,287144,459
26122261,25.3409,26.4572,458,57370,0.301386,0.73,1,287627,287169,458
26125181,13.0682,13.2914,458,57407,0.276277,0.69,1,287637,287179,458
26128101,6.61363,7.45829,457,57444,0.287255,0.69,1,287642,287185,457
26131021,22.1227,24.6917,454,57481,0.225451,0.55,1,287668,287214,454
26133941,31.6245,35.3383,450,57518,0.24509,0.57,1,287702,287252,450
26136861,25.5249,25.4677,451,57555,0.297018,0.57,1,287726,287275,451
26139781,18.705,21.0935,448,57592,0.291404,0.53,1,287743,287295,448
26142701,13.341,20.2187,440,57629,0.322281,0.53,1,287755,287315,440
26145621,29.8682,4.04374,474,57665,0.264456,0.31,1,287789,287315,474
26148541,31.5736,32.0087,467,57701,0.268891,0.35,1,287821,287354,467
26151461,22.3147,30.4017,457,57737,0.269778,0.35,1,287841,287384,457
26154381,32.4629,22.8804,471,57773,0.317956,0.25,1,287876,287405,471
26157301,28.0926,34.1761,461,57809,0.359591,0.17,1,287903,287442,461
26160221,24.0185,30.8352,454,57845,0.367918,0.29,1,287926,287472,454
26163141,24.0037,22.967,457,57881,0.337584,0.27,1,287950,287493,457
26166061,20.8007,22.1934,455,57917,0.331517,0.29,1,287970,287515,455
26168981,12.1601,22.0387,443,57953,0.346303,0.27,1,287980,287537,443
26171901,23.232,11.6077,460,57989,0.349261,0.35,1,288006,287546,460
26174821,27.0464,21.5215,464,58025,0.349852,0.25,1,288034,287570,464
26177741,27.0093,30.7043,458,58061,0.33397,0.31,1,288061,287603,458
26180661,13.4019,25.3409,444,58097,0.330794,0.27,1,288071,287627,444
26183581,5.88037,13.0682,438,58133,0.330159,0.29,1,288075,287637,438
26186501,20.3761,6.61363,457,58169,0.330032,0.21,1,288099,287642,457
26189421,35.2752,22.1227,470,58205,0.362006,0.25,1,288138,287668,470
26192341,26.255,31.6245,460,58241,0.352401,0.31,1,288162,287702,460
26195261,18.051,25.5249,452,58277,0.35048,0.29,1,288178,287726,452
26198181,13.2102,18.705,447,58313,0.366096,0.33,1,288190,287743,447
26201101,29.842,13.341,469,58349,0.369219,0.25,1,288224,287755,469
26204021,32.3684,29.8682,468,58385,0.369844,0.27,1,288257,287789,468
26206941,20.8737,31.5736,454,58421,0.385969,0.27,1,288275,287821,454
26209861,34.5747,22.3147,472,58457,0.453194,0.33,1,288313,287841,472
26212781,29.3149,32.4629,465,58493,0.498639,0.37,1,288341,287876,465
26215701,25.063,28.0926,462,58529,0.507728,0.37,1,288365,287903,462
26218621,22.6126,24.0185,461,58565,0.509546,0.33,1,288387,287926,461
26221541,21.3225,24.0037,458,58601,0.493909,0.33,1,288408,287950,458
26224461,12.2645,20.8007,448,58637,0.490782,0.35,1,288418,287970,448
26227381,23.2529,12.1601,464,58673,0.506156,0.35,1,288444,287980,464
26230301,27.0506,23.232,466,58709,0.541231,0.35,1,288472,288006,466
26233221,26.2101,27.0464,464,58745,0.548246,0.33,1,288498,288034,464
26236141,13.242,27.0093,447,58781,0.549649,0.33,1,288508,288061,447
26239061,5.8484,13.4019,441,58817,0.54993,0.33,1,288512,288071,441
26241981,20.3697,5.88037,461,58853,0.565986,0.33,1,288536,288075,461
26244901,35.2739,20.3761,476,58889,0.585197,0.37,1,288575,288099,476
26247821,27.0548,35.2752,462,58925,0.605039,0.35,1,288600,288138,462
26250741,19.011,26.255,455,58961,0.593008,0.35,1,288617,288162,455
26253661,13.4022,18.051,451,58997,0.590602,0.37,1,288629,288178,451
26256581,30.6804,13.2102,474,59033,0.62212,0.37,1,288664,288190,474
26259501,31.7361,29.842,472,59069,0.644424,0.37,1,288696,288224,472
26262421,7.94722,32.3684,441,59105,0.648885,0.39,1,288698,288257,441
26265341,16.7894,20.8737,442,59141,0.681777,0.47,1,288717,288275,442
26268261,36.1579,34.5747,445,59177,0.672355,0.51,1,288758,288313,445
26271181,31.2316,29.3149,447,59213,0.702471,0.51,1,288788,288341,447
26274101,25.4463,25.063,447,59248,0.708494,0.51,1,288812,288365,447
26277021,22.6893,22.6126,447,59283,0.725699,0.49,1,288834,288387,447
26279941,20.5379,21.3225,446,59318,0.69714,0.49,1,288854,288408,446
26282861,12.9076,12.2645,447,59353,0.723428,0.51,1,288865,288418,447
26285781,24.1815,23.2529,448,59388,0.776686,0.55,2,288892,288444,448
26288701,28.0363,27.0506,449,59423,0.803337,0.55,2,288921,288472,449
26291621,26.4073,26.2101,449,59458,0.808667,0.55,2,288947,288498,449
26294541,13.2815,13.242,449,59493,0.777734,0.55,2,288957,288508,449
26297461,5.85629,5.8484,449,59528,0.771547,0.57,2,288961,288512,449
26300381,21.1713,20.3697,450,59563,0.818309,0.59,2,288986,288536,450
26303301,36.2343,35.2739,451,59598,0.795662,0.61,2,289026,288575,451
26306221,28.0469,27.0548,452,59633,0.807132,0.59,2,289052,288600,452
26309141,18.4094,19.011,451,59668,0.841426,0.59,2,289068,288617,451
26312061,14.0819,13.4022,452,59703,0.848285,0.63,2,289081,288629,452
26314981,31.6164,30.6804,453,59738,0.865657,0.65,2,289117,288664,453
26317901,33.5233,31.7361,455,59773,0.869131,0.65,2,289151,288696,455
26320821,8.30465,7.94722,455,59808,0.869826,0.69,2,289153,288698,455
26323741,16.0609,16.7894,454,59843,0.869965,0.67,2,289171,288717,454
26341261,12,11,458,60053,0.91,0.79,2,289323,288865,458
26615741,88,95,464,29200,0.37,0.83,1,292030,291566,464
26650781,52.8,59,458,29200,0.37,0.79,1,292074,291616,458
26653701,68.16,35,501,30001,0.402,0.77,1,292146,291645,501
26656621,34.432,52.6,470,30072,0.4404,0.69,1,292172,291702,470
26659541,11.6864,26.52,456,30142,0.46408,0.67,1,292178,291722,456
26662461,15.9373,14.904,461,30212,0.452816,0.63,1,292195,291734,461
26665381,36.7875,26.1808,474,30282,0.418563,0.53,1,292237,291763,474
26668301,56.9575,52.4362,477,30352,0.491713,0.41,1,292299,291822,477
26671221,53.7915,62.4872,465,30422,0.522343,0.35,1,292352,291887,465
26674141,47.5583,56.4974,456,30492,0.544469,0.39,1,292398,291942,456
26677061,66.3117,48.0995,481,30561,0.596894,0.39,1,292469,291988,481
26679981,49.2623,62.4199,460,30630,0.655379,0.41,1,292514,292054,460
26682901,69.0525,86.084,442,30699,0.683076,0.45,1,292588,292146,442
26685821,35.4105,38.0168,443,30768,0.720615,0.47,1,292615,292172,443
26688741,11.8821,12.4034,443,30837,0.760123,0.45,2,292621,292178,443
26691661,16.7764,16.0807,444,30906,0.736025,0.41,1,292639,292195,444
26694581,35.3553,36.8161,442,30974,0.763205,0.51,2,292679,292237,442
26697501,60.6711,56.9632,447,31042,0.784641,0.53,2,292746,292299,447
26700421,55.3342,53.7926,448,31110,0.772928,0.55,2,292800,292352,448
26703341,48.6668,47.5585,449,31178,0.850586,0.61,2,292847,292398,449
26706261,69.7334,66.3117,453,31246,0.898117,0.67,2,292922,292469,453
26709181,51.5467,49.2623,455,31314,0.891623,0.67,2,292969,292514,455
26712101,69.5093,9.85247,529,31382,0.922325,0.69,2,293043,292514,529
26715021,37.1019,61.1705,484,31449,0.912465,0.73,2,293072,292588,484
26717941,12.2204,33.8341,463,31516,0.926493,0.77,2,293078,292615,463
26720861,16.8441,11.5668,475,31583,0.929299,0.73,2,293096,292621,475
26869781,36,77,505,34834,0.33,1,1,295452,294947,505
26872701,40.8,39.4,517,34895,0.17,1,1,295494,294977,517
26875621,29.76,36.68,508,34956,0.058,1,1,295521,295013,508
26878541,36.352,25.736,523,35016,0.0196,1,1,295559,295036,523
26881461,36.0704,29.1472,529,35076,0.02792,1,1,295595,295066,529
26884381,31.2141,33.8294,524,35136,0.013584,1,1,295625,295101,524
26887301,26.2428,37.1659,511,35196,0.0427168,1,1,295650,295139,511
26890221,32.4486,36.2332,509,35256,0.0485434,1,1,295684,295175,509
26893141,84.0897,34.4466,572,35316,0.0497087,0.88,1,295781,295209,572
26896061,37.6179,90.0893,494,35376,0.0499417,0.88,1,295807,295313,494
26898981,46.7236,44.4179,510,35436,0.0499883,0.51,1,295856,295346,510
26901901,30.9447,64.8836,467,35496,0.0339977,0.33,1,295883,295416,467
26904821,31.7889,41.7767,463,35556,0.0467995,0.13,1,295915,295452,463
26907741,27.9578,41.9553,448,35615,0.0333599,0.03,1,295942,295494,448
26910661,35.9916,29.9911,459,35674,0.030672,0.01,1,295980,295521,459
26913581,8.79831,36.3982,423,35733,0.0061344,0.03,1,295982,295559,423
26916501,30.5597,36.0796,423,35792,0.0412269,0.01,1,296018,295595,423
26919421,29.3119,31.2159,422,35851,0.0322454,0.05,1,296047,295625,422
26922341,25.8624,26.2432,422,35910,0.0144491,0.05,1,296072,295650,422
26925261,33.9725,32.4486,424,35969,0.0268898,0.05,1,296108,295684,424
26928181,84.3945,84.0897,424,36028,0.061378,0.05,1,296205,295781,424
26931101,37.6789,37.6179,424,36087,0.0362756,0.05,1,296231,295807,424
26934021,46.7358,46.7236,424,36146,0.0792551,0.03,1,296280,295856,424
26936941,31.7472,30.9447,425,36204,0.151851,0.05,1,296308,295883,425
26939861,29.5494,31.7889,422,36262,0.18237,0.03,1,296337,295915,422
26942781,28.3099,27.9578,423,36320,0.140474,0.03,1,296365,295942,423
26945701,35.262,35.9916,422,36378,0.0520948,0,1,296402,295980,422
26948621,8.6524,8.79831,422,36436,0.010419,0.05,1,296404,295982,422
26951541,30.5305,30.5597,422,36494,0.0580838,0.03,1,296440,296018,422
26954461,29.3061,29.3119,422,36552,0.0356168,0.01,1,296469,296047,422
26957381,25.8612,25.8624,422,36610,0.0471234,0.03,1,296494,296072,422
26960301,34.7722,33.9725,423,36668,0.0174247,0.07,1,296531,296108,423
26963221,84.5544,84.3945,423,36726,0.0434849,0.03,1,296628,296205,423
26966141,37.7109,37.6789,423,36784,0.032697,0.09,1,296654,296231,423
26969061,49.9422,46.7358,427,36841,0.0465394,0.17,1,296707,296280,427
26971981,34.7884,31.7472,430,36898,0.0493079,0.19,1,296738,296308,430
26974901,27.7577,29.5494,427,36955,0.0498616,0.13,1,296764,296337,427
26977821,23.9515,28.3099,422,37012,0.0659723,0.03,1,296787,296365,422
26980741,34.3903,35.262,422,37069,0.0851945,0,1,296824,296402,422
26983661,8.47806,8.6524,422,37126,0.0570389,0.07,1,296826,296404,422
26986581,30.4956,30.5305,422,37183,0.0354078,0.07,1,296862,296440,422
26989501,28.4991,6.1061,450,37240,0.0150816,0.03,1,296890,296440,450
26992421,25.6998,24.4212,446,37297,0.0270163,0.05,1,296915,296469,446
26995341,34.74,24.8842,458,37354,0.0294033,0.01,1,296952,296494,458
26998261,84.548,34.5768,518,37411,0.0458807,0.05,1,297049,296531,518
27001181,38.5096,84.5154,448,37467,0.0491761,0.03,1,297076,296628,448
27004101,49.3019,37.7031,474,37523,0.0818352,0.05,1,297128,296654,474
27007021,34.6604,49.9406,452,37579,0.072367,0.05,1,297159,296707,452
27009941,27.7321,34.7881,447,37635,0.102473,0.05,1,297185,296738,447
27012861,26.3464,27.7576,447,37691,0.0924947,0.07,1,297211,296764,447
27015781,32.4693,23.9515,458,37747,0.0584989,0.09,1,297245,296787,458
27018701,8.09386,34.3903,423,37803,0.0836998,0.05,1,297247,296824,423
27021621,30.4188,8.47806,457,37859,0.07274,0.03,1,297283,296826,457
27024541,28.4838,30.4956,449,37915,0.054548,0.01,1,297311,296862,449
27027461,26.4968,28.4991,447,37971,0.0349096,0.03,1,297337,296890,447
27030381,34.0994,25.6998,458,38027,0.0149819,0.03,1,297373,296915,458
27033301,86.8199,34.74,521,38083,0.0429964,0.05,1,297473,296952,521
27036221,38.964,84.548,451,38138,0.0965993,0.05,1,297500,297049,451
27039141,50.1928,38.5096,477,38193,0.0753199,0.09,1,297553,297076,477
27042061,35.6386,49.3019,457,38248,0.071064,0.07,1,297585,297128,457
27044981,27.9277,34.6604,452,38303,0.102213,0.11,1,297611,297159,452
27047901,25.5855,27.7321,451,38358,0.124443,0.09,1,297636,297185,451
27050821,32.3171,26.3464,459,38413,0.144889,0.05,1,297670,297211,459
27053741,8.06342,32.4693,427,38468,0.148978,0.09,1,297672,297245,427
27056661,30.4127,8.09386,461,38523,0.133796,0.07,1,297708,297247,461
27059581,25.2825,30.4188,449,38578,0.146759,0.05,1,297732,297283,449
27062501,6.65651,28.4838,423,38633,0.149352,0.03,1,297734,297311,423
27065421,22.1313,26.4968,423,38688,0.11787,0.01,1,297760,297337,423
27068341,32.4263,34.0994,422,38743,0.0955741,0.05,1,297795,297373,422
27071261,89.6853,86.8199,426,38798,0.0751148,0.11,1,297899,297473,426
27074181,38.7371,38.964,425,38852,0.039023,0.07,1,297925,297500,425
27077101,50.1474,50.1928,425,38906,0.0318046,0.07,1,297978,297553,425
27080021,37.2295,35.6386,427,38960,0.0463609,0.11,1,298012,297585,427
27082941,28.2459,27.9277,427,39014,0.0812722,0.13,1,298038,297611,427
27085861,26.4492,25.5855,428,39068,0.104254,0.15,1,298064,297636,428
27088781,33.2898,32.3171,429,39122,0.124851,0.15,1,298099,297670,429
27091701,8.25797,8.06342,429,39176,0.12897,0.13,1,298101,297672,429
27094621,29.6516,30.4127,428,39230,0.177794,0.15,1,298136,297708,428
27097541,25.9303,25.2825,429,39284,0.219559,0.15,1,298161,297732,429
27100461,6.78606,6.65651,429,39338,0.243912,0.11,1,298163,297734,429
27103381,21.3572,22.1313,428,39392,0.248782,0.09,1,298188,297760,428
27106301,29.0714,32.4263,424,39446,0.297756,0.07,1,298219,297795,424
27109221,88.2143,89.6853,423,39500,0.307551,0.03,1,298322,297899,423
27112141,38.4429,38.7371,423,39553,0.29351,0.03,1,298348,297925,423
27115061,50.0886,50.1474,423,39606,0.290702,0.05,1,298401,297978,423
27117981,38.0177,37.2295,424,39659,0.32214,0.09,1,298436,298012,424
27120901,29.2035,28.2459,425,39712,0.344428,0.11,1,298463,298038,425
27123821,28.2407,26.4492,427,39765,0.380886,0.13,1,298491,298064,427
27126741,34.4481,33.2898,428,39818,0.356177,0.13,1,298527,298099,428
27129661,8.48963,8.25797,428,39871,0.351235,0.19,1,298529,298101,428
27132581,31.2979,29.6516,430,39924,0.366247,0.23,1,298566,298136,430
27135501,27.8596,25.9303,432,39977,0.369249,0.25,1,298593,298161,432
27138421,7.17192,6.78606,432,40030,0.36985,0.25,1,298595,298163,432
27141341,21.4344,21.3572,432,40083,0.41797,0.25,1,298620,298188,432
27144261,30.6869,4.27144,465,40136,0.395594,0.31,1,298653,298188,465
27147181,88.5374,25.6543,537,40189,0.407119,0.31,1,298756,298219,537
27150101,40.1075,87.5309,462,40242,0.441424,0.29,1,298784,298322,462
27153021,49.6215,38.3062,488,40294,0.448285,0.29,1,298836,298348,488
27155941,39.5243,50.0612,472,40346,0.465657,0.33,1,298873,298401,472
27158861,30.3049,38.0122,465,40398,0.485131,0.35,1,298901,298436,465
27161781,26.861,29.2024,464,40450,0.505026,0.39,1,298927,298463,464
27164701,34.1722,28.2405,472,40502,0.509005,0.35,1,298963,298491,472
27167621,8.43444,34.4481,438,40554,0.509801,0.35,1,298965,298527,438
27170541,32.0869,8.48962,474,40606,0.50996,0.37,1,299003,298529,474
27173461,29.6174,31.2979,466,40658,0.509992,0.37,1,299032,298566,466
27176381,7.52348,27.8596,441,40710,0.509998,0.37,1,299034,298593,441
27179301,22.3047,7.17192,465,40762,0.51,0.43,1,299060,298595,465
27182221,30.8609,21.4344,473,40814,0.51,0.39,1,299093,298620,473
27185141,89.3722,30.6869,544,40866,0.542,0.41,1,299197,298653,544
27188061,41.8744,88.5374,471,40918,0.5804,0.45,1,299227,298756,471
27190981,49.9749,40.1075,495,40970,0.62008,0.45,1,299279,298784,495
27193901,40.395,49.6215,481,41022,0.628016,0.47,1,299317,298836,481
27196821,32.079,39.5243,474,41073,0.629603,0.49,1,299347,298873,474
27199741,27.2158,30.3049,472,41124,0.645921,0.51,1,299373,298901,472
27202661,35.8432,26.861,484,41175,0.649184,0.51,1,299411,298927,484
27205581,8.76863,34.1722,450,41226,0.649837,0.51,1,299413,298963,450
27208501,31.3537,8.43444,485,41277,0.665967,0.51,1,299450,298965,485
27211421,28.6707,32.0869,475,41328,0.701193,0.51,1,299478,299003,475
27214341,7.33415,29.6174,448,41379,0.708239,0.51,1,299480,299032,448
27217261,22.2668,7.52348,472,41430,0.725648,0.51,1,299506,299034,472
27220181,31.6534,22.3047,480,41481,0.697129,0.51,1,299540,299060,480
27223101,90.3307,30.8609,552,41532,0.787426,0.55,2,299645,299093,552
27226021,19.6661,89.3722,450,41583,0.805485,0.59,2,299647,299197,450
27228941,28.7332,41.8744,451,41634,0.857097,0.63,2,299678,299227,451
27231861,48.9466,49.9749,453,41685,0.803419,0.63,2,299732,299279,453
27234781,40.9893,40.395,454,41736,0.808684,0.63,2,299771,299317,454
27237701,31.3979,32.079,453,41787,0.825737,0.65,2,299800,299347,453
27240621,27.8796,27.2158,454,41838,0.813147,0.65,2,299827,299373,454
27243541,37.5759,35.8432,456,41888,0.778629,0.65,2,299867,299411,456
27246461,9.11518,8.76863,456,41938,0.771726,0.67,2,299869,299413,456
27249381,32.223,31.3537,457,41988,0.850345,0.71,2,299907,299450,457
27252301,28.8446,28.6707,457,42038,0.882069,0.71,2,299935,299478,457
27255221,7.36892,7.33415,457,42088,0.888414,0.73,2,299937,299480,457
27258141,23.0738,22.2668,458,42138,0.905683,0.69,2,299964,299506,458
27261061,30.2148,31.6534,456,42188,0.925137,0.81,2,299996,299540,456
27430421,104,101,489,44996,0.81,1,2,302014,301525,489
27433341,53.6,41,504,45043,0.634,1,1,302055,301551,504
27436261,35.52,35.4,501,45090,0.5188,1,1,302086,301585,501
27439181,29.504,31.88,498,45137,0.39976,1,1,302114,301616,498
27442101,26.7008,25.576,500,45184,0.311952,1,1,302140,301640,500
27445021,34.1402,24.3152,512,45231,0.26239,1,1,302176,301664,512
27447941,32.428,27.263,516,45278,0.236478,1,1,302208,301692,516
27450861,20.8856,32.6526,500,45325,0.199296,1,1,302226,301726,500
27453781,22.5771,30.5305,493,45372,0.223859,1,1,302249,301756,493
27456701,30.1154,25.3061,501,45418,0.148772,1,1,302281,301780,501
27459621,26.0231,28.2612,497,45464,0.133754,1,1,302306,301809,497
27462541,23.6046,32.0522,487,45510,0.114751,0.86,1,302329,301842,487
27465461,18.3209,29.6104,475,45556,0.15895,0.89,1,302346,301871,475
27468381,24.4642,31.5221,469,45602,0.15179,0.87,1,302372,301903,469
27471301,8.89284,11.9044,467,45648,0.166358,0.81,1,302377,301910,467
27474221,79.3786,85.5809,460,45694,0.105272,0.59,1,302474,302014,460
27477141,44.6757,49.9162,455,45740,0.221054,0.49,1,302510,302055,455
27480061,28.9351,34.7832,449,45786,0.164211,0.37,1,302535,302086,449
27482981,24.987,29.3566,445,45832,0.184842,0.29,1,302559,302114,445
27485901,16.1974,26.6713,433,45878,0.204968,0.25,1,302573,302140,433
27488821,31.2395,34.1343,432,45924,0.176994,0.25,1,302608,302176,432
27491741,28.6479,6.82685,460,45970,0.171399,0.23,1,302636,302176,460
27494661,22.5296,26.9654,449,46016,0.23428,0.19,1,302657,302208,449
27497581,20.5059,19.7931,451,46062,0.230856,0.23,1,302677,302226,451
27500501,28.1012,22.3586,458,46108,0.246171,0.13,1,302707,302249,458
27503421,28.8202,30.0717,455,46154,0.297234,0.13,1,302736,302281,455
27506341,23.364,26.0143,452,46200,0.323447,0.11,1,302758,302306,452
27509261,16.6728,23.6029,444,46246,0.344689,0.17,1,302773,302329,444
27512181,26.5346,18.3206,456,46292,0.300938,0.15,1,302802,302346,456
27515101,8.50691,24.4641,434,46338,0.292188,0.17,1,302806,302372,434
27518021,76.1014,8.89282,522,46384,0.338437,0.09,1,302899,302377,522
27520941,48.8203,79.3786,467,46429,0.331688,0.25,1,302941,302474,467
27523861,25.7641,44.6757,451,46474,0.346337,0.15,1,302961,302510,451
27526781,26.7528,28.9351,453,46519,0.365267,0.19,1,302988,302535,453
27529701,18.1506,24.987,445,46564,0.337053,0.21,1,303004,302559,445
27532621,30.0301,16.1974,464,46609,0.331411,0.17,1,303037,302573,464
27535541,30.806,31.2395,460,46654,0.362282,0.17,1,303068,302608,460
27538461,22.1612,28.6479,452,46699,0.368456,0.25,1,303088,302636,452
27541381,21.2322,22.5296,452,46744,0.401691,0.23,1,303109,302657,452
27544301,29.0464,20.5059,463,46789,0.392338,0.25,1,303140,302677,463
27547221,31.4093,28.1012,465,46834,0.390468,0.31,1,303172,302707,465
27550141,24.6819,28.8202,459,46879,0.374094,0.33,1,303195,302736,459
27553061,16.1364,23.364,451,46924,0.370819,0.35,1,303209,302758,451
27555981,25.6273,16.6728,464,46969,0.386164,0.29,1,303237,302773,464
27558901,8.32545,26.5346,439,47014,0.389233,0.29,1,303241,302802,439
27561821,78.4651,8.50691,531,47059,0.421847,0.35,1,303337,302806,531
27564741,49.293,76.1014,480,47104,0.428369,0.33,1,303379,302899,480
27567661,25.8586,48.8203,458,47149,0.461674,0.35,1,303399,302941,458
27570581,25.9717,25.7641,464,47194,0.484335,0.37,1,303425,302961,464
27573501,17.9943,26.7528,453,47239,0.488867,0.33,1,303441,302988,453
27576421,30.7989,18.1506,471,47284,0.521773,0.33,1,303475,303004,471
27579341,31.7598,30.0301,470,47329,0.544355,0.37,1,303507,303037,470
27582261,22.352,30.806,459,47374,0.548871,0.37,1,303527,303068,459
27585181,6.07039,22.1612,441,47418,0.549774,0.41,1,303529,303088,441
27588101,18.8141,21.2322,442,47462,0.549955,0.39,1,303551,303109,442
27591021,27.7628,29.0464,441,47506,0.597991,0.39,1,303581,303140,441
27593941,31.1526,31.4093,441,47550,0.591598,0.37,1,303613,303172,441
27596861,23.8305,24.6819,440,47594,0.63832,0.37,1,303635,303195,440
27599781,15.9661,16.1364,440,47638,0.615664,0.39,1,303649,303209,440
27602701,26.3932,25.6273,441,47682,0.643133,0.39,1,303678,303237,441
27605621,8.47864,8.32545,441,47726,0.680627,0.43,1,303682,303241,441
27608541,80.0957,78.4651,443,47770,0.672125,0.43,1,303780,303337,443
27611461,51.2191,49.293,445,47814,0.718425,0.47,1,303824,303379,445
27614381,26.2438,25.8586,445,47858,0.775685,0.49,2,303844,303399,445
27617301,26.8488,25.9717,446,47902,0.787137,0.49,2,303871,303425,446
27620221,18.9698,17.9943,447,47946,0.805427,0.53,2,303888,303441,447
27623141,31.794,30.7989,448,47990,0.825086,0.55,2,303923,303475,448
27626061,32.7588,31.7598,449,48034,0.845017,0.55,2,303956,303507,449
27628981,22.5518,22.352,449,48078,0.849003,0.55,2,303976,303527,449
27631901,6.11035,6.07039,449,48122,0.865801,0.55,2,303978,303529,449
27634821,18.8221,18.8141,449,48166,0.88516,0.61,2,304000,303551,449
27637741,28.5644,27.7628,450,48210,0.889032,0.59,2,304031,303581,450
27640661,32.1129,31.1526,451,48254,0.873806,0.65,2,304064,303613,451
27643581,24.8226,23.8305,452,48298,0.886761,0.61,2,304087,303635,452
27646501,16.1645,15.9661,452,48342,0.889352,0.65,2,304101,303649,452
27649421,28.8329,26.3932,455,48386,0.92187,0.69,2,304133,303678,455
27652341,8.96658,8.47864,455,48430,0.928374,0.67,2,304137,303682,455
27919521,74,32,475,24178,0.21,0.29,1,307216,306741,475
27922441,62,64.8,461,24266,0.226,0.29,1,307275,306814,461
27925361,66,75.36,450,24353,0.3412,0.23,1,307342,306892,450
27928281,43.6,44.672,451,24440,0.38024,0.23,1,307380,306929,451
27931201,57.52,68.9344,437,24527,0.404048,0.23,1,307441,307004,437
27934121,33.104,29.7869,444,24613,0.40881,0.25,1,307468,307024,444
27937041,83.4208,55.5574,478,24699,0.457762,0.29,1,307564,307086,478
27939961,26.2842,55.9115,434,24785,0.467552,0.21,1,307576,307142,434
27942881,64.4568,70.3823,434,24871,0.51751,0.23,1,307650,307216,434
27945801,61.6914,61.2765,436,24956,0.559502,0.37,1,307711,307275,436
27948721,69.1383,65.8553,440,25041,0.6319,0.39,1,307782,307342,440
27951641,45.0277,43.5711,441,25126,0.63038,0.41,1,307821,307380,441
27954561,57.8055,57.5142,441,25210,0.646076,0.41,1,307882,307441,441
27957481,33.9611,33.1028,442,25294,0.665215,0.47,1,307910,307468,442
27960401,85.9922,83.4206,445,25378,0.701043,0.47,1,308009,307564,445
27963321,26.7984,26.2841,445,25461,0.708209,0.47,1,308021,307576,445
27966241,66.1597,5.25682,521,25544,0.709642,0.53,1,308097,307576,521
27969161,62.0319,60.2514,508,25627,0.741928,0.57,1,308158,307650,508
27972081,72.4064,60.8503,522,25710,0.812386,0.65,2,308233,307711,522
27975001,46.4813,68.9701,491,25792,0.842477,0.63,2,308273,307782,491
27977921,59.6963,44.994,515,25874,0.896495,0.65,2,308336,307821,515
28097641,31,30,514,29040,0.87,1,2,310515,310001,514
28100561,71,46,545,29113,0.79,1,2,310596,310051,545
28103481,38.2,68.4,501,29186,0.71,1,1,310626,310125,501
28106401,74.04,43.28,547,29259,0.534,1,1,310709,310162,547
28109321,36.408,71.056,496,29331,0.4828,1,1,310736,310240,496
28112241,92.0816,39.8112,570,29403,0.39256,1,1,310842,310272,570
28115161,43.2163,89.5622,499,29475,0.310512,1,1,310873,310374,499
28118081,45.4433,41.9124,515,29547,0.358102,0.84,1,310919,310404,515
28121001,33.8887,47.5825,497,29619,0.35162,0.93,1,310950,310453,497
28123921,31.5777,34.3165,497,29690,0.366324,0.87,1,310981,310484,497
28126841,59.9155,31.6633,533,29761,0.385265,0.77,1,311048,310515,533
28129761,34.3831,71.1327,480,29832,0.357053,0.69,1,311076,310596,480
28132681,8.47662,38.2265,452,29903,0.351411,0.49,1,311078,310626,452
28135601,64.8953,74.0453,448,29974,0.318282,0.47,1,311157,310709,448
28138521,32.1791,36.4091,445,30045,0.343656,0.37,1,311181,310736,445
28141441,86.4358,92.0818,439,30115,0.348731,0.29,1,311281,310842,439
28144361,43.6872,43.2164,441,30185,0.429746,0.37,1,311314,310873,441
28147281,43.1374,45.4433,438,30255,0.477949,0.35,1,311357,310919,438
28150201,34.2275,33.8887,439,30325,0.51959,0.37,1,311389,310950,439
28153121,32.4455,31.5777,440,30395,0.527918,0.39,1,311421,310981,440
28156041,59.2891,59.9155,439,30465,0.529584,0.35,1,311487,311048,439
28158961,34.2578,34.3831,439,30534,0.545917,0.35,1,311515,311076,439
28161881,8.45156,8.47662,439,30603,0.517183,0.31,1,311517,311078,439
28164801,63.2903,64.8953,437,30672,0.559437,0.35,1,311594,311157,437
28167721,33.4581,32.1791,439,30741,0.583887,0.35,1,311620,311181,439
28170641,87.4916,86.4358,440,30810,0.604777,0.45,1,311721,311281,440
28173561,45.4983,43.6872,442,30879,0.640956,0.49,1,311756,311314,442
28176481,45.0997,43.1374,444,30948,0.680191,0.53,1,311801,311357,444
28179401,36.2199,34.2275,446,31016,0.736038,0.53,1,311835,311389,446
28182321,32.844,32.4455,446,31084,0.747208,0.53,1,311867,311421,446
28185241,59.3688,59.2891,446,31152,0.749442,0.55,1,311933,311487,446
28188161,35.8738,34.2578,448,31220,0.797888,0.51,2,311963,311515,448
28191081,8.77475,8.45156,448,31288,0.807578,0.51,2,311965,311517,448
28194001,64.955,1.69031,527,31356,0.809516,0.57,2,312044,311517,527
28196921,33.791,61.9381,476,31423,0.809903,0.59,2,312070,311594,476
28199841,89.1582,33.1876,553,31490,0.841981,0.61,2,312173,311620,553
28202761,45.0316,87.4375,486,31557,0.880396,0.65,2,312207,311721,486
28205681,48.2063,45.4875,500,31624,0.920079,0.69,2,312256,311756,500
28585281,28,30,480,39372,0.77,1,2,317662,317182,480
28588201,32,23.6,491,39426,0.898,1,2,317695,317204,491
28591121,36,39.92,484,39480,0.8916,0.97,2,317732,317248,484
28594041,27.2,34.384,476,39533,0.84232,1,2,317757,317281,476
28596961,52.64,52.4768,478,39586,0.848464,1,2,317816,317338,478
28599881,37.728,42.4954,472,39639,0.785693,0.99,2,317850,317378,472
28602801,31.5456,32.4991,472,39692,0.773139,1,2,317880,317408,472
28605721,28.7091,32.0998,468,39745,0.770628,0.95,2,317908,317440,468
28608641,36.9418,38.42,467,39798,0.802126,0.93,2,317947,317480,467
28611561,28.9884,31.684,464,39851,0.840425,0.99,2,317974,317510,464
28614481,50.5977,50.3368,465,39904,0.848085,0.89,2,318030,317565,465
28617401,41.3195,39.6674,467,39957,0.833617,0.87,2,318069,317602,467
28620321,31.4639,33.5335,464,40010,0.846723,0.77,2,318098,317634,464
28623241,26.2928,29.1067,461,40063,0.833345,0.77,2,318123,317662,461
28626161,38.0586,5.82134,502,40116,0.830669,0.93,2,318164,317662,502
28629081,36.4117,27.5643,505,40169,0.830134,0.89,2,318200,317695,505
28632001,20.8823,35.1129,485,40222,0.878027,0.83,2,318217,317732,485
28634921,52.1765,27.0226,520,40274,0.919605,0.85,2,318277,317757,520
28637841,34.4353,52.6045,491,40326,0.943921,0.77,2,318307,317816,491
28833481,36,33,510,43694,0.87,1,2,320653,320143,510
28836401,24.8,33,499,43742,0.798,1,2,320675,320176,499
28839321,24.96,21.8,505,43790,0.8236,1,2,320700,320195,505
28842241,34.592,32.36,507,43838,0.86072,1,2,320737,320230,507
28845161,36.5184,35.272,508,43886,0.804144,1,2,320774,320266,508
28848081,36.1037,31.0544,514,43934,0.792829,1,2,320810,320296,514
28851001,24.0207,40.6109,492,43982,0.822566,1,2,320831,320339,492
28853921,36.8041,23.3222,513,44030,0.796513,1,2,320871,320358,513
28856841,60.9608,33.4644,544,44078,0.839303,1,2,320938,320394,544
28859761,42.5922,66.6929,507,44126,0.86386,0.94,2,320976,320469,507
28862681,30.9184,42.1386,499,44174,0.884772,0.95,2,321004,320505,499
28865601,23.7837,32.4277,491,44222,0.888954,0.97,2,321026,320535,491
28868521,26.3567,23.2855,497,44270,0.873791,0.89,2,321053,320556,497
28871441,31.6713,27.8571,501,44318,0.886758,0.9,2,321086,320585,501
28874361,30.3343,31.1714,499,44366,0.921352,0.87,2,321116,320617,499
28877281,25.2669,35.0343,487,44414,0.89627,0.78,2,321140,320653,487
28880201,21.8534,24.6069,486,44461,0.907254,0.83,2,321161,320675,486
28883121,5.97067,24.9214,463,44508,0.909451,0.87,2,321163,320700,463
28886041,29.9941,34.5843,462,44555,0.92589,0.79,2,321199,320737,462
29310901,44,50,468,23360,0.31,0.95,1,325872,325404,468
29313821,61.6,41.2,495,23451,0.294,0.83,1,325938,325443,495
29316741,63.52,54.64,501,23541,0.3068,0.61,1,326002,325501,501
29319661,69.504,81.328,484,23631,0.37336,0.49,1,326073,325589,484
29322581,42.7008,65.0656,459,23721,0.402672,0.41,1,326109,325650,459
29325501,36.5402,42.6131,457,23810,0.392534,0.39,1,326144,325687,457
29328421,22.508,31.7226,447,23899,0.406507,0.39,1,326163,325716,447
29331341,53.3016,36.7445,470,23988,0.361301,0.37,1,326224,325754,470
29334261,77.0603,66.5489,479,24076,0.35226,0.29,1,326307,325828,479
29337181,69.8121,101.31,437,24164,0.446452,0.31,1,326375,325938,437
29340101,65.1624,71.462,437,24252,0.49729,0.39,1,326439,326002,437
29343021,73.0325,71.0924,441,24339,0.507458,0.41,1,326514,326073,441
29345941,44.2065,43.0185,442,24426,0.525492,0.39,1,326551,326109,442
29348861,34.4413,36.6037,439,24513,0.561098,0.41,1,326583,326144,439
29351781,22.8883,22.5207,440,24599,0.56822,0.35,1,326603,326163,440
29354701,52.5777,53.3041,439,24685,0.537644,0.35,1,326663,326224,439
29357621,76.9155,77.0608,439,24771,0.595529,0.47,1,326746,326307,439
29360541,72.9831,69.8122,443,24857,0.639106,0.51,1,326818,326375,443
29363461,67.3966,65.1624,445,24942,0.711821,0.51,1,326884,326439,445
29366381,75.8793,73.0325,448,25027,0.758364,0.53,2,326962,326514,448
29369301,44.7759,44.2065,448,25112,0.767673,0.57,2,326999,326551,448
29372221,34.5552,34.4413,448,25196,0.753535,0.57,2,327031,326583,448
29375141,22.911,22.8883,448,25280,0.750707,0.53,2,327051,326603,448
29378061,52.5822,52.5777,448,25364,0.798141,0.61,2,327111,326663,448
29380981,80.1164,76.9155,452,25448,0.855628,0.61,2,327198,326746,452
29383901,74.4233,15.3831,525,25531,0.867126,0.65,2,327271,326746,525
29386821,70.0847,60.6766,522,25614,0.869425,0.73,2,327340,326818,522
29389741,77.2169,64.9353,535,25697,0.869885,0.77,2,327419,326884,535
29392661,45.0434,75.3871,494,25779,0.869977,0.77,2,327456,326962,494
29395581,35.4087,44.6774,490,25861,0.901995,0.75,2,327489,326999,490
29398501,23.8817,34.5355,479,25943,0.908399,0.75,2,327510,327031,479
29515301,43,74,508,29028,0.71,1,1,329745,329237,508
29518221,51.8,46,523,29101,0.63,1,1,329799,329276,523
29521141,41.56,46,516,29174,0.55,1,1,329838,329322,516
29524061,51.512,39.6,532,29247,0.454,1,1,329892,329360,532
29526981,25.5024,40.72,510,29319,0.4348,1,1,329911,329401,510
29529901,37.1005,24.944,529,29391,0.38296,1,1,329951,329422,529
29532821,80.2201,34.5888,583,29463,0.244592,1,1,330042,329459,583
29535741,76.844,94.1178,550,29535,0.232918,0.93,1,330118,329568,550
29538661,48.9688,84.4236,510,29607,0.134584,0.83,1,330160,329650,510
29541581,42.5938,58.4847,499,29678,0.114917,0.71,1,330201,329702,499
29544501,46.1188,46.0969,503,29749,0.0949833,0.61,1,330248,329745,503
29547421,37.2238,52.4194,484,29820,0.0269967,0.53,1,330283,329799,484
29550341,9.04475,41.6839,447,29891,0.0133993,0.43,1,330285,329838,447
29553261,42.6089,51.5368,444,29962,0.0746799,0.43,1,330336,329892,444
29556181,22.1218,25.5074,442,30033,0.054936,0.37,1,330353,329911,442
29559101,36.4244,37.1015,442,30103,0.162987,0.21,1,330393,329951,442
29562021,69.6849,80.2203,429,30173,0.168597,0.23,1,330471,330042,429
29564941,76.337,76.8441,431,30243,0.201719,0.11,1,330549,330118,431
29567861,46.4674,48.9688,428,30313,0.208344,0.11,1,330588,330160,428
29570781,39.6935,42.5938,425,30383,0.225669,0.09,1,330626,330201,425
29573701,46.3387,46.1188,426,30453,0.293134,0.01,1,330674,330248,426
29576621,34.8677,37.2238,423,30522,0.306627,0.01,1,330706,330283,423
29579541,8.57355,9.04475,423,30591,0.309325,0.09,1,330708,330285,423
29582461,44.1147,42.6089,425,30660,0.309865,0.05,1,330761,330336,425
29585381,21.6229,22.1218,424,30729,0.341973,0.19,1,330777,330353,424
29588301,41.1246,36.4244,430,30798,0.332395,0.17,1,330823,330393,430
29591221,70.6249,69.6849,430,30867,0.394479,0.21,1,330901,330471,430
29594141,76.525,76.337,430,30936,0.406896,0.21,1,330979,330549,430
29597061,46.505,46.4674,430,31004,0.425379,0.23,1,331018,330588,430
29599981,42.901,39.6935,434,31072,0.429076,0.31,1,331060,330626,434
29602901,47.7802,46.3387,435,31140,0.477815,0.31,1,331109,330674,435
29605821,35.156,34.8677,435,31208,0.503563,0.31,1,331141,330706,435
29608741,8.63121,8.57355,435,31276,0.508713,0.31,1,331143,330708,435
29611661,44.9262,1.71471,489,31344,0.509742,0.31,1,331197,330708,489
29614581,21.7852,42.7429,452,31412,0.509948,0.35,1,331213,330761,452
29617501,40.357,21.3486,481,31479,0.50999,0.33,1,331258,330777,481
29620421,73.6714,41.0697,517,31546,0.509998,0.41,1,331340,330823,517
29623341,78.7343,70.6139,519,31613,0.59,0.41,1,331420,330901,519
29626261,46.1469,76.5228,479,31680,0.606,0.43,1,331458,330979,479
29629181,44.4294,46.5046,484,31747,0.6252,0.43,1,331502,331018,484
29632101,48.8859,42.9009,492,31814,0.66104,0.49,1,331552,331060,492
29635021,36.1772,47.7802,476,31881,0.668208,0.51,1,331585,331109,476
29637941,8.83543,35.156,446,31947,0.669642,0.51,1,331587,331141,446
29640861,46.5671,8.63121,500,32013,0.685928,0.51,1,331643,331143,500
29643781,22.1134,44.9262,462,32079,0.705186,0.51,1,331659,331197,462
29646701,40.4227,21.7852,491,32145,0.741037,0.51,1,331704,331213,491
29649621,74.4845,40.357,529,32211,0.780207,0.51,2,331787,331258,529
29652541,82.0969,73.6714,531,32277,0.820041,0.61,2,331871,331340,531
29655461,47.6194,78.7343,490,32343,0.844008,0.61,2,331910,331420,490
29658381,44.7239,46.1469,496,32408,0.864802,0.63,2,331954,331458,496
29661301,51.3448,44.4294,505,32473,0.85296,0.67,2,332007,331502,505
29664221,35.869,48.8859,487,32538,0.850592,0.67,2,332039,331552,487
29667141,8.77379,36.1772,456,32603,0.850118,0.67,2,332041,331585,456
29670061,48.1548,8.83543,512,32668,0.866024,0.69,2,332099,331587,512
29672981,22.431,46.5671,472,32733,0.837205,0.71,2,332115,331643,472
29675901,6.08619,22.1134,458,32798,0.831441,0.75,2,332117,331659,458
29678821,38.8172,40.4227,460,32862,0.846288,0.79,2,332164,331704,460
29681741,77.3634,74.4845,464,32926,0.897258,0.83,2,332251,331787,464
29684661,81.8727,82.0969,463,32990,0.907452,0.85,2,332334,331871,463
29687581,48.3745,47.6194,464,33054,0.92549,0.87,2,332374,331910,464
29821901,72,66,496,35879,0.57,1,1,334338,333842,496
29824821,44,40.4,499,35938,0.522,1,1,334375,333876,499
29827741,34.4,43.28,487,35997,0.4164,1,1,334407,333920,487
29830661,45.28,35.056,502,36056,0.36328,1,1,334455,333953,502
29833581,37.056,31.8112,506,36115,0.320656,1,1,334490,333984,506
29836501,25.8112,35.1622,493,36174,0.232131,0.95,1,334513,334020,493
29839421,18.7622,29.4324,482,36232,0.0864262,1,1,334530,334048,482
29842341,40.5524,32.2865,495,36290,0.0572852,1,1,334576,334081,495
29845261,34.5105,36.8573,490,36348,0.0354571,1,1,334609,334119,490
29848181,24.5021,36.1715,476,36406,0.0630914,0.93,1,334631,334155,476
29851101,60.9004,68.8343,469,36464,0.100618,0.81,1,334701,334232,469
29854021,34.5801,40.9669,463,36522,0.0601237,0.57,1,334729,334266,463
29856941,51.716,65.7934,447,36580,0.0840247,0.51,1,334785,334338,447
29859861,35.1432,42.7587,441,36638,0.104805,0.39,1,334816,334375,441
29862781,31.0286,34.1517,439,36696,0.092961,0.35,1,334846,334407,439
29865701,41.4057,45.2303,435,36754,0.122592,0.31,1,334890,334455,435
29868621,34.6811,37.0461,433,36811,0.160518,0.21,1,334923,334490,433
29871541,20.5362,25.8092,427,36868,0.152104,0.05,1,334940,334513,427
29874461,14.5072,18.7618,423,36925,0.166421,0.05,1,334953,334530,423
29877381,41.3015,40.5524,425,36982,0.169284,0.03,1,335001,334576,425
29880301,36.2603,34.5105,427,37039,0.0898568,0.07,1,335036,334609,427
29883221,20.8521,24.5021,422,37096,0.0739714,0.11,1,335053,334631,422
29886141,61.7704,60.9004,424,37153,0.0387943,0.11,1,335125,334701,424
29889061,32.3541,12.1801,449,37210,0.0477589,0.05,1,335150,334701,449
29891981,54.4708,24.836,481,37267,0.0815518,0.09,1,335210,334729,481
29894901,34.8942,49.7672,455,37324,0.0723104,0.11,1,335240,334785,455
29897821,30.1788,34.7534,453,37381,0.0704621,0.09,1,335269,334816,453
29900741,45.2358,30.9507,472,37438,0.0700924,0.13,1,335318,334846,472
29903661,33.0472,41.3901,458,37494,0.118018,0.17,1,335348,334890,458
29906581,22.6094,34.678,445,37550,0.127604,0.15,1,335368,334923,445
29909501,15.7219,20.5356,442,37606,0.129521,0.17,1,335382,334940,442
29912421,41.5444,14.5071,477,37662,0.145904,0.17,1,335430,334953,477
29915341,33.1089,41.3014,460,37718,0.149181,0.07,1,335461,335001,460
29918261,17.8218,36.2603,439,37774,0.149836,0.07,1,335475,335036,439
29921181,61.1644,20.8521,494,37830,0.213967,0.03,1,335547,335053,494
29924101,32.2329,61.7704,447,37886,0.274793,0.05,1,335572,335125,447
29927021,56.0466,32.3541,484,37942,0.286959,0.09,1,335634,335150,484
29929941,35.2093,54.4708,454,37998,0.305392,0.07,1,335664,335210,454
29932861,30.2419,34.8942,453,38054,0.293078,0.07,1,335693,335240,453
29935781,46.8484,30.1788,475,38110,0.306616,0.07,1,335744,335269,475
29938701,34.1697,45.2358,457,38165,0.325323,0.13,1,335775,335318,457
29941621,22.8339,33.0472,447,38220,0.329065,0.13,1,335795,335348,447
29944541,15.7668,22.6094,441,38275,0.329813,0.13,1,335809,335368,441
29947461,43.1534,15.7219,477,38330,0.313963,0.15,1,335859,335382,477
29950381,32.6307,41.5444,459,38385,0.310793,0.15,1,335889,335430,459
29953301,18.5261,33.1089,443,38440,0.326158,0.15,1,335904,335461,443
29956221,63.7052,17.8218,504,38495,0.297232,0.23,1,335979,335475,504
29959141,33.541,61.1644,458,38550,0.259446,0.29,1,336005,335547,458
29962061,57.9082,32.2329,497,38605,0.251889,0.29,1,336069,335572,497
29964981,13.1816,56.0466,437,38660,0.250378,0.31,1,336071,335634,437
29967901,26.6363,35.2093,437,38715,0.282076,0.29,1,336101,335664,437
29970821,28.5273,30.2419,437,38770,0.272415,0.31,1,336130,335693,437
29973741,46.5055,46.8484,437,38824,0.302483,0.33,1,336181,335744,437
29976661,34.9011,34.1697,438,38878,0.356497,0.33,1,336213,335775,438
29979581,22.9802,22.8339,438,38932,0.399299,0.33,1,336233,335795,438
29982501,15.796,15.7668,438,38986,0.37586,0.31,1,336247,335809,438
29985421,42.3592,43.1534,437,39040,0.403172,0.31,1,336296,335859,437
29988341,32.4718,32.6307,437,39094,0.408634,0.33,1,336326,335889,437
29991261,17.6944,18.5261,436,39148,0.377727,0.29,1,336340,335904,436
29994181,63.5389,63.7052,436,39202,0.451545,0.25,1,336415,335979,436
29997101,31.9078,33.541,434,39256,0.466309,0.25,1,336439,336005,434
30000021,57.5816,57.9082,434,39310,0.517262,0.25,1,336503,336069,434
30002941,13.1163,13.1816,434,39364,0.527452,0.29,1,336505,336071,434
30005861,26.6233,26.6363,434,39418,0.56149,0.27,1,336535,336101,434
30008781,29.3247,28.5273,435,39472,0.600298,0.31,1,336565,336130,435
30011701,48.2649,46.5055,437,39526,0.62406,0.37,1,336618,336181,437
30014621,36.853,34.9011,439,39579,0.628812,0.41,1,336652,336213,439
30017541,24.1706,22.9802,440,39632,0.645762,0.37,1,336673,336233,440
30020461,16.8341,15.796,441,39685,0.633152,0.41,1,336688,336247,441
30023381,41.7668,42.3592,440,39738,0.678631,0.41,1,336736,336296,440
30026301,32.3534,32.4718,440,39791,0.687726,0.37,1,336766,336326,440
30029221,17.6707,17.6944,440,39844,0.657545,0.47,1,336780,336340,440
30032141,67.5341,63.5389,445,39897,0.715509,0.47,1,336860,336415,445
30035061,32.7068,31.9078,445,39950,0.727102,0.53,1,336884,336439,445
30037981,58.5414,57.5816,446,40003,0.72942,0.53,1,336949,336503,446
30040901,13.3083,13.1163,446,40056,0.761884,0.57,2,336951,336505,446
30043821,28.2617,26.6233,448,40109,0.768377,0.57,2,336983,336535,448
30046741,30.4523,5.32465,479,40162,0.753675,0.61,2,337014,336535,479
30049661,49.2905,25.0649,503,40215,0.782735,0.63,2,337068,336565,503
30052581,38.6581,47.413,486,40268,0.756547,0.63,2,337104,336618,486
30055501,23.7316,36.6826,472,40320,0.751309,0.65,2,337124,336652,472
30058421,17.5463,24.1365,467,40372,0.766262,0.63,2,337140,336673,467
30061341,42.7093,16.8273,501,40424,0.833252,0.69,2,337189,336688,501
30064261,32.5419,41.7655,483,40476,0.86265,0.69,2,337219,336736,483
30067181,17.7084,32.3531,467,40528,0.86853,0.65,2,337233,336766,467
30070101,69.1417,17.6706,535,40580,0.901706,0.73,2,337315,336780,535
30073021,33.0283,67.5341,479,40632,0.908341,0.73,2,337339,336860,479
30242381,32,21,510,43544,0.83,1,2,339362,338852,510
30245301,28,29,506,43592,0.734,1,1,339389,338883,506
30248221,34.4,27.4,515,43640,0.5708,1,1,339425,338910,515
30251141,29.28,27.88,515,43688,0.49016,1,1,339453,338938,515
30254061,33.856,31.976,517,43736,0.330032,1,1,339488,338971,517
30256981,30.7712,33.5952,513,43784,0.266006,1,1,339518,339005,513
30259901,26.1542,27.519,512,43832,0.189201,1,1,339543,339031,512
30262821,30.0308,25.5038,518,43880,0.12584,1,1,339574,339056,518
30265741,31.6062,35.5008,512,43928,0.0651681,1,1,339606,339094,512
30268661,29.5212,31.1002,511,43976,0.0210336,1,1,339635,339124,511
30271581,54.7042,35.02,536,44024,0.0282067,1,1,339696,339160,536
30274501,30.1408,53.404,502,44072,0.0296413,1,1,339720,339218,502
30277421,50.8282,34.6808,528,44120,0.0139283,0.85,1,339776,339248,528
30280341,26.1656,50.9362,493,44168,0.0427857,0.87,1,339796,339303,493
30283261,26.0331,31.7872,492,44216,0.0485571,0.83,1,339822,339330,492
30286181,19.6066,31.9574,478,44264,0.0657114,0.71,1,339840,339362,478
30289101,27.9213,27.9915,481,44312,0.0211423,0.53,1,339870,339389,481
30292021,21.5843,34.3983,465,44360,0.0282285,0.47,1,339890,339425,465
30294941,29.1169,29.2797,468,44408,0.0296457,0.29,1,339921,339453,468
30297861,29.0234,33.8559,462,44456,0.109929,0.25,1,339950,339488,462
30300781,7.40467,30.7712,434,44503,0.125986,0.17,1,339952,339518,434
30303701,18.2809,26.1542,430,44550,0.113197,0.11,1,339973,339543,430
30306621,26.0562,30.0308,427,44597,0.0786394,0.05,1,340001,339574,427
30309541,29.2112,31.6062,425,44644,0.0877279,0.01,1,340031,339606,425
30312461,27.4422,29.5212,423,44691,0.0255456,0.03,1,340058,339635,423
30315381,54.2884,54.7042,423,44738,0.0611091,0.03,1,340119,339696,423
30318301,30.8577,30.1408,424,44785,0.0362218,0.01,1,340144,339720,424
30321221,50.1715,50.8282,423,44832,0.0472444,0.05,1,340199,339776,423
30324141,27.6343,26.1656,425,44879,0.0654489,0.05,1,340221,339796,425
30327061,25.5269,26.0331,424,44926,0.0530898,0.07,1,340246,339822,424
30329981,20.3054,19.6066,425,44973,0.066618,0.01,1,340265,339840,425
30332901,26.4611,27.9213,423,45020,0.0533236,0.03,1,340293,339870,423
30335821,21.2922,21.5843,423,45067,0.0186647,0.03,1,340313,339890,423
30338741,29.8584,29.1169,424,45114,0.0117329,0.13,1,340345,339921,424
30341661,30.7717,29.0234,426,45161,0.0743466,0.13,1,340376,339950,426
30344581,7.75434,7.40467,426,45208,0.0868693,0.11,1,340378,339952,426
30347501,15.9509,18.2809,423,45255,0.105374,0.07,1,340396,339973,423
30350421,25.5902,26.0562,423,45302,0.141075,0.09,1,340424,340001,423
30353341,29.918,29.2112,424,45349,0.132215,0.01,1,340455,340031,424
30356261,25.9836,27.4422,422,45396,0.146443,0.07,1,340480,340058,422
30359181,53.9967,54.2884,422,45442,0.117289,0.03,1,340541,340119,422
30362101,30.7993,30.8577,422,45488,0.111458,0.05,1,340566,340144,422
30365021,52.5599,50.1715,425,45534,0.0622915,0.07,1,340624,340199,425
30367941,26.512,27.6343,423,45580,0.0844583,0.05,1,340644,340221,423
30370861,24.5024,25.5269,422,45626,0.0888917,0.07,1,340668,340246,422
30373781,20.9005,20.3054,423,45672,0.105778,0.05,1,340688,340265,423
30376701,25.7801,26.4611,422,45718,0.0931557,0.01,1,340715,340293,422
30379621,21.156,21.2922,422,45764,0.0906311,0.01,1,340735,340313,422
30382541,29.8312,29.8584,422,45810,0.122126,0.09,1,340767,340345,422
30385461,32.3662,30.7717,424,45856,0.160425,0.09,1,340800,340376,424
30388381,8.07325,7.75434,424,45902,0.136085,0.11,1,340802,340378,424
30391301,16.8146,15.9509,425,45948,0.115217,0.11,1,340821,340396,425
30394221,26.5629,3.19017,454,45994,0.127043,0.15,1,340850,340396,454
30397141,30.9126,23.038,458,46040,0.161409,0.13,1,340882,340424,458
30400061,26.9825,29.4076,453,46086,0.200282,0.15,1,340908,340455,453
30402981,50.9965,25.8815,485,46132,0.224056,0.11,1,340965,340480,485
30405901,28.5993,53.9763,447,46178,0.228811,0.11,1,340988,340541,447
30408821,52.9199,30.7953,481,46224,0.261762,0.05,1,341047,340566,481
30411741,26.584,52.5591,443,46270,0.284352,0.09,1,341067,340624,443
30414661,24.5168,26.5118,447,46316,0.28887,0.09,1,341091,340644,447
30417581,21.7034,24.5024,444,46362,0.289774,0.11,1,341112,340668,444
30420501,26.7407,20.9005,452,46407,0.289955,0.09,1,341140,340688,452
30423421,21.3481,25.7801,445,46452,0.305991,0.09,1,341160,340715,445
30426341,29.8696,21.156,457,46497,0.325198,0.13,1,341192,340735,457
30429261,33.9739,29.8312,460,46542,0.34504,0.17,1,341227,340767,460
30432181,8.39478,32.3662,429,46587,0.349008,0.13,1,341229,340800,429
30435101,16.079,8.07325,445,46632,0.349802,0.11,1,341247,340802,445
30438021,28.0158,16.8146,457,46677,0.36596,0.13,1,341278,340821,457
30440941,32.0032,26.5629,461,46722,0.369192,0.17,1,341311,340850,461
30443861,28.8006,30.9126,457,46767,0.369838,0.21,1,341339,340882,457
30446781,52.9601,26.9825,490,46812,0.433968,0.23,1,341398,340908,490
30449701,28.192,50.9965,455,46857,0.414794,0.23,1,341420,340965,455
30452621,54.4384,28.5993,493,46902,0.442959,0.27,1,341481,340988,493
30455541,27.6877,52.9199,455,46947,0.432592,0.29,1,341502,341047,455
30458461,25.5375,26.584,460,46992,0.414518,0.29,1,341527,341067,460
30461381,21.1075,24.5168,456,47037,0.410904,0.29,1,341547,341091,456
30464301,26.6215,21.7034,463,47082,0.410181,0.29,1,341575,341112,463
30467221,22.1243,26.7407,456,47127,0.410036,0.31,1,341596,341140,456
30470141,30.8249,21.3481,469,47172,0.394007,0.33,1,341629,341160,469
30473061,34.965,29.8696,473,47217,0.390801,0.35,1,341665,341192,473
30475981,8.59299,33.9739,440,47262,0.39016,0.35,1,341667,341227,440
30478901,16.9186,8.39478,457,47307,0.390032,0.35,1,341686,341229,457
30481821,28.1837,16.079,470,47352,0.374006,0.37,1,341717,341247,470
30484741,7.23674,28.0158,441,47397,0.386801,0.37,1,341719,341278,441
30487661,27.0473,32.0032,440,47441,0.42136,0.37,1,341751,341311,440
30490581,27.8095,28.8006,440,47485,0.444272,0.45,1,341779,341339,440
30493501,54.3619,52.9601,442,47529,0.416854,0.41,1,341840,341398,442
30496421,28.4724,28.192,442,47573,0.411371,0.45,1,341862,341420,442
30499341,56.0945,54.4384,444,47617,0.442274,0.43,1,341925,341481,444
30502261,27.2189,27.6877,443,47661,0.480455,0.41,1,341945,341502,443
30505181,24.6438,25.5375,442,47705,0.488091,0.41,1,341969,341527,442
30508101,20.9288,21.1075,442,47749,0.489618,0.41,1,341989,341547,442
30511021,26.5858,26.6215,442,47793,0.521924,0.41,1,342017,341575,442
30513941,22.1172,22.1243,442,47837,0.560385,0.39,1,342038,341596,442
30516861,30.0234,30.8249,441,47881,0.568077,0.39,1,342070,341629,441
30519781,35.6047,34.965,442,47925,0.569615,0.39,1,342107,341665,442
30522701,8.72094,8.59299,442,47969,0.569923,0.39,1,342109,341667,442
30525621,16.1442,16.9186,441,48013,0.601985,0.37,1,342127,341686,441
30528541,28.0288,28.1837,441,48057,0.592397,0.39,1,342158,341717,441
30531461,7.20577,7.23674,441,48101,0.590479,0.43,1,342160,341719,441
30534381,27.8412,27.0473,442,48145,0.590096,0.45,1,342193,341751,442
30537301,27.9682,27.8095,442,48189,0.622019,0.41,1,342221,341779,442
30540221,52.7936,54.3619,440,48233,0.676404,0.41,1,342280,341840,440
30543141,28.1587,28.4724,440,48277,0.703281,0.45,1,342302,341862,440
30546061,58.4317,56.0945,443,48321,0.756656,0.49,2,342368,341925,443
30548981,28.4863,27.2189,444,48365,0.751331,0.49,2,342389,341945,444
30551901,24.8973,24.6438,444,48409,0.750266,0.49,2,342413,341969,444
30554821,21.7795,20.9288,445,48453,0.734053,0.53,1,342434,341989,445
30557741,28.3559,26.5858,447,48496,0.762811,0.57,2,342464,342017,447
30560661,23.2712,22.1172,448,48539,0.800562,0.57,2,342486,342038,448
30563581,30.2542,30.0234,448,48582,0.840112,0.57,2,342518,342070,448
30566501,37.2508,35.6047,450,48625,0.832022,0.57,2,342557,342107,450
30569421,9.05017,8.72094,450,48668,0.862404,0.61,2,342559,342109,450
30572341,16.21,16.1442,450,48711,0.884481,0.59,2,342577,342127,450
30575261,27.242,28.0288,449,48754,0.888896,0.59,2,342607,342158,449
30578181,7.0484,7.20577,449,48797,0.889779,0.59,2,342609,342160,449
30581101,30.2097,27.8412,452,48840,0.889956,0.59,2,342645,342193,452
30584021,28.4419,5.56823,480,48883,0.889991,0.63,2,342673,342193,480
30586941,55.2884,23.5136,514,48926,0.937998,0.69,2,342735,342221,514
30864341,64,56,478,24178,0.07,0.73,1,345509,345031,478
30867261,74.4,52.8,503,24266,0.054,0.55,1,345586,345083,503
30870181,46.88,68.96,470,24353,0.0348,0.41,1,345626,345156,470
30873101,66.976,57.792,487,24440,0.06296,0.23,1,345698,345211,487
30876021,58.9952,78.7584,460,24527,0.068592,0.19,1,345755,345295,460
30878941,66.999,66.1517,466,24613,0.0377184,0.07,1,345824,345358,466
30881861,34.9998,61.2303,433,24699,0.0475437,0.03,1,345851,345418,433
30884781,23,23.4461,439,24785,0.0655087,0.07,1,345871,345432,439
30887701,54.2,66.2892,424,24871,0.133102,0.05,1,345933,345509,424
30890621,72.44,74.8578,424,24956,0.17862,0.03,1,346010,345586,424
30893541,48.888,46.9716,427,25041,0.171724,0.07,1,346053,345626,427
30896461,64.9776,66.9943,424,25126,0.234345,0.07,1,346122,345698,424
30899381,57.7955,58.9989,423,25210,0.294869,0.03,1,346178,345755,423
30902301,66.7591,66.9998,423,25294,0.338974,0.05,1,346247,345824,423
30905221,35.7518,35,424,25378,0.283795,0.07,1,346275,345851,424
30908141,23.9504,23,425,25461,0.272759,0.07,1,346296,345871,425
30911061,55.1901,4.6,488,25544,0.302552,0.15,1,346359,345871,488
30913981,74.238,50.52,505,25627,0.30851,0.19,1,346438,345933,505
30916901,50.0476,71.704,472,25710,0.341702,0.17,1,346482,346010,472
30919821,68.4095,48.7408,502,25792,0.39634,0.25,1,346555,346053,502
30922741,59.2819,64.9482,490,25874,0.439268,0.31,1,346612,346122,490
30925661,67.0564,57.7896,503,25956,0.495854,0.35,1,346681,346178,503
30928581,36.6113,66.7579,463,26038,0.507171,0.27,1,346710,346247,463
30931501,23.3223,35.7516,455,26119,0.541434,0.27,1,346730,346275,455
30934421,56.6645,23.9503,499,26200,0.548287,0.31,1,346795,346296,499
30937341,74.5329,55.1901,515,26281,0.613657,0.31,1,346874,346359,515
30940261,53.3066,74.238,484,26362,0.610731,0.35,1,346922,346438,484
30943181,69.8613,50.0476,514,26442,0.674146,0.41,1,346996,346482,514
30946101,61.1723,68.4095,500,26522,0.670829,0.45,1,347055,346555,500
30949021,69.8345,59.2819,515,26602,0.734166,0.51,1,347127,346612,515
30951941,38.7669,67.0564,477,26682,0.762833,0.51,2,347158,346681,477
30954861,24.5534,36.6113,469,26761,0.784567,0.55,2,347179,346710,469
30957781,56.9107,23.3223,514,26840,0.756913,0.55,2,347244,346730,514
30960701,12.9821,56.6645,451,26919,0.751383,0.63,2,347246,346795,451
30963621,68.1964,74.5329,454,26998,0.814277,0.61,2,347328,346874,454
30966541,52.0393,53.3066,454,27076,0.842855,0.69,2,347376,346922,454
30969461,71.2079,69.8613,456,27154,0.848571,0.67,2,347452,346996,456
30972381,60.6416,61.1723,455,27232,0.865714,0.75,2,347510,347055,455
30975301,72.9283,69.8345,459,27310,0.853143,0.77,2,347586,347127,459
30978221,40.1857,38.7669,460,27388,0.818629,0.79,2,347618,347158,460
30981141,24.0371,24.5534,459,27465,0.827726,0.75,2,347638,347179,459
30984061,56.8074,56.9107,459,27542,0.845545,0.75,2,347703,347244,459
30986981,12.9615,12.9821,459,27619,0.817109,0.83,2,347705,347246,459
30989901,71.3923,68.1964,463,27696,0.875422,0.85,2,347791,347328,463
30992821,53.4785,52.0393,464,27772,0.871084,0.85,2,347840,347376,464
30995741,72.2957,71.2079,465,27848,0.918217,0.87,2,347917,347452,465
31112541,57,61,483,30741,0.73,1,1,349949,349466,483
31115461,45.8,44.2,486,30810,0.618,1,1,349992,349506,486
31118381,37.16,40.84,481,30879,0.5476,1,1,350027,349546,481
31121301,40.232,37.768,485,30948,0.40552,1,1,350068,349583,485
31124221,31.2464,33.9536,481,31016,0.377104,1,1,350097,349616,481
31127141,50.2493,57.1907,473,31084,0.291421,0.9,1,350152,349679,473
31130061,64.4499,65.8381,473,31152,0.130284,1,1,350220,349747,473
31132981,52.89,54.7676,471,31220,0.194057,0.84,1,350270,349799,471
31135901,48.178,54.9535,463,31288,0.0388114,0.84,1,350317,349854,463
31138821,42.4356,10.9907,504,31356,0.0797623,0.85,1,350358,349854,504
31141741,44.4871,32.5981,511,31423,0.0159525,0.73,1,350403,349892,511
31144661,38.4974,52.1196,491,31490,0.0431905,0.59,1,350440,349949,491
31147581,31.6995,44.8239,478,31557,0.0646381,0.53,1,350470,349992,478
31150501,38.3399,36.9648,483,31624,0.0369276,0.37,1,350510,350027,483
31153421,30.868,40.193,471,31691,0.0473855,0.37,1,350539,350068,471
31156341,42.9736,31.2386,488,31758,0.0174771,0.27,1,350585,350097,488
31159261,54.9947,50.2477,491,31825,0.0434954,0.09,1,350643,350152,491
31162181,50.9989,64.4495,473,31891,0.0806991,0.21,1,350693,350220,473
31165101,46.1998,52.8899,468,31957,0.0881398,0,1,350738,350270,468
31168021,45.24,48.178,466,32023,0.041628,0.09,1,350783,350317,466
31170941,42.648,42.4356,467,32089,0.0643256,0,1,350825,350358,467
31173861,39.7296,44.4871,461,32155,0.0368651,0.05,1,350864,350403,461
31176781,31.9459,38.4974,454,32221,0.063373,0.07,1,350894,350440,454
31179701,36.7892,31.6995,462,32287,0.0846746,0.03,1,350932,350470,462
31182621,31.3578,38.3399,452,32353,0.0569349,0.05,1,350962,350510,452
31185541,43.0716,30.868,469,32418,0.083387,0.01,1,351008,350539,469
31188461,55.0143,42.9736,481,32483,0.104677,0.05,1,351066,350585,481
31191381,53.4029,54.9947,476,32548,0.124935,0.09,1,351119,350643,476
31194301,44.2806,50.9989,468,32613,0.128987,0.09,1,351161,350693,468
31197221,44.8561,46.1998,468,32678,0.161797,0.03,1,351206,350738,468
31200141,43.3712,45.24,466,32743,0.152359,0.07,1,351249,350783,466
31203061,10.2742,42.648,426,32808,0.150472,0.03,1,351251,350825,426
31205981,32.4548,39.7296,425,32872,0.214094,0.07,1,351289,350864,425
31208901,29.691,31.9459,424,32936,0.210819,0.09,1,351318,350894,424
31211821,37.9382,36.7892,426,33000,0.210164,0.05,1,351358,350932,426
31214741,29.9876,31.3578,424,33064,0.242033,0.09,1,351386,350962,424
31217661,45.1975,43.0716,427,33128,0.200407,0.11,1,351435,351008,427
31220581,55.4395,55.0143,427,33192,0.224081,0.13,1,351493,351066,427
31223501,54.2879,53.4029,428,33256,0.244816,0.13,1,351547,351119,428
31226421,45.2576,44.2806,429,33320,0.248963,0.17,1,351590,351161,429
31229341,45.8515,44.8561,430,33383,0.265793,0.15,1,351636,351206,430
31232261,42.7703,43.3712,429,33446,0.269159,0.15,1,351678,351249,429
31235181,10.1541,10.2742,429,33509,0.285832,0.23,1,351680,351251,429
31238101,34.0308,32.4548,431,33572,0.289166,0.21,1,351720,351289,431
31241021,29.2062,29.691,430,33635,0.305833,0.21,1,351748,351318,430
31243941,39.4412,37.9382,432,33698,0.373167,0.25,1,351790,351358,432
31246861,30.2882,29.9876,432,33761,0.370633,0.19,1,351818,351386,432
31249781,44.4577,45.1975,431,33824,0.402127,0.23,1,351866,351435,431
31252701,55.2915,55.4395,431,33887,0.408425,0.25,1,351924,351493,431
31255621,55.0583,54.2879,432,33949,0.473685,0.25,1,351979,351547,432
31258541,45.4117,45.2576,432,34011,0.486737,0.27,1,352022,351590,432
31261461,46.6823,45.8515,433,34073,0.521347,0.27,1,352069,351636,433
31264381,43.7365,42.7703,434,34135,0.52827,0.29,1,352112,351678,434
31267301,10.3473,10.1541,434,34197,0.529654,0.29,1,352114,351680,434
31270221,34.8695,34.0308,435,34259,0.577931,0.29,1,352155,351720,435
31273141,30.1739,6.80616,464,34321,0.619586,0.31,1,352184,351720,464
31276061,42.0348,23.7612,481,34383,0.659917,0.39,1,352229,351748,481
31278981,30.807,38.3522,467,34444,0.667983,0.37,1,352257,351790,467
31281901,45.3614,30.0704,488,34505,0.685597,0.41,1,352306,351818,488
31284821,57.0723,44.4141,500,34566,0.721119,0.41,1,352366,351866,500
31287741,57.0145,55.2828,499,34627,0.712224,0.49,1,352423,351924,499
31290661,45.0029,55.0566,486,34688,0.758445,0.49,2,352465,351979,486
31293581,48.2006,45.4113,492,34749,0.751689,0.53,2,352514,352022,492
31296501,45.6401,46.6823,490,34810,0.782338,0.53,2,352559,352069,490
31299421,10.728,43.7365,449,34871,0.788468,0.53,2,352561,352112,449
31302341,38.1456,10.3473,492,34932,0.805694,0.59,2,352606,352114,492
31305261,31.6291,34.8695,481,34993,0.825139,0.63,2,352636,352155,481
31308181,43.9258,30.1739,499,35053,0.861028,0.67,2,352683,352184,499
31311101,31.1852,42.0348,482,35113,0.884206,0.67,2,352711,352229,482
31314021,47.837,30.807,506,35173,0.872841,0.69,2,352763,352257,506
31316941,57.5674,45.3614,517,35233,0.902568,0.73,2,352823,352306,517
31319861,57.9135,57.0723,515,35293,0.908514,0.71,2,352881,352366,515
31322781,45.9827,57.0145,501,35353,0.893703,0.77,2,352924,352423,501
31325701,47.5965,45.0029,507,35413,0.922741,0.75,2,352972,352465,507
31328621,47.1193,48.2006,505,35473,0.944548,0.79,2,353019,352514,505
31331541,11.0239,45.6401,462,35533,0.94891,0.79,2,353021,352559,462
31334461,39.0048,10.728,506,35592,0.933782,0.81,2,353067,352561,506
31480461,26,24,513,38448,0.75,1,2,355021,354508,513
31483381,30.8,33.6,509,38503,0.734,1,1,355053,354544,509
31486301,29.36,28.32,511,38558,0.7468,1,1,355082,354571,511
31489221,37.072,24.864,526,38613,0.62136,1,1,355121,354595,526
31492141,34.6144,38.5728,518,38668,0.532272,1,1,355155,354637,518
31495061,32.5229,62.9146,481,38723,0.498454,1,1,355187,354706,481
31497981,58.5046,56.5829,491,38778,0.379691,1,1,355252,354761,491
31500901,36.5009,48.9166,475,38832,0.355938,1,1,355283,354808,475
31503821,38.5002,34.5833,483,38886,0.287188,1,1,355322,354839,483
31506741,53.3,62.9167,470,38940,0.209438,0.97,1,355379,354909,470
31509661,30.66,35.7833,466,38994,0.193888,0.92,1,355404,354938,466
31512581,30.132,33.5567,463,39048,0.142778,0.87,1,355434,354971,463
31515501,24.4264,25.9113,462,39102,0.132555,0.75,1,355457,354995,462
31518421,20.0853,25.9823,455,39156,0.130511,0.73,1,355476,355021,455
31521341,27.2171,30.7965,452,39210,0.0981022,0.75,1,355505,355053,452
31524261,28.6434,29.3593,452,39264,0.12362,0.59,1,355534,355082,452
31527181,33.7287,37.0719,448,39318,0.112724,0.51,1,355569,355121,448
31530101,32.3457,34.6144,446,39372,0.110545,0.49,1,355601,355155,446
31533021,30.4691,32.5229,444,39426,0.110109,0.35,1,355631,355187,444
31535941,55.6938,58.5046,441,39480,0.158022,0.35,1,355693,355252,441
31538861,32.7388,36.5009,437,39533,0.183604,0.27,1,355720,355283,437
31541781,35.3478,38.5002,434,39586,0.204721,0.19,1,355756,355322,434
31544701,50.2696,53.3,431,39639,0.272944,0.19,1,355810,355379,431
31547621,28.4539,30.66,429,39692,0.318589,0.13,1,355833,355404,429
31550541,28.8908,30.132,428,39745,0.279718,0.13,1,355862,355434,428
31553461,24.9782,24.4264,429,39798,0.303944,0.13,1,355886,355457,429
31556381,17.7956,20.0853,426,39851,0.308789,0.09,1,355902,355476,426
31559301,26.7591,27.2171,426,39904,0.309758,0.13,1,355931,355505,426
31562221,27.7518,28.6434,425,39957,0.325952,0.11,1,355959,355534,425
31565141,33.5504,33.7287,425,40010,0.31319,0.11,1,355994,355569,425
31568061,32.3101,32.3457,425,40063,0.326638,0.11,1,356026,355601,425
31570981,31.262,6.46915,456,40116,0.377328,0.11,1,356057,355601,456
31573901,56.6524,25.2938,489,40169,0.419466,0.17,1,356120,355631,489
31576821,35.3305,54.6588,457,40222,0.443893,0.19,1,356150,355693,457
31579741,36.6661,32.5318,467,40274,0.464779,0.21,1,356187,355720,467
31582661,52.1332,35.3064,487,40326,0.468956,0.29,1,356243,355756,487
31585581,28.8266,50.2613,456,40378,0.485791,0.33,1,356266,355810,456
31588501,29.7653,28.4523,463,40430,0.489158,0.27,1,356296,355833,463
31591421,25.1531,28.8905,458,40482,0.505832,0.31,1,356320,355862,458
31594341,20.2306,24.9781,453,40534,0.525166,0.31,1,356339,355886,453
31597261,24.8461,17.7956,463,40586,0.497033,0.31,1,356365,355902,463
31600181,28.1692,26.7591,463,40638,0.507407,0.33,1,356394,355931,463
31603101,34.4338,27.7518,471,40690,0.541481,0.31,1,356430,355959,471
31606021,33.2868,33.5504,469,40742,0.580296,0.33,1,356463,355994,469
31608941,33.8574,32.3101,471,40794,0.604059,0.39,1,356497,356026,471
31611861,58.7715,31.262,505,40846,0.608812,0.43,1,356562,356057,505
31614781,36.5543,56.6524,473,40898,0.641762,0.45,1,356593,356120,473
31617701,37.7109,35.3305,481,40950,0.648352,0.47,1,356631,356150,481
31620621,52.3422,36.6661,500,41002,0.68167,0.47,1,356687,356187,500
31623541,29.6684,52.1332,468,41053,0.688334,0.49,1,356711,356243,468
31626461,30.7337,28.8266,476,41104,0.737667,0.49,1,356742,356266,476
31629381,25.3467,29.7653,470,41155,0.715533,0.51,1,356766,356296,470
31632301,19.4693,25.1531,464,41206,0.711107,0.53,1,356784,356320,464
31635221,24.6939,20.2306,471,41257,0.710221,0.49,1,356810,356339,471
31638141,29.7388,24.8461,476,41308,0.694044,0.51,1,356841,356365,476
31641061,35.5478,28.1692,484,41359,0.738809,0.55,1,356878,356394,484
31643981,35.9096,34.4338,484,41410,0.747762,0.59,1,356914,356430,484
31646901,34.3819,33.2868,485,41461,0.781552,0.61,2,356948,356463,485
31649821,59.6764,33.8574,517,41512,0.77231,0.61,2,357014,356497,517
31652741,13.5353,58.7715,454,41563,0.770462,0.65,2,357016,356562,454
31655661,27.5071,36.5543,454,41614,0.786092,0.65,2,357047,356593,454
31658581,35.9014,37.7109,454,41665,0.821218,0.69,2,357085,356631,454
31661501,53.5803,52.3422,456,41716,0.828244,0.69,2,357143,356687,456
31664421,29.9161,29.6684,456,41767,0.797649,0.75,2,357167,356711,456
31667341,31.5832,30.7337,457,41818,0.79153,0.71,2,357199,356742,457
31670261,25.5166,25.3467,457,41868,0.822306,0.71,2,357223,356766,457
31673181,19.5033,19.4693,457,41918,0.796461,0.71,2,357241,356784,457
31676101,24.7007,24.6939,457,41968,0.791292,0.69,2,357267,356810,457
31679021,29.7401,29.7388,457,42018,0.806258,0.75,2,357298,356841,457
31681941,37.148,35.5478,459,42068,0.841252,0.75,2,357337,356878,459
31684861,36.2296,35.9096,459,42118,0.81625,0.79,2,357373,356914,459
31687781,36.8459,34.3819,462,42168,0.82725,0.77,2,357410,356948,462
31690701,58.5692,59.6764,460,42218,0.89345,0.77,2,357474,357014,460
31693621,13.3138,13.5353,460,42268,0.90669,0.79,2,357476,357016,460
31696541,28.2628,27.5071,461,42318,0.909338,0.83,2,357508,357047,461
31896561,62,83,481,20647,0.81,1,2,359923,359442,481
31899481,79.6,67.8,501,20750,0.858,0.85,2,360007,359506,501
31902401,89.52,92.76,494,20852,0.8836,0.91,2,360099,359605,494
31905321,63.504,62.552,496,20954,0.92072,0.73,2,360156,359660,496
31908241,35.9008,51.7104,476,21055,0.912144,0.79,2,360185,359709,476
32106801,32,39,498,27056,0.41,1,1,364411,363913,498
32109721,56,67,486,27134,0.266,1,1,364473,363987,486
32112641,43.2,43.8,488,27212,0.0932,1,1,364513,364025,488
32115561,76.64,70.36,496,27290,0.02664,1,1,364598,364102,496
32118481,40.928,50.072,483,27368,0.045328,1,1,364630,364147,483
32121401,39.3856,48.4144,474,27445,0.0090656,0.89,1,364669,364195,474
32124321,46.2771,52.8829,468,27522,0.0258131,0.77,1,364717,364249,468
32127241,78.0554,89.7766,455,27599,0.0291626,0.65,1,364803,364348,455
32130161,37.2111,42.7553,451,27676,0.0138325,0.41,1,364830,364379,451
32133081,26.6422,34.1511,443,27753,0.0427665,0.23,1,364854,364411,443
32136001,42.9284,56.4302,428,27829,0.0645533,0.05,1,364901,364473,428
32138921,35.7857,43.286,422,27905,0.0529107,0.01,1,364935,364513,422
32141841,75.1571,76.6572,422,27981,0.0345821,0.05,1,365020,364598,422
32144761,41.4314,40.9314,423,28057,0.0149164,0,1,365053,364630,423
32147681,38.6863,39.3863,422,28132,0.0109833,0.03,1,365091,364669,422
32150601,46.1373,46.2773,422,28207,0.0101967,0.03,1,365139,364717,422
32153521,78.8274,78.0555,423,28282,0.122039,0.01,1,365226,364803,423
32156441,36.5655,37.2111,422,28357,0.112408,0.01,1,365252,364830,422
32159361,26.5131,7.44222,446,28432,0.142482,0.05,1,365276,364830,446
32162281,44.5026,20.6884,471,28506,0.116496,0.07,1,365325,364854,471
32165201,33.7005,41.7377,455,28580,0.0952993,0.05,1,365356,364901,455
32168121,74.7401,35.5475,506,28654,0.0910599,0.03,1,365441,364935,506
32171041,41.348,75.1095,454,28728,0.026212,0.01,1,365474,365020,454
32173961,38.6696,41.4219,459,28802,0.0292424,0.01,1,365512,365053,459
32176881,46.1339,38.6844,469,28876,0.0298485,0.01,1,365560,365091,469
32179801,82.8268,46.1369,513,28949,0.0299697,0.15,1,365652,365139,513
32182721,37.3654,78.8274,452,29022,0.0619939,0.11,1,365678,365226,452
32185641,26.6731,36.5655,450,29095,0.0683988,0.15,1,365702,365252,450
32188561,46.1346,26.5131,477,29168,0.0376798,0.11,1,365753,365276,477
32191481,30.0269,44.5026,454,29241,0.0475359,0.09,1,365779,365325,454
32194401,74.0054,33.7005,508,29313,0.0335072,0.09,1,365864,365356,508
32197321,39.6011,74.7401,454,29385,0.0467014,0.01,1,365895,365441,454
32200241,39.1202,41.348,460,29457,0.0333403,0.03,1,365934,365474,460
32203161,45.424,38.6696,469,29529,0.00666806,0.03,1,365981,365512,469
32206081,85.0848,46.1339,516,29601,0.0253336,0.03,1,366076,365560,516
32209001,37.817,82.8268,450,29673,0.0450667,0.07,1,366102,365652,450
32211921,26.7634,37.3654,448,29744,0.0490133,0.07,1,366126,365678,448
32214841,44.5527,26.6731,473,29815,0.0498027,0.03,1,366175,365702,473
32217761,10.5105,46.1346,424,29886,0.0499605,0.05,1,366177,365753,424
32220681,22.9021,30.0269,424,29957,0.0659921,0.03,1,366203,365779,424
32223601,73.3804,74.0054,425,30028,0.0691984,0.05,1,366289,365864,425
32226521,38.6761,39.6011,424,30098,0.0538397,0.03,1,366319,365895,424
32229441,38.1352,39.1202,423,30168,0.0667679,0,1,366357,365934,423
32232361,44.427,45.424,422,30238,0.0373536,0.03,1,366403,365981,422
32235281,86.4854,85.0848,424,30308,0.0314707,0.05,1,366500,366076,424
32238201,38.0971,37.817,424,30378,0.0622941,0.05,1,366526,366102,424
32241121,26.8194,26.7634,424,30448,0.0844588,0.05,1,366550,366126,424
32244041,44.5639,44.5527,424,30518,0.104892,0.05,1,366599,366175,424
32246961,10.5128,10.5105,424,30587,0.0769783,0.07,1,366601,366177,424
32249881,23.7026,22.9021,425,30656,0.119396,0.07,1,366628,366203,425
32252801,72.7405,73.3804,424,30725,0.207879,0.05,1,366713,366289,424
32255721,36.9481,38.6761,422,30794,0.225576,0.07,1,366741,366319,422
32258641,38.5896,38.1352,423,30863,0.229115,0.03,1,366780,366357,423
32261561,43.7179,44.427,422,30932,0.229823,0.03,1,366825,366403,422
32264481,86.3436,86.4854,422,31000,0.101965,0.07,1,366922,366500,422
32267401,38.8687,38.0971,423,31068,0.0603929,0.09,1,366949,366526,423
32270321,27.7737,26.8194,424,31136,0.0680786,0.11,1,366974,366550,424
32273241,45.5547,44.5639,425,31204,0.0696157,0.07,1,367024,366599,425
32276161,10.7109,10.5128,425,31272,0.0699231,0.13,1,367026,366601,425
32279081,24.5422,23.7026,426,31340,0.0699846,0.13,1,367054,366628,426
32282001,77.7084,4.74051,517,31408,0.117997,0.23,1,367145,366628,517
32284921,36.3417,68.9481,458,31475,0.127599,0.23,1,367171,366713,458
32287841,40.0683,36.1896,471,31542,0.16152,0.23,1,367212,366741,471
32290761,42.4137,38.4379,475,31609,0.200304,0.23,1,367255,366780,475
32293681,79.6827,43.6876,519,31676,0.256061,0.07,1,367344,366825,519
32296601,38.3365,86.3375,450,31743,0.283212,0.05,1,367372,366922,450
32299521,26.8673,38.8675,447,31810,0.304642,0.07,1,367396,366949,447
32302441,45.3735,27.7735,472,31877,0.308928,0.07,1,367446,366974,472
32305361,10.6747,45.5547,424,31943,0.309786,0.07,1,367448,367024,424
32308281,24.5349,10.7109,450,32009,0.309957,0.07,1,367476,367026,450
32311201,81.707,24.5422,518,32075,0.293991,0.13,1,367572,367054,518
32314121,37.1414,77.7084,453,32141,0.306798,0.13,1,367598,367145,453
32317041,41.8283,36.3417,470,32207,0.30936,0.17,1,367641,367171,470
32319961,45.1657,40.0683,475,32273,0.341872,0.21,1,367687,367212,475
32322881,82.6331,42.4137,524,32339,0.380374,0.27,1,367779,367255,524
32325801,38.9266,79.6827,463,32404,0.436075,0.29,1,367807,367344,463
32328721,27.7853,38.3365,460,32469,0.431215,0.31,1,367832,367372,460
32331641,45.5571,26.8673,486,32534,0.430243,0.31,1,367882,367396,486
32334561,10.7114,45.3735,438,32599,0.430049,0.31,1,367884,367446,438
32337481,25.3423,10.6747,465,32664,0.41401,0.31,1,367913,367448,465
32340401,80.2685,24.5349,531,32729,0.426802,0.29,1,368007,367476,531
32343321,17.6537,81.707,437,32794,0.42936,0.31,1,368009,367572,437
32346241,24.3307,37.1414,437,32858,0.461872,0.31,1,368035,367598,437
32349161,39.2661,41.8283,437,32922,0.484374,0.35,1,368078,367641,437
32352081,46.2532,45.1657,439,32986,0.504875,0.39,1,368126,367687,439
32355001,86.0506,82.6331,443,33050,0.524975,0.45,1,368222,367779,443
32357921,40.4101,38.9266,444,33114,0.544995,0.43,1,368251,367807,444
32360841,27.282,27.7853,443,33178,0.548999,0.43,1,368275,367832,443
32363761,45.4564,45.5571,443,33242,0.5978,0.43,1,368325,367882,443
32366681,10.6913,10.7114,443,33306,0.57556,0.41,1,368327,367884,443
32369601,26.1383,25.3423,444,33370,0.571112,0.43,1,368357,367913,444
32372521,79.6277,80.2685,443,33433,0.634222,0.43,1,368450,368007,443
32375441,17.5255,17.6537,443,33496,0.646845,0.47,1,368452,368009,443
32378361,24.3051,24.3307,443,33559,0.649369,0.49,1,368478,368035,443
32381281,40.861,39.2661,445,33622,0.649874,0.51,1,368523,368078,445
32384201,47.3722,46.2532,446,33685,0.697975,0.53,1,368572,368126,446
32387121,87.8744,86.0506,448,33748,0.755595,0.55,2,368670,368222,448
32390041,39.9749,40.4101,447,33811,0.783119,0.55,2,368698,368251,447
32392961,27.995,27.282,448,33874,0.820624,0.61,2,368723,368275,448
32395881,47.199,45.4564,450,33936,0.876125,0.57,2,368775,368325,450
32398801,11.0398,10.6913,450,33998,0.887225,0.57,2,368777,368327,450
32401721,26.208,26.1383,450,34060,0.889445,0.65,2,368807,368357,450
32404641,81.2416,79.6277,452,34122,0.873889,0.65,2,368902,368450,452
32407561,17.8483,17.5255,452,34184,0.838778,0.65,2,368904,368452,452
32410481,24.3697,24.3051,452,34246,0.879756,0.65,2,368930,368478,452
32413401,42.4739,4.86102,499,34308,0.871951,0.65,2,368977,368478,499
32416321,49.2948,36.9722,505,34370,0.90239,0.71,2,369028,368523,505
32419241,90.659,46.5944,557,34432,0.940478,0.77,2,369129,368572,557
32592981,86,108,511,17042,0.09,1,1,371691,371180,511
32595901,89.2,101.6,501,17167,0.058,0.83,1,371781,371280,501
32598821,76.24,84.32,494,17291,0.0356,0.53,1,371854,371360,494
32601741,42.448,69.664,462,17414,0.03112,0.45,1,371888,371426,462
32604661,118.89,38.7328,569,17536,0.062224,0.03,1,372026,371457,569
32607581,95.7779,126.147,511,17657,0.0364448,0.09,1,372116,371605,511
32610501,88.7556,94.0293,512,17777,0.015289,0.05,1,372203,371691,512
32613421,76.9511,90.8059,496,17896,0.0750578,0.03,1,372277,371781,496
32616341,42.5902,76.5612,457,18015,0.0390116,0.03,1,372311,371854,457
32619261,10.118,42.5122,425,18133,0.0638023,0.07,1,372313,371888,425
32622181,110.824,118.902,423,18250,0.0847605,0.03,1,372449,372026,423
32625101,94.1647,95.7805,423,18366,0.0249521,0.01,1,372539,372116,423
32628021,87.6329,88.7561,422,18482,0.0289904,0.09,1,372625,372203,422
32630941,78.3266,76.9512,424,18597,0.109798,0.03,1,372701,372277,424
32633861,42.0653,42.5902,423,18711,0.14196,0.07,1,372734,372311,423
32636781,10.0131,10.118,423,18824,0.148392,0.09,1,372736,372313,423
32639701,113.203,110.824,426,18937,0.149678,0.01,1,372875,372449,426
32642621,91.4405,94.1647,422,19049,0.197936,0.03,1,372961,372539,422
32645541,87.8881,87.6329,423,19160,0.175587,0.13,1,373048,372625,423
32648461,80.7776,78.3266,426,19271,0.203117,0.15,1,373127,372701,426
32651381,43.3555,42.0653,427,19381,0.256624,0.15,1,373161,372734,427
32654301,10.2711,10.0131,427,19490,0.235325,0.15,1,373163,372736,427
32657221,114.854,113.203,429,19599,0.263065,0.15,1,373304,372875,429
32660141,90.9708,22.6405,514,19707,0.236613,0.21,1,373389,372875,514
32663061,88.5942,73.3281,516,19815,0.279323,0.17,1,373477,372961,516
32665981,82.5188,84.2656,510,19922,0.287865,0.21,1,373558,373048,510
32668901,44.5038,80.0531,466,20028,0.305573,0.27,1,373593,373127,466
32671821,10.5008,43.2106,434,20134,0.309115,0.23,1,373595,373161,434
32674741,116.5,10.2421,575,20239,0.357823,0.27,1,373738,373163,575
32677661,92.1,114.848,520,20344,0.367565,0.23,1,373824,373304,520
32680581,88.82,90.9697,523,20448,0.449513,0.29,1,373912,373389,523
32683501,82.564,88.5939,516,20552,0.465903,0.29,1,373993,373477,516
32686421,45.3128,82.5188,471,20655,0.48518,0.31,1,374029,373558,471
32689341,10.6626,44.5038,438,20758,0.489036,0.31,1,374031,373593,438
32692261,118.933,10.5008,582,20860,0.521807,0.37,1,374177,373595,582
32695181,92.5865,116.5,525,20962,0.560362,0.37,1,374263,373738,525
32698101,20.1173,92.1,441,21063,0.584072,0.47,1,374265,373824,441
32701021,77.6235,88.82,445,21164,0.636814,0.47,1,374357,373912,445
32703941,80.3247,82.564,445,21264,0.727363,0.49,1,374438,373993,445
32706861,45.6649,45.3128,446,21364,0.761473,0.49,2,374475,374029,446
32709781,10.733,10.6626,446,21463,0.768295,0.53,2,374477,374031,446
32712701,120.547,118.933,448,21562,0.785659,0.57,2,374625,374177,448
32715621,95.3093,92.5865,451,21660,0.837132,0.59,2,374714,374263,451
32718541,20.6619,20.1173,451,21758,0.847426,0.65,2,374716,374265,451
32721461,80.1324,77.6235,454,21855,0.865485,0.75,2,374811,374357,454
32724381,83.2265,80.3247,457,21952,0.917097,0.77,2,374895,374438,457
32829501,69,85,483,25195,0.57,1,1,377191,376708,483
32832421,82.6,80.2,490,25279,0.41,1,1,377277,376787,490
32835341,41.32,48.84,480,25363,0.394,1,1,377308,376828,480
32838261,37.064,35.368,484,25447,0.3748,1,1,377344,376860,484
32841181,33.0128,7.0736,516,25530,0.33896,0.95,1,377376,376860,516
32844101,79.4026,32.6147,568,25613,0.235792,0.92,1,377467,376899,568
32847021,71.8805,85.7229,539,25696,0.151158,0.93,1,377537,376998,539
32849941,48.7761,76.3446,508,25778,0.182232,0.83,1,377580,377072,508
32852861,60.9552,55.2689,522,25860,0.220446,0.57,1,377644,377122,522
32855781,70.591,66.2538,526,25942,0.228089,0.37,1,377717,377191,526
32858701,39.7182,82.0508,472,26024,0.197618,0.39,1,377749,377277,472
32861621,34.3436,41.2102,474,26105,0.175524,0.37,1,377782,377308,474
32864541,33.2687,37.042,471,26186,0.235105,0.33,1,377815,377344,471
32867461,73.0537,33.0084,522,26267,0.231021,0.21,1,377898,377376,522
32870381,67.4107,79.4017,497,26348,0.326204,0.13,1,377964,377467,497
32873301,49.4821,71.8803,472,26428,0.313241,0.19,1,378009,377537,472
32876221,61.8964,48.7761,494,26508,0.310648,0.23,1,378074,377580,494
32879141,70.7793,60.9552,503,26588,0.34213,0.23,1,378147,377644,503
32882061,38.1559,70.591,460,26668,0.348426,0.19,1,378177,377717,460
32884981,36.4312,39.7182,464,26747,0.365685,0.17,1,378213,377749,464
32887901,35.2862,34.3436,466,26826,0.417137,0.25,1,378248,377782,466
32890821,72.6572,33.2687,515,26905,0.475427,0.23,1,378330,377815,515
32893741,16.1314,73.0537,434,26984,0.487085,0.35,1,378332,377898,434
32896661,60.0263,67.4107,439,27062,0.553417,0.31,1,378403,377964,439
32899581,47.2053,49.4821,438,27140,0.566683,0.31,1,378447,378009,438
32902501,60.6411,61.8964,437,27218,0.601337,0.35,1,378511,378074,437
32905421,72.1282,70.7793,439,27296,0.624267,0.35,1,378586,378147,439
32908341,38.4256,38.1559,439,27374,0.644853,0.37,1,378616,378177,439
32911261,38.0851,36.4312,441,27451,0.680971,0.43,1,378654,378213,441
32914181,37.217,35.2862,443,27528,0.672194,0.49,1,378691,378248,443
32917101,75.4434,72.6572,446,27605,0.686439,0.49,1,378776,378330,446
32920021,16.6887,16.1314,446,27682,0.721288,0.57,1,378778,378332,446
32922941,63.3377,60.0263,450,27759,0.712258,0.57,1,378853,378403,450
32925861,47.8675,47.2053,450,27835,0.710451,0.61,1,378897,378447,450
32928781,62.3735,60.6411,452,27911,0.77409,0.63,2,378963,378511,452
32931701,74.0747,72.1282,454,27987,0.786818,0.65,2,379040,378586,454
32934621,38.8149,38.4256,454,28063,0.805364,0.69,2,379070,378616,454
32937541,39.763,38.0851,456,28138,0.825073,0.67,2,379110,378654,456
32940461,36.7526,37.217,455,28213,0.861015,0.69,2,379146,378691,455
32943381,76.1505,75.4434,456,28288,0.868203,0.73,2,379232,378776,456
32946301,16.8301,16.6887,456,28363,0.837641,0.73,2,379234,378778,456
32949221,63.366,3.33774,531,28438,0.847528,0.71,2,379309,378778,531
32952141,47.8732,60.6675,500,28512,0.849506,0.71,2,379353,378853,500
32955061,63.9746,47.3335,524,28586,0.865901,0.79,2,379421,378897,524
32957981,75.9949,62.2667,537,28660,0.90118,0.79,2,379500,378963,537
33063101,35,48,488,31207,0.83,1,2,381261,380773,488
33066021,32.6,36.8,486,31275,0.782,1,2,381293,380807,486
33068941,45.72,40.16,494,31343,0.6604,1,1,381342,380848,494
33071861,57.144,8.032,554,31411,0.57208,1,1,381402,380848,554
33074781,43.4288,62.4064,518,31478,0.490416,0.98,1,381442,380924,518
33077701,38.2858,42.0813,518,31545,0.394083,1,1,381479,380961,518
33080621,40.4572,47.6163,510,31612,0.406817,1,1,381520,381010,510
33083541,76.8914,38.3233,560,31679,0.233363,1,1,381606,381046,560
33086461,40.9783,80.4647,501,31746,0.134673,0.94,1,381638,381137,501
33089381,48.1957,44.0929,516,31813,0.114935,0.85,1,381688,381172,516
33092301,34.4391,52.0186,493,31880,0.110987,0.83,1,381719,381226,493
33095221,30.0878,38.4037,487,31946,0.0781974,0.77,1,381748,381261,487
33098141,46.0176,33.2807,505,32012,0.0556395,0.63,1,381798,381293,505
33101061,52.4035,45.8561,510,32078,0.0671279,0.55,1,381852,381342,510
33103981,39.2807,57.1712,486,32144,0.0534256,0.47,1,381888,381402,486
33106901,35.0561,43.4342,480,32210,0.0666851,0.37,1,381922,381442,480
33109821,35.8112,38.2868,479,32276,0.117337,0.41,1,381958,381479,479
33112741,68.7622,40.4574,515,32342,0.127467,0.19,1,382035,381520,515
33115661,39.3524,76.8915,461,32407,0.145493,0.11,1,382067,381606,461
33118581,46.2705,40.9783,477,32472,0.165099,0.11,1,382115,381638,477
33121501,30.8541,48.1957,454,32537,0.23302,0.11,1,382142,381688,454
33124421,28.5708,34.4391,451,32602,0.262604,0.07,1,382170,381719,451
33127341,44.9142,30.0878,471,32667,0.284521,0.05,1,382219,381748,471
33130261,53.7828,46.0176,477,32732,0.240904,0.07,1,382275,381798,477
33133181,12.3566,52.4035,425,32797,0.264181,0.05,1,382277,381852,425
33136101,32.0713,39.2807,426,32861,0.316836,0.07,1,382314,381888,426
33139021,32.0143,35.0561,424,32925,0.327367,0.13,1,382346,381922,424
33141941,37.6029,35.8112,427,32989,0.361473,0.13,1,382385,381958,427
33144861,69.9206,68.7622,428,33053,0.384295,0.15,1,382463,382035,428
33147781,41.1841,39.3524,430,33117,0.404859,0.17,1,382497,382067,430
33150701,48.2368,46.2705,432,33181,0.424972,0.25,1,382547,382115,432
33153621,32.8474,30.8541,434,33245,0.428994,0.27,1,382576,382142,434
33156541,29.7695,28.5708,435,33309,0.461799,0.29,1,382605,382170,435
33159461,45.9539,44.9142,436,33372,0.50036,0.23,1,382655,382219,436
33162381,53.1908,53.7828,435,33435,0.476072,0.27,1,382710,382275,435
33165301,12.2382,12.3566,435,33498,0.519214,0.33,1,382712,382277,435
33168221,32.8476,32.0713,436,33561,0.495843,0.33,1,382750,382314,436
33171141,33.7695,32.0143,438,33624,0.523169,0.37,1,382784,382346,438
33174061,38.7539,37.6029,439,33687,0.544634,0.39,1,382824,382385,439
33176981,71.7508,69.9206,441,33750,0.580927,0.41,1,382904,382463,441
33179901,41.5502,41.1841,441,33813,0.556185,0.43,1,382938,382497,441
33182821,49.91,48.2368,443,33876,0.567237,0.43,1,382990,382547,443
33185741,33.982,32.8474,444,33938,0.633447,0.47,1,383020,382576,444
33188661,30.7964,29.7695,445,34000,0.63069,0.51,1,383050,382605,445
33191581,46.1593,45.9539,445,34062,0.694138,0.47,1,383100,382655,445
33194501,54.0319,53.1908,446,34124,0.674828,0.53,1,383156,382710,446
33197421,12.4064,12.2382,446,34186,0.638966,0.49,1,383158,382712,446
33200341,32.8813,32.8476,446,34248,0.631793,0.49,1,383196,382750,446
33203261,35.3763,6.56953,482,34310,0.614359,0.53,1,383232,382750,482
33206181,37.4753,28.5139,486,34372,0.610872,0.55,1,383270,382784,486
33209101,73.095,37.7028,528,34434,0.626174,0.59,1,383352,382824,528
33212021,41.819,71.5406,482,34495,0.677235,0.55,1,383386,382904,482
33214941,51.5638,41.5081,502,34556,0.719447,0.57,1,383440,382938,502
33217861,35.1128,49.9016,481,34617,0.711889,0.65,1,383471,382990,481
33220781,32.6226,33.9803,483,34678,0.758378,0.63,2,383503,383020,483
33223701,47.3245,30.7961,504,34739,0.767676,0.71,2,383554,383050,504
33226621,52.6649,46.1592,508,34800,0.769535,0.67,2,383608,383100,508
33229541,12.133,54.0318,454,34861,0.769907,0.63,2,383610,383156,454
33232461,33.6266,12.4064,491,34922,0.801981,0.63,2,383649,383158,491
33235381,33.9253,32.8813,487,34983,0.808396,0.61,2,383683,383196,487
33238301,37.1851,35.3763,489,35043,0.825679,0.61,2,383721,383232,489
33241221,73.837,37.4753,534,35103,0.861136,0.63,2,383804,383270,534
33244141,44.3674,73.095,489,35163,0.884227,0.69,2,383841,383352,489
33247061,53.6735,41.819,511,35223,0.888845,0.73,2,383897,383386,511
33249981,34.7347,51.5638,487,35283,0.889769,0.71,2,383927,383440,487
33252901,34.9469,35.1128,491,35343,0.873954,0.77,2,383962,383471,491
33255821,47.7894,32.6226,510,35403,0.934791,0.77,2,384013,383503,510
33372621,32,34,508,37717,0.86,1,2,385580,385072,508
33375541,27.2,28.4,507,37773,0.884,1,2,385606,385099,507
33378461,20.64,28.08,498,37829,0.8088,1,2,385625,385127,498
33381381,60.928,16.016,556,37885,0.58576,1,1,385696,385140,556
33384301,48.1856,67.2032,521,37941,0.461152,1,1,385741,385220,521
33387221,47.2371,50.2406,522,37997,0.32423,1,1,385788,385266,522
33390141,32.6474,46.8481,505,38053,0.232846,1,1,385817,385312,505
33393061,42.5295,39.7696,512,38109,0.0465692,1,1,385862,385350,512
33395981,38.1059,36.7539,513,38164,0.0333138,1,1,385899,385386,513
33398901,58.0212,40.9508,534,38219,0.0146628,0.92,1,385962,385428,534
33401821,30.0042,59.3902,493,38274,0.00293255,0.94,1,385985,385492,493
33404741,28.4008,31.078,497,38329,0.0405865,0.95,1,386013,385516,497
33407661,29.6802,31.8156,495,38384,0.0641173,0.86,1,386043,385548,495
33410581,24.336,31.9631,486,38439,0.0528235,0.89,1,386066,385580,486
33413501,17.6672,27.1926,476,38494,0.0505647,0.79,1,386082,385606,476
33416421,53.1334,20.6385,519,38549,0.0821129,0.53,1,386144,385625,519
33419341,39.4267,60.9277,484,38604,0.0404226,0.43,1,386180,385696,484
33422261,9.48534,48.1855,441,38659,0.0320845,0.29,1,386182,385741,441
33425181,35.4971,47.2371,436,38714,0.0944169,0.21,1,386224,385788,436
33428101,27.0994,32.6474,432,38769,0.0588834,0,1,386249,385817,432
33431021,35.0199,42.5295,424,38823,0.0357767,0.03,1,386286,385862,424
33433941,35.804,38.1059,423,38877,0.0151553,0.01,1,386322,385899,423
33436861,56.7608,58.0212,422,38931,0.00303107,0,1,386384,385962,422
33439781,29.7522,30.0042,422,38985,0.0246062,0.05,1,386407,385985,422
33442701,30.7504,28.4008,425,39039,0.0769212,0.07,1,386438,386013,425
33445621,30.1501,29.6802,425,39093,0.0873843,0.05,1,386468,386043,425
33448541,24.43,24.336,425,39147,0.105477,0.05,1,386491,386066,425
33451461,15.286,17.6672,422,39201,0.141095,0.09,1,386504,386082,422
33454381,55.0572,53.1334,425,39255,0.148219,0.03,1,386569,386144,425
33457301,38.2114,39.4267,423,39309,0.149644,0.03,1,386603,386180,423
33460221,9.24229,9.48534,423,39363,0.149929,0.11,1,386605,386182,423
33463141,37.8485,35.4971,426,39417,0.133986,0.05,1,386650,386224,426
33466061,27.5697,27.0994,426,39471,0.162797,0.03,1,386675,386249,426
33468981,31.9139,35.0199,422,39525,0.200559,0.01,1,386708,386286,422
33471901,35.1828,35.804,422,39578,0.208112,0,1,386744,386322,422
33474821,56.6366,56.7608,422,39631,0.0416224,0.03,1,386806,386384,422
33477741,29.7273,29.7522,422,39684,0.0323245,0.09,1,386829,386407,422
33480661,32.3455,30.7504,424,39737,0.0304649,0.09,1,386862,386438,424
33483581,31.2691,30.1501,425,39790,0.046093,0.11,1,386893,386468,425
33486501,26.2538,24.43,427,39843,0.0492186,0.15,1,386918,386491,427
33489421,17.2508,15.286,429,39896,0.0658437,0.15,1,386933,386504,429
33492341,53.8502,55.0572,427,39949,0.101169,0.15,1,386996,386569,427
33495261,36.37,38.2114,425,40002,0.140234,0.15,1,387028,386603,425
33498181,8.87401,9.24229,425,40055,0.164047,0.13,1,387030,386605,425
33501101,39.3748,37.8485,427,40108,0.152809,0.13,1,387077,386650,427
33504021,30.275,7.56969,455,40161,0.118562,0.17,1,387105,386650,455
33506941,33.255,21.5139,464,40214,0.0797124,0.21,1,387139,386675,464
33509861,33.851,30.7028,465,40267,0.0879425,0.21,1,387173,386708,465
33512781,49.9702,34.9406,483,40319,0.0895885,0,1,387227,386744,483
33515701,28.394,56.5881,444,40371,0.0259177,0.03,1,387250,386806,444
33518621,32.8788,29.7176,455,40423,0.0291835,0.03,1,387284,386829,455
33521541,32.1758,32.3435,454,40475,0.0298367,0.05,1,387316,386862,454
33524461,26.4352,31.2687,448,40527,0.0459673,0.05,1,387341,386893,448
33527381,18.887,26.2537,440,40579,0.0651935,0.07,1,387358,386918,440
33530301,54.9774,17.2507,489,40631,0.0530387,0.11,1,387422,386933,489
33533221,37.3955,53.8502,459,40683,0.0986077,0.15,1,387455,386996,459
33536141,9.0791,36.37,429,40735,0.107722,0.17,1,387457,387028,429
33539061,38.6158,8.87401,473,40787,0.109544,0.15,1,387503,387030,473
33541981,28.5232,39.3748,452,40839,0.109909,0.11,1,387529,387077,452
33544901,32.9046,30.275,458,40891,0.125982,0.07,1,387563,387105,458
33547821,35.3809,33.255,460,40943,0.129196,0.09,1,387599,387139,460
33550741,47.8762,33.851,477,40995,0.161839,0.09,1,387650,387173,477
33553661,26.3752,49.9702,444,41046,0.184368,0.01,1,387671,387227,444
33556581,33.275,28.394,456,41097,0.0768736,0.03,1,387706,387250,456
33559501,33.855,32.8788,456,41148,0.0553747,0.03,1,387740,387284,456
33562421,25.971,32.1758,448,41199,0.0350749,0.05,1,387764,387316,448
33565341,17.9942,26.4352,439,41250,0.031015,0.07,1,387780,387341,439
33568261,55.5988,18.887,487,41301,0.062203,0.05,1,387845,387358,487
33571181,39.9198,54.9774,459,41352,0.0844406,0.11,1,387881,387422,459
33574101,9.58395,37.3955,428,41403,0.0888881,0.11,1,387883,387455,428
33577021,38.7168,9.0791,472,41454,0.137778,0.11,1,387929,387457,472
33579941,28.5434,38.6158,452,41505,0.147556,0.11,1,387955,387503,452
33582861,7.30867,28.5232,428,41556,0.149511,0.13,1,387957,387529,428
33585781,28.6617,32.9046,428,41607,0.149902,0.13,1,387991,387563,428
33588701,35.3323,35.3809,429,41658,0.18198,0.17,1,388028,387599,429
33591621,48.6665,47.8762,430,41709,0.236396,0.19,1,388080,387650,430
33594541,24.1333,26.3752,427,41760,0.295279,0.05,1,388098,387671,427
33597461,30.4267,33.275,424,41811,0.339056,0.05,1,388130,387706,424
33600381,31.6853,33.855,422,41861,0.363811,0.03,1,388162,387740,422
33603301,26.3371,25.971,423,41911,0.352762,0.03,1,388187,387764,423
33606221,18.0674,17.9942,423,41961,0.318552,0.07,1,388203,387780,423
33609141,58.0135,55.5988,426,42011,0.359711,0.09,1,388271,387845,426
33612061,42.0027,39.9198,428,42061,0.351942,0.09,1,388309,387881,428
33614981,10.0005,9.58395,428,42111,0.350388,0.15,1,388311,387883,428
33617901,39.6001,38.7168,429,42161,0.430078,0.15,1,388358,387929,429
33620821,28.72,28.5434,429,42211,0.414016,0.15,1,388384,387955,429
33623741,7.344,7.30867,429,42261,0.410803,0.15,1,388386,387957,429
33626661,28.6688,28.6617,429,42311,0.458161,0.19,1,388420,387991,429
33629581,36.9338,35.3323,431,42361,0.467632,0.25,1,388459,388028,431
33632501,52.1868,48.6665,435,42411,0.517526,0.31,1,388515,388080,435
33635421,24.8374,24.1333,435,42461,0.527505,0.35,1,388533,388098,435
33638341,32.1675,30.4267,437,42511,0.561501,0.37,1,388567,388130,437
33641261,32.8335,31.6853,438,42561,0.5203,0.35,1,388600,388162,438
33644181,25.7667,26.3371,437,42611,0.51206,0.31,1,388624,388187,437
33647101,17.9533,18.0674,437,42661,0.510412,0.37,1,388640,388203,437
33650021,58.7907,58.0135,438,42710,0.542082,0.35,1,388709,388271,438
33652941,42.9581,42.0027,439,42759,0.612417,0.35,1,388748,388309,439
33655861,10.1916,10.0005,439,42808,0.594483,0.45,1,388750,388311,439
33658781,42.0383,39.6001,442,42857,0.574897,0.41,1,388800,388358,442
33661701,29.2077,28.72,442,42906,0.618979,0.41,1,388826,388384,442
33664621,7.44153,7.344,442,42955,0.627796,0.47,1,388828,388386,442
33667541,29.4883,28.6688,443,43004,0.645559,0.47,1,388863,388420,443
33670461,37.8977,5.73376,483,43053,0.665112,0.47,1,388903,388420,483
33673381,53.1795,32.3468,501,43102,0.669022,0.53,1,388960,388459,501
33676301,25.8359,51.2693,464,43151,0.669804,0.53,1,388979,388515,464
33679221,33.1672,24.6539,481,43200,0.653961,0.57,1,389014,388533,481
33682141,32.2334,32.1308,479,43249,0.650792,0.51,1,389046,388567,479
33685061,25.6467,32.8262,470,43298,0.666158,0.51,1,389070,388600,470
33687981,17.9293,25.7652,462,43347,0.669232,0.51,1,389086,388624,462
33690901,60.3859,17.953,517,43396,0.701846,0.55,1,389157,388640,517
33693821,44.8772,58.7906,489,43445,0.740369,0.63,1,389198,388709,489
33696741,10.5754,42.9581,452,43494,0.748074,0.59,1,389200,388748,452
33699661,42.1151,10.1916,500,43543,0.717615,0.57,1,389250,388750,500
33702581,29.223,42.0383,476,43591,0.727523,0.63,1,389276,388800,476
33705501,7.4446,29.2077,452,43639,0.729505,0.63,1,389278,388826,452
33708421,30.2889,7.44153,486,43687,0.745901,0.65,1,389314,388828,486
33711341,40.4578,29.4883,494,43735,0.74918,0.67,1,389357,388863,494
33714261,54.4916,37.8977,512,43783,0.749836,0.67,1,389415,388903,512
33717181,25.2983,53.1795,473,43831,0.781967,0.67,2,389433,388960,473
33720101,32.2597,25.8359,488,43879,0.788393,0.65,2,389467,388979,488
33723021,32.0519,33.1672,485,43927,0.805679,0.65,2,389499,389014,485
33725941,26.4104,32.2334,478,43975,0.825136,0.67,2,389524,389046,478
33728861,18.0821,25.6467,470,44023,0.829027,0.67,2,389540,389070,470
33731781,62.0164,17.9293,527,44071,0.829805,0.71,2,389613,389086,527
33734701,46.8033,60.3859,499,44119,0.813961,0.75,2,389656,389157,499
33737621,10.9607,44.8772,460,44167,0.810792,0.75,2,389658,389198,460
33740541,40.5921,10.5754,506,44215,0.826158,0.71,2,389706,389200,506
33743461,29.7184,42.1151,483,44263,0.877232,0.73,2,389733,389250,483
33746381,7.54368,29.223,459,44311,0.887446,0.73,2,389735,389276,459
33749301,31.1087,7.4446,494,44359,0.905489,0.75,2,389772,389278,494
33752221,40.6217,30.2889,501,44407,0.925098,0.75,2,389815,389314,501
33755141,55.3244,40.4578,517,44455,0.92902,0.75,2,389874,389357,517
33758061,12.6649,54.4916,461,44502,0.929804,0.79,2,389876,389415,461
33939101,36,34,513,47351,0.67,1,1,391875,391362,513
33942021,28.8,30.8,510,47396,0.59,1,1,391902,391392,510
33944941,36.16,22.96,527,47440,0.494,1,1,391940,391413,527
33947861,28.832,16.592,539,47484,0.4588,1,1,391967,391428,539
33950781,27.3664,22.5184,542,47528,0.33976,1,1,391994,391452,542
34000421,387.873,472.504,435,21900,0.107952,0.11,1,392472,392037,435
34003341,131.975,144.901,440,21997,0.10959,0.03,1,392540,392100,440
34006261,95.1949,79.3801,463,22093,0.0299181,0.03,1,392626,392163,463
34009181,73.439,79.076,452,22189,0.0619836,0.07,1,392694,392242,452
34012101,59.4878,61.4152,451,22285,0.0843967,0.09,1,392750,392299,451
34015021,56.6976,53.883,455,22380,0.136879,0.03,1,392806,392351,455
34017941,47.3395,72.3766,423,22475,0.0993759,0.03,1,392851,392428,423
34020861,27.8679,20.8753,438,22569,0.0598752,0.05,1,392874,392436,438
34023781,77.5736,32.9751,492,22663,0.051975,0.11,1,392964,392472,492
34026701,85.1147,60.995,511,22757,0.082395,0.01,1,393051,392540,511
34029621,72.2229,80.999,494,22850,0.104479,0.07,1,393120,392626,494
34032541,58.4446,70.5998,481,22943,0.140896,0.09,1,393175,392694,481
34035461,58.8889,58.92,484,23035,0.164179,0.15,1,393234,392750,484
34038381,44.5778,56.584,469,23127,0.200836,0.09,1,393275,392806,469
34041301,26.5156,47.3168,446,23219,0.208167,0.05,1,393297,392851,446
34044221,77.3031,27.8634,513,23310,0.177633,0.05,1,393387,392874,513
34047141,86.6606,77.5727,512,23401,0.219527,0.09,1,393476,392964,512
34050061,73.3321,85.1145,495,23492,0.195905,0.11,1,393546,393051,495
34052981,60.2664,72.2229,483,23582,0.175181,0.15,1,393603,393120,483
34055901,60.0533,58.4446,488,23672,0.203036,0.17,1,393663,393175,488
34058821,46.4107,58.8889,472,23762,0.240607,0.21,1,393706,393234,472
34061741,26.8821,44.5778,453,23851,0.264121,0.21,1,393728,393275,453
34064661,76.5764,26.5156,520,23940,0.316824,0.17,1,393817,393297,520
34067581,16.9153,77.3031,432,24029,0.327365,0.23,1,393819,393387,432
34070501,75.3831,86.6606,433,24117,0.409473,0.19,1,393909,393476,433
34073421,69.4766,73.3321,431,24205,0.441895,0.17,1,393977,393546,431
34076341,59.4953,60.2664,431,24293,0.480379,0.21,1,394034,393603,431
34079261,61.4991,60.0533,433,24380,0.504076,0.25,1,394096,393663,433
34082181,48.2998,46.4107,435,24467,0.540815,0.27,1,394141,393706,435
34085101,27.26,26.8821,435,24554,0.516163,0.33,1,394163,393728,435
34088021,80.652,76.5764,440,24640,0.575233,0.33,1,394257,393817,440
34090941,17.7304,16.9153,440,24726,0.587047,0.43,1,394259,393819,440
34093861,76.3461,75.3831,441,24812,0.605409,0.45,1,394350,393909,441
34096781,70.4692,69.4766,442,24897,0.641082,0.49,1,394419,393977,442
34099701,61.2938,59.4953,444,24982,0.696216,0.51,1,394478,394034,444
34102621,64.2588,61.4991,447,25067,0.691243,0.55,1,394543,394096,447
34105541,48.8518,48.2998,447,25152,0.738249,0.51,1,394588,394141,447
34108461,28.9704,27.26,449,25236,0.71565,0.59,1,394612,394163,449
34111381,82.5941,80.652,451,25320,0.79113,0.59,2,394708,394257,451
34114301,18.1188,17.7304,451,25404,0.774226,0.61,2,394710,394259,451
34117221,77.2238,76.3461,452,25487,0.770845,0.61,2,394802,394350,452
34120141,69.8448,15.2692,520,25570,0.786169,0.65,2,394870,394350,520
34123061,63.569,58.2538,513,25653,0.821234,0.71,2,394932,394419,513
34125981,65.5138,58.8508,520,25736,0.860247,0.69,2,394998,394478,520
34128901,49.9028,63.7702,501,25818,0.884049,0.75,2,395044,394543,501
34131821,29.9806,48.754,481,25900,0.87281,0.71,2,395069,394588,481
34242781,67,35,545,28846,0.71,1,1,397173,396628,545
34245701,72.6,65.4,546,28919,0.486,1,1,397247,396701,546
34248621,39.32,64.28,513,28992,0.4092,1,1,397278,396765,513
34251541,37.464,36.856,520,29065,0.32984,1,1,397315,396795,520
34254461,41.8928,43.3712,518,29138,0.361968,1,1,397358,396840,518
34257381,50.7786,39.8742,532,29211,0.368394,1,1,397411,396879,532
34260301,31.7557,57.5748,497,29283,0.321679,1,1,397438,396941,497
34263221,78.3511,34.715,558,29355,0.184336,0.85,1,397528,396970,558
34266141,42.0702,86.143,492,29427,0.156867,0.81,1,397561,397069,492
34269061,58.814,46.8286,518,29499,0.135373,0.71,1,397624,397106,518
34271981,65.3628,62.9657,518,29571,0.147075,0.43,1,397691,397173,518
34274901,35.4726,71.7931,472,29643,0.149415,0.39,1,397719,397247,472
34277821,36.6945,39.1586,478,29714,0.181883,0.31,1,397756,397278,478
34280741,40.1389,37.4317,482,29785,0.236377,0.37,1,397797,397315,482
34283661,9.62778,41.8863,441,29856,0.247275,0.37,1,397799,397358,441
34286581,42.7256,50.7773,439,29927,0.265455,0.31,1,397850,397411,439
34289501,28.5451,31.7555,437,29998,0.253091,0.15,1,397875,397438,437
34292421,72.109,78.3511,430,30069,0.314618,0.15,1,397958,397528,430
34295341,40.0218,42.0702,429,30139,0.342924,0.13,1,397990,397561,429
34298261,56.0044,58.814,426,30209,0.380585,0.15,1,398050,397624,426
34301181,67.2009,65.3628,429,30279,0.452117,0.15,1,398120,397691,429
34304101,35.8402,35.4726,429,30349,0.434423,0.19,1,398148,397719,429
34307021,38.368,36.6945,431,30419,0.478885,0.25,1,398187,397756,431
34309941,42.8736,40.1389,434,30489,0.455777,0.25,1,398231,397797,434
34312861,10.1747,9.62778,434,30558,0.483155,0.27,1,398233,397799,434
34315781,43.6349,42.7256,435,30627,0.504631,0.25,1,398285,397850,435
34318701,27.927,28.5451,434,30696,0.492926,0.33,1,398309,397875,434
34321621,73.5854,72.109,436,30765,0.538585,0.35,1,398394,397958,436
34324541,41.1171,40.0218,437,30834,0.531717,0.39,1,398427,397990,437
34327461,60.2234,56.0044,442,30903,0.546343,0.47,1,398492,398050,442
34330381,68.8447,67.2009,443,30971,0.581269,0.43,1,398563,398120,443
34333301,36.9689,35.8402,444,31039,0.572254,0.49,1,398592,398148,444
34336221,38.5938,38.368,444,31107,0.618451,0.45,1,398631,398187,444
34339141,42.9188,42.8736,444,31175,0.64369,0.49,1,398675,398231,444
34342061,10.1838,10.1747,444,31243,0.616738,0.51,1,398677,398233,444
34344981,44.4368,43.6349,445,31311,0.627348,0.51,1,398730,398285,445
34347901,28.0874,8.72699,469,31379,0.62947,0.49,1,398754,398285,469
34350821,74.4175,20.9454,531,31446,0.629894,0.55,1,398840,398309,531
34353741,42.0835,72.1891,480,31513,0.661979,0.53,1,398874,398394,480
34356661,60.4167,40.8378,512,31580,0.700396,0.55,1,398939,398427,512
34359581,69.6833,60.1676,519,31647,0.756079,0.59,2,399011,398492,519
34362501,37.1367,68.8335,477,31714,0.799216,0.57,2,399040,398563,477
34365421,40.2273,36.9667,489,31781,0.839843,0.63,2,399081,398592,489
34368341,44.0455,38.5933,495,31848,0.847969,0.65,2,399126,398631,495
34371261,10.4091,42.9187,453,31914,0.849594,0.61,2,399128,398675,453
34374181,44.4818,10.1837,504,31980,0.849919,0.63,2,399181,398677,504
34377101,28.8964,44.4367,476,32046,0.897984,0.63,2,399206,398730,476
34380021,74.5793,28.0873,538,32112,0.923597,0.63,2,399292,398754,538
34382941,44.5159,74.4175,489,32178,0.928719,0.67,2,399329,398840,489
34385861,61.7032,42.0835,521,32244,0.897744,0.71,2,399395,398874,521
34388781,72.3406,60.4167,531,32310,0.923549,0.77,2,399470,398939,531
34391701,39.2681,69.6833,490,32375,0.92871,0.81,2,399501,399011,490
34394621,42.2536,37.1367,504,32440,0.945742,0.85,2,399544,399040,504
34534781,28,19,517,35433,0.65,1,1,401598,401081,517
34537701,64,33.4,553,35493,0.442,1,1,401671,401118,553
34540621,38.4,68.28,508,35553,0.2244,1,1,401703,401195,508
34543541,35.68,38.456,512,35612,0.06888,1,1,401738,401226,512
34546461,38.336,32.4912,520,35671,0.053776,1,1,401777,401257,520
34549381,37.2672,38.4982,517,35730,0.0107552,1,1,401814,401297,517
34552301,29.8534,44.4996,499,35789,0.058151,0.89,1,401842,401343,499
34555221,45.1707,58.4999,486,35848,0.0116302,1,1,401891,401405,486
34558141,35.4341,39.7,484,35907,0.00232604,0.95,1,401924,401440,484
34561061,25.4868,36.74,471,35966,0.0564652,0.86,1,401947,401476,471
34563981,48.2974,54.548,466,36025,0.035293,0.85,1,402001,401535,466
34566901,32.8595,38.9096,460,36084,0.0310586,0.65,1,402030,401570,460
34569821,19.3719,30.1819,448,36143,0.00621172,0.39,1,402046,401598,448
34572741,52.6744,64.4364,436,36201,0.00124234,0.17,1,402107,401671,436
34575661,28.9349,38.4873,427,36259,0.0722485,0.03,1,402130,401703,427
34578581,31.387,35.6975,424,36317,0.0544497,0.05,1,402162,401738,424
34581501,36.6774,38.3395,423,36375,0.0348899,0,1,402200,401777,423
34584421,36.9355,37.2679,423,36433,0.00697799,0.07,1,402237,401814,423
34587341,28.9871,29.8536,422,36491,0.0573956,0,1,402264,401842,422
34590261,45.7974,45.1707,423,36549,0.0114791,0,1,402314,401891,423
34593181,35.5595,35.4341,423,36607,0.0582958,0.07,1,402347,401924,423
34596101,24.7119,25.4868,422,36665,0.0196592,0.03,1,402369,401947,422
34599021,48.9424,48.2974,423,36723,0.0439318,0.03,1,402424,402001,423
34601941,32.1885,32.8595,422,36781,0.0647864,0,1,402452,402030,422
34604861,20.0377,19.3719,423,36838,0.0209573,0,1,402469,402046,423
34607781,55.2075,52.6744,426,36895,0.0601915,0.09,1,402533,402107,426
34610701,28.6415,28.9349,425,36952,0.0840383,0.05,1,402555,402130,425
34613621,28.9283,31.387,422,37009,0.0728077,0.03,1,402584,402162,422
34616541,36.1857,36.6774,422,37066,0.0385615,0,1,402622,402200,422
34619461,36.8371,36.9355,422,37123,0.00771231,0.07,1,402659,402237,422
34622381,28.9674,28.9871,422,37180,0.0255425,0.07,1,402686,402264,422
34625301,46.5935,5.79742,473,37237,0.00510849,0,1,402737,402264,473
34628221,34.1187,41.1595,454,37294,0.0090217,0.07,1,402768,402314,454
34631141,24.4237,34.6319,443,37351,0.0258043,0.01,1,402790,402347,443
34634061,49.6847,24.5264,477,37408,0.0611609,0.05,1,402846,402369,477
34636981,32.3369,48.9053,450,37464,0.0362322,0.07,1,402874,402424,450
34639901,19.2674,32.1811,438,37520,0.0312464,0.01,1,402890,402452,438
34642821,58.2535,20.0362,489,37576,0.0302493,0.07,1,402958,402469,489
34645741,26.0507,55.2072,443,37632,0.0460499,0.09,1,402976,402533,443
34648661,30.0101,28.6414,452,37688,0.08121,0.07,1,403007,402555,452
34651581,34.802,28.9283,459,37744,0.040242,0.03,1,403043,402584,459
34654501,36.5604,36.1857,458,37800,0.0320484,0,1,403080,402622,458
34657421,28.9121,36.8371,448,37856,0.0144097,0.03,1,403107,402659,448
34660341,47.3824,28.9674,473,37912,0.00288194,0,1,403159,402686,473
34663261,33.4765,46.5935,452,37968,0.0405764,0.01,1,403189,402737,452
34666181,25.0953,34.1187,444,38024,0.0321153,0.03,1,403212,402768,444
34669101,49.8191,24.4237,478,38080,0.0784231,0.07,1,403268,402790,478
34672021,32.3638,49.6847,450,38135,0.103685,0.03,1,403296,402846,450
34674941,18.4728,32.3369,437,38190,0.124737,0.03,1,403311,402874,437
34677861,58.8946,19.2674,490,38245,0.0489474,0.03,1,403380,402890,490
34680781,26.9789,58.2535,441,38300,0.0337895,0.05,1,403399,402958,441
34683701,31.7958,26.0507,456,38355,0.0467579,0.09,1,403432,402976,456
34686621,31.9592,30.0101,457,38410,0.0813516,0.03,1,403464,403007,457
34689541,35.9918,34.802,458,38465,0.0402703,0.03,1,403501,403043,458
34692461,28.7984,36.5604,448,38520,0.0320541,0.01,1,403528,403080,448
34695381,48.1597,28.9121,474,38575,0.0304108,0,1,403581,403107,474
34698301,11.2319,47.3824,424,38630,0.00608216,0.05,1,403583,403159,424
34701221,24.6464,33.4765,422,38685,0.0732164,0.03,1,403611,403189,422
34704141,23.3293,25.0953,422,38740,0.0546433,0.09,1,403634,403212,422
34707061,53.4659,49.8191,427,38795,0.0349287,0.11,1,403695,403268,427
34709981,33.0932,32.3638,427,38849,0.0469857,0.13,1,403723,403296,427
34712901,17.8186,18.4728,426,38903,0.0813972,0.03,1,403737,403311,426
34715821,56.3637,58.8946,423,38957,0.0402794,0.03,1,403803,403380,423
34718741,26.4727,26.9789,423,39011,0.0160559,0.05,1,403822,403399,423
34721661,32.4945,31.7958,424,39065,0.0272112,0.09,1,403856,403432,424
34724581,32.0989,31.9592,424,39119,0.0934422,0.03,1,403888,403464,424
34727501,35.2198,35.9918,423,39173,0.0586884,0.03,1,403924,403501,423
34730421,27.844,28.7984,422,39227,0.0517377,0.03,1,403950,403528,422
34733341,48.7688,48.1597,423,39281,0.0103475,0,1,404004,403581,423
34736261,11.3538,11.2319,423,39335,0.0260695,0.09,1,404006,403583,423
34739181,23.8708,24.6464,422,39389,0.0452139,0.05,1,404033,403611,422
34742101,23.9742,23.3293,423,39443,0.0650428,0.03,1,404057,403634,423
34745021,52.7948,53.4659,422,39497,0.0850086,0.05,1,404117,403695,422
34747941,33.759,33.0932,423,39550,0.0730017,0.09,1,404146,403723,423
34750861,19.5518,17.8186,425,39603,0.0706003,0.03,1,404162,403737,425
34753781,55.1104,56.3637,423,39656,0.0701201,0.01,1,404226,403803,423
34756701,25.4221,26.4727,422,39709,0.102024,0.03,1,404244,403822,422
34759621,33.8844,32.4945,424,39762,0.124405,0.11,1,404280,403856,424
34762541,33.1769,32.0989,425,39815,0.080881,0.05,1,404313,403888,425
34765461,34.6354,35.2198,424,39868,0.0881762,0.05,1,404348,403924,424
34768381,26.1271,27.844,422,39921,0.105635,0,1,404372,403950,422
34771301,48.4254,48.7688,422,39974,0.021127,0.03,1,404426,404004,422
34774221,11.2851,11.3538,422,40027,0.0122254,0.05,1,404428,404006,422
34777141,25.457,23.8708,424,40080,0.0264451,0.05,1,404457,404033,424
34780061,25.0914,4.77415,449,40133,0.029289,0.07,1,404482,404033,449
34782981,51.4183,20.1548,483,40186,0.0618578,0.09,1,404540,404057,483
34785901,34.2837,52.031,453,40239,0.100372,0.07,1,404570,404117,453
34788821,18.0567,33.6062,438,40291,0.108074,0.07,1,404584,404146,438
34791741,56.4113,19.5212,488,40343,0.141615,0.07,1,404650,404162,488
34794661,26.4823,55.1042,443,40395,0.180323,0.11,1,404669,404226,443
34797581,34.0965,25.4208,461,40447,0.188065,0.13,1,404705,404244,461
34800501,32.4193,33.8842,457,40499,0.205613,0.07,1,404737,404280,457
34803421,34.4839,33.1768,459,40551,0.257123,0.09,1,404772,404313,459
34806341,24.4968,34.6354,446,40603,0.235425,0.11,1,404794,404348,446
34809261,47.2994,26.1271,475,40655,0.0870849,0,1,404847,404372,475
34812181,11.0599,48.4254,423,40707,0.057417,0.01,1,404849,404426,423
34815101,27.012,11.2851,452,40759,0.0514834,0.03,1,404880,404428,452
34818021,24.6024,25.457,447,40811,0.0502967,0.03,1,404904,404457,447
34820941,52.9205,25.0914,482,40863,0.0500593,0.07,1,404964,404482,482
34823861,36.1841,51.4183,456,40915,0.0820119,0.11,1,404996,404540,456
34826781,18.4368,34.2837,440,40967,0.0884024,0.11,1,405010,404570,440
34829701,58.8874,18.0567,495,41019,0.10568,0.15,1,405079,404584,495
34832621,27.7775,56.4113,449,41070,0.109136,0.19,1,405099,404650,449
34835541,34.3555,26.4823,466,41121,0.141827,0.19,1,405135,404669,466
34838461,34.0711,34.0965,464,41172,0.164365,0.21,1,405169,404705,464
34841381,34.8142,32.4193,467,41223,0.184873,0.27,1,405204,404737,467
34844301,24.5628,34.4839,454,41274,0.188975,0.23,1,405226,404772,454
34847221,39.3126,24.4968,475,41325,0.205795,0.05,1,405269,404794,475
34850141,9.46251,47.2994,424,41376,0.177159,0.05,1,405271,404847,424
34853061,27.4925,11.0599,454,41427,0.203432,0.05,1,405303,404849,454
34855981,24.6985,27.012,447,41478,0.208686,0.05,1,405327,404880,447
34858901,52.9397,24.6024,483,41529,0.225737,0.05,1,405387,404904,483
34861821,12.1879,52.9205,425,41580,0.229147,0.09,1,405389,404964,425
34864741,28.8376,36.1841,426,41631,0.245829,0.09,1,405422,404996,426
34867661,16.9675,18.4368,426,41682,0.297166,0.11,1,405436,405010,426
34870581,59.3935,58.8874,427,41733,0.355433,0.11,1,405506,405079,427
34873501,28.6787,27.7775,428,41784,0.383087,0.15,1,405527,405099,428
34876421,35.3357,34.3555,429,41835,0.340617,0.17,1,405564,405135,429
34879341,35.0671,34.0711,430,41885,0.412124,0.19,1,405599,405169,430
34882261,35.8134,34.8142,431,41935,0.394425,0.19,1,405635,405204,431
34885181,24.7627,24.5628,431,41985,0.406885,0.21,1,405657,405226,431
34888101,40.1525,39.3126,432,42035,0.441377,0.17,1,405701,405269,432
34891021,9.63051,9.46251,432,42085,0.480275,0.21,1,405703,405271,432
34893941,27.5261,27.4925,432,42135,0.488055,0.21,1,405735,405303,432
34896861,24.7052,24.6985,432,42185,0.505611,0.23,1,405759,405327,432
34899781,53.741,52.9397,433,42235,0.477122,0.23,1,405820,405387,433
34902701,12.3482,12.1879,433,42285,0.519424,0.25,1,405822,405389,433
34905621,29.6696,28.8376,434,42335,0.495885,0.31,1,405856,405422,434
34908541,19.5339,16.9675,437,42385,0.555177,0.37,1,405873,405436,437
34911461,62.3068,59.3935,440,42435,0.567035,0.39,1,405946,405506,440
34914381,28.4614,28.6787,439,42485,0.601407,0.33,1,405966,405527,439
34917301,35.2923,35.3357,439,42535,0.592281,0.43,1,406003,405564,439
34920221,36.6585,35.0671,441,42585,0.638456,0.39,1,406040,405599,441
34923141,36.1317,35.8134,441,42635,0.647691,0.41,1,406076,405635,441
34926061,26.4263,24.7627,443,42684,0.665538,0.45,1,406100,405657,443
34928981,41.2853,40.1525,444,42733,0.653108,0.49,1,406145,405701,444
34931901,9.85705,9.63051,444,42782,0.650621,0.49,1,406147,405703,444
34934821,28.3714,27.5261,445,42831,0.634124,0.51,1,406180,405735,445
34937741,24.8743,24.7052,445,42880,0.598825,0.47,1,406204,405759,445
34940661,54.5749,53.741,446,42929,0.591765,0.53,1,406266,405820,446
34943581,12.515,12.3482,446,42978,0.590353,0.49,1,406268,405822,446
34946501,29.703,29.6696,446,43027,0.638071,0.49,1,406302,405856,446
34949421,20.3406,5.93393,464,43076,0.631614,0.57,1,406320,405856,464
34952341,64.0681,14.7868,522,43125,0.662323,0.57,1,406395,405873,522
34955261,28.8136,61.3574,469,43174,0.684465,0.61,1,406415,405946,469
34958181,34.5627,28.2715,485,43223,0.704893,0.59,1,406451,405966,485
34961101,38.9125,35.2543,488,43272,0.724979,0.65,1,406491,406003,488
34964021,36.5825,36.6509,487,43321,0.744996,0.65,1,406527,406040,487
34966941,27.3165,36.1302,476,43370,0.764999,0.67,2,406552,406076,476
34969861,40.6633,26.426,496,43419,0.785,0.65,2,406596,406100,496
34972781,9.73266,41.2852,453,43468,0.805,0.65,2,406598,406145,453
34975701,27.5465,9.85704,483,43517,0.809,0.63,2,406630,406147,483
34978621,24.7093,28.3714,474,43565,0.8258,0.59,2,406654,406180,474
34981541,54.5419,24.8743,512,43613,0.86116,0.59,2,406716,406204,512
34984461,12.5084,54.5749,452,43661,0.868232,0.59,2,406718,406266,452
34987381,30.5017,12.515,485,43709,0.885646,0.65,2,406753,406268,485
34990301,22.1003,29.703,471,43757,0.857129,0.63,2,406773,406302,471
34993221,65.2201,20.3406,529,43805,0.883426,0.67,2,406849,406320,529
34996141,29.844,64.0681,475,43853,0.872685,0.69,2,406870,406395,475
34999061,35.5688,28.8136,492,43901,0.902537,0.71,2,406907,406415,492
35001981,39.9138,34.5627,497,43949,0.892507,0.73,2,406948,406451,497
35004901,37.5828,38.9125,494,43997,0.906502,0.75,2,406985,406491,494
35007821,28.3166,36.5825,484,44045,0.9413,0.77,2,407011,406527,484
35216601,81,59,482,21270,0.15,0.39,1,409320,408838,482
35219521,81.8,90.2,466,21370,0.198,0.29,1,409402,408936,466
35222441,53.16,64.44,454,21469,0.1916,0.21,1,409448,408994,454
35225361,93.832,80.888,473,21568,0.23832,0.15,1,409552,409079,473
35228281,79.5664,70.5776,481,21666,0.263664,0.15,1,409628,409147,481
35231201,22.3133,56.5155,436,21764,0.284733,0.15,1,409636,409200,436
35234121,29.2627,32.1031,441,21861,0.304947,0.15,1,409667,409226,441
35237041,71.4525,81.6206,429,21958,0.340989,0.21,1,409749,409320,429
35239961,83.8905,81.9241,434,22055,0.428198,0.19,1,409836,409402,434
35242881,51.1781,53.1848,431,22151,0.44564,0.25,1,409879,409448,431
35245801,95.8356,93.837,434,22247,0.433128,0.27,1,409986,409552,434
35248721,81.5671,79.5674,436,22342,0.446626,0.29,1,410064,409628,436
35251641,22.7134,22.3135,436,22437,0.417325,0.31,1,410072,409636,436
35254561,30.9427,29.2627,438,22532,0.427465,0.31,1,410105,409667,438
35257481,71.7885,5.85254,520,22626,0.397493,0.35,1,410187,409667,520
35260401,87.1577,66.7705,529,22720,0.375499,0.45,1,410278,409749,529
35263321,51.0315,82.9541,484,22813,0.4351,0.45,1,410320,409836,484
35266241,96.6063,50.9908,549,22906,0.49502,0.43,1,410428,409879,549
35269161,80.9213,95.7982,519,22999,0.555004,0.45,1,410505,409986,519
35272081,22.5843,81.5596,449,23091,0.583001,0.41,1,410513,410064,449
35275001,30.1169,22.7119,473,23183,0.5886,0.43,1,410545,410072,473
35277921,71.6234,30.9424,522,23274,0.63772,0.39,1,410627,410105,522
35280841,87.9247,71.7885,532,23365,0.695544,0.37,1,410719,410187,532
35283761,52.7849,87.1577,485,23456,0.707109,0.45,1,410763,410278,485
35286681,99.357,51.0315,554,23546,0.789422,0.51,2,410874,410320,554
35289601,84.6714,96.6063,527,23636,0.853884,0.57,2,410955,410428,527
35292521,23.3343,80.9213,458,23726,0.866777,0.59,2,410963,410505,458
35295441,30.2669,22.5843,482,23815,0.869355,0.59,2,410995,410513,482
35298361,74.0534,30.1169,535,23904,0.917871,0.65,2,411080,410545,535
35301281,16.4107,71.6234,455,23993,0.927574,0.71,2,411082,410627,455
35421001,29,31,484,27380,0.69,1,1,413486,413002,484
35423921,65.8,67,483,27457,0.658,1,1,413561,413078,483
35426841,36.36,40.6,478,27534,0.6196,0.93,1,413590,413112,478
35429761,84.872,91.32,471,27611,0.67592,0.99,1,413687,413216,471
35432681,44.9744,46.264,471,27688,0.655184,0.93,1,413722,413251,471
35435601,62.5949,65.2528,468,27764,0.635037,0.97,1,413789,413321,468
35438521,38.919,39.4506,468,27840,0.647007,0.89,1,413822,413354,468
35441441,26.9838,28.6901,466,27916,0.697401,0.71,1,413846,413380,466
35444361,57.3968,67.338,454,27992,0.65948,0.69,1,413911,413457,454
35447281,37.8794,36.6676,458,28068,0.635896,0.65,1,413944,413486,458
35450201,64.3759,67.3335,454,28143,0.567179,0.61,1,414015,413561,454
35453121,37.6752,36.6667,456,28218,0.601436,0.69,1,414046,413590,456
35456041,83.535,84.9333,454,28293,0.624287,0.65,1,414141,413687,454
35458961,43.107,44.9867,452,28368,0.596857,0.65,1,414174,413722,452
35461881,60.6214,8.99733,517,28443,0.543371,0.63,1,414239,413722,517
35464801,40.9243,55.3995,486,28517,0.628674,0.65,1,414275,413789,486
35467721,28.1849,37.4799,478,28591,0.645735,0.71,1,414300,413822,478
35470641,56.837,26.696,518,28665,0.665147,0.65,1,414364,413846,518
35473561,36.1674,57.3392,484,28739,0.653029,0.63,1,414395,413911,484
35476481,61.6335,37.8678,519,28813,0.714606,0.55,1,414463,413944,519
35479401,37.9267,64.3736,480,28886,0.726921,0.61,1,414495,414015,480
35482321,82.7853,37.6747,543,28959,0.793384,0.63,2,414589,414046,543
35485241,42.9571,83.5349,481,29032,0.838677,0.59,2,414622,414141,481
35488161,60.5914,43.107,513,29105,0.863735,0.53,2,414687,414174,513
35491081,44.9183,60.6214,489,29178,0.868747,0.65,2,414728,414239,489
35494001,28.9837,40.9243,478,29251,0.869749,0.65,2,414753,414275,478
35496921,57.7967,28.1849,518,29323,0.91795,0.67,2,414818,414300,518
35499841,37.1593,56.837,486,29395,0.94359,0.65,2,414850,414364,486
35672121,44,43,487,33375,0.69,1,1,417668,417181,487
35675041,38.4,28.6,499,33438,0.61,1,1,417705,417206,499
35677961,25.28,31.32,489,33501,0.514,1,1,417727,417238,489
35680881,30.656,31.864,489,33564,0.3988,1,1,417759,417270,489
35683801,38.1312,30.3728,499,33627,0.32776,1,1,417799,417300,499
35686721,50.0262,50.8746,496,33690,0.169552,1,1,417852,417356,496
35689641,66.8052,78.9749,481,33753,0.0339104,1,1,417923,417442,481
35692561,48.561,35.795,500,33816,0.0307821,1,1,417967,417467,500
35695481,63.3122,77.559,479,33879,0.0461564,0.9,1,418034,417555,479
35698401,35.0624,43.5118,472,33941,0.0332313,0.92,1,418062,417590,472
35701321,28.6125,35.9024,465,34003,0.0466463,0.69,1,418089,417624,465
35704241,32.1225,42.3805,454,34065,0.0653293,0.59,1,418122,417668,454
35707161,28.8245,38.0761,445,34127,0.0530658,0.49,1,418150,417705,445
35710081,24.1649,25.2152,446,34189,0.0666132,0.37,1,418173,417727,446
35713001,25.633,30.643,440,34251,0.0213226,0.37,1,418199,417759,440
35715921,33.9266,6.12861,476,34313,0.0442645,0.31,1,418235,417759,476
35718841,37.1853,33.2257,474,34375,0.0808529,0.13,1,418273,417799,474
35721761,65.8371,49.0451,494,34437,0.0161706,0,1,418346,417852,494
35724681,48.3674,66.609,467,34498,0.0112341,0.03,1,418390,417923,467
35727601,62.4735,48.5218,489,34559,0.0422468,0.05,1,418456,417967,489
35730521,34.0947,63.3044,449,34620,0.00844936,0.03,1,418483,418034,449
35733441,28.4189,35.0609,448,34681,0.0416899,0.05,1,418510,418062,448
35736361,32.0838,28.6122,454,34742,0.016338,0.07,1,418543,418089,454
35739281,28.8168,32.1224,449,34803,0.0272676,0.05,1,418571,418122,449
35742201,25.7634,28.8245,446,34864,0.0454535,0.07,1,418596,418150,446
35745121,25.9527,24.1649,449,34925,0.0330907,0.01,1,418622,418173,449
35748041,33.1905,25.633,458,34986,0.0626181,0.05,1,418657,418199,458
35750961,38.6381,33.9266,462,35046,0.0845236,0.09,1,418697,418235,462
35753881,64.5276,37.1853,495,35106,0.0169047,0,1,418768,418273,495
35756801,47.3055,65.8371,465,35166,0.0273809,0.01,1,418811,418346,465
35759721,63.0611,48.3674,488,35226,0.0774762,0.05,1,418878,418390,488
35762641,33.4122,62.4735,448,35286,0.0234952,0,1,418904,418456,448
35765561,28.2824,34.0947,448,35346,0.028699,0.05,1,418931,418483,448
35768481,32.0565,28.4189,454,35406,0.0297398,0.01,1,418964,418510,454
35771401,28.8113,32.0838,449,35466,0.045948,0.03,1,418992,418543,449
35774321,27.3623,28.8168,448,35526,0.0491896,0.05,1,419019,418571,448
35777241,25.4725,25.7634,448,35586,0.0338379,0.03,1,419044,418596,448
35780161,35.4945,25.9527,460,35645,0.0147676,0.07,1,419082,418622,460
35783081,8.6989,33.1905,427,35704,0.0109535,0.09,1,419084,418657,427
35786001,32.9398,38.6381,426,35763,0.0901907,0,1,419123,418697,426
35788921,60.988,64.5276,423,35822,0.0180381,0.03,1,419191,418768,423
35791841,47.3976,47.3055,424,35881,0.0276076,0.09,1,419235,418811,424
35794761,63.0795,63.0611,424,35940,0.0615215,0.01,1,419302,418878,424
35797681,32.6159,33.4122,423,35999,0.100304,0.03,1,419327,418904,423
35800601,27.3232,28.2824,422,36058,0.0760609,0.03,1,419353,418931,422
35803521,33.4646,32.0565,424,36117,0.0392122,0.05,1,419388,418964,424
35806441,27.4929,28.8113,422,36176,0.0318424,0.05,1,419414,418992,422
35809361,28.6986,27.3623,424,36234,0.0623685,0.03,1,419443,419019,424
35812281,24.9397,25.4725,423,36292,0.0684737,0.01,1,419467,419044,423
35815201,35.3879,35.4945,423,36350,0.0376947,0.01,1,419505,419082,423
35818121,8.67759,8.6989,423,36408,0.0315389,0.11,1,419507,419084,423
35821041,34.5355,32.9398,425,36466,0.0143078,0,1,419548,419123,425
35823961,58.9071,60.988,422,36524,0.0588616,0.03,1,419613,419191,422
35826881,47.7814,47.3976,423,36582,0.0517723,0.07,1,419658,419235,423
35829801,64.7563,63.0795,425,36640,0.0503545,0.11,1,419727,419302,425
35832721,32.9513,32.6159,425,36698,0.0980709,0.07,1,419752,419327,425
35835641,25.7903,27.3232,423,36756,0.0756142,0.03,1,419776,419353,423
35838561,32.3581,33.4646,422,36813,0.0871228,0.03,1,419810,419388,422
35841481,27.2716,27.4929,422,36870,0.0734246,0.07,1,419836,419414,422
35844401,29.4543,28.6986,423,36927,0.0546849,0.07,1,419866,419443,423
35847321,25.0909,24.9397,423,36984,0.050937,0.03,1,419890,419467,423
35850241,34.6182,35.3879,422,37041,0.0341874,0.03,1,419927,419505,422
35853161,8.52363,8.67759,422,37098,0.0308375,0.01,1,419929,419507,422
35856081,34.5047,34.5355,422,37155,0.0141675,0.01,1,419970,419548,422
35859001,58.9009,6.9071,487,37212,0.0428335,0.07,1,420035,419548,487
35861921,48.5802,53.3814,468,37269,0.0485667,0.05,1,420081,419613,468
35864841,64.916,46.6763,492,37326,0.0497133,0.05,1,420150,419658,492
35867761,33.7832,64.5353,449,37383,0.0819427,0.11,1,420176,419727,449
35870681,25.9566,32.9071,448,37440,0.0883885,0.07,1,420200,419752,448
35873601,31.5913,25.7814,457,37496,0.137678,0.09,1,420233,419776,457
35876521,25.5183,32.3563,447,37552,0.147536,0.07,1,420257,419810,447
35879441,29.1037,27.2713,451,37608,0.117507,0.05,1,420287,419836,451
35882361,25.0207,29.4543,445,37664,0.127501,0.05,1,420311,419866,445
35885281,34.6041,25.0909,458,37720,0.1295,0.03,1,420348,419890,458
35888201,8.52083,34.6182,423,37776,0.1299,0.03,1,420350,419927,423
35891121,36.1042,8.52363,464,37832,0.11398,0.01,1,420393,419929,464
35894041,60.0208,34.5047,489,37888,0.110796,0.05,1,420459,419970,489
35896961,48.0042,58.9009,469,37944,0.0461592,0.05,1,420504,420035,469
35899881,64.8008,48.5802,492,38000,0.0972318,0.05,1,420573,420081,492
35902801,35.3602,64.916,451,38056,0.0914464,0.09,1,420601,420150,451
35905721,27.072,33.7832,450,38112,0.122289,0.09,1,420626,420176,450
35908641,33.4144,25.9566,461,38167,0.112458,0.15,1,420661,420200,461
35911561,25.8829,31.5913,452,38222,0.126492,0.15,1,420685,420233,452
35914481,27.5766,25.5183,456,38277,0.145298,0.11,1,420713,420257,456
35917401,26.3153,29.1037,452,38332,0.14906,0.13,1,420739,420287,452
35920321,34.0631,25.0207,464,38387,0.149812,0.13,1,420775,420311,464
35923241,8.41261,34.6041,429,38442,0.149962,0.13,1,420777,420348,429
35926161,35.2825,8.52083,469,38497,0.149992,0.11,1,420819,420350,469
35929081,59.8565,36.1042,492,38552,0.181999,0.11,1,420885,420393,492
35932001,45.5713,60.0208,468,38607,0.1884,0.03,1,420927,420459,468
35934921,10.7143,48.0042,425,38662,0.18968,0.11,1,420929,420504,425
35937841,58.9429,64.8008,427,38717,0.221936,0.09,1,421000,420573,427
35940761,33.3886,35.3602,426,38772,0.292387,0.13,1,421027,420601,426
35943681,26.6777,27.072,426,38826,0.322477,0.11,1,421052,420626,426
35946601,34.9355,33.4144,428,38880,0.328495,0.13,1,421089,420661,428
35949521,26.9871,25.8829,429,38934,0.329699,0.15,1,421114,420685,429
35952441,27.7974,27.5766,429,38988,0.36194,0.15,1,421142,420713,429
35955361,26.3595,26.3153,429,39042,0.384388,0.15,1,421168,420739,429
35958281,34.0719,34.0631,429,39096,0.388878,0.15,1,421204,420775,429
35961201,8.41438,8.41261,429,39150,0.389776,0.15,1,421206,420777,429
35964121,36.0829,35.2825,430,39204,0.373955,0.19,1,421249,420819,430
35967041,60.8166,59.8565,431,39258,0.370791,0.19,1,421316,420885,431
35969961,46.5633,45.5713,432,39312,0.386158,0.19,1,421359,420927,432
35972881,10.9127,10.7143,432,39366,0.389232,0.23,1,421361,420929,432
35975801,60.5825,58.9429,434,39420,0.405846,0.31,1,421434,421000,434
35978721,34.5165,33.3886,435,39474,0.457169,0.33,1,421462,421027,435
35981641,27.7033,26.6777,436,39528,0.467434,0.33,1,421488,421052,436
35984561,35.9407,34.9355,437,39581,0.501487,0.33,1,421526,421089,437
35987481,27.1881,26.9871,437,39634,0.508297,0.37,1,421551,421114,437
35990401,28.6376,27.7974,438,39687,0.55766,0.39,1,421580,421142,438
35993321,27.3275,26.3595,439,39740,0.551532,0.39,1,421607,421168,439
35996241,34.2655,34.0719,439,39793,0.550306,0.39,1,421643,421204,439
35999161,8.4531,8.41438,439,39846,0.518061,0.37,1,421645,421206,439
36002081,35.2906,36.0829,438,39899,0.527612,0.37,1,421687,421249,438
36005001,62.2581,60.8166,440,39952,0.593522,0.39,1,421756,421316,440
36007921,46.0516,46.5633,439,40005,0.590705,0.39,1,421798,421359,439
36010841,10.8103,10.9127,439,40058,0.590141,0.39,1,421800,421361,439
36013761,62.1621,2.18253,514,40111,0.606028,0.41,1,421875,421361,514
36016681,36.4324,58.8365,471,40164,0.609206,0.47,1,421905,421434,471
36019601,28.8865,34.1673,470,40217,0.641841,0.47,1,421932,421462,470
36022521,36.1773,27.6335,482,40270,0.664368,0.51,1,421970,421488,482
36025441,28.8355,35.9267,471,40322,0.668874,0.51,1,421997,421526,471
36028361,29.7671,27.1853,476,40374,0.701775,0.57,1,422027,421551,476
36031281,26.7534,28.6371,473,40426,0.724355,0.55,1,422053,421580,473
36034201,34.1507,27.3274,482,40478,0.744871,0.55,1,422089,421607,482
36037121,8.43014,34.2655,448,40530,0.748974,0.51,1,422091,421643,448
36040041,36.086,8.4531,489,40582,0.781795,0.53,2,422134,421645,489
36042961,64.0172,35.2906,518,40634,0.820359,0.61,2,422205,421687,518
36045881,48.0034,62.2581,493,40686,0.860072,0.59,2,422249,421756,493
36048801,11.2007,46.0516,453,40738,0.836014,0.59,2,422251,421798,453
36051721,62.2401,10.8103,526,40790,0.815203,0.61,2,422326,421800,526
36054641,38.048,62.1621,483,40842,0.843041,0.61,2,422358,421875,483
36057561,30.0096,36.4324,481,40894,0.880608,0.65,2,422386,421905,481
36060481,37.2019,28.8865,493,40946,0.872122,0.67,2,422425,421932,493
36063401,28.2404,36.1773,481,40998,0.902424,0.67,2,422451,421970,481
36066321,32.0481,28.8355,487,41049,0.892485,0.71,2,422484,421997,487
36069241,27.2096,29.7671,483,41100,0.922497,0.73,2,422510,422027,483
36072161,35.0419,26.7534,494,41151,0.912499,0.75,2,422547,422053,494
36075081,8.60838,34.1507,460,41202,0.9105,0.75,2,422549,422089,460
36264881,33,30,521,44410,0.77,1,2,424828,424307,521
36267801,26.6,26,521,44457,0.722,1,1,424853,424332,521
36270721,24.52,22.8,523,44504,0.5844,1,1,424877,424354,523
36317441,401.704,466.16,442,20440,0.14088,0.31,1,425373,424931,442
36320361,137.141,139.632,455,20544,0.116176,0.01,1,425444,424989,455
36323281,113.828,95.9264,478,20647,0.0632352,0.05,1,425552,425074,478
36326201,72.3656,83.1853,460,20750,0.052647,0.03,1,425614,425154,460
36329121,66.4731,76.6371,450,20852,0.0505294,0.03,1,425679,425229,450
36332041,67.6946,60.9274,461,20954,0.0341059,0.05,1,425747,425286,461
36334961,31.1389,44.1855,443,21055,0.0468212,0.05,1,425769,425326,443
36337881,27.8278,39.2371,432,21156,0.0653642,0.11,1,425796,425364,432
36340801,63.9656,71.8474,425,21256,0.133073,0.05,1,425869,425444,425
36343721,98.3931,100.769,424,21356,0.0506146,0.05,1,425976,425552,424
36346641,68.4786,69.7539,423,21455,0.0501229,0.05,1,426037,425614,423
36349561,67.2957,65.9508,425,21554,0.0820246,0.03,1,426104,425679,425
36352481,67.0591,67.5902,424,21652,0.0164049,0.05,1,426171,425747,424
36355401,31.0118,31.118,424,21750,0.011281,0.07,1,426193,425769,424
36358321,29.4024,27.8236,426,21848,0.0262562,0.15,1,426222,425796,426
36361241,66.6805,63.9647,429,21945,0.0452512,0.03,1,426298,425869,429
36364161,94.1361,98.3929,423,22042,0.16105,0.05,1,426399,425976,423
36367081,67.6272,68.4786,423,22138,0.13621,0.09,1,426460,426037,423
36370001,69.5254,67.2957,426,22234,0.115242,0,1,426530,426104,426
36372921,64.3051,67.0591,422,22329,0.0790484,0.01,1,426593,426171,422
36375841,30.461,31.0118,422,22424,0.0878097,0.03,1,426615,426193,422
36378761,30.0922,29.4024,423,22519,0.0895619,0.03,1,426645,426222,423
36381681,67.6184,5.88047,500,22613,0.0579124,0.05,1,426722,426222,500
36384601,97.5237,61.9761,529,22707,0.131582,0.19,1,426827,426298,529
36387521,65.9047,93.1952,486,22800,0.146316,0.13,1,426885,426399,486
36390441,69.9809,67.439,496,22893,0.181263,0.11,1,426956,426460,496
36393361,61.1962,69.4878,485,22986,0.172253,0.07,1,427015,426530,485
36396281,30.6392,64.2976,445,23078,0.170451,0.09,1,427038,426593,445
36399201,30.1278,30.4595,453,23170,0.17009,0.09,1,427068,426615,453
36402121,68.4256,30.0919,501,23261,0.186018,0.05,1,427146,426645,501
36405041,100.885,67.6184,533,23352,0.237204,0.15,1,427255,426722,533
36407961,66.577,97.5237,486,23443,0.279441,0.15,1,427313,426827,486
36410881,71.7154,65.9047,501,23533,0.351888,0.19,1,427386,426885,501
36413801,60.7431,69.9809,488,23623,0.398378,0.17,1,427444,426956,488
36416721,30.5486,61.1962,452,23713,0.423676,0.17,1,427467,427015,452
36419641,30.1097,30.6392,459,23802,0.428735,0.17,1,427497,427038,459
36422561,67.6219,30.1278,506,23891,0.445747,0.19,1,427574,427068,506
36425481,105.524,68.4256,543,23980,0.465149,0.25,1,427689,427146,543
36428401,22.7049,100.885,436,24068,0.51703,0.29,1,427691,427255,436
36431321,50.941,66.577,436,24156,0.575406,0.37,1,427749,427313,436
36434241,71.7882,71.7154,440,24244,0.603081,0.41,1,427826,427386,440
36437161,62.3576,60.7431,442,24331,0.656616,0.43,1,427886,427444,442
36440081,31.6715,30.5486,443,24418,0.667323,0.43,1,427910,427467,443
36443001,30.3343,30.1097,443,24505,0.701465,0.45,1,427940,427497,443
36445921,69.2669,67.6219,445,24591,0.724293,0.47,1,428019,427574,445
36448841,108.253,105.524,448,24677,0.760859,0.53,2,428137,427689,448
36451761,23.2507,22.7049,448,24763,0.768172,0.59,2,428139,427691,448
36454681,51.8501,50.941,449,24849,0.833634,0.61,2,428198,427749,449
36457601,74.37,71.7882,452,24934,0.830727,0.67,2,428278,427826,452
36460521,65.274,62.3576,455,25019,0.830145,0.67,2,428341,427886,455
36463441,32.2548,31.6715,455,25104,0.878029,0.71,2,428365,427910,455
36466361,30.451,30.3343,455,25188,0.903606,0.73,2,428395,427940,455
36469281,71.6902,69.2669,458,25272,0.844721,0.77,2,428477,428019,458
36472201,111.138,108.253,461,25356,0.896944,0.77,2,428598,428137,461
36475121,23.8276,23.2507,461,25440,0.907389,0.77,2,428600,428139,461
36478041,53.5655,4.65013,522,25523,0.925478,0.85,2,428661,428139,522
36480961,73.9131,48.13,542,25606,0.945096,0.83,2,428740,428198,542
36589001,35,51,520,28506,0.85,1,2,430768,430248,520
36591921,31.8,39.8,514,28580,0.786,1,2,430799,430285,514
36594841,54.36,33.56,542,28654,0.6772,1,1,430859,430317,542
36597761,98.872,61.912,583,28728,0.54344,1,1,430969,430386,583
36600681,45.3744,96.3824,510,28802,0.500688,1,1,431001,430491,510
36603601,42.6749,44.8765,520,28876,0.444138,1,1,431043,430523,520
36606521,54.935,41.7753,537,28949,0.448828,0.98,1,431101,430564,537
36609441,60.587,63.5551,530,29022,0.417765,0.93,1,431163,430633,530
36612361,36.1174,66.311,493,29095,0.443553,0.95,1,431193,430700,493
36615281,33.6235,39.6622,493,29168,0.496711,0.85,1,431226,430733,493
36618201,33.1247,35.9324,491,29241,0.491342,0.77,1,431259,430768,491
36621121,49.0249,31.9865,513,29313,0.538268,0.65,1,431312,430799,513
36624041,89.005,54.3973,552,29385,0.563654,0.51,1,431411,430859,552
36626961,45.001,98.8795,476,29457,0.616731,0.49,1,431445,430969,476
36629881,41.8002,45.3759,485,29529,0.643346,0.43,1,431486,431001,485
36632801,53.96,42.6752,500,29601,0.648669,0.45,1,431543,431043,500
36635721,60.392,54.935,504,29673,0.681734,0.41,1,431605,431101,504
36638641,36.8784,60.587,473,29744,0.720347,0.45,1,431636,431163,473
36641561,36.1757,36.1174,479,29815,0.744069,0.51,1,431672,431193,479
36644481,8.83514,33.6235,448,29886,0.748814,0.49,1,431674,431226,448
36647401,28.167,33.1247,448,29957,0.781763,0.55,2,431707,431259,448
36650321,48.8334,49.0249,449,30028,0.836353,0.57,2,431761,431312,449
36653241,89.7667,89.005,450,30098,0.927271,0.63,2,431861,431411,450
36819681,55,72,479,33874,0.25,1,1,434500,434021,479
36822601,47.8,40.8,492,33936,0.09,1,1,434546,434054,492
36825521,35.16,26.56,501,33998,0.042,1,1,434578,434077,501
36828441,27.032,19.712,508,34060,0.0164,1,1,434603,434095,508
36831361,36.6064,32.7424,511,34122,0.01128,1,1,434642,434131,511
36834281,39.3213,38.5485,511,34184,0.010256,0.9,1,434682,434171,511
36837201,50.2643,65.3097,492,34246,0.0260512,0.9,1,434735,434243,492
36840121,26.0529,13.0619,512,34308,0.0132102,1,1,434755,434243,512
36843041,37.2106,32.2124,515,34370,0.00264205,1,1,434795,434280,515
36845961,50.6421,44.0425,522,34432,0.000528409,0.82,1,434849,434327,522
36848881,46.1284,56.0085,508,34493,0.000105682,0.61,1,434894,434386,508
36851801,41.2257,58.4017,489,34554,0.00802114,0.25,1,434934,434445,489
36854721,35.4451,55.6803,468,34615,0.00960423,0.05,1,434968,434500,468
36857641,31.889,47.9361,453,34676,0.0419208,0.03,1,434999,434546,453
36860561,26.3778,35.1872,446,34737,0.0323842,0.01,1,435024,434578,446
36863481,36.4756,27.0374,460,34798,0.0304768,0.01,1,435063,434603,460
36866401,39.2951,36.6075,461,34859,0.0300954,0.01,1,435103,434642,461
36869321,50.259,39.3215,474,34920,0.0780191,0.03,1,435156,434682,474
36872241,28.4518,50.2643,444,34981,0.0876038,0.01,1,435179,434735,444
36875161,39.2904,26.0529,466,35041,0.0415208,0,1,435221,434755,466
36878081,47.0581,37.2106,475,35101,0.0483042,0,1,435270,434795,475
36881001,46.2116,50.6421,467,35161,0.00966083,0,1,435316,434849,467
36883921,40.4423,46.1284,461,35221,0.0259322,0.01,1,435355,434894,461
36886841,35.2885,41.2257,455,35281,0.0291864,0.01,1,435389,434934,455
36889761,31.8577,35.4451,452,35341,0.0138373,0.05,1,435420,434968,452
36892681,26.3715,31.889,446,35401,0.0267675,0.03,1,435445,434999,446
36895601,36.4743,26.3778,460,35461,0.0293535,0.03,1,435484,435024,460
36898521,39.2949,36.4756,461,35521,0.0458707,0.03,1,435524,435063,461
36901441,50.259,39.2951,474,35581,0.0331741,0.09,1,435577,435103,474
36904361,30.0518,50.259,446,35640,0.0306348,0.09,1,435602,435156,446
36907281,7.61036,28.4518,425,35699,0.030127,0.03,1,435604,435179,425
36910201,35.1221,39.2904,425,35758,0.0300254,0.05,1,435646,435221,425
36913121,45.4244,47.0581,424,35817,0.0940051,0,1,435694,435270,424
36916041,45.0849,46.2116,423,35876,0.042801,0.03,1,435739,435316,423
36918961,39.417,40.4423,422,35935,0.0645602,0.03,1,435777,435355,422
36921881,35.0834,35.2885,422,35994,0.052912,0.01,1,435811,435389,422
36924801,31.8167,31.8577,422,36053,0.0105824,0.03,1,435842,435420,422
36927721,26.3633,26.3715,422,36112,0.0261165,0.03,1,435867,435445,422
36930641,37.2727,36.4743,423,36171,0.0452233,0.05,1,435907,435484,423
36933561,38.6545,39.2949,422,36229,0.0490447,0.03,1,435946,435524,422
36936481,50.9309,50.259,423,36287,0.0658089,0.03,1,436000,435577,423
36939401,31.7862,30.0518,425,36345,0.0211618,0.03,1,436027,435602,425
36942321,7.95724,7.61036,425,36403,0.0282324,0.03,1,436029,435604,425
36945241,32.7914,35.1221,422,36461,0.0296465,0.11,1,436068,435646,422
36948161,48.1583,45.4244,426,36519,0.0619293,0.03,1,436120,435694,426
36951081,42.4317,45.0849,422,36577,0.0203859,0.07,1,436161,435739,422
36954001,38.8863,39.417,422,36635,0.0440772,0.05,1,436199,435777,422
36956921,34.9773,35.0834,422,36693,0.0488154,0,1,436233,435811,422
36959841,31.7955,31.8167,422,36751,0.00976309,0.03,1,436264,435842,422
36962761,26.3591,26.3633,422,36809,0.0259526,0.05,1,436289,435867,422
36965681,38.0718,37.2727,423,36866,0.0291905,0.05,1,436330,435907,423
36968601,38.0144,38.6545,422,36923,0.0138381,0.07,1,436368,435946,422
36971521,51.6029,50.9309,423,36980,0.0427676,0.01,1,436423,436000,423
36974441,33.5206,31.7862,425,37037,0.0165535,0.03,1,436452,436027,425
36977361,8.30411,7.95724,425,37094,0.0113107,0.03,1,436454,436029,425
36980281,30.4608,32.7914,422,37151,0.0102621,0.03,1,436490,436068,422
36983201,47.6922,6.55829,474,37208,0.0420524,0.07,1,436542,436068,474
36986121,41.5384,42.9117,462,37265,0.0324105,0.01,1,436582,436120,462
36989041,38.7077,41.3823,459,37322,0.0624821,0.05,1,436620,436161,459
36991961,34.9415,38.6765,455,37379,0.0364964,0.05,1,436654,436199,455
36994881,31.7883,34.9353,452,37436,0.0152993,0,1,436685,436233,452
36997801,26.3577,31.7871,446,37492,0.00305986,0.03,1,436710,436264,446
37000721,38.0715,26.3574,462,37548,0.00861197,0.03,1,436751,436289,462
37003641,38.0143,38.0715,459,37604,0.00972239,0.01,1,436789,436330,459
37006561,53.2029,38.0143,478,37660,0.0259445,0.05,1,436846,436368,478
37009481,32.2406,51.6029,450,37716,0.0451889,0.01,1,436873,436423,450
37012401,8.04811,33.5206,423,37772,0.0490378,0.01,1,436875,436452,423
37015321,30.4096,8.30411,457,37828,0.0338076,0.01,1,436911,436454,457
37018241,49.2819,30.4608,475,37884,0.0467615,0.05,1,436965,436490,475
37021161,41.8564,47.6922,463,37940,0.0333523,0.03,1,437005,436542,463
37024081,39.5713,41.5384,462,37996,0.0306705,0.07,1,437044,436582,462
37027001,35.1143,38.7077,458,38052,0.0301341,0.03,1,437078,436620,458
37029921,29.4229,34.9415,452,38108,0.0300268,0.01,1,437106,436654,452
37032841,25.8846,31.7883,446,38163,0.00600536,0,1,437131,436685,446
37035761,38.7769,26.3577,463,38218,0.0252011,0.01,1,437173,436710,463
37038681,37.3554,38.0715,459,38273,0.0290402,0.01,1,437210,436751,459
37041601,53.8711,38.0143,479,38328,0.029808,0.03,1,437268,436789,479
37044521,31.5742,53.2029,448,38383,0.0299616,0.05,1,437294,436846,448
37047441,7.91484,32.2406,423,38438,0.0299923,0.05,1,437296,436873,423
37050361,31.183,8.04811,458,38493,0.0299985,0.03,1,437333,436875,458
37053281,51.0366,30.4096,478,38548,0.0939997,0.05,1,437389,436911,478
37056201,39.8073,49.2819,461,38603,0.0587999,0.03,1,437426,436965,461
37059121,9.56146,41.8564,423,38658,0.05176,0.03,1,437428,437005,423
37062041,33.9123,39.5713,424,38713,0.066352,0.03,1,437468,437044,424
37064961,33.1825,35.1143,423,38768,0.0692704,0.03,1,437501,437078,423
37067881,28.2365,29.4229,422,38822,0.101854,0,1,437528,437106,422
37070801,25.6473,25.8846,422,38876,0.0603708,0.03,1,437553,437131,422
37073721,38.7295,38.7769,422,38930,0.0360742,0.03,1,437595,437173,422
37076641,37.3459,37.3554,422,38984,0.0312148,0.03,1,437632,437210,422
37079561,54.6692,53.8711,423,39038,0.046243,0.03,1,437691,437268,423
37082481,31.7338,31.5742,423,39092,0.0172486,0.03,1,437717,437294,423
37085401,7.94677,7.91484,423,39146,0.0114497,0.03,1,437719,437296,423
37088321,31.1894,31.183,423,39200,0.00228994,0.11,1,437756,437333,423
37091241,54.2379,51.0366,427,39254,0.056458,0.05,1,437816,437389,427
37094161,38.0476,39.8073,424,39308,0.0992916,0.05,1,437850,437426,424
37097081,9.20951,9.56146,424,39362,0.107858,0.07,1,437852,437428,424
37100001,34.6419,33.9123,425,39416,0.125572,0.07,1,437893,437468,425
37102921,34.9284,33.1825,427,39470,0.145114,0.11,1,437928,437501,427
37105841,26.9857,28.2365,425,39524,0.197023,0.05,1,437953,437528,425
37108761,22.9971,25.6473,422,39577,0.175405,0.03,1,437975,437553,422
37111681,38.1994,38.7295,422,39630,0.0590809,0.03,1,438017,437595,422
37114601,37.2399,37.3459,422,39683,0.0518162,0.05,1,438054,437632,422
37117521,54.648,54.6692,422,39736,0.0343632,0.01,1,438113,437691,422
37120441,31.7296,31.7338,422,39789,0.0148726,0.01,1,438139,437717,422
37123361,7.94592,7.94677,422,39842,0.0109745,0,1,438141,437719,422
37126281,31.1892,31.1894,422,39895,0.0261949,0.07,1,438178,437756,422
37129201,56.6378,54.2379,425,39948,0.061239,0.11,1,438241,437816,425
37132121,40.1276,38.0476,427,40001,0.0202478,0.11,1,438277,437850,427
37135041,9.62551,9.20951,427,40054,0.0120496,0.13,1,438279,437852,427
37137961,34.7251,34.6419,427,40107,0.0584099,0.13,1,438320,437893,427
37140881,35.745,6.92838,463,40160,0.035682,0.15,1,438356,437893,463
37143801,27.949,29.3857,454,40213,0.0311364,0.21,1,438382,437928,454
37146721,18.3898,25.8771,445,40266,0.0302273,0.17,1,438398,437953,445
37149641,35.678,22.7754,463,40318,0.0300455,0.03,1,438438,437975,463
37152561,36.7356,38.1551,458,40370,0.0300091,0.05,1,438475,438017,458
37155481,54.5471,37.231,480,40422,0.0140018,0.03,1,438534,438054,480
37158401,31.7094,54.6462,447,40474,0.0588004,0.01,1,438560,438113,447
37161321,7.94188,31.7292,423,40526,0.0677601,0.01,1,438562,438139,423
37164241,31.1884,7.94585,458,40578,0.053552,0.03,1,438599,438141,458
37167161,57.4377,31.1892,485,40630,0.0347104,0.07,1,438663,438178,485
37170081,39.4875,56.6378,457,40682,0.0469421,0.01,1,438698,438241,457
37173001,9.49751,40.1276,423,40734,0.0493884,0.01,1,438700,438277,423
37175921,35.4995,9.62551,463,40786,0.0978777,0.07,1,438742,438279,463
37178841,35.8999,34.7251,458,40838,0.123576,0.03,1,438778,438320,458
37181761,27.98,35.745,448,40890,0.144715,0.03,1,438804,438356,448
37184681,19.196,27.949,439,40942,0.148943,0.03,1,438821,438382,439
37187601,34.2392,18.3898,461,40994,0.101789,0.03,1,438859,438398,461
37190521,36.4478,35.678,458,41045,0.0923577,0.03,1,438896,438438,458
37193441,56.8896,36.7356,483,41096,0.0584715,0.01,1,438958,438475,483
37196361,32.1779,54.5471,450,41147,0.0356943,0.07,1,438984,438534,450
37199281,8.03558,31.7094,426,41198,0.0311389,0.07,1,438986,438560,426
37202201,28.8071,7.94188,458,41249,0.0302278,0.05,1,439020,438562,458
37205121,57.7614,31.1884,486,41300,0.0300456,0.03,1,439085,438599,486
37208041,41.1523,57.4377,459,41351,0.0460091,0.05,1,439122,438663,459
37210961,9.83046,39.4875,426,41402,0.0492018,0.05,1,439124,438698,426
37213881,37.1661,9.49751,468,41453,0.0978404,0.11,1,439168,438700,468
37216801,37.0332,35.4995,463,41504,0.123568,0.13,1,439205,438742,463
37219721,9.00664,35.8999,429,41555,0.128714,0.15,1,439207,438778,429
37222641,23.4013,27.98,430,41606,0.145743,0.15,1,439234,438804,430
37225561,19.0803,19.196,431,41657,0.117149,0.09,1,439252,438821,431
37228481,28.6161,34.2392,424,41708,0.17543,0.09,1,439283,438859,424
37231401,33.7232,36.4478,422,41759,0.187086,0.05,1,439318,438896,422
37234321,57.1446,56.8896,423,41810,0.0614172,0.03,1,439381,438958,423
37237241,32.2289,32.1779,423,41860,0.0522834,0.03,1,439407,438984,423
37240161,8.04579,8.03558,423,41910,0.0504567,0.03,1,439409,438986,423
37243081,28.8092,28.8071,423,41960,0.0180913,0.03,1,439443,439020,423
37246001,57.7618,57.7614,423,42010,0.0116183,0.05,1,439508,439085,423
37248921,41.9524,41.1523,424,42060,0.0103237,0.05,1,439546,439122,424
37251841,9.99047,9.83046,424,42110,0.0420647,0.11,1,439548,439124,424
37254761,39.5981,37.1661,427,42160,0.0644129,0.13,1,439595,439168,427
37257681,38.3196,37.0332,428,42210,0.0528826,0.13,1,439633,439205,428
37260601,9.26392,9.00664,428,42260,0.0825765,0.15,1,439635,439207,428
37263521,22.6528,23.4013,427,42310,0.0885153,0.11,1,439661,439234,427
37266441,19.7306,19.0803,428,42360,0.105703,0.19,1,439680,439252,428
37269361,29.5461,28.6161,429,42410,0.125141,0.19,1,439712,439283,429
37272281,36.3092,33.7232,432,42460,0.129028,0.03,1,439750,439318,432
37275201,50.4618,57.1446,423,42510,0.0978056,0.05,1,439804,439381,423
37278121,31.6924,32.2289,424,42560,0.0755611,0.05,1,439831,439407,424
37281041,7.93847,8.04579,424,42610,0.0711122,0.01,1,439833,439409,424
37283961,27.1877,28.8092,422,42660,0.102222,0.01,1,439865,439443,422
37286881,57.4375,57.7618,422,42709,0.156444,0.01,1,439930,439508,422
37289801,41.8875,41.9524,422,42758,0.135289,0.05,1,439968,439546,422
37292721,9.9775,9.99047,422,42807,0.131058,0.07,1,439970,439548,422
37295641,41.1955,39.5981,424,42856,0.162212,0.05,1,440019,439595,424
37298561,38.6391,38.3196,424,42905,0.168442,0.09,1,440057,439633,424
37301481,9.32782,9.26392,424,42954,0.137688,0.09,1,440059,439635,424
37304401,23.4656,22.6528,425,43003,0.163538,0.09,1,440086,439661,425
37307321,19.0931,4.53056,443,43052,0.152708,0.11,1,440104,439661,443
37310241,30.2186,16.1061,457,43101,0.166542,0.13,1,440137,439680,457
37313161,38.0437,28.8212,465,43150,0.137308,0.13,1,440177,439712,465
37316081,47.6087,36.1642,477,43199,0.147462,0.09,1,440227,439750,477
37319001,31.9217,50.4328,451,43248,0.181492,0.07,1,440255,439804,451
37321921,7.98435,31.6866,426,43297,0.188298,0.07,1,440257,439831,426
37324841,27.1969,7.93731,456,43346,0.20566,0.11,1,440289,439833,456
37327761,59.8394,27.1875,492,43395,0.209132,0.17,1,440357,439865,492
37330681,42.3679,57.4375,465,43444,0.225826,0.13,1,440395,439930,465
37333601,10.0736,41.8875,429,43493,0.229165,0.13,1,440397,439968,429
37336521,41.2147,9.9775,476,43542,0.213833,0.17,1,440446,439970,476
37339441,38.6429,41.1955,465,43590,0.242767,0.17,1,440484,440019,465
37342361,9.32859,38.6391,429,43638,0.248553,0.13,1,440486,440057,429
37345281,24.2657,9.32782,455,43686,0.249711,0.17,1,440514,440059,455
37348201,19.2531,23.4656,446,43734,0.297942,0.15,1,440532,440086,446
37351121,31.0506,19.0931,462,43782,0.307588,0.17,1,440566,440104,462
37354041,36.6101,30.2186,467,43830,0.341518,0.13,1,440604,440137,467
37356961,48.922,38.0437,479,43878,0.380304,0.15,1,440656,440177,479
37359881,32.9844,47.6087,458,43926,0.372061,0.19,1,440685,440227,458
37362801,8.19688,31.9217,432,43974,0.370412,0.19,1,440687,440255,432
37365721,28.0394,7.98435,463,44022,0.402082,0.21,1,440720,440257,463
37368641,60.0079,27.1969,499,44070,0.408416,0.21,1,440788,440289,499
37371561,43.2016,59.8394,470,44118,0.409683,0.23,1,440827,440357,470
37374481,10.2403,42.3679,434,44166,0.409937,0.23,1,440829,440395,434
37377401,41.2481,10.0736,481,44214,0.409987,0.21,1,440878,440397,481
37380321,39.4496,41.2147,471,44262,0.425997,0.25,1,440917,440446,471
37383241,9.48992,38.6429,435,44310,0.4292,0.25,1,440919,440484,435
37386161,26.698,9.32859,464,44358,0.46184,0.25,1,440950,440486,464
37389081,19.7396,24.2657,454,44406,0.484368,0.31,1,440968,440514,454
37392001,31.1479,19.2531,470,44454,0.488874,0.31,1,441002,440532,470
37394921,7.82958,31.0506,438,44501,0.489775,0.35,1,441004,440566,438
37397841,33.5659,36.6101,440,44548,0.505955,0.39,1,441044,440604,440
37400761,49.1132,48.922,441,44595,0.573191,0.37,1,441097,440656,441
37403681,33.0226,32.9844,441,44642,0.570638,0.37,1,441126,440685,441
37406601,8.20453,8.19688,441,44689,0.570128,0.41,1,441128,440687,441
37409521,28.8409,28.0394,442,44736,0.570026,0.41,1,441162,440720,442
37412441,60.1682,60.0079,442,44783,0.602005,0.41,1,441230,440788,442
37415361,43.2336,43.2016,442,44830,0.656401,0.41,1,441269,440827,442
37418281,10.2467,10.2403,442,44877,0.71528,0.41,1,441271,440829,442
37421201,41.2493,41.2481,442,44924,0.759056,0.43,2,441320,440878,442
37424121,40.2499,39.4496,443,44971,0.735811,0.43,1,441360,440917,443
37427041,9.64997,9.48992,443,45018,0.763162,0.47,2,441362,440919,443
37429961,29.13,26.698,446,45065,0.752632,0.49,2,441396,440950,446
37432881,20.226,19.7396,446,45112,0.718526,0.49,1,441414,440968,446
37435801,32.0452,31.1479,447,45159,0.743705,0.49,1,441449,441002,447
37438721,8.00904,7.82958,447,45206,0.748741,0.51,1,441451,441004,447
37441641,33.6018,33.5659,447,45253,0.749748,0.59,1,441491,441044,447
37444561,50.7204,49.1132,449,45300,0.84595,0.57,2,441546,441097,449
37447481,34.1441,33.0226,450,45347,0.83319,0.57,2,441576,441126,450
37450401,8.42881,8.20453,450,45394,0.830638,0.57,2,441578,441128,450
37453321,28.8858,28.8409,450,45440,0.878128,0.61,2,441612,441162,450
37456241,62.5772,60.1682,453,45486,0.871626,0.67,2,441683,441230,453
37459161,46.1154,43.2336,456,45532,0.886325,0.73,2,441725,441269,456
37462081,10.8231,10.2467,456,45578,0.889265,0.77,2,441727,441271,456
37479601,37,35,459,45854,0.89,0.75,2,441908,441449,459
37482521,9,8.6,459,45900,0.922,0.75,2,441910,441451,459
37485441,33.8,33.72,459,45946,0.9124,0.75,2,441950,441491,459
37488361,53.16,6.744,517,45992,0.92648,0.87,2,442008,441491,517
37717581,61,70,488,22817,0.27,0.65,1,444500,444012,488
37720501,66.6,67.6,489,22910,0.318,0.51,1,444568,444079,489
37723421,74.92,90.32,470,23003,0.3436,0.41,1,444645,444175,470
37726341,62.984,64.464,472,23095,0.41272,0.27,1,444705,444233,472
37729261,51.7968,82.4928,434,23187,0.410544,0.25,1,444754,444320,434
37732181,27.9594,26.0986,444,23278,0.394109,0.27,1,444776,444332,444
37735101,80.7919,25.2197,513,23369,0.390822,0.21,1,444870,444357,513
37738021,66.5584,70.6439,494,23460,0.422164,0.27,1,444933,444439,494
37740941,70.9117,62.9288,505,23550,0.444433,0.33,1,445005,444500,505
37743861,77.3823,66.9858,516,23640,0.464887,0.35,1,445084,444568,516
37746781,64.2765,74.9972,500,23730,0.484977,0.43,1,445145,444645,500
37749701,51.2553,62.9994,488,23819,0.552996,0.41,1,445193,444705,488
37752621,28.6511,51.7999,462,23908,0.566599,0.39,1,445216,444754,462
37755541,7.33021,27.96,442,23997,0.56932,0.39,1,445218,444776,442
37758461,75.866,80.792,441,24085,0.617864,0.43,1,445311,444870,441
37761381,65.5732,66.5584,441,24173,0.627573,0.45,1,445374,444933,441
37764301,73.1146,70.9117,444,24261,0.661515,0.47,1,445449,445005,444
37767221,78.6229,77.3823,445,24348,0.748303,0.49,1,445529,445084,445
37770141,66.1246,64.2765,447,24435,0.749661,0.57,1,445592,445145,447
37773061,54.8249,51.2553,451,24522,0.765932,0.57,2,445644,445193,451
37775981,28.565,28.6511,450,24608,0.769186,0.57,2,445666,445216,450
37778901,7.313,7.33021,450,24694,0.769837,0.63,2,445668,445218,450
37781821,78.2626,75.866,453,24780,0.849967,0.63,2,445764,445311,453
37784741,66.0525,65.5732,453,24866,0.833994,0.67,2,445827,445374,453
37787661,74.8105,73.1146,455,24951,0.878799,0.77,2,445904,445449,455
37790581,81.3621,78.6229,458,25036,0.90376,0.75,2,445987,445529,458
37793501,65.8724,66.1246,457,25121,0.876752,0.77,2,446049,445592,457
37796421,57.1745,54.8249,460,25205,0.93535,0.77,2,446104,445644,460
37799341,29.0349,28.565,460,25289,0.91507,0.77,2,446126,445666,460
37802261,7.40698,7.313,460,25373,0.943014,0.87,2,446128,445668,460
37965781,31,88,518,29686,0.63,1,1,449280,448762,518
37968701,33.4,53.6,507,29757,0.662,1,1,449314,448807,507
37971621,57.08,39.52,534,29828,0.6044,0.93,1,449377,448843,534
37974541,16.216,53.504,483,29899,0.56088,1,1,449383,448900,483
37977461,37.6432,38.7008,491,29970,0.552176,1,1,449426,448935,491
37980381,26.7286,38.9402,476,30041,0.550435,0.92,1,449450,448974,476
37983301,45.3457,52.588,470,30111,0.518087,0.91,1,449500,449030,470
37986221,35.4691,40.1176,466,30181,0.479617,0.89,1,449533,449067,466
37989141,67.8938,72.0235,462,30251,0.471923,0.69,1,449609,449147,462
37992061,89.5788,96.0047,455,30321,0.454385,0.63,1,449704,449249,455
37994981,40.3158,44.0009,452,30391,0.482877,0.67,1,449732,449280,452
37997901,36.8632,36.0002,454,30461,0.472575,0.59,1,449768,449314,454
38000821,53.7726,57.6,449,30530,0.502515,0.55,1,449826,449377,449
38003741,15.5545,16.32,449,30599,0.508503,0.55,1,449832,449383,449
38006661,36.7109,37.664,448,30668,0.573701,0.55,1,449874,449426,448
38009581,25.7422,26.7328,447,30737,0.53874,0.51,1,449897,449450,447
38012501,43.5484,45.3466,445,30806,0.531748,0.47,1,449945,449500,445
38015421,35.1097,35.4693,445,30875,0.54635,0.47,1,449978,449533,445
38018341,65.4219,67.8939,442,30944,0.61327,0.45,1,450051,449609,442
38021261,89.0844,89.5788,442,31012,0.658654,0.49,1,450146,449704,442
38024181,41.8169,40.3158,444,31080,0.635731,0.47,1,450176,449732,444
38027101,37.9634,36.8632,445,31148,0.695146,0.51,1,450213,449768,445
38030021,55.5927,53.7726,447,31216,0.739029,0.51,1,450273,449826,447
38032941,15.9185,15.5545,447,31284,0.747806,0.51,1,450279,449832,447
38035861,37.5837,3.1109,490,31352,0.733561,0.59,1,450322,449832,490
38038781,25.1167,34.2222,470,31419,0.746712,0.53,1,450344,449874,470
38041701,44.2233,25.2444,496,31486,0.733342,0.53,1,450393,449897,496
38044621,35.2447,43.4489,481,31553,0.794668,0.55,2,450426,449945,481
38047541,67.8489,35.0898,524,31620,0.806934,0.63,2,450502,449978,524
38050461,90.3698,65.418,547,31687,0.841387,0.67,2,450598,450051,547
38053381,42.074,89.0836,482,31754,0.880277,0.63,2,450628,450146,482
38056301,39.6148,41.8167,491,31821,0.904055,0.71,2,450667,450176,491
38059221,57.523,37.9633,516,31887,0.892811,0.75,2,450729,450213,516
38062141,16.3046,55.5927,462,31953,0.890562,0.75,2,450735,450273,462
38065061,39.2609,15.9185,501,32019,0.874112,0.73,2,450780,450279,501
38067981,25.4522,37.5837,480,32085,0.870822,0.75,2,450802,450322,480
38070901,45.0904,25.1167,508,32151,0.886165,0.73,2,450852,450344,508
38073821,37.0181,44.2233,494,32217,0.905233,0.81,2,450887,450393,494
38196461,35,24,530,34868,0.85,1,2,452785,452255,530
38199381,24.6,17.6,536,34929,0.786,1,2,452807,452271,536
38202301,27.32,35.52,524,34990,0.6612,1,1,452835,452311,524
38205221,31.064,31.104,526,35050,0.66824,1,1,452867,452341,526
38208141,88.6128,49.4208,575,35110,0.509648,1,1,452970,452395,575
38211061,44.9226,92.2842,506,35170,0.41393,1,1,453004,452498,506
38213981,43.3845,47.2568,513,35230,0.330786,1,1,453047,452534,513
38216901,55.8769,39.8514,534,35290,0.234157,1,1,453106,452572,534
38219821,45.5754,57.5703,515,35350,0.230831,1,1,453149,452634,515
38222741,37.9151,41.9141,513,35410,0.246166,0.86,1,453185,452672,513
38225661,31.583,44.3828,498,35470,0.201233,0.93,1,453215,452717,498
38228581,31.1166,35.2766,496,35530,0.240247,0.85,1,453246,452750,496
38231501,20.6233,35.0553,479,35589,0.216049,0.77,1,453264,452785,479
38234421,24.9247,24.6111,483,35648,0.19521,0.63,1,453290,452807,483
38237341,6.58493,27.3222,457,35707,0.191042,0.67,1,453292,452835,457
38240261,25.317,31.0644,455,35766,0.206208,0.47,1,453322,452867,455
38243181,76.2634,88.6129,441,35825,0.209242,0.39,1,453411,452970,441
38246101,40.8527,44.9226,439,35884,0.177848,0.31,1,453443,453004,439
38249021,40.1705,43.3845,436,35943,0.18757,0.21,1,453483,453047,436
38251941,52.0341,55.8769,432,36002,0.157514,0.23,1,453538,453106,432
38254861,45.6068,45.5754,433,36061,0.183503,0.25,1,453582,453149,433
38257781,37.1214,37.9151,432,36120,0.236701,0.19,1,453617,453185,432
38260701,30.6243,31.583,431,36179,0.23134,0.25,1,453646,453215,431
38263621,31.7249,31.1166,432,36237,0.310268,0.21,1,453678,453246,432
38266541,19.945,20.6233,431,36295,0.310054,0.19,1,453695,453264,431
38269461,25.589,24.9247,432,36353,0.294011,0.19,1,453722,453290,432
38272381,6.7178,6.58493,432,36411,0.290802,0.21,1,453724,453292,432
38275301,23.7436,25.317,430,36469,0.29016,0.21,1,453752,453322,430
38278221,75.9487,76.2634,430,36527,0.306032,0.17,1,453841,453411,430
38281141,39.9897,40.8527,429,36585,0.341206,0.19,1,453872,453443,429
38284061,39.9979,40.1705,429,36643,0.396241,0.15,1,453912,453483,429
38286981,53.5996,52.0341,431,36701,0.391248,0.19,1,453969,453538,431
38289901,45.9199,45.6068,431,36759,0.42225,0.25,1,454013,453582,431
38292821,38.784,37.1214,433,36816,0.47645,0.23,1,454050,453617,433
38295741,31.7568,30.6243,434,36873,0.48729,0.33,1,454080,453646,434
38298661,33.5514,31.7249,436,36930,0.489458,0.31,1,454114,453678,436
38301581,19.5103,19.945,435,36987,0.457892,0.29,1,454130,453695,435
38304501,26.3021,25.589,436,37044,0.467578,0.29,1,454158,453722,436
38307421,6.86041,6.7178,436,37101,0.469516,0.29,1,454160,453724,436
38310341,23.7721,23.7436,436,37158,0.517903,0.29,1,454188,453752,436
38313261,75.9544,4.74871,525,37215,0.543581,0.31,1,454277,453752,525
38316181,42.3909,72.1497,470,37272,0.548716,0.35,1,454311,453841,470
38319101,40.4782,39.2299,479,37329,0.597743,0.41,1,454351,453872,479
38322021,53.6956,39.846,496,37386,0.639549,0.39,1,454408,453912,496
38324941,48.3391,53.5692,486,37443,0.64791,0.43,1,454455,453969,486
38327861,40.0678,45.9138,480,37499,0.649582,0.49,1,454493,454013,480
38330781,32.0136,38.7828,473,37555,0.649916,0.49,1,454523,454050,473
38333701,33.6027,31.7566,477,37611,0.681983,0.49,1,454557,454080,477
38336621,20.3205,33.5513,460,37667,0.688397,0.45,1,454574,454114,460
38339541,27.2641,19.5103,473,37723,0.673679,0.47,1,454603,454130,473
38342461,7.05282,26.3021,447,37779,0.670736,0.47,1,454605,454158,447
38345381,25.4106,6.86041,475,37835,0.670147,0.53,1,454635,454160,475
38348301,77.0821,23.7721,537,37891,0.670029,0.55,1,454725,454188,537
38351221,44.2164,75.9544,484,37947,0.686006,0.55,1,454761,454277,484
38354141,42.4433,42.3909,492,38003,0.721201,0.61,1,454803,454311,492
38357061,54.8887,40.4782,510,38059,0.74424,0.65,1,454861,454351,510
38359981,48.5777,53.6956,500,38115,0.780848,0.65,2,454908,454408,500
38362901,40.1155,48.3391,491,38170,0.80417,0.65,2,454946,454455,491
38365821,32.8231,40.0678,484,38225,0.824834,0.65,2,454977,454493,484
38368741,35.3646,32.0136,490,38280,0.812967,0.69,2,455013,454523,490
38371661,19.8729,33.6027,472,38335,0.858593,0.69,2,455029,454557,472
38374581,26.3746,20.3205,483,38390,0.899719,0.67,2,455057,454574,483
38377501,6.87492,27.2641,456,38445,0.907944,0.67,2,455059,454603,456
38380421,25.375,7.05282,484,38500,0.909589,0.67,2,455089,454605,484
38532261,28,27,509,41254,0.83,1,2,457013,456504,509
38535181,38.4,27.8,522,41305,0.782,1,2,457054,456532,522
38538101,59.68,57.56,522,41356,0.5804,1,1,457119,456597,522
38541021,27.936,39.512,507,41407,0.52408,1,1,457139,456632,507
38543941,35.9872,28.7024,519,41458,0.448816,1,1,457177,456658,519
38546861,32.7974,27.3405,524,41509,0.449763,1,1,457209,456685,524
38549781,13.7595,40.6681,489,41560,0.481953,1,1,457218,456729,489
38552701,44.3519,51.3336,487,41611,0.408391,1,1,457270,456783,487
38555621,31.2704,32.6667,487,41662,0.265678,1,1,457298,456811,487
38558541,35.8541,36.1333,487,41713,0.253136,1,1,457335,456848,487
38561461,37.5708,45.6267,477,41764,0.282627,1,1,457373,456896,477
38564381,31.5142,33.1253,477,41815,0.240525,0.92,1,457403,456926,477
38567301,27.1028,33.0251,470,41865,0.232105,0.77,1,457429,456959,470
38570221,20.6206,27.405,463,41915,0.214421,0.83,1,457448,456985,463
38573141,23.3241,27.881,459,41965,0.210884,0.77,1,457472,457013,459
38576061,34.2648,38.3762,455,42015,0.226177,0.53,1,457509,457054,455
38578981,50.853,59.6752,445,42065,0.277235,0.51,1,457564,457119,445
38581901,27.7706,27.935,447,42115,0.287447,0.43,1,457586,457139,447
38584821,35.1541,35.987,446,42165,0.273489,0.45,1,457623,457177,446
38587741,31.8308,32.7974,445,42215,0.286698,0.49,1,457654,457209,445
38590661,10.3662,13.7595,441,42265,0.27334,0.39,1,457659,457218,441
38593581,41.2732,44.3519,438,42315,0.318668,0.23,1,457708,457270,438
38596501,28.2546,31.2704,435,42365,0.327734,0.25,1,457733,457298,435
38599421,35.2509,35.8541,435,42415,0.329547,0.29,1,457770,457335,435
38602341,35.8502,37.5708,433,42465,0.361909,0.23,1,457806,457373,433
38605261,31.17,31.5142,433,42515,0.336382,0.23,1,457836,457403,433
38608181,25.434,27.1028,431,42565,0.331276,0.21,1,457860,457429,431
38611101,21.0868,20.6206,432,42615,0.362255,0.21,1,457880,457448,432
38614021,23.4174,23.3241,432,42665,0.384451,0.23,1,457904,457472,432
38616941,35.0835,34.2648,433,42714,0.45289,0.29,1,457942,457509,433
38619861,51.8167,50.853,434,42763,0.418578,0.29,1,457998,457564,434
38622781,28.7633,27.7706,435,42812,0.427716,0.27,1,458021,457586,435
38625701,35.3527,35.1541,435,42861,0.477543,0.29,1,458058,457623,435
38628621,32.6705,31.8308,436,42910,0.503509,0.27,1,458090,457654,436
38631541,11.3341,10.3662,437,42959,0.540702,0.33,1,458096,457659,437
38634461,40.6668,41.2732,436,43008,0.56414,0.33,1,458144,457708,436
38637381,27.3334,8.25465,460,43057,0.536828,0.33,1,458168,457708,460
38640301,36.6667,21.6509,474,43106,0.515366,0.33,1,458207,457733,474
38643221,36.1333,33.9302,473,43155,0.543073,0.37,1,458243,457770,473
38646141,31.2267,35.586,467,43204,0.548615,0.33,1,458273,457806,467
38649061,26.2453,31.1172,462,43253,0.581723,0.33,1,458298,457836,462
38651981,22.0491,25.4234,459,43302,0.604345,0.37,1,458319,457860,459
38654901,25.2098,21.0847,465,43351,0.624869,0.39,1,458345,457880,465
38657821,37.042,23.4169,481,43400,0.628974,0.47,1,458385,457904,481
38660741,50.6084,35.0834,497,43449,0.629795,0.41,1,458439,457942,497
38663661,29.3217,51.8167,465,43498,0.661959,0.43,1,458463,457998,465
38666581,37.8643,28.7633,482,43547,0.668392,0.49,1,458503,458021,482
38669501,33.9729,35.3527,478,43595,0.701678,0.51,1,458536,458058,478
38672421,11.5946,32.6705,452,43643,0.708336,0.55,1,458542,458090,452
38675341,41.5189,11.3341,495,43691,0.709667,0.57,1,458591,458096,495
38678261,27.5038,40.6668,471,43739,0.709933,0.53,1,458615,458144,471
38681181,35.9008,27.3334,485,43787,0.709987,0.51,1,458653,458168,485
38684101,37.5802,36.6667,484,43835,0.725997,0.55,1,458691,458207,484
38687021,32.316,36.1333,479,43883,0.761199,0.55,2,458722,458243,479
38689941,27.2632,31.2267,475,43931,0.76824,0.59,2,458748,458273,475
38692861,23.0526,26.2453,472,43979,0.769648,0.61,2,458770,458298,472
38695781,26.2105,22.0491,478,44027,0.81793,0.63,2,458797,458319,478
38698701,37.2421,25.2098,492,44075,0.827586,0.63,2,458837,458345,492
38701621,51.4484,37.042,507,44123,0.893517,0.63,2,458892,458385,507
38704541,30.2897,50.6084,478,44171,0.922704,0.67,2,458917,458439,478
38707461,38.8579,29.3217,495,44219,0.960541,0.67,2,458958,458463,495
38917701,31,21,495,47531,0.81,1,2,461185,460690,495
38920621,35.8,33,496,47575,0.746,1,1,461222,460726,496
38923541,41.56,49.8,485,47619,0.7812,1,2,461265,460780,485
38926461,29.912,33.96,482,47663,0.78824,1,2,461292,460810,482
38929381,35.5824,35.592,483,47707,0.741648,1,1,461329,460846,483
38932301,33.5165,35.1184,481,47751,0.68433,0.93,1,461362,460881,481
38935221,38.7033,38.2237,482,47795,0.640866,1,1,461402,460920,482
38938141,34.1407,31.6447,485,47839,0.584173,1,1,461435,460950,485
38941061,31.6281,33.5289,482,47883,0.540835,0.9,1,461466,460984,482
38943981,27.9256,29.9058,480,47927,0.548167,0.97,1,461493,461013,480
38946901,20.7851,25.9812,474,47971,0.501633,0.99,1,461512,461038,474
38949821,32.157,29.9962,478,48015,0.492327,0.96,1,461547,461069,478
38952741,35.2314,35.5992,477,48059,0.474465,1,1,461583,461106,477
38955661,15.8463,23.1198,468,48103,0.502893,0.95,1,461594,461126,468
38958581,19.1693,22.224,466,48147,0.476579,0.95,1,461614,461148,466
38961501,7.83385,9.24479,465,48191,0.455316,0.81,1,461619,461154,465
38964421,23.9668,26.649,462,48235,0.467063,0.73,1,461647,461185,462
38967341,30.3934,34.9298,457,48279,0.485413,0.79,1,461679,461222,457
38970261,43.6787,41.386,461,48323,0.521083,0.79,1,461726,461265,461
38973181,28.7357,29.8772,459,48367,0.480217,0.73,1,461751,461292,459
38976101,33.7471,35.5754,457,48411,0.488043,0.67,1,461786,461329,457
38979021,29.9494,33.5151,453,48455,0.521609,0.63,1,461815,461362,453
38981941,36.3899,38.703,451,48498,0.512322,0.57,1,461853,461402,451
38984861,32.878,34.1406,450,48541,0.526464,0.53,1,461885,461435,450
38987781,30.5756,31.6281,449,48584,0.545293,0.55,1,461915,461466,449
38990701,26.9151,27.9256,448,48627,0.549059,0.49,1,461941,461493,448
38993621,16.583,20.7851,443,48670,0.533812,0.49,1,461955,461512,443
38996541,34.5166,32.157,447,48713,0.546762,0.47,1,461994,461547,447
38999461,34.9033,35.2314,446,48756,0.597352,0.51,1,462029,461583,446
39002381,14.1807,15.8463,444,48799,0.63947,0.47,1,462038,461594,444
39005301,18.8361,19.1693,444,48842,0.647894,0.47,1,462058,461614,444
39008221,8.56723,3.83385,450,48885,0.649579,0.45,1,462064,461614,450
39011141,23.3134,4.76677,472,48928,0.649916,0.47,1,462091,461619,472
39014061,31.0627,23.3534,477,48971,0.681983,0.49,1,462124,461647,477
39016981,43.8125,30.2707,492,49014,0.672397,0.53,1,462171,461679,492
39019901,27.9625,43.6541,469,49057,0.670479,0.47,1,462195,461726,469
39022821,34.3925,28.7308,480,49100,0.686096,0.49,1,462231,461751,480
39025741,30.0785,33.7462,474,49143,0.721219,0.53,1,462260,461786,474
39028661,37.2157,29.9492,484,49186,0.744244,0.51,1,462299,461815,484
39031581,33.0431,36.3898,478,49229,0.796849,0.53,2,462331,461853,478
39034501,30.6086,32.878,476,49272,0.77537,0.55,2,462361,461885,476
39037421,27.7217,30.5756,473,49315,0.787074,0.55,2,462388,461915,473
39040341,16.7443,26.9151,461,49358,0.757415,0.53,2,462402,461941,461
39043261,35.3489,16.583,487,49401,0.751483,0.55,2,462442,461955,487
39046181,38.2698,34.5166,487,49444,0.798297,0.61,2,462481,461994,487
39049101,15.654,34.9033,462,49487,0.823659,0.65,2,462491,462029,462
39052021,17.5308,14.1807,471,49530,0.828732,0.65,2,462509,462038,471
39054941,8.30616,18.8361,457,49573,0.829746,0.65,2,462515,462058,457
39057861,25.6612,8.56723,481,49615,0.845949,0.65,2,462545,462064,481
39060781,32.3322,23.3134,488,49657,0.88119,0.69,2,462579,462091,488
39063701,43.2664,31.0627,501,49699,0.888238,0.67,2,462625,462124,501
39066621,27.8533,43.8125,478,49741,0.889648,0.67,2,462649,462171,478
39069541,35.9707,27.9625,492,49783,0.92193,0.69,2,462687,462195,492
39072461,31.1941,34.3925,486,49825,0.928386,0.73,2,462717,462231,486
39075381,38.2388,30.0785,497,49867,0.929677,0.75,2,462757,462260,497
39338181,38,44,459,24820,0.03,0.39,1,465712,465253,459
39370301,113.2,132,437,24820,0.03,0.31,1,465844,465407,437
39373221,73.04,49.6,471,24905,0.03,0.03,1,465907,465436,471
39376141,38.608,57.92,441,24990,0.014,0.07,1,465937,465496,441
39379061,26.9216,33.984,437,25075,0.0268,0.05,1,465961,465524,437
39381981,14.9843,26.7968,424,25160,0.02936,0.03,1,465973,465549,424
39384901,45.3969,21.3594,457,25244,0.029872,0.05,1,466026,465569,457
39387821,65.8794,63.4719,454,25328,0.0059744,0.03,1,466097,465643,454
39390741,71.5759,67.8944,458,25412,0.0251949,0.01,1,466170,465712,458
39393661,58.3152,64.7789,449,25495,0.029039,0.03,1,466225,465776,449
39396581,94.863,67.3558,485,25578,0.0298078,0.03,1,466329,465844,485
39399501,46.1726,63.8712,456,25661,0.0299616,0.01,1,466363,465907,456
39402421,25.2345,36.7742,446,25744,0.0299923,0.03,1,466383,465937,446
39405341,13.8469,26.5548,433,25826,0.0459985,0.03,1,466394,465961,433
39408261,45.9694,14.911,475,25908,0.0331997,0.03,1,466448,465973,475
39411181,65.1939,45.3822,492,25990,0.0146399,0,1,466518,466026,492
39414101,72.2388,65.8764,495,26072,0.042928,0.03,1,466592,466097,495
39417021,58.4478,71.5753,477,26153,0.0325856,0.03,1,466647,466170,477
39419941,95.6896,58.3151,527,26234,0.0305171,0.03,1,466752,466225,527
39422861,46.3379,94.863,457,26315,0.0621034,0.03,1,466786,466329,457
39425781,24.4676,46.1726,442,26396,0.0524207,0.03,1,466805,466363,442
39428701,13.6935,25.2345,433,26476,0.0824841,0.05,1,466816,466383,433
39431621,45.9387,13.8469,476,26556,0.0244968,0.03,1,466870,466394,476
39434541,65.1877,45.9694,492,26636,0.0448994,0.01,1,466940,466448,492
39437461,73.8375,65.1939,498,26716,0.0649799,0.05,1,467016,466518,498
39440381,57.1675,72.2388,477,26795,0.020996,0.03,1,467069,466592,477
39443301,97.8335,58.4478,530,26874,0.0601992,0.03,1,467177,466647,530
39446221,21.1667,95.6896,427,26953,0.0680398,0.07,1,467179,466752,427
39449141,29.8333,46.3379,425,27032,0.085608,0.05,1,467211,466786,425
39452061,21.1667,24.4676,425,27110,0.105122,0.09,1,467230,466805,425
39454981,13.0333,13.6935,425,27188,0.125024,0.01,1,467241,466816,425
39457901,44.2067,45.9387,423,27266,0.0810049,0.05,1,467293,466870,423
39460821,64.8413,65.1877,423,27344,0.072201,0.07,1,467363,466940,423
39463741,75.3683,73.8375,425,27421,0.0224402,0.01,1,467441,467016,425
39466661,56.6737,57.1675,424,27498,0.076488,0.07,1,467493,467069,424
39469581,98.5347,97.8335,425,27575,0.0232976,0.07,1,467602,467177,425
39472501,21.3069,21.1667,425,27652,0.0126595,0.09,1,467604,467179,425
39475421,30.6614,29.8333,426,27729,0.0425319,0.11,1,467637,467211,426
39478341,22.1323,21.1667,427,27805,0.0805064,0.13,1,467657,467230,427
39481261,14.0265,13.0333,428,27881,0.0881013,0.07,1,467669,467241,428
39484181,42.0053,44.2067,425,27957,0.12162,0.07,1,467718,467293,425
39487101,62.8011,64.8413,423,28033,0.128324,0.01,1,467786,467363,423
39490021,75.7602,75.3683,424,28109,0.0656648,0.09,1,467865,467441,424
39492941,56.752,56.6737,424,28184,0.117133,0.01,1,467917,467493,424
39495861,96.9504,98.5347,422,28259,0.0474266,0.01,1,468024,467602,422
39498781,20.9901,21.3069,422,28334,0.0334853,0.05,1,468026,467604,422
39501701,32.998,30.6614,425,28409,0.0626971,0.05,1,468062,467637,425
39504621,22.5996,6.13228,445,28484,0.0525394,0.09,1,468082,467637,445
39507541,14.1199,17.2265,437,28558,0.0505079,0.09,1,468094,467657,437
39510461,42.024,13.0453,474,28632,0.0661016,0.13,1,468143,467669,474
39513381,64.4048,41.8091,495,28706,0.0852203,0.13,1,468213,467718,495
39516301,72.081,62.7618,501,28780,0.0890441,0.05,1,468287,467786,501
39519221,58.4162,75.7524,477,28854,0.0898088,0.13,1,468342,467865,477
39522141,94.8832,56.7505,529,28927,0.153962,0.03,1,468446,467917,529
39525061,20.5766,96.9501,424,29000,0.166792,0.03,1,468448,468024,424
39527981,33.7153,20.99,459,29073,0.185358,0.07,1,468485,468026,459
39530901,22.7431,32.998,443,29146,0.157072,0.05,1,468505,468062,443
39533821,14.1486,22.5996,435,29219,0.183414,0.05,1,468517,468082,435
39536741,42.8297,14.1199,473,29291,0.204683,0.07,1,468567,468094,473
39539661,65.3659,42.024,495,29363,0.256937,0.09,1,468638,468143,495
39542581,72.2732,64.4048,499,29435,0.299387,0.09,1,468712,468213,499
39545501,58.4546,72.081,480,29507,0.291877,0.09,1,468767,468287,480
39548421,98.0909,58.4162,533,29579,0.322375,0.17,1,468875,468342,533
39551341,21.2182,94.8832,431,29651,0.328475,0.17,1,468877,468446,431
39554261,33.0436,20.5766,465,29722,0.329695,0.19,1,468913,468448,465
39557181,23.4087,33.7153,449,29793,0.345939,0.15,1,468934,468485,449
39560101,6.28175,22.7431,431,29864,0.349188,0.19,1,468936,468505,431
39563021,10.8563,14.1486,431,29935,0.381838,0.21,1,468948,468517,431
39565941,42.9713,42.8297,432,30006,0.356367,0.27,1,468999,468567,432
39568861,67.7943,65.3659,435,30077,0.383274,0.31,1,469073,468638,435
39571781,74.3588,72.2732,437,30147,0.484655,0.29,1,469149,468712,437
39574701,58.8718,58.4546,437,30217,0.488931,0.33,1,469204,468767,437
39577621,98.9744,98.0909,438,30287,0.521786,0.33,1,469313,468875,438
39580541,21.3949,21.2182,438,30357,0.528357,0.33,1,469315,468877,438
39583461,33.079,33.0436,438,30427,0.529671,0.35,1,469351,468913,438
39586381,24.2158,23.4087,439,30497,0.545934,0.35,1,469373,468934,439
39589301,6.44316,6.28175,439,30566,0.549187,0.39,1,469375,468936,439
39592221,10.8886,10.8563,439,30635,0.549837,0.35,1,469387,468948,439
39595141,42.9777,42.9713,439,30704,0.581967,0.39,1,469438,468999,439
39598061,69.3955,67.7943,441,30773,0.588393,0.51,1,469514,469073,441
39600981,77.8791,74.3588,445,30842,0.653679,0.49,1,469594,469149,445
39603901,60.3758,58.8718,446,30911,0.650736,0.53,1,469650,469204,446
39606821,100.875,98.9744,448,30979,0.730147,0.53,1,469761,469313,448
39609741,21.775,21.3949,448,31047,0.746029,0.53,1,469763,469315,448
39612661,33.155,33.079,448,31115,0.813206,0.55,2,469799,469351,448
39615581,25.031,24.2158,449,31183,0.810641,0.55,2,469822,469373,449
39618501,6.6062,6.44316,449,31251,0.810128,0.55,2,469824,469375,449
39621421,10.9212,10.8886,449,31319,0.810026,0.55,2,469836,469387,449
39624341,43.7843,2.17773,501,31387,0.826005,0.59,2,469888,469387,501
39627261,70.3569,41.2355,527,31454,0.829201,0.59,2,469965,469438,527
39630181,78.8714,69.0471,532,31521,0.84584,0.67,2,470046,469514,532
39633101,62.1743,77.8094,510,31588,0.865168,0.65,2,470104,469594,510
39636021,104.435,60.3619,569,31655,0.901034,0.75,2,470219,469650,569
39638941,22.487,100.872,460,31722,0.908207,0.75,2,470221,469761,460
39641861,34.8974,21.7745,496,31789,0.909641,0.83,2,470259,469763,496
39790781,95,99,509,15742,0.67,1,1,472737,472228,509
39793701,58.2,77.4,486,15877,0.574,1,1,472786,472300,486
39796621,42.84,44.28,489,16011,0.5548,0.77,1,472825,472336,489
39799541,158.168,178.456,464,16144,0.59896,0.73,1,473012,472548,464
39802461,100.434,110.891,456,16276,0.687792,0.67,1,473098,472642,456
39805381,95.2867,98.1782,455,16406,0.801558,0.55,2,473192,472737,455
39808301,53.4573,58.8356,449,16535,0.808312,0.55,2,473235,472786,449
39811221,43.4915,42.9671,451,16663,0.825662,0.55,2,473276,472825,451
39814141,158.298,8.59343,638,16790,0.845132,0.61,2,473463,472825,638
39817061,102.86,151.319,540,16916,0.881027,0.71,2,473552,473012,540
39895901,171,53,649,20028,0.05,1,1,475825,475176,649
39898821,62.2,157.8,500,20134,0.05,1,1,475860,475360,500
39901741,68.44,53.16,543,20239,0.066,1,1,475930,475387,543
39904661,94.488,67.432,573,20344,0.0852,0.98,1,476031,475458,573
39907581,41.2976,94.2864,500,20448,0.07304,0.86,1,476059,475559,500
39910501,44.2595,45.2573,512,20552,0.038608,0.73,1,476104,475592,512
39913421,124.852,58.6515,595,20655,0.0157216,0.05,1,476249,475654,595
39916341,51.3704,148.53,457,20758,0.0271443,0.05,1,476282,475825,457
39919261,65.4741,57.7061,491,20860,0.00542886,0.07,1,476351,475860,491
39922181,96.2948,67.5412,525,20962,0.0890858,0.09,1,476455,475930,525
39925101,20.859,94.3082,426,21063,0.121817,0.07,1,476457,476031,426
39928021,24.1718,41.2616,423,21164,0.0803634,0.03,1,476482,476059,423
39930941,40.0344,44.2523,422,21264,0.0720727,0.01,1,476526,476104,422
39933861,124.007,124.85,422,21364,0.0544145,0.03,1,476671,476249,422
39936781,52.8014,51.3701,424,21463,0.0348829,0,1,476706,476282,424
39939701,64.9603,65.474,423,21562,0.0309766,0.11,1,476774,476351,423
39942621,96.9921,96.2948,424,21660,0.0301953,0.13,1,476879,476455,424
39945541,20.9984,20.859,424,21758,0.0300391,0.07,1,476881,476457,424
39948461,24.9997,24.1718,425,21855,0.0620078,0.07,1,476907,476482,425
39951381,39.3999,40.0344,424,21952,0.0684016,0.05,1,476950,476526,424
39954301,123.08,124.007,423,22049,0.0696803,0.03,1,477094,476671,423
39957221,51.816,52.8014,422,22145,0.0539361,0.03,1,477128,476706,422
39960141,64.7632,64.9603,422,22241,0.0187872,0.03,1,477196,476774,422
39963061,97.7526,96.9921,423,22336,0.0437574,0.03,1,477302,476879,423
39965981,21.1505,20.9984,423,22431,0.0487515,0.07,1,477304,476881,423
39968901,25.0301,24.9997,423,22526,0.0977503,0.07,1,477330,476907,423
39971821,40.206,4.99994,467,22620,0.0915501,0.07,1,477374,476907,467
39974741,123.241,35.4,568,22714,0.07431,0.07,1,477518,476950,568
39977661,49.4482,122.28,455,22807,0.054862,0.05,1,477549,477094,455
39980581,64.2896,51.656,489,22900,0.0189724,0.01,1,477617,477128,489
39983501,99.2579,64.7312,529,22993,0.0437945,0.05,1,477725,477196,529
39986421,21.4516,97.7462,425,23085,0.0487589,0.05,1,477727,477302,425
39989341,25.8903,21.1492,450,23177,0.0497518,0.11,1,477754,477304,450
39992261,41.1781,25.0299,469,23268,0.0819504,0.09,1,477799,477330,469
39995181,123.436,40.206,569,23359,0.12039,0.07,1,477943,477374,569
39998101,46.2871,123.241,452,23450,0.096078,0.05,1,477970,477518,452
40001021,63.6574,49.4482,489,23540,0.0592156,0.01,1,478038,477549,489
40003941,101.531,64.2896,532,23630,0.0518431,0.05,1,478149,477617,532
40006861,21.9063,99.2579,426,23720,0.0503686,0.05,1,478151,477725,426
40009781,25.1813,21.4516,450,23809,0.0660737,0.05,1,478177,477727,450
40012701,42.6363,25.8903,470,23898,0.0852147,0.09,1,478224,477754,470
40015621,125.327,41.1781,571,23987,0.185043,0.13,1,478370,477799,571
40018541,26.6654,123.436,429,24075,0.205009,0.09,1,478372,477943,429
40021461,25.3331,46.2871,427,24163,0.225002,0.05,1,478397,477970,427
40024381,57.0666,63.6574,424,24251,0.149,0.05,1,478462,478038,424
40027301,100.213,101.531,424,24338,0.0858001,0.05,1,478573,478149,424
40030221,21.6427,21.9063,424,24425,0.07316,0.07,1,478575,478151,424
40033141,25.9285,25.1813,425,24512,0.054632,0.09,1,478602,478177,425
40036061,43.5857,42.6363,426,24598,0.0829264,0.21,1,478650,478224,426
40038981,130.317,125.327,432,24684,0.168585,0.21,1,478802,478370,432
40041901,27.6634,26.6654,432,24770,0.185717,0.23,1,478804,478372,432
40044821,24.7327,25.3331,431,24856,0.237143,0.13,1,478828,478397,431
40047741,54.5465,57.0666,428,24941,0.215429,0.07,1,478890,478462,428
40050661,95.7093,100.213,423,25026,0.275086,0.07,1,478996,478573,423
40053581,20.7419,21.6427,423,25111,0.287017,0.05,1,478998,478575,423
40056501,26.5484,25.9285,424,25195,0.305403,0.09,1,479026,478602,424
40059421,43.7097,43.5857,424,25279,0.357081,0.19,1,479074,478650,424
40062341,135.142,130.317,430,25363,0.335416,0.19,1,479232,478802,430
40065261,28.6284,27.6634,430,25447,0.331083,0.19,1,479234,478804,430
40068181,25.7257,5.53268,455,25530,0.346217,0.25,1,479259,478804,455
40071101,55.5451,20.3065,494,25613,0.365243,0.21,1,479322,478828,494
40074021,98.309,53.6613,541,25696,0.417049,0.29,1,479431,478890,541
40076941,21.2618,95.5323,437,25778,0.42741,0.29,1,479433,478996,437
40079861,27.4524,20.7065,464,25860,0.413482,0.31,1,479462,478998,464
40082781,44.6905,26.5413,485,25942,0.442696,0.37,1,479511,479026,485
40085701,136.138,43.7083,596,26024,0.432539,0.33,1,479670,479074,596
40088621,28.8276,135.142,440,26105,0.462508,0.33,1,479672,479232,440
40091541,25.7655,28.6283,463,26186,0.452502,0.35,1,479697,479234,463
40094461,54.7531,25.7257,500,26267,0.5145,0.37,1,479759,479259,500
40097381,102.151,55.5451,551,26348,0.5589,0.43,1,479873,479322,551
40100301,22.0301,98.309,444,26428,0.56778,0.43,1,479875,479431,444
40103221,27.606,21.2618,471,26508,0.601556,0.41,1,479904,479433,471
40106141,45.5212,27.4524,492,26588,0.608311,0.45,1,479954,479462,492
40109061,137.104,44.6905,603,26668,0.673662,0.43,1,480114,479511,603
40111981,29.0208,136.138,446,26747,0.686732,0.47,1,480116,479670,446
40114901,25.8042,28.8276,469,26826,0.689346,0.45,1,480141,479672,469
40117821,57.1608,25.7655,509,26905,0.753869,0.53,2,480206,479697,509
40120741,13.0322,54.7531,449,26984,0.766774,0.57,2,480208,479759,449
40123661,94.6064,102.151,450,27062,0.801355,0.57,2,480323,479873,450
40126581,20.5213,22.0301,450,27140,0.808271,0.61,2,480325,479875,450
40129501,27.3043,27.606,450,27218,0.761654,0.61,2,480354,479904,450
40132421,47.0609,45.5212,452,27296,0.784331,0.69,2,480406,479954,452
40135341,141.412,137.104,457,27374,0.868866,0.69,2,480571,480114,457
40138261,29.8824,29.0208,457,27451,0.885773,0.69,2,480573,480116,457
40141181,25.1765,25.8042,456,27528,0.889155,0.77,2,480597,480141,456
40278421,15,26,487,30935,0.87,1,2,483002,482515,487
40281341,37.4,41.2,485,31003,0.71,1,1,483045,482560,485
40284261,35.48,37.04,484,31071,0.742,1,1,483080,482596,484
40287181,70.296,70.608,484,31139,0.7324,0.95,1,483159,482675,484
40290101,29.2592,37.3216,474,31207,0.71448,0.91,1,483178,482704,474
40293021,37.0518,43.4643,468,31275,0.742896,0.95,1,483217,482749,468
40295941,39.4104,40.6929,468,31343,0.732579,0.95,1,483257,482789,468
40298861,35.0821,8.13857,502,31411,0.682516,0.91,1,483291,482789,502
40301781,101.416,29.6277,585,31478,0.640503,0.83,1,483409,482824,585
40304701,51.4833,106.726,498,31545,0.696101,0.83,1,483448,482950,498
40307621,20.6967,50.9451,474,31612,0.72322,0.87,1,483461,482987,474
40310541,38.5393,22.189,502,31679,0.728644,0.67,1,483504,483002,502
40313461,33.3079,38.8378,491,31746,0.745729,0.75,1,483536,483045,491
40316381,69.0616,35.7676,534,31813,0.733146,0.73,1,483614,483080,534
40319301,29.0123,70.3535,474,31880,0.730629,0.71,1,483633,483159,474
40322221,37.0025,29.2707,494,31946,0.714126,0.75,1,483672,483178,494
40325141,40.2005,37.0541,496,32012,0.742825,0.73,1,483713,483217,496
40328061,32.8401,39.4108,487,32078,0.748565,0.67,1,483744,483257,487
40330981,98.568,35.0822,568,32144,0.813713,0.63,2,483859,483291,568
40333901,55.7136,101.416,495,32210,0.842743,0.71,2,483904,483409,495
40336821,20.7427,51.4833,468,32276,0.880549,0.73,2,483916,483448,468
40339741,40.1485,20.6967,500,32342,0.88811,0.73,2,483961,483461,500
40342661,35.2297,38.5393,491,32407,0.889622,0.75,2,483995,483504,491
40345581,68.6459,33.3079,536,32472,0.937924,0.73,2,484072,483536,536
40348501,28.1292,69.0616,476,32537,0.947585,0.73,2,484090,483614,476
40351421,38.4258,29.0123,498,32602,0.933517,0.71,2,484131,483633,498
40479901,47,29,517,35343,0.85,1,2,486035,485518,517
40482821,32.6,28.2,518,35403,0.802,1,2,486064,485546,518
40485741,36.12,44.04,507,35463,0.7444,1,1,486101,485594,507
40488661,40.824,35.208,516,35523,0.63688,1,1,486143,485627,516
40491581,56.1648,32.6416,544,35583,0.647376,1,1,486203,485659,544
40494501,60.033,74.5283,520,35642,0.633475,1,1,486264,485744,520
40497421,13.6066,46.1057,483,35701,0.630695,1,1,486266,485783,483
40500341,28.3213,36.4211,481,35760,0.614139,1,1,486298,485817,481
40503261,40.8643,31.2842,495,35819,0.546828,1,1,486342,485847,495
40506181,24.1729,34.2568,480,35878,0.629366,0.93,1,486362,485882,480
40509101,57.6346,65.2514,473,35937,0.613873,0.95,1,486428,485955,473
40512021,34.7269,39.4503,469,35996,0.594775,0.85,1,486457,485988,469
40514941,38.1454,45.4901,461,36055,0.574955,0.79,1,486496,486035,461
40517861,27.6291,32.298,457,36114,0.634991,0.73,1,486521,486064,457
40520781,33.5258,36.0596,455,36173,0.662998,0.61,1,486556,486101,455
40523701,40.3052,40.8119,455,36231,0.6366,0.65,1,486598,486143,455
40526621,52.061,56.1624,450,36289,0.69532,0.63,1,486653,486203,450
40529541,60.8122,60.0325,452,36347,0.739064,0.63,1,486716,486264,452
40532461,13.7624,13.6065,452,36405,0.747813,0.61,1,486718,486266,452
40535381,29.9525,28.3213,454,36463,0.813563,0.53,2,486752,486298,454
40538301,37.9905,40.8643,450,36521,0.842712,0.65,2,486792,486342,450
40541221,28.3981,24.1729,456,36579,0.816543,0.61,2,486818,486362,456
40544141,53.6796,57.6346,450,36637,0.859308,0.59,2,486878,486428,450
40547061,33.1359,34.7269,449,36695,0.883862,0.57,2,486906,486457,449
40549981,38.6272,38.1454,450,36753,0.888772,0.65,2,486946,486496,450
40687221,17,25,494,39363,0.73,1,1,488734,488240,494
40690141,38.6,49,483,39417,0.698,1,1,488778,488295,483
40693061,29.32,31.4,483,39471,0.6596,0.96,1,488805,488322,483
40695981,45.064,39.08,491,39525,0.57192,1,1,488854,488363,491
40698901,33.8128,32.616,491,39578,0.458384,1,1,488885,488394,491
40701821,35.5626,38.5232,487,39631,0.387677,1,1,488921,488434,487
40704741,38.3125,38.1046,488,39684,0.421535,1,1,488960,488472,488
40707661,45.2625,57.2209,473,39737,0.396307,0.97,1,489007,488534,473
40710581,55.4525,62.6442,467,39790,0.407261,0.99,1,489065,488598,467
40713501,34.2905,34.1288,469,39843,0.425452,1,1,489094,488625,469
40716421,30.8581,33.2258,466,39896,0.34909,0.89,1,489124,488658,466
40719341,30.1716,37.0452,458,39949,0.333818,0.75,1,489154,488696,458
40722261,22.0343,24.209,457,40002,0.346764,0.73,1,489174,488717,457
40725181,17.2069,18.4418,456,40055,0.317353,0.69,1,489190,488734,456
40728101,34.6414,38.8884,451,40108,0.311471,0.69,1,489229,488778,451
40731021,26.1283,7.77767,475,40161,0.310294,0.65,1,489253,488778,475
40733941,42.8257,23.1555,495,40214,0.294059,0.55,1,489300,488805,495
40736861,30.9651,43.8311,474,40267,0.290812,0.43,1,489328,488854,474
40739781,32.593,33.5662,476,40319,0.290162,0.37,1,489361,488885,476
40742701,36.9186,35.5132,478,40371,0.306032,0.43,1,489399,488921,478
40745621,45.7837,38.3026,487,40423,0.357206,0.39,1,489447,488960,487
40748541,54.7567,45.2605,497,40475,0.415441,0.41,1,489504,489007,497
40751461,32.5513,55.4521,466,40527,0.443088,0.43,1,489531,489065,466
40754381,28.9103,34.2904,465,40579,0.448618,0.33,1,489559,489094,465
40757301,31.3821,30.8581,467,40631,0.449724,0.33,1,489591,489124,467
40760221,19.8764,30.1716,454,40683,0.481945,0.35,1,489608,489154,454
40763141,16.7753,22.0343,450,40735,0.488389,0.31,1,489624,489174,450
40766061,36.1551,17.2069,475,40787,0.537678,0.31,1,489665,489190,475
40768981,24.831,34.6414,458,40839,0.579536,0.31,1,489687,489229,458
40771901,41.7662,26.1283,480,40891,0.635907,0.29,1,489733,489253,480
40774821,33.1532,42.8257,464,40943,0.631181,0.29,1,489764,489300,464
40777741,32.2306,30.9651,468,40995,0.630236,0.29,1,489796,489328,468
40780661,40.0461,32.593,477,41046,0.598047,0.31,1,489838,489361,477
40783581,46.4092,36.9186,487,41097,0.591609,0.37,1,489886,489399,487
40786501,57.2818,45.7837,499,41148,0.606322,0.43,1,489946,489447,499
40789421,35.4564,54.7567,472,41199,0.609264,0.45,1,489976,489504,472
40792341,27.8913,32.5513,471,41250,0.641853,0.45,1,490002,489531,471
40795261,31.1783,28.9103,475,41301,0.648371,0.45,1,490034,489559,475
40798181,21.4357,31.3821,462,41352,0.681674,0.49,1,490053,489591,462
40801101,17.0871,19.8764,461,41403,0.688335,0.49,1,490069,489608,461
40804021,39.4174,16.7753,490,41454,0.721667,0.55,1,490114,489624,490
40806941,26.2835,36.1551,472,41505,0.744333,0.59,1,490137,489665,472
40809861,6.8567,24.831,452,41556,0.748867,0.65,1,490139,489687,452
40812781,39.7713,41.7662,454,41607,0.813773,0.63,2,490187,489733,454
40815701,31.9543,33.1532,453,41658,0.826755,0.63,2,490217,489764,453
40818621,31.9909,32.2306,453,41709,0.829351,0.59,2,490249,489796,453
40821541,39.9982,40.0461,453,41760,0.82987,0.59,2,490291,489838,453
40824461,44.7996,46.4092,451,41811,0.845974,0.61,2,490337,489886,451
40827381,57.7599,57.2818,452,41861,0.833195,0.61,2,490398,489946,452
40830301,37.152,35.4564,454,41911,0.878639,0.65,2,490430,489976,454
40833221,28.2304,27.8913,454,41961,0.887728,0.65,2,490456,490002,454
40836141,31.2461,31.1783,454,42011,0.873546,0.69,2,490488,490034,454
40839061,23.0492,21.4357,456,42061,0.870709,0.69,2,490509,490053,456
40841981,17.4098,17.0871,456,42111,0.870142,0.73,2,490525,490069,456
40844901,41.082,39.4174,458,42161,0.902028,0.75,2,490572,490114,458
41028861,22,26,500,45207,0.83,1,2,492654,492154,500
41031781,34,29.2,507,45254,0.83,1,2,492691,492184,507
41034701,38,38.64,505,45301,0.798,1,2,492730,492225,505
41037621,55.6,59.728,500,45348,0.6796,1,1,492790,492290,500
41040541,38.32,43.1456,495,45395,0.65592,1,1,492824,492329,495
41043461,31.664,37.4291,489,45441,0.635184,0.94,1,492854,492365,489
41046381,26.3328,34.6858,480,45487,0.599037,1,1,492879,492399,480
41049301,25.2666,27.7372,479,45533,0.623807,1,1,492904,492425,479
41052221,36.2533,33.5474,483,45579,0.580761,1,1,492943,492460,483
41055141,32.8507,34.7095,480,45625,0.572152,1,1,492975,492495,480
41058061,19.3701,22.1419,477,45671,0.53843,0.78,1,492991,492514,477
41060981,19.074,21.2284,475,45717,0.563686,1,1,493010,492535,475
41063901,27.0148,32.2457,469,45763,0.520737,0.93,1,493039,492570,469
41066821,31.803,36.0491,465,45809,0.496147,0.89,1,493072,492607,465
41069741,24.7606,27.2098,463,45855,0.555229,0.83,1,493095,492632,463
41072661,23.3521,23.042,464,45901,0.503046,0.83,1,493118,492654,464
41075581,33.4704,34.2084,463,45947,0.428609,0.83,1,493154,492691,463
41078501,37.0941,6.84168,501,45993,0.397722,0.79,1,493192,492691,501
41081421,49.0188,32.5683,514,46039,0.423544,0.65,1,493244,492730,514
41084341,33.8038,54.5137,484,46085,0.396709,0.65,1,493274,492790,484
41087261,32.3608,38.1027,482,46131,0.439342,0.63,1,493306,492824,482
41090181,24.0722,31.6205,474,46177,0.447868,0.59,1,493328,492854,474
41093101,24.0144,26.3241,473,46223,0.449574,0.63,1,493352,492879,473
41096021,32.0029,25.2648,482,46269,0.449915,0.57,1,493386,492904,482
41098941,33.6006,36.253,477,46315,0.513983,0.57,1,493420,492943,477
41101861,20.3201,32.8506,462,46361,0.542797,0.53,1,493437,492975,462
41104781,19.264,19.3701,465,46406,0.516559,0.57,1,493456,492991,465
41107701,25.4528,19.074,473,46451,0.543312,0.51,1,493483,493010,473
41110621,31.4906,27.0148,477,46496,0.532662,0.49,1,493516,493039,477
41113541,24.6981,31.803,467,46541,0.594532,0.57,1,493539,493072,467
41116461,20.9396,24.7606,464,46586,0.606906,0.49,1,493559,493095,464
41119381,31.3879,23.3521,475,46631,0.625381,0.41,1,493593,493118,475
41122301,37.4776,33.4704,478,46676,0.613076,0.39,1,493632,493154,478
41125221,50.6955,37.0941,494,46721,0.658615,0.43,1,493686,493192,494
41128141,34.1391,49.0188,472,46766,0.683723,0.39,1,493716,493244,472
41131061,33.2278,33.8038,475,46811,0.720745,0.45,1,493749,493274,475
41133981,24.2456,32.3608,465,46856,0.728149,0.45,1,493771,493306,465
41136901,24.0491,24.0722,467,46901,0.74563,0.45,1,493795,493328,467
41139821,32.0098,24.0144,477,46946,0.765126,0.45,2,493829,493352,477
41142741,36.802,32.0029,481,46991,0.737025,0.53,1,493867,493386,481
41145661,20.1604,33.6006,463,47036,0.731405,0.55,1,493883,493420,463
41148581,20.8321,20.3201,467,47081,0.714281,0.51,1,493904,493437,467
41151501,25.7664,19.264,475,47126,0.726856,0.55,1,493931,493456,475
41154421,33.1533,25.4528,483,47171,0.729371,0.53,1,493966,493483,483
41157341,25.8307,31.4906,474,47216,0.761874,0.61,2,493990,493516,474
41160261,21.1661,24.6981,471,47261,0.784375,0.61,2,494010,493539,471
41163181,32.2332,20.9396,486,47306,0.820875,0.63,2,494045,493559,486
41166101,37.6466,31.3879,491,47351,0.844175,0.61,2,494084,493593,491
41169021,9.12933,37.4776,454,47396,0.848835,0.67,2,494086,493632,454
41171941,46.6259,50.6955,456,47440,0.897767,0.69,2,494142,493686,456
41174861,33.3252,34.1391,456,47484,0.891553,0.73,2,494172,493716,456
41177781,34.665,33.2278,458,47528,0.954311,0.73,2,494207,493749,458
41180701,25.333,24.2456,459,47572,0.950862,0.75,2,494230,493771,459
41183621,24.2666,24.0491,459,47616,0.950172,0.77,2,494254,493795,459
41186541,32.8533,32.0098,460,47660,0.902035,0.73,2,494289,493829,460
41189461,35.3707,36.802,458,47704,0.892407,0.73,2,494325,493867,458
41192381,19.8741,20.1604,458,47748,0.906481,0.71,2,494341,493883,458
41195301,19.9748,20.8321,457,47792,0.941296,0.73,2,494361,493904,457
41390941,32,35,517,50663,0.67,1,1,496358,495841,517
41393861,21.6,31.8,505,50705,0.606,1,1,496377,495872,505
41396781,17.92,27.16,496,50747,0.5612,1,1,496394,495898,496
41399701,34.784,24.632,511,50789,0.50424,1,1,496433,495922,511
41402621,35.7568,35.3264,509,50830,0.412848,1,1,496469,495960,509
41405541,27.1514,32.6653,502,50871,0.37857,1,1,496494,495992,502
41408461,17.4303,28.9331,489,50912,0.355714,1,1,496509,496020,489
41411381,32.2861,32.9866,491,50953,0.367143,1,1,496545,496054,491
41414301,33.6572,36.9973,487,50994,0.353429,0.98,1,496579,496092,487
41417221,28.3314,34.5995,480,51035,0.382686,0.97,1,496606,496126,480
41420141,18.4663,22.9199,476,51076,0.436537,0.97,1,496622,496146,476
41423061,20.4933,22.984,474,51117,0.463307,0.91,1,496643,496169,474
41425981,28.8987,34.9968,467,51158,0.468661,0.88,1,496674,496207,467
41428901,28.1797,29.3994,467,51199,0.469732,0.91,1,496702,496235,467
41431821,22.4359,24.2799,465,51240,0.485946,0.81,1,496723,496258,465
41434741,20.4872,29.656,454,51281,0.489189,0.73,1,496743,496289,454
41437661,32.0974,35.5312,452,51322,0.521838,0.67,1,496778,496326,452
41440581,29.6195,32.7062,449,51363,0.496368,0.59,1,496807,496358,449
41443501,19.5239,21.7412,447,51404,0.523274,0.55,1,496824,496377,447
41446421,15.9048,17.9482,445,51445,0.544655,0.49,1,496839,496394,445
41449341,28.781,34.7897,438,51486,0.532931,0.39,1,496871,496433,438
41452261,35.3562,35.7579,439,51527,0.594586,0.37,1,496908,496469,439
41455181,27.8712,27.1516,440,51568,0.590917,0.35,1,496934,496494,440
41458101,18.3742,17.4303,441,51609,0.558183,0.37,1,496950,496509,441
41461021,30.0748,32.2861,438,51650,0.551637,0.35,1,496983,496545,438
41463941,35.615,33.6572,441,51691,0.566327,0.39,1,497020,496579,441
41466861,27.123,28.3314,439,51732,0.553265,0.45,1,497045,496606,439
41469781,22.2246,18.4663,444,51773,0.534653,0.45,1,497066,496622,444
41472701,18.0449,3.69326,461,51814,0.482931,0.47,1,497083,496622,461
41475621,30.009,17.5387,473,51855,0.504586,0.47,1,497116,496643,473
41478541,30.0018,28.3077,472,51896,0.476917,0.47,1,497146,496674,472
41481461,21.2004,28.0615,463,51937,0.487383,0.49,1,497165,496702,463
41484381,21.0401,22.4123,463,51978,0.505477,0.49,1,497186,496723,463
41487301,35.408,20.4825,482,52019,0.525095,0.53,1,497225,496743,482
41490221,28.6816,32.0965,474,52059,0.545019,0.49,1,497252,496778,474
41493141,21.7363,29.6193,465,52099,0.581004,0.53,1,497272,496807,465
41496061,13.1473,19.5239,459,52139,0.572201,0.55,1,497283,496824,459
41498981,29.0295,15.9048,477,52179,0.58644,0.53,1,497316,496839,477
41501901,35.4059,28.781,482,52219,0.573288,0.61,1,497353,496871,482
41504821,28.6812,35.3562,472,52259,0.602658,0.59,1,497380,496908,472
41507741,18.5362,27.8712,462,52299,0.624532,0.55,1,497396,496934,462
41510661,31.7072,18.3742,481,52339,0.660906,0.55,1,497431,496950,481
41513581,33.5414,30.0748,482,52379,0.700181,0.57,1,497465,496983,482
41516501,27.5083,35.615,471,52419,0.708036,0.55,1,497491,497020,471
41519421,21.5017,27.123,466,52459,0.725607,0.53,1,497511,497045,466
41522341,17.1003,22.2246,461,52499,0.729121,0.47,1,497527,497066,461
41525261,31.4201,18.0449,479,52539,0.729824,0.51,1,497562,497083,479
41528181,28.684,30.009,474,52579,0.777965,0.47,2,497590,497116,474
41531101,21.7368,30.0018,464,52619,0.787593,0.49,2,497610,497146,464
41534021,22.7474,21.2004,468,52659,0.789519,0.51,2,497633,497165,468
41536941,35.7495,21.0401,486,52699,0.821904,0.53,2,497672,497186,486
41539861,29.5499,35.408,475,52739,0.828381,0.55,2,497700,497225,475
41542781,21.91,28.6816,468,52779,0.829676,0.59,2,497720,497252,468
41545701,13.982,21.7363,460,52819,0.829935,0.57,2,497732,497272,460
41548621,29.9964,13.1473,483,52859,0.861987,0.59,2,497766,497283,483
41551541,34.7993,29.0295,486,52899,0.868397,0.57,2,497802,497316,486
41554461,30.9599,35.4059,479,52939,0.885679,0.61,2,497832,497353,479
41557381,18.992,28.6812,468,52979,0.889136,0.63,2,497848,497380,468
41560301,34.1984,18.5362,490,53019,0.937827,0.67,2,497886,497396,490
41988081,461,647,461,2920,0.85,0,2,503364,502903,461
42017281,177,0,664,13930,0.55,1,1,505446,504782,664
42020201,58.6,148.8,507,14083,0.47,1,1,505475,504968,507
42023121,174.12,58.56,674,14234,0.118,0.93,1,505678,505004,674
42026041,78.024,178.912,519,14383,0.0476,0.91,1,505732,505213,519
42028961,143.605,80.5824,623,14531,0.03352,0.55,1,505892,505269,623
42031881,53.521,157.716,477,14677,0.046704,0.45,1,505923,505446,477
42034801,151.504,54.7433,624,14822,0.0813408,0.03,1,506099,505475,624
42037721,73.5008,173.349,475,14965,0.0162682,0.03,1,506153,505678,475
42040641,143.5,77.8697,582,15107,0.123254,0.03,1,506314,505732,582
42043561,30.3,143.574,424,15248,0.144651,0.05,1,506316,505892,424
42046481,31.66,53.5148,425,15387,0.19693,0.09,1,506348,505923,425
42049401,147.932,151.503,426,15525,0.207386,0,1,506525,506099,426
42052321,69.5864,73.5006,422,15662,0.241477,0.15,1,506575,506153,422
42055241,148.317,143.5,429,15798,0.136295,0.15,1,506743,506314,429
42058161,31.2635,30.3,429,15932,0.0832591,0.21,1,506745,506316,429
42061081,34.2527,31.66,432,16065,0.0886518,0.21,1,506780,506348,432
42064001,148.451,147.932,432,16197,0.15373,0.25,1,506957,506525,432
42066921,68.0901,69.5864,430,16328,0.166746,0.11,1,507005,506575,430
42069841,144.018,148.317,425,16458,0.233349,0.07,1,507168,506743,425
42072761,30.4036,31.2635,425,16587,0.24667,0.07,1,507170,506745,425
42075681,34.8807,6.25269,461,16715,0.233334,0.09,1,507206,506745,461
42078601,149.376,29.2505,604,16842,0.358667,0.17,1,507384,506780,604
42081521,69.0752,147.45,476,16968,0.399733,0.17,1,507433,506957,476
42084441,146.615,67.89,594,17093,0.359947,0.25,1,507599,507005,594
42087361,30.923,143.978,433,17217,0.351989,0.25,1,507601,507168,433
42090281,34.1846,30.3956,466,17340,0.366398,0.23,1,507636,507170,466
42093201,157.237,34.8791,618,17462,0.54528,0.39,1,507824,507206,618
42096121,69.8474,149.376,488,17584,0.613056,0.41,1,507872,507384,488
42099041,145.969,69.0752,604,17705,0.674611,0.35,1,508037,507433,604
42101961,30.7939,146.615,440,17825,0.686922,0.35,1,508039,507599,440
42104881,34.9588,30.923,474,17944,0.721384,0.37,1,508075,507601,474
42107801,166.192,34.1846,638,18062,0.824277,0.59,2,508274,507636,638
42110721,34.8383,157.237,452,18180,0.844855,0.63,2,508276,507824,452
42113641,46.1677,69.8474,453,18297,0.848971,0.69,2,508325,507872,453
42116561,143.634,145.969,456,18413,0.865794,0.69,2,508493,508037,456
42119481,30.3267,30.7939,456,18528,0.869159,0.73,2,508495,508039,456
42122401,36.4653,34.9588,458,18643,0.901832,0.85,2,508533,508075,458
42125321,172.093,166.192,465,18757,0.892366,0.85,2,508739,508274,465
42128241,36.0186,34.8383,465,18870,0.890473,0.85,2,508741,508276,465
42131161,45.6037,46.1677,464,18982,0.938095,0.87,2,508789,508325,464
42205621,29,39,505,21701,0.77,1,2,510713,510208,505
42208541,28.2,32.6,502,21799,0.754,1,2,510741,510239,502
42211461,125.64,131.32,496,21896,0.4948,1,1,510891,510395,496
42214381,56.328,51.064,504,21993,0.39496,1,1,510930,510426,504
42217301,30.4656,35.8128,496,22089,0.358992,0.87,1,510954,510458,496
42220221,130.093,157.563,463,22185,0.175798,0.81,1,511109,510646,463
42223141,54.0186,61.9125,460,22281,0.0591597,0.77,1,511144,510684,460
42226061,32.4037,35.5825,458,22376,0.0678319,0.75,1,511171,510713,458
42228981,26.4807,29.5165,455,22471,0.0695664,0.43,1,511196,510741,455
42231901,112.496,125.903,439,22565,0.133913,0.43,1,511330,510891,439
42234821,51.2992,25.1807,475,22659,0.194783,0.37,1,511366,510891,475
42237741,31.0598,36.2361,462,22753,0.174957,0.35,1,511392,510930,462
42240661,121.412,26.4472,582,22846,0.154991,0.13,1,511536,510954,582
42243581,48.2824,129.289,457,22939,0.150998,0.03,1,511566,511109,457
42246501,33.6565,53.8579,452,23031,0.1502,0.07,1,511596,511144,452
42249421,24.3313,32.3716,447,23123,0.21404,0.07,1,511618,511171,447
42252341,116.866,26.4743,562,23215,0.386808,0.15,1,511758,511196,562
42255261,52.9733,112.495,465,23306,0.437362,0.21,1,511795,511330,465
42258181,31.3947,51.299,455,23397,0.463472,0.17,1,511821,511366,455
42261101,120.679,31.0598,572,23488,0.500694,0.15,1,511964,511392,572
42264021,48.1358,121.412,458,23578,0.524139,0.15,1,511994,511536,458
42266941,35.2272,48.2824,460,23668,0.560828,0.15,1,512026,511566,460
42269861,24.6454,33.6565,452,23758,0.568166,0.23,1,512048,511596,452
42272781,126.529,24.3313,582,23847,0.537633,0.43,1,512200,511618,582
42275701,55.7058,116.866,480,23936,0.547527,0.45,1,512238,511758,480
42278621,12.7412,52.9733,445,24025,0.549505,0.47,1,512240,511795,445
42281541,23.3482,31.3947,445,24113,0.581901,0.51,1,512266,511821,445
42284461,120.67,120.679,447,24201,0.58838,0.53,1,512411,511964,447
42287381,48.9339,48.1358,448,24289,0.589676,0.57,1,512442,511994,448
42290301,36.9868,35.2272,450,24376,0.621935,0.57,1,512476,512026,450
42293221,24.9974,24.6454,450,24463,0.628387,0.53,1,512498,512048,450
42296141,124.999,126.529,448,24550,0.613677,0.55,1,512648,512200,448
42299061,56.1999,55.7058,449,24636,0.642735,0.55,1,512687,512238,449
42301981,12.84,12.7412,449,24722,0.664547,0.59,1,512689,512240,449
42304901,23.368,23.3482,449,24808,0.668909,0.59,1,512715,512266,449
42307821,122.274,120.67,451,24893,0.701782,0.59,1,512862,512411,451
42310741,49.2547,48.9339,451,24978,0.692356,0.63,1,512893,512442,451
42313661,38.6509,36.9868,453,25063,0.690471,0.63,1,512929,512476,453
42316581,25.3302,24.9974,453,25148,0.722094,0.61,1,512951,512498,453
42319501,124.266,124.999,452,25232,0.792419,0.65,2,513100,512648,452
42322421,56.8532,56.1999,453,25316,0.870484,0.67,2,513140,512687,453
42325341,12.9706,12.84,453,25400,0.886097,0.67,2,513142,512689,453
42328261,23.3941,23.368,453,25483,0.889219,0.67,2,513168,512715,453
42430461,122,126,478,28247,0.95,1,2,515215,514737,478
42523901,40,27,498,30554,0.75,1,2,516787,516289,498
42526821,34.4,26.2,505,30623,0.718,1,1,516820,516315,505
42529741,84.48,95.64,489,30692,0.6636,1,1,516917,516428,489
42532661,45.696,52.728,483,30761,0.63672,1,1,516953,516470,483
42535581,34.7392,35.3456,484,30830,0.599344,0.97,1,516985,516501,484
42538501,34.1478,30.2691,489,30899,0.527869,0.94,1,517019,516530,489
42541421,76.4296,90.8538,470,30967,0.529574,0.95,1,517106,516636,470
42544341,60.8859,66.1708,467,31035,0.497915,0.85,1,517163,516696,467
42547261,36.9772,38.8342,466,31103,0.539583,0.83,1,517194,516728,466
42550181,16.9954,22.9668,459,31171,0.547917,0.75,1,517206,516747,459
42553101,33.7991,36.5934,457,31239,0.581583,0.71,1,517244,516787,457
42556021,31.5598,33.7187,455,31307,0.572317,0.71,1,517275,516820,455
42558941,79.112,6.74373,546,31375,0.634463,0.65,1,517366,516820,546
42561861,43.8224,78.9487,484,31442,0.630893,0.63,1,517401,516917,484
42564781,31.9645,44.5897,477,31509,0.646178,0.59,1,517430,516953,477
42567701,34.3929,34.5179,480,31576,0.633236,0.51,1,517465,516985,480
42570621,75.6786,34.1036,532,31643,0.662647,0.53,1,517551,517019,532
42573541,60.7357,76.4207,502,31710,0.716529,0.49,1,517608,517106,502
42576461,39.3471,60.8841,479,31777,0.759306,0.55,2,517642,517163,479
42579381,17.4694,36.9768,460,31844,0.767861,0.55,2,517654,517194,460
42582301,35.4939,16.9954,488,31910,0.817572,0.59,2,517694,517206,488
42585221,32.6988,33.7991,482,31976,0.827514,0.57,2,517726,517244,482
42588141,80.9398,31.5598,544,32042,0.909503,0.65,2,517819,517275,544
42591061,43.388,79.112,487,32108,0.925901,0.63,2,517853,517366,487
42772101,46,34,501,35962,0.53,1,1,520545,520044,501
42775021,39.6,27.6,513,36021,0.418,1,1,520583,520070,513
42777941,35.12,27.92,519,36080,0.2836,1,1,520617,520098,519
42780861,63.024,91.184,482,36139,0.08072,1,1,520687,520205,482
42783781,51.0048,49.4368,491,36197,0.024144,1,1,520735,520244,491
42786701,42.201,38.6874,495,36255,0.0448288,1,1,520775,520280,495
42789621,31.6402,29.3375,497,36313,0.0489658,1,1,520804,520307,497
42792541,27.128,37.8675,483,36371,0.00979315,1,1,520830,520347,483
42795461,35.0256,36.3735,484,36429,0.00995863,1,1,520867,520383,484
42798381,23.8051,29.6747,477,36487,0.0259917,0.93,1,520888,520411,477
42801301,37.561,48.3349,465,36545,0.0291983,0.83,1,520929,520464,465
42804221,33.1122,37.667,462,36603,0.0138397,0.53,1,520961,520499,462
42807141,32.2224,44.3334,448,36661,0.0427679,0.39,1,520993,520545,448
42810061,32.0445,39.2667,442,36719,0.0325536,0.25,1,521025,520583,442
42812981,27.2089,35.0533,434,36777,0.00651072,0.03,1,521051,520617,434
42815901,51.8418,63.0107,422,36834,0.0413021,0.01,1,521109,520687,422
42818821,48.7684,51.0021,422,36891,0.0322604,0.05,1,521157,520735,422
42821741,42.5537,42.2004,423,36948,0.0304521,0.05,1,521198,520775,423
42824661,30.9107,31.6401,422,37005,0.0300904,0,1,521226,520804,422
42827581,30.1821,27.128,426,37062,0.0300181,0.01,1,521256,520830,426
42830501,34.0364,35.0256,424,37119,0.00600362,0.03,1,521291,520867,424
42833421,22.0073,23.8051,422,37176,0.0412007,0.03,1,521310,520888,422
42836341,37.2015,4.76102,463,37233,0.0642401,0.03,1,521351,520888,463
42839261,32.2403,33.7522,453,37290,0.052848,0.01,1,521382,520929,453
42842181,32.0481,32.3504,453,37347,0.0185696,0.05,1,521414,520961,453
42845101,32.0096,32.0701,453,37404,0.0917139,0.03,1,521446,520993,453
42848021,27.2019,32.014,447,37460,0.0263428,0,1,521472,521025,447
42850941,51.8404,27.2028,479,37516,0.0612686,0.05,1,521530,521051,479
42853861,48.7681,51.8406,469,37572,0.0522537,0.03,1,521578,521109,469
42856781,43.3536,48.7681,463,37628,0.0504507,0.03,1,521620,521157,463
42859701,31.0707,42.5536,450,37684,0.0340902,0.03,1,521648,521198,450
42862621,30.2141,30.9107,452,37740,0.014818,0.03,1,521678,521226,452
42865541,33.2428,30.1821,456,37796,0.0269636,0,1,521712,521256,456
42868461,23.4486,34.0364,442,37852,0.0453927,0.05,1,521733,521291,442
42871381,36.6897,22.0073,463,37908,0.0810786,0.07,1,521773,521310,463
42874301,31.3379,37.2015,452,37964,0.104216,0.05,1,521803,521351,452
42877221,33.4676,32.2403,455,38020,0.0448431,0.01,1,521837,521382,455
42880141,30.6935,32.0481,453,38076,0.0329686,0.11,1,521867,521414,453
42883061,26.9387,32.0096,447,38131,0.0305937,0.01,1,521893,521446,447
42885981,54.1877,27.2019,482,38186,0.0621187,0.07,1,521954,521472,482
42888901,46.8375,51.8404,469,38241,0.116424,0.05,1,521999,521530,469
42891821,44.5675,48.7681,465,38296,0.0312847,0.05,1,522043,521578,465
42894741,31.3135,43.3536,451,38351,0.0462569,0.03,1,522071,521620,451
42897661,29.4627,31.0707,452,38406,0.0172514,0.01,1,522100,521648,452
42900581,33.0925,30.2141,456,38461,0.0274503,0.03,1,522134,521678,456
42903501,25.0185,33.2428,445,38516,0.0134901,0.05,1,522157,521712,445
42906421,37.8037,23.4486,465,38571,0.042698,0.09,1,522198,521733,465
42909341,9.16074,36.6897,427,38626,0.0485396,0.11,1,522200,521773,427
42912261,24.2321,31.3379,425,38681,0.0817079,0.03,1,522228,521803,425
42915181,30.4464,33.4676,423,38736,0.0563416,0.03,1,522260,521837,423
42918101,29.2893,30.6935,422,38791,0.0992683,0.03,1,522289,521867,422
42921021,27.4579,26.9387,423,38845,0.0278537,0.07,1,522316,521893,423
42923941,56.6916,54.1877,426,38899,0.0455707,0.13,1,522380,521954,426
42926861,47.3383,46.8375,426,38953,0.0331141,0.01,1,522425,521999,426
42929781,42.2677,44.5675,423,39007,0.0306228,0.05,1,522466,522043,423
42932701,30.8535,31.3135,423,39061,0.0461246,0.01,1,522494,522071,423
42935621,29.3707,29.4627,423,39115,0.0332249,0.03,1,522523,522100,423
42938541,33.0741,33.0925,423,39169,0.030645,0.01,1,522557,522134,423
42941461,25.0148,25.0185,423,39223,0.046129,0.05,1,522580,522157,423
42944381,38.603,37.8037,424,39277,0.0172258,0.05,1,522622,522198,424
42947301,9.32059,9.16074,424,39331,0.0114452,0.09,1,522624,522200,424
42950221,24.2641,24.2321,424,39385,0.042289,0.05,1,522652,522228,424
42953141,31.2528,30.4464,425,39439,0.0644578,0.11,1,522685,522260,425
42956061,29.4506,29.2893,425,39493,0.0208916,0.01,1,522714,522289,425
42958981,25.0901,27.4579,422,39546,0.0121783,0.05,1,522738,522316,422
42961901,56.218,56.6916,422,39599,0.0424357,0.03,1,522802,522380,422
42964821,48.0436,47.3383,423,39652,0.0324871,0.03,1,522848,522425,423
42967741,41.6087,42.2677,422,39705,0.0144974,0.05,1,522888,522466,422
42970661,30.7217,30.8535,422,39758,0.0428995,0.03,1,522916,522494,422
42973581,30.1443,29.3707,423,39811,0.0325799,0.03,1,522946,522523,423
42976501,32.4289,33.0741,422,39864,0.046516,0.05,1,522979,522557,422
42979421,24.8858,25.0148,422,39917,0.0813032,0.01,1,523002,522580,422
42982341,38.5772,38.603,422,39970,0.104261,0.01,1,523044,522622,422
42985261,9.31543,9.32059,422,40023,0.108852,0.05,1,523046,522624,422
42988181,25.0631,24.2641,423,40076,0.0937704,0.05,1,523075,522652,423
42991101,30.6126,4.85282,455,40129,0.122754,0.07,1,523107,522652,455
42994021,28.5225,27.3706,450,40182,0.128551,0.01,1,523135,522685,450
42996941,25.7045,28.6741,446,40235,0.14571,0.01,1,523160,522714,446
42999861,55.5409,24.9348,485,40287,0.133142,0.05,1,523223,522738,485
43002781,47.9082,56.187,467,40339,0.130628,0.03,1,523269,522802,467
43005701,41.5816,48.0374,461,40391,0.0661257,0.01,1,523309,522848,461
43008621,32.3163,41.6075,451,40443,0.0372251,0.05,1,523339,522888,451
43011541,28.8633,30.7215,451,40495,0.047445,0.03,1,523367,522916,451
43014461,32.1727,30.1443,454,40547,0.065489,0.05,1,523400,522946,454
43017381,27.2345,32.4289,447,40599,0.0690978,0.09,1,523426,522979,447
43020301,39.0469,24.8858,466,40651,0.11782,0.11,1,523468,523002,466
43023221,9.40938,38.5772,426,40703,0.143564,0.11,1,523470,523044,426
43026141,25.8819,9.31543,454,40755,0.164713,0.09,1,523500,523046,454
43029061,32.3764,25.0631,459,40807,0.200943,0.13,1,523534,523075,459
43031981,28.8753,30.6126,455,40859,0.224189,0.13,1,523562,523107,455
43034901,24.9751,28.5225,451,40911,0.244838,0.15,1,523586,523135,451
43037821,56.195,25.7045,490,40963,0.280968,0.13,1,523650,523160,490
43040741,48.039,55.5409,473,41015,0.304194,0.13,1,523696,523223,473
43043661,36.8078,47.9082,461,41066,0.308839,0.05,1,523730,523269,461
43046581,32.1616,41.5816,452,41117,0.293768,0.03,1,523761,523309,452
43049501,28.0323,32.3163,449,41168,0.306754,0.05,1,523788,523339,449
43052421,33.6065,28.8633,456,41219,0.277351,0.07,1,523823,523367,456
43055341,29.9213,32.1727,452,41270,0.27147,0.07,1,523852,523400,452
43058261,41.1843,27.2345,470,41321,0.318294,0.13,1,523896,523426,470
43061181,9.83685,39.0469,430,41372,0.327659,0.15,1,523898,523468,430
43064101,26.7674,9.40938,459,41423,0.313532,0.17,1,523929,523470,459
43067021,34.1535,25.8819,465,41474,0.310706,0.21,1,523965,523500,465
43069941,30.0307,32.3764,460,41525,0.310141,0.23,1,523994,523534,460
43072861,7.60614,28.8753,434,41576,0.310028,0.25,1,523996,523562,434
43075781,20.7212,24.9751,434,41627,0.326006,0.29,1,524020,523586,434
43078701,56.9442,56.195,436,41678,0.329201,0.31,1,524086,523650,436
43081621,48.9889,48.039,437,41729,0.37784,0.31,1,524133,523696,437
43084541,36.9978,36.8078,437,41780,0.435568,0.29,1,524167,523730,437
43087461,31.3996,32.1616,436,41831,0.447114,0.31,1,524197,523761,436
43090381,28.6799,28.0323,437,41881,0.417423,0.27,1,524225,523788,437
43093301,32.136,33.6065,435,41931,0.443485,0.27,1,524258,523823,435
43096221,30.4272,29.9213,436,41981,0.432697,0.33,1,524288,523852,436
43099141,42.8854,41.1843,438,42031,0.430539,0.33,1,524334,523896,438
43102061,10.1771,9.83685,438,42081,0.430108,0.31,1,524336,523898,438
43104981,26.0354,26.7674,437,42131,0.494022,0.31,1,524366,523929,437
43107901,34.0071,34.1535,437,42181,0.490804,0.31,1,524402,523965,437
43110821,30.8014,30.0307,438,42231,0.522161,0.31,1,524432,523994,438
43113741,7.76028,7.60614,438,42281,0.528432,0.33,1,524434,523996,438
43116661,20.7521,20.7212,438,42331,0.497686,0.33,1,524458,524020,438
43119581,57.7504,56.9442,439,42381,0.539537,0.39,1,524525,524086,439
43122501,51.5501,48.9889,442,42431,0.531907,0.45,1,524575,524133,442
43125421,37.51,36.9978,442,42481,0.530382,0.45,1,524609,524167,442
43128341,31.502,31.3996,442,42531,0.530076,0.41,1,524639,524197,442
43131261,29.5004,28.6799,443,42581,0.514015,0.45,1,524668,524225,443
43134181,32.3001,32.136,443,42631,0.526803,0.43,1,524701,524258,443
43137101,28.86,30.4272,441,42681,0.529361,0.43,1,524729,524288,441
43140021,45.772,42.8854,445,42730,0.513872,0.43,1,524779,524334,445
43142941,10.7544,10.1771,445,42779,0.510774,0.51,1,524781,524336,445
43145861,26.9509,26.0354,446,42828,0.526155,0.49,1,524812,524366,446
43148781,34.9902,34.0071,447,42877,0.529231,0.53,1,524849,524402,447
43151701,30.198,30.8014,446,42926,0.593846,0.53,1,524878,524432,446
43154621,7.63961,7.76028,446,42975,0.574769,0.49,1,524880,524434,446
43157541,20.7279,20.7521,446,43024,0.602954,0.49,1,524904,524458,446
43160461,57.7456,4.15041,513,43073,0.624591,0.55,1,524971,524458,513
43163381,50.7491,54.4301,495,43122,0.628918,0.53,1,525020,524525,495
43166301,37.3498,50.886,479,43171,0.629784,0.53,1,525054,524575,479
43169221,31.47,37.3772,475,43220,0.629957,0.53,1,525084,524609,475
43172141,30.294,31.4754,475,43269,0.645991,0.51,1,525114,524639,475
43175061,31.6588,29.4951,478,43318,0.681198,0.53,1,525146,524668,478
43177981,28.7318,32.299,473,43367,0.68824,0.53,1,525174,524701,473
43180901,46.5464,28.8598,496,43416,0.705648,0.51,1,525225,524729,496
43183821,10.9093,45.772,448,43465,0.70913,0.51,1,525227,524779,448
43186741,26.1819,10.7544,476,43514,0.725826,0.53,1,525257,524781,476
43189661,36.4364,26.9509,484,43562,0.777165,0.53,2,525296,524812,484
43192581,32.0873,34.9902,478,43610,0.835433,0.61,2,525327,524849,478
43195501,8.01745,30.198,451,43658,0.863087,0.57,2,525329,524878,451
43198421,20.8035,7.63961,473,43706,0.884617,0.61,2,525353,524880,473
43483121,67,89,488,22093,0.01,0.65,1,528629,528141,488
43486041,67.8,77,482,22189,0.026,0.45,1,528697,528215,482
43488961,58.36,69,471,22285,0.0612,0.13,1,528753,528282,471
43491881,58.872,73,456,22380,0.03624,0.01,1,528812,528356,456
43494801,70.9744,81,447,22475,0.047248,0.11,1,528886,528439,447
43497721,33.3949,45.8,434,22569,0.0654496,0.03,1,528910,528476,434
43500641,65.879,31.56,480,22663,0.0690899,0.03,1,528984,528504,480
43503561,66.7758,52.712,489,22757,0.037818,0.01,1,529051,528562,489
43506481,67.7552,64.1424,490,22850,0.0795636,0.03,1,529119,528629,490
43509401,59.951,67.2285,480,22943,0.0879127,0.07,1,529177,528697,480
43512321,59.1902,58.2457,483,23035,0.121583,0.03,1,529236,528753,483
43515241,70.238,58.8491,497,23127,0.0643165,0.05,1,529309,528812,497
43518161,34.8476,70.9698,449,23219,0.0528633,0.07,1,529335,528886,449
43521081,63.7695,33.394,496,23310,0.146573,0.07,1,529406,528910,496
43524001,65.5539,65.8788,488,23401,0.197315,0.03,1,529472,528984,488
43526921,70.7108,66.7758,493,23492,0.143463,0.09,1,529544,529051,493
43529841,60.5422,67.7552,483,23582,0.132693,0.09,1,529602,529119,483
43532761,60.9084,59.951,486,23672,0.146539,0.13,1,529663,529177,486
43535681,68.9817,59.1902,498,23762,0.197308,0.05,1,529734,529236,498
43538601,35.3963,70.238,452,23851,0.255462,0.05,1,529761,529309,452
43541521,67.0793,34.8476,501,23940,0.251092,0.17,1,529836,529335,501
43544441,15.0159,63.7695,432,24029,0.250218,0.21,1,529838,529406,432
43547361,54.2032,65.5539,430,24117,0.266044,0.13,1,529902,529472,430
43550281,66.8406,70.7108,428,24205,0.301209,0.13,1,529972,529544,428
43553201,59.7681,60.5422,428,24293,0.340242,0.15,1,530030,529602,428
43556121,61.5536,60.9084,429,24380,0.396048,0.21,1,530092,529663,429
43559041,73.1107,68.9817,434,24467,0.37521,0.27,1,530168,529734,434
43561961,37.0221,35.3963,435,24554,0.387042,0.25,1,530196,529761,435
43564881,66.6044,67.0793,434,24640,0.469408,0.25,1,530270,529836,434
43567801,14.9209,15.0159,434,24726,0.453882,0.27,1,530272,529838,434
43570721,54.9842,54.2032,435,24812,0.482776,0.31,1,530337,529902,435
43573641,68.5968,66.8406,437,24897,0.472555,0.35,1,530409,529972,437
43576561,61.7194,59.7681,439,24982,0.502511,0.41,1,530469,530030,439
43579481,64.3439,61.5536,442,25067,0.492502,0.37,1,530534,530092,442
43582401,72.0688,73.1107,440,25152,0.4585,0.39,1,530608,530168,440
43585321,37.6138,37.0221,441,25236,0.4677,0.49,1,530637,530196,441
43588241,69.1228,66.6044,444,25320,0.51754,0.45,1,530714,530270,444
43591161,15.4245,14.9209,444,25404,0.527508,0.49,1,530716,530272,444
43594081,56.6849,54.9842,446,25487,0.545502,0.49,1,530783,530337,446
43597001,67.337,10.9968,516,25570,0.5331,0.47,1,530853,530337,516
43599921,61.4674,59.7994,504,25653,0.56262,0.51,1,530913,530409,504
43602841,63.4935,59.9599,508,25736,0.584524,0.49,1,530977,530469,508
43605761,71.8987,63.992,517,25818,0.652905,0.45,1,531051,530534,517
43608681,38.3797,71.9984,473,25900,0.666581,0.47,1,531081,530608,473
43611601,70.0759,37.5997,522,25982,0.717316,0.53,1,531159,530637,522
43614521,15.6152,69.1199,447,26064,0.727463,0.53,1,531161,530714,447
43617441,57.523,15.424,513,26145,0.793493,0.55,2,531229,530716,513
43620361,69.1046,56.6848,518,26226,0.854698,0.53,2,531301,530783,518
43623281,62.6209,67.337,509,26307,0.89894,0.57,2,531362,530853,509
43626201,65.3242,61.4674,515,26388,0.923788,0.59,2,531428,530913,515
43906521,46,56,477,33214,0.17,1,1,536200,535723,477
43909441,42,36,487,33278,0.042,1,1,536241,535754,487
43912361,46.8,37.6,497,33342,0.0324,1,1,536289,535792,497
43915281,39.76,53.12,478,33405,0.03048,1,1,536327,535849,478
43918201,48.752,41.024,491,33468,0.046096,1,1,536378,535887,491
43921121,36.9504,37.8048,488,33531,0.0492192,1,1,536412,535924,488
43924041,33.7901,35.561,486,33594,0.0498438,1,1,536445,535959,486
43926961,31.558,35.9122,481,33657,0.0179688,0.99,1,536476,535995,481
43929881,33.5116,41.5824,472,33720,0.0275938,0.65,1,536510,536038,472
43932801,45.9023,62.7165,453,33783,0.0295188,0.51,1,536559,536106,453
43935721,37.1805,50.9433,440,33846,0.0779038,0.17,1,536594,536154,440
43938641,32.2361,46.9887,425,33908,0.0555808,0.01,1,536625,536200,425
43941561,36.8472,42.1977,422,33970,0.0191161,0.03,1,536663,536241,422
43944481,46.5694,46.8395,423,34032,0.00382323,0.03,1,536712,536289,423
43947401,42.9139,39.7679,427,34094,0.0567646,0.05,1,536754,536327,427
43950321,46.1828,48.7536,423,34156,0.0193529,0.05,1,536801,536378,423
43953241,37.2366,36.9507,424,34218,0.0278706,0.05,1,536836,536412,424
43956161,33.0473,7.39014,456,34280,0.0295741,0.05,1,536868,536412,456
43959081,31.4095,27.878,454,34342,0.0459148,0.01,1,536899,536445,454
43962001,31.8819,30.3756,455,34404,0.033183,0.03,1,536931,536476,455
43964921,45.5764,33.2751,470,34465,0.0146366,0.03,1,536980,536510,470
43967841,38.7153,45.855,458,34526,0.0269273,0.09,1,537017,536559,458
43970761,33.3431,37.171,455,34587,0.157385,0.05,1,537049,536594,455
43973681,34.6686,32.2342,459,34648,0.0714771,0.01,1,537084,536625,459
43976601,46.1337,36.8468,470,34709,0.0222954,0,1,537133,536663,470
43979521,42.8267,46.5694,463,34770,0.0924591,0.07,1,537175,536712,463
43982441,46.9654,42.9139,469,34831,0.0264918,0.01,1,537223,536754,469
43985361,36.5931,46.1828,456,34892,0.0292984,0.03,1,537257,536801,456
43988281,35.3186,37.2366,456,34953,0.0138597,0.03,1,537292,536836,456
43991201,30.2637,33.0473,453,35013,0.0587719,0.05,1,537321,536868,453
43994121,31.6527,31.4095,454,35073,0.0837544,0.03,1,537353,536899,454
43997041,44.7306,31.8819,470,35133,0.0247509,0.01,1,537401,536931,470
43999961,38.5461,45.5764,458,35193,0.0769502,0.03,1,537438,536980,458
44002881,38.9092,38.7153,460,35253,0.05539,0.19,1,537477,537017,460
44005801,30.9818,33.3431,457,35313,0.035078,0.05,1,537506,537049,457
44008721,44.5964,34.6686,470,35373,0.0310156,0.01,1,537554,537084,470
44011641,46.5193,46.1337,468,35433,0.0302031,0.11,1,537601,537133,468
44014561,44.5039,42.8267,470,35493,0.0140406,0.01,1,537645,537175,470
44017481,35.3008,46.9654,455,35553,0.0108081,0.03,1,537678,537223,455
44020401,35.8602,36.5931,457,35612,0.0101616,0.01,1,537714,537257,457
44023321,30.372,35.3186,451,35671,0.0420323,0.07,1,537743,537292,451
44026241,7.67441,30.2637,424,35730,0.0484065,0.09,1,537745,537321,424
44029161,28.7349,31.6527,426,35789,0.0496813,0.01,1,537779,537353,426
44032081,41.747,44.7306,423,35848,0.0819363,0.09,1,537824,537401,423
44035001,38.7494,38.5461,424,35907,0.0403873,0.05,1,537862,537438,424
44037921,38.9499,38.9092,424,35966,0.0480774,0.03,1,537901,537477,424
44040841,30.99,30.9818,424,36025,0.0496155,0.03,1,537930,537506,424
44043761,42.998,44.5964,422,36084,0.0179231,0.03,1,537976,537554,422
44046681,46.9996,46.5193,423,36143,0.0115846,0.01,1,538024,537601,423
44049601,44.5999,44.5039,423,36201,0.0263169,0.01,1,538068,537645,423
44052521,34.52,35.3008,422,36259,0.0132634,0.01,1,538100,537678,422
44055441,36.504,35.8602,423,36317,0.0426527,0.05,1,538137,537714,423
44058361,31.3008,30.372,424,36375,0.0165305,0.05,1,538167,537743,424
44061281,7.86016,7.67441,424,36433,0.0113061,0.05,1,538169,537745,424
44064201,30.372,28.7349,426,36491,0.0262612,0.09,1,538205,537779,426
44067121,40.4744,41.747,424,36549,0.0292522,0.03,1,538248,537824,424
44070041,37.6949,38.7494,423,36607,0.0138504,0.05,1,538285,537862,423
44072961,37.939,38.9499,422,36665,0.0107701,0.05,1,538323,537901,422
44075881,30.7878,30.99,422,36723,0.026154,0.01,1,538352,537930,422
44078801,42.9576,42.998,422,36781,0.0132308,0.01,1,538398,537976,422
44081721,46.9915,46.9996,422,36838,0.0426462,0.03,1,538446,538024,422
44084641,44.5983,44.5999,422,36895,0.0325292,0.01,1,538490,538068,422
44087561,34.5197,34.52,422,36952,0.0465058,0.05,1,538522,538100,422
44090481,36.5039,36.504,422,37009,0.0493012,0.01,1,538559,538137,422
44093401,32.1008,31.3008,423,37066,0.0338602,0.01,1,538590,538167,423
44096321,8.02016,7.86016,423,37123,0.030772,0.03,1,538592,538169,423
44099241,29.604,30.372,422,37180,0.0461544,0.03,1,538627,538205,422
44102161,40.3208,6.07441,465,37237,0.0332309,0.03,1,538670,538205,465
44105081,36.8642,35.6149,458,37294,0.0626462,0.01,1,538706,538248,458
44108001,37.7728,36.723,459,37351,0.0685292,0.01,1,538744,538285,459
44110921,30.7546,37.7446,450,37408,0.0537058,0.03,1,538773,538323,450
44113841,42.9509,30.7489,467,37464,0.0827412,0.01,1,538819,538352,467
44116761,47.7902,42.9498,470,37520,0.0405482,0.05,1,538868,538398,470
44119681,43.958,46.99,465,37576,0.0321096,0.03,1,538911,538446,465
44122601,34.3916,44.598,453,37632,0.0144219,0.05,1,538943,538490,453
44125521,36.4783,34.5196,458,37688,0.0108844,0.05,1,538980,538522,458
44128441,32.0957,36.5039,452,37744,0.0421769,0.03,1,539011,538559,452
44131361,8.01913,32.1008,423,37800,0.0484354,0.03,1,539013,538590,423
44134281,29.6038,8.02016,456,37856,0.0656871,0.05,1,539048,538592,456
44137201,41.1208,29.604,465,37912,0.0851374,0.03,1,539092,538627,465
44140121,38.6242,40.3208,460,37968,0.153027,0.07,1,539130,538670,460
44143041,38.1248,36.8642,462,38024,0.182605,0.07,1,539168,538706,462
44145961,30.025,37.7728,452,38080,0.188521,0.05,1,539196,538744,452
44148881,42.805,30.7546,469,38135,0.189704,0.09,1,539242,538773,469
44151801,46.961,42.9509,471,38190,0.0619408,0.03,1,539290,538819,471
44154721,44.5922,47.7902,466,38245,0.116388,0.03,1,539334,538868,466
44157641,32.9184,43.958,453,38300,0.143278,0.01,1,539364,538911,453
44160561,36.9837,34.3916,459,38355,0.0526555,0.01,1,539402,538943,459
44163481,31.3967,36.4783,452,38410,0.0505311,0.05,1,539432,538980,452
44166401,7.87935,32.0957,423,38465,0.0501062,0.05,1,539434,539011,423
44169321,32.7759,8.01913,460,38520,0.0180212,0.07,1,539473,539013,460
44172241,41.7552,29.6038,469,38575,0.0436043,0.09,1,539517,539048,469
44175161,9.95103,41.1208,427,38630,0.0487209,0.17,1,539519,539092,427
44178081,34.7902,38.6242,430,38685,0.0977442,0.19,1,539560,539130,430
44181001,38.158,38.1248,431,38740,0.171549,0.19,1,539599,539168,431
44183921,30.0316,30.025,431,38795,0.20231,0.19,1,539627,539196,431
44186841,42.8063,42.805,431,38849,0.176462,0.03,1,539673,539242,431
44189761,41.3613,46.961,424,38903,0.139292,0.13,1,539714,539290,424
44192681,47.4723,44.5922,429,38957,0.0838585,0.15,1,539763,539334,429
44195601,31.8944,32.9184,427,39011,0.0727717,0.03,1,539791,539364,427
44198521,34.3789,36.9837,424,39065,0.134554,0.05,1,539826,539402,424
44201441,31.6758,31.3967,425,39119,0.178911,0.05,1,539857,539432,425
44204361,7.93516,7.87935,425,39173,0.187782,0.01,1,539859,539434,425
44207281,31.987,32.7759,424,39227,0.189556,0.05,1,539897,539473,424
44210201,41.5974,41.7552,424,39281,0.205911,0.05,1,539941,539517,424
44213121,9.91948,9.95103,424,39335,0.241182,0.11,1,539943,539519,424
44216041,37.1839,34.7902,427,39389,0.184236,0.19,1,539987,539560,427
44218961,41.0368,38.158,430,39443,0.220847,0.21,1,540029,539599,430
44221881,30.6074,30.0316,430,39497,0.244169,0.17,1,540057,539627,430
44224801,42.9215,42.8063,430,39550,0.248834,0.13,1,540103,539673,430
44227721,38.1843,41.3613,426,39603,0.233767,0.07,1,540140,539714,426
44230641,46.0369,47.4723,425,39656,0.230753,0.07,1,540188,539763,425
44233561,33.2074,31.8944,427,39709,0.214151,0.15,1,540218,539791,427
44236481,37.0415,34.3789,430,39762,0.22683,0.19,1,540256,539826,430
44239401,33.0083,31.6758,431,39815,0.277366,0.19,1,540288,539857,431
44242321,8.20166,7.93516,431,39868,0.255473,0.19,1,540290,539859,431
44245241,32.0403,31.987,431,39921,0.251095,0.21,1,540328,539897,431
44248161,42.4081,41.5974,432,39974,0.314219,0.25,1,540373,539941,432
44251081,10.0816,9.91948,432,40027,0.294844,0.17,1,540375,539943,432
44254001,35.6163,37.1839,430,40080,0.322969,0.17,1,540417,539987,430
44256921,40.7233,7.43678,472,40133,0.296594,0.23,1,540459,539987,472
44259841,31.3447,35.0874,459,40186,0.275319,0.25,1,540488,540029,459
44262761,43.0689,29.4175,477,40239,0.287064,0.25,1,540534,540057,477
44265681,37.4138,42.6835,467,40291,0.321413,0.23,1,540570,540103,467
44268601,45.8828,38.1367,478,40343,0.360283,0.23,1,540618,540140,478
44271521,32.3766,46.0273,459,40395,0.384057,0.21,1,540647,540188,459
44274441,40.0753,33.2055,471,40447,0.404811,0.23,1,540689,540218,471
44277361,33.6151,37.0411,465,40499,0.440962,0.29,1,540721,540256,465
44280281,8.32301,33.0082,435,40551,0.464192,0.25,1,540723,540288,435
44283201,32.0646,8.20164,471,40603,0.468839,0.25,1,540761,540290,471
44286121,44.0129,32.0403,480,40655,0.453768,0.33,1,540808,540328,480
44289041,10.4026,42.4081,437,40707,0.450754,0.29,1,540810,540373,437
44291961,35.6805,10.0816,477,40759,0.450151,0.33,1,540852,540375,477
44294881,40.7361,35.6163,477,40811,0.48203,0.29,1,540894,540417,477
44297801,30.5472,40.7233,463,40863,0.504406,0.27,1,540922,540459,463
44300721,44.5094,31.3447,482,40915,0.524881,0.29,1,540970,540488,482
44303641,39.3019,43.0689,474,40967,0.560976,0.33,1,541008,540534,474
44306561,47.0604,37.4138,487,41019,0.616195,0.37,1,541057,540570,487
44309481,33.4121,45.8828,469,41070,0.643239,0.39,1,541087,540618,469
44312401,41.8824,32.3766,484,41121,0.680648,0.41,1,541131,540647,484
44315321,35.5765,40.0753,476,41172,0.70413,0.45,1,541165,540689,476
44318241,8.7153,33.6151,446,41223,0.708826,0.47,1,541167,540721,446
44321161,32.1431,8.32301,482,41274,0.709765,0.47,1,541205,540723,482
44324081,43.2286,32.0646,490,41325,0.725953,0.45,1,541251,540761,490
44327001,10.2457,44.0129,445,41376,0.729191,0.45,1,541253,540808,445
44329921,35.6491,10.4026,485,41427,0.745838,0.45,1,541295,540810,485
44332841,42.3298,35.6805,487,41478,0.765168,0.49,2,541339,540852,487
44335761,31.666,40.7361,474,41529,0.785033,0.51,2,541368,540894,474
44338681,7.93319,30.5472,448,41580,0.789007,0.53,2,541370,540922,448
44341601,41.5866,44.5094,450,41631,0.837801,0.57,2,541420,540970,450
44344521,40.3173,39.3019,452,41682,0.83156,0.63,2,541460,541008,452
44347441,48.0635,47.0604,453,41733,0.910312,0.65,2,541510,541057,453
44350361,34.4127,33.4121,454,41784,0.910062,0.69,2,541541,541087,454
44353281,42.0825,41.8824,454,41835,0.910012,0.71,2,541585,541131,454
44356201,38.0165,35.5765,457,41885,0.894003,0.71,2,541622,541165,457
44359121,9.2033,8.7153,457,41935,0.922801,0.71,2,541624,541167,457
44362041,32.2407,32.1431,457,41985,0.94456,0.73,2,541662,541205,457
44546001,27,26,493,45040,0.89,1,2,543760,543267,493
44548921,31.8,30,495,45087,0.73,1,1,543793,543298,495
44551841,29.56,29.2,495,45134,0.666,1,1,543822,543327,495
44554761,25.112,27.44,492,45181,0.6532,1,1,543846,543354,492
44557681,45.8224,45.488,493,45228,0.49064,1,1,543897,543404,493
44560601,40.3645,36.2976,498,45275,0.378128,1,1,543936,543438,498
44563521,28.8729,34.4595,490,45322,0.291626,1,1,543962,543472,490
44566441,39.3746,38.8919,492,45369,0.226325,1,1,544004,543512,492
44569361,36.6749,30.1784,500,45415,0.149265,1,1,544040,543540,500
44572281,28.135,34.8357,490,45461,0.133853,1,1,544066,543576,490
44575201,21.627,27.7671,484,45507,0.178771,1,1,544086,543602,484
44578121,21.1254,29.5534,475,45553,0.203754,1,1,544107,543632,475
44581041,35.4251,34.7107,478,45599,0.240751,0.87,1,544146,543668,478
44583961,29.485,38.1421,467,45645,0.15215,0.87,1,544174,543707,467
44586881,22.697,28.4284,462,45691,0.11843,0.89,1,544195,543733,462
44589801,26.1394,27.2857,462,45737,0.111686,0.69,1,544222,543760,462
44592721,28.4279,31.8571,458,45783,0.142337,0.65,1,544251,543793,458
44595641,25.6856,29.5714,454,45829,0.180467,0.65,1,544276,543822,454
44598561,20.3371,25.1143,449,45875,0.172093,0.45,1,544295,543846,449
44601481,41.6674,45.8229,445,45921,0.186419,0.45,1,544342,543897,445
44604401,36.3335,9.16457,480,45967,0.205284,0.35,1,544377,543897,480
44607321,24.8667,33.0329,463,46013,0.241057,0.27,1,544399,543936,463
44610241,34.5733,27.4066,474,46059,0.184211,0.21,1,544436,543962,474
44613161,34.1147,39.0813,466,46105,0.236842,0.13,1,544470,544004,466
44616081,26.8229,36.6163,455,46151,0.231368,0.13,1,544495,544040,455
44619001,20.5646,28.1233,448,46197,0.294274,0.19,1,544514,544066,448
44621921,20.1129,21.6247,448,46243,0.306855,0.21,1,544534,544086,448
44624841,36.8226,21.1249,468,46289,0.309371,0.25,1,544575,544107,468
44627761,26.5645,35.425,453,46335,0.309874,0.13,1,544599,544146,453
44630681,22.9129,29.485,447,46381,0.325975,0.11,1,544621,544174,447
44633601,26.1826,22.697,453,46426,0.345195,0.11,1,544648,544195,453
44636521,30.8365,26.1394,458,46471,0.317039,0.15,1,544680,544222,458
44639441,25.3673,28.4279,453,46516,0.311408,0.19,1,544704,544251,453
44642361,21.8735,25.6856,449,46561,0.294282,0.17,1,544725,544276,449
44645281,41.9747,20.3371,477,46606,0.306856,0.19,1,544772,544295,477
44648201,37.1949,41.6674,466,46651,0.309371,0.21,1,544808,544342,466
44651121,26.639,36.3335,455,46696,0.325874,0.25,1,544832,544377,455
44654041,33.3278,24.8667,468,46741,0.361175,0.17,1,544867,544399,468
44656961,35.4656,34.5733,467,46786,0.432235,0.25,1,544903,544436,467
44659881,26.2931,34.1147,457,46831,0.446447,0.23,1,544927,544470,457
44662801,20.4586,26.8229,451,46876,0.465289,0.31,1,544946,544495,451
44665721,23.2917,20.5646,456,46921,0.485058,0.31,1,544970,544514,456
44668641,37.4583,20.1129,477,46966,0.505012,0.31,1,545011,544534,477
44671561,27.4917,36.8226,461,47011,0.509002,0.31,1,545036,544575,461
44674481,23.0983,26.5645,459,47056,0.5098,0.33,1,545058,544599,459
44677401,27.0197,22.9129,465,47101,0.52596,0.35,1,545086,544621,465
44680321,29.4039,26.1826,468,47146,0.529192,0.31,1,545116,544648,468
44683241,25.0808,30.8365,460,47191,0.529838,0.31,1,545140,544680,460
44686161,21.0162,25.3673,456,47236,0.561968,0.29,1,545160,544704,456
44689081,42.6032,21.8735,483,47281,0.600394,0.31,1,545208,544725,483
44692001,38.1206,41.9747,473,47326,0.640079,0.31,1,545245,544772,473
44694921,26.8241,37.1949,461,47371,0.616016,0.33,1,545269,544808,461
44697841,6.96483,26.639,439,47415,0.611203,0.37,1,545271,544832,439
44700761,30.993,33.3278,441,47459,0.626241,0.45,1,545308,544867,441
44703681,37.3986,35.4656,444,47503,0.661248,0.45,1,545347,544903,444
44706601,26.6797,26.2931,444,47547,0.68425,0.47,1,545371,544927,444
44709521,22.1359,20.4586,446,47591,0.72085,0.49,1,545392,544946,446
44712441,23.6272,23.2917,446,47635,0.69617,0.51,1,545416,544970,446
44715361,38.3254,37.4583,447,47679,0.707234,0.51,1,545458,545011,447
44718281,27.6651,27.4917,447,47723,0.741447,0.51,1,545483,545036,447
44721201,23.933,23.0983,448,47767,0.764289,0.53,2,545506,545058,448
44724121,27.1866,27.0197,448,47811,0.800858,0.53,2,545534,545086,448
44727041,29.4373,29.4039,448,47855,0.824172,0.53,2,545564,545116,448
44729961,25.8875,25.0808,449,47899,0.844834,0.57,2,545589,545140,449
44732881,21.9775,21.0162,450,47943,0.864967,0.61,2,545610,545160,450
44735801,45.1955,42.6032,453,47987,0.852993,0.65,2,545661,545208,453
44738721,37.8391,38.1206,452,48031,0.850599,0.61,2,545697,545245,452
44741641,26.7678,26.8241,452,48075,0.88212,0.61,2,545721,545269,452
44744561,6.95356,6.96483,452,48119,0.856424,0.63,2,545723,545271,452
44747481,31.7907,30.993,453,48163,0.867285,0.67,2,545761,545308,453
44750401,39.1581,37.3986,455,48207,0.901457,0.69,2,545802,545347,455
44753321,28.6316,26.6797,457,48251,0.892291,0.73,2,545828,545371,457
44756241,21.7263,22.1359,456,48295,0.906458,0.69,2,545848,545392,456
44759161,23.5453,23.6272,456,48339,0.909292,0.71,2,545872,545416,456
44762081,39.9091,38.3254,458,48383,0.877858,0.75,2,545916,545458,458
44765001,28.7818,27.6651,459,48427,0.871572,0.77,2,545942,545483,459
44767921,24.9564,23.933,460,48471,0.854314,0.81,2,545966,545506,460
44770841,27.3913,27.1866,460,48514,0.898863,0.83,2,545994,545534,460
44773761,31.0783,29.4373,462,48557,0.875773,0.85,2,546026,545564,462
44776681,26.2157,25.8875,462,48600,0.935154,0.87,2,546051,545589,462
44779601,22.8431,21.9775,463,48643,0.947031,0.85,2,546073,545610,463
44782521,46.1686,45.1955,464,48686,0.933406,0.85,2,546125,545661,464
44969401,31,27,505,51380,0.69,1,1,547985,547480,505
44972321,22.2,26.2,499,51421,0.69,1,1,548005,547506,499
44975241,30.84,37.24,492,51462,0.738,1,1,548038,547546,492
44978161,30.168,40.248,481,51503,0.6356,1,1,548068,547587,481
44981081,37.2336,29.6496,493,51544,0.53512,0.97,1,548107,547614,493
44984001,37.8467,29.9299,501,51585,0.435024,1,1,548145,547644,501
44986921,33.9693,27.586,507,51626,0.367005,1,1,548178,547671,507
44989841,29.9939,28.7172,507,51667,0.321401,1,1,548207,547700,507
44992761,13.9988,29.7434,487,51708,0.29628,0.96,1,548217,547730,487
44995681,26.7998,29.1487,488,51749,0.227256,1,1,548247,547759,488
44998601,23.76,23.4297,489,51790,0.213451,1,1,548270,547781,489
45001521,24.752,4.68595,514,51831,0.17869,1,1,548295,547781,514
45004441,28.1504,29.7372,507,51872,0.123738,0.97,1,548324,547817,507
45007361,21.6301,30.7474,496,51913,0.160748,0.86,1,548344,547848,496
45010281,14.726,26.9495,483,51954,0.13615,1,1,548357,547874,483
45013201,21.3452,16.5899,492,51995,0.0992299,0.8,1,548380,547888,492
45016121,30.669,27.318,495,52035,0.107846,0.79,1,548413,547918,495
45019041,29.3338,34.2636,488,52075,0.141569,0.69,1,548442,547954,488
45021961,18.6668,31.6527,473,52115,0.164314,0.69,1,548458,547985,473
45024881,30.1334,22.3305,486,52155,0.168863,0.75,1,548491,548005,486
45027801,26.8267,30.8661,479,52195,0.137773,0.61,1,548517,548038,479
45030721,31.7653,30.1732,482,52235,0.147555,0.51,1,548550,548068,482
45033641,35.9531,37.2346,480,52275,0.117511,0.41,1,548587,548107,480
45036561,31.9906,37.8469,473,52315,0.127502,0.35,1,548618,548145,473
45039481,25.5981,33.9694,464,52355,0.1295,0.31,1,548642,548178,464
45042401,11.5196,29.9939,443,52395,0.1139,0.29,1,548650,548207,443
45045321,25.5039,13.9988,462,52435,0.17478,0.21,1,548679,548217,462
45048241,24.3008,26.7998,456,52475,0.202956,0.21,1,548703,548247,456
45051161,18.4602,23.76,450,52515,0.192591,0.17,1,548720,548270,450
45054081,27.692,24.752,455,52555,0.206518,0.11,1,548750,548295,455
45057001,22.3384,28.1504,447,52595,0.273304,0.17,1,548771,548324,447
45059921,13.2677,21.6301,438,52635,0.302661,0.13,1,548782,548344,438
45062841,21.0535,14.726,448,52675,0.308532,0.09,1,548805,548357,448
45065761,32.2107,21.3452,460,52715,0.325706,0.11,1,548840,548380,460
45068681,29.6421,30.669,456,52755,0.345141,0.15,1,548869,548413,456
45071601,20.3284,29.3338,445,52795,0.349028,0.17,1,548887,548442,445
45074521,28.8657,18.6668,460,52835,0.381806,0.17,1,548918,548458,460
45077441,26.5731,30.1334,453,52875,0.388361,0.13,1,548944,548491,453
45080361,30.9146,26.8267,459,52915,0.405672,0.15,1,548976,548517,459
45083281,37.3829,31.7653,465,52955,0.425134,0.11,1,549015,548550,465
45086201,31.4766,35.9531,458,52995,0.429027,0.13,1,549045,548587,458
45089121,24.6953,31.9906,450,53035,0.413805,0.13,1,549068,548618,450
45092041,12.9391,25.5981,436,53075,0.410761,0.11,1,549078,548642,436
45094961,28.1878,11.5196,460,53115,0.410152,0.19,1,549110,548650,460
45097881,24.8376,25.5039,455,53155,0.44203,0.21,1,549134,548679,455
45100801,19.3675,24.3008,449,53195,0.464406,0.19,1,549152,548703,449
45103721,28.6735,18.4602,463,53235,0.468881,0.21,1,549183,548720,463
45106641,7.3347,27.692,435,53275,0.469776,0.29,1,549185,548750,435
45109561,19.0669,22.3384,436,53315,0.501955,0.31,1,549207,548771,436
45112481,14.2134,13.2677,438,53354,0.524391,0.31,1,549220,548782,438
45115401,20.4427,21.0535,437,53393,0.544878,0.33,1,549242,548805,437
45118321,32.8885,32.2107,438,53432,0.548976,0.35,1,549278,548840,438
45121241,30.5777,29.6421,439,53471,0.549795,0.35,1,549308,548869,439
45124161,20.5155,20.3284,439,53510,0.565959,0.39,1,549326,548887,439
45127081,30.5031,28.8657,441,53549,0.537192,0.39,1,549359,548918,441
45130001,27.7006,26.5731,442,53588,0.563438,0.41,1,549386,548944,442
45132921,31.1401,30.9146,442,53627,0.568688,0.43,1,549418,548976,442
45135841,38.228,37.3829,443,53666,0.593738,0.43,1,549458,549015,443
45138761,31.6456,31.4766,443,53705,0.622747,0.41,1,549488,549045,443
45141681,23.9291,24.6953,442,53744,0.612549,0.41,1,549510,549068,442
45144601,12.7858,12.9391,442,53783,0.61051,0.41,1,549520,549078,442
45147521,28.9572,28.1878,443,53822,0.642102,0.45,1,549553,549110,443
45150441,26.5914,24.8376,445,53861,0.64842,0.47,1,549579,549134,445
45153361,20.5183,19.3675,446,53900,0.665684,0.47,1,549598,549152,446
45156281,29.7037,28.6735,447,53939,0.669137,0.47,1,549630,549183,447
45159201,7.54073,7.3347,447,53978,0.669827,0.51,1,549632,549185,447
45162121,19.1081,19.0669,447,54017,0.653965,0.53,1,549654,549207,447
45165041,13.4216,14.2134,446,54056,0.698793,0.55,1,549666,549220,446
45167961,21.0843,20.4427,447,54095,0.691759,0.55,1,549689,549242,447
45170881,33.0169,32.8885,447,54134,0.722352,0.55,1,549725,549278,447
45173801,31.4034,30.5777,448,54173,0.71247,0.57,1,549756,549308,448
45176721,21.4807,20.5155,449,54212,0.694494,0.53,1,549775,549326,449
45179641,29.8961,30.5031,448,54251,0.690899,0.57,1,549807,549359,448
45182561,29.1792,27.7006,450,54290,0.67418,0.57,1,549836,549386,450
45185481,32.2358,31.1401,451,54329,0.670836,0.6,1,549869,549418,451
45188401,38.4472,38.228,451,54368,0.718167,0.63,1,549909,549458,451
45191321,31.6894,31.6456,451,54407,0.743633,0.61,1,549939,549488,451
45194241,24.7379,23.9291,452,54446,0.764727,0.61,2,549962,549510,452
45197161,12.9476,12.7858,452,54485,0.736945,0.65,1,549972,549520,452
45200081,28.9895,28.9572,452,54524,0.747389,0.65,1,550005,549553,452
45203001,28.1979,26.5914,454,54563,0.717478,0.67,1,550033,549579,454
45205921,21.6396,20.5183,455,54602,0.743496,0.67,1,550053,549598,455
45208841,28.3279,29.7037,453,54641,0.732699,0.67,1,550083,549630,453
45211761,7.26558,7.54073,453,54680,0.76254,0.65,2,550085,549632,453
45214681,19.8531,19.1081,454,54718,0.816508,0.65,2,550108,549654,454
45217601,13.5706,3.82163,466,54756,0.795302,0.71,2,550120,549654,466
45220521,20.3141,10.3643,476,54794,0.79106,0.69,2,550142,549666,476
45223441,34.4628,20.4729,491,54832,0.854212,0.73,2,550180,549689,491
45226361,30.8926,32.8946,485,54870,0.882842,0.71,2,550210,549725,485
45229281,20.5785,31.3789,472,54908,0.888569,0.69,2,550228,549756,472
45232201,29.7157,21.4758,485,54946,0.905714,0.69,2,550260,549775,485
45235121,28.3431,29.8952,481,54984,0.925143,0.67,2,550288,549807,481
45496461,202,214,454,26280,0.17,0.69,1,552900,552446,454
45499381,66,55.6,470,27088,0.09,0.65,1,552932,552462,470
45502301,30.8,33.52,464,27166,0.042,0.65,1,552954,552490,464
45505221,38.96,24.304,483,27244,0.0324,0.63,1,552995,552512,483
45508141,30.992,39.2608,469,27322,0.01448,0.41,1,553024,552555,469
45511061,54.9984,71.0522,451,27400,0.058896,0.33,1,553085,552634,451
45513981,46.1997,46.2104,455,27477,0.0837792,0.23,1,553129,552674,455
45516901,67.6399,57.2421,468,27554,0.104756,0.11,1,553202,552734,468
45519821,61.528,68.2484,457,27631,0.140951,0.11,1,553262,552805,457
45522741,65.1056,56.8497,469,27708,0.16419,0.07,1,553328,552859,469
45525661,37.0211,69.7699,426,27784,0.248838,0.03,1,553358,552932,426
45528581,24.2042,31.554,425,27860,0.249768,0.03,1,553379,552954,425
45531501,36.8408,39.1108,424,27936,0.297954,0.01,1,553419,552995,424
45534421,30.5682,31.0222,424,28012,0.339591,0.07,1,553448,553024,424
45537341,55.7136,55.0044,425,28088,0.315918,0.09,1,553510,553085,425
45540261,47.9427,46.2009,427,28163,0.359184,0.11,1,553556,553129,427
45543181,70.3885,67.6402,430,28238,0.351837,0.15,1,553632,553202,430
45546101,61.2777,61.528,429,28313,0.398367,0.17,1,553691,553262,429
45549021,67.4555,65.1056,432,28388,0.407673,0.17,1,553760,553328,432
45551941,37.4911,13.0211,462,28463,0.409535,0.27,1,553790,553328,462
45554861,25.0982,26.6042,454,28537,0.409907,0.25,1,553812,553358,454
45557781,37.8196,22.1208,474,28611,0.393981,0.31,1,553853,553379,474
45560701,32.3639,36.4242,465,28685,0.438796,0.35,1,553884,553419,465
45563621,56.0728,30.4848,498,28759,0.447759,0.31,1,553946,553448,498
45566541,50.4146,55.697,485,28833,0.449552,0.37,1,553995,553510,485
45569461,70.0829,47.9394,514,28906,0.48191,0.35,1,554070,553556,514
45572381,62.0166,70.3879,498,28979,0.552382,0.41,1,554130,553632,498
45575301,67.6033,61.2776,508,29052,0.566476,0.41,1,554199,553691,508
45578221,39.1207,67.4555,471,29125,0.585295,0.41,1,554231,553760,471
45581141,25.4241,37.4911,463,29198,0.589059,0.41,1,554253,553790,463
45584061,37.8848,25.0982,482,29271,0.589812,0.39,1,554294,553812,482
45586981,33.977,37.8196,474,29343,0.573962,0.45,1,554327,553853,474
45589901,57.1954,32.3639,506,29415,0.602793,0.45,1,554390,553884,506
45592821,50.6391,56.0728,493,29487,0.608558,0.45,1,554439,553946,493
45595741,70.9278,50.4146,520,29559,0.577712,0.49,1,554515,553995,520
45598661,65.3856,70.0829,509,29631,0.635542,0.57,1,554579,554070,509
45601581,69.0771,62.0166,519,29702,0.663109,0.57,1,554649,554130,519
45604501,39.4154,67.6033,482,29773,0.700622,0.59,1,554681,554199,482
45607421,25.4831,39.1207,472,29844,0.708124,0.59,1,554703,554231,472
45610341,6.69662,25.4241,452,29915,0.709625,0.59,1,554705,554253,452
45613261,33.3393,37.8848,451,29986,0.773925,0.57,2,554745,554294,451
45616181,33.0679,33.977,451,30057,0.802785,0.61,2,554778,554327,451
45619101,56.2136,57.1954,450,30127,0.856557,0.61,2,554840,554390,450
45622021,50.4427,50.6391,450,30197,0.867311,0.57,2,554889,554439,450
45624941,70.8885,70.9278,450,30267,0.917462,0.65,2,554965,554515,450
45627861,68.5777,65.3856,454,30337,0.911492,0.67,2,555033,554579,454
45630781,72.1155,69.0771,457,30407,0.926298,0.71,2,555106,554649,457
45782621,35,47,481,33835,0.65,0.99,1,557471,556990,481
45785541,45.4,43,487,33897,0.602,1,1,557519,557032,487
45788461,49.88,53.4,482,33959,0.5124,1,1,557570,557088,482
45791381,40.376,41.88,481,34021,0.52648,0.98,1,557608,557127,481
45794301,24.0752,29.176,475,34083,0.513296,1,1,557628,557153,475
45797221,22.415,21.8352,477,34145,0.526659,1,1,557650,557173,477
45800141,33.283,33.967,476,34207,0.513332,1,1,557686,557210,476
45803061,33.0566,6.79341,509,34269,0.462666,1,1,557719,557210,509
45805981,25.8113,30.9587,496,34331,0.484533,0.97,1,557743,557247,496
45808901,53.1623,27.7917,529,34393,0.504907,0.93,1,557803,557274,529
45811821,80.2325,56.7583,552,34454,0.524981,0.65,1,557890,557338,552
45814741,43.2465,89.7517,488,34515,0.544996,0.65,1,557924,557436,488
45817661,45.4493,45.9503,499,34576,0.580999,0.59,1,557970,557471,499
45820581,47.4899,47.5901,499,34637,0.6042,0.49,1,558018,557519,499
45823501,38.298,50.318,484,34698,0.57684,0.53,1,558054,557570,484
45826421,23.6596,40.4636,466,34759,0.651368,0.51,1,558074,557608,466
45829341,23.1319,24.0927,469,34820,0.650274,0.53,1,558097,557628,469
45832261,31.0264,22.4185,480,34881,0.682055,0.51,1,558130,557650,480
45835181,34.2053,33.2837,479,34942,0.672411,0.45,1,558165,557686,479
45838101,26.0411,33.0567,470,35003,0.670482,0.49,1,558189,557719,470
45841021,53.2082,25.8113,506,35063,0.734096,0.51,1,558249,557743,506
45843941,81.0416,53.1623,534,35123,0.714819,0.53,1,558337,557803,534
45846861,44.2083,80.2325,482,35183,0.710964,0.55,1,558372,557890,482
45849781,47.2417,43.2465,496,35243,0.694193,0.59,1,558420,557924,496
45852701,48.6483,45.4493,499,35303,0.722839,0.61,1,558469,557970,499
45855621,39.3297,47.4899,488,35363,0.712568,0.57,1,558506,558018,488
45858541,25.4659,38.298,474,35423,0.758514,0.67,2,558528,558054,474
45861461,23.4932,23.6596,477,35483,0.783703,0.65,2,558551,558074,477
45864381,31.8986,23.1319,488,35543,0.788741,0.69,2,558585,558097,488
45867301,33.5797,31.0264,489,35602,0.789748,0.67,2,558619,558130,489
45870221,27.5159,34.2053,480,35661,0.80595,0.67,2,558645,558165,480
45873141,7.10319,26.0411,458,35720,0.80919,0.75,2,558647,558189,458
45876061,50.2206,53.2082,459,35779,0.889838,0.71,2,558708,558249,459
45878981,78.8441,81.0416,457,35838,0.905968,0.71,2,558794,558337,457
46033741,51,51,484,38839,0.71,1,1,560868,560384,484
46036661,34.2,32.6,486,38893,0.582,1,1,560898,560412,486
46039581,26.84,28.92,483,38947,0.6204,1,1,560923,560440,483
46042501,28.568,25.784,487,39001,0.53208,1,1,560952,560465,487
46045421,35.3136,35.5568,486,39055,0.466416,1,1,560989,560503,486
46048341,27.0627,31.9114,480,39109,0.517283,1,1,561014,560534,480
46051261,27.0125,27.9823,480,39163,0.543457,1,1,561041,560561,480
46054181,28.6025,27.1965,482,39217,0.532691,0.93,1,561070,560588,482
46057101,51.3205,59.8393,471,39271,0.466538,0.97,1,561127,560656,471
46060021,59.0641,62.3679,469,39325,0.405308,0.85,1,561188,560719,469
46062941,34.2128,36.4736,467,39379,0.409062,0.81,1,561216,560749,467
46065861,29.2426,33.6947,462,39433,0.425812,0.71,1,561244,560782,462
46068781,33.0485,34.7389,461,39487,0.461162,0.71,1,561278,560817,461
46071701,43.4097,47.7478,456,39540,0.452232,0.55,1,561324,560868,456
46074621,28.6819,33.5496,451,39593,0.482447,0.63,1,561349,560898,451
46077541,23.3364,26.7099,448,39646,0.472489,0.51,1,561371,560923,448
46080461,31.8673,28.542,453,39699,0.486498,0.45,1,561405,560952,453
46083381,33.5735,35.3084,450,39752,0.5053,0.53,1,561439,560989,450
46086301,25.9147,27.0617,449,39805,0.50906,0.55,1,561463,561014,449
46089221,23.5829,27.0123,445,39858,0.493812,0.53,1,561486,561041,445
46092141,28.7166,28.6025,446,39911,0.442762,0.45,1,561516,561070,446
46095061,48.9433,51.3205,443,39964,0.496552,0.39,1,561570,561127,443
46097981,56.9887,59.0641,441,40017,0.539311,0.41,1,561629,561188,441
46100901,33.7977,34.2128,441,40070,0.547862,0.41,1,561657,561216,441
46103821,29.9595,6.84256,470,40123,0.565572,0.43,1,561686,561216,470
46106741,33.1919,23.7685,476,40176,0.553114,0.47,1,561720,561244,476
46109661,43.4384,31.9537,488,40229,0.598623,0.45,1,561766,561278,488
46112581,30.2877,43.1907,469,40281,0.591725,0.49,1,561793,561324,469
46115501,22.8575,28.6381,465,40333,0.622345,0.47,1,561814,561349,465
46118421,31.7715,23.3276,477,40385,0.676469,0.49,1,561848,561371,477
46121341,34.3543,31.8655,478,40437,0.703294,0.51,1,561883,561405,478
46124261,26.0709,33.5731,468,40489,0.724659,0.51,1,561907,561439,468
46127181,23.6142,25.9146,467,40541,0.744932,0.49,1,561930,561463,467
46130101,27.1228,23.5829,472,40593,0.716986,0.43,1,561958,561486,472
46133021,51.8246,28.7166,500,40645,0.775397,0.51,2,562016,561516,500
46135941,57.5649,48.9433,505,40697,0.819079,0.55,2,562075,561570,505
46138861,35.513,56.9887,476,40749,0.827816,0.55,2,562105,561629,476
46141781,29.5026,33.7977,476,40801,0.829563,0.57,2,562133,561657,476
46144701,35.5005,29.9595,484,40853,0.813913,0.55,2,562170,561686,484
46147621,44.7001,33.1919,497,40905,0.842782,0.61,2,562217,561720,497
46150541,32.14,43.4384,480,40957,0.848557,0.59,2,562246,561766,480
46153461,24.828,30.2877,476,41009,0.881711,0.63,2,562269,561793,476
46156381,32.1656,22.8575,489,41060,0.872342,0.69,2,562303,561814,489
46159301,35.2331,31.7715,491,41111,0.886469,0.71,2,562339,561848,491
46162221,27.0466,34.3543,481,41162,0.873294,0.73,2,562364,561883,481
46165141,23.0093,26.0709,479,41213,0.870659,0.75,2,562386,561907,479
46168061,27.0019,23.6142,484,41264,0.870132,0.71,2,562414,561930,484
46170981,55.0004,27.1228,518,41315,0.918026,0.79,2,562476,561958,518
46357861,34,31,535,44467,0.71,1,1,564681,564146,535
46360781,32.4,27,541,44514,0.614,1,1,564713,564172,541
46363701,28.88,23.8,546,44561,0.5308,1,1,564741,564195,546
46375381,393.776,481.56,435,20440,0.13016,0.03,1,565226,564791,435
46413341,206.755,233.912,423,20440,0.034032,0.03,1,565386,564963,423
46416261,105.351,74.7824,468,20544,0.0148064,0.05,1,565466,564998,468
46419181,73.8702,66.9565,469,20647,0.0109613,0.11,1,565532,565063,469
46422101,54.774,73.3913,444,20750,0.0261923,0.03,1,565582,565138,444
46425021,29.3548,49.0783,424,20852,0.0452385,0.05,1,565605,565181,424
46427941,27.471,24.2157,433,20954,0.0810477,0.03,1,565632,565199,433
46430861,52.6942,26.4431,465,21055,0.0562095,0,1,565691,565226,465
46433781,103.339,90.8886,474,21156,0.0512419,0.01,1,565807,565333,474
46436701,87.8678,124.578,425,21256,0.0502484,0.01,1,565891,565466,425
46439621,68.7736,77.7155,423,21356,0.0180497,0.03,1,565955,565532,423
46442541,53.7547,55.5431,423,21455,0.0436099,0.05,1,566005,565582,423
46445461,29.9509,29.5086,424,21554,0.016722,0.09,1,566029,565605,424
46448381,27.5902,27.5017,424,21652,0.0273444,0.05,1,566056,565632,424
46451301,51.918,52.7003,423,21750,0.0454689,0.05,1,566114,565691,423
46454221,103.184,103.34,423,21848,0.0490938,0.05,1,566230,565807,423
46457141,88.6367,87.868,424,21945,0.0658188,0.01,1,566315,565891,424
46460061,67.3273,68.7736,422,22042,0.0531637,0.05,1,566377,565955,422
46462981,53.4655,53.7547,422,22138,0.0186327,0.01,1,566427,566005,422
46465901,29.8931,29.9509,422,22234,0.0437265,0.03,1,566451,566029,422
46468821,27.5786,27.5902,422,22329,0.0487453,0.05,1,566478,566056,422
46471741,51.9157,51.918,422,22424,0.0497491,0.05,1,566536,566114,422
46474661,103.183,103.184,422,22519,0.0499498,0.05,1,566652,566230,422
46477581,89.4366,20.6367,508,22613,0.04999,0.07,1,566738,566230,508
46480501,65.8873,72.1273,483,22707,0.033998,0.05,1,566798,566315,483
46483421,53.1775,64.0255,471,22800,0.0467996,0.01,1,566848,566377,471
46486341,29.8355,52.8051,445,22893,0.0493599,0.05,1,566872,566427,445
46489261,27.5671,29.761,448,22986,0.049872,0.05,1,566899,566451,448
46492181,54.3134,27.5522,482,23078,0.0659744,0.05,1,566960,566478,482
46495101,101.263,51.9104,537,23170,0.0531949,0.05,1,567073,566536,537
46498021,90.6525,103.182,509,23261,0.034639,0.05,1,567161,566652,509
46500941,65.3305,89.4364,482,23352,0.0469278,0.03,1,567220,566738,482
46503861,53.8661,65.8873,473,23443,0.0333856,0.05,1,567271,566798,473
46506781,30.7732,53.1775,448,23533,0.0626771,0.05,1,567296,566848,448
46509701,26.9546,29.8355,450,23623,0.0685354,0.05,1,567322,566872,450
46512621,54.9909,27.5671,485,23713,0.0377071,0.07,1,567384,566899,485
46515541,100.598,54.3134,536,23802,0.0635414,0.05,1,567496,566960,536
46518461,91.3196,101.263,512,23891,0.0367083,0.03,1,567585,567073,512
46521381,65.4639,90.6525,483,23980,0.0473417,0.05,1,567644,567161,483
46524301,14.6928,65.3305,426,24068,0.0814683,0.03,1,567646,567220,426
46527221,41.3386,53.8661,423,24156,0.120294,0.07,1,567694,567271,423
46530141,29.8677,30.7732,425,24244,0.112059,0.07,1,567721,567296,425
46533061,26.7735,26.9546,425,24331,0.126412,0.03,1,567747,567322,425
46535981,53.3547,54.9909,423,24418,0.145282,0.07,1,567807,567384,423
46538901,103.471,100.598,427,24505,0.0850565,0.03,1,567923,567496,427
46541821,90.2942,91.3196,425,24591,0.0570113,0.05,1,568010,567585,425
46544741,64.4588,65.4639,424,24677,0.131402,0.09,1,568068,567644,424
46547661,14.4918,14.6928,424,24763,0.11428,0.13,1,568070,567646,424
46550581,42.8984,41.3386,426,24849,0.126856,0.11,1,568120,567694,426
46553501,31.7797,29.8677,428,24934,0.177371,0.13,1,568149,567721,428
46556421,27.1559,26.7735,428,25019,0.171474,0.15,1,568175,567747,428
46559341,54.2312,53.3547,429,25104,0.250295,0.07,1,568236,567807,429
46562261,100.446,103.471,425,25188,0.266059,0.05,1,568348,567923,425
46565181,88.8892,90.2942,424,25272,0.317212,0.15,1,568434,568010,424
46568101,66.5778,64.4588,427,25356,0.343442,0.11,1,568495,568068,427
46571021,14.9156,14.4918,427,25440,0.316688,0.11,1,568497,568070,427
46573941,42.9831,2.89835,477,25523,0.311338,0.13,1,568547,568070,477
46576861,33.3966,40.5797,458,25606,0.294268,0.19,1,568578,568120,458
46579781,28.2793,31.3159,456,25689,0.274854,0.17,1,568605,568149,456
46582701,56.0559,27.0632,493,25771,0.302971,0.27,1,568668,568175,493
46585621,104.011,54.2126,548,25853,0.324594,0.27,1,568784,568236,548
46588541,90.4022,100.443,523,25935,0.328919,0.33,1,568871,568348,523
46591461,66.0804,88.8885,497,26017,0.377784,0.35,1,568931,568434,497
46594381,14.8161,66.5777,438,26098,0.387557,0.31,1,568933,568495,438
46597301,42.9632,14.9155,486,26179,0.421511,0.31,1,568983,568497,486
46600221,32.5926,42.9831,466,26260,0.428302,0.29,1,569013,568547,466
46603141,27.3185,33.3966,461,26341,0.44566,0.27,1,569039,568578,461
46606061,57.4637,28.2793,499,26421,0.497132,0.31,1,569104,568605,499
46608981,103.493,56.0559,551,26501,0.555426,0.33,1,569219,568668,551
46611901,91.8986,104.011,524,26581,0.583085,0.33,1,569308,568784,524
46614821,69.5797,90.4022,501,26661,0.652617,0.39,1,569372,568871,501
46617741,15.5159,66.0804,443,26740,0.698523,0.39,1,569374,568931,443
46620661,43.9032,14.8161,492,26819,0.739705,0.43,1,569425,568933,492
46623581,32.7806,42.9632,472,26898,0.747941,0.43,1,569455,568983,472
46626501,8.15613,32.5926,444,26977,0.749588,0.45,1,569457,569013,444
46629421,22.4312,27.3185,444,27056,0.781918,0.51,2,569483,569039,444
46632341,58.8862,57.4637,447,27134,0.756384,0.57,2,569551,569104,447
46635261,106.177,103.493,450,27212,0.847277,0.59,2,569669,569219,450
46638181,93.2354,91.8986,451,27290,0.833455,0.67,2,569759,569308,451
46641101,74.6471,69.5797,457,27368,0.846691,0.71,2,569829,569372,457
46644021,16.5294,15.5159,457,27445,0.881338,0.75,2,569831,569374,457
46646941,45.7059,43.9032,459,27522,0.856268,0.75,2,569884,569425,459
46649861,33.1412,32.7806,459,27599,0.915254,0.75,2,569914,569455,459
46652781,8.22823,8.15613,459,27676,0.927051,0.79,2,569916,569457,459
46655701,22.4456,22.4312,459,27753,0.91341,0.75,2,569942,569483,459
46778341,63,66,484,30794,0.61,1,1,572204,571720,484
46781261,37.4,39.6,482,30863,0.626,1,1,572235,571753,482
46784181,37.88,31.92,490,30932,0.6612,1,1,572273,571783,490
46787101,26.776,33.584,480,31000,0.68424,1,1,572297,571817,480
46790021,31.7552,30.7168,483,31068,0.656848,0.99,1,572330,571847,483
46792941,23.151,32.5434,471,31136,0.63537,0.95,1,572351,571880,471
46795861,28.6302,32.9087,468,31204,0.615074,1,1,572381,571913,468
46798781,23.326,25.7817,466,31272,0.579015,0.73,1,572403,571937,466
46801701,91.0652,94.7563,462,31340,0.507803,0.73,1,572511,572049,462
46804621,91.013,18.9513,553,31408,0.477561,0.75,1,572602,572049,553
46807541,59.8026,77.3903,513,31475,0.455512,0.61,1,572654,572141,513
46810461,37.5605,65.8781,482,31542,0.499102,0.63,1,572686,572204,482
46813381,38.7121,37.9756,490,31609,0.49182,0.67,1,572725,572235,490
46816301,25.3424,37.9951,474,31676,0.490364,0.69,1,572747,572273,474
46819221,30.6685,26.799,482,31743,0.458073,0.65,1,572779,572297,482
46822141,23.7337,31.7598,471,31810,0.483615,0.63,1,572801,572330,471
46825061,27.1467,23.152,478,31877,0.488723,0.61,1,572829,572351,478
46827981,23.0293,28.6304,470,31943,0.505745,0.57,1,572851,572381,470
46830901,87.0059,23.3261,551,32009,0.589149,0.49,1,572954,572403,551
46833821,91.0012,91.0652,535,32075,0.66983,0.47,1,573046,572511,535
46836741,61.4002,91.013,498,32141,0.685966,0.45,1,573100,572602,498
46839661,37.88,59.8026,478,32207,0.737193,0.51,1,573132,572654,478
46842581,37.976,37.5605,484,32273,0.763439,0.49,2,573170,572686,484
46845501,23.5952,38.7121,465,32339,0.768688,0.49,2,573190,572725,465
46848421,31.919,25.3424,477,32404,0.785738,0.45,2,573224,572747,477
46851341,23.9838,30.6685,467,32469,0.805148,0.49,2,573246,572779,467
46854261,25.5968,23.7337,471,32534,0.82503,0.49,2,573272,572801,471
46857181,26.7194,27.1467,470,32599,0.861006,0.51,2,573299,572829,470
46860101,90.1439,23.0293,554,32664,0.884201,0.61,2,573405,572851,554
46863021,94.8288,87.0059,547,32729,0.88884,0.69,2,573501,572954,547
46865941,20.5658,91.0012,457,32794,0.889768,0.69,2,573503,573046,457
46868861,48.1132,61.4002,458,32858,0.921954,0.75,2,573558,573100,458
47084941,20,25,513,37322,0.85,1,2,576611,576098,513
47087861,35.2,26.6,525,37379,0.882,1,2,576650,576125,525
47090781,36.64,35.72,524,37436,0.7924,1,2,576687,576163,524
47093701,39.328,35.944,528,37492,0.75848,1,2,576727,576199,528
47096621,106.266,45.5888,603,37548,0.559696,1,1,576850,576247,603
47099541,50.0531,106.718,517,37604,0.487939,1,1,576886,576369,517
47102461,34.8106,46.9436,516,37660,0.441588,1,1,576917,576401,516
47105381,37.3621,38.1887,518,37716,0.400318,0.95,1,576955,576437,518
47108301,29.8724,36.4377,510,37772,0.328064,1,1,576983,576473,510
47111221,33.1745,37.6875,506,37828,0.329613,1,1,577017,576511,506
47114141,33.8349,37.9375,502,37884,0.361923,0.87,1,577051,576549,502
47117061,16.367,28.3875,488,37940,0.352384,0.92,1,577063,576575,488
47119981,20.0734,18.4775,493,37996,0.414477,0.85,1,577084,576591,493
47122901,32.8147,19.6955,509,38052,0.410895,0.89,1,577120,576611,509
47125821,31.3629,35.1391,501,38108,0.458179,0.77,1,577151,576650,501
47128741,34.2726,36.6278,499,38163,0.499636,0.75,1,577186,576687,499
47131661,93.2545,39.3256,567,38218,0.491927,0.51,1,577294,576727,567
47134581,47.4509,106.265,480,38273,0.522385,0.47,1,577330,576850,480
47137501,31.8902,50.053,472,38328,0.496477,0.43,1,577358,576886,472
47140421,37.578,34.8106,480,38383,0.539295,0.39,1,577397,576917,480
47143341,27.5156,37.3621,467,38438,0.579859,0.31,1,577422,576955,467
47146261,31.9031,29.8724,472,38493,0.571972,0.33,1,577455,576983,472
47149181,33.5806,33.1745,472,38548,0.586394,0.37,1,577489,577017,472
47152101,17.1161,33.8349,451,38603,0.637279,0.35,1,577502,577051,451
47155021,5.02322,16.367,441,38658,0.615456,0.43,1,577504,577063,441
47157941,20.2046,20.0734,444,38713,0.643091,0.41,1,577528,577084,444
47160861,32.8409,32.8147,444,38768,0.648618,0.47,1,577564,577120,444
47163781,32.9682,31.3629,446,38822,0.665724,0.51,1,577597,577151,446
47166701,35.3936,34.2726,447,38876,0.685145,0.49,1,577633,577186,447
47169621,92.6787,93.2545,446,38930,0.737029,0.53,1,577740,577294,446
47172541,48.9357,47.4509,448,38984,0.731406,0.49,1,577778,577330,448
47175461,32.9871,31.8902,449,39038,0.746281,0.55,1,577807,577358,449
47178381,38.5974,37.578,450,39092,0.717256,0.59,1,577847,577397,450
47181301,28.5195,27.5156,451,39146,0.711451,0.57,1,577873,577422,451
47184221,31.3039,31.9031,450,39200,0.74229,0.59,1,577905,577455,450
47187141,35.8608,33.5806,453,39254,0.764458,0.65,2,577942,577489,453
47190061,16.7722,17.1161,452,39308,0.736892,0.61,1,577954,577502,452
47192981,4.95443,5.02322,452,39362,0.763378,0.65,2,577956,577504,452
47195901,21.7909,20.2046,454,39416,0.768676,0.65,2,577982,577528,454
47198821,33.1582,32.8409,454,39470,0.801735,0.67,2,578018,577564,454
47201741,32.2316,32.9682,453,39524,0.808347,0.69,2,578050,577597,453
47204661,36.0463,35.3936,454,39577,0.825669,0.75,2,578087,577633,454
47207581,95.2093,92.6787,457,39630,0.861134,0.73,2,578197,577740,457
47210501,50.2419,48.9357,458,39683,0.852227,0.75,2,578236,577778,458
47213421,32.4484,32.9871,457,39736,0.850445,0.71,2,578264,577807,457
47216341,38.4897,38.5974,457,39789,0.850089,0.71,2,578304,577847,457
47219261,30.0979,28.5195,459,39842,0.818018,0.75,2,578332,577873,459
47222181,31.6196,31.3039,459,39895,0.859604,0.77,2,578364,577905,459
47225101,35.1239,35.8608,458,39948,0.899921,0.73,2,578400,577942,458
47228021,16.6248,16.7722,458,40001,0.875984,0.77,2,578412,577954,458
47230941,4.92496,4.95443,458,40054,0.903197,0.77,2,578414,577956,458
47233861,21.785,21.7909,458,40107,0.908639,0.77,2,578440,577982,458
47236781,34.757,4.35818,496,40160,0.877728,0.81,2,578478,577982,496
47239701,33.3514,29.6716,493,40213,0.871546,0.81,2,578511,578018,493
47242621,37.0703,31.5343,499,40266,0.902309,0.83,2,578549,578050,499
47245541,95.4141,35.9069,572,40318,0.892462,0.87,2,578659,578087,572
47248461,49.4828,95.1814,500,40370,0.922492,0.85,2,578697,578197,500
47251381,32.2966,50.2363,489,40422,0.928498,0.85,2,578725,578236,489
47254301,36.8593,32.4473,499,40474,0.9297,0.85,2,578763,578264,499
47257221,31.3719,38.4895,489,40526,0.92994,0.81,2,578793,578304,489
47401761,59,92,466,19203,0.13,0.37,1,580641,580175,466
47404681,83,76.8,482,19314,0.13,0.09,1,580730,580248,482
47407601,63.8,84.96,454,19424,0.178,0.05,1,580789,580335,454
47410521,54.36,77.792,430,19533,0.2036,0.07,1,580841,580411,430
47413441,22.072,22.7584,435,19642,0.17672,0.07,1,580855,580420,435
47416361,124.414,23.7517,561,19750,0.251344,0.05,1,581005,580444,561
47419281,75.2829,115.15,486,19857,0.282269,0.13,1,581068,580582,486
47422201,87.0566,70.2301,517,19964,0.320454,0.13,1,581158,580641,517
47425121,64.6113,85.246,487,20070,0.392091,0.19,1,581217,580730,487
47428041,55.3223,64.2492,481,20176,0.422418,0.21,1,581270,580789,481
47430961,24.6645,54.4498,446,20281,0.444484,0.17,1,581287,580841,446
47433881,126.533,22.09,584,20386,0.512897,0.27,1,581439,580855,584
47436801,76.5066,124.418,498,20490,0.542579,0.29,1,581503,581005,498
47439721,90.5013,75.2836,529,20594,0.580516,0.33,1,581597,581068,529
47442641,67.7003,87.0567,501,20697,0.572103,0.41,1,581659,581158,501
47445561,55.9401,64.6113,495,20799,0.570421,0.43,1,581712,581217,495
47448481,26.388,55.3223,461,20901,0.554084,0.45,1,581731,581270,461
47451401,129.278,24.6645,599,21002,0.630817,0.53,1,581886,581287,599
47454321,27.4555,126.533,449,21103,0.646163,0.55,1,581888,581439,449
47457241,57.4911,76.5066,450,21204,0.665233,0.59,1,581953,581503,450
47460161,87.4982,90.5013,451,21304,0.653046,0.57,1,582048,581597,451
47463081,66.2996,67.7003,450,21404,0.666609,0.57,1,582109,581659,450
47466001,55.6599,55.9401,450,21503,0.653322,0.55,1,582162,581712,450
47468921,26.332,26.388,450,21602,0.634664,0.65,1,582181,581731,450
47471841,132.466,129.278,454,21700,0.710933,0.65,1,582340,581886,454
47474761,28.0933,27.4555,454,21798,0.726187,0.67,1,582342,581888,454
47477681,56.8187,57.4911,453,21895,0.761237,0.65,2,582406,581953,453
47480601,88.1637,87.4982,454,21992,0.816247,0.67,2,582502,582048,454
47483521,65.6327,66.2996,453,22088,0.82725,0.65,2,582562,582109,453
47486441,54.7266,55.6599,452,22184,0.82945,0.63,2,582614,582162,452
47489361,26.9453,26.332,453,22280,0.86189,0.73,2,582634,582181,453
47585721,30,27,495,25231,0.71,1,1,584791,584296,495
47588641,51.6,64.6,478,25315,0.646,0.95,1,584848,584370,478
47591561,66.32,52.92,498,25399,0.5212,1,1,584918,584420,498
47594481,44.464,45.784,493,25482,0.48024,1,1,584957,584464,493
47597401,41.6928,9.1568,534,25565,0.408048,1,1,584998,584464,534
47600321,34.7386,45.0314,513,25648,0.37761,0.95,1,585031,584518,513
47603241,113.348,37.0063,611,25731,0.435522,0.89,1,585164,584553,611
47606161,63.4695,128.201,511,25813,0.463104,0.67,1,585215,584704,511
47609081,36.6939,71.2403,484,25895,0.500621,0.71,1,585245,584761,484
47612001,49.7388,38.248,507,25977,0.524124,0.63,1,585298,584791,507
47614921,57.9478,53.2496,510,26059,0.528825,0.49,1,585358,584848,510
47617841,41.9896,66.6499,478,26140,0.561765,0.47,1,585396,584918,478
47620761,43.5979,44.53,483,26221,0.584353,0.39,1,585440,584957,483
47623681,32.7196,41.706,472,26302,0.620871,0.37,1,585470,584998,472
47626601,116.144,34.7412,576,26383,0.660174,0.45,1,585607,585031,576
47629521,64.8288,113.348,495,26463,0.636035,0.47,1,585659,585164,495
47632441,38.5658,63.4696,476,26543,0.663207,0.51,1,585691,585215,476
47635361,50.9132,36.6939,500,26623,0.700641,0.53,1,585745,585245,500
47638281,59.7826,49.7388,509,26703,0.692128,0.53,1,585807,585298,509
47641201,43.1565,57.9478,488,26782,0.706426,0.57,1,585846,585358,488
47644121,43.8313,41.9896,494,26861,0.709285,0.59,1,585890,585396,494
47647041,10.3663,43.5979,452,26940,0.709857,0.63,1,585892,585440,452
47649961,26.8733,32.7196,453,27019,0.741971,0.67,1,585923,585470,453
47652881,116.575,116.144,455,27097,0.684394,0.63,1,586062,585607,455
47655801,64.1149,64.8288,454,27175,0.688879,0.67,1,586113,585659,454
47658721,39.223,38.5658,455,27253,0.689776,0.71,1,586146,585691,455
47661641,52.6446,50.9132,457,27331,0.689955,0.69,1,586202,585745,457
47664561,59.3289,59.7826,456,27408,0.753991,0.71,2,586263,585807,456
47667481,43.8658,43.1565,457,27485,0.766798,0.71,2,586303,585846,457
47670401,44.7732,43.8313,458,27562,0.76936,0.71,2,586348,585890,458
47673321,10.5546,10.3663,458,27639,0.769872,0.75,2,586350,585892,458
47676241,26.1109,26.8733,457,27716,0.769974,0.67,2,586380,585923,457
47679161,114.822,116.575,455,27792,0.913995,0.69,2,586517,586062,455
47778441,34,41,483,30274,0.79,1,2,588229,587746,483
47781361,28.4,29.8,483,30344,0.726,1,1,588256,587773,483
47784281,34.48,29.96,489,30414,0.7132,0.92,1,588292,587803,489
47787201,101.296,109.992,477,30484,0.59864,1,1,588410,587933,477
47790121,45.0592,41.1984,484,30553,0.639728,1,1,588441,587957,484
47793041,30.6118,34.6397,478,30622,0.567946,0.87,1,588468,587990,478
47795961,28.5224,32.5279,474,30691,0.601589,0.91,1,588496,588022,474
47798881,45.7045,54.5056,464,30760,0.528318,0.83,1,588546,588082,464
47801801,53.9409,58.1011,461,30829,0.497664,0.81,1,588602,588141,461
47804721,54.7882,54.8202,462,30898,0.523533,0.79,1,588657,588195,462
47807641,35.7576,38.164,459,30966,0.464707,0.71,1,588688,588229,459
47810561,25.5515,29.2328,455,31034,0.436941,0.71,1,588711,588256,455
47813481,33.9103,34.6466,455,31102,0.463388,0.57,1,588747,588292,455
47816401,96.3821,101.329,449,31170,0.436678,0.65,1,588859,588410,449
47819321,48.0764,45.0659,454,31238,0.463336,0.55,1,588895,588441,454
47822241,28.8153,30.6132,451,31306,0.436667,0.55,1,588919,588468,451
47825161,26.5631,6.12263,477,31374,0.415333,0.61,1,588945,588468,477
47828081,42.1126,23.6245,495,31441,0.443067,0.51,1,588991,588496,495
47831001,52.4225,44.7249,500,31508,0.512613,0.49,1,589046,588546,500
47833921,53.6845,53.745,498,31575,0.510523,0.53,1,589100,588602,498
47836841,35.5369,54.749,474,31642,0.558105,0.45,1,589131,588657,474
47839761,27.1074,35.7498,468,31709,0.519621,0.43,1,589156,588688,468
47842681,33.4215,25.55,480,31776,0.575924,0.47,1,589191,588711,480
47845601,93.0843,33.91,552,31843,0.587185,0.43,1,589299,588747,552
47848521,49.0169,96.382,478,31909,0.621437,0.47,1,589337,588859,478
47851441,29.0034,48.0764,466,31975,0.628287,0.43,1,589361,588895,466
47854361,25.8007,28.8153,467,32041,0.629658,0.41,1,589386,588919,467
47857281,43.5601,26.5631,489,32107,0.629932,0.45,1,589434,588945,489
47860201,54.312,42.1126,500,32173,0.725986,0.53,1,589491,588991,500
47863121,54.8624,52.4225,500,32239,0.761197,0.51,2,589546,589046,500
47866041,38.1725,53.6845,480,32305,0.736239,0.57,1,589580,589100,480
47868961,26.8345,35.5369,473,32370,0.731248,0.51,1,589604,589131,473
47871881,34.9669,27.1074,485,32435,0.71425,0.59,1,589641,589156,485
47874801,94.1934,33.4215,559,32500,0.74285,0.59,1,589750,589191,559
47877721,50.0387,93.0843,490,32565,0.73257,0.63,1,589789,589299,490
47880641,30.0077,49.0169,477,32630,0.714514,0.63,1,589814,589337,477
47883561,25.2015,29.0034,477,32695,0.726903,0.63,1,589838,589361,477
47886481,44.2403,25.8007,501,32760,0.729381,0.63,1,589887,589386,501
47889401,10.4481,43.5601,455,32825,0.761876,0.75,2,589889,589434,455
47892321,50.8896,54.312,459,32889,0.784375,0.77,2,589950,589491,459
47895241,54.9779,54.8624,460,32953,0.756875,0.73,2,590006,589546,460
47898161,36.5956,38.1725,458,33017,0.751375,0.73,2,590038,589580,458
47901081,26.5191,26.8345,458,33081,0.798275,0.71,2,590062,589604,458
47904001,34.9038,34.9669,458,33145,0.807655,0.75,2,590099,589641,458
47906921,94.9808,94.1934,459,33209,0.857531,0.73,2,590209,589750,459
47909841,49.3962,50.0387,458,33273,0.851506,0.71,2,590247,589789,458
47912761,29.8792,30.0077,458,33337,0.866301,0.73,2,590272,589814,458
47915681,25.1758,25.2015,458,33400,0.90126,0.73,2,590296,589838,458
47918601,45.8352,44.2403,460,33463,0.940252,0.77,2,590347,589887,460
47921521,10.767,10.4481,460,33526,0.91605,0.79,2,590349,589889,460
48035401,24,36,494,35902,0.79,1,2,591995,591501,494
48038321,80.8,90.4,485,35961,0.55,1,1,592090,591605,485
48041241,56.16,54.88,489,36020,0.406,1,1,592140,591651,489
48044161,35.232,34.976,489,36079,0.3612,1,1,592170,591681,489
48047081,35.0464,35.7952,488,36138,0.27224,0.92,1,592205,591717,488
48050001,33.4093,35.959,485,36196,0.238448,0.97,1,592238,591753,485
48052921,33.0819,34.3918,484,36254,0.10369,1,1,592271,591787,484
48055841,25.8164,30.8784,478,36312,0.0767379,0.98,1,592295,591817,478
48058761,51.5633,54.9757,475,36370,0.0713476,0.97,1,592353,591878,475
48061681,34.3127,39.7951,469,36428,0.0382695,0.83,1,592383,591914,469
48064601,26.0625,33.559,461,36486,0.0476539,0.81,1,592407,591946,461
48067521,22.8125,26.7118,458,36544,0.0815308,0.79,1,592429,591971,458
48070441,19.7625,24.5424,453,36602,0.104306,0.49,1,592448,591995,453
48073361,74.3525,80.9085,446,36660,0.140861,0.37,1,592536,592090,446
48076281,50.8705,56.1817,441,36718,0.196172,0.35,1,592581,592140,441
48079201,34.1741,35.2363,441,36776,0.207234,0.25,1,592611,592170,441
48082121,31.6348,35.0473,437,36833,0.161447,0.23,1,592642,592205,437
48085041,28.727,33.4095,432,36890,0.216289,0.07,1,592670,592238,432
48087961,24.9454,33.0819,423,36947,0.195258,0.07,1,592694,592271,423
48090881,24.1891,25.8164,423,37004,0.191052,0.07,1,592718,592295,423
48093801,52.0378,51.5633,424,37061,0.22221,0.03,1,592777,592353,424
48096721,32.8076,34.3127,422,37118,0.292442,0.05,1,592805,592383,422
48099641,26.5615,26.0625,423,37175,0.258488,0.05,1,592830,592407,423
48102561,22.9123,5.21251,445,37232,0.283698,0.09,1,592852,592407,445
48105481,19.7825,18.6425,442,37289,0.25674,0.11,1,592871,592429,442
48108401,78.3565,18.9285,516,37346,0.315348,0.15,1,592964,592448,516
48111321,52.4713,74.1857,474,37403,0.32707,0.21,1,593010,592536,474
48114241,34.4943,50.8371,459,37459,0.345414,0.21,1,593040,592581,459
48117161,30.8989,34.1674,459,37515,0.365083,0.15,1,593070,592611,459
48120081,30.1798,31.6335,458,37571,0.369017,0.23,1,593100,592642,458
48123001,22.036,28.7267,450,37627,0.385803,0.19,1,593120,592670,450
48125921,25.2072,24.9453,452,37683,0.389161,0.19,1,593146,592694,452
48128841,55.4414,24.1891,491,37739,0.405832,0.23,1,593209,592718,491
48131761,35.0883,52.0378,462,37795,0.409166,0.31,1,593239,592777,462
48134681,26.2177,32.8076,458,37851,0.425833,0.25,1,593263,592805,458
48137601,23.6435,26.5615,456,37907,0.429167,0.29,1,593286,592830,456
48140521,20.7287,22.9123,454,37963,0.445833,0.25,1,593306,592852,454
48143441,80.1457,19.7825,530,38019,0.481167,0.33,1,593401,592871,530
48146361,52.8291,78.3565,483,38075,0.520233,0.33,1,593447,592964,483
48149281,35.3658,52.4713,468,38130,0.512047,0.35,1,593478,593010,468
48152201,31.8732,34.4943,469,38185,0.526409,0.37,1,593509,593040,469
48155121,30.3746,30.8989,469,38240,0.529282,0.37,1,593539,593070,469
48158041,22.8749,30.1798,460,38295,0.545856,0.39,1,593560,593100,460
48160961,25.375,22.036,466,38350,0.549171,0.39,1,593586,593120,466
48163881,56.275,25.2072,504,38405,0.565834,0.41,1,593650,593146,504
48166801,36.055,55.4414,472,38460,0.569167,0.41,1,593681,593209,472
48169721,26.411,35.0883,466,38515,0.569833,0.43,1,593705,593239,466
48172641,23.6822,26.2177,465,38570,0.585967,0.43,1,593728,593263,465
48175561,6.33644,23.6435,444,38625,0.589193,0.45,1,593730,593286,444
48178481,18.0673,20.7287,445,38680,0.637839,0.49,1,593751,593306,445
48181401,81.2135,80.1457,447,38735,0.663568,0.53,1,593848,593401,447
48184321,53.8427,52.8291,448,38790,0.652714,0.51,1,593895,593447,448
48187241,36.3685,35.3658,449,38844,0.698543,0.53,1,593927,593478,449
48190161,31.2737,31.8732,448,38898,0.675709,0.53,1,593957,593509,448
48193081,30.2547,30.3746,448,38952,0.735142,0.55,1,593987,593539,448
48196001,23.6509,22.8749,449,39006,0.731028,0.55,1,594009,593560,449
48198921,25.5302,25.375,449,39060,0.762206,0.57,2,594035,593586,449
48201841,57.106,56.275,450,39114,0.720441,0.57,1,594100,593650,450
48204761,36.2212,36.055,450,39168,0.728088,0.57,1,594131,593681,450
48207681,26.4442,26.411,450,39222,0.729618,0.59,1,594155,593705,450
48210601,25.2888,23.6822,452,39276,0.713924,0.59,1,594180,593728,452
48213521,6.65777,6.33644,452,39330,0.710785,0.65,1,594182,593730,452
48216441,19.7316,18.0673,454,39384,0.742157,0.67,1,594205,593751,454
48219361,80.7463,81.2135,453,39438,0.812431,0.65,2,594301,593848,453
48222281,54.5493,53.8427,454,39492,0.874486,0.71,2,594349,593895,454
48225201,37.3099,36.3685,455,39545,0.886897,0.67,2,594382,593927,455
48394561,34,28,507,42530,0.71,1,1,596432,595925,507
48397481,45.2,51.2,498,42580,0.662,1,1,596480,595982,498
48400401,38.64,37.44,501,42630,0.6044,1,1,596517,596016,501
48403321,36.528,34.688,503,42680,0.57688,1,1,596553,596050,503
48406241,25.7056,27.7376,500,42729,0.587376,0.97,1,596576,596076,500
48409161,14.7411,28.7475,483,42778,0.557475,1,1,596588,596105,483
48412081,25.3482,28.9495,482,42827,0.519495,1,1,596616,596134,482
48415001,48.2696,53.7899,476,42876,0.495899,0.85,1,596670,596194,476
48417921,36.0539,40.358,472,42925,0.44318,0.94,1,596703,596231,472
48420841,31.2108,33.6716,470,42974,0.448636,1,1,596733,596263,470
48423761,30.2422,31.5343,469,43023,0.449727,1,1,596763,596294,469
48426681,30.8484,6.30686,500,43072,0.385945,1,1,596794,596294,500
48429601,30.9697,29.2614,496,43121,0.437189,0.87,1,596825,596329,496
48432521,30.9939,33.0523,493,43170,0.399438,0.81,1,596856,596363,493
48435441,29.3988,34.6105,487,43219,0.407888,0.71,1,596885,596398,487
48438361,43.4798,34.1221,500,43268,0.505578,0.65,1,596932,596432,500
48441281,35.896,45.2244,486,43317,0.445116,0.59,1,596966,596480,486
48444201,33.5792,38.6449,482,43366,0.481023,0.57,1,596999,596517,482
48447121,26.7158,36.529,471,43415,0.536205,0.59,1,597024,596553,471
48450041,14.9432,25.7058,460,43464,0.547241,0.55,1,597036,596576,460
48452961,23.7886,14.7412,474,43513,0.517448,0.51,1,597062,596588,474
48455881,43.9577,25.3482,495,43561,0.59149,0.49,1,597111,596616,495
48458801,35.1915,48.2696,474,43609,0.558298,0.43,1,597144,596670,474
48461721,31.0383,36.0539,471,43657,0.58366,0.45,1,597174,596703,471
48464641,31.8077,31.2108,473,43705,0.604732,0.45,1,597206,596733,473
48467561,29.5615,30.2422,472,43753,0.608946,0.37,1,597235,596763,472
48470481,32.3123,30.8484,474,43801,0.625789,0.45,1,597268,596794,474
48473401,30.4625,30.9697,473,43849,0.645158,0.39,1,597298,596825,473
48476321,30.8925,30.9939,473,43897,0.649032,0.41,1,597329,596856,473
48479241,44.5785,29.3988,492,43945,0.617806,0.53,1,597377,596885,492
48482161,35.3157,43.4798,478,43993,0.627561,0.43,1,597410,596932,478
48485081,35.0631,35.896,479,44041,0.629512,0.49,1,597445,596966,479
48488001,28.6126,33.5792,473,44089,0.645902,0.55,1,597472,596999,473
48490921,15.3225,26.7158,460,44137,0.665181,0.55,1,597484,597024,460
48493841,25.4645,14.9432,476,44185,0.669036,0.51,1,597512,597036,476
48496761,45.0929,23.7886,500,44233,0.717807,0.61,1,597562,597062,500
48499681,34.6186,43.9577,483,44281,0.727561,0.55,1,597594,597111,483
48502601,30.9237,35.1915,480,44329,0.729512,0.59,1,597624,597144,480
48505521,30.9847,31.0383,481,44377,0.745902,0.61,1,597655,597174,481
48508441,31.7969,31.8077,481,44425,0.73318,0.61,1,597687,597206,481
48511361,7.95939,29.5615,454,44472,0.730636,0.63,1,597689,597235,454
48514281,27.1919,32.3123,453,44519,0.762127,0.65,2,597721,597268,453
48517201,31.0384,30.4625,455,44566,0.736425,0.65,1,597753,597298,455
48520121,30.2077,30.8925,454,44613,0.763285,0.61,2,597783,597329,454
48523041,42.8415,44.5785,452,44660,0.768657,0.63,2,597829,597377,452
48525961,36.5683,35.3157,454,44707,0.801731,0.63,2,597864,597410,454
48528881,34.5137,35.0631,453,44754,0.872346,0.65,2,597898,597445,453
48531801,30.1027,28.6126,455,44801,0.886469,0.67,2,597927,597472,455
48534721,15.6205,15.3225,455,44848,0.857294,0.67,2,597939,597484,455
48537641,27.1241,25.4645,457,44895,0.851459,0.73,2,597969,597512,457
48540561,46.2248,45.0929,458,44942,0.914292,0.73,2,598020,597562,458
48543481,34.845,34.6186,458,44989,0.926858,0.73,2,598052,597594,458
48546401,30.969,30.9237,458,45036,0.945372,0.75,2,598082,597624,458
48549321,31.7938,30.9847,459,45083,0.949074,0.73,2,598114,597655,459
48730361,29,33,488,47896,0.95,1,2,600050,599562,488
48733281,30.6,28.2,492,47940,0.806,1,2,600081,599589,492
48736201,30.92,26.44,497,47984,0.7612,1,2,600112,599615,497
48739121,34.184,27.688,504,48028,0.73624,1,1,600147,599643,504
48742041,30.8368,30.3376,503,48072,0.667248,1,1,600177,599674,503
48744961,28.5674,30.8675,500,48116,0.58945,1,1,600205,599705,500
48747881,21.7135,25.3735,496,48160,0.55789,1,1,600225,599729,496
48750801,31.5427,33.8747,494,48204,0.519578,1,1,600259,599765,494
48753721,33.5085,35.5749,492,48248,0.511916,1,1,600293,599801,492
48756641,24.3017,32.715,482,48292,0.462383,0.92,1,600315,599833,482
48759561,22.4603,29.743,475,48336,0.404477,1,1,600337,599862,475
48762481,41.2921,35.5486,484,48380,0.328895,1,1,600383,599899,484
48765401,26.6584,34.3097,473,48424,0.345779,0.99,1,600406,599933,473
48768321,15.7317,17.2619,473,48468,0.285156,0.94,1,600419,599946,473
48771241,31.1463,35.4524,468,48511,0.257031,0.95,1,600454,599986,468
48774161,31.8293,35.0905,465,48554,0.203406,0.95,1,600486,600021,465
48777081,28.7659,30.2181,464,48597,0.112681,0.77,1,600514,600050,464
48780001,27.3532,30.8436,460,48640,0.0305362,0.75,1,600541,600081,460
48782921,31.8706,30.9687,462,48683,0.0301073,0.73,1,600574,600112,462
48785841,30.3741,34.1937,457,48726,0.0460215,0.65,1,600604,600147,457
48788761,26.0748,30.8387,452,48769,0.0492043,0.57,1,600629,600177,452
48791681,24.415,28.5677,448,48812,0.0178409,0.55,1,600653,600205,448
48794601,19.283,21.7135,446,48855,0.0275682,0.55,1,600671,600225,446
48797521,27.8566,4.34271,476,48898,0.0615136,0.51,1,600701,600225,476
48800441,31.9713,28.0685,475,48941,0.0683027,0.51,1,600734,600259,475
48803361,23.9943,32.8137,463,48984,0.0696605,0.45,1,600756,600293,463
48806281,20.7989,24.1627,461,49027,0.0539321,0.39,1,600776,600315,461
48809201,35.3598,22.4325,478,49070,0.0987864,0.31,1,600815,600337,478
48812121,27.072,41.2865,457,49113,0.0917573,0.35,1,600840,600383,457
48815041,15.8144,26.6573,447,49156,0.0583515,0.27,1,600853,600406,447
48817961,28.7629,15.7315,466,49199,0.13167,0.25,1,600885,600419,466
48820881,28.1526,31.1463,459,49242,0.082334,0.19,1,600913,600454,459
48823801,26.4305,31.8293,453,49285,0.152467,0.09,1,600939,600486,453
48826721,23.6861,28.7659,448,49328,0.150493,0.01,1,600962,600514,448
48829641,31.1372,27.3532,454,49371,0.102099,0.03,1,600995,600541,454
48832561,30.2274,31.8706,451,49414,0.0764197,0.05,1,601025,600574,451
48835481,26.0455,30.3741,446,49457,0.0552839,0.05,1,601050,600604,446
48838401,24.4091,26.0748,445,49500,0.0190568,0.01,1,601074,600629,445
48841321,19.2818,24.415,439,49543,0.00381136,0.03,1,601092,600653,439
48844241,30.2564,19.283,454,49586,0.0567623,0.07,1,601125,600671,454
48847161,34.0513,27.8566,459,49628,0.147352,0.07,1,601160,600701,459
48850081,23.6103,31.9713,447,49670,0.16547,0.07,1,601181,600734,447
48853001,19.1221,23.9943,443,49712,0.169094,0.05,1,601199,600756,443
48855921,37.4244,20.7989,465,49754,0.169819,0.11,1,601241,600776,465
48858841,25.8849,35.3598,449,49796,0.185964,0.09,1,601264,600815,449
48861761,16.377,27.072,438,49838,0.157193,0.05,1,601278,600840,438
48864681,31.2754,15.8144,460,49880,0.151439,0.15,1,601313,600853,460
48867601,26.2551,28.7629,453,49922,0.182288,0.07,1,601338,600885,453
48870521,30.851,28.1526,457,49964,0.188458,0.17,1,601370,600913,457
48873441,22.1702,26.4305,451,50006,0.189691,0.15,1,601390,600939,451
48876361,28.434,23.6861,458,50048,0.205938,0.09,1,601420,600962,458
48879281,28.8868,31.1372,454,50090,0.225188,0.07,1,601449,600995,454
48882201,24.1774,30.2274,447,50132,0.229038,0.05,1,601472,601025,447
48885121,24.0355,26.0455,446,50174,0.229807,0.01,1,601496,601050,446
48888041,19.2071,24.4091,440,50216,0.197962,0,1,601514,601074,440
48890961,33.4414,19.2818,459,50258,0.175592,0.07,1,601551,601092,459
48893881,37.0883,30.2564,464,50300,0.187118,0.17,1,601589,601125,464
48896801,9.01766,34.0513,431,50342,0.189424,0.17,1,601591,601160,431
48899721,17.8035,23.6103,430,50384,0.221885,0.17,1,601611,601181,430
48902641,17.9607,19.1221,430,50426,0.228377,0.17,1,601629,601199,430
48905561,37.1921,37.4244,430,50468,0.261675,0.19,1,601671,601241,430
48908481,25.0384,25.8849,429,50510,0.236335,0.15,1,601693,601264,429
48911401,16.2077,16.377,429,50552,0.231267,0.15,1,601707,601278,429
48914321,32.0415,31.2754,430,50594,0.246253,0.19,1,601743,601313,430
48917241,27.2083,26.2551,431,50636,0.249251,0.19,1,601769,601338,431
48920161,31.0417,30.851,431,50678,0.29785,0.19,1,601801,601370,431
48923081,22.2083,22.1702,431,50720,0.32357,0.21,1,601821,601390,431
48926001,29.2417,28.434,432,50762,0.312714,0.23,1,601852,601420,432
48928921,30.6483,28.8868,434,50803,0.294543,0.23,1,601883,601449,434
48931841,23.7297,24.1774,433,50844,0.290909,0.23,1,601905,601472,433
48934761,22.3459,24.0355,431,50885,0.274182,0.19,1,601927,601496,431
48937681,17.2692,19.2071,429,50926,0.302836,0.17,1,601943,601514,429
48940601,34.6538,33.4414,431,50967,0.292567,0.19,1,601982,601551,431
48943521,37.3308,37.0883,431,51008,0.354513,0.19,1,602020,601589,431
48946441,9.06615,9.01766,431,51049,0.366903,0.23,1,602022,601591,431
48949361,17.8132,17.8035,431,51090,0.401381,0.23,1,602042,601611,431
48952281,18.7626,17.9607,432,51131,0.408276,0.27,1,602061,601629,432
48955201,38.1525,37.1921,433,51172,0.473655,0.23,1,602104,601671,433
48958121,25.2305,25.0384,433,51213,0.486731,0.23,1,602126,601693,433
48961041,16.2461,16.2077,433,51254,0.489346,0.25,1,602140,601707,433
48963961,32.8492,32.0415,434,51295,0.521869,0.25,1,602177,601743,434
48966881,27.3698,27.2083,434,51336,0.528374,0.31,1,602203,601769,434
48969801,31.874,31.0417,435,51377,0.577675,0.33,1,602236,601801,435
48972721,23.1748,22.2083,436,51418,0.571535,0.31,1,602257,601821,436
48975641,28.635,29.2417,435,51459,0.570307,0.29,1,602287,601852,435
48978561,29.727,30.6483,434,51500,0.570061,0.29,1,602317,601883,434
48981481,24.3454,23.7297,435,51541,0.586012,0.27,1,602340,601905,435
48984401,22.4691,22.3459,435,51582,0.557202,0.31,1,602362,601927,435
48987321,17.2938,17.2692,435,51623,0.55144,0.29,1,602378,601943,435
48990241,35.4588,34.6538,436,51664,0.566288,0.37,1,602418,601982,436
48993161,40.6918,37.3308,440,51705,0.537258,0.37,1,602460,602020,440
48996081,9.73835,9.06615,440,51746,0.563452,0.41,1,602462,602022,440
48999001,17.9477,17.8132,440,51787,0.53669,0.41,1,602482,602042,440
49001921,20.3895,3.56265,461,51828,0.515338,0.41,1,602503,602042,461
49004841,40.8779,15.9125,488,51869,0.559068,0.49,1,602549,602061,488
49007761,25.7756,37.5825,467,51910,0.599814,0.49,1,602571,602104,467
49010681,17.1551,25.1165,460,51951,0.639963,0.49,1,602586,602126,460
49013601,33.831,16.2233,484,51992,0.647993,0.53,1,602624,602140,484
49016521,28.3662,32.8447,474,52032,0.681598,0.53,1,602651,602177,474
49019441,33.6732,27.3689,483,52072,0.68832,0.59,1,602686,602203,483
49022361,22.7346,31.8738,470,52112,0.689664,0.57,1,602706,602236,470
49025281,28.5469,23.1748,479,52152,0.705933,0.57,1,602736,602257,479
49028201,29.7094,28.635,479,52192,0.709187,0.57,1,602766,602287,479
49031121,23.5419,29.727,471,52232,0.709837,0.59,1,602788,602317,471
49034041,22.3084,24.3454,470,52272,0.709967,0.55,1,602810,602340,470
49036961,17.2617,22.4691,464,52312,0.725994,0.55,1,602826,602362,464
49039881,36.2523,17.2938,489,52352,0.745199,0.57,1,602867,602378,489
49042801,39.2505,35.4588,489,52392,0.74904,0.53,1,602907,602418,489
49045721,9.45009,40.6918,449,52432,0.749808,0.57,1,602909,602460,449
49048641,17.89,9.73835,467,52472,0.749962,0.53,1,602929,602462,467
49051561,21.178,17.9477,469,52512,0.781992,0.51,2,602951,602482,469
49054481,43.4356,20.3895,497,52552,0.868398,0.57,2,603000,602503,497
49057401,27.0871,40.8779,474,52592,0.88568,0.61,2,603023,602549,474
49060321,18.2174,25.7756,468,52632,0.857136,0.65,2,603039,602571,468
49063241,34.0435,17.1551,491,52672,0.883427,0.65,2,603077,602586,491
49066161,28.4087,33.831,480,52712,0.872685,0.69,2,603104,602624,480
49069081,35.2817,28.3662,490,52752,0.870537,0.69,2,603141,602651,490
49072001,23.0563,33.6732,475,52792,0.870107,0.69,2,603161,602686,475
49074921,29.4113,22.7346,486,52832,0.902021,0.71,2,603192,602706,486
49077841,29.8823,28.5469,486,52872,0.908404,0.71,2,603222,602736,486
49080761,23.5765,29.7094,478,52912,0.909681,0.71,2,603244,602766,478
49083681,23.1153,23.5419,479,52952,0.925936,0.71,2,603267,602788,479
49086601,17.4231,22.3084,473,52992,0.929187,0.73,2,603283,602810,473
49089521,37.0846,17.2617,499,53032,0.945837,0.75,2,603325,602826,499
49092441,39.4169,36.2523,498,53072,0.949167,0.75,2,603365,602867,498
49293921,30,30,513,55741,0.93,1,2,605185,604672,513
49311441,15,19,501,55969,0.77,1,2,605327,604826,501
49314361,30.2,19.8,515,56007,0.738,1,1,605361,604846,515
49317281,26.04,27.96,510,56045,0.7476,1,1,605386,604876,510
49320201,23.608,28.792,504,56083,0.63752,1,1,605409,604905,504
49323121,13.5216,26.5584,489,56121,0.679504,1,1,605420,604931,489
49326041,18.7043,14.1117,498,56158,0.639901,1,1,605440,604942,498
49328961,26.1409,24.4223,499,56195,0.55198,1,1,605468,604969,499
49331881,18.0282,17.6845,499,56232,0.566396,1,1,605484,604985,499
49334801,14.8056,34.7369,474,56269,0.585279,0.92,1,605498,605024,474
49337721,26.1611,31.7474,472,56306,0.557056,1,1,605527,605055,472
49340641,29.2322,31.9495,470,56343,0.535411,0.91,1,605557,605087,470
49343561,29.8464,34.3899,465,56380,0.531082,0.87,1,605587,605122,465
49346481,33.9693,33.278,467,56417,0.562216,0.93,1,605622,605155,467
49349401,27.5939,30.6556,463,56454,0.552443,0.97,1,605648,605185,463
49352321,26.3188,25.3311,465,56491,0.518489,0.99,1,605674,605209,465
49355241,30.0638,32.2662,462,56528,0.511698,0.95,1,605705,605243,462
49358161,32.4128,33.6532,461,56565,0.47834,0.83,1,605738,605277,461
49361081,22.4825,20.3306,464,56602,0.503668,0.91,1,605758,605294,464
49364001,16.4965,18.4661,461,56639,0.476734,0.77,1,605773,605312,461
49366921,13.6993,15.6932,459,56676,0.487347,0.73,1,605786,605327,459
49369841,26.7399,30.3386,455,56713,0.473469,0.75,1,605816,605361,455
49372761,26.948,26.0677,457,56750,0.486694,0.61,1,605843,605386,457
49375681,22.1896,23.6135,455,56787,0.473339,0.69,1,605864,605409,455
49378601,12.4379,13.5227,454,56824,0.438668,0.63,1,605874,605420,454
49381521,16.8876,18.7045,452,56861,0.463734,0.53,1,605892,605440,452
49384441,25.7775,26.1409,452,56898,0.484747,0.57,1,605920,605468,452
49387361,17.9555,18.0282,452,56935,0.488949,0.59,1,605936,605484,452
49390281,12.3911,14.8056,449,56972,0.50579,0.55,1,605947,605498,449
49393201,24.8782,26.1611,448,57009,0.509158,0.53,1,605975,605527,448
49396121,28.9756,29.2322,448,57046,0.525832,0.53,1,606005,605557,448
49399041,27.3951,29.8464,445,57083,0.545166,0.57,1,606032,605587,445
49401961,35.079,33.9693,447,57120,0.581033,0.55,1,606069,605622,447
49404881,27.0158,27.5939,446,57157,0.620207,0.51,1,606094,605648,446
49407801,27.0032,26.3188,447,57194,0.660041,0.51,1,606121,605674,447
49410721,28.6006,30.0638,445,57231,0.668008,0.47,1,606150,605705,445
49413641,31.3201,32.4128,444,57268,0.717602,0.51,1,606182,605738,444
49416561,22.264,22.4825,444,57305,0.69552,0.47,1,606202,605758,444
49419481,17.2528,16.4965,445,57342,0.691104,0.49,1,606218,605773,445
49422401,13.0506,13.6993,444,57379,0.722221,0.47,1,606230,605786,444
49425321,25.8101,26.7399,443,57416,0.712444,0.49,1,606259,605816,443
49428241,27.562,26.948,444,57453,0.758489,0.47,2,606287,605843,444
49431161,21.5124,22.1896,443,57490,0.799698,0.43,2,606307,605864,443
49434081,12.3025,12.4379,443,57527,0.77594,0.47,2,606317,605874,443
49437001,19.2605,16.8876,446,57564,0.787188,0.49,2,606338,605892,446
49439921,24.6521,25.7775,444,57601,0.757438,0.49,2,606364,605920,444
49442841,18.5304,17.9555,445,57638,0.767488,0.49,2,606381,605936,445
49445761,13.3061,3.5911,457,57674,0.737498,0.51,1,606393,605936,457
49448681,23.4612,9.51822,472,57710,0.731499,0.51,1,606419,605947,472
49451601,31.0922,24.3036,477,57746,0.7463,0.53,1,606452,605975,477
49454521,27.0184,28.8607,473,57782,0.76526,0.55,2,606478,606005,473
49457441,39.0037,27.3721,488,57818,0.817052,0.59,2,606520,606032,488
49460361,27.0007,35.0744,475,57854,0.82741,0.63,2,606544,606069,475
49463281,28.6001,27.0149,479,57890,0.829482,0.67,2,606573,606094,479
49466201,31.32,27.003,484,57926,0.797896,0.67,2,606605,606121,484
49469121,31.864,28.6006,487,57962,0.855579,0.73,2,606637,606150,487
49472041,22.3728,31.3201,475,57998,0.867116,0.69,2,606657,606182,475
49474961,17.2746,22.264,471,58034,0.869423,0.69,2,606673,606202,471
49477881,13.0549,17.2528,467,58070,0.885885,0.73,2,606685,606218,467
49480801,26.611,13.0506,485,58106,0.889177,0.71,2,606715,606230,485
49483721,28.5222,25.8101,485,58142,0.921835,0.77,2,606744,606259,485
49739221,97,123,423,27740,0.03,0.09,1,609331,608908,423
49765501,22.6,27,424,27740,0.03,0.07,1,609335,608911,424
49768421,6.12,6.2,425,28544,0.062,0.09,1,609337,608912,425
49771341,29.224,2.04,459,28618,0.0364,0,1,609372,608913,459
49774261,69.0448,59.608,464,28692,0.06328,0.01,1,609451,608987,464
49777181,65.009,71.9216,453,28766,0.068656,0.09,1,609515,609062,453
49780101,57.8018,66.3843,444,28840,0.0537312,0.03,1,609571,609127,444
49783021,57.9604,37.2769,472,28913,0.0107462,0,1,609629,609157,472
49785941,50.7921,69.0554,444,28986,0.0421492,0.01,1,609678,609234,444
49788861,42.9584,47.4111,443,29059,0.0484298,0.03,1,609719,609276,443
49791781,38.1917,53.4822,425,29132,0.065686,0.03,1,609756,609331,425
49794701,9.23834,13.8964,423,29205,0.0371372,0.07,1,609758,609335,423
49797621,30.6477,4.37929,457,29277,0.0154274,0.03,1,609794,609337,457
49800541,70.9295,28.8759,503,29349,0.0270855,0.07,1,609875,609372,503
49803461,63.7859,68.9752,486,29421,0.0454171,0.07,1,609937,609451,486
49806381,58.3572,64.995,479,29493,0.0330834,0.05,1,609994,609515,479
49809301,57.2714,57.799,480,29565,0.0466167,0,1,610051,609571,480
49812221,50.6543,57.9598,471,29637,0.0493233,0.05,1,610100,609629,471
49815141,42.1309,50.792,462,29708,0.0178647,0.05,1,610140,609678,462
49818061,38.8262,42.9584,459,29779,0.0275729,0.07,1,610178,609719,459
49820981,9.36523,38.1917,424,29850,0.0455146,0.03,1,610180,609756,424
49823901,3.47305,9.23834,424,29921,0.0491029,0.01,1,610182,609758,424
49826821,27.8946,30.6477,422,29992,0.00982058,0.03,1,610216,609794,422
49829741,72.7789,70.9295,425,30063,0.0419641,0.05,1,610300,609875,425
49832661,64.1558,63.7859,425,30133,0.0643928,0.03,1,610362,609937,425
49835581,57.6312,58.3572,424,30203,0.116879,0.05,1,610418,609994,424
49838501,55.5262,57.2714,422,30273,0.0953757,0.05,1,610473,610051,422
49841421,51.9052,50.6543,424,30343,0.0270751,0.01,1,610524,610100,424
49844341,41.581,42.1309,423,30413,0.013415,0.03,1,610563,610140,423
49847261,39.5162,38.8262,424,30483,0.026683,0.05,1,610602,610178,424
49850181,9.50324,9.36523,424,30552,0.0613366,0.05,1,610604,610180,424
49853101,3.50065,3.47305,424,30621,0.0362673,0,1,610606,610182,424
49856021,26.3001,27.8946,422,30690,0.0312535,0.05,1,610638,610216,422
49858941,73.26,72.7789,423,30759,0.0462507,0.07,1,610723,610300,423
49861861,65.852,64.1558,425,30828,0.0332501,0.13,1,610787,610362,425
49864781,60.3704,57.6312,428,30897,0.06265,0.09,1,610846,610418,428
49867701,54.4741,55.5262,426,30965,0.06853,0.01,1,610899,610473,426
49870621,48.4948,51.9052,422,31033,0.101706,0.01,1,610946,610524,422
49873541,40.899,41.581,422,31101,0.108341,0.03,1,610985,610563,422
49876461,40.9798,39.5162,424,31169,0.0936682,0.07,1,611026,610602,424
49879381,9.79596,9.50324,424,31237,0.0907337,0.03,1,611028,610604,424
49882301,3.55919,3.50065,424,31305,0.0901467,0.03,1,611030,610606,424
49885221,23.9118,0.70013,453,31373,0.0580293,0.03,1,611059,610606,453
49888141,74.3824,25.74,508,31440,0.0196059,0.05,1,611146,610638,508
49891061,65.2765,73.148,486,31507,0.0279212,0.03,1,611209,610723,486
49893981,61.8553,65.8296,483,31574,0.0775842,0.07,1,611270,610787,483
49896901,55.5711,60.3659,478,31641,0.0555169,0.07,1,611324,610846,478
49899821,50.3142,54.4732,474,31708,0.131103,0.11,1,611373,610899,474
49902741,38.8628,48.4946,463,31775,0.130221,0.11,1,611409,610946,463
49905661,39.7726,40.8989,464,31842,0.130044,0.09,1,611449,610985,464
49908581,9.55451,40.9798,425,31908,0.130009,0.09,1,611451,611026,425
49911501,3.5109,9.79596,425,31974,0.130002,0.09,1,611453,611028,425
49914421,23.9022,3.55919,452,32040,0.114,0.05,1,611482,611030,452
49917341,73.5804,23.9118,509,32106,0.0228001,0.01,1,611568,611059,509
49920261,66.7161,74.3824,487,32172,0.02856,0.03,1,611633,611146,487
49923181,62.9432,65.2765,486,32238,0.045712,0.09,1,611695,611209,486
49926101,54.1886,61.8553,477,32304,0.0651424,0.05,1,611747,611270,477
49929021,53.2377,55.5711,476,32369,0.101028,0.15,1,611800,611324,476
49931941,39.4475,50.3142,463,32434,0.108206,0.13,1,611836,611373,463
49934861,39.8895,38.8628,467,32499,0.173641,0.13,1,611876,611409,467
49937781,9.5779,39.7726,429,32564,0.186728,0.13,1,611878,611449,429
49940701,3.51558,9.55451,429,32629,0.189346,0.13,1,611880,611451,429
49943621,23.9031,3.5109,456,32694,0.205869,0.11,1,611909,611453,456
49946541,69.5806,23.9022,508,32759,0.0651738,0,1,611990,611482,508
49949461,15.5161,73.5804,424,32824,0.0130348,0.03,1,611992,611568,424
49952381,55.1032,66.7161,424,32888,0.010607,0.05,1,612057,611633,424
49955301,60.6206,62.9432,424,32952,0.0581214,0.07,1,612119,611695,424
49958221,54.5241,54.1886,425,33016,0.131624,0.11,1,612172,611747,425
49961141,54.9048,53.2377,427,33080,0.114325,0.11,1,612227,611800,427
49964061,39.781,39.4475,427,33144,0.174865,0.19,1,612263,611836,427
49966981,43.1562,39.8895,431,33208,0.250973,0.19,1,612307,611876,431
49969901,10.2312,9.5779,431,33272,0.266195,0.19,1,612309,611878,431
49972821,3.64625,3.51558,431,33336,0.237239,0.21,1,612311,611880,431
49975741,24.7292,23.9031,432,33399,0.263448,0.03,1,612341,611909,432
49978661,62.5459,69.5806,423,33462,0.28469,0,1,612413,611990,423
49981581,14.1092,15.5161,423,33525,0.288938,0.01,1,612415,611992,423
49984501,54.0218,55.1032,422,33588,0.305788,0.07,1,612479,612057,422
49987421,62.8044,60.6206,425,33651,0.325158,0.15,1,612544,612119,425
49990341,57.3609,54.5241,428,33714,0.393032,0.11,1,612600,612172,428
49993261,54.6722,54.9048,427,33777,0.406606,0.19,1,612654,612227,427
49996181,41.3344,39.781,429,33840,0.377321,0.27,1,612692,612263,429
49999101,46.6669,43.1562,433,33902,0.371464,0.27,1,612740,612307,433
50002021,10.9334,10.2312,433,33964,0.418293,0.23,1,612742,612309,433
50004941,3.78668,3.64625,433,34026,0.395659,0.27,1,612744,612311,433
50007861,26.3573,24.7292,435,34088,0.455132,0.29,1,612776,612341,435
50010781,62.0715,62.5459,434,34150,0.451026,0.29,1,612847,612413,434
50013701,14.0143,14.1092,434,34212,0.450205,0.29,1,612849,612415,434
50016621,54.0029,2.82183,498,34274,0.450041,0.31,1,612913,612415,498
50019541,65.2006,51.7644,502,34336,0.482008,0.33,1,612981,612479,502
50022461,61.0401,62.3529,497,34398,0.488402,0.41,1,613041,612544,497
50025381,55.408,57.2706,495,34459,0.52168,0.41,1,613095,612600,495
50028301,39.8816,54.6541,477,34520,0.528336,0.37,1,613131,612654,477
50031221,47.9763,41.3308,489,34581,0.545667,0.37,1,613181,612692,489
50034141,11.1953,46.6662,443,34642,0.549133,0.43,1,613183,612740,443
50037061,3.83905,10.9332,443,34703,0.581827,0.39,1,613185,612742,443
50039981,27.1678,3.78665,474,34764,0.588365,0.47,1,613218,612744,474
50042901,63.0336,26.3573,514,34825,0.557673,0.45,1,613290,612776,514
50045821,14.2067,62.0715,445,34886,0.551535,0.45,1,613292,612847,445
50048741,54.0413,14.0143,507,34947,0.566307,0.45,1,613356,612849,507
50051661,66.8083,54.0029,513,35007,0.537261,0.49,1,613426,612913,513
50054581,61.3617,65.2006,505,35067,0.531452,0.49,1,613486,612981,505
50057501,57.0723,61.0401,501,35127,0.54629,0.53,1,613542,613041,501
50060421,40.2145,55.408,483,35187,0.549258,0.53,1,613578,613095,483
50063341,49.6429,39.8816,499,35247,0.549852,0.55,1,613630,613131,499
50066261,11.5286,47.9763,451,35307,0.54997,0.55,1,613632,613181,451
50069181,3.90572,11.1953,451,35367,0.597994,0.59,1,613634,613183,451
50072101,27.9811,3.83905,483,35427,0.607599,0.59,1,613668,613185,483
50075021,61.5962,27.1678,520,35487,0.64152,0.55,1,613738,613218,520
50077941,13.9192,63.0336,450,35547,0.664304,0.55,1,613740,613290,450
50080861,54.7838,14.2067,513,35606,0.716861,0.57,1,613805,613292,513
50083781,65.3568,54.0413,517,35665,0.743372,0.53,1,613873,613356,517
50086701,14.6714,66.8083,449,35724,0.748674,0.53,1,613875,613426,449
50089621,50.1343,61.3617,448,35783,0.781735,0.55,2,613934,613486,448
50092541,55.6269,57.0723,449,35842,0.820347,0.55,2,613991,613542,449
50095461,39.9254,40.2145,449,35901,0.892069,0.55,2,614027,613578,449
50098381,51.9851,49.6429,452,35960,0.906414,0.55,2,614082,613630,452
50101301,11.997,11.5286,452,36019,0.877283,0.61,2,614084,613632,452
50104221,3.9994,3.90572,452,36078,0.871457,0.61,2,614086,613634,452
50107141,27.9999,27.9811,452,36137,0.870291,0.65,2,614120,613668,452
50253141,34,35,494,38951,0.83,1,2,616106,615612,494
50256061,35.6,33.4,497,39005,0.798,1,2,616142,615645,497
50258981,37.52,38.68,495,39059,0.7596,1,2,616180,615685,495
50261901,39.504,54.136,477,39113,0.71992,1,1,616220,615743,477
50264821,33.5008,34.8272,479,39167,0.663984,1,1,616252,615773,479
50267741,41.1002,39.7654,481,39221,0.716797,1,1,616295,615814,481
50270661,45.02,45.5531,480,39275,0.743359,1,1,616341,615861,480
50273581,32.204,32.3106,480,39329,0.732672,1,1,616370,615890,480
50276501,24.8408,26.4621,478,39383,0.762534,1,2,616393,615915,478
50279421,47.3682,54.0924,470,39437,0.752507,0.94,2,616446,615976,470
50282341,33.4736,38.0185,466,39491,0.798501,0.92,2,616476,616010,466
50285261,30.6947,30.8037,467,39544,0.8077,0.85,2,616506,616039,467
50288181,28.5389,32.5607,462,39597,0.80954,0.83,2,616534,616072,462
50291101,32.9078,33.7121,462,39650,0.841908,0.79,2,616568,616106,462
50294021,32.1816,35.5424,458,39703,0.848382,0.75,2,616600,616142,458
50296941,36.0363,37.5085,457,39756,0.833676,0.71,2,616637,616180,457
50299861,40.8073,39.5017,459,39809,0.862735,0.65,2,616679,616220,459
50302781,33.7615,33.5003,459,39862,0.932547,0.73,2,616711,616252,459
50530541,33,22,521,43800,0.47,1,1,619464,618943,521
50533461,27.4,11.6,538,43848,0.422,1,1,619490,618952,538
50534921,35.88,30.32,541,43896,0.2364,1,1,619528,618987,541
50581641,366.376,461.264,421,20440,0.04728,0.03,1,619977,619556,421
50584561,154.875,144.253,458,20544,0.009456,0,1,620079,619621,458
50587481,123.775,124.851,454,20647,0.0258912,0.05,1,620195,619741,454
50590401,70.355,75.3701,448,20750,0.0451782,0.01,1,620252,619804,448
50593321,54.871,58.274,445,20852,0.0490356,0.05,1,620303,619858,445
50596241,44.5742,51.6548,437,20954,0.0658071,0.03,1,620345,619908,437
50599161,32.1148,44.731,423,21055,0.0691614,0.03,1,620374,619951,423
50602081,25.623,19.3462,434,21156,0.0538323,0,1,620398,619964,434
50605001,87.5246,95.8692,422,21256,0.0107665,0.03,1,620501,620079,422
50607921,111.905,111.974,424,21356,0.00215329,0.05,1,620619,620195,424
50610841,69.581,67.9948,426,21455,0.0404307,0.05,1,620678,620252,426
50613761,53.1162,54.399,424,21554,0.0320861,0.07,1,620727,620303,424
50616681,45.0232,44.4798,425,21652,0.0144172,0.07,1,620770,620345,425
50619601,33.0046,32.096,426,21750,0.0588834,0.05,1,620800,620374,426
50622521,22.6009,25.6192,422,21848,0.0997767,0,1,620820,620398,422
50625441,86.9202,87.5238,422,21945,0.0199553,0,1,620923,620501,422
50628361,111.784,111.905,422,22042,0.00399107,0.05,1,621041,620619,422
50631281,70.3568,69.581,423,22138,0.0247982,0.03,1,621101,620678,423
50634201,52.4714,53.1162,422,22234,0.0449596,0.01,1,621149,620727,422
50637121,45.6943,45.0232,423,22329,0.0329919,0.07,1,621193,620770,423
50640041,34.7389,33.0046,425,22424,0.0145984,0.11,1,621225,620800,425
50642961,20.5478,22.6009,422,22519,0.0269197,0.11,1,621242,620820,422
50645881,85.7096,4.52019,524,22613,0.0293839,0,1,621344,620820,524
50648801,111.542,83.304,539,22707,0.00587679,0,1,621462,620923,539
50651721,70.3084,111.061,481,22800,0.0251754,0.03,1,621522,621041,481
50654641,52.4617,70.2122,469,22893,0.0610351,0.05,1,621570,621101,469
50657561,45.6923,52.4424,465,22986,0.116207,0.03,1,621614,621149,465
50660481,34.7385,45.6885,453,23078,0.111241,0.01,1,621646,621193,453
50663401,20.5477,34.7377,438,23170,0.126248,0.03,1,621663,621225,438
50666321,85.7095,20.5475,523,23261,0.0492497,0.03,1,621765,621242,523
50669241,112.342,85.7095,540,23352,0.0498499,0,1,621884,621344,540
50672161,70.4684,111.542,482,23443,0.03397,0.03,1,621944,621462,482
50675081,54.8937,70.3084,473,23533,0.062794,0.07,1,621995,621522,473
50678001,46.1787,52.4617,469,23623,0.116559,0.13,1,622039,621570,469
50680921,35.6357,45.6923,458,23713,0.159312,0.11,1,622072,621614,458
50683841,19.9271,34.7385,442,23802,0.167862,0.13,1,622088,621646,442
50686761,82.3854,20.5477,523,23891,0.0575725,0.03,1,622186,621663,523
50689681,111.677,85.7095,540,23980,0.0835145,0.05,1,622305,621765,540
50692601,23.9354,112.342,423,24068,0.0887029,0.03,1,622307,621884,423
50695521,53.5871,70.4684,424,24156,0.0737406,0.07,1,622368,621944,424
50698441,53.1174,54.8937,426,24244,0.0707481,0.13,1,622421,621995,426
50701361,47.4235,46.1787,428,24331,0.0701496,0.17,1,622467,622039,428
50704281,37.4847,35.6357,430,24418,0.0700299,0.17,1,622502,622072,430
50707201,20.2969,19.9271,430,24505,0.070006,0.03,1,622518,622088,430
50710121,76.8594,82.3854,423,24591,0.0860012,0.09,1,622609,622186,423
50713041,113.772,111.677,427,24677,0.0412002,0.09,1,622732,622305,427
50715961,24.3544,23.9354,427,24763,0.03224,0.07,1,622734,622307,427
50718881,50.4709,53.5871,423,24849,0.110448,0.07,1,622791,622368,423
50721801,52.4942,53.1174,423,24934,0.11009,0.07,1,622844,622421,423
50724721,48.8988,47.4235,425,25019,0.0940179,0.07,1,622892,622467,425
50727641,37.7798,37.4847,425,25104,0.0908036,0.07,1,622927,622502,425
50730561,20.356,20.2969,425,25188,0.138161,0.09,1,622943,622518,425
50733481,74.4712,76.8594,422,25272,0.131632,0.03,1,623031,622609,422
50736401,114.094,113.772,423,25356,0.0663264,0.03,1,623155,622732,423
50739321,24.4188,24.3544,423,25440,0.0532653,0.03,1,623157,622734,423
50742241,52.0838,4.87087,482,25523,0.0506531,0.13,1,623216,622734,482
50745161,54.4168,46.5742,480,25606,0.0981306,0.11,1,623271,622791,480
50748081,48.4834,51.7148,474,25689,0.139626,0.09,1,623318,622844,474
50751001,36.8967,48.743,460,25771,0.163925,0.09,1,623352,622892,460
50753921,20.9793,37.7486,442,25853,0.184785,0.15,1,623369,622927,442
50756841,72.9959,20.3497,512,25935,0.236957,0.13,1,623455,622943,512
50759761,112.199,74.4699,546,26017,0.167391,0.05,1,623577,623031,546
50762681,24.0398,114.094,424,26098,0.153478,0.05,1,623579,623155,424
50765601,52.808,24.4188,482,26179,0.134696,0.05,1,623639,623157,482
50768521,56.9616,52.0838,481,26260,0.178939,0.11,1,623697,623216,481
50771441,50.5923,54.4168,475,26341,0.203788,0.15,1,623746,623271,475
50774361,38.1185,48.4834,463,26421,0.240758,0.17,1,623781,623318,463
50777281,22.8237,36.8967,448,26501,0.280152,0.19,1,623800,623352,448
50780201,75.7647,20.9793,520,26581,0.30403,0.25,1,623889,623369,520
50783121,106.353,72.9959,548,26661,0.356806,0.15,1,624003,623455,548
50786041,22.8706,112.199,428,26740,0.367361,0.15,1,624005,623577,428
50788961,53.3741,24.0398,487,26819,0.417472,0.13,1,624066,623579,487
50791881,59.4748,52.808,488,26898,0.507494,0.19,1,624127,623639,488
50794801,13.495,56.9616,432,26977,0.525499,0.21,1,624129,623697,432
50797721,41.899,50.5923,432,27056,0.5611,0.25,1,624178,623746,432
50800641,37.9798,38.1185,434,27134,0.52022,0.29,1,624215,623781,434
50803561,24.396,22.8237,436,27212,0.512044,0.31,1,624236,623800,436
50806481,79.2792,75.7647,440,27290,0.574409,0.37,1,624329,623889,440
50809401,107.056,106.353,440,27368,0.586882,0.37,1,624443,624003,440
50812321,23.0112,22.8706,440,27445,0.589376,0.43,1,624445,624005,440
50815241,55.8022,53.3741,443,27522,0.653875,0.53,1,624509,624066,443
50818161,63.9604,59.4748,448,27599,0.618775,0.53,1,624575,624127,448
50821081,14.3921,13.495,448,27676,0.643755,0.57,1,624577,624129,448
50824001,42.0784,41.899,448,27753,0.696751,0.51,1,624626,624178,448
50826921,38.0157,37.9798,448,27829,0.69135,0.51,1,624663,624215,448
50829841,23.6031,24.396,447,27905,0.69027,0.59,1,624683,624236,447
50832761,81.5206,79.2792,450,27981,0.674054,0.59,1,624779,624329,450
50835681,108.304,107.056,451,28057,0.702811,0.59,1,624894,624443,451
50838601,23.2608,23.0112,451,28132,0.708562,0.67,1,624896,624445,451
50841521,57.4522,55.8022,453,28207,0.725712,0.61,1,624962,624509,453
50844441,63.4904,63.9604,452,28282,0.745142,0.65,1,625027,624575,452
50847361,14.2981,14.3921,452,28357,0.749028,0.65,1,625029,624577,452
50850281,43.6596,2.87842,503,28432,0.717806,0.71,1,625080,624577,503
50853201,39.1319,39.7757,492,28506,0.727561,0.69,1,625118,624626,492
50856121,23.8264,37.5551,475,28580,0.745512,0.69,1,625138,624663,475
50859041,79.1653,23.511,548,28654,0.813102,0.67,2,625231,624683,548
50876561,51,2,507,29095,0.91,0.71,2,625536,625029,507
50879481,41.4,41.2,495,29168,0.942,0.73,2,625575,625080,495
50981681,42,32,514,31609,0.57,1,1,627327,626813,514
50984601,46,38.4,521,31676,0.522,1,1,627374,626853,521
50987521,37.2,47.68,506,31743,0.4644,1,1,627409,626903,506
50990441,42.64,38.336,514,31810,0.37288,1,1,627453,626939,514
50993361,29.328,35.6672,505,31877,0.306576,1,1,627479,626974,505
50996281,31.4656,34.3334,503,31943,0.245315,1,1,627511,627008,503
50999201,31.0931,34.0667,500,32009,0.217063,0.93,1,627542,627042,500
51002121,54.2186,29.2133,532,32075,0.0994126,0.99,1,627602,627070,532
51005041,101.244,55.4427,583,32141,0.0758825,0.79,1,627715,627132,583
51007961,40.2487,108.689,486,32207,0.0551765,0.67,1,627740,627254,486
51010881,36.8497,46.5377,491,32273,0.0990353,0.57,1,627776,627285,491
51013801,40.97,42.9075,491,32339,0.0758071,0.51,1,627818,627327,491
51016721,35.394,46.1815,478,32404,0.103161,0.45,1,627852,627374,478
51019641,37.4788,37.2363,481,32469,0.156632,0.35,1,627890,627409,481
51022561,25.0958,42.6473,459,32534,0.135326,0.29,1,627912,627453,459
51025481,31.4192,29.3295,466,32599,0.147065,0.23,1,627945,627479,466
51028401,25.4838,31.4659,458,32664,0.133413,0.21,1,627969,627511,458
51031321,50.6968,31.0932,484,32729,0.178683,0.07,1,628026,627542,484
51034241,11.7394,54.2186,426,32794,0.187737,0.07,1,628028,627602,426
51037161,91.1479,101.244,424,32858,0.317547,0.05,1,628139,627715,424
51040081,39.8296,40.2487,426,32922,0.375509,0.11,1,628166,627740,426
51043001,37.5659,36.8497,427,32986,0.339102,0.07,1,628203,627776,427
51045921,41.1132,40.97,427,33050,0.34782,0.11,1,628245,627818,427
51048841,35.4226,35.394,427,33114,0.349564,0.17,1,628279,627852,427
51051761,39.8845,37.4788,430,33178,0.349913,0.13,1,628320,627890,430
51054681,23.9769,25.0958,428,33242,0.317983,0.15,1,628340,627912,428
51057601,31.9954,31.4192,429,33306,0.343596,0.13,1,628374,627945,429
51060521,24.7991,25.4838,428,33370,0.332719,0.19,1,628397,627969,428
51063441,52.9598,50.6968,431,33433,0.362544,0.19,1,628457,628026,431
51066361,12.192,11.7394,431,33496,0.368509,0.35,1,628459,628028,431
51069281,98.4384,91.1479,440,33559,0.401702,0.39,1,628579,628139,440
51072201,38.8877,39.8296,437,33622,0.45634,0.33,1,628603,628166,437
51075121,36.5775,37.5659,436,33685,0.483268,0.35,1,628639,628203,436
51078041,41.7155,41.1132,437,33748,0.456654,0.35,1,628682,628245,437
51080961,35.5431,35.4226,437,33811,0.499331,0.35,1,628716,628279,437
51083881,39.9086,39.8845,437,33874,0.459866,0.31,1,628757,628320,437
51086801,23.9817,23.9769,437,33936,0.499973,0.35,1,628777,628340,437
51089721,31.9963,31.9954,437,33998,0.507995,0.33,1,628811,628374,437
51092641,25.5993,24.7991,438,34060,0.525599,0.37,1,628835,628397,438
51095561,54.7199,52.9598,440,34122,0.54512,0.37,1,628897,628457,440
51098481,12.544,12.192,440,34184,0.549024,0.41,1,628899,628459,440
51101401,100.109,98.4384,442,34246,0.629805,0.41,1,629021,628579,442
51104321,39.2218,19.6877,466,34308,0.613961,0.47,1,629045,628579,466
51107241,37.4444,23.1375,479,34370,0.642792,0.49,1,629082,628603,479
51110161,41.8889,33.4275,486,34432,0.680558,0.45,1,629125,628639,486
51113081,36.3778,41.0855,478,34493,0.720112,0.51,1,629160,628682,478
51116001,40.0756,35.4171,485,34554,0.744022,0.45,1,629201,628716,485
51118921,24.0151,39.8834,464,34615,0.780804,0.51,2,629221,628757,464
51121841,32.003,23.9767,478,34676,0.804161,0.51,2,629255,628777,478
51124761,26.4006,31.9953,469,34737,0.792832,0.53,2,629280,628811,469
51127681,55.6801,25.5991,508,34798,0.774566,0.55,2,629343,628835,508
51130601,12.736,54.7198,448,34859,0.770913,0.55,2,629345,628897,448
51133521,104.147,12.544,573,34920,0.770183,0.65,2,629472,628899,573
51136441,40.0294,100.109,475,34981,0.770037,0.61,2,629496,629021,475
51139361,40.0059,39.2218,491,35041,0.786007,0.65,2,629536,629045,491
51142281,44.0012,37.4444,499,35101,0.837201,0.69,2,629581,629082,499
51145201,37.6002,41.8889,492,35161,0.86344,0.73,2,629617,629125,492
51148121,42.72,36.3778,501,35221,0.868688,0.75,2,629661,629160,501
51151041,24.544,40.0756,480,35281,0.869738,0.79,2,629681,629201,480
51153961,32.9088,24.0151,495,35341,0.901948,0.81,2,629716,629221,495
51156881,25.7818,32.003,485,35401,0.924389,0.79,2,629740,629255,485
51159801,54.7564,26.4006,522,35461,0.928878,0.77,2,629802,629280,522
51162721,12.5513,55.6801,461,35521,0.929776,0.77,2,629804,629343,461
51311641,27,27,514,38438,0.79,1,2,631905,631391,514
51314561,27,27,514,38493,0.71,1,1,631932,631418,514
51317481,23,31.8,503,38548,0.742,0.92,1,631954,631451,503
51320401,32.6,24.76,515,38603,0.6684,1,1,631989,631474,515
51323321,31.32,30.552,514,38658,0.63768,1,1,632020,631506,514
51326241,29.464,37.3104,504,38713,0.551536,0.99,1,632049,631545,504
51329161,15.4928,37.0621,479,38768,0.598307,1,1,632061,631582,479
51332081,27.8986,33.8124,477,38822,0.543661,1,1,632092,631615,477
51335001,43.9797,35.5625,489,38876,0.484732,1,1,632140,631651,489
51337921,30.3959,34.3125,482,38930,0.408946,1,1,632167,631685,482
51340841,38.0792,37.2625,484,38984,0.329789,0.83,1,632207,631723,484
51343761,91.6158,101.853,471,39038,0.297958,0.89,1,632312,631841,471
51346681,43.1232,49.9705,465,39092,0.307592,0.79,1,632343,631878,465
51349601,26.2246,31.5941,460,39146,0.341518,0.69,1,632365,631905,460
51352521,26.8449,27.9188,460,39200,0.300304,0.75,1,632392,631932,460
51355441,22.169,23.1838,459,39254,0.292061,0.65,1,632413,631954,459
51358361,27.6338,32.6368,453,39308,0.338412,0.63,1,632442,631989,453
51361281,31.1268,31.3274,454,39362,0.315682,0.53,1,632474,632020,454
51364201,26.2254,29.4655,450,39416,0.327136,0.61,1,632499,632049,450
51367121,15.6451,15.4931,451,39470,0.377427,0.53,1,632512,632061,451
51370041,27.129,27.8986,450,39524,0.355485,0.47,1,632542,632092,450
51372961,40.6258,43.9797,446,39577,0.383097,0.39,1,632586,632140,446
51375881,27.3252,30.3959,443,39630,0.388619,0.31,1,632610,632167,443
51378801,34.265,38.0792,439,39683,0.389724,0.29,1,632646,632207,439
51381721,88.453,91.6158,436,39736,0.405945,0.31,1,632748,632312,436
51384641,43.2906,43.1232,437,39789,0.441189,0.35,1,632780,632343,437
51387561,26.2581,26.2246,437,39842,0.432238,0.29,1,632802,632365,437
51390481,26.0516,26.8449,436,39895,0.462448,0.29,1,632828,632392,436
51393401,22.0103,22.169,436,39948,0.452489,0.35,1,632849,632413,436
51396321,28.4021,27.6338,437,40001,0.450498,0.31,1,632879,632442,437
51399241,31.2804,31.1268,437,40054,0.4501,0.33,1,632911,632474,437
51402161,27.8561,26.2254,439,40107,0.46602,0.33,1,632938,632499,439
51405081,15.1712,5.24507,451,40160,0.437204,0.39,1,632950,632499,451
51408001,27.0342,11.449,468,40213,0.463441,0.35,1,632980,632512,468
51410921,40.6068,26.2898,482,40266,0.516688,0.39,1,633024,632542,482
51413841,28.9214,40.458,464,40318,0.543338,0.39,1,633050,632586,464
51416761,32.9843,27.2916,474,40370,0.564668,0.39,1,633084,632610,474
51419681,90.5969,34.2583,543,40422,0.664933,0.41,1,633189,632646,543
51422601,44.5194,88.4517,474,40474,0.716987,0.45,1,633222,632748,474
51425521,26.5039,43.2903,464,40526,0.695397,0.43,1,633244,632780,464
51428441,26.1008,26.2581,468,40578,0.691079,0.47,1,633270,632802,468
51431361,21.2202,26.0516,462,40630,0.690216,0.45,1,633290,632828,462
51434281,28.244,22.0103,471,40682,0.690043,0.45,1,633320,632849,471
51437201,31.2488,28.4021,473,40734,0.706009,0.45,1,633352,632879,473
51440121,28.6498,31.2804,469,40786,0.709202,0.47,1,633380,632911,469
51443041,16.13,27.8561,455,40838,0.69384,0.43,1,633393,632938,455
51445961,28.026,15.1712,474,40890,0.722768,0.47,1,633424,632950,474
51448881,43.2052,27.0342,491,40942,0.744554,0.53,1,633471,632980,491
51451801,30.241,40.6068,474,40994,0.796911,0.55,2,633498,633024,474
51454721,34.0482,28.9214,483,41045,0.807382,0.57,2,633533,633050,483
51457641,95.6096,32.9843,560,41096,0.825476,0.69,2,633644,633084,560
51460561,45.5219,90.5969,488,41147,0.877095,0.73,2,633677,633189,488
51463481,26.7044,44.5194,477,41198,0.887419,0.69,2,633699,633222,477
51466401,26.1409,26.5039,481,41249,0.905484,0.69,2,633725,633244,481
51469321,21.2282,26.1008,475,41300,0.909097,0.69,2,633745,633270,475
51472241,28.2456,21.2202,485,41351,0.925819,0.69,2,633775,633290,485
51475161,32.0491,28.244,488,41402,0.945164,0.71,2,633808,633320,488
51478081,28.8098,31.2488,484,41453,0.965033,0.71,2,633836,633352,484
51659121,33,19,545,44501,0.79,1,2,635931,635386,545
51662041,22.6,26.2,537,44548,0.838,1,2,635951,635414,537
51664961,44.52,93.24,477,44595,0.6396,1,1,636001,635524,477
51667881,40.904,46.648,482,44642,0.56792,1,1,636041,635559,482
51670801,44.9808,39.7296,490,44689,0.585584,1,1,636087,635597,490
51673721,35.3962,35.9459,488,44736,0.653117,1,1,636120,635632,488
51676641,36.6792,37.5892,487,44783,0.650623,1,1,636157,635670,487
51679561,32.1358,35.5178,483,44830,0.682125,0.94,1,636188,635705,483
51682481,24.8272,27.1036,481,44877,0.736425,1,1,636211,635730,481
51685401,21.7654,22.2207,481,44924,0.731285,1,1,636232,635751,481
51688321,21.1531,26.0441,475,44971,0.746257,0.98,1,636253,635778,475
51691241,30.6306,31.6088,475,45018,0.717251,0.99,1,636286,635811,475
51694161,18.1261,22.3218,470,45065,0.74345,0.91,1,636301,635831,470
51697081,23.6252,28.4644,465,45112,0.78069,0.83,2,636326,635861,465
51700001,34.325,35.2929,465,45159,0.724138,0.79,1,636363,635898,465
51702921,30.065,33.4586,461,45206,0.744828,0.85,1,636392,635931,461
51705841,22.013,22.6917,461,45253,0.700966,0.59,1,636412,635951,461
51708761,38.0026,44.5383,453,45300,0.724193,0.55,1,636454,636001,453
51711681,38.8005,40.9077,452,45347,0.744839,0.59,1,636493,636041,452
51714601,47.7601,44.9815,456,45394,0.748968,0.67,1,636543,636087,456
51717521,33.552,35.3963,453,45440,0.749794,0.65,1,636573,636120,453
51720441,37.1104,36.6793,454,45486,0.813959,0.69,2,636611,636157,454
51723361,33.8221,32.1359,456,45532,0.778792,0.75,2,636644,636188,456
51726281,25.1644,24.8272,456,45578,0.771758,0.73,2,636667,636211,456
51729201,21.8329,21.7654,456,45624,0.786352,0.75,2,636688,636232,456
51732121,20.3666,21.1531,455,45670,0.78927,0.71,2,636708,636253,455
51735041,31.2733,30.6306,456,45716,0.789854,0.75,2,636742,636286,456
51737961,20.6547,18.1261,459,45762,0.789971,0.79,2,636760,636301,459
51740881,24.1309,23.6252,459,45808,0.805994,0.71,2,636785,636326,459
51743801,31.2262,34.325,455,45854,0.761199,0.75,2,636818,636363,455
51746721,31.0452,30.065,457,45900,0.81624,0.69,2,636849,636392,457
51749641,19.809,22.013,454,45946,0.827248,0.69,2,636866,636412,454
51752561,39.9618,4.4026,499,45992,0.84545,0.73,2,636911,636412,499
51755481,38.3924,34.4805,495,46038,0.84909,0.75,2,636949,636454,495
51758401,48.4785,38.0961,507,46084,0.865818,0.75,2,637000,636493,507
51761321,34.4957,47.6192,488,46130,0.885164,0.75,2,637031,636543,488
51764241,38.8991,33.5238,498,46176,0.921033,0.83,2,637071,636573,498
51767161,33.3798,37.1048,492,46222,0.928207,0.77,2,637103,636611,492
51904401,40,31,491,48319,0.65,1,1,638546,638055,491
51907321,33.6,23,502,48363,0.634,1,1,638578,638076,502
51910241,20.32,22.2,497,48407,0.5988,1,1,638595,638098,497
51913161,27.264,24.44,501,48451,0.54376,1,1,638624,638123,501
51916081,24.6528,31.288,492,48494,0.500752,1,1,638648,638156,492
51919001,27.3306,25.4576,496,48537,0.44415,1,1,638676,638180,496
51921921,24.6661,27.4915,492,48580,0.44883,0.98,1,638700,638208,492
51924841,24.1332,29.4983,486,48623,0.353766,0.9,1,638724,638238,486
51927761,33.6266,31.4997,490,48666,0.334753,1,1,638760,638270,490
51930681,20.3253,30.2999,477,48709,0.234951,1,1,638777,638300,477
51933601,28.0651,34.86,471,48752,0.21499,0.98,1,638807,638336,471
51936521,34.413,35.772,471,48795,0.162998,1,1,638843,638372,471
51939441,31.6826,31.1544,472,48838,0.1526,1,1,638874,638402,472
51942361,19.9365,6.23088,489,48881,0.13452,0.97,1,638891,638402,489
51945281,26.3873,20.4462,493,48924,0.098904,0.83,1,638919,638426,493
51948201,40.4775,29.6892,505,48967,0.107781,0.85,1,638963,638458,505
51951121,34.4955,44.3378,490,49010,0.173556,0.65,1,638996,638506,490
51954041,31.6991,40.8676,481,49053,0.138711,0.63,1,639027,638546,481
51956961,18.3398,33.7735,464,49096,0.147742,0.59,1,639042,638578,464
51959881,23.668,20.3547,472,49139,0.149548,0.53,1,639067,638595,472
51962801,23.1336,27.2709,466,49182,0.16591,0.49,1,639090,638624,466
51965721,26.2267,24.6542,469,49225,0.201182,0.43,1,639117,638648,469
51968641,23.6453,27.3308,464,49268,0.192236,0.45,1,639140,638676,464
51971561,22.3291,24.6662,462,49311,0.222447,0.33,1,639162,638700,462
51974481,29.2658,24.1332,469,49354,0.212489,0.33,1,639193,638724,469
51977401,18.6532,33.6266,449,49397,0.210498,0.21,1,639209,638760,449
51980321,23.7306,20.3253,457,49440,0.2741,0.21,1,639234,638777,457
51983241,32.7461,28.0651,462,49483,0.25482,0.15,1,639269,638807,462
51986161,31.3492,34.413,457,49526,0.298964,0.15,1,639300,638843,457
51989081,19.8698,31.6826,443,49569,0.355793,0.13,1,639317,638874,443
51992001,25.574,19.9365,453,49612,0.319159,0.09,1,639344,638891,453
51994921,41.1148,26.3873,470,49654,0.359832,0.11,1,639389,638919,470
51997841,36.223,40.4775,461,49696,0.383966,0.19,1,639424,638963,461
52000761,30.4446,34.4955,457,49738,0.388793,0.13,1,639453,638996,457
52003681,18.8889,31.6991,442,49780,0.421759,0.15,1,639469,639027,442
52006601,23.7778,18.3398,452,49822,0.444352,0.15,1,639494,639042,452
52009521,25.5556,23.668,453,49864,0.44887,0.17,1,639520,639067,453
52012441,25.9111,23.1336,456,49906,0.449774,0.21,1,639546,639090,456
52015361,23.5822,26.2267,452,49948,0.481955,0.19,1,639569,639117,452
52018281,23.9164,23.6453,453,49990,0.488391,0.23,1,639593,639140,453
52021201,29.5833,22.3291,462,50032,0.489678,0.21,1,639624,639162,462
52024121,20.3167,29.2658,449,50074,0.489936,0.21,1,639642,639193,449
52027041,25.6633,18.6532,460,50116,0.537987,0.29,1,639669,639209,460
52029961,31.5327,23.7306,468,50158,0.563597,0.25,1,639702,639234,468
52032881,34.3065,32.7461,468,50200,0.584719,0.31,1,639737,639269,468
52035801,20.4613,31.3492,454,50242,0.572944,0.37,1,639754,639300,454
52038721,26.4923,19.8698,465,50284,0.570589,0.31,1,639782,639317,465
52041641,6.89845,25.574,440,50326,0.570118,0.37,1,639784,639344,440
52044561,37.3797,41.1148,440,50368,0.634024,0.39,1,639829,639389,440
52047481,37.0759,36.223,442,50410,0.630805,0.39,1,639866,639424,442
52050401,29.8152,30.4446,441,50452,0.646161,0.43,1,639894,639453,441
52053321,20.363,18.8889,443,50494,0.649232,0.45,1,639912,639469,443
52056241,24.8726,23.7778,444,50536,0.681846,0.45,1,639938,639494,444
52059161,25.7745,25.5556,444,50578,0.656369,0.45,1,639964,639520,444
52062081,25.9549,25.9111,444,50620,0.619274,0.49,1,639990,639546,444
52065001,23.591,23.5822,444,50662,0.643855,0.49,1,640013,639569,444
52067921,25.5182,23.9164,446,50704,0.648771,0.49,1,640039,639593,446
52070841,29.9036,29.5833,446,50746,0.681754,0.49,1,640070,639624,446
52073761,21.1807,20.3167,447,50788,0.720351,0.55,1,640089,639642,447
52076681,27.4361,25.6633,449,50829,0.72807,0.57,1,640118,639669,449
52079601,32.6872,31.5327,450,50870,0.745614,0.59,1,640152,639702,450
52082521,35.3374,34.3065,451,50911,0.749123,0.57,1,640188,639737,451
52085441,19.8675,20.4613,450,50952,0.749825,0.57,1,640204,639754,450
52088361,26.3735,26.4923,450,50993,0.749965,0.57,1,640232,639782,450
52091281,6.8747,6.89845,450,51034,0.781993,0.65,2,640234,639784,450
52094201,38.9749,37.3797,452,51075,0.788399,0.63,2,640281,639829,452
52097121,36.595,37.0759,451,51116,0.82168,0.65,2,640317,639866,451
52100041,31.319,29.8152,453,51157,0.812336,0.65,2,640347,639894,453
52102961,21.4638,20.363,454,51198,0.794467,0.69,2,640366,639912,454
52105881,25.0928,24.8726,454,51239,0.822893,0.65,2,640392,639938,454
52108801,24.2186,25.7745,452,51280,0.828579,0.61,2,640416,639964,452
52111721,25.6437,25.9549,452,51321,0.845716,0.65,2,640442,639990,452
52114641,25.1287,23.591,454,51362,0.833143,0.65,2,640467,640013,454
52117561,26.6257,25.5182,455,51403,0.862629,0.69,2,640494,640039,455
52120481,30.9251,29.9036,456,51444,0.900526,0.73,2,640526,640070,456
52123401,22.985,21.1807,458,51485,0.940105,0.73,2,640547,640089,458
52126321,27.797,27.4361,458,51526,0.900021,0.75,2,640576,640118,458
52129241,33.5594,32.6872,459,51567,0.876004,0.75,2,640611,640152,459
52132161,35.5119,35.3374,459,51608,0.887201,0.75,2,640647,640188,459
52135081,19.9024,19.8675,459,51649,0.92144,0.75,2,640663,640204,459
52138001,26.3805,26.3735,459,51690,0.896288,0.79,2,640691,640232,459
52140921,6.87609,6.8747,459,51731,0.923258,0.79,2,640693,640234,459
52143841,38.9752,38.9749,459,51772,0.880651,0.79,2,640740,640281,459
52146761,37.395,7.79499,496,51813,0.90413,0.83,2,640777,640281,496
52149681,32.279,30.359,491,51854,0.892826,0.81,2,640808,640317,491
52152601,20.8558,30.0718,479,51895,0.906565,0.79,2,640826,640347,479
52155521,24.9712,21.2144,486,51936,0.925313,0.83,2,640852,640366,486
52365761,208,228,446,24820,0.09,0.17,1,643206,642760,446
52389121,143.2,160,430,24820,0.122,0.17,1,643333,642903,430
52392041,39.04,43.2,429,25633,0.1284,0.13,1,643346,642917,429
52394961,51.808,35.04,451,25716,0.16168,0.05,1,643401,642950,451
52397881,72.7616,45.408,481,25798,0.152336,0.05,1,643479,642998,481
52400801,48.9523,73.0816,444,25880,0.198467,0.09,1,643522,643078,444
52403721,73.7905,58.6163,469,25962,0.271693,0.09,1,643602,643133,469
52406641,59.5581,70.1233,452,26044,0.286339,0.09,1,643658,643206,452
52409561,47.1116,47.6247,454,26125,0.353268,0.13,1,643702,643248,454
52412481,40.6223,47.1249,446,26206,0.350654,0.13,1,643741,643295,446
52415401,32.9245,39.825,439,26287,0.382131,0.13,1,643772,643333,439
52418321,52.9849,18.365,484,26368,0.420426,0.17,1,643830,643346,484
52421241,72.997,47.673,507,26448,0.428085,0.15,1,643908,643401,507
52424161,52.1994,71.9346,476,26528,0.429617,0.21,1,643955,643479,476
52427081,76.0399,48.7869,515,26608,0.445923,0.29,1,644037,643522,515
52430001,60.808,73.7574,492,26688,0.465185,0.29,1,644094,643602,492
52432921,49.7616,59.5515,483,26767,0.485037,0.37,1,644141,643658,483
52435841,40.3523,47.1103,477,26846,0.489007,0.35,1,644179,643702,477
52438761,9.67046,40.6221,440,26925,0.489801,0.39,1,644181,643741,440
52441681,28.3341,32.9244,442,27004,0.53796,0.43,1,644214,643772,442
52444601,52.8668,52.9849,443,27082,0.595592,0.43,1,644273,643830,443
52447521,72.1734,72.997,442,27160,0.623118,0.43,1,644350,643908,442
52450441,52.8347,52.1994,443,27238,0.628624,0.45,1,644398,643955,443
52453361,77.7669,76.0399,445,27316,0.693725,0.47,1,644482,644037,445
52456281,61.1534,60.808,445,27394,0.706745,0.49,1,644539,644094,445
52459201,50.6307,49.7616,446,27471,0.757349,0.49,2,644587,644141,446
52462121,41.3261,40.3523,447,27548,0.75147,0.49,2,644626,644179,447
52465041,9.86523,9.67046,447,27625,0.750294,0.55,2,644628,644181,447
52467961,29.173,28.3341,448,27702,0.734059,0.61,1,644662,644214,448
52470881,55.4346,52.8668,451,27778,0.778812,0.63,2,644724,644273,451
52473801,74.2869,72.1734,453,27854,0.771762,0.63,2,644803,644350,453
52476721,53.2574,52.8347,453,27930,0.786352,0.71,2,644851,644398,453
52479641,81.8515,77.7669,458,28006,0.805271,0.71,2,644940,644482,458
52482561,61.1703,61.1534,457,28082,0.857054,0.77,2,644996,644539,457
52485481,51.4341,50.6307,458,28157,0.835411,0.75,2,645045,644587,458
52488401,40.6868,41.3261,457,28232,0.879082,0.75,2,645083,644626,457
52491321,9.73736,9.86523,457,28307,0.887816,0.73,2,645085,644628,457
52494241,28.3475,29.173,456,28382,0.905563,0.73,2,645118,644662,456
52497161,56.8695,5.83461,520,28457,0.877113,0.79,2,645182,644662,520
52500081,75.3739,50.7669,538,28531,0.951423,0.77,2,645262,644724,538
52608121,34,44,496,31158,0.81,1,2,647100,646604,496
52611041,66.8,73.6,490,31226,0.826,1,2,647175,646685,490
52613961,42.16,33.92,502,31294,0.7652,1,2,647211,646709,502
52616881,30.832,6.784,530,31362,0.73704,1,1,647239,646709,530
52619801,56.5664,31.7568,555,31429,0.651408,1,1,647302,646747,555
52622721,74.5133,79.9514,542,31496,0.666282,1,1,647381,646839,542
52625641,43.7027,66.3903,515,31563,0.717256,1,1,647417,646902,515
52628561,40.7405,50.0781,509,31630,0.759451,1,2,647457,646948,509
52631481,43.3481,40.4156,515,31697,0.79989,0.93,2,647501,646986,515
52634401,36.6696,43.2831,506,31764,0.791978,0.88,2,647536,647030,506
52637321,32.1339,37.4566,501,31831,0.806396,0.81,2,647567,647066,501
52640241,57.6268,34.6913,531,31897,0.809279,0.83,2,647631,647100,531
52643161,38.7254,66.9383,490,31963,0.825856,0.75,2,647665,647175,490
52646081,29.3451,42.1877,481,32029,0.829171,0.73,2,647692,647211,481
52649001,60.269,30.8375,521,32095,0.861834,0.63,2,647760,647239,521
52651921,72.8538,56.5675,534,32161,0.884367,0.67,2,647836,647302,534
52774561,49,28,530,34816,0.91,1,2,649644,649114,530
52777481,44.2,58.4,507,34877,0.814,1,2,649687,649180,507
52780401,40.04,37.28,514,34938,0.7788,1,2,649726,649212,514
52783321,44.808,43.456,515,34999,0.67576,1,1,649772,649257,515
52786241,40.9616,42.2912,513,35059,0.575152,1,1,649812,649299,513
52789161,38.5923,35.6582,517,35119,0.58703,1,1,649850,649333,517
52792081,49.3185,51.9316,513,35179,0.541406,0.98,1,649902,649389,513
52795001,35.4637,39.1863,509,35239,0.420281,1,1,649934,649425,509
52797921,62.2927,32.6373,547,35299,0.396056,0.98,1,650003,649456,547
52800841,38.0585,64.1275,507,35359,0.375211,0.93,1,650035,649528,507
52803761,31.6117,40.8255,502,35419,0.371042,0.96,1,650065,649563,502
52806681,40.7223,33.7651,513,35479,0.386208,0.91,1,650108,649595,513
52809601,39.3445,45.953,503,35539,0.373242,0.79,1,650147,649644,503
52812521,38.2689,43.5906,498,35598,0.370648,0.77,1,650185,649687,498
52815441,39.6538,39.9181,499,35657,0.41813,0.65,1,650225,649726,499
52818361,9.53076,44.7836,455,35716,0.427626,0.55,1,650227,649772,455
52821281,33.9062,40.9567,455,35775,0.477525,0.59,1,650267,649812,455
52824201,34.7812,38.5913,452,35834,0.471505,0.53,1,650302,649850,452
52827121,42.9562,49.3183,445,35893,0.486301,0.39,1,650347,649902,445
52830041,34.1912,35.4637,445,35952,0.52126,0.39,1,650379,649934,445
52832961,56.4383,62.2927,438,36011,0.544252,0.37,1,650441,650003,438
52835881,39.2876,38.0585,441,36070,0.53285,0.37,1,650476,650035,441
52838801,31.0575,31.6117,440,36129,0.59457,0.39,1,650505,650065,440
52841721,42.2115,40.7223,442,36187,0.590914,0.37,1,650550,650108,442
52844641,39.6423,39.3445,442,36245,0.622183,0.37,1,650589,650147,442
52847561,36.7285,38.2689,440,36303,0.644437,0.43,1,650625,650185,440
52850481,43.3457,39.6538,445,36361,0.600887,0.43,1,650670,650225,445
52853401,10.2691,9.53076,445,36419,0.592177,0.49,1,650672,650227,445
52856321,33.2538,33.9062,444,36477,0.622436,0.47,1,650711,650267,444
52859241,35.4508,34.7812,445,36535,0.644487,0.49,1,650747,650302,445
52862161,42.2902,42.9562,444,36593,0.616897,0.53,1,650791,650347,444
52865081,37.258,34.1912,448,36651,0.643379,0.55,1,650827,650379,448
52868001,56.2516,56.4383,447,36709,0.648676,0.53,1,650888,650441,447
52870921,39.2503,39.2876,447,36767,0.681735,0.61,1,650923,650476,447
52873841,33.4501,31.0575,450,36824,0.688347,0.59,1,650955,650505,450
52876761,42.69,42.2115,450,36881,0.705669,0.63,1,651000,650550,450
52879681,40.538,39.6423,451,36938,0.709134,0.65,1,651040,650589,451
52882601,37.7076,36.7285,452,36995,0.725827,0.59,1,651077,650625,452
52885521,42.7415,43.3457,451,37052,0.761165,0.59,2,651121,650670,451
52888441,10.1483,10.2691,451,37109,0.768233,0.63,2,651123,650672,451
52891361,33.2297,33.2538,451,37166,0.769647,0.63,2,651162,650711,451
52894281,35.4459,6.65077,487,37223,0.785929,0.65,2,651198,650711,487
52897201,40.6892,30.1302,493,37280,0.821186,0.61,2,651240,650747,493
52900121,39.3378,41.226,488,37337,0.844237,0.65,2,651279,650791,488
52903041,57.4676,37.0452,514,37394,0.880847,0.65,2,651341,650827,514
52905961,41.0935,56.209,490,37451,0.93617,0.69,2,651378,650888,490
52908881,33.8187,39.2418,487,37507,0.947234,0.69,2,651410,650923,487
53110361,34,36,516,41210,0.71,1,1,654005,653489,516
53113281,31.6,37.6,509,41261,0.694,1,1,654036,653527,509
53116201,34.32,31.52,514,41312,0.5948,1,1,654071,653557,514
53119121,32.464,34.304,511,41363,0.55896,1,1,654103,653592,511
53122041,26.4928,35.6608,500,41414,0.599792,1,1,654128,653628,500
53124961,31.6986,34.3322,499,41465,0.543958,1,1,654161,653662,499
53127881,35.9397,29.2664,508,41516,0.500792,1,1,654198,653690,508
53130801,22.3879,36.2533,489,41567,0.492158,1,1,654217,653728,489
53133721,23.6776,37.6507,475,41618,0.490432,0.96,1,654241,653766,475
53136641,28.7355,35.5301,470,41669,0.506086,1,1,654271,653801,470
53139561,30.5471,33.506,468,41720,0.557217,0.96,1,654302,653834,468
53142481,38.1094,41.9012,464,41771,0.535443,0.89,1,654342,653878,464
53145401,32.4219,37.1802,459,41822,0.531089,0.77,1,654373,653914,459
53148321,50.4844,53.0361,457,41872,0.546218,0.71,1,654428,653971,457
53151241,34.0969,37.8072,453,41922,0.549244,0.69,1,654458,654005,453
53154161,30.0194,32.3614,451,41972,0.581849,0.57,1,654487,654036,451
53157081,33.2039,34.4723,450,42022,0.57237,0.55,1,654521,654071,450
53160001,29.0408,32.4945,446,42072,0.586474,0.61,1,654549,654103,446
53162921,29.0082,26.4989,450,42122,0.621295,0.53,1,654578,654128,450
53165841,32.2016,31.6998,450,42172,0.708259,0.49,1,654611,654161,450
53168761,35.2403,35.94,449,42222,0.661652,0.49,1,654647,654198,449
53171681,22.2481,22.388,449,42272,0.68433,0.49,1,654666,654217,449
53174601,19.6496,23.6776,444,42322,0.736866,0.51,1,654685,654241,444
53177521,29.5299,28.7355,446,42372,0.699373,0.57,1,654717,654271,446
53180441,32.306,30.5471,448,42422,0.723875,0.53,1,654750,654302,448
53183361,37.6612,38.1094,447,42472,0.680775,0.53,1,654789,654342,447
53186281,32.3322,32.4219,447,42522,0.688155,0.55,1,654820,654373,447
53189201,50.4664,50.4844,447,42572,0.721631,0.55,1,654875,654428,447
53192121,34.0933,34.0969,447,42622,0.744326,0.59,1,654905,654458,447
53195041,32.4187,30.0194,450,42672,0.748865,0.57,1,654937,654487,450
53197961,33.6837,33.2039,450,42721,0.749773,0.59,1,654971,654521,450
53200881,29.9367,29.0408,451,42770,0.733955,0.63,1,655000,654549,451
53203801,32.3873,29.0082,455,42819,0.714791,0.73,1,655033,654578,455
53206721,33.6775,32.2016,456,42868,0.710958,0.65,1,655067,654611,456
53209641,33.9355,35.2403,454,42917,0.726192,0.69,1,655101,654647,454
53212561,23.5871,22.2481,456,42966,0.777238,0.75,2,655122,654666,456
53215481,19.1174,19.6496,455,43015,0.787448,0.75,2,655140,654685,455
53218401,27.8235,3.92992,485,43064,0.80549,0.69,2,655170,654685,485
53221321,33.5647,26.386,488,43113,0.841098,0.73,2,655205,654717,488
53224241,37.1129,31.6772,493,43162,0.86422,0.67,2,655243,654750,493
53227161,31.4226,37.5354,484,43211,0.868844,0.69,2,655273,654789,484
53230081,52.6845,32.3071,511,43260,0.853769,0.73,2,655331,654820,511
53233001,34.5369,50.4614,486,43309,0.914754,0.75,2,655361,654875,486
53235921,32.5074,34.0923,488,43358,0.926951,0.75,2,655393,654905,488
53238841,33.7015,32.4185,490,43407,0.92939,0.75,2,655427,654937,490
53390681,33,33,514,45863,0.81,1,2,657137,656623,514
53393601,28.2,34.6,506,45909,0.81,1,2,657164,656658,506
53396521,25.64,6.92,531,45955,0.746,1,1,657189,656658,531
53444701,399.528,462.184,448,20440,0.1732,0.31,1,657682,657234,448
53447621,153.506,152.437,465,21270,0.07464,0.17,1,657774,657309,465
53450541,74.7011,85.6874,451,21370,0.118928,0.07,1,657829,657378,451
53453461,70.1402,72.3375,451,21469,0.0477856,0.03,1,657898,657447,451
53456381,88.428,86.4675,454,21568,0.0495571,0.05,1,657991,657537,454
53459301,78.4856,66.0935,469,21666,0.0339114,0.03,1,658067,657598,469
53462221,22.8971,51.6187,430,21764,0.0787823,0.03,1,658076,657646,430
53465141,27.7794,27.1237,438,21861,0.135756,0.05,1,658105,657667,438
53468061,81.5559,91.0247,426,21958,0.0991513,0.13,1,658200,657774,426
53470981,61.9112,62.2049,428,22055,0.12383,0.03,1,658257,657829,428
53473901,63.5822,67.641,423,22151,0.128766,0.05,1,658321,657898,423
53476821,87.1164,87.9282,423,22247,0.0657532,0.03,1,658414,657991,423
53479741,79.8233,78.3856,425,22342,0.0691506,0.09,1,658492,658067,425
53482661,25.5647,22.8771,428,22437,0.10183,0.15,1,658504,658076,428
53485581,27.5129,27.7754,427,22532,0.108366,0.15,1,658532,658105,427
53488501,79.9026,5.55508,520,22626,0.0776732,0.09,1,658625,658105,520
53491421,61.5805,77.111,482,22720,0.0715346,0.13,1,658682,658200,482
53494341,63.5161,61.0222,489,22813,0.118307,0.13,1,658746,658257,489
53497261,83.9032,63.4044,514,22906,0.127661,0.05,1,658835,658321,514
53500181,81.5806,87.0809,502,22999,0.145532,0.07,1,658916,658414,502
53503101,25.9161,79.8162,436,23091,0.149106,0.11,1,658928,658492,436
53506021,27.5832,25.5632,452,23183,0.181821,0.11,1,658956,658504,452
53508941,79.9166,27.5126,517,23274,0.252364,0.07,1,659049,658532,517
53511861,61.5833,79.9025,481,23365,0.282473,0.07,1,659106,658625,481
53514781,65.9167,61.5805,491,23456,0.320495,0.13,1,659173,658682,491
53517701,84.3833,63.5161,516,23546,0.360099,0.13,1,659262,658746,516
53520621,82.4767,83.9032,509,23636,0.43202,0.15,1,659344,658835,509
53523541,26.0953,81.5806,440,23726,0.446404,0.15,1,659356,658916,440
53526461,29.2191,25.9161,458,23815,0.449281,0.19,1,659386,658928,458
53529381,84.2438,27.5832,528,23904,0.481856,0.27,1,659484,658956,528
53532301,18.4488,79.9166,437,23993,0.488371,0.29,1,659486,659049,437
53535221,48.4898,61.5833,436,24081,0.489674,0.33,1,659542,659106,436
53538141,64.898,65.9167,438,24169,0.521935,0.37,1,659611,659173,438
53541061,85.7796,84.3833,440,24257,0.544387,0.45,1,659702,659262,440
53543981,85.9559,82.4767,444,24344,0.564877,0.45,1,659788,659344,444
53546901,26.7912,26.0953,444,24431,0.568976,0.45,1,659800,659356,444
53549821,30.1582,29.2191,445,24518,0.601795,0.49,1,659831,659386,445
53552741,85.2317,84.2438,446,24604,0.624359,0.49,1,659930,659484,446
53555661,18.6463,18.4488,446,24690,0.644872,0.49,1,659932,659486,446
53558581,48.5293,48.4898,446,24776,0.712974,0.53,1,659988,659542,446
53561501,66.5059,64.898,448,24862,0.742595,0.55,1,660059,659611,448
53564421,87.7012,85.7796,450,24947,0.748519,0.57,1,660152,659702,450
53567341,86.3402,85.9559,450,25032,0.797704,0.57,2,660238,659788,450
53570261,27.668,26.7912,451,25117,0.823541,0.61,2,660251,659800,451
53573181,31.1336,30.1582,452,25201,0.844708,0.63,2,660283,659831,452
53576101,87.8267,85.2317,455,25285,0.848942,0.65,2,660385,659930,455
53579021,19.1653,18.6463,455,25369,0.849788,0.73,2,660387,659932,455
53581941,49.4331,48.5293,456,25453,0.881958,0.73,2,660444,659988,456
53584861,66.6866,9.70585,527,25536,0.872392,0.75,2,660515,659988,527
53587781,89.3373,58.7412,551,25619,0.902478,0.75,2,660610,660059,551
53590701,89.0675,86.1482,547,25702,0.908496,0.81,2,660699,660152,547
53593621,27.4135,86.0296,473,25784,0.909699,0.83,2,660711,660238,473
53596541,31.8827,27.6059,493,25866,0.92594,0.85,2,660744,660251,493
53692901,47,0,536,28443,0.51,1,1,662597,662061,536
53695821,39.8,58.4,501,28517,0.51,1,1,662635,662134,501
53698741,35.96,38.88,502,28591,0.398,1,1,662670,662168,502
53701661,69.592,27.776,555,28665,0.3116,0.99,1,662748,662193,555
53704581,42.7184,69.5552,511,28739,0.19832,0.89,1,662784,662273,511
53707501,35.7437,42.711,509,28813,0.159664,1,1,662818,662309,509
53710421,55.1487,41.3422,528,28886,0.119933,0.97,1,662878,662350,528
53713341,86.2298,55.4684,563,28959,0.159987,0.75,1,662972,662409,563
53716261,41.2459,94.2937,489,29032,0.167997,0.65,1,663002,662513,489
53719181,41.0492,48.4587,493,29105,0.0895995,0.51,1,663043,662550,493
53722101,35.4098,47.2917,480,29178,0.0739199,0.51,1,663077,662597,480
53725021,32.682,39.8583,474,29251,0.118784,0.37,1,663109,662635,474
53727941,62.5364,35.9717,509,29323,0.111757,0.29,1,663179,662670,509
53730861,38.1073,69.5943,463,29395,0.110351,0.17,1,663211,662748,463
53733781,38.8215,42.7189,466,29467,0.17407,0.15,1,663250,662784,466
53736701,50.1643,35.7438,485,29539,0.170814,0.11,1,663303,662818,485
53739621,87.6329,55.1488,522,29611,0.250163,0.17,1,663400,662878,522
53742541,40.7266,86.2298,457,29682,0.218033,0.17,1,663429,662972,457
53745461,38.5453,41.2459,465,29753,0.259607,0.07,1,663467,663002,465
53748381,34.1091,41.0492,457,29824,0.299921,0.07,1,663500,663043,457
53751301,8.42181,35.4098,425,29895,0.307984,0.13,1,663502,663077,425
53754221,28.0844,32.682,426,29966,0.341597,0.11,1,663535,663109,426
53757141,62.4169,62.5364,427,30037,0.380319,0.11,1,663606,663179,427
53760061,38.0834,38.1073,427,30107,0.372064,0.19,1,663638,663211,427
53762981,42.0167,38.8215,431,30177,0.370413,0.17,1,663681,663250,431
53765901,51.6033,50.1643,432,30247,0.370083,0.27,1,663735,663303,432
53768821,88.7207,87.6329,433,30317,0.418017,0.21,1,663833,663400,433
53771741,40.1441,40.7266,432,30387,0.427603,0.27,1,663861,663429,432
53774661,40.8288,38.5453,435,30457,0.445521,0.31,1,663902,663467,435
53777581,34.5658,34.1091,435,30526,0.465104,0.31,1,663935,663500,435
53780501,8.51315,8.42181,435,30595,0.469021,0.35,1,663937,663502,435
53783421,30.5026,28.0844,438,30664,0.453804,0.39,1,663973,663535,438
53786341,63.7005,62.4169,439,30733,0.450761,0.37,1,664045,663606,439
53789261,39.9401,38.0834,441,30802,0.466152,0.37,1,664079,663638,441
53792181,41.588,42.0167,440,30871,0.50123,0.37,1,664121,663681,440
53795101,52.3176,51.6033,441,30940,0.540246,0.43,1,664176,663735,441
53798021,90.4635,88.7207,443,31008,0.516049,0.43,1,664276,663833,443
53800941,40.4927,40.1441,443,31076,0.51121,0.45,1,664304,663861,443
53803861,40.8985,40.8288,443,31144,0.526242,0.47,1,664345,663902,443
53806781,34.5797,34.5658,443,31212,0.545248,0.47,1,664378,663935,443
53809701,8.51594,8.51315,443,31280,0.54905,0.47,1,664380,663937,443
53812621,30.5032,1.70263,479,31348,0.56581,0.45,1,664416,663937,479
53815541,62.1006,29.1405,513,31415,0.617162,0.45,1,664486,663973,513
53818461,42.0201,63.4281,478,31482,0.675432,0.47,1,664523,664045,478
53821381,42.004,39.8856,486,31549,0.687086,0.51,1,664565,664079,486
53824301,54.0008,41.5771,501,31616,0.721417,0.55,1,664622,664121,501
53827221,90.8002,52.3154,546,31683,0.760284,0.51,2,664722,664176,546
53830141,40.56,90.4631,474,31750,0.768057,0.51,2,664750,664276,474
53833061,41.712,40.4926,488,31817,0.801611,0.53,2,664792,664304,488
53835981,35.5424,40.8985,481,31883,0.808322,0.55,2,664826,664345,481
53838901,8.70848,34.5797,450,31949,0.809664,0.55,2,664828,664378,450
53841821,31.3417,8.51594,485,32015,0.857933,0.57,2,664865,664380,485
53844741,65.4683,30.5032,523,32081,0.867586,0.63,2,664939,664416,523
53847661,44.2937,62.1006,492,32147,0.901517,0.69,2,664978,664486,492
53850581,42.4587,42.0201,497,32213,0.908303,0.69,2,665020,664523,497
53853501,55.6917,42.004,514,32279,0.925661,0.73,2,665079,664565,514
53990741,42,36,513,35226,0.81,1,2,667151,666638,513
53993661,34.8,40,505,35286,0.73,1,1,667184,666679,505
53996581,39.76,35.2,512,35346,0.73,1,1,667225,666713,512
53999501,38.352,36.64,513,35406,0.778,1,2,667263,666750,513
54002421,30.0704,36.128,505,35466,0.7716,1,2,667291,666786,505
54005341,62.0141,41.6256,532,35526,0.85032,0.99,2,667361,666829,532
54008261,26.0028,51.5251,495,35586,0.850064,0.95,2,667378,666883,495
54011181,28.4006,25.505,505,35645,0.818013,1,2,667407,666902,505
54014101,17.6801,33.901,484,35704,0.827603,1,2,667422,666938,484
54017021,22.736,30.7802,478,35763,0.82952,0.91,2,667446,666968,478
54019941,72.5472,82.956,467,35822,0.877904,0.87,2,667531,667064,467
54022861,47.3094,52.5912,463,35881,0.919581,0.81,2,667572,667109,463
54025781,41.4619,44.1182,461,35940,0.911916,0.71,2,667612,667151,461
54028701,31.4924,35.2236,457,35999,0.878383,0.73,2,667641,667184,457
54250621,32,36,502,40217,0.91,0.98,2,670553,670051,502
54253541,35.2,32,507,40270,0.878,1,2,670589,670082,507
54256461,24.64,35.2,493,40322,0.9036,0.95,2,670611,670118,493
54482761,95,91,484,22052,0.87,1,2,674288,673804,484
54485681,80.6,74.2,491,22148,0.646,1,1,674365,673874,491
54488601,91.32,98.04,481,22244,0.4252,1,1,674459,673978,481
54491521,37.464,42.808,476,22339,0.38104,1,1,674483,674007,476
54494441,45.0928,38.9616,485,22434,0.276208,0.86,1,674530,674045,485
54497361,68.2186,76.5923,473,22529,0.287242,0.86,1,674604,674131,473
54500281,60.0437,15.3185,531,22623,0.241448,0.89,1,674662,674131,531
54503201,80.0087,52.6637,554,22717,0.28029,0.87,1,674747,674193,554
54506121,72.8017,86.5327,530,22810,0.336058,0.59,1,674818,674288,530
54509041,78.5603,78.9065,533,22903,0.379212,0.37,1,674898,674365,533
54511961,31.7121,90.9813,459,22996,0.419842,0.37,1,674918,674459,459
54514881,42.3424,37.3963,480,23088,0.379968,0.25,1,674963,674483,480
54517801,67.6685,45.0793,507,23180,0.403994,0.29,1,675037,674530,507
54520721,60.7337,68.2159,492,23271,0.408799,0.23,1,675096,674604,492
54523641,80.9467,60.0432,520,23362,0.45776,0.29,1,675182,674662,520
54526561,73.7893,80.0086,507,23453,0.515552,0.35,1,675254,674747,507
54529481,81.9579,72.8017,520,23543,0.54311,0.39,1,675338,674818,520
54532401,33.9916,78.5603,462,23633,0.548622,0.43,1,675360,674898,462
54535321,41.9983,31.7121,486,23723,0.549724,0.37,1,675404,674918,486
54538241,68.3997,42.3424,516,23812,0.581945,0.41,1,675479,674963,516
54541161,60.0799,67.6685,500,23901,0.652389,0.41,1,675537,675037,500
54544081,13.616,60.7337,443,23990,0.666478,0.47,1,675539,675096,443
54547001,73.9232,80.9467,446,24078,0.685296,0.53,1,675628,675182,446
54549921,73.9846,73.7893,448,24166,0.689059,0.55,1,675702,675254,448
54552841,82.7969,81.9579,449,24254,0.705812,0.55,1,675787,675338,449
54555761,34.1594,33.9916,449,24341,0.757162,0.55,2,675809,675360,449
54558681,42.0319,41.9983,449,24428,0.767432,0.59,2,675853,675404,449
54561601,72.4064,68.3997,454,24515,0.801486,0.67,2,675933,675479,454
54564521,61.6813,60.0799,455,24601,0.872297,0.67,2,675992,675537,455
54567441,13.9363,13.616,455,24687,0.88646,0.69,2,675994,675539,455
54570361,73.1873,73.9232,454,24773,0.857292,0.69,2,676082,675628,454
54573281,73.8375,73.9846,454,24859,0.931458,0.71,2,676156,675702,454
54693001,50,66,485,28140,0.71,1,1,678451,677966,485
54695921,95.6,98.8,485,28215,0.47,1,1,678558,678073,485
54698841,75.12,83.76,475,28290,0.31,1,1,678628,678153,475
54701761,52.624,47.952,483,28365,0.166,1,1,678675,678192,483
54704681,28.9248,9.5904,506,28440,0.1692,1,1,678698,678192,506
54707601,24.985,29.1181,496,28514,0.08984,1,1,678722,678226,496
54710521,56.997,25.0236,537,28588,0.025968,0.87,1,678787,678250,537
54713441,46.5994,57.0047,516,28662,0.0291936,0.93,1,678831,678315,516
54716361,32.5199,53.8009,492,28736,0.0138387,0.77,1,678860,678368,492
54719281,42.504,37.1602,504,28810,0.0427677,0.71,1,678905,678401,504
54722201,78.9008,47.432,542,28883,0.0325535,0.41,1,678993,678451,542
54725121,69.3802,95.0864,502,28956,0.0465107,0.27,1,679060,678558,502
54728041,48.276,75.0173,475,29029,0.0333021,0.13,1,679103,678628,475
54730961,24.8552,52.6035,447,29102,0.0786604,0.17,1,679122,678675,447
54733881,24.971,28.9207,449,29175,0.0717321,0.07,1,679147,678698,449
54736801,54.5942,24.9841,487,29248,0.0383464,0.01,1,679209,678722,487
54739721,45.3188,56.9968,465,29320,0.0796693,0.03,1,679252,678787,465
54742641,33.8638,46.5994,452,29392,0.0159339,0.01,1,679283,678831,452
54745561,41.1728,32.5199,466,29464,0.0431868,0.05,1,679326,678860,466
54748481,78.6346,42.504,509,29536,0.0326374,0.03,1,679414,678905,509
54751401,71.7269,78.9008,491,29608,0.0625275,0.05,1,679484,678993,491
54754321,48.7454,69.3802,467,29679,0.0365055,0.03,1,679527,679060,467
54757241,25.7491,48.276,444,29750,0.0633011,0.09,1,679547,679103,444
54760161,24.3498,24.8552,449,29821,0.0686602,0.07,1,679571,679122,449
54763081,6.46996,24.971,426,29892,0.069732,0.03,1,679573,679147,426
54766001,49.294,54.5942,424,29963,0.0539464,0.09,1,679633,679209,424
54768921,45.8588,45.3188,426,30034,0.0507893,0,1,679678,679252,426
54771841,30.7718,33.8638,422,30104,0.0661579,0.05,1,679705,679283,422
54774761,40.5544,41.1728,422,30174,0.0212316,0.03,1,679748,679326,422
54777681,80.1109,78.6346,424,30244,0.0282463,0.07,1,679838,679414,424
54780601,72.8222,71.7269,425,30314,0.0776493,0.03,1,679909,679484,425
54783521,48.1644,48.7454,424,30384,0.15153,0.07,1,679951,679527,424
54786441,26.4329,25.7491,425,30454,0.198306,0.07,1,679972,679547,425
54789361,24.4866,24.3498,425,30523,0.207661,0.07,1,679996,679571,425
54792281,6.49732,6.46996,425,30592,0.177532,0.05,1,679998,679573,425
54795201,46.8995,49.294,422,30661,0.235506,0.05,1,680055,679633,422
54798121,45.3799,45.8588,422,30730,0.151101,0.07,1,680100,679678,422
54801041,31.476,30.7718,423,30799,0.16622,0.01,1,680128,679705,423
54803961,39.8952,40.5544,422,30868,0.169244,0.03,1,680170,679748,422
54806881,79.979,80.1109,422,30937,0.121849,0.09,1,680260,679838,422
54809801,76.7958,72.8222,427,31005,0.11237,0.17,1,680336,679909,427
54812721,51.3592,48.1644,430,31073,0.0784739,0.21,1,680381,679951,430
54815641,27.0718,26.4329,430,31141,0.151695,0.21,1,680402,679972,430
54818561,24.6144,24.4866,430,31209,0.198339,0.17,1,680426,679996,430
54821481,6.52287,6.49732,430,31277,0.175668,0.17,1,680428,679998,430
54824401,46.1046,1.29946,486,31345,0.203134,0.25,1,680484,679998,486
54827321,43.6209,45.8599,472,31413,0.240627,0.13,1,680527,680055,472
54830241,31.1242,45.172,455,31480,0.248125,0.17,1,680555,680100,455
54833161,41.4248,31.4344,471,31547,0.249625,0.17,1,680599,680128,471
54836081,76.285,39.8869,514,31614,0.233925,0.11,1,680684,680170,514
54839001,76.057,79.9774,500,31681,0.246785,0.11,1,680760,680260,500
54841921,52.8114,76.7955,471,31748,0.297357,0.07,1,680807,680336,471
54844841,28.1623,51.3591,448,31815,0.291471,0.17,1,680829,680381,448
54847761,26.4325,27.0718,453,31881,0.322294,0.21,1,680855,680402,453
54850681,6.88649,24.6144,431,31947,0.328459,0.17,1,680857,680426,431
54853601,47.7773,6.52287,487,32013,0.345692,0.21,1,680915,680428,487
54856521,45.5555,46.1046,476,32079,0.381138,0.25,1,680960,680484,476
54859441,31.5111,43.6209,461,32145,0.436228,0.25,1,680988,680527,461
54862361,41.5022,31.1242,477,32211,0.447246,0.25,1,681032,680555,477
54865281,75.5004,41.4248,517,32277,0.481449,0.23,1,681116,680599,517
54868201,77.5001,76.285,510,32343,0.48829,0.25,1,681194,680684,510
54871121,53.1,76.057,481,32408,0.505658,0.31,1,681241,680760,481
54874041,30.62,52.8114,459,32473,0.493132,0.29,1,681266,680807,459
54876961,26.924,28.1623,463,32538,0.522626,0.33,1,681292,680829,463
54879881,6.9848,26.4325,439,32603,0.528525,0.33,1,681294,680855,439
54882801,48.597,6.88649,496,32668,0.561705,0.35,1,681353,680857,496
54885721,48.1194,47.7773,486,32733,0.584341,0.39,1,681401,680915,486
54888641,11.2239,45.5555,443,32798,0.556868,0.45,1,681403,680960,443
54891561,25.4448,31.5111,444,32862,0.551374,0.45,1,681432,680988,444
54894481,40.289,41.5022,444,32926,0.550275,0.49,1,681476,681032,444
54897401,76.8578,75.5004,446,32990,0.582055,0.49,1,681562,681116,446
54900321,76.9716,77.5001,445,33054,0.572411,0.51,1,681639,681194,445
54903241,54.5943,53.1,447,33118,0.602482,0.49,1,681688,681241,447
54906161,31.7189,30.62,448,33182,0.576496,0.53,1,681714,681266,448
54909081,27.1438,26.924,448,33246,0.587299,0.53,1,681740,681292,448
54912001,7.02875,6.9848,448,33310,0.58946,0.57,1,681742,681294,448
54914921,50.2058,48.597,450,33373,0.653892,0.59,1,681803,681353,450
54917841,48.4412,48.1194,450,33436,0.730778,0.55,1,681851,681401,450
54920761,11.2882,11.2239,450,33499,0.746156,0.55,1,681853,681403,450
54923681,24.6576,25.4448,449,33562,0.749231,0.55,1,681881,681432,449
54926601,40.1315,40.289,449,33625,0.749846,0.59,1,681925,681476,449
54929521,76.8263,76.8578,449,33688,0.845969,0.57,2,682011,681562,449
54932441,77.7653,76.9716,450,33751,0.833194,0.61,2,682089,681639,450
54935361,54.7531,54.5943,450,33814,0.862639,0.57,2,682138,681688,450
54938281,31.7506,31.7189,450,33877,0.868528,0.59,2,682164,681714,450
54941201,28.7501,27.1438,452,33939,0.901706,0.59,2,682192,681740,452
54944121,7.35002,7.02875,452,34001,0.908341,0.67,2,682194,681742,452
54947041,53.47,50.2058,456,34063,0.909668,0.75,2,682259,681803,456
55084281,34,55,478,36868,0.87,1,2,684210,683732,478
55087201,34,31.8,486,36925,0.774,1,2,684244,683758,486
55090121,39.6,31.96,495,36982,0.6908,1,1,684285,683790,495
55093041,39.92,28.792,507,37039,0.69016,1,1,684325,683818,507
55095961,31.984,33.7584,502,37096,0.770032,0.99,2,684355,683853,502
55098881,43.9968,61.9517,480,37153,0.786006,0.99,2,684402,683922,480
55101801,40.7994,12.3903,520,37210,0.757201,1,2,684442,683922,520
55104721,67.3599,50.4781,534,37267,0.71944,0.99,1,684516,683982,534
55107641,35.872,55.6956,505,37324,0.743888,1,1,684544,684039,505
55110561,35.1744,40.7391,503,37381,0.732778,1,1,684579,684076,503
55113481,31.8349,32.1478,504,37438,0.746556,0.85,1,684610,684106,504
55116401,31.167,33.6296,501,37494,0.733311,0.84,1,684641,684140,501
55119321,31.0334,35.5259,496,37550,0.762662,0.87,2,684672,684176,496
55122241,29.4067,34.3052,491,37606,0.784532,0.75,2,684701,684210,491
55125161,36.2813,34.061,495,37662,0.756907,0.67,2,684739,684244,495
55128081,41.6563,39.6122,497,37718,0.783381,0.69,2,684782,684285,497
55131001,32.3313,39.9224,487,37774,0.852676,0.79,2,684812,684325,487
55133921,46.4663,31.9845,507,37830,0.914535,0.79,2,684862,684355,507
55297441,32,26,510,40840,0.79,1,2,686975,686465,510
55300361,33.6,19.6,526,40892,0.79,1,2,687009,686483,526
55303281,25.12,19.92,529,40944,0.742,1,1,687032,686503,529
55306201,17.824,27.184,516,40996,0.7324,1,1,687048,686532,516
55309121,19.5648,34.2368,500,41047,0.73048,1,1,687068,686568,500
55312041,27.113,28.4474,502,41098,0.650096,1,1,687097,686595,502
55314961,53.4226,29.6895,532,41149,0.586019,0.99,1,687157,686625,532
55317881,39.4845,52.3379,510,41200,0.557204,1,1,687193,686683,510
55320801,35.0969,43.2676,503,41251,0.503441,0.93,1,687227,686724,503
55323721,40.6194,34.2535,513,41302,0.428688,0.96,1,687269,686756,513
55326641,56.9239,41.2507,531,41353,0.397738,0.96,1,687330,686799,531
55329561,55.3848,57.0501,525,41404,0.407548,0.86,1,687385,686860,525
55332481,27.077,58.61,486,41455,0.36151,0.81,1,687405,686919,486
55335401,27.0154,30.922,489,41506,0.368302,0.79,1,687432,686943,489
55338321,7.00308,31.7844,459,41557,0.40166,0.79,1,687434,686975,459
55341241,31.0006,33.5569,462,41608,0.408332,0.73,1,687471,687009,462
55344161,21.4001,25.1114,458,41659,0.425666,0.73,1,687490,687032,458
55347081,19.48,17.8223,461,41710,0.413133,0.73,1,687509,687048,461
55350001,17.496,19.5645,458,41761,0.426627,0.63,1,687526,687068,458
55352921,24.2992,27.1129,455,41812,0.397325,0.57,1,687552,687097,455
55355841,45.6598,53.4226,446,41862,0.407465,0.55,1,687603,687157,446
55358761,37.132,39.4845,445,41912,0.393493,0.49,1,687638,687193,445
55361681,35.4264,35.0969,446,41962,0.406699,0.41,1,687673,687227,446
55364601,39.0853,40.6194,444,42012,0.42534,0.39,1,687713,687269,444
55367521,54.2171,56.9239,441,42062,0.477068,0.41,1,687771,687330,441
55370441,54.0434,55.3848,440,42112,0.583414,0.35,1,687825,687385,440
55373361,27.6087,27.077,441,42162,0.572683,0.37,1,687846,687405,441
55376281,26.3217,27.0154,440,42212,0.570537,0.41,1,687872,687432,440
55379201,6.86435,7.00308,440,42262,0.570107,0.41,1,687874,687434,440
55382121,32.5729,31.0006,442,42312,0.634021,0.43,1,687913,687471,442
55385041,20.9146,21.4001,441,42362,0.662804,0.41,1,687931,687490,441
55387961,18.5829,19.48,440,42412,0.684561,0.43,1,687949,687509,440
55390881,18.1166,17.496,441,42462,0.656912,0.39,1,687967,687526,441
55393801,24.4233,24.2992,441,42512,0.683382,0.41,1,687993,687552,441
55396721,44.8847,45.6598,440,42562,0.656676,0.39,1,688043,687603,440
55399641,37.7769,37.132,441,42612,0.651335,0.41,1,688079,687638,441
55402561,36.3554,35.4264,442,42662,0.650267,0.43,1,688115,687673,442
55405481,40.8711,39.0853,444,42711,0.666053,0.49,1,688157,687713,444
55408401,56.1742,54.2171,446,42760,0.669211,0.61,1,688217,687771,446
55411321,57.6348,54.0434,450,42809,0.733842,0.57,1,688275,687825,450
55414241,28.327,27.6087,450,42858,0.794768,0.57,2,688296,687846,450
55417161,26.4654,26.3217,450,42907,0.822954,0.57,2,688322,687872,450
55420081,6.89308,6.86435,450,42956,0.796591,0.65,2,688324,687874,450
55423001,34.1786,32.5729,452,43005,0.807318,0.65,2,688365,687913,452
55425921,22.0357,6.51457,471,43054,0.793464,0.67,2,688384,687913,471
55428841,18.8071,15.7029,471,43103,0.838693,0.69,2,688402,687931,471
55431761,18.1614,17.5406,471,43152,0.863739,0.65,2,688420,687949,471
55434681,24.4323,17.9081,479,43201,0.868748,0.69,2,688446,687967,479
55437601,44.8865,24.3816,503,43250,0.86975,0.65,2,688496,687993,503
55440521,37.7773,44.8763,489,43299,0.86995,0.65,2,688532,688043,489
55443441,37.1555,37.7753,490,43348,0.85399,0.65,2,688569,688079,490
55446361,39.4311,36.3551,494,43397,0.850798,0.67,2,688609,688115,494
55449281,55.8862,40.871,512,43446,0.88216,0.67,2,688669,688157,512
55452201,62.3772,56.1742,516,43495,0.920432,0.75,2,688733,688217,516
55455121,30.8754,57.6348,481,43544,0.944086,0.81,2,688756,688275,481
55458041,26.9751,28.327,486,43592,0.964817,0.83,2,688782,688296,486
55691641,21,31,448,21170,0.07,0.39,1,691498,691050,448
55694561,75.4,52.6,479,21270,0.086,0.03,1,691587,691108,479
55697481,64.68,88.12,444,21370,0.1212,0,1,691649,691205,444
55700401,73.736,79.224,443,21469,0.03224,0.15,1,691725,691282,443
55703321,36.3472,35.8448,445,21568,0.046448,0.19,1,691752,691307,445
55706241,22.4694,32.769,432,21666,0.0652896,0.03,1,691771,691339,432
55709161,80.4939,57.7538,463,21764,0.0690579,0.11,1,691866,691403,463
55712081,60.8988,70.7508,445,21861,0.117812,0.09,1,691922,691477,445
55715001,83.3798,102.15,424,21958,0.207562,0.13,1,692011,691587,424
55717921,69.476,70.03,428,22055,0.209512,0.01,1,692077,691649,428
55720841,72.2952,74.806,425,22151,0.129902,0.05,1,692150,691725,425
55723761,35.259,36.5612,424,22247,0.113981,0.07,1,692176,691752,424
55726681,23.0518,22.5122,425,22342,0.126796,0.07,1,692196,691771,425
55729601,81.4104,80.5024,426,22437,0.177359,0.13,1,692292,691866,426
55732521,62.6821,60.9005,428,22532,0.219472,0.13,1,692350,691922,428
55735441,85.3364,12.1801,519,22626,0.259894,0.23,1,692441,691922,519
55738361,70.6673,73.636,497,22720,0.267979,0.21,1,692508,692011,497
55741281,66.9335,67.5272,497,22813,0.317596,0.11,1,692574,692077,497
55744201,34.1867,71.9054,450,22906,0.327519,0.11,1,692600,692150,450
55747121,25.2373,35.1811,447,22999,0.345504,0.13,1,692623,692176,447
55750041,82.6475,23.0362,524,23091,0.381101,0.19,1,692720,692196,524
55752961,66.1295,81.4072,490,23183,0.40422,0.23,1,692782,692292,490
55755881,87.6259,62.6814,525,23274,0.488844,0.27,1,692875,692350,525
55758801,71.1252,85.3363,501,23365,0.521769,0.27,1,692942,692441,501
55761721,69.425,70.6673,503,23456,0.528354,0.33,1,693011,692508,503
55764641,34.685,66.9335,463,23546,0.529671,0.33,1,693037,692574,463
55767561,26.137,34.1867,461,23636,0.529934,0.35,1,693061,692600,461
55770481,84.4274,25.2373,537,23726,0.497987,0.39,1,693160,692623,537
55773401,68.0855,82.6475,504,23815,0.507597,0.41,1,693224,692720,504
55776321,92.0171,66.1295,540,23904,0.509519,0.51,1,693322,692782,540
55779241,20.0034,87.6259,449,23993,0.509904,0.53,1,693324,692875,449
55782161,56.8007,71.1252,448,24081,0.525981,0.53,1,693390,692942,448
55785081,66.5601,69.425,448,24169,0.593196,0.53,1,693459,693011,448
55788001,34.112,34.685,448,24257,0.606639,0.53,1,693485,693037,448
55790921,26.0224,26.137,448,24344,0.577328,0.49,1,693509,693061,448
55793841,83.6045,84.4274,447,24431,0.635466,0.51,1,693607,693160,447
55796761,66.3209,68.0855,445,24518,0.679093,0.51,1,693669,693224,445
55799681,93.2642,92.0171,447,24604,0.767819,0.51,2,693769,693322,447
55802601,20.2528,20.0034,447,24690,0.753564,0.53,2,693771,693324,447
55805521,57.6506,56.8007,448,24776,0.782713,0.61,2,693838,693390,448
55808441,68.3301,66.5601,450,24862,0.852543,0.61,2,693909,693459,450
55811361,34.466,34.112,450,24947,0.882509,0.57,2,693935,693485,450
55814281,26.0932,26.0224,450,25032,0.888502,0.65,2,693959,693509,450
55817201,86.8186,83.6045,454,25117,0.9057,0.69,2,694061,693607,454
56097521,34,31,515,32213,0.93,1,2,699076,698561,515
56100441,51.6,35.8,534,32279,0.866,1,2,699132,698598,534
56103361,39.12,60.76,503,32345,0.8692,1,2,699168,698665,503
56106281,44.624,41.752,512,32410,0.85384,1,2,699214,698702,512
56109201,40.1248,33.1504,520,32475,0.834768,1,2,699253,698733,520
56112121,37.625,46.6301,507,32540,0.798954,1,2,699290,698783,507
56115041,41.125,40.526,510,32605,0.759791,0.94,2,699332,698822,510
56117961,37.025,36.9052,510,32670,0.767958,1,2,699368,698858,510
56120881,89.805,38.581,574,32735,0.753592,0.94,2,699471,698897,574
56123801,19.561,95.7162,466,32800,0.750718,0.89,2,699473,699007,466
56126721,33.5122,47.1432,468,32864,0.798144,0.93,2,699510,699042,468
56129641,33.1024,36.6286,467,32928,0.791629,0.85,2,699543,699076,467
56132561,50.6205,52.1257,466,32992,0.822326,0.87,2,699598,699132,466
56135481,36.5241,39.2251,463,33056,0.796465,0.85,2,699631,699168,463
56138401,44.9048,44.645,464,33120,0.871293,0.83,2,699678,699214,464
56141321,38.581,40.129,462,33184,0.886259,0.79,2,699715,699253,462
56144241,39.7162,37.6258,465,33248,0.905252,0.75,2,699755,699290,465
56147161,35.9432,41.1252,458,33312,0.90905,0.77,2,699790,699332,458
56150081,37.5886,37.025,460,33375,0.94181,0.75,2,699828,699368,460
56344261,118,142,500,17042,0.23,0.39,1,702790,702290,500
56347181,82,111.6,469,17167,0.246,0.41,1,702863,702394,469
56350101,87.6,83.12,482,17291,0.3452,0.23,1,702952,702470,482
56353021,28.72,65.424,435,17414,0.39704,0.25,1,702966,702531,435
56355941,116.144,18.6848,566,17536,0.407408,0.23,1,703104,702538,566
56358861,117.629,110.937,550,17657,0.441482,0.23,1,703222,702672,550
56361781,83.5258,116.587,507,17777,0.496296,0.25,1,703297,702790,507
56364701,91.9052,81.7175,528,17896,0.491259,0.37,1,703391,702863,528
56367621,29.581,87.5435,453,18015,0.490252,0.41,1,703405,702952,453
56370541,7.51621,28.7087,441,18133,0.49005,0.41,1,703407,702966,441
56373461,112.703,116.142,442,18250,0.57001,0.45,1,703546,703104,442
56376381,118.541,117.628,444,18366,0.714002,0.51,1,703666,703222,444
56379301,84.5081,83.5257,445,18482,0.7108,0.49,1,703742,703297,445
56382221,92.9016,91.9051,446,18597,0.87016,0.49,2,703837,703391,446
56385141,29.7803,29.581,446,18711,0.870032,0.49,2,703851,703405,446
56388061,7.55606,7.5162,446,18824,0.902006,0.59,2,703853,703407,446
56390981,116.711,112.703,451,18937,0.892401,0.75,2,703997,703546,451
56484421,77,103,485,22241,0.41,1,1,706374,705889,485
56487341,114.6,126.2,477,22336,0.138,1,1,706498,706021,477
56490261,58.12,54.04,485,22431,0.0356,1,1,706542,706057,485
56493181,53.224,54.808,482,22526,0.06312,1,1,706594,706112,482
56496101,74.6448,10.9616,562,22620,0.068624,0.88,1,706674,706112,562
56499021,46.929,75.7923,510,22714,0.0217248,0.75,1,706714,706204,510
56501941,36.5858,58.3585,490,22807,0.060345,0.69,1,706748,706258,490
56504861,59.3172,42.8717,516,22900,0.068069,0.41,1,706813,706297,516
56507781,96.6634,70.1743,545,22993,0.0856138,0.07,1,706919,706374,545
56510701,56.9327,113.235,468,23085,0.0251228,0.01,1,706966,706498,468
56513621,51.3865,57.847,474,23177,0.0770246,0.07,1,707016,706542,474
56516541,75.0773,53.1694,503,23268,0.0394049,0.07,1,707097,706594,503
56519461,45.4155,74.6339,461,23359,0.031881,0.01,1,707135,706674,461
56522381,40.2831,46.9268,460,23450,0.0623762,0.07,1,707174,706714,460
56525301,58.4566,36.5854,489,23540,0.0684752,0.07,1,707237,706748,489
56528221,95.6913,59.3171,529,23630,0.101695,0.09,1,707342,706813,529
56531141,55.9383,96.6634,469,23720,0.092339,0.01,1,707388,706919,469
56534061,51.9877,56.9327,473,23809,0.122468,0.09,1,707439,706966,473
56536981,75.9975,51.3865,505,23898,0.176494,0.03,1,707521,707016,505
56539901,43.1995,75.0773,459,23987,0.203299,0.03,1,707556,707097,459
56542821,10.2399,45.4155,423,24075,0.17666,0.07,1,707558,707135,423
56545741,34.848,40.2831,425,24163,0.219332,0.07,1,707599,707174,425
56548661,58.1696,58.4566,426,24251,0.243866,0.11,1,707663,707237,426
56551581,96.4339,95.6913,427,24338,0.296773,0.09,1,707769,707342,427
56554501,55.2868,55.9383,426,24425,0.291355,0.13,1,707814,707388,426
56557421,53.4574,51.9877,428,24512,0.322271,0.19,1,707867,707439,428
56560341,78.6915,75.9975,431,24598,0.360454,0.21,1,707952,707521,431
56563261,42.9383,43.1995,430,24684,0.368091,0.17,1,707986,707556,430
56566181,10.1877,10.2399,430,24770,0.337618,0.23,1,707988,707558,430
56569101,35.6375,34.848,431,24856,0.347524,0.25,1,708030,707599,431
56572021,61.5275,58.1696,435,24941,0.413505,0.31,1,708098,707663,435
56574941,98.7055,96.4339,437,25026,0.426701,0.29,1,708206,707769,437
56577861,54.9411,55.2868,436,25111,0.42934,0.33,1,708250,707814,436
56580781,54.9882,53.4574,438,25195,0.413868,0.37,1,708305,707867,438
56583701,78.9976,78.6915,438,25279,0.426774,0.37,1,708390,707952,438
56586621,42.9995,42.9383,438,25363,0.445355,0.33,1,708424,707986,438
56589541,10.1999,10.1877,438,25447,0.481071,0.33,1,708426,707988,438
56592461,36.44,2.03753,481,25530,0.440214,0.35,1,708469,707988,481
56595381,64.088,34.0075,510,25613,0.448043,0.43,1,708540,708030,510
56598301,99.2176,61.2015,550,25696,0.513609,0.43,1,708648,708098,550
56601221,55.0435,98.6403,486,25778,0.542722,0.43,1,708692,708206,486
56604141,54.2087,54.9281,496,25860,0.580544,0.41,1,708746,708250,496
56607061,79.6417,54.9856,527,25942,0.620109,0.43,1,708832,708305,527
56609981,43.9283,78.9971,477,26024,0.644022,0.45,1,708867,708390,477
56612901,10.3857,42.9994,445,26105,0.648804,0.49,1,708869,708424,445
56615821,36.4771,10.1999,486,26186,0.681761,0.43,1,708912,708426,486
56618741,64.8954,36.44,515,26267,0.688352,0.45,1,708984,708469,515
56621661,102.579,64.088,556,26348,0.76967,0.53,2,709096,708540,556
56624581,55.7158,99.2176,492,26428,0.785934,0.55,2,709140,708648,492
56627501,55.9432,55.0435,504,26508,0.789187,0.59,2,709196,708692,504
56630421,81.5886,54.2087,538,26588,0.837837,0.63,2,709284,708746,538
56633341,45.1177,79.6417,488,26668,0.879568,0.65,2,709320,708832,488
56636261,10.6235,43.9283,455,26747,0.887914,0.65,2,709322,708867,455
56639181,38.1247,10.3857,498,26826,0.905583,0.69,2,709367,708869,498
56642101,65.2249,36.4771,527,26905,0.941117,0.69,2,709439,708912,527
56747221,35,26,523,29606,0.83,1,2,711315,710792,523
56750141,39.8,50.8,507,29677,0.766,1,2,711356,710849,507
56753061,76.76,31.76,566,29748,0.4492,1,1,711442,710876,566
56755981,60.952,81.552,529,29819,0.28984,1,1,711499,710970,529
56758901,36.1904,56.3104,509,29890,0.065968,1,1,711529,711020,509
56761821,32.8381,57.6621,483,29961,0.0531936,1,1,711561,711078,483
56764741,83.3676,93.1324,477,30032,0.0826387,1,1,711657,711180,477
56767661,38.2735,42.6265,474,30102,0.0565277,0.86,1,711684,711210,474
56770581,29.2547,38.1253,464,30172,0.0353055,0.89,1,711711,711247,464
56773501,31.4509,34.0251,463,30242,0.0310611,0.83,1,711743,711280,463
56776421,31.0902,34.805,459,30312,0.0302122,0.75,1,711774,711315,459
56779341,34.218,39.761,453,30382,0.0140424,0.37,1,711809,711356,453
56782261,62.8436,76.7522,437,30452,0.0428085,0.25,1,711879,711442,437
56785181,56.5687,60.9504,435,30521,0.0485617,0.01,1,711934,711499,435
56788101,29.7137,36.1901,428,30590,0.0497123,0.05,1,711957,711529,428
56791021,26.7427,32.838,422,30659,0.0979425,0.09,1,711983,711561,422
56793941,83.7486,83.3676,424,30728,0.0435885,0.05,1,712081,711657,424
56796861,36.7497,38.2735,422,30797,0.0967177,0.03,1,712106,711684,422
56799781,28.9499,29.2547,422,30866,0.0433435,0.03,1,712133,711711,422
56802701,31.39,31.4509,422,30935,0.0166687,0.03,1,712165,711743,422
56805621,31.078,31.0902,422,31003,0.0273337,0.01,1,712196,711774,422
56808541,34.2156,34.218,422,31071,0.00546675,0.05,1,712231,711809,422
56811461,62.8431,62.8436,422,31139,0.0730934,0.05,1,712301,711879,422
56814381,57.3686,56.5687,423,31207,0.118619,0.05,1,712357,711934,423
56817301,31.4737,29.7137,425,31275,0.127724,0.11,1,712382,711957,425
56820221,27.0947,26.7427,425,31343,0.145545,0.11,1,712408,711983,425
56823141,83.0189,5.34855,522,31411,0.0531089,0.03,1,712505,711983,522
56826061,35.0038,79.4697,447,31478,0.0506218,0.11,1,712528,712081,447
56828981,27.8008,35.8939,448,31545,0.0661244,0.03,1,712554,712106,448
56831901,31.9602,28.7788,454,31612,0.0372249,0.01,1,712587,712133,454
56834821,30.392,31.3558,452,31679,0.047445,0.03,1,712617,712165,452
56837741,34.0784,31.0712,456,31746,0.00948899,0,1,712652,712196,456
56840661,65.2157,34.2142,494,31813,0.0578978,0.09,1,712725,712231,494
56843581,58.6431,62.8428,481,31880,0.0515796,0.13,1,712782,712301,481
56846501,32.5286,57.3686,451,31946,0.0823159,0.13,1,712808,712357,451
56849421,27.3057,31.4737,452,32012,0.0724632,0.15,1,712834,712382,452
56852341,79.8611,27.0947,519,32078,0.0384926,0.03,1,712927,712408,519
56855261,35.9722,83.0189,447,32144,0.0476985,0.05,1,712952,712505,447
56858181,26.3944,35.0038,448,32210,0.0655397,0.07,1,712976,712528,448
56861101,32.4789,27.8008,456,32276,0.0211079,0.03,1,713010,712554,456
56864021,29.6958,31.9602,452,32342,0.0442216,0.05,1,713039,712587,452
56866941,33.1392,30.392,456,32407,0.0168443,0,1,713073,712617,456
56869861,67.4278,34.0784,497,32472,0.0273689,0.07,1,713149,712652,497
56872781,58.2856,65.2157,480,32537,0.0774738,0.05,1,713205,712725,480
56875701,33.2571,58.6431,450,32602,0.119495,0.09,1,713232,712782,450
56878621,28.2514,32.5286,451,32667,0.0798989,0.07,1,713259,712808,451
56881541,78.4503,27.3057,516,32732,0.10398,0.03,1,713350,712834,516
56884461,17.2901,79.8611,425,32797,0.140796,0.05,1,713352,712927,425
56887381,22.658,35.9722,424,32861,0.180159,0.07,1,713376,712952,424
56890301,24.5316,26.3944,425,32925,0.140032,0.01,1,713401,712976,425
56893221,30.5063,32.4789,423,32989,0.132006,0.05,1,713433,713010,423
56896141,30.1013,29.6958,424,33053,0.146401,0.01,1,713463,713039,424
56899061,33.2203,33.1392,424,33117,0.11728,0.03,1,713497,713073,424
56901981,67.444,67.4278,424,33181,0.127456,0.09,1,713573,713149,424
56904901,59.8888,58.2856,426,33245,0.129491,0.13,1,713631,713205,426
56907821,33.5778,33.2571,426,33309,0.113898,0.07,1,713658,713232,426
56910741,29.9156,28.2514,428,33372,0.0947797,0.11,1,713687,713259,428
56913661,79.5831,78.4503,429,33435,0.122956,0.15,1,713779,713350,429
56916581,17.5166,17.2901,429,33498,0.128591,0.19,1,713781,713352,429
56919501,22.7033,22.658,429,33561,0.209718,0.13,1,713805,713376,429
56922421,23.7407,24.5316,428,33624,0.241944,0.13,1,713829,713401,428
56925341,28.7481,30.5063,426,33687,0.232389,0.15,1,713859,713433,426
56928261,30.5496,30.1013,427,33750,0.246478,0.11,1,713890,713463,427
56931181,32.5099,33.2203,426,33813,0.265296,0.13,1,713923,713497,426
56934101,67.302,67.444,426,33876,0.269059,0.13,1,713999,713573,426
56937021,59.8604,59.8888,426,33938,0.269812,0.11,1,714057,713631,426
56939941,34.3721,33.5778,427,34000,0.269962,0.09,1,714085,713658,427
56942861,29.2744,29.9156,426,34062,0.269992,0.13,1,714113,713687,426
56945781,82.6549,79.5831,430,34124,0.317998,0.13,1,714209,713779,430
56948701,18.131,17.5166,430,34186,0.3276,0.23,1,714211,713781,430
56951621,23.6262,22.7033,431,34248,0.32952,0.23,1,714236,713805,431
56954541,23.9252,4.54066,455,34310,0.329904,0.25,1,714260,713805,455
56957461,29.585,20.1081,462,34372,0.345981,0.23,1,714291,713829,462
56960381,31.517,28.0216,464,34434,0.365196,0.25,1,714323,713859,464
56963301,31.9034,30.4043,465,34495,0.385039,0.27,1,714355,713890,465
56966221,67.1807,32.4809,508,34556,0.437008,0.27,1,714431,713923,508
56969141,61.4361,67.2962,492,34617,0.463402,0.27,1,714491,713999,492
56972061,34.6872,59.8592,462,34678,0.48468,0.27,1,714519,714057,462
56974981,29.3374,34.3718,462,34739,0.488936,0.27,1,714547,714085,462
56977901,85.0675,29.2744,533,34800,0.521787,0.33,1,714646,714113,533
56980821,18.6135,82.6549,439,34861,0.528357,0.33,1,714648,714209,439
56983741,23.7227,18.131,462,34922,0.561671,0.33,1,714673,714211,462
56986661,23.9445,23.6262,461,34983,0.568334,0.33,1,714697,714236,461
56989581,31.1889,23.9252,470,35043,0.633667,0.35,1,714730,714260,470
56992501,31.8378,29.585,471,35103,0.614733,0.37,1,714762,714291,471
56995421,32.7676,31.517,472,35163,0.610947,0.39,1,714795,714323,472
56998341,70.5535,31.9034,520,35223,0.594189,0.45,1,714875,714355,520
57001261,62.1107,67.1807,504,35283,0.622838,0.47,1,714935,714431,504
57004181,35.6221,61.4361,473,35343,0.660568,0.49,1,714964,714491,473
57007101,29.5244,34.6872,473,35403,0.668114,0.49,1,714992,714519,473
57010021,87.5049,29.3374,547,35463,0.701623,0.53,1,715094,714547,547
57012941,19.101,85.0675,450,35523,0.708324,0.53,1,715096,714646,450
57015861,24.6202,18.6135,474,35583,0.677665,0.57,1,715122,714648,474
57018781,24.924,23.7227,474,35642,0.671533,0.57,1,715147,714673,474
57021701,6.58481,23.9445,452,35701,0.718307,0.65,1,715149,714697,452
57024621,27.717,31.1889,452,35760,0.759661,0.61,2,715182,714730,452
57027541,31.1434,31.8378,452,35819,0.799932,0.61,2,715214,714762,452
57030461,33.4287,32.7676,453,35878,0.791986,0.59,2,715248,714795,453
57033381,70.6857,70.5535,453,35937,0.838397,0.63,2,715328,714875,453
57036301,62.1371,62.1107,453,35996,0.895679,0.67,2,715388,714935,453
57039221,37.2274,35.6221,455,36055,0.907136,0.67,2,715419,714964,455
57042141,29.8455,29.5244,455,36114,0.877427,0.71,2,715447,714992,455
57045061,87.5691,87.5049,455,36173,0.887486,0.71,2,715549,715094,455
57047981,19.1138,19.101,455,36231,0.889497,0.67,2,715551,715096,455
57050901,24.6228,24.6202,455,36289,0.921899,0.67,2,715577,715122,455
57053821,27.3246,24.924,458,36347,0.89638,0.73,2,715605,715147,458
57056741,7.06491,6.58481,458,36405,0.891276,0.77,2,715607,715149,458
57059661,29.413,27.717,460,36463,0.874255,0.81,2,715642,715182,460
57214421,121,142,497,17761,0.11,0.75,1,717913,717416,497
57217341,81,86,496,17881,0.158,0.45,1,717984,717488,496
57220261,61.8,80.4,474,18000,0.1676,0.35,1,718041,717567,474
57223181,36.36,63.28,445,18118,0.15352,0.25,1,718071,717626,445
57226101,33.672,38.256,446,18235,0.150704,0.09,1,718104,717658,446
57229021,97.9344,114.851,426,18351,0.230141,0.11,1,718218,717792,426
57231941,117.187,119.77,427,18467,0.342028,0.17,1,718340,717913,427
57234861,81.0374,80.754,428,18582,0.364406,0.17,1,718412,717984,428
57237781,63.4075,61.7508,430,18696,0.400881,0.15,1,718471,718041,430
57240701,35.8815,36.3502,429,18810,0.360176,0.15,1,718500,718071,429
57243621,36.7763,33.67,433,18923,0.336035,0.25,1,718537,718104,433
57246541,99.3553,97.934,434,19035,0.443207,0.37,1,718652,718218,434
57249461,120.671,117.187,438,19146,0.464641,0.37,1,718778,718340,438
57252381,81.7342,81.0374,438,19257,0.452928,0.41,1,718850,718412,438
57255301,65.1468,63.4075,440,19367,0.514586,0.35,1,718911,718471,440
57258221,35.4294,35.8815,439,19477,0.526917,0.33,1,718939,718500,439
57261141,35.8859,36.7763,438,19586,0.497383,0.33,1,718975,718537,438
57264061,102.377,7.35526,557,19694,0.523477,0.47,1,719094,718537,557
57266981,121.275,93.4711,568,19802,0.560695,0.47,1,719220,718652,568
57269901,82.6551,119.494,515,19909,0.648139,0.45,1,719293,718778,515
57272821,66.931,81.4988,506,20016,0.665628,0.53,1,719356,718850,506
57275741,35.7862,65.0998,473,20122,0.669126,0.53,1,719384,718911,473
57278661,35.9572,35.42,481,20227,0.669825,0.49,1,719420,718939,481
57281581,103.991,35.884,566,20332,0.685965,0.53,1,719541,718975,566
57284501,123.998,102.377,576,20436,0.753193,0.57,2,719670,719094,576
57287421,86.3997,121.275,527,20540,0.910639,0.67,2,719747,719220,527
57290341,67.6799,82.6551,517,20643,0.926128,0.67,2,719810,719293,517
57293261,35.936,66.931,482,20746,0.929226,0.67,2,719838,719356,482
57296181,35.9872,35.7862,490,20848,0.945845,0.67,2,719874,719384,490
57389621,48,34,517,23888,0.63,1,1,722105,721588,517
57392541,48,38,526,23977,0.55,1,1,722153,721627,526
57395461,35.2,58,495,24065,0.518,1,1,722185,721690,495
57398381,39.84,45.2,494,24153,0.4796,1,1,722226,721732,494
57401301,35.968,48.24,480,24241,0.43992,1,1,722261,721781,480
57404221,87.9936,98.448,470,24328,0.463984,0.85,1,722362,721892,470
57407141,119.999,127.69,463,24415,0.484797,0.75,1,722490,722027,463
57410061,45.5997,49.5379,460,24502,0.472959,0.63,1,722517,722057,460
57412981,42.72,48.3076,454,24588,0.470592,0.53,1,722559,722105,454
57415901,38.944,48.0615,444,24674,0.470118,0.51,1,722597,722153,444
57418821,32.5888,35.2123,443,24760,0.486024,0.47,1,722628,722185,443
57421741,38.5178,39.8425,442,24846,0.553205,0.43,1,722668,722226,442
57424661,36.5036,35.9685,443,24931,0.582641,0.47,1,722704,722261,443
57427581,88.1007,87.9937,443,25016,0.588528,0.49,1,722805,722362,443
57430501,120.82,119.999,444,25101,0.653706,0.47,1,722934,722490,444
57433421,45.764,45.5997,444,25185,0.650741,0.47,1,722961,722517,444
57436341,43.5528,42.72,445,25269,0.666148,0.47,1,723004,722559,445
57439261,37.5106,38.944,443,25353,0.68523,0.49,1,723040,722597,443
57442181,35.5021,32.5888,447,25437,0.673046,0.49,1,723075,722628,447
57445101,39.1004,6.51776,487,25520,0.670609,0.57,1,723115,722628,487
57448021,37.4201,33.3036,484,25603,0.670122,0.59,1,723152,722668,484
57450941,89.884,35.4607,551,25686,0.734024,0.59,1,723255,722704,551
57453861,122.777,87.8921,581,25768,0.794805,0.67,2,723386,722805,581
57456781,45.3554,120.778,478,25850,0.806961,0.65,2,723412,722934,478
57459701,45.0711,45.7557,496,25932,0.793392,0.67,2,723457,722961,496
57462621,37.8142,43.5511,489,26014,0.822678,0.69,2,723493,723004,489
57465541,34.7628,37.5102,487,26095,0.860536,0.67,2,723527,723040,487
57468461,40.5526,35.502,494,26176,0.868107,0.67,2,723569,723075,494
57471381,37.7105,39.1004,491,26257,0.885621,0.67,2,723606,723115,491
57573581,34,43,509,28946,0.89,1,2,725512,725003,509
57576501,32.4,35.8,507,29019,0.794,1,2,725544,725037,507
57579421,48.88,27.96,534,29092,0.7268,1,1,725597,725063,534
57582341,160.176,63.992,649,29165,0.34536,0.96,1,725785,725136,649
57585261,48.0352,138.398,512,29238,0.317072,1,1,725805,725293,512
57588181,36.007,51.6797,515,29310,0.263414,1,1,725838,725323,515
57591101,38.4014,37.5359,520,29382,0.220683,1,1,725877,725357,520
57594021,34.8803,41.1072,512,29454,0.276137,0.96,1,725911,725399,512
57596941,30.9761,42.6214,499,29526,0.191227,0.93,1,725941,725442,499
57599861,30.1952,37.3243,493,29598,0.238245,0.89,1,725971,725478,493
57602781,29.239,34.6649,488,29670,0.183649,0.77,1,726000,725512,488
57605701,46.6478,32.533,507,29741,0.18873,0.71,1,726051,725544,507
57608621,143.73,48.9066,622,29812,0.173746,0.25,1,726219,725597,622
57611541,30.3459,160.181,436,29883,0.138749,0.31,1,726221,725785,436
57614461,22.8692,48.0363,437,29954,0.17975,0.25,1,726242,725805,437
57617381,30.1738,36.0073,436,30025,0.21995,0.21,1,726274,725838,436
57620301,34.8348,38.4015,433,30095,0.24399,0.29,1,726310,725877,433
57623221,33.367,34.8803,432,30165,0.280798,0.17,1,726343,725911,432
57626141,29.8734,30.9761,431,30235,0.27216,0.25,1,726372,725941,431
57629061,31.5747,30.1952,433,30305,0.270432,0.17,1,726404,725971,433
57631981,27.9149,29.239,431,30375,0.286086,0.19,1,726431,726000,431
57634901,46.383,46.6478,431,30445,0.337217,0.17,1,726482,726051,431
57637821,141.277,143.73,428,30515,0.379443,0.13,1,726647,726219,428
57640741,29.8553,30.3459,428,30584,0.419889,0.19,1,726649,726221,428
57643661,24.3711,22.8692,430,30653,0.427978,0.23,1,726672,726242,430
57646581,33.6742,30.1738,434,30722,0.493596,0.25,1,726708,726274,434
57649501,35.5348,34.8348,434,30791,0.538719,0.29,1,726744,726310,434
57652421,33.507,33.367,434,30860,0.531744,0.27,1,726777,726343,434
57655341,29.1014,29.8734,433,30929,0.546349,0.27,1,726805,726372,433
57658261,33.0203,31.5747,435,30997,0.58127,0.29,1,726839,726404,435
57661181,29.0041,27.9149,436,31065,0.572254,0.35,1,726867,726431,436
57664101,47.4008,46.383,437,31133,0.570451,0.39,1,726919,726482,437
57667021,144.68,141.277,441,31201,0.53809,0.43,1,727088,726647,441
57669941,30.536,29.8553,441,31269,0.563618,0.43,1,727090,726649,441
57672861,26.1072,24.3711,443,31337,0.520724,0.43,1,727115,726672,443
57675781,35.6214,4.87421,481,31405,0.560145,0.51,1,727153,726672,481
57678701,36.7243,29.7748,482,31472,0.632029,0.55,1,727190,726708,482
57681621,34.5449,34.755,480,31539,0.646406,0.53,1,727224,726744,480
57684541,30.109,33.351,476,31606,0.665281,0.55,1,727253,726777,476
57687461,33.2218,29.0702,482,31673,0.685056,0.59,1,727287,726805,482
57690381,28.2444,33.014,475,31740,0.673011,0.57,1,727314,726839,475
57693301,47.2489,29.0028,499,31807,0.670602,0.57,1,727366,726867,499
57696221,144.65,47.4006,616,31874,0.718121,0.53,1,727535,726919,616
57699141,30.53,144.68,449,31940,0.727624,0.57,1,727537,727088,449
57702061,26.106,30.536,472,32006,0.713525,0.51,1,727562,727090,472
57704981,37.2212,26.1072,487,32072,0.710705,0.57,1,727602,727115,487
57707901,40.2442,35.6214,490,32138,0.758141,0.65,2,727643,727153,490
57710821,35.2488,36.7243,487,32204,0.815628,0.65,2,727677,727190,487
57713741,31.8498,34.5449,484,32270,0.827126,0.67,2,727708,727224,484
57716661,33.57,30.109,489,32336,0.877425,0.69,2,727742,727253,489
57719581,27.514,33.2218,481,32401,0.887485,0.67,2,727768,727287,481
57722501,47.1028,28.2444,506,32466,0.889497,0.67,2,727820,727314,506
57725421,147.021,47.2489,626,32531,0.937899,0.73,2,727992,727366,626
57836381,24,17,524,34918,0.83,1,2,729549,729025,524
57839301,17.6,28.2,509,34979,0.83,1,2,729565,729056,509
57842221,25.92,27.24,510,35039,0.766,1,2,729593,729083,510
57845141,33.184,28.648,516,35099,0.7372,1,1,729628,729112,516
57848061,32.2368,33.7296,513,35159,0.69944,1,1,729660,729147,513
57850981,44.8474,33.9459,527,35219,0.659888,1,1,729708,729181,527
57853901,148.969,43.5892,656,35279,0.571978,1,1,729883,729227,656
57856821,48.9939,155.918,496,35339,0.586396,1,1,729907,729411,496
57859741,28.1988,51.1836,494,35399,0.557279,0.86,1,729930,729436,494
57862661,35.2398,33.4367,502,35459,0.567456,0.81,1,729967,729465,502
57865581,22.248,34.6873,486,35519,0.553491,0.87,1,729986,729500,486
57868501,24.4496,26.9375,486,35579,0.534698,0.83,1,730011,729525,486
57871421,18.4899,24.5875,479,35638,0.57894,0.83,1,730028,729549,479
57874341,18.898,17.7175,482,35697,0.571788,0.75,1,730047,729565,482
57877261,5.3796,25.9435,456,35756,0.570358,0.73,1,730049,729593,456
57880181,27.4759,33.1887,454,35815,0.554071,0.69,1,730082,729628,454
57883101,31.0952,32.2377,454,35874,0.566814,0.65,1,730114,729660,454
57886021,42.219,44.8475,451,35933,0.569363,0.55,1,730159,729708,451
57888941,148.444,148.97,451,35992,0.649873,0.59,1,730334,729883,451
57891861,47.2888,48.9939,449,36051,0.697974,0.55,1,730356,729907,449
57894781,29.4578,28.1988,451,36110,0.707595,0.57,1,730381,729930,451
57897701,33.0916,35.2398,448,36169,0.741519,0.55,1,730415,729967,448
57900621,21.0183,22.248,447,36227,0.748304,0.53,1,730433,729986,447
57903541,26.6037,24.4496,450,36285,0.717661,0.59,1,730461,730011,450
57906461,18.1207,18.4899,449,36343,0.759532,0.57,2,730477,730028,449
57909381,19.6241,18.898,450,36401,0.767906,0.57,2,730497,730047,450
57912301,5.52483,5.3796,450,36459,0.769581,0.55,2,730499,730049,450
57915221,27.505,27.4759,450,36517,0.785916,0.57,2,730532,730082,450
57918141,29.501,31.0952,448,36575,0.821183,0.57,2,730562,730114,448
57921061,41.9002,42.219,448,36633,0.812237,0.67,2,730607,730159,448
58106481,100,100,482,19146,0.55,1,1,733819,733337,482
58109401,56,50.4,489,19257,0.566,0.98,1,733864,733375,489
58112321,68,71.68,483,19367,0.3612,0.88,1,733935,733452,483
58115241,40,42.336,481,19477,0.22424,0.96,1,733968,733487,481
58118161,84,94.0672,469,19586,0.068848,0.96,1,734063,733594,469
58121081,104.8,18.8134,579,19694,0.0377696,0.73,1,734173,733594,579
58124001,98.56,103.763,551,19802,0.0315539,0.55,1,734270,733719,551
58126921,51.712,100.753,491,19909,0.0303108,0.57,1,734310,733819,491
58129841,58.3424,56.1505,506,20016,0.0620622,0.31,1,734370,733864,506
58132761,35.6685,68.0301,465,20122,0.0684124,0.19,1,734400,733935,465
58135681,75.1337,40.006,517,20227,0.0376825,0.03,1,734485,733968,517
58138601,103.027,84.0012,532,20332,0.0315365,0.03,1,734595,734063,532
58141521,99.0053,104.8,520,20436,0.0783073,0.03,1,734693,734173,520
58144441,51.0011,98.56,462,20540,0.167661,0.03,1,734732,734270,462
58147361,59.8002,51.712,484,20643,0.185532,0.07,1,734794,734310,484
58150281,35.16,58.3424,453,20746,0.173106,0.07,1,734823,734370,453
58153201,75.032,35.6685,508,20848,0.154621,0.03,1,734908,734400,508
58156121,102.206,75.1337,532,20950,0.0549243,0.03,1,735017,734485,532
58159041,101.241,103.027,523,21051,0.0509848,0.09,1,735118,734595,523
58161961,21.8483,99.0053,427,21152,0.050197,0.19,1,735120,734693,427
58164881,38.7697,51.0011,431,21252,0.146039,0.19,1,735163,734732,431
58167801,57.3539,59.8002,431,21352,0.197208,0.17,1,735225,734794,431
58170721,35.4708,35.16,432,21451,0.175442,0.15,1,735255,734823,432
58173641,72.6942,75.032,429,21550,0.203088,0.03,1,735337,734908,429
58176561,96.9388,102.206,423,21648,0.192618,0.05,1,735440,735017,423
58179481,100.988,101.241,424,21746,0.190524,0.05,1,735542,735118,424
58182401,21.7976,21.8483,424,21844,0.190105,0.17,1,735544,735120,424
58185321,41.9595,38.7697,428,21941,0.222021,0.21,1,735591,735163,428
58188241,59.5919,57.3539,430,22038,0.244404,0.17,1,735655,735225,430
58191161,36.7184,35.4708,431,22134,0.232881,0.21,1,735686,735255,431
58194081,74.5437,72.6942,433,22230,0.230576,0.19,1,735770,735337,433
58197001,94.1087,96.9388,429,22325,0.278115,0.19,1,735869,735440,429
58199921,100.422,100.988,429,22420,0.271623,0.19,1,735971,735542,429
58202841,21.6843,21.7976,429,22515,0.318325,0.19,1,735973,735544,429
58205761,43.5369,4.35951,478,22609,0.295665,0.23,1,736022,735544,478
58208681,59.9074,38.4719,495,22703,0.339133,0.25,1,736086,735591,495
58211601,35.9815,58.8944,461,22796,0.379827,0.23,1,736116,735655,461
58214521,75.9963,36.5789,516,22889,0.435965,0.23,1,736202,735686,516
58217441,95.1993,74.5158,532,22982,0.479193,0.29,1,736302,735770,532
58220361,102.24,94.1032,537,23074,0.503839,0.27,1,736406,735869,537
58223281,22.048,100.421,437,23166,0.540768,0.33,1,736408,735971,437
58226201,45.2096,21.6841,486,23258,0.532154,0.29,1,736459,735973,486
58229121,61.0419,43.5368,502,23349,0.626431,0.35,1,736524,736022,502
58232041,37.8084,59.9074,470,23440,0.709286,0.39,1,736556,736086,470
58234961,78.7617,35.9815,529,23530,0.725857,0.45,1,736645,736116,529
58237881,98.1523,75.9963,546,23620,0.681171,0.49,1,736748,736202,546
58240801,104.43,95.1993,552,23710,0.720234,0.51,1,736854,736302,552
58243721,22.4861,102.24,450,23799,0.728047,0.55,1,736856,736406,450
58246641,45.2972,22.048,499,23888,0.745609,0.53,1,736907,736408,499
58249561,65.8594,45.2096,519,23977,0.733122,0.65,1,736978,736459,519
58252481,14.7719,61.0419,456,24065,0.730624,0.73,1,736980,736524,456
58255401,30.1544,37.8084,458,24153,0.746125,0.73,1,737014,736556,458
58258321,77.2309,78.7617,458,24241,0.845225,0.67,2,737103,736645,458
58261241,97.0462,98.1523,457,24328,0.881045,0.73,2,737205,736748,457
58264161,105.009,104.43,458,24415,0.888209,0.73,2,737312,736854,458
58267081,22.6018,22.4861,458,24502,0.889642,0.75,2,737314,736856,458
58270001,45.3204,45.2972,458,24588,0.905928,0.73,2,737365,736907,458
58375121,28,33,484,27519,0.81,1,2,739378,738894,484
58378041,75.2,79.4,480,27596,0.666,1,1,739465,738985,480
58380961,44.64,42.28,484,27673,0.5572,1,1,739502,739018,484
58383881,58.528,62.856,478,27750,0.39144,0.91,1,739564,739086,478
58386801,106.906,110.971,474,27826,0.422288,1,1,739683,739209,474
58389721,43.7811,42.9942,476,27902,0.396458,1,1,739711,739235,476
58392641,33.5562,34.1988,475,27978,0.391292,0.81,1,739742,739267,475
58395561,42.7112,50.0398,466,28054,0.454258,0.8,1,739787,739321,466
58398481,28.5422,33.208,462,28129,0.450852,0.81,1,739812,739350,462
58401401,24.9085,29.0416,458,28204,0.46617,0.63,1,739836,739378,458
58404321,70.5817,75.4083,453,28279,0.469234,0.53,1,739918,739465,453
58407241,40.5163,44.6817,449,28354,0.453847,0.53,1,739951,739502,449
58410161,54.5033,8.93633,507,28429,0.434769,0.35,1,740009,739502,507
58413081,102.101,51.3873,559,28503,0.558954,0.43,1,740123,739564,559
58416001,42.8201,105.477,468,28577,0.567791,0.39,1,740151,739683,468
58418921,34.164,43.4955,472,28651,0.569558,0.39,1,740183,739711,472
58421841,42.8328,33.4991,486,28725,0.553912,0.47,1,740228,739742,486
58424761,29.3666,42.6998,467,28799,0.598782,0.45,1,740254,739787,467
58427681,24.2733,28.54,465,28873,0.591756,0.47,1,740277,739812,465
58430601,71.2547,24.908,524,28946,0.654351,0.47,1,740360,739836,524
58433521,41.4509,70.5816,476,29019,0.66687,0.45,1,740394,739918,476
58436441,54.6902,40.5163,501,29092,0.717374,0.43,1,740452,739951,501
58439361,107.738,54.5033,564,29165,0.759475,0.59,2,740573,740009,564
58442281,43.1476,102.101,477,29238,0.799895,0.57,2,740600,740123,477
58445201,35.8295,42.8201,483,29310,0.823979,0.57,2,740634,740151,483
58448121,42.3659,34.164,495,29382,0.828796,0.55,2,740678,740183,495
58451041,30.0732,42.8328,477,29454,0.813759,0.61,2,740705,740228,477
58453961,25.2146,29.3666,475,29526,0.810752,0.59,2,740729,740254,475
58456881,73.0429,24.2733,537,29598,0.81015,0.67,2,740814,740277,537
58459801,42.6086,71.2547,489,29670,0.81003,0.67,2,740849,740360,489
58462721,57.3217,41.4509,516,29741,0.874006,0.73,2,740910,740394,516
58465641,109.064,54.6902,580,29812,0.918801,0.77,2,741032,740452,580
58468561,23.4129,107.738,461,29883,0.92776,0.81,2,741034,740573,461
58605801,38,60,476,33048,0.77,1,2,743180,742704,476
58608721,46,40.8,488,33112,0.642,1,1,743228,742740,488
58611641,58.8,61.76,483,33176,0.3924,1,1,743290,742807,483
58614561,101.36,103.552,481,33240,0.08648,1,1,743402,742921,481
58617481,45.872,43.1104,485,33304,0.041296,1,1,743434,742949,485
58620401,33.9744,35.0221,483,33368,0.0322592,0.96,1,743465,742982,483
58623321,25.9949,31.0044,477,33431,0.00645184,1,1,743489,743012,477
58626241,31.599,32.6009,477,33494,0.0412904,1,1,743522,743045,477
58629161,31.1198,36.1202,471,33557,0.0162581,0.93,1,743553,743082,471
58632081,28.624,33.624,466,33620,0.0432516,0.79,1,743581,743115,466
58635001,23.3248,28.3248,461,33683,0.0806503,0.77,1,743603,743142,461
58637921,34.265,36.065,460,33746,0.0161301,0.61,1,743640,743180,460
58640841,34.853,45.613,447,33809,0.011226,0.33,1,743675,743228,447
58643761,47.7706,58.7226,436,33872,0.0422452,0.01,1,743726,743290,436
58646681,88.7541,101.345,423,33934,0.016449,0.03,1,743825,743402,423
58649601,44.1508,45.8689,424,33996,0.00328981,0.03,1,743858,743434,424
58652521,32.0302,33.9738,422,34058,0.024658,0,1,743887,743465,422
58655441,25.606,25.9948,422,34120,0.0289316,0.05,1,743911,743489,422
58658361,31.5212,31.599,422,34182,0.0137863,0.01,1,743944,743522,422
58661281,31.9042,31.1198,423,34244,0.0267573,0.01,1,743976,743553,423
58664201,27.9808,6.22396,450,34306,0.0773515,0.05,1,744003,743553,450
58667121,23.1962,23.6448,444,34368,0.0554703,0.09,1,744025,743581,444
58670041,35.0392,22.329,460,34430,0.0670941,0,1,744063,743603,460
58672961,33.4078,34.0658,456,34491,0.0854188,0.01,1,744096,743640,456
58675881,50.6816,34.8132,476,34552,0.0730838,0.05,1,744151,743675,476
58678801,86.1363,47.7626,520,34613,0.0386168,0.01,1,744246,743726,520
58681721,44.4273,88.7525,455,34674,0.00772335,0,1,744280,743825,455
58684641,32.8855,44.1505,452,34735,0.00154467,0.03,1,744310,743858,452
58687561,24.1771,32.0301,445,34796,0.0403089,0.03,1,744332,743887,445
58690481,31.2354,25.606,454,34857,0.0320618,0.01,1,744365,743911,454
58693401,32.6471,31.5212,454,34918,0.0144124,0.03,1,744398,743944,454
58696321,30.5294,31.9042,452,34979,0.0428825,0.09,1,744428,743976,452
58699241,22.1059,27.9808,445,35039,0.0805765,0.05,1,744448,744003,445
58702161,36.4212,23.1962,463,35099,0.104115,0.07,1,744488,744025,463
58705081,33.6842,35.0392,458,35159,0.124823,0.09,1,744521,744063,458
58708001,49.9368,33.4078,479,35219,0.0969646,0.07,1,744575,744096,479
58710921,84.3874,50.6816,517,35279,0.0913929,0.03,1,744668,744151,517
58713841,44.0775,86.1363,456,35339,0.0182786,0,1,744702,744246,456
58716761,32.8155,44.4273,452,35399,0.00365572,0,1,744732,744280,452
58719681,23.3631,32.8855,443,35459,0.0407311,0.05,1,744753,744310,443
58722601,31.0726,24.1771,454,35519,0.0481462,0.03,1,744786,744332,454
58725521,33.4145,31.2354,455,35579,0.0176292,0.01,1,744820,744365,455
58728441,31.4829,32.6471,453,35638,0.0275258,0.05,1,744851,744398,453
58731361,23.8966,30.5294,445,35697,0.0295052,0.09,1,744873,744428,445
58734281,6.37932,22.1059,427,35756,0.029901,0.11,1,744875,744448,427
58737201,33.2759,36.4212,427,35815,0.0939802,0.13,1,744915,744488,427
58740121,33.8552,33.6842,428,35874,0.090796,0.09,1,744949,744521,428
58743041,48.371,49.9368,426,35933,0.170159,0.09,1,745001,744575,426
58745961,82.4742,84.3874,424,35992,0.250032,0,1,745092,744668,424
58748881,42.8948,44.0775,423,36051,0.250006,0,1,745125,744702,423
58751801,31.779,32.8155,422,36110,0.250001,0.05,1,745154,744732,422
58754721,24.7558,23.3631,424,36169,0.202,0.05,1,745177,744753,424
58757641,29.7512,31.0726,422,36227,0.2084,0.01,1,745208,744786,422
58760561,33.1502,33.4145,422,36285,0.16168,0.03,1,745242,744820,422
58763481,32.23,31.4829,423,36343,0.088336,0.03,1,745274,744851,423
58766401,24.046,23.8966,423,36401,0.121667,0.03,1,745296,744873,423
58769321,6.4092,6.37932,423,36459,0.128333,0.11,1,745298,744875,423
58772241,35.6818,33.2759,426,36517,0.161667,0.09,1,745341,744915,426
58775161,35.1364,33.8552,427,36575,0.232333,0.19,1,745376,744949,427
58778081,51.0273,48.371,430,36633,0.262467,0.27,1,745431,745001,430
58781001,87.0055,82.4742,435,36691,0.332493,0.25,1,745527,745092,435
58783921,42.2011,42.8948,433,36749,0.346499,0.25,1,745558,745125,433
58786841,30.8402,31.779,432,36807,0.3493,0.19,1,745586,745154,432
58789761,23.768,24.7558,431,36864,0.34986,0.21,1,745608,745177,431
58792681,29.5536,29.7512,431,36921,0.333972,0.15,1,745639,745208,431
58795601,29.9107,33.1502,427,36978,0.298794,0.07,1,745669,745242,427
58798521,29.9821,32.23,425,37035,0.323759,0.13,1,745699,745274,425
58801441,24.3964,24.046,426,37092,0.296752,0.13,1,745722,745296,426
58804361,6.47929,6.4092,426,37149,0.29135,0.13,1,745724,745298,426
58807281,38.0959,1.28184,472,37206,0.32227,0.17,1,745770,745298,472
58810201,37.2192,34.6564,466,37263,0.312454,0.25,1,745807,745341,466
58813121,53.8438,34.9313,489,37320,0.342491,0.27,1,745865,745376,489
58816041,89.1688,50.9863,532,37377,0.412498,0.35,1,745963,745431,532
58818961,42.6338,86.9973,467,37434,0.4105,0.35,1,745994,745527,467
58821881,30.9267,42.1995,464,37490,0.4101,0.35,1,746022,745558,464
58824801,23.7853,30.8399,458,37546,0.44202,0.35,1,746044,745586,458
58827721,28.7571,23.768,466,37602,0.464404,0.33,1,746074,745608,466
58830641,29.7514,29.5536,465,37658,0.468881,0.29,1,746104,745639,465
58833561,30.7503,29.9107,466,37714,0.501776,0.33,1,746135,745669,466
58836481,23.7501,29.9821,458,37770,0.492355,0.29,1,746157,745699,458
58839401,6.35001,24.3964,437,37826,0.490471,0.29,1,746159,745722,437
58842321,39.67,6.47929,483,37882,0.506094,0.33,1,746207,745724,483
58845241,36.734,38.0959,473,37938,0.541219,0.31,1,746243,745770,473
58848161,55.3468,37.2192,496,37994,0.564244,0.35,1,746303,745807,496
58851081,92.6694,53.8438,540,38050,0.552849,0.43,1,746405,745865,540
58854001,42.5339,89.1688,472,38106,0.55057,0.41,1,746435,745963,472
58856921,31.7068,42.6338,470,38161,0.550114,0.41,1,746464,745994,470
58859841,25.5414,30.9267,466,38216,0.550023,0.45,1,746488,746022,466
58862761,29.1083,23.7853,474,38271,0.550005,0.47,1,746518,746044,474
58865681,29.8217,28.7571,474,38326,0.550001,0.47,1,746548,746074,474
58868601,31.5643,29.7514,476,38381,0.55,0.51,1,746580,746104,476
58871521,23.9129,30.7503,467,38436,0.582,0.49,1,746602,746135,467
58874441,6.38257,23.7501,447,38491,0.5884,0.49,1,746604,746157,447
58877361,40.4765,6.35001,494,38546,0.57368,0.51,1,746653,746159,494
58880281,38.4953,39.67,484,38601,0.538736,0.55,1,746691,746207,484
58883201,9.29906,36.734,450,38656,0.531747,0.57,1,746693,746243,450
58886121,49.8598,55.3468,450,38711,0.610349,0.55,1,746753,746303,450
58889041,90.772,92.6694,449,38766,0.62607,0.55,1,746854,746405,449
58891961,42.9544,42.5339,450,38820,0.677214,0.55,1,746885,746435,450
58894881,30.9909,31.7068,449,38874,0.735443,0.55,1,746913,746464,449
58897801,25.3982,25.5414,449,38928,0.731089,0.55,1,746937,746488,449
58900721,29.0796,29.1083,449,38982,0.794218,0.55,2,746967,746518,449
58903641,29.8159,29.8217,449,39036,0.790844,0.55,2,746997,746548,449
58906561,33.1632,31.5643,451,39090,0.806169,0.59,2,747031,746580,451
58909481,24.2326,23.9129,451,39144,0.841234,0.59,2,747053,746602,451
58912401,6.44653,6.38257,451,39198,0.848247,0.57,2,747055,746604,451
58915321,39.6893,40.4765,450,39252,0.881649,0.53,2,747103,746653,450
58918241,36.7379,38.4953,448,39306,0.85633,0.53,2,747139,746691,448
58921161,8.94757,9.29906,448,39360,0.883266,0.63,2,747141,746693,448
58924081,52.1895,49.8598,451,39414,0.920653,0.63,2,747204,746753,451
59119721,30,45,506,42855,0.83,1,2,749616,749110,506
59122641,69.2,97.8,474,42904,0.718,1,1,749695,749221,474
59125561,49.84,46.76,485,42953,0.7436,0.99,1,749740,749255,485
59128481,33.968,30.152,489,43002,0.65272,0.99,1,749770,749281,489
59131401,21.9936,6.0304,508,43051,0.666544,1,1,749789,749281,508
59134321,35.5987,26.8061,515,43100,0.669309,1,1,749828,749313,515
59137241,31.1197,37.3612,505,43149,0.621862,0.96,1,749858,749353,505
59140161,26.2239,30.6722,501,43198,0.628372,0.89,1,749883,749382,501
59143081,33.2448,25.3344,512,43247,0.613674,1,1,749918,749406,512
59146001,33.849,37.0669,506,43296,0.626735,1,1,749952,749446,506
59148921,21.9698,34.6134,491,43345,0.613347,1,1,749971,749480,491
59151841,16.394,22.9227,486,43394,0.626669,0.99,1,749986,749500,486
59154761,27.2788,18.1845,499,43443,0.629334,0.86,1,750016,749517,499
59157681,33.4558,31.6369,499,43492,0.677867,0.87,1,750051,749552,499
59160601,28.2912,33.5274,492,43541,0.703573,0.83,1,750078,749586,492
59163521,64.0582,30.7055,535,43589,0.676715,0.69,1,750151,749616,535
59166441,50.4116,69.3411,503,43637,0.687343,0.75,1,750198,749695,503
59169361,31.6823,49.8682,485,43685,0.737469,0.63,1,750225,749740,485
59172281,16.7365,33.9736,468,43733,0.763494,0.67,2,750238,749770,468
59175201,33.7473,21.9947,487,43781,0.816699,0.67,2,750276,749789,487
59178121,33.1495,35.5989,481,43829,0.82734,0.61,2,750309,749828,481
59181041,26.6299,31.1198,476,43877,0.813468,0.63,2,750334,749858,476
59183961,34.126,26.224,487,43925,0.810694,0.61,2,750370,749883,487
59186881,34.0252,33.2448,486,43973,0.826139,0.63,2,750404,749918,486
59189801,21.205,33.849,470,44021,0.829228,0.61,2,750422,749952,470
59192721,17.041,21.9698,467,44069,0.829846,0.63,2,750438,749971,467
59195641,27.4082,16.394,482,44117,0.829969,0.63,2,750468,749986,482
59198561,35.8816,27.2788,490,44165,0.797994,0.69,2,750506,750016,490
59201481,29.5763,33.4558,483,44213,0.791599,0.71,2,750534,750051,483
59204401,64.3153,28.2912,529,44261,0.80632,0.67,2,750607,750078,529
59207321,51.2631,64.0582,504,44309,0.809264,0.69,2,750655,750151,504
59210241,32.6526,50.4116,485,44357,0.777853,0.75,2,750683,750198,485
59213161,16.9305,31.6823,471,44405,0.803571,0.77,2,750696,750225,471
59216081,35.3861,16.7365,498,44453,0.824714,0.83,2,750736,750238,498
59219001,8.67722,33.7473,462,44500,0.828943,0.83,2,750738,750276,462
59221921,28.1354,33.1495,462,44547,0.845789,0.81,2,750771,750309,462
59224841,25.6271,26.6299,462,44594,0.865158,0.81,2,750796,750334,462
59227761,33.9254,34.126,462,44641,0.869032,0.83,2,750832,750370,462
59230681,34.7851,34.0252,463,44688,0.901806,0.83,2,750867,750404,463
59233601,21.357,21.205,463,44735,0.908361,0.83,2,750885,750422,463
59236521,17.0714,17.041,463,44782,0.909672,0.83,2,750901,750438,463
59239441,25.8143,27.4082,461,44829,0.909934,0.79,2,750929,750468,461
59424861,89,105,494,22093,0.81,0.93,2,753104,752610,494
59427781,65.8,68.2,495,22189,0.81,0.85,2,753164,752669,495
59430701,57.96,56.04,498,22285,0.858,0.79,2,753220,752722,498
59433621,60.392,71.208,484,22380,0.8676,0.73,2,753281,752797,484
59436541,35.2784,49.4416,469,22475,0.86952,0.73,2,753310,752841,469
59538741,61,0,538,25570,0.89,1,2,755539,755001,538
59541661,50.6,56.8,515,25653,0.938,1,2,755587,755072,515
59544581,70.92,46.56,547,25736,0.9476,1,2,755663,755116,547
59658461,63,96,539,28772,0.13,1,1,757816,757277,539
59661381,55,72,526,28846,0.034,1,1,757869,757343,526
59664301,51,52.8,528,28919,0.0068,1,1,757919,757391,528
59667221,47,60.16,512,28992,0.00936,1,1,757965,757453,512
59670141,37.4,39.232,513,29065,0.001872,1,1,758000,757487,513
59673061,51.48,41.4464,526,29138,0.0003744,1,1,758055,757529,526
59675981,43.096,50.6893,514,29211,0.0240749,0.98,1,758096,757582,514
59678901,31.0192,50.1379,492,29283,0.028815,0.79,1,758124,757632,492
59681821,59.8038,34.8276,528,29355,0.013763,0.39,1,758191,757663,528
59684741,51.9608,78.9655,488,29427,0.0907526,0.13,1,758241,757753,488
59687661,49.5922,66.1931,474,29499,0.0261505,0.01,1,758290,757816,474
59690581,49.9184,55.6386,471,29571,0.0132301,0,1,758340,757869,471
59693501,48.3837,51.1277,469,29643,0.026646,0.01,1,758388,757919,469
59696421,36.0767,47.0255,456,29714,0.0613292,0,1,758421,757965,456
59699341,53.6153,37.4051,479,29785,0.0522658,0,1,758479,758000,479
59702261,12.3231,51.481,426,29856,0.0504532,0.03,1,758481,758055,426
59705181,32.0646,43.0962,422,29927,0.0340906,0.03,1,758518,758096,422
59708101,30.4129,31.0192,424,29998,0.0628181,0.01,1,758548,758124,424
59711021,58.8826,59.8038,423,30069,0.100564,0.11,1,758614,758191,423
59713941,52.5765,51.9608,424,30139,0.0601127,0.01,1,758665,758241,424
59716861,48.1153,49.5922,422,30209,0.0200225,0.01,1,758712,758290,422
59719781,50.4231,49.9184,423,30279,0.0120045,0.03,1,758763,758340,423
59722701,49.2846,48.3837,424,30349,0.0024009,0.07,1,758812,758388,424
59725621,35.4569,36.0767,423,30419,0.00848018,0.05,1,758844,758421,423
59728541,55.8914,53.6153,426,30489,0.00969604,0.05,1,758905,758479,426
59731461,12.7783,12.3231,426,30558,0.0419392,0.03,1,758907,758481,426
59734381,29.7557,32.0646,423,30627,0.0483878,0.07,1,758941,758518,423
59737301,31.5511,30.4129,425,30696,0.0656776,0.11,1,758973,758548,425
59740221,60.7102,58.8826,427,30765,0.133136,0.05,1,759041,758614,427
59743141,50.542,52.5765,424,30834,0.162627,0.01,1,759089,758665,424
59746061,46.1084,48.1153,422,30903,0.120525,0.01,1,759134,758712,422
59748981,50.0217,50.4231,422,30971,0.0801051,0,1,759185,758763,422
59751901,50.0043,49.2846,423,31039,0.024021,0.01,1,759235,758812,423
59754821,34.8009,35.4569,422,31107,0.0768042,0.01,1,759266,758844,422
59757741,55.7602,55.8914,422,31175,0.0393608,0.05,1,759327,758905,422
59760661,12.752,12.7783,422,31243,0.00787217,0.05,1,759329,758907,422
59763581,29.7504,29.7557,422,31311,0.0735744,0.05,1,759363,758941,422
59766501,33.1501,5.95113,456,31379,0.0547149,0.07,1,759397,758941,456
59769421,63.43,26.7902,495,31446,0.050943,0.15,1,759468,758973,495
59772341,51.086,59.758,475,31513,0.114189,0.17,1,759516,759041,475
59775261,42.2172,50.3516,467,31580,0.190838,0.11,1,759556,759089,467
59778181,49.2434,46.0703,473,31647,0.174168,0.07,1,759607,759134,473
59781101,49.0487,50.0141,471,31714,0.0588335,0.01,1,759656,759185,471
59784021,36.2097,50.0028,454,31781,0.0357667,0.09,1,759689,759235,454
59786941,54.4419,34.8006,482,31848,0.0471533,0.03,1,759748,759266,482
59789861,12.4884,55.7601,423,31914,0.0174307,0,1,759750,759327,423
59792781,31.2977,12.752,457,31980,0.0594861,0.09,1,759786,759329,457
59795701,33.4595,29.7504,457,32046,0.0678972,0.05,1,759820,759363,457
59798621,65.0919,33.1501,496,32112,0.0535794,0.05,1,759893,759397,496
59801541,53.0184,63.43,475,32178,0.0827159,0.13,1,759943,759468,475
59804461,46.6037,51.086,472,32244,0.0725432,0.21,1,759988,759516,472
59807381,47.7207,42.2172,480,32310,0.134509,0.17,1,760036,759556,480
59810301,42.3441,49.2434,470,32375,0.130902,0.03,1,760077,759607,470
59813221,37.2688,49.0487,457,32440,0.0981804,0.03,1,760113,759656,457
59816141,53.0538,36.2097,481,32505,0.0436361,0.05,1,760170,759689,481
59819061,12.2108,54.4419,424,32570,0.0327272,0.01,1,760172,759748,424
59821981,32.8422,12.4884,460,32635,0.0465454,0.07,1,760210,759750,460
59824901,33.7684,31.2977,458,32700,0.0653091,0.07,1,760244,759786,458
59827821,64.3537,33.4595,496,32765,0.101062,0.05,1,760316,759820,496
59830741,14.4707,65.0919,425,32830,0.108212,0.09,1,760318,759893,425
59833661,43.6941,53.0184,426,32894,0.0936425,0.07,1,760369,759943,426
59836581,45.5388,46.6037,427,32958,0.0907285,0.15,1,760415,759988,427
59839501,49.1078,47.7207,429,33022,0.122146,0.13,1,760465,760036,429
59842421,41.8216,42.3441,428,33086,0.144429,0.09,1,760505,760077,428
59845341,35.5643,37.2688,426,33150,0.180886,0.03,1,760539,760113,426
59848261,50.3129,53.0538,423,33214,0.172177,0.03,1,760593,760170,423
59851181,11.6626,12.2108,423,33278,0.202435,0.05,1,760595,760172,423
59854101,34.3325,32.8422,425,33342,0.272487,0.07,1,760635,760210,425
59857021,34.0665,33.7684,425,33405,0.254497,0.11,1,760669,760244,425
59859941,66.0133,64.3537,427,33468,0.250899,0.11,1,760743,760316,427
59862861,14.8027,14.4707,427,33531,0.25018,0.09,1,760745,760318,427
59865781,42.9605,43.6941,426,33594,0.314036,0.09,1,760795,760369,426
59868701,43.7921,45.5388,424,33657,0.326807,0.13,1,760839,760415,424
59871621,51.9584,49.1078,428,33720,0.361361,0.15,1,760893,760465,428
59874541,43.1917,41.8216,429,33783,0.400272,0.19,1,760934,760505,429
59877461,35.8383,35.5643,429,33846,0.392054,0.17,1,760968,760539,429
59880381,51.9677,50.3129,431,33908,0.390411,0.21,1,761024,760593,431
59883301,11.9935,11.6626,431,33970,0.390082,0.29,1,761026,760595,431
59886221,36.7987,34.3325,434,34032,0.406016,0.25,1,761069,760635,434
59889141,34.5597,34.0665,434,34094,0.409203,0.25,1,761103,760669,434
59892061,66.1119,66.0133,434,34156,0.441841,0.25,1,761177,760743,434
59894981,14.8224,14.8027,434,34218,0.448368,0.25,1,761179,760745,434
59897901,43.7645,2.96053,485,34280,0.433674,0.33,1,761230,760745,485
59900821,43.9529,40.5921,479,34342,0.462735,0.33,1,761274,760795,479
59903741,54.3906,43.3184,492,34404,0.484547,0.37,1,761331,760839,492
59906661,44.4781,51.8637,480,34465,0.536909,0.41,1,761373,760893,480
59909581,36.8956,43.1727,474,34526,0.579382,0.39,1,761408,760934,474
59912501,52.1791,35.8345,496,34587,0.603876,0.39,1,761464,760968,496
59915421,12.0358,51.9669,442,34648,0.608775,0.39,1,761466,761024,442
59918341,36.0072,11.9934,482,34709,0.625755,0.41,1,761508,761026,482
59921261,35.2014,36.7987,474,34770,0.677151,0.41,1,761543,761069,474
59924181,67.0403,34.5597,515,34831,0.70343,0.45,1,761618,761103,515
59927101,15.0081,66.1119,443,34892,0.708686,0.45,1,761620,761177,443
59930021,44.6016,14.8224,493,34953,0.709737,0.43,1,761672,761179,493
59932941,45.7203,43.7645,488,35013,0.725947,0.47,1,761718,761230,488
59935861,56.3441,43.9529,503,35073,0.76119,0.49,2,761777,761274,503
59938781,46.4688,54.3906,490,35133,0.752238,0.55,2,761821,761331,490
59941701,38.8938,44.4781,485,35193,0.750448,0.59,2,761858,761373,485
59944621,53.3788,36.8956,507,35253,0.79809,0.61,2,761915,761408,507
59947541,12.2758,52.1791,453,35313,0.807618,0.61,2,761917,761464,453
59950461,36.8552,12.0358,494,35373,0.793524,0.63,2,761960,761466,494
59953381,36.171,36.0072,488,35433,0.822705,0.69,2,761996,761508,488
59956301,69.6342,35.2014,531,35493,0.844541,0.71,2,762074,761543,531
59959221,15.5268,67.0403,458,35553,0.848908,0.71,2,762076,761618,458
59962141,44.7054,15.0081,508,35612,0.865782,0.71,2,762128,761620,508
59965061,46.5411,44.6016,503,35671,0.869156,0.73,2,762175,761672,503
59967981,10.9082,45.7203,459,35730,0.869831,0.77,2,762177,761718,459
59970901,48.5816,56.3441,458,35789,0.869966,0.75,2,762235,761777,458
59973821,45.7163,46.4688,459,35848,0.853993,0.75,2,762280,761821,459
59976741,38.7433,38.8938,459,35907,0.898799,0.81,2,762317,761858,459
59979661,55.7487,53.3788,462,35966,0.93976,0.81,2,762377,761915,462
59982581,12.7497,12.2758,462,36025,0.947952,0.79,2,762379,761917,462
59985501,36.1499,36.8552,461,36084,0.93359,0.83,2,762421,761960,461
60116901,34,42,508,38630,0.63,1,1,764195,763687,508
60119821,34,37.2,506,38685,0.55,1,1,764229,763723,506
60122741,53.2,57.84,501,38740,0.374,1,1,764287,763786,501
60125661,41.04,33.168,512,38795,0.2268,1,1,764325,763813,512
60128581,33.008,29.8336,514,38849,0.21336,1,1,764356,763842,514
60131501,24.2016,31.5667,504,38903,0.226672,1,1,764378,763874,504
60134421,45.6403,67.1133,479,38957,0.181334,1,1,764429,763950,479
60137341,34.7281,37.4227,481,39011,0.188267,0.89,1,764461,763980,481
60140261,30.9456,30.6845,482,39065,0.141653,1,1,764491,764009,482
60143181,36.5891,44.5369,472,39119,0.164331,1,1,764529,764057,472
60146101,31.3178,34.5074,470,39173,0.120866,0.89,1,764559,764089,470
60149021,27.0636,32.5015,464,39227,0.128173,0.79,1,764585,764121,464
60151941,31.8127,38.5003,457,39281,0.161635,0.63,1,764618,764161,457
60154861,28.7625,34.9001,451,39335,0.136327,0.53,1,764646,764195,451
60157781,28.9525,34.18,446,39389,0.147265,0.33,1,764675,764229,446
60160701,44.9905,53.236,437,39443,0.165453,0.19,1,764724,764287,437
60163621,36.1981,41.0472,433,39497,0.169091,0.21,1,764758,764325,433
60166541,29.6396,33.0094,430,39550,0.169818,0.23,1,764786,764356,430
60169461,25.1279,24.2019,432,39603,0.217964,0.17,1,764810,764378,432
60172381,40.2256,45.6404,425,39656,0.211593,0.19,1,764854,764429,425
60175301,35.2451,34.7281,427,39709,0.194319,0.13,1,764888,764461,427
60178221,31.049,30.9456,427,39762,0.238864,0.17,1,764918,764491,427
60181141,37.4098,36.5891,428,39815,0.231773,0.11,1,764957,764529,428
60184061,31.482,31.3178,428,39868,0.278355,0.13,1,764987,764559,428
60186981,25.4964,27.0636,426,39921,0.287671,0.17,1,765011,764585,426
60189901,31.4993,31.8127,426,39974,0.305534,0.13,1,765044,764618,426
60192821,30.2999,28.7625,428,40027,0.293107,0.15,1,765074,764646,428
60195741,28.46,28.9525,427,40080,0.322621,0.15,1,765102,764675,427
60198661,46.492,5.7905,478,40133,0.312524,0.17,1,765153,764675,478
60201581,34.8984,40.3581,461,40186,0.342505,0.17,1,765185,764724,461
60204501,29.3797,35.2716,455,40239,0.348501,0.17,1,765213,764758,455
60207421,25.8759,29.4543,452,40291,0.3337,0.23,1,765238,764786,452
60210341,41.1752,25.0909,473,40343,0.36274,0.21,1,765283,764810,473
60213261,36.235,40.2182,464,40395,0.400548,0.19,1,765318,764854,464
60216181,32.847,35.2436,462,40447,0.44011,0.25,1,765350,764888,462
60219101,37.7694,31.0487,471,40499,0.432022,0.23,1,765389,764918,471
60222021,32.3539,37.4097,463,40551,0.446404,0.29,1,765420,764957,463
60224941,25.6708,31.4819,457,40603,0.449281,0.29,1,765444,764987,457
60227861,32.3342,25.4964,467,40655,0.465856,0.31,1,765478,765011,467
60230781,31.2668,31.4993,465,40707,0.485171,0.29,1,765509,765044,465
60233701,28.6534,30.2999,463,40759,0.489034,0.33,1,765537,765074,463
60236621,48.1307,28.46,488,40811,0.537807,0.31,1,765590,765102,488
60239541,36.0261,46.492,470,40863,0.531561,0.35,1,765623,765153,470
60242461,29.6052,34.8984,466,40915,0.546312,0.35,1,765651,765185,466
60245381,26.721,29.3797,464,40967,0.549262,0.33,1,765677,765213,464
60248301,42.1442,25.8759,485,41019,0.517852,0.37,1,765723,765238,485
60251221,37.2288,41.1752,476,41070,0.52757,0.41,1,765759,765283,476
60254141,34.6458,36.235,475,41121,0.593514,0.45,1,765793,765318,475
60257061,37.3292,32.847,481,41172,0.638703,0.43,1,765831,765350,481
60259981,33.0658,37.7694,474,41223,0.679741,0.45,1,765863,765389,474
60262901,25.8132,32.3539,467,41274,0.687948,0.45,1,765887,765420,467
60265821,33.1626,25.6708,478,41325,0.68959,0.47,1,765922,765444,478
60268741,32.2325,32.3342,476,41376,0.721918,0.49,1,765954,765478,476
60271661,29.6465,31.2668,474,41427,0.712384,0.49,1,765983,765509,474
60274581,48.3293,28.6534,499,41478,0.742477,0.55,1,766036,765537,499
60277501,36.8659,48.1307,480,41529,0.764495,0.53,2,766070,765590,480
60280421,8.97317,36.0261,449,41580,0.768899,0.55,2,766072,765623,449
60283341,24.1946,29.6052,449,41631,0.78578,0.55,2,766100,765651,449
60286261,25.6389,26.721,449,41682,0.789156,0.51,2,766126,765677,449
60289181,40.3278,42.1442,447,41733,0.789831,0.53,2,766170,765723,447
60292101,38.4656,37.2288,449,41784,0.789966,0.61,2,766208,765759,449
60295021,38.0931,34.6458,453,41835,0.789993,0.65,2,766246,765793,453
60297941,38.8186,37.3292,454,41885,0.821999,0.69,2,766285,765831,454
60300861,34.9637,33.0658,456,41935,0.8444,0.69,2,766319,765863,456
60303781,26.9927,25.8132,457,41985,0.86488,0.69,2,766344,765887,457
60306701,33.3985,33.1626,457,42035,0.884976,0.73,2,766379,765922,457
60309621,33.0797,32.2325,458,42085,0.904995,0.71,2,766412,765954,458
60312541,31.4159,29.6465,460,42135,0.924999,0.75,2,766443,765983,460
60315461,48.6832,48.3293,460,42185,0.913,0.77,2,766496,766036,460
60506721,93,84,511,20647,0.65,1,1,768789,768278,511
60509641,82.6,78.4,514,20750,0.586,1,1,768869,768355,514
60512561,85.32,93.28,503,20852,0.5412,0.94,1,768955,768452,503
60515481,81.064,70.656,518,20954,0.51624,0.91,1,769035,768517,518
60518401,37.8128,69.3312,476,21055,0.527248,0.77,1,769062,768586,476
60521321,25.1626,37.8662,468,21156,0.54545,0.65,1,769084,768616,468
60524241,61.8325,71.5732,459,21256,0.53309,0.65,1,769155,768696,459
60527161,85.1665,88.7147,457,21356,0.514618,0.57,1,769246,768789,457
60530081,74.6333,81.7429,449,21455,0.622924,0.53,1,769318,768869,449
60533001,82.9267,85.1486,448,21554,0.676585,0.51,1,769403,768955,448
60535921,80.5853,81.0297,448,21652,0.671317,0.53,1,769483,769035,448
60538841,36.9171,37.8059,447,21750,0.718263,0.55,1,769509,769062,447
60541761,24.1834,25.1612,446,21848,0.727653,0.53,1,769530,769084,446
60544681,61.6367,61.8322,446,21945,0.809531,0.51,2,769601,769155,446
60547601,87.5273,85.1664,449,22042,0.793906,0.65,2,769695,769246,449
60550521,79.1055,74.6333,454,22138,0.838781,0.69,2,769772,769318,454
60553441,83.8211,82.9267,454,22234,0.847756,0.67,2,769857,769403,454
60556361,82.3642,80.5853,456,22329,0.881551,0.73,2,769939,769483,456
60559281,38.0728,36.9171,457,22424,0.88831,0.73,2,769966,769509,457
60562201,25.2146,24.1834,458,22519,0.889662,0.73,2,769988,769530,458
60565121,63.4429,4.83668,531,22613,0.905932,0.83,2,770061,769530,531
60568041,87.8886,57.7673,554,22707,0.909186,0.79,2,770155,769601,554
60652721,56,67,482,25272,0.59,1,1,771968,771486,482
60655641,84,83,486,25356,0.334,1,1,772059,771573,486
60658561,41.6,41.4,486,25440,0.2508,1,1,772090,771604,486
60661481,45.12,8.28,532,25523,0.17016,1,1,772136,771604,532
60664401,79.424,45.656,565,25606,0.138032,1,1,772224,771659,565
60667321,88.6848,88.3312,557,25689,0.131606,0.8,1,772315,771758,557
60670241,37.737,90.4662,491,25771,0.146321,0.81,1,772340,771849,491
60673161,29.9474,42.8932,488,25853,0.133264,0.69,1,772368,771880,488
60676081,44.3895,34.1786,504,25935,0.114653,0.59,1,772416,771912,504
60679001,68.8779,51.6357,523,26017,0.142931,0.27,1,772491,771968,523
60681921,37.7756,83.1271,462,26098,0.148586,0.23,1,772521,772059,462
60684841,41.9551,41.4254,474,26179,0.165717,0.15,1,772564,772090,474
60687761,74.791,45.0851,511,26260,0.121143,0.13,1,772647,772136,511
60690681,90.9582,79.417,518,26341,0.160229,0.13,1,772742,772224,518
60693601,37.3916,88.6834,451,26421,0.168046,0.15,1,772766,772315,451
60696521,30.6783,37.7367,455,26501,0.153609,0.13,1,772795,772340,455
60699441,42.1357,29.9473,472,26581,0.230722,0.11,1,772840,772368,472
60702361,70.0271,44.3895,501,26661,0.262144,0.15,1,772917,772416,501
60705281,36.4054,68.8779,454,26740,0.268429,0.15,1,772945,772491,454
60708201,45.6811,37.7756,472,26819,0.285686,0.17,1,772993,772521,472
60711121,71.5362,41.9551,507,26898,0.369137,0.11,1,773071,772564,507
60714041,15.9072,74.791,426,26977,0.385827,0.17,1,773073,772647,426
60716961,82.3815,90.9582,430,27056,0.405165,0.17,1,773172,772742,430
60719881,35.6763,37.3916,430,27134,0.425033,0.15,1,773196,772766,430
60722801,29.5353,30.6783,429,27212,0.445007,0.25,1,773224,772795,429
60725721,45.9071,42.1357,434,27290,0.481001,0.27,1,773274,772840,434
60728641,71.5814,70.0271,435,27368,0.4882,0.27,1,773352,772917,435
60731561,36.7163,36.4054,435,27445,0.48964,0.29,1,773380,772945,435
60734481,46.5433,45.6811,436,27522,0.473928,0.39,1,773429,772993,436
60737401,75.7087,71.5362,441,27599,0.582786,0.39,1,773512,773071,441
60740321,16.7417,15.9072,441,27676,0.604557,0.41,1,773514,773073,441
60743241,83.3483,82.3815,442,27753,0.624911,0.43,1,773614,773172,442
60746161,36.6697,35.6763,443,27829,0.660982,0.45,1,773639,773196,443
60749081,30.5339,29.5353,444,27905,0.652196,0.49,1,773668,773224,444
60752001,46.1068,45.9071,444,27981,0.666439,0.49,1,773718,773274,444
60754921,73.2214,71.5814,446,28057,0.701288,0.49,1,773798,773352,446
60757841,37.0443,36.7163,446,28132,0.708257,0.47,1,773826,773380,446
60760761,45.8089,46.5433,445,28207,0.677652,0.61,1,773874,773429,445
60763681,79.5618,75.7087,450,28282,0.70353,0.61,1,773962,773512,450
60766601,17.5124,16.7417,450,28357,0.676706,0.61,1,773964,773514,450
60769521,85.9025,3.34835,553,28432,0.703341,0.63,1,774067,773514,553
60772441,36.3805,80.6697,477,28506,0.692668,0.67,1,774091,773614,477
60775361,31.2761,36.1339,482,28580,0.690534,0.65,1,774121,773639,482
60778281,47.0552,30.4268,504,28654,0.706107,0.67,1,774172,773668,504
60781201,73.411,46.0854,534,28728,0.757221,0.71,2,774252,773718,534
60784121,37.0822,73.2171,482,28802,0.783444,0.71,2,774280,773798,482
60787041,45.8164,37.0434,502,28876,0.788689,0.67,2,774328,773826,502
60789961,80.3633,45.8087,543,28949,0.853738,0.71,2,774417,773874,543
60792881,17.6727,79.5617,457,29022,0.866747,0.67,2,774419,773962,457
60795801,85.9345,17.5123,558,29095,0.901349,0.71,2,774522,773964,558
60798721,36.3869,85.9025,479,29168,0.90827,0.69,2,774546,774067,479
60801641,31.2774,36.3805,485,29241,0.941654,0.69,2,774576,774091,485
60921361,32,36,515,32075,0.75,1,2,776554,776039,515
60924281,45.6,32,533,32141,0.67,1,1,776603,776070,533
60927201,54.72,61.6,521,32207,0.542,1,1,776660,776139,521
60930121,43.744,41.12,526,32273,0.4044,1,1,776701,776175,526
60933041,87.9488,48.224,575,32339,0.23288,0.92,1,776800,776225,575
60935961,43.1898,88.8448,508,32404,0.198576,0.95,1,776832,776324,508
60938881,63.038,44.169,543,32469,0.175715,0.96,1,776900,776357,543
60941801,31.8076,67.2338,494,32534,0.107143,0.91,1,776924,776430,494
60944721,33.5615,35.0468,501,32599,0.141429,0.87,1,776958,776457,501
60947641,25.9123,35.8094,489,32664,0.100286,0.85,1,776982,776493,489
60950561,25.1825,30.3619,485,32729,0.0920571,0.75,1,777007,776522,485
60953481,6.63649,31.6724,455,32794,0.122411,0.65,1,777009,776554,455
60956401,38.1273,45.5345,452,32858,0.144482,0.51,1,777055,776603,452
60959321,46.8255,54.7069,444,32922,0.148896,0.37,1,777104,776660,444
60962241,39.7651,43.7414,441,32986,0.229779,0.19,1,777142,776701,441
60965161,79.153,87.9483,431,33050,0.261956,0.19,1,777231,776800,431
60968081,42.2306,43.1897,432,33114,0.220391,0.17,1,777264,776832,432
60971001,59.6461,63.0379,428,33178,0.292078,0.09,1,777328,776900,428
60973921,29.5292,31.8076,426,33242,0.274416,0.15,1,777350,776924,426
60976841,35.5058,33.5615,429,33306,0.302883,0.09,1,777387,776958,429
60979761,24.7012,25.9123,427,33370,0.324577,0.09,1,777409,776982,427
60982681,26.5402,25.1825,429,33433,0.328915,0.13,1,777436,777007,429
60985601,6.90805,6.63649,429,33496,0.329783,0.15,1,777438,777009,429
60988521,38.1816,38.1273,429,33559,0.329957,0.15,1,777484,777055,429
60991441,46.8363,46.8255,429,33622,0.393991,0.25,1,777533,777104,429
60994361,42.1673,39.7651,432,33685,0.422798,0.27,1,777574,777142,432
60997281,80.4335,79.153,433,33748,0.42856,0.21,1,777664,777231,433
61000201,41.6867,42.2306,432,33811,0.397712,0.31,1,777696,777264,432
61003121,61.9373,59.6461,435,33874,0.455542,0.27,1,777763,777328,435
61006041,30.7875,29.5292,436,33936,0.451108,0.31,1,777786,777350,436
61008961,34.9575,35.5058,435,33998,0.466222,0.33,1,777822,777387,435
61011881,26.1915,24.7012,437,34060,0.501244,0.33,1,777846,777409,437
61014801,26.0383,26.5402,436,34122,0.476249,0.33,1,777872,777436,436
61017721,6.80766,6.90805,436,34184,0.50325,0.33,1,777874,777438,436
61020641,39.7615,38.1816,438,34246,0.47665,0.33,1,777922,777484,438
61023561,49.5523,7.63632,490,34308,0.45533,0.41,1,777974,777484,490
61026481,41.9105,40.7273,481,34370,0.467066,0.43,1,778014,777533,481
61029401,80.3821,40.9455,530,34432,0.469413,0.43,1,778104,777574,530
61032321,41.6764,80.1891,472,34493,0.501883,0.39,1,778136,777664,472
61035241,63.5353,41.6378,509,34554,0.540376,0.47,1,778205,777696,509
61038161,32.7071,61.9276,467,34615,0.580075,0.45,1,778230,777763,467
61041081,35.3414,30.7855,480,34676,0.588015,0.47,1,778266,777786,480
61044001,26.2683,34.9571,468,34737,0.637603,0.51,1,778290,777822,468
61046921,26.0537,26.1914,470,34798,0.647521,0.47,1,778316,777846,470
61049841,6.81073,26.0383,446,34859,0.649504,0.51,1,778318,777872,446
61052761,38.9621,6.80766,491,34920,0.681901,0.47,1,778365,777874,491
61055681,49.3924,39.7615,495,34981,0.73638,0.45,1,778417,777922,495
61058601,42.6785,49.5523,484,35041,0.763276,0.47,2,778458,777974,484
61061521,81.3357,41.9105,535,35101,0.784655,0.47,2,778549,778014,535
61064441,43.4671,80.3821,479,35161,0.852931,0.51,2,778583,778104,479
61067361,64.6934,41.6764,517,35221,0.882586,0.55,2,778653,778136,517
61070281,34.5387,63.5353,475,35281,0.904517,0.59,2,778680,778205,475
61073201,38.1077,32.7071,489,35341,0.892904,0.59,2,778719,778230,489
61076121,26.8215,35.3414,477,35401,0.890581,0.65,2,778743,778266,477
61079041,26.1643,26.2683,479,35461,0.890116,0.65,2,778769,778290,479
61081961,6.83286,26.0537,455,35521,0.890023,0.65,2,778771,778316,455
61084881,42.1666,6.81073,504,35581,0.906005,0.69,2,778822,778318,504
61087801,51.6333,38.9621,511,35640,0.925201,0.75,2,778876,778365,511
61090721,11.9267,49.3924,461,35699,0.89704,0.77,2,778878,778417,461
61093641,35.9853,42.6785,462,35758,0.907408,0.79,2,778920,778458,462
61254241,31,30,500,38876,0.51,1,1,781133,780633,500
61257161,30.2,26,505,38930,0.43,1,1,781163,780658,505
61260081,25.24,31.6,496,38984,0.35,1,1,781187,780691,496
61263001,31.448,31.12,498,39038,0.174,1,1,781220,780722,498
61265921,31.8896,42.224,485,39092,0.0428,1,1,781252,780767,485
61268841,34.3779,36.4448,485,39146,0.01656,1,1,781287,780802,485
61271761,34.0756,31.289,489,39200,0.027312,1,1,781321,780832,489
61274681,53.2151,57.4578,483,39254,0.0774624,1,1,781379,780896,483
61277601,38.643,45.0916,476,39308,0.0234925,0.78,1,781414,780938,476
61280521,30.1286,35.4183,471,39362,0.0446985,0.97,1,781442,780971,471
61283441,42.0257,47.8837,465,39416,0.0649397,0.89,1,781487,781022,465
61286361,26.8051,32.7767,459,39470,0.0209879,0.61,1,781510,781051,459
61289281,38.161,47.3553,449,39524,0.0121976,0.51,1,781551,781102,449
61292201,26.8322,34.2711,442,39577,0.0424395,0.41,1,781575,781133,442
61295121,25.3664,30.8542,437,39630,0.0484879,0.33,1,781600,781163,437
61298041,23.4733,25.3708,436,39683,0.0496976,0.13,1,781623,781187,436
61300961,26.2947,31.4742,430,39736,0.0499395,0.01,1,781650,781220,430
61303881,26.8589,31.8948,425,39789,0.0099879,0.01,1,781677,781252,425
61306801,30.9718,34.379,422,39842,0.0419976,0.03,1,781709,781287,422
61309721,33.3944,34.0758,422,39895,0.0323995,0.09,1,781743,781321,422
61312641,55.4789,53.2152,425,39948,0.0304799,0.01,1,781804,781379,425
61315561,38.2958,38.643,424,40001,0.030096,0.05,1,781838,781414,424
61318481,28.4592,30.1286,422,40054,0.0140192,0.07,1,781864,781442,422
61321401,42.4918,42.0257,423,40107,0.0428038,0.07,1,781910,781487,423
61324321,25.2984,8.40514,444,40160,0.0805608,0.01,1,781931,781487,444
61327241,37.8597,20.081,462,40213,0.0561122,0.01,1,781972,781510,462
61330161,27.5719,36.8162,446,40266,0.0512224,0.05,1,781997,781551,446
61333081,24.7144,26.5632,446,40318,0.0342445,0.05,1,782021,781575,446
61336001,24.9429,25.3126,446,40370,0.0948489,0.05,1,782046,781600,446
61338921,25.7886,23.4625,449,40422,0.13897,0.05,1,782072,781623,449
61341841,25.9577,26.2925,448,40474,0.099794,0,1,782098,781650,448
61344761,33.1915,26.8585,456,40526,0.0919588,0.05,1,782133,781677,456
61347681,31.4383,30.9717,455,40578,0.0583918,0.03,1,782164,781709,455
61350601,55.0877,33.3943,482,40630,0.0836783,0.03,1,782225,781743,482
61353521,39.0175,55.4789,456,40682,0.0407357,0.03,1,782260,781804,456
61356441,27.8035,38.2958,447,40734,0.0321471,0.01,1,782285,781838,447
61359361,42.3607,28.4592,467,40786,0.0464294,0.05,1,782331,781864,467
61362281,26.8721,42.4918,444,40838,0.0972859,0.09,1,782354,781910,444
61365201,36.5744,25.2984,462,40890,0.0754572,0.05,1,782393,781931,462
61368121,27.3149,37.8597,446,40942,0.119091,0.05,1,782418,781972,446
61371041,26.263,27.5719,447,40994,0.0958183,0.03,1,782444,781997,447
61373961,27.6526,24.7144,451,41045,0.123164,0.11,1,782472,782021,451
61376881,26.3305,24.9429,452,41096,0.128633,0.15,1,782498,782046,452
61379801,24.4661,25.7886,450,41147,0.129727,0.09,1,782522,782072,450
61382721,33.6932,25.9577,460,41198,0.129945,0.09,1,782558,782098,460
61385641,29.1386,33.1915,453,41249,0.113989,0.05,1,782586,782133,453
61388561,55.4277,31.4383,484,41300,0.0627978,0.09,1,782648,782164,484
61391481,38.2855,55.0877,457,41351,0.0365596,0.03,1,782682,782225,457
61394401,28.4571,39.0175,448,41402,0.0473119,0.03,1,782708,782260,448
61397321,43.2914,27.8035,470,41453,0.0494624,0.05,1,782755,782285,470
61400241,28.6583,42.3607,449,41504,0.0338925,0.11,1,782780,782331,449
61403161,7.33166,26.8721,428,41555,0.0307785,0.07,1,782782,782354,428
61406081,31.0663,36.5744,426,41606,0.0461557,0.13,1,782819,782393,426
61409001,27.8133,27.3149,428,41657,0.0652311,0.09,1,782846,782418,428
61411921,24.7627,26.263,426,41708,0.101046,0.13,1,782870,782444,426
61414841,28.9525,27.6526,428,41759,0.0762092,0.13,1,782900,782472,428
61417761,26.5905,26.3305,428,41810,0.0872419,0.13,1,782926,782498,428
61420681,24.5181,24.4661,428,41860,0.0894484,0.13,1,782950,782522,428
61423601,34.5036,33.6932,429,41910,0.15389,0.11,1,782987,782558,429
61426521,26.9007,29.1386,426,41960,0.150778,0.05,1,783012,782586,426
61429441,53.3801,55.4277,424,42010,0.166156,0.03,1,783072,782648,424
61432361,37.076,38.2855,423,42060,0.169231,0.05,1,783105,782682,423
61435281,29.8152,28.4571,425,42110,0.137846,0.05,1,783133,782708,425
61438201,42.763,43.2914,424,42160,0.131569,0.03,1,783179,782755,424
61441121,27.7526,28.6583,423,42210,0.146314,0.03,1,783203,782780,423
61444041,7.15052,7.33166,423,42260,0.165263,0.05,1,783205,782782,423
61446961,30.2301,31.0663,422,42310,0.201053,0.07,1,783241,782819,422
61449881,30.046,27.8133,425,42360,0.240211,0.11,1,783271,782846,425
61452801,25.2092,24.7627,425,42410,0.264042,0.07,1,783295,782870,425
61455721,29.0418,28.9525,425,42460,0.236808,0.09,1,783325,782900,425
61458641,27.4084,26.5905,426,42510,0.215362,0.09,1,783352,782926,426
61461561,24.6817,24.5181,426,42560,0.211072,0.17,1,783376,782950,426
61464481,36.1363,34.5036,428,42610,0.258214,0.15,1,783415,782987,428
61467401,27.2273,26.9007,428,42660,0.251643,0.17,1,783440,783012,428
61470321,55.0455,53.3801,430,42709,0.218329,0.17,1,783502,783072,430
61473241,37.4091,37.076,430,42758,0.275666,0.13,1,783535,783105,430
61476161,28.2818,29.8152,428,42807,0.255133,0.13,1,783561,783133,428
61479081,42.4564,42.763,428,42856,0.315027,0.15,1,783607,783179,428
61482001,29.2913,27.7526,430,42905,0.295005,0.17,1,783633,783203,430
61484921,7.45825,7.15052,430,42954,0.291001,0.21,1,783635,783205,430
61487841,31.0917,30.2301,431,43003,0.2742,0.21,1,783672,783241,431
61490761,30.2183,6.04602,461,43052,0.27084,0.25,1,783702,783241,461
61493681,26.0437,25.2092,456,43101,0.254168,0.27,1,783727,783271,456
61496601,29.2087,24.2418,462,43150,0.266834,0.23,1,783757,783295,462
61499521,26.6417,28.8484,458,43199,0.285367,0.21,1,783783,783325,458
61502441,24.5283,27.3697,455,43248,0.289073,0.21,1,783807,783352,455
61505361,36.9057,24.6739,471,43297,0.321815,0.27,1,783847,783376,471
61508281,26.5811,36.1348,456,43346,0.344363,0.25,1,783871,783415,456
61511201,54.9162,27.227,493,43395,0.396873,0.21,1,783933,783440,493
61514121,38.9832,55.0454,466,43444,0.455375,0.29,1,783968,783502,466
61517041,29.3966,37.4091,460,43493,0.499075,0.25,1,783995,783535,460
61519961,43.4793,28.2818,481,43542,0.507815,0.33,1,784042,783561,481
61522881,27.8959,42.4564,459,43590,0.509563,0.29,1,784066,783607,459
61525801,7.17917,29.2913,435,43638,0.509913,0.29,1,784068,783633,435
61528721,31.8358,7.45825,471,43686,0.525982,0.27,1,784106,783635,471
61531641,30.3672,31.0917,464,43734,0.545196,0.27,1,784136,783672,464
61534561,26.0734,30.2183,459,43782,0.549039,0.25,1,784161,783702,459
61537481,30.0147,26.0437,465,43830,0.581808,0.27,1,784192,783727,465
61540401,26.8029,29.2087,461,43878,0.588362,0.29,1,784218,783757,461
61543321,24.5606,26.6417,459,43926,0.605672,0.29,1,784242,783783,459
61546241,39.3121,24.5283,478,43974,0.641134,0.33,1,784285,783807,478
61549161,27.0624,36.9057,462,44022,0.680227,0.35,1,784309,783847,462
61552081,58.2125,26.5811,504,44070,0.720045,0.41,1,784375,783871,504
61555001,41.2425,54.9162,479,44118,0.728009,0.47,1,784412,783933,479
61557921,30.6485,38.9832,472,44166,0.729602,0.51,1,784440,783968,472
61560841,44.5297,29.3966,493,44214,0.76192,0.51,2,784488,783995,493
61563761,28.1059,43.4793,470,44262,0.768384,0.51,2,784512,784042,470
61566681,7.22119,27.8959,448,44310,0.769677,0.51,2,784514,784066,448
61569601,32.6442,7.17917,485,44358,0.785935,0.53,2,784553,784068,485
61572521,32.1288,31.8358,479,44406,0.789187,0.55,2,784585,784106,479
61575441,25.6258,30.3672,473,44454,0.789837,0.55,2,784609,784136,473
61578361,6.72515,26.0734,450,44501,0.789967,0.59,2,784611,784161,450
61581281,26.945,30.0147,451,44548,0.789994,0.59,2,784643,784192,451
61584201,26.989,26.8029,452,44595,0.805999,0.61,2,784670,784218,452
61587121,24.5978,24.5606,452,44642,0.8412,0.65,2,784694,784242,452
61590041,42.5196,39.3121,456,44689,0.80024,0.69,2,784741,784285,456
61592961,27.7039,27.0624,456,44736,0.824048,0.73,2,784765,784309,456
61595881,59.9408,58.2125,458,44783,0.84481,0.73,2,784833,784375,458
61598801,41.5882,41.2425,458,44830,0.832962,0.73,2,784870,784412,458
61601721,30.7176,30.6485,458,44877,0.846592,0.77,2,784898,784440,458
61604641,46.1435,44.5297,460,44924,0.881319,0.77,2,784948,784488,460
61607561,28.4287,28.1059,460,44971,0.904264,0.77,2,784972,784512,460
61610481,7.28574,7.22119,460,45018,0.908853,0.79,2,784974,784514,460
61613401,33.4571,32.6442,461,45065,0.941771,0.79,2,785014,784553,461
61828021,40,23,460,21997,0.05,0.23,1,787494,787034,460
61830941,53.6,67,439,22093,0.098,0.03,1,787551,787112,439
61833861,28.32,36.6,432,22189,0.1076,0.07,1,787573,787141,432
61836781,33.664,20.12,451,22285,0.06152,0.07,1,787608,787157,451
61839701,96.3328,82.424,465,22380,0.084304,0.05,1,787720,787255,465
61842621,77.6666,89.2848,447,22475,0.0888608,0.05,1,787793,787346,447
61845541,49.9333,55.457,443,22569,0.121772,0.03,1,787836,787393,443
61848461,73.1867,59.8914,461,22663,0.0483544,0.05,1,787915,787454,461
61851381,62.6373,43.9783,481,22757,0.0496709,0.11,1,787975,787494,481
61854301,30.1275,54.3957,446,22850,0.0499342,0.11,1,787997,787551,446
61857221,34.0255,28.4791,459,22943,0.0659868,0.05,1,788032,787573,459
61860141,98.0051,33.6958,538,23035,0.0531974,0.09,1,788146,787608,538
61863061,77.201,96.3392,498,23127,0.0666395,0.09,1,788218,787720,498
61865981,51.4402,77.6678,470,23219,0.101328,0.13,1,788263,787793,470
61868901,70.288,49.9336,502,23310,0.140266,0.03,1,788338,787836,502
61871821,62.0576,73.1867,483,23401,0.212053,0.05,1,788398,787915,483
61874741,30.0115,62.6373,445,23492,0.226411,0.05,1,788420,787975,445
61877661,33.2023,30.1275,457,23582,0.245282,0.07,1,788454,787997,457
61880581,97.8405,34.0255,536,23672,0.137056,0.05,1,788568,788032,536
61883501,78.7681,98.0051,496,23762,0.0674113,0.07,1,788642,788146,496
61886421,53.3536,77.201,471,23851,0.101482,0.11,1,788689,788218,471
61889341,73.0707,51.4402,504,23940,0.156296,0.15,1,788767,788263,504
61892261,16.2141,70.288,431,24029,0.167259,0.23,1,788769,788338,431
61895181,52.8428,62.0576,433,24117,0.233452,0.23,1,788831,788398,433
61898101,28.9686,30.0115,434,24205,0.23069,0.25,1,788854,788420,434
61901021,32.9937,33.2023,434,24293,0.230138,0.11,1,788888,788454,434
61903941,90.5987,97.8405,425,24380,0.278028,0.05,1,788993,788568,425
61906861,76.5197,78.7681,424,24467,0.287606,0.11,1,789066,788642,424
61909781,55.3039,53.3536,427,24554,0.321521,0.17,1,789116,788689,427
61912701,76.6608,73.0707,431,24640,0.328304,0.17,1,789198,788767,431
61915621,16.9322,16.2141,431,24726,0.329661,0.25,1,789200,788769,431
61918541,53.7864,52.8428,432,24812,0.409932,0.23,1,789263,788831,432
61921461,29.9573,28.9686,433,24897,0.409986,0.23,1,789287,788854,433
61924381,33.1915,32.9937,433,24982,0.425997,0.29,1,789321,788888,433
61927301,93.0383,90.5987,436,25067,0.413199,0.29,1,789429,788993,436
61930221,77.0077,76.5197,436,25152,0.45864,0.33,1,789502,789066,436
61933141,55.4015,55.3039,436,25236,0.435728,0.33,1,789552,789116,436
61936061,78.2803,76.6608,438,25320,0.415146,0.33,1,789636,789198,438
61938981,17.2561,16.9322,438,25404,0.411029,0.43,1,789638,789200,438
61941901,56.2512,53.7864,441,25487,0.570206,0.43,1,789704,789263,441
61944821,30.4502,10.7573,465,25570,0.602041,0.41,1,789728,789263,465
61947741,34.09,21.3515,476,25653,0.592408,0.43,1,789763,789287,476
61950661,92.418,31.4703,549,25736,0.574482,0.41,1,789870,789321,549
61953581,77.6836,92.6941,515,25818,0.618896,0.47,1,789944,789429,515
61956501,56.3367,76.9388,493,25900,0.611779,0.43,1,789995,789502,493
61959421,76.8673,55.3878,525,25982,0.642356,0.41,1,790077,789552,525
61962341,16.9735,78.2776,443,26064,0.648471,0.41,1,790079,789636,443
61965261,64.1947,17.2555,517,26145,0.713694,0.61,1,790155,789638,517
61968181,32.0389,56.2511,475,26226,0.742739,0.61,1,790179,789704,475
61971101,33.6078,30.4502,485,26307,0.764548,0.59,2,790213,789728,485
61974021,91.5216,34.09,556,26388,0.80091,0.57,2,790319,789763,556
61976941,79.9043,92.418,526,26468,0.840182,0.63,2,790396,789870,526
61979861,57.5809,77.6836,504,26548,0.848036,0.61,2,790448,789944,504
61982781,77.1162,56.3367,535,26628,0.865607,0.65,2,790530,789995,535
61985701,17.0232,76.8673,455,26708,0.869121,0.65,2,790532,790077,455
61988621,68.2046,16.9735,534,26787,0.901824,0.73,2,790613,790079,534
61991541,32.8409,64.1947,482,26866,0.956365,0.75,2,790637,790155,482
62093741,65,23,534,29499,0.71,1,1,792503,791969,534
62096661,34.6,55.8,497,29571,0.598,1,1,792530,792033,497
62099581,21.32,31.16,490,29643,0.6076,1,1,792548,792058,490
62102501,34.664,19.832,511,29714,0.54552,0.99,1,792586,792075,511
62105421,68.5328,32.7664,552,29785,0.389104,1,1,792663,792111,552
62108341,24.1066,70.5533,485,29856,0.341821,0.99,1,792676,792191,485
62111261,77.6213,87.7107,484,29927,0.188364,1,1,792767,792283,484
62114181,41.1243,43.1421,484,29998,0.189673,0.89,1,792799,792315,484
62117101,75.4249,89.4284,467,30069,0.157935,0.83,1,792883,792416,467
62120021,29.485,35.4857,463,30139,0.151587,0.71,1,792901,792438,463
62122941,49.897,59.0971,453,30209,0.150317,0.57,1,792956,792503,453
62125861,33.9794,33.4194,456,30279,0.150063,0.61,1,792986,792530,456
62128781,19.5959,21.0839,454,30349,0.118013,0.53,1,793002,792548,454
62131701,27.1192,34.6168,445,30419,0.143603,0.35,1,793031,792586,445
62134621,62.2238,68.5234,439,30489,0.0687205,0.33,1,793102,792663,439
62137541,23.6448,24.1047,440,30558,0.0857441,0.15,1,793116,792676,440
62140461,66.329,77.6209,426,30627,0.185149,0.19,1,793193,792767,426
62143381,38.0658,41.1242,425,30696,0.23703,0.15,1,793224,792799,425
62146301,76.4132,75.4248,427,30765,0.247406,0.15,1,793310,792883,427
62149221,31.2826,29.485,429,30834,0.217481,0.15,1,793330,792901,429
62152141,50.2565,49.897,429,30903,0.227496,0.15,1,793385,792956,429
62155061,32.4513,33.9794,427,30971,0.229499,0.11,1,793413,792986,427
62157981,19.2903,19.5959,427,31039,0.2299,0.15,1,793429,793002,427
62160901,27.0581,27.1192,427,31107,0.18198,0.05,1,793458,793031,427
62163821,59.8116,62.2238,424,31175,0.236396,0.09,1,793526,793102,424
62166741,21.5623,23.6448,422,31243,0.247279,0.21,1,793538,793116,422
62169661,72.3125,66.329,430,31311,0.329456,0.21,1,793623,793193,430
62172581,38.4625,13.2658,460,31379,0.313891,0.25,1,793653,793193,460
62175501,78.0925,27.4532,517,31446,0.358778,0.25,1,793741,793224,517
62178421,31.6185,74.2906,451,31513,0.367756,0.21,1,793761,793310,451
62181341,49.5237,30.8581,485,31580,0.385551,0.23,1,793815,793330,485
62184261,32.3047,50.1716,458,31647,0.38911,0.23,1,793843,793385,458
62187181,19.2609,32.4343,446,31714,0.389822,0.23,1,793859,793413,446
62190101,27.0522,19.2869,459,31781,0.405964,0.17,1,793888,793429,459
62193021,60.6104,27.0574,499,31848,0.425193,0.25,1,793957,793458,499
62195941,22.5221,59.8115,444,31914,0.429039,0.25,1,793970,793526,444
62198861,75.7044,21.5623,521,31980,0.477808,0.35,1,794059,793538,521
62201781,39.9409,72.3125,467,32046,0.487562,0.31,1,794090,793623,467
62204701,79.9882,38.4625,527,32112,0.553512,0.37,1,794180,793653,527
62207621,32.7976,78.0925,460,32178,0.598702,0.37,1,794201,793741,460
62210541,49.7595,31.6185,494,32244,0.60774,0.39,1,794255,793761,494
62213461,32.3519,49.5237,468,32310,0.625548,0.39,1,794283,793815,468
62216381,19.2704,32.3047,456,32375,0.64511,0.39,1,794299,793843,456
62219301,27.8541,19.2609,470,32440,0.649022,0.41,1,794329,793859,470
62222221,62.3708,27.0522,512,32505,0.649804,0.43,1,794400,793888,512
62225141,23.6742,60.6104,457,32570,0.681961,0.43,1,794414,793957,457
62228061,77.5348,22.5221,535,32635,0.704392,0.49,1,794505,793970,535
62230981,39.507,75.7044,476,32700,0.772878,0.49,2,794535,794059,476
62233901,83.1014,39.9409,539,32765,0.834576,0.57,2,794629,794090,539
62236821,18.2203,79.9882,451,32830,0.846915,0.61,2,794631,794180,451
62239741,21.2441,32.7976,452,32894,0.849383,0.61,2,794653,794201,452
62242661,48.2488,49.7595,453,32958,0.913877,0.63,2,794708,794255,453
62254341,73,71,456,33214,0.91,0.69,2,794856,794400,456
62423701,40,31,498,36723,0.61,1,1,797273,796775,498
62426621,58.4,69.4,482,36781,0.578,0.95,1,797336,796854,482
62429541,50.88,41.08,497,36838,0.4756,1,1,797385,796888,497
62432461,70.176,81.816,480,36895,0.37512,1,1,797460,796980,480
62435381,43.6352,42.7632,484,36952,0.259024,1,1,797497,797013,484
62438301,34.327,39.7526,477,37009,0.155805,1,1,797529,797052,477
62441221,38.0654,36.7505,480,37066,0.167161,0.96,1,797568,797088,480
62444141,34.8131,35.3501,479,37123,0.201432,1,1,797602,797123,479
62447061,15.7626,20.67,473,37180,0.160286,1,1,797613,797140,473
62449981,22.3525,4.134,497,37237,0.168057,1,1,797637,797140,497
62452901,25.2705,23.2268,495,37294,0.153611,0.92,1,797663,797168,495
62455821,29.8541,30.2454,494,37351,0.166722,0.81,1,797694,797200,494
62458741,34.7708,32.4491,497,37408,0.169344,0.61,1,797730,797233,497
62461661,50.1542,38.4898,511,37464,0.169869,0.57,1,797784,797273,511
62464581,49.2308,58.098,497,37520,0.217974,0.45,1,797833,797336,497
62467501,61.0462,50.8196,512,37576,0.227595,0.35,1,797897,797385,512
62470421,37.8092,70.1639,469,37632,0.245519,0.23,1,797929,797460,469
62473341,29.1618,43.6328,459,37688,0.265104,0.13,1,797956,797497,459
62476261,37.0324,34.3266,466,37744,0.333021,0.17,1,797995,797529,466
62479181,34.6065,38.0653,461,37800,0.378604,0.21,1,798029,797568,461
62482101,14.9213,34.8131,437,37856,0.355721,0.15,1,798039,797602,437
62485021,23.7843,15.7626,452,37912,0.335144,0.17,1,798065,797613,452
62487941,25.5569,22.3525,454,37968,0.347029,0.15,1,798091,797637,454
62490861,30.7114,25.2705,460,38024,0.365406,0.17,1,798123,797663,460
62493781,34.9423,29.8541,465,38080,0.369081,0.17,1,798159,797694,465
62496701,51.7885,34.7708,485,38135,0.369816,0.17,1,798215,797730,485
62499621,50.3577,50.1542,481,38190,0.385963,0.23,1,798265,797784,481
62502541,62.8715,49.2308,498,38245,0.389193,0.23,1,798331,797833,498
62505461,37.3743,61.0462,465,38300,0.437839,0.25,1,798362,797897,465
62508381,29.8749,37.8092,461,38355,0.447568,0.27,1,798390,797929,461
62511301,37.175,29.1618,473,38410,0.481514,0.35,1,798429,797956,473
62514221,37.835,37.0324,472,38465,0.520303,0.39,1,798467,797995,472
62517141,16.367,34.6065,449,38520,0.544061,0.35,1,798478,798029,449
62520061,22.4734,14.9213,463,38575,0.548812,0.33,1,798502,798039,463
62522981,6.09468,23.7843,439,38630,0.549762,0.35,1,798504,798065,439
62525901,22.0189,25.5569,439,38685,0.565952,0.37,1,798530,798091,439
62528821,30.8038,30.7114,440,38740,0.601191,0.37,1,798563,798123,440
62531741,34.9608,34.9423,440,38795,0.624238,0.37,1,798599,798159,440
62534661,51.7922,51.7885,440,38849,0.692848,0.39,1,798655,798215,440
62537581,51.1584,50.3577,441,38903,0.72257,0.39,1,798706,798265,441
62540501,63.0317,62.8715,441,38957,0.728514,0.45,1,798772,798331,441
62543421,39.8063,37.3743,444,39011,0.697703,0.45,1,798806,798362,444
62546341,30.3613,29.8749,444,39065,0.707541,0.49,1,798834,798390,444
62549261,38.8723,37.175,446,39119,0.693508,0.53,1,798875,798429,446
62552181,39.7744,37.835,448,39173,0.674702,0.55,1,798915,798467,448
62555101,17.5549,16.367,449,39227,0.67094,0.55,1,798927,798478,449
62558021,23.511,22.4734,450,39281,0.702188,0.55,1,798952,798502,450
62560941,6.3022,6.09468,450,39335,0.708438,0.57,1,798954,798504,450
62563861,22.8604,22.0189,451,39389,0.725688,0.61,1,798981,798530,451
62566781,31.7721,30.8038,452,39443,0.761138,0.63,2,799015,798563,452
62569701,35.9544,34.9608,453,39497,0.848227,0.71,2,799052,798599,453
62572621,53.5909,51.7922,455,39550,0.865645,0.73,2,799110,798655,455
62575541,52.3182,51.1584,456,39603,0.869129,0.73,2,799162,798706,456
62578461,63.2636,63.0317,456,39656,0.853826,0.69,2,799228,798772,456
62581381,39.8527,39.8063,456,39709,0.866765,0.71,2,799262,798806,456
62584301,31.1705,30.3613,457,39762,0.885353,0.69,2,799291,798834,457
62587221,39.0341,38.8723,457,39815,0.873071,0.67,2,799332,798875,457
62590141,38.2068,39.7744,455,39868,0.886614,0.67,2,799370,798915,455
62593061,17.2414,17.5549,455,39921,0.857323,0.71,2,799382,798927,455
62595981,25.0483,23.511,457,39974,0.867465,0.71,2,799409,798952,457
62598901,6.60965,6.3022,457,40027,0.869493,0.73,2,799411,798954,457
62601821,23.7219,22.8604,458,40080,0.901899,0.73,2,799439,798981,458
62604741,32.7444,4.57209,493,40133,0.86038,0.77,2,799474,798981,493
62607661,38.5489,28.1144,499,40186,0.868076,0.87,2,799514,799015,499
62610581,54.1098,35.2229,520,40239,0.901615,0.87,2,799572,799052,520
62771181,27,33,501,43027,0.71,1,1,801497,800996,501
62774101,35,6.6,538,43076,0.678,1,1,801534,800996,538
62777021,63,57.32,538,43125,0.6076,1,1,801604,801066,538
62779941,37.4,56.264,513,43174,0.56152,1,1,801635,801122,513
62782861,49.08,47.2528,520,43223,0.616304,1,1,801687,801167,520
62785781,32.216,41.4506,508,43272,0.611261,1,1,801715,801207,508
62788701,30.4432,30.6901,510,43321,0.642252,1,1,801745,801235,510
62791621,37.2886,41.338,505,43370,0.60045,1,1,801784,801279,505
62794541,25.8577,33.8676,496,43419,0.62409,1,1,801807,801311,496
62797461,17.9715,24.3735,490,43468,0.612818,0.94,1,801823,801333,490
62800381,15.5943,20.0747,486,43517,0.594564,1,1,801838,801352,486
62803301,29.5189,17.6149,502,43565,0.654913,0.97,1,801871,801369,502
62806221,32.3038,33.123,498,43613,0.698983,0.87,1,801904,801406,498
62809141,28.0608,35.4246,489,43661,0.659797,0.89,1,801931,801442,489
62812061,24.0122,29.4849,484,43709,0.683959,0.71,1,801954,801470,484
62814981,33.6024,27.497,493,43757,0.720792,0.67,1,801990,801497,493
62817901,61.1205,35.0994,524,43805,0.728158,0.59,1,802058,801534,524
62820821,38.6241,63.0199,487,43853,0.793632,0.55,2,802091,801604,487
62823741,47.7248,37.404,506,43901,0.790726,0.63,2,802141,801635,506
62826661,28.745,49.0808,478,43949,0.790145,0.61,2,802165,801687,478
62829581,31.349,32.2162,482,43997,0.774029,0.65,2,802197,801715,482
62832501,35.8698,30.4432,489,44045,0.786806,0.59,2,802234,801745,489
62835421,26.374,37.2886,474,44093,0.805361,0.63,2,802258,801784,474
62838341,17.2748,25.8577,466,44141,0.761072,0.61,2,802273,801807,466
62841261,15.455,17.9715,465,44189,0.800214,0.59,2,802288,801823,465
62844181,33.491,15.5943,488,44237,0.808043,0.67,2,802326,801838,488
62847101,32.2982,29.5189,487,44285,0.841609,0.71,2,802358,801871,487
62850021,28.8596,32.3038,482,44333,0.880322,0.65,2,802386,801904,482
62852941,24.1719,28.0608,478,44381,0.840064,0.69,2,802409,801931,478
62855861,33.6344,24.0122,491,44429,0.864013,0.73,2,802445,801954,491
62858781,8.32688,33.6024,457,44476,0.868803,0.73,2,802447,801990,457
62861701,56.8654,61.1205,458,44523,0.901761,0.81,2,802516,802058,458
63098221,39,39,520,48207,0.84,1,2,805114,804594,520
63101141,35,39,515,48251,0.816,1,2,805148,804633,515
63104061,37.4,30.2,525,48295,0.8272,1,2,805186,804661,525
63106981,35.48,27.64,533,48339,0.82944,1,2,805221,804688,533
63108441,31.096,36.728,524,48383,0.813888,1,2,805251,804727,524
63118661,396.619,447.346,462,21900,0.170778,0.65,1,805739,805277,462
63161001,136.124,156.669,449,21900,0.0741555,0.43,1,805810,805361,449
63163921,86.4248,64.1338,482,22724,0.0548311,0.29,1,805884,805402,482
63166841,54.885,72.8268,454,22817,0.0669662,0.11,1,805931,805477,454
63169761,68.577,68.9654,458,22910,0.0373932,0.01,1,806003,805545,458
63172681,72.1154,70.5931,460,23003,0.0314786,0.01,1,806076,805616,460
63175601,60.0231,70.1186,447,23095,0.0942957,0.03,1,806133,805686,447
63178521,24.8046,34.8237,437,23187,0.106859,0.01,1,806149,805712,437
63181441,64.1609,28.5647,484,23278,0.109372,0.05,1,806223,805739,484
63184361,80.0322,62.5129,497,23369,0.205874,0.05,1,806307,805810,497
63187281,52.8064,71.7026,469,23460,0.225175,0.07,1,806353,805884,469
63190201,67.3613,51.9405,493,23550,0.181035,0.03,1,806424,805931,493
63193121,74.2723,67.9881,497,23640,0.060207,0.03,1,806500,806003,497
63196041,62.0545,71.9976,483,23730,0.0840414,0.11,1,806559,806076,483
63198961,23.6109,59.9995,440,23819,0.0888083,0.11,1,806573,806133,440
63201881,65.5222,24.7999,500,23908,0.169762,0.11,1,806649,806149,500
63204801,14.7044,64.16,428,23997,0.185952,0.23,1,806651,806223,428
63207721,74.1409,80.032,433,24085,0.30119,0.23,1,806740,806307,433
63210641,51.6282,52.8064,433,24173,0.308238,0.17,1,806786,806353,433
63213561,63.1256,67.3613,428,24261,0.309648,0.03,1,806852,806424,428
63216481,70.2251,74.2723,424,24348,0.29393,0.09,1,806924,806500,424
63219401,62.845,62.0545,426,24435,0.322786,0.09,1,806985,806559,426
63222321,23.769,23.6109,426,24522,0.296557,0.19,1,806999,806573,426
63225241,69.5538,65.5222,431,24608,0.307311,0.19,1,807080,806649,431
63228161,15.5108,14.7044,431,24694,0.341462,0.33,1,807082,806651,431
63231081,78.3022,74.1409,436,24780,0.380292,0.31,1,807176,806740,436
63234001,53.2604,51.6282,437,24866,0.372058,0.31,1,807223,806786,437
63236921,63.4521,63.1256,437,24951,0.386412,0.29,1,807289,806852,437
63239841,68.6904,70.2251,435,25036,0.421282,0.33,1,807359,806924,435
63242761,63.3381,62.845,436,25121,0.396256,0.29,1,807421,806985,436
63245681,23.8676,23.769,436,25205,0.423251,0.31,1,807435,806999,436
63248601,70.3735,69.5538,437,25289,0.39665,0.35,1,807517,807080,437
63251521,15.6747,15.5108,437,25373,0.45533,0.39,1,807519,807082,437
63254441,79.9349,78.3022,439,25457,0.483066,0.39,1,807615,807176,439
63257361,54.387,15.6604,487,25540,0.488613,0.37,1,807663,807176,487
63260281,63.6774,40.7321,506,25623,0.473723,0.39,1,807729,807223,506
63263201,68.7355,60.9464,510,25706,0.486745,0.43,1,807799,807289,510
63266121,63.3471,68.1893,502,25788,0.505349,0.39,1,807861,807359,502
63269041,23.8694,63.2379,454,25870,0.52507,0.43,1,807875,807421,454
63271961,72.7739,23.8476,525,25952,0.561014,0.39,1,807960,807435,525
63274881,16.1548,70.3695,445,26034,0.568203,0.47,1,807962,807517,445
63277801,81.631,15.6739,541,26115,0.617641,0.49,1,808060,807519,541
63280721,53.1262,79.9348,491,26196,0.659528,0.49,1,808106,807615,491
63283641,64.2252,54.387,510,26277,0.699906,0.47,1,808173,807663,510
63286561,69.645,63.6774,515,26358,0.755981,0.49,2,808244,807729,515
63289481,65.129,68.7355,509,26438,0.735196,0.51,1,808308,807799,509
63292401,24.2258,63.3471,461,26518,0.763039,0.53,2,808322,807861,461
63295321,75.2452,23.8694,535,26598,0.736608,0.57,1,808410,807875,535
63298241,16.649,72.7739,452,26678,0.731322,0.57,1,808412,807960,452
63301161,83.3298,16.1548,550,26757,0.874264,0.63,2,808512,807962,550
63438401,71,48,500,30251,0.27,1,1,810941,810441,500
63441321,53.4,63.2,482,30321,0.174,1,1,810990,810508,482
63444241,84.28,66.24,507,30391,0.0348,1,1,811082,810575,507
63447161,48.056,41.248,511,30461,0.03096,1,1,811121,810610,511
63450081,36.0112,37.0496,508,30530,0.006192,1,1,811154,810646,508
63453001,16.8022,30.6099,491,30599,0.0412384,0.97,1,811166,810675,491
63455921,32.1604,28.522,499,30668,0.0322477,1,1,811202,810703,499
63458841,32.0321,50.5044,475,30737,0.0464495,0.74,1,811234,810759,475
63461761,37.6064,45.3009,470,30806,0.0332899,0.63,1,811273,810803,470
63464681,43.5213,62.6602,448,30875,0.062658,0.27,1,811318,810870,448
63467601,55.9043,69.332,436,30944,0.0685316,0.15,1,811377,810941,436
63470521,42.3809,53.0664,426,31012,0.0377063,0,1,811416,810990,426
63473441,80.4762,84.2133,424,31080,0.0795413,0.03,1,811506,811082,424
63476361,48.0952,48.0427,425,31148,0.151908,0,1,811546,811121,425
63479281,35.219,36.0085,424,31216,0.134382,0.05,1,811578,811154,424
63482201,17.4438,16.8017,425,31284,0.114876,0.05,1,811591,811166,425
63485121,34.6888,3.36034,464,31352,0.110975,0.03,1,811630,811166,464
63488041,30.9378,29.4721,458,31419,0.110195,0.05,1,811660,811202,458
63490961,34.1876,31.4944,461,31486,0.142039,0.03,1,811695,811234,461
63493881,42.0375,37.4989,466,31553,0.148408,0.07,1,811739,811273,466
63496801,56.4075,43.4998,481,31620,0.117682,0.07,1,811799,811318,481
63499721,42.4815,55.9,461,31687,0.0955363,0.03,1,811838,811377,461
63502641,79.6963,42.38,511,31754,0.0431073,0.09,1,811927,811416,511
63505561,52.7393,80.476,467,31821,0.0486215,0.17,1,811973,811506,467
63508481,32.9479,48.0952,455,31887,0.0817243,0.13,1,812001,811546,455
63511401,17.7896,35.219,437,31953,0.104345,0.11,1,812015,811578,437
63514321,36.3579,17.4438,465,32019,0.108869,0.11,1,812056,811591,465
63517241,31.2716,34.6888,456,32085,0.141774,0.11,1,812086,811630,456
63520161,35.8543,30.9378,463,32151,0.212355,0.15,1,812123,811660,463
63523081,40.7709,34.1876,470,32217,0.242471,0.15,1,812165,811695,470
63526001,56.1542,42.0375,486,32283,0.264494,0.11,1,812225,811739,486
63528921,41.6308,56.4075,464,32349,0.268899,0.09,1,812263,811799,464
63531841,77.1262,42.4815,511,32414,0.25378,0.03,1,812349,811838,511
63534761,53.0252,79.6963,469,32479,0.138756,0.05,1,812396,811927,469
63537681,35.405,52.7393,454,32544,0.131751,0.09,1,812427,811973,454
63540601,19.081,32.9479,441,32609,0.14635,0.11,1,812442,812001,441
63543521,36.6162,17.7896,468,32674,0.13327,0.11,1,812483,812015,468
63546441,32.9232,36.3579,459,32739,0.098654,0.15,1,812515,812056,459
63549361,8.18465,31.2716,431,32804,0.0917308,0.23,1,812517,812086,431
63552281,32.8369,35.8543,433,32868,0.0743462,0.25,1,812556,812123,433
63555201,40.9674,40.7709,434,32932,0.118869,0.27,1,812599,812165,434
63558121,56.9935,56.1542,435,32996,0.175774,0.27,1,812660,812225,435
63561041,41.7987,41.6308,435,33060,0.155155,0.25,1,812698,812263,435
63563961,76.3597,77.1262,434,33124,0.135031,0.11,1,812783,812349,434
63566881,47.2719,53.0252,427,33188,0.147006,0.13,1,812823,812396,427
63569801,35.0544,35.405,428,33252,0.149401,0.15,1,812855,812427,428
63572721,19.8109,19.081,429,33316,0.11788,0.13,1,812871,812442,429
63575641,35.9622,36.6162,428,33379,0.175576,0.09,1,812911,812483,428
63578561,31.1924,32.9232,426,33442,0.171115,0.09,1,812941,812515,426
63581481,7.83849,8.18465,426,33505,0.202223,0.07,1,812943,812517,426
63584401,32.7677,32.8369,426,33568,0.208445,0.13,1,812982,812556,426
63587321,42.5535,40.9674,428,33631,0.225689,0.19,1,813027,812599,428
63590241,58.1107,56.9935,429,33694,0.309138,0.15,1,813089,812660,429
63593161,42.0221,41.7987,429,33757,0.357828,0.13,1,813127,812698,429
63596081,74.8044,76.3597,427,33820,0.367566,0.15,1,813210,812783,427
63599001,46.9609,47.2719,427,33883,0.385513,0.15,1,813250,812823,427
63601921,34.9922,35.0544,427,33945,0.405103,0.11,1,813282,812855,427
63604841,20.5984,19.8109,428,34007,0.409021,0.19,1,813299,812871,428
63607761,36.9197,35.9622,429,34069,0.441804,0.17,1,813340,812911,429
63610681,32.1839,31.1924,430,34131,0.448361,0.21,1,813371,812941,430
63613601,8.03679,7.83849,430,34193,0.449672,0.21,1,813373,812943,430
63616521,32.8074,32.7677,430,34255,0.465934,0.21,1,813412,812982,430
63619441,44.1615,6.55354,477,34317,0.421187,0.23,1,813459,812982,477
63622361,62.4323,37.3107,499,34379,0.524237,0.33,1,813526,813027,499
63625281,42.8865,57.0621,475,34441,0.544847,0.37,1,813564,813089,475
63628201,74.9773,41.8124,520,34502,0.53297,0.37,1,813647,813127,520
63631121,48.5955,74.7625,479,34563,0.562594,0.39,1,813689,813210,479
63634041,36.1191,46.9525,472,34624,0.568519,0.41,1,813722,813250,472
63636961,20.8238,34.9905,457,34685,0.617704,0.41,1,813739,813282,457
63639881,37.7648,20.5981,482,34746,0.595541,0.45,1,813781,813299,482
63642801,32.353,36.9196,472,34807,0.623108,0.45,1,813812,813340,472
63645721,8.07059,32.1839,443,34868,0.628622,0.45,1,813814,813371,443
63648641,33.6141,8.03678,481,34929,0.629724,0.47,1,813854,813373,481
63651561,43.5228,32.8074,488,34990,0.677945,0.41,1,813900,813412,488
63654481,67.9046,44.1615,515,35050,0.783589,0.55,2,813974,813459,515
63657401,43.9809,62.4323,486,35110,0.820718,0.55,2,814012,813526,486
63660321,74.3962,42.8865,530,35170,0.844144,0.53,2,814094,813564,530
63663241,50.8792,74.9773,492,35230,0.864829,0.57,2,814139,813647,492
63666161,37.3758,48.5955,484,35290,0.884966,0.57,2,814173,813689,484
63669081,20.2752,36.1191,467,35350,0.888993,0.63,2,814189,813722,467
63672001,37.655,20.8238,492,35410,0.921799,0.59,2,814231,813739,492
63674921,33.931,37.7648,483,35470,0.92836,0.63,2,814264,813781,483
63677841,8.3862,32.353,454,35530,0.929672,0.63,2,814266,813812,454
63680761,34.4772,8.07059,493,35589,0.945934,0.63,2,814307,813814,493
63829681,60,23,529,38500,0.79,1,2,816317,815788,529
63832601,41.6,51.8,507,38555,0.662,1,1,816354,815847,507
63835521,73.12,35.96,556,38610,0.4924,1,1,816435,815879,556
63838441,42.624,79.992,500,38665,0.42648,1,1,816470,815970,500
63841361,38.1248,46.3984,499,38720,0.317296,1,1,816507,816008,499
63844281,37.225,50.8797,484,38775,0.263459,1,1,816544,816060,484
63847201,27.445,26.1759,489,38829,0.236692,1,1,816569,816080,489
63850121,20.689,26.8352,481,38883,0.247338,0.98,1,816588,816107,481
63853041,28.9378,31.767,479,38937,0.233468,1,1,816619,816140,479
63855961,24.9876,27.1534,477,38991,0.198694,1,1,816643,816166,477
63858881,26.5975,29.4307,474,39045,0.191739,0.87,1,816670,816196,474
63861801,26.1195,30.6861,469,39099,0.174348,0.86,1,816696,816227,469
63864721,26.0239,30.1372,465,39153,0.20287,0.79,1,816722,816257,465
63867641,49.2048,54.0274,460,39207,0.192574,0.63,1,816777,816317,460
63870561,34.641,40.4055,454,39261,0.158515,0.45,1,816808,816354,454
63873481,64.5282,72.8811,445,39315,0.231703,0.41,1,816880,816435,445
63876401,37.7056,42.5762,441,39369,0.262341,0.29,1,816911,816470,441
63879321,33.9411,38.1152,437,39423,0.268468,0.25,1,816944,816507,437
63882241,34.7882,37.223,435,39477,0.317694,0.23,1,816979,816544,435
63885161,27.7576,27.4446,436,39530,0.295539,0.25,1,817005,816569,436
63888081,16.7515,20.6889,431,39583,0.339108,0.23,1,817019,816588,431
63891001,27.3503,28.9378,430,39636,0.427822,0.19,1,817049,816619,430
63893921,23.8701,24.9876,429,39689,0.397564,0.19,1,817072,816643,429
63896841,27.174,26.5975,430,39742,0.391513,0.17,1,817100,816670,430
63899761,26.2348,26.1195,430,39795,0.422303,0.21,1,817126,816696,430
63902681,26.047,26.0239,430,39848,0.428461,0.19,1,817152,816722,430
63905601,49.2094,49.2048,430,39901,0.461692,0.15,1,817207,816777,430
63908521,33.8419,34.641,429,39954,0.468338,0.25,1,817237,816808,429
63911441,67.5684,64.5282,433,40007,0.453668,0.27,1,817313,816880,433
63914361,39.1137,37.7056,434,40060,0.482734,0.27,1,817345,816911,434
63917281,35.0227,7.54113,468,40113,0.488547,0.27,1,817379,816911,468
63920201,35.8045,27.9082,471,40166,0.489709,0.33,1,817415,816944,471
63923121,27.9609,33.5816,462,40219,0.473942,0.29,1,817441,816979,462
63926041,19.1922,27.5163,453,40271,0.502788,0.35,1,817458,817005,453
63928961,29.4384,16.7033,471,40323,0.540558,0.45,1,817490,817019,471
63931881,25.0877,27.3407,465,40375,0.548112,0.39,1,817514,817049,465
63934801,25.8175,23.8681,468,40427,0.549622,0.39,1,817540,817072,468
63937721,27.5635,27.1736,468,40479,0.565924,0.43,1,817568,817100,468
63940641,25.5127,26.2347,467,40531,0.569185,0.43,1,817593,817126,467
63943561,49.9025,26.0469,497,40583,0.569837,0.47,1,817649,817152,497
63946481,32.3805,49.2094,470,40635,0.569967,0.47,1,817677,817207,470
63949401,69.6761,33.8419,519,40687,0.617994,0.45,1,817756,817237,519
63952321,39.5352,67.5684,475,40739,0.643599,0.49,1,817788,817313,475
63955241,35.107,39.1137,477,40791,0.66472,0.49,1,817822,817345,477
63958161,35.8214,35.0227,479,40843,0.684944,0.49,1,817858,817379,479
63961081,31.1643,35.8045,473,40895,0.720989,0.47,1,817888,817415,473
63964001,19.0329,27.9609,463,40947,0.776198,0.51,2,817904,817441,463
63966921,31.0066,19.1922,480,40999,0.80324,0.55,2,817938,817458,480
63969841,25.4013,29.4384,472,41050,0.824648,0.55,2,817962,817490,472
63972761,26.6803,25.0877,475,41101,0.81293,0.55,2,817989,817514,475
63975681,27.7361,25.8175,477,41152,0.826586,0.57,2,818017,817540,477
63978601,25.5472,27.5635,474,41203,0.845317,0.57,2,818042,817568,474
63981521,49.9094,25.5127,505,41254,0.865063,0.57,2,818098,817593,505
63984441,32.3819,49.9025,477,41305,0.885013,0.57,2,818126,817649,477
63987361,72.0764,32.3805,531,41356,0.889003,0.63,2,818208,817677,531
63990281,41.6153,69.6761,486,41407,0.905801,0.65,2,818242,817756,486
63993201,35.5231,39.5352,488,41458,0.90916,0.67,2,818276,817788,488
63996121,37.5046,35.107,492,41509,0.877832,0.69,2,818314,817822,492
63999041,9.10092,35.8214,458,41560,0.871566,0.73,2,818316,817858,458
64001961,27.4202,31.1643,460,41611,0.886313,0.79,2,818348,817888,460
64004881,19.084,19.0329,461,41662,0.905263,0.81,2,818365,817904,461
64007801,31.8168,31.0066,462,41713,0.861053,0.83,2,818400,817938,462
64010721,26.3634,25.4013,463,41764,0.83621,0.81,2,818425,817962,463
64013641,26.0727,26.6803,462,41815,0.863242,0.83,2,818451,817989,462
64016561,28.4145,27.7361,463,41865,0.868648,0.85,2,818480,818017,463
64019481,26.4829,25.5472,464,41915,0.90173,0.87,2,818506,818042,464
64022401,51.6966,49.9094,466,41965,0.924346,0.89,2,818564,818098,466
64238481,24,15,436,20544,0.03,0,1,821312,820876,436
64241401,20,24.6,428,20647,0.014,0.01,1,821331,820903,428
64244321,64.8,41.72,458,20750,0.0268,0.09,1,821407,820949,458
64247241,96.16,87.544,463,20852,0.07736,0.03,1,821511,821048,463
64250161,71.232,71.1088,461,20954,0.087472,0.05,1,821576,821115,461
64253081,71.0464,84.6218,444,21055,0.0574944,0.03,1,821647,821203,444
64256001,64.6093,64.1244,448,21156,0.0994989,0.03,1,821710,821262,448
64258921,32.9219,52.8249,423,21256,0.1559,0.01,1,821735,821312,423
64261841,20.9844,25.765,422,21356,0.10318,0.03,1,821753,821331,422
64264761,66.5969,65.953,424,21455,0.076636,0.09,1,821831,821407,424
64267681,98.1194,96.3906,426,21554,0.119327,0.09,1,821937,821511,426
64270601,73.2239,71.2781,428,21652,0.143865,0.05,1,822004,821576,428
64273521,67.4448,71.0556,423,21750,0.116773,0.11,1,822070,821647,423
64276441,67.089,64.6111,427,21848,0.0633546,0.17,1,822137,821710,427
64279361,32.6178,32.9222,426,21945,0.0846709,0.09,1,822161,821735,426
64282281,17.7236,20.9844,422,22042,0.120934,0.07,1,822175,821753,422
64285201,66.7447,66.5969,423,22138,0.0641868,0.13,1,822254,821831,423
64288121,103.749,98.1194,430,22234,0.0368374,0.15,1,822367,821937,430
64291041,73.5498,73.2239,429,22329,0.0793675,0.11,1,822433,822004,429
64293961,62.71,67.4448,423,22424,0.0878735,0.05,1,822493,822070,423
64296881,67.742,67.089,425,22519,0.121575,0.05,1,822562,822137,425
64299801,32.7484,13.4178,449,22613,0.0963149,0.09,1,822586,822137,449
64302721,16.1497,21.8836,437,22707,0.107263,0.13,1,822598,822161,437
64305641,64.8299,15.5767,500,22800,0.109453,0.05,1,822675,822175,500
64308561,104.166,66.3153,535,22893,0.189891,0.03,1,822789,822254,535
64311481,74.4332,103.663,489,22986,0.253978,0.09,1,822856,822367,489
64314401,64.4866,73.5326,485,23078,0.314796,0.09,1,822918,822433,485
64317321,68.0973,62.7065,494,23170,0.310959,0.13,1,822987,822493,494
64320241,33.6195,67.7413,450,23261,0.326192,0.09,1,823012,822562,450
64323161,16.3239,32.7483,438,23352,0.329238,0.11,1,823024,822586,438
64326081,64.8648,16.1497,503,23443,0.329848,0.11,1,823101,822598,503
64329001,108.173,64.8299,545,23533,0.39397,0.21,1,823220,822675,545
64331921,78.4346,104.166,502,23623,0.422794,0.27,1,823291,822789,502
64334841,66.8869,74.4332,499,23713,0.444559,0.33,1,823355,822856,499
64337761,67.7774,64.4866,505,23802,0.464912,0.31,1,823423,822918,505
64340681,34.3555,68.0973,462,23891,0.484982,0.33,1,823449,822987,462
64343601,16.4711,33.6195,449,23980,0.504996,0.33,1,823461,823012,449
64346521,4.89422,16.3239,439,24068,0.508999,0.33,1,823463,823024,439
64349441,61.7788,64.8648,438,24156,0.5258,0.41,1,823539,823101,438
64352361,110.756,108.173,442,24244,0.62516,0.43,1,823662,823220,442
64355281,79.7512,78.4346,443,24331,0.677032,0.45,1,823734,823291,443
64358201,67.9502,66.8869,444,24418,0.751406,0.47,2,823799,823355,444
64361121,68.79,67.7774,445,24505,0.766281,0.49,2,823868,823423,445
64364041,36.158,34.3555,447,24591,0.769256,0.51,2,823896,823449,447
64366961,16.8316,16.4711,447,24677,0.801851,0.51,2,823908,823461,447
64369881,4.96632,4.89422,447,24763,0.80837,0.53,2,823910,823463,447
64372801,62.5933,61.7788,448,24849,0.777674,0.65,2,823987,823539,448
64375721,114.919,110.756,453,24934,0.835535,0.69,2,824115,823662,453
64378641,82.9837,79.7512,456,25019,0.799107,0.77,2,824190,823734,456
64381561,71.7967,67.9502,460,25104,0.791821,0.77,2,824259,823799,460
64384481,69.5593,68.79,460,25188,0.838364,0.77,2,824328,823868,460
64387401,36.3119,36.158,460,25272,0.847673,0.81,2,824356,823896,460
64390321,16.8624,16.8316,460,25356,0.849535,0.81,2,824368,823908,460
64393241,4.97247,4.96632,460,25440,0.849907,0.81,2,824370,823910,460
64396161,61.7945,0.993264,536,25523,0.897981,0.77,2,824446,823910,536
64399081,116.359,61.7987,589,25606,0.875596,0.85,2,824576,823987,589
64504201,34,0,529,28432,0.49,1,1,826559,826030,529
64507121,63.6,48,540,28506,0.346,1,1,826630,826090,540
64510041,64.72,59.2,543,28580,0.1892,1,1,826695,826152,543
64512961,44.944,67.04,514,28654,0.12584,0.98,1,826735,826221,514
64515881,37.7888,43.008,513,28728,0.049168,1,1,826771,826258,513
64518801,37.1578,45.4016,504,28802,0.129834,1,1,826808,826304,504
64521721,37.0316,37.0803,506,28876,0.0659667,0.97,1,826845,826339,506
64524641,81.0063,32.2161,567,28949,0.0371933,0.73,1,826937,826370,567
64527561,46.6013,96.8432,492,29022,0.0954387,0.65,1,826975,826483,492
64530481,33.3203,52.9686,480,29095,0.0750877,0.49,1,827005,826525,480
64533401,56.2641,37.7937,508,29168,0.0710175,0.31,1,827067,826559,508
64536321,57.6528,64.3587,495,29241,0.102204,0.15,1,827125,826630,495
64539241,37.9306,64.8717,463,29313,0.124441,0.11,1,827158,826695,463
64542161,34.7861,44.9743,457,29385,0.0328881,0.03,1,827192,826735,457
64545081,38.9572,37.7949,461,29457,0.0625776,0.15,1,827232,826771,461
64548001,36.5914,37.159,460,29529,0.116516,0.05,1,827268,826808,460
64550921,81.7183,37.0318,516,29601,0.127303,0.03,1,827361,826845,516
64553841,46.7437,81.0064,462,29673,0.129461,0.11,1,827399,826937,462
64556761,33.3487,46.6013,454,29744,0.129892,0.07,1,827429,826975,454
64559681,56.2697,33.3203,486,29815,0.129978,0.07,1,827491,827005,486
64562601,12.8539,56.2641,426,29886,0.129996,0.11,1,827493,827067,426
64565521,48.1708,57.6528,425,29957,0.161999,0.13,1,827550,827125,425
64568441,38.4342,37.9306,428,30028,0.2164,0.01,1,827586,827158,428
64571361,30.0868,34.7861,422,30098,0.25928,0.07,1,827614,827192,422
64574281,40.4174,38.9572,425,30168,0.187856,0.13,1,827657,827232,425
64577201,39.2835,36.5914,428,30238,0.269571,0.13,1,827696,827268,428
64580121,82.2567,81.7183,428,30308,0.269914,0.13,1,827789,827361,428
64583041,46.8513,46.7437,428,30378,0.285983,0.13,1,827827,827399,428
64585961,33.3703,33.3487,428,30448,0.289197,0.13,1,827857,827429,428
64588881,56.2741,56.2697,428,30518,0.321839,0.13,1,827919,827491,428
64591801,12.8548,12.8539,428,30587,0.296368,0.17,1,827921,827493,428
64594721,50.571,48.1708,431,30656,0.291274,0.23,1,827981,827550,431
64597641,40.5142,38.4342,433,30725,0.306255,0.27,1,828019,827586,433
64600561,28.9028,30.0868,431,30794,0.341251,0.17,1,828045,827614,431
64603481,39.3806,40.4174,430,30863,0.39625,0.29,1,828087,827657,430
64606401,44.6761,39.2835,437,30932,0.40725,0.27,1,828133,827696,437
64609321,81.7352,82.2567,435,31000,0.42545,0.29,1,828224,827789,435
64612241,47.547,46.8513,436,31068,0.50909,0.29,1,828263,827827,436
64615161,33.5094,33.3703,436,31136,0.525818,0.33,1,828293,827857,436
64618081,56.3019,56.2741,436,31204,0.529164,0.29,1,828355,827919,436
64621001,12.8604,12.8548,436,31272,0.529833,0.29,1,828357,827921,436
64623921,48.9721,50.571,434,31340,0.529967,0.29,1,828415,827981,434
64626841,40.9944,10.1142,473,31408,0.561993,0.31,1,828454,827981,473
64629761,31.3989,32.4228,464,31475,0.552399,0.35,1,828483,828019,464
64632681,40.6798,27.2846,481,31542,0.53448,0.41,1,828526,828045,481
64635601,44.936,39.0569,485,31609,0.546896,0.41,1,828572,828087,485
64638521,84.1872,44.6114,533,31676,0.597379,0.43,1,828666,828133,533
64641441,50.4374,81.7223,484,31743,0.639476,0.53,1,828708,828224,484
64644361,34.8875,47.5445,476,31810,0.663895,0.53,1,828739,828263,476
64647281,57.3775,33.5089,509,31877,0.668779,0.53,1,828802,828293,509
64650201,13.0755,56.3018,449,31943,0.669756,0.53,1,828804,828355,449
64653121,49.8151,12.8604,506,32009,0.685951,0.53,1,828863,828357,506
64656041,41.163,48.9721,487,32075,0.67319,0.57,1,828902,828415,487
64658961,31.4326,40.9944,477,32141,0.702638,0.55,1,828931,828454,477
64661881,40.6865,31.3989,491,32207,0.724528,0.53,1,828974,828483,491
64664801,46.5373,40.6798,496,32273,0.728906,0.55,1,829022,828526,496
64667721,85.3075,44.936,545,32339,0.729781,0.61,1,829117,828572,545
64670641,52.2615,84.1872,495,32404,0.745956,0.65,1,829161,828666,495
64673561,34.4523,50.4374,483,32469,0.781191,0.67,2,829191,828708,483
64676481,58.8905,34.8875,517,32534,0.788238,0.67,2,829256,828739,517
64679401,13.3781,57.3775,456,32599,0.789648,0.67,2,829258,828802,456
64682321,50.6756,13.0755,514,32664,0.82193,0.69,2,829318,828804,514
64685241,42.1351,49.8151,495,32729,0.828386,0.67,2,829358,828863,495
64688161,10.027,41.163,458,32794,0.829677,0.71,2,829360,828902,458
64691081,24.4054,31.4326,457,32858,0.877935,0.73,2,829388,828931,457
64694001,40.0811,40.6865,458,32922,0.903587,0.73,2,829432,828974,458
64696921,44.8162,46.5373,456,32986,0.908717,0.73,2,829478,829022,456
64837081,50,55,482,35935,0.79,1,2,831573,831091,482
64840001,39.6,40.6,482,35994,0.71,0.92,1,831610,831128,482
64842921,33.52,36.92,478,36053,0.79,1,2,831642,831164,478
64845841,39.504,41.784,476,36112,0.838,1,2,831683,831207,476
64848761,37.5008,33.1568,482,36171,0.7516,0.88,2,831720,831238,482
64851681,29.1002,33.8314,475,36229,0.78232,0.88,2,831747,831272,475
64854601,37.82,32.3663,483,36287,0.756464,1,2,831787,831304,483
64857521,20.364,32.0733,467,36345,0.719293,0.93,1,831803,831336,467
64860441,31.2728,34.4147,466,36403,0.775859,0.95,2,831837,831371,466
64863361,31.0546,34.0829,463,36461,0.771172,0.83,2,831868,831405,463
64866281,52.6109,54.8166,461,36519,0.802234,0.73,2,831926,831465,461
64869201,55.3222,57.3633,459,36577,0.840447,0.79,2,831982,831523,459
64872121,51.0644,51.4727,459,36635,0.816089,0.69,2,832032,831573,459
64875041,41.4129,39.8945,461,36693,0.891218,0.81,2,832071,831610,461
64877961,32.2826,33.5789,459,36751,0.890244,0.85,2,832101,831642,459
64880881,36.0565,39.5158,455,36809,0.906049,0.73,2,832138,831683,455
65047321,34,46,491,39948,0.61,1,1,834292,833801,491
65050241,52.4,68.4,474,40001,0.546,1,1,834349,833875,474
65053161,46.48,40.88,485,40054,0.5012,1,1,834394,833909,485
65056081,32.496,27.376,490,40107,0.36424,1,1,834423,833933,490
65059001,28.8992,5.4752,518,40160,0.336848,1,1,834451,833933,518
65061921,40.1798,42.695,509,40213,0.26737,0.99,1,834494,833985,509
65064841,29.636,35.739,502,40266,0.237474,0.88,1,834521,834019,502
65067761,43.5272,28.7478,522,40318,0.135495,1,1,834568,834046,522
65070681,39.1054,47.3496,508,40370,0.115099,0.99,1,834606,834098,508
65073601,29.4211,37.4699,500,40422,0.0630198,0.98,1,834633,834133,500
65076521,18.6842,32.294,485,40474,0.100604,1,1,834649,834164,485
65079441,32.5368,21.6588,502,40526,0.0921208,0.79,1,834685,834183,502
65082361,30.5074,37.1318,491,40578,0.0744242,0.67,1,834715,834224,491
65085281,28.5015,34.6264,485,40630,0.0868848,0.61,1,834743,834258,485
65088201,47.3003,34.1253,503,40682,0.073377,0.53,1,834795,834292,503
65091121,43.0601,52.4251,488,40734,0.134675,0.49,1,834837,834349,488
65094041,27.012,46.485,466,40786,0.0989351,0.33,1,834860,834394,466
65096961,26.2024,32.497,463,40838,0.155787,0.33,1,834886,834423,463
65099881,37.2405,28.8994,475,40890,0.183157,0.25,1,834926,834451,475
65102801,24.2481,40.1799,453,40942,0.172631,0.23,1,834947,834494,453
65105721,40.8496,29.636,471,40994,0.122526,0.11,1,834992,834521,471
65108641,40.1699,43.5272,464,41045,0.112505,0.11,1,835032,834568,464
65111561,28.834,39.1054,452,41096,0.126501,0.05,1,835058,834606,452
65114481,18.5668,29.4211,441,41147,0.1293,0.11,1,835074,834633,441
65117401,33.3134,18.6842,462,41198,0.14586,0.09,1,835111,834649,462
65120321,29.0627,32.5368,454,41249,0.133172,0.07,1,835139,834685,454
65123241,29.0125,30.5074,453,41300,0.146634,0.09,1,835168,834715,453
65126161,48.2025,28.5015,478,41351,0.181327,0.07,1,835221,834743,478
65129081,44.0405,47.3003,469,41402,0.204265,0.15,1,835264,834795,469
65132001,28.0081,43.0601,451,41453,0.208853,0.09,1,835288,834837,451
65134921,25.6016,27.012,453,41504,0.161771,0.17,1,835313,834860,453
65137841,6.72032,26.2024,429,41555,0.200354,0.19,1,835315,834886,429
65140761,34.9441,37.2405,431,41606,0.272071,0.17,1,835357,834926,431
65143681,23.7888,24.2481,431,41657,0.270414,0.11,1,835378,834947,431
65146601,37.5578,40.8496,427,41708,0.286083,0.11,1,835419,834992,427
65149521,39.5116,40.1699,427,41759,0.305217,0.13,1,835459,835032,427
65152441,29.5023,28.834,428,41810,0.309043,0.13,1,835486,835058,428
65155361,18.7005,18.5668,428,41860,0.357809,0.15,1,835502,835074,428
65158281,32.5401,33.3134,427,41910,0.383562,0.13,1,835538,835111,427
65161201,29.708,29.0627,428,41960,0.404712,0.15,1,835567,835139,428
65164121,30.7416,29.0125,430,42010,0.424942,0.19,1,835598,835168,430
65167041,50.1483,48.2025,432,42060,0.444988,0.21,1,835653,835221,432
65169961,44.4297,44.0405,432,42110,0.448998,0.21,1,835696,835264,432
65172881,26.4859,28.0081,430,42160,0.4498,0.15,1,835718,835288,430
65175801,26.8972,25.6016,432,42210,0.46596,0.21,1,835745,835313,432
65178721,6.97944,6.72032,432,42260,0.437192,0.29,1,835747,835315,432
65181641,36.5959,34.9441,434,42310,0.431438,0.27,1,835791,835357,434
65184561,24.9192,23.7888,435,42360,0.494288,0.29,1,835813,835378,435
65187481,38.5838,37.5578,436,42410,0.506858,0.31,1,835855,835419,436
65190401,40.5168,39.5116,437,42460,0.525371,0.31,1,835896,835459,437
65193321,29.7034,29.5023,437,42510,0.561074,0.37,1,835923,835486,437
65196241,19.5407,18.7005,438,42560,0.584215,0.39,1,835940,835502,438
65199161,33.5081,32.5401,439,42610,0.604843,0.41,1,835977,835538,439
65202081,31.5016,29.708,441,42660,0.640969,0.43,1,836008,835567,441
65205001,32.7003,30.7416,443,42709,0.648194,0.45,1,836041,835598,443
65207921,51.3401,50.1483,444,42758,0.665639,0.45,1,836097,835653,444
65210841,44.668,44.4297,444,42807,0.701128,0.45,1,836140,835696,444
65213761,26.5336,26.4859,444,42856,0.676226,0.47,1,836162,835718,444
65216681,26.1067,26.8972,443,42905,0.719245,0.43,1,836188,835745,443
65219601,6.82134,6.97944,443,42954,0.727849,0.43,1,836190,835747,443
65222521,37.3643,36.5959,444,43003,0.71357,0.43,1,836235,835791,444
65225441,25.0729,7.31918,466,43052,0.710714,0.51,1,836257,835791,466
65228361,39.4146,19.0638,487,43101,0.774143,0.51,2,836300,835813,487
65231281,43.0829,37.4128,489,43150,0.786829,0.53,2,836344,835855,489
65234201,31.0166,40.2826,476,43199,0.773366,0.57,2,836372,835896,476
65237121,20.6033,29.6565,467,43248,0.786673,0.59,2,836390,835923,467
65240041,34.5207,19.5313,488,43297,0.789335,0.61,2,836428,835940,488
65242961,33.3041,33.5063,484,43346,0.821867,0.65,2,836461,835977,484
65245881,33.0608,31.5013,486,43395,0.812373,0.65,2,836494,836008,486
65248801,53.0122,32.7002,511,43444,0.826475,0.67,2,836552,836041,511
65251721,44.2024,51.34,497,43493,0.829295,0.71,2,836594,836097,497
65254641,26.4405,44.668,476,43542,0.845859,0.67,2,836616,836140,476
65257561,26.8881,26.5336,481,43590,0.865172,0.73,2,836643,836162,481
65260481,6.97762,26.1067,457,43638,0.869034,0.73,2,836645,836188,457
65263401,38.1955,6.82134,501,43686,0.869807,0.71,2,836691,836190,501
65266321,26.0391,37.3643,479,43734,0.885961,0.71,2,836714,836235,479
65269241,42.0078,25.0729,503,43782,0.889192,0.79,2,836760,836257,503
65272161,42.0016,39.4146,502,43830,0.937838,0.79,2,836802,836300,502
65275081,31.6003,43.0829,487,43878,0.931568,0.77,2,836831,836344,487
65278001,21.5201,31.0166,478,43926,0.930314,0.79,2,836850,836372,478
65280921,35.504,20.6033,499,43974,0.946063,0.79,2,836889,836390,499
65283841,34.3008,34.5207,495,44022,0.917213,0.83,2,836923,836428,495
65286761,33.2602,33.3041,495,44070,0.943443,0.81,2,836956,836461,495
65289681,53.052,33.0608,520,44118,0.948689,0.83,2,837014,836494,520
65450281,30,32,509,46675,0.85,1,2,838740,838231,509
65453201,29.2,26.4,513,46720,0.834,1,2,838769,838256,513
65456121,29.84,22.88,521,46765,0.8148,1,2,838799,838278,521
65459041,28.368,27.776,520,46810,0.77896,1,2,838827,838307,520
65461961,24.8736,34.3552,508,46855,0.803792,0.99,2,838851,838343,508
65464881,40.1747,30.071,523,46900,0.728758,1,1,838895,838372,523
65467801,59.2349,54.8142,526,46945,0.665752,1,1,838959,838433,526
65470721,35.047,49.3628,507,46990,0.68515,1,1,838988,838481,507
65473641,30.2094,34.6726,505,47035,0.68903,1,1,839017,838512,505
65476561,23.6419,31.7345,496,47080,0.705806,1,1,839039,838543,496
65479481,28.7284,24.7469,503,47125,0.661161,0.99,1,839069,838566,503
65482401,26.5457,28.9494,499,47170,0.684232,0.92,1,839095,838596,499
65485321,29.3091,27.3899,502,47215,0.672846,1,1,839125,838623,502
65488241,27.4618,31.878,496,47260,0.718569,0.87,1,839152,838656,496
65491161,23.8924,29.5756,490,47305,0.679714,0.89,1,839175,838685,490
65494081,30.3785,25.9151,497,47350,0.751943,0.85,2,839207,838710,497
65497001,7.67569,29.183,469,47395,0.766389,0.83,2,839209,838740,469
65499921,20.7351,29.0366,464,47439,0.769278,0.81,2,839233,838769,464
65502841,24.947,29.8073,460,47483,0.737856,0.77,1,839259,838799,460
65505761,28.1894,28.3615,461,47527,0.763571,0.81,2,839288,838827,461
65508681,24.0379,24.8723,460,47571,0.752714,0.71,2,839311,838851,460
65511601,36.0076,40.1745,455,47615,0.750543,0.65,2,839350,838895,455
65514521,60.0015,59.2349,457,47659,0.814109,0.69,2,839416,838959,457
65517441,32.8003,35.047,454,47703,0.842822,0.69,2,839442,838988,454
65520361,31.3601,30.2094,456,47747,0.864564,0.71,2,839473,839017,456
65523281,23.072,23.6419,455,47791,0.820913,0.65,2,839494,839039,455
65526201,27.8144,28.7284,454,47835,0.892183,0.69,2,839523,839069,454
65529121,27.1629,26.5457,455,47879,0.906437,0.67,2,839550,839095,455
65543721,2,2,460,48099,0.93,0.77,2,839669,839209,460
65546641,19.6,19.6,460,48143,0.93,0.73,2,839693,839233,460
65549561,23.92,24.72,459,48187,0.93,0.77,2,839718,839259,459
65894121,33,27,464,24178,0.07,0.35,1,843359,842895,464
65897041,43.4,39,468,24266,0.022,0.13,1,843405,842937,468
65899961,51.08,67,447,24353,0.0284,0,1,843458,843011,447
65902881,65.416,74.2,440,24440,0.01368,0.01,1,843527,843087,440
65905801,34.6832,42.04,433,24527,0.002736,0.03,1,843554,843121,433
65908721,52.5366,31.608,461,24613,0.0245472,0.05,1,843611,843150,461
65911641,62.5073,64.7216,453,24699,0.0449094,0.07,1,843676,843223,453
65914561,72.5015,73.7443,452,24785,0.0329819,0.07,1,843751,843299,452
65917481,41.7003,62.7489,426,24871,0.142596,0.01,1,843785,843359,426
65920401,42.7401,49.3498,423,24956,0.164519,0.03,1,843828,843405,423
65923321,50.948,52.27,423,25041,0.168904,0.01,1,843881,843458,423
65926241,64.5896,65.654,422,25126,0.0897808,0,1,843949,843527,422
65929161,35.3179,34.7308,423,25210,0.0419562,0.03,1,843977,843554,423
65932081,53.4636,52.5462,424,25294,0.0643912,0.05,1,844035,843611,424
65935001,61.0927,62.5092,422,25378,0.132878,0.03,1,844098,843676,422
65937921,72.2185,72.5018,422,25461,0.114576,0.03,1,844173,843751,422
65940841,45.6437,14.5004,461,25544,0.0949151,0.17,1,844212,843751,461
65943761,45.1287,30.1001,472,25627,0.090983,0.17,1,844257,843785,472
65946681,52.2257,40.42,483,25710,0.122197,0.17,1,844311,843828,483
65949601,60.0452,50.484,492,25792,0.128439,0.07,1,844373,843881,492
65952521,32.809,64.4968,450,25874,0.0816879,0.03,1,844399,843949,450
65955441,55.3618,35.2994,483,25956,0.0243376,0.07,1,844460,843977,483
65958361,62.2724,53.4599,489,26038,0.0928675,0.15,1,844524,844035,489
65961281,70.8545,61.092,499,26119,0.122574,0.11,1,844597,844098,499
65964201,46.9709,72.2184,465,26200,0.144515,0.09,1,844638,844173,465
65967121,44.5942,45.6437,470,26281,0.148903,0.09,1,844682,844212,470
65970041,52.1188,45.1287,479,26362,0.181781,0.13,1,844736,844257,479
65972961,62.4238,52.2257,490,26442,0.220356,0.13,1,844801,844311,490
65975881,30.0848,60.0452,450,26522,0.212071,0.07,1,844823,844373,450
65978801,52.417,32.809,482,26602,0.226414,0.01,1,844881,844399,482
65981721,65.6834,55.3618,490,26682,0.229283,0.11,1,844950,844460,490
65984641,72.3367,62.2724,500,26761,0.261857,0.13,1,845024,844524,500
65987561,46.4673,70.8545,467,26840,0.284371,0.15,1,845064,844597,467
65990481,10.8935,46.9709,428,26919,0.288874,0.15,1,845066,844638,428
65993401,38.1787,44.5942,429,26998,0.353775,0.19,1,845111,844682,429
65996321,52.4357,52.1188,431,27076,0.350755,0.23,1,845167,844736,431
65999241,62.4871,62.4238,431,27154,0.382151,0.21,1,845232,844801,431
66002161,30.8974,30.0848,432,27232,0.37243,0.23,1,845255,844823,432
66005081,53.3795,52.417,433,27310,0.386486,0.23,1,845314,844881,433
66008001,65.8759,65.6834,433,27388,0.437297,0.27,1,845383,844950,433
66010921,73.9752,72.3367,435,27465,0.399459,0.29,1,845459,845024,435
66013841,47.595,46.4673,436,27542,0.423892,0.29,1,845500,845064,436
66016761,11.119,10.8935,436,27619,0.460778,0.37,1,845502,845066,436
66019681,40.6238,38.1787,439,27696,0.468156,0.35,1,845550,845111,439
66022601,52.9248,52.4357,439,27772,0.501631,0.39,1,845606,845167,439
66025521,62.585,62.4871,439,27848,0.524326,0.37,1,845671,845232,439
66028441,30.117,30.8974,438,27924,0.576865,0.39,1,845693,845255,438
66031361,54.0234,53.3795,439,28000,0.603373,0.45,1,845753,845314,439
66034281,68.4047,65.8759,442,28076,0.656675,0.39,1,845825,845383,442
66037201,74.4809,73.9752,442,28151,0.683335,0.43,1,845901,845459,442
66040121,48.4962,47.595,443,28226,0.672667,0.47,1,845943,845500,443
66043041,11.2992,11.119,443,28301,0.670533,0.47,1,845945,845502,443
66045961,42.2598,40.6238,445,28376,0.702107,0.47,1,845995,845550,445
66048881,54.052,8.12476,502,28451,0.756421,0.51,2,846052,845550,502
66051801,64.4104,46.425,513,28525,0.767284,0.53,2,846119,845606,513
66054721,30.4821,61.285,470,28599,0.801457,0.59,2,846141,845671,470
66057641,56.4964,29.857,511,28673,0.792291,0.61,2,846204,845693,511
66060561,69.6993,53.9714,524,28747,0.806458,0.67,2,846277,845753,524
66063481,75.5399,68.3943,529,28821,0.841292,0.69,2,846354,845825,529
66066401,49.508,74.4789,496,28894,0.880258,0.67,2,846397,845901,496
66069321,11.5016,48.4958,456,28967,0.888052,0.67,2,846399,845943,456
66072241,44.7003,11.2992,507,29040,0.88961,0.71,2,846452,845945,507
66075161,56.1401,42.2598,516,29113,0.905922,0.77,2,846511,845995,516
66078081,66.428,54.052,528,29186,0.925184,0.77,2,846580,846052,528
66203641,63,36,553,32155,0.81,1,2,848642,848089,553
66206561,82.2,72,559,32221,0.618,1,1,848729,848170,559
66209481,42.04,75.2,515,32287,0.5476,1,1,848761,848246,515
66212401,34.808,49.44,505,32353,0.48552,1,1,848794,848289,505
66215321,34.9616,37.088,506,32418,0.425104,1,1,848829,848323,506
66218241,52.5923,30.6176,534,32483,0.349021,1,1,848886,848352,534
66221161,72.1185,57.3235,547,32548,0.317804,1,1,848963,848416,547
66224081,32.0237,65.8647,501,32613,0.263561,0.98,1,848985,848484,501
66227001,30.4047,36.3729,502,32678,0.252712,0.9,1,849015,848513,502
66229921,34.0809,32.8746,505,32743,0.234542,0.84,1,849050,848545,505
66232841,9.21619,33.7749,474,32808,0.230908,0.81,1,849053,848579,474
66235761,38.6432,57.155,457,32872,0.198182,0.57,1,849099,848642,457
66238681,72.5286,81.031,451,32936,0.175636,0.53,1,849180,848729,451
66241601,42.5057,41.8062,454,33000,0.107127,0.47,1,849215,848761,454
66244521,26.1011,34.7612,443,33064,0.157425,0.41,1,849237,848794,443
66247441,30.8202,34.9522,440,33128,0.103485,0.33,1,849269,848829,440
66250361,50.164,52.5905,438,33192,0.124697,0.31,1,849324,848886,438
66253281,68.4328,72.1181,434,33256,0.128939,0.25,1,849397,848963,434
66256201,30.4866,32.0236,433,33320,0.161788,0.25,1,849418,848985,433
66259121,28.4973,30.4047,431,33383,0.152358,0.23,1,849446,849015,431
66262041,34.4995,34.0809,432,33446,0.134472,0.23,1,849482,849050,432
66264961,9.29989,9.21619,432,33509,0.162894,0.19,1,849485,849053,432
66267881,36.26,38.6432,429,33572,0.120579,0.17,1,849528,849099,429
66270801,71.252,72.5286,428,33635,0.224116,0.09,1,849608,849180,428
66273721,42.2504,42.5057,428,33698,0.196823,0.17,1,849643,849215,428
66276641,24.4501,26.1011,426,33761,0.287365,0.09,1,849663,849237,426
66279561,29.69,30.8202,425,33824,0.289473,0.13,1,849694,849269,425
66282481,50.738,50.164,426,33887,0.321895,0.13,1,849750,849324,426
66285401,70.1476,68.4328,428,33949,0.328379,0.17,1,849825,849397,428
66288321,30.8295,30.4866,428,34011,0.377676,0.15,1,849846,849418,428
66291241,26.1659,28.4973,425,34073,0.419535,0.13,1,849871,849446,425
66294161,37.2332,34.4995,429,34135,0.427907,0.17,1,849911,849482,429
66297081,9.04664,9.29989,428,34197,0.429581,0.11,1,849913,849485,428
66300001,35.4093,36.26,427,34259,0.461916,0.11,1,849955,849528,427
66302921,74.2819,7.252,511,34321,0.516383,0.25,1,850039,849528,511
66305841,42.8564,65.4504,466,34383,0.527277,0.19,1,850074,849608,466
66308761,26.9713,41.0901,454,34444,0.545455,0.31,1,850097,849643,454
66311681,30.9943,24.218,466,34505,0.549091,0.29,1,850129,849663,466
66314601,50.9988,29.6436,491,34566,0.565818,0.33,1,850185,849694,491
66317521,71.7998,50.7287,512,34627,0.553164,0.33,1,850262,849750,512
66320441,33.56,70.1457,461,34688,0.582633,0.39,1,850286,849825,461
66323361,26.712,30.8291,465,34749,0.604527,0.43,1,850311,849846,465
66326281,38.9424,26.1658,482,34810,0.608905,0.43,1,850353,849871,482
66329201,9.38848,37.2332,444,34871,0.609781,0.43,1,850355,849911,444
66332121,37.0777,9.04663,486,34932,0.657956,0.47,1,850399,849913,486
66335041,77.0155,35.4093,531,34993,0.683591,0.53,1,850486,849955,531
66337961,43.4031,74.2819,482,35053,0.704718,0.53,1,850521,850039,482
66340881,27.8806,42.8564,471,35113,0.708944,0.55,1,850545,850074,471
66343801,31.1761,26.9713,480,35173,0.725789,0.55,1,850577,850097,480
66346721,51.8352,30.9943,505,35233,0.729158,0.57,1,850634,850129,505
66349641,72.767,50.9988,527,35293,0.761832,0.55,2,850712,850185,527
66352561,33.7534,71.7998,474,35353,0.768366,0.59,2,850736,850262,474
66355481,27.5507,33.56,476,35413,0.769673,0.61,2,850762,850286,476
66358401,39.1101,26.712,493,35473,0.817935,0.61,2,850804,850311,493
66361321,9.42203,38.9424,453,35533,0.827587,0.61,2,850806,850353,453
66364241,39.4844,9.38848,498,35592,0.845517,0.67,2,850853,850355,498
66367161,79.0969,37.0777,543,35651,0.817104,0.69,2,850942,850399,543
66370081,17.4194,77.0155,458,35710,0.811421,0.71,2,850944,850486,458
66373001,30.6839,43.4031,457,35769,0.842284,0.71,2,850978,850521,457
66375921,25.3368,27.8806,457,35828,0.832457,0.73,2,851002,850545,457
66378841,32.2674,31.1761,459,35887,0.830491,0.73,2,851036,850577,459
66381761,51.2535,51.8352,458,35946,0.878098,0.77,2,851092,850634,458
66384681,74.2507,72.767,460,36005,0.90362,0.77,2,851172,850712,460
66387601,34.0501,33.7534,460,36064,0.908724,0.77,2,851196,850736,460
66390521,27.61,27.5507,460,36123,0.909745,0.83,2,851222,850762,460
66405121,2,2,462,36414,0.93,0.85,2,851406,850944,462
66408041,28.4,27.6,463,36472,0.914,0.83,2,851441,850978,463
66530681,34,31,483,38832,0.81,1,2,853086,852603,483
66533601,42.8,31.8,496,38886,0.698,1,1,853131,852635,496
66536521,40.56,40.76,493,38940,0.6436,1,1,853171,852678,493
66539441,36.112,33.752,496,38994,0.61672,1,1,853206,852710,496
66542361,28.8224,29.9504,494,39048,0.467344,1,1,853233,852739,494
66545281,50.5645,59.5901,483,39102,0.357469,1,1,853289,852806,483
66548201,38.1129,40.718,482,39156,0.319494,0.84,1,853324,852842,482
66551121,35.6226,32.9436,486,39210,0.279899,0.99,1,853359,852873,486
66554041,20.7245,24.9887,480,39264,0.27198,1,1,853376,852896,480
66556961,32.9449,32.1977,482,39318,0.270396,1,1,853412,852930,482
66559881,31.389,35.2395,477,39372,0.302079,0.92,1,853443,852966,477
66562801,19.8778,25.4479,471,39426,0.276416,0.93,1,853460,852989,471
66565721,47.9756,55.4896,463,39480,0.255283,0.81,1,853515,853052,463
66568641,34.3951,38.2979,460,39533,0.315057,0.67,1,853546,853086,460
66571561,36.479,43.6596,452,39586,0.343011,0.63,1,853583,853131,452
66574481,36.0958,40.7319,448,39639,0.284602,0.61,1,853619,853171,448
66577401,32.0192,36.1464,444,39692,0.33692,0.43,1,853650,853206,444
66580321,28.0038,28.8293,444,39745,0.347384,0.33,1,853677,853233,444
66583241,44.8008,50.5659,437,39798,0.349477,0.31,1,853726,853289,437
66586161,37.7602,38.1132,438,39851,0.349895,0.27,1,853762,853324,438
66589081,33.952,35.6226,436,39904,0.349979,0.27,1,853795,853359,436
66592001,17.1904,20.7245,432,39957,0.365996,0.27,1,853808,853376,432
66594921,31.4381,32.9449,431,40010,0.385199,0.31,1,853843,853412,431
66597841,29.4876,31.389,429,40063,0.45304,0.31,1,853872,853443,429
66600761,21.0975,6.2778,448,40116,0.418608,0.27,1,853891,853443,448
66603681,49.8195,14.8556,488,40169,0.475722,0.25,1,853948,853460,488
66606601,34.7639,46.9711,464,40222,0.503144,0.33,1,853979,853515,464
66609521,37.3528,34.1942,471,40274,0.540629,0.35,1,854017,853546,471
66612441,36.2706,36.4388,470,40326,0.564126,0.27,1,854053,853583,470
66615361,35.2541,36.0878,469,40378,0.584825,0.35,1,854088,853619,469
66618281,27.0508,32.0176,463,40430,0.572965,0.35,1,854113,853650,463
66621201,46.2102,28.0035,487,40482,0.602593,0.35,1,854164,853677,487
66624121,38.842,44.8007,475,40534,0.592519,0.35,1,854201,853726,475
66627041,33.3684,37.7601,471,40586,0.590504,0.35,1,854233,853762,471
66629961,17.0737,33.952,451,40638,0.622101,0.37,1,854246,853795,451
66632881,33.0147,17.1904,475,40690,0.62842,0.39,1,854283,853808,475
66635801,31.4029,31.4381,471,40742,0.645684,0.47,1,854314,853843,471
66638721,20.6806,29.4876,460,40794,0.649137,0.41,1,854332,853872,460
66641641,52.9361,21.0975,502,40846,0.697827,0.49,1,854393,853891,502
66644561,36.1872,49.8195,477,40898,0.723565,0.51,1,854425,853948,477
66647481,40.0374,34.7639,487,40950,0.744713,0.55,1,854466,853979,487
66650401,36.8075,37.3528,485,41002,0.764943,0.57,2,854502,854017,485
66653321,36.1615,36.2706,485,41053,0.768989,0.59,2,854538,854053,485
66656241,26.4323,35.2541,474,41104,0.785798,0.57,2,854562,854088,474
66659161,47.6865,27.0508,502,41155,0.78916,0.61,2,854615,854113,502
66662081,38.3373,46.2102,487,41206,0.789832,0.59,2,854651,854164,487
66665001,33.2675,38.842,482,41257,0.789966,0.59,2,854683,854201,482
66667921,18.6535,33.3684,465,41308,0.821993,0.63,2,854698,854233,465
66670841,33.3307,17.0737,489,41359,0.860399,0.63,2,854735,854246,489
66673761,32.2661,33.0147,484,41410,0.90008,0.65,2,854767,854283,484
66676681,20.8532,31.4029,471,41461,0.908016,0.65,2,854785,854314,471
66679601,55.3706,20.6806,517,41512,0.909603,0.71,2,854849,854332,517
66682521,12.6741,52.9361,458,41563,0.909921,0.73,2,854851,854393,458
66685441,28.1348,36.1872,458,41614,0.909984,0.75,2,854883,854425,458
66688361,37.627,40.0374,457,41665,0.925997,0.77,2,854923,854466,457
66691281,38.7254,36.8075,460,41716,0.929199,0.77,2,854962,854502,460
66694201,36.5451,36.1615,460,41767,0.92984,0.79,2,854998,854538,460
66697121,27.309,26.4323,461,41818,0.881968,0.79,2,855023,854562,461
66700041,47.8618,47.6865,461,41868,0.952394,0.79,2,855076,854615,461
66907361,71,93,471,20647,0.09,0.33,1,857538,857067,471
66910281,59,69.8,463,20750,0.138,0.15,1,857594,857131,463
66913201,73.4,74.76,464,20852,0.1636,0.03,1,857671,857207,464
66916121,76.28,69.352,473,20954,0.05672,0,1,857748,857275,473
66919041,30.456,61.8704,432,21055,0.083344,0.05,1,857767,857335,432
66921961,30.8912,34.7741,435,21156,0.0726688,0.07,1,857798,857363,435
66924881,82.1782,90.1548,426,21256,0.0705338,0.09,1,857893,857467,426
66927801,73.2356,74.831,426,21356,0.134107,0.15,1,857964,857538,426
66930721,63.4471,59.7662,431,21455,0.178821,0.17,1,858025,857594,431
66933641,71.8894,73.5532,428,21554,0.219764,0.03,1,858099,857671,428
66936561,71.9779,76.3106,423,21652,0.195953,0.09,1,858171,857748,423
66939481,29.5956,30.4621,423,21750,0.191191,0.07,1,858190,857767,423
66942401,33.1191,30.8924,426,21848,0.206238,0.07,1,858224,857798,426
66945321,81.8238,82.1785,425,21945,0.257248,0.15,1,858318,857893,425
66948241,76.3648,73.2357,429,22042,0.26745,0.19,1,858393,857964,429
66951161,65.673,63.4471,431,22138,0.28549,0.23,1,858456,858025,431
66954081,72.3346,71.8894,431,22234,0.289098,0.19,1,858530,858099,431
66957001,70.4669,71.9779,429,22329,0.30582,0.19,1,858600,858171,429
66959921,29.2934,29.5956,429,22424,0.341164,0.21,1,858619,858190,429
66962841,35.4587,33.1191,432,22519,0.380233,0.21,1,858656,858224,432
66965761,82.2917,6.62382,526,22613,0.436047,0.27,1,858750,858224,526
66968681,76.4583,76.5248,507,22707,0.479209,0.27,1,858825,858318,507
66971601,66.4917,75.305,496,22800,0.487842,0.29,1,858889,858393,496
66974521,74.0983,65.461,509,22893,0.537568,0.29,1,858965,858456,509
66977441,72.4197,72.2922,507,22986,0.515514,0.31,1,859037,858530,507
66980361,31.2839,70.4584,458,23078,0.495103,0.35,1,859058,858600,458
66983281,36.6568,29.2917,477,23170,0.491021,0.39,1,859096,858619,477
66986201,84.9314,35.4583,537,23261,0.506204,0.45,1,859193,858656,537
66989121,78.5863,82.2917,520,23352,0.525241,0.49,1,859270,858750,520
66992041,66.9173,76.4583,509,23443,0.561048,0.49,1,859334,858825,509
66994961,76.5835,66.4917,524,23533,0.61621,0.55,1,859413,858889,524
66997881,71.3167,74.0983,518,23623,0.659242,0.51,1,859483,858965,518
67000801,30.2633,72.4197,466,23713,0.667848,0.49,1,859503,859037,466
67003721,37.2527,31.2839,484,23802,0.70157,0.49,1,859542,859058,484
67006641,85.0505,36.6568,543,23891,0.724314,0.51,1,859639,859096,543
67009561,79.4101,84.9314,524,23980,0.760863,0.53,2,859717,859193,524
67012481,17.482,78.5863,449,24068,0.768173,0.57,2,859719,859270,449
67015401,56.2964,66.9173,451,24156,0.849634,0.63,2,859785,859334,451
67018321,76.0593,76.5835,453,24244,0.913927,0.67,2,859866,859413,453
67021241,72.8119,71.3167,455,24331,0.926785,0.67,2,859938,859483,455
67024161,30.5624,30.2633,455,24418,0.929357,0.71,2,859958,859503,455
67027081,38.1125,37.2527,456,24505,0.929871,0.73,2,859998,859542,456
67319081,30,22,526,32009,0.75,1,2,865284,864758,526
67322001,41.2,32.4,535,32075,0.766,1,2,865328,864793,535
67324921,46.64,53.68,524,32141,0.6412,1,1,865376,864852,524
67327841,70.928,50.736,551,32207,0.52024,1,1,865453,864902,551
67330761,45.3856,73.3472,511,32273,0.496048,1,1,865492,864981,511
67333681,61.8771,45.0694,539,32339,0.44321,1,1,865558,865019,539
67336601,41.1754,65.0139,505,32404,0.384642,1,1,865594,865089,505
67339521,52.2351,40.2028,526,32469,0.276928,1,1,865649,865123,526
67342441,35.247,59.2406,493,32534,0.255386,0.85,1,865680,865187,493
67345361,32.6494,36.6481,494,32599,0.251077,0.77,1,865712,865218,494
67348281,29.7299,36.1296,487,32664,0.202215,0.75,1,865741,865254,487
67351201,37.146,31.2259,496,32729,0.224443,0.77,1,865780,865284,496
67354121,9.02919,41.4452,454,32794,0.228889,0.61,1,865782,865328,454
67357041,41.0058,46.689,455,32858,0.229778,0.49,1,865831,865376,455
67359961,63.4012,70.9378,447,32922,0.261956,0.49,1,865900,865453,447
67362881,42.2802,45.3876,445,32986,0.316391,0.43,1,865937,865492,445
67365801,57.256,61.8775,440,33050,0.295278,0.37,1,865998,865558,440
67368721,37.8512,41.1755,437,33114,0.339056,0.25,1,866031,865594,437
67371641,49.1702,52.2351,434,33178,0.315811,0.25,1,866083,865649,434
67374561,33.834,35.247,433,33242,0.343162,0.25,1,866113,865680,433
67377481,33.9668,32.6494,435,33306,0.364632,0.19,1,866147,865712,435
67380401,26.7934,29.7299,431,33370,0.384926,0.23,1,866172,865741,431
67383321,37.3587,37.146,432,33433,0.388985,0.23,1,866212,865780,432
67386241,9.07173,9.02919,432,33496,0.389797,0.23,1,866214,865782,432
67389161,40.2143,41.0058,431,33559,0.389959,0.27,1,866262,865831,431
67392081,64.8429,63.4012,433,33622,0.437992,0.33,1,866333,865900,433
67395001,45.7686,42.2802,437,33685,0.463598,0.29,1,866374,865937,437
67397921,57.1537,57.256,436,33748,0.48472,0.35,1,866434,865998,436
67400841,38.6307,37.8512,437,33811,0.488944,0.31,1,866468,866031,437
67403761,49.3262,49.1702,437,33874,0.505789,0.35,1,866520,866083,437
67406681,35.4652,33.834,439,33936,0.509158,0.37,1,866552,866113,439
67409601,35.093,33.9668,440,33998,0.589832,0.39,1,866587,866147,440
67412521,27.8186,26.7934,441,34060,0.637966,0.39,1,866613,866172,441
67415441,35.9637,37.3587,439,34122,0.615593,0.39,1,866651,866212,439
67418361,8.79274,9.07173,439,34184,0.611119,0.39,1,866653,866214,439
67421281,41.7585,40.2143,441,34246,0.658224,0.39,1,866703,866262,441
67424201,66.7517,8.04287,514,34308,0.635645,0.45,1,866776,866262,514
67427121,46.1503,58.4086,484,34370,0.631129,0.47,1,866817,866333,484
67430041,58.8301,44.4817,505,34432,0.694226,0.49,1,866879,866374,505
67432961,38.966,56.8963,479,34493,0.706845,0.49,1,866913,866434,479
67435881,50.1932,38.5793,498,34554,0.725369,0.51,1,866966,866468,498
67438801,35.6386,49.3159,478,34615,0.729074,0.51,1,866998,866520,478
67441721,38.3277,35.4632,485,34676,0.745815,0.61,1,867037,866552,485
67444641,29.2655,35.0926,477,34737,0.749163,0.65,1,867064,866587,477
67447561,36.2531,27.8185,489,34798,0.749833,0.61,1,867102,866613,489
67450481,8.85062,35.9637,453,34859,0.749967,0.61,1,867104,866651,453
67453401,42.5701,8.79274,502,34920,0.765993,0.67,2,867155,866653,502
67456321,67.714,41.7585,526,34981,0.801199,0.63,2,867229,866703,526
67459241,47.1428,66.7517,495,35041,0.80824,0.63,2,867271,866776,495
67462161,60.6286,46.1503,518,35101,0.873648,0.71,2,867335,866817,518
67465081,39.3257,58.8301,490,35161,0.88673,0.71,2,867369,866879,490
67468001,51.0651,38.966,510,35221,0.905346,0.73,2,867423,866913,510
67470921,36.613,50.1932,490,35281,0.909069,0.73,2,867456,866966,490
67473841,38.5226,35.6386,497,35341,0.925814,0.75,2,867495,866998,497
67476761,29.3045,38.3277,485,35401,0.913163,0.75,2,867522,867037,485
67479681,36.2609,29.2655,496,35461,0.942632,0.75,2,867560,867064,496
67654881,39,42,483,38876,0.89,1,2,869912,869429,483
67657801,32.6,35.6,480,38930,0.874,0.97,2,869943,869463,480
67660721,30.52,31.12,480,38984,0.8068,0.97,2,869973,869493,480
67663641,35.704,35.824,480,39038,0.82536,1,2,870010,869530,480
67666561,59.9408,59.9648,480,39092,0.845072,0.99,2,870076,869596,480
67669481,43.9882,43.993,480,39146,0.865014,0.95,2,870116,869636,480
67672401,32.7976,35.9986,476,39200,0.805003,0.89,2,870146,869670,476
67675321,21.7595,27.1997,470,39254,0.809001,0.9,2,870165,869695,470
67678241,25.9519,31.8399,464,39308,0.7938,1,2,870192,869728,464
67681161,29.1904,27.968,467,39362,0.82276,0.98,2,870222,869755,467
67684081,49.8381,47.1936,470,39416,0.844552,0.95,2,870277,869807,470
67687001,32.3676,32.6387,469,39470,0.86491,0.91,2,870305,869836,469
67689921,36.0735,36.1277,469,39524,0.900982,0.89,2,870342,869873,469
67692841,37.6147,38.4255,468,39577,0.892196,0.87,2,870380,869912,468
67695761,29.1229,32.4851,464,39630,0.922439,0.79,2,870407,869943,464
67698681,30.6246,30.497,465,39683,0.912488,0.83,2,870438,869973,465
68057841,32,40,504,45762,0.91,1,2,874702,874198,504
68060761,24,39.2,487,45808,0.91,1,2,874724,874237,487
68063681,34.4,28.64,498,45854,0.814,1,2,874761,874263,498
68066601,33.28,30.528,500,45900,0.6988,1,1,874794,874294,500
68069521,29.056,41.3056,484,45946,0.73976,1,1,874822,874338,484
68072441,25.8112,8.26112,509,45992,0.667952,1,1,874847,874338,509
68075361,26.7622,28.8522,502,46038,0.57359,1,1,874874,874372,502
68078281,34.9524,22.5704,518,46084,0.570718,1,1,874911,874393,518
68081201,33.3905,35.7141,512,46130,0.554144,1,1,874944,874432,512
68084121,25.8781,34.3428,502,46176,0.566829,0.96,1,874968,874466,502
68087041,17.9756,26.8686,493,46222,0.569366,1,1,874984,874491,493
68089961,31.5951,20.5737,509,46268,0.537873,1,1,875019,874510,509
68092881,35.119,35.3147,506,46314,0.579575,1,1,875055,874549,506
68095801,31.8238,36.6629,500,46360,0.539915,0.91,1,875086,874586,500
68098721,44.7648,34.5326,514,46405,0.595983,0.91,1,875134,874620,514
68101641,35.353,46.9065,497,46450,0.559197,0.91,1,875167,874670,497
68104561,22.2706,34.9813,484,46495,0.551839,0.91,1,875186,874702,484
68107481,33.2541,24.5963,498,46540,0.534368,0.79,1,875222,874724,498
68110401,29.8508,34.5193,490,46585,0.562874,0.67,1,875251,874761,490
68113321,27.5702,33.3038,484,46630,0.584575,0.75,1,875278,874794,484
68116241,24.714,29.0608,480,46675,0.588915,0.65,1,875302,874822,480
68119161,24.1428,25.8122,479,46720,0.589783,0.55,1,875326,874847,479
68122081,36.0286,26.7624,491,46765,0.621957,0.57,1,875365,874874,491
68125001,31.2057,34.9525,484,46810,0.660391,0.55,1,875395,874911,484
68127921,23.8411,33.3905,473,46855,0.684078,0.57,1,875417,874944,473
68130841,17.5682,25.8781,465,46900,0.720816,0.57,1,875433,874968,465
68133761,31.5136,17.9756,484,46945,0.728163,0.53,1,875468,874984,484
68136681,34.3027,31.5951,484,46990,0.713633,0.59,1,875503,875019,484
68139601,31.6605,35.119,479,47035,0.710726,0.53,1,875534,875055,479
68142521,47.1321,31.8238,499,47080,0.742145,0.61,1,875585,875086,499
68145441,33.4264,44.7648,481,47125,0.764429,0.55,2,875615,875134,481
68148361,20.2853,35.353,465,47170,0.800886,0.55,2,875632,875167,465
68151281,33.6571,22.2706,483,47215,0.840177,0.53,2,875669,875186,483
68154201,31.5314,33.2541,478,47260,0.848035,0.57,2,875700,875222,478
68157121,28.7063,29.8508,477,47305,0.849607,0.59,2,875728,875251,477
68160041,23.3413,27.5702,472,47350,0.881921,0.59,2,875750,875278,472
68162961,6.26825,24.714,450,47395,0.888384,0.59,2,875752,875302,450
68165881,22.8537,24.1428,453,47439,0.905677,0.63,2,875779,875326,453
68168801,35.7707,36.0286,453,47483,0.893135,0.67,2,875818,875365,453
68192161,30,30,460,47835,0.93,0.81,2,876075,875615,460
68195081,22,19.6,463,47879,0.898,0.85,2,876095,875632,463
68198001,34.8,33.52,464,47923,0.9396,0.85,2,876133,875669,464
68200921,31.76,31.504,464,47967,0.93192,0.85,2,876164,875700,464
68203841,28.752,28.7008,464,48011,0.898384,0.89,2,876192,875728,464
68206761,24.9504,23.3402,466,48055,0.923677,0.89,2,876216,875750,466
68209681,6.59008,6.26803,466,48099,0.928735,0.91,2,876218,875752,466
68212601,23.718,22.8536,467,48143,0.929747,0.89,2,876246,875779,467
68457881,24,21,488,51690,0.71,1,1,878747,878259,488
68460801,32.8,13.8,511,51731,0.71,1,1,878782,878271,511
68463721,25.76,38.76,490,51772,0.694,1,1,878806,878316,490
68466641,21.152,7.752,510,51813,0.6428,1,1,878826,878316,510
68469561,23.4304,22.3504,508,51854,0.63256,1,1,878850,878342,508
68472481,30.2861,28.4701,510,51895,0.598512,1,1,878882,878372,510
68475401,29.2572,16.094,526,51936,0.495702,1,1,878911,878385,526
68478321,33.8514,36.0188,520,51977,0.45914,1,1,878946,878426,520
68481241,29.1703,38.4038,509,52018,0.419828,1,1,878974,878465,509
68484161,29.0341,22.8808,519,52058,0.331966,1,1,879003,878484,519
68487081,30.6068,30.1762,518,52098,0.218393,1,1,879034,878516,518
68490001,31.7214,34.8352,514,52138,0.163679,0.94,1,879066,878552,514
68492921,21.5443,34.967,498,52178,0.120736,1,1,879085,878587,498
68495841,20.3089,24.5934,496,52218,0.0801471,1,1,879105,878609,496
68498761,26.4618,19.3187,506,52258,0.0160294,1,1,879133,878627,506
68501681,21.2924,27.0637,497,52298,0.0912059,0.9,1,879153,878656,497
68504601,31.4585,31.0127,499,52338,0.0742412,0.8,1,879187,878688,499
68507521,23.8917,34.2025,486,52378,0.0548482,0.71,1,879209,878723,486
68510441,27.1783,26.0405,490,52418,0.0349696,0.71,1,879237,878747,490
68513361,25.4357,33.2081,480,52458,0.0469939,0.69,1,879262,878782,480
68516281,18.6871,25.8416,473,52498,0.0653988,0.63,1,879279,878806,473
68519201,19.7374,21.1683,473,52538,0.0690798,0.63,1,879299,878826,473
68522121,31.1475,23.4337,483,52578,0.0698159,0.59,1,879333,878850,483
68525041,24.6295,30.2867,474,52618,0.133963,0.47,1,879356,878882,474
68527961,29.7259,29.2573,476,52658,0.146793,0.45,1,879387,878911,476
68530881,28.3452,33.8515,469,52698,0.165359,0.41,1,879415,878946,469
68533801,24.869,29.1703,465,52738,0.169072,0.31,1,879439,878974,465
68536721,25.7738,29.0341,462,52778,0.185814,0.19,1,879465,879003,462
68539641,29.1548,30.6068,461,52818,0.221163,0.15,1,879495,879034,461
68542561,18.631,31.7214,445,52858,0.196233,0.11,1,879511,879066,445
68545481,18.9262,21.5443,445,52898,0.207247,0.07,1,879530,879085,445
68548401,26.1852,20.3089,453,52938,0.209449,0,1,879558,879105,453
68551321,21.237,26.4618,445,52978,0.20989,0.11,1,879578,879133,445
68554241,31.4474,21.2924,459,53018,0.209978,0.07,1,879612,879153,459
68557161,23.8895,31.4585,447,53058,0.209996,0.05,1,879634,879187,447
68560081,25.5779,23.8917,451,53098,0.193999,0.03,1,879660,879209,451
68563001,25.1156,27.1783,448,53138,0.2068,0.05,1,879685,879237,448
68565921,19.4231,25.4357,441,53178,0.24136,0.07,1,879703,879262,441
68568841,20.6846,18.6871,445,53218,0.264272,0.07,1,879724,879279,445
68571761,5.73692,19.7374,427,53258,0.236854,0.07,1,879726,879299,427
68574681,27.5474,31.1475,426,53298,0.295371,0.15,1,879759,879333,426
68577601,24.7095,24.6295,427,53337,0.307074,0.15,1,879783,879356,427
68580521,29.7419,29.7259,427,53376,0.341415,0.17,1,879814,879387,427
68583441,32.3484,28.3452,432,53415,0.348283,0.17,1,879847,879415,432
68586361,23.2697,24.869,429,53454,0.333657,0.19,1,879868,879439,429
68589281,27.8539,25.7738,432,53493,0.314731,0.23,1,879897,879465,432
68592201,30.3708,29.1548,433,53532,0.310946,0.19,1,879928,879495,433
68595121,18.8742,18.631,433,53571,0.342189,0.21,1,879944,879511,433
68598041,18.9748,18.9262,433,53610,0.332438,0.21,1,879963,879530,433
68600961,23.795,26.1852,430,53649,0.378488,0.21,1,879988,879558,430
68603881,22.359,21.237,432,53688,0.403698,0.21,1,880010,879578,432
68606801,31.6718,31.4474,432,53727,0.392739,0.21,1,880044,879612,432
68609721,24.7344,23.8895,433,53766,0.406548,0.19,1,880067,879634,433
68612641,25.7469,25.5779,433,53805,0.40931,0.21,1,880093,879660,433
68615561,25.9494,25.1156,434,53844,0.377862,0.25,1,880119,879685,434
68618481,19.5899,19.4231,434,53883,0.419572,0.27,1,880137,879703,434
68621401,21.518,20.6846,435,53922,0.459915,0.23,1,880159,879724,435
68624321,5.90359,5.73692,435,53961,0.435983,0.31,1,880161,879726,435
68627241,27.5807,27.5474,435,54000,0.463197,0.31,1,880194,879759,435
68630161,24.7161,24.7095,435,54039,0.452639,0.35,1,880218,879783,435
68633081,32.1432,29.7419,438,54078,0.498528,0.35,1,880252,879814,438
68636001,32.0286,32.3484,437,54117,0.491706,0.33,1,880284,879847,437
68638921,22.4057,23.2697,436,54156,0.490341,0.31,1,880304,879868,436
68641841,26.8811,27.8539,435,54195,0.506068,0.31,1,880332,879897,435
68644761,31.7762,30.3708,437,54234,0.525214,0.35,1,880365,879928,437
68647681,19.1552,18.8742,437,54273,0.545043,0.33,1,880381,879944,437
68650601,19.831,18.9748,438,54312,0.533009,0.39,1,880401,879963,438
68653521,24.7662,23.795,439,54351,0.562602,0.41,1,880427,879988,439
68656441,23.3532,22.359,440,54390,0.56852,0.39,1,880450,880010,440
68659361,32.6706,31.6718,441,54429,0.585704,0.41,1,880485,880044,441
68662281,24.1341,24.7344,440,54468,0.573141,0.41,1,880507,880067,440
68665201,25.6268,25.7469,440,54507,0.586628,0.37,1,880533,880093,440
68668121,27.5254,25.9494,442,54546,0.589326,0.43,1,880561,880119,442
68671041,20.7051,19.5899,443,54585,0.621865,0.47,1,880580,880137,443
68673961,21.741,21.518,443,54624,0.692373,0.43,1,880602,880159,443
68676881,5.9482,5.90359,443,54663,0.674475,0.47,1,880604,880161,443
68679801,27.5896,27.5807,443,54701,0.686895,0.47,1,880637,880194,443
68682721,25.5179,5.51614,468,54739,0.641379,0.45,1,880662,880194,468
68685641,32.3036,20.3032,478,54777,0.664276,0.51,1,880696,880218,478
68688561,32.8607,31.2606,477,54815,0.684855,0.49,1,880729,880252,477
68691481,22.5721,31.8521,465,54853,0.688971,0.49,1,880749,880284,465
68694401,27.7144,22.3704,474,54891,0.721794,0.51,1,880778,880304,474
68697321,31.9429,26.8741,479,54929,0.744359,0.53,1,880811,880332,479
68700241,19.9886,31.7748,463,54967,0.732872,0.55,1,880828,880365,463
68703161,19.9977,19.155,467,55005,0.730574,0.53,1,880848,880381,467
68706081,25.5995,19.831,474,55043,0.714115,0.57,1,880875,880401,474
68709001,22.7199,24.7662,470,55081,0.742823,0.57,1,880897,880427,470
68711921,34.144,23.3532,484,55119,0.780565,0.59,2,880934,880450,484
68714841,25.2288,32.6706,472,55157,0.772113,0.57,2,880957,880485,472
68717761,25.8458,24.1341,476,55195,0.738423,0.59,1,880983,880507,476
68720681,28.3692,25.6268,479,55233,0.731685,0.59,1,881012,880533,479
68723601,22.4738,27.5254,472,55271,0.714337,0.63,1,881033,880561,472
68726521,22.8948,20.7051,476,55309,0.742867,0.71,1,881056,880580,476
68729441,6.17895,21.741,456,55347,0.748573,0.67,1,881058,880602,456
68732361,26.8358,5.9482,486,55385,0.749715,0.69,1,881090,880604,486
68735281,26.1672,27.5896,479,55423,0.765943,0.63,2,881116,880637,479
68738201,32.4334,25.5179,488,55461,0.769189,0.67,2,881150,880662,488
68741121,33.6867,32.3036,488,55499,0.817838,0.69,2,881184,880696,488
68744041,23.5373,32.8607,476,55537,0.843567,0.69,2,881205,880729,476
68746961,28.7075,22.5721,486,55575,0.848714,0.73,2,881235,880749,486
68749881,32.9415,27.7144,491,55613,0.865743,0.75,2,881269,880778,491
68752801,19.3883,31.9429,474,55651,0.885149,0.73,2,881285,880811,474
68755721,19.8777,19.9886,477,55689,0.88903,0.73,2,881305,880828,477
68758641,26.3755,19.9977,485,55727,0.905806,0.71,2,881333,880848,485
68761561,22.8751,25.5995,480,55765,0.925161,0.75,2,881355,880875,480
69018521,155,155,469,27740,0.49,0.69,1,884038,883569,469
69021441,107.8,119.8,454,27740,0.538,0.67,1,884134,883680,454
69050641,51.16,55.96,451,27740,0.5476,0.61,1,884171,883720,451
69053561,21.432,17.592,457,27816,0.59752,0.63,1,884185,883728,457
69056481,30.6864,18.7184,471,27892,0.591504,0.65,1,884218,883747,471
69059401,36.5373,31.7437,474,27968,0.558301,0.63,1,884256,883782,474
69062321,25.7075,34.3487,462,28044,0.56766,0.57,1,884279,883817,462
69065241,35.5415,40.4697,458,28120,0.585532,0.61,1,884317,883859,458
69068161,66.3083,27.294,508,28195,0.621106,0.55,1,884391,883883,508
69071081,54.8617,76.6588,471,28270,0.628221,0.49,1,884443,883972,471
69074001,69.3723,68.1318,478,28345,0.661644,0.51,1,884516,884038,478
69076921,66.6745,61.6264,484,28420,0.700329,0.55,1,884582,884098,484
69079841,54.9349,70.7253,463,28495,0.724066,0.61,1,884634,884171,463
69082761,38.187,25.3451,483,28569,0.728813,0.59,1,884668,884185,483
69085681,36.4374,31.469,486,28643,0.761763,0.55,2,884704,884218,486
69088601,27.2875,36.6938,473,28717,0.800353,0.57,2,884729,884256,473
69091521,35.8575,25.7388,488,28791,0.792071,0.59,2,884767,884279,488
69094441,67.9715,35.5478,526,28865,0.790414,0.63,2,884843,884317,526
69097361,54.3943,66.3096,503,28938,0.806083,0.63,2,884894,884391,503
69100281,71.6789,54.8619,527,29011,0.825217,0.67,2,884970,884443,527
69103201,68.7358,69.3724,522,29084,0.829043,0.71,2,885038,884516,522
69106121,56.1472,66.6745,509,29157,0.861809,0.73,2,885091,884582,509
69109041,38.4294,54.9349,491,29230,0.884362,0.73,2,885125,884634,491
69111961,38.0859,38.187,495,29302,0.920872,0.77,2,885163,884668,495
69114881,28.4172,36.4374,485,29374,0.928174,0.81,2,885189,884704,485
69217081,80,78,550,31800,0.89,1,2,886939,886389,550
69220001,56,77.2,523,31867,0.858,1,2,886989,886466,523
69222921,29.6,56.24,495,31933,0.8676,1,2,887012,886517,495
69225841,30.72,28.048,505,31999,0.85352,1,2,887043,886538,505
69228761,31.744,33.6096,502,32065,0.898704,1,2,887075,886573,502
69231681,37.5488,35.5219,505,32131,0.939741,0.93,2,887114,886609,505
69523681,35,24,527,38154,0.87,1,2,891364,890837,527
69526601,48.6,36,540,38209,0.79,1,2,891416,890876,540
69529521,37.72,52.8,518,38264,0.646,1,1,891451,890933,518
69532441,33.144,38.56,515,38319,0.6332,1,1,891483,890968,515
69535361,27.4288,34.912,507,38374,0.63064,0.95,1,891509,891002,507
69538281,27.8858,28.5824,508,38429,0.566128,1,1,891537,891029,508
69541201,25.5772,29.7165,503,38484,0.473226,1,1,891562,891059,503
69544121,36.3154,35.5433,505,38539,0.454645,1,1,891601,891096,505
69547041,25.6631,33.5087,495,38594,0.370929,0.97,1,891624,891129,495
69549961,11.5326,23.5017,482,38649,0.322186,1,1,891632,891150,482
69552881,37.5065,43.9003,477,38704,0.360437,0.93,1,891676,891199,477
69555801,71.5013,81.5801,466,38759,0.288087,0.83,1,891756,891290,466
69558721,44.7003,47.516,465,38813,0.289617,0.87,1,891794,891329,465
69561641,35.3401,37.5032,463,38867,0.273923,0.77,1,891827,891364,463
69564561,46.268,49.1006,460,38921,0.286785,0.61,1,891876,891416,460
69567481,34.8536,37.8201,457,38975,0.273357,0.63,1,891908,891451,457
69570401,31.7707,33.164,456,39029,0.318671,0.63,1,891939,891483,456
69573321,22.3541,27.4328,450,39083,0.263734,0.55,1,891959,891509,450
69576241,24.4708,27.8866,447,39137,0.252747,0.45,1,891984,891537,447
69579161,22.4942,25.5773,444,39191,0.282549,0.45,1,892006,891562,444
69582081,34.0988,36.3155,442,39245,0.24051,0.35,1,892043,891601,442
69585001,22.0198,25.6631,438,39299,0.280102,0.31,1,892062,891624,438
69587921,10.804,11.5326,438,39353,0.28802,0.37,1,892070,891632,438
69590841,33.3608,37.5065,433,39407,0.289604,0.27,1,892109,891676,433
69593761,70.6722,71.5013,433,39461,0.385921,0.29,1,892189,891756,433
69596681,45.3344,44.7003,434,39515,0.421184,0.27,1,892228,891794,434
69599601,34.6669,35.3401,433,39568,0.428237,0.29,1,892260,891827,433
69602521,46.9334,46.268,434,39621,0.445647,0.27,1,892310,891876,434
69605441,35.7867,34.8536,435,39674,0.481129,0.33,1,892343,891908,435
69608361,32.7573,31.7707,436,39727,0.504226,0.25,1,892375,891939,436
69611281,20.1515,22.3541,433,39780,0.508845,0.25,1,892392,891959,433
69614201,26.4303,24.4708,436,39833,0.509769,0.29,1,892420,891984,436
69617121,21.2861,22.4942,434,39886,0.493954,0.23,1,892440,892006,434
69620041,34.6572,34.0988,435,39939,0.554791,0.29,1,892478,892043,435
69622961,21.3314,22.0198,434,39992,0.534958,0.29,1,892496,892062,434
69625881,10.6663,10.804,434,40045,0.562992,0.29,1,892504,892070,434
69628801,34.9333,33.3608,436,40098,0.584598,0.29,1,892545,892109,436
69631721,73.3867,6.67216,519,40151,0.57292,0.41,1,892628,892109,519
69634641,46.6773,65.3344,479,40204,0.586584,0.43,1,892668,892189,479
69637561,34.9355,44.2669,472,40257,0.605317,0.43,1,892700,892228,472
69640481,49.3871,34.4534,493,40309,0.609063,0.45,1,892753,892260,493
69643401,36.2774,46.8907,476,40361,0.641813,0.49,1,892786,892310,476
69646321,34.4555,35.7781,477,40413,0.680363,0.51,1,892820,892343,477
69649241,19.6911,32.7556,461,40465,0.656072,0.51,1,892836,892375,461
69652161,26.3382,20.1511,472,40517,0.651215,0.51,1,892864,892392,472
69655081,22.0676,26.4302,465,40569,0.666243,0.49,1,892885,892420,465
69658001,36.4135,21.286,485,40621,0.701249,0.57,1,892925,892440,485
69660921,21.6827,34.6572,465,40673,0.70825,0.53,1,892943,892478,465
69663841,10.7365,21.3314,455,40725,0.70965,0.57,1,892951,892496,455
69666761,35.7473,10.6663,489,40777,0.70993,0.59,1,892993,892504,489
69669681,74.3495,34.9333,532,40829,0.741986,0.57,1,893077,892545,532
69672601,47.6699,73.3867,490,40881,0.780397,0.59,2,893118,892628,490
69675521,35.934,46.6773,483,40933,0.772079,0.61,2,893151,892668,483
69678441,49.5868,34.9355,504,40985,0.754416,0.61,2,893204,892700,504
69681361,37.9174,49.3871,486,41037,0.750883,0.65,2,893239,892753,486
69684281,34.7835,36.2774,487,41088,0.766177,0.69,2,893273,892786,487
69687201,19.7567,34.4555,469,41139,0.769235,0.65,2,893289,892820,469
69690121,26.3513,19.6911,481,41190,0.801847,0.65,2,893317,892836,481
69693041,23.6703,26.3382,476,41241,0.824369,0.67,2,893340,892864,476
69695961,37.5341,22.0676,496,41292,0.876874,0.71,2,893381,892885,496
69698881,21.9068,36.4135,474,41343,0.887375,0.71,2,893399,892925,474
69701801,10.7814,21.6827,464,41394,0.889475,0.71,2,893407,892943,464
69704721,35.7563,10.7365,498,41445,0.889895,0.71,2,893449,892951,498
69707641,76.7513,35.7473,543,41496,0.921979,0.75,2,893536,892993,543
69710561,16.9502,74.3495,461,41547,0.928396,0.79,2,893538,893077,461
69920801,38,53,500,20750,0.93,1,2,896144,895644,500
69923721,62,58.6,508,20852,0.866,0.94,2,896212,895704,508
69926641,59.6,62.12,504,20954,0.9172,1,2,896271,895767,504
69929561,39.12,50.824,490,21055,0.89544,1,2,896305,895815,490
70011321,37,45,506,23713,0.57,1,1,898189,897683,506
70014241,75.4,37.8,555,23802,0.442,1,1,898274,897719,555
70017161,99.08,78.76,571,23891,0.2564,1,1,898379,897808,571
70020081,100.616,94.952,573,23980,0.05928,0.98,1,898480,897907,573
70023001,21.7232,102.99,470,24068,0.035856,1,1,898482,898012,470
70025921,21.9446,42.9981,464,24156,0.0791712,0.67,1,898504,898040,464
70028841,63.5889,76.5996,453,24244,0.103834,0.67,1,898578,898125,453
70031761,36.7178,36.9199,456,24331,0.124767,0.57,1,898608,898152,456
70034681,32.9436,36.984,451,24418,0.128953,0.41,1,898640,898189,451
70037601,68.1887,75.3968,443,24505,0.113791,0.21,1,898717,898274,443
70040521,89.6377,99.0794,433,24591,0.174758,0.01,1,898812,898379,433
70043441,89.9275,100.616,422,24677,0.250952,0.03,1,898902,898480,422
70046361,19.5855,21.7232,422,24763,0.26619,0.09,1,898904,898482,422
70049281,22.3171,21.9446,423,24849,0.317238,0.11,1,898927,898504,423
70052201,63.6634,63.5889,423,24934,0.295448,0.13,1,899001,898578,423
70055121,40.7327,36.7178,428,25019,0.32309,0.13,1,899036,898608,428
70058041,33.7465,32.9436,428,25104,0.344618,0.11,1,899068,898640,428
70060961,65.9493,68.1887,425,25188,0.396924,0.19,1,899142,898717,425
70063881,93.1899,89.6377,430,25272,0.391385,0.27,1,899242,898812,430
70066801,95.438,89.9275,436,25356,0.438277,0.27,1,899338,898902,436
70069721,20.6876,19.5855,436,25440,0.447655,0.27,1,899340,898904,436
70072641,21.7375,3.9171,458,25523,0.433531,0.33,1,899362,898904,458
70075561,63.5475,19.1834,509,25606,0.446706,0.29,1,899436,898927,509
70078481,42.3095,63.0367,472,25689,0.449341,0.33,1,899473,899001,472
70081401,36.4619,40.6073,472,25771,0.449868,0.35,1,899508,899036,472
70084321,67.2924,33.7215,515,25853,0.465974,0.41,1,899583,899068,515
70087241,91.0585,65.9443,538,25935,0.501195,0.39,1,899680,899142,538
70090161,97.4117,93.1889,537,26017,0.540239,0.45,1,899779,899242,537
70093081,21.0823,95.4378,443,26098,0.548048,0.45,1,899781,899338,443
70096001,22.6165,20.6876,464,26179,0.53361,0.43,1,899804,899340,464
70098921,64.5233,21.7375,517,26260,0.562722,0.45,1,899879,899362,517
70101841,42.5047,63.5475,480,26341,0.600544,0.45,1,899916,899436,480
70104761,36.5009,42.3095,478,26421,0.592109,0.45,1,899951,899473,478
