#Ack,ack_ewma(ms),send_ewma(ms),rtt_ratio,cwnd (Bytes),Last Router Ocupation Ack Arriaval(Packets),Last Router Ocupation Packet Sent(Packets),Network Situation,AckArrival(ms),TSInsideAck(ms),RTTAck(ms)
4381,4,0,440,16060,0.61,0.43,1,80877,80437,440
7301,4,0,444,17520,0.586,0.43,1,80881,80437,444
10221,4,0,448,18980,0.6132,0.43,1,80885,80437,448
13141,2.4,0,450,20440,0.58664,0.43,1,80887,80437,450
14601,161.28,0,651,21900,0.677328,0.51,1,81088,80437,651
17521,221.856,348.8,452,23360,0.719466,0.61,1,81325,80873,452
20441,47.5712,72.96,452,24820,0.663893,0.61,1,81329,80877,452
23361,14.3142,14.592,458,26280,0.716779,0.58,1,81335,80877,458
26281,4.46285,6.1184,456,27740,0.743356,0.62,1,81337,80881,456
29201,2.49257,4.42368,454,29200,0.708671,0.62,1,81339,80885,454
32121,2.09851,0.884736,456,30660,0.717734,0.58,1,81341,80885,456
35041,2.0197,1.77695,456,32120,0.719547,0.7,1,81343,80887,456
37961,162.804,161.155,458,33580,0.831909,0.73,2,81546,81088,458
40881,223.761,221.831,460,35040,0.838382,0.73,2,81785,81325,460
43801,46.3522,44.3662,462,36500,0.807676,0.65,2,81787,81325,462
46721,10.8704,12.0732,460,37960,0.841535,0.73,2,81789,81329,460
49641,5.37409,7.21465,458,39420,0.792307,0.73,2,81793,81335,458
52561,2.67482,1.44293,460,40880,0.838461,0.75,2,81795,81335,460
55481,2.13496,1.88859,460,42340,0.863692,0.7,2,81797,81337,460
58401,5.22699,1.97772,464,43800,0.884738,0.7,2,81803,81339,464
81761,2,2,469,45260,0.83,0.85,2,82256,81787,469
84681,2,2,469,45260,0.798,0.85,2,82258,81789,469
87601,2.8,0.4,472,45260,0.8716,0.78,2,82261,81789,472
90521,2.96,3.28,471,45260,0.87032,0.85,2,82264,81793,471
93441,2.192,2.256,471,45260,0.878064,0.85,2,82266,81795,471
96361,2.0384,0.4512,473,45260,0.919613,0.87,2,82268,81795,473
99281,2.00768,1.69024,473,45260,0.927923,0.89,2,82270,81797,473
102201,2.00154,5.13805,469,45260,0.929585,0.89,2,82272,81803,469
105121,5.20031,1.02761,475,45260,0.905917,0.99,2,82278,81803,475
108041,2.64006,5.00552,471,45260,0.909183,0.95,2,82280,81809,471
118261,201,2,669,45260,0.76,0.81,2,82679,82010,669
121181,73,194,468,45260,0.856,0.77,2,82720,82252,468
124101,16.2,40.4,468,45260,0.9472,0.83,2,82722,82254,468
127021,6.44,9.68,470,45260,0.97344,0.79,2,82726,82256,470
129941,2.888,3.536,470,45260,0.946688,0.89,2,82728,82258,470
132861,2.1776,3.1072,469,45260,0.909338,0.87,2,82730,82261,469
135781,2.03552,3.02144,468,45260,0.909868,0.88,2,82732,82264,468
138701,2.0071,2.20429,468,45260,0.901973,0.93,2,82734,82266,468
141621,2.00142,2.04086,468,45260,0.868395,0.93,2,82736,82268,468
144541,2.00028,2.00817,468,45260,0.949679,0.93,2,82738,82270,468
164981,238,201,509,45260,0.8,0.88,2,83188,82679,509
167901,49.2,73,470,45260,0.768,0.97,2,83190,82720,470
170821,12.24,16.2,471,45260,0.7616,0.98,2,83193,82722,471
173741,8.048,6.44,474,45260,0.68832,0.94,1,83200,82726,474
176661,3.2096,2.888,474,45260,0.769664,0.9,2,83202,82728,474
179581,2.24192,2.1776,474,45260,0.889933,0.91,2,83204,82730,474
182501,3.64838,2.03552,476,45260,0.873986,0.9,2,83208,82732,476
185421,2.32968,2.0071,476,45260,0.838797,0.86,2,83210,82734,476
188341,2.06594,2.00142,476,45260,0.83176,0.97,2,83212,82736,476
191261,2.01319,2.00028,476,45260,0.830352,0.98,2,83214,82738,476
194181,2.80264,4.40006,474,45260,0.87807,1,2,83217,82743,474
197101,2.96053,2.48001,475,45260,0.879614,0.99,2,83220,82745,475
200021,2.19211,2.096,475,45260,0.879923,0.96,2,83222,82747,475
202941,146.838,5.2192,652,45260,0.951985,0.8,2,83405,82753,652
205861,37.3677,153.844,471,45260,0.926397,0.88,2,83415,82944,471
207321,168.274,35.5688,666,45260,0.849279,0.8,2,83616,82950,666
210241,56.8547,197.514,457,45260,0.857856,0.76,2,83645,83188,457
213161,12.9709,41.1028,457,45260,0.827571,0.76,2,83647,83190,457
216081,14.5942,10.6205,469,45260,0.741514,0.67,1,83662,83193,469
219001,6.11884,7.72411,466,45260,0.716303,0.79,1,83666,83200,466
221921,2.82377,3.14482,466,45260,0.711261,0.92,1,83668,83202,466
224841,3.76475,2.22896,468,45260,0.646252,0.87,1,83672,83204,468
227761,3.95295,3.64579,468,45260,0.68125,0.83,1,83676,83208,468
230681,2.39059,2.32916,468,45260,0.68825,0.83,1,83678,83210,468
233601,2.07812,2.06583,468,45260,0.77765,0.83,2,83680,83212,468
236521,3.61562,2.01317,470,45260,0.76353,0.89,2,83684,83214,470
239441,2.32312,2.80263,469,45260,0.728706,0.88,1,83686,83217,469
242361,2.06462,2.96053,468,45260,0.729741,0.88,1,83688,83220,468
245281,2.01292,2.19211,468,45260,0.801948,0.97,2,83690,83222,468
248201,147.603,146.838,469,45260,0.74439,0.92,1,83874,83405,469
251121,39.9205,37.3677,472,45260,0.764878,0.83,2,83887,83415,472
262801,7,15,462,45260,0.88,0.71,2,84124,83662,462
265721,3.8,6.2,461,45260,0.856,0.71,2,84127,83666,461
268641,6.36,2.84,466,45260,0.7632,0.63,2,84134,83668,466
271561,2.872,3.768,464,45260,0.74464,0.69,1,84136,83672,464
274481,2.9744,3.9536,463,45260,0.876928,0.69,2,84139,83676,463
277401,5.39488,2.39072,467,45260,0.943386,0.8,2,84145,83678,467
280321,2.67898,2.07814,467,45260,0.956677,0.76,2,84147,83680,467
283241,2.1358,3.61563,465,45260,0.927335,0.72,2,84149,83684,465
286161,2.02716,2.32313,465,45260,0.921467,0.73,2,84151,83686,465
289081,2.80543,2.06463,466,45260,0.872293,0.82,2,84154,83688,466
292001,145.361,2.01293,645,45260,0.774459,0.73,2,84335,83690,645
294921,38.6722,147.603,473,45260,0.826892,0.77,2,84347,83874,473
296381,168.534,39.9205,661,45260,0.813378,0.85,2,84548,83887,661
299301,49.7069,179.984,466,45260,0.786676,0.88,2,84568,84102,466
302221,16.3414,40.7968,468,45260,0.781335,0.9,2,84576,84108,468
305141,9.66828,15.3594,467,45260,0.844267,0.88,2,84584,84117,467
308061,3.53365,8.67187,462,45260,0.824853,0.85,2,84586,84124,462
310981,5.50673,4.13437,465,45260,0.748971,0.74,1,84592,84127,465
313901,12.3013,6.42687,472,45260,0.821794,0.74,2,84606,84134,472
316821,4.06027,2.88537,472,45260,0.812359,0.91,2,84608,84136,472
319741,2.41205,2.97708,471,45260,0.778472,0.96,2,84610,84139,471
322661,2.08241,5.39542,467,45260,0.827694,0.96,2,84612,84145,467
325581,3.61648,2.67908,469,45260,0.765539,0.92,2,84616,84147,469
328501,5.5233,2.13582,473,45260,0.841108,0.92,2,84622,84149,473
331421,2.70466,2.02716,473,45260,0.856222,0.86,2,84624,84151,473
334341,2.14093,2.80543,472,45260,0.827244,0.75,2,84626,84154,472
337261,138.828,145.361,464,45260,0.637449,0.84,1,84799,84335,464
340181,37.3656,38.6722,464,45260,0.69549,0.81,1,84811,84347,464
343101,179.473,168.534,478,45260,0.763098,0.78,2,85026,84548,478
346021,45.4946,49.7069,470,45260,0.78462,0.78,2,85038,84568,470
348941,17.8989,16.3414,473,45260,0.764924,0.86,2,85049,84576,473
351861,5.17978,9.66828,467,45260,0.728985,0.82,1,85051,84584,467
354781,2.63596,3.53365,467,45260,0.689797,0.73,1,85053,84586,467
357701,10.1272,5.50673,473,45260,0.713959,0.84,1,85065,84592,473
360621,3.62544,12.3013,461,45260,0.766792,0.81,2,85067,84606,461
363541,3.12509,4.06027,462,45260,0.729358,0.77,1,85070,84608,462
366461,6.22502,2.41205,467,45260,0.705872,0.84,1,85077,84610,467
369381,2.845,2.08241,467,45260,0.701174,0.75,1,85079,84612,467
372301,5.369,3.61648,469,45260,0.732235,0.86,1,85085,84616,469
375221,2.6738,5.5233,465,45260,0.714447,0.86,1,85087,84622,465
378141,2.13476,2.70466,465,45260,0.710889,0.82,1,85089,84624,465
381061,134.027,2.14093,630,45260,0.670178,0.59,1,85256,84626,630
383981,41.2054,138.828,475,45260,0.678036,0.71,1,85274,84799,475
385441,169.041,37.3656,664,45260,0.551607,0.78,1,85475,84811,664
388361,44.2082,179.473,462,45260,0.614321,0.79,1,85488,85026,462
391281,16.8416,45.4946,460,45260,0.626864,0.76,1,85498,85038,460
394201,11.3683,17.8989,459,45260,0.581373,0.72,1,85508,85049,459
397121,3.87367,5.17978,459,45260,0.692275,0.68,1,85510,85051,459
400041,2.37473,2.63596,459,45260,0.682455,0.72,1,85512,85053,459
402961,6.87495,10.1272,455,45260,0.600491,0.78,1,85520,85065,455
405881,6.17499,3.62544,459,45260,0.672098,0.72,1,85526,85067,459
408801,2.835,3.12509,458,45260,0.65442,0.7,1,85528,85070,458
411721,6.967,6.22502,459,45260,0.650884,0.7,1,85536,85077,459
414641,2.9934,2.845,459,45260,0.650177,0.74,1,85538,85079,459
417561,7.79868,5.369,462,45260,0.610035,0.71,1,85547,85085,462
420481,3.15974,2.6738,462,45260,0.602007,0.71,1,85549,85087,462
423401,2.23195,2.13476,462,45260,0.576401,0.66,1,85551,85089,462
426321,129.246,134.027,456,45260,0.63528,0.68,1,85712,85256,456
429241,41.8493,41.2054,458,45260,0.695056,0.52,1,85732,85274,458
432161,176.37,169.041,467,45260,0.571011,0.63,1,85942,85475,467
435081,40.074,44.2082,460,45260,0.602202,0.63,1,85948,85488,460
438001,14.4148,16.8416,458,45260,0.63244,0.57,1,85956,85498,458
440921,4.48296,11.3683,450,45260,0.678488,0.72,1,85958,85508,450
443841,3.29659,3.87367,451,45260,0.671698,0.68,1,85961,85510,451
446761,7.05932,2.37473,457,45260,0.71834,0.58,1,85969,85512,457
449681,8.61186,6.87495,458,45260,0.663668,0.69,1,85978,85520,458
452601,3.32237,6.17499,454,45260,0.652734,0.65,1,85980,85526,454
455521,5.46447,2.835,458,45260,0.554547,0.65,1,85986,85528,458
458441,2.69289,6.967,452,45260,0.510909,0.65,1,85988,85536,452
461361,7.73858,2.9934,459,45260,0.614182,0.6,1,85997,85538,459
464281,7.94772,7.79868,458,45260,0.594836,0.6,1,86005,85547,458
467201,3.18954,3.15974,458,45260,0.550967,0.57,1,86007,85549,458
470121,131.838,2.23195,620,45260,0.630193,0.65,1,86171,85551,620
473041,41.5676,129.246,478,45260,0.558039,0.71,1,86190,85712,478
475961,167.514,41.8493,657,45260,0.447608,0.54,1,86389,85732,657
478881,44.7027,176.37,461,45260,0.513522,0.61,1,86403,85942,461
481801,10.5405,40.074,457,45260,0.494704,0.64,1,86405,85948,457
484721,4.50811,14.4148,452,45260,0.442941,0.69,1,86408,85956,452
487641,7.30162,4.48296,458,45260,0.488588,0.67,1,86416,85958,458
490561,6.26032,3.29659,461,45260,0.513718,0.73,1,86422,85961,461
493481,2.85206,7.05932,455,45260,0.486744,0.65,1,86424,85969,455
496401,9.37041,8.61186,457,45260,0.545349,0.65,1,86435,85978,457
499321,3.47408,3.32237,457,45260,0.53307,0.53,1,86437,85980,457
502241,2.29482,5.46447,453,45260,0.498614,0.5,1,86439,85986,453
505161,5.25896,2.69289,457,45260,0.483723,0.64,1,86445,85988,457
508081,7.45179,7.73858,456,45260,0.456745,0.59,1,86453,85997,456
511001,6.29036,7.94772,454,45260,0.443349,0.54,1,86459,86005,454
513921,126.058,3.18954,608,45260,0.43267,0.65,1,86615,86007,608
516841,46.8116,131.838,471,45260,0.422534,0.54,1,86642,86171,471
519761,158.962,41.5676,639,45260,0.468507,0.42,1,86829,86190,639
522681,46.1925,167.514,458,45260,0.453701,0.53,1,86847,86389,458
525601,10.8385,44.7027,446,45260,0.41874,0.49,1,86849,86403,446
528521,3.7677,10.5405,446,45260,0.379748,0.43,1,86851,86405,446
531441,7.15354,4.50811,451,45260,0.46795,0.5,1,86859,86408,451
534361,10.2307,7.30162,454,45260,0.42959,0.52,1,86870,86416,454
537281,3.64614,6.26032,450,45260,0.501918,0.48,1,86872,86422,450
540201,7.12923,2.85206,456,45260,0.388384,0.56,1,86880,86424,456
543121,3.02585,9.37041,447,45260,0.365677,0.53,1,86882,86435,447
546041,2.20517,3.47408,447,45260,0.521135,0.49,1,86884,86437,447
548961,5.24103,2.29482,451,45260,0.464227,0.48,1,86890,86439,451
551881,9.04821,5.25896,455,45260,0.484845,0.45,1,86900,86445,455
554801,5.00964,7.45179,451,45260,0.512969,0.44,1,86904,86453,451
557721,127.402,6.29036,603,45260,0.542594,0.43,1,87062,86459,603
560641,46.2804,126.058,473,45260,0.476519,0.42,1,87088,86615,473
563561,153.256,46.8116,626,45260,0.495304,0.48,1,87268,86642,626
566481,50.6512,158.962,464,45260,0.307061,0.45,1,87293,86829,464
569401,11.7302,46.1925,448,45260,0.437412,0.41,1,87295,86847,448
572321,5.54605,10.8385,450,45260,0.439482,0.37,1,87299,86849,450
575241,2.70921,3.7677,450,45260,0.407896,0.49,1,87301,86851,450
578161,7.74184,7.15354,451,45260,0.449579,0.42,1,87310,86859,451
581081,3.14837,10.2307,442,45260,0.457916,0.52,1,87312,86870,442
584001,9.42967,3.64614,451,45260,0.403583,0.36,1,87323,86872,451
586921,3.48593,7.12923,445,45260,0.416717,0.36,1,87325,86880,445
589841,7.09719,3.02585,451,45260,0.299343,0.56,1,87333,86882,451
592761,3.01944,2.20517,451,45260,0.427869,0.45,1,87335,86884,451
595681,5.40389,5.24103,451,45260,0.397574,0.49,1,87341,86890,451
598601,7.48078,9.04821,449,45260,0.431515,0.52,1,87349,86900,449
601521,127.896,5.00964,603,45260,0.318303,0.55,1,87507,86904,603
604441,50.3792,127.402,476,45260,0.407661,0.46,1,87538,87062,476
607361,149.276,46.2804,624,45260,0.417532,0.5,1,87712,87088,624
610281,45.0552,153.256,463,45260,0.395506,0.26,1,87731,87268,463
613201,10.611,50.6512,440,45260,0.351101,0.47,1,87733,87293,440
616121,8.52221,11.7302,446,45260,0.36622,0.44,1,87741,87295,446
619041,3.30444,5.54605,444,45260,0.369244,0.4,1,87743,87299,444
621961,6.26089,2.70921,449,45260,0.361849,0.46,1,87750,87301,449
624881,2.85218,7.74184,442,45260,0.36837,0.46,1,87752,87310,442
627801,6.17044,3.14837,447,45260,0.289674,0.39,1,87759,87312,447
630721,9.23409,9.42967,446,45260,0.297935,0.42,1,87769,87323,446
633641,3.44682,3.48593,446,45260,0.371587,0.27,1,87771,87325,446
636561,7.08936,7.09719,446,45260,0.258317,0.46,1,87779,87333,446
639481,3.01787,3.01944,446,45260,0.243663,0.39,1,87781,87335,446
642401,7.00357,5.40389,448,45260,0.296733,0.44,1,87789,87341,448
645321,124.601,7.48078,594,45260,0.243347,0.29,1,87943,87349,594
648241,53.7201,127.896,472,45260,0.288669,0.43,1,87979,87507,472
651161,150.744,50.3792,616,45260,0.321734,0.42,1,88154,87538,616
654081,43.7488,149.276,459,45260,0.304347,0.39,1,88171,87712,459
657001,10.3498,45.0552,442,45260,0.268869,0.34,1,88173,87731,442
659921,6.86995,10.611,446,45260,0.317774,0.37,1,88179,87733,446
662841,2.97399,8.52221,440,45260,0.295555,0.37,1,88181,87741,440
665761,8.5948,3.30444,448,45260,0.323111,0.36,1,88191,87743,448
668681,3.31896,6.26089,443,45260,0.328622,0.37,1,88193,87750,443
671601,3.06379,2.85218,444,45260,0.281724,0.27,1,88196,87752,444
674521,4.61276,6.17044,442,45260,0.272345,0.3,1,88201,87759,442
677441,2.52255,9.23409,434,45260,0.270469,0.39,1,88203,87769,434
680361,9.30451,3.44682,443,45260,0.358094,0.23,1,88214,87771,443
683281,3.4609,7.08936,437,45260,0.391619,0.24,1,88216,87779,437
686201,9.49218,3.01787,446,45260,0.414324,0.31,1,88227,87781,446
689121,123.498,7.00357,590,45260,0.354865,0.23,1,88379,87789,590
692041,55.0997,124.601,474,45260,0.334973,0.3,1,88417,87943,474
694961,153.42,53.7201,616,45260,0.354995,0.33,1,88595,87979,616
697881,40.284,150.744,453,45260,0.358999,0.3,1,88607,88154,453
700801,9.6568,43.7488,438,45260,0.3278,0.26,1,88609,88171,438
703721,8.33136,10.3498,444,45260,0.28956,0.33,1,88617,88173,444
706641,3.26627,6.86995,440,45260,0.369912,0.29,1,88619,88179,440
709561,6.25325,2.97399,445,45260,0.305982,0.33,1,88626,88181,445
712481,2.85065,8.5948,437,45260,0.293196,0.33,1,88628,88191,437
715401,7.77013,3.31896,444,45260,0.322639,0.27,1,88637,88193,444
718321,4.75403,3.06379,445,46720,0.304528,0.27,1,88641,88196,445
721241,2.55081,4.61276,442,46720,0.268906,0.27,1,88643,88201,442
724161,9.31016,2.52255,451,46720,0.421781,0.38,1,88654,88203,451
727081,3.46203,9.30451,442,46720,0.420356,0.4,1,88656,88214,442
730001,7.09241,3.4609,448,46720,0.380071,0.42,1,88664,88216,448
732921,121.418,9.49218,587,46720,0.420014,0.34,1,88814,88227,587
735841,61.0837,123.498,481,46720,0.388003,0.33,1,88860,88379,481
738761,151.417,55.0997,617,46720,0.469601,0.36,1,89034,88417,617
741681,37.4833,153.42,448,46720,0.44592,0.36,1,89043,88595,448
744601,13.0967,40.284,443,46720,0.433184,0.32,1,89050,88607,443
747521,4.21933,9.6568,443,46720,0.398637,0.28,1,89052,88609,443
750441,3.24387,8.33136,438,46720,0.383727,0.39,1,89055,88617,438
753361,7.04877,3.26627,444,46720,0.436745,0.29,1,89063,88619,444
756281,3.00975,6.25325,439,46720,0.415349,0.29,1,89065,88626,439
759201,9.40195,2.85065,448,46720,0.42707,0.33,1,89076,88628,448
762121,3.48039,7.77013,441,48180,0.397414,0.3,1,89078,88637,441
765041,3.89608,4.75403,441,48180,0.327483,0.26,1,89082,88641,441
767961,3.97922,2.55081,443,48180,0.377497,0.46,1,89086,88643,443
770881,7.99584,9.31016,441,48180,0.363499,0.42,1,89095,88654,441
773801,3.19917,3.46203,441,48180,0.4807,0.37,1,89097,88656,441
776721,7.83983,7.09241,442,48180,0.48014,0.43,1,89106,88664,442
779641,115.168,121.418,434,48180,0.448028,0.38,1,89248,88814,434
782561,68.6336,61.0837,445,48180,0.409606,0.49,1,89305,88860,445
785481,151.327,151.417,443,48180,0.489921,0.44,1,89477,89034,443
788401,35.8653,37.4833,441,48180,0.497984,0.43,1,89484,89043,441
791321,15.1731,13.0967,444,48180,0.435597,0.39,1,89494,89050,444
794241,4.63461,4.21933,444,48180,0.423119,0.38,1,89496,89052,444
797161,2.52692,3.24387,443,48180,0.388624,0.45,1,89498,89055,443
800081,6.90538,7.04877,443,48180,0.437725,0.41,1,89506,89063,443
803001,2.98108,3.00975,443,48180,0.447545,0.43,1,89508,89065,443
805921,8.59622,9.40195,442,49640,0.481509,0.43,1,89518,89076,442
808841,3.31924,1.88039,444,49640,0.504302,0.39,1,89520,89076,444
811761,2.26385,1.97608,444,49640,0.47686,0.31,1,89522,89078,444
814681,2.85277,3.59522,443,49640,0.423372,0.39,1,89525,89082,443
817601,12.5706,3.91904,454,49640,0.428674,0.36,1,89540,89086,454
820521,4.11411,7.98381,447,49640,0.397735,0.51,1,89542,89095,447
823441,5.62282,3.19676,451,49640,0.407547,0.48,1,89548,89097,451
826361,114.725,7.83935,584,49640,0.353509,0.44,1,89690,89106,584
829281,70.1449,115.168,501,49640,0.430702,0.4,1,89749,89248,501
832201,154.029,68.6336,619,49640,0.46214,0.51,1,89924,89305,619
835121,32.4058,151.327,449,49640,0.468428,0.5,1,89926,89477,449
838041,16.0812,35.8653,454,49640,0.445686,0.42,1,89938,89484,454
840961,4.81623,15.1731,446,49640,0.417137,0.42,1,89940,89494,446
843881,2.56325,4.63461,446,49640,0.379427,0.38,1,89942,89496,446
846801,2.11265,2.52692,446,49640,0.363885,0.45,1,89944,89498,446
849721,8.42253,6.90538,448,49640,0.416777,0.45,1,89954,89506,448
852641,3.28451,2.98108,448,51100,0.467355,0.49,1,89956,89508,448
855561,2.2569,8.59622,440,51100,0.445471,0.51,1,89958,89518,440
858481,3.65138,3.31924,442,51100,0.377094,0.47,1,89962,89520,442
861401,6.33028,2.26385,447,51100,0.459419,0.41,1,89969,89522,447
864321,2.86606,2.85277,446,51100,0.491884,0.43,1,89971,89525,446
867241,7.77321,12.5706,440,51100,0.482377,0.39,1,89980,89540,440
870161,3.15464,4.11411,440,51100,0.464475,0.41,1,89982,89542,440
873081,11.0309,5.62282,447,51100,0.428895,0.34,1,89995,89548,447
876001,111.006,114.725,441,51100,0.325779,0.45,1,90131,89690,441
878921,75.0012,70.1449,448,51100,0.433156,0.47,1,90197,89749,448
881841,151.8,154.029,444,51100,0.478631,0.47,1,90368,89924,444
884761,31.96,32.4058,444,51100,0.455726,0.44,1,90370,89926,444
887681,15.992,16.0812,444,51100,0.459145,0.41,1,90382,89938,444
890601,4.7984,4.81623,444,51100,0.427829,0.37,1,90384,89940,444
893521,2.55968,2.56325,444,51100,0.389566,0.36,1,90386,89942,444
896441,3.71194,2.11265,446,51100,0.325913,0.43,1,90390,89944,446
899361,7.14239,8.42253,444,52560,0.425183,0.43,1,90398,89954,444
902281,3.02848,1.68451,446,52560,0.413036,0.48,1,90400,89954,446
905201,2.2057,1.9369,446,52560,0.426607,0.44,1,90402,89956,446
908121,3.64114,1.98738,448,52560,0.485321,0.36,1,90406,89958,448
911041,5.52823,3.59748,450,52560,0.465064,0.48,1,90412,89962,450
913961,2.70565,6.3195,445,52560,0.453013,0.5,1,90414,89969,445
916881,6.14113,2.8639,450,52560,0.434603,0.48,1,90421,89971,450
919801,2.82823,7.77278,443,52560,0.430921,0.46,1,90423,89980,443
922721,8.56565,3.15456,451,52560,0.382184,0.42,1,90433,89982,451
925641,112.113,11.0309,576,52560,0.532437,0.3,1,90571,89995,576
928561,76.0226,111.006,507,52560,0.706487,0.46,1,90638,90131,507
931481,154.405,75.0012,615,52560,0.725297,0.49,1,90812,90197,615
934401,32.4809,151.8,446,52560,0.753059,0.45,2,90814,90368,446
937321,13.6962,31.96,453,52560,0.774612,0.46,2,90823,90370,453
940241,4.33924,15.992,443,52560,0.778922,0.42,2,90825,90382,443
943161,4.06785,4.7984,445,52560,0.715784,0.38,1,90829,90384,445
946081,2.41357,2.55968,445,52560,0.679157,0.31,1,90831,90386,445
949001,2.08271,3.71194,443,54020,0.639831,0.45,1,90833,90390,443
951921,7.61654,7.14239,444,54020,0.759966,0.41,2,90842,90398,444
954841,3.12331,3.02848,444,54020,0.783993,0.43,2,90844,90400,444
957761,2.22466,2.2057,444,54020,0.780799,0.5,2,90846,90402,444
960681,2.04493,3.64114,442,54020,0.74816,0.46,1,90848,90406,442
963601,5.20899,5.52823,442,54020,0.685632,0.45,1,90854,90412,442
966521,4.2418,2.70565,444,54020,0.793126,0.43,2,90858,90414,444
969441,4.04836,6.14113,441,54020,0.782625,0.43,2,90862,90421,441
972361,2.40967,2.82823,441,54020,0.748525,0.37,1,90864,90423,441
975281,11.6819,8.56565,445,54020,0.781705,0.57,2,90878,90433,445
978201,117.536,112.113,451,54020,0.772341,0.75,2,91022,90571,451
981121,81.9073,76.0226,457,54020,0.714468,0.73,1,91095,90638,457
984041,158.781,154.405,461,54020,0.734894,0.76,1,91273,90812,461
986961,33.3563,32.4809,461,54020,0.738979,0.78,1,91275,90814,461
989881,8.27126,13.6962,454,54020,0.763796,0.78,2,91277,90823,454
992801,3.25425,4.33924,454,54020,0.768759,0.7,2,91279,90825,454
995721,7.85085,4.06785,459,54020,0.785752,0.67,2,91288,90829,459
998641,3.17017,2.41357,459,55480,0.78915,0.67,2,91290,90831,459
1001561,2.23403,0.482714,461,55480,0.75783,0.63,2,91292,90831,461
1004481,3.64681,1.69654,463,55480,0.687566,0.79,1,91296,90833,463
1007401,2.32936,7.53931,456,55480,0.761513,0.79,2,91298,90842,456
1010321,2.86587,3.10786,457,55480,0.816303,0.78,2,91301,90844,457
1013241,6.97317,2.22157,463,55480,0.795261,0.74,2,91309,90846,463
1016161,2.99463,2.04431,463,55480,0.759052,0.67,2,91311,90848,463
1019081,2.19893,5.20886,459,55480,0.75181,0.82,2,91313,90854,459
1022001,6.03979,4.24177,462,55480,0.790362,0.78,2,91320,90858,462
1024921,3.60796,4.04835,461,55480,0.782072,0.74,2,91323,90862,461
1027841,12.7216,2.40967,474,55480,0.796414,0.79,2,91338,90864,474
1030761,113.744,11.6819,599,55480,0.823283,0.77,2,91477,90878,599
1033681,83.5489,117.536,531,55480,0.780657,0.7,2,91553,91022,531
1036601,160.71,81.9073,638,55480,0.916131,0.74,2,91733,91095,638
1039521,33.742,158.781,462,55480,0.911226,0.74,2,91735,91273,462
1042441,8.34839,33.3563,462,55480,0.910245,0.77,2,91737,91275,462
1045361,3.26968,8.27126,462,55480,0.910049,0.77,2,91739,91277,462
1048281,7.85394,3.25425,469,55480,0.93401,0.79,2,91748,91279,469
1089161,76,76,469,55480,0.83,0.95,2,92022,91553,469
1092081,158.4,159.2,468,55480,0.79,0.91,2,92201,91733,468
1095001,33.28,33.44,468,55480,0.782,0.91,2,92203,91735,468
1097921,8.256,8.288,468,55480,0.7804,0.91,2,92205,91737,468
1100841,4.8512,3.2576,470,55480,0.78008,0.94,2,92209,91739,470
1103761,2.57024,7.85152,463,55480,0.748016,0.97,1,92211,91748,463
1106681,2.11405,3.1703,463,55480,0.741603,0.93,1,92213,91750,463
1109601,2.02281,2.23406,463,55480,0.740321,0.89,1,92215,91752,463
1112521,3.60456,2.04681,465,55480,0.708064,0.85,1,92219,91754,465
1115441,6.32091,2.00936,470,55480,0.725613,0.81,1,92226,91756,470
1118361,2.86418,2.00187,470,55480,0.689123,0.81,1,92228,91758,470
1121281,2.17284,2.00037,470,55480,0.705824,0.97,1,92230,91760,470
1124201,3.63457,8.40007,464,55480,0.669165,0.97,1,92234,91770,464
1127121,7.12691,3.28001,470,55480,0.749833,0.93,1,92242,91772,470
1130041,3.02538,2.256,470,55480,0.733967,0.86,1,92244,91774,470
1132961,2.20508,4.4512,467,55480,0.730793,0.97,1,92246,91779,467
1135881,5.24102,5.69024,467,55480,0.634159,0.88,1,92252,91785,467
1138801,8.2482,10.738,464,55480,0.678832,0.64,1,92261,91797,464
1141721,123.25,121.348,467,55480,0.695766,0.83,1,92413,91946,467
1144641,79.8499,85.0695,460,55480,0.667153,0.78,1,92482,92022,460
1147561,158.37,160.214,459,55480,0.757431,0.78,2,92660,92201,459
1150481,33.274,33.6428,459,55480,0.775486,0.78,2,92662,92203,459
1153401,8.2548,8.32856,459,55480,0.779097,0.78,2,92664,92205,459
1156321,3.25096,4.86571,457,55480,0.779819,0.74,2,92666,92209,457
1159241,2.25019,2.57314,457,55480,0.779964,0.74,2,92668,92211,457
1162161,2.05004,2.11463,457,55480,0.779993,0.74,2,92670,92213,457
1165081,2.01001,2.02293,457,55480,0.779999,0.7,2,92672,92215,457
1168001,3.602,3.60459,457,55480,0.78,0.73,2,92676,92219,457
1170921,3.1204,6.32092,453,55480,0.796,0.68,2,92679,92226,453
1173841,2.22408,2.86418,453,55480,0.7992,0.71,2,92681,92228,453
1176761,2.04482,2.17284,453,55480,0.79984,0.66,2,92683,92230,453
1179681,7.60896,3.63457,458,55480,0.751968,0.77,2,92692,92234,458
1182601,4.72179,7.12691,454,55480,0.734394,0.73,1,92696,92242,454
1185521,2.54436,3.02538,454,55480,0.706879,0.73,1,92698,92244,454
1188441,6.90887,2.20508,460,55480,0.661376,0.61,1,92706,92246,460
1191361,2.98177,5.24102,456,55480,0.652275,0.69,1,92708,92252,456
1194281,9.39636,8.2482,458,55480,0.666455,0.7,1,92719,92261,458
1197201,124.279,123.25,459,55480,0.573291,0.66,1,92872,92413,459
1200121,78.4559,79.8499,457,55480,0.674658,0.78,1,92939,92482,457
1203041,161.291,158.37,461,55480,0.606932,0.78,1,93121,92660,461
1205961,33.8582,33.274,461,55480,0.681386,0.78,1,93123,92662,461
1208881,8.37165,8.2548,461,55480,0.696277,0.78,1,93125,92664,461
1211801,3.27433,3.25096,461,55480,0.699255,0.78,1,93127,92666,461
1214721,2.25487,2.25019,461,55480,0.699851,0.78,1,93129,92668,461
1217641,2.05097,2.05004,461,55480,0.66797,0.78,1,93131,92670,461
1220561,2.01019,2.01001,461,55480,0.661594,0.78,1,93133,92672,461
1223481,2.00204,3.602,459,55480,0.660319,0.8,1,93135,92676,459
1226401,2.00041,3.1204,458,55480,0.660064,0.8,1,93137,92679,458
1229321,2.00008,2.22408,458,55480,0.660013,0.8,1,93139,92681,458
1232241,3.60002,2.04482,460,55480,0.660003,0.74,1,93143,92683,460
1235161,5.52,7.60896,457,55480,0.676001,0.73,1,93149,92692,457
1238081,2.704,4.72179,455,55480,0.6792,0.7,1,93151,92696,455
1241001,2.1408,2.54436,455,55480,0.64784,0.65,1,93153,92698,455
1243921,7.62816,6.90887,456,55480,0.625568,0.65,1,93162,92706,456
1246841,3.12563,2.98177,456,55480,0.621114,0.67,1,93164,92708,456
1249761,8.62513,9.39636,455,55480,0.588223,0.55,1,93174,92719,455
1252681,121.725,124.279,452,55480,0.581645,0.7,1,93324,92872,452
1255601,84.345,78.4559,460,55480,0.580329,0.59,1,93399,92939,460
1258521,158.469,161.291,455,55480,0.604066,0.7,1,93576,93121,455
1261441,33.2938,33.8582,455,55480,0.576813,0.7,1,93578,93123,455
1264361,8.25876,8.37165,455,55480,0.539363,0.7,1,93580,93125,455
1267281,3.25175,3.27433,455,55480,0.531873,0.7,1,93582,93127,455
1270201,2.25035,2.25487,455,55480,0.530375,0.66,1,93584,93129,455
1273121,2.05007,2.05097,455,55480,0.618075,0.66,1,93586,93131,455
1276041,2.01001,2.01019,455,55480,0.635615,0.66,1,93588,93133,455
1278961,2.002,2.00204,455,55480,0.639123,0.66,1,93590,93135,455
1281881,2.8004,2.00041,456,55480,0.655825,0.66,1,93593,93137,456
1284801,2.16008,2.00008,456,55480,0.659165,0.66,1,93595,93139,456
1287721,2.03202,3.60002,454,55480,0.659833,0.68,1,93597,93143,454
1290641,3.6064,5.52,452,55480,0.659967,0.68,1,93601,93149,452
1293561,2.32128,2.704,452,55480,0.627993,0.64,1,93603,93151,452
1296481,2.06426,2.1408,452,55480,0.621599,0.62,1,93605,93153,452
1299401,7.61285,7.62816,452,55480,0.60432,0.62,1,93614,93162,452
1302321,4.72257,3.12563,454,55480,0.568864,0.58,1,93618,93164,454
1305241,7.34451,8.62513,452,55480,0.497773,0.58,1,93626,93174,452
1308161,120.669,121.725,451,55480,0.627555,0.58,1,93775,93324,451
1311081,83.3338,84.345,450,55480,0.661511,0.61,1,93849,93399,450
1314001,161.467,158.469,454,55480,0.620302,0.57,1,94030,93576,454
1316921,33.8933,33.2938,454,55480,0.61206,0.53,1,94032,93578,454
1319841,8.37867,8.25876,454,55480,0.578412,0.53,1,94034,93580,454
1322761,3.27573,3.25175,454,55480,0.539682,0.53,1,94036,93582,454
1325681,2.25515,2.25035,454,55480,0.499936,0.64,1,94038,93584,454
1328601,2.05103,2.05007,454,55480,0.547987,0.64,1,94040,93586,454
1331521,2.01021,2.01001,454,55480,0.557597,0.64,1,94042,93588,454
1334441,2.00204,2.002,454,55480,0.559519,0.66,1,94044,93590,454
1337361,2.00041,2.8004,453,55480,0.559904,0.66,1,94046,93593,453
1340281,2.00008,2.16008,453,55480,0.559981,0.66,1,94048,93595,453
1343201,2.00002,2.03202,453,55480,0.559996,0.66,1,94050,93597,453
1346121,2,3.6064,451,55480,0.559999,0.62,1,94052,93601,451
1349041,2,2.32128,451,55480,0.56,0.62,1,94054,93603,451
1351961,2,2.06426,451,55480,0.576,0.6,1,94056,93605,451
1354881,3.6,7.61285,446,55480,0.5792,0.56,1,94060,93614,446
1357801,3.92,4.72257,446,55480,0.57984,0.48,1,94064,93618,446
1360721,8.784,7.34451,448,55480,0.523968,0.66,1,94074,93626,448
1363641,119.357,120.669,446,55480,0.480794,0.67,1,94221,93775,446
1366561,88.6714,83.3338,453,56940,0.528159,0.61,1,94302,93849,453
1369481,160.134,161.467,450,56940,0.577632,0.61,1,94480,94030,450
1372401,33.6269,33.8933,450,56940,0.619526,0.57,1,94482,94032,450
1375321,8.32537,8.37867,450,56940,0.595905,0.53,1,94484,94034,450
1378241,3.26507,3.27573,450,56940,0.559181,0.49,1,94486,94036,450
1381161,2.25301,2.25515,450,56940,0.519836,0.56,1,94488,94038,450
1384081,2.0506,2.05103,450,56940,0.479967,0.56,1,94490,94040,450
1387001,2.01012,2.01021,450,56940,0.471993,0.56,1,94492,94042,450
1389921,2.00202,2.00204,450,56940,0.470399,0.56,1,94494,94044,450
1392841,2.8004,2.00041,451,56940,0.48608,0.56,1,94497,94046,451
1395761,2.16008,2.00008,451,56940,0.577216,0.56,1,94499,94048,451
1398681,2.03202,2.00002,451,56940,0.595443,0.56,1,94501,94050,451
1401601,2.0064,2,451,56940,0.599089,0.56,1,94503,94052,451
1404521,2.00128,2,451,56940,0.599818,0.58,1,94505,94054,451
1407441,2.00026,2,451,56940,0.567964,0.58,1,94507,94056,451
1410361,2.00005,3.6,449,56940,0.561593,0.58,1,94509,94060,449
1413281,2.00001,3.92,447,56940,0.560319,0.51,1,94511,94064,447
1416201,11.6,8.784,451,56940,0.528064,0.47,1,94525,94074,451
1419121,114.32,119.357,444,58400,0.425613,0.47,1,94665,94221,444
1422041,89.264,23.8714,527,58400,0.525123,0.54,1,94748,94221,527
1424961,158.653,69.5743,622,58400,0.529024,0.59,1,94924,94302,622
1427881,33.3306,156.315,446,58400,0.529805,0.63,1,94926,94480,446
1430801,8.26611,32.863,446,58400,0.529961,0.59,1,94928,94482,446
1433721,3.25322,8.17259,446,58400,0.529992,0.55,1,94930,94484,446
1436641,7.05064,3.23452,452,58400,0.529998,0.51,1,94938,94486,452
1439561,3.01013,2.2469,452,58400,0.53,0.47,1,94940,94488,452
1442481,2.20203,2.04938,452,58400,0.53,0.47,1,94942,94490,452
1445401,2.04041,2.00988,452,58400,0.498,0.47,1,94944,94492,452
1448321,2.00808,2.00198,452,58400,0.4836,0.49,1,94946,94494,452
1451241,2.00162,2.8004,451,58400,0.44872,0.6,1,94948,94497,451
1454161,2.00032,2.16008,451,58400,0.441744,0.6,1,94950,94499,451
1457081,2.00006,2.03202,451,58400,0.440349,0.6,1,94952,94501,451
1460001,2.00001,2.0064,451,58400,0.44007,0.6,1,94954,94503,451
1462921,2,2.00128,451,58400,0.440014,0.56,1,94956,94505,451
1465841,2,2.00026,451,58400,0.440003,0.56,1,94958,94507,451
1468761,2,2.00005,451,58400,0.512001,0.56,1,94960,94509,451
1471681,10,2.00001,461,58400,0.5344,0.52,1,94972,94511,461
1474601,3.6,11.6,449,59860,0.50688,0.4,1,94974,94525,449
1477521,109.52,114.32,445,59860,0.469376,0.55,1,95110,94665,445
1480441,91.504,89.264,449,59860,0.445875,0.53,1,95197,94748,449
1483361,158.301,158.653,448,59860,0.529175,0.53,1,95372,94924,448
1486281,33.2602,33.3306,448,59860,0.545835,0.53,1,95374,94926,448
1489201,8.25203,8.26611,448,59860,0.549167,0.53,1,95376,94928,448
1492121,3.25041,3.25322,448,59860,0.549833,0.53,1,95378,94930,448
1495041,3.85008,7.05064,444,59860,0.517967,0.53,1,95382,94938,444
1497961,2.37002,3.01013,444,59860,0.511593,0.53,1,95384,94940,444
1500881,2.074,2.20203,444,59860,0.510319,0.49,1,95386,94942,444
1503801,2.0148,2.04041,444,59860,0.510064,0.48,1,95388,94944,444
1506721,2.00296,2.00808,444,59860,0.510013,0.44,1,95390,94946,444
1509641,3.60059,2.00162,446,59860,0.478003,0.44,1,95394,94948,446
1512561,3.92012,2.00032,448,59860,0.471601,0.44,1,95398,94950,448
1515481,2.38402,2.00006,448,59860,0.49432,0.44,1,95400,94952,448
1518401,2.0768,2.00001,448,59860,0.514864,0.44,1,95402,94954,448
1521321,2.01536,2,448,59860,0.486973,0.44,1,95404,94956,448
1524241,2.00307,2,448,59860,0.481395,0.53,1,95406,94958,448
1527161,2.00061,2,448,59860,0.448279,0.54,1,95408,94960,448
1530081,5.20012,10,442,61320,0.497656,0.54,1,95414,94972,442
1533001,3.44002,2,445,61320,0.523531,0.5,1,95417,94972,445
1535921,108.688,2,578,61320,0.408706,0.46,1,95552,94974,578
1538841,90.5376,109.2,528,61320,0.449741,0.44,1,95638,95110,528
1541761,162.108,91.44,621,61320,0.529948,0.55,1,95818,95197,621
1544681,34.0215,158.288,448,61320,0.54599,0.55,1,95820,95372,448
1547601,8.4043,33.2576,448,61320,0.549198,0.55,1,95822,95374,448
1550521,3.28086,8.25152,448,61320,0.54984,0.55,1,95824,95376,448
1553441,2.25617,3.2503,448,61320,0.549968,0.51,1,95826,95378,448
1556361,2.05123,3.85006,446,61320,0.549994,0.51,1,95828,95382,446
1559281,2.01025,2.37001,446,61320,0.549999,0.51,1,95830,95384,446
1562201,2.80205,2.074,447,61320,0.566,0.51,1,95833,95386,447
1565121,2.96041,2.0148,448,61320,0.5532,0.51,1,95836,95388,448
1568041,2.99208,2.00296,449,61320,0.56664,0.47,1,95839,95390,449
1570961,2.19842,3.60059,447,61320,0.569328,0.47,1,95841,95394,447
1573881,2.83968,3.92012,446,61320,0.553866,0.5,1,95844,95398,446
1576801,4.56794,2.38402,449,61320,0.518773,0.52,1,95849,95400,449
1579721,2.51359,2.0768,449,61320,0.535755,0.48,1,95851,95402,449
1582641,2.10272,2.01536,449,61320,0.539151,0.48,1,95853,95404,449
1585561,2.02054,2.00307,449,61320,0.53983,0.44,1,95855,95406,449
1588481,2.00411,2.00061,449,62780,0.507966,0.51,1,95857,95408,449
1591401,3.60082,5.20012,447,62780,0.525593,0.53,1,95861,95414,447
1594321,2.32016,3.44002,446,62780,0.529119,0.38,1,95863,95417,446
1597241,103.664,108.688,440,62780,0.569824,0.46,1,95992,95552,440
1600161,94.3328,90.5376,446,62780,0.529965,0.55,1,96084,95638,446
1603081,165.267,162.108,449,62780,0.609993,0.55,1,96267,95818,449
1606001,34.6533,34.0215,449,62780,0.593999,0.55,1,96269,95820,449
1608921,8.53066,8.4043,449,62780,0.5908,0.55,1,96271,95822,449
1611841,3.30613,3.28086,449,62780,0.59016,0.55,1,96273,95824,449
1614761,2.26123,2.25617,449,62780,0.622032,0.55,1,96275,95826,449
1617681,2.05225,2.05123,449,62780,0.596406,0.55,1,96277,95828,449
1620601,2.01045,2.01025,449,62780,0.591281,0.57,1,96279,95830,449
1623521,2.00209,2.80205,448,62780,0.590256,0.55,1,96281,95833,448
1626441,2.00042,2.96041,447,62780,0.590051,0.57,1,96283,95836,447
1629361,4.40008,2.99208,449,62780,0.60601,0.57,1,96288,95839,449
1632281,2.48002,2.19842,449,62780,0.609202,0.55,1,96290,95841,449
1635201,2.096,2.83968,448,62780,0.60984,0.51,1,96292,95844,448
1638121,2.0192,4.56794,445,62780,0.609968,0.54,1,96294,95849,445
1641041,5.20384,2.51359,449,62780,0.545994,0.54,1,96300,95851,449
1643961,2.64077,2.10272,449,62780,0.533199,0.54,1,96302,95853,449
1646881,2.12815,2.02054,449,64240,0.55464,0.54,1,96304,95855,449
1649801,2.02563,0.404109,451,64240,0.558928,0.5,1,96306,95855,451
1652721,3.60513,1.68082,453,64240,0.519786,0.53,1,96310,95857,453
1655641,2.32103,3.53616,451,64240,0.511957,0.53,1,96312,95861,451
1658561,103.664,2.30723,578,64240,0.526391,0.58,1,96441,95863,578
1661481,91.1328,103.661,537,64240,0.577278,0.52,1,96529,95992,537
1664401,168.627,94.3323,633,64240,0.619456,0.63,1,96717,96084,633
1667321,35.3253,165.266,452,64240,0.627891,0.59,1,96719,96267,452
1670241,8.66506,34.6533,452,64240,0.629578,0.59,1,96721,96269,452
1673161,3.33301,8.53066,452,64240,0.629916,0.59,1,96723,96271,452
1676081,2.2666,3.30613,452,64240,0.629983,0.63,1,96725,96273,452
1679001,2.05332,2.26123,452,64240,0.629997,0.59,1,96727,96275,452
1681921,2.01066,2.05225,452,64240,0.629999,0.59,1,96729,96277,452
1684841,2.00213,2.01045,452,64240,0.63,0.59,1,96731,96279,452
1687761,2.00043,2.00209,452,64240,0.63,0.59,1,96733,96281,452
1690681,2.00009,2.00042,452,64240,0.63,0.61,1,96735,96283,452
1693601,2.00002,4.40008,449,64240,0.63,0.61,1,96737,96288,449
1696521,2,2.48002,449,64240,0.646,0.61,1,96739,96290,449
1699441,3.6,2.096,451,64240,0.6492,0.61,1,96743,96292,451
1702361,3.92,2.0192,453,64240,0.64984,0.53,1,96747,96294,453
1705281,2.384,5.20384,449,64240,0.649968,0.53,1,96749,96300,449
1708201,2.0768,2.64077,449,65700,0.649994,0.56,1,96751,96302,449
1711121,3.61536,2.12815,451,65700,0.617999,0.56,1,96755,96304,451
1714041,2.32307,2.02563,451,65700,0.5796,0.51,1,96757,96306,451
1716961,3.66461,3.60513,451,65700,0.58792,0.51,1,96761,96310,451
1719881,2.33292,2.32103,451,65700,0.629584,0.53,1,96763,96312,451
1722801,101.267,103.664,448,65700,0.669917,0.59,1,96889,96441,448
1725721,90.6533,91.1328,448,65700,0.573983,0.63,1,96977,96529,448
1728641,172.531,168.627,453,65700,0.666797,0.63,1,97170,96717,453
1731561,36.1061,35.3253,453,65700,0.653359,0.63,1,97172,96719,453
1734481,8.82123,8.66506,453,65700,0.650672,0.63,1,97174,96721,453
1737401,3.36425,3.33301,453,65700,0.650134,0.63,1,97176,96723,453
1740321,2.27285,2.2666,453,65700,0.682027,0.63,1,97178,96725,453
1743241,2.05457,2.05332,453,65700,0.656405,0.63,1,97180,96727,453
1746161,2.81091,2.01066,454,65700,0.667281,0.63,1,97183,96729,454
1749081,2.16218,2.00213,454,65700,0.669456,0.63,1,97185,96731,454
1752001,2.03244,2.00043,454,65700,0.685891,0.63,1,97187,96733,454
1754921,2.00649,2.00009,454,65700,0.689178,0.63,1,97189,96735,454
1757841,2.0013,2.00002,454,65700,0.689836,0.65,1,97191,96737,454
1760761,2.00026,2,454,65700,0.657967,0.65,1,97193,96739,454
1763681,2.00005,3.6,452,65700,0.651593,0.65,1,97195,96743,452
1766601,2.00001,3.92,450,65700,0.650319,0.65,1,97197,96747,450
1769521,2,2.384,450,65700,0.650064,0.65,1,97199,96749,450
1772441,2.8,0.4768,453,65700,0.666013,0.65,1,97202,96749,453
1775361,3.76,1.69536,455,65700,0.669203,0.61,1,97206,96751,455
1778281,2.352,3.53907,453,65700,0.669841,0.57,1,97208,96755,453
1781201,6.0704,2.30781,458,65700,0.621968,0.59,1,97215,96757,458
1784121,2.81408,3.66156,456,65700,0.612394,0.64,1,97217,96761,456
1787041,96.5628,2.33231,574,65700,0.594479,0.68,1,97337,96763,574
1789961,91.3126,101.266,538,65700,0.590896,0.55,1,97427,96889,538
1792881,175.063,90.6533,646,65700,0.678179,0.69,1,97623,96977,646
1795801,36.6125,172.531,455,65700,0.695636,0.65,1,97625,97170,455
1798721,8.9225,36.1061,455,65700,0.699127,0.65,1,97627,97172,455
1801641,4.1845,8.82123,456,65700,0.683825,0.65,1,97630,97174,456
1804561,2.4369,3.36425,456,65700,0.688765,0.69,1,97632,97176,456
1807481,2.08738,2.27285,456,65700,0.721753,0.65,1,97634,97178,456
1810401,2.01748,2.05457,456,65700,0.728351,0.67,1,97636,97180,456
1813321,2.0035,2.81091,455,65700,0.72967,0.67,1,97638,97183,455
1816241,2.0007,2.16218,455,65700,0.697934,0.69,1,97640,97185,455
1819161,2.00014,2.03244,455,65700,0.691587,0.69,1,97642,97187,455
1822081,2.00003,2.00649,455,65700,0.690317,0.69,1,97644,97189,455
1825001,2.00001,2.0013,455,65700,0.690063,0.65,1,97646,97191,455
1827921,2,2.00026,455,65700,0.690013,0.65,1,97648,97193,455
1830841,2,2.00005,455,65700,0.690003,0.65,1,97650,97195,455
1833761,2,2.00001,455,65700,0.690001,0.65,1,97652,97197,455
1836681,2,2,455,65700,0.69,0.67,1,97654,97199,455
1839601,2,2.8,454,65700,0.69,0.67,1,97656,97202,454
1842521,2.8,3.76,453,65700,0.706,0.67,1,97659,97206,453
1845441,6.16,2.352,458,65700,0.6932,0.61,1,97666,97208,458
1848361,2.832,6.0704,453,65700,0.69064,0.61,1,97668,97215,453
1851281,98.1664,2.81408,573,65700,0.618128,0.59,1,97790,97217,573
1854201,90.8333,96.5628,542,65700,0.555626,0.59,1,97879,97337,542
1857121,178.167,91.3126,652,65700,0.559125,0.7,1,98079,97427,652
1860041,37.2333,175.063,458,65700,0.559825,0.7,1,98081,97623,458
1862961,9.04667,36.6125,458,65700,0.559965,0.7,1,98083,97625,458
1865881,3.40933,8.9225,458,65700,0.559993,0.68,1,98085,97627,458
1868801,2.28187,4.1845,457,65700,0.567999,0.69,1,98087,97630,457
1871721,2.05637,2.4369,457,65700,0.5856,0.73,1,98089,97632,457
1874641,2.01127,2.08738,457,65700,0.58112,0.73,1,98091,97634,457
1877561,2.00225,2.01748,457,65700,0.588224,0.73,1,98093,97636,457
1880481,2.00045,2.0035,457,65700,0.589645,0.69,1,98095,97638,457
1883401,2.00009,2.0007,457,65700,0.589929,0.69,1,98097,97640,457
1886321,2.00002,2.00014,457,65700,0.589986,0.69,1,98099,97642,457
1889241,2,2.00003,457,65700,0.589997,0.69,1,98101,97644,457
1892161,2,2.00001,457,65700,0.589999,0.69,1,98103,97646,457
1895081,2,2,457,65700,0.59,0.69,1,98105,97648,457
1898001,2,2,457,65700,0.59,0.69,1,98107,97650,457
1900921,2,2,457,65700,0.59,0.69,1,98109,97652,457
1903841,2,2,457,65700,0.59,0.69,1,98111,97654,457
1906761,2,2,457,65700,0.59,0.71,1,98113,97656,457
1909681,3.6,2.8,458,65700,0.598,0.69,1,98117,97659,458
1912601,2.32,6.16,453,65700,0.5916,0.69,1,98119,97666,453
1915521,98.064,2.832,573,65700,0.60632,0.6,1,98241,97668,573
1918441,87.6128,98.1664,536,65700,0.609264,0.54,1,98326,97790,536
1919901,178.323,90.8333,648,65700,0.633853,0.56,1,98527,97879,648
1922821,38.0645,178.167,451,65700,0.622771,0.56,1,98530,98079,451
1925741,9.2129,37.2333,451,65700,0.620554,0.56,1,98532,98081,451
1928661,3.44258,9.04667,451,65700,0.620111,0.56,1,98534,98083,451
1931581,2.28852,3.40933,451,65700,0.620022,0.57,1,98536,98085,451
1934501,2.0577,2.28187,451,65700,0.636004,0.59,1,98538,98087,451
1937421,2.01154,2.05637,451,65700,0.607201,0.58,1,98540,98089,451
1940341,2.00231,2.01127,451,65700,0.60144,0.59,1,98542,98091,451
1943261,2.00046,2.00225,451,65700,0.600288,0.59,1,98544,98093,451
1946181,2.00009,2.00045,451,65700,0.600058,0.59,1,98546,98095,451
1949101,2.00002,2.00009,451,65700,0.600012,0.59,1,98548,98097,451
1952021,2,2.00002,451,65700,0.608002,0.59,1,98550,98099,451
1954941,2,2,451,65700,0.6096,0.59,1,98552,98101,451
1957861,2,2,451,65700,0.60992,0.59,1,98554,98103,451
1960781,2,2,451,65700,0.609984,0.59,1,98556,98105,451
1963701,2,2,451,65700,0.609997,0.59,1,98558,98107,451
1966621,2,2,451,65700,0.609999,0.59,1,98560,98109,451
1969541,2,2,451,65700,0.61,0.59,1,98562,98111,451
1972461,2,2,451,65700,0.61,0.6,1,98564,98113,451
1975381,3.6,3.6,451,65700,0.61,0.59,1,98568,98117,451
1978301,2.32,2.32,451,65700,0.61,0.61,1,98570,98119,451
1981221,95.664,98.064,448,65700,0.562,0.61,1,98689,98241,448
1984141,86.3328,87.6128,447,65700,0.5844,0.64,1,98773,98326,447
1987061,183.667,178.323,454,65700,0.62888,0.62,1,98981,98527,454
1989981,38.3333,38.0645,453,65700,0.637776,0.62,1,98983,98530,453
1992901,9.26666,9.2129,453,65700,0.639555,0.62,1,98985,98532,453
1995821,3.45333,3.44258,453,65700,0.639911,0.62,1,98987,98534,453
1998741,2.29067,2.28852,453,65700,0.639982,0.64,1,98989,98536,453
2001661,2.05813,2.0577,453,65700,0.639996,0.6,1,98991,98538,453
2004581,2.01163,2.01154,453,65700,0.639999,0.6,1,98993,98540,453
2007501,2.00233,2.00231,453,65700,0.64,0.6,1,98995,98542,453
2010421,2.00047,2.00046,453,65700,0.64,0.6,1,98997,98544,453
2013341,2.00009,2.00009,453,65700,0.64,0.6,1,98999,98546,453
2016261,2.00002,2.00002,453,65700,0.64,0.61,1,99001,98548,453
2019181,2,2,453,65700,0.64,0.61,1,99003,98550,453
2022101,2,2,453,65700,0.64,0.61,1,99005,98552,453
2025021,2,2,453,65700,0.648,0.61,1,99007,98554,453
2027941,2,2,453,65700,0.6496,0.61,1,99009,98556,453
2030861,2,2,453,65700,0.64992,0.61,1,99011,98558,453
2033781,2,2,453,65700,0.649984,0.61,1,99013,98560,453
2036701,2,2,453,65700,0.649997,0.61,1,99015,98562,453
2039621,3.6,2,455,65700,0.649999,0.61,1,99019,98564,455
2042541,2.32,3.6,453,65700,0.65,0.61,1,99021,98568,453
2045461,97.264,2.32,572,65700,0.594,0.55,1,99142,98570,572
2048381,85.0528,95.664,535,65700,0.5188,0.59,1,99224,98689,535
2049841,177.811,86.3328,652,65700,0.56776,0.64,1,99425,98773,652
2052761,43.5621,183.667,454,65700,0.609552,0.64,1,99435,98981,454
2055681,10.3124,38.3333,454,65700,0.63391,0.64,1,99437,98983,454
2058601,3.66248,9.26666,454,65700,0.638782,0.64,1,99439,98985,454
2061521,2.3325,3.45333,454,65700,0.639756,0.64,1,99441,98987,454
2064441,2.0665,2.29067,454,65700,0.639951,0.64,1,99443,98989,454
2067361,2.0133,2.05813,454,65700,0.63999,0.64,1,99445,98991,454
2070281,2.00266,2.01163,454,65700,0.639998,0.64,1,99447,98993,454
2073201,2.00053,2.00233,454,65700,0.64,0.64,1,99449,98995,454
2076121,2.00011,2.00047,454,65700,0.64,0.64,1,99451,98997,454
2079041,2.00002,2.00009,454,65700,0.64,0.64,1,99453,98999,454
2081961,2,2.00002,454,65700,0.64,0.64,1,99455,99001,454
2084881,2,2,454,65700,0.64,0.64,1,99457,99003,454
2087801,2,2,454,65700,0.64,0.65,1,99459,99005,454
2090721,2,2,454,65700,0.64,0.65,1,99461,99007,454
2093641,2,2,454,65700,0.64,0.65,1,99463,99009,454
2096561,2,2,454,65700,0.648,0.65,1,99465,99011,454
2099481,2,2,454,65700,0.6496,0.65,1,99467,99013,454
2102401,2,2,454,65700,0.64992,0.65,1,99469,99015,454
2105321,3.6,3.6,454,65700,0.649984,0.65,1,99473,99019,454
2108241,2.32,2.32,454,65700,0.649997,0.58,1,99475,99021,454
2111161,96.464,97.264,453,65700,0.561999,0.5,1,99595,99142,453
2114081,82.4928,85.0528,450,65700,0.5524,0.58,1,99674,99224,450
2117001,187.699,177.811,463,65700,0.55048,0.62,1,99888,99425,463
2119921,39.1397,43.5621,455,65700,0.550096,0.64,1,99890,99435,455
2122841,9.42794,10.3124,455,65700,0.550019,0.64,1,99892,99437,455
2125761,3.48559,3.66248,455,65700,0.606004,0.64,1,99894,99439,455
2128681,2.29712,2.3325,455,65700,0.617201,0.64,1,99896,99441,455
2131601,2.05942,2.0665,455,65700,0.61944,0.64,1,99898,99443,455
2134521,2.01188,2.0133,455,65700,0.619888,0.64,1,99900,99445,455
2137441,2.00238,2.00266,455,65700,0.619978,0.64,1,99902,99447,455
2140361,2.00048,2.00053,455,65700,0.619996,0.64,1,99904,99449,455
2143281,2.0001,2.00011,455,65700,0.619999,0.64,1,99906,99451,455
2146201,2.00002,2.00002,455,65700,0.62,0.64,1,99908,99453,455
2149121,2,2,455,65700,0.62,0.64,1,99910,99455,455
2152041,2,2,455,65700,0.62,0.64,1,99912,99457,455
2154961,2,2,455,65700,0.62,0.64,1,99914,99459,455
2157881,2,2,455,65700,0.62,0.64,1,99916,99461,455
2160801,2,2,455,65700,0.62,0.65,1,99918,99463,455
2163721,2,2,455,65700,0.62,0.65,1,99920,99465,455
2166641,2,2,455,65700,0.62,0.65,1,99922,99467,455
2169561,3.6,2,457,65700,0.628,0.65,1,99926,99469,457
2172481,2.32,3.6,455,65700,0.6296,0.65,1,99928,99473,455
2175401,95.664,2.32,572,65700,0.55792,0.54,1,100047,99475,572
2178321,79.9328,96.464,528,65700,0.519584,0.55,1,100123,99595,528
2179781,176.787,82.4928,650,65700,0.559917,0.55,1,100324,99674,650
2182701,48.9573,187.699,453,65700,0.591983,0.55,1,100341,99888,453
2185621,11.3915,39.1397,453,65700,0.574397,0.55,1,100343,99890,453
2188541,3.87829,9.42794,453,65700,0.538879,0.62,1,100345,99892,453
2191461,2.37566,3.48559,453,65700,0.531776,0.62,1,100347,99894,453
2194381,2.07513,2.29712,453,65700,0.530355,0.62,1,100349,99896,453
2197301,2.01503,2.05942,453,65700,0.530071,0.62,1,100351,99898,453
2200221,2.00301,2.01188,453,65700,0.586014,0.62,1,100353,99900,453
2203141,2.0006,2.00238,453,65700,0.597203,0.62,1,100355,99902,453
2206061,2.00012,2.00048,453,65700,0.599441,0.62,1,100357,99904,453
2208981,2.00002,2.0001,453,65700,0.599888,0.62,1,100359,99906,453
2211901,2,2.00002,453,65700,0.599978,0.62,1,100361,99908,453
2214821,2,2,453,65700,0.599995,0.62,1,100363,99910,453
2217741,2,2,453,65700,0.599999,0.62,1,100365,99912,453
2220661,2,2,453,65700,0.6,0.62,1,100367,99914,453
2223581,2,2,453,65700,0.6,0.62,1,100369,99916,453
2226501,2,2,453,65700,0.6,0.62,1,100371,99918,453
2229421,2,2,453,65700,0.6,0.62,1,100373,99920,453
2232341,2,2,453,65700,0.6,0.63,1,100375,99922,453
2235261,3.6,3.6,453,65700,0.6,0.63,1,100379,99926,453
2238181,2.32,2.32,453,65700,0.6,0.54,1,100381,99928,453
2241101,94.864,95.664,452,65700,0.704,0.51,1,100499,100047,452
2244021,78.1728,79.9328,450,65700,0.6848,0.57,1,100573,100123,450
2246941,187.635,176.787,464,65700,0.78496,0.6,2,100788,100324,464
2249861,42.3269,48.9573,453,65700,0.804992,0.57,2,100794,100341,453
2252781,10.0654,11.3915,453,65700,0.808998,0.53,2,100796,100343,453
2255701,3.61308,3.87829,453,65700,0.8098,0.53,2,100798,100345,453
2258621,2.32262,2.37566,453,65700,0.81796,0.53,2,100800,100347,453
2261541,2.06452,2.07513,453,65700,0.787592,0.53,2,100802,100349,453
2264461,2.0129,2.01503,453,65700,0.749518,0.6,1,100804,100351,453
2267381,2.00258,2.00301,453,65700,0.749904,0.6,1,100806,100353,453
2270301,2.00052,2.0006,453,65700,0.749981,0.6,1,100808,100355,453
2273221,2.0001,2.00012,453,65700,0.805996,0.6,2,100810,100357,453
2276141,2.00002,2.00002,453,65700,0.817199,0.6,2,100812,100359,453
2279061,2,2,453,65700,0.81944,0.6,2,100814,100361,453
2281981,2,2,453,65700,0.819888,0.6,2,100816,100363,453
2284901,2,2,453,65700,0.819978,0.6,2,100818,100365,453
2287821,2,2,453,65700,0.819996,0.6,2,100820,100367,453
2290741,2,2,453,65700,0.819999,0.6,2,100822,100369,453
2293661,2,2,453,65700,0.82,0.6,2,100824,100371,453
2296581,2,2,453,65700,0.82,0.6,2,100826,100373,453
2299501,3.6,2,455,65700,0.82,0.6,2,100830,100375,455
2302421,2.32,3.6,453,65700,0.82,0.6,2,100832,100379,453
2305341,103.664,2.32,580,65700,0.924,0.73,2,100961,100381,580
2308261,74.3328,94.864,529,65700,0.9128,0.68,2,101028,100499,529
2309721,175.667,78.1728,656,65700,0.83056,0.81,2,101229,100573,656
2341841,2,2,463,65700,0.95,0.82,2,101275,100812,463
2854301,6,7,476,59860,0.91,1,2,105132,104656,476
2857221,8.4,3,483,59860,0.902,1,2,105141,104658,483
2883501,33,35,472,59860,0.91,0.99,2,105272,104800,472
2886421,161.8,162.2,472,59860,0.774,1,2,105466,104994,472
2889341,62.76,62.04,473,59860,0.7948,1,2,105504,105031,473
2892261,30.952,31.608,472,59860,0.78296,1,2,105527,105055,472
2895181,14.1904,17.5216,468,59860,0.844592,0.94,2,105537,105069,468
2898101,12.4381,10.7043,471,59860,0.816918,0.97,2,105549,105078,471
2901021,16.0876,14.9409,472,59860,0.795384,0.98,2,105566,105094,472
2903941,12.0175,10.9882,473,59860,0.807077,0.89,2,105577,105104,473
2906861,9.6035,8.59763,474,59860,0.777415,0.83,2,105586,105112,474
2909781,7.5207,8.11953,473,59860,0.771483,0.88,2,105593,105120,473
2912701,6.30414,6.42391,473,59860,0.746297,0.91,1,105599,105126,473
2915621,10.8608,6.08478,479,59860,0.773259,0.9,2,105611,105132,479
2918541,6.97217,8.41696,476,59860,0.786652,0.96,2,105617,105141,476
2921461,2.99443,8.88339,469,59860,0.78933,1,2,105619,105150,469
2924381,3.79889,3.37668,471,59860,0.789866,0.92,2,105623,105152,471
2927301,7.15978,3.87534,475,59860,0.781973,0.95,2,105631,105156,475
2930221,7.83196,7.97507,474,59860,0.780395,0.92,2,105639,105165,474
2933141,12.7664,7.19501,481,59860,0.772079,0.95,2,105653,105172,481
2936061,10.5533,11.839,478,59860,0.738416,0.96,1,105663,105185,478
2938981,34.1107,11.1678,507,59860,0.763683,0.93,2,105703,105196,507
2941901,31.6221,36.6336,495,59860,0.720737,0.91,1,105734,105239,495
2944821,158.324,33.7267,652,59860,0.640147,0.74,1,105924,105272,652
2947741,63.6649,161.945,498,59860,0.664029,0.8,1,105964,105466,498
2950661,33.533,62.7891,486,59860,0.636806,0.78,1,105990,105504,486
2953581,13.1066,30.9578,471,59860,0.647361,0.86,1,105998,105527,471
2956501,7.42132,14.1916,467,59860,0.649472,0.81,1,106004,105537,467
2959421,19.8843,12.4383,478,59860,0.561894,0.79,1,106027,105549,478
2962341,12.7769,16.0877,472,59860,0.624379,0.81,1,106038,105566,472
2965261,8.15537,12.0175,468,59860,0.644876,0.77,1,106045,105577,468
2968181,8.03107,9.60351,467,59860,0.632975,0.77,1,106053,105586,467
2971101,6.40621,7.5207,466,59860,0.630595,0.74,1,106059,105593,466
2974021,10.8812,6.30414,472,59860,0.630119,0.78,1,106071,105599,472
2976941,6.97625,10.8608,466,59860,0.638024,0.79,1,106077,105611,466
2979861,2.99525,6.97217,462,59860,0.639605,0.79,1,106079,105617,462
2982781,3.79905,2.99443,464,59860,0.639921,0.79,1,106083,105619,464
2985701,6.35981,3.79889,467,59860,0.655984,0.78,1,106090,105623,467
2988621,7.67196,7.15978,467,59860,0.659197,0.78,1,106098,105631,467
2991541,11.9344,7.83196,472,59860,0.667839,0.77,1,106111,105639,472
2994461,11.1869,12.7664,469,59860,0.653568,0.73,1,106122,105653,469
2997381,33.4374,10.5533,498,59860,0.586714,0.77,1,106161,105663,498
3000301,27.4875,34.1107,484,59860,0.549343,0.71,1,106187,105703,484
3003221,158.297,31.6221,644,59860,0.637869,0.62,1,106378,105734,644
3006141,62.8595,158.324,493,59860,0.671574,0.67,1,106417,105924,493
3009061,33.3719,63.6649,479,59860,0.686315,0.63,1,106443,105964,479
3011981,13.0744,33.533,461,59860,0.689263,0.65,1,106451,105990,461
3014901,7.41488,13.1066,459,59860,0.681853,0.65,1,106457,105998,459
3017821,19.083,7.42132,475,59860,0.680371,0.54,1,106479,106004,475
3020741,12.6166,19.8843,463,59860,0.664074,0.64,1,106490,106027,463
3023661,8.92332,12.7769,460,59860,0.652815,0.65,1,106498,106038,460
3026581,6.58466,8.15537,459,59860,0.682563,0.63,1,106504,106045,459
3029501,7.71693,8.03107,459,59860,0.688513,0.63,1,106512,106053,459
3032421,11.1434,6.40621,465,59860,0.657703,0.63,1,106524,106059,465
3035341,7.02868,10.8812,459,59860,0.675541,0.64,1,106530,106071,459
3038261,3.00574,6.97625,455,59860,0.687108,0.64,1,106532,106077,455
3041181,3.80115,2.99525,457,59860,0.689422,0.64,1,106536,106079,457
3044101,6.36023,3.79905,460,59860,0.705884,0.66,1,106543,106083,460
3047021,7.67205,6.35981,461,59860,0.717177,0.66,1,106551,106090,461
3049941,11.1344,7.67196,465,59860,0.695435,0.67,1,106563,106098,465
3052861,11.0269,11.9344,463,59860,0.691087,0.65,1,106574,106111,463
3055781,33.4054,11.1869,491,59860,0.658217,0.57,1,106613,106122,491
3058701,27.4811,33.4374,478,59860,0.611643,0.54,1,106639,106161,478
3061621,160.696,27.4875,646,59860,0.618329,0.66,1,106833,106187,646
3064541,63.3392,158.297,494,59860,0.635666,0.68,1,106872,106378,494
3067461,33.4678,62.8595,481,59860,0.639133,0.69,1,106898,106417,481
3070381,13.0936,33.3719,463,59860,0.655827,0.69,1,106906,106443,463
3073301,7.41871,13.0744,461,59860,0.659165,0.68,1,106912,106451,461
3076221,17.4837,7.41488,475,59860,0.627833,0.68,1,106932,106457,475
3079141,14.6967,19.083,467,59860,0.621567,0.66,1,106946,106479,467
3082061,9.33935,12.6166,464,59860,0.612313,0.65,1,106954,106490,464
3084981,6.66787,8.92332,462,59860,0.610463,0.69,1,106960,106498,462
3087901,6.13357,6.58466,462,59860,0.610093,0.69,1,106966,106504,462
3090821,12.4267,7.71693,468,59860,0.618019,0.65,1,106980,106512,468
3093741,7.28534,11.1434,462,59860,0.595604,0.68,1,106986,106524,462
3096661,3.05707,7.02868,458,59860,0.591121,0.69,1,106988,106530,458
3099581,3.81141,3.00574,460,59860,0.590224,0.69,1,106992,106532,460
3102501,5.56228,3.80115,462,59860,0.614045,0.71,1,106998,106536,462
3105421,7.51246,6.36023,463,59860,0.602809,0.72,1,107006,106543,463
3108341,10.3025,7.67205,466,59860,0.616562,0.69,1,107017,106551,466
3111261,10.0605,11.1344,464,59860,0.611312,0.69,1,107027,106563,464
3114181,31.6121,11.0269,490,59860,0.642263,0.65,1,107064,106574,490
3117101,25.5224,33.4054,475,59860,0.616452,0.6,1,107088,106613,475
3120021,162.704,27.4811,646,59860,0.651291,0.62,1,107285,106639,646
3122941,64.5409,160.696,492,59860,0.626258,0.64,1,107325,106833,492
3125861,34.5082,63.3392,480,59860,0.661252,0.64,1,107352,106872,480
3128781,12.5016,33.4678,461,59860,0.63625,0.66,1,107359,106898,461
3131701,7.30033,13.0936,459,59860,0.63125,0.66,1,107365,106906,459
3134621,16.6601,7.41871,472,59860,0.63825,0.62,1,107384,106912,472
3137541,14.532,17.4837,466,59860,0.63965,0.62,1,107398,106932,466
3140461,9.3064,14.6967,460,59860,0.59993,0.61,1,107406,106946,460
3143381,6.66128,9.33935,458,59860,0.631986,0.61,1,107412,106954,458
3146301,6.13226,6.66787,458,59860,0.638397,0.61,1,107418,106960,458
3149221,10.8265,6.13357,464,59860,0.647679,0.62,1,107430,106966,464
3152141,8.56529,12.4267,458,59860,0.665536,0.59,1,107438,106980,458
3155061,3.31306,7.28534,454,59860,0.669107,0.59,1,107440,106986,454
3157981,3.06261,3.05707,455,59860,0.637821,0.59,1,107443,106988,455
3160901,5.41252,3.81141,457,59860,0.631564,0.62,1,107449,106992,457
3163821,7.4825,5.56228,459,59860,0.598313,0.6,1,107457,106998,459
3166741,10.2965,7.51246,462,59860,0.631663,0.62,1,107468,107006,462
3169661,10.0593,10.3025,461,59860,0.622333,0.61,1,107478,107017,461
3172581,33.2119,10.0605,490,59860,0.628467,0.65,1,107517,107027,490
3175501,25.8424,31.6121,477,59860,0.597693,0.61,1,107541,107064,477
3178421,164.368,25.5224,652,59860,0.567539,0.66,1,107740,107088,652
3181341,64.8737,162.704,495,59860,0.577508,0.62,1,107780,107285,495
3184261,32.9747,64.5409,480,59860,0.627502,0.67,1,107805,107325,480
3187181,11.3949,34.5082,459,59860,0.6375,0.63,1,107811,107352,459
3190101,7.07899,12.5016,458,59860,0.6395,0.63,1,107817,107359,458
3193021,17.4158,7.30033,472,59860,0.6479,0.64,1,107837,107365,472
3195941,14.6832,16.6601,467,59860,0.64158,0.64,1,107851,107384,467
3198861,9.33663,14.532,461,59860,0.576316,0.59,1,107859,107398,461
3201781,6.66733,9.3064,459,59860,0.587263,0.64,1,107865,107406,459
3204701,6.13347,6.66128,459,59860,0.613453,0.64,1,107871,107412,459
3207621,10.8267,6.13226,465,59860,0.618691,0.65,1,107883,107418,465
3210541,6.96534,10.8265,459,59860,0.611738,0.67,1,107889,107430,459
3213461,2.99307,8.56529,453,59860,0.618348,0.67,1,107891,107438,453
3216381,2.19861,3.31306,453,59860,0.61967,0.63,1,107893,107440,453
3219301,6.03972,3.06261,457,59860,0.651934,0.63,1,107900,107443,457
3222221,8.40794,5.41252,460,59860,0.650387,0.59,1,107909,107449,460
3225141,10.4816,7.4825,463,59860,0.658077,0.64,1,107920,107457,463
3228061,10.0963,10.2965,462,59860,0.627615,0.62,1,107930,107468,462
3230981,33.2193,10.0593,491,59860,0.629523,0.63,1,107969,107478,491
3233901,25.8439,33.2119,476,59860,0.629905,0.59,1,107993,107517,476
3236821,161.969,25.8424,648,59860,0.653981,0.56,1,108189,107541,648
3239741,66.7938,164.368,492,59860,0.666796,0.58,1,108232,107740,492
3242661,34.1588,64.8737,478,59860,0.661359,0.64,1,108258,107780,478
3245581,11.6318,32.9747,459,59860,0.660272,0.64,1,108264,107805,459
3248501,7.12635,11.3949,459,59860,0.660054,0.64,1,108270,107811,459
3251421,14.2253,7.07899,469,59860,0.668011,0.65,1,108286,107817,469
3254341,15.6451,17.4158,465,59860,0.637602,0.64,1,108302,107837,465
3257261,9.52901,14.6832,459,59860,0.62352,0.56,1,108310,107851,459
3260181,8.3058,9.33663,459,59860,0.644704,0.59,1,108318,107859,459
3263101,6.46116,6.66733,459,59860,0.616941,0.62,1,108324,107865,459
3266021,10.0922,6.13347,464,59860,0.651388,0.62,1,108335,107871,464
3268941,7.61845,10.8267,459,59860,0.634278,0.61,1,108342,107883,459
3271861,3.12369,6.96534,455,59860,0.630856,0.62,1,108344,107889,455
3274781,2.22474,2.99307,455,59860,0.678171,0.62,1,108346,107891,455
3277701,5.24495,2.19861,459,59860,0.663634,0.66,1,108352,107893,459
3280621,9.04899,6.03972,462,59860,0.668727,0.65,1,108362,107900,462
3283541,9.8098,8.40794,463,59860,0.637745,0.66,1,108372,107909,463
3286461,9.96196,10.4816,462,59860,0.655549,0.62,1,108382,107920,462
3289381,33.1924,10.0963,491,59860,0.69911,0.63,1,108421,107930,491
3292301,24.2385,33.2193,474,59860,0.707822,0.63,1,108443,107969,474
3295221,162.448,25.8439,647,59860,0.645564,0.66,1,108640,107993,647
3298141,66.0895,161.969,493,59860,0.689113,0.67,1,108682,108189,493
3301061,37.2179,66.7938,480,59860,0.689823,0.66,1,108712,108232,480
3303981,12.2436,34.1588,460,59860,0.697964,0.66,1,108718,108258,460
3306901,7.24872,11.6318,460,59860,0.699593,0.66,1,108724,108264,460
3309821,14.2497,7.12635,470,59860,0.699919,0.67,1,108740,108270,470
3312741,14.0499,14.2253,468,59860,0.707984,0.63,1,108754,108286,468
3315661,10.81,15.6451,462,59860,0.645597,0.62,1,108764,108302,462
3318581,8.562,9.52901,462,59860,0.673119,0.65,1,108772,108310,462
3321501,6.5124,8.3058,460,59860,0.646624,0.61,1,108778,108318,460
3324421,10.9025,6.46116,466,59860,0.649325,0.66,1,108790,108324,466
3327341,6.9805,10.0922,461,59860,0.649865,0.63,1,108796,108335,461
3330261,2.9961,7.61845,456,59860,0.617973,0.63,1,108798,108342,456
3333181,2.19922,3.12369,456,59860,0.611595,0.69,1,108800,108344,456
3336101,5.23984,2.22474,460,59860,0.610319,0.66,1,108806,108346,460
3339021,7.44797,5.24495,462,59860,0.618064,0.67,1,108814,108352,462
3341941,11.0896,9.04899,464,59860,0.627613,0.63,1,108826,108362,464
3344861,10.2179,9.8098,464,59860,0.621523,0.66,1,108836,108372,464
3347781,34.8436,9.96196,495,59860,0.660305,0.71,1,108877,108382,495
3350701,24.5687,33.1924,478,59860,0.668061,0.71,1,108899,108421,478
3353621,162.514,24.2385,653,59860,0.613612,0.63,1,109096,108443,653
3356541,66.1028,162.448,498,59860,0.642722,0.7,1,109138,108640,498
3359461,37.2205,66.0895,486,59860,0.608544,0.69,1,109168,108682,486
3362381,12.2441,37.2179,462,59860,0.657709,0.7,1,109174,108712,462
3365301,7.24882,12.2436,462,59860,0.667542,0.7,1,109180,108718,462
3368221,14.2498,7.24872,472,59860,0.669508,0.7,1,109196,108724,472
3371141,10.85,14.2497,466,59860,0.669902,0.71,1,109206,108740,466
3374061,12.57,14.0499,465,59860,0.66998,0.63,1,109219,108754,465
3376981,7.314,10.81,461,59860,0.637996,0.68,1,109225,108764,461
3379901,7.0628,8.562,460,59860,0.583599,0.64,1,109232,108772,460
3382821,9.41256,6.5124,464,59860,0.65272,0.65,1,109242,108778,464
3385741,6.68251,10.9025,458,59860,0.666544,0.65,1,109248,108790,458
3388661,2.9365,6.9805,454,59860,0.669309,0.61,1,109250,108796,454
3391581,2.1873,2.9961,454,59860,0.669862,0.61,1,109252,108798,454
3394501,5.23746,2.19922,458,59860,0.669972,0.61,1,109258,108800,458
3397421,7.44749,5.23984,460,59860,0.669995,0.62,1,109266,108806,460
3400341,11.0895,7.44797,464,59860,0.669999,0.63,1,109278,108814,464
3403261,10.2179,11.0896,462,59860,0.638,0.62,1,109288,108826,462
3406181,36.4436,10.2179,495,59860,0.6556,0.67,1,109331,108836,495
3409101,24.8887,34.8436,476,59860,0.66712,0.67,1,109353,108877,476
3412021,161.778,24.5687,650,59860,0.597424,0.6,1,109549,108899,650
3414941,67.5555,162.514,497,59860,0.607485,0.65,1,109593,109096,497
3417861,37.5111,66.1028,485,59860,0.609497,0.6,1,109623,109138,485
3420781,12.3022,37.2205,461,59860,0.553899,0.67,1,109629,109168,461
3423701,7.26044,12.2441,461,59860,0.59878,0.67,1,109635,109174,461
3426621,14.2521,7.24882,471,59860,0.615756,0.67,1,109651,109180,471
3429541,10.8504,14.2498,465,59860,0.619151,0.67,1,109661,109196,465
3432461,8.57008,10.85,463,59860,0.62783,0.67,1,109669,109206,463
3435381,8.91402,12.57,459,59860,0.629566,0.63,1,109678,109219,459
3438301,8.1828,7.314,461,59860,0.565913,0.57,1,109686,109225,461
3441221,9.63656,7.0628,464,59860,0.545183,0.67,1,109696,109232,464
3444141,6.72731,9.41256,460,59860,0.581037,0.67,1,109702,109242,460
3447061,2.94546,6.68251,456,59860,0.604207,0.67,1,109704,109248,456
3449981,2.18909,2.9365,456,59860,0.608841,0.67,1,109706,109250,456
3452901,5.23782,2.1873,460,59860,0.609768,0.67,1,109712,109252,460
3455821,7.44756,5.23746,462,59860,0.617954,0.67,1,109720,109258,462
3458741,9.48951,7.44749,464,59860,0.627591,0.67,1,109730,109266,464
3461661,9.8979,11.0895,462,59860,0.629518,0.63,1,109740,109278,462
3464581,37.9796,10.2179,497,59860,0.621904,0.66,1,109785,109288,497
3467501,25.1959,36.4436,476,59860,0.628381,0.67,1,109807,109331,476
3470421,158.639,24.8887,646,59860,0.517676,0.58,1,109999,109353,646
3473341,66.9278,161.778,494,59860,0.543535,0.61,1,110043,109549,494
3476261,38.9856,67.5555,482,59860,0.580707,0.61,1,110075,109593,482
3479181,12.5971,37.5111,458,59860,0.564141,0.54,1,110081,109623,458
3482101,7.31942,12.3022,458,59860,0.528828,0.61,1,110087,109629,458
3485021,14.2639,7.26044,468,59860,0.585766,0.62,1,110103,109635,468
3487941,10.8528,14.2521,462,59860,0.597153,0.62,1,110113,109651,462
3490861,7.77056,10.8504,459,59860,0.591431,0.63,1,110120,109661,459
3493781,5.55411,8.57008,456,59860,0.606286,0.63,1,110125,109669,456
3496701,8.31082,8.91402,456,59860,0.609257,0.55,1,110134,109678,456
3499621,12.8622,8.1828,462,59860,0.569851,0.54,1,110148,109686,462
3502541,7.37243,9.63656,458,59860,0.55397,0.59,1,110154,109696,458
3505461,3.07449,6.72731,454,59860,0.566794,0.61,1,110156,109702,454
3508381,2.2149,2.94546,454,59860,0.569359,0.61,1,110158,109704,454
3511301,5.24298,2.18909,458,59860,0.569872,0.61,1,110164,109706,458
3514221,7.4486,5.23782,460,59860,0.569974,0.62,1,110172,109712,460
3517141,9.48972,7.44756,462,59860,0.585995,0.63,1,110182,109720,462
3520061,9.89794,9.48951,462,59860,0.589199,0.63,1,110192,109730,462
3522981,37.9796,9.8979,497,59860,0.62984,0.62,1,110237,109740,497
3525901,25.1959,37.9796,474,59860,0.629968,0.63,1,110259,109785,474
3528821,155.439,25.1959,640,59860,0.637994,0.49,1,110447,109807,640
3531741,68.6878,158.639,495,59860,0.767599,0.55,2,110494,109999,495
3534661,36.1376,66.9278,479,59860,0.80152,0.59,2,110522,110043,479
3537581,15.2275,38.9856,457,59860,0.808304,0.56,2,110532,110075,457
3540501,7.8455,12.5971,457,59860,0.777661,0.52,2,110538,110081,457
3543421,14.3691,7.31942,467,59860,0.803532,0.6,2,110554,110087,467
3546341,10.8738,14.2639,461,59860,0.816706,0.6,2,110564,110103,461
3549261,7.77476,10.8528,458,59860,0.803341,0.59,2,110571,110113,458
3552181,4.75495,7.77056,455,59860,0.816668,0.61,2,110575,110120,455
3555101,8.95099,5.55411,460,59860,0.787334,0.61,2,110585,110125,460
3558021,12.1902,8.31082,464,59860,0.709467,0.56,1,110598,110134,464
3560941,7.23804,12.8622,456,59860,0.733893,0.55,1,110604,110148,456
3563861,3.04761,7.37243,452,59860,0.738779,0.57,1,110606,110154,452
3566781,2.20952,3.07449,452,59860,0.739756,0.57,1,110608,110156,452
3569701,5.2419,2.2149,456,59860,0.739951,0.57,1,110614,110158,456
3572621,7.44838,5.24298,458,59860,0.73999,0.57,1,110622,110164,458
3575541,9.48968,7.4486,460,59860,0.739998,0.59,1,110632,110172,460
3578461,9.89794,9.48972,460,59860,0.748,0.59,1,110642,110182,460
3581381,39.5796,9.89794,497,59860,0.7896,0.64,2,110689,110192,497
3584301,25.5159,37.9796,474,59860,0.79792,0.63,2,110711,110237,474
3587221,153.103,25.1959,637,59860,0.743584,0.64,1,110896,110259,637
3590141,75.4206,155.439,505,59860,0.852717,0.8,2,110952,110447,505
3593061,40.6841,68.6878,490,59860,0.850543,0.81,2,110984,110494,490
3595981,12.9368,36.1376,468,59860,0.858109,0.81,2,110990,110522,468
3598901,10.5874,15.2275,468,59860,0.883622,0.77,2,111000,110532,468
3601821,14.9175,7.8455,478,59860,0.880724,0.81,2,111016,110538,478
3604741,10.1835,14.3691,471,59860,0.872145,0.82,2,111025,110554,471
3607661,6.8367,10.8738,467,59860,0.902429,0.8,2,111031,110564,467
3610581,4.56734,7.77476,464,59860,0.892486,0.82,2,111035,110571,464
3613501,5.71347,4.75495,466,59860,0.898497,0.78,2,111041,110575,466
3616421,13.1427,8.95099,471,59860,0.883699,0.69,2,111056,110585,471
3619341,7.42854,12.1902,464,59860,0.82474,0.74,2,111062,110598,464
3622261,3.08571,7.23804,460,59860,0.868948,0.74,2,111064,110604,460
3625181,2.21714,3.04761,460,59860,0.87779,0.74,2,111066,110606,460
3628101,5.24343,2.20952,464,59860,0.879558,0.74,2,111072,110608,464
3631021,7.44869,5.2419,466,59860,0.879912,0.74,2,111080,110614,466
3633941,9.48974,7.44838,468,59860,0.879982,0.74,2,111090,110622,468
3636861,9.89795,9.48968,468,59860,0.879996,0.75,2,111100,110632,468
3885061,27,77,498,58400,0.82,1,2,113339,112841,498
3887981,10.2,36.2,478,58400,0.836,1,2,113345,112867,478
3890901,11.64,13.64,482,58400,0.8472,0.95,2,113357,112875,482
3893821,11.128,10.728,483,58400,0.85744,0.98,2,113368,112885,483
3896741,9.4256,18.9456,471,58400,0.835488,0.94,2,113377,112906,471
3899661,9.88512,10.1891,473,58400,0.799098,0.95,2,113387,112914,473
3902581,8.37702,8.43782,473,58400,0.783819,1,2,113395,112922,473
3905501,12.8754,11.2876,475,58400,0.764764,0.98,2,113409,112934,475
3908421,7.37508,7.05751,475,58400,0.784953,1,2,113415,112940,475
3911341,7.07502,6.2115,476,58400,0.804991,1,2,113422,112946,476
3914261,7.015,10.0423,472,58400,0.792998,1,2,113429,112957,472
3917181,4.603,6.00846,471,58400,0.7986,0.96,2,113433,112962,471
3920101,11.3206,9.20169,474,58400,0.76772,0.96,2,113446,112972,474
3923021,3.86412,3.44034,474,58400,0.761544,1,2,113448,112974,474
3925941,7.17282,6.28807,475,58400,0.760309,1,2,113456,112981,475
3928861,9.43456,10.0576,474,58400,0.760062,1,2,113466,112992,474
3931781,31.4869,33.2115,472,58400,0.768012,1,2,113503,113031,472
3934701,17.4974,20.2423,469,58400,0.769603,0.91,2,113517,113048,469
3937621,150.699,152.048,468,58400,0.769921,0.89,2,113701,113233,468
3940541,89.3399,93.6097,463,58400,0.809984,0.82,2,113775,113312,463
3943461,41.068,40.3219,465,58400,0.801997,0.84,2,113804,113339,465
3946381,13.0136,12.8644,465,58400,0.800399,0.85,2,113810,113345,465
3949301,11.4027,12.1729,464,58400,0.79208,0.86,2,113821,113357,464
3952221,9.48054,11.2346,462,58400,0.806416,0.83,2,113830,113368,462
3955141,8.29611,9.44692,461,58400,0.793283,0.79,2,113838,113377,461
3958061,8.05922,9.88938,459,58400,0.798657,0.78,2,113846,113387,459
3960981,8.81184,8.37788,460,58400,0.815731,0.76,2,113855,113395,460
3963901,12.9624,12.8756,460,58400,0.803146,0.79,2,113869,113409,460
3966821,7.39247,7.37512,460,58400,0.776629,0.81,2,113875,113415,460
3969741,7.87849,7.07502,461,58400,0.803326,0.79,2,113883,113422,461
3972661,6.3757,7.015,460,58400,0.808665,0.8,2,113889,113429,460
3975581,4.47514,4.603,460,58400,0.809733,0.76,2,113893,113433,460
3978501,11.295,11.3206,460,58400,0.833947,0.76,2,113906,113446,460
3981421,3.85901,3.86412,460,58400,0.814789,0.76,2,113908,113448,460
3984341,7.1718,7.17282,460,58400,0.802958,0.76,2,113916,113456,460
3987261,9.43436,9.43456,460,58400,0.800592,0.77,2,113926,113466,460
3990181,29.8869,31.4869,458,58400,0.808118,0.77,2,113961,113503,458
3993101,17.1774,17.4974,458,58400,0.809624,0.77,2,113975,113517,458
3996021,149.035,150.699,456,58400,0.721925,0.82,1,114157,113701,456
3998941,93.8071,89.3399,462,58400,0.704385,0.8,1,114237,113775,462
4001861,41.1614,41.068,461,58400,0.668877,0.8,1,114265,113804,461
4004781,13.0323,13.0136,461,58400,0.661775,0.79,1,114271,113810,461
4007701,12.2065,11.4027,462,58400,0.660355,0.81,1,114283,113821,462
4010621,9.64129,9.48054,462,58400,0.652071,0.79,1,114292,113830,462
4013541,8.32826,8.29611,462,58400,0.658414,0.8,1,114300,113838,462
4016461,8.06565,8.05922,462,58400,0.659683,0.82,1,114308,113846,462
4019381,9.61313,8.81184,463,58400,0.595937,0.8,1,114318,113855,463
4022301,13.1226,12.9624,463,58400,0.615187,0.77,1,114332,113869,463
4025221,7.42453,7.39247,463,58400,0.587037,0.81,1,114338,113875,463
4028141,7.88491,7.87849,463,58400,0.613407,0.81,1,114346,113883,463
4031061,6.37698,6.3757,463,58400,0.618682,0.81,1,114352,113889,463
4033981,4.4754,4.47514,463,58400,0.587736,0.84,1,114356,113893,463
4036901,10.4951,11.295,462,58400,0.589547,0.81,1,114368,113906,462
4039821,3.69902,3.85901,462,58400,0.621909,0.8,1,114370,113908,462
4042741,7.1398,7.1718,462,58400,0.596382,0.8,1,114378,113916,462
4045661,9.42796,9.43436,462,58400,0.591276,0.81,1,114388,113926,462
4048581,29.8856,29.8869,462,58400,0.606255,0.81,1,114423,113961,462
4051501,17.1771,17.1774,462,58400,0.609251,0.7,1,114437,113975,462
4054421,146.635,149.035,459,58400,0.49785,0.7,1,114616,114157,459
4057341,90.1271,93.8071,455,58400,0.60357,0.66,1,114692,114237,455
4060261,40.4254,41.1614,455,58400,0.632714,0.66,1,114720,114265,455
4063181,12.8851,13.0323,455,58400,0.638543,0.66,1,114726,114271,455
4066101,11.377,12.2065,454,58400,0.615709,0.65,1,114737,114283,454
4069021,8.6754,9.64129,453,58400,0.595142,0.66,1,114745,114292,453
4071941,8.13508,8.32826,453,58400,0.623028,0.66,1,114753,114300,453
4074861,6.42702,8.06565,451,58400,0.628606,0.58,1,114759,114308,451
4077781,9.2854,9.61313,451,58400,0.597721,0.62,1,114769,114318,451
4080701,13.0571,13.1226,451,58400,0.623544,0.58,1,114783,114332,451
4083621,7.41142,7.42453,451,58400,0.596709,0.62,1,114789,114338,451
4086541,7.88228,7.88491,451,58400,0.591342,0.62,1,114797,114346,451
4089461,6.37646,6.37698,451,58400,0.622268,0.58,1,114803,114352,451
4092381,4.47529,4.4754,451,58400,0.596454,0.59,1,114807,114356,451
4095301,10.4951,10.4951,451,58400,0.623291,0.63,1,114819,114368,451
4098221,3.69901,3.69902,451,58400,0.628658,0.59,1,114821,114370,451
4101141,7.1398,7.1398,451,58400,0.597732,0.59,1,114829,114378,451
4104061,9.42796,9.42796,451,58400,0.591546,0.61,1,114839,114388,451
4106981,29.0856,29.8856,450,58400,0.590309,0.61,1,114873,114423,450
4109901,17.0171,17.1771,450,58400,0.622062,0.47,1,114887,114437,450
4112821,145.803,146.635,449,58400,0.596412,0.63,1,115065,114616,449
4115741,90.7607,90.1271,450,58400,0.575282,0.64,1,115142,114692,450
4118661,41.3521,40.4254,451,58400,0.547056,0.64,1,115171,114720,451
4121581,13.0704,12.8851,451,58400,0.541411,0.61,1,115177,114726,451
4124501,11.4141,11.377,451,58400,0.564282,0.59,1,115188,114737,451
4127421,8.68282,8.6754,451,58400,0.568856,0.63,1,115196,114745,451
4130341,8.13656,8.13508,451,58400,0.569771,0.63,1,115204,114753,451
4133261,6.42731,6.42702,451,58400,0.569954,0.59,1,115210,114759,451
4136181,9.28546,9.2854,451,58400,0.537991,0.63,1,115220,114769,451
4139101,13.0571,13.0571,451,58400,0.531598,0.59,1,115234,114783,451
4142021,7.41142,7.41142,451,58400,0.53032,0.59,1,115240,114789,451
4144941,7.88228,7.88228,451,58400,0.562064,0.63,1,115248,114797,451
4147861,6.37646,6.37646,451,58400,0.568413,0.59,1,115254,114803,451
4150781,4.47529,4.47529,451,58400,0.537683,0.63,1,115258,114807,451
4153701,10.4951,10.4951,451,58400,0.563537,0.63,1,115270,114819,451
4156621,3.69901,3.69901,451,58400,0.568707,0.59,1,115272,114821,451
4159541,7.1398,7.1398,451,58400,0.537741,0.59,1,115280,114829,451
4162461,9.42796,9.42796,451,58400,0.531548,0.59,1,115290,114839,451
4165381,29.0856,29.0856,451,58400,0.56231,0.63,1,115324,114873,451
4168301,17.0171,17.0171,451,58400,0.568462,0.59,1,115338,114887,451
4171221,144.203,145.803,449,58400,0.569692,0.57,1,115514,115065,449
4174141,91.2407,90.7607,450,58400,0.585939,0.54,1,115592,115142,450
4177061,40.6481,41.3521,449,58400,0.557188,0.54,1,115620,115171,449
4179981,12.9296,13.0704,449,58400,0.551438,0.57,1,115626,115177,449
4182901,10.5859,11.4141,448,58400,0.534288,0.57,1,115636,115188,448
4185821,8.51719,8.68282,448,58400,0.562858,0.57,1,115644,115196,448
4188741,8.10344,8.13656,448,58400,0.568572,0.57,1,115652,115204,448
4191661,6.42069,6.42731,448,58400,0.569714,0.53,1,115658,115210,448
4194581,9.28414,9.28546,448,58400,0.537943,0.53,1,115668,115220,448
4197501,13.0568,13.0571,448,58400,0.563589,0.53,1,115682,115234,448
4200421,7.41137,7.41142,448,58400,0.536718,0.57,1,115688,115240,448
4203341,7.88227,7.88228,448,58400,0.531344,0.57,1,115696,115248,448
4206261,6.37645,6.37646,448,58400,0.562269,0.53,1,115702,115254,448
4209181,4.47529,4.47529,448,58400,0.536454,0.57,1,115706,115258,448
4212101,10.4951,10.4951,448,58400,0.563291,0.57,1,115718,115270,448
4215021,3.69901,3.69901,448,58400,0.568658,0.53,1,115720,115272,448
4217941,7.1398,7.1398,448,58400,0.537732,0.53,1,115728,115280,448
4220861,9.42796,9.42796,448,58400,0.531546,0.57,1,115738,115290,448
4223781,29.0856,29.0856,448,58400,0.530309,0.57,1,115772,115324,448
4226701,17.0171,17.0171,448,58400,0.562062,0.57,1,115786,115338,448
4229621,145.803,144.203,450,58400,0.536412,0.59,1,115964,115514,450
4232541,90.7607,91.2407,449,58400,0.531282,0.55,1,116041,115592,449
4235461,39.7521,40.6481,448,58400,0.514256,0.55,1,116068,115620,448
4238381,12.7504,12.9296,448,58400,0.510851,0.53,1,116074,115626,448
4241301,10.5501,10.5859,448,58400,0.49417,0.57,1,116084,115636,448
4244221,8.51002,8.51719,448,58400,0.522834,0.57,1,116092,115644,448
4247141,8.102,8.10344,448,58400,0.528567,0.57,1,116100,115652,448
4250061,6.4204,6.42069,448,58400,0.529713,0.53,1,116106,115658,448
4252981,9.28408,9.28414,448,58400,0.497943,0.57,1,116116,115668,448
4255901,13.0568,13.0568,448,58400,0.539589,0.53,1,116130,115682,448
4258821,7.41136,7.41137,448,58400,0.515918,0.53,1,116136,115688,448
4261741,7.88227,7.88227,448,58400,0.543184,0.57,1,116144,115696,448
4264661,6.37645,6.37645,448,58400,0.548637,0.53,1,116150,115702,448
4267581,4.47529,4.47529,448,58400,0.533727,0.57,1,116154,115706,448
4270501,10.4951,10.4951,448,58400,0.562745,0.57,1,116166,115718,448
4273421,3.69901,3.69901,448,58400,0.568549,0.53,1,116168,115720,448
4276341,7.1398,7.1398,448,58400,0.53771,0.53,1,116176,115728,448
4279261,9.42796,9.42796,448,58400,0.531542,0.53,1,116186,115738,448
4282181,29.0856,29.0856,448,58400,0.562308,0.57,1,116220,115772,448
4285101,17.0171,17.0171,448,58400,0.568462,0.53,1,116234,115786,448
4288021,145.003,145.803,447,58400,0.569692,0.53,1,116411,115964,447
4290941,89.8007,90.7607,446,58400,0.601938,0.51,1,116487,116041,446
4293861,39.5601,39.7521,446,58400,0.592388,0.51,1,116514,116068,446
4296781,12.712,12.7504,446,58400,0.590478,0.49,1,116520,116074,446
4299701,10.5424,10.5501,446,58400,0.558096,0.53,1,116530,116084,446
4302621,8.50848,8.51002,446,58400,0.551619,0.53,1,116538,116092,446
4305541,8.1017,8.102,446,58400,0.582324,0.53,1,116546,116100,446
4308461,6.42034,6.4204,446,58400,0.588465,0.49,1,116552,116106,446
4311381,10.0841,9.28408,447,58400,0.573693,0.55,1,116563,116116,447
4314301,13.2168,13.0568,447,58400,0.586739,0.51,1,116577,116130,447
4317221,7.44336,7.41136,447,58400,0.589348,0.55,1,116583,116136,447
4320141,8.68867,7.88227,448,58400,0.57387,0.55,1,116592,116144,448
4323061,6.53773,6.37645,448,58400,0.570774,0.53,1,116598,116150,448
4325981,4.50755,4.47529,448,58400,0.538155,0.57,1,116602,116154,448
4328901,10.5015,10.4951,448,58400,0.563631,0.57,1,116614,116166,448
4331821,3.7003,3.69901,448,58400,0.568726,0.53,1,116616,116168,448
4334741,7.14006,7.1398,448,58400,0.537745,0.53,1,116624,116176,448
4337661,9.42801,9.42796,448,58400,0.531549,0.57,1,116634,116186,448
4340581,29.0856,29.0856,448,59860,0.57831,0.57,1,116668,116220,448
4343501,17.0171,17.0171,448,59860,0.587662,0.57,1,116682,116234,448
4346421,145.003,145.003,448,59860,0.605532,0.61,1,116859,116411,448
4349341,91.4007,89.8007,450,59860,0.641106,0.59,1,116937,116487,450
4352261,39.0801,39.5601,449,59860,0.648221,0.59,1,116963,116514,449
4355181,12.616,12.712,449,59860,0.617644,0.55,1,116969,116520,449
4358101,10.5232,10.5424,449,59860,0.611529,0.55,1,116979,116530,449
4361021,8.50464,8.50848,449,59860,0.642306,0.59,1,116987,116538,449
4363941,8.10093,8.1017,449,59860,0.648461,0.59,1,116995,116546,449
4366861,6.42019,6.42034,449,59860,0.649692,0.57,1,117001,116552,449
4369781,10.084,10.0841,449,59860,0.633938,0.59,1,117012,116563,449
4372701,13.2168,13.2168,449,59860,0.630788,0.59,1,117026,116577,449
4375621,7.44336,7.44336,449,59860,0.630158,0.57,1,117032,116583,449
4378541,7.88867,8.68867,448,59860,0.630032,0.57,1,117040,116592,448
4381461,6.37773,6.53773,448,59860,0.630006,0.53,1,117046,116598,448
4384381,4.47555,4.50755,448,59860,0.598001,0.57,1,117050,116602,448
4387301,10.4951,10.5015,448,59860,0.6236,0.57,1,117062,116614,448
4390221,3.69902,3.7003,448,59860,0.62872,0.53,1,117064,116616,448
4393141,7.1398,7.14006,448,59860,0.597744,0.53,1,117072,116624,448
4396061,9.42796,9.42801,448,61320,0.591549,0.53,1,117082,116634,448
4398981,29.0856,1.8856,482,61320,0.60631,0.59,1,117116,116634,482
4401901,17.0171,27.5771,462,61320,0.609262,0.59,1,117130,116668,462
4404821,145.803,16.7154,626,61320,0.625852,0.61,1,117308,116682,626
4407741,93.1607,144.943,529,61320,0.62917,0.65,1,117388,116859,529
4410661,39.4321,91.3886,477,61320,0.629834,0.65,1,117414,116937,477
4413581,12.6864,39.0777,457,61320,0.629967,0.61,1,117420,116963,457
4416501,10.5373,12.6155,461,61320,0.629993,0.61,1,117430,116969,461
4419421,8.50746,10.5231,459,61320,0.629999,0.65,1,117438,116979,459
4422341,8.10149,8.50462,459,61320,0.63,0.65,1,117446,116987,459
4425261,6.4203,8.10092,457,61320,0.63,0.65,1,117452,116995,457
4428181,9.28406,6.42018,461,61320,0.63,0.63,1,117462,117001,461
4431101,13.0568,10.084,464,61320,0.63,0.63,1,117476,117012,464
4434021,7.41136,13.2168,456,61320,0.63,0.63,1,117482,117026,456
4436941,7.88227,7.44336,458,61320,0.63,0.63,1,117490,117032,458
4439861,6.37645,7.88867,456,61320,0.63,0.63,1,117496,117040,456
4442781,4.47529,6.37773,454,61320,0.63,0.59,1,117500,117046,454
4445701,10.4951,4.47555,462,61320,0.63,0.63,1,117512,117050,462
4448621,3.69901,10.4951,452,61320,0.63,0.63,1,117514,117062,452
4451541,7.1398,3.69902,458,61320,0.63,0.59,1,117522,117064,458
4454461,3.02796,7.1398,452,62780,0.63,0.59,1,117524,117072,452
4457381,8.60559,9.42796,452,62780,0.646,0.61,1,117534,117082,452
4460301,28.9211,29.0856,452,62780,0.6812,0.61,1,117568,117116,452
4463221,16.9842,17.0171,452,62780,0.68824,0.63,1,117582,117130,452
4466141,146.597,145.803,453,62780,0.673648,0.63,1,117761,117308,453
4469061,93.3194,93.1607,453,62780,0.70273,0.63,1,117841,117388,453
4471981,39.4639,39.4321,453,62780,0.708546,0.63,1,117867,117414,453
4474901,12.6928,12.6864,453,62780,0.661709,0.63,1,117873,117420,453
4477821,10.5386,10.5373,453,62780,0.652342,0.63,1,117883,117430,453
4480741,8.50771,8.50746,453,62780,0.650468,0.63,1,117891,117438,453
4483661,8.10154,8.10149,453,62780,0.682094,0.63,1,117899,117446,453
4486581,6.42031,6.4203,453,62780,0.688419,0.63,1,117905,117452,453
4489501,9.28406,9.28406,453,62780,0.657684,0.63,1,117915,117462,453
4492421,13.0568,13.0568,453,62780,0.699537,0.63,1,117929,117476,453
4495341,7.41136,7.41136,453,62780,0.675907,0.63,1,117935,117482,453
4498261,7.88227,7.88227,453,62780,0.703181,0.63,1,117943,117490,453
4501181,6.37645,6.37645,453,62780,0.716636,0.63,1,117949,117496,453
4504101,4.47529,4.47529,453,62780,0.679327,0.63,1,117953,117500,453
4507021,10.4951,10.4951,453,62780,0.703865,0.63,1,117965,117512,453
4509941,3.69901,3.69901,453,62780,0.708773,0.63,1,117967,117514,453
4512861,7.1398,7.1398,453,62780,0.677755,0.63,1,117975,117522,453
4515781,3.02796,1.42796,455,62780,0.671551,0.63,1,117977,117522,455
4518701,8.60559,1.88559,463,62780,0.67031,0.65,1,117987,117524,463
4521621,28.9211,8.37712,487,62780,0.670062,0.69,1,118021,117534,487
4524541,16.9842,28.8754,467,62780,0.670012,0.69,1,118035,117568,467
4527461,147.397,16.9751,633,62780,0.622002,0.67,1,118215,117582,633
4530381,93.4794,146.595,534,62780,0.6444,0.71,1,118295,117761,534
4533301,38.6959,93.319,479,62780,0.66488,0.71,1,118320,117841,479
4536221,12.5392,39.4638,459,62780,0.652976,0.65,1,118326,117867,459
4539141,10.5078,12.6928,463,62780,0.650595,0.65,1,118336,117873,463
4542061,8.50157,10.5386,461,62780,0.650119,0.65,1,118344,117883,461
4544981,8.10031,8.50771,461,62780,0.650024,0.69,1,118352,117891,461
4547901,7.22006,8.10154,460,62780,0.666005,0.69,1,118359,117899,460
4550821,9.44401,6.42031,464,62780,0.637201,0.65,1,118369,117905,464
4553741,13.0888,9.28406,468,62780,0.64744,0.71,1,118383,117915,468
4556661,7.41776,13.0568,460,62780,0.649488,0.67,1,118389,117929,460
4559581,7.88355,7.41136,462,62780,0.649898,0.71,1,118397,117935,462
4562501,6.37671,7.88227,460,62780,0.649979,0.72,1,118403,117943,460
4565421,4.47534,6.37645,458,62780,0.649996,0.67,1,118407,117949,458
4568341,10.4951,4.47529,466,62780,0.649999,0.71,1,118419,117953,466
4571261,3.69901,10.4951,456,62780,0.65,0.71,1,118421,117965,456
4574181,7.1398,3.69901,462,62780,0.65,0.67,1,118429,117967,462
4577101,3.02796,7.1398,456,62780,0.65,0.67,1,118431,117975,456
4580021,8.60559,3.02796,464,62780,0.65,0.67,1,118441,117977,464
4582941,28.9211,8.60559,488,62780,0.65,0.67,1,118475,117987,488
4585861,16.9842,28.9211,468,62780,0.65,0.67,1,118489,118021,468
4588781,144.997,16.9842,631,62780,0.65,0.61,1,118666,118035,631
4591701,94.5994,147.397,533,62780,0.682,0.65,1,118748,118215,533
4594621,38.9199,93.4794,478,62780,0.6404,0.67,1,118773,118295,478
4597541,12.584,38.6959,459,62780,0.63208,0.65,1,118779,118320,459
4600461,10.5168,12.5392,463,62780,0.630416,0.65,1,118789,118326,463
4603381,8.50336,10.5078,461,62780,0.630083,0.65,1,118797,118336,461
4606301,8.10067,8.50157,461,62780,0.630017,0.65,1,118805,118344,461
4609221,7.22013,8.10031,460,62780,0.646003,0.67,1,118812,118352,460
4612141,9.44403,7.22006,463,62780,0.617201,0.63,1,118822,118359,463
4615061,13.0888,9.44401,467,62780,0.61144,0.65,1,118836,118369,467
4617981,7.41776,13.0888,459,62780,0.610288,0.65,1,118842,118383,459
4620901,7.88355,7.41776,461,62780,0.610058,0.65,1,118850,118389,461
4623821,6.37671,7.88355,459,62780,0.610012,0.65,1,118856,118397,459
4626741,4.47534,6.37671,457,62780,0.610002,0.65,1,118860,118403,457
4629661,10.4951,4.47534,465,62780,0.61,0.65,1,118872,118407,465
4632581,3.69901,10.4951,455,62780,0.61,0.65,1,118874,118419,455
4635501,7.1398,3.69901,461,62780,0.61,0.65,1,118882,118421,461
4638421,3.02796,7.1398,455,62780,0.61,0.65,1,118884,118429,455
4641341,8.60559,3.02796,463,62780,0.61,0.65,1,118894,118431,463
4644261,28.9211,8.60559,487,62780,0.61,0.65,1,118928,118441,487
4647181,16.9842,28.9211,467,62780,0.61,0.65,1,118942,118475,467
4650101,144.997,16.9842,630,62780,0.61,0.65,1,119119,118489,630
4653021,95.3994,144.997,536,62780,0.594,0.69,1,119202,118666,536
4655941,37.4799,94.5994,477,62780,0.5908,0.63,1,119225,118748,477
4658861,12.296,38.9199,458,62780,0.59016,0.63,1,119231,118773,458
4661781,10.4592,12.584,462,62780,0.590032,0.63,1,119241,118779,462
4664701,8.49184,10.5168,460,62780,0.590006,0.63,1,119249,118789,460
4667621,8.09837,8.50336,460,62780,0.590001,0.63,1,119257,118797,460
4670541,6.41967,8.10067,458,62780,0.59,0.65,1,119263,118805,458
4673461,9.28393,7.22013,461,62780,0.59,0.61,1,119273,118812,461
4676381,13.0568,9.44403,465,62780,0.606,0.61,1,119287,118822,465
4679301,7.41136,13.0888,457,62780,0.6092,0.61,1,119293,118836,457
4682221,7.88227,7.41776,459,62780,0.60984,0.61,1,119301,118842,459
4685141,6.37645,7.88355,457,62780,0.609968,0.61,1,119307,118850,457
4688061,4.47529,6.37671,455,62780,0.609994,0.61,1,119311,118856,455
4690981,10.4951,4.47534,463,62780,0.609999,0.61,1,119323,118860,463
4693901,3.69901,10.4951,453,62780,0.61,0.61,1,119325,118872,453
4696821,7.1398,3.69901,459,62780,0.61,0.61,1,119333,118874,459
4699741,3.02796,7.1398,453,62780,0.61,0.61,1,119335,118882,453
4702661,8.60559,3.02796,461,62780,0.61,0.61,1,119345,118884,461
4705581,28.9211,8.60559,485,62780,0.61,0.61,1,119379,118894,485
4708501,16.9842,28.9211,465,62780,0.61,0.61,1,119393,118928,465
4711421,144.997,16.9842,628,62780,0.61,0.61,1,119570,118942,628
4714341,96.1994,144.997,535,62780,0.658,0.59,1,119654,119119,535
4717261,36.0399,95.3994,473,62780,0.6676,0.59,1,119675,119202,473
4720181,12.008,37.4799,456,62780,0.66952,0.59,1,119681,119225,456
4723101,10.4016,12.296,460,62780,0.669904,0.59,1,119691,119231,460
4726021,8.48032,10.4592,458,62780,0.669981,0.59,1,119699,119241,458
4728941,8.09606,8.49184,458,62780,0.669996,0.59,1,119707,119249,458
4731861,6.41921,8.09837,456,62780,0.669999,0.59,1,119713,119257,456
4734781,10.0838,6.41967,461,62780,0.686,0.59,1,119724,119263,461
4737701,13.2168,9.28393,465,62780,0.6732,0.61,1,119738,119273,465
4740621,7.44335,13.0568,457,62780,0.67064,0.61,1,119744,119287,457
4743541,7.88867,7.41136,459,62780,0.670128,0.61,1,119752,119293,459
4746461,6.37773,7.88227,457,62780,0.670026,0.61,1,119758,119301,457
4749381,4.47555,6.37645,455,62780,0.670005,0.61,1,119762,119307,455
4752301,10.4951,4.47529,463,62780,0.670001,0.61,1,119774,119311,463
4755221,3.69902,10.4951,453,62780,0.67,0.61,1,119776,119323,453
4758141,7.1398,3.69901,459,62780,0.67,0.61,1,119784,119325,459
4761061,3.02796,7.1398,453,62780,0.67,0.61,1,119786,119333,453
4763981,8.60559,3.02796,461,62780,0.67,0.61,1,119796,119335,461
4766901,28.9211,8.60559,485,62780,0.67,0.61,1,119830,119345,485
4769821,16.9842,28.9211,465,62780,0.67,0.61,1,119844,119379,465
4772741,144.997,16.9842,628,62780,0.662,0.61,1,120021,119393,628
4775661,98.5994,144.997,538,62780,0.6524,0.67,1,120108,119570,538
4778581,36.5199,96.1994,475,62780,0.65048,0.67,1,120129,119654,475
4781501,12.104,36.0399,460,62780,0.650096,0.67,1,120135,119675,460
4784421,10.4208,12.008,464,62780,0.650019,0.67,1,120145,119681,464
4787341,8.48416,10.4016,462,62780,0.650004,0.67,1,120153,119691,462
4790261,8.09683,8.48032,462,62780,0.650001,0.67,1,120161,119699,462
4793181,6.41937,8.09606,460,62780,0.65,0.67,1,120167,119707,460
4796101,10.0839,6.41921,465,62780,0.666,0.69,1,120178,119713,465
4799021,13.2168,10.0838,468,62780,0.6372,0.67,1,120192,119724,468
4801941,7.44335,13.2168,460,62780,0.63144,0.67,1,120198,119738,460
4804861,7.88867,7.44335,462,62780,0.630288,0.67,1,120206,119744,462
4807781,6.37773,7.88867,460,62780,0.630058,0.67,1,120212,119752,460
4810701,4.47555,6.37773,458,62780,0.630011,0.67,1,120216,119758,458
4813621,10.4951,4.47555,466,62780,0.630002,0.67,1,120228,119762,466
4816541,3.69902,10.4951,456,62780,0.63,0.67,1,120230,119774,456
4819461,7.1398,3.69902,462,62780,0.63,0.67,1,120238,119776,462
4822381,3.02796,7.1398,456,62780,0.63,0.67,1,120240,119784,456
4825301,8.60559,3.02796,464,62780,0.63,0.67,1,120250,119786,464
4828221,28.9211,8.60559,488,62780,0.63,0.67,1,120284,119796,488
4831141,16.9842,28.9211,468,62780,0.63,0.67,1,120298,119830,468
4834061,144.197,16.9842,630,62780,0.83,0.66,2,120474,119844,630
4836981,98.4394,144.997,540,62780,0.894,0.65,2,120561,120021,540
4839901,36.4879,98.5994,474,62780,0.8748,0.65,2,120582,120108,474
4842821,12.0976,36.5199,459,62780,0.87096,0.65,2,120588,120129,459
4845741,10.4195,12.104,463,62780,0.870192,0.65,2,120598,120135,463
4848661,8.4839,10.4208,461,62780,0.870038,0.65,2,120606,120145,461
4851581,8.09678,8.48416,461,62780,0.870008,0.65,2,120614,120153,461
4854501,6.41936,8.09683,459,62780,0.870002,0.65,2,120620,120161,459
4857421,9.28387,6.41937,463,62780,0.87,0.67,2,120630,120167,463
4860341,13.0568,10.0839,466,62780,0.87,0.63,2,120644,120178,466
4863261,7.41135,13.2168,458,62780,0.87,0.63,2,120650,120192,458
4866181,7.88227,7.44335,460,62780,0.87,0.63,2,120658,120198,460
4869101,6.37645,7.88867,458,62780,0.87,0.63,2,120664,120206,458
4872021,4.47529,6.37773,456,62780,0.87,0.63,2,120668,120212,456
4874941,10.4951,4.47555,464,62780,0.87,0.63,2,120680,120216,464
4877861,3.69901,10.4951,454,62780,0.87,0.63,2,120682,120228,454
4880781,7.1398,3.69902,460,62780,0.87,0.63,2,120690,120230,460
4883701,3.02796,7.1398,454,62780,0.87,0.63,2,120692,120238,454
4886621,8.60559,3.02796,462,62780,0.87,0.63,2,120702,120240,462
4889541,28.9211,8.60559,486,62780,0.87,0.63,2,120736,120250,486
4892461,16.9842,28.9211,466,62780,0.87,0.63,2,120750,120284,466
4895381,153.797,16.9842,640,62780,0.918,0.88,2,120938,120298,640
4898301,101.159,144.197,552,62780,0.9116,0.91,2,121026,120474,552
4901221,36.2319,98.4394,485,62780,0.89432,0.87,2,121046,120561,485
4904141,12.0464,36.4879,470,62780,0.890864,0.87,2,121052,120582,470
4907061,10.4093,12.0976,474,62780,0.890173,0.87,2,121062,120588,474
4909981,8.48185,10.4195,472,62780,0.890035,0.87,2,121070,120598,472
4912901,8.09637,8.4839,472,62780,0.890007,0.87,2,121078,120606,472
4915821,6.41927,8.09678,470,62780,0.906001,0.87,2,121084,120614,470
4918741,9.28385,6.41936,474,62780,0.9092,0.87,2,121094,120620,474
4921661,13.0568,9.28387,478,62780,0.90984,0.87,2,121108,120630,478
4924581,7.41135,13.0568,470,62780,0.909968,0.87,2,121114,120644,470
4927501,7.88227,7.41135,472,62780,0.909994,0.87,2,121122,120650,472
4930421,6.37645,7.88227,470,62780,0.949999,0.87,2,121128,120658,470
4933341,4.47529,6.37645,468,62780,0.95,0.87,2,121132,120664,468
5175701,10,14,483,61320,0.93,1,2,123041,122558,483
5178621,10,10.8,483,61320,0.914,1,2,123051,122568,483
5199061,9,8,472,59860,0.95,0.95,2,123102,122630,472
5201981,145.8,148,469,59860,0.886,0.95,2,123282,122813,469
5204901,96.36,96.8,469,59860,0.9052,0.95,2,123366,122897,469
5207821,35.272,35.36,469,59860,0.87704,0.95,2,123386,122917,469
5210741,14.2544,15.072,468,59860,0.871408,0.95,2,123395,122927,468
5213661,12.4509,11.8144,469,59860,0.870282,0.97,2,123407,122938,469
5216581,15.2902,14.3629,470,59860,0.838056,0.99,2,123423,122953,470
5219501,11.058,11.6726,469,59860,0.831611,0.93,2,123433,122964,469
5222421,8.61161,9.53452,468,59860,0.862322,0.95,2,123441,122973,468
5225341,9.72232,9.1069,469,59860,0.836464,0.95,2,123451,122982,469
5228261,14.7445,16.2214,467,59860,0.831293,0.93,2,123467,123000,467
5231181,18.9489,18.4443,468,59860,0.830259,0.93,2,123487,123019,468
5234101,13.3898,13.2889,468,59860,0.830052,0.93,2,123499,123031,468
5237021,9.87796,10.6578,467,59860,0.84601,0.91,2,123508,123041,467
5239941,9.97559,10.1316,467,59860,0.817202,0.95,2,123518,123051,467
5242861,8.39512,8.42631,467,59860,0.84344,0.93,2,123526,123059,467
5245781,6.47902,5.68526,468,59860,0.816688,0.93,2,123532,123064,468
5248701,6.0958,2.73705,472,59860,0.811338,0.97,2,123538,123066,472
5251621,6.01916,5.34741,472,59860,0.810268,0.91,2,123544,123072,472
5254541,14.0038,5.86948,482,59860,0.810054,0.93,2,123560,123078,482
5257461,9.20077,13.1739,475,59860,0.810011,0.95,2,123568,123093,475
5260381,144.24,9.83478,644,59860,0.746002,0.87,1,123746,123102,644
5263301,96.048,145.967,548,59860,0.7332,0.91,1,123830,123282,548
5266221,34.4096,96.3934,483,59860,0.74664,0.87,1,123849,123366,483
5269141,13.2819,35.2787,471,59860,0.733328,0.87,1,123857,123386,471
5272061,12.2564,14.2557,474,59860,0.730666,0.87,1,123869,123395,474
5274981,15.2513,12.4511,478,59860,0.730133,0.83,1,123885,123407,478
5277901,11.0503,15.2902,472,59860,0.730027,0.83,1,123895,123423,472
5280821,8.61005,11.058,470,59860,0.730005,0.87,1,123903,123433,470
5283741,9.72201,8.61161,472,59860,0.730001,0.83,1,123913,123441,472
5286661,14.7444,9.72232,478,59860,0.746,0.83,1,123929,123451,478
5289581,18.9489,14.7445,482,59860,0.7492,0.83,1,123949,123467,482
5292501,13.3898,18.9489,474,59860,0.74984,0.83,1,123961,123487,474
5295421,9.07796,13.3898,470,59860,0.733968,0.85,1,123969,123499,470
5298341,9.81559,9.87796,471,59860,0.730794,0.81,1,123979,123508,471
5301261,8.36312,9.97559,469,59860,0.730159,0.85,1,123987,123518,469
5304181,6.47262,8.39512,467,59860,0.730032,0.81,1,123993,123526,467
5307101,6.09452,6.47902,467,59860,0.730006,0.81,1,123999,123532,467
5310021,6.01891,6.0958,467,59860,0.730001,0.81,1,124005,123538,467
5312941,14.0038,6.01916,477,59860,0.73,0.81,1,124021,123544,477
5315861,9.20076,14.0038,469,59860,0.73,0.81,1,124029,123560,469
5318781,141.04,9.20077,635,59860,0.682,0.73,1,124203,123568,635
5321701,95.408,144.24,541,59860,0.6884,0.73,1,124287,123746,541
5324621,34.2816,96.048,476,59860,0.67368,0.75,1,124306,123830,476
5327541,13.2563,34.4096,465,59860,0.670736,0.73,1,124314,123849,465
5330461,12.2513,13.2819,469,59860,0.670147,0.73,1,124326,123857,469
5333381,15.2503,12.2564,473,59860,0.670029,0.73,1,124342,123869,473
5336301,11.0501,15.2513,467,59860,0.670006,0.73,1,124352,123885,467
5339221,8.61001,11.0503,465,59860,0.670001,0.73,1,124360,123895,465
5342141,10.522,8.61005,468,59860,0.686,0.73,1,124371,123903,468
5345061,14.9044,9.72201,474,59860,0.6572,0.75,1,124387,123913,474
5347981,18.9809,14.7444,478,59860,0.65144,0.75,1,124407,123929,478
5350901,12.5962,18.9489,469,59860,0.666288,0.75,1,124418,123949,469
5353821,8.91924,13.3898,465,59860,0.669258,0.73,1,124426,123961,465
5356741,9.78385,9.07796,467,59860,0.669852,0.73,1,124436,123969,467
5359661,8.35677,9.81559,465,59860,0.66997,0.73,1,124444,123979,465
5362581,6.47135,8.36312,463,59860,0.669994,0.73,1,124450,123987,463
5365501,6.09427,6.47262,463,59860,0.669999,0.73,1,124456,123993,463
5368421,6.01885,6.09452,463,59860,0.67,0.73,1,124462,123999,463
5371341,14.0038,6.01891,473,59860,0.67,0.73,1,124478,124005,473
5374261,9.20075,14.0038,465,59860,0.67,0.73,1,124486,124021,465
5377181,138.64,9.20076,628,59860,0.654,0.67,1,124657,124029,628
5380101,95.728,141.04,539,59860,0.6508,0.69,1,124742,124203,539
5383021,33.5456,95.408,473,59860,0.63416,0.67,1,124760,124287,473
5385941,13.1091,34.2816,462,59860,0.630832,0.67,1,124768,124306,462
5388861,12.2218,13.2563,466,59860,0.630166,0.67,1,124780,124314,466
5391781,15.2444,12.2513,470,59860,0.630033,0.67,1,124796,124326,470
5394701,11.0489,15.2503,464,59860,0.630007,0.67,1,124806,124342,464
5397621,8.60977,11.0501,462,59860,0.630001,0.67,1,124814,124352,462
5400541,9.72195,8.61001,464,59860,0.63,0.69,1,124824,124360,464
5403461,14.7444,10.522,469,59860,0.646,0.65,1,124840,124371,469
5406381,18.9489,14.9044,473,59860,0.6492,0.65,1,124860,124387,473
5409301,13.3898,18.9809,465,59860,0.64984,0.67,1,124872,124407,465
5412221,9.07796,12.5962,462,59860,0.649968,0.67,1,124880,124418,462
5415141,9.81559,8.91924,464,59860,0.649994,0.67,1,124890,124426,464
5418061,8.36312,9.78385,462,59860,0.649999,0.67,1,124898,124436,462
5420981,6.47262,8.35677,460,59860,0.65,0.67,1,124904,124444,460
5423901,6.09452,6.47135,460,59860,0.65,0.67,1,124910,124450,460
5426821,6.01891,6.09427,460,59860,0.65,0.67,1,124916,124456,460
5429741,14.0038,6.01885,470,59860,0.65,0.67,1,124932,124462,470
5432661,9.20076,14.0038,462,59860,0.65,0.67,1,124940,124478,462
5435581,137.84,9.20075,624,59860,0.65,0.65,1,125110,124486,624
5438501,95.568,138.64,538,59860,0.682,0.65,1,125195,124657,538
5441421,32.7136,95.728,470,59860,0.6884,0.63,1,125212,124742,470
5444341,12.9427,33.5456,460,59860,0.68968,0.63,1,125220,124760,460
5447261,12.1885,13.1091,464,59860,0.689936,0.63,1,125232,124768,464
5450181,15.2377,12.2218,468,59860,0.689987,0.63,1,125248,124780,468
5453101,11.0475,15.2444,462,59860,0.689997,0.63,1,125258,124796,462
5456021,8.60951,11.0489,460,59860,0.689999,0.63,1,125266,124806,460
5458941,10.5219,8.60977,463,59860,0.706,0.63,1,125277,124814,463
5461861,14.9044,9.72195,469,59860,0.6772,0.65,1,125293,124824,469
5464781,18.9809,14.7444,473,59860,0.67144,0.65,1,125313,124840,473
5467701,13.3962,18.9489,465,59860,0.670288,0.65,1,125325,124860,465
5470621,9.07924,13.3898,461,59860,0.670058,0.65,1,125333,124872,461
5473541,9.81585,9.07796,463,59860,0.670012,0.65,1,125343,124880,463
5476461,8.36317,9.81559,461,59860,0.670002,0.65,1,125351,124890,461
5479381,6.47263,8.36312,459,59860,0.67,0.65,1,125357,124898,459
5482301,6.09453,6.47262,459,59860,0.67,0.65,1,125363,124904,459
5485221,6.01891,6.09452,459,59860,0.67,0.65,1,125369,124910,459
5488141,14.0038,6.01891,469,59860,0.67,0.65,1,125385,124916,469
5491061,9.20076,14.0038,461,59860,0.67,0.65,1,125393,124932,461
5493981,137.84,9.20076,623,59860,0.622,0.65,1,125563,124940,623
5496901,97.168,137.84,540,59860,0.6444,0.69,1,125650,125110,540
5499821,33.0336,95.568,472,59860,0.63288,0.69,1,125667,125195,472
5502741,13.0067,32.7136,463,59860,0.630576,0.69,1,125675,125212,463
5505661,12.2013,12.9427,467,59860,0.630115,0.69,1,125687,125220,467
5508581,15.2403,12.1885,471,59860,0.630023,0.69,1,125703,125232,471
5511501,11.0481,15.2377,465,59860,0.630005,0.69,1,125713,125248,465
5514421,8.60961,11.0475,463,59860,0.630001,0.69,1,125721,125258,463
5517341,9.72192,8.60951,465,59860,0.63,0.71,1,125731,125266,465
5520261,14.7444,10.5219,470,59860,0.646,0.67,1,125747,125277,470
5523181,18.9489,14.9044,474,59860,0.6492,0.67,1,125767,125293,474
5526101,13.3898,18.9809,466,59860,0.64984,0.67,1,125779,125313,466
5529021,9.07796,13.3962,462,59860,0.649968,0.67,1,125787,125325,462
5531941,9.81559,9.07924,464,59860,0.649994,0.67,1,125797,125333,464
5534861,8.36312,9.81585,462,59860,0.649999,0.67,1,125805,125343,462
5537781,6.47262,8.36317,460,59860,0.65,0.67,1,125811,125351,460
5540701,6.09452,6.47263,460,59860,0.65,0.67,1,125817,125357,460
5543621,6.01891,6.09453,460,59860,0.65,0.67,1,125823,125363,460
5546541,14.0038,6.01891,470,59860,0.65,0.67,1,125839,125369,470
5549461,9.20076,14.0038,462,59860,0.65,0.67,1,125847,125385,462
5552381,135.44,9.20076,621,59860,0.65,0.61,1,126014,125393,621
5555301,98.288,137.84,540,59860,0.65,0.65,1,126103,125563,540
5558221,32.4576,97.168,469,59860,0.65,0.63,1,126119,125650,469
5561141,12.8915,33.0336,460,59860,0.65,0.63,1,126127,125667,460
5564061,12.1783,13.0067,464,59860,0.65,0.63,1,126139,125675,464
5566981,15.2357,12.2013,468,59860,0.65,0.63,1,126155,125687,468
5569901,11.0471,15.2403,462,59860,0.65,0.63,1,126165,125703,462
5572821,8.60943,11.0481,460,59860,0.65,0.63,1,126173,125713,460
5575741,10.5219,8.60961,463,59860,0.666,0.63,1,126184,125721,463
5578661,14.9044,9.72192,469,59860,0.6372,0.65,1,126200,125731,469
5581581,18.9809,14.7444,473,59860,0.63144,0.65,1,126220,125747,473
5584501,13.3962,18.9489,465,59860,0.630288,0.65,1,126232,125767,465
5587421,9.07923,13.3898,461,59860,0.630058,0.65,1,126240,125779,461
5590341,9.81585,9.07796,463,59860,0.630011,0.65,1,126250,125787,463
5593261,8.36317,9.81559,461,59860,0.630002,0.65,1,126258,125797,461
5596181,6.47263,8.36312,459,59860,0.63,0.65,1,126264,125805,459
5599101,6.09453,6.47262,459,59860,0.63,0.65,1,126270,125811,459
5602021,6.01891,6.09452,459,59860,0.63,0.65,1,126276,125817,459
5604941,14.0038,6.01891,469,59860,0.63,0.65,1,126292,125823,469
5607861,9.20076,14.0038,461,59860,0.63,0.65,1,126300,125839,461
5610781,135.44,9.20076,620,59860,0.63,0.65,1,126467,125847,620
5613701,98.288,135.44,542,59860,0.63,0.65,1,126556,126014,542
5616621,32.4576,98.288,469,59860,0.614,0.65,1,126572,126103,469
5619541,12.8915,32.4576,461,59860,0.6108,0.65,1,126580,126119,461
5622461,12.1783,12.8915,465,59860,0.61016,0.65,1,126592,126127,465
5625381,15.2357,12.1783,469,59860,0.610032,0.65,1,126608,126139,469
5628301,11.0471,15.2357,463,59860,0.610006,0.65,1,126618,126155,463
5631221,8.60943,11.0471,461,59860,0.610001,0.65,1,126626,126165,461
5634141,9.72189,8.60943,463,59860,0.61,0.67,1,126636,126173,463
5637061,14.7444,10.5219,468,59860,0.626,0.63,1,126652,126184,468
5639981,18.9489,14.9044,472,59860,0.6292,0.63,1,126672,126200,472
5642901,13.3898,18.9809,464,59860,0.62984,0.63,1,126684,126220,464
5645821,9.07795,13.3962,460,59860,0.629968,0.63,1,126692,126232,460
5648741,9.81559,9.07923,462,59860,0.629994,0.63,1,126702,126240,462
5651661,8.36312,9.81585,460,59860,0.629999,0.63,1,126710,126250,460
5654581,6.47262,8.36317,458,59860,0.63,0.63,1,126716,126258,458
5657501,6.09452,6.47263,458,59860,0.63,0.63,1,126722,126264,458
5660421,6.01891,6.09453,458,59860,0.63,0.63,1,126728,126270,458
5663341,14.0038,6.01891,468,59860,0.63,0.63,1,126744,126276,468
5666261,9.20076,14.0038,460,59860,0.63,0.63,1,126752,126292,460
5669181,135.44,9.20076,619,59860,0.63,0.63,1,126919,126300,619
5672101,97.488,135.44,540,59860,0.678,0.63,1,127007,126467,540
5675021,32.2976,98.288,467,59860,0.6876,0.61,1,127023,126556,467
5677941,12.8595,32.4576,459,59860,0.68952,0.61,1,127031,126572,459
5680861,12.1719,12.8915,463,59860,0.689904,0.61,1,127043,126580,463
5683781,15.2344,12.1783,467,59860,0.689981,0.61,1,127059,126592,467
5686701,11.0469,15.2357,461,59860,0.689996,0.61,1,127069,126608,461
5689621,8.60938,11.0471,459,59860,0.689999,0.61,1,127077,126618,459
5692541,10.5219,8.60943,462,59860,0.706,0.61,1,127088,126626,462
5695461,14.9044,9.72189,468,59860,0.6932,0.63,1,127104,126636,468
5698381,18.9809,14.7444,472,59860,0.69064,0.63,1,127124,126652,472
5701301,13.3962,18.9489,464,59860,0.690128,0.63,1,127136,126672,464
5704221,9.07923,13.3898,460,59860,0.690026,0.63,1,127144,126684,460
5707141,9.81585,9.07795,462,59860,0.690005,0.63,1,127154,126692,462
5710061,8.36317,9.81559,460,59860,0.690001,0.63,1,127162,126702,460
5712981,6.47263,8.36312,458,59860,0.706,0.63,1,127168,126710,458
5715901,6.09453,6.47262,458,59860,0.7092,0.63,1,127174,126716,458
5718821,6.01891,6.09452,458,59860,0.70984,0.63,1,127180,126722,458
5721741,14.0038,6.01891,468,59860,0.709968,0.63,1,127196,126728,468
5724661,9.20076,14.0038,460,59860,0.709994,0.63,1,127204,126744,460
5727581,135.44,9.20076,619,59860,0.693999,0.63,1,127371,126752,619
5730501,99.888,135.44,543,59860,0.7228,0.69,1,127462,126919,543
5733421,32.7776,97.488,471,59860,0.72856,0.69,1,127478,127007,471
5736341,12.9555,32.2976,463,59860,0.729712,0.69,1,127486,127023,463
5739261,12.1911,12.8595,467,59860,0.729942,0.69,1,127498,127031,467
5742181,15.2382,12.1719,471,59860,0.729988,0.69,1,127514,127043,471
5745101,11.0476,15.2344,465,59860,0.729998,0.69,1,127524,127059,465
5748021,8.60953,11.0469,463,59860,0.73,0.69,1,127532,127069,463
5750941,10.5219,8.60938,466,59860,0.746,0.71,1,127543,127077,466
5753861,14.9044,10.5219,471,59860,0.7172,0.69,1,127559,127088,471
5756781,18.9809,14.9044,475,59860,0.71144,0.69,1,127579,127104,475
5759701,13.3962,18.9809,467,59860,0.710288,0.69,1,127591,127124,467
5762621,9.07924,13.3962,463,59860,0.710058,0.69,1,127599,127136,463
5765541,10.6158,9.07923,466,59860,0.726012,0.69,1,127610,127144,466
5768461,8.52317,9.81585,464,59860,0.729202,0.69,1,127618,127154,464
5771381,6.50463,8.36317,462,59860,0.72984,0.71,1,127624,127162,462
5774301,6.10093,6.47263,462,59860,0.729968,0.71,1,127630,127168,462
5777221,6.02019,6.09453,462,59860,0.729994,0.71,1,127636,127174,462
5780141,14.004,6.01891,472,59860,0.729999,0.71,1,127652,127180,472
5783061,9.20081,14.0038,464,59860,0.73,0.71,1,127660,127196,464
5785981,134.64,9.20076,622,59860,0.762,0.69,2,127826,127204,622
5788901,101.328,135.44,548,59860,0.7684,0.73,2,127919,127371,548
5791821,33.0656,99.888,473,59860,0.76968,0.73,2,127935,127462,473
5794741,13.0131,32.7776,465,59860,0.769936,0.73,2,127943,127478,465
5797661,12.2026,12.9555,469,59860,0.769987,0.73,2,127955,127486,469
5800581,15.2405,12.1911,473,59860,0.769997,0.73,2,127971,127498,473
5803501,11.0481,15.2382,467,59860,0.77,0.73,2,127981,127514,467
5806421,8.60962,11.0476,465,59860,0.77,0.73,2,127989,127524,465
5809341,9.72192,8.60953,467,59860,0.77,0.75,2,127999,127532,467
5812261,14.7444,10.5219,472,59860,0.77,0.71,2,128015,127543,472
5815181,18.9489,14.9044,476,59860,0.77,0.71,2,128035,127559,476
5818101,13.3898,18.9809,468,59860,0.77,0.71,2,128047,127579,468
5821021,9.07796,13.3962,464,59860,0.77,0.71,2,128055,127591,464
5823941,11.4156,9.07924,468,59860,0.77,0.73,2,128067,127599,468
5826861,8.68312,10.6158,465,59860,0.77,0.73,2,128075,127610,465
5829781,6.53662,8.52317,463,59860,0.77,0.73,2,128081,127618,463
5832701,6.10732,6.50463,463,59860,0.77,0.73,2,128087,127624,463
5835621,6.02147,6.10093,463,59860,0.77,0.73,2,128093,127630,463
5838541,14.0043,6.02019,473,59860,0.77,0.73,2,128109,127636,473
5841461,9.20086,14.004,465,59860,0.77,0.73,2,128117,127652,465
5844381,136.24,9.20081,625,59860,0.738,0.77,1,128285,127660,625
5847301,101.648,134.64,552,59860,0.7316,0.77,1,128378,127826,552
5850221,33.1296,101.328,475,59860,0.73032,0.77,1,128394,127919,475
5853141,13.0259,33.0656,467,59860,0.746064,0.77,1,128402,127935,467
5856061,12.2052,13.0131,471,59860,0.749213,0.77,1,128414,127943,471
5858981,15.241,12.2026,475,59860,0.749843,0.77,1,128430,127955,475
5861901,11.0482,15.2405,469,59860,0.749968,0.77,1,128440,127971,469
5864821,8.60964,11.0481,467,59860,0.749994,0.77,1,128448,127981,467
5867741,9.72193,8.60962,469,59860,0.749999,0.77,1,128458,127989,469
5870661,14.7444,9.72192,475,59860,0.766,0.77,2,128474,127999,475
5873581,18.9489,14.7444,479,59860,0.7692,0.77,2,128494,128015,479
5876501,13.3898,18.9489,471,59860,0.76984,0.77,2,128506,128035,471
5879421,9.07796,13.3898,467,59860,0.769968,0.77,2,128514,128047,467
5882341,11.4156,9.07796,471,59860,0.769994,0.77,2,128526,128055,471
5885261,8.68312,11.4156,467,59860,0.769999,0.77,2,128534,128067,467
5888181,6.53662,8.68312,465,59860,0.77,0.77,2,128540,128075,465
5891101,6.10732,6.53662,465,59860,0.77,0.77,2,128546,128081,465
5894021,6.02147,6.10732,465,59860,0.77,0.77,2,128552,128087,465
5896941,14.0043,6.02147,475,59860,0.77,0.77,2,128568,128093,475
5899861,9.20086,14.0043,467,59860,0.77,0.77,2,128576,128109,467
5902781,135.44,9.20086,626,59860,0.802,0.73,2,128743,128117,626
5905701,100.688,136.24,550,59860,0.7764,0.73,2,128835,128285,550
5908621,33.7376,101.648,474,59860,0.80328,0.73,2,128852,128378,474
5911541,13.1475,33.1296,466,59860,0.776656,0.75,2,128860,128394,466
5914461,12.2295,13.0259,470,59860,0.771331,0.75,2,128872,128402,470
5917381,15.2459,12.2052,474,59860,0.770266,0.75,2,128888,128414,474
5920301,11.0492,15.241,468,59860,0.770053,0.75,2,128898,128430,468
5923221,8.60984,11.0482,466,59860,0.770011,0.75,2,128906,128440,466
5926141,10.522,8.60964,469,59860,0.786002,0.75,2,128917,128448,469
5929061,14.9044,9.72193,475,59860,0.7572,0.77,2,128933,128458,475
5931981,18.9809,14.7444,479,59860,0.75144,0.77,2,128953,128474,479
5934901,13.3962,18.9489,471,59860,0.750288,0.77,2,128965,128494,471
5937821,9.07924,13.3898,467,59860,0.750058,0.77,2,128973,128506,467
5940741,11.4158,9.07796,471,59860,0.750012,0.77,2,128985,128514,471
5943661,8.68317,11.4156,467,59860,0.750002,0.77,2,128993,128526,467
5946581,6.53663,8.68312,465,59860,0.75,0.77,2,128999,128534,465
5949501,6.10733,6.53662,465,59860,0.75,0.77,2,129005,128540,465
5952421,6.02147,6.10732,465,59860,0.75,0.77,2,129011,128546,465
5955341,14.0043,6.02147,475,59860,0.75,0.77,1,129027,128552,475
5958261,9.20086,14.0043,467,59860,0.75,0.77,1,129035,128568,467
5961181,135.44,9.20086,626,59860,0.75,0.81,1,129202,128576,626
5964101,100.688,135.44,551,59860,0.75,0.77,1,129294,128743,551
5967021,33.7376,100.688,476,59860,0.782,0.81,2,129311,128835,476
5969941,13.1475,33.7376,467,59860,0.7884,0.77,2,129319,128852,467
5972861,12.2295,13.1475,471,59860,0.78968,0.77,2,129331,128860,471
5975781,15.2459,12.2295,475,59860,0.789936,0.77,2,129347,128872,475
5978701,11.0492,15.2459,469,59860,0.789987,0.77,2,129357,128888,469
5981621,8.60984,11.0492,467,59860,0.789997,0.77,2,129365,128898,467
5984541,9.72197,8.60984,469,59860,0.789999,0.79,2,129375,128906,469
5987461,14.7444,10.522,474,59860,0.806,0.75,2,129391,128917,474
5990381,18.9489,14.9044,478,59860,0.8092,0.75,2,129411,128933,478
5993301,13.3898,18.9809,470,59860,0.80984,0.75,2,129423,128953,470
5996221,9.07796,13.3962,466,59860,0.809968,0.75,2,129431,128965,466
5999141,11.4156,9.07924,470,59860,0.809994,0.75,2,129443,128973,470
6002061,8.68312,11.4158,466,59860,0.809999,0.75,2,129451,128985,466
6004981,6.53662,8.68317,464,59860,0.81,0.75,2,129457,128993,464
6007901,6.10732,6.53663,464,59860,0.81,0.75,2,129463,128999,464
6010821,6.02147,6.10733,464,59860,0.81,0.75,2,129469,129005,464
6013741,14.0043,6.02147,474,59860,0.81,0.75,2,129485,129011,474
6016661,9.20086,14.0043,466,59860,0.81,0.75,2,129493,129027,466
6019581,135.44,9.20086,625,59860,0.794,0.75,2,129660,129035,625
6022501,100.688,135.44,550,59860,0.7908,0.75,2,129752,129202,550
6025421,35.3376,100.688,477,59860,0.77416,0.79,2,129771,129294,477
6028341,13.4675,33.7376,468,59860,0.770832,0.79,2,129779,129311,468
6031261,12.2935,13.1475,472,59860,0.770166,0.79,2,129791,129319,472
6034181,15.2587,12.2295,476,59860,0.770033,0.79,2,129807,129331,476
6037101,11.0517,15.2459,470,59860,0.770007,0.79,2,129817,129347,470
6040021,8.61035,11.0492,468,59860,0.770001,0.79,2,129825,129357,468
6042941,10.5221,8.60984,471,59860,0.786,0.79,2,129836,129365,471
6045861,14.9044,9.72197,477,59860,0.7572,0.81,2,129852,129375,477
6048781,18.9809,14.7444,481,59860,0.75144,0.81,2,129872,129391,481
6051701,13.3962,18.9489,473,59860,0.750288,0.81,2,129884,129411,473
6054621,9.07924,13.3898,469,59860,0.734058,0.81,1,129892,129423,469
6057541,11.4158,9.07796,473,59860,0.730812,0.81,1,129904,129431,473
6060461,8.68317,11.4156,469,59860,0.730162,0.81,1,129912,129443,469
6063381,6.53663,8.68312,467,59860,0.730033,0.81,1,129918,129451,467
6066301,6.10733,6.53662,467,59860,0.730006,0.81,1,129924,129457,467
6069221,6.02147,6.10732,467,59860,0.730001,0.81,1,129930,129463,467
6072141,14.0043,6.02147,477,59860,0.73,0.81,1,129946,129469,477
6075061,9.20086,14.0043,469,59860,0.73,0.81,1,129954,129485,469
6077981,134.64,9.20086,627,59860,0.746,0.79,1,130120,129493,627
6080901,100.528,135.44,552,59860,0.7492,0.79,1,130212,129660,552
6083821,34.5056,100.688,478,59860,0.74984,0.77,1,130230,129752,478
6086741,13.3011,35.3376,467,59860,0.749968,0.77,1,130238,129771,467
6089661,12.2602,13.4675,471,59860,0.749994,0.77,1,130250,129779,471
6092581,15.252,12.2935,475,59860,0.749999,0.77,1,130266,129791,475
6095501,11.0504,15.2587,469,59860,0.75,0.77,1,130276,129807,469
6098421,8.61008,11.0517,467,59860,0.75,0.77,1,130284,129817,467
6101341,9.72202,8.61035,469,59860,0.766,0.79,2,130294,129825,469
6104261,14.7444,10.5221,474,59860,0.7692,0.75,2,130310,129836,474
6107181,18.9489,14.9044,478,59860,0.76984,0.75,2,130330,129852,478
6110101,12.5898,18.9809,469,59860,0.785968,0.75,2,130341,129872,469
6113021,8.91796,13.3962,465,59860,0.773194,0.73,2,130349,129884,465
6115941,11.3836,9.07924,469,59860,0.770639,0.73,2,130361,129892,469
6118861,8.67672,11.4158,465,59860,0.770128,0.73,2,130369,129904,465
6121781,6.53534,8.68317,463,59860,0.770026,0.73,2,130375,129912,463
6124701,6.10707,6.53663,463,59860,0.770005,0.73,2,130381,129918,463
6127621,6.02141,6.10733,463,59860,0.770001,0.73,2,130387,129924,463
6130541,14.0043,6.02147,473,59860,0.77,0.73,2,130403,129930,473
6133461,9.20086,14.0043,465,59860,0.77,0.73,2,130411,129946,465
6136381,135.44,9.20086,624,59860,0.754,0.75,2,130578,129954,624
6139301,100.688,134.64,550,59860,0.7508,0.75,2,130670,130120,550
6142221,34.5376,100.528,476,59860,0.75016,0.75,2,130688,130212,476
6145141,13.3075,34.5056,466,59860,0.750032,0.75,2,130696,130230,466
6148061,12.2615,13.3011,470,59860,0.750006,0.75,2,130708,130238,470
6150981,15.2523,12.2602,474,59860,0.750001,0.75,2,130724,130250,474
6153901,11.0505,15.252,468,59860,0.75,0.75,2,130734,130266,468
6156821,9.41009,11.0504,467,59860,0.734,0.75,1,130743,130276,467
6159741,9.88202,8.61008,469,59860,0.7308,0.77,1,130753,130284,469
6162661,14.7764,9.72202,475,59860,0.73016,0.77,1,130769,130294,475
6165581,18.9553,14.7444,479,59860,0.714032,0.77,1,130789,130310,479
6168501,12.5911,18.9489,470,59860,0.726806,0.79,1,130800,130330,470
6171421,8.91821,12.5898,467,59860,0.697361,0.77,1,130808,130341,467
6174341,11.3836,8.91796,471,59860,0.691472,0.77,1,130820,130349,471
6177261,8.67673,11.3836,467,59860,0.690294,0.77,1,130828,130361,467
6180181,6.53535,8.67672,465,59860,0.690059,0.77,1,130834,130369,465
6183101,6.10707,6.53534,465,59860,0.690012,0.77,1,130840,130375,465
6186021,6.02141,6.10707,465,59860,0.690002,0.77,1,130846,130381,465
6188941,14.0043,6.02141,475,59860,0.69,0.77,1,130862,130387,475
6191861,9.20086,14.0043,467,59860,0.69,0.77,1,130870,130403,467
6194781,134.64,9.20086,625,59860,0.738,0.75,1,131036,130411,625
6197701,100.528,135.44,550,59860,0.7476,0.75,1,131128,130578,550
6200621,34.5056,100.688,476,59860,0.74952,0.75,1,131146,130670,476
6203541,13.3011,34.5376,466,59860,0.749904,0.75,1,131154,130688,466
6206461,12.2602,13.3075,470,59860,0.749981,0.75,1,131166,130696,470
6209381,15.252,12.2615,474,59860,0.749996,0.75,1,131182,130708,474
6212301,11.0504,15.2523,468,59860,0.749999,0.75,1,131192,130724,468
6215221,8.61008,11.0505,466,59860,0.75,0.73,1,131200,130734,466
6218141,9.72202,9.41009,467,59860,0.766,0.73,2,131210,130743,467
6221061,14.7444,9.88202,473,59860,0.7692,0.73,2,131226,130753,473
6223981,18.1489,14.7764,476,59860,0.77784,0.71,2,131245,130769,476
6226901,11.6298,18.9553,466,59860,0.771568,0.73,2,131255,130789,466
6229821,8.72596,12.5911,463,59860,0.770314,0.69,2,131263,130800,463
6232741,11.3452,8.91821,467,59860,0.770063,0.69,2,131275,130808,467
6235661,8.66904,11.3836,463,59860,0.770013,0.69,2,131283,130820,463
6238581,6.53381,8.67673,461,59860,0.770003,0.69,2,131289,130828,461
6241501,6.10676,6.53535,461,59860,0.770001,0.69,2,131295,130834,461
6244421,6.02135,6.10707,461,59860,0.77,0.69,2,131301,130840,461
6247341,14.0043,6.02141,471,59860,0.77,0.69,2,131317,130846,471
6250261,9.20085,14.0043,463,59860,0.77,0.69,2,131325,130862,463
6253181,137.04,9.20086,624,59860,0.77,0.75,2,131494,130870,624
6256101,101.008,134.64,550,59860,0.77,0.75,2,131586,131036,550
6259021,34.6016,100.528,476,59860,0.77,0.75,2,131604,131128,476
6261941,13.3203,34.5056,466,59860,0.77,0.75,2,131612,131146,466
6264861,12.2641,13.3011,470,59860,0.77,0.75,2,131624,131154,470
6267781,15.2528,12.2602,474,59860,0.77,0.75,2,131640,131166,474
6270701,11.0506,15.252,468,59860,0.77,0.75,2,131650,131182,468
6273621,9.41011,11.0504,467,59860,0.754,0.75,2,131659,131192,467
6276541,9.88202,8.61008,469,59860,0.7508,0.77,2,131669,131200,469
6279461,14.7764,9.72202,475,59860,0.73416,0.77,1,131685,131210,475
6282381,18.1553,14.7444,478,59860,0.714832,0.78,1,131704,131226,478
6285301,11.6311,18.1489,469,59860,0.710966,0.77,1,131714,131245,469
6288221,8.72621,11.6298,467,59860,0.710193,0.77,1,131722,131255,467
6291141,11.3452,8.72596,471,59860,0.710039,0.77,1,131734,131263,471
6294061,8.66905,11.3452,467,59860,0.710008,0.77,1,131742,131275,467
6296981,6.53381,8.66904,465,59860,0.710002,0.77,1,131748,131283,465
6299901,6.10676,6.53381,465,59860,0.71,0.77,1,131754,131289,465
6302821,6.02135,6.10676,465,59860,0.71,0.77,1,131760,131295,465
6305741,14.0043,6.02135,475,59860,0.71,0.77,1,131776,131301,475
6308661,9.20085,14.0043,467,59860,0.71,0.77,1,131784,131317,467
6311581,137.04,9.20085,628,59860,0.758,0.77,2,131953,131325,628
6314501,101.008,137.04,551,59860,0.7676,0.77,2,132045,131494,551
6317421,34.6016,101.008,477,59860,0.76952,0.77,2,132063,131586,477
6320341,13.3203,34.6016,467,59860,0.769904,0.77,2,132071,131604,467
6323261,12.2641,13.3203,471,59860,0.769981,0.77,2,132083,131612,471
6326181,15.2528,12.2641,475,59860,0.769996,0.77,2,132099,131624,475
6329101,11.0506,15.2528,469,59860,0.769999,0.77,2,132109,131640,469
6332021,8.61011,11.0506,467,59860,0.77,0.75,2,132117,131650,467
6334941,9.72202,9.41011,468,59860,0.786,0.75,2,132127,131659,468
6337861,13.9444,9.88202,473,59860,0.7732,0.73,2,132142,131669,473
6340781,17.1889,14.7764,475,59860,0.77064,0.71,2,132160,131685,475
6343701,11.4378,18.1553,466,59860,0.770128,0.71,2,132170,131704,466
6346621,8.68756,11.6311,464,59860,0.770026,0.71,2,132178,131714,464
6349541,11.3375,8.72621,468,59860,0.770005,0.71,2,132190,131722,468
6352461,8.6675,11.3452,464,59860,0.770001,0.71,2,132198,131734,464
6355381,6.5335,8.66905,462,59860,0.77,0.71,2,132204,131742,462
6358301,6.1067,6.53381,462,59860,0.77,0.71,2,132210,131748,462
6361221,6.02134,6.10676,462,59860,0.77,0.71,2,132216,131754,462
6364141,14.0043,6.02135,472,59860,0.77,0.71,2,132232,131760,472
6367061,9.20085,14.0043,464,59860,0.77,0.71,2,132240,131776,464
6369981,139.44,9.20085,628,59860,0.77,0.77,2,132412,131784,628
6372901,101.488,137.04,551,59860,0.77,0.77,2,132504,131953,551
6375821,34.6976,101.008,477,59860,0.77,0.77,2,132522,132045,477
6378741,13.3395,34.6016,467,59860,0.77,0.77,2,132530,132063,467
6381661,12.2679,13.3203,471,59860,0.77,0.77,2,132542,132071,471
6384581,15.2536,12.2641,475,59860,0.77,0.77,2,132558,132083,475
6387501,11.0507,15.2528,469,59860,0.77,0.77,2,132568,132099,469
6390421,9.41014,11.0506,468,59860,0.754,0.77,2,132577,132109,468
6393341,9.88203,8.61011,470,59860,0.7508,0.79,2,132587,132117,470
6396261,13.1764,9.72202,474,59860,0.73416,0.77,1,132601,132127,474
6399181,17.0353,13.9444,477,59860,0.730832,0.77,1,132619,132142,477
6402101,11.4071,17.1889,469,59860,0.730166,0.77,1,132629,132160,469
6405021,8.68141,11.4378,467,59860,0.730033,0.77,1,132637,132170,467
6407941,11.3363,8.68756,471,59860,0.730007,0.77,1,132649,132178,471
6410861,8.66726,11.3375,467,59860,0.730001,0.77,1,132657,132190,467
6413781,6.53345,8.6675,465,59860,0.73,0.77,1,132663,132198,465
6416701,6.10669,6.5335,465,59860,0.73,0.77,1,132669,132204,465
6419621,6.02134,6.1067,465,59860,0.73,0.77,1,132675,132210,465
6422541,14.0043,6.02134,475,59860,0.73,0.77,1,132691,132216,475
6425461,9.20085,14.0043,467,59860,0.73,0.77,1,132699,132232,467
6428381,139.44,9.20085,631,59860,0.762,0.77,2,132871,132240,631
6431301,101.488,139.44,551,59860,0.7684,0.77,2,132963,132412,551
6434221,34.6976,101.488,477,59860,0.76968,0.77,2,132981,132504,477
6437141,13.3395,34.6976,467,59860,0.769936,0.77,2,132989,132522,467
6440061,12.2679,13.3395,471,59860,0.769987,0.77,2,133001,132530,471
6442981,15.2536,12.2679,475,59860,0.769997,0.77,2,133017,132542,475
6445901,11.0507,15.2536,469,59860,0.77,0.77,2,133027,132558,469
6448821,8.61014,11.0507,467,59860,0.77,0.75,2,133035,132568,467
6451741,8.92203,9.41014,467,59860,0.77,0.75,2,133044,132577,467
6454661,12.9844,9.88203,471,59860,0.786,0.73,2,133058,132587,471
6457581,16.9969,13.1764,475,59860,0.7892,0.73,2,133076,132601,475
6460501,11.3994,17.0353,467,59860,0.80584,0.73,2,133086,132619,467
6463421,8.67988,11.4071,465,59860,0.809168,0.73,2,133094,132629,465
6466341,11.336,8.68141,469,59860,0.809834,0.73,2,133106,132637,469
6469261,8.6672,11.3363,465,59860,0.809967,0.73,2,133114,132649,465
6472181,6.53344,8.66726,463,59860,0.809993,0.73,2,133120,132657,463
6475101,6.10669,6.53345,463,59860,0.809999,0.73,2,133126,132663,463
6478021,6.02134,6.10669,463,59860,0.81,0.73,2,133132,132669,463
6480941,14.0043,6.02134,473,59860,0.81,0.73,2,133148,132675,473
6483861,9.20085,14.0043,465,59860,0.81,0.73,2,133156,132691,465
6486781,141.04,9.20085,631,59860,0.778,0.77,2,133330,132699,631
6489701,101.808,139.44,551,59860,0.7716,0.77,2,133422,132871,551
6492621,34.7616,101.488,477,59860,0.77032,0.77,2,133440,132963,477
6495541,13.3523,34.6976,467,59860,0.770064,0.77,2,133448,132981,467
6498461,12.2705,13.3395,471,59860,0.770013,0.77,2,133460,132989,471
6501381,15.2541,12.2679,475,59860,0.770003,0.77,2,133476,133001,475
6504301,11.0508,15.2536,469,59860,0.770001,0.77,2,133486,133017,469
6507221,9.41016,11.0507,468,59860,0.754,0.77,2,133495,133027,468
6510141,9.08203,8.61014,469,59860,0.7348,0.77,1,133504,133035,469
6513061,13.0164,8.92203,474,59860,0.74696,0.79,1,133518,133044,474
6515981,17.8033,12.9844,479,59860,0.733392,0.79,1,133537,133058,479
6518901,11.5607,16.9969,471,59860,0.778678,0.81,2,133547,133076,471
6521821,8.71213,11.3994,469,59860,0.787736,0.81,2,133555,133086,469
6524741,11.3424,8.67988,473,59860,0.789547,0.81,2,133567,133094,473
6527661,8.66849,11.336,469,59860,0.789909,0.81,2,133575,133106,469
6530581,6.5337,8.6672,467,59860,0.789982,0.81,2,133581,133114,467
6533501,6.10674,6.53344,467,59860,0.789996,0.81,2,133587,133120,467
6536421,6.02135,6.10669,467,59860,0.789999,0.81,2,133593,133126,467
6539341,14.0043,6.02134,477,59860,0.79,0.81,2,133609,133132,477
6542261,9.20085,14.0043,469,59860,0.79,0.81,2,133617,133148,469
6545181,139.44,9.20085,633,59860,0.79,0.77,2,133789,133156,633
6548101,101.488,141.04,551,59860,0.79,0.77,2,133881,133330,551
6551021,34.6976,101.808,477,59860,0.79,0.77,2,133899,133422,477
6553941,13.3395,34.7616,467,59860,0.79,0.77,2,133907,133440,467
6556861,12.2679,13.3523,471,59860,0.79,0.77,2,133919,133448,471
6559781,15.2536,12.2705,475,59860,0.79,0.77,2,133935,133460,475
6562701,11.0507,15.2541,469,59860,0.79,0.77,2,133945,133476,469
6565621,8.61014,11.0508,467,59860,0.79,0.75,2,133953,133486,467
6568541,8.92203,9.41016,467,59860,0.79,0.73,2,133962,133495,467
6571461,12.9844,9.08203,472,59860,0.79,0.75,2,133976,133504,472
6574381,19.3969,13.0164,479,59860,0.79,0.73,2,133997,133518,479
6577301,11.8794,17.8033,470,59860,0.79,0.79,2,134007,133537,470
6580221,8.77588,11.5607,468,59860,0.79,0.79,2,134015,133547,468
6583141,11.3552,8.71213,472,59860,0.79,0.79,2,134027,133555,472
6586061,8.67104,11.3424,468,59860,0.79,0.79,2,134035,133567,468
6588981,6.53421,8.66849,466,59860,0.79,0.79,2,134041,133575,466
6591901,6.10684,6.5337,466,59860,0.79,0.79,2,134047,133581,466
6594821,6.02137,6.10674,466,59860,0.79,0.79,2,134053,133587,466
6597741,14.0043,6.02135,476,59860,0.79,0.79,2,134069,133593,476
6600661,9.20085,14.0043,468,59860,0.79,0.79,2,134077,133609,468
6603581,139.44,9.20085,632,59860,0.806,0.79,2,134249,133617,632
6606501,101.488,139.44,552,59860,0.8092,0.79,2,134341,133789,552
6609421,34.6976,101.488,478,59860,0.80984,0.79,2,134359,133881,478
6612341,13.3395,34.6976,468,59860,0.809968,0.79,2,134367,133899,468
6615261,12.2679,13.3395,472,59860,0.809994,0.79,2,134379,133907,472
6618181,15.2536,12.2679,476,59860,0.809999,0.79,2,134395,133919,476
6621101,11.0507,15.2536,470,59860,0.81,0.79,2,134405,133935,470
6624021,9.41014,11.0507,469,59860,0.794,0.79,2,134414,133945,469
6626941,8.28203,8.61014,469,59860,0.7908,0.79,2,134422,133953,469
6629861,12.8564,8.92203,474,59860,0.79016,0.79,2,134436,133962,474
6632781,19.3713,12.9844,481,59860,0.822032,0.79,2,134457,133976,481
6635701,11.8743,19.3969,470,59860,0.828406,0.79,2,134467,133997,470
6638621,8.77485,11.8794,468,59860,0.829681,0.79,2,134475,134007,468
6641541,11.355,8.77588,472,59860,0.829936,0.79,2,134487,134015,472
6644461,8.67099,11.3552,468,59860,0.829987,0.79,2,134495,134027,468
6647381,6.5342,8.67104,466,59860,0.829997,0.79,2,134501,134035,466
6650301,6.10684,6.53421,466,59860,0.829999,0.79,2,134507,134041,466
6653221,6.02137,6.10684,466,59860,0.83,0.79,2,134513,134047,466
6656141,14.0043,6.02137,476,59860,0.83,0.79,2,134529,134053,476
6659061,9.20085,14.0043,468,59860,0.83,0.79,2,134537,134069,468
6661981,140.24,9.20085,633,59860,0.814,0.81,2,134710,134077,633
6664901,101.648,139.44,553,59860,0.8108,0.81,2,134802,134249,553
6667821,34.7296,101.488,479,59860,0.81016,0.81,2,134820,134341,479
6670741,13.3459,34.6976,469,59860,0.810032,0.81,2,134828,134359,469
6673661,12.2692,13.3395,473,59860,0.810006,0.81,2,134840,134367,473
6676581,15.2538,12.2679,477,59860,0.810001,0.81,2,134856,134379,477
6679501,11.0508,15.2536,471,59860,0.81,0.81,2,134866,134395,471
6682421,8.61015,11.0507,469,59860,0.81,0.79,2,134874,134405,469
6685341,8.12203,9.41014,468,59860,0.826,0.79,2,134882,134414,468
6688261,12.8244,8.28203,474,59860,0.8292,0.79,2,134896,134422,474
6691181,20.9649,12.8564,483,59860,0.81384,0.83,2,134919,134436,483
6694101,12.193,19.3713,472,59860,0.810768,0.83,2,134929,134457,472
6697021,8.8386,11.8743,470,59860,0.810154,0.83,2,134937,134467,470
6699941,11.3677,8.77485,474,59860,0.810031,0.83,2,134949,134475,474
6702861,8.67354,11.355,470,59860,0.810006,0.83,2,134957,134487,470
6705781,6.53471,8.67099,468,59860,0.810001,0.83,2,134963,134495,468
6708701,6.10694,6.5342,468,59860,0.81,0.83,2,134969,134501,468
6711621,6.02139,6.10684,468,59860,0.81,0.83,2,134975,134507,468
6714541,14.0043,6.02137,478,59860,0.81,0.83,2,134991,134513,478
6717461,9.20086,14.0043,470,59860,0.81,0.83,2,134999,134529,470
6720381,139.44,9.20085,634,59860,0.826,0.81,2,135171,134537,634
6723301,101.488,140.24,553,59860,0.8292,0.81,2,135263,134710,553
6726221,34.6976,101.648,479,59860,0.82984,0.81,2,135281,134802,479
6729141,13.3395,34.7296,469,59860,0.829968,0.81,2,135289,134820,469
6732061,12.2679,13.3459,473,59860,0.829994,0.81,2,135301,134828,473
6734981,15.2536,12.2692,477,59860,0.829999,0.81,2,135317,134840,477
6737901,11.0507,15.2538,471,59860,0.814,0.81,2,135327,134856,471
6740821,9.41014,11.0508,470,59860,0.7948,0.81,2,135336,134866,470
6743741,8.28203,8.61015,470,59860,0.79096,0.83,2,135344,134874,470
6746661,12.8564,8.12203,476,59860,0.790192,0.83,2,135358,134882,476
6749581,20.1713,12.8244,484,59860,0.790038,0.81,2,135380,134896,484
6752501,12.0343,20.9649,471,59860,0.790008,0.81,2,135390,134919,471
6755421,8.80685,12.193,469,59860,0.790002,0.81,2,135398,134929,469
6758341,11.3614,8.8386,473,59860,0.79,0.81,2,135410,134937,473
6761261,8.67227,11.3677,469,59860,0.79,0.81,2,135418,134949,469
6764181,6.53445,8.67354,467,59860,0.79,0.81,2,135424,134957,467
6767101,6.10689,6.53471,467,59860,0.79,0.81,2,135430,134963,467
6770021,6.02138,6.10694,467,59860,0.79,0.81,2,135436,134969,467
6772941,14.0043,6.02139,477,59860,0.79,0.81,2,135452,134975,477
6775861,9.20086,14.0043,469,59860,0.79,0.81,2,135460,134991,469
6778781,140.24,9.20086,634,59860,0.774,0.83,2,135633,134999,634
6781701,101.648,139.44,554,59860,0.7708,0.83,2,135725,135171,554
6784621,34.7296,101.488,480,59860,0.77016,0.83,2,135743,135263,480
6787541,13.3459,34.6976,470,59860,0.770032,0.83,2,135751,135281,470
6790461,12.2692,13.3395,474,59860,0.770006,0.83,2,135763,135289,474
6793381,14.4538,12.2679,477,59860,0.754001,0.83,2,135778,135301,477
6796301,10.8908,15.2536,471,59860,0.7828,0.81,2,135788,135317,471
6799221,8.57815,11.0507,469,59860,0.78856,0.79,2,135796,135327,469
6802141,8.11563,9.41014,468,59860,0.805712,0.79,2,135804,135336,468
6805061,12.8231,8.28203,474,59860,0.809142,0.79,2,135818,135344,474
6807981,20.1646,12.8564,482,59860,0.809829,0.79,2,135840,135358,482
6810901,12.0329,20.1713,470,59860,0.809966,0.79,2,135850,135380,470
6813821,8.80658,12.0343,468,59860,0.809993,0.79,2,135858,135390,468
6816741,11.3613,8.80685,472,59860,0.809999,0.79,2,135870,135398,472
6819661,8.67226,11.3614,468,59860,0.81,0.79,2,135878,135410,468
6822581,6.53445,8.67227,466,59860,0.81,0.79,2,135884,135418,466
6825501,6.10689,6.53445,466,59860,0.81,0.79,2,135890,135424,466
6828421,6.02138,6.10689,466,59860,0.81,0.79,2,135896,135430,466
6831341,14.0043,6.02138,476,59860,0.81,0.79,2,135912,135436,476
6834261,9.20086,14.0043,468,59860,0.81,0.79,2,135920,135452,468
6837181,139.44,9.20086,632,59860,0.81,0.77,2,136092,135460,632
6840101,101.488,140.24,551,59860,0.81,0.77,2,136184,135633,551
6843021,34.6976,101.648,477,59860,0.81,0.77,2,136202,135725,477
6845941,13.3395,34.7296,467,59860,0.81,0.77,2,136210,135743,467
6848861,12.2679,13.3459,471,59860,0.81,0.77,2,136222,135751,471
6851781,15.2536,12.2692,475,59860,0.81,0.75,2,136238,135763,475
6854701,11.0507,14.4538,470,59860,0.81,0.79,2,136248,135778,470
6857621,9.41014,10.8908,469,59860,0.794,0.79,2,136257,135788,469
6860541,8.28203,8.57815,469,59860,0.7908,0.81,2,136265,135796,469
6863461,12.8564,8.11563,475,59860,0.79016,0.81,2,136279,135804,475
6866381,20.1713,12.8231,483,59860,0.790032,0.81,2,136301,135818,483
6869301,12.0343,20.1646,471,59860,0.790006,0.81,2,136311,135840,471
6872221,8.80685,12.0329,469,59860,0.790001,0.81,2,136319,135850,469
6875141,11.3614,8.80658,473,59860,0.79,0.81,2,136331,135858,473
6878061,8.67227,11.3613,469,59860,0.79,0.81,2,136339,135870,469
6880981,6.53445,8.67226,467,59860,0.79,0.81,2,136345,135878,467
6883901,6.10689,6.53445,467,59860,0.79,0.81,2,136351,135884,467
6886821,6.02138,6.10689,467,59860,0.79,0.81,2,136357,135890,467
6889741,14.0043,6.02138,477,59860,0.79,0.81,2,136373,135896,477
6892661,9.20086,14.0043,469,59860,0.79,0.81,2,136381,135912,469
6895581,139.44,9.20086,633,59860,0.79,0.81,2,136553,135920,633
6898501,101.488,139.44,553,59860,0.79,0.81,2,136645,136092,553
6901421,34.6976,101.488,479,59860,0.79,0.81,2,136663,136184,479
6904341,13.3395,34.6976,469,59860,0.79,0.81,2,136671,136202,469
6907261,12.2679,13.3395,473,59860,0.79,0.81,2,136683,136210,473
6910181,15.2536,12.2679,477,59860,0.79,0.81,2,136699,136222,477
6913101,11.0507,15.2536,471,59860,0.79,0.81,2,136709,136238,471
6916021,8.61014,11.0507,469,59860,0.79,0.79,2,136717,136248,469
6918941,8.12203,9.41014,468,59860,0.806,0.79,2,136725,136257,468
6921861,12.8244,8.28203,474,59860,0.8092,0.79,2,136739,136265,474
6924781,20.1649,12.8564,482,59860,0.80984,0.79,2,136761,136279,482
6927701,12.033,20.1713,470,59860,0.809968,0.79,2,136771,136301,470
6930621,8.8066,12.0343,468,59860,0.809994,0.79,2,136779,136311,468
6933541,11.3613,8.80685,472,59860,0.809999,0.79,2,136791,136319,472
6936461,8.67226,11.3614,468,59860,0.81,0.79,2,136799,136331,468
6939381,6.53445,8.67227,466,59860,0.81,0.79,2,136805,136339,466
6942301,6.10689,6.53445,466,59860,0.81,0.79,2,136811,136345,466
6945221,6.02138,6.10689,466,59860,0.81,0.79,2,136817,136351,466
6948141,14.0043,6.02138,476,59860,0.81,0.79,2,136833,136357,476
6951061,9.20086,14.0043,468,59860,0.81,0.79,2,136841,136373,468
6953981,139.44,9.20086,632,59860,0.81,0.79,2,137013,136381,632
6956901,101.488,139.44,552,59860,0.81,0.79,2,137105,136553,552
6959821,34.6976,101.488,478,59860,0.81,0.79,2,137123,136645,478
6962741,13.3395,34.6976,468,59860,0.81,0.79,2,137131,136663,468
6965661,12.2679,13.3395,472,59860,0.81,0.79,2,137143,136671,472
6968581,15.2536,12.2679,476,59860,0.81,0.79,2,137159,136683,476
6971501,11.0507,15.2536,470,59860,0.81,0.79,2,137169,136699,470
6974421,9.41014,11.0507,469,59860,0.794,0.79,2,137178,136709,469
6977341,8.28203,8.61014,469,59860,0.7908,0.81,2,137186,136717,469
6980261,12.8564,8.12203,475,59860,0.79016,0.81,2,137200,136725,475
6983181,20.1713,12.8244,483,59860,0.790032,0.81,2,137222,136739,483
6986101,12.0343,20.1649,471,59860,0.790006,0.81,2,137232,136761,471
6989021,8.80685,12.033,469,59860,0.790001,0.81,2,137240,136771,469
6991941,11.3614,8.8066,473,59860,0.79,0.81,2,137252,136779,473
6994861,8.67227,11.3613,469,59860,0.79,0.81,2,137260,136791,469
6997781,6.53445,8.67226,467,59860,0.79,0.81,2,137266,136799,467
7000701,6.10689,6.53445,467,59860,0.79,0.81,2,137272,136805,467
7003621,6.02138,6.10689,467,59860,0.79,0.81,2,137278,136811,467
7006541,14.0043,6.02138,477,59860,0.79,0.81,2,137294,136817,477
7009461,9.20086,14.0043,469,59860,0.79,0.81,2,137302,136833,469
7012381,139.44,9.20086,633,59860,0.79,0.81,2,137474,136841,633
7015301,101.488,139.44,553,59860,0.79,0.81,2,137566,137013,553
7018221,34.6976,101.488,479,59860,0.79,0.81,2,137584,137105,479
7021141,13.3395,34.6976,469,59860,0.79,0.81,2,137592,137123,469
7024061,12.2679,13.3395,473,59860,0.79,0.81,2,137604,137131,473
7026981,15.2536,12.2679,477,59860,0.79,0.81,2,137620,137143,477
7029901,11.0507,15.2536,471,59860,0.79,0.81,2,137630,137159,471
7032821,8.61014,11.0507,469,59860,0.79,0.79,2,137638,137169,469
7035741,8.12203,9.41014,468,59860,0.806,0.79,2,137646,137178,468
7038661,12.8244,8.28203,474,59860,0.8092,0.79,2,137660,137186,474
7041581,20.1649,12.8564,482,59860,0.80984,0.79,2,137682,137200,482
7044501,12.033,20.1713,470,59860,0.809968,0.79,2,137692,137222,470
7047421,8.8066,12.0343,468,59860,0.809994,0.79,2,137700,137232,468
7050341,11.3613,8.80685,472,59860,0.809999,0.79,2,137712,137240,472
7053261,8.67226,11.3614,468,59860,0.81,0.79,2,137720,137252,468
7056181,6.53445,8.67227,466,59860,0.81,0.79,2,137726,137260,466
7059101,6.10689,6.53445,466,59860,0.81,0.79,2,137732,137266,466
7062021,6.02138,6.10689,466,59860,0.81,0.79,2,137738,137272,466
7064941,14.0043,6.02138,476,59860,0.81,0.79,2,137754,137278,476
7067861,9.20086,14.0043,468,59860,0.81,0.79,2,137762,137294,468
7070781,139.44,9.20086,632,59860,0.81,0.79,2,137934,137302,632
7073701,101.488,139.44,552,59860,0.81,0.79,2,138026,137474,552
7076621,34.6976,101.488,478,59860,0.81,0.79,2,138044,137566,478
7079541,13.3395,34.6976,468,59860,0.81,0.79,2,138052,137584,468
7082461,12.2679,13.3395,472,59860,0.81,0.79,2,138064,137592,472
7085381,15.2536,12.2679,476,59860,0.81,0.79,2,138080,137604,476
7088301,11.0507,15.2536,470,59860,0.81,0.79,2,138090,137620,470
7091221,9.41014,11.0507,469,59860,0.794,0.79,2,138099,137630,469
7094141,8.28203,8.61014,469,59860,0.7908,0.81,2,138107,137638,469
7097061,12.8564,8.12203,475,59860,0.79016,0.81,2,138121,137646,475
7099981,20.1713,12.8244,483,59860,0.790032,0.81,2,138143,137660,483
7102901,12.0343,20.1649,471,59860,0.790006,0.81,2,138153,137682,471
7105821,8.80685,12.033,469,59860,0.790001,0.81,2,138161,137692,469
7108741,11.3614,8.8066,473,59860,0.79,0.81,2,138173,137700,473
7111661,8.67227,11.3613,469,59860,0.79,0.81,2,138181,137712,469
7114581,6.53445,8.67226,467,59860,0.79,0.81,2,138187,137720,467
7117501,6.10689,6.53445,467,59860,0.79,0.81,2,138193,137726,467
7120421,6.02138,6.10689,467,59860,0.79,0.81,2,138199,137732,467
7123341,14.0043,6.02138,477,59860,0.79,0.81,2,138215,137738,477
7126261,9.20086,14.0043,469,59860,0.79,0.81,2,138223,137754,469
7129181,139.44,9.20086,633,59860,0.79,0.81,2,138395,137762,633
7132101,101.488,139.44,553,59860,0.79,0.81,2,138487,137934,553
7135021,34.6976,101.488,479,59860,0.79,0.81,2,138505,138026,479
7137941,13.3395,34.6976,469,59860,0.79,0.81,2,138513,138044,469
7140861,12.2679,13.3395,473,59860,0.79,0.81,2,138525,138052,473
7143781,15.2536,12.2679,477,59860,0.79,0.81,2,138541,138064,477
7146701,11.0507,15.2536,471,59860,0.79,0.81,2,138551,138080,471
7149621,8.61014,11.0507,469,59860,0.79,0.79,2,138559,138090,469
7152541,8.12203,9.41014,468,59860,0.806,0.79,2,138567,138099,468
7155461,12.8244,8.28203,474,59860,0.8092,0.79,2,138581,138107,474
7158381,20.1649,12.8564,482,59860,0.80984,0.79,2,138603,138121,482
7161301,12.033,20.1713,470,59860,0.809968,0.79,2,138613,138143,470
7164221,8.8066,12.0343,468,59860,0.809994,0.79,2,138621,138153,468
7167141,11.3613,8.80685,472,59860,0.809999,0.79,2,138633,138161,472
7170061,8.67226,11.3614,468,59860,0.81,0.79,2,138641,138173,468
7172981,6.53445,8.67227,466,59860,0.81,0.79,2,138647,138181,466
7175901,6.10689,6.53445,466,59860,0.81,0.79,2,138653,138187,466
7178821,6.02138,6.10689,466,59860,0.81,0.79,2,138659,138193,466
7181741,14.0043,6.02138,476,59860,0.81,0.79,2,138675,138199,476
7184661,9.20086,14.0043,468,59860,0.81,0.79,2,138683,138215,468
7187581,139.44,9.20086,632,59860,0.81,0.79,2,138855,138223,632
7190501,101.488,139.44,552,59860,0.81,0.79,2,138947,138395,552
7193421,34.6976,101.488,478,59860,0.81,0.79,2,138965,138487,478
7196341,13.3395,34.6976,468,59860,0.81,0.79,2,138973,138505,468
7199261,12.2679,13.3395,472,59860,0.81,0.79,2,138985,138513,472
7202181,15.2536,12.2679,476,59860,0.81,0.79,2,139001,138525,476
7205101,11.0507,15.2536,470,59860,0.81,0.79,2,139011,138541,470
7208021,9.41014,11.0507,469,59860,0.794,0.79,2,139020,138551,469
7210941,8.28203,8.61014,469,59860,0.7908,0.81,2,139028,138559,469
7213861,12.8564,8.12203,475,59860,0.79016,0.81,2,139042,138567,475
7216781,20.1713,12.8244,483,59860,0.790032,0.81,2,139064,138581,483
7219701,12.0343,20.1649,471,59860,0.790006,0.81,2,139074,138603,471
7222621,8.80685,12.033,469,59860,0.790001,0.81,2,139082,138613,469
7225541,11.3614,8.8066,473,59860,0.79,0.81,2,139094,138621,473
7228461,8.67227,11.3613,469,59860,0.79,0.81,2,139102,138633,469
7231381,6.53445,8.67226,467,59860,0.79,0.81,2,139108,138641,467
7234301,6.10689,6.53445,467,59860,0.79,0.81,2,139114,138647,467
7237221,6.02138,6.10689,467,59860,0.79,0.81,2,139120,138653,467
7240141,14.0043,6.02138,477,59860,0.79,0.81,2,139136,138659,477
7243061,9.20086,14.0043,469,59860,0.79,0.81,2,139144,138675,469
7245981,139.44,9.20086,633,59860,0.79,0.81,2,139316,138683,633
7248901,101.488,139.44,553,59860,0.79,0.81,2,139408,138855,553
7251821,34.6976,101.488,479,59860,0.79,0.81,2,139426,138947,479
7254741,13.3395,34.6976,469,59860,0.79,0.81,2,139434,138965,469
7257661,12.2679,13.3395,473,59860,0.79,0.81,2,139446,138973,473
7260581,15.2536,12.2679,477,59860,0.79,0.81,2,139462,138985,477
7263501,11.0507,15.2536,471,59860,0.79,0.81,2,139472,139001,471
7266421,8.61014,11.0507,469,59860,0.79,0.79,2,139480,139011,469
7269341,8.12203,9.41014,468,59860,0.806,0.79,2,139488,139020,468
7272261,12.8244,8.28203,474,59860,0.8092,0.79,2,139502,139028,474
7275181,20.1649,12.8564,482,59860,0.80984,0.79,2,139524,139042,482
7278101,12.033,20.1713,470,59860,0.809968,0.79,2,139534,139064,470
7281021,8.8066,12.0343,468,59860,0.809994,0.79,2,139542,139074,468
7283941,11.3613,8.80685,472,59860,0.809999,0.79,2,139554,139082,472
7286861,8.67226,11.3614,468,59860,0.81,0.79,2,139562,139094,468
7289781,6.53445,8.67227,466,59860,0.81,0.79,2,139568,139102,466
7292701,6.10689,6.53445,466,59860,0.81,0.79,2,139574,139108,466
7295621,6.02138,6.10689,466,59860,0.81,0.79,2,139580,139114,466
7298541,14.0043,6.02138,476,59860,0.81,0.79,2,139596,139120,476
7301461,9.20086,14.0043,468,59860,0.81,0.79,2,139604,139136,468
7304381,139.44,9.20086,632,59860,0.81,0.79,2,139776,139144,632
7307301,101.488,139.44,552,59860,0.81,0.79,2,139868,139316,552
7310221,34.6976,101.488,478,59860,0.81,0.79,2,139886,139408,478
7313141,13.3395,34.6976,468,59860,0.81,0.79,2,139894,139426,468
7316061,12.2679,13.3395,472,59860,0.81,0.79,2,139906,139434,472
7318981,15.2536,12.2679,476,59860,0.81,0.79,2,139922,139446,476
7321901,11.0507,15.2536,470,59860,0.81,0.79,2,139932,139462,470
7324821,9.41014,11.0507,469,59860,0.794,0.79,2,139941,139472,469
7327741,8.28203,8.61014,469,59860,0.7908,0.81,2,139949,139480,469
7330661,12.8564,8.12203,475,59860,0.79016,0.81,2,139963,139488,475
7333581,20.1713,12.8244,483,59860,0.790032,0.81,2,139985,139502,483
7336501,12.0343,20.1649,471,59860,0.790006,0.81,2,139995,139524,471
7339421,8.80685,12.033,469,59860,0.790001,0.81,2,140003,139534,469
7342341,11.3614,8.8066,473,59860,0.79,0.81,2,140015,139542,473
7345261,8.67227,11.3613,469,59860,0.79,0.81,2,140023,139554,469
7348181,6.53445,8.67226,467,59860,0.79,0.81,2,140029,139562,467
7351101,6.10689,6.53445,467,59860,0.79,0.81,2,140035,139568,467
7354021,6.02138,6.10689,467,59860,0.79,0.81,2,140041,139574,467
7356941,14.0043,6.02138,477,59860,0.79,0.81,2,140057,139580,477
7359861,9.20086,14.0043,469,59860,0.79,0.81,2,140065,139596,469
7362781,139.44,9.20086,633,59860,0.79,0.81,2,140237,139604,633
7365701,101.488,139.44,553,59860,0.79,0.81,2,140329,139776,553
7368621,34.6976,101.488,479,59860,0.79,0.81,2,140347,139868,479
7371541,13.3395,34.6976,469,59860,0.79,0.81,2,140355,139886,469
7374461,12.2679,13.3395,473,59860,0.79,0.81,2,140367,139894,473
7377381,15.2536,12.2679,477,59860,0.79,0.81,2,140383,139906,477
7380301,11.0507,15.2536,471,59860,0.79,0.81,2,140393,139922,471
7383221,8.61014,11.0507,469,59860,0.79,0.79,2,140401,139932,469
7386141,8.12203,9.41014,468,59860,0.806,0.79,2,140409,139941,468
7389061,12.8244,8.28203,474,59860,0.8092,0.79,2,140423,139949,474
7391981,20.1649,12.8564,482,59860,0.80984,0.79,2,140445,139963,482
7394901,12.033,20.1713,470,59860,0.809968,0.79,2,140455,139985,470
7397821,8.8066,12.0343,468,59860,0.809994,0.79,2,140463,139995,468
7400741,11.3613,8.80685,472,59860,0.809999,0.79,2,140475,140003,472
7403661,8.67226,11.3614,468,59860,0.81,0.79,2,140483,140015,468
7406581,6.53445,8.67227,466,59860,0.81,0.79,2,140489,140023,466
7409501,6.10689,6.53445,466,59860,0.81,0.79,2,140495,140029,466
7412421,6.02138,6.10689,466,59860,0.81,0.79,2,140501,140035,466
7415341,14.0043,6.02138,476,59860,0.81,0.79,2,140517,140041,476
7418261,9.20086,14.0043,468,59860,0.81,0.79,2,140525,140057,468
7421181,139.44,9.20086,632,59860,0.81,0.79,2,140697,140065,632
7424101,101.488,139.44,552,59860,0.81,0.79,2,140789,140237,552
7427021,34.6976,101.488,478,59860,0.81,0.79,2,140807,140329,478
7429941,13.3395,34.6976,468,59860,0.81,0.79,2,140815,140347,468
7432861,12.2679,13.3395,472,59860,0.81,0.79,2,140827,140355,472
7435781,15.2536,12.2679,476,59860,0.81,0.79,2,140843,140367,476
7438701,11.0507,15.2536,470,59860,0.81,0.79,2,140853,140383,470
7441621,9.41014,11.0507,469,59860,0.794,0.79,2,140862,140393,469
7444541,8.28203,8.61014,469,59860,0.7908,0.81,2,140870,140401,469
7447461,12.8564,8.12203,475,59860,0.79016,0.81,2,140884,140409,475
7450381,20.1713,12.8244,483,59860,0.790032,0.81,2,140906,140423,483
7453301,12.0343,20.1649,471,59860,0.790006,0.81,2,140916,140445,471
7456221,8.80685,12.033,469,59860,0.790001,0.81,2,140924,140455,469
7459141,11.3614,8.8066,473,59860,0.79,0.81,2,140936,140463,473
7462061,8.67227,11.3613,469,59860,0.79,0.81,2,140944,140475,469
7464981,6.53445,8.67226,467,59860,0.79,0.81,2,140950,140483,467
7467901,6.10689,6.53445,467,59860,0.79,0.81,2,140956,140489,467
7470821,6.02138,6.10689,467,59860,0.79,0.81,2,140962,140495,467
7473741,14.0043,6.02138,477,59860,0.79,0.81,2,140978,140501,477
7476661,9.20086,14.0043,469,59860,0.79,0.81,2,140986,140517,469
7479581,139.44,9.20086,633,59860,0.79,0.81,2,141158,140525,633
7482501,101.488,139.44,553,59860,0.79,0.81,2,141250,140697,553
7485421,34.6976,101.488,479,59860,0.79,0.81,2,141268,140789,479
7488341,13.3395,34.6976,469,59860,0.79,0.81,2,141276,140807,469
7491261,12.2679,13.3395,473,59860,0.79,0.81,2,141288,140815,473
7494181,15.2536,12.2679,477,59860,0.79,0.81,2,141304,140827,477
7497101,11.0507,15.2536,471,59860,0.79,0.81,2,141314,140843,471
7500021,8.61014,11.0507,469,59860,0.79,0.79,2,141322,140853,469
7502941,8.12203,9.41014,468,59860,0.806,0.79,2,141330,140862,468
7505861,12.8244,8.28203,474,59860,0.8092,0.79,2,141344,140870,474
7508781,20.1649,12.8564,482,59860,0.80984,0.79,2,141366,140884,482
7511701,12.033,20.1713,470,59860,0.809968,0.79,2,141376,140906,470
7514621,8.8066,12.0343,468,59860,0.809994,0.79,2,141384,140916,468
7517541,11.3613,8.80685,472,59860,0.809999,0.79,2,141396,140924,472
7520461,8.67226,11.3614,468,59860,0.81,0.79,2,141404,140936,468
7523381,6.53445,8.67227,466,59860,0.81,0.79,2,141410,140944,466
7526301,6.10689,6.53445,466,59860,0.81,0.79,2,141416,140950,466
7529221,6.02138,6.10689,466,59860,0.81,0.79,2,141422,140956,466
7532141,14.0043,6.02138,476,59860,0.81,0.79,2,141438,140962,476
7535061,9.20086,14.0043,468,59860,0.81,0.79,2,141446,140978,468
7537981,139.44,9.20086,632,59860,0.81,0.79,2,141618,140986,632
7540901,101.488,139.44,552,59860,0.81,0.79,2,141710,141158,552
7543821,34.6976,101.488,478,59860,0.81,0.79,2,141728,141250,478
7546741,13.3395,34.6976,468,59860,0.81,0.79,2,141736,141268,468
7549661,12.2679,13.3395,472,59860,0.81,0.79,2,141748,141276,472
7552581,15.2536,12.2679,476,59860,0.81,0.79,2,141764,141288,476
7555501,11.0507,15.2536,470,59860,0.81,0.79,2,141774,141304,470
7558421,9.41014,11.0507,469,59860,0.794,0.79,2,141783,141314,469
7561341,8.28203,8.61014,469,59860,0.7908,0.81,2,141791,141322,469
7564261,12.8564,8.12203,475,59860,0.79016,0.81,2,141805,141330,475
7567181,20.1713,12.8244,483,59860,0.790032,0.81,2,141827,141344,483
7570101,12.0343,20.1649,471,59860,0.790006,0.81,2,141837,141366,471
7573021,8.80685,12.033,469,59860,0.790001,0.81,2,141845,141376,469
7575941,11.3614,8.8066,473,59860,0.79,0.81,2,141857,141384,473
7578861,8.67227,11.3613,469,59860,0.79,0.81,2,141865,141396,469
7581781,6.53445,8.67226,467,59860,0.79,0.81,2,141871,141404,467
7584701,6.10689,6.53445,467,59860,0.79,0.81,2,141877,141410,467
7587621,6.02138,6.10689,467,59860,0.79,0.81,2,141883,141416,467
7590541,14.0043,6.02138,477,59860,0.79,0.81,2,141899,141422,477
7593461,9.20086,14.0043,469,59860,0.79,0.81,2,141907,141438,469
7596381,139.44,9.20086,633,59860,0.79,0.81,2,142079,141446,633
7599301,101.488,139.44,553,59860,0.79,0.81,2,142171,141618,553
7602221,34.6976,101.488,479,59860,0.79,0.81,2,142189,141710,479
7605141,13.3395,34.6976,469,59860,0.79,0.81,2,142197,141728,469
7608061,12.2679,13.3395,473,59860,0.79,0.81,2,142209,141736,473
7610981,15.2536,12.2679,477,59860,0.79,0.81,2,142225,141748,477
7613901,11.0507,15.2536,471,59860,0.79,0.81,2,142235,141764,471
7616821,8.61014,11.0507,469,59860,0.79,0.79,2,142243,141774,469
7619741,8.12203,9.41014,468,59860,0.806,0.79,2,142251,141783,468
7622661,12.8244,8.28203,474,59860,0.8092,0.79,2,142265,141791,474
7625581,20.1649,12.8564,482,59860,0.80984,0.79,2,142287,141805,482
7628501,12.033,20.1713,470,59860,0.809968,0.79,2,142297,141827,470
7631421,8.8066,12.0343,468,59860,0.809994,0.79,2,142305,141837,468
7634341,11.3613,8.80685,472,59860,0.809999,0.79,2,142317,141845,472
7637261,8.67226,11.3614,468,59860,0.81,0.79,2,142325,141857,468
7640181,6.53445,8.67227,466,59860,0.81,0.79,2,142331,141865,466
7643101,6.10689,6.53445,466,59860,0.81,0.79,2,142337,141871,466
7646021,6.02138,6.10689,466,59860,0.81,0.79,2,142343,141877,466
7648941,14.0043,6.02138,476,59860,0.81,0.79,2,142359,141883,476
7651861,9.20086,14.0043,468,59860,0.81,0.79,2,142367,141899,468
7654781,139.44,9.20086,632,59860,0.81,0.79,2,142539,141907,632
7657701,101.488,139.44,552,59860,0.81,0.79,2,142631,142079,552
7660621,34.6976,101.488,478,59860,0.81,0.79,2,142649,142171,478
7663541,13.3395,34.6976,468,59860,0.81,0.79,2,142657,142189,468
7666461,12.2679,13.3395,472,59860,0.81,0.79,2,142669,142197,472
7669381,15.2536,12.2679,476,59860,0.81,0.79,2,142685,142209,476
7672301,11.0507,15.2536,470,59860,0.81,0.79,2,142695,142225,470
7675221,9.41014,11.0507,469,59860,0.794,0.79,2,142704,142235,469
7678141,8.28203,8.61014,469,59860,0.7908,0.81,2,142712,142243,469
7681061,12.8564,8.12203,475,59860,0.79016,0.81,2,142726,142251,475
7683981,20.1713,12.8244,483,59860,0.790032,0.81,2,142748,142265,483
7686901,12.0343,20.1649,471,59860,0.790006,0.81,2,142758,142287,471
7689821,8.80685,12.033,469,59860,0.790001,0.81,2,142766,142297,469
7692741,11.3614,8.8066,473,59860,0.79,0.81,2,142778,142305,473
7695661,8.67227,11.3613,469,59860,0.79,0.81,2,142786,142317,469
7698581,6.53445,8.67226,467,59860,0.79,0.81,2,142792,142325,467
7701501,6.10689,6.53445,467,59860,0.79,0.81,2,142798,142331,467
7704421,6.02138,6.10689,467,59860,0.79,0.81,2,142804,142337,467
7707341,14.0043,6.02138,477,59860,0.79,0.81,2,142820,142343,477
7710261,9.20086,14.0043,469,59860,0.79,0.81,2,142828,142359,469
7713181,139.44,9.20086,633,59860,0.79,0.81,2,143000,142367,633
7716101,101.488,139.44,553,59860,0.79,0.81,2,143092,142539,553
7719021,34.6976,101.488,479,59860,0.79,0.81,2,143110,142631,479
7721941,13.3395,34.6976,469,59860,0.79,0.81,2,143118,142649,469
7724861,12.2679,13.3395,473,59860,0.79,0.81,2,143130,142657,473
7727781,15.2536,12.2679,477,59860,0.79,0.81,2,143146,142669,477
7730701,11.0507,15.2536,471,59860,0.79,0.81,2,143156,142685,471
7733621,8.61014,11.0507,469,59860,0.79,0.79,2,143164,142695,469
7736541,8.12203,9.41014,468,59860,0.806,0.79,2,143172,142704,468
7739461,12.8244,8.28203,474,59860,0.8092,0.79,2,143186,142712,474
7742381,20.1649,12.8564,482,59860,0.80984,0.79,2,143208,142726,482
7745301,12.033,20.1713,470,59860,0.809968,0.79,2,143218,142748,470
7748221,8.8066,12.0343,468,59860,0.809994,0.79,2,143226,142758,468
7751141,11.3613,8.80685,472,59860,0.809999,0.79,2,143238,142766,472
7754061,8.67226,11.3614,468,59860,0.81,0.79,2,143246,142778,468
7756981,6.53445,8.67227,466,59860,0.81,0.79,2,143252,142786,466
7759901,6.10689,6.53445,466,59860,0.81,0.79,2,143258,142792,466
7762821,6.02138,6.10689,466,59860,0.81,0.79,2,143264,142798,466
7765741,14.0043,6.02138,476,59860,0.81,0.79,2,143280,142804,476
7768661,9.20086,14.0043,468,59860,0.81,0.79,2,143288,142820,468
7771581,139.44,9.20086,632,59860,0.81,0.79,2,143460,142828,632
7774501,101.488,139.44,552,59860,0.81,0.79,2,143552,143000,552
7777421,34.6976,101.488,478,59860,0.81,0.79,2,143570,143092,478
7780341,13.3395,34.6976,468,59860,0.81,0.79,2,143578,143110,468
7783261,12.2679,13.3395,472,59860,0.81,0.79,2,143590,143118,472
7786181,15.2536,12.2679,476,59860,0.81,0.79,2,143606,143130,476
7789101,11.0507,15.2536,470,59860,0.81,0.79,2,143616,143146,470
7792021,9.41014,11.0507,469,59860,0.794,0.79,2,143625,143156,469
7794941,8.28203,8.61014,469,59860,0.7908,0.81,2,143633,143164,469
7797861,12.8564,8.12203,475,59860,0.79016,0.81,2,143647,143172,475
7800781,20.1713,12.8244,483,59860,0.790032,0.81,2,143669,143186,483
7803701,12.0343,20.1649,471,59860,0.790006,0.81,2,143679,143208,471
7806621,8.80685,12.033,469,59860,0.790001,0.81,2,143687,143218,469
7809541,11.3614,8.8066,473,59860,0.79,0.81,2,143699,143226,473
7812461,8.67227,11.3613,469,59860,0.79,0.81,2,143707,143238,469
7815381,6.53445,8.67226,467,59860,0.79,0.81,2,143713,143246,467
7818301,6.10689,6.53445,467,59860,0.79,0.81,2,143719,143252,467
7821221,6.02138,6.10689,467,59860,0.79,0.81,2,143725,143258,467
7824141,14.0043,6.02138,477,59860,0.79,0.81,2,143741,143264,477
7827061,9.20086,14.0043,469,59860,0.79,0.81,2,143749,143280,469
7829981,139.44,9.20086,633,59860,0.79,0.81,2,143921,143288,633
7832901,101.488,139.44,553,59860,0.79,0.81,2,144013,143460,553
7835821,34.6976,101.488,479,59860,0.79,0.81,2,144031,143552,479
7838741,13.3395,34.6976,469,59860,0.79,0.81,2,144039,143570,469
7841661,12.2679,13.3395,473,59860,0.79,0.81,2,144051,143578,473
7844581,15.2536,12.2679,477,59860,0.79,0.81,2,144067,143590,477
7847501,11.0507,15.2536,471,59860,0.79,0.81,2,144077,143606,471
7850421,8.61014,11.0507,469,59860,0.79,0.79,2,144085,143616,469
7853341,8.12203,9.41014,468,59860,0.806,0.79,2,144093,143625,468
7856261,12.8244,8.28203,474,59860,0.8092,0.79,2,144107,143633,474
7859181,20.1649,12.8564,482,59860,0.80984,0.79,2,144129,143647,482
7862101,12.033,20.1713,470,59860,0.809968,0.79,2,144139,143669,470
7865021,8.8066,12.0343,468,59860,0.809994,0.79,2,144147,143679,468
7867941,11.3613,8.80685,472,59860,0.809999,0.79,2,144159,143687,472
7870861,8.67226,11.3614,468,59860,0.81,0.79,2,144167,143699,468
7873781,6.53445,8.67227,466,59860,0.81,0.79,2,144173,143707,466
7876701,6.10689,6.53445,466,59860,0.81,0.79,2,144179,143713,466
7879621,6.02138,6.10689,466,59860,0.81,0.79,2,144185,143719,466
7882541,14.0043,6.02138,476,59860,0.81,0.79,2,144201,143725,476
7885461,9.20086,14.0043,468,59860,0.81,0.79,2,144209,143741,468
7888381,139.44,9.20086,632,59860,0.81,0.79,2,144381,143749,632
7891301,101.488,139.44,552,59860,0.81,0.79,2,144473,143921,552
7894221,34.6976,101.488,478,59860,0.81,0.79,2,144491,144013,478
7897141,13.3395,34.6976,468,59860,0.81,0.79,2,144499,144031,468
7900061,12.2679,13.3395,472,59860,0.81,0.79,2,144511,144039,472
7902981,15.2536,12.2679,476,59860,0.81,0.79,2,144527,144051,476
7905901,11.0507,15.2536,470,59860,0.81,0.79,2,144537,144067,470
7908821,9.41014,11.0507,469,59860,0.794,0.79,2,144546,144077,469
7911741,8.28203,8.61014,469,59860,0.7908,0.81,2,144554,144085,469
7914661,12.8564,8.12203,475,59860,0.79016,0.81,2,144568,144093,475
7917581,20.1713,12.8244,483,59860,0.790032,0.81,2,144590,144107,483
7920501,12.0343,20.1649,471,59860,0.790006,0.81,2,144600,144129,471
7923421,8.80685,12.033,469,59860,0.790001,0.81,2,144608,144139,469
7926341,11.3614,8.8066,473,59860,0.79,0.81,2,144620,144147,473
7929261,8.67227,11.3613,469,59860,0.79,0.81,2,144628,144159,469
7932181,6.53445,8.67226,467,59860,0.79,0.81,2,144634,144167,467
7935101,6.10689,6.53445,467,59860,0.79,0.81,2,144640,144173,467
7938021,6.02138,6.10689,467,59860,0.79,0.81,2,144646,144179,467
7940941,14.0043,6.02138,477,59860,0.79,0.81,2,144662,144185,477
7943861,9.20086,14.0043,469,59860,0.79,0.81,2,144670,144201,469
7946781,139.44,9.20086,633,59860,0.79,0.81,2,144842,144209,633
7949701,101.488,139.44,553,59860,0.79,0.81,2,144934,144381,553
7952621,34.6976,101.488,479,59860,0.79,0.81,2,144952,144473,479
7955541,13.3395,34.6976,469,59860,0.79,0.81,2,144960,144491,469
7958461,12.2679,13.3395,473,59860,0.79,0.81,2,144972,144499,473
7961381,15.2536,12.2679,477,59860,0.79,0.81,2,144988,144511,477
7964301,11.0507,15.2536,471,59860,0.79,0.81,2,144998,144527,471
7967221,8.61014,11.0507,469,59860,0.79,0.79,2,145006,144537,469
7970141,8.12203,9.41014,468,59860,0.806,0.79,2,145014,144546,468
7973061,12.8244,8.28203,474,59860,0.8092,0.79,2,145028,144554,474
7975981,20.1649,12.8564,482,59860,0.80984,0.79,2,145050,144568,482
7978901,12.033,20.1713,470,59860,0.809968,0.79,2,145060,144590,470
7981821,8.8066,12.0343,468,59860,0.809994,0.79,2,145068,144600,468
7984741,11.3613,8.80685,472,59860,0.809999,0.79,2,145080,144608,472
7987661,8.67226,11.3614,468,59860,0.81,0.79,2,145088,144620,468
7990581,6.53445,8.67227,466,59860,0.81,0.79,2,145094,144628,466
7993501,6.10689,6.53445,466,59860,0.81,0.79,2,145100,144634,466
7996421,6.02138,6.10689,466,59860,0.81,0.79,2,145106,144640,466
7999341,14.0043,6.02138,476,59860,0.81,0.79,2,145122,144646,476
8002261,9.20086,14.0043,468,59860,0.81,0.79,2,145130,144662,468
8005181,139.44,9.20086,632,59860,0.81,0.79,2,145302,144670,632
8008101,101.488,139.44,552,59860,0.81,0.79,2,145394,144842,552
8011021,34.6976,101.488,478,59860,0.81,0.79,2,145412,144934,478
8013941,13.3395,34.6976,468,59860,0.81,0.79,2,145420,144952,468
8016861,12.2679,13.3395,472,59860,0.81,0.79,2,145432,144960,472
8019781,15.2536,12.2679,476,59860,0.81,0.79,2,145448,144972,476
8022701,11.0507,15.2536,470,59860,0.81,0.79,2,145458,144988,470
8025621,9.41014,11.0507,469,59860,0.794,0.79,2,145467,144998,469
8028541,8.28203,8.61014,469,59860,0.7908,0.81,2,145475,145006,469
8031461,12.8564,8.12203,475,59860,0.79016,0.81,2,145489,145014,475
8034381,20.1713,12.8244,483,59860,0.790032,0.81,2,145511,145028,483
8037301,12.0343,20.1649,471,59860,0.790006,0.81,2,145521,145050,471
8040221,8.80685,12.033,469,59860,0.790001,0.81,2,145529,145060,469
8043141,11.3614,8.8066,473,59860,0.79,0.81,2,145541,145068,473
8046061,8.67227,11.3613,469,59860,0.79,0.81,2,145549,145080,469
8048981,6.53445,8.67226,467,59860,0.79,0.81,2,145555,145088,467
8051901,6.10689,6.53445,467,59860,0.79,0.81,2,145561,145094,467
8054821,6.02138,6.10689,467,59860,0.79,0.81,2,145567,145100,467
8057741,14.0043,6.02138,477,59860,0.79,0.81,2,145583,145106,477
8060661,9.20086,14.0043,469,59860,0.79,0.81,2,145591,145122,469
8063581,139.44,9.20086,633,59860,0.79,0.81,2,145763,145130,633
8066501,101.488,139.44,553,59860,0.79,0.81,2,145855,145302,553
8069421,34.6976,101.488,479,59860,0.79,0.81,2,145873,145394,479
8072341,13.3395,34.6976,469,59860,0.79,0.81,2,145881,145412,469
8075261,12.2679,13.3395,473,59860,0.79,0.81,2,145893,145420,473
8078181,15.2536,12.2679,477,59860,0.79,0.81,2,145909,145432,477
8081101,11.0507,15.2536,471,59860,0.79,0.81,2,145919,145448,471
8084021,8.61014,11.0507,469,59860,0.79,0.79,2,145927,145458,469
8086941,8.12203,9.41014,468,59860,0.806,0.79,2,145935,145467,468
8089861,12.8244,8.28203,474,59860,0.8092,0.79,2,145949,145475,474
8092781,20.1649,12.8564,482,59860,0.80984,0.79,2,145971,145489,482
8095701,12.033,20.1713,470,59860,0.809968,0.79,2,145981,145511,470
8098621,8.8066,12.0343,468,59860,0.809994,0.79,2,145989,145521,468
8101541,11.3613,8.80685,472,59860,0.809999,0.79,2,146001,145529,472
8104461,8.67226,11.3614,468,59860,0.81,0.79,2,146009,145541,468
8107381,6.53445,8.67227,466,59860,0.81,0.79,2,146015,145549,466
8110301,6.10689,6.53445,466,59860,0.81,0.79,2,146021,145555,466
8113221,6.02138,6.10689,466,59860,0.81,0.79,2,146027,145561,466
8116141,14.0043,6.02138,476,59860,0.81,0.79,2,146043,145567,476
8119061,9.20086,14.0043,468,59860,0.81,0.79,2,146051,145583,468
8121981,139.44,9.20086,632,59860,0.81,0.79,2,146223,145591,632
8124901,101.488,139.44,552,59860,0.81,0.79,2,146315,145763,552
8127821,34.6976,101.488,478,59860,0.81,0.79,2,146333,145855,478
8130741,13.3395,34.6976,468,59860,0.81,0.79,2,146341,145873,468
8133661,12.2679,13.3395,472,59860,0.81,0.79,2,146353,145881,472
8136581,15.2536,12.2679,476,59860,0.81,0.79,2,146369,145893,476
8139501,11.0507,15.2536,470,59860,0.81,0.79,2,146379,145909,470
8142421,9.41014,11.0507,469,59860,0.794,0.79,2,146388,145919,469
8145341,8.28203,8.61014,469,59860,0.7908,0.81,2,146396,145927,469
8148261,12.8564,8.12203,475,59860,0.79016,0.81,2,146410,145935,475
8151181,20.1713,12.8244,483,59860,0.790032,0.81,2,146432,145949,483
8154101,12.0343,20.1649,471,59860,0.790006,0.81,2,146442,145971,471
8157021,8.80685,12.033,469,59860,0.790001,0.81,2,146450,145981,469
8159941,11.3614,8.8066,473,59860,0.79,0.81,2,146462,145989,473
8162861,8.67227,11.3613,469,59860,0.79,0.81,2,146470,146001,469
8165781,6.53445,8.67226,467,59860,0.79,0.81,2,146476,146009,467
8168701,6.10689,6.53445,467,59860,0.79,0.81,2,146482,146015,467
8171621,6.02138,6.10689,467,59860,0.79,0.81,2,146488,146021,467
8174541,14.0043,6.02138,477,59860,0.79,0.81,2,146504,146027,477
8177461,9.20086,14.0043,469,59860,0.79,0.81,2,146512,146043,469
8180381,139.44,9.20086,633,59860,0.79,0.81,2,146684,146051,633
8183301,101.488,139.44,553,59860,0.79,0.81,2,146776,146223,553
8186221,34.6976,101.488,479,59860,0.79,0.81,2,146794,146315,479
8189141,13.3395,34.6976,469,59860,0.79,0.81,2,146802,146333,469
8192061,12.2679,13.3395,473,59860,0.79,0.81,2,146814,146341,473
8194981,15.2536,12.2679,477,59860,0.79,0.81,2,146830,146353,477
8197901,11.0507,15.2536,471,59860,0.79,0.81,2,146840,146369,471
8200821,8.61014,11.0507,469,59860,0.79,0.79,2,146848,146379,469
8203741,8.12203,9.41014,468,59860,0.806,0.79,2,146856,146388,468
8206661,12.8244,8.28203,474,59860,0.8092,0.79,2,146870,146396,474
8209581,20.1649,12.8564,482,59860,0.80984,0.79,2,146892,146410,482
8212501,12.033,20.1713,470,59860,0.809968,0.79,2,146902,146432,470
8215421,8.8066,12.0343,468,59860,0.809994,0.79,2,146910,146442,468
8218341,11.3613,8.80685,472,59860,0.809999,0.79,2,146922,146450,472
8221261,8.67226,11.3614,468,59860,0.81,0.79,2,146930,146462,468
8224181,6.53445,8.67227,466,59860,0.81,0.79,2,146936,146470,466
8227101,6.10689,6.53445,466,59860,0.81,0.79,2,146942,146476,466
8230021,6.02138,6.10689,466,59860,0.81,0.79,2,146948,146482,466
8232941,14.0043,6.02138,476,59860,0.81,0.79,2,146964,146488,476
8235861,9.20086,14.0043,468,59860,0.81,0.79,2,146972,146504,468
8238781,139.44,9.20086,632,59860,0.81,0.79,2,147144,146512,632
8241701,101.488,139.44,552,59860,0.81,0.79,2,147236,146684,552
8244621,34.6976,101.488,478,59860,0.81,0.79,2,147254,146776,478
8247541,13.3395,34.6976,468,59860,0.81,0.79,2,147262,146794,468
8250461,12.2679,13.3395,472,59860,0.81,0.79,2,147274,146802,472
8253381,15.2536,12.2679,476,59860,0.81,0.79,2,147290,146814,476
8256301,11.0507,15.2536,470,59860,0.81,0.79,2,147300,146830,470
8259221,9.41014,11.0507,469,59860,0.794,0.79,2,147309,146840,469
8262141,8.28203,8.61014,469,59860,0.7908,0.81,2,147317,146848,469
8265061,12.8564,8.12203,475,59860,0.79016,0.81,2,147331,146856,475
8267981,20.1713,12.8244,483,59860,0.790032,0.81,2,147353,146870,483
8270901,12.0343,20.1649,471,59860,0.790006,0.81,2,147363,146892,471
8273821,8.80685,12.033,469,59860,0.790001,0.81,2,147371,146902,469
8276741,11.3614,8.8066,473,59860,0.79,0.81,2,147383,146910,473
8279661,8.67227,11.3613,469,59860,0.79,0.81,2,147391,146922,469
8282581,6.53445,8.67226,467,59860,0.79,0.81,2,147397,146930,467
8285501,6.10689,6.53445,467,59860,0.79,0.81,2,147403,146936,467
8288421,6.02138,6.10689,467,59860,0.79,0.81,2,147409,146942,467
8291341,14.0043,6.02138,477,59860,0.79,0.81,2,147425,146948,477
8294261,9.20086,14.0043,469,59860,0.79,0.81,2,147433,146964,469
8297181,139.44,9.20086,633,59860,0.79,0.81,2,147605,146972,633
8300101,101.488,139.44,553,59860,0.79,0.81,2,147697,147144,553
8303021,34.6976,101.488,479,59860,0.79,0.81,2,147715,147236,479
8305941,13.3395,34.6976,469,59860,0.79,0.81,2,147723,147254,469
8308861,12.2679,13.3395,473,59860,0.79,0.81,2,147735,147262,473
8311781,15.2536,12.2679,477,59860,0.79,0.81,2,147751,147274,477
8314701,11.0507,15.2536,471,59860,0.79,0.81,2,147761,147290,471
8317621,8.61014,11.0507,469,59860,0.79,0.79,2,147769,147300,469
8320541,8.12203,9.41014,468,59860,0.806,0.79,2,147777,147309,468
8323461,12.8244,8.28203,474,59860,0.8092,0.79,2,147791,147317,474
8326381,20.1649,12.8564,482,59860,0.80984,0.79,2,147813,147331,482
8329301,12.033,20.1713,470,59860,0.809968,0.79,2,147823,147353,470
8332221,8.8066,12.0343,468,59860,0.809994,0.79,2,147831,147363,468
8335141,11.3613,8.80685,472,59860,0.809999,0.79,2,147843,147371,472
8338061,8.67226,11.3614,468,59860,0.81,0.79,2,147851,147383,468
8340981,6.53445,8.67227,466,59860,0.81,0.79,2,147857,147391,466
8343901,6.10689,6.53445,466,59860,0.81,0.79,2,147863,147397,466
8346821,6.02138,6.10689,466,59860,0.81,0.79,2,147869,147403,466
8349741,14.0043,6.02138,476,59860,0.81,0.79,2,147885,147409,476
8352661,9.20086,14.0043,468,59860,0.81,0.79,2,147893,147425,468
8355581,139.44,9.20086,632,59860,0.81,0.79,2,148065,147433,632
8358501,101.488,139.44,552,59860,0.81,0.79,2,148157,147605,552
8361421,34.6976,101.488,478,59860,0.81,0.79,2,148175,147697,478
8364341,13.3395,34.6976,468,59860,0.81,0.79,2,148183,147715,468
8367261,12.2679,13.3395,472,59860,0.81,0.79,2,148195,147723,472
8370181,15.2536,12.2679,476,59860,0.81,0.79,2,148211,147735,476
8373101,11.0507,15.2536,470,59860,0.81,0.79,2,148221,147751,470
8376021,9.41014,11.0507,469,59860,0.794,0.79,2,148230,147761,469
8378941,8.28203,8.61014,469,59860,0.7908,0.81,2,148238,147769,469
8381861,12.8564,8.12203,475,59860,0.79016,0.81,2,148252,147777,475
8384781,20.1713,12.8244,483,59860,0.790032,0.81,2,148274,147791,483
8387701,12.0343,20.1649,471,59860,0.790006,0.81,2,148284,147813,471
8390621,8.80685,12.033,469,59860,0.790001,0.81,2,148292,147823,469
8393541,11.3614,8.8066,473,59860,0.79,0.81,2,148304,147831,473
8396461,8.67227,11.3613,469,59860,0.79,0.81,2,148312,147843,469
8399381,6.53445,8.67226,467,59860,0.79,0.81,2,148318,147851,467
8402301,6.10689,6.53445,467,59860,0.79,0.81,2,148324,147857,467
8405221,6.02138,6.10689,467,59860,0.79,0.81,2,148330,147863,467
8408141,14.0043,6.02138,477,59860,0.79,0.81,2,148346,147869,477
8411061,9.20086,14.0043,469,59860,0.79,0.81,2,148354,147885,469
8413981,139.44,9.20086,633,59860,0.79,0.81,2,148526,147893,633
8416901,101.488,139.44,553,59860,0.79,0.81,2,148618,148065,553
8419821,34.6976,101.488,479,59860,0.79,0.81,2,148636,148157,479
8422741,13.3395,34.6976,469,59860,0.79,0.81,2,148644,148175,469
8425661,12.2679,13.3395,473,59860,0.79,0.81,2,148656,148183,473
8428581,15.2536,12.2679,477,59860,0.79,0.81,2,148672,148195,477
8431501,11.0507,15.2536,471,59860,0.79,0.81,2,148682,148211,471
8434421,8.61014,11.0507,469,59860,0.79,0.79,2,148690,148221,469
8437341,8.12203,9.41014,468,59860,0.806,0.79,2,148698,148230,468
8440261,12.8244,8.28203,474,59860,0.8092,0.79,2,148712,148238,474
8443181,20.1649,12.8564,482,59860,0.80984,0.79,2,148734,148252,482
8446101,12.033,20.1713,470,59860,0.809968,0.79,2,148744,148274,470
8449021,8.8066,12.0343,468,59860,0.809994,0.79,2,148752,148284,468
8451941,11.3613,8.80685,472,59860,0.809999,0.79,2,148764,148292,472
8454861,8.67226,11.3614,468,59860,0.81,0.79,2,148772,148304,468
8457781,6.53445,8.67227,466,59860,0.81,0.79,2,148778,148312,466
8460701,6.10689,6.53445,466,59860,0.81,0.79,2,148784,148318,466
8463621,6.02138,6.10689,466,59860,0.81,0.79,2,148790,148324,466
8466541,14.0043,6.02138,476,59860,0.81,0.79,2,148806,148330,476
8469461,9.20086,14.0043,468,59860,0.81,0.79,2,148814,148346,468
8472381,139.44,9.20086,632,59860,0.81,0.79,2,148986,148354,632
8475301,101.488,139.44,552,59860,0.81,0.79,2,149078,148526,552
8478221,34.6976,101.488,478,59860,0.81,0.79,2,149096,148618,478
8481141,13.3395,34.6976,468,59860,0.81,0.79,2,149104,148636,468
8484061,12.2679,13.3395,472,59860,0.81,0.79,2,149116,148644,472
8486981,15.2536,12.2679,476,59860,0.81,0.79,2,149132,148656,476
8489901,11.0507,15.2536,470,59860,0.81,0.79,2,149142,148672,470
8492821,9.41014,11.0507,469,59860,0.794,0.79,2,149151,148682,469
8495741,8.28203,8.61014,469,59860,0.7908,0.81,2,149159,148690,469
8498661,12.8564,8.12203,475,59860,0.79016,0.81,2,149173,148698,475
8501581,20.1713,12.8244,483,59860,0.790032,0.81,2,149195,148712,483
8504501,12.0343,20.1649,471,59860,0.790006,0.81,2,149205,148734,471
8507421,8.80685,12.033,469,59860,0.790001,0.81,2,149213,148744,469
8510341,11.3614,8.8066,473,59860,0.79,0.81,2,149225,148752,473
8513261,8.67227,11.3613,469,59860,0.79,0.81,2,149233,148764,469
8516181,6.53445,8.67226,467,59860,0.79,0.81,2,149239,148772,467
8519101,6.10689,6.53445,467,59860,0.79,0.81,2,149245,148778,467
8522021,6.02138,6.10689,467,59860,0.79,0.81,2,149251,148784,467
8524941,14.0043,6.02138,477,59860,0.79,0.81,2,149267,148790,477
8527861,9.20086,14.0043,469,59860,0.79,0.81,2,149275,148806,469
8530781,139.44,9.20086,633,59860,0.79,0.81,2,149447,148814,633
8533701,101.488,139.44,553,59860,0.79,0.81,2,149539,148986,553
8536621,34.6976,101.488,479,59860,0.79,0.81,2,149557,149078,479
8539541,13.3395,34.6976,469,59860,0.79,0.81,2,149565,149096,469
8542461,12.2679,13.3395,473,59860,0.79,0.81,2,149577,149104,473
8545381,15.2536,12.2679,477,59860,0.79,0.81,2,149593,149116,477
8548301,11.0507,15.2536,471,59860,0.79,0.81,2,149603,149132,471
8551221,8.61014,11.0507,469,59860,0.79,0.79,2,149611,149142,469
8554141,8.12203,9.41014,468,59860,0.806,0.79,2,149619,149151,468
8557061,12.8244,8.28203,474,59860,0.8092,0.79,2,149633,149159,474
8559981,20.1649,12.8564,482,59860,0.80984,0.79,2,149655,149173,482
8562901,12.033,20.1713,470,59860,0.809968,0.79,2,149665,149195,470
8565821,8.8066,12.0343,468,59860,0.809994,0.79,2,149673,149205,468
8568741,11.3613,8.80685,472,59860,0.809999,0.79,2,149685,149213,472
8571661,8.67226,11.3614,468,59860,0.81,0.79,2,149693,149225,468
8574581,6.53445,8.67227,466,59860,0.81,0.79,2,149699,149233,466
8577501,6.10689,6.53445,466,59860,0.81,0.79,2,149705,149239,466
8580421,6.02138,6.10689,466,59860,0.81,0.79,2,149711,149245,466
8583341,14.0043,6.02138,476,59860,0.81,0.79,2,149727,149251,476
8586261,9.20086,14.0043,468,59860,0.81,0.79,2,149735,149267,468
8589181,139.44,9.20086,632,59860,0.81,0.79,2,149907,149275,632
8592101,101.488,139.44,552,59860,0.81,0.79,2,149999,149447,552
8595021,34.6976,101.488,478,59860,0.81,0.79,2,150017,149539,478
8597941,13.3395,34.6976,468,59860,0.81,0.79,2,150025,149557,468
8600861,12.2679,13.3395,472,59860,0.81,0.79,2,150037,149565,472
8603781,15.2536,12.2679,476,59860,0.81,0.79,2,150053,149577,476
8606701,11.0507,15.2536,470,59860,0.81,0.79,2,150063,149593,470
8609621,9.41014,11.0507,469,59860,0.794,0.79,2,150072,149603,469
8612541,8.28203,8.61014,469,59860,0.7908,0.81,2,150080,149611,469
8615461,12.8564,8.12203,475,59860,0.79016,0.81,2,150094,149619,475
8618381,20.1713,12.8244,483,59860,0.790032,0.81,2,150116,149633,483
8621301,12.0343,20.1649,471,59860,0.790006,0.81,2,150126,149655,471
8624221,8.80685,12.033,469,59860,0.790001,0.81,2,150134,149665,469
8627141,11.3614,8.8066,473,59860,0.79,0.81,2,150146,149673,473
8630061,8.67227,11.3613,469,59860,0.79,0.81,2,150154,149685,469
8632981,6.53445,8.67226,467,59860,0.79,0.81,2,150160,149693,467
8635901,6.10689,6.53445,467,59860,0.79,0.81,2,150166,149699,467
8638821,6.02138,6.10689,467,59860,0.79,0.81,2,150172,149705,467
8641741,14.0043,6.02138,477,59860,0.79,0.81,2,150188,149711,477
8644661,9.20086,14.0043,469,59860,0.79,0.81,2,150196,149727,469
8647581,139.44,9.20086,633,59860,0.79,0.81,2,150368,149735,633
8650501,101.488,139.44,553,59860,0.79,0.81,2,150460,149907,553
8653421,34.6976,101.488,479,59860,0.79,0.81,2,150478,149999,479
8656341,13.3395,34.6976,469,59860,0.79,0.81,2,150486,150017,469
8659261,12.2679,13.3395,473,59860,0.79,0.81,2,150498,150025,473
8662181,15.2536,12.2679,477,59860,0.79,0.81,2,150514,150037,477
8665101,11.0507,15.2536,471,59860,0.79,0.81,2,150524,150053,471
8668021,8.61014,11.0507,469,59860,0.79,0.79,2,150532,150063,469
8670941,8.12203,9.41014,468,59860,0.806,0.79,2,150540,150072,468
8673861,12.8244,8.28203,474,59860,0.8092,0.79,2,150554,150080,474
8676781,20.1649,12.8564,482,59860,0.80984,0.79,2,150576,150094,482
8679701,12.033,20.1713,470,59860,0.809968,0.79,2,150586,150116,470
8682621,8.8066,12.0343,468,59860,0.809994,0.79,2,150594,150126,468
8685541,11.3613,8.80685,472,59860,0.809999,0.79,2,150606,150134,472
8688461,8.67226,11.3614,468,59860,0.81,0.79,2,150614,150146,468
8691381,6.53445,8.67227,466,59860,0.81,0.79,2,150620,150154,466
8694301,6.10689,6.53445,466,59860,0.81,0.79,2,150626,150160,466
8697221,6.02138,6.10689,466,59860,0.81,0.79,2,150632,150166,466
8700141,14.0043,6.02138,476,59860,0.81,0.79,2,150648,150172,476
8703061,9.20086,14.0043,468,59860,0.81,0.79,2,150656,150188,468
8705981,139.44,9.20086,632,59860,0.81,0.79,2,150828,150196,632
8708901,101.488,139.44,552,59860,0.81,0.79,2,150920,150368,552
8711821,34.6976,101.488,478,59860,0.81,0.79,2,150938,150460,478
8714741,13.3395,34.6976,468,59860,0.81,0.79,2,150946,150478,468
8717661,12.2679,13.3395,472,59860,0.81,0.79,2,150958,150486,472
8720581,15.2536,12.2679,476,59860,0.81,0.79,2,150974,150498,476
8723501,11.0507,15.2536,470,59860,0.81,0.79,2,150984,150514,470
8726421,9.41014,11.0507,469,59860,0.794,0.79,2,150993,150524,469
8729341,8.28203,8.61014,469,59860,0.7908,0.81,2,151001,150532,469
8732261,12.8564,8.12203,475,59860,0.79016,0.81,2,151015,150540,475
8735181,20.1713,12.8244,483,59860,0.790032,0.81,2,151037,150554,483
8738101,12.0343,20.1649,471,59860,0.790006,0.81,2,151047,150576,471
8741021,8.80685,12.033,469,59860,0.790001,0.81,2,151055,150586,469
8743941,11.3614,8.8066,473,59860,0.79,0.81,2,151067,150594,473
8746861,8.67227,11.3613,469,59860,0.79,0.81,2,151075,150606,469
8749781,6.53445,8.67226,467,59860,0.79,0.81,2,151081,150614,467
8752701,6.10689,6.53445,467,59860,0.79,0.81,2,151087,150620,467
8755621,6.02138,6.10689,467,59860,0.79,0.81,2,151093,150626,467
8758541,14.0043,6.02138,477,59860,0.79,0.81,2,151109,150632,477
8761461,9.20086,14.0043,469,59860,0.79,0.81,2,151117,150648,469
8764381,139.44,9.20086,633,59860,0.79,0.81,2,151289,150656,633
8767301,101.488,139.44,553,59860,0.79,0.81,2,151381,150828,553
8770221,34.6976,101.488,479,59860,0.79,0.81,2,151399,150920,479
8773141,13.3395,34.6976,469,59860,0.79,0.81,2,151407,150938,469
8776061,12.2679,13.3395,473,59860,0.79,0.81,2,151419,150946,473
8778981,15.2536,12.2679,477,59860,0.79,0.81,2,151435,150958,477
8781901,11.0507,15.2536,471,59860,0.79,0.81,2,151445,150974,471
8784821,8.61014,11.0507,469,59860,0.79,0.79,2,151453,150984,469
8787741,8.12203,9.41014,468,59860,0.806,0.79,2,151461,150993,468
8790661,12.8244,8.28203,474,59860,0.8092,0.79,2,151475,151001,474
8793581,20.1649,12.8564,482,59860,0.80984,0.79,2,151497,151015,482
8796501,12.033,20.1713,470,59860,0.809968,0.79,2,151507,151037,470
8799421,8.8066,12.0343,468,59860,0.809994,0.79,2,151515,151047,468
8802341,11.3613,8.80685,472,59860,0.809999,0.79,2,151527,151055,472
8805261,8.67226,11.3614,468,59860,0.81,0.79,2,151535,151067,468
8808181,6.53445,8.67227,466,59860,0.81,0.79,2,151541,151075,466
8811101,6.10689,6.53445,466,59860,0.81,0.79,2,151547,151081,466
8814021,6.02138,6.10689,466,59860,0.81,0.79,2,151553,151087,466
8816941,14.0043,6.02138,476,59860,0.81,0.79,2,151569,151093,476
8819861,9.20086,14.0043,468,59860,0.81,0.79,2,151577,151109,468
8822781,139.44,9.20086,632,59860,0.81,0.79,2,151749,151117,632
8825701,101.488,139.44,552,59860,0.81,0.79,2,151841,151289,552
8828621,34.6976,101.488,478,59860,0.81,0.79,2,151859,151381,478
8831541,13.3395,34.6976,468,59860,0.81,0.79,2,151867,151399,468
8834461,12.2679,13.3395,472,59860,0.81,0.79,2,151879,151407,472
8837381,15.2536,12.2679,476,59860,0.81,0.79,2,151895,151419,476
8840301,11.0507,15.2536,470,59860,0.81,0.79,2,151905,151435,470
8843221,9.41014,11.0507,469,59860,0.794,0.79,2,151914,151445,469
8846141,8.28203,8.61014,469,59860,0.7908,0.81,2,151922,151453,469
8849061,12.8564,8.12203,475,59860,0.79016,0.81,2,151936,151461,475
8851981,20.1713,12.8244,483,59860,0.790032,0.81,2,151958,151475,483
8854901,12.0343,20.1649,471,59860,0.790006,0.81,2,151968,151497,471
8857821,8.80685,12.033,469,59860,0.790001,0.81,2,151976,151507,469
8860741,11.3614,8.8066,473,59860,0.79,0.81,2,151988,151515,473
8863661,8.67227,11.3613,469,59860,0.79,0.81,2,151996,151527,469
8866581,6.53445,8.67226,467,59860,0.79,0.81,2,152002,151535,467
8869501,6.10689,6.53445,467,59860,0.79,0.81,2,152008,151541,467
8872421,6.02138,6.10689,467,59860,0.79,0.81,2,152014,151547,467
8875341,14.0043,6.02138,477,59860,0.79,0.81,2,152030,151553,477
8878261,9.20086,14.0043,469,59860,0.79,0.81,2,152038,151569,469
8881181,139.44,9.20086,633,59860,0.79,0.81,2,152210,151577,633
8884101,101.488,139.44,553,59860,0.79,0.81,2,152302,151749,553
8887021,34.6976,101.488,479,59860,0.79,0.81,2,152320,151841,479
8889941,13.3395,34.6976,469,59860,0.79,0.81,2,152328,151859,469
8892861,12.2679,13.3395,473,59860,0.79,0.81,2,152340,151867,473
8895781,15.2536,12.2679,477,59860,0.79,0.81,2,152356,151879,477
8898701,11.0507,15.2536,471,59860,0.79,0.81,2,152366,151895,471
8901621,8.61014,11.0507,469,59860,0.79,0.79,2,152374,151905,469
8904541,8.12203,9.41014,468,59860,0.806,0.79,2,152382,151914,468
8907461,12.8244,8.28203,474,59860,0.8092,0.79,2,152396,151922,474
8910381,20.1649,12.8564,482,59860,0.80984,0.79,2,152418,151936,482
8913301,12.033,20.1713,470,59860,0.809968,0.79,2,152428,151958,470
8916221,8.8066,12.0343,468,59860,0.809994,0.79,2,152436,151968,468
8919141,11.3613,8.80685,472,59860,0.809999,0.79,2,152448,151976,472
8922061,8.67226,11.3614,468,59860,0.81,0.79,2,152456,151988,468
8924981,6.53445,8.67227,466,59860,0.81,0.79,2,152462,151996,466
8927901,6.10689,6.53445,466,59860,0.81,0.79,2,152468,152002,466
8930821,6.02138,6.10689,466,59860,0.81,0.79,2,152474,152008,466
8933741,14.0043,6.02138,476,59860,0.81,0.79,2,152490,152014,476
8936661,9.20086,14.0043,468,59860,0.81,0.79,2,152498,152030,468
8939581,139.44,9.20086,632,59860,0.81,0.79,2,152670,152038,632
8942501,101.488,139.44,552,59860,0.81,0.79,2,152762,152210,552
8945421,34.6976,101.488,478,59860,0.81,0.79,2,152780,152302,478
8948341,13.3395,34.6976,468,59860,0.81,0.79,2,152788,152320,468
8951261,12.2679,13.3395,472,59860,0.81,0.79,2,152800,152328,472
8954181,15.2536,12.2679,476,59860,0.81,0.79,2,152816,152340,476
8957101,11.0507,15.2536,470,59860,0.81,0.79,2,152826,152356,470
8960021,9.41014,11.0507,469,59860,0.794,0.79,2,152835,152366,469
8962941,8.28203,8.61014,469,59860,0.7908,0.81,2,152843,152374,469
8965861,12.8564,8.12203,475,59860,0.79016,0.81,2,152857,152382,475
8968781,20.1713,12.8244,483,59860,0.790032,0.81,2,152879,152396,483
8971701,12.0343,20.1649,471,59860,0.790006,0.81,2,152889,152418,471
8974621,8.80685,12.033,469,59860,0.790001,0.81,2,152897,152428,469
8977541,11.3614,8.8066,473,59860,0.79,0.81,2,152909,152436,473
8980461,8.67227,11.3613,469,59860,0.79,0.81,2,152917,152448,469
8983381,6.53445,8.67226,467,59860,0.79,0.81,2,152923,152456,467
8986301,6.10689,6.53445,467,59860,0.79,0.81,2,152929,152462,467
8989221,6.02138,6.10689,467,59860,0.79,0.81,2,152935,152468,467
8992141,14.0043,6.02138,477,59860,0.79,0.81,2,152951,152474,477
8995061,9.20086,14.0043,469,59860,0.79,0.81,2,152959,152490,469
8997981,139.44,9.20086,633,59860,0.79,0.81,2,153131,152498,633
9000901,101.488,139.44,553,59860,0.79,0.81,2,153223,152670,553
9003821,34.6976,101.488,479,59860,0.79,0.81,2,153241,152762,479
9006741,13.3395,34.6976,469,59860,0.79,0.81,2,153249,152780,469
9009661,12.2679,13.3395,473,59860,0.79,0.81,2,153261,152788,473
9012581,15.2536,12.2679,477,59860,0.79,0.81,2,153277,152800,477
9015501,11.0507,15.2536,471,59860,0.79,0.81,2,153287,152816,471
9018421,8.61014,11.0507,469,59860,0.79,0.79,2,153295,152826,469
9021341,8.12203,9.41014,468,59860,0.806,0.79,2,153303,152835,468
9024261,12.8244,8.28203,474,59860,0.8092,0.79,2,153317,152843,474
9027181,20.1649,12.8564,482,59860,0.80984,0.79,2,153339,152857,482
9030101,12.033,20.1713,470,59860,0.809968,0.79,2,153349,152879,470
9033021,8.8066,12.0343,468,59860,0.809994,0.79,2,153357,152889,468
9035941,11.3613,8.80685,472,59860,0.809999,0.79,2,153369,152897,472
9038861,8.67226,11.3614,468,59860,0.81,0.79,2,153377,152909,468
9041781,6.53445,8.67227,466,59860,0.81,0.79,2,153383,152917,466
9044701,6.10689,6.53445,466,59860,0.81,0.79,2,153389,152923,466
9047621,6.02138,6.10689,466,59860,0.81,0.79,2,153395,152929,466
9050541,14.0043,6.02138,476,59860,0.81,0.79,2,153411,152935,476
9053461,9.20086,14.0043,468,59860,0.81,0.79,2,153419,152951,468
9056381,139.44,9.20086,632,59860,0.81,0.79,2,153591,152959,632
9059301,101.488,139.44,552,59860,0.81,0.79,2,153683,153131,552
9062221,34.6976,101.488,478,59860,0.81,0.79,2,153701,153223,478
9065141,13.3395,34.6976,468,59860,0.81,0.79,2,153709,153241,468
9068061,12.2679,13.3395,472,59860,0.81,0.79,2,153721,153249,472
9070981,15.2536,12.2679,476,59860,0.81,0.79,2,153737,153261,476
9073901,11.0507,15.2536,470,59860,0.81,0.79,2,153747,153277,470
9076821,9.41014,11.0507,469,59860,0.794,0.79,2,153756,153287,469
9079741,8.28203,8.61014,469,59860,0.7908,0.81,2,153764,153295,469
9082661,12.8564,8.12203,475,59860,0.79016,0.81,2,153778,153303,475
9085581,20.1713,12.8244,483,59860,0.790032,0.81,2,153800,153317,483
9088501,12.0343,20.1649,471,59860,0.790006,0.81,2,153810,153339,471
9091421,8.80685,12.033,469,59860,0.790001,0.81,2,153818,153349,469
9094341,11.3614,8.8066,473,59860,0.79,0.81,2,153830,153357,473
9097261,8.67227,11.3613,469,59860,0.79,0.81,2,153838,153369,469
9100181,6.53445,8.67226,467,59860,0.79,0.81,2,153844,153377,467
9103101,6.10689,6.53445,467,59860,0.79,0.81,2,153850,153383,467
9106021,6.02138,6.10689,467,59860,0.79,0.81,2,153856,153389,467
9108941,14.0043,6.02138,477,59860,0.79,0.81,2,153872,153395,477
9111861,9.20086,14.0043,469,59860,0.79,0.81,2,153880,153411,469
9114781,139.44,9.20086,633,59860,0.79,0.81,2,154052,153419,633
9117701,101.488,139.44,553,59860,0.79,0.81,2,154144,153591,553
9120621,34.6976,101.488,479,59860,0.79,0.81,2,154162,153683,479
9123541,13.3395,34.6976,469,59860,0.79,0.81,2,154170,153701,469
9126461,12.2679,13.3395,473,59860,0.79,0.81,2,154182,153709,473
9129381,15.2536,12.2679,477,59860,0.79,0.81,2,154198,153721,477
9132301,11.0507,15.2536,471,59860,0.79,0.81,2,154208,153737,471
9135221,8.61014,11.0507,469,59860,0.79,0.79,2,154216,153747,469
9138141,8.12203,9.41014,468,59860,0.806,0.79,2,154224,153756,468
9141061,12.8244,8.28203,474,59860,0.8092,0.79,2,154238,153764,474
9143981,20.1649,12.8564,482,59860,0.80984,0.79,2,154260,153778,482
9146901,12.033,20.1713,470,59860,0.809968,0.79,2,154270,153800,470
9149821,8.8066,12.0343,468,59860,0.809994,0.79,2,154278,153810,468
9152741,11.3613,8.80685,472,59860,0.809999,0.79,2,154290,153818,472
9155661,8.67226,11.3614,468,59860,0.81,0.79,2,154298,153830,468
9158581,6.53445,8.67227,466,59860,0.81,0.79,2,154304,153838,466
9161501,6.10689,6.53445,466,59860,0.81,0.79,2,154310,153844,466
9164421,6.02138,6.10689,466,59860,0.81,0.79,2,154316,153850,466
9167341,14.0043,6.02138,476,59860,0.81,0.79,2,154332,153856,476
9170261,9.20086,14.0043,468,59860,0.81,0.79,2,154340,153872,468
9173181,139.44,9.20086,632,59860,0.81,0.79,2,154512,153880,632
9176101,101.488,139.44,552,59860,0.81,0.79,2,154604,154052,552
9179021,34.6976,101.488,478,59860,0.81,0.79,2,154622,154144,478
9181941,13.3395,34.6976,468,59860,0.81,0.79,2,154630,154162,468
9184861,12.2679,13.3395,472,59860,0.81,0.79,2,154642,154170,472
9187781,15.2536,12.2679,476,59860,0.81,0.79,2,154658,154182,476
9190701,11.0507,15.2536,470,59860,0.81,0.79,2,154668,154198,470
9193621,9.41014,11.0507,469,59860,0.794,0.79,2,154677,154208,469
9196541,8.28203,8.61014,469,59860,0.7908,0.81,2,154685,154216,469
9199461,12.8564,8.12203,475,59860,0.79016,0.81,2,154699,154224,475
9202381,20.1713,12.8244,483,59860,0.790032,0.81,2,154721,154238,483
9205301,12.0343,20.1649,471,59860,0.790006,0.81,2,154731,154260,471
9208221,8.80685,12.033,469,59860,0.790001,0.81,2,154739,154270,469
9211141,11.3614,8.8066,473,59860,0.79,0.81,2,154751,154278,473
9214061,8.67227,11.3613,469,59860,0.79,0.81,2,154759,154290,469
9216981,6.53445,8.67226,467,59860,0.79,0.81,2,154765,154298,467
9219901,6.10689,6.53445,467,59860,0.79,0.81,2,154771,154304,467
9222821,6.02138,6.10689,467,59860,0.79,0.81,2,154777,154310,467
9225741,14.0043,6.02138,477,59860,0.79,0.81,2,154793,154316,477
9228661,9.20086,14.0043,469,59860,0.79,0.81,2,154801,154332,469
9231581,139.44,9.20086,633,59860,0.79,0.81,2,154973,154340,633
9234501,101.488,139.44,553,59860,0.79,0.81,2,155065,154512,553
9237421,34.6976,101.488,479,59860,0.79,0.81,2,155083,154604,479
9240341,13.3395,34.6976,469,59860,0.79,0.81,2,155091,154622,469
9243261,12.2679,13.3395,473,59860,0.79,0.81,2,155103,154630,473
9246181,15.2536,12.2679,477,59860,0.79,0.81,2,155119,154642,477
9249101,11.0507,15.2536,471,59860,0.79,0.81,2,155129,154658,471
9252021,8.61014,11.0507,469,59860,0.79,0.79,2,155137,154668,469
9254941,8.12203,9.41014,468,59860,0.806,0.79,2,155145,154677,468
9257861,12.8244,8.28203,474,59860,0.8092,0.79,2,155159,154685,474
9260781,20.1649,12.8564,482,59860,0.80984,0.79,2,155181,154699,482
9263701,12.033,20.1713,470,59860,0.809968,0.79,2,155191,154721,470
9266621,8.8066,12.0343,468,59860,0.809994,0.79,2,155199,154731,468
9269541,11.3613,8.80685,472,59860,0.809999,0.79,2,155211,154739,472
9272461,8.67226,11.3614,468,59860,0.81,0.79,2,155219,154751,468
9275381,6.53445,8.67227,466,59860,0.81,0.79,2,155225,154759,466
9278301,6.10689,6.53445,466,59860,0.81,0.79,2,155231,154765,466
9281221,6.02138,6.10689,466,59860,0.81,0.79,2,155237,154771,466
9284141,14.0043,6.02138,476,59860,0.81,0.79,2,155253,154777,476
9287061,9.20086,14.0043,468,59860,0.81,0.79,2,155261,154793,468
9289981,139.44,9.20086,632,59860,0.81,0.79,2,155433,154801,632
9292901,101.488,139.44,552,59860,0.81,0.79,2,155525,154973,552
9295821,34.6976,101.488,478,59860,0.81,0.79,2,155543,155065,478
9298741,13.3395,34.6976,468,59860,0.81,0.79,2,155551,155083,468
9301661,12.2679,13.3395,472,59860,0.81,0.79,2,155563,155091,472
9304581,15.2536,12.2679,476,59860,0.81,0.79,2,155579,155103,476
9307501,11.0507,15.2536,470,59860,0.81,0.79,2,155589,155119,470
9310421,9.41014,11.0507,469,59860,0.794,0.79,2,155598,155129,469
9313341,8.28203,8.61014,469,59860,0.7908,0.81,2,155606,155137,469
9316261,12.8564,8.12203,475,59860,0.79016,0.81,2,155620,155145,475
9319181,20.1713,12.8244,483,59860,0.790032,0.81,2,155642,155159,483
9322101,12.0343,20.1649,471,59860,0.790006,0.81,2,155652,155181,471
9325021,8.80685,12.033,469,59860,0.790001,0.81,2,155660,155191,469
9327941,11.3614,8.8066,473,59860,0.79,0.81,2,155672,155199,473
9330861,8.67227,11.3613,469,59860,0.79,0.81,2,155680,155211,469
9333781,6.53445,8.67226,467,59860,0.79,0.81,2,155686,155219,467
9336701,6.10689,6.53445,467,59860,0.79,0.81,2,155692,155225,467
9339621,6.02138,6.10689,467,59860,0.79,0.81,2,155698,155231,467
9342541,14.0043,6.02138,477,59860,0.79,0.81,2,155714,155237,477
9345461,9.20086,14.0043,469,59860,0.79,0.81,2,155722,155253,469
9348381,139.44,9.20086,633,59860,0.79,0.81,2,155894,155261,633
9351301,101.488,139.44,553,59860,0.79,0.81,2,155986,155433,553
9354221,34.6976,101.488,479,59860,0.79,0.81,2,156004,155525,479
9357141,13.3395,34.6976,469,59860,0.79,0.81,2,156012,155543,469
9360061,12.2679,13.3395,473,59860,0.79,0.81,2,156024,155551,473
9362981,15.2536,12.2679,477,59860,0.79,0.81,2,156040,155563,477
9365901,11.0507,15.2536,471,59860,0.79,0.81,2,156050,155579,471
9368821,8.61014,11.0507,469,59860,0.79,0.79,2,156058,155589,469
9371741,8.12203,9.41014,468,59860,0.806,0.79,2,156066,155598,468
9374661,12.8244,8.28203,474,59860,0.8092,0.79,2,156080,155606,474
9377581,20.1649,12.8564,482,59860,0.80984,0.79,2,156102,155620,482
9380501,12.033,20.1713,470,59860,0.809968,0.79,2,156112,155642,470
9383421,8.8066,12.0343,468,59860,0.809994,0.79,2,156120,155652,468
9386341,11.3613,8.80685,472,59860,0.809999,0.79,2,156132,155660,472
9389261,8.67226,11.3614,468,59860,0.81,0.79,2,156140,155672,468
9392181,6.53445,8.67227,466,59860,0.81,0.79,2,156146,155680,466
9395101,6.10689,6.53445,466,59860,0.81,0.79,2,156152,155686,466
9398021,6.02138,6.10689,466,59860,0.81,0.79,2,156158,155692,466
9400941,14.0043,6.02138,476,59860,0.81,0.79,2,156174,155698,476
9403861,9.20086,14.0043,468,59860,0.81,0.79,2,156182,155714,468
9406781,139.44,9.20086,632,59860,0.81,0.79,2,156354,155722,632
9409701,101.488,139.44,552,59860,0.81,0.79,2,156446,155894,552
9412621,34.6976,101.488,478,59860,0.81,0.79,2,156464,155986,478
9415541,13.3395,34.6976,468,59860,0.81,0.79,2,156472,156004,468
9418461,12.2679,13.3395,472,59860,0.81,0.79,2,156484,156012,472
9421381,15.2536,12.2679,476,59860,0.81,0.79,2,156500,156024,476
9424301,11.0507,15.2536,470,59860,0.81,0.79,2,156510,156040,470
9427221,9.41014,11.0507,469,59860,0.794,0.79,2,156519,156050,469
9430141,8.28203,8.61014,469,59860,0.7908,0.81,2,156527,156058,469
9433061,12.8564,8.12203,475,59860,0.79016,0.81,2,156541,156066,475
9435981,20.1713,12.8244,483,59860,0.790032,0.81,2,156563,156080,483
9438901,12.0343,20.1649,471,59860,0.790006,0.81,2,156573,156102,471
9441821,8.80685,12.033,469,59860,0.790001,0.81,2,156581,156112,469
9444741,11.3614,8.8066,473,59860,0.79,0.81,2,156593,156120,473
9447661,8.67227,11.3613,469,59860,0.79,0.81,2,156601,156132,469
9450581,6.53445,8.67226,467,59860,0.79,0.81,2,156607,156140,467
9453501,6.10689,6.53445,467,59860,0.79,0.81,2,156613,156146,467
9456421,6.02138,6.10689,467,59860,0.79,0.81,2,156619,156152,467
9459341,14.0043,6.02138,477,59860,0.79,0.81,2,156635,156158,477
9462261,9.20086,14.0043,469,59860,0.79,0.81,2,156643,156174,469
9465181,139.44,9.20086,633,59860,0.79,0.81,2,156815,156182,633
9468101,101.488,139.44,553,59860,0.79,0.81,2,156907,156354,553
9471021,34.6976,101.488,479,59860,0.79,0.81,2,156925,156446,479
9473941,13.3395,34.6976,469,59860,0.79,0.81,2,156933,156464,469
9476861,12.2679,13.3395,473,59860,0.79,0.81,2,156945,156472,473
9479781,15.2536,12.2679,477,59860,0.79,0.81,2,156961,156484,477
9482701,11.0507,15.2536,471,59860,0.79,0.81,2,156971,156500,471
9485621,8.61014,11.0507,469,59860,0.79,0.79,2,156979,156510,469
9488541,8.12203,9.41014,468,59860,0.806,0.79,2,156987,156519,468
9491461,12.8244,8.28203,474,59860,0.8092,0.79,2,157001,156527,474
9494381,20.1649,12.8564,482,59860,0.80984,0.79,2,157023,156541,482
9497301,12.033,20.1713,470,59860,0.809968,0.79,2,157033,156563,470
9500221,8.8066,12.0343,468,59860,0.809994,0.79,2,157041,156573,468
9503141,11.3613,8.80685,472,59860,0.809999,0.79,2,157053,156581,472
9506061,8.67226,11.3614,468,59860,0.81,0.79,2,157061,156593,468
9508981,6.53445,8.67227,466,59860,0.81,0.79,2,157067,156601,466
9511901,6.10689,6.53445,466,59860,0.81,0.79,2,157073,156607,466
9514821,6.02138,6.10689,466,59860,0.81,0.79,2,157079,156613,466
9517741,14.0043,6.02138,476,59860,0.81,0.79,2,157095,156619,476
9520661,9.20086,14.0043,468,59860,0.81,0.79,2,157103,156635,468
9523581,139.44,9.20086,632,59860,0.81,0.79,2,157275,156643,632
9526501,101.488,139.44,552,59860,0.81,0.79,2,157367,156815,552
9529421,34.6976,101.488,478,59860,0.81,0.79,2,157385,156907,478
9532341,13.3395,34.6976,468,59860,0.81,0.79,2,157393,156925,468
9535261,12.2679,13.3395,472,59860,0.81,0.79,2,157405,156933,472
9538181,15.2536,12.2679,476,59860,0.81,0.79,2,157421,156945,476
9541101,11.0507,15.2536,470,59860,0.81,0.79,2,157431,156961,470
9544021,9.41014,11.0507,469,59860,0.794,0.79,2,157440,156971,469
9546941,8.28203,8.61014,469,59860,0.7908,0.81,2,157448,156979,469
9549861,12.8564,8.12203,475,59860,0.79016,0.81,2,157462,156987,475
9552781,20.1713,12.8244,483,59860,0.790032,0.81,2,157484,157001,483
9555701,12.0343,20.1649,471,59860,0.790006,0.81,2,157494,157023,471
9558621,8.80685,12.033,469,59860,0.790001,0.81,2,157502,157033,469
9561541,11.3614,8.8066,473,59860,0.79,0.81,2,157514,157041,473
9564461,8.67227,11.3613,469,59860,0.79,0.81,2,157522,157053,469
9567381,6.53445,8.67226,467,59860,0.79,0.81,2,157528,157061,467
9570301,6.10689,6.53445,467,59860,0.79,0.81,2,157534,157067,467
9573221,6.02138,6.10689,467,59860,0.79,0.81,2,157540,157073,467
9576141,14.0043,6.02138,477,59860,0.79,0.81,2,157556,157079,477
9579061,9.20086,14.0043,469,59860,0.79,0.81,2,157564,157095,469
9581981,139.44,9.20086,633,59860,0.79,0.81,2,157736,157103,633
9584901,101.488,139.44,553,59860,0.79,0.81,2,157828,157275,553
9587821,34.6976,101.488,479,59860,0.79,0.81,2,157846,157367,479
9590741,13.3395,34.6976,469,59860,0.79,0.81,2,157854,157385,469
9593661,12.2679,13.3395,473,59860,0.79,0.81,2,157866,157393,473
9596581,15.2536,12.2679,477,59860,0.79,0.81,2,157882,157405,477
9599501,11.0507,15.2536,471,59860,0.79,0.81,2,157892,157421,471
9602421,8.61014,11.0507,469,59860,0.79,0.79,2,157900,157431,469
9605341,8.12203,9.41014,468,59860,0.806,0.79,2,157908,157440,468
9608261,12.8244,8.28203,474,59860,0.8092,0.79,2,157922,157448,474
9611181,20.1649,12.8564,482,59860,0.80984,0.79,2,157944,157462,482
9614101,12.033,20.1713,470,59860,0.809968,0.79,2,157954,157484,470
9617021,8.8066,12.0343,468,59860,0.809994,0.79,2,157962,157494,468
9619941,11.3613,8.80685,472,59860,0.809999,0.79,2,157974,157502,472
9622861,8.67226,11.3614,468,59860,0.81,0.79,2,157982,157514,468
9625781,6.53445,8.67227,466,59860,0.81,0.79,2,157988,157522,466
9628701,6.10689,6.53445,466,59860,0.81,0.79,2,157994,157528,466
9631621,6.02138,6.10689,466,59860,0.81,0.79,2,158000,157534,466
9634541,14.0043,6.02138,476,59860,0.81,0.79,2,158016,157540,476
9637461,9.20086,14.0043,468,59860,0.81,0.79,2,158024,157556,468
9640381,139.44,9.20086,632,59860,0.81,0.79,2,158196,157564,632
9643301,101.488,139.44,552,59860,0.81,0.79,2,158288,157736,552
9646221,34.6976,101.488,478,59860,0.81,0.79,2,158306,157828,478
9649141,13.3395,34.6976,468,59860,0.81,0.79,2,158314,157846,468
9652061,12.2679,13.3395,472,59860,0.81,0.79,2,158326,157854,472
9654981,15.2536,12.2679,476,59860,0.81,0.79,2,158342,157866,476
9657901,11.0507,15.2536,470,59860,0.81,0.79,2,158352,157882,470
9660821,9.41014,11.0507,469,59860,0.794,0.79,2,158361,157892,469
9663741,8.28203,8.61014,469,59860,0.7908,0.81,2,158369,157900,469
9666661,12.8564,8.12203,475,59860,0.79016,0.81,2,158383,157908,475
9669581,20.1713,12.8244,483,59860,0.790032,0.81,2,158405,157922,483
9672501,12.0343,20.1649,471,59860,0.790006,0.81,2,158415,157944,471
9675421,8.80685,12.033,469,59860,0.790001,0.81,2,158423,157954,469
9678341,11.3614,8.8066,473,59860,0.79,0.81,2,158435,157962,473
9681261,8.67227,11.3613,469,59860,0.79,0.81,2,158443,157974,469
9684181,6.53445,8.67226,467,59860,0.79,0.81,2,158449,157982,467
9687101,6.10689,6.53445,467,59860,0.79,0.81,2,158455,157988,467
9690021,6.02138,6.10689,467,59860,0.79,0.81,2,158461,157994,467
9692941,14.0043,6.02138,477,59860,0.79,0.81,2,158477,158000,477
9695861,9.20086,14.0043,469,59860,0.79,0.81,2,158485,158016,469
9698781,139.44,9.20086,633,59860,0.79,0.81,2,158657,158024,633
9701701,101.488,139.44,553,59860,0.79,0.81,2,158749,158196,553
9704621,34.6976,101.488,479,59860,0.79,0.81,2,158767,158288,479
9707541,13.3395,34.6976,469,59860,0.79,0.81,2,158775,158306,469
9710461,12.2679,13.3395,473,59860,0.79,0.81,2,158787,158314,473
9713381,15.2536,12.2679,477,59860,0.79,0.81,2,158803,158326,477
9716301,11.0507,15.2536,471,59860,0.79,0.81,2,158813,158342,471
9719221,8.61014,11.0507,469,59860,0.79,0.79,2,158821,158352,469
9722141,8.12203,9.41014,468,59860,0.806,0.79,2,158829,158361,468
9725061,12.8244,8.28203,474,59860,0.8092,0.79,2,158843,158369,474
9727981,20.1649,12.8564,482,59860,0.80984,0.79,2,158865,158383,482
9730901,12.033,20.1713,470,59860,0.809968,0.79,2,158875,158405,470
9733821,8.8066,12.0343,468,59860,0.809994,0.79,2,158883,158415,468
9736741,11.3613,8.80685,472,59860,0.809999,0.79,2,158895,158423,472
9739661,8.67226,11.3614,468,59860,0.81,0.79,2,158903,158435,468
9742581,6.53445,8.67227,466,59860,0.81,0.79,2,158909,158443,466
9745501,6.10689,6.53445,466,59860,0.81,0.79,2,158915,158449,466
9748421,6.02138,6.10689,466,59860,0.81,0.79,2,158921,158455,466
9751341,14.0043,6.02138,476,59860,0.81,0.79,2,158937,158461,476
9754261,9.20086,14.0043,468,59860,0.81,0.79,2,158945,158477,468
9757181,139.44,9.20086,632,59860,0.81,0.79,2,159117,158485,632
9760101,101.488,139.44,552,59860,0.81,0.79,2,159209,158657,552
9763021,34.6976,101.488,478,59860,0.81,0.79,2,159227,158749,478
9765941,13.3395,34.6976,468,59860,0.81,0.79,2,159235,158767,468
9768861,12.2679,13.3395,472,59860,0.81,0.79,2,159247,158775,472
9771781,15.2536,12.2679,476,59860,0.81,0.79,2,159263,158787,476
9774701,11.0507,15.2536,470,59860,0.81,0.79,2,159273,158803,470
9777621,9.41014,11.0507,469,59860,0.794,0.79,2,159282,158813,469
9780541,8.28203,8.61014,469,59860,0.7908,0.81,2,159290,158821,469
9783461,12.8564,8.12203,475,59860,0.79016,0.81,2,159304,158829,475
9786381,20.1713,12.8244,483,59860,0.790032,0.81,2,159326,158843,483
9789301,12.0343,20.1649,471,59860,0.790006,0.81,2,159336,158865,471
9792221,8.80685,12.033,469,59860,0.790001,0.81,2,159344,158875,469
9795141,11.3614,8.8066,473,59860,0.79,0.81,2,159356,158883,473
9798061,8.67227,11.3613,469,59860,0.79,0.81,2,159364,158895,469
9800981,6.53445,8.67226,467,59860,0.79,0.81,2,159370,158903,467
9803901,6.10689,6.53445,467,59860,0.79,0.81,2,159376,158909,467
9806821,6.02138,6.10689,467,59860,0.79,0.81,2,159382,158915,467
9809741,14.0043,6.02138,477,59860,0.79,0.81,2,159398,158921,477
9812661,9.20086,14.0043,469,59860,0.79,0.81,2,159406,158937,469
9815581,139.44,9.20086,633,59860,0.79,0.81,2,159578,158945,633
9818501,101.488,139.44,553,59860,0.79,0.81,2,159670,159117,553
9821421,34.6976,101.488,479,59860,0.79,0.81,2,159688,159209,479
9824341,13.3395,34.6976,469,59860,0.79,0.81,2,159696,159227,469
9827261,12.2679,13.3395,473,59860,0.79,0.81,2,159708,159235,473
9830181,15.2536,12.2679,477,59860,0.79,0.81,2,159724,159247,477
9833101,11.0507,15.2536,471,59860,0.79,0.81,2,159734,159263,471
9836021,8.61014,11.0507,469,59860,0.79,0.79,2,159742,159273,469
9838941,8.12203,9.41014,468,59860,0.806,0.79,2,159750,159282,468
9841861,12.8244,8.28203,474,59860,0.8092,0.79,2,159764,159290,474
9844781,20.1649,12.8564,482,59860,0.80984,0.79,2,159786,159304,482
9847701,12.033,20.1713,470,59860,0.809968,0.79,2,159796,159326,470
9850621,8.8066,12.0343,468,59860,0.809994,0.79,2,159804,159336,468
9853541,11.3613,8.80685,472,59860,0.809999,0.79,2,159816,159344,472
9856461,8.67226,11.3614,468,59860,0.81,0.79,2,159824,159356,468
9859381,6.53445,8.67227,466,59860,0.81,0.79,2,159830,159364,466
9862301,6.10689,6.53445,466,59860,0.81,0.79,2,159836,159370,466
9865221,6.02138,6.10689,466,59860,0.81,0.79,2,159842,159376,466
9868141,14.0043,6.02138,476,59860,0.81,0.79,2,159858,159382,476
9871061,9.20086,14.0043,468,59860,0.81,0.79,2,159866,159398,468
9873981,139.44,9.20086,632,59860,0.81,0.79,2,160038,159406,632
9876901,101.488,139.44,552,59860,0.81,0.79,2,160130,159578,552
9879821,34.6976,101.488,478,59860,0.81,0.79,2,160148,159670,478
9882741,13.3395,34.6976,468,59860,0.81,0.79,2,160156,159688,468
9885661,12.2679,13.3395,472,59860,0.81,0.79,2,160168,159696,472
9888581,15.2536,12.2679,476,59860,0.81,0.79,2,160184,159708,476
9891501,11.0507,15.2536,470,59860,0.81,0.79,2,160194,159724,470
9894421,9.41014,11.0507,469,59860,0.794,0.79,2,160203,159734,469
9897341,8.28203,8.61014,469,59860,0.7908,0.81,2,160211,159742,469
9900261,12.8564,8.12203,475,59860,0.79016,0.81,2,160225,159750,475
9903181,20.1713,12.8244,483,59860,0.790032,0.81,2,160247,159764,483
9906101,12.0343,20.1649,471,59860,0.790006,0.81,2,160257,159786,471
9909021,8.80685,12.033,469,59860,0.790001,0.81,2,160265,159796,469
9911941,11.3614,8.8066,473,59860,0.79,0.81,2,160277,159804,473
9914861,8.67227,11.3613,469,59860,0.79,0.81,2,160285,159816,469
9917781,6.53445,8.67226,467,59860,0.79,0.81,2,160291,159824,467
9920701,6.10689,6.53445,467,59860,0.79,0.81,2,160297,159830,467
9923621,6.02138,6.10689,467,59860,0.79,0.81,2,160303,159836,467
9926541,14.0043,6.02138,477,59860,0.79,0.81,2,160319,159842,477
9929461,9.20086,14.0043,469,59860,0.79,0.81,2,160327,159858,469
9932381,139.44,9.20086,633,59860,0.79,0.81,2,160499,159866,633
9935301,101.488,139.44,553,59860,0.79,0.81,2,160591,160038,553
9938221,34.6976,101.488,479,59860,0.79,0.81,2,160609,160130,479
9941141,13.3395,34.6976,469,59860,0.79,0.81,2,160617,160148,469
9944061,12.2679,13.3395,473,59860,0.79,0.81,2,160629,160156,473
9946981,15.2536,12.2679,477,59860,0.79,0.81,2,160645,160168,477
9949901,11.0507,15.2536,471,59860,0.79,0.81,2,160655,160184,471
9952821,8.61014,11.0507,469,59860,0.79,0.79,2,160663,160194,469
9955741,8.12203,9.41014,468,59860,0.806,0.79,2,160671,160203,468
9958661,12.8244,8.28203,474,59860,0.8092,0.79,2,160685,160211,474
9961581,20.1649,12.8564,482,59860,0.80984,0.79,2,160707,160225,482
9964501,12.033,20.1713,470,59860,0.809968,0.79,2,160717,160247,470
9967421,8.8066,12.0343,468,59860,0.809994,0.79,2,160725,160257,468
9970341,11.3613,8.80685,472,59860,0.809999,0.79,2,160737,160265,472
9973261,8.67226,11.3614,468,59860,0.81,0.79,2,160745,160277,468
9976181,6.53445,8.67227,466,59860,0.81,0.79,2,160751,160285,466
9979101,6.10689,6.53445,466,59860,0.81,0.79,2,160757,160291,466
9982021,6.02138,6.10689,466,59860,0.81,0.79,2,160763,160297,466
9984941,14.0043,6.02138,476,59860,0.81,0.79,2,160779,160303,476
9987861,9.20086,14.0043,468,59860,0.81,0.79,2,160787,160319,468
9990781,139.44,9.20086,632,59860,0.81,0.79,2,160959,160327,632
9993701,101.488,139.44,552,59860,0.81,0.79,2,161051,160499,552
9996621,34.6976,101.488,478,59860,0.81,0.79,2,161069,160591,478
9999541,13.3395,34.6976,468,59860,0.81,0.79,2,161077,160609,468
10002461,12.2679,13.3395,472,59860,0.81,0.79,2,161089,160617,472
10005381,15.2536,12.2679,476,59860,0.81,0.79,2,161105,160629,476
10008301,11.0507,15.2536,470,59860,0.81,0.79,2,161115,160645,470
10011221,9.41014,11.0507,469,59860,0.794,0.79,2,161124,160655,469
10014141,8.28203,8.61014,469,59860,0.7908,0.81,2,161132,160663,469
10017061,12.8564,8.12203,475,59860,0.79016,0.81,2,161146,160671,475
10019981,20.1713,12.8244,483,59860,0.790032,0.81,2,161168,160685,483
10022901,12.0343,20.1649,471,59860,0.790006,0.81,2,161178,160707,471
10025821,8.80685,12.033,469,59860,0.790001,0.81,2,161186,160717,469
10028741,11.3614,8.8066,473,59860,0.79,0.81,2,161198,160725,473
10031661,8.67227,11.3613,469,59860,0.79,0.81,2,161206,160737,469
10034581,6.53445,8.67226,467,59860,0.79,0.81,2,161212,160745,467
10037501,6.10689,6.53445,467,59860,0.79,0.81,2,161218,160751,467
10040421,6.02138,6.10689,467,59860,0.79,0.81,2,161224,160757,467
10043341,14.0043,6.02138,477,59860,0.79,0.81,2,161240,160763,477
10046261,9.20086,14.0043,469,59860,0.79,0.81,2,161248,160779,469
10049181,139.44,9.20086,633,59860,0.79,0.81,2,161420,160787,633
10052101,101.488,139.44,553,59860,0.79,0.81,2,161512,160959,553
10055021,34.6976,101.488,479,59860,0.79,0.81,2,161530,161051,479
10057941,13.3395,34.6976,469,59860,0.79,0.81,2,161538,161069,469
10060861,12.2679,13.3395,473,59860,0.79,0.81,2,161550,161077,473
10063781,15.2536,12.2679,477,59860,0.79,0.81,2,161566,161089,477
10066701,11.0507,15.2536,471,59860,0.79,0.81,2,161576,161105,471
10069621,8.61014,11.0507,469,59860,0.79,0.79,2,161584,161115,469
10072541,8.12203,9.41014,468,59860,0.806,0.79,2,161592,161124,468
10075461,12.8244,8.28203,474,59860,0.8092,0.79,2,161606,161132,474
10078381,20.1649,12.8564,482,59860,0.80984,0.79,2,161628,161146,482
10081301,12.033,20.1713,470,59860,0.809968,0.79,2,161638,161168,470
10084221,8.8066,12.0343,468,59860,0.809994,0.79,2,161646,161178,468
10087141,11.3613,8.80685,472,59860,0.809999,0.79,2,161658,161186,472
10090061,8.67226,11.3614,468,59860,0.81,0.79,2,161666,161198,468
10092981,6.53445,8.67227,466,59860,0.81,0.79,2,161672,161206,466
10095901,6.10689,6.53445,466,59860,0.81,0.79,2,161678,161212,466
10098821,6.02138,6.10689,466,59860,0.81,0.79,2,161684,161218,466
10101741,14.0043,6.02138,476,59860,0.81,0.79,2,161700,161224,476
10104661,9.20086,14.0043,468,59860,0.81,0.79,2,161708,161240,468
10107581,139.44,9.20086,632,59860,0.81,0.79,2,161880,161248,632
10110501,101.488,139.44,552,59860,0.81,0.79,2,161972,161420,552
10113421,34.6976,101.488,478,59860,0.81,0.79,2,161990,161512,478
10116341,13.3395,34.6976,468,59860,0.81,0.79,2,161998,161530,468
10119261,12.2679,13.3395,472,59860,0.81,0.79,2,162010,161538,472
10122181,15.2536,12.2679,476,59860,0.81,0.79,2,162026,161550,476
10125101,11.0507,15.2536,470,59860,0.81,0.79,2,162036,161566,470
10128021,9.41014,11.0507,469,59860,0.794,0.79,2,162045,161576,469
10130941,8.28203,8.61014,469,59860,0.7908,0.81,2,162053,161584,469
10133861,12.8564,8.12203,475,59860,0.79016,0.81,2,162067,161592,475
10136781,20.1713,12.8244,483,59860,0.790032,0.81,2,162089,161606,483
10139701,12.0343,20.1649,471,59860,0.790006,0.81,2,162099,161628,471
10142621,8.80685,12.033,469,59860,0.790001,0.81,2,162107,161638,469
10145541,11.3614,8.8066,473,59860,0.79,0.81,2,162119,161646,473
10148461,8.67227,11.3613,469,59860,0.79,0.81,2,162127,161658,469
10151381,6.53445,8.67226,467,59860,0.79,0.81,2,162133,161666,467
10154301,6.10689,6.53445,467,59860,0.79,0.81,2,162139,161672,467
10157221,6.02138,6.10689,467,59860,0.79,0.81,2,162145,161678,467
10160141,14.0043,6.02138,477,59860,0.79,0.81,2,162161,161684,477
10163061,9.20086,14.0043,469,59860,0.79,0.81,2,162169,161700,469
10165981,139.44,9.20086,633,59860,0.79,0.81,2,162341,161708,633
10168901,101.488,139.44,553,59860,0.79,0.81,2,162433,161880,553
10171821,34.6976,101.488,479,59860,0.79,0.81,2,162451,161972,479
10174741,13.3395,34.6976,469,59860,0.79,0.81,2,162459,161990,469
10177661,12.2679,13.3395,473,59860,0.79,0.81,2,162471,161998,473
10180581,15.2536,12.2679,477,59860,0.79,0.81,2,162487,162010,477
10183501,11.0507,15.2536,471,59860,0.79,0.81,2,162497,162026,471
10186421,8.61014,11.0507,469,59860,0.79,0.79,2,162505,162036,469
10189341,8.12203,9.41014,468,59860,0.806,0.79,2,162513,162045,468
10192261,12.8244,8.28203,474,59860,0.8092,0.79,2,162527,162053,474
10195181,20.1649,12.8564,482,59860,0.80984,0.79,2,162549,162067,482
10198101,12.033,20.1713,470,59860,0.809968,0.79,2,162559,162089,470
10201021,8.8066,12.0343,468,59860,0.809994,0.79,2,162567,162099,468
10203941,11.3613,8.80685,472,59860,0.809999,0.79,2,162579,162107,472
10206861,8.67226,11.3614,468,59860,0.81,0.79,2,162587,162119,468
10209781,6.53445,8.67227,466,59860,0.81,0.79,2,162593,162127,466
10212701,6.10689,6.53445,466,59860,0.81,0.79,2,162599,162133,466
10215621,6.02138,6.10689,466,59860,0.81,0.79,2,162605,162139,466
10218541,14.0043,6.02138,476,59860,0.81,0.79,2,162621,162145,476
10221461,9.20086,14.0043,468,59860,0.81,0.79,2,162629,162161,468
10224381,139.44,9.20086,632,59860,0.81,0.79,2,162801,162169,632
10227301,101.488,139.44,552,59860,0.81,0.79,2,162893,162341,552
10230221,34.6976,101.488,478,59860,0.81,0.79,2,162911,162433,478
10233141,13.3395,34.6976,468,59860,0.81,0.79,2,162919,162451,468
10236061,12.2679,13.3395,472,59860,0.81,0.79,2,162931,162459,472
10238981,15.2536,12.2679,476,59860,0.81,0.79,2,162947,162471,476
10241901,11.0507,15.2536,470,59860,0.81,0.79,2,162957,162487,470
10244821,9.41014,11.0507,469,59860,0.794,0.79,2,162966,162497,469
10247741,8.28203,8.61014,469,59860,0.7908,0.81,2,162974,162505,469
10250661,12.8564,8.12203,475,59860,0.79016,0.81,2,162988,162513,475
10253581,20.1713,12.8244,483,59860,0.790032,0.81,2,163010,162527,483
10256501,12.0343,20.1649,471,59860,0.790006,0.81,2,163020,162549,471
10259421,8.80685,12.033,469,59860,0.790001,0.81,2,163028,162559,469
10262341,11.3614,8.8066,473,59860,0.79,0.81,2,163040,162567,473
10265261,8.67227,11.3613,469,59860,0.79,0.81,2,163048,162579,469
10268181,6.53445,8.67226,467,59860,0.79,0.81,2,163054,162587,467
10271101,6.10689,6.53445,467,59860,0.79,0.81,2,163060,162593,467
10274021,6.02138,6.10689,467,59860,0.79,0.81,2,163066,162599,467
10276941,14.0043,6.02138,477,59860,0.79,0.81,2,163082,162605,477
10279861,9.20086,14.0043,469,59860,0.79,0.81,2,163090,162621,469
10282781,139.44,9.20086,633,59860,0.79,0.81,2,163262,162629,633
10285701,101.488,139.44,553,59860,0.79,0.81,2,163354,162801,553
10288621,34.6976,101.488,479,59860,0.79,0.81,2,163372,162893,479
10291541,13.3395,34.6976,469,59860,0.79,0.81,2,163380,162911,469
10294461,12.2679,13.3395,473,59860,0.79,0.81,2,163392,162919,473
10297381,15.2536,12.2679,477,59860,0.79,0.81,2,163408,162931,477
10300301,11.0507,15.2536,471,59860,0.79,0.81,2,163418,162947,471
10303221,8.61014,11.0507,469,59860,0.79,0.79,2,163426,162957,469
10306141,8.12203,9.41014,468,59860,0.806,0.79,2,163434,162966,468
10309061,12.8244,8.28203,474,59860,0.8092,0.79,2,163448,162974,474
10311981,20.1649,12.8564,482,59860,0.80984,0.79,2,163470,162988,482
10314901,12.033,20.1713,470,59860,0.809968,0.79,2,163480,163010,470
10317821,8.8066,12.0343,468,59860,0.809994,0.79,2,163488,163020,468
10320741,11.3613,8.80685,472,59860,0.809999,0.79,2,163500,163028,472
10323661,8.67226,11.3614,468,59860,0.81,0.79,2,163508,163040,468
10326581,6.53445,8.67227,466,59860,0.81,0.79,2,163514,163048,466
10329501,6.10689,6.53445,466,59860,0.81,0.79,2,163520,163054,466
10332421,6.02138,6.10689,466,59860,0.81,0.79,2,163526,163060,466
10335341,14.0043,6.02138,476,59860,0.81,0.79,2,163542,163066,476
10338261,9.20086,14.0043,468,59860,0.81,0.79,2,163550,163082,468
10341181,139.44,9.20086,632,59860,0.81,0.79,2,163722,163090,632
10344101,101.488,139.44,552,59860,0.81,0.79,2,163814,163262,552
10347021,34.6976,101.488,478,59860,0.81,0.79,2,163832,163354,478
10349941,13.3395,34.6976,468,59860,0.81,0.79,2,163840,163372,468
10352861,12.2679,13.3395,472,59860,0.81,0.79,2,163852,163380,472
10355781,15.2536,12.2679,476,59860,0.81,0.79,2,163868,163392,476
10358701,11.0507,15.2536,470,59860,0.81,0.79,2,163878,163408,470
10361621,9.41014,11.0507,469,59860,0.794,0.79,2,163887,163418,469
10364541,8.28203,8.61014,469,59860,0.7908,0.81,2,163895,163426,469
10367461,12.8564,8.12203,475,59860,0.79016,0.81,2,163909,163434,475
10370381,20.1713,12.8244,483,59860,0.790032,0.81,2,163931,163448,483
10373301,12.0343,20.1649,471,59860,0.790006,0.81,2,163941,163470,471
10376221,8.80685,12.033,469,59860,0.790001,0.81,2,163949,163480,469
10379141,11.3614,8.8066,473,59860,0.79,0.81,2,163961,163488,473
10382061,8.67227,11.3613,469,59860,0.79,0.81,2,163969,163500,469
10384981,6.53445,8.67226,467,59860,0.79,0.81,2,163975,163508,467
10387901,6.10689,6.53445,467,59860,0.79,0.81,2,163981,163514,467
10390821,6.02138,6.10689,467,59860,0.79,0.81,2,163987,163520,467
10393741,14.0043,6.02138,477,59860,0.79,0.81,2,164003,163526,477
10396661,9.20086,14.0043,469,59860,0.79,0.81,2,164011,163542,469
10399581,139.44,9.20086,633,59860,0.79,0.81,2,164183,163550,633
10402501,101.488,139.44,553,59860,0.79,0.81,2,164275,163722,553
10405421,34.6976,101.488,479,59860,0.79,0.81,2,164293,163814,479
10408341,13.3395,34.6976,469,59860,0.79,0.81,2,164301,163832,469
10411261,12.2679,13.3395,473,59860,0.79,0.81,2,164313,163840,473
10414181,15.2536,12.2679,477,59860,0.79,0.81,2,164329,163852,477
10417101,11.0507,15.2536,471,59860,0.79,0.81,2,164339,163868,471
10420021,8.61014,11.0507,469,59860,0.79,0.79,2,164347,163878,469
10422941,8.12203,9.41014,468,59860,0.806,0.79,2,164355,163887,468
10425861,12.8244,8.28203,474,59860,0.8092,0.79,2,164369,163895,474
10428781,20.1649,12.8564,482,59860,0.80984,0.79,2,164391,163909,482
10431701,12.033,20.1713,470,59860,0.809968,0.79,2,164401,163931,470
10434621,8.8066,12.0343,468,59860,0.809994,0.79,2,164409,163941,468
10437541,11.3613,8.80685,472,59860,0.809999,0.79,2,164421,163949,472
10440461,8.67226,11.3614,468,59860,0.81,0.79,2,164429,163961,468
10443381,6.53445,8.67227,466,59860,0.81,0.79,2,164435,163969,466
10446301,6.10689,6.53445,466,59860,0.81,0.79,2,164441,163975,466
10449221,6.02138,6.10689,466,59860,0.81,0.79,2,164447,163981,466
10452141,14.0043,6.02138,476,59860,0.81,0.79,2,164463,163987,476
10455061,9.20086,14.0043,468,59860,0.81,0.79,2,164471,164003,468
10457981,139.44,9.20086,632,59860,0.81,0.79,2,164643,164011,632
10460901,101.488,139.44,552,59860,0.81,0.79,2,164735,164183,552
10463821,34.6976,101.488,478,59860,0.81,0.79,2,164753,164275,478
10466741,13.3395,34.6976,468,59860,0.81,0.79,2,164761,164293,468
10469661,12.2679,13.3395,472,59860,0.81,0.79,2,164773,164301,472
10472581,15.2536,12.2679,476,59860,0.81,0.79,2,164789,164313,476
10475501,11.0507,15.2536,470,59860,0.81,0.79,2,164799,164329,470
10478421,9.41014,11.0507,469,59860,0.794,0.79,2,164808,164339,469
10481341,8.28203,8.61014,469,59860,0.7908,0.81,2,164816,164347,469
10484261,12.8564,8.12203,475,59860,0.79016,0.81,2,164830,164355,475
10487181,20.1713,12.8244,483,59860,0.790032,0.81,2,164852,164369,483
10490101,12.0343,20.1649,471,59860,0.790006,0.81,2,164862,164391,471
10493021,8.80685,12.033,469,59860,0.790001,0.81,2,164870,164401,469
10495941,11.3614,8.8066,473,59860,0.79,0.81,2,164882,164409,473
10498861,8.67227,11.3613,469,59860,0.79,0.81,2,164890,164421,469
10501781,6.53445,8.67226,467,59860,0.79,0.81,2,164896,164429,467
10504701,6.10689,6.53445,467,59860,0.79,0.81,2,164902,164435,467
10507621,6.02138,6.10689,467,59860,0.79,0.81,2,164908,164441,467
10510541,14.0043,6.02138,477,59860,0.79,0.81,2,164924,164447,477
10513461,9.20086,14.0043,469,59860,0.79,0.81,2,164932,164463,469
10516381,139.44,9.20086,633,59860,0.79,0.81,2,165104,164471,633
10519301,101.488,139.44,553,59860,0.79,0.81,2,165196,164643,553
10522221,34.6976,101.488,479,59860,0.79,0.81,2,165214,164735,479
10525141,13.3395,34.6976,469,59860,0.79,0.81,2,165222,164753,469
10528061,12.2679,13.3395,473,59860,0.79,0.81,2,165234,164761,473
10530981,15.2536,12.2679,477,59860,0.79,0.81,2,165250,164773,477
10533901,11.0507,15.2536,471,59860,0.79,0.81,2,165260,164789,471
10536821,8.61014,11.0507,469,59860,0.79,0.79,2,165268,164799,469
10539741,8.12203,9.41014,468,59860,0.806,0.79,2,165276,164808,468
10542661,12.8244,8.28203,474,59860,0.8092,0.79,2,165290,164816,474
10545581,20.1649,12.8564,482,59860,0.80984,0.79,2,165312,164830,482
10548501,12.033,20.1713,470,59860,0.809968,0.79,2,165322,164852,470
10551421,8.8066,12.0343,468,59860,0.809994,0.79,2,165330,164862,468
10554341,11.3613,8.80685,472,59860,0.809999,0.79,2,165342,164870,472
10557261,8.67226,11.3614,468,59860,0.81,0.79,2,165350,164882,468
10560181,6.53445,8.67227,466,59860,0.81,0.79,2,165356,164890,466
10563101,6.10689,6.53445,466,59860,0.81,0.79,2,165362,164896,466
10566021,6.02138,6.10689,466,59860,0.81,0.79,2,165368,164902,466
10568941,14.0043,6.02138,476,59860,0.81,0.79,2,165384,164908,476
10571861,9.20086,14.0043,468,59860,0.81,0.79,2,165392,164924,468
10574781,139.44,9.20086,632,59860,0.81,0.79,2,165564,164932,632
10577701,101.488,139.44,552,59860,0.81,0.79,2,165656,165104,552
10580621,34.6976,101.488,478,59860,0.81,0.79,2,165674,165196,478
10583541,13.3395,34.6976,468,59860,0.81,0.79,2,165682,165214,468
10586461,12.2679,13.3395,472,59860,0.81,0.79,2,165694,165222,472
10589381,15.2536,12.2679,476,59860,0.81,0.79,2,165710,165234,476
10592301,11.0507,15.2536,470,59860,0.81,0.79,2,165720,165250,470
10595221,9.41014,11.0507,469,59860,0.794,0.79,2,165729,165260,469
10598141,8.28203,8.61014,469,59860,0.7908,0.81,2,165737,165268,469
10601061,12.8564,8.12203,475,59860,0.79016,0.81,2,165751,165276,475
10603981,20.1713,12.8244,483,59860,0.790032,0.81,2,165773,165290,483
10606901,12.0343,20.1649,471,59860,0.790006,0.81,2,165783,165312,471
10609821,8.80685,12.033,469,59860,0.790001,0.81,2,165791,165322,469
10612741,11.3614,8.8066,473,59860,0.79,0.81,2,165803,165330,473
10615661,8.67227,11.3613,469,59860,0.79,0.81,2,165811,165342,469
10618581,6.53445,8.67226,467,59860,0.79,0.81,2,165817,165350,467
10621501,6.10689,6.53445,467,59860,0.79,0.81,2,165823,165356,467
10624421,6.02138,6.10689,467,59860,0.79,0.81,2,165829,165362,467
10627341,14.0043,6.02138,477,59860,0.79,0.81,2,165845,165368,477
10630261,9.20086,14.0043,469,59860,0.79,0.81,2,165853,165384,469
10633181,139.44,9.20086,633,59860,0.79,0.81,2,166025,165392,633
10636101,101.488,139.44,553,59860,0.79,0.81,2,166117,165564,553
10639021,34.6976,101.488,479,59860,0.79,0.81,2,166135,165656,479
10641941,13.3395,34.6976,469,59860,0.79,0.81,2,166143,165674,469
10644861,12.2679,13.3395,473,59860,0.79,0.81,2,166155,165682,473
10647781,15.2536,12.2679,477,59860,0.79,0.81,2,166171,165694,477
10650701,11.0507,15.2536,471,59860,0.79,0.81,2,166181,165710,471
10653621,8.61014,11.0507,469,59860,0.79,0.79,2,166189,165720,469
10656541,8.12203,9.41014,468,59860,0.806,0.79,2,166197,165729,468
10659461,12.8244,8.28203,474,59860,0.8092,0.79,2,166211,165737,474
10662381,20.1649,12.8564,482,59860,0.80984,0.79,2,166233,165751,482
10665301,12.033,20.1713,470,59860,0.809968,0.79,2,166243,165773,470
10668221,8.8066,12.0343,468,59860,0.809994,0.79,2,166251,165783,468
10671141,11.3613,8.80685,472,59860,0.809999,0.79,2,166263,165791,472
10674061,8.67226,11.3614,468,59860,0.81,0.79,2,166271,165803,468
10676981,6.53445,8.67227,466,59860,0.81,0.79,2,166277,165811,466
10679901,6.10689,6.53445,466,59860,0.81,0.79,2,166283,165817,466
10682821,6.02138,6.10689,466,59860,0.81,0.79,2,166289,165823,466
10685741,14.0043,6.02138,476,59860,0.81,0.79,2,166305,165829,476
10688661,9.20086,14.0043,468,59860,0.81,0.79,2,166313,165845,468
10691581,139.44,9.20086,632,59860,0.81,0.79,2,166485,165853,632
10694501,101.488,139.44,552,59860,0.81,0.79,2,166577,166025,552
10697421,34.6976,101.488,478,59860,0.81,0.79,2,166595,166117,478
10700341,13.3395,34.6976,468,59860,0.81,0.79,2,166603,166135,468
10703261,12.2679,13.3395,472,59860,0.81,0.79,2,166615,166143,472
10706181,15.2536,12.2679,476,59860,0.81,0.79,2,166631,166155,476
10709101,11.0507,15.2536,470,59860,0.81,0.79,2,166641,166171,470
10712021,9.41014,11.0507,469,59860,0.794,0.79,2,166650,166181,469
10714941,8.28203,8.61014,469,59860,0.7908,0.81,2,166658,166189,469
10717861,12.8564,8.12203,475,59860,0.79016,0.81,2,166672,166197,475
10720781,20.1713,12.8244,483,59860,0.790032,0.81,2,166694,166211,483
10723701,12.0343,20.1649,471,59860,0.790006,0.81,2,166704,166233,471
10726621,8.80685,12.033,469,59860,0.790001,0.81,2,166712,166243,469
10729541,11.3614,8.8066,473,59860,0.79,0.81,2,166724,166251,473
10732461,8.67227,11.3613,469,59860,0.79,0.81,2,166732,166263,469
10735381,6.53445,8.67226,467,59860,0.79,0.81,2,166738,166271,467
10738301,6.10689,6.53445,467,59860,0.79,0.81,2,166744,166277,467
10741221,6.02138,6.10689,467,59860,0.79,0.81,2,166750,166283,467
10744141,14.0043,6.02138,477,59860,0.79,0.81,2,166766,166289,477
10747061,9.20086,14.0043,469,59860,0.79,0.81,2,166774,166305,469
10749981,139.44,9.20086,633,59860,0.79,0.81,2,166946,166313,633
10752901,101.488,139.44,553,59860,0.79,0.81,2,167038,166485,553
10755821,34.6976,101.488,479,59860,0.79,0.81,2,167056,166577,479
10758741,13.3395,34.6976,469,59860,0.79,0.81,2,167064,166595,469
10761661,12.2679,13.3395,473,59860,0.79,0.81,2,167076,166603,473
10764581,15.2536,12.2679,477,59860,0.79,0.81,2,167092,166615,477
10767501,11.0507,15.2536,471,59860,0.79,0.81,2,167102,166631,471
10770421,8.61014,11.0507,469,59860,0.79,0.79,2,167110,166641,469
10773341,8.12203,9.41014,468,59860,0.806,0.79,2,167118,166650,468
10776261,12.8244,8.28203,474,59860,0.8092,0.79,2,167132,166658,474
10779181,20.1649,12.8564,482,59860,0.80984,0.79,2,167154,166672,482
10782101,12.033,20.1713,470,59860,0.809968,0.79,2,167164,166694,470
10785021,8.8066,12.0343,468,59860,0.809994,0.79,2,167172,166704,468
10787941,11.3613,8.80685,472,59860,0.809999,0.79,2,167184,166712,472
10790861,8.67226,11.3614,468,59860,0.81,0.79,2,167192,166724,468
10793781,6.53445,8.67227,466,59860,0.81,0.79,2,167198,166732,466
10796701,6.10689,6.53445,466,59860,0.81,0.79,2,167204,166738,466
10799621,6.02138,6.10689,466,59860,0.81,0.79,2,167210,166744,466
10802541,14.0043,6.02138,476,59860,0.81,0.79,2,167226,166750,476
10805461,9.20086,14.0043,468,59860,0.81,0.79,2,167234,166766,468
10808381,139.44,9.20086,632,59860,0.81,0.79,2,167406,166774,632
10811301,101.488,139.44,552,59860,0.81,0.79,2,167498,166946,552
10814221,34.6976,101.488,478,59860,0.81,0.79,2,167516,167038,478
10817141,13.3395,34.6976,468,59860,0.81,0.79,2,167524,167056,468
10820061,12.2679,13.3395,472,59860,0.81,0.79,2,167536,167064,472
10822981,15.2536,12.2679,476,59860,0.81,0.79,2,167552,167076,476
10825901,11.0507,15.2536,470,59860,0.81,0.79,2,167562,167092,470
10828821,9.41014,11.0507,469,59860,0.794,0.79,2,167571,167102,469
10831741,8.28203,8.61014,469,59860,0.7908,0.81,2,167579,167110,469
10834661,12.8564,8.12203,475,59860,0.79016,0.81,2,167593,167118,475
10837581,20.1713,12.8244,483,59860,0.790032,0.81,2,167615,167132,483
10840501,12.0343,20.1649,471,59860,0.790006,0.81,2,167625,167154,471
10843421,8.80685,12.033,469,59860,0.790001,0.81,2,167633,167164,469
10846341,11.3614,8.8066,473,59860,0.79,0.81,2,167645,167172,473
10849261,8.67227,11.3613,469,59860,0.79,0.81,2,167653,167184,469
10852181,6.53445,8.67226,467,59860,0.79,0.81,2,167659,167192,467
10855101,6.10689,6.53445,467,59860,0.79,0.81,2,167665,167198,467
10858021,6.02138,6.10689,467,59860,0.79,0.81,2,167671,167204,467
10860941,14.0043,6.02138,477,59860,0.79,0.81,2,167687,167210,477
10863861,9.20086,14.0043,469,59860,0.79,0.81,2,167695,167226,469
10866781,139.44,9.20086,633,59860,0.79,0.81,2,167867,167234,633
10869701,101.488,139.44,553,59860,0.79,0.81,2,167959,167406,553
10872621,34.6976,101.488,479,59860,0.79,0.81,2,167977,167498,479
10875541,13.3395,34.6976,469,59860,0.79,0.81,2,167985,167516,469
10878461,12.2679,13.3395,473,59860,0.79,0.81,2,167997,167524,473
10881381,15.2536,12.2679,477,59860,0.79,0.81,2,168013,167536,477
10884301,11.0507,15.2536,471,59860,0.79,0.81,2,168023,167552,471
10887221,8.61014,11.0507,469,59860,0.79,0.79,2,168031,167562,469
10890141,8.12203,9.41014,468,59860,0.806,0.79,2,168039,167571,468
10893061,12.8244,8.28203,474,59860,0.8092,0.79,2,168053,167579,474
10895981,20.1649,12.8564,482,59860,0.80984,0.79,2,168075,167593,482
10898901,12.033,20.1713,470,59860,0.809968,0.79,2,168085,167615,470
10901821,8.8066,12.0343,468,59860,0.809994,0.79,2,168093,167625,468
10904741,11.3613,8.80685,472,59860,0.809999,0.79,2,168105,167633,472
10907661,8.67226,11.3614,468,59860,0.81,0.79,2,168113,167645,468
10910581,6.53445,8.67227,466,59860,0.81,0.79,2,168119,167653,466
10913501,6.10689,6.53445,466,59860,0.81,0.79,2,168125,167659,466
10916421,6.02138,6.10689,466,59860,0.81,0.79,2,168131,167665,466
10919341,14.0043,6.02138,476,59860,0.81,0.79,2,168147,167671,476
10922261,9.20086,14.0043,468,59860,0.81,0.79,2,168155,167687,468
10925181,139.44,9.20086,632,59860,0.81,0.79,2,168327,167695,632
10928101,101.488,139.44,552,59860,0.81,0.79,2,168419,167867,552
10931021,34.6976,101.488,478,59860,0.81,0.79,2,168437,167959,478
10933941,13.3395,34.6976,468,59860,0.81,0.79,2,168445,167977,468
10936861,12.2679,13.3395,472,59860,0.81,0.79,2,168457,167985,472
10939781,15.2536,12.2679,476,59860,0.81,0.79,2,168473,167997,476
10942701,11.0507,15.2536,470,59860,0.81,0.79,2,168483,168013,470
10945621,9.41014,11.0507,469,59860,0.794,0.79,2,168492,168023,469
10948541,8.28203,8.61014,469,59860,0.7908,0.81,2,168500,168031,469
10951461,12.8564,8.12203,475,59860,0.79016,0.81,2,168514,168039,475
10954381,20.1713,12.8244,483,59860,0.790032,0.81,2,168536,168053,483
10957301,12.0343,20.1649,471,59860,0.790006,0.81,2,168546,168075,471
10960221,8.80685,12.033,469,59860,0.790001,0.81,2,168554,168085,469
10963141,11.3614,8.8066,473,59860,0.79,0.81,2,168566,168093,473
10966061,8.67227,11.3613,469,59860,0.79,0.81,2,168574,168105,469
10968981,6.53445,8.67226,467,59860,0.79,0.81,2,168580,168113,467
10971901,6.10689,6.53445,467,59860,0.79,0.81,2,168586,168119,467
10974821,6.02138,6.10689,467,59860,0.79,0.81,2,168592,168125,467
10977741,14.0043,6.02138,477,59860,0.79,0.81,2,168608,168131,477
10980661,9.20086,14.0043,469,59860,0.79,0.81,2,168616,168147,469
10983581,139.44,9.20086,633,59860,0.79,0.81,2,168788,168155,633
10986501,101.488,139.44,553,59860,0.79,0.81,2,168880,168327,553
10989421,34.6976,101.488,479,59860,0.79,0.81,2,168898,168419,479
10992341,13.3395,34.6976,469,59860,0.79,0.81,2,168906,168437,469
10995261,12.2679,13.3395,473,59860,0.79,0.81,2,168918,168445,473
10998181,15.2536,12.2679,477,59860,0.79,0.81,2,168934,168457,477
11001101,11.0507,15.2536,471,59860,0.79,0.81,2,168944,168473,471
11004021,8.61014,11.0507,469,59860,0.79,0.79,2,168952,168483,469
11006941,8.12203,9.41014,468,59860,0.806,0.79,2,168960,168492,468
11009861,12.8244,8.28203,474,59860,0.8092,0.79,2,168974,168500,474
11012781,20.1649,12.8564,482,59860,0.80984,0.79,2,168996,168514,482
11015701,12.033,20.1713,470,59860,0.809968,0.79,2,169006,168536,470
11018621,8.8066,12.0343,468,59860,0.809994,0.79,2,169014,168546,468
11021541,11.3613,8.80685,472,59860,0.809999,0.79,2,169026,168554,472
11024461,8.67226,11.3614,468,59860,0.81,0.79,2,169034,168566,468
11027381,6.53445,8.67227,466,59860,0.81,0.79,2,169040,168574,466
11030301,6.10689,6.53445,466,59860,0.81,0.79,2,169046,168580,466
11033221,6.02138,6.10689,466,59860,0.81,0.79,2,169052,168586,466
11036141,14.0043,6.02138,476,59860,0.81,0.79,2,169068,168592,476
11039061,9.20086,14.0043,468,59860,0.81,0.79,2,169076,168608,468
11041981,139.44,9.20086,632,59860,0.81,0.79,2,169248,168616,632
11044901,101.488,139.44,552,59860,0.81,0.79,2,169340,168788,552
11047821,34.6976,101.488,478,59860,0.81,0.79,2,169358,168880,478
11050741,13.3395,34.6976,468,59860,0.81,0.79,2,169366,168898,468
11053661,12.2679,13.3395,472,59860,0.81,0.79,2,169378,168906,472
11056581,15.2536,12.2679,476,59860,0.81,0.79,2,169394,168918,476
11059501,11.0507,15.2536,470,59860,0.81,0.79,2,169404,168934,470
11062421,9.41014,11.0507,469,59860,0.794,0.79,2,169413,168944,469
11065341,8.28203,8.61014,469,59860,0.7908,0.81,2,169421,168952,469
11068261,12.8564,8.12203,475,59860,0.79016,0.81,2,169435,168960,475
11071181,20.1713,12.8244,483,59860,0.790032,0.81,2,169457,168974,483
11074101,12.0343,20.1649,471,59860,0.790006,0.81,2,169467,168996,471
11077021,8.80685,12.033,469,59860,0.790001,0.81,2,169475,169006,469
11079941,11.3614,8.8066,473,59860,0.79,0.81,2,169487,169014,473
11082861,8.67227,11.3613,469,59860,0.79,0.81,2,169495,169026,469
11085781,6.53445,8.67226,467,59860,0.79,0.81,2,169501,169034,467
11088701,6.10689,6.53445,467,59860,0.79,0.81,2,169507,169040,467
11091621,6.02138,6.10689,467,59860,0.79,0.81,2,169513,169046,467
11094541,14.0043,6.02138,477,59860,0.79,0.81,2,169529,169052,477
11097461,9.20086,14.0043,469,59860,0.79,0.81,2,169537,169068,469
11100381,139.44,9.20086,633,59860,0.79,0.81,2,169709,169076,633
11103301,101.488,139.44,553,59860,0.79,0.81,2,169801,169248,553
11106221,34.6976,101.488,479,59860,0.79,0.81,2,169819,169340,479
11109141,13.3395,34.6976,469,59860,0.79,0.81,2,169827,169358,469
11112061,12.2679,13.3395,473,59860,0.79,0.81,2,169839,169366,473
11114981,15.2536,12.2679,477,59860,0.79,0.81,2,169855,169378,477
11117901,11.0507,15.2536,471,59860,0.79,0.81,2,169865,169394,471
11120821,8.61014,11.0507,469,59860,0.79,0.79,2,169873,169404,469
11123741,8.12203,9.41014,468,59860,0.806,0.79,2,169881,169413,468
11126661,12.8244,8.28203,474,59860,0.8092,0.79,2,169895,169421,474
11129581,20.1649,12.8564,482,59860,0.80984,0.79,2,169917,169435,482
11132501,12.033,20.1713,470,59860,0.809968,0.79,2,169927,169457,470
11135421,8.8066,12.0343,468,59860,0.809994,0.79,2,169935,169467,468
11138341,11.3613,8.80685,472,59860,0.809999,0.79,2,169947,169475,472
11141261,8.67226,11.3614,468,59860,0.81,0.79,2,169955,169487,468
11144181,6.53445,8.67227,466,59860,0.81,0.79,2,169961,169495,466
11147101,6.10689,6.53445,466,59860,0.81,0.79,2,169967,169501,466
11150021,6.02138,6.10689,466,59860,0.81,0.79,2,169973,169507,466
11152941,14.0043,6.02138,476,59860,0.81,0.79,2,169989,169513,476
11155861,9.20086,14.0043,468,59860,0.81,0.79,2,169997,169529,468
11158781,139.44,9.20086,632,59860,0.81,0.79,2,170169,169537,632
11161701,101.488,139.44,552,59860,0.81,0.79,2,170261,169709,552
11164621,34.6976,101.488,478,59860,0.81,0.79,2,170279,169801,478
11167541,13.3395,34.6976,468,59860,0.81,0.79,2,170287,169819,468
11170461,12.2679,13.3395,472,59860,0.81,0.79,2,170299,169827,472
11173381,15.2536,12.2679,476,59860,0.81,0.79,2,170315,169839,476
11176301,11.0507,15.2536,470,59860,0.81,0.79,2,170325,169855,470
11179221,9.41014,11.0507,469,59860,0.794,0.79,2,170334,169865,469
11182141,8.28203,8.61014,469,59860,0.7908,0.81,2,170342,169873,469
11185061,12.8564,8.12203,475,59860,0.79016,0.81,2,170356,169881,475
11187981,20.1713,12.8244,483,59860,0.790032,0.81,2,170378,169895,483
11190901,12.0343,20.1649,471,59860,0.790006,0.81,2,170388,169917,471
11193821,8.80685,12.033,469,59860,0.790001,0.81,2,170396,169927,469
11196741,11.3614,8.8066,473,59860,0.79,0.81,2,170408,169935,473
11199661,8.67227,11.3613,469,59860,0.79,0.81,2,170416,169947,469
11202581,6.53445,8.67226,467,59860,0.79,0.81,2,170422,169955,467
11205501,6.10689,6.53445,467,59860,0.79,0.81,2,170428,169961,467
11208421,6.02138,6.10689,467,59860,0.79,0.81,2,170434,169967,467
11211341,14.0043,6.02138,477,59860,0.79,0.81,2,170450,169973,477
11214261,9.20086,14.0043,469,59860,0.79,0.81,2,170458,169989,469
11217181,139.44,9.20086,633,59860,0.79,0.81,2,170630,169997,633
11220101,101.488,139.44,553,59860,0.79,0.81,2,170722,170169,553
11223021,34.6976,101.488,479,59860,0.79,0.81,2,170740,170261,479
11225941,13.3395,34.6976,469,59860,0.79,0.81,2,170748,170279,469
11228861,12.2679,13.3395,473,59860,0.79,0.81,2,170760,170287,473
11231781,15.2536,12.2679,477,59860,0.79,0.81,2,170776,170299,477
11234701,11.0507,15.2536,471,59860,0.79,0.81,2,170786,170315,471
11237621,8.61014,11.0507,469,59860,0.79,0.79,2,170794,170325,469
11240541,8.12203,9.41014,468,59860,0.806,0.79,2,170802,170334,468
11243461,12.8244,8.28203,474,59860,0.8092,0.79,2,170816,170342,474
11246381,20.1649,12.8564,482,59860,0.80984,0.79,2,170838,170356,482
11249301,12.033,20.1713,470,59860,0.809968,0.79,2,170848,170378,470
11252221,8.8066,12.0343,468,59860,0.809994,0.79,2,170856,170388,468
11255141,11.3613,8.80685,472,59860,0.809999,0.79,2,170868,170396,472
11258061,8.67226,11.3614,468,59860,0.81,0.79,2,170876,170408,468
11260981,6.53445,8.67227,466,59860,0.81,0.79,2,170882,170416,466
11263901,6.10689,6.53445,466,59860,0.81,0.79,2,170888,170422,466
11266821,6.02138,6.10689,466,59860,0.81,0.79,2,170894,170428,466
11269741,14.0043,6.02138,476,59860,0.81,0.79,2,170910,170434,476
11272661,9.20086,14.0043,468,59860,0.81,0.79,2,170918,170450,468
11275581,139.44,9.20086,632,59860,0.81,0.79,2,171090,170458,632
11278501,101.488,139.44,552,59860,0.81,0.79,2,171182,170630,552
11281421,34.6976,101.488,478,59860,0.81,0.79,2,171200,170722,478
11284341,13.3395,34.6976,468,59860,0.81,0.79,2,171208,170740,468
11287261,12.2679,13.3395,472,59860,0.81,0.79,2,171220,170748,472
11290181,15.2536,12.2679,476,59860,0.81,0.79,2,171236,170760,476
11293101,11.0507,15.2536,470,59860,0.81,0.79,2,171246,170776,470
11296021,9.41014,11.0507,469,59860,0.794,0.79,2,171255,170786,469
11298941,8.28203,8.61014,469,59860,0.7908,0.81,2,171263,170794,469
11301861,12.8564,8.12203,475,59860,0.79016,0.81,2,171277,170802,475
11304781,20.1713,12.8244,483,59860,0.790032,0.81,2,171299,170816,483
11307701,12.0343,20.1649,471,59860,0.790006,0.81,2,171309,170838,471
11310621,8.80685,12.033,469,59860,0.790001,0.81,2,171317,170848,469
11313541,11.3614,8.8066,473,59860,0.79,0.81,2,171329,170856,473
11316461,8.67227,11.3613,469,59860,0.79,0.81,2,171337,170868,469
11319381,6.53445,8.67226,467,59860,0.79,0.81,2,171343,170876,467
11322301,6.10689,6.53445,467,59860,0.79,0.81,2,171349,170882,467
11325221,6.02138,6.10689,467,59860,0.79,0.81,2,171355,170888,467
11328141,14.0043,6.02138,477,59860,0.79,0.81,2,171371,170894,477
11331061,9.20086,14.0043,469,59860,0.79,0.81,2,171379,170910,469
11333981,139.44,9.20086,633,59860,0.79,0.81,2,171551,170918,633
11336901,101.488,139.44,553,59860,0.79,0.81,2,171643,171090,553
11339821,34.6976,101.488,479,59860,0.79,0.81,2,171661,171182,479
11342741,13.3395,34.6976,469,59860,0.79,0.81,2,171669,171200,469
11345661,12.2679,13.3395,473,59860,0.79,0.81,2,171681,171208,473
11348581,15.2536,12.2679,477,59860,0.79,0.81,2,171697,171220,477
11351501,11.0507,15.2536,471,59860,0.79,0.81,2,171707,171236,471
11354421,8.61014,11.0507,469,59860,0.79,0.79,2,171715,171246,469
11357341,8.12203,9.41014,468,59860,0.806,0.79,2,171723,171255,468
11360261,12.8244,8.28203,474,59860,0.8092,0.79,2,171737,171263,474
11363181,20.1649,12.8564,482,59860,0.80984,0.79,2,171759,171277,482
11366101,12.033,20.1713,470,59860,0.809968,0.79,2,171769,171299,470
11369021,8.8066,12.0343,468,59860,0.809994,0.79,2,171777,171309,468
11371941,11.3613,8.80685,472,59860,0.809999,0.79,2,171789,171317,472
11374861,8.67226,11.3614,468,59860,0.81,0.79,2,171797,171329,468
11377781,6.53445,8.67227,466,59860,0.81,0.79,2,171803,171337,466
11380701,6.10689,6.53445,466,59860,0.81,0.79,2,171809,171343,466
11383621,6.02138,6.10689,466,59860,0.81,0.79,2,171815,171349,466
11386541,14.0043,6.02138,476,59860,0.81,0.79,2,171831,171355,476
11389461,9.20086,14.0043,468,59860,0.81,0.79,2,171839,171371,468
11392381,139.44,9.20086,632,59860,0.81,0.79,2,172011,171379,632
11395301,101.488,139.44,552,59860,0.81,0.79,2,172103,171551,552
11398221,34.6976,101.488,478,59860,0.81,0.79,2,172121,171643,478
11401141,13.3395,34.6976,468,59860,0.81,0.79,2,172129,171661,468
11404061,12.2679,13.3395,472,59860,0.81,0.79,2,172141,171669,472
11406981,15.2536,12.2679,476,59860,0.81,0.79,2,172157,171681,476
11409901,11.0507,15.2536,470,59860,0.81,0.79,2,172167,171697,470
11412821,9.41014,11.0507,469,59860,0.794,0.79,2,172176,171707,469
11415741,8.28203,8.61014,469,59860,0.7908,0.81,2,172184,171715,469
11418661,12.8564,8.12203,475,59860,0.79016,0.81,2,172198,171723,475
11421581,20.1713,12.8244,483,59860,0.790032,0.81,2,172220,171737,483
11424501,12.0343,20.1649,471,59860,0.790006,0.81,2,172230,171759,471
11427421,8.80685,12.033,469,59860,0.790001,0.81,2,172238,171769,469
11430341,11.3614,8.8066,473,59860,0.79,0.81,2,172250,171777,473
11433261,8.67227,11.3613,469,59860,0.79,0.81,2,172258,171789,469
11436181,6.53445,8.67226,467,59860,0.79,0.81,2,172264,171797,467
11439101,6.10689,6.53445,467,59860,0.79,0.81,2,172270,171803,467
11442021,6.02138,6.10689,467,59860,0.79,0.81,2,172276,171809,467
11444941,14.0043,6.02138,477,59860,0.79,0.81,2,172292,171815,477
11447861,9.20086,14.0043,469,59860,0.79,0.81,2,172300,171831,469
11450781,139.44,9.20086,633,59860,0.79,0.81,2,172472,171839,633
11453701,101.488,139.44,553,59860,0.79,0.81,2,172564,172011,553
11456621,34.6976,101.488,479,59860,0.79,0.81,2,172582,172103,479
11459541,13.3395,34.6976,469,59860,0.79,0.81,2,172590,172121,469
11462461,12.2679,13.3395,473,59860,0.79,0.81,2,172602,172129,473
11465381,15.2536,12.2679,477,59860,0.79,0.81,2,172618,172141,477
11468301,11.0507,15.2536,471,59860,0.79,0.81,2,172628,172157,471
11471221,8.61014,11.0507,469,59860,0.79,0.79,2,172636,172167,469
11474141,8.12203,9.41014,468,59860,0.806,0.79,2,172644,172176,468
11477061,12.8244,8.28203,474,59860,0.8092,0.79,2,172658,172184,474
11479981,20.1649,12.8564,482,59860,0.80984,0.79,2,172680,172198,482
11482901,12.033,20.1713,470,59860,0.809968,0.79,2,172690,172220,470
11485821,8.8066,12.0343,468,59860,0.809994,0.79,2,172698,172230,468
11488741,11.3613,8.80685,472,59860,0.809999,0.79,2,172710,172238,472
11491661,8.67226,11.3614,468,59860,0.81,0.79,2,172718,172250,468
11494581,6.53445,8.67227,466,59860,0.81,0.79,2,172724,172258,466
11497501,6.10689,6.53445,466,59860,0.81,0.79,2,172730,172264,466
11500421,6.02138,6.10689,466,59860,0.81,0.79,2,172736,172270,466
11503341,14.0043,6.02138,476,59860,0.81,0.79,2,172752,172276,476
11506261,9.20086,14.0043,468,59860,0.81,0.79,2,172760,172292,468
11509181,139.44,9.20086,632,59860,0.81,0.79,2,172932,172300,632
11512101,101.488,139.44,552,59860,0.81,0.79,2,173024,172472,552
11515021,34.6976,101.488,478,59860,0.81,0.79,2,173042,172564,478
11517941,13.3395,34.6976,468,59860,0.81,0.79,2,173050,172582,468
11520861,12.2679,13.3395,472,59860,0.81,0.79,2,173062,172590,472
11523781,15.2536,12.2679,476,59860,0.81,0.79,2,173078,172602,476
11526701,11.0507,15.2536,470,59860,0.81,0.79,2,173088,172618,470
11529621,9.41014,11.0507,469,59860,0.794,0.79,2,173097,172628,469
11532541,8.28203,8.61014,469,59860,0.7908,0.81,2,173105,172636,469
11535461,12.8564,8.12203,475,59860,0.79016,0.81,2,173119,172644,475
11538381,20.1713,12.8244,483,59860,0.790032,0.81,2,173141,172658,483
11541301,12.0343,20.1649,471,59860,0.790006,0.81,2,173151,172680,471
11544221,8.80685,12.033,469,59860,0.790001,0.81,2,173159,172690,469
11547141,11.3614,8.8066,473,59860,0.79,0.81,2,173171,172698,473
11550061,8.67227,11.3613,469,59860,0.79,0.81,2,173179,172710,469
11552981,6.53445,8.67226,467,59860,0.79,0.81,2,173185,172718,467
11555901,6.10689,6.53445,467,59860,0.79,0.81,2,173191,172724,467
11558821,6.02138,6.10689,467,59860,0.79,0.81,2,173197,172730,467
11561741,14.0043,6.02138,477,59860,0.79,0.81,2,173213,172736,477
11564661,9.20086,14.0043,469,59860,0.79,0.81,2,173221,172752,469
11567581,139.44,9.20086,633,59860,0.79,0.81,2,173393,172760,633
11570501,101.488,139.44,553,59860,0.79,0.81,2,173485,172932,553
11573421,34.6976,101.488,479,59860,0.79,0.81,2,173503,173024,479
11576341,13.3395,34.6976,469,59860,0.79,0.81,2,173511,173042,469
11579261,12.2679,13.3395,473,59860,0.79,0.81,2,173523,173050,473
11582181,15.2536,12.2679,477,59860,0.79,0.81,2,173539,173062,477
11585101,11.0507,15.2536,471,59860,0.79,0.81,2,173549,173078,471
11588021,8.61014,11.0507,469,59860,0.79,0.79,2,173557,173088,469
11590941,8.12203,9.41014,468,59860,0.806,0.79,2,173565,173097,468
11593861,12.8244,8.28203,474,59860,0.8092,0.79,2,173579,173105,474
11596781,20.1649,12.8564,482,59860,0.80984,0.79,2,173601,173119,482
11599701,12.033,20.1713,470,59860,0.809968,0.79,2,173611,173141,470
11602621,8.8066,12.0343,468,59860,0.809994,0.79,2,173619,173151,468
11605541,11.3613,8.80685,472,59860,0.809999,0.79,2,173631,173159,472
11608461,8.67226,11.3614,468,59860,0.81,0.79,2,173639,173171,468
11611381,6.53445,8.67227,466,59860,0.81,0.79,2,173645,173179,466
11614301,6.10689,6.53445,466,59860,0.81,0.79,2,173651,173185,466
11617221,6.02138,6.10689,466,59860,0.81,0.79,2,173657,173191,466
11620141,14.0043,6.02138,476,59860,0.81,0.79,2,173673,173197,476
11623061,9.20086,14.0043,468,59860,0.81,0.79,2,173681,173213,468
11625981,139.44,9.20086,632,59860,0.81,0.79,2,173853,173221,632
11628901,101.488,139.44,552,59860,0.81,0.79,2,173945,173393,552
11631821,34.6976,101.488,478,59860,0.81,0.79,2,173963,173485,478
11634741,13.3395,34.6976,468,59860,0.81,0.79,2,173971,173503,468
11637661,12.2679,13.3395,472,59860,0.81,0.79,2,173983,173511,472
11640581,15.2536,12.2679,476,59860,0.81,0.79,2,173999,173523,476
11643501,11.0507,15.2536,470,59860,0.81,0.79,2,174009,173539,470
11646421,9.41014,11.0507,469,59860,0.794,0.79,2,174018,173549,469
11649341,8.28203,8.61014,469,59860,0.7908,0.81,2,174026,173557,469
11652261,12.8564,8.12203,475,59860,0.79016,0.81,2,174040,173565,475
11655181,20.1713,12.8244,483,59860,0.790032,0.81,2,174062,173579,483
11658101,12.0343,20.1649,471,59860,0.790006,0.81,2,174072,173601,471
11661021,8.80685,12.033,469,59860,0.790001,0.81,2,174080,173611,469
11663941,11.3614,8.8066,473,59860,0.79,0.81,2,174092,173619,473
11666861,8.67227,11.3613,469,59860,0.79,0.81,2,174100,173631,469
11669781,6.53445,8.67226,467,59860,0.79,0.81,2,174106,173639,467
11672701,6.10689,6.53445,467,59860,0.79,0.81,2,174112,173645,467
11675621,6.02138,6.10689,467,59860,0.79,0.81,2,174118,173651,467
11678541,14.0043,6.02138,477,59860,0.79,0.81,2,174134,173657,477
11681461,9.20086,14.0043,469,59860,0.79,0.81,2,174142,173673,469
11684381,139.44,9.20086,633,59860,0.79,0.81,2,174314,173681,633
11687301,101.488,139.44,553,59860,0.79,0.81,2,174406,173853,553
11690221,34.6976,101.488,479,59860,0.79,0.81,2,174424,173945,479
11693141,13.3395,34.6976,469,59860,0.79,0.81,2,174432,173963,469
11696061,12.2679,13.3395,473,59860,0.79,0.81,2,174444,173971,473
11698981,15.2536,12.2679,477,59860,0.79,0.81,2,174460,173983,477
11701901,11.0507,15.2536,471,59860,0.79,0.81,2,174470,173999,471
11704821,8.61014,11.0507,469,59860,0.79,0.79,2,174478,174009,469
11707741,8.12203,9.41014,468,59860,0.806,0.79,2,174486,174018,468
11710661,12.8244,8.28203,474,59860,0.8092,0.79,2,174500,174026,474
11713581,20.1649,12.8564,482,59860,0.80984,0.79,2,174522,174040,482
11716501,12.033,20.1713,470,59860,0.809968,0.79,2,174532,174062,470
11719421,8.8066,12.0343,468,59860,0.809994,0.79,2,174540,174072,468
11722341,11.3613,8.80685,472,59860,0.809999,0.79,2,174552,174080,472
11725261,8.67226,11.3614,468,59860,0.81,0.79,2,174560,174092,468
11728181,6.53445,8.67227,466,59860,0.81,0.79,2,174566,174100,466
11731101,6.10689,6.53445,466,59860,0.81,0.79,2,174572,174106,466
11734021,6.02138,6.10689,466,59860,0.81,0.79,2,174578,174112,466
11736941,14.0043,6.02138,476,59860,0.81,0.79,2,174594,174118,476
11739861,9.20086,14.0043,468,59860,0.81,0.79,2,174602,174134,468
11742781,139.44,9.20086,632,59860,0.81,0.79,2,174774,174142,632
11745701,101.488,139.44,552,59860,0.81,0.79,2,174866,174314,552
11748621,34.6976,101.488,478,59860,0.81,0.79,2,174884,174406,478
11751541,13.3395,34.6976,468,59860,0.81,0.79,2,174892,174424,468
11754461,12.2679,13.3395,472,59860,0.81,0.79,2,174904,174432,472
11757381,15.2536,12.2679,476,59860,0.81,0.79,2,174920,174444,476
11760301,11.0507,15.2536,470,59860,0.81,0.79,2,174930,174460,470
11763221,9.41014,11.0507,469,59860,0.794,0.79,2,174939,174470,469
11766141,8.28203,8.61014,469,59860,0.7908,0.81,2,174947,174478,469
11769061,12.8564,8.12203,475,59860,0.79016,0.81,2,174961,174486,475
11771981,20.1713,12.8244,483,59860,0.790032,0.81,2,174983,174500,483
11774901,12.0343,20.1649,471,59860,0.790006,0.81,2,174993,174522,471
11777821,8.80685,12.033,469,59860,0.790001,0.81,2,175001,174532,469
11780741,11.3614,8.8066,473,59860,0.79,0.81,2,175013,174540,473
11783661,8.67227,11.3613,469,59860,0.79,0.81,2,175021,174552,469
11786581,6.53445,8.67226,467,59860,0.79,0.81,2,175027,174560,467
11789501,6.10689,6.53445,467,59860,0.79,0.81,2,175033,174566,467
11792421,6.02138,6.10689,467,59860,0.79,0.81,2,175039,174572,467
11795341,14.0043,6.02138,477,59860,0.79,0.81,2,175055,174578,477
11798261,9.20086,14.0043,469,59860,0.79,0.81,2,175063,174594,469
11801181,139.44,9.20086,633,59860,0.79,0.81,2,175235,174602,633
11804101,101.488,139.44,553,59860,0.79,0.81,2,175327,174774,553
11807021,34.6976,101.488,479,59860,0.79,0.81,2,175345,174866,479
11809941,13.3395,34.6976,469,59860,0.79,0.81,2,175353,174884,469
11812861,12.2679,13.3395,473,59860,0.79,0.81,2,175365,174892,473
11815781,15.2536,12.2679,477,59860,0.79,0.81,2,175381,174904,477
11818701,11.0507,15.2536,471,59860,0.79,0.81,2,175391,174920,471
11821621,8.61014,11.0507,469,59860,0.79,0.79,2,175399,174930,469
11824541,8.12203,9.41014,468,59860,0.806,0.79,2,175407,174939,468
11827461,12.8244,8.28203,474,59860,0.8092,0.79,2,175421,174947,474
11830381,20.1649,12.8564,482,59860,0.80984,0.79,2,175443,174961,482
11833301,12.033,20.1713,470,59860,0.809968,0.79,2,175453,174983,470
11836221,8.8066,12.0343,468,59860,0.809994,0.79,2,175461,174993,468
11839141,11.3613,8.80685,472,59860,0.809999,0.79,2,175473,175001,472
11842061,8.67226,11.3614,468,59860,0.81,0.79,2,175481,175013,468
11844981,6.53445,8.67227,466,59860,0.81,0.79,2,175487,175021,466
11847901,6.10689,6.53445,466,59860,0.81,0.79,2,175493,175027,466
11850821,6.02138,6.10689,466,59860,0.81,0.79,2,175499,175033,466
11853741,14.0043,6.02138,476,59860,0.81,0.79,2,175515,175039,476
11856661,9.20086,14.0043,468,59860,0.81,0.79,2,175523,175055,468
11859581,139.44,9.20086,632,59860,0.81,0.79,2,175695,175063,632
11862501,101.488,139.44,552,59860,0.81,0.79,2,175787,175235,552
11865421,34.6976,101.488,478,59860,0.81,0.79,2,175805,175327,478
11868341,13.3395,34.6976,468,59860,0.81,0.79,2,175813,175345,468
11871261,12.2679,13.3395,472,59860,0.81,0.79,2,175825,175353,472
11874181,15.2536,12.2679,476,59860,0.81,0.79,2,175841,175365,476
11877101,11.0507,15.2536,470,59860,0.81,0.79,2,175851,175381,470
11880021,9.41014,11.0507,469,59860,0.794,0.79,2,175860,175391,469
11882941,8.28203,8.61014,469,59860,0.7908,0.81,2,175868,175399,469
11885861,12.8564,8.12203,475,59860,0.79016,0.81,2,175882,175407,475
11888781,20.1713,12.8244,483,59860,0.790032,0.81,2,175904,175421,483
11891701,12.0343,20.1649,471,59860,0.790006,0.81,2,175914,175443,471
11894621,8.80685,12.033,469,59860,0.790001,0.81,2,175922,175453,469
11897541,11.3614,8.8066,473,59860,0.79,0.81,2,175934,175461,473
11900461,8.67227,11.3613,469,59860,0.79,0.81,2,175942,175473,469
11903381,6.53445,8.67226,467,59860,0.79,0.81,2,175948,175481,467
11906301,6.10689,6.53445,467,59860,0.79,0.81,2,175954,175487,467
11909221,6.02138,6.10689,467,59860,0.79,0.81,2,175960,175493,467
11912141,14.0043,6.02138,477,59860,0.79,0.81,2,175976,175499,477
11915061,9.20086,14.0043,469,59860,0.79,0.81,2,175984,175515,469
11917981,139.44,9.20086,633,59860,0.79,0.81,2,176156,175523,633
11920901,101.488,139.44,553,59860,0.79,0.81,2,176248,175695,553
11923821,34.6976,101.488,479,59860,0.79,0.81,2,176266,175787,479
11926741,13.3395,34.6976,469,59860,0.79,0.81,2,176274,175805,469
11929661,12.2679,13.3395,473,59860,0.79,0.81,2,176286,175813,473
11932581,15.2536,12.2679,477,59860,0.79,0.81,2,176302,175825,477
11935501,11.0507,15.2536,471,59860,0.79,0.81,2,176312,175841,471
11938421,8.61014,11.0507,469,59860,0.79,0.79,2,176320,175851,469
11941341,8.12203,9.41014,468,59860,0.806,0.79,2,176328,175860,468
11944261,12.8244,8.28203,474,59860,0.8092,0.79,2,176342,175868,474
11947181,20.1649,12.8564,482,59860,0.80984,0.79,2,176364,175882,482
11950101,12.033,20.1713,470,59860,0.809968,0.79,2,176374,175904,470
11953021,8.8066,12.0343,468,59860,0.809994,0.79,2,176382,175914,468
11955941,11.3613,8.80685,472,59860,0.809999,0.79,2,176394,175922,472
11958861,8.67226,11.3614,468,59860,0.81,0.79,2,176402,175934,468
11961781,6.53445,8.67227,466,59860,0.81,0.79,2,176408,175942,466
11964701,6.10689,6.53445,466,59860,0.81,0.79,2,176414,175948,466
11967621,6.02138,6.10689,466,59860,0.81,0.79,2,176420,175954,466
11970541,14.0043,6.02138,476,59860,0.81,0.79,2,176436,175960,476
11973461,9.20086,14.0043,468,59860,0.81,0.79,2,176444,175976,468
11976381,139.44,9.20086,632,59860,0.81,0.79,2,176616,175984,632
11979301,101.488,139.44,552,59860,0.81,0.79,2,176708,176156,552
11982221,34.6976,101.488,478,59860,0.81,0.79,2,176726,176248,478
11985141,13.3395,34.6976,468,59860,0.81,0.79,2,176734,176266,468
11988061,12.2679,13.3395,472,59860,0.81,0.79,2,176746,176274,472
11990981,15.2536,12.2679,476,59860,0.81,0.79,2,176762,176286,476
11993901,11.0507,15.2536,470,59860,0.81,0.79,2,176772,176302,470
11996821,9.41014,11.0507,469,59860,0.794,0.79,2,176781,176312,469
11999741,8.28203,8.61014,469,59860,0.7908,0.81,2,176789,176320,469
12002661,12.8564,8.12203,475,59860,0.79016,0.81,2,176803,176328,475
12005581,20.1713,12.8244,483,59860,0.790032,0.81,2,176825,176342,483
12008501,12.0343,20.1649,471,59860,0.790006,0.81,2,176835,176364,471
12011421,8.80685,12.033,469,59860,0.790001,0.81,2,176843,176374,469
12014341,11.3614,8.8066,473,59860,0.79,0.81,2,176855,176382,473
12017261,8.67227,11.3613,469,59860,0.79,0.81,2,176863,176394,469
12020181,6.53445,8.67226,467,59860,0.79,0.81,2,176869,176402,467
12023101,6.10689,6.53445,467,59860,0.79,0.81,2,176875,176408,467
12026021,6.02138,6.10689,467,59860,0.79,0.81,2,176881,176414,467
12028941,14.0043,6.02138,477,59860,0.79,0.81,2,176897,176420,477
12031861,9.20086,14.0043,469,59860,0.79,0.81,2,176905,176436,469
12034781,139.44,9.20086,633,59860,0.79,0.81,2,177077,176444,633
12037701,101.488,139.44,553,59860,0.79,0.81,2,177169,176616,553
12040621,34.6976,101.488,479,59860,0.79,0.81,2,177187,176708,479
12043541,13.3395,34.6976,469,59860,0.79,0.81,2,177195,176726,469
12046461,12.2679,13.3395,473,59860,0.79,0.81,2,177207,176734,473
12049381,15.2536,12.2679,477,59860,0.79,0.81,2,177223,176746,477
12052301,11.0507,15.2536,471,59860,0.79,0.81,2,177233,176762,471
12055221,8.61014,11.0507,469,59860,0.79,0.79,2,177241,176772,469
12058141,8.12203,9.41014,468,59860,0.806,0.79,2,177249,176781,468
12061061,12.8244,8.28203,474,59860,0.8092,0.79,2,177263,176789,474
12063981,20.1649,12.8564,482,59860,0.80984,0.79,2,177285,176803,482
12066901,12.033,20.1713,470,59860,0.809968,0.79,2,177295,176825,470
12069821,8.8066,12.0343,468,59860,0.809994,0.79,2,177303,176835,468
12072741,11.3613,8.80685,472,59860,0.809999,0.79,2,177315,176843,472
12075661,8.67226,11.3614,468,59860,0.81,0.79,2,177323,176855,468
12078581,6.53445,8.67227,466,59860,0.81,0.79,2,177329,176863,466
12081501,6.10689,6.53445,466,59860,0.81,0.79,2,177335,176869,466
12084421,6.02138,6.10689,466,59860,0.81,0.79,2,177341,176875,466
12087341,14.0043,6.02138,476,59860,0.81,0.79,2,177357,176881,476
12090261,9.20086,14.0043,468,59860,0.81,0.79,2,177365,176897,468
12093181,139.44,9.20086,632,59860,0.81,0.79,2,177537,176905,632
12096101,101.488,139.44,552,59860,0.81,0.79,2,177629,177077,552
12099021,34.6976,101.488,478,59860,0.81,0.79,2,177647,177169,478
12101941,13.3395,34.6976,468,59860,0.81,0.79,2,177655,177187,468
12104861,12.2679,13.3395,472,59860,0.81,0.79,2,177667,177195,472
12107781,15.2536,12.2679,476,59860,0.81,0.79,2,177683,177207,476
12110701,11.0507,15.2536,470,59860,0.81,0.79,2,177693,177223,470
12113621,9.41014,11.0507,469,59860,0.794,0.79,2,177702,177233,469
12116541,8.28203,8.61014,469,59860,0.7908,0.81,2,177710,177241,469
12119461,12.8564,8.12203,475,59860,0.79016,0.81,2,177724,177249,475
12122381,20.1713,12.8244,483,59860,0.790032,0.81,2,177746,177263,483
12125301,12.0343,20.1649,471,59860,0.790006,0.81,2,177756,177285,471
12128221,8.80685,12.033,469,59860,0.790001,0.81,2,177764,177295,469
12131141,11.3614,8.8066,473,59860,0.79,0.81,2,177776,177303,473
12134061,8.67227,11.3613,469,59860,0.79,0.81,2,177784,177315,469
12136981,6.53445,8.67226,467,59860,0.79,0.81,2,177790,177323,467
12139901,6.10689,6.53445,467,59860,0.79,0.81,2,177796,177329,467
12142821,6.02138,6.10689,467,59860,0.79,0.81,2,177802,177335,467
12145741,14.0043,6.02138,477,59860,0.79,0.81,2,177818,177341,477
12148661,9.20086,14.0043,469,59860,0.79,0.81,2,177826,177357,469
12151581,139.44,9.20086,633,59860,0.79,0.81,2,177998,177365,633
12154501,101.488,139.44,553,59860,0.79,0.81,2,178090,177537,553
12157421,34.6976,101.488,479,59860,0.79,0.81,2,178108,177629,479
12160341,13.3395,34.6976,469,59860,0.79,0.81,2,178116,177647,469
12163261,12.2679,13.3395,473,59860,0.79,0.81,2,178128,177655,473
12166181,15.2536,12.2679,477,59860,0.79,0.81,2,178144,177667,477
12169101,11.0507,15.2536,471,59860,0.79,0.81,2,178154,177683,471
12172021,8.61014,11.0507,469,59860,0.79,0.79,2,178162,177693,469
12174941,8.12203,9.41014,468,59860,0.806,0.79,2,178170,177702,468
12177861,12.8244,8.28203,474,59860,0.8092,0.79,2,178184,177710,474
12180781,20.1649,12.8564,482,59860,0.80984,0.79,2,178206,177724,482
12183701,12.033,20.1713,470,59860,0.809968,0.79,2,178216,177746,470
12186621,8.8066,12.0343,468,59860,0.809994,0.79,2,178224,177756,468
12189541,11.3613,8.80685,472,59860,0.809999,0.79,2,178236,177764,472
12192461,8.67226,11.3614,468,59860,0.81,0.79,2,178244,177776,468
12195381,6.53445,8.67227,466,59860,0.81,0.79,2,178250,177784,466
12198301,6.10689,6.53445,466,59860,0.81,0.79,2,178256,177790,466
12201221,6.02138,6.10689,466,59860,0.81,0.79,2,178262,177796,466
12204141,14.0043,6.02138,476,59860,0.81,0.79,2,178278,177802,476
12207061,9.20086,14.0043,468,59860,0.81,0.79,2,178286,177818,468
