#Ack,ack_ewma(ms),send_ewma(ms),rtt_ratio,cwnd (Bytes),Last Router Ocupation Ack Arriaval(Packets),Last Router Ocupation Packet Sent(Packets),Network Situation,AckArrival(ms),TSInsideAck(ms),RTTAck(ms)
7301,2,0,491,18980,0.89,0.77,2,90947,90456,491
10221,2,0,493,21900,0.89,0.77,2,90949,90456,493
13141,3.6,0,497,24820,0.874,0.77,2,90953,90456,497
14601,163.12,0,700,27740,0.5508,0.89,1,91156,90456,700
799161,6,9,476,74460,0.49,0.97,1,97392,96916,476
802081,8.4,12.2,472,75920,0.402,0.78,1,97401,96929,472
1014441,8,15,496,59860,0,1,1,98648,98152,496
1168441,12,13,478,67160,0.84,1,2,99892,99414,478
1171361,21.6,12.2,490,67160,0.792,1,2,99916,99426,490
1174281,16.32,12.04,493,67160,0.7824,1,2,99931,99438,493
1326121,16,15,476,68620,0.93,1,2,101000,100524,476
1340721,6,8,502,68620,0.83,1,2,101067,100565,502
1343641,86.8,8,601,68620,0.174,1,1,101174,100573,601
1346561,25.36,108.8,477,68620,0.0428,1,1,101184,100707,477
1349481,13.872,28.96,479,68620,0.03256,1,1,101195,100716,479
1352401,10.7744,14.592,478,68620,0.014512,1,1,101205,100727,478
1355321,11.7549,10.9184,480,68620,0.0269024,1,1,101217,100737,480
1358241,18.351,10.1837,490,68620,0.0293805,1,1,101237,100747,490
1361161,12.4702,9.23674,492,68620,0.637876,1,1,101248,100756,492
1364081,40.894,12.2473,527,68620,0.335575,1,1,101296,100769,527
1367001,16.9788,51.2495,477,68620,0.131115,1,1,101307,100830,477
1369921,20.1958,19.0499,487,68620,0.026223,1,1,101328,100841,487
1372841,16.0392,11.81,492,68620,0.629245,1,1,101343,100851,492
1550961,11,6,490,70080,0.86,1,2,102612,102122,490
1553881,11,6.8,494,70080,0.804,1,2,102623,102129,494
1556801,10.2,6.16,498,71540,0.8088,1,2,102633,102135,498
1559721,10.04,6.032,502,71540,0.85776,1,2,102643,102141,502
1562641,8.408,10.0064,499,71540,0.883552,1,2,102651,102152,499
1565561,7.2816,11.6013,494,71540,0.88871,1,2,102658,102164,494
1568481,15.0563,11.1203,500,71540,0.889742,1,2,102675,102175,500
1571401,30.2113,11.0241,523,71540,0.777948,1,2,102709,102186,523
1574321,38.8423,51.8048,502,71540,0.63559,1,1,102750,102248,502
1577241,14.1684,35.961,478,71540,0.639118,1,1,102758,102280,478
1580161,19.6337,15.1922,489,71540,0.607824,1,1,102779,102290,489
1583081,13.5267,14.2384,487,71540,0.553565,1,1,102791,102304,487
1586001,17.9053,22.8477,481,71540,0.438713,1,1,102810,102329,481
1588921,37.1811,45.3695,472,71540,0.167743,1,1,102852,102380,472
1591841,16.2362,14.6739,476,71540,0.257549,1,1,102863,102387,476
1594761,11.2472,10.1348,477,71540,0.24351,1,1,102873,102396,477
1597681,10.2494,10.027,477,73000,0.248702,1,1,102883,102406,477
1600601,58.0499,57.2054,478,73000,0.0577404,1,1,102953,102475,478
1603521,22.01,21.8411,478,73000,0.0195481,1,1,102966,102488,478
1606441,13.202,14.7682,476,73000,0.0279096,1,1,102977,102501,476
1621041,7,11,465,74460,0.48,0.79,1,103077,102612,465
1623961,9.4,11,464,74460,0.408,0.79,1,103087,102623,464
1626881,9.88,2.2,474,74460,0.3456,0.81,1,103097,102623,474
1629801,9.976,8.44,474,74460,0.28512,0.87,1,103107,102633,474
1632721,8.3952,9.688,472,74460,0.225024,0.89,1,103115,102643,472
1635641,8.07904,8.3376,472,74460,0.133005,0.89,1,103123,102651,472
1638561,15.2158,7.26752,482,74460,0.026601,0.89,1,103140,102658,482
1834201,14,13,470,86140,0.85,1,2,104366,103896,470
1837121,34,12.2,497,86140,0.786,1,2,104405,103908,497
1840041,31.6,11.24,517,86140,0.6612,1,1,104436,103919,517
1842961,17.52,54.248,466,87600,0.63624,1,1,104450,103984,466
1845881,13.904,22.0496,465,87600,0.631248,1,1,104463,103998,465
1848801,18.7808,15.6099,471,87600,0.59825,1,1,104483,104012,471
1851721,42.9562,13.522,507,87600,0.55965,1,1,104532,104025,507
1854641,20.5912,11.5044,511,87600,0.51193,1,1,104547,104036,511
1857561,15.3182,10.3009,515,89060,0.438386,1,1,104561,104046,515
1860481,15.0636,10.0602,520,89060,0.351677,1,1,104576,104056,520
1863401,15.8127,11.612,524,89060,0.270335,1,1,104592,104068,524
1866321,15.1625,11.1224,528,89060,0.238067,1,1,104607,104079,528
1867781,14.2325,9.42448,533,89060,0.183613,1,1,104621,104088,533
1959761,374.847,437.885,453,59980,0.0927227,0.07,1,105086,104633,453
1962681,95.7693,95.577,469,62780,0.154545,0.43,1,105112,104643,469
1965601,30.3539,46.3154,449,64240,0.0709089,0.39,1,105126,104677,449
1968521,15.6708,20.4631,447,65700,0.0541818,0.32,1,105138,104691,447
1971441,9.53415,16.8926,439,67160,0.0188364,0.27,1,105146,104707,439
1974361,9.90683,13.7785,436,68620,0.0277673,0.19,1,105156,104720,436
1977281,6.78137,12.3557,430,70080,0.0455535,0.11,1,105162,104732,430
1980201,46.9563,12.0711,475,70080,0.257111,0.5,1,105219,104744,475
1983121,14.9913,10.4142,472,70080,0.283422,0.79,1,105226,104754,472
1986041,27.7983,37.2828,459,70080,0.328684,0.46,1,105257,104798,459
1988961,16.7596,19.4566,458,71540,0.353737,0.43,1,105271,104813,458
1991881,52.9519,15.8913,505,71540,0.214747,1,1,105333,104828,505
1994801,19.3904,48.7783,459,71540,0.274949,1,1,105344,104885,459
1996801,18.2781,21.7557,462,71540,0.27099,1,1,105362,104900,462
1997841,27.6556,15.5511,478,71540,0.302198,0.11,1,105392,104914,478
2000761,103.931,146.31,422,71540,0.21244,0.11,1,105515,105093,422
2003681,22.3862,29.262,424,73000,0.194488,0.11,1,105517,105093,424
2006601,6.07724,5.85241,426,73000,0.190898,0.11,1,105519,105093,426
2009521,2.81545,1.17048,428,73000,0.15818,0.11,1,105521,105093,428
2012441,2.16309,0.234096,430,73000,0.183636,0.11,1,105523,105093,430
2015361,2.03262,0.0468193,432,73000,0.156727,0.11,1,105525,105093,432
2018281,2.00652,0.00936385,434,73000,0.167345,0.11,1,105527,105093,434
2021201,5.2013,0.00187277,440,73000,0.169469,0.17,1,105533,105093,440
2024121,2.64026,15.2004,423,74460,0.169894,0.17,1,105535,105112,423
2027041,10.9281,3.04007,436,74460,0.201979,0.05,1,105548,105112,436
2029961,3.78561,11.808,424,74460,0.208396,0.05,1,105550,105126,424
2032881,8.75712,11.9616,422,74460,0.225679,0.05,1,105560,105138,422
2035801,8.15142,2.39232,430,74460,0.229136,0.01,1,105568,105138,430
2038721,3.23028,6.87846,424,74460,0.229827,0.03,1,105570,105146,424
2041641,9.44606,9.37569,425,74460,0.245965,0.03,1,105581,105156,425
2044561,6.68921,1.87514,431,74460,0.249193,0.05,1,105587,105156,431
2047481,55.7378,5.17503,493,74460,0.345839,0.31,1,105655,105162,493
2050401,15.9476,46.635,442,75920,0.365168,0.29,1,105661,105219,442
2053321,30.3895,14.927,469,75920,0.353034,0.34,1,105695,105226,469
2056241,7.6779,27.7854,440,75920,0.350607,0.36,1,105697,105257,440
2059161,12.7356,16.7571,440,75920,0.366121,0.18,1,105711,105271,440
2062081,48.9471,52.9514,436,75920,0.353224,0.29,1,105769,105333,436
2065001,20.9894,19.3903,439,75920,0.382645,0.27,1,105783,105344,439
2067921,17.7979,18.2781,438,75920,0.332529,0.31,1,105800,105362,438
2070841,117.96,27.6556,551,75920,0.490506,0.19,1,105943,105392,551
2073761,25.1919,103.931,430,77380,0.522101,0.19,1,105945,105515,430
2076681,6.63838,22.3862,430,77380,0.52842,0.19,1,105947,105517,430
2079601,2.92768,6.07724,430,77380,0.529684,0.15,1,105949,105519,430
2082521,2.18554,2.81545,430,77380,0.529937,0.19,1,105951,105521,430
2085441,2.03711,2.16309,430,77380,0.529987,0.15,1,105953,105523,430
2088361,2.00742,2.03262,430,77380,0.545997,0.17,1,105955,105525,430
2091281,2.00148,2.00652,430,77380,0.549199,0.17,1,105957,105527,430
2094201,5.2003,5.2013,430,78840,0.54984,0.17,1,105963,105533,430
2097121,2.64006,1.04026,432,78840,0.549968,0.17,1,105965,105533,432
2100041,12.528,1.80805,445,78840,0.597994,0.21,1,105980,105535,445
2102961,4.1056,10.7616,434,78840,0.575599,0.21,1,105982,105548,434
2105881,8.82112,3.75232,442,78840,0.57112,0.23,1,105992,105550,442
2108801,8.16422,8.75046,440,78840,0.570224,0.23,1,106000,105560,440
2111721,3.23284,8.15009,434,78840,0.586045,0.23,1,106002,105568,434
2114641,9.44657,3.23002,443,80300,0.621209,0.25,1,106013,105570,443
2117561,6.68931,9.446,438,80300,0.596242,0.25,1,106019,105581,438
2120481,61.3379,6.6892,507,80300,0.671248,0.37,1,106094,105587,507
2123401,13.8676,55.7378,441,80300,0.68625,0.37,1,106096,105655,441
2126321,7.57351,15.9476,441,80300,0.70525,0.35,1,106102,105661,441
2129241,27.1147,30.3895,439,80300,0.70905,0.35,1,106134,105695,439
2132161,7.02294,7.6779,439,80300,0.75781,0.37,2,106136,105697,439
2135081,13.4046,12.7356,440,80300,0.799562,0.35,2,106151,105711,440
2138001,41.8809,48.9471,431,80300,0.615912,0.39,1,106200,105769,431
2140921,21.1762,20.9894,433,81760,0.723182,0.32,1,106216,105783,433
2143841,22.6352,17.7979,439,81760,0.664636,0.53,1,106239,105800,439
2146761,126.127,117.96,448,81760,0.876927,0.53,2,106391,105943,448
2149681,26.8254,23.5919,450,81760,0.919385,0.53,2,106393,105943,450
2152601,6.96508,6.31838,450,81760,0.927877,0.53,2,106395,105945,450
2155521,2.99302,2.86368,450,81760,0.929575,0.53,2,106397,105947,450
2158441,2.1986,2.17274,450,81760,0.929915,0.53,2,106399,105949,450
2161361,2.03972,2.03455,450,81760,0.897983,0.53,2,106401,105951,450
2164281,2.00794,2.00691,450,81760,0.891597,0.55,2,106403,105953,450
2167201,2.00159,2.00138,450,83220,0.890319,0.55,2,106405,105955,450
2170121,2.00032,2.00028,450,83220,0.890064,0.55,2,106407,105957,450
2173041,5.20006,5.20006,450,83220,0.890013,0.55,2,106413,105963,450
2175961,2.64001,2.64001,450,83220,0.906003,0.61,2,106415,105965,450
2178881,12.528,12.528,450,83220,0.9572,0.57,2,106430,105980,450
2622721,20,16,483,64240,0.85,1,2,108920,108437,483
2625641,14.4,16.8,479,65700,0.762,1,2,108933,108454,479
2628561,17.28,17.76,479,67160,0.7364,1,1,108951,108472,479
2631481,16.256,16.352,479,68620,0.66728,1,1,108967,108488,479
2736881,10,3,493,78840,0.85,1,2,109841,109348,493
2739801,11.6,2.2,503,78840,0.914,1,2,109853,109350,503
2849301,485,556,461,54400,0.8,0.8,2,110407,109946,461
2852221,110.6,120.8,466,56940,0.832,0.71,2,110424,109958,466
2855141,29.32,36.96,459,58400,0.8784,0.63,2,110433,109974,459
3211761,14,12,496,61320,0.88,1,2,113374,112878,496
3214681,10.8,12,494,61320,0.816,1,2,113384,112890,494
3217601,40.56,56.8,474,61320,0.7232,1,1,113432,112958,474
3220521,20.112,24.16,473,61320,0.68864,1,1,113447,112974,473
3223441,15.2224,16.032,473,61320,0.649728,1,1,113461,112988,473
3226361,72.6445,76.8064,468,61320,0.801946,1,2,113548,113080,468
3229281,59.3289,45.7613,486,61320,0.520389,1,1,113604,113118,486
3232201,24.6658,19.5523,489,61320,0.552078,1,1,113620,113131,489
3235121,11.3332,3.91045,497,61320,0.502416,1,1,113628,113131,497
3357761,14,39,474,67160,0.69,1,1,114526,114052,474
3360681,55.6,19.8,525,67160,0.746,1,1,114592,114067,525
3363601,19.92,33.56,499,67160,0.7732,1,2,114603,114104,499
3366521,13.584,17.912,497,67160,0.79464,1,2,114615,114118,497
3369441,11.5168,14.7824,494,67160,0.790928,1,2,114626,114132,494
3372361,53.5034,11.7565,547,67160,0.598186,1,1,114690,114143,547
3375281,22.7007,52.7513,499,67160,0.559637,1,1,114705,114206,499
3378201,13.3401,24.9503,492,67160,0.567927,1,1,114716,114224,492
3381121,13.868,12.1901,497,67160,0.537585,1,1,114730,114233,497
3384041,13.1736,15.238,494,67160,0.547517,1,1,114743,114249,494
3386961,10.6347,15.8476,488,67160,0.533503,1,1,114753,114265,488
3389881,13.3269,14.3695,488,67160,0.546701,1,1,114767,114279,488
3392801,15.4654,11.6739,493,67160,0.50934,1,1,114783,114290,493
3395721,9.49308,9.53478,492,67160,0.485868,0.95,1,114791,114299,492
3398641,21.0986,9.90696,506,67160,0.297174,0.84,1,114815,114309,506
3401561,12.2197,30.7814,480,67160,0.491435,0.93,1,114825,114345,480
3448281,15,14,450,67160,0.92,0.55,2,115180,114730,450
3459961,12,16,444,67160,0.75,0.48,2,115227,114783,444
3462881,7.2,9.6,442,67160,0.686,0.25,1,115233,114791,442
3465801,25.44,21.12,448,67160,0.6252,0.54,1,115263,114815,448
3468721,32.288,12.224,472,67160,0.57304,1,1,115297,114825,472
3471641,19.2576,16.0448,471,67160,0.690608,1,1,115313,114842,471
3474561,15.8515,14.409,472,67160,0.690122,1,1,115328,114856,472
3477481,22.3703,13.2818,483,67160,0.666024,1,1,115352,114869,483
3480401,29.2741,10.6564,504,67160,0.485205,1,1,115383,114879,504
3483321,21.0548,59.7313,451,67160,0.657041,1,1,115402,114951,451
3512521,11,11,470,67160,0.88,0.92,2,115635,115165,470
3515441,14.2,14.2,470,67160,0.92,0.99,2,115650,115180,470
3518361,9.24,11.64,467,67160,0.928,0.91,2,115658,115191,467
3521281,8.248,10.328,465,67160,0.9296,0.87,2,115666,115201,465
3524201,8.0496,13.2656,459,67160,0.92992,0.75,2,115674,115215,459
3527121,6.40992,12.2531,453,67160,0.929984,0.67,2,115680,115227,453
3530041,9.28198,7.25062,457,67160,0.897997,0.61,2,115690,115233,457
3532961,24.2564,25.4501,455,67160,0.723599,0.56,1,115718,115263,455
3535881,33.6513,32.29,457,67160,0.80872,0.72,2,115754,115297,457
3538801,19.5303,19.258,457,67160,0.905744,0.69,2,115770,115313,457
3541721,13.5061,15.8516,454,67160,0.941149,0.66,2,115782,115328,454
3544641,19.5012,22.3703,451,67160,0.88423,0.44,2,115803,115352,451
3565081,14,17,475,67160,0.91,0.98,2,116010,115535,475
3568001,14,16.2,473,67160,0.894,0.96,2,116024,115551,473
3775321,23,13,505,71540,0.92,1,2,117496,116991,505
3778241,15.8,21.8,495,73000,0.88,1,2,117510,117015,495
3781161,15.16,13.16,499,73000,0.84,1,2,117525,117026,499
3784081,14.232,17.832,494,73000,0.832,1,2,117539,117045,494
3787001,10.8464,22.7664,480,73000,0.8144,1,2,117549,117069,480
3789921,11.7693,14.1533,480,73000,0.79488,1,2,117561,117081,480
3792841,8.75386,10.8307,478,73000,0.742976,1,1,117569,117091,478
3795761,16.1508,10.1661,486,73000,0.732595,1,1,117587,117101,486
3798681,13.6302,10.8332,488,73000,0.714519,1,1,117600,117112,488
3801601,12.326,6.96665,494,73000,0.662904,1,1,117612,117118,494
3804521,10.4652,10.9933,492,73000,0.620581,1,1,117622,117130,492
3807441,15.693,29.3987,475,73000,0.620116,1,1,117639,117164,475
3810361,26.3386,28.2797,476,73000,0.564023,1,1,117668,117192,476
3813281,13.2677,16.0559,473,74460,0.488805,1,1,117678,117205,473
3816201,19.4535,9.61119,486,74460,0.489761,1,1,117699,117213,486
3819121,18.2907,24.3222,476,74460,0.393952,1,1,117717,117241,476
3822041,34.0581,33.6644,478,74460,0.23079,1,1,117755,117277,478
3824961,25.2116,20.3329,484,74460,0.102158,1,1,117778,117294,484
3827881,15.4423,4.06658,497,74460,0.0924316,1,1,117791,117294,497
4169161,98,101,451,64240,0.53,0.53,1,120082,119631,451
4207121,2,0,440,73000,0.52,0.03,1,120424,119984,440
4210041,2,0,442,73000,0.504,0.03,1,120426,119984,442
4212961,2,0,444,73000,0.5648,0.03,1,120428,119984,444
4215881,2,0,446,73000,0.59296,0.03,1,120430,119984,446
4218801,2,0,448,74460,0.598592,0.03,1,120432,119984,448
4221721,2,0,450,74460,0.599718,0.03,1,120434,119984,450
4224641,2,0,452,74460,0.615944,0.03,1,120436,119984,452
4227561,2,0,454,74460,0.619189,0.03,1,120438,119984,454
4230481,2,0,456,74460,0.619838,0.53,1,120440,119984,456
4268441,13,26,504,77380,0.89,1,2,120826,120322,504
4271361,8.2,25.2,486,78840,0.914,0.53,2,120833,120347,486
4274281,33.64,63.44,453,78840,0.8308,0.54,2,120873,120420,453
4277201,8.328,14.288,453,78840,0.78216,0.52,2,120875,120422,453
4280121,3.2656,4.4576,453,78840,0.740432,0.5,1,120877,120424,453
4283041,2.25312,2.49152,453,78840,0.700086,0.58,1,120879,120426,453
4285961,2.05062,2.0983,453,78840,0.876017,0.6,2,120881,120428,453
4288881,2.01012,2.01966,453,80300,0.887204,0.6,2,120883,120430,453
4291801,2.00202,0.403932,455,80300,0.889441,0.6,2,120885,120430,455
4294721,2.0004,1.68079,455,80300,0.889888,0.6,2,120887,120432,455
4297641,2.00008,1.93616,455,80300,0.881978,0.62,2,120889,120434,455
4300561,2.00002,1.98723,455,80300,0.904396,0.62,2,120891,120436,455
4303481,2,1.99745,455,80300,0.924879,0.62,2,120893,120438,455
4321001,85,83,477,81760,0.72,1,1,121164,120687,477
4323921,31.4,29.4,479,81760,0.704,1,1,121182,120703,479
4326841,19.88,18.68,480,81760,0.7248,1,1,121199,120719,480
4329761,16.776,3.736,496,81760,0.71296,1,1,121215,120719,496
4583081,12,16,442,49039,0.59,0.46,1,122867,122425,442
4586001,4,3.2,444,48133,0.606,0.46,1,122869,122425,444
4588921,2.4,0.64,446,43800,0.5932,0.46,1,122871,122425,446
4591841,2.08,0.128,448,43800,0.59064,0.46,1,122873,122425,448
4594761,2.016,0.0256,450,43800,0.606128,0.46,1,122875,122425,450
4597681,2.0032,0.00512,452,43800,0.593226,0.46,1,122877,122425,452
4600601,2.00064,0.001024,454,43800,0.574645,0.46,1,122879,122425,454
4603521,2.00013,0.0002048,456,43800,0.554929,0.42,1,122881,122425,456
4606441,24.4,3.20004,482,45260,0.502986,0.29,1,122911,122429,482
4609361,37.68,71.04,435,46720,0.556597,0.19,1,122952,122517,435
4612281,32.336,28.608,448,48180,0.567319,0.01,1,122983,122535,448
4615201,41.6672,56.9216,428,48180,0.425464,0.05,1,123027,122599,428
4618121,67.5334,31.3843,477,48180,0.349093,1,1,123101,122624,477
4621041,26.3067,19.0769,477,48180,0.397819,1,1,123117,122640,477
4623961,66.0613,23.8154,528,48180,0.471564,0.95,1,123193,122665,528
4626881,28.4123,56.7631,482,48180,0.470313,0.67,1,123212,122730,482
4629801,89.6825,111.353,462,49640,0.710063,0.61,1,123317,122855,462
4632721,19.5365,33.4705,450,49640,0.758013,0.59,2,123319,122869,450
4635641,5.5073,9.8941,448,49640,0.735602,0.61,1,123321,122873,448
4638561,2.70146,3.57882,448,49640,0.731121,0.59,1,123323,122875,448
4641481,2.14029,2.31576,448,49640,0.810224,0.57,2,123325,122877,448
4644401,2.02806,2.06315,448,49640,0.826045,0.55,2,123327,122879,448
4647321,2.00561,2.01263,448,49640,0.829209,0.55,2,123329,122881,448
4650241,37.2011,0.402526,494,49640,0.829842,0.49,2,123375,122881,494
4653161,9.04022,24.0805,466,49640,0.797968,0.57,2,123377,122911,466
4656081,19.408,37.6161,447,49640,0.743594,0.57,1,123399,122952,447
4659001,28.6816,7.52322,478,51100,0.764719,0.57,2,123430,122952,478
4661921,32.1363,26.3046,480,51100,0.784944,0.39,2,123463,122983,480
4664841,67.2273,40.4609,512,51100,0.884989,0.33,2,123539,123027,512
4667761,26.2455,67.2922,454,51100,0.872998,0.41,2,123555,123101,454
4825441,85,86,482,52560,0.23,1,1,125062,124580,482
4828361,40.2,38,485,52560,0.15,1,1,125091,124606,485
4831281,19.24,17.2,487,52560,0.102,1,1,125105,124618,487
4834201,91.048,88.24,490,52560,0.2844,1,1,125214,124724,490
4837121,30.2096,28.048,492,52560,0.35288,1,1,125229,124737,492
4840041,14.0419,17.6096,487,52560,0.334576,1,1,125239,124752,487
4842961,13.2084,8.32192,494,52560,0.330915,1,1,125252,124758,494
4845881,11.4417,6.46438,499,52560,0.362183,1,1,125263,124764,499
4848801,7.88834,6.89288,499,52560,0.352437,1,1,125270,124771,499
4851721,7.97767,11.7786,494,52560,0.398487,1,1,125278,124784,494
4854641,7.19553,13.5557,487,52560,0.407697,1,1,125285,124798,487
4857561,7.03911,9.91114,485,52560,0.42554,1,1,125292,124807,485
4860481,9.40782,9.98223,485,52560,0.429108,1,1,125302,124817,485
4863401,8.28156,8.39645,485,52560,0.397822,1,1,125310,124825,485
4866321,11.2563,13.6793,482,52560,0.407564,1,1,125322,124840,482
4869241,23.8513,30.7359,474,52560,0.393513,0.78,1,125349,124875,474
4872161,49.5703,64.5472,457,52560,0.302703,0.52,1,125405,124948,457
4875081,22.714,36.1094,444,52560,0.652541,0.23,1,125421,124977,444
4886761,124,109,439,52560,0.47,0.37,1,125653,125214,439
4889681,36,33.8,438,52560,0.518,0.33,1,125667,125229,438
4892601,14.4,14.76,437,52560,0.4796,0.33,1,125676,125239,437
4895521,14.88,13.352,439,52560,0.43992,0.37,1,125691,125252,439
4898441,12.576,11.4704,440,52560,0.479984,0.35,1,125703,125263,440
4901361,8.9152,7.89408,441,52560,0.423997,0.41,1,125711,125270,441
4904281,8.18304,7.97882,441,52560,0.428799,0.41,1,125719,125278,441
4907201,7.23661,7.19576,441,52560,0.38176,0.43,1,125726,125285,441
4910121,8.64732,7.03915,443,52560,0.324352,0.43,1,125735,125292,443
4913041,8.12946,9.40783,441,52560,0.28087,0.39,1,125743,125302,441
4915961,8.82589,8.28157,442,52560,0.192174,0.41,1,125752,125310,442
4918881,10.5652,11.2563,441,52560,0.158435,0.39,1,125763,125322,441
4921801,22.113,23.8513,439,52560,0.199687,0.28,1,125788,125349,439
4924721,55.6226,49.5703,447,52560,0.255937,0.74,1,125852,125405,447
4927641,31.1245,22.714,456,52560,0.299187,0.97,1,125877,125421,456
4930561,69.4249,61.3428,464,52560,0.307838,0.62,1,125956,125492,464
4933481,25.885,33.0686,453,52560,0.325568,0.61,1,125971,125518,453
4936401,9.977,15.4137,448,52560,0.329114,0.47,1,125977,125529,448
4939321,100.395,102.283,447,52560,0.377823,0.53,1,126100,125653,447
4942241,28.8791,31.6565,444,52560,0.403565,0.47,1,126111,125667,444
4945161,12.9758,13.5313,444,52560,0.408713,0.43,1,126120,125676,444
4948081,13.7952,14.7063,443,52560,0.409743,0.49,1,126134,125691,443
4951001,11.559,12.5413,442,52560,0.425949,0.41,1,126145,125703,442
4953921,7.91181,8.90825,441,52560,0.46119,0.43,1,126152,125711,441
4956841,6.38236,8.18165,439,52560,0.468238,0.37,1,126158,125719,439
4959761,4.47647,7.23633,436,52560,0.453648,0.31,1,126162,125726,436
4962681,5.69529,8.64727,433,52560,0.45073,0.27,1,126168,125735,433
4965601,4.33906,8.12945,429,52560,0.450146,0.17,1,126172,125743,429
4968521,7.26781,8.82589,428,52560,0.482029,0.15,1,126180,125752,428
4971441,10.2536,10.5652,428,52560,0.472406,0.21,1,126191,125763,428
4974361,26.0507,22.113,433,52560,0.470481,0.27,1,126221,125788,433
4977281,60.4101,55.6226,438,52560,0.534096,0.31,1,126290,125852,438
4980201,34.482,31.1245,441,54020,0.594819,0.31,1,126318,125877,441
4983121,66.8964,69.4249,437,54020,0.638964,0.33,1,126393,125956,437
4986041,24.5793,25.885,436,54020,0.679793,0.33,1,126407,125971,436
4988961,10.5159,9.977,437,54020,0.671959,0.39,1,126414,125977,437
4991881,103.703,100.395,441,54020,0.830392,0.41,2,126541,126100,441
4994801,29.5406,28.8791,441,54020,0.878078,0.41,2,126552,126111,441
4997721,13.9081,12.9758,442,54020,0.871616,0.41,2,126562,126120,442
5000641,13.9816,13.7952,442,54020,0.870323,0.43,2,126576,126134,442
5003561,13.1963,11.559,444,54020,0.902065,0.47,2,126589,126145,444
5006481,8.23926,7.91181,444,54020,0.892413,0.47,2,126596,126152,444
5009401,6.44785,6.38236,444,54020,0.890483,0.45,2,126602,126158,444
5012321,4.48957,4.47647,444,54020,0.874097,0.45,2,126606,126162,444
5015241,5.69791,5.69529,444,54020,0.870819,0.45,2,126612,126168,444
5018161,4.33958,4.33906,444,54020,0.870164,0.49,2,126616,126172,444
5021081,7.26792,7.26781,444,54020,0.934033,0.47,2,126624,126180,444
5024001,10.2536,10.2536,444,54020,0.930807,0.47,2,126635,126191,444
5229861,10,5,436,45260,0.05,0.17,1,128517,128081,436
5232781,7.6,11.4,430,46720,0.034,0.09,1,128524,128094,430
5235701,10.32,11.88,429,48180,0.0468,0.05,1,128535,128106,429
5238621,10.064,11.176,428,49640,0.04936,0.05,1,128545,128117,428
5241541,6.8128,7.0352,428,49640,0.017872,0.01,1,128551,128123,428
5244461,59.7626,30.207,465,49640,0.251574,0.03,1,128624,128159,465
5247381,66.3525,51.6414,476,51100,0.0903149,0.2,1,128692,128216,476
5250301,29.2705,58.3283,436,51100,0.058063,0.17,1,128712,128276,436
5253221,104.254,30.0657,536,51100,0.0356126,0.25,1,128835,128299,536
5256141,38.4508,100.413,440,52560,0.0151225,0.25,1,128857,128417,440
5259061,21.2902,36.8826,436,52560,0.0430245,0.17,1,128874,128438,436
5261981,16.258,21.7765,433,52560,0.0326049,0.17,1,128889,128456,433
5264901,16.0516,15.5553,435,52560,0.030521,0.17,1,128905,128470,435
5267821,11.2103,15.9111,429,52560,0.0781042,0.07,1,128915,128486,429
5270741,14.2421,15.1822,429,52560,0.0876208,0.09,1,128930,128501,429
5273661,10.0484,7.83644,432,52560,0.0895242,0.05,1,128939,128507,432
5276581,3.60968,9.56729,424,52560,0.121905,0.03,1,128941,128517,424
5279501,4.72194,7.51346,422,52560,0.160381,0.03,1,128946,128524,422
5282421,10.5444,1.50269,434,54020,0.168076,0.05,1,128958,128524,434
5285341,3.70888,9.10054,425,54020,0.169615,0.05,1,128960,128535,425
5288261,7.14178,9.82011,423,54020,0.169923,0.01,1,128968,128545,423
5291181,5.42836,6.76402,422,54020,0.217985,0.31,1,128973,128551,422
5294101,71.4857,59.7528,437,54020,0.0435969,0.31,1,129061,128624,437
5297021,57.4971,11.9506,491,54020,0.0647194,0.05,1,129115,128624,491
5299941,25.8994,56.7901,441,55480,0.100944,0.05,1,129133,128692,441
5302861,104.38,27.358,545,55480,0.0921888,0.03,1,129257,128712,545
5305781,22.476,103.872,424,55480,0.0584378,0.01,1,129259,128835,424
5308701,21.2952,38.3743,423,55480,0.0676875,0.05,1,129280,128857,423
5311621,17.059,21.2749,422,55480,0.0535375,0.03,1,129296,128874,422
5314541,16.2118,16.255,423,55480,0.0347075,0.03,1,129312,128889,423
5317461,18.4424,16.051,426,56940,0.0949415,0.09,1,129331,128905,426
5320381,12.4885,11.2102,427,56940,0.122988,0.09,1,129342,128915,427
5323301,14.4977,14.242,427,56940,0.112598,0.09,1,129357,128930,427
5326221,12.4995,10.0484,430,56940,0.11052,0.13,1,129369,128939,430
5329141,4.09991,3.60968,430,56940,0.110104,0.17,1,129371,128941,430
5332061,4.01998,4.72194,429,56940,0.110021,0.17,1,129375,128946,429
5334981,10.404,0.944387,441,56940,0.0780042,0.17,1,129387,128946,441
5337901,3.6808,9.78888,431,56940,0.0716008,0.17,1,129389,128958,431
5340821,7.13616,3.55778,437,56940,0.0863202,0.17,1,129397,128960,437
5343741,3.02723,7.11156,431,58400,0.089264,0.23,1,129399,128968,431
5346661,67.0054,5.42231,509,58400,0.0418528,0,1,129482,128973,509
5349581,59.0011,71.4845,478,58400,0.0483706,0.07,1,129539,129061,478
5352501,13.4002,57.4969,426,58400,0.0496741,0.11,1,129541,129115,426
5355421,14.68,25.8994,423,58400,0.0659348,0.09,1,129556,129133,423
5358341,102.936,104.38,424,58400,0.069187,0.05,1,129681,129257,424
5361261,22.1872,22.476,424,58400,0.0378374,0.07,1,129683,129259,424
5364181,19.6374,21.2952,422,58400,0.0475675,0.05,1,129702,129280,422
5367101,16.7275,17.059,422,58400,0.0495135,0.03,1,129718,129296,422
5370021,17.7455,16.2118,424,58400,0.0499027,0.03,1,129736,129312,424
5372941,20.3491,3.24236,445,59860,0.0979805,0.11,1,129757,129312,445
5375861,12.0698,15.8485,436,59860,0.123596,0.13,1,129767,129331,436
5378781,15.214,11.9697,441,59860,0.128719,0.11,1,129783,129342,441
5381701,11.0428,14.3939,436,59860,0.129744,0.11,1,129793,129357,436
5384621,3.80856,12.4788,426,59860,0.129949,0.11,1,129795,129369,426
5387541,3.96171,4.09576,428,59860,0.12999,0.11,1,129799,129371,428
5390461,11.1923,4.01915,437,59860,0.161998,0.07,1,129812,129375,437
5393381,3.83847,10.4038,427,59860,0.1364,0.07,1,129814,129387,427
5396301,7.96769,3.68077,434,59860,0.19528,0.09,1,129823,129389,434
5399221,3.19354,7.13615,428,59860,0.207056,0.09,1,129825,129397,428
5402141,2.23871,3.02723,428,59860,0.209411,0.03,1,129827,129399,428
5405061,62.8477,67.0054,423,59860,0.0978822,0.05,1,129905,129482,423
5407981,58.9695,59.0011,424,59860,0.123576,0.05,1,129963,129539,424
5410901,13.3939,13.4002,424,61320,0.128715,0.07,1,129965,129541,424
5413821,15.4788,14.68,425,61320,0.145743,0.07,1,129981,129556,425
5416741,101.496,102.936,423,61320,0.117149,0.03,1,130104,129681,423
5419661,21.8992,22.1872,423,61320,0.0794297,0.05,1,130106,129683,423
5422581,18.7798,19.6374,422,61320,0.119886,0.05,1,130124,129702,422
5425501,16.556,16.7275,422,61320,0.127977,0.05,1,130140,129718,422
5428421,20.1112,17.7455,425,61320,0.0815954,0.05,1,130161,129736,425
5431341,22.4222,3.5491,448,61320,0.136319,0.11,1,130184,129736,448
5434261,12.4844,17.5098,437,61320,0.179264,0.13,1,130194,129757,437
5437181,15.2969,11.502,443,61320,0.203853,0.13,1,130210,129767,443
5440101,11.0594,15.1004,437,61320,0.208771,0.13,1,130220,129783,437
5443021,3.81188,11.0201,429,61320,0.209754,0.13,1,130222,129793,429
5445941,3.96238,3.80402,431,61320,0.225951,0.13,1,130226,129795,431
5448861,13.5925,3.9608,443,61320,0.19719,0.17,1,130242,129799,443
5451781,4.31849,11.1922,432,61320,0.191438,0.13,1,130244,129812,432
5454701,8.8637,3.83843,440,61320,0.190288,0.21,1,130254,129814,440
5457621,3.37274,7.96769,433,61320,0.190058,0.21,1,130256,129823,433
5460541,2.27455,3.19354,433,61320,0.190012,0.21,1,130258,129825,433
5463461,58.0549,2.23871,503,62780,0.270002,0.07,1,130330,129827,503
5466381,59.611,62.8477,485,62780,0.286,0.13,1,130390,129905,485
5469301,13.5222,58.9695,429,62780,0.3052,0.13,1,130392,129963,429
5472221,4.30444,13.3939,429,62780,0.30904,0.15,1,130394,129965,429
5475141,12.0609,15.4788,427,62780,0.341808,0.11,1,130408,129981,427
5478061,100.012,101.496,426,62780,0.476362,0.07,1,130530,130104,426
5480981,21.6024,21.8992,426,62780,0.503272,0.13,1,130532,130106,426
5483901,18.7205,18.7798,426,62780,0.508654,0.13,1,130550,130124,426
5486821,14.9441,16.556,424,62780,0.525731,0.07,1,130564,130140,424
5489741,21.3888,20.1112,426,62780,0.513146,0.15,1,130587,130161,426
5492661,26.6778,22.4222,431,62780,0.590629,0.19,1,130615,130184,431
5495581,14.1356,12.4844,432,62780,0.622126,0.21,1,130626,130194,432
5498501,15.6271,15.2969,432,62780,0.660425,0.21,1,130642,130210,432
5501421,11.9254,11.0594,433,62780,0.652085,0.21,1,130653,130220,433
5504341,3.98508,3.81188,433,62780,0.650417,0.23,1,130655,130222,433
5507261,3.99702,3.96238,433,62780,0.650083,0.19,1,130659,130226,433
5510181,11.9994,13.5925,431,62780,0.618017,0.19,1,130673,130242,431
5513101,3.99988,4.31849,431,62780,0.611603,0.19,1,130675,130244,431
5516021,8.79998,8.8637,431,62780,0.610321,0.19,1,130685,130254,431
5518941,3.36,3.37274,431,62780,0.642064,0.19,1,130687,130256,431
5521861,2.272,2.27455,431,62780,0.648413,0.19,1,130689,130258,431
5524781,61.2544,0.45491,507,62780,0.681683,0.29,1,130765,130258,507
5527701,61.0509,57.691,496,62780,0.720337,0.29,1,130826,130330,496
5530621,13.8102,59.5382,438,62780,0.728067,0.31,1,130828,130390,438
5533541,4.36203,13.5076,438,62780,0.729613,0.31,1,130830,130392,438
5536461,12.8724,4.30153,451,62780,0.745923,0.35,1,130845,130394,451
5539381,105.774,12.0603,566,62780,0.893184,0.51,2,130974,130408,566
5542301,22.7549,100.012,446,62780,0.922637,0.51,2,130976,130530,446
5545221,18.951,21.6024,462,62780,0.928527,0.51,2,130994,130532,462
5548141,15.7902,18.7205,459,62780,0.929706,0.53,2,131009,130550,459
5551061,22.358,14.9441,469,62780,0.945941,0.51,2,131033,130564,469
5729181,15,15,504,62780,0.6,1,1,132422,131918,504
5732101,15.8,15.8,504,62780,0.6,1,1,132438,131934,504
5735021,15.96,13.56,507,62780,0.544,1,1,132454,131947,507
5737941,25.592,25.112,507,62780,0.4528,1,1,132482,131975,507
5740861,25.9184,25.8224,507,62780,0.38656,1,1,132508,132001,507
5743781,20.3837,20.3645,507,62780,0.325312,1,1,132527,132020,507
5746701,19.2767,18.4729,508,62780,0.265062,1,1,132546,132038,508
5749621,18.2553,15.6946,511,62780,0.237012,1,1,132564,132053,511
5752541,16.4511,13.5389,514,62780,0.239403,1,1,132580,132066,514
5755461,17.6902,12.3078,520,62780,0.26388,1,1,132598,132078,520
5758381,17.138,12.0616,525,62780,0.252776,1,1,132615,132090,525
5759841,17.0276,12.0123,530,62780,0.266555,1,1,132632,132102,530
5825541,363.406,439.202,434,43800,0.333311,0.27,1,133082,132648,434
5828461,93.4811,99.0405,446,45260,0.282662,0.21,1,133108,132662,446
5831381,57.0962,44.6081,463,46720,0.144532,0.52,1,133156,132693,463
5834301,29.0192,30.5216,458,48180,0.116906,0.39,1,133178,132720,458
5837221,106.604,28.5043,556,49640,0.0313813,0.83,1,133304,132748,556
5840141,37.3208,84.9009,477,51100,0.0622763,1,1,133324,132847,477
5843061,27.4642,37.7802,476,52560,0.100455,0.93,1,133349,132873,476
5845981,12.6928,18.756,471,54020,0.140091,0.65,1,133358,132887,471
5848901,27.3386,31.7512,467,54020,0.148018,0.55,1,133389,132922,467
5851821,21.4677,24.7502,464,55480,0.213604,0.69,1,133409,132945,464
5854741,32.2935,29.75,468,55480,0.274721,0.49,1,133444,132976,468
5857661,13.6587,33.95,442,55480,0.286944,0.41,1,133453,133011,442
5860581,12.3317,21.19,436,55480,0.321389,0.25,1,133465,133029,436
5863501,8.86635,17.838,427,55480,0.376278,0.35,1,133473,133046,427
5866421,22.5733,17.9676,435,55480,0.435256,0.27,1,133499,133064,435
5869341,19.7147,11.5935,444,55480,0.431051,0.35,1,133518,133074,444
5872261,22.3429,8.7187,459,55480,0.49421,0.27,1,133541,133082,459
5875181,6.06859,22.5437,435,56940,0.506842,0.11,1,133543,133108,435
5878101,33.2137,42.9087,427,56940,0.557368,0.11,1,133583,133156,427
5881021,24.2427,8.58175,449,56940,0.599474,0.11,1,133605,133156,449
5883941,6.44855,19.3164,429,56940,0.607895,0.01,1,133607,133178,429
5886861,98.0897,104.663,424,56940,0.465579,0.01,1,133728,133304,424
5889781,37.2179,20.9327,446,58400,0.437116,0.07,1,133750,133304,446
5892701,9.04359,20.1865,428,58400,0.431423,0.11,1,133752,133324,428
5895621,21.8087,24.0373,428,58400,0.446285,0.11,1,133777,133349,428
5898541,10.7617,4.80746,436,58400,0.417257,0.15,1,133785,133349,436
5901461,29.3523,8.16149,461,58400,0.475451,0.15,1,133819,133358,461
5904381,7.47047,26.4323,432,58400,0.45509,0.23,1,133821,133389,432
5907301,20.6941,21.2865,436,58400,0.531018,0.29,1,133845,133409,436
5910221,32.9388,32.2573,437,58400,0.562204,0.29,1,133881,133444,437
5913141,12.9878,13.6515,436,58400,0.568441,0.33,1,133889,133453,436
5916061,15.3976,12.3303,440,58400,0.585688,0.39,1,133905,133465,440
5918981,10.2795,8.86606,441,59860,0.573138,0.45,1,133914,133473,441
5921901,23.6559,22.5732,442,59860,0.634628,0.43,1,133941,133499,442
5924821,22.3312,19.7146,445,59860,0.662925,0.51,1,133963,133518,445
5927741,25.2662,22.3429,448,59860,0.732585,0.51,1,133989,133541,448
5930661,6.65325,4.46859,450,59860,0.746517,0.51,1,133991,133541,450
5933581,37.3306,2.49372,493,59860,0.733303,0.57,1,134036,133543,493
5936501,24.2661,32.4987,474,59860,0.762661,0.61,2,134057,133583,474
5939421,6.45323,24.0997,454,59860,0.768532,0.61,2,134059,133605,454
5942341,89.2906,6.41995,562,59860,0.881706,0.43,2,134169,133607,562
5945261,19.4581,98.084,443,61320,0.872341,0.43,2,134171,133728,443
5948181,21.4916,37.2168,443,61320,0.918468,0.43,2,134193,133750,443
5951101,5.89832,9.04336,443,61320,0.895694,0.45,2,134195,133752,443
5954021,20.3797,21.8087,442,61320,0.891139,0.41,2,134219,133777,442
5956941,10.4759,10.7617,442,61320,0.890228,0.49,2,134227,133785,442
6126301,16,99,477,62780,0.77,1,2,135583,135106,477
6129221,20,28.6,487,62780,0.658,1,1,135604,135117,487
6132141,20.8,12.12,500,62780,0.5796,1,1,135625,135125,500
6135061,14.56,12.024,501,62780,0.54792,1,1,135638,135137,501
6137981,16.512,13.6048,504,62780,0.533584,1,1,135655,135151,504
6140901,17.7024,13.921,508,62780,0.466717,1,1,135673,135165,508
6143821,16.3405,16.3842,507,62780,0.373343,1,1,135689,135182,507
6146741,15.2681,28.0768,491,62780,0.322669,1,1,135704,135213,491
6149661,25.4536,16.8154,505,62780,0.248534,1,1,135732,135227,505
6152581,17.0907,16.1631,504,62780,0.249707,1,1,135747,135243,504
6155501,17.0181,24.0326,495,62780,0.265941,1,1,135764,135269,495
6158421,17.8036,14.4065,501,62780,0.261188,1,1,135782,135281,501
6161341,16.3607,21.2813,494,62780,0.236238,1,1,135798,135304,494
6164261,16.0721,15.4563,496,62780,0.247248,1,1,135814,135318,496
6167181,29.6144,17.4913,511,62780,0.20145,1,1,135847,135336,511
6170101,25.9229,24.2983,510,62780,0.25629,1,1,135872,135362,510
6173021,20.3846,34.4597,492,62780,0.395258,1,1,135891,135399,492
6175941,18.4769,19.6919,494,62780,0.503052,1,1,135909,135415,494
6178861,22.8954,20.7384,497,62780,0.55661,1,1,135933,135436,497
6181781,19.7791,19.3477,497,62780,0.551322,0.9,1,135952,135455,497
6184701,60.7558,19.8695,548,62780,0.630264,0.79,1,136023,135475,548
6225581,16,16,446,62780,0.9,0.25,2,136244,135798,446
6228501,31.2,16,465,62780,0.828,0.19,2,136279,135814,465
6231421,27.84,29.6,459,62780,0.7336,0.27,1,136306,135847,459
6234341,32.768,25.92,468,62780,0.74672,0.43,1,136340,135872,468
6237261,20.9536,20.384,467,62780,0.749344,0.53,1,136358,135891,467
6240181,22.5907,18.4768,472,62780,0.733869,0.57,1,136381,135909,472
6243101,21.3181,22.8954,469,62780,0.746774,0.55,1,136402,135933,469
6246021,77.8636,19.7791,542,62780,0.829355,0.65,2,136494,135952,542
6248941,23.5727,60.7558,481,62780,0.845871,1,2,136504,136023,481
6251861,15.9145,21.7512,483,62780,0.881174,1,2,136518,136035,483
6254781,14.3829,19.5502,478,62780,0.872235,1,2,136532,136054,478
6257701,15.6766,17.51,477,62780,0.918447,1,2,136548,136071,477
6269381,10,13,490,62780,0.93,1,2,136611,136121,490
6453341,18,14,482,68620,0.89,1,2,138024,137542,482
6456261,16.4,15.6,482,68620,0.89,1,2,138040,137558,482
6459181,17.68,17.52,482,68620,0.842,1,2,138058,137576,482
6462101,17.936,3.504,500,68620,0.7844,1,2,138076,137576,500
6465021,18.7872,13.5008,503,68620,0.72488,1,1,138095,137592,503
6467941,18.9574,13.9002,508,68620,0.648976,1,1,138114,137606,508
6470861,19.7915,22.78,503,68620,0.585795,1,1,138134,137631,503
6473781,19.1583,17.356,506,68620,0.565159,1,1,138153,137647,506
6476701,19.8317,13.8712,513,68620,0.513032,1,1,138173,137660,513
6479621,19.9663,15.5742,517,70080,0.526606,1,1,138193,137676,517
6482541,18.3933,25.5148,507,70080,0.449321,1,1,138211,137704,507
6485461,17.2787,17.903,508,70080,0.465864,1,1,138228,137720,508
6488381,18.6557,25.1806,500,70080,0.373173,1,1,138247,137747,500
6491301,18.9311,20.2361,500,70080,0.306635,1,1,138266,137766,500
6494221,22.9862,19.2472,505,70080,0.237327,1,1,138290,137785,505
6497141,18.9972,27.0494,494,70080,0.231465,1,1,138308,137814,494
6500061,70.9995,86.2099,477,70080,0.150293,0.99,1,138392,137915,477
6502981,30.1999,29.242,482,71540,0.166059,1,1,138412,137930,482
6505901,13.24,13.8484,481,71540,0.113212,1,1,138421,137940,481
6508821,9.048,16.3697,472,71540,0.126642,0.94,1,138429,137957,472
6511741,13.0096,16.0739,470,71540,0.177328,0.92,1,138443,137973,470
6514661,13.8019,16.8148,467,71540,0.155466,0.8,1,138457,137990,467
6517581,16.3604,16.163,468,73000,0.183093,0.8,1,138474,138006,468
6520501,16.0721,3.23259,484,73000,0.172619,0.89,1,138490,138006,484
6523421,13.6144,15.0465,479,73000,0.138524,0.89,1,138503,138024,479
6526341,13.9229,15.8093,477,73000,0.131705,0.83,1,138517,138040,477
6529261,13.9846,17.5619,473,73000,0.0343409,0.77,1,138531,138058,473
6532181,15.5969,17.9124,471,73000,0.0308682,0.71,1,138547,138076,471
6535101,15.9194,18.7825,468,73000,0.0461736,0.63,1,138563,138095,468
6538021,17.5839,18.9565,467,73000,0.0492347,0.57,1,138581,138114,467
6540941,18.7168,19.7913,466,74460,0.0338469,0.56,1,138600,138134,466
6543861,19.7434,19.1583,467,74460,0.190769,0.5,1,138620,138153,467
6546781,5.54867,19.8317,449,74460,0.222154,0.53,1,138622,138173,449
6549701,14.7097,19.9663,446,74460,0.324431,0.43,1,138639,138193,446
6552621,16.5419,18.3933,445,74460,0.296886,0.47,1,138656,138211,445
6555541,12.1084,17.2787,439,74460,0.307377,0.35,1,138667,138228,439
6558461,16.0217,18.6557,437,74460,0.229475,0.29,1,138684,138247,437
6561381,15.2043,18.9311,433,74460,0.293895,0.22,1,138699,138266,433
6564301,23.0409,22.9862,434,74460,0.338779,0.23,1,138724,138290,434
6567221,14.2082,18.9972,428,74460,0.315756,0.13,1,138736,138308,428
6570141,69.2416,70.9995,427,75920,0.471151,0.13,1,138819,138392,427
6573061,29.0483,14.1999,446,75920,0.43823,0.17,1,138838,138392,446
6575981,14.6097,18.84,437,75920,0.463646,0.1,1,138849,138412,437
6578901,7.72193,10.968,434,75920,0.436729,0.13,1,138855,138421,434
6581821,13.5444,8.5936,441,75920,0.415346,0.19,1,138870,138429,441
6584741,15.5089,12.9187,443,75920,0.395069,0.15,1,138886,138443,443
6587661,4.70178,13.7837,431,75920,0.391014,0.19,1,138888,138457,431
6590581,12.1404,16.3567,428,75920,0.454203,0.17,1,138902,138474,428
6593501,16.0281,16.0713,429,75920,0.482841,0.13,1,138919,138490,429
6596421,12.0056,13.6143,427,75920,0.536568,0.13,1,138930,138503,427
6599341,10.4011,13.9229,423,75920,0.547314,0.01,1,138940,138517,423
6602261,14.0802,13.9846,424,75920,0.581463,0.03,1,138955,138531,424
6605181,15.616,15.5969,424,75920,0.620293,0.05,1,138971,138547,424
6608101,14.3232,15.9194,422,77380,0.644059,0.05,1,138985,138563,422
6611021,18.0646,17.5839,423,77380,0.792812,0.05,2,139004,138581,423
6613941,26.0129,3.51678,451,77380,0.854562,0.03,2,139032,138581,451
6616861,26.0026,15.9034,458,77380,0.866912,0.23,2,139058,138600,458
6619781,6.80052,19.1807,440,78840,0.869383,0.23,2,139060,138620,440
6622701,10.1601,5.43613,449,78840,0.901877,0.35,2,139071,138622,449
6625621,18.032,14.6872,452,78840,0.940375,0.29,2,139091,138639,452
6628541,8.4064,16.5374,441,78840,0.948075,0.31,2,139097,138656,441
6631461,19.2813,12.1075,452,78840,0.917615,0.21,2,139119,138667,452
6862141,68,75,451,66320,0.05,0.7,1,140894,140443,451
6924321,51.2,54.2,449,67160,0.178,0.01,1,140941,140492,449
6927241,127.04,141.24,432,68620,0.3636,0.01,1,141087,140655,432
6930161,42.208,45.848,431,70080,0.40072,0.01,1,141108,140677,431
6933081,22.0416,24.3696,429,71540,0.424144,0.01,1,141125,140696,429
6936001,31.6083,20.8739,443,73000,0.428829,0.05,1,141159,140716,443
6938921,32.7217,33.7748,439,74460,0.333766,0.19,1,141192,140753,439
6941841,19.3443,20.355,438,75920,0.282753,0.15,1,141208,140770,438
6944761,11.8689,15.271,434,75920,0.256551,0.11,1,141218,140784,434
6947681,27.9738,18.2542,447,75920,0.26731,0.23,1,141250,140803,447
6950601,11.1948,22.0508,431,75920,0.285462,0.23,1,141257,140826,431
6953521,16.639,18.0102,432,77380,0.353092,0.11,1,141275,140843,432
6956441,17.7278,19.602,430,77380,0.366619,0.11,1,141293,140863,430
6959361,21.1456,15.9204,437,77380,0.385324,0.05,1,141315,140878,437
6962281,5.82911,15.9841,423,77380,0.389065,0.05,1,141317,140894,423
6965201,43.5658,3.19682,476,77380,0.741813,0.21,1,141370,140894,476
6968121,10.3132,38.2394,431,77380,0.812363,0.21,2,141372,140941,431
6971041,3.66263,7.64787,433,78840,0.794473,0.21,2,141374,140941,433
6973961,2.33253,1.52957,435,78840,0.822895,0.21,2,141376,140941,435
6976881,2.06651,0.305915,437,78840,0.796579,0.21,2,141378,140941,437
6979801,2.0133,0.061183,439,78840,0.791316,0.21,2,141380,140941,439
6982721,2.00266,0.0122366,441,78840,0.790263,0.21,2,141382,140941,441
6985641,2.00053,0.00244732,443,78840,0.806053,0.21,2,141384,140941,443
6988561,2.00011,0.000489464,445,78840,0.809211,0.21,2,141386,140941,445
6991481,2.00002,9.78927e-05,447,80300,0.809842,0.21,2,141388,140941,447
6994401,108.4,1.95785e-05,582,80300,0.905968,0.41,2,141523,140941,582
6997321,23.28,116.8,438,80300,0.925194,0.41,2,141525,141087,438
7000241,20.656,40.16,437,80300,0.929039,0.41,2,141545,141108,437
7003161,18.5312,8.032,455,80300,0.929808,0.43,2,141563,141108,455
7006081,5.30624,15.2064,440,80300,0.929962,0.43,2,141565,141125,440
7178361,48,61,468,60980,0.37,1,1,143085,142617,468
7188581,60,41.8,494,60980,0.242,1,1,143148,142654,494
7192961,48.8,52.36,485,60980,0.2484,1,1,143194,142709,485
7255741,18.56,28.872,473,61320,0.26568,1,1,143205,142732,473
7258661,23.712,15.3744,486,62780,0.397136,0.86,1,143230,142744,486
7261581,19.9424,22.2749,481,64240,0.423427,0.85,1,143249,142768,481
7264501,17.5885,31.655,464,65700,0.444685,0.87,1,143266,142802,464
7267421,10.7177,11.931,466,65700,0.368937,0.85,1,143275,142809,466
7270341,18.9435,14.3862,472,65700,0.321787,0.75,1,143296,142824,472
7273261,10.9887,17.2772,463,67160,0.280357,0.79,1,143305,142842,463
7273761,3.79774,8.25545,459,67160,0.288072,0.74,1,143307,142848,459
7275841,33.5595,12.8511,486,67160,0.0576143,0.47,1,143348,142862,486
7278761,75.5119,98.5702,452,67160,0.0355229,0.45,1,143434,142982,452
7281681,37.5024,33.314,463,67160,0.0151046,0.45,1,143462,142999,463
7284601,21.9005,30.6628,451,67160,0.139021,0.45,1,143480,143029,451
7458341,21,2,510,51100,0.79,1,2,144766,144256,510
7461261,21.8,2.8,529,52560,0.87,1,2,144788,144259,529
7481701,60,70,517,55480,0,0.83,1,145059,144542,517
7484621,28,64.4,474,55480,0,0.77,1,145079,144605,474
7487541,21.6,32.88,469,55480,0.056,0.75,1,145099,144630,469
7490461,25.12,25.776,471,55480,0.8112,0.74,2,145125,144654,471
7709741,437,624,437,2920,0.73,0,1,148314,147877,437
7759381,10,15,481,29200,0.31,1,1,150216,149735,481
7762301,8.4,3,489,29200,0.31,1,1,150224,149735,489
7765221,4.88,11,480,30660,0.342,0.96,1,150228,149748,480
7768141,13.776,15,480,30660,0.3644,0.94,1,150244,149764,480
7771061,13.9552,12.6,482,30660,0.38488,0.96,1,150258,149776,482
7773981,9.19104,9.72,481,30660,0.404976,1,1,150266,149785,481
7776901,17.0382,6.744,494,30660,0.440995,1,1,150285,149791,494
7779821,17.8076,18.9488,490,30660,0.816199,0.33,2,150303,149813,490
7943341,126,282,464,29200,0.35,0.57,1,152976,152512,464
7946261,45.2,82,457,30660,0.59,0.53,1,153001,152544,457
7949181,53.84,61.2,457,32120,0.59,0.41,1,153057,152600,457
7952101,42.768,47.44,453,33580,0.606,0.45,1,153097,152644,453
7955021,22.9536,25.488,451,33580,0.6092,0.41,1,153115,152664,451
7957941,18.1907,21.0976,448,33580,0.67384,0.35,1,153132,152684,448
7960861,12.4381,16.2195,444,33580,0.702768,0.37,1,153143,152699,444
7963781,5.68763,8.0439,442,33580,0.676554,0.35,1,153147,152705,442
7966701,114.738,3.20878,582,33580,0.879311,0.31,2,153289,152707,582
7969621,24.5475,115.042,441,35040,0.919862,0.35,2,153291,152850,441
8057221,29,43,497,37960,0.69,1,1,154527,154030,497
8060141,21,24.6,496,37960,0.626,1,1,154546,154050,496
8063061,15.4,22.52,488,37960,0.5492,1,1,154560,154072,488
8065981,23.08,22.904,490,37960,0.43784,1,1,154585,154095,490
8068901,23.016,22.9808,490,37960,0.367568,1,1,154608,154118,490
8071821,83.0032,92.5962,478,37960,0.0975136,1,1,154706,154228,478
8074741,31.8006,28.9192,484,37960,0.0275027,1,1,154725,154241,484
8077661,23.9601,23.3838,484,37960,0.0135005,1,1,154747,154263,484
8080581,87.192,88.6768,482,37960,0.0107001,1,1,154850,154368,482
8083501,37.4384,39.3354,480,37960,0.15414,1,1,154875,154395,480
8086421,19.4877,24.6671,474,37960,0.118828,0.84,1,154890,154416,474
8089341,31.0975,42.5334,461,37960,0.0797656,0.75,1,154924,154463,461
8092261,33.4195,36.5067,460,37960,0.119953,0.69,1,154958,154498,460
8095181,25.0839,30.5013,454,37960,0.0959906,0.61,1,154981,154527,454
8098101,14.6168,21.3003,447,37960,0.139198,0.53,1,154993,154546,447
8101021,12.5234,15.4601,445,37960,0.0998396,0.41,1,155005,154560,445
8103941,17.7047,23.092,439,37960,0.155968,0.35,1,155024,154585,439
8106861,19.5409,23.0184,436,37960,0.135194,0.03,1,155044,154608,436
8109781,71.1082,83.0037,422,37960,0.0270387,0.01,1,155128,154706,422
8112701,29.4216,31.8007,422,37960,0.0134077,0.01,1,155147,154725,422
8115621,23.4843,23.9601,422,37960,0.154682,0.01,1,155169,154747,422
8118541,95.8969,87.192,433,37960,0.150936,0.19,1,155283,154850,433
8121461,35.9794,37.4384,429,37960,0.0861873,0.11,1,155304,154875,429
8124381,14.3959,19.4877,423,37960,0.0732374,0.07,1,155313,154890,423
8127301,33.2792,31.0975,427,37960,0.0706475,0.13,1,155351,154924,427
8130221,32.2558,33.4195,425,37960,0.0381295,0.09,1,155383,154958,425
8133141,27.2512,25.0839,428,37960,0.111626,0.15,1,155409,154981,428
8136061,13.4502,14.6168,426,37960,0.126325,0.09,1,155419,154993,426
8138981,10.69,12.5234,424,37960,0.177265,0.17,1,155429,155005,424
8141901,22.138,17.7047,430,37960,0.187453,0.13,1,155454,155024,430
8144821,19.6276,19.5409,429,37960,0.221491,0,1,155473,155044,429
8147741,65.5255,71.1082,422,37960,0.260298,0.01,1,155550,155128,422
8150661,28.3051,29.4216,422,37960,0.12406,0.19,1,155569,155147,422
8153581,27.261,23.4843,427,37960,0.0808119,0.15,1,155596,155169,427
8156501,95.0522,95.8969,425,37960,0.136162,0.07,1,155708,155283,425
8159421,35.0104,35.9794,424,37960,0.163232,0.07,1,155728,155304,424
8162341,12.6021,14.3959,422,37960,0.152646,0.07,1,155735,155313,422
8165261,33.7204,33.2792,423,37960,0.166529,0.03,1,155774,155351,423
8168181,32.3441,32.2558,423,37960,0.201306,0.13,1,155806,155383,423
8171101,31.2688,27.2512,428,37960,0.208261,0.13,1,155837,155409,428
8174021,16.6538,13.4502,431,37960,0.209652,0.19,1,155850,155419,431
8176941,9.73075,10.69,429,37960,0.25793,0.19,1,155858,155429,429
8179861,24.3462,22.138,432,37960,0.251586,0.23,1,155886,155454,432
8182781,17.6692,19.6276,429,37960,0.250317,0.27,1,155902,155473,429
8185701,65.1338,65.5255,429,37960,0.346063,0.09,1,155979,155550,429
8188621,22.6268,28.3051,422,37960,0.349213,0.07,1,155991,155569,422
8191541,29.3254,27.261,426,37960,0.381843,0.15,1,156022,155596,426
8194461,98.6651,95.0522,430,37960,0.388368,0.17,1,156138,155708,430
8197381,34.133,35.0104,428,37960,0.389674,0.15,1,156156,155728,428
8200301,13.2266,12.6021,429,37960,0.421935,0.17,1,156164,155735,429
8203221,34.6453,33.7204,430,37960,0.476387,0.21,1,156204,155774,430
8206141,34.9291,32.3441,433,37960,0.519277,0.21,1,156239,155806,433
8209061,30.1858,31.2688,431,37960,0.527856,0.21,1,156268,155837,431
8211981,18.8372,16.6538,434,37960,0.545571,0.27,1,156284,155850,434
8214901,10.1674,9.73075,434,37960,0.533114,0.25,1,156292,155858,434
8217821,24.4335,24.3462,434,37960,0.530623,0.25,1,156320,155886,434
8220741,17.6867,17.6692,434,37960,0.530125,0.37,1,156336,155902,434
8223661,69.1373,65.1338,439,37960,0.578025,0.35,1,156418,155979,439
8226581,23.4275,22.6268,439,39420,0.635605,0.39,1,156430,155991,439
8229501,31.0855,29.3254,441,39420,0.631121,0.39,1,156463,156022,441
8232421,99.0171,98.6651,441,39420,0.678224,0.39,1,156579,156138,441
8235341,34.2034,34.133,441,39420,0.719645,0.43,1,156597,156156,441
8238261,13.2407,13.2266,441,39420,0.695929,0.49,1,156605,156164,441
8241181,37.8481,34.6453,445,39420,0.691186,0.53,1,156649,156204,445
8244101,37.1696,34.9291,447,39420,0.642237,0.53,1,156686,156239,447
8247021,30.6339,30.1858,447,39420,0.648447,0.55,1,156715,156268,447
8249941,18.1268,18.8372,446,40880,0.71369,0.53,1,156730,156284,446
8252861,10.0254,10.1674,446,40880,0.726738,0.53,1,156738,156292,446
8255781,24.4051,24.4335,446,40880,0.729348,0.53,1,156766,156320,446
8258701,17.681,17.6867,446,40880,0.761869,0.59,2,156782,156336,446
8261621,73.1362,69.1373,451,40880,0.784374,0.59,2,156869,156418,451
8264541,24.2272,13.8275,463,40880,0.788875,0.65,2,156881,156418,463
8267461,32.0454,12.3655,485,40880,0.805775,0.63,2,156915,156430,485
8270381,101.609,28.8731,571,40880,0.841155,0.69,2,157034,156463,571
8273301,34.7218,98.5746,473,42340,0.880231,0.73,2,157052,156579,473
8276221,13.3444,34.1149,463,42340,0.888046,0.69,2,157060,156597,463
8279141,36.2689,13.223,497,42340,0.889609,0.69,2,157102,156605,497
8282061,36.0538,37.8446,489,42340,0.889922,0.63,2,157138,156649,489
8284981,32.0108,37.1689,483,42340,0.873984,0.65,2,157169,156686,483
8287901,8.00215,30.6338,456,43800,0.870797,0.73,2,157171,156715,456
8290821,15.2004,18.1268,458,43800,0.870159,0.73,2,157188,156730,458
8293741,9.44009,10.0254,458,43800,0.902032,0.73,2,157196,156738,458
8296661,24.288,24.4051,458,43800,0.924406,0.77,2,157224,156766,458
8299581,18.4576,17.681,459,43800,0.912881,0.79,2,157241,156782,459
8302501,74.8915,73.1362,461,43800,0.894576,0.79,2,157330,156869,461
8305421,24.5783,24.2272,461,45260,0.906915,0.81,2,157342,156881,461
8308341,32.9157,32.0454,462,45260,0.893383,0.85,2,157377,156915,462
8311261,104.183,101.609,465,45260,0.906677,0.85,2,157499,157034,465
8314181,35.2366,20.3218,483,46720,0.925335,0.89,2,157517,157034,483
8317101,13.4473,18.4644,473,46720,0.929067,0.89,2,157525,157052,473
8556541,100,113,449,48180,0.53,0.49,1,160071,159622,449
8565301,46.4,53,444,48180,0.578,0.47,1,160104,159660,444
8612021,66.08,68.2,443,48180,0.8116,0.47,2,160175,159732,443
8614941,28.416,19.24,455,49640,0.85832,0.45,2,160194,159739,455
8788681,262,280,431,40880,0.13,0.27,1,161942,161511,431
8791601,89.2,72.8,456,42340,0.146,0.29,1,161988,161532,456
8794521,36.24,40.16,447,43800,0.1812,0.25,1,162011,161564,447
8797441,36.848,28.032,459,43800,0.14024,0.35,1,162048,161589,459
8800361,27.3696,29.6064,454,45260,0.212048,0.35,1,162073,161619,454
8803281,23.8739,25.1213,453,45260,0.16241,0.33,1,162096,161643,453
8806201,22.3748,34.6243,438,45260,0.184482,0.33,1,162118,161680,438
8809121,39.675,14.1249,473,45260,0.0928964,0.35,1,162162,161689,473
8812041,24.735,37.225,451,45260,0.106579,0.35,1,162183,161732,451
8814961,20.947,26.645,447,45260,0.125316,0.25,1,162203,161756,447
8817881,24.9894,26.129,447,45260,0.161063,0.19,1,162229,161782,447
8820801,19.3979,26.8258,438,45260,0.200213,0.13,1,162247,161809,438
8823721,19.0796,22.9652,435,45260,0.224043,0.05,1,162266,161831,435
8826641,35.0159,29.393,443,45260,0.132809,0.01,1,162305,161862,443
8829561,58.2032,32.2786,474,46720,0.274562,0.13,1,162369,161895,474
8832481,48.4406,44.0557,473,46720,0.302912,0.15,1,162415,161942,473
8835401,11.2881,45.6111,429,46720,0.308582,0.19,1,162417,161988,429
8838321,20.6576,27.5222,429,46720,0.325716,0.13,1,162440,162011,429
8841241,34.5315,35.1044,430,46720,0.393143,0.13,1,162478,162048,430
8844161,26.1063,7.02089,454,46720,0.390629,0.23,1,162502,162048,454
8847081,25.2213,21.4042,454,46720,0.470126,0.15,1,162527,162073,454
8850001,23.4443,22.6808,454,46720,0.470025,0.19,1,162550,162096,454
8852921,34.2889,22.1362,469,46720,0.502005,0.07,1,162587,162118,469
8855841,23.6578,39.6272,446,46720,0.636401,0.11,1,162608,162162,446
8858761,20.7316,24.7254,445,46720,0.59928,0.13,1,162628,162183,445
8861681,24.1463,20.9451,450,48180,0.591856,0.17,1,162653,162203,450
8864601,22.4293,24.989,446,48180,0.622371,0.21,1,162675,162229,446
8867521,19.6859,19.3978,447,48180,0.564474,0.23,1,162694,162247,447
8870441,34.3372,19.0796,466,48180,0.632895,0.11,1,162732,162266,466
8873361,8.46743,35.0159,429,48180,0.614579,0.31,1,162734,162305,429
8876281,59.2935,58.2032,437,48180,0.690916,0.31,1,162806,162369,437
8879201,47.0587,48.4406,435,48180,0.802183,0.31,2,162850,162415,435
8882121,11.0117,11.2881,435,48180,0.792437,0.33,2,162852,162417,435
8885041,21.4023,20.6576,436,48180,0.822487,0.41,2,162876,162440,436
8887961,37.8805,34.5315,440,48180,0.892497,0.39,2,162918,162478,440
8890881,29.9761,26.1063,444,48180,0.922499,0.49,2,162946,162502,444
8893801,27.5952,25.2213,446,48180,0.9445,0.47,2,162973,162527,446
8896721,23.919,23.4443,446,48180,0.9329,0.51,2,162996,162550,446
9273401,27,26,514,58400,0.63,1,1,166662,166148,514
9276321,27,25.2,516,58400,0.55,1,1,166689,166173,516
9279241,26.2,25.04,517,58400,0.454,1,1,166715,166198,517
9282161,26.04,24.208,519,59860,0.4188,1,1,166741,166222,519
9283621,26.008,25.6416,519,59860,0.33176,1,1,166767,166248,519
9299681,375.602,441.928,436,40880,0.250352,0.13,1,167230,166794,436
9304061,160.72,182.786,425,40880,0.71407,0.11,1,167337,166912,425
9353701,49.7441,54.1571,425,40880,0.870814,0.01,2,167359,166934,425
9473421,25,32,508,55480,0.67,1,1,168574,168066,508
9476341,27.4,24.8,513,55480,0.622,1,1,168602,168089,513
9479261,25.48,20.96,518,55480,0.5324,1,1,168627,168109,518
9482181,26.696,19.392,526,56940,0.45048,1,1,168654,168128,526
9485101,26.1392,26.2784,524,56940,0.386096,1,1,168680,168156,524
9544961,387.628,457.256,437,39420,0.181219,0.31,1,169158,168721,437
9547881,119.926,121.851,452,40880,0.220244,0.23,1,169211,168759,452
9550801,61.5851,71.5702,440,42340,0.372049,0.15,1,169258,168818,440
9553721,44.317,43.914,443,43800,0.51441,0.13,1,169298,168855,443
9556641,29.6634,41.5828,428,43800,0.574882,0.09,1,169324,168896,428
9559561,27.5327,29.9166,428,43800,0.522976,0.09,1,169351,168923,428
9562481,35.9065,17.9833,451,43800,0.592595,0.09,1,169389,168938,451
9565401,24.7813,41.1967,426,43800,0.670519,0.09,1,169411,168985,426
9568321,33.7563,23.4393,443,43800,0.654104,0.05,1,169447,169004,443
9571241,43.5513,42.2879,442,43800,0.714821,0.01,1,169493,169051,442
9574161,10.3102,24.4576,424,45260,0.726964,0.07,1,169495,169071,424
9577081,19.6621,23.2915,423,45260,0.793393,0.09,2,169517,169094,423
9580001,23.9324,23.8583,424,45260,0.822679,0.09,2,169542,169118,424
9582921,30.3865,15.1717,443,45260,0.780536,0.13,2,169574,169131,443
9585841,17.2773,24.6343,430,45260,0.852107,0.23,2,169588,169158,430
9588761,53.0555,47.3269,439,45260,0.866421,0.23,2,169650,169211,439
9591681,49.8111,9.46537,488,45260,0.853284,0.41,2,169699,169211,488
9594601,11.5622,39.4931,443,45260,0.850657,0.55,2,169701,169258,443
9597521,40.7124,39.8986,451,45260,0.930131,0.59,2,169749,169298,451
9600441,25.7425,28.7797,447,45260,0.946026,0.51,2,169771,169324,447
9746441,28,21,510,48180,0.95,1,2,171276,170766,510
9749361,28,19.4,519,48180,0.87,1,2,171304,170785,519
9752281,21.6,26.28,511,48180,0.838,1,2,171324,170813,511
9755201,44.32,30.056,530,48180,0.7676,1,2,171374,170844,530
9758121,30.464,46.0112,507,48180,0.72152,1,1,171401,170894,507
9761041,28.4928,26.0022,514,48180,0.776304,1,2,171429,170915,514
9763961,25.6986,27.6004,511,48180,0.723261,1,1,171454,170943,511
9766881,25.9397,28.7201,508,48180,0.824652,0.98,2,171480,170972,508
9769801,25.9879,27.344,507,48180,0.87693,1,2,171506,170999,507
9915801,26,41,507,51100,0.85,1,2,172991,172484,507
9918721,28.4,37,500,51100,0.738,1,1,173020,172520,500
9921641,52.88,30.6,530,51100,0.5556,1,1,173079,172549,530
9924561,29.776,54.12,494,51100,0.39112,1,1,173103,172609,494
9927481,21.1552,29.224,490,51100,0.342224,1,1,173122,172632,490
9930401,21.831,27.4448,485,51100,0.332445,1,1,173144,172659,485
9933321,36.3662,27.889,497,51100,0.482489,1,1,173184,172687,497
9936241,31.2732,25.5778,502,52560,0.424498,1,1,173214,172712,502
9939161,27.8546,25.9156,503,52560,0.3809,1,1,173241,172738,503
9942081,25.5709,28.3831,499,52560,0.27618,1,1,173266,172767,499
9945001,21.9142,29.6766,490,52560,0.271236,1,1,173287,172797,490
9947921,27.5828,26.7353,493,52560,0.270247,1,1,173316,172823,493
9950841,28.7166,27.7471,494,52560,0.318049,1,1,173345,172851,494
9953761,20.9433,28.7494,484,52560,0.29561,0.98,1,173364,172880,484
9956681,17.7887,28.9499,472,54020,0.387122,0.79,1,173381,172909,472
9959601,21.1577,27.39,467,54020,0.437424,0.79,1,173403,172936,467
9962521,25.0315,5.478,493,54020,0.559485,0.91,1,173429,172936,493
9965441,22.6063,24.2956,486,54020,0.615897,0.85,1,173451,172965,486
9968361,25.3213,25.6591,486,54020,0.627179,0.71,1,173477,172991,486
9971281,42.6643,28.3318,504,54020,0.789436,0.51,2,173524,173020,504
9974201,22.9329,52.8664,463,55480,0.837887,0.35,2,173542,173079,463
9977121,16.5866,29.7733,454,55480,0.863577,0.33,2,173557,173103,454
10126041,45,14,507,43800,0.45,1,1,174918,174411,507
10128961,41.8,36.4,506,45260,0.498,1,1,174959,174453,506
10131881,35.56,42.48,496,46720,0.5236,0.91,1,174993,174497,496
10134801,28.712,39.696,484,48180,0.57672,0.86,1,175020,174536,484
10137721,30.5424,24.7392,494,49640,0.603344,0.79,1,175051,174557,494
10140641,28.5085,40.9478,477,49640,0.736669,0.63,1,175079,174602,477
10143561,16.1017,31.3896,461,49640,0.747334,0.57,1,175092,174631,461
10146481,28.8203,33.4779,459,49640,0.813467,0.49,2,175124,174665,459
10149401,26.5641,28.2956,458,49640,0.874693,0.41,2,175150,174692,458
10152321,27.7128,29.6591,456,49640,0.854939,0.41,2,175178,174722,456
10372781,12,14,473,40880,0.15,0.87,1,177225,176752,473
10375701,32.8,25.2,483,42340,0.23,0.91,1,177263,176780,483
10378621,36.96,40.24,477,43800,0.262,0.81,1,177301,176824,477
10381541,37.792,41.648,473,45260,0.3644,0.73,1,177339,176866,473
10384461,39.5584,39.5296,474,45260,0.43288,0.55,1,177379,176905,474
10387381,23.1117,38.3059,455,45260,0.478576,0.47,1,177398,176943,455
10390301,27.8223,18.0612,471,45260,0.511715,0.35,1,177427,176956,471
10393221,22.3645,35.6122,452,45260,0.462343,0.27,1,177448,176996,452
10396141,25.2729,32.7224,446,45260,0.532469,0.27,1,177474,177028,446
10399061,22.6546,25.7445,444,45260,0.530494,0.27,1,177496,177052,444
10401981,18.9309,23.5489,439,45260,0.498099,0.17,1,177514,177075,439
10404901,14.1862,16.7098,437,45260,0.47562,0.19,1,177527,177090,437
10407821,42.0372,39.342,441,45260,0.439124,0.17,1,177576,177135,441
10410741,26.8074,29.4684,437,46720,0.431825,0.15,1,177599,177162,437
10413661,49.3615,46.6937,441,46720,0.446365,0.15,1,177654,177213,441
10416581,46.6723,18.9387,475,46720,0.369273,0.25,1,177700,177225,475
10419501,10.9345,34.1877,439,46720,0.321855,0.27,1,177702,177263,439
10422421,34.9869,37.2375,442,46720,0.344371,0.27,1,177743,177301,442
10425341,38.9974,7.44751,482,46720,0.364874,0.39,1,177783,177301,482
10428261,39.7995,31.8895,484,46720,0.352975,0.45,1,177823,177339,484
10431181,26.3599,38.3779,467,46720,0.270595,0.49,1,177846,177379,467
10434101,25.272,22.8756,473,46720,0.302119,0.52,1,177871,177398,473
10437021,23.4544,27.7751,467,46720,0.340424,0.45,1,177894,177427,467
10439941,25.4909,22.355,472,46720,0.332085,0.55,1,177920,177448,472
10442861,21.8982,25.271,467,48180,0.346417,0.53,1,177941,177474,467
10445781,17.1796,22.6542,461,48180,0.349283,0.49,1,177957,177496,461
10448701,13.8359,18.9308,456,48180,0.333857,0.47,1,177970,177514,456
10451621,40.3672,14.1862,490,48180,0.346771,0.43,1,178017,177527,490
10454541,9.67344,42.0372,443,48180,0.349354,0.43,1,178019,177576,443
10457461,19.5347,26.8074,442,48180,0.445871,0.45,1,178041,177599,442
10460381,49.5069,49.3615,444,48180,0.449174,0.35,1,178098,177654,444
10463301,42.7014,46.6723,439,48180,0.545835,0.31,1,178139,177700,439
10466221,10.1403,10.9345,439,48180,0.565167,0.35,1,178141,177702,439
10469141,34.8281,34.9869,439,48180,0.553033,0.37,1,178182,177743,439
10472061,38.9656,38.9974,439,49640,0.694607,0.35,1,178222,177783,439
10474981,37.3931,39.7995,436,49640,0.706921,0.25,1,178259,177823,436
10477901,25.0786,26.3599,435,49640,0.709384,0.31,1,178281,177846,435
10480821,26.6157,25.272,437,49640,0.725877,0.35,1,178308,177871,437
10483741,25.3231,23.4544,439,49640,0.713175,0.33,1,178333,177894,439
10486661,25.0646,25.4909,438,49640,0.710635,0.33,1,178358,177920,438
10489581,21.8129,5.09818,459,49640,0.742127,0.35,1,178379,177920,459
10492501,17.1626,17.8196,454,49640,0.748425,0.35,1,178395,177941,454
10495421,14.6325,16.3639,452,49640,0.749685,0.33,1,178409,177957,452
10498341,42.1265,13.6728,488,49640,0.797937,0.35,2,178458,177970,488
10501261,10.0253,40.3346,443,49640,0.807587,0.35,2,178460,178017,443
10504181,21.2051,9.66691,465,49640,0.841518,0.47,2,178484,178019,465
10507101,52.241,19.5334,503,49640,0.848303,0.45,2,178544,178041,503
10644341,23,19,505,49640,0.77,1,2,179864,179359,505
10647261,28.6,35,496,49640,0.642,1,1,179894,179398,496
10650181,26.52,25.4,499,49640,0.5364,1,1,179920,179421,499
10653101,25.304,21.88,503,49640,0.45128,1,1,179945,179442,503
10656021,29.8608,41.976,487,49640,0.354256,1,1,179976,179489,487
10658941,46.7722,52.3952,483,49640,0.254851,1,1,180027,179544,483
10661861,31.7544,32.079,484,49640,0.21897,1,1,180055,179571,484
10664781,29.5509,27.2158,487,49640,0.227794,1,1,180084,179597,487
10667701,32.3102,25.4432,495,49640,0.133559,1,1,180117,179622,495
10670621,26.462,25.8886,494,49640,0.146712,1,1,180142,179648,494
10673541,22.8924,32.3777,482,49640,0.229342,1,1,180164,179682,482
10676461,32.5785,26.4755,492,49640,0.213868,1,1,180199,179707,492
10679381,22.5157,22.8951,490,49640,0.274774,1,1,180219,179729,490
10682301,17.3031,26.979,478,49640,0.358955,0.99,1,180235,179757,478
10685221,21.8606,31.7958,468,49640,0.399791,0.94,1,180258,179790,468
10688141,24.3721,27.9592,466,49640,0.439958,0.83,1,180283,179817,466
10691061,17.6744,24.7918,458,49640,0.559992,0.77,1,180299,179841,458
10693981,19.5349,23.3584,455,49640,0.583998,0.61,1,180319,179864,455
10696901,23.107,28.6717,449,49640,0.6368,0.51,1,180343,179894,449
10699821,23.8214,26.5343,447,49640,0.67136,0.43,1,180367,179920,447
10702741,21.5643,25.3069,443,49640,0.718272,0.33,1,180388,179945,443
10705661,25.9129,29.8614,439,49640,0.679654,0.23,1,180415,179976,439
10825381,27,22,510,55480,0.77,1,2,181593,181083,510
10885241,406.2,444.4,461,39420,0.442,0.75,1,182094,181633,461
10888161,117.24,115.28,473,40880,0.4004,0.81,1,182139,181666,473
10891081,53.848,53.456,473,42340,0.44808,0.85,1,182177,181704,473
10894001,35.5696,37.8912,470,43800,0.545616,0.75,1,182208,181738,470
10896921,25.5139,29.9782,465,45260,0.549123,0.67,1,182231,181766,465
10899841,28.3028,27.5956,467,46720,0.597825,0.67,1,182260,181793,467
10902761,27.2606,32.7191,460,48180,0.639565,0.61,1,182287,181827,460
10905681,48.6521,37.7438,475,48180,0.839913,0.43,2,182341,181866,475
10952401,65,27,517,51100,0.85,0.89,2,182804,182287,517
10955321,14.6,48.6,465,51100,0.85,1,2,182806,182341,465
10958241,56.52,59.32,470,51100,0.802,1,2,182873,182403,470
10961161,49.704,45.464,476,52560,0.8884,1,2,182921,182445,476
10964081,28.3408,26.6928,477,52560,0.90568,1,2,182944,182467,477
10967001,29.6682,26.1386,481,52560,0.925136,1,2,182974,182493,481
10969921,9.93363,6.82771,484,52560,0.913027,1,2,182979,182495,484
10972841,17.9867,20.5655,480,52560,0.910605,1,2,182999,182519,480
10975761,22.7973,14.5131,491,52560,0.878121,1,2,183023,182532,491
10978681,32.5595,42.1026,477,52560,0.871624,0.92,2,183058,182581,477
10981601,35.3119,38.8205,475,52560,0.870325,0.94,2,183094,182619,475
10984521,8.66238,9.3641,475,54020,0.870065,1,2,183096,182621,475
10987441,27.3325,29.8728,472,54020,0.886013,1,2,183128,182656,472
10990361,19.8665,5.97456,490,54020,0.905203,0.95,2,183146,182656,490
10993281,5.5733,21.9949,466,54020,0.909041,0.94,2,183148,182682,466
10996201,25.1147,5.99898,494,54020,0.909808,0.89,2,183178,182684,494
10999121,24.2229,24.3998,489,54020,0.941962,0.85,2,183202,182713,489
11145121,21,11,528,56940,0.85,1,2,184541,184013,528
11148041,17,25.4,515,56940,0.818,1,2,184557,184042,515
11150961,17,22.68,510,56940,0.7796,1,2,184574,184064,510
11153881,20.2,20.536,511,56940,0.71592,1,1,184595,184084,511
11156801,20.04,16.9072,515,56940,0.719184,1,1,184615,184100,515
11159721,20.808,13.7814,523,56940,0.647837,1,1,184636,184113,523
11162641,16.1616,21.9563,514,56940,0.649567,1,1,184651,184137,514
11165561,32.0323,24.3913,525,56940,0.553913,1,1,184687,184162,525
11168481,24.8065,46.4783,496,56940,0.486783,1,1,184710,184214,496
11171401,20.1613,21.2957,500,56940,0.489357,1,1,184729,184229,500
11174321,43.2323,32.2591,514,56940,0.441871,1,1,184778,184264,514
11177241,31.8465,27.2518,517,56940,0.480374,1,1,184807,184290,517
11180161,31.9693,35.0504,512,56940,0.504075,1,1,184839,184327,512
11183081,26.3939,31.8101,506,56940,0.556815,1,1,184864,184358,506
11186001,25.2788,27.962,504,56940,0.663363,0.99,1,184889,184385,504
11188921,33.8558,27.9924,512,56940,0.716673,0.91,1,184925,184413,512
11191841,18.7712,39.1985,485,56940,0.727334,1,1,184940,184455,485
11194761,21.3542,21.4397,490,56940,0.777467,0.93,2,184962,184472,490
11197681,21.8708,24.2879,487,56940,0.803493,0.89,2,184984,184497,487
11200601,20.3742,23.2576,484,56940,0.776699,0.85,2,185004,184520,484
11203521,14.4748,21.4515,476,56940,0.80334,0.81,2,185017,184541,476
11206441,16.495,17.0903,477,56940,0.824668,0.77,2,185034,184557,477
11209361,18.499,17.0181,479,56940,0.812934,0.7,2,185053,184574,479
11383101,23,23,480,40880,0.51,0.99,1,186605,186125,480
11386021,62.2,50.2,495,42340,0.51,1,1,186677,186182,495
11388941,48.44,54.04,485,43800,0.67,0.9,1,186722,186237,485
11391861,53.688,47.608,494,45260,0.606,0.85,1,186777,186283,494
11394781,46.7376,61.5216,474,46720,0.6092,0.75,1,186822,186348,474
11397701,30.1475,37.1043,469,48180,0.60984,0.66,1,186848,186379,469
11400621,34.8295,28.2209,479,49640,0.593968,0.65,1,186884,186405,479
11403541,25.3659,36.0442,464,49640,0.638794,0.57,1,186907,186443,464
11406461,25.0732,28.8088,462,49640,0.647759,0.57,1,186932,186470,462
11409381,19.4146,24.9618,456,49640,0.649552,0.55,1,186950,186494,456
11412301,17.4829,19.3924,455,51100,0.72991,0.47,1,186967,186512,455
11415221,24.2966,23.8785,456,51100,0.713982,0.49,1,186993,186537,456
11418141,21.6593,20.7757,457,51100,0.694796,0.51,1,187014,186557,457
11421061,16.3319,24.1551,447,51100,0.770959,0.51,2,187029,186582,447
11423981,20.8664,23.231,446,51100,0.802192,0.51,2,187051,186605,446
11426901,62.5733,4.64621,519,51100,0.776438,0.51,2,187124,186605,519
11429821,14.1147,58.5292,449,52560,0.771288,0.71,2,187126,186677,449
11432741,39.6229,47.7058,450,52560,0.738258,0.71,1,187172,186722,450
11435661,51.1246,9.54117,504,52560,0.779651,0.59,2,187226,186722,504
11438581,11.8249,45.9082,451,52560,0.81993,0.61,2,187228,186777,451
11441501,36.765,45.1816,449,52560,0.891986,0.61,2,187271,186822,449
11444421,28.953,9.03633,476,52560,0.890397,0.61,2,187298,186822,476
11447341,7.3906,22.6073,452,52560,0.890079,0.59,2,187300,186848,452
11640061,38,42,483,42340,0.09,0.88,1,189045,188562,483
11642981,35.6,43.6,474,43800,0.154,0.84,1,189080,188606,474
11645901,31.92,39.92,466,45260,0.1668,0.69,1,189111,188645,466
11648821,27.984,30.384,465,46720,0.16936,0.55,1,189138,188673,465
11651741,33.5968,41.2768,456,48180,0.201872,0.29,1,189173,188717,456
11654661,46.7194,54.6554,448,48180,0.256374,0.23,1,189223,188775,448
11657581,37.3439,43.7311,442,49640,0.331275,0.07,1,189258,188816,442
11660501,40.2688,46.3462,436,49640,0.314255,0.05,1,189299,188863,436
11663421,26.4538,27.6692,436,49640,0.278851,0.09,1,189322,188886,436
11666341,22.0908,21.5338,437,49640,0.22377,0.03,1,189343,188906,437
11669261,22.0182,25.1068,433,49640,0.196754,0.03,1,189365,188932,433
11672181,22.0036,21.8214,434,49640,0.223351,0.01,1,189387,188953,434
11675101,14.8007,23.5643,423,49640,0.19667,0.09,1,189400,188977,423
11678021,28.5601,28.7129,425,49640,0.271334,0.09,1,189432,189007,425
11680941,36.112,5.74257,463,49640,0.366267,0.09,1,189470,189007,463
11683861,8.82241,31.5485,427,51100,0.401253,0.17,1,189472,189045,427
11686781,30.5645,34.3097,428,51100,0.536251,0.17,1,189508,189080,428
11689701,30.1129,6.86194,458,51100,0.46725,0.17,1,189538,189080,458
11692621,7.62258,26.1724,429,51100,0.45345,0.17,1,189540,189111,429
11695541,21.5245,26.8345,427,51100,0.45069,0.17,1,189565,189138,427
11698461,32.3049,5.3669,462,51100,0.354138,0.21,1,189600,189138,462
11701381,54.461,29.0734,487,51100,0.558828,0.27,1,189660,189173,487
11704301,12.4922,45.8147,439,51100,0.599766,0.35,1,189662,189223,439
11707221,28.0984,37.1629,436,51100,0.591953,0.31,1,189694,189258,436
11710141,38.4197,40.2326,436,51100,0.638391,0.27,1,189735,189299,436
11713061,25.2839,26.4465,435,52560,0.695678,0.21,1,189757,189322,435
11715981,17.8568,22.0893,430,52560,0.723136,0.19,1,189773,189343,430
11718901,21.9714,22.0179,431,52560,0.728627,0.23,1,189796,189365,431
11721821,21.1943,22.0036,430,52560,0.761725,0.19,2,189817,189387,430
11724741,13.0389,14.8007,428,52560,0.800345,0.29,2,189828,189400,428
11727661,37.8078,28.5601,440,52560,0.856069,0.39,2,189872,189432,440
11730581,38.7616,36.112,441,52560,0.899214,0.39,2,189911,189470,441
11733501,9.35231,7.22241,443,52560,0.907843,0.41,2,189913,189470,443
11736421,33.8705,3.04448,481,52560,0.925569,0.57,2,189953,189472,481
11946661,34,40,439,39420,0.47,0.35,1,191877,191438,439
11949581,36.4,28,451,40880,0.486,0.27,1,191914,191463,451
11952501,51.28,32.8,472,42340,0.5052,0.25,1,191969,191497,472
11955421,55.056,72.16,446,43800,0.66904,0.21,1,192025,191579,446
11958341,29.4112,36.832,441,45260,0.685808,0.11,1,192048,191607,441
11961261,28.2822,26.5664,445,46720,0.737162,0.05,1,192076,191631,445
11964181,30.4564,30.1133,445,48180,0.731432,0.05,1,192107,191662,445
11967101,22.8913,25.2227,442,48180,0.778286,0.03,2,192128,191686,442
11970021,26.1783,30.6445,437,48180,0.819657,0.03,2,192155,191718,437
11972941,16.4357,25.3289,427,48180,0.811931,0.03,2,192169,191742,427
12174421,32,39,472,40880,0.23,0.79,1,194106,193634,472
12177341,28,36.6,463,42340,0.326,0.61,1,194133,193670,463
12180261,31.2,28.92,468,42340,0.3612,0.45,1,194165,193697,468
12183181,38.24,48.184,455,42340,0.54424,0.29,1,194205,193750,455
12186101,31.648,44.0368,442,42340,0.628848,0.15,1,194235,193793,442
12189021,39.1296,35.2074,450,42340,0.72577,0.13,1,194276,193826,450
12191941,58.2259,39.8415,472,43800,0.793154,0.05,2,194339,193867,472
12194861,34.0452,53.5683,443,43800,0.886631,0.01,2,194367,193924,443
12197781,22.809,33.1137,435,43800,0.873326,0.01,2,194387,193952,435
12323341,33,26,490,46720,0.65,1,1,195735,195245,490
12326261,30.6,24.4,496,46720,0.506,1,1,195765,195269,496
12329181,31.72,28.88,498,46720,0.3972,1,1,195797,195299,498
12332101,25.544,28.976,493,46720,0.32744,1,1,195821,195328,493
12335021,29.1088,24.9952,499,46720,0.201488,1,1,195851,195352,499
12337941,31.4218,28.999,501,46720,0.0482976,1,1,195883,195382,501
12340861,29.4844,25.7998,505,46720,0.0176595,1,1,195912,195407,505
12343781,33.8969,45.96,489,46720,0.0435319,1,1,195947,195458,489
12346701,32.3794,33.192,491,46720,0.00870638,1,1,195979,195488,491
12349621,25.6759,26.6384,490,46720,0.0257413,1,1,196003,195513,490
12352541,23.5352,23.7277,490,46720,0.0131483,1,1,196026,195536,490
12355461,17.507,28.7455,476,46720,0.0106297,1,1,196042,195566,476
12358381,27.5014,31.3491,474,46720,0.0101259,1,1,196072,195598,474
12361301,27.1003,31.8698,469,46720,0.0260252,0.95,1,196099,195630,469
12364221,29.4201,34.374,464,46720,0.029205,0.85,1,196129,195665,464
12367141,33.084,36.4748,461,46720,0.013841,0.65,1,196163,195702,461
12370061,26.6168,33.695,453,46720,0.0747682,0.47,1,196188,195735,453
12372981,22.1234,30.739,444,46720,0.166954,0.37,1,196209,195765,444
12375901,26.8247,31.7478,440,46720,0.153391,0.31,1,196237,195797,440
12378821,21.3649,25.5496,436,46720,0.182678,0.17,1,196257,195821,436
12381741,21.873,29.1099,428,46720,0.220536,0.01,1,196279,195851,428
12384661,25.1746,31.422,422,46720,0.372107,0.01,1,196305,195883,422
12387581,28.2349,29.4844,422,46720,0.274421,0.05,1,196334,195912,422
12390501,33.647,33.8969,422,46720,0.334884,0,1,196369,195947,422
12393421,32.3294,32.3794,422,46720,0.250977,0.03,1,196401,195979,422
12396341,26.4659,25.6759,423,46720,0.346195,0.01,1,196426,196003,423
12399261,22.8932,23.5352,422,46720,0.413239,0.01,1,196448,196026,422
12402181,17.3786,17.507,422,46720,0.378648,0.01,1,196464,196042,422
12405101,27.4757,27.5014,422,46720,0.38773,0.03,1,196494,196072,422
12408021,27.0951,27.1003,422,46720,0.469546,0.03,1,196521,196099,422
12410941,29.419,29.4201,422,46720,0.533909,0.01,1,196551,196129,422
12413861,34.6838,33.084,424,46720,0.578782,0.09,1,196587,196163,424
12416781,28.5368,26.6168,426,46720,0.699756,0.19,1,196614,196188,426
12419701,24.9074,22.1234,429,46720,0.739951,0.15,1,196638,196209,429
12422621,27.3815,26.8247,429,46720,0.79599,0.19,2,196666,196237,429
12425541,21.4763,21.3649,429,46720,0.711198,0.23,1,196686,196257,429
12428461,25.8953,21.873,434,46720,0.80624,0.41,2,196713,196279,434
12431381,29.9791,25.1746,439,46720,0.857248,0.25,2,196744,196305,439
12434301,24.3958,28.2349,433,46720,0.89945,0.35,2,196767,196334,433
12437221,38.4792,33.647,440,46720,0.89189,0.23,2,196809,196369,440
12440141,27.6958,32.3294,433,46720,0.922378,0.37,2,196834,196401,433
12594901,34,32,504,52560,0.73,1,1,198409,197905,504
12597821,33.2,28.8,509,54020,0.698,1,1,198442,197933,509
12600741,27.44,29.76,505,54020,0.5636,1,1,198468,197963,505
12603661,32.688,33.152,505,54020,0.45672,1,1,198502,197997,505
12606581,31.3376,45.0304,488,54020,0.467344,1,1,198533,198045,488
12609501,27.0675,9.00608,514,54020,0.421469,1,1,198559,198045,514
12612421,27.8135,21.8012,517,55480,0.380294,1,1,198587,198070,517
12615341,26.3627,30.7602,510,55480,0.452059,1,1,198613,198103,510
12618261,20.4725,28.552,501,55480,0.434412,1,1,198632,198131,501
12621181,28.0945,21.7104,511,55480,0.398882,1,1,198662,198151,511
12624101,22.4189,29.1421,501,55480,0.375776,1,1,198683,198182,501
12627021,30.0838,29.8284,503,56940,0.387155,1,1,198715,198212,503
12629941,9.21676,30.7657,476,56940,0.429431,1,1,198719,198243,476
12632861,21.0434,29.3531,471,56940,0.437886,0.99,1,198743,198272,471
12635781,29.0087,28.2706,474,56940,0.463577,0.96,1,198774,198300,474
12638701,25.8017,28.8541,470,56940,0.500715,0.94,1,198799,198329,470
12641621,13.9603,20.9708,462,56940,0.540143,0.81,1,198810,198348,462
12644541,21.1921,25.7942,458,56940,0.548029,0.73,1,198833,198375,458
12647461,29.8384,32.3588,456,56940,0.581606,0.73,1,198865,198409,456
12650381,28.3677,6.47177,484,56940,0.540321,0.69,1,198893,198409,484
12653301,22.4735,27.6944,472,56940,0.500064,0.53,1,198914,198442,472
12656221,29.2947,26.3389,477,58400,0.588013,0.43,1,198945,198468,477
12659141,31.4589,32.4678,475,58400,0.589603,0.47,1,198977,198502,475
12662061,25.4918,31.2936,468,58400,0.621921,0.41,1,199001,198533,468
12664981,6.69836,27.0587,444,58400,0.596384,0.37,1,199003,198559,444
12667901,20.5397,27.8117,440,58400,0.591277,0.47,1,199027,198587,440
12670821,27.3079,26.3623,443,58400,0.686255,0.43,1,199056,198613,443
12673741,19.0616,20.4725,441,59860,0.705251,0.39,1,199073,198632,441
12676661,30.2123,28.0945,444,59860,0.70905,0.37,1,199106,198662,444
12679581,19.6425,22.4189,440,59860,0.75781,0.37,2,199123,198683,440
12682501,30.3285,4.48378,473,59860,0.703562,0.39,1,199156,198683,473
12685421,9.2657,26.4968,445,59860,0.692712,0.44,1,199160,198715,445
12688341,25.0531,8.49935,470,59860,0.690542,0.44,1,199189,198719,470
12691261,28.2106,20.8999,475,61320,0.786109,0.47,2,199218,198743,475
12694181,28.0421,28.98,472,61320,0.837222,0.51,2,199246,198774,472
12697101,14.4084,25.796,458,61320,0.879444,0.55,2,199257,198799,458
12700021,21.2817,13.9592,470,61320,0.855889,0.55,2,199280,198810,470
12702941,28.2563,21.1918,477,61320,0.787178,0.59,2,199310,198833,477
12705861,28.0513,29.8384,473,61320,0.853436,0.53,2,199338,198865,473
13046041,25,28,484,46720,0.93,1,2,202807,202323,484
13051881,18.6,15.2,489,46720,0.866,1,2,202824,202335,489
13054801,28.52,40.64,473,46720,0.8692,1,2,202855,202382,473
13057721,32.104,34.528,473,46720,0.91784,0.88,2,202888,202415,473
13060641,15.2208,18.9056,469,46720,0.911568,0.93,2,202899,202430,469
13240221,289,351,424,35040,0.09,0.09,1,204669,204245,424
13278181,188.2,200.6,424,36500,0.226,0.07,1,204832,204408,424
13281101,68.84,50.52,450,37960,0.3572,0.13,1,204871,204421,450
13284021,47.368,38.904,456,39420,0.43144,0.07,1,204913,204457,456
13286941,36.6736,50.1808,437,39420,0.542288,0.09,1,204947,204510,437
13289861,30.5347,38.8362,430,40880,0.596458,0.01,1,204976,204546,430
13292781,38.1069,34.1672,437,40880,0.767292,0.05,2,205016,204579,437
13295701,49.2214,42.8334,444,40880,0.769458,0.11,2,205068,204624,444
13298621,33.8443,30.9667,446,40880,0.785892,0.09,2,205098,204652,446
13301541,15.5689,19.7933,440,40880,0.821178,0.15,2,205109,204669,440
13304461,25.5138,27.9587,438,40880,0.892236,0.01,2,205137,204699,438
13307381,30.7028,31.9917,437,40880,0.906447,0.09,2,205169,204732,437
13310301,27.7406,33.5983,430,42340,0.861289,0.09,2,205196,204766,430
13313221,37.5481,23.5197,449,42340,0.852258,0.26,2,205236,204787,449
13316141,34.7096,40.7039,438,42340,0.938452,0.39,2,205270,204832,438
13319061,40.5419,39.3408,441,42340,0.96369,0.39,2,205312,204871,441
13342421,6,11,457,43800,0.93,0.91,2,205566,205109,457
13345341,27.6,24.6,462,43800,0.914,0.91,2,205599,205137,462
13348261,31.12,30.52,462,43800,0.9268,0.91,2,205631,205169,462
13351181,30.224,6.104,492,43800,0.89736,0.85,2,205661,205169,492
13354101,40.4448,22.8208,508,43800,0.875472,0.85,2,205704,205196,508
13500101,25,41,496,45260,0.83,1,2,207305,206809,496
13503021,21.8,21,501,45260,0.814,1,2,207326,206825,501
13505941,33.16,20.2,517,45260,0.7628,1,2,207362,206845,517
13508861,36.232,36.84,513,45260,0.68856,1,1,207399,206886,513
13511781,38.4464,50.568,498,45260,0.593712,1,1,207438,206940,498
13514701,33.2893,30.9136,504,45260,0.670742,1,1,207470,206966,504
13517621,29.0579,25.3827,508,45260,0.718148,1,1,207498,206990,508
13520541,26.6116,28.2765,505,45260,0.72763,1,1,207524,207019,505
13523461,31.7223,28.8553,509,45260,0.681526,1,1,207557,207048,509
13526381,22.3445,28.1711,501,45260,0.752305,1,2,207577,207076,501
13529301,25.2689,24.8342,503,45260,0.766461,0.97,2,207603,207100,503
13532221,21.8538,27.3668,496,45260,0.865292,1,2,207624,207128,496
13535141,33.9708,27.0734,506,45260,0.901058,1,2,207661,207155,506
13870941,27,16,444,33580,0.03,0.15,1,211585,211141,444
13873861,15.8,28.8,425,35040,0.174,0.15,1,211598,211173,425
13876781,29.56,17.76,443,35040,0.1868,0.11,1,211631,211188,443
13879701,24.312,28.352,435,35040,0.17336,0.05,1,211654,211219,435
13882621,44.8624,48.0704,432,35040,0.234672,0.01,1,211704,211272,432
13885541,40.9725,40.8141,433,35040,0.118934,0.05,1,211744,211311,433
13888461,62.5945,44.9628,455,36500,0.0957869,0.05,1,211812,211357,455
13891381,73.3189,56.9926,471,36500,0.0431574,0.07,1,211888,211417,471
13894301,39.4638,59.3985,442,36500,0.0646315,0.11,1,211919,211477,442
13897221,32.6928,37.4797,441,36500,0.0689263,0.03,1,211950,211509,441
13900141,32.9386,34.6959,440,36500,0.0857853,0.07,1,211983,211543,440
13903061,29.7877,18.9392,454,36500,0.0571571,0.03,1,212012,211558,454
13905981,7.55754,25.3878,429,36500,0.0514314,0.21,1,212014,211585,429
13908901,9.51151,15.4776,426,36500,0.114286,0.19,1,212024,211598,426
13911821,27.5023,29.4955,425,36500,0.126857,0.17,1,212056,211631,425
13914741,26.3005,24.2991,428,36500,0.225371,0.25,1,212082,211654,428
13917661,49.2601,44.8598,433,36500,0.309074,0.09,1,212137,211704,433
13920581,34.652,40.972,424,37960,0.341815,0.09,1,212168,211744,424
13923501,62.9304,8.19439,494,37960,0.396363,0.09,1,212238,211744,494
13926421,69.3861,56.0389,497,37960,0.439273,0.03,1,212309,211812,497
13929341,41.8772,72.0078,456,37960,0.399855,0.07,1,212344,211888,456
13932261,33.9754,39.2016,457,37960,0.343971,0.07,1,212376,211919,457
13935181,32.3951,32.6403,458,37960,0.348794,0.09,1,212408,211950,458
13938101,31.279,32.9281,456,37960,0.397759,0.05,1,212439,211983,456
13941021,7.8558,29.7856,429,37960,0.407552,0.05,1,212441,212012,429
13943941,4.77116,7.55712,431,39420,0.40951,0.13,1,212445,212014,431
13946861,35.3542,9.51142,464,39420,0.409902,0.13,1,212488,212024,464
13949781,27.8708,27.5023,458,39420,0.45798,0.25,1,212514,212056,458
13952701,52.7742,26.3005,491,39420,0.579596,0.33,1,212573,212082,491
13955621,12.1548,49.2601,438,39420,0.635919,0.35,1,212575,212137,438
13958541,29.631,34.652,441,39420,0.615184,0.41,1,212609,212168,441
13961461,63.5262,62.9304,443,39420,0.691037,0.45,1,212681,212238,443
13964381,69.5052,69.3861,443,39420,0.738207,0.39,1,212752,212309,443
13967301,40.301,41.8772,441,39420,0.715641,0.33,1,212785,212344,441
13970221,31.2602,33.9754,438,39420,0.743128,0.35,1,212814,212376,438
13973141,33.452,32.3951,440,39420,0.812626,0.41,2,212848,212408,440
13976061,33.0904,31.279,442,39420,0.826525,0.41,2,212881,212439,442
13978981,8.21808,7.8558,442,39420,0.797305,0.41,2,212883,212441,442
13981901,4.84362,1.57116,446,39420,0.823461,0.41,2,212887,212441,446
13984821,36.9687,3.51423,487,39420,0.844692,0.41,2,212932,212445,487
13987741,28.1937,35.1028,470,39420,0.848938,0.47,2,212958,212488,470
13990661,60.0388,27.8206,512,39420,0.897788,0.61,2,213026,212514,512
13993581,13.6077,52.7641,455,39420,0.907558,0.65,2,213028,212573,455
13996501,28.3216,12.1528,485,39420,0.909512,0.61,2,213060,212575,485
13999421,68.0643,29.6306,529,39420,0.925902,0.71,2,213138,212609,529
14130821,27,38,499,39420,0.89,1,2,214782,214283,499
14133741,22.2,21.2,503,39420,0.858,1,2,214803,214300,503
14136661,22.04,17.04,509,39420,0.8996,1,2,214825,214316,509
14139581,30.808,20.208,521,40880,0.84392,1,2,214858,214337,521
14142501,31.7616,23.2416,529,40880,0.800784,1,2,214890,214361,529
14145421,26.3523,50.2483,497,40880,0.744157,1,1,214915,214418,497
14148341,39.6705,27.6497,518,40880,0.652831,1,1,214958,214440,518
14151261,44.7341,33.5299,529,40880,0.586566,1,1,215004,214475,529
14154181,80.9468,58.706,554,40880,0.573313,1,1,215094,214540,554
14157101,33.7894,74.9412,497,40880,0.586663,1,1,215116,214619,497
14160021,44.3579,38.9882,514,40880,0.621333,0.92,1,215163,214649,514
14162941,32.0716,41.3976,501,40880,0.644266,0.87,1,215192,214691,501
14165861,28.0143,35.4795,494,42340,0.696853,0.95,1,215219,214725,494
14168781,26.4029,31.0959,490,42340,0.771371,0.89,2,215245,214755,490
14171701,22.8806,27.8192,485,42340,0.786274,0.85,2,215267,214782,485
14174621,20.5761,22.3638,484,42340,0.821255,0.91,2,215287,214803,484
14177541,5.71522,22.0728,464,42340,0.828251,0.83,2,215289,214825,464
14330841,42,55,462,37960,0.01,0.31,1,216963,216501,462
14333761,49.2,62.2,449,39420,0.01,0.13,1,217014,216565,449
14336681,46.64,54.84,442,40880,0.082,0.03,1,217060,216618,442
14339601,38.928,44.568,437,42340,0.0724,0.03,1,217097,216660,437
14342521,50.1856,45.7136,444,42340,0.10248,0.01,1,217150,216706,444
14345441,49.2371,35.5427,460,42340,0.204496,0.05,1,217199,216739,460
14348361,31.4474,50.3085,433,42340,0.224899,0.08,1,217226,216793,433
14351281,15.0895,25.2617,425,42340,0.27698,0.01,1,217237,216812,425
14354201,14.2179,16.2523,425,43800,0.303396,0.01,1,217251,216826,425
14357121,15.6436,17.6505,423,43800,0.260679,0.01,1,217267,216844,423
14360041,23.9287,13.9301,436,43800,0.156136,0.05,1,217293,216857,436
14362961,43.9857,13.986,471,43800,0.231227,0.01,1,217342,216871,471
14365881,10.3971,42.7972,423,43800,0.246245,0.01,1,217344,216921,423
14368801,34.8794,42.1594,422,43800,0.265249,0.01,1,217385,216963,422
14371721,46.9759,8.43189,472,43800,0.15705,0.01,1,217435,216963,472
14374641,10.9952,42.4864,423,43800,0.10341,0.1,1,217437,217014,423
14377561,39.799,45.2973,424,45260,0.172682,0.1,1,217484,217060,424
14380481,38.3598,9.05945,462,45260,0.0745364,0.07,1,217522,217060,462
14383401,54.072,31.4119,483,45260,0.118907,0.11,1,217580,217097,483
14386321,51.6144,48.6824,481,45260,0.191781,0.23,1,217631,217150,481
14389241,33.5229,48.9365,461,45260,0.174356,0.23,1,217660,217199,461
14392161,16.3046,31.3873,446,45260,0.186871,0.29,1,217672,217226,446
14395081,4.86091,15.0775,437,45260,0.197374,0.31,1,217674,217237,437
14398001,11.3722,14.2155,436,46720,0.239475,0.25,1,217687,217251,436
14400921,10.2744,15.6431,430,46720,0.263895,0.13,1,217697,217267,430
14403841,25.2549,23.9286,433,46720,0.300779,0.25,1,217726,217293,433
14406761,44.251,43.9857,433,46720,0.404156,0.25,1,217775,217342,433
14409681,10.4502,10.3971,433,46720,0.424831,0.27,1,217777,217344,433
14412601,33.29,34.8794,431,46720,0.380966,0.13,1,217816,217385,431
14415521,42.658,46.9759,426,46720,0.356193,0.09,1,217861,217435,426
14418441,10.1316,10.9952,426,46720,0.319239,0.09,1,217863,217437,426
14421361,39.6263,2.19904,473,48180,0.311848,0.19,1,217910,217437,473
14424281,35.9253,38.0398,461,48180,0.32637,0.05,1,217945,217484,461
14427201,56.7851,38.008,485,48180,0.409274,0.13,1,218007,217522,485
14430121,53.757,54.0016,480,48180,0.537855,0.21,1,218060,217580,480
14433041,34.7514,51.6003,459,48180,0.579571,0.17,1,218090,217631,459
14435961,16.5503,33.5201,442,48180,0.603914,0.19,1,218102,217660,442
14438881,4.91006,16.304,432,48180,0.608783,0.2,1,218104,217672,432
14441801,2.58201,4.8608,432,48180,0.609757,0.25,1,218106,217674,432
14444721,13.3164,11.3722,435,48180,0.657951,0.27,1,218122,217687,435
14447641,11.4633,10.2744,436,49640,0.68359,0.31,1,218133,217697,436
14450561,25.4927,25.2549,436,49640,0.688718,0.43,1,218162,217726,436
14453481,48.2985,44.251,441,49640,0.705744,0.43,1,218216,217775,441
14456401,11.2597,10.4502,441,49640,0.741149,0.37,1,218218,217777,441
14459321,31.0519,33.29,438,49640,0.73223,0.35,1,218254,217816,438
14462241,41.4104,42.658,437,49640,0.794446,0.31,2,218298,217861,437
14465161,9.88208,10.1316,437,49640,0.774889,0.31,2,218300,217863,437
14468081,38.7764,2.02632,483,49640,0.786978,0.31,2,218346,217863,483
14471001,36.5553,38.0053,472,49640,0.757396,0.33,2,218382,217910,472
14473921,64.9111,35.6011,509,49640,0.847479,0.43,2,218454,217945,509
14779061,39,54,453,33580,0.05,0.21,1,222168,221715,453
14783441,67.8,89.2,430,33580,0.114,0.19,1,222243,221813,430
14805341,25.56,29.84,430,33580,0.2228,0.09,1,222258,221828,430
14836001,199.512,205.168,424,33580,0.48456,0.07,1,222501,222077,424
14838921,81.5024,58.6336,454,35040,0.696912,0.05,1,222553,222099,454
14841841,27.5005,35.7267,438,36500,0.835382,0.05,2,222567,222129,438
14844761,33.5001,38.3453,434,36500,0.847076,0.13,2,222602,222168,434
14847681,78.7,67.6691,449,36500,0.849415,0.27,2,222692,222243,449
14850601,41.34,36.7338,452,37960,0.785883,0.35,2,222724,222272,452
14853521,38.668,37.7468,452,37960,0.853177,0.39,2,222762,222310,452
14856441,34.1336,30.7494,456,37960,0.818635,0.27,2,222795,222339,456
14859361,31.6267,34.9499,451,37960,0.827727,0.32,2,222826,222375,451
14862281,28.7253,28.59,452,37960,0.893545,0.35,2,222854,222402,452
14865201,36.1451,32.118,457,37960,0.906709,0.41,2,222892,222435,457
14984921,31,31,505,40880,0.79,1,2,224356,223851,505
14987841,32.6,27,512,40880,0.742,1,1,224389,223877,512
14990761,28.92,25.4,515,40880,0.7004,1,1,224417,223902,515
14993681,42.584,56.28,497,40880,0.69208,1,1,224463,223966,497
14996601,36.5168,35.256,502,40880,0.690416,1,1,224498,223996,502
14999521,27.3034,34.2512,493,40880,0.690083,1,1,224523,224030,493
15002441,77.4607,81.2502,490,40880,0.706017,1,1,224613,224123,490
15005361,26.6921,40.25,474,40880,0.693203,1,1,224627,224153,474
15008281,25.3384,31.25,470,40880,0.690641,1,1,224652,224182,470
15011201,25.8677,27.85,469,40880,0.690128,1,1,224678,224209,469
15014121,27.5735,28.77,468,40880,0.674026,0.89,1,224706,224238,468
15017041,27.9147,29.754,466,40880,0.654805,0.89,1,224734,224268,466
15019961,26.3829,29.9508,462,40880,0.682961,0.83,1,224760,224298,462
15022881,26.0766,27.5902,461,40880,0.672592,0.79,1,224786,224325,461
15025801,30.0153,30.318,461,40880,0.606518,0.73,1,224817,224356,461
15028721,29.2031,32.4636,457,40880,0.609304,0.69,1,224846,224389,457
15031641,27.4406,28.8927,456,40880,0.561861,0.69,1,224873,224417,456
15034561,42.2881,42.5785,456,40880,0.744372,0.69,1,224919,224463,456
15037481,37.2576,36.5157,457,40880,0.844874,0.69,2,224955,224498,457
15199541,120,162,433,30660,0.67,0.07,1,226918,226485,433
15202461,83.2,86,440,32120,0.814,0.01,2,226992,226552,440
15338241,84,111,434,30660,0.05,0.25,1,228779,228345,434
15341161,40.8,36.6,446,32120,0.05,0.07,1,228809,228363,446
15344081,52.96,57.72,439,33580,0.114,0.01,1,228865,228426,439
15347001,57.792,57.144,441,35040,0.1588,0.05,1,228924,228483,441
15349921,36.3584,36.2288,441,36500,0.24776,0.01,1,228955,228514,441
15352841,32.0717,36.0458,436,37960,0.297552,0.01,1,228986,228550,436
15355761,27.2143,31.2092,432,37960,0.27551,0.01,1,229012,228580,432
15358681,17.4429,17.4418,433,37960,0.351102,0.01,1,229027,228594,433
15361601,45.0886,42.6884,436,37960,0.44622,0.05,1,229079,228643,436
15364521,39.4177,46.1377,427,37960,0.481244,0.03,1,229117,228690,427
15367441,46.2835,37.2275,440,37960,0.376249,0.05,1,229165,228725,440
15370361,40.4567,50.6455,425,37960,0.38725,0.05,1,229204,228779,425
15373281,31.2913,34.1291,424,37960,0.42145,0.05,1,229233,228809,424
15376201,54.2583,6.82582,484,39420,0.46029,0.13,1,229293,228809,484
15379121,12.4517,46.1652,430,39420,0.468058,0.17,1,229295,228865,430
15382041,52.8903,56.433,434,39420,0.549612,0.17,1,229358,228924,434
15384961,35.3781,11.2866,465,39420,0.533922,0.27,1,229389,228924,465
15387881,8.67561,27.0573,436,39420,0.530784,0.31,1,229391,228955,436
15390801,28.1351,30.2115,438,39420,0.626157,0.27,1,229424,228986,438
15393721,28.027,26.8423,440,39420,0.693231,0.37,1,229452,229012,440
15396641,21.6054,17.3685,445,39420,0.674646,0.47,1,229472,229027,445
15399561,45.9211,45.0737,445,40880,0.734929,0.49,1,229524,229079,445
15402481,36.3842,39.4147,441,40880,0.762986,0.35,2,229558,229117,441
15405401,42.4768,46.2829,437,40880,0.784597,0.39,2,229602,229165,437
15408321,40.4954,40.4566,438,40880,0.836919,0.43,2,229642,229204,438
15411241,35.2991,31.2913,443,40880,0.927384,0.43,2,229676,229233,443
15850701,399,479,424,11680,0.57,0.09,1,237214,236790,424
15853621,81.4,95.8,426,14600,0.57,0.21,1,237216,236790,426
15856541,37.08,39.16,427,17520,0.618,0.21,1,237242,236815,427
15859461,9.016,7.832,429,20440,0.6276,0.57,1,237244,236815,429
15955821,31,18,466,20440,0.39,0.59,1,239570,239104,466
15958741,31,30,464,21900,0.438,0.59,1,239601,239137,464
15961661,28.6,25.2,468,23360,0.5276,0.47,1,239629,239161,468
15964581,30.52,37.04,459,23360,0.70552,0.39,1,239660,239201,459
15967501,24.504,33.008,450,24820,0.741104,0.31,1,239683,239233,450
16030281,33,34,505,27740,0.75,1,2,241033,240528,505
16033201,36.2,30.8,512,27740,0.766,1,2,241070,240558,512
16036121,34.44,30.96,515,27740,0.7852,1,2,241104,240589,515
16039041,30.888,22.992,524,27740,0.77304,1,2,241134,240610,524
16041961,18.9776,26.1984,513,27740,0.754608,1,2,241150,240637,513
16136861,34,24,510,27740,0.73,1,1,243095,242585,510
16139781,35.6,4.8,546,27740,0.746,1,1,243131,242585,546
16170441,443.92,514.56,450,18980,0.7652,0.45,2,243677,243227,450
16269721,217,239,443,20440,0.59,0.05,1,245765,245322,443
16367541,130,246,479,21900,0.41,0.19,1,247743,247264,479
16370461,46,97.2,444,23360,0.522,0.23,1,247768,247324,444
16373381,30.8,49.04,434,24820,0.6084,0.21,1,247795,247361,434
16376301,33.36,37.008,434,26280,0.83368,0.23,2,247829,247395,434
16379221,27.472,17.8016,447,26280,0.894736,0.23,2,247855,247408,447
16468281,62,47,468,21900,0.49,0.01,1,249662,249194,468
16471201,42.8,62.2,440,23360,0.554,0,1,249700,249260,440
16474121,34.16,39.64,438,24820,0.4388,0.07,1,249732,249294,438
16477041,18.832,28.728,427,24820,0.57576,0,1,249747,249320,427
16479961,30.9664,22.5456,440,24820,0.459152,0.13,1,249781,249341,440
16482881,102.193,111.709,426,26280,0.53183,0.51,1,249901,249475,426
16485801,135.639,122.342,445,26280,0.578366,0.51,1,250045,249600,445
16488721,79.1277,24.4684,510,26280,0.539673,0.49,1,250110,249600,510
16491641,17.4255,54.4937,450,26280,0.563935,0.57,1,250112,249662,450
16494561,32.2851,41.2987,448,26280,0.584787,0.57,1,250148,249700,448
16497481,32.057,8.25975,480,27740,0.620957,0.41,1,250180,249700,480
16500401,20.0114,27.2519,465,27740,0.676192,0.61,1,250197,249732,465
16503321,26.4023,17.4504,478,27740,0.719238,0.43,1,250225,249747,478
16506241,6.88046,30.6901,446,27740,0.727848,0.55,1,250227,249781,446
16509161,96.5761,102.138,445,27740,0.84157,0.59,2,250346,249901,445
16512081,139.315,135.628,451,27740,0.912314,0.53,2,250496,250045,451
16611361,26,27,516,27740,0.75,1,2,252141,251625,516
16614281,67.6,23,572,27740,0.718,1,1,252219,251647,572
16617201,150.32,80.6,648,27740,0.8876,1,2,252390,251742,648
16713561,2,22,491,35040,0.89,1,2,253953,253462,491
16716481,37.2,30.8,504,36500,0.858,1,2,253999,253495,504
16719401,33.04,36.56,498,36500,0.8196,1,2,254031,253533,498
16722321,17.808,29.712,484,36500,0.77992,1,2,254045,253561,484
16725241,53.9616,48.3424,494,36500,0.755984,1,2,254108,253614,494
16728161,38.7923,40.8685,490,37960,0.815197,1,2,254143,253653,490
16731081,156.558,8.1737,676,37960,0.699039,1,1,254329,253653,676
16734001,48.1117,166.435,491,39420,0.835808,0.98,2,254350,253859,491
16736921,20.0223,61.2869,469,39420,0.783162,1,2,254363,253894,469
16739841,24.0045,31.4574,470,39420,0.756632,0.9,2,254388,253918,470
16742761,14.4009,19.0915,466,39420,0.783327,0.89,2,254400,253934,466
16745681,18.0802,17.4183,468,39420,0.788665,0.89,2,254419,253951,468
16748601,5.21604,5.08366,468,40880,0.789733,0.89,2,254421,253953,468
16751521,33.8432,1.01673,509,40880,0.805947,0.85,2,254462,253953,509
16754441,29.9686,37.0033,492,40880,0.841189,0.81,2,254491,253999,492
16766121,39,35,462,42340,0.83,0.67,2,254605,254143,462
17208501,29,16,435,18980,0.65,0.01,1,262444,262009,435
17211421,21,28.8,422,20440,0.794,0.07,2,262463,262041,422
17284421,90,146,487,18980,0.07,0.29,1,264282,263795,487
17287341,46,84.4,453,20440,0.118,0.35,1,264317,263864,453
17290261,34.8,44.88,450,20440,0.1756,0.29,1,264349,263899,450
17293181,23.76,28.976,446,20440,0.29912,0.25,1,264370,263924,446
17296101,21.552,32.1952,434,20440,0.323824,0.07,1,264391,263957,434
17369101,40,28,501,20440,0.65,1,1,266252,265751,501
17372021,39.2,27.2,513,20440,0.57,1,1,266291,265778,513
17374941,32.64,35.04,507,20440,0.522,1,1,266322,265815,507
17377861,31.328,35.008,503,20440,0.4964,1,1,266353,265850,503
17380781,145.466,163.802,481,20440,0.34728,0.93,1,266527,266046,481
17383701,109.893,126.36,465,20440,0.477456,0.69,1,266628,266163,465
17386621,53.1786,64.4721,455,20440,0.583491,0.65,1,266667,266212,455
17389541,38.6357,44.8944,450,20440,0.716698,0.55,1,266702,266252,450
17392461,33.3271,40.1789,443,20440,0.72734,0.51,1,266734,266291,443
17395381,31.4654,32.8358,443,20440,0.825468,0.49,2,266765,266322,443
17398301,30.2931,31.3672,442,20440,0.845094,0.31,2,266795,266353,442
17500501,108,72,518,23360,0.65,0.57,1,269003,268485,518
17503421,58.4,76,487,24820,0.794,0.33,2,269049,268562,487
17601241,104,70,514,23360,0.39,0.25,1,270851,270337,514
17604161,72,93.2,479,24820,0.582,0.15,1,270915,270436,479
17607081,42.4,66.64,454,26280,0.7164,0.01,1,270950,270496,454
17610001,38.08,52.528,442,26280,0.80728,0.07,2,270987,270545,442
17680081,55,82,481,30660,0.31,1,1,272241,271760,481
17683001,73.4,74.8,486,30660,0.294,1,1,272319,271833,486
17685921,41.88,14.96,520,30660,0.2908,1,1,272353,271833,520
17688841,36.376,28.592,523,30660,0.27416,1,1,272388,271865,523
17691761,26.4752,32.9184,513,30660,0.238832,1,1,272412,271899,513
17694681,34.095,32.9837,516,30660,0.167766,1,1,272448,271932,516
17697601,27.619,34.5967,507,30660,0.185553,1,1,272474,271967,507
17700521,34.3238,35.7193,507,30660,0.141111,0.91,1,272510,272003,507
17703441,55.6648,32.7439,536,30660,0.244222,0.75,1,272571,272035,536
17706361,59.133,72.1488,514,30660,0.360844,0.51,1,272631,272117,514
17709281,48.6266,69.6298,491,30660,0.400169,0.31,1,272677,272186,491
17712201,69.7253,57.926,511,30660,0.504034,0.29,1,272752,272241,511
17715121,40.3451,73.9852,466,30660,0.684807,0.29,1,272785,272319,466
17718041,36.869,41.997,468,30660,0.752961,0.27,2,272821,272353,468
17720961,24.9738,36.3994,455,30660,0.830592,0.23,2,272843,272388,455
17811481,37,33,515,32120,0.79,1,2,274310,273795,515
17814401,31.4,34.6,510,32120,0.694,1,1,274340,273830,510
17817321,33.48,27.72,518,32120,0.5468,1,1,274374,273856,518
17820241,37.096,34.344,520,32120,0.37336,1,1,274412,273892,520
17823161,70.6192,53.2688,541,32120,0.178672,1,1,274491,273950,541
17826081,42.9238,56.2538,520,33580,0.0917344,1,1,274527,274007,520
17829001,85.3848,56.0508,560,33580,0.106347,1,1,274623,274063,560
17831921,36.277,82.4102,495,33580,0.157269,1,1,274647,274152,495
17834841,24.8554,37.282,491,33580,0.167454,0.97,1,274669,274178,491
17837761,41.7711,56.2564,476,33580,0.393491,0.91,1,274715,274239,476
17840681,29.1542,38.4513,468,33580,0.406698,0.79,1,274741,274273,468
17843601,28.2308,37.2903,459,35040,0.48934,0.67,1,274769,274310,459
17846521,24.8462,31.4581,453,35040,0.649868,0.51,1,274793,274340,453
17849441,24.9692,33.4916,444,35040,0.633974,0.33,1,274818,274374,444
17852361,30.5938,37.0983,438,35040,0.758795,0.13,2,274850,274412,438
17855281,61.3188,70.6197,428,35040,0.863759,0.13,2,274919,274491,428
17989601,93,104,448,30660,0.21,0.47,1,276781,276333,448
17992521,28.2,35.2,442,32120,0.306,0.47,1,276793,276351,442
17995441,18.44,7.04,458,33580,0.3252,0.39,1,276809,276351,458
17998361,70.088,27.808,508,35040,0.45704,0.27,1,276892,276384,508
18001281,49.2176,87.1616,450,35040,0.659408,0.23,1,276936,276486,450
18004201,55.4435,47.0323,470,35040,0.747882,0.23,1,276993,276523,470
18007121,51.0887,57.4065,460,35040,0.813576,0.19,2,277043,276583,460
18138521,168,168,435,27740,0.81,0.33,2,278903,278468,435
18141441,99.2,64.8,478,29200,0.858,0.23,2,278985,278507,478
18144361,55.84,69.76,452,30660,0.9156,0.31,2,279030,278578,452
18334161,56,52,499,33580,0.59,1,1,282107,281608,499
18337081,39.2,35.2,503,33580,0.59,1,1,282142,281639,503
18340001,32.64,30.24,505,33580,0.526,1,1,282173,281668,505
18342921,37.728,35.648,507,33580,0.3372,1,1,282212,281705,507
18345841,34.7456,35.1296,506,33580,0.21944,1,1,282246,281740,506
18348761,36.5491,7.02592,543,33580,0.115888,1,1,282283,281740,543
18385261,412.91,503.805,422,23360,0.399178,0.07,1,282790,282368,422
18388181,172.982,145.561,479,24820,0.775836,0.03,2,282903,282424,479
18391101,58.5964,98.7122,422,26280,0.851167,0.01,2,282933,282511,422
18467021,36,32,510,33580,0.67,1,1,284169,283659,510
18469941,38.4,41.6,505,33580,0.622,1,1,284208,283703,505
18472861,82.88,102.72,481,33580,0.3724,1,1,284302,283821,481
18475781,50.176,49.344,487,33580,0.22648,1,1,284344,283857,487
18478701,32.4352,9.8688,515,33580,0.101296,1,1,284372,283857,515
18481621,26.487,26.7738,509,33580,0.0442592,1,1,284397,283888,509
18484541,32.4974,29.3548,513,33580,0.0648518,1,1,284431,283918,513
18487461,34.4995,36.2709,510,33580,0.0529704,1,1,284466,283956,510
18490381,46.8999,36.8542,523,33580,0.0665941,0.99,1,284516,283993,523
18493301,38.98,49.7708,507,33580,0.149319,0.95,1,284553,284046,507
18496221,34.196,41.9542,500,33580,0.149864,0.73,1,284586,284086,500
18499141,33.2392,45.9908,486,33580,0.181973,0.67,1,284619,284133,486
18502061,36.2478,37.9982,487,33580,0.268395,0.61,1,284656,284169,487
18504981,69.6496,38.7996,526,33580,0.429679,0.31,1,284734,284208,526
18507901,44.3299,82.9599,470,33580,0.573936,0.19,1,284772,284302,470
18510821,25.666,50.192,449,33580,0.634787,0.07,1,284793,284344,449
18513741,26.7332,32.4384,448,33580,0.582957,0.03,1,284820,284372,448
18516661,30.9466,26.4877,455,33580,0.764592,0.07,2,284852,284397,455
18519581,35.7893,32.4975,458,33580,0.896918,0.05,2,284889,284431,458
18633461,111,43,584,35040,0.85,1,2,286621,286037,584
18636381,53.4,91.8,519,35040,0.866,1,2,286660,286141,519
18639301,37.88,48.76,515,36500,0.8532,1,2,286694,286179,515
18642221,24.376,39.352,499,36500,0.85064,0.96,2,286715,286216,499
18645141,30.4752,26.2704,508,36500,0.818128,1,2,286747,286239,508
18648061,32.495,36.4541,502,36500,0.843626,1,2,286780,286278,502
18650981,19.299,35.2908,483,36500,0.880725,0.96,2,286796,286313,483
18759021,53,54,469,30660,0.39,0.37,1,288457,287988,469
18788221,202.6,225.2,441,30660,0.422,0.41,1,288697,288256,441
18791141,63.72,57.84,454,32120,0.4284,0.31,1,288726,288272,454
18794061,32.744,35.568,449,33580,0.49368,0.33,1,288751,288302,449
18796981,24.9488,33.5136,439,35040,0.634736,0.37,1,288774,288335,439
18799901,32.9898,21.9027,455,36500,0.694947,0.35,1,288809,288354,455
18802821,56.198,44.3805,467,36500,0.754989,0.39,2,288871,288404,467
18805741,67.2396,51.2761,484,36500,0.878998,0.43,2,288941,288457,484
18808661,79.8479,97.4552,458,36500,0.9038,0.37,2,289024,288566,458
18811581,40.7696,47.491,454,37960,0.89276,0.43,2,289055,288601,454
18950281,138,49,554,30660,0.25,0.37,1,290900,290346,554
18953201,51.6,115.4,452,32120,0.282,0.31,1,290930,290478,452
18956121,30.32,48.68,445,33580,0.3364,0.21,1,290955,290510,445
18959041,22.064,30.536,439,33580,0.41128,0.13,1,290975,290536,439
18961961,22.0128,24.5072,438,33580,0.378256,0.09,1,290997,290559,438
18964881,26.0026,25.7014,439,33580,0.579651,0.01,1,291024,290585,439
18967801,36.4005,32.3403,444,33580,0.60393,0.07,1,291063,290619,444
18970721,40.8801,36.8681,448,33580,0.720786,0.07,1,291105,290657,448
18973641,38.576,34.5736,452,33580,0.760157,0.15,2,291143,290691,452
19055401,28,18,500,35040,0.59,1,1,292359,291859,500
19058321,30.4,28.4,500,35040,0.606,1,1,292390,291890,500
19061241,34.08,31.28,503,35040,0.5612,1,1,292425,291922,503
19064161,27.616,28.656,501,35040,0.48824,1,1,292451,291950,501
19067081,20.7232,28.9312,491,35040,0.521648,1,1,292470,291979,491
19070001,36.9446,34.5862,496,35040,0.41633,1,1,292511,292015,496
19072921,31.3889,44.5173,479,35040,0.379266,1,1,292541,292062,479
19075841,39.0778,40.1035,481,35040,0.339853,1,1,292582,292101,481
19078761,35.0156,36.0207,480,35040,0.267971,1,1,292616,292136,480
19081681,31.8031,31.2041,481,35040,0.205594,0.65,1,292647,292166,481
19084601,92.7606,115.041,453,35040,0.129119,0.63,1,292755,292302,453
19087521,40.9521,46.2082,452,35040,0.177824,0.59,1,292783,292331,452
19090441,28.9904,31.6416,450,35040,0.155565,0.61,1,292809,292359,450
19093361,30.5981,31.1283,450,35040,0.231113,0.55,1,292840,292390,450
19096281,30.1196,34.2257,445,35040,0.310223,0.47,1,292870,292425,445
19099201,26.8239,27.6451,445,35040,0.358045,0.53,1,292896,292451,445
19102121,20.5648,20.729,445,35040,0.399609,0.39,1,292915,292470,445
19105041,32.913,36.9458,440,35040,0.567922,0.37,1,292951,292511,440
19107961,30.5826,31.3892,440,35040,0.665584,0.33,1,292981,292541,440
19110881,35.7165,39.0778,436,35040,0.765117,0.25,2,293018,292582,436
19113801,31.1433,35.0156,432,35040,0.881023,0.19,2,293048,292616,432
19207241,29,22,514,37960,0.63,1,1,294362,293848,514
19210161,21,4.4,533,37960,0.614,1,1,294381,293848,533
19251041,406.6,473.68,445,26280,0.5628,0.39,1,294884,294439,445
19253961,145.32,149.136,457,27740,0.74456,0.35,1,294964,294507,457
19389741,112,125,477,29200,0.53,0.61,1,296992,296515,477
19392661,60.8,73.8,464,30660,0.578,0.47,1,297040,296576,464
19395581,48.16,54.76,459,32120,0.6836,0.41,1,297085,296626,459
19398501,47.232,57.352,448,33580,0.80072,0.39,2,297132,296684,448
19401421,37.4464,34.6704,454,33580,0.920144,0.35,2,297167,296713,454
19497781,37,31,509,37960,0.59,1,1,298496,297987,509
19500701,34.6,43.8,496,37960,0.558,1,1,298530,298034,496
19503621,34.92,33.56,500,37960,0.4236,1,1,298565,298065,500
19506541,38.184,34.712,504,37960,0.34872,1,1,298604,298100,504
19509461,30.8368,30.1424,504,37960,0.285744,1,1,298633,298129,504
19512381,28.5674,31.6285,500,37960,0.225149,1,1,298661,298161,500
19515301,32.1135,30.3257,503,37960,0.24503,1,1,298694,298191,503
19518221,28.8227,27.6651,504,37960,0.281006,1,1,298722,298218,504
19521141,24.1645,42.333,481,37960,0.272201,1,1,298745,298264,481
19524061,32.0329,38.8666,477,37960,0.27044,1,1,298779,298302,477
19526981,26.4066,34.1733,469,37960,0.382088,0.85,1,298804,298335,469
19529901,54.0813,60.4347,463,37960,0.436418,0.71,1,298865,298402,463
19532821,48.4163,57.6869,453,37960,0.399284,0.59,1,298912,298459,453
19535741,36.8833,41.1374,450,37960,0.439857,0.55,1,298946,298496,450
19538661,29.7766,35.4275,444,37960,0.431971,0.39,1,298974,298530,444
19541581,29.9553,35.0855,439,37960,0.494394,0.33,1,299004,298565,439
19544501,34.7911,38.2171,436,37960,0.586879,0.27,1,299040,298604,436
19547421,27.7582,30.8434,433,37960,0.589376,0.21,1,299066,298633,433
19550341,26.3516,28.5687,431,37960,0.669875,0.25,1,299092,298661,431
19553261,32.4703,32.1137,432,37960,0.733975,0.29,1,299126,298694,432
19556181,32.8941,28.8227,437,37960,0.794795,0.27,2,299159,298722,437
19559101,22.5788,24.1645,434,37960,0.854959,0.27,2,299179,298745,434
19661301,38,40,506,39420,0.45,1,1,300523,300017,506
19664221,33.2,36,503,39420,0.37,1,1,300555,300052,503
19667141,33.04,31.2,506,39420,0.226,1,1,300588,300082,506
19670061,35.408,40.64,499,39420,0.1332,1,1,300624,300125,499
19672981,33.4816,36.928,496,39420,0.03464,1,1,300657,300161,496
19675901,35.4963,35.3856,497,39420,0.006928,1,1,300693,300196,497
19678821,35.0993,33.4771,499,39420,0.0093856,1,1,300728,300229,499
19681741,37.4199,36.2954,500,39420,0.00987712,1,1,300766,300266,500
19684661,44.284,62.4591,477,39420,0.121975,0.85,1,300812,300335,477
19687581,32.8568,40.4918,472,40880,0.160395,0.97,1,300842,300370,472
19690501,28.1714,34.4984,466,40880,0.152079,0.69,1,300869,300403,466
19693421,30.4343,44.4997,450,40880,0.134416,0.69,1,300900,300450,450
19696341,31.6869,8.89993,482,40880,0.274883,0.61,1,300932,300450,482
19699261,31.9374,29.78,479,40880,0.254977,0.45,1,300964,300485,479
19702181,26.3875,36.356,466,40880,0.362995,0.35,1,300989,300523,466
19705101,28.4775,32.8712,463,40880,0.320599,0.19,1,301018,300555,463
19708021,30.4955,32.9742,461,40880,0.42412,0.11,1,301049,300588,461
19710941,29.2991,35.3948,454,42340,0.492824,0.01,1,301078,300624,454
19713861,35.4598,33.479,458,42340,0.458565,0,1,301115,300657,458
19716781,34.292,35.4958,456,42340,0.531713,0.01,1,301149,300693,456
19719701,37.2584,35.0992,459,42340,0.578343,0.01,1,301187,300728,459
19722621,49.0517,37.4198,473,42340,0.603669,0.15,1,301239,300766,473
19725541,11.4103,44.284,429,42340,0.624734,0.17,1,301241,300812,429
19728461,26.2821,32.8568,429,42340,0.660947,0.15,1,301271,300842,429
19731381,28.4564,28.1714,431,43800,0.748189,0.13,1,301300,300869,431
19734301,30.4913,30.4343,431,43800,0.845638,0.31,2,301331,300900,431
19745981,27,29,439,45260,0.87,0.45,2,301457,301018,439
19748901,35,30.6,445,45260,0.95,0.45,2,301494,301049,445
19916801,28,16,462,37960,0.35,0.49,1,303347,302885,462
19919721,25.6,29.6,454,39420,0.398,0.29,1,303372,302918,454
19922641,26.72,34.72,445,40880,0.3916,0.13,1,303399,302954,445
19925561,38.944,34.944,452,42340,0.50232,0.01,1,303441,302989,452
19928481,42.9888,53.3888,438,42340,0.508464,0,1,303485,303047,438
19931401,51.7978,41.0778,454,43800,0.525693,0.03,1,303539,303085,454
19934321,57.5596,64.2156,443,43800,0.705139,0.17,1,303598,303155,443
19937241,35.5119,32.8431,448,43800,0.869028,0.11,2,303628,303180,448
19940161,31.9024,32.9686,446,43800,0.917806,0.19,2,303659,303213,446
20094921,173,185,458,30521,0.65,0.83,1,305549,305091,458
20097841,76.2,62.6,478,29618,0.666,0.85,1,305601,305123,478
20100761,56.84,52.52,480,27810,0.6532,0.79,1,305653,305173,480
20103681,55.368,57.704,476,26002,0.73064,0.73,1,305708,305232,476
20106601,32.6736,36.3408,472,23360,0.666128,0.71,1,305735,305263,472
20109521,36.1347,32.8682,477,23360,0.669226,0.73,1,305772,305295,477
20112441,28.0269,31.3736,472,23360,0.733845,0.75,1,305798,305326,472
20115361,31.2054,22.2747,484,23360,0.762769,0.65,2,305830,305346,484
20118281,7.84108,28.4549,456,23360,0.768554,0.73,2,305832,305376,456
20121201,15.9682,18.491,458,23360,0.785711,0.71,2,305850,305392,458
20124121,126.394,18.0982,594,23360,0.789142,0.67,2,306004,305410,594
20127041,107.679,156.42,506,23360,0.821828,0.75,2,306107,305601,506
20129961,88.7357,116.884,483,24820,0.892366,0.67,2,306191,305708,483
20132881,48.1471,74.5768,457,24820,0.922473,0.75,2,306229,305772,457
20296401,32,27,523,29200,0.53,1,1,309245,308722,523
20299321,31.2,18.2,538,29200,0.434,1,1,309276,308738,538
20302241,54.24,101.24,476,29200,0.2548,1,1,309336,308860,476
20305161,42.048,47.448,481,29200,0.12296,1,1,309375,308894,481
20308081,94.0096,90.2896,487,29200,0.080592,1,1,309482,308995,487
20311001,90.0019,86.0579,491,29200,0.152118,1,1,309571,309080,491
20313921,38.0004,43.6116,483,29200,0.246424,1,1,309596,309113,483
20316841,26.0001,35.9223,472,29200,0.361285,0.72,1,309619,309147,472
20319761,22.8,34.3845,460,29200,0.320257,0.67,1,309641,309181,460
20322681,24.56,32.4769,453,29200,0.312051,0.53,1,309666,309213,453
20325601,24.112,32.0954,445,29200,0.34241,0.41,1,309690,309245,445
20328521,24.0224,31.2191,438,29200,0.380482,0.21,1,309714,309276,438
20331441,48.0045,54.2438,432,29200,0.420096,0.09,1,309768,309336,432
20334361,33.6009,42.0488,423,29200,0.556019,0.07,1,309798,309375,423
20420501,120,202,487,23360,0.17,0.79,1,311423,310936,487
20423421,87.2,114.8,473,24820,0.33,0.63,1,311502,311029,473
20426341,41.44,50.96,468,26280,0.362,0.49,1,311532,311064,468
20429261,30.688,40.592,458,27740,0.4644,0.33,1,311560,311102,458
20432181,30.9376,39.3184,450,27740,0.50088,0.23,1,311591,311141,450
20435101,30.9875,35.8637,446,27740,0.556176,0.19,1,311622,311176,446
20438021,90.1975,22.3727,532,27740,0.743235,0.09,1,311727,311195,532
20440941,19.6395,90.8745,426,27740,0.780647,0.17,2,311729,311303,426
20528541,103,118,480,29200,0.88,1,2,313292,312812,480
20531461,83,85.2,481,29200,0.712,1,1,313370,312889,481
20534381,42.2,38.64,486,29200,0.6464,1,1,313402,312916,486
20537301,27.64,18.128,497,29200,0.52128,1,1,313426,312929,497
20540221,35.928,36.4256,494,29200,0.320256,1,1,313464,312970,494
20543141,35.1856,32.8851,497,29200,0.232051,1,1,313499,313002,497
20546061,22.2371,29.777,487,29200,0.27841,1,1,313518,313031,487
20548981,44.4474,34.7554,501,29200,0.191682,0.92,1,313568,313067,501
20551901,68.0895,78.9511,485,29200,0.222336,0.94,1,313642,313157,485
20554821,47.2179,41.3902,495,29200,0.148467,0.88,1,313684,313189,495
20557741,71.0436,90.678,469,29200,0.309693,0.67,1,313761,313292,469
20560661,65.4087,80.5356,455,29200,0.357939,0.63,1,313825,313370,455
20563581,34.6817,41.7071,450,29200,0.479588,0.49,1,313852,313402,450
20566501,18.9363,27.5414,441,29200,0.487918,0.27,1,313867,313426,441
20569421,30.1873,35.9083,436,29200,0.585584,0.21,1,313900,313464,436
20572341,34.0375,35.1817,436,29200,0.621117,0.29,1,313935,313499,436
20575261,18.8075,22.2363,432,29200,0.740223,0.17,1,313950,313518,432
20578181,40.5615,44.4473,428,29200,0.780045,0.23,2,313996,313568,428
20654101,34,34,519,33580,0.43,1,1,315295,314776,519
20657021,38,36.4,521,33580,0.27,1,1,315334,314813,521
20659941,34,37.68,516,33580,0.19,1,1,315367,314851,516
20662861,34,31.536,520,33580,0.174,1,1,315401,314881,520
20665781,30.8,27.9072,523,35040,0.1868,1,1,315431,314908,523
20668701,30.96,34.3814,518,35040,0.15736,1,1,315462,314944,518
20671621,56.592,86.0763,482,35040,0.103472,1,1,315525,315043,482
20674541,49.7184,50.8153,488,35040,0.124694,1,1,315573,315085,488
20677461,45.1437,54.1631,477,36500,0.192939,0.67,1,315617,315140,477
20680381,57.0287,77.2326,454,36500,0.286588,0.67,1,315677,315223,454
20683301,35.4057,15.4465,484,36500,0.305318,0.55,1,315707,315223,484
20686221,27.0811,33.4893,471,37960,0.405064,0.43,1,315732,315261,471
20689141,33.4162,33.8979,472,37960,0.457013,0.23,1,315767,315295,472
20692061,31.4832,37.9796,464,37960,0.467403,0.17,1,315798,315334,464
20694981,34.2966,33.9959,466,37960,0.51748,0.17,1,315833,315367,466
20697901,8.45933,33.9992,434,39420,0.527496,0.19,1,315835,315401,434
20700821,25.6919,30.7998,434,39420,0.625499,0.15,1,315865,315431,434
20703741,30.7384,30.96,435,39420,0.6931,0.09,1,315897,315462,435
20706661,49.3477,56.592,426,39420,0.69062,0.13,1,315951,315525,426
20709581,48.2695,49.7184,426,40880,0.802124,0.13,2,315999,315573,426
20712501,48.0539,9.94368,474,40880,0.840425,0.21,2,316047,315573,474
20715421,62.4108,37.1887,496,42340,0.832085,0.31,2,316113,315617,496
20718341,38.0822,55.4377,468,42340,0.830417,0.31,2,316145,315677,468
20721261,9.21643,35.0875,440,42340,0.830083,0.43,2,316147,315707,440
21016181,33,29,509,33580,0.87,1,2,319698,319189,509
21019101,30.6,23.4,517,33580,0.854,1,2,319728,319211,517
21022021,23.72,31.08,506,33580,0.8988,1,2,319750,319244,506
21156341,29,28,489,35040,0.83,1,2,321663,321174,489
21159261,34.6,33.6,490,35040,0.83,1,2,321699,321209,490
21162181,30.92,34.72,485,35040,0.75,1,2,321729,321244,485
21165101,31.784,30.944,487,35040,0.75,1,1,321761,321274,487
21168021,34.3568,33.3888,488,35040,0.782,1,2,321796,321308,488
21170941,34.0714,33.0778,489,35040,0.8684,1,2,321830,321341,489
21173861,38.0143,37.0156,490,35040,0.83768,0.99,2,321869,321379,490
21176781,40.4029,33.0031,499,35040,0.879536,1,2,321910,321411,499
21274601,513,587,459,30660,0.85,0.71,2,323629,323170,459
21278981,178.6,198.2,453,30660,0.914,0.63,2,323724,323271,453
21315481,74.92,77.24,455,30660,0.8788,0.73,2,323773,323318,455
21318401,77.384,28.248,517,32120,0.93576,0.75,2,323851,323334,517
21441041,20,18,423,29200,0.71,0.07,1,325556,325133,423
21443961,37.6,21.2,443,30660,0.806,0.03,2,325598,325155,443
21446881,41.92,34.64,448,30660,0.8892,0.11,2,325641,325193,448
21549081,32,56,514,33580,0.73,1,1,327275,326761,514
21552001,32,28.8,524,33580,0.618,1,1,327307,326783,524
21554921,30.4,32.16,521,33580,0.4996,1,1,327337,326816,521
21557841,30.88,33.632,518,33580,0.41192,1,1,327368,326850,518
21560761,34.976,40.3264,512,33580,0.362384,1,1,327404,326892,512
21563681,38.9952,35.2653,518,33580,0.352477,1,1,327444,326926,518
21566601,31.799,35.8531,512,33580,0.366495,1,1,327474,326962,512
21569521,31.1598,31.1706,513,33580,0.385299,1,1,327505,326992,513
21572441,32.632,33.4341,512,33580,0.37306,1,1,327538,327026,512
21575361,73.7264,36.2868,559,33580,0.626612,0.89,1,327622,327063,559
21578281,71.5453,84.8574,533,33580,0.805322,0.73,2,327693,327160,533
21881961,165,208,435,36500,0.83,0.29,2,331799,331364,435
22049861,36,18,441,33580,0.39,0.07,1,333611,333170,441
22052781,33.6,28.4,443,35040,0.486,0.13,1,333644,333201,443
22055701,17.12,27.28,429,35040,0.5692,0.15,1,333657,333228,429
22058621,39.424,18.256,458,35040,0.66584,0.21,1,333702,333244,458
22061541,46.2848,46.8512,452,35040,0.845168,0.27,2,333750,333298,452
22191481,19,13,427,27740,0.61,0.05,1,335584,335157,427
22194401,15.8,18.6,422,29200,0.642,0.03,1,335599,335177,422
22197321,36.76,19.72,444,30660,0.6804,0.09,1,335641,335197,444
22200241,100.152,87.944,455,30660,0.84808,0.11,2,335757,335302,455
22340401,53,57,490,29200,0.81,0.81,2,337782,337292,490
22419241,32,18,520,32120,0.77,1,2,339051,338531,520
22420701,36.8,32.4,522,32120,0.706,1,1,339089,338567,522
22455741,416.96,475.28,448,21900,0.5492,0.45,1,339601,339153,448
22458661,137.792,137.456,463,23360,0.61384,0.43,1,339669,339206,463
22461581,81.1584,85.8912,457,24820,0.802768,0.35,2,339736,339279,457
22557941,42,14,451,23360,0.25,0.11,1,341550,341099,451
22560861,57.2,43.6,461,24820,0.442,0.23,1,341611,341150,461
22563781,141.84,147.12,451,26280,0.6084,0.33,1,341774,341323,451
22566701,51.568,55.824,447,27740,0.60968,0.17,1,341803,341356,447
22569621,43.9136,39.9648,453,27740,0.577936,0.35,1,341845,341392,453
22572541,34.3827,35.193,451,27740,0.603587,0.23,1,341877,341426,451
22575461,58.8765,40.6386,474,29200,0.656717,0.29,1,341942,341468,474
22578381,13.3753,40.1277,436,29200,0.667343,0.25,1,341944,341508,436
22581301,30.6751,41.6255,429,29200,0.733469,0.25,1,341979,341550,429
22584221,66.935,8.32511,505,29200,0.762694,0.49,2,342055,341550,505
22587141,14.987,50.465,446,29200,0.736539,0.65,1,342057,341611,446
22590061,137.397,140.493,451,29200,0.907308,0.65,2,342225,341774,451
22592981,51.4795,28.0986,481,29200,0.893462,0.61,2,342255,341774,481
22595901,43.0959,28.8197,493,29200,0.906692,0.57,2,342296,341803,493
22598821,33.4192,39.3639,482,29200,0.893338,0.61,2,342327,341845,482
22601741,8.28384,33.4728,452,30660,0.890668,0.67,2,342329,341877,452
22817821,40,56,516,36500,0.55,1,1,345710,345194,516
22820741,37.6,39.2,518,36500,0.47,1,1,345747,345229,518
22823661,35.52,36.64,517,36500,0.422,1,1,345782,345265,517
22826581,35.104,34.528,518,36500,0.3484,1,1,345817,345299,518
22829501,32.6208,32.5056,518,36500,0.26968,1,1,345849,345331,518
22832421,31.3242,33.7011,515,37960,0.349936,1,1,345880,345365,515
22835341,31.8648,29.9402,518,37960,0.365987,1,1,345912,345394,518
22838261,31.173,30.788,518,37960,0.289197,1,1,345943,345425,518
22841181,31.8346,36.5576,512,37960,0.28984,0.95,1,345975,345463,512
22844101,60.7669,95.3115,470,37960,0.209968,0.77,1,346043,345573,470
22847021,52.9534,67.0623,461,39420,0.145994,0.77,1,346094,345633,461
22849941,34.5907,13.4125,491,39420,0.0691987,0.67,1,346124,345633,491
22852861,30.9181,32.2825,484,39420,0.11784,0.55,1,346154,345670,484
22855781,31.7836,38.4565,476,40880,0.0955679,0.45,1,346186,345710,476
22858701,35.9567,37.2913,476,40880,0.0751136,0.41,1,346223,345747,476
22861621,27.9913,35.4583,467,40880,0.135023,0.33,1,346249,345782,467
22864541,31.1983,35.0917,464,40880,0.115005,0.25,1,346281,345817,464
22867461,7.83965,32.6183,434,40880,0.0790009,0.37,1,346283,345849,434
22870381,29.5679,31.3237,438,40880,0.1838,0.37,1,346318,345880,438
22873301,32.3136,31.8647,439,40880,0.22076,0.27,1,346351,345912,439
22876221,27.2627,31.1729,434,42340,0.388152,0.29,1,346377,345943,434
22879141,33.4525,31.8346,437,42340,0.50163,0.19,1,346412,345975,437
22882061,54.6905,60.7669,429,42340,0.812326,0.19,2,346472,346043,429
23013461,42,54,444,40880,0.23,0.43,1,348294,347850,444
23026601,56.4,62.8,439,40880,0.422,0.15,1,348354,347915,439
23035361,95.28,105.36,428,40880,0.6044,0.09,1,348459,348031,428
23070401,67.056,69.072,428,40880,0.78488,0.09,2,348519,348091,428
23073321,25.4112,28.2144,425,42340,0.788976,0.11,2,348534,348109,425
23076241,19.4822,7.24288,441,43800,0.837795,0.09,2,348552,348111,441
23079161,11.8964,16.6486,432,45260,0.847559,0.05,2,348562,348130,432
23082081,16.7793,24.1297,424,45260,0.865512,0.05,2,348580,348156,424
23085001,28.9559,4.82594,456,45260,0.901102,0.15,2,348612,348156,456
23353641,62,53,465,30660,0.47,0.33,1,351782,351317,465
23356561,61.2,59.4,465,32120,0.694,0.09,1,351843,351378,465
23359481,42.64,63.88,438,33580,0.7548,0.07,2,351881,351443,438
23362401,49.328,54.376,437,33580,0.81496,0.01,2,351932,351495,437
23444161,38,37,496,35040,0.59,1,1,353116,352620,496
23447081,35.6,32.2,500,35040,0.478,1,1,353151,352651,500
23450001,39.12,30.44,510,35040,0.3596,1,1,353191,352681,510
23452921,39.824,35.688,513,35040,0.22392,1,1,353231,352718,513
23455841,35.1648,38.3376,508,35040,0.164784,1,1,353265,352757,508
23458761,27.833,39.6675,494,35040,0.0889568,1,1,353291,352797,494
23461681,36.7666,39.9335,493,35040,0.0177914,1,1,353330,352837,493
23464601,51.3533,54.3867,490,35040,0.0435583,1,1,353385,352895,490
23467521,59.0707,68.4773,479,35040,0.0327117,1,1,353446,352967,479
23470441,50.2141,50.4955,481,35040,0.0785423,0.93,1,353494,353013,481
23473361,31.6428,38.0991,473,35040,0.167708,0.87,1,353521,353048,473
23476281,19.1286,31.6198,459,35040,0.185542,0.59,1,353537,353078,459
23479201,24.6257,36.724,447,35040,0.269108,0.45,1,353563,353116,447
23482121,26.5251,35.3448,439,35040,0.253822,0.33,1,353590,353151,439
23485041,31.705,39.069,432,35040,0.314764,0.19,1,353623,353191,432
23487961,34.341,39.8138,427,35040,0.486953,0.15,1,353658,353231,427
23490881,33.2682,35.1628,426,35040,0.553391,0.07,1,353691,353265,426
23493801,25.0536,27.8326,423,35040,0.662678,0,1,353714,353291,423
23496721,35.4107,36.7665,422,35040,0.620536,0.05,1,353752,353330,422
23499641,51.8821,51.3533,423,35040,0.692107,0.03,1,353808,353385,423
23613521,39,56,512,37960,0.69,1,1,355399,354887,512
23616441,35.8,38.4,513,39420,0.674,1,1,355434,354921,513
23619361,35.16,35.68,513,39420,0.6068,1,1,355469,354956,513
23622281,31.832,31.136,514,39420,0.56136,1,1,355500,354986,514
23625201,30.3664,33.4272,510,39420,0.504272,1,1,355530,355020,510
23628121,26.8733,35.4854,500,39420,0.476854,0.94,1,355556,355056,500
23631041,31.7747,26.2971,509,39420,0.439371,1,1,355589,355080,509
23633961,34.3549,36.4594,505,39420,0.367874,0.98,1,355624,355119,505
23636881,12.471,32.8919,480,40880,0.385575,1,1,355631,355151,480
23639801,36.8942,48.9784,470,40880,0.485115,0.97,1,355674,355204,470
23642721,35.3788,39.3957,468,40880,0.473023,0.75,1,355709,355241,468
23645641,63.8758,70.2791,461,40880,0.486605,0.69,1,355780,355319,461
23648561,41.5752,46.8558,456,42340,0.585321,0.69,1,355816,355360,456
23651481,38.715,40.5712,455,42340,0.685064,0.69,1,355854,355399,455
23654401,34.943,8.11423,489,42340,0.769013,0.67,2,355888,355399,489
23657321,31.7886,29.6228,485,42340,0.817803,0.59,2,355919,355434,485
23660241,26.3577,33.9246,475,43800,0.923561,0.55,2,355944,355469,475
23831061,25,33,467,40880,0.87,1,2,358120,357653,467
23833981,61,55.4,476,40880,0.774,1,2,358190,357714,476
23838361,25.8,24.68,476,40880,0.7228,1,1,358207,357731,476
23867561,26.76,29.736,472,40880,0.71256,1,1,358234,357762,472
23870481,35.752,22.7472,489,42340,0.742512,0.99,1,358272,357783,489
23873401,35.1504,29.3494,493,43800,0.844502,1,2,358307,357814,493
23978521,22,18,479,36500,0.71,0.9,1,359906,359427,479
23994581,24.4,28.4,473,36500,0.71,0.76,1,359931,359458,473
23998961,104.08,116.88,458,36500,0.646,0.75,1,360055,359597,458
24031081,46.416,50.576,456,36500,0.6332,0.79,1,360087,359631,456
24034001,52.4832,34.1152,480,37960,0.67864,0.91,1,360141,359661,480
24036921,34.4966,26.823,485,39420,0.783728,0.99,2,360171,359686,485
24039841,27.6993,28.5646,482,39420,0.852746,1,2,360197,359715,482
24134741,34,31,553,45260,0.63,1,1,361324,360771,553
24182921,392.4,476.6,447,30660,0.31,0.33,1,361806,361359,447
24185841,132.08,138.52,460,32120,0.214,0.33,1,361873,361413,460
24188761,69.616,76.504,453,33580,0.2268,0.31,1,361927,361474,453
24191681,62.7232,59.3008,459,35040,0.30936,0.35,1,361988,361529,459
24194601,63.7446,55.0602,469,36500,0.357872,0.33,1,362052,361583,469
24197521,50.3489,47.012,471,37960,0.575574,0.35,1,362099,361628,471
24200441,43.6698,49.4024,463,37960,0.715115,0.31,1,362141,361678,463
24203361,25.534,33.0805,455,39420,0.791023,0.31,2,362162,361707,455
24206281,17.9068,24.2161,449,39420,0.870205,0.29,2,362178,361729,449
24209201,28.3814,17.6432,464,39420,0.886041,0.29,2,362209,361745,464
24212121,15.2763,27.5286,446,39420,0.905208,0.23,2,362221,361775,446
24215041,16.6553,30.3057,432,39420,0.909042,0.19,2,362238,361806,432
24346441,51,16,482,32120,0.13,0.25,1,363967,363485,482
24349361,31.8,55.2,444,33580,0.162,0.07,1,363994,363550,444
24352281,26.36,36.64,437,35040,0.3124,0.07,1,364019,363582,437
24355201,37.272,34.528,443,35040,0.34248,0.07,1,364059,363616,443
24358121,33.0544,36.5056,438,35040,0.476496,0.05,1,364091,363653,438
24361041,25.8109,28.9011,435,35040,0.487299,0.01,1,364115,363680,435
24363961,35.5622,31.3802,441,35040,0.53746,0.03,1,364153,363712,441
24366881,59.1124,56.676,443,35040,0.595492,0.07,1,364218,363775,443
24369801,55.0225,56.9352,440,35040,0.703098,0.09,1,364272,363832,440
24511421,44,56,450,27740,0.51,0.19,1,366221,365771,450
24603401,87,47,534,26280,0.03,1,1,367708,367174,534
24606321,97.4,61.4,569,27740,0.046,0.99,1,367808,367239,569
24609241,67.48,99.48,520,27740,0.0652,0.75,1,367868,367348,520
24612161,36.696,80.696,473,27740,0.08504,0.69,1,367897,367424,473
24615081,30.5392,44.1392,467,27740,0.121008,0.53,1,367926,367459,467
24618001,28.5078,37.6278,459,29200,0.160202,0.37,1,367954,367495,459
24620921,32.9016,37.1256,456,29200,0.26404,0.39,1,367988,367532,456
24623841,53.7803,23.4251,495,29200,0.428808,0.11,1,368047,367552,495
24626761,12.3561,59.885,428,29200,0.509762,0.03,1,368049,367621,428
24629681,67.2712,81.577,422,29200,0.701952,0.03,1,368130,367708,422
24632601,93.4542,16.3154,522,29200,0.74039,0.05,1,368230,367708,522
24635521,67.4908,83.2631,483,29200,0.924078,0.07,2,368291,367808,483
24723121,74,91,470,29200,0.43,1,1,369720,369250,470
24726041,67.6,47.8,499,29200,0.35,1,1,369786,369287,499
24728961,50.32,44.76,501,29200,0.254,1,1,369832,369331,501
24731881,38.864,40.152,498,29200,0.2508,1,1,369868,369370,498
24734801,34.9728,36.8304,496,29200,0.21816,1,1,369902,369406,496
24737721,17.3946,27.3661,484,29200,0.307632,1,1,369915,369431,484
24740641,38.6789,35.0732,491,29200,0.309526,1,1,369959,369468,491
24743561,30.1358,38.2146,480,29200,0.341905,0.87,1,369987,369507,480
24746481,37.2272,50.0429,466,29200,0.396381,0.61,1,370026,369560,466
24749401,64.2454,78.8086,451,29200,0.423276,0.43,1,370097,369646,451
24752321,68.0491,74.9617,446,29200,0.428655,0.33,1,370166,369720,446
24755241,58.4098,67.7923,436,29200,0.525731,0.23,1,370222,369786,436
24758161,47.682,50.3585,435,29200,0.593146,0.25,1,370267,369832,435
24761081,38.3364,38.8717,435,29200,0.718629,0.21,1,370303,369868,435
24764001,35.6673,34.9743,436,29200,0.791726,0.33,2,370338,369902,436
24766921,15.9335,17.3949,434,29200,0.822345,0.31,2,370349,369915,434
24769841,40.7867,38.679,437,29200,0.924469,0.35,2,370396,369959,437
24863281,39,34,529,37960,0.73,1,1,371879,371350,529
24866201,37.4,28.4,539,39420,0.714,1,1,371916,371377,539
24869121,49.88,32.88,558,39420,0.6948,1,1,371969,371411,558
24872041,41.976,81.776,504,39420,0.69096,1,1,372009,371505,504
24874961,37.1952,43.5552,506,40880,0.706192,1,1,372045,371539,506
24877881,41.039,46.311,501,40880,0.789238,1,2,372087,371586,501
24880801,39.4078,55.6622,482,40880,0.821848,1,2,372126,371644,482
24883721,33.4816,11.1324,514,40880,0.79637,1,2,372158,371644,514
24991761,152,172,462,33580,0.21,0.51,1,373802,373340,462
24997601,86.4,104.8,444,35040,0.242,0.21,1,373872,373428,444
25004901,50.08,66.56,428,35040,0.3124,0.11,1,373913,373485,428
25009281,80.416,85.312,426,35040,0.42248,0.11,1,374001,373575,426
25041401,84.8832,84.2624,428,35040,0.716496,0.13,1,374087,373659,428
25184481,132,138,421,32120,0,0.05,1,375917,375496,421
25187401,65.6,45.2,448,33580,0.024,0.03,1,375966,375518,448
25190321,57.12,41.84,462,35040,0.2368,0.03,1,376021,375559,462
25193241,51.424,57.168,451,35040,0.35936,0.09,1,376071,375620,451
25196161,50.2848,44.2336,460,35040,0.415872,0.13,1,376121,375661,460
25199081,45.257,44.0467,460,36500,0.603174,0.31,1,376165,375705,460
25202001,53.8514,66.4093,444,36500,0.672635,0.23,1,376221,375777,444
25204921,25.1703,19.6819,454,36500,0.718527,0.29,1,376239,375785,454
25207841,20.2341,27.1364,444,36500,0.711705,0.15,1,376258,375814,444
25210761,32.8468,32.6273,446,36500,0.886341,0.11,2,376294,375848,446
25213681,29.7694,34.5255,440,36500,0.873268,0.05,2,376323,375883,440
25216601,19.5539,22.9051,437,36500,0.886654,0,2,376340,375903,437
25219521,43.9108,15.781,473,36500,0.857331,0.03,2,376390,375917,473
25222441,10.3822,42.3562,426,36500,0.819466,0.29,2,376392,375966,426
25225361,57.2764,52.4712,440,36500,0.907893,0.39,2,376461,376021,440
25348001,82,49,549,39420,0.69,1,1,378055,377506,549
25350921,45.2,62.6,519,39420,0.674,1,1,378091,377572,519
25353841,51.44,58.12,515,39420,0.6388,1,1,378144,377629,515
25356761,33.488,38.024,511,39420,0.67976,1,1,378173,377662,511
25359681,33.0976,34.8048,510,39420,0.671952,1,1,378206,377696,510
25362601,30.6195,28.561,513,39420,0.65439,1,1,378236,377723,513
25365521,29.3239,32.9122,508,39420,0.666878,1,1,378265,377757,508
25368441,26.6648,30.5824,504,39420,0.701376,0.98,1,378291,377787,504
25371361,18.933,29.3165,492,39420,0.740275,1,1,378308,377816,492
25374281,29.3866,24.2633,501,39420,0.700055,1,1,378340,377839,501
25377201,27.4773,31.2527,495,39420,0.836011,0.93,2,378367,377872,495
25380121,35.0955,28.6505,504,39420,0.831202,0.89,2,378404,377900,504
25383041,28.6191,39.3301,489,39420,0.92624,0.77,2,378431,377942,489
25542181,64,73,486,33580,0.63,1,1,380448,379962,486
25545101,60,61.8,486,35040,0.63,1,1,380507,380021,486
25548021,50.4,51.56,485,36500,0.806,0.93,2,380555,380070,485
25550941,47.68,55.112,476,37960,0.9212,0.79,2,380602,380126,476
25638541,38,23,539,43800,0.77,1,2,381696,381157,539
25641461,34,30.2,540,43800,0.69,1,1,381729,381189,540
25688181,414.8,486.04,450,30660,0.594,0.55,1,382239,381789,450
25691101,119.76,122.808,464,32120,0.6868,0.61,1,382285,381821,464
25694021,76.752,70.9616,472,33580,0.72136,0.59,1,382351,381879,472
25696941,48.1504,54.9923,462,35040,0.872272,0.55,2,382392,381930,462
25699861,56.8301,51.7985,470,36500,0.854454,0.51,2,382451,381981,470
25854621,23,26,494,43800,0.87,1,2,384310,383816,494
25857541,27,36.4,483,43800,0.822,1,2,384338,383855,483
25860461,41.4,36.08,492,43800,0.6844,1,1,384383,383891,492
25863381,30.68,38.416,481,43800,0.64088,1,1,384411,383930,481
25866301,29.336,25.2832,488,43800,0.584176,1,1,384440,383952,488
25869221,39.4672,34.6566,493,43800,0.460835,1,1,384482,383989,493
25872141,36.6934,33.3313,496,43800,0.420167,1,1,384518,384022,496
25875061,31.3387,35.4663,490,43800,0.412033,1,1,384548,384058,490
25877981,27.0677,34.2933,482,43800,0.474407,1,1,384574,384092,482
25880901,34.2135,34.8587,483,43800,0.566881,1,1,384610,384127,483
25883821,27.6427,30.9717,479,43800,0.553376,0.98,1,384636,384157,479
25886741,22.3285,28.5943,472,43800,0.614675,1,1,384657,384185,472
25889661,18.8657,20.1189,472,43800,0.594935,0.79,1,384675,384203,472
25892581,38.9731,46.4238,463,43800,0.734987,0.79,1,384719,384256,463
25895501,29.3946,34.0848,459,43800,0.842997,0.87,2,384746,384287,459
25898421,26.6789,25.217,462,43800,0.8966,0.81,2,384772,384310,462
25901341,27.7358,27.4434,462,43800,0.90732,0.65,2,384800,384338,462
26219621,167,189,457,39420,0.25,0.67,1,388583,388126,457
26225461,119.8,125.8,455,39420,0.266,0.55,1,388691,388236,455
26231301,63.16,70.76,447,39420,0.3332,0.47,1,388740,388293,447
26266341,47.832,53.352,442,40880,0.39464,0.43,1,388784,388342,442
26269261,47.1664,21.8704,475,42340,0.486928,0.23,1,388831,388356,475
26272181,24.6333,52.3741,434,43800,0.585386,0.23,1,388850,388416,434
26275101,28.1267,10.4748,463,45260,0.669077,0.35,1,388879,388416,463
26278021,50.4253,40.495,471,46720,0.781815,0.33,2,388935,388464,471
26475121,108,126,435,37960,0.69,0.31,1,390967,390532,435
26478041,60.8,38,468,39420,0.818,0.11,2,391016,390548,468
26622581,37,47,457,32120,0.11,0.67,1,392731,392274,457
26625501,48.2,24.6,489,33580,0.11,0.55,1,392782,392293,489
26628421,51.24,51.32,483,35040,0.27,0.13,1,392834,392351,483
26631341,46.248,68.664,455,36500,0.286,0,1,392879,392424,455
26634261,37.2496,50.5328,444,37960,0.3532,0.01,1,392914,392470,444
26637181,33.8499,40.5066,439,37960,0.33464,0.05,1,392947,392508,439
26640101,29.17,33.7013,435,37960,0.330928,0.03,1,392975,392540,435
26643021,18.634,25.1403,428,37960,0.426186,0.05,1,392991,392563,428
26645941,18.1268,11.4281,438,39420,0.477237,0.03,1,393009,392571,438
26648861,53.2254,29.4856,466,39420,0.695447,0.03,1,393071,392605,466
26651781,47.4451,53.8971,452,39420,0.771089,0.05,2,393117,392665,452
26654701,40.689,46.7794,446,39420,0.834218,0.11,2,393156,392710,446
26796321,117,134,421,30660,0.49,0.09,1,394932,394511,421
26799241,52.2,42,438,32120,0.538,0.01,1,394968,394530,438
26802161,52.04,22,473,33580,0.4836,0.09,1,395020,394547,473
26805081,47.208,62.8,446,33580,0.61672,0.07,1,395066,394620,446
26808001,58.2416,46.16,465,33580,0.707344,0.07,1,395127,394662,465
26810921,42.8483,50.032,453,35040,0.869469,0.13,2,395166,394713,453
26813841,42.9697,51.6064,444,35040,0.933894,0.25,2,395209,394765,444
27038681,36,56,485,37960,0.77,1,2,398169,397684,485
27041601,33.6,39.2,483,37960,0.722,1,1,398202,397719,483
27044521,32.32,34.24,482,39420,0.7284,1,1,398234,397752,482
27047441,48.864,51.648,479,39420,0.56968,1,1,398287,397808,479
27050361,56.1728,41.5296,498,39420,0.505936,1,1,398345,397847,498
27053281,39.2346,35.5059,499,39420,0.589187,1,1,398380,397881,499
27056201,31.8469,36.7012,492,39420,0.525837,1,1,398410,397918,492
27059121,32.7694,37.7402,487,39420,0.545167,1,1,398443,397956,487
27062041,32.1539,33.148,487,39420,0.565033,0.92,1,398475,397988,487
27064961,36.0308,31.4296,493,39420,0.633007,1,1,398512,398019,493
27067881,34.4062,39.8859,485,39420,0.630601,0.93,1,398546,398061,485
27070801,30.0812,35.1772,480,40880,0.74212,0.88,1,398575,398095,480
27073721,27.6162,37.4354,469,40880,0.732424,0.77,1,398602,398133,469
27076641,26.3233,36.2871,459,40880,0.858485,0.71,2,398628,398169,459
27079561,27.6646,33.6574,454,40880,0.883697,0.71,2,398656,398202,454
27082481,31.1329,6.73148,486,40880,0.904739,0.73,2,398688,398202,486
27194901,148,199,421,33580,0.43,0.13,1,400356,399935,421
27199281,138.4,142.2,429,33580,0.606,0.13,1,400492,400063,429
27228481,55.68,57.24,428,33580,0.6572,0.15,1,400527,400099,428
27231401,21.536,23.448,426,35040,0.63544,0.15,1,400540,400114,426
27234321,25.1072,4.6896,452,36500,0.855088,0.15,2,400566,400114,452
27374481,37,19,477,32120,0.07,0.69,1,402419,401942,477
27377401,28.2,34.2,465,33580,0.166,0.53,1,402445,401980,465
27380321,32.04,34.04,464,33580,0.2012,0.51,1,402478,402014,464
27383241,29.608,31.608,462,35040,0.24024,0.41,1,402507,402045,462
27386161,31.5216,34.3216,459,35040,0.312048,0.33,1,402539,402080,459
27389081,35.9043,38.0643,457,35040,0.48641,0.27,1,402576,402119,457
27392001,53.5809,38.8129,476,35040,0.553282,0.33,1,402634,402158,476
27394921,57.9162,54.9626,476,35040,0.758656,0.21,2,402693,402217,476
27397841,39.5832,57.3925,453,35040,0.767731,0.15,2,402728,402275,453
27400761,51.9166,45.8785,465,35040,0.881546,0.13,2,402783,402318,465
27403681,31.1833,60.3757,427,35040,0.904309,0.07,2,402809,402382,427
27406601,36.6367,41.6751,428,35040,0.924862,0.07,2,402847,402419,428
27748241,32,15,463,32120,0.31,0.45,1,407439,406976,463
27751161,37.6,32.6,465,33580,0.47,0.59,1,407478,407013,465
27754081,32.32,20.12,479,35040,0.486,0.55,1,407509,407030,479
27757001,44.064,41.624,479,36500,0.6172,0.51,1,407556,407077,479
27759921,58.4128,50.7248,488,37960,0.83544,0.51,2,407618,407130,488
27762841,41.2826,55.745,468,37960,0.895088,0.43,2,407655,407187,468
27765761,43.4565,43.949,471,37960,0.859018,0.41,2,407699,407228,471
27768681,53.4913,39.1898,489,37960,0.883804,0.33,2,407755,407266,489
27771601,39.4983,63.838,455,37960,0.856761,0.29,2,407791,407336,455
27876721,30,21,536,43800,0.87,1,2,409042,408506,536
27879641,29.2,36.2,525,43800,0.758,1,2,409071,408546,525
27882561,29.84,48.04,504,43800,0.6556,1,1,409101,408597,504
27885481,30.768,29.608,510,43800,0.65112,1,1,409132,408622,510
27888401,43.7536,30.7216,526,43800,0.698224,1,1,409179,408653,526
27891321,44.7507,50.1443,516,43800,0.723645,1,1,409224,408708,516
27894241,32.9501,38.0289,511,43800,0.648729,1,1,409254,408743,511
27897161,24.99,32.4058,503,43800,0.665746,1,1,409277,408774,503
27900081,11.398,24.0812,489,43800,0.685149,1,1,409285,408796,489
27903001,31.8796,43.2162,478,43800,0.65703,1,1,409322,408844,478
27905921,36.7759,36.6432,481,43800,0.619406,0.93,1,409360,408879,481
27908841,28.1552,33.7286,474,43800,0.675881,0.98,1,409386,408912,474
27911761,28.031,31.5457,471,43800,0.751176,0.97,2,409414,408943,471
27914681,29.6062,33.5091,467,43800,0.734235,0.87,1,409444,408977,467
27917601,32.3212,34.7018,465,43800,0.714847,0.87,1,409477,409012,465
27920521,28.8642,30.9404,463,43800,0.742969,0.73,1,409505,409042,463
27923441,23.3728,29.3881,456,43800,0.764594,0.63,2,409527,409071,456
27926361,30.2746,29.8776,458,43800,0.768919,0.65,2,409559,409101,458
27929281,29.2549,30.7755,456,43800,0.769784,0.71,2,409588,409132,456
27932201,44.251,43.7551,457,43800,0.793957,0.73,2,409636,409179,457
28342461,19,23,483,46720,0.43,1,1,414286,413803,483
28348301,66.2,72.6,476,43800,0.382,1,1,414364,413888,476
28352681,50.04,55.32,471,46720,0.4684,1,1,414410,413939,471
28358521,25.208,22.264,476,46720,0.51768,0.91,1,414429,413953,476
28362901,36.2416,42.8528,467,46720,0.559536,0.92,1,414468,414001,467
28368741,28.8483,30.9706,466,46720,0.583907,0.81,1,414495,414029,466
28371661,37.7697,42.9941,460,46720,0.636781,0.75,1,414535,414075,460
28376041,17.9539,22.1988,456,46720,0.631356,0.57,1,414548,414092,456
28380421,24.3908,30.8398,449,46720,0.646271,0.53,1,414574,414125,449
28386261,24.0782,27.768,446,46720,0.697254,0.57,1,414598,414152,446
28389181,66.4156,65.5536,448,46720,0.899451,0.43,2,414675,414227,448
28511821,23,35,459,40880,0.35,0.79,1,416135,415676,459
28514741,18.2,22.2,457,40880,0.414,0.53,1,416152,415695,457
28519121,25.24,34.84,446,40880,0.4268,0.45,1,416179,415733,446
28523501,16.248,22.968,440,40880,0.46136,0.33,1,416193,415753,440
28539561,23.2496,30.1936,433,40880,0.468272,0.07,1,416218,415785,433
28543941,120.65,131.639,421,40880,0.565654,0.09,1,416363,415942,421
28548321,51.33,52.7277,422,40880,0.601131,0.09,1,416397,415975,422
28576061,42.266,39.3455,426,40880,0.656226,0.09,1,416437,416011,426
28578981,37.2532,20.6691,446,42340,0.779245,0.19,2,416473,416027,446
28581901,29.0506,28.9338,442,43800,0.835849,0.25,2,416500,416058,442
28584821,7.41013,13.7868,434,43800,0.86317,0.25,2,416502,416068,434
28587741,11.082,2.75735,446,43800,0.884634,0.33,2,416514,416068,446
28590661,31.0164,23.7515,453,43800,0.888927,0.35,2,416550,416097,453
28762941,36,19,475,35040,0.69,0.79,1,418582,418107,475
28765861,32.8,19,488,36500,0.77,0.81,2,418614,418126,488
28768781,31.36,35,480,37960,0.802,0.83,2,418645,418165,480
28771701,51.872,35,502,37960,0.8404,0.83,2,418702,418200,502
28774621,41.5744,51,486,37960,0.81608,0.77,2,418741,418255,486
28777541,42.7149,39.8,492,37960,0.923216,0.83,2,418784,418292,492
29030121,52,85,447,27740,0.33,0.15,1,422287,421840,447
29033041,60.8,56.2,461,29200,0.298,0.01,1,422350,421889,461
29035961,91.36,56.84,503,29200,0.1636,0.01,1,422449,421946,503
29038881,49.472,92.168,441,29200,0.13672,0.01,1,422488,422047,441
29041801,39.4944,48.8336,440,29200,0.227344,0.13,1,422525,422085,440
29044721,47.8989,36.9667,456,29200,0.277469,0.13,1,422575,422119,456
29047641,39.1798,36.9933,456,29200,0.303494,0.21,1,422612,422156,456
29050561,17.436,36.9987,431,30660,0.372699,0.17,1,422624,422193,431
29053481,34.6872,40.9997,428,30660,0.45054,0.17,1,422663,422235,428
29056401,54.1374,8.19995,487,30660,0.514108,0.33,1,422722,422235,487
29059321,12.4275,43.24,437,30660,0.542822,0.29,1,422724,422287,437
29062241,48.8855,59.048,432,30660,0.660564,0.13,1,422782,422350,432
29065161,82.5771,91.0096,424,30660,0.828113,0.13,2,422873,422449,424
29068081,54.1154,49.4019,432,30660,0.861623,0.25,2,422920,422488,432
29071001,38.8231,39.4804,430,30660,0.900325,0.29,2,422955,422525,430
29167361,31,33,511,30660,0.55,1,1,424495,423984,511
29170281,29.4,28.2,513,30660,0.518,1,1,424524,424011,513
29173201,53.88,36.84,534,30660,0.5276,1,1,424584,424050,534
29176121,34.776,55.368,504,30660,0.43352,1,1,424614,424110,504
29179041,49.3552,31.8736,531,30660,0.302704,1,1,424667,424136,531
29181961,86.671,51.9747,570,30660,0.292541,1,1,424763,424193,570
29184881,43.7342,91.1949,502,30660,0.290508,1,1,424796,424294,502
29187801,34.3468,44.639,501,30660,0.386102,1,1,424828,424327,501
29190721,52.4694,34.5278,526,30660,0.40522,0.75,1,424885,424359,526
29193641,37.6939,62.1056,491,30660,0.473044,0.59,1,424919,424428,491
29196561,29.1388,41.2211,482,30660,0.454609,0.55,1,424946,424464,482
29199481,29.0278,33.0442,480,30660,0.466922,0.51,1,424975,424495,480
29202401,47.4056,29.8088,503,30660,0.533384,0.53,1,425027,424524,503
29205321,30.2811,53.9618,469,30660,0.546677,0.41,1,425053,424584,469
29208241,47.6562,34.7924,491,30660,0.677335,0.27,1,425105,424614,491
29211161,86.3312,49.3585,534,30660,0.815467,0.29,2,425201,424667,534
29214081,44.4662,86.6717,472,30660,0.907093,0.29,2,425235,424763,472
29335261,107,117,454,29200,0.49,0.49,1,427412,426958,454
29368841,42.2,50.6,446,29200,0.49,0.47,1,427438,426992,446
29371761,79.64,22.92,519,30660,0.714,0.15,1,427527,427008,519
29444761,34,56,537,39420,0.82,1,2,428587,428050,537
29454981,413.2,484.8,453,26280,0.236,0.23,1,429095,428642,453
29463741,153.84,184.96,432,27740,0.1032,0.09,1,429184,428752,432
29468121,105.968,118.592,424,27740,0.09264,0.11,1,429278,428854,424
29494401,102.794,103.718,426,27740,0.266528,0.11,1,429380,428954,426
29497321,46.1587,26.3437,451,29200,0.317306,0.07,1,429412,428961,451
29500241,35.6317,26.8687,457,30660,0.487461,0.05,1,429445,428988,457
29503161,24.7263,32.5737,445,30660,0.457492,0.05,1,429467,429022,445
29506081,6.54527,26.5147,422,30660,0.451498,0.01,1,429469,429047,422
29509001,29.3091,18.1029,441,30660,0.4343,0.09,1,429504,429063,441
29511921,21.0618,29.2206,428,30660,0.43086,0.07,1,429523,429095,428
29514841,48.2124,37.8441,443,30660,0.446172,0.07,1,429578,429135,443
29517761,45.6425,46.7688,439,30660,0.529234,0.17,1,429623,429184,439
29520681,75.5285,39.7538,484,30660,0.497847,0.31,1,429706,429222,484
29523601,102.306,134.351,435,30660,0.587569,0.33,1,429815,429380,435
29526521,49.2611,52.4701,439,32120,0.653514,0.33,1,429851,429412,439
29529441,41.0522,10.494,478,32120,0.746703,0.53,1,429890,429412,478
29532361,24.2104,28.4988,465,32120,0.765341,0.45,2,429910,429445,465
29535281,6.44209,23.2998,445,32120,0.769068,0.45,2,429912,429467,445
29538201,26.8884,6.25995,475,32120,0.737814,0.43,1,429944,429469,475
29541121,20.5777,29.252,459,32120,0.731563,0.43,1,429963,429504,459
29544041,51.3155,21.0504,499,33580,0.842313,0.45,2,430022,429523,499
29546961,46.2631,48.2101,489,33580,0.912463,0.55,2,430067,429578,489
29549881,78.8526,45.642,531,33580,0.910493,0.49,2,430154,429623,531
29815601,502,580,464,26280,0.69,1,1,433946,433482,464
29818521,190.8,184.8,491,27740,0.594,0.95,1,434059,433568,491
29821441,82.16,76.96,496,29200,0.6228,0.93,1,434114,433618,496
29824361,51.632,50.592,496,30660,0.74056,0.89,1,434158,433662,496
29949921,492,572,456,26280,0.19,0.27,1,435840,435384,456
29952841,148.8,171.2,448,27740,0.414,0.13,1,435903,435455,448
29955761,95.36,76.64,477,29200,0.5708,0.07,1,435985,435508,477
29958681,68.672,76.128,463,30660,0.76216,0.11,2,436047,435584,463
29961601,33.7344,55.2256,438,32120,0.816432,0.05,2,436072,435634,438
29964521,71.5469,73.4451,441,33580,0.763286,0.09,2,436153,435712,441
29967441,37.5094,47.489,429,33580,0.816657,0.17,2,436182,435753,429
29970361,28.3019,31.8978,427,33580,0.859331,0.23,2,436208,435781,427
29973281,33.6604,30.3796,432,33580,0.883866,0.19,2,436243,435811,432
29976201,33.9321,19.6759,449,33580,0.872773,0.19,2,436277,435828,449
29979121,65.1864,13.5352,510,35040,0.790555,0.47,2,436350,435840,510
29982041,14.6373,53.107,449,35040,0.774111,0.61,2,436352,435903,449
29984961,70.1275,76.2214,451,35040,0.770822,0.61,2,436436,435985,451
29987881,70.0255,15.2443,521,35040,0.898164,0.81,2,436506,435985,521
29990801,15.6051,52.6489,461,35040,0.923633,0.83,2,436508,436047,461
30119281,32,40,510,39420,0.73,1,1,438172,437662,510
30122201,32,33.6,510,39420,0.762,1,2,438204,437694,510
30125121,32,27.52,516,39420,0.7524,1,2,438236,437720,516
30128041,32,37.504,508,39420,0.63848,1,1,438268,437760,508
30130961,50.4,35.5008,528,39420,0.679696,1,1,438323,437795,528
30133881,33.28,52.7002,500,39420,0.703939,1,1,438352,437852,500
30136801,30.656,25.74,511,39420,0.724788,1,1,438382,437871,511
30139721,30.9312,37.948,501,39420,0.792958,0.99,2,438413,437912,501
30142641,26.1862,28.3896,500,39420,0.838592,1,2,438438,437938,500
30250681,38,48,514,40880,0.89,1,2,439813,439299,514
30253601,38.8,38.4,517,40880,0.826,1,2,439852,439335,517
30256521,35.76,35.68,517,40880,0.7972,1,2,439887,439370,517
30259441,38.352,31.136,526,40880,0.74344,1,1,439926,439400,526
30262361,47.6704,35.8272,539,40880,0.732688,1,1,439976,439437,539
30265281,34.3341,54.3654,511,42340,0.730538,1,1,440007,439496,511
30268201,40.4668,35.6731,522,42340,0.682108,1,1,440049,439527,522
30271121,33.6934,37.5346,516,42340,0.592422,1,1,440081,439565,516
30274041,24.3387,33.9069,505,42340,0.574484,1,1,440103,439598,505
30276961,28.0677,35.5814,498,42340,0.522897,1,1,440132,439634,498
30279881,31.2135,34.3163,496,42340,0.400579,1,1,440164,439668,496
30282801,23.0427,37.2633,479,42340,0.424116,0.85,1,440185,439706,479
30285721,28.6085,34.6527,475,42340,0.396823,0.9,1,440215,439740,475
30288641,29.7217,34.9305,470,43800,0.327365,0.89,1,440245,439775,470
30291561,34.7443,37.3861,468,43800,0.361473,0.81,1,440281,439813,468
30294481,31.7489,38.6772,460,43800,0.352295,0.79,1,440312,439852,460
30297401,35.1498,35.7354,461,43800,0.398459,0.73,1,440348,439887,461
30300321,34.23,38.3471,456,43800,0.455692,0.73,1,440382,439926,456
30303241,48.446,47.6694,458,43800,0.579138,0.73,1,440434,439976,458
30306161,32.8892,9.53388,487,45260,0.651828,0.73,1,440463,439976,487
30309081,36.9778,26.7068,494,45260,0.858366,0.67,2,440501,440007,494
30312001,28.9956,38.9414,479,45260,0.867673,0.57,2,440528,440049,479
30418581,278,294,458,33580,0.11,0.59,1,442050,441592,458
30452161,141.2,154,446,33580,0.126,0.53,1,442157,441711,446
30455081,58.64,43.6,468,35040,0.1132,0.49,1,442195,441727,468
30458001,29.328,44.72,445,36500,0.22264,0.39,1,442217,441772,445
30460921,38.6656,26.544,464,37960,0.212528,0.37,1,442258,441794,464
30463841,54.1331,54.9088,460,39420,0.402506,0.29,1,442316,441856,460
30466761,60.4266,45.3818,479,40880,0.456501,0.15,1,442378,441899,479
30469681,52.0853,57.8764,468,40880,0.5953,0.09,1,442428,441960,468
30472601,38.4171,57.1753,446,40880,0.73506,0.11,1,442463,442017,446
30475521,29.2834,37.8351,440,40880,0.811012,0.03,2,442490,442050,440
30478441,31.4567,32.367,441,40880,0.794202,0.09,2,442522,442081,441
30481361,30.2913,33.6734,437,40880,0.822841,0.09,2,442552,442115,437
30484281,22.0583,29.9347,428,42340,0.780568,0.13,2,442572,442144,428
30487201,14.8117,16.3869,428,42340,0.756114,0.11,2,442585,442157,428
30490121,37.3623,33.6774,433,42340,0.767223,0.11,2,442628,442195,433
30493041,22.6725,6.73548,452,42340,0.689445,0.25,1,442647,442195,452
30495961,6.13449,18.9471,432,42340,0.673889,0.21,1,442649,442217,432
30498881,37.2269,36.5894,436,42340,0.814778,0.21,2,442694,442258,436
30501801,61.8454,7.31788,504,42340,0.810956,0.45,2,442762,442258,504
30504721,13.9691,47.8636,448,43800,0.810191,0.47,2,442764,442316,448
30815701,24,13,451,32120,0.63,0.37,1,446629,446178,451
30818621,15.2,19.4,443,33580,0.726,0.35,1,446642,446199,443
30821541,11.84,6.28,451,33580,0.7292,0.39,1,446653,446202,451
30824461,13.568,20.456,441,33580,0.72984,0.23,1,446667,446226,441
30827381,81.1136,72.8912,453,33580,0.793968,0.31,2,446765,446312,453
30830301,75.4227,58.5782,472,33580,0.758794,0.55,2,446839,446367,472
30833221,58.2845,65.3156,459,33580,0.799759,0.57,2,446893,446434,459
30836141,50.0569,50.6631,460,33580,0.903952,0.57,2,446941,446481,460
30941261,63,35,533,36500,0.11,1,1,448397,447864,533
30944181,47,60.6,509,36500,0.046,1,1,448440,447931,509
30947101,39,39.32,512,36500,0.0492,1,1,448477,447965,512
30950021,35,34.264,513,36500,0.09784,1,1,448511,447998,513
30952941,33.4,28.4528,519,36500,0.139568,1,1,448544,448025,519
30955861,32.28,30.4906,520,36500,0.0679136,1,1,448576,448056,520
30958781,28.856,28.4981,520,36500,0.117583,1,1,448604,448084,520
30961701,17.7712,28.0996,507,36500,0.143517,1,1,448619,448112,507
30964621,37.1542,28.8199,520,36500,0.164703,0.86,1,448661,448141,520
30967541,32.2308,41.764,506,36500,0.216941,0.98,1,448692,448186,506
30970461,48.8462,38.7528,521,36500,0.291388,0.77,1,448745,448224,521
30973381,38.5692,59.7506,492,36500,0.370278,0.53,1,448781,448289,492
30976301,42.1138,47.9501,490,36500,0.370056,0.11,1,448824,448334,490
30979221,38.0228,59.99,464,36500,0.450011,0.03,1,448861,448397,464
30982141,39.6046,46.398,461,36500,0.562002,0.05,1,448901,448440,461
30985061,39.1209,38.8796,463,36500,0.7604,0.11,2,448940,448477,463
31096021,38,43,485,40880,0.67,1,1,450409,449924,485
31098941,29.2,35,479,40880,0.686,1,1,450436,449957,479
31101861,37.04,33.4,485,40880,0.5772,1,1,450475,449990,485
31104781,33.008,27.48,491,40880,0.55544,1,1,450507,450016,491
31107701,31.4016,27.096,495,42340,0.551088,1,1,450538,450043,495
31110621,28.6803,5.4192,523,42340,0.646218,1,1,450566,450043,523
31113541,34.5361,25.8838,528,42340,0.585244,1,1,450602,450074,528
31116461,30.9072,49.9768,502,42340,0.637049,1,1,450632,450130,502
31119381,40.5814,40.3954,507,42340,0.64741,1,1,450675,450168,507
31122301,36.9163,32.0791,513,43800,0.665482,1,1,450711,450198,513
31125221,32.9833,32.8158,512,43800,0.669096,1,1,450743,450231,512
31128141,27.3967,36.9632,500,43800,0.733819,0.93,1,450769,450269,500
31131061,7.07933,33.7926,469,43800,0.730764,0.75,1,450771,450302,469
31133981,49.4159,61.9585,460,43800,0.826153,0.67,2,450831,450371,460
31136901,37.0832,42.7917,456,45260,0.813231,0.69,2,450865,450409,456
31139821,26.6166,30.1583,453,45260,0.842646,0.55,2,450889,450436,453
31142741,30.1233,37.2317,445,45260,0.896529,0.55,2,450920,450475,445
31281441,56,68,459,39420,0.11,0.37,1,452759,452300,459
31284361,62.4,81.6,438,39420,0.158,0.29,1,452823,452385,438
31293121,21.28,29.12,433,39420,0.2156,0.09,1,452834,452401,433
31297501,62.656,69.024,427,39420,0.38712,0.01,1,452907,452480,427
31303341,35.7312,40.2048,423,39420,0.437424,0.19,1,452936,452513,423
31336921,65.5462,64.041,426,39420,0.511485,0.09,1,453009,452583,426
31339841,39.5092,28.0082,440,40880,0.494297,0.07,1,453042,452602,440
31342761,54.3019,52.8016,439,42340,0.698859,0.03,1,453100,452661,439
31345681,30.8604,44.1603,422,43800,0.851772,0.03,2,453125,452703,422
31348601,41.3721,22.4321,449,45260,0.898354,0.11,2,453169,452720,449
31360281,40,24,458,46720,0.77,0.35,2,453316,452858,458
31363201,32.8,29.6,458,46720,0.706,0.37,1,453347,452889,458
31366121,32.96,30.72,460,46720,0.7412,0.45,1,453380,452920,460
31369041,30.592,29.344,461,46720,0.78024,0.49,2,453410,452949,461
31371961,7.7184,20.2688,445,48180,0.788048,0.45,2,453412,452967,445
31374881,30.3437,5.65376,479,48180,0.82161,0.53,2,453448,452969,479
31377801,12.4687,33.1308,447,48180,0.828322,0.49,2,453456,453009,447
31576361,69,72,473,37960,0.81,1,2,455484,455011,473
31579281,55.4,28.8,507,39420,0.794,0.9,2,455536,455029,507
31582201,48.68,45.76,504,40880,0.7428,0.95,1,455583,455079,504
31585121,26.536,40.352,486,42340,0.71656,0.95,1,455604,455118,486
31588041,26.1072,34.4704,479,42340,0.759312,0.85,2,455630,455151,479
31590961,30.0214,31.6941,479,42340,0.911862,0.79,2,455661,455182,479
31593881,30.8043,31.9388,478,42340,0.926372,0.75,2,455692,455214,478
31754481,394,427,426,32120,0.13,0.13,1,457645,457219,426
31757401,105.2,103.8,436,33580,0.21,0.13,1,457678,457242,436
31760321,52.24,27.96,466,35040,0.242,0.23,1,457717,457251,466
31763241,43.248,44.792,458,36500,0.2804,0.25,1,457758,457300,458
31766161,49.4496,38.5584,472,37960,0.30408,0.31,1,457809,457337,472
31769081,56.2899,49.3117,478,37960,0.260816,0.19,1,457867,457389,478
31772001,39.258,58.6623,452,37960,0.252163,0.21,1,457902,457450,452
31774921,31.8516,38.9325,448,37960,0.266433,0.13,1,457932,457484,448
31777841,23.9703,33.3865,438,39420,0.349287,0.15,1,457954,457516,438
31780761,28.7941,28.2773,441,39420,0.445857,0.07,1,457984,457543,441
31783681,33.7588,31.2555,444,39420,0.497171,0.17,1,458019,457575,444
31786601,50.7518,45.4511,450,39420,0.491434,0.13,1,458074,457624,450
31789521,38.9504,25.8902,465,39420,0.506287,0.23,1,458110,457645,465
31792441,9.39007,31.578,434,39420,0.509257,0.25,1,458112,457678,434
31795361,33.878,37.5156,435,39420,0.589851,0.25,1,458152,457717,435
31798281,39.5756,7.50312,476,40880,0.66997,0.29,1,458193,457717,476
31801201,9.51512,34.3006,437,40880,0.701994,0.31,1,458195,457758,437
31804121,42.703,47.6601,437,40880,0.724399,0.25,1,458246,457809,437
31807041,51.7406,55.932,433,40880,0.74488,0.25,1,458300,457867,433
31809961,39.1481,39.1864,434,40880,0.780976,0.27,2,458336,457902,434
31812881,30.2296,31.8373,432,40880,0.804195,0.27,2,458364,457932,432
31815801,27.6459,6.36746,459,40880,0.760839,0.37,2,458391,457932,459
31818721,34.3292,18.8735,473,42340,0.784168,0.47,2,458427,457954,473
31821641,34.8658,27.7747,478,42340,0.836834,0.51,2,458462,457984,478
31824561,50.9732,33.5549,498,42340,0.927367,0.49,2,458517,458019,498
32137001,37,18,484,32120,0.89,0.55,2,462225,461741,484
32242121,35,43,493,37960,0.39,1,1,463659,463166,493
32245041,33.4,40.6,486,37960,0.31,1,1,463692,463206,486
32247961,37.88,28.92,499,37960,0.198,1,1,463731,463232,499
32250881,33.176,30.584,500,37960,0.1596,1,1,463763,463263,500
32253801,35.4352,48.5168,483,37960,0.10392,1,1,463799,463316,483
32256721,47.887,41.7034,494,37960,0.172784,1,1,463850,463356,494
32259641,29.5774,34.7407,486,37960,0.266557,1,1,463875,463389,486
32262561,31.5155,34.1481,484,37960,0.189311,0.94,1,463907,463423,484
32265481,31.1031,34.0296,481,37960,0.285862,0.89,1,463938,463457,481
32268401,19.0206,26.8059,472,37960,0.321172,0.99,1,463954,463482,472
32271321,19.0041,22.1612,470,37960,0.328234,0.77,1,463973,463503,470
32274241,31.8008,44.4322,455,37960,0.329647,0.41,1,464008,463553,455
32277161,53.5602,65.6864,443,37960,0.457929,0.39,1,464067,463624,443
32280081,33.912,41.1373,437,37960,0.483586,0.29,1,464096,463659,437
32283001,29.9824,34.6275,433,37960,0.536717,0.17,1,464125,463692,433
32285921,36.3965,38.1255,432,37960,0.587343,0.15,1,464163,463731,432
32288841,32.8793,33.2251,432,37960,0.613469,0.09,1,464195,463763,432
32291761,30.5759,35.445,426,37960,0.642694,0.19,1,464225,463799,426
32294681,49.3152,47.889,429,37960,0.680539,0.29,1,464279,463850,429
32297601,33.063,29.5778,433,37960,0.736108,0.17,1,464308,463875,433
32300521,29.8126,31.5156,430,37960,0.763222,0.31,2,464337,463907,430
32303441,34.7625,31.1031,435,37960,0.704644,0.33,1,464373,463938,435
32306361,20.5525,19.0206,436,37960,0.708929,0.33,1,464390,463954,436
32309281,18.5105,19.0041,435,37960,0.693786,0.33,1,464408,463973,435
32312201,35.7021,31.8008,440,37960,0.706757,0.49,1,464448,464008,440
32315121,58.3404,53.5602,445,37960,0.693351,0.49,1,464512,464067,445
32318041,38.8681,33.912,450,37960,0.61067,0.55,1,464546,464096,450
32320961,31.7736,29.9824,451,37960,0.594134,0.6,1,464576,464125,451
32323881,34.3547,36.3965,448,37960,0.606827,0.62,1,464611,464163,448
32326801,34.0709,32.8793,450,37960,0.577365,0.65,1,464645,464195,450
32329721,32.4142,30.5759,452,37960,0.571473,0.69,1,464677,464225,452
32332641,54.4828,49.3152,458,37960,0.554295,0.75,1,464737,464279,458
32335561,34.0966,33.063,458,37960,0.662859,0.77,1,464766,464308,458
32338481,31.6193,29.8126,460,37960,0.732572,0.69,1,464797,464337,460
32341401,31.9239,34.7625,456,37960,0.746514,0.71,1,464829,464373,456
32344321,19.9848,20.5525,456,37960,0.733303,0.69,1,464846,464390,456
32347241,17.597,18.5105,455,37960,0.714661,0.71,1,464863,464408,455
32350161,35.5194,35.7021,455,37960,0.710932,0.69,1,464903,464448,455
32353081,55.9039,58.3404,452,37960,0.790186,0.59,2,464964,464512,452
32356001,36.7808,38.8681,450,37960,0.790037,0.59,2,464996,464546,450
32358921,32.9562,31.7736,452,37960,0.774007,0.61,2,465028,464576,452
32361841,32.9912,34.3547,450,37960,0.818802,0.57,2,465061,464611,450
32364761,32.9982,34.0709,449,37960,0.89176,0.57,2,465094,464645,449
32499081,30,61,506,48180,0.63,1,1,466759,466253,506
32502001,30,34.6,508,48180,0.598,1,1,466789,466281,508
32504921,28.4,32.52,504,48180,0.5276,1,1,466817,466313,504
32507841,28.08,32.104,500,48180,0.64152,1,1,466845,466345,500
32510761,34.416,32.8208,503,48180,0.696304,1,1,466881,466378,503
32513681,32.4832,30.5642,505,48180,0.771261,1,2,466913,466408,505
32516601,22.4966,6.11283,525,49640,0.882252,1,2,466933,466408,525
32643621,37,50,448,43800,0.21,0.41,1,468622,468174,448
32648001,43.4,54,438,43800,0.242,0.23,1,468667,468229,438
32653841,47.88,55.6,431,43800,0.3604,0.09,1,468716,468285,431
32656761,45.576,53.52,423,43800,0.56008,0.03,1,468761,468338,423
32664061,18.7152,21.904,421,43800,0.632016,0.03,1,468773,468352,421
32671361,34.143,34.7808,421,43800,0.662403,0.03,1,468811,468390,421
32675741,53.2286,51.7562,423,43800,0.588481,0.01,1,468869,468446,423
32677201,25.0457,24.7512,423,43800,0.637696,0.05,1,468887,468464,423
32684501,17.0091,17.7502,422,43800,0.695539,0.15,1,468902,468480,422
32947461,12,35,478,17520,0.53,1,1,474022,473544,478
32950381,4,7,480,20440,0.514,0.35,1,474024,473544,480
33023381,30,18,465,20440,0.27,0.57,1,475878,475413,465
33026301,30.8,35.6,456,21900,0.414,0.43,1,475909,475453,456
33029221,32.56,33.52,456,23360,0.5068,0.27,1,475942,475486,456
33032141,22.512,33.904,442,23360,0.68536,0.15,1,475962,475520,442
33035061,24.5024,29.9808,438,23360,0.673072,0.07,1,475987,475549,438
33037981,38.5005,38.7962,439,24820,0.862614,0.17,2,476029,475590,439
33106601,37,34,515,27740,0.71,1,1,477433,476918,515
33109521,34.6,31.6,518,27740,0.47,1,1,477467,476949,518
33140181,491.72,565.52,425,18980,0.438,0.13,1,478073,477648,425
33143101,197.544,190.704,452,20440,0.5436,0.05,1,478197,477745,452
33146021,85.9088,85.3408,451,21900,0.66072,0.13,1,478255,477804,451
33148941,39.5818,58.6682,427,23360,0.732144,0.11,1,478283,477856,427
33151861,30.3164,32.5336,429,24820,0.730429,0.15,1,478311,477882,429
33154781,26.0633,27.3067,428,24820,0.762086,0.13,2,478336,477908,428
33157701,32.4127,15.8613,449,24820,0.640417,0.43,1,478370,477921,449
33160621,120.883,124.772,440,24820,0.760083,0.57,2,478513,478073,440
33267201,122,172,512,21900,0.51,0.73,1,480642,480130,512
33270121,46.8,92,468,23360,0.654,0.65,1,480670,480202,468
33273041,26.16,40.8,461,24820,0.7148,0.57,1,480691,480230,461
33275961,31.632,31.36,465,26280,0.74296,0.51,1,480724,480259,465
33278881,31.1264,34.272,461,26280,0.684592,0.33,1,480755,480294,461
33281801,57.4253,78.8544,435,26280,0.864918,0.25,2,480819,480384,435
33392761,111,88,514,21900,0.93,0.87,2,483072,482558,514
33489121,149,104,513,21900,0.57,0.81,1,484991,484478,513
33492041,54.6,77.6,473,23360,0.602,0.71,1,485022,484549,473
33494961,40.52,41.92,477,24820,0.6884,0.67,1,485059,484582,477
33497881,31.304,38.784,468,26280,0.81768,0.63,2,485088,484620,468
33500801,19.8608,29.3568,458,26280,0.819536,0.57,2,485105,484647,458
33503721,12.7722,21.0714,450,26280,0.763907,0.51,2,485116,484666,450
33506641,143.354,145.014,450,26280,0.880781,0.51,2,485292,484842,450
33658481,36,48,497,27740,0.49,1,1,488314,487817,497
33661401,38.4,34.4,505,27740,0.426,1,1,488353,487848,505
33664321,34.08,30.08,509,27740,0.3652,1,1,488386,487877,509
33667241,34.816,30.016,514,27740,0.36904,1,1,488421,487907,514
33670161,34.9632,30.0032,519,27740,0.241808,1,1,488456,487937,519
33673081,31.7926,33.2006,516,27740,0.120362,1,1,488487,487971,516
33676001,29.5585,33.0401,512,27740,0.0800723,1,1,488516,488004,512
33678921,149.912,37.008,654,27740,0.0720145,0.69,1,488696,488042,654
33681841,53.9823,170.602,480,27740,0.0224029,0.59,1,488726,488246,480
33684761,37.1965,59.7203,481,27740,0.124481,0.49,1,488759,488278,481
33687681,33.0393,40.7441,477,27740,0.192896,0.41,1,488791,488314,477
33690601,30.6079,39.3488,468,27740,0.222579,0.35,1,488821,488353,468
33693521,34.9216,34.2698,471,27740,0.292516,0.37,1,488857,488386,471
33696441,30.1843,34.854,465,27740,0.418503,0.21,1,488886,488421,465
33699361,26.0369,34.9708,455,27740,0.459701,0.09,1,488911,488456,455
33702281,27.6074,31.7942,452,27740,0.49994,0.07,1,488939,488487,452
33716881,30,32,463,27740,0.89,0.23,2,489254,488791,463
33789881,36,34,494,29200,0.29,1,1,490616,490122,494
33792801,34.4,29.2,500,29200,0.178,1,1,490650,490150,500
33795721,26.88,29.84,495,29200,0.0756,1,1,490675,490180,495
33798641,30.976,27.568,500,29200,0.02312,1,1,490707,490207,500
33801561,33.3952,33.5136,499,29200,0.028624,1,1,490741,490242,499
33804481,33.079,37.1027,494,29200,0.0297248,1,1,490774,490280,494
33807401,33.8158,33.0205,496,30660,0.029945,0.94,1,490808,490312,496
33810321,35.5632,34.6041,497,30660,0.141989,0.43,1,490844,490347,497
33813241,134.313,179.721,440,30660,0.388398,0.39,1,491003,490563,440
33816161,39.6625,49.5442,439,30660,0.43768,0.29,1,491019,490580,439
33819081,31.9325,38.7088,433,32120,0.527536,0.15,1,491049,490616,433
33822001,30.3865,34.9418,429,32120,0.577507,0.05,1,491079,490650,429
33824921,21.2773,26.9884,423,32120,0.651501,0.01,1,491098,490675,423
33827841,29.0555,30.9977,422,32120,0.6343,0.03,1,491129,490707,422
33830761,33.0111,33.3995,422,32120,0.66286,0.03,1,491163,490741,422
33833681,34.6022,33.0799,424,32120,0.764572,0.03,2,491198,490774,424
33836601,33.3204,6.61598,457,32120,0.752914,0.03,2,491231,490774,457
33934421,68,89,424,29200,0.37,0.11,1,493045,492621,424
33963621,52,55.4,425,29200,0.418,0.05,1,493093,492668,425
33966541,32,22.28,438,30660,0.5236,0.03,1,493120,492682,438
33969461,132,30.856,562,32120,0.83272,0.09,2,493277,492715,562
34102321,134,142,434,27740,0.65,0.23,1,495150,494716,434
34105241,61.2,41.2,461,29200,0.618,0.21,1,495193,494732,461
34108161,41.04,47.44,448,30660,0.7076,0.13,1,495229,494781,448
34111081,33.008,38.288,443,32120,0.72552,0.09,1,495260,494817,443
34114001,33.8016,27.6576,452,32120,0.745104,0.11,1,495294,494842,452
34116921,32.3603,36.7315,445,32120,0.685021,0.17,1,495326,494881,445
34119841,20.8721,28.1463,437,32120,0.801004,0.19,2,495344,494907,437
34122761,41.7744,23.2293,462,32120,0.872201,0.19,2,495391,494929,462
34125681,41.9549,42.2459,457,32120,0.90244,0.19,2,495433,494976,457
34128601,49.191,40.4492,468,32120,0.924488,0.65,2,495484,495016,468
34251241,59,48,494,26280,0.93,0.61,2,497352,496858,494
34254161,119.8,142.4,463,27740,0.922,0.55,2,497487,497024,463
34493601,33,32,514,35040,0.85,1,2,501059,500545,514
34496521,32.2,37.6,507,35040,0.722,1,1,501091,500584,507
34499441,34.44,34.72,508,36500,0.6004,1,1,501126,500618,508
34502361,33.288,34.144,507,36500,0.48008,1,1,501159,500652,507
34505281,100.258,45.2288,576,36500,0.312016,1,1,501276,500700,576
34508201,44.0515,101.046,491,36500,0.262403,1,1,501306,500815,491
34511121,33.6103,46.6092,489,36500,0.316481,1,1,501337,500848,489
34514041,48.3221,43.7218,498,37960,0.519296,1,1,501389,500891,498
34516961,35.2644,35.9444,496,37960,0.559859,1,1,501421,500925,496
34519881,23.8529,31.9889,486,37960,0.519972,0.94,1,501442,500956,486
34522801,22.3706,31.1978,477,37960,0.639994,0.82,1,501464,500987,477
34525721,27.6741,37.4396,467,37960,0.711999,0.85,1,501493,501026,467
34528641,27.9348,33.8879,462,37960,0.7584,0.69,2,501521,501059,462
34531561,23.187,32.3776,452,37960,0.78368,0.69,2,501543,501091,452
34534481,28.6374,6.47552,482,39420,0.788736,0.57,2,501573,501091,482
34537401,27.3275,29.2951,474,39420,0.821747,0.45,2,501600,501126,474
34645441,91,108,439,32120,0.29,0.27,1,503379,502940,439
34654201,41.4,46.4,437,32120,0.338,0.19,1,503408,502971,437
34684861,148.28,156.48,428,32120,0.5076,0.15,1,503583,503155,428
34687781,60.856,40.096,456,33580,0.65352,0.21,1,503622,503166,456
34690701,60.9712,46.4192,469,35040,0.746704,0.27,1,503683,503214,469
34693621,43.3942,48.4838,459,36500,0.797341,0.27,2,503722,503263,459
34696541,20.6788,29.6968,449,37960,0.711468,0.31,1,503737,503288,449
34699461,38.5358,37.1394,453,37960,0.750294,0.31,2,503780,503327,453
34702381,36.5072,31.4279,459,37960,0.718059,0.33,1,503816,503357,459
34705301,32.1014,32.6856,457,37960,0.679612,0.39,1,503847,503390,457
34708221,28.0203,32.1371,452,39420,0.751922,0.43,2,503874,503422,452
34711141,15.2041,26.4274,439,39420,0.814384,0.39,2,503886,503447,439
34714061,24.6408,6.88548,464,39420,0.794877,0.51,2,503913,503449,464
34716981,102.528,29.3771,551,39420,0.854975,0.55,2,504035,503484,551
34909701,39,42,480,35040,0.73,0.88,1,506184,505704,480
34912621,31,37.2,473,36500,0.794,0.83,2,506213,505740,473
34915541,39,39.44,474,37960,0.9188,0.59,2,506254,505780,474
35071761,39,46,432,30660,0.25,0.25,1,508183,507751,432
35074681,72.6,19.6,500,32120,0.41,0.01,1,508264,507764,500
35077601,84.92,125.52,436,33580,0.442,0.07,1,508352,507916,436
35080521,38.584,47.504,435,35040,0.6404,0.01,1,508379,507944,435
35083441,14.1168,23.9008,425,35040,0.68808,0.01,1,508387,507962,425
35086361,23.6234,25.5802,425,35040,0.689616,0.03,1,508413,507988,425
35089281,23.1247,25.916,422,36500,0.801923,0,2,508436,508014,422
35092201,28.6249,25.9832,426,36500,0.696385,0.09,1,508466,508040,426
35095121,26.525,21.1966,432,36500,0.739277,0.01,1,508492,508060,432
35098041,39.705,37.0393,434,36500,0.843855,0.11,2,508535,508101,434
35100961,53.541,41.8079,448,36500,0.880771,0.25,2,508592,508144,448
35118481,5,8,454,36500,0.95,0.69,2,508841,508387,454
35246961,76,40,520,29200,0.29,0.47,1,510568,510048,520
35249881,101.6,140,463,30660,0.562,0.45,1,510676,510213,463
35252801,51.52,65.6,455,32120,0.6804,0.23,1,510715,510260,455
35255721,45.504,56.32,445,33580,0.76808,0.23,2,510759,510314,445
35258641,25.9008,31.264,441,35040,0.881616,0.15,2,510780,510339,441
35261561,25.1802,27.8528,439,35040,0.888323,0.11,2,510805,510366,439
35264481,21.036,23.9706,436,35040,0.905665,0.13,2,510825,510389,436
35406101,99,98,455,27740,0.69,0.25,1,512972,512517,455
35409021,78.2,72.4,462,29200,0.914,0.19,2,513045,512583,462
35482021,52,61,482,37960,0.53,1,1,514129,513647,482
35484941,39.2,40.2,483,37960,0.37,1,1,514165,513682,483
35487861,43.84,36.04,493,37960,0.242,1,1,514210,513717,493
35490781,37.568,35.208,494,37960,0.0724,1,1,514246,513752,494
35493701,33.1136,31.0416,496,37960,0.03848,1,1,514278,513782,496
35496621,27.4227,6.20832,522,37960,0.007696,1,1,514304,513782,522
35499541,64.6845,23.6417,568,37960,0.0415392,1,1,514378,513810,568
35502461,39.3369,78.3283,509,37960,0.0643078,1,1,514411,513902,509
35505381,31.8674,40.4657,508,37960,0.0848616,1,1,514441,513933,508
35508301,26.3735,34.4931,500,37960,0.120972,1,1,514466,513966,500
35511221,31.6747,30.8986,503,37960,0.144194,0.75,1,514499,513996,503
35514141,29.5349,40.5797,489,37960,0.132839,0.65,1,514528,514039,489
35517061,7.50699,38.5159,453,37960,0.130568,0.53,1,514530,514077,453
35519981,38.3014,49.3032,447,37960,0.194114,0.33,1,514576,514129,447
35522901,27.6603,38.6606,436,37960,0.222823,0.21,1,514601,514165,436
35525821,37.5321,43.7321,431,37960,0.372565,0.03,1,514641,514210,431
35528741,29.9064,37.5464,423,37960,0.466513,0.03,1,514669,514246,423
35531661,30.7813,33.1093,422,37960,0.469303,0,1,514700,514278,422
35534581,28.5563,27.4219,424,37960,0.469861,0.05,1,514728,514304,424
35537501,67.3113,64.6844,427,37960,0.533972,0.07,1,514805,514378,427
35540421,37.4622,39.3369,424,37960,0.578794,0.09,1,514835,514411,424
35543341,32.2925,31.8674,425,37960,0.651759,0.13,1,514866,514441,425
35546261,29.6585,26.3735,429,37960,0.714352,0.15,1,514895,514466,429
35549181,29.9317,31.6747,426,37960,0.83887,0.13,2,514925,514499,426
35552101,30.7863,29.5349,428,37960,0.815774,0.13,2,514956,514528,428
35555021,7.75727,7.50699,428,37960,0.859155,0.21,2,514958,514530,428
35665981,28,33,484,37960,0.81,1,2,516390,515906,484
35668901,34.4,33.8,486,37960,0.746,1,1,516426,515940,486
35671821,37.28,30.76,494,37960,0.7172,1,1,516464,515970,494
35674741,33.856,27.752,500,37960,0.71144,1,1,516497,515997,500
35677661,31.5712,36.7504,492,37960,0.678288,1,1,516528,516036,492
35680581,35.9142,43.3501,484,39420,0.767658,1,2,516565,516081,484
35683501,34.3828,36.67,483,39420,0.801532,1,2,516599,516116,483
35686421,26.8766,27.334,483,39420,0.840306,1,2,516624,516141,483
35689341,71.7753,68.6668,487,39420,0.800061,1,2,516707,516220,487
35692261,30.3551,41.7334,472,39420,0.824012,0.91,2,516727,516255,472
35695181,28.471,33.1467,469,39420,0.860802,0.86,2,516755,516286,469
35698101,36.8942,39.4293,467,39420,0.916161,0.91,2,516794,516327,467
35701021,32.9788,35.8859,464,39420,0.943232,0.81,2,516826,516362,464
35829501,91,112,449,33580,0.29,0.13,1,518593,518144,449
35861621,167.8,193.6,422,33580,0.578,0.01,1,518780,518358,422
35864541,61.56,53.12,439,35040,0.7796,0.01,2,518815,518376,439
35867461,41.912,37.024,443,36500,0.89992,0.13,2,518852,518409,443
35998861,491,595,454,30660,0.01,0.51,1,520414,519960,454
36001781,151.8,160.6,469,32120,0.074,0.45,1,520481,520012,469
36004701,66.36,82.52,451,33580,0.1028,0.27,1,520526,520075,451
36007621,54.072,56.504,452,35040,0.23656,0.21,1,520577,520125,452
36010541,53.2144,52.9008,453,35040,0.423312,0,1,520630,520177,453
36013461,38.6429,48.1802,441,35040,0.380662,0.03,1,520665,520224,441
36016381,50.9286,38.436,459,35040,0.260132,0.03,1,520719,520260,459
36019301,41.3857,40.4872,457,35040,0.396026,0.07,1,520758,520301,457
36022221,24.2771,35.2974,443,35040,0.407205,0.03,1,520778,520335,443
36025141,28.0554,25.4595,449,35040,0.345441,0.05,1,520807,520358,449
36028061,15.2111,25.8919,435,35040,0.397088,0.01,1,520819,520384,435
36030981,18.2422,29.1784,424,35040,0.471418,0.09,1,520838,520414,424
36033901,56.4484,59.4357,423,35040,0.390283,0.09,1,520904,520481,423
36036821,50.4897,11.8871,472,36500,0.438057,0.11,1,520953,520481,472
36039741,11.6979,38.3774,429,36500,0.447611,0.27,1,520955,520526,429
36042661,47.1396,48.4755,434,36500,0.561522,0.47,1,521011,520577,434
36045581,59.0279,52.0951,443,36500,0.552304,0.37,1,521073,520630,443
36048501,35.0056,38.419,437,36500,0.598461,0.23,1,521102,520665,437
36051421,50.2011,50.8838,437,36500,0.607692,0.43,1,521156,520719,437
36054341,43.6402,41.3768,440,36500,0.641538,0.41,1,521198,520758,440
36057261,25.528,24.2754,441,36500,0.664308,0.33,1,521219,520778,441
36060181,29.1056,28.0551,442,36500,0.716862,0.41,1,521249,520807,442
36063101,19.4211,15.211,447,36500,0.727372,0.49,1,521266,520819,447
36066021,17.4842,18.2422,445,36500,0.809474,0.37,2,521283,520838,445
36068941,53.0968,56.4484,441,36500,0.825895,0.37,2,521345,520904,441
36071861,53.0194,11.2897,494,37960,0.845179,0.45,2,521398,520904,494
36074781,12.2039,41.4579,447,37960,0.849036,0.45,2,521400,520953,447
36077701,51.2408,9.89159,506,37960,0.897807,0.59,2,521461,520955,506
36394521,92,111,438,32120,0.27,0.33,1,525425,524987,438
36397441,60,36.6,472,33580,0.43,0.39,1,525477,525005,472
36400361,43.2,45.72,463,35040,0.574,0.25,1,525516,525053,463
36403281,58.24,46.744,478,36500,0.7628,0.19,2,525578,525100,478
36490881,35,35,532,45260,0.59,1,1,526653,526121,532
36493801,33.4,32.6,533,45260,0.478,1,1,526686,526153,533
36504021,401.08,477.72,437,30660,0.1836,0.05,1,527179,526742,437
36544901,156.216,180.344,426,30660,0.07672,0.11,1,527274,526848,426
36547821,70.4432,52.0688,455,32120,0.183344,0.01,1,527323,526868,455
36550741,53.2886,49.6138,455,33580,0.300669,0.01,1,527372,526917,455
36553661,45.8577,60.3228,436,35040,0.260134,0.19,1,527416,526980,436
36556581,58.7715,67.2646,429,35040,0.428027,0.17,1,527478,527049,429
36559501,30.9543,15.0529,451,35040,0.557605,0.15,1,527502,527051,451
36562421,27.7909,23.0106,453,35040,0.615521,0.11,1,527529,527076,453
36565341,28.7582,26.2021,455,35040,0.627104,0.15,1,527558,527103,455
36568261,16.1516,27.6404,440,35040,0.693421,0.13,1,527571,527131,440
36571181,32.0303,28.7281,447,35040,0.706684,0.17,1,527607,527160,447
36574101,48.0061,51.3456,442,35040,0.645337,0.05,1,527659,527217,442
36577021,41.6012,55.8691,425,35040,0.713067,0.21,1,527699,527274,425
36579941,53.1202,50.3738,432,35040,0.678613,0.21,1,527755,527323,432
36582861,53.824,10.0748,486,36500,0.671723,0.33,1,527809,527323,486
36585781,12.3648,41.215,439,36500,0.670345,0.25,1,527811,527372,439
36588701,39.273,43.443,441,36500,0.718069,0.47,1,527857,527416,441
36591621,65.4546,58.2886,451,36500,0.791614,0.59,2,527929,527478,451
36594541,33.0909,30.8577,452,36500,0.822323,0.63,2,527954,527502,452
36597461,29.8182,27.7715,454,36500,0.860465,0.63,2,527983,527529,454
36600381,32.3636,28.7543,458,36500,0.900093,0.71,2,528016,527558,458
36603301,14.4727,16.1509,455,36500,0.908019,0.71,2,528026,527571,455
36606221,33.2945,32.0302,457,36500,0.877604,0.63,2,528064,527607,457
36609141,43.4589,48.006,451,36500,0.919521,0.73,2,528110,527659,451
36866101,39,36,513,43800,0.81,1,2,531421,530908,513
36869021,36.6,37.6,511,43800,0.826,1,2,531457,530946,511
36871941,33.72,33.12,512,43800,0.7332,1,1,531490,530978,512
36874861,33.944,35.424,510,45260,0.69864,1,1,531524,531014,510
36877781,28.3888,44.6848,490,45260,0.627728,1,1,531551,531061,490
36880701,35.2778,39.337,489,45260,0.485546,1,1,531588,531099,489
36883621,50.2556,51.0674,489,45260,0.393109,1,1,531642,531153,489
36886541,34.8511,10.2135,520,46720,0.326622,1,1,531673,531153,520
36889461,29.3702,26.8427,517,46720,0.281324,1,1,531701,531184,517
36892381,25.074,32.5685,507,46720,0.208265,1,1,531725,531218,507
36895301,23.4148,31.3137,499,46720,0.113653,0.87,1,531748,531249,499
36898221,31.083,31.8627,500,46720,0.0947306,0.97,1,531781,531281,500
36901141,30.2166,32.7725,497,46720,0.138946,0.95,1,531811,531314,497
36904061,7.64332,35.3545,463,46720,0.131789,0.83,1,531813,531350,463
36906981,28.7287,32.6709,465,46720,0.114358,0.81,1,531847,531382,465
36909901,35.3457,37.7342,463,46720,0.126872,0.83,1,531884,531421,463
36912821,35.8691,36.3468,463,48180,0.129374,0.71,1,531920,531457,463
36915741,30.3738,33.6694,459,48180,0.241875,0.71,1,531949,531490,459
36918661,28.4748,6.73387,487,48180,0.376375,0.69,1,531977,531490,487
36921581,24.095,28.5468,476,48180,0.355275,0.61,1,532000,531524,476
36924501,31.219,27.3094,482,49640,0.495055,0.45,1,532033,531551,482
36927421,43.0438,35.0619,491,49640,0.731011,0.37,1,532079,531588,491
36930341,10.2088,50.2124,439,49640,0.778202,0.31,2,532081,531642,439
36933261,24.4418,34.8425,436,49640,0.91564,0.27,2,532109,531673,436
37052981,42,46,469,42340,0.39,0.85,1,533705,533236,469
37057361,41.2,52.4,456,42340,0.39,0.59,1,533746,533290,456
37064661,52.24,63.28,445,42340,0.326,0.59,1,533801,533356,445
37067581,38.448,39.856,446,42340,0.4092,0.45,1,533836,533390,446
37071961,22.0896,23.1712,445,42340,0.47384,0.47,1,533854,533409,445
37077801,25.2179,25.4342,445,42340,0.518768,0.47,1,533880,533435,445
37080721,46.6436,48.2868,443,42340,0.575754,0.47,1,533932,533489,443
37086561,20.5287,22.4574,441,42340,0.603151,0.39,1,533946,533505,441
37118681,57.7057,57.2915,442,42340,0.57663,0.43,1,534013,533571,442
37121601,42.7411,19.4583,471,43800,0.571326,0.39,1,534052,533581,471
37124521,51.7482,43.8917,475,45260,0.586265,0.41,1,534106,533631,475
37127441,20.7496,34.3783,456,46720,0.589253,0.39,1,534119,533663,456
37130361,36.1499,40.4757,454,48180,0.653851,0.39,1,534159,533705,454
37133281,41.63,40.8951,456,48180,0.73077,0.31,1,534202,533746,456
37136201,59.526,52.179,465,48180,0.826154,0.43,2,534266,533801,465
37435501,32,34,528,29200,0.47,1,1,539700,539172,528
37436961,34.4,6.8,563,29200,0.342,1,1,539735,539172,563
37469081,380.48,475.76,437,20440,0.6524,0.29,1,540202,539765,437
37472001,114.496,127.152,445,21900,0.68248,0.53,1,540250,539805,445
37474921,242.099,242.23,448,23360,0.864496,0.47,2,540524,540076,448
37477841,74.8198,74.0461,449,24820,0.884899,0.47,2,540557,540108,449
37480761,16.564,16.4092,449,26280,0.90498,0.55,2,540559,540110,449
37581501,121,163,478,29200,0.39,1,1,542312,541834,478
37584421,133.8,134.2,488,29200,0.23,1,1,542449,541961,488
37587341,52.36,55.64,484,29200,0.262,0.96,1,542481,541997,484
37590261,39.272,35.928,489,29200,0.3004,0.97,1,542517,542028,489
37593181,29.4544,31.9856,485,29200,0.27608,1,1,542544,542059,485
37596101,16.2909,25.5971,474,29200,0.287216,0.95,1,542557,542083,474
37599021,14.4582,19.5194,470,29200,0.257443,0.97,1,542571,542101,470
37601941,18.8916,22.3039,467,29200,0.267489,0.89,1,542591,542124,467
37604861,26.1783,30.8608,462,29200,0.285498,0.75,1,542619,542157,462
37607781,31.6357,33.3722,461,29200,0.3051,0.39,1,542652,542191,461
37610701,86.3271,103.474,440,29200,0.37302,0.19,1,542752,542312,440
37613621,122.065,130.295,434,29200,0.754604,0.27,2,542883,542449,434
37616541,52.4131,51.659,437,29200,0.830921,0.31,2,542918,542481,437
37733341,45,63,443,24820,0.27,0.01,1,544828,544385,443
37736261,64.2,50.2,465,26280,0.398,0.05,1,544897,544432,465
37739181,36.04,57.24,435,27740,0.3916,0.01,1,544926,544491,435
37742101,20.808,29.848,429,29200,0.37432,0,1,544943,544514,429
37745021,14.5616,21.9696,422,29200,0.402864,0.01,1,544956,544534,422
37747941,67.7123,17.9939,486,29200,0.328573,0.01,1,545037,544551,486
37750861,29.5425,69.9988,423,29200,0.297715,0.25,1,545057,544634,423
37753781,133.108,133.2,433,29200,0.419543,0.25,1,545216,544783,433
37756701,69.0217,26.64,486,30660,0.443909,0.27,1,545269,544783,486
37759621,15.4043,41.328,443,30660,0.448782,0.43,1,545271,544828,443
37762541,56.6809,63.4656,441,30660,0.545756,0.43,1,545338,544897,441
37765461,32.1362,12.6931,467,30660,0.549151,0.39,1,545364,544897,467
37768381,8.02723,25.7386,440,30660,0.59783,0.37,1,545366,544926,440
37771301,15.2054,18.7477,440,30660,0.671566,0.41,1,545383,544943,440
37774221,14.2411,14.1495,441,30660,0.654313,0.31,1,545397,544956,441
37777141,65.2482,67.6299,438,30660,0.794863,0.29,2,545475,545037,438
37780061,23.4496,29.526,431,32120,0.822973,0.45,2,545488,545057,431
37888101,30,56,485,32120,0.65,1,1,547217,546732,485
37891021,35.6,39.2,487,32120,0.682,1,1,547254,546767,487
37893941,33.52,31.84,490,32120,0.7204,1,1,547287,546797,490
37896861,29.904,25.568,495,32120,0.64808,1,1,547316,546821,495
37899781,24.3808,25.1136,493,32120,0.713616,0.9,1,547339,546846,493
37902701,36.0762,45.0227,482,32120,0.726723,1,1,547378,546896,482
37905621,41.6152,25.0045,505,32120,0.681345,1,1,547421,546916,505
37908541,23.523,29.0009,494,32120,0.704269,0.86,1,547440,546946,494
37911461,89.5046,115.4,463,32120,0.868854,0.79,2,547546,547083,463
38114401,38,48,481,26280,0.05,0.79,1,550754,550273,481
38117321,39.6,48,473,26280,0.018,0.31,1,550794,550321,473
38120241,135.92,158.4,447,26280,0.2356,0.13,1,550954,550507,447
38123161,53.584,63.68,440,27740,0.26312,0.07,1,550987,550547,440
38126081,40.3168,40.736,442,27740,0.396624,0.09,1,551024,550582,442
38129001,32.0634,35.3472,438,27740,0.503325,0.03,1,551054,550616,438
38131921,32.0127,33.4694,437,27740,0.572665,0.03,1,551086,550649,437
38134841,49.6025,18.6939,476,27740,0.810533,0.07,2,551140,550664,476
38137761,11.5205,45.3388,426,27740,0.874107,0.05,2,551142,550716,426
38204921,45,34,512,27740,0.65,1,1,552413,551901,512
38207841,37.8,34,514,27740,0.57,1,1,552449,551935,514
38210761,33.96,38.8,507,27740,0.442,1,1,552482,551975,507
38213681,60.392,34.16,541,27740,0.3844,1,1,552549,552008,541
38216601,38.4784,66.832,499,27740,0.35688,1,1,552582,552083,499
38219521,41.2957,37.3664,511,27740,0.415376,1,1,552624,552113,511
38222441,26.6591,32.2733,503,27740,0.459075,1,1,552647,552144,503
38225361,124.532,26.4547,627,27740,0.275815,0.85,1,552796,552169,627
38228281,52.1064,134.091,500,27740,0.223163,0.79,1,552830,552330,500
38231201,37.6213,57.2182,496,27740,0.244633,0.65,1,552864,552368,496
38234121,31.5243,47.4436,481,27740,0.200927,0.55,1,552894,552413,481
38237041,30.3049,38.2887,475,27740,0.208185,0.41,1,552924,552449,475
38239961,54.861,34.0577,503,27740,0.257637,0.37,1,552985,552482,503
38242881,41.3722,60.4116,474,27740,0.347527,0.35,1,553023,552549,474
38245801,45.0744,38.4823,487,27740,0.477505,0.43,1,553069,552582,487
38248721,26.6149,41.2965,467,27740,0.503501,0.47,1,553091,552624,467
38251641,114.123,26.6593,580,27740,0.6847,0.23,1,553227,552647,580
38254561,50.0246,124.532,465,27740,0.73694,0.21,1,553261,552796,465
38257481,39.6049,52.1064,468,27740,0.747388,0.25,1,553298,552830,468
38260401,28.721,37.6213,460,27740,0.765478,0.19,2,553324,552864,460
38263321,32.1442,31.5243,463,27740,0.833096,0.21,2,553357,552894,463
38266241,56.0288,30.3049,495,27740,0.862619,0.27,2,553419,552924,495
38269161,48.0058,54.861,480,27740,0.884524,0.37,2,553465,552985,480
38272081,51.2012,41.3722,494,27740,0.904905,0.51,2,553517,553023,494
38275001,25.4402,45.0744,467,27740,0.940981,0.51,2,553536,553069,467
38350921,38,55,488,36500,0.92,1,2,554799,554311,488
38353841,46.8,54.2,483,37960,0.816,1,2,554848,554365,483
38356761,40.56,10.84,522,37960,0.7312,1,1,554887,554365,522
38359681,44.912,41.368,519,37960,0.58624,1,1,554933,554414,519
38362601,37.7824,39.4736,516,39420,0.557248,1,1,554969,554453,516
38365521,33.1565,34.2947,515,39420,0.47145,1,1,555001,554486,515
38368441,34.6313,30.0589,521,39420,0.42229,1,1,555036,554515,521
38371361,66.1263,93.2118,486,40880,0.412458,1,1,555110,554624,486
38374281,38.8253,47.4424,482,42340,0.394492,1,1,555142,554660,482
38377201,28.5651,9.48847,508,42340,0.406898,1,1,555168,554660,508
38380121,35.313,26.6977,514,42340,0.39338,0.92,1,555205,554691,514
38383041,30.2626,35.7395,505,43800,0.374676,0.94,1,555234,554729,505
38385961,28.4525,32.7479,501,43800,0.402935,0.92,1,555262,554761,501
38388881,7.2905,36.9496,465,43800,0.408587,0.79,1,555264,554799,465
38391801,36.6581,46.5899,460,43800,0.441717,0.71,1,555308,554848,460
38394721,33.7316,40.518,454,45260,0.480343,0.55,1,555341,554887,454
38397641,37.9463,44.9036,447,45260,0.600069,0.55,1,555380,554933,447
38400561,34.7893,8.98072,481,45260,0.640014,0.55,1,555414,554933,481
38403481,30.9579,30.5961,475,45260,0.648003,0.45,1,555444,554969,475
38406401,32.5916,31.7192,476,45260,0.729601,0.41,1,555477,555001,476
38409321,8.11831,34.3438,443,46720,0.72992,0.41,1,555479,555036,443
38529041,267,301,458,37960,0.29,0.49,1,557126,556668,458
38533421,137.4,157,442,39420,0.466,0.41,1,557231,556789,442
38537801,66.68,73,439,39420,0.5812,0.39,1,557280,556841,439
38575761,56.536,56.2,441,40880,0.81224,0.39,2,557334,556893,441
38578681,46.5072,23.24,470,39420,0.778448,0.33,2,557378,556908,470
38581601,38.1014,41.448,460,37960,0.83569,0.35,2,557414,556954,460
38686721,70,83,484,33580,0.59,1,1,559014,558530,484
38689641,75.6,82.2,479,33580,0.622,1,1,559091,558612,479
38692561,55.12,57.24,478,33580,0.5164,1,1,559141,558663,478
38695481,42.224,40.248,481,33580,0.47928,0.97,1,559180,558699,481
38698401,26.8448,30.4496,476,33580,0.407856,1,1,559203,558727,476
38701321,38.969,32.4899,485,33580,0.377571,1,1,559245,558760,485
38704241,26.1938,33.698,474,33580,0.339514,0.94,1,559268,558794,474
38707161,23.6388,29.1396,469,33580,0.363903,0.94,1,559291,558822,469
38710081,33.5278,5.82792,505,33580,0.336781,0.97,1,559327,558822,505
38713001,27.5056,29.9656,495,33580,0.411356,0.81,1,559353,558858,495
38715921,41.5011,36.3931,502,33580,0.394271,0.71,1,559398,558896,502
38718841,61.9002,45.6786,521,33580,0.614854,0.59,1,559465,558944,521
38721761,74.78,65.1357,529,33580,0.866971,0.63,2,559543,559014,529
38961201,59,57,462,30660,0.09,0.25,1,562772,562310,462
38964121,52.6,63.4,448,32120,0.266,0.09,1,562823,562375,448
38967041,52.92,59.08,443,33580,0.4132,0.05,1,562876,562433,443
38969961,53.784,59.816,437,35040,0.61864,0.01,1,562930,562493,437
39104281,45,20,466,29200,0.19,0.11,1,564718,564252,466
39107201,40.2,60,435,30660,0.254,0.03,1,564757,564322,435
39110121,95.24,60.8,483,32120,0.2348,0.03,1,564866,564383,483
39113041,47.048,74.56,440,32120,0.26296,0.05,1,564901,564461,440
39115961,39.8096,40.512,446,32120,0.348592,0.15,1,564939,564493,446
39118881,32.7619,26.5024,454,32120,0.509718,0.09,1,564970,564516,454
39121801,29.7524,40.5005,439,32120,0.589944,0.19,1,564999,564560,439
39124721,25.1505,23.3001,444,32120,0.717989,0.19,1,565023,564579,444
39127641,52.2301,49.46,447,32120,0.759598,0.25,2,565082,564635,447
39130561,29.646,40.292,433,33580,0.75192,0.19,2,565106,564673,433
39133481,44.3292,44.0584,436,33580,0.686384,0.19,1,565154,564718,436
39136401,39.2658,8.81168,474,33580,0.625277,0.27,1,565192,564718,474
39139321,9.45317,32.9623,437,33580,0.613055,0.23,1,565194,564757,437
39142241,86.6906,93.7925,434,33580,0.658611,0.27,1,565300,564866,434
39145161,46.9381,46.7585,436,33580,0.635722,0.37,1,565337,564901,436
39148081,43.7876,39.7517,441,33580,0.663144,0.55,1,565380,564939,441
39151001,41.5575,32.7503,451,33580,0.748629,0.61,1,565421,564970,451
39153921,34.7115,29.7501,455,33580,0.797726,0.75,2,565454,564999,455
39156841,29.3423,25.15,459,33580,0.823545,0.77,2,565482,565023,459
39159761,52.2685,52.23,458,33580,0.892709,0.77,2,565540,565082,458
39162681,29.6537,10.446,482,33580,0.874542,0.75,2,565564,565082,482
39165601,41.1307,21.2892,502,33580,0.902908,0.67,2,565608,565106,502
39288241,44,32,529,33580,0.87,1,2,567412,566883,529
39396281,16,38,506,42340,0.81,1,2,568912,568406,506
39399201,29.6,41.2,497,42340,0.874,1,2,568945,568448,497
39402121,36.32,37.84,498,42340,0.8388,1,2,568983,568485,498
39405041,29.664,37.968,488,43800,0.86376,1,2,569011,568523,488
39407961,54.7328,64.3936,478,43800,0.852752,1,2,569072,568594,478
39410881,29.3466,12.8787,501,43800,0.78655,1,2,569095,568594,501
39413801,41.0693,27.3757,514,43800,0.86931,0.97,2,569139,568625,514
39416721,37.0139,41.4751,505,43800,0.901862,0.91,2,569175,568670,505
39539361,140,150,447,31286,0.67,0.49,1,570986,570539,447
39572941,38.4,42,445,30417,0.606,0.45,1,570999,570554,445
39575861,44.48,33.2,460,29548,0.7372,0.37,1,571045,570585,460
39578781,40.896,34.64,465,27810,0.79544,0.37,2,571085,570620,465
39707261,58,26,471,21900,0.93,0.31,2,573611,573140,471
39780261,109,132,492,30660,0.37,1,1,574997,574505,492
39783181,49.8,54.4,492,30660,0.322,1,1,575032,574540,492
39786101,32.36,38.88,485,30660,0.2644,1,1,575060,574575,485
39789021,47.272,45.376,489,30660,0.12488,1,1,575111,574622,489
39791941,33.4544,37.0752,484,30660,0.048976,1,1,575141,574657,484
39794861,30.6909,33.015,482,30660,0.0337952,0.88,1,575171,574689,482
39797781,35.7382,37.003,481,30660,0.094759,0.88,1,575208,574727,481
39800701,27.1476,7.4006,506,30660,0.0909518,1,1,575233,574727,506
39803621,68.6295,31.0801,548,30660,0.0901904,0.73,1,575312,574764,548
39806541,37.7259,78.216,488,30660,0.154038,0.67,1,575342,574854,488
39809461,81.1452,42.8432,546,30660,0.342808,0.37,1,575434,574888,546
39812381,40.229,95.7686,467,30660,0.460562,0.31,1,575464,574997,467
39815301,30.4458,47.1537,460,30660,0.468112,0.25,1,575492,575032,460
39818221,38.8892,31.8307,473,30660,0.565623,0.09,1,575533,575060,473
39821141,32.5778,47.1661,453,30660,0.617124,0.03,1,575564,575111,453
39824061,28.9156,33.4332,451,30660,0.755425,0.03,2,575592,575141,451
39826981,38.5831,30.6866,462,30660,0.895085,0.11,2,575633,575171,462
39829901,27.7166,35.7373,450,30660,0.923017,0.09,2,575658,575208,450
39923341,35,73,513,32120,0.81,1,2,577192,576679,513
39926261,93.4,47.4,580,32120,0.81,1,2,577300,576720,580
39929181,43.48,94.28,505,32120,0.794,1,2,577331,576826,505
39932101,38.296,42.856,512,32120,0.8388,1,2,577368,576856,512
39935021,40.4592,34.9712,520,32120,0.83176,1,2,577409,576889,520
39937941,34.4918,43.7942,507,32120,0.830352,1,2,577442,576935,507
39940861,34.0984,36.7588,506,33580,0.83007,1,2,577476,576970,506
40075181,57,17,500,30660,0.87,0.83,2,579373,578873,500
40148181,34,73,502,40880,0.71,1,1,580418,579916,502
40151101,33.2,39.4,504,40880,0.486,1,1,580451,579947,504
40154021,34.64,27.08,515,40880,0.3932,1,1,580486,579971,515
40165701,395.728,463.016,429,27740,0.23064,0.05,1,580972,580543,429
40202201,178.346,198.203,421,27740,0.230128,0.01,1,581096,580675,421
40205121,127.669,77.2406,489,29200,0.678026,0.05,1,581211,580722,489
40208041,71.1338,75.4481,471,30660,0.831605,0.03,2,581268,580797,471
40210961,15.8268,55.0896,423,30660,0.878321,0.01,2,581270,580847,423
40320461,122,18,571,24820,0.29,0.13,1,583075,582504,571
40323381,79.6,162.8,441,26280,0.37,0.01,1,583144,582703,441
40326301,41.52,60.56,438,27740,0.418,0.03,1,583176,582738,438
40329221,41.904,48.112,435,29200,0.4756,0.05,1,583218,582783,435
40332141,37.9808,36.0224,439,30660,0.35912,0.05,1,583255,582816,439
40335061,39.5962,36.0045,443,30660,0.399824,0.09,1,583295,582852,443
40337981,44.7192,31.2009,459,30660,0.471965,0.13,1,583341,582882,459
40340901,39.3438,42.2402,452,30660,0.518393,0.07,1,583379,582927,452
40343821,115.869,29.248,561,30660,0.591679,0.29,1,583514,582953,561
40346741,24.7738,103.45,441,30660,0.622336,0.39,1,583516,583075,441
40349661,62.5548,75.8899,444,30660,0.804467,0.39,2,583588,583144,444
40352581,38.111,15.178,476,30660,0.824893,0.43,2,583620,583144,476
40355501,9.22219,28.6356,446,30660,0.828979,0.49,2,583622,583176,446
40358421,36.2444,39.3271,447,30660,0.861796,0.49,2,583665,583218,447
40361341,32.8489,7.86542,479,32120,0.916359,0.33,2,583697,583218,479
40466461,150,160,494,26280,0.29,1,1,585423,584929,494
40469381,92.4,96.8,491,27740,0.354,1,1,585501,585010,491
40472301,68.08,78.56,479,29200,0.4788,0.83,1,585563,585084,479
40475221,39.216,41.312,479,30660,0.56776,0.83,1,585595,585116,479
40478141,26.2432,30.6624,474,30660,0.601552,0.77,1,585618,585144,474
40481061,28.4486,26.9325,477,30660,0.64031,0.69,1,585647,585170,477
40483981,30.4897,34.9865,471,30660,0.728062,0.71,1,585678,585207,471
40486901,38.0979,20.5973,494,30660,0.889612,0.51,2,585718,585224,494
40489821,9.21959,43.3195,447,32120,0.921922,0.29,2,585720,585273,447
40565741,36,34,517,33580,0.57,1,1,586981,586464,517
40568661,37.6,35.6,519,33580,0.554,1,1,587019,586500,519
40571581,35.52,35.92,518,33580,0.5508,1,1,587054,586536,518
40574501,33.504,33.584,518,33580,0.53416,1,1,587087,586569,518
40577421,29.9008,33.9168,513,33580,0.466832,1,1,587116,586603,513
40580341,36.3802,33.1834,518,33580,0.469366,1,1,587154,586636,518
40583261,31.276,36.2367,511,33580,0.469873,1,1,587184,586673,511
40586181,29.4552,34.4473,506,33580,0.469975,1,1,587213,586707,506
40589101,63.491,31.6895,547,33580,0.485995,0.98,1,587285,586738,547
40592021,77.4982,70.3379,548,33580,0.665199,0.71,1,587366,586818,548
40594941,42.6996,86.8676,491,33580,0.68504,0.69,1,587400,586909,491
40597861,32.5399,46.1735,485,33580,0.769008,0.57,2,587430,586945,485
40600781,36.908,38.0347,487,33580,0.865802,0.55,2,587468,586981,487
40603701,32.9816,38.0069,481,33580,0.93316,0.55,2,587500,587019,481
40676701,35,33,524,33580,0.81,1,2,588551,588027,524
40679621,40.6,43.4,520,33580,0.65,1,1,588593,588073,520
40682541,34.52,38.28,516,33580,0.586,1,1,588626,588110,516
40685461,34.904,32.456,520,33580,0.5572,1,1,588661,588141,520
40688381,91.7808,43.2912,580,33580,0.39144,1,1,588767,588187,580
40691301,47.1562,87.8582,517,35040,0.374288,1,1,588803,588286,517
40694221,54.2312,47.1716,536,35040,0.482858,1,1,588859,588323,536
40697141,30.8462,53.4343,506,35040,0.504571,1,1,588884,588378,506
40700061,30.1692,37.0869,503,35040,0.492914,1,1,588914,588411,503
40702981,35.6338,36.2174,504,35040,0.490583,0.91,1,588951,588447,504
40705901,34.3268,33.6435,505,35040,0.474117,0.88,1,588985,588480,505
40708821,29.2654,35.5287,497,35040,0.502823,0.81,1,589013,588516,497
40711741,33.8531,35.1057,497,35040,0.540565,0.61,1,589048,588551,497
40714661,29.1706,40.6211,483,35040,0.516113,0.57,1,589076,588593,483
40717581,29.8341,34.5242,480,35040,0.559223,0.55,1,589106,588626,480
40720501,85.1668,34.9048,544,36500,0.647845,0.35,1,589205,588661,544
40723421,18.6334,91.781,440,36500,0.665569,0.37,1,589207,588767,440
40726341,34.1267,47.1562,442,36500,0.717114,0.51,1,589245,588803,442
40870881,50,53,486,33580,0.83,0.89,2,591027,590541,486
40873801,59.6,62.6,483,35040,0.91,0.87,2,591089,590606,483
40973081,35,28,534,43800,0.65,1,1,592367,591833,534
40976001,34.2,33.6,533,43800,0.586,1,1,592401,591868,533
40978921,38.04,33.12,539,43800,0.5092,1,1,592440,591901,539
40981841,30.808,33.824,534,43800,0.47784,1,1,592469,591935,534
40984761,38.1616,33.9648,540,45260,0.423568,1,1,592509,591969,540
40987681,34.8323,35.593,538,45260,0.364714,1,1,592543,592005,538
40990601,21.3665,31.1186,526,45260,0.352943,1,1,592561,592035,526
40993521,20.2733,35.8237,509,45260,0.302589,1,1,592581,592072,509
40996441,22.4547,35.9647,496,45260,0.260518,1,1,592604,592108,496
40999361,20.4909,31.1929,486,45260,0.268104,1,1,592624,592138,486
41002281,27.2982,35.8386,478,45260,0.237621,0.97,1,592653,592175,478
41005201,45.4596,52.7677,471,45260,0.231524,1,1,592703,592232,471
41008121,35.4919,37.7535,470,45260,0.262305,0.93,1,592736,592266,470
41011041,28.6984,36.3507,461,45260,0.268461,0.83,1,592763,592302,461
41013961,28.1397,31.2701,459,45260,0.253692,0.65,1,592791,592332,459
41016881,28.8279,34.254,453,45260,0.186738,0.57,1,592820,592367,453
41019801,30.5656,34.0508,450,45260,0.253348,0.49,1,592851,592401,450
41022721,31.7131,38.0102,443,45260,0.34667,0.47,1,592883,592440,443
41025641,27.9426,30.802,441,45260,0.429334,0.47,1,592910,592469,441
41028561,36.7885,6.16041,480,45260,0.397867,0.41,1,592949,592469,480
41031481,31.3577,33.2321,470,45260,0.407573,0.35,1,592979,592509,470
41034401,19.8715,33.8464,453,45260,0.409515,0.35,1,592996,592543,453
41037321,16.7743,21.1693,451,45260,0.409903,0.29,1,593012,592561,451
41040241,24.1549,20.2339,457,45260,0.521981,0.25,1,593038,592581,457
41043161,20.031,22.4468,453,45260,0.624396,0.27,1,593057,592604,453
41046081,27.2062,20.4894,462,45260,0.628879,0.23,1,593086,592624,462
41049001,45.4412,27.2979,483,45260,0.789776,0.23,2,593136,592653,483
41051921,34.6882,45.4596,465,45260,0.853955,0.27,2,593168,592703,465
41054841,27.7377,35.4919,458,45260,0.850791,0.27,2,593194,592736,458
41057761,27.1475,28.6984,458,45260,0.754158,0.25,2,593221,592763,458
41060681,31.8295,28.1397,463,45260,0.782832,0.17,2,593254,592791,463
41063601,28.7659,28.8279,462,45260,0.740566,0.27,1,593282,592820,462
41066521,39.3532,30.5656,473,45260,0.716113,0.37,1,593324,592851,473
41069441,27.8706,31.7131,466,45260,0.631223,0.45,1,593349,592883,466
41072361,37.5741,27.9426,479,45260,0.614245,0.39,1,593389,592910,479
41075281,33.1148,36.7885,472,45260,0.770849,0.41,2,593421,592949,472
41078201,19.423,31.3577,458,45260,0.77017,0.41,2,593437,592979,458
41081121,18.2846,19.8715,459,45260,0.738034,0.41,1,593455,592996,459
41084041,30.0569,16.7743,476,45260,0.747607,0.55,1,593488,593012,476
41086961,23.6114,24.1549,472,45260,0.797521,0.65,2,593510,593038,472
41089881,30.3223,20.031,485,45260,0.887504,0.63,2,593542,593057,485
41092801,50.8645,27.2062,512,45260,0.937501,0.83,2,593598,593086,512
41095721,35.7729,45.4412,494,45260,0.9475,0.87,2,593630,593136,494
41232961,32,24,514,46720,0.85,1,2,595109,594595,514
41235881,35.2,29.6,519,46720,0.77,1,2,595145,594626,519
41238801,27.04,29.92,514,48180,0.722,1,1,595170,594656,514
41241721,31.008,32.384,513,48180,0.6964,1,1,595202,594689,513
41244641,34.2016,37.6768,509,48180,0.61128,1,1,595237,594728,509
41247561,30.8403,27.5354,514,48180,0.594256,1,1,595267,594753,514
41250481,26.9681,32.7071,506,48180,0.558851,1,1,595293,594787,506
41253401,19.7936,36.1414,487,48180,0.55177,1,1,595311,594824,487
41256321,30.3587,29.6283,492,48180,0.470354,1,1,595344,594852,492
41259241,28.4717,27.5257,493,48180,0.454071,1,1,595372,594879,493
41262161,22.4943,27.9051,486,49640,0.530814,0.99,1,595393,594907,486
41265081,25.2989,31.181,480,49640,0.578163,1,1,595419,594939,480
41268001,39.4598,32.6362,490,49640,0.571633,1,1,595462,594972,490
41270921,30.292,36.1272,481,49640,0.618327,0.9,1,595490,595009,481
41273841,31.6584,38.4254,474,49640,0.851665,0.77,2,595522,595048,474
41389181,57,56,474,39420,0.07,0.75,1,597057,596583,474
41393561,101.8,112.8,460,39420,0.182,0.79,1,597170,596710,460
41402321,29.96,35.36,456,39420,0.2364,0.51,1,597182,596726,456
41408161,53.992,63.872,445,39420,0.34328,0.45,1,597242,596797,445
41415461,42.7984,47.9744,441,39420,0.332656,0.37,1,597282,596841,441
41449041,68.5597,73.5949,436,39420,0.442531,0.25,1,597357,596921,436
41451961,45.7119,36.319,449,40880,0.576506,0.13,1,597397,596948,449
41454881,30.7424,48.8638,424,42340,0.571301,0.05,1,597424,597000,424
41457801,52.5485,25.7728,462,43800,0.60226,0.11,1,597482,597020,462
41460721,48.9097,45.1546,460,45260,0.640452,0.19,1,597530,597070,460
41463641,68.1819,49.0309,483,45260,0.64809,0.25,1,597603,597120,483
41466561,36.0364,59.4062,449,46720,0.649618,0.33,1,597631,597182,449
41469481,25.6073,27.8812,452,46720,0.585924,0.35,1,597654,597202,452
41472401,27.5215,28.7762,451,46720,0.621185,0.39,1,597682,597231,451
41475321,27.1043,27.3552,451,46720,0.580237,0.33,1,597709,597258,451
41478241,31.8209,24.6711,460,46720,0.572047,0.41,1,597742,597282,460
41481161,27.9642,29.7342,456,48180,0.55441,0.35,1,597769,597313,456
41484081,7.19283,17.1468,444,48180,0.550882,0.35,1,597771,597327,444
41487001,19.0386,5.02937,464,48180,0.630176,0.47,1,597793,597329,464
41489921,7.80771,23.4059,441,48180,0.694035,0.61,1,597798,597357,441
41492841,38.3615,36.6812,447,48180,0.754807,0.61,2,597844,597397,447
41495761,31.6723,7.33623,477,48180,0.750961,0.57,2,597874,597397,477
41498681,7.93446,23.0672,452,49640,0.718192,0.61,1,597876,597424,452
41501601,44.7869,51.0135,448,49640,0.791638,0.61,2,597930,597482,448
41504521,48.9574,10.2027,498,49640,0.854328,0.65,2,597980,597482,498
41795061,27,30,514,46720,0.79,1,2,601047,600533,514
41797981,31,31.6,514,46720,0.758,1,2,601079,600565,514
41800901,29.4,6.32,543,46720,0.6876,1,1,601108,600565,543
41803821,29.08,22.864,545,46720,0.72152,1,1,601137,600592,545
41806741,27.416,21.3728,551,46720,0.728304,1,1,601164,600613,551
41856381,411.083,482.675,460,32120,0.801661,0.77,2,601671,601211,460
41859301,133.417,129.335,483,33580,0.856332,0.73,2,601735,601252,483
41862221,73.0833,83.467,469,35040,0.931266,0.67,2,601793,601324,469
41961501,21,22,487,45260,0.87,1,2,602995,602508,487
41964421,36.2,31.6,493,45260,0.774,1,2,603035,602542,493
41967341,27.24,32.72,485,45260,0.7548,1,2,603060,602575,485
41970261,30.248,31.344,485,45260,0.63896,1,1,603091,602606,485
41973181,28.4496,27.0688,487,46720,0.567792,1,1,603119,602632,487
41976101,40.0899,43.8138,482,46720,0.505558,0.96,1,603162,602680,482
41979021,37.618,32.7628,489,46720,0.397112,1,1,603199,602710,489
41981941,33.9236,40.1526,480,46720,0.327422,1,1,603232,602752,480
41984861,31.5847,30.4305,483,46720,0.361484,1,1,603263,602780,483
41987781,21.5169,26.8861,476,46720,0.432297,1,1,603282,602806,476
41990701,23.5034,5.37722,500,46720,0.414459,1,1,603306,602806,500
41993621,23.9007,22.6754,497,46720,0.426892,1,1,603330,602833,497
41996541,49.5801,29.3351,522,46720,0.445378,0.93,1,603386,602864,522
41999461,29.916,48.267,494,46720,0.465076,0.88,1,603411,602917,494
42002381,25.9832,32.8534,490,46720,0.437015,0.89,1,603436,602946,490
42005301,20.3966,28.9707,481,46720,0.431403,0.87,1,603455,602974,481
42008221,33.6793,22.5941,497,46720,0.398281,0.75,1,603492,602995,497
42011141,25.1359,36.5188,480,46720,0.391656,0.75,1,603515,603035,480
42014061,27.4272,27.3038,483,46720,0.454331,0.61,1,603543,603060,483
42016981,7.08543,30.2608,454,46720,0.434866,0.55,1,603545,603091,454
42019901,20.6171,28.4522,450,46720,0.478973,0.49,1,603569,603119,450
42022821,30.5234,40.0904,440,46720,0.503795,0.37,1,603602,603162,440
42025741,34.9047,37.6181,439,46720,0.540759,0.31,1,603638,603199,439
42028661,32.5809,33.9236,438,46720,0.692152,0.37,1,603670,603232,438
42031581,33.7162,31.5847,441,46720,0.72243,0.45,1,603704,603263,441
42034501,22.7432,21.5169,442,46720,0.808486,0.41,2,603724,603282,442
42037421,25.3486,23.5034,444,46720,0.777697,0.43,2,603750,603306,444
42040341,21.8697,23.9007,441,46720,0.80354,0.45,2,603771,603330,441
42043261,50.7739,49.5801,443,46720,0.808708,0.47,2,603829,603386,443
42046181,30.9548,29.916,444,46720,0.777742,0.43,2,603855,603411,444
42049101,24.591,25.9832,442,46720,0.771548,0.43,2,603878,603436,442
42052021,19.3182,20.3966,441,46720,0.77031,0.39,2,603896,603455,441
42054941,35.8636,33.6793,444,46720,0.850062,0.39,2,603936,603492,444
42057861,26.3727,25.1359,445,46720,0.930012,0.47,2,603960,603515,445
42060781,28.4745,27.4272,446,46720,0.898002,0.43,2,603989,603543,446
42063701,7.29491,7.08543,446,46720,0.891601,0.49,2,603991,603545,446
42066621,17.459,20.6171,442,46720,0.90632,0.51,2,604011,603569,442
42195101,32,28,503,46720,0.85,1,2,605384,604881,503
42198021,30.4,30.4,502,46720,0.802,1,2,605414,604912,502
42200941,26.88,29.28,499,46720,0.7284,1,1,605440,604941,499
42203861,22.176,24.256,497,46720,0.69768,1,1,605461,604964,497
42206781,31.6352,23.2512,508,46720,0.675536,1,1,605495,604987,508
42209701,29.527,24.6502,512,46720,0.719107,1,1,605524,605012,512
42212621,25.9054,30.53,505,48180,0.775821,1,2,605549,605044,505
42215541,22.7811,40.506,484,48180,0.739164,1,1,605571,605087,484
42218461,38.9562,28.9012,501,48180,0.683833,1,1,605614,605113,501
42221381,32.5912,33.7802,497,48180,0.672767,1,1,605645,605148,497
42224301,16.1182,29.956,480,48180,0.718553,0.96,1,605657,605177,480
42227221,24.0237,28.3912,478,48180,0.711711,1,1,605683,605205,478
42230141,46.4047,48.0782,477,48180,0.710342,1,1,605735,605258,477
42233061,32.4809,36.8156,472,48180,0.726068,0.82,1,605764,605292,472
42235981,24.0962,31.3631,464,48180,0.777214,0.84,2,605786,605322,464
42238901,26.4192,30.2726,461,48180,0.803443,0.85,2,605813,605352,461
42241821,30.8838,31.6545,461,48180,0.808689,0.79,2,605845,605384,461
42244741,26.9768,30.3309,457,48180,0.873738,0.71,2,605871,605414,457
42370301,27,37,435,39420,0.27,0.17,1,607534,607099,435
42374681,39,49.8,424,39420,0.318,0.05,1,607576,607152,424
42380521,51.8,56.36,421,39420,0.3276,0.01,1,607631,607210,421
42387821,19.96,20.872,421,39420,0.32952,0.13,1,607643,607222,421
42390741,59.192,56.1744,425,39420,0.521904,0.07,1,607712,607287,425
42419941,21.4384,23.2349,422,39420,0.544381,0.03,1,607724,607302,422
42422861,27.4877,15.047,438,40880,0.564876,0.07,1,607753,607315,438
42425781,23.8975,23.8094,435,42340,0.664975,0.03,1,607776,607341,435
42428701,27.1795,21.5619,442,43800,0.716995,0.07,1,607804,607362,442
42431621,25.4359,25.1124,441,45260,0.887399,0.09,2,607829,607388,441
42434541,13.8872,28.2225,423,45260,0.88948,0.09,2,607840,607417,423
42437461,4.37744,5.64449,425,45260,0.905896,0.09,2,607842,607417,425
42587841,42,43,471,39420,0.01,0.53,1,609433,608962,471
42590761,43.6,52.6,460,40880,0.106,0.37,1,609477,609017,460
42593681,43.12,48.12,456,40880,0.1732,0.29,1,609520,609064,456
42596601,48.624,53.624,451,40880,0.21864,0.15,1,609570,609119,451
42599521,33.7248,45.1248,438,40880,0.227728,0.19,1,609600,609162,438
42602441,41.145,39.425,443,40880,0.325546,0.09,1,609643,609200,443
42605361,39.429,41.485,440,40880,0.457109,0.11,1,609682,609242,440
42608281,31.8858,29.897,443,40880,0.483422,0.17,1,609712,609269,443
42611201,14.3772,17.9794,438,40880,0.584684,0.09,1,609722,609284,438
42614121,16.4754,21.9959,432,40880,0.668937,0.13,1,609739,609307,432
42617041,16.0951,12.3992,438,42340,0.669787,0.09,1,609755,609317,438
42619961,9.61902,20.0798,424,42340,0.685957,0.05,1,609763,609339,424
42622881,44.3238,45.616,425,42340,0.737191,0.05,1,609816,609391,425
42625801,40.0648,9.12319,464,42340,0.779438,0.01,2,609855,609391,464
42628721,9.61295,35.4246,424,42340,0.787888,0.13,2,609857,609433,424
42799541,58,29,496,32120,0.89,0.91,2,611934,611438,496
42802461,57.2,62.6,482,33580,0.906,0.83,2,611991,611509,482
42892981,28,0,531,42340,0.79,1,2,613155,612624,531
42894441,35.2,16.8,547,43800,0.694,1,1,613192,612645,547
42904661,392.64,469.76,446,30660,0.3228,0.13,1,613674,613228,446
42944081,156.128,185.952,428,30660,0.42456,0.23,1,613771,613343,428
42947001,74.4256,51.5904,464,32120,0.572912,0.19,1,613825,613361,464
42949921,67.6851,63.9181,463,33580,0.778582,0.17,2,613891,613428,463
43075481,67,53,443,27740,0.49,0.01,1,615737,615294,443
43078401,71.8,50.6,466,29200,0.618,0.07,1,615810,615344,466
43081321,70.36,65.32,467,29200,0.7236,0.03,1,615880,615413,467
43084241,40.472,63.464,437,30660,0.79272,0.03,2,615913,615476,437
43087161,40.8944,39.8928,444,30660,0.838544,0.13,2,615954,615510,444
43090081,41.7789,35.1786,452,30660,0.847709,0.19,2,615996,615544,452
43093001,37.1558,33.4357,455,30660,0.929542,0.35,2,616032,615577,455
43095921,36.2312,35.4871,455,30660,0.945908,0.49,2,616068,615613,455
43183521,35,43,486,32120,0.9,1,2,617427,616941,486
43186441,44.6,38.2,496,32120,0.844,1,2,617474,616978,496
43189361,38.52,37.24,496,32120,0.7848,1,2,617511,617015,496
43192281,55.704,52.248,500,32120,0.66096,1,1,617571,617071,500
43195201,44.7408,66.4496,472,32120,0.588192,1,1,617613,617141,472
43198121,44.9482,37.2899,487,32120,0.541638,1,1,617658,617171,487
43201041,40.9896,43.458,482,32120,0.404328,1,1,617698,617216,482
43203961,64.1979,63.8916,483,32120,0.232866,1,1,617768,617285,483
43206881,42.4396,39.1783,487,32120,0.246573,0.95,1,617805,617318,487
43209801,30.8879,35.8357,480,32120,0.233315,0.96,1,617833,617353,480
43212721,34.9776,38.3671,477,32120,0.230663,0.9,1,617869,617392,477
43215641,29.3955,35.6734,470,32120,0.198133,0.83,1,617897,617427,470
43218561,37.0791,44.7347,462,32120,0.223627,0.77,1,617936,617474,462
43221481,34.6158,38.5469,459,32120,0.228725,0.63,1,617970,617511,459
43224401,49.3232,55.7094,452,32120,0.277745,0.57,1,618023,617571,452
43227321,39.4646,44.7419,447,32120,0.303549,0.53,1,618060,617613,447
43230241,40.6929,44.9484,443,32120,0.45271,0.37,1,618101,617658,443
43233161,38.5386,40.9897,441,32120,0.610542,0.19,1,618139,617698,441
43236081,56.5077,64.1979,432,32120,0.834108,0.25,2,618200,617768,432
43323681,36,62,509,36500,0.81,1,2,619461,618952,509
43326601,48,41.2,524,36500,0.506,1,1,619512,618988,524
43329521,39.2,45.84,514,36500,0.3812,1,1,619549,619035,514
43332441,67.04,50.768,536,37960,0.14824,1,1,619623,619087,536
43335361,41.408,64.5536,503,37960,0.037648,1,1,619658,619155,503
43338281,41.0816,52.9107,494,37960,0.0155296,1,1,619699,619205,494
43341201,43.4163,38.5821,503,37960,0.00310592,1,1,619743,619240,503
43344121,31.8833,34.9164,498,39420,0.000621184,1,1,619772,619274,498
43347041,22.3767,38.1833,479,39420,0.0241242,1,1,619792,619313,479
43349961,34.8753,39.6367,477,39420,0.0608248,1,1,619830,619353,477
43352881,27.7751,7.92733,503,39420,0.036165,0.94,1,619856,619353,503
43355801,31.955,29.5855,501,40880,0.015233,0.87,1,619889,619388,501
43358721,30.391,35.5171,494,40880,0.0750466,0.81,1,619919,619425,494
43361641,33.2782,35.9034,492,40880,0.103009,0.43,1,619953,619461,492
43364561,31.4556,47.9807,472,40880,0.124602,0.35,1,619984,619512,472
43367481,7.89113,39.1961,437,40880,0.16092,0.09,1,619986,619549,437
43370401,48.7782,67.0392,422,42340,0.248184,0.01,1,620045,619623,422
43373321,37.7556,41.4078,422,42340,0.329637,0.01,1,620080,619658,422
43376241,41.1511,41.0816,423,42340,0.297927,0,1,620122,619699,423
43379161,42.6302,43.4163,422,42340,0.323585,0,1,620165,619743,422
43382081,30.926,8.68326,450,42340,0.376717,0,1,620193,619743,450
43385001,22.1852,24.9367,441,42340,0.291343,0.03,1,620213,619772,441
43387921,36.437,20.9873,461,42340,0.434269,0.07,1,620253,619792,461
43390841,27.2874,34.5975,448,43800,0.478854,0.03,1,620278,619830,448
43393761,7.05748,27.7195,424,43800,0.455771,0.01,1,620280,619856,424
43396681,26.2115,31.9439,422,43800,0.643154,0.09,1,620311,619889,422
43399601,34.0423,30.3888,428,43800,0.632631,0.11,1,620347,619919,428
43402521,33.2085,33.2778,427,43800,0.662526,0.13,1,620380,619953,427
43405441,33.0417,31.4556,429,43800,0.732505,0.17,1,620413,619984,429
43408361,8.20834,7.89111,429,45260,0.786501,0.17,2,620415,619986,429
43411281,52.8417,1.57822,493,45260,0.8213,0.27,2,620479,619986,493
43414201,38.5683,47.5156,469,45260,0.82826,0.35,2,620514,620045,469
43417121,40.5137,37.5031,475,45260,0.893652,0.29,2,620555,620080,475
43420041,44.9027,41.1006,479,46720,0.92273,0.33,2,620601,620122,479
43567501,42,46,456,46720,0.51,0.79,1,622473,622017,456
43573341,52.4,51.6,458,46720,0.558,0.73,1,622528,622070,458
43582101,38.48,40.72,455,46720,0.5036,0.59,1,622563,622108,455
43585021,64.496,73.744,444,46720,0.50872,0.47,1,622634,622190,444
43590861,27.2992,25.9488,448,46720,0.557744,0.51,1,622652,622204,448
43628821,14.2598,16.3898,445,46720,0.615549,0.51,1,622663,622218,445
43631741,6.05197,5.67795,446,48180,0.59511,0.57,1,622667,622221,446
43634661,14.0104,3.53559,459,49640,0.623022,0.49,1,622683,622224,459
43637581,12.4021,13.5071,455,51100,0.692604,0.45,1,622695,622240,455
43640501,17.6804,21.1014,451,52560,0.738521,0.41,1,622714,622263,451
43643421,25.9361,30.6203,446,52560,0.779704,0.41,2,622742,622296,446
43646341,17.9872,10.9241,456,52560,0.915941,0.45,2,622758,622302,456
43649261,5.19744,14.9848,442,52560,0.943188,0.43,2,622760,622318,442
43652181,39.4395,30.197,456,52560,0.836638,0.43,2,622808,622352,456
43655101,34.2879,35.6394,452,54020,0.815328,0.43,2,622841,622389,452
43658021,44.4576,40.7279,457,54020,0.827066,0.51,2,622888,622431,457
43660941,53.6915,41.7456,471,54020,0.829413,0.57,2,622944,622473,471
43663861,45.9383,52.3491,460,54020,0.797883,0.49,2,622988,622528,460
43666781,31.5877,38.4698,453,54020,0.871577,0.51,2,623016,622563,453
43931041,2,0,457,8760,0.25,0.25,1,627188,626731,457
44109161,31,18,459,21900,0.69,0.57,1,631180,630721,459
44164641,41,53,514,24820,0.79,1,2,632426,631912,514
44167561,71.4,46.6,548,24820,0.55,1,1,632505,631957,548
44170481,49.48,74.92,510,24820,0.406,1,1,632549,632039,510
44173401,40.296,45.384,510,24820,0.2972,1,1,632587,632077,510
44176321,32.0592,33.0768,510,24820,0.25944,1,1,632617,632107,510
44179241,32.8118,35.4154,507,24820,0.187888,1,1,632650,632143,507
44182161,136.162,36.6831,632,24820,0.157578,0.78,1,632812,632180,632
44185081,54.4325,140.137,500,24820,0.151516,0.89,1,632846,632346,500
44188001,40.4865,59.2273,498,24820,0.214303,0.79,1,632883,632385,498
44190921,60.0973,44.6455,522,24820,0.290861,0.49,1,632948,632426,522
44193841,43.2195,72.1291,482,24820,0.370172,0.37,1,632987,632505,482
44196761,36.6439,49.6258,473,24820,0.466034,0.27,1,633022,632549,473
44199681,28.9288,40.3252,462,24820,0.533207,0.25,1,633049,632587,462
44202601,31.3858,32.065,464,24820,0.674641,0.17,1,633081,632617,464
44281441,37,38,490,29200,0.35,1,1,634728,634238,490
44284361,41.8,33.2,501,29200,0.334,1,1,634771,634270,501
44287281,40.36,43.44,495,29200,0.2508,1,1,634811,634316,495
44290201,32.872,43.088,483,30660,0.21816,1,1,634842,634359,483
44293121,45.7744,8.6176,532,30660,0.211632,0.99,1,634891,634359,532
44296041,30.7549,46.5235,503,30660,0.258326,1,1,634918,634415,503
44298961,40.551,34.9047,514,30660,0.315665,1,1,634961,634447,514
44301881,29.7102,42.9809,496,32120,0.343133,0.75,1,634988,634492,496
44304801,125.142,35.7962,611,32120,0.412627,0.47,1,635137,634526,611
44307721,26.6284,139.159,448,33580,0.442525,0.35,1,635139,634691,448
44310641,29.3257,57.4318,441,33580,0.592505,0.33,1,635169,634728,441
44313561,37.0651,45.8864,437,33580,0.718501,0.23,1,635208,634771,437
44316481,34.613,41.1773,431,33580,0.7437,0.23,1,635242,634811,431
44319401,30.9226,8.23545,461,33580,0.79674,0.21,2,635272,634811,461
44574901,83,66,462,29200,0.65,0.17,1,638908,638446,462
44577821,55,67.6,442,30660,0.666,0.01,1,638956,638514,442
44580741,83,82.32,446,30660,0.8452,0.09,2,639046,638600,446
44696081,137,50,548,24820,0.43,0.17,1,640923,640375,548
44699001,53.8,119.6,444,26280,0.462,0.17,1,640956,640512,444
44701921,33.96,51.92,438,27740,0.5484,0.05,1,640985,640547,438
44704841,29.192,43.984,424,29200,0.66168,0.01,1,641013,640589,424
44707761,28.2384,27.1968,429,30660,0.700336,0.01,1,641041,640612,429
44710681,24.0477,20.6394,433,30660,0.708067,0.01,1,641064,640631,433
44713601,61.6095,28.9279,473,30660,0.709613,0.01,1,641135,640662,473
44716521,77.1219,63.3856,482,30660,0.853923,0.17,2,641216,640734,482
44837701,66,87,483,26280,0.49,0.95,1,643121,642638,483
44840621,138,144.6,480,27740,0.682,0.71,1,643277,642797,480
44843541,73.2,80.92,472,29200,0.8644,0.67,2,643334,642862,472
44913621,33,26,524,33580,0.73,1,1,644411,643887,524
44915081,35.4,33.2,525,33580,0.602,1,1,644447,643922,525
44926761,394.28,456.24,447,23360,0.3044,0.05,1,644931,644484,447
44955961,244.456,272.048,428,23360,0.78888,0.07,2,645138,644710,428
45062541,208,126,550,23360,0.87,0.55,2,647099,646549,550
45144301,33,28,498,26280,0.65,1,1,648613,648115,498
45147221,25.8,27.2,495,26280,0.586,1,1,648637,648142,495
45150141,17.96,24.64,487,26280,0.5892,0.98,1,648653,648166,487
45153061,27.592,26.528,490,26280,0.58984,1,1,648683,648193,490
45155981,33.5184,34.9056,488,26280,0.589968,1,1,648718,648230,488
45158901,53.9037,55.7811,486,26280,0.685994,0.98,1,648777,648291,486
45161821,37.9807,40.7562,483,26280,0.641199,0.79,1,648811,648328,483
45237741,41,61,496,29200,0.71,1,1,650207,649711,496
45240661,38.6,45.8,492,29200,0.646,1,1,650245,649753,492
45243581,168.52,9.16,693,29200,0.3452,1,1,650446,649753,693
45246501,73.704,182.632,517,30660,0.31704,1,1,650496,649979,517
45249421,37.1408,66.1264,508,30660,0.295408,0.92,1,650524,650016,508
45252341,23.4282,38.0253,497,30660,0.307082,1,1,650544,650047,497
45255261,29.4856,25.2051,506,30660,0.213416,0.99,1,650575,650069,506
45258181,9.09713,33.841,474,32120,0.210683,0.93,1,650579,650105,474
45261101,21.8194,33.1682,466,32120,0.258137,0.81,1,650604,650138,466
45264021,22.7639,29.0336,461,32120,0.283627,0.71,1,650627,650166,461
