#Ack,ack_ewma(ms),send_ewma(ms),rtt_ratio,cwnd (Bytes),Last Router Ocupation Ack Arriaval(Packets),Last Router Ocupation Packet Sent(Packets),Network Situation,AckArrival(ms),TSInsideAck(ms),RTTAck(ms)
4381,2,0,461,16060,0.82,0.69,2,120927,120466,461
7301,2,0,463,18980,0.812,0.69,2,120929,120466,463
10221,2,0,465,21900,0.8264,0.69,2,120931,120466,465
13141,2,0,467,24820,0.82928,0.69,2,120933,120466,467
14601,161.2,0,668,27740,0.685856,0.82,1,121134,120466,668
223601,104,125,425,65700,0.43,0.53,1,123006,122581,425
225061,196.8,44.2,621,75920,0.526,0.53,1,123226,122605,621
227981,84.96,174.44,471,77380,0.5932,0.53,1,123283,122812,471
230901,25.792,48.488,465,78840,0.63864,0.53,1,123294,122829,465
233821,11.5584,24.8976,454,80300,0.647728,0.53,1,123302,122848,454
236741,11.1117,13.7795,454,80300,0.745546,0.53,1,123313,122859,454
239661,20.6223,25.1559,449,81760,0.829109,0.55,2,123336,122887,449
242581,9.72447,9.83118,450,81760,0.829822,0.53,2,123343,122893,450
245501,6.74489,9.16624,447,81760,0.861964,0.53,2,123349,122902,447
248421,2.94898,1.83325,449,81760,0.868393,0.53,2,123351,122902,449
251341,2.1898,0.366649,451,83220,0.869679,0.53,2,123353,122902,451
254261,2.03796,0.0733299,453,83220,0.901936,0.53,2,123355,122902,453
257181,2.00759,0.014666,455,83220,0.876387,0.53,2,123357,122902,455
260001,2.00152,0.00293319,457,83220,0.871277,0.43,2,123359,122902,457
262921,66.8003,83.2006,436,84680,0.790255,0.43,2,123442,123006,436
265841,14.9601,16.6401,438,84680,0.774051,0.43,2,123444,123006,438
268761,4.59201,3.32802,440,84680,0.77081,0.43,2,123446,123006,440
271681,2.5184,0.665605,442,84680,0.770162,0.43,2,123448,123006,442
274601,2.10368,0.133121,444,84680,0.786032,0.43,2,123450,123006,444
277521,2.02074,0.0266242,446,86140,0.757206,0.43,2,123452,123006,446
280441,2.00415,0.00532484,448,86140,0.751441,0.43,2,123454,123006,448
283361,2.00083,0.00106497,450,86140,0.750288,0.55,2,123456,123006,450
631281,25,35,458,70520,0.26,0.43,1,125400,124942,458
634201,288.2,299.8,446,73000,0.188,0.43,1,125754,125308,446
637121,66.44,67.16,448,74460,0.2056,0.43,1,125765,125317,448
640041,18.888,22.232,444,75920,0.16112,0.39,1,125772,125328,444
642961,8.5776,10.0464,443,77380,0.200224,0.39,1,125778,125335,443
645881,12.1155,7.60928,449,78840,0.240045,0.35,1,125791,125342,449
648801,12.0231,12.7219,447,78840,0.280009,0.31,1,125803,125356,447
651721,10.4046,17.7444,438,78840,0.288002,0.31,1,125813,125375,438
654641,3.68092,3.54887,440,78840,0.3216,0.29,1,125815,125375,440
657561,6.33618,5.50977,441,78840,0.31232,0.37,1,125822,125381,441
660481,7.66724,6.70195,442,78840,0.278464,0.26,1,125830,125388,442
663401,3.13345,10.9404,432,78840,0.255693,0.26,1,125832,125400,432
666321,2.22669,2.18808,434,78840,0.251139,0.26,1,125834,125400,434
669241,2.04534,0.437616,436,78840,0.250228,0.26,1,125836,125400,436
672161,2.00907,0.0875231,438,80300,0.250046,0.26,1,125838,125400,438
675081,2.00181,0.0175046,440,80300,0.250009,0.26,1,125840,125400,440
678001,2.00036,0.00350092,442,80300,0.250002,0.26,1,125842,125400,442
680921,2.00007,0.000700185,444,80300,0.25,0.26,1,125844,125400,444
683841,2.00001,0.000140037,446,80300,0.25,0.26,1,125846,125400,446
686761,2,2.80074e-05,448,80300,0.266,0.26,1,125848,125400,448
688481,1.2,5.60148e-06,449,80300,0.2852,0.59,1,125849,125400,449
691401,7.44,8,448,80300,0.27304,0.59,1,125858,125410,448
694321,3.888,1.6,451,80300,0.334608,0.59,1,125861,125410,451
697241,2.3776,0.32,453,80300,0.346922,0.59,1,125863,125410,453
700161,2.07552,0.064,455,80300,0.349384,0.59,1,125865,125410,455
703081,2.0151,0.0128,457,80300,0.317877,0.17,1,125867,125410,457
706001,254.003,275.203,430,80300,0.423575,0.17,1,126184,125754,430
708921,58.8006,55.0405,440,81760,0.444715,0.21,1,126194,125754,440
711841,13.3601,19.8081,431,81760,0.464943,0.15,1,126196,125765,431
714761,9.07202,9.56162,432,81760,0.468989,0.15,1,126204,125772,432
717681,5.8144,1.91232,437,81760,0.501798,0.21,1,126209,125772,437
720601,2.76288,5.18246,433,81760,0.50836,0.25,1,126211,125778,433
723521,11.7526,11.4365,434,81760,0.509672,0.29,1,126225,125791,434
726441,13.5505,11.8873,436,81760,0.477934,0.29,1,126239,125803,436
729361,10.7101,10.3775,436,81760,0.503587,0.33,1,126249,125813,436
732281,3.74202,3.67549,436,81760,0.508717,0.31,1,126251,125815,436
735201,4.7484,6.3351,434,81760,0.525743,0.27,1,126256,125822,434
738121,7.34968,7.66702,434,81760,0.529149,0.25,1,126264,125830,434
741041,3.06994,3.1334,434,83220,0.52983,0.25,1,126266,125832,434
743961,2.21399,2.22668,434,83220,0.529966,0.25,1,126268,125834,434
746881,2.0428,2.04534,434,83220,0.529993,0.25,1,126270,125836,434
749801,2.00856,0.409067,436,83220,0.529999,0.25,1,126272,125836,436
752721,2.00171,1.68181,436,83220,0.53,0.25,1,126274,125838,436
755641,2.00034,1.93636,436,83220,0.546,0.25,1,126276,125840,436
758561,2.00007,1.98727,436,83220,0.5492,0.25,1,126278,125842,436
761481,2.00001,1.99745,436,83220,0.54984,0.25,1,126280,125844,436
764401,2,1.99949,436,83220,0.549968,0.27,1,126282,125846,436
767321,2,1.9999,436,83220,0.549994,0.29,1,126284,125848,436
770241,8.4,1.19998,445,83220,0.549999,0.27,1,126294,125849,445
773161,4.08,7.44,439,83220,0.534,0.35,1,126297,125858,439
776081,2.416,3.888,438,83220,0.5468,0.35,1,126299,125861,438
779001,2.0832,2.3776,438,83220,0.56536,0.35,1,126301,125863,438
781921,2.01664,2.07552,438,83220,0.569072,0.31,1,126303,125865,438
783381,161.203,2.0151,637,83220,0.745814,0.45,1,126504,125867,637
786301,131.441,254.003,444,83220,0.877163,0.45,2,126628,126184,444
789221,34.2881,50.8006,454,84680,0.903433,0.45,2,126638,126184,454
792141,8.45763,18.1601,446,84680,0.924686,0.47,2,126640,126194,446
1098741,23,6,490,61320,0.23,1,1,128280,127790,490
1101661,158.2,20.4,658,62780,0.15,0.33,1,128472,127814,658
1104581,48.44,184.88,453,64240,0.118,0.29,1,128493,128040,453
1107501,19.288,56.176,441,65700,0.0956,0.21,1,128505,128064,441
1110421,20.6576,23.2352,447,67160,0.04312,0.07,1,128526,128079,447
1110721,12.1315,27.047,429,68620,0.048624,0.03,1,128536,128107,429
1112801,15.2263,19.8094,427,68620,0.0337248,0,1,128552,128125,427
1115721,49.4453,51.1619,426,70080,0.214745,0.01,1,128610,128184,426
1118641,16.2891,17.4324,425,71540,0.138949,0,1,128618,128193,425
1121561,4.85781,6.68648,423,73000,0.23579,0.03,1,128620,128197,423
1124481,2.57156,2.93729,423,73000,0.327158,0.01,1,128622,128199,423
1127401,2.91431,2.18746,424,74460,0.297432,0.03,1,128625,128201,424
1130321,12.5829,8.43749,429,74460,0.339486,0.03,1,128640,128211,429
1133241,14.5166,13.6875,429,74460,0.283897,0.03,1,128655,128226,429
1136161,14.9033,14.7375,429,74460,0.208779,0,1,128670,128241,429
1139081,10.1807,15.7475,422,74460,0.129756,0,1,128679,128257,422
1142001,3.63613,3.1495,424,74460,0.145951,0,1,128681,128257,424
1144921,2.32723,0.6299,426,74460,0.11719,0,1,128683,128257,426
1147841,2.06545,0.12598,428,74460,0.079438,0,1,128685,128257,428
1150761,2.01309,0.025196,430,74460,0.0718876,0,1,128687,128257,430
1153361,2.00262,0.0050392,432,74460,0.0383775,0.03,1,128689,128257,432
1156281,6.00052,6.40101,431,74460,0.0476755,0.23,1,128696,128265,431
1159201,12.4001,13.2802,430,74460,0.0495351,0.23,1,128710,128280,430
1162121,153.68,2.65604,619,74460,0.033907,0.13,1,128899,128280,619
1165041,32.336,154.131,429,75920,0.0307814,0.11,1,128901,128472,429
1167961,20.0672,47.6262,425,75920,0.0621563,0.11,1,128918,128493,425
1170881,11.2134,9.52525,434,75920,0.100431,0.09,1,128927,128493,434
1173801,3.84269,11.505,424,75920,0.108086,0.03,1,128929,128505,424
1176721,17.5685,19.101,424,75920,0.173617,0.03,1,128950,128526,424
1179641,22.7137,3.8202,448,75920,0.202723,0.03,1,128974,128526,448
1182561,6.14274,21.564,424,75920,0.176545,0.26,1,128976,128552,424
1185481,56.4285,50.7128,435,75920,0.0433089,0.26,1,129045,128610,435
1188401,16.8857,10.1426,442,75920,0.0486618,0.12,1,129052,128610,442
1191321,4.97714,8.42851,436,75920,0.0497324,0.26,1,129054,128618,436
1194241,2.59543,3.2857,436,75920,0.0499465,0.35,1,129056,128620,436
1197161,2.11909,2.25714,436,75920,0.0179893,0.35,1,129058,128622,436
1200081,4.42382,0.451428,441,75920,0.0435979,0.29,1,129063,128622,441
1203001,10.4848,2.49029,450,77380,0.0327196,0.35,1,129075,128625,450
1205921,10.897,12.4981,446,77380,0.0785439,0.27,1,129086,128640,446
1208841,10.9794,14.4996,442,77380,0.0717088,0.19,1,129097,128655,442
1211761,5.39588,14.8999,431,77380,0.0383418,0.11,1,129101,128670,431
1214681,2.67918,10.18,424,77380,0.0636683,0.15,1,129103,128679,424
1217601,2.13584,3.636,424,77380,0.0687337,0.11,1,129105,128681,424
1220521,2.02717,2.3272,424,77380,0.0697467,0.07,1,129107,128683,424
1223441,2.00543,2.06544,424,77380,0.0699493,0.07,1,129109,128685,424
1226361,2.00109,2.01309,424,77380,0.0699899,0.03,1,129111,128687,424
1229281,6.80022,2.00262,430,77380,0.069998,0.05,1,129119,128689,430
1232201,10.96,6.00052,435,77380,0.0939996,0.05,1,129131,128696,435
1235121,153.392,12.4001,610,77380,0.0587999,0.03,1,129320,128710,610
1238041,32.2784,153.68,423,78840,0.05176,0.03,1,129322,128899,423
1240961,8.05568,32.336,423,78840,0.098352,0.07,1,129324,128901,423
1243881,17.6111,20.0672,426,78840,0.12367,0.11,1,129344,128918,426
1246801,10.7222,11.2134,426,78840,0.112734,0.11,1,129353,128927,426
1249721,3.74445,3.84269,426,78840,0.110547,0.19,1,129355,128929,426
1252641,20.7489,17.5685,430,78840,0.0941094,0.21,1,129380,128950,430
1255561,21.7498,22.7137,428,78840,0.122822,0.17,1,129402,128974,428
1258481,5.94996,6.14274,428,78840,0.128564,0.01,1,129404,128976,428
1261401,52.39,56.4285,423,78840,0.0337129,0.05,1,129468,129045,423
1264321,16.078,16.8857,423,80300,0.0307426,0.05,1,129475,129052,423
1267241,4.8156,4.97714,423,80300,0.0301485,0.05,1,129477,129054,423
1270161,2.56312,2.59543,423,80300,0.0460297,0.01,1,129479,129056,423
1273081,2.11262,2.11909,423,80300,0.0492059,0.05,1,129481,129058,423
1276001,3.62252,4.42382,422,80300,0.0178412,0.05,1,129485,129063,422
1278921,11.9245,0.884763,436,80300,0.0275682,0.03,1,129499,129063,436
1281841,10.3849,9.77695,434,80300,0.0295136,0.09,1,129509,129075,434
1284761,11.677,10.7554,435,80300,0.0299027,0.07,1,129521,129086,435
1287681,5.5354,10.9511,428,80300,0.0299805,0.03,1,129525,129097,428
1290601,2.70708,5.39022,426,80300,0.0299961,0.07,1,129527,129101,426
1293521,2.14142,2.67804,426,81760,0.0299992,0.07,1,129529,129103,426
1296441,2.02828,2.13561,426,81760,0.0299998,0.07,1,129531,129105,426
1299361,2.00566,2.02712,426,81760,0.03,0.07,1,129533,129107,426
1302281,2.00113,2.00542,426,81760,0.03,0.07,1,129535,129109,426
1305201,7.60023,2.00108,433,81760,0.062,0.07,1,129544,129111,433
1308121,8.72005,6.80022,434,81760,0.0524,0.1,1,129553,129119,434
1311041,154.544,10.96,613,81760,0.06648,0.05,1,129744,129131,613
1313961,32.5088,153.392,426,81760,0.069296,0.05,1,129746,129320,426
1316881,8.10176,32.2784,426,81760,0.0858592,0.11,1,129748,129322,426
1319801,3.22035,8.05568,426,81760,0.0891718,0.13,1,129750,129324,426
1322721,16.6441,17.6111,426,81760,0.105834,0.11,1,129770,129344,426
1325641,11.3288,10.7222,427,81760,0.109167,0.11,1,129780,129353,427
1328561,3.86576,3.74445,427,81760,0.141833,0.09,1,129782,129355,427
1331481,18.3732,20.7489,424,81760,0.148367,0.13,1,129804,129380,424
1334401,23.6746,21.7498,427,83220,0.197673,0.13,1,129829,129402,427
1337321,6.33493,5.94996,427,83220,0.207535,0.01,1,129831,129404,427
1340241,48.467,52.39,422,83220,0.129507,0.01,1,129890,129468,422
1343161,14.4934,10.478,428,83220,0.129901,0.03,1,129896,129468,428
1346081,4.49868,7.6956,423,83220,0.12998,0.03,1,129898,129475,423
1349001,2.49974,3.13912,423,83220,0.0979961,0.05,1,129900,129477,423
1351921,2.09995,2.22782,423,83220,0.0915992,0.05,1,129902,129479,423
1354841,4.41999,2.04556,426,83220,0.12232,0.01,1,129907,129481,426
1357761,12.084,3.60911,436,83220,0.112464,0.03,1,129921,129485,436
1360681,10.4168,11.9218,432,83220,0.110493,0.03,1,129931,129499,432
1363601,11.6834,10.3844,434,83220,0.126099,0.03,1,129943,129509,434
1366521,5.53667,11.6769,426,83220,0.12922,0.03,1,129947,129521,426
1369441,2.70733,5.53537,424,83220,0.129844,0.03,1,129949,129525,424
1372361,2.14147,2.70707,424,83220,0.129969,0.03,1,129951,129527,424
1375281,2.02829,2.14141,424,83220,0.129994,0.03,1,129953,129529,424
1378201,2.00566,2.02828,424,83220,0.129999,0.03,1,129955,129531,424
1381121,2.00113,2.00566,424,83220,0.13,0.03,1,129957,129533,424
1384041,2.00023,2.00113,424,83220,0.13,0.07,1,129959,129535,424
1386961,8.40005,7.60023,425,83220,0.13,0.05,1,129969,129544,425
1389881,9.68001,8.72005,426,83220,0.146,0.07,1,129979,129553,426
1392801,154.736,154.544,426,83220,0.1172,0.07,1,130170,129744,426
1395721,32.5472,32.5088,426,84680,0.11144,0.09,1,130172,129746,426
1398641,8.10944,8.10176,426,84680,0.110288,0.09,1,130174,129748,426
1401561,3.22189,3.22035,426,84680,0.0780576,0.11,1,130176,129750,426
1404481,17.4444,16.6441,427,84680,0.151612,0.11,1,130197,129770,427
1407401,11.4889,11.3288,427,84680,0.182322,0.15,1,130207,129780,427
1410321,3.89777,3.86576,427,84680,0.188464,0.15,1,130209,129782,427
1413241,19.1796,18.3732,428,84680,0.221693,0.15,1,130232,129804,428
1416161,26.2359,3.67463,456,84680,0.196339,0.21,1,130260,129804,456
1419081,6.84718,20.7349,433,84680,0.191268,0.21,1,130262,129829,433
1422001,43.7694,5.74698,484,84680,0.254254,0.11,1,130315,129831,484
1424921,14.3539,48.3494,432,84680,0.282851,0.13,1,130322,129890,432
1427841,4.47078,14.4699,428,84680,0.28857,0.13,1,130324,129896,428
1430761,2.49416,4.49398,428,84680,0.321714,0.09,1,130326,129898,428
1433681,2.09883,2.4988,428,84680,0.296343,0.09,1,130328,129900,428
1436601,4.41977,2.09976,431,84680,0.307269,0.13,1,130333,129902,431
1439521,12.084,4.41995,440,84680,0.277454,0.11,1,130347,129907,440
1442441,11.2168,12.084,437,84680,0.303491,0.11,1,130358,129921,437
1445361,11.8434,10.4168,439,84680,0.292698,0.13,1,130370,129931,439
1448281,5.56867,11.6834,431,84680,0.29054,0.13,1,130374,129943,431
1451201,2.71373,5.53667,429,84680,0.290108,0.13,1,130376,129947,429
1454121,2.14275,2.70733,429,84680,0.290022,0.13,1,130378,129949,429
1457041,2.02855,2.14147,429,84680,0.290004,0.13,1,130380,129951,429
1459961,2.00571,2.02829,429,86140,0.290001,0.13,1,130382,129953,429
1462881,2.00114,2.00566,429,86140,0.29,0.13,1,130384,129955,429
1465801,2.00023,2.00113,429,86140,0.29,0.13,1,130386,129957,429
1468721,9.20005,2.00023,438,86140,0.322,0.13,1,130397,129959,438
1471641,8.24001,8.40005,436,86140,0.3284,0.15,1,130405,129969,436
1474561,154.448,9.68001,617,86140,0.48968,0.11,1,130596,129979,617
1477481,33.2896,154.736,429,86140,0.537936,0.11,1,130599,130170,429
1480401,8.25792,32.5472,429,86140,0.515587,0.11,1,130601,130172,429
1483321,3.25158,8.10944,429,86140,0.559117,0.07,1,130603,130174,429
1486241,2.25032,3.22189,429,86140,0.567824,0.17,1,130605,130176,429
1489161,18.8501,17.4444,431,86140,0.633565,0.19,1,130628,130197,431
1492081,11.77,11.4889,431,86140,0.630713,0.19,1,130638,130207,431
1495001,3.954,3.89777,431,86140,0.662143,0.23,1,130640,130209,431
1497921,19.1908,19.1796,431,86140,0.620429,0.19,1,130663,130232,431
1500841,27.0382,26.2359,432,86140,0.628086,0.19,1,130692,130260,432
1503761,7.00763,6.84718,432,86140,0.629617,0.27,1,130694,130262,432
1506681,47.8015,43.7694,437,86140,0.645923,0.29,1,130752,130315,437
1509601,14.3603,14.3539,436,86140,0.649185,0.29,1,130758,130322,436
1512521,4.47206,4.47078,436,86140,0.649837,0.33,1,130760,130324,436
1515441,2.49441,2.49416,436,86140,0.649967,0.29,1,130762,130326,436
1518361,2.09888,2.09883,436,86140,0.649993,0.31,1,130764,130328,436
1521281,3.61978,4.41977,435,86140,0.665999,0.27,1,130768,130333,435
1524201,12.724,12.084,436,86140,0.6852,0.31,1,130783,130347,436
1527121,11.3448,11.2168,436,86140,0.72104,0.29,1,130794,130358,436
1530041,11.869,11.8434,436,86140,0.728208,0.29,1,130806,130370,436
1532961,5.57379,5.56867,436,86140,0.729642,0.29,1,130810,130374,436
1535881,2.71476,2.71373,436,86140,0.729928,0.29,1,130812,130376,436
1538801,2.14295,2.14275,436,86140,0.761986,0.29,2,130814,130378,436
1541721,2.02859,2.02855,436,86140,0.736397,0.29,1,130816,130380,436
1544641,2.00572,0.40571,438,86140,0.731279,0.29,1,130818,130380,438
1547561,2.00114,1.68114,438,86140,0.730256,0.29,1,130820,130382,438
1550481,2.00023,1.93623,438,86140,0.730051,0.29,1,130822,130384,438
1553401,10,1.98725,448,86140,0.73001,0.33,1,130834,130386,448
1556321,9.20001,9.19745,446,86140,0.714002,0.33,1,130843,130397,446
1569461,2,2,452,86140,0.93,0.57,2,131055,130603,452
1572381,2,2,452,86140,0.93,0.65,2,131057,130605,452
1855621,252,297,434,57980,0.13,0.41,1,133052,132618,434
1898461,153.6,158.6,439,54393,0.146,0.39,1,133181,132742,439
1901381,41.12,37.32,445,53623,0.2132,0.32,1,133194,132749,445
1904301,25.824,18.664,453,52083,0.11464,0.37,1,133216,132763,453
1907221,35.5648,19.7328,471,50544,0.030928,0.43,1,133254,132783,471
1910141,8.71296,17.5466,456,49004,0.0141856,0.43,1,133256,132800,456
1913061,3.34259,3.50931,458,47465,0.00283712,0.43,1,133258,132800,458
1915981,2.26852,0.701862,460,45925,0.00856742,0.43,1,133260,132800,460
1918901,2.0537,0.140372,462,44385,0.00971348,0.43,1,133262,132800,462
1921821,8.41074,0.0280745,472,42340,0.0019427,0.87,1,133272,132800,472
1924741,9.68215,12.8056,466,42340,0.0243885,0.81,1,133282,132816,466
1927661,64.3364,12.9611,531,42340,0.140878,0.65,1,133360,132829,531
1930581,34.4673,87.3922,452,42340,0.180176,0.63,1,133387,132935,452
1933501,78.8935,41.4784,512,42340,0.332035,0.13,1,133477,132965,512
1936421,17.3787,77.8957,427,42340,0.362407,0.13,1,133479,133052,427
1939341,5.07574,15.5791,429,42340,0.368481,0.13,1,133481,133052,429
1942261,2.61515,3.11583,431,42340,0.385696,0.43,1,133483,133052,431
1945181,33.323,26.2232,440,42340,0.453139,0.35,1,133524,133084,440
1948101,44.2646,13.2446,477,43800,0.514628,0.09,1,133571,133094,477
1951021,31.2529,53.0489,442,45260,0.590926,0.15,1,133599,133157,442
1953941,24.6506,29.8098,441,46720,0.638185,0.09,1,133622,133181,441
1956861,47.3301,33.962,459,48180,0.583637,0.01,1,133675,133216,459
1959781,12.666,38.7924,423,48180,0.540727,0.01,1,133679,133256,423
1962701,5.7332,10.9585,423,48180,0.532146,0,1,133683,133260,423
1965621,18.7466,11.7917,433,48180,0.450429,0.03,1,133705,133272,433
1968541,70.9493,10.3583,507,48180,0.418086,0.17,1,133789,133282,507
1971461,36.5899,64.4717,457,48180,0.475617,0.19,1,133817,133360,457
1974381,89.718,34.4943,533,48180,0.567123,0.37,1,133920,133387,533
1977301,19.5436,78.8989,445,49640,0.585425,0.37,1,133922,133477,445
1980221,5.50872,17.3798,445,49640,0.589085,0.37,1,133924,133479,445
1983141,2.70174,5.07595,445,49640,0.589817,0.39,1,133926,133481,445
1986061,34.1404,2.61519,485,49640,0.653963,0.47,1,133968,133483,485
1988981,8.42807,33.323,446,49640,0.666793,0.53,1,133970,133524,446
1991901,41.6856,44.2646,449,49640,0.717359,0.53,1,134020,133571,449
1994821,32.3371,8.85292,479,49640,0.743472,0.61,1,134050,133571,479
1997741,8.06742,24.1706,453,49640,0.748694,0.65,1,134052,133599,453
2000661,23.2135,23.2341,457,49640,0.765739,0.65,2,134079,133622,457
2003581,39.0427,4.64682,500,49640,0.817148,0.57,2,134122,133622,500
2006501,9.40854,43.3294,449,49640,0.82743,0.53,2,134124,133675,449
2009421,3.48171,11.8659,447,49640,0.829486,0.53,2,134126,133679,447
2012341,15.0963,5.57317,461,49640,0.845897,0.43,2,134144,133683,461
2015261,71.8193,18.7146,525,49640,0.897179,0.41,2,134230,133705,525
2161261,17,13,496,51100,0.71,1,1,135572,135076,496
2164181,57.8,14.6,549,51100,0.59,1,1,135640,135091,549
2167101,28.36,63.72,494,51100,0.446,1,1,135661,135167,494
2170021,95.272,45.544,565,51100,0.2332,1,1,135773,135208,565
2172941,41.4544,96.3088,484,51100,0.23864,1,1,135801,135317,484
2175861,38.6909,32.0618,506,51100,0.231728,1,1,135839,135333,506
2178781,18.1382,20.0124,502,51100,0.278346,1,1,135852,135350,502
2181701,16.4276,16.0025,503,51100,0.303669,1,1,135868,135365,503
2184621,19.2855,16.0005,507,51100,0.452734,1,1,135888,135381,507
2187541,17.4571,12.8001,512,51100,0.578547,1,1,135905,135393,512
2190461,13.8914,11.36,514,51100,0.555709,1,1,135918,135404,514
2193381,5.97828,16.672,500,51100,0.567142,1,1,135922,135422,500
2196301,13.9957,17.7344,498,51100,0.537428,1,1,135938,135440,498
2199221,20.3991,19.5469,500,51100,0.563486,1,1,135960,135460,500
2202141,28.8798,26.3094,503,51100,0.584697,0.93,1,135991,135488,503
2205061,12.976,35.6619,474,51100,0.604939,0.89,1,136000,135526,474
2207981,14.5952,17.5324,476,51100,0.656988,0.79,1,136015,135539,476
2210901,14.919,16.3065,475,51100,0.899398,0.71,2,136030,135555,475
2228421,15,38,446,51100,0.77,0.29,2,136285,135839,446
2231341,16.6,18,450,51100,0.722,0.31,1,136302,135852,450
2234261,27.32,16.4,464,51100,0.7444,0.49,1,136332,135868,464
2237181,21.464,19.28,464,51100,0.74888,0.61,1,136352,135888,464
2240101,15.4928,17.456,461,51100,0.749776,0.55,1,136366,135905,461
2243021,6.29856,13.8912,452,51100,0.749955,0.57,1,136370,135918,452
2245941,15.6597,5.97824,466,51100,0.733991,0.53,1,136388,135922,466
2248861,22.3319,13.9956,474,51100,0.746798,0.57,1,136412,135938,474
2251781,27.6664,20.3991,481,51100,0.79736,0.59,2,136441,135960,481
2254701,14.3333,28.8798,461,51100,0.839472,0.61,2,136452,135991,461
2257621,16.4667,12.976,469,51100,0.831894,0.67,2,136469,136000,469
2260541,27.2933,14.5952,484,51100,0.830379,0.96,2,136499,136015,484
2263461,51.0587,14.919,526,51100,0.942076,1,2,136556,136030,526
2266381,34.2117,47.7838,500,51100,0.948415,0.97,2,136586,136086,500
2426981,78,96,470,58400,0.67,1,1,138098,137628,470
2429901,43.6,35.2,485,59860,0.606,1,1,138133,137648,485
2432821,32.72,28.64,488,59860,0.5532,1,1,138163,137675,488
2435741,20.944,17.728,491,61320,0.55064,1,1,138181,137690,491
2438661,20.9888,20.3456,491,61320,0.518128,1,1,138202,137711,491
2441581,27.3978,31.2691,486,61320,0.431626,1,1,138231,137745,486
2444501,20.6796,6.25382,505,61320,0.334325,1,1,138250,137745,505
2447421,20.1359,14.8508,508,61320,0.266865,1,1,138270,137762,508
2450341,16.0272,18.9702,503,61320,0.293373,1,1,138285,137782,503
2453261,16.8054,15.794,505,62780,0.266675,1,1,138302,137797,505
2456181,17.7611,14.3588,509,62780,0.173335,1,1,138320,137811,509
2457641,16.3522,15.6718,509,62780,0.122667,1,1,138336,137827,509
2523341,359.27,423.134,429,43800,0.336533,0.17,1,138781,138352,429
2526261,89.4541,91.8269,442,45260,0.395307,0.19,1,138803,138361,442
2529181,41.8908,32.7654,454,46720,0.471061,0.15,1,138833,138379,454
2532101,60.3782,52.1531,462,48180,0.470212,0.21,1,138898,138436,462
2535021,24.8756,37.6306,444,49640,0.454042,0.03,1,138914,138470,444
2537941,53.7751,71.5261,425,51100,0.658808,0.03,1,138975,138550,425
2540861,62.755,37.5052,461,52560,0.827762,0.23,2,139040,138579,461
2543781,33.351,31.501,457,54020,0.861552,0.35,2,139066,138609,457
2546701,17.0702,22.3002,450,54020,0.86831,0.25,2,139079,138629,450
2549621,38.614,38.06,452,54020,0.901662,0.29,2,139123,138671,452
2751101,38,47,474,45260,0.09,0.83,1,140805,140331,474
2754021,29.2,33.4,471,46720,0.186,0.75,1,140832,140361,471
2756941,20.24,27.48,463,46720,0.1572,0.58,1,140850,140387,463
2759861,68.048,63.896,470,46720,0.23144,0.7,1,140930,140460,470
2762781,27.2096,37.5792,456,46720,0.214288,0.45,1,140947,140491,456
2765701,41.4419,43.5158,456,46720,0.402858,0.23,1,140992,140536,456
2768621,24.2884,40.7032,436,46720,0.440572,0.07,1,141012,140576,436
2771541,33.6577,32.9406,441,46720,0.560114,0.11,1,141048,140607,441
2774461,27.5315,32.1881,435,46720,0.440023,0.03,1,141074,140639,435
2777381,22.3063,24.8376,433,48180,0.320005,0.03,1,141095,140662,433
2780301,19.6613,21.7675,431,48180,0.296001,0.03,1,141114,140683,431
2783221,17.5323,18.7535,430,48180,0.3392,0.03,1,141131,140701,430
2786141,15.5065,16.5507,429,48180,0.37984,0.01,1,141146,140717,429
2789061,8.70129,14.5101,422,48180,0.371968,0.17,1,141153,140731,422
2791981,34.5403,31.702,427,48180,0.290394,0.17,1,141194,140767,427
2794901,35.7081,6.34041,463,48180,0.306079,0.09,1,141230,140767,463
2797821,8.74161,31.6681,427,48180,0.309216,0.21,1,141232,140805,427
2800741,27.3483,27.9336,432,48180,0.309843,0.15,1,141264,140832,432
2803661,15.8697,19.9867,427,48180,0.325969,0.25,1,141277,140850,427
2806581,70.3739,67.9973,431,48180,0.681194,0.21,1,141361,140930,431
2809501,42.0748,27.1995,449,48180,0.784239,0.45,2,141396,140947,449
2812421,42.815,41.4399,447,48180,0.900848,0.45,2,141439,140992,447
2815341,29.363,24.288,453,49640,0.90817,0.59,2,141465,141012,453
2818261,32.2726,33.6576,450,49640,0.941634,0.41,2,141498,141048,450
2961341,51,23,510,51100,0.66,1,1,142885,142375,510
2964261,28.6,23,510,51100,0.604,1,1,142908,142398,510
2967181,23.32,21.4,511,51100,0.5688,1,1,142930,142419,511
2970101,23.864,33.08,499,51100,0.52176,1,1,142954,142455,499
2973021,23.1728,22.616,502,51100,0.464352,1,1,142977,142475,502
2975941,35.8346,23.7232,517,51100,0.42087,1,1,143016,142499,517
2978861,20.7669,22.3446,512,51100,0.428174,1,1,143033,142521,512
2981781,22.5534,18.8689,517,51100,0.413635,1,1,143056,142539,517
2984701,22.9107,18.1738,522,51100,0.410727,1,1,143079,142557,522
2987621,18.1821,17.2348,522,51100,0.442145,1,1,143096,142574,522
2990541,18.0364,21.047,518,51100,0.408429,1,1,143114,142596,518
2993461,19.6073,21.8094,516,51100,0.345686,1,1,143134,142618,516
2996381,17.5215,21.1619,512,51100,0.237137,1,1,143151,142639,512
2999301,21.1043,28.2324,504,51100,0.263427,1,1,143173,142669,504
3002221,22.6209,20.8465,508,51100,0.268685,1,1,143196,142688,508
3005141,66.1242,34.5693,547,51100,0.365737,0.85,1,143273,142726,547
3008061,29.2248,74.9139,482,51100,0.337147,0.83,1,143293,142811,482
3010981,41.845,33.3828,504,51100,0.123429,0.66,1,143338,142834,504
3013901,25.169,47.4766,474,51100,0.0486859,0.59,1,143359,142885,474
3016821,21.0338,27.8953,471,51100,0.0657372,0.56,1,143379,142908,471
3019741,21.0068,23.1791,470,51100,0.0851474,0.51,1,143400,142930,470
3022661,22.6014,23.8358,469,51100,0.0250295,0.45,1,143423,142954,469
3025581,31.7203,23.1672,480,51100,0.0290059,0.41,1,143457,142977,480
3028501,19.9441,35.8334,458,51100,0.125801,0.43,1,143474,143016,458
3154061,23,20,509,54020,0.77,1,2,144639,144130,509
3156981,23.8,41.6,486,54020,0.754,1,2,144663,144177,486
3159901,23.96,27.52,486,54020,0.7428,1,1,144687,144201,486
3162821,39.192,27.904,501,54020,0.74856,1,1,144730,144229,501
3165741,30.2384,43.9808,481,54020,0.797712,1,2,144758,144277,481
3192021,18,0,485,56940,0.19,0.93,1,144984,144499,485
3194941,18.8,13.6,487,56940,0.126,0.97,1,145003,144516,487
3197861,21.36,18.72,489,56940,0.1612,0.95,1,145025,144536,489
3200781,24.272,22.144,491,56940,0.05624,0.85,1,145050,144559,491
3203701,23.2544,28.4288,484,56940,0.035248,0.73,1,145073,144589,484
3206621,22.2509,27.2858,479,56940,0.0630496,0.77,1,145095,144616,479
3209541,22.8502,23.8572,479,58400,0.0686099,0.75,1,145118,144639,479
3346781,24,20,519,68620,0.87,1,2,146280,145761,519
3349701,22.4,16.8,525,68620,0.822,1,2,146302,145777,525
3352621,22.08,12.96,535,70080,0.8124,1,2,146324,145789,535
3355541,19.616,20.192,532,70080,0.82648,1,2,146343,145811,532
3357001,18.3232,22.4384,527,70080,0.797296,1,2,146361,145834,527
3430001,387.665,442.088,460,48180,0.327459,0.75,1,146841,146381,460
3432921,103.933,112.418,463,49640,0.201492,0.69,1,146874,146411,463
3435841,33.5866,40.8835,456,51100,0.176298,0.57,1,146890,146434,456
3438761,21.9173,23.3767,456,52560,0.18726,0.59,1,146909,146453,456
3441681,13.9835,12.6753,458,54020,0.189452,0.57,1,146921,146463,458
3444601,29.9967,30.5351,457,55480,0.18989,0.45,1,146955,146498,457
3447521,23.5993,33.307,445,55480,0.141978,0.35,1,146977,146532,445
3450441,19.1199,24.2614,441,55480,0.116396,0.29,1,146995,146554,441
3453361,25.424,29.6523,437,56940,0.559279,0.25,1,147022,146585,437
3456281,66.6848,38.7305,473,56940,0.135856,0.18,1,147099,146626,473
3459201,32.537,46.9461,448,56940,0.0271712,0.03,1,147123,146675,448
3462121,39.3074,46.1892,443,56940,0.109434,0.35,1,147164,146721,443
3465041,36.6615,43.6378,436,56940,0.0458868,0.34,1,147200,146764,436
3467961,24.1323,10.3276,455,56940,0.0171774,0.27,1,147221,146766,455
3470881,18.4265,18.8655,451,58400,0.0434355,0.27,1,147238,146787,451
3473801,14.8853,18.1731,447,58400,0.00868709,0.27,1,147252,146805,447
3476721,10.1771,16.4346,440,58400,0.0257374,0.21,1,147261,146821,440
3479641,10.0354,19.2869,430,58400,0.0771475,0.17,1,147271,146841,430
3482561,25.2071,30.2574,426,58400,0.0714295,0.17,1,147300,146874,426
3485481,18.6414,6.05148,443,58400,0.0862859,0.17,1,147317,146874,443
3488401,5.32828,14.0103,429,58400,0.0892572,0.19,1,147319,146890,429
3491321,14.6657,18.0021,427,59860,0.121851,0.19,1,147336,146909,427
3494241,14.1331,3.60041,441,59860,0.0963703,0.19,1,147350,146909,441
3497161,4.42663,10.3201,431,59860,0.123274,0.19,1,147352,146921,431
3500081,27.2853,29.264,430,59860,0.208655,0.13,1,147385,146955,430
3503001,20.6571,23.4528,427,59860,0.241731,0.11,1,147404,146977,427
3505921,30.5314,19.0906,442,59860,0.296346,0.11,1,147437,146995,442
3508841,30.9063,3.81811,473,59860,0.307269,0.67,1,147468,146995,473
3511761,48.5813,22.3636,499,61320,0.325454,0.03,1,147521,147022,499
3514681,28.9163,66.0727,446,61320,0.265091,0,1,147545,147099,446
3517601,39.3833,32.4145,464,61320,0.173018,0.13,1,147587,147123,464
3520521,35.0767,39.2829,457,61320,0.202604,0.03,1,147621,147164,457
3523441,25.4153,36.6566,444,61320,0.144521,0.01,1,147644,147200,444
3526361,6.68307,24.1313,425,61320,0.132904,0.05,1,147646,147221,425
3529281,13.3366,18.4263,423,62780,0.162581,0,1,147661,147238,423
3532201,14.6673,14.8853,424,62780,0.120516,0.03,1,147676,147252,424
3535121,11.7335,10.1771,426,62780,0.0961032,0.09,1,147687,147261,426
3538041,10.3467,10.0354,426,62780,0.0592206,0.07,1,147697,147271,426
3540961,24.4693,25.2071,425,62780,0.0678441,0.09,1,147725,147300,425
3543881,19.2939,18.6414,426,62780,0.117569,0.09,1,147743,147317,426
3546801,5.45877,5.32828,426,62780,0.0955138,0.09,1,147745,147319,426
3549721,13.8918,1.06566,442,62780,0.107103,0.13,1,147761,147319,442
3552641,16.3784,13.8131,442,62780,0.109421,0.09,1,147778,147336,442
3555561,4.87567,13.9626,430,62780,0.109884,0.13,1,147780,147350,430
3558481,30.5751,4.39253,465,62780,0.173977,0.23,1,147817,147352,465
3561401,22.115,27.2785,452,64240,0.202795,0.25,1,147837,147385,452
3564321,31.623,20.6557,467,64240,0.224559,0.31,1,147871,147404,467
3567241,32.7246,30.5311,467,64240,0.316912,0.31,1,147904,147437,467
3570161,8.14492,30.9062,438,64240,0.327382,0.33,1,147906,147468,438
3573081,44.029,48.5812,438,64240,0.441476,0.25,1,147959,147521,438
3576001,20.0058,28.9162,428,64240,0.432295,0.15,1,147973,147545,428
3578921,39.2012,39.3833,430,64240,0.462459,0.21,1,148017,147587,430
3581841,35.0402,35.0767,430,65700,0.484492,0.13,1,148051,147621,430
3584761,23.808,25.4153,428,65700,0.472898,0.13,1,148072,147644,428
3587681,6.36161,6.68307,428,65700,0.47058,0.13,1,148074,147646,428
3590601,12.4723,1.33661,442,65700,0.438116,0.17,1,148088,147646,442
3593521,12.0945,12.2673,439,65700,0.431623,0.11,1,148100,147661,439
3596441,10.4189,14.4535,434,65700,0.430325,0.09,1,148110,147676,434
3599361,10.0838,11.6907,433,65700,0.430065,0.05,1,148120,147687,433
3602281,26.0168,10.3381,453,65700,0.510013,0.07,1,148150,147697,453
3605201,19.6034,24.4676,443,65700,0.558003,0.13,1,148168,147725,443
3608121,5.52067,19.2935,427,65700,0.567601,0.09,1,148170,147743,427
3611041,15.5041,5.4587,443,65700,0.60152,0.11,1,148188,147745,443
3613961,16.7008,13.8917,444,67160,0.640304,0.11,1,148205,147761,444
3616881,5.74017,16.3783,430,67160,0.632061,0.11,1,148208,147778,430
3619801,32.348,4.87567,467,67160,0.662412,0.19,1,148247,147780,467
3622721,8.06961,30.5751,432,67160,0.668482,0.21,1,148249,147817,432
3625641,17.6139,22.115,432,67160,0.669697,0.23,1,148269,147837,432
3628561,33.1228,31.623,435,67160,0.717939,0.34,1,148306,147871,435
3631481,35.4246,32.7246,438,67160,0.807588,0.33,2,148342,147904,438
3634401,8.68491,8.14492,438,67160,0.825518,0.47,2,148344,147906,438
3637321,48.137,44.029,443,67160,0.813104,0.43,2,148402,147959,443
3640241,20.8274,20.0058,443,67160,0.778621,0.47,2,148416,147973,443
3643161,39.3655,39.2012,443,67160,0.835724,0.47,2,148460,148017,443
3646081,35.0731,7.84023,477,67160,0.879145,0.49,2,148494,148017,477
3649001,23.0146,28.768,463,68620,0.903829,0.47,2,148514,148051,463
3651921,6.20292,22.5536,444,68620,0.908766,0.47,2,148516,148072,444
3654841,12.4406,6.11072,456,68620,0.909753,0.43,2,148530,148074,456
3657761,12.0881,12.4221,454,68620,0.925951,0.43,2,148542,148088,454
3660681,10.4176,12.0844,452,68620,0.92919,0.43,2,148552,148100,452
3663601,10.8835,10.4169,453,68620,0.945838,0.43,2,148563,148110,453
3884061,19,27,480,48180,0.31,1,1,150191,149711,480
3886981,27,15.8,496,49640,0.31,1,1,150220,149724,496
3889901,56.6,21.56,537,51100,0.438,1,1,150284,149747,537
3892821,43.32,68.312,497,52560,0.7676,0.87,2,150324,149827,497
3895741,59.864,44.8624,522,54020,0.67352,0.61,1,150388,149866,522
3898661,27.9728,73.7725,461,55480,0.686704,0.61,1,150408,149947,461
3901581,16.7946,30.7545,455,56940,0.769341,0.53,2,150422,149967,455
3904501,16.1589,20.5509,453,58400,0.849868,0.45,2,150438,149985,453
3907421,15.2318,20.1102,448,59860,0.969974,0.44,2,150453,150005,448
3954141,21,20,459,61320,0.85,0.69,2,150867,150408,459
3957061,15.4,4,473,61320,0.834,0.79,2,150881,150408,473
3959981,4.68,12,461,61320,0.7988,0.87,2,150883,150422,461
3962901,16.936,15.2,465,61320,0.80776,0.87,2,150903,150438,465
3965821,15.3872,3.04,480,61320,0.761552,1,2,150918,150438,480
3968741,24.6774,12.608,492,62780,0.84831,1,2,150945,150453,492
3971661,23.3355,25.7216,486,62780,0.865662,1,2,150968,150482,486
3974581,19.8671,16.3443,491,62780,0.869132,1,2,150987,150496,491
4230081,493,545,463,46720,0.41,0.75,1,152873,152410,463
4233001,117,129,461,48180,0.53,0.64,1,152896,152435,461
4235921,57.8,61.8,459,49640,0.338,0.74,1,152939,152480,459
4238841,38.76,34.76,465,51100,0.3316,0.59,1,152973,152508,465
4241761,27.752,33.352,457,52560,0.60232,0.49,1,152998,152541,457
4244681,32.7504,29.8704,462,52560,0.576464,0.49,1,153032,152570,462
4247601,22.5501,33.1741,448,52560,0.571293,0.43,1,153052,152604,448
4250521,26.91,26.6348,451,52560,0.698259,0.43,1,153080,152629,451
4253441,37.382,30.927,459,52560,0.659652,0.37,1,153120,152661,459
4256361,33.8764,30.1854,462,54020,0.69993,0.21,1,153153,152691,462
4259281,49.9753,53.2371,457,54020,0.803986,0.27,2,153207,152750,457
4262201,26.7951,31.4474,452,54020,0.872797,0.23,2,153228,152776,452
4265121,19.759,26.2895,445,54020,0.918559,0.19,2,153246,152801,445
4268041,13.5518,18.8579,440,54020,0.927712,0.17,2,153258,152818,440
4414041,55,51,486,56940,0.67,1,1,154532,154046,486
4416961,27,18.2,496,56940,0.574,1,1,154552,154056,496
4419881,20.6,3.64,515,56940,0.5068,1,1,154571,154056,515
4422801,30.52,24.728,518,56940,0.41336,1,1,154604,154086,518
4425721,42.904,49.7456,508,56940,0.202672,1,1,154650,154142,508
4428641,25.3808,38.7491,493,56940,0.0405344,1,1,154671,154178,493
4431561,21.0762,24.5498,492,56940,0.00810688,1,1,154691,154199,492
4434481,20.2152,17.71,496,56940,0.00962138,1,1,154711,154215,496
4437401,20.043,17.142,499,56940,0.00992427,1,1,154731,154232,499
4440321,21.6086,17.0284,504,56940,0.00998485,1,1,154753,154249,504
4443241,19.5217,20.2057,502,56940,0.00999697,1,1,154772,154270,502
4446161,17.5043,22.4411,496,56940,0.0259994,1,1,154789,154293,496
4449081,15.5009,18.0882,494,56940,0.0291999,1,1,154804,154310,494
4452001,39.1002,18.0176,521,56940,0.00583998,1,1,154849,154328,521
4454921,20.62,39.6035,492,56940,0.169168,1,1,154865,154373,492
4457841,20.124,23.1207,493,56940,0.153834,1,1,154885,154392,493
4460761,18.4248,23.0241,488,56940,0.0707667,0.93,1,154903,154415,488
4463681,15.685,21.4048,482,56940,0.0701533,0.81,1,154918,154436,482
4466601,19.137,18.681,484,56940,0.118031,0.73,1,154938,154454,484
4469521,40.6274,22.1362,507,56940,0.111606,0.67,1,154984,154477,507
4472441,20.1255,48.4272,467,56940,0.126321,0.55,1,154999,154532,467
4475361,14.4251,25.6854,460,56940,0.0972643,0.49,1,155012,154552,460
4478281,25.285,20.3371,469,56940,0.123453,0.39,1,155040,154571,469
4481201,32.257,30.4674,470,56940,0.160691,0.15,1,155074,154604,470
4484121,20.8514,42.8935,442,56940,0.120138,0,1,155092,154650,442
4487041,20.1703,25.3787,441,56940,0.0800276,0,1,155112,154671,441
4489961,20.0341,21.0757,441,56940,0.0240055,0.01,1,155132,154691,441
4492881,20.8068,20.2151,442,56940,0.0048011,0.01,1,155153,154711,442
4495801,21.7614,20.043,444,56940,0.12096,0.01,1,155175,154731,444
4498721,18.7523,21.6086,440,56940,0.256192,0.01,1,155193,154753,440
4501641,18.1505,19.5217,439,56940,0.267238,0.03,1,155211,154772,439
4504561,14.8301,17.5043,436,56940,0.301448,0.03,1,155225,154789,436
4507481,46.966,15.5009,476,56940,0.20429,0,1,155280,154804,476
4510401,21.3932,39.1002,446,56940,0.0968579,0.21,1,155295,154849,446
4513321,15.4786,20.62,444,56940,0.0753716,0.15,1,155309,154865,444
4516241,16.6957,20.124,441,56940,0.0870743,0.05,1,155326,154885,441
4519161,15.3391,18.4248,438,56940,0.0734149,0.07,1,155341,154903,438
4522081,23.0678,15.685,448,56940,0.022683,0.13,1,155366,154918,448
4525001,41.4136,19.137,474,56940,0.124537,0.11,1,155412,154938,474
4527921,17.8827,40.6274,440,56940,0.160907,0.13,1,155424,154984,440
4530841,17.1765,20.1255,442,56940,0.152181,0.09,1,155441,154999,442
4533761,25.8353,14.4251,457,56940,0.214436,0.13,1,155469,155012,457
4536681,33.1671,25.285,464,56940,0.210887,0.17,1,155504,155040,464
4539601,20.2334,32.257,447,56940,0.226177,0.11,1,155521,155074,447
4542521,13.6467,20.8514,441,56940,0.277235,0.07,1,155533,155092,441
4545441,18.7293,20.1703,441,56940,0.255447,0.01,1,155553,155112,441
4548361,22.1459,20.0341,444,56940,0.0750894,0,1,155576,155132,444
4551281,27.6292,20.8068,452,56940,0.103018,0.15,1,155605,155153,452
4554201,21.5258,21.7614,450,56940,0.0926036,0.29,1,155625,155175,450
4557121,20.3052,18.7523,452,56940,0.0905207,0.27,1,155645,155193,452
4560041,13.661,18.1505,446,56940,0.122104,0.31,1,155657,155211,446
4562961,41.1322,14.8301,480,56940,0.128421,0.18,1,155705,155225,480
4565881,18.6264,46.966,438,56940,0.161684,0.07,1,155718,155280,438
4568801,14.9253,21.3932,437,56940,0.168337,0.07,1,155732,155295,437
4571721,17.3851,15.4786,441,56940,0.153667,0.09,1,155750,155309,441
4574641,15.477,16.6957,439,56940,0.182733,0.07,1,155765,155326,439
4577561,23.8954,15.3391,450,56940,0.220547,0.01,1,155791,155341,450
4580481,44.7791,23.0678,475,56940,0.196109,0.15,1,155841,155366,475
4583401,20.1558,41.4136,443,56940,0.239222,0.17,1,155855,155412,443
4586321,17.6312,17.8827,448,56940,0.247844,0.15,1,155872,155424,448
4589241,23.5262,17.1765,456,56940,0.265569,0.23,1,155897,155441,456
4592161,36.7052,25.8353,468,56940,0.253114,0.21,1,155937,155469,468
4595081,22.541,33.1671,452,56940,0.282623,0.23,1,155956,155504,452
4598001,14.1082,20.2334,447,56940,0.304525,0.29,1,155968,155521,447
4600921,14.0216,13.6467,449,56940,0.356905,0.25,1,155982,155533,449
4603841,16.4043,18.7293,446,56940,0.383381,0.03,1,155999,155553,446
4606761,29.6809,22.1459,456,56940,0.388676,0.11,1,156032,155576,456
4609681,18.7362,27.6292,443,56940,0.405735,0.09,1,156048,155605,443
4612601,22.9472,21.5258,447,56940,0.409147,0.09,1,156072,155625,447
4615521,14.1894,20.3052,439,56940,0.409829,0.13,1,156084,155645,439
4618441,43.6379,13.661,478,56940,0.377966,0.13,1,156135,155657,478
4621361,18.3276,41.1322,442,56940,0.403593,0.17,1,156147,155705,442
4624281,14.8655,18.6264,443,56940,0.408719,0.17,1,156161,155718,443
4627201,18.9731,14.9253,449,56940,0.441744,0.15,1,156181,155732,449
4630121,14.9946,17.3851,445,56940,0.464349,0.19,1,156195,155750,445
4633041,25.3989,15.477,458,56940,0.50087,0.23,1,156223,155765,458
4635961,45.0798,23.8954,482,56940,0.508174,0.19,1,156273,155791,482
4638881,21.816,44.7791,448,56940,0.541635,0.25,1,156289,155841,448
4641801,17.1632,20.1558,450,56940,0.516327,0.25,1,156305,155855,450
4644721,24.2326,17.6312,459,56940,0.511265,0.27,1,156331,155872,459
4647641,36.8465,23.5262,474,56940,0.526253,0.25,1,156371,155897,474
4650561,24.1693,36.7052,455,56940,0.561251,0.29,1,156392,155937,455
4653481,16.0339,22.541,450,56940,0.56825,0.31,1,156406,155956,450
4656401,15.2068,14.1082,453,58400,0.60165,0.37,1,156421,155968,453
4659321,15.8414,14.0216,455,58400,0.62433,0.39,1,156437,155982,455
4662241,31.9683,16.4043,474,58400,0.628866,0.39,1,156473,155999,474
4665161,19.1937,29.6809,457,58400,0.629773,0.41,1,156489,156032,457
4668081,23.0387,18.7362,465,58400,0.645955,0.41,1,156513,156048,465
4671001,14.2077,22.9472,453,58400,0.665191,0.41,1,156525,156072,453
4673921,43.6415,14.1894,492,58400,0.701038,0.37,1,156576,156084,492
4676841,18.3283,43.6379,453,58400,0.708208,0.41,1,156588,156135,453
4679761,14.8657,18.3276,455,58400,0.709642,0.41,1,156602,156147,455
4682681,21.3731,14.8655,464,58400,0.693928,0.45,1,156625,156161,464
4685601,15.4746,18.9731,458,58400,0.690786,0.47,1,156639,156181,458
4688521,27.0949,14.9946,474,58400,0.658157,0.51,1,156669,156195,474
4691441,46.219,25.3989,497,58400,0.667631,0.51,1,156720,156223,497
4694361,21.2438,45.0798,462,58400,0.733526,0.55,1,156735,156273,462
4697281,17.0488,21.816,462,58400,0.746705,0.51,1,156751,156289,462
4700201,24.2098,17.1632,472,58400,0.749341,0.51,1,156777,156305,472
4703121,38.442,24.2326,488,59860,0.781868,0.53,2,156819,156331,488
4706041,25.2884,36.8465,470,59860,0.788374,0.57,2,156841,156371,470
4708961,16.2577,24.1693,463,59860,0.789675,0.57,2,156855,156392,463
4711881,4.85154,16.0339,451,59860,0.789935,0.61,2,156857,156406,451
4714801,14.5703,15.2068,453,59860,0.805987,0.63,2,156874,156421,453
4717721,15.7141,15.8414,453,59860,0.777197,0.63,2,156890,156437,453
4720641,31.9428,31.9683,453,59860,0.819439,0.63,2,156926,156473,453
4723561,19.9886,19.1937,454,59860,0.811888,0.65,2,156943,156489,454
4726481,23.9977,23.0387,455,59860,0.826378,0.67,2,156968,156513,455
4729401,14.3995,14.2077,455,59860,0.845276,0.71,2,156980,156525,455
4732321,45.2799,43.6415,457,59860,0.833055,0.71,2,157033,156576,457
4735241,18.656,18.3283,457,61320,0.894611,0.71,2,157045,156588,457
4738161,14.9312,14.8657,457,61320,0.874922,0.69,2,157059,156602,457
4741081,20.5862,21.3731,456,61320,0.902984,0.69,2,157081,156625,456
4744001,15.3172,15.4746,456,61320,0.908597,0.65,2,157095,156639,456
4746921,25.4634,27.0949,454,61320,0.909719,0.67,2,157123,156669,454
4749841,49.0927,46.219,458,61320,0.893944,0.75,2,157178,156720,458
4752761,22.6185,21.2438,459,61320,0.874789,0.75,2,157194,156735,459
4755681,17.3237,17.0488,459,61320,0.870958,0.75,2,157210,156751,459
4758601,24.2647,24.2098,459,62780,0.886192,0.75,2,157236,156777,459
4761521,39.2529,4.84195,502,62780,0.873238,0.79,2,157279,156777,502
4764441,25.4506,34.5684,482,62780,0.870648,0.79,2,157301,156819,482
4767361,16.2901,24.5137,474,62780,0.870129,0.79,2,157315,156841,474
4770281,4.85802,16.1027,462,62780,0.870026,0.79,2,157317,156855,462
4773201,13.7716,4.82055,476,62780,0.870005,0.81,2,157333,156857,476
4776121,16.3543,14.5641,476,62780,0.870001,0.77,2,157350,156874,476
4779041,32.0709,15.7128,496,62780,0.87,0.83,2,157386,156890,496
4781961,20.8142,31.9426,478,64240,0.886,0.81,2,157404,156926,478
4784881,24.1628,19.9885,486,64240,0.9052,0.83,2,157429,156943,486
4787801,14.4326,23.9977,473,64240,0.90904,0.85,2,157441,156968,473
4790721,46.0865,14.3995,515,64240,0.909808,0.83,2,157495,156980,515
4793641,10.8173,45.2799,464,64240,0.909962,0.91,2,157497,157033,464
4796561,12.5635,18.656,465,64240,0.941992,0.87,2,157510,157045,465
4799481,13.7127,14.9312,465,64240,0.948398,0.91,2,157524,157059,465
5084181,109,108,470,56540,0.41,0.89,1,159898,159428,470
5091481,67.4,74.4,461,56540,0.362,0.84,1,159955,159494,461
5140721,30.28,33.28,459,56540,0.3524,0.76,1,159976,159517,459
5143641,40.456,33.856,468,58400,0.40648,0.73,1,160019,159551,468
5146561,23.2912,24.3712,465,59860,0.441296,0.65,1,160038,159573,465
5149481,21.4582,24.8742,461,61320,0.480259,0.61,1,160059,159598,461
5152401,17.8916,21.7748,457,62780,0.520052,0.57,1,160076,159619,457
5155321,28.3783,29.955,456,64240,0.56001,0.43,1,160107,159651,456
5158241,24.0757,26.791,453,64240,0.648002,0.43,1,160130,159677,453
5161161,28.8151,23.7582,460,64240,0.7776,0.45,2,160160,159700,460
5292561,24,24,472,51100,0.37,0.7,1,161616,161144,472
5310081,32.8,43.2,459,51100,0.338,0.01,1,161651,161192,459
5315921,89.76,122.24,421,51100,0.3636,0.01,1,161755,161334,421
5323221,37.952,44.448,421,51100,0.30472,0.01,1,161780,161359,421
5330521,47.5904,48.8896,421,51100,0.164944,0.07,1,161830,161409,421
5334901,55.9181,53.7779,424,51100,0.0729888,0.07,1,161888,161464,424
5342201,33.5836,31.5556,426,51100,0.0545978,0.29,1,161916,161490,426
5384541,77.1167,67.9111,437,51100,0.13092,0.31,1,162004,161567,437
5387461,33.8233,23.9822,447,52560,0.162184,0.25,1,162027,161580,447
5390381,28.3647,14.3964,462,54020,0.184437,0.35,1,162054,161592,462
5393301,23.2729,27.6793,453,55480,0.188887,0.33,1,162076,161623,453
5396221,25.4546,27.9359,451,55480,0.157777,0.31,1,162102,161651,451
5399141,29.0909,23.9872,458,55480,0.199556,0.35,1,162132,161674,458
5402061,22.6182,26.3974,452,55480,0.127911,0.37,1,162153,161701,452
5404981,33.3236,22.8795,466,55480,0.0975822,0.27,1,162189,161723,466
5407901,25.0647,39.7759,445,55480,0.107516,0.25,1,162212,161767,445
5410821,24.2129,32.7552,438,55480,0.0775033,0.15,1,162236,161798,438
5413741,19.2426,23.351,435,55480,0.135501,0.07,1,162254,161819,435
5416661,26.2485,24.6702,438,56940,0.1151,0.01,1,162282,161844,438
5419581,26.8497,28.934,435,56940,0.07902,0.01,1,162309,161874,435
5422501,30.9699,26.5868,441,56940,0.199804,0.09,1,162341,161900,441
5425421,33.394,29.3174,445,56940,0.287961,0.19,1,162375,161930,445
5428341,8.2788,20.2635,429,56940,0.305592,0.17,1,162377,161948,429
5431261,3.25576,5.65269,429,56940,0.309118,0.19,1,162379,161950,429
5434181,32.6512,18.7305,447,56940,0.309824,0.15,1,162419,161972,447
5437101,19.3302,29.3461,431,56940,0.277965,0.17,1,162435,162004,431
5440021,20.666,24.2692,429,56940,0.335593,0.17,1,162456,162027,429
5442941,27.3332,4.85384,458,56940,0.379119,0.19,1,162485,162027,458
5445861,7.06664,22.5708,433,58400,0.387824,0.19,1,162487,162054,433
5448781,16.6133,22.1142,430,58400,0.437565,0.15,1,162506,162076,430
5451701,25.7227,25.2228,432,58400,0.463513,0.21,1,162534,162102,432
5454621,28.3445,29.0446,431,58400,0.500703,0.11,1,162563,162132,431
5457541,18.4689,22.6089,426,58400,0.540141,0.09,1,162579,162153,426
5460461,34.8938,33.3218,429,58400,0.612028,0.11,1,162618,162189,429
5463381,24.5788,25.0644,428,58400,0.610406,0.07,1,162640,162212,428
5466301,26.5158,24.2129,431,58400,0.594081,0.15,1,162667,162236,431
5469221,20.5031,19.2426,432,58400,0.574816,0.15,1,162686,162254,432
5472141,24.1006,3.84851,457,58400,0.602963,0.11,1,162711,162254,457
5475061,30.4201,23.1697,461,58400,0.624593,0.07,1,162743,162282,461
5477981,29.284,26.2339,463,58400,0.644919,0.23,1,162772,162309,463
5480901,37.0568,30.8468,470,58400,0.712984,0.31,1,162811,162341,470
5483821,9.01136,33.3694,438,58400,0.726597,0.31,1,162813,162375,438
5486741,3.40227,8.27387,438,58400,0.729319,0.31,1,162815,162377,438
5489661,31.0805,3.25477,474,58400,0.793864,0.31,2,162853,162379,474
5492581,20.6161,32.651,452,59860,0.838773,0.27,2,162871,162419,452
5495501,22.5232,19.3302,459,59860,0.847755,0.35,2,162894,162435,459
5498421,27.7046,20.666,467,59860,0.881551,0.39,2,162923,162456,467
5501341,7.14093,27.3332,440,59860,0.88831,0.39,2,162925,162485,440
5504261,3.02819,7.06664,440,59860,0.905662,0.45,2,162927,162487,440
5507181,19.8056,16.6133,445,59860,0.909132,0.47,2,162951,162506,445
5510101,26.3611,25.7227,445,59860,0.909827,0.51,2,162979,162534,445
5978761,56,70,451,46720,0.05,0.31,1,167112,166661,451
5988981,112,129.2,433,46720,0.29,0.07,1,167238,166805,433
6032781,60,69.04,426,46720,0.482,0.13,1,167285,166859,426
6035701,34.4,24.208,441,48180,0.6484,0.11,1,167313,166872,441
6038621,25.28,26.4416,437,49640,0.76168,0.09,2,167336,166899,437
6041541,22.656,24.4883,435,51100,0.864336,0.09,2,167358,166923,435
6229881,62,77,450,43800,0.05,0.63,1,169034,168584,450
6232801,48.4,26.6,481,45260,0.05,0.47,1,169079,168598,481
6235721,42.48,45.32,472,46720,0.066,0.35,1,169120,168648,472
6238641,53.296,46.664,481,48180,0.1492,0.37,1,169176,168695,481
6241561,25.8592,53.3328,445,48180,0.24584,0.27,1,169195,168750,445
6244481,25.9718,29.8666,447,48180,0.329168,0.27,1,169221,168774,447
6247401,13.9944,21.9733,438,48180,0.281834,0.21,1,169232,168794,438
6250321,18.7989,18.7947,440,48180,0.416367,0.17,1,169252,168812,440
6253241,23.7598,23.7589,440,48180,0.571273,0.11,1,169277,168837,440
6256161,23.952,25.5518,438,48180,0.538255,0.19,1,169301,168863,438
6259081,10.3904,17.1104,430,48180,0.579651,0.11,1,169308,168878,430
6262001,20.4781,15.4221,438,48180,0.53993,0.11,1,169331,168893,438
6264921,28.0956,20.6844,446,48180,0.547986,0.09,1,169361,168915,446
6267841,35.2191,31.3369,449,48180,0.549597,0.11,1,169398,168949,449
6270761,28.6438,33.4674,442,49640,0.597919,0.03,1,169425,168983,442
6273681,30.5288,31.4935,442,49640,0.639584,0.05,1,169456,169014,442
6276601,42.1058,22.2987,467,49640,0.727917,0.05,1,169501,169034,467
6279521,10.0212,40.4597,424,49640,0.713583,0.07,1,169503,169079,424
6282441,34.8042,40.8919,424,49640,0.774717,0.07,2,169544,169120,424
6285361,56.5608,8.17839,486,49640,0.818943,0.17,2,169606,169120,486
6288281,26.5122,46.4357,449,49640,0.859789,0.27,2,169625,169176,449
6291201,28.5024,24.4871,459,49640,0.867958,0.35,2,169654,169195,459
6294121,20.9005,25.6974,452,49640,0.853592,0.27,2,169673,169221,452
6297041,19.3801,13.9395,460,51100,0.834718,0.45,2,169692,169232,460
6299961,31.076,18.7879,474,51100,0.894944,0.61,2,169726,169252,474
6302881,28.6152,23.7576,477,51100,0.922989,0.53,2,169754,169277,477
6305801,10.523,23.9515,459,51100,0.928598,0.59,2,169760,169301,459
6308721,18.9046,10.3903,473,51100,0.91372,0.53,2,169781,169308,473
6659121,51,14,510,35040,0.49,0.81,1,173425,172915,510
6662041,58.2,72.4,483,36500,0.714,0.65,1,173485,173002,483
6664961,32.44,48.88,466,37960,0.6788,0.39,1,173511,173045,466
6667881,40.088,53.776,453,37960,0.86376,0.31,2,173553,173100,453
6752561,38,41,504,40880,0.65,1,1,174630,174126,504
6755481,37.2,31.4,512,40880,0.586,1,1,174667,174155,512
6758401,29.04,29.48,510,40880,0.5092,1,1,174694,174184,510
6761321,29.808,26.696,514,40880,0.42984,1,1,174724,174210,514
6764241,28.3616,29.3392,512,40880,0.413968,1,1,174752,174240,512
6767161,28.0723,30.6678,509,40880,0.378794,1,1,174780,174271,509
6770081,27.2145,30.1336,506,40880,0.387759,1,1,174807,174301,506
6773001,27.0429,48.4267,480,40880,0.405552,1,1,174834,174354,480
6775921,48.6086,45.6853,489,40880,0.42511,1,1,174888,174399,489
6778841,24.9217,29.9371,482,40880,0.429022,1,1,174907,174425,482
6781761,33.7843,29.9874,488,40880,0.421804,0.99,1,174943,174455,488
6784681,28.3569,29.1975,486,40880,0.492361,0.94,1,174970,174484,486
6787601,56.8714,70.6395,469,40880,0.586472,0.87,1,175034,174565,469
6790521,26.5743,35.7279,461,40880,0.573294,0.65,1,175053,174592,461
6793441,28.5149,37.5456,452,40880,0.714659,0.57,1,175082,174630,452
6796361,31.303,37.1091,447,40880,0.838932,0.49,2,175114,174667,447
6799281,26.2606,29.0218,445,40880,0.879786,0.41,2,175139,174694,445
6802201,26.0521,29.8044,441,40880,0.871957,0.41,2,175165,174724,441
6805121,26.8104,28.3609,440,40880,0.918391,0.37,2,175192,174752,440
6945281,26,35,482,42340,0.83,1,2,176845,176363,482
6948201,30.8,31.8,483,42340,0.766,1,2,176877,176394,483
6951121,38.96,49.56,470,42340,0.6412,1,1,176918,176448,470
6954041,31.792,32.312,472,42340,0.52024,1,1,176948,176476,472
6956961,41.5584,29.6624,487,42340,0.376048,1,1,176992,176505,487
6959881,39.5117,42.7325,480,43800,0.30721,1,1,177031,176551,480
6962801,35.1023,40.5465,474,43800,0.293442,1,1,177065,176591,474
6965721,39.8205,31.3093,486,43800,0.210688,1,1,177106,176620,486
6968641,35.1641,29.4619,491,43800,0.178138,1,1,177140,176649,491
6971561,29.4328,5.89237,519,43800,0.203628,1,1,177168,176649,519
6974481,25.0866,25.1785,513,43800,0.144726,1,1,177192,176679,513
6977401,25.0173,31.4357,505,43800,0.180945,0.94,1,177217,176712,505
6980321,25.0035,30.2871,500,43800,0.236189,0.87,1,177242,176742,500
6983241,41.0007,29.2574,516,45260,0.327238,0.93,1,177287,176771,516
6986161,24.2001,44.2515,488,45260,0.329448,0.83,1,177307,176819,488
6989081,25.64,29.6503,488,45260,0.34589,0.75,1,177333,176845,488
6992001,33.928,31.5301,492,45260,0.429178,0.61,1,177369,176877,492
6994921,25.9856,39.106,475,45260,0.509836,0.49,1,177393,176918,475
6997841,33.9971,31.8212,481,45260,0.549967,0.34,1,177429,176948,481
7000761,8.39942,41.5642,439,46720,0.525993,0.29,1,177431,176992,439
7003681,30.4799,39.5128,436,46720,0.545199,0.29,1,177467,177031,436
7006601,32.496,35.1026,435,46720,0.50104,0.19,1,177500,177065,435
7009521,37.6992,39.8205,433,46720,0.492208,0.17,1,177539,177106,433
7012441,30.7398,35.1641,428,46720,0.426442,0.21,1,177568,177140,428
7015361,28.548,29.4328,428,46720,0.445288,0.13,1,177596,177168,428
7018281,24.9096,25.0866,428,48180,0.417058,0.19,1,177620,177192,428
7021201,25.7819,25.0173,429,48180,0.443412,0.25,1,177646,177217,429
7024121,28.3564,25.0035,433,48180,0.432682,0.25,1,177675,177242,433
7027041,41.6713,5.00069,478,48180,0.334536,0.35,1,177720,177242,478
7029961,32.3343,37.0001,463,48180,0.362907,0.33,1,177750,177287,463
7032881,26.4669,23.4,468,49640,0.368581,0.35,1,177775,177307,468
7035801,34.8934,25.48,479,49640,0.337716,0.45,1,177812,177333,479
7038721,29.3787,33.896,471,49640,0.283543,0.53,1,177840,177369,471
7041641,34.6757,25.9792,483,49640,0.320709,0.56,1,177876,177393,483
7044561,8.53515,33.9958,449,49640,0.328142,0.52,1,177878,177429,449
7047481,3.30703,8.39917,449,51100,0.297628,0.55,1,177880,177431,449
7050401,27.0614,30.4798,446,51100,0.323526,0.49,1,177913,177467,446
7053321,31.8123,32.496,446,51100,0.360705,0.49,1,177946,177500,446
7056241,34.3625,37.6992,442,51100,0.384141,0.41,1,177981,177539,442
7059161,30.8725,30.7398,443,51100,0.388828,0.45,1,178011,177568,443
7062081,27.7745,28.548,442,51100,0.469766,0.45,1,178038,177596,442
7065001,27.1549,5.70959,469,51100,0.453953,0.41,1,178065,177596,469
7067921,24.631,20.3419,469,51100,0.450791,0.45,1,178089,177620,469
7070841,24.9262,24.8684,468,51100,0.514158,0.43,1,178114,177646,468
7073761,40.1852,28.1737,483,52560,0.542832,0.31,1,178158,177675,483
7076681,32.837,41.6347,469,52560,0.580566,0.37,1,178189,177720,469
7079601,8.16741,32.3269,441,52560,0.588113,0.37,1,178191,177750,441
7082521,21.6335,26.4654,441,52560,0.701623,0.33,1,178216,177775,441
7085441,31.5267,34.8931,438,52560,0.692325,0.27,1,178250,177812,438
7088361,27.1053,29.3786,436,52560,0.722465,0.33,1,178276,177840,436
7091281,34.2211,34.6757,436,52560,0.744493,0.33,1,178312,177876,436
7094201,8.44421,8.53514,436,54020,0.748899,0.33,1,178314,177878,436
7097121,3.28884,1.70703,438,54020,0.71778,0.29,1,178316,177878,438
7100041,27.0578,1.94141,469,54020,0.743556,0.33,1,178349,177880,469
7102961,32.6116,26.7883,470,54020,0.748711,0.37,1,178383,177913,470
7105881,35.3223,31.7577,473,54020,0.749742,0.39,1,178419,177946,473
7108801,31.0645,34.3515,468,55480,0.781948,0.39,2,178449,177981,468
7111721,32.6129,30.8703,471,55480,0.86839,0.49,2,178482,178011,471
7114641,27.3226,27.7741,470,55480,0.869678,0.45,2,178508,178038,470
7117561,26.2645,27.1548,469,55480,0.885936,0.45,2,178534,178065,469
7120481,26.8529,24.631,472,55480,0.921187,0.53,2,178561,178089,472
7123401,6.97058,24.9262,449,56940,0.928237,0.55,2,178563,178114,449
7289841,59,70,446,54020,0.67,0.43,1,180359,179913,446
7298601,39,43.6,443,54020,0.702,0.29,1,180393,179950,443
7302981,43.8,49.52,437,54020,0.7404,0.27,1,180438,180001,437
7644201,504,579,458,20440,0.65,0.57,1,186845,186387,458
7669021,381.6,401.4,452,20440,0.778,0.59,2,187196,186744,452
7671941,89.92,81.08,468,21900,0.7716,0.63,2,187213,186745,468
7674861,31.584,31.416,466,23360,0.81832,0.57,2,187230,186764,466
7677781,21.5168,19.0832,469,24820,0.859664,0.61,2,187249,186780,469
7680701,20.3034,22.2166,466,26280,0.899933,0.55,2,187269,186803,466
7683621,24.0607,26.0433,464,26280,0.891987,0.63,2,187294,186830,464
7788741,73,38,459,21900,0.45,0.17,1,189546,189087,459
7791661,50.6,38.8,465,23360,0.354,0.19,1,189591,189126,465
7794581,23.72,44.56,436,24820,0.4468,0.19,1,189608,189172,436
7797501,23.944,24.912,440,24820,0.59336,0.25,1,189632,189192,440
7800421,32.7888,18.5824,458,26280,0.590672,0.37,1,189667,189209,458
7803341,121.758,26.9165,573,26280,0.718134,0.39,1,189811,189238,573
7806261,108.352,193.383,443,26280,0.855627,0.39,2,189916,189473,443
7896781,33,70,491,30660,0.41,1,1,191423,190932,491
7899701,39.4,32.4,509,30660,0.362,1,1,191464,190955,509
7902621,26.28,28.08,505,30660,0.3684,1,1,191487,190982,505
7905541,26.856,23.216,510,30660,0.32168,1,1,191514,191004,510
7908461,36.5712,38.2432,507,30660,0.344336,1,1,191553,191046,507
7911381,27.3142,30.8486,503,30660,0.268867,1,1,191578,191075,503
7914301,94.2629,26.9697,588,30660,0.0777734,1,1,191689,191101,588
7917221,39.6526,91.7939,506,30660,0.0555547,1,1,191715,191209,506
7920141,77.5305,43.9588,561,30660,0.291111,0.83,1,191802,191241,561
7923061,41.9061,91.1918,491,30660,0.386222,0.59,1,191835,191344,491
7925981,32.3812,55.0383,475,30660,0.437244,0.41,1,191865,191390,475
7928901,33.6762,37.4077,476,30660,0.479449,0.35,1,191899,191423,476
7931821,24.3352,40.2815,457,30660,0.50389,0.37,1,191921,191464,457
7934741,27.267,26.4563,462,30660,0.396778,0.31,1,191949,191487,462
7937661,36.6534,26.8913,474,30660,0.519356,0.35,1,191988,191514,474
7940581,27.3307,36.5783,460,30660,0.703871,0.25,1,192013,191553,460
7943501,83.8661,27.3157,533,30660,0.788774,0.03,2,192111,191578,533
7946421,37.5732,94.2631,448,30660,0.789755,0.05,2,192137,191689,448
8045701,30,41,485,35040,0.47,1,1,193747,193262,485
8048621,30.8,25.8,494,35040,0.39,1,1,193778,193284,494
8051541,26.16,28.36,490,36500,0.278,1,1,193803,193313,490
8054461,31.632,28.072,495,36500,0.1916,1,1,193836,193341,495
8057381,29.5264,5.6144,524,36500,0.14232,1,1,193865,193341,524
8060301,24.3053,41.1229,497,36500,0.132464,1,1,193888,193391,497
8063221,79.2611,32.2246,560,36500,0.0344928,1,1,193981,193421,560
8066141,38.2522,76.0449,501,37960,0.0628986,1,1,194009,193508,501
8069061,26.8504,40.009,494,37960,0.14858,0.99,1,194033,193539,494
8071981,6.97009,28.8018,470,37960,0.165716,0.75,1,194035,193565,470
8074901,65.394,77.7604,460,37960,0.249143,0.55,1,194115,193655,460
8077821,52.2788,65.1521,447,39420,0.361829,0.47,1,194164,193717,447
8080741,28.8558,37.0304,440,39420,0.512366,0.37,1,194187,193747,440
8083661,26.5712,32.2061,435,39420,0.574473,0.37,1,194213,193778,435
8086581,21.3142,6.44122,455,39420,0.634895,0.25,1,194233,193778,455
8089501,29.0628,21.2882,461,39420,0.694979,0.17,1,194264,193803,461
8092421,27.4126,30.6576,455,39420,0.786996,0.13,2,194291,193836,455
8095341,20.6825,29.3315,445,39420,0.837399,0.13,2,194310,193865,445
8098261,80.1365,24.2663,517,39420,0.91148,0.01,2,194405,193888,517
8101181,17.6273,79.2533,426,40880,0.926296,0.07,2,194407,193981,426
8283681,243,271,421,36500,0.27,0.03,1,196437,196016,421
8286601,89.4,84.6,434,37960,0.366,0.05,1,196488,196054,434
8289521,53.08,48.12,439,39420,0.4652,0.01,1,196532,196093,439
8292441,55.416,46.424,449,40880,0.58104,0.05,1,196588,196139,449
8295361,35.8832,36.4848,446,42340,0.684208,0.11,1,196619,196173,446
8298281,19.9766,24.097,441,42340,0.720842,0.17,1,196635,196194,441
8301201,42.3953,36.0194,450,43800,0.680168,0.27,1,196683,196233,450
8304121,54.0791,50.4039,453,43800,0.784034,0.35,2,196740,196287,453
8307041,29.2158,32.4808,448,43800,0.884807,0.25,2,196763,196315,448
8309961,21.8432,26.4962,443,43800,0.872961,0.27,2,196783,196340,443
8312881,19.5686,19.6992,444,45260,0.902592,0.39,2,196802,196358,444
8518741,48,15,485,37960,0.61,0.47,1,198939,198454,485
8521661,46.4,50.2,472,39420,0.594,0.43,1,198985,198513,472
8524581,38.08,44.44,465,40880,0.5908,0.37,1,199021,198556,465
8527501,45.216,41.688,471,40880,0.70216,0.41,1,199068,198597,471
8530421,28.2432,50.7376,442,40880,0.740432,0.45,1,199092,198650,442
8533341,37.6486,32.5475,454,40880,0.764086,0.43,2,199132,198678,454
8536261,24.3297,29.7095,446,40880,0.720817,0.42,1,199153,198707,446
8539181,28.0659,23.5419,453,42340,0.744163,0.46,1,199182,198729,453
8542101,22.4132,28.7084,444,42340,0.732833,0.43,1,199203,198759,444
8545021,28.4826,16.1417,461,42340,0.794567,0.53,2,199233,198772,461
8547941,35.2965,34.4283,459,42340,0.822913,0.57,2,199270,198811,459
8550861,38.2593,34.8857,463,42340,0.764583,0.53,2,199309,198846,463
8553781,30.0519,42.9771,446,42340,0.864917,0.61,2,199337,198891,446
8834101,31,27,516,46720,0.91,1,2,202516,202000,516
8837021,28.6,27,517,46720,0.862,1,2,202544,202027,517
8839941,24.92,25.4,516,46720,0.8684,1,2,202568,202052,516
8965501,34,26,536,45260,0.71,1,1,204089,203553,536
8968421,31.6,38.8,525,45260,0.55,1,1,204120,203595,525
8971341,31.12,22.16,538,45260,0.406,1,1,204151,203613,538
8974261,27.824,27.632,536,45260,0.3132,1,1,204178,203642,536
8975721,30.3648,25.5264,542,45260,0.23064,1,1,204209,203667,542
9023901,372.473,465.905,424,30660,0.118128,0.01,1,204667,204243,424
9026821,142.495,149.181,439,32120,0.0476256,0.03,1,204752,204313,439
9029741,70.8989,72.2362,439,33580,0.177525,0.07,1,204805,204366,439
9032661,56.5798,53.6472,443,35040,0.267505,0.21,1,204858,204415,443
9035581,44.916,46.7294,440,36500,0.365501,0.13,1,204900,204460,440
9038501,42.5832,36.5459,448,36500,0.5611,0.11,1,204942,204494,448
9041421,44.5166,25.7092,470,36500,0.60022,0.01,1,204987,204517,470
9044341,29.7033,45.1418,446,36500,0.736044,0.07,1,205013,204567,446
9047261,23.5407,27.4284,445,36500,0.715209,0.05,1,205035,204590,445
9050181,29.5081,23.8857,453,36500,0.743042,0.07,1,205066,204613,453
9053101,13.9016,27.1771,435,36500,0.796608,0.09,2,205076,204641,435
9056021,17.9803,26.2354,428,36500,0.775322,0.03,2,205095,204667,428
9058941,67.5961,73.2471,423,36500,0.851064,0.03,2,205175,204752,423
9061861,63.1192,14.6494,485,36500,0.866213,0.21,2,205237,204752,485
9064781,14.2238,45.3299,434,37960,0.885243,0.29,2,205239,204805,434
9093981,80,19,540,37960,0.93,0.87,2,205635,205095,540
9096901,72.8,67.8,531,37960,0.882,0.87,2,205706,205175,531
9099821,16.16,63.16,471,37960,0.8724,0.89,2,205708,205237,471
9102741,4.832,14.232,471,37960,0.87048,1,2,205710,205239,471
9225381,60,62,480,37960,0.87,1,2,207295,206815,480
9228301,70.4,62.8,490,37960,0.726,1,1,207368,206878,490
9231221,36.48,29.36,497,37960,0.7132,1,1,207396,206899,497
9234141,31.296,25.872,502,37960,0.71064,1,1,207426,206924,502
9237061,26.2592,29.9744,496,37960,0.742128,1,1,207451,206955,496
9239981,26.0518,27.5949,495,37960,0.668426,1,1,207477,206982,495
9242901,29.2104,26.319,499,37960,0.637685,1,1,207507,207008,499
9245821,36.2421,46.8638,485,37960,0.679537,1,1,207545,207060,485
9248741,65.6484,70.1728,482,37960,0.783907,1,2,207618,207136,482
9251661,24.3297,30.0346,476,37960,0.852781,1,2,207632,207156,476
9254581,24.0659,26.8069,474,37960,0.850556,0.91,2,207656,207182,474
9257501,24.8132,26.9614,472,37960,0.866111,0.93,2,207681,207209,472
9407881,70,49,500,33580,0.49,1,1,209582,209082,500
9410801,44.4,48.2,490,35040,0.426,1,1,209620,209130,490
9413721,63.28,48.84,509,36500,0.5572,0.91,1,209688,209179,509
9416641,44.656,46.568,503,37960,0.66344,1,1,209728,209225,503
9419561,70.5312,48.5136,531,39420,0.860688,0.89,2,209805,209274,531
9536361,504,580,448,30660,0.03,0.09,1,211451,211003,448
9575781,260,296,422,30660,0.142,0.01,1,211650,211228,422
9578701,91.2,79.2,446,32120,0.2444,0.01,1,211699,211253,446
9581621,51.84,51.04,444,33580,0.16888,0.01,1,211741,211297,444
9584541,35.968,37.408,442,35040,0.169776,0.03,1,211773,211331,442
9587461,25.5936,26.6816,441,36500,0.121955,0.01,1,211796,211355,441
9590381,29.1187,22.1363,450,37960,0.160391,0.01,1,211826,211376,450
9593301,16.2237,26.8273,435,37960,0.136078,0.07,1,211839,211404,435
9596221,32.0447,32.5655,437,37960,0.0512156,0.07,1,211875,211438,437
9599141,74.4089,76.1131,435,37960,0.0982431,0.11,1,211960,211525,435
9602061,52.4818,48.8226,440,37960,0.0756486,0.13,1,212007,211567,440
9604981,47.2964,45.7645,441,37960,0.0871297,0.17,1,212053,211612,441
9607901,29.4593,39.5529,428,37960,0.217426,0.27,1,212078,211650,428
9610821,47.4919,47.1106,431,39420,0.291485,0.27,1,212130,211699,431
9613741,36.6984,9.42212,465,39420,0.354297,0.15,1,212164,211699,465
9616661,8.93967,35.4844,425,39420,0.382859,0.17,1,212166,211741,425
9619581,29.7879,32.6969,428,39420,0.436572,0.17,1,212201,211773,428
9622501,22.7576,6.53938,449,39420,0.431314,0.11,1,212222,211773,449
9625421,6.15152,19.7079,428,39420,0.430263,0.17,1,212224,211796,428
9628341,26.0303,27.9416,429,40880,0.446053,0.13,1,212255,211826,429
9631261,12.4061,15.9883,425,40880,0.465211,0.03,1,212264,211839,425
9634181,28.8812,31.9977,422,40880,0.453042,0.11,1,212297,211875,422
9637101,79.3762,74.3995,429,40880,0.370608,0.07,1,212389,211960,429
9640021,50.2752,52.4799,425,40880,0.418122,0.09,1,212432,212007,425
9642941,54.055,47.296,434,40880,0.427624,0.25,1,212487,212053,434
9645861,29.211,29.4592,432,40880,0.461525,0.25,1,212510,212078,432
9648781,50.6422,5.89184,488,42340,0.596305,0.31,1,212566,212078,488
9651701,40.5284,42.7784,474,42340,0.623261,0.37,1,212604,212130,474
9654621,9.70569,35.7557,442,42340,0.628652,0.39,1,212606,212164,442
9657541,32.3411,8.75113,478,42340,0.66173,0.45,1,212644,212166,478
9660461,20.8682,29.7502,461,42340,0.684346,0.43,1,212662,212201,461
9663381,5.77365,22.75,442,42340,0.688869,0.43,1,212664,212222,442
9666301,2.75473,6.15001,442,42340,0.689774,0.45,1,212666,212224,442
9669221,26.9509,26.03,444,42340,0.721955,0.47,1,212699,212255,444
9672141,11.7902,12.406,443,42340,0.728391,0.45,1,212707,212264,443
9675061,27.958,28.8812,442,42340,0.761678,0.35,2,212739,212297,442
9677981,75.9916,79.3762,438,42340,0.768336,0.43,2,212827,212389,438
9680901,51.9983,50.2752,441,43800,0.769667,0.43,2,212873,212432,441
9683821,56.7997,54.055,444,43800,0.849933,0.47,2,212931,212487,444
9686741,28.9599,29.211,443,43800,0.833987,0.47,2,212953,212510,443
9689661,57.792,5.8422,508,43800,0.894797,0.63,2,213018,212510,508
9692581,41.9584,45.9684,490,43800,0.906959,0.63,2,213056,212566,490
9695501,9.99168,39.5937,454,43800,0.909392,0.63,2,213058,212604,454
9698421,34.7983,9.51874,493,43800,0.909878,0.67,2,213099,212606,493
9701341,21.3597,32.3037,473,43800,0.909976,0.69,2,213117,212644,473
9704261,5.87193,20.8607,457,43800,0.909995,0.69,2,213119,212662,457
9707181,2.77439,5.77215,457,43800,0.909999,0.69,2,213121,212664,457
9710101,28.5549,2.75443,490,43800,0.942,0.73,2,213156,212666,490
9713021,12.111,26.9509,465,45260,0.9484,0.73,2,213164,212699,465
9892601,39,38,485,33580,0.69,0.91,1,215207,214722,485
9895521,66.2,43.6,513,35040,0.818,0.89,2,215280,214767,513
10006481,63,28,519,32120,0.01,1,1,216753,216234,519
10009401,42.2,59.2,489,33580,0.01,0.84,1,216790,216301,489
10012321,91.64,107.84,473,35040,0.042,0.71,1,216894,216421,473
10015241,44.728,43.968,478,35040,0.0164,0.65,1,216927,216449,478
10018161,32.1456,41.5936,466,35040,0.02728,0.59,1,216956,216490,466
10021081,27.2291,31.5187,463,35040,0.005456,0.37,1,216982,216519,463
10024001,26.2458,38.3037,449,35040,0.0010912,0.19,1,217008,216559,449
10026921,30.8492,37.2607,444,35040,0.0402182,0.15,1,217040,216596,444
10029841,26.9698,33.0521,438,35040,0.0320436,0.05,1,217066,216628,438
10032761,28.594,30.6104,437,35040,0.0304087,0.01,1,217095,216658,437
10035681,20.1188,31.7221,423,35040,0.0620817,0.01,1,217113,216690,423
10038601,54.4238,56.7444,423,35040,0.228416,0.01,1,217176,216753,423
10041521,41.2848,11.3489,461,35040,0.261683,0.01,1,217214,216753,461
10044441,9.85695,31.8698,426,35040,0.284337,0.05,1,217216,216790,426
10047361,81.9714,89.574,422,36500,0.208867,0.01,1,217316,216894,422
10050281,44.3943,44.3148,424,36500,0.241773,0.03,1,217351,216927,424
10053201,30.4789,32.063,422,36500,0.216355,0,1,217378,216956,422
10056121,27.6958,27.2126,423,36500,0.195271,0,1,217405,216982,423
10059041,25.5392,26.2425,422,36500,0.159054,0.05,1,217430,217008,422
10061961,35.5078,30.8485,428,36500,0.135811,0.03,1,217468,217040,428
10064881,27.1016,26.9697,427,36500,0.131162,0.03,1,217493,217066,427
10067801,27.8203,28.5939,426,36500,0.0822324,0.07,1,217521,217095,426
10070721,16.7641,20.1188,422,36500,0.0404465,0.27,1,217535,217113,422
10073641,60.1528,54.4238,430,36500,0.0640893,0.27,1,217606,217176,430
10076561,44.8306,41.2848,433,36500,0.164818,0.29,1,217647,217214,433
10079481,10.5661,9.85695,433,36500,0.152964,0.29,1,217649,217216,433
10082401,81.3132,1.97139,532,36500,0.342593,0.19,1,217748,217216,532
10085321,45.0626,80.3943,468,36500,0.396519,0.25,1,217784,217316,468
10088241,30.6125,44.0789,460,36500,0.359304,0.21,1,217811,217351,460
10091161,23.7225,30.4158,455,36500,0.351861,0.19,1,217833,217378,455
10094081,23.1445,27.6832,451,36500,0.334372,0.15,1,217856,217405,451
10097001,35.8289,25.5366,465,36500,0.330874,0.13,1,217895,217430,465
10099921,24.7658,35.5073,449,36500,0.330175,0.13,1,217917,217468,449
10102841,25.7532,27.1015,450,36500,0.330035,0.07,1,217943,217493,450
10105761,15.5506,27.8203,435,36500,0.346007,0.03,1,217956,217521,435
10108681,64.7101,16.7641,498,36500,0.493201,0.07,1,218033,217535,498
10111601,46.542,60.1528,469,36500,0.58664,0.19,1,218075,217606,469
10114521,10.9084,44.8306,430,36500,0.605328,0.15,1,218077,217647,430
10117441,91.7817,10.5661,540,36500,0.737066,0.39,1,218189,217649,540
10120361,47.1563,81.3132,477,36500,0.731413,0.41,1,218225,217748,477
10123281,28.6313,45.0626,465,36500,0.746283,0.35,1,218249,217784,465
10126201,21.7263,30.6125,458,36500,0.765257,0.35,2,218269,217811,458
10129121,23.5453,23.7225,460,36500,0.769051,0.33,2,218293,217833,460
10132041,35.9091,23.1445,476,36500,0.78581,0.33,2,218332,217856,476
10134961,23.9818,35.8289,458,36500,0.805162,0.33,2,218353,217895,458
10137881,26.3964,24.7658,463,36500,0.761032,0.33,2,218380,217917,463
10140801,15.6793,25.7532,450,36500,0.768206,0.35,2,218393,217943,450
10143721,72.7359,15.5506,524,36500,0.849641,0.53,2,218480,217956,524
10407981,483,581,450,33580,0.05,0.13,1,222189,221739,450
10412361,170.2,207.4,428,35040,0.258,0.07,1,222281,221853,428
10421121,59.64,70.28,424,35040,0.3476,0.01,1,222313,221889,424
10425501,98.328,102.856,421,35040,0.34952,0.01,1,222421,222000,421
10459081,33.2656,30.9712,425,35040,0.413904,0.07,1,222438,222013,425
10462001,30.6531,21.3942,436,36500,0.378781,0.09,1,222468,222032,436
10464921,28.5306,18.6788,446,37960,0.515756,0.07,1,222496,222050,446
10467841,32.9061,30.9358,446,39420,0.623151,0.05,1,222530,222084,446
10470761,28.9812,28.5872,446,40880,0.70863,0.05,1,222558,222112,446
10473681,24.1962,24.1174,446,40880,0.757726,0.09,2,222581,222135,446
10476601,17.6392,24.0235,438,40880,0.831545,0.05,2,222597,222159,438
10479521,17.1278,28.8047,425,40880,0.782309,0.15,2,222614,222189,425
10482441,41.0256,30.5609,441,40880,0.852462,0.27,2,222661,222220,441
10485361,53.8051,41.3122,454,42340,0.754492,0.37,2,222718,222264,454
10488281,49.961,47.4624,454,42340,0.846898,0.49,2,222767,222313,454
10491201,50.7922,45.4925,460,42340,0.80138,0.35,2,222818,222358,460
10494121,62.9584,59.4985,463,42340,0.872276,0.43,2,222884,222421,463
10497041,35.7917,25.4997,475,43800,0.886455,0.37,2,222913,222438,475
10499961,8.75834,29.0999,447,43800,0.889291,0.55,2,222915,222468,447
10675161,405,434,456,33580,0.93,0.71,2,224975,224519,456
10789041,27,26,508,40880,0.53,1,1,226443,225935,508
10791961,29.4,26,512,40880,0.338,1,1,226473,225961,512
10794881,30.68,26,517,40880,0.2356,1,1,226504,225987,517
10797801,30.936,31.6,515,40880,0.15112,1,1,226535,226020,515
10800721,30.9872,31.92,514,40880,0.038224,1,1,226566,226052,514
10803641,34.9974,59.984,483,40880,0.0076448,1,1,226602,226119,483
10806561,31.7995,35.9968,484,40880,0.041529,1,1,226633,226149,484
10809481,65.5599,66.3994,484,40880,0.0483058,1,1,226707,226223,484
10812401,37.112,38.0799,483,40880,0.0816612,0.84,1,226737,226254,483
10815321,38.6224,38.816,483,40880,0.216332,0.86,1,226776,226293,483
10818241,34.1245,26.9632,492,40880,0.275266,1,1,226809,226317,492
10821161,14.8249,30.1926,471,40880,0.287053,0.8,1,226819,226348,471
10824081,21.365,35.6385,457,40880,0.497411,0.65,1,226842,226385,457
10827001,22.673,31.9277,449,40880,0.555482,0.53,1,226865,226416,449
10829921,20.5346,27.9855,442,40880,0.615096,0.29,1,226885,226443,442
10832841,22.5069,29.5971,435,40880,0.707019,0.21,1,226908,226473,435
10835761,25.3014,30.7194,430,40880,0.789404,0.13,2,226934,226504,430
10838681,25.8603,30.9439,425,40880,0.869881,0.01,2,226960,226535,425
10841601,27.5721,30.9888,422,40880,0.885976,0,2,226988,226566,422
10844521,34.3144,34.9978,422,40880,0.937195,0.05,2,227024,226602,422
10984681,32,17,436,29200,0.21,0.01,1,228884,228448,436
10987601,30.4,27.4,436,30660,0.13,0.03,1,228914,228478,436
10990521,18.88,15.88,439,32120,0.21,0.07,1,228930,228491,439
10993441,85.376,35.976,500,33580,0.306,0.01,1,229032,228532,500
10996361,50.6752,84.7952,445,35040,0.3892,0.05,1,229074,228629,445
10999281,56.535,62.559,446,35040,0.42184,0.01,1,229132,228686,446
11002201,45.707,52.5118,439,36500,0.332368,0.07,1,229175,228736,439
11005121,49.1414,54.5024,434,36500,0.442474,0.09,1,229225,228791,434
11008041,41.8283,34.1005,445,36500,0.384495,0.13,1,229265,228820,445
11010961,20.3657,32.4201,428,36500,0.436899,0.21,1,229280,228852,428
11013881,33.6731,32.084,433,36500,0.52738,0.21,1,229317,228884,433
11016801,27.5346,6.4168,459,37960,0.545476,0.11,1,229343,228884,459
11019721,7.10693,25.2834,431,37960,0.581095,0.23,1,229345,228914,431
11022641,18.2214,17.8567,436,37960,0.588219,0.23,1,229366,228930,436
11025561,92.4443,3.57133,547,37960,0.637644,0.33,1,229477,228930,547
11028481,20.0889,82.3143,447,37960,0.647529,0.41,1,229479,229032,447
11031401,36.8178,50.0629,446,37960,0.729506,0.43,1,229520,229074,446
11034321,56.1636,56.4126,449,37960,0.777901,0.43,2,229581,229132,449
11037241,39.2327,11.2825,484,39420,0.80358,0.31,2,229616,229132,484
11040161,47.0465,36.6565,490,39420,0.888716,0.47,2,229665,229175,490
11043081,40.6093,47.3313,479,39420,0.905743,0.37,2,229704,229225,479
11046001,23.3219,41.4663,458,39420,0.941149,0.45,2,229723,229265,458
11313181,87,64,544,33580,0.91,0.91,2,233074,232530,544
11396401,39,33,541,40880,0.61,1,1,234215,233674,541
11415381,390.2,469,441,27740,0.21,0.01,1,234693,234252,441
11448961,230.04,259.4,424,27740,0.498,0.01,1,234883,234459,424
11451881,120.408,113.48,440,29200,0.6676,0.03,1,234976,234536,440
11454801,40.0816,52.296,423,30660,0.84552,0.01,2,234996,234573,423
11457721,30.4163,33.6592,422,32120,0.881104,0,2,235024,234602,422
11460641,30.0833,30.7318,422,33580,0.904221,0.05,2,235054,234632,422
11463561,34.0167,31.7464,425,35040,0.924844,0.07,2,235089,234664,425
11611021,190,203,425,27740,0.53,0.03,1,237203,236778,425
11613941,125.2,55,516,29200,0.69,0.31,1,237312,236796,516
11616861,59.44,98.2,450,30660,0.786,0.29,2,237355,236905,450
11619781,37.488,50.04,444,32120,0.8372,0.33,2,237387,236943,444
11768701,12,14,458,27740,0.33,0.71,1,239495,239037,458
11771621,35.2,26,470,29200,0.394,0.67,1,239536,239066,470
11774541,94.24,34.8,542,29200,0.6148,0.47,1,239645,239103,542
11777461,72.448,98.96,494,29200,0.80296,0.33,2,239712,239218,494
11859221,39,37,515,32120,0.87,1,2,240970,240455,515
11862141,38.2,33,521,32120,0.838,1,2,241008,240487,521
11865061,58.84,69.8,506,32120,0.7996,1,2,241072,240566,506
11867981,46.968,74.76,474,32120,0.82392,1,2,241116,240642,474
11870901,61.3936,38.952,509,32120,0.876784,1,2,241181,240672,509
11873821,41.0787,35.7904,510,32120,0.823357,1,2,241217,240707,510
11876741,50.6157,67.1581,488,32120,0.844671,1,2,241270,240782,488
11879661,54.9231,56.6316,490,32120,0.832934,1,2,241326,240836,490
11882581,27.7846,41.7263,473,32120,0.846587,0.92,2,241347,240874,473
11885501,28.7569,35.5453,468,32120,0.865317,0.94,2,241376,240908,468
11888421,24.1514,25.5091,468,32120,0.901063,0.87,2,241399,240931,468
11891341,34.4303,36.3018,466,32120,0.908213,0.83,2,241436,240970,466
11894261,36.4861,37.6604,465,32120,0.909643,0.79,2,241473,241008,465
12002301,35,0,516,35040,0.69,1,1,243143,242627,516
12005221,36.6,29.6,516,35040,0.674,1,1,243180,242664,516
12008141,45.72,33.12,530,36500,0.5588,1,1,243228,242698,530
12011061,49.944,58.624,516,36500,0.53576,1,1,243279,242763,516
12013981,40.3888,36.5248,523,36500,0.531152,1,1,243317,242794,523
12016901,32.8778,46.505,505,36500,0.49823,1,1,243348,242843,505
12019821,36.1756,36.501,508,36500,0.459646,0.99,1,243385,242877,508
12022741,25.6351,35.3002,496,37960,0.499929,1,1,243408,242912,496
12025661,6.72702,30.26,469,37960,0.507986,1,1,243410,242941,469
12028581,36.5454,40.452,470,37960,0.541597,0.87,1,243454,242984,470
12031501,40.9091,49.6904,460,37960,0.532319,0.67,1,243496,243036,460
12034421,63.3818,67.5381,457,37960,0.562464,0.69,1,243565,243108,457
12037341,40.6764,41.5076,457,39420,0.632493,0.67,1,243600,243143,457
12040261,34.5353,37.9015,453,39420,0.694499,0.67,1,243633,243180,453
12043181,42.9071,7.5803,498,39420,0.7389,0.53,1,243678,243180,498
12046101,46.9814,39.9161,498,40880,0.81178,0.53,2,243726,243228,498
12049021,34.9963,48.7832,479,40880,0.890356,0.53,2,243758,243279,479
12051941,31.7993,40.1566,472,40880,0.906071,0.49,2,243789,243317,472
12054861,39.1599,32.8313,482,40880,0.893214,0.45,2,243830,243348,482
12057781,9.43197,36.1663,447,40880,0.890643,0.51,2,243832,243385,447
12060701,21.0864,25.6333,448,40880,0.922129,0.51,2,243856,243408,448
12063621,5.81728,6.72665,448,40880,0.896426,0.55,2,243858,243410,448
12228601,81,90,425,36500,0.65,0.09,1,245794,245369,425
12231521,31.4,27.6,432,37960,0.746,0.03,1,245813,245381,432
12234441,14.28,21.52,422,39420,0.8132,0.05,2,245823,245401,422
12237361,12.456,8.304,429,40880,0.84264,0.05,2,245835,245406,429
12240281,44.8912,32.0608,444,42340,0.912528,0.09,2,245888,245444,444
12333721,27,34,468,33580,0.23,0.53,1,247429,246961,468
12368761,73.4,93.2,445,33580,0.23,0.47,1,247514,247069,445
12371681,38.68,32.24,458,35040,0.246,0.41,1,247544,247086,458
12374601,40.536,33.648,465,36500,0.2812,0.23,1,247585,247120,465
12377521,32.1072,44.3296,448,36500,0.27224,0.17,1,247615,247167,448
12380441,32.0214,39.2659,442,36500,0.302448,0.11,1,247647,247205,442
12383361,32.0043,31.8532,444,36500,0.32449,0.17,1,247679,247235,444
12386281,33.6009,32.7706,445,37960,0.424898,0.19,1,247713,247268,445
12389201,31.5202,30.5541,446,37960,0.42898,0.19,1,247744,247298,446
12392121,26.304,28.5108,443,37960,0.525796,0.23,1,247769,247326,443
12395041,42.8608,29.7022,460,37960,0.753159,0.21,2,247816,247356,460
12397961,44.5722,42.7404,459,37960,0.910632,0.23,2,247861,247402,459
12500161,33,27,501,40880,0.53,1,1,249118,248617,501
12503081,33,31,502,40880,0.418,1,1,249151,248649,502
12506001,31.4,29.4,504,40880,0.2996,1,1,249182,248678,504
12508921,28.68,28.28,504,40880,0.21192,1,1,249210,248706,504
12511841,32.136,36.056,499,40880,0.066384,1,1,249243,248744,499
12514761,48.8272,64.8112,480,40880,0.0212768,1,1,249296,248816,480
12517681,57.7654,40.9622,505,40880,0.00425536,1,1,249356,248851,505
12520601,39.5531,38.5924,502,40880,0.00885107,1,1,249391,248889,502
12523521,27.1106,34.9185,492,40880,0.0257702,1,1,249415,248923,492
12526441,23.0221,33.3837,481,40880,0.0931541,1,1,249437,248956,481
12529361,38.2044,33.0767,490,40880,0.106631,1,1,249479,248989,490
12532281,18.8409,32.2153,472,40880,0.173326,0.89,1,249493,249021,472
12535201,26.1682,32.8431,467,40880,0.170665,0.73,1,249521,249054,467
12538121,21.2336,31.3686,456,40880,0.250133,0.53,1,249541,249085,456
12541041,21.0467,32.6737,444,40880,0.266027,0.39,1,249562,249118,444
12543961,28.2093,32.9347,441,40880,0.429205,0.27,1,249592,249151,441
12546881,25.6419,31.3869,435,40880,0.509841,0.19,1,249617,249182,435
12549801,21.1284,28.6774,427,40880,0.557968,0.03,1,249637,249210,427
12552721,26.6257,32.1355,422,40880,0.487594,0.01,1,249665,249243,422
12555641,48.5251,48.8271,423,40880,0.473519,0,1,249719,249296,423
12558561,57.705,57.7654,423,40880,0.470704,0.01,1,249779,249356,423
12561481,40.341,39.5531,424,40880,0.566141,0.03,1,249815,249391,424
12564401,26.4682,27.1106,423,40880,0.521228,0.11,1,249838,249415,423
12567321,24.4936,23.0221,425,40880,0.544246,0.11,1,249862,249437,425
12570241,39.2987,38.2044,426,40880,0.548849,0.19,1,249905,249479,426
12573161,23.0597,18.8409,431,40880,0.53377,0.17,1,249924,249493,431
12576081,27.0119,26.1682,431,40880,0.530754,0.27,1,249952,249521,431
12579001,24.6024,21.2336,435,40880,0.562151,0.27,1,249976,249541,435
12581921,23.3205,21.0467,437,40880,0.55243,0.47,1,249999,249562,437
12584841,35.8641,28.2093,446,40880,0.566486,0.53,1,250038,249592,446
12587761,27.1728,25.6419,446,40880,0.585297,0.57,1,250063,249617,446
12590681,26.2346,21.1284,452,40880,0.589059,0.47,1,250089,249637,452
12593601,25.2469,26.6257,449,40880,0.541812,0.47,1,250114,249665,449
12596521,43.4494,48.5251,443,40880,0.612362,0.47,1,250162,249719,443
12599441,58.2899,57.705,445,40880,0.674473,0.59,1,250224,249779,445
12602361,43.658,40.341,449,40880,0.750895,0.51,2,250264,249815,449
12605281,26.3316,26.4682,448,40880,0.766179,0.55,2,250286,249838,448
12608201,24.4663,24.4936,448,40880,0.737236,0.55,1,250310,249862,448
12611121,36.8933,39.2987,445,40880,0.859447,0.53,2,250350,249905,445
12614041,23.3787,23.0597,446,40880,0.883889,0.53,2,250370,249924,446
12616961,28.6757,27.0119,448,40880,0.920778,0.57,2,250400,249952,448
12619881,27.3351,24.6024,451,40880,0.880156,0.55,2,250427,249976,451
12622801,23.867,23.3205,451,40880,0.936031,0.57,2,250450,249999,451
12625721,36.7734,35.8641,452,40880,0.931206,0.59,2,250490,250038,452
12628641,25.7547,27.1728,450,40880,0.930241,0.59,2,250513,250063,450
12631561,26.7509,26.2346,451,40880,0.930048,0.53,2,250540,250089,451
12634481,24.5502,25.2469,450,40880,0.93001,0.63,2,250564,250114,450
12771721,26,22,496,51100,0.75,1,2,252144,251648,496
12774641,32.4,30,498,51100,0.734,1,1,252178,251680,498
12777561,31.28,30,499,51100,0.6828,1,1,252209,251710,499
12780481,35.856,32.4,503,51100,0.64056,1,1,252246,251743,503
12783401,31.9712,6.48,534,51100,0.664112,1,1,252277,251743,534
12786321,31.9942,30.096,530,52560,0.764822,1,2,252309,251779,530
12789241,24.7988,30.0192,523,52560,0.816965,1,2,252332,251809,523
12792161,25.7598,28.4038,521,52560,0.843393,1,2,252358,251837,521
12795081,22.752,30.4808,512,52560,0.880679,1,2,252380,251868,512
12798001,8.55039,29.2962,488,52560,0.888136,1,2,252385,251897,488
12800921,20.1101,23.4592,489,52560,0.937627,0.91,2,252408,251919,489
13170301,9,24,491,30660,0.95,1,2,259814,259323,491
13173221,191.4,172.8,518,32120,0.726,1,1,260051,259533,518
13176141,60.68,69.76,502,32120,0.7452,1,1,260079,259577,502
13179061,33.736,35.552,502,32120,0.68504,1,1,260106,259604,502
13181981,37.1472,31.1104,510,32120,0.737008,1,1,260144,259634,510
13184901,28.2294,27.8221,509,32120,0.747402,1,1,260170,259661,509
13187821,29.6459,31.9644,506,32120,0.70148,1,1,260200,259694,506
13190741,27.5292,31.9929,501,32120,0.708296,1,1,260227,259726,501
13193661,31.9058,30.3986,504,32120,0.821659,0.91,2,260260,259756,504
13196581,22.3812,28.4797,496,32120,0.780332,0.9,2,260280,259784,496
13199501,8.47623,22.4959,480,32120,0.836066,0.95,2,260285,259805,480
13202421,3.29525,11.6992,473,32120,0.847213,0.67,2,260287,259814,473
13323601,50,47,476,23360,0.39,0.03,1,262253,261777,476
13326521,118.8,146.2,441,24820,0.582,0.01,1,262389,261948,441
13329441,102.96,71.64,487,26280,0.7964,0.07,2,262488,262001,487
13332361,50.192,77.528,445,27740,0.90328,0.15,2,262525,262080,445
13402441,39,35,519,32120,0.93,1,2,263636,263117,519
13405361,37.4,34.2,522,32120,0.858,1,2,263673,263151,522
13408281,31.48,30.84,522,32120,0.7876,1,2,263703,263181,522
13411201,86.296,110.968,491,32120,0.51752,1,1,263803,263312,491
13414121,50.8592,48.5936,500,32120,0.351504,1,1,263845,263345,500
13417041,52.5718,64.1187,485,32120,0.350301,1,1,263898,263413,485
13419961,66.5144,68.0237,486,32120,0.28606,1,1,263968,263482,486
13422881,38.1029,36.0047,489,32120,0.225212,1,1,263999,263510,489
13425801,30.8206,35.2009,483,32120,0.149042,0.94,1,264028,263545,483
13428721,26.9641,33.4402,476,32120,0.133808,0.94,1,264054,263578,476
13431641,15.7928,21.888,470,32120,0.146762,0.93,1,264067,263597,470
13434561,29.5586,35.5776,464,32120,0.0693523,0.84,1,264100,263636,464
13437481,32.3117,36.7155,460,32120,0.0858705,0.77,1,264133,263673,460
13440401,24.8623,31.3431,453,32120,0.0571741,0.45,1,264156,263703,453
13443321,77.7725,86.2686,444,32120,0.131435,0.31,1,264247,263803,444
13446241,42.7545,50.8537,436,32120,0.082287,0.35,1,264281,263845,436
13449161,51.7509,52.5707,437,32120,0.216457,0.27,1,264335,263898,437
13452081,63.1502,66.5141,433,32120,0.403291,0.21,1,264401,263968,433
13455001,35.83,38.1028,431,32120,0.520658,0.13,1,264430,263999,431
13457921,27.166,30.8206,427,32120,0.576132,0.13,1,264455,264028,427
13460841,27.0332,26.9641,428,32120,0.667226,0.15,1,264482,264054,428
13463761,15.8066,15.7928,428,32120,0.701445,0.05,1,264495,264067,428
13466681,24.7613,29.5586,422,32120,0.804289,0.09,2,264522,264100,422
13469601,32.1523,32.3117,423,32120,0.856858,0.05,2,264556,264133,423
13472521,24.0305,24.8623,422,32120,0.867371,0.15,2,264578,264156,422
13606841,57,48,486,26280,0.71,0.51,1,266730,266244,486
13609761,70.6,92,457,27740,0.838,0.35,2,266804,266347,457
13717801,38,32,519,33580,0.81,1,2,268467,267948,519
13720721,90,39.2,581,33580,0.57,1,1,268570,267989,581
13723641,46,87.04,517,33580,0.426,1,1,268605,268088,517
13726561,39.6,48.608,516,33580,0.2532,1,1,268643,268127,516
13729481,35.92,41.7216,511,33580,0.18664,1,1,268678,268167,511
13732401,34.384,33.9443,513,33580,0.157328,1,1,268712,268199,513
13735321,39.6768,36.3889,517,33580,0.135466,1,1,268753,268236,517
13738241,36.7354,42.4778,509,33580,0.115093,0.95,1,268789,268280,509
13741161,32.9471,36.4956,506,33580,0.191019,1,1,268821,268315,506
13744081,36.1894,36.8991,506,33580,0.206204,0.9,1,268858,268352,506
13747001,35.2379,40.1798,500,33580,0.241241,0.86,1,268893,268393,500
13749921,32.6476,36.836,496,33580,0.312248,0.81,1,268925,268429,496
13752841,76.9295,37.7672,546,33580,0.66245,0.51,1,269013,268467,546
13755761,36.9859,89.9534,470,33580,0.78049,0.39,2,269040,268570,470
13758681,32.1972,45.9907,466,33580,0.916098,0.21,2,269071,268605,466
13846281,39,33,516,35040,0.67,1,1,270319,269803,516
13849201,76.6,34.6,567,35040,0.526,1,1,270405,269838,567
13852121,42.52,79.72,510,35040,0.3052,1,1,270439,269929,510
13855041,55.704,45.544,532,35040,0.18104,1,1,270498,269966,532
13857961,40.7408,50.7088,517,36500,0.060208,1,1,270535,270018,517
13860881,36.1482,38.9418,516,36500,0.0520416,1,1,270570,270054,516
13863801,36.0296,38.9884,513,36500,0.0184083,1,1,270606,270093,513
13866721,8.80593,38.1977,477,36500,0.0436817,0.94,1,270608,270131,477
13869641,43.3612,38.8395,490,36500,0.0167363,1,1,270660,270170,490
13872561,27.0722,37.3679,476,36500,0.0593473,0.88,1,270683,270207,476
13875481,24.6144,35.4736,465,36500,0.0678695,0.81,1,270707,270242,465
13878401,32.9229,37.4947,462,36500,0.0855739,0.67,1,270742,270280,462
13881321,32.1846,38.6989,455,37960,0.153115,0.49,1,270774,270319,455
13884241,63.2369,76.5398,440,37960,0.310623,0.25,1,270845,270405,440
13887161,35.8474,42.508,435,37960,0.438125,0.15,1,270874,270439,435
13890081,47.1695,55.7016,426,37960,0.639625,0.15,1,270924,270498,426
13893001,35.0339,11.1403,458,37960,0.727925,0.03,1,270956,270498,458
13895921,36.6068,31.8281,458,39420,0.889585,0.05,2,270993,270535,458
14028781,89,107,436,32120,0.41,0.31,1,272671,272235,436
14031701,35.4,35.8,440,33580,0.442,0.31,1,272693,272253,440
14034621,26.28,7.16,464,35040,0.4964,0.33,1,272717,272253,464
14037541,31.656,33.432,457,36500,0.53928,0.27,1,272750,272293,457
14040461,67.1312,37.0864,495,37960,0.675856,0.23,1,272826,272331,495
14043381,38.2262,66.6173,452,39420,0.847171,0.17,2,272857,272405,452
14211281,28,43,456,33580,0.69,0.35,1,274810,274354,456
14214201,49.6,55.8,452,35040,0.818,0.23,2,274865,274413,452
14217121,55.52,50.36,460,35040,0.9076,0.15,2,274922,274462,460
14354361,81,78,464,27740,0.17,0.41,1,276766,276302,464
14357281,71.4,58.8,479,29200,0.218,0.35,1,276835,276356,479
14360201,52.68,71.76,452,30660,0.4516,0.33,1,276883,276431,452
14363121,61.736,67.952,449,32120,0.67432,0.25,1,276947,276498,449
14366041,59.5472,56.7904,454,33580,0.766864,0.19,2,277006,276552,454
14368961,38.3094,33.7581,459,33580,0.833373,0.21,2,277039,276580,459
14371881,27.6619,29.1516,456,35040,0.926675,0.19,2,277064,276608,456
14453641,36,90,495,37960,0.69,1,1,278176,277681,495
14456561,56.8,44.4,524,37960,0.482,1,1,278238,277714,524
14459481,40.16,44.88,515,37960,0.4084,1,1,278274,277759,515
14462401,56.032,54.576,518,37960,0.29768,1,1,278334,277816,518
14465321,40.0064,39.7152,518,37960,0.339536,1,1,278370,277852,518
14468241,36.0013,32.743,522,37960,0.299907,1,1,278405,277883,522
14471161,24.8003,44.9486,496,37960,0.307981,1,1,278427,277931,496
14474081,27.3601,39.3897,486,37960,0.293596,1,1,278455,277969,486
14477001,29.472,32.6779,485,37960,0.322719,1,1,278485,278000,485
14479921,25.0944,27.3356,483,37960,0.328544,1,1,278509,278026,483
14482841,29.0189,33.4671,478,37960,0.313709,0.94,1,278539,278061,478
14485761,29.0038,36.2934,470,37960,0.262742,0.85,1,278568,278098,470
14488681,33.0008,40.8587,462,37960,0.268548,0.69,1,278602,278140,462
14491601,31.4002,36.9717,457,37960,0.33371,0.43,1,278633,278176,457
14494521,44.68,56.9943,443,37960,0.426742,0.39,1,278681,278238,443
14497441,35.336,40.1989,440,37960,0.397348,0.27,1,278714,278274,440
14500361,49.4672,56.0398,433,37960,0.55147,0.35,1,278767,278334,433
14503281,39.4934,40.008,434,37960,0.550294,0.29,1,278804,278370,434
14506201,35.8987,36.0016,434,37960,0.582059,0.31,1,278839,278405,434
14509121,27.1797,24.8003,437,37960,0.652412,0.29,1,278864,278427,437
14512041,29.4359,27.3601,439,37960,0.794482,0.33,2,278894,278455,439
14514961,29.0872,29.472,438,37960,0.726896,0.33,1,278923,278485,438
14517881,23.4174,25.0944,436,37960,0.825379,0.31,2,278945,278509,436
14520801,27.0835,29.0189,434,37960,0.861076,0.25,2,278973,278539,434
14637601,35,28,512,39420,0.87,1,2,280464,279952,512
14640521,30.2,36.8,502,39420,0.838,1,2,280493,279991,502
14643441,36.44,30.56,511,39420,0.7836,1,2,280531,280020,511
14646361,40.088,54.112,492,39420,0.80472,1,2,280572,280080,492
14649281,45.6176,42.8224,499,39420,0.872944,1,2,280619,280120,499
14652201,39.5235,53.3645,481,39420,0.886589,1,2,280657,280176,481
14655121,42.3047,45.8729,480,39420,0.889318,1,2,280700,280220,480
14658041,47.6609,44.3746,485,40880,0.889864,1,2,280749,280264,485
14785061,50,57,452,33580,0.01,0.25,1,282566,282114,452
14793821,90.8,110.6,429,33580,0.186,0.01,1,282667,282238,429
14799661,81.36,90.92,422,33580,0.3012,0.07,1,282746,282324,422
14827401,56.272,58.184,422,33580,0.53224,0.01,1,282796,282374,422
14830321,36.8544,23.6368,439,35040,0.530448,0.07,1,282828,282389,439
14833241,24.9709,33.5274,425,36500,0.72209,0.07,1,282850,282425,425
14836161,21.7942,6.70547,446,37960,0.744418,0.01,1,282871,282425,446
14839081,46.7588,36.5411,455,37960,0.860884,0.01,2,282924,282469,455
14941281,39,0,554,48180,0.55,1,1,284194,283640,554
14944201,35,27.2,554,48180,0.518,1,1,284228,283674,554
14945661,31.8,33.44,550,48180,0.4476,1,1,284259,283709,550
14957341,379.96,471.488,436,33580,0.44952,0,1,284726,284290,436
15001141,137.592,167.898,421,33580,0.545904,0.01,1,284803,284382,421
15004061,57.1184,50.3795,437,35040,0.693181,0.03,1,284840,284403,437
15006981,54.6237,49.2759,442,36500,0.802636,0.05,2,284894,284452,442
15135461,39,34,505,40880,0.83,1,2,286540,286035,505
15138381,35,38.8,499,40880,0.83,1,2,286574,286075,499
15141301,28.6,33.36,494,40880,0.846,0.94,2,286601,286107,494
15144221,34.52,28.272,503,40880,0.7852,1,2,286637,286134,503
15147141,35.704,37.6544,499,40880,0.85304,1,2,286673,286174,499
15150061,23.1408,34.7309,485,40880,0.850608,0.95,2,286693,286208,485
15152981,26.2282,34.1462,478,40880,0.850122,0.96,2,286720,286242,478
15155901,31.6456,29.2292,483,40880,0.818024,1,2,286753,286270,483
15158821,31.1291,29.0458,485,40880,0.843605,0.93,2,286784,286299,485
15307741,32,16,455,29200,0.49,0.35,1,288730,288275,455
15310661,28.8,28,452,30660,0.522,0.35,1,288758,288306,452
15313581,37.76,30.4,461,32120,0.6404,0.37,1,288798,288337,461
15316501,47.552,23.68,489,33580,0.77608,0.41,2,288848,288359,489
15319421,65.5104,63.136,486,35040,0.803216,0.43,2,288918,288432,486
15322341,46.7021,59.0272,470,35040,0.888643,0.43,2,288960,288490,470
15466881,45,55,470,30660,0.23,0.59,1,290812,290342,470
15469801,67.4,51,493,32120,0.182,0.39,1,290885,290392,493
15472721,73.48,75.8,486,33580,0.3324,0.15,1,290960,290474,486
15475641,54.696,69.56,468,35040,0.45848,0.01,1,291010,290542,468
15478561,37.3392,65.112,437,36500,0.563696,0.01,1,291043,290606,437
15481481,32.2678,32.2224,444,36500,0.648739,0.05,1,291074,290630,444
15484401,30.4536,29.6445,445,36500,0.713748,0.07,1,291104,290659,445
15487321,19.6907,30.7289,431,36500,0.82275,0.07,2,291121,290690,431
15490241,12.7381,20.5458,424,36500,0.86055,0.25,2,291132,290708,424
15580761,92,52,574,40880,0.61,1,1,292376,291802,574
15583681,45.6,82.4,518,40880,0.594,1,1,292410,291892,518
15586601,33.12,42.08,516,40880,0.4788,1,1,292440,291924,516
15589521,21.824,30.016,508,40880,0.47176,1,1,292459,291951,508
15592441,20.3648,29.2032,499,40880,0.470352,1,1,292479,291980,499
15595361,31.273,36.2406,495,40880,0.40607,1,1,292513,292018,495
15598281,30.2546,32.0481,494,40880,0.377214,1,1,292543,292049,494
15601201,24.4509,24.0096,495,40880,0.323443,0.94,1,292566,292071,495
15604121,24.8902,35.2019,482,40880,0.312689,1,1,292591,292109,482
15607041,28.178,34.2404,477,40880,0.246538,1,1,292620,292143,477
15609961,30.4356,30.0481,479,40880,0.201308,1,1,292651,292172,479
15612881,26.0871,34.8096,468,40880,0.208262,0.9,1,292676,292208,468
15615801,31.6174,34.9619,466,40880,0.145652,0.79,1,292709,292243,466
15618721,31.9235,39.7924,457,40880,0.13313,0.61,1,292741,292284,457
15621641,75.9847,81.5585,452,40880,0.194626,0.59,1,292828,292376,452
15624561,39.1969,43.5117,448,40880,0.318925,0.45,1,292858,292410,448
15627481,28.6394,32.7023,444,40880,0.391785,0.47,1,292884,292440,444
15630401,23.3279,21.7405,447,40880,0.390357,0.47,1,292906,292459,447
15633321,19.0656,20.3481,445,40880,0.438071,0.39,1,292924,292479,445
15636241,27.0131,31.2696,440,40880,0.543614,0.37,1,292953,292513,440
15639161,29.4026,30.2539,440,40880,0.628723,0.31,1,292983,292543,440
15642081,21.8805,24.4508,437,40880,0.709745,0.31,1,293003,292566,437
15645001,22.7761,24.8902,435,40880,0.757949,0.23,2,293026,292591,435
15647921,25.3552,28.178,432,40880,0.89559,0.19,2,293052,292620,432
15750121,31,27,503,40880,0.81,1,2,294320,293817,503
15753041,31.8,23,513,40880,0.746,1,1,294352,293839,513
15755961,25.56,27.8,508,40880,0.6852,1,1,294376,293868,508
15758881,31.512,33.56,506,40880,0.62504,1,1,294409,293903,506
15761801,31.9024,29.912,509,40880,0.549008,1,1,294441,293932,509
15764721,29.5805,23.5824,516,40880,0.501802,1,1,294470,293954,516
15767641,17.1161,31.9165,496,42340,0.44436,1,1,294484,293988,496
15770561,29.8232,31.1833,498,42340,0.368872,1,1,294517,294019,498
15773481,31.5646,28.6367,502,42340,0.369774,1,1,294549,294047,502
15776401,27.9129,29.7273,499,42340,0.305955,1,1,294576,294077,499
15779321,19.9826,31.5455,485,42340,0.325191,1,1,294594,294109,485
15782241,28.7965,39.9091,474,42340,0.361038,0.97,1,294625,294151,474
15785161,75.3593,81.5818,469,42340,0.320208,0.91,1,294712,294243,469
15788081,47.8719,53.1164,464,42340,0.248042,0.81,1,294753,294289,464
15791001,28.7744,35.4233,457,42340,0.249608,0.73,1,294777,294320,457
15793921,28.1549,32.6847,453,42340,0.281922,0.67,1,294805,294352,453
15796841,22.431,25.7369,450,42340,0.320384,0.61,1,294826,294376,450
15799761,30.8862,31.5474,450,43800,0.392077,0.53,1,294859,294409,450
15802681,28.5772,31.9095,446,43800,0.534415,0.49,1,294887,294441,446
15805601,24.1154,29.5819,440,43800,0.626883,0.49,1,294910,294470,440
15808521,16.8231,5.91638,455,43800,0.661377,0.43,1,294925,294470,455
15811441,26.5646,12.3833,470,43800,0.780275,0.35,2,294954,294484,470
15814361,29.3129,28.8767,467,43800,0.788055,0.37,2,294984,294517,467
15817281,28.2626,31.3753,463,43800,0.837611,0.29,2,295012,294549,463
15820201,20.8525,27.8751,455,43800,0.847522,0.33,2,295031,294576,455
15823121,28.9705,19.975,468,43800,0.929504,0.37,2,295062,294594,468
15957441,65,74,462,37960,0.51,0.67,1,296967,296505,462
15964741,46.6,56.4,452,37960,0.59,0.47,1,297009,296557,452
15969121,41.32,48.08,446,37960,0.622,0.45,1,297049,296603,446
16002701,29.864,35.216,441,37960,0.7244,0.43,1,297076,296635,441
16005621,30.7728,19.8432,456,39420,0.79288,0.41,2,297107,296651,456
16008541,40.5546,26.3686,471,40880,0.854576,0.37,2,297150,296679,471
16148701,36,42,457,35040,0.47,0.27,1,298891,298434,457
16182281,217.6,234,438,35040,0.742,0.33,1,299154,298716,438
16185201,58.72,58.8,442,36500,0.8284,0.27,2,299173,298731,442
16188121,18.144,23.76,435,37960,0.82968,0.27,2,299181,298746,435
16191041,18.8288,19.952,435,37960,0.925936,0.37,2,299200,298765,435
16335581,27,16,432,30660,0.49,0.03,1,301161,300729,432
16338501,22.2,14.4,439,32120,0.522,0.03,1,301182,300743,439
16341421,23.64,31.68,427,33580,0.6724,0.13,1,301206,300779,427
16344341,39.928,17.536,457,35040,0.65448,0.17,1,301250,300793,457
16347261,39.9856,49.9072,439,35040,0.650896,0.31,1,301290,300851,439
16494721,66,35,489,29200,0.21,0.35,1,303311,302822,489
16497641,92.4,95,478,30660,0.418,0.11,1,303410,302932,478
16500561,51.28,82.2,440,32120,0.5556,0.03,1,303451,303011,440
16503481,36.656,43.64,439,32120,0.50312,0.03,1,303484,303045,439
16506401,30.5312,32.728,438,32120,0.508624,0.09,1,303513,303075,438
16509321,23.7062,27.3456,434,32120,0.525725,0.07,1,303535,303101,434
16512241,27.1412,19.0691,445,32120,0.657145,0.11,1,303563,303118,445
16515161,48.6282,29.4138,467,32120,0.779429,0.11,2,303617,303150,467
16611521,35,25,524,33580,0.79,1,2,305036,304512,524
16614441,37.4,41.8,516,33580,0.742,1,1,305074,304558,516
16617361,41.08,42.76,515,33580,0.7804,1,2,305116,304601,515
16620281,34.616,34.152,516,33580,0.78808,1,2,305149,304633,516
16623201,94.9232,43.6304,580,33580,0.757616,1,2,305259,304679,580
16626121,56.5846,99.1261,514,33580,0.783523,1,2,305306,304792,514
16629041,49.7169,53.4252,520,33580,0.724705,0.93,1,305354,304834,520
16631961,37.1434,50.685,504,33580,0.712941,0.99,1,305388,304884,504
16634881,32.2287,37.337,501,33580,0.678588,0.99,1,305419,304918,501
16637801,24.8457,33.8674,491,33580,0.655718,0.85,1,305442,304951,491
16640721,20.9691,27.5735,485,33580,0.667144,0.87,1,305462,304977,485
16643641,32.1938,24.7147,496,33580,0.653429,0.79,1,305497,305001,496
16646561,36.8388,32.9429,499,33580,0.618686,0.73,1,305535,305036,499
16649481,40.9678,36.9886,503,33580,0.691737,0.79,1,305577,305074,503
16652401,34.5936,40.9977,494,33580,0.706347,0.79,1,305610,305116,494
16655321,90.9187,34.5995,566,33580,0.725269,0.75,1,305715,305149,566
16658241,58.9837,94.9199,507,33580,0.681054,0.79,1,305766,305259,507
16661161,43.7967,56.584,500,33580,0.736211,0.71,1,305806,305306,500
16664081,39.9593,49.7168,491,33580,0.779242,0.71,2,305845,305354,491
16667001,31.1919,37.1434,486,33580,0.755848,0.67,2,305874,305388,486
16669921,23.8384,32.2287,477,33580,0.75117,0.65,2,305896,305419,477
16672841,19.9677,24.8457,473,33580,0.734234,0.67,1,305915,305442,473
16675761,31.9935,20.9691,488,33580,0.778847,0.65,2,305950,305462,488
16678681,36.7987,32.1938,491,33580,0.787769,0.61,2,305988,305497,491
16681601,42.5597,36.8388,497,33580,0.869554,0.71,2,306032,305535,497
16684521,35.7119,40.9678,489,33580,0.885911,0.71,2,306066,305577,489
16687441,91.9424,34.5936,562,33580,0.921182,0.73,2,306172,305610,562
16804241,31,32,507,43800,0.81,1,2,307755,307248,507
16807161,26.2,28.8,504,43800,0.762,1,2,307780,307276,504
16810081,27.64,24.16,509,43800,0.7204,1,1,307808,307299,509
16813001,31.128,32.032,507,45260,0.74408,1,1,307840,307333,507
16815921,23.8256,32.8064,496,45260,0.796816,1,2,307862,307366,496
16818841,14.3651,29.7613,479,45260,0.839363,0.89,2,307874,307395,479
16821761,28.473,32.3523,478,45260,0.927873,1,2,307906,307428,478
16824681,31.2946,30.4705,480,45260,0.961574,1,2,307938,307458,480
16935641,61,61,475,40880,0.19,1,1,309575,309100,475
16942941,35.4,39.4,470,40880,0.286,0.65,1,309604,309134,470
16947321,57.48,72.68,452,40880,0.3372,0.63,1,309667,309215,452
16953161,21.096,25.736,450,40880,0.33144,0.39,1,309679,309229,450
16959001,33.0192,43.5472,438,40880,0.378288,0.29,1,309715,309277,438
16989661,39.4038,44.7094,434,40880,0.387658,0.25,1,309756,309322,434
16992581,31.0808,23.3419,445,42340,0.469532,0.09,1,309785,309340,445
16995501,33.4162,33.4684,443,43800,0.565906,0.05,1,309819,309376,443
16998421,27.4832,33.0937,436,45260,0.729181,0.09,1,309845,309409,436
17001341,16.6966,27.4187,424,45260,0.793836,0.09,2,309859,309435,424
17004261,4.93933,5.48375,426,46720,0.806767,0.03,2,309861,309435,426
17105001,32,37,469,36500,0.23,1,1,311425,310956,469
17148801,20,19.4,471,36500,0.262,0.76,1,311442,310971,471
17151721,43.2,36.68,479,37960,0.3004,0.57,1,311491,311012,479
17154641,53.44,54.536,476,39420,0.34008,0.41,1,311547,311071,476
17157561,54.688,52.5072,479,40880,0.492016,0.21,1,311602,311123,479
17160481,36.5376,64.1014,444,40880,0.522403,0.17,1,311634,311190,444
17163401,28.1075,36.8203,440,40880,0.640481,0.13,1,311660,311220,440
17166321,24.8215,26.5641,440,40880,0.632096,0.09,1,311684,311244,440
17169241,33.7643,32.5128,442,40880,0.726419,0.09,1,311720,311278,442
17172161,25.9529,30.5026,436,40880,0.777284,0.09,2,311744,311308,436
17175081,16.3906,21.3005,431,40880,0.851457,0.13,2,311758,311327,431
17178001,10.4781,12.2601,430,40880,0.786291,0.09,2,311767,311337,430
17350281,130,164,434,30660,0.51,0.33,1,313892,313458,434
17353201,52.4,47.2,449,32120,0.638,0.29,1,313925,313476,449
17356121,38.48,35.04,452,33580,0.7116,0.19,1,313960,313508,452
17359041,31.696,34.208,448,35040,0.77432,0.17,2,313990,313542,448
17361961,35.1392,38.0416,445,36500,0.914864,0.15,2,314026,313581,445
17487521,53,69,449,29200,0.29,0.21,1,315693,315244,449
17490441,80.2,86.6,445,30660,0.45,0.17,1,315780,315335,445
17493361,42.44,43.72,445,32120,0.482,0.21,1,315813,315368,445
17496281,39.688,41.544,443,33580,0.5844,0.21,1,315852,315409,443
17499201,44.7376,40.3088,449,33580,0.66888,0.23,1,315898,315449,449
17502121,35.3475,34.4618,449,33580,0.733776,0.19,1,315931,315482,449
17505041,20.6695,31.6924,435,33580,0.698755,0.11,1,315948,315513,435
17507961,28.1339,27.9385,438,33580,0.819751,0.23,2,315978,315540,438
17510881,54.4268,49.5877,444,33580,0.79595,0.21,2,316039,315595,444
17513801,54.0854,45.9175,453,33580,0.82319,0.31,2,316093,315640,453
17516721,38.8171,40.3835,449,33580,0.780638,0.29,2,316128,315679,449
17639361,35,32,502,35040,0.81,1,2,317850,317348,502
17642281,27,28.8,499,35040,0.81,1,2,317875,317376,499
17645201,31,28.16,503,35040,0.73,1,1,317907,317404,503
17648121,48.6,58.432,490,35040,0.682,1,1,317960,317470,490
17651041,42.52,42.8864,492,35040,0.6884,1,1,318001,317509,492
17653961,50.904,47.7773,496,35040,0.65768,0.92,1,318054,317558,496
17656881,86.1808,93.5555,486,35040,0.715536,0.97,1,318149,317663,486
17659801,39.6362,49.1111,476,35040,0.743107,0.96,1,318177,317701,476
17662721,31.1272,34.6222,474,35040,0.764621,0.97,2,318206,317732,474
17665641,27.0254,31.7244,469,35040,0.832924,0.91,2,318232,317763,469
17668561,17.4051,23.1449,463,35040,0.878585,0.81,2,318247,317784,463
17671481,29.081,29.429,464,35040,0.951717,0.81,2,318279,317815,464
17770761,32,31,511,40880,0.85,1,2,319664,319153,511
17773681,31.2,31,511,40880,0.834,1,2,319695,319184,511
17776601,27.84,23.8,516,40880,0.8788,1,2,319722,319206,516
17779521,25.568,27.16,513,40880,0.88776,1,2,319747,319234,513
17782441,32.3136,33.432,512,42340,0.937552,1,2,319781,319269,512
17937201,71,84,468,40880,0.91,1,2,321924,321456,468
18071521,36,50,511,33580,0.69,1,1,323250,322739,511
18074441,85.6,38.8,573,33580,0.658,1,1,323348,322775,573
18077361,49.12,91.76,508,33580,0.6036,1,1,323388,322880,508
18080281,46.624,71.152,488,33580,0.72072,1,1,323434,322946,488
18083201,42.1248,39.8304,497,33580,0.744144,1,1,323475,322978,497
18086121,34.025,47.1661,480,33580,0.780829,1,2,323507,323027,480
18089041,34.005,37.4332,479,33580,0.772166,0.93,2,323541,323062,479
18091961,26.001,32.2866,472,33580,0.786433,0.97,2,323565,323093,472
18094881,30.0002,32.8573,470,33580,0.837287,0.97,2,323596,323126,470
18097801,27.6,6.57147,497,35040,0.879457,0.89,2,323623,323126,497
18100721,43.92,30.1143,509,35040,0.871891,0.69,2,323671,323162,509
18103641,35.184,47.6229,490,35040,0.886378,0.69,2,323704,323214,490
18106561,87.0368,38.3246,554,35040,0.889276,0.65,2,323804,323250,554
18109481,48.6074,86.0649,495,35040,0.969855,0.59,2,323843,323348,495
18213141,69,82,495,26280,0.31,0.61,1,325377,324882,495
18216061,50.6,66,479,27740,0.406,0.39,1,325423,324944,479
18218981,52.52,55.6,479,29200,0.5052,0.07,1,325476,324997,479
18221901,36.104,67.92,440,30660,0.65304,0.05,1,325508,325068,440
18224821,34.4208,40.784,440,30660,0.762608,0.03,2,325542,325102,440
18227741,41.2842,40.9568,442,32120,0.784522,0.09,2,325585,325143,442
18230661,51.4568,38.5914,458,32120,0.852904,0.09,2,325639,325181,458
18233581,86.2914,33.3183,521,32120,0.898581,0.15,2,325734,325213,521
18236501,18.8583,82.6637,428,32120,0.923716,0.31,2,325736,325308,428
18338701,47,30,503,35040,0.71,1,1,327244,326741,503
18341621,35,28.4,507,35040,0.71,1,1,327276,326769,507
18344541,32.6,51.28,482,35040,0.614,1,1,327308,326826,482
18347461,45.72,36.656,498,35040,0.4668,1,1,327357,326859,498
18350381,37.944,28.9312,507,35040,0.42136,1,1,327393,326886,507
18353301,33.9888,39.3862,498,35040,0.348272,1,1,327426,326928,498
18356221,33.1978,35.8772,496,35040,0.333654,1,1,327459,326963,496
18359141,31.4396,31.1754,497,35040,0.362731,1,1,327490,326993,497
18362061,31.8879,27.8351,502,35040,0.384546,1,1,327522,327020,502
18364981,28.7776,42.367,484,35040,0.436909,0.85,1,327550,327066,484
18367901,67.3555,86.8734,463,35040,0.671382,0.81,1,327627,327164,463
18370821,38.2711,43.7747,461,35040,0.782276,0.71,2,327658,327197,461
18373741,38.0542,46.3549,452,35040,0.876455,0.71,2,327696,327244,452
18849701,384,427,431,32120,0.73,0.15,1,333707,333276,431
18852621,116.8,112.6,447,33580,0.858,0.29,2,333757,333310,447
18978181,59,55,477,29200,0.31,0.31,1,335452,334975,477
18981101,42.2,59,455,30660,0.502,0.07,1,335490,335035,455
18984021,45.24,46.2,458,32120,0.5724,0.09,1,335536,335078,458
18986941,104.248,120.44,438,33580,0.66648,0.05,1,335655,335217,438
18989861,43.2496,44.888,440,33580,0.797296,0.11,2,335683,335243,440
18992781,27.0499,38.5776,426,33580,0.823459,0.09,2,335706,335280,426
18995701,35.01,28.5155,437,33580,0.796692,0.09,2,335743,335306,437
18998621,20.602,22.5031,433,33580,0.823338,0.13,2,335760,335327,433
19134401,26,15,485,27740,0.83,0.95,2,337776,337291,485
19254121,54,59,470,29200,0.39,0.61,1,339569,339099,470
19257041,59.6,59,472,29200,0.518,0.49,1,339630,339158,472
19259961,52.72,59.8,463,29200,0.6716,0.33,1,339681,339218,463
19262881,61.744,68.76,456,30660,0.83032,0.39,2,339745,339289,456
19265801,31.5488,38.552,449,30660,0.894064,0.35,2,339769,339320,449
19331501,33,38,514,32120,0.69,1,1,340808,340294,514
19366541,412.2,482,428,21900,0.306,0.05,1,341315,340887,428
19369461,140.04,141.2,444,23360,0.1972,0.03,1,341387,340943,444
19372381,74.408,78.64,439,24820,0.20744,0.07,1,341445,341006,439
19375301,144.482,93.328,504,26280,0.433488,0.15,1,341607,341103,504
19378221,51.2963,81.8656,453,27740,0.542698,0.11,1,341635,341182,453
19381141,35.8593,38.7731,457,29200,0.61254,0.17,1,341667,341210,457
19384061,28.7719,30.9546,455,29200,0.578508,0.15,1,341694,341239,455
19386981,10.5544,26.1909,436,29200,0.603702,0.21,1,341700,341264,436
19389901,40.5109,46.0382,433,29200,0.64074,0.17,1,341748,341315,433
19392821,64.9022,66.8076,432,29200,0.664148,0.17,1,341819,341387,432
19395741,56.9804,13.3615,487,30660,0.57283,0.21,1,341874,341387,487
19398661,12.9961,49.0723,431,30660,0.586566,0.49,1,341876,341445,431
19401581,144.199,139.414,446,30660,0.733313,0.49,1,342053,341607,446
19404501,55.2398,27.8829,479,30660,0.778663,0.57,2,342086,341607,479
19407421,12.648,27.9766,453,30660,0.787733,0.63,2,342088,341635,453
19410341,26.5296,31.1953,451,30660,0.837546,0.57,2,342118,341667,451
19413261,29.3059,27.8391,454,30660,0.879509,0.61,2,342148,341694,454
19416181,7.46118,10.3678,450,30660,0.919902,0.65,2,342150,341700,450
19419101,41.4922,40.4736,452,30660,0.94398,0.67,2,342200,341748,452
19422021,64.2984,64.8947,451,32120,0.916796,0.67,2,342270,341819,451
19424941,55.2597,12.9789,504,32120,0.895359,0.55,2,342323,341819,504
19427861,12.6519,46.5958,451,32120,0.891072,0.59,2,342325,341874,451
19624961,35,37,507,32120,0.79,1,2,345654,345147,507
19627881,39,27.4,522,32120,0.678,1,1,345694,345172,522
19630801,35,19.08,539,32120,0.5116,1,1,345728,345189,539
19632261,34.2,26.216,545,32120,0.51032,1,1,345762,345217,545
19667301,470.04,553.243,439,21900,0.302064,0.33,1,346341,345902,439
19670221,161.208,161.049,460,23360,0.468413,0.25,1,346425,345965,460
19673141,45.0416,69.0097,430,24820,0.645683,0.19,1,346441,346011,430
19784101,136,139,456,23360,0.39,0.37,1,348329,347873,456
19787021,68,69.4,455,24820,0.438,0.19,1,348380,347925,455
19789941,78.4,71.48,464,26280,0.6396,0.09,1,348461,347997,464
19792861,37.28,59.096,435,27740,0.75992,0.07,2,348488,348053,435
19795781,37.856,39.8192,438,29200,0.815984,0.07,2,348526,348088,438
19798701,23.5712,33.5638,426,29200,0.827197,0.09,2,348546,348120,426
19801621,54.3142,12.3128,481,29200,0.861439,0.09,2,348608,348127,481
19804541,19.6628,55.2626,426,29200,0.916288,0.39,2,348619,348193,426
20000181,80,84,459,24820,0.57,0.23,1,351810,351351,459
20003101,73.6,64,472,26280,0.714,0.05,1,351882,351410,472
20006021,42.72,68,438,27740,0.8228,0.07,2,351917,351479,438
20081941,35,30,497,32120,0.41,1,1,353156,352659,497
20084861,49.4,49.2,496,32120,0.25,1,1,353209,352713,496
20087781,41.08,40.24,497,32120,0.154,1,1,353248,352751,497
20090701,63.416,56.848,505,32120,0.0308,1,1,353317,352812,505
20093621,41.4832,41.7696,503,32120,0.03016,1,1,353353,352850,503
20096541,30.6966,33.9539,499,32120,0.030032,0.99,1,353381,352882,499
20099461,37.3393,33.9908,504,32120,0.0780064,1,1,353420,352916,504
20102381,35.4679,34.7982,504,32120,0.0876013,1,1,353455,352951,504
20105301,24.6936,35.7596,490,32120,0.0895203,0.79,1,353477,352987,490
20108221,57.7387,83.9519,460,32120,0.137904,0.57,1,353543,353083,460
20111141,30.7477,47.1904,446,32120,0.243581,0.41,1,353567,353121,446
20114061,27.7495,37.4381,438,32120,0.312716,0.21,1,353594,353156,438
20116981,43.1499,49.8876,432,32120,0.342543,0.13,1,353641,353209,432
20119901,36.63,41.1775,428,32120,0.396509,0,1,353676,353248,428
20122821,57.726,63.4355,422,32120,0.599302,0.03,1,353739,353317,422
20125741,41.9452,41.4871,424,32120,0.68786,0.03,1,353777,353353,424
20128661,29.189,30.6974,422,32120,0.657572,0.09,1,353803,353381,422
20227941,33,45,489,33580,0.87,1,2,355283,354794,489
20230861,47.4,42.6,498,33580,0.806,1,2,355334,354836,498
20233781,39.88,34.92,503,33580,0.7292,1,1,355372,354869,503
20236701,47.176,54.984,492,33580,0.69784,1,1,355421,354929,492
20239621,36.6352,43.7968,485,33580,0.627568,1,1,355455,354970,485
20242541,35.327,36.7594,485,33580,0.597514,1,1,355490,355005,485
20245461,51.0654,57.7519,477,33580,0.543503,1,1,355545,355068,477
20248381,49.4131,43.5504,486,35040,0.468701,1,1,355594,355108,486
20251301,45.0826,56.7101,470,35040,0.45374,0.94,1,355638,355168,470
20254221,49.8165,47.342,476,35040,0.458748,0.94,1,355689,355213,476
20257141,34.7633,9.4684,507,35040,0.45175,0.93,1,355720,355213,507
20260061,28.5527,31.4937,497,35040,0.46635,0.87,1,355747,355250,497
20262981,39.3105,32.6987,506,35040,0.51727,0.79,1,355789,355283,506
20265901,36.6621,47.3397,491,35040,0.623454,0.71,1,355825,355334,491
20268821,45.7324,39.8679,501,36500,0.756691,0.69,2,355873,355372,501
20271741,32.3465,47.1736,481,36500,0.831338,0.61,2,355902,355421,481
20568121,21,28,477,32120,0.89,1,2,359693,359216,477
20576881,256.2,263.2,470,30660,0.714,0.75,1,360008,359538,470
20581261,108.04,119.84,457,32120,0.6308,0.93,1,360079,359622,457
20613381,122.408,114.368,470,32120,0.83816,0.85,2,360205,359735,470
20711201,90,13,552,27740,0.29,0.96,1,361708,361156,552
20714121,63.6,79.4,513,29200,0.274,0.61,1,361765,361252,513
20717041,47.12,78.28,478,30660,0.2228,0.43,1,361808,361330,478
20719961,43.024,54.856,471,30660,0.22856,0.33,1,361850,361379,471
20722881,38.2048,54.1712,454,30660,0.229712,0.31,1,361887,361433,454
20725801,38.841,42.8342,453,30660,0.229942,0.29,1,361926,361473,453
20728721,37.3682,38.1668,453,30660,0.245988,0.31,1,361963,361510,453
20731641,37.8736,36.4334,455,30660,0.313198,0.33,1,362001,361546,455
20734561,50.7747,36.0867,473,30660,0.39064,0.31,1,362055,361582,473
20737481,80.5549,36.0173,525,32120,0.678128,0.29,1,362143,361618,525
20740401,17.711,79.2035,437,32120,0.703626,0.27,1,362145,361708,437
20743321,48.3422,61.4407,436,32120,0.868725,0.27,2,362201,361765,436
20830921,33,31,491,32120,0.43,1,1,363508,363017,491
20833841,59.4,67,481,32120,0.19,1,1,363574,363093,481
20836761,42.28,39,487,32120,0.038,1,1,363612,363125,487
20839681,38.056,35.8,489,32120,0.0476,1,1,363649,363160,489
20842601,37.2112,43.16,481,32120,0.03352,1,1,363686,363205,481
20845521,48.2422,41.432,491,32120,0.030704,1,1,363737,363246,491
20848441,41.6484,38.6864,493,32120,0.0301408,1,1,363777,363284,493
20851361,43.5297,52.5373,481,32120,0.0780282,1,1,363821,363340,481
20854281,31.9059,41.7075,471,32120,0.0716056,0.69,1,363850,363379,471
20857201,43.9812,56.3415,458,32120,0.102321,0.57,1,363897,363439,458
20860121,27.9962,40.0683,446,32120,0.108464,0.43,1,363921,363475,446
20863041,25.5992,34.4137,438,32120,0.141693,0.13,1,363946,363508,438
20865961,48.3198,59.6827,426,32120,0.196339,0,1,364000,363574,426
20868881,40.064,42.3365,426,32120,0.271268,0.05,1,364038,363612,426
20871801,36.0128,38.0673,424,32120,0.382254,0.03,1,364073,363649,424
20874721,35.2026,37.2135,422,32120,0.500451,0.03,1,364108,363686,422
20877641,47.8405,48.2427,422,32120,0.58809,0.03,1,364159,363737,422
20880561,41.5681,41.6485,422,32120,0.685618,0.09,1,364199,363777,422
20883481,45.1136,43.5297,424,32120,0.785124,0.07,2,364245,363821,424
20886401,33.0227,31.9059,425,32120,0.805025,0.11,2,364275,363850,425
20985681,40,40,493,39420,0.59,1,1,365716,365223,493
20988601,38.4,37.6,494,39420,0.446,1,1,365754,365260,494
20991521,42.08,40.32,496,39420,0.3372,1,1,365797,365301,496
20994441,36.416,8.064,531,39420,0.25144,1,1,365832,365301,531
20997361,36.0832,37.6128,522,40880,0.218288,1,1,365868,365346,522
21000281,45.6166,35.5226,535,40880,0.195658,1,1,365916,365381,535
21003201,30.7233,44.7045,515,40880,0.191132,1,1,365943,365428,515
21006121,34.9447,41.7409,510,42340,0.126226,1,1,365979,365469,510
21009041,27.7889,40.3482,496,42340,0.129245,0.92,1,366005,365509,496
21011961,39.1578,56.0696,478,42340,0.145849,0.99,1,366047,365569,478
21014881,35.8316,40.0139,477,42340,0.10117,0.81,1,366082,365605,477
21017801,29.5663,40.0028,465,42340,0.220234,0.71,1,366110,365645,465
21020721,23.5133,32.8006,456,42340,0.276047,0.71,1,366132,365676,456
21023641,31.1027,6.56011,489,42340,0.319209,0.59,1,366165,365676,489
21026561,30.2205,33.312,479,43800,0.391842,0.41,1,366195,365716,479
21029481,34.8441,37.0624,477,43800,0.470368,0.31,1,366231,365754,477
21032401,31.7688,41.8125,465,43800,0.726074,0.23,1,366262,365797,465
21035321,7.95376,36.3625,432,43800,0.777215,0.21,2,366264,365832,432
21133141,100,94,480,36500,0.05,0.92,1,367826,367346,480
21140441,33.6,41.2,469,36500,0.05,0.75,1,367843,367374,469
21153581,45.92,53.04,462,36500,0.098,0.33,1,367892,367430,462
21185701,98.784,123.408,433,36500,0.2356,0.25,1,368004,367571,433
21188621,38.9568,36.6816,442,37960,0.34312,0.09,1,368028,367586,442
21191541,40.5914,36.9363,446,39420,0.460624,0.05,1,368069,367623,446
21194461,31.3183,36.9873,438,40880,0.612125,0.05,1,368098,367660,438
21197381,17.4637,19.3975,437,42340,0.626425,0.01,1,368112,367675,437
21200301,33.8927,31.0795,441,42340,0.645285,0.07,1,368150,367709,441
21203221,30.7785,31.8159,439,42340,0.729057,0.01,1,368180,367741,439
21206141,60.5557,43.9632,460,42340,0.793811,0.05,2,368248,367788,460
21209061,41.7111,52.7926,442,43800,0.870762,0.11,2,368285,367843,442
21340461,96,112,445,36500,0.43,0.35,1,370160,369715,445
21349221,41.6,50.4,438,36500,0.526,0.25,1,370188,369750,438
21353601,98.72,103.68,434,36500,0.6892,0.31,1,370301,369867,434
21357981,30.944,32.736,433,36500,0.75384,0.19,2,370315,369882,433
21388641,18.9888,19.3472,433,36500,0.782768,0.25,2,370331,369898,433
21391561,15.7978,12.6694,437,37960,0.804554,0.23,2,370346,369909,437
21394481,39.9596,24.1339,456,39420,0.888911,0.33,2,370392,369936,456
21625161,76,71,484,26280,0.11,1,1,373536,373052,484
21628081,112.8,28.6,588,27740,0.11,1,1,373658,373070,588
21631001,53.76,104.92,503,29200,0.094,1,1,373697,373194,503
21633921,37.952,60.984,487,30660,0.1388,0.99,1,373731,373244,487
21636841,45.1904,43.3968,495,30660,0.17976,0.83,1,373778,373283,495
21639761,37.0381,45.4794,484,30660,0.235952,0.81,1,373813,373329,484
21642681,29.0076,41.0959,471,30660,0.27919,0.59,1,373840,373369,471
21645601,25.8015,37.0192,460,30660,0.271838,0.45,1,373865,373405,460
21648521,29.9603,36.2038,455,30660,0.238368,0.27,1,373896,373441,455
21651441,59.5921,36.8408,485,30660,0.375674,0.11,1,373963,373478,485
21654361,108.718,53.7682,548,30660,0.691135,0.11,1,374084,373536,548
21657281,23.3437,108.354,428,30660,0.770227,0.09,2,374086,373658,428
21765321,45,52,461,23360,0.25,0.41,1,375738,375277,461
21768241,44.2,53.6,451,24820,0.266,0.07,1,375782,375331,451
21771161,159.24,137.92,480,26280,0.0932,0.03,1,375970,375490,480
21774081,59.848,87.584,440,27740,0.20264,0.01,1,376005,375565,440
21777001,34.3696,53.5168,423,29200,0.368528,0.09,1,376033,375610,423
21779921,32.4739,34.7034,425,29200,0.337706,0.07,1,376065,375640,425
21782841,30.4948,20.5407,438,29200,0.347541,0.05,1,376095,375657,438
21785761,26.099,32.9081,427,29200,0.429508,0.25,1,376120,375693,427
21788681,45.2198,42.5816,432,29200,0.605902,0.25,1,376170,375738,432
21791601,43.444,8.51632,475,30660,0.68918,0.27,1,376213,375738,475
21794521,10.2888,36.9033,433,30660,0.721836,0.05,1,376215,375782,433
21797441,146.058,157.781,425,30660,0.856367,0.05,2,376395,375970,425
21800361,61.2115,31.5561,465,30660,0.883273,0.23,2,376435,375970,465
21803281,13.8423,34.3112,432,30660,0.888655,0.41,2,376437,376005,432
21806201,29.1685,29.2622,437,30660,0.905731,0.33,2,376470,376033,437
21809121,33.0337,31.4524,439,30660,0.909146,0.35,2,376504,376065,439
21912781,73,68,498,24820,0.65,1,1,378154,377656,498
21915701,174.6,148,530,26280,0.826,0.99,2,378354,377824,530
21918621,72.52,88,504,27740,0.8292,0.93,2,378401,377897,504
21921541,31.304,57.6,475,29200,0.86184,0.75,2,378422,377947,475
21924461,35.8608,40.32,476,29200,0.900368,0.81,2,378459,377983,476
21927381,19.9722,31.264,463,29200,0.924074,0.65,2,378475,378012,463
22032501,42,70,488,27740,0.53,1,1,380365,379877,488
22035421,35.6,40.4,489,29200,0.562,1,1,380399,379910,489
22038341,39.12,37.68,492,29200,0.5524,0.93,1,380439,379947,492
22041261,31.824,33.936,489,29200,0.56648,0.95,1,380469,379980,489
22044181,32.7648,37.1872,484,29200,0.601296,0.99,1,380502,380018,484
22047101,28.953,35.4374,477,30660,0.736259,0.99,1,380530,380053,477
22137621,140,148,487,24820,0.49,0.69,1,382132,381645,487
22140541,107.2,93.6,506,26280,0.554,0.57,1,382231,381725,506
22143461,46.24,80.32,460,27740,0.6308,0.49,1,382262,381802,460
22146381,46.048,48.064,466,29200,0.69416,0.59,1,382308,381842,466
22149301,44.4096,40.0128,472,29200,0.738832,0.65,1,382352,381880,472
22152221,32.8819,36.0026,467,29200,0.843766,0.63,2,382382,381915,467
22155141,16.9764,31.2005,450,29200,0.912753,0.49,2,382395,381945,450
22158061,40.1953,43.8401,449,29200,0.894551,0.49,2,382441,381992,449
22277781,23,24,494,32120,0.83,1,2,384317,383823,494
22280701,19,25.6,486,32120,0.782,1,2,384335,383849,486
22283621,39,34.72,493,32120,0.6444,1,1,384379,383886,493
22286541,105.4,108.544,488,32120,0.50488,1,1,384501,384013,488
22289461,54.68,63.3088,478,32120,0.492976,1,1,384543,384065,478
22292381,65.336,67.0618,478,32120,0.554595,1,1,384611,384133,478
22295301,37.0672,38.2124,477,32120,0.582919,0.91,1,384641,384164,477
22298221,28.2134,29.2425,476,32120,0.604584,0.94,1,384667,384191,476
22301141,26.4427,29.8485,472,32120,0.688917,0.8,1,384693,384221,472
22304061,34.0885,41.1697,464,32120,0.753783,0.75,2,384729,384265,464
22306981,29.2177,31.4339,463,32120,0.814757,0.83,2,384757,384294,463
22309901,21.8435,24.6868,460,32120,0.890951,0.77,2,384777,384317,460
22312821,17.1687,19.3374,458,32120,0.89019,0.61,2,384793,384335,458
22651541,5,0,474,8760,0.35,0.37,1,390785,390311,474
22726001,355,379,424,17520,0.87,0.15,2,393132,392708,424
22809221,241,242,458,17520,0.51,0.03,1,394982,394524,458
22812141,116.2,87.6,494,18980,0.606,0.05,1,395067,394573,494
22815061,54.44,89.52,443,20440,0.7052,0.07,1,395106,394663,443
22817981,39.688,41.104,450,20440,0.83704,0.07,2,395142,394692,450
22820901,19.9376,26.6208,442,20440,0.799408,0.15,2,395157,394715,442
22823821,12.7875,26.1242,427,20440,0.919882,0.51,2,395168,394741,427
22952301,101,208,578,24820,0.57,1,1,398416,397838,578
22955221,51.4,120,519,26280,0.634,1,1,398455,397936,519
22958141,27.88,53.6,504,26280,0.5668,1,1,398477,397973,504
22961061,27.176,43.52,490,26280,0.66536,1,1,398504,398014,490
22963981,34.2352,39.104,488,26280,0.605072,0.99,1,398540,398052,488
22966901,30.847,36.6208,482,26280,0.737014,0.89,1,398570,398088,482
22969821,22.9694,35.3242,468,27740,0.763403,0.57,2,398591,398123,468
23070561,231,282,422,24820,0.35,0.03,1,400418,399996,422
23073481,72.6,69.2,439,26280,0.446,0.05,1,400451,400012,439
23076401,28.92,26.64,441,27740,0.4652,0.13,1,400469,400028,441
23200501,94,84,465,24820,0.31,0.25,1,402533,402068,465
23203421,118,124.8,454,26280,0.678,0.31,1,402657,402203,454
23206341,41.2,47.36,448,27740,0.7196,0.23,1,402679,402231,448
23209261,31.44,28.672,453,27740,0.75992,0.15,2,402708,402255,453
23212181,31.888,31.3344,453,27740,0.863984,0.11,2,402740,402287,453
23215101,19.1776,36.6669,431,27740,0.900797,0.09,2,402756,402325,431
23218021,48.6355,24.9334,465,27740,0.924159,0.15,2,402812,402347,465
23220941,53.7271,53.7867,459,29200,0.944832,0.15,2,402867,402408,459
23372781,32,41,491,29200,0.86,1,2,405456,404965,491
23375701,89.6,90.6,492,29200,0.924,1,2,405560,405068,492
23460381,66,34,557,39420,0.65,1,1,406837,406280,557
23463301,42,78.8,503,39420,0.57,1,1,406873,406370,503
23466221,38.8,44.56,505,39420,0.586,1,1,406911,406406,505
23469141,35.76,35.312,507,39420,0.5732,1,1,406946,406439,507
23472061,51.952,61.4624,495,39420,0.49064,1,1,407002,406507,495
23474981,35.1904,12.2925,526,40880,0.570128,1,1,407033,406507,526
23477901,35.0381,45.6585,507,40880,0.554026,1,1,407068,406561,507
23480821,35.8076,36.3317,509,40880,0.502805,1,1,407104,406595,509
23483741,23.9615,37.6663,492,40880,0.540561,1,1,407125,406633,492
23486661,25.5923,33.1333,486,40880,0.468112,0.95,1,407151,406665,486
23489581,24.3185,36.2267,473,42340,0.517622,0.92,1,407175,406702,473
23492501,27.2637,36.0453,465,42340,0.495524,0.92,1,407203,406738,465
23495421,27.8527,7.20907,493,42340,0.427105,0.83,1,407231,406738,493
23498341,50.3705,27.8418,516,42340,0.381421,0.65,1,407287,406771,516
23501261,37.2741,58.3684,484,43800,0.324284,0.55,1,407321,406837,484
23504181,38.6548,40.4737,487,43800,0.328857,0.59,1,407360,406873,487
23507101,35.731,38.4947,484,43800,0.217771,0.57,1,407395,406911,484
23510021,45.5462,35.6989,497,45260,0.323554,0.47,1,407443,406946,497
23512941,10.7092,51.9398,443,45260,0.360711,0.59,1,407445,407002,443
23515861,31.7418,35.188,449,45260,0.432142,0.55,1,407482,407033,449
23518781,33.5484,35.0376,448,45260,0.446428,0.49,1,407516,407068,448
23521701,37.1097,35.8075,450,46720,0.561286,0.55,1,407554,407104,450
23524621,21.0219,23.9615,446,46720,0.712257,0.45,1,407571,407125,446
23527541,25.0044,25.5923,446,46720,0.790451,0.45,2,407597,407151,446
23530461,23.4009,5.11846,469,46720,0.88609,0.53,2,407620,407151,469
23533381,26.2802,20.2237,472,48180,0.857218,0.49,2,407647,407175,472
23536301,26.056,26.4447,470,48180,0.915444,0.41,2,407673,407203,470
23539221,47.6112,27.6889,495,48180,0.847089,0.37,2,407726,407231,495
23542141,11.1222,50.3378,441,49640,0.833418,0.31,2,407728,407287,441
23545061,27.8244,37.2676,439,49640,0.830684,0.33,2,407760,407321,439
23547981,33.5649,38.6535,435,51100,0.862137,0.19,2,407795,407360,435
23904341,72,77,466,23360,0.59,0.43,1,414483,414017,466
23907261,149.6,150.6,466,24820,0.782,0.55,2,414652,414186,466
23910181,53.12,58.92,459,26280,0.8844,0.41,2,414681,414222,459
23971501,38,40,516,33580,0.71,1,1,415708,415192,516
23974421,37.2,32.8,522,33580,0.534,1,1,415745,415223,522
23977341,34.64,32.16,524,33580,0.3868,1,1,415779,415255,524
24013841,392.528,467.232,430,23360,0.53336,0.01,1,416261,415831,430
24016761,147.306,152.646,442,24820,0.530672,0.13,1,416347,415905,442
24019681,145.461,143.329,446,26280,0.850134,0.31,2,416492,416046,446
24022601,71.4922,59.0659,461,27740,0.898027,0.35,2,416545,416084,461
24110201,40,35,517,27740,0.75,1,2,418096,417579,517
24113121,37.6,34.2,520,27740,0.75,1,1,418133,417613,520
24116041,38.72,38.04,520,27740,0.75,1,1,418172,417652,520
24118961,34.944,35.608,519,27740,0.782,1,2,418206,417687,519
24121881,29.3888,37.5216,509,27740,0.8364,1,2,418234,417725,509
24124801,131.478,34.7043,632,27740,0.73528,0.99,1,418391,417759,632
24127721,47.0956,138.941,493,27740,0.651056,0.95,1,418417,417924,493
24130641,67.8191,52.5882,535,27740,0.650211,0.83,1,418490,417955,535
24133561,35.1638,68.1176,490,27740,0.666042,0.75,1,418517,418027,490
24136481,38.2328,36.8235,500,27740,0.701208,0.75,1,418556,418056,500
24139401,34.0466,39.3647,493,27740,0.692242,0.75,1,418589,418096,493
24142321,40.4093,37.4729,498,27740,0.754448,0.75,2,418631,418133,498
24145241,36.0819,38.6946,494,27740,0.79889,0.79,2,418666,418172,494
24148161,28.0164,34.9389,486,27740,0.823778,0.85,2,418692,418206,486
24247441,35,0,522,37960,0.77,1,2,420428,419906,522
24250361,35.8,27.2,524,37960,0.77,1,2,420464,419940,524
24253281,38.36,35.84,525,37960,0.738,1,1,420503,419978,525
24256201,35.672,31.968,529,37960,0.6836,1,1,420538,420009,529
24259121,29.5344,35.1936,521,37960,0.60872,1,1,420566,420045,521
24262041,28.3069,36.6387,512,37960,0.625744,1,1,420594,420082,512
24264961,10.4614,35.3277,483,37960,0.613149,1,1,420600,420117,483
24267881,27.6923,31.8655,484,39420,0.53063,0.89,1,420632,420148,484
24270801,106.338,102.373,490,39420,0.658126,0.89,1,420758,420268,490
24273721,35.6677,20.4746,508,39420,0.715625,0.97,1,420776,420268,508
24276641,31.9335,32.0949,504,39420,0.743125,0.91,1,420807,420303,504
24279561,43.1867,34.419,515,40880,0.860625,0.91,2,420853,420338,515
24282481,10.2373,50.8838,462,40880,0.916125,0.77,2,420855,420393,462
24375921,108,131,421,35040,0.25,0.01,1,422383,421962,421
24383221,52.8,57.4,421,35040,0.186,0.03,1,422422,422001,421
24387601,70.56,71.48,421,35040,0.1732,0.21,1,422497,422076,421
24391981,64.512,57.496,430,35040,0.25064,0.27,1,422560,422130,430
24421181,53.7024,50.6992,432,35040,0.282128,0.19,1,422611,422179,432
24424101,46.7405,29.3398,453,36500,0.432426,0.13,1,422656,422203,453
24427021,44.5481,36.268,459,37960,0.494485,0.33,1,422700,422241,459
24429941,18.5096,34.4536,437,39420,0.602897,0.33,1,422712,422275,437
24432861,24.5019,6.89072,463,40880,0.672579,0.39,1,422738,422275,463
24435781,36.1004,29.3781,467,40880,0.670516,0.25,1,422777,422310,467
24438701,50.4201,64.2756,448,40880,0.686103,0.17,1,422831,422383,448
24441621,38.084,44.0551,444,40880,0.785221,0.05,2,422866,422422,444
24444541,38.8168,38.411,446,42340,0.773044,0.17,2,422905,422459,446
24447461,42.1634,38.0822,451,42340,0.866609,0.25,2,422948,422497,451
24450381,30.8327,42.8164,435,42340,0.917322,0.25,2,422976,422541,435
24453301,21.3665,10.1633,452,42340,0.943464,0.23,2,422995,422543,452
24619741,57,41,486,35040,0.27,0.93,1,424791,424305,486
24622661,44.2,48.2,477,36500,0.35,0.85,1,424832,424355,477
24625581,41.64,46.44,472,37960,0.382,0.81,1,424873,424401,472
24628501,32.328,26.888,480,37960,0.4044,0.65,1,424903,424423,480
24631421,43.2656,43.7776,478,37960,0.45688,0.53,1,424949,424471,478
24634341,44.6531,43.9555,479,37960,0.499376,0.55,1,424994,424515,479
24637261,58.5306,57.5911,480,37960,0.571875,0.43,1,425056,424576,480
24640181,26.9061,56.3182,443,37960,0.618375,0.37,1,425075,424632,443
24643101,26.1812,26.4636,450,39420,0.723675,0.33,1,425101,424651,450
24646021,33.2362,33.2927,450,39420,0.728735,0.33,1,425136,424686,450
24648941,19.4472,19.4585,450,39420,0.777747,0.25,2,425152,424702,450
24651861,18.2895,29.4917,436,39420,0.771549,0.27,2,425170,424734,436
24654781,51.6579,51.4983,439,39420,0.89831,0.27,2,425230,424791,439
24821221,54,54,480,30660,0.33,0.73,1,427317,426837,480
24824141,67.6,50,502,32120,0.378,0.63,1,427388,426886,502
24827061,56.72,66,486,33580,0.4516,0.49,1,427442,426956,486
24829981,65.744,70,483,35040,0.69032,0.33,1,427510,427027,483
24832901,31.5488,63.6,444,36500,0.802064,0.13,2,427533,427089,444
24920501,39,31,545,40880,0.55,1,1,428668,428123,545
24921961,39,26.2,559,40880,0.358,1,1,428707,428148,559
24965761,383.8,482.84,432,27740,0.1116,0.07,1,429177,428745,432
24968681,122.36,135.768,440,29200,0.11032,0.07,1,429234,428794,440
24971601,75.672,82.3536,435,30660,0.126064,0,1,429298,428863,435
24974521,69.5344,55.6707,454,32120,0.161213,0.11,1,429366,428912,454
24977441,59.5069,51.1341,461,33580,0.344243,0.09,1,429423,428962,461
24980361,52.7014,41.4268,473,35040,0.380848,0.03,1,429474,429001,473
24983281,36.9403,50.6854,453,36500,0.40417,0.07,1,429507,429054,453
24986201,30.5881,33.3371,453,36500,0.408834,0.09,1,429536,429083,453
24989121,31.7176,29.8674,456,36500,0.425767,0.07,1,429568,429112,456
24992041,19.1435,30.7735,441,36500,0.445153,0.05,1,429584,429143,441
24994961,20.6287,33.3547,428,36500,0.529031,0.11,1,429605,429177,428
24997881,48.9257,52.2709,427,36500,0.465806,0.11,1,429661,429234,427
25000801,63.3851,10.4542,494,36500,0.565161,0.13,1,429728,429234,494
25003721,14.277,53.2908,432,36500,0.585032,0.17,1,429730,429298,432
25006641,58.8554,65.0582,434,36500,0.605006,0.17,1,429800,429366,434
25009561,63.7711,13.0116,499,36500,0.657001,0.39,1,429865,429366,499
25012481,14.3542,48.2023,444,37960,0.6674,0.39,1,429867,429423,444
25015401,44.4708,50.4405,445,37960,0.73348,0.39,1,429919,429474,445
25018321,32.0942,10.0881,474,37960,0.730696,0.41,1,429948,429474,474
25021241,29.6188,28.4176,470,37960,0.762139,0.41,2,429977,429507,470
25024161,33.1238,28.8835,475,37960,0.864428,0.43,2,430011,429536,475
25027081,21.8248,31.3767,462,37960,0.868886,0.45,2,430030,429568,462
25030001,21.165,19.0753,467,37960,0.917777,0.55,2,430051,429584,467
25032921,46.633,20.6151,499,37960,0.911555,0.45,2,430104,429605,499
25035841,70.1266,48.923,519,39420,0.926311,0.59,2,430180,429661,519
25038761,15.6253,63.3846,454,39420,0.929262,0.59,2,430182,429728,454
25317621,56,51,484,30660,0.85,1,2,433697,433213,484
25320541,68.8,55.8,499,32120,0.882,1,2,433769,433270,499
25323461,76.96,76.76,496,33580,0.9044,0.95,2,433848,433352,496
25326381,37.792,52.152,478,35040,0.89288,0.87,2,433876,433398,478
25329301,33.1584,35.2304,479,36500,0.906576,0.79,2,433908,433429,479
25332221,37.8317,37.4461,480,37960,0.749315,1,1,433947,433467,480
25335141,47.5663,37.0892,493,37960,0.637863,0.98,1,433997,433504,493
25338061,38.3133,32.2178,498,37960,0.551573,1,1,434033,433535,498
25340981,30.8627,35.2436,491,37960,0.550315,0.97,1,434062,433571,491
25343901,42.9725,39.0487,497,39420,0.694063,0.93,1,434108,433611,497
25346821,49.3945,31.8097,518,39420,0.786813,0.85,2,434159,433641,518
25349741,11.4789,51.1619,464,39420,0.805363,0.89,2,434161,433697,464
25482601,31,19,445,30660,0.53,0.09,1,435925,435480,445
25485521,25.4,30.2,436,32120,0.594,0.03,1,435949,435513,436
25488441,28.28,17.24,451,33580,0.6228,0.01,1,435978,435527,451
25491361,47.256,42.648,454,35040,0.66056,0.03,1,436030,435576,454
25494281,72.6512,82.9296,440,36500,0.764112,0.07,2,436109,435669,440
25497201,73.7302,46.1859,477,36500,0.800822,0.15,2,436183,435706,477
25500121,54.746,61.2372,462,37960,0.824165,0.21,2,436233,435771,462
25503041,53.3492,68.2474,445,37960,0.844833,0.37,2,436286,435841,445
25505961,24.2698,24.0495,449,37960,0.784967,0.31,2,436303,435854,449
25508881,32.854,22.4099,462,37960,0.804993,0.43,2,436338,435876,462
25511801,37.7708,18.882,483,37960,0.792999,0.53,2,436377,435894,483
25514721,9.15416,28.5764,454,37960,0.7906,0.61,2,436379,435925,454
25517641,20.2308,24.9153,453,37960,0.77412,0.61,2,436402,435949,453
25520561,27.2462,4.98306,482,37960,0.786824,0.63,2,436431,435949,482
25523481,7.04923,24.1966,455,37960,0.757365,0.67,2,436433,435978,455
25787741,38,33,520,42340,0.83,1,2,439893,439373,520
25790661,38,29.8,529,42340,0.75,1,2,439931,439402,529
25793581,33.2,35.56,524,42340,0.622,1,1,439963,439439,524
25838841,422.64,477.512,456,29200,0.7564,0.55,2,440483,440027,456
25920601,34,31,506,40880,0.69,1,1,441640,441134,506
25923521,35.6,34.2,507,40880,0.658,1,1,441676,441169,507
25926441,51.92,6.84,563,40880,0.5716,1,1,441732,441169,563
25929361,38.384,67.768,515,40880,0.49032,1,1,441767,441252,515
25932281,35.6768,43.9536,512,40880,0.410064,1,1,441802,441290,512
25935201,35.1354,33.5907,516,40880,0.346013,1,1,441837,441321,516
25938121,31.0271,36.3181,509,42340,0.301203,1,1,441867,441358,509
25941041,33.4054,37.6636,505,42340,0.292241,1,1,441901,441396,505
25943961,44.2811,34.7327,518,42340,0.178448,0.97,1,441948,441430,518
25946881,30.4562,37.3465,507,42340,0.13969,1,1,441975,441468,507
25949801,14.8912,34.6693,484,42340,0.163938,0.91,1,441986,441502,484
25952721,14.9782,31.7339,468,42340,0.120788,0.75,1,442001,441533,468
25955641,30.9956,38.3468,463,42340,0.128158,0.75,1,442036,441573,463
25958561,29.3991,34.0694,459,42340,0.0976315,0.69,1,442065,441606,459
25961481,29.0798,34.0139,454,42340,0.0915263,0.65,1,442094,441640,454
25964401,31.416,35.6028,450,42340,0.0903053,0.55,1,442126,441676,450
25967321,50.2832,51.9206,449,42340,0.138061,0.47,1,442181,441732,449
25970241,36.4566,38.3841,447,42340,0.243612,0.39,1,442214,441767,447
25973161,32.8913,35.6768,444,42340,0.224722,0.33,1,442246,441802,444
25976081,26.5783,35.1354,434,42340,0.276944,0.33,1,442271,441837,434
25979001,26.9157,7.02707,461,42340,0.367389,0.29,1,442298,441837,461
25981921,31.7831,25.4054,464,42340,0.513478,0.29,1,442331,441867,464
25984841,41.5566,32.2811,474,42340,0.494696,0.15,1,442375,441901,474
25987761,30.7113,44.0562,455,42340,0.666939,0.13,1,442403,441948,455
25990681,14.1423,30.4112,438,42340,0.669388,0.17,1,442413,441975,438
25993601,13.2285,14.8822,440,42340,0.605878,0.11,1,442426,441986,440
25996521,30.6457,14.9764,460,42340,0.737176,0.13,1,442461,442001,460
25999441,27.7291,30.9953,452,42340,0.779435,0.09,2,442488,442036,452
26002361,29.5458,29.3991,453,42340,0.787887,0.09,2,442518,442065,453
26005281,30.7092,29.0798,455,42340,0.805577,0.09,2,442549,442094,455
26008201,51.7418,31.416,480,42340,0.793115,0.15,2,442606,442126,480
26011121,40.7484,50.2832,463,42340,0.710623,0.27,1,442644,442181,463
26014041,33.7497,36.4566,462,42340,0.694125,0.22,1,442676,442214,462
26016961,33.1499,32.8913,463,42340,0.802825,0.29,2,442709,442246,463
26019881,28.23,26.5783,465,42340,0.776565,0.39,2,442736,442271,465
26022801,37.646,26.9157,478,42340,0.835313,0.55,2,442776,442298,478
26025721,46.7292,31.7831,494,42340,0.927063,0.49,2,442825,442331,494
26298741,69,71,468,35040,0.25,0.95,1,446327,445859,468
26306041,40.2,43,465,35040,0.282,0.79,1,446360,445895,465
26339621,84.84,90.2,459,35040,0.4804,0.73,1,446456,445997,459
26342541,48.968,38.04,474,36500,0.50408,0.63,1,446496,446022,474
26345461,44.1936,48.408,466,37960,0.540816,0.49,1,446539,446073,466
26348381,41.6387,44.0816,464,39420,0.548163,0.41,1,446580,446116,464
26351301,32.3277,40.0163,455,40880,0.645633,0.41,1,446610,446155,455
26354221,72.8655,52.8033,482,42340,0.793127,0.39,2,446693,446211,482
26357141,28.9731,48.1607,453,42340,0.838625,0.27,2,446711,446258,453
26360061,32.1946,36.8321,452,43800,0.783725,0.25,2,446744,446292,452
26362981,37.6389,35.3664,456,43800,0.804745,0.29,2,446783,446327,456
26365901,37.1278,33.4733,460,43800,0.824949,0.39,2,446820,446360,460
26368821,41.8256,34.6947,468,43800,0.78099,0.45,2,446863,446395,468
26371741,9.96511,23.7389,449,43800,0.740198,0.53,1,446865,446416,449
26374661,30.793,21.5478,464,43800,0.79604,0.53,2,446901,446437,464
26377581,38.9586,19.5096,486,45260,0.887208,0.51,2,446942,446456,486
26380501,9.39172,35.9019,448,45260,0.905442,0.55,2,446944,446496,448
26383421,37.8783,41.5804,450,45260,0.925088,0.55,2,446989,446539,450
26511901,482,569,451,35040,0.33,0.11,1,448760,448309,451
26522121,146,182.6,427,35040,0.362,0.09,1,448822,448395,427
26525041,104.4,113.32,425,35040,0.6564,0.11,1,448916,448491,425
26563001,37.68,36.264,429,35040,0.76328,0.11,2,448937,448508,429
26676881,59,48,480,32120,0.67,1,1,450708,450228,480
26710461,48.6,55.2,469,32120,0.734,0.95,1,450754,450285,469
26713381,63.32,26.24,517,33580,0.8268,0.74,2,450821,450304,517
26716301,62.264,60.448,510,35040,0.86136,0.65,2,450883,450373,510
26719221,43.6528,65.6896,482,36500,0.868272,0.49,2,450922,450440,482
26852081,113,101,501,29200,0.05,0.85,1,452729,452228,501
26855001,51.4,61.8,485,30660,0.098,0.63,1,452765,452280,485
26857921,43.08,49.16,480,32120,0.1396,0.21,1,452806,452326,480
26860841,63.016,80.232,460,33580,0.30792,0.19,1,452874,452414,460
26863761,35.8032,51.2464,445,35040,0.421584,0.13,1,452903,452458,445
26866681,31.1606,39.0493,439,35040,0.460317,0.05,1,452933,452494,439
26869601,30.2321,33.4099,437,35040,0.484063,0.11,1,452963,452526,437
26872521,30.0464,29.082,439,35040,0.456813,0.11,1,452993,452554,439
26875441,42.8093,14.6164,474,35040,0.483363,0.07,1,453039,452565,474
26878361,10.1619,43.7233,425,35040,0.504673,0.05,1,453041,452616,425
26895881,2,68,439,36500,0.75,0.45,2,453313,452874,439
26898801,25.2,36.8,441,36500,0.718,0.47,1,453344,452903,441
26901721,31.44,31.36,444,36500,0.7116,0.49,1,453377,452933,444
26904641,30.288,30.272,444,36500,0.77432,0.45,2,453407,452963,444
26907561,32.4576,30.0544,447,36500,0.818864,0.49,2,453440,452993,447
26910481,44.8915,42.8109,449,36500,0.923773,0.51,2,453488,453039,449
26913401,10.5783,10.1622,449,37960,0.944755,0.93,2,453490,453041,449
27038961,32,30,510,39420,0.85,1,2,455161,454651,510
27041881,33.6,31.6,512,39420,0.834,1,2,455195,454683,512
27044801,39.52,34.32,518,39420,0.7508,1,2,455236,454718,518
27047721,35.904,34.064,519,39420,0.75016,1,2,455271,454752,519
27050641,31.1808,29.2128,521,39420,0.734032,1,1,455301,454780,521
27053561,34.2362,30.6426,525,39420,0.714806,1,1,455336,454811,525
27056481,19.6472,29.3285,512,39420,0.678961,1,1,455352,454840,512
27059401,23.1294,22.6657,515,39420,0.671792,1,1,455376,454861,515
27062321,43.8259,37.3331,523,39420,0.590358,1,1,455425,454902,523
27065241,38.3652,49.0666,508,39420,0.702072,1,1,455462,454954,508
27068161,31.673,33.0133,509,39420,0.708414,1,1,455492,454983,509
27071081,77.5346,35.4027,562,39420,0.725683,0.96,1,455581,455019,562
27074001,29.1069,80.6805,487,39420,0.761137,0.95,2,455598,455111,487
27076921,27.4214,30.5361,496,39420,0.768227,0.85,2,455625,455129,496
27079841,30.2843,31.7072,495,39420,0.865646,0.83,2,455656,455161,495
27082761,36.4569,33.5414,499,39420,0.933129,0.73,2,455694,455195,499
27173281,29,21,519,42340,0.73,1,1,456809,456290,519
27176201,29.8,28.2,519,42340,0.65,1,1,456839,456320,519
27221461,397.16,461.64,438,29200,0.394,0.05,1,457328,456890,438
27224381,140.232,152.328,439,30660,0.4228,0,1,457404,456965,439
27227301,89.6464,93.6656,437,32120,0.26856,0.01,1,457481,457044,437
27230221,53.1293,57.9331,432,33580,0.109712,0.01,1,457525,457093,432
27233141,49.8259,46.7866,437,35040,0.0939424,0.03,1,457574,457137,437
27236061,68.3652,43.7573,467,36500,0.122788,0.03,1,457647,457180,467
27238981,32.073,42.3515,448,37960,0.144558,0.15,1,457670,457222,448
27241901,26.4146,26.0703,451,37960,0.244912,0.13,1,457695,457244,451
27244821,26.0829,22.8141,455,37960,0.296982,0.19,1,457721,457266,455
27247741,18.0166,23.7628,447,37960,0.275396,0.27,1,457737,457290,447
27250661,22.0033,23.9526,446,37960,0.287079,0.33,1,457760,457314,446
27253581,71.6007,15.9905,516,39420,0.257416,0.43,1,457844,457328,516
27256501,15.9201,63.9981,442,39420,0.251483,0.23,1,457846,457404,442
27259421,54.384,74.3996,429,39420,0.218297,0.23,1,457910,457481,429
27262341,43.6768,14.8799,470,39420,0.355659,0.07,1,457951,457481,470
27265261,10.3354,38.176,428,39420,0.351132,0.09,1,457953,457525,428
27268181,37.2671,46.8352,423,39420,0.478226,0.09,1,457997,457574,423
27271101,70.6534,9.36704,502,40880,0.487645,0.13,1,458076,457574,502
27274021,15.7307,60.2734,431,40880,0.489529,0.15,1,458078,457647,431
27276941,21.5461,30.4547,431,40880,0.489906,0.27,1,458101,457670,431
27279861,25.9092,26.0909,433,40880,0.521981,0.31,1,458128,457695,433
27282781,28.3818,26.0182,436,40880,0.608396,0.27,1,458157,457721,436
27285701,17.6764,18.0036,435,40880,0.673679,0.29,1,458172,457737,435
27288621,25.9353,22.0007,440,40880,0.702736,0.29,1,458200,457760,440
27291541,65.9871,4.40015,516,40880,0.772547,0.25,2,458276,457760,516
27294461,14.7974,68.08,434,40880,0.786509,0.25,2,458278,457844,434
27297381,58.1595,15.216,501,40880,0.773302,0.21,2,458347,457846,501
27300301,43.6319,54.2432,477,40880,0.75466,0.39,2,458387,457910,477
27303221,10.3264,43.6486,438,42340,0.750932,0.35,2,458389,457951,438
27306141,47.6653,10.3297,493,42340,0.798186,0.51,2,458446,457953,493
27309061,11.1331,37.2659,451,42340,0.807637,0.49,2,458448,457997,451
27434621,46,9,539,42340,0.99,1,2,459933,459394,539
27624421,58,67,487,33580,0.75,0.89,2,462143,461656,487
27627341,49.2,54.2,483,35040,0.814,0.65,2,462190,461707,483
27630261,54.64,54.04,485,36500,0.8988,0.61,2,462246,461761,485
27780641,75,68,492,33580,0.33,0.51,1,464036,463544,492
27783561,44.6,68.8,460,35040,0.474,0.31,1,464073,463613,460
27786481,59.32,54.56,472,36500,0.5828,0.33,1,464136,463664,472
27789401,43.064,49.312,463,37960,0.54856,0.15,1,464175,463712,463
27792321,52.6128,48.2624,470,39420,0.613712,0.15,1,464230,463760,470
27795241,40.1226,62.4525,441,39420,0.650742,0.17,1,464267,463826,441
27798161,35.2245,33.2905,449,40880,0.682149,0.27,1,464301,463852,449
27801081,26.2449,28.2581,446,40880,0.67243,0.19,1,464325,463879,446
27804001,20.449,29.6516,435,40880,0.766486,0.19,2,464344,463909,435
27806921,9.6898,13.9303,432,40880,0.737297,0.29,1,464351,463919,432
27809841,37.938,36.3861,435,40880,0.731459,0.29,1,464396,463961,435
27812761,69.9876,7.27721,513,40880,0.714292,0.33,1,464474,463961,513
27815681,15.5975,61.4554,440,42340,0.726858,0.51,1,464476,464036,440
27818601,37.5195,41.8911,446,42340,0.649372,0.51,1,464519,464073,446
27821521,61.9039,8.37822,514,42340,0.633874,0.61,1,464587,464073,514
27824441,13.9808,52.0756,453,42340,0.630775,0.54,1,464589,464136,453
27827361,30.7962,41.6151,449,42340,0.598155,0.54,1,464624,464175,449
27830281,54.1592,8.32303,509,42340,0.559631,0.63,1,464684,464175,509
27833201,40.4318,45.6646,491,42340,0.535926,0.66,1,464721,464230,491
27836121,9.68637,38.7329,456,43800,0.531185,0.69,1,464723,464267,456
27839041,32.3373,34.9466,460,43800,0.562237,0.67,1,464761,464301,460
27841961,24.0675,26.1893,458,43800,0.664447,0.79,1,464783,464325,458
27844881,17.6135,20.4379,455,43800,0.732889,0.73,1,464799,464344,455
27847801,8.3227,9.68757,454,43800,0.746578,0.73,1,464805,464351,454
27850721,39.2645,37.9375,456,43800,0.733316,0.71,1,464852,464396,456
27853641,70.2529,69.9875,456,43800,0.746663,0.71,1,464930,464474,456
27856561,15.6506,13.9975,458,43800,0.765333,0.73,2,464932,464474,458
27859481,32.7301,4.3995,493,43800,0.785067,0.63,2,464969,464476,493
27862401,60.946,35.2799,518,43800,0.821013,0.63,2,465037,464519,518
27865321,13.7892,61.456,452,43800,0.828203,0.63,2,465039,464587,452
27868241,30.7578,13.8912,485,43800,0.829641,0.59,2,465074,464589,485
28018621,29,30,523,45260,0.75,1,2,466710,466187,523
28163161,23,17,453,29200,0.21,0.29,1,468670,468217,453
28166081,30.2,30.6,451,30660,0.338,0.23,1,468702,468251,451
28169001,25.24,22.12,455,32120,0.4916,0.11,1,468726,468271,455
28171921,51.448,50.824,455,32120,0.61832,0.01,1,468784,468329,455
28174841,64.6896,70.1648,448,32120,0.627664,0.05,1,468852,468404,448
28177761,67.3379,70.033,446,32120,0.693533,0.15,1,468920,468474,446
28180681,58.2676,62.8066,441,32120,0.882707,0.19,2,468976,468535,441
28296021,509,597,453,23360,0.05,0.61,1,470632,470179,453
28298941,153.8,160.2,467,24820,0.082,0.37,1,470697,470230,467
28301861,94.76,108.04,452,26280,0.3124,0.17,1,470777,470325,452
28304781,107.752,84.008,485,27740,0.64648,0.03,1,470888,470403,485
28307701,67.1504,103.202,434,29200,0.761296,0.01,2,470945,470511,434
28310621,43.8301,35.0403,454,30660,0.768259,0.03,2,470983,470529,454
28313541,36.766,33.4081,456,30660,0.849652,0.01,2,471018,470562,456
28316461,14.5532,35.4816,429,30660,0.86593,0.05,2,471027,470598,429
28497501,63,33,523,33580,0.47,1,1,473799,473276,523
28500421,38.2,32.2,523,33580,0.486,1,1,473831,473308,523
28503341,36.44,42.44,514,33580,0.4092,1,1,473867,473353,514
28506261,40.888,37.288,520,33580,0.40984,1,1,473909,473389,520
28509181,31.3776,35.4576,514,33580,0.409968,1,1,473938,473424,514
28512101,34.2755,30.2915,520,33580,0.409994,1,1,473973,473453,520
28515021,31.6551,32.4583,518,33580,0.441999,1,1,474004,473486,518
28517941,34.331,36.0917,516,33580,0.5124,0.99,1,474039,473523,516
28520861,28.4662,36.8183,506,33580,0.60648,1,1,474066,473560,506
28523781,77.6932,35.3637,561,33580,0.849296,0.73,2,474156,473595,561
28612841,38,34,522,42340,0.69,1,1,475391,474869,522
28658101,394,450.8,450,29200,0.338,0.41,1,475874,475424,450
28661021,126.8,128.56,462,30660,0.5076,0.31,1,475934,475472,462
28663941,72.56,68.112,468,32120,0.66952,0.09,1,475993,475525,468
28666861,53.712,72.8224,443,33580,0.845904,0,2,476042,475599,443
28808481,84,106,450,29200,0.15,0.47,1,477895,477445,450
28811401,50.4,35.6,474,30660,0.214,0.27,1,477937,477463,474
28814321,42.08,51.92,458,32120,0.2588,0.03,1,477977,477519,458
28817241,63.616,49.584,478,33580,0.23576,0.05,1,478046,477568,478
28820161,46.3232,74.7168,439,35040,0.391152,0.03,1,478088,477649,439
28823081,37.2646,46.1434,435,36500,0.42223,0.11,1,478123,477688,435
28826001,43.4529,42.8287,438,37960,0.540446,0.11,1,478168,477730,438
28828921,33.4906,35.7657,435,37960,0.580089,0.11,1,478199,477764,435
28831841,23.4981,20.7531,439,37960,0.588018,0.07,1,478220,477781,439
28834761,52.6996,28.1506,469,37960,0.733604,0.11,1,478280,477811,469
28837681,44.9399,51.2301,455,37960,0.730721,0.15,1,478323,477868,455
28840601,43.388,31.846,471,37960,0.666144,0.23,1,478366,477895,471
28843521,10.2776,39.9692,431,37960,0.653229,0.27,1,478368,477937,431
28846441,38.8555,39.9938,437,37960,0.762646,0.27,2,478414,477977,437
28849361,61.3711,7.99877,504,39420,0.752529,0.23,2,478481,477977,504
28852281,13.8742,56.7998,437,39420,0.750506,0.43,2,478483,478046,437
28855201,44.3748,44.96,447,39420,0.846101,0.43,2,478535,478088,447
28858121,36.875,8.99199,482,39420,0.91322,0.43,2,478570,478088,482
28861041,8.97499,29.7984,449,39420,0.926644,0.57,2,478572,478123,449
28992441,35,32,517,42340,0.81,1,2,480156,479639,517
28995361,59,52,525,42340,0.682,1,1,480221,479696,525
28998281,36.6,43.2,515,42340,0.6084,1,1,480252,479737,515
29001201,36.12,34.24,519,42340,0.54568,1,1,480288,479769,519
29004121,32.824,33.248,518,42340,0.501136,1,1,480320,479802,518
29007041,30.5648,33.8496,514,42340,0.444227,1,1,480350,479836,514
29009961,21.313,30.7699,503,42340,0.400845,1,1,480369,479866,503
29012881,20.2626,26.154,498,42340,0.296169,1,1,480389,479891,498
29015801,32.8525,30.8308,502,42340,0.275234,1,1,480425,479923,502
29018721,37.7705,32.5662,508,42340,0.255047,0.88,1,480464,479956,508
29021641,33.1541,36.1132,503,42340,0.219009,0.94,1,480496,479993,503
29024561,29.8308,32.0226,501,42340,0.275802,0.95,1,480525,480024,501
29027481,26.7662,33.6045,493,42340,0.27116,0.87,1,480551,480058,493
29030401,29.3532,29.9209,494,42340,0.302232,0.79,1,480581,480087,494
29033321,34.6706,33.1842,496,42340,0.388446,0.81,1,480617,480121,496
29036241,51.7341,34.6368,517,42340,0.597689,0.65,1,480673,480156,517
29039161,34.3468,58.9274,482,42340,0.671538,0.59,1,480703,480221,482
29042081,32.4694,36.5855,483,42340,0.766308,0.53,2,480735,480252,483
29045001,28.8939,36.1171,475,42340,0.817262,0.49,2,480763,480288,475
29047921,28.9788,32.8234,472,42340,0.811452,0.43,2,480792,480320,472
29050841,16.9958,30.5647,456,42340,0.89029,0.39,2,480806,480350,456
29053761,17.7992,21.3129,455,42340,0.938058,0.27,2,480824,480369,455
29214361,30,32,513,49640,0.83,1,2,482690,482177,513
29217281,31.6,28,518,49640,0.798,1,2,482722,482204,518
29220201,32.72,28,523,49640,0.7436,1,1,482755,482232,523
29223121,30.544,36,515,51100,0.76472,1,2,482785,482270,515
29226041,24.5088,29.6,510,51100,0.880944,1,2,482808,482298,510
29228961,29.7018,21.12,522,51100,0.904189,1,2,482839,482317,522
29231881,13.1404,30.624,498,51100,0.876838,0.94,2,482848,482350,498
29234801,25.8281,34.1248,492,51100,0.887368,0.91,2,482877,482385,492
29237721,29.9656,30.025,494,51100,0.921474,1,2,482908,482414,494
29240641,31.5931,28.405,498,51100,0.928295,1,2,482940,482442,498
29243561,22.3186,5.681,518,51100,0.913659,1,2,482960,482442,518
29246481,20.4637,25.9362,507,51100,0.894732,0.99,2,482980,482473,507
29249401,42.4927,29.9872,524,51100,0.858946,0.99,2,483028,482504,524
29364741,72,66,477,43800,0.71,1,1,484574,484097,477
29372041,40,40.4,475,43800,0.71,1,1,484606,484131,475
29376421,61.6,60.08,477,43800,0.582,1,1,484673,484196,477
29383721,34.72,39.216,471,43800,0.5564,0.81,1,484701,484230,471
29386641,53.344,62.2432,461,43800,0.56728,0.83,1,484759,484298,461
29391021,21.0688,26.0486,457,43800,0.537456,0.69,1,484772,484315,457
29396861,29.0138,30.8097,456,43800,0.547491,0.61,1,484803,484347,456
29399781,43.4028,46.9619,452,43800,0.533498,0.69,1,484850,484398,452
29404161,23.8806,22.9924,454,43800,0.5467,0.75,1,484869,484415,454
29436281,47.1761,43.7985,458,43800,0.61334,0.81,1,484922,484464,458
29439201,39.8352,23.9597,477,45260,0.578668,0.75,1,484960,484483,477
29442121,22.367,19.9919,476,46720,0.587734,0.79,1,484978,484502,476
29445041,46.8734,39.9984,484,48180,0.605547,0.71,1,485031,484547,484
29447961,42.1747,55.1997,466,48180,0.737109,0.57,1,485072,484606,466
29450881,49.2349,47.0399,472,49640,0.779422,0.55,2,485123,484651,472
29453801,38.647,49.408,458,49640,0.867884,0.51,2,485159,484701,458
29456721,34.1294,30.6816,465,49640,0.821577,0.57,2,485192,484727,465
29459641,26.8259,31.7363,458,49640,0.844315,0.53,2,485217,484759,458
29462561,30.1652,28.7473,461,51100,0.896863,0.51,2,485248,484787,461
29465481,32.433,31.3495,462,51100,0.891373,0.53,2,485281,484819,462
29468401,38.4866,31.0699,471,51100,0.858275,0.65,2,485321,484850,471
29471321,18.8973,31.814,453,51100,0.819655,0.65,2,485335,484882,453
29474241,5.37946,7.9628,453,51100,0.811931,0.65,2,485337,484884,453
29477161,2.67589,3.19256,453,51100,0.826386,0.61,2,485339,484886,453
29480081,26.1352,16.6385,465,52560,0.829277,0.63,2,485371,484906,465
29483001,35.627,16.1277,487,52560,0.909855,0.57,2,485409,484922,487
29485921,8.72541,33.6255,451,52560,0.925971,0.59,2,485411,484960,451
29776461,57,58,473,32120,0.09,0.07,1,488612,488139,473
29808581,264.2,302.8,425,32120,0.362,0.07,1,488928,488503,425
29811501,94.44,71.76,463,33580,0.5764,0.11,1,488980,488517,463
29814421,30.088,44.752,439,35040,0.65128,0.09,1,488994,488555,439
29817341,48.4176,54.5504,435,36500,0.890256,0.05,2,489047,488612,435
29829021,31,30,444,36500,0.87,0.21,2,489227,488783,444
29831941,31.8,30,446,36500,0.87,0.27,2,489259,488813,446
29926841,36,26,538,39420,0.69,1,1,490508,489970,538
29969181,391.2,462.8,446,26280,0.418,0.23,1,490988,490542,446
29972101,145.44,161.36,444,27740,0.5236,0.05,1,491072,490628,444
29975021,80.288,73.072,457,29200,0.56072,0.05,1,491136,490679,457
29977941,56.0576,55.4144,456,30660,0.712144,0.05,1,491186,490730,456
29980861,53.6115,51.0829,459,32120,0.742429,0.17,1,491239,490780,459
30106421,72,69,461,27740,0.21,0.33,1,492974,492513,461
30109341,56.8,54.6,463,29200,0.226,0.13,1,493027,492564,463
30112261,40.96,54.12,446,30660,0.2932,0.01,1,493064,492618,446
30115181,91.392,44.424,508,32120,0.49864,0.07,1,493168,492660,508
30118101,70.2784,107.285,450,33580,0.795728,0.03,2,493233,492783,450
30121021,39.6557,49.457,447,33580,0.903146,0.09,2,493265,492818,447
30123941,9.53114,27.4914,427,33580,0.892629,0.09,2,493267,492840,427
30242201,46,51,484,29200,0.15,0.73,1,494939,494455,484
30245121,34.8,43,475,30660,0.182,0.49,1,494971,494496,475
30248041,47.76,63,458,30660,0.2684,0.31,1,495022,494564,458
30250961,88.752,99,449,30660,0.44568,0.29,1,495121,494672,449
30253881,51.3504,54.2,448,30660,0.545136,0.23,1,495163,494715,448
30256801,44.6701,43.64,450,30660,0.597027,0.21,1,495206,494756,450
30259721,35.334,39.928,444,32120,0.639405,0.19,1,495239,494795,444
30262641,26.2668,32.7856,437,32120,0.695881,0.11,1,495263,494826,437
30265561,50.0534,15.3571,482,32120,0.691176,0.13,1,495319,494837,482
30268481,11.6107,47.8714,428,32120,0.690235,0.15,1,495321,494893,428
30271401,39.9221,46.3743,429,32120,0.850047,0.15,2,495368,494939,429
30274321,35.9844,9.27486,464,32120,0.914009,0.19,2,495403,494939,464
30277241,52.7969,27.455,489,32120,0.910802,0.29,2,495460,494971,489
30373601,48,48,487,32120,0.79,1,2,496892,496405,487
30376521,94.4,101.6,478,32120,0.63,1,1,496998,496520,478
30379441,80.48,67.52,496,32120,0.582,1,1,497075,496579,496
30382361,45.696,43.904,495,32120,0.5084,1,1,497112,496617,495
30385281,33.9392,35.9808,492,32120,0.62168,1,1,497143,496651,492
30388201,32.3878,30.3962,495,32120,0.740336,1,1,497175,496680,495
30391121,19.2776,32.4792,478,32120,0.684067,1,1,497191,496713,478
30394041,31.8555,30.4958,483,32120,0.736813,1,1,497226,496743,483
30396961,23.9711,34.8992,469,32120,0.763363,0.86,2,497248,496779,469
30399881,28.7942,33.3798,466,32120,0.848673,0.87,2,497278,496812,466
30402801,29.7588,32.276,464,32120,0.881735,0.79,2,497308,496844,464
30405721,43.5518,44.8552,463,32120,0.904347,0.59,2,497355,496892,463
30707941,13,15,474,43800,0.67,0.83,1,501467,500993,474
30710861,51.4,63,460,43800,0.75,0.77,2,501528,501068,460
30718161,19.88,27,454,43800,0.782,0.41,2,501540,501086,454
30722541,59.176,70.2,442,43800,0.8364,0.37,2,501609,501167,442
30726921,21.4352,30.04,434,43800,0.83128,0.41,2,501621,501187,434
30883141,64,81,450,37960,0.27,0.39,1,503305,502855,450
30886061,76.8,90.6,437,37960,0.302,0.33,1,503385,502948,437
30893361,41.76,43.72,438,37960,0.3564,0.35,1,503418,502980,438
30926941,72.352,72.744,438,39420,0.39928,0.33,1,503498,503060,438
30929861,49.6704,43.3488,446,37960,0.487856,0.17,1,503542,503096,446
30932781,45.1341,49.4698,439,36500,0.553571,0.19,1,503586,503147,439
30935701,48.2268,41.894,448,35040,0.662714,0.17,1,503635,503187,448
30938621,40.8454,51.5788,433,33580,0.732543,0.17,1,503674,503241,433
30941541,41.7691,10.3158,475,32120,0.810509,0.27,2,503716,503241,475
30944461,27.5538,45.2632,445,30660,0.730102,0.27,1,503740,503295,445
30947381,21.5108,21.8526,449,29200,0.73002,0.33,1,503760,503311,449
30950301,25.9022,23.5705,452,27740,0.706004,0.27,1,503787,503335,452
30953221,34.7804,31.1141,456,26280,0.757201,0.35,2,503824,503368,456
30956141,17.3561,30.2228,439,26280,0.78344,0.39,2,503837,503398,439
30959061,19.4712,7.64456,457,26280,0.708688,0.37,1,503857,503400,457
30961981,12.6942,15.9289,450,26280,0.821738,0.41,2,503868,503418,450
30964901,48.9389,23.9858,482,26280,0.796347,0.41,2,503926,503444,482
30967821,60.9878,47.9972,492,26280,0.80727,0.57,2,503990,503498,492
31089001,54,113,484,24820,0.53,1,1,506120,505636,484
31091921,86,76.2,511,26280,0.738,0.81,1,506214,505703,511
31094841,38,65.64,474,27740,0.8436,0.77,2,506240,505766,474
31097761,26,36.328,468,29200,0.91272,0.61,2,506263,505795,468
31199961,64,81,483,24820,0.05,0.83,1,508042,507559,483
31202881,74.4,73,489,26280,0.05,0.47,1,508119,507630,489
31205801,41.28,66.6,457,27740,0.098,0.41,1,508152,507695,457
31208721,29.056,39.72,450,29200,0.1556,0.23,1,508178,507728,450
31211641,33.0112,42.344,441,29200,0.32712,0.09,1,508212,507771,441
31214561,29.0022,33.2688,438,29200,0.409424,0.03,1,508240,507802,438
31217481,18.6004,32.2538,422,29200,0.457885,0.03,1,508256,507834,422
31220401,118.92,121.651,422,29200,0.627577,0.03,1,508400,507978,422
31223321,77.384,24.3301,489,29200,0.677515,0.05,1,508467,507978,489
31226241,17.0768,56.066,427,29200,0.655503,0.05,1,508469,508042,427
31328441,22,24,498,32120,0.91,1,2,510055,509557,498
31331361,18,14.4,503,32120,0.862,1,2,510072,509569,503
31334281,26.8,31.68,496,32120,0.7244,1,1,510101,509605,496
31337201,31.76,29.536,500,32120,0.60088,1,1,510134,509634,500
31340121,25.552,28.3072,496,32120,0.512176,1,1,510158,509662,496
31343041,125.91,124.861,498,32120,0.302435,1,1,510309,509811,498
31345961,61.1821,76.1723,479,32120,0.164487,1,1,510354,509875,479
31348881,33.8364,33.6345,483,32120,0.120897,1,1,510381,509898,483
31351801,61.1673,62.7269,481,32120,0.0961795,0.88,1,510449,509968,481
31354721,33.8335,39.7454,474,32120,0.155236,0.9,1,510476,510002,474
31357641,28.3667,32.7491,470,32120,0.167047,0.91,1,510503,510033,470
31360561,20.8733,24.1498,467,32120,0.201409,0.85,1,510522,510055,467
31363481,13.7747,18.43,462,32120,0.208282,0.69,1,510534,510072,462
31366401,21.9549,26.886,457,32120,0.273656,0.57,1,510558,510101,457
31369321,25.191,31.7772,450,32120,0.350731,0.49,1,510584,510134,450
31372241,20.2382,25.5554,445,32120,0.334146,0.25,1,510603,510158,445
31375161,114.448,125.911,432,32120,0.634829,0.13,1,510741,510309,432
31378081,55.6895,61.1822,428,32120,0.822966,0.11,2,510782,510354,428
31381001,31.9379,33.8364,427,32120,0.924593,0.09,2,510808,510381,427
31527001,99,18,514,26280,0.97,0.19,2,513056,512542,514
31594161,34,31,517,36500,0.55,1,1,514121,513604,517
31633581,410,475,435,24820,0.438,0.03,1,514625,514190,435
31636501,130.8,142.2,437,26280,0.4796,0.01,1,514686,514249,437
31639421,87.76,90.04,437,27740,0.34392,0.03,1,514763,514326,437
31642341,64.752,55.608,449,29200,0.508784,0.09,1,514822,514373,449
31645261,84.9504,35.1216,509,30660,0.717757,0.09,1,514912,514403,509
31648181,33.7901,91.0243,425,32120,0.807551,0.15,2,514933,514508,425
31651101,34.758,43.0049,429,32120,0.85751,0.13,2,514968,514539,429
31654021,33.3516,32.601,432,32120,0.899502,0.21,2,515001,514569,432
31747461,29,30,498,36500,0.79,1,2,516395,515897,498
31750381,29,32.4,494,36500,0.774,1,2,516424,515930,494
31753301,29.8,30.48,494,36500,0.7868,1,2,516454,515960,494
31756221,32.36,32.496,494,36500,0.82136,1,2,516487,515993,494
31759141,31.272,33.6992,491,36500,0.764272,1,2,516518,516027,491
31762061,24.6544,28.3398,487,36500,0.752854,1,2,516541,516054,487
31764981,32.1309,5.66797,521,36500,0.686571,1,1,516575,516054,521
31767901,55.2262,37.1336,537,36500,0.785314,1,2,516636,516099,537
31770821,31.8452,53.0267,506,36500,0.821063,0.95,2,516662,516156,506
31773741,35.169,34.6053,512,36500,0.812213,1,2,516698,516186,512
31776661,87.0338,43.7211,566,36500,0.906442,0.89,2,516798,516232,566
31910981,66,60,474,26280,0.23,0.33,1,518578,518104,474
31913901,89.2,108,449,27740,0.438,0.07,1,518673,518224,449
31916821,70.64,65.6,460,29200,0.5916,0.09,1,518739,518279,460
31919741,64.528,53.12,473,30660,0.75032,0.07,2,518802,518329,473
31922661,44.9056,65.824,444,32120,0.830064,0.13,2,518842,518398,444
31998581,21,27,508,36500,0.83,1,2,519908,519400,508
32001501,42.6,23.8,533,36500,0.75,1,2,519956,519423,533
32004421,36.52,58.36,501,36500,0.654,1,1,519991,519490,501
32007341,60.904,11.672,568,36500,0.4428,1,1,520058,519490,568
32010261,52.1808,89.5344,509,36500,0.27256,1,1,520108,519599,509
32013181,44.0362,45.9069,516,36500,0.254512,1,1,520150,519634,516
32016101,35.2072,37.9814,513,36500,0.218902,1,1,520183,519670,513
32019021,32.6414,30.7963,516,36500,0.0677805,1,1,520215,519699,516
32021941,36.1283,39.7593,511,36500,0.0215561,1,1,520252,519741,511
32024861,37.6257,31.1519,520,36500,0.0123112,1,1,520290,519770,520
32027781,33.1251,41.4304,508,36500,0.0104622,0.93,1,520322,519814,508
32030701,29.825,38.6861,499,36500,0.0420924,0.92,1,520351,519852,499
32033621,21.165,35.7372,483,36500,0.0164185,0.83,1,520370,519887,483
32036541,35.433,23.9474,501,36500,0.0112837,0.73,1,520409,519908,501
32039461,32.6866,43.1895,485,36500,0.0102567,0.63,1,520441,519956,485
32042381,51.3373,36.6379,506,36500,0.106051,0.39,1,520497,519991,506
32045301,46.2675,60.9276,484,36500,0.15721,0.23,1,520542,520058,484
32048221,39.6535,52.1855,472,36500,0.247442,0.25,1,520580,520108,472
32051141,32.7307,44.0371,461,36500,0.361488,0.21,1,520611,520150,461
32054061,26.5461,35.2074,453,36500,0.432298,0.03,1,520636,520183,453
32056981,34.9092,32.6415,458,36500,0.33446,0.01,1,520673,520215,458
32059901,37.3818,36.1283,459,36500,0.346892,0.01,1,520711,520252,459
32062821,36.2764,37.6257,457,36500,0.365378,0.01,1,520747,520290,457
32065741,28.0553,33.1251,451,36500,0.401076,0.05,1,520773,520322,451
32068661,21.6111,29.825,442,36500,0.408215,0.01,1,520793,520351,442
32071581,33.9222,21.165,460,36500,0.505643,0.01,1,520830,520370,460
32074501,33.1844,35.433,454,36500,0.477129,0.01,1,520863,520409,454
32077421,55.4369,32.6866,483,36500,0.407426,0.13,1,520924,520441,483
32080341,51.0874,51.3373,477,36500,0.505485,0.17,1,520974,520497,477
32083261,43.8175,46.2675,474,36500,0.589097,0.27,1,521016,520542,474
32086181,36.7635,39.6535,471,36500,0.525819,0.39,1,521051,520580,471
32089101,27.3527,32.7307,465,36500,0.561164,0.45,1,521076,520611,465
32092021,34.2705,26.5461,476,36500,0.600233,0.31,1,521112,520636,476
32094941,31.6541,34.9092,470,36500,0.592047,0.35,1,521143,520673,470
32097861,42.3308,37.3818,477,36500,0.638409,0.37,1,521188,520711,477
32100781,29.2662,36.2764,467,36500,0.679682,0.41,1,521214,520747,467
32103701,20.2532,28.0553,459,36500,0.655936,0.41,1,521232,520773,459
32106621,39.2506,21.6111,483,36500,0.779187,0.53,2,521276,520793,483
32109541,29.4501,33.9222,473,36500,0.819838,0.47,2,521303,520830,473
32112461,55.49,33.1844,502,36500,0.843967,0.39,2,521365,520863,502
32115381,58.298,55.4369,500,36500,0.880794,0.53,2,521424,520924,500
32118301,44.4596,51.0874,491,36500,0.904159,0.61,2,521465,520974,491
32121221,36.0919,43.8175,483,36500,0.908832,0.51,2,521499,521016,483
32397161,60,50,479,40880,0.23,1,1,525161,524682,479
32400081,64,68.4,471,40880,0.166,0.89,1,525226,524755,471
32407381,52,54.48,469,40880,0.2492,0.83,1,525275,524806,469
32411761,34.4,39.696,463,40880,0.21784,0.75,1,525305,524842,463
32414681,31.68,38.3392,456,40880,0.275568,0.69,1,525336,524880,456
32420521,17.536,22.0678,452,40880,0.255114,0.49,1,525350,524898,452
32423441,41.1072,50.0136,442,40880,0.347023,0.41,1,525397,524955,442
32427821,22.6214,25.2027,441,40880,0.333405,0.43,1,525415,524974,441
32432201,52.5243,53.8405,440,40880,0.442681,0.33,1,525475,525035,440
32459941,32.9049,38.7681,433,40880,0.560536,0.25,1,525503,525070,433
32462861,30.581,32.5536,432,42340,0.712107,0.25,1,525533,525101,432
32465781,21.3162,6.51072,451,43800,0.678421,0.23,1,525552,525101,451
32740261,47,30,477,20440,0.07,0.85,1,531867,531390,477
32743181,39,33.2,480,21900,0.086,0.87,1,531904,531424,480
32746101,29.4,35.44,471,23360,0.2012,0.71,1,531931,531460,471
32749021,32.28,32.688,472,23360,0.22424,0.69,1,531964,531492,472
32751941,28.056,32.9376,466,23360,0.324848,0.61,1,531991,531525,466
32754861,21.6112,28.1875,459,23360,0.42497,0.11,1,532011,531552,459
32814721,33,34,497,27740,0.69,1,1,533302,532805,497
32817641,29.8,29.2,498,27740,0.61,1,1,533331,532833,498
32820561,34.76,29.84,504,27740,0.514,1,1,533367,532863,504
32823481,34.152,5.968,538,27740,0.5108,1,1,533401,532863,538
32826401,32.4304,25.1936,540,27740,0.47816,1,1,533433,532893,540
32827861,36.0861,31.4387,544,27740,0.519632,1,1,533470,532926,544
32858521,484.817,565.488,442,18980,0.591926,0.47,1,534067,533625,442
32861441,183.363,199.498,442,20440,0.654385,0.41,1,534175,533733,442
32864361,99.8727,61.4995,494,21900,0.714877,0.41,1,534254,533760,494
32966561,31,76,512,27740,0.71,1,1,536182,535670,512
32969481,35,39.2,518,27740,0.726,1,1,536218,535700,518
32972401,31,31.84,518,27740,0.7452,1,1,536248,535730,518
32975321,29.4,31.168,516,27740,0.73304,0.96,1,536277,535761,516
32978241,87.48,34.2336,583,27740,0.698608,1,1,536379,535796,583
32981161,41.496,93.2467,505,27740,0.723722,1,1,536409,535904,505
32984081,27.4992,42.6493,499,27740,0.808744,1,2,536433,535934,499
33048321,38,33,519,29200,0.63,1,1,537637,537118,519
33051241,35.6,32.2,522,29200,0.486,1,1,537672,537150,522
33054161,35.12,34.44,522,29200,0.3612,1,1,537707,537185,522
33057081,65.424,29.288,567,29200,0.16024,1,1,537780,537213,567
33060001,38.6848,74.6576,513,29200,0.136048,1,1,537812,537299,513
33062921,34.137,50.9315,501,30660,0.13121,1,1,537845,537344,501
33065841,76.4274,31.7863,561,30660,0.242242,1,1,537932,537371,561
33068761,36.8855,80.7573,495,30660,0.312448,0.78,1,537959,537464,495
33071681,67.3771,103.351,461,30660,0.32649,0.67,1,538034,537573,461
33074601,31.8754,41.4703,458,30660,0.425298,0.63,1,538057,537599,458
33077521,30.3751,38.6941,450,32120,0.46106,0.45,1,538087,537637,450
33080441,30.075,35.7388,445,32120,0.468212,0.33,1,538117,537672,445
33083361,26.015,35.1478,435,32120,0.501642,0.11,1,538142,537707,435
33086281,57.203,65.4296,427,32120,0.492328,0.13,1,538207,537780,427
33089201,37.0406,38.6859,427,32120,0.538466,0.13,1,538239,537812,427
33092121,33.8081,7.73718,460,33580,0.611693,0.13,1,538272,537812,460
33095041,81.9616,27.9474,521,33580,0.802339,0.27,2,538366,537845,521
33197241,89,106,440,30660,0.55,0.35,1,540118,539678,440
33233741,67.4,73.2,437,30660,0.614,0.27,1,540180,539743,437
33236661,97.48,65.04,479,32120,0.7228,0.21,1,540285,539806,479
33239581,68.296,97.008,435,33580,0.77656,0.23,2,540346,539911,435
33242501,32.8592,21.0016,457,35040,0.771312,0.23,2,540370,539913,457
33245421,33.7718,22.6003,468,36500,0.802262,0.31,2,540404,539936,468
33248341,18.7544,27.7201,454,37960,0.808453,0.37,2,540419,539965,454
33251261,5.35087,20.744,437,37960,0.809691,0.33,2,540421,539984,437
33254181,28.2702,17.7488,454,37960,0.745938,0.43,1,540455,540001,454
33257101,56.854,25.9498,490,37960,0.845188,0.53,2,540519,540029,490
33260021,48.9708,51.59,479,37960,0.913037,0.55,2,540566,540087,479
33262941,48.9942,50.318,478,37960,0.926607,0.63,2,540615,540137,478
33265861,22.5988,44.4636,451,37960,0.945322,0.75,2,540631,540180,451
33537421,31,29,523,42340,0.71,1,1,544226,543703,523
33540341,28.6,26.6,525,43800,0.646,1,1,544254,543729,525
33587061,399.32,468.52,438,30660,0.3132,0.15,1,544746,544308,438
33589981,135.064,144.904,443,32120,0.29464,0.05,1,544815,544372,443
33592901,61.4128,69.7808,435,33580,0.498928,0.01,1,544858,544423,435
33595821,45.0826,45.9562,436,33580,0.427786,0.01,1,544899,544463,436
33598741,56.2165,67.5912,422,35040,0.397557,0.03,1,544958,544536,422
33601661,60.8433,46.3182,443,35040,0.327511,0.01,1,545020,544577,443
33604581,61.7687,49.2636,455,35040,0.201502,0.09,1,545082,544627,455
33607501,33.1537,34.6527,450,35040,0.3043,0.09,1,545108,544658,450
33610421,8.23075,26.1305,428,35040,0.32486,0.15,1,545110,544682,428
33613341,16.8461,21.2261,427,35040,0.280972,0.11,1,545129,544702,427
33616261,30.5692,14.6452,448,35040,0.272194,0.23,1,545163,544715,448
33619181,20.5138,27.729,435,35040,0.382439,0.29,1,545181,544746,435
33622101,58.5028,60.7458,434,35040,0.468488,0.29,1,545249,544815,434
33625021,53.3006,12.1492,486,35040,0.453698,0.55,1,545301,544815,486
33627941,42.6601,36.8298,483,35040,0.53074,0.41,1,545341,544858,483
33630861,10.132,40.166,444,35040,0.578148,0.39,1,545343,544899,444
33633781,46.8264,55.2332,441,36500,0.65163,0.31,1,545399,544958,441
33636701,54.9653,60.6466,436,36500,0.778326,0.17,2,545456,545020,436
33639621,55.7931,61.7293,430,36500,0.835665,0.33,2,545512,545082,430
33642541,35.9586,33.1459,435,36500,0.799133,0.33,2,545543,545108,435
33645461,8.79172,8.22917,435,36500,0.791827,0.27,2,545545,545110,435
33648381,15.3583,16.8458,433,36500,0.822365,0.27,2,545562,545129,433
33768101,31,65,508,36500,0.69,1,1,547196,546688,508
33771021,28.6,38.6,504,36500,0.658,1,1,547224,546720,504
33773941,42.52,26.92,526,36500,0.6836,1,1,547270,546744,526
33776861,58.104,42.984,541,36500,0.64072,1,1,547332,546791,541
33779781,61.2208,60.5968,538,36500,0.728144,1,1,547394,546856,538
33782701,38.6442,66.5194,503,36500,0.745629,1,1,547427,546924,503
33785621,34.1288,36.5039,507,36500,0.669126,1,1,547460,546953,507
33788541,26.0258,30.5008,502,36500,0.733825,0.96,1,547484,546982,502
33791461,22.0052,26.1002,498,36500,0.730765,1,1,547505,547007,498
33794381,15.601,21.22,492,36500,0.842153,1,2,547519,547027,492
33797301,34.3202,18.644,513,36500,0.912431,0.74,2,547558,547045,513
34036741,50,49,476,37960,0.09,0.41,1,550720,550244,476
34045501,116.4,145,440,37960,0.074,0.23,1,550853,550413,440
34051341,76.88,86.6,435,37960,0.1828,0.19,1,550920,550485,435
34057181,48.976,57.32,427,37960,0.26856,0.17,1,550962,550535,427
34090761,61.7952,64.264,426,37960,0.413712,0.09,1,551027,550601,426
34093681,44.359,26.4528,449,39420,0.506742,0.03,1,551067,550618,449
34096601,29.6718,46.8906,423,40880,0.605348,0.13,1,551093,550670,423
34099521,47.5344,33.3781,445,42340,0.81707,0.07,2,551145,550700,445
34232381,105,107,441,35040,0.43,0.47,1,553032,552591,441
34267421,75.4,71.8,446,32253,0.462,0.49,1,553100,552654,446
34270341,35.88,27.16,456,31324,0.5804,0.37,1,553126,552670,456
34273261,43.976,47.832,449,29466,0.70008,0.23,1,553172,552723,449
34276181,59.1952,64.7664,443,27740,0.756016,0.23,2,553235,552792,443
34279101,63.839,52.1533,459,26280,0.751203,0.27,2,553300,552841,459
34282021,61.5678,41.6307,481,24820,0.830241,0.21,2,553361,552880,481
34284941,21.9136,45.9261,446,23360,0.862048,0.29,2,553373,552927,446
34287861,25.9827,29.1852,448,23360,0.80441,0.27,2,553400,552952,448
34290781,33.9965,30.637,453,23360,0.856882,0.31,2,553436,552983,453
34293701,39.5993,34.9274,458,23360,0.883376,0.47,2,553477,553019,458
34296621,20.7199,30.9855,444,23360,0.920675,0.47,2,553493,553049,444
34366701,39,32,521,29200,0.67,1,1,554890,554369,521
34369621,31.8,24.8,528,29200,0.606,1,1,554920,554392,528
34372541,35.96,38.56,523,29200,0.5772,1,1,554957,554434,523
34375461,35.192,34.912,524,29200,0.52344,1,1,554992,554468,524
34378381,32.6384,30.9824,526,29200,0.496688,1,1,555024,554498,526
34381301,36.1277,63.7965,491,29200,0.491338,1,1,555061,554570,491
34384221,106.426,121.559,479,29200,0.458268,1,1,555185,554706,479
34387141,66.8851,76.3119,471,29200,0.371653,0.85,1,555242,554771,471
34390061,42.977,51.2624,463,29200,0.418331,0.79,1,555279,554816,463
34392981,34.9954,38.2525,461,29200,0.443666,0.67,1,555312,554851,461
34395901,34.1991,38.8505,456,29200,0.496733,0.59,1,555346,554890,456
34398821,25.2398,31.7701,449,29200,0.555347,0.57,1,555369,554920,449
34401741,33.848,35.954,448,29200,0.551069,0.51,1,555405,554957,448
34404661,31.5696,35.1908,444,29200,0.614214,0.49,1,555436,554992,444
34407581,30.3139,32.6382,442,29200,0.658843,0.49,1,555466,555024,442
34410501,36.4628,36.1276,443,29200,0.779769,0.45,2,555504,555061,443
34477661,41,40,485,30660,0.77,1,2,556695,556210,485
34480581,44.2,36.8,494,30660,0.626,1,1,556740,556246,494
34483501,37.64,34.56,496,30660,0.5492,1,1,556776,556280,496
34486421,37.128,34.912,498,30660,0.45384,1,1,556813,556315,498
34489341,37.8256,36.5824,499,30660,0.386768,1,1,556851,556352,499
34492261,34.7651,33.7165,500,30660,0.389354,1,1,556885,556385,500
34495181,34.153,38.7433,494,30660,0.325871,1,1,556919,556425,494
34498101,35.6306,35.7487,495,32120,0.329174,0.93,1,556955,556460,495
34501021,98.3261,113.55,476,32120,0.265835,0.93,1,557069,556593,476
34503941,56.4652,22.7099,522,32120,0.269167,0.87,1,557115,556593,522
34506861,38.493,53.342,495,32120,0.317833,0.77,1,557149,556654,495
34509781,37.2986,43.4684,491,32120,0.391567,0.59,1,557186,556695,491
34512701,35.4597,44.6937,481,33580,0.486313,0.53,1,557221,556740,481
34515621,32.6919,37.7387,477,33580,0.489263,0.43,1,557253,556776,477
34518541,36.1384,37.1477,477,33580,0.585853,0.37,1,557290,556813,477
34521461,35.2277,37.8295,474,33580,0.733171,0.39,1,557325,556851,474
34524381,28.6455,34.7659,467,33580,0.778634,0.31,2,557352,556885,467
34527301,7.32911,34.1532,435,33580,0.771727,0.33,2,557354,556919,435
34530221,32.6658,35.6306,438,33580,0.866345,0.25,2,557393,556955,438
34690821,58,52,476,35040,0.39,0.67,1,559396,558920,476
34693741,47.6,54.4,466,36500,0.518,0.59,1,559441,558975,466
34696661,61.52,47.68,485,37960,0.7996,0.73,2,559506,559021,485
34699581,43.504,41.536,484,39420,0.88792,0.57,2,559545,559061,484
34702501,37.5008,55.5072,461,40880,0.873584,0.49,2,559581,559120,461
34988661,11,20,446,33580,0.11,0.45,1,562740,562294,446
34991581,42.2,35.2,457,35040,0.19,0.19,1,562790,562333,457
34994501,54.04,64.64,442,36500,0.286,0.07,1,562847,562405,442
34997421,36.408,40.128,440,37960,0.4012,0.03,1,562879,562439,440
35000341,30.4816,35.2256,435,39420,0.47224,0.05,1,562908,562473,435
35003261,30.8963,29.4451,438,40880,0.614448,0.09,1,562939,562501,438
35006181,23.7793,22.689,439,42340,0.72289,0.01,1,562961,562522,439
35009101,31.9559,30.9378,440,42340,0.872578,0.05,2,562995,562555,440
35333221,34,39,502,24820,0.75,1,2,570425,569923,502
35336141,30.8,32.6,501,24820,0.702,1,1,570455,569954,501
35339061,38.16,6.52,541,24820,0.6604,1,1,570495,569954,541
35341981,83.632,15.704,618,24820,0.46008,1,1,570590,569972,618
35344901,105.526,119.941,583,24820,0.340016,0.93,1,570701,570118,583
35347821,46.7053,107.988,510,24820,0.268003,1,1,570733,570223,510
35350741,74.1411,56.7976,547,24820,0.317601,0.8,1,570814,570267,547
35353661,41.2282,80.1595,494,24820,0.35952,0.77,1,570847,570353,494
35356581,31.4456,46.4319,485,24820,0.463904,0.75,1,570876,570391,485
35359501,32.6891,36.4864,484,24820,0.452781,0.69,1,570909,570425,484
35362421,38.5378,31.2973,494,24820,0.594556,0.65,1,570949,570455,494
35365341,72.5076,38.2595,535,24820,0.686911,0.41,1,571030,570495,535
35368261,97.7015,83.6519,544,24820,0.865382,0.31,2,571134,570590,544
35371181,46.7403,105.53,467,24820,0.869076,0.25,2,571168,570701,467
35450021,53,37,521,27740,0.59,1,1,572755,572234,521
35452941,39.4,37.8,519,27740,0.494,1,1,572791,572272,519
35455861,33.48,32.36,520,27740,0.4108,1,1,572823,572303,520
35458781,29.896,43.272,503,27740,0.36216,1,1,572852,572349,503
35461701,50.7792,77.4544,473,27740,0.288432,1,1,572908,572435,473
35464621,102.156,98.6909,484,27740,0.209686,1,1,573023,572539,484
35467541,44.4312,47.7382,479,29200,0.289937,0.85,1,573053,572574,479
35470461,69.6862,83.9476,462,29200,0.385987,0.71,1,573129,572667,462
35473381,37.1372,44.7895,456,29200,0.325197,0.71,1,573158,572702,456
35476301,42.6274,8.9579,500,30660,0.26504,0.59,1,573202,572702,500
35479221,34.1255,44.1916,479,30660,0.333008,0.47,1,573234,572755,479
35482141,29.2251,37.6383,471,30660,0.426602,0.39,1,573262,572791,471
35485061,28.245,33.1277,467,30660,0.46132,0.35,1,573290,572823,467
35487981,46.449,29.8255,489,30660,0.580264,0.27,1,573341,572852,489
35490901,101.29,50.7651,548,32120,0.764053,0.19,2,573456,572908,548
35493821,21.858,102.153,435,33580,0.800811,0.31,2,573458,573023,435
35496741,30.7716,44.4306,438,33580,0.904162,0.41,2,573491,573053,438
35499661,66.9543,69.6861,438,33580,0.892833,0.31,2,573567,573129,438
35628141,77,93,454,30660,0.13,0.67,1,575327,574873,454
35631061,47.4,33,476,32120,0.194,0.33,1,575367,574891,476
35633981,58.28,69,459,33580,0.3268,0.35,1,575428,574969,459
35636901,36.456,43.4,453,35040,0.42536,0.25,1,575459,575006,453
35639821,28.0912,35.08,446,36500,0.429072,0.23,1,575485,575039,446
35642741,24.0182,30.216,440,36500,0.557814,0.19,1,575508,575068,440
35645661,21.6036,26.0432,436,36500,0.583563,0.01,1,575529,575093,436
35648581,31.5207,32.4086,436,36500,0.636713,0.05,1,575563,575127,436
35651501,21.5041,23.2817,434,37960,0.695342,0.11,1,575582,575148,434
35893861,44,36,506,36500,0.85,1,2,578814,578308,506
35896781,31.2,30.4,505,36500,0.866,1,2,578842,578337,505
35899701,34.24,27.68,513,36500,0.9012,1,2,578877,578364,513
35902621,37.248,33.536,516,36500,0.86024,1,2,578915,578399,516
35905541,31.4496,34.7072,511,36500,0.804048,1,2,578945,578434,511
35908461,31.8899,31.7414,512,36500,0.71281,1,1,578977,578465,512
35911381,35.178,33.5483,514,36500,0.726562,1,1,579013,578499,514
35914301,37.4356,36.3097,515,36500,0.649312,1,1,579051,578536,515
35917221,38.6871,35.2619,519,36500,0.697862,1,1,579090,578571,519
35920141,42.9374,51.0524,508,36500,0.659572,1,1,579134,578626,508
35923061,62.1875,38.2105,540,36500,0.715915,0.96,1,579201,578661,540
35925981,38.8375,65.2421,501,36500,0.791183,0.91,2,579234,578733,501
35928901,39.7675,42.6484,504,36500,0.806237,0.85,2,579274,578770,504
35931821,33.5535,43.7297,492,36500,0.825247,0.87,2,579306,578814,492
35934741,36.3107,31.1459,501,36500,0.861049,0.91,2,579343,578842,501
35937661,35.2621,34.2292,501,36500,0.86821,0.85,2,579378,578877,501
36016501,34,26,518,36500,0.69,1,1,580419,579901,518
36019421,33.2,30,520,36500,0.482,1,1,580452,579932,520
36022341,37.84,41.2,515,36500,0.3444,1,1,580491,579976,515
36025261,41.968,32.24,528,36500,0.28488,1,1,580534,580006,528
36028181,61.1936,45.648,545,36500,0.080976,1,1,580600,580055,545
36031101,41.8387,59.5296,519,36500,0.0241952,1,1,580637,580118,519
36034021,39.5677,57.5059,501,37960,0.044839,1,1,580676,580175,501
36036941,46.3135,40.3012,513,37960,0.0169678,1,1,580724,580211,513
36039861,35.6627,35.2602,512,37960,0.0753936,1,1,580757,580245,512
36042781,32.7325,37.452,506,37960,0.0390787,1,1,580789,580283,506
36045701,36.1465,35.4904,508,37960,0.0958157,0.87,1,580826,580318,508
36048621,25.6293,35.8981,495,37960,0.0271631,0.77,1,580849,580354,495
36051541,22.7259,31.9796,486,37960,0.0454326,0.69,1,580871,580385,486
36054461,23.7452,33.5959,476,37960,0.0650865,0.43,1,580895,580419,476
36057381,29.549,33.1192,474,37960,0.101017,0.31,1,580926,580452,474
36060301,37.1098,37.8238,474,37960,0.156203,0.27,1,580965,580491,474
36063221,52.222,41.9648,487,37960,0.215241,0.03,1,581021,580534,487
36066141,40.0444,61.193,458,39420,0.291048,0.01,1,581058,580600,458
36069061,9.60888,41.8386,423,39420,0.30621,0.05,1,581060,580637,423
36071981,32.3218,39.5677,422,39420,0.277242,0.01,1,581098,580676,422
36074901,44.8644,46.3135,422,39420,0.399448,0.09,1,581146,580724,422
36077821,36.9729,35.6627,424,39420,0.51989,0.03,1,581181,580757,424
36080741,32.9946,32.7325,424,39420,0.751978,0.11,2,581213,580789,424
36083661,35.3989,36.1465,423,39420,0.750396,0.01,2,581249,580826,423
36086581,25.4798,25.6293,423,40880,0.910079,0.05,2,581272,580849,423
36254481,257,295,423,33580,0.39,0.09,1,583273,582850,423
36257401,68.2,73.4,426,35040,0.39,0.15,1,583294,582868,426
36260321,40.04,32.28,437,36500,0.502,0.13,1,583327,582890,437
36263241,47.208,40.056,444,37960,0.4924,0.09,1,583376,582932,444
36266161,55.0416,46.4112,453,39420,0.65048,0.25,1,583433,582980,453
36269081,47.8083,38.0822,463,39420,0.602096,0.33,1,583479,583016,463
36272001,39.9617,38.0164,463,39420,0.640419,0.49,1,583517,583054,463
36274921,51.9923,36.4033,482,40880,0.808084,0.41,2,583572,583090,482
36277841,35.1985,51.2807,458,40880,0.793617,0.47,2,583603,583145,458
36280761,33.4397,36.6561,458,40880,0.822723,0.45,2,583636,583178,458
36283681,26.6879,24.1312,462,40880,0.844545,0.49,2,583661,583199,462
36286601,31.7376,34.4262,458,40880,0.912909,0.39,2,583694,583236,458
36289521,23.1475,36.4852,442,40880,0.942582,0.39,2,583715,583273,442
36419461,27,28,533,49640,0.83,1,2,585166,584633,533
36472021,395,459.2,453,33580,0.718,0.57,1,585653,585200,453
36474941,119,131.84,453,35040,0.8076,0.49,2,585703,585250,453
36606341,58,33,484,32120,0.67,0.57,1,587399,586915,484
36609261,63.6,73,466,33580,0.83,0.59,2,587464,586998,466
36612181,39.92,41.8,466,33580,0.91,0.55,2,587498,587032,466
36688101,35,33,524,37960,0.81,1,2,588550,588026,524
36691021,30.2,26.6,528,37960,0.73,1,1,588579,588051,528
36693941,31.64,30.92,528,37960,0.666,1,1,588611,588083,528
36696861,34.328,34.984,527,37960,0.5892,1,1,588646,588119,527
36699781,38.0656,47.7968,515,37960,0.42984,1,1,588685,588170,515
36702701,33.2131,35.1594,515,37960,0.317968,1,1,588717,588202,515
36705621,32.2426,32.6319,515,37960,0.375594,1,1,588749,588234,515
36708541,30.4485,38.5264,505,37960,0.387119,1,1,588779,588274,505
36711461,37.2897,36.5053,508,37960,0.373424,1,1,588818,588310,508
36714381,61.8579,74.5011,492,37960,0.466685,1,1,588886,588394,492
36717301,38.7716,44.5002,488,37960,0.437337,0.92,1,588919,588431,488
36720221,34.9543,47.3,474,37960,0.479467,0.88,1,588953,588479,474
36723141,31.7909,38.26,469,37960,0.487893,0.81,1,588984,588515,469
36726061,28.7582,35.652,462,37960,0.505579,0.71,1,589012,588550,462
36728981,20.1516,30.3304,451,37960,0.541116,0.65,1,589030,588579,451
36731901,30.4303,31.6661,452,37960,0.532223,0.57,1,589063,588611,452
36734821,30.8861,34.3332,448,37960,0.562445,0.39,1,589094,588646,448
36737741,30.9772,38.0666,440,37960,0.632489,0.29,1,589125,588685,440
36740661,29.3954,33.2133,437,37960,0.662498,0.39,1,589154,588717,437
36743581,31.4791,32.2427,437,37960,0.6525,0.39,1,589186,588749,437
36746501,30.2958,30.4485,437,37960,0.7625,0.37,2,589216,588779,437
36749421,39.6592,37.2897,440,37960,0.8485,0.49,2,589258,588818,440
36860381,38,33,511,39420,0.75,1,2,590675,590164,511
36863301,41.2,45,505,39420,0.702,1,1,590717,590212,505
36866221,59.44,77.8,483,39420,0.6284,1,1,590781,590298,483
36869141,51.888,40.36,502,39420,0.56568,1,1,590831,590329,502
36872061,35.9776,38.472,496,39420,0.585136,1,1,590863,590367,496
36874981,31.9955,39.6944,487,39420,0.541027,1,1,590894,590407,487
36877901,33.5991,36.7389,485,39420,0.660205,0.9,1,590928,590443,485
36880821,29.1198,28.9478,486,39420,0.716041,1,1,590956,590470,486
36883741,31.424,31.3896,486,40880,0.775208,0.99,2,590988,590502,486
36886661,23.0848,36.6779,469,40880,0.819042,0.95,2,591009,590540,469
36889581,26.217,28.9356,469,40880,0.811808,0.81,2,591036,590567,469
37091061,15,0,490,14600,0.75,0.94,2,595501,595011,490
37093981,13.4,25.6,471,17520,0.862,0.94,2,595514,595043,471
37096901,4.28,5.12,473,20440,0.8684,0.69,2,595516,595043,473
37168441,268,267,481,20440,0.63,0.31,1,597389,596908,481
37171361,72.8,100.6,446,21900,0.518,0.15,1,597413,596967,446
37174281,26.56,44.12,431,23360,0.5916,0.03,1,597428,596997,431
37177201,22.912,28.024,429,23360,0.62232,0.03,1,597450,597021,429
37180121,30.9824,19.2048,445,23360,0.628464,0.05,1,597483,597038,445
37183041,59.7965,19.841,492,23360,0.629693,0.17,1,597550,597058,492
37185961,13.5593,54.3682,431,23360,0.629939,0.63,1,597552,597121,431
37188881,232.312,225.274,450,24820,0.757988,0.63,2,597839,597389,450
37191801,63.2624,45.0547,471,24820,0.735598,0.49,1,597860,597389,471
37194721,14.2525,28.2109,449,24820,0.69912,0.61,1,597862,597413,449
37197641,17.2505,17.6422,452,24820,0.707824,0.63,1,597880,597428,452
37200561,18.6501,21.1284,449,24820,0.789565,0.63,2,597899,597450,449
37203481,30.93,30.6257,450,24820,0.789913,0.63,2,597933,597483,450
37206401,61.386,59.7251,452,24820,0.901983,0.63,2,598002,597550,452
37209321,13.8772,13.545,452,24820,0.924397,0.63,2,598004,597552,452
37270641,30,21,504,26280,0.79,1,2,599309,598805,504
37273561,27.6,14.6,518,26280,0.79,1,2,599336,598818,518
37275021,32.72,26.92,522,26280,0.742,1,1,599370,598848,522
37355321,104,113,482,26280,0.69,1,1,601147,600665,482
37358241,55.2,49.8,491,26280,0.786,1,2,601190,600699,491
37361161,37.44,32.36,496,26280,0.7892,1,2,601223,600727,496
37364081,29.088,21.672,504,26280,0.78984,1,2,601250,600746,504
37367001,24.2176,32.3344,492,26280,0.741968,1,1,601273,600781,492
37369921,31.2435,33.6669,491,26280,0.780394,1,2,601306,600815,491
37372841,28.6487,26.7334,494,26280,0.740079,0.89,1,601334,600840,494
37375761,123.33,144.547,467,26280,0.700016,0.81,1,601481,601014,467
37378681,43.8659,52.1093,462,26280,0.660003,0.69,1,601505,601043,462
37381601,85.5732,93.6219,454,26280,0.748001,0.81,1,601601,601147,454
37384521,52.3146,53.1244,455,26280,0.7816,0.79,2,601645,601190,455
37387441,40.8629,37.0249,460,26280,0.82832,0.79,2,601683,601223,460
37390361,27.3726,29.005,457,26280,0.877664,0.73,2,601707,601250,457
37393281,24.6745,24.201,458,26280,0.871533,0.79,2,601731,601273,458
37396201,30.5349,31.2402,457,26280,0.934307,0.73,2,601763,601306,457
37466281,35,50,481,26280,0.55,1,1,603120,602639,481
37469201,27.8,32.4,479,26280,0.518,1,1,603146,602667,479
37472121,31.16,30.48,481,26280,0.4476,1,1,603178,602697,481
37475041,30.232,29.296,482,26280,0.36952,1,1,603208,602726,482
37477961,31.6464,25.0592,490,26280,0.353904,0.95,1,603240,602750,490
37480881,118.329,132.212,471,27740,0.446781,1,1,603380,602909,471
37483801,42.0659,50.4424,464,27740,0.449356,0.71,1,603403,602939,464
37486721,89.2132,94.0885,460,27740,0.449871,0.65,1,603504,603044,460
37489641,45.0426,51.6177,453,27740,0.417974,0.55,1,603538,603085,453
37492561,35.4085,38.3235,451,27740,0.475595,0.51,1,603571,603120,451
37495481,21.4817,28.4647,443,27740,0.455119,0.43,1,603589,603146,443
37498401,28.2963,31.2929,441,29200,0.499024,0.35,1,603619,603178,441
37501321,27.2593,30.2586,438,29200,0.603805,0.35,1,603646,603208,438
37504241,31.8519,31.6517,439,29200,0.752761,0.35,2,603679,603240,439
37507161,120.77,6.33034,582,29200,0.814552,0.47,2,603822,603240,582
37510081,42.5541,113.266,465,29200,0.79491,0.45,2,603845,603380,465
37513001,86.9108,41.0532,540,30660,0.886982,0.45,2,603943,603403,540
37515921,47.7822,89.0106,477,30660,0.889396,0.41,2,603981,603504,477
37518841,34.3564,45.0021,474,30660,0.889879,0.49,2,604012,603538,474
37521761,23.6713,35.4004,462,30660,0.889976,0.45,2,604033,603571,462
37524681,6.33426,21.4801,446,32120,0.889995,0.51,2,604035,603589,446
37762661,497,573,441,26280,0.21,0.21,1,607525,607084,441
37765581,205.8,157.8,520,27740,0.37,0.13,1,607658,607138,520
37768501,105.16,141.16,463,29200,0.514,0.01,1,607738,607275,463
37771421,49.032,72.232,443,29200,0.7028,0,1,607773,607330,443
37774341,40.2064,37.6464,452,30660,0.78856,0.09,2,607811,607359,452
37850261,31,31,528,32120,0.71,1,1,608960,608432,528
37853181,77.4,105.4,493,32120,0.502,1,1,609049,608556,493
37856101,49.88,48.28,502,32120,0.3484,1,1,609092,608590,502
37859021,39.576,62.456,473,32120,0.25368,1,1,609129,608656,473
37861941,60.7152,49.2912,493,32120,0.202736,1,1,609195,608702,493
37864861,37.743,47.4582,478,32120,0.144547,1,1,609227,608749,478
37867781,45.1486,37.4916,490,32120,0.180909,0.93,1,609274,608784,490
37870701,29.0297,27.4983,490,32120,0.156182,1,1,609299,608809,490
37873621,37.0059,43.8997,481,32120,0.103236,0.81,1,609338,608857,481
37876541,26.6012,39.9799,466,32120,0.0766473,0.79,1,609362,608896,466
37879461,27.7202,34.396,461,32120,0.0393295,0.71,1,609390,608929,461
37882381,22.344,31.6792,451,32120,0.0798659,0.45,1,609411,608960,451
37885301,66.8688,77.5358,440,32120,0.183973,0.31,1,609489,609049,440
37888221,43.7738,49.9072,435,32120,0.204795,0.23,1,609527,609092,435
37891141,39.1548,39.5814,436,32120,0.208959,0.19,1,609565,609129,436
37894061,55.031,60.7163,429,32120,0.289792,0.13,1,609624,609195,429
37896981,35.0062,37.7433,427,32120,0.385958,0.19,1,609654,609227,427
37899901,47.0012,45.1487,430,32120,0.533192,0.15,1,609704,609274,430
37902821,26.2002,29.0297,426,32120,0.578638,0.09,1,609725,609299,426
37905741,34.0401,37.0059,423,32120,0.619728,0.07,1,609761,609338,423
37908661,26.808,26.6012,424,32120,0.691945,0.03,1,609786,609362,424
37911581,27.7616,27.7202,424,32120,0.738389,0.09,1,609814,609390,424
37914501,22.3523,22.344,424,32120,0.827678,0.21,2,609835,609411,424
38019621,46,45,514,36500,0.91,1,2,611441,610927,514
38022541,34,33.8,514,37960,0.91,1,2,611472,610958,514
38054661,43,41,510,40880,0.87,0.91,2,611905,611395,510
38057581,10.2,45,466,40880,0.87,0.91,2,611907,611441,466
38060501,27.64,33.8,467,42340,0.886,0.95,2,611939,611472,467
38063421,46.328,46.76,468,42340,0.8732,0.83,2,611990,611522,468
38181681,95,115,433,36500,0.41,0.13,1,613746,613313,433
38188981,43.8,50.2,430,36500,0.41,0.15,1,613777,613347,430
38221101,63.96,64.44,431,36500,0.666,0.19,1,613846,613415,431
38224021,18.392,16.088,434,37960,0.7012,0.21,1,613853,613419,434
38226941,22.8784,16.0176,442,39420,0.72424,0.15,1,613877,613435,442
38229861,21.3757,19.2035,443,40880,0.808848,0.15,2,613898,613455,443
38232781,5.87514,15.8407,430,40880,0.79377,0.23,2,613900,613470,430
38370021,64,71,446,33580,0.03,0.45,1,615520,615074,446
38372941,55.2,46.2,459,35040,0.206,0.31,1,615573,615114,459
38375861,75.04,69.24,464,36500,0.3532,0.19,1,615653,615189,464
38378781,51.008,49.848,464,36500,0.47864,0.05,1,615698,615234,464
38381701,35.8016,48.3696,448,37960,0.535728,0.01,1,615730,615282,448
38384621,27.9603,32.0739,446,37960,0.563146,0,1,615756,615310,446
38387541,20.7921,31.2148,434,37960,0.664629,0.03,1,615775,615341,434
38390461,14.5584,17.443,433,37960,0.620926,0.01,1,615788,615355,433
38393381,15.7117,17.8886,431,37960,0.660185,0.05,1,615804,615373,431
38396301,18.3423,12.3777,439,37960,0.668037,0.07,1,615823,615384,439
38399221,50.0685,26.4755,467,37960,0.749607,0.09,1,615881,615414,467
38402141,45.2137,49.2951,456,37960,0.733922,0.03,1,615925,615469,456
38405061,24.2427,50.659,424,37960,0.826784,0.25,2,615944,615520,424
38407981,52.0485,52.5318,430,37960,0.877357,0.25,2,616003,615573,430
38559821,66,55,497,30660,0.19,0.79,1,617906,617409,497
38562741,109.2,118.2,483,32120,0.286,0.59,1,618026,617543,483
38565661,60.24,61.24,484,33580,0.3372,0.59,1,618074,617590,484
38568581,42.448,47.448,478,35040,0.57144,0.43,1,618112,617634,478
38571501,26.0896,49.4896,450,36500,0.634288,0.37,1,618134,617684,450
38574421,20.4179,25.0979,450,36500,0.710858,0.37,1,618153,617703,450
38577341,28.8836,31.4196,448,36500,0.774172,0.33,2,618184,617736,448
38580261,20.1767,24.6839,443,36500,0.882834,0.19,2,618202,617759,443
38676621,47,39,487,40880,0.71,1,1,619480,618993,487
38679541,39.8,31.8,495,40880,0.486,1,1,619518,619023,495
38682461,35.96,25.56,506,40880,0.3452,1,1,619553,619047,506
38685381,26.392,21.912,509,40880,0.28504,1,1,619577,619068,509
38688301,28.4784,29.9824,506,40880,0.161008,1,1,619606,619100,506
38691221,34.4957,33.1965,508,40880,0.0402016,1,1,619642,619134,508
38694141,32.4991,29.8393,511,40880,0.0160403,1,1,619674,619163,511
38697061,24.0998,22.7679,512,40880,0.00320806,1,1,619696,619184,512
38699981,22.42,32.5536,499,40880,0.0246416,1,1,619718,619219,499
38702901,27.684,32.9107,495,40880,0.0129283,1,1,619747,619252,495
38705821,31.1368,39.3821,486,40880,0.0105857,1,1,619779,619293,486
38708741,39.8274,38.2764,490,40880,0.0261171,0.93,1,619821,619331,490
38711661,23.9655,38.8553,471,40880,0.0612234,0.85,1,619841,619370,471
38714581,48.7931,58.1711,463,40880,0.0202447,0.71,1,619896,619433,463
38717501,40.1586,49.2342,454,40880,0.108049,0.43,1,619934,619480,454
38720421,28.8317,40.2468,442,40880,0.14161,0.31,1,619960,619518,442
38723341,30.5663,36.0494,438,40880,0.164322,0.27,1,619991,619553,438
38726261,21.3133,26.4099,433,40880,0.184864,0.13,1,620010,619577,433
38729181,21.8627,28.482,426,40880,0.220973,0.01,1,620032,619606,426
38732101,30.7725,34.4964,423,40880,0.292195,0.01,1,620065,619642,423
38735021,30.9545,32.4993,422,40880,0.274439,0,1,620096,619674,422
38737941,23.7909,24.0999,422,40880,0.238888,0.03,1,620118,619696,422
38740861,22.3582,22.42,422,40880,0.263778,0.01,1,620140,619718,422
38743781,29.2716,27.684,424,40880,0.332756,0.01,1,620171,619747,424
38746701,29.8543,31.1368,422,40880,0.330551,0.03,1,620201,619779,422
38749621,41.9709,39.8274,425,40880,0.47411,0.07,1,620246,619821,425
38752541,21.9942,23.9655,422,40880,0.534822,0.01,1,620263,619841,422
38755461,49.1988,48.7931,423,40880,0.626964,0.13,1,620319,619896,423
38758381,41.8398,40.1586,425,40880,0.613393,0.15,1,620359,619934,425
38761301,30.768,28.8317,427,40880,0.626679,0.17,1,620387,619960,427
38764221,32.5536,30.5663,429,40880,0.741336,0.19,1,620420,619991,429
38767141,26.5107,21.3133,435,40880,0.732267,0.23,1,620445,620010,435
38770061,21.3021,21.8627,433,40880,0.746453,0.31,1,620465,620032,433
38772981,35.4604,30.7725,439,40880,0.797291,0.27,2,620504,620065,439
38775901,23.8921,30.9545,429,40880,0.839458,0.23,2,620525,620096,429
38778821,27.1784,23.7909,435,40880,0.863892,0.27,2,620553,620118,435
38895621,33,33,504,43800,0.83,1,2,621951,621447,504
38898541,33.8,27.4,512,43800,0.766,1,2,621985,621473,512
38901461,30.76,28.68,513,43800,0.7052,1,1,622015,621502,513
38904381,34.952,34.536,513,43800,0.75704,1,2,622051,621538,513
38907301,32.5904,6.9072,545,43800,0.735408,1,1,622083,621538,545
38910221,25.7181,25.3814,539,43800,0.747082,1,1,622107,621568,539
38913141,25.9436,26.6763,538,43800,0.637416,1,1,622133,621595,538
38916061,29.1887,50.1353,512,43800,0.583483,1,1,622163,621651,512
38918981,56.2377,36.4271,542,45260,0.540697,1,1,622226,621684,542
38921901,44.0475,56.0854,522,45260,0.452139,1,1,622267,621745,522
38924821,39.2095,51.2171,510,45260,0.450428,1,1,622305,621795,510
38927741,31.8419,39.8434,503,45260,0.418086,1,1,622335,621832,503
38930661,26.3684,34.3687,495,46720,0.427617,0.91,1,622360,621865,495
38933581,6.87368,27.6737,471,46720,0.429523,0.86,1,622362,621891,471
38936501,18.9747,27.1347,466,46720,0.445905,0.83,1,622384,621918,466
38939421,25.3949,31.8269,460,46720,0.401181,0.75,1,622411,621951,460
38942341,29.079,33.5654,456,46720,0.408236,0.69,1,622441,621985,456
38945261,29.0158,30.7131,455,46720,0.489647,0.77,1,622470,622015,455
38948181,38.6032,34.9426,460,46720,0.537929,0.73,1,622511,622051,460
38951101,31.7206,32.5885,458,48180,0.515586,0.75,1,622541,622083,458
38954021,23.1441,25.7177,455,48180,0.495117,0.61,1,622562,622107,455
38956941,20.6288,25.9435,449,48180,0.491023,0.57,1,622582,622133,449
38959861,27.3258,29.1887,448,48180,0.538205,0.57,1,622611,622163,448
38962781,53.4652,5.83774,508,48180,0.579641,0.53,1,622671,622163,508
38965701,41.893,51.5675,484,49640,0.715928,0.43,1,622710,622226,484
38968621,37.9786,43.1135,480,49640,0.823186,0.45,2,622747,622267,480
38971541,31.5957,39.0227,472,49640,0.812637,0.41,2,622777,622305,472
38974461,7.91914,31.8045,444,51100,0.810527,0.43,2,622779,622335,444
38977381,20.7838,26.3609,443,51100,0.858105,0.43,2,622803,622360,443
38980301,5.75677,6.87218,443,51100,0.835621,0.45,2,622805,622362,443
38983221,18.7514,18.9744,443,51100,0.879124,0.39,2,622827,622384,443
38986141,25.3503,25.3949,443,51100,0.839825,0.41,2,622854,622411,443
38989061,28.2701,29.079,442,51100,0.831965,0.51,2,622883,622441,442
38991981,30.454,29.0158,444,51100,0.846393,0.55,2,622914,622470,444
38994901,40.4908,38.6032,446,51100,0.881279,0.55,2,622957,622511,446
38997821,31.2982,7.72063,475,51100,0.840256,0.51,2,622986,622511,475
39000741,22.2596,25.5441,465,52560,0.896051,0.49,2,623006,622541,465
39003661,22.0519,21.9088,466,52560,0.90721,0.49,2,623028,622562,466
39174481,27,38,476,49640,0.35,1,1,625011,624535,476
39177401,53.4,63.6,466,49640,0.318,1,1,625071,624605,466
39184701,52.28,39.12,485,49640,0.3916,1,1,625123,624638,485
39189081,37.656,46.224,471,49640,0.48632,1,1,625157,624686,471
39194921,47.5312,48.4448,472,49640,0.537264,0.84,1,625207,624735,472
39199301,33.5062,38.489,466,49640,0.595453,0.83,1,625237,624771,466
39202221,26.7012,32.4978,460,49640,0.671091,0.79,1,625262,624802,460
39208061,15.7402,16.8996,460,49640,0.702218,0.71,1,625275,624815,460
39216821,16.7481,21.7799,454,49640,0.788444,0.59,2,625292,624838,454
39219741,55.3496,63.556,445,49640,0.837689,0.45,2,625357,624912,445
39222661,24.6699,28.7112,442,49640,0.879538,0.43,2,625374,624932,442
39254781,12.934,18.5422,436,49640,0.935908,0.33,2,625384,624948,436
39502381,36,0,570,20440,0.77,0.99,2,630529,629959,570
39505301,296,368.8,470,23360,0.402,0.99,1,630890,630420,470
39508221,60.8,73.76,472,26280,0.3284,0.87,1,630892,630420,472
39511141,36.16,42.752,467,29200,0.44168,0.87,1,630922,630455,467
39514061,8.832,8.5504,469,29200,0.448336,0.83,1,630924,630455,469
39516981,28.9664,32.1101,465,29200,0.449667,0.83,1,630958,630493,465
39519901,7.39328,6.42202,467,29200,0.481933,0.77,1,630960,630493,467
39522821,26.2787,30.0844,462,29200,0.456387,0.77,1,630991,630529,462
39525741,6.85573,6.01688,464,29200,0.451277,0.31,1,630993,630529,464
39619181,180,204,446,21900,0.31,0.55,1,632922,632476,446
39622101,60,53.6,460,23360,0.262,0.43,1,632952,632492,460
39625021,24.8,23.52,460,24820,0.2844,0.37,1,632968,632508,460
39627941,26.56,31.104,454,26280,0.33688,0.05,1,632995,632541,454
39746201,50,210,454,24820,0.61,0.31,1,635178,634724,454
39749121,70,82,479,26280,0.77,0.25,2,635253,634774,479
39752041,38.8,66,448,27740,0.802,0.25,2,635284,634836,448
39857161,44,76,475,24820,0.77,0.71,2,637090,636615,475
39860081,76.8,59.2,505,26280,0.898,0.59,2,637175,636670,505
39963741,125,149,445,24820,0.69,0.11,1,638939,638494,445
39966661,100.2,70.6,488,26280,0.882,0.15,2,639033,638545,488
40079081,87,52,490,23360,0.31,0.17,1,640881,640391,490
40082001,87,116.8,444,24820,0.486,0.07,1,640968,640524,444
40084921,74.2,65.76,462,26280,0.6652,0.01,1,641039,640577,462
40087841,41.24,51.552,447,27740,0.63704,0.03,1,641072,640625,447
40090761,33.048,31.9104,451,29200,0.711408,0.05,1,641103,640652,451
40093681,37.0096,31.1821,458,29200,0.726282,0.07,1,641141,640683,458
40096601,69.8019,35.0364,500,29200,0.873256,0.21,2,641219,640719,500
40099521,19.5604,67.0073,432,29200,0.886651,0.31,2,641226,640794,432
40220701,108,168,469,24820,0.89,0.63,2,643321,642852,469
40287861,38,37,517,32120,0.59,1,1,644471,643954,517
40290781,35.6,29.8,524,32120,0.574,1,1,644506,643982,524
40293701,35.12,36.36,521,32120,0.4588,1,1,644541,644020,521
40296621,39.024,37.672,523,32120,0.33976,1,1,644581,644058,523
40299541,35.0048,37.1344,520,32120,0.219952,1,1,644615,644095,520
40302461,30.201,35.4269,514,32120,0.17999,1,1,644644,644130,514
40305381,60.4402,92.6854,475,32120,0.0759981,1,1,644712,644237,475
40308301,58.488,47.3371,497,32120,0.0871996,0.97,1,644770,644273,497
40311221,54.8976,67.8674,478,32120,0.10544,0.81,1,644824,644346,478
40314141,28.5795,43.9735,462,32120,0.157088,0.69,1,644846,644384,462
40317061,36.9159,47.9947,452,32120,0.231418,0.59,1,644885,644433,452
40319981,35.3832,39.9989,449,32120,0.246284,0.57,1,644920,644471,449
40322901,32.6766,35.9998,446,32120,0.393257,0.43,1,644952,644506,446
40325821,30.5353,35.2,441,32120,0.502651,0.31,1,644982,644541,441
40328741,32.5071,39.04,434,32120,0.54053,0.19,1,645015,644581,434
40331661,30.5014,35.008,430,32120,0.676106,0.17,1,645045,644615,430
40334581,27.7003,30.2016,428,32120,0.751221,0.05,2,645072,644644,428
40337501,59.9401,60.4403,428,32120,0.878244,0.09,2,645140,644712,428
40430941,39,32,496,32120,0.83,1,2,646515,646019,496
40433861,53.4,60.8,485,32120,0.766,1,2,646572,646087,485
40436781,73.88,72.16,489,32120,0.5772,1,1,646651,646162,489
40439701,42.776,46.432,484,33580,0.47544,1,1,646686,646202,484
40442621,59.7552,58.8864,486,33580,0.503088,1,1,646750,646264,486
40445541,43.151,42.1773,487,33580,0.412618,1,1,646789,646302,487
40448461,29.4302,37.2355,477,33580,0.442524,0.77,1,646815,646338,477
40451381,30.686,35.4471,473,33580,0.480505,0.97,1,646846,646373,473
40454301,29.3372,32.6894,470,33580,0.552101,0.89,1,646875,646405,470
40457221,33.0674,36.1379,467,33580,0.59842,0.82,1,646909,646442,467
40460141,33.0135,34.4276,466,33580,0.655684,0.83,1,646942,646476,466
40463061,35.4027,38.0855,463,33580,0.699137,0.75,1,646978,646515,463
40465981,48.6805,53.2171,458,33580,0.755827,0.53,2,647030,646572,458
40468901,66.5361,73.8434,450,35040,0.895166,0.53,2,647101,646651,450
