#Ack,ack_ewma(ms),send_ewma(ms),rtt_ratio,cwnd (Bytes),Last Router Ocupation Ack Arriaval(Packets),Last Router Ocupation Packet Sent(Packets),Network Situation,AckArrival(ms),TSInsideAck(ms),RTTAck(ms)
89061,31,46,446,55980,0.41,0.43,1,192628,192182,446
96361,42.2,46.8,444,55980,0.442,0.31,1,192673,192229,444
99281,46.04,52.56,437,55980,0.4964,0.33,1,192720,192283,437
160601,15.608,19.312,434,56940,0.50728,0.25,1,192728,192294,434
163521,33.5216,23.8624,447,58400,0.605456,0.21,1,192766,192319,447
166441,37.1043,35.1725,447,59860,0.641091,0.17,1,192804,192357,447
169361,37.8209,43.0345,440,61320,0.728218,0.21,1,192842,192402,440
172281,19.5642,25.4069,434,62780,0.857644,0.17,2,192857,192423,434
175201,5.51283,8.28138,432,64240,0.851529,0.17,2,192859,192427,432
178121,2.70257,3.25628,432,64240,0.898306,0.19,2,192861,192429,432
181041,6.14051,2.25126,437,64240,0.955661,0.21,2,192868,192431,437
326081,73,67,470,51100,0.01,1,1,194475,194005,470
331921,27.4,24.6,472,51100,0.01,1,1,194491,194019,472
337761,29.48,28.12,473,51100,0.09,1,1,194521,194048,473
340681,43.496,40.824,476,51100,0.09,1,1,194568,194092,476
345061,17.4992,20.1648,472,51100,0.058,0.87,1,194579,194107,472
362581,27.4998,35.233,463,51100,0.1316,0.51,1,194609,194146,463
369881,97.5,113.447,445,51100,0.25832,0.39,1,194724,194279,445
409301,44.3,53.0893,438,51100,0.379664,0.37,1,194755,194317,438
412221,20.86,17.0179,445,52560,0.435933,0.31,1,194770,194325,445
415141,6.572,10.6036,439,54020,0.399187,0.31,1,194773,194334,439
418061,3.7144,4.52071,439,54020,0.375837,0.23,1,194776,194337,439
420981,16.7429,16.1041,440,55480,0.515167,0.21,1,194796,194356,440
423901,4.94858,14.4208,428,55480,0.511033,0.11,1,194798,194370,428
426821,20.9897,14.8842,438,55480,0.590207,0.03,1,194823,194385,438
429741,51.3979,56.5768,430,55480,0.542041,0.01,1,194882,194452,430
432661,34.2796,29.7154,437,55480,0.516408,0.11,1,194912,194475,437
435581,49.2559,42.7431,444,55480,0.607282,0.09,1,194965,194521,444
438501,41.0512,46.1486,436,55480,0.545456,0.15,1,195004,194568,436
441421,44.2102,42.0297,440,55480,0.533091,0.07,1,195049,194609,440
444341,26.442,30.0059,435,55480,0.562618,0.11,1,195071,194636,435
447261,23.6884,22.0012,438,56940,0.568524,0.15,1,195094,194656,438
450181,22.3377,20.4002,440,56940,0.601705,0.15,1,195116,194676,440
453101,30.0675,25.68,445,56940,0.736341,0.29,1,195148,194703,445
456021,26.8135,21.936,450,56940,0.779268,0.41,2,195174,194724,450
458941,20.5627,21.1872,448,56940,0.851854,0.41,2,195193,194745,448
461861,5.71254,12.2374,440,56940,0.898371,0.45,2,195195,194755,440
464781,12.3425,14.4475,439,56940,0.843674,0.45,2,195209,194770,439
467701,6.4685,2.8895,444,56940,0.848735,0.39,2,195214,194770,444
470621,4.4937,2.9779,445,56940,0.849747,0.37,2,195218,194773,445
473541,2.49874,2.99558,444,56940,0.849949,0.55,2,195220,194776,444
476461,17.2997,16.5991,445,58400,0.84999,0.51,2,195241,194796,445
479381,5.05995,4.91982,445,58400,0.849998,0.61,2,195243,194798,445
482301,25.812,20.984,451,58400,0.834,0.53,2,195274,194823,451
692541,406,405,470,42340,0.83,1,2,197289,196819,470
695461,102,93,481,43800,0.814,0.81,2,197315,196834,481
698381,30,30.6,478,45260,0.8588,0.87,2,197327,196849,478
701301,59.6,33.32,511,46720,0.93176,0.79,2,197394,196883,511
977241,34,29,532,48180,0.91,1,2,200388,199856,532
1028341,396.4,454.6,458,33580,0.526,0.53,1,200875,200417,458
1031261,135.28,138.12,469,35040,0.5132,0.65,1,200945,200476,469
1034181,62.256,66.024,465,36500,0.63864,0.53,1,200989,200524,465
1037101,43.6512,45.2048,464,36500,0.695728,0.47,1,201028,200564,464
1040021,43.9302,49.041,458,37960,0.723146,0.41,1,201072,200614,458
1042941,54.386,45.0082,471,37960,0.792629,0.33,2,201129,200658,471
1045861,41.2772,54.6016,452,37960,0.902526,0.33,2,201167,200715,452
1184561,69,98,462,30660,0.35,0.37,1,202934,202472,462
1187481,55.4,59.6,464,32120,0.43,0.23,1,202986,202522,464
1190401,39.08,46.32,456,33580,0.462,0.15,1,203021,202565,456
1193321,59.016,40.464,481,35040,0.6124,0.03,1,203085,202604,481
1196241,55.0032,68.0928,460,35040,0.56248,0.07,1,203139,202679,460
1199161,31.8006,52.8186,437,35040,0.536496,0.09,1,203165,202728,437
1202081,35.1601,36.9637,440,35040,0.531299,0.07,1,203201,202761,440
1205001,31.832,33.7927,438,35040,0.59426,0.09,1,203232,202794,438
1207921,15.9664,23.5585,429,36500,0.686852,0.15,1,203244,202815,429
1210841,45.5933,44.7117,432,36500,0.76937,0.15,2,203297,202865,432
1213761,68.3187,8.94234,506,36500,0.849874,0.35,2,203371,202865,506
1216681,15.2637,56.9885,439,36500,0.881975,0.45,2,203373,202934,439
1219601,48.6527,52.9977,444,36500,0.824395,0.45,2,203430,202986,444
1222521,38.5306,10.5995,480,36500,0.860879,0.47,2,203466,202986,480
1225441,9.30611,30.1199,447,36500,0.836176,0.65,2,203468,203021,447
1228361,57.8612,57.224,453,36500,0.783235,0.55,2,203538,203085,453
1231281,50.7722,54.6448,448,37960,0.852647,0.53,2,203587,203139,448
1234201,31.7544,31.729,449,37960,0.866529,0.53,2,203614,203165,449
1485321,42,36,486,42340,0.87,1,2,206673,206187,486
1488241,42,32.8,496,42340,0.758,1,2,206715,206219,496
1491161,37.2,40.16,490,42340,0.6876,1,1,206751,206261,490
1494081,33.84,36.832,487,42340,0.60952,1,1,206784,206297,487
1497001,41.968,33.7664,498,42340,0.593904,1,1,206828,206330,498
1499921,35.5936,29.9533,503,42340,0.654781,1,1,206862,206359,503
1502841,33.5187,31.5907,504,42340,0.650956,1,1,206895,206391,504
1505761,27.5037,32.7181,497,42340,0.666191,1,1,206921,206424,497
1508681,30.3007,30.5436,498,42340,0.717238,1,1,206952,206454,498
1511601,29.2602,26.9087,501,43800,0.775448,1,2,206981,206480,501
1514521,30.652,32.5817,498,43800,0.78709,1,2,207012,206514,498
1517441,23.7304,32.9163,487,43800,0.853418,0.91,2,207034,206547,487
1520361,23.1461,33.7833,476,43800,0.906684,0.91,2,207057,206581,476
1523281,40.6292,6.75665,521,43800,0.829337,0.96,2,207102,206581,521
1526201,36.9258,41.3513,507,43800,0.893867,0.87,2,207138,206631,507
1529121,34.5852,41.8703,499,43800,0.922774,0.73,2,207172,206673,499
1657601,500,592,448,36500,0.17,0.09,1,208932,208484,448
1663441,173.6,211.2,424,37960,0.282,0.05,1,209024,208600,424
1670741,73.92,81.44,424,37960,0.4164,0.03,1,209073,208649,424
1673661,86.784,89.088,423,37960,0.41128,0.05,1,209163,208740,423
1683881,26.1568,25.8176,424,37960,0.458256,0.03,1,209174,208750,424
1717461,45.2314,45.1635,424,37960,0.515651,0.07,1,209224,208800,424
1720381,42.6463,18.6327,454,39420,0.63913,0.05,1,209266,208812,454
1723301,34.1293,30.9265,452,40880,0.631826,0.15,1,209298,208846,452
1726221,22.0259,25.3853,447,42340,0.790365,0.17,2,209317,208870,447
1729141,6.00517,21.8771,428,43800,0.822073,0.15,2,209319,208891,428
1880981,95,103,433,36500,0.31,0.27,1,211381,210948,433
2022601,37,20,544,43800,0.67,1,1,212779,212235,544
2024061,34.6,20,558,43800,0.558,1,1,212813,212255,558
2070781,384.52,476,440,30660,0.5356,0.37,1,213285,212845,440
2073701,120.104,132,448,32120,0.73912,0.25,1,213339,212891,448
2076621,61.6208,72.8,437,33580,0.763824,0.27,2,213386,212949,437
2191961,39,46,469,30660,0.67,0.49,1,214940,214471,469
2194881,47.8,46.8,472,32120,0.894,0.37,2,214990,214518,472
2297081,49,62,526,33580,0.73,1,1,216525,215999,526
2300001,49,62,513,33580,0.746,1,1,216574,216061,513
2302921,57,45.2,531,33580,0.6852,1,1,216633,216102,531
2305841,33,50.64,506,33580,0.68904,1,1,216660,216154,506
2308761,30.6,32.528,508,33580,0.657808,1,1,216690,216182,508
2311681,29.32,32.9056,504,33580,0.747562,1,1,216719,216215,504
2314601,52.264,27.3811,536,33580,0.781512,1,2,216777,216241,536
2317521,41.6528,56.6762,511,33580,0.916303,0.99,2,216816,216305,511
2530681,36,44,504,46720,0.47,1,1,219714,219210,504
2533601,35.2,37.6,503,48180,0.406,1,1,219749,219246,503
2536521,35.04,33.12,506,48180,0.2652,1,1,219784,219278,506
2539441,36.608,29.024,515,48180,0.14104,1,1,219821,219306,515
2542361,33.7216,34.6048,512,48180,0.028208,1,1,219854,219342,512
2545281,35.5443,36.521,511,49640,0.0616416,1,1,219890,219379,511
2548201,29.5089,7.30419,539,49640,0.0523283,1,1,219918,219379,539
2551121,34.7018,23.0608,548,49640,0.0184657,1,1,219954,219406,548
2603681,377.34,476.612,421,33580,0.747693,0.05,1,220417,219996,421
2695661,38,35,543,46720,0.57,1,1,221597,221054,543
2707341,388.4,470.2,440,32120,0.17,0.01,1,222073,221633,440
2749681,163.28,194.84,421,32120,0.218,0.03,1,222180,221759,421
2752601,74.256,66.168,439,33580,0.1796,0.01,1,222232,221793,439
2755521,45.2512,48.4336,433,35040,0.29992,0.07,1,222270,221837,433
2758441,47.4502,40.0867,443,35040,0.179984,0,1,222318,221875,443
2761361,58.29,56.0173,444,35040,0.283997,0.07,1,222379,221935,444
2764281,36.458,27.2035,455,36500,0.384799,0,1,222410,221955,455
2767201,8.8916,31.8407,424,36500,0.43696,0.11,1,222412,221988,424
2770121,23.3783,28.7681,423,36500,0.479392,0.07,1,222439,222016,423
2773041,27.0757,28.9536,422,36500,0.551878,0.01,1,222467,222045,422
2775961,31.8151,16.1907,442,36500,0.566376,0.21,1,222500,222058,442
2778881,56.763,47.2381,450,36500,0.601275,0.23,1,222563,222113,450
2781801,49.7526,51.0476,446,36500,0.656255,0.23,1,222611,222165,446
2784721,51.5505,22.2095,483,36500,0.763251,0.17,2,222663,222180,483
2787641,11.9101,46.0419,433,37960,0.81665,0.33,2,222665,222232,433
2790561,34.382,39.6084,435,37960,0.82733,0.15,2,222705,222270,435
2793481,47.6764,46.3217,438,37960,0.877466,0.31,2,222756,222318,438
3133661,42,52,482,33580,0.11,0.91,1,226996,226514,482
3136581,46.8,51.2,479,35040,0.126,0.85,1,227044,226565,479
3139501,50.16,43.84,488,36500,0.0332,0.69,1,227095,226607,488
3142421,41.232,48.768,477,37960,0.11064,0.49,1,227134,226657,477
3145341,59.4464,47.3536,494,39420,0.270128,0.31,1,227198,226704,494
3148261,38.2893,69.4707,452,39420,0.334026,0.27,1,227231,226779,452
3151181,21.2579,37.0941,440,39420,0.442805,0.25,1,227248,226808,440
3154101,29.0516,33.8188,438,39420,0.528561,0.23,1,227279,226841,438
3157021,41.8103,37.9638,444,40880,0.593712,0.17,1,227324,226880,444
3159941,21.9621,33.9928,428,40880,0.638742,0.13,1,227341,226913,428
3162861,33.9924,39.5985,424,40880,0.679748,0.13,1,227378,226954,424
3165781,38.7985,7.91971,464,40880,0.65595,0.11,1,227418,226954,464
3168701,9.3597,35.1839,424,40880,0.65119,0.13,1,227420,226996,424
3171621,41.0719,45.4368,425,40880,0.762238,0.13,2,227469,227044,425
3174541,47.4144,9.08736,474,42340,0.864448,0.01,2,227518,227044,474
3177461,11.0829,42.6175,425,42340,0.852889,0.13,2,227520,227095,425
3300101,29,0,531,45260,0.89,1,2,228936,228405,531
3311781,53,36,538,45260,0.93,1,2,229058,228520,538
3576041,16,31,475,35040,0.09,0.95,1,232378,231903,475
3581881,58.4,57.4,480,35040,0.138,0.89,1,232447,231967,480
3614001,38.88,51.48,464,35040,0.2276,0.83,1,232481,232017,464
3616921,30.176,25.496,473,36500,0.32552,0.71,1,232509,232036,473
3619841,31.6352,34.6992,468,37960,0.473104,0.57,1,232541,232073,468
3622761,27.927,35.7398,459,39420,0.502621,0.39,1,232568,232109,459
3625681,29.5854,35.148,454,40880,0.572524,0.33,1,232598,232144,454
3628601,30.7171,35.8296,449,42340,0.618505,0.27,1,232629,232180,449
3631521,24.5434,31.9659,441,43800,0.707701,0.05,1,232652,232211,441
3634441,30.5087,33.5932,439,43800,0.75754,0.07,2,232684,232245,439
3637361,19.7017,20.3186,439,43800,0.719508,0.03,1,232701,232262,439
3640281,57.5403,30.4637,473,43800,0.839902,0.01,2,232768,232295,473
3821321,8,12,447,33580,0.05,0.51,1,234742,234295,447
3824241,80,51.2,484,35040,0.194,0.45,1,234840,234356,484
3827161,65.6,67.04,475,36500,0.3028,0.39,1,234902,234427,475
3830081,23.52,51.808,440,37960,0.40456,0.25,1,234915,234475,440
3833001,25.504,27.1616,445,37960,0.456912,0.21,1,234941,234496,445
3835921,28.3008,33.4323,439,39420,0.595382,0.15,1,234970,234531,439
3838841,15.2602,22.6865,431,39420,0.671077,0.15,1,234982,234551,431
3841761,9.45203,13.3373,428,39420,0.702215,0.09,1,234990,234562,428
3844681,25.0904,16.2675,440,39420,0.692443,0.05,1,235019,234579,440
3847601,46.6181,30.4535,458,39420,0.786489,0.03,2,235071,234613,458
3850521,38.9236,43.6907,448,39420,0.789298,0.03,2,235108,234660,448
3853441,46.9847,44.7381,452,39420,0.83786,0.05,2,235157,234705,452
3856361,15.7969,38.5476,423,39420,0.847572,0.23,2,235165,234742,423
4000901,63,28,502,29200,0.35,1,1,237066,236564,502
4003821,89.4,45.6,548,30660,0.574,0.45,1,237162,236614,548
4006741,57.08,121.12,457,32120,0.7308,0.35,1,237211,236754,457
4009661,47.416,65.824,450,33580,0.82616,0.29,2,237256,236806,450
4100181,501,575,447,26280,0.21,0.01,1,238817,238370,447
4135221,187.4,223,421,26280,0.274,0,1,238926,238505,421
4138141,115.88,85.4,468,27740,0.1428,0.01,1,239024,238556,468
4141061,94.376,65.88,496,29200,0.32456,0.07,1,239113,238617,496
4143981,53.2752,76.376,460,30660,0.520912,0.09,1,239156,238696,460
4146901,36.255,44.8752,455,30660,0.656182,0.19,1,239188,238733,455
4149821,15.251,28.975,440,30660,0.779237,0.21,2,239198,238758,440
4152741,16.6502,16.995,443,30660,0.771847,0.11,2,239215,238772,443
4155661,28.93,28.199,444,30660,0.898369,0.23,2,239247,238803,444
4240341,35,46,485,32120,0.49,1,1,240620,240135,485
4243261,35,29.2,495,32120,0.394,1,1,240655,240160,495
4246181,34.2,33.84,494,32120,0.1828,1,1,240689,240195,494
4249101,30.84,30.768,494,32120,0.09256,1,1,240719,240225,494
4252021,24.568,31.7536,485,32120,0.058512,1,1,240742,240257,485
4254941,48.9136,35.9507,503,32120,0.0197024,1,1,240797,240294,503
4257861,36.9827,32.7901,505,32120,0.0279405,0.98,1,240831,240326,505
4260781,52.9965,70.558,482,32120,0.0135881,1,1,240888,240406,482
4263701,40.1993,41.3116,485,32120,0.0907176,0.75,1,240925,240440,485
4266621,57.6399,78.6623,459,32120,0.0741435,0.63,1,240987,240528,459
4269541,48.328,61.3325,448,32120,0.102829,0.49,1,241033,240585,448
4272461,32.0656,40.2665,441,32120,0.124566,0.37,1,241061,240620,441
4275381,30.4131,36.0533,436,32120,0.128913,0.13,1,241091,240655,436
4278301,24.4826,34.4107,425,32120,0.177783,0.07,1,241114,240689,425
4281221,27.2965,30.8821,423,32120,0.187557,0.05,1,241142,240719,423
4284141,25.4593,24.5764,425,32120,0.253511,0.01,1,241167,240742,425
4287061,46.6919,48.9153,422,32120,0.442702,0.03,1,241219,240797,422
4289981,36.5384,36.9831,422,32120,0.44854,0.01,1,241253,240831,422
4292901,53.7077,52.9966,423,32120,0.593708,0.11,1,241311,240888,423
4295821,41.9415,40.1993,425,32120,0.638742,0.07,1,241350,240925,425
4298741,56.3883,57.6399,423,32120,0.743748,0.11,1,241410,240987,423
4301661,50.4777,48.328,426,32120,0.87675,0.13,2,241459,241033,426
4304581,34.8955,32.0656,429,32120,0.90335,0.13,2,241490,241061,429
4307501,34.1791,30.4131,433,32120,0.87667,0.19,2,241524,241091,433
4310421,26.0358,24.4826,434,32120,0.903334,0.19,2,241548,241114,434
4313341,26.8072,27.2965,433,32120,0.908667,0.27,2,241575,241142,433
4565921,33,36,465,39420,0.59,0.71,1,245231,244766,465
4570301,60.2,68,456,39420,0.606,0.57,1,245298,244842,456
4576141,46.44,54.4,448,39420,0.7052,0.43,1,245341,244893,448
4580521,34.088,40.48,442,39420,0.82104,0.33,2,245372,244930,442
4692941,85,100,465,32120,0.05,0.75,1,246764,246299,465
4713381,128.2,138.4,456,33580,0.034,0.13,1,246903,246447,456
4746961,211.24,238.88,424,33580,0.4628,0.05,1,247135,246711,424
4749881,86.248,90.176,426,35040,0.74056,0.07,1,247190,246764,426
4890041,55,30,491,29200,0.19,0.57,1,249054,248563,491
4892961,77.4,50,519,30660,0.494,0.15,1,249137,248618,519
4895881,52.28,91.6,463,32120,0.6028,0.19,1,249183,248720,463
4898801,27.256,52.72,441,33580,0.67256,0.11,1,249204,248763,441
4901721,32.6512,37.744,441,33580,0.782512,0.05,2,249238,248797,441
4904641,46.5302,36.3488,455,35040,0.836502,0.11,2,249288,248833,455
4907561,24.506,39.2698,434,35040,0.895301,0.09,2,249307,248873,434
4910481,43.3012,20.654,466,35040,0.93906,0.13,2,249355,248889,466
