#Ack,ack_ewma(ms),send_ewma(ms),rtt_ratio,cwnd (Bytes),Last Router Ocupation Ack Arriaval(Packets),Last Router Ocupation Packet Sent(Packets),Network Situation,AckArrival(ms),TSInsideAck(ms),RTTAck(ms)
211701,24,28,467,85220,0.17,0.74,1,83091,82624,467
265841,2,0,424,100740,0,0,1,83491,83067,424
268761,2,0,426,100740,0,0,1,83493,83067,426
271681,2,0,428,102200,0,0,1,83495,83067,428
274601,2,0,430,102200,0,0,1,83497,83067,430
277521,2,0,432,102200,0,0,1,83499,83067,432
280441,2,0,434,103660,0.008,0,1,83501,83067,434
283361,2,0,436,103660,0.0096,0,1,83503,83067,436
286281,2,0,438,103660,0.02592,0,1,83505,83067,438
289201,2,0,440,103660,0.029184,0,1,83507,83067,440
292121,2,0,442,105120,0.0298368,0.17,1,83509,83067,442
295041,3.6,19.2,422,105120,0.0459674,1,1,83513,83091,422
296501,206.32,27.04,650,105120,0.273193,0.18,1,83770,83120,650
299421,54.064,195.808,428,106580,0.270639,0.18,1,83786,83358,428
302341,12.4128,39.1616,430,106580,0.270128,0.18,1,83788,83358,430
305261,4.08256,7.83232,432,106580,0.270026,0.18,1,83790,83358,432
308181,2.41651,1.56646,434,108040,0.254005,0.18,1,83792,83358,434
311101,2.0833,0.313293,436,108040,0.242801,0.18,1,83794,83358,436
314021,2.01666,0.0626585,438,108040,0.20856,0.18,1,83796,83358,438
316941,2.00333,0.0125317,440,108040,0.201712,0.18,1,83798,83358,440
319861,2.00067,0.00250634,442,109500,0.200342,0.18,1,83800,83358,442
322781,2.00013,0.000501268,444,109500,0.216068,0.18,1,83802,83358,444
325701,2.00003,0.000100254,446,109500,0.219214,0.18,1,83804,83358,446
328621,2.00001,2.00507e-05,448,109500,0.227843,0.18,1,83806,83358,448
331541,2,4.01015e-06,450,110960,0.245569,0.18,1,83808,83358,450
334461,2,8.02029e-07,452,110960,0.265114,0.18,1,83810,83358,452
337381,2,1.60406e-07,454,110960,0.269023,0.18,1,83812,83358,454
340301,2,3.20812e-08,456,110960,0.269805,0.18,1,83814,83358,456
343221,2,6.41623e-09,458,112420,0.269961,0.18,1,83816,83358,458
346141,2,1.28325e-09,460,112420,0.285992,0.18,1,83818,83358,460
349061,2,2.56649e-10,462,112420,0.289198,0.18,1,83820,83358,462
351981,2,5.13298e-11,464,112420,0.28984,0.18,1,83822,83358,464
354901,2,1.0266e-11,466,112420,0.289968,0.18,1,83824,83358,466
357821,2,2.05319e-12,468,112420,0.305994,0.18,1,83826,83358,468
360741,2,4.10639e-13,470,113880,0.309199,0,1,83828,83358,470
363661,66.8,104.8,422,113880,0.0618397,0,1,83911,83489,422
366581,14.96,22.56,422,113880,0.0123679,0,1,83913,83491,422
369501,4.592,6.112,422,113880,0.00247359,0,1,83915,83493,422
372421,2.5184,1.2224,424,113880,0.000494718,0,1,83917,83493,424
375341,2.10368,1.84448,424,115340,9.89436e-05,0,1,83919,83495,424
378261,2.02074,1.9689,424,115340,1.97887e-05,0,1,83921,83497,424
381181,2.00415,1.99378,424,115340,0.00800396,0.01,1,83923,83499,424
384101,2.00083,1.99876,424,115340,0.00960079,0.01,1,83925,83501,424
387021,2.00017,1.99975,424,115340,0.00992016,0.03,1,83927,83503,424
389941,2.00003,1.99995,424,115340,0.025984,0.03,1,83929,83505,424
392861,2.00001,1.99999,424,115340,0.0291968,0.03,1,83931,83507,424
395781,2,0.399998,426,116800,0.0298394,0.03,1,83933,83507,426
398701,2,1.68,426,116800,0.0299679,0.05,1,83935,83509,426
400161,161.2,3.536,623,116800,0.00599357,0.33,1,84136,83513,623
403081,86.64,206.307,434,116800,0.0251987,0.27,1,84204,83770,434
406001,28.528,54.0614,432,116800,0.80504,0.27,2,84218,83786,432
408921,7.3056,12.4123,432,118260,0.961008,0.27,2,84220,83788,432
411841,3.06112,4.08246,432,118260,0.992202,0.27,2,84222,83790,432
521341,53,68,474,125560,0.1,1,1,84678,84204,474
524261,14.6,24.8,465,127020,0.172,1,1,84683,84218,465
527181,7.72,6.56,469,127020,0.1464,1,1,84689,84220,469
530101,6.344,2.912,473,127020,0.18928,1,1,84695,84222,473
533021,6.0688,2.1824,477,127020,0.237856,1,1,84701,84224,477
534981,3.61376,2.03648,478,127020,0.231571,1,1,84704,84226,478
537901,5.52275,2.8073,481,127020,0.198314,1,1,84710,84229,481
540821,5.90455,0.561459,487,127020,0.223663,1,1,84716,84229,487
543741,5.98091,1.71229,491,127020,0.212733,1,1,84722,84231,491
546661,5.99618,1.94246,495,128480,0.242547,1,1,84728,84233,495
549541,5.99924,1.98849,499,128480,0.216509,1,1,84734,84235,499
552461,5.99985,5.1977,499,128480,0.259302,1,1,84740,84241,499
555381,5.99997,1.03954,505,128480,0.19586,1,1,84746,84241,505
558301,5.99999,0.207908,511,128480,0.223172,1,1,84752,84241,511
561221,6,1.64158,515,128480,0.236634,1,1,84758,84243,515
564141,6,1.92832,519,128480,0.223327,1,1,84764,84245,519
567061,6,1.98566,523,128480,0.188665,1,1,84770,84247,523
569981,6,1.99713,527,129940,0.165733,1,1,84776,84249,527
572001,5.2,1.99943,530,129940,0.281147,1,1,84781,84251,530
574921,4.24,5.19989,528,129940,0.232229,1,1,84785,84257,528
577841,5.648,1.03998,534,129940,0.238446,1,1,84791,84257,534
580761,5.9296,0.207995,540,129940,0.231689,1,1,84797,84257,540
583681,5.18592,0.0415991,545,129940,0.214338,1,1,84802,84257,545
586601,4.23718,1.60832,547,129940,0.218868,1,1,84806,84259,547
588641,4.04744,1.92166,549,129940,0.283774,1,1,84810,84261,549
591561,4.00949,5.98433,546,129940,0.304755,1,1,84814,84268,546
594481,4.0019,1.19687,550,129940,0.268951,1,1,84818,84268,550
597401,24.0004,51.4394,515,129940,0.34179,1,1,84847,84332,515
600321,8.00008,10.2879,519,131400,0.300358,1,1,84851,84332,519
603201,4.80002,3.65757,521,131400,0.340072,1,1,84855,84334,521
606121,3.36,6.33151,517,131400,0.340014,1,1,84858,84341,517
609041,3.872,1.2663,521,131400,0.308003,1,1,84862,84341,521
611961,3.9744,0.253261,525,131400,0.277601,1,1,84866,84341,525
614881,3.99488,0.850652,528,131400,0.33552,1,1,84870,84342,528
617801,2.39898,1.77013,528,131400,0.331104,1,1,84872,84344,528
620261,2.0798,1.95403,528,131400,0.314221,1,1,84874,84346,528
623181,4.41596,8.39081,523,131400,0.254844,1,1,84879,84356,523
626101,4.88319,1.67816,528,131400,0.282969,1,1,84884,84356,528
629021,4.17664,0.335632,532,132860,0.232594,1,1,84888,84356,532
631941,5.63533,0.0671264,538,132860,0.214519,1,1,84894,84356,538
634861,4.32707,0.0134253,542,132860,0.146904,1,1,84898,84356,542
637781,4.06541,0.00268506,546,132860,0.301381,1,1,84902,84356,546
640021,65.6131,1.60054,625,132860,0.156276,0,1,84983,84358,625
642941,64.3226,213.92,422,132860,0.0312552,0.1,1,85047,84625,422
645861,59.2645,85.184,427,132860,0.158251,0.1,1,85105,84678,427
648781,19.0529,17.0368,436,132860,0.17565,0.19,1,85114,84678,436
651701,6.21058,7.40736,434,132860,0.13913,0.14,1,85117,84683,434
653541,5.24212,6.28147,433,132860,0.131826,0.2,1,85122,84689,433
656461,6.64842,6.05629,434,132860,0.162365,0.25,1,85129,84695,434
658741,7.72968,6.01126,436,134320,0.168473,0.28,1,85137,84701,436
661661,3.14594,5.20225,433,134320,0.153695,0.19,1,85139,84706,433
664581,2.22919,4.24045,431,134320,0.134739,0.23,1,85141,84710,431
667061,8.44584,5.64809,435,134320,0.0909478,0.21,1,85151,84716,435
669981,3.28917,5.92962,431,134320,0.0501896,0.21,1,85153,84722,431
671841,1.45783,1.18592,432,134320,0.146038,0.24,1,85154,84722,432
674761,11.4916,11.4372,432,134320,0.133208,0.24,1,85168,84736,432
677681,3.89831,2.28744,434,134320,0.114642,0.27,1,85170,84736,434
680161,2.37966,3.65749,432,134320,0.118928,0.18,1,85172,84740,432
683081,5.27593,5.5315,432,134320,0.0637857,0.18,1,85178,84746,432
684741,5.05519,1.1063,437,134320,0.0927571,0.2,1,85183,84746,437
687661,5.81104,5.82126,436,134320,0.0345514,0.24,1,85189,84753,436
689941,10.7622,5.16425,443,134320,0.0949103,0.18,1,85201,84758,443
692861,3.75244,10.6329,433,135780,0.0989821,0.18,1,85203,84770,433
694721,1.55049,2.12657,434,135780,0.0997964,0.31,1,85204,84770,434
697641,8.3101,9.22531,433,135780,0.107959,0.31,1,85214,84781,433
700561,3.26202,1.84506,435,135780,0.0855919,0.31,1,85216,84781,435
702421,6.2524,0.369013,442,135780,0.137118,0.31,1,85223,84781,442
705341,2.85048,8.8738,433,135780,0.123424,0.31,1,85225,84792,433
708241,5.3701,1.77476,439,135780,0.0566847,0.27,1,85231,84792,439
711161,7.47402,5.95495,440,135780,0.0753369,0.21,1,85239,84799,440
712821,7.0948,3.59099,444,135780,0.127067,0.3,1,85246,84802,444
715741,3.01896,7.1182,438,135780,0.137413,0.3,1,85248,84810,438
717601,1.40379,1.42364,439,135780,0.219483,0.28,1,85249,84810,439
720521,3.48076,5.88473,436,135780,0.179897,0.26,1,85253,84817,436
723221,10.2962,1.97695,447,135780,0.123979,0.36,1,85265,84818,447
724881,17.2592,23.5954,437,135780,0.248796,0.34,1,85284,84847,437
727801,9.05185,13.5191,433,135780,0.233759,0.34,1,85291,84858,433
730721,3.41037,2.70382,435,135780,0.198752,0.34,1,85293,84858,435
733641,2.28207,0.540763,437,135780,0.15975,0.34,1,85295,84858,437
735701,6.05641,0.108153,444,135780,0.83195,0.33,2,85302,84858,444
738621,2.81128,11.2216,432,137240,0.96639,0.33,2,85304,84872,432
781881,8,10,428,137240,0.37,0.2,1,85554,85126,428
784161,3.2,2,430,138700,0.338,0.14,1,85556,85126,430
787081,9.44,14,424,138700,0.3636,0.14,1,85567,85143,424
790001,3.488,2.8,426,138700,0.33672,0.14,1,85569,85143,426
792921,2.2976,0.56,428,138700,0.299344,0.14,1,85571,85143,428
795601,2.05952,0.112,430,138700,0.259869,0.2,1,85573,85143,430
798521,7.6119,10.4224,426,138700,0.267974,0.2,1,85582,85156,426
801441,3.12238,2.08448,428,138700,0.237595,0.2,1,85584,85156,428
804341,16.6245,0.416896,448,138700,0.143519,0.1,1,85604,85156,448
807261,4.9249,21.6834,423,138700,0.100704,0.1,1,85606,85183,423
810181,2.58498,4.33668,425,138700,0.124141,0.1,1,85608,85183,425
813101,2.117,0.867335,427,138700,0.0968282,0.1,1,85610,85183,427
814741,10.0234,0.173467,439,138700,0.131366,0.15,1,85622,85183,439
817661,3.60468,10.4347,428,138700,0.106273,0.15,1,85624,85196,428
819941,11.1209,2.08694,441,138700,0.0692546,0.17,1,85637,85196,441
822861,3.82419,12.4174,428,138700,0.0298509,0.17,1,85639,85211,428
825761,2.36484,2.48348,430,138700,0.0379702,0.17,1,85641,85211,430
828681,8.47297,9.2967,429,138700,0.00759404,0.17,1,85651,85222,429
830961,3.29459,1.85934,431,138700,0.0655188,0.09,1,85653,85222,431
833881,11.8589,13.1719,429,138700,0.0691038,0.09,1,85667,85238,429
836801,3.97178,2.63437,431,138700,0.101821,0.09,1,85669,85238,431
839281,2.39436,0.526875,433,138700,0.0763642,0.14,1,85671,85238,433
841361,5.27887,6.50538,431,138700,0.0312728,0.2,1,85677,85246,431
844281,9.05577,10.9011,429,138700,0.0622546,0.2,1,85687,85258,429
847201,3.41115,2.18021,431,138700,0.0444509,0.2,1,85689,85258,431
850121,2.28223,0.436043,433,138700,0.00889018,0.2,1,85691,85258,433
852181,12.4564,0.0872086,448,140160,0.00177804,0.26,1,85706,85258,448
853841,3.29129,12.0174,434,140160,0.000355607,0.17,1,85707,85273,434
856761,44.6583,19.2035,468,140160,7.11214e-05,0.17,1,85762,85294,468
859681,12.1317,3.8407,472,140160,0.192014,0.17,1,85766,85294,472
862581,4.82633,0.768139,475,140160,0.182403,1,1,85769,85294,475
865501,8.96527,8.95363,474,140160,0.100481,1,1,85779,85305,474
868421,8.19305,1.79073,482,140160,0.220096,1,1,85787,85305,482
870901,8.83861,0.358145,491,140160,0.220019,1,1,85796,85305,491
873821,5.76772,8.87163,485,140160,0.148004,1,1,85801,85316,485
876741,4.35354,1.77433,489,140160,0.325601,1,1,85805,85316,489
879661,4.07071,0.354865,493,140160,0.36912,1,1,85809,85316,493
882581,4.01414,0.070973,497,140160,0.401824,1,1,85813,85316,497
885461,4.00283,0.0141946,501,140160,0.456365,1,1,85817,85316,501
888161,4.00057,8.80284,494,140160,0.371273,1,1,85821,85327,494
891081,4.00011,8.96057,489,140160,0.338255,1,1,85825,85336,489
894001,4.00002,1.79211,493,140160,0.275651,1,1,85829,85336,493
896481,4,0.358423,497,140160,0.36713,1,1,85833,85336,497
898561,11.2,6.47168,502,140160,0.369426,1,1,85846,85344,502
900641,30.24,67.6943,454,140160,0.377885,0.44,1,85881,85427,454
903561,50.848,58.3389,454,140160,0.355577,0.44,1,85937,85483,454
906261,53.3696,11.6678,508,140160,0.327115,0.39,1,85991,85483,508
909181,12.2739,58.3336,440,140160,0.289423,0.39,1,85993,85553,440
911461,5.65478,11.6667,444,140160,0.209885,0.38,1,85997,85553,444
914381,2.73096,11.9333,434,140160,0.161977,0.38,1,85999,85565,434
916661,7.74619,2.38667,443,140160,0.296395,0.36,1,86008,85565,443
919581,3.14924,10.8773,432,140160,0.291279,0.36,1,86010,85578,432
922501,2.22985,2.17547,434,141620,0.258256,0.36,1,86012,85578,434
925421,2.04597,0.435093,436,141620,0.339651,0.36,1,86014,85578,436
928101,3.60919,0.0870187,440,141620,0.33193,0.28,1,86018,85578,440
931021,2.32184,9.6174,430,141620,0.298386,0.28,1,86020,85590,430
933301,10.0644,1.92348,442,141620,0.355677,0.14,1,86032,85590,442
936221,3.61287,17.1847,423,141620,0.343135,0.14,1,86034,85611,423
939141,2.32257,3.43694,425,141620,0.348627,0.14,1,86036,85611,425
942061,2.06451,0.687388,427,141620,0.333725,0.14,1,86038,85611,427
944741,6.0129,0.137478,434,141620,0.362745,0.1,1,86045,85611,434
946821,6.00258,10.4275,427,141620,0.272549,0.05,1,86051,85624,427
948481,2.00052,6.0855,423,141620,0.23851,0.04,1,86052,85629,423
951401,10.8001,10.8171,424,141620,0.303702,0.04,1,86065,85641,424
953681,3.76002,2.16342,426,141620,0.28474,0,1,86067,85641,426
956601,4.752,7.63268,422,141620,0.208948,0,1,86072,85650,422
958261,11.3504,1.52654,435,141620,0.0657896,0.08,1,86085,85650,435
961181,3.87008,10.7053,424,141620,0.0131579,0.08,1,86087,85663,424
963461,7.17402,2.14106,432,141620,0.274632,0.07,1,86095,85663,432
966381,3.0348,6.82821,426,141620,0.294926,0.07,1,86097,85671,426
968661,2.20696,1.36564,428,141620,0.266985,0.04,1,86099,85671,428
970321,1.24139,4.27313,424,141620,0.253397,0.07,1,86100,85676,424
972401,5.04828,7.25463,422,141620,0.210679,0,1,86106,85684,422
975321,17.0097,17.4509,422,141620,0.122136,0,1,86126,85704,422
978241,5.00193,3.49018,424,141620,0.0804272,0,1,86128,85704,424
980721,2.60039,0.698037,426,141620,0.0480854,0.1,1,86130,85704,426
983641,5.32008,8.13961,422,141620,0.00961709,0.1,1,86136,85714,422
986341,47.464,1.62792,480,141620,0.00192342,0.21,1,86194,85714,480
989261,11.0928,47.5256,423,141620,0.000384683,0.21,1,86196,85773,423
992181,3.81856,9.50512,425,141620,7.69367e-05,0.21,1,86198,85773,425
994661,19.1637,1.90102,448,141620,0.216015,0.22,1,86221,85773,448
997581,8.63274,14.7802,436,141620,0.419203,0.22,1,86227,85791,436
999441,4.12655,2.95604,439,141620,0.403841,0.37,1,86230,85791,439
1002361,8.82531,9.39121,438,141620,0.360768,0.37,1,86240,85802,438
1004641,3.36506,1.87824,440,141620,0.392154,0.41,1,86242,85802,440
1007561,7.87301,9.17565,438,141620,0.542431,0.41,1,86251,85813,438
1009841,3.1746,1.83513,440,141620,0.540486,0.35,1,86253,85813,440
1012761,7.03492,6.76703,440,141620,0.524097,0.35,1,86261,85821,440
1015681,3.00698,1.35341,442,141620,0.488819,0.35,1,86263,85821,442
1017541,6.2014,0.270681,449,141620,0.553764,0.42,1,86270,85821,449
1020461,2.84028,8.05414,441,141620,0.534753,0.42,1,86272,85831,441
1023381,2.16806,1.61083,443,141620,0.498951,0.42,1,86274,85831,443
1025861,7.63361,0.322165,452,141620,0.57179,0.37,1,86283,85831,452
1027521,2.32672,7.26443,444,141620,0.570358,0.37,1,86284,85840,444
1029601,9.26534,13.4529,440,141620,0.618072,0.43,1,86295,85855,440
1031681,32.2531,30.6906,443,141620,0.595614,0.34,1,86333,85890,443
1033761,46.4506,50.1381,438,141620,0.599123,0.36,1,86383,85945,438
1036681,52.4901,55.6276,435,141620,0.631825,0.36,1,86437,86002,435
1039601,12.098,11.1255,437,141620,0.606365,0.36,1,86439,86002,437
1042521,4.0196,2.2251,439,141620,0.569273,0.36,1,86441,86002,439
1045201,2.40392,0.445021,441,141620,0.529855,0.29,1,86443,86002,441
1047281,5.28078,6.489,439,141620,0.585971,0.31,1,86449,86010,439
1050201,6.65616,8.4978,437,141620,0.485194,0.31,1,86456,86019,437
1053121,2.93123,1.69956,439,141620,0.433039,0.31,1,86458,86019,439
1056041,2.18625,0.339912,441,141620,0.518608,0.31,1,86460,86019,441
1058721,2.03725,0.0679824,443,141620,0.503722,0.34,1,86462,86019,443
1061641,2.00745,4.0136,440,141620,0.540744,0.34,1,86464,86024,440
1063301,6.80149,0.802719,448,143080,0.484149,0.34,1,86472,86024,448
1065381,2.9603,8.16054,440,143080,0.44083,0.38,1,86474,86034,440
1068301,2.19206,9.63211,432,143080,0.552166,0.38,1,86476,86044,432
1071221,2.03841,1.92642,434,143080,0.542433,0.38,1,86478,86044,434
1073701,7.60768,0.385284,443,143080,0.540487,0.31,1,86487,86044,443
1076621,3.12154,8.07706,435,143080,0.516097,0.31,1,86489,86054,435
1079521,2.22431,1.61541,437,143080,0.59922,0.15,1,86491,86054,437
1082441,6.84486,18.7231,422,143080,0.591844,0.15,1,86499,86077,422
1085361,2.96897,3.74462,424,143080,0.558369,0.15,1,86501,86077,424
1088261,18.1938,0.748923,446,143080,0.679674,0.25,1,86523,86077,446
1091181,5.23876,11.3498,434,143080,0.727935,0.25,1,86525,86091,434
1093461,2.64775,2.26996,436,143080,0.769587,0.25,2,86527,86091,436
1096381,2.12955,7.65399,429,143080,0.817917,0.25,2,86529,86100,429
1099281,2.02591,1.5308,431,143080,0.835584,0.24,2,86531,86100,431
1102201,8.40518,11.5062,427,143080,0.719117,0.24,1,86541,86114,427
1104901,12.081,2.30123,440,143080,0.687823,0,1,86554,86114,440
1107821,4.01621,15.6602,423,143080,0.769565,0,2,86556,86133,423
1110741,2.40324,3.13205,425,143080,0.753913,0,2,86558,86133,425
1113221,12.4806,0.62641,440,143080,0.502783,0,1,86573,86133,440
1115301,44.0961,13.7253,475,143080,0.204557,0.28,1,86625,86150,475
1118221,10.4192,41.9451,428,143080,0.112911,0.28,1,86627,86199,428
1121141,3.68385,8.38901,430,143080,0.0705823,0.28,1,86629,86199,430
1123201,2.33677,1.6778,432,143080,0.0301165,0.4,1,86631,86199,432
1126121,35.6674,26.7356,443,143080,0.446023,0.4,1,86675,86232,443
1129041,8.73347,5.34711,445,143080,0.561205,0.4,1,86677,86232,445
1131941,16.9467,1.06942,464,143080,0.520241,0.59,1,86696,86232,464
1134861,4.98934,13.8139,449,143080,0.480048,0.59,1,86698,86249,449
1137141,8.19787,2.76278,458,143080,0.40801,0.52,1,86707,86249,458
1140061,3.23957,6.95256,452,143080,0.433602,0.52,1,86709,86257,452
1142341,2.24791,1.39051,454,143080,0.46272,0.57,1,86711,86257,454
1145261,2.04958,7.4781,447,143080,0.516544,0.57,1,86713,86266,447
1147541,11.6099,1.49562,461,143080,0.423309,0.47,1,86727,86266,461
1150461,3.92198,10.6991,450,143080,0.396662,0.47,1,86729,86279,450
1153381,2.3844,2.13982,452,143080,0.359332,0.47,1,86731,86279,452
1155861,6.87688,0.427965,460,143080,0.495866,0.66,1,86739,86279,460
1158561,2.97538,10.4856,449,143080,0.483173,0.5,1,86741,86292,449
1160641,10.1951,11.6971,449,143080,0.528635,0.55,1,86753,86304,449
1162721,26.839,27.1394,449,143080,0.505727,0.51,1,86784,86335,449
1164801,54.1678,51.8279,452,143080,0.501145,0.62,1,86845,86393,452
1167721,48.4336,54.3656,444,143080,0.572229,0.62,1,86892,86448,444
1170641,11.2867,10.8731,446,143080,0.554446,0.62,1,86894,86448,446
1173561,3.85734,2.17462,448,143080,0.518889,0.62,1,86896,86448,448
1176241,2.37147,0.434925,450,143080,0.471778,0.55,1,86898,86448,450
1179161,9.27429,12.887,445,143080,0.478356,0.55,1,86909,86464,445
1182081,3.45486,2.5774,447,143080,0.567671,0.55,1,86911,86464,447
1185001,2.29097,0.515479,449,143080,0.553534,0.55,1,86913,86464,449
1187921,2.05819,0.103096,451,143080,0.606707,0.55,1,86915,86464,451
1189761,1.21164,0.0206192,452,143080,0.609341,0.5,1,86916,86464,452
1191841,1.84233,4.80412,448,143080,0.577868,0.53,1,86918,86470,448
1194761,8.36847,8.96082,448,143080,0.579574,0.53,1,86928,86480,448
1197681,3.27369,1.79216,450,143080,0.547915,0.53,1,86930,86480,450
1200601,2.25474,0.358433,452,143080,0.533583,0.53,1,86932,86480,452
1202241,1.25095,0.0716866,453,143080,0.514717,0.57,1,86933,86480,453
1205161,6.65019,11.2143,447,143080,0.582943,0.57,1,86941,86494,447
1208081,2.93004,2.24287,449,143080,0.572589,0.57,1,86943,86494,449
1210561,2.18601,0.448573,451,143080,0.538518,0.51,1,86945,86494,451
1213481,12.4372,11.2897,452,143080,0.563704,0.51,1,86960,86508,452
1215761,4.08744,2.25794,454,143080,0.616741,0.86,1,86962,86508,454
1218681,21.6175,19.6516,456,143080,0.675348,0.86,1,86988,86532,456
1221601,5.9235,3.93032,458,143080,0.69507,0.86,1,86990,86532,458
1224521,2.7847,0.786063,460,143080,0.675014,0.86,1,86992,86532,460
1227441,2.15694,0.157213,462,143080,0.671003,0.86,1,86994,86532,462
1230321,2.03139,0.0314425,464,143080,0.662201,0.85,1,86996,86532,464
1232401,2.00628,8.80629,455,143080,0.65244,0.65,1,86998,86543,455
1235321,7.60126,17.7613,444,143080,0.538488,0.65,1,87007,86563,444
1238241,3.12025,3.55225,446,143080,0.635698,0.65,1,87009,86563,446
1241161,2.22405,0.71045,448,143080,0.655139,0.65,1,87011,86563,448
1243221,2.04481,0.14209,450,143080,0.627028,0.53,1,87013,86563,450
1245301,40.409,9.62842,488,143080,0.637406,0.04,1,87063,86575,488
1248221,11.2818,53.1257,428,143080,0.583481,0.04,1,87067,86639,428
1251141,4.65636,10.6251,431,143080,0.556696,0.04,1,87070,86639,431
1254061,2.53127,2.12503,433,143080,0.551339,0.04,1,87072,86639,433
1255701,46.9063,0.425005,491,143080,0.622268,0.59,1,87130,86639,491
1258621,10.9813,36.885,447,143080,0.636454,0.59,1,87132,86685,447
1260901,14.1962,7.377,462,143080,0.655291,0.49,1,87147,86685,462
1263821,4.43925,14.2754,448,143080,0.659058,0.49,1,87149,86701,448
1265681,1.68785,2.85508,449,143080,0.651812,0.51,1,87150,86701,449
1268601,9.93757,16.571,441,143080,0.546362,0.51,1,87162,86721,441
1271521,3.58751,3.3142,443,143080,0.621272,0.51,1,87164,86721,443
1274441,2.3175,0.662841,445,143080,0.604254,0.51,1,87166,86721,445
1276081,1.2635,0.132568,446,143080,0.584851,0.35,1,87167,86721,446
1279001,9.0527,8.02651,447,143080,0.57297,0.35,1,87178,86731,447
1281281,3.41054,1.6053,449,143080,0.538594,0.51,1,87180,86731,449
1284201,3.88211,7.52106,444,143080,0.555719,0.51,1,87184,86740,444
1286481,3.97642,1.50421,448,143080,0.495144,0.59,1,87188,86740,448
1289401,10.3953,8.30084,450,143080,0.523029,0.59,1,87200,86750,450
1291061,2.87906,1.66017,451,143080,0.584606,0.53,1,87201,86750,451
1293141,23.7758,3.53203,476,143080,0.468921,0.57,1,87230,86754,476
1295221,60.7552,27.9064,512,143080,0.501784,0.48,1,87300,86788,512
1297301,48.151,57.5813,492,143080,0.524357,0.44,1,87345,86853,492
1300221,11.2302,48.3163,448,143080,0.496871,0.44,1,87347,86899,448
1303141,3.84604,9.66325,450,143080,0.587374,0.44,1,87349,86899,450
1306061,2.36921,1.93265,452,143080,0.581475,0.44,1,87351,86899,452
1308741,10.0738,0.38653,464,143080,0.524295,0.62,1,87363,86899,464
1311661,3.61477,12.8773,450,143080,0.600859,0.62,1,87365,86915,450
1314581,2.32295,2.57546,452,143080,0.584172,0.62,1,87367,86915,452
1317061,8.46459,0.515092,462,143080,0.420834,0.54,1,87377,86915,462
1319981,3.29292,12.103,449,143080,0.356167,0.54,1,87379,86930,449
1322901,2.25858,2.4206,451,143080,0.479233,0.54,1,87381,86930,451
1324961,2.05172,0.484121,453,143080,0.479847,0.62,1,87383,86930,453
1327881,5.21034,8.09682,449,143080,0.511969,0.62,1,87389,86940,449
1330801,2.64207,1.61936,451,143080,0.494394,0.62,1,87391,86940,451
1333281,2.12841,0.323873,453,143080,0.578879,0.55,1,87393,86940,453
1336201,3.62568,3.26477,453,143080,0.611776,0.55,1,87397,86944,453
1338481,2.32514,0.652955,455,143080,0.586355,0.63,1,87399,86944,455
1341401,6.86503,6.53059,455,143080,0.509271,0.63,1,87407,86952,455
1343061,8.57301,1.30612,464,143080,0.453854,0.68,1,87416,86952,464
1345981,4.1146,9.86122,455,143080,0.522771,0.68,1,87419,86964,455
1348261,20.8229,1.97224,480,143080,0.640554,0.68,1,87444,86964,480
1351181,5.76458,26.7944,449,143080,0.664111,0.68,1,87446,86997,449
1354101,2.75292,5.35889,451,143080,0.676822,0.68,1,87448,86997,451
1357021,2.15058,1.07178,453,143080,0.679364,0.68,1,87450,86997,453
1359941,2.03012,0.214356,455,143080,0.679873,0.68,1,87452,86997,455
1362821,3.60602,0.0428711,459,143080,0.623975,0.55,1,87456,86997,459
1364901,7.1212,6.40857,459,143080,0.596795,0.62,1,87464,87005,459
1367821,3.02424,13.2817,446,143080,0.599359,0.62,1,87466,87020,446
1370741,2.20485,2.65634,448,143080,0.567872,0.62,1,87468,87020,448
1373661,2.04097,0.531269,450,143080,0.617574,0.62,1,87470,87020,450
1375301,41.2082,0.106254,501,143080,0.563515,0.6,1,87521,87020,501
1378221,9.84164,42.4213,450,143080,0.560703,0.6,1,87523,87073,450
1381141,3.56833,8.48425,452,143080,0.600141,0.6,1,87525,87073,452
1384061,2.31367,1.69685,454,143080,0.632028,0.6,1,87527,87073,454
1385701,49.2627,0.33937,515,143080,0.614406,0.66,1,87588,87073,515
1388621,12.2525,49.6679,456,143080,0.634881,0.66,1,87591,87135,456
1390901,8.85051,9.93357,464,143080,0.638976,0.66,1,87599,87135,464
1392981,4.1701,13.1867,453,143080,0.591795,0.59,1,87602,87149,453
1395901,4.03402,5.83734,453,143080,0.582359,0.59,1,87606,87153,453
1398181,9.6068,1.16747,464,143080,0.556472,0.66,1,87617,87153,464
1400261,3.52136,8.23349,456,143080,0.575294,0.64,1,87619,87163,456
1403181,2.30427,8.8467,449,143080,0.595059,0.64,1,87621,87172,449
1406101,2.06085,1.76934,451,143080,0.567012,0.64,1,87623,87172,451
1408581,8.41217,0.353868,461,143080,0.545402,0.5,1,87633,87172,461
1411501,3.28243,7.27077,454,143080,0.50908,0.5,1,87635,87181,454
1413781,7.05649,1.45415,462,143080,0.533816,0.65,1,87643,87181,462
1416701,3.0113,9.09083,453,143080,0.514763,0.65,1,87645,87192,453
1418981,9.40226,1.81817,464,143080,0.518953,0.65,1,87656,87192,464
1421681,3.48045,8.36363,456,143080,0.487791,0.6,1,87658,87202,456
1423761,23.0961,27.2727,452,143080,0.569558,0.55,1,87686,87234,452
1425841,65.4192,67.0545,451,143080,0.601912,0.68,1,87762,87311,451
1428761,44.2838,47.8109,447,143080,0.520382,0.68,1,87801,87354,447
1431681,10.4568,9.56218,449,143080,0.640076,0.68,1,87803,87354,449
1434601,3.69135,1.91244,451,143080,0.648015,0.68,1,87805,87354,451
1436241,1.53827,0.382487,452,143080,0.625603,0.45,1,87806,87354,452
1439161,10.7077,15.2765,446,143080,0.541121,0.45,1,87819,87373,446
1442081,3.74153,3.0553,448,143080,0.492224,0.45,1,87821,87373,448
1445001,2.34831,0.61106,450,143080,0.554445,0.45,1,87823,87373,450
1447061,2.06966,0.122212,452,143080,0.654889,0.36,1,87825,87373,452
1449141,7.61393,4.02444,456,143080,0.538978,0.57,1,87834,87378,456
1452061,3.12279,6.40489,451,143080,0.571796,0.57,1,87836,87385,451
1454981,2.22456,1.28098,453,143080,0.642359,0.57,1,87838,87385,453
1457461,5.24491,0.256196,459,143080,0.672472,0.62,1,87844,87385,459
1460381,2.64898,9.65124,449,143080,0.646494,0.62,1,87846,87397,449
1463301,2.1298,1.93025,451,143080,0.617299,0.62,1,87848,87397,451
1465781,10.026,0.38605,463,143080,0.58746,0.55,1,87860,87397,463
1468701,3.60519,10.4772,452,143080,0.629492,0.55,1,87862,87410,452
1471601,2.32104,2.09544,454,143080,0.605898,0.56,1,87864,87410,454
1473681,6.86421,6.81909,454,143080,0.52918,0.61,1,87872,87418,454
1476601,8.57284,6.96382,456,143080,0.569836,0.61,1,87881,87425,456
1478261,15.3146,1.39276,473,143080,0.657967,0.68,1,87898,87425,473
1481181,4.66291,20.2786,450,143080,0.699593,0.68,1,87900,87450,450
1484101,2.53258,4.05571,452,143080,0.715919,0.68,1,87902,87450,452
1486581,3.70652,0.811142,456,143080,0.735184,0.56,1,87906,87450,456
1489501,2.3413,7.36223,449,143080,0.739037,0.56,1,87908,87459,449
1492421,2.06826,1.47245,451,143080,0.707807,0.56,1,87910,87459,451
1494901,7.61365,0.294489,460,143080,0.677562,0.63,1,87919,87459,460
1497821,3.12273,8.8589,451,143080,0.687512,0.63,1,87921,87470,451
1500741,2.22455,1.77178,453,143080,0.657502,0.63,1,87923,87470,453
1503221,2.04491,0.354356,455,143080,0.6195,0.5,1,87925,87470,455
1505301,42.809,4.87087,502,143080,0.6439,0.66,1,87978,87476,502
1508221,10.9618,44.1742,451,143080,0.67278,0.66,1,87981,87530,451
1511141,3.79236,8.83483,453,143080,0.678556,0.66,1,87983,87530,453
1514061,2.35847,1.76697,455,143080,0.679711,0.66,1,87985,87530,455
1515701,49.2717,0.353393,516,143080,0.703942,0.65,1,88046,87530,516
1518621,11.4543,54.4707,450,143080,0.708788,0.65,1,88048,87598,450
1520901,7.09087,10.8941,456,143080,0.725758,0.6,1,88054,87598,456
1523601,3.01817,7.77883,451,143080,0.697152,0.57,1,88056,87605,451
1526521,5.40363,5.55577,452,143080,0.63543,0.57,1,88062,87610,452
1528181,10.6807,1.11115,464,143080,0.695086,0.44,1,88074,87610,464
1531101,3.73615,14.6222,448,143080,0.675017,0.44,1,88076,87628,448
1534021,2.34723,2.92445,450,143080,0.639003,0.44,1,88078,87628,450
1536941,2.06945,0.584889,452,143080,0.687801,0.44,1,88080,87628,452
1538581,6.81389,0.116978,460,143080,0.57756,0.63,1,88088,87628,460
1541501,2.96278,8.0234,452,143080,0.595512,0.63,1,88090,87638,452
1543781,10.1926,1.60468,464,143080,0.583102,0.63,1,88102,87638,464
1546701,3.63851,10.7209,453,143080,0.580621,0.63,1,88104,87651,453
1548981,5.5277,2.14419,459,143080,0.596124,0.6,1,88110,87651,459
1551901,2.70554,10.0288,449,143080,0.575225,0.6,1,88112,87663,449
1554181,22.1411,2.00577,476,143080,0.571045,0.53,1,88139,87663,476
1556261,65.2282,21.2012,526,143080,0.554209,0.61,1,88215,87689,526
1558341,52.2456,68.2402,495,143080,0.582842,0.65,1,88264,87769,495
1561261,12.0491,48.848,453,143080,0.676568,0.65,1,88266,87813,453
1564181,4.00983,9.76961,455,143080,0.679314,0.65,1,88268,87813,455
1567101,2.40197,1.95392,457,143080,0.647863,0.65,1,88270,87813,457
1568741,1.28039,0.390784,458,143080,0.625573,0.68,1,88271,87813,458
1571661,1.85608,9.67816,448,143080,0.597115,0.68,1,88273,87825,448
1574581,1.97122,1.93563,450,143080,0.551423,0.68,1,88275,87825,450
1577061,7.59424,0.387126,459,143080,0.638285,0.53,1,88284,87825,459
1579141,7.11885,6.47743,458,143080,0.623657,0.64,1,88291,87833,458
1582061,3.02377,6.09549,454,143080,0.588731,0.64,1,88293,87839,454
1584981,2.20475,1.2191,456,143080,0.549746,0.64,1,88295,87839,456
1587461,6.04095,0.243819,463,143080,0.645949,0.68,1,88302,87839,463
1590381,2.80819,8.84876,454,143080,0.64119,0.68,1,88304,87850,454
1593301,2.16164,1.76975,456,143080,0.704238,0.68,1,88306,87850,456
1595781,5.23233,0.353951,462,143080,0.684848,0.64,1,88312,87850,462
1597861,9.84647,9.67079,461,143080,0.63297,0.53,1,88323,87862,461
1600781,3.56929,9.13416,454,143080,0.598594,0.53,1,88325,87871,454
1602641,1.51386,1.82683,455,143080,0.631719,0.65,1,88326,87871,455
1605561,11.5028,10.7654,456,143080,0.686344,0.65,1,88340,87884,456
1608261,15.9006,2.15307,473,143080,0.649269,0.76,1,88357,87884,473
1611181,4.78011,18.8306,452,143080,0.649854,0.76,1,88359,87907,452
1614101,2.55602,3.76612,454,143080,0.673971,0.76,1,88361,87907,454
1617021,2.1112,0.753224,456,143080,0.718794,0.76,1,88363,87907,456
1618661,1.22224,0.150645,457,143080,0.711759,0.7,1,88364,87907,457
1620321,1.04445,2.43013,455,143080,0.726352,0.69,1,88365,87910,455
1623241,7.40889,9.28603,453,143080,0.67327,0.69,1,88374,87921,453
1625521,3.08178,1.85721,455,143080,0.630654,0.68,1,88376,87921,455
1628441,3.81636,6.77144,451,143080,0.702131,0.68,1,88380,87929,451
1631361,2.36327,1.35429,453,143080,0.684426,0.68,1,88382,87929,453
1633841,2.07265,0.270858,455,143080,0.648885,0.75,1,88384,87929,455
1636761,43.6145,45.6542,452,143080,0.609777,0.75,1,88438,87986,452
1639681,10.3229,9.13083,454,143080,0.601955,0.75,1,88440,87986,454
1642601,3.66458,1.82617,456,143080,0.736391,0.75,1,88442,87986,456
1644241,1.53292,0.365233,457,143080,0.747278,0.68,1,88443,87986,457
1647161,50.7066,58.473,447,143080,0.813456,0.68,2,88506,88059,447
1650081,11.7413,11.6946,449,143080,0.794691,0.68,2,88508,88059,449
1653001,3.94826,2.33892,451,143080,0.790938,0.68,2,88510,88059,451
1654641,1.58965,0.467784,452,144540,0.774188,0.6,2,88511,88059,452
1656721,8.31793,3.29356,458,144540,0.674837,0.62,1,88521,88063,458
1659641,12.0636,17.4587,450,144540,0.710967,0.62,1,88534,88084,450
1662561,4.01272,3.49174,452,144540,0.742194,0.62,1,88536,88084,452
1665481,2.40254,0.698348,454,144540,0.716439,0.62,1,88538,88084,454
1667121,1.28051,0.13967,455,144540,0.695288,0.73,1,88539,88084,455
1670041,8.2561,8.82793,454,144540,0.691058,0.73,1,88549,88095,454
1672321,3.25122,1.76559,456,144540,0.698211,0.65,1,88551,88095,456
1675241,5.45024,9.95312,450,144540,0.763642,0.65,2,88557,88107,450
1677521,4.29005,1.99062,454,144540,0.752728,0.55,2,88561,88107,454
1680441,8.05801,5.19812,457,144540,0.686546,0.55,1,88570,88113,457
1682721,3.2116,1.03962,459,144540,0.641309,0.63,1,88572,88113,459
1684801,25.4423,27.4079,456,144540,0.608262,0.66,1,88603,88147,456
1686881,64.2885,63.0816,458,144540,0.705652,0.64,1,88677,88219,458
1689801,50.4577,53.4163,454,144540,0.733131,0.64,1,88724,88270,454
1692721,11.6915,10.6833,456,144540,0.698626,0.64,1,88726,88270,456
1695201,3.93831,2.13665,458,144540,0.755725,0.56,2,88728,88270,458
1698121,2.38766,3.62733,456,144540,0.735145,0.56,1,88730,88274,456
1701041,2.07753,0.725466,458,144540,0.699029,0.56,1,88732,88274,458
1703941,2.01551,0.145093,460,144540,0.651806,0.72,1,88734,88274,460
1706861,2.0031,9.62902,450,144540,0.618361,0.72,1,88736,88286,450
1709141,10.0006,1.9258,462,144540,0.555672,0.54,1,88748,88286,462
1712061,4.40012,7.58516,456,144540,0.719134,0.54,1,88751,88295,456
1714341,3.28002,1.51703,459,144540,0.711827,0.71,1,88754,88295,459
1716001,2.256,4.30341,456,144540,0.678365,0.72,1,88756,88300,456
1718921,2.0512,5.66068,452,144540,0.639673,0.72,1,88758,88306,452
1721201,2.01024,1.13214,454,144540,0.599935,0.61,1,88760,88306,454
1724121,5.20205,7.42643,451,144540,0.711987,0.61,1,88766,88315,451
1726401,2.64041,1.48529,453,144540,0.702397,0.61,1,88768,88315,453
1729321,12.5281,10.6971,455,144540,0.796479,0.61,2,88783,88328,455
1732241,4.10562,2.13941,457,144540,0.783296,0.61,2,88785,88328,457
1735141,16.0211,0.427882,476,144540,0.796659,0.72,2,88804,88328,476
1737221,12.8042,16.8856,467,144540,0.791332,0.65,2,88816,88349,467
1738881,3.36084,11.3771,458,144540,0.806266,0.71,2,88817,88359,458
1741801,2.27217,9.47542,451,144540,0.785253,0.71,2,88819,88368,451
1744721,2.05443,1.89508,453,144540,0.781051,0.71,2,88821,88368,453
1747641,2.01089,0.379017,455,144540,0.82821,0.71,2,88823,88368,455
1750561,2.00218,0.0758034,457,144540,0.861642,0.71,2,88825,88368,457
1752821,7.60044,0.0151607,466,144540,0.740328,0.64,1,88834,88368,466
1755741,3.12009,12.803,452,144540,0.820066,0.64,2,88836,88384,452
1758661,2.22402,2.56061,454,144540,0.796013,0.64,2,88838,88384,454
1761581,2.0448,0.512121,456,144540,0.759203,0.64,2,88840,88384,456
1763221,2.80896,0.102424,459,144540,0.807841,0.68,2,88843,88384,459
1764881,1.36179,4.82049,454,144540,0.809568,0.64,2,88844,88390,454
1767801,52.2724,51.3641,456,144540,0.897914,0.64,2,88909,88453,456
1770721,12.0545,10.2728,458,146000,0.907583,0.64,2,88911,88453,458
1773641,4.01089,2.05456,460,146000,0.909517,0.64,2,88913,88453,460
1775281,1.60218,0.410913,461,146000,0.893903,0.73,2,88914,88453,461
1794221,2,8,457,146000,0.91,0.74,2,89001,88544,457
1797141,2,1.6,459,146000,0.878,0.74,2,89003,88544,459
1799621,6.8,0.32,467,146000,0.8556,0.81,2,89011,88544,467
1802541,2.96,8.864,458,146000,0.93112,0.81,2,89013,88555,458
1804821,3.792,1.7728,462,146000,0.906224,0.76,2,89017,88555,462
1807741,2.3584,5.95456,457,146000,0.869245,0.76,2,89019,88562,457
1810021,10.8717,1.19091,470,146000,0.893849,0.77,2,89032,88562,470
1812941,3.77434,10.6382,459,146000,0.86677,0.77,2,89034,88575,459
1815221,25.5549,2.12764,490,146000,0.709354,0.69,1,89065,88575,490
1817301,73.111,34.0255,533,146000,0.821871,0.68,2,89150,88617,533
1819381,45.0222,66.0051,497,147460,0.852374,0.7,2,89188,88691,497
1822301,10.6044,51.601,451,147460,0.826475,0.7,2,89190,88739,451
1825221,3.72089,10.3202,453,147460,0.789295,0.7,2,89192,88739,453
1828141,2.34418,2.06404,455,147460,0.741859,0.7,1,89194,88739,455
1831061,2.06884,0.412808,457,147460,0.860372,0.7,2,89196,88739,457
1833981,2.01377,0.0825616,459,147460,0.852074,0.7,2,89198,88739,459
1836901,2.00275,0.0165123,461,147460,0.818415,0.7,2,89200,88739,461
1839141,9.20055,0.00330246,472,147460,0.859683,0.72,2,89211,88739,472
1842061,3.44011,11.2007,460,147460,0.843937,0.72,2,89213,88753,460
1844341,7.08802,2.24013,468,147460,0.912787,0.79,2,89221,88753,468
1847261,3.0176,8.44803,460,147460,0.894557,0.79,2,89223,88763,460
1850181,2.20352,1.68961,462,147460,0.858912,0.79,2,89225,88763,462
1852241,2.0407,0.337921,464,147460,0.875782,0.68,2,89227,88763,464
1855161,2.00814,4.86758,460,147460,0.895157,0.68,2,89229,88769,460
1857441,2.00163,0.973517,462,147460,0.875031,0.83,2,89231,88769,462
1860361,14.0003,13.7947,462,147460,0.823006,0.83,2,89248,88786,462
1862641,4.40007,2.75894,464,147460,0.860601,0.87,2,89250,88786,464
1888661,2,0,461,147460,0.95,0.82,2,89304,88843,461
1891581,2,0,463,147460,0.934,0.82,2,89306,88843,463
1893221,2.8,0,466,147460,0.9468,0.76,2,89309,88843,466
1945221,36,0,497,150380,1,0.78,2,89537,89040,497
1955221,2,0,465,151840,0.85,0.76,2,89658,89193,465
1957701,2,0,467,151840,0.97,0.85,2,89660,89193,467
1960621,2,4,464,151840,0.994,0.85,2,89662,89198,464
1962901,6,0.8,471,151840,0.8788,0.82,2,89669,89198,471
1965821,2.8,6.56,465,151840,0.83976,0.82,2,89671,89206,465
1967681,1.36,1.312,466,151840,0.823952,0.8,2,89672,89206,466
1970601,8.272,7.4624,467,151840,0.96479,0.8,2,89682,89215,467
1972881,3.2544,1.49248,469,151840,0.992958,0.9,2,89684,89215,469
2505361,5,7,516,179580,0.72,1,1,91696,91180,516
2508281,5,10.2,510,181040,0.704,1,1,91701,91191,510
2510561,7.4,2.04,518,181040,0.5968,1,1,91709,91191,518
2513481,7.88,11.608,512,181040,0.48736,1,1,91717,91205,512
2516401,7.976,2.3216,520,181040,0.417472,1,1,91725,91205,520
2517841,7.1952,0.46432,527,181040,0.323494,1,1,91732,91205,527
2657641,2,0,513,129940,0.82,0.99,2,92746,92233,513
2660561,3.6,0,517,131400,0.908,0.99,2,92750,92233,517
2663481,5.52,0,523,132860,0.8936,0.99,2,92756,92233,523
2666401,4.304,0,527,134320,0.91472,0.99,2,92760,92233,527
2669321,2.4608,0,529,135780,0.982944,0.99,2,92762,92233,529
2706581,2,0,547,146000,0.97,0.91,2,92788,92241,547
2709501,2,0,549,146000,0.946,0.91,2,92790,92241,549
2712421,2,0,551,146000,0.9092,0.91,2,92792,92241,551
2715341,2,0,553,146000,0.86984,0.91,2,92794,92241,553
2718261,2,0,555,147460,0.973968,0.91,2,92796,92241,555
2721181,2,0,557,147460,0.994794,0.91,2,92798,92241,557
2724101,2,0,559,147460,0.998959,0.91,2,92800,92241,559
2727021,2,0,561,147460,0.967792,0.91,2,92802,92241,561
2729941,2,0,563,147460,0.993558,0.91,2,92804,92241,563
2732861,2,0,565,147460,0.998712,0.91,2,92806,92241,565
2735781,2,0,567,147460,0.999742,0.91,2,92808,92241,567
2759141,2,0,583,148920,0.98,0.91,2,92824,92241,583
2779921,1,0,470,150380,0.86,0.93,2,93212,92742,470
2782841,6.6,6.4,470,150380,0.884,0.93,2,93220,92750,470
2785761,2.92,1.28,472,150380,0.8648,0.93,2,93222,92750,472
2788241,2.184,0.256,474,150380,0.82096,0.93,2,93224,92750,474
2791161,5.2368,3.2512,476,150380,0.804192,0.93,2,93230,92754,476
2792821,3.44736,0.65024,479,151840,0.904838,1,2,93233,92754,479
2795741,3.88947,6.53005,475,151840,0.956968,1,2,93237,92762,475
2812581,2,0,477,153300,0.91,1,2,93249,92772,477
2815501,2,9.6,467,153300,0.878,1,2,93251,92784,467
2818421,2,1.92,469,153300,0.8396,1,2,93253,92784,469
2821341,2,0.384,471,153300,0.79992,1,2,93255,92784,471
2824261,2,0.0768,473,153300,0.887984,1,2,93257,92784,473
2827181,2,0.01536,475,153300,0.873597,1,2,93259,92784,475
2828801,1.2,0.003072,476,153300,0.854719,0.88,2,93260,92784,476
2831721,1.84,7.20061,469,153300,0.818944,0.88,2,93262,92793,469
2834641,1.968,1.44012,471,154760,0.779789,0.88,2,93264,92793,471
2837561,1.9936,0.288025,473,154760,0.891958,0.88,2,93266,92793,473
2840481,1.99872,0.0576049,475,154760,0.898392,0.88,2,93268,92793,475
2843361,1.99974,0.011521,477,154760,0.867678,1,2,93270,92793,477
2846281,1.99995,4.8023,473,154760,0.821536,1,2,93272,92799,473
2849201,2.79999,0.960461,476,154760,0.772307,1,2,93275,92799,476
2851681,2.16,0.192092,478,154760,0.898461,1,2,93277,92799,478
2854601,2.032,8.03842,470,156220,0.891692,1,2,93279,92809,470
2857521,2.0064,1.60768,472,156220,0.858338,1,2,93281,92809,472
2860441,2.00128,0.321537,474,156220,0.827668,1,2,93283,92809,474
2863361,2.00026,0.0643073,476,156220,0.909534,1,2,93285,92809,476
2866241,2.00005,0.0128615,478,156220,0.893907,1,2,93287,92809,478
2869161,2.00001,4.80257,474,156220,0.866781,1,2,93289,92815,474
2872081,2,0.960514,476,156220,0.829356,1,2,93291,92815,476
2875001,2,0.192103,478,156220,0.789871,1,2,93293,92815,478
2877061,2,0.0384206,480,156220,0.901974,1,2,93295,92815,480
2879981,2,8.80768,471,157680,0.892395,1,2,93297,92826,471
2882901,2,1.76154,473,157680,0.906479,1,2,93299,92826,473
2885821,2,0.352307,475,157680,0.877296,1,2,93301,92826,475
2888741,2,0.0704615,477,157680,0.927459,1,2,93303,92826,477
2891621,2,0.0140923,479,157680,0.905492,0.92,2,93305,92826,479
2894541,2,6.40282,473,157680,0.877098,0.92,2,93307,92834,473
2897461,2,1.28056,475,157680,0.89542,0.92,2,93309,92834,475
2900381,3.6,0.256113,479,157680,0.835084,0.92,2,93313,92834,479
2903061,3.12,0.0512225,482,157680,0.783017,0.98,2,93316,92834,482
2904721,3.024,7.21024,476,157680,0.724603,0.83,1,93319,92843,476
3022281,2,0,465,164980,1,0.82,2,93778,93313,465
3657841,4,0,535,102200,0.9,1,2,97520,96985,535
3660761,4,0,539,102200,0.884,1,2,97524,96985,539
3663681,4,0,543,102200,0.8808,1,2,97528,96985,543
3666601,4.8,0,548,102200,0.80016,1,2,97533,96985,548
3669521,4.16,0,552,103660,0.776032,1,2,97537,96985,552
3671201,3.232,0,555,103660,0.779206,1,2,97540,96985,555
3674121,3.0464,4,553,103660,0.739841,1,1,97543,96990,553
3677041,3.80928,0.8,557,103660,0.731968,1,1,97547,96990,557
3679961,3.96186,0.16,561,103660,0.730394,1,1,97551,96990,561
3682881,3.99237,0.032,565,103660,0.698079,1,1,97555,96990,565
3685801,5.59847,0.0064,571,103660,0.659616,1,1,97561,96990,571
3687261,8.3197,0.00128,580,103660,0.723923,1,1,97570,96990,580
3793841,381.664,472.8,464,70720,0.144785,0,1,98045,97581,464
3873321,6,7,511,81760,0.59,1,1,98881,98370,511
3876241,6,1.4,517,83220,0.558,1,1,98887,98370,517
3879161,6,3.48,519,83220,0.5596,1,1,98893,98374,519
3882081,4.4,4.696,518,83220,0.48792,1,1,98897,98379,518
3885001,4.08,0.9392,522,83220,0.473584,1,1,98901,98379,522
3887921,4.016,4.18784,521,83220,0.438717,1,1,98905,98384,521
3890841,4.0032,4.83757,520,83220,0.439743,1,1,98909,98389,520
3893761,4.00064,3.36751,521,83220,0.479949,1,1,98913,98392,521
3896681,4.00013,2.2735,523,83220,0.45599,1,1,98917,98394,523
3899601,62.4,2.0547,598,83220,0.467198,1,1,98994,98396,598
3902521,18.08,65.2109,524,83220,0.47744,1,1,99001,98477,524
3905441,10.016,14.6422,530,83220,0.471488,1,1,99009,98479,530
3908361,6.0032,4.52844,533,83220,0.494298,1,1,99014,98481,533
3911281,4.40064,2.50569,535,83220,0.47486,1,1,99018,98483,535
3914201,5.68013,2.10114,539,83220,0.454972,1,1,99024,98485,539
3917121,5.93603,2.02023,543,84680,0.450994,1,1,99030,98487,543
3920041,5.98721,2.00405,547,84680,0.498199,1,1,99036,98489,547
3922961,5.99744,2.00081,551,84680,0.50764,1,1,99042,98491,551
3925881,5.99949,2.00016,555,84680,0.525528,1,1,99048,98493,555
3928801,5.9999,2.00003,559,84680,0.529106,1,1,99054,98495,559
3931721,4.39998,2.00001,561,84680,0.529821,1,1,99058,98497,561
3934641,4.88,2,564,84680,0.513964,1,1,99063,98499,564
3937561,7.376,2,570,84680,0.510793,1,1,99071,98501,570
3940481,11.8752,2,581,84680,0.510159,1,1,99084,98503,581
3943401,10.375,2,589,84680,0.510032,1,1,99094,98505,589
3946321,10.075,2,597,84680,0.510006,0.51,1,99104,98507,597
3949241,174.015,289.2,451,84680,0.366001,0.59,1,99319,98868,451
3952161,38.003,63.44,448,84680,0.3372,0.59,1,99323,98875,448
3955081,10.8006,17.488,446,84680,0.30744,0.59,1,99327,98881,446
3958001,6.16012,3.4976,451,86140,0.285488,0.55,1,99332,98881,451
3960921,4.43202,5.49952,449,86140,0.281098,0.56,1,99336,98887,449
3963841,4.0864,5.8999,447,86140,0.26422,0.47,1,99340,98893,447
3966761,2.41728,4.37998,445,86140,0.260844,0.47,1,99342,98897,445
3969681,5.28346,4.076,447,86140,0.268169,0.43,1,99348,98901,447
3972601,2.65669,4.0152,445,86140,0.253634,0.44,1,99350,98905,445
3975521,5.33134,4.00304,447,86140,0.250727,0.49,1,99356,98909,447
3978441,2.66627,4.00061,445,86140,0.250145,0.45,1,99358,98913,445
3981361,65.3333,4.00012,522,86140,0.0580291,0.47,1,99439,98917,522
3984281,18.6667,62.4,452,86140,0.811606,0.48,2,99446,98994,452
4042681,4,0,439,86140,0.8,0.28,2,99766,99327,439
4045601,4,4,438,87600,0.832,0.28,2,99770,99332,438
4048521,3.2,4,437,87600,0.8464,0.26,2,99773,99336,437
4051441,2.24,4,435,87600,0.86528,0.26,2,99775,99340,435
4054361,5.248,2.4,439,87600,0.933056,0.27,2,99781,99342,439
4057281,2.6496,5.28,435,87600,0.930611,0.25,2,99783,99348,435
4071881,10,7,479,87600,0.24,1,1,99925,99446,479
4074801,10,7,482,87600,0.312,1,1,99935,99453,482
4077721,9.2,4.6,487,87600,0.3264,1,1,99944,99457,487
4080641,8.24,4.12,491,87600,0.31328,1,1,99952,99461,491
4083561,8.048,7.224,491,87600,0.374656,1,1,99960,99469,491
4086481,7.2096,3.0448,496,87600,0.386931,1,1,99967,99471,496
4089401,6.24192,5.40896,496,87600,0.397386,1,1,99973,99477,496
4092321,6.04838,6.68179,495,87600,0.439477,1,1,99979,99484,495
4095241,27.6097,6.13636,522,87600,0.351895,1,1,100012,99490,522
4098161,14.3219,6.02727,527,87600,0.398379,1,1,100023,99496,527
4101081,14.0644,6.00545,535,87600,0.423676,1,1,100037,99502,535
4104001,14.0129,4.40109,545,87600,0.452735,1,1,100051,99506,545
4106921,13.2026,4.08022,554,87600,0.402547,1,1,100064,99510,554
4245721,10,0,491,74460,0.2,1,1,101019,100528,491
4248641,8.4,0,499,74460,0.208,1,1,101027,100528,499
4251561,5.68,0,504,74460,0.1936,1,1,101032,100528,504
4254481,5.136,0,509,75920,0.13472,1,1,101037,100528,509
4257401,4.2272,0,513,75920,0.082944,1,1,101041,100528,513
4260321,115.245,112,516,75920,0.0885888,1,1,101184,100668,516
4263241,31.8491,22.4,527,75920,0.0737178,1,1,101195,100668,527
4266161,15.1698,8.48,533,75920,0.142744,1,1,101206,100673,533
4269081,11.034,1.696,543,75920,0.132549,1,1,101216,100673,543
4272001,8.60679,5.9392,544,75920,0.13051,1,1,101224,100680,544
4274921,7.32136,5.18784,546,75920,0.162102,1,1,101231,100685,546
4277841,6.26427,1.03757,552,77380,0.16842,1,1,101237,100685,552
4280761,6.05285,2.60751,555,77380,0.185684,1,1,101243,100688,555
4283681,7.61057,2.9215,560,77380,0.157137,1,1,101251,100691,560
4286601,7.92211,0.584301,568,77380,0.119427,1,1,101259,100691,568
4289521,5.58442,2.51686,570,77380,0.159885,1,1,101264,100694,570
4292441,4.31688,2.90337,571,77380,0.119977,1,1,101268,100697,571
4295361,5.66338,44.5807,522,77380,0.111995,1,1,101274,100752,522
4298281,4.33268,23.3161,508,77380,0.110399,1,1,101278,100770,508
4301201,17.6665,22.2632,507,77380,0.12608,1,1,101299,100792,507
4304121,8.33331,14.8526,500,77380,0.129216,1,1,101305,100805,500
4307041,8.06666,14.1705,494,77380,0.0978432,1,1,101313,100819,494
4309961,6.41333,8.43411,493,77380,0.123569,0.33,1,101319,100826,493
4312881,90.8827,138.487,434,77380,0.296714,0.33,1,101431,100997,434
4315801,24.5765,27.6974,442,78840,0.451343,0.26,1,101439,100997,442
4318721,11.3153,15.1395,438,78840,0.466269,0.2,1,101447,101009,438
4321641,7.06306,11.0279,434,78840,0.445254,0.21,1,101453,101019,434
4324561,4.61261,8.60558,430,78840,0.409051,0.19,1,101457,101027,430
4327481,2.52252,5.72112,427,78840,0.40981,0.12,1,101459,101032,427
4330401,2.1045,5.14422,424,78840,0.449962,0.07,1,101461,101037,424
4333321,3.6209,4.22884,424,78840,0.473992,0.09,1,101465,101041,424
4336241,115.124,115.246,424,78840,0.342799,0.07,1,101608,101184,424
4339161,35.0248,31.8492,428,80300,0.30056,0.16,1,101623,101195,428
4342081,15.805,15.1698,428,80300,0.300112,0.13,1,101634,101206,428
4345001,11.161,11.034,428,80300,0.388022,0.13,1,101644,101216,428
4347921,9.4322,8.60679,429,80300,0.389604,0.17,1,101653,101224,429
4350841,7.48644,7.32136,429,80300,0.365921,0.17,1,101660,101231,429
4353761,5.49729,1.46427,434,80300,0.321184,0.17,1,101665,101231,434
4356681,5.89946,5.09285,434,80300,0.328237,0.19,1,101671,101237,434
4359601,6.77989,5.81857,435,80300,0.289647,0.15,1,101678,101243,435
4362521,6.95598,7.56371,434,80300,0.257929,0.11,1,101685,101251,434
4365441,5.3912,7.91274,431,80300,0.235586,0.17,1,101690,101259,431
4368361,4.27824,5.58255,430,81760,0.199117,0.11,1,101694,101264,430
4371281,5.65565,4.31651,432,81760,0.175823,0.11,1,101700,101268,432
4374201,4.33113,5.6633,430,81760,0.155165,0.11,1,101704,101274,430
4377121,17.6662,4.33266,447,81760,0.0710329,0.13,1,101725,101278,447
4380041,8.33325,17.6665,432,81760,0.462207,0.13,1,101731,101299,432
4382961,7.26665,8.33331,433,81760,0.892441,0.09,2,101738,101305,433
4587361,10,12,477,87600,0.43,1,1,103024,102547,477
4590281,27.6,11.2,498,87600,0.302,1,1,103056,102558,498
4593201,15.92,11.84,499,87600,0.2124,1,1,103069,102570,499
4596121,12.784,11.168,500,87600,0.14648,1,1,103081,102581,500
4853081,17,12,494,87600,0.88,1,2,104493,103999,494
4856001,14.6,13.6,494,87600,0.84,1,2,104507,104013,494
4858921,13.32,13.12,494,87600,0.8,1,2,104520,104026,494
4861841,12.264,14.624,491,87600,0.784,1,2,104532,104041,491
4873521,10,8,488,87600,0.81,1,2,104606,104118,488
4876441,8.4,6.4,490,87600,0.73,1,1,104614,104124,490
4879361,8.08,7.68,490,87600,0.714,1,1,104622,104132,490
4882281,8.016,7.936,490,87600,0.6788,1,1,104630,104140,490
4885201,6.4032,7.9872,488,87600,0.63976,1,1,104636,104148,488
4888121,6.08064,7.99744,486,87600,0.599952,1,1,104642,104156,486
4891041,4.41613,6.39949,484,87600,0.74399,1,1,104646,104162,484
4893961,5.68323,6.0799,484,87600,0.716798,1,1,104652,104168,484
4896881,5.13665,6.01598,483,87600,0.94336,1,2,104657,104174,483
5209801,2,0,426,78840,0.75,0.06,2,106559,106133,426
5212721,2,0,428,78840,0.702,0.06,1,106561,106133,428
5215641,2,0,430,78840,0.7244,0.06,1,106563,106133,430
5218561,2,0,432,80300,0.76088,0.06,2,106565,106133,432
5221481,2,0,434,80300,0.784176,0.06,2,106567,106133,434
5224401,2,0,436,80300,0.804835,0.06,2,106569,106133,436
5227321,2,0,438,80300,0.824967,0.06,2,106571,106133,438
5288641,2,2,478,83220,0.86,0.69,2,107037,106559,478
5291561,2,2,478,83220,0.884,0.73,2,107039,106561,478
5294481,2,2,478,83220,0.8728,0.73,2,107041,106563,478
5297401,2,0.4,480,83220,0.85456,0.77,2,107043,106563,480
5300321,2,1.68,480,83220,0.866912,0.79,2,107045,106565,480
5303241,2,1.936,480,83220,0.869382,0.81,2,107047,106567,480
5306161,2,1.9872,480,83220,0.869877,0.83,2,107049,106569,480
5309081,57.2,1.99744,549,83220,0.709975,1,1,107120,106571,549
5312001,22.64,65.1995,482,83220,0.741995,1,1,107134,106652,482
5314921,16.528,25.0399,482,83220,0.716399,1,1,107149,106667,482
5317841,16.1056,16.208,484,83220,0.67128,1,1,107165,106681,484
5320761,38.4211,14.4416,514,83220,0.518256,1,1,107209,106695,514
5323681,54.0842,38.0883,528,84680,0.327651,1,1,107267,106739,528
5326601,22.0168,51.6177,487,84680,0.28153,1,1,107281,106794,487
5329521,16.4034,20.7235,489,84680,0.224306,1,1,107296,106807,489
5332441,12.8807,15.3447,487,84680,0.180861,1,1,107308,106821,487
5335361,13.7761,14.2689,487,84680,0.164172,1,1,107322,106835,487
5338281,13.9552,14.0538,487,84680,0.0808344,1,1,107336,106849,487
5341201,13.991,14.0108,487,84680,0.216167,1,1,107350,106863,487
5344121,13.9982,13.2022,488,84680,0.187233,1,1,107364,106876,488
5347041,12.3996,12.2404,488,84680,0.173447,1,1,107376,106888,488
5349961,12.0799,12.0481,488,86140,0.106689,1,1,107388,106900,488
5352881,11.216,12.0096,487,86140,0.269338,1,1,107399,106912,487
5355801,10.2432,10.4019,487,86140,0.269868,1,1,107409,106922,487
5358721,11.6486,16.4804,481,86140,0.285974,1,1,107421,106940,481
5361641,11.1297,12.8961,480,86140,0.305195,0.92,1,107432,106952,480
5364561,55.0259,67.3792,465,86140,0.293039,0.92,1,107498,107033,465
5367481,12.6052,13.4758,467,86140,0.258608,0.9,1,107500,107033,467
5370401,4.12104,4.29517,467,86140,0.219722,0.86,1,107502,107035,467
5373321,2.42421,2.45903,467,86140,0.227944,0.89,1,107504,107037,467
5376241,2.08484,2.09181,467,86140,0.213589,0.87,1,107506,107039,467
5379161,2.01697,2.01836,467,86140,0.194718,0.85,1,107508,107041,467
5382081,2.00339,2.00367,467,87600,0.190944,0.87,1,107510,107043,467
5385001,2.00068,2.00073,467,87600,0.190189,0.87,1,107512,107045,467
5387921,2.00014,2.00015,467,87600,0.198038,0.87,1,107514,107047,467
5390841,52.4,2.00003,530,87600,0.0636075,0.67,1,107579,107049,530
5393761,19.28,57.2,470,87600,0.0367215,0.75,1,107590,107120,470
5396681,13.456,22.64,468,87600,0.0153443,0.71,1,107602,107134,468
5399601,15.4912,16.528,469,87600,0.0110689,0.66,1,107618,107149,469
5402521,30.2982,16.1056,487,87600,0.0102138,0.48,1,107652,107165,487
5405441,7.65965,38.4211,445,87600,0.0100428,0.28,1,107654,107209,445
5484281,13,12,423,90520,0.7,0.01,1,108025,107602,423
5487201,15.4,15.2,423,90520,0.732,0.01,1,108041,107618,423
5490121,29.48,30.24,422,90520,0.6344,0.01,1,108074,107652,422
5493041,7.496,7.648,422,90520,0.58288,1,1,108076,107654,422
5495961,77.4992,38.3296,471,90520,0.548576,1,1,108171,107700,471
5498881,22.6998,18.0659,467,90520,0.525715,0.91,1,108180,107713,467
5501801,10.94,13.2132,463,90520,0.521143,0.68,1,108188,107725,463
5504721,26.188,12.2426,481,90520,0.528229,1,1,108218,107737,481
5507641,16.4376,10.4485,485,90520,0.529646,1,1,108232,107747,485
5510561,12.8875,21.2897,473,90520,0.561929,1,1,108244,107771,473
5513481,10.5775,4.25794,483,90520,0.632386,1,1,108254,107771,483
5516401,27.7155,9.65159,504,90520,0.630477,1,1,108286,107782,504
5519321,28.7431,10.7303,522,90520,0.630095,1,1,108315,107793,522
5522241,12.9486,8.54606,523,90520,0.646019,1,1,108324,107801,523
5525161,12.9897,19.3092,514,90520,0.665204,1,1,108337,107823,514
5528081,12.1979,11.8618,516,90520,0.669041,1,1,108349,107833,516
5531001,12.0396,10.3724,518,90520,0.669808,1,1,108361,107843,518
5533921,12.0079,12.4745,517,90520,0.669962,1,1,108373,107856,517
5536841,46.4016,8.89489,564,90520,0.605992,1,1,108428,107864,564
5539761,12.4803,52.979,504,90520,0.593198,1,1,108432,107928,504
5542681,7.29606,12.1958,508,90520,0.61464,1,1,108438,107930,508
5545601,4.65921,4.03916,510,90520,0.634928,1,1,108442,107932,510
5548521,2.53184,2.40783,510,90520,0.678986,1,1,108444,107934,510
5551441,2.10637,2.08157,510,90520,0.655797,1,1,108446,107936,510
5554361,2.02127,2.01631,510,90520,0.651159,1,1,108448,107938,510
5557281,3.60425,2.00326,512,90520,0.650232,1,1,108452,107940,512
5560201,2.32085,2.00065,512,91980,0.650046,1,1,108454,107942,512
5563121,2.06417,2.00013,512,91980,0.650009,1,1,108456,107944,512
5566041,9.21283,2.00003,521,91980,0.682002,0.89,1,108467,107946,521
5568961,3.44257,44.4,468,91980,0.6884,0.85,1,108469,108001,468
5571881,7.88851,17.68,466,91980,0.72168,0.7,1,108478,108012,466
5574801,8.7777,13.936,462,91980,0.744336,0.74,1,108487,108025,462
5577721,12.1555,15.5872,459,91980,0.732867,0.61,1,108500,108041,459
5580641,18.4311,29.5174,446,91980,0.746573,0.57,1,108520,108074,446
5583561,5.28622,7.50349,446,91980,0.749315,0.54,1,108522,108076,446
5586481,77.8572,77.5007,447,91980,0.805863,0.52,2,108618,108171,447
5589401,21.9714,22.7001,446,91980,0.881173,0.52,2,108626,108180,446
5592321,11.5943,10.94,447,91980,0.880235,0.53,2,108635,108188,447
5595241,28.7189,26.188,450,91980,0.792047,0.53,2,108668,108218,450
5598161,16.9438,16.4376,450,91980,0.742409,0.57,1,108682,108232,450
5601081,16.1888,12.8875,454,91980,0.668482,0.65,1,108698,108244,454
5604001,11.2378,10.5775,454,91980,0.621696,0.63,1,108708,108254,454
5606921,28.6475,27.7155,455,91980,0.500339,0.63,1,108741,108286,455
5609841,27.3295,28.7431,453,91980,0.476068,0.65,1,108768,108315,453
5612761,13.4659,12.9486,454,91980,0.455214,0.67,1,108778,108324,454
5615681,12.2932,12.9897,453,91980,0.483043,0.67,1,108790,108337,453
5618601,12.0586,12.1979,453,91980,0.504609,0.67,1,108802,108349,453
5621521,12.0117,12.0396,453,91980,0.900922,0.67,2,108814,108361,453
5706201,13,10,456,91980,0.67,0.49,1,109234,108778,456
5709121,11.4,11.6,455,91980,0.71,0.51,1,109245,108790,455
5712041,27.88,11.92,475,91980,0.822,1,2,109277,108802,475
5714961,14.376,11.984,474,91980,0.8604,1,2,109288,108814,474
5717881,71.6752,12.7968,547,91980,0.88408,0.92,2,109374,108827,547
5720801,17.535,45.7594,497,91980,0.856816,0.92,2,109378,108881,497
5723721,13.107,13.1519,504,91980,0.883363,1,2,109390,108886,504
5726641,11.4214,7.43037,509,91980,0.888673,1,2,109401,108892,509
5729561,10.2843,4.68607,515,91980,0.905735,1,2,109411,108896,515
5732481,10.0569,2.53721,523,91980,0.909147,1,2,109421,108898,523
5758761,2,8,522,91980,0.95,1,2,109465,108943,522
5761681,6.8,12.8,516,91980,0.918,1,2,109473,108957,516
5764601,6.96,20.16,501,91980,0.9276,1,2,109480,108979,501
5767521,72.592,5.632,588,91980,0.84152,1,2,109569,108981,588
5770441,24.9184,81.1264,501,91980,0.912304,1,2,109582,109081,501
5773361,13.7837,22.6253,504,91980,0.942461,1,2,109593,109089,504
5785041,12,12,495,91980,0.87,1,2,109644,109149,495
5787961,9.6,8.8,496,91980,0.87,1,2,109653,109157,496
5790881,21.12,23.36,493,91980,0.886,0.72,2,109677,109184,493
5793801,10.624,26.272,474,91980,0.8892,0.64,2,109685,109211,474
5796721,10.9248,13.2544,475,91980,0.90584,0.67,2,109696,109221,475
5799641,10.185,13.0509,472,91980,0.877168,0.72,2,109706,109234,472
5802561,29.237,11.4102,495,91980,0.871434,0.85,2,109740,109245,495
5805481,15.4474,27.882,475,91980,0.886287,0.87,2,109752,109277,475
5808401,72.6895,14.3764,551,91980,0.889257,0.89,2,109839,109288,551
5811321,16.1379,71.6753,467,91980,0.889852,0.85,2,109841,109374,467
5814241,13.6276,17.5351,476,91980,0.90597,0.89,2,109854,109378,476
5817161,13.1255,13.107,477,91980,0.941194,0.89,2,109867,109390,477
5820081,10.6251,11.4214,476,91980,0.916239,0.91,2,109877,109401,476
5823001,10.125,10.2843,476,91980,0.911248,0.91,2,109887,109411,476
5825921,8.425,10.0569,474,91980,0.91025,0.87,2,109895,109421,474
5828841,8.085,8.41137,474,91980,0.91005,0.89,2,109903,109429,474
5831761,8.017,8.88227,473,91980,0.91001,0.91,2,109911,109438,473
5834681,4.8034,7.37645,470,91980,0.910002,0.91,2,109915,109445,470
5837601,2.56068,4.67529,468,91980,0.91,0.95,2,109917,109449,468
5840521,2.11214,2.53506,468,91980,0.91,0.95,2,109919,109451,468
5843441,5.22243,2.10701,472,91980,0.91,0.91,2,109925,109453,472
5846361,4.24449,5.2214,470,91980,0.91,0.91,2,109929,109459,470
5849281,2.4489,4.24428,468,91980,0.91,0.95,2,109931,109463,468
5852201,6.88978,2.44886,474,91980,0.91,0.91,2,109939,109465,474
5855121,6.17796,6.88977,472,91980,0.91,0.93,2,109945,109473,472
5858041,73.2356,6.97795,555,91980,0.51,0.82,1,110035,109480,555
5860961,26.6471,72.5956,481,91980,0.414,0.93,1,110050,109569,481
5863881,14.9294,24.9191,480,91980,0.3628,0.95,1,110062,109582,480
5866801,9.38588,13.7838,477,91980,0.35256,0.95,1,110070,109593,477
5869721,11.4772,13.1568,476,91980,0.318512,0.9,1,110082,109606,476
5954401,12,15,450,91980,0.53,0.35,1,110500,110050,450
5957321,7.2,12.6,444,91980,0.594,0.35,1,110506,110062,444
5960241,38.24,8.92,482,91980,0.7988,0.31,2,110552,110070,482
5963161,18.048,11.384,483,91980,0.85576,1,2,110565,110082,483
5966081,13.2096,13.4768,481,91980,0.835152,1,2,110577,110096,481
5969001,10.6419,12.2954,479,91980,0.83103,1,2,110587,110108,479
5971921,40.5284,10.4591,517,91980,0.878206,1,2,110635,110118,517
5974841,14.5057,21.2918,501,91980,0.855641,1,2,110643,110142,501
5977761,10.9011,10.6584,503,91980,0.883128,1,2,110653,110150,503
5980681,10.9802,10.1317,504,91980,0.872626,1,2,110664,110160,504
5983601,11.796,10.0263,506,91980,0.870525,1,2,110676,110170,506
5986521,11.9592,30.0053,483,91980,0.870105,1,2,110688,110205,483
5989441,67.1918,15.6011,552,93440,0.902021,1,2,110769,110217,552
6088721,14,14,470,94900,0.83,0.99,2,111266,110796,470
6091641,14,13.2,471,94900,0.814,0.97,2,111280,110809,471
6094561,12.4,13.04,470,94900,0.8268,0.97,2,111292,110822,470
6097481,12.08,12.208,470,96360,0.84536,0.93,2,111304,110834,470
6100401,16.816,20.0416,466,96360,0.881072,0.91,2,111322,110856,466
6103321,12.9632,11.2083,469,96360,0.888214,0.95,2,111334,110865,469
6106241,9.79264,10.2417,468,96360,0.873643,0.93,2,111343,110875,468
6109161,9.95853,10.0483,468,96360,0.854729,0.99,2,111353,110885,468
6112081,8.39171,7.60967,469,96360,0.882946,0.95,2,111361,110892,469
6115001,8.07834,7.92193,469,96360,0.888589,0.95,2,111369,110900,469
6117921,6.41567,6.38439,469,96360,0.889718,0.95,2,111375,110906,469
6120841,7.68313,6.07688,471,96360,0.857944,0.95,2,111383,110912,471
6123761,7.13663,6.01538,472,96360,0.963589,0.99,2,111390,110918,472
6437661,67,84,457,72580,0.01,0.45,1,113415,112958,457
6450801,43.8,55.2,447,74460,0.01,0.25,1,113453,113006,447
6521241,16,17,432,78840,0.25,0.01,1,113728,113296,432
6524161,28.8,18.6,445,80300,0.234,0.03,1,113760,113315,445
6527081,16.16,30.12,425,81760,0.1668,0.07,1,113773,113348,425
6530001,20.832,14.024,437,83220,0.21736,0.17,1,113795,113358,437
6532921,16.1664,18.8048,432,84680,0.291472,0.01,1,113810,113378,432
6535841,25.6333,33.361,423,86140,0.258294,0.01,1,113838,113415,423
6538761,6.72666,6.67219,425,86140,0.283659,0.01,1,113840,113415,425
6541681,2.94533,1.33444,427,86140,0.256732,0.01,1,113842,113415,427
6544601,26.9891,0.266888,460,86140,0.235346,0.01,1,113875,113415,460
6547521,6.99781,30.4534,424,86140,0.231069,0.01,1,113877,113453,424
6550441,77.3996,6.09068,519,86140,0.358214,1,1,113972,113453,519
6553361,24.2799,53.2181,465,87600,0.479643,1,1,113983,113518,465
6556281,12.056,10.6436,474,87600,0.471929,1,1,113992,113518,474
6559201,10.4112,2.12873,484,87600,0.478386,1,1,114002,113518,484
6562121,10.0822,0.425745,494,87600,0.479677,1,1,114012,113518,494
6565041,6.81645,0.085149,500,87600,0.439935,1,1,114018,113518,500
6567961,6.16329,0.0170298,506,87600,0.487987,1,1,114024,113518,506
6570881,4.43266,0.00340596,510,89060,0.513597,1,1,114028,113518,510
6573801,4.08653,0.000681192,514,89060,0.52672,1,1,114032,113518,514
6576721,4.01731,0.000136238,518,89060,0.545344,1,1,114036,113518,518
6579641,3.20346,2.72477e-05,521,89060,0.533069,1,1,114039,113518,521
6581121,1.44069,5.44953e-06,522,89060,0.514614,1,1,114040,113518,522
6584041,1.88814,9.6,512,89060,0.566923,1,1,114042,113530,512
6586961,1.97763,1.92,514,89060,0.585385,0.49,1,114044,113530,514
6589881,74.7955,133.184,441,89060,0.685077,0.49,1,114137,113696,441
6592801,22.9591,26.6368,451,90520,0.673015,0.33,1,114147,113696,451
6595721,6.19182,18.1274,437,90520,0.686603,0.25,1,114149,113712,437
6598641,10.8384,16.4255,433,90520,0.689321,0.25,1,114161,113728,433
6601561,21.3677,3.28509,457,90520,0.705864,0.23,1,114185,113728,457
6604481,5.87353,26.257,427,90520,0.709173,0.15,1,114187,113760,427
6607401,14.7747,15.6514,431,90520,0.725835,0.15,1,114204,113773,431
6610321,20.5549,3.13028,453,91980,0.745167,0.23,1,114226,113773,453
6613241,5.71099,18.2261,433,91980,0.749033,0.31,1,114228,113795,433
6616161,13.1422,15.6452,433,91980,0.781807,0.31,2,114243,113810,433
6619081,21.8284,3.12904,457,91980,0.788361,0.25,2,114267,113810,457
6622001,5.96569,23.0258,431,91980,0.789672,0.29,2,114269,113838,431
6624921,2.79314,6.20516,431,91980,0.789934,0.25,2,114271,113840,431
6627841,29.3586,2.84103,465,91980,0.869987,0.23,2,114307,113842,465
6630761,7.47173,26.9682,434,91980,0.885997,0.23,2,114309,113875,434
6633681,86.2943,6.99364,538,93440,0.9292,0.39,2,114415,113877,538
6636601,18.8589,77.3987,445,93440,0.94584,0.51,2,114417,113972,445
7037281,2,0,454,81760,0.69,0.59,1,116635,116181,454
7040201,2,0,456,81760,0.69,0.59,1,116637,116181,456
7043121,2,0,458,81760,0.69,0.59,1,116639,116181,458
7046041,2,0,460,81760,0.658,0.59,1,116641,116181,460
7048961,2,0,462,81760,0.6516,0.59,1,116643,116181,462
7051881,2,0,464,81760,0.66632,0.59,1,116645,116181,464
7054801,2,0,466,81760,0.669264,0.59,1,116647,116181,466
7057721,2,0,468,81760,0.669853,0.59,1,116649,116181,468
7060641,2,0,470,81760,0.669971,0.59,1,116651,116181,470
7063561,9.2,0,481,81760,0.685994,0.59,1,116662,116181,481
7066481,8.24,0,489,81760,0.689199,0.59,1,116670,116181,489
7069401,6.448,0,495,81760,0.68984,0.59,1,116676,116181,495
7072321,6.8896,0,502,81760,0.673968,0.59,1,116683,116181,502
7075241,5.37792,0,507,81760,0.686794,0.59,1,116688,116181,507
7078161,7.47558,0,515,83220,0.689359,0.59,1,116696,116181,515
7081081,7.09512,0,522,83220,0.689872,0.61,1,116703,116181,522
7084001,6.21902,6.4,520,83220,0.737974,0.61,1,116709,116189,520
7086921,4.4438,1.28,524,83220,0.731595,1,1,116713,116189,524
7089841,2.48876,9.056,515,83220,0.762319,1,2,116715,116200,515
7092761,2.09775,1.8112,517,83220,0.736464,1,1,116717,116200,517
7095681,2.01955,10.7622,506,83220,0.747293,1,1,116719,116213,506
7098601,34.8039,62.1524,474,83220,0.877459,1,2,116762,116288,474
7101521,18.9608,25.2305,473,83220,0.903492,1,2,116777,116304,473
7104441,13.3922,5.0461,485,83220,0.924698,1,2,116789,116304,485
7401721,12,9,472,68620,0.61,1,1,119001,118529,472
7404641,12,10.6,473,68620,0.61,1,1,119013,118540,473
7407561,20,13.32,481,68620,0.626,1,1,119035,118554,481
7410481,26.4,13.064,496,68620,0.6612,1,1,119063,118567,496
7413401,12.48,11.4128,494,70080,0.62024,1,1,119072,118578,494
7416321,12.896,11.8826,495,70080,0.708048,1,1,119085,118590,495
7419241,15.3792,9.57651,502,70080,0.77361,1,2,119101,118599,502
7422161,15.0758,4.3153,514,70080,0.818722,1,2,119116,118602,514
7425081,12.6152,7.26306,518,70080,0.843744,1,2,119128,118610,518
7428001,11.323,1.45261,529,70080,0.864749,1,2,119139,118610,529
7430921,7.06461,0.290522,535,70080,0.83695,1,2,119145,118610,535
7433841,3.01292,0.0581045,537,70080,0.84739,1,2,119147,118610,537
7436761,3.00258,0.0116209,540,70080,0.865478,1,2,119150,118610,540
7439681,2.20052,0.00232418,542,70080,0.869096,1,2,119152,118610,542
7442601,5.2401,0.000464836,548,70080,0.869819,1,2,119158,118610,548
7445521,2.64802,7.20009,541,70080,0.869964,0.86,2,119160,118619,541
7448441,13.3296,59.04,485,70080,0.885993,0.86,2,119176,118691,485
7451361,4.26592,11.808,487,70080,0.889199,0.94,2,119178,118691,487
7454281,17.6532,17.5616,489,70080,0.90584,0.94,2,119199,118710,489
7727301,21,153,458,58400,0.55,0.47,1,121318,120860,458
7730221,12.2,46.6,448,58400,0.454,0.35,1,121328,120880,448
7733141,24.04,24.52,456,59860,0.3708,0.35,1,121355,120899,456
7736061,25.608,24.104,458,59860,0.54616,0.41,1,121381,120923,458
7738981,17.1216,23.2208,450,59860,0.709232,0.39,1,121396,120946,450
7741901,13.0243,17.4442,446,59860,0.757846,0.27,2,121408,120962,446
7744821,38.6049,22.6888,467,59860,0.831569,0.73,2,121453,120986,467
7747741,18.121,19.7378,461,59860,0.862314,0.69,2,121466,121005,461
7750661,12.4242,14.3476,459,61320,0.868463,0.67,2,121477,121018,459
7753581,11.2848,10.8695,460,61320,0.853693,0.67,2,121488,121028,460
7756501,11.057,10.9739,460,61320,0.866738,0.65,2,121499,121039,460
7759421,31.0114,11.7948,484,61320,0.917348,1,2,121535,121051,484
7984261,29,15,478,49640,0.87,0.55,2,123343,122865,478
7987181,22.6,40.6,452,51100,0.774,0.48,2,123364,122912,452
7990101,16.52,20.92,451,52560,0.6748,0.47,1,123379,122928,451
7993021,15.304,16.984,450,52560,0.54296,0.43,1,123394,122944,450
7995941,12.6608,16.1968,446,52560,0.644592,0.38,1,123406,122960,446
7998861,11.3322,15.2394,442,52560,0.600918,0.32,1,123417,122975,442
8001781,12.6664,14.2479,441,52560,0.512184,0.28,1,123430,122989,441
8004701,16.9333,14.0496,445,52560,0.350437,0.31,1,123448,123003,445
8007621,13.7867,14.8099,443,52560,0.238087,0.35,1,123461,123018,443
8010541,18.7573,20.562,441,52560,0.119617,0.29,1,123481,123040,441
8013461,91.7515,16.1124,536,52560,0.287923,0.11,1,123591,123055,536
8028061,29,17,454,54020,0.81,0.47,2,123740,123286,454
8030981,38.6,25.8,467,54020,0.906,0.87,2,123781,123314,467
8033901,25.32,28.36,460,55480,0.9492,0.87,2,123803,123343,460
8036821,17.064,5.672,475,55480,0.95784,0.75,2,123818,123343,475
8244141,51,62,469,58400,0.47,1,1,125557,125088,469
8247061,44.6,34.8,484,58400,0.422,1,1,125600,125116,484
8249981,23.32,19.76,486,58400,0.3804,1,1,125618,125132,486
8252901,15.864,19.952,480,58400,0.29208,1,1,125632,125152,480
8255821,42.3728,39.1904,485,58400,0.178416,1,1,125681,125196,485
8258741,19.6746,15.8381,489,58400,0.171683,1,1,125695,125206,489
8261661,18.3349,19.1676,487,58400,0.154337,1,1,125713,125226,487
8264581,18.067,17.4335,488,58400,0.118867,1,1,125731,125243,488
8267501,13.2134,13.8867,487,58400,0.0397735,1,1,125743,125256,487
8270421,13.8427,12.3773,489,58400,0.0159547,1,1,125757,125268,489
8273341,13.1685,12.0755,490,58400,0.363191,1,1,125770,125280,490
8276261,11.4337,16.0151,484,58400,0.400638,1,1,125781,125297,484
8279181,12.6867,13.603,484,58400,0.456128,1,1,125794,125310,484
8282101,12.9373,12.3206,485,58400,0.451226,1,1,125807,125322,485
8285021,12.9875,18.4641,478,58400,0.450245,0.97,1,125820,125342,478
8287941,12.1975,15.6928,475,58400,0.434049,1,1,125832,125357,475
8290861,12.0395,14.3386,473,58400,0.44681,0.96,1,125844,125371,473
8293781,11.2079,14.0677,470,58400,0.433362,0.81,1,125855,125385,470
8296701,45.4416,53.2135,461,58400,0.414672,0.6,1,125909,125448,461
8299621,45.8883,57.0427,449,58400,0.418934,0.47,1,125955,125506,449
8302541,45.1777,52.2085,443,58400,0.187787,0.41,1,126000,125557,443
8305461,41.0355,44.8417,440,58400,0.0375574,0.37,1,126040,125600,440
8308381,20.2071,23.3683,437,58400,0.00751148,0.27,1,126055,125618,437
8311301,11.2414,15.8737,432,58400,0.0735023,0.15,1,126064,125632,432
8314221,39.0483,42.3747,429,58400,0.0147005,0.17,1,126110,125681,429
8317141,17.4097,19.6749,427,58400,0.0429401,0.15,1,126122,125695,427
8381381,14,16,467,58400,0.92,1,2,126620,126153,467
8384301,10.8,13.6,464,58400,0.92,0.94,2,126630,126166,464
8387221,50.96,28.32,493,58400,0.92,1,2,126691,126198,493
8390141,18.992,16.064,491,58400,0.904,1,2,126702,126211,491
8765361,29,29,451,59860,0.55,0.09,1,129563,129112,451
8768281,12.2,29,430,61320,0.614,0.09,1,129571,129141,430
8771201,8.04,14.6,426,61320,0.6268,0.09,1,129578,129152,426
8774121,13.608,6.92,436,61320,0.61336,0.03,1,129593,129157,436
8777041,16.3216,15.784,435,61320,0.578672,0.03,1,129610,129175,435
8779961,10.4643,16.7568,427,61320,0.667734,0.07,1,129619,129192,427
8782881,20.4929,12.9514,438,61320,0.733547,1,1,129642,129204,438
8785801,52.0986,27.3903,467,61320,0.866709,1,2,129702,129235,467
8788721,53.6197,5.47805,521,62780,0.861342,1,2,129756,129235,521
8791641,12.3239,33.0956,483,62780,0.940268,0.86,2,129758,129275,483
8990201,11,11,482,71540,0.79,1,2,131200,130718,482
8993121,8.6,12.6,477,71540,0.726,1,1,131208,130731,477
8996041,18.52,16.92,480,71540,0.6492,1,1,131229,130749,480
8998961,28.504,17.784,493,71540,0.59384,1,1,131260,130767,493
9001881,21.7008,18.7568,494,71540,0.454768,1,1,131280,130786,494
9004801,20.3402,19.7514,494,71540,0.474954,1,1,131300,130806,494
9007721,16.868,19.9503,490,71540,0.622991,1,1,131316,130826,490
9010641,13.7736,3.99005,503,71540,0.596598,1,1,131329,130826,503
9013561,13.9547,13.598,501,73000,0.55932,1,1,131343,130842,501
9016481,14.7909,20.3196,494,73000,0.455864,0.91,1,131358,130864,494
9019401,21.3582,18.4639,499,73000,0.403173,0.92,1,131381,130882,499
9022321,20.2716,22.8928,495,73000,0.312635,1,1,131401,130906,495
9025241,17.6543,18.9786,494,73000,0.262527,1,1,131418,130924,494
9028161,18.7309,22.9957,489,73000,0.348505,1,1,131437,130948,489
9031081,20.5462,18.9991,492,73000,0.429701,0.97,1,131458,130966,492
9034001,17.7092,19.7998,489,73000,0.77394,0.97,2,131475,130986,489
9036921,17.1418,18.36,488,73000,0.810788,1,2,131492,131004,488
9039841,20.2284,15.672,494,73000,0.762158,1,2,131513,131019,494
9042761,16.8457,22.3344,486,73000,0.784432,1,2,131529,131043,486
9045681,20.1691,15.6669,493,73000,0.804886,1,2,131550,131057,493
9048601,15.2338,18.3334,488,73000,0.808977,1,2,131564,131076,488
9051521,16.6468,19.6667,485,73000,0.729795,1,1,131581,131096,485
9054441,44.9294,22.3333,514,73000,0.745959,0.77,1,131633,131119,514
9057361,20.9859,47.6667,475,73000,0.733192,0.8,1,131648,131173,475
9060281,11.3972,22.3333,468,73000,0.714638,0.79,1,131657,131189,468
9063201,7.87943,13.2667,464,73000,0.710928,0.71,1,131664,131200,464
9321621,35,30,509,54020,0.03,1,1,133414,132905,509
9324541,20.6,34,491,55480,0.422,1,1,133431,132940,491
9327461,20.92,26.8,487,56940,0.5164,0.99,1,133452,132965,487
9330381,29.784,31.76,486,58400,0.46328,0.77,1,133484,132998,486
9333301,27.5568,31.152,482,59860,0.436656,0.65,1,133511,133029,482
9336221,19.9114,35.8304,463,61320,0.479331,0.53,1,133529,133066,463
9339141,24.7823,27.9661,463,61320,0.391866,0.45,1,133555,133092,463
9342061,24.9565,31.1932,456,61320,0.406373,0.3,1,133580,133124,456
9344981,24.1913,27.0386,454,62780,0.217275,0.21,1,133604,133150,454
9347901,28.0383,37.4077,443,62780,0.0514549,0.17,1,133633,133190,443
9350821,38.4077,27.4815,459,62780,0.066291,0.15,1,133674,133215,459
9584421,17,22,485,73000,0.82,1,2,135332,134847,485
9587341,18.6,18.8,486,73000,0.716,1,1,135351,134865,486
9590261,21.32,20.56,487,73000,0.6152,1,1,135373,134886,487
9593181,25.064,29.712,481,73000,0.60304,1,1,135399,134918,481
9596101,20.2128,5.9424,500,73000,0.528608,1,1,135418,134918,500
9599021,19.2426,17.1885,499,73000,0.489722,1,1,135437,134938,499
9601941,23.8485,21.8377,501,73000,0.457944,1,1,135462,134961,501
9604861,14.3697,19.5675,494,73000,0.419589,1,1,135474,134980,494
9607781,14.8739,15.9135,494,73000,0.427918,1,1,135489,134995,494
9610701,13.3748,15.1827,492,73000,0.429584,1,1,135502,135010,492
9613621,43.475,19.8365,522,73000,0.333917,1,1,135553,135031,522
9616541,25.495,40.7673,497,73000,0.394783,0.97,1,135574,135077,497
9619461,16.299,23.3535,492,73000,0.454957,1,1,135588,135096,492
9622381,16.8598,18.2707,492,73000,0.418991,1,1,135605,135113,492
9625301,17.772,19.6541,490,73000,0.395798,1,1,135623,135133,490
9628221,15.5544,19.9308,485,73000,0.43916,1,1,135638,135153,485
9631141,15.9109,14.3862,488,73000,0.463832,1,1,135654,135166,488
9634061,8.78218,17.2772,477,73000,0.388766,0.97,1,135661,135184,477
9636981,5.75643,8.25545,476,73000,0.389753,1,1,135666,135190,476
9639901,17.9513,20.8511,473,73000,0.325951,0.96,1,135687,135214,473
9642821,27.5903,32.1702,468,73000,0.29719,0.9,1,135717,135249,468
9645741,19.9181,20.834,468,73000,0.275438,0.93,1,135735,135267,468
9648661,15.1836,17.7668,465,73000,0.271088,0.85,1,135749,135284,465
9651581,13.4367,16.3534,462,73000,0.254218,0.9,1,135762,135300,462
9654501,13.8873,15.2707,461,73000,0.234844,0.82,1,135776,135315,461
9657421,14.7775,16.6541,459,73000,0.278969,0.69,1,135791,135332,459
9660341,14.9555,18.5308,455,73000,0.239794,0.59,1,135806,135351,455
9663261,19.7911,21.3062,454,73000,0.231959,0.6,1,135827,135373,454
9666181,20.7582,25.0612,449,73000,0.294392,0.51,1,135848,135399,449
9669101,16.1516,20.2122,445,73000,0.338878,0.48,1,135863,135418,445
9672021,17.6303,19.2424,444,73000,0.299776,0.45,1,135881,135437,444
9674941,21.9261,23.8485,442,73000,0.275955,0.41,1,135904,135462,442
9677861,13.9852,14.3697,442,73000,0.223191,0.43,1,135916,135474,442
9680781,13.997,14.8739,441,73000,0.212638,0.43,1,135930,135489,441
9683701,12.3994,13.3748,440,73000,0.258528,0.31,1,135942,135502,440
9686621,46.4799,43.475,444,73000,0.283706,0.41,1,135997,135553,444
9689541,27.696,25.495,446,73000,0.304741,0.47,1,136020,135574,446
9692461,15.9392,16.299,445,73000,0.324948,0.41,1,136033,135588,445
9695381,15.9878,16.8598,444,73000,0.32899,0.39,1,136049,135605,444
9698301,17.5976,17.772,444,73000,0.329798,0.45,1,136067,135623,444
9701221,16.3195,15.5544,445,73000,0.32996,0.47,1,136083,135638,445
9704141,12.8639,15.9109,441,73000,0.329992,0.37,1,136095,135654,441
9707061,7.37278,8.78218,440,73000,0.329998,0.39,1,136101,135661,440
9709981,5.47456,5.75643,440,73000,0.314,0.31,1,136106,135666,440
9712901,15.4949,17.9513,437,73000,0.2948,0.29,1,136124,135687,437
9715821,25.499,27.5903,435,73000,0.37096,0.27,1,136152,135717,435
9718741,19.4998,19.9181,435,73000,0.450192,0.27,1,136170,135735,435
9721661,13.5,15.1836,433,73000,0.466038,0.25,1,136182,135749,433
9724581,13.1,13.4367,433,73000,0.453208,0.23,1,136195,135762,433
9727501,15.42,13.8873,435,73000,0.418642,0.29,1,136211,135776,435
9730421,12.684,14.7775,432,73000,0.395728,0.23,1,136223,135791,432
9733341,16.1368,14.9555,434,73000,0.423146,0.23,1,136240,135806,434
9736261,21.6274,19.7911,436,73000,0.444629,0.31,1,136263,135827,436
9739181,22.7255,20.7582,438,73000,0.464926,0.35,1,136286,135848,438
9742101,14.9451,16.1516,436,73000,0.484985,0.29,1,136299,135863,436
9745021,18.989,17.6303,438,73000,0.496997,0.27,1,136319,135881,438
9747941,17.3978,21.9261,432,73000,0.499399,0.21,1,136336,135904,432
9750861,13.0796,13.9852,432,73000,0.49188,0.21,1,136348,135916,432
9753781,14.6159,13.997,433,73000,0.474376,0.27,1,136363,135930,433
9756701,12.5232,12.3994,433,73000,0.502875,0.29,1,136375,135942,433
9759621,48.9046,46.4799,436,73000,0.540575,0.31,1,136433,135997,436
9762541,28.1809,27.696,436,73000,0.548115,0.33,1,136456,136020,436
9765461,16.0362,15.9392,436,73000,0.565623,0.33,1,136469,136033,436
9768381,17.6072,15.9878,438,73000,0.553125,0.33,1,136487,136049,438
9771301,17.1214,17.5976,437,73000,0.566625,0.33,1,136504,136067,437
9774221,15.4243,16.3195,436,73000,0.601325,0.33,1,136519,136083,436
9777141,12.6849,12.8639,436,73000,0.608265,0.33,1,136531,136095,436
9780061,7.33697,7.37278,436,73000,0.609653,0.31,1,136537,136101,436
9782981,5.46739,5.47456,436,73000,0.609931,0.29,1,136542,136106,436
9785901,16.2935,15.4949,437,73000,0.593986,0.39,1,136561,136124,437
9788821,29.6587,25.499,442,73000,0.590797,0.47,1,136594,136152,442
9791741,21.1317,19.4998,443,73000,0.654159,0.47,1,136613,136170,443
9794661,13.8263,13.5,443,73000,0.666832,0.45,1,136625,136182,443
9797581,12.3653,13.1,442,73000,0.669366,0.41,1,136637,136195,442
9800501,14.4731,15.42,441,73000,0.653873,0.39,1,136652,136211,441
9803421,13.2946,12.684,442,73000,0.634775,0.43,1,136665,136223,442
9806341,17.0589,16.1368,443,73000,0.646955,0.45,1,136683,136240,443
9809261,21.0118,21.6274,442,73000,0.633391,0.47,1,136705,136263,442
9812181,25.0024,22.7255,445,73000,0.646678,0.49,1,136731,136286,445
9815101,15.4005,14.9451,445,73000,0.665336,0.5,1,136744,136299,445
9818021,19.0801,18.989,445,73000,0.709067,0.5,1,136764,136319,445
9820941,16.616,17.3978,444,73000,0.765813,0.49,2,136780,136336,444
9823861,12.9232,13.0796,444,73000,0.817163,0.47,2,136792,136348,444
9826781,15.3846,14.6159,445,73000,0.827433,0.51,2,136808,136363,445
9829701,12.6769,12.5232,445,73000,0.829487,0.55,2,136820,136375,445
9832621,51.3354,48.9046,448,73000,0.861897,0.55,2,136881,136433,448
9835541,28.6671,28.1809,448,73000,0.932379,0.57,2,136904,136456,448
10028261,19,23,476,75920,0.88,1,2,138112,137636,476
10031181,20.6,4.6,497,75920,0.864,1,2,138133,137636,497
10034101,15.32,20.92,486,75920,0.9008,1,2,138147,137661,486
10037021,15.864,13.784,490,75920,0.92416,1,2,138163,137673,490
10039941,23.1728,24.3568,488,75920,0.880832,1,2,138188,137700,488
10042861,27.0346,23.2714,493,75920,0.904166,1,2,138216,137723,493
10054541,41,44,506,77380,0.83,1,2,138328,137822,506
10057461,22.6,33.6,493,77380,0.782,1,2,138346,137853,493
10060381,17.32,18.72,494,77380,0.7484,1,1,138362,137868,494
10063301,17.064,17.344,494,77380,0.77368,1,2,138379,137885,494
10066221,15.4128,15.4688,494,77380,0.754736,1,2,138394,137900,494
10069141,16.6826,19.8938,490,77380,0.766947,1,2,138411,137921,490
10072061,12.9365,12.7788,491,77380,0.737389,1,1,138423,137932,491
10074981,15.3873,13.7558,493,77380,0.763478,1,2,138439,137946,493
10077901,17.4775,16.3512,494,78840,0.736696,1,1,138457,137963,494
10080821,14.6955,14.4702,494,78840,0.715339,1,1,138471,137977,494
10083741,14.1391,20.494,486,78840,0.663068,1,1,138485,137999,486
10086661,16.4278,24.0988,478,78840,0.684614,1,1,138502,138024,478
10089581,13.6856,16.0198,477,78840,0.656923,1,1,138515,138038,477
10092501,12.3371,14.404,475,78840,0.651385,0.99,1,138527,138052,475
10095421,12.8674,14.8808,473,78840,0.602277,0.91,1,138540,138067,473
10098341,8.17348,12.5762,468,78840,0.592455,0.88,1,138547,138079,468
10101261,12.8347,13.7152,468,78840,0.590491,0.88,1,138561,138093,468
10104181,15.3669,17.943,465,78840,0.590098,0.86,1,138577,138112,465
10107101,20.6734,20.3886,466,78840,0.49402,0.91,1,138599,138133,466
10110021,15.3347,15.2777,466,80300,0.554804,0.93,1,138613,138147,466
10112941,15.8669,15.8555,466,80300,0.502961,0.87,1,138629,138163,466
10115861,23.9734,23.1711,467,80300,0.476592,0.91,1,138655,138188,467
10118781,26.3947,27.0342,466,80300,0.423318,0.97,1,138682,138216,466
10121701,26.0789,24.6068,468,80300,0.316664,0.97,1,138708,138240,468
10124621,18.0158,4.92137,484,80300,0.231333,0.91,1,138724,138240,484
10127541,24.4032,14.5843,493,80300,0.198267,0.89,1,138750,138257,493
10130461,34.4806,26.9169,500,81760,0.223653,0.83,1,138787,138287,500
10133381,19.6961,38.1834,475,81760,0.196731,0.77,1,138803,138328,475
10136301,14.3392,22.0367,470,81760,0.239346,0.74,1,138816,138346,470
10139221,18.0678,17.2073,473,81760,0.247869,0.78,1,138835,138362,473
10142141,14.8136,17.0415,470,81760,0.217574,0.75,1,138849,138379,470
10145061,18.1627,15.4083,474,81760,0.243515,0.77,1,138868,138394,474
10408981,440,491,450,11680,0.86,0.55,2,143090,142640,450
10411901,89.6,98.2,452,14600,0.828,0.57,2,143092,142640,452
10414821,28.32,27.64,455,17520,0.8616,0.57,2,143105,142650,455
10417741,7.264,5.528,457,20440,0.83632,0.86,2,143107,142650,457
10562281,256,254,468,32120,0.43,0.51,1,145456,144988,468
10565201,72.8,75.6,464,33580,0.446,0.33,1,145483,145019,464
10568121,20.16,38.32,442,35040,0.4812,0.37,1,145490,145048,442
10571041,14.432,20.464,439,36500,0.53624,0.29,1,145503,145064,439
10573961,11.6864,17.6928,433,37960,0.579248,0.29,1,145514,145081,433
10576881,9.53728,5.13856,440,37960,0.57185,0.17,1,145523,145083,440
10579801,13.1075,17.8277,433,37960,0.57037,0.07,1,145537,145104,433
10582721,11.4215,17.1655,427,37960,0.522074,0.01,1,145548,145121,427
10585641,29.4843,19.4331,441,39420,0.544415,0.01,1,145582,145141,441
10588561,29.8969,28.6866,440,39420,0.516883,0.03,1,145612,145172,440
10591481,14.7794,28.1373,423,39420,0.527377,0.43,1,145623,145200,423
10594401,225.356,210.427,445,39420,0.721475,0.43,1,145901,145456,445
10597321,67.4712,42.0855,473,39420,0.744295,0.45,1,145929,145456,473
10600241,15.0942,30.0171,448,39420,0.748859,0.49,1,145931,145483,448
10603161,7.81885,11.6034,447,40880,0.749772,0.49,1,145937,145490,447
10606081,12.7638,2.32068,461,40880,0.765954,0.55,2,145951,145490,461
10609001,4.15275,10.8641,450,40880,0.737191,0.59,1,145953,145503,450
10611921,8.83055,10.9728,449,40880,0.731438,0.57,1,145963,145514,449
10614841,8.16611,9.39457,448,40880,0.778288,0.57,2,145971,145523,448
10617761,11.2332,13.0789,446,40880,0.787658,0.51,2,145983,145537,446
10620681,12.6466,11.4158,448,40880,0.805532,0.51,2,145996,145548,448
10623601,26.5293,2.28316,478,42340,0.809106,0.55,2,146026,145548,478
10626521,30.9059,27.6566,476,42340,0.841821,0.51,2,146058,145582,476
10629441,14.1812,29.5313,456,42340,0.848364,0.53,2,146068,145612,456
10787121,32,25,465,32120,0.61,0.71,1,148279,147814,465
10790041,21.6,21,464,33580,0.61,0.63,1,148298,147834,464
10792961,21.12,21.8,463,35040,0.61,0.61,1,148319,147856,463
10795881,39.424,21.96,485,36500,0.882,0.61,2,148363,147878,485
10915601,21,33,505,45260,0.83,1,2,149816,149311,505
10918521,21.8,25,504,45260,0.782,1,2,149838,149334,504
10921441,19.56,23.4,500,45260,0.7404,1,1,149857,149357,500
10924361,22.312,17.48,507,45260,0.63608,1,1,149880,149373,507
10927281,23.6624,26.696,502,45260,0.599216,1,1,149904,149402,502
10930201,23.9325,22.1392,505,45260,0.511843,1,1,149928,149423,505
10933121,145.586,165.228,480,45260,0.318369,1,1,150104,149624,480
10936041,45.1173,48.2456,481,45260,0.287674,1,1,150124,149643,481
10938961,25.0235,28.0491,478,45260,0.265535,1,1,150144,149666,478
10941881,23.4047,24.0098,478,45260,0.293107,0.92,1,150167,149689,478
10944801,19.0809,20.802,476,45260,0.306621,0.98,1,150185,149709,476
10947721,19.0162,24.1604,470,45260,0.309324,1,1,150204,149734,470
10950641,17.4032,20.0321,468,45260,0.293865,0.94,1,150221,149753,468
10953561,16.2806,18.4064,466,45260,0.242773,0.83,1,150237,149771,466
10956481,17.6561,22.8813,460,45260,0.312555,0.83,1,150255,149795,460
10959401,18.7312,4.57626,479,45260,0.358511,0.83,1,150274,149795,479
10962321,18.9462,17.7153,477,45260,0.351702,0.77,1,150293,149816,477
10965241,18.9892,21.1431,474,45260,0.43034,0.73,1,150312,149838,474
10968161,18.1979,19.4286,473,45260,0.446068,0.61,1,150330,149857,473
10971081,21.2396,22.2857,472,45260,0.417214,0.59,1,150352,149880,472
10974001,20.2479,23.6571,468,45260,0.491443,0.49,1,150372,149904,468
11147741,157,174,459,33580,0.29,0.49,1,152406,151947,459
11150661,81,62.8,486,35040,0.482,0.33,1,152468,151982,486
11153581,49,66.16,460,36500,0.5524,0.31,1,152509,152049,460
11156501,37.8,43.632,457,37960,0.51848,0.29,1,152544,152087,457
11159421,32.36,31.9264,459,39420,0.607696,0.27,1,152575,152116,459
11162341,21.672,40.7853,435,40880,0.593539,0.27,1,152594,152159,435
11165261,15.5344,16.9571,438,40880,0.558708,0.25,1,152608,152170,438
11168181,15.9069,13.7914,441,40880,0.567742,0.27,1,152624,152183,441
11171101,17.5814,16.3583,442,40880,0.601548,0.23,1,152642,152200,442
11174021,18.7163,21.6717,438,40880,0.64031,0.27,1,152661,152223,438
11176941,23.7433,25.1343,437,40880,0.680062,0.27,1,152686,152249,437
11350681,32,172,475,33580,0.09,0.85,1,154777,154302,475
11353601,48.8,60.8,495,35040,0.106,0.65,1,154830,154335,495
11356521,40.16,60.16,473,36500,0.0932,0.57,1,154868,154395,473
11359441,28.832,40.032,464,37960,0.15464,0.43,1,154894,154430,464
11362361,29.7664,35.2064,460,39420,0.278928,0.28,1,154924,154464,460
11365281,29.1533,44.6413,442,40880,0.303786,0.23,1,154953,154511,442
11368201,25.0307,27.3283,443,40880,0.340757,0.21,1,154977,154534,443
11371121,25.0061,26.2657,442,40880,0.284151,0.17,1,155002,154560,442
11374041,20.2012,24.4531,437,40880,0.35283,0.15,1,155021,154584,437
11376961,8.04024,16.0906,428,40880,0.382566,0.09,1,155026,154598,428
11379881,118.408,120.818,427,40880,0.372513,0.09,1,155172,154745,427
11382801,47.6816,24.1636,457,42340,0.306503,0.09,1,155202,154745,457
11385721,11.1363,30.4327,427,42340,0.293301,0.11,1,155204,154777,427
11388641,43.0273,48.4865,425,42340,0.40266,0.11,1,155255,154830,425
11391561,39.0055,9.69731,463,42340,0.440532,0.09,1,155293,154830,463
11394481,9.40109,32.3395,427,42340,0.448106,0.17,1,155295,154868,427
11397401,25.0802,27.2679,430,42340,0.465621,0.17,1,155324,154894,430
11400321,33.816,5.45358,466,42340,0.517124,0.31,1,155360,154894,466
11403241,8.36321,25.0907,438,42340,0.527425,0.31,1,155362,154924,438
11406161,25.6726,28.2181,439,42340,0.529485,0.35,1,155392,154953,439
11409081,26.7345,24.8436,442,43800,0.593897,0.27,1,155419,154977,442
11412001,25.3469,24.9687,442,43800,0.638779,0.37,1,155444,155002,442
11414921,18.6694,20.1937,440,43800,0.615756,0.39,1,155461,155021,440
11417841,7.73388,8.03875,440,43800,0.627151,0.37,1,155466,155026,440
11420761,115.947,118.408,437,43800,0.72543,0.37,1,155609,155172,437
11423681,46.3894,23.6815,466,43800,0.713086,0.29,1,155638,155172,466
11426601,10.8779,28.7363,438,43800,0.742617,0.29,1,155640,155202,438
11429521,48.5756,7.34726,494,43800,0.780523,0.43,2,155698,155204,494
11432441,40.1151,42.2695,481,43800,0.788105,0.45,2,155736,155255,481
11435361,9.62302,38.8539,445,45260,0.789621,0.45,2,155738,155293,445
11438281,25.9246,9.37078,473,45260,0.821924,0.47,2,155768,155295,473
11441201,34.7849,25.0742,481,45260,0.844385,0.53,2,155805,155324,481
11444121,8.55698,33.8148,447,45260,0.848877,0.53,2,155807,155360,447
11447041,26.5114,8.36297,476,45260,0.897775,0.53,2,155838,155362,476
11449961,6.90228,25.6726,448,45260,0.907555,0.61,2,155840,155392,448
11595961,106,22,585,45260,0.87,1,2,157471,156886,585
11598881,71.6,102,526,45260,0.886,0.99,2,157534,157008,526
11601801,32.72,52.4,509,45260,0.8252,1,2,157557,157048,509
11604721,24.144,24.08,514,45260,0.79704,1,2,157579,157065,514
11607641,38.4288,24.816,531,45260,0.807408,1,2,157621,157090,531
11610561,22.0858,47.3632,496,45260,0.809482,0.95,2,157639,157143,496
11613481,19.6172,24.6726,496,45260,0.793896,1,2,157658,157162,496
11616401,22.3234,21.7345,498,45260,0.806779,1,2,157681,157183,498
11619321,26.0647,28.3469,495,45260,0.809356,0.93,2,157708,157213,495
11622241,20.4129,24.0694,491,45260,0.841871,0.9,2,157727,157236,491
11826641,51,85,533,55480,0.77,1,2,159880,159347,533
11829561,27.8,72.2,486,56940,0.762,1,2,159902,159416,486
11832481,22.36,31.24,486,56940,0.7604,1,2,159923,159437,486
11835401,22.072,23.848,486,56940,0.73608,1,1,159945,159459,486
11838321,26.0144,21.5696,492,56940,0.755216,1,2,159972,159480,492
11841241,27.6029,30.7139,487,56940,0.759043,1,2,160000,159513,487
11844161,23.9206,21.3428,491,56940,0.743809,1,1,160023,159532,491
11847081,23.1841,23.4686,490,56940,0.732762,1,1,160046,159556,490
11850001,16.6368,4.69371,505,56940,0.762552,1,2,160061,159556,505
11852921,19.3274,20.1387,501,56940,0.80051,0.99,2,160081,159580,501
11855841,19.0655,21.6277,498,56940,0.808102,0.97,2,160100,159602,498
11858761,20.6131,21.9255,497,58400,0.84162,1,2,160121,159624,497
11861681,20.9226,22.7851,495,58400,0.896324,1,2,160142,159647,495
11864601,23.3845,23.757,495,58400,0.939265,0.98,2,160166,159671,495
12052941,41,35,488,51100,0.35,0.27,1,161766,161278,488
12104041,315.4,355.8,436,36500,0.414,0.31,1,162150,161714,436
12106961,71.88,79.96,436,36500,0.4108,0.29,1,162161,161725,436
12109881,50.376,23.992,471,36500,0.44216,0.35,1,162206,161735,471
12112801,15.6752,29.5984,447,36500,0.432432,0.43,1,162213,161766,447
12115721,21.535,25.9197,445,36500,0.446486,0.33,1,162236,161791,445
12118641,57.107,41.1839,466,37960,0.449297,0.33,1,162302,161836,466
12121561,40.2214,35.4368,468,39420,0.417859,0.39,1,162338,161870,468
12124481,48.8443,69.4874,441,39420,0.459572,0.29,1,162389,161948,441
12127401,51.3689,37.0975,464,39420,0.387914,0.31,1,162441,161977,464
12130321,39.0738,40.2195,459,40880,0.421583,0.25,1,162477,162018,459
12133241,35.0148,42.4439,450,40880,0.476317,0.31,1,162511,162061,450
12136161,35.803,37.2888,450,40880,0.551263,0.37,1,162547,162097,450
12139081,32.7606,29.0578,455,40880,0.550253,0.43,1,162579,162124,455
12142001,24.1521,26.6116,451,40880,0.63005,0.41,1,162601,162150,451
12144921,41.6304,14.1223,486,40880,0.63001,0.45,1,162647,162161,486
12147841,13.1261,38.8245,447,40880,0.630002,0.43,1,162653,162206,447
12150761,18.6252,13.3649,460,40880,0.662,0.45,1,162673,162213,460
12153681,5.32504,21.073,439,40880,0.6684,0.45,1,162675,162236,439
12156601,57.865,57.0146,444,42340,0.74968,0.45,1,162746,162302,444
12159521,40.373,11.4029,480,42340,0.765936,0.41,2,162782,162302,480
12162441,44.0746,31.0806,489,42340,0.769187,0.47,2,162827,162338,489
12165361,54.4149,47.0161,495,42340,0.865837,0.37,2,162884,162389,495
12168281,12.483,51.0032,445,42340,0.853167,0.43,2,162886,162441,445
12171201,30.4966,39.0006,444,42340,0.914634,0.49,2,162921,162477,444
12396041,29,62,465,43800,0.75,1,2,165429,164964,465
12398961,38.6,31.6,482,43800,0.718,1,1,165470,164988,482
12401881,34.92,23.92,494,43800,0.6316,1,1,165504,165010,494
12404801,23.784,21.584,494,45260,0.59832,1,1,165525,165031,494
12407721,21.5568,34.7168,477,45260,0.543664,1,1,165546,165069,477
12410641,29.9114,24.5434,487,45260,0.484733,1,1,165578,165091,487
12413561,37.9823,27.3087,499,45260,0.440947,1,1,165618,165119,499
12416481,26.7965,27.0617,496,45260,0.368189,1,1,165642,165146,496
12419401,22.9593,29.4123,488,45260,0.369638,1,1,165664,165176,488
12422321,34.9919,37.8825,486,45260,0.369928,0.97,1,165702,165216,486
12425241,28.5984,35.5765,478,45260,0.449986,1,1,165729,165251,478
12428161,32.1197,36.7153,474,45260,0.657997,0.99,1,165762,165288,474
12431081,26.4239,31.3431,469,45260,0.667599,0.83,1,165787,165318,469
12434001,31.6848,37.4686,463,45260,0.70152,0.77,1,165820,165357,463
12436921,39.137,41.8937,461,45260,0.772304,0.75,2,165861,165400,461
12439841,27.8274,31.5787,457,46720,0.786461,0.71,2,165886,165429,457
12442761,36.7655,39.1157,455,46720,0.741292,0.61,1,165925,165470,455
12445681,30.5531,35.0231,450,46720,0.668258,0.61,1,165954,165504,450
12448601,21.3106,7.00463,469,46720,0.669652,0.59,1,165973,165504,469
12451521,18.6621,18.2009,466,46720,0.68593,0.53,1,165991,165525,466
12454441,26.9324,20.4402,474,46720,0.881186,0.47,2,166020,165546,474
12588761,26,0,517,58400,0.61,1,1,167337,166820,517
12591681,25.2,16,522,58400,0.53,1,1,167362,166840,522
12593141,25.04,27.2,517,58400,0.418,1,1,167387,166870,517
12654461,375.408,438.24,439,40880,0.0916,0.29,1,167850,167411,439
12657381,104.682,105.248,454,42340,0.10632,0.21,1,167887,167433,454
12660301,52.9363,51.4496,456,43800,0.269264,0.07,1,167927,167471,456
12663221,43.3873,44.6899,454,45260,0.413853,0.01,1,167968,167514,454
12666141,42.2775,44.938,451,46720,0.442771,0.05,1,168010,167559,451
12669061,30.0555,40.1876,439,48180,0.608554,0.03,1,168037,167598,439
12671981,28.4111,32.0375,437,48180,0.641711,0,1,168065,167628,437
12674901,28.8822,25.6075,442,49640,0.744342,0.03,1,168094,167652,442
12677821,45.7764,48.3215,438,49640,0.748868,0.01,1,168144,167706,438
12680741,44.3553,23.2643,465,49640,0.605774,0.05,1,168188,167723,465
12683661,10.4711,38.2529,425,49640,0.609155,0.05,1,168190,167765,425
12686581,17.2942,23.6506,424,49640,0.657831,0.03,1,168209,167785,424
12689501,18.6588,21.5301,422,49640,0.715566,0.05,1,168228,167806,422
12692421,23.7318,23.506,423,49640,0.663113,0.05,1,168253,167830,423
12695341,20.7464,11.1012,435,49640,0.684623,0.01,1,168273,167838,435
12698261,36.9493,11.8202,464,49640,0.752925,0.11,2,168314,167850,464
12701181,8.98985,31.964,429,51100,0.766585,0.31,2,168316,167887,429
12704101,40.998,38.3928,438,51100,0.881317,0.31,2,168365,167927,438
12707021,38.5996,7.67856,476,51100,0.872263,0.45,2,168403,167927,476
12709941,9.31992,34.3357,437,51100,0.870453,0.45,2,168405,167968,437
12841341,25,20,492,56940,0.67,1,1,169642,169150,492
12844261,23.4,21.6,493,56940,0.67,1,1,169665,169172,493
12847181,23.88,21.92,495,56940,0.606,1,1,169689,169194,495
12850101,21.576,18.784,498,56940,0.5932,1,1,169710,169212,498
12853021,23.5152,21.3568,500,56940,0.57464,1,1,169734,169234,500
12855941,27.103,23.4714,504,56940,0.458928,1,1,169762,169258,504
12858861,24.6206,23.8943,504,56940,0.395786,1,1,169786,169282,504
12861781,23.3241,4.77885,527,58400,0.351157,1,1,169809,169282,527
12864701,23.8648,19.3558,528,58400,0.318231,1,1,169833,169305,528
12866161,22.373,30.2712,517,58400,0.327646,1,1,169855,169338,517
12927481,369.275,434.854,437,40880,0.137529,0.33,1,170311,169874,437
12930401,120.255,110.171,466,42340,0.131506,0.15,1,170369,169903,466
12933321,38.451,58.8342,438,43800,0.0663012,0.19,1,170387,169949,438
12936241,17.2902,19.7668,440,45260,0.0852602,0.07,1,170399,169959,440
12939161,35.458,32.7534,444,46720,0.249052,0.05,1,170439,169995,444
12942081,51.8916,25.7507,476,48180,0.28181,0.03,1,170495,170019,476
12945001,46.3783,65.9501,445,48180,0.192362,0,1,170540,170095,445
12947921,26.0757,31.59,443,48180,0.142472,0.01,1,170561,170118,443
12950841,38.8151,39.118,444,48180,0.0684945,0.07,1,170603,170159,444
12953761,40.563,26.2236,462,49640,0.0696989,0.01,1,170644,170182,462
12956681,9.7126,38.0447,423,49640,0.0699398,0.05,1,170646,170223,423
12959601,21.1425,24.4089,426,49640,0.085988,0.09,1,170670,170244,426
12962521,22.6285,24.0818,425,49640,0.0251976,0.15,1,170693,170268,425
12965441,24.5257,21.6164,429,49640,0.0770395,0.17,1,170718,170289,429
12968361,20.1051,17.1233,432,49640,0.167408,0.09,1,170737,170305,432
12971281,48.821,8.22465,482,49640,0.201482,0.13,1,170793,170311,482
12974201,11.3642,48.0449,426,49640,0.208296,0.05,1,170795,170369,426
12977121,15.8728,24.009,425,51100,0.209659,0.05,1,170812,170387,425
12980041,10.3746,4.8018,434,51100,0.193932,0.09,1,170821,170387,434
12982961,3.67491,10.5604,424,51100,0.190786,0.29,1,170823,170399,424
12985881,39.135,34.1121,432,51100,0.366157,0.29,1,170871,170439,432
12988801,53.427,6.82241,489,51100,0.401231,0.29,1,170928,170439,489
12991721,41.8854,46.1645,472,51100,0.360246,0.17,1,170967,170495,472
12994641,25.1771,45.2329,448,51100,0.368049,0.13,1,170988,170540,448
12997561,34.6354,25.8466,464,51100,0.35361,0.05,1,171025,170561,464
13000481,8.52708,38.7693,424,52560,0.350722,0.07,1,171027,170603,424
13003401,36.1054,40.5539,426,52560,0.414144,0.07,1,171070,170644,426
13006321,8.82108,9.71077,426,52560,0.426829,0.09,1,171072,170646,426
13009241,17.7642,21.1422,422,52560,0.477366,0.01,1,171092,170670,422
13012161,21.9528,22.6284,422,52560,0.487473,0.09,1,171115,170693,422
13015081,27.5906,24.5257,426,52560,0.441495,0.19,1,171144,170718,426
13018001,22.3181,20.1051,428,52560,0.480299,0.21,1,171165,170737,428
13020921,50.8636,48.821,430,54020,0.63206,0.21,1,171223,170793,430
13023841,11.7727,11.3642,430,54020,0.662412,0.21,1,171225,170795,430
13026761,15.1545,2.27284,446,54020,0.636482,0.21,1,171241,170795,446
13029681,11.0309,14.0546,439,54020,0.631297,0.19,1,171251,170812,439
13032601,3.80618,10.0109,432,54020,0.630259,0.19,1,171253,170821,432
13238461,26,38,506,43800,0.13,1,1,173149,172643,506
13241381,26.8,38,495,45260,0.194,1,1,173176,172681,495
13244301,22.96,36.4,481,46720,0.3028,0.8,1,173198,172717,481
13247221,13.392,24.08,471,48180,0.27656,0.71,1,173209,172738,471
13250141,29.0784,16.816,489,49640,0.351312,0.55,1,173242,172753,489
13253061,41.0157,46.5632,479,49640,0.494262,0.35,1,173286,172807,479
13255981,33.8031,46.1126,465,49640,0.554852,0.23,1,173318,172853,465
13391761,52,57,484,36500,0.03,1,1,174742,174258,484
13394681,35.2,29.8,492,37960,0.078,1,1,174773,174281,492
13397601,87.84,52.36,535,39420,0.1676,0.82,1,174874,174339,535
13400521,34.368,81.672,467,39420,0.21752,0.62,1,174895,174428,467
13403441,46.8736,37.1344,491,40880,0.259504,0.39,1,174945,174454,491
13406361,29.3747,59.4269,451,40880,0.107901,0.26,1,174970,174519,451
13409281,25.8749,35.8854,446,40880,0.26958,0.19,1,174995,174549,446
13412201,25.175,30.3771,442,40880,0.269916,0.13,1,175020,174578,442
13415121,21.035,27.6754,435,40880,0.333983,0.13,1,175040,174605,435
13418041,20.207,19.9351,437,40880,0.298797,0.07,1,175060,174623,437
13420961,26.4414,23.987,440,40880,0.291759,0.08,1,175088,174648,440
13423881,24.4883,27.9974,435,42340,0.322352,0.03,1,175112,174677,435
13444321,40,50,426,42340,0.71,0.07,1,175371,174945,426
13447241,39.2,30,440,42340,0.822,0.31,2,175410,174970,440
13450161,27.04,26,439,42340,0.8444,0.27,2,175434,174995,439
13453081,24.608,25.2,438,43800,0.83288,0.35,2,175458,175020,438
13456001,20.1216,21.04,437,43800,0.894576,0.29,2,175477,175040,437
13458921,20.8243,20.208,438,43800,0.890915,0.29,2,175498,175060,438
13461841,28.1649,26.4416,440,43800,0.890183,0.29,2,175528,175088,440
13464761,24.033,5.28832,463,43800,0.938037,0.33,2,175551,175088,463
13467681,50.4066,20.2577,496,43800,0.947607,1,2,175608,175112,496
13596161,20,18,511,45260,0.82,1,2,176980,176469,511
13599081,37.6,16.4,537,45260,0.844,1,2,177022,176485,537
13602001,25.12,56.88,492,45260,0.8328,1,2,177044,176552,492
13604921,69.024,27.376,552,45260,0.77456,0.9,2,177124,176572,552
13607841,43.4048,63.8752,516,45260,0.626912,1,1,177161,176645,516
13610761,56.681,50.375,529,45260,0.661382,1,1,177221,176692,529
13613681,20.9362,51.675,489,45260,0.668277,1,1,177233,176744,489
13616601,17.7872,23.935,489,45260,0.685655,1,1,177250,176761,489
13619521,25.9574,17.587,501,45260,0.561131,1,1,177278,176777,501
13622441,32.3915,27.5174,505,45260,0.536226,1,1,177312,176807,505
13625361,27.2783,32.7035,497,45260,0.499245,1,1,177338,176841,497
13628281,20.6557,26.5407,491,45260,0.475849,1,1,177357,176866,491
13631201,21.7311,24.5081,489,45260,0.47117,0.93,1,177379,176890,489
13634121,23.5462,24.1016,489,45260,0.502234,0.83,1,177403,176914,489
13637041,20.7092,24.8203,484,45260,0.508447,0.93,1,177423,176939,484
13877941,2,0,469,8760,0.09,0.09,1,181791,181322,469
13880861,339.6,373.6,426,11680,0.106,0.09,1,182215,181789,426
13883781,69.52,74.72,428,14600,0.0772,0.09,1,182217,181789,428
13886701,15.504,16.544,428,17520,0.07144,0.09,1,182219,181791,428
13889621,4.7008,3.3088,430,20440,0.070288,0.11,1,182221,181791,430
13892541,336.14,339.862,425,23360,0.118058,0.11,1,182640,182215,425
13895461,68.828,67.9724,427,24820,0.127612,0.07,1,182642,182215,427
13898381,15.3656,15.1945,427,26280,0.129522,0.07,1,182644,182217,427
13901301,4.67312,3.03889,429,27740,0.161904,0.07,1,182646,182217,429
13904221,2.53462,2.20778,429,29200,0.136381,0.07,1,182648,182219,429
13907141,2.10692,0.441556,431,30660,0.131276,0.07,1,182650,182219,431
13910061,2.02138,1.68831,431,32120,0.146255,0.07,1,182652,182221,431
13912981,2.00428,0.337662,433,32120,0.165251,0.13,1,182654,182221,433
13915901,331.601,335.268,428,32120,0.20105,0.13,1,183068,182640,428
13918821,67.9202,67.0535,430,33580,0.20821,0.13,1,183070,182640,430
13921741,15.184,15.0107,430,33580,0.209642,0.13,1,183072,182642,430
13924661,4.63681,4.60214,430,33580,0.209928,0.13,1,183074,182644,430
13927581,2.52736,0.920428,432,33580,0.241986,0.17,1,183076,182644,432
13930501,2.10547,1.78409,432,33580,0.216397,0.13,1,183078,182646,432
13933421,2.02109,1.95682,432,33580,0.227279,0.13,1,183080,182648,432
13936341,2.00422,0.391363,434,33580,0.229456,0.13,1,183082,182648,434
13939261,2.00084,1.67827,434,33580,0.229891,0.15,1,183084,182650,434
13942181,2.00017,1.93565,434,33580,0.229978,0.17,1,183086,182652,434
13945101,2.00003,1.98713,434,33580,0.261996,0.21,1,183088,182654,434
13948021,330,331.597,432,35040,0.252399,0.21,1,183500,183068,432
13950941,67.6,66.3195,434,35040,0.28248,0.21,1,183502,183068,434
13953861,15.12,14.8639,434,35040,0.288496,0.21,1,183504,183070,434
13956781,4.624,4.57278,434,35040,0.321699,0.21,1,183506,183072,434
13959701,2.5248,2.51456,434,35040,0.32834,0.25,1,183508,183074,434
13962621,3.70496,2.10291,436,35040,0.297668,0.21,1,183512,183076,436
13965541,2.34099,2.02058,436,35040,0.291534,0.23,1,183514,183078,436
13968461,2.0682,2.00412,436,35040,0.290307,0.23,1,183516,183080,436
13971381,2.01364,2.00082,436,35040,0.290061,0.23,1,183518,183082,436
13974301,2.00273,2.00016,436,35040,0.290012,0.23,1,183520,183084,436
13977221,2.00055,2.00003,436,36500,0.322002,0.27,1,183522,183086,436
13980141,2.00011,2.00001,436,36500,0.3284,0.25,1,183524,183088,436
13983061,330,330,436,36500,0.42568,0.29,1,183936,183500,436
13985981,67.6,67.6,436,36500,0.477136,0.29,1,183938,183502,436
13988901,15.12,15.12,436,36500,0.487427,0.33,1,183940,183504,436
13991821,4.624,4.624,436,36500,0.521485,0.33,1,183942,183506,436
13994741,2.5248,2.5248,436,36500,0.528297,0.29,1,183944,183508,436
13997661,5.30496,3.70496,438,36500,0.497659,0.29,1,183950,183512,438
14000581,2.66099,2.34099,438,36500,0.491532,0.29,1,183952,183514,438
14003501,2.1322,2.0682,438,36500,0.490306,0.29,1,183954,183516,438
14006421,2.02644,2.01364,438,37960,0.490061,0.29,1,183956,183518,438
14009341,2.00529,2.00273,438,37960,0.522012,0.29,1,183958,183520,438
14012261,2.00106,0.400546,440,37960,0.560403,0.33,1,183960,183520,440
14015181,2.00021,1.68011,440,37960,0.568081,0.33,1,183962,183522,440
14016641,161.2,1.93602,639,37960,0.665616,0.45,1,184163,183524,639
14019561,207.44,329.987,446,37960,0.829123,0.49,2,184382,183936,446
14022481,43.088,67.5974,446,37960,0.893825,0.49,2,184384,183938,446
14025401,10.2176,15.1195,446,37960,0.906765,0.53,2,184386,183940,446
14028321,3.64352,4.6239,446,37960,0.941353,0.53,2,184388,183942,446
14031241,2.3287,2.52478,446,37960,0.948271,0.49,2,184390,183944,446
14034161,8.46574,5.30496,450,37960,0.917654,0.49,2,184400,183950,450
14037081,3.29315,2.66099,450,39420,0.911531,0.49,2,184402,183952,450
14040001,2.25863,2.1322,450,39420,0.942306,0.49,2,184404,183954,450
14313021,34,57,469,30660,0.29,0.69,1,188223,187754,469
14315941,34.8,37.8,471,32120,0.37,0.57,1,188258,187787,471
14318861,36.56,38.76,469,32120,0.482,0.47,1,188295,187826,469
14321781,37.712,38.952,468,32120,0.6644,0.33,1,188333,187865,468
14324701,18.7424,40.5904,441,32120,0.78088,0.27,2,188347,187906,441
14327621,18.1485,20.9181,443,32120,0.868176,0.27,2,188365,187922,443
14330541,22.8297,21.7836,445,32120,0.901635,0.25,2,188389,187944,445
14418141,42,42,518,33580,0.67,1,1,189746,189228,518
14421061,26.8,33.2,510,33580,0.59,1,1,189769,189259,510
14423981,26.96,25.84,513,33580,0.478,1,1,189796,189283,513
14426901,24.592,24.368,513,33580,0.3916,1,1,189820,189307,513
14429821,21.7184,32.0736,500,33580,0.31032,1,1,189841,189341,500
14432741,28.3437,17.6147,516,33580,0.166064,1,1,189871,189355,516
14435661,136.869,23.5229,655,33580,0.0892128,1,1,190035,189380,655
14438581,55.3737,155.905,501,33580,0.0258426,1,1,190070,189569,501
14441501,47.0747,55.9809,515,33580,0.0131685,0.96,1,190115,189600,515
14444421,30.215,47.9962,495,33580,0.0906337,0.9,1,190141,189646,495
14447341,24.443,32.7992,489,33580,0.0581267,0.83,1,190164,189675,489
14450261,32.0886,29.7598,494,33580,0.179625,0.67,1,190198,189704,494
14453181,20.0177,39.552,469,33580,0.203925,0.57,1,190215,189746,469
14456101,22.4035,26.3104,469,33580,0.256785,0.45,1,190238,189769,469
14459021,19.6807,26.8621,461,33580,0.379357,0.37,1,190257,189796,461
14461941,17.5361,24.5724,454,33580,0.419871,0.29,1,190274,189820,454
14464861,21.9072,21.7145,456,33580,0.523974,0.13,1,190297,189841,456
14467781,132.381,28.3429,586,33580,0.760795,0.07,2,190457,189871,586
14470701,56.8763,136.869,460,33580,0.864159,0.01,2,190495,190035,460
14473621,44.9753,55.3737,467,33580,0.900832,0.01,2,190537,190070,467
14476541,30.5951,47.0747,449,33580,0.924166,0.11,2,190564,190115,449
14479461,27.719,30.2149,450,33580,0.944833,0.05,2,190591,190141,450
14602101,59,68,495,27740,0.19,1,1,192425,191930,495
14605021,65.4,64,499,29200,0.174,1,1,192492,191993,499
14607941,63.48,50.4,515,30660,0.2508,0.83,1,192555,192040,515
14610861,35.896,62.88,478,32120,0.26616,0.79,1,192584,192106,478
14613781,27.9792,39.776,470,33580,0.365232,0.69,1,192610,192140,470
14616701,23.9958,32.7552,462,33580,0.337046,0.53,1,192633,192171,462
14619621,25.5992,32.151,456,33580,0.427409,0.45,1,192659,192203,456
14622541,17.9198,30.4302,442,33580,0.445482,0.21,1,192675,192233,442
14625461,100.384,112.486,430,33580,0.609096,0.21,1,192796,192366,430
14628381,66.4768,22.4972,488,33580,0.849819,0.19,2,192854,192366,488
14631301,14.8954,51.6994,431,35040,0.865964,0.17,2,192856,192425,431
14764161,29,56,455,27740,0.37,0.43,1,194731,194276,455
14767081,55.4,38.4,483,29200,0.514,0.01,1,194793,194310,483
14770001,91.08,101.28,466,30660,0.5588,0.01,1,194893,194427,466
14772921,42.216,69.056,435,32120,0.53576,0.03,1,194923,194488,435
14775841,26.8432,36.2112,430,33580,0.579152,0.03,1,194946,194516,430
14778761,19.7686,28.0422,422,33580,0.63583,0.01,1,194964,194542,422
14781681,23.9537,13.6084,437,33580,0.535166,0.05,1,194989,194552,437
14784601,14.3907,22.7217,424,33580,0.579033,0.17,1,195001,194577,424
14787521,113.278,104.544,437,33580,0.715807,0.17,1,195139,194702,437
14790441,48.2556,20.9089,469,33580,0.791161,0.37,2,195171,194702,469
14793361,11.2511,27.3818,442,35040,0.806232,0.55,2,195173,194731,442
14796281,54.2502,55.0764,445,35040,0.857246,0.55,2,195238,194793,445
14913081,30,27,518,36500,0.87,1,2,196845,196327,518
14916001,30,27.8,520,36500,0.854,1,2,196875,196355,520
14918921,25.2,29.56,514,36500,0.8668,1,2,196899,196385,514
14921841,19.44,26.712,506,36500,0.85336,1,2,196917,196411,506
14924761,86.288,22.1424,588,36500,0.786672,1,2,197020,196432,588
14927681,44.4576,92.4285,512,36500,0.741334,0.96,1,197054,196542,512
14930601,22.4915,47.2857,493,36500,0.700267,1,1,197071,196578,493
14933521,25.2983,28.6571,495,36500,0.660053,1,1,197097,196602,495
14936441,24.2597,26.5314,493,36500,0.668011,0.99,1,197121,196628,493
14939361,76.8519,23.7063,560,36500,0.685602,1,1,197211,196651,560
14942281,46.5704,79.1413,506,36500,0.68912,0.93,1,197250,196744,506
14945201,34.1141,45.4283,500,36500,0.721824,0.89,1,197281,196781,500
14948121,27.6228,36.2857,492,36500,0.808365,0.87,2,197307,196815,492
14951041,30.3246,31.2571,493,36500,0.825673,0.85,2,197338,196845,493
15070761,28,29,477,40880,0.87,1,2,198918,198441,477
15073681,48.8,32.2,498,40880,0.822,1,2,198972,198474,498
15076601,33.76,37.64,489,40880,0.7964,1,2,199002,198513,489
15079521,31.552,31.528,490,40880,0.74328,0.95,1,199033,198543,490
15082441,67.1104,67.9056,489,42340,0.764656,0.95,2,199109,198620,489
15085361,38.2221,13.5811,520,42340,0.704931,1,1,199140,198620,520
15088281,28.4444,28.3162,514,42340,0.692986,1,1,199166,198652,514
15091201,27.2889,31.2632,509,42340,0.658597,1,1,199193,198684,509
15094121,23.0578,35.0526,495,43800,0.699719,1,1,199215,198720,495
15097041,26.2116,26.2105,498,43800,0.659944,1,1,199242,198744,498
15099961,24.4423,28.4421,493,43800,0.747989,1,1,199266,198773,493
15102881,26.4885,26.4884,494,43800,0.893598,0.77,2,199293,198799,494
15105801,6.89769,26.0977,470,43800,0.92272,0.95,2,199295,198825,470
15254721,35,31,468,37960,0.39,0.59,1,200896,200428,468
15257641,57.4,41.4,487,39420,0.518,0.67,1,200959,200472,487
15260561,54.68,46.68,493,40880,0.6236,0.55,1,201013,200520,493
15263481,45.336,55.736,478,42340,0.70872,0.51,1,201056,200578,478
15266401,46.6672,49.5472,477,43800,0.789744,0.33,2,201103,200626,477
15269321,22.9334,49.1094,445,43800,0.773949,0.29,2,201120,200675,445
15272241,6.98669,17.0219,439,43800,0.77079,0.35,2,201123,200684,439
15275161,21.3973,14.6044,450,43800,0.818158,0.37,2,201148,200698,450
15278081,29.0795,25.3209,453,45260,0.907632,0.35,2,201179,200726,453
15281001,21.8159,25.8642,447,45260,0.925526,0.33,2,201199,200752,447
15429921,48,51,488,36500,0.13,1,1,202848,202360,488
15432841,42.4,51.8,477,37960,0.226,0.89,1,202889,202412,477
15435761,43.68,29.56,497,39420,0.3412,0.41,1,202933,202436,497
15438681,56.736,70.712,476,39420,0.39624,0.21,1,202993,202517,476
15441601,30.5472,60.5424,442,39420,0.487248,0.17,1,203017,202575,442
15444521,26.9094,30.5085,445,39420,0.53745,0.17,1,203043,202598,445
15447441,29.3819,32.5017,442,39420,0.62749,0.09,1,203073,202631,442
15450361,29.8764,32.9003,439,39420,0.645498,0.03,1,203103,202664,439
15453281,22.7753,28.9801,432,39420,0.5531,0.03,1,203124,202692,432
15456201,28.5551,26.596,436,39420,0.48662,0.03,1,203154,202718,436
15459121,36.111,31.7192,441,39420,0.489324,0.09,1,203192,202751,441
15462041,33.6222,32.7438,441,39420,0.553865,0.09,1,203225,202784,441
15464961,44.3244,19.3488,472,39420,0.726773,0.13,1,203272,202800,472
15467881,10.4649,42.2698,426,39420,0.793355,0.25,2,203274,202848,426
15470801,39.693,41.2539,432,39420,0.838671,0.25,2,203321,202889,432
15473721,46.3386,8.25079,480,40880,0.895734,0.37,2,203369,202889,480
15476641,65.2677,36.8502,506,40880,0.843147,0.41,2,203439,202933,506
15479561,30.6535,55.37,468,40880,0.848629,0.51,2,203461,202993,468
15482481,30.9307,30.274,475,40880,0.849726,0.55,2,203492,203017,475
15485401,33.3861,26.8548,483,40880,0.801945,0.65,2,203526,203043,483
15488321,27.4772,29.371,479,40880,0.840389,0.65,2,203552,203073,479
15491241,21.4954,29.8742,469,40880,0.848078,0.53,2,203572,203103,469
15494161,26.6991,22.7748,476,40880,0.881616,0.47,2,203600,203124,476
15497081,37.3398,28.555,486,40880,0.936323,0.49,2,203640,203154,486
15765721,35,33,490,46720,0.59,1,1,206771,206281,490
15768641,42.2,34.6,499,46720,0.558,1,1,206815,206316,499
15771561,34.04,31.72,500,46720,0.5996,1,1,206847,206347,500
15774481,34.008,30.344,504,48180,0.67192,1,1,206881,206377,504
15777401,30.8016,32.4688,501,48180,0.654384,1,1,206911,206410,501
15780321,20.5603,6.49376,519,48180,0.634877,1,1,206929,206410,519
15783241,28.1121,26.0988,518,48180,0.662975,1,1,206959,206441,518
15786161,31.2224,29.2198,520,48180,0.780595,1,2,206991,206471,520
15789081,27.8445,28.2439,519,48180,0.820119,1,2,207018,206499,519
15792001,23.9689,32.8488,508,49640,0.900024,1,2,207041,206533,508
15794921,22.3938,30.5698,500,49640,0.916005,0.91,2,207063,206563,500
15797841,24.4788,25.314,501,49640,0.911201,0.98,2,207088,206587,501
15917561,16,36,474,40880,0.01,1,1,208714,208240,474
15936541,56,52.8,483,40880,0.058,0.63,1,208780,208297,483
15942381,130.4,156.96,449,40880,0.1476,0.33,1,208929,208480,449
15949681,53.28,67.392,438,40880,0.30952,0.13,1,208963,208525,438
15952601,56.256,70.2784,424,40880,0.341904,0.05,1,209020,208596,424
15987641,35.2512,40.4557,421,40880,0.396381,0.05,1,209050,208629,421
15990561,35.0502,20.8911,440,42340,0.391276,0.01,1,209085,208645,440
15993481,34.21,32.1782,439,43800,0.374255,0.03,1,209119,208680,439
15996401,20.442,20.8356,438,45260,0.466851,0.05,1,209136,208698,438
15999321,56.8884,41.7671,457,46720,0.48537,0.05,1,209202,208745,457
16002241,41.7777,45.9534,448,46720,0.569074,0.03,1,209240,208792,448
16005161,59.5555,43.5907,469,46720,0.649815,0.17,1,209304,208835,469
16008081,32.7111,50.3181,443,46720,0.825963,0.19,2,209330,208887,443
16011001,32.1422,34.0636,445,48180,0.909193,0.25,2,209362,208917,445
16173061,75,82,465,37960,0.03,0.25,1,211199,210734,465
16180361,169.4,196.4,433,37960,0.238,0.31,1,211392,210959,433
16361401,44,17,493,33580,0.49,0.67,1,213215,212722,493
16364321,41.6,47.4,479,35040,0.522,0.51,1,213256,212777,479
16367241,43.52,48.68,474,36500,0.6244,0.39,1,213300,212826,474
16370161,50.304,48.936,477,37960,0.80488,0.29,2,213352,212875,477
16373081,22.0608,50.5872,441,37960,0.824976,0.25,2,213367,212926,441
16492801,61,63,477,33580,0.73,0.82,1,214858,214381,477
16495721,55.4,58.2,474,33580,0.666,0.61,1,214912,214438,474
16498641,43.08,51.64,464,33580,0.7172,0.51,1,214952,214488,464
16501561,38.216,46.328,456,35040,0.88744,0.31,2,214989,214533,456
16615441,38,34,514,36500,0.69,1,1,216591,216077,514
16618361,37.2,34,517,36500,0.69,1,1,216628,216111,517
16621281,30.64,34,512,36500,0.69,1,1,216657,216145,512
16624201,30.928,24.4,521,36500,0.674,1,1,216688,216167,521
16627121,27.7856,31.28,515,36500,0.7508,1,2,216715,216200,515
16630041,26.3571,30.256,511,36500,0.70216,1,1,216741,216230,511
16632961,54.0714,32.4512,539,36500,0.852432,1,2,216802,216263,539
16635881,37.2143,56.0902,510,36500,0.914486,1,2,216835,216325,510
16903061,43,50,439,33580,0.11,0.25,1,220182,219743,439
16905981,43,38,447,35040,0.158,0.01,1,220225,219778,447
16908901,67,70,442,36500,0.3276,0.05,1,220298,219856,442
16911821,39,42,439,37960,0.52152,0.05,1,220330,219891,439
16914741,33.4,35.6,437,39420,0.752304,0.03,2,220362,219925,437
16917661,32.28,32.72,437,39420,0.894461,0.09,2,220394,219957,437
16920581,22.456,28.144,430,40880,0.890892,0.01,2,220414,219984,430
17059281,44,20,477,33580,0.07,0.37,1,222069,221592,477
17062201,41.6,46.4,465,35040,0.198,0.17,1,222110,221645,465
17065121,50.72,55.68,460,35040,0.2236,0.01,1,222163,221703,460
17068041,62.944,54.336,472,35040,0.18072,0.05,1,222229,221757,472
17070961,34.9888,63.6672,434,36500,0.348144,0.05,1,222257,221823,434
17073881,30.9978,31.1334,441,36500,0.269629,0.05,1,222287,221846,441
17076801,17.3996,30.2267,425,36500,0.221926,0.03,1,222301,221876,425
17079721,23.4799,10.8453,444,36500,0.276385,0.01,1,222326,221882,444
17082641,19.096,26.1691,432,36500,0.415277,0,1,222344,221912,432
17085561,48.6192,21.2338,468,36500,0.395055,0.09,1,222400,221932,468
17088481,48.1238,60.2468,446,36500,0.455011,0.05,1,222448,222002,446
17091401,46.4248,30.4494,469,36500,0.515002,0.07,1,222494,222025,469
17094321,10.885,41.2899,427,36500,0.559,0.23,1,222496,222069,427
17097241,38.177,41.058,431,37960,0.6478,0.23,1,222541,222110,431
17100161,53.2354,50.6116,435,37960,0.68156,0.17,1,222598,222163,435
17103081,59.4471,62.9223,430,37960,0.832312,0.17,2,222659,222229,430
17106001,39.0894,12.5845,464,37960,0.862462,0.39,2,222693,222229,464
17108921,27.8179,24.9169,461,37960,0.852492,0.25,2,222718,222257,461
17111841,14.3636,28.9834,442,37960,0.866498,0.21,2,222729,222287,442
17114761,33.2727,16.9967,466,37960,0.9013,0.29,2,222767,222301,466
17129361,2,46,451,37960,0.95,0.57,2,222945,222494,451
17132281,2,10.8,451,37960,0.95,0.67,2,222947,222496,451
17454941,45,35,478,33580,0.13,0.85,1,227045,226567,478
17457861,49.8,54.2,470,35040,0.05,0.67,1,227096,226626,470
17460781,28.36,37.24,460,36500,0.13,0.47,1,227119,226659,460
17463701,28.072,33.848,455,37960,0.162,0.39,1,227147,226692,455
17466621,34.4144,33.9696,457,39420,0.3444,0.31,1,227183,226726,457
17469541,35.6829,38.7939,453,39420,0.31688,0.31,1,227219,226766,453
17472461,29.5366,35.7588,446,39420,0.423376,0.25,1,227247,226801,446
17475381,41.1073,41.5518,447,39420,0.540675,0.23,1,227291,226844,447
17478301,37.8215,39.5104,445,39420,0.596135,0.13,1,227328,226883,445
17481221,49.1643,51.9021,442,39420,0.671227,0.03,1,227380,226938,442
17484141,44.2329,47.9804,438,40880,0.686245,0.11,1,227423,226985,438
17487061,47.2466,21.5961,471,40880,0.785249,0.13,2,227471,227000,471
17489981,11.0493,40.3192,428,40880,0.80505,0.03,2,227473,227045,428
17492901,41.4099,48.8638,426,40880,0.85701,0.03,2,227522,227096,426
17495821,24.282,9.77277,446,40880,0.915402,0.15,2,227542,227096,446
17498741,6.45639,20.3546,425,42340,0.92708,0.17,2,227544,227119,425
17633061,24,24,510,46720,0.91,1,2,229053,228543,510
17635981,30.4,33.6,506,46720,0.862,1,2,229085,228579,506
17638901,30.88,26.72,512,46720,0.9164,1,2,229116,228604,512
17641821,28.576,40.544,496,46720,0.91128,1,2,229144,228648,496
17920681,51,69,462,36500,0.41,0.65,1,232497,232035,462
17938201,44.6,56.2,452,36500,0.474,0.05,1,232540,232088,452
17945501,132.92,159.24,422,36500,0.7428,0,1,232695,232273,422
17976161,75.384,81.448,421,36500,0.76456,0.01,2,232756,232335,421
17979081,34.2768,22.6896,437,37960,0.880912,0.01,2,232780,232343,437
17982001,8.45536,16.5379,424,39420,0.920182,0.09,2,232782,232358,424
17984921,34.4911,20.1076,444,40880,0.912037,0.15,2,232823,232379,444
18155741,117,127,442,33580,0.17,0.43,1,234834,234392,442
18158661,81.8,39,498,35040,0.314,0.23,1,234907,234409,498
18161581,57.16,75,465,36500,0.4388,0.21,1,234958,234493,465
18164501,40.232,51,456,37960,0.65576,0.01,1,234994,234538,456
18167421,42.4464,60.6,436,37960,0.795152,0.01,2,235037,234601,436
18170341,38.0893,42.52,435,37960,0.83903,0.01,2,235074,234639,435
18173261,37.2179,37.304,436,37960,0.815806,0.01,2,235111,234675,436
18176181,29.8436,41.0608,422,37960,0.779161,0.03,2,235139,234717,422
18179101,24.3687,20.2122,430,37960,0.819832,0.05,2,235162,234732,430
18182021,20.0737,17.6424,432,37960,0.875966,0.01,2,235181,234749,432
18184941,36.8147,23.5285,448,37960,0.903193,0.15,2,235222,234774,448
18307581,28,34,510,40880,0.61,1,1,236716,236206,510
18310501,32.8,37.2,506,40880,0.514,1,1,236750,236244,506
18313421,47.36,61.84,489,40880,0.3988,1,1,236801,236312,489
18316341,51.872,58.768,484,40880,0.34376,1,1,236854,236370,484
18319261,34.3744,35.7536,484,40880,0.268752,1,1,236884,236400,484
18322181,34.8749,28.7507,492,40880,0.18975,1,1,236919,236427,492
18325101,36.575,32.1501,496,40880,0.12595,1,1,236956,236460,496
18328021,34.515,32.83,497,40880,0.17719,1,1,236990,236493,497
18330941,27.703,33.766,489,40880,0.203438,0.92,1,237016,236527,489
18333861,23.1406,33.1532,478,40880,0.288688,0.83,1,237038,236560,478
18336781,23.8281,30.6306,472,40880,0.353738,1,1,237062,236590,472
18339701,31.1656,35.7261,468,40880,0.430747,0.83,1,237095,236627,468
18342621,25.4331,34.3452,458,40880,0.446149,0.71,1,237119,236661,458
18345541,25.0866,28.469,456,40880,0.54523,0.61,1,237144,236688,456
18348461,21.0173,28.0938,448,40880,0.613046,0.49,1,237164,236716,448
18351381,27.4035,32.8188,443,40880,0.754609,0.37,2,237193,236750,443
18354301,41.4807,47.3638,437,40880,0.910922,0.33,2,237238,236801,437
18503221,17,15,425,30660,0.45,0.07,1,239118,238693,425
18506141,57.8,42.2,444,32120,0.594,0.13,1,239186,238742,444
18509061,40.36,40.44,440,33580,0.7188,0.15,1,239222,238782,440
18611261,30,25,519,42340,0.61,1,1,240562,240043,519
18614181,34,27.4,526,42340,0.562,1,1,240597,240071,526
18617101,31.6,41.48,512,42340,0.4404,1,1,240628,240116,512
18620021,35.12,45.096,502,42340,0.33608,1,1,240664,240162,502
18622941,33.424,9.0192,535,42340,0.139216,1,1,240697,240162,535
18625861,30.6848,29.0038,531,42340,0.0678432,1,1,240727,240196,531
18628781,29.337,29.8008,530,42340,0.0535686,1,1,240756,240226,530
18631701,30.6674,39.5602,519,42340,0.0107137,1,1,240787,240268,519
18634621,35.7335,36.712,520,42340,0.0261427,1,1,240824,240304,520
18637541,45.5467,48.9424,516,42340,0.0292285,1,1,240872,240356,516
18640461,31.5093,36.9885,510,42340,0.0298457,0.96,1,240900,240390,510
18643381,27.9019,33.7977,504,42340,0.0779691,1,1,240927,240423,504
18646301,31.9804,34.7595,502,42340,0.0715938,0.89,1,240960,240458,502
18649221,29.5961,34.9519,496,42340,0.0383188,0.69,1,240989,240493,496
18652141,24.3192,38.1904,480,42340,0.0476638,0.61,1,241012,240532,480
18655061,28.0638,31.6381,479,42340,0.0655328,0.55,1,241041,240562,479
18657981,27.2128,34.3276,471,42340,0.133107,0.41,1,241068,240597,471
18660901,27.8426,31.6655,468,42340,0.178621,0.31,1,241096,240628,468
18663821,26.3685,35.1331,458,42340,0.219724,0.09,1,241122,240664,458
18666741,26.8737,33.4266,452,42340,0.259945,0.05,1,241149,240697,452
18669661,28.5747,30.6853,451,42340,0.363989,0.05,1,241178,240727,451
18672581,29.7149,29.3371,452,42340,0.416798,0,1,241208,240756,452
18675501,36.343,30.6674,459,42340,0.44336,0.03,1,241246,240787,459
18678421,44.8686,35.7335,469,42340,0.560672,0.03,1,241293,240824,469
18681341,34.5737,45.5467,453,42340,0.616134,0.03,1,241325,240872,453
18684261,27.7147,31.5093,451,42340,0.627227,0.09,1,241351,240900,451
18687181,30.3429,27.9019,455,42340,0.677445,0.07,1,241382,240927,455
18690101,30.8686,31.9804,453,42340,0.767489,0.03,2,241413,240960,453
18693021,25.3737,29.5961,448,42340,0.865498,0.05,2,241437,240989,448
18695941,29.8747,24.3192,456,42340,0.8851,0.07,2,241468,241012,456
18698861,27.5749,28.0638,454,42340,0.88902,0.15,2,241495,241041,454
18701781,31.115,27.2128,459,42340,0.857804,0.19,2,241527,241068,459
18704701,27.823,27.8426,458,42340,0.899561,0.23,2,241554,241096,458
18707621,29.5646,26.3685,462,42340,0.955912,0.27,2,241584,241122,462
18985021,19,17,483,36500,0.27,1,1,245129,244646,483
18987941,43.8,59.4,463,36500,0.382,1,1,245179,244716,463
18995241,42.36,39.08,471,36500,0.5324,0.83,1,245221,244750,471
18999621,42.872,52.616,458,36500,0.54648,0.71,1,245264,244806,458
19002541,37.3744,41.7232,455,36500,0.597296,0.69,1,245300,244845,455
19028821,17.8749,22.7446,450,36500,0.687459,0.57,1,245313,244863,450
19031741,27.575,15.7489,466,37960,0.705492,0.49,1,245343,244877,466
19034661,30.315,31.9498,461,39420,0.821098,0.37,2,245374,244913,461
19132481,10,13,456,33580,0.03,0.43,1,246912,246456,456
19135401,56.4,69,441,33580,0.046,0.29,1,246980,246539,441
19138321,46.48,55.4,433,33580,0.0972,0.23,1,247024,246591,433
19171901,23.696,25.48,433,33580,0.12344,0.25,1,247042,246609,433
19174821,34.3392,21.096,450,35040,0.288688,0.27,1,247079,246629,450
19177741,42.8678,53.8192,433,36500,0.513738,0.11,1,247124,246691,433
19180661,34.1736,28.3638,443,36500,0.526748,0.09,1,247156,246713,443
19183581,38.0347,36.0728,444,36500,0.737349,0.11,1,247195,246751,444
19322281,53,55,490,30660,0.11,0.86,1,248963,248473,490
19325201,77,70.2,499,32120,0.174,0.65,1,249046,248547,499
19328121,46.6,61.24,479,33580,0.3148,0.45,1,249085,248606,479
19331041,53.32,53.048,483,35040,0.53496,0.17,1,249140,248657,483
19333961,37.064,66.6096,446,35040,0.578992,0.19,1,249173,248727,446
19336881,29.0128,37.3219,443,35040,0.635798,0.09,1,249200,248757,443
19339801,30.6026,34.6644,440,35040,0.72716,0,1,249231,248791,440
19342721,31.7205,35.7329,436,35040,0.745432,0.01,1,249263,248827,436
19345641,15.1441,27.1466,422,35040,0.813086,0.03,2,249274,248852,422
19348561,50.2288,51.8293,423,36500,0.906617,0.03,2,249333,248910,423
