#Ack,ack_ewma(ms),send_ewma(ms),rtt_ratio,cwnd (Bytes),Last Router Ocupation Ack Arriaval(Packets),Last Router Ocupation Packet Sent(Packets),Network Situation,AckArrival(ms),TSInsideAck(ms),RTTAck(ms)
4381,2,0,423,16060,0.03,0,1,70847,70424,423
7301,2,0,425,17520,0.022,0,1,70849,70424,425
10221,2,0,427,18980,0.0364,0,1,70851,70424,427
13141,2,0,429,20440,0.00728,0,1,70853,70424,429
14601,161.2,0,630,21900,0.025456,0.02,1,71054,70424,630
17521,202.64,336.8,422,23360,0.0370912,0.03,1,71267,70845,422
20441,42.128,68.96,422,24820,0.0394182,0.03,1,71269,70847,422
23361,10.0256,13.792,424,26280,0.0158836,0.02,1,71271,70847,424
26281,3.60512,4.3584,424,27740,0.107177,0.04,1,71273,70849,424
29201,2.32102,2.47168,424,29200,0.0934353,0.04,1,71275,70851,424
32121,2.0642,0.494336,426,30660,0.0666871,0,1,71277,70851,426
35041,2.01284,1.69887,426,32120,0.0773374,0.03,1,71279,70853,426
37961,162.803,161.14,428,33580,0.0474675,0.04,1,71482,71054,428
40881,200.561,202.628,425,35040,0.153493,0.04,1,71692,71267,425
43801,41.7121,40.5256,427,36500,0.142699,0.04,1,71694,71267,427
46721,9.94242,9.70512,427,37960,0.10854,0.01,1,71696,71269,427
49641,5.18848,3.54102,429,39420,0.0937079,0.01,1,71700,71271,429
52561,2.6377,0.708205,431,40880,0.0667416,0.13,1,71702,71271,431
55481,2.12754,1.74164,431,42340,0.0773483,0.09,1,71704,71273,431
58401,2.02551,1.94833,431,43800,0.10347,0.09,1,71706,71275,431
61321,2.0051,0.389666,433,45260,0.124694,0.06,1,71708,71275,433
64241,2.00102,1.67793,433,46720,0.0969388,0.08,1,71710,71277,433
67161,2.0002,1.93559,433,48180,0.107388,0.08,1,71712,71279,433
70081,158.8,0.387117,631,49640,0.0854776,0.04,1,71910,71279,631
73001,33.36,162.477,430,51100,0.0410955,0.18,1,71912,71482,430
75921,170.672,200.495,425,52560,0.0082191,0.18,1,72117,71692,425
78841,35.7344,40.0991,427,54020,0.00164382,0.14,1,72119,71692,427
81761,8.74688,9.61982,427,55480,0.000328764,0.1,1,72121,71694,427
84681,3.34938,3.52396,427,56940,6.57528e-05,0.1,1,72123,71696,427
87601,2.26988,0.704793,429,58400,0.128013,0.09,1,72125,71696,429
90521,2.05398,3.34096,427,59860,0.121603,0.06,1,72127,71700,427
93441,2.0108,2.26819,427,61320,0.136321,0.06,1,72129,71702,427
96361,6.80216,0.453638,435,62780,0.235264,0.08,1,72137,71702,435
99281,2.96043,1.69073,435,64240,0.271053,0.11,1,72139,71704,435
102201,2.19209,1.93815,435,65700,0.294211,0.11,1,72141,71706,435
105121,2.03842,0.387629,437,67160,0.266842,0.13,1,72143,71706,437
108041,2.00768,1.67753,437,68620,0.229368,0.09,1,72145,71708,437
110961,2.00154,1.93551,437,70080,0.189874,0.09,1,72147,71710,437
113881,2.00031,0.387101,439,71540,0.197975,0.11,1,72149,71710,439
116801,2.00006,1.67742,439,73000,0.207595,0.08,1,72151,71712,439
119721,146.8,158.735,424,74460,0.121519,0.08,1,72334,71910,424
122641,30.96,31.7471,426,75920,0.0723038,0.03,1,72336,71910,426
125561,7.792,7.94942,426,77380,0.0384608,0,1,72338,71912,426
128481,166.358,165.59,427,78840,0.00769215,0,1,72544,72117,427
131401,34.8717,33.118,429,80300,0.00153843,0,1,72546,72117,429
134321,8.57434,8.22359,429,81760,0.000307686,0,1,72548,72119,429
137241,3.31487,3.24472,429,83220,6.15372e-05,0,1,72550,72121,429
140161,2.26297,0.648944,431,84680,1.23074e-05,0,1,72552,72121,431
143081,2.05259,1.72979,431,86140,2.46149e-06,0.16,1,72554,72123,431
146001,2.01052,1.94596,431,87600,0.184,0.16,1,72556,72125,431
148921,3.6021,0.389192,435,89060,0.2528,0.12,1,72560,72125,435
151841,2.32042,1.67784,435,90520,0.27456,0.14,1,72562,72127,435
154761,2.06408,1.93557,435,91980,0.294912,0.14,1,72564,72129,435
157681,2.01282,0.387114,437,93440,0.314982,0.26,1,72566,72129,437
160601,2.00256,6.47742,431,94900,0.326996,0.28,1,72568,72137,431
163521,2.00051,2.89548,431,96360,0.297399,0.28,1,72570,72139,431
166441,2.0001,0.579097,433,97820,0.30748,0.3,1,72572,72139,433
169361,2.00002,1.71582,433,99280,0.325496,0.26,1,72574,72141,433
172281,2,1.94316,433,100740,0.345099,0.26,1,72576,72143,433
175201,2,0.388633,435,102200,0.40502,0.22,1,72578,72143,435
178121,2,1.67773,435,103660,0.433004,0.18,1,72580,72145,435
181041,6.8,1.93555,441,105120,0.502601,0.18,1,72588,72147,441
183961,2.96,0.387109,443,106580,0.53252,0.2,1,72590,72147,443
186881,2.192,1.67742,443,108040,0.554504,0.21,1,72592,72149,443
189801,2.0384,1.93548,443,109500,0.526901,0.21,1,72594,72151,443
192721,130.808,0.387097,606,110960,0.20138,0.1,1,72757,72151,606
195641,29.3615,146.477,427,112420,0.104276,0.06,1,72761,72334,427
198561,8.27231,30.8955,428,113880,0.164855,0.06,1,72764,72336,428
201481,3.25446,6.1791,430,115340,0.144971,0.03,1,72766,72336,430
204401,2.25089,2.83582,430,116800,0.164994,0,1,72768,72338,430
207321,160.45,165.367,424,118260,0.104999,0,1,72968,72544,424
210241,39.29,33.0734,433,119720,0.0209998,0,1,72977,72544,433
213161,9.45801,8.21469,433,121180,0.0442,0,1,72979,72546,433
216081,3.4916,3.24294,433,122640,0.01684,0,1,72981,72548,433
219001,2.29832,0.648587,435,124100,0.003368,0,1,72983,72548,435
221921,2.05966,1.72972,435,125560,0.0326736,0,1,72985,72550,435
224841,2.01193,1.94594,435,127020,0.00653472,0,1,72987,72552,435
227761,2.00239,0.389189,437,128480,0.0253069,0,1,72989,72552,437
230681,2.00048,1.67784,437,129940,0.133061,0.23,1,72991,72554,437
233601,2.0001,1.93557,437,131400,0.146612,0.23,1,72993,72556,437
236521,2.00002,0.387113,439,132860,0.117322,0.27,1,72995,72556,439
239441,2,3.27742,437,134320,0.0794645,0.28,1,72997,72560,437
242361,2,2.25548,437,135780,0.0398929,0.28,1,72999,72562,437
245281,2,0.451097,439,137240,0.207979,0.3,1,73001,72562,439
248201,2,1.69022,439,138700,0.217596,0.32,1,73003,72564,439
251121,2,1.93804,439,140160,0.187519,0.32,1,73005,72566,439
254041,4.4,0.387609,444,141620,0.101504,0.33,1,73010,72566,444
256961,2.48,1.67752,444,143080,0.252301,0.29,1,73012,72568,444
259881,2.096,1.9355,444,144540,0.24246,0.29,1,73014,72570,444
262801,2.0192,0.387101,446,146000,0.208492,0.31,1,73016,72570,446
265721,2.00384,1.67742,446,147460,0.169698,0.33,1,73018,72572,446
268641,2.00077,1.93548,446,148920,0.12994,0.33,1,73020,72574,446
271561,2.00015,0.387097,448,150380,0.209988,0.35,1,73022,72574,448
274481,2.00003,1.67742,448,151840,0.193998,0.42,1,73024,72576,448
277401,2.00001,1.93548,448,150380,0.1908,0.42,1,73026,72578,448
280321,2,0.387097,450,150380,0.15816,0.44,1,73028,72578,450
283241,2,1.67742,450,150380,0.199632,0.52,1,73030,72580,450
286161,2,6.73548,444,150380,0.175926,0.52,1,73032,72588,444
289081,6.8,1.3471,452,150380,0.171185,0.54,1,73040,72588,452
292001,2.96,1.86942,452,150380,0.146237,0.56,1,73042,72590,452
294921,2.192,1.97388,452,150380,0.109247,0.56,1,73044,72592,452
297841,2.0384,0.394777,454,150380,0.205849,0.52,1,73046,72592,454
300761,2.00768,1.67896,454,150380,0.19317,0.12,1,73048,72594,454
303681,109.202,130.736,427,150380,0.126634,0.12,1,73184,72757,427
306601,23.4403,26.1472,429,150380,0.113327,0.08,1,73186,72757,429
309521,6.28806,8.42943,427,150380,0.0866654,0.18,1,73188,72761,427
312441,2.85761,4.08589,426,150380,0.0893331,0.18,1,73190,72764,426
315361,6.97152,0.817177,434,150380,0.0978666,0.14,1,73198,72764,434
318281,2.9943,1.76344,434,150380,0.211573,0.17,1,73200,72766,434
321201,2.19886,1.95269,434,150380,0.202315,0.17,1,73202,72768,434
324121,150.04,0.390537,621,150380,0.240463,0.09,1,73389,72768,621
327041,31.608,160.078,423,150380,0.224093,0,1,73391,72968,423
329961,12.7216,39.2156,422,150380,0.116819,0,1,73399,72977,422
332881,4.14432,7.84312,424,150380,0.159364,0.05,1,73401,72977,424
335801,2.42886,3.16862,424,150380,0.135873,0.01,1,73403,72979,424
338001,6.88577,2.23372,430,150380,0.179175,0.03,1,73411,72981,430
340921,2.97715,6.84675,424,150380,0.155835,0.03,1,73413,72989,424
343841,2.19543,1.36935,426,150380,0.127167,0.03,1,73415,72989,426
346761,2.03909,0.27387,428,150380,0.0894334,0.03,1,73417,72989,428
349681,2.00782,0.054774,430,150380,0.105887,0.03,1,73419,72989,430
352601,2.00156,0.0109548,432,150380,0.117177,0.03,1,73421,72989,432
355521,2.00031,0.00219096,434,150380,0.0954355,0.03,1,73423,72989,434
357141,1.20006,0.000438192,435,150380,0.163087,0.27,1,73424,72989,435
360061,1.84001,8.80009,426,150380,0.152617,0.27,1,73426,73000,426
362981,1.968,1.76002,428,150380,0.110523,0.27,1,73428,73000,428
365901,1.9936,0.352003,430,150380,0.0701047,0.27,1,73430,73000,430
368821,1.99872,0.0704007,432,150380,0.0300209,0.27,1,73432,73000,432
371741,1.99974,0.0140801,434,150380,0.00600419,0.27,1,73434,73000,434
373361,1.19995,0.00281603,435,150380,0.177201,0.31,1,73435,73000,435
376281,1.83999,8.80056,426,150380,0.17944,0.31,1,73437,73011,426
379201,1.968,1.76011,428,150380,0.147888,0.31,1,73439,73011,428
382121,1.9936,0.352022,430,150380,0.109578,0.31,1,73441,73011,430
384801,1.99872,0.0704045,432,150380,0.0699155,0.24,1,73443,73011,432
387721,1.99974,2.41408,431,150380,0.0299831,0.24,1,73445,73014,431
389381,1.99995,0.482816,433,150380,0.00599662,0.16,1,73447,73014,433
392301,2.79999,3.29656,432,150380,0.161199,0.16,1,73450,73018,432
394581,2.16,0.659313,434,150380,0.16024,0.19,1,73452,73018,434
397501,2.032,6.53186,428,150380,0.128048,0.19,1,73454,73026,428
400421,2.0064,1.30637,430,150380,0.0896096,0.19,1,73456,73026,430
403341,2.00128,0.261274,432,150380,0.201922,0.19,1,73458,73026,432
406021,2.00026,0.0522549,434,150380,0.192384,0.12,1,73460,73026,434
408941,2.00005,7.21045,427,150380,0.190477,0.12,1,73462,73035,427
411861,2.00001,1.44209,429,150380,0.214095,0.12,1,73464,73035,429
414781,2,0.288418,431,150380,0.186819,0.12,1,73466,73035,431
417041,2,0.0576836,433,150380,0.149364,0.17,1,73468,73035,433
419961,13.2,16.0115,429,150380,0.181873,0.17,1,73484,73055,429
422881,4.24,3.20231,431,150380,0.156375,0.17,1,73486,73055,431
425801,2.448,0.640461,433,150380,0.151275,0.17,1,73488,73055,433
428721,2.0896,0.128092,435,150380,0.150255,0.17,1,73490,73055,435
431601,2.01792,0.0256185,437,150380,0.246051,0.11,1,73492,73055,437
434521,102.004,107.205,430,150380,0.24121,0.11,1,73619,73189,430
437441,22.0007,21.441,432,150380,0.216242,0.11,1,73621,73189,432
439921,6.00014,4.2882,434,150380,0.179248,0.2,1,73623,73189,434
442841,7.60003,11.2576,429,150380,0.15585,0.2,1,73631,73202,429
445761,3.12001,2.25153,431,150380,0.12717,0.2,1,73633,73202,431
448681,2.224,0.450306,433,150380,0.089434,0.2,1,73635,73202,433
450741,4.4448,0.0900611,438,150380,0.0818868,0.13,1,73640,73202,438
452821,148.889,3.21801,619,150380,0.176377,0.18,1,73825,73206,619
455741,31.3778,155.844,427,150380,0.171275,0.18,1,73827,73400,427
458661,7.87556,31.1687,429,150380,0.218255,0.18,1,73829,73400,429
460721,3.17511,6.23374,431,150380,0.187651,0.15,1,73831,73400,431
463641,7.03502,11.6467,426,150380,0.13353,0.15,1,73839,73413,426
466561,3.007,2.32935,428,150380,0.098706,0.15,1,73841,73413,428
469041,2.2014,0.46587,430,150380,0.0677412,0.18,1,73843,73413,430
471961,2.84028,8.89317,422,150380,0.181548,0.18,1,73846,73424,422
474881,2.16806,1.77863,424,150380,0.17231,0.18,1,73848,73424,424
477801,2.03361,0.355727,426,150380,0.210462,0.18,1,73850,73424,426
480721,2.00672,0.0711454,428,150380,0.186092,0.18,1,73852,73424,428
483641,2.00134,0.0142291,430,150380,0.157218,0.18,1,73854,73424,430
485681,2.00027,0.00284581,432,150380,0.119444,0.18,1,73856,73424,432
488601,2.80005,10.4006,422,150380,0.143889,0.18,1,73859,73437,422
491521,2.16001,2.08011,424,150380,0.116778,0.18,1,73861,73437,424
494441,2.032,0.416023,426,150380,0.0873555,0.18,1,73863,73437,426
497361,2.0064,0.0832045,428,150380,0.0494711,0.18,1,73865,73437,428
500281,2.00128,0.0166409,430,150380,0.00989422,0.18,1,73867,73437,430
503201,2.00026,0.00332818,432,150380,0.177979,0.18,1,73869,73437,432
505861,2.00005,0.000665636,434,150380,0.179596,0,1,73871,73437,434
508781,2.00001,8.00013,426,150380,0.147919,0,1,73873,73447,426
511701,2,1.60003,428,150380,0.109584,0,1,73875,73447,428
514621,2,0.320005,430,150380,0.0699168,0,1,73877,73447,430
517541,2,0.0640011,432,150380,0.181983,0,1,73879,73447,432
519381,2.8,0.0128002,435,150380,0.164397,0.16,1,73882,73447,435
522301,2.16,4.00256,432,151840,0.128879,0.16,1,73884,73452,432
524581,2.832,0.800512,435,151840,0.193776,0.18,1,73887,73452,435
527501,2.1664,11.3601,423,151840,0.174755,0.18,1,73889,73466,423
530421,2.03328,2.27202,425,151840,0.146951,0.18,1,73891,73466,425
533341,2.00666,0.454404,427,151840,0.10939,0.18,1,73893,73466,427
536261,2.00133,0.0908808,429,151840,0.069878,0.18,1,73895,73466,429
539181,2.00027,0.0181762,431,151840,0.0299756,0.18,1,73897,73466,431
542101,2.00005,0.00363523,433,151840,0.117995,0.18,1,73899,73466,433
544341,2.00001,0.000727046,435,151840,0.103599,0.07,1,73901,73466,435
547261,2,4.00015,432,151840,0.0927198,0.07,1,73903,73471,432
549541,14.8,0.800029,450,151840,0.194544,0.26,1,73921,73471,450
552461,4.56,19.36,428,151840,0.182909,0.26,1,73923,73495,428
555381,2.512,3.872,430,151840,0.148582,0.26,1,73925,73495,430
558301,2.1024,0.7744,432,151840,0.109716,0.26,1,73927,73495,432
561221,2.02048,0.15488,434,151840,0.101943,0.26,1,73929,73495,434
564101,101.204,0.030976,560,151840,0.124389,0.16,1,74055,73495,560
567021,21.8408,108.006,427,151840,0.176878,0.16,1,74057,73630,427
569941,5.96816,21.6012,429,151840,0.155376,0.16,1,74059,73630,429
572421,8.39363,4.32025,438,151840,0.0950751,0.15,1,74068,73630,438
575341,4.07873,10.464,429,151840,0.075015,0.15,1,74071,73642,429
578261,2.41575,2.09281,431,151840,0.079003,0.15,1,74073,73642,431
581181,2.08315,0.418562,433,151840,0.143801,0.15,1,74075,73642,433
582821,146.017,0.0837124,615,151840,0.10876,0.23,1,74257,73642,615
585741,32.4033,152.817,428,151840,0.037752,0.23,1,74261,73833,428
588661,8.88066,30.5633,431,151840,0.0555504,0.23,1,74264,73833,431
591581,3.37613,6.11267,433,151840,0.0831101,0.23,1,74266,73833,433
593221,5.47523,1.22253,439,151840,0.080622,0.21,1,74272,73833,439
596141,2.69505,10.6445,428,151840,0.0481244,0.21,1,74274,73846,428
599061,2.13901,2.1289,430,151840,0.0656249,0.21,1,74276,73846,430
601541,2.8278,0.42578,433,151840,0.029125,0.17,1,74279,73846,433
604461,2.16556,9.68516,423,151840,0.117825,0.17,1,74281,73858,423
607381,2.03311,1.93703,425,151840,0.103565,0.17,1,74283,73858,425
610301,2.00662,0.387406,427,151840,0.068713,0.17,1,74285,73858,427
613221,2.00132,0.0774812,429,151840,0.0297426,0.17,1,74287,73858,429
616141,2.00026,0.0154962,431,151840,0.0379485,0.17,1,74289,73858,431
618181,2.00005,0.00309925,433,151840,0.0075897,0.22,1,74291,73858,433
621101,2.00001,8.00062,425,151840,0.0975179,0.22,1,74293,73868,425
624021,2,1.60012,427,151840,0.0835036,0.22,1,74295,73868,427
626941,2,0.320025,429,151840,0.0487007,0.22,1,74297,73868,429
629861,2,0.0640049,431,151840,0.00974014,0.22,1,74299,73868,431
632741,2,0.012801,433,151840,0.00194803,0.08,1,74301,73868,433
635661,2,6.40256,427,151840,0.000389606,0.08,1,74303,73876,427
638581,2,1.28051,429,151840,7.79211e-05,0.08,1,74305,73876,429
641501,2,0.256102,431,151840,0.192016,0.08,1,74307,73876,431
644181,2,0.0512205,433,151840,0.198403,0.21,1,74309,73876,433
647101,2,8.81024,424,153300,0.167681,0.21,1,74311,73887,424
650021,2,1.76205,426,153300,0.129536,0.21,1,74313,73887,426
652941,2,0.35241,428,153300,0.0899072,0.21,1,74315,73887,428
654581,3.6,0.0704819,432,153300,0.169981,0.15,1,74319,73887,432
657501,2.32,8.8141,423,153300,0.161996,0.15,1,74321,73898,423
660421,2.064,1.76282,425,153300,0.128399,0.15,1,74323,73898,425
663341,2.0128,0.352564,427,153300,0.0896799,0.15,1,74325,73898,427
666261,2.00256,0.0705128,429,153300,0.201936,0.15,1,74327,73898,429
669181,2.00051,0.0141026,431,153300,0.192387,0.15,1,74329,73898,431
671221,5.2001,0.00282051,437,153300,0.262477,0.22,1,74335,73898,437
674141,2.64002,8.00056,429,153300,0.244495,0.22,1,74337,73908,429
677061,2.128,1.60011,431,153300,0.208899,0.22,1,74339,73908,431
679541,11.6256,0.320023,445,153300,0.24178,0.12,1,74353,73908,445
682461,3.92512,16.064,427,153300,0.248356,0.12,1,74355,73928,427
685381,2.38502,3.2128,429,153300,0.257671,0.12,1,74357,73928,429
688301,2.077,0.64256,431,153300,0.227534,0.12,1,74359,73928,431
689941,10.8154,0.128512,444,153300,0.197507,0.18,1,74372,73928,444
691601,2.96308,12.0257,430,153300,0.207501,0.15,1,74373,73943,430
694521,92.5926,99.2051,424,153300,0.1055,0.15,1,74488,74064,424
697441,20.1185,19.841,426,153300,0.2051,0.15,1,74490,74064,426
700361,5.6237,3.96821,428,153300,0.19302,0.15,1,74492,74064,428
702421,4.32474,0.793641,432,153300,0.254604,0.09,1,74496,74064,432
704501,7.26495,4.95873,434,153300,0.154921,0.12,1,74504,74070,434
707421,3.05299,6.59175,429,153300,0.222984,0.12,1,74506,74077,429
710341,2.2106,1.31835,431,153300,0.212597,0.12,1,74508,74077,431
712821,146.842,0.26367,614,153300,0.178519,0.11,1,74691,74077,614
715741,30.9684,154.453,423,153300,0.147704,0.11,1,74693,74270,423
718661,7.79368,30.8905,425,153300,0.253541,0.11,1,74695,74270,425
721581,3.15874,6.17811,427,153300,0.242708,0.11,1,74697,74270,427
723221,4.63175,1.23562,432,153300,0.168542,0.14,1,74702,74270,432
726141,2.52635,9.04712,423,153300,0.177708,0.14,1,74704,74281,423
729061,2.10527,1.80942,425,153300,0.219542,0.14,1,74706,74281,425
731981,2.02105,0.361885,427,153300,0.203908,0.14,1,74708,74281,427
733621,6.80421,0.072377,435,153300,0.208782,0.08,1,74716,74281,435
736541,2.96084,11.2145,423,153300,0.265756,0.08,1,74718,74295,423
739461,2.19217,2.24289,425,153300,0.237151,0.08,1,74720,74295,425
742381,2.03843,0.448579,427,153300,0.25543,0.08,1,74722,74295,427
745301,2.00769,0.0897158,429,153300,0.251086,0.08,1,74724,74295,429
748221,2.00154,0.0179432,431,153300,0.210217,0.08,1,74726,74295,431
751141,2.00031,0.00358863,433,153300,0.170043,0.08,1,74728,74295,433
753381,2.00006,0.000717726,435,153300,0.130009,0,1,74730,74295,435
756301,2.00001,8.00014,427,153300,0.0980017,0,1,74732,74305,427
759221,2,1.60003,429,153300,0.1476,0,1,74734,74305,429
762141,2,0.320006,431,153300,0.13352,0,1,74736,74305,431
765061,2,0.0640011,433,153300,0.106704,0,1,74738,74305,433
767941,2,0.0128002,435,153300,0.0693408,0.08,1,74740,74305,435
770861,2,8.00256,427,154760,0.181868,0.08,1,74742,74315,427
773781,2,1.60051,429,154760,0.180374,0.08,1,74744,74315,429
776701,2,0.320102,431,154760,0.148075,0.08,1,74746,74315,431
779621,2,0.0640205,433,154760,0.109615,0.08,1,74748,74315,433
782501,2.8,0.0128041,436,154760,0.053923,0.1,1,74751,74315,436
785421,2.96,7.20256,430,154760,0.138785,0.1,1,74754,74324,430
788341,2.192,1.44051,432,154760,0.123757,0.1,1,74756,74324,432
791261,2.0384,0.288102,434,154760,0.0887514,0.1,1,74758,74324,434
792901,2.00768,0.0576205,436,154760,0.0497503,0.16,1,74760,74324,436
795821,2.80154,5.61152,432,154760,0.12195,0.16,1,74763,74331,432
798741,2.16031,1.1223,434,154760,0.10439,0.16,1,74765,74331,434
801221,4.43206,0.224461,439,154760,0.020878,0.33,1,74770,74331,439
804141,3.28641,8.04489,432,154760,0.148176,0.33,1,74773,74341,432
807061,2.25728,1.60898,434,154760,0.165635,0.33,1,74775,74341,434
809541,5.25146,0.321796,440,154760,0.177127,0.27,1,74781,74341,440
812461,2.65029,12.0644,427,154760,0.139425,0.27,1,74783,74356,427
814741,10.9301,2.41287,440,154760,0.139885,0.1,1,74796,74356,440
817661,4.58601,7.68257,434,154760,0.163977,0.1,1,74799,74365,434
819941,7.3172,1.53651,442,154760,0.200795,0.29,1,74807,74365,442
822641,3.06344,8.3073,434,154760,0.168159,0.27,1,74809,74375,434
825561,93.4127,96.8615,431,154760,0.169632,0.27,1,74925,74494,431
828481,20.2825,19.3723,433,154760,0.145926,0.27,1,74927,74494,433
830961,5.65651,3.87446,435,154760,0.141185,0.15,1,74929,74494,435
833041,4.3313,7.97489,430,154760,0.0762371,0.17,1,74933,74503,430
835961,7.26626,7.19498,431,154760,0.143247,0.17,1,74941,74510,431
838881,3.05325,1.439,433,154760,0.124649,0.17,1,74943,74510,433
841361,2.21065,0.287799,435,154760,0.0889299,0.18,1,74945,74510,435
844281,148.442,152.058,430,154760,0.065786,0.18,1,75130,74700,430
847201,31.2884,30.4115,432,154760,0.0291572,0.18,1,75132,74700,432
850121,7.85768,6.0823,434,154760,0.00583144,0.18,1,75134,74700,434
851761,2.37154,1.21646,435,154760,0.0811663,0.22,1,75135,74700,435
854681,2.07431,5.84329,430,154760,0.0642333,0.22,1,75137,74707,430
857601,2.01486,1.16866,432,154760,0.148847,0.22,1,75139,74707,432
860081,2.00297,0.233732,434,154760,0.141769,0.28,1,75141,74707,434
862161,5.20059,4.04675,435,154760,0.100354,0.26,1,75147,74712,435
865081,2.64012,8.80935,427,154760,0.0520708,0.26,1,75149,74722,427
868001,2.12802,1.76187,429,154760,0.0104142,0.26,1,75151,74722,429
870481,2.0256,0.352374,431,154760,0.00208283,0.1,1,75153,74722,431
873401,2.00512,7.27048,424,154760,0.192417,0.1,1,75155,74731,424
876321,2.00102,1.45409,426,154760,0.198483,0.1,1,75157,74731,426
879241,2.0002,0.290819,428,154760,0.223697,0.1,1,75159,74731,428
882161,2.00004,0.0581638,430,154760,0.196739,0.1,1,75161,74731,430
884001,1.20001,0.0116328,431,154760,0.175348,0.21,1,75162,74731,431
886921,1.84,8.80233,422,156220,0.21107,0.21,1,75164,74742,422
889841,1.968,1.76047,424,156220,0.186214,0.21,1,75166,74742,424
892761,1.9936,0.352093,426,156220,0.157243,0.21,1,75168,74742,426
895681,1.99872,0.0704186,428,156220,0.119449,0.21,1,75170,74742,428
898561,1.99974,0.0140837,430,156220,0.0878897,0.06,1,75172,74742,430
901481,1.99995,6.40282,424,156220,0.0495779,0.06,1,75174,74750,424
904401,1.99999,1.28056,426,156220,0.193916,0.06,1,75176,74750,426
907321,2,0.256113,428,156220,0.198783,0.06,1,75178,74750,428
910001,2,0.0512225,430,156220,0.167757,0.15,1,75180,74750,430
912921,3.6,9.61024,422,156220,0.249551,0.15,1,75184,74762,422
915841,2.32,1.92205,424,156220,0.23391,0.15,1,75186,74762,424
918761,2.064,0.38441,426,156220,0.198782,0.15,1,75188,74762,426
921681,2.0128,0.0768819,428,156220,0.255756,0.15,1,75190,74762,428
923521,1.20256,0.0153764,429,156220,0.251151,0.1,1,75191,74762,429
926441,3.44051,2.40308,430,156220,0.21823,0.1,1,75195,74765,430
928101,4.6881,0.480615,435,156220,0.139646,0.19,1,75200,74765,435
931021,2.53762,7.29612,428,156220,0.243929,0.19,1,75202,74774,428
933941,2.10752,1.45922,430,156220,0.232786,0.19,1,75204,74774,430
936421,5.2215,0.291845,436,156220,0.270557,0.15,1,75210,74774,436
939341,2.6443,6.45837,430,156220,0.246111,0.15,1,75212,74782,430
941621,3.72886,1.29167,434,156220,0.177222,0.18,1,75216,74782,434
943281,1.54577,5.05833,429,156220,0.187444,0.17,1,75217,74788,429
945361,9.90915,9.81167,430,156220,0.229489,0.17,1,75229,74799,430
948281,9.98183,10.7623,429,156220,0.173898,0.17,1,75239,74810,429
951201,3.59637,2.15247,431,156220,0.25078,0.17,1,75241,74810,431
953681,2.31927,0.430493,433,156220,0.234156,0.22,1,75243,74810,433
956601,94.0639,100.886,424,156220,0.278831,0.22,1,75360,74936,424
959521,20.4128,20.1772,426,156220,0.279766,0.22,1,75362,74936,426
962441,5.68255,4.03544,428,156220,0.255953,0.22,1,75364,74936,428
964081,1.93651,0.807089,429,156220,0.235191,0.18,1,75365,74936,429
967001,5.1873,8.96142,424,156220,0.167038,0.18,1,75371,74947,424
969921,2.63746,1.79228,426,156220,0.241408,0.18,1,75373,74947,426
972401,2.12749,0.358457,428,156220,0.272282,0.15,1,75375,74947,428
975321,153.226,157.672,422,156220,0.174456,0.15,1,75566,75144,422
978241,32.2451,31.5343,424,156220,0.202891,0.15,1,75568,75144,424
981161,8.04902,6.30687,426,156220,0.176578,0.15,1,75570,75144,426
984081,3.2098,1.26137,428,156220,0.139316,0.15,1,75572,75144,428
987001,2.24196,0.252275,430,156220,0.131863,0.15,1,75574,75144,430
989921,2.04839,0.0504549,432,156220,0.0983726,0.15,1,75576,75144,432
992581,5.20968,0.010091,438,156220,0.0676745,0,1,75582,75144,438
995501,2.64194,7.20202,431,156220,0.0295349,0,1,75584,75153,431
998401,2.12839,1.4404,433,156220,0.00590698,0.22,1,75586,75153,433
1001321,2.02568,9.08808,424,157680,0.0011814,0.22,1,75588,75164,424
1004241,2.00514,1.81762,426,157680,0.176236,0.22,1,75590,75164,426
1007161,2.00103,0.363523,428,157680,0.179247,0.22,1,75592,75164,428
1010081,2.00021,0.0727046,430,157680,0.203849,0.22,1,75594,75164,430
1013001,2.00004,0.0145409,432,157680,0.17677,0.22,1,75596,75164,432
1015041,2.00001,0.00290819,434,157680,0.243354,0.06,1,75598,75164,434
1017961,2,7.20058,427,157680,0.224671,0.06,1,75600,75173,427
1020881,2,1.44012,429,157680,0.196934,0.06,1,75602,75173,429
1023801,2,0.288023,431,157680,0.159387,0.06,1,75604,75173,431
1026721,2,0.0576046,433,157680,0.215877,0.06,1,75606,75173,433
1029601,2,0.0115209,435,157680,0.195175,0.18,1,75608,75173,435
1032521,2,4.8023,431,157680,0.159035,0.18,1,75610,75179,431
1035441,2,0.960461,433,157680,0.119807,0.18,1,75612,75179,433
1037921,2,0.192092,435,157680,0.0879614,0.25,1,75614,75179,435
1040841,3.6,9.63842,427,157680,0.0175923,0.25,1,75618,75191,427
1043761,2.32,1.92768,429,157680,0.195518,0.25,1,75620,75191,429
1046681,2.064,0.385537,431,157680,0.199104,0.25,1,75622,75191,431
1049601,2.0128,0.0771073,433,157680,0.167821,0.25,1,75624,75191,433
1052481,2.00256,0.0154215,435,157680,0.281564,0.17,1,75626,75191,435
1055401,3.60051,4.80308,433,157680,0.240313,0.17,1,75630,75197,433
1058101,8.7201,0.960617,443,157680,0.232063,0.26,1,75640,75197,443
1061021,3.34402,11.3921,431,157680,0.238413,0.26,1,75642,75211,431
1063941,2.2688,2.27842,433,157680,0.247682,0.26,1,75644,75211,433
1066861,2.05376,0.455685,435,157680,0.217537,0.26,1,75646,75211,435
1068501,6.01075,0.091137,442,157680,0.251507,0.29,1,75653,75211,442
1071421,2.80215,8.81823,433,157680,0.258301,0.29,1,75655,75222,433
1074321,2.16043,1.76365,435,157680,0.22766,0.29,1,75657,75222,435
1076401,8.43209,9.15273,434,157680,0.229532,0.2,1,75667,75233,434
1079321,9.68642,12.2305,431,157680,0.189906,0.2,1,75677,75246,431
1082241,3.53728,2.44611,433,157680,0.181981,0.2,1,75679,75246,433
1084721,2.30746,0.489222,435,157680,0.148396,0.25,1,75681,75246,435
1087641,94.0615,94.4978,434,157680,0.229679,0.25,1,75798,75364,434
1089921,20.4123,18.8996,436,157680,0.213936,0.17,1,75800,75364,436
1092841,8.88246,8.57991,436,157680,0.122787,0.17,1,75806,75370,436
1095121,3.37649,1.71598,438,157680,0.0725574,0.3,1,75808,75370,438
1098041,2.2753,5.1432,434,157680,0.150511,0.3,1,75810,75376,434
1100961,2.05506,1.02864,436,157680,0.174102,0.3,1,75812,75376,436
1103441,2.01101,0.205728,438,157680,0.17882,0.1,1,75814,75376,438
1106361,150.002,162.441,422,157680,0.211764,0.1,1,76001,75579,422
1109281,31.6004,32.4882,424,157680,0.186353,0.1,1,76003,75579,424
1112201,7.92009,6.49765,426,157680,0.157271,0.1,1,76005,75579,426
1115121,3.18402,1.29953,428,157680,0.119454,0.1,1,76007,75579,428
1118041,2.2368,0.259906,430,157680,0.135891,0.1,1,76009,75579,430
1120081,2.04736,0.0519812,432,157680,0.123178,0,1,76011,75579,432
1123001,5.20947,6.4104,430,159140,0.128636,0,1,76017,75587,430
1125921,2.64189,1.28208,432,159140,0.105727,0,1,76019,75587,432
1128841,2.12838,0.256416,434,159140,0.0691454,0,1,76021,75587,434
1130901,2.02568,0.0512832,436,159140,0.0298291,0.21,1,76023,75587,436
1133821,2.00514,5.61026,431,159140,0.0859658,0.21,1,76025,75594,431
1136741,2.00103,1.12205,433,159140,0.0651932,0.21,1,76027,75594,433
1139221,2.00021,0.22441,435,159140,0.0850386,0.19,1,76029,75594,435
1142141,2.00004,11.2449,423,159140,0.0650077,0.19,1,76031,75608,423
1145061,2.00001,2.24898,425,159140,0.0290015,0.19,1,76033,75608,425
1147981,2,0.449795,427,159140,0.0858003,0.19,1,76035,75608,427
1150901,2,0.089959,429,159140,0.0651601,0.19,1,76037,75608,429
1153821,2,0.0179918,431,159140,0.085032,0.19,1,76039,75608,431
1156741,2,0.00359836,433,159140,0.0650064,0.19,1,76041,75608,433
1158981,2.8,0.000719672,436,159140,0.0130013,0.06,1,76044,75608,436
1161901,2.96,5.60014,432,159140,0.1466,0.06,1,76047,75615,432
1164821,2.192,1.12003,434,159140,0.14132,0.06,1,76049,75615,434
1167741,2.0384,0.224006,436,159140,0.108264,0.06,1,76051,75615,436
1170421,2.00768,0.0448011,438,159140,0.0696528,0.31,1,76053,75615,438
1173341,2.00154,8.80896,429,159140,0.165931,0.31,1,76055,75626,429
1176261,2.00031,1.76179,431,159140,0.153186,0.31,1,76057,75626,431
1179181,2.00006,0.352358,433,159140,0.118637,0.31,1,76059,75626,433
1181861,3.60001,0.0704717,437,159140,0.0397274,0.23,1,76063,75626,437
1183521,1.52,3.21409,434,159140,0.00794549,0.26,1,76064,75630,434
1186441,8.304,9.44282,433,159140,0.201589,0.26,1,76074,75641,433
1188721,3.2608,1.88856,435,159140,0.240318,0.27,1,76076,75641,435
1191641,2.25216,1.97771,435,159140,0.248064,0.27,1,76078,75643,435
1193301,2.85043,0.395543,438,159140,0.233613,0.25,1,76081,75643,438
1196221,2.17009,4.07911,435,159140,0.254723,0.25,1,76083,75648,435
1198501,5.23402,0.815822,441,159140,0.234944,0.31,1,76089,75648,441
1201421,2.6468,9.76316,431,159140,0.254989,0.31,1,76091,75660,431
1204341,2.12936,1.95263,433,159140,0.226998,0.31,1,76093,75660,433
1206821,6.02587,0.390527,440,159140,0.2534,0.23,1,76100,75660,440
1208901,12.4052,9.67811,442,159140,0.21068,0.33,1,76114,75672,442
1211821,4.88103,11.5356,433,159140,0.178136,0.33,1,76117,75684,433
1214741,2.57621,2.30712,435,159140,0.139627,0.33,1,76119,75684,435
1217221,92.5152,0.461425,550,159140,0.283925,0.19,1,76234,75684,550
1220141,20.103,100.092,427,159140,0.280785,0.19,1,76236,75809,427
1223061,5.62061,20.0185,429,159140,0.240157,0.19,1,76238,75809,429
1225981,2.72412,4.00369,431,159140,0.288031,0.19,1,76240,75809,431
1227621,1.34482,0.800738,432,159140,0.321606,0.18,1,76241,75809,432
1229701,8.26896,2.56015,439,159140,0.320321,0.21,1,76251,75812,439
1232621,3.25379,8.51203,431,159140,0.288064,0.21,1,76253,75822,431
1234481,1.45076,1.70241,432,159140,0.297613,0.14,1,76254,75822,432
1237401,141.09,147.54,424,159140,0.275523,0.14,1,76430,76006,424
1240321,29.818,29.5081,426,159140,0.239104,0.14,1,76432,76006,426
1242801,7.56361,5.90162,428,159140,0.199821,0.09,1,76434,76006,428
1245721,3.11272,6.78032,423,160600,0.247964,0.09,1,76436,76013,423
1248641,2.22254,1.35606,425,160600,0.329593,0.09,1,76438,76013,425
1251121,2.04451,0.271213,427,160600,0.305919,0.02,1,76440,76013,427
1254041,5.2089,8.05424,423,160600,0.237184,0.02,1,76446,76023,423
1256961,2.64178,1.61085,425,160600,0.191437,0.02,1,76448,76023,425
1259441,2.12836,0.32217,427,160600,0.158287,0.06,1,76450,76023,427
1262361,2.02567,3.26443,425,160600,0.119657,0.06,1,76452,76027,425
1264641,2.00513,0.652887,427,160600,0.0799315,0.08,1,76454,76027,427
1267561,3.60103,7.33058,422,160600,0.255986,0.08,1,76458,76036,422
1270481,2.32021,1.46612,424,160600,0.275197,0.08,1,76460,76036,424
1273401,2.06404,0.293223,426,160600,0.247039,0.08,1,76462,76036,426
1276321,2.01281,0.0586446,428,160600,0.209408,0.08,1,76464,76036,428
1278161,1.20256,0.0117289,429,160600,0.177882,0,1,76465,76036,429
1281081,3.44051,6.40235,425,160600,0.267576,0,1,76469,76044,425
1284001,2.2881,1.28047,427,160600,0.253515,0,1,76471,76044,427
1286921,2.05762,0.256094,429,160600,0.274703,0,1,76473,76044,429
1288981,6.01152,0.0512188,436,160600,0.294941,0.11,1,76480,76044,436
1291901,2.8023,12.0102,423,160600,0.266988,0.11,1,76482,76059,423
1294821,2.16046,2.40205,425,160600,0.277398,0.11,1,76484,76059,425
1297741,2.03209,0.48041,427,160600,0.24748,0.11,1,76486,76059,427
1300661,2.00642,0.0960819,429,160600,0.217496,0.11,1,76488,76059,429
1303581,2.00128,0.0192164,431,160600,0.179499,0.11,1,76490,76059,431
1306501,2.00026,0.00384328,433,160600,0.1959,0.11,1,76492,76059,433
1308741,3.60005,0.000768655,437,160600,0.14318,0.04,1,76496,76059,437
1310821,7.12001,2.40015,442,160600,0.172636,0.29,1,76504,76062,442
1313741,3.024,8.48003,434,160600,0.178527,0.29,1,76506,76072,434
1316021,2.2048,1.69601,436,160600,0.147705,0.25,1,76508,76072,436
1318941,2.04096,5.1392,432,160600,0.141541,0.25,1,76510,76078,432
1321221,6.80819,1.02784,440,160600,0.140308,0.21,1,76518,76078,440
1324141,2.96164,6.60557,434,160600,0.108062,0.21,1,76520,76086,434
1327041,2.19233,1.32111,436,160600,0.0696123,0.22,1,76522,76086,436
1329961,5.23847,7.46422,433,160600,0.181922,0.22,1,76528,76095,433
1332881,2.64769,1.49284,435,160600,0.172384,0.22,1,76530,76095,435
1335361,2.12954,0.298569,437,160600,0.194477,0.31,1,76532,76095,437
1337441,3.62591,8.85971,430,160600,0.158895,0.21,1,76536,76106,430
1340361,16.7252,16.9719,431,160600,0.119779,0.21,1,76556,76125,431
1343281,4.94504,3.39439,433,160600,0.0879558,0.21,1,76558,76125,433
1345761,2.58901,0.678878,435,160600,0.0895912,0.32,1,76560,76125,435
1348681,90.9178,91.3358,434,160600,0.169918,0.32,1,76673,76239,434
1351601,19.7836,18.2672,436,160600,0.153984,0.32,1,76675,76239,436
1354081,5.55671,3.65343,438,160600,0.246797,0.32,1,76677,76239,438
1357001,5.91134,6.33069,437,160600,0.201359,0.32,1,76683,76246,437
1359701,9.18227,1.26614,447,160600,0.152272,0.38,1,76693,76246,447
1362621,3.43645,10.6532,436,160600,0.110454,0.38,1,76695,76259,436
1365521,2.28729,2.13065,438,160600,0.222091,0.24,1,76697,76259,438
1368441,140.457,149.226,427,162060,0.0604182,0.24,1,76872,76445,427
1371361,31.2915,29.8452,431,162060,0.124084,0.24,1,76876,76445,431
1374281,7.8583,5.96904,433,162060,0.208817,0.24,1,76878,76445,433
1377201,3.17166,1.19381,435,162060,0.193763,0.24,1,76880,76445,435
1380121,2.23433,0.238762,437,162060,0.158753,0.24,1,76882,76445,437
1382161,2.04687,0.0477523,439,162060,0.111751,0.33,1,76884,76445,439
1385081,2.00937,8.80955,430,162060,0.11035,0.33,1,76886,76456,430
1388001,2.00187,1.76191,432,162060,0.10207,0.33,1,76888,76456,432
1390921,2.00037,0.352382,434,162060,0.076414,0.33,1,76890,76456,434
1393841,2.00007,0.0704764,436,162060,0.159283,0.33,1,76892,76456,436
1395681,1.20001,0.0140953,437,162060,0.167857,0.25,1,76893,76456,437
1398601,1.84,4.00282,434,162060,0.145571,0.25,1,76895,76461,434
1400881,1.968,0.800564,436,162060,0.149114,0.29,1,76897,76461,436
1403801,3.5936,6.56011,432,162060,0.0858229,0.29,1,76901,76469,432
1406721,2.31872,1.31202,434,162060,0.201165,0.29,1,76903,76469,434
1409201,2.06374,0.262404,436,162060,0.184233,0.3,1,76905,76469,436
1412121,2.01275,2.45248,435,162060,0.148847,0.3,1,76907,76472,435
1414401,2.00255,0.490496,437,162060,0.141769,0.28,1,76909,76472,437
1417321,2.00051,7.2981,430,162060,0.228354,0.28,1,76911,76481,430
1419601,2.0001,1.45962,432,162060,0.213671,0.2,1,76913,76481,432
1422521,2.00002,9.09192,423,162060,0.170734,0.2,1,76915,76492,423
1425441,2,1.81838,425,162060,0.130147,0.2,1,76917,76492,425
1428361,2,0.363677,427,162060,0.210029,0.2,1,76919,76492,427
1431281,2,0.0727354,429,162060,0.194006,0.2,1,76921,76492,429
1434161,2,0.0145471,431,162060,0.150801,0.06,1,76923,76492,431
1437081,6.8,6.40291,431,162060,0.0941602,0.06,1,76931,76500,431
1439361,2.96,1.28058,433,162060,0.138832,0.2,1,76933,76500,433
1442281,5.392,12.2561,424,162060,0.123766,0.2,1,76939,76515,424
1445201,2.6784,2.45122,426,162060,0.192753,0.2,1,76941,76515,426
1448121,2.13568,0.490245,428,162060,0.182551,0.2,1,76943,76515,428
1449761,1.22714,0.0980489,429,162060,0.16451,0.09,1,76944,76515,429
1452681,5.04543,4.81961,429,162060,0.128902,0.09,1,76950,76521,429
1454961,2.60909,0.963922,431,162060,0.15378,0.2,1,76952,76521,431
1457881,6.92182,10.5928,426,162060,0.150756,0.2,1,76960,76534,426
1460801,2.98436,2.11856,428,162060,0.126151,0.2,1,76962,76534,428
1463721,2.19687,0.423711,430,162060,0.12123,0.2,1,76964,76534,430
1466401,2.03937,0.0847423,432,162060,0.120246,0.14,1,76966,76534,432
1468481,2.00787,4.01695,429,162060,0.176049,0.19,1,76968,76539,429
1471401,18.0016,19.2034,428,162060,0.13121,0.19,1,76990,76562,428
1474321,5.20031,3.84068,430,162060,0.098242,0.19,1,76992,76562,430
1476801,2.64006,0.768135,432,162060,0.179648,0.14,1,76994,76562,432
1479721,96.528,99.3536,428,162060,0.19593,0.14,1,77114,76686,428
1482641,20.9056,19.8707,430,162060,0.199186,0.14,1,77116,76686,430
1485561,5.78112,3.97414,432,162060,0.207837,0.14,1,77118,76686,432
1487201,1.95622,0.794829,433,162060,0.193567,0.3,1,77119,76686,433
1490121,6.79124,12.159,426,163520,0.158713,0.3,1,77127,76701,426
1493041,2.95825,2.43179,428,163520,0.111743,0.3,1,77129,76701,428
1495961,2.19165,0.486359,430,163520,0.102349,0.3,1,77131,76701,430
1498021,139.638,0.0972717,604,163520,0.10847,0.17,1,77305,76701,604
1500941,29.5277,144.019,426,163520,0.0856939,0.17,1,77307,76881,426
1503861,7.50553,28.8039,428,163520,0.105139,0.17,1,77309,76881,428
1506781,3.10111,5.76078,430,163520,0.0770278,0.17,1,77311,76881,430
1509461,3.82022,1.15216,434,163520,0.0154055,0.18,1,77315,76881,434
1512381,2.36404,9.03043,425,163520,0.00308111,0.18,1,77317,76892,425
1515301,2.07281,1.80609,427,163520,0.0966162,0.18,1,77319,76892,427
1518221,2.01456,0.361217,429,163520,0.139323,0.18,1,77321,76892,429
1521141,2.00291,0.0722434,431,163520,0.115865,0.18,1,77323,76892,431
1522981,2.80058,0.0144487,434,163520,0.0551729,0.11,1,77326,76892,434
1525901,2.16012,5.60289,429,163520,0.163035,0.11,1,77328,76899,429
1528821,2.03202,1.12058,431,163520,0.160607,0.11,1,77330,76899,431
1531741,2.0064,0.224116,433,163520,0.128121,0.11,1,77332,76899,433
1533381,1.20128,0.0448231,434,163520,0.105624,0.16,1,77333,76899,434
1536301,1.84026,7.20896,427,163520,0.125125,0.16,1,77335,76908,427
1539221,1.96805,1.44179,429,163520,0.217025,0.16,1,77337,76908,429
1542141,1.99361,0.288359,431,163520,0.195405,0.16,1,77339,76908,431
1543781,1.19872,0.0576717,432,163520,0.183081,0.18,1,77340,76908,432
1546701,1.83974,4.81153,428,163520,0.148616,0.18,1,77342,76914,428
1549621,1.96795,0.962307,430,163520,0.109723,0.18,1,77344,76914,430
1552101,1.99359,0.192461,432,163520,0.0699446,0.19,1,77346,76914,432
1555021,1.99872,5.63849,427,163520,0.0299889,0.19,1,77348,76921,427
1557941,1.99974,1.1277,429,163520,0.197998,0.19,1,77350,76921,429
1560421,6.79995,0.22554,437,163520,0.1036,0.1,1,77358,76921,437
1563341,2.95999,7.24511,430,163520,0.22072,0.1,1,77360,76930,430
1565201,1.392,1.44902,431,163520,0.228144,0.21,1,77361,76930,431
1568121,5.0784,9.0898,426,163520,0.237629,0.21,1,77367,76941,426
1571041,2.61568,1.81796,428,163520,0.247526,0.21,1,77369,76941,428
1573941,3.72314,0.363592,432,163520,0.241505,0.18,1,77373,76941,432
1576861,2.34463,4.87272,428,163520,0.248301,0.18,1,77375,76947,428
1579781,2.06893,0.974544,430,163520,0.21766,0.18,1,77377,76947,430
1582261,6.01378,0.194909,437,163520,0.251532,0.21,1,77384,76947,437
1585181,3.60276,8.03898,430,163520,0.210306,0.21,1,77387,76957,430
1587461,3.92055,1.6078,434,163520,0.242061,0.19,1,77391,76957,434
1590381,2.38411,9.12156,425,163520,0.248412,0.19,1,77393,76968,425
1593301,2.07682,1.82431,427,163520,0.241682,0.19,1,77395,76968,427
1596221,2.01536,0.364862,429,163520,0.264336,0.19,1,77397,76968,429
1598901,4.40307,0.0729725,434,163520,0.220867,0.14,1,77402,76968,434
1600981,16.8806,2.41459,451,163520,0.180173,0.12,1,77422,76971,451
1603901,4.97612,23.6829,424,163520,0.172035,0.12,1,77424,77000,424
1606821,2.59522,4.73658,426,163520,0.210407,0.12,1,77426,77000,426
1609301,100.519,0.947317,551,163520,0.218081,0.15,1,77551,77000,551
1612221,21.7038,101.789,426,164980,0.219616,0.15,1,77553,77127,426
1615141,5.94076,20.3579,428,164980,0.187923,0.15,1,77555,77127,428
1618061,2.78815,4.07158,430,164980,0.221585,0.15,1,77557,77127,430
1619701,2.15763,0.814316,432,164980,0.228317,0.1,1,77559,77127,432
1622621,2.83153,4.96286,429,164980,0.221663,0.1,1,77562,77133,429
1625541,2.16631,0.992573,431,164980,0.188333,0.1,1,77564,77133,431
1628021,140.433,0.198515,606,164980,0.0376665,0,1,77739,77133,606
1630941,29.6867,146.44,425,164980,0.00753331,0,1,77741,77316,425
1633861,7.53733,29.2879,427,164980,0.153507,0,1,77743,77316,427
1636781,3.10747,5.85759,429,164980,0.150701,0,1,77745,77316,429
1639701,2.22149,1.17152,431,164980,0.11814,0,1,77747,77316,431
1641541,4.4443,0.234303,436,164980,0.0796281,0.04,1,77752,77316,436
1644461,2.48886,8.04686,428,164980,0.0479256,0.04,1,77754,77326,428
1647381,2.09777,1.60937,430,164980,0.0975851,0.04,1,77756,77326,430
1650301,2.01955,0.321874,432,164980,0.083517,0.04,1,77758,77326,432
1652981,2.00391,0.0643749,434,164980,0.0487034,0.19,1,77760,77326,434
1655901,2.00078,10.4129,423,164980,0.0417407,0.19,1,77762,77339,423
1658821,2.00016,2.08257,425,164980,0.192348,0.19,1,77764,77339,425
1661741,2.00003,0.416515,427,164980,0.19047,0.19,1,77766,77339,427
1664661,2.00001,0.083303,429,164980,0.158094,0.19,1,77768,77339,429
1667581,2,0.0166606,431,164980,0.119619,0.19,1,77770,77339,431
1670241,2,0.00333212,433,164980,0.231924,0.25,1,77772,77339,433
1673161,2,8.00067,425,164980,0.214385,0.25,1,77774,77349,425
1676081,2,1.60013,427,164980,0.186877,0.25,1,77776,77349,427
1679001,2,0.320027,429,164980,0.149375,0.25,1,77778,77349,429
1681921,2,0.0640053,431,164980,0.109875,0.25,1,77780,77349,431
1684841,2,0.0128011,433,164980,0.189975,0.25,1,77782,77349,433
1687301,6.8,0.00256021,441,164980,0.157995,0.1,1,77790,77349,441
1688961,2.16,6.40051,434,164980,0.135599,0.27,1,77791,77357,434
1691041,2.032,2.8801,434,164980,0.10712,0.26,1,77793,77359,434
1693961,5.2064,9.37602,429,164980,0.245424,0.26,1,77799,77370,429
1696881,2.64128,1.8752,431,164980,0.241085,0.26,1,77801,77370,431
1699801,2.12826,0.375041,433,164980,0.208217,0.26,1,77803,77370,433
1701441,1.22565,0.0750082,434,164980,0.185643,0.21,1,77804,77370,434
1704361,3.44513,5.615,431,164980,0.253129,0.21,1,77808,77377,431
1707281,2.28903,1.123,433,164980,0.242626,0.21,1,77810,77377,433
1709141,6.05781,0.2246,440,164980,0.160525,0.24,1,77817,77377,440
1712061,2.81156,6.44492,434,164980,0.232105,0.24,1,77819,77385,434
1714341,2.16231,1.28898,436,164980,0.206421,0.27,1,77821,77385,436
1716001,1.23246,4.2578,432,164980,0.217284,0.26,1,77822,77390,432
1718921,3.44649,8.85156,426,164980,0.219457,0.26,1,77826,77400,426
1721841,2.2893,1.77031,428,164980,0.187891,0.26,1,77828,77400,428
1724761,2.05786,0.354062,430,164980,0.221578,0.26,1,77830,77400,430
1726401,1.21157,0.0708125,431,164980,0.204316,0.25,1,77831,77400,431
1729321,13.0423,12.0142,432,164980,0.184863,0.25,1,77847,77415,432
1730981,8.20846,2.40283,439,164980,0.188973,0.22,1,77854,77415,439
1733901,3.24169,9.28057,430,164980,0.245795,0.22,1,77856,77426,430
1736181,7.04834,1.85611,438,164980,0.169159,0.19,1,77864,77426,438
1737841,2.20967,7.57122,430,164980,0.145832,0.18,1,77865,77435,430
1740761,98.0419,104.714,423,164980,0.173166,0.18,1,77987,77564,423
1743681,21.2084,20.9428,425,164980,0.186633,0.18,1,77989,77564,425
1746601,5.84168,4.18857,427,164980,0.197327,0.18,1,77991,77564,427
1749521,2.76834,0.837714,429,164980,0.199465,0.18,1,77993,77564,429
1752441,2.15367,0.167543,431,164980,0.239893,0.18,1,77995,77564,431
1754901,8.43073,0.0335085,441,164980,0.0799786,0.22,1,78005,77564,441
1756561,2.48615,8.8067,431,164980,0.159996,0.07,1,78006,77575,431
1759481,136.497,143.361,424,164980,0.151999,0.07,1,78176,77752,424
1762401,28.8994,28.6723,426,164980,0.1184,0.07,1,78178,77752,426
1765321,7.37989,5.73445,428,164980,0.07168,0.07,1,78180,77752,428
1768241,3.07598,1.14689,430,164980,0.054336,0.07,1,78182,77752,430
1770081,1.4152,0.229378,431,164980,0.0348672,0.06,1,78183,77752,431
1773001,3.48304,7.24588,426,164980,0.0629734,0.06,1,78187,77761,426
1775921,2.29661,1.44918,428,164980,0.0365947,0.06,1,78189,77761,428
1778841,2.05932,0.289835,430,164980,0.00731894,0.06,1,78191,77761,430
1781761,2.01186,0.057967,432,164980,0.0494638,0.06,1,78193,77761,432
1783601,1.20237,0.0115934,433,164980,0.0418928,0.11,1,78194,77761,433
1786521,1.84047,7.20232,426,164980,0.00837855,0.11,1,78196,77770,426
1789441,1.96809,1.44046,428,164980,0.00167571,0.11,1,78198,77770,428
1792361,1.99362,0.288093,430,164980,0.000335142,0.11,1,78200,77770,430
1795041,1.99872,0.0576185,432,164980,0.192067,0.19,1,78202,77770,432
1797961,1.99974,4.01152,429,164980,0.222413,0.19,1,78204,77775,429
1800881,1.99995,0.802305,431,164980,0.284483,0.19,1,78206,77775,431
1803361,1.99999,0.160461,433,164980,0.264897,0.25,1,78208,77775,433
1806281,3.6,8.03209,427,164980,0.196979,0.25,1,78212,77785,427
1809201,2.32,1.60642,429,164980,0.151396,0.25,1,78214,77785,429
1812121,2.064,0.321284,431,164980,0.238279,0.25,1,78216,77785,431
1815041,2.0128,0.0642567,433,164980,0.231656,0.25,1,78218,77785,433
1817301,6.80256,0.0128513,441,164980,0.262331,0.27,1,78226,77785,441
1820221,2.96051,8.00257,433,164980,0.236466,0.27,1,78228,77795,433
1822081,1.3921,1.60051,434,164980,0.215293,0.27,1,78229,77795,434
1825001,5.07842,10.7201,427,164980,0.323059,0.27,1,78235,77808,427
1827921,2.61568,2.14402,429,164980,0.312612,0.27,1,78237,77808,429
1830841,2.12314,0.428804,431,164980,0.278522,0.27,1,78239,77808,431
1832481,1.22463,0.0857608,432,164980,0.247704,0.27,1,78240,77808,432
1835401,6.64493,8.01715,430,164980,0.249541,0.27,1,78248,77818,430
1838321,2.92899,1.60343,432,164980,0.217908,0.27,1,78250,77818,432
1841221,3.7858,0.320686,436,164980,0.307582,0.25,1,78254,77818,436
1844141,2.35716,8.86414,427,164980,0.325516,0.25,1,78256,77829,427
1847061,2.07143,1.77283,429,164980,0.297103,0.25,1,78258,77829,429
1849981,2.01429,0.354565,431,164980,0.283421,0.25,1,78260,77829,431
1852241,2.00286,0.0709131,433,164980,0.256684,0.2,1,78262,77829,433
1855161,11.6006,12.0142,432,164980,0.347337,0.2,1,78276,77844,432
1857441,3.92011,2.40284,434,164980,0.333467,0.26,1,78278,77844,434
1860361,7.18402,10.0806,430,164980,0.242693,0.26,1,78286,77856,430
1863061,8.6368,2.01611,439,164980,0.208539,0.17,1,78295,77856,439
1864721,2.52736,6.00322,433,164980,0.185708,0.2,1,78296,77863,433
1867641,5.30547,5.20064,434,166440,0.229142,0.2,1,78302,77868,434
1870341,93.0611,1.04013,549,166440,0.277828,0.25,1,78417,77868,549
1873261,20.2122,101.808,424,166440,0.263566,0.25,1,78419,77995,424
1876181,5.64244,20.3616,426,166440,0.260713,0.25,1,78421,77995,426
1879101,2.72849,4.07232,428,166440,0.332143,0.25,1,78423,77995,428
1881781,6.1457,0.814464,435,166440,0.282429,0.12,1,78430,77995,435
1883441,2.82914,4.96289,431,166440,0.240486,0.18,1,78432,78001,431
1886361,3.76583,5.79258,429,166440,0.200097,0.18,1,78436,78007,429
1889061,141.553,1.15852,605,166440,0.200019,0,1,78612,78007,605
1891981,29.9106,147.432,423,166440,0.168004,0,1,78614,78191,423
1894901,7.58213,29.4863,425,166440,0.193601,0,1,78616,78191,425
1897821,3.11643,5.89727,427,166440,0.16672,0,1,78618,78191,427
1900741,2.22329,1.17945,429,166440,0.177344,0,1,78620,78191,429
1903661,2.04466,0.235891,431,166440,0.147469,0,1,78622,78191,431
1906321,2.00893,0.0471781,433,166440,0.117494,0.02,1,78624,78191,433
1909241,3.60179,3.20944,433,166440,0.0554988,0.02,1,78628,78195,433
1912161,2.32036,0.641887,435,166440,0.0110998,0.02,1,78630,78195,435
1914641,2.06407,0.128377,437,166440,0.00221995,0.23,1,78632,78195,437
1917561,2.01281,7.22568,430,166440,0.00044399,0.23,1,78634,78204,430
1920481,2.00256,1.44514,432,166440,0.176089,0.23,1,78636,78204,432
1923401,2.00051,0.289027,434,166440,0.179218,0.23,1,78638,78204,434
1926081,2.0001,0.0578054,436,166440,0.147844,0.16,1,78640,78204,436
1929001,3.60002,7.21156,431,166440,0.0775687,0.16,1,78644,78213,431
1931921,2.32,1.44231,433,166440,0.0315137,0.16,1,78646,78213,433
1934841,2.064,0.288462,435,166440,0.00630275,0.16,1,78648,78213,435
1936481,1.2128,0.0576925,436,166440,0.177261,0.33,1,78649,78213,436
1939401,5.04256,8.01154,432,166440,0.171452,0.33,1,78655,78223,432
1942321,2.60851,1.60231,434,166440,0.22629,0.33,1,78657,78223,434
1945241,2.1217,0.320462,436,166440,0.205258,0.33,1,78659,78223,436
1947301,6.82434,0.0640923,444,166440,0.153052,0.35,1,78667,78223,444
1950221,2.96487,9.61282,434,166440,0.11061,0.35,1,78669,78235,434
1953121,2.19297,1.92256,436,166440,0.0781221,0.24,1,78671,78235,436
1956041,2.03859,4.38451,433,166440,0.255624,0.24,1,78673,78240,433
1958961,2.00772,0.876902,435,166440,0.291125,0.24,1,78675,78240,435
1961441,2.00154,0.17538,437,166440,0.298225,0.25,1,78677,78240,437
1963521,6.80031,6.43508,437,166440,0.195645,0.35,1,78685,78248,437
1966441,4.56006,6.88702,434,166440,0.271129,0.35,1,78689,78255,434
1969361,2.51201,1.3774,436,166440,0.286226,0.35,1,78691,78255,436
1971841,2.1024,0.275481,438,166440,0.289245,0.25,1,78693,78255,438
1974761,3.62048,7.2551,433,166440,0.305849,0.25,1,78697,78264,433
1977681,2.3241,1.45102,435,166440,0.27717,0.25,1,78699,78264,435
1980601,2.06482,0.290204,437,166440,0.239434,0.25,1,78701,78264,437
1983281,2.01296,0.0580408,439,166440,0.207887,0.2,1,78703,78264,439
1986201,15.6026,20.0116,433,166440,0.281577,0.2,1,78722,78289,433
1989121,4.72052,4.00232,435,166440,0.264315,0.2,1,78724,78289,435
1992021,8.9441,0.800464,445,166440,0.140863,0.24,1,78734,78289,445
1994941,3.38882,10.5601,434,166440,0.140173,0.24,1,78736,78302,434
1997221,5.47776,2.11202,440,166440,0.220035,0.25,1,78742,78302,440
1999301,95.4956,6.8224,550,166440,0.220007,0.27,1,78860,78310,550
2002221,21.4991,97.3645,433,166440,0.196001,0.27,1,78863,78430,433
2005141,5.89982,19.4729,435,166440,0.1592,0.27,1,78865,78430,435
2008061,2.77996,3.89458,437,166440,0.15184,0.27,1,78867,78430,437
2010741,5.35599,0.778916,443,166440,0.206368,0.31,1,78873,78430,443
2013661,2.6712,11.3558,431,166440,0.185274,0.31,1,78875,78444,431
2016561,2.13424,2.27116,433,166440,0.149055,0.11,1,78877,78444,433
2019481,135.627,144.454,422,166440,0.189811,0.11,1,79046,78624,422
2022401,28.7254,28.8908,424,166440,0.269962,0.11,1,79048,78624,424
2025321,7.34507,5.77817,426,166440,0.253992,0.11,1,79050,78624,426
2028241,3.06901,1.15563,428,166440,0.274798,0.11,1,79052,78624,428
2031161,2.2138,0.231127,430,166440,0.24696,0.11,1,79054,78624,430
2034081,2.04276,0.0462253,432,166440,0.201392,0.11,1,79056,78624,432
2035701,2.80855,0.00924507,435,166440,0.152278,0.18,1,79059,78624,435
2038621,2.16171,11.2018,423,166440,0.110456,0.18,1,79061,78638,423
2041541,2.03234,2.24037,425,166440,0.0780911,0.18,1,79063,78638,425
2044461,2.00647,0.448074,427,166440,0.0476182,0.18,1,79065,78638,427
2047381,2.00129,0.0896148,429,166440,0.161524,0.18,1,79067,78638,429
2050301,2.00026,0.017923,431,166440,0.160305,0.18,1,79069,78638,431
2052341,5.20005,0.00358459,437,166440,0.0640609,0.02,1,79075,78638,437
2055261,2.64001,6.40072,431,166440,0.148812,0.02,1,79077,78646,431
2058181,2.128,1.28014,433,166440,0.141762,0.02,1,79079,78646,433
2060661,6.0256,0.256029,440,166440,0.132353,0.21,1,79086,78646,440
2063581,3.60512,12.0512,428,166440,0.114471,0.21,1,79089,78661,428
2066501,2.32102,2.41024,430,166440,0.0788941,0.21,1,79091,78661,430
2069421,2.0642,0.482048,432,166440,0.151779,0.21,1,79093,78661,432
2072341,2.01284,0.0964096,434,166440,0.174356,0.21,1,79095,78661,434
2075261,2.00257,0.0192819,436,166440,0.178871,0.21,1,79097,78661,436
2077301,5.20051,0.00385638,442,166440,0.115774,0.12,1,79103,78661,442
2079381,2.6401,5.60077,437,166440,0.0711548,0.33,1,79105,78668,437
2082301,2.12802,7.52015,431,166440,0.030231,0.33,1,79107,78676,431
2085221,2.0256,1.50403,433,166440,0.00604619,0.33,1,79109,78676,433
2088141,2.00512,0.300806,435,166440,0.169209,0.33,1,79111,78676,435
2090821,6.80102,0.0601612,443,166440,0.0978418,0.17,1,79119,78676,443
2092481,2.1602,7.21203,435,166440,0.0675684,0.31,1,79120,78685,435
2095401,5.23204,11.0424,429,166440,0.173514,0.31,1,79126,78697,429
2098321,2.64641,2.20848,431,166440,0.194703,0.31,1,79128,78697,431
2101241,2.12928,0.441696,433,166440,0.166941,0.31,1,79130,78697,433
2102881,1.22586,0.0883392,434,166440,0.145388,0.18,1,79131,78697,434
2105801,5.04517,7.21767,431,166440,0.117078,0.18,1,79137,78706,431
2108721,2.60903,1.44353,433,166440,0.151416,0.18,1,79139,78706,433
2111641,2.12181,0.288707,435,166440,0.126283,0.18,1,79141,78706,435
2114321,2.02436,0.0577413,437,166440,0.209257,0.16,1,79143,78706,437
2117241,16.4049,20.0115,432,166440,0.137851,0.16,1,79163,78731,432
2119521,4.88097,4.00231,434,166440,0.13957,0.21,1,79165,78731,434
2122441,8.97619,12.8005,429,166440,0.0919141,0.21,1,79175,78746,429
2125361,3.39524,2.56009,431,166440,0.138383,0.21,1,79177,78746,431
2127841,2.27905,0.512018,433,166440,0.179677,0.22,1,79179,78746,433
2130761,97.2558,101.702,427,166440,0.227935,0.22,1,79300,78873,427
2133681,21.0512,20.3405,429,166440,0.205587,0.22,1,79302,78873,429
2136601,5.81023,4.0681,431,166440,0.209117,0.22,1,79304,78873,431
2138241,1.96205,0.813619,432,166440,0.281823,0.2,1,79305,78873,432
2141161,5.19241,10.5627,425,166440,0.264365,0.2,1,79311,78886,425
2144081,2.63848,2.11254,427,166440,0.228873,0.2,1,79313,78886,427
2147001,2.1277,0.422509,429,166440,0.189775,0.2,1,79315,78886,429
2149061,130.826,0.0845018,592,166440,0.181955,0.21,1,79478,78886,592
2151981,27.7651,135.217,425,166440,0.156391,0.21,1,79480,79055,425
2154901,7.15302,27.0434,427,166440,0.127278,0.21,1,79482,79055,427
2157821,3.0306,5.40868,429,166440,0.0894556,0.21,1,79484,79055,429
2160741,2.20612,1.08173,431,166440,0.169891,0.21,1,79486,79055,431
2163621,2.04122,0.216347,433,166440,0.225978,0.21,1,79488,79055,433
2166541,2.00824,8.84327,424,166440,0.213196,0.21,1,79490,79066,424
2169461,2.00165,1.76865,426,166440,0.178639,0.21,1,79492,79066,426
2172381,2.00033,0.353731,428,166440,0.179728,0.21,1,79494,79066,428
2174641,2.00007,0.0707461,430,166440,0.139946,0.04,1,79496,79066,430
2177561,3.60001,7.21415,425,166440,0.219989,0.04,1,79500,79075,425
2180481,2.32,1.44283,427,166440,0.211998,0.04,1,79502,79075,427
2182341,4.464,0.288566,432,166440,0.1224,0.08,1,79507,79075,432
2185261,2.4928,5.65771,427,166440,0.10448,0.08,1,79509,79082,427
2188181,2.09856,1.13154,429,166440,0.068896,0.08,1,79511,79082,429
2190661,5.21971,0.226308,435,166440,0.173779,0.13,1,79517,79082,435
2192741,4.24394,4.84526,433,166440,0.130756,0.17,1,79521,79088,433
2195661,3.24879,9.76905,425,166440,0.226151,0.17,1,79524,79099,425
2198581,2.24976,1.95381,427,166440,0.25323,0.17,1,79526,79099,427
2201501,2.04995,0.390762,429,166440,0.226646,0.17,1,79528,79099,429
2204421,2.00999,0.0781524,431,166440,0.189329,0.17,1,79530,79099,431
2207301,3.602,0.0156305,435,166440,0.213866,0.22,1,79534,79099,435
2210221,2.3204,10.4031,424,166440,0.194773,0.22,1,79536,79112,424
2213141,2.06408,2.08063,426,166440,0.158955,0.22,1,79538,79112,426
2216061,2.01282,0.416125,428,166440,0.119791,0.22,1,79540,79112,428
2218321,2.00256,0.083225,430,166440,0.207958,0.22,1,79542,79112,430
2221241,10.0005,12.0166,427,166440,0.225592,0.22,1,79554,79127,427
2224161,3.6001,2.40333,429,166440,0.237118,0.22,1,79556,79127,429
2227061,3.12002,0.480666,432,166440,0.263424,0.16,1,79559,79127,432
2229981,3.024,4.09613,430,166440,0.284685,0.16,1,79562,79132,430
2232901,2.2048,0.819227,432,166440,0.256937,0.16,1,79564,79132,432
2235381,3.64096,0.163845,436,166440,0.251387,0.25,1,79568,79132,436
2238301,2.32819,8.03277,428,166440,0.250277,0.25,1,79570,79142,428
2241221,2.06564,1.60655,430,166440,0.210055,0.25,1,79572,79142,430
2243701,6.81313,0.321311,438,166440,0.210011,0.21,1,79580,79142,438
2245361,2.16263,9.66426,427,166440,0.202002,0.21,1,79581,79154,427
2248281,13.2325,12.3329,430,167900,0.2084,0.21,1,79597,79167,430
2250561,4.2465,2.46657,432,167900,0.27368,0.19,1,79599,79167,432
2253481,7.2493,10.0933,428,167900,0.246736,0.19,1,79607,79179,428
2255761,3.04986,2.01866,430,167900,0.217347,0.19,1,79609,79179,430
2258681,7.00997,10.0037,426,167900,0.211469,0.19,1,79617,79191,426
2260341,98.202,2.00075,547,167900,0.210294,0.3,1,79738,79191,547
2263261,22.0404,94.8002,432,167900,0.162059,0.3,1,79741,79309,432
2266181,6.00808,18.96,434,167900,0.160412,0.3,1,79743,79309,434
2269101,2.80162,3.79201,436,167900,0.160082,0.3,1,79745,79309,436
2270741,2.96032,0.758401,439,167900,0.216016,0.31,1,79748,79309,439
2273661,2.19206,8.95168,430,167900,0.235203,0.31,1,79750,79320,430
2276581,2.03841,1.79034,432,167900,0.207041,0.31,1,79752,79320,432
2279061,129.208,0.358067,593,167900,0.129408,0.24,1,79913,79320,593
2281981,27.4415,134.472,427,167900,0.145882,0.24,1,79915,79488,427
2284901,7.08831,26.8943,429,167900,0.157176,0.24,1,79917,79488,429
2287821,3.01766,5.37886,431,167900,0.127435,0.24,1,79919,79488,431
2290741,2.20353,1.07577,433,167900,0.0974871,0.24,1,79921,79488,433
2292581,2.84071,0.215155,436,167900,0.0514974,0.21,1,79924,79488,436
2295501,2.16814,11.243,424,167900,0.0582995,0.21,1,79926,79502,424
2298421,2.03363,2.24861,426,167900,0.0276599,0.21,1,79928,79502,426
2301341,2.00673,0.449721,428,167900,0.085532,0.21,1,79930,79502,428
2304261,2.00135,0.0899442,430,167900,0.185106,0.21,1,79932,79502,430
2307181,2.00027,0.0179888,432,167900,0.205021,0.21,1,79934,79502,432
2309221,3.60005,0.00359777,436,167900,0.273004,0.26,1,79938,79502,436
2312141,2.32001,8.00072,428,167900,0.254601,0.26,1,79940,79512,428
2315061,2.064,1.60014,430,167900,0.21892,0.26,1,79942,79512,430
2317981,2.0128,0.320029,432,167900,0.171784,0.26,1,79944,79512,432
2320661,8.40256,0.0640057,442,167900,0.178357,0.25,1,79954,79512,442
2323361,3.28051,8.0128,434,167900,0.147671,0.23,1,79956,79522,434
2326281,2.2561,8.80256,427,167900,0.229534,0.23,1,79958,79531,427
2329201,2.05122,1.76051,429,167900,0.245907,0.23,1,79960,79531,429
2332121,2.01024,0.352102,431,167900,0.217181,0.23,1,79962,79531,431
2334801,2.00205,0.0704205,433,167900,0.211436,0.24,1,79964,79531,433
2337721,3.60041,8.01408,427,167900,0.178287,0.24,1,79968,79541,427
2340641,2.32008,1.60282,429,167900,0.163657,0.24,1,79970,79541,429
2343561,2.06402,0.320563,431,167900,0.136731,0.24,1,79972,79541,431
2346241,2.0128,0.0641127,433,167900,0.0993463,0.19,1,79974,79541,433
2349161,5.20256,4.01282,434,167900,0.179869,0.19,1,79980,79546,434
2350821,6.64051,0.802564,441,167900,0.115974,0.31,1,79987,79546,441
2353741,2.9281,8.96051,432,167900,0.223195,0.31,1,79989,79557,432
2356021,5.38562,1.7921,438,167900,0.244639,0.27,1,79995,79557,438
2358941,2.67712,8.35842,430,167900,0.248928,0.27,1,79997,79567,430
2361861,2.13542,1.67168,432,167900,0.217786,0.27,1,79999,79567,432
2363921,2.02708,0.334337,434,167900,0.179557,0.18,1,80001,79567,434
2366841,2.00542,4.86687,430,167900,0.235911,0.18,1,80003,79573,430
2369761,2.00108,0.973373,432,167900,0.247182,0.18,1,80005,79573,432
2372241,2.00022,0.194675,434,167900,0.225436,0.27,1,80007,79573,434
2375161,8.40004,8.03893,434,169360,0.181087,0.27,1,80017,79583,434
2377861,16.08,1.60779,452,169360,0.172217,0.26,1,80035,79583,452
2380781,4.816,18.7216,431,169360,0.170443,0.26,1,80037,79606,431
2383061,2.5632,3.74431,433,169360,0.138089,0.21,1,80039,79606,433
2385141,10.1126,3.14886,442,169360,0.139618,0.23,1,80051,79609,442
2388061,3.62253,11.0298,431,169360,0.227924,0.23,1,80053,79622,431
2390341,97.5245,2.20595,552,169360,0.157585,0.24,1,80174,79622,552
2393261,21.1049,102.841,426,169360,0.175517,0.24,1,80176,79750,426
2396181,5.82098,20.5682,428,169360,0.147103,0.24,1,80178,79750,428
2399101,2.7642,4.11365,430,169360,0.109421,0.24,1,80180,79750,430
2401361,2.15284,0.822729,432,169360,0.101884,0.12,1,80182,79750,432
2404281,2.03057,6.56455,426,169360,0.100377,0.12,1,80184,79758,426
2407201,2.00611,1.31291,428,169360,0.148075,0.12,1,80186,79758,428
2409061,123.601,0.262582,582,169360,0.181615,0.14,1,80340,79758,582
2411981,26.3202,128.053,424,169360,0.164323,0.14,1,80342,79918,424
2414901,6.86405,25.6105,426,169360,0.168865,0.14,1,80344,79918,426
2417381,10.1728,5.1221,437,169360,0.145773,0.04,1,80355,79918,437
2420301,3.63456,8.22442,430,169360,0.125155,0.04,1,80357,79927,430
2423221,2.32691,1.64488,432,169360,0.0890309,0.04,1,80359,79927,432
2426141,2.06538,0.328977,434,169360,0.0498062,0.04,1,80361,79927,434
2427781,2.81308,0.0657954,437,169360,0.209961,0.25,1,80364,79927,437
2430701,2.16262,10.4132,426,169360,0.209992,0.25,1,80366,79940,426
2433621,2.03252,2.08263,428,169360,0.177998,0.25,1,80368,79940,428
2436541,2.0065,0.416526,430,169360,0.2036,0.25,1,80370,79940,430
2439461,2.0013,0.0833053,432,169360,0.17672,0.25,1,80372,79940,432
2441301,2.00026,0.0166611,434,169360,0.195344,0.16,1,80374,79940,434
2444221,2.80005,4.80333,431,169360,0.159069,0.16,1,80377,79946,431
2447141,2.16001,0.960666,433,169360,0.239814,0.16,1,80379,79946,433
2449621,5.232,0.192133,439,169360,0.199963,0.14,1,80385,79946,439
2451281,1.8464,8.03843,430,169360,0.183993,0.17,1,80386,79956,430
2454201,5.16928,11.2077,424,169360,0.236799,0.17,1,80392,79968,424
2457121,2.63386,2.24154,426,169360,0.23936,0.17,1,80394,79968,426
2460041,2.12677,0.448307,428,169360,0.279872,0.17,1,80396,79968,428
2462961,2.02535,0.0896615,430,169360,0.255974,0.17,1,80398,79968,430
2465841,2.00507,0.0179323,432,169360,0.251195,0.06,1,80400,79968,432
2468761,5.20101,7.20359,429,169360,0.250239,0.06,1,80406,79977,429
2471681,2.6402,1.44072,431,169360,0.218048,0.06,1,80408,79977,431
2474601,2.12804,0.288143,433,169360,0.19561,0.06,1,80410,79977,433
2477281,2.02561,0.0576287,435,169360,0.191122,0.16,1,80412,79977,435
2479361,3.60512,4.01153,434,169360,0.262224,0.26,1,80416,79982,434
2482281,7.12102,8.00231,433,169360,0.196445,0.26,1,80424,79991,433
2484561,3.0242,1.60046,435,169360,0.151289,0.23,1,80426,79991,435
2487481,3.80484,5.92009,432,169360,0.262258,0.23,1,80430,79998,432
2489761,2.36097,1.18402,434,169360,0.260452,0.25,1,80432,79998,434
2492681,2.07219,4.2368,431,169360,0.26009,0.25,1,80434,80003,431
2494961,2.01444,0.847361,433,169360,0.228018,0.23,1,80436,80003,433
2497881,8.40289,8.96947,432,169360,0.229604,0.23,1,80446,80014,432
2500801,3.28058,1.79389,434,169360,0.229921,0.23,1,80448,80014,434
2503281,2.25612,0.358779,436,169360,0.229984,0.19,1,80450,80014,436
2505361,3.65122,4.87176,434,169360,0.197997,0.2,1,80454,80020,434
2508281,15.1302,18.5744,430,169360,0.199599,0.2,1,80472,80042,430
2511201,4.62605,3.71487,432,169360,0.25592,0.2,1,80474,80042,432
2513681,2.52521,0.742974,434,169360,0.235184,0.23,1,80476,80042,434
2516601,13.305,16.1486,430,169360,0.231037,0.23,1,80492,80062,430
2518881,4.26101,3.22972,432,169360,0.270207,0.12,1,80494,80062,432
2521801,90.4522,95.8459,425,169360,0.246041,0.12,1,80606,80181,425
2524721,19.6904,19.1692,427,169360,0.241208,0.12,1,80608,80181,427
2527641,5.53809,3.83384,429,169360,0.240242,0.12,1,80610,80181,429
2529281,1.90762,0.766767,430,169360,0.224048,0.12,1,80611,80181,430
2532201,1.98152,5.75335,425,169360,0.18881,0.12,1,80613,80188,425
2535121,1.9963,1.15067,427,169360,0.149762,0.12,1,80615,80188,427
2537601,1.99926,0.230134,429,169360,0.197952,0.23,1,80617,80188,429
2540521,126.8,130.446,424,169360,0.17559,0.23,1,80775,80351,424
2543441,26.96,26.0892,426,169360,0.227118,0.23,1,80777,80351,426
2545921,6.99199,5.21784,428,169360,0.205424,0.09,1,80779,80351,428
2548841,9.3984,6.64357,431,169360,0.153085,0.09,1,80789,80358,431
2551121,3.47968,1.32871,433,169360,0.118617,0.19,1,80791,80358,433
2554041,5.49594,7.46574,430,169360,0.231723,0.19,1,80797,80367,430
2556961,2.69919,1.49315,432,169360,0.230345,0.19,1,80799,80367,432
2559881,2.13984,0.29863,434,169360,0.198069,0.19,1,80801,80367,434
2561521,1.22797,0.0597259,435,169360,0.175614,0.17,1,80802,80367,435
2564441,3.44559,7.21195,430,169360,0.147123,0.17,1,80806,80376,430
2567361,2.28912,1.44239,432,169360,0.165425,0.17,1,80808,80376,432
2570281,2.05782,0.288478,434,169360,0.137085,0.17,1,80810,80376,434
2571921,1.21156,0.0576956,435,169360,0.115417,0.21,1,80811,80376,435
2574841,5.04231,6.41154,433,169360,0.199083,0.21,1,80817,80384,433
2577761,2.60846,1.28231,435,169360,0.191817,0.21,1,80819,80384,435
2579621,2.92169,0.256462,438,169360,0.150363,0.31,1,80822,80384,438
2582541,2.18434,8.85129,429,169360,0.262073,0.31,1,80824,80395,429
2585461,2.03687,1.77026,431,169360,0.284415,0.31,1,80826,80395,431
2587521,2.00737,0.354052,433,169360,0.256883,0.27,1,80828,80395,433
2590441,6.80147,8.07081,431,169360,0.219377,0.27,1,80836,80405,431
2593361,2.96029,1.61416,433,169360,0.171875,0.27,1,80838,80405,433
2596281,2.19206,0.322832,435,169360,0.130375,0.27,1,80840,80405,435
2598341,3.63841,0.0645665,439,169360,0.234075,0.28,1,80844,80405,439
2601261,2.32768,8.81291,430,169360,0.222815,0.28,1,80846,80416,430
2604181,2.06554,1.76258,432,169360,0.196563,0.28,1,80848,80416,432
2607101,2.01311,0.352516,434,169360,0.215313,0.28,1,80850,80416,434
2609781,7.60262,0.0705033,443,169360,0.179063,0.31,1,80859,80416,443
2612701,3.92052,8.8141,435,169360,0.123813,0.31,1,80862,80427,435
2615601,2.3841,1.76282,437,169360,0.120762,0.26,1,80864,80427,437
2618521,2.07682,5.95256,432,169360,0.208153,0.26,1,80866,80434,432
2620801,2.01536,1.19051,434,169360,0.22563,0.27,1,80868,80434,434
2623721,8.40307,8.2381,434,170820,0.149126,0.27,1,80878,80444,434
2626001,3.28061,1.64762,436,170820,0.141825,0.19,1,80880,80444,436
2628921,3.85612,8.32952,430,170820,0.260365,0.19,1,80884,80454,430
2631841,2.37122,1.6659,432,170820,0.244073,0.19,1,80886,80454,432
2634321,2.07424,0.333181,434,170820,0.248815,0.28,1,80888,80454,434
2636401,10.0148,9.66664,434,170820,0.241763,0.27,1,80900,80466,434
2638481,8.40297,8.33333,434,170820,0.216353,0.26,1,80908,80474,434
2641401,8.08059,8.06667,434,170820,0.179271,0.26,1,80916,80482,434
2644321,3.21612,1.61333,436,170820,0.139854,0.26,1,80918,80482,436
2646181,7.84322,0.322667,445,170820,0.155971,0.31,1,80927,80482,445
2649101,3.16864,11.2645,433,170820,0.175194,0.31,1,80929,80496,433
2651381,90.2337,2.25291,545,170820,0.187039,0.16,1,81041,80496,545
2654301,19.6467,99.6506,423,170820,0.277408,0.16,1,81043,80620,423
2657221,5.52935,19.9301,425,170820,0.263482,0.16,1,81045,80620,425
2660141,2.70587,3.98602,427,170820,0.228696,0.16,1,81047,80620,427
2663061,2.14117,0.797205,429,170820,0.189739,0.16,1,81049,80620,429
2665981,2.02823,0.159441,431,170820,0.269948,0.16,1,81051,80620,431
2668641,2.00565,0.0318882,433,170820,0.25399,0.2,1,81053,80620,433
2671561,131.601,132.806,431,170820,0.170798,0.2,1,81217,80786,431
2674481,27.9202,26.5613,433,170820,0.12216,0.2,1,81219,80786,433
2676961,7.18404,5.31225,435,170820,0.0804319,0.26,1,81221,80786,435
2679881,4.63681,9.86245,428,170820,0.176086,0.26,1,81225,80797,428
2682161,2.52736,1.97249,430,170820,0.203217,0.14,1,81227,80797,430
2685081,5.30547,7.5945,427,170820,0.232643,0.14,1,81233,80806,427
2688001,2.66109,1.5189,429,170820,0.198529,0.14,1,81235,80806,429
2690921,2.13222,0.30378,431,170820,0.159706,0.14,1,81237,80806,431
2692561,1.22644,0.060756,432,170820,0.135941,0.15,1,81238,80806,432
2695481,3.44529,5.61215,429,170820,0.179188,0.15,1,81242,80813,429
2698401,2.28906,1.12243,431,170820,0.163838,0.15,1,81244,80813,431
2701321,2.05781,0.224486,433,170820,0.128768,0.15,1,81246,80813,433
2702961,1.21156,0.0448972,434,170820,0.129754,0.29,1,81247,80813,434
2705881,5.04231,8.80898,429,170820,0.193951,0.29,1,81253,80824,429
2708801,2.60846,1.7618,431,170820,0.18279,0.29,1,81255,80824,431
2711701,3.72169,0.352359,435,170820,0.236558,0.2,1,81259,80824,435
2714621,2.34434,6.47047,429,170820,0.247312,0.2,1,81261,80832,429
2717541,2.06887,1.29409,431,170820,0.217462,0.2,1,81263,80832,431
2720021,5.21377,0.258819,437,170820,0.211492,0.14,1,81269,80832,437
2722941,2.64275,5.65176,432,170820,0.186299,0.14,1,81271,80839,432
2725221,3.72855,1.13035,436,170820,0.22926,0.22,1,81275,80839,436
2728141,2.34571,5.82607,431,170820,0.237852,0.22,1,81277,80846,431
2730421,4.46914,1.16521,436,170820,0.15957,0.18,1,81282,80846,436
2733341,3.29383,6.63304,431,170820,0.127914,0.18,1,81285,80854,431
2736261,2.25877,1.32661,433,170820,0.169583,0.18,1,81287,80854,433
2738741,5.25175,0.265322,439,170820,0.153917,0.13,1,81293,80854,439
2740401,1.85035,5.65306,433,170820,0.134783,0.27,1,81294,80861,433
2743321,5.17007,9.13061,429,170820,0.0829567,0.27,1,81300,80871,429
2746241,2.63401,1.82612,431,170820,0.224591,0.27,1,81302,80871,431
2749161,2.1268,0.365224,433,170820,0.220918,0.27,1,81304,80871,433
2751841,2.02536,0.0730449,435,170820,0.244184,0.26,1,81306,80871,435
2754761,6.80507,12.8146,427,170820,0.184837,0.26,1,81314,80887,427
2757681,2.96101,2.56292,429,170820,0.140967,0.26,1,81316,80887,429
2760601,2.1922,0.512584,431,170820,0.140193,0.26,1,81318,80887,431
2762241,1.23844,0.102517,432,170820,0.124039,0.2,1,81319,80887,432
2765161,5.04769,4.0205,433,170820,0.200808,0.2,1,81325,80892,433
2766821,8.20954,0.804101,442,170820,0.192162,0.29,1,81334,80892,442
2768901,11.2419,9.76082,442,170820,0.174432,0.13,1,81346,80904,442
2771601,3.84838,13.1522,430,170820,0.218886,0.17,1,81348,80918,430
2774521,11.9697,14.6304,429,170820,0.235777,0.17,1,81362,80933,429
2777441,3.99394,2.92609,431,170820,0.247155,0.17,1,81364,80933,431
2779921,2.39879,0.585217,433,170820,0.257431,0.18,1,81366,80933,433
2782841,90.0798,92.917,429,170820,0.179486,0.18,1,81478,81049,429
2785761,19.616,18.5834,431,170820,0.139897,0.18,1,81480,81049,431
2788681,5.52319,3.71668,433,170820,0.131979,0.18,1,81482,81049,433
2790321,1.90464,0.743336,434,170820,0.114396,0.25,1,81483,81049,434
2793241,6.78093,9.74867,430,170820,0.166879,0.25,1,81491,81061,430
2796161,2.95619,1.94973,432,170820,0.145376,0.25,1,81493,81061,432
2799081,2.19124,0.389947,434,170820,0.141075,0.25,1,81495,81061,434
2801141,123.638,0.0779893,588,170820,0.164215,0.07,1,81649,81061,588
2804061,26.3276,128.016,430,170820,0.144843,0.07,1,81651,81221,430
2806341,10.0655,25.6031,436,170820,0.212969,0.25,1,81657,81221,436
2809261,3.61311,13.1206,428,170820,0.186594,0.25,1,81659,81231,428
2812181,2.32262,2.62412,430,170820,0.173319,0.25,1,81661,81231,430
2814661,4.46452,0.524825,435,170820,0.186664,0.1,1,81666,81231,435
2817581,3.2929,6.50497,430,170820,0.141333,0.1,1,81669,81239,430
2820501,2.25858,1.30099,432,170820,0.116267,0.1,1,81671,81239,432
2823421,2.05172,0.260199,434,170820,0.0792533,0.1,1,81673,81239,434
2825061,1.21034,0.0520397,435,170820,0.0478507,0.13,1,81674,81239,435
2827981,1.84207,6.41041,429,170820,0.16957,0.13,1,81676,81247,429
2830901,1.96841,1.28208,431,170820,0.193914,0.13,1,81678,81247,431
2833381,5.99368,0.256416,438,170820,0.134783,0.25,1,81685,81247,438
2836301,3.59874,8.05128,431,170820,0.186957,0.25,1,81688,81257,431
2839201,2.31975,1.61026,433,170820,0.173391,0.18,1,81690,81257,433
2842121,2.06395,5.92205,428,170820,0.178678,0.18,1,81692,81264,428
2845041,2.01279,1.18441,430,170820,0.179736,0.18,1,81694,81264,430
2847961,2.00256,0.236882,432,170820,0.251947,0.18,1,81696,81264,432
2850021,5.20051,0.0473764,438,170820,0.162389,0.24,1,81702,81264,438
2852941,2.6401,8.80948,429,170820,0.112478,0.24,1,81704,81275,429
2855221,8.52802,1.76189,439,170820,0.206496,0.17,1,81714,81275,439
2858141,3.3056,12.3524,426,170820,0.193299,0.17,1,81716,81290,426
2861061,2.26112,2.47048,428,170820,0.15066,0.17,1,81718,81290,428
2863981,2.05222,0.494095,430,170820,0.142132,0.17,1,81720,81290,430
2866901,2.01044,0.098819,432,170820,0.164426,0.17,1,81722,81290,432
2868741,2.80209,0.0197638,435,170820,0.192885,0.13,1,81725,81290,435
2870821,5.36042,3.20395,437,170820,0.110577,0.28,1,81731,81294,437
2873521,2.67208,6.24079,432,170820,0.0701154,0.23,1,81733,81301,432
2876441,5.33442,7.64816,430,170820,0.198023,0.23,1,81739,81309,430
2879361,2.66688,1.52963,432,170820,0.223605,0.23,1,81741,81309,432
2882281,2.13338,0.305926,434,170820,0.196721,0.23,1,81743,81309,434
2884341,3.62668,0.0611853,438,170820,0.207344,0.14,1,81747,81309,438
2887261,2.32534,7.21224,431,170820,0.217469,0.14,1,81749,81318,431
2889541,7.66507,1.44245,440,170820,0.163494,0.21,1,81758,81318,440
2892461,3.93301,10.6885,430,170820,0.112699,0.21,1,81761,81331,430
2895361,2.3866,2.1377,432,170820,0.19054,0.23,1,81763,81331,432
2897441,8.47732,8.42754,432,170820,0.118108,0.23,1,81773,81341,432
2899521,5.69546,7.28551,430,170820,0.0956216,0.21,1,81778,81348,430
2902441,9.93909,7.0571,434,170820,0.107124,0.21,1,81789,81355,434
2904101,11.5878,1.41142,446,170820,0.181425,0.25,1,81801,81355,446
2907021,4.71756,13.0823,433,170820,0.188285,0.25,1,81804,81371,433
2909941,2.54351,2.61646,435,170820,0.181657,0.25,1,81806,81371,435
2912421,86.1087,0.523291,542,170820,0.108331,0.07,1,81913,81371,542
2915341,18.8217,91.3047,430,170820,0.165666,0.07,1,81915,81485,430
2918261,5.36435,18.2609,432,170820,0.169133,0.07,1,81917,81485,432
2921181,2.67287,3.65219,434,170820,0.137827,0.07,1,81919,81485,434
2922821,4.53457,0.730437,439,170820,0.0835653,0.14,1,81924,81485,439
2925741,2.50691,8.14609,431,170820,0.0487131,0.14,1,81926,81495,431
2928021,6.10138,1.62922,438,170820,0.153743,0.26,1,81933,81495,438
2929681,2.82028,5.12584,434,170820,0.142749,0.22,1,81935,81501,434
2932601,122.964,132.225,423,170820,0.14055,0.22,1,82088,81665,423
2935521,26.1928,26.445,425,170820,0.10811,0.22,1,82090,81665,425
2938441,6.83856,5.28901,427,170820,0.101622,0.22,1,82092,81665,427
2941361,2.96771,1.0578,429,170820,0.236324,0.22,1,82094,81665,429
2943201,1.39354,0.21156,430,170820,0.247265,0.15,1,82095,81665,430
2945281,3.47871,2.44231,431,170820,0.225453,0.2,1,82099,81668,431
2948201,3.89574,6.88846,427,170820,0.157091,0.2,1,82103,81676,427
2951121,2.37915,1.37769,429,170820,0.135418,0.2,1,82105,81676,429
2954041,2.07583,0.275538,431,170820,0.131084,0.2,1,82107,81676,431
2955681,1.21517,0.0551077,432,170820,0.266217,0.14,1,82108,81676,432
2958601,5.04303,6.41102,430,170820,0.237243,0.14,1,82114,81684,430
2961521,2.60861,1.2822,432,170820,0.199449,0.14,1,82116,81684,432
2963381,2.92172,0.256441,435,170820,0.27189,0.27,1,82119,81684,435
2966301,2.18434,9.65129,425,170820,0.286378,0.27,1,82121,81696,425
2969221,2.03687,1.93026,427,170820,0.289276,0.27,1,82123,81696,427
2972141,2.00737,0.386051,429,170820,0.249855,0.27,1,82125,81696,429
2975061,2.00147,0.0772103,431,170820,0.217971,0.27,1,82127,81696,431
2976901,4.40029,0.0154421,436,170820,0.259594,0.12,1,82132,81696,436
2979821,2.48006,5.60309,431,170820,0.243919,0.12,1,82134,81703,431
2982101,8.49601,1.12062,441,170820,0.264784,0.23,1,82144,81703,441
2983761,2.4992,9.02412,431,170820,0.252957,0.2,1,82145,81714,431
2986681,3.69984,10.6048,424,170820,0.314591,0.2,1,82149,81725,424
2989601,2.33997,2.12096,426,170820,0.294918,0.2,1,82151,81725,426
2992521,2.06799,0.424193,428,170820,0.290984,0.2,1,82153,81725,428
2995441,2.0136,0.0848386,430,170820,0.258197,0.2,1,82155,81725,430
2997281,1.20272,0.0169677,431,170820,0.235639,0.19,1,82156,81725,431
2999361,1.84054,0.803394,432,170820,0.239128,0.08,1,82158,81726,432
3002281,6.76811,6.56068,432,170820,0.175826,0.08,1,82166,81734,432
3004561,2.95362,1.31214,434,170820,0.139165,0.19,1,82168,81734,434
3007481,3.79072,7.46243,429,170820,0.299833,0.19,1,82172,81743,429
3009761,2.35814,1.49249,431,170820,0.307967,0.18,1,82174,81743,431
3012681,5.27163,6.6985,429,170820,0.309593,0.18,1,82180,81751,429
3015601,2.65433,1.3397,431,170820,0.317919,0.18,1,82182,81751,431
3018081,2.13087,0.26794,433,170820,0.287584,0.14,1,82184,81751,433
3021001,10.0262,16.0536,425,170820,0.257517,0.14,1,82196,81771,425
3023921,3.60523,3.21072,427,170820,0.251503,0.14,1,82198,81771,427
3026401,2.32105,0.642143,429,170820,0.242301,0.09,1,82200,81771,429
3029321,7.66421,7.32843,429,170820,0.28046,0.09,1,82209,81780,429
3032021,15.1328,1.46569,446,170820,0.312092,0.24,1,82226,81780,446
3034101,8.62657,13.0931,437,170820,0.326418,0.2,1,82233,81796,437
3036181,6.52531,8.21863,436,170820,0.265284,0.2,1,82239,81803,436
3039101,2.90506,9.64373,428,170820,0.253057,0.2,1,82241,81813,428
3040961,1.38101,1.92874,429,170820,0.266611,0.19,1,82242,81813,429
3043881,78.6762,82.7858,424,170820,0.293322,0.19,1,82340,81916,424
3046161,17.3352,16.5571,426,170820,0.266664,0.19,1,82342,81916,426
3049081,16.267,16.1114,426,170820,0.157333,0.19,1,82358,81932,426
3052001,4.85341,3.22229,428,170820,0.135467,0.19,1,82360,81932,428
3054921,2.57068,0.644457,430,170820,0.219093,0.19,1,82362,81932,430
3056561,1.31414,0.128891,431,170820,0.275819,0.2,1,82363,81932,431
3059481,13.0628,12.8258,431,170820,0.303164,0.2,1,82379,81948,431
3062181,119.413,2.56516,577,170820,0.156633,0.25,1,82525,81948,577
3065101,25.4825,119.713,430,170820,0.0953266,0.25,1,82527,82097,430
3068021,6.6965,23.9426,432,170820,0.0750653,0.25,1,82529,82097,432
3070941,2.9393,4.78852,434,170820,0.183013,0.25,1,82531,82097,434
3073861,2.18786,0.957704,436,170820,0.180603,0.25,1,82533,82097,436
3075701,1.23757,0.191541,437,170820,0.204121,0.18,1,82534,82097,437
3077781,3.44751,3.23831,437,170820,0.136824,0.3,1,82538,82101,437
3080701,2.2895,6.24766,432,170820,0.0913648,0.3,1,82540,82108,432
3083621,2.0579,1.24953,434,170820,0.050273,0.3,1,82542,82108,434
3086101,6.81158,0.249906,442,170820,0.154055,0.29,1,82550,82108,442
3089021,2.96232,10.45,431,170820,0.206811,0.29,1,82552,82121,431
3091941,2.19246,2.09,433,170820,0.185362,0.29,1,82554,82121,433
3094001,2.03849,0.417999,435,170820,0.181072,0.22,1,82556,82121,435
3096921,3.6077,5.6836,432,170820,0.188214,0.22,1,82560,82128,432
3099841,2.32154,1.13672,434,170820,0.237643,0.22,1,82562,82128,434
3102761,2.06431,0.227344,436,170820,0.215529,0.22,1,82564,82128,436
3105441,2.01286,0.0454688,438,170820,0.187106,0.35,1,82566,82128,438
3108361,6.80257,8.00909,436,170820,0.213421,0.35,1,82574,82138,436
3110641,2.96051,1.60182,438,170820,0.178684,0.33,1,82576,82138,438
3113561,5.3921,9.12036,433,172280,0.251737,0.33,1,82582,82149,433
3116261,6.67842,1.82407,440,172280,0.234347,0.23,1,82589,82149,440
3119181,3.73568,9.96481,431,172280,0.206869,0.23,1,82592,82161,431
3122101,2.34714,1.99296,433,172280,0.225374,0.23,1,82594,82161,433
3125021,2.06943,0.398593,435,172280,0.197075,0.23,1,82596,82161,435
3127941,2.01389,0.0797185,437,172280,0.223415,0.23,1,82598,82161,437
3130401,2.00278,0.0159437,439,172280,0.228683,0.15,1,82600,82161,439
3132481,3.60056,4.80319,437,172280,0.189737,0.13,1,82604,82167,437
3135401,3.92011,3.36064,438,172280,0.125947,0.13,1,82608,82170,438
3137061,3.98402,0.672128,442,172280,0.209189,0.31,1,82612,82170,442
3139981,3.1968,6.53443,437,172280,0.185838,0.31,1,82615,82178,437
3142261,8.63936,1.30689,447,172280,0.213168,0.28,1,82625,82178,447
3145181,3.32787,11.4614,435,172280,0.186634,0.28,1,82627,82192,435
3148101,2.26557,2.29228,437,172280,0.181327,0.28,1,82629,82192,437
3150581,3.65311,0.458455,441,172280,0.260265,0.25,1,82633,82192,441
3152661,3.13062,4.89169,438,172280,0.260053,0.36,1,82636,82198,438
3155581,3.02612,5.77834,435,172280,0.212011,0.36,1,82639,82204,435
3157441,1.40522,1.15567,436,172280,0.186402,0.25,1,82640,82204,436
3159521,5.08105,5.83113,435,172280,0.20528,0.28,1,82646,82211,435
3162441,23.4162,21.9662,437,172280,0.257056,0.28,1,82674,82237,437
3164721,6.28324,4.39325,439,172280,0.267411,0.29,1,82676,82237,439
3167641,7.65665,12.0786,433,172280,0.213482,0.29,1,82684,82251,433
3170561,3.13133,2.41573,435,172280,0.170696,0.29,1,82686,82251,435
3173461,80.6263,0.483146,535,172280,0.106139,0.22,1,82786,82251,535
3176381,17.7253,80.8966,436,172280,0.117228,0.22,1,82788,82352,436
3178661,10.7451,16.1793,445,172280,0.191446,0.33,1,82797,82352,445
3181581,4.54901,14.4359,434,172280,0.158289,0.33,1,82800,82366,434
3184501,2.5098,2.88717,436,172280,0.151658,0.33,1,82802,82366,436
3187421,2.10196,0.577435,438,172280,0.158332,0.33,1,82804,82366,438
3189061,14.0204,0.115487,455,172280,0.207666,0.33,1,82821,82366,455
3191141,112.404,17.6231,570,172280,0.169533,0.14,1,82958,82388,570
3194061,24.0808,122.725,423,172280,0.185907,0.14,1,82960,82537,423
3196981,6.41616,24.5449,425,172280,0.157181,0.14,1,82962,82537,425
3199901,2.88323,4.90898,427,172280,0.151436,0.14,1,82964,82537,427
3202821,2.17665,0.981797,429,172280,0.182287,0.14,1,82966,82537,429
3205741,2.03533,0.196359,431,172280,0.156457,0.14,1,82968,82537,431
3207781,2.00707,0.0392719,433,172280,0.119291,0.08,1,82970,82537,433
3209861,9.20141,2.40785,441,172280,0.0238583,0.18,1,82981,82540,441
3212781,3.44028,8.48157,433,172280,0.196772,0.18,1,82983,82550,433
3214641,1.48806,1.69631,434,172280,0.215354,0.18,1,82984,82550,434
3217561,1.89761,5.13926,430,172280,0.219071,0.18,1,82986,82556,430
3220481,1.97952,1.02785,432,172280,0.275814,0.18,1,82988,82556,432
3222961,1.9959,0.20557,434,172280,0.287163,0.25,1,82990,82556,434
3225881,3.59918,4.84111,432,172280,0.249433,0.25,1,82994,82562,432
3228581,4.71984,0.968223,437,172280,0.169887,0.27,1,82999,82562,437
3231501,3.34397,5.79364,433,172280,0.145977,0.27,1,83002,82569,433
3234421,2.26879,1.15873,435,172280,0.109195,0.27,1,83004,82569,435
3236481,2.05376,0.231746,437,172280,0.0698391,0.27,1,83006,82569,437
3239401,6.81075,10.4463,432,172280,0.173968,0.27,1,83014,82582,432
3241681,2.96215,2.08927,434,172280,0.162794,0.26,1,83016,82582,434
3243761,3.79243,4.41785,433,172280,0.264559,0.23,1,83020,82587,433
3246681,5.55849,9.68357,428,172280,0.252912,0.23,1,83026,82598,428
3249601,2.7117,1.93671,430,172280,0.250582,0.23,1,83028,82598,430
3252521,2.14234,0.387343,432,172280,0.218116,0.23,1,83030,82598,432
3255201,2.02847,0.0774686,434,172280,0.219623,0.13,1,83032,82598,434
3258121,5.20569,7.21549,431,172280,0.123925,0.13,1,83038,82607,431
3261041,2.64114,1.4431,433,172280,0.184785,0.13,1,83040,82607,433
3263521,2.12823,0.28862,435,172280,0.164957,0.27,1,83042,82607,435
3266441,10.0256,12.0577,432,172280,0.264991,0.27,1,83054,82622,432
3269361,3.60513,2.41154,434,172280,0.284998,0.27,1,83056,82622,434
3272261,5.52103,0.482309,440,172280,0.329,0.29,1,83062,82622,440
3275181,2.70421,8.09646,432,172280,0.3058,0.29,1,83064,82632,432
3278101,2.14084,1.61929,434,172280,0.27716,0.29,1,83066,82632,434
3280581,3.62817,0.323858,438,172280,0.287432,0.18,1,83070,82632,438
3283501,2.32563,6.46477,432,172280,0.297486,0.18,1,83072,82640,432
3286401,2.06513,1.29295,434,172280,0.267497,0.25,1,83074,82640,434
3289321,5.21303,9.05859,429,172280,0.181499,0.25,1,83080,82651,429
3292021,21.8426,1.81172,455,172280,0.2283,0.25,1,83106,82651,455
3294941,6.76852,21.1623,432,172280,0.22166,0.25,1,83109,82677,432
3297221,7.7537,4.23247,440,172280,0.252332,0.27,1,83117,82677,440
3300141,3.15074,11.2465,429,172280,0.226466,0.27,1,83119,82690,429
3302421,86.2301,2.2493,536,172280,0.109293,0.21,1,83226,82690,536
3305341,19.646,86.0499,432,172280,0.189859,0.21,1,83229,82797,432
3307201,4.72921,17.21,433,172280,0.221972,0.25,1,83230,82797,433
3310121,5.74584,12.242,428,172280,0.244394,0.25,1,83236,82808,428
3313041,2.74917,2.4484,430,172280,0.248879,0.25,1,83238,82808,430
3315961,2.14983,0.48968,432,172280,0.209776,0.25,1,83240,82808,432
3317601,1.22997,0.0979359,433,172280,0.185955,0.1,1,83241,82808,433
3319681,13.846,18.4196,427,172280,0.229191,0.08,1,83258,82831,427
3322601,111.569,116.484,422,172280,0.197838,0.08,1,83394,82972,422
3325521,23.9138,23.2968,424,172280,0.215568,0.08,1,83396,82972,424
3328441,6.38277,4.65936,426,172280,0.187114,0.08,1,83398,82972,426
3331361,2.87655,0.931871,428,172280,0.157423,0.08,1,83400,82972,428
3334281,2.17531,0.186374,430,172280,0.119485,0.08,1,83402,82972,430
3337201,2.03506,0.0372748,432,172280,0.0798969,0.08,1,83404,82972,432
3339861,10.007,0.00745497,444,172280,0.0159794,0.24,1,83416,82972,444
3341941,6.0014,8.80149,438,172280,0.147196,0.21,1,83421,82983,438
3344861,3.60028,12.1603,428,172280,0.157439,0.21,1,83424,82996,428
3347781,2.32006,2.43206,430,172280,0.215488,0.21,1,83426,82996,430
3350701,2.06401,0.486412,432,172280,0.195098,0.21,1,83428,82996,432
3353621,2.0128,0.0972824,434,172280,0.19102,0.21,1,83430,82996,434
3356081,2.00256,0.0194565,436,172280,0.198204,0.06,1,83432,82996,436
3359001,3.60051,8.00389,430,172280,0.135641,0.06,1,83436,83006,430
3361921,2.3201,1.60078,432,172280,0.0911282,0.06,1,83438,83006,432
3364841,2.06402,0.320156,434,172280,0.178226,0.06,1,83440,83006,434
3366901,6.8128,0.0640311,442,172280,0.195645,0.23,1,83448,83006,442
3368981,6.16256,5.61281,441,172280,0.143129,0.25,1,83454,83013,441
3371901,2.83251,13.1226,428,172280,0.228626,0.25,1,83456,83028,428
3374821,2.1665,2.62451,430,172280,0.245725,0.25,1,83458,83028,430
3376881,2.0333,0.524902,432,172280,0.209145,0.2,1,83460,83028,432
3379801,6.80666,9.70498,428,172280,0.217829,0.2,1,83468,83040,428
3382721,2.96133,1.941,430,172280,0.195566,0.2,1,83470,83040,430
3385641,2.19227,0.388199,432,172280,0.191113,0.2,1,83472,83040,432
3388321,2.03845,0.0776398,434,172280,0.166223,0.16,1,83474,83040,434
3391241,2.00769,1.61553,434,172280,0.161245,0.16,1,83476,83042,434
3392901,5.20154,0.323106,440,172280,0.144249,0.17,1,83482,83042,440
3394561,2.64031,4.06462,437,172280,0.18085,0.36,1,83484,83047,437
3397481,5.32806,8.81292,433,172280,0.18817,0.36,1,83490,83057,433
3399761,2.66561,1.76258,435,172280,0.213634,0.2,1,83492,83057,435
3402681,10.1331,17.1525,426,172280,0.202727,0.2,1,83504,83078,426
3405601,3.62662,3.4305,428,172280,0.200545,0.2,1,83506,83078,428
3408521,2.32532,0.686101,430,172280,0.256109,0.2,1,83508,83078,430
3411441,2.06506,0.13722,432,172280,0.267222,0.2,1,83510,83078,432
3414361,2.01301,0.027444,434,172280,0.269444,0.2,1,83512,83078,434
3417281,2.0026,0.0054888,436,172280,0.245889,0.2,1,83514,83078,436
3418901,2.00052,0.00109776,438,172280,0.209178,0.11,1,83516,83078,438
3420981,25.2001,4.00022,464,172280,0.233836,0.27,1,83547,83083,464
3423901,6.64002,27.2,433,172280,0.206767,0.27,1,83549,83116,433
3425761,2.128,5.44001,434,172280,0.217353,0.23,1,83550,83116,434
3428681,2.0256,8.288,427,172280,0.219471,0.23,1,83552,83125,427
3430961,2.00512,1.6576,429,172280,0.187894,0.26,1,83554,83125,429
3433881,87.601,86.7315,430,172280,0.237579,0.26,1,83663,83233,430
3436801,19.1202,17.3463,432,172280,0.247516,0.26,1,83665,83233,432
3439701,10.224,3.46926,440,172280,0.193503,0.27,1,83673,83233,440
3442621,3.64481,10.2939,430,172280,0.150701,0.27,1,83675,83245,430
3445541,2.32896,2.05877,432,172280,0.11014,0.27,1,83677,83245,432
3448461,2.06579,0.411754,434,172280,0.134028,0.27,1,83679,83245,434
3450101,14.8132,0.0823508,452,172280,0.0908056,0.31,1,83697,83245,452
3452181,108.563,16.8165,563,172280,0.114161,0.02,1,83829,83266,563
3455101,23.3125,116.163,424,172280,0.0868322,0.02,1,83831,83407,424
3458021,6.2625,23.2327,426,172280,0.0493664,0.02,1,83833,83407,426
3460941,2.8525,4.64653,428,172280,0.00987329,0.02,1,83835,83407,428
3463861,2.1705,0.929306,430,172280,0.0179747,0.02,1,83837,83407,430
3466781,2.0341,0.185861,432,172280,0.0275949,0.02,1,83839,83407,432
3468821,11.6068,0.0371722,446,172280,0.037519,0.19,1,83853,83407,446
3471741,3.92136,16.8074,427,172280,0.167504,0.19,1,83855,83428,427
3474661,2.38427,3.36149,429,172280,0.169501,0.19,1,83857,83428,429
3477581,2.07685,0.672297,431,172280,0.1379,0.19,1,83859,83428,431
3480261,2.01537,0.134459,433,172280,0.12358,0.2,1,83861,83428,433
3483181,2.00307,3.22689,431,172280,0.120716,0.2,1,83863,83432,431
3485461,3.60061,0.645378,435,172280,0.0641432,0.12,1,83867,83432,435
3487121,1.52012,3.32908,432,172280,0.0928286,0.23,1,83868,83436,432
3490041,5.10402,7.06582,430,172280,0.0665657,0.23,1,83874,83444,430
3492961,2.6208,1.41316,432,172280,0.181313,0.23,1,83876,83444,432
3495441,2.12416,0.282633,434,172280,0.180263,0.17,1,83878,83444,434
3497521,6.82483,6.45653,434,172280,0.196053,0.27,1,83886,83452,434
3500441,2.96497,5.29131,431,172280,0.167211,0.27,1,83888,83457,431
3502721,2.19299,1.05826,433,172280,0.161442,0.19,1,83890,83457,433
3505641,5.2386,10.6117,426,172280,0.120288,0.19,1,83896,83470,426
3508561,2.64772,2.12233,428,172280,0.0800577,0.19,1,83898,83470,428
3511461,2.12954,0.424466,430,172280,0.128012,0.17,1,83900,83470,430
3514381,2.02591,2.48489,429,172280,0.137602,0.17,1,83902,83473,429
3516241,1.20518,0.496979,430,172280,0.12352,0.16,1,83903,83473,430
3519161,6.64104,6.4994,430,172280,0.104704,0.16,1,83911,83481,430
3521441,2.92821,1.29988,432,172280,0.0689408,0.15,1,83913,83481,432
3524361,6.98564,5.85998,433,172280,0.125788,0.15,1,83921,83488,433
3527061,6.19713,1.172,439,172280,0.129158,0.21,1,83927,83488,439
3529981,2.83943,6.6344,433,172280,0.137832,0.21,1,83929,83496,433
3532261,8.56789,1.32688,443,172280,0.139566,0.16,1,83939,83496,443
3535181,3.31358,17.8654,423,172280,0.107913,0.16,1,83941,83518,423
3538101,2.26272,3.57308,425,172280,0.101583,0.16,1,83943,83518,425
3541021,2.05254,0.714615,427,172280,0.100317,0.16,1,83945,83518,427
3543941,2.01051,0.142923,429,172280,0.108063,0.16,1,83947,83518,429
3546861,2.0021,0.0285846,431,172280,0.181613,0.16,1,83949,83518,431
3549521,2.00042,0.00571692,433,172280,0.164323,0.14,1,83951,83518,433
3552441,26.8001,32.0011,426,172280,0.192865,0.14,1,83984,83558,426
3555361,6.96002,6.40023,428,172280,0.198573,0.14,1,83986,83558,428
3558281,2.992,1.28005,430,172280,0.167715,0.14,1,83988,83558,430
3561201,2.1984,0.256009,432,172280,0.169543,0.14,1,83990,83558,432
3563461,87.6397,0.0512018,541,172280,0.225909,0.25,1,84099,83558,541
3566381,19.1279,89.6102,431,172280,0.245182,0.25,1,84101,83670,431
3568661,7.02559,17.922,435,172280,0.265036,0.1,1,84105,83670,435
3571581,3.00512,9.18441,430,172280,0.237007,0.1,1,84107,83677,430
3573441,1.40102,1.83688,431,172280,0.223401,0.21,1,84108,83677,431
3576361,3.4802,9.16738,424,172280,0.18868,0.21,1,84112,83688,424
3578641,2.29604,1.83348,426,172280,0.181736,0.19,1,84114,83688,426
3580721,25.2592,19.5667,433,172280,0.228347,0.06,1,84145,83712,433
3583641,97.8518,99.9133,429,172280,0.245669,0.06,1,84261,83832,429
3585921,21.1704,19.9827,431,172280,0.217134,0.21,1,84263,83832,431
3588841,9.03407,12.7965,426,172280,0.219427,0.21,1,84269,83843,426
3591761,3.40681,2.55931,428,172280,0.187885,0.21,1,84271,83843,428
3594681,2.28136,0.511861,430,172280,0.213577,0.21,1,84273,83843,430
3597361,2.05627,0.102372,432,172280,0.218715,0.17,1,84275,83843,432
3600281,5.21125,11.2205,424,172280,0.163743,0.17,1,84281,83857,424
3602561,2.64225,2.24409,426,172280,0.128749,0.1,1,84283,83857,426
3605481,5.32845,6.04882,425,172280,0.21775,0.1,1,84289,83864,425
3608401,2.66569,1.20976,427,172280,0.20355,0.1,1,84291,83864,427
3611321,2.13314,0.241953,429,172280,0.24071,0.1,1,84293,83864,429
3614001,2.02663,0.0483905,431,172280,0.216142,0.23,1,84295,83864,431
3616921,6.80533,8.80968,428,172280,0.0752284,0.23,1,84303,83875,428
3619841,2.96107,1.76194,430,172280,0.183046,0.23,1,84305,83875,430
3621701,6.19221,0.352387,437,172280,0.268609,0.16,1,84312,83875,437
3624621,2.83844,10.4705,426,172280,0.253722,0.16,1,84314,83888,426
3627541,2.16769,2.0941,428,172280,0.210744,0.16,1,84316,83888,428
3630021,5.23354,0.418819,434,172280,0.258149,0.09,1,84322,83888,434
3632941,2.64671,7.28376,427,172280,0.23563,0.09,1,84324,83897,427
3635841,2.12934,1.45675,429,172280,0.191126,0.14,1,84326,83897,429
3638761,5.22587,9.89135,423,172280,0.158225,0.14,1,84332,83909,423
3641681,2.64517,1.97827,425,172280,0.119645,0.14,1,84334,83909,425
3644601,2.12903,0.395654,427,172280,0.199929,0.14,1,84336,83909,427
3647281,2.02581,0.0791308,429,172280,0.215986,0.06,1,84338,83909,429
3649361,2.00516,3.21583,427,172280,0.291197,0.13,1,84340,83913,427
3652281,11.601,11.8432,427,172280,0.186239,0.13,1,84354,83927,427
3654561,3.92021,2.36863,429,172280,0.165248,0.15,1,84356,83927,429
3657481,8.78404,9.27373,428,172280,0.16105,0.15,1,84366,83938,428
3660401,3.35681,1.85475,430,172280,0.18421,0.15,1,84368,83938,430
3662261,1.47136,0.370949,431,172280,0.172842,0.12,1,84369,83938,431
3665181,1.89427,3.27419,429,172280,0.234568,0.12,1,84371,83942,429
3667461,3.57885,0.654838,433,172280,0.246914,0.19,1,84375,83942,433
3670381,2.31577,8.93097,424,172280,0.225383,0.19,1,84377,83953,424
3673301,2.06315,1.78619,426,172280,0.189077,0.19,1,84379,83953,426
3676221,2.01263,0.357239,428,172280,0.149815,0.19,1,84381,83953,428
3679141,2.00253,0.0714477,430,172280,0.109963,0.19,1,84383,83953,430
3682021,22.8005,0.0142895,458,172280,0.221993,0.16,1,84411,83953,458
3684941,6.1601,28.0029,425,172280,0.212399,0.16,1,84413,83988,425
3687221,10.832,5.60057,437,172280,0.17048,0.1,1,84425,83988,437
3690141,3.7664,9.92011,428,172280,0.130096,0.1,1,84427,83999,428
3692001,1.55328,1.98402,429,172280,0.114019,0.22,1,84428,83999,429
3694921,88.3107,88.3968,429,172280,0.118804,0.22,1,84538,84109,429
3697841,19.2621,17.6794,431,172280,0.127761,0.22,1,84540,84109,431
3700761,5.45243,3.53587,433,172280,0.169552,0.22,1,84542,84109,433
3703681,2.69049,0.707174,435,172280,0.17791,0.22,1,84544,84109,435
3705941,3.7381,0.141435,439,172280,0.147582,0.3,1,84548,84109,439
3708861,2.34762,8.02829,431,172280,0.109516,0.3,1,84550,84119,431
3711141,26.0695,1.60566,463,172280,0.165903,0.26,1,84582,84119,463
3713221,99.6139,29.9211,544,172280,0.113181,0.22,1,84700,84156,544
3716141,21.5228,99.5842,429,172280,0.0706361,0.22,1,84702,84273,429
3719061,5.90456,19.9168,431,172280,0.110127,0.22,1,84704,84273,431
3721981,2.78091,3.98337,433,172280,0.142025,0.22,1,84706,84273,433
3723621,4.55618,0.796674,438,172280,0.196405,0.15,1,84711,84273,438
3726541,2.51124,6.55933,432,172280,0.175281,0.15,1,84713,84281,432
3728401,1.30225,1.31187,433,172280,0.155056,0.25,1,84714,84281,433
3731321,3.46045,9.86237,425,173740,0.127011,0.25,1,84718,84293,425
3734241,3.89209,1.97247,429,173740,0.209402,0.25,1,84722,84293,429
3737161,2.37842,0.394495,431,173740,0.20188,0.25,1,84724,84293,431
3738801,1.27568,0.078899,432,173740,0.184376,0.08,1,84725,84293,432
3741721,6.65514,6.41578,432,173740,0.124875,0.08,1,84733,84301,432
3744641,2.93103,1.28316,434,173740,0.072975,0.08,1,84735,84301,434
3746501,2.18621,0.256631,436,173740,0.062595,0.24,1,84737,84301,436
3749421,2.83724,4.05133,434,173740,0.172519,0.24,1,84740,84306,434
3751701,8.56745,0.810265,444,173740,0.146504,0.23,1,84750,84306,444
3754621,3.31349,14.5621,428,173740,0.109301,0.23,1,84752,84324,428
3757541,2.2627,2.91241,430,173740,0.10186,0.23,1,84754,84324,430
3760461,2.05254,0.582482,432,173740,0.108372,0.23,1,84756,84324,432
3762101,2.81051,0.116496,435,173740,0.245674,0.18,1,84759,84324,435
3765021,2.1621,3.2233,433,173740,0.241135,0.18,1,84761,84328,433
3766881,1.23242,0.64466,434,173740,0.224227,0.24,1,84762,84328,434
3769801,3.44648,5.72893,431,173740,0.156845,0.24,1,84766,84335,431
3772081,2.2893,1.14579,433,173740,0.143369,0.21,1,84768,84335,433
3775001,6.85786,10.6292,428,173740,0.228674,0.21,1,84776,84348,428
3777921,2.97157,2.12583,430,173740,0.213735,0.21,1,84778,84348,430
3780401,2.19431,0.425166,432,173740,0.234747,0.26,1,84780,84348,432
3783321,10.0389,8.88503,433,173740,0.246949,0.26,1,84792,84359,433
3785601,3.60777,1.77701,435,173740,0.24939,0.29,1,84794,84359,435
3788521,7.12155,11.5554,429,173740,0.217878,0.29,1,84802,84373,429
3791441,3.02431,2.31108,431,173740,0.187576,0.29,1,84804,84373,431
3794361,2.20486,0.462216,433,173740,0.205515,0.29,1,84806,84373,433
3796001,1.24097,0.0924432,434,173740,0.193103,0.14,1,84807,84373,434
3798921,1.84819,6.41849,428,173740,0.182621,0.14,1,84809,84381,428
3801841,1.96964,1.2837,430,173740,0.180524,0.14,1,84811,84381,430
3804321,1.99393,0.25674,432,173740,0.204105,0.24,1,84813,84381,432
3807241,3.59879,4.05135,431,173740,0.152821,0.24,1,84817,84386,431
3809521,2.31976,0.81027,433,173740,0.110564,0.24,1,84819,84386,433
3812441,21.264,28.1621,424,173740,0.214113,0.24,1,84845,84421,424
3815361,5.85279,5.63241,426,173740,0.202823,0.24,1,84847,84421,426
3817221,3.57056,1.12648,429,173740,0.176565,0.12,1,84850,84421,429
3819301,11.9141,5.0253,437,173740,0.155313,0.04,1,84864,84427,437
3822221,3.98282,8.20506,430,173740,0.127063,0.04,1,84866,84436,430
3824501,84.7966,1.64101,535,173740,0.169413,0.1,1,84971,84436,535
3827421,18.5593,91.5282,423,173740,0.177882,0.1,1,84973,84550,423
3830341,5.31186,18.3056,425,173740,0.187577,0.1,1,84975,84550,425
3833261,2.66237,3.66113,427,173740,0.157515,0.1,1,84977,84550,427
3836181,2.13247,0.732226,429,173740,0.151503,0.1,1,84979,84550,429
3838021,6.02649,0.146445,436,173740,0.126301,0.2,1,84986,84550,436
3839681,2.0053,9.62929,425,173740,0.10526,0.14,1,84987,84562,425
3841761,22.0011,25.1259,423,173740,0.141052,0.22,1,85014,84591,423
3844681,103.6,100.225,428,173740,0.22021,0.22,1,85138,84710,428
3847601,22.32,20.045,430,173740,0.212042,0.22,1,85140,84710,430
3850521,6.06401,4.00901,432,173740,0.250408,0.22,1,85142,84710,432
3852161,2.0128,0.801801,433,173740,0.242082,0.12,1,85143,84710,433
3855081,2.00256,4.96036,429,175200,0.240416,0.12,1,85145,84716,429
3858001,2.00051,0.992072,431,175200,0.240083,0.12,1,85147,84716,431
3860901,3.6001,0.198414,435,175200,0.224017,0.23,1,85151,84716,435
3863821,2.32002,8.83968,426,175200,0.188803,0.23,1,85153,84727,426
3866741,2.064,1.76794,428,175200,0.157761,0.23,1,85155,84727,428
3869661,2.0128,0.353587,430,175200,0.111552,0.23,1,85157,84727,430
3871301,13.2026,0.0707175,446,175200,0.13431,0.19,1,85173,84727,446
3874221,5.04051,15.2141,430,175200,0.178862,0.19,1,85176,84746,430
3877141,2.6081,3.04283,432,175200,0.195772,0.19,1,85178,84746,432
3880061,2.12162,0.608566,434,175200,0.199154,0.19,1,85180,84746,434
3881701,4.42432,0.121713,439,175200,0.239831,0.28,1,85185,84746,439
3884621,2.48486,10.4243,428,175200,0.223966,0.28,1,85187,84759,428
3887541,2.09697,2.08487,430,175200,0.188793,0.28,1,85189,84759,430
3890461,2.01939,0.416974,432,175200,0.149759,0.28,1,85191,84759,432
3892101,2.80388,0.0833947,435,175200,0.277952,0.17,1,85194,84759,435
3895021,2.16078,4.81668,431,175200,0.27159,0.17,1,85196,84765,431
3897921,2.03216,0.963336,433,175200,0.246318,0.14,1,85198,84765,433
3900001,2.00643,2.59267,432,175200,0.209264,0.22,1,85200,84768,432
3902921,6.80129,4.51853,435,175200,0.241853,0.22,1,85208,84773,435
3904581,2.16026,0.903707,436,175200,0.232371,0.24,1,85209,84773,436
3907501,2.03205,5.78074,431,175200,0.190474,0.24,1,85211,84780,431
3909781,5.20641,1.15615,437,175200,0.182095,0.24,1,85217,84780,437
3911441,1.84128,5.03123,432,175200,0.164419,0.21,1,85218,84786,432
3914361,11.5683,13.8062,430,175200,0.160884,0.21,1,85232,84802,430
3916641,3.91365,2.76125,432,175200,0.256177,0.21,1,85234,84802,432
3919561,2.38273,9.35225,423,175200,0.275235,0.21,1,85236,84813,423
3922481,2.07655,1.87045,425,175200,0.279047,0.21,1,85238,84813,425
3925401,2.01531,0.37409,427,175200,0.279809,0.21,1,85240,84813,427
3928321,2.00306,0.074818,429,175200,0.247962,0.21,1,85242,84813,429
3931241,2.00061,0.0149636,431,175200,0.209592,0.21,1,85244,84813,431
3933701,9.20012,0.00299272,442,175200,0.209918,0.22,1,85255,84813,442
3936621,4.24002,10.4006,432,175200,0.201984,0.22,1,85258,84826,432
3939541,2.448,2.08012,434,175200,0.200397,0.22,1,85260,84826,434
3942021,14.8896,0.416024,452,175200,0.256079,0.29,1,85278,84826,452
3944941,4.57792,20.8832,428,175200,0.259216,0.29,1,85280,84852,428
3947841,2.51558,4.17664,430,175200,0.259843,0.19,1,85282,84852,430
3950761,13.3031,15.2353,428,175200,0.131969,0.19,1,85298,84870,428
3953041,4.26062,3.04707,430,175200,0.162394,0.18,1,85300,84870,430
3955961,87.2521,91.0094,425,175200,0.264479,0.18,1,85408,84983,425
3958881,19.0504,18.2019,427,175200,0.252896,0.18,1,85410,84983,427
3961801,5.41008,3.64038,429,175200,0.210579,0.18,1,85412,84983,429
3964721,2.68202,0.728075,431,175200,0.202116,0.18,1,85414,84983,431
3966561,1.3364,0.145615,432,175200,0.192423,0.22,1,85415,84983,432
3969481,11.4673,11.2291,432,175200,0.302485,0.22,1,85429,84997,432
3972181,22.2935,2.24582,457,175200,0.252497,0.17,1,85454,84997,457
3974261,100.459,24.4492,547,175200,0.194499,0.18,1,85574,85027,547
3977181,21.6917,105.69,423,175200,0.1669,0.18,1,85576,85153,423
3980101,5.93835,21.138,425,175200,0.16138,0.18,1,85578,85153,425
3983021,2.78767,4.22759,427,175200,0.192276,0.18,1,85580,85153,427
3985941,2.15753,0.845519,429,175200,0.190455,0.18,1,85582,85153,429
3988861,2.03151,0.169104,431,175200,0.182091,0.18,1,85584,85153,431
3991521,2.0063,0.0338207,433,175200,0.180418,0.22,1,85586,85153,433
3994441,5.20126,9.60676,427,175200,0.0920836,0.22,1,85592,85165,427
3997361,2.64025,1.92135,429,175200,0.0504167,0.22,1,85594,85165,429
3999841,2.12805,0.384271,431,175200,0.162083,0.29,1,85596,85165,431
4002761,14.8256,14.4769,431,175200,0.208417,0.29,1,85614,85183,431
4005681,4.56512,2.89537,433,175200,0.185683,0.29,1,85616,85183,433
4008601,2.51302,0.579074,435,175200,0.181137,0.29,1,85618,85183,435
4010241,1.3026,0.115815,436,175200,0.164227,0.27,1,85619,85183,436
4013161,3.46052,10.4232,427,175200,0.168845,0.27,1,85623,85196,427
4016081,2.2921,2.08463,429,175200,0.137769,0.27,1,85625,85196,429
4019001,2.05842,0.416926,431,175200,0.0995538,0.27,1,85627,85196,431
4021921,2.01168,0.0833853,433,175200,0.115911,0.27,1,85629,85196,433
4024181,6.80234,0.0166771,441,175200,0.0311822,0.25,1,85637,85196,441
4027101,2.96047,9.60334,431,175200,0.150236,0.25,1,85639,85208,431
4030021,2.19209,1.92067,433,175200,0.142047,0.25,1,85641,85208,433
4032501,8.43842,0.384133,443,175200,0.156409,0.2,1,85651,85208,443
4035421,3.28768,11.2768,431,175200,0.127282,0.2,1,85653,85222,431
4038341,2.25754,2.25537,433,175200,0.121456,0.2,1,85655,85222,433
4041261,2.05151,0.451073,435,175200,0.120291,0.2,1,85657,85222,435
4043941,8.4103,0.0902146,445,175200,0.104058,0.24,1,85667,85222,445
4046861,3.28206,16.018,427,175200,0.0688116,0.24,1,85669,85242,427
4049781,2.25641,3.20361,429,175200,0.181762,0.24,1,85671,85242,429
4052701,2.05128,0.640722,431,175200,0.212352,0.24,1,85673,85242,431
4055621,2.01026,0.128144,433,175200,0.21847,0.24,1,85675,85242,433
4057461,8.40205,0.0256289,443,175200,0.155694,0.21,1,85685,85242,443
4060381,4.08041,10.4051,433,175200,0.127139,0.21,1,85688,85255,433
4062241,1.61608,2.08103,434,175200,0.137428,0.28,1,85689,85255,434
4065161,6.72322,9.21621,431,175200,0.139486,0.28,1,85697,85266,431
4068081,2.94464,1.84324,433,175200,0.179897,0.28,1,85699,85266,433
4070561,2.18893,0.368648,435,175200,0.195979,0.18,1,85701,85266,435
4073481,11.6378,17.6737,427,175200,0.263196,0.18,1,85715,85288,427
4076401,3.92756,3.53475,429,175200,0.276639,0.18,1,85717,85288,429
4078881,2.38551,0.706949,431,175200,0.247328,0.23,1,85719,85288,431
4081801,13.2771,15.3414,428,175200,0.153466,0.23,1,85735,85307,428
4084081,4.25542,3.06828,430,175200,0.110693,0.32,1,85737,85307,430
4087001,88.0511,87.8137,430,175200,0.182139,0.32,1,85846,85416,430
4089921,19.2102,17.5627,432,175200,0.196428,0.32,1,85848,85416,432
4092841,5.44204,3.51255,434,175200,0.175286,0.32,1,85850,85416,434
4095761,2.68841,0.702509,436,175200,0.139057,0.32,1,85852,85416,436
4097601,1.33768,0.140502,437,175200,0.115811,0.29,1,85853,85416,437
4099681,17.8675,20.0281,434,175200,0.135162,0.26,1,85875,85441,434
4102601,14.7735,17.6056,431,175200,0.123032,0.26,1,85889,85458,431
4104261,97.3547,3.52112,549,175200,0.216606,0.18,1,86007,85458,549
4107181,21.0709,101.504,425,175200,0.227321,0.18,1,86009,85584,425
4110101,5.81419,20.3008,427,175200,0.197464,0.18,1,86011,85584,427
4113021,2.76284,4.06017,429,175200,0.175493,0.18,1,86013,85584,429
4115941,2.15257,0.812034,431,175200,0.195099,0.18,1,86015,85584,431
4117781,3.63051,0.162407,435,175200,0.16702,0.12,1,86019,85584,435
4120701,3.1261,4.03248,433,175200,0.121404,0.12,1,86022,85589,433
4122561,1.42522,0.806496,434,175200,0.0962808,0.2,1,86023,85589,434
4125481,3.48504,7.3613,429,175200,0.0672562,0.2,1,86027,85598,429
4128401,2.29701,1.47226,431,175200,0.0374512,0.2,1,86029,85598,431
4130881,2.0594,0.294452,433,175200,0.18349,0.09,1,86031,85598,433
4133801,14.8119,23.2589,422,175200,0.244698,0.09,1,86049,85627,422
4136721,4.56238,4.65178,424,175200,0.25694,0.09,1,86051,85627,424
4139641,2.51248,0.930356,426,175200,0.227388,0.09,1,86053,85627,426
4142561,2.1025,0.186071,428,175200,0.189478,0.09,1,86055,85627,428
4145481,2.0205,0.0372142,430,175200,0.181896,0.09,1,86057,85627,430
4147941,6.8041,0.00744284,438,175200,0.116379,0.01,1,86065,85627,438
4150861,2.96082,8.00149,430,175200,0.0712758,0.01,1,86067,85637,430
4152721,1.39216,1.6003,431,175200,0.0462552,0.2,1,86068,85637,431
4155641,8.27843,9.92006,429,175200,0.161251,0.2,1,86078,85649,429
4158561,3.25569,1.98401,431,175200,0.18425,0.2,1,86080,85649,431
4161041,2.25114,0.396802,433,175200,0.18885,0.24,1,86082,85649,433
4163961,3.65023,8.87936,426,175200,0.21377,0.24,1,86086,85660,426
4166881,2.33005,1.77587,428,175200,0.226754,0.24,1,86088,85660,428
4169801,2.06601,0.355174,430,175200,0.205351,0.24,1,86090,85660,430
4171441,1.2132,0.0710349,431,175200,0.18507,0.22,1,86091,85660,431
4174361,5.04264,10.4142,424,175200,0.205014,0.22,1,86097,85673,424
4177281,2.60853,2.08284,426,175200,0.185003,0.22,1,86099,85673,426
4180201,2.12171,0.416568,428,175200,0.149001,0.22,1,86101,85673,428
4182261,11.6243,0.0833136,442,175200,0.2298,0.12,1,86115,85673,442
4185181,3.92487,12.0167,429,175200,0.24596,0.12,1,86117,85688,429
4188081,2.38497,2.40333,431,175200,0.241192,0.2,1,86119,85688,431
4191001,8.47699,12.4807,426,175200,0.176238,0.2,1,86129,85703,426
4193921,3.2954,2.49613,428,175200,0.163248,0.2,1,86131,85703,428
4196841,2.25908,0.499227,430,175200,0.16065,0.2,1,86133,85703,430
4199761,2.05182,0.0998453,432,175200,0.16013,0.2,1,86135,85703,432
4201601,1.21036,0.0199691,433,175200,0.152026,0.24,1,86136,85703,433
4204521,9.84207,12.804,429,175200,0.110405,0.24,1,86148,85719,429
4206801,3.56841,2.5608,431,175200,0.254081,0.23,1,86150,85719,431
4209721,11.9137,9.31216,434,175200,0.178816,0.23,1,86164,85730,434
4211381,4.78274,1.86243,437,175200,0.187763,0.28,1,86167,85730,437
4214301,2.55655,8.37249,429,175200,0.157553,0.28,1,86169,85740,429
4216581,90.1113,1.6745,541,175200,0.223511,0.16,1,86281,85740,541
4219501,19.6223,94.7349,425,175200,0.228702,0.16,1,86283,85858,425
4222421,5.52445,18.947,427,175200,0.18974,0.16,1,86285,85858,427
4225341,2.70489,3.7894,429,175200,0.149948,0.16,1,86287,85858,429
4228261,2.14098,0.757879,431,175200,0.14199,0.16,1,86289,85858,431
4230101,18.0282,0.151576,453,175200,0.204398,0.16,1,86311,85858,453
4232181,10.8056,23.2303,433,175200,0.22488,0.12,1,86320,85887,433
4234261,99.7611,10.2461,548,175200,0.164976,0.16,1,86442,85894,548
4237181,22.3522,102.049,426,176660,0.208995,0.16,1,86445,86019,426
4240101,6.07044,20.4098,428,176660,0.193799,0.16,1,86447,86019,428
4243021,2.81409,4.08197,430,176660,0.15076,0.16,1,86449,86019,430
4245941,2.16282,0.816394,432,176660,0.142152,0.16,1,86451,86019,432
4247781,2.83256,0.163279,435,176660,0.14843,0.08,1,86454,86019,435
4250701,2.16651,5.63266,430,176660,0.165686,0.08,1,86456,86026,430
4253601,2.0333,1.12653,432,176660,0.137137,0.21,1,86458,86026,432
4256521,5.20666,6.62531,430,176660,0.195427,0.21,1,86464,86034,430
4259441,2.64133,1.32506,432,176660,0.183086,0.21,1,86466,86034,432
4261921,2.12827,0.265012,434,176660,0.148617,0.12,1,86468,86034,434
4264841,16.4257,24.053,424,176660,0.157723,0.12,1,86488,86064,424
4267761,4.88513,4.8106,426,176660,0.135545,0.12,1,86490,86064,426
4270681,2.57703,0.96212,428,176660,0.203109,0.12,1,86492,86064,428
4273601,2.11541,0.192424,430,176660,0.216622,0.12,1,86494,86064,430
4276481,2.02308,0.0384848,432,176660,0.219324,0.06,1,86496,86064,432
4278561,2.00462,2.4077,431,176660,0.243865,0.22,1,86498,86067,431
4281481,6.80092,6.88154,431,176660,0.112773,0.22,1,86506,86075,431
4283761,2.96018,1.37631,433,176660,0.174555,0.19,1,86508,86075,433
4286681,5.39204,7.47526,430,176660,0.250911,0.19,1,86514,86084,430
4289601,2.67841,1.49505,432,176660,0.234182,0.19,1,86516,86084,432
4292081,2.13568,0.29901,434,176660,0.198836,0.16,1,86518,86084,434
4295001,3.62714,6.4598,430,176660,0.223767,0.16,1,86522,86092,430
4297921,2.32543,1.29196,432,176660,0.204753,0.16,1,86524,86092,432
4300841,2.06509,0.258392,434,176660,0.168951,0.16,1,86526,86092,434
4302481,1.21302,0.0516784,435,176660,0.13779,0.31,1,86527,86092,435
4305401,3.4426,8.01034,429,176660,0.203558,0.31,1,86531,86102,429
4308321,2.28852,1.60207,431,176660,0.184712,0.31,1,86533,86102,431
4310801,2.0577,0.320413,433,176660,0.148942,0.2,1,86535,86102,433
4313721,18.0115,20.0641,430,176660,0.229788,0.2,1,86557,86127,430
4316641,5.20231,4.01282,432,176660,0.253958,0.2,1,86559,86127,432
4319121,2.64046,0.802563,434,176660,0.282792,0.26,1,86561,86127,434
4322041,3.72809,8.96051,427,176660,0.296558,0.26,1,86565,86138,427
4324961,2.34562,1.7921,429,176660,0.251312,0.26,1,86567,86138,429
4327881,2.06912,0.35842,431,176660,0.210262,0.26,1,86569,86138,431
4330801,2.01382,0.0716841,433,176660,0.170052,0.26,1,86571,86138,433
4332641,1.20276,0.0143368,434,176660,0.14601,0.31,1,86572,86138,434
4335561,6.64055,10.4029,429,176660,0.173202,0.31,1,86580,86151,429
4337841,2.92811,2.08057,431,176660,0.14664,0.16,1,86582,86151,431
4340761,15.7856,18.0161,428,176660,0.173328,0.16,1,86601,86173,428
4343681,4.75712,3.60322,430,176660,0.234666,0.16,1,86603,86173,430
4346581,88.9514,0.720645,540,176660,0.262933,0.14,1,86713,86173,540
4349501,19.3903,91.3441,428,176660,0.244587,0.14,1,86715,86287,428
4352421,5.47806,18.2688,430,176660,0.240917,0.14,1,86717,86287,430
4354901,5.89561,3.65376,436,176660,0.176183,0.16,1,86723,86287,436
4357821,2.77912,7.13075,430,176660,0.243237,0.16,1,86725,86295,430
4360101,15.7558,1.42615,449,176660,0.216647,0.19,1,86744,86295,449
4362801,4.75116,21.8852,424,176660,0.211329,0.16,1,86746,86322,424
4365721,105.75,106.777,427,176660,0.226266,0.16,1,86877,86450,427
4368641,22.75,21.3554,429,176660,0.229253,0.16,1,86879,86450,429
4371561,6.15001,4.27108,431,176660,0.189851,0.16,1,86881,86450,431
4373201,2.03,0.854216,432,176660,0.16597,0.24,1,86882,86450,432
4376121,5.206,8.17084,428,176660,0.113194,0.24,1,86888,86460,428
4379041,2.6412,1.63417,430,176660,0.110639,0.24,1,86890,86460,430
4381961,2.12824,0.326834,432,176660,0.0781278,0.24,1,86892,86460,432
4384641,2.02565,0.0653667,434,176660,0.199626,0.19,1,86894,86460,434
4386721,3.60513,4.01307,433,176660,0.207925,0.19,1,86898,86465,433
4389641,8.72103,12.8026,428,176660,0.201585,0.19,1,86908,86480,428
4392561,3.34421,2.56052,430,176660,0.224317,0.19,1,86910,86480,430
4394421,9.46884,0.512105,441,176660,0.156863,0.22,1,86921,86480,441
4397341,3.49377,12.9024,427,176660,0.151373,0.22,1,86923,86496,427
4400261,2.29875,2.58048,429,176660,0.206275,0.22,1,86925,86496,429
4403181,2.05975,0.516097,431,176660,0.217255,0.22,1,86927,86496,431
4405861,6.01195,0.103219,438,176660,0.139451,0.14,1,86934,86496,438
4408781,3.60239,5.62064,434,176660,0.13189,0.14,1,86937,86503,434
4411061,2.32048,1.12413,436,176660,0.098378,0.19,1,86939,86503,436
4413141,5.2641,4.22483,437,176660,0.195676,0.21,1,86945,86508,437
4416061,2.65282,8.04497,430,176660,0.183135,0.21,1,86947,86517,430
4418981,2.13056,1.60899,432,176660,0.148627,0.21,1,86949,86517,432
4421461,5.22611,0.321799,438,176660,0.205725,0.22,1,86955,86517,438
4424381,2.64522,11.2644,426,176660,0.185145,0.22,1,86957,86531,426
4427301,2.12904,2.25287,428,176660,0.173029,0.22,1,86959,86531,428
4430221,2.02581,0.450574,430,176660,0.138606,0.22,1,86961,86531,430
4433141,2.00516,0.0901149,432,176660,0.131721,0.22,1,86963,86531,432
4434981,1.20103,0.018023,433,176660,0.146344,0.16,1,86964,86531,433
4437901,1.84021,2.4036,432,176660,0.125269,0.16,1,86966,86534,432
4440181,5.96804,0.480721,439,176660,0.105054,0.08,1,86973,86534,439
4441841,2.79361,4.89614,435,176660,0.157011,0.24,1,86975,86540,435
4444761,14.9587,22.5792,426,176660,0.231402,0.24,1,86993,86567,426
4447681,4.59174,4.51585,428,176660,0.21428,0.24,1,86995,86567,428
4450601,2.51835,0.903169,430,176660,0.242856,0.24,1,86997,86567,430
4452241,1.30367,0.180634,431,176660,0.240571,0.11,1,86998,86567,431
4455161,5.06073,7.23613,428,176660,0.232114,0.11,1,87004,86576,428
4458081,2.61215,1.44723,430,176660,0.198423,0.11,1,87006,86576,430
4461001,2.12243,0.289445,432,176660,0.167685,0.11,1,87008,86576,432
4463681,2.02449,0.057889,434,176660,0.129537,0.16,1,87010,86576,434
4466601,3.6049,5.61158,431,176660,0.233907,0.16,1,87014,86583,431
4468881,2.32098,1.12232,433,176660,0.222781,0.23,1,87016,86583,433
4471801,18.0642,23.4245,426,176660,0.172556,0.23,1,87038,86612,426
4474081,5.21284,4.68489,428,176660,0.162511,0.18,1,87040,86612,428
4477001,92.2426,88.937,432,176660,0.152502,0.18,1,87154,86722,432
4479921,20.0485,17.7874,434,176660,0.1185,0.18,1,87156,86722,434
4482841,5.6097,3.55748,436,176660,0.1677,0.18,1,87158,86722,436
4484901,2.72194,0.711496,438,176660,0.17754,0.22,1,87160,86722,438
4487821,2.14439,5.7423,433,176660,0.147508,0.22,1,87162,86729,433
4490101,15.6289,1.14846,452,176660,0.125502,0.21,1,87181,86729,452
4493021,6.32578,23.4297,427,176660,0.0811003,0.21,1,87185,86758,427
4495301,98.8652,4.68594,549,176660,0.16822,0.21,1,87307,86758,549
4498221,22.173,100.937,427,176660,0.169644,0.21,1,87310,86883,427
4501141,6.03461,20.1874,429,176660,0.145929,0.21,1,87312,86883,429
4504061,2.80692,4.03749,431,176660,0.229186,0.21,1,87314,86883,431
4505701,6.16138,0.807497,438,176660,0.173837,0.25,1,87321,86883,438
4508621,2.83228,10.5615,427,176660,0.130767,0.25,1,87323,86896,427
4511541,2.16646,2.1123,429,176660,0.130153,0.25,1,87325,86896,429
4514461,2.03329,0.42246,431,176660,0.0900307,0.25,1,87327,86896,431
4517141,2.80666,0.084492,434,176660,0.218006,0.2,1,87330,86896,434
4519221,10.1613,2.4169,443,176660,0.219601,0.25,1,87342,86899,443
4522141,4.43227,11.6834,432,176660,0.21192,0.25,1,87345,86913,432
4524421,4.08645,2.33668,436,176660,0.258384,0.15,1,87349,86913,436
4526501,8.01729,8.46734,435,176660,0.227677,0.14,1,87358,86923,435
4529421,4.00346,8.09347,430,176660,0.229535,0.14,1,87361,86931,430
4532341,2.40069,1.61869,432,176660,0.189907,0.14,1,87363,86931,432
4534821,4.48014,0.323739,437,176660,0.213981,0.25,1,87368,86931,437
4537741,3.29603,8.06475,430,176660,0.202796,0.25,1,87371,86941,430
4540661,2.25921,1.61295,432,176660,0.200559,0.25,1,87373,86941,432
4543141,3.65184,0.32259,436,176660,0.176112,0.18,1,87377,86941,436
4545221,5.53037,4.86452,436,176660,0.187222,0.2,1,87383,86947,436
4548141,2.70607,8.1729,429,176660,0.165444,0.2,1,87385,86956,429
4551061,2.14121,1.63458,431,176660,0.249089,0.2,1,87387,86956,431
4553541,2.02824,0.326916,433,176660,0.233818,0.13,1,87389,86956,433
4556461,2.00565,5.66538,428,176660,0.230764,0.13,1,87391,86963,428
4559381,2.00113,1.13308,430,176660,0.222153,0.13,1,87393,86963,430
4561861,6.00023,0.226615,437,176660,0.228431,0.12,1,87400,86963,437
4564781,2.80005,7.24532,430,176660,0.205686,0.12,1,87402,86972,430
4567701,2.16001,1.44906,432,176660,0.169137,0.12,1,87404,86972,432
4570181,5.232,0.289813,438,176660,0.217827,0.17,1,87410,86972,438
4572881,2.6464,4.85796,434,176660,0.187566,0.26,1,87412,86978,434
4575801,15.7293,20.1716,429,176660,0.229513,0.26,1,87431,87002,429
4578721,4.74586,4.03432,431,176660,0.237903,0.26,1,87433,87002,431
4581641,2.54917,0.806864,433,176660,0.239581,0.26,1,87435,87002,433
4583281,1.30983,0.161373,434,176660,0.223916,0.22,1,87436,87002,434
4586201,3.46197,11.2323,424,176660,0.252783,0.22,1,87440,87016,424
4589121,2.29239,2.24645,426,176660,0.226557,0.22,1,87442,87016,426
4592041,2.05848,0.449291,428,176660,0.189311,0.22,1,87444,87016,428
4594961,2.0117,0.0898582,430,176660,0.149862,0.22,1,87446,87016,430
4596801,1.20234,0.0179716,431,176660,0.125972,0.08,1,87447,87016,431
4599721,5.04047,7.20359,428,176660,0.0651945,0.08,1,87453,87025,428
4601381,15.4081,1.44072,446,176660,0.189039,0.18,1,87471,87025,446
4604301,4.68162,18.6881,425,176660,0.181808,0.18,1,87473,87048,425
4606581,89.7363,3.73763,536,176660,0.196362,0.16,1,87584,87048,536
4609501,19.5473,92.7475,423,176660,0.207272,0.16,1,87586,87163,423
4612421,5.50945,18.5495,425,176660,0.185454,0.16,1,87588,87163,425
4615341,2.70189,3.7099,427,176660,0.253091,0.16,1,87590,87163,427
4618261,2.14038,0.74198,429,176660,0.266618,0.16,1,87592,87163,429
4620101,15.6281,0.148396,448,176660,0.237324,0.13,1,87611,87163,448
4623021,4.72561,21.6297,423,176660,0.199465,0.13,1,87613,87190,423
4625301,105.745,4.32594,554,176660,0.199893,0.22,1,87744,87190,554
4628221,22.749,103.265,428,176660,0.167979,0.22,1,87746,87318,428
4631141,6.1498,20.653,430,176660,0.169596,0.22,1,87748,87318,430
4634061,2.82996,4.13061,432,176660,0.257919,0.22,1,87750,87318,432
4635701,2.96599,0.826121,435,176660,0.251584,0.12,1,87753,87318,435
4637781,3.7932,4.16522,434,176660,0.218317,0.27,1,87757,87323,434
4640701,2.35864,5.63304,430,176660,0.179663,0.27,1,87759,87329,430
4643621,2.07173,1.12661,432,176660,0.139933,0.27,1,87761,87329,432
4646101,7.61435,0.225322,441,176660,0.179987,0.18,1,87770,87329,441
4647761,3.12287,6.44506,435,176660,0.179997,0.27,1,87772,87337,435
4650681,7.02457,10.889,431,176660,0.219999,0.27,1,87780,87349,431
4652961,3.00491,2.1778,433,176660,0.236,0.22,1,87782,87349,433
4655041,3.80098,6.03556,430,176660,0.2392,0.23,1,87786,87356,430
4657121,7.1602,5.20711,433,176660,0.20784,0.22,1,87794,87361,433
4660041,6.23204,6.64142,432,176660,0.105568,0.22,1,87800,87368,432
4662961,2.84641,1.32828,434,176660,0.157114,0.22,1,87802,87368,434
4664821,2.16928,0.265657,436,176660,0.143423,0.2,1,87804,87368,436
4667741,2.83386,5.65313,432,176660,0.124685,0.2,1,87807,87375,432
4670661,2.16677,1.13063,434,176660,0.144937,0.2,1,87809,87375,434
4673141,5.23335,0.226125,440,176660,0.172987,0.23,1,87815,87375,440
4676061,2.64667,11.2452,428,176660,0.146597,0.23,1,87817,87389,428
4678981,2.12933,2.24904,430,176660,0.109319,0.23,1,87819,87389,430
4681901,2.02587,0.449809,432,176660,0.189864,0.23,1,87821,87389,432
4683541,3.60517,0.0899618,436,176660,0.197973,0.12,1,87825,87389,436
4686461,3.12103,7.21799,430,176660,0.207595,0.12,1,87828,87398,430
4689381,2.22421,1.4436,432,176660,0.177519,0.12,1,87830,87398,432
4691861,2.04484,0.28872,434,176660,0.131504,0.14,1,87832,87398,434
4694781,2.00897,5.65774,429,176660,0.122301,0.14,1,87834,87405,429
4697701,2.00179,1.13155,431,176660,0.13646,0.14,1,87836,87405,431
4700181,8.40036,0.22631,441,176660,0.195292,0.24,1,87846,87405,441
4703101,3.28007,9.64526,431,176660,0.175058,0.24,1,87848,87417,431
4705381,15.856,1.92905,450,176660,0.211012,0.14,1,87867,87417,450
4708301,4.7712,23.5858,423,176660,0.218202,0.14,1,87869,87446,423
4711221,2.55424,4.71716,425,176660,0.21964,0.14,1,87871,87446,425
4714141,2.11085,0.943432,427,176660,0.187928,0.14,1,87873,87446,427
4717061,2.02217,0.188686,429,176660,0.181586,0.14,1,87875,87446,429
4719981,2.00443,0.0377373,431,176660,0.196317,0.14,1,87877,87446,431
4722641,2.00089,0.00754746,433,176660,0.167263,0.01,1,87879,87446,433
4725561,6.80018,7.20151,432,176660,0.137453,0.01,1,87887,87455,432
4728481,2.96004,1.4403,434,176660,0.187491,0.01,1,87889,87455,434
4731381,14.192,0.28806,451,176660,0.205498,0.12,1,87906,87455,451
4734301,4.4384,20.0576,428,176660,0.1851,0.12,1,87908,87480,428
4736581,88.8877,4.01152,538,176660,0.21302,0.23,1,88018,87480,538
4739501,19.3775,92.0023,426,176660,0.218604,0.23,1,88020,87594,426
4742421,5.47551,18.4005,428,176660,0.171721,0.23,1,88022,87594,428
4745341,2.6951,3.68009,430,176660,0.194344,0.23,1,88024,87594,430
4748261,2.13902,0.736018,432,176660,0.198869,0.23,1,88026,87594,432
4750101,18.0278,0.147204,454,176660,0.167774,0.16,1,88048,87594,454
4753021,5.20556,22.4294,428,176660,0.129555,0.16,1,88050,87622,428
4755301,105.041,4.48589,558,176660,0.121911,0.27,1,88180,87622,558
4758221,22.6082,104.897,430,176660,0.0883822,0.27,1,88182,87752,430
4761141,6.12164,20.9794,432,176660,0.0496764,0.27,1,88184,87752,432
4764061,2.82433,4.19589,434,176660,0.161935,0.27,1,88186,87752,434
4765701,1.36487,0.839177,435,176660,0.176387,0.19,1,88187,87752,435
4768401,1.87297,4.96784,431,176660,0.179277,0.21,1,88189,87758,431
4771321,8.37459,9.79357,430,176660,0.0518555,0.21,1,88199,87769,430
4774241,3.27492,1.95871,432,176660,0.170371,0.21,1,88201,87769,432
4776101,7.85498,0.391743,441,176660,0.170074,0.23,1,88210,87769,441
4778801,3.171,8.87835,432,176660,0.146015,0.23,1,88212,87780,432
4781721,5.4342,10.5757,427,176660,0.205203,0.23,1,88218,87791,427
4784641,2.68684,2.11513,429,176660,0.217041,0.23,1,88220,87791,429
4787541,4.53737,0.423027,434,176660,0.171408,0.12,1,88225,87791,434
4789621,8.10747,5.68461,436,176660,0.146282,0.15,1,88234,87798,436
4792541,3.22149,9.93692,427,176660,0.141256,0.15,1,88236,87809,427
4795461,2.2443,1.98738,429,176660,0.108251,0.15,1,88238,87809,429
4798381,2.04886,0.397477,431,176660,0.0776502,0.15,1,88240,87809,431
4800021,4.40977,0.0794954,436,176660,0.11153,0.14,1,88245,87809,436
4802941,2.48195,6.4159,430,176660,0.086306,0.14,1,88247,87817,430
4805221,6.09639,1.28318,437,176660,0.201261,0.23,1,88254,87817,437
4808141,2.81928,8.25664,429,176660,0.216252,0.23,1,88256,87827,429
4811061,2.16386,1.65133,431,176660,0.18725,0.23,1,88258,87827,431
4813981,2.03277,0.330265,433,176660,0.18145,0.23,1,88260,87827,433
4815621,1.20655,0.0660531,434,176660,0.17229,0.14,1,88261,87827,434
4818541,1.84131,4.81321,430,176660,0.178458,0.14,1,88263,87833,430
4821461,1.96826,0.962642,432,176660,0.147692,0.14,1,88265,87833,432
4823941,4.39365,0.192528,437,176660,0.189538,0.2,1,88270,87833,437
4826861,3.27873,6.43851,432,176660,0.149908,0.2,1,88273,87841,432
4828721,1.45575,1.2877,433,176660,0.125982,0.27,1,88274,87841,433
4831641,6.69115,8.25754,431,176660,0.201196,0.27,1,88282,87851,431
4833921,2.93823,1.65151,433,176660,0.184239,0.21,1,88284,87851,433
4836841,13.3876,17.1303,428,176660,0.212848,0.21,1,88300,87872,428
4839761,4.27753,3.42606,430,176660,0.21857,0.21,1,88302,87872,430
4842241,2.45551,0.685212,432,176660,0.219714,0.18,1,88304,87872,432
4845161,2.0911,4.93704,428,176660,0.243943,0.18,1,88306,87878,428
4848081,2.01822,0.987408,430,176660,0.216789,0.18,1,88308,87878,430
4850561,2.00364,0.197482,432,176660,0.179358,0.13,1,88310,87878,432
4853481,6.80073,7.2395,431,176660,0.171872,0.13,1,88318,87887,431
4855141,3.76015,1.4479,434,176660,0.138374,0.21,1,88321,87887,434
4858061,2.35203,5.08958,430,176660,0.131675,0.21,1,88323,87893,430
4860341,14.0704,1.01792,447,176660,0.202335,0.09,1,88340,87893,447
4863261,4.41408,16.2036,429,176660,0.192467,0.09,1,88342,87913,429
4865121,1.68282,3.24072,430,176660,0.174493,0.22,1,88343,87913,430
4868041,89.1366,91.8481,427,176660,0.170899,0.22,1,88454,88027,427
4870961,19.4273,18.3696,429,176660,0.13818,0.22,1,88456,88027,429
4873881,5.48546,3.67393,431,176660,0.131636,0.22,1,88458,88027,431
4876801,2.69709,0.734785,433,176660,0.130327,0.22,1,88460,88027,433
4878641,1.33942,0.146957,434,176660,0.122065,0.2,1,88461,88027,434
4881561,22.6679,25.6294,430,176660,0.0244131,0.2,1,88489,88059,430
4883841,6.13358,5.12588,432,176660,0.180883,0.16,1,88491,88059,432
4886761,98.0267,105.825,422,176660,0.236177,0.16,1,88612,88190,422
4889681,21.2053,21.165,424,176660,0.215235,0.16,1,88614,88190,424
4892601,5.84107,4.23301,426,176660,0.171047,0.16,1,88616,88190,426
4895521,2.76821,0.846601,428,176660,0.162209,0.16,1,88618,88190,428
4898441,2.15364,0.16932,430,176660,0.128442,0.16,1,88620,88190,430
4900901,11.6307,0.033864,444,176660,0.257688,0.23,1,88634,88190,444
4903821,3.92615,12.0068,431,176660,0.283538,0.23,1,88636,88205,431
4906101,7.98523,2.40135,440,176660,0.256708,0.25,1,88645,88205,440
4909021,3.99705,9.28027,432,176660,0.203341,0.25,1,88648,88216,432
4911301,5.59941,1.85605,438,176660,0.200668,0.16,1,88654,88216,438
4914221,2.71988,12.3712,425,176660,0.264134,0.16,1,88656,88231,425
4917141,2.14398,2.47424,427,176660,0.244827,0.16,1,88658,88231,427
4919621,4.4288,0.494848,432,176660,0.280965,0.08,1,88663,88231,432
4922541,4.08576,6.49897,428,176660,0.224193,0.08,1,88667,88239,428
4925461,4.01715,1.29979,432,176660,0.188839,0.08,1,88671,88239,432
4927941,5.60343,0.259959,438,176660,0.181768,0.12,1,88677,88239,438
4930021,5.92069,4.85199,438,176660,0.0843535,0.18,1,88683,88245,438
4932941,2.78414,11.3704,427,176660,0.152871,0.18,1,88685,88258,427
4935861,2.15683,2.27408,429,176660,0.262574,0.18,1,88687,88258,429
4938781,2.03137,0.454816,431,176660,0.252515,0.18,1,88689,88258,431
4940421,2.00627,0.0909632,433,176660,0.250503,0.1,1,88691,88258,433
4943341,2.80125,7.21819,427,176660,0.258101,0.1,1,88694,88267,427
4946261,2.16025,1.44364,429,176660,0.24362,0.1,1,88696,88267,429
4949181,2.03205,0.288728,431,176660,0.208724,0.1,1,88698,88267,431
4952101,2.00641,0.0577455,433,176660,0.161745,0.1,1,88700,88267,433
4953941,3.60128,0.0115491,437,176660,0.264349,0.1,1,88704,88267,437
4956861,3.12026,6.40231,432,176660,0.23687,0.1,1,88707,88275,432
4959761,2.22405,1.28046,434,176660,0.279374,0.21,1,88709,88275,434
4961841,5.24481,6.65609,432,176660,0.223875,0.23,1,88715,88283,432
4964761,11.449,10.9312,433,176660,0.292775,0.23,1,88728,88295,433
4966421,4.68979,2.18624,436,176660,0.314555,0.25,1,88731,88295,436
4969341,2.53796,9.23725,427,176660,0.318911,0.25,1,88733,88306,427
4972261,2.10759,1.84745,429,176660,0.311782,0.25,1,88735,88306,429
4974741,8.42152,0.36949,439,176660,0.214356,0.17,1,88745,88306,439
4977661,3.2843,9.6739,429,176660,0.162871,0.17,1,88747,88318,429
4980581,2.25686,1.93478,431,176660,0.120574,0.17,1,88749,88318,431
4983061,3.65137,0.386956,435,176660,0.232115,0.15,1,88753,88318,435
4985761,2.33027,3.27739,433,176660,0.254423,0.22,1,88755,88322,433
4988681,5.26606,6.25548,432,176660,0.274885,0.22,1,88761,88329,432
4990341,11.4532,1.2511,445,176660,0.222977,0.19,1,88774,88329,445
4992421,5.49064,10.6502,436,176660,0.188595,0.21,1,88778,88342,436
4995341,2.69813,13.33,424,176660,0.149719,0.21,1,88780,88356,424
4997621,86.9396,2.66601,532,176660,0.261944,0.13,1,88888,88356,532
5000541,18.9879,89.3332,423,178120,0.252389,0.13,1,88890,88467,423
5003461,5.39758,17.8666,425,178120,0.250478,0.13,1,88892,88467,425
5006381,2.67952,3.57333,427,178120,0.218096,0.13,1,88894,88467,427
5009301,2.1359,0.714666,429,178120,0.211619,0.13,1,88896,88467,429
5011141,21.2272,0.142933,455,178120,0.0743238,0.16,1,88922,88467,455
5014061,5.84544,23.2286,428,178120,0.246865,0.16,1,88924,88496,428
5016341,100.369,4.64572,552,178120,0.201373,0.31,1,89048,88496,552
5019261,22.4738,101.729,429,178120,0.136275,0.31,1,89051,88622,429
5022181,6.09476,20.3458,431,178120,0.0992549,0.31,1,89053,88622,431
5025101,2.81895,4.06917,433,178120,0.099851,0.31,1,89055,88622,433
5028021,2.16379,0.813833,435,178120,0.0599702,0.31,1,89057,88622,435
5030901,14.8328,0.162767,453,178120,0.203994,0.27,1,89075,88622,453
5033821,4.56655,17.6326,433,178120,0.232799,0.27,1,89077,88644,433
5036101,4.11331,3.52651,437,178120,0.20656,0.22,1,89081,88644,437
5039021,2.42266,4.7053,434,178120,0.201312,0.22,1,89083,88649,434
5041301,6.88453,0.94106,442,178120,0.152262,0.31,1,89091,88649,442
5044221,2.97691,10.5882,431,178120,0.110452,0.31,1,89093,88662,431
5047141,2.19538,2.11764,433,178120,0.0700905,0.31,1,89095,88662,433
5049621,9.23908,0.423528,444,178120,0.110018,0.22,1,89106,88662,444
5052541,4.24782,10.4847,434,178120,0.110004,0.22,1,89109,88675,434
5055461,2.44956,2.09694,436,178120,0.0780007,0.22,1,89111,88675,436
5057941,5.28991,0.419388,442,178120,0.0956002,0.08,1,89117,88675,442
5060021,2.65798,5.68388,437,178120,0.06712,0.3,1,89119,88682,437
5062941,2.1316,9.13678,429,178120,0.037424,0.3,1,89121,88692,429
5065861,2.02632,1.82735,431,178120,0.175485,0.3,1,89123,88692,431
5068781,2.00526,0.365471,433,178120,0.219097,0.3,1,89125,88692,433
5071041,2.00105,0.0730942,435,178120,0.227819,0.2,1,89127,88692,435
5073961,3.60021,4.81462,433,178120,0.165564,0.2,1,89131,88698,433
5076881,2.32004,0.962924,435,178120,0.121113,0.2,1,89133,88698,435
5078741,4.46401,0.192585,440,178120,0.120223,0.29,1,89138,88698,440
5081661,2.4928,8.83852,431,178120,0.120045,0.29,1,89140,88709,431
5084581,2.09856,1.7677,433,178120,0.0880089,0.29,1,89142,88709,433
5087501,2.01971,0.353541,435,178120,0.169602,0.29,1,89144,88709,435
5089141,4.40394,0.0707081,440,178120,0.17792,0.21,1,89149,88709,440
5090801,1.68079,4.81414,435,178120,0.219584,0.2,1,89150,88715,435
5092881,3.53616,3.36283,436,178120,0.227917,0.31,1,89154,88718,436
5095801,11.9072,17.4726,429,178120,0.205583,0.31,1,89168,88739,429
5098721,3.98145,3.49451,431,178120,0.201117,0.31,1,89170,88739,431
5101641,2.39629,0.698903,433,178120,0.200223,0.31,1,89172,88739,433
5103281,1.27926,0.139781,434,178120,0.216045,0.28,1,89173,88739,434
5106201,6.65585,8.82796,431,178120,0.171209,0.28,1,89181,88750,431
5109121,2.93117,1.76559,433,178120,0.130242,0.28,1,89183,88750,433
5111601,2.18623,0.353118,435,178120,0.0900484,0.28,1,89185,88750,435
5114521,6.83725,8.87062,432,178120,0.14601,0.28,1,89193,88761,432
5116801,2.96745,1.77412,434,178120,0.125202,0.22,1,89195,88761,434
5118881,4.59349,7.55483,430,178120,0.0970404,0.22,1,89200,88770,430
5120961,7.3187,6.31097,432,178120,0.203408,0.24,1,89208,88776,432
5123881,3.06374,5.26219,429,178120,0.192682,0.24,1,89210,88781,429
5126161,2.21275,1.05244,431,178120,0.158536,0.23,1,89212,88781,431
5129081,91.6426,91.4105,431,178120,0.111707,0.23,1,89326,88895,431
5132001,19.9285,18.2821,433,178120,0.158341,0.23,1,89328,88895,433
5134921,5.5857,3.65642,435,178120,0.167668,0.23,1,89330,88895,435
5136561,1.91714,0.731284,436,178120,0.161534,0.31,1,89331,88895,436
5139481,1.98343,8.94626,427,178120,0.152307,0.31,1,89333,88906,427
5141141,21.1967,1.78925,453,178120,0.0304613,0.25,1,89359,88906,453
5144061,5.83934,22.7578,427,178120,0.00609227,0.25,1,89361,88934,427
5146341,101.168,4.55157,552,178120,0.177218,0.2,1,89486,88934,552
5149261,21.8336,103.31,426,178120,0.179444,0.2,1,89488,89062,426
5152181,5.96671,20.6621,428,178120,0.147889,0.2,1,89490,89062,428
5155101,2.79334,4.13241,430,178120,0.109578,0.2,1,89492,89062,430
5158021,2.15867,0.826482,432,178120,0.101916,0.2,1,89494,89062,432
5159861,14.0317,0.165296,449,178120,0.268383,0.2,1,89511,89062,449
5162781,4.40635,19.2331,427,178120,0.301677,0.2,1,89513,89086,427
5165701,2.48127,3.84661,429,178120,0.308335,0.2,1,89515,89086,429
5168621,2.09625,0.769322,431,178120,0.277667,0.2,1,89517,89086,431
5171301,6.81925,0.153864,439,178120,0.239533,0.22,1,89525,89086,439
5174221,2.96385,12.0308,426,178120,0.191907,0.22,1,89527,89101,426
5177141,2.19277,2.40615,428,178120,0.150381,0.22,1,89529,89101,428
5179621,4.43855,0.481231,433,178120,0.278076,0.16,1,89534,89101,433
5182541,4.08771,8.89625,426,178120,0.271615,0.16,1,89538,89112,426
5185461,4.01754,1.77925,430,178120,0.238323,0.16,1,89542,89112,430
5187941,7.20351,0.35585,438,178120,0.183665,0.21,1,89550,89112,438
5190861,3.0407,8.87117,429,178120,0.132733,0.21,1,89552,89123,429
5193761,2.20814,1.77423,431,178120,0.0905466,0.14,1,89554,89123,431
5196681,3.64163,7.55485,426,178120,0.122109,0.14,1,89558,89132,426
5199601,2.32833,1.51097,428,178120,0.224422,0.14,1,89560,89132,428
5202521,2.06567,0.302194,430,178120,0.212884,0.14,1,89562,89132,430
5204161,1.21313,0.0604388,431,178120,0.194577,0.14,1,89563,89132,431
5207081,5.04263,5.61209,430,178120,0.206915,0.14,1,89569,89139,430
5209361,2.60853,1.12242,432,178120,0.177383,0.21,1,89571,89139,432
5212281,2.12171,3.42448,430,178120,0.147477,0.21,1,89573,89143,430
5215201,2.02434,0.684897,432,178120,0.141495,0.21,1,89575,89143,432
5217061,6.00487,0.136979,439,178120,0.204299,0.23,1,89582,89143,439
5219981,2.80097,8.8274,430,178120,0.18486,0.23,1,89584,89154,430
5221841,1.36019,1.76548,431,178120,0.164972,0.2,1,89585,89154,431
5223921,11.472,11.5531,431,178120,0.192994,0.19,1,89599,89168,431
5226841,5.49441,8.71062,427,178120,0.278599,0.19,1,89603,89176,427
5229761,2.69888,1.74212,429,178120,0.29572,0.19,1,89605,89176,429
5232681,2.13978,0.348425,431,178120,0.267144,0.19,1,89607,89176,431
5234321,1.22796,0.0696849,432,178120,0.277429,0.22,1,89608,89176,432
5237241,8.24559,11.2139,428,178120,0.223486,0.22,1,89618,89190,428
5240161,3.24912,2.24279,430,178120,0.212697,0.22,1,89620,89190,430
5242641,2.24982,0.448557,432,178120,0.210539,0.12,1,89622,89190,432
5245561,5.24996,5.68971,431,178120,0.194108,0.12,1,89628,89197,431
5247841,2.64999,1.13794,433,178120,0.166822,0.19,1,89630,89197,433
5250761,6.93,10.6276,428,178120,0.209364,0.19,1,89638,89210,428
5253461,4.586,2.12552,432,178120,0.193873,0.06,1,89642,89210,432
5256381,2.5172,6.0251,427,178120,0.214775,0.06,1,89644,89217,427
5258661,90.1034,1.20502,539,178120,0.178955,0.2,1,89756,89217,539
5261581,19.6207,93.841,424,178120,0.171791,0.2,1,89758,89334,424
5264501,5.52414,18.7682,426,178120,0.234358,0.2,1,89760,89334,426
5267421,2.70483,3.75364,428,178120,0.214872,0.2,1,89762,89334,428
5269681,2.14097,0.750728,430,178120,0.178974,0.27,1,89764,89334,430
5272601,29.2282,28.9501,430,178120,0.211795,0.27,1,89800,89370,430
5274881,7.44564,5.79003,432,178120,0.226359,0.1,1,89802,89370,432
5277801,97.4891,100.358,428,178120,0.213272,0.1,1,89922,89494,428
5280721,21.0978,20.0716,430,178120,0.186654,0.1,1,89924,89494,430
5283641,5.81956,4.01432,432,178120,0.189331,0.1,1,89926,89494,432
5285281,1.96391,0.802864,433,178120,0.173866,0.22,1,89927,89494,433
5288201,6.79278,4.96057,435,178120,0.194773,0.22,1,89935,89500,435
5289861,13.3586,0.992115,450,178120,0.246955,0.29,1,89950,89500,450
5292781,4.27171,17.7984,430,178120,0.257391,0.29,1,89952,89522,430
5295701,2.45434,3.55968,432,178120,0.283478,0.29,1,89954,89522,432
5298621,2.09087,0.711937,434,178120,0.256696,0.29,1,89956,89522,434
5300261,2.81817,0.142387,437,178120,0.259339,0.18,1,89959,89522,437
5301921,1.36363,4.02848,433,178120,0.243868,0.26,1,89960,89527,433
5304841,3.47273,8.0057,428,178120,0.272774,0.26,1,89964,89536,428
5307761,2.29455,1.60114,430,178120,0.246555,0.26,1,89966,89536,430
5310241,2.05891,0.320228,432,178120,0.249311,0.23,1,89968,89536,432
5313161,3.61178,8.86405,425,178120,0.289862,0.23,1,89972,89547,425
5316081,2.32236,1.77281,427,178120,0.265972,0.23,1,89974,89547,427
5317941,9.26447,0.354562,438,178120,0.269194,0.13,1,89985,89547,438
5320861,3.45289,8.87091,429,178120,0.333839,0.13,1,89987,89558,429
5323781,2.29058,1.77418,431,178120,0.314768,0.13,1,89989,89558,431
5326261,5.25812,0.354836,437,178120,0.246954,0.17,1,89995,89558,437
5329181,2.65162,10.471,426,178120,0.201391,0.17,1,89997,89571,426
5332101,2.13032,2.09419,428,178120,0.240278,0.17,1,89999,89571,428
5335021,2.02606,0.418839,430,178120,0.216056,0.17,1,90001,89571,430
5337281,2.00521,0.0837677,432,178120,0.299211,0.16,1,90003,89571,432
5340201,3.60104,4.01675,431,178120,0.291842,0.16,1,90007,89576,431
5343121,2.32021,0.803351,433,178120,0.258368,0.16,1,90009,89576,433
5345601,2.06404,0.16067,435,178120,0.219674,0.27,1,90011,89576,435
5348521,8.41281,10.4321,432,178120,0.219935,0.27,1,90021,89589,432
5351441,3.28256,2.08643,434,178120,0.275987,0.27,1,90023,89589,434
5354341,9.45651,0.417285,445,178120,0.231197,0.26,1,90034,89589,445
5357261,3.4913,14.4835,429,178120,0.190239,0.26,1,90036,89607,429
5360161,2.29826,2.89669,431,178120,0.278048,0.21,1,90038,89607,431
5363081,6.85965,5.37934,433,178120,0.29561,0.21,1,90046,89613,433
5365361,2.97193,1.07587,435,178120,0.267122,0.27,1,90048,89613,435
5368281,3.79439,9.01517,428,178120,0.229424,0.27,1,90052,89624,428
5371201,2.35888,1.80303,430,178120,0.333885,0.27,1,90054,89624,430
5373681,2.07178,0.360607,432,178120,0.322777,0.12,1,90056,89624,432
5376601,6.81436,6.47212,432,178120,0.256555,0.12,1,90064,89632,432
5378881,2.96287,1.29442,434,178120,0.283311,0.18,1,90066,89632,434
5381801,8.59257,11.4589,430,178120,0.224662,0.18,1,90076,89646,430
5384721,3.31851,2.29178,432,178120,0.268932,0.18,1,90078,89646,432
5387201,2.2637,0.458355,434,178120,0.277786,0.12,1,90080,89646,434
5390121,90.8527,96.8917,426,178120,0.287557,0.12,1,90193,89767,426
5393041,19.7705,19.3783,428,178120,0.257511,0.12,1,90195,89767,428
5395961,5.55411,3.87567,430,178120,0.275502,0.12,1,90197,89767,430
5398881,2.71082,0.775133,432,178120,0.2471,0.12,1,90199,89767,432
5400721,1.34216,0.155027,433,178120,0.22542,0.19,1,90200,89767,433
5403641,28.2684,29.631,431,178120,0.261084,0.19,1,90235,89804,431
5405921,7.25369,5.9262,433,178120,0.236217,0.23,1,90237,89804,433
5408841,100.651,101.985,431,178120,0.231243,0.23,1,90361,89930,431
5411761,21.7301,20.397,433,178120,0.286249,0.23,1,90363,89930,433
5414681,5.94603,4.07941,435,178120,0.26525,0.23,1,90365,89930,435
5416321,1.98921,0.815882,436,178120,0.24505,0.33,1,90366,89930,436
5418401,8.39784,9.76318,434,178120,0.27301,0.31,1,90376,89942,434
5421321,10.4796,10.7526,434,178120,0.294602,0.31,1,90387,89953,434
5423601,3.69591,2.15053,436,178120,0.33092,0.24,1,90389,89953,436
5426521,3.93918,6.03011,433,178120,0.346184,0.24,1,90393,89960,433
5429441,2.38784,1.20602,435,178120,0.317237,0.24,1,90395,89960,435
5432341,6.07757,0.241204,442,178120,0.255447,0.3,1,90402,89960,442
5435261,2.81551,8.04824,434,178120,0.219089,0.3,1,90404,89970,434
5438181,2.1631,1.60965,436,178120,0.251818,0.3,1,90406,89970,436
5441101,2.03262,0.32193,438,178120,0.266364,0.3,1,90408,89970,438
5442741,2.00652,0.0643859,440,178120,0.237273,0.24,1,90410,89970,440
5445661,2.8013,4.01288,438,178120,0.263455,0.24,1,90413,89975,438
5447941,8.56026,0.802575,448,178120,0.220691,0.27,1,90423,89975,448
5450861,3.31205,12.9605,434,178120,0.300138,0.27,1,90425,89991,434
5453781,2.26241,2.5921,436,178120,0.308028,0.27,1,90427,89991,436
5456261,5.25248,0.518421,442,178120,0.205606,0.35,1,90433,89991,442
5459181,2.6505,8.90368,433,178120,0.153121,0.35,1,90435,90002,433
5462101,2.1301,1.78074,435,178120,0.110624,0.35,1,90437,90002,435
5465021,2.02602,0.356147,437,178120,0.158125,0.35,1,90439,90002,437
5466661,2.8052,0.0712295,440,178120,0.263625,0.21,1,90442,90002,440
5469581,2.16104,7.21425,433,178120,0.252725,0.21,1,90444,90011,433
5472501,2.03221,1.44285,435,178120,0.242545,0.21,1,90446,90011,435
5474981,9.20644,0.28857,446,178120,0.224509,0.31,1,90457,90011,446
5477901,4.24129,12.0577,434,178120,0.220902,0.31,1,90460,90026,434
5480821,2.44826,2.41154,436,178120,0.22018,0.31,1,90462,90026,436
5483301,11.6897,0.482309,450,178120,0.284036,0.36,1,90476,90026,450
5486221,3.93793,13.6965,435,178120,0.296807,0.36,1,90478,90043,435
5489141,2.38759,2.73929,437,178120,0.291361,0.36,1,90480,90043,437
5491201,2.07752,0.547858,439,178120,0.282272,0.36,1,90482,90043,439
5494121,5.2155,8.90957,434,178120,0.248454,0.36,1,90488,90054,434
5497041,2.6431,1.78191,436,178120,0.209691,0.36,1,90490,90054,436
5499941,6.92862,0.356383,444,178120,0.233938,0.29,1,90498,90054,444
5502861,2.98572,9.67128,434,178120,0.206788,0.29,1,90500,90066,434
5505781,2.19714,1.93426,436,178120,0.169358,0.29,1,90502,90066,436
5508261,3.63943,0.386851,440,178120,0.233872,0.23,1,90506,90066,440
5509921,1.52789,4.07737,436,178120,0.238774,0.3,1,90507,90071,436
5512001,6.70558,5.61547,438,178120,0.167755,0.3,1,90515,90077,438
5514921,4.54112,5.12309,437,178120,0.217551,0.3,1,90519,90082,437
5517841,2.50822,1.02462,439,178120,0.19551,0.3,1,90521,90082,439
5519701,91.7016,0.204924,553,178120,0.215102,0.2,1,90635,90082,553
5522621,19.9403,101.641,428,178120,0.21102,0.2,1,90637,90209,428
5525541,5.58807,20.3282,430,178120,0.178204,0.2,1,90639,90209,430
5528461,2.71761,4.06564,432,178120,0.147641,0.2,1,90641,90209,432
5531381,2.14352,0.813128,434,178120,0.109528,0.2,1,90643,90209,434
5533221,24.4287,0.162626,464,178120,0.149906,0.27,1,90673,90209,464
5536141,6.48574,29.6325,429,178120,0.213981,0.27,1,90675,90246,429
5538421,99.6971,5.9265,552,178120,0.162796,0.26,1,90798,90246,552
5541341,21.5394,96.3853,435,178120,0.120559,0.26,1,90800,90365,435
5543621,11.5079,19.2771,444,178120,0.152112,0.26,1,90809,90365,444
5546541,4.70158,10.2554,439,178120,0.110422,0.26,1,90812,90373,439
5548821,4.14032,2.05108,443,178120,0.102084,0.28,1,90816,90373,443
5550901,8.82806,4.41022,448,178120,0.188417,0.33,1,90826,90378,448
5553821,3.36561,13.682,434,178120,0.165683,0.33,1,90828,90394,434
5556721,2.27312,2.73641,436,178120,0.169137,0.24,1,90830,90394,436
5559641,5.25462,6.94728,434,178120,0.161827,0.24,1,90836,90402,434
5561301,1.85092,1.38946,435,178120,0.160365,0.28,1,90837,90402,435
5564221,1.97018,2.67789,434,178120,0.128073,0.28,1,90839,90405,434
5566081,1.19404,0.535578,435,178120,0.105615,0.24,1,90840,90405,435
5569001,3.43881,7.30712,430,178120,0.101123,0.24,1,90844,90414,430
5571921,2.28776,1.46142,432,178120,0.100225,0.24,1,90846,90414,432
5574841,2.05755,0.292285,434,178120,0.188045,0.24,1,90848,90414,434
5576481,1.21151,0.0584569,435,178120,0.189609,0.22,1,90849,90414,435
5579401,11.4423,13.6117,432,178120,0.165922,0.22,1,90863,90431,432
5582321,3.88846,2.72234,434,178120,0.129184,0.22,1,90865,90431,434
5584801,2.37769,0.544468,436,178120,0.0898369,0.16,1,90867,90431,436
5586881,2.07554,2.50889,435,178120,0.0499674,0.27,1,90869,90434,435
5589801,3.61511,7.70178,430,178120,0.113993,0.27,1,90873,90443,430
5592721,2.32302,1.54036,432,178120,0.182799,0.27,1,90875,90443,432
5595641,2.0646,0.308071,434,178120,0.15656,0.27,1,90877,90443,434
5597281,1.21292,0.0616142,435,178120,0.135312,0.28,1,90878,90443,435
5600201,8.24258,8.81232,434,178120,0.139062,0.28,1,90888,90454,434
5603121,3.24852,1.76246,436,178120,0.107812,0.28,1,90890,90454,436
5604981,4.6497,0.352493,441,178120,0.229563,0.33,1,90895,90454,441
5607901,2.52994,8.8705,432,178120,0.221913,0.33,1,90897,90465,432
5610821,2.10599,1.7741,434,178120,0.220382,0.33,1,90899,90465,434
5613301,10.0212,0.35482,446,178120,0.204076,0.28,1,90911,90465,446
5616221,3.60424,13.671,431,178120,0.200815,0.28,1,90913,90482,431
5619141,2.32085,2.73419,433,178120,0.200163,0.28,1,90915,90482,433
5621621,6.86417,0.546839,441,178120,0.200033,0.3,1,90923,90482,441
5624541,2.97283,8.90937,432,178120,0.168007,0.3,1,90925,90493,432
5627441,2.19457,1.78187,434,178120,0.129601,0.24,1,90927,90493,434
5630361,6.83891,11.5564,428,178120,0.16992,0.24,1,90935,90507,428
5633281,2.96778,2.31127,430,178120,0.145984,0.24,1,90937,90507,430
5636201,2.19356,0.462255,432,178120,0.197197,0.24,1,90939,90507,432
5638881,2.03871,0.092451,434,178120,0.215439,0.19,1,90941,90507,434
5641801,8.40774,11.2185,430,178120,0.179088,0.19,1,90951,90521,430
5644721,3.28155,2.2437,432,178120,0.139818,0.19,1,90953,90521,432
5646581,9.45631,0.44874,443,178120,0.163964,0.2,1,90964,90521,443
5648241,2.69126,12.8897,428,178120,0.152793,0.19,1,90965,90537,428
5651161,84.5383,91.378,422,178120,0.222559,0.19,1,91070,90648,422
5654081,18.5076,18.2756,424,178120,0.220512,0.19,1,91072,90648,424
5657001,5.30153,3.65512,426,178120,0.188102,0.19,1,91074,90648,426
5659921,2.66031,0.731023,428,178120,0.15762,0.19,1,91076,90648,428
5661761,1.33206,0.146205,429,178120,0.135524,0.14,1,91077,90648,429
5664681,26.6664,26.4292,429,178120,0.211105,0.14,1,91110,90681,429
5666961,6.93328,5.28585,431,178120,0.194221,0.16,1,91112,90681,431
5669881,100.587,103.457,427,178120,0.206844,0.16,1,91236,90809,427
5672161,21.7173,20.6914,429,178120,0.273369,0.12,1,91238,90809,429
5675081,7.54347,7.33829,429,178120,0.310674,0.12,1,91242,90813,429
5677361,3.10869,1.46766,431,178120,0.286135,0.25,1,91244,90813,431
5679441,8.62174,9.09353,430,178120,0.169227,0.16,1,91254,90824,430
5682361,8.92435,12.2187,426,178120,0.281845,0.16,1,91263,90837,426
5685281,3.38487,2.44374,428,178120,0.280369,0.16,1,91265,90837,428
5688201,2.27697,0.488748,430,178120,0.280074,0.16,1,91267,90837,430
5689841,1.25539,0.0977496,431,178120,0.280015,0.23,1,91268,90837,431
5692761,3.45108,8.01955,425,178120,0.248003,0.23,1,91272,90847,425
5695681,2.29022,1.60391,427,178120,0.201601,0.23,1,91274,90847,427
5698601,2.05804,0.320782,429,178120,0.16832,0.23,1,91276,90847,429
5701521,2.01161,0.0641564,431,178120,0.129664,0.23,1,91278,90847,431
5703781,10.8023,0.0128313,444,178120,0.193933,0.16,1,91291,90847,444
5706701,4.56046,12.8026,431,178120,0.262787,0.16,1,91294,90863,431
5708981,4.11209,2.56051,435,178120,0.204557,0.13,1,91298,90863,435
5711901,2.42242,8.5121,427,178120,0.168911,0.13,1,91300,90873,427
5714821,2.08448,1.70242,429,178120,0.161782,0.13,1,91302,90873,429
5717741,2.0169,0.340484,431,178120,0.128356,0.13,1,91304,90873,431
5719381,5.20338,0.0680968,437,178120,0.161671,0.21,1,91310,90873,437
5722301,3.44068,8.81362,429,178120,0.224334,0.21,1,91313,90884,429
5725221,2.28814,1.76272,431,178120,0.204867,0.21,1,91315,90884,431
5728141,2.05763,0.352545,433,178120,0.192973,0.21,1,91317,90884,433
5729781,6.01153,0.0705089,440,178120,0.222595,0.22,1,91324,90884,440
5732701,2.80231,12.0141,427,178120,0.204519,0.22,1,91326,90899,427
5735621,2.16046,2.40282,429,178120,0.168904,0.22,1,91328,90899,429
5738541,2.03209,0.480564,431,178120,0.161781,0.22,1,91330,90899,431
5740181,6.00642,0.0961128,438,178120,0.208356,0.14,1,91337,90899,438
5741841,2.00128,6.41922,431,178120,0.201671,0.27,1,91338,90907,431
5744761,6.80026,10.0838,428,178120,0.168334,0.27,1,91346,90918,428
5747681,2.96005,2.01677,430,178120,0.129667,0.27,1,91348,90918,430
5750161,2.19201,0.403354,432,178120,0.265933,0.25,1,91350,90918,432
5753081,5.2384,8.08067,428,179580,0.261187,0.25,1,91356,90928,428
5756001,2.64768,1.61613,430,179580,0.228237,0.25,1,91358,90928,430
5758481,2.12954,0.323227,432,179580,0.189647,0.23,1,91360,90928,432
5761401,6.82591,8.06465,430,179580,0.237929,0.23,1,91368,90938,430
5763681,2.96518,1.61293,432,179580,0.215586,0.22,1,91370,90938,432
5766601,3.79304,8.32259,426,179580,0.299117,0.22,1,91374,90948,426
5769521,2.35861,1.66452,428,179580,0.291823,0.22,1,91376,90948,428
5771381,10.8717,0.332903,441,179580,0.226365,0.21,1,91389,90948,441
5774301,3.77434,11.2666,429,179580,0.205273,0.21,1,91391,90962,429
5776581,7.15487,2.25332,437,179580,0.281055,0.19,1,91399,90962,437
5779281,3.03097,8.45066,429,179580,0.264211,0.24,1,91401,90972,429
5782201,83.8062,87.2901,426,179580,0.260842,0.24,1,91505,91079,426
5785121,18.3612,17.458,428,179580,0.260168,0.24,1,91507,91079,428
5788041,5.27225,3.4916,430,179580,0.228034,0.24,1,91509,91079,430
5790961,2.65445,0.698321,432,179580,0.189607,0.24,1,91511,91079,432
5792801,1.33089,0.139664,433,179580,0.173921,0.13,1,91512,91079,433
5795721,28.2662,31.2279,429,179580,0.146784,0.13,1,91547,91118,429
5798001,8.05324,6.24559,432,179580,0.213357,0.27,1,91550,91118,432
5800921,103.211,104.449,430,179580,0.194671,0.27,1,91677,91247,430
5803841,22.2421,20.8898,432,179580,0.198934,0.27,1,91679,91247,432
5806761,6.04843,4.17796,434,179580,0.199787,0.27,1,91681,91247,434
5808401,2.00969,0.835593,435,179580,0.183957,0.32,1,91682,91247,435
5810481,8.40194,8.16712,435,179580,0.116791,0.28,1,91692,91257,435
5813401,8.08039,12.0334,430,179580,0.103358,0.28,1,91700,91270,430
5816321,3.21608,2.40668,432,179580,0.0686717,0.28,1,91702,91270,432
5819241,2.24322,0.481337,434,179580,0.197734,0.28,1,91704,91270,434
5820881,1.24864,0.0962674,435,179580,0.215547,0.17,1,91705,91270,435
5823801,1.84973,4.01925,432,179580,0.195109,0.17,1,91707,91275,432
5826081,1.96995,0.803851,434,179580,0.207022,0.25,1,91709,91275,434
5829001,5.19399,6.56077,432,179580,0.145404,0.25,1,91715,91283,432
5831921,2.6388,1.31215,434,179580,0.189081,0.25,1,91717,91283,434
5833781,2.92776,0.262431,437,179580,0.157816,0.28,1,91720,91283,437
5835861,8.58555,8.85249,436,179580,0.223563,0.16,1,91730,91294,436
5838781,3.31711,8.1705,430,179580,0.204713,0.16,1,91732,91302,430
5841701,2.26342,1.6341,432,179580,0.168943,0.16,1,91734,91302,432
5844181,6.85268,0.32682,440,179580,0.0897885,0.24,1,91742,91302,440
5847101,2.97054,8.86536,431,179580,0.0499577,0.24,1,91744,91313,431
5850001,2.19411,1.77307,433,179580,0.00999154,0.23,1,91746,91313,433
5852921,6.83882,9.15461,430,179580,0.169998,0.23,1,91754,91324,430
5855841,2.96776,1.83092,432,179580,0.178,0.23,1,91756,91324,432
5858321,2.19355,0.366185,434,179580,0.2356,0.2,1,91758,91324,434
5861241,6.83871,11.2732,428,179580,0.22312,0.2,1,91766,91338,428
5864161,2.96774,2.25465,430,179580,0.188624,0.2,1,91768,91338,430
5867081,2.19355,0.450929,432,179580,0.205725,0.2,1,91770,91338,432
5870001,2.03871,0.0901859,434,179580,0.257145,0.2,1,91772,91338,434
5872261,6.80774,0.0180372,442,179580,0.203429,0.3,1,91780,91338,442
5875181,2.96155,9.60361,432,179580,0.168686,0.3,1,91782,91350,432
5878081,2.19231,1.92072,434,179580,0.129737,0.3,1,91784,91350,434
5881001,5.23846,3.58414,436,179580,0.233947,0.3,1,91790,91354,436
5882661,2.64769,0.716829,438,179580,0.222789,0.29,1,91792,91354,438
5885581,2.92954,5.74337,434,179580,0.172558,0.29,1,91795,91361,434
5888501,2.18591,1.14867,436,179580,0.250512,0.29,1,91797,91361,436
5890981,6.83718,0.229735,444,179580,0.210102,0.32,1,91805,91361,444
5893901,2.96744,10.4459,433,179580,0.17002,0.32,1,91807,91374,433
5896181,5.39349,2.08919,439,179580,0.258004,0.22,1,91813,91374,439
5899101,2.6787,6.01784,434,179580,0.243601,0.22,1,91815,91381,434
5901381,13.3357,1.20357,450,179580,0.23272,0.23,1,91831,91381,450
5904301,4.26715,17.8407,430,179580,0.230544,0.23,1,91833,91403,430
5907221,2.45343,3.56814,432,179580,0.198109,0.23,1,91835,91403,432
5910141,2.09069,0.713628,434,179580,0.199622,0.23,1,91837,91403,434
5911781,86.0181,0.142726,541,179580,0.0879243,0.3,1,91944,91403,541
5914701,19.6036,89.6285,432,179580,0.153585,0.3,1,91947,91515,432
5917621,5.52073,17.9257,434,179580,0.142717,0.3,1,91949,91515,434
5920541,2.70414,3.58514,436,179580,0.108543,0.3,1,91951,91515,436
5923461,2.14083,0.717028,438,179580,0.101709,0.3,1,91953,91515,438
5925301,23.6282,0.143406,467,179580,0.0523417,0.17,1,91982,91515,467
5928221,6.32563,30.4287,431,179580,0.0424683,0.17,1,91984,91553,431
5930501,107.665,6.08574,564,179580,0.224494,0.1,1,92117,91553,564
5933421,23.133,112.417,427,179580,0.260899,0.1,1,92119,91692,427
5936341,6.2266,22.4834,429,179580,0.26818,0.1,1,92121,91692,429
5939261,2.84532,4.49669,431,179580,0.237636,0.1,1,92123,91692,431
5940901,4.56906,0.899337,436,179580,0.231527,0.07,1,92128,91692,436
5942981,4.11381,4.97987,434,179580,0.158305,0.22,1,92132,91698,434
5945901,2.42276,6.59597,429,179580,0.111661,0.22,1,92134,91705,429
5948821,2.08455,1.31919,431,179580,0.102332,0.22,1,92136,91705,431
5951301,6.01691,0.263839,438,179580,0.164466,0.16,1,92143,91705,438
5954221,3.60338,11.2528,427,179580,0.128893,0.16,1,92146,91719,427
5957141,2.32068,2.25055,429,179580,0.177779,0.16,1,92148,91719,429
5960061,2.06414,0.450111,431,179580,0.187556,0.16,1,92150,91719,431
5962321,2.01283,0.0900221,433,179580,0.189511,0.24,1,92152,91719,433
5964401,3.60257,8.818,426,179580,0.189902,0.12,1,92156,91730,426
5967321,9.52051,8.1636,429,179580,0.21398,0.12,1,92167,91738,429
5970241,3.5041,1.63272,431,179580,0.210796,0.12,1,92169,91738,431
5972721,2.30082,0.326544,433,179580,0.210159,0.14,1,92171,91738,433
5975641,5.26016,7.26531,430,179580,0.202032,0.14,1,92177,91747,430
5978561,2.65203,1.45306,432,179580,0.160406,0.14,1,92179,91747,432
5981041,2.13041,0.290612,434,179580,0.128081,0.25,1,92181,91747,434
5983961,6.82608,8.85812,431,179580,0.0656163,0.25,1,92189,91758,431
5986241,2.96522,1.77162,433,179580,0.141123,0.29,1,92191,91758,433
5989161,3.79304,1.95432,435,179580,0.156225,0.29,1,92195,91760,435
5990821,7.95861,0.390865,444,179580,0.143245,0.23,1,92204,91760,444
5993741,3.19172,14.4782,428,179580,0.108649,0.23,1,92206,91778,428
5996661,2.23834,2.89563,430,179580,0.17373,0.23,1,92208,91778,430
5999581,2.04767,0.579127,432,179580,0.178746,0.23,1,92210,91778,432
6002261,3.60953,0.115825,436,179580,0.187749,0.15,1,92214,91778,436
6005181,2.32191,5.62316,431,179580,0.14955,0.15,1,92216,91785,431
6008101,2.06438,1.12463,433,179580,0.14191,0.15,1,92218,91785,433
6010581,6.81288,0.224927,441,179580,0.140382,0.27,1,92226,91785,441
6013501,2.96258,11.245,429,179580,0.108076,0.27,1,92228,91799,429
6016421,2.19252,2.249,431,179580,0.0696153,0.27,1,92230,91799,431
6019341,2.0385,0.449799,433,179580,0.0619231,0.27,1,92232,91799,433
6020981,4.4077,0.0899599,438,179580,0.156385,0.27,1,92237,91799,438
6023901,2.48154,8.01799,430,179580,0.151277,0.27,1,92239,91809,430
6026181,6.09631,1.6036,437,179580,0.182255,0.2,1,92246,91809,437
6029101,2.81926,6.72072,431,179580,0.164451,0.2,1,92248,91817,431
6031381,12.5639,1.34414,446,179580,0.21689,0.18,1,92263,91817,446
6034301,4.11277,17.0688,427,179580,0.227378,0.18,1,92265,91838,427
6037221,2.42255,3.41377,429,179580,0.229476,0.18,1,92267,91838,429
6040141,2.08451,0.682753,431,179580,0.205895,0.18,1,92269,91838,431
6041781,89.2169,0.136551,542,179580,0.137179,0.22,1,92380,91838,542
6044701,19.4434,95.2273,425,179580,0.0834358,0.22,1,92382,91957,425
6047621,5.48868,19.0455,427,179580,0.160687,0.22,1,92384,91957,427
6050541,2.69774,3.80909,429,179580,0.144137,0.22,1,92386,91957,429
6053461,2.13955,0.761818,431,179580,0.108827,0.22,1,92388,91957,431
6055301,26.0279,0.152364,463,179580,0.0377655,0.14,1,92420,91957,463
6058221,7.60558,31.2305,427,179580,0.0075531,0.14,1,92423,91996,427
6060501,106.321,6.24609,558,179580,0.129511,0.19,1,92554,91996,558
6063421,22.8642,108.449,426,179580,0.161902,0.19,1,92556,92130,426
6066341,6.17284,21.6898,428,179580,0.19238,0.19,1,92558,92130,428
6069261,2.83457,4.33797,430,179580,0.222476,0.19,1,92560,92130,430
6071521,2.16691,0.867594,432,179580,0.268495,0.12,1,92562,92130,432
6074441,2.03338,5.77352,427,179580,0.277699,0.12,1,92564,92137,427
6077361,2.00668,1.1547,429,179580,0.24754,0.12,1,92566,92137,429
6079841,2.00134,0.230941,431,179580,0.209508,0.22,1,92568,92137,431
6082761,10.0003,12.8462,427,179580,0.185902,0.22,1,92580,92153,427
6085681,3.60005,2.56924,429,179580,0.18118,0.22,1,92582,92153,429
6088601,2.32001,0.513847,431,179580,0.180236,0.22,1,92584,92153,431
6091521,2.064,0.102769,433,179580,0.252047,0.22,1,92586,92153,433
6093361,1.2128,0.0205539,434,179580,0.250409,0.17,1,92587,92153,434
6095441,1.84256,3.20411,432,179580,0.218082,0.15,1,92589,92157,432
6098361,11.5685,18.2408,424,179580,0.219616,0.15,1,92603,92179,424
6101281,3.9137,3.64816,426,179580,0.187923,0.15,1,92605,92179,426
6104201,2.38274,0.729633,428,179580,0.157585,0.15,1,92607,92179,428
6105841,1.27655,0.145927,429,179580,0.143517,0.07,1,92608,92179,429
6108761,6.65531,7.22919,428,179580,0.108703,0.07,1,92616,92188,428
6111681,2.93106,1.44584,430,179580,0.165741,0.07,1,92618,92188,430
6113541,3.78621,0.289167,434,179580,0.265148,0.18,1,92622,92188,434
6116461,3.15724,6.45783,429,179580,0.30103,0.18,1,92625,92196,429
6119361,2.23145,1.29157,431,179580,0.276206,0.1,1,92627,92196,431
6121441,6.84629,8.25831,429,179580,0.279241,0.2,1,92635,92206,429
6124361,4.56926,7.25166,426,179580,0.215848,0.2,1,92639,92213,426
6127281,2.51385,1.45033,428,179580,0.20317,0.2,1,92641,92213,428
6129761,2.10277,0.290066,430,179580,0.200634,0.17,1,92643,92213,430
6132681,6.82055,8.85801,427,179580,0.216127,0.17,1,92651,92224,427
6135601,2.96411,1.7716,429,179580,0.187225,0.17,1,92653,92224,429
6138521,2.19282,0.35432,431,179580,0.277445,0.17,1,92655,92224,431
6140581,2.03856,0.0708641,433,179580,0.295489,0.06,1,92657,92224,433
6143501,2.00771,6.41417,427,179580,0.291098,0.06,1,92659,92232,427
6146421,2.00154,1.28283,429,179580,0.25022,0.06,1,92661,92232,429
6148901,5.20031,0.256567,435,179580,0.234044,0.12,1,92667,92232,435
6151821,2.64006,6.45131,429,179580,0.190809,0.12,1,92669,92240,429
6154721,2.12801,1.29026,431,179580,0.238162,0.23,1,92671,92240,431
6157641,8.4256,9.05805,430,179580,0.199632,0.23,1,92681,92251,430
6159921,3.28512,1.81161,432,179580,0.159926,0.11,1,92683,92251,432
6162841,14.257,20.3623,424,179580,0.159985,0.11,1,92700,92276,424
6165761,4.4514,4.07246,426,179580,0.255997,0.11,1,92702,92276,426
6168681,2.49028,0.814493,428,179580,0.251199,0.11,1,92704,92276,428
6170321,1.29806,0.162899,429,179580,0.23424,0.12,1,92705,92276,429
6173241,85.8596,88.8326,425,179580,0.190848,0.12,1,92812,92387,425
6176161,18.7719,17.7665,427,179580,0.27017,0.12,1,92814,92387,427
6179081,5.35438,3.5533,429,179580,0.254034,0.12,1,92816,92387,429
6180721,1.87088,0.710661,430,179580,0.234807,0.12,1,92817,92387,430
6183641,1.97418,5.74213,425,179580,0.230961,0.12,1,92819,92394,425
6185301,30.7948,1.14843,463,179580,0.118192,0.18,1,92857,92394,463
6188221,7.75897,30.6297,427,179580,0.0716385,0.18,1,92859,92432,427
6190501,105.552,6.12594,557,179580,0.158328,0.26,1,92989,92432,557
6193421,22.7104,107.625,426,179580,0.143666,0.26,1,92991,92565,426
6196341,6.14207,21.525,428,179580,0.108733,0.26,1,92993,92565,428
6199261,2.82841,4.30501,430,179580,0.101747,0.26,1,92995,92565,430
6202181,2.16568,0.861001,432,179580,0.0683493,0.26,1,92997,92565,432
6204641,2.03314,0.1722,434,179580,0.10967,0.29,1,92999,92565,434
6207561,6.80663,8.03444,432,179580,0.101934,0.29,1,93007,92575,432
6210481,2.96133,1.60689,434,179580,0.0683868,0.29,1,93009,92575,434
6212341,2.99227,0.321378,437,179580,0.0456774,0.2,1,93012,92575,437
6215261,2.19845,6.46428,431,179580,0.0491355,0.2,1,93014,92583,431
6217541,3.63969,1.29286,435,179580,0.169827,0.21,1,93018,92583,435
6220461,2.32794,5.05857,431,179580,0.161965,0.21,1,93020,92589,431
6223381,2.06559,1.01171,433,179580,0.216393,0.21,1,93022,92589,433
6225861,3.61312,0.202343,437,179580,0.219279,0.18,1,93026,92589,437
6227941,10.3226,7.24047,440,179580,0.0998557,0.19,1,93038,92598,440
6230861,3.66452,10.2481,431,179580,0.203971,0.19,1,93040,92609,431
6233781,2.3329,2.04962,433,179580,0.232794,0.19,1,93042,92609,433
6236701,2.06658,0.409924,435,179580,0.214559,0.19,1,93044,92609,435
6238341,7.61332,0.0819847,444,179580,0.106912,0.31,1,93053,92609,444
6241261,3.12266,11.2164,432,179580,0.0533824,0.31,1,93055,92623,432
6244161,2.22453,2.24328,434,179580,0.162676,0.29,1,93057,92623,434
6247081,8.44491,8.44866,434,179580,0.176535,0.29,1,93067,92633,434
6250001,3.28898,1.68973,436,179580,0.179307,0.29,1,93069,92633,436
6251861,3.0578,0.337946,439,179580,0.171861,0.31,1,93072,92633,439
6254781,2.21156,8.86759,430,181040,0.242372,0.31,1,93074,92644,430
6257701,2.04231,1.77352,432,181040,0.256474,0.31,1,93076,92644,432
6260621,2.00846,0.354704,434,181040,0.227295,0.31,1,93078,92644,434
6262261,6.00169,0.0709407,441,181040,0.141459,0.3,1,93085,92644,441
6265181,2.80034,8.81419,432,181040,0.212292,0.3,1,93087,92655,432
6267461,2.16007,1.76284,434,181040,0.202458,0.26,1,93089,92655,434
6270381,2.03201,4.35257,431,181040,0.200492,0.26,1,93091,92660,431
6273301,2.0064,0.870513,433,181040,0.200098,0.26,1,93093,92660,433
6275781,2.00128,0.174103,435,181040,0.20002,0.26,1,93095,92660,435
6277441,1.20026,1.63482,434,181040,0.240004,0.28,1,93096,92662,434
6280361,6.64005,9.92696,430,181040,0.184001,0.28,1,93104,92674,430
6283281,2.92801,1.98539,432,181040,0.1408,0.28,1,93106,92674,432
6285761,2.1856,0.397079,434,181040,0.13216,0.17,1,93108,92674,434
6287841,3.63712,6.47942,430,181040,0.138432,0.2,1,93112,92682,430
6290761,7.12742,7.69588,430,181040,0.171686,0.2,1,93120,92690,430
6292421,14.2255,1.53918,446,181040,0.162337,0.2,1,93136,92690,446
6295341,6.0451,17.9078,428,181040,0.120467,0.2,1,93140,92712,428
6298261,3.60902,3.58157,431,181040,0.120093,0.2,1,93143,92712,431
6301181,2.3218,0.716313,433,181040,0.120019,0.2,1,93145,92712,433
6302821,78.8644,0.143263,531,181040,0.0240037,0.26,1,93243,92712,531
6305741,18.9729,84.8287,429,181040,0.156801,0.26,1,93247,92818,429
6308661,6.19457,16.9657,432,181040,0.24736,0.26,1,93250,92818,432
6311581,2.83891,3.39315,434,181040,0.233472,0.26,1,93252,92818,434
6313221,6.16778,0.678629,441,181040,0.166694,0.27,1,93259,92818,441
6315301,25.2336,11.3357,457,181040,0.177339,0.17,1,93289,92832,457
6318221,6.64671,27.0671,428,181040,0.171468,0.17,1,93291,92863,428
6320501,102.129,5.41343,554,181040,0.266294,0.14,1,93417,92863,554
6322581,30.0259,103.483,438,181040,0.189259,0.12,1,93429,92991,438
6325501,7.60517,31.8965,426,181040,0.133852,0.12,1,93431,93005,426
6328421,3.12103,6.37931,428,181040,0.0907703,0.12,1,93433,93005,428
6331341,2.22421,1.27586,430,181040,0.162154,0.12,1,93435,93005,430
6334261,2.04484,0.255172,432,181040,0.272431,0.12,1,93437,93005,432
6337141,2.80897,0.0510344,435,181040,0.278486,0.08,1,93440,93005,435
6340061,2.96179,4.01021,433,181040,0.247697,0.08,1,93443,93010,433
6342341,2.19236,0.802041,435,181040,0.209539,0.26,1,93445,93010,435
6345261,2.03847,4.16041,432,181040,0.177908,0.26,1,93447,93015,432
6347541,6.00769,0.832082,439,181040,0.283582,0.18,1,93454,93015,439
6350461,3.60154,10.5664,429,181040,0.256716,0.18,1,93457,93028,429
6353381,2.32031,2.11328,431,181040,0.219343,0.18,1,93459,93028,431
6356301,2.06406,0.422657,433,181040,0.267869,0.18,1,93461,93028,433
6357941,6.81281,0.0845313,441,181040,0.221574,0.18,1,93469,93028,441
6360861,3.76256,13.6169,427,181040,0.188315,0.18,1,93472,93045,427
6363781,2.35251,2.72338,429,181040,0.181663,0.18,1,93474,93045,429
6366701,2.0705,0.544676,431,181040,0.156333,0.18,1,93476,93045,431
6368341,13.2141,0.108935,447,181040,0.247267,0.27,1,93492,93045,447
6371261,4.24282,14.4218,431,181040,0.289453,0.27,1,93494,93063,431
6374181,2.44856,2.88436,433,181040,0.297891,0.27,1,93496,93063,433
6376661,5.28971,0.576871,439,181040,0.307578,0.26,1,93502,93063,439
6379581,2.65794,10.5154,428,181040,0.269516,0.26,1,93504,93076,428
6382501,2.13159,2.10307,430,181040,0.229903,0.26,1,93506,93076,430
6385421,2.02632,0.420615,432,181040,0.189981,0.26,1,93508,93076,432
6387061,6.00526,0.084123,439,181040,0.229996,0.12,1,93515,93076,439
6389981,2.80105,7.21682,432,181040,0.205999,0.12,1,93517,93085,432
6392261,2.16021,1.44336,434,181040,0.1692,0.2,1,93519,93085,434
6395181,2.03204,5.08867,430,181040,0.16184,0.2,1,93521,93091,430
6398081,2.00641,1.01773,432,181040,0.280368,0.19,1,93523,93091,432
6401001,6.80128,9.80355,428,181040,0.272074,0.19,1,93531,93103,428
6403921,2.96026,1.96071,430,181040,0.238415,0.19,1,93533,93103,430
6406841,2.19205,0.392142,432,181040,0.231683,0.19,1,93535,93103,432
6408481,1.23841,0.0784284,433,181040,0.214337,0.27,1,93536,93103,433
6411401,5.04768,8.01569,429,181040,0.258867,0.27,1,93542,93113,429
6414321,2.60954,1.60314,431,181040,0.235773,0.27,1,93544,93113,431
6417241,2.12191,0.320627,433,181040,0.207155,0.27,1,93546,93113,433
6418881,1.22438,0.0641255,434,181040,0.185431,0.25,1,93547,93113,434
6420961,9.84488,15.2128,427,181040,0.213086,0.13,1,93559,93132,427
6423041,9.16898,8.64256,429,181040,0.314617,0.16,1,93568,93139,429
6425961,5.0338,9.72851,423,181040,0.326923,0.16,1,93572,93149,423
6428881,2.60676,1.9457,425,181040,0.297385,0.16,1,93574,93149,425
6431361,2.12135,0.38914,427,181040,0.259477,0.27,1,93576,93149,427
6434281,82.0243,80.8778,428,181040,0.171895,0.27,1,93678,93250,428
6436561,18.0049,16.1756,430,181040,0.242379,0.17,1,93680,93250,430
6439481,8.40097,9.63511,428,181040,0.200476,0.17,1,93686,93258,428
6441761,4.88019,1.92702,432,181040,0.128095,0.1,1,93690,93258,432
6443841,7.37604,7.5854,431,181040,0.121619,0.27,1,93698,93267,431
6446761,26.2752,25.5171,432,181040,0.128324,0.27,1,93729,93297,432
6449041,6.85504,5.10342,434,181040,0.137665,0.27,1,93731,93297,434
6451121,100.571,102.621,431,181040,0.171533,0.3,1,93855,93424,431
6454041,29.7142,30.9241,430,181040,0.146307,0.3,1,93867,93437,430
6456961,7.54284,6.18483,432,181040,0.141261,0.3,1,93869,93437,432
6459881,3.10857,1.23697,434,181040,0.100252,0.3,1,93871,93437,434
6461521,1.42171,0.247393,435,181040,0.0760504,0.24,1,93872,93437,435
6464441,3.48434,4.84948,433,181040,0.16721,0.24,1,93876,93443,433
6467361,2.29687,0.969896,435,181040,0.161442,0.24,1,93878,93443,435
6469221,1.25937,0.193979,436,181040,0.136288,0.25,1,93879,93443,436
6472141,1.85187,5.6388,431,181040,0.107258,0.25,1,93881,93450,431
6475061,1.97037,1.12776,433,181040,0.0694515,0.25,1,93883,93450,433
6477541,4.39407,0.225552,438,181040,0.14189,0.27,1,93888,93450,438
6479621,6.47881,4.84511,439,181040,0.0443781,0.24,1,93895,93456,439
6482541,2.89576,10.569,429,181040,0.176876,0.24,1,93897,93468,429
6485461,2.17915,2.1138,431,181040,0.203375,0.24,1,93899,93468,431
6487941,6.83583,0.422761,439,181040,0.120675,0.13,1,93907,93468,439
6490861,2.96717,7.28455,432,181040,0.096135,0.13,1,93909,93477,432
6493781,2.19343,1.45691,434,181040,0.059227,0.13,1,93911,93477,434
6496701,2.03869,0.291382,436,181040,0.0598454,0.13,1,93913,93477,436
6498341,14.0077,0.0582764,453,181040,0.171969,0.33,1,93930,93477,453
6501261,4.40155,17.6117,433,181040,0.194394,0.33,1,93932,93499,433
6504181,2.48031,3.52233,435,181040,0.222879,0.33,1,93934,93499,435
6506661,6.89606,0.704466,443,181040,0.180576,0.3,1,93942,93499,443
6509581,2.97921,10.5409,432,182500,0.140115,0.3,1,93944,93512,432
6512501,2.19584,2.10818,434,182500,0.108023,0.3,1,93946,93512,434
6515421,2.03917,0.421636,436,182500,0.101605,0.3,1,93948,93512,436
6517061,2.80783,0.0843271,439,182500,0.116321,0.18,1,93951,93512,439
6519981,2.16157,4.81687,435,182500,0.183264,0.18,1,93953,93518,435
6522261,4.43231,0.963373,440,182500,0.116653,0.3,1,93958,93518,440
6525181,3.28646,6.59267,435,182500,0.207331,0.3,1,93961,93526,435
6528101,2.25729,1.31853,437,182500,0.193466,0.3,1,93963,93526,437
6530581,5.25146,0.263707,443,182500,0.222693,0.36,1,93969,93526,443
6533501,2.65029,9.65274,433,182500,0.220539,0.36,1,93971,93538,433
6536421,2.13006,1.93055,435,182500,0.180108,0.36,1,93973,93538,435
6539341,2.02601,0.38611,437,182500,0.140022,0.36,1,93975,93538,437
6540981,6.8052,0.0772219,445,182500,0.172004,0.31,1,93983,93538,445
6543901,3.76104,11.2154,434,182500,0.202401,0.31,1,93986,93552,434
6546821,2.35221,2.24309,436,182500,0.20848,0.31,1,93988,93552,436
6549741,2.07044,0.448618,438,182500,0.209696,0.31,1,93990,93552,438
6551381,5.21409,0.0897235,444,182500,0.225939,0.24,1,93996,93552,444
6553461,9.84282,6.41794,447,182500,0.229188,0.35,1,94007,93560,447
6555541,3.56856,10.0836,438,182500,0.205838,0.32,1,94009,93571,438
6558461,2.31371,10.0167,430,182500,0.201168,0.32,1,94011,93581,430
6561381,2.06274,2.00334,432,182500,0.168234,0.32,1,94013,93581,432
6563861,82.8126,0.400669,535,182500,0.145647,0.08,1,94116,93581,535
6566781,18.1625,89.6801,425,182500,0.213129,0.08,1,94118,93693,425
6569701,5.2325,17.936,427,182500,0.194626,0.08,1,94120,93693,427
6572621,2.6465,3.5872,429,182500,0.150925,0.08,1,94122,93693,429
6574261,5.3293,0.717441,435,182500,0.078185,0.16,1,94128,93693,435
6576341,29.8659,9.74349,459,182500,0.215637,0.24,1,94164,93705,459
6579261,7.57317,29.1487,427,182500,0.211127,0.24,1,94166,93739,427
6581541,99.1146,5.82974,549,182500,0.266225,0.19,1,94288,93739,549
6583621,28.6229,101.166,435,182500,0.277245,0.19,1,94299,93864,435
6586541,7.32458,29.8332,425,182500,0.279449,0.19,1,94301,93876,425
6589461,3.06492,5.96664,427,182500,0.24789,0.19,1,94303,93876,427
6592381,2.21298,1.19333,429,182500,0.217578,0.19,1,94305,93876,429
6594021,2.0426,0.238665,431,182500,0.211516,0.06,1,94307,93876,431
6596941,2.80852,7.24773,425,182500,0.314303,0.06,1,94310,93885,425
6599861,2.1617,1.44955,427,182500,0.318861,0.06,1,94312,93885,427
6602781,2.03234,0.289909,429,182500,0.287772,0.06,1,94314,93885,429
6605701,2.00647,0.0579819,431,182500,0.249554,0.06,1,94316,93885,431
6607541,4.40129,0.0115964,436,182500,0.201911,0.02,1,94321,93885,436
6609621,5.68026,8.00232,432,182500,0.272382,0.14,1,94327,93895,432
6612541,2.73605,8.80046,425,182500,0.350476,0.14,1,94329,93904,425
6615461,2.14721,1.76009,427,182500,0.366095,0.14,1,94331,93904,427
6617941,6.02944,0.352019,434,182500,0.337219,0.14,1,94338,93904,434
6620861,4.40589,8.8704,427,182500,0.267444,0.14,1,94342,93915,427
6623781,3.28118,1.77408,430,182500,0.213489,0.14,1,94345,93915,430
6626701,2.25624,0.354816,432,182500,0.202698,0.14,1,94347,93915,432
6628341,17.2512,0.0709632,453,182500,0.25654,0.19,1,94368,93915,453
6631261,5.05025,20.8142,429,182500,0.299308,0.19,1,94370,93941,429
6634181,2.61005,4.16284,431,182500,0.331862,0.19,1,94372,93941,431
6636661,2.92201,0.832568,434,182500,0.330372,0.12,1,94375,93941,434
6639581,2.9844,6.56651,429,182500,0.346074,0.12,1,94378,93949,429
6642501,2.19688,1.3133,431,182500,0.317215,0.12,1,94380,93949,431
6645421,2.03938,0.262661,433,182500,0.279443,0.12,1,94382,93949,433
6647061,2.00788,0.0525321,435,182500,0.295889,0.16,1,94384,93949,435
6649981,2.80158,4.81051,432,182500,0.259178,0.16,1,94387,93955,432
6652261,3.76032,0.962101,436,182500,0.315836,0.25,1,94391,93955,436
6654341,5.55206,4.19242,437,182500,0.335167,0.24,1,94397,93960,437
6657261,2.71041,8.83848,429,182500,0.307033,0.24,1,94399,93970,429
6660181,2.14208,1.7677,431,182500,0.309407,0.24,1,94401,93970,431
6662661,2.02842,0.353539,433,182500,0.277881,0.16,1,94403,93970,433
6665581,2.00568,3.27071,431,182500,0.327576,0.16,1,94405,93974,431
6667441,1.20114,0.654142,432,182500,0.321515,0.25,1,94406,93974,432
6670361,8.24023,8.13083,432,182500,0.232303,0.25,1,94416,93984,432
6673061,6.44805,1.62617,438,182500,0.190461,0.25,1,94422,93984,438
6675981,2.88961,9.12523,429,182500,0.334092,0.25,1,94424,93995,429
6678901,2.17792,1.82505,431,182500,0.362818,0.25,1,94426,93995,431
6681381,6.03558,0.365009,438,182500,0.328564,0.23,1,94433,93995,438
6683461,6.80712,8.073,435,182500,0.297713,0.2,1,94440,94005,435
6686381,2.96142,10.4146,426,182500,0.291543,0.2,1,94442,94016,426
6689301,2.19228,2.08292,428,182500,0.322309,0.2,1,94444,94016,428
6692221,2.03846,0.416584,430,182500,0.296462,0.2,1,94446,94016,430
6693861,86.0077,0.0833168,537,182500,0.275292,0.16,1,94553,94016,537
6696781,18.8015,92.0167,424,182500,0.239058,0.16,1,94555,94131,424
6699701,5.36031,18.4033,426,182500,0.287812,0.16,1,94557,94131,426
6702621,2.67206,3.68067,428,182500,0.265562,0.16,1,94559,94131,428
6704881,2.13441,0.736133,430,182500,0.229112,0.15,1,94561,94131,430
6707801,32.4269,33.7472,428,182500,0.301822,0.15,1,94601,94173,428
6710081,8.08538,6.74945,430,182500,0.292365,0.31,1,94603,94173,430
6712161,100.817,98.9499,432,182500,0.210473,0.3,1,94727,94295,432
6714241,28.9634,23.79,438,182500,0.178095,0.28,1,94738,94300,438
6717161,8.99268,15.958,428,182500,0.171619,0.28,1,94742,94314,428
6720081,3.39854,3.1916,430,182500,0.202324,0.28,1,94744,94314,430
6723001,2.27971,0.63832,432,182500,0.200465,0.28,1,94746,94314,432
6725921,2.05594,0.127664,434,182500,0.256093,0.28,1,94748,94314,434
6728841,2.01119,0.0255328,436,182500,0.235219,0.28,1,94750,94314,436
6730881,2.00224,0.00510656,438,182500,0.263044,0.21,1,94752,94314,438
6733801,3.60045,3.20102,438,182500,0.212609,0.21,1,94756,94318,438
6736081,2.32009,0.640204,440,182500,0.234522,0.36,1,94758,94318,440
6738161,3.66402,4.92804,438,182500,0.174904,0.33,1,94762,94324,438
6741081,7.1328,12.1856,432,182500,0.202981,0.33,1,94770,94338,432
6744001,3.02656,2.43712,434,182500,0.216596,0.33,1,94772,94338,434
6746481,2.20531,0.487424,436,182500,0.187319,0.2,1,94774,94338,436
6749401,5.24106,7.29749,433,182500,0.229464,0.2,1,94780,94347,433
6752321,2.64821,1.4595,435,182500,0.205893,0.2,1,94782,94347,435
6754801,2.12964,0.291899,437,182500,0.193179,0.3,1,94784,94347,437
6756881,8.42593,8.85838,436,182500,0.126636,0.34,1,94794,94358,436
6759801,12.8852,12.9717,436,182500,0.209327,0.34,1,94808,94372,436
6762081,4.17704,2.59433,438,182500,0.193865,0.31,1,94810,94372,438
6765001,4.03541,6.91887,434,182500,0.214773,0.31,1,94814,94380,434
6767921,2.40708,1.38377,436,182500,0.242955,0.31,1,94816,94380,436
6770401,2.08142,0.276755,438,182500,0.248591,0.27,1,94818,94380,438
6773321,3.61628,4.85535,436,182500,0.225718,0.27,1,94822,94386,436
6776241,2.32326,0.97107,438,182500,0.229144,0.27,1,94824,94386,438
6779141,3.66465,0.194214,442,182500,0.229829,0.29,1,94828,94386,442
6782061,2.33293,5.63884,437,182500,0.197966,0.29,1,94830,94393,437
6784341,5.26659,1.12777,443,182500,0.207593,0.32,1,94836,94393,443
6786421,7.45332,4.22555,446,182500,0.209519,0.26,1,94844,94398,446
6789341,3.09066,12.8451,433,182500,0.201904,0.26,1,94846,94413,433
6792261,2.21813,2.56902,435,182500,0.176381,0.26,1,94848,94413,435
6795181,2.04363,0.513804,437,182500,0.171276,0.26,1,94850,94413,437
6798101,2.00873,0.102761,439,182500,0.162255,0.26,1,94852,94413,439
6799941,6.00174,0.0205522,446,182500,0.184451,0.37,1,94859,94413,446
6802861,2.80035,8.80411,437,182500,0.24489,0.37,1,94861,94424,437
6805141,5.36007,1.76082,443,182500,0.232978,0.32,1,94867,94424,443
6808061,2.67201,7.55216,436,182500,0.222596,0.32,1,94869,94433,436
6809921,1.3344,1.51043,437,182500,0.260519,0.33,1,94870,94433,437
6812001,1.86688,2.70209,436,182500,0.236104,0.29,1,94872,94436,436
6814921,6.77338,8.54042,434,182500,0.231221,0.29,1,94880,94446,434
6817841,3.75468,1.70808,437,182500,0.238244,0.29,1,94883,94446,437
6820321,2.35094,0.341617,439,182500,0.215649,0.34,1,94885,94446,439
6822401,9.27019,8.86832,439,182500,0.26713,0.19,1,94896,94457,439
6825321,78.654,86.5737,429,182500,0.253426,0.19,1,94992,94563,429
6828241,17.3308,17.3147,431,182500,0.218685,0.19,1,94994,94563,431
6831161,5.06616,3.46295,433,182500,0.179737,0.19,1,94996,94563,433
6834081,2.61323,0.692589,435,182500,0.219947,0.19,1,94998,94563,435
6835921,1.32265,0.138518,436,182500,0.211989,0.25,1,94999,94563,436
6838841,31.4645,33.6277,433,182500,0.210398,0.25,1,95038,94605,433
6841121,7.89291,6.72554,435,182500,0.17008,0.2,1,95040,94605,435
6843201,103.179,104.545,433,182500,0.218016,0.14,1,95167,94734,433
6845281,28.6357,25.709,437,182500,0.243603,0.2,1,95177,94740,437
6848201,7.32714,9.9418,433,182500,0.208721,0.2,1,95179,94746,433
6850481,3.06543,1.98836,435,182500,0.169744,0.23,1,95181,94746,435
6853401,2.21309,6.79767,429,182500,0.193949,0.23,1,95183,94754,429
6856321,2.04262,1.35953,431,182500,0.16679,0.23,1,95185,94754,431
6859241,2.00852,0.271907,433,182500,0.193358,0.23,1,95187,94754,433
6861921,2.0017,0.0543814,435,182500,0.198672,0.27,1,95189,94754,435
6864841,5.20034,8.81088,430,182500,0.119734,0.27,1,95195,94765,430
6867761,2.64007,1.76218,432,182500,0.0719469,0.27,1,95197,94765,432
6870661,6.92801,0.352435,440,182500,0.214389,0.25,1,95205,94765,440
6873581,2.9856,8.07049,432,182500,0.210878,0.25,1,95207,94775,432
6876501,2.19712,1.6141,434,182500,0.178176,0.25,1,95209,94775,434
6878981,11.6394,0.322819,448,182500,0.0996351,0.11,1,95223,94775,448
6881901,3.92788,15.2646,431,182500,0.075927,0.11,1,95225,94794,431
6884821,2.38558,3.05291,433,182500,0.0711854,0.11,1,95227,94794,433
6887301,9.27712,0.610582,444,182500,0.182237,0.27,1,95238,94794,444
6889381,5.85542,8.12212,439,182500,0.148447,0.19,1,95243,94804,439
6891461,4.37108,6.42442,437,182500,0.141689,0.27,1,95247,94810,437
6894381,2.47422,5.28488,434,182500,0.148338,0.27,1,95249,94815,434
6896661,2.09484,1.05698,436,182500,0.181668,0.24,1,95251,94815,436
6899581,2.01897,5.0114,432,182500,0.188334,0.24,1,95253,94821,432
6901441,1.20379,1.00228,433,182500,0.173667,0.24,1,95254,94821,433
6904361,5.04076,5.00046,433,182500,0.106733,0.24,1,95260,94827,433
6906641,2.60815,1.00009,435,182500,0.165347,0.21,1,95262,94827,435
6909561,8.52163,12.2,430,182500,0.161069,0.21,1,95272,94842,430
6912481,3.30433,2.44,432,182500,0.128214,0.21,1,95274,94842,432
6914961,2.26087,0.488001,434,182500,0.121643,0.17,1,95276,94842,434
6917881,3.65217,6.4976,430,182500,0.128329,0.17,1,95280,94850,430
6920801,2.33043,1.29952,432,182500,0.185666,0.17,1,95282,94850,432
6923281,2.06609,0.259904,434,182500,0.165133,0.19,1,95284,94850,434
6926201,6.81322,7.25198,433,182500,0.0650266,0.19,1,95292,94859,433
6928481,2.96264,1.4504,435,182500,0.0210053,0.23,1,95294,94859,435
6931401,5.39253,6.69008,433,182500,0.212201,0.23,1,95300,94867,433
6933681,2.67851,1.33802,435,182500,0.21844,0.27,1,95302,94867,435
6936601,2.1357,2.6676,434,182500,0.187688,0.27,1,95304,94870,434
6938881,2.02714,0.533521,436,182500,0.181538,0.21,1,95306,94870,436
6941801,3.60543,12.1067,425,182500,0.156308,0.21,1,95310,94885,425
6944721,3.92109,2.42134,429,182500,0.159262,0.21,1,95314,94885,429
6947641,3.98422,0.484268,433,182500,0.0958523,0.21,1,95318,94885,433
6949701,9.59684,0.0968536,444,182500,0.0751705,0.28,1,95329,94885,444
6951361,2.71937,8.81937,434,182500,0.0470341,0.31,1,95330,94896,434
6953441,5.34387,9.76387,430,182500,0.0654068,0.17,1,95336,94906,430
6956361,74.6688,77.9528,427,182500,0.0770814,0.17,1,95428,95001,427
6959281,16.5338,15.5906,429,182500,0.0474163,0.17,1,95430,95001,429
6962201,4.90675,3.11811,431,182500,0.00948325,0.17,1,95432,95001,431
6965121,2.58135,0.623622,433,182500,0.161897,0.17,1,95434,95001,433
6966961,1.31627,0.124724,434,182500,0.176379,0.16,1,95435,95001,434
6969041,28.2633,31.2249,430,182500,0.203276,0.21,1,95470,95040,430
6971961,12.0527,11.845,431,182500,0.128655,0.21,1,95478,95047,431
6973621,102.411,2.369,556,182500,0.161731,0.21,1,95603,95047,556
6975701,26.8821,100.474,439,182500,0.160346,0.2,1,95611,95172,439
6978621,6.97642,32.0948,426,182500,0.168069,0.2,1,95613,95187,426
6981541,2.99528,6.41895,428,182500,0.193614,0.2,1,95615,95187,428
6984461,2.19906,1.28379,430,182500,0.174723,0.2,1,95617,95187,430
6986721,2.03981,0.256758,432,182500,0.138945,0.15,1,95619,95187,432
6989641,3.60796,4.05135,431,182500,0.163789,0.15,1,95623,95192,431
6992561,2.32159,0.81027,433,182500,0.176758,0.15,1,95625,95192,433
6994421,6.06432,0.162054,440,182500,0.107352,0.21,1,95632,95192,440
6997341,2.81286,12.0324,427,182500,0.0694703,0.21,1,95634,95207,427
7000261,2.16257,2.40648,429,182500,0.0378941,0.21,1,95636,95207,429
7002741,6.03251,0.481296,436,182500,0.199579,0.18,1,95643,95207,436
7005661,3.6065,8.89626,428,182500,0.183916,0.18,1,95646,95218,428
7007521,1.5213,1.77925,429,182500,0.164783,0.09,1,95647,95218,429
7010441,8.30426,6.75585,431,182500,0.184957,0.09,1,95657,95226,431
7012721,3.26085,1.35117,433,182500,0.188991,0.21,1,95659,95226,433
7015641,6.25217,9.87023,428,182500,0.213798,0.21,1,95666,95238,428
7017301,8.45043,1.97405,437,182500,0.21076,0.19,1,95675,95238,437
7020221,3.29009,10.7948,426,182500,0.218152,0.19,1,95677,95251,426
7023141,2.25802,2.15896,428,182500,0.19563,0.19,1,95679,95251,428
7025201,2.0516,0.431792,430,182500,0.255126,0.12,1,95681,95251,430
7028121,3.61032,5.68636,427,182500,0.259025,0.12,1,95685,95258,427
7031041,2.32206,1.13727,429,182500,0.227805,0.12,1,95687,95258,429
7033941,10.0644,0.227454,441,182500,0.141561,0.17,1,95699,95258,441
7036861,3.61288,10.4455,430,182500,0.244312,0.17,1,95701,95271,430
7039141,6.32258,2.0891,437,182500,0.256862,0.12,1,95708,95271,437
7042061,2.86452,12.4178,424,182500,0.259373,0.12,1,95710,95286,424
7044981,2.1729,2.48356,426,182500,0.267875,0.12,1,95712,95286,426
7047901,2.03458,0.496713,428,182500,0.229575,0.12,1,95714,95286,428
7050821,2.00692,0.0993425,430,182500,0.221915,0.12,1,95716,95286,430
7053741,2.00138,0.0198685,432,182500,0.220383,0.12,1,95718,95286,432
7055781,8.40028,0.0039737,442,182500,0.140077,0.22,1,95728,95286,442
7058701,3.28006,12.8008,428,182500,0.212015,0.22,1,95730,95302,428
7061601,2.25601,2.56016,430,182500,0.226403,0.13,1,95732,95302,430
7064521,2.0512,7.71203,423,182500,0.229281,0.13,1,95734,95311,423
7067441,2.01024,1.54241,425,182500,0.237856,0.13,1,95736,95311,425
7070361,2.00205,0.308481,427,182500,0.239571,0.13,1,95738,95311,427
7072001,1.20041,0.0616962,428,182500,0.223914,0.12,1,95739,95311,428
7074921,1.84008,4.01234,425,182500,0.188783,0.12,1,95741,95316,425
7076581,1.16802,0.802468,426,182500,0.165757,0.04,1,95742,95316,426
7078241,1.0336,3.36049,423,182500,0.153151,0.07,1,95743,95320,423
7081161,17.0067,11.8721,430,182500,0.20663,0.07,1,95764,95334,430
7083861,5.80134,2.37442,433,182500,0.257326,0.24,1,95767,95334,433
7085941,77.1603,2.87488,525,182500,0.163465,0.16,1,95862,95337,525
7088861,17.8321,79.775,429,182500,0.224693,0.16,1,95865,95436,429
7091781,5.16641,15.955,431,182500,0.212939,0.16,1,95867,95436,431
7094701,2.63328,3.191,433,182500,0.178588,0.16,1,95869,95436,433
7097621,2.12666,0.6382,435,182500,0.147718,0.16,1,95871,95436,435
7099461,26.0253,0.12764,467,182500,0.221544,0.1,1,95903,95436,467
7102161,6.80507,34.4255,426,182500,0.204309,0.17,1,95905,95479,426
7105081,112.561,114.085,431,182500,0.232862,0.17,1,96044,95613,431
7107781,27.3122,22.817,437,182500,0.246572,0.15,1,96050,95613,437
7110701,7.06244,15.7634,425,182500,0.217314,0.15,1,96052,95627,425
7113621,3.01249,3.15268,427,182500,0.179463,0.15,1,96054,95627,427
7116541,2.2025,0.630536,429,182500,0.131893,0.15,1,96056,95627,429
7119461,2.0405,0.126107,431,182500,0.122379,0.15,1,96058,95627,431
7122381,2.0081,0.0252214,433,182500,0.176476,0.15,1,96060,95627,433
7124421,5.20162,0.00504429,439,182500,0.0992951,0.3,1,96066,95627,439
7127341,2.64032,8.80101,430,182500,0.051859,0.3,1,96068,95638,430
7130261,2.12806,1.7602,432,182500,0.170372,0.3,1,96070,95638,432
7132741,8.42561,0.35204,442,182500,0.0900744,0.23,1,96080,95638,442
7135661,3.28512,8.87041,433,182500,0.0420149,0.23,1,96082,95649,433
7138561,2.25702,1.77408,435,182500,0.184403,0.21,1,96084,95649,435
7140641,5.25141,7.55482,432,182500,0.180881,0.22,1,96090,95658,432
7143561,7.45028,7.91096,432,182500,0.140176,0.22,1,96098,95666,432
7145221,10.2901,1.58219,443,182500,0.188035,0.19,1,96109,95666,443
7148141,3.65801,10.7164,432,183960,0.157607,0.19,1,96111,95679,432
7151041,2.3316,2.14329,434,183960,0.119521,0.26,1,96113,95679,434
7153961,3.66632,8.42866,428,183960,0.175904,0.26,1,96117,95689,428
7156881,2.33326,1.68573,430,183960,0.219181,0.26,1,96119,95689,430
7159801,2.06665,0.337146,432,183960,0.195836,0.26,1,96121,95689,432
7161441,1.21333,0.0674292,433,183960,0.175167,0.29,1,96122,95689,433
7164361,9.84267,8.81349,434,183960,0.139033,0.29,1,96134,95700,434
7166021,5.96853,1.7627,439,183960,0.243807,0.27,1,96139,95700,439
7168941,2.79371,9.95254,429,183960,0.264761,0.27,1,96141,95712,429
7171861,2.15874,1.99051,431,183960,0.252952,0.27,1,96143,95712,431
7174341,2.03175,0.398102,433,183960,0.23459,0.2,1,96145,95712,433
7177261,2.00635,5.67962,428,183960,0.238918,0.2,1,96147,95719,428
7180181,2.00127,1.13592,430,183960,0.239784,0.2,1,96149,95719,430
7183101,2.00025,0.227185,432,183960,0.199957,0.2,1,96151,95719,432
7185781,10.0001,0.045437,444,183960,0.119991,0.16,1,96163,95719,444
7188701,3.60001,18.4091,423,183960,0.103998,0.16,1,96165,95742,423
7191621,2.32,3.68182,425,183960,0.2208,0.16,1,96167,95742,425
7194541,2.064,0.736363,427,183960,0.23616,0.16,1,96169,95742,427
7197461,2.0128,0.147273,429,183960,0.239232,0.16,1,96171,95742,429
7200381,2.00256,0.0294545,431,183960,0.207846,0.16,1,96173,95742,431
7203301,2.00051,0.00589091,433,183960,0.169569,0.16,1,96175,95742,433
7205121,1.2001,0.00117818,434,183960,0.145914,0.28,1,96176,95742,434
7208041,8.24002,10.4002,431,183960,0.0451828,0.28,1,96186,95755,431
7210741,16.048,2.08005,449,183960,0.137037,0.32,1,96204,95755,449
7213661,4.8096,14.016,434,183960,0.211407,0.32,1,96206,95772,434
7215941,75.3619,2.8032,527,183960,0.154281,0.25,1,96299,95772,527
7218861,16.6724,81.3606,428,183960,0.142856,0.25,1,96301,95873,428
7221781,4.93448,16.2721,430,183960,0.108571,0.25,1,96303,95873,430
7224701,2.5869,3.25443,432,183960,0.157714,0.25,1,96305,95873,432
7227621,2.11738,0.650885,434,183960,0.127543,0.25,1,96307,95873,434
7229461,30.0235,0.130177,471,183960,0.177509,0.14,1,96344,95873,471
7232381,7.60469,34.426,430,183960,0.155502,0.14,1,96346,95916,430
7234661,109.521,6.88521,565,183960,0.2071,0.12,1,96481,95916,565
7237581,23.5042,114.977,425,183960,0.19342,0.12,1,96483,96058,425
7240501,6.30084,22.9954,427,183960,0.246684,0.12,1,96485,96058,427
7243421,2.86017,4.59908,429,183960,0.233337,0.12,1,96487,96058,429
7246341,2.17203,0.919816,431,183960,0.198667,0.12,1,96489,96058,431
7248181,4.43441,0.183963,436,183960,0.151733,0.16,1,96494,96058,436
7251101,2.48688,11.2368,424,183960,0.166347,0.16,1,96496,96072,424
7254021,2.09738,2.24736,426,183960,0.225269,0.16,1,96498,96072,426
7256941,2.01948,0.449472,428,183960,0.213054,0.16,1,96500,96072,428
7259861,2.0039,0.0898943,430,183960,0.210611,0.16,1,96502,96072,430
7262741,6.80078,0.0179789,438,183960,0.178122,0.03,1,96510,96072,438
7264821,6.96016,8.0036,435,183960,0.291624,0.17,1,96517,96082,435
7267741,3.79203,9.60072,428,183960,0.298325,0.17,1,96520,96092,428
7270661,2.35841,1.92014,430,183960,0.307665,0.17,1,96522,96092,430
7273141,13.2717,0.384029,446,183960,0.245533,0.24,1,96538,96092,446
7275221,5.85434,12.0768,435,183960,0.233107,0.14,1,96542,96107,435
7278141,2.77087,8.01536,430,183960,0.206621,0.14,1,96544,96114,430
7281061,2.15417,1.60307,432,183960,0.169324,0.14,1,96546,96114,432
7283541,3.63083,0.320614,436,183960,0.201865,0.23,1,96550,96114,436
7285621,6.32617,4.06412,438,183960,0.136373,0.21,1,96557,96119,438
7288541,3.66523,8.01282,432,183960,0.107275,0.21,1,96560,96128,432
7291461,2.33305,1.60256,434,183960,0.197455,0.21,1,96562,96128,434
7293941,7.66661,0.320513,443,183960,0.167491,0.23,1,96571,96128,443
7296861,3.13332,13.6641,428,183960,0.193498,0.23,1,96573,96145,428
7299781,2.22666,2.73282,430,183960,0.1987,0.23,1,96575,96145,430
7302701,2.04533,0.546564,432,183960,0.19174,0.23,1,96577,96145,432
7304341,2.80907,0.109313,435,183960,0.206348,0.27,1,96580,96145,435
7307261,2.16181,8.02186,427,183960,0.17727,0.27,1,96582,96155,427
7310181,2.03236,1.60437,429,183960,0.203454,0.27,1,96584,96155,429
7313101,2.00647,0.320874,431,183960,0.176691,0.27,1,96586,96155,431
7314741,6.00129,0.0641749,438,183960,0.0993382,0.25,1,96593,96155,438
7317661,2.80026,9.61284,428,183960,0.203868,0.25,1,96595,96167,428
7319521,1.36005,1.92257,429,183960,0.216774,0.16,1,96596,96167,429
7322441,5.07201,9.98451,423,183960,0.219355,0.16,1,96602,96179,423
7325361,2.6144,1.9969,425,183960,0.187871,0.16,1,96604,96179,425
7328281,2.12288,0.399381,427,183960,0.149574,0.16,1,96606,96179,427
7331201,2.02458,0.0798761,429,183960,0.221915,0.16,1,96608,96179,429
7334121,2.00492,0.0159752,431,183960,0.236383,0.16,1,96610,96179,431
7336161,2.00098,0.00319504,433,183960,0.207277,0.03,1,96612,96179,433
7338241,6.8002,7.20064,432,183960,0.177455,0.25,1,96620,96188,432
7341161,17.36,21.4401,427,183960,0.0994911,0.25,1,96640,96213,427
7344081,5.07201,4.28803,429,183960,0.155898,0.25,1,96642,96213,429
7345941,77.0144,0.857605,524,183960,0.21518,0.08,1,96737,96213,524
7348861,17.0029,78.5715,428,183960,0.203036,0.08,1,96739,96311,428
7351781,5.00058,15.7143,430,183960,0.200607,0.08,1,96741,96311,430
7354701,2.60012,3.14286,432,183960,0.168121,0.08,1,96743,96311,432
7357621,2.12002,0.628572,434,183960,0.129624,0.08,1,96745,96311,434
7359461,22.824,0.125714,462,183960,0.0899249,0.12,1,96773,96311,462
7362381,6.1648,29.6251,427,183960,0.129985,0.12,1,96775,96348,427
7364661,114.033,5.92503,568,183960,0.041997,0.25,1,96916,96348,568
7367581,24.4066,111.585,432,183960,0.120399,0.25,1,96918,96486,432
7370501,6.48132,22.317,434,183960,0.17608,0.25,1,96920,96486,434
7372981,5.29626,4.4634,439,183960,0.203216,0.17,1,96925,96486,439
7375901,3.45925,5.69268,436,183960,0.200643,0.17,1,96928,96492,436
7378181,3.89185,1.13854,440,183960,0.144129,0.26,1,96932,96492,440
7381101,2.37837,10.6277,429,183960,0.132826,0.26,1,96934,96505,429
7384021,2.07567,2.12554,431,183960,0.0985651,0.26,1,96936,96505,431
7386941,2.01513,0.425108,433,183960,0.099713,0.26,1,96938,96505,433
7389861,2.00303,0.0850216,435,183960,0.179943,0.26,1,96940,96505,435
7391701,4.40061,0.0170043,440,183960,0.147989,0.15,1,96945,96505,440
7393361,1.68012,4.8034,435,183960,0.125598,0.29,1,96946,96511,435
7396281,8.33602,12.1607,431,183960,0.19312,0.29,1,96956,96525,431
7399201,3.2672,2.43214,433,183960,0.182624,0.29,1,96958,96525,433
7401681,2.25344,0.486427,435,183960,0.180525,0.21,1,96960,96525,435
7404601,14.0507,20.0973,427,183960,0.236105,0.21,1,96977,96550,427
7407521,4.41014,4.01946,429,183960,0.223221,0.21,1,96979,96550,429
7410441,2.48203,0.803891,431,183960,0.188644,0.21,1,96981,96550,431
7412081,1.29641,0.160778,432,183960,0.165729,0.22,1,96982,96550,432
7415001,6.65928,9.63216,428,183960,0.193146,0.22,1,96990,96562,428
7417921,2.93186,1.92643,430,183960,0.166629,0.22,1,96992,96562,430
7420821,8.58637,0.385286,440,183960,0.225326,0.2,1,97002,96562,440
7423741,3.31727,8.87706,431,183960,0.205065,0.2,1,97004,96573,431
7426021,3.86345,1.77541,435,183960,0.201013,0.21,1,97008,96573,435
7428941,2.37269,9.15508,426,183960,0.200203,0.21,1,97010,96584,426
7431861,2.07454,1.83102,428,183960,0.200041,0.21,1,97012,96584,428
7434781,2.01491,0.366203,430,183960,0.216008,0.21,1,97014,96584,430
7437701,2.00298,0.0732406,432,183960,0.187202,0.21,1,97016,96584,432
7439541,6.0006,0.0146481,439,183960,0.18944,0.22,1,97023,96584,439
7442461,2.80012,9.60293,429,183960,0.157888,0.22,1,97025,96596,429
7445381,2.16002,1.92059,431,183960,0.215578,0.22,1,97027,96596,431
7448301,2.032,0.384117,433,183960,0.267116,0.22,1,97029,96596,433
7449941,2.8064,0.0768234,436,183960,0.261423,0.18,1,97032,96596,436
7452641,2.16128,6.41536,430,183960,0.268285,0.26,1,97034,96604,430
7455561,2.03226,3.68307,429,183960,0.237657,0.26,1,97036,96607,429
7458481,2.00645,0.736615,431,183960,0.199531,0.26,1,97038,96607,431
7460341,6.00129,0.147323,438,183960,0.239906,0.17,1,97045,96607,438
7463261,2.80026,10.4295,427,183960,0.215981,0.17,1,97047,96620,427
7466181,2.16005,2.08589,429,183960,0.179196,0.17,1,97049,96620,429
7468661,6.03201,0.417179,436,183960,0.251839,0.2,1,97056,96620,436
7470741,15.6064,8.08344,444,183960,0.210368,0.19,1,97074,96630,444
7473661,4.72128,17.6167,426,183960,0.194074,0.19,1,97076,96650,426
7475941,73.7443,3.52334,517,183960,0.198815,0.21,1,97167,96650,517
7478861,16.3489,77.5047,423,183960,0.159763,0.21,1,97169,96746,423
7481781,4.86977,15.5009,425,183960,0.287953,0.21,1,97171,96746,425
7484701,2.57395,3.10019,427,183960,0.305591,0.21,1,97173,96746,427
7487621,2.11479,0.620037,429,183960,0.277118,0.21,1,97175,96746,429
7489461,26.023,0.124007,461,183960,0.183424,0.03,1,97207,96746,461
7492381,6.80459,29.6248,426,183960,0.164685,0.03,1,97209,96783,426
7494661,116.561,5.92496,570,183960,0.160937,0.2,1,97353,96783,570
7497581,24.9122,117.185,427,183960,0.128187,0.2,1,97355,96928,427
7500501,6.58244,23.437,429,183960,0.177637,0.2,1,97357,96928,429
7503421,2.91649,4.6874,431,183960,0.155528,0.2,1,97359,96928,431
7505061,2.9833,0.93748,434,183960,0.143105,0.09,1,97362,96928,434
7507981,2.19666,6.5875,428,183960,0.140621,0.09,1,97364,96936,428
7510901,2.03933,1.3175,430,183960,0.108124,0.09,1,97366,96936,430
7513381,4.40787,0.2635,435,183960,0.101625,0.16,1,97371,96936,435
7516301,3.28157,6.4527,430,183960,0.084325,0.16,1,97374,96944,430
7519221,2.25631,1.29054,432,183960,0.184865,0.16,1,97376,96944,432
7521701,6.05126,0.258108,439,183960,0.204973,0.25,1,97383,96944,439
7524401,3.61025,8.05162,432,183960,0.192995,0.2,1,97386,96954,432
7527321,3.92205,7.21032,429,183960,0.166599,0.2,1,97390,96961,429
7530241,2.38441,1.44206,431,183960,0.24932,0.2,1,97392,96961,431
7532721,2.07688,0.288413,433,183960,0.225864,0.2,1,97394,96961,433
7535641,19.6154,23.2577,428,183960,0.205173,0.2,1,97418,96990,428
7538561,5.52308,4.65154,430,183960,0.169035,0.2,1,97420,96990,430
7541481,2.70462,0.930307,432,183960,0.137807,0.2,1,97422,96990,432
7543121,1.34092,0.186061,433,183960,0.155561,0.24,1,97423,96990,433
7546041,8.26818,9.63721,431,183960,0.143112,0.24,1,97433,97002,431
7548321,3.25364,1.92744,433,183960,0.108622,0.22,1,97435,97002,433
7551241,3.85073,5.98549,430,183960,0.101724,0.22,1,97439,97009,430
7554161,2.37015,1.1971,432,183960,0.228345,0.22,1,97441,97009,432
7556641,2.07403,0.23942,434,183960,0.245669,0.2,1,97443,97009,434
7559561,2.01481,4.84788,430,183960,0.233134,0.2,1,97445,97015,430
7562481,2.00296,0.969577,432,183960,0.198627,0.2,1,97447,97015,432
7564961,2.00059,0.193915,434,183960,0.191725,0.2,1,97449,97015,434
7567881,2.00012,1.63878,434,183960,0.158345,0.2,1,97451,97017,434
7569541,6.00002,0.327757,441,183960,0.143669,0.3,1,97458,97017,441
7572461,2.8,8.86555,432,183960,0.108734,0.3,1,97460,97028,432
7575381,2.16,1.77311,434,183960,0.189747,0.3,1,97462,97028,434
7577861,3.632,0.354622,438,183960,0.197949,0.27,1,97466,97028,438
7580561,2.3264,4.87092,434,183960,0.19959,0.25,1,97468,97034,434
7583481,6.86528,9.77419,431,183960,0.207918,0.25,1,97476,97045,431
7586401,2.97306,1.95484,433,183960,0.193584,0.25,1,97478,97045,433
7588881,2.19461,0.390967,435,183960,0.166717,0.17,1,97480,97045,435
7591801,3.63892,4.87819,433,183960,0.193343,0.17,1,97484,97051,433
7594721,2.32778,0.975639,435,183960,0.166669,0.17,1,97486,97051,435
7597201,2.06556,0.195128,437,183960,0.121334,0.31,1,97488,97051,437
7599281,5.21311,8.83903,432,183960,0.168267,0.27,1,97494,97062,432
7602201,17.0426,16.1678,434,183960,0.145653,0.27,1,97514,97080,434
7604481,5.00852,3.23356,436,183960,0.149131,0.24,1,97516,97080,436
7607401,71.4017,78.2467,427,183960,0.181826,0.24,1,97604,97177,427
7610321,15.8803,15.6493,429,183960,0.156365,0.24,1,97606,97177,429
7613241,4.77607,3.12987,431,183960,0.151273,0.24,1,97608,97177,431
7616161,2.55521,0.625974,433,183960,0.238255,0.24,1,97610,97177,433
7618001,1.31104,0.125195,434,183960,0.247651,0.12,1,97611,97177,434
7620921,25.8622,30.425,428,183960,0.23353,0.12,1,97643,97215,428
7623201,6.77244,6.08501,430,183960,0.198706,0.14,1,97645,97215,430
7626121,117.354,120.417,426,183960,0.151741,0.14,1,97790,97364,426
7629041,25.0709,24.0834,428,183960,0.142348,0.14,1,97792,97364,428
7631961,6.61418,4.81668,430,183960,0.22847,0.14,1,97794,97364,430
7634881,2.92284,0.963336,432,183960,0.221694,0.14,1,97796,97364,432
7637141,3.78457,0.192667,436,183960,0.188339,0.1,1,97800,97364,436
7640061,2.35691,5.63853,431,183960,0.149668,0.1,1,97802,97371,431
7641921,1.27138,1.12771,432,183960,0.125934,0.25,1,97803,97371,432
7644841,6.65428,8.22554,430,183960,0.0891867,0.25,1,97811,97381,430
7647761,2.93086,1.64511,432,183960,0.193837,0.25,1,97813,97381,432
7650241,2.18617,0.329022,434,183960,0.214767,0.18,1,97815,97381,434
7653161,3.63723,6.4658,430,183960,0.186953,0.18,1,97819,97389,430
7655441,2.32745,1.29316,432,183960,0.173391,0.24,1,97821,97389,432
7658361,5.26549,8.25863,428,183960,0.218678,0.24,1,97827,97399,428
7661281,2.6531,1.65173,430,183960,0.195736,0.24,1,97829,97399,430
7663761,2.13062,0.330345,432,183960,0.223147,0.2,1,97831,97399,432
7666681,22.0261,24.8661,428,183960,0.204629,0.2,1,97858,97430,428
7669601,6.00522,4.97321,430,183960,0.160926,0.2,1,97860,97430,430
7672521,2.80104,0.994643,432,183960,0.152185,0.2,1,97862,97430,432
7674161,1.36021,0.198929,433,183960,0.134437,0.25,1,97863,97430,433
7677081,5.07204,10.4398,426,183960,0.106887,0.25,1,97869,97443,426
7680001,2.61441,2.08796,428,183960,0.157377,0.25,1,97871,97443,428
7682921,2.12288,0.417591,430,183960,0.135476,0.25,1,97873,97443,430
7684561,1.22458,0.0835183,431,183960,0.115095,0.15,1,97874,97443,431
7687481,1.84492,6.4167,425,183960,0.135019,0.15,1,97876,97451,425
7690401,1.96898,1.28334,427,183960,0.147004,0.15,1,97878,97451,427
7693321,1.9938,0.256668,429,183960,0.117401,0.15,1,97880,97451,429
7696001,1.99876,0.0513336,431,183960,0.22348,0.22,1,97882,97451,431
7698921,7.59975,11.2103,426,183960,0.108696,0.22,1,97891,97465,426
7701841,3.11995,2.24205,428,183960,0.237739,0.22,1,97893,97465,428
7704761,2.22399,0.448411,430,183960,0.263548,0.22,1,97895,97465,430
7706401,1.2448,0.0896821,431,183960,0.26071,0.16,1,97896,97465,431
7709321,7.44896,12.0179,425,183960,0.228142,0.16,1,97905,97480,425
7712241,3.08979,2.40359,427,183960,0.189628,0.16,1,97907,97480,427
7715161,2.21796,0.480717,429,183960,0.189926,0.16,1,97909,97480,429
7716801,1.24359,0.0961435,430,183960,0.205985,0.2,1,97910,97480,430
7719721,3.44872,3.21923,430,183960,0.297197,0.2,1,97914,97484,430
7721381,3.88974,0.643846,434,183960,0.259439,0.22,1,97918,97484,434
7724301,3.17795,6.52877,429,183960,0.203888,0.22,1,97921,97492,429
7727221,2.23559,1.30575,431,183960,0.192778,0.22,1,97923,97492,431
7729701,4.44712,0.261151,436,183960,0.286556,0.25,1,97928,97492,436
7731781,19.2894,8.05223,449,183960,0.337311,0.16,1,97951,97502,449
7734701,5.45788,22.4104,425,183960,0.315462,0.16,1,97953,97528,425
7736981,72.2916,4.48209,514,183960,0.247092,0.16,1,98042,97528,514
7739901,16.0583,71.2964,428,183960,0.209418,0.16,1,98044,97616,428
7742821,4.81166,14.2593,430,183960,0.169884,0.16,1,98046,97616,430
7745741,2.56233,2.85186,432,183960,0.121977,0.16,1,98048,97616,432
7748661,2.11247,0.570371,434,183960,0.112395,0.16,1,98050,97616,434
7750501,22.8225,0.114074,462,183960,0.222479,0.22,1,98078,97616,462
7753421,6.1645,29.6228,427,183960,0.204496,0.22,1,98080,97653,427
7755701,117.233,5.92456,572,183960,0.200899,0.14,1,98225,97653,572
7758621,25.0466,120.385,425,183960,0.16818,0.14,1,98227,97802,425
7761541,6.60932,24.077,427,183960,0.273636,0.14,1,98229,97802,427
7764461,2.92186,4.8154,429,183960,0.262727,0.14,1,98231,97802,429
7767381,2.18437,0.963079,431,183960,0.236545,0.14,1,98233,97802,431
7769221,6.03687,0.192616,438,183960,0.215309,0.22,1,98240,97802,438
7772141,2.80737,10.4385,427,185420,0.179062,0.22,1,98242,97815,427
7775061,2.16147,2.0877,429,185420,0.131812,0.22,1,98244,97815,429
7777981,2.03229,0.417541,431,185420,0.274362,0.22,1,98246,97815,431
7779621,2.80646,0.0835082,434,185420,0.310872,0.19,1,98249,97815,434
7782541,2.16129,4.0167,431,185420,0.294174,0.19,1,98251,97820,431
7784821,5.23226,0.80334,437,185420,0.218835,0.23,1,98257,97820,437
7787741,2.64645,8.96067,428,185420,0.203767,0.23,1,98259,97831,428
7790661,2.12929,1.79213,430,185420,0.256753,0.23,1,98261,97831,430
7793141,6.02586,0.358427,437,185420,0.283351,0.16,1,98268,97831,437
7794801,2.00517,5.67169,431,185420,0.27267,0.17,1,98269,97838,431
7797721,23.601,27.5343,427,185420,0.278534,0.17,1,98298,97871,427
7800641,6.32021,5.50687,429,185420,0.247707,0.17,1,98300,97871,429
7803561,2.86404,1.10137,431,185420,0.209541,0.17,1,98302,97871,431
7806481,2.17281,0.220275,433,185420,0.209908,0.17,1,98304,97871,433
7808741,2.03456,0.0440549,435,185420,0.209982,0.27,1,98306,97871,435
7811661,2.00691,8.00881,427,185420,0.217996,0.27,1,98308,97881,427
7814581,2.00138,1.60176,429,185420,0.275599,0.27,1,98310,97881,429
7817501,2.00028,0.320352,431,185420,0.26312,0.27,1,98312,97881,431
7820421,2.00006,0.0640705,433,185420,0.228624,0.27,1,98314,97881,433
7823341,2.00001,0.0128141,435,185420,0.189725,0.27,1,98316,97881,435
7825381,6.8,0.00256282,443,185420,0.173945,0.29,1,98324,97881,443
7828301,2.96,8.80051,434,185420,0.266789,0.29,1,98326,97892,434
7830581,7.792,1.7601,443,185420,0.317358,0.28,1,98335,97892,443
7833501,3.9584,8.35202,436,185420,0.303472,0.28,1,98338,97902,436
7836421,2.39168,1.6704,438,185420,0.300694,0.28,1,98340,97902,438
7838901,5.27834,0.334081,444,185420,0.276139,0.26,1,98346,97902,444
7841821,2.65567,12.0668,431,185420,0.239228,0.26,1,98348,97917,431
7844741,2.13113,2.41336,433,185420,0.191846,0.26,1,98350,97917,433
7847661,2.02623,0.482673,435,185420,0.238369,0.26,1,98352,97917,435
7849921,2.00525,0.0965345,437,185420,0.255674,0.23,1,98354,97917,437
7852001,3.60105,1.61931,439,185420,0.227135,0.21,1,98358,97919,439
7854921,3.92021,5.12386,437,185420,0.157427,0.21,1,98362,97925,437
7857841,2.38404,1.02477,439,185420,0.231485,0.21,1,98364,97925,439
7859701,5.27681,0.204954,445,185420,0.190297,0.34,1,98370,97925,445
7861781,17.0554,9.64099,453,185420,0.166059,0.28,1,98390,97937,453
7864701,5.01107,17.1282,436,185420,0.193212,0.28,1,98392,97956,436
7866981,71.4022,3.42564,524,185420,0.198642,0.35,1,98480,97956,524
7869901,15.8804,76.6851,431,185420,0.191728,0.35,1,98482,98051,431
7872821,4.77609,15.337,433,185420,0.158346,0.35,1,98484,98051,433
7875741,2.55522,3.0674,435,185420,0.127669,0.35,1,98486,98051,435
7878661,2.11104,0.613481,437,185420,0.0895338,0.35,1,98488,98051,437
7880501,28.4222,0.122696,472,185420,0.161907,0.35,1,98523,98051,472
7883421,7.28444,30.4245,436,185420,0.216381,0.35,1,98525,98089,436
7885701,111.057,6.08491,573,185420,0.203276,0.25,1,98662,98089,573
7888621,24.6114,117.217,431,185420,0.152655,0.25,1,98665,98234,431
7891541,6.52227,23.4434,433,185420,0.142531,0.25,1,98667,98234,433
7894461,2.90445,4.68868,435,185420,0.124506,0.25,1,98669,98234,435
7897381,2.18089,0.937736,437,185420,0.256901,0.25,1,98671,98234,437
7899221,4.43618,0.187547,442,185420,0.22738,0.19,1,98676,98234,442
7901301,4.08724,5.63751,439,185420,0.245476,0.32,1,98680,98241,439
7904221,2.41745,7.5275,433,185420,0.257095,0.32,1,98682,98249,433
7907141,2.08349,1.5055,435,185420,0.259419,0.32,1,98684,98249,435
7909621,3.6167,0.3011,439,185420,0.307884,0.27,1,98688,98249,439
7912541,2.32334,4.06022,436,185420,0.317577,0.27,1,98690,98254,436
7914821,5.26467,0.812044,442,185420,0.223515,0.31,1,98696,98254,442
7917741,2.65293,8.16241,434,185420,0.204703,0.31,1,98698,98264,434
7920661,2.13059,1.63248,436,185420,0.256941,0.31,1,98700,98264,436
7923141,8.42612,0.326496,446,185420,0.235388,0.32,1,98710,98264,446
7925841,3.28522,9.6653,436,185420,0.199078,0.21,1,98712,98276,436
7928761,20.657,25.9331,431,185420,0.287816,0.21,1,98737,98306,431
7931681,5.73141,5.18661,433,185420,0.281563,0.21,1,98739,98306,433
7934601,2.74628,1.03732,435,185420,0.248313,0.21,1,98741,98306,435
7937281,2.14926,0.207464,437,185420,0.233663,0.22,1,98743,98306,437
7940201,2.02985,6.44149,431,185420,0.198732,0.22,1,98745,98314,431
7943121,2.00597,1.2883,433,185420,0.159746,0.22,1,98747,98314,433
7946041,2.00119,0.25766,435,185420,0.127949,0.22,1,98749,98314,435
7947681,1.20024,0.0515319,436,185420,0.19359,0.21,1,98750,98314,436
7950601,5.04005,6.41031,434,185420,0.118718,0.21,1,98756,98322,434
7953521,2.60801,1.28206,436,185420,0.223744,0.21,1,98758,98322,436
7955381,2.9216,0.256412,439,185420,0.196749,0.29,1,98761,98322,439
7957461,7.78432,3.25128,444,185420,0.23935,0.3,1,98770,98326,444
7960381,3.15686,11.8503,432,185420,0.20787,0.3,1,98772,98340,432
7963301,2.23137,2.37005,434,185420,0.201574,0.3,1,98774,98340,434
7965781,5.24627,0.47401,440,185420,0.280315,0.25,1,98780,98340,440
7968701,2.64925,9.6948,430,185420,0.296063,0.25,1,98782,98352,430
7971621,2.12985,1.93896,432,185420,0.267213,0.25,1,98784,98352,432
7974541,2.02597,0.387792,434,185420,0.237443,0.25,1,98786,98352,434
7977221,8.40519,0.0775584,444,185420,0.223489,0.2,1,98796,98352,444
7980141,3.28104,13.6155,429,185420,0.180698,0.2,1,98798,98369,429
7983061,2.25621,2.7231,431,185420,0.30814,0.2,1,98800,98369,431
7985981,2.05124,0.54462,433,185420,0.333628,0.2,1,98802,98369,433
7988241,2.01025,0.108924,435,185420,0.330726,0.26,1,98804,98369,435
7990321,6.80205,9.62179,431,185420,0.298145,0.22,1,98812,98381,431
7992401,9.36041,9.92436,431,185420,0.299629,0.2,1,98822,98391,431
7995321,13.0721,13.1849,431,185420,0.171926,0.2,1,98836,98405,431
7996981,65.8144,2.63697,510,185420,0.194385,0.15,1,98915,98405,510
7999901,14.7629,63.7274,433,185420,0.174877,0.15,1,98917,98484,433
8002181,6.15258,12.7455,437,185420,0.154975,0.04,1,98921,98484,437
8005101,2.83052,7.3491,433,185420,0.198995,0.04,1,98923,98490,433
8008021,2.1661,1.46982,435,185420,0.183799,0.04,1,98925,98490,435
8010501,26.0332,0.293964,467,185420,0.18076,0.21,1,98957,98490,467
8013421,6.80664,35.2588,425,185420,0.180152,0.21,1,98959,98534,425
8015701,112.561,7.05176,564,185420,0.21203,0.12,1,99098,98534,564
8018621,24.1123,109.41,431,185420,0.186406,0.12,1,99100,98669,431
8021541,6.42245,21.8821,433,185420,0.197281,0.12,1,99102,98669,433
8024021,7.68449,4.37641,441,185420,0.223456,0.2,1,99110,98669,441
8026941,3.1369,7.27528,435,185420,0.196691,0.2,1,99112,98677,435
8029841,2.22738,1.45506,437,185420,0.167338,0.32,1,99114,98677,437
8032761,5.24548,9.09101,432,185420,0.129468,0.32,1,99120,98688,432
8035681,2.6491,1.8182,434,185420,0.217894,0.32,1,99122,98688,434
8038161,2.12982,0.36364,436,185420,0.211579,0.2,1,99124,98688,436
8041081,5.22596,6.47273,434,185420,0.162316,0.2,1,99130,98696,434
8043361,2.64519,1.29455,436,185420,0.152463,0.27,1,99132,98696,436
8046281,6.92904,9.85891,432,185420,0.222493,0.27,1,99140,98708,432
8049201,2.98581,1.97178,434,185420,0.204499,0.27,1,99142,98708,434
8051681,2.19716,0.394356,436,185420,0.1929,0.2,1,99144,98708,436
8054601,5.23943,6.47887,434,185420,0.27058,0.2,1,99150,98716,434
8056881,2.64789,1.29577,436,185420,0.254116,0.18,1,99152,98716,436
8059801,17.3296,24.2592,427,185420,0.258823,0.18,1,99173,98746,427
8062721,5.06592,4.85183,429,185420,0.259765,0.18,1,99175,98746,429
8065641,2.61318,0.970366,431,185420,0.227953,0.18,1,99177,98746,431
8068561,2.12264,0.194073,433,185420,0.229591,0.18,1,99179,98746,433
8070401,1.22453,0.0388146,434,185420,0.213918,0.1,1,99180,98746,434
8073321,5.04491,8.00776,430,185420,0.162784,0.1,1,99186,98756,430
8076241,2.60898,1.60155,432,185420,0.208557,0.1,1,99188,98756,432
8078721,2.1218,0.32031,434,185420,0.193711,0.2,1,99190,98756,434
8081641,6.82436,7.26406,433,185420,0.262742,0.2,1,99198,98765,433
8084561,3.76487,1.45281,436,185420,0.236548,0.2,1,99201,98765,436
8087461,5.55297,0.290562,442,185420,0.28731,0.22,1,99207,98765,442
8089541,3.51059,4.85811,439,185420,0.297462,0.3,1,99210,98771,439
8092461,3.10212,4.97162,437,185420,0.251492,0.3,1,99213,98776,437
8094321,1.42042,0.994324,438,185420,0.234298,0.33,1,99214,98776,438
8097241,5.08408,10.5989,431,185420,0.18286,0.33,1,99220,98789,431
8100161,2.61682,2.11977,433,185420,0.260572,0.33,1,99222,98789,433
8103081,2.12336,0.423955,435,185420,0.252114,0.33,1,99224,98789,435
8104721,1.22467,0.0847909,436,185420,0.234423,0.35,1,99225,98789,436
8107641,6.64493,8.01696,434,185420,0.230885,0.35,1,99233,98799,434
8110561,2.92899,1.60339,436,185420,0.198177,0.35,1,99235,98799,436
8112421,3.7858,0.320678,440,185420,0.319635,0.28,1,99239,98799,440
8115341,3.15716,7.26414,434,185420,0.327927,0.28,1,99242,98808,434
8118261,2.23143,1.45283,436,185420,0.297585,0.28,1,99244,98808,436
8120741,6.84629,0.290565,444,185420,0.299517,0.34,1,99252,98808,444
8122821,4.56926,9.65811,436,185420,0.227903,0.26,1,99256,98820,436
8124901,14.5139,8.33162,445,185420,0.221581,0.29,1,99273,98828,445
8126981,66.1028,14.4663,508,185420,0.0923161,0.18,1,99352,98844,508
8129901,14.8206,67.6933,429,185420,0.0264632,0.18,1,99354,98925,429
8132821,4.56411,13.5387,431,185420,0.165293,0.18,1,99356,98925,431
8135741,2.51282,2.70773,433,185420,0.161059,0.18,1,99358,98925,433
8137381,4.50256,0.541546,438,185420,0.152212,0.22,1,99363,98925,438
8139041,1.70051,4.10831,434,185420,0.134442,0.23,1,99364,98930,434
8141961,25.1401,28.0217,431,185420,0.226888,0.23,1,99395,98964,431
8144241,6.62802,5.60433,433,185420,0.213378,0.23,1,99397,98964,433
8147161,115.726,117.921,430,185420,0.202676,0.23,1,99540,99110,430
8150081,25.5451,23.5842,433,185420,0.144535,0.23,1,99543,99110,433
8152561,6.70902,4.71683,435,185420,0.124907,0.24,1,99545,99110,435
8155481,6.9418,10.5434,430,185420,0.0489814,0.24,1,99552,99122,430
8158401,2.98836,2.10867,432,185420,0.121796,0.24,1,99554,99122,432
8161321,2.19767,0.421735,434,185420,0.104359,0.24,1,99556,99122,434
8162961,1.23953,0.0843469,435,185420,0.204872,0.27,1,99557,99122,435
8165881,8.24791,11.2169,431,185420,0.176974,0.27,1,99567,99136,431
8168801,3.24958,2.24337,433,185420,0.147395,0.27,1,99569,99136,433
8171721,2.24992,0.448675,435,185420,0.117479,0.27,1,99571,99136,435
8174401,2.04998,0.0897349,437,185420,0.127496,0.34,1,99573,99136,437
8177321,5.21,8.01795,433,185420,0.161499,0.34,1,99579,99146,433
8180241,2.642,1.60359,435,185420,0.1443,0.34,1,99581,99146,435
8182721,2.1284,0.320718,437,185420,0.10886,0.33,1,99583,99146,437
8185641,5.22568,8.06414,433,185420,0.181772,0.33,1,99589,99156,433
8187921,2.64514,1.61283,435,185420,0.164354,0.21,1,99591,99156,435
8190841,16.529,19.5226,431,185420,0.168871,0.21,1,99611,99180,431
8193761,4.90581,3.90451,433,185420,0.145774,0.21,1,99613,99180,433
8196681,2.58116,0.780903,435,185420,0.173155,0.21,1,99615,99180,435
8199361,2.11623,0.156181,437,185420,0.138631,0.15,1,99617,99180,437
8201441,5.22325,4.83124,437,185420,0.155726,0.32,1,99623,99186,437
8204361,5.84465,8.96625,433,185420,0.103145,0.32,1,99629,99196,433
8207281,2.76893,1.79325,435,185420,0.212629,0.32,1,99631,99196,435
8209761,2.15379,0.35865,437,185420,0.242526,0.3,1,99633,99196,437
8212681,7.63076,11.2717,432,185420,0.176505,0.3,1,99642,99210,432
8215601,3.12615,2.25435,434,185420,0.131301,0.3,1,99644,99210,434
8218081,2.22523,0.450869,436,185420,0.16226,0.21,1,99646,99210,436
8221001,5.24505,6.49017,434,185420,0.224452,0.21,1,99652,99218,434
8223921,2.64901,1.29803,436,185420,0.20489,0.21,1,99654,99218,436
8226821,3.7298,0.259607,440,185420,0.224978,0.27,1,99658,99218,440
8229741,2.34596,7.25192,433,185420,0.228996,0.27,1,99660,99227,433
8232661,2.06919,1.45038,435,185420,0.229799,0.27,1,99662,99227,435
8235581,2.01384,0.290077,437,185420,0.19796,0.27,1,99664,99227,437
8237221,6.00277,0.0580154,444,185420,0.175592,0.37,1,99671,99227,444
8240141,2.80055,8.8116,435,185420,0.139118,0.37,1,99673,99238,435
8242421,9.36011,1.76232,446,185420,0.179824,0.26,1,99684,99238,446
8245341,4.27202,13.1525,433,185420,0.211965,0.26,1,99687,99254,433
8248261,2.4544,2.63049,435,185420,0.218393,0.26,1,99689,99254,435
8251181,2.09088,0.526099,437,185420,0.227679,0.26,1,99691,99254,437
8252821,2.81818,0.10522,440,185420,0.213536,0.35,1,99694,99254,440
8254901,10.9636,8.02104,443,185420,0.170707,0.24,1,99707,99264,443
8256981,67.7927,9.60421,515,185420,0.114141,0.21,1,99789,99274,515
8259901,15.1585,70.7208,431,185420,0.0708283,0.21,1,99791,99360,431
8262821,4.63171,14.1442,433,185420,0.142166,0.21,1,99793,99360,433
8265741,2.52634,2.82883,435,185420,0.124433,0.21,1,99795,99360,435
8267381,4.50527,0.565767,440,185420,0.184887,0.33,1,99800,99360,440
8270081,2.50105,8.11315,432,185420,0.172977,0.33,1,99802,99370,432
8273001,22.1002,25.6226,429,185420,0.226595,0.33,1,99829,99400,429
8275281,6.02004,5.12453,431,185420,0.205319,0.14,1,99831,99400,431
8278201,115.604,117.825,428,185420,0.297064,0.14,1,99974,99546,428
8281121,24.7208,23.565,430,185420,0.283413,0.14,1,99976,99546,430
8283601,6.54416,4.713,432,185420,0.256683,0.1,1,99978,99546,432
8286521,6.10883,8.9426,428,185420,0.163337,0.1,1,99984,99556,428
8288801,2.82177,1.78852,430,185420,0.264667,0.18,1,99986,99556,430
8291721,6.16435,5.9577,430,185420,0.348933,0.18,1,99993,99563,430
8294001,2.83287,1.19154,432,185420,0.333787,0.19,1,99995,99563,432
8296921,6.96657,12.2383,425,185420,0.290757,0.19,1,100003,99578,425
8299841,2.99331,2.44766,427,185420,0.282151,0.19,1,100005,99578,427
8302761,2.19866,0.489532,429,185420,0.24843,0.19,1,100007,99578,429
8305441,2.03973,0.0979064,431,185420,0.273686,0.08,1,100009,99578,431
8308361,3.60795,6.41958,427,185420,0.294737,0.08,1,100013,99586,427
8311281,2.32159,1.28392,429,185420,0.266947,0.08,1,100015,99586,429
8313761,2.06432,0.256783,431,185420,0.229389,0.11,1,100017,99586,431
8316681,6.81286,7.25136,430,185420,0.229878,0.11,1,100025,99595,430
8318961,2.96257,1.45027,432,185420,0.197976,0.21,1,100027,99595,432
8321881,17.3925,20.2901,428,185420,0.247595,0.21,1,100048,99620,428
8324801,5.0785,4.05801,430,185420,0.233519,0.21,1,100050,99620,430
8327721,2.6157,0.811602,432,185420,0.198704,0.21,1,100052,99620,432
8330401,2.12314,0.16232,434,185420,0.159741,0.26,1,100054,99620,434
8333321,4.42463,8.03246,429,185420,0.255948,0.26,1,100059,99630,429
8336021,8.08493,1.60649,438,185420,0.32319,0.17,1,100068,99630,438
8338941,3.21699,7.5213,431,185420,0.312638,0.17,1,100070,99639,431
8340801,1.4434,1.50426,432,185420,0.294528,0.17,1,100071,99639,432
8343721,3.48868,5.90085,429,185420,0.298905,0.17,1,100075,99646,429
8346001,2.29774,1.18017,431,185420,0.315781,0.26,1,100077,99646,431
8348921,5.25955,4.23603,432,185420,0.255156,0.26,1,100083,99651,432
8350581,3.45191,0.847207,435,185420,0.195031,0.25,1,100086,99651,435
8353501,2.29038,4.96944,431,185420,0.279006,0.25,1,100088,99657,431
8355781,3.65808,0.993888,435,185420,0.311801,0.24,1,100092,99657,435
8358701,2.33162,8.19878,427,185420,0.32636,0.24,1,100094,99667,427
8361621,2.06632,1.63976,429,185420,0.329272,0.24,1,100096,99667,429
8364541,2.01326,0.327951,431,185420,0.297854,0.24,1,100098,99667,431
8367221,6.00265,0.0655902,438,185420,0.243571,0.1,1,100105,99667,438
8370141,2.80053,5.61312,433,185420,0.200714,0.1,1,100107,99674,433
8372421,9.36011,1.12262,444,185420,0.264143,0.22,1,100118,99674,444
8375341,3.47202,12.2245,431,185420,0.316829,0.22,1,100120,99689,431
8377621,7.0944,2.4449,439,185420,0.319366,0.16,1,100128,99689,439
8380541,3.01888,13.289,425,185420,0.287873,0.16,1,100130,99705,425
8383441,2.20378,2.6578,427,185420,0.249575,0.1,1,100132,99705,427
8385521,11.6408,10.1316,429,185420,0.177915,0.1,1,100146,99717,429
8388441,65.5282,65.2263,429,185420,0.219583,0.1,1,100225,99796,429
8391361,14.7056,13.0453,431,185420,0.195917,0.1,1,100227,99796,431
8394281,4.54113,2.60905,433,185420,0.159183,0.1,1,100229,99796,433
8395921,1.70823,0.52181,434,185420,0.143837,0.22,1,100230,99796,434
8398841,5.14165,12.9044,424,185420,0.196767,0.22,1,100236,99812,424
8401121,2.62833,2.58087,426,185420,0.215353,0.19,1,100238,99812,426
8404041,23.7257,20.5162,430,185420,0.219071,0.19,1,100267,99837,430
8406321,6.34513,4.10323,432,185420,0.187814,0.19,1,100269,99837,432
8409241,117.269,116.021,433,185420,0.117563,0.19,1,100414,99981,433
8412161,25.0538,23.2041,435,185420,0.199513,0.19,1,100416,99981,435
8414641,6.61076,4.64083,437,185420,0.183903,0.38,1,100418,99981,437
8417561,6.92215,9.72817,433,185420,0.100781,0.38,1,100425,99992,433
8419841,2.98443,1.94563,435,185420,0.132156,0.3,1,100427,99992,435
8422761,8.59689,8.38913,435,185420,0.178431,0.3,1,100437,100002,435
8425041,3.31938,1.67783,437,185420,0.187686,0.28,1,100439,100002,437
8427961,2.26388,5.93556,432,185420,0.189537,0.28,1,100441,100009,432
8430881,2.05278,1.18711,434,185420,0.189907,0.28,1,100443,100009,434
8433361,2.01056,0.237423,436,185420,0.245981,0.3,1,100445,100009,436
8436281,4.40211,8.04748,431,185420,0.185196,0.3,1,100450,100019,431
8439201,2.48042,1.6095,433,185420,0.141039,0.3,1,100452,100019,433
8442121,2.09608,0.321899,435,185420,0.100208,0.3,1,100454,100019,435
8444801,2.01922,0.0643799,437,185420,0.0600416,0.32,1,100456,100019,437
8447721,9.20384,12.0129,433,185420,0.164008,0.32,1,100467,100034,433
8450001,3.44077,2.40258,435,185420,0.184802,0.25,1,100469,100034,435
8452921,17.4882,18.8805,433,185420,0.0369603,0.25,1,100490,100057,433
8455841,5.09763,3.7761,435,185420,0.0713921,0.25,1,100492,100057,435
8458761,2.61953,0.75522,437,185420,0.134278,0.25,1,100494,100057,437
8461441,2.12391,0.151044,439,185420,0.114856,0.19,1,100496,100057,439
8463521,4.42478,5.63021,437,185420,0.102971,0.32,1,100501,100064,437
8466441,6.48496,11.526,431,185420,0.0765942,0.32,1,100508,100077,431
8469361,2.89699,2.30521,433,185420,0.0873189,0.32,1,100510,100077,433
8472281,2.1794,0.461042,435,185420,0.161464,0.32,1,100512,100077,435
8473921,1.23588,0.0922083,436,185420,0.184293,0.26,1,100513,100077,436
8476841,5.04718,4.01844,437,185420,0.164859,0.26,1,100519,100082,437
8478501,3.40944,0.803688,440,185420,0.112972,0.3,1,100522,100082,440
8481201,2.28189,4.96074,436,185420,0.0785943,0.32,1,100524,100088,436
8484121,3.65638,9.79215,429,185420,0.207719,0.32,1,100528,100099,429
8487041,2.33128,1.95843,431,185420,0.201544,0.32,1,100530,100099,431
8489961,2.06626,0.391686,433,185420,0.200309,0.32,1,100532,100099,433
8492881,2.01325,0.0783372,435,185420,0.168062,0.32,1,100534,100099,435
8494721,1.20265,0.0156674,436,185420,0.145612,0.17,1,100535,100099,436
8497641,6.64053,7.20313,435,185420,0.157122,0.17,1,100543,100108,435
8500561,2.92811,1.44063,437,185420,0.127424,0.17,1,100545,100108,437
8502421,12.5856,0.288125,452,185420,0.225485,0.28,1,100560,100108,452
8505341,4.11712,17.6576,432,185420,0.253097,0.28,1,100562,100130,432
8508241,2.42342,3.53152,434,185420,0.258619,0.18,1,100564,100130,434
8511161,9.28469,12.7063,430,185420,0.243724,0.18,1,100575,100145,430
8514081,3.45694,2.54126,432,185420,0.208745,0.18,1,100577,100145,432
8515941,4.69139,0.508252,437,185420,0.177749,0.21,1,100582,100145,437
8518021,66.5383,10.5017,506,185420,0.14755,0.22,1,100664,100158,506
8520941,14.9077,63.7003,431,185420,0.10951,0.22,1,100666,100235,431
8523861,4.58153,12.7401,433,185420,0.101902,0.22,1,100668,100235,433
8526781,2.51631,2.54801,435,185420,0.18838,0.22,1,100670,100235,435
8528421,2.90326,0.509603,438,185420,0.253676,0.26,1,100673,100235,438
8531341,2.18065,12.1019,425,185420,0.234735,0.26,1,100675,100250,425
8533621,22.8361,2.42038,453,185420,0.230947,0.16,1,100703,100250,453
8536541,6.96723,19.6841,432,185420,0.214189,0.16,1,100706,100274,432
8538821,114.993,3.93682,574,185420,0.218838,0.16,1,100848,100274,574
8541741,24.5987,118.387,429,185420,0.227768,0.16,1,100850,100421,429
8544661,6.51974,23.6775,431,185420,0.197554,0.16,1,100852,100421,431
8547141,4.50395,4.73549,435,185420,0.119511,0.17,1,100856,100421,435
8549221,8.10079,4.9471,439,185420,0.191902,0.21,1,100865,100426,439
8550881,3.22016,7.38942,433,185420,0.16638,0.19,1,100867,100434,433
8553801,5.44403,13.4779,424,185420,0.233276,0.19,1,100873,100449,424
8556721,2.68881,2.69558,426,185420,0.246655,0.19,1,100875,100449,426
8559641,2.13776,0.539115,428,185420,0.249331,0.19,1,100877,100449,428
8562561,2.02755,0.107823,430,185420,0.281866,0.19,1,100879,100449,430
8564401,1.20551,0.0215646,431,185420,0.304373,0.08,1,100880,100449,431
8567321,1.8411,4.80431,427,185420,0.308875,0.08,1,100882,100455,427
8570241,1.96822,0.960863,429,185420,0.277775,0.08,1,100884,100455,429
8572721,1.99364,0.192173,431,185420,0.231555,0.24,1,100886,100455,431
8575641,3.59873,3.23843,431,185420,0.246311,0.24,1,100890,100459,431
8577301,11.1197,0.647687,444,185420,0.265262,0.12,1,100903,100459,444
8580221,3.82395,17.7295,424,185420,0.269052,0.12,1,100905,100481,424
8582501,10.3648,3.54591,436,185420,0.24581,0.09,1,100917,100481,436
8584581,9.27296,8.70918,435,185420,0.233162,0.12,1,100926,100491,435
8587501,3.45459,8.94184,428,185420,0.198632,0.12,1,100928,100500,428
8590421,2.29092,1.78837,430,185420,0.159726,0.12,1,100930,100500,430
8592481,2.05818,0.357673,432,185420,0.127945,0.2,1,100932,100500,432
8595401,9.21164,13.6715,426,185420,0.129589,0.2,1,100943,100517,426
8598321,3.44233,2.73431,428,185420,0.249918,0.2,1,100945,100517,428
8601241,2.28847,0.546861,430,185420,0.281984,0.2,1,100947,100517,430
8604161,2.05769,0.109372,432,185420,0.288397,0.2,1,100949,100517,432
8606421,5.21154,0.0218745,438,185420,0.233679,0.2,1,100955,100517,438
8609341,2.64231,10.4044,427,185420,0.190736,0.2,1,100957,100530,427
8612261,2.12846,2.08087,429,185420,0.150147,0.2,1,100959,100530,429
8614321,2.02569,0.416175,431,185420,0.102029,0.14,1,100961,100530,431
8617241,3.60514,5.68323,428,185420,0.212406,0.14,1,100965,100537,428
8620161,2.32103,1.13665,430,185420,0.202481,0.14,1,100967,100537,430
8623081,2.06421,0.227329,432,185420,0.168496,0.14,1,100969,100537,432
8625761,2.01284,0.0454659,434,185420,0.129699,0.25,1,100971,100537,434
8628681,8.40257,8.80909,433,185420,0.16994,0.25,1,100981,100548,433
8630961,3.28051,1.76182,435,185420,0.177988,0.28,1,100983,100548,435
8633881,10.2561,12.3524,432,185420,0.187598,0.28,1,100995,100563,432
8636161,3.65122,2.47047,434,185420,0.23752,0.26,1,100997,100563,434
8639081,5.53024,9.29409,429,185420,0.255504,0.26,1,101003,100574,429
8640741,10.706,1.85882,441,185420,0.131101,0.25,1,101015,100574,441
8643661,3.74121,9.97176,431,185420,0.0742202,0.25,1,101017,100586,431
8646561,2.34824,1.99435,433,185420,0.030844,0.29,1,101019,100586,433
8649481,66.8696,69.1989,430,185420,0.126169,0.29,1,101102,100672,430
8652401,14.9739,13.8398,432,185420,0.105234,0.29,1,101104,100672,432
8655321,4.59479,2.76795,434,185420,0.101047,0.29,1,101106,100672,434
8656961,1.71896,0.553591,435,185420,0.196209,0.19,1,101107,100672,435
8659881,9.14379,12.9107,430,185420,0.119242,0.19,1,101118,100688,430
8662161,3.42876,2.58214,432,185420,0.0798484,0.1,1,101120,100688,432
8665081,24.6858,22.9164,434,185420,0.21597,0.1,1,101150,100716,434
8667361,6.53715,4.58329,436,185420,0.243194,0.24,1,101152,100716,436
8670281,111.707,116.917,429,185420,0.184639,0.24,1,101290,100861,429
8673201,23.9415,23.3833,431,185420,0.148928,0.24,1,101292,100861,431
8676121,6.3883,4.67667,433,185420,0.229786,0.24,1,101294,100861,433
8677761,2.07766,0.935333,434,185420,0.261957,0.18,1,101295,100861,434
8680681,6.01553,5.78707,434,185420,0.220391,0.18,1,101302,100868,434
8683381,6.00311,1.15741,440,185420,0.300078,0.29,1,101308,100868,440
8686301,2.80062,9.03148,431,185420,0.316016,0.29,1,101310,100879,431
8689221,2.16012,1.8063,433,185420,0.279203,0.29,1,101312,100879,433
8691701,3.63202,0.361259,437,185420,0.239841,0.27,1,101316,100879,437
8694621,2.3264,8.07225,429,185420,0.231968,0.27,1,101318,100889,429
8697541,2.06528,1.61445,431,185420,0.222394,0.27,1,101320,100889,431
8700461,2.01306,0.32289,433,185420,0.188479,0.27,1,101322,100889,433
8703381,2.00261,0.064578,435,185420,0.141696,0.27,1,101324,100889,435
8705221,5.20052,0.0129156,441,185420,0.0763391,0.31,1,101330,100889,441
8707301,6.6401,8.00258,438,185420,0.143268,0.25,1,101337,100899,438
8710221,2.92802,7.20052,433,185420,0.156654,0.25,1,101339,100906,433
8712501,13.3856,1.4401,449,185420,0.175331,0.23,1,101355,100906,449
8714581,8.27712,16.288,436,185420,0.171066,0.17,1,101362,100926,436
8717501,4.05542,9.6576,431,185420,0.258213,0.17,1,101365,100934,431
8720421,2.41108,1.93152,433,185420,0.251643,0.17,1,101367,100934,433
8723341,2.08222,0.386304,435,185420,0.226329,0.17,1,101369,100934,435
8724981,9.21644,0.0772608,446,185420,0.181266,0.25,1,101380,100934,446
8727901,3.44329,16.0155,428,185420,0.172253,0.25,1,101382,100954,428
8730821,2.28866,3.20309,430,185420,0.170451,0.25,1,101384,100954,430
8733741,2.05773,0.640618,432,185420,0.17009,0.25,1,101386,100954,432
8736421,3.61155,0.128124,436,185420,0.274018,0.16,1,101390,100954,436
8739341,2.32231,12.0256,423,185420,0.262804,0.16,1,101392,100969,423
8742261,2.06446,2.40512,425,185420,0.284561,0.16,1,101394,100969,425
8745181,2.01289,0.481025,427,185420,0.256912,0.16,1,101396,100969,427
8748101,2.00258,0.096205,429,185420,0.219382,0.16,1,101398,100969,429
8750561,2.00052,0.019241,431,185420,0.211876,0.12,1,101400,100969,431
8753481,3.6001,3.20385,431,185420,0.154375,0.12,1,101404,100973,431
8756401,2.32002,0.64077,433,185420,0.110875,0.12,1,101406,100973,433
8758261,8.464,0.128154,443,185420,0.134175,0.28,1,101416,100973,443
8761181,4.0928,10.4256,433,185420,0.274835,0.28,1,101419,100986,433
8763461,7.21856,2.08513,441,185420,0.310967,0.27,1,101427,100986,441
8766381,3.04371,11.617,429,185420,0.278193,0.27,1,101429,101000,429
8768661,11.8087,2.3234,443,185420,0.287639,0.12,1,101443,101000,443
8770741,5.56175,11.6647,433,185420,0.225528,0.02,1,101447,101014,433
8773661,2.71235,6.33294,430,185420,0.181106,0.02,1,101449,101019,430
8775941,4.54247,1.26659,435,185420,0.108221,0.21,1,101454,101019,435
8777601,2.50849,8.25332,427,185420,0.0616442,0.17,1,101456,101029,427
8780521,66.1017,68.8507,425,185420,0.140329,0.17,1,101538,101113,425
8783441,14.8203,13.7701,427,185420,0.156066,0.17,1,101540,101113,427
8786361,4.56407,2.75403,429,185420,0.127213,0.17,1,101542,101113,429
8788001,1.71281,0.550805,430,185420,0.113443,0.25,1,101543,101113,430
8790921,14.7426,12.9102,432,185420,0.166689,0.25,1,101561,101129,432
8793201,4.54851,2.58203,434,185420,0.177338,0.2,1,101563,101129,434
8796121,17.7097,21.3164,429,185420,0.267468,0.2,1,101584,101155,429
8798401,5.14194,4.26328,431,185420,0.253493,0.28,1,101586,101155,431
8801321,113.828,114.453,430,185420,0.234699,0.28,1,101727,101297,430
8804241,24.3657,22.8905,432,185420,0.22294,0.28,1,101729,101297,432
8807161,6.47314,4.57811,434,185420,0.228588,0.28,1,101731,101297,434
8808801,2.09463,0.915621,435,185420,0.285718,0.32,1,101732,101297,435
8810881,7.61893,8.98312,433,185420,0.193144,0.22,1,101741,101308,433
8813801,4.72379,11.3966,425,185420,0.174629,0.22,1,101745,101320,425
8816721,2.54476,2.27932,427,185420,0.282926,0.22,1,101747,101320,427
8819641,2.10895,0.455865,429,185420,0.320585,0.22,1,101749,101320,429
8822561,2.02179,0.091173,431,185420,0.304117,0.22,1,101751,101320,431
8825441,2.00436,0.0182346,433,185420,0.308823,0.06,1,101753,101320,433
8828361,6.80087,8.00365,431,185420,0.205765,0.06,1,101761,101330,431
8831281,2.96017,1.60073,433,185420,0.145153,0.06,1,101763,101330,433
8833761,2.19203,0.320146,435,185420,0.133031,0.2,1,101765,101330,435
8835841,3.63841,2.46403,436,185420,0.242606,0.24,1,101769,101333,436
8838761,3.92768,7.69281,431,185420,0.232521,0.24,1,101773,101342,431
8841041,2.38554,1.53856,433,185420,0.198504,0.3,1,101775,101342,433
8843961,18.8771,17.9077,434,185420,0.175701,0.3,1,101798,101364,434
8846661,11.7754,3.58154,444,185420,0.21114,0.22,1,101808,101364,444
8849581,3.95508,11.1163,433,185420,0.186228,0.22,1,101810,101377,433
8852501,2.39102,2.22326,435,185420,0.181246,0.22,1,101812,101377,435
8854981,3.6782,0.444652,439,185420,0.180249,0.19,1,101816,101377,439
8857901,2.33564,4.88893,435,185420,0.23605,0.19,1,101818,101383,435
8860181,3.66713,0.977786,439,185420,0.23121,0.25,1,101822,101383,439
8863101,2.33343,10.5956,428,185420,0.198242,0.25,1,101824,101396,428
8866021,2.06669,2.11911,430,185420,0.199648,0.25,1,101826,101396,430
8868941,2.01334,0.423822,432,185420,0.16793,0.25,1,101828,101396,432
8871861,2.00267,0.0847644,434,185420,0.121586,0.25,1,101830,101396,434
8874741,4.40053,0.0169529,439,185420,0.200317,0.27,1,101835,101396,439
8877661,3.28011,8.80339,431,185420,0.264063,0.27,1,101838,101407,431
8880581,2.25602,1.76068,433,185420,0.244813,0.27,1,101840,101407,433
8883501,2.0512,0.352136,435,185420,0.256963,0.27,1,101842,101407,435
8886421,2.01024,0.0704271,437,185420,0.259392,0.27,1,101844,101407,437
8888261,12.402,0.0140854,452,185420,0.299879,0.33,1,101859,101407,452
8891181,4.08041,15.2028,435,185420,0.307976,0.33,1,101861,101426,435
8893461,3.21608,3.04056,438,185420,0.317595,0.27,1,101864,101426,438
8896381,3.04322,4.60811,436,185420,0.303519,0.27,1,101867,101431,436
8898661,9.40864,0.921622,447,185420,0.252704,0.19,1,101878,101431,447
8901361,3.48173,13.7843,432,185420,0.210541,0.24,1,101880,101448,432
8904281,7.09635,10.7569,430,185420,0.130108,0.24,1,101888,101458,430
8907201,3.01927,2.15137,432,185420,0.242022,0.24,1,101890,101458,432
8910101,67.0039,0.430275,515,185420,0.224404,0.23,1,101973,101458,515
8913021,15.0008,70.4861,429,185420,0.188881,0.23,1,101975,101546,429
8915941,4.60015,14.0972,431,185420,0.149776,0.23,1,101977,101546,431
8918861,2.52003,2.81944,433,185420,0.117955,0.23,1,101979,101546,433
8920501,12.504,0.563888,448,185420,0.183591,0.27,1,101994,101546,448
8923421,4.1008,17.7128,428,185420,0.172718,0.27,1,101996,101568,428
8925701,17.6202,3.54256,449,185420,0.242544,0.22,1,102017,101568,449
8928621,5.12403,16.7085,431,185420,0.256509,0.22,1,102019,101588,431
8930901,117.825,3.3417,577,185420,0.283302,0.25,1,102165,101588,577
8933821,25.165,118.268,432,185420,0.28866,0.25,1,102167,101735,432
8936741,6.63299,23.6537,434,185420,0.257732,0.25,1,102169,101735,434
8939661,2.9266,4.73073,436,185420,0.243546,0.25,1,102171,101735,436
8941301,6.18532,0.946147,443,185420,0.168709,0.18,1,102178,101735,443
8943381,6.03706,7.38923,440,185420,0.161742,0.26,1,102184,101744,440
8946301,2.80741,11.8778,429,185420,0.280348,0.26,1,102186,101757,429
8949221,2.16148,2.37557,431,185420,0.28807,0.26,1,102188,101757,431
8952141,2.0323,0.475114,433,185420,0.257614,0.26,1,102190,101757,433
8955061,2.00646,0.0950228,435,185420,0.283523,0.26,1,102192,101757,435
8957941,4.40129,0.0190045,440,185420,0.248705,0.31,1,102197,101757,440
8960861,3.28026,8.0038,433,185420,0.185741,0.31,1,102200,101767,433
8963781,2.25605,1.60076,435,185420,0.141148,0.31,1,102202,101767,435
8966261,3.65121,0.320152,439,185420,0.10823,0.25,1,102206,101767,439
8968341,7.13024,4.06403,442,185420,0.165646,0.26,1,102214,101772,442
8971261,3.02605,8.01281,435,185420,0.281129,0.26,1,102216,101781,435
8973541,20.6052,1.60256,460,185420,0.240226,0.18,1,102241,101781,460
8976461,5.72104,23.5205,433,185420,0.232045,0.18,1,102243,101810,433
8978741,5.14421,4.7041,438,185420,0.222409,0.27,1,102248,101810,438
8981661,3.42884,8.94082,431,185420,0.228482,0.27,1,102251,101820,431
8984581,2.28577,1.78816,433,185420,0.205696,0.27,1,102253,101820,433
8987501,2.05715,0.357633,435,185420,0.169139,0.27,1,102255,101820,435
8990181,2.01143,0.0715266,437,185420,0.161828,0.17,1,102257,101820,437
8993101,2.00229,5.61431,432,185420,0.160366,0.17,1,102259,101827,432
8996021,2.00046,1.12286,434,185420,0.256073,0.17,1,102261,101827,434
8998501,2.00009,0.224572,436,185420,0.243215,0.29,1,102263,101827,436
9001421,2.00002,3.24491,434,185420,0.216643,0.29,1,102265,101831,434
9003701,5.2,0.648983,440,185420,0.267329,0.29,1,102271,101831,440
9005361,1.84,4.9298,435,185420,0.269466,0.3,1,102272,101837,435
9008281,5.168,8.98596,431,185420,0.213893,0.3,1,102278,101847,431
9011201,2.6336,1.79719,433,185420,0.202779,0.3,1,102280,101847,433
9014121,2.12672,0.359438,435,185420,0.168556,0.3,1,102282,101847,435
9016801,2.02534,0.0718877,437,185420,0.289711,0.34,1,102284,101847,437
9019721,10.0051,12.8144,433,185420,0.233942,0.34,1,102296,101863,433
9022001,3.60101,2.56288,435,185420,0.214788,0.31,1,102298,101863,435
9024921,3.9202,9.31258,428,185420,0.202958,0.31,1,102302,101874,428
9027201,2.38404,1.86251,430,185420,0.304592,0.15,1,102304,101874,430
9030121,12.4768,9.9725,433,185420,0.180918,0.15,1,102319,101886,433
9032401,4.09536,1.9945,435,185420,0.180184,0.27,1,102321,101886,435
9035321,5.61907,5.1989,435,185420,0.212037,0.27,1,102327,101892,435
9037601,2.72381,1.03978,437,185420,0.194407,0.14,1,102329,101892,437
9040521,63.7448,68.208,431,185420,0.278881,0.14,1,102408,101977,431
9043441,14.349,13.6416,433,185420,0.263776,0.14,1,102410,101977,433
9045301,10.8698,2.72832,443,185420,0.220755,0.23,1,102420,101977,443
9048221,4.57396,12.5457,431,185420,0.220151,0.23,1,102423,101992,431
9050501,10.5148,2.50913,443,185420,0.25203,0.35,1,102435,101992,443
9053421,5.30296,9.30183,436,185420,0.266406,0.35,1,102439,102003,436
9055701,18.6606,1.86037,458,185420,0.301281,0.28,1,102461,102003,458
9058621,5.33212,21.9721,433,185420,0.276256,0.28,1,102463,102030,433
9060901,113.066,4.39441,573,185420,0.303251,0.22,1,102603,102030,573
9063821,24.2133,116.079,431,185420,0.30865,0.22,1,102605,102174,431
9066741,6.44266,23.2158,433,185420,0.36573,0.22,1,102607,102174,433
9069661,2.88853,4.64315,435,185420,0.385146,0.22,1,102609,102174,435
9071301,4.57771,0.928631,440,185420,0.333029,0.21,1,102614,102174,440
9073381,7.31554,4.98573,442,185420,0.418606,0.26,1,102622,102180,442
9076301,3.06311,13.7971,428,185420,0.403721,0.26,1,102624,102196,428
9079221,2.21262,2.75943,430,185420,0.400744,0.26,1,102626,102196,430
9082141,2.04252,0.551886,432,185420,0.424149,0.26,1,102628,102196,432
9085061,2.0085,0.110377,434,185420,0.40483,0.26,1,102630,102196,434
9086901,3.6017,0.0220754,438,185420,0.408966,0.14,1,102634,102196,438
9089821,3.12034,6.40442,433,185420,0.361793,0.14,1,102637,102204,433
9092741,2.22407,1.28088,435,185420,0.320359,0.14,1,102639,102204,435
9094801,2.04481,0.256177,437,185420,0.392072,0.24,1,102641,102204,437
9096881,5.20896,5.65124,436,185420,0.366414,0.29,1,102647,102211,436
9099801,7.44179,11.5302,431,185420,0.433283,0.29,1,102655,102224,431
9102081,3.08836,2.30605,433,185420,0.446657,0.25,1,102657,102224,433
9105001,21.4177,21.2612,433,185420,0.385331,0.25,1,102683,102250,433
9107921,5.88353,4.25224,435,185420,0.341066,0.25,1,102685,102250,435
9110821,2.77671,0.850448,437,185420,0.388213,0.3,1,102687,102250,437
9113741,2.15534,8.17009,429,185420,0.397643,0.3,1,102689,102260,429
9116661,2.03107,1.63402,431,185420,0.375529,0.3,1,102691,102260,431
9119581,2.00621,0.326804,433,185420,0.339106,0.3,1,102693,102260,433
9122501,2.00124,0.0653607,435,185420,0.355821,0.3,1,102695,102260,435
9125381,5.20025,0.0130721,441,185420,0.351164,0.27,1,102701,102260,441
9128301,2.64005,9.60261,431,185420,0.326233,0.27,1,102703,102272,431
9131221,2.12801,1.92052,433,185420,0.289247,0.27,1,102705,102272,433
9134141,2.0256,0.384105,435,185420,0.249849,0.27,1,102707,102272,435
9135781,4.40512,0.0768209,440,185420,0.23397,0.2,1,102712,102272,440
9138481,2.48102,6.41536,434,185420,0.350794,0.24,1,102714,102280,434
9141401,10.0962,11.6831,433,185420,0.422159,0.24,1,102726,102293,433
9144321,3.61924,2.33661,435,185420,0.436432,0.24,1,102728,102293,435
9147241,2.32385,0.467323,437,185420,0.479286,0.24,1,102730,102293,437
9149301,3.66477,0.0934646,441,185420,0.455857,0.22,1,102734,102293,441
9152221,2.33295,6.41869,435,185420,0.459171,0.22,1,102736,102301,435
9154501,7.66659,1.28374,444,185420,0.395834,0.22,1,102745,102301,444
9157421,3.93332,12.2567,432,185420,0.415167,0.22,1,102748,102316,432
9159701,8.78666,2.45135,442,185420,0.315033,0.24,1,102758,102316,442
9162621,3.35733,8.49027,434,185420,0.263007,0.24,1,102760,102326,434
9164901,5.47147,1.69805,440,185420,0.276601,0.28,1,102766,102326,440
9167821,2.69429,8.33961,432,185420,0.33532,0.28,1,102768,102336,432
9170101,65.3389,1.66792,513,185420,0.291064,0.3,1,102849,102336,513
9173021,15.4678,63.5336,437,185420,0.266213,0.3,1,102852,102415,437
9175301,9.49355,12.7067,445,185420,0.317243,0.37,1,102860,102415,445
9178221,3.49871,12.1413,435,185420,0.295449,0.37,1,102862,102427,435
9180501,10.2997,2.42827,447,185420,0.29909,0.3,1,102874,102427,447
9183421,3.65995,11.6857,435,185420,0.267818,0.3,1,102876,102441,435
9185701,22.332,2.33713,462,185420,0.341564,0.26,1,102903,102441,462
9188621,6.0664,20.4674,439,185420,0.324313,0.26,1,102905,102466,439
9190901,114.813,4.09348,581,185420,0.280863,0.35,1,103047,102466,581
9193821,25.3627,116.819,439,185420,0.232173,0.35,1,103050,102611,439
9196741,6.67253,23.3637,441,185420,0.214435,0.35,1,103052,102611,441
9199661,2.93451,4.67275,443,185420,0.178887,0.35,1,103054,102611,443
9201301,2.9869,0.934549,446,185420,0.187777,0.29,1,103057,102611,446
9203381,6.99738,4.18691,449,185420,0.293555,0.4,1,103065,102616,449
9206301,2.99948,12.0374,437,185420,0.322711,0.4,1,103067,102630,437
9209221,2.1999,2.40748,439,185420,0.296542,0.4,1,103069,102630,439
9212141,2.03998,0.481495,441,185420,0.291308,0.4,1,103071,102630,441
9213781,5.208,0.096299,447,185420,0.282262,0.41,1,103077,102630,447
9216701,3.4416,10.4193,437,185420,0.232452,0.41,1,103080,102643,437
9219621,2.28832,2.08385,439,185420,0.28649,0.41,1,103082,102643,439
9222541,2.05766,0.41677,441,185420,0.297298,0.41,1,103084,102643,441
9225461,2.01153,0.0833541,443,185420,0.29146,0.41,1,103086,102643,443
9227301,4.40231,0.0166708,448,185420,0.258292,0.31,1,103091,102643,448
9229381,4.88046,5.60333,446,185420,0.243658,0.43,1,103096,102650,446
9232301,3.37609,7.52067,441,185420,0.232732,0.43,1,103099,102658,441
9234581,21.4752,1.50413,467,185420,0.270546,0.4,1,103125,102658,467
9237501,5.89504,25.1008,438,185420,0.246109,0.4,1,103127,102689,438
9240421,2.77901,5.02017,440,185420,0.209222,0.4,1,103129,102689,440
9242901,5.3558,1.00403,446,185420,0.313844,0.32,1,103135,102689,446
9245821,2.67116,11.4008,434,185420,0.294769,0.32,1,103137,102703,434
9248741,2.13423,2.28016,436,185420,0.258954,0.32,1,103139,102703,436
9251661,2.02685,0.456032,438,185420,0.219791,0.32,1,103141,102703,438
9254581,2.00537,0.0912064,440,185420,0.211958,0.32,1,103143,102703,440
9257461,5.20107,0.0182413,446,185420,0.258392,0.4,1,103149,102703,446
9260381,2.64021,8.00365,438,185420,0.235678,0.4,1,103151,102713,438
9263301,2.12804,1.60073,440,185420,0.279136,0.4,1,103153,102713,440
9266221,2.02561,0.320146,442,185420,0.255827,0.4,1,103155,102713,442
9267861,4.40512,0.0640292,447,185420,0.235165,0.31,1,103160,102713,447
9269521,1.68102,4.01281,443,185420,0.303033,0.49,1,103161,102718,443
9272441,6.7362,10.4026,439,185420,0.236607,0.49,1,103169,102730,439
9274721,2.94724,2.08051,441,185420,0.191321,0.43,1,103171,102730,441
9277641,3.78945,6.0161,438,185420,0.326264,0.43,1,103175,102737,438
9280561,2.35789,1.20322,440,185420,0.361253,0.43,1,103177,102737,440
9283041,2.07158,0.240644,442,185420,0.336251,0.33,1,103179,102737,442
9285961,12.4143,15.2481,438,185420,0.33125,0.33,1,103194,102756,438
9288241,4.08286,3.04963,440,185420,0.29825,0.3,1,103196,102756,440
9291161,7.21657,7.80993,439,185420,0.20365,0.3,1,103204,102765,439
9293441,3.04331,1.56198,441,185420,0.15273,0.3,1,103206,102765,441
9296361,2.20866,6.7124,435,185420,0.262546,0.3,1,103208,102773,435
9298641,2.04173,1.34248,437,185420,0.260509,0.33,1,103210,102773,437
9301561,70.0083,69.8685,437,185420,0.316102,0.33,1,103297,102860,437
9303841,15.6017,13.9737,439,185420,0.32722,0.35,1,103299,102860,439
9306761,6.32033,11.5947,432,185420,0.289444,0.35,1,103303,102871,432
9309041,2.86407,2.31895,434,185420,0.249889,0.22,1,103305,102871,434
9311961,9.37281,7.66379,436,185420,0.169978,0.22,1,103316,102880,436
9314241,3.47456,1.53276,438,185420,0.241996,0.36,1,103318,102880,438
9317161,21.4949,25.1066,433,185420,0.232399,0.36,1,103344,102911,433
9319441,5.89898,5.02131,435,185420,0.23048,0.19,1,103346,102911,435
9322361,113.98,114.604,434,185420,0.230096,0.19,1,103487,103053,434
9325281,24.396,22.9209,436,185420,0.254019,0.19,1,103489,103053,436
9327761,6.47919,4.58417,438,185420,0.234804,0.36,1,103491,103053,438
9330681,7.69584,8.91683,436,185420,0.254961,0.36,1,103499,103063,436
9333381,4.73917,1.78337,440,185420,0.322992,0.29,1,103503,103063,440
9336301,2.54783,6.75667,434,185420,0.352598,0.29,1,103505,103071,434
9339221,2.10957,1.35133,436,185420,0.35852,0.29,1,103507,103071,436
9341701,6.82191,0.270267,444,185420,0.279704,0.31,1,103515,103071,444
9344621,2.96438,8.05405,436,185420,0.231941,0.31,1,103517,103081,436
9347521,2.19288,1.61081,438,185420,0.190388,0.26,1,103519,103081,438
9350441,5.23858,7.52216,435,185420,0.278078,0.26,1,103525,103090,435
9353361,2.64772,1.50443,437,185420,0.263616,0.26,1,103527,103090,437
9355841,2.12954,0.300886,439,185420,0.236723,0.24,1,103529,103090,439
9358761,5.22591,6.46018,437,185420,0.287345,0.24,1,103535,103098,437
9361461,9.04518,1.29204,447,185420,0.217469,0.31,1,103545,103098,447
9363121,2.60904,9.85841,436,185420,0.275494,0.29,1,103546,103110,436
9366041,17.3218,23.5717,430,185420,0.303099,0.29,1,103567,103137,430
9368961,5.06436,4.71434,432,185420,0.27662,0.29,1,103569,103137,432
9371881,2.61287,0.942867,434,185420,0.239324,0.29,1,103571,103137,434
9373521,1.32257,0.188573,435,185420,0.215865,0.21,1,103572,103137,435
9376441,1.86451,3.23771,433,185420,0.267173,0.21,1,103574,103141,433
9379361,1.9729,0.647543,435,185420,0.277435,0.21,1,103576,103141,435
9381221,4.39458,0.129509,440,185420,0.263487,0.25,1,103581,103141,440
9384141,2.47892,7.2259,433,185420,0.228697,0.25,1,103583,103150,433
9387061,2.09578,1.44518,435,185420,0.205739,0.25,1,103585,103150,435
9389541,5.21916,0.289036,441,185420,0.169148,0.32,1,103591,103150,441
9392461,2.64383,8.85781,432,185420,0.29783,0.32,1,103593,103161,432
9395381,2.12877,1.77156,434,185420,0.291566,0.32,1,103595,103161,434
9398301,2.02575,0.354312,436,185420,0.266313,0.32,1,103597,103161,436
9399941,2.80515,0.0708624,439,185420,0.277263,0.27,1,103600,103161,439
9402021,6.96103,1.61417,445,185420,0.303453,0.36,1,103608,103163,445
9404941,2.99221,9.92283,435,185420,0.308691,0.36,1,103610,103175,435
9407221,2.99844,1.98457,438,185420,0.301738,0.31,1,103613,103175,438
9410141,2.99969,4.39691,436,185420,0.284348,0.31,1,103616,103180,436
9413061,2.19994,0.879383,438,185420,0.35287,0.31,1,103618,103180,438
9415541,14.04,0.175877,455,185420,0.254574,0.22,1,103635,103180,455
9418461,4.408,17.6352,435,185420,0.282915,0.22,1,103637,103202,435
9420741,4.8816,3.52703,440,185420,0.240583,0.31,1,103642,103202,440
9423661,2.57632,4.70541,437,185420,0.240117,0.31,1,103644,103207,437
9425941,5.31526,0.941081,443,185420,0.200023,0.35,1,103650,103207,443
9428861,2.66305,8.18822,435,185420,0.272005,0.35,1,103652,103217,435
9431141,66.9326,1.63764,518,185420,0.326401,0.22,1,103735,103217,518
9434061,14.9865,71.5275,431,185420,0.34528,0.22,1,103737,103306,431
9436981,4.5973,14.3055,433,185420,0.317056,0.22,1,103739,103306,433
9439901,2.51946,2.8611,435,185420,0.319411,0.22,1,103741,103306,435
9441541,10.9039,0.57222,448,185420,0.319882,0.24,1,103754,103306,448
9444461,3.78078,12.1144,435,185420,0.319976,0.24,1,103756,103321,435
9446741,25.5562,2.42289,466,185420,0.279995,0.25,1,103787,103321,466
9449661,6.71123,29.2846,432,185420,0.295999,0.25,1,103789,103357,432
9451941,109.342,5.85692,567,185420,0.1952,0.21,1,103924,103357,567
9454861,24.2684,109.171,435,185420,0.30304,0.21,1,103927,103492,435
9457781,6.45369,21.8343,437,185420,0.292608,0.21,1,103929,103492,437
9460261,7.69074,4.36685,445,185420,0.330522,0.36,1,103937,103492,445
9462341,5.53815,8.87337,440,185420,0.386104,0.32,1,103942,103502,440
9465261,3.50763,8.97467,434,185420,0.373221,0.32,1,103945,103511,434
9468181,2.30153,1.79493,436,185420,0.394644,0.32,1,103947,103511,436
9470241,2.06031,0.358987,438,185420,0.390929,0.34,1,103949,103511,438
9473161,5.21206,8.8718,433,185420,0.358186,0.34,1,103955,103522,433
9476081,2.64241,1.77436,435,185420,0.319637,0.34,1,103957,103522,435
9478561,2.12848,0.354872,437,185420,0.367927,0.3,1,103959,103522,437
9481481,6.8257,10.471,432,185420,0.353585,0.3,1,103967,103535,432
9484401,2.96514,2.09419,434,185420,0.318717,0.3,1,103969,103535,434
9486881,2.19303,0.418839,436,185420,0.287743,0.23,1,103971,103535,436
9488961,6.83861,4.88377,438,185420,0.329549,0.31,1,103979,103541,438
9491881,6.16772,5.77675,438,185420,0.36991,0.31,1,103985,103547,438
9494161,2.83354,1.15535,440,185420,0.401982,0.26,1,103987,103547,440
9497081,19.7667,27.4311,430,185420,0.264396,0.26,1,104011,103581,430
9500001,5.55334,5.48621,432,185420,0.236879,0.26,1,104013,103581,432
9502921,2.71067,1.09724,434,185420,0.319376,0.26,1,104015,103581,434
9505841,2.14213,0.219449,436,185420,0.311875,0.26,1,104017,103581,436
9508761,2.02843,0.0438897,438,185420,0.350375,0.26,1,104019,103581,438
9511221,5.20569,0.00877794,444,185420,0.310075,0.29,1,104025,103581,444
9514141,2.64114,11.2018,432,185420,0.270015,0.29,1,104027,103595,432
9517061,2.12823,2.24035,434,185420,0.230003,0.29,1,104029,103595,434
9519981,2.02565,0.44807,436,185420,0.342001,0.29,1,104031,103595,436
9522901,2.00513,0.089614,438,185420,0.3564,0.29,1,104033,103595,438
9524741,6.80103,0.0179228,446,185420,0.27928,0.35,1,104041,103595,446
9527661,3.76021,8.80358,438,185420,0.303856,0.35,1,104044,103606,438
9530561,2.35204,1.76072,440,185420,0.308771,0.28,1,104046,103606,440
9533481,3.67041,8.35214,434,185420,0.365754,0.28,1,104050,103616,434
9536401,2.33408,1.67043,436,185420,0.385151,0.28,1,104052,103616,436
9539301,5.26682,0.334086,442,185420,0.41303,0.26,1,104058,103616,442
9542221,2.65336,7.26682,435,185420,0.386606,0.26,1,104060,103625,435
9544081,1.33067,1.45336,436,185420,0.373321,0.25,1,104061,103625,436
9547001,5.06613,11.4907,428,185420,0.338664,0.25,1,104067,103639,428
9549281,2.61323,2.29813,430,185420,0.307733,0.18,1,104069,103639,430
9552201,10.9226,6.85963,435,185420,0.317547,0.18,1,104082,103647,435
9554481,3.78453,1.37193,437,185420,0.287509,0.29,1,104084,103647,437
9556561,3.95691,4.27439,436,185420,0.217502,0.31,1,104088,103652,436
9559481,2.39138,8.85488,428,185420,0.2035,0.31,1,104090,103662,428
9561141,67.6783,1.77098,512,185420,0.2487,0.28,1,104174,103662,512
9564061,15.1357,65.1542,433,185420,0.26574,0.28,1,104176,103743,433
9566981,4.62713,13.0308,435,185420,0.269148,0.28,1,104178,103743,435
9569901,2.52543,2.60617,437,185420,0.23783,0.28,1,104180,103743,437
9571541,8.50509,0.521233,447,185420,0.247566,0.32,1,104190,103743,447
9573621,11.301,10.5042,446,185420,0.297513,0.35,1,104202,103756,446
9575281,3.0602,11.7008,435,185420,0.283503,0.27,1,104203,103768,435
9578201,19.012,23.1402,432,185420,0.288701,0.27,1,104226,103794,432
9580481,5.40241,4.62803,434,185420,0.28974,0.28,1,104228,103794,434
9583401,111.48,109.726,436,185420,0.273948,0.28,1,104366,103930,436
9586321,23.8961,21.9451,438,185420,0.26279,0.28,1,104368,103930,438
9588801,6.37922,4.38902,440,185420,0.292558,0.32,1,104370,103930,440
9590881,8.47584,7.2778,441,185420,0.146512,0.41,1,104379,103938,441
9593801,6.49517,9.45556,437,185420,0.213302,0.41,1,104385,103948,437
9596721,2.89903,1.89111,439,185420,0.23466,0.41,1,104387,103948,439
9599201,2.17981,0.378222,441,185420,0.206932,0.38,1,104389,103948,441
9601281,5.23596,4.87564,441,185420,0.297386,0.39,1,104395,103954,441
9604201,4.24719,6.57513,438,185420,0.259477,0.39,1,104399,103961,438
9607121,2.44944,1.31503,440,185420,0.235895,0.39,1,104401,103961,440
9609601,2.08989,0.263005,442,185420,0.231179,0.3,1,104403,103961,442
9612521,5.21798,7.2526,439,185420,0.174236,0.3,1,104409,103970,439
9614801,2.6436,1.45052,441,185420,0.250847,0.42,1,104411,103970,441
9617721,5.32872,4.2901,442,185420,0.330169,0.42,1,104417,103975,442
9619381,6.66574,0.858021,449,185420,0.266034,0.42,1,104424,103975,449
9622081,2.93315,8.9716,440,185420,0.301207,0.38,1,104426,103986,440
9625001,5.38663,10.5943,435,185420,0.276241,0.38,1,104432,103997,435
9626661,16.2773,2.11886,454,185420,0.207248,0.35,1,104451,103997,454
9629581,4.85546,18.8238,433,185420,0.19345,0.35,1,104453,104020,433
9632501,2.57109,3.76475,435,185420,0.19069,0.35,1,104455,104020,435
9635421,2.11422,0.752951,437,185420,0.198138,0.35,1,104457,104020,437
9638341,2.02284,0.15059,439,185420,0.287628,0.35,1,104459,104020,439
9641221,5.20457,0.030118,445,185420,0.217526,0.37,1,104465,104020,445
9644141,2.64091,8.80602,436,185420,0.171505,0.37,1,104467,104031,436
9647061,2.12818,1.7612,438,185420,0.130301,0.37,1,104469,104031,438
9649541,5.22564,0.352241,444,185420,0.29006,0.33,1,104475,104031,444
9652461,2.64513,4.87045,440,185420,0.290012,0.33,1,104477,104037,440
9654741,6.12903,0.97409,447,185420,0.250002,0.4,1,104484,104037,447
9657661,3.62581,8.19482,440,185420,0.194,0.4,1,104487,104047,440
9660581,2.32516,1.63896,442,185420,0.1428,0.4,1,104489,104047,442
9663061,8.46503,0.327793,452,185420,0.28456,0.33,1,104499,104047,452
9665981,3.29301,14.4656,436,185420,0.272912,0.33,1,104501,104065,436
9668901,2.2586,2.89311,438,185420,0.270582,0.33,1,104503,104065,438
9671821,2.05172,0.578622,440,185420,0.310116,0.33,1,104505,104065,440
9674741,2.01034,0.115724,442,185420,0.318023,0.33,1,104507,104065,442
9676581,2.80207,0.0231449,445,185420,0.311605,0.35,1,104510,104065,445
9679501,2.16041,12.0046,432,185420,0.302321,0.35,1,104512,104080,432
9681781,10.8321,2.40093,445,185420,0.244464,0.2,1,104525,104080,445
9684701,3.76642,8.48019,437,185420,0.200893,0.2,1,104527,104090,437
9687601,2.35328,1.69604,439,185420,0.176179,0.34,1,104529,104090,439
9689681,2.87066,9.13921,431,185420,0.203236,0.25,1,104532,104101,431
9692601,72.5741,73.0278,432,185420,0.232647,0.25,1,104622,104190,432
9695521,16.1148,14.6056,434,185420,0.246529,0.25,1,104624,104190,434
9698441,4.82296,2.92111,436,185420,0.217306,0.25,1,104626,104190,436
9700081,1.76459,0.584223,437,185420,0.195461,0.21,1,104627,104190,437
9702161,11.5529,7.31684,442,185420,0.239092,0.28,1,104641,104199,442
9705081,5.51058,6.26337,440,185420,0.335818,0.28,1,104645,104205,440
9707781,14.7021,1.25267,457,185420,0.299164,0.36,1,104662,104205,457
9710701,4.54042,22.6505,431,185420,0.251833,0.36,1,104664,104233,431
9712981,116.908,4.53011,576,185420,0.250367,0.11,1,104809,104233,576
9715901,24.9816,117.706,432,185420,0.218073,0.11,1,104811,104379,432
9718821,6.59632,23.5412,434,185420,0.243615,0.11,1,104813,104379,434
9721301,7.71926,4.70824,442,185420,0.280723,0.25,1,104821,104379,442
9723381,7.14385,4.94165,444,185420,0.360145,0.25,1,104828,104384,444
9726301,3.02877,12.9883,431,185420,0.368029,0.25,1,104830,104399,431
9729221,2.20575,2.59767,433,185420,0.337606,0.25,1,104832,104399,433
9732141,2.04115,0.519533,435,185420,0.307521,0.25,1,104834,104399,435
9733781,3.60823,0.103907,439,185420,0.333504,0.18,1,104838,104399,439
9736701,3.12165,5.62078,435,185420,0.298701,0.18,1,104841,104406,435
9739621,2.22433,1.12416,437,185420,0.25974,0.18,1,104843,104406,437
9742101,4.44487,0.224831,442,185420,0.331948,0.26,1,104848,104406,442
9745021,3.28897,6.44497,437,185420,0.33839,0.26,1,104851,104414,437
9747301,7.05779,1.28899,445,185420,0.395678,0.27,1,104859,104414,445
9749381,7.81156,7.4578,444,185420,0.391136,0.29,1,104867,104423,444
9752301,3.16231,12.6916,432,185420,0.390227,0.29,1,104869,104437,432
9755201,2.23246,2.53831,434,185420,0.358045,0.29,1,104871,104437,434
9758121,14.0465,18.9077,428,185420,0.391609,0.29,1,104888,104460,428
9761041,6.0093,3.78153,432,185420,0.334322,0.29,1,104892,104460,432
9763961,2.80186,0.756306,434,185420,0.282864,0.29,1,104894,104460,434
9766881,2.16037,0.151261,436,185420,0.248573,0.29,1,104896,104460,436
9768721,1.23207,0.0302523,437,185420,0.225715,0.25,1,104897,104460,437
9771641,9.84642,15.2061,430,185420,0.333143,0.25,1,104909,104479,430
9774561,3.56928,3.04121,432,185420,0.354629,0.25,1,104911,104479,432
9777481,2.31386,0.608242,434,185420,0.414926,0.25,1,104913,104479,434
9780401,2.06277,0.121648,436,185420,0.426985,0.25,1,104915,104479,436
9783281,2.01255,0.0243297,438,185420,0.389397,0.15,1,104917,104479,438
9786201,5.20251,7.20487,435,185420,0.325879,0.15,1,104923,104488,435
9788481,2.6405,1.44097,437,185420,0.337176,0.32,1,104925,104488,437
9791401,5.3281,4.28819,438,185420,0.315435,0.32,1,104931,104493,438
9793061,5.06562,0.857639,443,185420,0.343087,0.29,1,104936,104493,443
9795141,3.41312,5.77153,439,185420,0.388617,0.35,1,104939,104500,439
9798061,3.08262,7.55431,434,185420,0.381723,0.35,1,104942,104508,434
9800981,2.21652,1.51086,436,185420,0.388345,0.35,1,104944,104508,436
9803901,2.0433,0.302172,438,185420,0.389669,0.35,1,104946,104508,438
9806581,6.80866,0.0604344,446,185420,0.293934,0.29,1,104954,104508,446
9809501,2.96173,11.2121,434,185420,0.354787,0.29,1,104956,104522,434
9811781,3.79235,2.24242,438,185420,0.302957,0.24,1,104960,104522,438
9814701,2.35847,7.64848,431,185420,0.268591,0.24,1,104962,104531,431
9817621,2.07169,1.5297,433,185420,0.229718,0.24,1,104964,104531,433
9820101,13.2143,0.305939,449,185420,0.221944,0.22,1,104980,104531,449
9822181,71.4429,12.8612,519,185420,0.292389,0.32,1,105066,104547,519
9825101,16.6886,71.3722,436,185420,0.290478,0.32,1,105069,104633,436
9828021,4.93771,14.2744,438,185420,0.258096,0.32,1,105071,104633,438
9830941,2.58754,2.85489,440,185420,0.251619,0.32,1,105073,104633,440
9832581,7.71751,0.570978,449,185420,0.218324,0.38,1,105082,104633,449
9834661,3.1435,8.9142,440,185420,0.179665,0.4,1,105084,104644,440
9836741,19.8287,5.78284,459,185420,0.211933,0.22,1,105108,104649,459
9839661,6.36574,20.3566,438,185420,0.234387,0.22,1,105111,104673,438
9841521,2.07315,4.07131,439,185420,0.230877,0.35,1,105112,104673,439
9844441,110.815,113.614,436,185420,0.190175,0.35,1,105250,104814,436
9847361,23.7629,22.7229,438,185420,0.150035,0.35,1,105252,104814,438
9849841,6.35258,4.54457,440,185420,0.270007,0.3,1,105254,104814,440
9852761,12.4705,16.9089,434,185420,0.206001,0.3,1,105268,104834,434
9855681,4.0941,3.38178,436,185420,0.1852,0.3,1,105270,104834,436
9858601,2.41882,0.676356,438,185420,0.24504,0.3,1,105272,104834,438
9860241,1.28376,0.135271,439,185420,0.241008,0.39,1,105273,104834,439
9863161,6.65675,9.62705,435,185420,0.224202,0.39,1,105281,104846,435
9866081,2.93135,1.92541,437,185420,0.18884,0.39,1,105283,104846,437
9869001,2.18627,0.385082,439,185420,0.181768,0.39,1,105285,104846,439
9870641,1.23725,0.0770164,440,185420,0.164354,0.3,1,105286,104846,440
9873561,6.64745,7.2154,439,185420,0.224871,0.3,1,105294,104855,439
9875841,2.92949,1.44308,441,185420,0.204974,0.41,1,105296,104855,441
9877921,6.9859,9.08862,438,185420,0.288995,0.37,1,105304,104866,438
9880841,9.39718,9.81772,438,185420,0.281799,0.37,1,105314,104876,438
9883761,3.47944,1.96354,440,185420,0.24836,0.37,1,105316,104876,440
9886241,2.29589,0.392709,442,185420,0.201672,0.26,1,105318,104876,442
9889161,10.8592,15.2785,436,185420,0.184334,0.26,1,105331,104895,436
9892081,3.77184,3.05571,438,185420,0.260867,0.26,1,105333,104895,438
9894561,2.35437,0.611142,440,185420,0.244173,0.14,1,105335,104895,440
9897481,5.27087,4.92223,440,185420,0.152835,0.14,1,105341,104901,440
9899761,2.65417,0.984446,442,185420,0.190567,0.43,1,105343,104901,442
9902681,6.93083,9.79689,438,185420,0.294113,0.43,1,105351,104913,438
9904961,2.98617,1.95938,440,185420,0.282823,0.35,1,105353,104913,440
9907881,5.39723,6.79188,438,185420,0.296565,0.35,1,105359,104921,438
9910801,2.67945,1.35838,440,185420,0.323313,0.35,1,105361,104921,440
9913721,2.13589,0.271675,442,185420,0.296663,0.35,1,105363,104921,442
9915781,3.62718,0.054335,446,185420,0.355333,0.33,1,105367,104921,446
9918701,2.32544,5.61087,441,185420,0.335066,0.33,1,105369,104928,441
9920981,8.46509,1.12217,451,185420,0.307013,0.39,1,105379,104928,451
9923901,3.29302,13.0244,437,185420,0.269403,0.39,1,105381,104944,437
9926821,2.2586,2.60489,439,185420,0.261881,0.39,1,105383,104944,439
9928881,2.05172,0.520977,441,185420,0.324376,0.37,1,105385,104944,441
9931801,6.81034,9.7042,437,185420,0.304875,0.37,1,105393,104956,437
9934721,2.96207,1.94084,439,185420,0.260975,0.37,1,105395,104956,439
9937201,2.19241,0.388168,441,185420,0.220195,0.29,1,105397,104956,441
9940121,3.63848,3.27763,441,185420,0.292039,0.29,1,105401,104960,441
9941781,3.9277,0.655527,445,185420,0.250408,0.35,1,105405,104960,445
9944701,3.98554,10.5311,436,185420,0.274082,0.35,1,105409,104973,436
9947621,3.99711,2.10622,440,185420,0.286816,0.35,1,105413,104973,440
9950101,7.19942,0.421244,448,185420,0.273363,0.33,1,105421,104973,448
9952181,67.8399,11.2842,517,185420,0.286673,0.3,1,105504,104987,517
9955101,15.168,71.8568,432,185420,0.361335,0.3,1,105506,105074,432
9958021,4.6336,14.3714,434,185420,0.376267,0.3,1,105508,105074,434
9960941,2.52672,2.87427,436,185420,0.355253,0.3,1,105510,105074,436
9962581,10.1053,0.574855,448,185420,0.335051,0.31,1,105522,105074,448
9965281,4.42107,12.115,436,185420,0.29901,0.13,1,105525,105089,436
9968201,17.6842,24.823,429,185420,0.283802,0.13,1,105546,105117,429
9971121,5.13684,4.9646,431,185420,0.25676,0.13,1,105548,105117,431
9974021,115.427,0.99292,574,185420,0.291352,0.23,1,105691,105117,574
9976941,24.6855,114.599,433,185420,0.29827,0.23,1,105693,105260,433
9979861,6.53709,22.9197,435,185420,0.379654,0.23,1,105695,105260,435
9982341,12.5074,4.58394,449,185420,0.315931,0.23,1,105709,105260,449
9985261,4.10148,16.9168,431,185420,0.415186,0.23,1,105711,105280,431
9988181,2.4203,3.38336,433,185420,0.435037,0.23,1,105713,105280,433
9991101,2.08406,0.676671,435,185420,0.439007,0.23,1,105715,105280,435
9992741,4.41681,0.135334,440,185420,0.431801,0.3,1,105720,105280,440
9995661,2.48336,8.82707,431,185420,0.42236,0.3,1,105722,105291,431
9998581,2.09667,1.76541,433,185420,0.396472,0.3,1,105724,105291,433
10001501,2.01933,0.353083,435,185420,0.431294,0.3,1,105726,105291,435
10003141,6.80387,0.0706165,443,185420,0.374259,0.33,1,105734,105291,443
10006061,3.76077,8.01412,436,185420,0.322852,0.33,1,105737,105301,436
10008341,9.55215,1.60282,447,185420,0.41657,0.32,1,105748,105301,447
10010421,5.11043,9.12057,440,185420,0.435314,0.29,1,105752,105312,440
10013341,3.42209,9.02411,434,185420,0.463063,0.29,1,105755,105321,434
10016261,2.28442,1.80482,436,185420,0.468613,0.29,1,105757,105321,436
10018741,11.6569,0.360964,450,185420,0.405722,0.2,1,105771,105321,450
10021661,3.93138,12.8722,436,185420,0.361144,0.2,1,105773,105337,436
10024581,2.38628,2.57444,438,185420,0.312229,0.2,1,105775,105337,438
10027061,8.47726,0.514888,448,185420,0.318446,0.36,1,105785,105337,448
10029981,3.29545,9.70298,438,185420,0.343689,0.36,1,105787,105349,438
10032261,3.05909,1.9406,441,185420,0.364738,0.3,1,105790,105349,441
10035181,3.01182,4.38812,439,185420,0.360948,0.3,1,105793,105354,439
10037461,3.80236,0.877624,443,185420,0.328189,0.35,1,105797,105354,443
10039541,3.16047,4.97552,440,185420,0.353638,0.36,1,105800,105360,440
10042461,3.03209,4.9951,438,185420,0.350728,0.36,1,105803,105365,438
10044321,1.40642,0.999021,439,185420,0.334146,0.28,1,105804,105365,439
10047241,5.08128,6.5998,437,185420,0.362829,0.28,1,105810,105373,437
10049521,2.61626,1.31996,439,185420,0.368566,0.26,1,105812,105373,439
10051601,5.32325,6.66399,437,185420,0.409713,0.35,1,105818,105381,437
10054521,4.26465,7.7328,433,185420,0.393943,0.35,1,105822,105389,433
10057441,4.05293,1.54656,437,185420,0.390789,0.35,1,105826,105389,437
10059921,2.41059,0.309312,439,185420,0.422158,0.21,1,105828,105389,439
10062841,2.08212,6.46186,433,185420,0.396432,0.21,1,105830,105397,433
10065121,2.01642,1.29237,435,185420,0.359286,0.27,1,105832,105397,435
10068041,6.80328,8.25847,433,185420,0.223857,0.27,1,105840,105407,433
10070961,2.96066,1.65169,435,185420,0.228771,0.27,1,105842,105407,435
10073861,8.59213,0.330339,445,185420,0.357754,0.31,1,105852,105407,445
10076781,3.31843,9.66607,435,185420,0.375551,0.31,1,105854,105419,435
10078641,1.46369,1.93321,436,185420,0.37111,0.24,1,105855,105419,436
10080721,3.49274,5.18664,434,185420,0.362222,0.35,1,105859,105425,434
10083641,69.4986,69.0373,435,185420,0.440444,0.35,1,105945,105510,435
10086561,15.4997,13.8075,437,185420,0.496089,0.35,1,105947,105510,437
10089041,4.69994,2.76149,439,185420,0.475218,0.35,1,105949,105510,439
10091121,7.33999,9.3523,436,185420,0.415044,0.31,1,105957,105521,436
10094041,10.268,7.47046,440,185420,0.435009,0.31,1,105968,105528,440
10096321,3.6536,1.49409,442,185420,0.431002,0.32,1,105970,105528,442
10099241,12.7307,19.4988,433,185420,0.3502,0.32,1,105985,105552,433
10101521,4.14614,3.89976,435,185420,0.31804,0.39,1,105987,105552,435
10104441,122.429,119.18,439,185420,0.335608,0.39,1,106139,105700,439
10107361,26.0858,23.836,441,185420,0.339122,0.39,1,106141,105700,441
10110281,6.81717,4.7672,443,185420,0.411824,0.39,1,106143,105700,443
10112341,9.36343,0.953439,453,185420,0.354365,0.44,1,106153,105700,453
10114421,3.47269,8.99069,444,185420,0.310873,0.46,1,106155,105711,444
10117341,2.29454,4.19814,443,185420,0.310175,0.46,1,106157,105714,443
10119201,1.25891,0.839627,444,185420,0.326035,0.48,1,106158,105714,444
10122121,6.65178,11.3679,438,185420,0.369207,0.48,1,106166,105728,438
10125041,2.93036,2.27358,440,185420,0.353841,0.48,1,106168,105728,440
10127961,2.18607,0.454717,442,185420,0.350768,0.48,1,106170,105728,442
10130881,2.03721,0.0909434,444,185420,0.422154,0.48,1,106172,105728,444
10133141,6.00744,0.0181887,451,185420,0.356431,0.33,1,106179,105728,451
10135221,3.60149,6.40364,446,185420,0.391286,0.5,1,106182,105736,446
10136881,2.3203,4.48073,444,185420,0.366257,0.44,1,106184,105740,444
10138961,8.46406,10.4961,442,185420,0.369251,0.47,1,106194,105752,442
10141881,3.29281,7.69923,437,185420,0.37785,0.47,1,106196,105759,437
10144801,2.25856,1.53985,439,185420,0.36357,0.47,1,106198,105759,439
10147281,2.05171,0.307969,441,185420,0.336714,0.35,1,106200,105759,441
10149361,9.21034,11.2616,438,185420,0.283343,0.35,1,106211,105773,438
10152281,13.0421,13.4523,438,185420,0.360669,0.35,1,106225,105787,438
10155201,4.20841,2.69046,440,185420,0.376134,0.35,1,106227,105787,440
10157681,2.44168,0.538093,442,185420,0.379227,0.38,1,106229,105787,442
10160601,3.68834,5.70762,439,185420,0.371845,0.38,1,106233,105794,439
10163521,2.33767,1.14152,441,185420,0.394369,0.38,1,106235,105794,441
10166001,2.06753,0.228305,443,185420,0.366874,0.45,1,106237,105794,443
10168921,6.81351,9.64566,439,185420,0.265375,0.45,1,106245,105806,439
10171841,2.9627,1.92913,441,185420,0.213075,0.45,1,106247,105806,441
10174761,2.19254,0.385826,443,185420,0.354615,0.45,1,106249,105806,443
10176821,6.83851,0.0771653,451,185420,0.326923,0.46,1,106257,105806,451
10179741,2.9677,8.01543,443,185420,0.345385,0.46,1,106259,105816,443
10182021,5.39354,1.60309,449,185420,0.317077,0.35,1,106265,105816,449
10184941,2.67871,13.1206,435,185420,0.303415,0.35,1,106267,105832,435
10187861,2.13574,2.62412,437,185420,0.268683,0.35,1,106269,105832,437
10190781,2.02715,0.524825,439,185420,0.317737,0.35,1,106271,105832,439
10193041,2.00543,0.104965,441,185420,0.295547,0.29,1,106273,105832,441
10195961,3.60109,2.42099,442,185420,0.235109,0.29,1,106277,105835,442
10197621,5.52022,0.484199,448,185420,0.303022,0.23,1,106283,105835,448
10199701,5.90404,5.69684,447,185420,0.292604,0.4,1,106289,105842,447
10202621,2.78081,9.93937,438,185420,0.258521,0.4,1,106291,105853,438
10204481,1.35616,1.98787,439,185420,0.235704,0.36,1,106292,105853,439
10207401,3.47123,5.19757,437,185420,0.279141,0.36,1,106296,105859,437
10209681,2.29425,1.03951,439,185420,0.255828,0.36,1,106298,105859,439
10211761,5.25885,4.2079,440,185420,0.267166,0.46,1,106304,105864,440
10214681,75.4518,72.8416,443,185420,0.357433,0.46,1,106397,105954,443
10217601,16.6904,14.5683,445,185420,0.343487,0.46,1,106399,105954,445
10220081,4.93807,2.91366,447,185420,0.348697,0.44,1,106401,105954,447
10222161,5.78761,11.7827,439,185420,0.333739,0.32,1,106407,105968,439
10225081,9.15752,11.9565,437,185420,0.250748,0.32,1,106417,105980,437
10227361,5.0315,2.39131,441,185420,0.17015,0.37,1,106421,105980,441
10230281,9.0063,11.6783,437,185420,0.24203,0.37,1,106431,105994,437
10232561,3.40126,2.33565,439,185420,0.232406,0.43,1,106433,105994,439
10235481,123.08,124.467,437,185420,0.286481,0.43,1,106586,106149,437
10238401,26.216,24.8934,439,185420,0.289296,0.43,1,106588,106149,439
10240881,6.84321,4.97868,441,185420,0.257859,0.3,1,106590,106149,441
10242961,6.16864,5.79574,441,185420,0.323572,0.46,1,106596,106155,441
10245881,6.03373,5.95915,441,185420,0.248714,0.46,1,106602,106161,441
10248801,2.80675,1.19183,443,185420,0.273743,0.46,1,106604,106161,443
10251701,3.76135,0.238366,447,185420,0.374749,0.46,1,106608,106161,447
10254621,2.35227,8.04767,439,185420,0.36295,0.46,1,106610,106171,439
10257541,2.07045,1.60953,441,185420,0.35259,0.46,1,106612,106171,441
10260021,3.61409,0.321907,445,185420,0.350518,0.4,1,106616,106171,445
10261681,1.52282,4.06438,441,185420,0.366104,0.4,1,106617,106176,441
10263761,5.10456,5.61288,441,185420,0.273221,0.36,1,106623,106182,441
10266681,9.02091,8.32258,442,185420,0.254644,0.36,1,106633,106191,442
10269381,4.20418,1.66452,445,185420,0.314929,0.46,1,106636,106191,445
10272301,2.44084,8.3329,437,185420,0.318986,0.46,1,106638,106201,437
10275221,2.08817,1.66658,439,185420,0.311797,0.46,1,106640,106201,439
10278141,2.01763,0.333316,441,185420,0.310359,0.46,1,106642,106201,441
10279781,8.40353,0.0666632,451,185420,0.286072,0.36,1,106652,106201,451
10281861,14.4807,10.4133,454,185420,0.313214,0.36,1,106668,106214,454
10284781,4.49614,20.4827,433,183960,0.342643,0.36,1,106670,106237,433
10287701,2.49923,4.09653,435,183960,0.348529,0.36,1,106672,106237,435
10290621,2.09985,0.819307,437,183960,0.317706,0.36,1,106674,106237,437
10293541,2.01997,0.163861,439,183960,0.287541,0.36,1,106676,106237,439
10295381,6.00399,0.0327723,446,183960,0.297508,0.2,1,106683,106237,446
10298301,2.8008,8.00655,438,183960,0.267502,0.2,1,106685,106247,438
10300581,6.96016,1.60131,446,183960,0.2375,0.35,1,106693,106247,446
10303501,2.99203,9.92026,436,183960,0.3195,0.35,1,106695,106259,436
10306421,2.19841,1.98405,438,183960,0.3119,0.35,1,106697,106259,438
10308901,5.23968,0.39681,444,183960,0.37438,0.33,1,106703,106259,444
10311821,2.64794,9.67936,434,183960,0.354876,0.33,1,106705,106271,434
10314741,2.12959,1.93587,436,183960,0.318975,0.33,1,106707,106271,436
10317661,2.02592,0.387174,438,183960,0.279795,0.33,1,106709,106271,438
10320341,5.20518,0.0774349,444,183960,0.271959,0.32,1,106715,106271,444
10323261,2.64104,9.61549,434,183960,0.302392,0.32,1,106717,106283,434
10326161,2.12821,1.9231,436,183960,0.364478,0.29,1,106719,106283,436
10329081,9.22564,10.7846,434,183960,0.328896,0.29,1,106730,106296,434
10332001,3.44513,2.15692,436,183960,0.321779,0.29,1,106732,106296,436
10334921,2.28903,0.431385,438,183960,0.328356,0.29,1,106734,106296,438
10336981,2.05781,0.0862769,440,183960,0.297671,0.21,1,106736,106296,440
10339901,2.01156,3.21726,438,183960,0.331534,0.21,1,106738,106300,438
10342181,6.80231,0.643451,446,183960,0.362307,0.36,1,106746,106300,446
10344261,78.9605,8.12869,533,183960,0.352461,0.26,1,106843,106310,533
10347181,17.3921,83.2257,433,183960,0.326492,0.26,1,106845,106412,433
10350101,5.07842,16.6451,435,183960,0.353298,0.26,1,106847,106412,435
10353021,2.61568,3.32903,437,183960,0.35866,0.26,1,106849,106412,437
10354661,6.12314,0.665806,444,183960,0.287732,0.36,1,106856,106412,444
10357581,4.42463,11.3332,434,183960,0.233546,0.36,1,106860,106426,434
10359861,8.08493,2.26663,443,183960,0.214709,0.19,1,106869,106426,443
10362781,3.21699,7.65333,436,183960,0.186942,0.19,1,106871,106435,436
10365061,127.843,1.53067,595,183960,0.309388,0.32,1,107030,106435,595
10367981,27.9687,129.906,436,183960,0.325878,0.32,1,107033,106597,436
10370901,7.19374,25.9812,438,183960,0.329176,0.32,1,107035,106597,438
10373821,3.03875,5.19624,440,183960,0.329835,0.32,1,107037,106597,440
10375461,3.00775,1.03925,443,183960,0.377967,0.26,1,107040,106597,443
10378381,2.20155,6.60785,437,183960,0.379593,0.26,1,107042,106605,437
10380661,3.64031,1.32157,441,183960,0.315919,0.34,1,107046,106605,441
10383581,2.32806,6.66431,435,183960,0.255184,0.34,1,107048,106613,435
10386501,2.06561,1.33286,437,183960,0.363037,0.34,1,107050,106613,437
10388561,2.01312,0.266573,439,183960,0.352607,0.25,1,107052,106613,439
10391481,6.80262,8.05331,437,183960,0.318521,0.25,1,107060,106623,437
10394181,6.16053,1.61066,443,183960,0.367704,0.33,1,107066,106623,443
10396261,6.03211,5.12213,443,183960,0.337541,0.33,1,107072,106629,443
10399181,2.80642,9.02443,435,183960,0.355508,0.33,1,107074,106639,435
10402101,2.16128,1.80489,437,183960,0.359102,0.33,1,107076,106639,437
10404581,9.23226,0.360977,448,183960,0.27982,0.28,1,107087,106639,448
10407501,4.24645,10.4722,438,183960,0.255964,0.28,1,107090,106652,438
10409781,6.44929,2.09444,445,183960,0.235193,0.22,1,107097,106652,445
10411861,6.88986,5.21889,446,183960,0.287039,0.35,1,107104,106658,446
10413941,10.978,10.6438,446,183960,0.313408,0.3,1,107116,106670,446
10416861,3.79559,12.5288,435,183960,0.278682,0.3,1,107118,106683,435
10419781,2.35912,2.50575,437,183960,0.263736,0.3,1,107120,106683,437
10422701,2.07182,0.50115,439,183960,0.260747,0.3,1,107122,106683,439
10425381,4.41436,0.10023,444,183960,0.236149,0.27,1,107127,106683,444
10428301,3.28287,4.82005,441,183960,0.27123,0.27,1,107130,106689,441
10430581,3.85657,0.964009,445,183960,0.222246,0.43,1,107134,106689,445
10433501,2.37131,9.7928,435,183960,0.212449,0.43,1,107136,106701,435
10436421,2.07426,1.95856,437,183960,0.29849,0.43,1,107138,106701,437
10438901,5.21485,0.391712,443,183960,0.331698,0.29,1,107144,106701,443
10441821,2.64297,5.67834,438,183960,0.31434,0.29,1,107146,106708,438
10444741,2.12859,1.13567,440,183960,0.302868,0.29,1,107148,106708,440
10447221,5.22572,0.227134,446,183960,0.212574,0.32,1,107154,106708,446
10450141,2.64514,6.44543,440,183960,0.250515,0.32,1,107156,106716,440
10452421,5.32903,1.28909,446,183960,0.242103,0.39,1,107162,106716,446
10455341,2.66581,8.25782,438,183960,0.248421,0.39,1,107164,106726,438
10457201,1.33316,1.65156,439,183960,0.233684,0.34,1,107165,106726,439
10460121,6.66663,5.93031,440,183960,0.270737,0.34,1,107173,106733,440
10462401,2.93333,1.18606,442,183960,0.238147,0.29,1,107175,106733,442
10465321,3.78667,6.63721,438,183960,0.295629,0.29,1,107179,106741,438
10468241,2.35733,1.32744,440,183960,0.275126,0.29,1,107181,106741,440
10470721,2.07147,0.265488,442,183960,0.327025,0.35,1,107183,106741,442
10472801,6.81429,11.2531,436,183960,0.305405,0.32,1,107191,106755,436
10475721,75.7629,79.8506,432,183960,0.181081,0.32,1,107284,106852,432
10478641,16.7526,15.9701,434,183960,0.252216,0.32,1,107286,106852,434
10481561,4.95051,3.19402,436,183960,0.266443,0.32,1,107288,106852,436
10483201,1.7901,0.638805,437,183960,0.293289,0.28,1,107289,106852,437
10486121,8.35802,10.5278,434,183960,0.226658,0.28,1,107299,106865,434
10488401,3.2716,2.10555,436,183960,0.189332,0.32,1,107301,106865,436
10491321,10.2543,8.42111,438,183960,0.237866,0.32,1,107313,106875,438
10493601,3.65086,1.68422,440,183960,0.255573,0.42,1,107315,106875,440
10496521,127.93,130.737,436,183960,0.355115,0.42,1,107474,107038,436
10499441,27.186,26.1474,438,183960,0.351023,0.42,1,107476,107038,438
10502361,7.03721,5.22947,440,183960,0.318205,0.42,1,107478,107038,440
10504001,2.20744,1.04589,441,183960,0.287641,0.31,1,107479,107038,441
10506921,3.64149,5.80918,438,183960,0.289528,0.31,1,107483,107045,438
10509201,2.3283,1.16184,440,183960,0.305906,0.4,1,107485,107045,440
10512121,3.66566,8.23237,434,183960,0.245181,0.4,1,107489,107055,434
10515041,2.33313,1.64647,436,183960,0.241036,0.4,1,107491,107055,436
10517961,2.06663,0.329295,438,183960,0.208207,0.4,1,107493,107055,438
10519601,1.21333,0.0658589,439,183960,0.185641,0.25,1,107494,107055,439
10521681,6.64267,6.41317,439,183960,0.285128,0.37,1,107502,107063,439
10524601,6.12853,6.88263,438,183960,0.241026,0.37,1,107508,107070,438
10526261,5.22571,1.37653,443,183960,0.312205,0.33,1,107513,107070,443
10529181,2.64514,9.87531,433,183960,0.326441,0.33,1,107515,107082,433
10532101,2.12903,1.97506,435,183960,0.329288,0.33,1,107517,107082,435
10534581,2.02581,0.395012,437,183960,0.305858,0.28,1,107519,107082,437
10536661,11.6052,4.879,445,183960,0.309172,0.23,1,107533,107088,445
10538321,3.92103,8.1758,438,183960,0.277834,0.32,1,107535,107097,438
10540401,3.98421,4.83516,438,183960,0.239567,0.35,1,107539,107101,438
10542481,3.99684,6.56703,435,183960,0.327913,0.27,1,107543,107108,435
10544561,7.19937,9.31341,433,183960,0.305583,0.25,1,107551,107118,433
10547481,7.83987,8.26268,433,183960,0.341117,0.25,1,107559,107126,433
10550401,3.16797,1.65254,435,183960,0.308223,0.25,1,107561,107126,435
10552881,2.23359,0.330507,437,183960,0.269645,0.26,1,107563,107126,437
10555801,3.64672,4.0661,436,183960,0.229929,0.26,1,107567,107131,436
10558721,2.32934,0.81322,438,183960,0.229986,0.26,1,107569,107131,438
10560581,2.86587,0.162644,441,183960,0.173997,0.21,1,107572,107131,441
10562661,2.17317,4.03253,438,183960,0.130799,0.32,1,107574,107136,438
10565581,2.03463,8.00651,431,183960,0.12216,0.32,1,107576,107145,431
10568501,2.00693,1.6013,433,183960,0.176432,0.32,1,107578,107145,433
10570981,8.40139,0.32026,443,183960,0.219286,0.28,1,107588,107145,443
10573901,3.28028,8.06405,435,183960,0.203857,0.28,1,107590,107155,435
10576821,2.25606,1.61281,437,183960,0.200771,0.28,1,107592,107155,437
10579301,5.25121,0.322562,443,183960,0.216154,0.3,1,107598,107155,443
10582221,2.65024,9.66451,433,183960,0.195231,0.3,1,107600,107167,433
10585141,2.13005,1.9329,435,183960,0.167046,0.3,1,107602,107167,435
10588061,2.02601,0.38658,437,183960,0.129409,0.3,1,107604,107167,437
10589701,7.6052,0.0773161,446,183960,0.241882,0.31,1,107613,107167,446
10592621,3.12104,9.61546,436,183960,0.232376,0.31,1,107615,107179,436
10594901,3.02421,1.92309,439,183960,0.190475,0.29,1,107618,107179,439
10597821,3.00484,7.58462,433,183960,0.190095,0.29,1,107621,107188,433
10600741,2.20097,1.51692,435,183960,0.246019,0.29,1,107623,107188,435
10603221,3.64019,0.303385,439,183960,0.225204,0.19,1,107627,107188,439
10605301,77.528,6.46068,527,183960,0.165041,0.29,1,107723,107196,527
10608221,17.1056,80.4921,430,183960,0.153008,0.29,1,107725,107295,430
10611141,5.02112,16.0984,432,183960,0.110602,0.29,1,107727,107295,432
10614061,2.60422,3.21969,434,183960,0.15012,0.29,1,107729,107295,434
10615701,9.32085,0.643937,445,183960,0.0700241,0.26,1,107740,107295,445
10618621,3.46417,13.7288,430,183960,0.150005,0.26,1,107742,107312,430
10620901,7.89283,2.74576,439,183960,0.038001,0.26,1,107751,107312,439
10623821,4.77857,11.7492,429,183960,0.1356,0.26,1,107755,107326,429
10626101,128.156,2.34983,588,183960,0.26712,0.33,1,107914,107326,588
10629021,27.2311,126.87,432,183960,0.301424,0.33,1,107916,107484,432
10631941,7.04623,25.374,434,183960,0.308285,0.33,1,107918,107484,434
10634861,3.00925,5.0748,436,183960,0.277657,0.33,1,107920,107484,436
10637121,2.20185,1.01496,438,183960,0.239531,0.26,1,107922,107484,438
10640041,3.64037,5.00299,436,183960,0.207906,0.26,1,107926,107490,436
10642321,2.32807,1.0006,438,183960,0.241581,0.31,1,107928,107490,438
10645241,5.26561,6.60012,436,183960,0.280316,0.31,1,107934,107498,436
10648161,2.65312,1.32002,438,183960,0.288063,0.31,1,107936,107498,438
10650641,2.13062,0.264005,440,183960,0.297613,0.34,1,107938,107498,440
10653561,8.42612,9.6528,438,183960,0.251523,0.34,1,107948,107510,438
10656261,4.88522,1.93056,442,183960,0.274305,0.38,1,107952,107510,442
10659181,2.57704,9.98611,432,183960,0.310861,0.38,1,107954,107522,432
10662101,2.11541,1.99722,434,183960,0.294172,0.38,1,107956,107522,434
10665021,2.02308,0.399444,436,183960,0.258834,0.38,1,107958,107522,436
10666661,14.8046,0.0798889,454,183960,0.235767,0.37,1,107976,107522,454
10669581,4.56092,16.016,436,183960,0.199153,0.37,1,107978,107542,436
10671441,1.71218,3.2032,437,183960,0.183831,0.35,1,107979,107542,437
10674361,8.34244,12.6406,432,183960,0.244766,0.35,1,107989,107557,432
10677061,4.86849,2.52813,436,183960,0.328953,0.24,1,107993,107557,436
10679981,2.5737,7.70563,429,183960,0.345791,0.24,1,107995,107566,429
10682901,2.11474,1.54113,431,183960,0.349158,0.24,1,107997,107566,431
10685381,6.82295,0.308225,439,183960,0.277832,0.14,1,108005,107566,439
10688301,2.96459,5.66164,434,183960,0.223566,0.14,1,108007,107573,434
10691201,2.19292,1.13233,436,183960,0.188713,0.12,1,108009,107573,436
10693281,2.03858,2.62647,435,183960,0.149743,0.25,1,108011,107576,435
10696201,5.20772,9.32529,430,183960,0.0779485,0.25,1,108017,107587,430
10699121,2.64154,1.86506,432,183960,0.0395897,0.25,1,108019,107587,432
10700981,7.72831,0.373012,441,183960,0.215918,0.16,1,108028,107587,441
10703901,3.14566,12.0746,428,183960,0.219184,0.16,1,108030,107602,428
10706821,2.22913,2.41492,430,183960,0.283837,0.16,1,108032,107602,430
10709741,2.04583,0.482984,432,183960,0.264767,0.16,1,108034,107602,432
10712661,2.00917,0.0965968,434,183960,0.228953,0.16,1,108036,107602,434
10714501,6.00183,0.0193194,441,183960,0.157791,0.29,1,108043,107602,441
10717421,2.80037,8.00386,433,183960,0.255558,0.29,1,108045,107612,433
10719701,3.76007,1.60077,437,183960,0.219112,0.2,1,108049,107612,437
10722621,2.35201,4.32015,434,183960,0.179822,0.2,1,108051,107617,434
10724901,5.2704,0.864031,440,183960,0.243964,0.27,1,108057,107617,440
10727821,2.65408,10.5728,429,183960,0.248793,0.27,1,108059,107630,429
10730741,2.13082,2.11456,431,183960,0.225759,0.27,1,108061,107630,431
10733661,2.02616,0.422912,433,183960,0.277152,0.27,1,108063,107630,433
10735301,73.2052,0.0845824,524,183960,0.29543,0.17,1,108154,107630,524
10738221,16.241,80.0169,426,183960,0.291086,0.17,1,108156,107730,426
10741141,4.84821,16.0034,428,183960,0.258217,0.17,1,108158,107730,428
10744061,2.56964,3.20068,430,183960,0.323643,0.17,1,108160,107730,430
10745701,11.7139,0.640135,444,183960,0.224729,0.1,1,108174,107730,444
10748621,3.94279,12.928,430,183960,0.292946,0.1,1,108176,107746,430
10750901,2.38856,2.58561,432,183960,0.274589,0.16,1,108178,107746,432
10752981,7.67771,6.91712,433,183960,0.270918,0.15,1,108187,107754,433
10754641,2.33554,5.38342,429,183960,0.254184,0.25,1,108188,107759,429
10757561,131.667,130.677,431,183960,0.266837,0.25,1,108352,107921,431
10760481,27.9334,26.1353,433,183960,0.277367,0.25,1,108354,107921,433
10763401,7.18668,5.22707,435,183960,0.335473,0.25,1,108356,107921,435
10765041,2.23734,1.04541,436,183960,0.339095,0.2,1,108357,107921,436
10767961,3.64747,4.20908,435,183960,0.267819,0.2,1,108361,107926,435
10769621,4.72949,0.841816,440,183960,0.181564,0.31,1,108366,107926,440
10772541,2.5459,7.36836,433,183960,0.204313,0.31,1,108368,107935,433
10775441,2.10918,1.47367,435,183960,0.216863,0.3,1,108370,107935,435
10778361,3.62184,4.29473,434,183960,0.179373,0.3,1,108374,107940,434
10781281,2.32437,0.858947,436,183960,0.187875,0.3,1,108376,107940,436
10783141,7.66487,0.171789,445,183960,0.309575,0.32,1,108385,107940,445
10786061,3.13297,11.2344,433,183960,0.309915,0.32,1,108387,107954,433
10788341,5.4266,2.24687,439,183960,0.365983,0.27,1,108393,107954,439
10791261,2.68532,9.24937,430,183960,0.377197,0.27,1,108395,107965,430
10794181,2.13706,1.84987,432,183960,0.355439,0.27,1,108397,107965,432
10796661,13.2274,0.369975,448,183960,0.295088,0.2,1,108413,107965,448
10799581,5.04548,12.074,436,183960,0.267018,0.2,1,108416,107980,436
10802481,2.6091,2.4148,438,183960,0.229404,0.35,1,108418,107980,438
10804561,8.52182,10.883,435,183960,0.317881,0.18,1,108428,107993,435
10807481,4.90436,14.9766,423,183960,0.335576,0.18,1,108432,108009,423
10810401,2.58087,2.99532,425,183960,0.331115,0.18,1,108434,108009,425
10813321,2.11617,0.599064,427,183960,0.402223,0.18,1,108436,108009,427
10816241,2.02323,0.119813,429,183960,0.392445,0.18,1,108438,108009,429
10819121,2.00465,0.0239625,431,183960,0.390489,0.08,1,108440,108009,431
10822041,8.40093,5.60479,434,183960,0.294098,0.08,1,108450,108016,434
10824321,3.28019,1.12096,436,183960,0.27482,0.2,1,108452,108016,436
10827241,3.85604,3.42419,436,183960,0.230964,0.2,1,108456,108020,436
10829521,2.37121,0.684838,438,183960,0.190193,0.26,1,108458,108020,438
10832441,6.87424,11.337,432,183960,0.254039,0.26,1,108466,108034,432
10835361,2.97485,2.26739,434,183960,0.290808,0.26,1,108468,108034,434
10837841,2.19497,0.453479,436,183960,0.298162,0.31,1,108470,108034,436
10840761,6.83899,8.0907,434,183960,0.235632,0.31,1,108478,108044,434
10843681,2.9678,1.61814,436,183960,0.191126,0.31,1,108480,108044,436
10846581,3.79356,0.323628,440,183960,0.302225,0.19,1,108484,108044,440
10849501,2.35871,6.46473,434,183960,0.300445,0.19,1,108486,108052,434
10852421,2.07174,1.29295,436,183960,0.268089,0.19,1,108488,108052,436
10854901,6.81435,0.258589,444,183960,0.317618,0.29,1,108496,108052,444
10857821,2.96287,8.85172,435,183960,0.295524,0.29,1,108498,108063,435
10860741,2.19257,1.77034,437,183960,0.251105,0.29,1,108500,108063,437
10863221,6.83851,0.354069,445,183960,0.266221,0.29,1,108508,108063,445
10865301,71.7677,13.6708,516,183960,0.237244,0.25,1,108596,108080,516
10868221,15.9535,70.7342,433,183960,0.199449,0.25,1,108598,108165,433
10871141,4.79071,14.1468,435,183960,0.15989,0.25,1,108600,108165,435
10874061,2.55814,2.82937,437,183960,0.127978,0.25,1,108602,108165,437
10875701,7.71163,0.565873,446,183960,0.105596,0.24,1,108611,108165,446
10878621,3.14233,12.1132,433,183960,0.0691191,0.24,1,108613,108180,433
10881521,2.22847,2.42263,435,183960,0.0298238,0.19,1,108615,108180,435
10884441,13.2457,12.4845,436,183960,0.157965,0.19,1,108631,108195,436
10887141,135.449,2.49691,602,183960,0.103593,0.21,1,108797,108195,602
10890061,28.6898,138.899,431,183960,0.0527186,0.21,1,108799,108368,431
10892981,7.33797,27.7799,433,183960,0.0505437,0.21,1,108801,108368,433
10895901,3.06759,5.55597,435,183960,0.0501087,0.21,1,108803,108368,435
10898821,2.21352,1.11119,437,183960,0.210022,0.21,1,108805,108368,437
10901701,2.0427,0.222239,439,183960,0.210004,0.19,1,108807,108368,439
10904621,2.00854,2.44445,438,183960,0.178001,0.19,1,108809,108371,438
10906481,1.20171,0.48889,439,183960,0.1556,0.17,1,108810,108371,439
10909401,5.04034,4.89778,439,183960,0.07912,0.17,1,108816,108377,439
10911681,2.60807,0.979556,441,183960,0.023824,0.38,1,108818,108377,441
10914601,10.1216,14.5959,435,183960,0.228765,0.38,1,108830,108395,435
10917521,3.62432,2.91918,437,183960,0.237753,0.38,1,108832,108395,437
10920421,7.12486,0.583836,445,183960,0.295551,0.29,1,108840,108395,445
10923341,3.02497,10.5168,434,183960,0.28311,0.29,1,108842,108408,434
10925201,1.40499,2.10335,435,183960,0.264622,0.28,1,108843,108408,435
10927281,3.481,6.02067,432,183960,0.260924,0.24,1,108847,108415,432
10930201,12.6962,8.40413,438,183960,0.244185,0.24,1,108862,108424,438
10933121,4.13924,1.68083,440,183960,0.232837,0.24,1,108864,108424,440
10934981,4.82785,0.336165,445,183960,0.302567,0.42,1,108869,108424,445
10937901,2.56557,9.66723,435,183960,0.316513,0.42,1,108871,108436,435
10940801,2.11311,1.93345,437,183960,0.311303,0.29,1,108873,108436,437
10943721,5.22262,10.7867,430,183960,0.350261,0.29,1,108879,108449,430
10946641,2.64452,2.15734,432,183960,0.326052,0.29,1,108881,108449,432
10949561,2.1289,0.431468,434,183960,0.29721,0.29,1,108883,108449,434
10951621,3.62578,0.0862935,438,183960,0.347442,0.24,1,108887,108449,438
10954541,2.32516,4.81726,434,183960,0.325488,0.24,1,108889,108455,434
10956821,6.86503,0.963452,442,183960,0.297098,0.27,1,108897,108455,442
10959741,2.97301,8.99269,433,183960,0.25942,0.27,1,108899,108466,433
10962021,6.1946,1.79854,440,183960,0.299884,0.28,1,108906,108466,440
10964941,3.63892,4.35971,438,183960,0.315977,0.28,1,108909,108471,438
10967861,2.32778,0.871941,440,183960,0.295195,0.28,1,108911,108471,440
10970341,6.06556,0.174388,447,183960,0.267039,0.32,1,108918,108471,447
10973261,2.81311,11.2349,435,183960,0.229408,0.32,1,108920,108485,435
10976181,2.16262,2.24698,437,183960,0.253882,0.32,1,108922,108485,437
10978661,5.23252,0.449395,443,183960,0.282776,0.34,1,108928,108485,443
10981581,2.6465,8.08988,435,183960,0.256555,0.34,1,108930,108495,435
10983441,1.3293,1.61798,436,183960,0.243311,0.21,1,108931,108495,436
10986361,9.86586,13.1236,432,183960,0.256662,0.21,1,108943,108511,432
10989281,3.57317,2.62472,434,183960,0.267332,0.21,1,108945,108511,434
10992201,2.31463,0.524944,436,183960,0.357466,0.21,1,108947,108511,436
10993841,1.26293,0.104989,437,183960,0.359493,0.17,1,108948,108511,437
10996761,67.4526,76.821,425,183960,0.255899,0.17,1,109032,108607,425
10999681,15.0905,15.3642,427,183960,0.20318,0.17,1,109034,108607,427
11002601,4.6181,3.07284,429,183960,0.232636,0.17,1,109036,108607,429
11004241,1.72362,0.614568,430,183960,0.222527,0.07,1,109037,108607,430
11007161,8.34472,7.32291,431,183960,0.172505,0.07,1,109047,108616,431
11010081,3.26894,1.46458,433,183960,0.130501,0.07,1,109049,108616,433
11012561,2.25379,0.292917,435,183960,0.1381,0.14,1,109051,108616,435
11014641,16.4508,16.0586,435,183960,0.25162,0.15,1,109071,108636,435
11017561,135.29,144.012,424,183960,0.226324,0.15,1,109236,108812,424
11020481,28.658,28.8023,426,183960,0.357265,0.15,1,109238,108812,426
11023401,7.33161,5.76047,428,183960,0.383453,0.15,1,109240,108812,428
11026321,3.06632,1.15209,430,183960,0.356691,0.15,1,109242,108812,430
11029241,2.21326,0.230419,432,183960,0.327338,0.15,1,109244,108812,432
11032161,2.04265,0.0460837,434,183960,0.289468,0.15,1,109246,108812,434
11035081,2.00853,0.00921675,436,183960,0.273894,0.15,1,109248,108812,436
11037521,2.00171,0.00184335,438,183960,0.238779,0.33,1,109250,108812,438
11040441,8.40034,8.80037,437,183960,0.231756,0.33,1,109260,108823,437
11042721,3.28007,1.76007,439,183960,0.190351,0.35,1,109262,108823,439
11045641,10.256,12.352,436,183960,0.30207,0.35,1,109274,108838,436
11047921,3.6512,2.4704,438,183960,0.324414,0.28,1,109276,108838,438
11050841,3.93024,5.29408,436,183960,0.336883,0.28,1,109280,108844,436
11053761,2.38605,1.05882,438,183960,0.307377,0.28,1,109282,108844,438
11056241,2.07721,0.211763,440,183960,0.301475,0.26,1,109284,108844,440
11058321,2.01544,7.24235,433,183960,0.268295,0.33,1,109286,108853,433
11061241,14.8031,11.8485,438,183960,0.221659,0.33,1,109304,108866,438
11063521,4.56062,2.36969,440,183960,0.268332,0.31,1,109306,108866,440
11066441,4.11212,6.07394,437,183960,0.277666,0.31,1,109310,108873,437
11068721,2.42242,1.21479,439,183960,0.279533,0.32,1,109312,108873,439
11071641,5.28449,6.64296,437,183960,0.279907,0.32,1,109318,108881,437
11073921,2.6569,1.32859,439,183960,0.239981,0.3,1,109320,108881,439
11076841,3.73138,7.46572,434,183960,0.215996,0.3,1,109324,108890,434
11079761,2.34628,1.49314,436,183960,0.195199,0.3,1,109326,108890,436
11082681,2.06926,0.298629,438,183960,0.15904,0.3,1,109328,108890,438
11085361,2.01385,0.0597257,440,183960,0.215808,0.33,1,109330,108890,440
11088281,6.80277,10.4119,435,183960,0.195162,0.33,1,109338,108903,435
11090561,2.96055,2.08239,437,183960,0.247032,0.32,1,109340,108903,437
11093481,6.99211,8.41648,435,183960,0.209406,0.32,1,109348,108913,435
11096401,2.99842,1.6833,437,183960,0.177881,0.32,1,109350,108913,437
11098881,2.19968,0.336659,439,183960,0.227576,0.28,1,109352,108913,439
11101801,3.63994,6.46733,435,183960,0.181515,0.28,1,109356,108921,435
11104081,2.32799,1.29347,437,183960,0.140303,0.34,1,109358,108921,437
11107001,10.0656,12.2587,434,183960,0.100061,0.34,1,109370,108936,434
11109921,3.61312,2.45174,436,183960,0.212012,0.34,1,109372,108936,436
11112841,2.32262,0.490348,438,183960,0.242402,0.34,1,109374,108936,438
11114481,1.26452,0.0980695,439,183960,0.23248,0.36,1,109375,108936,439
11117401,6.65291,9.61961,435,183960,0.174496,0.36,1,109383,108948,435
11120321,2.93058,1.92392,437,183960,0.170899,0.36,1,109385,108948,437
11122801,2.18612,0.384785,439,183960,0.17818,0.35,1,109387,108948,439
11124881,3.63722,5.67696,436,183960,0.267636,0.2,1,109391,108955,436
11127801,67.9274,73.1354,430,183960,0.261527,0.2,1,109475,109045,430
11130721,15.1855,14.6271,432,183960,0.228305,0.2,1,109477,109045,432
11133641,4.6371,2.92542,434,183960,0.189661,0.2,1,109479,109045,434
11135281,1.72742,0.585083,435,183960,0.165932,0.18,1,109480,109045,435
11138201,5.14548,6.51702,433,183960,0.241186,0.18,1,109486,109053,433
11141121,2.6291,1.3034,435,183960,0.224237,0.18,1,109488,109053,435
11143601,2.12582,0.260681,437,183960,0.252847,0.32,1,109490,109053,437
11145681,17.2252,20.0521,433,183960,0.290569,0.28,1,109511,109078,433
11148601,133.045,138.41,427,183960,0.258114,0.28,1,109673,109246,427
11151521,28.209,27.6821,429,183960,0.219623,0.28,1,109675,109246,429
11154441,7.2418,5.53642,431,183960,0.179925,0.28,1,109677,109246,431
11157361,3.04836,1.10728,433,183960,0.171985,0.28,1,109679,109246,433
11160241,2.20967,0.221457,435,183960,0.330397,0.21,1,109681,109246,435
11163161,3.64193,4.84429,433,183960,0.338079,0.21,1,109685,109252,433
11166081,2.32839,0.968858,435,183960,0.291616,0.21,1,109687,109252,435
11168561,2.06568,0.193772,437,183960,0.258323,0.35,1,109689,109252,437
11171481,8.41314,8.83875,436,183960,0.291665,0.35,1,109699,109263,436
11173761,3.28263,1.76775,438,183960,0.266333,0.32,1,109701,109263,438
11176681,10.2565,16.3536,430,183960,0.269267,0.32,1,109713,109283,430
11179601,3.65131,3.27071,432,183960,0.277853,0.32,1,109715,109283,432
11182521,2.33026,0.654142,434,183960,0.335571,0.32,1,109717,109283,434
11184161,1.26605,0.130828,435,183960,0.371114,0.28,1,109718,109283,435
11187081,8.25321,9.62617,433,183960,0.266223,0.28,1,109728,109295,433
11189361,3.25064,1.92523,435,183960,0.221245,0.28,1,109730,109295,435
11191441,8.65013,9.18505,434,183960,0.236249,0.28,1,109740,109306,434
11194361,8.13003,11.437,430,183960,0.27125,0.28,1,109748,109318,430
11197281,3.22601,2.2874,432,183960,0.30225,0.28,1,109750,109318,432
11199761,2.2452,0.45748,434,183960,0.26845,0.21,1,109752,109318,434
11202681,3.64904,4.8915,432,183960,0.26969,0.21,1,109756,109324,432
11204961,2.32981,0.978299,434,183960,0.269938,0.25,1,109758,109324,434
11207881,2.06596,4.19566,431,183960,0.261988,0.25,1,109760,109329,431
11210801,2.01319,0.839132,433,183960,0.252398,0.25,1,109762,109329,433
11213281,2.00264,0.167826,435,183960,0.22648,0.21,1,109764,109329,435
11216201,3.60053,6.43357,431,183960,0.285296,0.21,1,109768,109337,431
11217861,9.52011,1.28671,442,183960,0.225059,0.17,1,109779,109337,442
11220781,3.50402,10.6573,431,183960,0.181012,0.17,1,109781,109350,431
11223681,2.3008,2.13147,433,183960,0.316202,0.22,1,109783,109350,433
11226601,5.26016,9.22629,428,183960,0.29524,0.22,1,109789,109361,428
11229521,2.65203,1.84526,430,183960,0.259048,0.22,1,109791,109361,430
11232441,2.13041,0.369052,432,183960,0.21981,0.22,1,109793,109361,432
11235121,2.02608,0.0738103,434,183960,0.179962,0.26,1,109795,109361,434
11238041,10.8052,13.6148,430,183960,0.243992,0.26,1,109808,109378,430
11240961,3.76104,2.72295,432,183960,0.256799,0.26,1,109810,109378,432
11243881,2.35221,0.54459,434,183960,0.25936,0.26,1,109812,109378,434
11245521,1.27044,0.108918,435,183960,0.251872,0.31,1,109813,109378,435
11248441,6.65409,9.62178,431,183960,0.266374,0.31,1,109821,109390,431
11251361,2.93082,1.92436,433,183960,0.237275,0.31,1,109823,109390,433
11253841,2.18616,0.384871,435,183960,0.199455,0.26,1,109825,109390,435
11255921,2.03723,3.27697,433,183960,0.191891,0.18,1,109827,109394,433
11258841,68.4074,68.6554,433,183960,0.238378,0.18,1,109912,109479,433
11261121,15.2815,13.7311,435,183960,0.207676,0.26,1,109914,109479,435
11264041,7.8563,6.74622,436,183960,0.225535,0.26,1,109920,109484,436
11266321,3.17126,1.34924,438,183960,0.253107,0.26,1,109922,109484,438
11269241,2.23425,5.06985,434,183960,0.226621,0.26,1,109924,109490,434
11271521,2.04685,1.01397,436,183960,0.197324,0.3,1,109926,109490,436
11274441,5.20937,5.00279,436,183960,0.159465,0.3,1,109932,109496,436
11276101,21.8419,1.00056,462,183960,0.135893,0.25,1,109958,109496,462
11278181,128.368,24.2001,587,183960,0.195179,0.28,1,110113,109526,587
11281101,27.2737,133.64,428,183960,0.175036,0.28,1,110115,109687,428
11284021,7.05473,26.728,430,183960,0.139007,0.28,1,110117,109687,430
11286941,3.01095,5.3456,432,183960,0.0998014,0.28,1,110119,109687,432
11289861,2.20219,1.06912,434,183960,0.0919603,0.28,1,110121,109687,434
11292781,2.04044,0.213824,436,183960,0.0903921,0.28,1,110123,109687,436
11294821,4.40809,0.0427648,441,183960,0.178078,0.16,1,110128,109687,441
11297741,3.28162,4.80855,438,183960,0.147616,0.16,1,110131,109693,438
11299601,1.45632,0.961711,439,183960,0.125523,0.39,1,110132,109693,439
11302521,8.29126,9.79234,437,183960,0.169105,0.39,1,110142,109705,437
11304801,3.25825,1.95847,439,183960,0.177821,0.24,1,110144,109705,439
11307721,10.2517,18.7917,428,183960,0.235564,0.24,1,110156,109728,428
11310641,3.65033,3.75834,430,183960,0.303113,0.24,1,110158,109728,430
11313561,2.33007,0.751668,432,183960,0.308623,0.24,1,110160,109728,432
11315201,1.26601,0.150334,433,183960,0.293725,0.28,1,110161,109728,433
11318121,10.6532,8.03007,436,183960,0.170745,0.28,1,110174,109738,436
11320401,3.73064,1.60601,438,183960,0.202149,0.28,1,110176,109738,438
11322481,7.14613,8.3212,436,183960,0.20843,0.28,1,110184,109748,436
11325401,6.22923,7.26424,435,183960,0.265686,0.28,1,110190,109755,435
11328321,2.84585,1.45285,437,183960,0.277137,0.28,1,110192,109755,437
11330801,2.16917,0.29057,439,183960,0.295427,0.29,1,110194,109755,439
11333721,2.03383,3.25811,437,183960,0.267085,0.29,1,110196,109759,437
11336001,2.00677,0.651623,439,183960,0.261417,0.31,1,110198,109759,439
11338921,3.60135,9.73032,431,183960,0.236283,0.31,1,110202,109771,431
11341841,2.32027,1.94606,433,183960,0.271257,0.31,1,110204,109771,433
11344761,2.06405,0.389213,435,183960,0.246251,0.31,1,110206,109771,435
11346401,1.21281,0.0778426,436,183960,0.22525,0.34,1,110207,109771,436
11349321,8.24256,12.0156,431,183960,0.18105,0.34,1,110217,109786,431
11352241,4.84851,2.40311,435,183960,0.23621,0.34,1,110221,109786,435
11354721,3.3697,0.480623,438,183960,0.231242,0.21,1,110224,109786,438
11357641,3.87394,5.69612,435,183960,0.174248,0.21,1,110228,109793,435
11359921,2.37479,1.13922,437,183960,0.18685,0.3,1,110230,109793,437
11362841,6.87496,9.02785,434,183960,0.22937,0.3,1,110238,109804,434
11365761,2.97499,1.80557,436,183960,0.213874,0.3,1,110240,109804,436
11367621,6.195,0.361114,443,183960,0.250775,0.31,1,110247,109804,443
11370541,2.839,10.4722,432,183960,0.234155,0.31,1,110249,109817,432
11373461,2.1678,2.09444,434,183960,0.198831,0.31,1,110251,109817,434
11376381,2.03356,0.418889,436,183960,0.199766,0.31,1,110253,109817,436
11378021,3.60671,0.0837778,440,183960,0.231953,0.21,1,110257,109817,440
11380941,3.12134,5.61676,436,183960,0.182391,0.21,1,110260,109824,436
11383221,2.22427,1.12335,438,183960,0.148478,0.32,1,110262,109824,438
11386141,2.04485,5.02467,434,183960,0.237696,0.32,1,110264,109830,434
11388421,69.209,1.00493,520,183960,0.159539,0.22,1,110350,109830,520
11391341,15.4418,75.401,428,183960,0.151908,0.22,1,110352,109924,428
11394261,4.68836,15.0802,430,183960,0.238382,0.22,1,110354,109924,430
11397181,2.53767,3.01604,432,183960,0.255676,0.22,1,110356,109924,432
11398821,6.10753,0.603208,439,183960,0.243135,0.25,1,110363,109924,439
11401741,2.82151,8.92064,430,183960,0.208627,0.25,1,110365,109935,430
11404641,2.1643,1.78413,432,183960,0.161725,0.25,1,110367,109935,432
11406721,26.8329,29.1568,429,183960,0.232345,0.12,1,110400,109971,429
11409641,124.567,126.631,427,183960,0.286469,0.12,1,110549,110122,427
11412561,26.5133,25.3263,429,183960,0.289294,0.12,1,110551,110122,429
11415481,6.90266,5.06525,431,183960,0.241859,0.12,1,110553,110122,431
11418401,2.98053,1.01305,433,183960,0.200372,0.12,1,110555,110122,433
11420241,1.39611,0.20261,434,183960,0.184074,0.25,1,110556,110122,434
11423161,9.87922,12.0405,431,183960,0.188815,0.25,1,110568,110137,431
11426081,3.57584,2.4081,433,183960,0.157763,0.25,1,110570,110137,433
11429001,2.31517,0.481621,435,183960,0.335553,0.25,1,110572,110137,435
11430641,1.26303,0.0963242,436,183960,0.347111,0.34,1,110573,110137,436
11433561,6.65261,8.01926,434,183960,0.277422,0.34,1,110581,110147,434
11435841,2.93052,1.60385,436,183960,0.231484,0.32,1,110583,110147,436
11437921,6.9861,9.12077,433,183960,0.302297,0.3,1,110591,110158,433
11440841,2.99722,6.62415,429,183960,0.284459,0.3,1,110593,110164,429
11443761,2.19944,1.32483,431,183960,0.280892,0.3,1,110595,110164,431
11446241,2.03989,0.264966,433,183960,0.280178,0.21,1,110597,110164,433
11448321,9.20798,9.65299,432,183960,0.184036,0.23,1,110608,110176,432
11451241,10.6416,7.5306,436,183960,0.236807,0.23,1,110619,110183,436
11452901,6.12832,1.50612,441,183960,0.255361,0.31,1,110624,110183,441
11455821,2.82566,8.30122,433,183960,0.283072,0.31,1,110626,110193,433
11458721,2.16513,1.66024,435,183960,0.280614,0.23,1,110628,110193,435
11461641,3.63303,7.53205,430,183960,0.256123,0.23,1,110632,110202,430
11464561,2.32661,1.50641,432,183960,0.219225,0.23,1,110634,110202,432
11467041,2.06532,0.301282,434,183960,0.179845,0.19,1,110636,110202,434
11469961,2.01306,6.46026,428,183960,0.171969,0.19,1,110638,110210,428
11472881,2.00261,1.29205,430,183960,0.290394,0.19,1,110640,110210,430
11475801,2.00052,0.25841,432,183960,0.290079,0.19,1,110642,110210,432
11477441,1.2001,0.051682,433,183960,0.274016,0.21,1,110643,110210,433
11480361,8.24002,12.0103,428,183960,0.270803,0.21,1,110653,110225,428
11483281,3.248,2.40207,430,183960,0.270161,0.21,1,110655,110225,430
11485761,2.2496,0.480413,432,183960,0.230032,0.23,1,110657,110225,432
11488681,10.0499,8.09608,434,183960,0.246006,0.23,1,110669,110235,434
11490961,3.60998,1.61922,436,183960,0.217201,0.3,1,110671,110235,436
11493881,5.522,8.32384,432,183960,0.25944,0.3,1,110677,110245,432
11496161,2.7044,1.66477,434,183960,0.275888,0.22,1,110679,110245,434
11499081,2.14088,5.93295,429,183960,0.247178,0.22,1,110681,110252,429
11502001,2.02818,1.18659,431,183960,0.249436,0.22,1,110683,110252,431
11504481,2.00564,0.237318,433,183960,0.225887,0.28,1,110685,110252,433
11507401,5.20113,8.84746,428,183960,0.197177,0.28,1,110691,110263,428
11510321,2.64023,1.76949,430,183960,0.167435,0.28,1,110693,110263,430
11513241,2.12805,0.353899,432,183960,0.129487,0.28,1,110695,110263,432
11515301,6.82561,0.0707797,440,183960,0.225897,0.24,1,110703,110263,440
11516961,2.96512,8.81416,431,183960,0.213179,0.26,1,110705,110274,431
11519881,66.193,68.9628,429,183960,0.186636,0.26,1,110787,110358,429
11522801,14.8386,13.7926,431,183960,0.181327,0.26,1,110789,110358,431
11525721,4.56772,2.75851,433,183960,0.148265,0.26,1,110791,110358,433
11527361,1.71354,0.551703,434,183960,0.277653,0.18,1,110792,110358,434
11530281,6.74271,6.51034,434,183960,0.191531,0.18,1,110800,110366,434
11532561,2.94854,1.30207,436,183960,0.142306,0.25,1,110802,110366,436
11535481,10.9897,12.2604,434,183960,0.260461,0.25,1,110815,110381,434
11537141,21.3979,2.45208,458,183960,0.260092,0.26,1,110839,110381,458
11539221,125.08,23.6904,580,183960,0.212018,0.28,1,110990,110410,580
11542141,27.4159,125.538,432,183960,0.178404,0.28,1,110993,110561,432
11545061,7.08318,25.1076,434,183960,0.147681,0.28,1,110995,110561,434
11547981,3.01664,5.02152,436,183960,0.141536,0.28,1,110997,110561,436
11550901,2.20333,1.0043,438,183960,0.268307,0.28,1,110999,110561,438
11552741,8.44067,0.200861,448,183960,0.165661,0.3,1,111009,110561,448
11555661,4.08813,14.4402,433,183960,0.281132,0.3,1,111012,110579,433
11558581,2.41763,2.88803,435,183960,0.304226,0.3,1,111014,110579,435
11561501,2.08353,0.577607,437,183960,0.316845,0.3,1,111016,110579,437
11563141,6.0167,0.115521,444,183960,0.271369,0.34,1,111023,110579,444
11566061,2.80334,8.8231,435,183960,0.230274,0.34,1,111025,110590,435
11568341,5.36067,1.76462,441,183960,0.302055,0.23,1,111031,110590,441
11571261,2.67213,12.3529,428,183960,0.316411,0.23,1,111033,110605,428
11574181,2.13443,2.47058,430,183960,0.311282,0.23,1,111035,110605,430
11577101,2.02689,0.494117,432,183960,0.278256,0.23,1,111037,110605,432
11578741,10.0054,0.0988234,444,183960,0.191651,0.12,1,111049,110605,444
11580821,10.0011,7.21976,445,183960,0.27033,0.26,1,111059,110614,445
11583741,4.40022,13.444,433,183960,0.270066,0.26,1,111062,110629,433
11586661,2.48004,2.68879,435,183960,0.270013,0.26,1,111064,110629,435
11589581,2.09601,0.537758,437,183960,0.278003,0.26,1,111066,110629,437
11591221,1.2192,0.107552,438,183960,0.263601,0.29,1,111067,110629,438
11594141,1.84384,10.4215,427,183960,0.22872,0.29,1,111069,110642,427
11597061,1.96877,2.0843,429,183960,0.245744,0.29,1,111071,110642,429
11599981,1.99375,0.41686,431,183960,0.217149,0.29,1,111073,110642,431
11602901,1.99875,0.0833721,433,183960,0.17143,0.29,1,111075,110642,433
11604741,7.59975,0.0166744,442,183960,0.218286,0.27,1,111084,110642,442
11607661,3.11995,8.80334,433,183960,0.195657,0.27,1,111086,110653,433
11609941,2.22399,1.76067,435,183960,0.199131,0.25,1,111088,110653,435
11612861,2.0448,2.75213,434,183960,0.287826,0.25,1,111090,110656,434
11615141,4.40896,0.550427,439,183960,0.225565,0.28,1,111095,110656,439
11616801,2.48179,6.51009,433,183960,0.189113,0.29,1,111097,110664,433
11619721,10.0964,10.902,433,183960,0.237823,0.29,1,111109,110676,433
11622001,3.61927,2.1804,435,183960,0.223565,0.29,1,111111,110676,435
11624921,2.32385,9.23608,426,183960,0.220713,0.29,1,111113,110687,426
11627841,2.06477,1.84722,428,183960,0.220143,0.29,1,111115,110687,428
11630761,2.01295,0.369443,430,183960,0.260029,0.29,1,111117,110687,430
11633681,2.00259,0.0738886,432,183960,0.292006,0.29,1,111119,110687,432
11635521,1.20052,0.0147777,433,183960,0.274401,0.27,1,111120,110687,433
11638441,7.4401,8.00296,432,183960,0.13488,0.27,1,111129,110697,432
11641361,3.08802,1.60059,434,183960,0.226976,0.27,1,111131,110697,434
11643841,2.2176,0.320118,436,183960,0.245395,0.28,1,111133,110697,436
11646761,6.84352,9.66402,432,183960,0.217079,0.28,1,111141,110709,432
11649461,66.9687,1.9328,514,183960,0.235416,0.29,1,111223,110709,514
11652381,15.7937,67.5866,433,183960,0.199083,0.29,1,111226,110793,433
11655301,4.75875,13.5173,435,183960,0.183817,0.29,1,111228,110793,435
11658221,2.55175,2.70346,437,183960,0.140763,0.29,1,111230,110793,437
11659861,6.11035,0.540692,444,183960,0.212153,0.13,1,111237,110793,444
11661941,4.42207,7.30814,439,183960,0.170431,0.39,1,111241,110802,439
11663601,1.68441,3.86163,437,183960,0.146086,0.31,1,111242,110805,437
11665681,9.13688,12.7723,433,183960,0.141217,0.28,1,111253,110820,433
11667761,24.2274,27.3545,430,183960,0.260243,0.31,1,111281,110851,430
11670681,124.045,124.671,430,183960,0.284049,0.31,1,111430,111000,430
11673601,26.4091,24.9342,432,183960,0.25681,0.31,1,111432,111000,432
11676521,6.88182,4.98684,434,183960,0.219362,0.31,1,111434,111000,434
11679441,2.97636,0.997367,436,183960,0.243872,0.31,1,111436,111000,436
11681281,1.39527,0.199473,437,183960,0.232774,0.33,1,111437,111000,437
11684201,11.4791,16.0399,431,183960,0.390555,0.33,1,111451,111020,431
11687121,3.89581,3.20798,433,183960,0.422111,0.33,1,111453,111020,433
11690041,2.37916,0.641596,435,183960,0.428422,0.33,1,111455,111020,435
11691681,1.27583,0.128319,436,183960,0.413684,0.24,1,111456,111020,436
11693761,3.45517,3.22566,436,183960,0.418737,0.32,1,111460,111024,436
11696681,5.49103,7.84513,433,183960,0.323747,0.32,1,111466,111033,433
11698961,2.69821,1.56903,435,183960,0.304749,0.27,1,111468,111033,435
11701881,2.13964,6.71381,429,183960,0.26895,0.27,1,111470,111041,429
11704801,2.02793,1.34276,431,183960,0.38979,0.27,1,111472,111041,431
11707281,2.00559,0.268552,433,183960,0.413958,0.29,1,111474,111041,433
11709361,15.6011,14.4537,434,183960,0.290792,0.27,1,111493,111059,434
11712281,6.32022,11.6907,427,183960,0.274158,0.27,1,111497,111070,427
11715201,2.86404,2.33815,429,183960,0.270832,0.27,1,111499,111070,429
11718121,2.17281,0.46763,431,183960,0.246166,0.27,1,111501,111070,431
11721041,2.03456,0.0935259,433,183960,0.361233,0.27,1,111503,111070,433
11723961,2.00691,0.0187052,435,183960,0.352247,0.27,1,111505,111070,435
11726421,4.40138,0.00374104,440,183960,0.278449,0.08,1,111510,111070,440
11729341,3.28028,7.20075,434,183960,0.28769,0.08,1,111513,111079,434
11732261,2.25606,1.44015,436,183960,0.257538,0.08,1,111515,111079,436
11734741,6.85121,0.28803,444,183960,0.203508,0.23,1,111523,111079,444
11737661,2.97024,12.0576,431,183960,0.160702,0.23,1,111525,111094,431
11740581,2.19405,2.41152,433,183960,0.27214,0.23,1,111527,111094,433
11743501,2.03881,0.482304,435,183960,0.270428,0.23,1,111529,111094,435
11745141,6.80776,0.0964608,443,183960,0.182086,0.3,1,111537,111094,443
11747841,3.76155,9.61929,434,183960,0.260417,0.3,1,111540,111106,434
11750761,5.55231,12.3239,427,183960,0.340083,0.3,1,111546,111119,427
11753681,2.71046,2.46477,429,183960,0.356017,0.3,1,111548,111119,429
11756601,2.14209,0.492954,431,183960,0.327203,0.3,1,111550,111119,431
11759521,2.02842,0.0985909,433,183960,0.345441,0.3,1,111552,111119,433
11761361,1.20568,0.0197182,434,183960,0.341088,0.21,1,111553,111119,434
11764281,3.44114,3.20394,434,183960,0.284218,0.21,1,111557,111123,434
11766561,2.28823,0.640789,436,183960,0.264844,0.3,1,111559,111123,436
11769481,8.45765,8.92816,435,183960,0.316969,0.3,1,111569,111134,435
11772401,3.29153,1.78563,437,183960,0.327394,0.3,1,111571,111134,437
11774881,2.25831,0.357126,439,183960,0.305479,0.27,1,111573,111134,439
11776961,7.65166,13.6714,431,183960,0.261096,0.23,1,111582,111151,431
11779881,65.5303,71.5343,425,183960,0.308219,0.23,1,111662,111237,425
11782801,14.7061,14.3069,427,183960,0.285644,0.23,1,111664,111237,427
11785721,4.54121,2.86137,429,183960,0.273129,0.23,1,111666,111237,429
11788401,2.50824,0.572274,431,183960,0.238626,0.21,1,111668,111237,431
11791321,11.7016,8.91446,434,183960,0.351725,0.21,1,111682,111248,434
11794241,3.94033,1.78289,436,183960,0.374345,0.21,1,111684,111248,436
11796101,4.78807,0.356578,441,183960,0.354869,0.22,1,111689,111248,441
11798181,26.5576,4.87132,467,183960,0.358974,0.3,1,111721,111254,467
11800261,126.112,28.9743,583,183960,0.351795,0.38,1,111872,111289,583
11803181,26.8223,125.795,435,183960,0.358359,0.38,1,111874,111439,435
11806101,6.96446,25.159,437,183960,0.335672,0.38,1,111876,111439,437
11809021,2.99289,5.03179,439,183960,0.323134,0.38,1,111878,111439,439
11811941,2.19858,1.00636,441,183960,0.288627,0.38,1,111880,111439,441
11813781,11.6397,0.201272,455,183960,0.361725,0.4,1,111894,111439,455
11816701,4.72794,17.6403,436,183960,0.368345,0.4,1,111897,111461,436
11819621,2.54559,3.52805,438,183960,0.369669,0.4,1,111899,111461,438
11822541,2.10912,0.70561,440,183960,0.369934,0.4,1,111901,111461,440
11824801,2.02182,0.141122,442,183960,0.425987,0.28,1,111903,111461,442
11827721,3.60436,6.42822,438,183960,0.413197,0.28,1,111907,111469,438
11830001,2.32087,1.28564,440,183960,0.378639,0.34,1,111909,111469,440
11832921,3.66417,7.45713,435,183960,0.371728,0.34,1,111913,111478,435
11835841,2.33283,1.49143,437,183960,0.370346,0.34,1,111915,111478,437
11838321,2.06657,0.298285,439,183960,0.426069,0.26,1,111917,111478,439
11841241,14.0133,17.6597,434,183960,0.461214,0.26,1,111934,111500,434
11844161,4.40266,3.53193,436,183960,0.468243,0.26,1,111936,111500,436
11847061,7.28053,0.706386,444,183960,0.349649,0.25,1,111944,111500,444
11849981,3.05611,12.1413,431,183960,0.29393,0.25,1,111946,111515,431
11852901,2.21122,2.42826,433,183960,0.250786,0.25,1,111948,111515,433
11855821,2.04224,0.485651,435,183960,0.330157,0.25,1,111950,111515,435
11858741,2.00845,0.0971302,437,183960,0.402031,0.25,1,111952,111515,437
11861621,4.40169,0.019426,442,183960,0.360406,0.3,1,111957,111515,442
11864541,4.08034,9.60389,434,183960,0.416081,0.3,1,111961,111527,434
11867461,3.21607,1.92078,437,183960,0.379216,0.3,1,111964,111527,437
11869941,5.44321,0.384155,443,183960,0.299843,0.24,1,111970,111527,443
11872861,2.68864,4.87683,439,183960,0.339969,0.24,1,111972,111533,439
11875141,5.33773,0.975366,445,183960,0.427994,0.3,1,111978,111533,445
11878061,2.66755,6.59507,439,183960,0.445599,0.3,1,111980,111541,439
11880341,2.13351,1.31901,441,183960,0.41712,0.39,1,111982,111541,441
11882421,6.8267,5.0638,443,183960,0.411424,0.29,1,111990,111547,443
11885341,2.96534,8.21276,436,183960,0.386285,0.29,1,111992,111556,436
11888261,2.19307,1.64255,438,183960,0.349257,0.29,1,111994,111556,438
11891181,2.03861,0.32851,440,183960,0.309851,0.29,1,111996,111556,440
11893861,3.60772,0.0657021,444,183960,0.34197,0.39,1,112000,111556,444
11896781,2.32154,8.01314,436,183960,0.316394,0.39,1,112002,111566,436
11899061,10.0643,1.60263,448,183960,0.271279,0.29,1,112014,111566,448
11901981,3.61286,9.92053,438,183960,0.262256,0.29,1,112016,111578,438
11904901,2.32257,1.98411,440,183960,0.228451,0.29,1,112018,111578,440
11907381,5.26451,0.396821,446,183960,0.32569,0.3,1,112024,111578,446
11909461,63.4529,7.27936,515,183960,0.345138,0.23,1,112102,111587,515
11912381,14.2906,66.2559,436,183960,0.317028,0.23,1,112104,111668,436
11915301,4.45812,13.2512,438,183960,0.279406,0.23,1,112106,111668,438
11917781,12.0916,2.65023,452,183960,0.263881,0.38,1,112120,111668,452
11919441,3.21832,11.73,439,183960,0.252776,0.31,1,112121,111682,439
11922361,10.2437,13.546,437,183960,0.306555,0.31,1,112133,111696,437
11925281,3.64873,2.7092,439,183960,0.285311,0.31,1,112135,111696,439
11928181,27.1297,0.54184,472,183960,0.345062,0.36,1,112168,111696,472
11930261,123.026,31.3084,580,183960,0.269012,0.34,1,112315,111735,580
11933181,26.2052,119.862,440,183960,0.253802,0.34,1,112317,111877,440
11936101,6.84104,23.9723,442,183960,0.27476,0.34,1,112319,111877,442
11938581,11.7682,4.79447,455,183960,0.182952,0.41,1,112332,111877,455
11941501,4.75364,12.1589,444,183960,0.22859,0.41,1,112335,111891,444
11943781,4.15073,2.43178,448,183960,0.333718,0.37,1,112339,111891,448
11946701,2.43015,6.88636,442,183960,0.362744,0.37,1,112341,111899,442
11948981,3.68603,1.37727,446,183960,0.344549,0.45,1,112345,111899,446
11951901,2.33721,5.07545,442,183960,0.30091,0.45,1,112347,111905,442
11954821,2.06744,1.01509,444,183960,0.284182,0.45,1,112349,111905,444
11957301,5.21349,0.203018,450,183960,0.288836,0.4,1,112355,111905,450
11960221,2.6427,11.2406,438,183960,0.257767,0.4,1,112357,111919,438
11963141,2.12854,2.24812,440,183960,0.227553,0.4,1,112359,111919,440
11966061,2.02571,0.449624,442,183960,0.189511,0.4,1,112361,111919,442
11968981,2.00514,0.0899248,444,183960,0.301902,0.4,1,112363,111919,444
11970821,13.201,0.017985,460,183960,0.35638,0.38,1,112379,111919,460
11973741,4.24021,17.6036,440,183960,0.343276,0.38,1,112381,111941,440
11976021,5.64804,3.52072,446,183960,0.332655,0.35,1,112387,111941,446
11978941,2.72961,7.90414,439,183960,0.330531,0.35,1,112389,111950,439
11981861,2.14592,1.58083,441,183960,0.298106,0.35,1,112391,111950,441
11983921,2.02918,0.316166,443,183960,0.259621,0.43,1,112393,111950,443
11986841,3.60584,8.86323,436,183960,0.235924,0.43,1,112397,111961,436
11989761,2.32117,1.77265,438,183960,0.199185,0.43,1,112399,111961,438
11992241,2.06423,0.354529,440,183960,0.279837,0.34,1,112401,111961,440
11995161,5.21285,4.87091,440,183960,0.263967,0.34,1,112407,111967,440
11998081,4.24257,0.974181,444,183960,0.276793,0.34,1,112411,111967,444
11999941,6.44851,0.194836,451,183960,0.199359,0.45,1,112418,111967,451
12002861,2.8897,8.83897,442,183960,0.151872,0.45,1,112420,111978,442
12005141,3.77794,1.76779,446,183960,0.198374,0.43,1,112424,111978,446
12008061,2.35559,9.15356,437,183960,0.215675,0.43,1,112426,111989,437
12010961,2.07112,1.83071,439,183960,0.219135,0.34,1,112428,111989,439
12013881,5.21422,4.36614,440,183960,0.275827,0.34,1,112434,111994,440
12016161,2.64284,0.873228,442,183960,0.255165,0.37,1,112436,111994,442
12019081,5.32857,11.3746,434,183960,0.275033,0.37,1,112442,112008,434
12022001,2.66571,2.27493,436,183960,0.255007,0.37,1,112444,112008,436
12024921,2.13314,0.454986,438,183960,0.219001,0.37,1,112446,112008,438
12027601,2.02663,0.0909971,440,183960,0.2198,0.36,1,112448,112008,440
12030521,10.0053,10.4182,439,183960,0.21196,0.36,1,112460,112021,439
12033441,3.60107,2.08364,441,183960,0.330392,0.36,1,112462,112021,441
12035921,2.32021,0.416728,443,183960,0.322078,0.3,1,112464,112021,443
12038001,2.06404,4.88335,439,183960,0.288416,0.4,1,112466,112027,439
12040921,66.8128,69.7767,436,183960,0.225683,0.4,1,112549,112113,436
12043841,14.9626,13.9553,438,183960,0.181137,0.4,1,112551,112113,438
12046321,4.59251,2.79107,440,183960,0.292227,0.37,1,112553,112113,440
12049241,9.7185,11.7582,437,183960,0.242445,0.37,1,112564,112127,437
12051941,7.5437,2.35164,444,183960,0.280489,0.3,1,112571,112127,444
12054021,14.3087,6.07033,453,183960,0.240098,0.34,1,112587,112134,453
12055681,3.66175,14.8141,437,183960,0.24802,0.4,1,112588,112151,437
12058601,19.1323,21.3628,437,183960,0.273604,0.4,1,112611,112174,437
12060261,124.626,4.27256,588,183960,0.310721,0.2,1,112762,112174,588
12063181,26.5253,124.055,436,183960,0.326144,0.2,1,112764,112328,436
12066101,6.90506,24.8109,438,183960,0.321229,0.2,1,112766,112328,438
12068581,7.78101,4.96218,446,183960,0.344246,0.37,1,112774,112328,446
12071501,3.1562,11.3924,435,183960,0.316849,0.37,1,112776,112341,435
12074401,2.23124,2.27849,437,183960,0.28737,0.31,1,112778,112341,437
12077321,5.24625,9.2557,432,183960,0.377474,0.31,1,112784,112352,432
12080241,2.64925,1.85114,434,183960,0.371495,0.31,1,112786,112352,434
12083161,2.12985,0.370228,436,183960,0.338299,0.31,1,112788,112352,436
12085841,2.02597,0.0740456,438,183960,0.33166,0.29,1,112790,112352,438
12088761,6.80519,12.0148,431,183960,0.330332,0.29,1,112798,112367,431
12091681,2.96104,2.40296,433,183960,0.298066,0.29,1,112800,112367,433
12094601,2.19221,0.480592,435,183960,0.291613,0.29,1,112802,112367,435
12097521,2.03844,0.0961185,437,183960,0.418323,0.29,1,112804,112367,437
12099361,1.20769,0.0192237,438,183960,0.427665,0.31,1,112805,112367,438
12102281,13.0415,18.4038,431,183960,0.389533,0.31,1,112821,112390,431
12105201,4.20831,3.68077,433,183960,0.349907,0.31,1,112823,112390,433
12108121,2.44166,0.736154,435,183960,0.341981,0.31,1,112825,112390,435
12109761,1.28833,0.147231,436,183960,0.420396,0.21,1,112826,112390,436
12112681,5.05767,6.42945,434,183960,0.372079,0.21,1,112832,112398,434
12115601,2.61153,1.28589,436,183960,0.330416,0.21,1,112834,112398,436
12118501,3.72231,0.257178,440,183960,0.410083,0.28,1,112838,112398,440
12121421,2.34446,10.4514,429,183960,0.426017,0.28,1,112840,112411,429
12124341,2.06889,2.09029,431,183960,0.405203,0.28,1,112842,112411,431
12126821,10.0138,0.418057,443,183960,0.409041,0.15,1,112854,112411,443
12129741,3.60276,6.48361,437,183960,0.409808,0.15,1,112856,112419,437
12132021,3.92055,1.29672,441,183960,0.409962,0.34,1,112860,112419,441
12134941,2.38411,8.25934,433,183960,0.369992,0.34,1,112862,112429,433
12137861,2.07682,1.65187,435,183960,0.329998,0.34,1,112864,112429,435
12140781,2.01536,0.330374,437,183960,0.346,0.34,1,112866,112429,437
12143461,6.00307,0.0660747,444,183960,0.3252,0.3,1,112873,112429,444
12146381,4.40061,9.61322,436,183960,0.30504,0.3,1,112877,112441,436
12148661,4.88012,1.92264,441,183960,0.405008,0.22,1,112882,112441,441
12151581,2.57602,7.58453,434,183960,0.385002,0.22,1,112884,112450,434
12154501,2.1152,1.51691,436,183960,0.349,0.22,1,112886,112450,436
12157421,2.02304,0.303381,438,183960,0.3098,0.22,1,112888,112450,438
12160101,8.40461,0.0606762,448,183960,0.32596,0.34,1,112898,112450,448
12163021,3.28092,15.2121,431,183960,0.289192,0.34,1,112900,112469,431
12165941,2.25618,3.04243,433,183960,0.281838,0.34,1,112902,112469,433
12168861,2.05124,0.608485,435,183960,0.392368,0.34,1,112904,112469,435
12170501,69.2103,0.121697,521,183960,0.262474,0.29,1,112990,112469,521
12173421,16.242,72.0243,434,183960,0.372495,0.29,1,112993,112559,434
12176341,4.84841,14.4049,436,183960,0.386499,0.29,1,112995,112559,436
12178821,4.96968,2.88097,441,183960,0.3173,0.25,1,113000,112559,441
12180901,7.39394,5.37619,443,183960,0.25546,0.28,1,113008,112565,443
12182561,2.27879,8.27524,435,183960,0.227092,0.27,1,113009,112574,435
12185481,13.2558,17.655,431,183960,0.293418,0.27,1,113025,112594,431
12188181,22.6512,3.53101,456,183960,0.330684,0.24,1,113050,112594,456
12190261,130.93,19.9062,590,183960,0.282137,0.4,1,113208,112618,590
12193181,27.786,126.381,439,183960,0.272427,0.4,1,113210,112771,439
12196101,7.15721,25.2762,441,183960,0.262485,0.4,1,113212,112771,441
12198581,7.83144,5.05525,449,183960,0.276497,0.4,1,113220,112771,449
12201501,3.16629,11.4111,438,183960,0.247299,0.4,1,113222,112784,438
12204421,2.23326,2.28221,440,183960,0.20946,0.4,1,113224,112784,440
12206901,3.64665,0.456442,444,183960,0.305892,0.33,1,113228,112784,444
12209821,2.32933,6.49129,438,183960,0.325178,0.33,1,113230,112792,438
12212741,2.06587,1.29826,440,183960,0.297036,0.33,1,113232,112792,440
12215661,2.01317,0.259652,442,183960,0.259407,0.33,1,113234,112792,442
12218341,5.20263,0.0519303,448,183960,0.283881,0.46,1,113240,112792,448
12221261,2.64053,8.81039,439,183960,0.256776,0.46,1,113242,112803,439
12224181,2.12811,1.76208,441,183960,0.219355,0.46,1,113244,112803,441
12226661,3.62562,0.352415,445,183960,0.187871,0.37,1,113248,112803,445
12229581,2.32512,5.67048,440,183960,0.301574,0.37,1,113250,112810,440
12231861,11.665,1.1341,454,183960,0.276315,0.46,1,113264,112810,454
12234781,3.933,13.8268,439,183960,0.239263,0.46,1,113266,112827,439
12237701,2.3866,2.76536,441,183960,0.191853,0.46,1,113268,112827,441
12240621,2.07732,0.553073,443,183960,0.206371,0.46,1,113270,112827,443
12242261,5.21546,0.110615,449,183960,0.153274,0.32,1,113276,112827,449
12245181,3.44309,7.22212,443,183960,0.0946548,0.32,1,113279,112836,443
12247461,2.28862,1.44442,445,183960,0.050931,0.4,1,113281,112836,445
12250381,2.05772,5.08889,441,183960,0.290186,0.4,1,113283,112842,441
12252241,1.21154,1.01778,442,183960,0.322037,0.41,1,113284,112842,442
12255161,6.64231,9.80356,438,183960,0.280407,0.41,1,113292,112854,438
12256821,3.72846,1.96071,441,183960,0.304081,0.41,1,113295,112854,441
12259741,2.34569,5.19214,437,183960,0.332816,0.41,1,113297,112860,437
12262021,7.66914,1.03843,446,183960,0.322563,0.36,1,113306,112860,446
12264941,3.93383,9.00769,438,183960,0.272513,0.36,1,113309,112871,438
12267861,2.38677,1.80154,440,183960,0.286503,0.36,1,113311,112871,440
12270781,2.07735,0.360307,442,183960,0.265301,0.36,1,113313,112871,442
12272421,1.21547,0.0720615,443,183960,0.33306,0.32,1,113314,112871,443
12275341,1.84309,5.61441,438,183960,0.322612,0.32,1,113316,112878,438
12277201,1.16862,1.12288,439,183960,0.304522,0.36,1,113317,112878,439
12280121,9.83372,11.4246,437,183960,0.372904,0.36,1,113329,112892,437
12283041,3.56674,2.28492,439,183960,0.354581,0.36,1,113331,112892,439
12285961,2.31335,0.456983,441,183960,0.310916,0.36,1,113333,112892,441
12287601,1.26267,0.0913966,442,183960,0.294183,0.38,1,113334,112892,442
12290521,6.65253,11.2183,436,183960,0.258837,0.38,1,113342,112906,436
12293441,2.93051,2.24366,438,183960,0.219767,0.38,1,113344,112906,438
12296361,2.1861,0.448731,440,183960,0.179953,0.38,1,113346,112906,440
12299041,2.03722,0.0897462,442,183960,0.307991,0.33,1,113348,112906,442
12301961,70.0074,76.818,433,183960,0.261598,0.33,1,113435,113002,433
12304881,15.6015,15.3636,435,183960,0.23632,0.33,1,113437,113002,435
12307801,4.7203,3.07272,437,183960,0.351264,0.33,1,113439,113002,437
12309441,1.74406,0.614544,438,183960,0.358253,0.33,1,113440,113002,438
12312361,13.1488,13.7229,437,183960,0.247651,0.33,1,113456,113019,437
12315061,10.6298,2.74458,447,183960,0.32953,0.33,1,113466,113019,447
12317141,23.726,8.54892,464,183960,0.353906,0.3,1,113493,113029,464
12318801,6.34519,26.5098,435,183960,0.334781,0.36,1,113495,113060,435
12321721,126.069,130.902,434,183960,0.418956,0.36,1,113651,113217,434
12324641,26.8138,26.1804,436,183960,0.427791,0.36,1,113653,113217,436
12327121,6.96276,5.23608,438,183960,0.389558,0.34,1,113655,113217,438
12330041,6.19255,9.04722,434,183960,0.421912,0.34,1,113661,113227,434
12332961,2.83851,1.80944,436,183960,0.396382,0.34,1,113663,113227,436
12335441,2.1677,0.361889,438,183960,0.359276,0.31,1,113665,113227,438
12338361,5.23354,9.67238,432,183960,0.383855,0.31,1,113671,113239,432
12341281,2.64671,1.93448,434,183960,0.356771,0.31,1,113673,113239,434
12344201,2.12934,0.386895,436,183960,0.327354,0.31,1,113675,113239,436
12345841,1.22587,0.077379,437,183960,0.305471,0.19,1,113676,113239,437
12348761,1.84517,4.81548,433,183960,0.429094,0.19,1,113678,113245,433
12351681,1.96903,0.963095,435,183960,0.445819,0.19,1,113680,113245,435
12354601,1.99381,0.192619,437,183960,0.433164,0.19,1,113682,113245,437
12356661,5.19876,0.0385238,443,183960,0.358633,0.35,1,113688,113245,443
12359581,2.63975,10.4077,432,183960,0.439727,0.35,1,113690,113258,432
12361861,10.928,2.08154,445,183960,0.351945,0.21,1,113703,113258,445
12364781,3.78559,11.6163,433,183960,0.422389,0.21,1,113705,113272,433
12367701,2.35712,2.32326,435,183960,0.444478,0.21,1,113707,113272,435
12370621,2.07142,0.464652,437,183960,0.440896,0.21,1,113709,113272,437
12372261,4.41428,0.0929304,442,183960,0.440179,0.1,1,113714,113272,442
12374341,2.48286,4.81859,438,183960,0.408036,0.33,1,113716,113278,438
12377261,2.09657,5.76372,434,183960,0.369607,0.33,1,113718,113284,434
12380181,2.01931,1.15274,436,183960,0.329921,0.33,1,113720,113284,436
12382661,3.60386,0.230549,440,183960,0.409984,0.36,1,113724,113284,440
12384741,6.32077,1.64611,445,183960,0.345997,0.24,1,113731,113286,445
12386821,3.66415,5.92922,441,183960,0.445199,0.38,1,113734,113293,441
12389741,2.33283,5.98584,437,183960,0.43304,0.38,1,113736,113299,437
12392021,8.46657,1.19717,447,183960,0.398608,0.31,1,113746,113299,447
12394941,3.29331,9.03943,438,183960,0.423722,0.31,1,113748,113310,438
12397221,2.25866,1.80789,440,183960,0.436744,0.3,1,113750,113310,440
12400141,2.05173,5.96158,435,183960,0.407349,0.3,1,113752,113317,435
12403061,2.01035,1.19232,437,183960,0.36947,0.3,1,113754,113317,437
12405981,2.00207,0.238463,439,183960,0.353894,0.3,1,113756,113317,439
12407621,6.00041,0.0476926,446,183960,0.294779,0.4,1,113763,113317,446
12409701,6.00008,8.80954,441,183960,0.346956,0.31,1,113769,113328,441
12412621,2.80002,8.96191,434,183960,0.365391,0.31,1,113771,113337,434
12415541,2.16,1.79238,436,183960,0.369078,0.31,1,113773,113337,436
12418461,2.032,0.358476,438,183960,0.337816,0.31,1,113775,113337,438
12420101,6.0064,0.0716953,445,183960,0.323563,0.34,1,113782,113337,445
12423021,2.80128,8.81434,436,183960,0.288713,0.34,1,113784,113348,436
12425941,2.16026,1.76287,438,183960,0.241743,0.34,1,113786,113348,438
12428421,4.43205,0.352574,443,183960,0.344348,0.33,1,113791,113348,443
12430081,2.48641,4.87051,439,183960,0.33287,0.3,1,113793,113354,439
12433001,71.6973,76.1741,434,183960,0.354574,0.3,1,113882,113448,434
12435921,15.9395,15.2348,436,183960,0.358915,0.3,1,113884,113448,436
12438841,4.78789,3.04696,438,183960,0.407783,0.3,1,113886,113448,438
12440481,1.75758,0.609393,439,183960,0.409557,0.37,1,113887,113448,439
12442561,11.5515,12.1219,438,183960,0.353911,0.34,1,113901,113463,438
12445481,7.1103,10.4244,434,183960,0.310782,0.34,1,113907,113473,434
12447141,27.0221,2.08487,466,183960,0.302156,0.22,1,113939,113473,466
12449841,7.80441,23.617,440,183960,0.372431,0.38,1,113942,113502,440
12452761,124.761,127.123,441,183960,0.346486,0.38,1,114096,113655,441
12455041,26.5522,25.4247,443,183960,0.309297,0.45,1,114098,113655,443
12457961,11.7104,13.8849,440,183960,0.269859,0.45,1,114106,113666,440
12460881,3.94209,2.77699,442,183960,0.221972,0.45,1,114108,113666,442
12463801,2.38842,0.555397,444,183960,0.268394,0.45,1,114110,113666,444
12466481,2.07768,0.111079,446,183960,0.277679,0.35,1,114112,113666,446
12468561,3.61554,5.62222,443,183960,0.311536,0.49,1,114116,113673,443
12471481,2.32311,5.92444,439,183960,0.286307,0.49,1,114118,113679,439
12474401,2.06462,1.18489,441,183960,0.257261,0.49,1,114120,113679,441
12477321,2.01292,0.236978,443,183960,0.219452,0.49,1,114122,113679,443
12478961,1.20258,0.0473955,444,183960,0.28389,0.4,1,114123,113679,444
12481881,6.64052,11.2095,438,183960,0.264778,0.4,1,114131,113693,438
12484801,2.9281,2.2419,440,183960,0.228956,0.4,1,114133,113693,440
12487721,2.18562,0.448379,442,183960,0.229791,0.4,1,114135,113693,442
12490401,2.03712,0.0896758,444,183960,0.229958,0.38,1,114137,113693,444
12493321,11.6074,15.2179,439,183960,0.293992,0.38,1,114151,113712,439
12496241,3.92148,3.04359,441,183960,0.298798,0.38,1,114153,113712,441
12499161,2.3843,0.608717,443,183960,0.26776,0.38,1,114155,113712,443
12500801,1.27686,0.121743,444,183960,0.245552,0.34,1,114156,113712,444
12503721,3.45537,7.22435,439,183960,0.32911,0.34,1,114160,113721,439
12506641,2.29107,1.44487,441,183960,0.313822,0.34,1,114162,113721,441
12509561,2.05821,0.288974,443,183960,0.278764,0.34,1,114164,113721,443
12511201,1.21164,0.0577948,444,183960,0.263753,0.37,1,114165,113721,444
12513281,6.64233,6.41156,444,183960,0.260751,0.45,1,114173,113729,444
12516201,4.52847,7.68231,440,183960,0.22815,0.45,1,114177,113737,440
12519121,2.50569,1.53646,442,183960,0.22963,0.45,1,114179,113737,442
12522021,8.50114,0.307292,452,183960,0.293926,0.38,1,114189,113737,452
12524941,3.30023,12.8615,438,183960,0.274785,0.38,1,114191,113753,438
12527861,2.26005,2.57229,440,183960,0.270957,0.38,1,114193,113753,440
12530781,2.05201,0.514458,442,183960,0.254191,0.38,1,114195,113753,442
12532421,6.0104,0.102892,449,183960,0.258838,0.4,1,114202,113753,449
12535341,2.80208,9.62058,439,183960,0.227768,0.4,1,114204,113765,439
12538241,2.16042,1.92412,441,183960,0.285554,0.37,1,114206,113765,441
12540321,2.03208,5.18482,437,183960,0.297111,0.33,1,114208,113771,437
12543241,5.20642,8.23696,434,183960,0.275422,0.33,1,114214,113780,434
12546161,4.24128,1.64739,438,183960,0.215084,0.33,1,114218,113780,438
12548641,3.24826,0.329479,441,183960,0.323017,0.25,1,114221,113780,441
12551561,2.24965,5.6659,436,183960,0.320603,0.25,1,114223,113787,436
12554481,2.04993,1.13318,438,183960,0.288121,0.25,1,114225,113787,438
12556961,2.00999,0.226636,440,183960,0.249624,0.39,1,114227,113787,440
12559881,10.802,11.2453,439,183960,0.153925,0.39,1,114240,113801,439
12562581,69.3604,2.24907,523,183960,0.294785,0.45,1,114324,113801,523
12565501,15.4721,67.6498,441,183960,0.290957,0.45,1,114326,113885,441
12567781,9.49442,13.53,449,183960,0.250191,0.37,1,114334,113885,449
12570701,3.49888,12.306,439,183960,0.210038,0.37,1,114336,113897,439
12572981,7.89978,2.4612,448,183960,0.234008,0.35,1,114345,113897,448
12575681,3.17996,9.29224,439,183960,0.294802,0.45,1,114347,113908,439
12578601,31.836,32.2584,440,183960,0.30696,0.45,1,114386,113946,440
12580881,8.7672,6.45169,443,183960,0.301392,0.28,1,114389,113946,443
12583801,123.353,128.49,436,183960,0.276278,0.28,1,114541,114105,436
12586081,26.2707,25.6981,438,183960,0.239256,0.28,1,114543,114105,438
12589001,6.85414,10.7396,433,183960,0.239851,0.28,1,114545,114112,433
12591921,2.97083,2.14792,435,183960,0.23997,0.28,1,114547,114112,435
12594401,2.19417,0.429584,437,183960,0.263994,0.3,1,114549,114112,437
12597321,3.63883,4.08592,436,183960,0.276799,0.3,1,114553,114117,436
12599601,2.32777,0.817183,438,183960,0.24736,0.26,1,114555,114117,438
12602521,6.86555,11.3634,432,183960,0.233472,0.26,1,114563,114131,432
12605441,2.97311,2.27269,434,183960,0.198694,0.26,1,114565,114131,434
12608361,2.19462,0.454537,436,183960,0.279739,0.26,1,114567,114131,436
12610001,1.23892,0.0909075,437,183960,0.271948,0.23,1,114568,114131,437
12612921,1.84778,4.81818,433,183960,0.27039,0.23,1,114570,114137,433
12615841,1.96956,0.963636,435,183960,0.270078,0.23,1,114572,114137,435
12618321,1.99391,0.192727,437,183960,0.246016,0.26,1,114574,114137,437
12621241,5.19878,7.23855,434,183960,0.233203,0.26,1,114580,114146,434
12622901,8.23976,1.44771,443,183960,0.246641,0.26,1,114589,114146,443
12625821,3.24795,7.48954,436,183960,0.217328,0.26,1,114591,114155,436
12628101,2.24959,1.49791,438,183960,0.299466,0.33,1,114593,114155,438
12631021,2.04992,5.09958,434,183960,0.283893,0.33,1,114595,114161,434
12633921,2.00998,1.01992,436,183960,0.248779,0.22,1,114597,114161,436
12636841,10.002,11.404,434,183960,0.241756,0.22,1,114609,114175,434
12639761,3.6004,2.2808,436,183960,0.248351,0.22,1,114611,114175,436
12642681,2.32008,0.456159,438,183960,0.24967,0.22,1,114613,114175,438
12644321,1.26402,0.0912318,439,183960,0.233934,0.36,1,114614,114175,439
12647241,4.2528,8.81825,433,183960,0.262787,0.36,1,114619,114186,433
12649521,2.45056,1.76365,435,183960,0.244557,0.25,1,114621,114186,435
12652441,5.29011,7.55273,432,183960,0.264911,0.25,1,114627,114195,432
12655361,2.65802,1.51055,434,183960,0.260982,0.25,1,114629,114195,434
12658281,2.1316,0.302109,436,183960,0.260196,0.25,1,114631,114195,436
12660341,8.42632,0.0604218,446,183960,0.164039,0.34,1,114641,114195,446
12663261,3.28526,12.0121,433,183960,0.120808,0.34,1,114643,114210,433
12666181,2.25705,2.40242,435,183960,0.232162,0.34,1,114645,114210,435
12669101,2.05141,0.480483,437,183960,0.262432,0.34,1,114647,114210,437
12671361,2.01028,0.0960967,439,183960,0.268486,0.2,1,114649,114210,439
12673441,2.80206,6.41922,434,183960,0.261697,0.24,1,114652,114218,434
12676361,9.36041,12.4838,431,183960,0.244339,0.24,1,114663,114232,431
12679281,3.47208,2.49677,433,183960,0.208868,0.24,1,114665,114232,433
12682201,2.29442,0.499354,435,183960,0.257774,0.24,1,114667,114232,435
12685121,2.05888,0.0998707,437,183960,0.235555,0.24,1,114669,114232,437
12688001,2.01178,0.0199741,439,183960,0.239111,0.34,1,114671,114232,439
12690081,4.40236,12.004,429,183960,0.231822,0.2,1,114676,114247,429
12693001,75.2805,73.6008,433,183960,0.310364,0.2,1,114769,114336,433
12695921,16.6561,14.7202,435,183960,0.286073,0.2,1,114771,114336,435
12698401,4.93122,2.94403,437,183960,0.249215,0.26,1,114773,114336,437
12701321,2.58624,3.78881,435,183960,0.217843,0.26,1,114775,114340,435
12702981,7.71725,0.757761,444,183960,0.211569,0.31,1,114784,114340,444
12705901,3.14345,8.15155,436,183960,0.178314,0.31,1,114786,114350,436
12708181,33.4287,1.63031,477,183960,0.259663,0.23,1,114827,114350,477
12711101,9.88574,36.3261,436,183960,0.259933,0.23,1,114831,114395,436
12713381,119.577,7.26521,583,183960,0.347987,0.26,1,114978,114395,583
12716301,25.5154,122.253,434,183960,0.373597,0.26,1,114980,114546,434
12719201,6.70309,24.4506,436,183960,0.346719,0.24,1,114982,114546,436
12722121,4.54062,12.0901,431,183960,0.341344,0.24,1,114986,114555,431
12725041,2.50812,2.41802,433,183960,0.300269,0.24,1,114988,114555,433
12727521,2.10162,0.483605,435,183960,0.260054,0.32,1,114990,114555,435
12730441,6.82033,8.89672,432,183960,0.348011,0.32,1,114998,114566,432
12733361,2.96406,1.77934,434,183960,0.333602,0.32,1,115000,114566,434
12735841,2.19281,0.355869,436,183960,0.29072,0.26,1,115002,114566,436
12738761,2.03856,5.67117,431,183960,0.290144,0.26,1,115004,114573,431
12741681,2.00771,1.13423,433,183960,0.290029,0.26,1,115006,114573,433
12744601,2.00154,0.226847,435,183960,0.370006,0.26,1,115008,114573,435
12746241,1.20031,0.0453694,436,183960,0.370001,0.22,1,115009,114573,436
12749161,6.64006,6.40907,436,183960,0.29,0.22,1,115017,114581,436
12751441,2.92801,1.28181,438,183960,0.242,0.28,1,115019,114581,438
12754361,6.9856,11.4564,432,183960,0.2724,0.28,1,115027,114595,432
12757281,2.99712,2.29127,434,183960,0.27848,0.28,1,115029,114595,434
12760181,6.99942,0.458254,442,183960,0.335696,0.27,1,115037,114595,442
12763101,2.99988,8.09165,434,183960,0.323139,0.27,1,115039,114605,434
12764961,1.39998,1.61833,435,183960,0.328628,0.23,1,115040,114605,435
12767881,3.48,7.52367,430,183960,0.305726,0.23,1,115044,114614,430
12770801,2.296,1.50473,432,183960,0.301145,0.23,1,115046,114614,432
12773281,2.0592,0.300947,434,183960,0.300229,0.25,1,115048,114614,434
12776201,5.21184,4.86019,434,183960,0.316046,0.25,1,115054,114620,434
12778901,6.64237,0.972038,441,183960,0.239209,0.22,1,115061,114620,441
12781821,3.72847,10.5944,431,183960,0.327842,0.22,1,115064,114633,431
12784741,2.34569,2.11888,433,183960,0.313568,0.22,1,115066,114633,433
12787661,2.06914,0.423776,435,183960,0.294714,0.22,1,115068,114633,435
12790341,6.81383,0.0847552,443,183960,0.314943,0.26,1,115076,114633,443
12793261,2.96277,15.217,426,183960,0.286989,0.26,1,115078,114652,426
12796181,2.19255,3.04339,428,183960,0.249398,0.26,1,115080,114652,428
12799101,2.03851,0.608678,430,183960,0.23388,0.26,1,115082,114652,430
12802021,2.0077,0.121736,432,183960,0.238776,0.26,1,115084,114652,432
12803861,10.0015,0.0243471,444,183960,0.295755,0.2,1,115096,114652,444
12806561,3.60031,10.4049,433,183960,0.275151,0.24,1,115098,114665,433
12809481,2.32006,6.88097,429,183960,0.27103,0.24,1,115100,114671,429
12812401,2.06401,1.37619,431,183960,0.238206,0.24,1,115102,114671,431
12815321,2.0128,0.275239,433,183960,0.199641,0.24,1,115104,114671,433
12817381,5.20256,0.0550478,439,183960,0.295928,0.24,1,115110,114671,439
12820301,2.64051,8.81101,430,183960,0.283186,0.24,1,115112,114682,430
12822581,77.3281,1.7622,526,183960,0.272637,0.3,1,115208,114682,526
12825501,17.0656,77.9524,431,183960,0.238527,0.3,1,115210,114779,431
12828421,5.01312,15.5905,433,183960,0.239705,0.3,1,115212,114779,433
12831341,2.60262,3.1181,435,183960,0.215941,0.3,1,115214,114779,435
12832981,7.72053,0.623619,444,183960,0.227188,0.28,1,115223,114779,444
12835901,3.1441,11.3247,432,183960,0.189438,0.28,1,115225,114793,432
12838181,33.4288,2.26494,473,183960,0.213888,0.35,1,115266,114793,473
12841101,8.28576,31.653,436,183960,0.250778,0.35,1,115268,114832,436
12843381,123.257,6.3306,588,183960,0.298156,0.32,1,115420,114832,588
12846301,26.2514,125.266,435,183960,0.275631,0.32,1,115422,114987,435
12849221,6.85029,25.0532,437,183960,0.239126,0.32,1,115424,114987,437
12852141,2.97006,5.01064,439,183960,0.223825,0.32,1,115426,114987,439
12853781,5.39401,1.00213,445,183960,0.204765,0.26,1,115432,114987,445
12856701,3.4788,7.40043,439,183960,0.160953,0.26,1,115435,114996,439
12858561,1.49576,1.48009,440,183960,0.136191,0.32,1,115436,114996,440
12861481,1.89915,4.29602,437,183960,0.187238,0.32,1,115438,115001,437
12863761,1.97983,0.859203,439,183960,0.325448,0.37,1,115440,115001,439
12866681,1.99597,6.57184,433,183960,0.32109,0.37,1,115442,115009,433
12869601,1.99919,1.31437,435,183960,0.320218,0.37,1,115444,115009,435
12872521,1.99984,0.262874,437,183960,0.288044,0.37,1,115446,115009,437
12875201,1.99997,0.0525747,439,183960,0.241609,0.36,1,115448,115009,439
12877281,3.59999,3.21051,439,183960,0.288322,0.38,1,115452,115013,439
12880201,3.92,7.0421,435,183960,0.313664,0.38,1,115456,115021,435
12882481,2.384,1.40842,437,183960,0.278733,0.28,1,115458,115021,437
12884561,7.6768,6.68168,438,183960,0.287747,0.32,1,115467,115029,438
12887481,7.93536,9.33634,436,183960,0.225549,0.32,1,115475,115039,436
12890401,3.18707,1.86727,438,183960,0.18111,0.32,1,115477,115039,438
12892261,4.63741,0.373453,443,183960,0.180222,0.34,1,115482,115039,443
12895181,2.52748,9.67469,433,183960,0.308044,0.34,1,115484,115051,433
12898101,2.1055,1.93494,435,183960,0.301609,0.34,1,115486,115051,435
12901021,2.0211,0.386988,437,183960,0.276322,0.34,1,115488,115051,437
12903941,2.00422,0.0773975,439,183960,0.271264,0.34,1,115490,115051,439
12905781,2.80084,0.0154795,442,183960,0.318253,0.24,1,115493,115051,442
12907861,2.96017,5.6031,438,183960,0.287651,0.37,1,115496,115058,438
12909521,2.19203,5.12062,435,183960,0.24153,0.32,1,115498,115063,435
12912441,10.0384,11.4241,434,183960,0.192306,0.32,1,115510,115076,434
12915361,3.60768,2.28482,436,183960,0.174461,0.32,1,115512,115076,436
12917841,2.32154,0.456965,438,183960,0.170892,0.24,1,115514,115076,438
12920761,2.06431,6.49139,432,183960,0.274178,0.24,1,115516,115084,432
12923681,2.01286,1.29828,434,183960,0.342836,0.24,1,115518,115084,434
12926601,2.00257,0.259656,436,183960,0.324567,0.24,1,115520,115084,436
12929281,2.00051,0.0519311,438,183960,0.296913,0.33,1,115522,115084,438
12932201,5.2001,8.81039,433,183960,0.283383,0.33,1,115528,115095,433
12933861,7.44002,1.76208,441,183960,0.280677,0.23,1,115536,115095,441
12936781,3.088,5.95242,436,183960,0.256135,0.23,1,115538,115102,436
12939681,2.2176,1.19048,438,183960,0.251227,0.32,1,115540,115102,438
12942601,6.84352,10.6381,433,183960,0.186245,0.32,1,115548,115115,433
12945521,2.9687,2.12762,435,183960,0.149249,0.32,1,115550,115115,435
12948441,2.19374,0.425524,437,183960,0.10985,0.32,1,115552,115115,437
12951121,2.03875,0.0851048,439,183960,0.29397,0.34,1,115554,115115,439
12954041,75.6078,80.017,433,183960,0.322794,0.34,1,115648,115215,433
12956961,16.7215,16.0034,435,183960,0.288559,0.34,1,115650,115215,435
12959881,4.94431,3.20068,437,183960,0.281712,0.34,1,115652,115215,437
12961521,1.78886,0.640136,438,183960,0.264342,0.36,1,115653,115215,438
12964441,3.55777,8.92803,431,183960,0.268868,0.36,1,115657,115226,431
12966721,2.31155,1.78561,433,183960,0.301774,0.26,1,115659,115226,433
12968801,31.6623,33.9571,430,183960,0.308355,0.2,1,115698,115268,430
12971721,14.3325,12.3914,433,183960,0.333671,0.2,1,115708,115275,433
12973381,124.466,2.47828,585,183960,0.322734,0.26,1,115860,115275,585
12976301,27.2933,123.696,434,183960,0.296547,0.26,1,115863,115429,434
12979221,7.05866,24.7391,436,183960,0.283309,0.26,1,115865,115429,436
12982141,3.01173,4.94783,438,183960,0.280662,0.26,1,115867,115429,438
12983781,3.00235,0.989565,441,183960,0.240132,0.36,1,115870,115429,441
12986701,2.20047,8.99791,432,183960,0.200026,0.36,1,115872,115440,432
12989621,2.04009,1.79958,434,183960,0.192005,0.36,1,115874,115440,434
12991681,2.00802,0.359916,436,183960,0.166401,0.29,1,115876,115440,436
12994601,2.0016,4.07198,433,183960,0.22528,0.29,1,115878,115445,433
12997521,2.00032,0.814397,435,183960,0.357056,0.29,1,115880,115445,435
13000001,2.00006,0.162879,437,183960,0.359411,0.27,1,115882,115445,437
13002921,5.20001,6.43258,435,183960,0.359882,0.27,1,115888,115453,435
13005841,2.64,1.28652,437,183960,0.327976,0.27,1,115890,115453,437
13008321,2.128,0.257303,439,183960,0.297595,0.27,1,115892,115453,439
13011241,2.0256,5.65146,434,183960,0.331519,0.27,1,115894,115460,434
13013521,2.00512,1.13029,436,183960,0.338304,0.28,1,115896,115460,436
13015601,5.20102,9.02606,431,183960,0.267661,0.18,1,115902,115471,431
13018521,13.0402,10.6052,435,183960,0.317532,0.18,1,115917,115482,435
13020801,4.20804,2.12104,437,183960,0.295506,0.27,1,115919,115482,437
13023721,2.44161,6.82421,431,183960,0.283101,0.27,1,115921,115490,431
13026641,2.08832,1.36484,433,183960,0.24862,0.27,1,115923,115490,433
13029561,2.01766,0.272968,435,183960,0.353724,0.27,1,115925,115490,435
13031201,1.20353,0.0545937,436,183960,0.390745,0.25,1,115926,115490,436
13034121,6.64071,11.2109,430,183960,0.334149,0.25,1,115934,115504,430
13037041,2.92814,2.24218,432,183960,0.30683,0.25,1,115936,115504,432
13039961,2.18563,0.448437,434,183960,0.269366,0.25,1,115938,115504,434
13042021,8.43713,0.0896873,444,183960,0.317873,0.32,1,115948,115504,444
13044941,3.28743,8.81794,435,183960,0.295575,0.32,1,115950,115515,435
13047861,2.25748,1.76359,437,183960,0.299115,0.32,1,115952,115515,437
13050341,2.0515,0.352717,439,183960,0.275823,0.29,1,115954,115515,439
13053261,2.0103,5.67054,434,183960,0.311165,0.29,1,115956,115522,434
13056181,2.00206,1.13411,436,183960,0.278233,0.29,1,115958,115522,436
13058661,5.20041,0.226822,442,183960,0.191647,0.31,1,115964,115522,442
13061581,2.64008,8.84536,433,183960,0.142329,0.31,1,115966,115533,433
13063861,2.92802,1.76907,436,183960,0.268466,0.26,1,115969,115533,436
13066781,3.7856,8.35381,430,183960,0.357693,0.26,1,115973,115543,430
13069701,3.95712,1.67076,434,183960,0.311539,0.26,1,115977,115543,434
13072181,8.79142,0.334153,444,183960,0.214308,0.12,1,115987,115543,444
13075101,3.35828,6.46683,438,183960,0.154862,0.12,1,115989,115551,438
13077381,2.27166,1.29337,440,183960,0.110972,0.31,1,115991,115551,440
13080301,2.05433,5.85867,435,183960,0.158194,0.31,1,115993,115558,435
13082161,1.21087,1.17173,436,183960,0.183639,0.26,1,115994,115558,436
13085081,74.6422,76.2343,434,183960,0.244728,0.26,1,116087,115653,434
13088001,16.5284,15.2469,436,183960,0.256946,0.26,1,116089,115653,436
13090481,4.90569,3.04937,438,183960,0.259389,0.34,1,116091,115653,438
13093401,5.78114,10.2099,432,183960,0.299878,0.34,1,116097,115665,432
13096321,2.75623,2.04197,434,183960,0.275976,0.34,1,116099,115665,434
13099221,30.9512,0.408395,472,183960,0.335195,0.39,1,116137,115665,472
13101301,15.7902,32.0817,444,183960,0.307039,0.35,1,116149,115705,444
13103381,126.358,15.2163,587,183960,0.229408,0.25,1,116303,115716,587
13106301,27.6716,125.443,437,183960,0.277882,0.25,1,116306,115869,437
13109221,7.13432,25.0887,439,183960,0.255576,0.25,1,116308,115869,439
13112141,3.02686,5.01773,441,183960,0.227115,0.25,1,116310,115869,441
13113781,1.40537,1.00355,442,183960,0.205423,0.18,1,116311,115869,442
13116701,1.88107,5.00071,438,183960,0.225085,0.18,1,116313,115875,438
13119621,1.97621,1.00014,440,183960,0.229017,0.18,1,116315,115875,440
13122101,1.99524,0.200028,442,183960,0.197803,0.36,1,116317,115875,442
13125021,1.99905,5.64001,437,183960,0.159561,0.36,1,116319,115882,437
13127921,1.99981,1.128,439,183960,0.119912,0.34,1,116321,115882,439
13130841,5.19996,11.4256,431,183960,0.0559824,0.34,1,116327,115896,431
13133761,2.63999,2.28512,433,183960,0.211196,0.34,1,116329,115896,433
13136681,2.128,0.457024,435,183960,0.218239,0.34,1,116331,115896,435
13139601,2.0256,0.0914048,437,183960,0.219648,0.34,1,116333,115896,437
13141441,1.20512,0.018281,438,183960,0.20393,0.3,1,116334,115896,438
13144361,5.04102,3.20366,440,183960,0.224786,0.3,1,116340,115900,440
13146021,3.4082,0.640731,443,183960,0.188957,0.35,1,116343,115900,443
13148101,11.0816,7.32815,447,183960,0.221791,0.24,1,116356,115909,447
13151021,3.81633,12.6656,435,183960,0.228358,0.24,1,116358,115923,435
13153921,2.36327,2.53313,437,183960,0.197672,0.27,1,116360,115923,437
13156841,5.27265,7.70663,434,183960,0.175534,0.27,1,116366,115932,434
13159761,2.65453,1.54132,436,183960,0.147107,0.27,1,116368,115932,436
13162241,2.13091,0.308265,438,183960,0.109421,0.27,1,116370,115932,438
13165161,3.62618,4.06165,437,183960,0.285884,0.27,1,116374,115937,437
13167441,2.32524,0.812331,439,183960,0.321177,0.31,1,116376,115937,439
13170361,3.66505,5.76247,436,183960,0.288235,0.31,1,116380,115944,436
13172021,3.93301,1.15249,440,183960,0.217647,0.32,1,116384,115944,440
13174941,3.9866,9.8305,432,183960,0.171529,0.32,1,116388,115956,432
13177861,3.19732,1.9661,435,183960,0.234306,0.32,1,116391,115956,435
13180781,2.23946,0.39322,437,183960,0.270861,0.32,1,116393,115956,437
13182421,1.24789,0.078644,438,183960,0.262172,0.25,1,116394,115956,438
13185341,1.84958,2.41573,437,183960,0.236434,0.25,1,116396,115959,437
13187201,1.16992,0.483146,438,183960,0.215287,0.4,1,116397,115959,438
13190121,5.03398,10.4966,431,183960,0.155057,0.4,1,116403,115972,431
13193041,2.6068,2.09933,433,183960,0.239011,0.4,1,116405,115972,433
13195941,8.52136,0.419865,443,183960,0.319802,0.19,1,116415,115972,443
13198861,3.30427,12.084,430,183960,0.30396,0.19,1,116417,115987,430
13200721,1.46085,2.41679,431,183960,0.276792,0.17,1,116418,115987,431
13203641,3.49217,5.28336,429,183960,0.199358,0.17,1,116422,115993,429
13206561,3.89843,1.05667,433,183960,0.239872,0.17,1,116426,115993,433
13209461,4.77969,0.211334,438,183960,0.239974,0.17,1,116431,115993,438
13212381,2.55594,5.64227,433,183960,0.239995,0.17,1,116433,116000,433
13214661,72.5112,1.12845,523,183960,0.247999,0.28,1,116523,116000,523
13217581,16.1022,72.2257,435,183960,0.2256,0.28,1,116525,116090,435
13219861,9.62045,14.4451,443,183960,0.18912,0.27,1,116533,116090,443
13222781,3.52409,10.089,436,183960,0.149824,0.27,1,116535,116099,436
13225061,3.90482,2.01781,440,183960,0.237965,0.35,1,116539,116099,440
13226721,1.58096,8.40356,431,183960,0.239593,0.3,1,116540,116109,431
13229641,36.3162,33.6807,436,183960,0.247919,0.3,1,116585,116149,436
13231301,8.06324,6.73614,437,183960,0.257584,0.33,1,116586,116149,437
13233381,124.813,4.54723,587,183960,0.267517,0.19,1,116740,116153,587
13236301,26.5625,132.109,425,183960,0.229503,0.19,1,116742,116317,425
13239221,6.91251,26.4219,427,183960,0.189901,0.19,1,116744,116317,427
13242141,2.9825,5.28438,429,183960,0.23798,0.19,1,116746,116317,429
13245061,2.1965,1.05688,431,183960,0.255596,0.19,1,116748,116317,431
13247981,2.0393,0.211375,433,183960,0.227119,0.19,1,116750,116317,433
13250641,2.00786,0.042275,435,183960,0.229424,0.07,1,116752,116317,435
13253561,5.20157,6.40846,433,183960,0.157885,0.07,1,116758,116325,433
13256481,2.64031,1.28169,435,183960,0.119577,0.07,1,116760,116325,435
13258961,2.12806,0.256338,437,183960,0.231915,0.2,1,116762,116325,437
13261881,2.02561,7.25127,430,183960,0.214383,0.2,1,116764,116334,430
13264801,2.00512,1.45025,432,183960,0.218877,0.2,1,116766,116334,432
13267721,2.00102,0.290051,434,183960,0.219775,0.2,1,116768,116334,434
13270401,2.0002,0.0580101,436,183960,0.187955,0.23,1,116770,116334,436
13272481,5.20004,4.8116,436,183960,0.197591,0.3,1,116776,116340,436
13275401,5.84001,8.96232,432,183960,0.103518,0.3,1,116782,116350,432
13278101,6.768,1.79246,439,183960,0.228704,0.21,1,116789,116350,439
13281021,4.5536,9.95849,431,183960,0.221741,0.21,1,116793,116362,431
13283941,4.11072,1.9917,435,183960,0.228348,0.21,1,116797,116362,435
13286421,5.62214,0.39834,441,183960,0.21367,0.14,1,116803,116362,441
13288501,4.32443,4.87967,439,183960,0.146734,0.31,1,116807,116368,439
13291421,2.46489,9.77593,430,183960,0.101347,0.31,1,116809,116379,430
13294341,2.09298,1.95519,432,183960,0.228269,0.31,1,116811,116379,432
13297261,2.0186,0.391037,434,183960,0.253654,0.31,1,116813,116379,434
13299941,6.80372,0.0782075,442,183960,0.258731,0.28,1,116821,116379,442
13302861,2.96074,11.2156,430,183960,0.227746,0.28,1,116823,116393,430
13305781,2.19215,2.24313,432,183960,0.181549,0.28,1,116825,116393,432
13308701,2.03843,0.448626,434,183960,0.19631,0.28,1,116827,116393,434
13310341,6.00769,0.0897251,441,183960,0.191262,0.27,1,116834,116393,441
13313261,2.80154,8.81795,432,183960,0.206252,0.27,1,116836,116404,432
13316181,2.16031,1.76359,434,183960,0.17725,0.27,1,116838,116404,434
13319101,2.03206,0.352718,436,183960,0.14745,0.27,1,116840,116404,436
13321781,8.40641,0.0705435,446,183960,0.16549,0.3,1,116850,116404,446
13324701,3.28128,10.4141,435,183960,0.137098,0.3,1,116852,116417,435
13326561,1.45626,2.08282,436,183960,0.11542,0.26,1,116853,116417,436
13329481,5.09125,10.8166,429,183960,0.143084,0.26,1,116859,116430,429
13332401,2.61825,2.16331,431,183960,0.156617,0.26,1,116861,116430,431
13335321,2.12365,0.432663,433,183960,0.127323,0.26,1,116863,116430,433
13336961,1.22473,0.0865325,434,183960,0.193465,0.27,1,116864,116430,434
13339881,6.64495,9.61731,430,183960,0.190693,0.27,1,116872,116442,430
13342801,2.92899,1.92346,432,183960,0.270139,0.27,1,116874,116442,432
13344661,72.5858,0.384692,522,183960,0.246028,0.16,1,116964,116442,522
13347581,16.1172,73.6769,432,183960,0.217206,0.16,1,116966,116534,432
13350481,4.82343,14.7354,434,183960,0.179441,0.27,1,116968,116534,434
13353401,8.96469,11.7471,433,183960,0.195888,0.27,1,116978,116545,433
13356321,3.39294,2.34942,435,183960,0.167178,0.27,1,116980,116545,435
13359221,35.8786,0.469883,479,183960,0.0894355,0.37,1,117024,116545,479
13361921,8.77572,39.294,432,183960,0.0418871,0.22,1,117026,116594,432
13364841,122.555,132.659,427,183960,0.136377,0.22,1,117177,116750,427
13367761,26.111,26.5318,429,183960,0.179275,0.22,1,117179,116750,429
13370681,6.82221,5.30635,431,183960,0.195855,0.22,1,117181,116750,431
13373601,2.96444,1.06127,433,183960,0.167171,0.22,1,117183,116750,433
13375441,1.39289,0.212254,434,183960,0.145434,0.28,1,117184,116750,434
13378361,5.07858,8.84245,429,183960,0.173087,0.28,1,117190,116761,429
13381281,2.61572,1.76849,431,183960,0.146617,0.28,1,117192,116761,431
13384201,2.12314,0.353698,433,183960,0.133323,0.28,1,117194,116761,433
13386881,2.02463,0.0707396,435,183960,0.130665,0.29,1,117196,116761,435
13389801,3.60493,8.81415,428,183960,0.242133,0.29,1,117200,116772,428
13392721,2.32099,1.76283,430,183960,0.240427,0.29,1,117202,116772,430
13395641,2.0642,0.352566,432,183960,0.208085,0.29,1,117204,116772,432
13398561,2.01284,0.0705132,434,183960,0.257617,0.29,1,117206,116772,434
13401441,2.00257,0.0141026,436,183960,0.235523,0.29,1,117208,116772,436
13404361,8.40051,10.4028,433,183960,0.0951047,0.29,1,117218,116785,433
13407061,4.8801,2.08056,437,183960,0.227021,0.26,1,117222,116785,437
13408721,1.77602,5.21611,432,183960,0.237404,0.22,1,117223,116791,432
13411641,6.7552,8.24322,431,183960,0.247481,0.22,1,117231,116800,431
13414561,2.95104,1.64864,433,183960,0.249496,0.22,1,117233,116800,433
13416421,6.19021,0.329729,440,183960,0.193899,0.28,1,117240,116800,440
13419341,2.83804,8.06595,432,183960,0.23078,0.28,1,117242,116810,432
13422241,2.16761,1.61319,434,183960,0.206156,0.23,1,117244,116810,434
13425161,2.03352,5.12264,430,183960,0.265231,0.23,1,117246,116816,430
13427441,2.0067,1.02453,432,183960,0.277046,0.22,1,117248,116816,432
13430361,5.20134,5.80491,431,183960,0.215409,0.22,1,117254,116823,431
13432021,5.04027,1.16098,436,183960,0.139082,0.2,1,117259,116823,436
13434941,3.40805,6.6322,431,183960,0.107816,0.2,1,117262,116831,431
13437861,2.28161,1.32644,433,183960,0.221563,0.2,1,117264,116831,433
13440341,5.25632,0.265288,439,183960,0.180313,0.23,1,117270,116831,439
13443261,2.65126,11.2531,427,183960,0.172063,0.23,1,117272,116845,427
13446181,2.13025,2.25061,429,183960,0.210413,0.23,1,117274,116845,429
13449101,2.02605,0.450122,431,183960,0.186082,0.23,1,117276,116845,431
13450741,7.60521,0.0900244,440,183960,0.149217,0.16,1,117285,116845,440
13453661,3.12104,12.818,426,183960,0.157843,0.16,1,117287,116861,426
13456581,2.22421,2.5636,428,183960,0.159569,0.16,1,117289,116861,428
13459501,2.04484,0.51272,430,183960,0.135914,0.16,1,117291,116861,430
13461141,4.40897,0.102544,435,183960,0.227183,0.12,1,117296,116861,435
13462801,1.68179,1.62051,434,183960,0.229437,0.24,1,117297,116863,434
13465721,8.33636,11.5241,430,183960,0.133887,0.24,1,117307,116877,430
13468641,3.26727,2.30482,432,183960,0.154777,0.24,1,117309,116877,432
13471561,2.25345,0.460964,434,183960,0.270955,0.24,1,117311,116877,434
13473201,1.25069,0.0921928,435,183960,0.278191,0.13,1,117312,116877,435
13476121,71.4501,74.4184,431,183960,0.255638,0.13,1,117401,116970,431
13479041,15.89,14.8837,433,183960,0.283128,0.13,1,117403,116970,433
13481521,4.77801,2.97674,435,183960,0.280626,0.15,1,117405,116970,435
13484441,5.7556,15.7953,422,183960,0.224125,0.15,1,117411,116989,422
13486721,2.75112,3.15907,424,183960,0.300825,0.22,1,117413,116989,424
13489641,46.1502,42.2318,429,183960,0.340165,0.22,1,117470,117041,429
13492561,10.83,8.44636,431,183960,0.364033,0.22,1,117472,117041,431
13494421,114.966,1.68927,572,183960,0.304807,0.25,1,117613,117041,572
13497341,24.5932,116.338,429,183960,0.260961,0.25,1,117615,117186,429
13500261,6.51864,23.2676,431,183960,0.228192,0.25,1,117617,117186,431
13503181,2.90373,4.65351,433,183960,0.245638,0.25,1,117619,117186,433
13506101,2.18075,0.930703,435,183960,0.217128,0.25,1,117621,117186,435
13507941,2.83615,0.186141,438,183960,0.195426,0.15,1,117624,117186,438
13510861,2.16723,7.23723,431,183960,0.151085,0.15,1,117626,117195,431
13513781,2.03345,1.44745,433,183960,0.310217,0.15,1,117628,117195,433
13516261,3.60669,0.289489,437,183960,0.286043,0.23,1,117632,117195,437
13519181,2.32134,10.4579,426,183960,0.281209,0.23,1,117634,117208,426
13522101,2.06427,2.09158,428,183960,0.248242,0.23,1,117636,117208,428
13525021,2.01285,0.418316,430,183960,0.329648,0.23,1,117638,117208,430
13527941,2.00257,0.0836632,432,183960,0.38593,0.23,1,117640,117208,432
13530821,8.40051,0.0167326,442,183960,0.365186,0.06,1,117650,117208,442
13532481,2.4801,8.00335,433,183960,0.345037,0.26,1,117651,117218,433
13534561,3.69602,4.80067,433,185420,0.309007,0.27,1,117655,117222,433
13537481,2.3392,5.76013,429,185420,0.349801,0.27,1,117657,117228,429
13539761,2.06784,1.15203,431,185420,0.35796,0.23,1,117659,117228,431
13542681,8.41357,5.03041,435,185420,0.263592,0.23,1,117669,117234,435
13544961,3.28271,1.00608,437,185420,0.324718,0.22,1,117671,117234,437
13547881,7.05654,15.4012,426,185420,0.248944,0.22,1,117679,117253,426
13550801,3.01131,3.08024,428,185420,0.233789,0.22,1,117681,117253,428
13553721,2.20226,0.616049,430,185420,0.198758,0.22,1,117683,117253,430
13556641,2.04045,0.12321,432,185420,0.335752,0.22,1,117685,117253,432
13558481,1.20809,0.0246419,433,185420,0.34715,0.27,1,117686,117253,433
13561401,5.04162,8.00493,429,185420,0.28543,0.27,1,117692,117263,429
13564321,2.60832,1.60099,431,185420,0.249086,0.27,1,117694,117263,431
13567221,5.32166,0.320197,437,185420,0.201817,0.17,1,117700,117263,437
13570141,2.66433,7.26404,430,185420,0.160363,0.17,1,117702,117272,430
13572421,5.33287,1.45281,436,185420,0.248073,0.16,1,117708,117272,436
13575341,2.66657,9.89056,426,185420,0.297615,0.16,1,117710,117284,426
13578261,2.13331,1.97811,428,185420,0.299523,0.16,1,117712,117284,428
13580741,6.82666,0.395622,436,185420,0.315905,0.16,1,117720,117284,436
13583661,2.96533,4.07912,433,185420,0.287181,0.16,1,117722,117289,433
13585941,7.79307,0.815825,442,185420,0.169436,0.24,1,117731,117289,442
13588861,3.15861,8.96317,433,185420,0.209887,0.24,1,117733,117300,433
13591781,2.23172,1.79263,435,185420,0.185977,0.24,1,117735,117300,435
13593841,2.04634,0.358527,437,185420,0.149195,0.3,1,117737,117300,437
13596761,8.40927,13.6717,430,185420,0.325839,0.3,1,117747,117317,430
13599681,3.28185,2.73434,432,185420,0.353168,0.3,1,117749,117317,432
13602601,2.25637,0.546868,434,185420,0.326634,0.3,1,117751,117317,434
13604241,1.25127,0.109374,435,185420,0.329327,0.29,1,117752,117317,435
13607161,76.2503,78.4219,432,185420,0.265865,0.29,1,117847,117415,432
13610081,16.8501,15.6844,434,185420,0.221173,0.29,1,117849,117415,434
13613001,4.97001,3.13687,436,185420,0.220235,0.29,1,117851,117415,436
13615921,2.594,0.627375,438,185420,0.348047,0.29,1,117853,117415,438
13617761,1.3188,0.125475,439,185420,0.357609,0.38,1,117854,117415,439
13620681,44.2638,47.2251,435,185420,0.215522,0.38,1,117909,117474,435
13622961,10.4528,9.44502,437,185420,0.307104,0.24,1,117911,117474,437
13625881,110.891,115.489,431,185420,0.333421,0.24,1,118047,117616,431
13628161,25.3781,23.0978,435,185420,0.274684,0.14,1,118051,117616,435
13631081,12.2756,12.6196,434,185420,0.206937,0.14,1,118060,117626,434
13634001,4.05512,2.52391,436,185420,0.153387,0.14,1,118062,117626,436
13636921,2.41102,0.504782,438,185420,0.166677,0.14,1,118064,117626,438
13638561,1.2822,0.100956,439,185420,0.217335,0.33,1,118065,117626,439
13641481,1.85644,2.42019,438,185420,0.315467,0.33,1,118067,117629,438
13644401,1.97129,0.484038,440,185420,0.327093,0.33,1,118069,117629,440
13646261,2.79426,0.0968076,443,185420,0.289419,0.35,1,118072,117629,443
13649181,2.15885,7.21936,436,185420,0.257884,0.35,1,118074,117638,436
13652101,2.03177,1.44387,438,185420,0.331577,0.35,1,118076,117638,438
13654581,4.40635,0.288774,443,185420,0.378315,0.34,1,118081,117638,443
13657501,3.28127,5.65775,439,185420,0.339663,0.34,1,118084,117645,439
13659781,7.05625,1.13155,447,185420,0.323933,0.36,1,118092,117645,447
13662701,3.01125,11.4263,435,185420,0.288787,0.36,1,118094,117659,435
13665621,2.20225,2.28526,437,185420,0.353757,0.36,1,118096,117659,437
13667681,2.04045,0.457052,439,185420,0.366751,0.33,1,118098,117659,439
13670601,2.00809,4.09141,436,185420,0.36135,0.33,1,118100,117664,436
13672261,3.60162,0.818282,440,185420,0.33627,0.3,1,118104,117664,440
13675181,3.12032,7.36366,434,185420,0.291254,0.3,1,118107,117673,434
13677461,11.8241,1.47273,448,185420,0.266251,0.27,1,118121,117673,448
13680381,3.96481,15.4945,431,185420,0.22925,0.27,1,118123,117692,431
13683301,2.39296,3.09891,433,185420,0.25385,0.27,1,118125,117692,433
13686221,2.07859,0.619782,435,185420,0.25877,0.27,1,118127,117692,435
13689141,2.01572,0.123956,437,185420,0.219754,0.27,1,118129,117692,437
13690981,2.80314,0.0247913,440,185420,0.195951,0.18,1,118132,117692,440
13693901,2.16063,4.80496,436,185420,0.27919,0.18,1,118134,117698,436
13696181,3.63213,0.960992,440,185420,0.239838,0.15,1,118138,117698,440
13697841,1.52643,3.3922,437,185420,0.223968,0.33,1,118139,117702,437
13700761,5.10529,6.27844,436,185420,0.332794,0.33,1,118145,117709,436
13703041,2.62106,1.25569,438,185420,0.322559,0.28,1,118147,117709,438
13705961,3.72421,10.6511,429,185420,0.248512,0.28,1,118151,117722,429
13708881,2.34484,2.13023,431,185420,0.201702,0.28,1,118153,117722,431
13711361,2.06897,0.426045,433,185420,0.26434,0.22,1,118155,117722,433
13714281,2.01379,4.08521,430,185420,0.268868,0.22,1,118157,117727,430
13715941,10.0028,0.817042,442,185420,0.237774,0.24,1,118169,117727,442
13718021,3.60055,4.16341,439,185420,0.239555,0.16,1,118171,117732,439
13720941,2.32011,4.03268,437,185420,0.215911,0.16,1,118173,117736,437
13722801,1.26402,0.806536,438,185420,0.195182,0.36,1,118174,117736,438
13724881,3.4528,4.16131,437,185420,0.247036,0.36,1,118178,117741,437
13726961,5.49056,7.23226,435,185420,0.193407,0.34,1,118184,117749,435
13729881,5.89811,7.04645,434,185420,0.214681,0.34,1,118190,117756,434
13732801,2.77962,1.40929,436,185420,0.194936,0.34,1,118192,117756,436
13735281,2.15592,0.281858,438,185420,0.230987,0.35,1,118194,117756,438
13738201,76.4312,80.8564,432,185420,0.262197,0.35,1,118289,117857,432
13741121,16.8862,16.1713,434,185420,0.260439,0.35,1,118291,117857,434
13744041,4.97725,3.23425,436,185420,0.228088,0.35,1,118293,117857,436
13746961,2.59545,0.646851,438,185420,0.221618,0.35,1,118295,117857,438
13748801,1.31909,0.12937,439,185420,0.204324,0.32,1,118296,117857,439
13751721,45.8638,47.2259,437,185420,0.208865,0.32,1,118353,117916,437
13754001,10.7728,9.44517,439,185420,0.297773,0.31,1,118355,117916,439
13756921,106.155,112.289,431,185420,0.339555,0.31,1,118485,118054,431
13759201,22.8309,22.4578,433,185420,0.339911,0.23,1,118487,118054,433
13762121,14.9662,13.2916,435,185420,0.251982,0.23,1,118500,118065,435
13765041,4.59324,2.65831,437,185420,0.194396,0.23,1,118502,118065,437
13767521,2.51865,0.531662,439,185420,0.246879,0.32,1,118504,118065,439
13770441,3.70373,4.10633,438,185420,0.273376,0.32,1,118508,118070,438
13773361,2.34075,0.821266,440,185420,0.246675,0.32,1,118510,118070,440
13776261,2.06815,0.164253,442,185420,0.217335,0.37,1,118512,118070,442
13779181,2.01363,4.03285,439,185420,0.227467,0.37,1,118514,118075,439
13781461,5.20273,0.80657,445,185420,0.261493,0.37,1,118520,118075,445
13784381,2.64055,8.16131,437,185420,0.244299,0.37,1,118522,118085,437
13787301,2.12811,1.63226,439,185420,0.20886,0.37,1,118524,118085,439
13789781,9.22562,0.326453,450,185420,0.289772,0.33,1,118535,118085,450
13792701,4.24512,15.2653,434,185420,0.289954,0.33,1,118538,118104,434
13795621,2.44902,3.05306,436,185420,0.289991,0.33,1,118540,118104,436
13798541,2.0898,0.610612,438,185420,0.297998,0.33,1,118542,118104,438
13800801,2.01796,0.122122,440,185420,0.3396,0.2,1,118544,118104,440
13803721,2.00359,7.22442,433,185420,0.31592,0.2,1,118546,118113,433
13806001,2.00072,1.44488,435,185420,0.335184,0.23,1,118548,118113,435
13808921,10.8001,13.889,431,185420,0.283037,0.23,1,118561,118130,431
13811841,3.76003,2.7778,433,185420,0.272607,0.23,1,118563,118130,433
13814761,2.35201,0.555559,435,185420,0.302521,0.23,1,118565,118130,435
13817681,2.0704,0.111112,437,185420,0.276504,0.23,1,118567,118130,437
13819521,1.21408,0.0222224,438,185420,0.311301,0.32,1,118568,118130,438
13821601,3.44282,2.40444,439,185420,0.25426,0.4,1,118572,118133,439
13824521,3.88856,8.48089,433,185420,0.242852,0.4,1,118576,118143,433
13827441,2.37771,1.69618,435,185420,0.20857,0.4,1,118578,118143,435
13830341,6.07554,0.339236,442,185420,0.313714,0.28,1,118585,118143,442
13833261,2.81511,9.66785,432,185420,0.334743,0.28,1,118587,118155,432
13836181,2.16302,1.93357,434,185420,0.306949,0.28,1,118589,118155,434
13839101,2.0326,0.386714,436,185420,0.27739,0.28,1,118591,118155,436
13840741,6.00652,0.0773428,443,185420,0.215478,0.3,1,118598,118155,443
13843661,2.8013,8.81547,434,185420,0.219096,0.3,1,118600,118166,434
13845941,2.16026,1.76309,436,185420,0.179819,0.21,1,118602,118166,436
13848641,2.03205,5.95262,431,185420,0.171964,0.29,1,118604,118173,431
13851561,12.4064,11.5905,433,185420,0.274393,0.29,1,118619,118186,433
13854481,4.08128,2.3181,435,185420,0.262879,0.29,1,118621,118186,435
13857401,2.41626,0.463621,437,185420,0.308576,0.29,1,118623,118186,437
13859461,5.28325,0.0927242,443,185420,0.229715,0.32,1,118629,118186,443
13862381,2.65665,8.81855,434,185420,0.213943,0.32,1,118631,118197,434
13865301,2.13133,1.76371,436,185420,0.290789,0.32,1,118633,118197,436
13867781,75.6263,0.352742,530,185420,0.322158,0.34,1,118727,118197,530
13870701,17.5253,80.8706,432,185420,0.288432,0.34,1,118730,118298,432
13873621,5.10505,16.1741,434,185420,0.257686,0.34,1,118732,118298,434
13876541,2.62101,3.23482,436,185420,0.259537,0.34,1,118734,118298,436
13879461,2.1242,0.646964,438,185420,0.227907,0.34,1,118736,118298,438
13881301,46.8248,0.129393,496,185420,0.253581,0.32,1,118794,118298,496
13884221,10.965,52.8259,432,185420,0.378716,0.32,1,118796,118364,432
13886501,107.793,10.5652,564,185420,0.395743,0.26,1,118928,118364,564
13889421,23.1586,106.913,435,185420,0.359149,0.26,1,118930,118495,435
13891701,11.0317,21.3826,443,185420,0.31183,0.31,1,118938,118495,443
13894621,3.80634,12.2765,435,185420,0.270366,0.31,1,118940,118505,435
13897541,2.36127,2.4553,437,185420,0.318073,0.31,1,118942,118505,437
13900021,3.67225,0.491061,441,185420,0.295615,0.23,1,118946,118505,441
13902941,2.33445,7.29821,434,185420,0.259123,0.23,1,118948,118514,434
13905861,2.06689,1.45964,436,185420,0.235825,0.23,1,118950,118514,436
13908341,5.21338,0.291928,442,185420,0.271165,0.2,1,118956,118514,442
13911261,2.64268,8.05839,434,185420,0.342233,0.2,1,118958,118524,434
13914181,2.12854,1.61168,436,185420,0.324447,0.2,1,118960,118524,436
13916661,6.82571,0.322335,444,185420,0.392889,0.25,1,118968,118524,444
13918321,2.16514,6.46447,437,185420,0.390578,0.29,1,118969,118532,437
13920401,3.63303,4.49289,437,185420,0.374116,0.33,1,118973,118536,437
13923321,3.92661,8.09858,432,185420,0.370823,0.33,1,118977,118545,432
13926241,2.38532,1.61972,434,185420,0.402165,0.33,1,118979,118545,434
13929161,2.07706,0.323943,436,185420,0.408433,0.33,1,118981,118545,436
13931841,2.01541,0.0647886,438,185420,0.377687,0.25,1,118983,118545,438
13934761,5.20308,6.41296,436,185420,0.371537,0.25,1,118989,118553,436
13937041,2.64062,1.28259,438,185420,0.338307,0.24,1,118991,118553,438
13939961,10.1281,15.4565,431,185420,0.323662,0.24,1,119003,118572,431
13942881,3.62562,3.0913,433,185420,0.344732,0.24,1,119005,118572,433
13945801,2.32512,0.618261,435,185420,0.308946,0.24,1,119007,118572,435
13948721,2.06502,0.123652,437,185420,0.269789,0.24,1,119009,118572,437
13950561,1.213,0.0247304,438,185420,0.245958,0.24,1,119010,118572,438
13952641,3.4426,3.20495,438,185420,0.217192,0.18,1,119014,118576,438
13955561,2.28852,4.64099,435,185420,0.187438,0.18,1,119016,118581,435
13957841,2.0577,0.928198,437,185420,0.269488,0.28,1,119018,118581,437
13960761,6.81154,10.5856,432,185420,0.333898,0.28,1,119026,118594,432
13963681,2.96231,2.11713,434,185420,0.31478,0.28,1,119028,118594,434
13966601,2.19246,0.423426,436,185420,0.278956,0.28,1,119030,118594,436
13969281,2.03849,0.0846851,438,185420,0.231791,0.17,1,119032,118594,438
13972201,3.6077,8.01694,432,185420,0.286358,0.17,1,119036,118604,432
13975121,2.32154,1.60339,434,185420,0.289272,0.17,1,119038,118604,434
13978021,7.66431,0.320677,443,185420,0.257854,0.24,1,119047,118604,443
13979681,3.13286,5.66414,438,185420,0.235571,0.28,1,119049,118611,438
13981761,2.22657,8.33283,431,185420,0.199114,0.21,1,119051,118620,431
13984681,10.0453,10.4666,432,185420,0.215823,0.21,1,119063,118631,432
13987601,3.60906,2.09331,434,185420,0.187165,0.21,1,119065,118631,434
13990081,2.32181,0.418663,436,185420,0.229433,0.25,1,119067,118631,436
13993001,5.26436,12.0837,427,185420,0.197887,0.25,1,119073,118646,427
13995921,2.65287,2.41675,429,185420,0.263577,0.25,1,119075,118646,429
13997781,75.7306,0.483349,523,185420,0.252715,0.24,1,119169,118646,523
14000701,16.7461,71.2967,436,185420,0.218543,0.24,1,119171,118735,436
14003621,4.94922,14.2593,438,185420,0.195709,0.24,1,119173,118735,438
14006541,2.58984,2.85187,440,185420,0.215142,0.24,1,119175,118735,440
14008181,7.71797,0.570373,449,185420,0.235028,0.38,1,119184,118735,449
14009841,2.34359,8.91407,439,185420,0.223006,0.33,1,119185,118746,439
14012761,47.6687,50.5828,437,185420,0.348601,0.33,1,119244,118807,437
14015041,11.9337,10.1166,440,185420,0.36572,0.26,1,119247,118807,440
14017961,103.987,108.423,434,185420,0.337144,0.26,1,119374,118940,434
14020881,22.3973,21.6847,436,185420,0.299429,0.26,1,119376,118940,436
14023781,10.0795,4.33693,443,185420,0.347886,0.29,1,119383,118940,443
14026701,4.41589,5.66739,440,185420,0.309577,0.29,1,119386,118946,440
14028561,1.68318,1.13348,441,185420,0.293915,0.38,1,119387,118946,441
14031481,5.13664,9.0267,436,185420,0.298783,0.38,1,119393,118957,436
14034401,2.62733,1.80534,438,185420,0.259757,0.38,1,119395,118957,438
14037321,2.12547,0.361068,440,185420,0.219951,0.38,1,119397,118957,440
14038961,1.22509,0.0722136,441,185420,0.19599,0.42,1,119398,118957,441
14041881,6.64502,8.01444,439,185420,0.271198,0.42,1,119406,118967,439
14044801,2.929,1.60289,441,185420,0.31824,0.42,1,119408,118967,441
14046661,3.7858,0.320578,445,185420,0.295648,0.38,1,119412,118967,445
14049581,3.15716,5.66412,441,185420,0.30713,0.38,1,119415,118974,441
14051441,1.43143,1.13282,442,185420,0.293426,0.37,1,119416,118974,442
14054361,1.88629,7.42656,435,185420,0.338685,0.37,1,119418,118983,435
14057281,1.97726,1.48531,437,185420,0.315737,0.37,1,119420,118983,437
14059761,1.99545,0.297063,439,185420,0.319147,0.42,1,119422,118983,439
14062681,5.19909,3.25941,441,185420,0.271829,0.42,1,119428,118987,441
14064341,1.83982,0.651882,442,185420,0.246366,0.4,1,119429,118987,442
14067261,1.96796,4.93038,438,185420,0.345273,0.4,1,119431,118993,438
14069541,10.7936,0.986075,451,185420,0.333055,0.21,1,119444,118993,451
14072461,3.75872,16.9972,432,185420,0.298611,0.21,1,119446,119014,432
14075381,2.35174,3.39944,434,185420,0.259722,0.21,1,119448,119014,434
14078301,2.07035,0.679889,436,185420,0.291944,0.21,1,119450,119014,436
14081221,2.01407,0.135978,438,185420,0.282389,0.21,1,119452,119014,438
14083061,1.20281,0.0271955,439,185420,0.408478,0.23,1,119453,119014,439
14085981,1.84056,6.40544,433,185420,0.401696,0.23,1,119455,119022,433
14088881,1.96811,1.28109,435,185420,0.360339,0.34,1,119457,119022,435
14091801,6.79362,9.85622,431,185420,0.280068,0.34,1,119465,119034,431
14094721,2.95872,1.97124,433,185420,0.248014,0.34,1,119467,119034,433
14097641,2.19174,0.394249,435,185420,0.393603,0.34,1,119469,119034,435
14100321,2.03835,0.0788497,437,185420,0.414721,0.23,1,119471,119034,437
14103241,2.00767,5.61577,432,185420,0.386944,0.23,1,119473,119041,432
14105521,2.00153,1.12315,434,185420,0.365389,0.24,1,119475,119041,434
14108441,5.20031,5.82463,433,185420,0.329078,0.24,1,119481,119048,433
14110101,7.44006,1.16493,441,185420,0.345816,0.29,1,119489,119048,441
14112801,3.08801,9.03299,432,185420,0.325163,0.22,1,119491,119059,432
14115721,9.4176,9.0066,434,185420,0.361033,0.22,1,119502,119068,434
14118641,3.48352,1.80132,436,185420,0.368207,0.22,1,119504,119068,436
14121121,2.2967,0.360264,438,185420,0.329641,0.24,1,119506,119068,438
14124041,6.85934,7.27205,437,185420,0.369928,0.24,1,119514,119077,437
14126321,2.97187,1.45441,439,185420,0.345986,0.21,1,119516,119077,439
14129241,76.5944,79.4909,435,185420,0.373197,0.21,1,119611,119176,435
14132161,16.9189,15.8982,437,185420,0.354639,0.21,1,119613,119176,437
14135081,4.98377,3.17964,439,185420,0.318928,0.21,1,119615,119176,439
14136721,1.79675,0.635927,440,185420,0.303786,0.39,1,119616,119176,440
14139641,5.95935,8.12719,437,185420,0.284757,0.39,1,119623,119186,437
14142341,57.1919,1.62544,507,185420,0.392951,0.27,1,119693,119186,507
14145261,13.0384,57.9251,437,185420,0.42259,0.27,1,119695,119258,437
14147541,97.0077,11.585,555,185420,0.268518,0.29,1,119813,119258,555
14150461,21.0015,99.117,436,185420,0.197704,0.29,1,119815,119379,436
14152741,9.00031,19.8234,442,185420,0.319541,0.31,1,119821,119379,442
14155661,3.40006,12.7647,433,185420,0.351908,0.31,1,119823,119390,433
14158581,2.28001,2.55294,435,185420,0.326382,0.31,1,119825,119390,435
14161061,6.856,0.510587,443,185420,0.337276,0.21,1,119833,119390,443
14163981,2.9712,5.70212,438,185420,0.419455,0.21,1,119835,119397,438
14166261,6.99424,1.14042,446,185420,0.395891,0.35,1,119843,119397,446
14169181,2.99885,8.22808,438,185420,0.351178,0.35,1,119845,119407,438
14172081,2.19977,1.64562,440,185420,0.310236,0.31,1,119847,119407,440
14175001,5.23995,10.7291,433,185420,0.382047,0.31,1,119853,119420,433
14177921,2.64799,2.14582,435,185420,0.364409,0.31,1,119855,119420,435
14180841,2.1296,0.429165,437,185420,0.320882,0.31,1,119857,119420,437
14183761,2.02592,0.085833,439,185420,0.312176,0.31,1,119859,119420,439
14186021,2.80518,0.0171666,442,185420,0.382435,0.33,1,119862,119420,442
14188941,2.96104,3.20343,441,185420,0.356487,0.33,1,119865,119424,441
14190801,1.39221,0.640687,442,185420,0.327297,0.41,1,119866,119424,442
14193721,5.07844,11.3281,434,185420,0.321459,0.41,1,119872,119438,434
14196641,2.61569,2.26563,436,185420,0.368292,0.41,1,119874,119438,436
14199541,9.32314,0.453125,447,185420,0.329658,0.25,1,119885,119438,447
14202461,3.46463,8.09063,439,185420,0.289932,0.25,1,119887,119448,439
14204741,2.29293,1.61812,441,185420,0.249986,0.4,1,119889,119448,441
14207661,2.05859,8.32362,433,185420,0.329997,0.4,1,119891,119458,433
14210581,2.01172,1.66472,435,185420,0.313999,0.4,1,119893,119458,435
14213501,2.00234,0.332945,437,185420,0.2628,0.4,1,119895,119458,437
14216421,2.00047,0.066589,439,185420,0.22056,0.4,1,119897,119458,439
14219341,2.00009,0.0133178,441,185420,0.308112,0.4,1,119899,119458,441
14221381,5.20002,0.00266356,447,185420,0.237622,0.44,1,119905,119458,447
14224301,2.64,8.00053,439,185420,0.335524,0.44,1,119907,119468,439
14226581,3.728,1.60011,443,185420,0.299105,0.4,1,119911,119468,443
14229501,2.3456,3.52002,441,185420,0.291821,0.4,1,119913,119472,441
14231361,1.26912,0.704004,442,185420,0.362364,0.32,1,119914,119472,442
14234281,1.85382,4.1408,439,185420,0.336473,0.32,1,119916,119477,439
14236561,1.97076,0.82816,441,185420,0.299295,0.39,1,119918,119477,441
14238641,3.59415,8.16563,435,185420,0.251859,0.37,1,119922,119487,435
14241561,16.7188,13.6331,440,185420,0.226372,0.37,1,119942,119502,440
14243841,4.94377,2.72663,442,185420,0.365274,0.4,1,119944,119502,442
14246761,4.18875,6.14532,439,185420,0.361055,0.4,1,119948,119509,439
14249681,2.43775,1.22906,441,185420,0.328211,0.4,1,119950,119509,441
14252161,2.08755,0.245813,443,185420,0.361642,0.45,1,119952,119509,443
14255081,5.21751,10.4492,436,185420,0.312328,0.45,1,119958,119522,436
14257361,2.6435,2.08983,438,185420,0.342466,0.36,1,119960,119522,438
14260281,77.3287,78.018,437,185420,0.260493,0.36,1,120056,119619,437
14263201,17.0657,15.6036,439,185420,0.220099,0.36,1,120058,119619,439
14266121,5.01315,3.12072,441,185420,0.21202,0.36,1,120060,119619,441
14267761,1.80263,0.624144,442,185420,0.194404,0.4,1,120061,119619,442
14269841,11.5605,11.3248,442,185420,0.206881,0.37,1,120075,119633,442
14272761,51.9121,54.265,439,185420,0.297376,0.37,1,120137,119698,439
14275681,11.9824,10.853,441,185420,0.347475,0.37,1,120139,119698,441
14277541,98.3965,2.1706,561,185420,0.101495,0.34,1,120259,119698,561
14280461,21.2793,101.234,437,185420,0.204299,0.34,1,120261,119824,437
14283381,5.85586,20.2468,439,185420,0.26486,0.34,1,120263,119824,439
14286301,2.77117,4.04936,441,185420,0.244972,0.34,1,120265,119824,441
14287941,2.95423,0.809873,444,185420,0.288994,0.38,1,120268,119824,444
14289601,1.39085,5.76197,438,185420,0.313799,0.4,1,120269,119831,438
14292521,9.87817,9.15239,440,185420,0.27876,0.4,1,120281,119841,440
14294801,3.57563,1.83048,442,185420,0.239752,0.44,1,120283,119841,442
14297721,5.51513,8.3661,438,185420,0.27195,0.44,1,120289,119851,438
14300641,2.70303,1.67322,440,185420,0.24639,0.44,1,120291,119851,440
14303121,2.14061,0.334644,442,185420,0.265278,0.33,1,120293,119851,442
14306041,2.02812,5.66693,437,185420,0.229056,0.33,1,120295,119858,437
14308961,2.00562,1.13339,439,185420,0.221811,0.33,1,120297,119858,439
14311441,2.00112,0.226677,441,185420,0.228362,0.4,1,120299,119858,441
14314361,3.60022,3.24534,441,185420,0.261672,0.4,1,120303,119862,441
14316021,1.52004,0.649067,442,185420,0.276334,0.32,1,120304,119862,442
14318941,1.90401,3.32981,440,185420,0.247267,0.32,1,120306,119866,440
14321221,5.9808,0.665963,447,185420,0.225453,0.39,1,120313,119866,447
14324141,3.59616,10.5332,437,185420,0.205091,0.39,1,120316,119879,437
14327041,2.31923,2.10664,439,185420,0.177018,0.25,1,120318,119879,439
14329961,7.66385,13.2213,432,185420,0.259404,0.25,1,120327,119895,432
14332881,3.13277,2.64427,434,185420,0.243881,0.25,1,120329,119895,434
14335801,2.22655,0.528853,436,185420,0.208776,0.25,1,120331,119895,436
14338721,2.04531,0.105771,438,185420,0.169755,0.25,1,120333,119895,438
14341601,2.00906,0.0211541,440,185420,0.129951,0.26,1,120335,119895,440
14344521,3.60181,6.40423,436,185420,0.13799,0.26,1,120339,119903,436
14347441,2.32036,1.28085,438,185420,0.107598,0.26,1,120341,119903,438
14349921,2.06407,0.256169,440,185420,0.24552,0.38,1,120343,119903,440
14352841,3.61281,8.85123,433,185420,0.249104,0.38,1,120347,119914,433
14355761,2.32256,1.77025,435,185420,0.217821,0.38,1,120349,119914,435
14358681,2.06451,0.354049,437,185420,0.179564,0.38,1,120351,119914,437
14360321,1.2129,0.0708099,438,185420,0.163913,0.36,1,120352,119914,438
14363241,5.04258,8.81416,433,185420,0.256783,0.36,1,120358,119925,433
14366161,2.60852,1.76283,435,185420,0.243357,0.36,1,120360,119925,435
14369081,2.1217,0.352566,437,185420,0.208671,0.36,1,120362,119925,437
14371141,17.2243,0.0705133,458,185420,0.185734,0.34,1,120383,119925,458
14374061,5.04487,19.2141,436,185420,0.181147,0.34,1,120385,119949,436
14376961,2.60897,3.84282,438,185420,0.276229,0.26,1,120387,119949,438
14379881,6.92179,12.7686,431,185420,0.271246,0.26,1,120395,119964,431
14382801,2.98436,2.55371,433,185420,0.238249,0.26,1,120397,119964,433
14385721,2.19687,0.510743,435,185420,0.23165,0.26,1,120399,119964,435
14388401,2.03937,0.102148,437,185420,0.28633,0.3,1,120401,119964,437
14391321,78.8079,82.4204,432,185420,0.225266,0.3,1,120499,120067,432
14394241,17.3616,16.4841,434,185420,0.181053,0.3,1,120501,120067,434
14397161,5.07231,3.29682,436,185420,0.140211,0.3,1,120503,120067,436
14398801,1.81446,0.659363,437,185420,0.148042,0.36,1,120504,120067,437
14400881,11.5629,10.5319,438,185420,0.221608,0.32,1,120518,120080,438
14403801,47.1126,50.9064,433,185420,0.140322,0.32,1,120574,120141,433
14406081,11.0225,10.1813,435,185420,0.0920643,0.3,1,120576,120141,435
14409001,100.605,103.636,431,185420,0.266413,0.3,1,120699,120268,431
14411921,21.7209,20.7272,433,185420,0.269283,0.3,1,120701,120268,433
14414841,5.94418,4.14545,435,185420,0.253857,0.3,1,120703,120268,435
14416481,1.98884,0.82909,436,185420,0.226771,0.19,1,120704,120268,436
14419401,5.19777,5.76582,435,185420,0.245354,0.19,1,120710,120275,435
14422101,5.83955,1.15316,441,185420,0.161071,0.25,1,120716,120275,441
14424181,5.96791,5.83063,440,185420,0.224214,0.29,1,120722,120282,440
14427101,2.79358,9.16613,432,185420,0.244843,0.29,1,120724,120292,432
14430021,2.15872,1.83323,434,185420,0.248969,0.29,1,120726,120292,434
14432501,3.63174,0.366645,438,185420,0.273794,0.25,1,120730,120292,438
14435421,2.32635,4.87333,434,185420,0.278759,0.25,1,120732,120298,434
14438341,2.06527,0.974666,436,185420,0.239752,0.25,1,120734,120298,436
14440821,6.81305,0.194933,444,185420,0.20795,0.24,1,120742,120298,444
14443741,2.96261,11.239,432,185420,0.16159,0.24,1,120744,120312,432
14446661,2.19252,2.2478,434,185420,0.128318,0.24,1,120746,120312,434
14449581,2.0385,0.449559,436,185420,0.121664,0.24,1,120748,120312,436
14451221,2.8077,0.0899119,439,185420,0.104333,0.3,1,120751,120312,439
14454141,2.16154,11.218,427,185420,0.148867,0.3,1,120753,120326,427
14457061,2.03231,2.2436,429,185420,0.245773,0.3,1,120755,120326,429
14459541,2.80646,0.448719,432,185420,0.225155,0.2,1,120758,120326,432
14462461,3.76129,4.08974,431,185420,0.173031,0.2,1,120762,120331,431
14464741,7.15226,0.817949,439,185420,0.178606,0.24,1,120770,120331,439
14467661,3.03045,11.3636,427,185420,0.171721,0.24,1,120772,120345,427
14470581,2.20609,2.27272,429,185420,0.194344,0.24,1,120774,120345,429
14473501,2.04122,0.454544,431,185420,0.166869,0.24,1,120776,120345,431
14476421,2.00824,0.0909087,433,185420,0.129374,0.24,1,120778,120345,433
14479341,2.00165,0.0181817,435,185420,0.241875,0.24,1,120780,120345,435
14480961,1.20033,0.00363635,436,185420,0.256375,0.16,1,120781,120345,436
14483881,1.84007,5.60073,431,185420,0.227275,0.16,1,120783,120352,431
14486801,1.96801,1.12015,433,185420,0.197455,0.16,1,120785,120352,433
14489281,1.9936,0.224029,435,185420,0.159491,0.26,1,120787,120352,435
14492201,6.79872,5.64481,436,185420,0.207898,0.26,1,120795,120359,436
14494901,2.95974,1.12896,438,185420,0.18558,0.27,1,120797,120359,438
14497821,2.19195,4.22579,435,185420,0.269116,0.27,1,120799,120364,435
14499681,1.23839,0.845158,436,185420,0.301823,0.26,1,120800,120364,436
14502601,18.6477,20.169,434,185420,0.252365,0.26,1,120823,120389,434
14505521,5.32954,4.03381,436,185420,0.234473,0.26,1,120825,120389,436
14508001,2.66591,0.806761,438,185420,0.198895,0.32,1,120827,120389,438
14510921,5.33318,8.96135,433,185420,0.223779,0.32,1,120833,120400,433
14513841,2.66664,1.79227,435,185420,0.196756,0.32,1,120835,120400,435
14516321,2.13333,0.358454,437,185420,0.167351,0.32,1,120837,120400,437
14519241,12.4267,11.2717,438,185420,0.20147,0.32,1,120852,120414,438
14520901,67.2853,2.25434,519,185420,0.272294,0.17,1,120933,120414,519
14523821,15.0571,73.2509,430,185420,0.286459,0.17,1,120935,120505,430
14526741,4.61141,14.6502,432,185420,0.257292,0.17,1,120937,120505,432
14529661,2.52228,2.93003,434,185420,0.235458,0.17,1,120939,120505,434
14531301,14.9045,0.586007,452,185420,0.135092,0.25,1,120957,120505,452
14533381,48.5809,18.5172,486,185420,0.275018,0.2,1,121014,120528,486
14536301,11.3162,49.3034,431,185420,0.295004,0.2,1,121016,120585,431
14538581,98.2632,9.86069,551,185420,0.163001,0.24,1,121136,120585,551
14541501,21.2526,99.5721,431,185420,0.1366,0.24,1,121138,120707,431
14544421,5.85053,19.9144,433,185420,0.27532,0.24,1,121140,120707,433
14547341,2.77011,3.98288,435,185420,0.263064,0.24,1,121142,120707,435
14548981,6.95402,0.796577,443,185420,0.276613,0.29,1,121150,120707,443
14551901,3.7908,8.95932,435,185420,0.231323,0.29,1,121153,120718,435
14554181,3.95816,1.79186,439,185420,0.254265,0.28,1,121157,120718,439
14557101,2.39163,9.95837,429,185420,0.258853,0.28,1,121159,120730,429
14560021,2.07833,1.99167,431,185420,0.227771,0.28,1,121161,120730,431
14562501,8.41567,0.398335,441,185420,0.197554,0.15,1,121171,120730,441
14565421,3.28313,11.2797,429,185420,0.279511,0.15,1,121173,120744,429
14568341,2.25663,2.25593,431,185420,0.303902,0.15,1,121175,120744,431
14571261,2.05133,0.451187,433,185420,0.30878,0.15,1,121177,120744,433
14572901,2.81027,0.0902373,436,185420,0.301756,0.27,1,121180,120744,436
14575821,2.16205,8.81805,427,185420,0.268351,0.27,1,121182,120755,427
14578741,2.03241,1.76361,429,185420,0.25367,0.27,1,121184,120755,429
14581661,2.00648,0.352722,431,185420,0.218734,0.27,1,121186,120755,431
14584581,2.0013,0.0705444,433,185420,0.179747,0.27,1,121188,120755,433
14586421,2.80026,0.0141089,436,185420,0.163949,0.16,1,121191,120755,436
14589341,2.16005,5.60282,431,185420,0.24879,0.16,1,121193,120762,431
14591621,7.63201,1.12056,440,185420,0.169758,0.2,1,121202,120762,440
14593281,3.1264,5.82411,435,185420,0.273952,0.26,1,121204,120769,435
14596201,2.22528,10.7648,425,185420,0.26279,0.26,1,121206,120781,425
14599121,2.04506,2.15296,427,185420,0.220558,0.26,1,121208,120781,427
14602041,2.00901,0.430593,429,185420,0.228112,0.26,1,121210,120781,429
14604961,2.0018,0.0861186,431,185420,0.197622,0.26,1,121212,120781,431
14607881,2.00036,0.0172237,433,185420,0.247524,0.26,1,121214,120781,433
14609921,2.00007,0.00344474,435,185420,0.225505,0.13,1,121216,120781,435
14612841,2.00001,5.60069,430,185420,0.189101,0.13,1,121218,120788,430
14615761,2,1.12014,432,185420,0.14182,0.13,1,121220,120788,432
14618681,2,0.224028,434,185420,0.108364,0.13,1,121222,120788,434
14620321,1.2,0.0448055,435,185420,0.0856728,0.27,1,121223,120788,435
14623241,5.04,11.209,427,185420,0.217135,0.27,1,121229,120802,427
14626161,2.608,2.24179,429,185420,0.211427,0.27,1,121231,120802,429
14629081,2.1216,0.448358,431,185420,0.290285,0.27,1,121233,120802,431
14630721,1.22432,0.0896717,432,185420,0.290057,0.19,1,121234,120802,432
14633641,21.8449,26.4179,426,185420,0.266011,0.19,1,121261,120835,426
14636561,5.96897,5.28359,428,185420,0.237202,0.19,1,121263,120835,428
14639481,2.79379,1.05672,430,185420,0.23144,0.19,1,121265,120835,430
14641121,1.35876,0.211343,431,185420,0.222288,0.12,1,121266,120835,431
14644041,6.67175,7.24227,430,185420,0.236458,0.12,1,121274,120844,430
14646961,2.93435,1.44845,432,185420,0.215292,0.12,1,121276,120844,432
14648821,6.98687,0.289691,440,185420,0.315058,0.19,1,121284,120844,440
14650901,73.3974,7.25794,521,185420,0.279012,0.24,1,121374,120853,521
14653821,16.2795,76.6516,429,185420,0.239802,0.24,1,121376,120947,429
14656741,4.85589,15.3303,431,185420,0.28796,0.24,1,121378,120947,431
14659661,2.57118,3.06606,433,185420,0.265592,0.24,1,121380,120947,433
14661301,13.3142,0.613213,449,185420,0.213118,0.36,1,121396,120947,449
14663381,50.6628,12.1226,494,185420,0.290624,0.21,1,121456,120962,494
14666301,11.7326,53.6245,432,185420,0.274125,0.21,1,121458,121026,432
14668581,93.5465,10.7249,546,185420,0.318825,0.34,1,121572,121026,546
14671501,20.3093,92.545,435,185420,0.287765,0.34,1,121574,121139,435
14673781,5.66186,18.509,437,185420,0.281553,0.24,1,121576,121139,437
14676701,2.73237,6.9018,435,185420,0.288311,0.24,1,121578,121143,435
14678981,6.14647,1.38036,442,185420,0.273662,0.24,1,121585,121143,442
14681061,6.82929,7.47607,440,185420,0.238732,0.28,1,121592,121152,440
14683981,2.96586,9.49521,432,185420,0.351746,0.28,1,121594,121162,432
14686901,2.19317,1.89904,434,185420,0.374349,0.28,1,121596,121162,434
14689821,2.03863,0.379809,436,185420,0.34687,0.28,1,121598,121162,436
14692501,6.80773,0.0759617,444,185420,0.269374,0.32,1,121606,121162,444
14694581,4.56155,8.01519,438,185420,0.269875,0.28,1,121610,121172,438
14697501,2.51231,8.80304,431,185420,0.269975,0.28,1,121612,121181,431
14700421,2.10246,1.76061,433,185420,0.261995,0.28,1,121614,121181,433
14703341,2.02049,0.352122,435,185420,0.260399,0.28,1,121616,121181,435
14704981,3.6041,0.0704243,439,185420,0.31608,0.27,1,121620,121181,439
14707901,2.32082,9.61409,429,185420,0.295216,0.27,1,121622,121193,429
14710821,2.06416,1.92282,431,185420,0.267043,0.27,1,121624,121193,431
14713741,2.01283,0.384563,433,185420,0.293409,0.27,1,121626,121193,433
14716661,2.00257,0.0769127,435,185420,0.266682,0.27,1,121628,121193,435
14718501,5.20051,0.0153825,441,185420,0.165336,0.32,1,121634,121193,441
14721421,2.6401,8.00308,433,185420,0.233067,0.32,1,121636,121203,433
14723701,5.32802,1.60062,439,185420,0.310613,0.26,1,121642,121203,439
14726621,2.6656,9.12012,430,185420,0.334123,0.26,1,121644,121214,430
14729541,2.13312,1.82402,432,185420,0.306825,0.26,1,121646,121214,432
14732461,2.02662,0.364805,434,185420,0.269365,0.26,1,121648,121214,434
14735381,2.00532,0.072961,436,185420,0.245873,0.26,1,121650,121214,436
14737221,1.20106,0.0145922,437,185420,0.225175,0.1,1,121651,121214,437
14740141,1.84021,6.40292,431,185420,0.245035,0.1,1,121653,121222,431
14743061,1.96804,1.28058,433,185420,0.249007,0.1,1,121655,121222,433
14745981,1.99361,0.256117,435,185420,0.217801,0.1,1,121657,121222,435
14747621,2.79872,0.0512233,438,185420,0.34756,0.25,1,121660,121222,438
14750541,2.15974,5.61024,433,185420,0.341512,0.25,1,121662,121229,433
14752821,2.03195,1.12205,435,185420,0.316302,0.31,1,121664,121229,435
14755741,2.00639,3.42441,433,185420,0.27926,0.31,1,121666,121233,433
14758021,5.20128,0.684882,439,185420,0.223852,0.28,1,121672,121233,439
14760941,2.64026,8.13698,431,185420,0.34877,0.28,1,121674,121243,431
14763221,22.1281,1.6274,458,185420,0.229754,0.35,1,121701,121243,458
14766141,6.02561,21.1255,434,185420,0.333951,0.35,1,121703,121269,434
14769061,2.80512,4.2251,436,185420,0.33079,0.35,1,121705,121269,436
14771981,2.16102,0.845019,438,185420,0.330158,0.35,1,121707,121269,438
14773621,6.0322,0.169004,445,185420,0.266032,0.37,1,121714,121269,445
14776541,2.80644,8.0338,437,185420,0.341206,0.37,1,121716,121279,437
14778821,2.16129,1.60676,439,185420,0.324241,0.3,1,121718,121279,439
14780901,79.6323,7.52135,529,185420,0.328848,0.28,1,121817,121288,529
14783821,17.5265,80.7043,432,185420,0.32977,0.28,1,121819,121387,432
14786741,5.10529,16.1409,434,185420,0.305954,0.28,1,121821,121387,434
14789661,2.62106,3.22817,436,185420,0.293191,0.28,1,121823,121387,436
14791301,14.9242,0.645634,454,185420,0.338638,0.37,1,121841,121387,454
14793381,46.9848,14.5291,491,185420,0.267728,0.33,1,121896,121405,491
14796301,10.997,49.3058,435,185420,0.213546,0.33,1,121898,121463,435
14798581,96.5994,9.86116,553,185420,0.226709,0.3,1,122016,121463,553
14801501,20.9199,97.9722,435,185420,0.293342,0.3,1,122018,121583,435
14804421,5.78398,19.5944,437,185420,0.282668,0.3,1,122020,121583,437
14807341,2.7568,3.91889,439,185420,0.248534,0.3,1,122022,121583,439
14808981,2.95136,0.783778,442,185420,0.321707,0.21,1,122025,121583,442
14811061,3.79027,4.15676,441,185420,0.296341,0.38,1,122029,121588,441
14813981,2.35805,7.23135,435,185420,0.259268,0.38,1,122031,121596,435
14816261,8.47161,1.44627,445,185420,0.331854,0.33,1,122041,121596,445
14819181,3.29432,9.08925,436,185420,0.338371,0.33,1,122043,121607,436
14822101,2.25886,1.81785,438,185420,0.307674,0.33,1,122045,121607,438
14824581,3.65177,0.36357,442,185420,0.301535,0.26,1,122049,121607,442
14827501,2.33035,5.67271,437,185420,0.300307,0.26,1,122051,121614,437
14829781,2.06607,1.13454,439,185420,0.308061,0.26,1,122053,121614,439
14832701,2.01321,8.22691,431,185420,0.277612,0.26,1,122055,121624,431
14835621,2.00264,1.64538,433,185420,0.287522,0.26,1,122057,121624,433
14838541,2.00053,0.329076,435,185420,0.297504,0.26,1,122059,121624,435
14840181,4.40011,0.0658153,440,185420,0.379501,0.2,1,122064,121624,440
14843101,2.48002,5.61316,435,185420,0.3639,0.2,1,122066,121631,435
14846021,2.096,1.12263,437,185420,0.32878,0.2,1,122068,121631,437
14848501,5.2192,0.224526,443,185420,0.329756,0.33,1,122074,121631,443
14851421,2.64384,8.84491,434,185420,0.353951,0.33,1,122076,121642,434
14853701,2.12877,1.76898,436,185420,0.32679,0.34,1,122078,121642,436
14855781,6.82575,1.9538,442,185420,0.305358,0.27,1,122086,121644,442
14858701,2.96515,4.39076,439,185420,0.293072,0.27,1,122088,121649,439
14861621,2.19303,0.878152,441,185420,0.250614,0.27,1,122090,121649,441
14864101,3.63861,0.17563,445,185420,0.186123,0.34,1,122094,121649,445
14867021,2.32772,10.4351,434,185420,0.197225,0.34,1,122096,121662,434
14869941,2.06554,2.08703,436,185420,0.167445,0.34,1,122098,121662,436
14872861,2.01311,0.417405,438,185420,0.257489,0.34,1,122100,121662,438
14875781,2.00262,0.083481,440,185420,0.243498,0.34,1,122102,121662,440
14878241,2.00052,0.0166962,442,185420,0.3367,0.23,1,122104,121662,442
14881161,3.6001,7.20334,437,185420,0.29934,0.23,1,122108,121671,437
14884081,2.32002,1.44067,439,185420,0.259868,0.23,1,122110,121671,439
14886561,2.064,0.288134,441,185420,0.219974,0.39,1,122112,121671,441
14889481,5.2128,8.85763,436,185420,0.291995,0.39,1,122118,121682,436
14891761,2.64256,1.77153,438,185420,0.274399,0.29,1,122120,121682,438
14894681,21.3285,21.9543,437,185420,0.30288,0.29,1,122146,121709,437
14897601,5.8657,4.39086,439,185420,0.332576,0.29,1,122148,121709,439
14900521,2.77314,0.878172,441,185420,0.306515,0.29,1,122150,121709,441
14902161,1.35463,0.175634,442,185420,0.285303,0.49,1,122151,121709,442
14905081,5.07093,8.03513,438,185420,0.345061,0.49,1,122157,121719,438
14908001,2.61419,1.60703,440,185420,0.333012,0.49,1,122159,121719,440
14910901,80.5228,0.321405,540,185420,0.210602,0.29,1,122259,121719,540
14913821,17.7046,86.4643,434,185420,0.19412,0.29,1,122261,121827,434
14916741,5.14091,17.2929,436,185420,0.294824,0.29,1,122263,121827,436
14919661,2.62818,3.45857,438,185420,0.274965,0.29,1,122265,121827,438
14921301,18.9256,0.691714,461,185420,0.246993,0.29,1,122288,121827,461
14923381,42.9851,19.3383,486,185420,0.217399,0.36,1,122337,121851,486
14926301,10.197,46.2677,435,185420,0.17948,0.36,1,122339,121904,435
14928581,96.4394,9.25353,553,185420,0.227896,0.36,1,122457,121904,553
14931501,20.8879,99.4507,433,185420,0.205579,0.36,1,122459,122026,433
14934421,5.77758,19.8901,435,185420,0.177116,0.36,1,122461,122026,435
14937341,2.75552,3.97803,437,185420,0.171423,0.36,1,122463,122026,437
14939601,2.1511,0.795605,439,185420,0.170285,0.25,1,122465,122026,439
14941681,5.23022,4.15912,440,185420,0.274057,0.35,1,122471,122031,440
14944601,7.44604,8.83182,438,185420,0.310811,0.35,1,122479,122041,438
14946261,5.48921,1.76636,443,185420,0.294162,0.33,1,122484,122041,443
14949181,2.69784,9.15327,434,185420,0.346832,0.33,1,122486,122052,434
14952101,2.13957,1.83065,436,185420,0.365366,0.33,1,122488,122052,436
14955021,2.02791,0.366131,438,185420,0.337073,0.33,1,122490,122052,438
14957941,2.00558,0.0732262,440,185420,0.307415,0.33,1,122492,122052,440
14959781,1.20112,0.0146452,441,185420,0.285483,0.42,1,122493,122052,441
14962701,1.84022,8.80293,432,185420,0.297097,0.42,1,122495,122063,432
14965621,1.96804,1.76059,434,185420,0.307419,0.42,1,122497,122063,434
14968541,1.99361,0.352117,436,185420,0.349484,0.42,1,122499,122063,436
14970181,4.39872,0.0704234,441,185420,0.349897,0.3,1,122504,122063,441
14973101,2.47974,4.81408,437,185420,0.309979,0.3,1,122506,122069,437
14976021,2.09595,0.962817,439,185420,0.277996,0.3,1,122508,122069,439
14978501,3.61919,0.192563,443,185420,0.351599,0.36,1,122512,122069,443
14980581,2.32384,5.63851,438,185420,0.34232,0.34,1,122514,122076,438
14983501,2.06477,7.5277,432,185420,0.308464,0.34,1,122516,122084,432
14985781,9.21295,1.50554,443,185420,0.285693,0.18,1,122527,122084,443
14988701,3.44259,7.50111,436,185420,0.249139,0.18,1,122529,122093,436
14991621,2.28852,1.50022,438,185420,0.209828,0.18,1,122531,122093,438
14994101,2.0577,0.300044,440,185420,0.337966,0.36,1,122533,122093,440
14997021,2.01154,8.86001,431,185420,0.331593,0.36,1,122535,122104,431
14999941,2.00231,1.772,433,185420,0.338319,0.36,1,122537,122104,433
15002861,2.00046,0.3544,435,185420,0.307664,0.36,1,122539,122104,435
15005781,2.00009,0.0708801,437,185420,0.333533,0.36,1,122541,122104,437
15007621,4.40002,0.014176,442,185420,0.314707,0.31,1,122546,122104,442
15010541,2.48,11.2028,430,185420,0.278941,0.31,1,122548,122118,430
15013461,2.096,2.24057,432,185420,0.231788,0.31,1,122550,122118,432
15016381,2.0192,0.448113,434,185420,0.190358,0.31,1,122552,122118,434
15019061,5.20384,0.0896227,440,185420,0.342072,0.18,1,122558,122118,440
15021981,2.64077,7.21792,433,185420,0.372414,0.18,1,122560,122127,433
15024261,21.3282,1.44358,459,185420,0.354483,0.28,1,122586,122127,459
15027181,5.86563,19.4887,437,185420,0.318897,0.28,1,122588,122151,437
15030101,2.77313,3.89774,439,185420,0.279779,0.28,1,122590,122151,439
15032581,6.15463,0.779549,446,185420,0.271956,0.38,1,122597,122151,446
15035501,3.63093,8.95591,438,185420,0.222391,0.38,1,122600,122162,438
15038401,2.32618,1.79118,440,185420,0.268478,0.28,1,122602,122162,440
15041321,80.4652,85.9582,433,185420,0.405696,0.28,1,122702,122269,433
15044241,17.693,17.1916,435,185420,0.433139,0.28,1,122704,122269,435
15047161,5.13861,3.43833,437,185420,0.406628,0.28,1,122706,122269,437
15049841,2.62772,0.687666,439,185420,0.369326,0.35,1,122708,122269,439
15051921,20.5255,22.5375,436,185420,0.289865,0.25,1,122733,122297,436
15054841,44.9051,46.9075,434,185420,0.345973,0.25,1,122784,122350,434
15057121,10.581,9.3815,436,185420,0.357195,0.17,1,122786,122350,436
15060041,91.7162,90.6763,437,185420,0.343439,0.17,1,122898,122461,437
15062321,19.9432,18.1353,439,185420,0.308688,0.19,1,122900,122461,439
15065241,5.58865,6.02705,438,185420,0.269738,0.19,1,122902,122464,438
15067521,2.71773,1.20541,440,185420,0.221948,0.36,1,122904,122464,440
15070441,8.54355,9.04108,439,185420,0.22039,0.36,1,122914,122475,439
15072721,3.30871,1.80822,441,185420,0.188078,0.39,1,122916,122475,441
15075641,7.86174,9.96164,438,185420,0.293616,0.39,1,122925,122487,438
15078561,3.17235,1.99233,440,185420,0.314723,0.39,1,122927,122487,440
15081461,2.23447,0.398466,442,185420,0.318945,0.3,1,122929,122487,442
15084381,2.04689,4.07969,439,185420,0.311789,0.3,1,122931,122492,439
15086661,2.00938,0.815939,441,185420,0.278358,0.33,1,122933,122492,441
15089581,2.00188,7.36319,434,185420,0.271672,0.33,1,122935,122501,434
15092501,2.00038,1.47264,436,185420,0.270334,0.33,1,122937,122501,436
15095421,2.00008,0.294527,438,185420,0.238067,0.33,1,122939,122501,438
15098341,2.00002,0.0589055,440,185420,0.191613,0.33,1,122941,122501,440
15100181,1.2,0.0117811,441,185420,0.166323,0.27,1,122942,122501,441
15103101,1.84,5.60236,436,185420,0.137265,0.27,1,122944,122508,436
15105381,6.768,1.12047,444,185420,0.219453,0.39,1,122952,122508,444
15108301,2.9536,10.6241,433,185420,0.203891,0.39,1,122954,122521,433
15111221,2.19072,2.12482,435,185420,0.168778,0.39,1,122956,122521,435
15114141,2.03814,0.424964,437,185420,0.129756,0.39,1,122958,122521,437
15115781,9.20763,0.0849927,448,185420,0.209951,0.2,1,122969,122521,448
15118701,3.44153,8.017,440,185420,0.31399,0.2,1,122971,122531,440
15120981,2.28831,1.6034,442,185420,0.302798,0.39,1,122973,122531,442
15123901,2.05766,9.12068,433,185420,0.30056,0.39,1,122975,122542,433
15126821,2.01153,1.82414,435,185420,0.276112,0.39,1,122977,122542,435
15129741,2.00231,0.364827,437,185420,0.239222,0.39,1,122979,122542,437
15132661,2.00046,0.0729654,439,185420,0.319844,0.39,1,122981,122542,439
15135581,2.00009,0.0145931,441,185420,0.311969,0.39,1,122983,122542,441
15137621,5.20002,0.00291862,447,185420,0.278394,0.27,1,122989,122542,447
15139701,4.24,4.80058,445,185420,0.295679,0.38,1,122993,122548,445
15142621,2.448,10.5601,435,185420,0.339136,0.38,1,122995,122560,435
15145541,2.0896,2.11202,437,185420,0.347827,0.38,1,122997,122560,437
15148461,2.01792,0.422405,439,185420,0.341565,0.38,1,122999,122560,439
15151141,5.20358,0.0844809,445,185420,0.284313,0.38,1,123005,122560,445
15152801,1.84072,8.0169,436,185420,0.256863,0.33,1,123006,122570,436
15155721,20.3681,19.2034,439,185420,0.211373,0.33,1,123031,122592,439
15158641,5.67363,3.84068,441,185420,0.202275,0.33,1,123033,122592,441
15161121,2.73473,0.768135,443,185420,0.264455,0.41,1,123035,122592,443
15164041,5.34695,8.95363,438,185420,0.276891,0.41,1,123041,122603,438
15166961,2.66939,1.79073,440,185420,0.287378,0.41,1,123043,122603,440
15169441,2.13388,0.358145,442,185420,0.257476,0.34,1,123045,122603,442
15172361,83.6268,88.0716,436,185420,0.179495,0.34,1,123149,122713,436
15175281,18.3254,17.6143,438,185420,0.163899,0.34,1,123151,122713,438
15178201,5.26507,3.52286,440,185420,0.12878,0.34,1,123153,122713,440
15180881,2.65301,0.704573,442,185420,0.209756,0.45,1,123155,122713,442
15182961,23.7306,23.3409,442,185420,0.0419512,0.33,1,123184,122742,442
15185881,43.1461,47.8682,436,185420,0.23239,0.33,1,123232,122796,436
15188161,11.0292,9.57364,439,185420,0.278478,0.34,1,123235,122796,439
15191081,85.4058,90.7147,432,185420,0.183696,0.34,1,123339,122907,432
15194001,18.6812,18.1429,434,185420,0.156739,0.34,1,123341,122907,434
15196921,5.33623,3.62859,436,185420,0.127348,0.34,1,123343,122907,436
15198561,1.86725,0.725718,437,185420,0.0974696,0.18,1,123344,122907,437
15200641,6.77345,7.34514,436,185420,0.171494,0.34,1,123352,122916,436
15203561,6.15469,7.86903,434,185420,0.218299,0.34,1,123358,122924,434
15205221,4.43094,1.57381,438,185420,0.18766,0.27,1,123362,122924,438
15208141,4.08619,9.11476,431,185420,0.189532,0.27,1,123366,122935,431
15211061,3.21724,1.82295,434,185420,0.205906,0.27,1,123369,122935,434
15213981,2.24345,0.36459,436,185420,0.209181,0.27,1,123371,122935,436
15216901,2.04869,0.0729181,438,185420,0.177836,0.27,1,123373,122935,438
15218741,1.20974,0.0145836,439,185420,0.155567,0.27,1,123374,122935,439
15221661,1.84195,12.0029,426,185420,0.159113,0.27,1,123376,122950,426
15224581,1.96839,2.40058,428,185420,0.135823,0.27,1,123378,122950,428
15227501,1.99368,0.480117,430,185420,0.0991645,0.27,1,123380,122950,430
15230421,1.99874,0.0960233,432,185420,0.0678329,0.27,1,123382,122950,432
15233341,1.99975,0.0192047,434,185420,0.173567,0.27,1,123384,122950,434
15235381,6.79995,0.00384093,442,185420,0.162713,0.1,1,123392,122950,442
15238301,2.95999,7.20077,435,185420,0.136543,0.1,1,123394,122959,435
15241221,2.192,1.44015,437,185420,0.107309,0.1,1,123396,122959,437
15244141,2.0384,0.288031,439,185420,0.101462,0.1,1,123398,122959,439
15245781,8.40768,0.0576061,449,185420,0.148292,0.32,1,123408,122959,449
15248701,3.28154,12.0115,436,185420,0.125658,0.32,1,123410,122974,436
15251601,2.25631,2.4023,438,185420,0.129132,0.34,1,123412,122974,438
15254521,2.05126,6.08046,433,185420,0.193826,0.34,1,123414,122981,433
15257441,2.01025,1.21609,435,185420,0.230765,0.34,1,123416,122981,435
15259921,2.00205,0.243218,437,185420,0.214153,0.38,1,123418,122981,437
15262841,2.00041,2.44864,436,185420,0.178831,0.38,1,123420,122984,436
15265761,2.00008,0.489729,438,185420,0.139766,0.38,1,123422,122984,438
15267621,6.00002,0.0979457,445,185420,0.171953,0.34,1,123429,122984,445
15270541,2.8,12.0196,432,185420,0.162391,0.34,1,123431,122999,432
15273461,2.16,2.40392,434,185420,0.248478,0.34,1,123433,122999,434
15276381,2.032,0.480784,436,185420,0.265696,0.34,1,123435,122999,436
15278021,4.4064,0.0961567,441,185420,0.293139,0.31,1,123440,122999,441
15280941,2.48128,9.61923,431,185420,0.266628,0.31,1,123442,123011,431
15283841,2.09626,1.92385,433,185420,0.229326,0.25,1,123444,123011,433
15286761,24.4193,27.5848,429,185420,0.269865,0.25,1,123474,123045,429
15289681,6.48385,5.51695,431,185420,0.245973,0.25,1,123476,123045,431
15292601,2.89677,1.10339,433,185420,0.209195,0.25,1,123478,123045,433
15295521,2.17935,0.220678,435,185420,0.209839,0.25,1,123480,123045,435
15297361,1.23587,0.0441356,436,185420,0.297968,0.2,1,123481,123045,436
15300281,4.24717,5.60883,434,185420,0.283594,0.2,1,123486,123052,434
15301941,81.6494,1.12177,535,185420,0.288719,0.12,1,123587,123052,535
15304861,17.9299,88.2244,427,185420,0.281744,0.12,1,123589,123162,427
15307781,5.18598,17.6449,429,185420,0.248349,0.12,1,123591,123162,429
15310701,2.6372,3.52897,431,185420,0.24167,0.12,1,123593,123162,431
15313381,24.5274,0.705795,461,185420,0.312334,0.2,1,123623,123162,461
15315461,37.7055,25.7412,470,185420,0.334467,0.23,1,123664,123194,470
15318381,9.1411,40.3482,428,185420,0.338893,0.23,1,123666,123238,428
15320661,86.6282,8.06965,534,185420,0.291779,0.09,1,123772,123238,534
15323581,18.9256,86.4139,430,185420,0.258356,0.09,1,123774,123344,430
15326501,5.38513,17.2828,432,185420,0.219671,0.09,1,123776,123344,432
15328981,7.47703,3.45656,440,185420,0.267934,0.28,1,123784,123344,440
15331681,3.09541,9.49131,431,185420,0.269587,0.18,1,123786,123355,431
15334601,7.01908,9.09826,430,185420,0.333917,0.18,1,123794,123364,430
15337301,3.80382,1.81965,433,185420,0.298783,0.19,1,123797,123364,433
15340221,3.96076,6.76393,429,185420,0.323757,0.19,1,123801,123372,429
15343141,3.19215,1.35279,432,185420,0.320751,0.19,1,123804,123372,432
15345621,2.23843,0.270557,434,185420,0.28815,0.15,1,123806,123372,434
15348541,2.04769,4.05411,431,185420,0.25763,0.15,1,123808,123377,431
15351461,2.00954,0.810822,433,185420,0.219526,0.15,1,123810,123377,433
15353941,3.60191,0.162164,437,185420,0.283905,0.24,1,123814,123377,437
15356861,2.32038,8.83243,428,185420,0.256781,0.24,1,123816,123388,428
15359781,2.06408,1.76649,430,185420,0.219356,0.24,1,123818,123388,430
15362701,2.01282,0.353297,432,185420,0.187871,0.24,1,123820,123388,432
15365381,2.00256,0.0706595,434,185420,0.277574,0.15,1,123822,123388,434
15367461,6.80051,4.01413,437,185420,0.215515,0.19,1,123830,123393,437
15370381,2.9601,8.80283,429,185420,0.179103,0.19,1,123832,123403,429
15373301,2.19202,1.76057,431,185420,0.139821,0.19,1,123834,123403,431
15375781,6.0384,0.352113,438,185420,0.235964,0.22,1,123841,123403,438
15378701,4.40768,8.07042,432,185420,0.191193,0.22,1,123845,123413,432
15381621,3.28154,1.61408,435,185420,0.278239,0.22,1,123848,123413,435
15384101,2.25631,0.322817,437,185420,0.263648,0.15,1,123850,123413,437
15387021,2.05126,6.46456,431,185420,0.22873,0.15,1,123852,123421,431
15389941,2.01025,1.29291,433,185420,0.197746,0.15,1,123854,123421,433
15392861,2.00205,0.258583,435,185420,0.183549,0.15,1,123856,123421,435
15394501,2.80041,0.0517165,438,185420,0.13271,0.25,1,123859,123421,438
15396161,1.36008,3.21034,435,185420,0.106542,0.32,1,123860,123425,435
15399081,6.67202,10.2421,431,185420,0.269308,0.32,1,123868,123437,431
15402001,2.9344,2.04841,433,185420,0.301862,0.32,1,123870,123437,433
15404921,2.18688,0.409683,435,185420,0.276372,0.32,1,123872,123437,435
15406561,1.23738,0.0819365,436,185420,0.287274,0.34,1,123873,123437,436
15409481,3.44748,8.01639,430,185420,0.257455,0.34,1,123877,123447,430
15412401,2.2895,1.60328,432,185420,0.323491,0.34,1,123879,123447,432
15414881,2.0579,0.320655,434,185420,0.304698,0.32,1,123881,123447,434
15417801,25.2116,29.6641,428,185420,0.25294,0.32,1,123912,123484,428
15420721,6.64232,5.93283,430,185420,0.202588,0.32,1,123914,123484,430
15423641,2.92846,1.18657,432,185420,0.192518,0.32,1,123916,123484,432
15426561,2.18569,0.237313,434,185420,0.310504,0.32,1,123918,123484,434
15428401,1.23714,0.0474626,435,185420,0.358101,0.19,1,123919,123484,435
15430481,4.24743,4.80949,434,185420,0.31162,0.33,1,123924,123490,434
15433401,83.2495,86.5619,430,185420,0.334324,0.33,1,124027,123597,430
15436321,18.2499,17.3124,432,185420,0.346865,0.33,1,124029,123597,432
15439241,5.24998,3.46248,434,185420,0.317373,0.33,1,124031,123597,434
15440881,1.85,0.692495,435,185420,0.319475,0.24,1,124032,123597,435
15443801,30.77,32.1385,433,185420,0.271895,0.24,1,124070,123637,433
15445461,36.554,6.4277,471,185420,0.294379,0.27,1,124108,123637,471
15448381,8.9108,34.0855,432,185420,0.266876,0.27,1,124110,123678,432
15450661,83.3822,6.81711,534,185420,0.229375,0.19,1,124212,123678,534
15453581,18.2764,80.5634,437,185420,0.229875,0.19,1,124214,123777,437
15456501,5.25529,16.1127,439,185420,0.285975,0.19,1,124216,123777,439
15458981,8.25106,3.22254,448,185420,0.273195,0.38,1,124225,123777,448
15461901,3.25021,10.2445,438,185420,0.230639,0.38,1,124227,123789,438
15464181,7.05004,2.0489,446,185420,0.326128,0.34,1,124235,123789,446
15467101,3.01001,11.6098,434,185420,0.305226,0.34,1,124237,123803,434
15470021,2.202,2.32196,436,185420,0.277045,0.34,1,124239,123803,436
15472501,2.0404,0.464391,438,185420,0.271409,0.21,1,124241,123803,438
15475421,2.00808,5.69288,433,185420,0.238282,0.21,1,124243,123810,433
15478341,2.00162,1.13858,435,185420,0.223656,0.21,1,124245,123810,435
15480821,5.20032,0.227715,441,185420,0.188731,0.3,1,124251,123810,441
15483741,2.64006,12.0455,428,185420,0.157746,0.3,1,124253,123825,428
15486661,2.12801,2.40911,430,185420,0.295549,0.3,1,124255,123825,430
15489581,2.0256,0.481822,432,185420,0.29111,0.3,1,124257,123825,432
15492501,2.00512,0.0963643,434,185420,0.266222,0.3,1,124259,123825,434
15495421,2.00102,0.0192729,436,185420,0.261244,0.3,1,124261,123825,436
15497461,3.6002,0.00385457,440,185420,0.212249,0.34,1,124265,123825,440
15500381,2.32004,8.00077,432,185420,0.28245,0.34,1,124267,123835,432
15503301,2.06401,1.60015,434,185420,0.26449,0.34,1,124269,123835,434
15505781,5.2128,0.320031,440,185420,0.188898,0.2,1,124275,123835,440
15507861,8.24256,7.26401,440,185420,0.16578,0.18,1,124284,123844,440
15510781,3.24851,11.0528,430,185420,0.129156,0.18,1,124286,123856,430
15513701,2.2497,2.21056,432,185420,0.209831,0.18,1,124288,123856,432
15516621,2.04994,0.442112,434,185420,0.193966,0.18,1,124290,123856,434
15519541,2.00999,0.0884224,436,185420,0.158793,0.18,1,124292,123856,436
15522421,7.602,0.0176845,445,185420,0.159759,0.31,1,124301,123856,445
15525341,3.9204,9.60354,436,185420,0.111952,0.31,1,124304,123868,436
15527201,1.58408,1.92071,437,185420,0.11039,0.3,1,124305,123868,437
15530121,3.51682,10.7841,428,185420,0.254078,0.3,1,124309,123881,428
15533041,2.30336,2.15683,430,185420,0.282816,0.3,1,124311,123881,430
15535961,2.06067,0.431366,432,185420,0.272563,0.3,1,124313,123881,432
15538881,2.01213,0.0862731,434,185420,0.238513,0.3,1,124315,123881,434
15541801,2.00243,0.0172546,436,185420,0.231703,0.3,1,124317,123881,436
15544261,3.60049,0.00345092,440,185420,0.254341,0.19,1,124321,123881,440
15545921,1.5201,6.40069,433,185420,0.242868,0.37,1,124322,123889,433
15548841,25.104,26.0801,433,185420,0.216574,0.37,1,124353,123920,433
15551761,6.6208,5.21603,435,185420,0.179315,0.37,1,124355,123920,435
15554681,2.92416,1.04321,437,185420,0.339863,0.37,1,124357,123920,437
15557601,2.18483,0.208641,439,185420,0.339973,0.37,1,124359,123920,439
15559441,1.23697,0.0417282,440,185420,0.323995,0.43,1,124360,123920,440
15561521,6.64739,9.60835,436,185420,0.248799,0.33,1,124368,123932,436
15564441,79.7295,82.7217,433,185420,0.32976,0.33,1,124466,124033,433
15567361,17.5459,16.5443,435,185420,0.337952,0.33,1,124468,124033,435
15570281,5.10918,3.30887,437,185420,0.34759,0.33,1,124470,124033,437
15571921,1.82184,0.661773,438,185420,0.341518,0.39,1,124471,124033,438
15574001,31.5644,35.3324,433,185420,0.340304,0.29,1,124510,124077,433
15576921,34.3129,35.8665,432,185420,0.308061,0.29,1,124545,124113,432
15579201,8.46257,7.17329,434,185420,0.301612,0.26,1,124547,124113,434
15582121,85.6925,85.4347,434,185420,0.268322,0.26,1,124652,124218,434
15585041,18.7385,17.0869,436,185420,0.269664,0.26,1,124654,124218,436
15587521,5.3477,3.41739,438,185420,0.325933,0.35,1,124656,124218,438
15590441,11.4695,14.2835,434,185420,0.297187,0.35,1,124669,124235,434
15592721,3.89391,2.8567,436,185420,0.387437,0.24,1,124671,124235,436
15595641,3.97878,7.77134,431,185420,0.389487,0.24,1,124675,124244,431
15598561,2.39576,1.55427,433,185420,0.365897,0.24,1,124677,124244,433
15601481,2.07915,0.310854,435,185420,0.35318,0.24,1,124679,124244,435
15604401,2.01583,0.0621707,437,185420,0.334636,0.24,1,124681,124244,437
15606241,1.20317,0.0124341,438,185420,0.362927,0.33,1,124682,124244,438
15609161,5.04063,8.80249,433,185420,0.280585,0.33,1,124688,124255,433
15612081,2.60813,1.7605,435,185420,0.232117,0.33,1,124690,124255,435
15614561,2.12163,0.352099,437,185420,0.310423,0.2,1,124692,124255,437
15617481,3.62433,8.07042,431,185420,0.310085,0.2,1,124696,124265,431
15620401,2.32486,1.61408,433,185420,0.310017,0.2,1,124698,124265,433
15623321,2.06497,0.322817,435,185420,0.358003,0.2,1,124700,124265,435
15626001,2.01299,0.0645633,437,185420,0.335601,0.31,1,124702,124265,437
15628921,2.0026,8.81291,428,185420,0.30712,0.31,1,124704,124276,428
15631841,2.00052,1.76258,430,185420,0.373424,0.31,1,124706,124276,430
15634761,2.0001,0.352516,432,185420,0.354685,0.31,1,124708,124276,432
15636401,1.20002,0.0705033,433,185420,0.358937,0.25,1,124709,124276,433
15639321,13.84,16.8141,429,185420,0.343787,0.25,1,124726,124297,429
15642241,4.368,3.36282,431,185420,0.300757,0.25,1,124728,124297,431
15645161,2.4736,0.672564,433,185420,0.268152,0.25,1,124730,124297,433
15648081,2.09472,0.134513,435,185420,0.23763,0.25,1,124732,124297,435
15649921,1.21894,0.0269026,436,185420,0.247526,0.34,1,124733,124297,436
15652841,5.84379,8.00538,433,185420,0.337505,0.34,1,124740,124307,433
15655761,2.76876,1.60108,435,185420,0.419501,0.34,1,124742,124307,435
15658241,2.15375,0.320215,437,185420,0.4039,0.27,1,124744,124307,437
15661161,2.03075,4.86404,433,185420,0.40878,0.27,1,124746,124313,433
15663441,2.00615,0.972809,435,185420,0.409756,0.23,1,124748,124313,435
15666361,2.00123,1.79456,435,185420,0.377951,0.23,1,124750,124315,435
15668021,1.20025,0.358912,436,185420,0.35559,0.23,1,124751,124315,436
15669681,1.04005,1.67178,435,185420,0.407118,0.24,1,124752,124317,435
15672601,3.40801,4.33436,434,185420,0.353424,0.24,1,124756,124322,434
15674881,2.2816,0.866871,436,185420,0.406685,0.29,1,124758,124322,436
15676961,2.05632,4.97337,432,185420,0.385337,0.29,1,124760,124328,432
15679881,29.2113,30.5947,431,185420,0.317067,0.29,1,124796,124365,431
15682801,7.44225,6.11893,433,185420,0.311413,0.29,1,124798,124365,433
15685721,3.08845,1.22379,435,185420,0.286283,0.29,1,124800,124365,435
15688641,2.21769,0.244757,437,185420,0.281257,0.29,1,124802,124365,437
15690481,1.24354,0.0489515,438,185420,0.424251,0.19,1,124803,124365,438
15692561,6.64871,5.60979,439,185420,0.34885,0.24,1,124811,124372,439
15695481,80.5297,84.322,434,185420,0.35777,0.24,1,124910,124476,434
15698401,17.7059,16.8644,436,185420,0.335554,0.24,1,124912,124476,436
15701321,5.14119,3.37288,438,185420,0.299111,0.24,1,124914,124476,438
15702961,1.82824,0.674576,439,185420,0.267822,0.27,1,124915,124476,439
15705041,38.7656,40.9349,436,185420,0.301564,0.25,1,124963,124527,436
15707961,27.7531,28.187,436,185420,0.324313,0.25,1,124988,124552,436
15710241,7.15063,5.6374,438,185420,0.296863,0.27,1,124990,124552,438
15713161,88.6301,87.5275,439,185420,0.275373,0.27,1,125099,124660,439
15716081,19.326,17.5055,441,185420,0.263075,0.27,1,125101,124660,441
15718561,5.4652,3.5011,443,185420,0.260615,0.41,1,125103,124660,443
15720641,8.29304,9.50022,441,185420,0.212123,0.33,1,125112,124671,441
15723561,4.05861,9.90004,434,185420,0.250425,0.33,1,125115,124681,434
15726481,2.41172,1.98001,436,185420,0.266085,0.33,1,125117,124681,436
15729401,2.08234,0.396002,438,185420,0.261217,0.33,1,125119,124681,438
15732081,2.01647,0.0792003,440,185420,0.228243,0.25,1,125121,124681,440
15735001,5.20329,6.41584,438,185420,0.165649,0.25,1,125127,124689,438
15737921,2.64066,1.28317,440,185420,0.14513,0.25,1,125129,124689,440
15740821,3.72813,0.256634,444,185420,0.117026,0.32,1,125133,124689,444
15743741,2.34563,4.85133,440,185420,0.0874052,0.32,1,125135,124695,440
15745601,1.26913,0.970265,441,185420,0.065481,0.31,1,125136,124695,441
15747681,1.85383,2.59405,440,185420,0.189096,0.37,1,125138,124698,440
15750601,3.57077,7.71881,435,185420,0.181819,0.37,1,125142,124707,435
15753521,2.31415,1.54376,437,185420,0.204364,0.37,1,125144,124707,437
15756441,2.06283,0.308752,439,185420,0.176873,0.37,1,125146,124707,439
15759361,2.01257,0.0617505,441,185420,0.163375,0.37,1,125148,124707,441
15762241,2.00251,0.0123501,443,185420,0.120675,0.32,1,125150,124707,443
15765161,2.0005,4.80247,439,185420,0.080135,0.32,1,125152,124713,439
15767441,2.0001,0.960494,441,185420,0.040027,0.25,1,125154,124713,441
15770361,14,14.5921,440,185420,0.176005,0.25,1,125171,124731,440
15773281,4.4,2.91842,442,185420,0.171201,0.25,1,125173,124731,442
15775761,2.48,0.583684,444,185420,0.25024,0.46,1,125175,124731,444
15778681,5.296,8.11674,440,185420,0.202048,0.46,1,125181,124741,440
15781601,2.6592,1.62335,442,185420,0.16841,0.46,1,125183,124741,442
15784501,2.13184,0.324669,444,185420,0.129682,0.43,1,125185,124741,444
15787421,2.02637,4.86493,440,185420,0.121936,0.43,1,125187,124747,440
15790341,2.00527,0.972987,442,185420,0.184387,0.43,1,125189,124747,442
15792821,3.60105,0.194597,446,185420,0.252877,0.43,1,125193,124747,446
15795741,2.32021,8.03892,438,185420,0.234575,0.43,1,125195,124757,438
15798661,2.06404,1.60778,440,185420,0.198915,0.43,1,125197,124757,440
15801581,2.01281,0.321557,442,185420,0.151783,0.43,1,125199,124757,442
15804261,3.60256,0.0643113,446,185420,0.246357,0.34,1,125203,124757,446
15807181,2.32051,4.01286,443,185420,0.233271,0.34,1,125205,124762,443
15809461,31.6641,0.802572,482,185420,0.118654,0.37,1,125244,124762,482
15812381,9.53282,37.7605,439,185420,0.0717309,0.37,1,125248,124809,439
15815301,3.50656,7.5521,441,185420,0.190346,0.37,1,125250,124809,441
15818221,2.30131,1.51042,443,185420,0.206069,0.37,1,125252,124809,443
15821141,2.06026,0.302084,445,185420,0.177214,0.37,1,125254,124809,445
15822981,1.21205,0.0604168,446,185420,0.187443,0.33,1,125255,124809,446
15825061,79.4424,4.01208,540,185420,0.189489,0.29,1,125354,124814,540
15827981,17.4885,88.8024,432,185420,0.149898,0.29,1,125356,124924,432
15830901,5.0977,17.7605,434,185420,0.14198,0.29,1,125358,124924,434
15833821,2.61954,3.5521,436,185420,0.108396,0.29,1,125360,124924,436
15835461,34.1239,0.710419,478,185420,0.125679,0.17,1,125402,124924,478
15837541,28.4248,37.7421,458,185420,0.201136,0.24,1,125429,124971,458
15840461,8.08496,26.7484,437,185420,0.176227,0.24,1,125432,124995,437
15842741,83.217,5.34968,539,185420,0.171245,0.25,1,125534,124995,539
15845661,18.2434,88.2699,432,185420,0.138249,0.25,1,125536,125104,432
15848581,5.24868,17.654,434,185420,0.13165,0.25,1,125538,125104,434
15851061,10.6497,3.5308,446,185420,0.17033,0.15,1,125550,125104,446
15853981,3.72995,19.1062,425,185420,0.178066,0.15,1,125552,125127,425
15856901,2.34599,3.82123,427,185420,0.243613,0.15,1,125554,125127,427
15859821,2.0692,0.764246,429,185420,0.256723,0.15,1,125556,125127,429
15862741,2.01384,0.152849,431,185420,0.259345,0.15,1,125558,125127,431
15864581,2.80277,0.0305698,434,185420,0.251869,0.13,1,125561,125127,434
15867501,2.16055,4.00611,431,185420,0.218374,0.13,1,125563,125132,431
15869781,5.23211,0.801223,437,185420,0.235675,0.17,1,125569,125132,437
15872701,2.64642,11.3602,425,185420,0.239135,0.17,1,125571,125146,425
15875621,2.12928,2.27205,427,185420,0.215827,0.17,1,125573,125146,427
15878541,2.02586,0.45441,429,185420,0.179165,0.17,1,125575,125146,429
15881461,2.00517,0.0908819,431,185420,0.139833,0.17,1,125577,125146,431
15883921,2.00103,0.0181764,433,185420,0.107967,0.05,1,125579,125146,433
15886841,3.60021,7.20364,428,185420,0.181593,0.05,1,125583,125155,428
15889761,2.32004,1.44073,430,185420,0.164319,0.05,1,125585,125155,430
15892681,2.06401,0.288145,432,185420,0.128864,0.05,1,125587,125155,432
15895601,2.0128,0.0576291,434,185420,0.0897727,0.05,1,125589,125155,434
15898481,2.00256,0.0115258,436,185420,0.0899545,0.18,1,125591,125155,436
15901401,15.6005,21.6023,428,185420,0.145991,0.18,1,125610,125182,428
15904321,4.7201,4.32046,430,185420,0.157198,0.18,1,125612,125182,430
15907241,2.54402,0.864092,432,185420,0.15944,0.18,1,125614,125182,432
15908881,1.3088,0.172818,433,185420,0.143888,0.29,1,125615,125182,433
15911801,3.46176,8.03456,427,185420,0.228778,0.29,1,125619,125192,427
15914721,2.29235,1.60691,429,185420,0.213756,0.29,1,125621,125192,429
15917641,2.05847,0.321383,431,185420,0.178751,0.29,1,125623,125192,431
15920561,2.01169,0.0642765,433,185420,0.13975,0.29,1,125625,125192,433
15922821,2.00234,0.0128553,435,185420,0.10795,0.12,1,125627,125192,435
15925741,2.00047,6.40257,429,185420,0.22159,0.12,1,125629,125200,429
15928661,2.00009,1.28051,431,185420,0.268318,0.12,1,125631,125200,431
15931581,2.00002,0.256103,433,185420,0.293664,0.12,1,125633,125200,433
15933221,4.4,0.0512206,438,185420,0.218733,0.27,1,125638,125200,438
15936141,2.48,9.61024,428,185420,0.171747,0.27,1,125640,125212,428
15938001,1.296,1.92205,429,185420,0.138349,0.22,1,125641,125212,429
15940921,30.6592,30.7844,429,185420,0.21967,0.22,1,125679,125250,429
15943201,7.73184,6.15688,431,185420,0.203934,0.14,1,125681,125250,431
15946121,6.34637,12.4314,423,185420,0.320787,0.14,1,125687,125264,423
15949041,2.86927,2.48628,425,185420,0.344157,0.14,1,125689,125264,425
15951961,2.17385,0.497255,427,185420,0.324831,0.14,1,125691,125264,427
15953601,1.23477,0.099451,428,185420,0.304966,0.26,1,125692,125264,428
15956521,81.047,79.2199,430,186880,0.308993,0.26,1,125793,125363,430
15959441,17.8094,15.844,432,186880,0.269799,0.26,1,125795,125363,432
15962361,5.16188,3.1688,434,186880,0.22996,0.26,1,125797,125363,434
15964001,1.83238,0.633759,435,186880,0.205992,0.16,1,125798,125363,435
15966081,39.5665,40.9268,433,186880,0.241198,0.27,1,125847,125414,433
15969001,27.1133,29.7854,430,186880,0.28024,0.27,1,125871,125441,430
15971281,7.02266,5.95707,432,186880,0.264048,0.23,1,125873,125441,432
15974201,82.2045,81.9914,432,186880,0.24481,0.23,1,125974,125542,432
15977121,18.0409,16.3983,434,186880,0.248962,0.23,1,125976,125542,434
15979601,5.20818,3.27966,436,186880,0.225792,0.26,1,125978,125542,436
15982521,9.04164,11.8559,432,186880,0.229158,0.26,1,125988,125556,432
15985441,3.40833,2.37119,434,186880,0.245832,0.26,1,125990,125556,434
15987921,2.28167,0.474237,436,186880,0.217166,0.24,1,125992,125556,436
15990841,3.65633,12.0948,425,186880,0.203433,0.24,1,125996,125571,425
15993761,2.33127,2.41897,427,186880,0.256687,0.24,1,125998,125571,427
15996681,2.06625,0.483794,429,186880,0.227337,0.24,1,126000,125571,429
15999601,2.01325,0.0967588,431,186880,0.197467,0.24,1,126002,125571,431
16001861,5.20265,0.0193518,437,186880,0.215493,0.2,1,126008,125571,437
16004781,3.44053,9.60387,428,186880,0.171099,0.2,1,126011,125583,428
16007701,2.28811,1.92077,430,186880,0.13822,0.2,1,126013,125583,430
16010621,2.05762,0.384155,432,186880,0.0996439,0.2,1,126015,125583,432
16013541,2.01152,0.076831,434,186880,0.219929,0.2,1,126017,125583,434
16016421,2.0023,0.0153662,436,186880,0.243986,0.28,1,126019,125583,436
16019341,2.00046,8.00307,428,186880,0.224797,0.28,1,126021,125593,428
16022261,2.00009,1.60061,430,186880,0.212959,0.28,1,126023,125593,430
16025181,2.00002,0.320123,432,186880,0.178592,0.28,1,126025,125593,432
16028101,2,0.0640246,434,186880,0.139718,0.28,1,126027,125593,434
16030981,14,0.0128049,451,186880,0.291944,0.26,1,126044,125593,451
16033901,4.4,20.0026,428,186880,0.314389,0.26,1,126046,125618,428
16036821,2.48,4.00051,430,186880,0.286878,0.26,1,126048,125618,430
16039741,2.096,0.800102,432,186880,0.241376,0.26,1,126050,125618,432
16041381,4.4192,0.16002,437,186880,0.200275,0.19,1,126055,125618,437
16044301,2.48384,3.232,435,186880,0.280055,0.19,1,126057,125622,435
16046581,5.29677,0.646401,441,186880,0.184011,0.2,1,126063,125622,441
16049501,2.65935,12.9293,427,186880,0.132802,0.2,1,126065,125638,427
16052421,2.13187,2.58586,429,186880,0.14656,0.2,1,126067,125638,429
16055341,2.02637,0.517171,431,186880,0.269312,0.2,1,126069,125638,431
16058261,2.00527,0.103434,433,186880,0.285862,0.2,1,126071,125638,433
16061181,2.00105,0.0206868,435,186880,0.289173,0.2,1,126073,125638,435
16063221,6.00021,0.00413737,442,186880,0.313834,0.1,1,126080,125638,442
16066141,2.80004,7.20083,435,186880,0.286767,0.1,1,126082,125647,435
16069041,2.16001,1.44017,437,186880,0.241353,0.3,1,126084,125647,437
16071961,34.032,38.688,431,188340,0.328271,0.3,1,126126,125695,431
16074881,8.4064,7.73761,433,188340,0.353654,0.3,1,126128,125695,433
16077801,3.28128,1.54752,435,188340,0.342731,0.3,1,126130,125695,435
16080721,2.25626,0.309504,437,188340,0.340546,0.3,1,126132,125695,437
16083641,2.05125,0.0619008,439,188340,0.332109,0.3,1,126134,125695,439
16086101,74.0102,0.0123802,531,188340,0.346422,0.22,1,126226,125695,531
16089021,16.402,81.6025,431,188340,0.317284,0.22,1,126228,125797,431
16091301,9.68041,16.3205,439,188340,0.255457,0.23,1,126236,125797,439
16094221,3.53608,8.8641,434,188340,0.283091,0.23,1,126238,125804,434
16096501,41.5072,1.77282,485,188340,0.240618,0.24,1,126289,125804,485
16098581,30.7014,40.3546,463,188340,0.192124,0.3,1,126317,125854,463
16101501,7.74029,34.4709,432,188340,0.182425,0.3,1,126319,125887,432
16103781,79.9481,6.89418,530,188340,0.172485,0.27,1,126417,125887,530
16106701,17.5896,80.5788,433,188340,0.146497,0.27,1,126419,125986,433
16109621,5.11792,16.1158,435,188340,0.133299,0.27,1,126421,125986,435
16112101,2.62358,3.22315,437,188340,0.13066,0.21,1,126423,125986,437
16115021,2.12472,5.44463,433,188340,0.154132,0.21,1,126425,125992,433
16117301,5.22494,1.08893,439,188340,0.198826,0.27,1,126431,125992,439
16120221,2.64499,10.6178,428,188340,0.199765,0.27,1,126433,126005,428
16123141,2.129,2.12356,430,188340,0.175953,0.27,1,126435,126005,430
16126061,2.0258,0.424711,432,188340,0.139191,0.27,1,126437,126005,432
16128981,2.00516,0.0849423,434,188340,0.283838,0.27,1,126439,126005,434
16131861,3.60103,0.0169885,438,188340,0.264768,0.16,1,126443,126005,438
16133941,3.12021,4.8034,435,188340,0.220954,0.25,1,126446,126011,435
16136861,3.02404,5.76068,432,188340,0.252191,0.25,1,126449,126017,432
16139781,2.20481,1.15214,434,188340,0.282438,0.25,1,126451,126017,434
16142261,2.84096,0.230427,437,188340,0.264488,0.23,1,126454,126017,437
16145181,3.76819,9.64609,429,188340,0.260898,0.23,1,126458,126029,429
16148101,2.35364,1.92922,431,188340,0.22818,0.23,1,126460,126029,431
16151021,2.07073,0.385843,433,188340,0.189636,0.23,1,126462,126029,433
16153941,2.01415,0.0771687,435,188340,0.157927,0.23,1,126464,126029,435
16156861,2.00283,0.0154337,437,188340,0.151585,0.23,1,126466,126029,437
16158481,1.20057,0.00308675,438,188340,0.142317,0.3,1,126467,126029,438
16161401,15.4401,22.4006,429,188340,0.260463,0.3,1,126486,126057,429
16164321,4.68802,4.48012,431,188340,0.252093,0.3,1,126488,126057,431
16167241,2.5376,0.896025,433,188340,0.274419,0.3,1,126490,126057,433
16170161,2.10752,0.179205,435,188340,0.254884,0.3,1,126492,126057,435
16172001,1.2215,0.035841,436,188340,0.234977,0.14,1,126493,126057,436
16174921,5.0443,5.60717,435,188340,0.126995,0.14,1,126499,126064,435
16177201,2.60886,1.12143,437,188340,0.0813991,0.3,1,126501,126064,437
16180121,2.12177,4.22429,434,188340,0.0482798,0.3,1,126503,126069,434
16183041,2.02435,0.844857,436,188340,0.161656,0.3,1,126505,126069,436
16184901,5.20487,0.168971,442,188340,0.280331,0.34,1,126511,126069,442
16187821,2.64097,8.03379,434,188340,0.264066,0.34,1,126513,126079,434
16190741,2.12819,1.60676,436,188340,0.300813,0.34,1,126515,126079,436
16193221,3.62564,0.321352,440,188340,0.308163,0.35,1,126519,126079,440
16196141,2.32513,8.06427,432,188340,0.277633,0.35,1,126521,126089,432
16199061,2.06503,1.61285,434,188340,0.319526,0.35,1,126523,126089,434
16201541,30.013,0.322571,471,188340,0.223905,0.33,1,126560,126089,471
16204461,7.6026,36.0645,428,188340,0.172781,0.33,1,126562,126134,428
16207381,3.12052,7.2129,430,188340,0.274556,0.33,1,126564,126134,430
16210301,2.2241,1.44258,432,188340,0.270911,0.33,1,126566,126134,432
16212981,9.24482,0.288516,443,188340,0.254182,0.25,1,126577,126134,443
16214641,3.44896,8.8577,434,188340,0.250836,0.33,1,126579,126145,434
16217561,68.6898,68.9715,435,188340,0.354167,0.33,1,126664,126229,435
16219841,15.338,13.7943,437,188340,0.374833,0.34,1,126666,126229,437
16222761,8.66759,10.7589,434,188340,0.290967,0.34,1,126673,126239,434
16225041,3.33352,2.15177,436,188340,0.250193,0.21,1,126675,126239,436
16227121,49.4667,53.2304,431,188340,0.250039,0.28,1,126736,126305,431
16230041,25.8933,28.2461,429,188340,0.242008,0.28,1,126756,126327,429
16232321,6.77867,5.64921,431,188340,0.248402,0.28,1,126758,126327,431
16235241,78.9557,81.1298,428,188340,0.28968,0.28,1,126855,126427,428
16238161,17.3911,16.226,430,188340,0.305936,0.28,1,126857,126427,430
16241081,5.07823,3.24519,432,188340,0.277187,0.28,1,126859,126427,432
16244001,2.61565,0.649039,434,188340,0.247437,0.28,1,126861,126427,434
16245841,1.32313,0.129808,435,188340,0.225488,0.15,1,126862,126427,435
16248761,5.06463,7.22596,432,188340,0.133097,0.15,1,126868,126436,432
16251681,2.61293,1.44519,434,188340,0.226619,0.15,1,126870,126436,434
16254161,2.12259,0.289038,436,188340,0.213324,0.3,1,126872,126436,436
16257081,2.02452,3.25781,434,188340,0.362665,0.3,1,126874,126440,434
16259361,2.0049,0.651562,436,188340,0.368533,0.3,1,126876,126440,436
16262281,3.60098,5.73031,433,188340,0.329707,0.3,1,126880,126447,433
16264561,2.3202,1.14606,435,188340,0.289941,0.28,1,126882,126447,435
16267481,3.66404,8.22921,429,188340,0.281988,0.28,1,126886,126457,429
16270401,2.33281,1.64584,431,188340,0.280398,0.28,1,126888,126457,431
16272881,2.06656,0.329168,433,188340,0.33608,0.17,1,126890,126457,433
16275801,5.21331,4.86583,433,188340,0.275216,0.17,1,126896,126463,433
16278721,2.64266,0.973167,435,188340,0.239043,0.17,1,126898,126463,435
16281201,2.12853,0.194633,437,188340,0.319809,0.14,1,126900,126463,437
16284121,2.02571,3.23893,435,188340,0.343962,0.14,1,126902,126467,435
16287041,2.00514,0.647785,437,188340,0.316792,0.14,1,126904,126467,437
16288901,5.20103,0.129557,443,188340,0.223358,0.3,1,126910,126467,443
16290981,14.6402,5.62591,453,188340,0.244672,0.14,1,126927,126474,453
16293901,4.52804,19.5252,432,188340,0.240934,0.14,1,126929,126497,432
16296821,2.50561,3.90504,434,188340,0.208187,0.14,1,126931,126497,434
16299741,2.10112,0.781007,436,188340,0.161637,0.14,1,126933,126497,436
16302661,2.02022,0.156201,438,188340,0.152327,0.14,1,126935,126497,438
16304501,1.20404,0.0312403,439,188340,0.142465,0.21,1,126936,126497,439
16307421,1.84081,5.60625,434,188340,0.300493,0.21,1,126938,126504,434
16310321,1.96816,1.12125,436,188340,0.308099,0.29,1,126940,126504,436
16313241,5.99363,6.62425,435,188340,0.33362,0.29,1,126947,126512,435
16315521,2.79873,1.32485,437,188340,0.298724,0.31,1,126949,126512,437
16318441,3.75975,4.26497,436,188340,0.259745,0.31,1,126953,126517,436
16321361,2.35195,0.852994,438,188340,0.371949,0.31,1,126955,126517,438
16323221,2.87039,0.170599,441,188340,0.36239,0.31,1,126958,126517,441
16326141,2.17408,10.4341,430,188340,0.328478,0.31,1,126960,126530,430
16329061,2.03482,2.08682,432,188340,0.289696,0.31,1,126962,126530,432
16331541,29.207,0.417365,468,188340,0.241939,0.32,1,126998,126530,468
16334461,7.44139,26.4835,437,188340,0.208388,0.32,1,127000,126563,437
16336741,6.28828,5.29669,443,188340,0.289678,0.26,1,127006,126563,443
16339661,2.85766,11.4593,432,188340,0.273935,0.26,1,127008,126576,432
16341941,8.57153,2.29187,442,188340,0.222787,0.22,1,127018,126576,442
16344861,3.31431,6.05837,437,188340,0.188557,0.22,1,127020,126583,437
16347141,66.2629,1.21167,519,188340,0.157711,0.36,1,127102,126583,519
16350061,14.8526,67.4423,437,188340,0.319542,0.36,1,127104,126667,437
16352341,11.7705,13.4885,448,188340,0.247908,0.3,1,127115,126667,448
16355261,4.7541,13.0977,438,188340,0.337582,0.3,1,127118,126680,438
16357541,52.9508,2.61954,503,188340,0.235516,0.32,1,127183,126680,503
16359621,20.9902,54.9239,448,188340,0.303103,0.4,1,127196,126748,448
16362541,6.59803,22.9848,436,188340,0.260621,0.4,1,127199,126763,436
16364821,78.1196,4.59696,532,188340,0.308124,0.2,1,127295,126763,532
16367741,18.0239,80.9194,435,188340,0.293625,0.2,1,127298,126863,435
16370661,5.20478,16.1839,437,188340,0.258725,0.2,1,127300,126863,437
16373581,2.64096,3.23678,439,188340,0.235745,0.2,1,127302,126863,439
16376501,2.12819,0.647355,441,188340,0.199149,0.2,1,127304,126863,441
16378341,2.82564,0.129471,444,188340,0.25583,0.21,1,127307,126863,444
16381261,2.16513,7.22589,437,188340,0.275166,0.21,1,127309,126872,437
16383541,3.63303,1.44518,441,188340,0.311033,0.36,1,127313,126872,441
16386461,2.32661,5.08904,437,188340,0.294207,0.36,1,127315,126878,437
16389381,2.06532,1.01781,439,188340,0.314841,0.36,1,127317,126878,439
16391861,3.61306,0.203561,443,188340,0.254968,0.37,1,127321,126878,443
16394781,2.32261,8.84071,434,188340,0.250994,0.37,1,127323,126889,434
16397701,2.06452,1.76814,436,188340,0.218199,0.37,1,127325,126889,436
16400621,2.0129,0.353628,438,188340,0.25164,0.37,1,127327,126889,438
16402261,2.80258,0.0707257,441,188340,0.234328,0.34,1,127330,126889,441
16405181,2.16052,8.81415,432,188340,0.238866,0.34,1,127332,126900,432
16408101,2.0321,1.76283,434,188340,0.207773,0.34,1,127334,126900,434
16410581,4.40642,0.352566,439,188340,0.281555,0.25,1,127339,126900,439
16413501,3.28128,5.67051,435,188340,0.288311,0.25,1,127342,126907,435
16416421,2.25626,1.1341,437,188340,0.265662,0.25,1,127344,126907,437
16418901,4.45125,0.22682,442,188340,0.285132,0.29,1,127349,126907,442
16420981,15.2903,3.24536,456,188340,0.313026,0.17,1,127367,126911,456
16423901,4.65805,19.0491,435,188340,0.286605,0.17,1,127369,126934,435
16426821,2.53161,3.80981,437,188340,0.249321,0.17,1,127371,126934,437
16429741,2.10632,0.761963,439,188340,0.217864,0.17,1,127373,126934,439
16431381,3.62126,0.152393,443,188340,0.147573,0.39,1,127377,126934,443
16434301,3.12425,8.03048,436,188340,0.0775146,0.39,1,127380,126944,436
16437221,2.22485,1.6061,438,188340,0.215503,0.39,1,127382,126944,438
16440141,2.04497,0.321219,440,188340,0.219101,0.39,1,127384,126944,440
16442821,5.20899,0.0642438,446,188340,0.30782,0.38,1,127390,126944,446
16445741,3.4418,10.4128,436,188340,0.301564,0.38,1,127393,126957,436
16448661,2.28836,2.08257,438,188340,0.268313,0.38,1,127395,126957,438
16451581,2.05767,0.416514,440,188340,0.269663,0.38,1,127397,126957,440
16453221,5.21153,0.0833028,446,188340,0.229933,0.34,1,127403,126957,446
16456141,2.64231,10.4167,435,188340,0.301987,0.34,1,127405,126970,435
16459061,2.12846,2.08333,437,188340,0.284397,0.34,1,127407,126970,437
16461541,22.0257,0.416666,464,188340,0.360879,0.2,1,127434,126970,464
16463621,13.2051,24.0833,445,188340,0.320176,0.28,1,127445,127000,445
16466541,4.24103,13.6167,436,188340,0.320035,0.28,1,127447,127011,436
16469461,2.44821,2.72333,438,188340,0.312007,0.28,1,127449,127011,438
16471941,11.6896,0.544667,452,188340,0.246401,0.3,1,127463,127011,452
16474861,4.73793,12.9089,439,188340,0.23328,0.3,1,127466,127027,439
16477141,60.9476,2.58179,514,188340,0.270656,0.4,1,127541,127027,514
16480061,13.7895,63.7164,437,188340,0.246131,0.4,1,127543,127106,437
16482341,9.1579,12.7433,445,188340,0.313226,0.36,1,127551,127106,445
16484421,14.6316,12.1487,449,188340,0.334645,0.23,1,127567,127118,449
16486081,3.72632,13.6297,436,188340,0.322929,0.38,1,127568,127132,436
16488161,48.7453,50.7259,436,188340,0.360586,0.27,1,127628,127192,436
16491081,17.7491,16.5452,438,188340,0.376117,0.27,1,127638,127200,438
16493361,5.14981,3.30904,440,188340,0.347223,0.24,1,127640,127200,440
16496281,77.83,81.4618,435,188340,0.317445,0.24,1,127736,127301,435
16499201,17.166,16.2924,437,188340,0.279489,0.24,1,127738,127301,437
16501681,5.0332,3.25847,439,188340,0.311898,0.29,1,127740,127301,439
16504601,2.60664,4.65169,436,188340,0.28638,0.29,1,127742,127306,436
16506881,2.12133,0.930339,438,188340,0.249276,0.29,1,127744,127306,438
16509801,3.62427,7.38607,433,188340,0.241855,0.29,1,127748,127315,433
16512721,2.32485,1.47721,435,188340,0.208371,0.29,1,127750,127315,435
16515621,5.26497,0.295443,441,188340,0.273674,0.26,1,127756,127315,441
16518541,2.65299,9.65909,431,188340,0.350735,0.26,1,127758,127327,431
16521461,2.1306,1.93182,433,188340,0.334147,0.26,1,127760,127327,433
16524381,2.02612,0.386364,435,188340,0.306829,0.26,1,127762,127327,435
16527301,2.00522,0.0772727,437,188340,0.269366,0.26,1,127764,127327,437
16530181,3.60104,0.0154545,441,188340,0.277873,0.2,1,127768,127327,441
16533101,2.32021,5.60309,436,188340,0.247575,0.2,1,127770,127334,436
16536001,2.06404,1.12062,438,188340,0.321515,0.27,1,127772,127334,438
16538921,5.21281,7.42412,435,188340,0.304303,0.27,1,127778,127343,435
16541841,2.64256,1.48482,437,188340,0.268861,0.27,1,127780,127343,437
16544321,2.12851,0.296965,439,188340,0.229772,0.31,1,127782,127343,439
16547241,7.6257,10.4594,435,188340,0.341954,0.31,1,127791,127356,435
16549521,3.12514,2.09188,437,188340,0.340391,0.17,1,127793,127356,437
16552441,13.425,15.6184,434,188340,0.244078,0.17,1,127809,127375,434
16555361,4.28501,3.12367,436,188340,0.200816,0.17,1,127811,127375,436
16558281,2.457,0.624735,438,188340,0.216163,0.17,1,127813,127375,438
16559921,1.2914,0.124947,439,188340,0.203233,0.06,1,127814,127375,439
16562001,3.45828,4.02499,438,188340,0.160647,0.3,1,127818,127380,438
16564921,6.29166,11.205,432,188340,0.264129,0.3,1,127825,127393,432
16567841,2.85833,2.241,434,188340,0.284826,0.3,1,127827,127393,434
16570761,2.17167,0.4482,436,188340,0.256965,0.3,1,127829,127393,436
16573441,2.03433,0.08964,438,188340,0.251393,0.24,1,127831,127393,438
16576361,6.80687,7.21793,437,188340,0.314279,0.24,1,127839,127402,437
16579281,2.96137,1.44359,439,188340,0.302856,0.24,1,127841,127402,439
16581761,2.19227,0.288717,441,188340,0.372571,0.3,1,127843,127402,441
16584681,2.03845,3.25774,439,188340,0.386514,0.3,1,127845,127406,439
16586961,2.00769,0.651549,441,188340,0.389303,0.33,1,127847,127406,441
16589881,3.60154,10.5303,432,188340,0.381861,0.33,1,127851,127419,432
16591541,23.9203,2.10606,461,188340,0.308372,0.33,1,127880,127419,461
16593621,13.5841,20.4212,447,188340,0.309674,0.36,1,127891,127444,447
16596541,4.31681,13.6842,437,188340,0.277935,0.36,1,127893,127456,437
16599461,2.46336,2.73685,439,188340,0.295587,0.36,1,127895,127456,439
16601941,10.0927,0.54737,451,188340,0.267117,0.32,1,127907,127456,451
16604861,3.61853,13.7095,436,188340,0.237423,0.32,1,127909,127473,436
16607141,61.5237,2.74189,512,188340,0.287485,0.41,1,127985,127473,512
16610061,14.7047,59.7484,441,188340,0.289497,0.41,1,127988,127547,441
16612341,7.74095,11.9497,447,188340,0.353899,0.34,1,127994,127547,447
16614421,16.7482,9.58994,457,188340,0.37478,0.24,1,128013,127556,457
16617121,4.94964,17.918,439,188340,0.378956,0.42,1,128015,127576,439
16619201,48.1899,49.9836,440,188340,0.347791,0.39,1,128074,127634,440
16622121,19.238,19.5967,440,188340,0.341558,0.39,1,128086,127646,440
16624401,5.4476,3.91934,442,188340,0.364312,0.28,1,128088,127646,442
16627321,72.2895,77.5839,435,188340,0.344862,0.28,1,128177,127742,435
16630241,16.0579,15.5168,437,188340,0.308972,0.28,1,128179,127742,437
16632721,4.81158,3.10335,439,188340,0.277794,0.26,1,128181,127742,439
16635641,4.16232,4.62067,438,188340,0.239559,0.26,1,128185,127747,438
16637921,2.43246,0.924134,440,188340,0.319912,0.31,1,128187,127747,440
16640841,3.68649,6.58483,436,188340,0.375982,0.31,1,128191,127755,436
16643121,2.3373,1.31697,438,188340,0.355196,0.32,1,128193,127755,438
16646041,2.06746,5.06339,434,188340,0.343039,0.32,1,128195,127761,434
16648961,2.01349,1.01268,436,188340,0.308608,0.32,1,128197,127761,436
16651881,2.0027,0.202536,438,188340,0.325722,0.32,1,128199,127761,438
16653941,6.00054,0.0405071,445,188340,0.257144,0.33,1,128206,127761,445
16656861,3.60011,10.4081,435,188340,0.187429,0.33,1,128209,127774,435
16659781,2.32002,2.08162,437,188340,0.149486,0.33,1,128211,127774,437
16662701,2.064,0.416324,439,188340,0.109897,0.33,1,128213,127774,439
16665621,2.0128,0.0832648,441,188340,0.285979,0.33,1,128215,127774,441
16668501,3.60256,0.016653,445,188340,0.321196,0.26,1,128219,127774,445
16670581,3.92051,4.80333,443,188340,0.264239,0.39,1,128223,127780,443
16673501,2.3841,6.56067,438,188340,0.220848,0.39,1,128225,127787,438
16675361,1.27682,1.31213,439,188340,0.31617,0.33,1,128226,127787,439
16678281,5.05536,12.2624,430,188340,0.295234,0.33,1,128232,127802,430
16680561,2.61107,2.45249,432,188340,0.267047,0.19,1,128234,127802,432
16682641,13.3222,7.6905,439,188340,0.253409,0.36,1,128250,127811,439
16685561,9.06444,9.5381,437,188340,0.178682,0.36,1,128258,127821,437
16688481,3.41289,1.90762,439,188340,0.131736,0.36,1,128260,127821,439
16691401,2.28258,0.381524,441,188340,0.122347,0.36,1,128262,127821,441
16693041,1.25652,0.0763048,442,188340,0.256469,0.25,1,128263,127821,442
16695961,3.4513,8.01526,436,188340,0.299294,0.25,1,128267,127831,436
16698881,2.29026,1.60305,438,188340,0.283859,0.25,1,128269,127831,438
16701361,2.05805,0.32061,440,188340,0.288772,0.31,1,128271,127831,440
16704281,6.01161,7.26412,438,188340,0.249754,0.31,1,128278,127840,438
16706561,2.80232,1.45282,440,188340,0.217951,0.39,1,128280,127840,440
16709481,2.16046,4.29056,437,188340,0.17959,0.39,1,128282,127845,437
16712401,2.03209,0.858113,439,188340,0.171918,0.39,1,128284,127845,439
16714261,2.80642,0.171623,442,188340,0.338384,0.34,1,128287,127845,442
16717181,2.16128,6.43432,436,188340,0.331677,0.34,1,128289,127853,436
16720081,2.03226,1.28686,438,188340,0.298335,0.36,1,128291,127853,438
16722161,25.2065,26.6574,436,188340,0.243667,0.27,1,128322,127886,436
16724241,13.0413,10.9315,439,188340,0.280733,0.35,1,128332,127893,439
16727161,9.00826,10.1863,437,188340,0.264147,0.35,1,128340,127903,437
16730081,4.20165,2.03726,440,188340,0.220829,0.35,1,128343,127903,440
16731941,4.84033,0.407452,445,188340,0.236166,0.23,1,128348,127903,445
16734021,8.96807,4.88149,449,188340,0.247233,0.37,1,128358,127909,449
16735681,2.59361,8.9763,440,188340,0.225447,0.43,1,128359,127919,440
16738601,58.1187,59.3953,440,188340,0.229089,0.43,1,128431,127991,440
16740881,13.2237,11.8791,442,188340,0.197818,0.4,1,128433,127991,442
16742961,5.84475,7.97581,439,188340,0.303564,0.38,1,128437,127998,439
16745881,19.5689,19.9952,439,188340,0.260713,0.38,1,128460,128021,439
16748161,5.51379,3.99903,441,188340,0.276143,0.37,1,128462,128021,441
16751081,53.1028,54.3998,439,188340,0.303228,0.37,1,128527,128088,439
16753781,17.8206,10.88,448,188340,0.292646,0.39,1,128536,128088,448
16755441,5.16411,10.176,440,188340,0.266529,0.29,1,128538,128098,440
16758361,65.0328,67.6352,438,188340,0.237306,0.29,1,128618,128180,438
16760641,14.6066,13.527,440,188340,0.335461,0.34,1,128620,128180,440
16763561,6.12131,8.30541,437,188340,0.323092,0.34,1,128624,128187,437
16765841,2.82426,1.66108,439,188340,0.288618,0.29,1,128626,128187,439
16768761,3.76485,13.1322,427,188340,0.265724,0.29,1,128630,128203,427
16771681,2.35297,2.62644,429,188340,0.229145,0.29,1,128632,128203,429
16774601,2.07059,0.525289,431,188340,0.277829,0.29,1,128634,128203,431
16777521,2.01412,0.105058,433,188340,0.255566,0.29,1,128636,128203,433
16780441,2.00282,0.0210115,435,188340,0.219113,0.29,1,128638,128203,435
16782481,2.00056,0.00420231,437,188340,0.339823,0.33,1,128640,128203,437
16785401,6.80011,9.60084,433,188340,0.259965,0.33,1,128648,128215,433
16788321,2.96002,1.92017,435,188340,0.219993,0.33,1,128650,128215,435
16791241,2.192,0.384034,437,188340,0.315999,0.33,1,128652,128215,437
16792881,1.2384,0.0768067,438,188340,0.3512,0.34,1,128653,128215,438
16795801,4.24768,8.81536,432,188340,0.31024,0.34,1,128658,128226,432
16798721,2.44954,1.76307,434,188340,0.286048,0.34,1,128660,128226,434
16801641,2.08991,0.352614,436,188340,0.25721,0.34,1,128662,128226,436
16804321,2.01798,0.0705229,438,188340,0.259442,0.37,1,128664,128226,438
16807241,5.2036,8.0141,434,188340,0.323888,0.37,1,128670,128236,434
16810161,2.64072,1.60282,436,188340,0.304778,0.37,1,128672,128236,436
16813061,18.1281,0.320564,458,188340,0.212956,0.14,1,128694,128236,458
16815761,5.22563,18.4641,437,188340,0.162591,0.12,1,128696,128259,437
16818681,2.64513,6.09282,436,188340,0.144518,0.12,1,128698,128262,436
16820341,5.32903,1.21856,442,188340,0.284904,0.3,1,128704,128262,442
16823261,2.66581,10.6437,431,188340,0.288981,0.3,1,128706,128275,431
16826181,2.13316,2.12874,433,188340,0.337796,0.3,1,128708,128275,433
16829101,2.02663,0.425748,435,188340,0.323559,0.3,1,128710,128275,435
16832021,2.00533,0.0851497,437,188340,0.288712,0.3,1,128712,128275,437
16833861,4.40107,0.0170299,442,188340,0.281742,0.39,1,128717,128275,442
16836781,3.28021,8.80341,434,188340,0.312348,0.39,1,128720,128286,434
16839701,2.25604,1.76068,436,188340,0.28647,0.39,1,128722,128286,436
16842621,2.05121,0.352136,438,188340,0.249294,0.39,1,128724,128286,438
16844261,2.01024,0.0704272,440,188340,0.233859,0.22,1,128726,128286,440
16847181,2.80205,7.21409,434,188340,0.222772,0.22,1,128729,128295,434
16850101,2.16041,1.44282,436,188340,0.188554,0.22,1,128731,128295,436
16852581,26.0321,0.288563,468,188340,0.221711,0.34,1,128763,128295,468
16854661,12.4064,27.2577,443,188340,0.260342,0.21,1,128772,128329,443
16857361,4.88128,16.6515,432,188340,0.260068,0.21,1,128775,128343,432
16860281,7.37626,8.93031,433,188340,0.324014,0.21,1,128783,128350,433
16862561,3.07525,1.78606,435,188340,0.312803,0.27,1,128785,128350,435
16865481,15.8151,13.9572,437,188340,0.358561,0.27,1,128804,128367,437
16868181,55.963,2.79144,503,188340,0.319712,0.35,1,128870,128367,503
16871101,13.5926,55.7583,437,188340,0.263942,0.35,1,128873,128436,437
16873381,8.31852,11.1517,444,188340,0.316788,0.36,1,128880,128436,444
16875461,21.6637,10.2303,459,188340,0.223358,0.23,1,128905,128446,459
16878381,5.93274,22.0461,436,188340,0.268672,0.23,1,128907,128471,436
16880661,45.1865,4.40921,491,188340,0.301734,0.31,1,128962,128471,491
16882741,21.8373,48.8818,447,188340,0.260347,0.27,1,128978,128531,447
16885661,6.76746,20.1764,437,188340,0.236069,0.27,1,128981,128544,437
16887941,66.1535,4.03527,518,188340,0.343214,0.27,1,129062,128544,518
16890861,14.8307,68.8071,435,188340,0.332643,0.27,1,129064,128629,435
16893781,4.56614,13.7614,437,188340,0.338529,0.27,1,129066,128629,437
16896701,2.51323,2.75228,439,188340,0.307706,0.27,1,129068,128629,439
16898341,1.30265,0.550456,440,188340,0.285541,0.22,1,129069,128629,440
16900421,1.86053,2.51009,439,188340,0.361108,0.37,1,129071,128632,439
16903341,1.97211,6.90202,433,188340,0.336222,0.37,1,129073,128640,433
16906261,1.99442,1.3804,435,188340,0.299244,0.37,1,129075,128640,435
16909181,1.99888,0.276081,437,188340,0.315849,0.37,1,129077,128640,437
16911441,1.99978,0.0552161,439,188340,0.28717,0.24,1,129079,128640,439
16913521,5.19996,6.41104,437,188340,0.313434,0.3,1,129085,128648,437
16916441,5.83999,9.28221,433,188340,0.350687,0.3,1,129091,128658,433
16919361,2.768,1.85644,435,188340,0.358137,0.3,1,129093,128658,435
16922281,2.1536,0.371288,437,188340,0.335627,0.3,1,129095,128658,437
16923921,1.23072,0.0742577,438,188340,0.315125,0.34,1,129096,128658,438
16926841,5.04614,9.61485,432,188340,0.335025,0.34,1,129102,128670,432
16929761,2.60923,1.92297,434,188340,0.315005,0.34,1,129104,128670,434
16932681,2.12185,0.384594,436,188340,0.295001,0.34,1,129106,128670,436
16935361,2.02437,0.0769188,438,188340,0.379,0.26,1,129108,128670,438
16938281,3.60487,6.41538,434,188340,0.3718,0.26,1,129112,128678,434
16940561,2.32097,1.28308,436,188340,0.34636,0.16,1,129114,128678,436
16943481,15.6642,15.4566,436,188340,0.325272,0.16,1,129133,128697,436
16946401,4.73284,3.09132,438,188340,0.289054,0.16,1,129135,128697,438
16948261,6.54657,0.618265,445,188340,0.233811,0.35,1,129142,128697,445
16951181,2.90931,8.92365,436,188340,0.182762,0.35,1,129144,128708,436
16954081,2.18186,1.78473,438,188340,0.292552,0.28,1,129146,128708,438
16957001,5.23637,11.5569,430,188340,0.31451,0.28,1,129152,128722,430
16959921,2.64727,2.31139,432,188340,0.294902,0.28,1,129154,128722,432
16962841,2.12945,0.462278,434,188340,0.34698,0.28,1,129156,128722,434
16965761,2.02589,0.0924556,436,188340,0.357396,0.28,1,129158,128722,436
16967601,1.20518,0.0184911,437,188340,0.343479,0.31,1,129159,128722,437
16970521,3.44104,9.6037,429,188340,0.308696,0.31,1,129163,128734,429
16973441,2.28821,1.92074,431,188340,0.365739,0.31,1,129165,128734,431
16976361,2.05764,0.384148,433,188340,0.345148,0.31,1,129167,128734,433
16979281,2.01153,0.0768296,435,188340,0.30103,0.31,1,129169,128734,435
16981121,1.20231,0.0153659,436,188340,0.276206,0.31,1,129170,128734,436
16983201,29.8405,28.0031,438,188340,0.415241,0.32,1,129207,128769,438
16986121,13.1681,12.8006,438,188340,0.387048,0.32,1,129216,128778,438
16988401,4.23362,2.56012,440,188340,0.34941,0.32,1,129218,128778,440
16991321,12.0467,10.912,441,188340,0.301882,0.32,1,129232,128791,441
16993601,4.00934,2.1824,443,188340,0.268376,0.27,1,129234,128791,443
16995681,13.6019,18.8365,436,188340,0.389675,0.21,1,129250,128814,436
16998601,49.9204,52.5673,434,188340,0.413935,0.21,1,129309,128875,434
17001521,11.5841,10.5135,436,188340,0.394787,0.21,1,129311,128875,436
17003381,7.91681,2.10269,443,188340,0.310957,0.29,1,129318,128875,443
17005461,24.7834,6.02054,465,188340,0.366191,0.32,1,129347,128882,465
17008381,6.55667,26.0041,436,188340,0.345238,0.32,1,129349,128913,436
17010661,44.5113,5.20082,490,188340,0.277048,0.29,1,129403,128913,490
17012741,26.5023,49.0402,452,188340,0.23141,0.36,1,129425,128973,452
17015661,7.70045,23.408,438,188340,0.246282,0.36,1,129428,128990,438
17017941,62.3401,4.68161,514,188340,0.249256,0.38,1,129504,128990,514
17020861,14.068,65.7363,435,188340,0.281851,0.38,1,129506,129071,435
17023781,4.4136,13.1473,437,188340,0.25637,0.38,1,129508,129071,437
17026701,2.48272,2.62945,439,188340,0.251274,0.38,1,129510,129071,439
17028961,2.09654,0.52589,441,188340,0.218255,0.32,1,129512,129071,441
17031881,2.01931,4.90518,437,188340,0.235651,0.32,1,129514,129077,437
17034801,2.00386,0.981036,439,188340,0.19913,0.32,1,129516,129077,439
17037281,2.00077,0.196207,441,188340,0.159826,0.36,1,129518,129077,441
17040201,8.40015,9.63924,439,188340,0.231965,0.36,1,129528,129089,439
17043121,3.28003,1.92785,441,188340,0.214393,0.36,1,129530,129089,441
17046021,3.05601,0.38557,444,188340,0.306879,0.31,1,129533,129089,444
17048941,2.2112,5.67711,439,188340,0.293376,0.31,1,129535,129096,439
17051861,2.04224,1.13542,441,188340,0.258675,0.31,1,129537,129096,441
17054341,5.20845,0.227085,447,188340,0.267735,0.31,1,129543,129096,447
17057261,2.64169,7.24542,440,188340,0.237547,0.31,1,129545,129105,440
17060161,2.12834,1.44908,442,188340,0.199509,0.37,1,129547,129105,442
17063081,3.62567,5.88982,439,188340,0.303902,0.37,1,129551,129112,439
17066001,2.32513,1.17796,441,188340,0.32478,0.37,1,129553,129112,441
17067861,2.86503,0.235593,444,188340,0.296956,0.34,1,129556,129112,444
17070781,2.17301,7.24712,437,188340,0.259391,0.34,1,129558,129121,437
17073061,17.2346,1.44942,458,188340,0.227878,0.17,1,129579,129121,458
17075981,5.04692,18.6899,437,188340,0.277576,0.17,1,129581,129144,437
17078881,2.60938,3.73798,439,188340,0.255515,0.29,1,129583,129144,439
17081801,6.12188,8.7476,436,188340,0.243103,0.29,1,129590,129154,436
17084721,2.82438,1.74952,438,188340,0.216621,0.29,1,129592,129154,438
17087201,2.16488,0.349904,440,188340,0.251324,0.3,1,129594,129154,440
17090121,3.63298,7.26998,435,188340,0.266265,0.3,1,129598,129163,435
17093041,2.32659,1.454,437,188340,0.237253,0.3,1,129600,129163,437
17095961,2.06532,0.290799,439,188340,0.199451,0.3,1,129602,129163,439
17098641,2.01306,0.0581598,441,188340,0.27189,0.27,1,129604,129163,441
17101561,2.00261,5.61163,436,188340,0.286378,0.27,1,129606,129170,436
17104481,2.00052,1.12233,438,188340,0.249276,0.27,1,129608,129170,438
17107401,2.0001,0.224465,440,188340,0.209855,0.27,1,129610,129170,440
17110081,2.00002,0.044893,442,188340,0.169971,0.42,1,129612,129170,442
17112161,5.2,9.60898,436,188340,0.209994,0.34,1,129618,129182,436
17115081,32.24,30.7218,439,188340,0.273999,0.34,1,129657,129218,439
17117781,10.448,6.14436,444,188340,0.2628,0.35,1,129662,129218,444
17119441,3.6896,7.62887,438,188340,0.26056,0.26,1,129664,129226,438
17121521,8.73792,7.92577,440,188340,0.236112,0.33,1,129674,129234,440
17124441,6.54758,5.58515,441,188340,0.271222,0.33,1,129680,129239,441
17126101,14.9095,1.11703,458,188340,0.270244,0.34,1,129697,129239,458
17128181,50.9819,17.0234,497,188340,0.350049,0.25,1,129757,129260,497
17131101,11.7964,51.4047,439,188340,0.33401,0.25,1,129759,129320,439
17134001,3.95928,10.2809,441,188340,0.306802,0.34,1,129761,129320,441
17136921,25.5919,30.8562,436,188340,0.27736,0.34,1,129792,129356,436
17139201,7.51837,6.17124,439,188340,0.311472,0.33,1,129795,129356,439
17141281,43.1037,47.6342,433,188340,0.286294,0.29,1,129847,129414,433
17144201,27.0207,27.1268,434,188340,0.273259,0.29,1,129870,129436,434
17146481,7.00415,5.42537,436,188340,0.270652,0.21,1,129872,129436,436
17149401,57.4008,64.2851,427,188340,0.33413,0.21,1,129942,129515,427
17152321,13.0802,12.857,429,188340,0.346826,0.21,1,129944,129515,429
17155241,4.21603,2.5714,431,188340,0.325365,0.21,1,129946,129515,431
17158161,2.44321,0.514281,433,188340,0.289073,0.21,1,129948,129515,433
17161081,2.08864,0.102856,435,188340,0.249815,0.21,1,129950,129515,435
17163541,3.61773,0.0205712,439,188340,0.233963,0.1,1,129954,129515,439
17166461,2.32355,4.80411,435,188340,0.254793,0.1,1,129956,129521,435
17168321,1.26471,0.960823,436,188340,0.242959,0.21,1,129957,129521,436
17171241,8.25294,14.5922,428,188340,0.128592,0.21,1,129967,129539,428
17174161,3.25059,2.91843,430,188340,0.289718,0.21,1,129969,129539,430
17177081,2.25012,0.583687,432,188340,0.329944,0.21,1,129971,129539,432
17180001,2.05002,0.116737,434,188340,0.305989,0.21,1,129973,129539,434
17182881,2.01,0.0233475,436,188340,0.293198,0.23,1,129975,129539,436
17184961,5.202,4.80467,436,188340,0.29864,0.29,1,129981,129545,436
17187881,5.8404,9.76093,431,188340,0.211728,0.29,1,129987,129556,431
17190801,2.76808,1.95219,433,188340,0.346346,0.29,1,129989,129556,433
17193721,2.15362,0.390437,435,188340,0.381269,0.29,1,129991,129556,435
17196401,2.03072,0.0780875,437,188340,0.356254,0.31,1,129993,129556,437
17199321,3.60614,8.81562,430,188340,0.359251,0.31,1,129997,129567,430
17201601,2.32123,1.76312,432,188340,0.34385,0.21,1,129999,129567,432
17204521,18.8642,20.3526,430,188340,0.34077,0.21,1,130022,129592,430
17207441,5.37285,4.07052,432,188340,0.356154,0.21,1,130024,129592,432
17210361,2.67457,0.814105,434,188340,0.327231,0.21,1,130026,129592,434
17212001,1.33491,0.162821,435,188340,0.305446,0.31,1,130027,129592,435
17214921,3.46698,8.83256,428,188340,0.365089,0.31,1,130031,129603,428
17217841,2.2934,1.76651,430,188340,0.353018,0.31,1,130033,129603,430
17220761,2.05868,0.353303,432,188340,0.342604,0.31,1,130035,129603,432
17223681,2.01174,0.0706605,434,188340,0.348521,0.31,1,130037,129603,434
17226561,2.00235,0.0141321,436,188340,0.317704,0.31,1,130039,129603,436
17229481,3.60047,8.80283,429,188340,0.303541,0.31,1,130043,129614,429
17232401,2.32009,1.76057,431,188340,0.260708,0.31,1,130045,129614,431
17235321,2.06402,0.352113,433,188340,0.220142,0.31,1,130047,129614,433
17238241,2.0128,0.0704226,435,188340,0.188028,0.31,1,130049,129614,435
17241121,2.00256,0.0140845,437,188340,0.149606,0.14,1,130051,129614,437
17243201,5.20051,6.40282,435,188340,0.293921,0.28,1,130057,129622,435
17246121,37.0401,37.2806,435,188340,0.298784,0.28,1,130102,129667,435
17249041,9.00802,7.45611,437,188340,0.307757,0.28,1,130104,129667,437
17251941,11.4016,1.49122,449,188340,0.237551,0.3,1,130116,129667,449
17254021,10.2803,9.89824,447,188340,0.22351,0.33,1,130126,129679,447
17256101,10.0561,11.5796,445,188340,0.212702,0.32,1,130136,129691,445
17258181,50.8112,10.3159,496,188340,0.22654,0.2,1,130197,129701,496
17261101,11.7622,55.6632,431,188340,0.229308,0.2,1,130199,129768,431
17264021,3.95245,11.1326,433,188340,0.205862,0.2,1,130201,129768,433
17266501,32.7905,2.22653,473,188340,0.193172,0.34,1,130241,129768,473
17269421,8.9581,29.2453,440,188340,0.294634,0.34,1,130244,129804,440
17271701,38.5916,5.84906,486,188340,0.274927,0.3,1,130290,129804,486
17273781,24.5183,44.3698,453,188340,0.230985,0.21,1,130311,129858,453
17276701,7.30366,24.074,437,188340,0.254197,0.21,1,130314,129877,437
17278981,56.6607,4.81479,506,188340,0.218839,0.24,1,130383,129877,506
17281901,12.9321,64.963,428,188340,0.179768,0.24,1,130385,129957,428
17284821,4.18643,12.9926,430,188340,0.267954,0.24,1,130387,129957,430
17287741,2.43729,2.59852,432,188340,0.253591,0.24,1,130389,129957,432
17290661,2.08746,0.519704,434,188340,0.218718,0.24,1,130391,129957,434
17293581,2.01749,0.103941,436,188340,0.259744,0.24,1,130393,129957,436
17296501,2.0035,0.0207881,438,188340,0.235949,0.24,1,130395,129957,438
17298741,3.6007,0.00415763,442,188340,0.22319,0.17,1,130399,129957,442
17300821,8.72014,4.80083,446,188340,0.244638,0.38,1,130409,129963,446
17303741,4.14403,12.1602,435,188340,0.240928,0.38,1,130412,129977,435
17306661,2.42881,2.43203,437,188340,0.296186,0.38,1,130414,129977,437
17309581,2.08576,0.486407,439,188340,0.275237,0.38,1,130416,129977,439
17312501,2.01715,0.0972813,441,188340,0.239047,0.38,1,130418,129977,441
17315381,6.80343,0.0194563,449,188340,0.215809,0.38,1,130426,129977,449
17318081,2.96069,9.60389,439,188340,0.299162,0.34,1,130428,129989,439
17321001,3.79214,9.92078,433,188340,0.291832,0.34,1,130432,129999,433
17323921,2.35843,1.98416,435,188340,0.298366,0.34,1,130434,129999,435
17326841,2.07169,0.396831,437,188340,0.275673,0.34,1,130436,129999,437
17329521,2.01434,0.0793662,439,188340,0.279135,0.32,1,130438,129999,439
17332441,12.4029,10.4159,441,188340,0.215827,0.32,1,130453,130012,441
17334101,9.68057,2.08317,450,188340,0.227165,0.36,1,130462,130012,450
17336181,3.53611,10.0166,440,188340,0.197433,0.32,1,130464,130024,440
17337841,1.50722,3.60333,439,188340,0.175487,0.31,1,130465,130026,439
17340761,5.90144,12.7207,431,188340,0.275097,0.31,1,130472,130041,431
17343681,2.78029,2.54413,433,188340,0.263019,0.31,1,130474,130041,433
17346601,2.15606,0.508827,435,188340,0.268604,0.31,1,130476,130041,435
17349521,2.03121,0.101765,437,188340,0.245721,0.31,1,130478,130041,437
17352441,2.00624,0.0203531,439,188340,0.249144,0.31,1,130480,130041,439
17355361,2.00125,0.00407061,441,188340,0.305829,0.31,1,130482,130041,441
17357601,2.00025,0.000814122,443,188340,0.309166,0.14,1,130484,130041,443
17360521,2.00005,8.00016,435,188340,0.333833,0.14,1,130486,130051,435
17363441,2.00001,1.60003,437,188340,0.306767,0.14,1,130488,130051,437
17366361,2,0.320006,439,188340,0.277353,0.14,1,130490,130051,439
17369041,2,0.0640013,441,188340,0.247471,0.35,1,130492,130051,441
17371961,4.4,4.0128,441,188340,0.273494,0.35,1,130497,130056,441
17373621,4.08,0.80256,445,188340,0.310699,0.41,1,130501,130056,445
17375701,32.016,5.76051,477,188340,0.30214,0.38,1,130540,130063,477
17378621,8.0032,36.3521,435,188340,0.276428,0.38,1,130542,130107,435
17380901,17.6006,7.27042,455,188340,0.319286,0.2,1,130562,130107,455
17383821,5.12013,17.4541,437,188340,0.295857,0.2,1,130564,130127,437
17386101,10.624,3.49082,449,188340,0.283171,0.33,1,130576,130127,449
17388181,49.3248,10.2982,496,188340,0.320634,0.23,1,130635,130139,496
17391101,12.265,54.0596,434,188340,0.280127,0.23,1,130638,130204,434
17394021,4.05299,10.8119,436,188340,0.320025,0.23,1,130640,130204,436
17396501,32.0106,2.16239,475,188340,0.248005,0.3,1,130679,130204,475
17399421,8.00212,37.2325,431,188340,0.249601,0.3,1,130681,130250,431
17401701,45.6004,7.44649,486,188340,0.27392,0.26,1,130736,130250,486
17403781,19.5201,43.0893,447,188340,0.254784,0.28,1,130749,130302,447
17405861,5.50402,17.4179,438,188340,0.258957,0.21,1,130751,130313,438
17407521,1.9008,7.48357,434,188340,0.243791,0.27,1,130752,130318,434
17410441,56.3802,61.4967,429,188340,0.280758,0.27,1,130822,130393,429
17413361,12.876,12.2993,431,188340,0.256152,0.27,1,130824,130393,431
17416281,4.17521,2.45987,433,188340,0.21923,0.27,1,130826,130393,433
17419201,2.43504,0.491974,435,188340,0.219846,0.27,1,130828,130393,435
17421041,1.28701,0.0983947,436,188340,0.355969,0.16,1,130829,130393,436
17423961,5.0574,7.21968,433,188340,0.287194,0.16,1,130835,130402,433
17426881,2.61148,1.44394,435,188340,0.241439,0.16,1,130837,130402,435
17429361,2.1223,0.288787,437,188340,0.208288,0.25,1,130839,130402,437
17432281,8.42446,12.0578,432,188340,0.305658,0.25,1,130849,130417,432
17435201,3.28489,2.41155,434,188340,0.293132,0.25,1,130851,130417,434
17438121,2.25698,0.48231,436,188340,0.266626,0.25,1,130853,130417,436
17439761,1.2514,0.096462,437,188340,0.333325,0.21,1,130854,130417,437
17442681,5.85028,7.21929,435,188340,0.354665,0.21,1,130861,130426,435
17444341,5.17006,1.44386,440,188340,0.326933,0.3,1,130866,130426,440
17447261,2.63401,6.68877,434,188340,0.321387,0.3,1,130868,130434,434
17450181,2.1268,1.33775,436,188340,0.320277,0.3,1,130870,130434,436
17452661,6.82536,0.267551,444,188340,0.336055,0.25,1,130878,130434,444
17455581,2.96507,13.6535,429,188340,0.315211,0.25,1,130880,130451,429
17458501,2.19301,2.7307,431,188340,0.279042,0.25,1,130882,130451,431
17460561,2.0386,0.54614,433,188340,0.367808,0.16,1,130884,130451,433
17462641,3.60772,4.90923,431,188340,0.353562,0.19,1,130888,130457,431
17464721,9.52154,6.58185,435,188340,0.294712,0.34,1,130899,130464,435
17467641,7.50431,6.11637,436,188340,0.258942,0.34,1,130906,130470,436
17470341,5.50086,1.22327,441,188340,0.339789,0.28,1,130911,130470,441
17473261,2.70017,4.24465,438,188340,0.323958,0.28,1,130913,130475,438
17475541,2.14003,0.848931,440,188340,0.336792,0.34,1,130915,130475,440
17478461,2.02801,6.56979,434,188340,0.347358,0.34,1,130917,130483,434
17481381,2.0056,1.31396,436,188340,0.317472,0.34,1,130919,130483,436
17484301,2.00112,0.262791,438,188340,0.319494,0.34,1,130921,130483,438
17486981,2.00022,0.0525583,440,188340,0.311899,0.27,1,130923,130483,440
17489901,2.00004,5.61051,435,188340,0.31038,0.27,1,130925,130490,435
17492821,2.00001,1.1221,437,188340,0.278076,0.27,1,130927,130490,437
17495301,3.6,0.22442,441,188340,0.199615,0.28,1,130931,130490,441
17498221,2.32,5.64488,436,188340,0.159923,0.28,1,130933,130497,436
17500081,1.264,1.12898,437,188340,0.319985,0.38,1,130934,130497,437
17503001,5.8528,9.0258,433,188340,0.279997,0.38,1,130941,130508,433
17505701,35.5706,1.80516,476,188340,0.415999,0.3,1,130984,130508,476
17508621,9.51411,34.761,436,188340,0.4192,0.3,1,130987,130551,436
17510901,13.9028,6.95221,451,188340,0.34784,0.32,1,131002,130551,451
17513821,5.18056,14.1904,438,188340,0.357568,0.32,1,131005,130567,438
17516101,13.0361,2.83809,453,188340,0.367514,0.31,1,131020,130567,453
17518181,49.0072,16.5676,491,188340,0.241503,0.28,1,131078,130587,491
17521101,12.2014,48.1135,438,188340,0.320301,0.28,1,131081,130643,438
17524021,4.04029,9.6227,440,188340,0.30406,0.28,1,131083,130643,440
17526501,32.8081,1.92454,480,188340,0.284812,0.43,1,131123,130643,480
17529421,8.96161,34.7849,440,188340,0.296962,0.43,1,131126,130686,440
17531701,47.3923,6.95698,497,188340,0.315392,0.27,1,131183,130686,497
17533781,17.4785,50.9914,445,188340,0.207079,0.21,1,131193,130748,445
17536701,5.09569,21.3983,433,188340,0.273416,0.21,1,131195,130762,433
17538561,1.81914,4.27966,434,188340,0.270683,0.33,1,131196,130762,434
17541481,56.3638,56.8559,434,188340,0.294137,0.33,1,131266,130832,434
17544401,12.8728,11.3712,436,188340,0.274827,0.33,1,131268,130832,436
17547321,4.17455,2.27424,438,188340,0.358965,0.33,1,131270,130832,438
17550241,2.43491,0.454847,440,188340,0.359793,0.33,1,131272,130832,440
17552081,1.28698,0.0909695,441,188340,0.343959,0.46,1,131273,130832,441
17555001,3.4574,8.81819,434,188340,0.308792,0.46,1,131277,130843,434
17557921,2.29148,1.76364,436,188340,0.261758,0.46,1,131279,130843,436
17560401,2.0583,0.352728,438,188340,0.300352,0.26,1,131281,130843,438
17563321,8.41166,8.07055,438,188340,0.31607,0.26,1,131291,130853,438
17565601,3.28233,1.61411,440,188340,0.287214,0.32,1,131293,130853,440
17568521,8.65647,10.7228,437,188340,0.345443,0.32,1,131303,130866,437
17571441,3.33129,2.14456,439,188340,0.333089,0.32,1,131305,130866,439
17574341,3.06626,0.428913,442,188340,0.410618,0.33,1,131308,130866,442
17577261,3.01325,4.88578,439,188340,0.394124,0.33,1,131311,130872,439
17580181,2.20265,0.977156,441,188340,0.358825,0.33,1,131313,130872,441
17582661,3.64053,0.195431,445,188340,0.327765,0.32,1,131317,130872,445
17584741,2.32811,5.63909,440,188340,0.345553,0.35,1,131319,130879,440
17587661,2.06562,8.32782,433,188340,0.349111,0.35,1,131321,130888,433
17590581,2.01312,1.66556,435,188340,0.325822,0.35,1,131323,130888,435
17593061,5.20263,0.333113,441,188340,0.385164,0.24,1,131329,130888,441
17595141,10.6405,5.66662,446,188340,0.325033,0.23,1,131341,130895,446
17597221,7.7281,7.53332,445,188340,0.281007,0.36,1,131348,130903,445
17599301,4.74562,7.90666,441,188340,0.216201,0.31,1,131352,130911,441
17602221,2.54912,11.1813,431,188340,0.22724,0.31,1,131354,130923,431
17605141,2.10982,2.23627,433,188340,0.237448,0.31,1,131356,130923,433
17608061,2.02196,0.447253,435,188340,0.35149,0.31,1,131358,130923,435
17610981,2.00439,0.0894507,437,188340,0.342298,0.31,1,131360,130923,437
17613901,2.00088,0.0178901,439,188340,0.31646,0.31,1,131362,130923,439
17615941,3.60018,0.00357803,443,188340,0.303292,0.18,1,131366,130923,443
17618861,2.32004,6.40072,437,188340,0.268658,0.18,1,131368,130931,437
17621781,2.06401,1.28014,439,188340,0.229732,0.18,1,131370,130931,439
17623841,2.0128,0.256029,441,188340,0.205946,0.29,1,131372,130931,441
17626761,5.20256,7.25121,438,188340,0.321189,0.29,1,131378,130940,438
17629681,2.64051,1.45024,440,188340,0.312238,0.29,1,131380,130940,440
17632581,2.1281,0.290048,442,188340,0.286448,0.35,1,131382,130940,442
17634661,38.8256,4.85801,484,188340,0.37729,0.42,1,131430,130946,484
17637581,9.36512,39.3716,438,188340,0.395458,0.42,1,131432,130994,438
17639441,2.67302,7.87432,439,188340,0.383092,0.36,1,131433,130994,439
17641521,7.73461,10.3749,437,188340,0.300618,0.37,1,131442,131005,437
17644441,3.14692,3.67497,437,188340,0.252124,0.37,1,131444,131007,437
17646101,18.2294,0.734995,459,188340,0.314425,0.29,1,131466,131007,459
17648181,47.6459,16.947,493,188340,0.254885,0.31,1,131521,131028,493
17651101,11.1292,52.9894,433,188340,0.250977,0.31,1,131523,131090,433
17654021,3.82583,10.5979,435,188340,0.290195,0.31,1,131525,131090,435
17656501,35.9652,2.11958,479,188340,0.234039,0.34,1,131569,131090,479
17659421,8.79303,34.0239,439,188340,0.230808,0.34,1,131571,131132,439
17661701,41.7586,6.80478,489,188340,0.214162,0.29,1,131621,131132,489
17663781,18.7517,45.361,447,188340,0.250832,0.26,1,131634,131187,447
17666701,5.35034,17.8722,438,188340,0.226166,0.26,1,131636,131198,438
17669601,2.67007,3.57444,440,188340,0.181233,0.34,1,131638,131198,440
17672521,56.534,60.7149,435,188340,0.252247,0.34,1,131708,131273,435
17675441,12.9068,12.143,437,188340,0.242449,0.34,1,131710,131273,437
17678361,4.18136,2.4286,439,188340,0.20849,0.34,1,131712,131273,439
17681041,2.43627,0.485719,441,188340,0.201698,0.42,1,131714,131273,441
17683961,5.28725,9.69714,435,188340,0.26434,0.42,1,131720,131285,435
17686881,2.65745,1.93943,437,188340,0.244868,0.42,1,131722,131285,437
17689801,2.13149,0.387886,439,188340,0.304974,0.42,1,131724,131285,439
17691441,1.2263,0.0775771,440,188340,0.300995,0.42,1,131725,131285,440
17694361,8.24526,8.81552,439,188340,0.244199,0.42,1,131735,131296,439
17696641,3.24905,1.7631,441,188340,0.20084,0.43,1,131737,131296,441
17699561,7.04981,9.95262,437,188340,0.304168,0.43,1,131745,131308,437
17701841,3.00996,1.99052,439,188340,0.292834,0.37,1,131747,131308,439
17704761,5.40199,8.3981,435,188340,0.274567,0.37,1,131753,131318,435
17707681,2.6804,1.67962,437,188340,0.294913,0.37,1,131755,131318,437
17710601,2.13608,0.335924,439,188340,0.266983,0.37,1,131757,131318,439
17713281,2.02722,0.0671848,441,188340,0.261397,0.3,1,131759,131318,441
17716201,2.00544,6.41344,435,188340,0.316279,0.3,1,131761,131326,435
17719121,2.00109,1.28269,437,188340,0.287256,0.3,1,131763,131326,437
17721601,2.00022,0.256537,439,188340,0.241451,0.31,1,131765,131326,439
17723681,5.20004,5.65131,438,188340,0.26429,0.33,1,131771,131333,438
17725761,4.24001,8.33026,433,188340,0.228858,0.23,1,131775,131342,433
17728681,12.048,11.2661,435,188340,0.237772,0.23,1,131789,131354,435
17731381,5.6096,2.25321,439,188340,0.231554,0.29,1,131793,131354,439
17734301,2.72192,7.65064,432,188340,0.198311,0.29,1,131795,131363,432
17737221,2.14438,1.53013,434,188340,0.183662,0.29,1,131797,131363,434
17740141,2.02888,0.306026,436,188340,0.156732,0.29,1,131799,131363,436
17743061,2.00578,0.0612051,438,188340,0.143346,0.29,1,131801,131363,438
17745941,4.40116,0.012241,443,188340,0.204669,0.28,1,131806,131363,443
17748021,4.08023,3.20245,443,188340,0.168934,0.37,1,131810,131367,443
17750941,2.41605,7.84049,436,188340,0.129787,0.37,1,131812,131376,436
17753861,2.08321,1.5681,438,188340,0.241957,0.37,1,131814,131376,438
17756341,6.01664,0.31362,445,188340,0.264391,0.38,1,131821,131376,445
17759261,2.80333,8.86272,436,188340,0.260878,0.38,1,131823,131387,436
17762181,2.16067,1.77254,438,188340,0.228176,0.38,1,131825,131387,438
17764661,35.6321,0.354509,482,188340,0.237635,0.37,1,131869,131387,482
17767581,8.72643,39.2709,435,188340,0.239527,0.37,1,131871,131436,435
17770481,3.34529,7.85418,437,188340,0.295905,0.28,1,131873,131436,437
17773401,5.46906,8.77084,434,188340,0.251181,0.28,1,131879,131445,434
17776101,27.4938,1.75417,467,188340,0.194236,0.29,1,131912,131445,467
17778181,43.0988,24.3508,484,188340,0.158847,0.32,1,131959,131475,484
17781101,10.2198,44.0702,437,188340,0.303769,0.32,1,131961,131524,437
17783381,4.44395,8.81403,440,188340,0.284754,0.28,1,131964,131524,440
17785041,2.48879,4.96281,438,188340,0.248951,0.23,1,131966,131528,438
17787961,31.6978,36.9926,432,188340,0.32179,0.23,1,132005,131573,432
17790241,7.93955,7.39851,434,188340,0.304358,0.15,1,132007,131573,434
17792321,43.1879,47.8797,428,188340,0.252872,0.18,1,132059,131631,428
17795241,19.0376,19.1759,429,188340,0.226574,0.18,1,132072,131643,429
17798161,5.40752,3.83519,431,188340,0.261315,0.18,1,132074,131643,431
17800641,2.6815,0.767038,433,188340,0.236263,0.22,1,132076,131643,433
17803561,56.5363,56.1534,433,188340,0.151253,0.22,1,132146,131713,433
17806481,12.9073,11.2307,435,188340,0.230251,0.22,1,132148,131713,435
17808961,4.18145,2.24614,437,188340,0.21405,0.3,1,132150,131713,437
17811881,4.03629,5.24923,435,188340,0.17881,0.3,1,132154,131719,435
17813541,8.80726,1.04985,445,188340,0.187762,0.26,1,132164,131719,445
17816461,4.16145,11.41,434,188340,0.173552,0.26,1,132167,131733,434
17819381,2.43229,2.28199,436,188340,0.15471,0.26,1,132169,131733,436
17822301,2.08646,0.456399,438,188340,0.118942,0.26,1,132171,131733,438
17823941,4.41729,0.0912797,443,188340,0.135788,0.38,1,132176,131733,443
17826861,2.48346,8.01826,435,188340,0.227158,0.38,1,132178,131743,435
17829141,3.69669,1.60365,439,188340,0.181432,0.29,1,132182,131743,439
17832061,2.33934,5.12073,435,188340,0.164286,0.29,1,132184,131749,435
17834341,3.66787,1.02415,439,188340,0.112857,0.35,1,132188,131749,439
17837261,2.33357,9.00483,430,188340,0.206571,0.35,1,132190,131760,430
17840181,2.06671,1.80097,432,188340,0.225314,0.35,1,132192,131760,432
17843101,2.01334,0.360193,434,188340,0.197063,0.35,1,132194,131760,434
17845781,2.00267,0.0720386,436,188340,0.175413,0.3,1,132196,131760,436
17847861,5.20053,1.61441,440,188340,0.195083,0.26,1,132202,131762,440
17850781,2.64011,9.12288,431,188340,0.167017,0.26,1,132204,131773,431
17853701,2.12802,1.82458,433,188340,0.137403,0.26,1,132206,131773,433
17856181,6.0256,0.364915,440,188340,0.235481,0.19,1,132213,131773,440
17858261,5.20512,6.47298,437,188340,0.231096,0.22,1,132218,131781,437
17860341,9.84102,8.4946,439,188340,0.134219,0.28,1,132229,131790,439
17863261,3.5682,12.0989,428,188340,0.0908438,0.28,1,132231,131803,428
17866181,2.31364,2.41978,430,188340,0.122169,0.28,1,132233,131803,430
17869101,2.06273,0.483957,432,188340,0.104434,0.28,1,132235,131803,432
17872021,2.01255,0.0967913,434,188340,0.0688867,0.28,1,132237,131803,434
17874901,3.60251,0.0193583,438,188340,0.0297773,0.2,1,132241,131803,438
17876561,1.5205,3.20387,435,188340,0.00595547,0.12,1,132242,131807,435
17878641,3.5041,4.64077,434,188340,0.137191,0.29,1,132246,131812,434
17881561,5.50082,7.32815,432,188340,0.107438,0.29,1,132252,131820,432
17884481,2.70016,1.46563,434,188340,0.221488,0.29,1,132254,131820,434
17886341,2.14003,0.293126,436,188340,0.220298,0.24,1,132256,131820,436
17889261,2.02801,6.45863,430,188340,0.21206,0.24,1,132258,131828,430
17892181,2.0056,1.29172,432,188340,0.178412,0.24,1,132260,131828,432
17894661,39.6011,0.258345,481,188340,0.203682,0.25,1,132309,131828,481
17897581,10.3202,44.8517,428,188340,0.232736,0.25,1,132312,131884,428
17900501,3.66404,8.97033,430,188340,0.262547,0.25,1,132314,131884,430
17903421,2.33281,1.79407,432,188340,0.236509,0.25,1,132316,131884,432
17905061,26.0666,0.358813,464,188340,0.255302,0.21,1,132348,131884,464
17906721,6.81331,24.0718,436,188340,0.25906,0.2,1,132350,131914,436
17909641,43.7627,48.8144,434,188340,0.259812,0.2,1,132403,131969,434
17912561,10.3525,9.76287,436,188340,0.299962,0.2,1,132405,131969,436
17915481,3.67051,1.95257,438,188340,0.275992,0.2,1,132407,131969,438
17917541,34.3341,0.390515,480,188340,0.287199,0.27,1,132449,131969,480
17920461,8.46682,36.8781,436,188340,0.25744,0.27,1,132451,132015,436
17922741,38.4934,7.37562,482,188340,0.163488,0.24,1,132497,132015,482
17924821,18.0987,44.6751,441,188340,0.248698,0.2,1,132510,132069,441
17927741,5.21973,16.935,433,188340,0.26574,0.2,1,132512,132079,433
17930661,2.64395,3.387,435,188340,0.245148,0.2,1,132514,132079,435
17933141,58.1288,0.677401,507,188340,0.18503,0.22,1,132586,132079,507
17936061,13.2258,66.5355,426,188340,0.141006,0.22,1,132588,132162,426
17938981,4.24515,13.3071,428,188340,0.100201,0.22,1,132590,132162,428
17941901,2.44903,2.66142,430,188340,0.0840402,0.22,1,132592,132162,430
17943541,10.0898,0.532284,442,188340,0.240808,0.25,1,132604,132162,442
17946461,3.61796,12.9065,428,188340,0.272162,0.25,1,132606,132178,428
17949381,2.32359,2.58129,430,188340,0.238432,0.25,1,132608,132178,430
17952301,2.06472,0.516258,432,188340,0.199686,0.25,1,132610,132178,432
17954561,2.01294,0.103252,434,188340,0.167937,0.14,1,132612,132178,434
17957481,5.20259,6.42065,432,188340,0.0895875,0.14,1,132618,132186,432
17960401,2.64052,1.28413,434,188340,0.0419175,0.14,1,132620,132186,434
17962881,2.1281,0.256826,436,188340,0.0883835,0.3,1,132622,132186,436
17965801,2.02562,8.85137,427,188340,0.0976767,0.3,1,132624,132197,427
17968721,2.00512,1.77027,429,188340,0.235535,0.3,1,132626,132197,429
17971641,2.00102,0.354055,431,188340,0.239107,0.3,1,132628,132197,431
17974561,2.0002,0.0708109,433,188340,0.239821,0.3,1,132630,132197,433
17976401,1.20004,0.0141622,434,188340,0.231964,0.13,1,132631,132197,434
17979321,5.04001,7.20283,431,188340,0.214393,0.13,1,132637,132206,431
17981601,2.608,1.44057,433,188340,0.178879,0.22,1,132639,132206,433
17984521,6.9216,13.0881,425,188340,0.0997757,0.22,1,132647,132222,425
17987441,2.98432,2.61762,427,188340,0.211955,0.22,1,132649,132222,427
17990341,10.1969,0.523524,439,188340,0.178391,0.13,1,132661,132222,439
17993261,3.63937,8.90471,430,188340,0.147678,0.13,1,132663,132233,430
17995541,4.72787,1.78094,435,188340,0.125536,0,1,132668,132233,435
17998461,2.54557,7.55619,428,188340,0.177107,0,1,132670,132242,428
18001381,2.10911,1.51124,430,188340,0.155421,0,1,132672,132242,430
18004301,2.02182,0.302248,432,188340,0.143084,0,1,132674,132242,432
18006981,7.60436,0.0604495,441,188340,0.204617,0.25,1,132683,132242,441
18009901,3.12087,9.61209,431,188340,0.184923,0.25,1,132685,132254,431
18011761,1.42417,1.92242,432,188340,0.164985,0.17,1,132686,132254,432
18014681,3.48483,5.18448,430,188340,0.152997,0.17,1,132690,132260,430
18017601,2.29697,1.0369,432,188340,0.158599,0.17,1,132692,132260,432
18020081,2.05939,0.207379,434,188340,0.18372,0.26,1,132694,132260,434
18023001,5.21188,4.04148,435,188340,0.124744,0.26,1,132700,132265,435
18024661,37.8424,0.808295,481,188340,0.208949,0.27,1,132746,132265,481
18027581,9.16847,39.3617,434,188340,0.20179,0.27,1,132748,132314,434
18029861,7.43369,7.87233,441,188340,0.152358,0.17,1,132755,132314,441
18032781,4.68674,14.3745,429,188340,0.206472,0.17,1,132759,132330,429
18035061,26.5373,2.87489,461,188340,0.161294,0.17,1,132791,132330,461
18037761,7.70747,22.175,437,188340,0.112259,0.25,1,132794,132357,437
18040681,43.1415,48.435,434,188340,0.238452,0.25,1,132846,132412,434
18043601,10.2283,9.687,436,188340,0.23169,0.25,1,132848,132412,436
18046081,3.64566,1.9374,438,188340,0.198338,0.34,1,132850,132412,438
18049001,35.9291,37.1875,436,188340,0.199668,0.34,1,132894,132458,436
18051281,8.78583,7.4375,438,188340,0.239934,0.19,1,132896,132458,438
18053361,34.5572,38.2875,433,188340,0.183987,0.19,1,132937,132504,433
18056281,17.3114,18.8575,432,188340,0.172797,0.19,1,132950,132518,432
18059201,5.06229,3.7715,434,188340,0.138559,0.19,1,132952,132518,434
18061681,2.61246,0.7543,436,188340,0.195712,0.06,1,132954,132518,436
18064601,54.9225,60.1509,429,188340,0.255142,0.06,1,133022,132593,429
18067521,12.5845,12.0302,431,188340,0.235028,0.06,1,133024,132593,431
18070441,4.1169,2.40603,433,188340,0.207006,0.06,1,133026,132593,433
18072081,1.62338,0.481207,434,188340,0.185401,0.16,1,133027,132593,434
18075001,12.3247,16.8962,428,188340,0.20508,0.16,1,133042,132614,428
18077921,4.06494,3.37925,430,188340,0.177016,0.16,1,133044,132614,430
18080841,2.41299,0.67585,432,188340,0.147403,0.16,1,133046,132614,432
18083761,2.0826,0.13517,434,188340,0.285481,0.16,1,133048,132614,434
18085601,1.21652,0.027034,435,188340,0.329096,0.1,1,133049,132614,435
18088521,3.4433,8.00541,429,188340,0.313819,0.1,1,133053,132624,429
18091441,2.28866,1.60108,431,188340,0.286764,0.1,1,133055,132624,431
18093921,2.05773,0.320216,433,188340,0.305353,0.21,1,133057,132624,433
18096841,5.21155,10.464,426,188340,0.285071,0.21,1,133063,132637,426
18099761,2.64231,2.09281,428,188340,0.241014,0.21,1,133065,132637,428
18102681,2.12846,0.418562,430,188340,0.200203,0.21,1,133067,132637,430
18105601,2.02569,0.0837123,432,188340,0.312041,0.21,1,133069,132637,432
18107441,1.20514,0.0167425,433,188340,0.350408,0.1,1,133070,132637,433
18110361,3.44103,4.00335,432,188340,0.334082,0.1,1,133074,132642,432
18112641,2.28821,0.80067,434,188340,0.290816,0.3,1,133076,132642,434
18115561,5.25764,9.76013,428,188340,0.274163,0.3,1,133082,132654,428
18117841,2.65153,1.95203,430,188340,0.358833,0.15,1,133084,132654,430
18120761,8.53031,9.99041,428,188340,0.327767,0.15,1,133094,132666,428
18123681,3.30606,1.99808,430,188340,0.297553,0.15,1,133096,132666,430
18125541,4.66121,0.399616,435,188340,0.267511,0.15,1,133101,132666,435
18128461,2.53224,4.87992,431,188340,0.317502,0.15,1,133103,132672,431
18130741,6.90645,0.975985,439,188340,0.3035,0.22,1,133111,132672,439
18133661,2.98129,8.9952,430,188340,0.3087,0.22,1,133113,132683,430
18135941,3.79626,1.79904,434,188340,0.28574,0.19,1,133117,132683,434
18138861,2.35925,9.15981,425,188340,0.281148,0.19,1,133119,132694,425
18141781,2.07185,1.83196,427,188340,0.31223,0.19,1,133121,132694,427
18144701,2.01437,0.366392,429,188340,0.334446,0.19,1,133123,132694,429
18147621,2.00287,0.0732785,431,188340,0.306889,0.19,1,133125,132694,431
18149461,7.60058,0.0146557,440,188340,0.261378,0.23,1,133134,132694,440
18152381,4.72011,9.60293,432,188340,0.220276,0.23,1,133138,132706,432
18154661,37.744,1.92059,478,188340,0.332055,0.22,1,133184,132706,478
18157581,9.1488,42.7841,427,188340,0.362411,0.22,1,133186,132759,427
18160481,3.42976,8.55682,429,188340,0.328482,0.22,1,133188,132759,429
18163401,2.28595,4.91136,427,188340,0.289696,0.22,1,133190,132763,427
18165061,31.6572,0.982273,466,188340,0.305939,0.24,1,133229,132763,466
18167981,8.73144,28.9965,433,188340,0.381188,0.24,1,133232,132799,433
18170261,42.5463,5.79929,484,188340,0.324238,0.27,1,133283,132799,484
18173181,10.1093,45.9599,430,188340,0.368847,0.27,1,133285,132855,430
18176101,3.62185,9.19197,432,188340,0.33777,0.27,1,133287,132855,432
18178581,39.9244,1.83839,481,188340,0.355554,0.18,1,133336,132855,481
18181501,9.58487,41.1677,432,188340,0.367111,0.18,1,133338,132906,432
18183781,25.917,8.23354,462,188340,0.313422,0.26,1,133368,132906,462
18185861,18.7834,28.0467,446,188340,0.294684,0.15,1,133385,132939,446
18188781,5.35668,21.6093,428,188340,0.314937,0.15,1,133387,132959,428
18191701,2.67134,4.32187,430,188340,0.342987,0.15,1,133389,132959,430
18194181,61.3343,0.864374,506,188340,0.276597,0.22,1,133465,132959,506
18197101,15.4669,62.5729,432,188340,0.199319,0.22,1,133469,133037,432
18200021,5.49337,12.5146,435,188340,0.279864,0.22,1,133472,133037,435
18202941,2.69867,2.50291,437,188340,0.367973,0.22,1,133474,133037,437
18204581,4.53973,0.500583,442,188340,0.321595,0.14,1,133479,133037,442
18207501,2.50795,7.30012,435,188340,0.280319,0.14,1,133481,133046,435
18209781,5.30159,1.46002,441,188340,0.360064,0.31,1,133487,133046,441
18212701,2.66032,9.092,432,188340,0.376013,0.31,1,133489,133057,432
18215621,2.13206,1.8184,434,188340,0.347203,0.31,1,133491,133057,434
18218541,2.02641,0.36368,436,188340,0.30944,0.31,1,133493,133057,436
18221461,2.00528,0.072736,438,188340,0.261888,0.31,1,133495,133057,438
18223301,4.40106,0.0145472,443,188340,0.300378,0.21,1,133500,133057,443
18226221,2.48021,7.20291,436,188340,0.284076,0.21,1,133502,133066,436
18229141,2.09604,1.44058,438,188340,0.248815,0.21,1,133504,133066,438
18231621,3.61921,0.288116,442,188340,0.217763,0.35,1,133508,133066,442
18234541,2.32384,5.65762,437,188340,0.211553,0.35,1,133510,133073,437
18237461,2.06477,1.13152,439,188340,0.330311,0.35,1,133512,133073,439
18239941,2.01295,0.226305,441,188340,0.330062,0.37,1,133514,133073,441
18242861,2.00259,3.24526,439,188340,0.298012,0.37,1,133516,133077,439
18245141,5.20052,0.649052,445,188340,0.315602,0.4,1,133522,133077,445
18248061,2.6401,10.5298,434,188340,0.28712,0.4,1,133524,133090,434
18250341,8.52802,2.10596,444,188340,0.337424,0.28,1,133534,133090,444
18253261,3.3056,8.42119,436,188340,0.371485,0.28,1,133536,133100,436
18255541,7.86112,1.68424,445,188340,0.362297,0.27,1,133545,133100,445
18258461,3.17222,7.53685,438,188340,0.328459,0.27,1,133547,133109,438
18260741,7.03444,1.50737,446,188340,0.305692,0.28,1,133555,133109,446
18263661,3.00689,6.70147,440,188340,0.285138,0.28,1,133557,133117,440
18265941,3.80138,1.34029,444,188340,0.209028,0.36,1,133561,133117,444
18268861,2.36028,9.06806,435,188340,0.217806,0.36,1,133563,133128,435
18271781,2.07206,1.81361,437,188340,0.307561,0.36,1,133565,133128,437
18274701,2.01441,0.362722,439,188340,0.293512,0.36,1,133567,133128,439
18277621,2.00288,0.0725445,441,188340,0.266702,0.36,1,133569,133128,441
18279461,9.20058,0.0145089,452,188340,0.189341,0.41,1,133580,133128,452
18282381,3.44012,12.0029,439,188340,0.325868,0.41,1,133582,133143,439
18284661,35.088,2.40058,482,188340,0.257174,0.3,1,133625,133143,482
18287581,8.6176,40.4801,434,188340,0.347435,0.3,1,133627,133193,434
18290501,3.32352,8.09602,436,188340,0.357487,0.3,1,133629,133193,436
18293421,2.2647,1.6192,438,188340,0.327497,0.3,1,133631,133193,438
18295061,34.8529,0.323841,481,188340,0.273499,0.41,1,133674,133193,481
18297981,8.57059,34.4648,440,188340,0.2627,0.41,1,133676,133236,440
18300261,40.9141,6.89295,489,188340,0.27654,0.33,1,133725,133236,489
18303181,9.78282,42.1786,440,188340,0.279308,0.33,1,133727,133287,440
18305461,8.35656,8.43572,448,188340,0.271862,0.38,1,133735,133287,448
18307121,4.07131,10.4871,440,188340,0.286372,0.41,1,133738,133298,440
18310041,36.0143,40.4974,436,188340,0.313274,0.41,1,133782,133346,436
18312321,8.80285,8.09949,438,188340,0.326655,0.42,1,133784,133346,438
18314401,28.1606,27.2199,439,188340,0.249331,0.34,1,133817,133378,439
18316481,12.8321,11.844,440,188340,0.329866,0.31,1,133826,133386,440
18319401,6.56642,6.3688,440,188340,0.313973,0.31,1,133831,133391,440
18322321,2.91328,1.27376,442,188340,0.278795,0.31,1,133833,133391,442
18324181,58.1827,0.254752,514,188340,0.247759,0.41,1,133905,133391,514
18327101,13.2365,65.6509,434,188340,0.209552,0.41,1,133907,133473,434
18330021,4.24731,13.1302,436,188340,0.19391,0.41,1,133909,133473,436
18332501,8.84946,2.62604,446,188340,0.270782,0.37,1,133919,133473,446
18335421,3.36989,10.1252,436,188340,0.254156,0.37,1,133921,133485,436
18338321,2.27398,2.02504,438,188340,0.306831,0.31,1,133923,133485,438
18341241,8.4548,12.405,433,188340,0.253366,0.31,1,133933,133500,433
18344161,3.29096,2.481,435,188340,0.258673,0.31,1,133935,133500,435
18347081,2.25819,0.4962,437,188340,0.259735,0.31,1,133937,133500,437
18350001,2.05164,0.09924,439,188340,0.315947,0.31,1,133939,133500,439
18351841,1.21033,0.019848,440,188340,0.343189,0.21,1,133940,133500,440
18354761,3.44207,6.40397,436,188340,0.340638,0.21,1,133944,133508,436
18357681,2.28841,1.28079,438,188340,0.308128,0.21,1,133946,133508,438
18360161,2.05768,0.256159,440,188340,0.293626,0.4,1,133948,133508,440
18363081,2.01154,8.05123,432,188340,0.250725,0.4,1,133950,133518,432
18366001,2.00231,1.61025,434,188340,0.210145,0.4,1,133952,133518,434
18368921,2.00046,0.322049,436,188340,0.186029,0.4,1,133954,133518,436
18371841,2.00009,0.0644098,438,188340,0.149206,0.4,1,133956,133518,438
18373681,1.20002,0.012882,439,188340,0.301841,0.26,1,133957,133518,439
18376601,5.04,5.60258,438,188340,0.244368,0.26,1,133963,133525,438
18378881,2.608,1.12052,440,188340,0.208874,0.34,1,133965,133525,440
18381801,8.5216,10.6241,437,188340,0.321775,0.34,1,133975,133538,437
18384081,3.30432,2.12482,439,188340,0.328355,0.3,1,133977,133538,439
18387001,8.66086,12.425,434,188340,0.273671,0.3,1,133987,133553,434
18389281,3.33217,2.48499,436,188340,0.318734,0.24,1,133989,133553,436
18392201,7.06643,5.297,438,188340,0.327747,0.24,1,133997,133559,438
18394481,3.01329,1.0594,440,188340,0.321549,0.33,1,133999,133559,440
18397401,3.80266,9.81188,432,188340,0.30431,0.33,1,134003,133571,432
18400321,2.36053,1.96238,434,188340,0.300862,0.33,1,134005,133571,434
18403241,2.07211,0.392475,436,188340,0.316172,0.33,1,134007,133571,436
18406161,2.01442,0.078495,438,188340,0.319234,0.33,1,134009,133571,438
18408001,1.20288,0.015699,439,188340,0.303847,0.36,1,134010,133571,439
18410921,11.4406,13.6031,436,188340,0.348769,0.36,1,134024,133588,436
18413201,3.88812,2.72063,438,188340,0.349754,0.23,1,134026,133588,438
18416121,32.7776,38.9441,430,188340,0.317951,0.23,1,134066,133636,430
18419041,8.15552,7.78882,432,188340,0.31159,0.23,1,134068,133636,432
18421961,3.2311,1.55776,434,188340,0.366318,0.23,1,134070,133636,434
18423601,1.44622,0.311553,435,188340,0.361264,0.4,1,134071,133636,435
18426521,37.0892,34.4623,438,188340,0.368253,0.4,1,134117,133679,438
18428801,9.01785,6.89246,440,188340,0.337651,0.26,1,134119,133679,440
18431721,45.0036,46.9785,437,188340,0.37953,0.26,1,134173,133736,437
18434641,10.6007,9.3957,439,188340,0.355906,0.26,1,134175,133736,439
18437541,6.92014,1.87914,445,188340,0.391181,0.29,1,134181,133736,445
18439621,36.584,5.17583,483,188340,0.326236,0.32,1,134225,133742,483
18442541,10.5168,41.8352,436,188340,0.281247,0.32,1,134229,133793,436
18444821,24.5034,8.36703,464,188340,0.240249,0.37,1,134257,133793,464
18446901,11.3007,27.2734,440,188340,0.20005,0.27,1,134265,133825,440
18449601,4.66013,11.8547,435,188340,0.29601,0.27,1,134268,133833,435
18452521,6.53203,7.17094,436,188340,0.211202,0.27,1,134275,133839,436
18454181,57.3064,1.43419,506,188340,0.24224,0.3,1,134345,133839,506
18457101,13.0613,57.8868,436,188340,0.216448,0.3,1,134347,133911,436
18460021,4.21226,11.5774,438,188340,0.17929,0.3,1,134349,133911,438
18462501,10.4425,2.31547,450,188340,0.131858,0.34,1,134361,133911,450
18465421,3.68849,14.0631,435,188340,0.0903716,0.34,1,134363,133928,435
18468341,2.3377,2.81262,437,188340,0.226074,0.34,1,134365,133928,437
18470821,8.46754,0.562524,447,188340,0.245215,0.3,1,134375,133928,447
18473741,3.29351,14.5125,431,188340,0.257043,0.3,1,134377,133946,431
18476661,2.2587,2.9025,433,188340,0.251409,0.3,1,134379,133946,433
18479581,2.05174,0.5805,435,188340,0.258282,0.3,1,134381,133946,435
18482501,2.01035,0.1161,437,188340,0.227656,0.3,1,134383,133946,437
18484961,2.00207,0.02322,439,188340,0.285531,0.3,1,134385,133946,439
18487881,3.60041,10.4046,430,188340,0.265106,0.3,1,134389,133959,430
18490801,2.32008,2.08093,432,188340,0.237021,0.3,1,134391,133959,432
18493721,2.06402,0.416186,434,188340,0.287404,0.3,1,134393,133959,434
18496641,2.0128,0.0832371,436,188340,0.321481,0.3,1,134395,133959,436
18499561,2.00256,0.0166474,438,188340,0.296296,0.3,1,134397,133959,438
18502481,2.00051,0.00332949,440,188340,0.251259,0.3,1,134399,133959,440
18504721,2.0001,0.000665897,442,188340,0.242252,0.39,1,134401,133959,442
18507641,5.20002,11.2001,434,188340,0.27245,0.39,1,134407,133973,434
18509921,2.64,2.24003,436,188340,0.25449,0.3,1,134409,133973,436
18512841,11.728,10.048,438,188340,0.234898,0.3,1,134423,133985,438
18515121,3.9456,2.0096,440,188340,0.19898,0.33,1,134425,133985,440
18517201,4.78912,3.60192,441,188340,0.303796,0.35,1,134430,133989,441
18520121,4.15782,6.32038,438,188340,0.276759,0.35,1,134434,133996,438
18521781,6.43156,1.26408,445,188340,0.207352,0.32,1,134441,133996,445
18524701,2.88631,10.6528,434,188340,0.26547,0.32,1,134443,134009,434
18527621,2.17726,2.13056,436,188340,0.237094,0.32,1,134445,134009,436
18530541,2.03545,0.426113,438,188340,0.231419,0.32,1,134447,134009,438
18533461,2.00709,0.0852225,440,188340,0.270284,0.32,1,134449,134009,440
18535301,5.20142,0.0170445,446,188340,0.174057,0.25,1,134455,134009,446
18538221,2.64028,6.40341,440,188340,0.122811,0.25,1,134457,134017,440
18540501,7.72806,1.28068,449,188340,0.256562,0.41,1,134466,134017,449
18543421,3.14561,8.25614,441,188340,0.251312,0.41,1,134468,134027,441
18545701,26.2291,1.65123,473,188340,0.210262,0.36,1,134500,134027,473
18548621,6.84582,35.5302,431,188340,0.242052,0.36,1,134502,134071,431
18551541,2.96916,7.10605,433,188340,0.26441,0.36,1,134504,134071,433
18554021,11.7938,1.42121,447,188340,0.220882,0.25,1,134518,134071,447
18556101,35.9588,9.08424,478,188340,0.244176,0.38,1,134560,134082,478
18559021,8.79175,38.6168,434,188340,0.216835,0.38,1,134562,134128,434
18561301,44.9584,7.72337,488,188340,0.219367,0.37,1,134616,134128,488
18564221,10.5917,45.5447,435,188340,0.195873,0.37,1,134618,134183,435
18567141,3.71833,9.10893,437,188340,0.279175,0.37,1,134620,134183,437
18569621,35.9437,1.82179,481,188340,0.247835,0.27,1,134664,134183,481
18571701,11.1887,37.1644,440,188340,0.273567,0.3,1,134669,134229,440
18573361,3.03775,13.0329,434,188340,0.262713,0.32,1,134670,134236,434
18576281,25.4076,28.2066,433,188340,0.164543,0.32,1,134701,134268,433
18578981,11.4815,5.64131,441,188340,0.168909,0.21,1,134709,134268,441
18580641,3.0963,5.92826,436,188340,0.225782,0.29,1,134710,134274,436
18582721,8.61926,9.98565,435,188340,0.245156,0.27,1,134720,134285,435
18585641,48.9239,56.3971,426,188340,0.353031,0.27,1,134779,134353,426
18588561,11.3848,11.2794,428,188340,0.342606,0.27,1,134781,134353,428
18591041,3.87695,2.25589,430,188340,0.300521,0.08,1,134783,134353,430
18593121,11.9754,8.45118,434,188340,0.260104,0.27,1,134797,134363,434
18596041,9.59508,9.69024,433,188340,0.300021,0.27,1,134806,134373,433
18598961,3.51902,1.93805,435,188340,0.340004,0.27,1,134808,134373,435
18600821,4.7038,0.387609,440,188340,0.324001,0.26,1,134813,134373,440
18603741,2.54076,6.47752,434,188340,0.3208,0.26,1,134815,134381,434
18606661,2.10815,1.2955,436,188340,0.29616,0.26,1,134817,134381,436
18609141,2.02163,0.259101,438,188340,0.251232,0.32,1,134819,134381,438
18612061,2.00433,2.45182,437,188340,0.266246,0.32,1,134821,134384,437
18614341,3.60087,0.490364,441,188340,0.213249,0.35,1,134825,134384,441
18617261,2.32017,8.09807,433,188340,0.29065,0.35,1,134827,134394,433
18620181,2.06403,1.61961,435,188340,0.27413,0.35,1,134829,134394,435
18623101,2.01281,0.323923,437,188340,0.246826,0.35,1,134831,134394,437
18625781,2.00256,0.0647846,439,188340,0.209365,0.22,1,134833,134394,439
18628701,2.00051,6.41296,433,188340,0.201873,0.22,1,134835,134402,433
18631621,2.0001,1.28259,435,188340,0.328375,0.22,1,134837,134402,435
18634541,2.00002,0.256518,437,188340,0.321675,0.22,1,134839,134402,437
18637221,4.4,0.0513036,442,188340,0.280335,0.26,1,134844,134402,442
18639301,2.48,4.81026,438,188340,0.240067,0.35,1,134846,134408,438
18640961,1.296,6.56205,432,188340,0.216013,0.31,1,134847,134415,432
18643881,13.8592,14.9124,432,188340,0.331203,0.31,1,134864,134432,432
18646801,4.37184,2.98248,434,188340,0.322241,0.31,1,134866,134432,434
18649701,5.67437,0.596496,440,188340,0.360448,0.19,1,134872,134432,440
18651781,4.33487,4.9193,438,188340,0.31209,0.23,1,134876,134438,438
18654701,2.46697,11.3839,427,188340,0.270418,0.23,1,134878,134451,427
18657621,2.09339,2.27677,429,188340,0.270084,0.23,1,134880,134451,429
18660541,2.01868,0.455354,431,188340,0.326017,0.23,1,134882,134451,431
18663461,2.00374,0.0910709,433,188340,0.313203,0.23,1,134884,134451,433
18665301,8.40075,0.0182142,443,188340,0.310641,0.29,1,134894,134451,443
18668221,4.08015,8.80364,435,188340,0.350128,0.29,1,134897,134462,435
18670501,4.01603,1.76073,439,188340,0.334026,0.23,1,134901,134462,439
18673421,2.40321,7.55215,432,188340,0.330805,0.23,1,134903,134471,432
18675701,25.2806,1.51043,463,188340,0.346161,0.27,1,134934,134471,463
18678621,6.65613,26.7021,432,188340,0.349232,0.27,1,134936,134504,432
18680901,4.53123,5.34042,436,188340,0.317846,0.18,1,134940,134504,436
18682561,1.70625,4.26808,433,188340,0.295569,0.24,1,134941,134508,433
18684641,9.94125,9.65362,434,188340,0.395114,0.26,1,134953,134519,434
18687561,40.3883,45.9307,427,188340,0.279023,0.26,1,135001,134574,427
18689841,9.67765,9.18614,429,188340,0.255805,0.23,1,135003,134574,429
18692761,49.1355,46.6372,432,188340,0.379161,0.23,1,135062,134630,432
18695681,11.4271,9.32745,434,188340,0.387832,0.23,1,135064,134630,434
18698161,3.88542,1.86549,436,188340,0.381566,0.28,1,135066,134630,436
18701081,32.7771,37.1731,430,188340,0.300313,0.28,1,135106,134676,430
18704001,8.15542,7.43462,432,188340,0.324063,0.28,1,135108,134676,432
18705861,25.6311,1.48692,462,188340,0.232813,0.24,1,135138,134676,462
18707941,10.7262,23.4974,440,188340,0.254562,0.29,1,135145,134705,440
18710861,4.54524,9.49948,437,188340,0.314912,0.29,1,135148,134711,437
18713141,8.90905,1.8999,447,188340,0.342982,0.36,1,135158,134711,447
18715221,51.3818,13.98,492,188340,0.228596,0.36,1,135220,134728,492
18718141,12.6764,52.396,433,188340,0.293719,0.36,1,135223,134790,433
18721061,4.13527,10.4792,435,188340,0.274744,0.36,1,135225,134790,435
18723541,11.2271,2.09584,448,188340,0.262949,0.33,1,135238,134790,448
18725621,10.2454,9.21917,447,188340,0.23659,0.32,1,135248,134801,447
18728541,4.44908,13.0438,436,188340,0.263318,0.32,1,135251,134815,436
18731441,2.48982,2.60877,438,188340,0.276664,0.32,1,135253,134815,438
18734361,3.69796,9.32175,431,188340,0.287333,0.32,1,135257,134826,431
18737281,2.33959,1.86435,433,188340,0.297467,0.32,1,135259,134826,433
18740201,2.06792,0.37287,435,188340,0.283493,0.32,1,135261,134826,435
18743121,2.01358,0.074574,437,188340,0.248699,0.32,1,135263,134826,437
18744961,1.20272,0.0149148,438,188340,0.21774,0.27,1,135264,134826,438
18747881,1.84054,2.40298,437,188340,0.219548,0.27,1,135266,134829,437
18749541,1.16811,0.480597,438,188340,0.29191,0.32,1,135267,134829,438
18752461,1.83362,8.09612,430,188340,0.282382,0.32,1,135269,134839,430
18755381,1.96672,1.61922,432,188340,0.320476,0.32,1,135271,134839,432
18758301,1.99334,0.323845,434,188340,0.352095,0.32,1,135273,134839,434
18761221,1.99867,0.0647689,436,188340,0.334419,0.32,1,135275,134839,436
18764101,5.99973,0.0129538,443,188340,0.226884,0.36,1,135282,134839,443
18767021,2.79995,8.00259,435,188340,0.173377,0.36,1,135284,134849,435
18769941,2.15999,1.60052,437,188340,0.370675,0.36,1,135286,134849,437
18772001,2.032,0.320104,439,188340,0.410135,0.38,1,135288,134849,439
18774921,16.4064,17.664,437,188340,0.362027,0.38,1,135308,134871,437
18777201,4.88128,3.5328,439,188340,0.400405,0.36,1,135310,134871,439
18780121,4.17626,8.70656,433,188340,0.384081,0.36,1,135314,134881,433
18783041,2.43525,1.74131,435,188340,0.348816,0.36,1,135316,134881,435
18785961,2.08705,0.348262,437,188340,0.365763,0.36,1,135318,134881,437
18788641,2.01741,0.0696525,439,188340,0.337153,0.32,1,135320,134881,439
18791561,3.60348,3.21393,439,188340,0.347431,0.32,1,135324,134885,439
18793841,2.3207,0.642786,441,188340,0.317486,0.33,1,135326,134885,441
18796761,10.0641,12.9286,437,188340,0.359497,0.33,1,135338,134901,437
18799041,3.61283,2.58571,439,188340,0.399899,0.36,1,135340,134901,439
18801961,2.32257,3.71714,437,188340,0.42398,0.36,1,135342,134905,437
18804241,2.06451,0.743428,439,188340,0.428796,0.27,1,135344,134905,439
18807161,27.6129,29.7487,436,188340,0.413759,0.27,1,135378,134942,436
18810081,7.12258,5.94974,438,188340,0.410752,0.27,1,135380,134942,438
18813001,3.02452,1.18995,440,188340,0.38615,0.27,1,135382,134942,440
18815061,15.8049,0.237989,459,188340,0.29323,0.3,1,135401,134942,459
18817141,35.961,17.6476,478,188340,0.330646,0.44,1,135442,134964,478
18820061,8.7922,37.9295,437,188340,0.362129,0.44,1,135444,135007,437
18822341,49.7584,7.5859,497,188340,0.392426,0.36,1,135504,135007,497
18825261,11.5517,51.1172,437,188340,0.398485,0.36,1,135506,135069,437
18828181,3.91034,10.2234,439,188340,0.399697,0.36,1,135508,135069,439
18830661,32.7821,2.04469,479,188340,0.343939,0.26,1,135548,135069,479
18833581,8.15641,34.8089,438,188340,0.300788,0.26,1,135550,135112,438
18835861,26.4313,6.96179,469,188340,0.252158,0.36,1,135581,135112,469
18838561,6.88626,28.5924,437,188340,0.274432,0.26,1,135583,135146,437
18841481,9.37725,12.9185,438,188340,0.334886,0.26,1,135593,135155,438
18843141,9.07545,2.58369,447,188340,0.378977,0.33,1,135602,135155,447
18845221,51.4151,11.7167,495,188340,0.387795,0.25,1,135664,135169,495
18848141,11.883,51.9433,435,188340,0.357559,0.25,1,135666,135231,435
18851061,3.9766,10.3887,437,188340,0.359512,0.25,1,135668,135231,437
18853541,14.3953,2.07773,454,188340,0.223902,0.23,1,135685,135231,454
18855621,6.07906,14.0155,441,188340,0.16478,0.31,1,135689,135248,441
18858541,2.81581,9.20311,435,188340,0.240956,0.31,1,135691,135256,435
18861461,2.16316,1.84062,437,188340,0.304191,0.31,1,135693,135256,437
18863941,5.23263,0.368124,443,188340,0.348838,0.28,1,135699,135256,443
18866861,2.64653,4.07362,440,188340,0.325768,0.28,1,135701,135261,440
18869141,2.12931,0.814725,442,188340,0.281154,0.33,1,135703,135261,442
18872061,2.02586,11.3629,430,188340,0.256231,0.33,1,135705,135275,430
18874981,2.00517,2.27259,432,188340,0.347246,0.33,1,135707,135275,432
18877901,2.00103,0.454518,434,188340,0.357449,0.33,1,135709,135275,434
18880821,2.00021,0.0909035,436,188340,0.31949,0.33,1,135711,135275,436
18883741,2.00004,0.0181807,438,188340,0.279898,0.33,1,135713,135275,438
18886661,2.00001,0.00363614,440,188340,0.23998,0.33,1,135715,135275,440
18888481,1.2,0.000727228,441,188340,0.223996,0.42,1,135716,135275,441
18891401,6.64,10.4001,436,188340,0.348799,0.42,1,135724,135288,436
18894321,2.928,2.08003,438,188340,0.33376,0.42,1,135726,135288,438
18897241,2.1856,0.416006,440,188340,0.314752,0.42,1,135728,135288,440
18900161,2.03712,0.0832012,442,188340,0.31095,0.42,1,135730,135288,442
18902421,6.80742,0.0166402,450,188340,0.33419,0.46,1,135738,135288,450
18904501,13.3615,8.80333,454,188340,0.314838,0.39,1,135753,135299,454
18907421,4.2723,20.1607,433,188340,0.310968,0.39,1,135755,135322,433
18910341,2.45446,4.03213,435,188340,0.374194,0.39,1,135757,135322,435
18913261,2.09089,0.806427,437,188340,0.354839,0.39,1,135759,135322,437
18916181,2.01818,0.161285,439,188340,0.318968,0.39,1,135761,135322,439
18919101,2.00364,0.0322571,441,188340,0.319794,0.39,1,135763,135322,441
18921141,6.80073,0.00645141,449,188340,0.303959,0.22,1,135771,135322,449
18924061,2.96015,7.20129,442,188340,0.268792,0.22,1,135773,135331,442
18926341,6.99203,1.44026,450,188340,0.349758,0.42,1,135781,135331,450
18929261,2.99841,12.2881,437,188340,0.341952,0.42,1,135783,135346,437
18932181,2.19968,2.45761,439,188340,0.30839,0.42,1,135785,135346,439
18935101,2.03994,0.491522,441,188340,0.333678,0.42,1,135787,135346,441
18936741,32.408,0.0983044,481,188340,0.290736,0.39,1,135827,135346,481
18939661,8.8816,36.0197,439,188340,0.362147,0.39,1,135830,135391,439
18942581,3.37632,7.20393,441,188340,0.344429,0.39,1,135832,135391,441
18945061,19.8753,1.44079,465,188340,0.340886,0.39,1,135856,135391,465
18947141,27.1751,18.6882,471,188340,0.356177,0.39,1,135885,135414,471
18950061,7.03501,30.9376,439,188340,0.359235,0.39,1,135887,135448,439
18952341,46.207,6.18753,495,188340,0.359847,0.4,1,135943,135448,495
18955261,10.8414,49.2375,437,188340,0.327969,0.4,1,135945,135508,437
18957541,3.76828,9.8475,439,188340,0.409594,0.41,1,135947,135508,439
18959201,1.55366,2.7695,439,188340,0.409919,0.34,1,135948,135509,439
18962121,38.7107,40.5539,437,188340,0.441984,0.34,1,135996,135559,437
18964401,9.34215,8.11078,439,188340,0.440397,0.3,1,135998,135559,439
18967321,24.2684,26.4222,436,188340,0.336079,0.3,1,136026,135590,436
18969601,6.45369,5.28443,438,188340,0.291216,0.37,1,136028,135590,438
18972521,8.49074,11.4569,434,188340,0.306243,0.37,1,136037,135603,434
18975221,59.2981,2.29138,506,188340,0.309249,0.27,1,136109,135603,506
18978141,14.2596,61.2583,433,188340,0.28585,0.27,1,136112,135679,433
18981061,4.45193,12.2517,435,188340,0.25717,0.27,1,136114,135679,435
18983541,12.0904,2.45033,449,188340,0.219434,0.33,1,136128,135679,449
18986461,4.01808,13.2901,435,188340,0.283887,0.33,1,136130,135695,435
18989381,2.40362,2.65801,437,188340,0.352777,0.33,1,136132,135695,437
18992301,2.08072,0.531603,439,188340,0.334555,0.33,1,136134,135695,439
18993941,3.61614,0.106321,443,188340,0.330911,0.36,1,136138,135695,443
18996861,3.92323,11.2213,433,188340,0.298182,0.36,1,136142,135709,433
18999781,3.18465,2.24425,436,188340,0.299636,0.36,1,136145,135709,436
19002701,2.23693,0.448851,438,188340,0.275927,0.36,1,136147,135709,438
19005621,2.04739,0.0897701,440,188340,0.239185,0.36,1,136149,135709,440
19007461,1.20948,0.017954,441,188340,0.335837,0.27,1,136150,135709,441
19010381,1.8419,3.20359,439,188340,0.363167,0.27,1,136152,135713,439
19012661,6.76838,0.640718,447,188340,0.304633,0.38,1,136160,135713,447
19015581,2.95368,8.92814,438,188340,0.380927,0.38,1,136162,135724,438
19018501,2.19074,1.78563,440,188340,0.372185,0.38,1,136164,135724,440
19020981,2.03815,0.357126,442,188340,0.370437,0.32,1,136166,135724,442
19023901,2.00763,4.07143,439,188340,0.370087,0.32,1,136168,135729,439
19026821,2.00153,0.814285,441,188340,0.386018,0.32,1,136170,135729,441
19029301,5.20031,0.162857,447,188340,0.293203,0.38,1,136176,135729,447
19032221,2.64006,9.63257,437,188340,0.242641,0.38,1,136178,135741,437
19034501,11.728,1.92651,451,188340,0.336528,0.35,1,136192,135741,451
19037421,3.9456,14.7853,435,188340,0.323306,0.35,1,136194,135759,435
19040341,2.38912,2.95706,437,188340,0.336661,0.35,1,136196,135759,437
19042821,7.67782,0.591412,446,188340,0.347332,0.32,1,136205,135759,446
19045741,3.93556,8.91828,438,188340,0.317466,0.32,1,136208,135770,438
19048661,2.38711,1.78366,440,188340,0.311493,0.32,1,136210,135770,440
19051141,2.87742,0.356731,443,188340,0.262299,0.28,1,136213,135770,443
19054061,2.17548,4.87135,439,188340,0.26046,0.28,1,136215,135776,439
19056341,6.8351,0.974269,447,188340,0.284092,0.34,1,136223,135776,447
19059261,2.96702,8.99485,438,188340,0.264818,0.34,1,136225,135787,438
19062181,2.1934,1.79897,440,188340,0.236964,0.34,1,136227,135787,440
19064661,5.23868,0.359794,446,188340,0.351393,0.34,1,136233,135787,446
19066741,34.6477,5.67196,481,188340,0.414279,0.32,1,136275,135794,481
19069661,8.52955,36.3344,439,188340,0.402856,0.32,1,136277,135838,439
19072581,3.30591,7.26688,441,188340,0.400571,0.32,1,136279,135838,441
19075061,19.8612,1.45338,465,188340,0.344114,0.42,1,136303,135838,465
19077141,23.9722,19.4907,466,188340,0.388823,0.4,1,136328,135862,466
19080061,6.39445,27.8981,438,188340,0.365765,0.4,1,136330,135892,438
19082341,46.0789,5.57963,494,188340,0.369153,0.43,1,136386,135892,494
19085261,10.8158,45.1159,441,188340,0.345831,0.43,1,136388,135947,441
19087541,8.56316,9.02318,449,188340,0.349166,0.4,1,136396,135947,449
19090241,3.31263,8.20464,443,188340,0.325833,0.43,1,136398,135955,443
19093161,36.6625,41.6409,438,188340,0.249167,0.43,1,136443,136005,438
19095441,8.9325,8.32818,440,188340,0.257833,0.33,1,136445,136005,440
19098361,22.5865,25.6656,436,186880,0.307567,0.33,1,136471,136035,436
19100641,6.1173,5.13313,438,186880,0.317513,0.33,1,136473,136035,438
19102721,4.42346,5.02663,437,186880,0.263503,0.37,1,136477,136040,437
19105641,60.0847,64.2053,432,186880,0.372701,0.37,1,136551,136119,432
19108561,13.6169,12.8411,434,186880,0.37054,0.37,1,136553,136119,434
19111481,4.32339,2.56821,436,186880,0.330108,0.37,1,136555,136119,436
19113541,10.4647,0.513643,448,186880,0.290022,0.3,1,136567,136119,448
19115621,6.89294,8.90273,443,186880,0.202004,0.31,1,136573,136130,443
19118541,2.97859,8.98055,436,186880,0.240401,0.31,1,136575,136139,436
19121461,2.19572,1.79611,438,186880,0.31208,0.31,1,136577,136139,438
19124381,2.03914,0.359222,440,186880,0.318416,0.31,1,136579,136139,440
19126021,5.20783,0.0718444,446,186880,0.223683,0.36,1,136585,136139,446
19128941,2.64157,8.81437,437,186880,0.244737,0.36,1,136587,136150,437
19131861,2.12831,1.76287,439,186880,0.280947,0.36,1,136589,136150,439
19134781,2.02566,0.352575,441,186880,0.264189,0.36,1,136591,136150,441
19137461,5.20513,0.0705149,447,186880,0.172838,0.31,1,136597,136150,447
19140381,2.64103,7.2141,440,186880,0.194568,0.31,1,136599,136159,440
19142661,2.92821,1.44282,443,186880,0.230914,0.35,1,136602,136159,443
19145581,2.98564,10.6886,433,186880,0.310183,0.35,1,136605,136172,433
19148501,2.19713,2.13771,435,186880,0.334037,0.35,1,136607,136172,435
19151421,2.03943,0.427543,437,186880,0.306807,0.35,1,136609,136172,437
19154341,2.00789,0.0855085,439,186880,0.277361,0.35,1,136611,136172,439
19157261,2.00158,0.0171017,441,186880,0.335472,0.35,1,136613,136172,441
19159301,6.00032,0.00342034,448,186880,0.259094,0.44,1,136620,136172,448
19162221,2.80006,10.4007,437,186880,0.219819,0.44,1,136622,136185,437
19164501,8.56001,2.08014,447,186880,0.331964,0.32,1,136632,136185,447
19166581,9.712,7.61603,448,186880,0.306393,0.34,1,136642,136194,448
19169501,3.5424,11.9232,437,186880,0.269279,0.34,1,136644,136207,437
19172421,2.30848,2.38464,439,186880,0.253856,0.34,1,136646,136207,439
19174901,6.8617,0.476928,447,186880,0.282771,0.31,1,136654,136207,447
19177821,2.97234,10.4954,436,186880,0.312554,0.31,1,136656,136220,436
19180741,2.19447,2.09908,438,186880,0.294511,0.31,1,136658,136220,438
19183661,2.03889,0.419815,440,186880,0.258902,0.31,1,136660,136220,440
19186341,3.60778,0.0839631,444,186880,0.26778,0.29,1,136664,136220,444
19189261,2.32156,6.41679,438,186880,0.325556,0.29,1,136666,136228,438
19192181,2.06431,1.28336,440,186880,0.313111,0.29,1,136668,136228,440
19194661,11.6129,0.256672,454,186880,0.326622,0.4,1,136682,136228,454
19196741,31.1226,12.0513,475,186880,0.257324,0.35,1,136718,136243,475
19199661,7.82451,33.6103,438,186880,0.211465,0.35,1,136720,136282,438
19202581,3.1649,6.72205,440,186880,0.170293,0.35,1,136722,136282,440
19205061,21.433,1.34441,466,186880,0.258059,0.43,1,136748,136282,466
19207141,22.6866,21.8689,462,186880,0.283612,0.29,1,136771,136309,462
19210061,7.73732,29.1738,435,186880,0.296722,0.29,1,136775,136340,435
19212341,41.5475,5.83476,485,186880,0.259344,0.32,1,136825,136340,485
19215261,9.90949,40.367,438,186880,0.259869,0.32,1,136827,136389,438
19217541,14.7819,8.07339,454,186880,0.163974,0.35,1,136843,136389,454
19220461,4.55638,15.2147,439,186880,0.216795,0.35,1,136845,136406,439
19222741,34.5113,3.04294,481,186880,0.195359,0.21,1,136887,136406,481
19225661,8.50226,40.6086,433,186880,0.191072,0.21,1,136889,136456,433
19227941,20.1005,8.12172,456,186880,0.310214,0.36,1,136912,136456,456
19230861,5.62009,20.0243,435,186880,0.302043,0.36,1,136914,136479,435
19233761,2.72402,4.00487,437,186880,0.276409,0.29,1,136916,136479,437
19236681,68.5448,70.401,435,186880,0.327282,0.29,1,137001,136566,435
19239601,15.309,14.0802,437,186880,0.337456,0.29,1,137003,136566,437
19242081,4.66179,2.81604,439,186880,0.315491,0.35,1,137005,136566,439
19245001,3.33236,8.56321,432,186880,0.287098,0.35,1,137008,136576,432
19247921,2.26647,1.71264,434,186880,0.24942,0.35,1,137010,136576,434
19250821,5.25329,0.342528,440,186880,0.265884,0.25,1,137016,136576,440
19253741,2.65066,8.86851,431,186880,0.277177,0.25,1,137018,136587,431
19256641,2.13013,1.7737,433,186880,0.303435,0.24,1,137020,136587,433
19259561,6.02603,4.35474,435,186880,0.268687,0.24,1,137027,136592,435
19262481,2.80521,0.870948,437,186880,0.229737,0.24,1,137029,136592,437
19264961,2.16104,0.17419,439,186880,0.197947,0.24,1,137031,136592,439
19267881,6.83221,8.03484,437,186880,0.24759,0.24,1,137039,136602,437
19270801,2.96644,1.60697,439,186880,0.225518,0.24,1,137041,136602,439
19272661,2.99329,0.321393,442,186880,0.253104,0.31,1,137044,136602,442
19275581,2.99866,10.4643,432,186880,0.250621,0.31,1,137047,136615,432
19278501,2.19973,2.09286,434,186880,0.226124,0.31,1,137049,136615,434
19281421,2.03995,0.418571,436,186880,0.189225,0.31,1,137051,136615,436
19284341,2.00799,0.0837142,438,186880,0.269845,0.31,1,137053,136615,438
19287261,2.0016,0.0167428,440,186880,0.269969,0.31,1,137055,136615,440
19289301,5.20032,0.00334857,446,186880,0.197994,0.19,1,137061,136615,446
19292221,2.64006,6.40067,440,186880,0.151599,0.19,1,137063,136623,440
19294501,5.32801,1.28013,446,186880,0.22232,0.4,1,137069,136623,446
19296581,10.6656,9.85603,446,186880,0.220464,0.26,1,137081,136635,446
19298661,9.33312,9.17121,446,186880,0.236093,0.29,1,137090,136644,446
19301581,4.26662,9.83424,439,186880,0.191219,0.29,1,137093,136654,439
19303441,1.65332,1.96685,440,186880,0.166244,0.34,1,137094,136654,440
19306361,3.53066,9.99337,432,186880,0.265249,0.34,1,137098,136666,432
19309281,2.30613,1.99867,434,186880,0.27705,0.34,1,137100,136666,434
19312201,2.06123,0.399735,436,186880,0.24741,0.34,1,137102,136666,436
19315121,2.01225,0.0799469,438,186880,0.233482,0.34,1,137104,136666,438
19316961,1.20245,0.0159894,439,186880,0.222696,0.24,1,137105,136666,439
19319881,5.04049,6.4032,437,186880,0.180539,0.24,1,137111,136674,437
19322801,2.6081,1.28064,439,186880,0.252108,0.24,1,137113,136674,439
19324661,6.92162,0.256128,447,186880,0.226422,0.43,1,137121,136674,447
19326741,33.3843,8.85123,476,186880,0.133284,0.31,1,137161,136685,476
19329661,8.27686,35.3702,436,186880,0.274657,0.31,1,137163,136727,436
19332581,3.25537,7.07405,438,186880,0.270931,0.31,1,137165,136727,438
19335061,22.2511,1.41481,465,186880,0.286186,0.34,1,137192,136727,465
19337141,18.8502,25.883,451,186880,0.257237,0.32,1,137210,136759,451
19340061,6.97004,21.9766,434,186880,0.219447,0.32,1,137214,136780,434
19342341,47.794,4.39532,492,186880,0.307889,0.21,1,137272,136780,492
19345261,12.7588,48.8791,436,186880,0.261578,0.21,1,137276,136840,436
19347541,5.75176,9.77581,440,186880,0.252316,0.25,1,137280,136840,440
19350461,2.75035,6.75516,436,186880,0.274463,0.25,1,137282,136846,436
19352741,36.5501,1.35103,481,186880,0.230893,0.21,1,137327,136846,481
19355661,8.91001,40.2702,433,186880,0.246179,0.21,1,137329,136896,433
19357941,22.582,8.05404,459,186880,0.185236,0.26,1,137355,136896,459
19360861,6.1164,23.2108,434,186880,0.149047,0.26,1,137357,136923,434
19363781,2.82328,4.64216,436,186880,0.117809,0.26,1,137359,136923,436
19366261,62.1647,0.928432,513,186880,0.191562,0.31,1,137436,136923,513
19369181,14.0329,65.7857,433,186880,0.174312,0.31,1,137438,137005,433
19371461,9.20659,13.1571,441,186880,0.210862,0.23,1,137446,137005,441
19374381,3.44132,9.83143,434,186880,0.194173,0.23,1,137448,137014,434
19377301,2.28826,1.96629,436,186880,0.206835,0.23,1,137450,137014,436
19379781,6.05765,0.393257,443,186880,0.201367,0.26,1,137457,137014,443
19382701,2.81153,10.4787,432,186880,0.176273,0.26,1,137459,137027,432
19385621,2.16231,2.09573,434,186880,0.235255,0.26,1,137461,137027,434
19387681,2.03246,0.419146,436,186880,0.223051,0.22,1,137463,137027,436
19390601,7.60649,11.2838,431,186880,0.22861,0.22,1,137472,137041,431
19393521,3.1213,2.25677,433,186880,0.197722,0.22,1,137474,137041,433
19396441,2.22426,0.451353,435,186880,0.199544,0.22,1,137476,137041,435
19398081,1.24485,0.0902706,436,186880,0.183909,0.29,1,137477,137041,436
19401001,3.44897,9.61805,428,186880,0.292782,0.29,1,137481,137053,428
19403921,2.28979,1.92361,430,186880,0.298556,0.29,1,137483,137053,430
19406841,2.05796,0.384722,432,186880,0.259711,0.29,1,137485,137053,432
19409761,2.01159,0.0769444,434,186880,0.227942,0.29,1,137487,137053,434
19411601,1.20232,0.0153889,435,186880,0.197588,0.14,1,137488,137053,435
19414521,5.04046,8.00308,431,186880,0.271518,0.14,1,137494,137063,431
19417441,2.60809,1.60062,433,186880,0.254304,0.14,1,137496,137063,433
19419921,2.12162,0.320123,435,186880,0.218861,0.31,1,137498,137063,435
19422841,5.22432,8.06402,431,186880,0.339772,0.31,1,137504,137073,431
19425121,2.64486,1.6128,433,186880,0.331954,0.27,1,137506,137073,433
19427201,6.92897,9.12256,430,186880,0.346391,0.2,1,137514,137084,430
19429281,10.9858,8.22451,434,186880,0.301278,0.26,1,137526,137092,434
19432201,6.99716,8.8449,431,186880,0.268256,0.26,1,137532,137101,431
19435121,2.99943,1.76898,433,186880,0.229651,0.26,1,137534,137101,433
19438041,2.19989,0.353796,435,186880,0.21393,0.26,1,137536,137101,435
19439681,1.23998,0.0707592,436,186880,0.266786,0.27,1,137537,137101,436
19442601,5.048,9.61415,430,186880,0.221357,0.27,1,137543,137113,430
19445521,2.6096,1.92283,432,186880,0.180271,0.27,1,137545,137113,432
19448441,2.12192,0.384566,434,186880,0.236054,0.27,1,137547,137113,434
19450081,1.22438,0.0769132,435,186880,0.263211,0.23,1,137548,137113,435
19453001,5.04488,4.01538,436,186880,0.244642,0.23,1,137554,137118,436
19454661,7.40898,0.803076,444,186880,0.232928,0.33,1,137562,137118,444
19456741,35.8818,7.36062,478,186880,0.294586,0.2,1,137605,137127,478
19459661,9.57636,38.2721,435,186880,0.266917,0.2,1,137608,137173,435
19462581,3.51527,7.65442,437,186880,0.261383,0.2,1,137610,137173,437
19465061,18.3031,1.53088,459,186880,0.292277,0.25,1,137632,137173,459
19467141,18.0606,18.7062,454,186880,0.266455,0.34,1,137650,137196,454
19470061,6.01212,20.5412,436,186880,0.213291,0.34,1,137653,137217,436
19472341,51.6024,4.10825,499,186880,0.274658,0.26,1,137716,137217,499
19475261,11.9205,55.2217,433,186880,0.254932,0.26,1,137718,137285,433
19478181,3.9841,11.0443,435,186880,0.370986,0.26,1,137720,137285,435
19481101,2.39682,2.20887,437,186880,0.354197,0.26,1,137722,137285,437
19482741,32.4794,0.441773,477,186880,0.206839,0.24,1,137762,137285,477
19485661,8.09587,36.0884,434,186880,0.289368,0.24,1,137764,137330,434
19487941,25.6192,7.21767,464,186880,0.209874,0.21,1,137794,137330,464
19490861,6.72383,31.8435,428,186880,0.161975,0.21,1,137796,137368,428
19493781,2.94477,6.36871,430,186880,0.112395,0.21,1,137798,137368,430
19496261,56.589,1.27374,500,186880,0.286479,0.17,1,137868,137368,500
19498341,20.9178,56.2547,442,186880,0.265296,0.21,1,137880,137438,442
19501261,5.78356,20.8509,432,186880,0.301059,0.21,1,137882,137450,432
19504181,2.75671,4.17019,434,186880,0.324212,0.21,1,137884,137450,434
19506661,3.75134,0.834038,438,186880,0.272842,0.22,1,137888,137450,438
19508321,1.55027,4.96681,433,186880,0.246568,0.21,1,137889,137456,433
19511241,8.31005,10.5934,431,186880,0.201314,0.21,1,137899,137468,431
19514161,3.26201,2.11867,433,186880,0.160263,0.21,1,137901,137468,433
19517081,2.2524,0.423734,435,186880,0.128053,0.21,1,137903,137468,435
19518721,1.25048,0.0847469,436,186880,0.105611,0.34,1,137904,137468,436
19521641,6.6501,9.61695,432,186880,0.253122,0.34,1,137912,137480,432
19524561,2.93002,1.92339,434,186880,0.250624,0.34,1,137914,137480,434
19527481,2.186,0.384678,436,186880,0.250125,0.34,1,137916,137480,436
19529121,1.2372,0.0769356,437,186880,0.370025,0.31,1,137917,137480,437
19532041,5.84744,10.4154,431,186880,0.338005,0.31,1,137924,137493,431
19534961,2.76949,2.08308,433,186880,0.299601,0.31,1,137926,137493,433
19537881,2.1539,0.416615,435,186880,0.35592,0.31,1,137928,137493,435
19540801,2.03078,0.0833231,437,186880,0.343184,0.31,1,137930,137493,437
19542641,1.20616,0.0166646,438,186880,0.348637,0.39,1,137931,137493,438
19545561,5.04123,8.00333,434,186880,0.277727,0.39,1,137937,137503,434
19548481,2.60825,1.60067,436,186880,0.223545,0.39,1,137939,137503,436
19550961,2.12165,0.320133,438,186880,0.188709,0.26,1,137941,137503,438
19553881,5.22433,6.46403,436,186880,0.325742,0.26,1,137947,137511,436
19556161,2.64487,1.29281,438,186880,0.345148,0.31,1,137949,137511,438
19558241,6.92897,11.4586,432,186880,0.29303,0.21,1,137957,137525,432
19561161,10.1858,11.0917,432,186880,0.338606,0.21,1,137968,137536,432
19564081,3.63716,2.21834,434,186880,0.307721,0.21,1,137970,137536,434
19566981,7.12743,0.443668,442,186880,0.349544,0.17,1,137978,137536,442
19569901,3.02549,7.28873,435,186880,0.349909,0.17,1,137980,137545,435
19572801,2.2051,1.45775,437,186880,0.325982,0.24,1,137982,137545,437
19575721,9.24102,13.0915,432,186880,0.313196,0.24,1,137993,137561,432
19578641,5.0482,2.61831,436,186880,0.374639,0.24,1,137997,137561,436
19581561,2.60964,0.523662,438,186880,0.394928,0.24,1,137999,137561,438
19583201,1.32193,0.104732,439,186880,0.390986,0.35,1,138000,137561,439
19585281,6.66439,10.4209,434,186880,0.358197,0.33,1,138008,137574,434
19588201,32.5329,34.0842,433,186880,0.391639,0.33,1,138047,137614,433
19591121,8.10658,6.81684,435,186880,0.374328,0.33,1,138049,137614,435
19593601,3.22131,1.36337,437,186880,0.338866,0.29,1,138051,137614,437
19595681,21.4443,24.2727,433,186880,0.355773,0.32,1,138077,137644,433
19598601,10.6889,12.8545,431,186880,0.367155,0.32,1,138085,137654,431
19600881,3.73777,2.57091,433,186880,0.361431,0.35,1,138087,137654,433
19603801,57.5476,56.5142,434,186880,0.232286,0.35,1,138158,137724,434
19606721,13.1095,11.3028,436,186880,0.262457,0.35,1,138160,137724,436
19609641,4.2219,2.26057,438,186880,0.268491,0.35,1,138162,137724,438
19611281,1.64438,0.452113,439,186880,0.253698,0.25,1,138163,137724,439
19614201,37.1289,40.8904,434,186880,0.18674,0.25,1,138209,137775,434
19616481,9.02577,8.17808,436,186880,0.237348,0.33,1,138211,137775,436
19619401,19.4052,24.8356,429,186880,0.34347,0.33,1,138233,137804,429
19622321,5.48103,4.96712,431,186880,0.340694,0.33,1,138235,137804,431
19624801,2.69621,0.993425,433,186880,0.308139,0.33,1,138237,137804,433
19626881,59.7392,54.5987,439,186880,0.381628,0.33,1,138311,137872,439
19628961,17.5478,18.1197,437,186880,0.292326,0.28,1,138318,137881,437
19631881,8.30957,14.8239,429,186880,0.354465,0.28,1,138324,137895,429
19634801,3.26191,2.96479,431,186880,0.334893,0.28,1,138326,137895,431
19637721,2.25238,0.592958,433,186880,0.306979,0.28,1,138328,137895,433
19639361,1.25048,0.118592,434,186880,0.285396,0.25,1,138329,137895,434
19642281,9.8501,8.82372,435,186880,0.249079,0.25,1,138341,137906,435
19645201,3.57002,1.76474,437,186880,0.225816,0.25,1,138343,137906,437
19648121,2.314,0.352949,439,186880,0.189163,0.25,1,138345,137906,439
19649761,1.2628,0.0705897,440,186880,0.293833,0.4,1,138346,137906,440
19652681,5.05256,8.81412,435,186880,0.290767,0.4,1,138352,137917,435
19655601,2.61051,1.76282,437,186880,0.258153,0.4,1,138354,137917,437
19658081,2.1221,0.352565,439,186880,0.315631,0.35,1,138356,137917,439
19661001,6.82442,12.8705,431,186880,0.383126,0.35,1,138364,137933,431
19663921,2.96488,2.5741,433,186880,0.364625,0.35,1,138366,137933,433
19666841,2.19298,0.51482,435,186880,0.344925,0.35,1,138368,137933,435
19669761,2.0386,0.102964,437,186880,0.396985,0.35,1,138370,137933,437
19672681,2.00772,0.0205928,439,186880,0.407397,0.35,1,138372,137933,439
19675141,3.60154,0.00411856,443,186880,0.385479,0.24,1,138376,137933,443
19677221,7.12031,4.00082,446,186880,0.309096,0.31,1,138384,137938,446
19680141,3.02406,11.2002,435,186880,0.397819,0.31,1,138386,137951,435
19683061,2.20481,2.24003,437,186880,0.383564,0.31,1,138388,137951,437
19685981,2.04096,0.448007,439,186880,0.388713,0.31,1,138390,137951,439
19688661,5.20819,0.0896013,445,186880,0.333743,0.39,1,138396,137951,445
19690741,9.84164,9.61792,444,186880,0.378749,0.32,1,138407,137963,444
19692821,8.36833,6.72358,446,186880,0.34775,0.35,1,138415,137969,446
19695741,3.27367,10.1447,437,186880,0.37355,0.35,1,138417,137980,437
19697601,1.45473,2.02894,438,186880,0.36271,0.28,1,138418,137980,438
19700521,5.09095,5.20579,438,186880,0.328542,0.28,1,138424,137986,438
19703441,2.61819,1.04116,440,186880,0.369708,0.28,1,138426,137986,440
19705301,5.32364,0.208232,446,186880,0.329942,0.31,1,138432,137986,446
19707381,9.06473,7.24165,447,186880,0.409988,0.35,1,138442,137995,447
19710301,3.41295,11.8483,436,186880,0.417998,0.35,1,138444,138008,436
19713221,2.28259,2.36967,438,186880,0.4276,0.35,1,138446,138008,438
19715701,8.45652,0.473933,448,186880,0.35752,0.37,1,138456,138008,448
19717781,31.2913,9.69479,473,186880,0.367504,0.35,1,138493,138020,473
19720701,7.85826,33.139,436,186880,0.369501,0.35,1,138495,138059,436
19723621,3.17165,6.62779,438,186880,0.3619,0.35,1,138497,138059,438
19726101,16.6343,1.32556,458,186880,0.39238,0.37,1,138517,138059,458
19728181,12.9269,21.0651,444,186880,0.358476,0.23,1,138529,138085,444
19731101,4.18537,13.013,435,186880,0.319695,0.23,1,138531,138096,435
19733381,54.4371,2.6026,502,186880,0.415939,0.27,1,138598,138096,502
19736301,12.4874,53.3205,438,186880,0.403188,0.27,1,138600,138162,438
19738581,10.4975,10.6641,448,186880,0.392638,0.35,1,138610,138162,448
19741501,3.6995,12.5328,437,186880,0.342528,0.35,1,138612,138175,437
19743781,32.7399,2.50656,477,186880,0.236506,0.38,1,138652,138175,477
19746701,8.14798,31.7013,440,186880,0.327301,0.38,1,138654,138214,440
19748981,22.4296,6.34026,466,186880,0.27346,0.3,1,138680,138214,466
19751901,6.08592,26.8681,436,186880,0.286692,0.3,1,138682,138246,436
19754821,2.81718,5.37361,438,186880,0.265338,0.3,1,138684,138246,438
19757301,55.7634,1.07472,507,186880,0.261068,0.39,1,138753,138246,507
19760001,12.7527,59.4149,435,186880,0.260214,0.33,1,138755,138320,435
19762921,12.1505,23.883,432,186880,0.332043,0.33,1,138767,138335,432
19765841,4.03011,4.7766,434,186880,0.314409,0.33,1,138769,138335,434
19768761,2.40602,0.955319,436,186880,0.310882,0.33,1,138771,138335,436
19770401,1.2812,0.191064,437,186880,0.294176,0.32,1,138772,138335,437
19773321,11.4562,12.0382,436,186880,0.346835,0.32,1,138786,138350,436
19776241,3.89125,2.40764,438,186880,0.357367,0.32,1,138788,138350,438
19779161,2.37825,0.481528,440,186880,0.327473,0.32,1,138790,138350,440
19780801,1.27565,0.0963057,441,186880,0.313495,0.31,1,138791,138350,441
19783721,5.05513,7.21926,438,186880,0.270699,0.31,1,138797,138359,438
19786641,2.61103,1.44385,440,186880,0.35014,0.31,1,138799,138359,440
19789121,2.12221,0.28877,442,186880,0.350028,0.36,1,138801,138359,442
19792041,5.22444,6.45775,440,186880,0.270006,0.36,1,138807,138367,440
19794321,2.64489,1.29155,442,186880,0.222001,0.42,1,138809,138367,442
19797241,3.72898,5.85831,439,186880,0.3404,0.42,1,138813,138374,439
19800161,2.3458,1.17166,441,186880,0.36408,0.42,1,138815,138374,441
19803081,2.06916,0.234332,443,186880,0.336816,0.42,1,138817,138374,443
19805141,6.01383,0.0468665,450,186880,0.267363,0.42,1,138824,138374,450
19807841,2.80277,9.60937,440,186880,0.381473,0.34,1,138826,138386,440
19810761,6.96055,9.12187,439,186880,0.436295,0.34,1,138834,138395,439
19813681,2.99211,1.82437,441,186880,0.415259,0.34,1,138836,138395,441
19816161,2.19842,0.364875,443,186880,0.379052,0.35,1,138838,138395,443
19819081,3.63968,3.27298,443,186880,0.41981,0.35,1,138842,138399,443
19820741,6.32794,0.654595,450,186880,0.403962,0.41,1,138849,138399,450
19822821,10.0656,9.73092,449,186880,0.344792,0.32,1,138860,138411,449
19825741,4.41312,12.3462,439,186880,0.332958,0.32,1,138863,138424,439
19828641,2.48262,2.46924,441,186880,0.338592,0.36,1,138865,138424,441
19831561,3.69652,2.89385,442,186880,0.331718,0.36,1,138869,138427,442
19833841,2.3393,0.578769,444,186880,0.306344,0.28,1,138871,138427,444
19835921,4.46786,4.91575,443,186880,0.309269,0.29,1,138876,138433,443
19838841,16.0936,20.9832,437,186880,0.341854,0.29,1,138895,138458,437
19841761,4.81871,4.19663,439,186880,0.316371,0.29,1,138897,138458,439
19844681,2.56374,0.839326,441,186880,0.407274,0.29,1,138899,138458,441
19846321,1.31275,0.167865,442,186880,0.417455,0.45,1,138900,138458,442
19849241,30.6625,33.6336,438,186880,0.395491,0.45,1,138938,138500,438
19852161,7.73251,6.72671,440,186880,0.359098,0.45,1,138940,138500,440
19854641,3.1465,1.34534,442,186880,0.35182,0.41,1,138942,138500,442
19856721,19.0293,21.0691,439,186880,0.270364,0.31,1,138965,138526,439
19858801,7.00586,8.21381,438,186880,0.334073,0.33,1,138969,138531,438
19861721,9.40117,8.04276,440,186880,0.258815,0.33,1,138979,138539,440
19863381,53.0802,1.60855,504,186880,0.219763,0.44,1,139043,138539,504
19866301,12.216,53.1217,440,186880,0.171953,0.44,1,139045,138605,440
19868581,8.04321,10.6243,447,186880,0.266391,0.5,1,139052,138605,447
19871501,3.20864,12.5249,436,185420,0.333278,0.5,1,139054,138618,436
19873781,31.8417,2.50497,475,185420,0.218656,0.25,1,139093,138618,475
19876701,7.96835,34.901,434,185420,0.195731,0.25,1,139095,138661,434
19878981,26.3937,6.9802,465,185420,0.207146,0.26,1,139126,138661,465
19881901,6.87873,25.396,437,185420,0.185429,0.26,1,139128,138691,437
19884821,2.97575,5.07921,439,185420,0.269086,0.26,1,139130,138691,439
19887301,51.7952,1.01584,503,185420,0.293817,0.26,1,139194,138691,503
19889381,14.359,51.4032,444,185420,0.226763,0.42,1,139199,138755,444
19891041,4.47181,15.8806,439,185420,0.181353,0.31,1,139201,138762,439
19893961,7.29436,10.3761,438,185420,0.260271,0.31,1,139209,138771,438
19896241,3.05887,2.07523,440,185420,0.252054,0.37,1,139211,138771,440
19899161,7.01177,9.21505,437,185420,0.258411,0.37,1,139219,138782,437
19901441,3.00235,1.84301,439,185420,0.227682,0.36,1,139221,138782,439
19903521,7.80047,5.1686,442,185420,0.261536,0.37,1,139230,138788,442
19906441,5.56009,9.83372,436,185420,0.228307,0.37,1,139235,138799,436
19909361,2.71202,1.96674,438,185420,0.213661,0.37,1,139237,138799,438
19912281,2.1424,0.393349,440,185420,0.290732,0.37,1,139239,138799,440
19913921,1.22848,0.0786698,441,185420,0.290146,0.37,1,139240,138799,441
19916841,6.6457,12.8157,433,185420,0.242029,0.37,1,139248,138815,433
19919761,2.92914,2.56315,435,185420,0.200406,0.37,1,139250,138815,435
19922681,2.18583,0.512629,437,185420,0.160081,0.37,1,139252,138815,437
19925601,2.03717,0.102526,439,185420,0.192016,0.37,1,139254,138815,439
19927441,1.20743,0.0205052,440,185420,0.182403,0.3,1,139255,138815,440
19930361,3.44149,3.2041,440,185420,0.308481,0.3,1,139259,138819,440
19933281,2.2883,0.64082,442,185420,0.293696,0.3,1,139261,138819,442
19935141,6.05766,0.128164,449,185420,0.370739,0.46,1,139268,138819,449
19938061,4.41153,8.82563,442,185420,0.346148,0.46,1,139272,138830,442
19940341,4.08231,1.76513,446,185420,0.33323,0.37,1,139276,138830,446
19943261,2.41646,6.75303,440,185420,0.330646,0.37,1,139278,138838,440
19945541,4.48329,1.3506,445,185420,0.338129,0.37,1,139283,138838,445
19948461,3.29666,7.47012,439,185420,0.315626,0.37,1,139286,138847,439
19950741,8.65933,1.49402,449,185420,0.319125,0.37,1,139296,138847,449
19952821,8.13187,9.09881,446,185420,0.287825,0.35,1,139304,138858,446
19955741,3.22637,9.81976,438,185420,0.281565,0.35,1,139306,138868,438
19958661,2.24527,1.96395,440,185420,0.336313,0.35,1,139308,138868,440
19961141,8.44905,0.39279,450,185420,0.275263,0.35,1,139318,138868,450
19964061,4.08981,11.2786,439,185420,0.215053,0.35,1,139321,138882,439
19966961,2.41796,2.25571,441,185420,0.20301,0.43,1,139323,138882,441
19969881,11.6836,16.4511,435,185420,0.248602,0.43,1,139337,138902,435
19972801,3.93672,3.29023,437,185420,0.26572,0.43,1,139339,138902,437
19975721,2.38734,0.658046,439,185420,0.237144,0.43,1,139341,138902,439
19977361,1.27747,0.131609,440,185420,0.247429,0.28,1,139342,138902,440
19980281,32.2555,36.8263,434,185420,0.345486,0.28,1,139382,138948,434
19983201,8.0511,7.36526,436,185420,0.333097,0.28,1,139384,138948,436
19985681,3.21022,1.47305,438,185420,0.298619,0.27,1,139386,138948,438
19988601,19.042,21.8946,434,185420,0.315724,0.27,1,139409,138975,434
19991301,10.2084,4.37892,442,185420,0.287145,0.25,1,139417,138975,442
19993381,56.4417,8.07578,501,185420,0.313429,0.3,1,139485,138984,501
19996301,12.8883,53.6152,438,185420,0.326686,0.3,1,139487,139049,438
19998581,5.77767,10.723,442,185420,0.361337,0.35,1,139491,139049,442
20000661,2.75553,6.14461,439,185420,0.336267,0.33,1,139493,139054,439
20002321,1.35111,10.0289,429,185420,0.371253,0.31,1,139494,139065,429
20005241,33.0702,30.8058,434,185420,0.282251,0.31,1,139535,139101,434
20007521,8.21404,6.16116,436,185420,0.23245,0.32,1,139537,139101,436
20010441,25.6428,26.0322,435,185420,0.28649,0.32,1,139567,139132,435
20013361,6.72856,5.20645,437,185420,0.265298,0.32,1,139569,139132,437
20015841,2.94571,1.04129,439,185420,0.26106,0.21,1,139571,139132,439
20018761,53.3891,57.0083,434,185420,0.316212,0.21,1,139637,139203,434
20021681,12.2778,11.4017,436,185420,0.295242,0.21,1,139639,139203,436
20023541,8.85557,2.28033,444,185420,0.243048,0.3,1,139647,139203,444
20026461,4.17111,11.6561,433,185420,0.30461,0.3,1,139650,139217,433
20028741,8.03422,2.33121,442,185420,0.332922,0.27,1,139659,139217,442
20031661,3.20684,8.46624,434,185420,0.306584,0.27,1,139661,139227,434
20033941,5.44137,1.69325,440,185420,0.293317,0.24,1,139667,139227,440
20036021,10.6883,5.93865,445,185420,0.322663,0.27,1,139679,139234,445
20038941,3.73765,10.7877,435,185420,0.296533,0.27,1,139681,139246,435
20041861,2.34753,2.15755,437,185420,0.283307,0.27,1,139683,139246,437
20044781,2.06951,0.431509,439,185420,0.288661,0.27,1,139685,139246,439
20046421,1.2139,0.0863018,440,185420,0.305732,0.38,1,139686,139246,440
20049341,1.84278,8.01726,432,185420,0.309146,0.38,1,139688,139256,432
20052261,1.96856,1.60345,434,185420,0.317829,0.38,1,139690,139256,434
20055181,1.99371,0.32069,436,185420,0.287566,0.38,1,139692,139256,436
20058101,1.99874,0.0641381,438,185420,0.265513,0.38,1,139694,139256,438
20059941,2.79975,0.0128276,441,185420,0.325103,0.32,1,139697,139256,441
20062021,6.95995,3.20257,445,185420,0.345021,0.37,1,139705,139260,445
20064941,2.99199,7.84051,438,185420,0.349004,0.37,1,139707,139269,438
20067221,5.3984,1.5681,444,185420,0.397801,0.35,1,139713,139269,444
20070141,2.67968,6.71362,438,185420,0.40756,0.35,1,139715,139277,438
20072421,2.13594,1.34272,440,185420,0.401512,0.38,1,139717,139277,440
20074081,1.22719,1.86854,439,185420,0.384302,0.36,1,139718,139279,439
20077001,5.04544,6.77371,437,185420,0.39686,0.36,1,139724,139287,437
20079281,2.60909,1.35474,439,185420,0.367372,0.37,1,139726,139287,439
20081361,8.52182,8.27095,439,185420,0.265474,0.26,1,139736,139297,439
20084281,13.7044,18.4542,433,185420,0.261095,0.26,1,139751,139318,433
20087201,4.34087,3.69084,435,185420,0.300219,0.26,1,139753,139318,435
20089681,2.46817,0.738168,437,185420,0.332044,0.27,1,139755,139318,437
20092601,10.0936,11.3476,435,185420,0.282409,0.27,1,139767,139332,435
20095521,3.61873,2.26953,437,185420,0.240482,0.27,1,139769,139332,437
20098001,2.32375,0.453905,439,185420,0.336096,0.34,1,139771,139332,439
20100921,5.26475,8.89078,434,185420,0.379219,0.34,1,139777,139343,434
20103841,2.65295,1.77816,436,185420,0.355844,0.34,1,139779,139343,436
20106761,2.13059,0.355631,438,185420,0.311169,0.34,1,139781,139343,438
20108401,1.22612,0.0711262,439,185420,0.342234,0.3,1,139782,139343,439
20111321,33.0452,36.0142,435,185420,0.364447,0.3,1,139823,139388,435
20114241,8.20904,7.20284,437,185420,0.336889,0.3,1,139825,139388,437
20116721,3.24181,1.44057,439,185420,0.419378,0.29,1,139827,139388,439
20119641,22.2484,25.0881,435,185420,0.379876,0.29,1,139854,139419,435
20121921,6.04967,5.01762,437,185420,0.371975,0.41,1,139856,139419,437
20124841,60.4099,61.8035,435,185420,0.266395,0.41,1,139930,139495,435
20127761,13.682,12.3607,437,185420,0.301279,0.41,1,139932,139495,437
20130681,4.3364,2.47214,439,185420,0.284256,0.41,1,139934,139495,439
20133361,2.46728,0.494428,441,185420,0.336851,0.35,1,139936,139495,441
20136281,34.8935,41.6989,432,185420,0.34737,0.35,1,139979,139547,432
20138561,8.57869,8.33978,434,185420,0.301474,0.31,1,139981,139547,434
20141481,26.5157,24.868,436,185420,0.404295,0.31,1,140012,139576,436
20144401,6.90315,4.97359,438,185420,0.400859,0.31,1,140014,139576,438
20146881,2.98063,0.994718,440,185420,0.368172,0.26,1,140016,139576,440
20149801,54.1961,55.3989,438,185420,0.289634,0.26,1,140083,139645,438
20152081,12.4392,11.0798,440,185420,0.361927,0.4,1,140085,139645,440
20155001,7.28785,11.016,435,185420,0.320385,0.4,1,140091,139656,435
20157281,3.05757,2.20319,437,185420,0.312077,0.24,1,140093,139656,437
20160201,5.41151,6.84064,435,185420,0.294415,0.24,1,140099,139664,435
20162481,4.2823,1.36813,439,185420,0.314883,0.31,1,140103,139664,439
20164561,8.85646,9.07363,438,185420,0.262977,0.31,1,140113,139675,438
20167481,7.37129,9.01473,436,185420,0.268595,0.31,1,140120,139684,436
20170401,3.07426,1.80294,438,185420,0.309719,0.31,1,140122,139684,438
20172881,2.21485,0.360589,440,185420,0.341944,0.31,1,140124,139684,440
20175801,3.64297,5.67212,437,185420,0.332389,0.31,1,140128,139691,437
20178721,2.32859,1.13442,439,185420,0.306478,0.31,1,140130,139691,439
20181641,2.06572,0.226885,441,185420,0.309296,0.31,1,140132,139691,441
20183281,1.21314,0.0453769,442,185420,0.293859,0.31,1,140133,139691,442
20186201,5.04263,6.40908,440,185420,0.266772,0.31,1,140139,139699,440
20189121,2.60853,1.28182,442,185420,0.229354,0.31,1,140141,139699,442
20192021,8.52171,0.256363,452,185420,0.317871,0.41,1,140151,139699,452
20194941,3.30434,11.2513,440,185420,0.295574,0.41,1,140153,139713,440
20197221,7.86087,2.25025,449,185420,0.339115,0.35,1,140162,139713,449
20200141,3.97217,13.2501,436,185420,0.291823,0.35,1,140165,139729,436
20203061,2.39443,2.65001,438,185420,0.282365,0.35,1,140167,139729,438
20205981,2.07889,0.530002,440,185420,0.272473,0.35,1,140169,139729,440
20208901,2.01578,0.106,442,185420,0.262495,0.35,1,140171,139729,442
20211781,8.40316,0.0212001,452,185420,0.268499,0.37,1,140181,139729,452
20213861,12.0806,11.2042,451,185420,0.2697,0.31,1,140194,139743,451
20216781,4.01613,15.8408,436,185420,0.26994,0.31,1,140196,139760,436
20219701,2.40323,3.16817,438,185420,0.237988,0.31,1,140198,139760,438
20222181,8.48065,0.633634,448,185420,0.287598,0.36,1,140208,139760,448
20225101,3.29613,8.92673,439,185420,0.26552,0.36,1,140210,139771,439
20227381,5.45923,1.78535,445,185420,0.309104,0.3,1,140216,139771,445
20230301,2.69185,8.35707,437,185420,0.317821,0.3,1,140218,139781,437
20233221,2.13837,1.67141,439,185420,0.287564,0.3,1,140220,139781,439
20235701,6.82767,0.334283,447,185420,0.289513,0.36,1,140228,139781,447
20238621,2.96553,10.4669,436,185420,0.257903,0.36,1,140230,139794,436
20240901,29.3931,2.09337,472,185420,0.27558,0.35,1,140266,139794,472
20243821,7.47862,32.4187,434,185420,0.319116,0.35,1,140268,139834,434
20246741,3.09572,6.48373,436,185420,0.295823,0.35,1,140270,139834,436
20249221,22.2191,1.29675,463,185420,0.307165,0.37,1,140297,139834,463
20252141,6.04383,19.4594,441,185420,0.309433,0.37,1,140299,139858,441
20254421,58.8088,3.89187,513,185420,0.229887,0.33,1,140371,139858,513
20257341,13.3618,67.9784,431,185420,0.181977,0.33,1,140373,139942,431
20260261,4.27235,13.5957,433,185420,0.140395,0.33,1,140375,139942,433
20263181,2.45447,2.71913,435,185420,0.260079,0.33,1,140377,139942,435
20265861,34.0909,0.543827,477,185420,0.188016,0.41,1,140419,139942,477
20268781,8.41818,35.3088,435,185420,0.181603,0.41,1,140421,139986,435
20271061,34.4836,7.06175,476,185420,0.228321,0.31,1,140462,139986,476
20273981,8.49673,32.6124,439,185420,0.213664,0.31,1,140464,140025,439
20276901,3.29935,6.52247,441,185420,0.210733,0.31,1,140466,140025,441
20279381,46.2599,1.30449,498,185420,0.226147,0.35,1,140523,140025,498
20282301,10.852,51.4609,436,185420,0.197229,0.35,1,140525,140089,436
20284581,6.17039,10.2922,441,185420,0.303446,0.37,1,140530,140089,441
20287501,3.63408,6.85844,438,185420,0.276689,0.37,1,140533,140095,438
20289781,3.12682,1.37169,441,185420,0.215338,0.36,1,140536,140095,441
20291861,8.62536,5.07434,445,185420,0.115068,0.29,1,140546,140101,445
20293521,2.52507,8.21487,437,185420,0.207014,0.33,1,140547,140110,437
20296441,8.50501,10.443,436,185420,0.225403,0.33,1,140557,140121,436
20299141,3.301,2.08859,438,185420,0.189081,0.34,1,140559,140121,438
20302061,2.2602,5.21772,434,185420,0.189816,0.34,1,140561,140127,434
20303921,1.25204,1.04354,435,185420,0.173963,0.26,1,140562,140127,435
20306841,8.25041,9.80871,433,185420,0.154793,0.26,1,140572,140139,433
20309761,3.25008,1.96174,435,185420,0.238959,0.26,1,140574,140139,435
20312681,2.25002,0.392348,437,185420,0.231792,0.26,1,140576,140139,437
20314321,1.25,0.0784697,438,185420,0.214358,0.38,1,140577,140139,438
20317241,5.85,8.01569,435,185420,0.226872,0.38,1,140584,140149,435
20319521,2.77,1.60314,437,185420,0.197374,0.36,1,140586,140149,437
20322441,8.554,9.92063,435,185420,0.231475,0.36,1,140596,140161,435
20325361,3.3108,1.98413,437,185420,0.238295,0.36,1,140598,140161,437
20327221,3.06216,0.396825,440,185420,0.231659,0.28,1,140601,140161,440
20330141,2.21243,4.87937,436,185420,0.230332,0.28,1,140603,140167,436
20332421,2.04249,0.975873,438,185420,0.286066,0.26,1,140605,140167,438
20335341,2.0085,3.39517,436,185420,0.265213,0.26,1,140607,140171,436
20337621,4.4017,0.679035,441,185420,0.197043,0.31,1,140612,140171,441
20339281,3.28034,6.53581,436,185420,0.215409,0.33,1,140615,140179,436
20342201,8.65607,9.30716,436,185420,0.0910817,0.33,1,140625,140189,436
20343861,10.5312,1.86143,447,185420,0.178216,0.33,1,140636,140189,447
20346781,3.70624,9.97229,437,185420,0.219643,0.33,1,140638,140201,437
20349701,2.34125,1.99446,439,185420,0.219929,0.33,1,140640,140201,439
20352181,8.46825,0.398891,449,185420,0.203986,0.35,1,140650,140201,449
20355101,4.09365,11.2798,438,185420,0.256797,0.35,1,140653,140215,438
20357381,7.21873,2.25596,446,185420,0.235359,0.25,1,140661,140215,446
20360301,3.04375,12.4512,433,185420,0.215072,0.25,1,140663,140230,433
20363221,2.20875,2.49024,435,185420,0.171014,0.25,1,140665,140230,435
20366141,2.04175,0.498048,437,185420,0.162203,0.25,1,140667,140230,437
20367781,11.6083,0.0996095,451,185420,0.152441,0.29,1,140681,140230,451
20369441,3.92167,12.0199,438,185420,0.118488,0.31,1,140683,140245,438
20372361,23.1843,28.804,433,185420,0.167698,0.31,1,140711,140278,433
20375281,6.23687,5.7608,435,185420,0.15354,0.31,1,140713,140278,435
20377761,2.84737,1.15216,437,185420,0.270708,0.36,1,140715,140278,437
20380681,22.1695,23.4304,435,185420,0.246142,0.36,1,140742,140307,435
20382961,6.03389,4.68609,437,185420,0.209228,0.25,1,140744,140307,437
20385881,56.4068,60.1372,432,185420,0.225846,0.25,1,140813,140381,432
20388801,12.8814,12.0274,434,185420,0.229169,0.25,1,140815,140381,434
20391721,4.17627,2.40549,436,185420,0.229834,0.25,1,140817,140381,436
20393361,1.63525,0.481098,437,185420,0.213967,0.18,1,140818,140381,437
20396281,37.9271,41.6962,432,185420,0.122793,0.18,1,140865,140433,432
20399201,9.18541,8.33924,434,185420,0.240559,0.18,1,140867,140433,434
20401061,27.4371,1.66785,466,185420,0.216112,0.26,1,140899,140433,466
20403981,7.08742,27.5336,434,185420,0.179222,0.26,1,140901,140467,434
20406901,3.01748,5.50671,436,185420,0.219844,0.26,1,140903,140467,436
20409381,47.8035,1.10134,495,185420,0.211969,0.2,1,140962,140467,495
20412301,11.1607,55.4203,428,185420,0.234394,0.2,1,140964,140536,428
20415221,3.83214,11.0841,430,185420,0.206879,0.2,1,140966,140536,430
20418141,2.36643,2.21681,432,185420,0.169376,0.2,1,140968,140536,432
20419781,2.87329,0.443362,435,185420,0.129875,0.18,1,140971,140536,435
20421861,9.37466,4.88867,440,185420,0.153975,0.29,1,140982,140542,440
20424561,3.47493,10.5777,430,185420,0.150795,0.16,1,140984,140554,430
20427481,7.09499,9.31555,429,185420,0.318159,0.16,1,140992,140563,429
20430401,3.019,1.86311,431,185420,0.327632,0.16,1,140994,140563,431
20433321,2.2038,0.372622,433,185420,0.321526,0.16,1,140996,140563,433
20434961,1.24076,0.0745244,434,185420,0.336305,0.23,1,140997,140563,434
20437881,12.2482,16.8149,428,185420,0.203261,0.23,1,141012,140584,428
20440801,4.04963,3.36298,430,185420,0.240652,0.23,1,141014,140584,430
20443721,2.40993,0.672596,432,185420,0.30413,0.23,1,141016,140584,432
20445361,1.28199,0.134519,433,185420,0.300826,0.27,1,141017,140584,433
20448281,8.2564,8.0269,433,185420,0.268165,0.27,1,141027,140594,433
20450561,3.25128,1.60538,435,185420,0.237633,0.23,1,141029,140594,435
20453481,3.85026,7.52108,430,185420,0.383527,0.23,1,141033,140603,430
20456401,2.37005,1.50422,432,185420,0.428705,0.23,1,141035,140603,432
20459301,3.67401,0.300843,436,185420,0.397741,0.22,1,141039,140603,436
20462221,2.3348,9.66017,426,185420,0.367548,0.22,1,141041,140615,426
20465141,2.06696,1.93203,428,185420,0.41751,0.22,1,141043,140615,428
20468061,2.01339,0.386407,430,185420,0.403502,0.22,1,141045,140615,430
20469701,8.40268,0.0772813,440,185420,0.3767,0.08,1,141055,140615,440
20471781,4.08054,7.21546,434,185420,0.35534,0.19,1,141058,140624,434
20473861,8.01611,3.04309,441,185420,0.311068,0.25,1,141067,140626,441
20475941,4.80322,9.40862,434,185420,0.270214,0.2,1,141071,140637,434
20478861,2.56064,5.08172,432,185420,0.262043,0.2,1,141073,140641,432
20480721,1.31213,1.01634,433,185420,0.300409,0.16,1,141074,140641,433
20483641,13.8624,19.4033,426,185420,0.348082,0.16,1,141091,140665,426
20486561,4.37249,3.88065,428,185420,0.349616,0.16,1,141093,140665,428
20489481,2.4745,0.776131,430,185420,0.341923,0.16,1,141095,140665,430
20491121,1.2949,0.155226,431,185420,0.364385,0.15,1,141096,140665,431
20494041,15.459,12.831,434,185420,0.256877,0.15,1,141115,140681,434
20496321,4.6918,2.56621,436,185420,0.235375,0.21,1,141117,140681,436
20499241,7.33836,6.11324,437,185420,0.287075,0.21,1,141125,140688,437
20501941,16.6677,1.22265,456,185420,0.305415,0.24,1,141144,140688,456
20504861,7.33353,24.2445,431,185420,0.237083,0.24,1,141149,140718,431
20507781,4.66671,4.84891,435,185420,0.191417,0.24,1,141153,140718,435
20510261,27.3333,0.969781,468,185420,0.270283,0.27,1,141186,140718,468
20513181,7.06667,29.794,433,185420,0.358057,0.27,1,141188,140755,433
20515461,52.6133,5.95879,497,185420,0.351611,0.28,1,141252,140755,497
20518381,12.1227,54.7918,432,185420,0.318322,0.28,1,141254,140822,432
20521301,4.02453,10.9584,434,185420,0.279664,0.28,1,141256,140822,434
20524221,2.40491,2.19167,436,185420,0.239933,0.28,1,141258,140822,436
20525861,37.281,0.438334,482,185420,0.303987,0.21,1,141304,140822,482
20528781,9.0562,44.8877,428,185420,0.292797,0.21,1,141306,140878,428
20531061,29.8112,8.97753,463,185420,0.322559,0.21,1,141341,140878,463
20533981,7.56225,27.3955,433,185420,0.304512,0.21,1,141343,140910,433
20536901,3.11245,5.4791,435,185420,0.284902,0.21,1,141345,140910,435
20539381,47.0225,1.09582,493,185420,0.23298,0.29,1,141403,140910,493
20542301,11.0045,51.4192,431,185420,0.198596,0.29,1,141405,140974,431
20545221,3.8009,10.2838,433,185420,0.223719,0.29,1,141407,140974,433
20548141,2.36018,2.05677,435,185420,0.316744,0.29,1,141409,140974,435
20550401,2.07204,0.411353,437,185420,0.303349,0.15,1,141411,140974,437
20552481,10.0144,8.08227,439,185420,0.21267,0.35,1,141423,140984,439
20555401,5.20288,8.81645,434,185420,0.130534,0.35,1,141427,140993,434
20557681,2.64058,1.76329,436,185420,0.274107,0.28,1,141429,140993,436
20560601,8.52812,9.15266,435,185420,0.294821,0.28,1,141439,141004,435
20563521,3.30562,1.83053,437,185420,0.266964,0.28,1,141441,141004,437
20566001,2.26112,0.366106,439,185420,0.261393,0.4,1,141443,141004,439
20568921,11.6522,12.8732,437,185420,0.220279,0.4,1,141457,141020,437
20571841,3.93044,2.57464,439,185420,0.268056,0.4,1,141459,141020,439
20574761,2.38609,0.514929,441,185420,0.253611,0.4,1,141461,141020,441
20576401,1.27722,0.102986,442,185420,0.266722,0.44,1,141462,141020,442
20579321,8.25544,9.6206,440,185420,0.261344,0.44,1,141472,141032,440
20581601,3.25109,1.92412,442,185420,0.228269,0.43,1,141474,141032,442
20584521,3.85022,9.18482,435,185420,0.317654,0.43,1,141478,141043,435
20587441,2.37004,1.83696,437,185420,0.375531,0.43,1,141480,141043,437
20590361,2.07401,0.367393,439,185420,0.355106,0.43,1,141482,141043,439
20593041,2.0148,0.0734786,441,185420,0.311021,0.41,1,141484,141043,441
20595961,4.40296,8.0147,436,185420,0.270204,0.41,1,141489,141053,436
20598241,2.48059,1.60294,438,185420,0.230041,0.3,1,141491,141053,438
20601161,10.8961,11.5206,437,185420,0.310008,0.3,1,141504,141067,437
20603861,8.57922,2.30412,445,185420,0.318002,0.31,1,141512,141067,445
20606781,3.31584,10.0608,435,185420,0.3436,0.31,1,141514,141079,435
20609701,2.26317,2.01216,437,185420,0.31672,0.31,1,141516,141079,437
20611761,2.05263,0.402433,439,185420,0.287344,0.35,1,141518,141079,439
20613841,10.8105,11.2805,438,185420,0.289469,0.38,1,141531,141093,438
20616761,3.76211,7.8561,433,185420,0.297894,0.38,1,141533,141100,433
20619681,2.35242,1.57122,435,185420,0.299579,0.38,1,141535,141100,435
20622161,2.07048,0.314244,437,185420,0.307916,0.32,1,141537,141100,437
20625081,24.4141,24.0628,437,185420,0.325583,0.32,1,141567,141130,437
20628001,6.48282,4.81257,439,185420,0.353117,0.32,1,141569,141130,439
20630901,14.8966,0.962514,456,185420,0.238623,0.18,1,141586,141130,456
20633821,4.57931,18.5925,435,185420,0.191725,0.18,1,141588,141153,435
20635681,1.71586,3.7185,436,185420,0.166345,0.3,1,141589,141153,436
20638601,8.34317,6.3437,439,185420,0.289269,0.3,1,141599,141160,439
20640261,24.8686,1.26874,468,185420,0.385854,0.35,1,141628,141160,468
20643181,7.37373,29.8537,434,185420,0.389171,0.35,1,141631,141197,434
20645461,48.6747,5.97075,493,185420,0.301834,0.26,1,141690,141197,493
20648381,11.3349,50.7942,433,185420,0.284367,0.26,1,141692,141259,433
20651301,3.86699,10.1588,435,185420,0.296873,0.26,1,141694,141259,435
20654221,2.3734,2.03177,437,185420,0.387375,0.26,1,141696,141259,437
20655861,42.8747,0.406353,490,185420,0.357475,0.19,1,141749,141259,490
20658781,10.1749,47.2813,433,185420,0.351495,0.19,1,141751,141318,433
20661061,30.835,9.45625,469,185420,0.406299,0.37,1,141787,141318,469
20663981,8.567,29.0913,438,185420,0.36926,0.37,1,141790,141352,438
20666901,3.3134,5.81825,440,185420,0.329852,0.37,1,141792,141352,440
20669381,43.0627,1.16365,493,185420,0.17797,0.19,1,141845,141352,493
20672301,11.0125,52.2327,431,185420,0.251594,0.19,1,141848,141417,431
20675221,3.80251,10.4465,433,185420,0.242319,0.19,1,141850,141417,433
20678141,2.3605,2.08931,435,185420,0.208464,0.19,1,141852,141417,435
20681061,2.0721,0.417862,437,185420,0.385693,0.19,1,141854,141417,437
20682901,7.61442,0.0835723,446,185420,0.309139,0.11,1,141863,141417,446
20684981,4.72288,8.01671,440,185420,0.373828,0.24,1,141867,141427,440
20687901,2.54458,6.40334,436,185420,0.354766,0.24,1,141869,141433,436
20690181,8.50892,1.28067,446,185420,0.286953,0.27,1,141879,141433,446
20693101,3.30178,12.2561,433,185420,0.241391,0.27,1,141881,141448,433
20696021,2.26036,2.45123,435,185420,0.232278,0.27,1,141883,141448,435
20698501,10.0521,0.490245,447,185420,0.270456,0.28,1,141895,141448,447
20700581,6.81041,8.89805,442,185420,0.286091,0.23,1,141901,141459,442
20703501,2.96208,7.37961,437,185420,0.345218,0.23,1,141903,141466,437
20706421,2.19242,1.47592,439,185420,0.325044,0.23,1,141905,141466,439
20708901,7.63848,0.295184,448,185420,0.337009,0.31,1,141914,141466,448
20711821,3.9277,16.059,431,185420,0.291402,0.31,1,141917,141486,431
20714741,2.38554,3.21181,433,185420,0.28228,0.31,1,141919,141486,433
20717661,2.07711,0.642361,435,185420,0.280456,0.31,1,141921,141486,435
20720581,2.01542,0.128472,437,185420,0.376091,0.31,1,141923,141486,437
20723501,2.00308,0.0256945,439,185420,0.395218,0.31,1,141925,141486,439
20725541,6.80062,0.00513889,447,185420,0.343044,0.34,1,141933,141486,447
20728461,2.96012,10.401,436,185420,0.300609,0.34,1,141935,141499,436
20730741,8.59202,2.08021,446,185420,0.364122,0.34,1,141945,141499,446
20732821,6.51841,8.41604,442,185420,0.320824,0.31,1,141951,141509,442
20735741,2.90368,7.28321,437,185420,0.280165,0.31,1,141953,141516,437
20737601,1.38074,1.45664,438,185420,0.256033,0.31,1,141954,141516,438
20740521,9.87615,9.89133,438,185420,0.291207,0.31,1,141966,141528,438
20742801,3.57523,1.97827,440,185420,0.370241,0.32,1,141968,141528,440
20745721,3.91505,6.79565,436,185420,0.386048,0.32,1,141972,141536,436
20748641,2.38301,1.35913,438,185420,0.39721,0.32,1,141974,141536,438
20751541,6.8766,0.271826,446,185420,0.335442,0.29,1,141982,141536,446
20753201,2.17532,7.25437,438,185420,0.315088,0.31,1,141983,141545,438
20756121,21.2351,30.2509,428,185420,0.383018,0.31,1,142009,141581,428
20758401,5.84701,6.05017,430,185420,0.364604,0.18,1,142011,141581,430
20761321,11.5694,6.81003,436,185420,0.376921,0.18,1,142024,141588,436
20762981,3.91388,1.36201,438,185420,0.403384,0.15,1,142026,141588,438
20765901,3.18278,1.8724,439,185420,0.360677,0.15,1,142029,141590,439
20768181,15.8366,0.37448,458,185420,0.360135,0.35,1,142048,141590,458
20770261,24.7673,13.6749,468,185420,0.344027,0.45,1,142075,141607,468
20773181,6.55346,27.535,439,185420,0.388805,0.45,1,142077,141638,439
20775461,49.3107,5.507,499,185420,0.301761,0.4,1,142137,141638,499
20778381,11.4621,52.3014,437,185420,0.252352,0.4,1,142139,141702,437
20781301,3.89243,10.4603,439,185420,0.21047,0.4,1,142141,141702,439
20784221,2.37849,2.09206,441,185420,0.306094,0.4,1,142143,141702,441
20785861,41.2757,0.418411,492,185420,0.333219,0.31,1,142194,141702,492
20788781,9.85514,43.2837,440,185420,0.306644,0.31,1,142196,141756,440
20791061,29.971,8.65674,475,185420,0.357329,0.38,1,142231,141756,475
20793981,7.59421,36.1313,434,185420,0.391466,0.38,1,142233,141799,434
20796901,3.11884,7.22627,436,185420,0.374293,0.38,1,142235,141799,436
20799381,43.0238,1.44525,489,185420,0.346859,0.43,1,142288,141799,489
20802301,10.2048,44.2891,436,185420,0.317372,0.43,1,142290,141854,436
20805221,3.64095,8.85781,438,185420,0.279474,0.43,1,142292,141854,438
20808141,2.32819,1.77156,440,185420,0.247895,0.43,1,142294,141854,440
20809781,4.46564,0.354312,445,185420,0.345579,0.39,1,142299,141854,445
20812701,2.49313,10.4709,434,185420,0.333116,0.39,1,142301,141867,434
20814981,10.0986,2.09417,446,185420,0.354623,0.27,1,142313,141867,446
20817901,3.61973,10.0188,436,185420,0.334925,0.27,1,142315,141879,436
20820181,10.3239,2.00377,448,185420,0.330985,0.28,1,142327,141879,448
20823101,3.66479,10.0008,438,185420,0.298197,0.28,1,142329,141891,438
20826021,2.33296,2.00015,440,185420,0.315639,0.28,1,142331,141891,440
20828501,8.46659,0.40003,450,185420,0.375128,0.29,1,142341,141891,450
20830581,7.29332,8.08001,447,185420,0.355026,0.4,1,142348,141901,447
20833501,3.85866,9.616,440,185420,0.343005,0.4,1,142351,141911,440
20836421,2.37173,1.9232,442,185420,0.308601,0.4,1,142353,141911,442
20838901,3.67435,0.38464,446,185420,0.38972,0.3,1,142357,141911,446
20841821,2.33487,5.67693,441,185420,0.373944,0.3,1,142359,141918,441
20844101,2.06697,1.13539,443,185420,0.370789,0.38,1,142361,141918,443
20847021,2.01339,6.62708,437,185420,0.346158,0.38,1,142363,141926,437
20849941,2.00268,1.32542,439,185420,0.309232,0.38,1,142365,141926,439
20852861,2.00054,0.265083,441,185420,0.285846,0.38,1,142367,141926,441
20855541,10.0001,0.0530166,453,185420,0.329169,0.39,1,142379,141926,453
20858461,4.40002,14.4106,438,185420,0.345834,0.39,1,142382,141944,438
20860741,4.08,2.88212,442,185420,0.373167,0.34,1,142386,141944,442
20862821,7.216,4.57642,445,185420,0.266633,0.32,1,142394,141949,445
20865741,3.8432,6.51528,441,185420,0.285327,0.32,1,142397,141956,441
20868641,2.36864,1.30306,443,185420,0.345065,0.39,1,142399,141956,443
20870721,8.47373,9.86061,441,185420,0.309013,0.38,1,142409,141968,441
20873641,3.29475,7.57212,436,185420,0.301803,0.38,1,142411,141975,436
20876561,2.25895,1.51442,438,185420,0.292361,0.38,1,142413,141975,438
20879041,2.05179,0.302885,440,185420,0.290472,0.38,1,142415,141975,440
20881961,13.2104,14.4606,438,185420,0.354094,0.38,1,142431,141993,438
20884241,4.24207,2.89212,440,185420,0.366819,0.41,1,142433,141993,440
20887161,18.4484,17.3784,441,185420,0.369364,0.41,1,142455,142014,441
20889441,5.28968,3.47568,443,185420,0.337873,0.41,1,142457,142014,443
20891521,9.85794,10.2951,442,185420,0.315575,0.36,1,142468,142026,442
20894441,11.5716,14.859,438,185420,0.247115,0.36,1,142480,142042,438
20896721,3.91432,2.97181,440,185420,0.233423,0.44,1,142482,142042,440
20898801,11.9829,10.9944,441,185420,0.326685,0.43,1,142496,142055,441
20901721,23.9966,25.3989,439,185420,0.433337,0.43,1,142523,142084,439
20904001,6.39931,5.07977,441,185420,0.454667,0.36,1,142525,142084,441
20906921,45.2799,53.816,430,185420,0.418933,0.36,1,142580,142150,430
20909841,10.656,10.7632,432,185420,0.379787,0.36,1,142582,142150,432
20912761,3.73119,2.15264,434,185420,0.371957,0.36,1,142584,142150,434
20914401,1.54624,0.430528,435,185420,0.362391,0.33,1,142585,142150,435
20917321,49.1092,47.2861,437,185420,0.352478,0.33,1,142646,142209,437
20919601,11.4218,9.45722,439,185420,0.326496,0.32,1,142648,142209,439
20922521,24.6844,26.6914,436,185420,0.273299,0.32,1,142676,142240,436
20925441,6.53687,5.33829,438,185420,0.26266,0.32,1,142678,142240,438
20927921,2.90737,1.06766,440,185420,0.348532,0.33,1,142680,142240,440
20930841,44.5815,49.0135,434,185420,0.189706,0.33,1,142735,142301,434
20933761,10.5163,9.80271,436,185420,0.245941,0.33,1,142737,142301,436
20936681,3.70326,1.96054,438,185420,0.313188,0.33,1,142739,142301,438
20939601,2.34065,0.392108,440,185420,0.334638,0.33,1,142741,142301,440
20941861,2.86813,0.0784216,443,185420,0.306928,0.27,1,142744,142301,443
20943521,1.37363,6.41568,436,185420,0.325386,0.31,1,142745,142309,436
20946441,9.07473,9.28314,437,185420,0.209077,0.31,1,142756,142319,437
20948721,3.41494,1.85663,439,185420,0.193815,0.34,1,142758,142319,439
20951641,10.283,9.17133,440,185420,0.198763,0.34,1,142770,142330,440
20953921,3.6566,1.83427,442,185420,0.287753,0.41,1,142772,142330,442
20956841,3.93132,4.36685,441,185420,0.297551,0.41,1,142776,142335,441
20958501,8.78626,0.873371,451,185420,0.32351,0.41,1,142786,142335,451
20960581,7.35725,8.17467,448,185420,0.264702,0.37,1,142793,142345,448
20963501,3.07145,12.8349,436,185420,0.25294,0.37,1,142795,142359,436
20966421,2.21429,2.56699,438,185420,0.274588,0.37,1,142797,142359,438
20969341,2.04286,0.513397,440,185420,0.254918,0.37,1,142799,142359,440
20970981,1.20857,0.102679,441,185420,0.266984,0.32,1,142800,142359,441
20973901,1.84171,4.02054,438,185420,0.325397,0.32,1,142802,142364,438
20976821,1.96834,0.804107,440,185420,0.313079,0.32,1,142804,142364,440
20979301,5.19367,0.160821,446,185420,0.302616,0.35,1,142810,142364,446
20982221,2.63873,6.43216,440,185420,0.268523,0.35,1,142812,142372,440
20984501,9.32775,1.28643,451,185420,0.317705,0.37,1,142823,142372,451
20987421,3.46555,13.0573,437,185420,0.295541,0.37,1,142825,142388,437
20990341,2.29311,2.61146,439,185420,0.299108,0.37,1,142827,142388,439
20992821,11.6586,0.522291,453,185420,0.243822,0.29,1,142841,142388,453
20995741,3.93172,13.7045,438,185420,0.200764,0.29,1,142843,142405,438
20998661,2.38634,2.74089,440,185420,0.272153,0.29,1,142845,142405,440
21001141,3.67727,0.548178,444,185420,0.278431,0.42,1,142849,142405,444
21004061,2.33545,8.90964,435,185420,0.287686,0.42,1,142851,142416,435
21006981,2.06709,1.78193,437,185420,0.257537,0.42,1,142853,142416,437
21009901,2.01342,0.356385,439,185420,0.227507,0.42,1,142855,142416,439
21011541,18.8027,0.0712771,462,185420,0.293501,0.36,1,142878,142416,462
21014461,5.36054,20.8143,438,185420,0.2747,0.36,1,142880,142442,438
21016741,15.4721,4.16285,456,185420,0.27894,0.33,1,142898,142442,456
21019661,4.69442,20.8326,433,185420,0.279788,0.33,1,142900,142467,433
21021941,15.3389,4.16651,451,185420,0.255958,0.25,1,142918,142467,451
21024021,6.26778,10.4333,443,185420,0.235192,0.39,1,142922,142479,443
21026941,2.85356,6.08666,440,185420,0.207038,0.39,1,142924,142484,440
21029221,16.5707,1.21733,460,185420,0.249408,0.39,1,142944,142484,460
21031301,24.9141,16.2435,467,185420,0.305882,0.37,1,142971,142504,467
21034221,6.58283,28.8487,437,185420,0.325176,0.37,1,142973,142536,437
21036501,40.5166,5.76974,486,185420,0.185035,0.28,1,143022,142536,486
21039421,9.70331,46.7539,431,185420,0.245007,0.28,1,143024,142593,431
21042341,3.54066,9.35079,433,185420,0.265001,0.28,1,143026,142593,433
21045261,2.30813,1.87016,435,185420,0.237,0.28,1,143028,142593,435
21046901,52.4616,0.374032,500,185420,0.2554,0.29,1,143093,142593,500
21049821,12.0923,52.0748,437,185420,0.26708,0.29,1,143095,142658,437
21052101,18.4185,10.415,457,185420,0.245416,0.33,1,143115,142658,457
21055021,5.28369,24.483,431,185420,0.209083,0.33,1,143117,142686,431
21057941,2.65674,4.8966,433,185420,0.225817,0.33,1,143119,142686,433
21060421,47.7313,0.97932,492,185420,0.309163,0.27,1,143178,142686,492
21063341,11.1463,50.5959,431,185420,0.333833,0.27,1,143180,142749,431
21066261,3.82925,10.1192,433,185420,0.306767,0.27,1,143182,142749,433
21069181,2.36585,2.02383,435,185420,0.301353,0.27,1,143184,142749,435
21072101,2.07317,0.404767,437,185420,0.308271,0.27,1,143186,142749,437
21074561,2.01463,0.0809534,439,185420,0.309654,0.33,1,143188,142749,439
21077481,10.0029,10.4162,438,185420,0.293931,0.33,1,143200,142762,438
21079761,3.60059,2.08324,440,185420,0.290786,0.32,1,143202,142762,440
21082681,8.72012,10.8166,437,185420,0.298157,0.32,1,143212,142775,437
21084961,3.34402,2.16333,439,185420,0.291631,0.33,1,143214,142775,439
21087041,7.0688,9.23267,436,185420,0.258326,0.28,1,143222,142786,436
21089961,10.2138,10.6465,436,185420,0.323665,0.28,1,143233,142797,436
21092881,3.64275,2.12931,438,185420,0.336733,0.28,1,143235,142797,438
21095781,5.52855,0.425861,444,185420,0.291347,0.3,1,143241,142797,444
21098701,2.70571,10.4852,433,185420,0.258269,0.3,1,143243,142810,433
21101621,2.14114,2.09703,435,185420,0.219654,0.3,1,143245,142810,435
21104541,2.02823,0.419407,437,185420,0.179931,0.3,1,143247,142810,437
21107461,2.00565,0.0838814,439,185420,0.179986,0.3,1,143249,142810,439
21109301,6.80113,0.0167763,447,185420,0.235997,0.33,1,143257,142810,447
21112221,2.96023,10.4034,436,185420,0.215199,0.33,1,143259,142823,436
21114501,5.39205,2.08067,442,185420,0.30704,0.34,1,143265,142823,442
21117421,2.67841,9.21613,433,185420,0.325408,0.34,1,143267,142834,433
21120341,2.13568,1.84323,435,185420,0.337082,0.34,1,143269,142834,435
21122821,8.42714,0.368645,445,185420,0.267416,0.32,1,143279,142834,445
21125741,4.88543,10.4737,436,185420,0.245483,0.32,1,143283,142847,436
21128661,2.57709,2.09475,438,185420,0.241097,0.32,1,143285,142847,438
21131141,2.11542,0.418949,440,185420,0.320219,0.25,1,143287,142847,440
21134061,2.02308,4.88379,436,185420,0.304044,0.25,1,143289,142853,436
21136341,6.80462,0.976758,444,185420,0.244809,0.29,1,143297,142853,444
21139261,2.96092,7.39535,437,185420,0.200962,0.29,1,143299,142862,437
21141541,22.9922,1.47907,465,185420,0.200192,0.29,1,143327,142862,465
21144461,6.19844,24.2958,437,185420,0.200038,0.29,1,143329,142892,437
21146741,8.43969,4.85916,446,185420,0.320008,0.3,1,143338,142892,446
21149661,4.08794,10.5718,437,185420,0.296002,0.3,1,143341,142904,437
21151941,15.2176,2.11437,455,185420,0.2672,0.32,1,143359,142904,455
21154861,4.64352,20.4229,432,185420,0.22944,0.32,1,143361,142929,432
21157761,2.5287,4.08457,434,185420,0.237888,0.27,1,143363,142929,434
21159841,17.3057,16.0169,436,185420,0.311578,0.3,1,143384,142948,436
21162761,22.6611,28.0034,429,185420,0.318316,0.3,1,143408,142979,429
21165041,6.13223,5.60068,431,185420,0.319663,0.17,1,143410,142979,431
21167961,41.2264,42.7201,429,185420,0.303933,0.17,1,143460,143031,429
21170881,9.84529,8.54403,431,185420,0.268787,0.17,1,143462,143031,431
21173801,3.56906,1.70881,433,185420,0.221757,0.17,1,143464,143031,433
21175441,1.51381,0.341761,434,185420,0.260351,0.3,1,143465,143031,434
21178361,63.5028,63.2684,434,185420,0.31607,0.3,1,143544,143110,434
21180641,14.3006,12.6537,436,185420,0.327214,0.25,1,143546,143110,436
21183561,11.6601,14.5307,432,185420,0.297443,0.25,1,143557,143125,432
21186481,3.93202,2.90615,434,185420,0.291489,0.25,1,143559,143125,434
21188961,2.3864,0.581229,436,185420,0.322298,0.33,1,143561,143125,436
21191881,46.8773,48.1162,434,185420,0.27246,0.33,1,143619,143185,434
21194801,10.9755,9.62325,436,185420,0.262492,0.33,1,143621,143185,436
21197721,3.79509,1.92465,438,185420,0.348498,0.33,1,143623,143185,438
21199361,1.55902,0.38493,439,185420,0.3817,0.25,1,143624,143185,439
21202281,5.1118,7.27699,436,185420,0.31634,0.25,1,143630,143194,436
21205201,2.62236,1.4554,438,185420,0.279268,0.25,1,143632,143194,438
21207061,4.52447,0.291079,443,185420,0.343854,0.29,1,143637,143194,443
21209141,7.30489,6.45822,443,185420,0.276771,0.3,1,143645,143202,443
21210801,2.26098,9.29164,434,185420,0.247354,0.29,1,143646,143212,434
21213721,8.4522,6.65833,438,185420,0.305471,0.29,1,143656,143218,438
21216001,3.29044,1.33167,440,185420,0.357094,0.31,1,143658,143218,440
21218081,5.45809,7.46633,437,185420,0.311419,0.25,1,143664,143227,437
21221001,10.6916,14.2933,433,185420,0.350284,0.25,1,143676,143243,433
21223921,3.73832,2.85865,435,185420,0.358057,0.25,1,143678,143243,435
21226401,2.34766,0.571731,437,185420,0.351611,0.18,1,143680,143243,437
21229321,2.06953,4.91435,433,185420,0.374322,0.18,1,143682,143249,433
21232241,2.01391,0.982869,435,185420,0.346864,0.18,1,143684,143249,435
21234721,2.00278,0.196574,437,185420,0.309373,0.25,1,143686,143249,437
21237641,8.40056,6.43931,439,185420,0.269875,0.25,1,143696,143257,439
21239301,3.28011,1.28786,441,185420,0.229975,0.36,1,143698,143257,441
21242221,2.25602,5.05757,437,185420,0.213995,0.36,1,143700,143263,437
21244501,8.4512,1.01151,447,185420,0.274799,0.3,1,143710,143263,447
21247421,3.29024,10.6023,436,185420,0.25496,0.3,1,143712,143276,436
21250341,2.25805,2.12046,438,185420,0.322992,0.3,1,143714,143276,438
21252821,3.65161,0.424092,442,185420,0.304598,0.26,1,143718,143276,442
21254901,3.93032,4.88482,440,185420,0.29292,0.32,1,143722,143282,440
21257821,2.38606,8.97696,432,185420,0.290584,0.32,1,143724,143292,432
21260741,2.07721,1.79539,434,185420,0.266117,0.32,1,143726,143292,434
21263661,2.01544,0.359079,436,185420,0.261223,0.32,1,143728,143292,436
21266341,6.80309,0.0718157,444,185420,0.260245,0.17,1,143736,143292,444
21269261,2.96062,6.41436,438,185420,0.228049,0.17,1,143738,143300,438
21271541,28.5921,1.28287,473,185420,0.18961,0.29,1,143773,143300,473
21274461,7.31842,33.0566,434,185420,0.293922,0.29,1,143775,143341,434
21277361,3.06368,6.61131,436,185420,0.282784,0.3,1,143777,143341,436
21280281,7.01274,9.32226,434,185420,0.272557,0.3,1,143785,143351,434
21281941,11.0025,1.86445,446,185420,0.318511,0.22,1,143797,143351,446
21284861,3.80051,10.7729,435,185420,0.295702,0.22,1,143799,143364,435
21287781,2.3601,2.15458,437,185420,0.26714,0.22,1,143801,143364,437
21290261,21.272,0.430916,463,185420,0.301428,0.31,1,143827,143364,463
21292341,21.8544,20.8862,459,185420,0.324286,0.25,1,143849,143390,459
21295261,5.97088,26.5772,433,185420,0.304857,0.25,1,143851,143418,433
21297541,42.7942,5.31545,485,185420,0.220971,0.25,1,143903,143418,485
21300461,10.1588,46.6631,430,185420,0.212194,0.25,1,143905,143475,430
21303381,3.63177,9.33262,432,185420,0.298439,0.25,1,143907,143475,432
21306301,2.32635,1.86652,434,185420,0.307688,0.25,1,143909,143475,434
21307941,62.0653,0.373305,511,185420,0.389538,0.32,1,143986,143475,511
21310861,14.0131,60.0747,438,185420,0.373908,0.32,1,143988,143550,438
21313141,9.20261,12.0149,446,185420,0.322782,0.33,1,143996,143550,446
21316061,3.44052,11.203,437,185420,0.360556,0.33,1,143998,143561,437
21318341,2.2881,2.2406,439,185420,0.336111,0.3,1,144000,143561,439
21320001,1.25762,2.84812,437,185420,0.403222,0.39,1,144001,143564,437
21322921,46.6515,48.5696,435,185420,0.336644,0.39,1,144059,143624,435
21325841,10.9303,9.71392,437,185420,0.315329,0.39,1,144061,143624,437
21328321,3.78606,1.94278,439,185420,0.375066,0.3,1,144063,143624,439
21330401,5.55721,5.18856,439,185420,0.347013,0.26,1,144069,143630,439
21333321,9.11144,13.0377,434,185420,0.349403,0.26,1,144079,143645,434
21336241,3.42229,2.60754,436,185420,0.437881,0.26,1,144081,143645,436
21339141,3.08446,0.521508,439,185420,0.407576,0.22,1,144084,143645,439
21341841,3.01689,1.7043,440,185420,0.393515,0.28,1,144087,143647,440
21344761,12.6034,14.7409,437,185420,0.406703,0.28,1,144102,143665,437
21347681,4.12068,2.94817,439,185420,0.441341,0.28,1,144104,143665,439
21350581,7.22414,0.589634,447,185420,0.456268,0.37,1,144112,143665,447
21353501,3.04483,11.3179,435,185420,0.435254,0.37,1,144114,143679,435
21355781,9.40897,2.26359,446,185420,0.407051,0.35,1,144125,143679,446
21358701,4.28179,10.0527,437,185420,0.36141,0.35,1,144128,143691,437
21361621,2.45636,2.01054,439,185420,0.320282,0.35,1,144130,143691,439
21364541,2.09127,0.402109,441,185420,0.312056,0.35,1,144132,143691,441
21367221,4.41825,0.0804217,446,185420,0.430411,0.4,1,144137,143691,446
21370141,3.28365,8.81608,438,185420,0.406082,0.4,1,144140,143702,438
21373041,2.25673,1.76322,440,185420,0.377216,0.27,1,144142,143702,440
21375121,5.25135,7.55264,437,185420,0.443443,0.29,1,144148,143711,437
21378041,7.45027,10.3105,434,185420,0.408689,0.29,1,144156,143722,434
21380961,3.09005,2.06211,436,185420,0.473738,0.29,1,144158,143722,436
21383441,2.21801,0.412421,438,185420,0.446748,0.33,1,144160,143722,438
21386361,3.6436,8.08248,432,185420,0.43335,0.33,1,144164,143732,432
21389281,2.32872,1.6165,434,185420,0.42267,0.33,1,144166,143732,434
21392201,2.06574,0.323299,436,185420,0.388534,0.33,1,144168,143732,436
21393841,1.21315,0.0646599,437,185420,0.357707,0.33,1,144169,143732,437
21396761,9.84263,10.4129,436,185420,0.335541,0.33,1,144181,143745,436
21399681,3.56853,2.08259,438,185420,0.339108,0.33,1,144183,143745,438
21401541,22.3137,0.416517,465,185420,0.355822,0.28,1,144210,143745,465
21404461,6.06274,25.6833,435,185420,0.319164,0.28,1,144212,143777,435
21406741,8.41255,5.13666,444,185420,0.399833,0.24,1,144221,143777,444
21409661,4.08251,8.22733,438,185420,0.367967,0.24,1,144224,143786,438
21411941,8.0165,1.64547,447,185420,0.393593,0.22,1,144233,143786,447
21414861,4.0033,13.9291,433,185420,0.350719,0.22,1,144236,143803,433
21417781,2.40066,2.78582,435,185420,0.334144,0.22,1,144238,143803,435
21420261,25.2801,0.557164,466,185420,0.402829,0.29,1,144269,143803,466
21422341,22.656,24.9114,457,185420,0.424566,0.28,1,144291,143834,457
21425261,6.93121,24.9823,435,185420,0.444913,0.28,1,144294,143859,435
21427541,38.1862,4.99646,481,185420,0.344983,0.21,1,144340,143859,481
21429621,14.0372,37.7993,443,185420,0.348997,0.24,1,144348,143905,443
21432541,4.40745,17.1599,433,185420,0.317799,0.24,1,144350,143917,433
21435461,2.48149,3.43197,435,185420,0.27156,0.24,1,144352,143917,435
21437941,62.0963,0.686394,512,185420,0.254312,0.34,1,144429,143917,512
21440861,14.8193,58.5373,442,185420,0.386862,0.34,1,144432,143990,442
21443141,4.56385,11.7075,444,185420,0.397372,0.39,1,144434,143990,444
21445221,8.91277,7.94149,447,185420,0.327475,0.31,1,144444,143997,447
21448141,3.38255,10.3883,438,185420,0.289495,0.31,1,144446,144008,438
21451041,2.27651,2.07766,440,185420,0.233899,0.44,1,144448,144008,440
21453961,49.2553,50.0155,439,185420,0.22278,0.44,1,144509,144070,439
21456881,11.4511,10.0031,441,185420,0.188556,0.44,1,144511,144070,441
21459801,3.89021,2.00062,443,185420,0.253711,0.44,1,144513,144070,443
21461441,1.57804,0.400124,444,185420,0.258742,0.42,1,144514,144070,444
21464361,8.31561,10.48,441,185420,0.171748,0.42,1,144524,144083,441
21466641,3.26312,2.096,443,185420,0.16235,0.46,1,144526,144083,443
21469561,3.85262,5.2192,441,185420,0.31247,0.46,1,144530,144089,441
21472481,2.37052,1.04384,443,185420,0.310494,0.46,1,144532,144089,443
21474341,12.4741,0.208768,458,185420,0.262099,0.4,1,144547,144089,458
21477261,4.09482,13.6418,443,185420,0.22042,0.4,1,144549,144106,443
21479541,14.419,2.72835,460,185420,0.324084,0.4,1,144566,144106,460
21482461,5.28379,15.7457,444,185420,0.328817,0.4,1,144569,144125,444
21484321,1.85676,3.14913,445,185420,0.345763,0.5,1,144570,144125,445
21487241,2.77135,8.62983,438,185420,0.309153,0.5,1,144573,144135,438
21490161,2.15427,1.72597,440,185420,0.261831,0.5,1,144575,144135,440
21493081,2.03085,0.345193,442,185420,0.252366,0.5,1,144577,144135,442
21494721,1.20617,0.0690386,443,185420,0.298473,0.46,1,144578,144135,443
21497641,6.64123,8.81381,440,185420,0.323695,0.46,1,144586,144146,440
21500561,2.92825,1.76276,442,185420,0.296739,0.46,1,144588,144146,442
21503481,2.18565,0.352552,444,185420,0.331348,0.46,1,144590,144146,444
21505541,5.23713,0.0705105,450,185420,0.37027,0.38,1,144596,144146,450
21507621,5.84743,6.4141,448,185420,0.282054,0.45,1,144602,144154,448
21510541,2.76949,8.48282,441,185420,0.360411,0.45,1,144604,144163,441
21513461,2.1539,1.69656,443,185420,0.376082,0.45,1,144606,144163,443
21515941,6.03078,0.339313,450,185420,0.299216,0.43,1,144613,144163,450
21518861,3.60616,8.86786,442,185420,0.235843,0.43,1,144616,144174,442
21521781,2.32123,1.77357,444,185420,0.287169,0.43,1,144618,144174,444
21524701,2.06425,0.354714,446,185420,0.297434,0.43,1,144620,144174,446
21526341,5.21285,0.0709429,452,185420,0.275487,0.51,1,144626,144174,452
21529261,3.44257,8.01419,445,185420,0.319097,0.51,1,144629,144184,445
21531541,22.2885,1.60284,472,185420,0.311819,0.48,1,144656,144184,472
21534461,7.6577,27.5206,442,185420,0.254364,0.48,1,144660,144218,442
21536741,6.33154,5.50411,448,185420,0.338873,0.44,1,144666,144218,448
21539661,2.86631,9.90082,439,185420,0.355775,0.44,1,144668,144229,439
21541941,10.1733,1.98016,451,185420,0.247155,0.31,1,144680,144229,451
21544861,3.63465,12.396,438,185420,0.313431,0.31,1,144682,144244,438
21547781,2.32693,2.47921,440,185420,0.318686,0.31,1,144684,144244,440
21550261,29.2654,0.495841,476,185420,0.295737,0.35,1,144720,144244,476
21552341,18.6531,28.0992,457,185420,0.275147,0.4,1,144736,144279,457
21555261,5.33062,23.2198,437,185420,0.311029,0.4,1,144738,144301,437
21557541,39.4661,4.64397,485,185420,0.270206,0.35,1,144786,144301,485
21559621,11.0932,38.5288,442,185420,0.198041,0.35,1,144790,144348,442
21562541,3.81864,13.3058,437,185420,0.215608,0.35,1,144792,144355,437
21565461,2.36373,2.66115,439,185420,0.219122,0.35,1,144794,144355,439
21567941,61.2727,0.53223,515,185420,0.243824,0.35,1,144870,144355,515
21570861,13.8545,66.5064,434,185420,0.216765,0.35,1,144872,144438,434
21573761,4.37091,13.3013,436,185420,0.283353,0.32,1,144874,144438,436
21576681,12.0742,13.8603,436,185420,0.264671,0.32,1,144888,144452,436
21579601,4.01484,2.77205,438,185420,0.268934,0.32,1,144890,144452,438
21582081,2.40297,0.55441,440,185420,0.293787,0.25,1,144892,144452,440
21585001,47.6806,53.7109,432,185420,0.362757,0.25,1,144951,144519,432
21587921,11.1361,10.7422,434,185420,0.344551,0.25,1,144953,144519,434
21590841,3.82722,2.14844,436,185420,0.38091,0.25,1,144955,144519,436
21592481,1.56544,0.429687,437,185420,0.380182,0.35,1,144956,144519,437
21595401,6.71309,8.88594,434,185420,0.340036,0.35,1,144964,144530,434
21597681,2.94262,1.77719,436,185420,0.324007,0.32,1,144966,144530,436
21600601,5.38852,8.35544,432,185420,0.408801,0.32,1,144972,144540,432
21602881,2.6777,1.67109,434,185420,0.39376,0.21,1,144974,144540,434
21605801,9.33554,10.7342,432,185420,0.358752,0.21,1,144985,144553,432
21608081,3.46711,2.14684,434,185420,0.43975,0.25,1,144987,144553,434
21611001,17.4934,18.0294,433,185420,0.37595,0.25,1,145008,144575,433
21613921,5.09868,3.60587,435,185420,0.37119,0.25,1,145010,144575,435
21616841,2.61974,0.721175,437,185420,0.394238,0.25,1,145012,144575,437
21618901,2.12395,0.144235,439,185420,0.366848,0.31,1,145014,144575,439
21621821,2.02479,2.42885,438,185420,0.36937,0.31,1,145016,144578,438
21623681,1.20496,0.485769,439,185420,0.353874,0.29,1,145017,144578,439
21625761,5.04099,2.49715,442,185420,0.254775,0.43,1,145023,144581,442
21628681,5.8082,10.0994,436,185420,0.354955,0.43,1,145029,144593,436
21631601,2.76164,2.01989,438,185420,0.342991,0.43,1,145031,144593,438
21634081,2.15233,0.403977,440,185420,0.340598,0.38,1,145033,144593,440
21637001,6.83047,10.4808,435,185420,0.36412,0.38,1,145041,144606,435
21639921,2.96609,2.09616,437,185420,0.360824,0.38,1,145043,144606,437
21642821,6.99322,0.419232,445,185420,0.288165,0.3,1,145051,144606,445
21645741,2.99864,9.68385,435,185420,0.241633,0.3,1,145053,144618,435
21648661,2.19973,1.93677,437,185420,0.288327,0.3,1,145055,144618,437
21651141,4.43995,0.387354,442,185420,0.361665,0.27,1,145060,144618,442
21654061,3.28799,6.47747,437,185420,0.336333,0.27,1,145063,144626,437
21656341,11.0576,1.29549,450,185420,0.315267,0.32,1,145076,144626,450
21659261,4.61152,10.6591,440,185420,0.295053,0.32,1,145079,144639,440
21661541,14.5223,2.13182,457,185420,0.363011,0.26,1,145096,144639,457
21663621,9.30446,16.4264,445,185420,0.256602,0.33,1,145104,144659,445
21666541,3.46089,12.8853,435,185420,0.24332,0.33,1,145106,144671,435
21669461,2.29218,2.57705,437,185420,0.208664,0.33,1,145108,144671,437
21671941,6.05844,0.515411,444,185420,0.329733,0.28,1,145115,144671,444
21674861,3.61169,12.1031,432,185420,0.313947,0.28,1,145118,144686,432
21677781,2.32234,2.42062,434,185420,0.334789,0.28,1,145120,144686,434
21680261,37.2645,0.484123,480,185420,0.314958,0.32,1,145166,144686,480
21682341,13.8529,34.4968,445,185420,0.302992,0.34,1,145174,144729,445
21684421,5.17058,13.2994,440,185420,0.300598,0.33,1,145177,144737,440
21686081,2.63412,8.25987,435,185420,0.30812,0.2,1,145179,144744,435
21689001,41.3268,42.452,435,185420,0.389624,0.2,1,145230,144795,435
21691921,9.86536,8.49039,437,185420,0.373925,0.2,1,145232,144795,437
21694841,3.57307,1.69808,439,185420,0.338785,0.2,1,145234,144795,439
21696481,1.51461,0.339616,440,185420,0.315757,0.32,1,145235,144795,440
21699401,67.5029,70.4679,436,185420,0.359151,0.32,1,145319,144883,436
21702321,15.1006,14.0936,438,185420,0.33583,0.32,1,145321,144883,438
21704801,4.62012,2.81872,440,185420,0.331166,0.37,1,145323,144883,440
21707721,8.92402,9.36374,439,185420,0.378233,0.37,1,145333,144894,439
21710641,3.3848,1.87275,441,185420,0.387647,0.37,1,145335,144894,441
21713121,2.27696,0.37455,443,185420,0.357529,0.36,1,145337,144894,443
21716041,48.4554,52.0749,438,185420,0.439506,0.36,1,145397,144959,438
21718961,11.2911,10.415,440,185420,0.463901,0.36,1,145399,144959,440
21721881,3.85822,2.083,442,185420,0.43678,0.36,1,145401,144959,442
21723521,1.57164,0.416599,443,185420,0.415356,0.32,1,145402,144959,443
21725601,5.11433,5.68332,442,185420,0.363071,0.42,1,145408,144966,442
21728521,5.82287,8.33666,439,185420,0.320614,0.42,1,145414,144975,439
21731441,2.76457,1.66733,441,185420,0.400123,0.42,1,145416,144975,441
21733921,2.15291,0.333467,443,185420,0.384025,0.41,1,145418,144975,443
21736841,12.4306,16.8667,437,185420,0.372805,0.41,1,145433,144996,437
21739121,4.08612,3.37334,439,185420,0.338561,0.37,1,145435,144996,439
21742041,13.6172,16.6747,435,185420,0.419712,0.37,1,145451,145016,435
21744961,4.32344,3.33493,437,185420,0.403942,0.37,1,145453,145016,437
21747881,2.46469,0.666987,439,185420,0.368788,0.37,1,145455,145016,439
21749521,1.29294,0.133397,440,185420,0.377758,0.26,1,145456,145016,440
21752441,6.65859,7.22668,439,185420,0.315552,0.26,1,145464,145025,439
21755361,2.93172,1.44534,441,185420,0.27911,0.26,1,145466,145025,441
21758261,3.78634,0.289067,445,185420,0.311822,0.34,1,145470,145025,445
21760341,5.55727,4.85781,445,185420,0.382364,0.36,1,145476,145031,445
21763261,2.71145,10.5716,435,185420,0.364473,0.36,1,145478,145043,435
21766181,2.14229,2.11431,437,185420,0.416895,0.36,1,145480,145043,437
21768661,3.62846,0.422862,441,185420,0.451379,0.38,1,145484,145043,441
21770321,1.52569,2.48457,439,185420,0.458276,0.37,1,145485,145046,439
21773241,6.70514,8.49691,437,185420,0.363655,0.37,1,145493,145056,437
21776161,2.94103,1.69938,439,185420,0.392731,0.37,1,145495,145056,439
21779081,2.18821,0.339877,441,185420,0.398546,0.37,1,145497,145056,441
21781141,10.8376,0.0679753,454,185420,0.375709,0.4,1,145510,145056,454
21784061,4.56753,12.8136,441,185420,0.355142,0.4,1,145513,145072,441
21786341,8.91351,2.56272,451,185420,0.367028,0.42,1,145523,145072,451
21789261,3.3827,10.1125,441,185420,0.361406,0.42,1,145525,145084,441
21791541,5.47654,2.02251,447,185420,0.416281,0.32,1,145531,145084,447
21793621,11.4953,12.4045,445,185420,0.371256,0.2,1,145544,145099,445
21796541,3.89906,9.6809,438,185420,0.338251,0.2,1,145546,145108,438
21798821,7.17981,1.93618,446,185420,0.25165,0.36,1,145554,145108,446
21801741,3.03596,9.18724,437,185420,0.21033,0.36,1,145556,145119,437
21804661,2.20719,1.83745,439,185420,0.322066,0.36,1,145558,145119,439
21807141,6.84144,0.367489,447,185420,0.344413,0.34,1,145566,145119,447
21808801,2.16829,5.6735,441,185420,0.356883,0.36,1,145567,145126,441
21811721,42.0337,45.1347,438,185420,0.391377,0.36,1,145619,145181,438
21814641,10.0067,9.02694,440,185420,0.358275,0.36,1,145621,145181,440
21817121,3.60135,1.80539,442,185420,0.351655,0.33,1,145623,145181,442
21820041,41.5203,42.7611,440,185420,0.302331,0.33,1,145674,145234,440
21822321,9.90405,8.55222,442,185420,0.260466,0.4,1,145676,145234,442
21825241,8.38081,6.51044,444,185420,0.372093,0.4,1,145684,145240,444
21827521,3.27616,1.30209,446,185420,0.370419,0.39,1,145686,145240,446
21830441,68.6552,74.6604,438,185420,0.306084,0.39,1,145771,145333,438
21833361,16.931,14.9321,442,185420,0.405217,0.39,1,145775,145333,442
21835841,4.98621,2.98642,444,185420,0.401043,0.3,1,145777,145333,444
21838761,2.59724,6.19728,439,185420,0.400209,0.3,1,145779,145340,439
21841681,2.11945,1.23946,441,185420,0.368042,0.3,1,145781,145340,441
21844161,2.02389,0.247891,443,185420,0.329608,0.41,1,145783,145340,443
21847081,47.6048,51.2496,438,185420,0.305922,0.41,1,145842,145404,438
21850001,11.121,10.2499,440,185420,0.325184,0.41,1,145844,145404,440
21852921,3.82419,2.04998,442,185420,0.361037,0.41,1,145846,145404,442
21854561,1.56484,0.409997,443,185420,0.352207,0.42,1,145847,145404,443
21857481,7.51297,9.682,440,185420,0.294441,0.42,1,145856,145416,440
21860181,3.10259,1.9364,442,185420,0.250888,0.38,1,145858,145416,442
21861841,1.42052,1.98728,441,185420,0.258178,0.41,1,145859,145418,441
21864761,9.8841,10.7975,440,185420,0.267636,0.41,1,145871,145431,440
21866421,9.17682,2.15949,449,185420,0.381527,0.36,1,145880,145431,449
21869341,3.43536,6.8319,443,185420,0.372305,0.36,1,145882,145439,443
21871621,12.6871,1.36638,458,185420,0.314461,0.39,1,145897,145439,458
21874541,4.13741,17.0733,439,185420,0.270892,0.39,1,145899,145460,439
21877461,2.42748,3.41466,441,185420,0.294178,0.39,1,145901,145460,441
21880381,2.0855,0.682931,443,185420,0.298836,0.39,1,145903,145460,443
21882021,4.4171,0.136586,448,185420,0.259767,0.34,1,145908,145460,448
21884941,2.48342,7.22732,441,185420,0.219953,0.34,1,145910,145469,441
21887221,3.69668,1.44546,445,185420,0.331991,0.45,1,145914,145469,445
21888881,1.53934,3.48909,442,185420,0.370398,0.46,1,145915,145473,442
21891801,5.10787,9.49782,437,185420,0.32208,0.46,1,145921,145484,437
21894721,2.62157,1.89956,439,185420,0.432416,0.46,1,145923,145484,439
21897201,2.12431,0.379913,441,185420,0.422483,0.34,1,145925,145484,441
21900121,5.22486,7.27598,438,185420,0.420497,0.34,1,145931,145493,438
21902821,3.44497,1.4552,441,185420,0.380099,0.4,1,145934,145493,441
21905741,3.08899,3.49104,440,185420,0.35602,0.4,1,145937,145497,440
21908021,7.0178,0.698208,448,185420,0.343204,0.36,1,145945,145497,448
21909681,2.20356,5.73964,442,185420,0.316641,0.37,1,145946,145504,442
21911761,5.24071,7.54793,440,185420,0.335328,0.43,1,145952,145512,440
21914681,7.44814,6.30959,442,185420,0.379066,0.43,1,145960,145518,442
21916341,6.28963,1.26192,448,185420,0.331813,0.41,1,145966,145518,448
21919261,3.65793,7.45238,442,185420,0.410363,0.41,1,145969,145527,442
21921541,3.93159,1.49048,446,185420,0.418073,0.43,1,145973,145527,446
21923621,12.7863,9.0981,450,183960,0.379615,0.28,1,145988,145538,450
21926541,4.15726,11.4196,440,183960,0.331923,0.28,1,145990,145550,440
21928821,6.43145,2.28392,447,183960,0.242385,0.42,1,145997,145550,447
21931741,3.68629,10.0568,438,183960,0.200477,0.42,1,146000,145562,438
21934661,2.33726,2.01136,440,183960,0.312095,0.42,1,146002,145562,440
21937141,11.6675,0.402271,454,183960,0.366419,0.39,1,146016,145562,454
21939841,3.93349,11.2805,442,183960,0.377284,0.35,1,146018,145576,442
21942761,37.5867,47.0561,432,183960,0.387457,0.35,1,146064,145632,432
21945681,10.7173,9.41122,436,183960,0.365491,0.35,1,146068,145632,436
21948161,4.54347,1.88224,439,183960,0.361098,0.41,1,146071,145632,439
21951081,40.9087,38.7765,441,183960,0.38422,0.41,1,146121,145680,441
21953361,9.78174,7.75529,443,183960,0.356844,0.41,1,146123,145680,443
21956281,5.15635,10.3511,436,183960,0.335369,0.41,1,146127,145691,436
21958561,2.63127,2.07021,438,183960,0.299074,0.29,1,146129,145691,438
21961481,71.7263,75.614,433,183960,0.251815,0.29,1,146218,145785,433
21964401,15.9453,15.1228,435,183960,0.242363,0.29,1,146220,145785,435
21967321,4.78905,3.02456,437,183960,0.208473,0.29,1,146222,145785,437
21970241,2.55781,0.604912,439,183960,0.177695,0.29,1,146224,145785,439
21973161,2.11156,0.120982,441,183960,0.291539,0.29,1,146226,145785,441
21975201,2.02231,0.0241965,443,183960,0.322308,0.29,1,146228,145785,443
21978121,47.6045,56.0048,432,183960,0.296462,0.29,1,146287,145855,432
21981041,11.1209,11.201,434,183960,0.283292,0.29,1,146289,145855,434
21983961,3.82418,2.24019,436,183960,0.248658,0.29,1,146291,145855,436
21985601,1.56484,0.448039,437,183960,0.225732,0.31,1,146292,145855,437
21988521,11.513,9.68961,439,183960,0.293146,0.31,1,146306,145867,439
21991441,3.90259,1.93792,441,183960,0.330629,0.31,1,146308,145867,441
21994341,9.58052,0.387584,452,183960,0.290126,0.41,1,146319,145867,452
21996421,5.9161,8.87752,446,183960,0.266025,0.4,1,146324,145878,446
21999341,2.78322,10.5755,437,183960,0.229205,0.4,1,146326,145889,437
22001621,10.9566,2.1151,450,183960,0.173841,0.3,1,146339,145889,450
22004541,3.79133,10.023,440,183960,0.306768,0.3,1,146341,145901,440
22006821,6.35827,2.0046,447,183960,0.229354,0.4,1,146348,145901,447
22009741,3.67165,9.20092,439,183960,0.165871,0.4,1,146351,145912,439
22012661,2.33433,1.84018,441,183960,0.241174,0.4,1,146353,145912,441
22015581,2.06687,0.368037,443,183960,0.272235,0.4,1,146355,145912,443
22017221,4.41337,0.0736074,448,183960,0.318447,0.33,1,146360,145912,448
22019921,2.48267,6.41472,442,183960,0.295689,0.44,1,146362,145920,442
22022841,5.29654,9.28294,438,183960,0.339138,0.44,1,146368,145930,438
22025761,2.65931,1.85659,440,183960,0.355828,0.44,1,146370,145930,440
22028241,2.13186,0.371318,442,183960,0.327166,0.37,1,146372,145930,442
22031161,2.02637,4.87426,438,183960,0.313433,0.37,1,146374,145936,438
22033441,2.00527,0.974853,440,183960,0.318687,0.38,1,146376,145936,440
22036361,6.80105,5.79497,441,183960,0.311737,0.38,1,146384,145943,441
22038021,10.9602,1.15899,453,183960,0.326347,0.38,1,146396,145943,453
22040941,4.59204,11.4318,442,183960,0.27327,0.38,1,146399,145957,442
22042801,1.71841,2.28636,443,183960,0.302654,0.35,1,146400,145957,443
22044881,3.54368,4.45727,442,183960,0.276531,0.45,1,146404,145962,442
22047801,7.10874,8.89145,440,183960,0.255306,0.45,1,146412,145972,440
22050081,3.02175,1.77829,442,183960,0.299061,0.37,1,146414,145972,442
22052161,5.40435,13.1557,432,183960,0.307812,0.27,1,146420,145988,432
22055081,11.4809,5.83113,441,183960,0.253562,0.27,1,146433,145992,441
22057361,3.89617,1.16623,443,183960,0.210712,0.19,1,146435,145992,443
22059441,3.97923,6.63325,439,183960,0.138142,0.4,1,146439,146000,439
22062361,3.99585,5.32665,438,183960,0.235629,0.4,1,146443,146005,438
22065281,2.39917,1.06533,440,183960,0.231126,0.4,1,146445,146005,440
22067141,13.2798,0.213066,456,183960,0.206225,0.36,1,146461,146005,456
22070061,5.05597,12.8426,443,183960,0.193245,0.36,1,146464,146021,443
22072341,37.8112,2.56852,489,183960,0.222649,0.37,1,146510,146021,489
22075261,9.16224,43.7137,437,183960,0.22853,0.37,1,146512,146075,437
22078181,3.43245,8.74274,439,183960,0.269706,0.37,1,146514,146075,439
22080661,43.0865,1.74855,492,183960,0.285941,0.27,1,146567,146075,492
22083581,11.0173,46.7497,437,183960,0.265188,0.27,1,146570,146133,437
22086501,3.80346,9.34994,439,183960,0.229038,0.27,1,146572,146133,439
22089421,2.36069,1.86999,441,183960,0.189808,0.27,1,146574,146133,441
22091061,65.2721,0.373998,522,183960,0.197962,0.2,1,146655,146133,522
22093981,14.6544,71.2748,435,183960,0.191592,0.2,1,146657,146222,435
22096261,5.33089,14.255,438,183960,0.222318,0.31,1,146660,146222,438
22099181,3.46618,8.45099,434,183960,0.188464,0.31,1,146663,146229,434
22102101,2.29324,1.6902,436,183960,0.173693,0.31,1,146665,146229,436
22105021,2.05865,0.33804,438,183960,0.138739,0.31,1,146667,146229,438
22107701,46.8117,0.0676079,496,183960,0.179748,0.24,1,146725,146229,496
22110621,10.9623,49.6135,436,183960,0.19595,0.24,1,146727,146291,436
22112901,6.99247,9.9227,442,183960,0.24719,0.34,1,146733,146291,442
22115821,2.99849,5.98454,439,183960,0.257438,0.34,1,146735,146296,439
22118101,10.9997,1.19691,452,183960,0.355488,0.29,1,146748,146296,452
22121021,3.79994,17.8394,432,183960,0.359098,0.29,1,146750,146318,432
22123301,7.15999,3.56788,440,183960,0.27182,0.27,1,146758,146318,440
22126221,3.032,9.51358,431,183960,0.230364,0.27,1,146760,146329,431
22129141,2.2064,1.90271,433,183960,0.190073,0.27,1,146762,146329,433
22131621,14.8413,0.380543,451,183960,0.238015,0.27,1,146780,146329,451
22134541,5.36826,12.8761,438,183960,0.199603,0.27,1,146783,146345,438
22136821,5.87365,2.57522,444,183960,0.191921,0.35,1,146789,146345,444
22139741,2.77473,10.115,434,183960,0.190384,0.35,1,146791,146357,434
22142661,2.15495,2.02301,436,183960,0.286077,0.35,1,146793,146357,436
22145581,2.03099,0.404602,438,183960,0.281215,0.35,1,146795,146357,438
22147221,6.0062,0.0809203,445,183960,0.288243,0.32,1,146802,146357,445
22150141,2.80124,12.0162,432,183960,0.257649,0.32,1,146804,146372,432
22153061,2.16025,2.40324,434,183960,0.21953,0.32,1,146806,146372,434
22155981,2.03205,0.480647,436,183960,0.211906,0.32,1,146808,146372,436
22157621,6.00641,0.0961295,443,183960,0.274381,0.31,1,146815,146372,443
22160541,2.80128,9.61923,433,183960,0.262876,0.31,1,146817,146384,433
22163461,2.16026,1.92385,435,183960,0.316575,0.31,1,146819,146384,435
22165941,4.43205,0.384769,440,183960,0.343315,0.28,1,146824,146384,440
22168021,10.4864,4.07695,447,183960,0.340663,0.29,1,146836,146389,447
22170941,3.69728,12.0154,435,183960,0.340133,0.29,1,146838,146403,435
22173841,2.33946,2.40308,437,183960,0.340026,0.31,1,146840,146403,437
22176761,8.46789,10.8806,434,183960,0.236005,0.31,1,146850,146416,434
22179681,3.29358,2.17612,436,183960,0.207201,0.31,1,146852,146416,436
22182581,11.8587,0.435225,450,183960,0.22544,0.26,1,146866,146416,450
22184661,7.17174,12.887,440,183960,0.245088,0.26,1,146872,146432,440
22187581,3.03435,11.3774,431,183960,0.297018,0.26,1,146874,146443,431
22190481,2.20687,2.27548,433,183960,0.307404,0.26,1,146876,146443,433
22193401,10.0414,12.4551,430,183960,0.197481,0.26,1,146888,146458,430
22195681,3.60827,2.49102,432,183960,0.175496,0.15,1,146890,146458,432
22198601,10.3217,6.8982,436,183960,0.219099,0.15,1,146902,146466,436
22200881,3.66433,1.37964,438,183960,0.26782,0.24,1,146904,146466,438
22203801,37.5329,44.2759,429,183960,0.325564,0.24,1,146950,146521,429
22206721,9.10657,8.85519,431,183960,0.297113,0.24,1,146952,146521,431
22209201,3.42131,1.77104,433,183960,0.267423,0.18,1,146954,146521,433
22212121,41.4843,44.3542,429,183960,0.173485,0.18,1,147005,146576,429
22215041,9.89685,8.87084,431,183960,0.298697,0.18,1,147007,146576,431
22217961,3.57937,1.77417,433,183960,0.291739,0.18,1,147009,146576,433
22219601,1.51587,0.354834,434,183960,0.266348,0.27,1,147010,146576,434
22222521,61.1032,65.671,428,183960,0.26927,0.27,1,147086,146658,428
22224801,13.8206,13.1342,430,183960,0.237854,0.17,1,147088,146658,430
22227721,12.3641,8.22684,435,183960,0.167571,0.17,1,147100,146665,435
22230001,4.07283,1.64537,437,183960,0.177514,0.27,1,147102,146665,437
22232921,4.01457,7.52907,432,183960,0.219503,0.27,1,147106,146674,432
22235201,2.40291,1.50581,434,183960,0.195901,0.21,1,147108,146674,434
22238121,42.0806,41.9012,434,183960,0.15118,0.21,1,147160,146726,434
22239781,16.4161,8.38023,444,183960,0.142236,0.37,1,147170,146726,444
22242701,5.68322,10.476,436,183960,0.212447,0.37,1,147173,146737,436
22245621,2.73664,2.09521,438,183960,0.186489,0.37,1,147175,146737,438
22248101,6.94733,0.419042,446,183960,0.229298,0.31,1,147183,146737,446
22251021,3.78947,12.0838,434,183960,0.18186,0.31,1,147186,146752,434
22253301,8.75789,2.41676,444,183960,0.212372,0.24,1,147196,146752,444
22256221,3.35158,10.0834,434,183960,0.186474,0.24,1,147198,146764,434
22259141,2.27032,2.01667,436,183960,0.229295,0.24,1,147200,146764,436
22261621,18.8541,0.403334,459,183960,0.189859,0.21,1,147223,146764,459
22264541,5.37081,19.2807,437,183960,0.149972,0.21,1,147225,146788,437
22266821,7.47416,3.85613,445,183960,0.253994,0.31,1,147233,146788,445
22269741,3.09483,11.1712,434,183960,0.242799,0.31,1,147235,146801,434
22272661,2.21897,2.23425,436,183960,0.20056,0.31,1,147237,146801,436
22275581,2.04379,0.446849,438,183960,0.208112,0.31,1,147239,146801,438
22277221,1.20876,0.0893698,439,183960,0.217622,0.21,1,147240,146801,439
22280141,1.84175,5.61787,434,183960,0.275524,0.21,1,147242,146808,434
22283061,1.96835,1.12357,436,183960,0.255105,0.21,1,147244,146808,436
22285541,7.59367,0.224715,445,183960,0.187021,0.37,1,147253,146808,445
22288461,3.91873,10.4449,435,183960,0.125404,0.37,1,147256,146821,435
22291381,2.38375,2.08899,437,183960,0.241081,0.37,1,147258,146821,437
22294301,2.07675,0.417798,439,183960,0.264216,0.37,1,147260,146821,439
22295941,7.61535,0.0835595,448,183960,0.220843,0.35,1,147269,146821,448
22298021,10.3231,11.2167,445,183960,0.252169,0.27,1,147280,146835,445
22300941,4.46461,11.8433,436,183960,0.266434,0.27,1,147283,146847,436
22303861,2.49292,2.36867,438,183960,0.269287,0.27,1,147285,146847,438
22306341,4.49858,0.473734,443,183960,0.221857,0.36,1,147290,146847,443
22309261,3.29972,8.09475,436,183960,0.220371,0.36,1,147293,146857,436
22311541,10.2599,1.61895,448,183960,0.188074,0.25,1,147305,146857,448
22313201,2.85199,12.3238,434,183960,0.173615,0.26,1,147306,146872,434
22316121,6.9704,9.66476,433,183960,0.298723,0.26,1,147314,146881,433
22319041,4.59408,1.93295,437,183960,0.299745,0.26,1,147318,146881,437
22321521,2.51882,0.38659,439,183960,0.259949,0.38,1,147320,146881,439
22324441,5.30376,9.67732,433,183960,0.21999,0.38,1,147326,146893,433
22326721,2.66075,1.93546,435,183960,0.179998,0.26,1,147328,146893,435
22329641,12.5322,12.3871,435,183960,0.18,0.26,1,147343,146908,435
22331921,4.10643,2.47742,437,183960,0.18,0.27,1,147345,146908,437
22334841,35.2213,38.8955,432,183960,0.204,0.27,1,147388,146956,432
22337761,8.64426,7.7791,434,183960,0.1768,0.27,1,147390,146956,434
22340241,3.32885,1.55582,436,183960,0.17936,0.15,1,147392,146956,436
22343161,45.4658,48.3112,432,183960,0.235872,0.15,1,147448,147016,432
22346081,10.6932,9.66223,434,183960,0.231174,0.15,1,147450,147016,434
22349001,3.73863,1.93245,436,183960,0.230235,0.15,1,147452,147016,436
22350641,1.54773,0.386489,437,183960,0.246047,0.29,1,147453,147016,437
22353561,53.1095,60.0773,428,183960,0.305209,0.29,1,147519,147091,428
22355841,12.2219,12.0155,430,183960,0.325042,0.18,1,147521,147091,430
22357921,15.2444,11.2031,435,183960,0.233008,0.19,1,147537,147102,435
22360841,6.24888,7.04062,433,183960,0.238602,0.19,1,147541,147108,433
22363121,2.84978,1.40812,435,183960,0.20772,0.26,1,147543,147108,435
22366041,3.76996,6.68162,431,183960,0.145544,0.26,1,147547,147116,431
22367701,41.554,1.33632,482,183960,0.277109,0.16,1,147598,147116,482
22369781,16.3108,42.6673,439,183960,0.239422,0.21,1,147608,147169,439
22372701,4.86216,16.5335,431,183960,0.199884,0.21,1,147610,147179,431
22375621,2.57243,3.30669,433,183960,0.311977,0.21,1,147612,147179,433
22378101,6.11449,0.661338,440,183960,0.294395,0.26,1,147619,147179,440
22381021,2.8229,8.13227,432,183960,0.258879,0.26,1,147621,147189,432
22383301,7.76458,1.62645,441,183960,0.307776,0.18,1,147630,147189,441
22385381,3.15292,7.52529,434,183960,0.341555,0.22,1,147632,147198,434
22388301,2.23058,3.90506,433,183960,0.340311,0.22,1,147634,147201,433
22390161,1.24612,0.781012,434,183960,0.324062,0.31,1,147635,147201,434
22393081,23.4492,24.1562,433,183960,0.328812,0.31,1,147664,147231,433
22395361,6.28984,4.83124,435,183960,0.289762,0.21,1,147666,147231,435
22398281,2.85797,7.36625,429,183960,0.289953,0.21,1,147668,147239,429
22401201,2.17159,1.47325,431,183960,0.40999,0.21,1,147670,147239,431
22403681,2.03432,0.29465,433,183960,0.401998,0.21,1,147672,147239,433
22406601,3.60686,5.65893,430,183960,0.3764,0.21,1,147676,147246,430
22409521,2.32137,1.13179,432,183960,0.33928,0.21,1,147678,147246,432
22412441,2.06427,0.226357,434,183960,0.307856,0.21,1,147680,147246,434
22414081,1.21285,0.0452714,435,183960,0.285571,0.16,1,147681,147246,435
22416161,6.64257,6.40905,435,183960,0.353114,0.23,1,147689,147254,435
22419081,9.32851,12.4818,431,183960,0.382623,0.23,1,147699,147268,431
22422001,3.4657,2.49636,433,183960,0.388525,0.23,1,147701,147268,433
22424481,2.29314,0.499272,435,183960,0.413705,0.19,1,147703,147268,435
22426561,2.05863,1.69985,435,183960,0.418741,0.31,1,147705,147270,435
22428641,8.41173,9.13997,434,183960,0.355748,0.24,1,147715,147281,434
22431561,6.48235,10.628,429,183960,0.35115,0.24,1,147721,147292,429
22434481,2.89647,2.1256,431,183960,0.35023,0.24,1,147723,147292,431
22436961,2.17929,0.42512,433,183960,0.326046,0.15,1,147725,147292,433
22439881,6.83586,7.28502,432,183960,0.281209,0.15,1,147733,147301,432
22441541,10.1672,1.457,443,183960,0.328242,0.33,1,147744,147301,443
22444241,3.63343,10.6914,432,183960,0.345648,0.24,1,147746,147314,432
22447161,8.72669,9.33828,433,183960,0.32513,0.24,1,147756,147323,433
22450081,3.34534,1.86766,435,183960,0.313026,0.24,1,147758,147323,435
22452561,2.26907,0.373531,437,183960,0.278605,0.26,1,147760,147323,437
22455481,6.85381,10.4747,432,183960,0.279721,0.26,1,147768,147336,432
22457761,2.97076,2.09494,434,183960,0.303944,0.25,1,147770,147336,434
22460681,7.79415,12.419,428,183960,0.380789,0.25,1,147779,147351,428
22462961,3.15883,2.4838,430,183960,0.364158,0.04,1,147781,147351,430
22465881,36.6318,38.8968,427,183960,0.344832,0.04,1,147826,147399,427
22468801,8.92635,7.77935,429,183960,0.308966,0.04,1,147828,147399,429
22471281,3.38527,1.55587,431,183960,0.261793,0.25,1,147830,147399,431
22474201,45.4771,43.5112,433,183960,0.324359,0.25,1,147886,147453,433
22477121,10.6954,8.70223,435,183960,0.312872,0.25,1,147888,147453,435
22479601,3.73908,1.74045,437,183960,0.278574,0.3,1,147890,147453,437
22481681,3.94782,4.34809,436,183960,0.335715,0.24,1,147894,147458,436
22484601,55.1896,56.8696,434,183960,0.299143,0.24,1,147962,147528,434
22486881,12.6379,11.3739,436,183960,0.323829,0.24,1,147964,147528,436
22488961,12.9276,12.6748,436,183960,0.296766,0.3,1,147977,147541,436
22491881,5.78552,9.73496,431,183960,0.235353,0.3,1,147981,147550,431
22494801,2.7571,1.94699,433,183960,0.199071,0.3,1,147983,147550,433
22497701,47.7514,0.389398,492,183960,0.335814,0.25,1,148042,147550,492
22499781,11.1503,45.6779,437,183960,0.339163,0.36,1,148044,147607,437
22502701,3.83006,12.3356,435,183960,0.307833,0.36,1,148046,147611,435
22504981,10.366,2.46712,447,183960,0.261567,0.27,1,148058,147611,447
22507901,3.6732,7.69342,440,183960,0.252313,0.27,1,148060,147620,440
22510181,4.73464,1.53868,445,183960,0.218463,0.35,1,148065,147620,445
22513101,2.54693,9.90774,435,183960,0.267693,0.35,1,148067,147632,435
22515381,11.7094,1.98155,449,183960,0.245539,0.24,1,148081,147632,449
22518301,3.94188,10.7963,438,183960,0.249108,0.24,1,148083,147645,438
22521201,2.38838,2.15926,440,183960,0.241822,0.33,1,148085,147645,440
22524121,18.8777,26.8319,430,183960,0.296364,0.33,1,148108,147678,430
22527041,5.37553,5.36637,432,183960,0.267273,0.33,1,148110,147678,432
22529961,2.67511,1.07327,434,183960,0.237455,0.33,1,148112,147678,434
22532881,2.13502,0.214655,436,183960,0.231491,0.33,1,148114,147678,436
22535801,2.027,0.042931,438,183960,0.350298,0.33,1,148116,147678,438
22538261,3.6054,0.00858619,442,183960,0.30206,0.24,1,148120,147678,442
22541181,2.32108,4.00172,439,183960,0.260412,0.24,1,148122,147683,439
22544101,2.06422,0.800343,441,183960,0.228082,0.24,1,148124,147683,441
22546581,6.81284,0.160069,449,183960,0.277616,0.33,1,148132,147683,449
22548661,7.76257,6.43201,449,183960,0.303523,0.42,1,148140,147691,449
22551581,3.15251,10.8864,439,183960,0.308705,0.42,1,148142,147703,439
22553861,8.6305,2.17728,449,183960,0.277741,0.34,1,148152,147703,449
22556781,3.3261,10.0355,439,183960,0.239548,0.34,1,148154,147715,439
22559061,3.86522,2.00709,443,183960,0.23991,0.35,1,148158,147715,443
22561981,2.37304,11.6014,431,183960,0.239982,0.35,1,148160,147729,431
22564901,2.07461,2.32028,433,183960,0.239996,0.35,1,148162,147729,433
22567821,2.01492,0.464057,435,183960,0.207999,0.35,1,148164,147729,435
22569461,14.003,0.0928113,452,183960,0.2336,0.38,1,148181,147729,452
22571541,9.2006,10.4186,447,183960,0.17472,0.37,1,148189,147742,447
22574461,4.24012,11.6837,438,183960,0.298944,0.37,1,148192,147754,438
22576741,5.64802,2.33674,444,183960,0.283789,0.27,1,148198,147754,444
22579661,2.7296,5.26735,440,183960,0.280758,0.27,1,148200,147760,440
22581941,6.94592,1.05347,448,183960,0.224152,0.28,1,148208,147760,448
22583601,2.18918,6.61069,441,183960,0.19683,0.41,1,148209,147768,441
22586521,5.23784,9.32214,437,183960,0.167366,0.41,1,148215,147778,437
22588801,2.64757,1.86443,439,183960,0.177473,0.33,1,148217,147778,439
22591721,5.32951,3.57289,441,183960,0.259495,0.33,1,148223,147782,441
22594001,2.6659,0.714577,443,183960,0.243899,0.43,1,148225,147782,443
22596921,34.9332,41.7429,434,183960,0.19278,0.43,1,148268,147834,434
22599841,8.58664,8.34858,436,183960,0.190556,0.43,1,148270,147834,436
22602321,3.31733,1.66972,438,183960,0.158111,0.31,1,148272,147834,438
22605241,45.4635,49.9339,432,183960,0.199622,0.31,1,148328,147896,432
22608161,10.6927,9.98679,434,183960,0.167924,0.31,1,148330,147896,434
22611081,3.73854,1.99736,436,183960,0.273585,0.31,1,148332,147896,436
22612721,1.54771,0.399471,437,183960,0.278717,0.33,1,148333,147896,437
22615641,57.1095,63.2799,429,183960,0.295743,0.33,1,148404,147975,429
22617921,13.0219,12.656,431,183960,0.291149,0.27,1,148406,147975,431
22620001,4.20438,4.9312,430,183960,0.26623,0.33,1,148408,147978,430
22622921,16.0409,12.1862,435,183960,0.237246,0.33,1,148427,147992,435
22625201,5.60818,2.43725,438,183960,0.215449,0.31,1,148430,147992,438
22628121,46.7216,50.8875,432,183960,0.32309,0.31,1,148487,148055,432
22631041,10.9443,10.1775,434,183960,0.312618,0.31,1,148489,148055,434
22633521,3.78887,2.0355,436,183960,0.438524,0.21,1,148491,148055,436
22636441,7.15777,8.4071,434,183960,0.367705,0.21,1,148499,148065,434
22638721,3.03155,1.68142,436,183960,0.321541,0.26,1,148501,148065,436
22641641,8.60631,10.7363,433,183960,0.320308,0.26,1,148511,148078,433
22643921,3.32126,2.14726,435,183960,0.320062,0.26,1,148513,148078,435
22646841,5.46425,5.22945,435,183960,0.320012,0.26,1,148519,148084,435
22649121,2.69285,1.04589,437,183960,0.344002,0.23,1,148521,148084,437
22652041,5.33857,7.40918,434,183960,0.2928,0.23,1,148527,148093,434
22653701,17.0677,1.48184,454,183960,0.31456,0.29,1,148547,148093,454
22656621,5.01354,21.8964,429,183960,0.286912,0.29,1,148549,148120,429
22659541,2.60271,4.37927,431,183960,0.305382,0.29,1,148551,148120,431
22662461,2.12054,0.875855,433,183960,0.277076,0.29,1,148553,148120,433
22665381,2.02411,0.175171,435,183960,0.263415,0.29,1,148555,148120,435
22668261,5.20482,0.0350342,441,183960,0.324683,0.16,1,148561,148120,441
22671181,2.64096,7.20701,434,183960,0.312937,0.16,1,148563,148129,434
22674101,2.12819,1.4414,436,183960,0.278587,0.16,1,148565,148129,436
22676581,8.42564,0.28828,446,183960,0.335717,0.31,1,148575,148129,446
22678661,9.68513,8.85766,445,183960,0.411143,0.23,1,148585,148140,445
22681581,3.53703,12.9715,433,183960,0.394229,0.23,1,148587,148154,433
22684481,2.30741,2.59431,435,183960,0.390846,0.26,1,148589,148154,435
22687401,5.26148,11.7189,427,183960,0.406169,0.26,1,148595,148168,427
22690321,2.6523,2.34377,429,183960,0.377234,0.26,1,148597,148168,429
22693241,2.13046,0.468754,431,183960,0.339447,0.26,1,148599,148168,431
22696161,2.02609,0.0937509,433,183960,0.331889,0.26,1,148601,148168,433
22698001,1.20522,0.0187502,434,183960,0.314378,0.22,1,148602,148168,434
22700081,13.841,12.8038,435,183960,0.358876,0.14,1,148619,148184,435
22702161,7.56821,7.36075,435,183960,0.327775,0.29,1,148625,148190,435
22705081,4.71364,5.47215,434,183960,0.265555,0.29,1,148629,148195,434
22706741,10.5427,1.09443,446,183960,0.357111,0.18,1,148641,148195,446
22709661,3.70855,13.8189,431,183960,0.383422,0.18,1,148643,148212,431
22712581,2.34171,2.76378,433,183960,0.388684,0.18,1,148645,148212,433
22714641,2.06834,0.552755,435,183960,0.405737,0.21,1,148647,148212,435
22717561,4.41367,6.51055,432,183960,0.337147,0.21,1,148652,148220,432
22719841,2.48273,1.30211,434,183960,0.283429,0.27,1,148654,148220,434
22722761,8.49655,9.86042,432,183960,0.296686,0.27,1,148664,148232,432
22725041,3.29931,1.97208,434,183960,0.339337,0.17,1,148666,148232,434
22727961,27.0599,31.5944,428,183960,0.379867,0.17,1,148699,148271,428
22730241,7.01197,6.31888,430,183960,0.355973,0.15,1,148701,148271,430
22733161,14.2024,10.8638,434,183960,0.279195,0.15,1,148717,148283,434
22734821,45.2405,2.17276,487,183960,0.271839,0.23,1,148770,148283,487
22737741,11.4481,42.8346,437,183960,0.342368,0.23,1,148773,148336,437
22740661,3.88962,8.56691,439,183960,0.332474,0.23,1,148775,148336,439
22743581,2.37792,1.71338,441,183960,0.306495,0.23,1,148777,148336,441
22745221,53.2756,0.342676,507,183960,0.309299,0.26,1,148843,148336,507
22748141,12.2551,57.6685,437,183960,0.39786,0.26,1,148845,148408,437
22750421,7.25102,11.5337,443,183960,0.335572,0.27,1,148851,148408,443
22752501,23.0502,9.50674,461,183960,0.331114,0.25,1,148878,148417,461
22755421,6.21004,21.1013,439,183960,0.298223,0.25,1,148880,148441,439
22757701,41.242,4.22027,489,183960,0.283645,0.43,1,148930,148441,489
22760621,9.8484,44.0441,437,183960,0.336729,0.43,1,148932,148495,437
22763541,3.56968,8.80881,439,183960,0.403346,0.43,1,148934,148495,439
22766021,11.1139,1.76176,452,183960,0.336669,0.34,1,148947,148495,452
22768941,3.82279,12.3524,439,183960,0.347334,0.34,1,148949,148510,439
22771221,7.16456,2.47047,447,183960,0.389467,0.31,1,148957,148510,447
22774141,3.03291,10.8941,436,183960,0.365893,0.31,1,148959,148523,436
22777061,2.20658,2.17882,438,183960,0.385179,0.31,1,148961,148523,438
22779981,2.04132,0.435764,440,183960,0.445036,0.31,1,148963,148523,440
22781621,6.00826,0.0871527,447,183960,0.401007,0.4,1,148970,148523,447
22783701,19.6017,8.01743,460,183960,0.448201,0.36,1,148993,148533,460
22786621,5.52033,23.2035,435,183960,0.43364,0.36,1,148995,148560,435
22789541,2.70407,4.6407,437,183960,0.398728,0.36,1,148997,148560,437
22792461,2.14081,0.928139,439,183960,0.359746,0.36,1,148999,148560,439
22795381,2.02816,0.185628,441,183960,0.471949,0.36,1,149001,148560,441
22797221,6.00563,0.0371256,448,183960,0.47039,0.41,1,149008,148560,448
22800141,2.80113,9.60743,438,183960,0.446078,0.41,1,149010,148572,438
22803061,2.16023,1.92148,440,183960,0.409216,0.41,1,149012,148572,440
22805121,2.03205,0.384297,442,183960,0.401843,0.32,1,149014,148572,442
22807201,6.80641,6.47686,442,183960,0.432369,0.45,1,149022,148580,442
22810121,9.36128,11.6954,439,183960,0.486474,0.45,1,149032,148593,439
22813041,3.47226,2.33907,441,183960,0.505295,0.45,1,149034,148593,441
22815521,2.29445,0.467815,443,183960,0.533059,0.35,1,149036,148593,443
22818441,2.05889,5.69356,438,183960,0.538612,0.35,1,149038,148600,438
22821361,2.01178,1.13871,440,183960,0.539722,0.35,1,149040,148600,440
22823841,2.00236,0.227742,442,183960,0.507944,0.4,1,149042,148600,442
22826761,6.80047,8.84555,439,183960,0.389589,0.4,1,149050,148611,439
22829041,2.96009,1.76911,441,183960,0.325918,0.3,1,149052,148611,441
22831961,12.592,12.3538,441,183960,0.441184,0.3,1,149067,148626,441
22834661,8.9184,2.47076,449,183960,0.464237,0.41,1,149075,148626,449
22836741,5.78368,7.69415,445,183960,0.412847,0.39,1,149080,148635,445
22839661,2.75674,9.53883,437,183960,0.370569,0.39,1,149082,148645,437
22841941,8.55135,1.90777,447,183960,0.362114,0.27,1,149092,148645,447
22844861,3.31027,7.58155,440,183960,0.328423,0.27,1,149094,148654,440
22847761,2.26205,1.51631,442,183960,0.409685,0.37,1,149096,148654,442
22850681,11.6524,13.1033,440,183960,0.473937,0.37,1,149110,148670,440
22853601,3.93048,2.62065,442,183960,0.494787,0.37,1,149112,148670,442
22856081,2.3861,0.52413,444,183960,0.490957,0.34,1,149114,148670,444
22859001,25.2772,29.7048,438,183960,0.466191,0.34,1,149145,148707,438
22861281,8.25544,5.94096,442,183960,0.461238,0.33,1,149149,148707,442
22863361,6.45109,12.3882,434,183960,0.356248,0.31,1,149155,148721,434
22866281,49.2902,46.4776,439,183960,0.38325,0.31,1,149215,148776,439
22869201,11.458,9.29553,441,183960,0.44465,0.31,1,149217,148776,441
22871681,3.89161,1.85911,443,183960,0.41693,0.38,1,149219,148776,443
22873761,5.57832,6.77182,441,183960,0.411386,0.36,1,149225,148784,441
22876681,51.5157,53.3544,439,183960,0.298277,0.36,1,149288,148849,439
22878961,11.9031,10.6709,441,183960,0.331655,0.29,1,149290,148849,441
22881041,7.18063,7.73417,440,183960,0.370331,0.44,1,149296,148856,440
22883961,23.8361,26.3468,437,183960,0.378066,0.44,1,149324,148887,437
22886241,6.36722,5.26937,439,183960,0.379613,0.42,1,149326,148887,439
22889161,46.0734,43.4539,442,183960,0.323923,0.42,1,149382,148940,442
22892081,10.8147,8.69077,444,183960,0.288785,0.42,1,149384,148940,444
22894561,3.76294,1.73815,446,183960,0.337757,0.48,1,149386,148940,446
22897481,3.95259,8.34763,440,183960,0.315551,0.48,1,149390,148950,440
22899761,2.39052,1.66953,442,183960,0.31111,0.42,1,149392,148950,442
22902681,13.2781,14.7339,440,183960,0.262222,0.42,1,149408,148968,440
22905601,4.25562,2.94678,442,183960,0.252444,0.42,1,149410,148968,442
22908521,2.45112,0.589356,444,183960,0.314489,0.42,1,149412,148968,444
22910161,1.29022,0.117871,445,183960,0.318898,0.32,1,149413,148968,445
22912241,5.05805,4.02357,446,183960,0.31978,0.39,1,149419,148973,446
22915161,17.8116,20.0047,443,183960,0.295956,0.39,1,149440,148997,443
22917441,5.16232,4.00094,445,183960,0.323191,0.47,1,149442,148997,445
22920361,7.43246,9.60019,442,183960,0.360638,0.47,1,149450,149008,442
22923281,3.08649,1.92004,444,183960,0.344128,0.47,1,149452,149008,444
22925761,2.2173,0.384008,446,183960,0.340826,0.42,1,149454,149008,446
22928681,5.24346,7.2768,443,183960,0.316165,0.42,1,149460,149017,443
22931601,2.64869,1.45536,445,183960,0.367233,0.42,1,149462,149017,445
22934521,2.12974,0.291072,447,183960,0.345447,0.42,1,149464,149017,447
22936161,1.22595,0.0582144,448,183960,0.317089,0.42,1,149465,149017,448
22938241,6.64519,6.41164,448,182500,0.335418,0.41,1,149473,149025,448
22941161,10.929,18.8823,438,182500,0.395084,0.41,1,149485,149047,438
22944081,3.78581,3.77647,440,182500,0.407017,0.41,1,149487,149047,440
22947001,2.35716,0.755293,442,182500,0.401403,0.41,1,149489,149047,442
22949921,2.07143,0.151059,444,182500,0.408281,0.41,1,149491,149047,444
22952841,2.01429,0.0302117,446,182500,0.377656,0.41,1,149493,149047,446
22954881,2.00286,0.00604234,448,182500,0.371531,0.3,1,149495,149047,448
22957801,3.60057,7.20121,443,182500,0.306306,0.3,1,149499,149056,443
22960081,2.32011,1.44024,445,182500,0.269261,0.48,1,149501,149056,445
22962161,16.464,14.688,447,182500,0.373852,0.5,1,149521,149074,447
22965081,6.4928,10.9376,441,182500,0.36277,0.5,1,149525,149084,441
22968001,2.89856,2.18752,443,182500,0.328554,0.5,1,149527,149084,443
22970481,2.17971,0.437504,445,182500,0.297711,0.43,1,149529,149084,445
22973401,9.23594,11.2875,442,182500,0.275542,0.43,1,149540,149098,442
22976321,3.44719,2.2575,444,182500,0.327108,0.43,1,149542,149098,444
22978801,2.28944,0.4515,446,182500,0.345422,0.41,1,149544,149098,446
22981721,14.0579,16.0903,443,182500,0.341084,0.41,1,149561,149118,443
22984641,4.41158,3.21806,445,182500,0.316217,0.41,1,149563,149118,445
22987121,2.48232,0.643612,447,182500,0.351243,0.39,1,149565,149118,447
22990041,24.4965,32.1287,437,182500,0.334249,0.39,1,149595,149158,437
22992961,6.49929,6.42574,439,182500,0.35485,0.39,1,149597,149158,439
22995861,52.4999,1.28515,503,182500,0.31897,0.42,1,149661,149158,503
22998781,12.1,51.457,441,182500,0.279794,0.42,1,149663,149222,441
23001701,4.01999,10.2914,443,182500,0.247959,0.42,1,149665,149222,443
23004181,4.004,2.05828,447,182500,0.241592,0.41,1,149669,149222,447
23006261,55.2008,5.21166,509,182500,0.288318,0.41,1,149737,149228,509
23009181,13.4402,57.0423,442,182500,0.369664,0.41,1,149740,149298,442
23012081,4.28803,11.4085,444,182500,0.353933,0.39,1,149742,149298,444
23015001,22.4576,31.0817,435,182500,0.294787,0.39,1,149769,149334,435
23017281,6.09152,6.21634,437,182500,0.250957,0.37,1,149771,149334,437
23020201,44.4183,43.6433,438,182500,0.298191,0.37,1,149825,149387,438
23023121,10.4837,8.72865,440,182500,0.307638,0.37,1,149827,149387,440
23025601,3.69673,1.74573,442,182500,0.405528,0.34,1,149829,149387,442
23028521,7.13935,11.5491,436,182500,0.385106,0.34,1,149837,149401,436
23030801,3.02787,2.30983,438,182500,0.349021,0.33,1,149839,149401,438
23033721,7.80557,9.26197,436,182500,0.389804,0.33,1,149848,149412,436
23036001,3.16111,1.85239,438,182500,0.365961,0.36,1,149850,149412,438
23038921,3.83222,4.37048,437,182500,0.393192,0.36,1,149854,149417,437
23041201,2.36644,0.874096,439,182500,0.366638,0.36,1,149856,149417,439
23043281,6.87329,8.17482,437,182500,0.353328,0.36,1,149864,149427,437
23046201,19.7747,20.835,436,182500,0.358666,0.36,1,149887,149451,436
23049121,5.55493,4.16699,438,182500,0.391733,0.36,1,149889,149451,438
23052021,5.11099,0.833398,443,182500,0.430347,0.35,1,149894,149451,443
23054941,3.4222,5.76668,439,182500,0.422069,0.35,1,149897,149458,439
23056801,1.48444,1.15334,440,182500,0.396414,0.38,1,149898,149458,440
23058881,1.89689,3.43067,438,182500,0.383283,0.42,1,149900,149462,438
23061801,5.17938,5.48613,438,182500,0.364657,0.42,1,149906,149468,438
23064721,2.63588,1.09723,440,182500,0.328931,0.42,1,149908,149468,440
23067201,2.12718,0.219445,442,182500,0.297786,0.32,1,149910,149468,442
23069281,5.22544,4.84389,442,182500,0.403557,0.36,1,149916,149474,442
23072201,10.6451,18.5688,432,182500,0.432711,0.36,1,149928,149496,432
23075121,3.72902,3.71376,434,182500,0.438542,0.36,1,149930,149496,434
23078041,2.3458,0.742751,436,182500,0.439708,0.36,1,149932,149496,436
23080961,2.06916,0.14855,438,182500,0.447942,0.36,1,149934,149496,438
23083881,2.01383,0.02971,440,182500,0.441588,0.36,1,149936,149496,440
23085921,2.00277,0.00594201,442,182500,0.440318,0.44,1,149938,149496,442
23088841,2.00055,8.00119,434,182500,0.416064,0.44,1,149940,149506,434
23091121,2.00011,1.60024,436,182500,0.379213,0.4,1,149942,149506,436
23093201,14.8,13.92,437,182500,0.403843,0.31,1,149960,149523,437
23096121,8.56,8.38401,437,182500,0.368769,0.31,1,149967,149530,437
23099041,3.312,1.6768,439,182500,0.353754,0.31,1,149969,149530,439
23101521,2.2624,0.33536,441,182500,0.406751,0.35,1,149971,149530,441
23104441,7.65248,11.2671,436,182500,0.32935,0.35,1,149980,149544,436
23106721,3.1305,2.25341,438,182500,0.28987,0.28,1,149982,149544,438
23109641,7.8261,7.65068,438,182500,0.401974,0.28,1,149991,149553,438
23111301,10.3652,1.53014,449,182500,0.392395,0.36,1,150002,149553,449
23114221,3.67304,14.706,433,182500,0.382479,0.36,1,150004,149571,433
23117141,2.33461,2.94121,435,182500,0.396496,0.36,1,150006,149571,435
23119621,23.6669,0.588241,464,182500,0.415299,0.35,1,150035,149571,464
23122541,6.33338,21.7176,439,182500,0.38706,0.35,1,150037,149598,439
23124821,54.0667,4.34353,505,182500,0.445412,0.24,1,150103,149598,505
23127741,12.4133,57.6687,436,182500,0.449082,0.24,1,150105,149669,436
23130661,4.08267,11.5337,438,182500,0.425817,0.24,1,150107,149669,438
23132721,2.41653,2.30675,440,182500,0.389163,0.3,1,150109,149669,440
23134801,4.48331,5.26135,439,182500,0.365833,0.37,1,150114,149675,439
23137721,53.6967,53.8523,439,182500,0.305167,0.37,1,150180,149741,439
23140001,12.3393,10.7705,441,182500,0.293033,0.37,1,150182,149741,441
23142921,7.26787,6.95409,441,182500,0.394607,0.37,1,150188,149747,441
23144581,20.6536,1.39082,465,182500,0.398921,0.43,1,150212,149747,465
23147501,5.73071,22.6782,439,182500,0.375784,0.43,1,150214,149775,439
23149781,45.1461,4.53563,494,182500,0.403157,0.41,1,150269,149775,494
23152701,11.4292,44.9071,442,182500,0.360631,0.41,1,150272,149830,442
23155621,3.88585,8.98142,444,182500,0.352126,0.41,1,150274,149830,444
23158101,7.17717,1.79628,452,182500,0.366425,0.46,1,150282,149830,452
23161021,3.03543,10.7593,441,182500,0.337285,0.46,1,150284,149843,441
23163301,3.00709,2.15185,444,182500,0.443457,0.36,1,150287,149843,444
23165381,6.20142,6.03037,444,182500,0.424691,0.39,1,150294,149850,444
23168301,2.84028,5.20607,441,182500,0.388938,0.39,1,150296,149855,441
23170581,5.36806,1.04121,447,182500,0.333788,0.35,1,150302,149855,447
23172241,1.87361,7.40824,439,182500,0.338758,0.38,1,150303,149864,439
23174321,7.57472,10.2816,437,182500,0.387751,0.4,1,150312,149875,437
23176401,16.7149,13.2563,442,182500,0.28555,0.38,1,150331,149889,442
23179321,8.14299,11.4513,437,182500,0.34511,0.38,1,150337,149900,437
23182241,3.2286,2.29025,439,182500,0.365022,0.38,1,150339,149900,439
23185161,2.24572,0.458051,441,182500,0.337004,0.38,1,150341,149900,441
23187841,2.04914,0.0916101,443,182500,0.411401,0.39,1,150343,149900,443
23189921,5.20983,3.21832,445,182500,0.37028,0.47,1,150349,149904,445
23192841,5.84197,8.64366,441,182500,0.394056,0.47,1,150355,149914,441
23195761,2.76839,1.72873,443,182500,0.374811,0.47,1,150357,149914,443
23198241,2.15368,0.345747,445,182500,0.378962,0.46,1,150359,149914,445
23200321,8.43074,8.86915,444,182500,0.355792,0.44,1,150369,149925,444
23203241,4.88615,7.37383,441,182500,0.351158,0.44,1,150373,149932,441
23205521,2.57723,1.47477,443,182500,0.350232,0.32,1,150375,149932,443
23208441,5.31545,13.095,433,182500,0.414046,0.32,1,150381,149948,433
23211361,2.66309,2.61899,435,182500,0.394809,0.32,1,150383,149948,435
23214281,2.13262,0.523798,437,182500,0.358962,0.32,1,150385,149948,437
23217201,2.02652,0.10476,439,182500,0.351792,0.32,1,150387,149948,439
23220121,2.0053,0.0209519,441,182500,0.358359,0.32,1,150389,149948,441
23222161,2.00106,0.00419038,443,182500,0.327672,0.39,1,150391,149948,443
23224241,10.8002,12.0008,441,182500,0.289534,0.4,1,150404,149963,441
23227161,6.96004,9.60017,438,182500,0.345907,0.4,1,150410,149972,438
23230081,4.59201,1.92003,442,182500,0.293181,0.4,1,150414,149972,442
23232561,2.5184,0.384007,444,182500,0.282636,0.46,1,150416,149972,444
23235481,10.1037,9.6768,444,182500,0.320527,0.46,1,150428,149984,444
23237761,3.62074,1.93536,446,182500,0.304105,0.46,1,150430,149984,446
23239841,9.52415,9.98707,445,182500,0.308821,0.48,1,150441,149996,445
23242761,9.10483,11.5974,442,182500,0.373764,0.48,1,150450,150008,442
23245681,3.42097,2.31948,444,182500,0.402753,0.48,1,150452,150008,444
23248161,2.28419,0.463897,446,182500,0.368551,0.38,1,150454,150008,446
23251081,21.2568,25.6928,440,182500,0.28971,0.38,1,150480,150040,440
23253361,5.85137,5.13856,442,182500,0.249942,0.29,1,150482,150040,442
23256281,58.7703,62.6277,437,182500,0.361988,0.29,1,150554,150117,437
23259201,13.3541,12.5255,439,182500,0.352398,0.29,1,150556,150117,439
23262121,4.27081,2.50511,441,182500,0.31848,0.29,1,150558,150117,441
23265041,2.45416,0.501022,443,182500,0.311696,0.29,1,150560,150117,443
23267301,55.6908,0.100204,512,182500,0.246339,0.42,1,150629,150117,512
23270221,12.7382,56.82,443,182500,0.297268,0.42,1,150631,150188,443
23272501,5.74763,11.364,447,182500,0.275454,0.42,1,150635,150188,447
23274581,21.9495,7.8728,466,182500,0.135091,0.34,1,150661,150195,466
23277501,6.78991,26.3746,438,182500,0.179018,0.34,1,150664,150226,438
23279781,38.958,5.27491,485,182500,0.267804,0.48,1,150711,150226,485
23282701,9.3916,40.255,438,182500,0.325561,0.48,1,150713,150275,438
23285621,3.47832,8.051,440,182500,0.305112,0.48,1,150715,150275,440
23288101,8.69566,1.6102,450,182500,0.293022,0.47,1,150725,150275,450
23291021,3.33913,9.92204,440,182500,0.258604,0.47,1,150727,150287,440
23293301,7.86783,1.98441,449,182500,0.307721,0.41,1,150736,150287,449
23296221,3.97357,9.19688,441,182500,0.261544,0.41,1,150739,150298,441
23299121,2.39471,1.83938,443,182500,0.252309,0.37,1,150741,150298,443
23302041,5.27894,5.96788,442,182500,0.290462,0.37,1,150747,150305,442
23304741,16.2558,1.19357,461,182500,0.306092,0.33,1,150766,150305,461
23306821,10.4512,17.0387,449,182500,0.213218,0.36,1,150775,150326,449
23308901,6.09023,8.20774,448,181040,0.194644,0.43,1,150780,150332,448
23311821,2.81805,10.4415,439,181040,0.158929,0.43,1,150782,150343,439
23314741,2.16361,2.08831,441,181040,0.215786,0.43,1,150784,150343,441
23317221,8.43272,0.417662,451,181040,0.195157,0.4,1,150794,150343,451
23320141,3.28654,9.68353,441,181040,0.199031,0.4,1,150796,150355,441
23322421,8.65731,1.93671,451,181040,0.271806,0.35,1,150806,150355,451
23325341,3.33146,11.5873,439,181040,0.254361,0.35,1,150808,150369,439
23328261,2.26629,2.31747,441,181040,0.250872,0.35,1,150810,150369,441
23330741,6.85326,0.463494,449,181040,0.298174,0.35,1,150818,150369,449
23333661,2.97065,12.8927,435,181040,0.275635,0.35,1,150820,150385,435
23336581,2.19413,2.57854,437,181040,0.239127,0.35,1,150822,150385,437
23339501,2.03883,0.515708,439,181040,0.239825,0.35,1,150824,150385,439
23341761,2.00777,0.103142,441,181040,0.239965,0.33,1,150826,150385,441
23344681,6.00155,11.2206,434,181040,0.279993,0.33,1,150833,150399,434
23347601,2.80031,2.24413,436,181040,0.263999,0.33,1,150835,150399,436
23350521,2.16006,0.448825,438,181040,0.2288,0.33,1,150837,150399,438
23353201,2.03201,0.089765,440,181040,0.22176,0.3,1,150839,150399,440
23356121,8.4064,11.218,436,181040,0.196352,0.3,1,150849,150413,436
23358821,9.68128,2.24359,446,181040,0.20727,0.29,1,150859,150413,446
23361741,5.13626,7.64872,441,181040,0.177454,0.29,1,150863,150422,441
23363601,1.82725,1.52974,442,181040,0.283491,0.28,1,150864,150422,442
23366521,5.16545,7.50595,439,181040,0.232698,0.28,1,150870,150431,439
23368801,2.63309,1.50119,441,181040,0.25454,0.45,1,150872,150431,441
23370881,10.9266,13.1002,438,181040,0.202908,0.42,1,150885,150447,438
23372961,6.18532,5.82005,439,181040,0.304582,0.32,1,150890,150451,439
23375881,7.63706,9.16401,437,181040,0.244916,0.32,1,150898,150461,437
23378801,3.12741,1.8328,439,181040,0.256983,0.32,1,150900,150461,439
23380661,22.2255,0.36656,466,181040,0.251397,0.21,1,150927,150461,466
23383581,6.0451,24.0733,438,181040,0.226279,0.21,1,150929,150491,438
23385861,58.009,4.81466,509,181040,0.269256,0.29,1,151000,150491,509
23388781,13.2018,63.3629,433,181040,0.277851,0.29,1,151002,150569,433
23391701,4.24036,12.6726,435,181040,0.24757,0.29,1,151004,150569,435
23394621,2.44807,2.53452,437,181040,0.233514,0.29,1,151006,150569,437
23397301,51.6896,0.506903,501,181040,0.214703,0.31,1,151070,150569,501
23400221,11.9379,56.1014,433,181040,0.266941,0.31,1,151072,150639,433
23403121,3.98758,11.2203,435,181040,0.277388,0.35,1,151074,150639,435
23406041,22.3975,27.8441,430,181040,0.191478,0.35,1,151101,150671,430
23408321,6.0795,5.56881,432,181040,0.190296,0.23,1,151103,150671,432
23411241,42.0159,40.3138,434,181040,0.254059,0.23,1,151154,150720,434
23414161,10.0032,8.06275,436,181040,0.314812,0.23,1,151156,150720,436
23416641,3.60064,1.61255,438,181040,0.294962,0.38,1,151158,150720,438
23419561,7.12013,9.12251,435,181040,0.306992,0.38,1,151166,150731,435
23421841,3.02403,1.8245,437,181040,0.277398,0.23,1,151168,150731,437
23424761,12.6048,16.3649,432,181040,0.36748,0.23,1,151183,150751,432
23427681,4.12096,3.27298,434,181040,0.385496,0.23,1,151185,150751,434
23430601,2.42419,0.654596,436,181040,0.389099,0.23,1,151187,150751,436
23432241,1.28484,0.130919,437,181040,0.37382,0.19,1,151188,150751,437
23435161,19.457,23.2262,432,181040,0.290764,0.19,1,151212,150780,432
23437441,5.49139,4.64524,434,181040,0.290153,0.23,1,151214,150780,434
23440361,5.89828,5.72905,434,181040,0.330031,0.23,1,151220,150786,434
23443281,2.77966,1.14581,436,181040,0.362006,0.23,1,151222,150786,436
23445761,2.15593,0.229162,438,181040,0.328401,0.36,1,151224,150786,438
23448681,10.0312,11.2458,436,181040,0.23368,0.36,1,151236,150800,436
23450961,3.60624,2.24917,438,181040,0.366736,0.26,1,151238,150800,438
23453041,5.52125,6.04983,437,181040,0.369347,0.23,1,151244,150807,437
23455961,7.50425,13.21,430,181040,0.345869,0.23,1,151252,150822,430
23458881,3.10085,2.64199,432,181040,0.309174,0.23,1,151254,150822,432
23461801,2.22017,0.528399,434,181040,0.301835,0.23,1,151256,150822,434
23464481,2.04403,0.10568,436,181040,0.292367,0.29,1,151258,150822,436
23467401,6.00881,8.82114,432,181040,0.282473,0.29,1,151265,150833,432
23470321,2.80176,1.76423,434,181040,0.248495,0.29,1,151267,150833,434
23472801,2.16035,0.352845,436,181040,0.297699,0.23,1,151269,150833,436
23475721,4.43207,6.47057,433,181040,0.31554,0.23,1,151274,150841,433
23478641,2.48641,1.29411,435,181040,0.327108,0.23,1,151276,150841,435
23481561,2.09728,0.258823,437,181040,0.297422,0.23,1,151278,150841,437
23484241,2.01946,0.0517645,439,181040,0.267484,0.19,1,151280,150841,439
23486321,2.00389,7.21035,432,181040,0.317497,0.31,1,151282,150850,432
23489241,14.0008,12.6421,435,181040,0.215499,0.31,1,151299,150864,435
23492161,4.40016,2.52841,437,181040,0.2911,0.31,1,151301,150864,437
23494021,9.68003,0.505683,448,181040,0.26622,0.32,1,151312,150864,448
23496941,4.33601,12.1011,436,181040,0.277244,0.32,1,151315,150879,436
23499841,2.4672,2.42023,438,181040,0.295449,0.24,1,151317,150879,438
23501921,5.29344,7.68405,435,181040,0.32309,0.25,1,151323,150888,435
23504001,7.45869,8.73681,434,181040,0.352618,0.24,1,151331,150897,434
23506921,4.69174,7.34736,431,181040,0.342524,0.24,1,151335,150904,431
23509201,2.53835,1.46947,433,181040,0.316505,0.27,1,151337,150904,433
23512121,21.3077,21.0939,433,181040,0.287301,0.27,1,151363,150930,433
23514401,5.86153,4.21878,435,181040,0.25746,0.23,1,151365,150930,435
23517321,57.9723,61.6438,430,181040,0.323492,0.23,1,151436,151006,430
23520241,13.1945,12.3288,432,181040,0.312698,0.23,1,151438,151006,432
23522721,4.23889,2.46575,434,181040,0.28654,0.25,1,151440,151006,434
23524801,8.84778,6.09315,437,181040,0.281308,0.24,1,151450,151013,437
23527721,51.3696,55.6186,431,181040,0.296262,0.24,1,151512,151081,431
23530641,14.2739,11.1237,436,181040,0.355252,0.24,1,151517,151081,436
23533561,4.45478,2.22474,438,181040,0.33505,0.24,1,151519,151081,438
23535621,22.491,0.444949,465,181040,0.30701,0.34,1,151546,151081,465
23538541,6.89819,23.289,439,181040,0.293402,0.34,1,151549,151110,439
23540821,42.1796,4.6578,490,181040,0.27468,0.3,1,151600,151110,490
23543741,10.0359,48.9316,432,181040,0.342936,0.3,1,151602,151170,432
23546661,3.60719,9.78631,434,181040,0.420587,0.3,1,151604,151170,434
23549581,2.32144,1.95726,436,181040,0.404117,0.3,1,151606,151170,436
23552501,2.06429,0.391452,438,181040,0.392823,0.3,1,151608,151170,438
23554341,15.6129,0.0782905,457,181040,0.430565,0.36,1,151627,151170,457
23557261,4.72257,19.2157,435,181040,0.438113,0.36,1,151629,151194,435
23560181,2.54451,3.84313,437,181040,0.407623,0.36,1,151631,151194,437
23563101,2.1089,0.768626,439,181040,0.377525,0.36,1,151633,151194,439
23564741,20.4218,0.153725,464,181040,0.331505,0.28,1,151658,151194,464
23567661,5.68436,25.6307,434,181040,0.386301,0.28,1,151660,151226,434
23570581,2.73687,5.12615,436,181040,0.39726,0.28,1,151662,151226,436
23573501,2.14737,1.02523,438,181040,0.367452,0.28,1,151664,151226,438
23576421,2.02947,0.205046,440,181040,0.32949,0.28,1,151666,151226,440
23578261,15.6059,0.0410092,459,181040,0.449898,0.36,1,151685,151226,459
23581181,4.72118,20.0082,436,181040,0.47398,0.36,1,151687,151251,436
23584081,2.54424,4.00164,438,181040,0.486796,0.29,1,151689,151251,438
23587001,2.10885,6.40033,433,181040,0.489359,0.29,1,151691,151258,433
23589921,2.02177,1.28007,435,181040,0.497872,0.29,1,151693,151258,435
23592401,2.00435,0.256013,437,181040,0.499574,0.28,1,151695,151258,437
23595321,6.80087,5.6512,438,181040,0.371915,0.28,1,151703,151265,438
23596981,2.16017,1.13024,439,181040,0.330383,0.33,1,151704,151265,439
23599901,2.03203,4.22605,436,181040,0.282077,0.33,1,151706,151270,436
23602821,2.00641,0.84521,438,181040,0.456415,0.33,1,151708,151270,438
23605301,3.60128,0.169042,442,181040,0.475283,0.33,1,151712,151270,442
23608221,2.32026,9.63381,432,181040,0.447057,0.33,1,151714,151282,432
23611141,2.06405,1.92676,434,181040,0.409411,0.33,1,151716,151282,434
23614061,2.01281,0.385352,436,181040,0.369882,0.33,1,151718,151282,436
23616741,8.40256,0.0770705,446,181040,0.353976,0.34,1,151728,151282,446
23618821,16.8805,8.01541,455,181040,0.342795,0.26,1,151747,151292,455
23621741,4.9761,17.6031,437,181040,0.340559,0.26,1,151749,151312,437
23624021,4.99522,3.52062,442,181040,0.364112,0.26,1,151754,151312,442
23626941,3.39904,6.30412,438,181040,0.344822,0.26,1,151757,151319,438
23629861,2.27981,1.26082,440,181040,0.380964,0.26,1,151759,151319,440
23632341,3.65596,0.252165,444,181040,0.356193,0.35,1,151763,151319,444
23634421,5.53119,4.05043,445,181040,0.359239,0.34,1,151769,151324,445
23636501,5.90624,7.21009,443,181040,0.287848,0.31,1,151775,151332,443
23639421,2.78125,10.242,434,181040,0.27357,0.31,1,151777,151343,434
23641701,23.7563,2.0484,463,181040,0.294714,0.25,1,151806,151343,463
23644621,7.15125,24.4097,436,181040,0.258943,0.25,1,151809,151373,436
23646901,59.8303,4.88194,509,181040,0.203789,0.31,1,151882,151373,509
23649821,14.366,60.9764,437,181040,0.144758,0.31,1,151885,151448,437
23652741,4.47321,12.1953,439,181040,0.228952,0.31,1,151887,151448,439
23655221,8.89464,2.43906,449,181040,0.18179,0.26,1,151897,151448,449
23657301,44.9789,7.68781,494,181040,0.260358,0.32,1,151951,151457,494
23660221,11.3958,51.9376,434,181040,0.316072,0.32,1,151954,151520,434
23663141,3.87916,10.3875,436,181040,0.287214,0.32,1,151956,151520,436
23665621,27.1758,2.0775,469,181040,0.241443,0.34,1,151989,151520,469
23668541,7.03517,29.2155,435,181040,0.240289,0.34,1,151991,151556,435
23670821,46.207,5.8431,491,181040,0.0960577,0.35,1,152047,151556,491
23673741,10.8414,47.5686,435,181040,0.0752115,0.35,1,152049,151614,435
23676661,3.76828,9.51372,437,181040,0.111042,0.35,1,152051,151614,437
23679581,2.35366,1.90274,439,181040,0.222208,0.35,1,152053,151614,439
23682501,2.07073,0.380549,441,181040,0.244442,0.35,1,152055,151614,441
23684341,14.0141,0.0761098,458,181040,0.256888,0.41,1,152072,151614,458
23687261,4.40283,16.8152,439,181040,0.259378,0.41,1,152074,151635,439
23690181,2.48057,3.36304,441,181040,0.259876,0.41,1,152076,151635,441
23693101,2.09611,0.672609,443,181040,0.235975,0.41,1,152078,151635,443
23694741,23.6192,0.134522,472,181040,0.231195,0.34,1,152107,151635,472
23697661,6.32384,28.0269,439,181040,0.198239,0.34,1,152109,151670,439
23700581,2.86477,5.60538,441,181040,0.151648,0.34,1,152111,151670,441
23703501,2.17295,1.12108,443,181040,0.16633,0.34,1,152113,151670,443
23706421,2.03459,0.224215,445,181040,0.177266,0.34,1,152115,151670,445
23708261,13.2069,0.044843,461,181040,0.251453,0.46,1,152131,151670,461
23711181,5.04138,21.609,437,181040,0.298291,0.46,1,152134,151697,437
23714101,2.60828,4.32179,439,181040,0.307658,0.46,1,152136,151697,439
23717021,2.12166,0.864359,441,181040,0.309532,0.46,1,152138,151697,441
23719941,2.02433,0.172872,443,181040,0.317906,0.46,1,152140,151697,443
23722861,2.00487,0.0345743,445,181040,0.319581,0.46,1,152142,151697,445
23724901,6.00097,0.00691487,452,181040,0.271916,0.48,1,152149,151697,452
23727821,2.80019,12.0014,439,181040,0.230383,0.48,1,152151,151712,439
23730741,2.16004,2.40028,441,181040,0.278077,0.48,1,152153,151712,441
23733661,2.03201,0.480055,443,181040,0.287615,0.48,1,152155,151712,443
23735301,1.2064,0.096011,444,181040,0.273523,0.47,1,152156,151712,444
23738221,1.84128,8.0192,436,181040,0.310705,0.47,1,152158,151722,436
23741141,1.96826,1.60384,438,181040,0.310141,0.47,1,152160,151722,438
23744061,1.99365,0.320768,440,181040,0.278028,0.47,1,152162,151722,440
23745701,12.3987,0.0641536,455,181040,0.247606,0.4,1,152177,151722,455
23747361,3.27975,13.6128,439,181040,0.225521,0.34,1,152178,151739,439
23750281,12.6559,17.1226,436,181040,0.325104,0.34,1,152193,151757,436
23753201,4.13119,3.42451,438,181040,0.329021,0.34,1,152195,151757,438
23756101,7.22624,0.684903,446,181040,0.281804,0.31,1,152203,151757,446
23759021,3.04525,12.937,432,181040,0.232361,0.31,1,152205,151773,432
23761941,2.20905,2.5874,434,181040,0.230472,0.31,1,152207,151773,434
23764861,2.04181,0.517479,436,181040,0.270094,0.31,1,152209,151773,436
23766501,1.20836,0.103496,437,181040,0.262019,0.2,1,152210,151773,437
23769421,1.84167,7.2207,430,181040,0.316404,0.2,1,152212,151782,430
23771701,25.1683,1.44414,461,181040,0.231281,0.23,1,152243,151782,461
23774621,6.63367,22.6888,435,181040,0.326256,0.23,1,152245,151810,435
23776901,62.1267,4.53777,511,181040,0.305251,0.21,1,152321,151810,511
23779821,14.0253,67.3076,430,181040,0.30105,0.21,1,152323,151893,430
23782741,4.40507,13.4615,432,181040,0.26821,0.21,1,152325,151893,432
23785221,7.28101,2.6923,440,181040,0.341642,0.17,1,152333,151893,440
23787301,47.0562,6.93846,489,181040,0.356328,0.24,1,152390,151901,489
23790221,11.0112,51.7877,428,181040,0.327266,0.24,1,152392,151964,428
23793141,3.80225,10.3575,430,181040,0.289453,0.24,1,152394,151964,430
23795621,27.9605,2.07151,464,181040,0.281891,0.3,1,152428,151964,464
23798541,7.19209,27.6143,432,181040,0.376378,0.3,1,152430,151998,432
23800821,42.2384,5.52286,483,181040,0.299276,0.25,1,152481,151998,483
23803741,10.0477,45.1046,430,181040,0.251855,0.25,1,152483,152053,430
23806661,3.60954,9.02091,432,181040,0.234371,0.25,1,152485,152053,432
23809141,6.32191,1.80418,439,181040,0.302874,0.2,1,152492,152053,439
23812061,3.66438,5.96084,435,181040,0.268575,0.2,1,152495,152060,435
23814341,15.9329,1.19217,454,181040,0.293715,0.22,1,152514,152060,454
23817261,4.78658,19.4384,432,181040,0.298743,0.22,1,152516,152084,432
23820181,2.55731,3.88769,434,181040,0.299749,0.22,1,152518,152084,434
23823101,2.11146,0.777537,436,181040,0.30795,0.22,1,152520,152084,436
23824741,18.8223,0.155507,459,181040,0.26959,0.17,1,152543,152084,459
23827661,5.36446,23.2311,432,181040,0.357918,0.17,1,152545,152113,432
23830581,2.67289,4.64622,434,181040,0.375584,0.17,1,152547,152113,434
23833061,6.93458,0.929244,442,181040,0.347117,0.22,1,152555,152113,442
23835981,2.98692,6.58585,436,181040,0.309423,0.22,1,152557,152121,436
23838261,10.1974,1.31717,448,181040,0.269885,0.31,1,152569,152121,448
23841181,3.63948,12.2634,435,181040,0.341977,0.31,1,152571,152136,435
23843461,2.3279,2.45269,437,181040,0.364395,0.34,1,152573,152136,437
23846381,2.06558,4.49054,434,181040,0.368879,0.34,1,152575,152141,434
23849301,2.01312,0.898107,436,181040,0.377776,0.34,1,152577,152141,436
23851781,5.20262,0.179621,442,181040,0.339555,0.29,1,152583,152141,442
23853441,1.84052,4.83592,437,181040,0.315911,0.31,1,152584,152147,437
23856361,3.5681,6.56718,434,181040,0.247182,0.31,1,152588,152154,434
23859281,2.31362,1.31344,436,181040,0.201436,0.31,1,152590,152154,436
23861761,2.06272,0.262687,438,181040,0.200287,0.32,1,152592,152154,438
23864681,2.01254,3.25254,436,181040,0.320057,0.32,1,152594,152158,436
23867381,2.00251,0.650507,438,181040,0.312011,0.27,1,152596,152158,438
23870301,2.0005,3.3301,436,181040,0.302402,0.27,1,152598,152162,436
23872161,1.2001,0.66602,437,181040,0.28448,0.34,1,152599,152162,437
23874241,5.04002,8.1332,433,181040,0.264896,0.24,1,152605,152172,433
23877161,9.808,8.82664,435,181040,0.332979,0.24,1,152616,152181,435
23879861,17.9616,1.76533,455,181040,0.330596,0.31,1,152636,152181,455
23882781,5.19232,16.3531,437,181040,0.306119,0.31,1,152638,152201,437
23885061,4.23846,3.27061,441,181040,0.349224,0.25,1,152642,152201,441
23886721,1.64769,3.05412,439,181040,0.341845,0.28,1,152643,152204,439
23889641,1.92954,4.61082,436,181040,0.340369,0.28,1,152645,152209,436
23892561,1.98591,0.922165,438,181040,0.332074,0.28,1,152647,152209,438
23894421,1.19718,0.184433,439,181040,0.314415,0.33,1,152648,152209,439
23897341,1.83944,9.63689,429,181040,0.302883,0.33,1,152650,152221,429
23900241,1.96789,1.92738,431,181040,0.292577,0.37,1,152652,152221,431
23903161,24.3936,20.3855,436,181040,0.330515,0.37,1,152682,152246,436
23905441,8.07872,4.07709,440,181040,0.290103,0.35,1,152686,152246,440
23908361,65.6157,66.4154,438,181040,0.242021,0.35,1,152766,152328,438
23911281,14.7231,13.2831,440,181040,0.320404,0.35,1,152768,152328,440
23913761,4.54463,2.65662,442,181040,0.312081,0.39,1,152770,152328,442
23915841,4.10893,10.9313,433,181040,0.278416,0.3,1,152774,152341,433
23918761,45.6218,43.7863,437,181040,0.247683,0.3,1,152830,152393,437
23921041,10.7244,8.75725,439,181040,0.209537,0.34,1,152832,152393,439
23923961,6.94487,8.15145,437,181040,0.177907,0.34,1,152838,152401,437
23925621,26.189,1.63029,468,181040,0.211581,0.39,1,152869,152401,468
23928541,6.83779,25.1261,439,181040,0.226316,0.39,1,152871,152432,439
23930821,41.3676,5.02521,489,181040,0.269263,0.38,1,152921,152432,489
23933741,9.87351,45.005,436,181040,0.245853,0.38,1,152923,152487,436
23936661,3.5747,9.00101,438,181040,0.209171,0.38,1,152925,152487,438
23939141,10.3149,1.8002,450,181040,0.233834,0.38,1,152937,152487,450
23942061,3.66299,10.76,439,181040,0.326767,0.38,1,152939,152500,439
23944341,12.7326,2.15201,454,181040,0.265353,0.31,1,152954,152500,454
23947261,4.14652,18.0304,434,181040,0.253071,0.31,1,152956,152522,434
23950181,2.4293,3.60608,436,181040,0.314614,0.31,1,152958,152522,436
23953101,2.08586,0.721216,438,181040,0.318923,0.31,1,152960,152522,438
23954741,18.8172,0.144243,461,181040,0.279785,0.38,1,152983,152522,461
23957661,5.36343,20.0288,438,181040,0.311957,0.38,1,152985,152547,438
23959941,9.07269,4.00577,448,181040,0.254391,0.36,1,152995,152547,448
23962861,3.41454,11.2012,437,181040,0.210878,0.36,1,152997,152560,437
23965781,2.28291,2.24023,439,181040,0.266176,0.36,1,152999,152560,439
23968261,8.45658,0.448046,449,181040,0.309235,0.36,1,153009,152560,449
23970341,6.49132,8.88961,444,181040,0.293847,0.33,1,153015,152571,444
23973261,2.89826,11.3779,434,181040,0.290769,0.33,1,153017,152583,434
23976181,2.17965,2.27558,436,181040,0.290154,0.33,1,153019,152583,436
23979101,2.03593,0.455117,438,181040,0.266031,0.33,1,153021,152583,438
23981781,2.80719,0.0910234,441,181040,0.333206,0.21,1,153024,152583,441
23984701,2.16144,4.8182,437,181040,0.346641,0.21,1,153026,152589,437
23986561,1.23229,0.963641,438,181040,0.341328,0.35,1,153027,152589,438
23989481,1.84646,8.99273,429,181040,0.308266,0.35,1,153029,152600,429
23992401,1.96929,1.79855,431,181040,0.269653,0.35,1,153031,152600,431
23995321,1.99386,0.359709,433,181040,0.229931,0.35,1,153033,152600,433
23998241,1.99877,0.0719418,435,181040,0.205986,0.35,1,153035,152600,435
24001161,1.99975,0.0143884,437,181040,0.321197,0.35,1,153037,152600,437
24003201,1.99995,0.00287767,439,181040,0.312239,0.22,1,153039,152600,439
24005281,6.79999,5.60058,440,181040,0.190448,0.35,1,153047,152607,440
24007361,4.56,10.7201,432,181040,0.28609,0.36,1,153051,152619,432
24010281,23.312,22.144,435,181040,0.225218,0.36,1,153079,152644,435
24013201,6.2624,4.4288,437,181040,0.325044,0.36,1,153081,152644,437
24016121,2.85248,0.885761,439,181040,0.313009,0.36,1,153083,152644,439
24017761,1.3705,0.177152,440,181040,0.294602,0.29,1,153084,152644,440
24020681,1.8741,6.43543,434,181040,0.25892,0.29,1,153086,152652,434
24023601,1.97482,1.28709,436,181040,0.299784,0.29,1,153088,152652,436
24026521,1.99496,0.257417,438,181040,0.275957,0.29,1,153090,152652,438
24028161,1.19899,0.0514834,439,181040,0.255191,0.4,1,153091,152652,439
24031081,5.0398,9.6103,433,181040,0.195038,0.4,1,153097,152664,433
24032741,21.008,1.92206,458,181040,0.215008,0.23,1,153122,152664,458
24035661,8.20159,21.1844,437,181040,0.267002,0.23,1,153127,152690,437
24037941,64.8403,4.23688,516,181040,0.2694,0.25,1,153206,152690,516
24040861,14.5681,69.6474,432,181040,0.26988,0.25,1,153208,152776,432
24043781,4.51361,13.9295,434,181040,0.365976,0.25,1,153210,152776,434
24046701,2.50272,2.78589,436,181040,0.353195,0.25,1,153212,152776,436
24048341,46.1005,0.557179,493,181040,0.398639,0.22,1,153269,152776,493
24051261,10.8201,48.1114,435,181040,0.375728,0.22,1,153271,152836,435
24053541,3.76402,9.62229,437,181040,0.339146,0.22,1,153273,152836,437
24055621,27.9528,5.12446,467,181040,0.403829,0.25,1,153307,152840,467
24058541,7.19056,28.2249,435,181040,0.424766,0.25,1,153309,152874,435
24060821,43.8381,5.64498,488,181040,0.364953,0.36,1,153362,152874,488
24063741,10.3676,44.329,436,181040,0.320991,0.36,1,153364,152928,436
24066661,3.67352,8.8658,438,181040,0.280198,0.36,1,153366,152928,438
24069141,12.7347,1.77316,453,181040,0.39204,0.33,1,153381,152928,453
24072061,4.94694,15.5546,437,181040,0.398408,0.33,1,153384,152947,437
24074341,4.98939,3.11093,442,181040,0.391682,0.32,1,153389,152947,442
24077261,4.19788,11.0222,433,181040,0.358336,0.32,1,153393,152960,433
24080181,4.03958,2.20444,437,181040,0.351667,0.32,1,153397,152960,437
24082661,8.00792,0.440887,446,181040,0.294333,0.34,1,153406,152960,446
24084741,17.6016,8.88818,455,181040,0.282867,0.28,1,153426,152971,455
24087661,5.92032,16.1776,440,181040,0.296573,0.28,1,153429,152989,440
24089941,5.98406,3.23553,446,181040,0.227315,0.2,1,153435,152989,446
24092021,9.99681,7.04711,449,181040,0.277463,0.3,1,153446,152997,449
24094941,4.39936,13.4094,437,181040,0.343493,0.3,1,153449,153012,437
24097861,2.47987,2.68188,439,181040,0.356699,0.3,1,153451,153012,439
24100341,4.49597,0.536377,444,181040,0.33534,0.35,1,153456,153012,444
24103261,2.49919,11.3073,432,181040,0.307068,0.35,1,153458,153026,432
24106181,2.09984,2.26145,434,181040,0.301414,0.35,1,153460,153026,434
24109101,2.01997,0.452291,436,181040,0.332283,0.35,1,153462,153026,436
24112021,2.00399,0.0904582,438,181040,0.306457,0.35,1,153464,153026,438
24113861,1.2008,0.0180916,439,181040,0.309291,0.35,1,153465,153026,439
24116781,1.84016,8.80362,430,181040,0.277858,0.35,1,153467,153037,430
24119701,1.96803,1.76072,432,181040,0.303572,0.35,1,153469,153037,432
24122621,1.99361,0.352145,434,181040,0.276714,0.35,1,153471,153037,434
24125541,1.99872,0.0704289,436,181040,0.239343,0.35,1,153473,153037,436
24128461,1.99974,0.0140858,438,181040,0.199869,0.35,1,153475,153037,438
24130501,5.99995,0.00281716,445,181040,0.239974,0.16,1,153482,153037,445
24133421,4.39999,8.00056,439,181040,0.311995,0.16,1,153486,153047,439
24135701,3.28,1.60011,442,181040,0.350399,0.35,1,153489,153047,442
24138401,3.856,5.12002,440,181040,0.35008,0.27,1,153493,153053,440
24141321,20.7712,30.624,428,181040,0.222016,0.27,1,153518,153090,428
24144241,5.75424,6.1248,430,181040,0.196403,0.27,1,153520,153090,430
24147161,2.75085,1.22496,432,181040,0.343281,0.27,1,153522,153090,432
24150081,2.15017,0.244992,434,181040,0.372656,0.27,1,153524,153090,434
24153001,2.03003,0.0489984,436,181040,0.346531,0.27,1,153526,153090,436
24155461,6.00601,0.00979968,443,181040,0.261306,0.33,1,153533,153090,443
24158381,3.6012,8.80196,435,181040,0.316261,0.33,1,153536,153101,435
24161281,2.32024,1.76039,437,181040,0.295252,0.21,1,153538,153101,437
24164201,26.064,27.5521,435,181040,0.33105,0.21,1,153570,153135,435
24166481,6.81281,5.51042,437,181040,0.30621,0.35,1,153572,153135,437
24169401,63.7626,64.3021,436,181040,0.269242,0.35,1,153650,153214,436
24172321,14.3525,12.8604,438,181040,0.261848,0.35,1,153652,153214,438
24175241,4.4705,2.57208,440,181040,0.32437,0.35,1,153654,153214,440
24176881,1.6941,0.514417,441,181040,0.320874,0.33,1,153655,153214,441
24179801,48.3388,53.7029,434,181040,0.264175,0.33,1,153715,153281,434
24182721,11.2678,10.7406,436,181040,0.220835,0.33,1,153717,153281,436
24185621,33.4536,2.14812,475,181040,0.236167,0.33,1,153756,153281,475
24188541,8.29071,31.6296,438,181040,0.319233,0.33,1,153758,153320,438
24190821,40.8581,6.32592,487,181040,0.247847,0.23,1,153807,153320,487
24193741,10.5716,41.2652,440,181040,0.177569,0.23,1,153810,153370,440
24196661,3.71433,8.25304,442,181040,0.131514,0.23,1,153812,153370,442
24199141,10.3429,1.65061,454,181040,0.178303,0.4,1,153824,153370,454
24201221,3.66857,11.5301,442,181040,0.187661,0.38,1,153826,153384,442
24204141,2.33371,11.106,433,181040,0.189532,0.38,1,153828,153395,433
24207061,2.06674,2.2212,435,181040,0.181906,0.38,1,153830,153395,435
24209541,12.4133,0.444241,450,181040,0.212381,0.33,1,153845,153395,450
24212461,4.08267,12.0888,437,181040,0.186476,0.33,1,153847,153410,437
24214741,20.8165,2.41777,462,181040,0.221295,0.37,1,153872,153410,462
24217661,6.56331,22.0836,438,181040,0.180259,0.37,1,153875,153437,438
24220561,2.91266,4.41671,440,181040,0.140052,0.36,1,153877,153437,440
24223481,8.58253,12.0833,436,181040,0.18801,0.36,1,153887,153451,436
24225761,3.31651,2.41667,438,181040,0.197602,0.3,1,153889,153451,438
24228681,3.8633,6.08333,435,181040,0.28752,0.3,1,153893,153458,435
24230961,2.37266,1.21667,437,181040,0.313504,0.27,1,153895,153458,437
24233881,2.07453,7.44333,430,181040,0.286701,0.27,1,153897,153467,430
24236801,2.01491,1.48867,432,181040,0.27334,0.27,1,153899,153467,432
24239721,2.00298,0.297733,434,181040,0.270668,0.27,1,153901,153467,434
24242641,2.0006,0.0595467,436,181040,0.278134,0.27,1,153903,153467,436
24244481,1.20012,0.0119093,437,181040,0.263627,0.19,1,153904,153467,437
24247401,1.84002,6.40238,431,181040,0.236725,0.19,1,153906,153475,431
24250321,1.968,1.28048,433,181040,0.199345,0.19,1,153908,153475,433
24253241,1.9936,0.256095,435,181040,0.159869,0.19,1,153910,153475,435
24255921,1.99872,0.051219,437,181040,0.119974,0.32,1,153912,153475,437
24258841,3.59974,2.41024,438,181040,0.207995,0.32,1,153916,153478,438
24260501,6.31995,0.482049,445,181040,0.257599,0.35,1,153923,153478,445
24263421,2.86399,7.29641,438,181040,0.26752,0.35,1,153925,153487,438
24265701,6.9728,1.45928,446,181040,0.253504,0.33,1,153933,153487,446
24268621,2.99456,9.89186,436,181040,0.218701,0.33,1,153935,153499,436
24270901,17.3989,1.97837,457,181040,0.19574,0.36,1,153956,153499,457
24273821,5.07978,21.1957,433,181040,0.159148,0.36,1,153958,153525,433
24276741,2.61596,4.23913,435,181040,0.20783,0.36,1,153960,153525,435
24279661,2.12319,0.847827,437,181040,0.193566,0.36,1,153962,153525,437
24282341,7.62464,0.169565,446,181040,0.158713,0.31,1,153971,153525,446
24285261,3.92493,12.8339,433,181040,0.199743,0.31,1,153974,153541,433
24288181,2.38499,2.56678,435,181040,0.191949,0.31,1,153976,153541,435
24291101,2.077,0.513356,437,181040,0.19039,0.31,1,153978,153541,437
24293781,22.8154,0.102671,465,181040,0.214078,0.28,1,154006,153541,465
24296701,7.76308,30.4205,431,181040,0.226816,0.28,1,154010,153579,431
24298981,66.3526,6.08411,512,181040,0.173363,0.16,1,154091,153579,512
24301901,14.8705,68.4168,430,181040,0.130673,0.16,1,154093,153663,430
24304821,4.5741,13.6834,432,181040,0.0981345,0.16,1,154095,153663,432
24307741,2.51482,2.73667,434,181040,0.131627,0.16,1,154097,153663,434
24309381,48.503,0.547335,494,181040,0.210325,0.18,1,154157,153663,494
24312301,12.1006,52.1095,432,181040,0.210065,0.18,1,154160,153728,432
24314581,25.6201,10.4219,461,181040,0.250013,0.28,1,154189,153728,461
24317501,8.32402,30.0844,430,181040,0.194003,0.28,1,154193,153763,430
24319361,4.0648,6.01688,433,181040,0.174801,0.23,1,154196,153763,433
24322281,46.413,48.4034,431,181040,0.18696,0.23,1,154253,153822,431
24325201,10.8826,9.68067,433,181040,0.189392,0.23,1,154255,153822,433
24327681,3.77652,1.93613,435,181040,0.197878,0.3,1,154257,153822,435
24330601,2.3553,8.38723,427,181040,0.255576,0.3,1,154259,153832,427
24333521,2.07106,1.67745,429,181040,0.267115,0.3,1,154261,153832,429
24336441,2.01421,0.335489,431,181040,0.245423,0.3,1,154263,153832,431
24338081,1.20284,0.0670978,432,181040,0.225085,0.21,1,154264,153832,432
24341001,11.4406,12.8134,430,181040,0.157017,0.21,1,154278,153848,430
24343281,3.88811,2.56268,432,181040,0.167403,0.32,1,154280,153848,432
24346201,25.5776,25.3125,432,181040,0.201481,0.32,1,154311,153879,432
24349121,6.71552,5.06251,434,181040,0.184296,0.32,1,154313,153879,434
24351601,2.9431,1.0125,436,181040,0.236859,0.21,1,154315,153879,436
24353681,6.98862,7.4025,435,181040,0.247372,0.32,1,154323,153888,435
24356601,4.59772,4.6805,435,181040,0.217474,0.32,1,154327,153892,435
24358261,1.71954,0.9361,436,181040,0.195495,0.3,1,154328,153892,436
24361181,1.94391,8.18722,428,181040,0.199099,0.3,1,154330,153902,428
24364101,1.98878,1.63744,430,181040,0.19982,0.3,1,154332,153902,430
24367021,1.99776,0.327489,432,181040,0.167964,0.3,1,154334,153902,432
24369941,1.99955,0.0654977,434,181040,0.273593,0.3,1,154336,153902,434
24371781,1.19991,0.0130995,435,181040,0.286719,0.11,1,154337,153902,435
24374701,1.83998,8.00262,427,181040,0.257344,0.11,1,154339,153912,427
24377621,1.968,1.60052,429,181040,0.219469,0.11,1,154341,153912,429
24380541,1.9936,0.320105,431,181040,0.179894,0.11,1,154343,153912,431
24383461,1.99872,0.0640209,433,181040,0.259979,0.11,1,154345,153912,433
24385301,2.79974,0.0128042,436,181040,0.235996,0.23,1,154348,153912,436
24386961,1.35995,3.20256,433,181040,0.215199,0.29,1,154349,153916,433
24389881,8.27199,10.2405,431,181040,0.23504,0.29,1,154359,153928,431
24392801,3.2544,2.0481,433,181040,0.207008,0.29,1,154361,153928,433
24395701,5.45088,0.40962,439,181040,0.273402,0.18,1,154367,153928,439
24398621,2.69018,6.48192,433,181040,0.27868,0.18,1,154369,153936,433
24400901,17.338,1.29638,454,181040,0.207736,0.19,1,154390,153936,454
24403821,5.06761,21.0593,430,181040,0.161547,0.19,1,154392,153962,430
24406741,2.61352,4.21186,432,181040,0.120309,0.19,1,154394,153962,432
24409221,4.5227,0.842371,437,181040,0.112062,0.21,1,154399,153962,437
24411301,4.10454,4.96847,435,181040,0.206412,0.19,1,154403,153968,435
24414221,2.42091,8.99369,427,181040,0.185282,0.19,1,154405,153978,427
24417141,2.08418,1.79874,429,181040,0.149056,0.19,1,154407,153978,429
24419201,2.01684,0.359748,431,181040,0.269811,0.2,1,154409,153978,431
24421281,5.20337,8.87195,426,181040,0.269962,0.22,1,154415,153989,426
24424201,23.4407,21.7744,429,181040,0.269992,0.22,1,154443,154014,429
24427121,6.28813,4.35488,431,181040,0.237998,0.22,1,154445,154014,431
24428981,69.2576,0.870975,516,181040,0.2956,0.2,1,154530,154014,516
24431901,15.4515,72.1742,428,181040,0.28312,0.2,1,154532,154104,428
24434821,4.6903,14.4348,430,181040,0.280624,0.2,1,154534,154104,430
24437741,2.53806,2.88697,432,181040,0.248125,0.2,1,154536,154104,432
24439381,48.5076,0.577393,492,181040,0.305625,0.28,1,154596,154104,492
24442301,11.3015,48.1155,434,181040,0.293125,0.28,1,154598,154164,434
24444581,21.4603,9.6231,458,181040,0.362625,0.15,1,154622,154164,458
24447501,5.89206,28.3246,427,181040,0.376525,0.15,1,154624,154197,427
24450401,2.77841,5.66492,429,181040,0.339305,0.27,1,154626,154197,429
24453321,50.9557,50.733,430,181040,0.379861,0.27,1,154689,154259,430
24456241,11.7911,10.1466,432,181040,0.379972,0.27,1,154691,154259,432
24458721,3.95823,2.02932,434,181040,0.355994,0.24,1,154693,154259,434
24461641,7.19165,9.20586,431,181040,0.327199,0.24,1,154701,154270,431
24464561,3.03833,1.84117,433,181040,0.28944,0.24,1,154703,154270,433
24467481,2.20767,0.368235,435,181040,0.281888,0.24,1,154705,154270,435
24469121,1.24153,0.0736469,436,181040,0.264378,0.19,1,154706,154270,436
24471201,6.64831,7.21473,435,181040,0.276876,0.32,1,154714,154279,435
24474121,4.52966,3.84295,436,181040,0.263375,0.32,1,154718,154282,436
24475781,29.7059,0.768589,472,181040,0.276675,0.21,1,154754,154282,472
24478701,8.34119,34.5537,432,181040,0.279335,0.21,1,154757,154325,432
24481621,3.26824,6.91074,434,181040,0.287867,0.21,1,154759,154325,434
24484541,2.25365,1.38215,436,181040,0.289573,0.21,1,154761,154325,436
24486181,1.25073,0.27643,437,181040,0.273915,0.18,1,154762,154325,437
24489101,1.85015,6.45529,431,181040,0.270783,0.18,1,154764,154333,431
24492021,1.97003,1.29106,433,181040,0.278157,0.18,1,154766,154333,433
24494941,1.99401,0.258211,435,181040,0.303631,0.18,1,154768,154333,435
24496581,1.1988,0.0516423,436,181040,0.292726,0.31,1,154769,154333,436
24499501,1.83976,8.81033,427,181040,0.346545,0.31,1,154771,154344,427
24502421,1.96795,1.76207,429,181040,0.333309,0.31,1,154773,154344,429
24505341,1.99359,0.352413,431,181040,0.298662,0.31,1,154775,154344,431
24508261,1.99872,0.0704826,433,181040,0.259732,0.31,1,154777,154344,433
24510721,1.99974,0.0140965,435,181040,0.219946,0.31,1,154779,154344,435
24513641,6.79995,8.00282,433,181040,0.331989,0.31,1,154787,154354,433
24516561,2.95999,1.60056,435,181040,0.322398,0.31,1,154789,154354,435
24519461,8.592,0.320113,445,181040,0.33648,0.28,1,154799,154354,445
24522381,3.3184,12.064,432,181040,0.371296,0.28,1,154801,154369,432
24525301,2.26368,2.4128,434,181040,0.378259,0.28,1,154803,154369,434
24527781,7.65274,0.482561,443,181040,0.355652,0.27,1,154812,154369,443
24529441,3.13055,12.0965,430,181040,0.31913,0.15,1,154814,154384,430
24532361,12.6261,12.8193,432,181040,0.279826,0.15,1,154829,154397,432
24535281,4.12522,2.56386,434,181040,0.239965,0.15,1,154831,154397,434
24537761,2.42504,0.512772,436,181040,0.239993,0.28,1,154833,154397,436
24539841,2.08501,2.50255,435,181040,0.207999,0.14,1,154835,154400,435
24542761,4.417,6.10051,433,181040,0.3136,0.14,1,154840,154407,433
24545041,2.4834,1.2201,435,181040,0.33472,0.33,1,154842,154407,435
24547961,2.09668,4.24402,432,181040,0.306944,0.33,1,154844,154412,432
24550241,2.01934,0.848804,434,181040,0.293389,0.29,1,154846,154412,434
24552321,5.20387,4.16976,435,181040,0.322678,0.26,1,154852,154417,435
24555241,21.0408,27.234,427,181040,0.384536,0.26,1,154877,154450,427
24557521,5.80815,5.44679,429,181040,0.364907,0.26,1,154879,154450,429
24560441,77.9616,75.4894,432,181040,0.352981,0.26,1,154975,154543,432
24563361,17.1923,15.0979,434,181040,0.318596,0.26,1,154977,154543,434
24566281,5.03846,3.01957,436,181040,0.279719,0.26,1,154979,154543,436
24567921,1.80769,0.603915,437,181040,0.255944,0.24,1,154980,154543,437
24570841,45.9615,49.7208,432,181040,0.299189,0.24,1,155037,154605,432
24573121,10.7923,9.94416,434,181040,0.307838,0.26,1,155039,154605,434
24576041,21.3585,21.9888,433,181040,0.325568,0.26,1,155063,154630,433
24578961,5.87169,4.39777,435,181040,0.297114,0.26,1,155065,154630,435
24581441,2.77434,0.879553,437,181040,0.259423,0.32,1,155067,154630,437
24584361,54.1549,56.9759,433,181040,0.243885,0.32,1,155134,154701,433
24587281,12.431,11.3952,435,181040,0.272777,0.32,1,155136,154701,435
24589761,4.08619,2.27904,437,181040,0.350555,0.3,1,155138,154701,437
24592681,5.61724,10.0558,431,181040,0.318111,0.3,1,155144,154713,431
24595601,2.72345,2.01116,433,181040,0.263622,0.3,1,155146,154713,433
24598521,2.14469,0.402232,435,181040,0.220724,0.3,1,155148,154713,435
24600161,1.22894,0.0804464,436,181040,0.196145,0.19,1,155149,154713,436
24603081,6.64579,7.21609,435,181040,0.215229,0.19,1,155157,154722,435
24605781,31.7292,1.44322,473,181040,0.259046,0.31,1,155195,154722,473
24608701,7.94583,30.6886,437,181040,0.275809,0.31,1,155197,154760,437
24611621,3.18917,6.13773,439,181040,0.319162,0.31,1,155199,154760,439
24614101,2.23783,1.22755,441,181040,0.311832,0.38,1,155201,154760,441
24617021,2.04757,8.24551,433,181040,0.278366,0.38,1,155203,154770,433
24619941,2.00951,1.6491,435,181040,0.231673,0.38,1,155205,154770,435
24622861,2.0019,0.32982,437,181040,0.198335,0.38,1,155207,154770,437
24625781,2.00038,0.0659641,439,181040,0.215667,0.38,1,155209,154770,439
24628661,2.00008,0.0131928,441,181040,0.187133,0.27,1,155211,154770,441
24631581,2.00002,4.80264,437,181040,0.149427,0.27,1,155213,154776,437
24634501,2,0.960528,439,181040,0.101885,0.27,1,155215,154776,439
24636981,6,0.192106,446,181040,0.148377,0.29,1,155222,154776,446
24639901,3.6,7.23842,440,181040,0.109675,0.29,1,155225,154785,440
24641761,1.52,1.44768,441,181040,0.0859351,0.3,1,155226,154785,441
24644681,1.904,4.28954,438,181040,0.281187,0.3,1,155228,154790,438
24646961,1.9808,0.857907,440,181040,0.320237,0.38,1,155230,154790,440
24649881,8.39616,12.1716,435,181040,0.208047,0.38,1,155240,154805,435
24652801,3.27923,2.43432,437,181040,0.321609,0.38,1,155242,154805,437
24655721,2.25585,0.486863,439,181040,0.344322,0.38,1,155244,154805,439
24657781,8.45117,0.0973726,449,181040,0.268864,0.4,1,155254,154805,449
24660481,3.29023,12.8195,435,181040,0.221773,0.25,1,155256,154821,435
24662561,11.058,9.7639,439,181040,0.220355,0.38,1,155269,154830,439
24665481,5.41161,6.75278,437,181040,0.156071,0.38,1,155273,154836,437
24668401,2.68232,1.35056,439,181040,0.135214,0.38,1,155275,154836,439
24670881,2.13646,0.270111,441,181040,0.0990428,0.32,1,155277,154836,441
24673801,3.62729,5.65402,438,181040,0.0998086,0.32,1,155281,154843,438
24676081,2.32546,1.1308,440,181040,0.219962,0.37,1,155283,154843,440
24679001,5.26509,5.82616,439,181040,0.139992,0.37,1,155289,154850,439
24681281,2.65302,1.16523,441,181040,0.123998,0.31,1,155291,154850,441
24683361,3.7306,5.03305,439,181040,0.2088,0.31,1,155295,154856,439
24686281,19.9461,23.4066,435,181040,0.19376,0.31,1,155319,154884,435
24688561,5.58922,4.68132,437,181040,0.190752,0.25,1,155321,154884,437
24691481,74.7178,77.7363,433,181040,0.19015,0.25,1,155413,154980,433
24694401,16.5436,15.5473,435,181040,0.22203,0.25,1,155415,154980,435
24696881,4.90871,3.10945,437,181040,0.196406,0.19,1,155417,154980,437
24698961,7.38174,7.82189,436,181040,0.167281,0.25,1,155425,154989,436
24701881,43.8763,43.9644,436,181040,0.201456,0.25,1,155478,155042,436
24704161,10.3753,8.79288,438,181040,0.216291,0.23,1,155480,155042,438
24707081,22.8751,30.5586,428,181040,0.203258,0.23,1,155506,155078,428
24710001,6.17501,6.11171,430,181040,0.168652,0.23,1,155508,155078,430
24712481,2.835,1.22234,432,181040,0.15373,0.27,1,155510,155078,432
24715401,50.167,53.8445,427,181040,0.150746,0.27,1,155572,155145,427
24718321,11.6334,10.7689,429,181040,0.142149,0.27,1,155574,155145,429
24721241,3.92668,2.15378,431,181040,0.19643,0.27,1,155576,155145,431
24722881,1.58534,0.430756,432,181040,0.191286,0.25,1,155577,155145,432
24725801,6.71707,8.88615,429,181040,0.134257,0.25,1,155585,155156,429
24728721,2.94341,1.77723,431,181040,0.0908514,0.25,1,155587,155156,431
24731201,2.18868,0.355446,433,181040,0.11417,0.18,1,155589,155156,433
24733281,8.43774,6.47109,435,181040,0.166834,0.22,1,155599,155164,435
24736201,28.0875,34.0942,427,181040,0.249367,0.22,1,155632,155205,427
24739121,7.21751,6.81884,429,181040,0.233873,0.22,1,155634,155205,429
24742041,3.0435,1.36377,431,181040,0.246775,0.22,1,155636,155205,431
24744961,2.2087,0.272754,433,181040,0.217355,0.22,1,155638,155205,433
24747841,2.04174,0.0545507,435,181040,0.251471,0.25,1,155640,155205,435
24750761,3.60835,9.61091,427,181040,0.202294,0.25,1,155644,155217,427
24753681,2.32167,1.92218,429,181040,0.160459,0.25,1,155646,155217,429
24756601,2.06433,0.384436,431,181040,0.120092,0.25,1,155648,155217,431
24759521,2.01287,0.0768873,433,181040,0.0720184,0.25,1,155650,155217,433
24762441,2.00257,0.0153775,435,181040,0.206404,0.25,1,155652,155217,435
24765361,2.00051,0.00307549,437,181040,0.233281,0.25,1,155654,155217,437
24766981,5.2001,0.000615098,443,181040,0.142656,0.32,1,155660,155217,443
24769901,3.44002,11.2001,432,181040,0.228531,0.32,1,155663,155231,432
24772821,2.288,2.24002,434,181040,0.261706,0.32,1,155665,155231,434
24775741,2.0576,0.448005,436,181040,0.268341,0.32,1,155667,155231,436
24778001,2.01152,0.089601,438,181040,0.269668,0.33,1,155669,155231,438
24780921,9.2023,12.8179,433,181040,0.189934,0.33,1,155680,155247,433
24783841,3.44046,2.56358,435,181040,0.261987,0.33,1,155682,155247,435
24786321,2.28809,0.512717,437,181040,0.292397,0.21,1,155684,155247,437
24788401,5.25762,7.30254,434,181040,0.282479,0.25,1,155690,155256,434
24791321,5.05152,11.0605,427,181040,0.200496,0.25,1,155695,155268,427
24792981,11.4103,2.2121,440,181040,0.232099,0.25,1,155708,155268,440
24795901,4.68206,12.4424,428,181040,0.19842,0.25,1,155711,155283,428
24798821,2.53641,2.48848,430,181040,0.159684,0.25,1,155713,155283,430
24801741,2.10728,0.497697,432,181040,0.239937,0.25,1,155715,155283,432
24804001,2.02146,0.0995393,434,181040,0.255987,0.14,1,155717,155283,434
24806921,3.60429,4.01991,433,181040,0.219197,0.14,1,155721,155288,433
24808581,5.52086,0.803982,439,181040,0.227839,0.25,1,155727,155288,439
24811501,2.70417,6.5608,433,181040,0.237568,0.25,1,155729,155296,433
24814401,2.14083,1.31216,435,181040,0.207514,0.18,1,155731,155296,435
24817321,17.2282,22.6624,428,181040,0.225503,0.18,1,155752,155324,428
24819601,6.64563,4.53249,432,181040,0.197101,0.2,1,155756,155324,432
24822521,76.5291,80.1065,427,181040,0.16742,0.2,1,155850,155423,427
24825441,16.9058,16.0213,429,181040,0.129484,0.2,1,155852,155423,429
24827921,4.98116,3.20426,431,181040,0.0898968,0.19,1,155854,155423,431
24830001,8.99623,11.0409,428,181040,0.177979,0.26,1,155864,155436,428
24832921,44.9992,40.6082,434,181040,0.291596,0.26,1,155918,155484,434
24835201,10.5998,8.12163,436,181040,0.282319,0.24,1,155920,155484,436
24838121,23.72,28.8243,429,181040,0.240464,0.24,1,155947,155518,429
24841041,6.34399,5.76487,431,181040,0.200093,0.24,1,155949,155518,431
24843521,2.8688,1.15297,433,181040,0.288019,0.22,1,155951,155518,433
24846441,48.5738,49.8306,431,181040,0.249604,0.22,1,156011,155580,431
24849361,11.3148,9.96612,433,181040,0.297921,0.22,1,156013,155580,433
24852281,3.86295,1.99322,435,181040,0.275584,0.22,1,156015,155580,435
24853921,1.57259,0.398645,436,181040,0.279117,0.28,1,156016,155580,436
24856841,6.71452,9.67973,432,181040,0.215823,0.28,1,156024,155592,432
24859761,2.9429,1.93595,434,181040,0.171165,0.28,1,156026,155592,434
24862241,2.18858,0.387189,436,181040,0.130233,0.23,1,156028,155592,436
24864321,11.6377,14.4774,432,181040,0.258047,0.26,1,156042,155610,432
24867241,21.5275,26.8955,426,181040,0.283609,0.26,1,156066,155640,426
24870161,7.50551,5.3791,430,181040,0.280722,0.26,1,156070,155640,430
24873081,3.1011,1.07582,432,181040,0.248144,0.26,1,156072,155640,432
24875761,2.22022,0.215164,434,181040,0.209629,0.26,1,156074,155640,434
24878681,3.64404,8.84303,427,181040,0.193926,0.26,1,156078,155651,427
24881601,2.32881,1.76861,429,181040,0.150785,0.26,1,156080,155651,429
24884521,2.06576,0.353721,431,181040,0.118157,0.26,1,156082,155651,431
24887441,2.01315,0.0707443,433,181040,0.0796314,0.26,1,156084,155651,433
24890321,2.00263,0.0141488,435,181040,0.119926,0.24,1,156086,155651,435
24893241,2.00053,2.40283,434,181040,0.0959853,0.24,1,156088,155654,434
24894901,6.00011,0.480566,441,181040,0.115197,0.28,1,156095,155654,441
24897821,2.80002,8.09611,433,181040,0.0870394,0.28,1,156097,155664,433
24900721,2.16,1.61922,435,181040,0.0494079,0.28,1,156099,155664,435
24903641,3.632,5.12384,433,181040,0.241882,0.28,1,156103,155670,433
24906561,2.3264,1.02477,435,181040,0.288376,0.28,1,156105,155670,435
24909041,2.06528,0.204954,437,181040,0.281675,0.24,1,156107,155670,437
24911961,12.4131,17.641,430,181040,0.216335,0.24,1,156122,155692,430
24914881,4.08261,3.5282,432,181040,0.195267,0.24,1,156124,155692,432
24917801,2.41652,0.70564,434,181040,0.279053,0.24,1,156126,155692,434
24919441,1.2833,0.141128,435,181040,0.311811,0.2,1,156127,155692,435
24921521,2.65666,3.22823,434,181040,0.294362,0.26,1,156130,155696,434
24924441,13.3313,15.8456,431,181040,0.266872,0.26,1,156146,155715,431
24927361,4.26627,3.16913,433,181040,0.237374,0.26,1,156148,155715,433
24929841,2.45325,0.633826,435,181040,0.231475,0.24,1,156150,155715,435
24932761,8.49065,11.3268,431,181040,0.214295,0.24,1,156160,155729,431
24935681,3.29813,2.26535,433,181040,0.218859,0.24,1,156162,155729,433
24938601,2.25963,0.453071,435,181040,0.219772,0.24,1,156164,155729,435
24940661,2.05193,0.0906141,437,181040,0.211954,0.25,1,156166,155729,437
24943581,2.01039,3.21812,435,181040,0.178391,0.25,1,156168,155733,435
24945441,1.20208,0.643625,436,181040,0.155678,0.19,1,156169,155733,436
24948361,22.6404,25.7287,432,181040,0.119136,0.19,1,156197,155765,432
24950641,7.72808,5.14574,436,181040,0.239827,0.09,1,156201,155765,436
24953561,72.7456,75.4292,432,181040,0.231965,0.09,1,156290,155858,432
24956481,16.1491,15.0858,434,181040,0.198393,0.09,1,156292,155858,434
24958961,4.82982,3.01717,436,181040,0.159679,0.21,1,156294,155858,436
24961041,5.76597,12.6034,427,181040,0.279936,0.23,1,156300,155873,427
24963961,46.7532,44.1207,432,181040,0.295987,0.23,1,156357,155925,432
24966241,10.9506,8.82414,434,181040,0.267197,0.28,1,156359,155925,434
24969161,24.5901,27.3648,430,181040,0.205439,0.28,1,156387,155957,430
24972081,6.51803,5.47297,432,181040,0.337088,0.28,1,156389,155957,432
24974561,2.9036,1.09459,434,181040,0.379418,0.26,1,156391,155957,434
24977481,46.1807,51.4189,427,181040,0.347884,0.26,1,156448,156021,427
24980401,10.8361,10.2838,429,181040,0.381577,0.26,1,156450,156021,429
24983321,3.76723,2.05676,431,181040,0.388315,0.26,1,156452,156021,431
24984961,1.55345,0.411351,432,181040,0.381663,0.27,1,156453,156021,432
24987881,8.31069,8.08227,432,181040,0.300333,0.27,1,156463,156031,432
24990801,3.26214,1.61645,434,181040,0.252067,0.27,1,156465,156031,434
24993281,2.25243,0.323291,436,181040,0.234413,0.19,1,156467,156031,436
24995361,18.8505,19.2647,435,181040,0.302883,0.19,1,156490,156055,435
24998281,15.7701,22.2529,427,181040,0.292577,0.19,1,156505,156078,427
25001201,4.75402,4.45059,429,181040,0.258515,0.19,1,156507,156078,429
25004121,2.5508,0.890117,431,181040,0.251703,0.19,1,156509,156078,431
25006801,2.11016,0.178023,433,181040,0.218341,0.23,1,156511,156078,433
25009721,3.62203,8.8356,426,181040,0.235668,0.23,1,156515,156089,426
25012641,2.32441,1.76712,428,181040,0.199134,0.23,1,156517,156089,428
25015561,2.06488,0.353424,430,181040,0.159827,0.23,1,156519,156089,430
25018481,2.01298,0.0706848,432,181040,0.119965,0.23,1,156521,156089,432
25021401,2.0026,0.014137,434,181040,0.143993,0.23,1,156523,156089,434
25023441,2.00052,0.00282739,436,181040,0.148799,0.1,1,156525,156089,436
25025521,5.2001,5.60057,435,181040,0.21376,0.29,1,156531,156096,435
25028441,4.24002,6.72011,432,181040,0.274752,0.29,1,156535,156103,432
25031361,2.448,1.34402,434,181040,0.28695,0.29,1,156537,156103,434
25033221,6.8896,0.268804,442,181040,0.26539,0.25,1,156545,156103,442
25036141,3.77792,9.65376,433,181040,0.213078,0.25,1,156548,156115,433
25039061,2.35558,1.93075,435,181040,0.298616,0.25,1,156550,156115,435
25041541,6.87112,0.38615,443,181040,0.291723,0.32,1,156558,156115,443
25044461,2.97422,8.07723,435,181040,0.274345,0.32,1,156560,156125,435
25046741,2.19484,1.61545,437,181040,0.238869,0.31,1,156562,156125,437
25049661,2.03897,3.52309,435,181040,0.231774,0.31,1,156564,156129,435
25051941,2.00779,0.704618,437,181040,0.238355,0.28,1,156566,156129,437
25054021,17.2016,2.54092,455,181040,0.263671,0.21,1,156587,156132,455
25056941,5.04031,22.9082,429,181040,0.244734,0.21,1,156589,156160,429
25059861,2.60806,4.58164,431,181040,0.208947,0.21,1,156591,156160,431
25062341,5.32161,0.916327,437,181040,0.321789,0.21,1,156597,156160,437
25065261,2.66432,8.98327,428,181040,0.312358,0.21,1,156599,156171,428
25068181,2.13286,1.79665,430,181040,0.278472,0.21,1,156601,156171,430
25071101,2.02657,0.359331,432,181040,0.247694,0.21,1,156603,156171,432
25074021,2.00531,0.0718661,434,181040,0.337539,0.21,1,156605,156171,434
25076481,2.00106,0.0143732,436,181040,0.355508,0.21,1,156607,156171,436
25079401,27.6002,32.8029,429,181040,0.351102,0.21,1,156641,156212,429
25081681,7.12004,6.56057,431,181040,0.32622,0.31,1,156643,156212,431
25084601,74.224,73.3121,432,181040,0.201244,0.31,1,156734,156302,432
25087521,18.0448,14.6624,436,181040,0.304249,0.31,1,156738,156302,436
25090441,5.20896,2.93248,438,181040,0.31685,0.31,1,156740,156302,438
25092081,1.84179,0.586497,439,181040,0.30337,0.28,1,156741,156302,439
25095001,49.9684,50.5173,438,181040,0.316674,0.28,1,156803,156365,438
25097281,11.5937,10.1035,440,181040,0.319335,0.32,1,156805,156365,440
25100201,23.1187,28.4207,433,181040,0.311867,0.32,1,156831,156398,433
25103121,7.82375,5.68414,437,181040,0.278373,0.32,1,156835,156398,437
25105601,3.16475,1.13683,439,181040,0.271675,0.32,1,156837,156398,439
25108521,44.6329,50.6274,431,181040,0.190335,0.32,1,156892,156461,431
25111441,10.5266,10.1255,433,181040,0.174067,0.32,1,156894,156461,433
25114361,3.70532,2.02509,435,181040,0.258813,0.32,1,156896,156461,435
25116001,1.54106,0.405019,436,181040,0.315763,0.27,1,156897,156461,436
25118921,9.90821,10.481,435,181040,0.239153,0.27,1,156909,156474,435
25121841,3.58164,2.0962,437,181040,0.255831,0.27,1,156911,156474,437
25124321,2.31633,0.41924,439,181040,0.227166,0.38,1,156913,156474,439
25126401,14.8633,18.4838,434,181040,0.301433,0.19,1,156931,156497,434
25129321,14.1727,19.6968,428,181040,0.228287,0.19,1,156945,156517,428
25132241,4.43453,3.93935,430,181040,0.181657,0.19,1,156947,156517,430
25135161,2.48691,0.787871,432,181040,0.148331,0.19,1,156949,156517,432
25138081,2.09738,0.157574,434,181040,0.261666,0.19,1,156951,156517,434
25139921,1.21948,0.0315148,435,181040,0.268333,0.15,1,156952,156517,435
25142841,1.8439,4.8063,431,181040,0.357667,0.15,1,156954,156523,431
25145761,1.96878,0.961261,433,181040,0.343533,0.15,1,156956,156523,433
25148681,1.99376,0.192252,435,181040,0.332707,0.15,1,156958,156523,435
25150741,5.99875,0.0384504,442,181040,0.338541,0.27,1,156965,156523,442
25153661,2.79975,4.80769,438,181040,0.307708,0.27,1,156967,156529,438
25155941,3.75995,0.961538,442,181040,0.245542,0.38,1,156971,156529,442
25158861,3.95199,8.19231,436,181040,0.321108,0.38,1,156975,156539,436
25161761,2.3904,1.63846,438,181040,0.312222,0.29,1,156977,156539,438
25164681,10.8781,13.9277,434,181040,0.342444,0.29,1,156990,156556,434
25167601,3.77562,2.78554,436,181040,0.372489,0.29,1,156992,156556,436
25170081,2.35512,0.557108,438,181040,0.378498,0.28,1,156994,156556,438
25172161,3.67102,2.51142,439,181040,0.3877,0.27,1,156998,156559,439
25175081,2.3342,5.30228,435,181040,0.36554,0.27,1,157000,156565,435
25178001,2.06684,1.06046,437,181040,0.329108,0.27,1,157002,156565,437
25180481,2.01337,0.212091,439,181040,0.289822,0.35,1,157004,156565,439
25182561,2.00267,4.04242,436,181040,0.273964,0.37,1,157006,156570,436
25185481,18.0005,20.0085,434,181040,0.262793,0.37,1,157028,156594,434
25188401,6.00011,4.0017,437,181040,0.252559,0.37,1,157031,156594,437
25190881,2.80002,0.800339,439,181040,0.338512,0.29,1,157033,156594,439
25193801,3.76,4.96007,437,181040,0.323702,0.29,1,157037,156600,437
25196081,2.352,0.992014,439,181040,0.28874,0.32,1,157039,156600,439
25199001,5.2704,9.7984,433,181040,0.241748,0.32,1,157045,156612,433
25201921,2.65408,1.95968,435,181040,0.20035,0.32,1,157047,156612,435
25204841,2.13082,0.391936,437,181040,0.16007,0.32,1,157049,156612,437
25207521,2.02616,0.0783872,439,181040,0.272014,0.3,1,157051,156612,439
25210441,26.8052,33.6157,430,181040,0.278403,0.3,1,157084,156654,430
25212721,6.96105,6.72314,432,181040,0.231681,0.2,1,157086,156654,432
25215641,77.3922,78.1446,431,181040,0.230336,0.2,1,157181,156750,431
25218561,18.6784,15.6289,435,181040,0.318067,0.2,1,157185,156750,435
25221481,6.93569,3.12578,439,181040,0.303613,0.2,1,157189,156750,439
25223121,2.18714,0.625157,440,181040,0.292723,0.27,1,157190,156750,440
25226041,44.4374,50.525,432,181040,0.322545,0.27,1,157245,156813,432
25228321,10.4875,10.105,434,181040,0.360509,0.27,1,157247,156813,434
25230401,19.6975,19.621,434,181040,0.264102,0.26,1,157269,156835,434
25233321,11.9395,10.3242,436,181040,0.24482,0.26,1,157279,156843,436
25236241,3.9879,2.06484,438,181040,0.208964,0.26,1,157281,156843,438
25238101,46.3976,0.412968,495,181040,0.217793,0.28,1,157338,156843,495
25241021,11.6795,50.4826,435,181040,0.171559,0.28,1,157341,156906,435
25243941,3.9359,10.0965,437,181040,0.202312,0.28,1,157343,156906,437
25246861,2.38718,2.0193,439,181040,0.200462,0.28,1,157345,156906,439
25248501,6.07744,0.403861,446,181040,0.216092,0.35,1,157352,156906,446
25251421,2.81549,11.2808,434,181040,0.195218,0.35,1,157354,156920,434
25254341,2.1631,2.25615,436,181040,0.159044,0.35,1,157356,156920,436
25256821,18.0326,0.451231,458,181040,0.167809,0.25,1,157378,156920,458
25258901,8.40652,18.4902,441,181040,0.249562,0.19,1,157384,156943,441
25260981,3.2813,6.09805,440,181040,0.233912,0.4,1,157386,156946,440
25263901,2.25626,6.81961,435,181040,0.198782,0.4,1,157388,156953,435
25266821,2.05125,1.36392,437,181040,0.271757,0.4,1,157390,156953,437
25269741,2.01025,0.272784,439,181040,0.254351,0.4,1,157392,156953,439
25272421,2.80205,0.0545569,442,181040,0.22687,0.27,1,157395,156953,442
25275341,2.96041,6.41091,437,181040,0.181374,0.27,1,157398,156961,437
25278261,2.19208,1.28218,439,181040,0.140275,0.27,1,157400,156961,439
25280741,4.43842,0.256436,444,181040,0.244055,0.25,1,157405,156961,444
25283661,3.28768,6.45129,439,181040,0.264811,0.25,1,157408,156969,439
25285941,4.65754,1.29026,444,181040,0.228962,0.29,1,157413,156969,444
25288861,3.33151,7.45805,438,181040,0.309792,0.29,1,157416,156978,438
25291781,2.2663,1.49161,440,181040,0.293958,0.29,1,157418,156978,440
25294261,10.8533,0.298322,453,181040,0.314792,0.32,1,157431,156978,453
25297181,3.77065,19.2597,431,181040,0.318958,0.32,1,157433,157002,431
25300101,2.35413,3.85193,433,181040,0.319792,0.32,1,157435,157002,433
25303021,2.07083,0.770387,435,181040,0.287958,0.32,1,157437,157002,435
25305281,2.01417,0.154077,437,181040,0.281592,0.27,1,157439,157002,437
25308201,7.60283,12.0308,431,181040,0.280318,0.27,1,157448,157017,431
25311121,3.12057,2.40616,433,181040,0.248064,0.27,1,157450,157017,433
25313601,2.22411,0.481233,435,181040,0.337613,0.28,1,157452,157017,435
25316521,14.0448,17.6962,430,181040,0.331523,0.28,1,157469,157039,430
25319441,4.40896,3.53925,432,181040,0.306305,0.28,1,157471,157039,432
25322361,2.48179,0.70785,434,181040,0.333261,0.28,1,157473,157039,434
25324001,1.29636,0.14157,435,181040,0.322652,0.3,1,157474,157039,435
25326921,5.05927,9.62831,429,181040,0.28853,0.3,1,157480,157051,429
25329841,2.61185,1.92566,431,181040,0.249706,0.3,1,157482,157051,431
25332761,2.12237,0.385133,433,181040,0.249941,0.3,1,157484,157051,433
25335441,2.02447,0.0770265,435,181040,0.361988,0.33,1,157486,157051,435
25338361,6.80489,8.81541,432,181040,0.304398,0.33,1,157494,157062,432
25340021,26.961,1.76308,464,181040,0.22088,0.28,1,157526,157062,464
25342941,6.9922,25.9526,434,181040,0.276176,0.28,1,157528,157094,434
25345221,74.1984,5.19052,525,181040,0.255235,0.32,1,157619,157094,525
25348141,18.0397,76.2381,435,181040,0.355047,0.32,1,157623,157188,435
25350421,9.20794,15.2476,442,181040,0.295009,0.28,1,157630,157188,442
25353341,3.44159,11.8495,433,181040,0.251002,0.28,1,157632,157199,433
25355621,42.2883,2.3699,485,181040,0.2582,0.3,1,157684,157199,485
25358541,10.0577,44.474,432,181040,0.29164,0.3,1,157686,157254,432
25360821,22.0115,8.8948,457,181040,0.242328,0.16,1,157711,157254,457
25362901,14.0023,18.579,448,181040,0.192466,0.3,1,157723,157275,448
25365821,4.40046,14.9158,436,181040,0.302493,0.3,1,157725,157289,436
25368101,43.2801,2.98316,489,181040,0.300499,0.3,1,157778,157289,489
25371021,11.056,47.7966,433,181040,0.2841,0.3,1,157781,157348,433
25373941,3.8112,9.55933,435,181040,0.24882,0.3,1,157783,157348,435
25376861,2.36224,1.91187,437,181040,0.241764,0.3,1,157785,157348,437
25378501,4.47245,0.382373,442,181040,0.216353,0.15,1,157790,157348,442
25381421,2.49449,6.47647,436,181040,0.235271,0.15,1,157792,157356,436
25383701,5.2989,1.29529,442,181040,0.271054,0.27,1,157798,157356,442
25385361,1.85978,11.4591,429,181040,0.262211,0.28,1,157799,157370,429
25387441,14.772,12.6918,434,181040,0.228442,0.24,1,157817,157383,434
25390361,7.75439,11.3384,429,181040,0.245688,0.24,1,157823,157394,429
25393281,3.15088,2.26767,431,181040,0.225138,0.24,1,157825,157394,431
25396201,2.23018,0.453534,433,181040,0.309028,0.24,1,157827,157394,433
25399121,2.04604,0.0907069,435,181040,0.301805,0.24,1,157829,157394,435
25401381,6.00921,0.0181414,442,181040,0.284361,0.27,1,157836,157394,442
25404301,3.60184,8.80363,434,181040,0.232872,0.27,1,157839,157405,434
25407221,2.32037,1.76073,436,181040,0.310574,0.27,1,157841,157405,436
25409281,2.06407,0.352145,438,181040,0.326115,0.29,1,157843,157405,438
25412201,5.21281,10.4704,431,181040,0.305223,0.29,1,157849,157418,431
25415121,2.64256,2.09409,433,181040,0.269045,0.29,1,157851,157418,433
25418041,2.12851,0.418817,435,181040,0.237809,0.29,1,157853,157418,435
25419681,1.2257,0.0837634,436,181040,0.215562,0.35,1,157854,157418,436
25422601,6.64514,8.01675,434,181040,0.291112,0.35,1,157862,157428,434
25424261,6.92903,1.60335,441,181040,0.386222,0.32,1,157869,157428,441
25427181,2.98581,5.92067,436,181040,0.413245,0.32,1,157871,157435,436
25429461,2.99716,1.18413,439,181040,0.362649,0.24,1,157874,157435,439
25432381,2.99943,5.03683,436,181040,0.38453,0.24,1,157877,157441,436
25435301,2.19989,1.00737,438,181040,0.380906,0.24,1,157879,157441,438
25437781,2.03998,0.201473,440,181040,0.348181,0.24,1,157881,157441,440
25439861,8.408,7.24029,441,181040,0.317636,0.25,1,157891,157450,441
25442781,3.2816,7.04806,436,181040,0.295527,0.25,1,157893,157457,436
25444641,1.45632,1.40961,437,181040,0.267105,0.33,1,157894,157457,437
25447561,13.0913,14.6819,435,181040,0.261421,0.33,1,157910,157475,435
25450481,4.21825,2.93638,437,181040,0.284284,0.33,1,157912,157475,437
25453401,2.44365,0.587277,439,181040,0.296857,0.33,1,157914,157475,439
25455041,1.28873,0.117455,440,181040,0.315371,0.35,1,157915,157475,440
25457961,6.65775,12.0235,433,181040,0.311074,0.35,1,157923,157490,433
25460881,2.93155,2.4047,435,181040,0.286215,0.35,1,157925,157490,435
25463801,2.18631,0.48094,437,181040,0.249243,0.35,1,157927,157490,437
25466481,2.03726,0.0961879,439,181040,0.369849,0.25,1,157929,157490,439
25468561,2.00745,6.41924,433,181040,0.39397,0.24,1,157931,157498,433
25471481,36.4015,35.6838,435,181040,0.350794,0.24,1,157976,157541,435
25473761,8.8803,7.13677,437,181040,0.366159,0.34,1,157978,157541,437
25476681,68.1761,70.2274,434,181040,0.369232,0.34,1,158061,157627,434
25478961,15.2352,14.0455,436,181040,0.369846,0.31,1,158063,157627,436
25481881,7.84704,12.4091,430,181040,0.329969,0.31,1,158069,157639,430
25484161,3.16941,2.48182,432,181040,0.289994,0.27,1,158071,157639,432
25487081,46.2339,42.0964,437,181040,0.321999,0.27,1,158128,157691,437
25489361,10.8468,8.41927,439,181040,0.3364,0.18,1,158130,157691,439
25491441,24.5694,27.2839,435,181040,0.32328,0.28,1,158158,157723,435
25494361,14.5139,17.4568,432,181040,0.360656,0.28,1,158170,157738,432
25496641,4.50277,3.49135,434,181040,0.392131,0.24,1,158172,157738,434
25499561,36.9006,38.2983,432,181040,0.406426,0.24,1,158217,157785,432
25502481,8.98011,7.65965,434,181040,0.377285,0.24,1,158219,157785,434
25504961,3.39602,1.53193,436,181040,0.371457,0.3,1,158221,157785,436
25507881,8.6792,9.90639,434,181040,0.258291,0.3,1,158231,157797,434
25510801,3.33584,1.98128,436,181040,0.291658,0.3,1,158233,157797,436
25513701,3.06717,0.396255,439,181040,0.250332,0.26,1,158236,157797,439
25516401,3.01343,3.27925,438,181040,0.282066,0.25,1,158239,157801,438
25518481,15.0027,18.2559,434,181040,0.288413,0.29,1,158257,157823,434
25521401,7.80054,9.25117,433,181040,0.297683,0.29,1,158263,157830,433
25524321,3.16011,1.85023,435,181040,0.283537,0.29,1,158265,157830,435
25527241,2.23202,0.370047,437,181040,0.336707,0.29,1,158267,157830,437
25529921,2.0464,0.0740093,439,181040,0.307341,0.33,1,158269,157830,439
25532841,10.8093,13.6148,435,181040,0.309468,0.33,1,158282,157847,435
25535761,3.76186,2.72296,437,181040,0.309894,0.33,1,158284,157847,437
25538681,2.35237,0.544592,439,181040,0.309979,0.33,1,158286,157847,439
25540321,1.27047,0.108918,440,181040,0.293996,0.23,1,158287,157847,440
25543241,1.85409,6.42178,434,181040,0.266799,0.23,1,158289,157855,434
25546161,1.97082,1.28436,436,181040,0.22936,0.23,1,158291,157855,436
25549081,1.99416,0.256871,438,181040,0.333872,0.23,1,158293,157855,438
25550721,1.19883,0.0513743,439,181040,0.338774,0.43,1,158294,157855,439
25552801,9.03977,8.81028,439,181040,0.179755,0.42,1,158305,157866,439
25554881,5.80795,5.76205,439,181040,0.363951,0.38,1,158310,157871,439
25557801,4.36159,7.55241,435,181040,0.38479,0.38,1,158314,157879,435
25560721,2.47232,1.51048,437,181040,0.356958,0.38,1,158316,157879,437
25563201,2.09446,0.302096,439,181040,0.351392,0.28,1,158318,157879,439
25566121,2.01889,6.46042,433,181040,0.350278,0.28,1,158320,157887,433
25568401,2.00378,1.29208,435,181040,0.342056,0.3,1,158322,157887,435
25570481,3.60076,4.25842,434,181040,0.324411,0.26,1,158326,157892,434
25573401,8.72015,7.25168,436,181040,0.192882,0.26,1,158336,157900,436
25575681,3.34403,1.45034,438,181040,0.134576,0.38,1,158338,157900,438
25578601,12.6688,13.8901,436,181040,0.314915,0.38,1,158353,157917,436
25581521,4.13376,2.77801,438,181040,0.318983,0.38,1,158355,157917,438
25584441,2.42675,0.555603,440,181040,0.279797,0.38,1,158357,157917,440
25586081,1.28535,0.111121,441,181040,0.255959,0.26,1,158358,157917,441
25589001,5.05707,7.22222,438,181040,0.315192,0.26,1,158364,157926,438
25591281,2.61141,1.44444,440,181040,0.295038,0.42,1,158366,157926,440
25594201,2.12228,3.48889,438,181040,0.259008,0.42,1,158368,157930,438
25597121,2.02446,0.697778,440,181040,0.347802,0.42,1,158370,157930,440
25598981,3.60489,0.139556,444,181040,0.33356,0.35,1,158374,157930,444
25601061,39.121,4.02791,487,181040,0.290712,0.28,1,158422,157935,487
25603981,10.2242,39.2056,442,181040,0.234142,0.28,1,158425,157983,442
25606261,65.2448,7.84112,521,181040,0.294829,0.32,1,158504,157983,521
25609181,15.449,70.3682,438,181040,0.346966,0.32,1,158507,158069,438
25611461,7.08979,14.0736,443,181040,0.373393,0.35,1,158512,158069,443
25614381,3.81796,7.61473,440,181040,0.370679,0.35,1,158515,158075,440
25616661,44.7636,1.52295,495,181040,0.346136,0.32,1,158570,158075,495
25619581,10.5527,46.7046,439,181040,0.309227,0.32,1,158572,158133,439
25621861,31.7105,9.34092,476,181040,0.325845,0.4,1,158609,158133,476
25624561,7.94211,33.0682,439,181040,0.329169,0.38,1,158611,158172,439
25627481,6.38842,12.2136,438,181040,0.297834,0.38,1,158617,158179,438
25629141,38.8777,2.44273,485,181040,0.379567,0.26,1,158664,158179,485
25632061,9.37554,41.2885,436,181040,0.395913,0.26,1,158666,158230,436
25634981,3.47511,8.25771,438,181040,0.367183,0.26,1,158668,158230,438
25637461,6.29502,1.65154,445,181040,0.321437,0.25,1,158675,158230,445
25640381,3.659,13.1303,432,181040,0.320287,0.25,1,158678,158246,432
25643301,2.3318,2.62606,434,181040,0.288057,0.25,1,158680,158246,434
25646221,2.06636,0.525212,436,181040,0.273611,0.25,1,158682,158246,436
25648901,11.6133,0.105042,450,181040,0.342722,0.35,1,158696,158246,450
25650981,7.12265,11.221,442,181040,0.324544,0.3,1,158702,158260,442
25653901,3.02453,9.4442,435,181040,0.296909,0.3,1,158704,158269,435
25656821,2.20491,1.88884,437,181040,0.259382,0.3,1,158706,158269,437
25659301,11.641,0.377768,451,181040,0.315876,0.31,1,158720,158269,451
25660961,3.1282,10.4756,439,181040,0.399175,0.28,1,158721,158282,439
25663881,3.82564,14.0951,428,181040,0.391835,0.28,1,158725,158297,428
25666801,2.36513,2.81902,430,181040,0.358367,0.28,1,158727,158297,430
25669721,2.07303,0.563804,432,181040,0.327673,0.28,1,158729,158297,432
25672641,2.01461,0.112761,434,181040,0.385535,0.28,1,158731,158297,434
25675561,2.00292,0.0225522,436,181040,0.397107,0.28,1,158733,158297,436
25678481,2.00058,0.00451043,438,181040,0.367421,0.28,1,158735,158297,438
25681401,2.00012,0.000902087,440,181040,0.329484,0.28,1,158737,158297,440
25683221,8.40002,0.000180417,450,181040,0.337897,0.41,1,158747,158297,450
25685301,4.08,10.4,440,181040,0.379579,0.37,1,158750,158310,440
25688001,2.416,6.08001,437,181040,0.403916,0.2,1,158752,158315,437
25690921,6.0832,14.816,427,181040,0.352783,0.2,1,158759,158332,427
25693841,2.81664,2.9632,429,181040,0.398557,0.2,1,158761,158332,429
25696761,2.16333,0.59264,431,181040,0.375711,0.2,1,158763,158332,431
25699681,2.03267,0.118528,433,181040,0.435142,0.2,1,158765,158332,433
25701521,1.20653,0.0237056,434,181040,0.431028,0.12,1,158766,158332,434
25704441,9.04131,7.20474,436,181040,0.366206,0.12,1,158777,158341,436
25706721,3.40826,1.44095,438,181040,0.329241,0.25,1,158779,158341,438
25709641,11.8817,13.8882,435,181040,0.393848,0.25,1,158793,158358,435
25712561,3.97633,2.77764,437,181040,0.37477,0.25,1,158795,158358,437
25715041,2.39527,0.555528,439,181040,0.346954,0.33,1,158797,158358,439
25717121,5.27905,4.91111,439,181040,0.325391,0.33,1,158803,158364,439
25720041,5.05581,8.98222,434,181040,0.329078,0.33,1,158808,158374,434
25722961,2.61116,1.79644,436,181040,0.337816,0.33,1,158810,158374,436
25725881,2.12223,0.359289,438,181040,0.347563,0.33,1,158812,158374,438
25727521,1.22445,0.0718578,439,181040,0.421513,0.25,1,158813,158374,439
25729601,5.04489,5.61437,438,181040,0.404303,0.28,1,158819,158381,438
25732521,37.809,41.1229,434,181040,0.392861,0.28,1,158865,158431,434
25734801,9.16179,8.22457,436,181040,0.454572,0.38,1,158867,158431,436
25737721,69.0324,66.4449,439,181040,0.362914,0.38,1,158951,158512,439
25740001,15.4065,13.289,441,181040,0.312583,0.33,1,158953,158512,441
25742921,4.68129,9.0578,435,181040,0.302517,0.33,1,158955,158520,435
25745201,2.53626,1.81156,437,181040,0.284503,0.34,1,158957,158520,437
25748121,47.7073,46.7623,438,181040,0.344901,0.34,1,159016,158578,438
25750401,11.1414,9.35246,440,181040,0.33298,0.29,1,159018,158578,440
25753321,31.8283,33.0705,438,181040,0.330596,0.29,1,159055,158617,438
25755601,7.96566,6.6141,440,181040,0.298119,0.29,1,159057,158617,440
25757681,4.79313,6.92282,437,181040,0.275624,0.32,1,159061,158624,437
25760601,39.3586,41.3846,435,181040,0.263125,0.32,1,159109,158674,435
25763521,9.47173,8.27691,437,181040,0.252625,0.32,1,159111,158674,437
25766001,3.49434,1.65538,439,181040,0.306525,0.25,1,159113,158674,439
25768921,3.09887,7.53108,433,181040,0.269305,0.25,1,159116,158683,433
25771841,2.21977,1.50622,435,181040,0.221861,0.25,1,159118,158683,435
25774761,2.04395,0.301243,437,181040,0.204372,0.25,1,159120,158683,437
25776401,1.20879,0.0602486,438,181040,0.184874,0.34,1,159121,158683,438
