#Ack,ack_ewma(ms),send_ewma(ms),rtt_ratio,cwnd (Bytes),Last Router Ocupation Ack Arriaval(Packets),Last Router Ocupation Packet Sent(Packets),Network Situation,AckArrival(ms),TSInsideAck(ms),RTTAck(ms)
4381,2,0,424,16060,0.01,0.02,1,50844,50420,424
7301,2,0,426,18980,0.01,0.02,1,50846,50420,426
10221,2,0,428,21900,0.01,0.02,1,50848,50420,428
13141,2,0,430,24820,0.026,0.02,1,50850,50420,430
14601,161.2,0,631,27740,0.0052,0.01,1,51051,50420,631
17521,213.84,337.6,436,29200,0.00104,0,1,51278,50842,436
20441,67.568,91.52,437,32120,0.008208,0.01,1,51309,50872,437
23361,37.5136,42.304,437,35040,0.0096416,0.01,1,51339,50902,437
26281,31.5027,32.4608,437,37960,0.00992832,0,1,51369,50932,437
29201,29.5005,30.4922,436,40880,0.00198566,0,1,51398,50962,436
32121,29.9001,30.0984,436,43800,0.000397133,0,1,51428,50992,436
35041,29.98,30.0197,436,46720,7.94265e-05,0,1,51458,51022,436
37961,29.996,30.0039,436,49640,1.58853e-05,0,1,51488,51052,436
40881,29.9992,30.0008,436,52560,3.17706e-06,0,1,51518,51082,436
43801,29.9998,30.0002,436,55480,6.35412e-07,0,1,51548,51112,436
46721,138.8,138.8,436,58400,0.0160001,0,1,51714,51278,436
49641,51.76,51.76,436,61320,0.0112,0,1,51744,51308,436
52561,34.352,34.352,436,64240,0.05824,0,1,51774,51338,436
55481,30.8704,30.8704,436,67160,0.131648,0,1,51804,51368,436
58401,30.9741,30.1741,437,70080,0.19433,0,1,51835,51398,437
61321,27.7948,29.2348,435,73000,0.206866,0,1,51862,51427,435
64241,24.759,26.647,433,75920,0.0413732,0,1,51886,51453,433
67161,20.9518,22.9294,431,78840,0.00827464,0,1,51906,51475,431
70081,20.1904,20.5859,431,81760,0.00165493,0,1,51926,51495,431
73001,20.0381,20.1172,431,84680,0.000330985,0,1,51946,51515,431
75921,20.0076,20.0234,431,87600,6.61971e-05,0,1,51966,51535,431
78841,20.0015,20.0047,431,90520,1.32394e-05,0,1,51986,51555,431
81761,20.8003,20.0009,432,93440,2.64788e-06,0,1,52007,51575,432
84681,19.3601,20.0002,431,96360,5.29577e-07,0,1,52026,51595,431
87601,19.872,20,431,99280,1.05915e-07,0,1,52046,51615,431
90521,19.9744,20,431,102200,2.11831e-08,0,1,52066,51635,431
93441,20.7949,20,432,105120,4.23661e-09,0,1,52087,51655,432
96361,20.159,20,432,108040,0.008,0,1,52107,51675,432
99281,20.8318,20,433,110960,0.0096,0.04,1,52128,51695,433
102201,19.3664,20,432,113880,0.02592,0.01,1,52147,51715,432
105121,20.6733,20,433,116800,0.045184,0.05,1,52168,51735,433
108041,17.7347,18.4,432,119720,0.0490368,0.07,1,52185,51753,432
110961,17.9469,16.48,434,122640,0.0978074,0.11,1,52203,51769,434
113881,17.9894,16.096,436,125560,0.163561,0.15,1,52221,51785,436
116801,17.9979,16.0192,438,128480,0.216712,0.19,1,52239,51801,438
119721,17.9996,16.0038,440,131400,0.323342,0.23,1,52257,51817,440
122641,17.9999,16.0008,442,134320,0.384668,0.26,1,52275,51833,442
125561,12.4,16.0002,437,137240,0.436934,0.18,1,52286,51849,437
128481,8.88,16,429,140160,0.399387,0.04,1,52294,51865,429
131401,14.576,16,429,143080,0.367877,0,1,52310,51881,429
134321,15.7152,16,429,146000,0.337575,0,1,52326,51897,429
137241,15.943,16,429,148920,0.163515,0,1,52342,51913,429
140161,15.1886,16,428,151840,0.032703,0,1,52357,51929,428
143081,14.2377,14.4,428,154760,0.0065406,0,1,52371,51943,428
146001,14.0475,14.08,428,157680,0.00130812,0,1,52385,51957,428
148921,14.0095,14.016,428,160600,0.000261624,0,1,52399,51971,428
151841,14.0019,14.0032,428,163520,5.23248e-05,0,1,52413,51985,428
154761,14.0004,14.0006,428,166440,1.0465e-05,0,1,52427,51999,428
157681,14.0001,14.0001,428,169360,2.09299e-06,0.02,1,52441,52013,428
160601,13.2,14,427,172280,4.18598e-07,0,1,52454,52027,427
163521,12.24,12.4,427,175200,0.0160001,0,1,52466,52039,427
166441,12.048,12.08,427,178120,0.00320002,0,1,52478,52051,427
169361,12.0096,12.016,427,181040,0.000640003,0.01,1,52490,52063,427
172281,10.4019,11.2032,426,183960,0.000128001,0.01,1,52500,52074,426
175201,10.0804,10.2406,426,186880,2.56001e-05,0.01,1,52510,52084,426
178121,10.0161,10.0481,426,189800,5.12003e-06,0.03,1,52520,52094,426
181041,10.0032,10.0096,426,192720,0.00800102,0.01,1,52530,52104,426
183961,10.8006,10.0019,427,195640,0.0016002,0.03,1,52541,52114,427
186881,11.7601,10.0004,429,198560,0.000320041,0.05,1,52553,52124,429
189801,9.55203,10.0001,428,201480,0.016064,0.06,1,52562,52134,428
192721,11.5104,10,430,204400,0.0272128,0.09,1,52574,52144,430
195641,9.50208,10,429,207320,0.101443,0.11,1,52583,52154,429
198561,10.7004,10,430,210240,0.108289,0.1,1,52594,52164,430
201481,8.54008,9.2,429,213160,0.0216577,0.05,1,52602,52173,429
204401,8.90802,8.24,430,216080,0.0363315,0.12,1,52611,52181,430
207321,8.9816,8.048,431,219000,0.0712663,0.12,1,52620,52189,431
210241,9.79632,8.0096,433,221920,0.134253,0.16,1,52630,52197,433
213161,9.95926,8.00192,435,224840,0.146851,0.18,1,52640,52205,435
216081,9.99185,8.00038,437,227760,0.13337,0.22,1,52650,52213,437
219001,9.19837,8.00008,438,230680,0.154674,0.28,1,52659,52221,438
221921,9.03967,8.00002,439,233600,0.118935,0.27,1,52668,52229,439
224841,9.80793,8,441,236520,0.095787,0.32,1,52678,52237,441
227761,9.16159,8,442,239440,0.123157,0.37,1,52687,52245,442
230681,10.6323,8,445,242360,0.120631,0.38,1,52698,52253,445
233601,10.1265,8,447,245280,0.152126,0.43,1,52708,52261,447
236521,9.22529,8,448,248200,0.174425,0.47,1,52717,52269,448
239441,5.84506,8,445,251120,0.154885,0.46,1,52722,52277,445
242361,8.36901,8,446,254040,0.166977,0.43,1,52731,52285,446
245281,6.4738,8,444,256960,0.201395,0.45,1,52737,52293,444
248201,5.29476,7.2,442,259880,0.240279,0.4,1,52742,52300,442
251121,5.05895,6.24,441,262800,0.224056,0.38,1,52747,52306,441
254041,5.01179,6.048,440,265720,0.236811,0.37,1,52752,52312,440
256961,2.60236,6.0096,436,268640,0.223362,0.35,1,52754,52318,436
259881,2.12047,6.00192,432,271560,0.196672,0.29,1,52756,52324,432
262081,2.02409,6.00038,428,274480,0.199334,0.2,1,52758,52330,428
265001,2.80482,6.80008,424,276680,0.175867,0.1,1,52761,52337,424
267281,5.36096,6.16002,424,279600,0.163173,0,1,52767,52343,424
270201,17.0722,17.232,424,281880,0.0726347,0,1,52787,52363,424
271861,9.01444,8.2464,425,284800,0.0145269,0.01,1,52794,52369,425
273521,5.80289,7.24928,423,286460,0.00290539,0.01,1,52799,52376,423
276441,9.96058,9.44986,424,288120,0.000581077,0,1,52810,52386,424
278101,15.5921,6.68997,435,291040,0.00811622,0,1,52827,52392,435
279761,7.11842,14.938,423,292700,0.00162324,0,1,52832,52409,423
282681,7.02368,7.7876,424,294360,0.000324649,0,1,52839,52415,424
284341,16.6047,6.35752,437,297280,6.49297e-05,0,1,52858,52421,437
286421,12.1209,16.4715,429,298940,1.29859e-05,0,1,52869,52440,429
288081,5.62419,11.2943,423,301020,2.59719e-06,0.01,1,52873,52450,423
291001,6.72484,6.25886,425,302680,5.19438e-07,0.03,1,52880,52455,425
292661,16.545,6.05177,438,305600,0.0160001,0,1,52899,52461,438
294321,7.30899,17.2104,423,307260,0.00320002,0.01,1,52904,52481,423
297241,11.0618,12.2421,424,308920,0.000640004,0,1,52916,52492,424
299521,7.01236,7.24841,424,311840,0.008128,0,1,52922,52498,424
302441,15.8025,15.8497,424,314120,0.0016256,0,1,52940,52516,424
305361,7.96049,7.96994,424,317040,0.00032512,0,1,52946,52522,424
308281,7.1921,6.39399,425,319960,6.5024e-05,0,1,52953,52528,425
311201,6.23842,6.0788,425,322880,1.30048e-05,0,1,52959,52534,425
313461,6.04768,6.01576,425,325800,2.60096e-06,0.03,1,52965,52540,425
315541,14.0095,6.80315,434,328060,0.00800052,0.02,1,52981,52547,434
318461,8.40191,13.3606,426,330140,0.0016001,0.03,1,52988,52562,426
320321,7.28038,7.47213,427,333060,0.00832002,0.08,1,52995,52568,427
323241,7.85608,7.09443,428,334920,0.009664,0.09,1,53003,52575,428
324901,16.7712,4.61888,443,337840,0.0499328,0,1,53022,52579,443
327821,8.15424,18.5238,427,339500,0.0419866,0.03,1,53028,52601,427
330101,8.03085,6.90476,431,342420,0.00839731,0.09,1,53036,52605,431
331761,5.60617,6.98095,429,344700,0.00967946,0.09,1,53041,52612,429
334681,8.32123,6.99619,431,346360,0.00993589,0.14,1,53050,52619,431
336341,2.46425,4.59924,428,349280,0.0259872,0.15,1,53051,52623,428
338001,3.69285,4.11985,428,350940,0.0291974,0.15,1,53055,52627,428
340921,12.7386,11.224,430,352600,0.0378395,0.17,1,53070,52640,430
342581,5.74771,5.44479,430,355520,0.0475679,0.15,1,53074,52644,430
344661,10.7495,5.08896,437,357180,0.0175136,0.19,1,53086,52649,437
346321,4.54991,9.81779,429,359260,0.00350272,0.15,1,53089,52660,429
349241,7.30998,9.16356,428,360920,0.0327005,0.15,1,53097,52669,428
352161,5.462,5.03271,429,363840,0.0625401,0.1,1,53102,52673,429
354021,5.0924,4.20654,430,366760,0.060508,0.15,1,53107,52677,430
355681,4.21848,6.44131,427,368620,0.0841016,0.13,1,53111,52684,427
358601,7.2437,5.28826,430,370280,0.10482,0.11,1,53119,52689,430
360261,11.8487,4.25765,439,370280,0.116964,0.18,1,53132,52693,439
362341,10.3697,10.4515,437,370280,0.0953928,0.19,1,53142,52705,437
364001,4.47395,9.29031,431,370280,0.123079,0.16,1,53145,52714,431
366921,8.09479,7.45806,433,370280,0.112616,0.19,1,53154,52721,433
369841,6.41896,4.69161,435,370280,0.142523,0.2,1,53160,52725,435
371701,6.08379,4.13832,437,370280,0.148505,0.26,1,53166,52729,437
374621,5.21676,8.02766,433,370280,0.133701,0.25,1,53171,52738,433
376901,5.04335,4.80553,434,370280,0.0987402,0.24,1,53176,52742,434
378561,3.40867,5.76111,431,370280,0.139748,0.23,1,53179,52748,431
381481,4.68173,5.15222,431,370280,0.16395,0.21,1,53184,52753,431
384401,4.13635,4.23044,431,370280,0.18479,0.19,1,53188,52757,431
386261,3.22727,4.04609,430,370280,0.172958,0.2,1,53191,52761,430
389181,3.84545,4.00922,430,370280,0.138592,0.2,1,53195,52765,430
392101,2.36909,4.00184,428,370280,0.123718,0.17,1,53197,52769,428
395021,2.07382,4.00037,426,370280,0.112744,0.17,1,53199,52773,426
397941,2.01476,4.00007,424,370280,0.0865487,0.14,1,53201,52777,424
399781,7.60295,4.00001,429,370280,0.0573097,0.02,1,53210,52781,429
401861,11.9206,8.8,432,370280,0.0114619,0,1,53223,52791,432
404561,5.58412,12.16,423,370280,0.00229239,0,1,53227,52804,423
406641,10.7168,12.032,423,370280,0.000458478,0,1,53239,52816,423
408721,12.5434,12.8064,423,370280,9.16956e-05,0,1,53252,52829,423
411641,12.1087,12.1613,423,370280,1.83391e-05,0,1,53264,52841,423
414341,22.4217,5.63226,444,370280,3.66782e-06,0,1,53289,52845,444
416421,10.0843,21.1265,426,370280,7.33564e-07,0,1,53296,52870,426
419121,5.21687,9.82529,423,370280,1.46713e-07,0.03,1,53300,52877,423
421201,9.04337,9.16506,424,372980,0.00800003,0,1,53310,52886,424
424121,19.4087,20.233,423,375060,0.00160001,0,1,53332,52909,423
426821,8.68173,7.2466,425,377980,0.000320001,0.01,1,53338,52913,425
428901,10.5363,6.24932,430,377980,6.40002e-05,0,1,53349,52919,430
430561,4.50727,10.0499,422,377980,0.0080128,0,1,53352,52930,422
433481,20.1015,20.41,423,377980,0.00160256,0,1,53376,52953,423
436401,8.02029,7.28199,424,377980,0.000320512,0,1,53381,52957,424
439321,4.80406,4.6564,424,377980,6.41024e-05,0.01,1,53385,52961,424
442001,4.16081,4.13128,424,377980,1.28205e-05,0.04,1,53389,52965,424
444081,4.83216,4.82626,424,377980,0.00800256,0,1,53394,52970,424
447001,16.9664,17.7653,423,377980,0.00160051,0.03,1,53414,52991,423
449281,7.39329,6.75305,424,377980,0.000320103,0.01,1,53419,52995,424
451361,7.87866,7.75061,424,377980,6.40205e-05,0.08,1,53427,53003,424
453441,11.1757,9.55012,426,377980,0.0640128,0.06,1,53439,53013,426
456361,12.6351,14.71,423,377980,0.0608026,0.03,1,53452,53029,423
458641,5.72703,6.142,423,377980,0.0681605,0.02,1,53456,53033,423
460721,7.54541,6.8284,424,377980,0.0856321,0.01,1,53464,53040,424
462801,9.50908,8.56568,425,377980,0.0811264,0.05,1,53474,53049,425
465721,7.50182,7.31314,425,377980,0.128225,0.06,1,53481,53056,425
468641,4.70036,4.66263,425,377980,0.113645,0.06,1,53485,53060,425
470501,16.1401,4.13253,440,377980,0.070729,0.03,1,53504,53064,440
473201,6.42801,16.0265,425,377980,0.0141458,0.04,1,53508,53083,425
476121,14.8856,14.4053,428,377980,0.00282916,0.1,1,53525,53097,428
479041,6.17712,6.08106,428,377980,0.00856583,0.1,1,53529,53101,428
480901,4.43542,4.41621,428,377980,0.0257132,0.13,1,53533,53105,428
482561,3.28708,4.08324,427,377980,0.0291426,0.11,1,53536,53109,427
485481,10.2574,8.81665,429,377980,0.0298285,0.13,1,53548,53119,429
488181,7.65148,4.96333,432,377980,0.0459657,0.12,1,53555,53123,432
490261,10.3303,6.59267,436,377980,0.0251931,0.13,1,53566,53130,436
492341,5.26606,9.31853,430,377980,0.0370386,0.13,1,53570,53140,430
494421,9.85321,5.86371,436,377980,0.0634077,0.15,1,53581,53145,436
496501,11.5706,9.17274,438,377980,0.0206815,0.18,1,53593,53155,438
499421,7.11413,12.2345,431,377980,0.0601363,0.13,1,53599,53168,431
501701,3.82283,5.64691,430,377980,0.0600273,0.13,1,53602,53172,430
504621,3.96457,3.52938,431,377980,0.0200055,0.15,1,53606,53175,431
506901,3.99291,3.90588,431,377980,0.00400109,0.2,1,53610,53179,431
509601,2.39858,4.78118,428,377980,0.000800218,0.13,1,53612,53184,428
512521,6.87972,9.75624,425,377980,0.05616,0.11,1,53620,53195,425
515441,4.57594,5.15125,425,377980,0.067232,0.07,1,53624,53199,425
518341,5.71519,4.23025,427,377980,0.101446,0.07,1,53630,53203,427
521261,4.34304,7.24605,423,377980,0.116289,0.04,1,53634,53211,423
524181,4.06861,4.64921,423,377980,0.103258,0.03,1,53638,53215,423
527101,4.01372,4.12984,423,377980,0.0686516,0.02,1,53642,53219,423
530021,4.00274,4.02597,423,377980,0.0457303,0.01,1,53646,53223,423
531861,4.80055,4.00519,424,377980,0.00914606,0.01,1,53651,53227,424
534781,4.16011,4.80104,423,377980,0.0178292,0.01,1,53655,53232,423
537061,5.63202,4.16021,425,377980,0.0195658,0.01,1,53661,53236,425
539141,14.7264,5.63204,436,377980,0.0119132,0,1,53678,53242,436
541221,14.1453,14.7264,433,377980,0.00238263,0,1,53692,53259,433
543301,22.0291,14.1453,443,377980,0.000476527,0,1,53716,53273,443
544961,6.80581,22.0291,422,377980,9.53053e-05,0.01,1,53719,53297,422
547881,9.36116,11.6058,423,377980,1.90611e-05,0.01,1,53729,53306,423
550801,5.07223,5.52116,423,377980,3.81221e-06,0,1,53733,53310,423
553701,24.2144,4.30423,448,377980,0.00800076,0,1,53762,53314,448
556621,8.04289,24.0608,423,377980,0.00160015,0,1,53766,53343,423
558901,6.40858,8.01217,425,377980,0.00032003,0.01,1,53772,53347,425
560981,6.08172,6.40243,425,377980,6.40061e-05,0,1,53778,53353,425
563061,22.0163,6.08049,445,377980,1.28012e-05,0,1,53804,53359,445
565981,7.60327,22.0161,423,377980,2.56024e-06,0,1,53808,53385,423
568261,3.92065,7.60322,422,377980,5.12049e-07,0,1,53811,53389,422
571181,4.78413,3.92064,424,377980,1.0241e-07,0.01,1,53816,53392,424
573041,3.35683,3.98413,423,377980,2.04819e-08,0.01,1,53819,53396,423
575121,4.67137,4.79683,423,377980,0.008,0.01,1,53824,53401,423
578041,20.9343,19.3594,425,377980,0.0496,0,1,53849,53424,425
580321,8.18685,7.07187,426,377980,0.03392,0.09,1,53854,53428,426
582401,11.2374,9.41437,428,377980,0.006784,0.08,1,53866,53438,428
584481,4.64747,5.88287,426,377980,0.0173568,0.07,1,53869,53443,426
586561,12.9295,11.5766,428,377980,0.00347136,0.11,1,53884,53456,428
589481,8.1859,7.91531,428,377980,0.0166943,0.12,1,53891,53463,428
591141,4.83718,4.78306,428,377980,0.0193389,0.1,1,53895,53467,428
593221,7.36744,4.15661,432,377980,0.0118678,0.12,1,53903,53471,432
595301,11.0735,6.43132,437,377980,0.0183736,0.12,1,53915,53478,437
598221,3.8147,13.2863,424,377980,0.0196747,0.06,1,53917,53493,424
600501,16.7629,5.85725,440,377980,0.0359349,0.06,1,53937,53497,440
603421,5.75259,17.1715,423,377980,0.047187,0.06,1,53940,53517,423
605701,9.15052,6.63429,429,377980,0.0654374,0.03,1,53950,53521,429
607781,12.2301,7.72686,434,377980,0.0530875,0.08,1,53963,53529,434
610701,5.64602,11.1454,426,377980,0.0746175,0.07,1,53967,53541,426
613601,2.7292,5.42907,424,377980,0.0549235,0.02,1,53969,53545,424
616521,11.7458,11.4858,425,377980,0.0349847,0.03,1,53983,53558,425
618801,6.34917,5.49716,426,377980,0.0469969,0.04,1,53988,53562,426
620881,8.46983,7.49943,427,377980,0.0733994,0.09,1,53997,53570,427
623801,11.294,12.6999,425,377980,0.0946799,0.04,1,54009,53584,425
626501,16.6588,5.73998,439,377980,0.058936,0.02,1,54027,53588,439
629421,8.13176,16.348,426,377980,0.0517872,0.01,1,54033,53607,426
632321,5.62635,6.4696,427,377980,0.0583574,0.05,1,54038,53611,427
635241,4.32527,4.49392,427,377980,0.0596715,0.1,1,54042,53615,427
638161,5.66505,4.09878,429,377980,0.0359343,0.09,1,54048,53619,429
640641,4.33301,4.01976,429,377980,0.0471869,0.11,1,54052,53623,429
643561,2.4666,3.20395,428,377980,0.0494374,0.12,1,54054,53626,428
645841,2.09332,3.84079,426,377980,0.0498875,0.07,1,54056,53630,426
648761,7.61866,9.56816,424,377980,0.0499775,0.06,1,54065,53641,424
651681,4.72373,5.11363,424,377980,0.0659955,0.03,1,54069,53645,424
654601,4.14475,4.22273,424,377980,0.0691991,0.06,1,54073,53649,424
657521,3.22895,4.04455,423,377980,0.0618398,0.06,1,54076,53653,423
660441,3.84579,4.00891,423,377980,0.068368,0.05,1,54080,53657,423
663361,3.96916,4.00178,423,377980,0.0456736,0.01,1,54084,53661,423
666281,3.99383,4.00036,423,377980,0.0251347,0.01,1,54088,53665,423
669141,19.1988,4.00007,442,377980,0.0130269,0,1,54111,53669,442
671221,12.6398,19.2,430,377980,0.00260539,0,1,54122,53692,430
673301,21.728,12.64,443,377980,0.000521078,0,1,54146,53703,443
676001,7.54559,21.728,423,377980,0.000104216,0,1,54150,53727,423
678921,7.90912,9.9456,424,377980,2.08431e-05,0.01,1,54158,53734,424
681201,3.98182,5.18912,423,377980,4.16862e-06,0,1,54161,53738,423
684121,31.1964,31.4378,423,377980,8.33724e-07,0,1,54199,53776,423
687041,9.43927,9.48756,423,377980,1.66745e-07,0,1,54203,53780,423
689521,5.08785,5.09751,423,377980,3.3349e-08,0.01,1,54207,53784,423
691601,5.01757,5.0195,423,377980,6.66979e-09,0,1,54212,53789,423
694521,18.6035,18.6039,423,377980,1.33396e-09,0,1,54234,53811,423
696801,6.9207,6.92078,423,377980,2.66792e-10,0,1,54238,53815,423
699721,11.7841,10.9842,424,377980,0.008,0,1,54251,53827,424
702641,6.35683,5.39683,425,377980,0.0016,0.01,1,54256,53831,425
705561,5.27137,4.27937,426,377980,0.00032,0.06,1,54261,53835,426
707621,10.6543,4.05587,434,377980,0.016064,0.03,1,54273,53839,434
709701,11.7309,12.8112,431,377980,0.0032128,0,1,54285,53854,431
711361,6.34617,11.3622,425,377980,0.0246426,0.07,1,54290,53865,425
714281,10.0692,11.8724,424,377980,0.0129285,0.06,1,54301,53877,424
716981,13.2138,5.57449,434,377980,0.0185857,0.02,1,54315,53881,434
719681,5.84277,12.3149,424,377980,0.0117171,0.01,1,54319,53895,424
721761,8.36855,8.86298,425,377980,0.0183434,0.04,1,54328,53903,425
723841,7.27371,8.9726,423,377980,0.0516687,0,1,54335,53912,423
726761,9.45474,8.99452,424,377980,0.0183337,0.02,1,54345,53921,424
729041,5.89095,4.9989,425,377980,0.0276667,0.07,1,54350,53925,425
731961,17.9782,16.9998,426,377980,0.0455333,0.08,1,54371,53945,426
734241,5.99564,6.59996,425,377980,0.0891067,0.07,1,54374,53949,425
736321,6.79913,5.31999,427,377980,0.0738213,0.08,1,54381,53954,427
738401,6.95983,9.064,424,377980,0.0707643,0.02,1,54388,53964,424
741321,13.392,12.2128,426,377980,0.0461529,0.03,1,54403,53977,426
744241,6.67839,5.64256,427,377980,0.0412306,0.04,1,54408,53981,427
746101,4.53568,4.32851,427,377980,0.0402461,0.1,1,54412,53985,427
749021,5.70714,5.6657,427,377980,0.0320492,0.09,1,54418,53991,427
751301,9.94143,4.33314,434,377980,0.0224098,0.14,1,54429,53995,434
753381,9.98829,9.66663,433,377980,0.036482,0.13,1,54439,54006,433
755461,18.7977,11.5333,442,377980,0.0632964,0.06,1,54460,54018,442
758381,7.75953,19.9067,425,377980,0.100659,0.05,1,54465,54040,425
761301,4.75191,7.18133,425,377980,0.124132,0.05,1,54469,54044,425
764221,3.35038,4.63627,424,377980,0.104826,0.07,1,54472,54048,424
767141,4.67008,4.12725,425,377980,0.116965,0.07,1,54477,54052,425
770021,4.93402,4.02545,426,377980,0.119393,0.04,1,54482,54056,426
772941,4.1868,4.00509,426,377980,0.127879,0.08,1,54486,54060,426
775861,4.03736,4.00102,426,377980,0.161576,0.09,1,54490,54064,426
778341,3.20747,4.0002,425,377980,0.192315,0.07,1,54493,54068,425
780421,8.64149,3.20004,432,377980,0.182463,0.06,1,54503,54071,432
783341,4.9283,11.04,423,377980,0.188493,0.02,1,54507,54084,423
786261,4.18566,5.408,423,377980,0.173699,0.01,1,54511,54088,423
789181,4.03713,4.2816,423,377980,0.15474,0.01,1,54515,54092,423
792101,4.00743,4.05632,423,377980,0.110948,0.01,1,54519,54096,423
795021,4.00149,4.01126,423,377980,0.0941896,0.01,1,54523,54100,423
796641,3.2003,4.00225,422,377980,0.0828379,0.01,1,54526,54104,422
799561,10.2401,9.60045,423,377980,0.0165676,0,1,54538,54115,423
801221,10.048,5.12009,429,377980,0.00331352,0,1,54548,54119,429
803301,25.2096,9.02402,448,377980,0.000662703,0,1,54577,54129,448
806221,8.24192,25.0048,423,377980,0.000132541,0,1,54581,54158,423
808501,11.2484,8.20096,431,377980,2.65081e-05,0,1,54593,54162,431
811421,4.64968,10.4402,423,377980,0.0080053,0.01,1,54596,54173,423
813701,25.7299,5.28804,450,377980,0.00160106,0,1,54627,54177,450
816621,8.34599,25.8576,423,377980,0.000320212,0,1,54631,54208,423
818901,7.2692,8.37152,426,377980,6.40424e-05,0.01,1,54638,54212,426
821821,4.65384,7.2743,423,377980,1.28085e-05,0,1,54642,54219,423
824101,16.1308,4.65486,438,377980,2.5617e-06,0,1,54661,54223,438
827021,6.42615,16.131,423,377980,5.12339e-07,0,1,54665,54242,423
829301,12.4852,6.42619,433,377980,1.02468e-07,0,1,54679,54246,433
832221,5.69705,11.6852,424,377980,2.04936e-08,0,1,54683,54259,424
835141,4.33941,5.53705,424,377980,0.008,0.03,1,54687,54263,424
837621,9.66788,4.30741,431,377980,0.0016,0.04,1,54698,54267,431
839701,12.3336,9.66148,433,377980,0.02432,0.02,1,54711,54278,433
842401,6.46672,13.1323,424,377980,0.012864,0.05,1,54716,54292,424
845321,18.8933,20.2265,424,377980,0.0025728,0.01,1,54738,54314,424
847601,7.77867,7.24529,425,377980,0.0325146,0.02,1,54743,54318,425
850521,6.35573,6.24906,425,377980,0.0305029,0.06,1,54749,54324,425
852181,6.07115,4.44981,427,377980,0.0141006,0.07,1,54755,54328,427
854261,10.0142,7.28996,430,377980,0.0268201,0.03,1,54766,54336,430
856341,13.2028,8.65799,435,377980,0.029364,0.03,1,54780,54345,435
859261,7.44057,12.9316,427,377980,0.0298728,0,1,54786,54359,427
861541,11.0881,5.78632,435,377980,0.0139746,0.12,1,54798,54363,435
863621,12.6176,11.5573,435,377980,0.0107949,0.07,1,54811,54376,435
866541,5.72352,12.7115,426,377980,0.042159,0.09,1,54815,54389,426
868821,6.7447,5.74229,429,377980,0.0644318,0.09,1,54822,54393,429
870901,10.9489,6.74846,434,377980,0.108886,0.06,1,54834,54400,434
873821,5.38979,12.5497,424,377980,0.109777,0.07,1,54838,54414,424
876101,10.678,5.70994,432,377980,0.0619555,0.04,1,54850,54418,432
879021,6.93559,9.94199,427,377980,0.0843911,0.01,1,54856,54429,427
881301,6.18712,5.1884,429,377980,0.0728782,0.1,1,54862,54433,429
883381,14.8374,7.43768,438,377980,0.0385756,0.08,1,54879,54441,438
885461,13.3675,12.6875,437,377980,0.0237151,0.14,1,54892,54455,437
887541,9.0735,12.1375,433,377980,0.020743,0.11,1,54900,54467,433
890461,5.8147,8.0275,431,377980,0.0201486,0.15,1,54905,54474,431
893381,5.16294,4.8055,432,377980,0.0280297,0.16,1,54910,54478,432
896301,5.03259,4.1611,433,377980,0.0536059,0.17,1,54915,54482,433
899221,4.20652,4.03222,433,377980,0.0987212,0.21,1,54919,54486,433
902101,3.2413,4.00644,432,377980,0.0997442,0.23,1,54922,54490,432
905021,3.84826,4.00129,432,377980,0.0999488,0.23,1,54926,54494,432
906881,2.36965,4.00026,430,377980,0.0919898,0.18,1,54928,54498,430
908961,3.67393,4.80005,429,377980,0.058398,0.17,1,54932,54503,429
911881,6.33479,8.16001,427,377980,0.0196796,0.16,1,54939,54512,427
914801,2.86696,4.832,425,377980,0.0119359,0.1,1,54941,54516,425
917721,2.17339,4.1664,423,377980,0.0103872,0.11,1,54943,54520,423
920641,3.63468,4.03328,423,377980,0.0100774,0.08,1,54947,54524,423
923561,3.92694,4.00666,423,377980,0.0100155,0.03,1,54951,54528,423
926481,3.98539,4.00133,423,377980,0.0100031,0.01,1,54955,54532,423
929141,4.79708,4.00027,424,377980,0.0100006,0.01,1,54960,54536,424
931221,12.9594,4.80005,434,377980,0.0100001,0,1,54975,54541,434
933301,27.3919,12.96,450,377980,0.00200002,0,1,55006,54556,450
936221,8.67838,27.392,423,377980,0.000400005,0,1,55010,54587,423
938501,16.1357,8.6784,437,377980,8.0001e-05,0,1,55028,54591,437
941421,6.42714,15.3357,424,377980,1.60002e-05,0.01,1,55032,54608,424
943701,22.0854,6.26714,446,377980,3.20004e-06,0,1,55058,54612,446
946621,7.61709,22.8534,423,377980,6.40008e-07,0,1,55062,54639,423
948901,6.32342,7.77069,425,377980,1.28002e-07,0.01,1,55068,54643,425
951821,4.46468,6.35414,423,377980,2.56003e-08,0,1,55072,54649,423
954101,20.8929,4.47083,444,377980,0.00800001,0,1,55097,54653,444
957021,7.37859,20.8942,423,377980,0.0016,0,1,55101,54678,423
959921,4.67572,7.37883,423,377980,0.00032,0,1,55105,54682,423
962841,11.3351,11.0758,424,377980,6.4e-05,0,1,55118,54694,424
965761,5.46703,5.41515,424,377980,0.0080128,0,1,55122,54698,424
968241,4.29341,4.28303,424,377980,0.00960256,0.06,1,55126,54702,424
970321,8.85868,8.85661,424,377980,0.00992051,0.04,1,55136,54712,424
973241,14.5717,14.5713,424,377980,0.0659841,0.01,1,55152,54728,424
974901,13.3143,6.11426,433,377980,0.0211968,0.05,1,55165,54732,433
977821,5.86287,12.4229,423,377980,0.0282394,0.04,1,55169,54746,423
980101,10.7726,5.68457,431,377980,0.0136479,0.02,1,55181,54750,431
982801,6.15451,9.93691,425,377980,0.0107296,0.05,1,55186,54761,425
984881,6.8309,8.38738,424,377980,0.0181459,0.03,1,55193,54769,424
987801,18.1662,19.2775,423,377980,0.0356292,0,1,55214,54791,423
990081,6.83324,7.0555,423,377980,0.0551258,0.02,1,55218,54795,423
992161,10.9666,8.6111,426,377980,0.0190252,0.05,1,55230,54804,426
994241,11.7933,10.5222,427,377980,0.011805,0.07,1,55242,54815,427
997161,10.3587,7.70444,430,377980,0.00236101,0.11,1,55252,54822,430
998821,6.07173,4.74089,431,377980,0.0164722,0.16,1,55257,54826,431
1000901,6.81435,7.34818,430,377980,0.0192944,0.09,1,55264,54834,430
1003821,6.16287,8.66964,427,377980,0.0358589,0.07,1,55270,54843,427
1006101,14.0326,4.93393,439,377980,0.0311718,0.06,1,55286,54847,439
1009021,6.00651,14.5868,426,377980,0.0142344,0.07,1,55290,54864,426
1011301,6.8013,6.11736,429,377980,0.0668469,0.08,1,55297,54868,429
1013381,11.7603,7.62347,434,377980,0.0693694,0.04,1,55310,54876,434
1015461,12.7521,12.7247,433,377980,0.0778739,0.05,1,55323,54890,433
1017541,8.95041,12.1449,429,377980,0.0715748,0.05,1,55331,54902,429
1020461,6.59008,7.22899,429,377980,0.022315,0.08,1,55337,54908,429
1022741,7.71802,4.6458,433,377980,0.044463,0.12,1,55345,54912,433
1025661,3.1436,10.5292,423,377980,0.0568926,0.11,1,55347,54924,423
1028581,3.82872,5.30583,423,377980,0.0113785,0.07,1,55351,54928,423
1031501,3.96574,4.26117,423,377980,0.0102757,0.03,1,55355,54932,423
1034421,3.99315,4.05223,423,377980,0.0100551,0.03,1,55359,54936,423
1037341,3.99863,4.01045,423,377980,0.010011,0.03,1,55363,54940,423
1040261,3.99973,4.00209,423,377980,0.0260022,0.03,1,55367,54944,423
1043181,3.99995,4.00042,423,377980,0.0212004,0.03,1,55371,54948,423
1046101,3.99999,4.00008,423,377980,0.0122401,0.03,1,55375,54952,423
1049021,4,4.00002,423,377980,0.010448,0.03,1,55379,54956,423
1051941,4,4,423,377980,0.0100896,0.03,1,55383,54960,423
1054861,4,4,423,377980,0.00201792,0.01,1,55387,54964,423
1057781,4,4,423,377980,0.00840358,0.01,1,55391,54968,423
1059761,3.2,4,422,377980,0.00968072,0,1,55394,54972,422
1061841,7.04,6.4,423,377980,0.00993614,0,1,55402,54979,423
1063921,26.208,26.08,423,377980,0.00198723,0,1,55433,55010,423
1066841,14.8416,14.816,423,377980,0.000397446,0,1,55445,55022,423
1068501,8.56832,6.1632,426,377980,7.94891e-05,0.01,1,55452,55026,426
1070581,11.3137,6.83264,431,377980,1.58978e-05,0.01,1,55464,55033,431
1072241,4.66273,10.9665,422,377980,0.00800318,0,1,55467,55045,422
1075161,24.9325,25.3933,423,377980,0.00160064,0,1,55497,55074,423
1078081,8.18651,8.27866,423,377980,0.000320127,0,1,55501,55078,423
1081001,4.8373,4.85573,423,377980,6.40254e-05,0.01,1,55505,55082,423
1082641,3.36746,4.17115,422,377980,1.28051e-05,0,1,55508,55086,422
1085561,21.4735,20.8342,423,377980,0.00800256,0,1,55534,55111,423
1088481,7.4947,7.36685,423,377980,0.00160051,0,1,55538,55115,423
1090961,4.69894,4.67337,423,377980,0.000320102,0.01,1,55542,55119,423
1093881,8.13979,7.33467,424,377980,6.40205e-05,0,1,55551,55127,424
1096801,4.02796,4.66693,423,377980,1.28041e-05,0.01,1,55554,55131,423
1099721,5.60559,4.13339,425,377980,0.00800256,0.05,1,55560,55135,425
1101361,5.12112,4.02668,426,377980,0.00160051,0.06,1,55565,55139,426
1103441,13.8242,15.2053,424,377980,0.0483201,0.03,1,55581,55157,424
1106361,16.3648,17.4411,423,377980,0.025664,0.03,1,55598,55175,423
1109281,7.27297,6.68821,424,377980,0.0291328,0.01,1,55603,55179,424
1112181,11.0546,4.53764,432,377980,0.0298266,0.05,1,55615,55183,432
1113841,4.61092,10.5075,423,377980,0.0139653,0,1,55618,55195,423
1115921,6.52218,6.90151,424,377980,0.0267931,0.04,1,55625,55201,424
1118841,18.9044,19.7803,423,377980,0.0533586,0.01,1,55647,55224,423
1121121,7.78089,7.15606,424,377980,0.0506717,0.01,1,55652,55228,424
1123201,5.55618,5.43121,424,377980,0.0341343,0,1,55657,55233,424
1125281,15.5112,15.4862,424,377980,0.0388269,0.03,1,55675,55251,424
1128201,9.50225,8.69725,425,377980,0.0317654,0.04,1,55683,55258,425
1130901,9.10045,4.93945,430,377980,0.0303531,0.06,1,55692,55262,430
1132981,11.4201,8.98789,432,377980,0.0140706,0.04,1,55704,55272,432
1134641,5.48402,10.5976,425,377980,0.0108141,0.09,1,55708,55283,425
1137561,10.6968,10.9195,426,377980,0.00216282,0.08,1,55720,55294,426
1140481,5.33936,5.3839,426,377980,0.00843256,0.07,1,55724,55298,426
1143381,10.6679,4.27678,434,377980,0.0416865,0.1,1,55736,55302,434
1145461,16.5336,9.65536,441,377980,0.0883373,0.03,1,55754,55313,441
1148161,8.10671,18.7311,426,377980,0.0896675,0.08,1,55760,55334,426
1151081,8.02134,11.7462,424,377980,0.0819335,0.04,1,55768,55344,424
1152741,8.80427,5.54924,429,377980,0.0803867,0.03,1,55777,55348,429
1155661,4.96085,8.30985,424,377980,0.0560773,0.03,1,55781,55357,424
1158581,3.39217,4.86197,423,377980,0.0512155,0.04,1,55784,55361,423
1161501,3.87843,4.17239,423,377980,0.0582431,0.05,1,55788,55365,423
1164421,3.97569,4.03448,423,377980,0.0116486,0.03,1,55792,55369,423
1167341,3.99514,4.0069,423,377980,0.0103297,0.03,1,55796,55373,423
1170261,3.99903,4.00138,423,377980,0.0260659,0.03,1,55800,55377,423
1173181,3.99981,4.00028,423,377980,0.0772132,0.02,1,55804,55381,423
1176101,3.99996,4.00006,423,377980,0.0714426,0.03,1,55808,55385,423
1179021,3.99999,4.00001,423,377980,0.0382885,0.03,1,55812,55389,423
1181941,4,4,423,377980,0.0156577,0.03,1,55816,55393,423
1184861,4,4,423,377980,0.0111315,0.03,1,55820,55397,423
1187781,4,4,423,377980,0.0102263,0.01,1,55824,55401,423
1190701,4,4,423,377980,0.0100453,0.01,1,55828,55405,423
1192881,4,4,423,377980,0.0100091,0,1,55832,55409,423
1194961,28.8,28.8,423,377980,0.00200181,0,1,55867,55444,423
1197881,15.36,15.36,423,377980,0.000400362,0,1,55879,55456,423
1200581,15.872,6.272,435,377980,0.00808007,0,1,55895,55460,435
1203281,6.3744,13.2544,424,377980,0.00161601,0,1,55899,55475,424
1206201,23.6749,25.8509,423,377980,0.000323203,0,1,55927,55504,423
1208481,7.93498,8.37018,423,377980,6.46406e-05,0.01,1,55931,55508,423
1211401,10.387,10.474,423,377980,1.29281e-05,0,1,55942,55519,423
1213681,5.2774,5.29481,423,377980,0.00800259,0,1,55946,55523,423
1216601,18.6555,18.659,423,377980,0.00160052,0,1,55968,55545,423
1219521,6.9311,6.93179,423,377980,0.000320103,0,1,55972,55549,423
1222441,4.58622,4.58636,423,377980,6.40207e-05,0.01,1,55976,55553,423
1225361,4.11724,4.11727,423,377980,1.28041e-05,0.01,1,55980,55557,423
1228281,4.02345,4.02345,423,377980,2.56083e-06,0.01,1,55984,55561,423
1230321,4.80469,4.00469,424,377980,5.12165e-07,0.01,1,55989,55565,424
1232401,8.16094,8.80094,423,377980,1.02433e-07,0.03,1,55998,55575,423
1234481,11.2322,10.5602,424,377980,0.04,0.05,1,56010,55586,424
1237401,23.0464,22.912,424,377980,0.056,0.05,1,56036,55612,424
1239681,9.40929,7.78241,426,377980,0.0192,0.03,1,56042,55616,426
1242601,5.08186,6.35648,424,377980,0.01184,0.08,1,56046,55622,424
1245521,5.81637,4.4713,426,377980,0.010368,0.04,1,56052,55626,426
1248421,21.1633,4.09426,447,377980,0.0100736,0.03,1,56077,55630,447
1251341,9.83265,22.4189,427,377980,0.0180147,0.01,1,56084,55657,427
1253621,5.96653,7.68377,428,377980,0.0196029,0.09,1,56089,55661,428
1255701,13.1933,6.33675,437,377980,0.0519206,0,1,56104,55667,437
1257781,14.6387,14.8674,435,377980,0.0103841,0.04,1,56119,55684,435
1260701,6.12773,15.7735,423,377980,0.0100768,0.01,1,56123,55700,423
1262981,8.42555,6.35469,428,377980,0.0180154,0.03,1,56132,55704,428
1265681,4.88511,8.47094,423,377980,0.00360307,0.02,1,56136,55713,423
1267761,8.97702,8.09419,425,377980,0.0327206,0.05,1,56146,55721,425
1270681,9.7954,8.01884,427,377980,0.00654412,0.06,1,56156,55729,427
1272341,9.95908,4.80377,433,377980,0.0653088,0.11,1,56166,55733,433
1274001,4.39182,8.16075,427,377980,0.0770618,0.1,1,56169,55742,427
1276921,17.6784,19.2322,426,377980,0.0634124,0.1,1,56190,55764,426
1279201,6.73567,7.04643,426,377980,0.0686825,0.08,1,56194,55768,426
1281281,3.74713,3.80929,426,377980,0.0937365,0.06,1,56197,55771,426
1284201,7.94943,10.3619,423,377980,0.0747473,0.07,1,56206,55783,423
1287121,5.58989,5.27237,424,377980,0.0869495,0.02,1,56211,55787,424
1290041,5.91798,4.25447,426,377980,0.12139,0.03,1,56217,55791,426
1291681,3.5836,4.05089,425,377980,0.152278,0.1,1,56220,55795,425
1294601,5.51672,7.21018,423,377980,0.134456,0.11,1,56226,55803,423
1297521,4.30334,4.64204,423,377980,0.122891,0.05,1,56230,55807,423
1300441,4.06067,4.12841,423,377980,0.112578,0.05,1,56234,55811,423
1303361,4.01213,4.02568,423,377980,0.0945157,0.01,1,56238,55815,423
1306281,4.00243,4.00514,423,377980,0.0909031,0.03,1,56242,55819,423
1309201,4.00049,4.00103,423,377980,0.0821806,0.03,1,56246,55823,423
1312121,4.0001,4.00021,423,377980,0.0644361,0.03,1,56250,55827,423
1315041,4.00002,4.00004,423,377980,0.0688872,0.01,1,56254,55831,423
1317961,4,4.00001,423,377980,0.0617774,0.01,1,56258,55835,423
1320881,4,4,423,377980,0.0523555,0.01,1,56262,55839,423
1323801,4,4,423,377980,0.0504711,0.01,1,56266,55843,423
1325381,30.4,4,456,377980,0.0100942,0,1,56303,55847,456
1328081,9.28,30.4,423,377980,0.00201884,0.01,1,56307,55884,423
1331001,17.056,21.28,423,377980,0.00840377,0.01,1,56326,55903,423
1333921,6.6112,7.456,423,377980,0.0256808,0,1,56330,55907,423
1335781,20.5222,4.6912,443,377980,0.00513615,0,1,56354,55911,443
1338701,7.30445,20.1382,423,377980,0.00102723,0,1,56358,55935,423
1340981,11.0609,7.22765,431,377980,0.000205446,0,1,56370,55939,431
1343901,5.41218,11.0455,423,377980,4.10892e-05,0,1,56374,55951,423
1346181,22.6824,5.40911,446,377980,8.21784e-06,0,1,56401,55955,446
1349101,7.73649,22.6818,423,377980,1.64357e-06,0,1,56405,55982,423
1352021,4.7473,7.73636,423,377980,3.28713e-07,0.01,1,56409,55986,423
1354941,4.94946,4.74727,424,377980,6.57427e-08,0.01,1,56414,55990,424
1357861,4.98989,4.14945,425,377980,1.31485e-08,0.01,1,56419,55994,425
1360781,5.79798,4.02989,427,377980,2.62971e-09,0.03,1,56425,55998,427
1362821,8.3596,4.00598,432,377980,5.25942e-10,0.1,1,56434,56002,432
1364901,4.87192,7.2012,428,377980,0.024,0.09,1,56438,56010,428
1366981,24.1744,5.44024,452,377980,0.0128,0.02,1,56467,56015,452
1369901,7.23488,26.688,423,377980,0.01856,0.01,1,56470,56047,423
1372181,8.64698,8.53761,428,377980,0.019712,0.05,1,56479,56051,428
1375101,4.9294,8.90752,423,377980,0.0119424,0.04,1,56483,56060,423
1377381,16.1859,4.9815,438,377980,0.0263885,0.03,1,56502,56064,438
1379041,5.63718,16.1963,422,377980,0.0212777,0.03,1,56505,56083,422
1381961,6.72743,6.43926,425,377980,0.0522555,0.03,1,56512,56087,425
1383621,7.74549,4.48785,429,377980,0.0184511,0.05,1,56520,56091,429
1385701,7.9491,6.49757,430,377980,0.0356902,0.08,1,56528,56098,430
1387781,21.5898,8.49951,446,377980,0.015138,0.03,1,56553,56107,446
1390701,9.11796,23.2999,425,377980,0.00302761,0,1,56559,56134,425
1392981,6.62359,7.85998,427,377980,0.0166055,0.07,1,56565,56138,427
1395901,5.32472,7.972,424,377980,0.0193211,0.04,1,56570,56146,424
1398181,6.66494,4.7944,427,377980,0.00386422,0.02,1,56577,56150,427
1400261,10.933,4.95888,434,377980,0.000772844,0.1,1,56589,56155,434
1402341,9.3866,8.99178,433,377980,0.0241546,0.06,1,56598,56165,433
1405041,5.87732,11.3984,426,377980,0.0368309,0.07,1,56603,56177,426
1407121,14.7755,15.8797,426,377980,0.0473662,0.09,1,56620,56194,426
1410041,10.1551,8.77593,428,377980,0.0174732,0.09,1,56629,56201,428
1412961,6.83102,4.95519,430,377980,0.0274946,0.1,1,56635,56205,430
1415861,6.1662,4.19104,432,377980,0.0534989,0.12,1,56641,56209,432
1417521,2.83324,4.03821,430,377980,0.0586998,0.19,1,56643,56213,430
1420441,6.16665,7.20764,429,377980,0.07574,0.16,1,56650,56221,429
1422721,2.83333,4.64153,427,377980,0.095148,0.11,1,56652,56225,427
1425641,7.76667,8.12831,427,377980,0.0270296,0.11,1,56661,56234,427
1428561,3.95333,4.82566,426,377980,0.0294059,0.11,1,56664,56238,426
1431481,3.99067,4.16513,426,377980,0.0618812,0.12,1,56668,56242,426
1434401,3.99813,4.03303,426,377980,0.0443762,0.08,1,56672,56246,426
1437321,3.99963,4.00661,426,377980,0.0568752,0.09,1,56676,56250,426
1439361,2.39993,4.00132,424,377980,0.0593751,0.06,1,56678,56254,424
1442281,5.27999,6.40026,423,377980,0.051875,0.06,1,56684,56261,423
1445201,4.256,4.48005,423,377980,0.050375,0,1,56688,56265,423
1448121,4.0512,4.09601,423,377980,0.050075,0.01,1,56692,56269,423
1451041,4.01024,4.0192,423,377980,0.050015,0.01,1,56696,56273,423
1453921,4.00205,4.00384,423,377980,0.050003,0,1,56700,56277,423
1456841,32.0004,31.2008,424,377980,0.0100006,0,1,56739,56315,424
1459121,8.80008,9.44015,423,377980,0.00200012,0.01,1,56742,56319,423
1462041,16.96,17.088,423,377980,0.0244,0,1,56761,56338,423
1464321,6.592,6.61761,423,377980,0.02888,0,1,56765,56342,423
1467241,17.3184,17.3235,423,377980,0.013776,0,1,56785,56362,423
1469521,6.66368,6.6647,423,377980,0.0027552,0,1,56789,56366,423
1471601,6.93274,6.93294,423,377980,0.00055104,0.01,1,56796,56373,423
1474521,9.38655,9.38659,423,377980,0.000110208,0,1,56806,56383,423
1476181,24.2773,5.07732,447,377980,2.20416e-05,0,1,56834,56387,447
1479101,8.05546,23.4155,423,377980,4.40832e-06,0,1,56838,56415,423
1482021,4.81109,7.88309,423,377980,8.81664e-07,0.01,1,56842,56419,423
1484501,4.96222,4.77662,424,377980,1.76333e-07,0.01,1,56847,56423,424
1487421,4.99244,4.15532,425,377980,0.00800003,0.01,1,56852,56427,425
1489701,8.19849,4.03106,430,377980,0.00160001,0.08,1,56861,56431,430
1492621,6.4397,7.20621,428,377980,0.00832,0.05,1,56867,56439,428
1494901,6.08794,4.64124,430,377980,0.017664,0.11,1,56873,56443,430
1496981,23.6176,5.72825,452,377980,0.0115328,0.05,1,56901,56449,452
1499901,7.92352,26.7457,424,377980,0.0183066,0.01,1,56905,56481,424
1502181,7.9847,8.54913,428,377980,0.00366131,0.06,1,56913,56485,428
1505101,5.59694,8.10983,425,377980,0.0167323,0.06,1,56918,56493,425
1507381,9.11939,4.82197,431,377980,0.0113465,0.09,1,56928,56497,431
1509461,8.22388,8.96439,429,377980,0.0102693,0.05,1,56936,56507,429
1512161,6.44478,8.99288,426,377980,0.00205386,0.08,1,56942,56516,426
1514241,7.68896,9.79858,424,377980,0.0644108,0.07,1,56950,56526,424
1516321,5.53779,4.35972,426,377980,0.0688822,0,1,56955,56529,426
1518401,22.7076,24.8719,423,377980,0.0217764,0.05,1,56982,56559,423
1521321,6.94151,7.37439,423,377980,0.0123553,0.01,1,56985,56562,423
1522981,11.7883,4.67488,432,377980,0.0104711,0.03,1,56998,56566,432
1525901,6.35766,11.335,424,377980,0.0420942,0.02,1,57003,56579,424
1528181,8.47153,5.467,429,377980,0.00841884,0.03,1,57012,56583,429
1530261,11.2943,7.4934,433,377980,0.0256838,0.09,1,57024,56591,433
1532961,7.05886,12.6987,425,377980,0.0131368,0.06,1,57030,56605,425
1535881,11.0118,12.9397,424,377980,0.0186274,0.04,1,57042,56618,424
1537541,8.60235,5.78795,428,377980,0.0437255,0.02,1,57050,56622,428
1539621,8.12047,6.75759,429,377980,0.0567451,0.07,1,57058,56629,429
1541701,10.4241,7.75152,432,377980,0.075349,0.09,1,57069,56637,432
1544621,4.48482,11.1503,423,377980,0.11107,0.09,1,57072,56649,423
1547541,5.69696,5.43006,425,377980,0.102214,0.03,1,57078,56653,425
1550461,5.13939,4.28601,426,377980,0.0924428,0.03,1,57083,56657,426
1553381,3.42788,4.0572,425,377980,0.0904886,0.08,1,57086,56661,425
1555841,4.68558,4.01144,426,377980,0.0820977,0.06,1,57091,56665,426
1558761,4.13712,4.80229,425,377980,0.0884195,0.06,1,57095,56670,425
1561681,4.02742,4.16046,425,377980,0.0816839,0.06,1,57099,56674,425
1564601,4.00548,4.03209,425,377980,0.0803368,0.07,1,57103,56678,425
1566661,4.8011,4.00642,426,377980,0.0800674,0.07,1,57108,56682,426
1569581,4.16022,4.80128,425,377980,0.104013,0.07,1,57112,56687,425
1572481,2.43204,4.16026,423,377980,0.100803,0.06,1,57114,56691,423
1575401,3.68641,4.03205,423,377980,0.108161,0.06,1,57118,56695,423
1578321,3.93728,4.00641,423,377980,0.117632,0.02,1,57122,56699,423
1580181,3.98746,4.00128,423,377980,0.135526,0.01,1,57126,56703,423
1583101,3.99749,4.00026,423,377980,0.115105,0.01,1,57130,56707,423
1584961,3.1995,4.00005,422,377980,0.0710211,0,1,57133,56711,422
1587881,33.4399,32,424,377980,0.0142042,0,1,57174,56750,424
1590161,9.88798,9.6,424,377980,0.00284084,0.01,1,57178,56754,424
1593081,15.5776,16.32,423,377980,0.00856817,0,1,57195,56772,423
1595361,6.31552,6.464,423,377980,0.00971363,0,1,57199,56776,423
1598281,12.4631,12.4928,423,377980,0.00194273,0,1,57213,56790,423
1600561,5.69262,5.69856,423,377980,0.000388545,0.01,1,57217,56794,423
1602641,8.33852,8.33971,423,377980,7.77091e-05,0,1,57226,56803,423
1604721,13.6677,13.6679,423,377980,0.00801554,0,1,57241,56818,423
1607641,21.1335,21.1336,423,377980,0.00160311,0,1,57264,56841,423
1609921,7.42671,7.42672,423,377980,0.000320622,0,1,57268,56845,423
1612841,11.0853,11.0853,423,377980,6.41243e-05,0,1,57280,56857,423
1615761,6.21707,5.41707,424,377980,1.28249e-05,0.01,1,57285,56861,424
1618241,4.44341,4.28341,424,377980,2.56497e-06,0.02,1,57289,56865,424
1621161,4.88868,4.85668,424,377980,5.12994e-07,0.03,1,57294,56870,424
1624081,4.17774,4.17134,424,377980,1.02599e-07,0.07,1,57298,56874,424
1626981,31.2355,4.03427,458,377980,0.016,0.05,1,57336,56878,458
1629901,9.44711,32.0069,423,377980,0.0192,0.02,1,57340,56917,423
1632801,5.08942,9.60137,423,377980,0.00384,0.01,1,57344,56921,423
1635721,4.21788,5.12027,423,377980,0.008768,0.03,1,57348,56925,423
1637381,5.64358,4.22405,425,377980,0.0017536,0.03,1,57354,56929,425
1639461,5.92872,5.64481,425,377980,0.0163507,0.03,1,57360,56935,425
1641541,9.18574,3.52896,432,377980,0.0112701,0.09,1,57370,56938,432
1643201,5.03715,9.50579,425,377980,0.010254,0.06,1,57374,56949,425
1646121,5.80743,7.50116,424,377980,0.0260508,0.1,1,57380,56956,424
1648821,25.9615,4.70023,451,377980,0.0292102,0.01,1,57411,56960,451
1651521,9.1923,25.74,425,377980,0.029842,0.07,1,57416,56991,425
1653601,9.03846,13.948,423,377980,0.0139684,0,1,57425,57002,423
1656521,6.60769,7.5896,423,377980,0.00279368,0.01,1,57431,57008,423
1658181,10.9215,4.71792,431,377980,0.0325587,0.03,1,57443,57012,431
1660261,12.5843,10.5436,432,377980,0.00651175,0.01,1,57456,57024,432
1663181,7.31686,11.7087,426,377980,0.00930235,0.03,1,57462,57036,426
1665461,11.0634,5.54174,434,377980,0.0178605,0.08,1,57474,57040,434
1668161,6.21267,11.5083,426,377980,0.0115721,0.07,1,57479,57053,426
1670241,8.44254,7.10167,429,377980,0.0343144,0.11,1,57488,57059,429
1673161,15.2885,15.8203,428,377980,0.0468629,0.1,1,57505,57077,428
1675441,6.2577,6.36407,428,377980,0.0653726,0.12,1,57509,57081,428
1678361,6.05154,7.67281,426,377980,0.0370745,0.13,1,57515,57089,426
1681281,5.21031,4.73456,427,377980,0.0474149,0.1,1,57520,57093,427
1684201,5.04206,4.14691,428,377980,0.057483,0.1,1,57525,57097,428
1687121,4.20841,4.02938,428,377980,0.0354966,0.09,1,57529,57101,428
1690041,4.04168,4.00588,428,377980,0.0470993,0.11,1,57533,57105,428
1692961,4.80834,4.00118,429,377980,0.0894199,0.12,1,57538,57109,429
1695881,4.16167,4.00024,429,377980,0.057884,0.13,1,57542,57113,429
1698801,2.43233,4.00005,427,377980,0.0675768,0.14,1,57544,57117,427
1701721,2.08647,4.00001,425,377980,0.0535154,0.15,1,57546,57121,425
1703521,2.01729,4,423,377980,0.0507031,0.11,1,57548,57125,423
1706441,4.40346,4.8,423,377980,0.0181406,0.05,1,57553,57130,423
1709361,4.08069,4.16,423,377980,0.0276281,0.05,1,57557,57134,423
1712261,7.21614,4.032,427,377980,0.0295256,0.01,1,57565,57138,427
1715181,4.64323,7.2064,423,377980,0.0139051,0,1,57569,57146,423
1717461,30.5286,4.64128,456,377980,0.00278102,0,1,57606,57150,456
1720381,9.30573,30.5283,423,377980,0.000556205,0.01,1,57610,57187,423
1722661,7.46115,9.30565,426,377980,0.000111241,0.03,1,57617,57191,426
1724741,3.89223,7.46113,422,377980,2.22482e-05,0.02,1,57620,57198,422
1726401,3.17845,3.89223,422,377980,4.44964e-06,0,1,57623,57201,422
1729321,23.0357,22.3784,423,377980,8.89928e-07,0,1,57651,57228,423
1732241,7.80714,7.67569,423,377980,1.77986e-07,0,1,57655,57232,423
1735141,9.56143,4.73514,429,377980,3.55971e-08,0,1,57665,57236,429
1737221,19.5123,8.94703,441,377980,7.11942e-09,0,1,57687,57246,441
1739301,11.1025,19.3894,428,377980,1.42388e-09,0.01,1,57696,57268,428
1740961,4.62049,11.0779,422,377980,2.84777e-10,0,1,57699,57277,422
1743041,8.1241,8.61558,423,377980,5.69554e-11,0,1,57708,57285,423
1745961,8.02482,8.12312,423,377980,1.13911e-11,0.02,1,57716,57293,423
1748881,6.40496,4.82462,425,377980,2.27821e-12,0.01,1,57722,57297,425
1750741,7.68099,4.16492,429,377980,0.016,0.06,1,57730,57301,429
1753661,4.7362,7.23298,425,377980,0.0112,0.01,1,57734,57309,425
1755941,25.7472,4.6466,452,377980,0.01824,0.01,1,57765,57313,452
1758861,9.14945,27.3293,424,377980,0.003648,0.01,1,57770,57346,424
1761781,5.02989,8.66586,424,377980,0.0087296,0.01,1,57774,57350,424
1764701,4.20598,4.93317,424,377980,0.00974592,0.06,1,57778,57354,424
1767381,4.0412,4.18663,424,377980,0.00994918,0.03,1,57782,57358,424
1770081,4.00824,4.83733,423,377980,0.00198984,0.01,1,57786,57363,423
1773001,9.60165,9.76747,423,377980,0.024398,0.03,1,57797,57374,423
1775701,11.5203,5.15349,431,377980,0.0448796,0.02,1,57809,57378,431
1777781,24.7041,9.8307,448,377980,0.0169759,0.01,1,57837,57389,448
1779441,7.34081,25.1661,422,377980,0.00339518,0.03,1,57840,57418,422
1782361,10.2682,12.2332,424,377980,0.024679,0.03,1,57851,57427,424
1784641,6.05363,5.64665,425,377980,0.0129358,0.06,1,57856,57431,425
1786721,7.61073,9.12933,423,377980,0.0185872,0,1,57864,57441,423
1788801,13.5221,12.2259,425,377980,0.0117174,0.01,1,57879,57454,425
1790881,7.50443,8.04517,424,377980,0.0183435,0.06,1,57885,57461,424
1793801,8.70089,8.00903,425,377980,0.0036687,0.03,1,57894,57469,425
1795461,5.74018,4.80181,426,377980,0.000733739,0.05,1,57899,57473,426
1797541,9.94804,5.76036,431,377980,0.0161467,0.07,1,57910,57479,431
1799201,5.18961,9.95207,424,377980,0.0272294,0.03,1,57914,57490,424
1801281,9.03792,8.39041,426,377980,0.0134459,0.07,1,57924,57498,426
1803361,9.80758,10.4781,425,377980,0.0746892,0.05,1,57934,57509,425
1806281,8.36152,8.49562,425,377980,0.0869378,0.08,1,57942,57517,425
1809201,6.4723,4.89912,427,377980,0.0813876,0.08,1,57948,57521,427
1811681,4.49446,4.17982,427,377980,0.0642775,0.08,1,57952,57525,427
1814601,6.49889,6.43596,427,377980,0.0368555,0.1,1,57959,57532,427
1817521,2.89978,4.48719,425,377980,0.0313711,0.09,1,57961,57536,425
1820441,2.17996,4.09744,423,377980,0.0302742,0.09,1,57963,57540,423
1823361,4.43599,4.01949,424,377980,0.0300548,0.07,1,57968,57544,424
1826281,4.0872,4.0039,424,377980,0.022011,0.03,1,57972,57548,424
1829201,4.01744,4.00078,424,377980,0.0604022,0.06,1,57976,57552,424
1830821,2.40349,4.00016,422,377980,0.0600804,0.03,1,57978,57556,422
1833741,3.6807,3.20003,423,377980,0.0680161,0.03,1,57982,57559,423
1836661,3.93614,3.84001,423,377980,0.0216032,0.03,1,57986,57563,423
1839581,3.98723,3.968,423,377980,0.00432064,0.03,1,57990,57567,423
1841221,7.19745,3.9936,427,377980,0.0168641,0.01,1,57998,57571,427
1844141,4.63949,7.19872,423,377980,0.0193728,0,1,58002,57579,423
1846001,3.3279,4.63974,422,377980,0.0278746,0,1,58005,57583,422
1848921,29.4656,28.1279,424,377980,0.00557491,0,1,58041,57617,424
1851201,8.29312,8.82559,423,377980,0.00111498,0,1,58044,57621,423
1854121,4.85862,4.16512,424,377980,0.000222996,0.03,1,58048,57624,424
1857041,3.37172,4.03302,423,377980,4.45993e-05,0.03,1,58051,57628,423
1858901,25.4743,4.0066,450,380900,8.91986e-06,0,1,58082,57632,450
1861821,8.29487,25.6013,423,380900,1.78397e-06,0,1,58086,57663,423
1864101,8.05897,8.32026,427,380900,3.56794e-07,0.01,1,58094,57667,427
1865761,4.01179,8.06405,422,380900,7.13589e-08,0,1,58097,57675,422
1868681,20.0024,20.0128,423,380900,1.42718e-08,0,1,58121,57698,423
1871381,10.4005,7.20256,427,380900,2.85435e-09,0.01,1,58129,57702,427
1873461,7.68009,7.84051,426,380900,5.70871e-10,0,1,58136,57710,426
1876161,4.73602,7.1681,423,380900,1.14174e-10,0.01,1,58140,57717,423
1879081,13.7472,13.4336,424,380900,2.28348e-11,0.01,1,58156,57732,424
1881361,6.74944,5.88672,425,380900,4.56697e-12,0.01,1,58161,57736,425
1884281,5.34989,5.17734,425,380900,9.13393e-13,0.05,1,58166,57741,425
1885941,29.87,4.23547,457,380900,0.008,0.03,1,58202,57745,457
1888861,9.174,30.4471,424,380900,0.0176,0.01,1,58206,57782,424
1891781,5.0348,9.28942,424,380900,0.01152,0.03,1,58210,57786,424
1894701,3.40696,5.05788,423,380900,0.010304,0.06,1,58213,57790,423
1897621,4.68139,4.21158,424,380900,0.0100608,0.06,1,58218,57794,424
1900541,5.73628,4.04232,426,380900,0.0100122,0.03,1,58224,57798,426
1903201,4.34726,4.00846,426,380900,0.0260024,0.05,1,58228,57802,426
1906121,9.66945,12.0017,423,380900,0.0532005,0.02,1,58239,57816,423
1907781,23.5339,5.60034,446,380900,0.0666401,0.03,1,58266,57820,446
1910481,7.90678,22.7201,423,380900,0.053328,0.03,1,58270,57847,423
1912561,9.58136,10.144,426,380900,0.0506656,0.01,1,58280,57854,426
1915481,6.71627,7.6288,425,380900,0.0981331,0.05,1,58286,57861,425
1917761,2.94325,4.72576,423,380900,0.123627,0.02,1,58288,57865,423
1919841,15.7887,16.1452,423,380900,0.0807253,0.02,1,58307,57884,423
1921921,9.55773,8.02903,425,380900,0.0161451,0.02,1,58315,57890,425
1924001,6.71155,7.20581,424,380900,0.011229,0.05,1,58321,57897,424
1926081,5.34231,5.44116,424,380900,0.0342458,0.05,1,58326,57902,424
1929001,17.8685,16.2882,426,380900,0.0308492,0.01,1,58347,57921,426
1931701,8.37369,6.45765,428,380900,0.00616983,0.08,1,58353,57925,428
1933781,8.87474,6.09153,431,380900,0.00123397,0.09,1,58362,57931,431
1935861,13.7749,7.61831,438,380900,0.0402468,0.02,1,58377,57939,438
1938781,5.95499,15.1237,425,380900,0.0240494,0.06,1,58381,57956,425
1941701,3.591,6.22473,424,380900,0.0608099,0.07,1,58384,57960,424
1944621,5.5182,4.44495,426,380900,0.020162,0.07,1,58390,57964,426
1947541,5.10364,4.08899,427,380900,0.00403239,0.04,1,58395,57968,427
1949381,2.62073,4.0178,425,380900,0.000806479,0.08,1,58397,57972,425
1952301,3.72415,5.60356,423,380900,0.0241613,0.08,1,58401,57978,423
1955221,4.74483,4.32071,424,380900,0.0608323,0.03,1,58406,57982,424
1957281,3.34897,4.06414,423,380900,0.0921665,0,1,58409,57986,423
1960201,4.66979,4.01283,424,380900,0.0904333,0.03,1,58414,57990,424
1963121,4.13396,4.00257,424,380900,0.0660867,0.05,1,58418,57994,424
1966041,4.02679,4.00051,424,380900,0.0372173,0.06,1,58422,57998,424
1967681,2.40536,4.0001,422,380900,0.0154435,0.03,1,58424,58002,422
1970601,3.68107,3.20002,423,380900,0.0110887,0.03,1,58428,58005,423
1973521,3.93621,3.84,423,380900,0.0102177,0.02,1,58432,58009,423
1976441,3.98724,3.968,423,380900,0.0100435,0.01,1,58436,58013,423
1978501,23.1974,3.9936,447,380900,0.00200871,0,1,58464,58017,447
1980581,12.6395,23.1987,429,380900,0.000401742,0,1,58474,58045,429
1983501,5.7279,12.6397,423,380900,8.03484e-05,0,1,58478,58055,423
1986421,4.34558,5.72795,423,380900,1.60697e-05,0.03,1,58482,58059,423
1988901,23.2691,4.34559,447,380900,3.21393e-06,0,1,58510,58063,447
1991821,7.85382,23.2691,423,380900,6.42787e-07,0,1,58514,58091,423
1994101,11.9708,7.85382,432,380900,1.28557e-07,0,1,58527,58095,432
1996801,5.59415,11.9708,423,380900,2.57115e-08,0,1,58531,58108,423
1998881,16.3188,17.5942,423,380900,0.00800001,0,1,58550,58127,423
2001801,8.86377,9.11883,423,380900,0.0016,0.01,1,58557,58134,423
2003461,4.97275,5.02377,423,380900,0.00032,0,1,58561,58138,423
2005541,9.79455,4.20475,430,380900,0.008064,0,1,58572,58142,430
2007201,4.35891,9.64095,422,380900,0.0016128,0,1,58575,58153,422
2009281,4.87178,5.12819,423,380900,0.00032256,0.03,1,58580,58157,423
2012201,6.57436,6.62564,423,380900,6.4512e-05,0.03,1,58587,58164,423
2013861,6.11487,4.52513,425,380900,0.0080129,0.01,1,58593,58168,425
2015941,36.423,4.90503,464,380900,0.00160258,0.01,1,58637,58173,464
2018861,10.4846,36.181,424,380900,0.000320516,0.01,1,58641,58217,424
2021781,6.89692,10.4362,426,380900,0.0080641,0.03,1,58647,58221,426
2024701,4.57938,5.28724,426,380900,0.00961282,0.06,1,58651,58225,426
2027621,5.71588,4.25745,428,380900,0.0339226,0.08,1,58657,58229,428
2030541,3.54318,4.05149,427,380900,0.0467845,0.1,1,58660,58233,427
2033461,3.90864,4.0103,427,380900,0.0093569,0.13,1,58664,58237,427
2035701,5.58173,4.00206,429,380900,0.0178714,0.12,1,58670,58241,429
2037781,18.7163,5.60041,445,380900,0.0195743,0.03,1,58692,58247,445
2039861,6.94327,20.3201,425,380900,0.0199149,0,1,58696,58271,425
2041521,5.38865,6.46402,427,380900,0.011983,0.11,1,58701,58274,427
2043601,9.07773,9.2928,427,380900,0.0343966,0.1,1,58711,58284,427
2046521,9.81555,10.6586,426,380900,0.0388793,0.07,1,58721,58295,426
2048801,5.16311,5.33171,426,380900,0.0557759,0.04,1,58725,58299,426
2050881,10.6326,12.2663,424,380900,0.0271552,0.02,1,58737,58313,424
2053801,9.32652,10.4533,423,380900,0.061431,0.07,1,58746,58323,423
2056501,9.8653,5.29065,429,380900,0.0442862,0.01,1,58756,58327,429
2058581,17.1731,8.25813,439,380900,0.00885724,0.01,1,58775,58336,439
2060661,9.83461,16.8516,428,380900,0.00177145,0.04,1,58783,58355,428
2062321,5.96692,9.77033,425,380900,0.0243543,0.05,1,58788,58363,425
2064401,7.59338,8.35406,425,380900,0.0528709,0.05,1,58796,58371,425
2066481,5.51868,7.27081,423,380900,0.0345742,0.01,1,58801,58378,423
2069401,12.3037,11.0542,425,380900,0.0549148,0,1,58815,58390,425
2072321,7.26075,5.41083,427,380900,0.058983,0.03,1,58821,58394,427
2075241,6.25215,4.28217,429,380900,0.0357966,0.08,1,58827,58398,429
2078161,3.65043,4.05643,428,380900,0.0391593,0.11,1,58830,58402,428
2081081,2.33009,4.01129,426,380900,0.0318319,0.13,1,58832,58406,426
2084001,2.06602,4.00226,424,380900,0.0303664,0.11,1,58834,58410,424
2086921,2.8132,4.00045,423,380900,0.0140733,0.08,1,58837,58414,423
2089841,3.76264,4.00009,423,380900,0.0268147,0.05,1,58841,58418,423
2092761,3.95253,4.00002,423,380900,0.0613629,0.01,1,58845,58422,423
2094981,5.59051,4,425,380900,0.0282726,0.03,1,58851,58426,425
2097901,4.3181,5.6,423,380900,0.0136545,0.02,1,58855,58432,423
2100821,4.06362,4.32,423,380900,0.0107309,0.03,1,58859,58436,423
2103741,4.01272,4.064,423,380900,0.0261462,0.03,1,58863,58440,423
2106661,4.00254,4.0128,423,380900,0.0292292,0.01,1,58867,58444,423
2108501,18.4005,4.00256,441,380900,0.0138458,0,1,58889,58448,441
2110581,10.8801,18.4005,428,380900,0.00276917,0.01,1,58898,58470,428
2112661,10.976,10.8801,430,380900,0.000553834,0,1,58909,58479,430
2115581,5.3952,10.176,424,380900,0.00811077,0.01,1,58913,58489,424
2117441,3.47904,5.2352,423,380900,0.00162215,0,1,58916,58493,423
2120361,23.0958,23.447,423,380900,0.000324431,0,1,58944,58521,423
2122641,7.81916,7.88941,423,380900,6.48861e-05,0,1,58948,58525,423
2124721,5.56383,5.57788,423,380900,1.29772e-05,0,1,58953,58530,423
2127641,8.31277,8.31558,423,380900,2.59544e-06,0,1,58962,58539,423
2129301,17.6626,4.86312,439,380900,5.19089e-07,0,1,58982,58543,439
2132001,6.73251,16.9726,423,380900,1.03818e-07,0.01,1,58986,58563,423
2134081,8.5465,10.5945,423,380900,2.07636e-08,0,1,58995,58572,423
2137001,8.1093,8.5189,423,380900,0.008,0,1,59003,58580,423
2139701,4.02186,4.90378,422,380900,0.0016,0,1,59006,58584,422
2141781,9.60437,3.38076,430,380900,0.00032,0,1,59017,58587,430
2144481,5.92087,8.67615,425,380900,6.4e-05,0.03,1,59022,58597,425
2147401,38.7842,39.3352,425,380900,1.28e-05,0.01,1,59069,58644,425
2149681,10.9568,11.067,425,380900,0.00800256,0.07,1,59073,58648,425
2152601,7.79137,8.61341,424,380900,0.00960051,0.06,1,59080,58656,424
2155521,3.95827,4.92268,423,380900,0.0019201,0.01,1,59083,58660,423
2158441,3.99165,4.18454,423,380900,0.024384,0.06,1,59087,58664,423
2161121,5.59833,4.03691,425,380900,0.0048768,0.02,1,59093,58668,425
2164041,3.51967,3.20738,425,380900,0.000975361,0.03,1,59096,58671,425
2166321,3.10393,3.84148,424,380900,0.00819507,0.05,1,59099,58675,424
2169241,22.2208,20.7683,426,380900,0.065639,0.03,1,59126,58700,426
2171941,8.44416,7.35366,427,380900,0.0771278,0.01,1,59131,58704,427
2174021,10.4888,5.47073,433,380900,0.0154256,0.08,1,59142,58709,433
2176101,8.49777,10.6941,429,380900,0.0350851,0.09,1,59150,58721,429
2179021,6.49955,8.53883,427,380900,0.031017,0.06,1,59156,58729,427
2181301,8.49991,4.90777,432,380900,0.0302034,0.08,1,59165,58733,432
2183381,12.1,10.5816,433,380900,0.0380407,0.06,1,59178,58745,433
2185461,10.42,11.7163,431,380900,0.0236081,0.02,1,59188,58757,431
2187121,4.484,11.9433,422,380900,0.0127216,0.01,1,59191,58769,422
2189201,12.0968,10.3887,426,380900,0.0345443,0,1,59205,58779,426
2191281,6.41936,6.07773,426,380900,0.0389089,0.04,1,59210,58784,426
2194201,13.2839,14.0155,425,380900,0.00778177,0.03,1,59225,58800,425
2196901,8.25677,6.00311,428,380900,0.00155635,0.05,1,59232,58804,428
2198981,7.25135,5.20062,430,380900,0.0243113,0.09,1,59239,58809,430
2201061,14.2503,9.04012,436,380900,0.0848623,0.04,1,59255,58819,436
2203981,5.25005,13.808,424,380900,0.0729724,0.01,1,59258,58834,424
2206901,4.25001,5.9616,424,380900,0.0145945,0.08,1,59262,58838,424
2209821,3.25,4.39232,423,380900,0.0109189,0.07,1,59265,58842,423
2212741,3.85,4.07846,423,380900,0.0261838,0.05,1,59269,58846,423
2215661,4.77,4.01569,424,380900,0.0212368,0.01,1,59274,58850,424
2218581,4.154,4.00314,424,380900,0.0202474,0.01,1,59278,58854,424
2221501,4.0308,4.00063,424,380900,0.0200495,0.03,1,59282,58858,424
2224421,4.00616,4.00013,424,380900,0.00400989,0.06,1,59286,58862,424
2227341,3.20123,4.00003,423,380900,0.00880198,0.06,1,59289,58866,423
2230261,3.84025,4.00001,423,380900,0.0097604,0.06,1,59293,58870,423
2233181,3.96805,4,423,380900,0.00995208,0.03,1,59297,58874,423
2236101,3.99361,4,423,380900,0.00999042,0.01,1,59301,58878,423
2238501,18.3987,4,441,380900,0.00999808,0,1,59323,58882,441
2241201,6.87974,18.4,423,380900,0.00199962,0.01,1,59327,58904,423
2243281,7.77595,10.08,423,380900,0.000399923,0,1,59335,58912,423
2246201,9.55519,9.216,424,380900,7.99847e-05,0.02,1,59345,58921,424
2248481,4.31104,5.0432,423,380900,1.59969e-05,0,1,59348,58925,423
2251401,27.2622,27.4086,423,380900,3.19939e-06,0,1,59381,58958,423
2254321,8.65244,8.68173,423,380900,6.39877e-07,0,1,59385,58962,423
2257241,4.93049,4.93635,423,380900,1.27975e-07,0.01,1,59389,58966,423
2259301,20.1861,4.18727,443,380900,2.55951e-08,0,1,59413,58970,443
2262221,7.23722,20.0375,423,380900,5.11902e-09,0,1,59417,58994,423
2264501,3.84744,7.20749,422,380900,1.0238e-09,0,1,59420,58998,422
2266581,5.56949,3.8415,425,380900,2.04761e-10,0.01,1,59426,59001,425
2268661,3.5139,5.5683,422,380900,4.09521e-11,0.01,1,59429,59007,422
2270321,3.10278,3.51366,422,380900,0.008,0.01,1,59432,59010,422
2273241,20.6206,17.5027,426,380900,0.0016,0.02,1,59457,59031,426
2275521,7.32411,6.70055,426,380900,0.00832,0.02,1,59461,59035,426
2278441,32.6648,34.1401,424,380900,0.009664,0.01,1,59500,59076,424
2280721,8.93296,10.028,423,380900,0.0019328,0.03,1,59503,59080,423
2283641,7.38659,7.6056,423,380900,0.00838656,0.01,1,59510,59087,423
2286561,4.67732,4.72112,423,380900,0.00967731,0.01,1,59514,59091,423
2289041,4.13546,4.14422,423,380900,0.00993546,0.03,1,59518,59095,423
2291961,7.22709,4.82884,426,380900,0.00998709,0.02,1,59526,59100,426
2294881,5.44542,4.16577,427,380900,0.00199742,0.04,1,59531,59104,427
2297361,4.28908,4.03315,427,380900,0.00839948,0.09,1,59535,59108,427
2300281,19.2578,20.8066,425,380900,0.0256799,0.03,1,59558,59133,425
2302561,7.05156,7.36133,425,380900,0.013136,0.07,1,59562,59137,425
2304641,7.81031,7.87227,425,380900,0.0186272,0.03,1,59570,59145,425
2306721,9.56206,10.3745,424,380900,0.0277254,0.04,1,59580,59156,424
2309641,7.51241,6.07489,426,380900,0.0695451,0.04,1,59587,59161,426
2311301,8.70248,4.41498,431,380900,0.021909,0.08,1,59596,59165,431
2313381,12.1405,9.683,433,380900,0.0283818,0.03,1,59609,59176,433
2315461,8.0281,12.3366,427,380900,0.00567636,0.01,1,59616,59189,427
2318161,4.80562,7.26732,425,380900,0.00113527,0.01,1,59620,59195,425
2321081,16.1611,17.4535,424,380900,0.0882271,0.01,1,59639,59215,424
2323781,14.4322,6.69069,434,380900,0.0336454,0,1,59653,59219,434
2325861,7.68644,11.7381,427,380900,0.00672908,0.03,1,59659,59232,427
2327521,5.53729,6.34763,427,380900,0.0333458,0.08,1,59664,59237,427
2329601,6.70746,6.06953,428,380900,0.0146692,0.03,1,59671,59243,428
2332521,16.5415,19.6139,424,380900,0.0589338,0.06,1,59690,59266,424
2335441,6.5083,7.12278,424,380900,0.0597868,0.06,1,59694,59270,424
2338361,3.70166,4.62456,423,380900,0.0519574,0.06,1,59697,59274,423
2341281,3.94033,4.12491,423,380900,0.0503915,0.05,1,59701,59278,423
2344201,3.98807,4.02498,423,380900,0.0260783,0.01,1,59705,59282,423
2347121,3.99761,4.005,423,380900,0.00521566,0.01,1,59709,59286,423
2349361,3.99952,4.001,423,380900,0.00104313,0.02,1,59713,59290,423
2352281,3.9999,3.2002,424,380900,0.00820863,0.03,1,59717,59293,424
2355201,3.19998,3.84004,423,380900,0.00164173,0.03,1,59720,59297,423
2357681,3.84,3.96801,423,380900,0.0163283,0.03,1,59724,59301,423
2360601,3.168,3.1936,423,380900,0.0272657,0.02,1,59727,59304,423
2363521,3.8336,3.83872,423,380900,0.0214531,0.01,1,59731,59308,423
2366441,3.96672,3.96774,423,380900,0.0122906,0.01,1,59735,59312,423
2368501,12.7933,3.99355,434,380900,0.00245813,0,1,59750,59316,434
2371421,5.75867,12.7987,423,380900,0.000491625,0,1,59754,59331,423
2373701,10.7517,5.75974,431,380900,9.8325e-05,0,1,59766,59335,431
2375781,10.9503,10.7519,430,380900,1.9665e-05,0,1,59777,59347,430
2378701,5.39007,10.1504,424,380900,3.933e-06,0.01,1,59781,59357,424
2380981,27.478,5.23008,453,380900,7.866e-07,0,1,59814,59361,453
2383901,8.6956,28.246,423,380900,1.5732e-07,0,1,59818,59395,423
2386821,4.93912,8.8492,423,380900,3.1464e-08,0.01,1,59822,59399,423
2389301,16.9878,4.96984,439,380900,6.2928e-09,0,1,59842,59403,439
2392221,6.59756,16.994,423,380900,0.008,0,1,59846,59423,423
2395141,4.51951,6.59879,423,380900,0.0016,0.01,1,59850,59427,423
2397201,4.1039,4.51976,423,380900,0.00032,0.01,1,59854,59431,423
2400121,5.62078,5.70395,423,380900,6.4e-05,0.01,1,59860,59437,423
2402821,23.5242,4.34079,447,380900,1.28e-05,0.01,1,59888,59441,447
2405741,7.10483,22.4682,423,380900,2.56e-06,0.03,1,59891,59468,423
2408021,31.821,7.69363,457,380900,5.12e-07,0.02,1,59929,59472,457
2410941,9.56419,31.9387,423,380900,0.0080001,0.01,1,59933,59510,423
2413221,9.91284,9.58774,429,380900,0.00160002,0.02,1,59943,59514,429
2416141,5.18257,9.91755,423,380900,0.000320004,0.01,1,59947,59524,423
2419061,5.03651,5.18351,424,380900,0.008064,0.02,1,59952,59528,424
2421541,8.2073,4.2367,429,380900,0.0176128,0.05,1,59961,59532,429
2424461,4.84146,8.04734,424,380900,0.00352256,0.06,1,59965,59541,424
2427381,4.16829,4.80947,424,380900,0.0167045,0.05,1,59969,59545,424
2429861,16.8337,4.16189,440,380900,0.0273409,0.06,1,59989,59549,440
2432781,6.56673,16.0324,425,380900,0.0454682,0.06,1,59993,59568,425
2435061,6.91335,6.40648,428,380900,0.0650936,0.07,1,60000,59572,428
2437141,7.78267,6.0813,430,380900,0.0530187,0.05,1,60008,59578,430
2439221,10.3565,10.0163,430,380900,0.0506037,0.02,1,60019,59589,430
2441921,6.07131,10.0033,425,380900,0.0821208,0.01,1,60024,59599,425
2444841,16.4143,17.2007,425,380900,0.0244242,0.06,1,60043,59618,425
2447541,10.4829,6.64013,430,380900,0.0288848,0.05,1,60052,59622,430
2449201,4.49657,6.12803,427,380900,0.013777,0.03,1,60055,59628,427
2451281,18.4993,20.4256,425,380900,0.0347554,0.04,1,60077,59652,425
2454201,11.6999,13.6851,423,380900,0.0149511,0.03,1,60087,59664,423
2457121,5.53997,5.93702,423,380900,0.00299022,0.03,1,60091,59668,423
2460021,6.70799,4.3874,426,380900,0.048598,0.01,1,60098,59672,426
2462101,22.9416,5.67748,447,380900,0.0177196,0.02,1,60125,59678,447
2465021,7.78832,23.5355,423,380900,0.0115439,0.01,1,60129,59706,423
2467941,5.55766,7.9071,424,380900,0.0103088,0.03,1,60134,59710,424
2470861,4.31153,4.78142,424,380900,0.0100618,0.03,1,60138,59714,424
2473781,4.06231,4.15628,424,380900,0.00201235,0.06,1,60142,59718,424
2476701,3.21246,4.03126,423,380900,0.0164025,0.06,1,60145,59722,423
2479621,3.84249,4.00625,423,380900,0.0272805,0.05,1,60149,59726,423
2482541,3.9685,4.00125,423,380900,0.0294561,0.03,1,60153,59730,423
2485461,3.9937,4.00025,423,380900,0.0298912,0.01,1,60157,59734,423
2488381,3.99874,4.00005,423,380900,0.0299782,0.01,1,60161,59738,423
2491301,3.99975,4.00001,423,380900,0.0299956,0.01,1,60165,59742,423
2494221,3.99995,4,423,380900,0.00599913,0.01,1,60169,59746,423
2497041,3.99999,4,423,380900,0.00119983,0.01,1,60173,59750,423
2499121,4,4,423,380900,0.000239965,0.01,1,60177,59754,423
2502041,9.6,9.6,423,380900,0.00804799,0,1,60188,59765,423
2503701,11.52,5.12,431,380900,0.0096096,0,1,60200,59769,431
2506401,5.504,10.624,423,380900,0.00992192,0,1,60204,59781,423
2509321,11.5008,12.5248,423,380900,0.00198438,0.01,1,60217,59794,423
2510981,19.1002,5.70496,440,380900,0.000396877,0,1,60238,59798,440
2513901,7.02003,17.941,423,380900,7.93753e-05,0,1,60242,59819,423
2516181,12.604,6.7882,433,380900,1.58751e-05,0,1,60256,59823,433
2517841,4.9208,12.5576,422,380900,3.17501e-06,0,1,60259,59837,422
2520761,12.1842,12.9115,423,380900,6.35003e-07,0,1,60273,59850,423
2523041,5.63683,5.78231,423,380900,1.27001e-07,0,1,60277,59854,423
2525961,3.52737,3.55646,423,380900,2.54001e-08,0.01,1,60280,59857,423
2528241,3.90547,3.91129,423,380900,5.08002e-09,0,1,60284,59861,423
2530321,4.78109,4.78226,423,380900,0.008,0.01,1,60289,59866,423
2533241,22.5562,22.5565,423,380900,0.0016,0.03,1,60316,59893,423
2536161,8.51124,7.71129,424,380900,0.00032,0.02,1,60321,59897,424
2538021,36.9022,4.74226,464,380900,0.024064,0.01,1,60365,59901,464
2540941,10.5804,36.1485,424,380900,0.0048128,0.01,1,60369,59945,424
2543841,4.51609,10.4297,423,380900,0.00096256,0.06,1,60372,59949,423
2546761,9.70322,10.0859,424,380900,0.00819251,0,1,60383,59959,424
2549681,5.94064,5.21719,425,380900,0.0016385,0.01,1,60388,59963,425
2551541,6.78813,4.24344,428,380900,0.0083277,0.07,1,60395,59967,428
2554461,5.35763,7.24869,425,380900,0.0176655,0.07,1,60400,59975,425
2557381,3.47153,4.64974,424,380900,0.0115331,0.05,1,60403,59979,424
2559861,15.0943,4.12995,438,380900,0.0103066,0.08,1,60421,59983,438
2562781,6.21886,13.626,426,380900,0.0100613,0.09,1,60425,59999,426
2565061,6.04377,5.9252,428,380900,0.00201226,0.08,1,60431,60003,428
2567141,10.0088,5.98504,433,380900,0.200402,0.12,1,60442,60009,433
2569221,9.20175,10.797,430,380900,0.232081,0.07,1,60451,60021,430
2572141,5.04035,10.9594,423,380900,0.246416,0.04,1,60455,60032,423
2574421,13.0081,5.39188,434,380900,0.257283,0.03,1,60470,60036,434
2576501,14.6016,13.0784,434,380900,0.235457,0.03,1,60485,60051,434
2579421,7.72032,13.8157,426,380900,0.215091,0.03,1,60491,60065,426
2581701,11.9441,5.96313,435,380900,0.107018,0.04,1,60504,60069,435
2583781,11.9888,12.3926,433,380900,0.109404,0.06,1,60516,60083,433
2586701,4.79776,12.8785,423,380900,0.109881,0.06,1,60519,60096,423
2589621,4.15955,5.77571,423,380900,0.0939761,0.05,1,60523,60100,423
2592101,27.2319,4.35514,452,380900,0.0427952,0.03,1,60556,60104,452
2595021,8.64638,26.471,424,380900,0.024559,0.01,1,60560,60136,424
2597941,4.92928,8.49421,424,380900,0.0289118,0.02,1,60564,60140,424
2600861,4.18586,4.89884,424,380900,0.0217824,0.03,1,60568,60144,424
2603781,4.03717,4.17977,424,380900,0.00435647,0.06,1,60572,60148,424
2606701,4.00743,4.03595,424,380900,0.000871294,0.06,1,60576,60152,424
2608741,5.60149,4.00719,426,380900,0.0161743,0.03,1,60582,60156,426
2611661,4.3203,6.40144,423,380900,0.0192349,0.02,1,60586,60163,423
2614581,4.06406,4.48029,423,380900,0.019847,0.01,1,60590,60167,423
2617501,4.01281,4.09606,423,380900,0.00396939,0.01,1,60594,60171,423
2620421,4.00256,4.01921,423,380900,0.000793879,0.01,1,60598,60175,423
2623341,4.00051,4.00384,423,380900,0.00815878,0.01,1,60602,60179,423
2626261,4.0001,4.00077,423,380900,0.00163176,0.01,1,60606,60183,423
2629181,4.00002,4.00015,423,380900,0.00832635,0.01,1,60610,60187,423
2632101,4,4.00003,423,380900,0.00966527,0.01,1,60614,60191,423
2633701,16.8,4.00001,439,380900,0.00193305,0,1,60634,60195,439
2636621,6.56,16.8,423,380900,0.00838661,0,1,60638,60215,423
2638901,7.712,6.56,427,380900,0.00167732,0.01,1,60646,60219,427
2640981,19.1424,7.712,441,380900,0.00833546,0,1,60668,60227,441
2643901,7.02848,19.1424,423,380900,0.00166709,0,1,60672,60249,423
2646181,15.0057,7.02848,436,380900,0.000333419,0,1,60689,60253,436
2648881,6.20114,15.0057,423,380900,0.00806668,0.01,1,60693,60270,423
2651801,7.64023,9.40114,423,380900,0.00961334,0,1,60701,60278,423
2654081,4.72805,5.08023,423,380900,0.00192267,0.01,1,60705,60282,423
2657001,6.54561,6.61605,423,380900,0.000384533,0.01,1,60712,60289,423
2659281,4.50912,4.52321,423,380900,7.69067e-05,0.01,1,60716,60293,423
2661361,5.70182,5.70464,423,380900,1.53813e-05,0.03,1,60722,60299,423
2664281,25.1404,25.1409,423,380900,0.00800308,0.03,1,60752,60329,423
2666561,8.22807,8.22819,423,380900,0.00960062,0.01,1,60756,60333,423
2669481,38.4456,37.6456,424,380900,0.00192012,0.01,1,60802,60378,424
2672401,10.0891,10.7291,423,380900,0.00838402,0.01,1,60805,60382,423
2675321,6.01782,5.34583,424,380900,0.0016768,0.06,1,60810,60386,424
2676961,2.80356,4.26917,422,380900,0.000335361,0.03,1,60812,60390,422
2679881,6.16071,4.05383,425,380900,0.00806707,0.03,1,60819,60394,425
2681541,7.63214,4.01077,429,380900,0.00161341,0.06,1,60827,60398,429
2684461,4.72643,8.00215,424,380900,0.0323227,0.05,1,60831,60407,424
2687381,3.34529,4.80043,423,380900,0.0464645,0.05,1,60834,60411,423
2689861,18.2691,4.16009,441,380900,0.0812929,0,1,60856,60415,441
2692781,8.45381,11.232,434,5840,0.0882586,0.01,1,60862,60428,434
2695061,8.09076,5.4464,438,5840,0.0256517,0.23,1,60870,60432,438
2697141,8.81815,5.08928,442,5840,0.00513034,0.29,1,60879,60437,442
2699221,10.5636,7.41786,445,5840,0.0250261,0.32,1,60890,60445,445
2701301,8.51273,11.0836,441,5840,0.00500521,0.29,1,60898,60457,441
2702961,4.10255,8.61671,436,5840,0.025001,0.28,1,60901,60465,436
2705041,8.02051,9.72334,435,5840,0.0210002,0.2,1,60910,60475,435
2707961,12.0041,17.9447,428,5840,0.0122,0.13,1,60923,60495,428
2710241,7.20082,6.78893,430,5840,0.00244001,0.12,1,60929,60499,430
2712321,7.04016,6.95779,430,5840,0.008488,0.13,1,60936,60506,430
2715241,10.208,13.3916,426,5840,0.0176976,0.07,1,60947,60521,426
2717521,6.84161,5.87831,428,5840,0.0195395,0.07,1,60953,60525,428
2720441,6.96832,5.97566,429,5840,0.0119079,0.11,1,60960,60531,429
2722101,25.3937,4.39513,455,5840,0.0503816,0.01,1,60990,60535,455
2725021,8.27873,28.879,424,5840,0.0660763,0,1,60994,60570,424
2727941,4.85575,8.9758,424,5840,0.0692153,0.03,1,60998,60574,424
2730861,4.17115,4.99516,424,5840,0.0538431,0.06,1,61002,60578,424
2732501,4.03423,4.19903,424,5840,0.0187686,0.06,1,61006,60582,424
2735421,3.20685,4.03981,423,5840,0.00375372,0.06,1,61009,60586,423
2738341,3.84137,4.00796,423,5840,0.00875074,0.03,1,61013,60590,423
2740821,4.76827,4.00159,424,5840,0.00975015,0.03,1,61018,60594,424
2743741,4.15365,4.80032,423,5840,0.00995003,0.02,1,61022,60599,423
2746661,4.03073,4.16006,423,5840,0.00999001,0.01,1,61026,60603,423
2749141,6.40615,4.03201,426,5840,0.001998,0.01,1,61033,60607,426
2752061,4.48123,6.4064,423,5840,0.0003996,0,1,61037,60614,423
2754981,4.09625,4.48128,423,5840,7.992e-05,0.01,1,61041,60618,423
2757901,4.81925,4.09626,424,5840,1.5984e-05,0.01,1,61046,60622,424
2760821,3.36385,4.01925,423,5840,3.1968e-06,0.01,1,61049,60626,423
2763701,16.6728,4.00385,439,5840,6.3936e-07,0,1,61069,60630,439
2766621,7.33455,16.8008,424,5840,1.27872e-07,0.01,1,61074,60650,424
2769521,3.86691,6.56015,423,5840,2.55744e-08,0,1,61077,60654,423
2771601,15.1734,15.712,423,5840,5.11488e-09,0,1,61095,60672,423
2774521,9.43468,9.54241,423,5840,1.02298e-09,0,1,61103,60680,423
2776181,8.28694,5.10848,427,5840,0.008,0.01,1,61111,60684,427
2778261,6.45739,7.4217,425,5840,0.0016,0,1,61117,60692,425
2779921,3.69148,6.28434,422,5840,0.00032,0,1,61120,60698,422
2782001,4.7383,4.45687,423,5840,6.4e-05,0,1,61125,60702,423
2784921,10.5477,10.4914,423,5840,1.28e-05,0,1,61137,60714,423
2787841,5.30953,5.29827,423,5840,0.00800256,0,1,61141,60718,423
2790321,4.26191,4.25965,423,5840,0.00160051,0.01,1,61145,60722,423
2792401,8.85238,8.85193,423,5840,0.000320102,0.04,1,61155,60732,423
2795321,28.1705,28.1704,423,5840,0.024064,0,1,61188,60765,423
2797601,9.63409,8.83408,424,5840,0.0128128,0,1,61193,60769,424
2800521,36.3268,36.9668,423,5840,0.00256256,0.01,1,61236,60813,423
2803441,12.0654,10.5934,425,5840,0.000512512,0.01,1,61242,60817,425
2806361,5.61307,5.31867,425,5840,0.000102502,0.02,1,61246,60821,425
2809281,5.12261,4.26373,426,5840,0.0080205,0.07,1,61251,60825,426
2811541,9.02452,4.05275,432,5840,0.0016041,0.04,1,61261,60829,432
2814461,5.8049,10.4105,425,5840,0.00832082,0.01,1,61266,60841,425
2817381,6.76098,5.28211,428,5840,0.00166416,0.05,1,61273,60845,428
2818401,163.752,4.25642,627,5840,0.000332833,0.01,1,61476,60849,627
2821321,207.15,334.451,428,5840,0.00806657,0.01,1,61694,61266,428
2830081,5,4,425,380900,0,0.01,1,62123,61698,425
2833001,5,4,426,380900,0,0.05,1,62128,61702,426
2835921,5.8,4,428,380900,0.024,0.07,1,62134,61706,428
2838841,4.36,4,428,380900,0.0048,0.09,1,62138,61710,428
2841761,5.672,4,430,380900,0.03296,0.12,1,62144,61714,430
2844681,4.3344,4,430,380900,0.030592,0.14,1,62148,61718,430
2847601,2.46688,4,428,380900,0.0461184,0.17,1,62150,61722,428
2850521,4.49338,4,429,380900,0.137224,0.15,1,62155,61726,429
2853441,4.09868,4,429,380900,0.147445,0.12,1,62159,61730,429
2856361,2.41974,4,427,380900,0.133489,0.15,1,62161,61734,427
2859281,4.48395,4,428,380900,0.122698,0.14,1,62166,61738,428
2862201,5.69679,4,430,380900,0.0565396,0.1,1,62172,61742,430
2865121,7.53936,4,434,380900,0.0833079,0.13,1,62180,61746,434
2868041,4.70787,4,434,380900,0.104662,0.17,1,62184,61750,434
2870961,5.74157,4,436,380900,0.124932,0.23,1,62190,61754,436
2873881,5.14831,4,437,380900,0.152986,0.22,1,62195,61758,437
2876801,5.82966,4,439,380900,0.142597,0.29,1,62201,61762,439
2879721,5.16593,4,440,380900,0.188519,0.32,1,62206,61766,440
2882641,6.63319,4,443,380900,0.197704,0.35,1,62213,61770,443
2885561,6.12664,4,445,380900,0.287541,0.35,1,62219,61774,445
2888481,4.42533,4,445,380900,0.321508,0.4,1,62223,61778,445
2891401,5.68507,4,447,380900,0.312302,0.45,1,62229,61782,447
2894321,5.13701,4,448,380900,0.27846,0.46,1,62234,61786,448
2897241,4.2274,4,448,380900,0.279692,0.49,1,62238,61790,448
2900161,5.64548,4,450,380900,0.319938,0.52,1,62244,61794,450
2903081,5.9291,4,452,380900,0.383988,0.53,1,62250,61798,452
2906001,5.18582,4,453,380900,0.364798,0.57,1,62255,61802,453
2908921,5.83716,4,455,380900,0.39296,0.59,1,62261,61806,455
2911841,5.16743,4,456,380900,0.358592,0.61,1,62266,61810,456
2914761,4.23349,4,456,380900,0.359718,0.65,1,62270,61814,456
2917681,4.8467,4,457,380900,0.423944,0.67,1,62275,61818,457
2920601,5.76934,4,459,380900,0.388789,0.69,1,62281,61822,459
2923521,6.75387,4,462,380900,0.413758,0.71,1,62288,61826,462
2926441,6.15077,4,464,380900,0.442752,0.77,1,62294,61830,464
2929361,6.83015,4,467,380900,0.48055,0.8,1,62301,61834,467
2932281,6.16603,4,469,380900,0.49611,0.86,1,62307,61838,469
2935201,6.03321,4,471,380900,0.555222,0.91,1,62313,61842,471
2938121,4.40664,4,471,380900,0.583044,0.96,1,62317,61846,471
2941041,6.48133,4,474,380900,0.612609,0.99,1,62324,61850,474
2943961,6.89627,4,477,380900,0.610522,1,1,62331,61854,477
2946881,6.17925,4,479,380900,0.618104,1,1,62337,61858,479
2949801,4.43585,4,479,380900,0.635621,1,1,62341,61862,479
2951521,4.08717,4,479,380900,0.615124,0.77,1,62345,61866,479
2953601,10.4174,33.6,450,380900,0.683025,0.04,1,62357,61907,450
2956101,156.483,165.12,445,380900,0.136605,0.01,1,62550,62105,445
2959021,34.4967,53.024,424,380900,0.027321,0.03,1,62554,62130,424
2960881,9.29934,13.8048,423,380900,0.0054642,0.04,1,62557,62134,423
2963801,10.6599,7.56096,428,380900,0.00909284,0.08,1,62568,62140,428
2966721,6.93197,4.71219,430,380900,0.0338186,0.09,1,62574,62144,430
2969641,3.78639,4.14244,429,380900,0.0467637,0.14,1,62577,62148,429
2972321,3.95728,4.02849,429,380900,0.0173527,0.15,1,62581,62152,429
2975241,7.19146,9.6057,426,380900,0.0754706,0.09,1,62589,62163,426
2978161,5.43829,5.12114,427,380900,0.0870941,0.05,1,62594,62167,427
2981081,5.08766,4.22423,428,380900,0.113419,0.09,1,62599,62171,428
2984001,4.21753,4.04485,428,380900,0.0706838,0.11,1,62603,62175,428
2986921,5.64351,4.00897,430,380900,0.0941368,0.14,1,62609,62179,430
2989841,5.1287,4.00179,431,380900,0.0668273,0.14,1,62614,62183,431
2992761,3.42574,4.00036,430,380900,0.0773655,0.18,1,62617,62187,430
2995681,4.68515,4.00007,431,380900,0.0554731,0.19,1,62622,62191,431
2998601,5.73703,4.00001,433,380900,0.0670946,0.19,1,62628,62195,433
3001521,5.14741,4,434,380900,0.109419,0.22,1,62633,62199,434
3004441,6.62948,4,437,380900,0.0938838,0.22,1,62640,62203,437
3007361,5.3259,4,438,380900,0.0747768,0.24,1,62645,62207,438
3009761,4.26518,4,438,380900,0.0869554,0.33,1,62649,62211,438
3012681,8.85304,10.4,436,380900,0.0173911,0.34,1,62659,62223,436
3015601,5.77061,5.28,437,380900,0.0514782,0.3,1,62664,62227,437
3018521,6.75412,4.256,440,380900,0.114296,0.27,1,62671,62231,440
3021441,6.95082,4.0512,443,380900,0.0948591,0.28,1,62678,62235,443
3024361,3.79016,4.01024,442,380900,0.0749718,0.34,1,62681,62239,442
3027281,3.95803,4.00205,442,380900,0.0949944,0.41,1,62685,62243,442
3030201,4.79161,4.00041,443,380900,0.194999,0.41,1,62690,62247,443
3032021,4.15832,4.00008,443,380900,0.223,0.42,1,62694,62251,443
3034941,5.63166,7.20002,441,380900,0.1646,0.39,1,62700,62259,441
3036801,5.92633,4.64,443,380900,0.17692,0.37,1,62706,62263,443
3039721,5.18527,5.728,442,380900,0.139384,0.44,1,62711,62269,442
3042001,5.83705,4.3456,444,380900,0.147877,0.38,1,62717,62273,444
3044921,8.36741,7.26912,445,380900,0.133575,0.45,1,62726,62281,445
3047841,6.47348,4.65382,447,380900,0.170715,0.45,1,62732,62285,447
3050761,5.2947,4.13076,448,380900,0.162143,0.46,1,62737,62289,448
3052821,4.25894,4.02615,448,380900,0.200429,0.5,1,62741,62293,448
3055741,6.45179,4.80523,450,380900,0.240086,0.51,1,62748,62298,450
3058661,6.09036,4.16105,452,380900,0.248017,0.51,1,62754,62302,452
3061141,10.0181,4.03221,459,380900,0.209603,0.6,1,62765,62306,459
3062801,4.40361,8.00644,453,380900,0.241921,0.63,1,62768,62315,453
3065721,5.68072,7.20129,452,380900,0.216384,0.64,1,62774,62322,452
3068641,5.13614,4.64026,453,380900,0.251277,0.64,1,62779,62326,453
3070501,4.22723,4.12805,453,380900,0.282255,0.6,1,62783,62330,453
3073421,4.04545,4.82561,452,380900,0.344451,0.64,1,62787,62335,452
3076341,4.80909,4.16512,453,380900,0.34889,0.65,1,62792,62339,453
3078821,5.76182,4.03302,455,380900,0.301778,0.64,1,62798,62343,455
3080481,3.55236,3.2066,455,380900,0.292356,0.69,1,62801,62346,455
3082561,6.31047,6.24132,455,380900,0.242471,0.69,1,62808,62353,455
3084641,9.26209,10.8483,453,380900,0.264494,0.03,1,62818,62365,453
3087561,133.052,157.37,423,380900,0.0608988,0.01,1,62982,62559,423
3090481,32.2105,34.6739,426,380900,0.0121798,0.01,1,62989,62563,426
3093381,9.6421,10.1348,426,380900,0.00243595,0.05,1,62993,62567,426
3095461,9.12842,6.82696,429,380900,0.000487191,0.02,1,63002,62573,429
3098381,5.82568,6.96539,427,380900,0.00809744,0.08,1,63007,62580,427
3101301,5.96514,4.59308,429,380900,0.0736195,0.12,1,63013,62584,429
3103361,3.59303,4.11862,428,380900,0.0867239,0.1,1,63016,62588,428
3105441,3.91861,4.82372,427,380900,0.0893448,0.1,1,63020,62593,427
3108361,6.38372,7.36474,426,380900,0.097869,0.09,1,63027,62601,426
3111281,6.07674,4.67295,428,380900,0.0595738,0.1,1,63033,62605,428
3113141,2.81535,4.13459,426,380900,0.0439148,0.06,1,63035,62609,426
3116061,4.56307,4.82692,426,380900,0.112783,0.1,1,63040,62614,426
3118981,4.91261,4.16538,427,380900,0.102557,0.07,1,63045,62618,427
3121901,5.78252,4.03308,429,380900,0.100511,0.09,1,63051,62622,429
3124581,3.5565,4.00662,428,380900,0.0761023,0.09,1,63054,62626,428
3127501,3.1113,4.80132,426,380900,0.0792205,0.13,1,63057,62631,426
3129361,3.02226,4.16026,425,380900,0.103844,0.09,1,63060,62635,425
3132281,5.40445,4.83205,426,380900,0.116769,0.09,1,63066,62640,426
3133941,8.28089,4.16641,431,380900,0.127354,0.09,1,63075,62644,431
3136861,7.25618,8.83328,428,380900,0.0894708,0,1,63082,62654,428
3139781,6.25124,4.96666,430,380900,0.0978942,0.07,1,63088,62658,430
3142261,4.45025,4.19333,430,380900,0.0755788,0.12,1,63092,62662,430
3144341,7.29005,4.03867,434,380900,0.111116,0.12,1,63100,62666,434
3147261,6.25801,8.00773,431,380900,0.102223,0.09,1,63106,62675,431
3150181,5.2516,4.80155,432,380900,0.108445,0.12,1,63111,62679,432
3152241,5.85032,4.16031,434,380900,0.0696889,0.22,1,63117,62683,434
3155161,5.17006,6.43206,432,380900,0.101938,0.26,1,63122,62690,432
3157441,3.43401,4.48641,431,380900,0.108388,0.2,1,63125,62694,431
3160361,6.2868,7.29728,430,380900,0.141678,0.21,1,63132,62702,430
3163281,4.45736,4.65946,430,380900,0.124336,0.14,1,63136,62706,430
3165761,4.89147,4.13189,431,380900,0.120867,0.15,1,63141,62710,431
3168681,8.17829,6.42638,433,380900,0.152173,0.2,1,63150,62717,433
3171381,8.83566,4.48528,438,380900,0.110435,0.18,1,63159,62721,438
3174301,6.56713,8.09706,435,380900,0.134087,0.18,1,63165,62730,435
3176581,7.71343,4.81941,439,380900,0.154817,0.25,1,63173,62734,439
3179501,6.34269,7.36388,437,380900,0.182963,0.26,1,63179,62742,437
3181361,2.86854,4.67278,435,380900,0.188593,0.27,1,63181,62746,435
3184281,4.57371,6.53456,433,380900,0.165719,0.28,1,63186,62753,433
3186561,5.71474,4.50691,435,380900,0.193144,0.22,1,63192,62757,435
3189481,7.54295,6.50138,436,380900,0.150629,0.25,1,63200,62764,436
3192401,5.50859,4.50028,437,380900,0.134126,0.24,1,63205,62768,437
3195301,6.70172,4.10006,440,380900,0.138825,0.25,1,63212,62772,440
3197381,10.1403,4.02001,447,380900,0.115765,0.38,1,63223,62776,447
3200301,5.22807,11.204,438,380900,0.151153,0.35,1,63227,62789,438
3202581,6.64561,5.4408,441,380900,0.206231,0.29,1,63234,62793,441
3205501,4.52912,9.08816,435,380900,0.177246,0.25,1,63238,62803,435
3208421,5.70582,5.01763,437,380900,0.171449,0.25,1,63244,62807,437
3211341,5.14116,4.20353,438,380900,0.17029,0.27,1,63249,62811,438
3212981,3.42823,4.04071,437,380900,0.162058,0.32,1,63252,62815,437
3215061,6.28565,4.80814,439,380900,0.168412,0.29,1,63259,62820,439
3217141,127.657,5.76163,591,380900,0.0496823,0.01,1,63417,62826,591
3220061,31.9314,138.752,427,380900,0.00993646,0.01,1,63425,62998,427
3222981,10.3863,30.9505,428,380900,0.00198729,0.02,1,63430,63002,428
3225461,6.87726,9.39009,430,380900,0.000397458,0.11,1,63436,63006,430
3228381,6.17545,6.67802,430,380900,0.0720795,0.1,1,63442,63012,430
3230661,4.43509,4.5356,430,380900,0.0944159,0.14,1,63446,63016,430
3233581,3.28702,6.50712,426,380900,0.122883,0.1,1,63449,63023,426
3236481,6.2574,4.50142,429,380900,0.120577,0.13,1,63456,63027,429
3239401,10.8515,11.3003,428,380900,0.0721153,0.11,1,63468,63040,428
3242321,4.5703,5.46006,427,380900,0.0864231,0.11,1,63471,63044,427
3245241,5.71406,4.29201,429,380900,0.0412846,0.11,1,63477,63048,429
3248161,5.14281,4.0584,430,380900,0.0402569,0.1,1,63482,63052,430
3250001,3.42856,4.01168,429,380900,0.0800514,0.13,1,63485,63056,429
3252921,5.48571,5.60234,429,380900,0.0640103,0.16,1,63491,63062,429
3255841,3.49714,4.32047,428,380900,0.0288021,0.12,1,63494,63066,428
3258761,3.09943,4.06409,427,380900,0.0537604,0.14,1,63497,63070,427
3261681,5.41989,4.01282,429,380900,0.0747521,0.14,1,63503,63074,429
3263941,5.08398,4.00256,430,380900,0.0389504,0.13,1,63508,63078,430
3266021,9.8168,5.60051,435,380900,0.0557901,0.09,1,63519,63084,435
3268941,4.36336,9.1201,428,380900,0.035158,0.12,1,63522,63094,428
3271861,4.07267,5.02402,428,380900,0.0150316,0.14,1,63526,63098,428
3274341,5.61453,4.2048,430,380900,0.0830063,0.13,1,63532,63102,430
3277261,5.12291,6.44096,428,380900,0.0806013,0.13,1,63537,63109,428
3279541,4.22458,4.48819,428,380900,0.0561203,0.08,1,63541,63113,428
3281201,4.84492,3.29764,430,380900,0.0352241,0.17,1,63546,63116,430
3284121,9.76898,10.2595,429,380900,0.0150448,0.18,1,63557,63128,429
3287041,6.7538,5.25191,431,380900,0.027009,0.12,1,63563,63132,431
3289961,5.35076,4.25038,432,380900,0.0134018,0.13,1,63568,63136,432
3292021,4.27015,4.05008,432,380900,0.0266804,0.2,1,63572,63140,432
3294941,4.05403,6.41002,429,380900,0.0613361,0.14,1,63576,63147,429
3296801,4.01081,4.482,429,380900,0.0682672,0.12,1,63580,63151,429
3298881,6.40216,4.0964,432,380900,0.0696534,0.18,1,63587,63155,432
3301801,6.88043,7.21928,431,380900,0.0699307,0.21,1,63594,63163,431
3304721,6.97609,4.64386,434,380900,0.0699861,0.19,1,63601,63167,434
3306581,7.79522,4.12877,438,380900,0.0939972,0.21,1,63609,63171,438
3308661,8.75904,8.02575,438,380900,0.0987994,0.2,1,63618,63180,438
3311581,4.15181,11.2052,429,380900,0.0917599,0.15,1,63621,63192,429
3314501,4.03036,5.44103,429,380900,0.106352,0.17,1,63625,63196,429
3317421,4.80607,4.28821,430,380900,0.13327,0.15,1,63630,63200,430
3319681,3.36121,4.05764,429,380900,0.0986541,0.16,1,63633,63204,429
3322601,8.67224,6.41153,432,380900,0.123731,0.14,1,63643,63211,432
3324261,6.53445,4.48231,434,380900,0.104746,0.14,1,63649,63215,434
3325921,4.50689,5.69646,432,380900,0.124949,0.23,1,63653,63221,432
3328841,9.70138,9.93929,432,380900,0.12899,0.21,1,63664,63232,432
3331121,5.14028,5.18786,432,380900,0.121798,0.17,1,63668,63236,432
3334041,7.42806,7.43757,432,380900,0.12836,0.18,1,63676,63244,432
3336321,3.88561,4.68751,431,380900,0.113672,0.17,1,63679,63248,431
3339241,4.77712,3.3375,433,380900,0.126734,0.17,1,63684,63251,433
3341521,4.95542,3.8675,434,380900,0.153347,0.18,1,63689,63255,434
3343601,4.19108,3.1735,435,380900,0.142669,0.23,1,63693,63258,435
3345681,9.63822,12.6347,431,380900,0.156534,0,1,63704,63273,431
3348601,120.328,125.727,425,380900,0.0313068,0,1,63852,63427,425
3351521,29.6655,28.3454,428,380900,0.00626135,0,1,63859,63431,428
3354001,9.13311,8.86908,428,380900,0.00125227,0.11,1,63863,63435,428
3356921,11.4266,9.77382,430,380900,0.0322505,0.16,1,63875,63445,430
3359201,3.88532,5.15476,428,380900,0.0384501,0.12,1,63877,63449,428
3362121,5.57706,6.63095,427,380900,0.03169,0.15,1,63883,63456,427
3364401,3.51541,4.52619,426,380900,0.014338,0.1,1,63886,63460,426
3367321,8.70308,8.90524,426,380900,0.0028676,0.03,1,63896,63470,426
3369601,5.74062,4.98105,427,380900,0.00857352,0.1,1,63901,63474,427
3372521,7.54812,8.99621,425,380900,0.0257147,0.09,1,63909,63484,425
3375441,6.30962,4.99924,427,380900,0.0771429,0.06,1,63915,63488,427
3378361,3.66192,4.19985,426,380900,0.0794286,0.07,1,63918,63492,426
3381041,2.33238,4.03997,424,380900,0.0638857,0.11,1,63920,63496,424
3383961,5.26648,5.60799,424,380900,0.0367771,0.08,1,63926,63502,424
3386881,5.0533,4.3216,425,380900,0.0473554,0.02,1,63931,63506,425
3389801,4.21066,4.06432,425,380900,0.0334711,0.05,1,63935,63510,425
3392721,4.04213,4.01286,425,380900,0.0226942,0.07,1,63939,63514,425
3395641,4.80843,4.00257,426,380900,0.0285388,0.06,1,63944,63518,426
3398101,9.76169,4.00051,433,380900,0.0377078,0.12,1,63955,63522,433
3401021,5.15234,10.4001,425,380900,0.0475416,0.08,1,63959,63534,425
3402881,5.83047,5.28002,427,380900,0.0335083,0.03,1,63965,63538,427
3405801,5.16609,7.456,424,380900,0.0307017,0.1,1,63970,63546,424
3408721,4.23322,4.6912,424,380900,0.0701403,0.04,1,63974,63550,424
3411621,4.04664,4.13824,424,380900,0.0780281,0.03,1,63978,63554,424
3413701,5.60933,4.82765,425,380900,0.0316056,0.04,1,63984,63559,425
3415781,13.1219,4.96553,435,380900,0.00632112,0.08,1,63999,63564,435
3418701,5.82437,11.3931,426,380900,0.00926423,0.1,1,64003,63577,426
3421621,4.36487,5.47862,426,380900,0.0418528,0.11,1,64007,63581,426
3424541,4.07297,4.29572,426,380900,0.0323706,0.11,1,64011,63585,426
3427461,4.01459,4.05914,426,380900,0.0304741,0.1,1,64015,63589,426
3429921,6.40292,4.01183,429,380900,0.0700948,0.08,1,64022,63593,429
3432001,6.88058,6.40237,429,380900,0.078019,0.13,1,64029,63600,429
3434921,6.97612,6.88047,429,380900,0.0556038,0.11,1,64036,63607,429
3437201,3.79522,4.57609,428,380900,0.0271208,0.11,1,64039,63611,428
3440121,12.759,12.1152,429,380900,0.0374242,0.15,1,64054,63625,429
3443041,6.55181,5.62304,430,380900,0.0794848,0.11,1,64059,63629,430
3445961,3.71036,4.32461,429,380900,0.047897,0.14,1,64062,63633,429
3447601,2.34207,4.06492,427,380900,0.0415794,0.14,1,64064,63637,427
3450521,5.26841,4.81298,428,380900,0.0483159,0.11,1,64070,63642,428
3452801,5.05368,4.1626,429,380900,0.0416632,0.14,1,64075,63646,429
3455721,10.6107,12.0325,427,380900,0.0323326,0.13,1,64087,63660,427
3458421,11.7221,5.6065,435,380900,0.0464665,0.12,1,64099,63664,435
3461341,5.54443,8.3213,430,380900,0.0732933,0.15,1,64103,63673,430
3463621,7.50889,4.86426,434,380900,0.0466587,0.14,1,64111,63677,434
3466541,3.90178,5.77285,431,380900,0.0893317,0.17,1,64114,63683,431
3469441,3.98036,4.35457,431,380900,0.0898664,0.18,1,64118,63687,431
3472361,4.79607,4.07091,432,380900,0.0899733,0.18,1,64123,63691,432
3474641,3.35921,4.01418,431,380900,0.0979947,0.13,1,64126,63695,431
3476721,15.8718,18.4028,428,380900,0.0435989,0,1,64145,63717,428
3478801,111.174,115.681,423,380900,0.0167198,0,1,64280,63857,423
3481721,28.6349,27.9361,425,380900,0.00334396,0.02,1,64288,63863,425
3483381,8.12697,8.78722,424,380900,0.000668791,0.03,1,64291,63867,424
3485041,4.02539,4.95744,423,380900,0.000133758,0.01,1,64294,63871,423
3487961,12.8051,12.9915,423,380900,0.0400268,0.03,1,64309,63886,423
3490881,6.56102,5.7983,424,380900,0.0240054,0,1,64314,63890,424
3493781,7.7122,4.35966,428,380900,0.0288011,0.05,1,64322,63894,428
3496701,6.34244,6.47193,427,380900,0.0297602,0.04,1,64328,63901,427
3499621,3.66849,4.49439,426,380900,0.029952,0.07,1,64331,63905,426
3502541,2.3337,4.09888,424,380900,0.00599041,0.1,1,64333,63909,424
3504181,12.4667,4.01978,435,380900,0.0571981,0.06,1,64348,63913,435
3507101,5.69335,12.804,424,380900,0.0594396,0.05,1,64352,63928,424
3510021,4.33867,5.76079,424,380900,0.0438879,0.05,1,64356,63932,424
3512941,4.06773,4.35216,424,380900,0.0327776,0.05,1,64360,63936,424
3515861,4.01355,4.07043,424,380900,0.0465555,0.05,1,64364,63940,424
3518781,4.80271,4.01409,425,380900,0.0653111,0.05,1,64369,63944,425
3521701,4.16054,4.00282,425,380900,0.0450622,0.05,1,64373,63948,425
3524621,3.23211,4.00056,424,380900,0.0330124,0.06,1,64376,63952,424
3527541,3.84642,4.00011,424,380900,0.0386025,0.06,1,64380,63956,424
3530181,4.76928,4.00002,425,380900,0.0077205,0.05,1,64385,63960,425
3531841,4.15386,3.2,426,380900,0.0095441,0.08,1,64389,63963,426
3534761,8.83077,9.44,425,380900,0.0499088,0.08,1,64399,63974,425
3537461,8.96615,5.088,430,380900,0.0659818,0.08,1,64408,63978,430
3540381,4.99323,9.8176,423,380900,0.109196,0.04,1,64412,63989,423
3543301,4.99865,5.16352,424,380900,0.149839,0.01,1,64417,63993,424
3545781,12.1997,4.2327,434,380900,0.0459679,0.04,1,64431,63997,434
3548701,7.23995,11.2465,427,380900,0.0171936,0.05,1,64437,64010,427
3551621,4.64799,5.44931,427,380900,0.0194387,0.08,1,64441,64014,427
3554541,2.5296,4.28986,425,380900,0.0198877,0.1,1,64443,64018,425
3557461,3.70592,4.05797,425,380900,0.0279776,0.11,1,64447,64022,425
3559301,3.94118,4.01159,425,380900,0.0615955,0.08,1,64451,64026,425
3560961,4.78824,4.80232,425,380900,0.100319,0.07,1,64456,64031,425
3563881,8.95765,8.16046,426,380900,0.0680638,0.12,1,64466,64040,426
3566801,5.79153,4.83209,427,380900,0.0616128,0.09,1,64471,64044,427
3569701,7.55831,4.16642,431,380900,0.0443226,0.12,1,64479,64048,431
3571781,9.51166,8.83328,431,380900,0.00886451,0.07,1,64489,64058,431
3574701,5.10233,8.96666,426,380900,0.0257729,0.07,1,64493,64067,426
3577621,4.22047,4.99333,426,380900,0.0611546,0.08,1,64497,64071,426
3580541,2.44409,4.19867,424,380900,0.0842309,0.1,1,64499,64075,424
3582181,9.28882,4.03973,431,380900,0.0888462,0.02,1,64510,64079,431
3583841,5.05776,8.80795,425,380900,0.121769,0.04,1,64514,64089,425
3585921,5.81155,4.96159,427,380900,0.112354,0.09,1,64520,64093,427
3588841,5.96231,6.59232,426,380900,0.0944708,0.11,1,64526,64100,426
3590501,7.59246,4.51846,430,380900,0.0668942,0.08,1,64534,64104,430
3592161,4.71849,6.50369,427,380900,0.101379,0.1,1,64538,64111,427
3595081,4.1437,5.30074,426,380900,0.0922758,0.08,1,64542,64116,426
3597361,2.42874,4.26015,424,380900,0.0504552,0.06,1,64544,64120,424
3600281,9.28575,9.65203,424,380900,0.082091,0.03,1,64555,64131,424
3603201,5.05715,5.13041,424,380900,0.0564182,0.05,1,64559,64135,424
3605681,3.41143,4.22608,423,380900,0.0352836,0.03,1,64562,64139,423
3607761,12.6823,11.2452,425,380900,0.0390567,0,1,64577,64152,425
3609841,104.936,106.249,423,380900,0.0158113,0,1,64705,64282,423
3612761,32.1873,30.8498,425,380900,0.00316227,0.01,1,64719,64294,425
3615461,11.2375,9.36996,427,380900,0.000632454,0.04,1,64725,64298,427
3617541,12.6475,7.47399,433,380900,0.0241265,0.01,1,64738,64305,433
3620461,5.7295,11.8948,424,380900,0.0368253,0.03,1,64742,64318,424
3622741,5.9459,5.57896,426,380900,0.0313651,0.06,1,64748,64322,426
3624401,3.58918,5.11579,424,380900,0.00627301,0.01,1,64751,64327,424
3627321,7.11784,6.62316,425,380900,0.0252546,0.06,1,64759,64334,425
3630241,4.62357,4.52463,425,380900,0.0610509,0.03,1,64763,64338,425
3632721,4.12471,4.10493,425,380900,0.0602102,0.07,1,64767,64342,425
3634801,5.62494,6.42099,424,380900,0.052042,0.04,1,64773,64349,424
3637721,9.92499,8.4842,426,380900,0.122408,0.06,1,64784,64358,426
3640641,3.585,4.89684,424,380900,0.112482,0.06,1,64786,64362,424
3643561,5.517,4.17937,426,380900,0.0944963,0.07,1,64792,64366,426
3646241,2.7034,4.03587,424,380900,0.0908993,0.04,1,64794,64370,424
3649161,8.54068,8.80717,424,380900,0.0501799,0,1,64804,64380,424
3652081,4.90814,4.96143,424,380900,0.058036,0.03,1,64808,64384,424
3655001,6.58163,4.19229,427,380900,0.0436072,0.06,1,64815,64388,427
3657921,2.91633,4.03846,425,380900,0.0327214,0.05,1,64817,64392,425
3660841,5.38327,4.00769,427,380900,0.0385443,0.1,1,64823,64396,427
3662881,5.87665,4.00154,429,380900,0.0157089,0.07,1,64829,64400,429
3664961,5.17533,3.20031,431,380900,0.0271418,0.16,1,64834,64403,431
3667881,6.63507,6.24006,431,380900,0.0454284,0.15,1,64841,64410,431
3669541,5.32701,4.44801,432,380900,0.105086,0.09,1,64846,64414,432
3672461,5.0654,11.2896,424,380900,0.109017,0.02,1,64851,64427,424
3674321,2.61308,5.45792,422,380900,0.101803,0.03,1,64853,64431,422
3676401,6.92262,5.09158,425,380900,0.0203607,0.04,1,64861,64436,425
3679321,5.38452,3.41832,427,380900,0.00407214,0.05,1,64866,64439,427
3680981,5.8769,3.88366,429,380900,0.0328144,0.08,1,64872,64443,429
3683901,4.37538,6.37673,426,380900,0.0385629,0.12,1,64876,64450,426
3686821,4.07508,4.47535,426,380900,0.0317126,0.1,1,64880,64454,426
3689741,4.01502,4.09507,426,380900,0.0223425,0.09,1,64884,64458,426
3692001,4.003,4.01901,426,380900,0.0364685,0.06,1,64888,64462,426
3694081,6.4006,8.0038,424,380900,0.0312937,0.04,1,64895,64471,424
3697001,9.28012,9.60076,424,380900,0.0462587,0.02,1,64905,64481,424
3699921,6.65602,5.12015,426,380900,0.0412517,0,1,64911,64485,426
3701781,6.9312,4.22403,429,380900,0.0322503,0.07,1,64918,64489,429
3703861,7.78624,4.84481,432,380900,0.0224501,0.12,1,64926,64494,432
3706781,6.35725,8.16896,429,380900,0.01249,0.1,1,64932,64503,429
3709701,4.47145,4.83379,429,380900,0.034498,0.12,1,64936,64507,429
3712181,6.49429,4.16676,432,380900,0.0308996,0.13,1,64943,64511,432
3715101,6.09886,9.63335,427,380900,0.0141799,0.09,1,64949,64522,427
3716961,4.41977,5.12667,427,380900,0.034836,0.14,1,64953,64526,427
3719881,8.08395,9.02533,426,380900,0.0149672,0.1,1,64962,64536,426
3722581,9.61679,5.00507,432,380900,0.0509934,0.11,1,64972,64540,432
3725501,5.12336,10.601,424,380900,0.0581987,0.1,1,64976,64552,424
3728421,4.22467,5.3202,424,380900,0.0676397,0.06,1,64980,64556,424
3730481,5.64493,4.26404,426,380900,0.0695279,0.05,1,64986,64560,426
3733401,3.52899,3.25281,426,380900,0.0939056,0.02,1,64989,64563,426
3736321,2.3058,3.85056,424,380900,0.0987811,0.06,1,64991,64567,424
3738181,9.26116,3.97011,431,380900,0.0837562,0.06,1,65002,64571,431
3740261,109.852,9.59402,555,380900,0.0167512,0,1,65137,64582,555
3742341,31.5704,110.719,431,380900,0.00335025,0,1,65149,64718,431
3745261,10.3141,30.9438,425,380900,0.00067005,0.03,1,65154,64729,425
3747541,14.8628,9.38875,437,380900,0.056134,0,1,65170,64733,437
3750461,7.77256,15.4778,426,380900,0.0272268,0,1,65176,64750,426
3753381,3.95451,6.29555,425,380900,0.0134454,0.05,1,65179,64754,425
3755441,4.7909,4.45911,426,380900,0.0106891,0.07,1,65184,64758,426
3757521,4.95818,4.89182,426,380900,0.0101378,0.09,1,65189,64763,426
3760441,4.99164,3.37836,428,380900,0.0100276,0.09,1,65194,64766,428
3763361,4.99833,3.87567,429,380900,0.0100055,0.08,1,65199,64770,429
3765221,6.59967,3.97513,432,380900,0.0100011,0.15,1,65206,64774,432
3767301,11.7199,7.99503,436,380900,0.0100002,0.07,1,65219,64783,436
3770221,3.94399,11.999,425,380900,0.05,0.03,1,65221,64796,425
3773141,3.9888,5.5998,425,380900,0.074,0.1,1,65225,64800,425
3776061,3.19776,4.31996,424,380900,0.0708,0.08,1,65228,64804,424
3778981,3.83955,4.06399,424,380900,0.08616,0.07,1,65232,64808,424
3780821,5.56791,4.0128,426,380900,0.089232,0.05,1,65238,64812,426
3782481,1.91358,4.80256,422,380900,0.0818464,0.04,1,65239,64817,422
3785401,6.78272,5.76051,424,380900,0.0643693,0.04,1,65247,64823,424
3788321,3.75654,4.3521,423,380900,0.0528739,0.01,1,65250,64827,423
3791241,7.95131,4.07042,428,380900,0.0585748,0.05,1,65259,64831,428
3794161,5.59026,4.01408,429,380900,0.051715,0.03,1,65264,64835,429
3797081,4.31805,4.00282,429,380900,0.042343,0.13,1,65268,64839,429
3799541,4.06361,4.00056,429,380900,0.0324686,0.13,1,65272,64843,429
3801621,8.81272,8.80011,429,380900,0.0144937,0.03,1,65282,64853,429
3804541,5.76254,8.96002,425,380900,0.0508987,0.02,1,65287,64862,425
3806821,6.75251,4.992,428,380900,0.0901797,0.06,1,65294,64866,428
3809521,4.5505,7.3984,424,380900,0.058036,0.02,1,65298,64874,424
3812441,8.9101,9.47968,424,380900,0.0756072,0.08,1,65308,64884,424
3815361,4.18202,5.09594,423,380900,0.0951214,0.07,1,65311,64888,423
3818281,5.6364,4.21919,425,380900,0.0910243,0.06,1,65317,64892,425
3821201,5.12728,4.04384,426,380900,0.0902049,0.01,1,65322,64896,426
3824121,3.42546,4.00877,425,380900,0.082041,0.08,1,65325,64900,425
3826581,8.68509,4.00175,431,380900,0.0564082,0.06,1,65335,64904,431
3829501,4.13702,8.80035,424,380900,0.0512816,0.04,1,65338,64914,424
3831781,4.8274,4.96007,425,380900,0.0182563,0.08,1,65343,64918,425
3833861,7.36548,5.79201,427,380900,0.0196513,0.04,1,65351,64924,427
3835941,9.4731,5.1584,432,380900,0.0359303,0.08,1,65361,64929,432
3838861,6.69462,10.6317,426,380900,0.0871861,0.02,1,65367,64941,426
3841781,2.93892,5.32634,424,380900,0.0974372,0.05,1,65369,64945,424
3844261,10.1878,4.26527,432,380900,0.0274874,0.02,1,65381,64949,432
3847181,7.63756,10.4531,427,380900,0.0214975,0.03,1,65388,64961,427
3849461,10.3275,5.29061,434,380900,0.0282995,0.09,1,65399,64965,434
3851541,8.4655,8.25812,433,380900,0.0296599,0.08,1,65407,64974,433
3854461,4.0931,10.4516,425,380900,0.045932,0.1,1,65410,64985,425
3857381,4.81862,5.29032,426,380900,0.0171864,0.1,1,65415,64989,426
3860301,4.16372,4.25806,426,380900,0.0114373,0.06,1,65419,64993,426
3862981,4.03274,4.05161,426,380900,0.0182875,0.08,1,65423,64997,426
3865901,4.00655,4.81032,425,380900,0.0276575,0.08,1,65427,65002,425
3868801,4.00131,4.16206,425,380900,0.0135315,0.01,1,65431,65006,425
3870881,108,109.632,423,380900,0.0027063,0,1,65565,65142,423
3872961,28.8001,29.1265,423,380900,0.00054126,0,1,65574,65151,423
3875881,12.16,9.8253,426,380900,0.00810825,0,1,65582,65156,426
3877541,22.432,5.16506,447,380900,0.0416217,0.01,1,65607,65160,447
3880461,7.6864,23.433,423,380900,0.0723243,0.04,1,65611,65188,423
3883381,4.73728,7.8866,423,380900,0.0464649,0.03,1,65615,65192,423
3886301,4.94746,4.77732,424,380900,0.025293,0.03,1,65620,65196,424
3889221,3.38949,4.15546,423,380900,0.00505859,0.03,1,65623,65200,423
3892141,3.8779,4.03109,423,380900,0.00901172,0.05,1,65627,65204,423
3895061,5.57558,4.00622,425,380900,0.00980234,0.03,1,65633,65208,425
3897301,10.7151,4.00124,433,380900,0.0339605,0.09,1,65645,65212,433
3900221,6.14302,8.80025,428,380900,0.00679209,0.08,1,65650,65222,428
3902501,5.2286,4.96005,429,380900,0.00935842,0.11,1,65655,65226,429
3905421,2.64572,4.99201,426,380900,0.0338717,0.12,1,65657,65231,426
3907701,4.52914,4.1984,427,380900,0.110774,0.08,1,65662,65235,427
3910621,4.10583,5.63968,425,380900,0.126155,0.08,1,65666,65241,425
3912901,4.02117,4.32794,425,380900,0.137231,0.06,1,65670,65245,425
3914981,3.20423,3.26559,425,380900,0.131446,0.06,1,65673,65248,425
3917061,3.84085,3.05312,426,380900,0.154289,0.07,1,65677,65251,426
3918721,1.56817,3.01062,424,380900,0.158858,0.05,1,65678,65254,424
3921641,9.11363,8.60212,425,380900,0.151772,0.05,1,65689,65264,425
3923301,6.62273,4.92042,427,380900,0.0703543,0.06,1,65695,65268,427
3926221,6.92455,6.58408,427,380900,0.0380709,0.04,1,65702,65275,427
3929141,5.38491,4.51682,428,380900,0.0316142,0.03,1,65707,65279,428
3931621,4.27698,4.10336,428,380900,0.0703228,0.1,1,65711,65283,428
3933701,2.4554,4.82067,425,380900,0.0780646,0.12,1,65713,65288,425
3935361,2.89108,3.36413,425,380900,0.0476129,0.08,1,65716,65291,425
3937441,6.97822,4.67283,428,380900,0.0415226,0.06,1,65724,65296,428
3940361,3.79564,3.33457,428,380900,0.0323045,0.08,1,65727,65299,428
3942021,7.95913,3.86691,433,380900,0.0384609,0.12,1,65736,65303,433
3944101,5.59183,8.77338,428,380900,0.0556922,0.09,1,65741,65313,428
3945761,3.51837,5.75468,426,380900,0.0751384,0.11,1,65744,65318,426
3948681,9.50367,11.5509,424,380900,0.0630277,0.07,1,65755,65331,424
3951601,5.90073,5.51019,425,380900,0.0286055,0.04,1,65760,65335,425
3954521,4.38015,4.30204,425,380900,0.0537211,0.05,1,65764,65339,425
3957441,4.87603,4.06041,426,380900,0.0507442,0.06,1,65769,65343,426
3960361,4.17521,4.01208,426,380900,0.0261488,0.06,1,65773,65347,426
3963281,4.03504,4.00242,426,380900,0.0212298,0.08,1,65777,65351,426
3965941,13.607,4.00048,438,380900,0.00424595,0.06,1,65793,65355,438
3968861,6.7214,16.0001,424,380900,0.00884919,0.04,1,65798,65374,424
3971781,3.74428,6.40002,423,380900,0.00176984,0.03,1,65801,65378,423
3974701,5.54886,4.48,425,380900,0.00835397,0.04,1,65807,65382,425
3976341,9.90977,4.096,432,380900,0.0256708,0.07,1,65818,65386,432
3978001,4.38195,9.6192,424,380900,0.0691342,0.03,1,65821,65397,424
3980081,8.07639,9.92384,423,380900,0.0938268,0.01,1,65830,65407,423
3983001,9.61528,8.38477,425,380900,0.0747654,0.04,1,65840,65415,425
3985281,3.52306,4.87695,423,380900,0.0629531,0.03,1,65842,65419,423
3988201,7.90461,7.37539,424,380900,0.0205906,0.02,1,65851,65427,424
3991121,3.98092,4.67508,423,380900,0.0121181,0.05,1,65854,65431,423
3994041,3.99618,4.13502,423,380900,0.0264236,0.05,1,65858,65435,423
3996961,3.99924,4.027,423,380900,0.0292847,0.01,1,65862,65439,423
3999841,3.99985,4.0054,423,380900,0.00585694,0,1,65866,65443,423
4001921,102.4,102.401,423,380900,0.0411714,0.01,1,65993,65570,423
4004001,30.08,30.0802,423,380900,0.00823428,0.01,1,66005,65582,423
4006081,17.216,14.816,426,380900,0.00164686,0.04,1,66019,65593,426
4009001,20.2432,22.1632,423,380900,0.0563294,0.02,1,66040,65617,423
4011921,7.24864,7.63264,423,380900,0.107266,0,1,66044,65621,423
4014841,4.64973,4.72653,423,380900,0.109453,0.02,1,66048,65625,423
4017761,4.92995,4.14531,424,380900,0.0938906,0.03,1,66053,65629,424
4019601,4.18599,4.02906,424,380900,0.0667781,0.07,1,66057,65633,424
4022521,7.2372,8.00581,423,380900,0.0613556,0.03,1,66065,65642,423
4025441,7.04744,4.80116,426,380900,0.0442711,0,1,66072,65646,426
4027921,7.00949,4.16023,429,380900,0.00885422,0.04,1,66079,65650,429
4030841,8.6019,6.43205,431,380900,0.00177084,0.14,1,66088,65657,431
4033761,3.32038,4.48641,429,380900,0.000354169,0.14,1,66090,65661,429
4036681,4.66408,4.09728,430,380900,0.0800708,0.15,1,66095,65665,430
4039601,4.93282,4.01946,431,380900,0.112014,0.15,1,66100,65669,431
4042521,4.18656,4.00389,431,380900,0.102403,0.18,1,66104,65673,431
4044981,4.03731,4.00078,431,380900,0.0844806,0.16,1,66108,65677,431
4047901,3.20746,8.80016,424,380900,0.0648961,0.11,1,66111,65687,424
4050821,3.84149,4.96003,424,380900,0.0449792,0.07,1,66115,65691,424
4053301,5.5683,4.19201,426,380900,0.0889958,0.03,1,66121,65695,426
4055381,10.7137,4.8384,433,380900,0.0577992,0.1,1,66133,65700,433
4057041,4.54273,8.16768,427,380900,0.0435598,0.04,1,66136,65709,427
4059961,4.90855,7.23354,425,380900,0.032712,0.1,1,66141,65716,425
4062881,4.18171,4.64671,425,380900,0.00654239,0.04,1,66145,65720,425
4065781,7.23634,4.12934,429,380900,0.0653085,0.06,1,66153,65724,429
4068701,5.44727,6.42587,427,380900,0.0610617,0.07,1,66158,65731,427
4070561,3.48945,4.48517,426,380900,0.0922123,0.08,1,66161,65735,426
4072641,4.69789,4.89703,426,380900,0.0904425,0.09,1,66166,65740,426
4075561,9.73958,9.77941,426,380900,0.122088,0.08,1,66177,65751,426
4078261,7.54792,5.15588,429,380900,0.152418,0.08,1,66184,65755,429
4081181,3.90958,7.43118,424,380900,0.110484,0.1,1,66187,65763,424
4084101,4.78192,4.68624,425,380900,0.110097,0.06,1,66192,65767,425
4086581,4.15638,4.13725,425,380900,0.110019,0.03,1,66196,65771,425
4088241,1.63128,3.22745,423,380900,0.110004,0.04,1,66197,65774,423
4091161,10.7263,11.0455,423,380900,0.0940008,0.01,1,66210,65787,423
4093441,5.34525,5.4091,423,380900,0.0588002,0.01,1,66214,65791,423
4096361,8.26905,6.68182,425,380900,0.09976,0.01,1,66223,65798,425
4098021,8.85381,4.53636,430,380900,0.075952,0.08,1,66232,65802,430
4100941,5.77076,7.30727,427,380900,0.0791904,0.08,1,66237,65810,427
4103861,5.15415,4.66145,428,380900,0.0798381,0.07,1,66242,65814,428
4106341,5.83083,4.13229,430,380900,0.0959676,0.1,1,66248,65818,430
4109041,3.56617,6.42646,426,380900,0.0911935,0.1,1,66251,65825,426
4111121,7.11323,7.68529,426,380900,0.0422387,0.06,1,66259,65833,426
4114041,11.0226,11.9371,425,380900,0.0804477,0.02,1,66271,65846,425
4116321,5.40453,5.58741,425,380900,0.0480895,0.03,1,66275,65850,425
4119241,7.48091,7.51748,425,380900,0.0656179,0.05,1,66283,65858,425
4121521,5.49618,4.7035,426,380900,0.0211236,0.08,1,66288,65862,426
4124441,6.69924,8.1407,424,380900,0.0602247,0.05,1,66295,65871,424
4127361,3.73985,4.82814,423,380900,0.0440449,0.01,1,66298,65875,423
4130281,3.94797,4.16563,423,380900,0.016809,0.06,1,66302,65879,423
4132341,99.1896,4.03313,542,380900,0.0193618,0,1,66425,65883,542
4134421,25.4379,99.2066,426,380900,0.00387236,0,1,66432,66006,426
4136501,14.6876,25.4413,431,380900,0.000774472,0,1,66444,66013,431
4138581,26.1375,13.8883,449,380900,0.0321549,0.1,1,66473,66024,449
4141501,8.4275,25.1777,425,380900,0.062431,0.08,1,66477,66052,425
4144421,4.8855,8.23553,425,380900,0.108486,0.06,1,66481,66056,425
4147341,4.1771,4.84711,425,380900,0.133697,0.07,1,66485,66060,425
4150261,3.23542,4.16942,424,380900,0.162739,0.07,1,66488,66064,424
4152101,4.64708,4.03388,425,380900,0.120548,0.06,1,66493,66068,425
4154181,8.12942,5.60678,428,380900,0.0481096,0.02,1,66502,66074,428
4157101,7.22588,7.52136,427,380900,0.0496219,0,1,66509,66082,427
4160021,6.24518,4.70427,429,380900,0.0339244,0.03,1,66515,66086,429
4162501,10.849,4.14085,437,380900,0.0547849,0.09,1,66527,66090,437
4165421,6.96981,13.6282,427,380900,0.074957,0.08,1,66533,66106,427
4168341,5.39396,5.92563,428,380900,0.0389914,0.06,1,66538,66110,428
4171261,3.47879,4.38513,427,380900,0.0397983,0.09,1,66541,66114,427
4174181,3.89576,4.07703,427,380900,0.0159597,0.14,1,66545,66118,427
4177061,3.17915,4.01541,426,380900,0.00319193,0.13,1,66548,66122,426
4179981,3.03583,4.00308,425,380900,0.000638386,0.1,1,66551,66126,425
4182901,2.20717,4.00062,423,380900,0.0481277,0.07,1,66553,66130,423
4185381,3.64143,4.00012,423,380900,0.0736255,0.07,1,66557,66134,423
4187461,3.92829,3.20002,424,380900,0.0867251,0.07,1,66561,66137,424
4189541,7.98566,3.04,430,380900,0.049345,0.03,1,66570,66140,430
4191621,8.79713,5.408,433,380900,0.033869,0.09,1,66579,66146,433
4193281,3.35943,8.2816,426,380900,0.0227738,0.1,1,66581,66155,426
4196201,6.27189,4.85632,429,380900,0.0525548,0.1,1,66588,66159,429
4199121,5.25438,4.17126,430,380900,0.042511,0.11,1,66593,66163,430
4202041,5.05088,4.03425,431,380900,0.0485022,0.17,1,66598,66167,431
4203681,4.21018,4.00685,431,380900,0.0577004,0.21,1,66602,66171,431
4205761,7.24204,8.80137,429,380900,0.0915401,0.1,1,66610,66181,429
4208681,7.04841,8.16027,428,380900,0.106308,0.14,1,66617,66189,428
4211601,4.60968,4.83205,428,380900,0.133262,0.11,1,66621,66193,428
4214521,4.12194,4.16641,428,380900,0.0986523,0.11,1,66625,66197,428
4217201,2.42439,4.03328,426,380900,0.0837305,0.11,1,66627,66201,426
4219281,8.48488,6.40666,429,380900,0.0247461,0.12,1,66637,66208,429
4222201,8.89698,10.0813,427,380900,0.0769492,0.11,1,66646,66219,427
4224481,4.9794,5.21627,427,380900,0.0553898,0.09,1,66650,66223,427
4226561,8.19588,7.44325,428,380900,0.067078,0.05,1,66659,66231,428
4229481,8.83918,8.68865,428,380900,0.0774156,0.1,1,66668,66240,428
4231761,4.16784,4.93773,427,380900,0.0634831,0.09,1,66671,66244,427
4234681,4.03357,6.58755,424,380900,0.0766966,0.11,1,66675,66251,424
4237601,5.60671,4.51751,426,380900,0.103339,0.05,1,66681,66255,426
4240081,5.12134,4.1035,427,380900,0.100668,0.05,1,66686,66259,427
4242161,5.82427,6.4207,426,380900,0.0681336,0.09,1,66692,66266,426
4245081,10.7649,10.8841,426,380900,0.0376267,0.08,1,66704,66278,426
4248001,5.35297,5.37683,426,380900,0.0315253,0.05,1,66708,66282,426
4250901,9.07059,4.27537,432,380900,0.0223051,0.05,1,66718,66286,432
4252561,3.41412,9.65507,423,380900,0.036461,0.01,1,66720,66297,423
4255481,4.68282,5.93101,423,380900,0.0632922,0.04,1,66725,66302,423
4257761,4.13656,4.3862,423,380900,0.0366584,0.01,1,66729,66306,423
4260681,8.02731,7.27724,424,380900,0.0313317,0.02,1,66738,66314,424
4262341,96.0055,4.65545,538,380900,0.0302663,0.01,1,66856,66318,538
4265041,22.4011,96.1311,423,380900,0.0220533,0.01,1,66860,66437,423
4267121,11.6802,26.4262,423,380900,0.0204107,0.07,1,66869,66446,423
4269201,34.336,30.0852,432,380900,0.0280821,0.17,1,66909,66477,432
4272121,10.0672,14.817,425,380900,0.0536164,0.12,1,66913,66488,425
4275041,6.01344,6.16341,426,380900,0.0187233,0.04,1,66918,66492,426
4277961,3.60269,4.43268,425,380900,0.0277447,0.07,1,66921,66496,425
4280881,3.92054,4.08654,425,380900,0.0135489,0.09,1,66925,66500,425
4283801,2.38411,4.01731,423,380900,0.0107098,0.09,1,66927,66504,423
4286261,10.8768,4.00346,432,380900,0.026142,0.02,1,66940,66508,432
4289181,6.17536,8.80069,427,380900,0.0212284,0.03,1,66945,66518,427
4291041,2.03507,4.96014,424,380900,0.0202457,0.12,1,66946,66522,424
4293121,7.60701,7.39203,425,380900,0.0360491,0.04,1,66955,66530,425
4296041,11.1214,10.2784,426,380900,0.0392098,0.01,1,66967,66541,426
4298961,7.02428,5.25568,428,380900,0.063842,0.02,1,66973,66545,428
4301881,4.60486,4.25114,428,380900,0.0607684,0.1,1,66977,66549,428
4304801,2.52097,4.05023,426,380900,0.0601537,0.11,1,66979,66553,426
4307681,2.10419,4.01005,424,380900,0.0680307,0.12,1,66981,66557,424
4310601,3.62084,4.00201,424,380900,0.0376061,0.09,1,66985,66561,424
4313521,3.92417,4.0004,424,380900,0.0475212,0.06,1,66989,66565,424
4316441,3.98483,4.00008,424,380900,0.00950425,0.04,1,66993,66569,424
4319361,4.79697,4.00002,425,380900,0.00190085,0.05,1,66998,66573,425
4321621,8.15939,4,430,380900,0.00838017,0.06,1,67007,66577,430
4324321,5.63188,8,426,380900,0.033676,0.06,1,67012,66586,426
4326401,5.92638,6.4,426,380900,0.0467352,0.06,1,67018,66592,426
4329321,9.18528,9.28,426,380900,0.089347,0.11,1,67028,66602,426
4332241,6.63706,5.056,428,380900,0.129869,0.14,1,67034,66606,428
4335161,5.32741,4.2112,429,380900,0.161974,0.12,1,67039,66610,429
4336801,1.86548,4.04224,426,380900,0.176395,0.08,1,67040,66614,426
4339721,9.9731,11.2084,425,380900,0.147279,0.04,1,67052,66627,425
4342641,6.79462,5.44169,427,380900,0.125456,0.03,1,67058,66631,427
4345561,3.75892,4.28834,426,380900,0.137091,0.07,1,67061,66635,426
4348241,2.35178,4.05767,424,380900,0.155418,0.08,1,67063,66639,424
4350321,4.47036,3.21153,426,380900,0.175084,0.06,1,67068,66642,426
4353241,8.09407,7.84231,426,380900,0.163017,0.1,1,67077,66651,426
4355521,4.01881,4.76846,425,380900,0.160603,0.08,1,67080,66655,425
4357601,8.80376,7.35369,427,380900,0.128121,0.07,1,67090,66663,427
4359681,8.16075,7.07074,428,380900,0.153624,0.08,1,67098,66670,428
4362601,5.63215,5.41415,428,380900,0.150725,0.11,1,67103,66675,428
4364261,3.52643,4.28283,427,380900,0.150145,0.11,1,67106,66679,427
4367181,2.30529,4.85657,424,380900,0.166029,0.11,1,67108,66684,424
4369461,6.06106,4.17131,427,380900,0.177206,0.07,1,67115,66688,427
4371121,2.81221,5.63426,423,380900,0.171441,0.06,1,67117,66694,423
4374041,10.9624,10.7269,424,380900,0.146288,0.04,1,67130,66706,424
4376961,6.99249,5.34537,426,380900,0.117258,0.01,1,67136,66710,426
4379861,10.1985,4.26907,433,380900,0.0634515,0.04,1,67147,66714,433
4382781,5.2397,11.2538,424,380900,0.0286903,0.04,1,67151,66727,424
4385701,5.84794,5.45076,426,380900,0.0377381,0.05,1,67157,66731,426
4388621,4.36959,4.29015,426,380900,0.0715476,0.05,1,67161,66735,426
4390261,4.07392,4.05803,426,380900,0.0703095,0.1,1,67165,66739,426
4392341,95.2148,5.61161,538,380900,0.0140619,0.05,1,67283,66745,538
4395261,21.443,95.5223,423,380900,0.0108124,0.05,1,67286,66863,423
4397541,10.6886,22.3045,427,380900,0.0421625,0.03,1,67294,66867,427
4399621,41.3377,10.8609,468,380900,0.0244325,0.02,1,67343,66875,468
4402541,11.4675,40.5722,424,380900,0.0448865,0.03,1,67347,66923,424
4405461,5.49351,11.3144,424,380900,0.0169773,0.03,1,67351,66927,424
4408381,4.2987,5.46289,424,380900,0.0273955,0.06,1,67355,66931,424
4411301,3.25974,4.29258,423,380900,0.0214791,0.05,1,67358,66935,423
4414221,3.85195,4.05852,423,380900,0.0282958,0.05,1,67362,66939,423
4416881,4.77039,4.0117,424,380900,0.0216592,0.02,1,67367,66943,424
4419801,6.55408,3.20234,428,380900,0.00433183,0.03,1,67374,66946,428
4422081,3.71082,3.84047,427,380900,0.00886637,0.11,1,67377,66950,427
4424161,7.14216,7.16809,427,380900,0.0417733,0.09,1,67385,66958,427
4426241,8.62843,9.43362,426,380900,0.0643547,0.08,1,67394,66968,426
4429161,7.32569,8.28672,425,380900,0.0288709,0.09,1,67401,66976,425
4430821,11.0651,4.85734,433,380900,0.0537742,0.01,1,67413,66980,433
4433741,5.41303,12.1715,423,380900,0.0347548,0.01,1,67417,66994,423
4436661,5.08261,5.63429,424,380900,0.022951,0.01,1,67422,66998,424
4439581,5.01652,4.32686,425,380900,0.0125902,0.01,1,67427,67002,425
4442501,4.2033,4.06537,425,380900,0.010518,0.03,1,67431,67006,425
4445421,4.04066,4.01307,425,380900,0.0101036,0.06,1,67435,67010,425
4448341,5.60813,4.00261,427,380900,0.0100207,0.07,1,67441,67014,427
4451261,5.12163,4.00052,428,380900,0.0100041,0.06,1,67446,67018,428
4454181,7.42433,4.0001,432,380900,0.0180008,0.11,1,67454,67022,432
4457101,3.88487,4.00002,431,380900,0.0276002,0.12,1,67457,67026,431
4458901,6.37697,4,434,380900,0.03752,0.18,1,67464,67030,434
4461821,4.47539,6.4,431,380900,0.055504,0.17,1,67468,67037,431
4464101,4.89508,4.48,432,380900,0.0671008,0.19,1,67473,67041,432
4467021,4.17902,5.696,430,380900,0.0854202,0.16,1,67477,67047,430
4469301,13.6358,4.3392,442,380900,0.025084,0.2,1,67493,67051,442
4472221,6.72716,13.6678,431,380900,0.0530168,0.18,1,67498,67067,431
4475141,5.34543,5.93357,432,380900,0.0186034,0.16,1,67503,67071,432
4478061,2.66909,4.38671,430,380900,0.0197207,0.17,1,67505,67075,430
4480981,3.73382,4.07734,430,380900,0.0359441,0.18,1,67509,67079,430
4483441,3.94676,4.01547,430,380900,0.0551888,0.12,1,67513,67083,430
4486361,7.18935,6.40309,431,380900,0.0110378,0.18,1,67521,67090,431
4488021,5.43787,4.48062,432,380900,0.0102076,0.16,1,67526,67094,432
4490101,9.08757,4.09612,438,380900,0.0100415,0.2,1,67536,67098,438
4493021,5.81751,9.61922,432,380900,0.0500083,0.18,1,67541,67109,432
4495941,2.7635,5.12384,430,380900,0.0740017,0.19,1,67543,67113,430
4498861,2.9527,4.22477,429,380900,0.1028,0.22,1,67546,67117,429
4501781,3.79054,4.04495,429,380900,0.10056,0.2,1,67550,67121,429
4503621,9.55811,4.00899,436,380900,0.156112,0.11,1,67561,67125,436
4506541,4.31162,13.6018,423,380900,0.151222,0.07,1,67564,67141,423
4508821,11.2623,5.92036,432,380900,0.150244,0.04,1,67577,67145,432
4511741,7.05247,9.18407,428,380900,0.174049,0.08,1,67583,67155,428
4514661,4.61049,5.03681,428,380900,0.17881,0.07,1,67587,67159,428
4517581,4.1221,4.20736,428,380900,0.155762,0.12,1,67591,67163,428
4520501,4.82442,4.04147,429,380900,0.191152,0.12,1,67596,67167,429
4522341,95.3649,4.00829,543,380900,0.10223,0.05,1,67714,67171,543
4525261,22.273,99.2017,424,380900,0.0364461,0.06,1,67718,67294,424
4527541,10.0546,23.0403,427,380900,0.0152892,0.05,1,67725,67298,427
4529621,40.4109,11.0081,467,380900,0.0350578,0.01,1,67773,67306,467
4532541,11.2822,39.8016,424,380900,0.0710116,0.03,1,67777,67353,424
4534821,4.65644,11.1603,423,380900,0.0622023,0.05,1,67780,67357,423
4537741,3.33129,4.63206,423,380900,0.0204405,0.05,1,67783,67360,423
4540661,3.86626,4.12641,423,380900,0.0280881,0.03,1,67787,67364,423
4543581,3.97325,4.02528,423,380900,0.0216176,0.03,1,67791,67368,423
4546501,5.59465,4.00506,425,380900,0.0123235,0.03,1,67797,67372,425
4549421,4.31893,4.00101,425,380900,0.0104647,0.01,1,67801,67376,425
4552341,4.06379,4.0002,425,380900,0.0260929,0.08,1,67805,67380,425
4554581,7.21276,4.00004,429,380900,0.0292186,0.09,1,67813,67384,429
4556661,7.04255,8.00001,427,380900,0.0378437,0.04,1,67820,67393,427
4558741,13.4085,7.2,435,380900,0.0155687,0.06,1,67835,67400,435
4560821,7.4817,13.44,426,380900,0.0351137,0.02,1,67841,67415,426
4563741,4.69634,8.288,423,380900,0.0310228,0.02,1,67845,67422,423
4566021,5.73927,4.8576,425,380900,0.0382046,0.02,1,67851,67426,425
4568941,4.34785,5.77152,423,380900,0.0316409,0.02,1,67855,67432,423
4571221,5.66957,4.3543,425,380900,0.00632818,0.01,1,67861,67436,425
4574141,4.33391,4.87086,424,380900,0.00126564,0.03,1,67865,67441,424
4576001,3.26678,4.17417,423,380900,0.0162531,0.02,1,67868,67445,423
4578921,6.25336,4.83483,425,380900,0.0272506,0.04,1,67875,67450,425
4581841,5.25067,4.16697,426,380900,0.0134501,0.04,1,67880,67454,426
4584761,3.45013,4.03339,425,380900,0.01069,0.08,1,67883,67458,425
4587441,5.49003,4.00668,427,380900,0.018138,0.06,1,67889,67462,427
4589521,6.69801,5.60134,428,380900,0.0196276,0.07,1,67896,67468,428
4592441,5.3396,5.12027,428,380900,0.0119255,0.1,1,67901,67473,428
4594101,2.66792,4.22405,426,380900,0.0103851,0.12,1,67903,67477,426
4597021,5.33358,5.64481,426,380900,0.010077,0.13,1,67909,67483,426
4599301,17.8667,4.32896,443,380900,0.0180154,0.08,1,67930,67487,443
4602221,6.77334,20.0658,423,380900,0.0116031,0.02,1,67934,67511,423
4605141,4.55467,7.21316,423,380900,0.0263206,0.03,1,67938,67515,423
4608061,4.11093,4.64263,423,380900,0.0372641,0.01,1,67942,67519,423
4610981,4.02219,4.12853,423,380900,0.0554528,0.03,1,67946,67523,423
4613901,5.60444,4.02571,425,380900,0.0190906,0.01,1,67952,67527,425
4616561,5.92089,4.00514,427,380900,0.00381811,0.01,1,67958,67531,427
4618641,6.78418,4.80103,429,380900,0.00876362,0.11,1,67965,67536,429
4621561,6.15684,5.76021,429,380900,0.0657527,0.15,1,67971,67542,429
4623841,5.23137,4.35204,430,380900,0.0611505,0.17,1,67976,67546,430
4626761,10.6463,11.2704,429,380900,0.0682301,0.16,1,67988,67559,429
4629681,6.12925,5.45408,430,380900,0.013646,0.1,1,67993,67563,430
4632601,4.42585,4.29082,430,380900,0.0107292,0.13,1,67997,67567,430
4635521,5.68517,4.05816,432,380900,0.0341458,0.15,1,68003,67571,432
4637361,3.53703,4.01163,431,380900,0.0308292,0.2,1,68006,67575,431
4639441,7.10741,6.40233,432,380900,0.0461658,0.2,1,68014,67582,432
4642361,10.2215,9.28047,433,380900,0.0412332,0.21,1,68025,67592,433
4645281,5.2443,5.05609,433,380900,0.0322466,0.19,1,68029,67596,433
4647761,3.44886,4.21122,432,380900,0.0464493,0.2,1,68032,67600,432
4650681,5.48977,7.24224,430,380900,0.0492899,0.2,1,68038,67608,430
4652341,86.698,4.64845,533,380900,0.041858,0.05,1,68145,67612,533
4655261,22.1396,91.3297,426,380900,0.0323716,0.05,1,68151,67725,426
4657541,10.8279,21.4659,430,380900,0.0144743,0.09,1,68159,67729,430
4659621,40.5656,12.2932,468,380900,0.0268949,0.06,1,68207,67739,468
4662541,11.3131,41.6586,423,380900,0.045379,0.03,1,68211,67788,423
4665461,6.26262,11.5317,424,380900,0.0410758,0.01,1,68216,67792,424
4668381,3.65252,5.50635,423,380900,0.0162152,0.01,1,68219,67796,423
4671301,4.7305,4.30127,424,380900,0.011243,0.03,1,68224,67800,424
4673761,3.3461,4.06025,423,380900,0.00224861,0.03,1,68227,67804,423
4676681,6.26922,4.81205,425,380900,0.00844972,0.03,1,68234,67809,425
4679601,4.45384,4.16241,425,380900,0.0256899,0.04,1,68238,67813,425
4682521,3.29077,4.03248,424,380900,0.013138,0.08,1,68241,67817,424
4684581,6.25815,4.0065,427,380900,0.0266276,0.05,1,68248,67821,427
4687281,4.45163,6.4013,424,380900,0.0533255,0.04,1,68252,67828,424
4689361,7.29033,8.48026,423,380900,0.0746651,0.02,1,68260,67837,423
4692281,11.0581,11.2961,423,380900,0.078933,0.05,1,68272,67849,423
4695201,5.41161,5.45921,423,380900,0.0797866,0.01,1,68276,67853,423
4698101,6.68232,4.29184,426,380900,0.0479573,0.01,1,68283,67857,426
4701021,5.33646,6.45837,424,380900,0.0175915,0.02,1,68288,67864,424
4703301,9.86729,4.49167,431,380900,0.00351829,0.02,1,68299,67868,431
4706221,5.17346,9.69833,424,380900,0.000703658,0.01,1,68303,67879,424
4709141,4.23469,5.13967,424,380900,0.000140732,0.03,1,68307,67883,424
4712061,3.24694,4.22793,423,380900,0.0240281,0.06,1,68310,67887,423
4714981,3.84939,4.04559,423,380900,0.0128056,0.05,1,68314,67891,423
4717901,3.96988,4.00912,423,380900,0.00256113,0.03,1,68318,67895,423
4720821,4.79398,4.00182,424,380900,0.00851223,0.03,1,68323,67899,424
4723741,5.7588,4.00036,426,380900,0.0337024,0.03,1,68329,67903,426
4726181,8.35176,4.00007,431,380900,0.0627405,0.09,1,68338,67907,431
4727841,3.27035,7.20001,425,380900,0.0685481,0.04,1,68340,67915,425
4730761,20.6541,23.04,423,380900,0.0697096,0.06,1,68365,67942,423
4733681,7.33081,7.808,423,380900,0.0379419,0.01,1,68369,67946,423
4736601,4.66616,4.7616,423,380900,0.0235884,0.02,1,68373,67950,423
4739521,4.13323,4.15232,423,380900,0.0287177,0.01,1,68377,67954,423
4742441,7.22665,4.03046,427,380900,0.0137435,0.01,1,68385,67958,427
4744481,3.04533,4.00609,425,380900,0.0107487,0.03,1,68387,67962,425
4747401,5.40907,4.80122,426,380900,0.00214974,0.08,1,68393,67967,426
4749681,4.28181,4.16024,426,380900,0.000429948,0.07,1,68397,67971,426
4751761,3.25636,3.23205,426,380900,0.032086,0.07,1,68400,67974,426
4754681,10.2513,11.8464,424,380900,0.134417,0.02,1,68412,67988,424
4756341,7.65025,5.56928,427,380900,0.114883,0.03,1,68419,67992,427
4759261,5.53005,5.91386,426,380900,0.0709767,0.07,1,68424,67998,426
4761541,7.50601,4.38277,430,380900,0.0621953,0.09,1,68432,68002,430
4764461,4.7012,7.27655,426,380900,0.0604391,0.07,1,68436,68010,426
4767381,2.54024,4.65531,424,380900,0.0440878,0.08,1,68438,68014,424
4770301,3.70805,4.13106,424,380900,0.00881756,0.09,1,68442,68018,424
4771941,7.14161,4.02621,428,380900,0.0257635,0.05,1,68450,68022,428
4774021,7.82832,6.40524,429,380900,0.0131527,0.03,1,68458,68029,429
4776941,3.16566,6.08105,425,380900,0.0106305,0.09,1,68460,68035,425
4778801,2.23313,4.41621,423,380900,0.0341261,0.08,1,68462,68039,423
4780881,6.04663,5.68324,424,380900,0.0708252,0.03,1,68469,68045,424
4783801,87.6093,87.5366,424,380900,0.062165,0,1,68577,68153,424
4786721,20.7219,20.7073,424,380900,0.036433,0.03,1,68581,68157,424
4789621,49.7444,7.34147,477,380900,0.0712866,0.04,1,68638,68161,477
4792541,13.1489,47.8683,423,380900,0.0382573,0.01,1,68642,68219,423
4795461,5.82977,12.7737,423,380900,0.0316515,0.02,1,68646,68223,423
4798381,5.16595,5.75473,424,380900,0.00633029,0.01,1,68651,68227,424
4801301,4.23319,4.35095,424,380900,0.00126606,0.01,1,68655,68231,424
4803141,4.04664,4.07019,424,380900,0.0162532,0.05,1,68659,68235,424
4806061,6.40933,4.01404,427,380900,0.0112506,0.06,1,68666,68239,427
4808341,2.88187,4.00281,425,380900,0.0102501,0.01,1,68668,68243,425
4811261,3.77637,3.20056,426,380900,0.02605,0.08,1,68672,68246,426
4813121,3.95527,3.84011,426,380900,0.05321,0.08,1,68676,68250,426
4816041,6.39105,5.56802,427,380900,0.010642,0.12,1,68683,68256,427
4818321,4.47821,4.3136,427,380900,0.0341284,0.1,1,68687,68260,427
4820401,3.29564,3.26272,427,380900,0.0468257,0.08,1,68690,68263,427
4823321,9.45913,12.6525,423,380900,0.0413651,0.06,1,68701,68278,423
4825601,5.09183,5.73051,423,380900,0.072273,0.01,1,68705,68282,423
4828521,13.8184,13.1461,424,380900,0.0464546,0.02,1,68721,68297,424
4831441,5.16367,5.82922,423,380900,0.0412909,0.01,1,68724,68301,423
4833301,7.43273,4.36584,427,380900,0.0242582,0.03,1,68732,68305,427
4836221,4.68655,6.47317,424,380900,0.00485164,0.01,1,68736,68312,424
4839141,4.13731,4.49463,424,380900,0.000970327,0.02,1,68740,68316,424
4841621,4.02746,4.09893,424,380900,0.0241941,0.01,1,68744,68320,424
4844541,4.80549,3.21979,426,380900,0.00483881,0.05,1,68749,68323,426
4847461,4.1611,3.84396,426,380900,0.00896776,0.06,1,68753,68327,426
4849941,5.63222,3.96879,428,380900,0.00179355,0.08,1,68759,68331,428
4852861,4.32644,5.59376,426,380900,0.0243587,0.09,1,68763,68337,426
4854721,3.26529,4.31875,425,380900,0.0208717,0.06,1,68766,68341,425
4857641,6.25306,4.86375,427,380900,0.0681743,0.07,1,68773,68346,427
4860341,19.6506,4.17275,446,380900,0.0936349,0.03,1,68796,68350,446
4863261,7.13012,22.4346,423,380900,0.098727,0.01,1,68800,68377,423
4866181,4.62602,7.68691,423,380900,0.0757454,0.03,1,68804,68381,423
4868661,4.9252,4.73738,424,380900,0.0711491,0.01,1,68809,68385,424
4871581,4.98504,4.14748,425,380900,0.0462298,0.01,1,68814,68389,425
4874501,5.79701,4.0295,427,380900,0.033246,0.03,1,68820,68393,427
4877421,6.7594,4.0059,430,380900,0.0226492,0.06,1,68827,68397,430
4880341,6.15188,4.00118,432,380900,0.0125298,0.11,1,68833,68401,432
4882181,3.63038,4.00024,431,380900,0.00250597,0.15,1,68836,68405,431
4884261,5.52608,8.00005,428,380900,0.0405012,0.1,1,68842,68414,428
4886341,9.90522,6.40001,433,380900,0.0241002,0.06,1,68853,68420,433
4889261,5.98104,12.48,424,380900,0.02882,0.04,1,68858,68434,424
4891541,8.39621,5.696,429,380900,0.00576401,0.06,1,68867,68438,429
4894461,5.67924,9.1392,424,380900,0.0011528,0.03,1,68872,68448,424
4897381,5.93585,5.02784,426,380900,0.00823056,0.03,1,68878,68452,426
4900301,5.18717,4.20557,427,380900,0.00164611,0.05,1,68883,68456,427
4901941,4.23743,4.04111,427,380900,0.00832922,0.09,1,68887,68460,427
4904861,5.64749,4.00822,429,380900,0.00166584,0.11,1,68893,68464,429
4907761,5.1295,4.00164,430,380900,0.0563332,0.12,1,68898,68468,430
4910681,3.4259,4.00033,429,380900,0.0512666,0.15,1,68901,68472,429
4913381,87.0852,4.00007,533,380900,0.0182533,0.01,1,69009,68476,533
4916301,22.217,91.2,426,380900,0.0516507,0.01,1,69015,68589,426
4918581,45.2434,21.44,473,380900,0.0423301,0.05,1,69066,68593,473
4921501,13.0487,47.488,424,380900,0.072466,0,1,69071,68647,424
4924421,5.80974,12.6976,424,380900,0.0784932,0.01,1,69075,68651,424
4927341,3.56195,5.73952,423,380900,0.0876986,0.06,1,69078,68655,423
4930261,4.71239,4.3479,424,380900,0.0575397,0.05,1,69083,68659,424
4933181,4.94248,4.06958,425,380900,0.0115079,0.01,1,69088,68663,425
4936101,3.3885,4.01392,424,380900,0.0103016,0.05,1,69091,68667,424
4938961,3.0777,4.00278,423,380900,0.0100603,0.01,1,69094,68671,423
4941881,10.2155,9.60056,424,380900,0.00201206,0.05,1,69106,68682,424
4944161,6.84311,5.12011,426,380900,0.00840241,0.04,1,69112,68686,426
4947081,6.96862,5.82402,427,380900,0.00968048,0.06,1,69119,68692,427
4950001,3.79372,4.3648,426,380900,0.0099361,0.05,1,69122,68696,426
4952901,6.35874,4.07296,429,380900,0.0739872,0.07,1,69129,68700,429
4954981,6.87175,6.41459,429,380900,0.0707974,0.09,1,69136,68707,429
4956641,3.77435,7.68292,424,380900,0.0621595,0.04,1,69139,68715,424
4958721,7.15487,8.73658,423,380900,0.0924319,0.02,1,69147,68724,423
4961641,9.43097,8.14732,425,380900,0.0904864,0.02,1,69157,68732,425
4963301,5.08619,4.82946,425,380900,0.0580973,0.07,1,69161,68736,425
4966221,4.21724,5.76589,423,380900,0.0596195,0.05,1,69165,68742,423
4968501,8.04345,4.35318,428,380900,0.0199239,0.03,1,69174,68746,428
4971421,4.80869,7.27064,424,380900,0.00398478,0,1,69178,68754,424
4974341,4.96174,4.65413,425,380900,0.000796956,0.03,1,69183,68758,425
4977261,4.99235,4.13083,426,380900,0.00815939,0.06,1,69188,68762,426
4980181,4.99847,4.02617,427,380900,0.00963188,0.08,1,69193,68766,427
4983101,2.59969,4.00523,425,380900,0.00192638,0.08,1,69195,68770,425
4985141,4.51994,4.00105,426,380900,0.00838527,0.08,1,69200,68774,426
4987841,5.70399,3.20021,429,380900,0.00967706,0.08,1,69206,68777,429
4990761,19.5408,23.04,424,380900,0.00993541,0.09,1,69229,68805,424
4993681,7.10816,7.80801,424,380900,0.00998708,0.05,1,69233,68809,424
4996601,5.42163,4.7616,425,380900,0.00199742,0.05,1,69238,68813,425
4999521,2.68433,4.15232,423,380900,0.0163995,0.05,1,69240,68817,423
5002401,3.73687,4.03046,423,380900,0.0112799,0.02,1,69244,68821,423
5005321,7.14737,5.60609,425,380900,0.010256,0.01,1,69252,68827,425
5006981,3.82947,4.32122,424,380900,0.0100512,0.01,1,69255,68831,424
5009061,10.3659,4.06424,432,380900,0.0180102,0.01,1,69267,68835,432
5011981,6.07318,10.4128,425,380900,0.059602,0.04,1,69272,68847,425
5014881,4.41464,5.28257,425,380900,0.0359204,0.06,1,69276,68851,425
5016961,4.08293,5.85651,423,380900,0.0151841,0.05,1,69280,68857,423
5019881,6.41659,6.7713,423,380900,0.0590368,0.01,1,69287,68864,423
5021541,7.68332,4.55426,427,380900,0.0518074,0.03,1,69295,68868,427
5024461,4.73666,7.31085,423,380900,0.0343615,0,1,69299,68876,423
5026741,5.74733,4.66217,425,380900,0.00687229,0.03,1,69305,68880,425
5028401,4.34947,4.93243,424,380900,0.00137446,0.07,1,69309,68885,424
5031321,8.86989,8.98649,424,380900,0.00827489,0.08,1,69319,68895,424
5034241,5.77398,4.9973,425,380900,0.017655,0.04,1,69324,68899,425
5037161,5.9548,4.19946,427,380900,0.003531,0.05,1,69330,68903,427
5040081,4.39096,4.03989,427,380900,0.0247062,0.07,1,69334,68907,427
5042341,87.2782,4.00798,531,380900,0.0129412,0.01,1,69442,68911,531
5045261,21.4556,90.4016,424,380900,0.0505883,0.01,1,69447,69023,424
5047121,7.49113,21.2803,424,380900,0.0661177,0.1,1,69451,69027,424
5050041,39.8982,43.4561,423,380900,0.0212235,0.1,1,69499,69076,423
5052961,11.1796,11.8912,423,380900,0.0122447,0.03,1,69503,69080,423
5055881,7.03593,5.57824,425,380900,0.0104489,0.01,1,69509,69084,425
5058801,3.80719,4.31565,424,380900,0.0100898,0.03,1,69512,69088,424
5061721,3.16144,4.06313,423,380900,0.00201796,0.06,1,69515,69092,423
5064641,3.83229,4.01263,423,380900,0.000403591,0.05,1,69519,69096,423
5067561,3.96646,4.00253,423,380900,8.07183e-05,0.03,1,69523,69100,423
5070001,3.99329,4.00051,423,380900,0.00801614,0.03,1,69527,69104,423
5072921,10.3987,8.0001,426,380900,0.00960323,0.02,1,69539,69113,426
5075201,6.87973,4.80002,428,380900,0.0179206,0.08,1,69545,69117,428
5078121,6.17595,8.16,425,380900,0.0275841,0.1,1,69551,69126,425
5080401,3.63519,4.832,424,380900,0.0375168,0.12,1,69554,69130,424
5083321,6.32704,3.3664,428,380900,0.0315034,0.07,1,69561,69133,428
5084981,6.06541,3.87328,430,380900,0.0143007,0.1,1,69567,69137,430
5087681,5.21308,6.37466,428,380900,0.0268601,0.08,1,69572,69144,428
5089761,4.24262,6.07493,426,380900,0.069372,0.08,1,69576,69150,426
5091841,7.24852,9.21499,424,380900,0.125874,0.03,1,69584,69160,424
5094761,9.4497,10.643,423,380900,0.0331749,0,1,69594,69171,423
5097041,5.08994,5.3286,423,380900,0.022635,0.01,1,69598,69175,423
5099961,3.41799,3.46572,423,380900,0.020527,0.02,1,69601,69178,423
5102241,3.8836,3.89314,423,380900,0.0041054,0.04,1,69605,69182,423
5105161,4.77672,4.77863,423,380900,0.0248211,0.01,1,69610,69187,423
5106821,8.95534,4.15573,429,380900,0.0209642,0.03,1,69620,69191,429
5109741,5.79107,8.03115,425,380900,0.00419284,0.03,1,69625,69200,425
5112661,5.15821,4.80623,426,380900,0.000838568,0.05,1,69630,69204,426
5115581,5.03164,4.16125,427,380900,0.00816771,0.07,1,69635,69208,427
5118501,3.40633,4.03225,426,380900,0.00963354,0.08,1,69638,69212,426
5120341,15.0813,4.00645,440,380900,0.121927,0.02,1,69656,69216,440
5123261,6.21625,16.8013,424,380900,0.120385,0.06,1,69660,69236,424
5125541,6.04325,6.56026,426,380900,0.0640771,0.03,1,69666,69240,426
5128461,4.40865,6.91205,423,380900,0.0608154,0.02,1,69670,69247,423
5131381,4.08173,4.58241,423,380900,0.0841631,0.03,1,69674,69251,423
5133441,4.01635,4.11648,423,380900,0.0808326,0.03,1,69678,69255,423
5136361,4.80327,3.2233,425,380900,0.0641665,0.01,1,69683,69258,425
5139061,12.9607,3.84466,436,380900,0.0128333,0.05,1,69698,69262,436
5141981,5.79213,11.1689,427,380900,0.0265667,0.03,1,69702,69275,427
5144261,5.95843,5.43379,429,380900,0.0533133,0.09,1,69708,69279,429
5147181,4.39169,8.28676,424,380900,0.0346627,0.08,1,69712,69288,424
5150081,3.27834,4.85735,423,380900,0.0309325,0.05,1,69715,69292,423
5153001,7.05567,7.37147,423,380900,0.0381865,0,1,69723,69300,423
5155281,4.61113,4.67429,423,380900,0.0316373,0.03,1,69727,69304,423
5158201,8.12223,7.33486,424,380900,0.0143275,0.05,1,69736,69312,424
5160901,8.82445,4.66697,429,380900,0.00286549,0.03,1,69745,69316,429
5162981,10.5649,8.13339,431,380900,0.0085731,0.02,1,69756,69325,431
5165901,6.91298,10.4267,426,380900,0.0337146,0.01,1,69762,69336,426
5168821,6.1826,5.28534,428,380900,0.0147429,0.05,1,69768,69340,428
5170881,6.83652,4.25707,431,380900,0.00294858,0.06,1,69775,69344,431
5173801,82.9673,88.8514,423,380900,0.0245897,0.03,1,69877,69454,423
5176721,22.1935,20.9703,426,380900,0.00491794,0.01,1,69884,69458,426
5179621,45.2387,7.39406,473,380900,0.000983589,0.01,1,69935,69462,473
5182541,13.0477,44.6788,424,380900,0.000196718,0.01,1,69940,69516,424
5185461,5.80955,12.1358,424,380900,3.93435e-05,0.03,1,69944,69520,424
5188381,3.56191,5.62715,423,380900,0.00800787,0.04,1,69947,69524,423
5191301,4.71238,4.32543,424,380900,0.00960157,0.05,1,69952,69528,424
5194221,4.14248,4.06509,424,380900,0.0259203,0.03,1,69956,69532,424
5197141,3.2285,4.01302,423,380900,0.0451841,0.03,1,69959,69536,423
5200061,4.6457,4.0026,424,380900,0.0170368,0.05,1,69964,69540,424
5202981,5.72914,4.00052,426,380900,0.0194074,0.01,1,69970,69544,426
5204581,8.34583,4.0001,431,380900,0.0598815,0.06,1,69979,69548,431
5207501,4.86917,9.60002,424,380900,0.0519763,0.05,1,69983,69559,424
5210421,6.57383,5.12,427,380900,0.0503953,0.05,1,69990,69563,427
5213341,5.31477,4.224,428,380900,0.0340791,0.06,1,69995,69567,428
5215601,5.86295,4.0448,430,380900,0.00681581,0.14,1,70001,69571,430
5218521,5.97259,11.209,423,380900,0.0253632,0.1,1,70007,69584,423
5220801,5.19452,5.44179,424,380900,0.0770726,0.03,1,70012,69588,424
5223721,7.4389,7.48836,424,380900,0.0874145,0.04,1,70020,69596,424
5226421,4.68778,4.69767,424,380900,0.0734829,0.03,1,70024,69600,424
5229341,2.53756,3.33953,423,380900,0.0386966,0.05,1,70026,69603,423
5232261,4.50751,3.86791,424,380900,0.0157393,0.05,1,70031,69607,424
5234741,4.9015,3.97358,425,380900,0.0671479,0.03,1,70036,69611,425
5236821,12.1803,5.59472,433,380900,0.0214296,0,1,70050,69617,433
5239741,7.23606,11.5189,426,380900,0.00428591,0.01,1,70056,69630,426
5242021,8.64721,5.50379,431,380900,0.000857183,0.07,1,70065,69634,431
5244941,6.52944,6.70076,430,380900,0.000171437,0.08,1,70071,69641,430
5247861,4.50589,4.54015,430,380900,0.0320343,0.11,1,70075,69645,430
5250341,7.30118,4.10803,434,380900,0.0464069,0.1,1,70083,69649,434
5252421,6.26024,11.2216,427,380900,0.0412814,0.07,1,70089,69662,427
5255341,2.85205,4.64432,426,380900,0.0562563,0.07,1,70091,69665,426
5257621,4.57041,4.12886,427,380900,0.0272513,0.09,1,70096,69669,427
5260541,4.11408,4.82577,426,380900,0.0374503,0.1,1,70100,69674,426
5262401,4.02282,4.16515,426,380900,0.0794901,0.09,1,70104,69678,426
5265321,8.00456,9.63303,424,380900,0.079898,0.06,1,70113,69689,424
5268021,8.80091,5.12661,429,380900,0.0399796,0.03,1,70122,69693,429
5269681,4.96018,8.22532,424,380900,0.0159959,0.03,1,70126,69702,424
5272601,8.99204,9.64506,424,380900,0.0111992,0.08,1,70136,69712,424
5274881,4.19841,5.12901,423,380900,0.00223984,0.05,1,70139,69716,423
5277801,5.63968,5.8258,423,380900,0.072448,0.05,1,70145,69722,423
5280721,4.32794,4.36516,423,380900,0.11049,0.02,1,70149,69726,423
5282581,7.26559,4.07303,427,380900,0.0460979,0.03,1,70157,69730,427
5285501,4.65312,6.41461,424,380900,0.0572196,0,1,70161,69737,424
5288401,3.33062,4.48292,423,380900,0.0674439,0.06,1,70164,69741,423
5291321,6.26612,5.69658,424,380900,0.0134888,0.06,1,70171,69747,424
5292981,10.0532,4.33932,431,380900,0.00269776,0.06,1,70182,69751,431
5295061,10.8106,9.66786,431,380900,0.0245396,0,1,70193,69762,431
5297981,6.16213,11.5336,424,380900,0.0289079,0.01,1,70198,69774,424
5300901,5.23243,5.50671,425,380900,0.0137816,0.03,1,70203,69778,425
5303381,85.0465,4.30134,526,380900,0.0427563,0.03,1,70308,69782,526
5306301,23.4093,85.6603,428,380900,0.0885513,0.01,1,70316,69888,428
5308581,44.6819,20.3321,474,380900,0.0657103,0.03,1,70366,69892,474
5311501,12.1364,47.2664,424,380900,0.021142,0.01,1,70370,69946,424
5314421,5.62727,12.6533,424,380900,0.00422841,0.05,1,70374,69950,424
5317341,3.52545,5.73066,423,380900,0.000845682,0.06,1,70377,69954,423
5320261,4.70509,4.34613,424,380900,0.00816914,0.04,1,70382,69958,424
5323181,4.14102,4.06923,424,380900,0.00963383,0.01,1,70386,69962,424
5326101,5.6282,4.01385,426,380900,0.00192677,0.05,1,70392,69966,426
5329021,3.52564,4.00277,425,380900,0.0243854,0.06,1,70395,69970,425
5331941,3.90513,4.00055,425,380900,0.0208771,0.08,1,70399,69974,425
5334581,7.98103,4.00011,430,380900,0.0361754,0.08,1,70408,69978,430
5337501,4.79621,9.60002,423,380900,0.0152351,0.06,1,70412,69989,423
5340421,5.75924,5.12,425,380900,0.027047,0.02,1,70418,69993,425
5342901,11.5518,4.224,434,380900,0.0454094,0.06,1,70431,69997,434
5345821,7.11037,10.4448,428,380900,0.169082,0.09,1,70437,70009,428
5348101,3.82207,5.28896,427,380900,0.201816,0.12,1,70440,70013,427
5351021,5.56441,7.45779,425,380900,0.184363,0.04,1,70446,70021,425
5353301,5.91288,4.69156,427,380900,0.196873,0.03,1,70452,70025,427
5356221,5.98258,6.53831,426,380900,0.183375,0.08,1,70458,70032,426
5359141,2.79652,4.50766,424,380900,0.180675,0.05,1,70460,70036,424
5361621,4.5593,4.10153,425,380900,0.180135,0.07,1,70465,70040,425
5364541,4.11186,5.62031,423,380900,0.132027,0.02,1,70469,70046,423
5366821,3.22237,4.32406,422,380900,0.114405,0.01,1,70472,70050,422
5368901,11.8445,3.26481,433,380900,0.150881,0,1,70486,70053,433
5370561,6.36889,10.253,426,380900,0.126176,0.02,1,70491,70065,426
5373481,6.07378,7.65059,425,380900,0.0652352,0.09,1,70497,70072,425
5375761,3.61476,4.73012,424,380900,0.013047,0.05,1,70500,70076,424
5378681,6.32295,6.54602,424,380900,0.0186094,0.04,1,70507,70083,424
5380341,7.66459,4.5092,428,380900,0.0277219,0.07,1,70515,70087,428
5383041,4.73292,5.70184,426,380900,0.0695444,0.04,1,70519,70093,426
5385961,4.14658,3.54037,427,380900,0.0299089,0.07,1,70523,70096,427
5388881,4.02932,3.90807,427,380900,0.0139818,0.1,1,70527,70100,427
5391361,2.40586,3.98161,425,380900,0.0267964,0.1,1,70529,70104,425
5393441,2.08117,3.19632,424,380900,0.0453593,0.06,1,70531,70107,424
5395521,7.61623,8.63926,423,380900,0.0330719,0.04,1,70540,70117,423
5398441,14.3232,12.1279,426,380900,0.0626144,0.02,1,70556,70130,426
5400721,6.86465,5.62557,427,380900,0.0605229,0.07,1,70561,70134,427
5403641,6.97293,8.32511,425,380900,0.0521046,0.13,1,70568,70143,425
5406561,5.39459,4.86502,426,380900,0.0344209,0.09,1,70573,70147,426
5409481,4.27892,4.173,426,380900,0.0308842,0.06,1,70577,70151,426
5411121,2.45578,4.0346,424,380900,0.0221768,0.06,1,70579,70155,424
5413201,4.49116,5.60692,423,380900,0.00443537,0,1,70584,70161,423
5416121,8.09823,8.32138,423,380900,0.0568871,0.02,1,70593,70170,423
5419041,5.61965,4.86428,424,380900,0.0273774,0,1,70598,70174,424
5420901,8.32393,4.17286,429,380900,0.00547548,0.05,1,70607,70178,429
5423601,4.86479,8.03457,424,380900,0.0090951,0,1,70611,70187,424
5426521,15.373,16.0069,424,380900,0.017819,0.01,1,70629,70205,424
5429441,7.87459,6.40138,426,380900,0.0115638,0,1,70635,70209,426
5431921,7.17492,4.48028,429,380900,0.00231276,0.08,1,70642,70213,429
5434841,83.835,86.4961,425,380900,0.000462552,0.01,1,70745,70320,425
5437121,20.767,20.4992,426,380900,0.0400925,0.02,1,70750,70324,426
5440041,40.1534,42.4998,423,380900,0.0320185,0,1,70795,70372,423
5442321,11.2307,11.7,423,380900,0.0384037,0.01,1,70799,70376,423
5445241,7.84614,7.13999,424,380900,0.00768074,0.03,1,70806,70382,424
5447521,3.96923,4.628,423,380900,0.00153615,0.04,1,70809,70386,423
5450441,7.19385,6.5256,424,380900,0.00030723,0.02,1,70817,70393,424
5453361,4.63877,4.50512,424,380900,0.00806145,0.01,1,70821,70397,424
5456281,4.12775,4.10102,424,380900,0.0176123,0.05,1,70825,70401,424
5459201,4.02555,4.0202,424,380900,0.0115225,0.06,1,70829,70405,424
5462081,4.00511,4.00404,424,380900,0.0103045,0.03,1,70833,70409,424
5465001,5.60102,4.00081,426,380900,0.0020609,0.06,1,70839,70413,426
5467921,4.3202,4.00016,426,380900,0.00041218,0.06,1,70843,70417,426
5469781,13.664,4.00003,438,380900,0.0480824,0.09,1,70859,70421,438
5471441,5.13281,7.20001,433,380900,0.00961649,0.23,1,70862,70429,433
5474361,8.22656,9.44,432,380900,0.0339233,0.22,1,70871,70439,432
5476641,5.64531,5.088,433,380900,0.00678466,0.17,1,70876,70443,433
5479561,6.72906,6.6176,433,380900,0.0253569,0.21,1,70883,70450,433
5481841,3.74581,4.52352,432,380900,0.0530714,0.2,1,70886,70454,432
5484761,6.34916,7.3047,431,380900,0.0586143,0.18,1,70893,70462,431
5487681,5.26983,4.66094,432,380900,0.0837229,0.12,1,70898,70466,432
5490601,3.45397,4.13219,431,380900,0.0727446,0.17,1,70901,70470,431
5493521,3.89079,4.02644,431,380900,0.0545489,0.2,1,70905,70474,431
5496441,2.37816,4.00529,429,380900,0.0589098,0.17,1,70907,70478,429
5498901,4.47563,4.00106,430,380900,0.051782,0.12,1,70912,70482,430
5500981,3.29513,9.60021,422,380900,0.0903564,0.07,1,70915,70493,422
5503061,11.859,4.32004,433,380900,0.130071,0.05,1,70929,70496,433
5505981,5.5718,10.464,425,380900,0.106014,0.06,1,70933,70508,425
5508261,6.71436,5.2928,428,380900,0.0852028,0.07,1,70940,70512,428
5510961,6.14287,7.45856,426,380900,0.129041,0.05,1,70946,70520,426
5513881,8.42857,10.2917,424,380900,0.169808,0.05,1,70955,70531,424
5516801,4.88571,5.25834,424,380900,0.169962,0.05,1,70959,70535,424
5519721,4.97714,4.25167,425,380900,0.185992,0.04,1,70964,70539,425
5522641,4.99543,4.05033,426,380900,0.181198,0.03,1,70969,70543,426
5525561,4.19909,4.01007,426,380900,0.17224,0.08,1,70973,70547,426
5528021,9.63982,4.00201,433,380900,0.210448,0.08,1,70984,70551,433
5530941,5.12796,11.2004,424,380900,0.20209,0.05,1,70988,70564,424
5533221,9.02559,5.44008,430,380900,0.192418,0.04,1,70998,70568,430
5536141,6.60512,9.08802,426,380900,0.174484,0.02,1,71004,70578,426
5538421,5.32102,5.0176,427,380900,0.202897,0.07,1,71009,70582,427
5541341,4.2642,6.60352,424,380900,0.224579,0.08,1,71013,70589,424
5544241,3.25284,4.5207,423,380900,0.212916,0.05,1,71016,70593,423
5547161,7.05057,7.30414,423,380900,0.242583,0,1,71024,70601,423
5549441,5.41011,4.66083,424,380900,0.192517,0.03,1,71029,70605,424
5552361,10.682,10.5322,424,380900,0.0945033,0.03,1,71041,70617,424
5554641,5.3364,5.30643,424,380900,0.0829007,0,1,71045,70621,424
5557561,19.4673,17.8613,426,380900,0.0725801,0,1,71068,70642,426
5560481,7.89346,6.77226,427,380900,0.014516,0.01,1,71073,70646,427
5562961,5.57869,4.55445,428,380900,0.0029032,0.08,1,71078,70650,428
5565881,81.9157,84.9109,424,380900,0.0805806,0.07,1,71179,70755,424
5568161,20.3831,20.1822,425,380900,0.128116,0,1,71184,70759,425
5571081,41.6766,43.2364,423,380900,0.0816232,0,1,71231,70808,423
5574001,12.3353,11.8473,424,380900,0.0483246,0.01,1,71236,70812,424
5576921,4.86707,5.56946,423,380900,0.0176649,0.03,1,71239,70816,423
5578561,3.37341,4.31389,422,380900,0.011533,0.01,1,71242,70820,422
5581481,7.07468,6.46278,423,380900,0.0103066,0.03,1,71250,70827,423
5584401,4.61494,4.49256,423,380900,0.00206132,0.02,1,71254,70831,423
5586881,4.12299,4.09851,423,380900,0.00841226,0,1,71258,70835,423
5589801,6.4246,4.0197,426,380900,0.0256825,0.01,1,71265,70839,426
5592721,5.28492,4.00394,427,380900,0.0131365,0.05,1,71270,70843,427
5594581,4.25698,4.00079,427,380900,0.0186273,0.11,1,71274,70847,427
5597501,4.0514,7.20016,423,380900,0.00372546,0.06,1,71278,70855,423
5600401,5.61028,4.64003,425,380900,0.0167451,0.04,1,71284,70859,425
5603321,13.1221,12.128,426,380900,0.019349,0,1,71299,70873,426
5606021,7.42441,5.6256,428,380900,0.0038698,0.05,1,71305,70877,428
5607681,4.68488,5.92512,426,380900,0.000773961,0.06,1,71309,70883,426
5610601,8.93698,9.18502,426,380900,0.00815479,0.1,1,71319,70893,426
5612881,4.9874,5.037,426,380900,0.00963096,0.06,1,71323,70897,426
5615801,6.59748,5.0074,428,380900,0.0179262,0.07,1,71330,70902,428
5618721,5.3195,4.20148,429,380900,0.0115852,0.07,1,71335,70906,429
5621641,5.0639,4.0403,430,380900,0.00231705,0.12,1,71340,70910,430
5624561,4.21278,4.00806,430,380900,0.0324634,0.13,1,71344,70914,430
5627481,3.24256,4.00161,429,380900,0.0464927,0.18,1,71347,70918,429
5630401,3.04851,4.00032,428,380900,0.0332985,0.18,1,71350,70922,428
5633061,7.0097,4.00006,432,380900,0.0546597,0.13,1,71358,70926,432
5635981,6.20194,7.20001,430,380900,0.0429319,0.11,1,71364,70934,430
5638261,7.64039,4.64,434,380900,0.112586,0.14,1,71372,70938,434
5640341,7.92808,5.728,436,380900,0.110517,0.18,1,71380,70944,436
5642001,4.78562,6.7456,433,380900,0.118103,0.17,1,71384,70951,433
5644081,4.95712,7.74912,430,380900,0.111621,0.21,1,71389,70959,430
5647001,8.99142,7.14982,433,380900,0.134324,0.18,1,71399,70966,433
5649921,4.99828,4.62996,433,380900,0.114865,0.17,1,71403,70970,433
5652841,3.39966,4.12599,432,380900,0.094973,0.21,1,71406,70974,432
5654901,7.07993,4.0252,436,380900,0.0349946,0.24,1,71414,70978,436
5656561,3.01599,5.60504,432,380900,0.0149989,0.2,1,71416,70984,432
5659481,10.2032,9.92101,433,380900,0.0749998,0.22,1,71428,70995,433
5662401,7.64064,5.1842,436,380900,0.095,0.19,1,71435,70999,436
5665301,3.92813,4.23684,435,380900,0.091,0.25,1,71438,71003,435
5666961,4.78563,6.44737,433,380900,0.0662,0.26,1,71443,71010,433
5669881,6.55712,10.0895,429,380900,0.06124,0.27,1,71450,71021,429
5672801,3.71143,5.21789,428,380900,0.068248,0.18,1,71453,71025,428
5675281,2.34228,4.24358,426,380900,0.0696496,0.18,1,71455,71029,426
5678201,3.66846,3.24872,427,380900,0.0939299,0.13,1,71459,71032,427
5680481,4.73369,3.84974,428,380900,0.074786,0.11,1,71464,71036,428
5683401,10.5467,11.9699,426,380900,0.0229572,0.09,1,71476,71050,426
5685681,5.30935,5.59399,426,380900,0.0445914,0,1,71480,71054,426
5687761,14.6619,16.3188,424,380900,0.0649183,0,1,71497,71073,424
5690681,6.13237,5.66376,425,380900,0.0609837,0.03,1,71501,71076,425
5692341,5.22647,4.33275,426,380900,0.0361967,0.04,1,71506,71080,426
5694001,3.44529,4.06655,425,380900,0.0232393,0.16,1,71509,71084,425
5696921,87.8891,87.2133,426,380900,0.0926479,0.14,1,71618,71192,426
5699201,22.3778,20.6427,428,380900,0.11453,0.01,1,71624,71196,428
5702121,37.2756,40.9285,423,380900,0.142906,0.03,1,71665,71242,423
5705041,10.6551,11.3857,423,380900,0.180581,0.01,1,71669,71246,423
5707961,6.13102,5.47714,424,380900,0.172116,0.01,1,71674,71250,424
5710881,4.4262,4.29543,424,380900,0.170423,0.03,1,71678,71254,424
5713801,3.28524,4.05909,423,380900,0.170085,0.03,1,71681,71258,423
5716721,4.65705,4.01182,424,380900,0.114017,0.06,1,71686,71262,424
5719381,7.33141,4.00236,428,380900,0.0628034,0.05,1,71694,71266,428
5722301,5.46628,7.20047,425,380900,0.0525607,0,1,71699,71274,425
5725221,5.09326,4.64009,426,380900,0.0585121,0.03,1,71704,71278,426
5728141,4.21865,4.12802,426,380900,0.0357024,0.09,1,71708,71282,426
5729781,5.64373,4.0256,428,380900,0.0311405,0.07,1,71714,71286,428
5731441,4.32875,8.00512,423,380900,0.0542281,0.01,1,71718,71295,423
5733521,8.06575,8.00102,424,380900,0.0748456,0.02,1,71727,71303,424
5736441,3.21315,4.0002,423,380900,0.0629691,0.01,1,71729,71306,423
5738101,10.2426,4.00004,431,380900,0.0445938,0.01,1,71741,71310,431
5740181,8.44853,9.60001,428,380900,0.00891877,0.04,1,71749,71321,428
5743101,6.48971,9.12,425,380900,0.00978375,0.03,1,71755,71330,425
5746001,4.49794,5.024,425,380900,0.0259568,0.05,1,71759,71334,425
5748921,12.0996,11.4048,426,380900,0.0451914,0.03,1,71773,71347,426
5751841,4.81992,5.48096,425,380900,0.0650383,0.03,1,71776,71351,425
5754761,5.76398,4.29619,427,380900,0.0850077,0.09,1,71782,71355,427
5757681,5.9528,4.05924,429,380900,0.137002,0.07,1,71788,71359,429
5760561,3.59056,4.01185,428,380900,0.1314,0.11,1,71791,71363,428
5763481,6.31811,6.40237,428,380900,0.11428,0.1,1,71798,71370,428
5766401,3.66362,4.48047,427,380900,0.094856,0.12,1,71801,71374,427
5768881,3.93272,4.09609,427,380900,0.0749712,0.12,1,71805,71378,427
5770961,5.58655,3.21922,430,380900,0.0549942,0.14,1,71811,71381,430
5773881,6.71731,6.24384,430,380900,0.0989989,0.16,1,71818,71388,430
5776581,11.7435,4.44877,439,380900,0.1238,0.06,1,71831,71392,439
5779501,5.54869,16.0898,424,380900,0.11276,0.03,1,71835,71411,424
5782421,6.70974,6.41795,427,380900,0.086552,0.04,1,71842,71415,427
5785341,4.54195,4.48359,427,380900,0.0653104,0.06,1,71846,71419,427
5787601,4.90839,4.09672,428,380900,0.0370621,0.1,1,71851,71423,428
5789681,5.78168,7.21934,426,380900,0.0634124,0.07,1,71857,71431,426
5792601,10.7563,10.2439,427,380900,0.140682,0.09,1,71869,71442,427
5795521,6.15127,5.24877,428,380900,0.172137,0.08,1,71874,71446,428
5797381,8.43025,4.24975,433,380900,0.0904273,0.11,1,71883,71450,433
5800301,3.28605,9.64995,424,380900,0.0580855,0.09,1,71885,71461,424
5803221,3.05721,5.12999,423,380900,0.0836171,0.09,1,71888,71465,423
5806141,6.21144,4.226,426,380900,0.152723,0.06,1,71895,71469,426
5807781,6.04229,4.0452,428,380900,0.126545,0.03,1,71901,71473,428
5810701,5.20846,4.80904,428,380900,0.153309,0.11,1,71906,71478,428
5812981,3.44169,4.16181,427,380900,0.126662,0.1,1,71909,71482,427
5815901,3.08834,3.23236,427,380900,0.121332,0.1,1,71912,71485,427
5818181,12.6177,3.84647,438,380900,0.0962665,0.03,1,71927,71489,438
5820881,5.72353,15.9693,423,380900,0.115253,0.02,1,71931,71508,423
5823801,9.14471,9.59386,425,380900,0.119051,0.02,1,71941,71516,425
5826501,95.4289,5.11877,538,380900,0.16781,0.12,1,72058,71520,538
5829421,23.8858,89.8238,433,380900,0.153562,0.11,1,72064,71631,433
5831701,34.3772,21.1648,466,380900,0.198712,0.2,1,72101,71635,466
5834621,10.0754,38.633,427,380900,0.207742,0.16,1,72105,71678,427
5837541,3.61509,10.9266,425,380900,0.217549,0.12,1,72107,71682,425
5840461,3.92302,5.38532,425,380900,0.23551,0.1,1,72111,71686,425
5843381,4.7846,4.27706,426,380900,0.255102,0.07,1,72116,71690,426
5846301,3.35692,4.05541,425,380900,0.23502,0.07,1,72119,71694,425
5849221,3.87138,4.01108,425,380900,0.271004,0.09,1,72123,71698,425
5851461,6.37428,4.00222,428,380900,0.294201,0.05,1,72130,71702,428
5854381,5.27486,5.60044,427,380900,0.29884,0.07,1,72135,71708,427
5856241,3.45497,4.32009,426,380900,0.283768,0.08,1,72138,71712,426
5859161,3.89099,4.06402,426,380900,0.296754,0.11,1,72142,71716,426
5861861,3.9782,4.0128,426,380900,0.307351,0.1,1,72146,71720,426
5863941,3.19564,5.60256,423,380900,0.29347,0.08,1,72149,71726,423
5866021,7.83913,3.52051,429,380900,0.242694,0.06,1,72158,71729,429
5868101,12.7678,7.9041,434,380900,0.336539,0,1,72172,71738,434
5870181,10.5536,11.9808,431,380900,0.323308,0.08,1,72182,71751,431
5873101,6.11071,10.3962,426,380900,0.280662,0.05,1,72187,71761,426
5875381,9.22214,5.27923,432,380900,0.264132,0.07,1,72197,71765,432
5878301,5.84443,6.65585,430,380900,0.300826,0.09,1,72202,71772,430
5880581,9.96889,4.53117,437,380900,0.332165,0.14,1,72213,71776,437
5883501,5.19378,11.3062,428,380900,0.346433,0.12,1,72217,71789,428
5885361,1.83876,5.46125,425,380900,0.333287,0.13,1,72218,71793,425
5888281,3.56775,4.29225,425,380900,0.370657,0.11,1,72222,71797,425
5891201,4.71355,4.05845,426,380900,0.370131,0.08,1,72227,71801,426
5894121,6.54271,4.01169,429,380900,0.354026,0.07,1,72234,71805,429
5897041,5.30854,4.00234,430,380900,0.382805,0.09,1,72239,71809,430
5899921,5.06171,4.00047,431,380900,0.412561,0.16,1,72244,71813,431
5902841,5.81234,7.20009,429,380900,0.418512,0.19,1,72250,71821,429
5905541,11.5625,4.64002,438,380900,0.475702,0.1,1,72263,71825,438
5908461,7.11249,15.328,426,380900,0.49514,0.08,1,72269,71843,426
5910321,4.6225,6.2656,426,380900,0.515028,0.04,1,72273,71847,426
5913241,7.3245,5.25312,429,380900,0.503006,0.1,1,72281,71852,429
5916161,5.4649,4.25062,430,380900,0.508601,0.12,1,72286,71856,430
5919081,5.09298,4.05012,431,380900,0.50972,0.14,1,72291,71860,431
5920721,3.4186,4.01002,430,380900,0.557944,0.14,1,72294,71864,430
5923641,10.2837,11.202,429,380900,0.647589,0.11,1,72306,71877,429
5925921,6.85674,5.4404,431,380900,0.649518,0.15,1,72312,71881,431
5928841,6.17135,7.48808,429,380900,0.657903,0.19,1,72318,71889,429
5931761,5.23427,4.69762,430,380900,0.683581,0.17,1,72323,71893,430
5934241,3.44685,4.13952,429,380900,0.664716,0.15,1,72326,71897,429
5937161,6.28937,6.4279,429,380900,0.708943,0.14,1,72333,71904,429
5939861,7.65787,4.48558,433,380900,0.749789,0.14,1,72341,71908,433
5942781,5.53157,8.89712,428,380900,0.797958,0.13,2,72346,71918,428
5945701,4.30631,4.97942,428,380900,0.815592,0.11,2,72350,71922,428
5948181,11.2613,4.19588,437,380900,0.747118,0.14,1,72363,71926,437
5951101,5.45225,11.2392,428,380900,0.757424,0.16,2,72367,71939,428
5953381,6.69045,5.44784,431,380900,0.759485,0.11,2,72374,71943,431
5955461,96.5381,9.08957,540,380900,0.871897,0.16,2,72493,71953,540
5957121,23.3076,92.2179,432,380900,0.942379,0.19,2,72498,72066,432
5960041,14.2615,27.2436,433,380900,0.852476,0.18,2,72510,72077,433
5961701,30.8523,8.64872,464,380900,0.882495,0.26,2,72545,72081,464
5964621,10.9705,26.5297,439,380900,0.904499,0.27,2,72551,72112,439
5967541,4.59409,8.50595,438,380900,0.9169,0.27,2,72554,72116,438
5970461,4.11882,4.90119,438,380900,0.87938,0.32,2,72558,72120,438
5973381,3.22376,4.18024,437,380900,0.863876,0.3,2,72561,72124,437
5976301,3.84475,4.03605,437,380900,0.900775,0.32,2,72565,72128,437
5978341,3.16895,4.00721,436,380900,0.908155,0.3,2,72568,72132,436
5981261,3.83379,3.20144,437,380900,0.909631,0.31,2,72572,72135,437
6032421,10,4,454,380900,0.96,0.5,2,72707,72253,454
6056761,11,10,459,380900,0.97,0.74,2,72776,72317,459
6528521,6,4,481,4294967295,0.9,1,2,75099,74618,481
6578161,2,4,511,4294967295,0.88,1,2,75197,74686,511
6581081,2,4,509,4294967295,0.864,1,2,75199,74690,509
6584001,10.8,4,518,4294967295,0.8848,1,2,75212,74694,518
6717161,1625,1622,625,1460,0.38,0,1,78078,77453,625
6718621,965.8,966.8,623,5840,0.076,0,1,78879,78256,623
6720081,834.76,835.76,622,6095,0.0712,0,1,79681,79059,622
6721541,844.552,809.552,666,6095,0.13424,0,1,80528,79862,666
6723001,776.11,804.31,622,6095,0.050848,0,1,81287,80665,622
6724461,797.622,803.262,622,7555,0.0101696,0,1,82090,81468,622
6725921,802.724,803.052,623,9015,0.0420339,0,1,82894,82271,623
6727381,804.545,803.011,625,9590,0.0164068,0,1,83699,83074,625
6728841,801.709,803.002,623,9590,0.0672814,0,1,84500,83877,623
6730301,803.542,803,624,9590,0.0614563,0,1,85304,84680,624
6731761,802.308,803,623,9590,0.0362913,0,1,86106,85483,623
6733221,802.062,803,622,8590,0.0232583,0,1,86908,86286,622
6734681,1299.61,1300.6,621,1460,0.0126516,0,1,88332,87711,621
6736141,1558.32,1556.92,623,1460,0.00253033,0,1,89955,89332,623
6737601,1450.06,1451.38,621,1460,0.00850607,0,1,91378,90757,621
6739061,1587.61,1587.08,622,1460,0.0257012,0,1,93000,92378,622
6740521,1455.12,1457.42,619,1460,0.0131402,0,1,94422,93803,619
6741981,1593.42,1586.68,628,1460,0.00262805,0,1,96050,95422,628
6743441,1454.68,1457.34,623,1460,0.00852561,0,1,97470,96847,623
6744901,1587.74,1589.87,621,1460,0.00170512,0,1,99091,98470,621
6746361,1456.75,1457.97,620,1460,0.024341,0,1,100515,99895,620
6747821,1590.55,1587.59,624,1460,0.0048682,0,1,102139,101515,624
6749281,1455.71,1457.52,621,1460,0.00897364,0,1,103561,102940,621
6750741,1587.94,1588.3,621,1460,0.0497947,0,1,105182,104561,621
6752201,1614.39,1614.46,621,1460,0.00995895,0,1,106803,106182,621
6753661,1621.28,1619.69,623,1460,0.00199179,0,1,108426,107803,623
6755121,1621.06,1622.34,621,1460,0.00839836,0,1,110047,109426,621
6756581,1621.81,1621.27,622,1460,0.00967967,0,1,111669,111047,622
6758041,1621.96,1621.85,622,1460,0.0339359,0,1,113291,112669,622
6759501,1621.99,1621.97,622,1460,0.0147872,0,1,114913,114291,622
6760961,1622,1621.99,622,1460,0.0109574,0,1,116535,115913,622
6762421,1622,1622,622,1460,0.00219149,0,1,118157,117535,622
6763881,1622,1622,622,1460,0.000438297,0,1,119779,119157,622
6765341,1621.2,1622,621,1460,0.00808766,0,1,121400,120779,621
6766801,1622.64,1621.2,623,1460,0.0416175,0,1,123023,122400,623
6768261,1621.33,1622.64,621,1460,0.00832351,0,1,124644,124023,621
6769721,1621.87,1621.33,622,1460,0.0016647,0,1,126266,125644,622
6771181,1621.17,1621.87,621,1460,0.0243329,0,1,127887,127266,621
6772641,1621.83,1621.17,622,1460,0.00486659,0,1,129509,128887,622
6774101,1621.17,1621.83,621,1460,0.000973318,0,1,131130,130509,621
6775561,1621.03,1621.17,621,1460,0.000194664,0,1,132751,132130,621
6777021,1623.41,1621.03,624,1460,3.89327e-05,0,1,134375,133751,624
6778481,1623.08,1623.41,623,1460,7.78654e-06,0,1,135998,135375,623
6779941,1622.22,1623.08,622,1460,0.0240016,0,1,137620,136998,622
6781401,1621.24,1622.22,621,1460,0.0128003,0,1,139241,138620,621
6782861,1623.45,1621.24,624,1460,0.0265601,0,1,140865,140241,624
6784321,1621.49,1623.45,621,1460,0.021312,0,1,142486,141865,621
6785781,1622.7,1621.49,623,1460,0.0042624,0,1,144109,143486,623
6787241,1622.94,1622.7,623,1460,0.00085248,0,1,145732,145109,623
6788701,1621.39,1622.94,621,1460,0.0401705,0,1,147353,146732,621
6790161,1621.88,1621.39,622,1460,0.0320341,0,1,148975,148353,622
6791621,1621.98,1621.88,622,1460,0.0144068,0,1,150597,149975,622
6793081,1622,1621.98,622,1460,0.0268814,0,1,152219,151597,622
6794541,1621.2,1622,621,1460,0.00537627,0,1,153840,153219,621
6796001,1623.44,1621.2,624,1460,0.00907526,0,1,155464,154840,624
6797461,1623.09,1623.44,623,1460,0.00181505,0,1,157087,156464,623
6798921,1622.22,1623.09,622,1460,0.00036301,0,1,158709,158087,622
6800381,1621.24,1622.22,621,1460,7.2602e-05,0,1,160330,159709,621
6801841,1622.65,1621.24,623,1460,1.45204e-05,0,1,161953,161330,623
6803301,1622.13,1622.65,622,1460,0.0080029,0,1,163575,162953,622
6804761,1622.03,1622.13,622,1460,0.00960058,0,1,165197,164575,622
6806221,1622.01,1622.03,622,1460,0.0339201,0,1,166819,166197,622
6807681,1624.4,1622.01,625,1460,0.00678402,0,1,168444,167819,625
6809141,1621.68,1624.4,621,1460,0.0173568,0,1,170065,169444,621
6810601,1621.94,1621.68,622,1460,0.0114714,0,1,171687,171065,622
6812061,1621.19,1621.94,621,1460,0.00229427,0,1,173308,172687,621
6813521,1621.04,1621.19,621,1460,0.000458854,0,1,174929,174308,621
6814981,1621.81,1621.04,622,1460,0.00809177,0,1,176551,175929,622
6816441,1622.76,1621.81,623,1460,0.0256184,0,1,178174,177551,623
6817901,1621.35,1622.76,621,1460,0.0131237,0,1,179795,179174,621
6819361,1624.27,1621.35,625,1460,0.00262473,0,1,181420,180795,625
6820821,1622.45,1624.27,622,1460,0.0645249,0,1,183042,182420,622
6822281,1621.29,1622.45,621,1460,0.020905,0,1,184663,184042,621
6823741,1623.46,1621.29,624,1460,0.036181,0,1,186287,185663,624
6825201,1622.29,1623.46,622,1460,0.0152362,0,1,187909,187287,622
6826661,1622.86,1622.29,623,1460,0.0110472,0,1,189532,188909,623
6828121,1622.17,1622.86,622,1460,0.0742095,0,1,191154,190532,622
6829581,1622.83,1622.17,623,1460,0.0148419,0,1,192777,192154,623
