#Ack,ack_ewma(ms),send_ewma(ms),rtt_ratio,cwnd (Bytes),Last Router Ocupation Ack Arriaval(Packets),Last Router Ocupation Packet Sent(Packets),Network Situation,AckArrival(ms),TSInsideAck(ms),RTTAck(ms)
4381,2,0,425,16060,0.06,0,1,50845,50420,425
7301,2,0,427,17520,0.052,0,1,50847,50420,427
10221,2,0,429,18980,0.0264,0,1,50849,50420,429
13141,2,0,431,20440,0.00528,0,1,50851,50420,431
14601,161.2,0,632,21900,0.033056,0.1,1,51052,50420,632
17521,202.64,338.4,422,23360,0.0866112,0.06,1,51265,50843,422
20441,42.128,69.28,422,24820,0.0653222,0.06,1,51267,50845,422
23361,14.8256,13.856,430,26280,0.125064,0.05,1,51275,50845,430
26281,4.56512,4.3712,430,27740,0.153013,0.02,1,51277,50847,430
29201,2.51302,2.47424,430,29200,0.174603,0.02,1,51279,50849,430
32121,2.1026,0.494848,432,30660,0.146921,0,1,51281,50849,432
35041,2.02052,1.69897,432,32120,0.101384,0.04,1,51283,50851,432
37961,153.204,161.14,422,33580,0.0682768,0.1,1,51474,51052,422
40881,205.841,202.628,428,35040,0.0136554,0.1,1,51693,51265,428
43801,42.7682,40.5256,430,36500,0.00273107,0.06,1,51695,51265,430
46721,10.1536,9.70512,430,37960,0.000546214,0.14,1,51697,51267,430
49641,6.83073,8.34102,428,39420,0.0961092,0.14,1,51703,51275,428
52561,2.96615,1.6682,430,40880,0.131222,0.16,1,51705,51275,430
55481,2.19323,1.93364,430,42340,0.154244,0.18,1,51707,51277,430
58401,2.03865,1.98673,430,43800,0.174849,0.18,1,51709,51279,430
61321,2.00773,0.397346,432,45260,0.27497,0.14,1,51711,51279,432
64241,2.00155,1.67947,432,46720,0.262994,0.09,1,51713,51281,432
67161,2.00031,1.93589,432,48180,0.276599,0.09,1,51715,51283,432
70081,146,0.387179,614,49640,0.11932,0.06,1,51897,51283,614
73001,30.8,152.877,425,51100,0.127864,0,1,51899,51474,425
75921,183.76,205.775,428,52560,0.0975728,0,1,52121,51693,428
78841,38.352,41.1551,430,54020,0.0595146,0,1,52123,51693,430
81761,9.2704,9.83102,430,55480,0.0119029,0,1,52125,51695,430
84681,3.45408,3.5662,430,56940,0.00238058,0,1,52127,51697,430
87601,7.89082,0.713241,439,58400,0.224476,0.12,1,52136,51697,439
90521,3.17816,4.94265,435,59860,0.284895,0.14,1,52138,51703,435
93441,2.23563,2.58853,435,61320,0.264979,0.14,1,52140,51705,435
96361,2.04713,0.517706,437,62780,0.268996,0.16,1,52142,51705,437
99281,2.00943,1.70354,437,64240,0.237799,0.18,1,52144,51707,437
102201,2.00189,1.94071,437,65700,0.19956,0.18,1,52146,51709,437
105121,2.80038,0.388142,440,67160,0.327912,0.3,1,52149,51709,440
108041,3.76008,1.67763,442,68620,0.393582,0.26,1,52153,51711,442
110961,3.15202,1.93553,443,70080,0.398716,0.26,1,52156,51713,443
113881,2.2304,0.387105,445,71540,0.415743,0.28,1,52158,51713,445
116801,2.04608,1.67742,445,73000,0.435149,0.08,1,52160,51715,445
119721,131.609,145.935,427,74460,0.0870297,0.08,1,52324,51897,427
122641,27.9218,29.1871,429,75920,0.0174059,0.13,1,52326,51897,429
125561,7.18437,7.43742,429,77380,0.00348119,0.09,1,52328,51899,429
128481,173.437,179.087,422,78840,0.0966962,0.09,1,52543,52121,422
131401,36.2874,35.8175,424,80300,0.0833393,0.05,1,52545,52121,424
134321,8.85747,8.7635,424,81760,0.0486679,0,1,52547,52123,424
137241,4.97149,3.3527,426,83220,0.105734,0,1,52551,52125,426
140161,8.9943,0.67054,436,84680,0.109147,0,1,52561,52125,436
143081,3.39886,1.73411,436,86140,0.125829,0.28,1,52563,52127,436
146001,3.87977,7.54682,431,87600,0.0651659,0.28,1,52567,52136,431
148921,7.17595,1.50936,439,89060,0.141033,0.3,1,52575,52136,439
151841,3.03519,1.90187,439,90520,0.164207,0.26,1,52577,52138,439
154761,2.20704,1.98037,439,91980,0.232841,0.26,1,52579,52140,439
157681,2.04141,0.396075,441,93440,0.214568,0.27,1,52581,52140,441
160601,2.00828,1.67921,441,94900,0.178914,0.23,1,52583,52142,441
163521,2.00166,1.93584,441,96360,0.139783,0.23,1,52585,52144,441
166441,2.00033,0.387169,443,97820,0.147957,0.19,1,52587,52144,443
169361,2.00007,1.67743,443,99280,0.165591,0.36,1,52589,52146,443
172281,2.00001,2.73549,442,100740,0.185118,0.36,1,52591,52149,442
175201,3.6,0.547097,446,102200,0.309024,0.41,1,52595,52149,446
178121,2.32,3.30942,444,100740,0.349805,0.4,1,52597,52153,444
181041,2.064,3.06188,443,100740,0.373961,0.4,1,52599,52156,443
183961,2.0128,0.612377,445,100740,0.394792,0.42,1,52601,52156,445
186881,2.00256,1.72248,445,100740,0.414958,0.44,1,52603,52158,445
189801,2.00051,1.9445,445,100740,0.386992,0.44,1,52605,52160,445
192721,119.6,0.388899,594,100740,0.0773983,0,1,52754,52160,594
195641,25.52,131.278,432,100740,0.0154797,0,1,52756,52324,432
198561,6.704,27.8556,432,100740,0.00309593,0,1,52758,52326,432
201481,2.9408,5.57111,434,100740,0.000619187,0,1,52760,52326,434
204401,2.18816,2.71422,434,100740,0.112124,0.12,1,52762,52328,434
207321,166.038,172.543,426,100740,0.0224248,0.12,1,52969,52543,426
210241,34.8075,34.5086,428,100740,0.196485,0.08,1,52971,52543,428
213161,8.5615,8.50171,428,100740,0.199297,0.04,1,52973,52545,428
216081,3.3123,3.30034,428,100740,0.167859,0.04,1,52975,52547,428
219001,2.26246,0.660068,430,100740,0.129572,0.12,1,52977,52547,430
221921,2.05249,3.33201,428,100740,0.0899144,0.11,1,52979,52551,428
224841,8.4105,8.6664,428,100740,0.193983,0.11,1,52989,52561,428
227761,3.2821,1.73328,430,100740,0.214797,0.13,1,52991,52561,430
230681,2.25642,1.94666,430,100740,0.178959,0.05,1,52993,52563,430
233601,5.25128,3.58933,432,100740,0.195792,0.05,1,52999,52567,432
236521,3.45026,0.717866,435,100740,0.215158,0.16,1,53002,52567,435
239441,2.29005,6.54357,429,100740,0.219032,0.17,1,53004,52575,429
242361,2.05801,2.90871,429,100740,0.187806,0.17,1,53006,52577,429
245281,2.0116,0.581743,431,100740,0.149561,0.25,1,53008,52577,431
248201,2.00232,1.71635,431,100740,0.149912,0.21,1,53010,52579,431
251121,3.60046,1.94327,433,100740,0.117982,0.21,1,53014,52581,433
254041,5.52009,0.388654,439,100740,0.167596,0.17,1,53020,52581,439
256961,2.70402,1.67773,439,100740,0.177519,0.13,1,53022,52583,439
259881,2.1408,1.93555,439,100740,0.171504,0.13,1,53024,52585,439
262801,2.02816,0.387109,441,100740,0.178301,0.15,1,53026,52585,441
265721,2.00563,1.67742,441,100740,0.14766,0.17,1,53028,52587,441
268641,2.00113,1.93548,441,100740,0.109532,0.17,1,53030,52589,441
271561,2.00023,0.387097,443,100740,0.205906,0.19,1,53032,52589,443
274481,2.00005,1.67742,443,100740,0.233181,0.34,1,53034,52591,443
277401,2.00001,3.53548,441,100740,0.238636,0.36,1,53036,52595,441
280321,2,2.3071,441,100740,0.239727,0.38,1,53038,52597,441
283241,2,2.06142,441,100740,0.239945,0.4,1,53040,52599,441
286161,2,2.01228,441,100740,0.239989,0.42,1,53042,52601,441
289081,3.6,2.00246,443,100740,0.247998,0.38,1,53046,52603,443
292001,107.92,2.00049,575,100740,0.0495996,0,1,53180,52605,575
294921,23.184,119.6,428,100740,0.00991991,0,1,53182,52754,428
297841,6.2368,25.52,428,100740,0.00198398,0,1,53184,52756,428
300761,2.84736,6.704,428,100740,0.0483968,0,1,53186,52758,428
303681,2.96947,2.9408,429,100740,0.00967936,0.14,1,53189,52760,429
305141,162.194,2.18816,629,100740,0.00193587,0,1,53391,52762,629
308061,36.4388,166.038,427,100740,0.0483872,0.24,1,53396,52969,427
310981,12.8878,34.8075,432,100740,0.121677,0.2,1,53403,52971,432
313901,4.17755,8.5615,432,100740,0.104335,0.16,1,53405,52973,432
316821,2.43551,3.3123,432,100740,0.100867,0.12,1,53407,52975,432
319741,2.0871,2.26246,432,100740,0.0681734,0.08,1,53409,52977,432
322661,2.01742,2.05249,432,100740,0.0376347,0.22,1,53411,52979,432
325581,8.40348,8.4105,432,100740,0.151527,0.22,1,53421,52989,432
328501,3.2807,3.2821,432,100740,0.174305,0.17,1,53423,52991,432
331421,2.25614,2.25642,432,100740,0.154861,0.2,1,53425,52993,432
334341,2.05123,5.25128,428,100740,0.118972,0.22,1,53427,52999,428
337261,2.01025,3.45026,427,100740,0.135794,0.22,1,53429,53002,427
340181,2.00205,2.29005,427,100740,0.107159,0.18,1,53431,53004,427
343101,5.20041,2.05801,431,100740,0.109432,0.14,1,53437,53006,431
346021,2.64008,2.0116,431,100740,0.109886,0.15,1,53439,53008,431
348941,2.12802,2.00232,431,100740,0.181977,0.11,1,53441,53010,431
351861,3.6256,3.60046,431,100740,0.188395,0.18,1,53445,53014,431
354781,2.32512,5.52009,427,100740,0.157679,0.18,1,53447,53020,427
357701,7.66502,2.70402,434,100740,0.175536,0.17,1,53456,53022,434
360621,3.133,2.1408,434,100740,0.179107,0.18,1,53458,53024,434
363541,2.2266,2.02816,434,100740,0.155821,0.14,1,53460,53026,434
366461,2.04532,2.00563,434,100740,0.119164,0.1,1,53462,53028,434
369381,2.00906,2.00113,434,100740,0.135833,0.23,1,53464,53030,434
372301,2.00181,2.00023,434,100740,0.107167,0.24,1,53466,53032,434
375221,2.00036,2.00005,434,100740,0.101433,0.24,1,53468,53034,434
378141,2.00007,2.00001,434,100740,0.140287,0.24,1,53470,53036,434
381061,2.00001,2,434,100740,0.156057,0.24,1,53472,53038,434
383981,2,2,434,100740,0.159211,0.24,1,53474,53040,434
386901,2,2,434,100740,0.159842,0.25,1,53476,53042,434
389821,2,3.6,432,100740,0.151968,0,1,53478,53046,432
392741,99.6,107.92,422,100740,0.0303937,0,1,53602,53180,422
395661,21.52,23.184,422,100740,0.0380787,0,1,53604,53182,422
398581,5.904,6.2368,422,100740,0.00761575,0.06,1,53606,53184,422
401501,2.7808,2.84736,422,100740,0.00152315,0,1,53608,53186,422
404421,5.35616,2.96947,425,100740,0.00830463,0,1,53614,53189,425
407341,166.671,162.194,430,100740,0.0176609,0.06,1,53821,53391,430
410261,36.5342,36.4388,429,100740,0.00353218,0.14,1,53825,53396,429
413181,15.3068,12.8878,432,100740,0.0807064,0.1,1,53835,53403,432
416101,4.66137,4.17755,432,100740,0.0961413,0.1,1,53837,53405,432
419021,2.53227,2.43551,432,100740,0.0752283,0.06,1,53839,53407,432
421941,2.10645,2.0871,432,100740,0.0390457,0.03,1,53841,53409,432
424861,5.22129,2.01742,436,100740,0.0558091,0.18,1,53847,53411,436
427781,2.64426,8.40348,428,100740,0.0671618,0.18,1,53849,53421,428
430701,2.12885,3.2807,428,100740,0.0694324,0.15,1,53851,53423,428
433621,2.02577,2.25614,428,100740,0.0698865,0.11,1,53853,53425,428
436541,2.80515,2.05123,429,100740,0.0939773,0.14,1,53856,53427,429
439461,4.56103,2.01025,432,100740,0.130795,0.1,1,53861,53429,432
442381,4.11221,2.00205,434,100740,0.138159,0.11,1,53865,53431,434
445301,2.42244,5.20041,430,100740,0.147632,0.11,1,53867,53437,430
448221,2.88449,2.64008,431,100740,0.125526,0.2,1,53870,53439,431
451141,2.9769,2.12802,432,100740,0.105105,0.19,1,53873,53441,432
454061,2.19538,3.6256,430,100740,0.0690211,0.15,1,53875,53445,430
456981,6.03908,2.32512,435,100740,0.125804,0.18,1,53882,53447,435
459901,2.80782,7.66502,428,100740,0.137161,0.18,1,53884,53456,428
462821,3.76156,3.133,430,100740,0.115432,0.15,1,53888,53458,430
465741,2.35231,2.2266,430,100740,0.103086,0.11,1,53890,53460,430
468661,2.07046,2.04532,430,100740,0.0686173,0.14,1,53892,53462,430
471581,2.01409,2.00906,430,100740,0.0617235,0.1,1,53894,53464,430
474501,2.00282,2.00181,430,102200,0.124345,0.1,1,53896,53466,430
477421,2.00056,2.00036,430,102200,0.104869,0.15,1,53898,53468,430
480341,2.00011,2.00007,430,102200,0.100974,0.16,1,53900,53470,430
483261,2.00002,2.00001,430,102200,0.100195,0.16,1,53902,53472,430
486181,2,2,430,102200,0.108039,0.16,1,53904,53474,430
489101,2,2,430,102200,0.125608,0.15,1,53906,53476,430
492021,94,2,545,102200,0.0251216,0,1,54023,53478,545
494941,20.4,99.6,423,102200,0.00502431,0.04,1,54025,53602,423
497861,8.88,21.52,427,102200,0.0650049,0,1,54031,53604,427
500781,3.376,5.904,427,102200,0.045001,0,1,54033,53606,427
503701,3.8752,2.7808,429,102200,0.0970002,0.01,1,54037,53608,429
505161,161.575,5.35616,624,102200,0.0194,0.02,1,54238,53614,624
508081,41.915,166.671,429,102200,0.14788,0,1,54250,53821,429
511001,9.983,36.5342,427,102200,0.141576,0.1,1,54252,53825,427
513921,8.3966,15.3068,425,102200,0.0443152,0.1,1,54260,53835,425
516841,3.27932,4.66137,425,102200,0.136863,0.07,1,54262,53837,425
519761,2.25586,2.53227,425,102200,0.155373,0.03,1,54264,53839,425
522681,2.05117,2.10645,425,102200,0.127075,0.06,1,54266,53841,425
525601,5.21023,5.22129,425,102200,0.121415,0.07,1,54272,53847,425
528521,5.84205,2.64426,429,102200,0.128283,0.07,1,54278,53849,429
531441,2.76841,2.12885,429,102200,0.137657,0.07,1,54280,53851,429
534361,2.15368,2.02577,429,102200,0.107531,0.1,1,54282,53853,429
537281,2.03074,2.80515,428,102200,0.101506,0.14,1,54284,53856,428
540201,3.60615,4.56103,427,102200,0.148301,0.14,1,54288,53861,427
543121,2.32123,4.11221,425,102200,0.15766,0.15,1,54290,53865,425
546041,6.06425,2.42244,430,102200,0.135532,0.12,1,54297,53867,430
548961,2.81285,2.88449,429,102200,0.131106,0.1,1,54299,53870,429
551881,2.16257,2.9769,428,102200,0.130221,0.06,1,54301,53873,428
554801,2.03251,2.19538,428,102200,0.0980443,0.14,1,54303,53875,428
557721,3.6065,6.03908,425,102200,0.0276088,0.14,1,54307,53882,425
560641,3.9213,2.80782,427,102200,0.133522,0.11,1,54311,53884,427
563561,3.98426,3.76156,427,102200,0.154704,0.1,1,54315,53888,427
566481,2.39685,2.35231,427,102200,0.118941,0.06,1,54317,53890,427
569401,2.07937,2.07046,427,102200,0.111788,0.06,1,54319,53892,427
572321,2.01587,2.01409,427,102200,0.102358,0.06,1,54321,53894,427
575241,2.00317,0.402818,429,102200,0.100472,0.14,1,54323,53894,429
578161,5.20064,1.68056,433,102200,0.132094,0.1,1,54329,53896,433
581081,2.64013,1.93611,433,102200,0.138419,0.1,1,54331,53898,433
584001,2.12803,1.98722,433,102200,0.139684,0.1,1,54333,53900,433
586921,2.02561,1.99744,433,102200,0.147937,0.11,1,54335,53902,433
589841,2.00512,1.99949,433,102200,0.117587,0.13,1,54337,53904,433
592761,88.401,1.9999,541,102200,0.0235175,0,1,54447,53906,541
595681,20.0802,94,427,102200,0.00470349,0,1,54450,54023,427
598601,5.61604,20.4,427,102200,0.000940699,0.08,1,54452,54025,427
601521,2.72321,8.88,423,102200,0.00018814,0.04,1,54454,54031,423
604441,6.14464,3.376,428,102200,0.160038,0.11,1,54461,54033,428
605901,162.029,3.8752,625,102200,0.176008,0,1,54662,54037,625
608821,40.4058,161.575,434,102200,0.123202,0.18,1,54672,54238,434
611741,15.2812,41.915,431,102200,0.0246403,0.14,1,54681,54250,431
614661,7.85623,9.983,435,102200,0.116928,0.02,1,54687,54252,435
617581,3.17125,8.3966,429,102200,0.103386,0.16,1,54689,54260,429
620501,2.23425,3.27932,429,102200,0.0686771,0.16,1,54691,54262,429
623421,2.04685,2.25586,429,102200,0.0617354,0.12,1,54693,54264,429
626341,3.60937,2.05117,431,102200,0.108347,0.12,1,54697,54266,431
629261,7.92187,5.21023,434,102200,0.0936694,0.13,1,54706,54272,434
632181,3.18437,5.84205,430,102200,0.0907339,0.14,1,54708,54278,430
635101,2.23687,2.76841,430,102200,0.130147,0.1,1,54710,54280,430
638021,2.04737,2.15368,430,102200,0.106029,0.1,1,54712,54282,430
640941,2.00947,2.03074,430,102200,0.0692059,0.16,1,54714,54284,430
643861,2.00189,3.60615,428,102200,0.117841,0.16,1,54716,54288,428
646781,2.00038,2.32123,428,102200,0.135568,0.13,1,54718,54290,428
649701,7.60008,6.06425,430,102200,0.187114,0.13,1,54727,54297,430
652621,3.12002,2.81285,430,102200,0.197423,0.13,1,54729,54299,430
655541,2.224,2.16257,430,102200,0.167485,0.09,1,54731,54301,430
658461,2.0448,2.03251,430,102200,0.129497,0.01,1,54733,54303,430
661381,3.60896,3.6065,430,102200,0.121899,0.16,1,54737,54307,430
664301,2.32179,3.9213,428,102200,0.12038,0.16,1,54739,54311,428
667221,5.26436,3.98426,430,102200,0.128076,0.11,1,54745,54315,430
670141,2.65287,2.39685,430,102200,0.153615,0.11,1,54747,54317,430
673061,2.13057,2.07937,430,102200,0.158723,0.1,1,54749,54319,430
675981,2.02611,2.01587,430,102200,0.159745,0.1,1,54751,54321,430
678901,2.00522,2.00317,430,102200,0.127949,0.14,1,54753,54323,430
681821,2.00104,5.20064,426,102200,0.0895898,0.14,1,54755,54329,426
684741,2.00021,2.64013,426,102200,0.113918,0.14,1,54757,54331,426
687661,2.00004,2.12803,426,102200,0.174784,0.15,1,54759,54333,426
690581,2.00001,2.02561,426,102200,0.194957,0.11,1,54761,54335,426
693501,86,2.00512,531,102200,0.0389913,0,1,54868,54337,531
696421,26,88.401,432,102200,0.0317983,0,1,54879,54447,432
699341,6.8,20.0802,431,102200,0.00635965,0,1,54881,54450,431
702261,3.76,5.61604,432,102200,0.00127193,0,1,54884,54452,432
705181,3.152,2.72321,433,102200,0.0802544,0.2,1,54887,54454,433
706641,161.43,6.14464,627,102200,0.144051,0.18,1,55088,54461,627
709561,37.0861,162.029,432,102200,0.0848102,0.11,1,55094,54662,432
712481,15.4172,40.4058,432,102200,0.080962,0,1,55104,54672,432
715401,10.2834,15.2812,432,102200,0.0641924,0.14,1,55113,54681,432
718321,3.65669,7.85623,428,102200,0.164838,0.1,1,55115,54687,428
721241,2.33134,3.17125,428,102200,0.160968,0.06,1,55117,54689,428
724161,2.06627,2.23425,428,102200,0.128194,0.06,1,55119,54691,428
727081,2.01325,2.04685,428,102200,0.0896387,0.12,1,55121,54693,428
730001,10.8027,3.60937,437,102200,0.153928,0.09,1,55134,54697,437
732921,3.76053,7.92187,430,102200,0.134786,0.09,1,55136,54706,430
735841,2.35211,3.18437,430,102200,0.0989571,0.14,1,55138,54708,430
738761,2.07042,2.23687,430,102200,0.131791,0.1,1,55140,54710,430
741681,3.61408,2.04737,432,102200,0.0743583,0.06,1,55144,54712,432
744601,2.32282,2.00947,432,102200,0.0628717,0.13,1,55146,54714,432
747521,2.06456,2.00189,432,102200,0.0685743,0.14,1,55148,54716,432
750441,5.21291,2.00038,436,102200,0.141715,0.2,1,55154,54718,436
753361,2.64258,7.60008,429,102200,0.180343,0.2,1,55156,54727,429
756281,2.12852,3.12002,429,102200,0.188069,0.16,1,55158,54729,429
759201,2.0257,2.224,429,102200,0.189614,0.12,1,55160,54731,429
762121,5.20514,2.0448,433,102200,0.197923,0.12,1,55166,54733,433
765041,2.64103,3.60896,431,102200,0.207585,0.12,1,55168,54737,431
767961,2.92821,2.32179,432,102200,0.225517,0.13,1,55171,54739,432
770881,2.98564,5.26436,429,102200,0.213103,0.16,1,55174,54745,429
773801,5.39713,2.65287,433,103660,0.170621,0.16,1,55180,54747,433
776721,2.67943,2.13057,433,103660,0.162124,0.16,1,55182,54749,433
779641,2.13589,2.02611,433,103660,0.128425,0.12,1,55184,54751,433
782561,2.02718,2.00522,433,103660,0.145685,0.08,1,55186,54753,433
785481,2.00544,2.00104,433,103660,0.117137,0.12,1,55188,54755,433
788401,2.00109,2.00021,433,103660,0.135427,0.19,1,55190,54757,433
791321,2.00022,2.00004,433,103660,0.139085,0.2,1,55192,54759,433
794241,78,2.00001,528,103660,0.0278171,0,1,55289,54761,528
797161,26.8,86,435,103660,0.00556342,0.03,1,55303,54868,435
800081,7.76,26,427,103660,0.00111268,0,1,55306,54879,427
803001,5.552,6.8,430,103660,0.000222537,0,1,55311,54881,430
805921,2.7104,3.76,429,103660,4.45073e-05,0.1,1,55313,54884,429
807381,161.342,3.152,627,103660,0.144009,0.16,1,55514,54887,627
810301,36.2684,161.43,431,103660,0.204802,0.07,1,55519,55088,431
813221,19.2537,37.0861,440,103660,0.18496,0.08,1,55534,55094,440
816141,11.0507,15.4172,439,103660,0.196992,0.06,1,55543,55104,439
819061,3.81015,10.2834,432,103660,0.207398,0.19,1,55545,55113,432
821981,2.36203,3.65669,432,103660,0.24948,0.16,1,55547,55115,432
824901,2.07241,2.33134,432,103660,0.233896,0.12,1,55549,55117,432
827821,2.01448,2.06627,432,103660,0.254779,0.08,1,55551,55119,432
830741,6.0029,2.01325,437,103660,0.306956,0.17,1,55558,55121,437
833661,2.80058,10.8027,426,103660,0.317391,0.13,1,55560,55134,426
836581,2.16012,3.76053,426,103660,0.311478,0.09,1,55562,55136,426
839501,2.03202,2.35211,426,103660,0.278296,0.14,1,55564,55138,426
842421,7.6064,2.07042,433,103660,0.287659,0.06,1,55573,55140,433
845341,4.72128,3.61408,433,103660,0.305532,0.06,1,55577,55144,433
848261,2.54426,2.32282,433,103660,0.277106,0.07,1,55579,55146,433
851181,3.70885,2.06456,435,103660,0.303421,0.16,1,55583,55148,435
854101,3.94177,5.21291,433,103660,0.276684,0.19,1,55587,55154,433
857021,2.38835,2.64258,433,103660,0.271337,0.19,1,55589,55156,433
859941,2.07767,2.12852,433,103660,0.294267,0.19,1,55591,55158,433
862861,3.61553,2.0257,435,103660,0.282853,0.2,1,55595,55160,435
865781,2.32311,5.20514,431,103660,0.248571,0.21,1,55597,55166,431
868701,2.06462,2.64103,431,103660,0.249714,0.23,1,55599,55168,431
871621,2.01292,2.92821,430,103660,0.249943,0.21,1,55601,55171,430
874541,2.00258,2.98564,429,103660,0.249989,0.16,1,55603,55174,429
877461,5.20052,5.39713,429,103660,0.297998,0.16,1,55609,55180,429
880381,2.6401,2.67943,429,103660,0.3076,0.12,1,55611,55182,429
883301,2.12802,2.13589,429,103660,0.30952,0.15,1,55613,55184,429
886221,2.0256,2.02718,429,103660,0.309904,0.11,1,55615,55186,429
889141,2.00512,2.00544,429,103660,0.277981,0.14,1,55617,55188,429
892061,5.20102,2.00109,433,103660,0.303596,0.14,1,55623,55190,433
894981,2.6402,2.00022,433,103660,0.308719,0,1,55625,55192,433
897901,69.328,78,422,103660,0.0617438,0,1,55711,55289,422
900821,25.0656,26.8,422,103660,0.0123488,0,1,55725,55303,422
903741,7.41312,7.76,422,103660,0.00246975,0,1,55728,55306,422
906661,10.2826,5.552,428,103660,0.024494,0,1,55739,55311,428
909581,3.65652,2.7104,428,103660,0.00489879,0.18,1,55741,55313,428
912501,168.731,161.342,437,103660,0.0569798,0.22,1,55951,55514,437
915421,44.9463,36.2684,446,103660,0.147396,0.18,1,55965,55519,446
918341,16.9893,19.2537,441,103660,0.133479,0.2,1,55975,55534,441
921261,4.99785,11.0507,434,103660,0.130696,0.21,1,55977,55543,434
924181,3.39957,3.81015,435,103660,0.0741392,0.26,1,55980,55545,435
927101,4.67991,2.36203,438,103660,0.110828,0.23,1,55985,55547,438
930021,2.53598,2.07241,438,103660,0.118166,0.26,1,55987,55549,438
932941,5.3072,2.01448,442,103660,0.135633,0.32,1,55993,55551,442
935861,2.66144,6.0029,437,103660,0.107127,0.32,1,55995,55558,437
938781,2.13229,2.80058,437,103660,0.157425,0.31,1,55997,55560,437
941701,2.02646,2.16012,437,103660,0.167485,0.27,1,55999,55562,437
944621,8.40529,2.03202,445,103660,0.185497,0.29,1,56009,55564,445
947541,3.28106,7.6064,438,103660,0.197099,0.31,1,56011,55573,438
950461,2.25621,4.72128,436,103660,0.16742,0.27,1,56013,55577,436
953381,5.25124,2.54426,440,103660,0.057484,0.31,1,56019,55579,440
956301,2.65025,3.70885,438,103660,0.0354968,0.27,1,56021,55583,438
959221,2.13005,3.94177,436,103660,0.0310994,0.27,1,56023,55587,436
962141,2.02601,2.38835,436,103660,0.15022,0.3,1,56025,55589,436
965061,4.4052,2.07767,439,103660,0.126044,0.28,1,56030,55591,439
967981,2.48104,3.61553,437,103660,0.121209,0.24,1,56032,55595,437
970901,3.69621,2.32311,439,103660,0.112242,0.25,1,56036,55597,439
973821,2.33924,2.06462,439,103660,0.118448,0.25,1,56038,55599,439
976741,2.06785,2.01292,439,105120,0.0876897,0.25,1,56040,55601,439
979661,2.01357,2.00258,439,105120,0.0815379,0.31,1,56042,55603,439
982581,2.00271,5.20052,435,105120,0.0803076,0.31,1,56044,55609,435
985501,5.20054,2.6401,439,105120,0.0720615,0.31,1,56050,55611,439
988421,2.64011,2.12802,439,105120,0.142412,0.31,1,56052,55613,439
991341,2.12802,2.0256,439,105120,0.156482,0.27,1,56054,55615,439
994261,2.0256,2.00512,439,105120,0.159296,0.31,1,56056,55617,439
997181,2.00512,5.20102,435,105120,0.127859,0.31,1,56058,55623,435
1000101,59.601,2.6402,507,105120,0.0255719,0,1,56132,55625,507
1003021,23.1202,69.328,435,105120,0.00511437,0,1,56146,55711,435
1005941,7.02404,25.0656,424,105120,0.00102287,0,1,56149,55725,424
1008861,10.2048,7.41312,432,105120,0.0242046,0.03,1,56160,55728,432
1011781,3.64096,10.2826,423,105120,0.00484092,0,1,56162,55739,423
1013241,161.528,3.65652,622,105120,0.000968183,0.07,1,56363,55741,622
1016161,43.5056,168.731,426,105120,0.0321936,0.17,1,56377,55951,426
1019081,21.5011,44.9463,428,105120,0.0784387,0.13,1,56393,55965,428
1022001,11.5002,16.9893,427,105120,0.0156877,0.13,1,56402,55975,427
1024921,3.90004,4.99785,427,105120,0.211138,0.06,1,56404,55977,427
1027841,2.38001,3.39957,426,105120,0.218228,0.12,1,56406,55980,426
1030761,6.876,4.67991,429,105120,0.267645,0.12,1,56414,55985,429
1033681,4.5752,2.53598,431,105120,0.285529,0.14,1,56418,55987,431
1036601,4.11504,5.3072,429,105120,0.233106,0.1,1,56422,55993,429
1039521,2.42301,2.66144,429,105120,0.190621,0.17,1,56424,55995,429
1042441,2.0846,2.13229,429,105120,0.238124,0.17,1,56426,55997,429
1045361,3.61692,2.02646,431,105120,0.207625,0.19,1,56430,55999,431
1048281,2.32338,8.40529,423,105120,0.225525,0.2,1,56432,56009,423
1051201,2.06468,3.28106,423,105120,0.237105,0.16,1,56434,56011,423
1054121,3.61294,2.25621,425,105120,0.231421,0.03,1,56438,56013,425
1057041,6.32259,5.25124,426,105120,0.278284,0.03,1,56445,56019,426
1059961,2.86452,2.65025,426,105120,0.255657,0.03,1,56447,56021,426
1062881,2.1729,2.13005,426,105120,0.275131,0.18,1,56449,56023,426
1065801,2.03458,2.02601,426,105120,0.247026,0.12,1,56451,56025,426
1068721,4.40692,4.4052,426,105120,0.201405,0.12,1,56456,56030,426
1071641,2.48138,2.48104,426,105120,0.288281,0.11,1,56458,56032,426
1074561,2.09628,3.69621,424,105120,0.305656,0.12,1,56460,56036,424
1077481,2.01926,2.33924,424,106580,0.309131,0.12,1,56462,56038,424
1080401,2.00385,0.467848,426,106580,0.285826,0.08,1,56464,56038,426
1083321,6.00077,1.69357,431,106580,0.305165,0.08,1,56471,56040,431
1086241,2.80015,1.93871,431,106580,0.309033,0.08,1,56473,56042,431
1089161,2.16003,1.98774,431,106580,0.317807,0.07,1,56475,56044,431
1092081,2.03201,5.19755,427,106580,0.327561,0.16,1,56477,56050,427
1095001,2.0064,2.63951,427,106580,0.297512,0.16,1,56479,56052,427
1097921,2.00128,2.1279,427,106580,0.267502,0.16,1,56481,56054,427
1100841,5.20026,2.02558,431,106580,0.3175,0.12,1,56487,56056,431
1103761,53.8401,2.00512,495,106580,0.0635001,0,1,56553,56058,495
1106681,21.968,59.601,435,106580,0.0127,0,1,56567,56132,435
1109601,6.7936,23.1202,424,106580,0.00254,0,1,56570,56146,424
1112521,10.1587,7.02404,432,106580,0.024508,0.03,1,56581,56149,432
1115441,3.63174,10.2048,423,106580,0.0049016,0,1,56583,56160,423
1116901,161.526,3.64096,622,106580,0.00098032,0,1,56784,56162,622
1119821,45.9053,161.528,438,106580,0.0881961,0.04,1,56801,56363,438
1122741,29.1811,43.5056,449,106580,0.0736392,0.09,1,56826,56377,449
1125661,9.03621,21.5011,437,106580,0.0707278,0,1,56830,56393,437
1128581,9.00724,11.5002,437,106580,0.126146,0.26,1,56839,56402,437
1131501,3.40145,3.90004,437,106580,0.137229,0.22,1,56841,56404,437
1134421,3.08029,2.38001,438,106580,0.131446,0.28,1,56844,56406,438
1137341,4.61606,6.876,435,106580,0.0582892,0.29,1,56849,56414,435
1140261,5.72321,4.5752,437,106580,0.0596578,0.22,1,56855,56418,437
1143181,2.74464,4.11504,435,106580,0.0359316,0.18,1,56857,56422,435
1146101,2.14893,2.42301,435,106580,0.119186,0.25,1,56859,56424,435
1149021,3.62979,2.0846,437,106580,0.143837,0.2,1,56863,56426,437
1151941,3.92596,3.61692,437,106580,0.116767,0.23,1,56867,56430,437
1154861,2.38519,2.32338,437,106580,0.167353,0.24,1,56869,56432,437
1157781,3.67704,2.06468,439,106580,0.129471,0.23,1,56873,56434,439
1160701,2.33541,3.61294,437,106580,0.121894,0.29,1,56875,56438,437
1163621,2.86708,6.32259,433,106580,0.112379,0.25,1,56878,56445,433
1166541,6.17342,2.86452,438,106580,0.102476,0.28,1,56885,56447,438
1169461,2.83468,2.1729,438,106580,0.124495,0.24,1,56887,56449,438
1172381,3.76694,2.03458,440,106580,0.104899,0.19,1,56891,56451,440
1175301,2.35339,4.40692,437,106580,0.0689798,0.31,1,56893,56456,437
1178221,2.07068,2.48138,437,106580,0.037796,0.31,1,56895,56458,437
1181141,2.01414,2.09628,437,108040,0.119559,0.31,1,56897,56460,437
1184061,2.00283,2.01926,437,108040,0.135912,0.28,1,56899,56462,437
1186981,2.00057,2.00385,437,108040,0.107182,0.31,1,56901,56464,437
1189901,3.60011,6.00077,434,108040,0.133436,0.31,1,56905,56471,434
1192821,2.32002,2.80015,434,108040,0.154687,0.32,1,56907,56473,434
1195741,5.264,2.16003,438,108040,0.166937,0.33,1,56913,56475,438
1198661,2.6528,2.03201,438,108040,0.137387,0.29,1,56915,56477,438
1201581,2.13056,2.0064,438,108040,0.131478,0.26,1,56917,56479,438
1204501,2.02611,2.00128,438,108040,0.130296,0.33,1,56919,56481,438
1207421,2.00522,5.20026,434,108040,0.138059,0,1,56921,56487,434
1210341,43.601,53.8401,422,108040,0.0276118,0,1,56975,56553,422
1213261,19.9202,21.968,422,108040,0.00552236,0,1,56989,56567,422
1216181,6.38404,6.7936,422,108040,0.00110447,0.03,1,56992,56570,422
1219101,10.0768,10.1587,422,108040,0.0242209,0,1,57003,56581,422
1222021,3.61536,3.63174,422,108040,0.00484418,0,1,57005,56583,422
1224941,179.923,161.526,445,108040,0.0809688,0.11,1,57229,56784,445
1227861,50.3846,45.9053,446,108040,0.0801938,0.07,1,57247,56801,446
1230781,18.0769,29.1811,431,108040,0.0560388,0.07,1,57257,56826,431
1233701,6.81538,9.03621,431,108040,0.0192077,0.14,1,57261,56830,431
1236621,2.96308,9.00724,424,108040,0.00384155,0.14,1,57263,56839,424
1239541,3.79262,3.40145,426,108040,0.136768,0.13,1,57267,56841,426
1242461,8.75852,3.08029,433,108040,0.139354,0.04,1,57277,56844,433
1245381,4.1517,4.61606,431,108040,0.147871,0.06,1,57280,56849,431
1248301,2.43034,5.72321,427,108040,0.117574,0.03,1,57282,56855,427
1251221,5.28607,2.74464,431,108040,0.143515,0.14,1,57288,56857,431
1254141,2.65721,2.14893,431,108040,0.124703,0.15,1,57290,56859,431
1257061,2.13144,3.62979,429,108040,0.120941,0.11,1,57292,56863,429
1259981,2.02629,3.92596,427,108040,0.120188,0.18,1,57294,56867,427
1262901,4.40526,2.38519,430,108040,0.152038,0.12,1,57299,56869,430
1265821,3.28105,3.67704,429,108040,0.142408,0.12,1,57302,56873,429
1268741,3.05621,2.33541,430,108040,0.148482,0.11,1,57305,56875,430
1271661,2.21124,2.86708,429,108040,0.117696,0.1,1,57307,56878,429
1274581,6.84225,6.17342,430,108040,0.103539,0.13,1,57315,56885,430
1277501,2.96845,2.83468,430,108040,0.108708,0.1,1,57317,56887,430
1280421,3.79369,3.76694,430,108040,0.133742,0.06,1,57321,56891,430
1283341,2.35874,2.35339,430,108040,0.106748,0.03,1,57323,56893,430
1286261,2.07175,2.07068,430,108040,0.12535,0.14,1,57325,56895,430
1289181,2.01435,2.01414,430,108040,0.12907,0.14,1,57327,56897,430
1292101,2.00287,2.00283,430,108040,0.137814,0.1,1,57329,56899,430
1295021,2.00057,2.00057,430,108040,0.107563,0.14,1,57331,56901,430
1297941,2.00011,3.60011,428,108040,0.165513,0.16,1,57333,56905,428
1300861,2.00002,2.32002,428,108040,0.177103,0.17,1,57335,56907,428
1303781,4.4,5.264,427,108040,0.203421,0.13,1,57340,56913,427
1306701,2.48,2.6528,427,108040,0.200684,0.13,1,57342,56915,427
1309621,2.096,2.13056,427,108040,0.208137,0.13,1,57344,56917,427
1312541,2.0192,2.02611,427,108040,0.209627,0.14,1,57346,56919,427
1315461,5.20384,2.00522,431,108040,0.145925,0,1,57352,56921,431
1318381,37.0408,43.601,422,108040,0.109185,0,1,57397,56975,422
1321301,18.6082,19.9202,422,108040,0.021837,0,1,57411,56989,422
1324221,6.12163,6.38404,422,108040,0.0043674,0.03,1,57414,56992,422
1327141,10.0243,10.0768,422,108040,0.0248735,0,1,57425,57003,422
1330061,3.60487,3.61536,422,108040,0.0049747,0.1,1,57427,57005,422
1332981,187.121,179.923,431,108040,0.0329949,0.08,1,57660,57229,431
1335901,46.2242,50.3846,424,108040,0.030599,0.05,1,57671,57247,424
1338821,21.2448,18.0769,429,108040,0.0701198,0.01,1,57686,57257,429
1341741,5.84897,6.81538,427,108040,0.174024,0,1,57688,57261,427
1344661,2.76979,2.96308,427,108040,0.170805,0.17,1,57690,57263,427
1347581,5.35396,3.79262,429,108040,0.170161,0.14,1,57696,57267,429
1350501,9.07079,8.75852,429,108040,0.106032,0.15,1,57706,57277,429
1353421,3.41416,4.1517,428,108040,0.213206,0.11,1,57708,57280,428
1356341,2.28283,2.43034,428,108040,0.202641,0.15,1,57710,57282,428
1359261,5.25657,5.28607,428,108040,0.128528,0.12,1,57716,57288,428
1362181,2.65131,2.65721,428,108040,0.201706,0.12,1,57718,57290,428
1365101,2.13026,2.13144,428,108040,0.216341,0.12,1,57720,57292,428
1368021,2.02605,2.02629,428,108040,0.227268,0.16,1,57722,57294,428
1370941,5.20521,4.40526,429,108040,0.173454,0.14,1,57728,57299,429
1373861,2.64104,3.28105,428,108040,0.162691,0.15,1,57730,57302,428
1376781,2.12821,3.05621,427,108040,0.168538,0.11,1,57732,57305,427
1379701,2.02564,2.21124,427,108040,0.225708,0.1,1,57734,57307,427
1382621,8.40513,6.84225,429,108040,0.237142,0.11,1,57744,57315,429
1385541,3.28103,2.96845,429,108040,0.231428,0.14,1,57746,57317,429
1388461,3.85621,3.79369,429,108040,0.230286,0.1,1,57750,57321,429
1391381,3.97124,2.35874,431,109500,0.166057,0.13,1,57754,57323,431
1394301,2.39425,2.07175,431,109500,0.153211,0.13,1,57756,57325,431
1397221,2.07885,2.01435,431,109500,0.214642,0.14,1,57758,57327,431
1400141,2.01577,2.00287,431,109500,0.218928,0.1,1,57760,57329,431
1403061,2.00315,2.00057,431,109500,0.235786,0.18,1,57762,57331,431
1405981,2.00063,2.00011,431,109500,0.215157,0.18,1,57764,57333,431
1408901,2.00013,2.00002,431,109500,0.219031,0.21,1,57766,57335,431
1411821,2.00003,4.4,428,109500,0.219806,0.2,1,57768,57340,428
1414741,2.00001,2.48,428,109500,0.251961,0.21,1,57770,57342,428
1417661,5.2,2.096,432,109500,0.274392,0.21,1,57776,57344,432
1420581,2.64,2.0192,432,109500,0.278878,0.13,1,57778,57346,432
1423501,2.128,5.20384,428,109500,0.279776,0.1,1,57780,57352,428
1426421,31.6256,37.0408,422,109500,0.0719551,0,1,57819,57397,422
1429341,17.5251,18.6082,422,109500,0.110391,0,1,57833,57411,422
1432261,5.90502,6.12163,422,109500,0.0700782,0.03,1,57836,57414,422
1435181,9.981,10.0243,422,109500,0.0380156,0,1,57847,57425,422
1438101,3.5962,3.60487,422,109500,0.00760313,0.04,1,57849,57427,422
1441021,187.119,187.121,422,109500,0.0655206,0.03,1,58082,57660,422
1443941,51.8238,46.2242,429,109500,0.0131041,0.08,1,58100,57671,429
1446861,23.1648,21.2448,430,109500,0.106621,0.2,1,58116,57686,430
1449781,6.23295,5.84897,430,109500,0.101324,0.17,1,58118,57688,430
1452701,2.84659,2.76979,430,109500,0.108265,0.17,1,58120,57690,430
1455621,2.16932,5.35396,426,109500,0.077653,0.09,1,58122,57696,426
1458541,10.0339,9.07079,428,109500,0.175531,0.24,1,58134,57706,428
1461461,8.40677,3.41416,434,109500,0.0671061,0.2,1,58142,57708,434
1464381,3.28135,2.28283,434,109500,0.0214212,0.11,1,58144,57710,434
1467301,2.25627,5.25657,430,109500,0.132284,0.22,1,58146,57716,430
1470221,2.05125,2.65131,430,109500,0.122457,0.22,1,58148,57718,430
1473141,2.01025,2.13026,430,109500,0.0884914,0.23,1,58150,57720,430
1476061,3.60205,2.02605,432,109500,0.0656983,0.16,1,58154,57722,432
1478981,3.92041,5.20521,430,109500,0.0691397,0.16,1,58158,57728,430
1481901,2.38408,2.64104,430,109500,0.173828,0.17,1,58160,57730,430
1484821,2.07682,2.12821,430,109500,0.194766,0.24,1,58162,57732,430
1487741,5.21536,2.02564,434,109500,0.134953,0.24,1,58168,57734,434
1490661,5.84307,8.40513,430,109500,0.186991,0.23,1,58174,57744,430
1493581,4.36861,3.28103,432,109500,0.141398,0.23,1,58178,57746,432
1496501,5.67372,3.85621,434,110960,0.18828,0.23,1,58184,57750,434
1499421,2.73474,0.771241,436,110960,0.197656,0.15,1,58186,57750,436
1502341,2.14695,3.35425,434,110960,0.191531,0.15,1,58188,57754,434
1505261,2.82939,2.27085,435,110960,0.230306,0.23,1,58191,57756,435
1508181,2.96588,2.05417,436,110960,0.182061,0.22,1,58194,57758,436
1511101,2.19318,2.01083,436,110960,0.196412,0.24,1,58196,57760,436
1514021,2.03864,2.00217,436,110960,0.207282,0.21,1,58198,57762,436
1516941,2.00773,2.00043,436,110960,0.209457,0.22,1,58200,57764,436
1519861,2.00155,2.00009,436,110960,0.209891,0.22,1,58202,57766,436
1522781,2.00031,2.00002,436,110960,0.169978,0.26,1,58204,57768,436
1525701,2.00006,2,436,110960,0.201996,0.28,1,58206,57770,436
1528621,2.00001,5.2,432,110960,0.216399,0.28,1,58208,57776,432
1531541,2,2.64,432,110960,0.21928,0.28,1,58210,57778,432
1534461,30.8,2.128,468,110960,0.195856,0.02,1,58248,57780,468
1537381,10.96,31.6256,435,110960,0.127171,0.12,1,58254,57819,435
1540301,4.592,17.5251,424,110960,0.193434,0.06,1,58257,57833,424
1543221,9.7184,5.90502,432,110960,0.198687,0.03,1,58268,57836,432
1546141,3.54368,9.981,423,110960,0.167737,0,1,58270,57847,423
1547601,161.509,3.5962,622,110960,0.105547,0.08,1,58471,57849,622
1550521,58.7017,187.119,422,110960,0.0211095,0,1,58504,58082,422
1553441,31.7403,51.8238,429,110960,0.0042219,0.13,1,58529,58100,429
1556361,17.5481,23.1648,427,110960,0.112844,0.1,1,58543,58116,427
1559281,5.10961,6.23295,427,110960,0.158569,0.11,1,58545,58118,427
1562201,4.22192,2.84659,429,110960,0.111714,0.07,1,58549,58120,429
1565121,4.84438,2.16932,432,110960,0.174343,0.2,1,58554,58122,432
1568041,2.56888,10.0339,422,110960,0.202869,0.04,1,58556,58134,422
1570961,9.31378,8.40677,425,110960,0.112574,0.01,1,58567,58142,425
1573881,3.46276,3.28135,425,110960,0.166515,0.16,1,58569,58144,425
1576801,2.29255,2.25627,425,110960,0.145303,0.12,1,58571,58146,425
1579721,3.65851,2.05125,427,110960,0.0770606,0.08,1,58575,58148,427
1582641,6.3317,2.01025,432,110960,0.175412,0.06,1,58582,58150,432
1585561,2.86634,3.60205,430,110960,0.163082,0.07,1,58584,58154,430
1588481,3.77327,3.92041,430,110960,0.144616,0.2,1,58588,58158,430
1591401,3.95465,2.38408,432,110960,0.0769233,0.2,1,58592,58160,432
1594321,2.39093,2.07682,432,110960,0.0633847,0.12,1,58594,58162,432
1597241,2.07819,5.21536,428,110960,0.0686769,0.2,1,58596,58168,428
1600161,7.61564,5.84307,431,110960,0.141735,0.13,1,58605,58174,431
1603081,4.72313,4.36861,431,110960,0.172347,0.13,1,58609,58178,431
1606001,4.14463,0.873723,435,110960,0.170469,0.2,1,58613,58178,435
1608921,4.02893,4.97474,433,110960,0.138094,0.2,1,58617,58184,433
1611841,2.40578,2.59495,433,110960,0.107619,0.19,1,58619,58186,433
1614761,2.08116,2.11899,433,110960,0.173524,0.24,1,58621,58188,433
1617681,2.01623,2.8238,432,110960,0.162705,0.17,1,58623,58191,432
1620601,4.40325,2.96476,434,110960,0.144541,0.2,1,58628,58194,434
1623521,2.48065,2.19295,434,110960,0.140908,0.21,1,58630,58196,434
1626441,2.09613,2.03859,434,110960,0.148182,0.21,1,58632,58198,434
1629361,2.01923,2.00772,434,110960,0.189636,0.21,1,58634,58200,434
1632281,2.00385,2.00154,434,110960,0.165927,0.16,1,58636,58202,434
1635201,2.00077,2.00031,434,110960,0.129185,0.21,1,58638,58204,434
1637381,2.00015,2.00006,434,110960,0.121837,0.22,1,58640,58206,434
1640301,2.00003,2.00001,434,110960,0.176367,0.22,1,58642,58208,434
1643221,29.2,2,468,110960,0.0352735,0.19,1,58678,58210,468
1646141,10.64,30.8,436,110960,0.119055,0.11,1,58684,58248,436
1649061,3.728,10.96,432,110960,0.103811,0.21,1,58686,58254,432
1651981,3.1456,4.592,432,110960,0.156762,0.2,1,58689,58257,432
1654901,2.22912,9.7184,423,110960,0.127352,0.16,1,58691,58268,423
1656361,161.246,3.54368,622,110960,0.0254705,0.09,1,58892,58270,622
1659281,59.4492,161.509,455,110960,0.0370941,0,1,58926,58471,455
1662201,38.2898,58.7017,455,110960,0.00741882,0,1,58959,58504,455
1665121,13.258,31.7403,437,110960,0.00148376,0.14,1,58966,58529,437
1668041,9.05159,17.5481,431,110960,0.152297,0.17,1,58974,58543,431
1670961,3.41032,5.10961,431,110960,0.150459,0.1,1,58976,58545,431
1673881,2.28206,4.22192,429,110960,0.150092,0.19,1,58978,58549,429
1676801,2.05641,4.84438,426,110960,0.118018,0.21,1,58980,58554,426
1679721,7.61128,2.56888,433,110960,0.191604,0.09,1,58989,58556,433
1682641,8.72226,9.31378,431,110960,0.126321,0.18,1,58998,58567,431
1685561,3.34445,3.46276,431,110960,0.121264,0.14,1,59000,58569,431
1688481,3.06889,2.29255,432,110960,0.0722528,0.06,1,59003,58571,432
1691401,3.01378,3.65851,431,110960,0.0784506,0.2,1,59006,58575,431
1694321,2.20276,6.3317,426,110960,0.0476901,0.16,1,59008,58582,426
1697241,7.64055,2.86634,433,110960,0.153538,0.14,1,59017,58584,433
1700161,3.12811,3.77327,431,110960,0.174708,0.06,1,59019,58588,431
1703081,2.22562,3.95465,429,110960,0.170942,0.06,1,59021,58592,429
1706001,2.84512,2.39093,430,110960,0.130188,0.07,1,59024,58594,430
1708921,7.76903,2.07819,437,110960,0.202038,0.16,1,59033,58596,437
1711841,3.1538,7.61564,430,110960,0.216408,0.18,1,59035,58605,430
1714761,6.23076,4.72313,433,110960,0.171282,0.17,1,59042,58609,433
1717681,2.84615,4.14463,431,110960,0.162256,0.13,1,59044,58613,431
1720601,2.16923,4.02893,429,110960,0.160451,0.1,1,59046,58617,429
1723521,2.03385,2.40578,429,110960,0.12809,0.19,1,59048,58619,429
1726441,4.40677,2.08116,432,110960,0.081618,0.16,1,59053,58621,432
1729361,2.48135,2.01623,432,110960,0.192324,0.14,1,59055,58623,432
1732281,2.89627,4.40325,430,110960,0.206465,0.14,1,59058,58628,430
1735201,4.57925,2.48065,433,110960,0.153293,0.15,1,59063,58630,433
1738121,2.51585,2.09613,433,110960,0.142659,0.2,1,59065,58632,433
1741041,2.10317,2.01923,433,110960,0.148532,0.16,1,59067,58634,433
1743961,2.02063,2.00385,433,110960,0.149706,0.12,1,59069,58636,433
1746881,2.00413,2.00077,433,110960,0.117941,0.12,1,59071,58638,433
1749701,2.00083,2.00015,433,110960,0.0795882,0.19,1,59073,58640,433
1752621,26.8002,2.00003,464,110960,0.0159176,0,1,59106,58642,464
1755541,6.96003,29.2,430,110960,0.0991835,0.14,1,59108,58678,430
1758461,9.39201,10.64,434,110960,0.179837,0.1,1,59118,58684,434
1761381,3.4784,3.728,434,110960,0.195967,0.17,1,59120,58686,434
1764301,2.29568,3.1456,433,110960,0.175193,0.12,1,59122,58689,433
1767221,153.259,2.22912,622,110960,0.0350387,0.04,1,59313,58691,622
1770141,60.2518,188.446,424,110960,0.0950077,0,1,59350,58926,424
1773061,38.4504,64.0892,424,110960,0.0190015,0,1,59383,58959,424
1775981,16.4901,18.4178,428,110960,0.0278003,0.19,1,59394,58966,428
1778901,11.298,10.0836,430,110960,0.00556006,0.15,1,59404,58974,430
1781821,3.8596,3.61671,430,110960,0.00911201,0.15,1,59406,58976,430
1784741,3.97192,2.32334,432,110960,0.129822,0.11,1,59410,58978,432
1787661,2.39438,2.06467,432,110960,0.121964,0.21,1,59412,58980,432
1790581,3.67888,7.61293,427,110960,0.0883929,0.11,1,59416,58989,427
1793501,7.13578,8.72259,426,110960,0.0576786,0.12,1,59424,58998,426
1796421,6.22716,3.34452,430,110960,0.0755357,0.06,1,59430,59000,430
1799341,4.44543,3.0689,431,110960,0.103107,0.08,1,59434,59003,431
1802261,2.48909,3.01378,430,110960,0.108621,0.04,1,59436,59006,430
1805181,2.09782,2.20276,430,110960,0.149724,0.18,1,59438,59008,430
1808101,3.61956,7.64055,425,110960,0.141945,0.18,1,59442,59017,425
1811021,3.92391,3.12811,427,110960,0.108389,0.17,1,59446,59019,427
1813941,6.38478,2.22562,432,110960,0.149678,0.12,1,59453,59021,432
1816861,2.87696,2.84512,431,110960,0.125936,0.22,1,59455,59024,431
1819781,6.17539,7.76903,429,110960,0.161187,0.22,1,59462,59033,429
1822701,2.83508,3.1538,429,110960,0.168237,0.16,1,59464,59035,429
1825621,2.16702,6.23076,424,110960,0.177648,0.16,1,59466,59042,424
1828541,3.6334,2.84615,426,110960,0.115529,0.16,1,59470,59044,426
1831461,7.12668,2.16923,432,110960,0.199106,0.12,1,59478,59046,432
1834381,3.02534,2.03385,432,110960,0.183821,0.07,1,59480,59048,432
1837301,2.20507,4.40677,429,110960,0.180764,0.22,1,59482,59053,429
1840221,2.04101,2.48135,429,110960,0.148153,0.21,1,59484,59055,429
1843141,2.0082,2.89627,428,110960,0.101631,0.14,1,59486,59058,428
1846061,2.00164,4.57925,425,110960,0.0603261,0.14,1,59488,59063,425
1848981,3.60033,2.51585,427,110960,0.172065,0.15,1,59492,59065,427
1851901,5.52007,2.10317,431,110960,0.194413,0.15,1,59498,59067,431
1854821,2.70401,2.02063,431,110960,0.198883,0.11,1,59500,59069,431
1857741,2.1408,2.00413,431,110960,0.167777,0.07,1,59502,59071,431
1860661,2.02816,2.00083,431,110960,0.169555,0,1,59504,59073,431
1863581,24.4056,26.8002,428,110960,0.0339111,0.12,1,59534,59106,428
1866501,9.68113,6.96003,432,110960,0.0867822,0.2,1,59540,59108,432
1869421,7.53623,9.39201,429,110960,0.113356,0.2,1,59547,59118,429
1872341,3.10724,3.4784,429,110960,0.126671,0.17,1,59549,59120,429
1875261,2.22145,2.29568,429,110960,0.129334,0,1,59551,59122,429
1878181,155.644,153.259,432,110960,0.0258669,0.11,1,59745,59313,432
1881101,52.7289,60.2518,422,110960,0.157173,0,1,59772,59350,422
1884021,36.9458,38.4504,422,110960,0.0314347,0.03,1,59805,59383,422
1886941,16.1892,16.4901,422,110960,0.0302869,0,1,59816,59394,422
1889861,14.4378,11.298,426,110960,0.0860574,0.01,1,59830,59404,426
1892781,4.48757,3.8596,426,110960,0.0652115,0.16,1,59832,59406,426
1895701,2.49751,3.97192,424,110960,0.0290423,0.12,1,59834,59410,424
1898621,2.0995,2.39438,424,110960,0.00580846,0.08,1,59836,59412,424
1901541,6.8199,3.67888,428,110960,0.137162,0.05,1,59844,59416,428
1904461,7.76398,7.13578,428,110960,0.0914323,0.08,1,59852,59424,428
1907381,7.1528,6.22716,429,110960,0.0982865,0.11,1,59859,59430,429
1910301,3.03056,4.44543,427,110960,0.0676573,0.11,1,59861,59434,427
1913221,2.20611,2.48909,427,110960,0.0695315,0.16,1,59863,59436,427
1916141,2.04122,2.09782,427,110960,0.0619063,0.14,1,59865,59438,427
1919061,3.60824,3.61956,427,110960,0.0603813,0.1,1,59869,59442,427
1921981,3.92165,3.92391,427,110960,0.124076,0.16,1,59873,59446,427
1924901,8.78433,6.38478,430,110960,0.104815,0.12,1,59883,59453,430
1927821,3.35687,2.87696,430,112420,0.100963,0.17,1,59885,59455,430
1930741,3.87137,6.17539,427,112420,0.0441926,0.17,1,59889,59462,427
1933661,6.37427,2.83508,432,112420,0.168839,0.18,1,59896,59464,432
1936581,2.87485,2.16702,432,112420,0.161768,0.1,1,59898,59466,432
1939501,2.17497,3.6334,430,112420,0.160354,0.22,1,59900,59470,430
1942421,2.03499,7.12668,424,112420,0.136071,0.18,1,59902,59478,424
1945341,3.607,3.02534,426,112420,0.155214,0.18,1,59906,59480,426
1948261,7.1214,2.20507,432,112420,0.159043,0.14,1,59914,59482,432
1951181,3.02428,2.04101,432,112420,0.135809,0.09,1,59916,59484,432
1954101,2.20486,2.0082,432,112420,0.171162,0.05,1,59918,59486,432
1957021,2.04097,2.00164,432,112420,0.146232,0.2,1,59920,59488,432
1959941,2.00819,3.60033,430,112420,0.109246,0.2,1,59922,59492,430
1962861,2.00164,5.52007,426,112420,0.0698493,0.2,1,59924,59498,426
1965781,6.80033,2.70401,432,112420,0.15797,0.16,1,59932,59500,432
1968701,2.96007,2.1408,432,112420,0.175594,0.17,1,59934,59502,432
1971621,2.19201,2.02816,432,112420,0.179119,0,1,59936,59504,432
1974541,22.0384,24.4056,429,112420,0.0518238,0.1,1,59963,59534,429
1977461,8.40768,9.68113,428,112420,0.0103648,0.12,1,59968,59540,428
1980381,4.88154,7.53623,425,112420,0.050073,0.13,1,59972,59547,425
1983301,2.57631,3.10724,425,112420,0.0580146,0.13,1,59974,59549,425
1986221,3.71526,2.22145,427,112420,0.0916029,0,1,59978,59551,427
1989141,159.943,155.644,432,112420,0.0663206,0.19,1,60177,59745,432
1992061,55.1886,52.7289,434,112420,0.117264,0,1,60206,59772,434
1994981,27.8377,36.9458,422,112420,0.191453,0.03,1,60227,59805,422
1997901,14.3675,16.1892,422,112420,0.0702906,0.1,1,60238,59816,422
2000821,14.0735,14.4378,422,112420,0.0140581,0.06,1,60252,59830,422
2003741,6.0147,4.48757,424,112420,0.00281162,0.02,1,60256,59832,424
2006661,7.60294,2.49751,430,112420,0.0645623,0,1,60264,59834,430
2009581,3.12059,2.0995,430,112420,0.0449125,0.17,1,60266,59836,430
2012501,7.02412,6.8199,430,112420,0.0729825,0.08,1,60274,59844,430
2015421,3.00482,7.76398,424,112420,0.0785965,0.1,1,60276,59852,424
2018341,7.00096,7.1528,425,112420,0.0157193,0.06,1,60284,59859,425
2021261,4.60019,3.03056,427,112420,0.115144,0.07,1,60288,59861,427
2024181,4.12004,2.20611,429,112420,0.0710288,0.06,1,60292,59863,429
2027101,2.42401,2.04122,429,112420,0.0302058,0.06,1,60294,59865,429
2030021,3.6848,3.60824,429,112420,0.0540412,0.14,1,60298,59869,429
2032941,2.33696,3.92165,427,112420,0.0588082,0.1,1,60300,59873,427
2035861,10.8674,8.78433,430,113880,0.0837616,0.1,1,60313,59883,430
2038781,3.77348,1.75687,432,113880,0.0567523,0.1,1,60315,59883,432
2041701,2.3547,1.95137,432,113880,0.0193505,0.03,1,60317,59885,432
2044621,6.87094,3.59027,436,113880,0.0358701,0.2,1,60325,59889,436
2047541,2.97419,6.31805,431,113880,0.039174,0.16,1,60327,59896,431
2050461,2.19484,2.86361,431,113880,0.0478348,0.16,1,60329,59898,431
2053381,2.03897,2.17272,431,113880,0.017567,0.13,1,60331,59900,431
2056301,2.00779,2.03454,431,113880,0.0675134,0.16,1,60333,59902,431
2059221,4.40156,3.60691,432,113880,0.141503,0.16,1,60338,59906,432
2062141,2.48031,7.12138,426,113880,0.156301,0.13,1,60340,59914,426
2065061,2.09606,3.02428,426,113880,0.15926,0.18,1,60342,59916,426
2067981,6.81921,2.20486,432,113880,0.087852,0.14,1,60350,59918,432
2070901,2.96384,2.04097,432,113880,0.0735704,0.1,1,60352,59920,432
2073821,2.19277,2.00819,432,113880,0.0707141,0.06,1,60354,59922,432
2076741,7.63855,2.00164,439,113880,0.0701428,0.18,1,60363,59924,439
2079661,3.12771,6.80033,433,113880,0.142029,0.18,1,60365,59932,433
2082581,2.22554,2.96007,433,113880,0.124406,0.18,1,60367,59934,433
2085501,15.6451,2.19201,450,113880,0.0248811,0.02,1,60386,59936,450
2088421,9.52902,22.0384,431,113880,0.0209762,0,1,60394,59963,431
2091341,5.1058,8.40768,430,113880,0.0121952,0.06,1,60398,59968,430
2094261,2.62116,4.88154,428,113880,0.00243905,0.06,1,60400,59972,428
2097181,5.32423,2.57631,432,113880,0.168488,0.1,1,60406,59974,432
2100101,156.265,3.71526,622,113880,0.0336976,0.06,1,60600,59978,622
2103021,53.653,159.943,451,113880,0.0387395,0.13,1,60628,60177,451
2105941,27.5306,55.1886,443,113880,0.0077479,0.21,1,60649,60206,443
2108861,13.5061,27.8377,432,113880,0.00154958,0.04,1,60659,60227,432
2111781,17.1012,14.3675,439,113880,0.0803099,0,1,60677,60238,439
2114701,5.82024,14.0735,428,113880,0.048062,0,1,60680,60252,428
2117621,8.36405,6.0147,433,113880,0.0176124,0.08,1,60689,60256,433
2120541,3.27281,7.60294,427,113880,0.0995225,0.04,1,60691,60264,427
2123461,3.85456,3.12059,429,113880,0.0519045,0.08,1,60695,60266,429
2126381,2.37091,7.02412,423,113880,0.0903809,0.08,1,60697,60274,423
2129301,7.67418,3.00482,430,113880,0.106076,0,1,60706,60276,430
2132221,6.33484,7.00096,428,113880,0.0292152,0.14,1,60712,60284,428
2135141,3.66697,4.60019,427,113880,0.021843,0.06,1,60715,60288,427
2138061,5.53339,4.12004,429,113880,0.0363686,0.02,1,60721,60292,429
2140981,2.70668,2.42401,429,113880,0.0392737,0.06,1,60723,60294,429
2143901,2.14134,3.6848,427,113880,0.0158547,0.06,1,60725,60298,427
2146821,2.02827,2.33696,427,115340,0.0111709,0.09,1,60727,60300,427
2149741,6.80565,10.8674,422,115340,0.0262342,0.05,1,60735,60313,422
2152661,4.56113,3.77348,424,115340,0.101247,0.01,1,60739,60315,424
2155581,2.51223,2.3547,424,115340,0.0842494,0.04,1,60741,60317,424
2158501,6.90245,6.87094,424,115340,0.0888499,0.04,1,60749,60325,424
2161421,4.58049,2.97419,426,115340,0.09777,0.05,1,60753,60327,426
2164341,4.1161,2.19484,428,115340,0.027554,0.01,1,60757,60329,428
2167261,2.42322,2.03897,428,115340,0.0055108,0.08,1,60759,60331,428
2170181,2.08464,2.00779,428,115340,0.00910216,0.16,1,60761,60333,428
2173101,2.01693,4.40156,425,115340,0.0818204,0.16,1,60763,60338,425
2176021,2.00339,2.48031,425,115340,0.0963641,0.16,1,60765,60340,425
2178941,2.00068,2.09606,425,115340,0.0672728,0.07,1,60767,60342,425
2181861,6.00014,6.81921,424,115340,0.165455,0.07,1,60774,60350,424
2184781,2.80003,2.96384,424,115340,0.185091,0.07,1,60776,60352,424
2187701,5.36001,2.19277,428,115340,0.125018,0.07,1,60782,60354,428
2190621,7.472,7.63855,427,115340,0.137004,0.16,1,60790,60363,427
2193541,3.0944,3.12771,427,115340,0.107401,0.12,1,60792,60365,427
2196461,2.21888,2.22554,427,115340,0.10148,0,1,60794,60367,427
2199381,11.6438,15.6451,422,115340,0.092296,0.02,1,60808,60386,422
2202301,12.7288,9.52902,427,115340,0.0984592,0.01,1,60821,60394,427
2205221,8.94575,5.1058,431,115340,0.0196918,0,1,60829,60398,431
2208141,3.38915,2.62116,431,115340,0.00393837,0.21,1,60831,60400,431
2211061,3.87783,5.32423,429,115340,0.0647877,0,1,60835,60406,429
2213981,154.376,156.265,427,115340,0.188958,0.04,1,61027,60600,427
2216901,49.2751,53.653,422,115340,0.0377915,0,1,61050,60628,422
2219821,26.655,27.5306,422,115340,0.0555583,0,1,61071,60649,422
2222741,22.131,13.5061,433,115340,0.0111117,0.1,1,61092,60659,433
2225661,10.0262,17.1012,422,115340,0.0182223,0.04,1,61099,60677,422
2228581,8.40524,5.82024,427,115340,0.0516445,0.01,1,61107,60680,427
2231501,7.28105,8.36405,425,115340,0.0103289,0.12,1,61114,60689,425
2234421,4.65621,3.27281,427,115340,0.0260658,0.04,1,61118,60691,427
2237341,2.53124,3.85456,425,115340,0.00521316,0.1,1,61120,60695,425
2240261,2.10625,2.37091,425,115340,0.00104263,0.11,1,61122,60697,425
2243181,5.22125,7.67418,422,115340,0.0962085,0.01,1,61128,60706,422
2246101,6.64425,6.33484,423,115340,0.147242,0.02,1,61135,60712,423
2249021,2.92885,3.66697,422,115340,0.125448,0.04,1,61137,60715,422
2251941,6.18577,5.53339,423,115340,0.10509,0.04,1,61144,60721,423
2254861,2.83715,2.70668,423,115340,0.101018,0.01,1,61146,60723,423
2257781,2.16743,2.14134,423,116800,0.100204,0.01,1,61148,60725,423
2260701,2.03349,0.428267,425,116800,0.0760407,0.01,1,61150,60725,425
2263621,5.2067,1.68565,429,116800,0.127208,0.03,1,61156,60727,429
2266541,7.44134,6.73713,429,116800,0.105442,0.12,1,61164,60735,429
2269461,3.08827,4.54743,427,116800,0.0690883,0.08,1,61166,60739,427
2272381,3.81765,2.50949,429,116800,0.0218177,0.09,1,61170,60741,429
2275301,7.96353,6.9019,430,116800,0.132364,0.1,1,61179,60749,430
2278221,3.19271,4.58038,428,116800,0.154473,0.01,1,61181,60753,428
2281141,3.03854,4.11608,427,116800,0.110895,0,1,61184,60757,427
2284061,5.40771,2.42322,431,116800,0.166179,0.01,1,61190,60759,431
2286981,2.68154,2.08464,431,116800,0.177236,0.1,1,61192,60761,431
2289901,2.13631,2.01693,431,116800,0.147447,0.1,1,61194,60763,431
2292821,2.02726,2.00339,431,116800,0.141489,0.06,1,61196,60765,431
2295741,2.00545,2.00068,431,116800,0.108298,0.19,1,61198,60767,431
2298661,2.00109,6.00014,426,116800,0.0616596,0.19,1,61200,60774,426
2301581,6.80022,2.80003,432,116800,0.108332,0.11,1,61208,60776,432
2304501,8.56004,5.36001,435,116800,0.0856664,0.14,1,61217,60782,435
2307421,3.31201,7.472,429,116800,0.0811333,0.1,1,61219,60790,429
2310341,2.2624,3.0944,429,116800,0.0402267,0.1,1,61221,60792,429
2313261,6.85248,2.21888,435,116800,0.0880453,0.09,1,61229,60794,435
2316181,11.7705,11.6438,434,116800,0.113609,0.1,1,61242,60808,434
2319101,8.7541,12.7288,429,116800,0.0547218,0,1,61250,60821,429
2322021,8.15082,8.94575,429,116800,0.0109444,0,1,61258,60829,429
2324941,3.23016,3.38915,429,116800,0.00218887,0.08,1,61260,60831,429
2327861,151.846,3.87783,614,116800,0.000437774,0.22,1,61449,60835,614
2330781,49.5692,154.376,446,116800,0.0160876,0,1,61473,61027,446
2333701,26.7138,49.2751,444,116800,0.0672175,0.06,1,61494,61050,444
2336621,20.5428,26.655,442,116800,0.0774435,0,1,61513,61071,442
2339541,10.5086,22.131,429,116800,0.0154887,0.02,1,61521,61092,429
2342461,7.70171,10.0262,429,116800,0.0350977,0.06,1,61528,61099,429
2345381,12.7403,8.40524,435,116800,0.0550196,0,1,61542,61107,435
2348301,4.14807,7.28105,430,116800,0.0270039,0.03,1,61544,61114,430
2351221,2.42961,4.65621,428,116800,0.00540078,0,1,61546,61118,428
2354141,2.88592,2.53124,429,116800,0.00108016,0,1,61549,61120,429
2357061,4.57718,2.10625,432,116800,0.112216,0.12,1,61554,61122,432
2359981,5.71544,5.22125,432,116800,0.126443,0.16,1,61560,61128,432
2362901,2.74309,6.64425,427,116800,0.0972886,0.12,1,61562,61135,427
2365821,7.74862,2.92885,434,116800,0.155458,0.1,1,61571,61137,434
2368741,3.14972,6.18577,429,116800,0.167092,0.1,1,61573,61144,429
2371661,2.22994,2.83715,429,118260,0.145418,0.1,1,61575,61146,429
2373281,1.24599,2.16743,428,118260,0.133084,0.07,1,61576,61148,428
2376201,1.8492,2.03349,428,118260,0.154617,0.14,1,61578,61150,428
2379121,1.96984,5.2067,424,118260,0.118923,0.1,1,61580,61156,424
2382041,9.99397,7.44134,428,118260,0.159785,0.06,1,61592,61164,428
2384961,3.59879,3.08827,428,118260,0.167957,0.01,1,61594,61166,428
2387881,4.71976,3.81765,429,118260,0.0975914,0.16,1,61599,61170,429
2390801,4.14395,7.96353,424,118260,0.0595183,0.16,1,61603,61179,424
2393721,6.42879,3.19271,429,118260,0.115904,0.1,1,61610,61181,429
2396641,2.88576,3.03854,428,118260,0.103181,0.18,1,61612,61184,428
2399561,2.17715,5.40771,424,118260,0.180636,0.18,1,61614,61190,424
2402481,2.03543,2.68154,424,118260,0.164127,0.14,1,61616,61192,424
2405401,5.20709,2.13631,428,118260,0.200825,0.14,1,61622,61194,428
2408321,2.64142,2.02726,428,118260,0.208165,0.1,1,61624,61196,428
2411241,2.12828,2.00545,428,118260,0.217633,0.05,1,61626,61198,428
2414161,2.02566,2.00109,428,118260,0.219527,0.12,1,61628,61200,428
2417081,3.60513,6.80022,424,118260,0.163905,0.08,1,61632,61208,424
2420001,10.321,8.56004,427,118260,0.216781,0.08,1,61644,61217,427
2422921,3.66421,3.31201,427,118260,0.211356,0.03,1,61646,61219,427
2425841,5.53284,2.2624,431,118260,0.162271,0.1,1,61652,61221,431
2428761,4.30657,6.85248,427,118260,0.128454,0.12,1,61656,61229,427
2431681,8.86131,11.7705,424,118260,0.121691,0.04,1,61666,61242,424
2434601,6.57226,8.7541,422,118260,0.152338,0,1,61672,61250,422
2437521,9.31445,8.15082,424,118260,0.110468,0,1,61682,61258,424
2440441,3.46289,3.23016,424,118260,0.102094,0,1,61684,61260,424
2443361,158.293,151.846,432,118260,0.0204187,0.02,1,61881,61449,432
2446281,42.8585,49.5692,422,118260,0.0840837,0.08,1,61895,61473,422
2449201,27.7717,26.7138,425,118260,0.200817,0.08,1,61919,61494,425
2452121,18.3543,20.5428,422,118260,0.104163,0,1,61935,61513,422
2455041,10.0709,10.5086,422,118260,0.164833,0.04,1,61943,61521,422
2457961,7.61417,7.70171,422,118260,0.152967,0.06,1,61950,61528,422
2460881,17.5228,12.7403,428,118260,0.0465933,0.02,1,61970,61542,428
2463801,5.10457,4.14807,428,118260,0.00931866,0,1,61972,61544,428
2466721,2.62091,2.42961,428,118260,0.00186373,0,1,61974,61546,428
2469641,2.12418,2.88592,427,118260,0.000372746,0.14,1,61976,61549,427
2472561,3.62484,4.57718,426,118260,7.45493e-05,0.13,1,61980,61554,426
2475481,7.12497,5.71544,428,118260,0.128015,0.09,1,61988,61560,428
2478401,4.62499,2.74309,430,118260,0.113603,0.17,1,61992,61562,430
2481321,5.725,7.74862,427,118260,0.0227206,0.17,1,61998,61571,427
2484241,2.745,3.14972,427,119720,0.132544,0.17,1,62000,61573,427
2487161,2.949,0.629945,430,119720,0.138509,0.14,1,62003,61573,430
2490081,4.5898,1.72599,433,119720,0.0517018,0.13,1,62008,61575,433
2493001,2.51796,1.1452,434,119720,0.0503404,0.16,1,62010,61576,434
2495381,2.10359,1.82904,434,119720,0.138068,0.16,1,62012,61578,434
2498301,2.02072,4.36581,431,119720,0.155614,0.17,1,62014,61583,431
2501221,2.00414,8.07316,424,119720,0.127123,0.17,1,62016,61592,424
2504141,6.00083,3.21463,429,119720,0.161425,0.08,1,62023,61594,429
2507061,6.80017,4.64293,431,119720,0.128285,0.05,1,62030,61599,431
2509981,10.96,4.12859,439,119720,0.057657,0.13,1,62042,61603,439
2512901,3.79201,6.42572,434,119720,0.0755314,0.1,1,62044,61610,434
2515821,2.3584,2.88514,434,119720,0.0471063,0.2,1,62046,61612,434
2518741,2.07168,2.17703,434,119720,0.00942126,0.16,1,62048,61614,434
2521661,2.01434,2.03541,434,119720,0.00188425,0.21,1,62050,61616,434
2524581,2.00287,5.20708,430,119720,0.00037685,0.21,1,62052,61622,430
2527501,2.00057,2.64142,430,119720,0.0720754,0.22,1,62054,61624,430
2530421,2.00011,2.12828,430,119720,0.0864151,0.22,1,62056,61626,430
2533341,2.80002,2.02566,431,119720,0.097283,0.15,1,62059,61628,431
2534901,6.16,3.60513,434,119720,0.211457,0.23,1,62066,61632,434
2537821,6.032,10.321,428,119720,0.194291,0.21,1,62072,61644,428
2540741,2.8064,3.66421,428,119720,0.182858,0.15,1,62074,61646,428
2543661,6.96128,5.53284,430,119720,0.156572,0.12,1,62082,61652,430
2546581,2.99226,4.30657,428,119720,0.159314,0.12,1,62084,61656,428
2549501,6.99845,8.86131,426,119720,0.159863,0.16,1,62092,61666,426
2552421,6.99969,6.57226,427,119720,0.111973,0.1,1,62099,61672,427
2555341,6.19994,9.31445,423,119720,0.166395,0.1,1,62105,61682,423
2558261,2.83999,3.46289,423,119720,0.145279,0,1,62107,61684,423
2561181,162.968,158.293,429,119720,0.0290558,0.1,1,62310,61881,429
2564101,44.5936,42.8585,430,119720,0.101811,0.23,1,62325,61895,430
2567021,28.1187,27.7717,430,119720,0.100362,0.08,1,62349,61919,430
2569941,18.4237,18.3543,430,119720,0.164072,0.18,1,62365,61935,430
2572861,6.88475,10.0709,426,119720,0.176814,0.15,1,62369,61943,426
2575781,6.97695,7.61417,426,119720,0.211363,0.02,1,62376,61950,426
2578701,14.1954,17.5228,422,119720,0.146273,0,1,62392,61970,422
2581621,10.0391,5.10457,429,119720,0.141255,0,1,62401,61972,429
2584541,3.60782,2.62091,429,119720,0.140251,0,1,62403,61974,429
2587461,2.32156,2.12418,429,119720,0.10805,0,1,62405,61976,429
2590381,2.06431,3.62484,427,119720,0.06961,0.16,1,62407,61980,427
2593301,2.81286,7.12497,422,119720,0.021922,0.11,1,62410,61988,422
2596221,7.76257,4.62499,427,119720,0.108384,0,1,62419,61992,427
2599141,3.15251,5.725,423,121180,0.125677,0,1,62421,61998,423
2602061,2.2305,1.145,425,121180,0.0971354,0.16,1,62423,61998,425
2604981,6.8461,1.829,431,121180,0.0434271,0.14,1,62431,62000,431
2607901,2.96922,2.7658,430,121180,0.0326854,0.03,1,62433,62003,430
2610821,2.19384,4.55316,427,121180,0.150537,0.05,1,62435,62008,427
2613741,2.83877,2.51063,428,121180,0.134107,0.16,1,62438,62010,428
2616021,4.56775,2.10213,431,121180,0.0748215,0.16,1,62443,62012,431
2618941,2.51355,2.02043,431,121180,0.0549643,0.12,1,62445,62014,431
2621861,2.10271,2.00409,431,121180,0.0509929,0.17,1,62447,62016,431
2624781,5.22054,6.00082,430,121180,0.0741986,0.12,1,62453,62023,430
2627701,9.84411,6.80016,434,121180,0.0388397,0.04,1,62464,62030,434
2630621,5.96882,10.96,427,121180,0.0637679,0.08,1,62469,62042,427
2633541,2.79376,3.79201,427,121180,0.0447536,0.04,1,62471,62044,427
2636461,2.15875,2.3584,427,121180,0.0649507,0,1,62473,62046,427
2638901,7.63175,2.07168,434,121180,0.0369901,0,1,62482,62048,434
2641821,3.12635,2.81434,433,121180,0.031398,0,1,62484,62051,433
2644741,2.22527,1.36287,434,121180,0.00627961,0.09,1,62486,62052,434
2647661,2.04505,1.87257,434,121180,0.00125592,0.09,1,62488,62054,434
2650581,2.00901,1.97451,434,121180,0.0482512,0.1,1,62490,62056,434
2653501,3.6018,2.7949,435,121180,0.0336502,0.19,1,62494,62059,435
2656421,7.12036,10.959,430,121180,0.11073,0.18,1,62502,62072,430
2659341,3.02407,3.7918,430,121180,0.126146,0.15,1,62504,62074,430
2662261,7.00481,7.15836,430,121180,0.0252292,0.16,1,62512,62082,430
2665181,3.00096,3.03167,430,121180,0.141046,0.16,1,62514,62084,430
2668101,8.60019,7.00633,432,121180,0.0522092,0.1,1,62524,62092,432
2671021,4.92004,7.00127,429,121180,0.0904418,0.18,1,62528,62099,429
2673941,5.78401,6.20025,429,121180,0.0180884,0.14,1,62534,62105,429
2676861,2.7568,2.84005,429,121180,0.131618,0,1,62536,62107,429
2679781,164.551,162.968,431,121180,0.0263235,0.12,1,62741,62310,431
2682701,40.9103,44.5936,426,121180,0.101265,0.1,1,62751,62325,426
2685621,32.9821,28.1187,433,121180,0.148253,0.18,1,62782,62349,433
2688541,19.3964,18.4237,433,121180,0.0536506,0.18,1,62798,62365,433
2691461,5.47928,6.88475,431,121180,0.0107301,0.22,1,62800,62369,431
2694381,8.29586,6.97695,433,121180,0.106146,0.13,1,62809,62376,433
2697301,10.4592,14.1954,428,121180,0.173229,0.14,1,62820,62392,428
2700221,9.29183,10.0391,428,121180,0.106646,0.14,1,62829,62401,428
2703141,3.45837,3.60782,428,121180,0.0933292,0.1,1,62831,62403,428
2706061,2.29167,2.32156,428,121180,0.0666658,0.06,1,62833,62405,428
2708981,2.05833,2.06431,428,121180,0.0373332,0.01,1,62835,62407,428
2711901,2.01167,2.81286,427,121180,0.00746663,0.13,1,62837,62410,427
2714821,3.60233,7.76257,422,122640,0.201493,0.13,1,62841,62419,422
2717741,2.32047,1.55251,424,122640,0.240299,0.13,1,62843,62419,424
2720661,2.86409,1.9105,425,122640,0.26406,0.09,1,62846,62421,425
2723581,6.97282,1.9821,431,122640,0.268812,0.03,1,62854,62423,431
2726501,2.99456,6.79642,425,122640,0.245762,0.03,1,62856,62431,425
2729421,2.19891,2.95928,425,122640,0.241152,0.18,1,62858,62433,425
2732341,2.03978,2.19186,425,122640,0.20023,0.13,1,62860,62435,425
2735261,6.80796,2.83837,430,122640,0.128046,0.06,1,62868,62438,430
2738181,2.96159,4.56767,427,122640,0.113609,0.05,1,62870,62443,427
2741101,2.19232,2.51353,427,122640,0.222722,0.05,1,62872,62445,427
2744021,2.03846,2.10271,427,122640,0.212544,0.08,1,62874,62447,427
2746941,11.6077,5.22054,435,122640,0.226509,0.03,1,62888,62453,435
2749861,3.92154,9.84411,426,122640,0.221302,0.07,1,62890,62464,426
2752781,2.38431,5.96882,423,122640,0.18826,0.04,1,62892,62469,423
2755701,2.07686,2.79376,423,122640,0.157652,0.07,1,62894,62471,423
2758621,8.41537,2.15875,431,122640,0.22353,0.03,1,62904,62473,431
2761541,3.28307,7.63175,424,122640,0.236706,0.03,1,62906,62482,424
2764461,7.85662,3.12635,431,122640,0.135341,0,1,62915,62484,431
2767381,3.17132,2.22527,431,122640,0.123068,0,1,62917,62486,431
2768901,1.43426,2.04505,430,122640,0.112614,0.04,1,62918,62488,430
2771821,1.88685,4.40901,427,122640,0.0785227,0.03,1,62920,62493,427
2774741,3.57737,1.6818,430,122640,0.0157045,0.13,1,62924,62494,430
2777661,7.11547,6.73636,430,122640,0.179141,0.13,1,62932,62502,430
2780581,3.02309,2.94727,430,122640,0.179828,0,1,62934,62504,430
2783501,2.20462,6.98945,424,122640,0.171966,0.17,1,62936,62512,424
2786421,7.64092,2.99789,431,122640,0.178393,0.03,1,62945,62514,431
2789341,9.52818,8.59958,431,122640,0.107679,0.1,1,62955,62524,431
2792261,3.50564,4.91992,429,122640,0.0855357,0,1,62957,62528,429
2795181,2.30113,5.78398,425,122640,0.0491071,0.16,1,62959,62534,425
2796641,161.26,2.7568,624,122640,0.00982143,0,1,63160,62536,624
2799561,39.452,164.551,428,122640,0.00196429,0.12,1,63169,62741,428
2802481,14.2904,40.9103,426,122640,0.000392857,0.16,1,63177,62751,426
2805401,28.4581,32.9821,427,122640,0.0960786,0.03,1,63209,62782,427
2808321,16.8916,19.3964,425,122640,0.131216,0,1,63223,62798,425
2811241,7.37832,5.47928,428,122640,0.0582431,0.13,1,63228,62800,428
2814161,11.0757,8.29586,431,122640,0.0676486,0.19,1,63240,62809,431
2817081,7.01513,10.4592,426,122640,0.0295297,0.09,1,63246,62820,426
2820001,9.40303,9.29183,427,122640,0.0699059,0.09,1,63256,62829,427
2822921,9.88061,3.45837,435,122640,0.0459812,0.06,1,63266,62831,435
2825841,3.57612,2.29167,435,122640,0.0411962,0.03,1,63268,62833,435
2827761,1.51522,2.05833,434,122640,0.0322392,0.25,1,63269,62835,434
2830681,1.90304,6.81167,428,124100,0.0224478,0.25,1,63271,62843,428
2833601,1.98061,1.36233,430,124100,0.0524896,0.25,1,63273,62843,430
2836521,1.99612,0.272467,432,124100,0.0264979,0.25,1,63275,62843,432
2839441,1.99922,0.0544933,434,124100,0.0292996,0.27,1,63277,62843,434
2842361,1.99984,2.4109,433,124100,0.12586,0.27,1,63279,62846,433
2845281,1.99997,6.88218,427,124100,0.113172,0.24,1,63281,62854,427
2848201,1.99999,2.97644,427,124100,0.166634,0.24,1,63283,62856,427
2851121,2,2.19529,427,124100,0.177327,0.19,1,63285,62858,427
2853761,2.8,2.03906,428,124100,0.203465,0.11,1,63288,62860,428
2856681,8.56,6.80781,430,124100,0.0566931,0.11,1,63298,62868,430
2859601,3.312,2.96156,430,124100,0.147339,0.25,1,63300,62870,430
2862521,2.2624,2.19231,430,124100,0.133468,0.25,1,63302,62872,430
2864581,5.25248,0.438462,436,124100,0.0346935,0.19,1,63308,62872,436
2867501,6.6505,4.08769,438,124100,0.126939,0.23,1,63315,62877,438
2870421,5.3301,9.61754,432,124100,0.0973877,0.22,1,63320,62888,432
2873341,5.86602,3.52351,436,124100,0.0994776,0.18,1,63326,62890,436
2876021,2.7732,2.3047,436,124100,0.107896,0.18,1,63328,62892,436
2878941,2.15464,2.86094,435,124100,0.0855791,0.24,1,63330,62895,435
2881861,2.03093,7.77219,428,124100,0.0811158,0.24,1,63332,62904,428
2884781,6.00619,3.15444,433,124100,0.0962232,0.11,1,63339,62906,433
2887701,2.80124,7.83089,426,124100,0.0992446,0.12,1,63341,62915,426
2890621,2.16025,3.16618,426,124100,0.123849,0.07,1,63343,62917,426
2893541,7.63205,3.03324,432,124100,0.16877,0,1,63352,62920,432
2895361,2.32641,3.80665,429,124100,0.161754,0.1,1,63353,62924,429
2898281,6.86528,3.96133,433,124100,0.0643508,0.22,1,63361,62928,433
2901201,2.97306,3.99227,431,124100,0.0528702,0.18,1,63363,62932,431
2904121,2.19461,2.39845,431,124100,0.034574,0.17,1,63365,62934,431
2905761,1.23892,2.07969,430,124100,0.134915,0.18,1,63366,62936,430
2908681,4.24778,7.61594,426,124100,0.074983,0.09,1,63371,62945,426
2911601,7.24956,9.52319,424,124100,0.118997,0.08,1,63379,62955,424
2914521,3.04991,3.50464,424,124100,0.0957993,0.04,1,63381,62957,424
2917201,2.20998,2.30093,424,124100,0.0591599,0,1,63383,62959,424
2920121,170.042,161.26,435,124100,0.011832,0,1,63595,63160,435
2923041,41.2084,39.452,435,124100,0.00236639,0,1,63604,63169,435
2925961,31.4417,14.2904,456,124100,0.184473,0.12,1,63633,63177,456
2928881,19.8883,28.4581,441,124100,0.0688947,0.14,1,63650,63209,441
2931801,5.57767,16.8916,429,124100,0.0137789,0.04,1,63652,63223,429
2934721,10.7155,7.37832,436,124100,0.0587558,0.07,1,63664,63228,436
2937641,6.94311,11.0757,430,124100,0.0917512,0.02,1,63670,63240,430
2940561,8.58862,7.01513,433,124100,0.0983502,0.08,1,63679,63246,433
2943481,8.11772,9.40303,431,124100,0.12367,0.04,1,63687,63256,431
2946401,4.02354,9.88061,424,124100,0.112734,0.04,1,63690,63266,424
2948821,7.20471,3.57612,430,124100,0.126547,0.02,1,63698,63268,430
2951741,3.04094,3.11522,429,125560,0.0973094,0.02,1,63700,63271,429
2954661,2.20819,0.623045,431,125560,0.0994619,0.06,1,63702,63271,431
2957581,2.04164,1.72461,431,125560,0.155892,0.02,1,63704,63273,431
2960501,2.00833,1.94492,431,125560,0.135178,0.03,1,63706,63275,431
2963421,2.00167,1.98898,431,125560,0.0990357,0.15,1,63708,63277,431
2965461,2.00033,1.9978,431,125560,0.107807,0.21,1,63710,63279,431
2968381,2.00007,7.59956,424,125560,0.117561,0.21,1,63712,63288,424
2971301,2.00001,1.51991,426,125560,0.119512,0.21,1,63714,63288,426
2974221,2,0.303982,428,125560,0.191902,0.21,1,63716,63288,428
2977141,2,0.0607965,430,125560,0.21438,0.02,1,63718,63288,430
2980061,2,8.01216,422,125560,0.194876,0.17,1,63720,63298,422
2982981,2,3.20243,422,125560,0.166975,0.13,1,63722,63300,422
2984801,8.4,2.24049,430,125560,0.177395,0.07,1,63732,63302,430
2987721,3.28,2.8481,429,125560,0.147479,0.15,1,63734,63305,429
2990641,6.256,8.56962,426,125560,0.0934958,0.09,1,63741,63315,426
2993561,5.2512,5.71392,426,125560,0.210699,0.1,1,63746,63320,426
2996481,5.85024,5.94278,426,125560,0.17014,0.11,1,63752,63326,426
2999401,2.77005,2.78856,426,125560,0.130028,0.08,1,63754,63328,426
3001441,2.15401,2.15771,426,125560,0.178006,0.1,1,63756,63330,426
3004361,5.2308,6.03154,425,125560,0.107601,0.1,1,63762,63337,425
3007281,2.64616,1.20631,427,125560,0.18152,0.1,1,63764,63337,427
3010201,5.32923,1.84126,431,125560,0.156304,0.1,1,63770,63339,431
3012881,2.66585,1.96825,431,125560,0.175261,0.12,1,63772,63341,431
3015801,2.13317,6.79365,425,125560,0.195052,0.18,1,63774,63349,425
3018721,2.02663,3.75873,424,125560,0.20701,0.04,1,63776,63352,424
3021201,7.60533,7.95175,424,125560,0.105402,0.05,1,63785,63361,424
3024121,3.12107,3.19035,424,125560,0.14908,0.03,1,63787,63363,424
3027041,7.02421,2.23807,430,125560,0.0778161,0.16,1,63795,63365,430
3029941,3.80484,1.24761,432,125560,0.191563,0.19,1,63798,63366,432
3032861,6.36097,7.44952,430,125560,0.110313,0.13,1,63805,63375,430
3035781,2.87219,4.6899,428,125560,0.182063,0.09,1,63807,63379,428
3038701,2.17444,2.53798,428,125560,0.180413,0.05,1,63809,63381,428
3040161,161.235,2.1076,627,125560,0.0360825,0,1,64010,63383,627
3043081,37.847,170.022,422,125560,0.0072165,0,1,64017,63595,422
3046001,21.9694,41.2043,431,125560,0.0014433,0.23,1,64035,63604,431
3048921,22.7939,31.4409,425,125560,0.144289,0.04,1,64058,63633,425
3051841,18.1588,19.8882,425,125560,0.212858,0,1,64075,63650,425
3054761,5.23175,5.57763,425,125560,0.202572,0.07,1,64077,63652,425
3057681,14.6464,10.7155,430,125560,0.136514,0.1,1,64094,63664,430
3060601,7.72927,6.94311,430,125560,0.211303,0.1,1,64100,63670,430
3063521,4.74585,8.58862,425,125560,0.226261,0.13,1,64104,63679,425
3066441,9.74917,8.11772,428,125560,0.245252,0.11,1,64115,63687,428
3069361,3.54983,4.02354,427,125560,0.22505,0.13,1,64117,63690,427
3072281,7.10997,7.20471,427,127020,0.18101,0.13,1,64125,63698,427
3075201,3.02199,1.44094,429,127020,0.180202,0.09,1,64127,63698,429
3077361,2.2044,1.88819,429,127020,0.17204,0.18,1,64129,63700,429
3080281,2.84088,2.77764,429,127020,0.146408,0.17,1,64132,63703,429
3083201,4.56818,1.35553,433,127020,0.181282,0.13,1,64137,63704,433
3085681,2.51364,1.87111,433,127020,0.244256,0.21,1,64139,63706,433
3088601,2.10273,8.37422,425,127020,0.256851,0.21,1,64141,63716,425
3091521,2.02055,1.67484,427,127020,0.22737,0.21,1,64143,63716,427
3094441,2.00411,0.334969,429,127020,0.189474,0.21,1,64145,63716,429
3097361,2.00082,0.0669938,431,127020,0.157895,0.21,1,64147,63716,431
3100281,2.00016,0.0133988,433,127020,0.175579,0.22,1,64149,63716,433
3102321,2.00003,1.60268,433,127020,0.179116,0.12,1,64151,63718,433
3105241,2.00001,5.12054,429,127020,0.171823,0.12,1,64153,63724,429
3108161,2,1.02411,431,127020,0.146365,0.18,1,64155,63724,431
3111081,2.8,6.60482,426,127020,0.237273,0.14,1,64158,63732,426
3114001,8.56,2.92096,434,127020,0.231455,0.08,1,64168,63734,434
3116921,8.112,6.18419,435,127020,0.150291,0.24,1,64176,63741,435
3119381,4.0224,5.23684,433,127020,0.0940582,0.16,1,64179,63746,433
3122301,6.40448,5.84737,434,127020,0.162812,0.12,1,64186,63752,434
3124161,2.0809,2.76947,433,127020,0.192562,0.22,1,64187,63754,433
3127081,5.21618,7.75389,430,127020,0.198512,0.22,1,64193,63763,430
3130001,2.64324,1.55078,432,127020,0.167702,0.2,1,64195,63763,432
3132921,2.12865,1.11016,433,127020,0.137541,0.15,1,64197,63764,433
3134561,1.22573,5.02203,428,127020,0.115508,0.21,1,64198,63770,428
3137481,1.84515,5.80441,424,127020,0.135102,0.21,1,64200,63776,424
3140401,1.96903,1.16088,426,127020,0.19502,0.21,1,64202,63776,426
3143321,1.99381,0.232176,428,127020,0.199004,0.08,1,64204,63776,428
3146241,5.19876,7.24644,425,127020,0.127801,0.16,1,64210,63785,425
3149121,8.23975,3.04929,432,127020,0.20956,0.06,1,64219,63787,432
3152041,3.24795,7.00986,426,127020,0.233912,0.22,1,64221,63795,426
3154321,7.04959,3.80197,431,127020,0.166782,0.09,1,64229,63798,431
3157241,3.00992,6.36039,426,127020,0.153356,0.2,1,64231,63805,426
3160161,2.20198,2.87208,426,127020,0.174671,0.2,1,64233,63807,426
3162021,1.2404,0.574416,427,127020,0.234934,0.17,1,64234,63807,427
3164941,157.848,2.51488,621,127020,0.0469868,0,1,64431,63810,621
3167861,37.9696,166.103,422,127020,0.00939737,0,1,64439,64017,422
3170781,21.9939,47.6206,422,127020,0.00187947,0.18,1,64457,64035,422
3173701,33.1988,27.9241,435,127020,0.0963759,0.23,1,64493,64058,435
3176621,14.6398,19.1848,428,127020,0.187275,0.2,1,64503,64075,428
3179281,9.32795,5.43696,434,127020,0.173455,0.12,1,64511,64077,434
3182201,15.4656,14.6874,434,127020,0.138691,0.23,1,64528,64094,434
3185121,4.69312,7.73748,430,127020,0.0997382,0.23,1,64530,64100,430
3186981,6.53862,1.5475,437,127020,0.0199476,0.23,1,64537,64100,437
3189901,7.70772,3.5095,441,127020,0.12399,0.25,1,64545,64104,441
3192821,3.14154,9.5019,432,127020,0.232798,0.22,1,64547,64115,432
3195301,9.42831,3.50038,441,127020,0.15856,0.18,1,64558,64117,441
3198221,3.48566,8.70008,433,127020,0.191712,0.18,1,64560,64127,433
3201141,2.29713,1.74002,435,127020,0.166342,0.17,1,64562,64127,435
3203201,2.05943,1.948,435,127020,0.137268,0.27,1,64564,64129,435
3206121,2.01189,7.5896,428,127020,0.107454,0.27,1,64566,64138,428
3209041,2.00238,1.51792,430,127020,0.0694907,0.26,1,64568,64138,430
3211961,2.00048,1.10358,431,127020,0.0778982,0.26,1,64570,64139,431
3213601,1.2001,1.82072,430,127020,0.0875796,0.18,1,64571,64141,430
3216521,1.84002,3.56414,428,127020,0.225516,0.18,1,64573,64145,428
3219441,1.968,0.712829,430,127020,0.221103,0.18,1,64575,64145,430
3221921,5.1936,0.142566,436,127020,0.276221,0.29,1,64581,64145,436
3224841,2.63872,8.82851,427,127020,0.271244,0.29,1,64583,64156,427
3227761,2.12774,1.7657,429,127020,0.238249,0.29,1,64585,64156,429
3230681,2.02555,0.35314,431,127020,0.19165,0.29,1,64587,64156,431
3233601,2.00511,0.0706281,433,127020,0.15033,0.29,1,64589,64156,433
3236521,2.00102,0.0141256,435,127020,0.110066,0.26,1,64591,64156,435
3238561,2.0002,1.60283,435,127020,0.0700132,0.21,1,64593,64158,435
3241481,10.8,11.5206,434,127020,0.198003,0.13,1,64606,64172,434
3244401,4.56001,5.50411,433,127020,0.207601,0.08,1,64609,64176,433
3246261,4.112,3.50082,434,127020,0.15352,0.28,1,64613,64179,434
3249181,2.4224,8.70016,426,127020,0.110704,0.28,1,64615,64189,426
3252101,6.88448,1.74003,434,127020,0.174141,0.2,1,64623,64189,434
3255021,2.9769,3.54801,432,127020,0.170828,0.16,1,64625,64193,432
3256661,4.59538,2.3096,435,127020,0.114166,0.2,1,64630,64195,435
3259581,2.51908,7.66192,428,127020,0.182833,0.2,1,64632,64204,428
3262501,2.10382,1.53238,430,127020,0.172567,0.2,1,64634,64204,430
3265421,2.02076,0.306477,432,127020,0.274513,0.2,1,64636,64204,432
3268341,2.00415,0.0612954,434,127020,0.270903,0.2,1,64638,64204,434
3271261,3.60083,0.0122591,438,127020,0.230181,0.11,1,64642,64204,438
3274181,5.52017,4.80245,438,127020,0.134036,0.23,1,64648,64210,438
3277041,2.70403,8.16049,431,127020,0.210807,0.18,1,64650,64219,431
3279961,10.9408,12.8321,430,127020,0.234161,0.18,1,64663,64233,430
3282881,3.78816,2.56642,432,127020,0.206832,0.18,1,64665,64233,432
3285801,2.35763,0.513284,434,127020,0.209366,0.25,1,64667,64233,434
3287441,1.27153,0.902657,434,127020,0.201873,0.23,1,64668,64234,434
3290361,147.454,4.98053,612,127020,0.0403747,0,1,64852,64240,612
3292641,35.8909,153.796,429,127020,0.00807493,0,1,64860,64431,429
3295561,21.5782,41.1592,434,127020,0.00161499,0,1,64878,64444,434
3298481,41.9156,18.6318,468,127020,0.128323,0.12,1,64925,64457,468
3301401,13.1831,32.5264,438,127020,0.0976646,0.21,1,64931,64493,438
3304321,7.43663,14.5053,434,127020,0.163533,0.17,1,64937,64503,434
3307241,11.8873,9.30105,439,127020,0.160707,0.13,1,64950,64511,439
3310161,11.1775,15.4602,433,127020,0.120141,0.09,1,64961,64528,433
3311781,3.03549,4.69204,432,127020,0.104028,0,1,64962,64530,432
3314701,9.4071,6.53841,436,127020,0.140806,0.15,1,64973,64537,436
3317601,3.48142,7.70768,430,127020,0.116161,0.14,1,64975,64545,430
3320521,7.09628,11.9415,425,127020,0.175232,0.14,1,64983,64558,425
3323441,3.01926,2.38831,427,127020,0.179046,0.2,1,64985,64558,427
3325301,9.40385,2.07766,436,127020,0.163809,0.1,1,64996,64560,436
3328221,3.48077,7.61553,429,127020,0.136762,0.1,1,64998,64569,429
3331141,2.29615,1.52311,431,127020,0.139352,0.1,1,65000,64569,431
3334061,2.05923,0.304621,433,127020,0.13187,0.1,1,65002,64569,433
3336981,2.01185,0.0609242,435,127020,0.0983741,0.08,1,65004,64569,435
3339441,2.00237,0.812185,436,127020,0.0676748,0.23,1,65006,64570,436
3342361,2.00047,12.1624,423,127020,0.109535,0.23,1,65008,64585,423
3345281,2.00009,2.43249,425,127020,0.109907,0.23,1,65010,64585,425
3348201,2.00002,0.486497,427,127020,0.0779814,0.23,1,65012,64585,427
3351121,2,0.0972995,429,127020,0.191596,0.23,1,65014,64585,429
3354041,2,0.0194599,431,127020,0.214319,0.18,1,65016,64585,431
3356501,5.2,1.60389,435,127020,0.138864,0.22,1,65022,64587,435
3359421,2.64,6.72078,429,127020,0.0917728,0.22,1,65024,64595,429
3362341,2.128,1.34416,431,127020,0.0423546,0.22,1,65026,64595,431
3365261,2.0256,0.268831,433,127020,0.200471,0.23,1,65028,64595,433
3368181,5.20512,8.85377,428,127020,0.168094,0.21,1,65034,64606,428
3371061,8.24102,4.17075,434,127020,0.193619,0.14,1,65043,64609,434
3373981,3.2482,4.03415,432,127020,0.174724,0.1,1,65045,64613,432
3376261,8.64964,2.40683,440,127020,0.194945,0.17,1,65055,64615,440
3379181,4.92993,8.48137,434,127020,0.142989,0.17,1,65059,64625,434
3382101,3.38599,1.69627,437,127020,0.156598,0.1,1,65062,64625,437
3384581,2.2772,4.33925,434,127020,0.11932,0.27,1,65064,64630,434
3387501,2.05544,7.26785,428,127020,0.119864,0.27,1,65066,64638,428
3390421,2.01109,1.45357,430,127020,0.0879728,0.27,1,65068,64638,430
3393341,2.00222,0.290714,432,127020,0.0735946,0.27,1,65070,64638,432
3395601,5.20044,0.0581428,438,127020,0.126719,0.18,1,65076,64638,438
3398521,5.04009,5.61163,436,127020,0.217344,0.11,1,65081,64645,436
3401441,5.00802,3.52233,438,127020,0.147469,0.23,1,65086,64648,438
3403301,3.4016,2.30447,439,127020,0.117494,0.24,1,65089,64650,439
3406221,7.08032,10.8609,434,127020,0.127499,0.2,1,65097,64663,434
3408081,2.21606,3.77218,433,127020,0.1135,0.25,1,65098,64665,433
3411001,6.84321,7.95444,432,127020,0.1587,0.25,1,65106,64674,432
3413921,2.96864,1.59089,434,127020,0.16774,0,1,65108,64674,434
3416841,133.394,142.718,422,127020,0.033548,0,1,65274,64852,422
3419761,46.6787,34.9436,439,127020,0.0067096,0,1,65299,64860,439
3422681,54.1357,21.3887,477,127020,0.145342,0.16,1,65355,64878,477
3425601,12.4271,41.8777,432,127020,0.141068,0.09,1,65357,64925,432
3427221,8.88543,13.1755,434,127020,0.148214,0.18,1,65365,64931,434
3430141,3.37709,7.43511,430,127020,0.157643,0.16,1,65367,64937,430
3433061,8.67542,11.887,427,127020,0.0795285,0.11,1,65377,64950,427
3435121,11.3351,11.1774,428,127020,0.111906,0.1,1,65389,64961,428
3438041,3.86702,3.03548,429,127020,0.0943811,0.15,1,65391,64962,429
3440321,10.3734,9.4071,430,127020,0.138876,0.11,1,65403,64973,430
3443241,3.67468,3.48142,430,127020,0.115775,0.19,1,65405,64975,430
3446161,7.13494,7.09628,430,127020,0.063155,0.18,1,65413,64983,430
3448641,3.02699,3.01926,430,127020,0.116631,0.19,1,65415,64985,430
3451561,3.8054,5.40385,428,127020,0.0793262,0.13,1,65419,64991,428
3453841,6.36108,6.68077,428,127020,0.119865,0.13,1,65426,64998,428
3456761,4.47222,4.53615,428,127020,0.071973,0.13,1,65430,65002,428
3459681,4.09444,0.907231,432,127020,0.0543946,0.09,1,65434,65002,432
3462161,4.01889,1.78145,434,127020,0.0188789,0.22,1,65438,65004,434
3465081,2.40378,9.95629,424,127020,0.0837758,0.22,1,65440,65016,424
3468001,2.08076,1.99126,426,127020,0.0727552,0.22,1,65442,65016,426
3470921,2.01615,0.398252,428,127020,0.062551,0.22,1,65444,65016,428
3473841,2.00323,0.0796503,430,127020,0.0365102,0.22,1,65446,65016,430
3476761,2.00065,0.0159301,432,127020,0.079302,0.22,1,65448,65016,432
3479681,2.00013,0.00318601,434,127020,0.14386,0.12,1,65450,65016,434
3481921,2.00003,4.80064,430,127020,0.156772,0.03,1,65452,65022,430
3484841,2.00001,4.16013,428,127020,0.127354,0.03,1,65454,65026,428
3487761,2,0.832025,430,127020,0.0894709,0.03,1,65456,65026,430
3490681,2,0.166405,432,127020,0.0498942,0.24,1,65458,65026,432
3493361,5.2,1.63328,436,127020,0.145979,0.25,1,65464,65028,436
3496281,8.24,9.92666,433,127020,0.0451958,0.2,1,65473,65040,433
3498561,3.248,4.38533,432,127020,0.113039,0.09,1,65475,65043,432
3501481,5.4496,5.67707,432,127020,0.102608,0.2,1,65481,65049,432
3504401,2.68992,5.93541,428,127020,0.0685216,0.13,1,65483,65055,428
3506261,8.53798,4.38708,434,127020,0.109704,0.08,1,65493,65059,434
3509181,3.3076,8.07742,427,127020,0.117941,0.08,1,65495,65068,427
3512101,2.26152,1.61548,429,127020,0.0795882,0.08,1,65497,65068,429
3515021,2.0523,0.323097,431,127020,0.127918,0.08,1,65499,65068,431
3517941,2.01046,0.0646193,433,127020,0.105584,0.07,1,65501,65068,433
3520861,2.00209,1.61292,433,127020,0.125117,0.14,1,65503,65070,433
3523521,5.20042,5.12258,433,127020,0.169023,0.15,1,65509,65076,433
3526441,7.44008,13.0245,426,127020,0.161805,0.15,1,65517,65091,426
3529361,3.08802,2.6049,428,127020,0.112361,0.13,1,65519,65091,428
3532281,7.0176,5.32098,430,127020,0.102472,0.11,1,65527,65097,430
3533921,2.20352,1.8642,430,127020,0.116494,0.17,1,65528,65098,430
3536841,8.4407,6.77284,432,127020,0.127299,0.17,1,65538,65106,432
3539121,3.28814,2.95457,432,127020,0.14546,0.22,1,65540,65108,432
3542041,124.658,6.19091,580,127020,0.045092,0,1,65695,65115,580
3544961,44.9315,128.438,446,127020,0.00901839,0,1,65720,65274,446
3547881,60.1863,45.6876,485,127020,0.145804,0.18,1,65784,65299,485
3550561,13.6373,53.9375,431,127020,0.141161,0.17,1,65786,65355,431
3553481,5.92745,19.5875,424,127020,0.108232,0.16,1,65790,65366,424
3556401,2.78549,4.7175,425,127020,0.0696464,0.06,1,65792,65367,425
3559301,11.7571,8.9435,429,127020,0.0939293,0.12,1,65806,65377,429
3562221,12.7514,11.3887,430,127020,0.114786,0.09,1,65819,65389,430
3564081,3.35028,3.87774,429,127020,0.102957,0.15,1,65820,65391,429
3567001,7.07006,10.3755,425,127020,0.148591,0.11,1,65828,65403,425
3569701,7.81401,3.67511,431,127020,0.141718,0.05,1,65836,65405,431
3572621,4.7628,7.13502,427,127020,0.156344,0.13,1,65840,65413,427
3574901,4.15256,3.027,429,127020,0.0952687,0.08,1,65844,65415,429
3577821,2.43051,4.6054,426,127020,0.0750537,0.13,1,65846,65420,426
3580741,2.0861,5.72108,422,127020,0.119011,0.06,1,65848,65426,422
3583221,12.4172,4.34422,433,127020,0.119802,0.01,1,65863,65430,433
3586141,4.08344,7.26884,427,127020,0.0879604,0.01,1,65865,65438,427
3589061,2.41669,1.45377,429,127020,0.0415921,0.1,1,65867,65438,429
3591981,2.08334,1.89075,429,127020,0.00831842,0.07,1,65869,65440,429
3594661,3.61667,1.97815,431,127020,0.0816637,0.16,1,65873,65442,431
3597581,2.32333,8.39563,423,127020,0.0963327,0.16,1,65875,65452,423
3600501,2.06467,1.67913,425,127020,0.195267,0.16,1,65877,65452,425
3603421,2.01293,0.335825,427,127020,0.191053,0.16,1,65879,65452,427
3606341,2.00259,0.067165,429,127020,0.158211,0.16,1,65881,65452,429
3609261,2.00052,0.013433,431,127020,0.127642,0.12,1,65883,65452,431
3611301,2.0001,1.60269,431,127020,0.185528,0.17,1,65885,65454,431
3614221,2.00002,8.32054,423,127020,0.197106,0.17,1,65887,65464,423
3617141,2,1.66411,425,127020,0.207421,0.17,1,65889,65464,425
3620061,2,0.332821,427,127020,0.217484,0.02,1,65891,65464,427
3622981,6,7.26656,425,127020,0.131497,0.13,1,65898,65473,425
3625861,8.4,3.05331,432,127020,0.162299,0.08,1,65907,65475,432
3628781,3.28,6.21066,427,127020,0.16846,0.06,1,65909,65482,427
3631701,10.256,2.04213,438,127020,0.153692,0.12,1,65921,65483,438
3634621,3.6512,8.40843,430,127020,0.118738,0.12,1,65923,65493,430
3636261,2.33024,3.28169,430,127020,0.0797477,0.07,1,65925,65495,430
3639181,2.86605,2.25634,431,127020,0.15995,0.14,1,65928,65497,431
3641461,2.17321,2.05127,431,127020,0.19999,0.13,1,65930,65499,431
3644381,2.03464,3.61025,429,127020,0.199998,0.13,1,65932,65503,429
3647301,2.00693,0.722051,431,127020,0.216,0.18,1,65934,65503,431
3649781,6.80139,4.94441,433,127020,0.2272,0.16,1,65942,65509,433
3652701,2.96028,7.38888,427,127020,0.22944,0.1,1,65944,65517,427
3654561,1.39206,3.07778,426,127020,0.237888,0.19,1,65945,65519,426
3657481,7.47841,2.21556,433,127020,0.0955776,0.1,1,65954,65521,433
3659761,3.09568,5.24311,429,127020,0.123116,0.13,1,65956,65527,429
3662681,10.2191,9.84862,430,127020,0.184623,0.15,1,65968,65538,430
3664961,3.64383,3.56972,430,127020,0.196925,0.02,1,65970,65540,430
3667881,118.329,124.714,422,127020,0.215385,0,1,66117,65695,422
3670801,43.6658,44.9428,422,127020,0.043077,0.18,1,66142,65720,422
3673721,60.7331,60.1886,423,127020,0.120615,0.14,1,66207,65784,423
3675361,12.9466,13.6377,422,127020,0.120123,0.13,1,66208,65786,422
3678281,4.98933,4.32754,423,127020,0.104025,0.1,1,66211,65788,423
3681201,2.59787,2.46551,423,127020,0.172805,0.06,1,66213,65790,423
3683061,6.91957,2.0931,429,127020,0.106561,0.1,1,66221,65792,429
3685981,11.7839,11.6186,428,127020,0.133312,0.12,1,66234,65806,428
3688901,13.5568,12.7237,429,127020,0.130662,0.1,1,66248,65819,429
3691381,8.31136,3.34474,435,128480,0.0421325,0.16,1,66255,65820,435
3694301,6.46227,7.06895,433,128480,0.0244265,0.14,1,66261,65828,433
3697201,5.29245,7.81379,430,128480,0.108885,0.08,1,66266,65836,430
3700121,7.45849,7.96276,430,128480,0.157777,0.08,1,66274,65844,430
3703041,3.0917,1.59255,432,128480,0.135555,0.07,1,66276,65844,432
3704901,1.41834,1.91851,431,128480,0.123111,0.11,1,66277,65846,431
3707821,9.88367,2.7837,440,128480,0.104622,0.12,1,66289,65849,440
3710741,3.57673,11.7567,428,128480,0.124924,0.08,1,66291,65863,428
3713221,7.91535,3.95135,435,128480,0.0569849,0.12,1,66300,65865,435
3716141,3.18307,7.99027,428,128480,0.099397,0.12,1,66302,65874,428
3719061,2.23661,1.59805,430,128480,0.0838794,0.12,1,66304,65874,430
3721981,2.04732,0.319611,432,128480,0.0727759,0.1,1,66306,65874,432
3724901,2.00946,0.863922,433,128480,0.0385552,0.22,1,66308,65875,433
3726741,1.20189,1.77278,432,128480,0.023711,0.19,1,66309,65877,432
3729661,1.84038,1.95456,432,128480,0.0607422,0.15,1,66311,65879,432
3731521,1.16808,1.99091,431,128480,0.0521484,0.17,1,66312,65881,431
3734441,4.23362,11.5982,422,128480,0.0104297,0.17,1,66317,65895,422
3737361,2.44672,2.31964,424,128480,0.114086,0.17,1,66319,65895,424
3740281,2.08934,0.463927,426,128480,0.102817,0.17,1,66321,65895,426
3743201,2.01787,0.0927854,428,128480,0.156563,0.17,1,66323,65895,428
3746121,2.00357,0.0185571,430,128480,0.135313,0.11,1,66325,65895,430
3749041,2.00071,2.40371,429,128480,0.0910625,0.17,1,66327,65898,429
3751701,8.40014,7.68074,430,128480,0.0662125,0.17,1,66337,65907,430
3754621,3.28003,3.13615,430,128480,0.0292425,0.15,1,66339,65909,430
3756481,10.256,10.2272,430,128480,0.0058485,0.11,1,66351,65921,430
3759401,3.6512,3.64545,430,128480,0.0971697,0.11,1,66353,65923,430
3762321,2.33024,0.729089,432,128480,0.0834339,0.07,1,66355,65923,432
3764181,2.06605,1.74582,432,128480,0.0806868,0.22,1,66357,65925,432
3767101,3.61321,5.14916,430,128480,0.160137,0.2,1,66361,65931,430
3770021,3.92264,1.82983,433,128480,0.152027,0.22,1,66365,65932,433
3772081,2.38453,1.96597,433,128480,0.118405,0.17,1,66367,65934,433
3775001,6.87691,11.5932,427,128480,0.183681,0.17,1,66375,65948,427
3777921,2.97538,2.31864,429,128480,0.164736,0.17,1,66377,65948,429
3780841,2.19508,0.463728,431,128480,0.128947,0.06,1,66379,65948,431
3783761,2.03902,4.89275,427,128480,0.0977895,0.13,1,66381,65954,427
3785601,1.2078,2.57855,426,128480,0.0755579,0.2,1,66382,65956,426
3788521,13.8416,10.1157,431,128480,0.0791116,0.2,1,66399,65968,431
3790801,5.16831,3.62314,432,128480,0.151822,0.22,1,66402,65970,432
3793721,111.434,118.325,423,128480,0.110364,0,1,66540,66117,423
3796641,41.4867,43.6649,422,128480,0.0220729,0.14,1,66564,66142,422
3799561,63.4973,60.733,426,128480,0.00441458,0.12,1,66633,66207,426
3801201,13.4995,12.9466,426,128480,0.000882916,0.16,1,66634,66208,426
3804121,5.89989,7.38932,424,128480,0.0241766,0.16,1,66638,66214,424
3807041,2.77998,1.47786,426,128480,0.116835,0.09,1,66640,66214,426
3809961,2.956,5.89557,422,128480,0.111367,0.14,1,66643,66221,422
3812881,12.5912,11.5791,424,128480,0.126273,0.13,1,66658,66234,424
3815801,12.9182,13.5158,423,129940,0.0572547,0.13,1,66671,66248,423
3818261,13.7836,2.70316,437,129940,0.0674509,0,1,66685,66248,437
3821181,5.15673,6.94063,432,129940,0.0294902,0.02,1,66688,66256,432
3823461,9.83135,5.38813,438,129940,0.00589804,0.13,1,66699,66261,438
3826381,3.56627,13.0776,425,129940,0.18518,0.13,1,66701,66276,425
3829301,2.31325,2.61552,427,129940,0.197036,0.13,1,66703,66276,427
3831781,5.26265,0.523105,433,129940,0.159407,0.13,1,66709,66276,433
3834701,2.65253,8.90462,424,129940,0.143881,0.1,1,66711,66287,424
3836981,8.53051,3.38092,432,129940,0.188776,0.04,1,66721,66289,432
3839901,3.3061,9.47618,423,129940,0.221755,0.04,1,66723,66300,423
3841761,1.46122,1.89524,424,129940,0.212351,0.03,1,66724,66300,424
3844681,5.09224,6.77905,422,129940,0.21847,0.03,1,66730,66308,422
3847601,2.61845,1.35581,424,129940,0.219694,0.03,1,66732,66308,424
3850521,2.12369,0.271162,426,129940,0.195939,0.03,1,66734,66308,426
3852161,1.22474,0.0542324,427,129940,0.175188,0.14,1,66735,66308,427
3855081,6.64495,8.01085,425,129940,0.219038,0.14,1,66743,66318,425
3858001,2.92899,1.60217,427,129940,0.203808,0.14,1,66745,66318,427
3860921,2.1858,0.320434,429,129940,0.160761,0.14,1,66747,66318,429
3863841,2.03716,0.0640868,431,129940,0.152152,0.14,1,66749,66318,431
3866101,2.00743,0.812817,432,129940,0.11843,0.19,1,66751,66319,432
3869021,2.00149,8.96256,423,129940,0.143686,0.19,1,66753,66330,423
3871941,2.0003,1.79251,425,129940,0.212737,0.19,1,66755,66330,425
3874861,2.00006,0.358503,427,129940,0.202547,0.19,1,66757,66330,427
3877781,2.00001,0.0717005,429,129940,0.176509,0.06,1,66759,66330,429
3880661,9.2,5.61434,433,129940,0.147302,0.05,1,66770,66337,433
3883581,10.64,8.32287,435,129940,0.0774604,0.12,1,66781,66346,435
3885441,2.928,7.26457,429,129940,0.0474921,0.2,1,66782,66353,429
3888361,3.7856,7.05291,426,129940,0.105498,0.2,1,66786,66360,426
3891281,3.95712,1.41058,430,129940,0.0530997,0.18,1,66790,66360,430
3894201,2.39142,1.08212,431,129940,0.17062,0.18,1,66792,66361,431
3896261,3.67828,0.216423,435,129940,0.146124,0.2,1,66796,66361,435
3899181,2.33566,11.2433,423,129940,0.0932248,0.2,1,66798,66375,423
3902101,2.06713,2.24866,425,129940,0.114645,0.2,1,66800,66375,425
3904581,6.81343,0.449731,433,129940,0.118929,0.09,1,66808,66375,433
3907501,2.96269,4.88995,429,129940,0.0877858,0.09,1,66810,66381,429
3910421,2.19254,0.977989,431,129940,0.0495572,0.09,1,66812,66381,431
3912901,6.83851,0.195598,439,129940,0.0899114,0.08,1,66820,66381,439
3915821,9.3677,14.4391,431,129940,0.121982,0.08,1,66830,66399,431
3918101,10.6735,2.88782,442,129940,0.152396,0.1,1,66841,66399,442
3921021,100.535,113.378,424,129940,0.0544793,0.1,1,66964,66540,424
3923301,36.9069,22.6755,445,129940,0.0588959,0,1,66985,66540,445
3925381,66.5814,23.7351,495,129940,0.0357792,0,1,67059,66564,495
3927041,14.1163,59.947,427,129940,0.0151558,0.14,1,67060,66633,427
3929961,10.0233,23.1894,422,129940,0.0990312,0.14,1,67069,66647,422
3932881,3.60465,4.63788,424,129940,0.107806,0.14,1,67071,66647,424
3935801,2.32093,0.927576,426,129940,0.0775612,0.14,1,67073,66647,426
3938721,6.86419,0.185515,434,129940,0.111512,0.13,1,67081,66647,434
3940561,2.17284,8.8371,424,131400,0.102302,0.05,1,67082,66658,424
3943481,13.2346,4.96742,436,131400,0.10046,0.04,1,67098,66662,436
3945141,8.24691,8.19348,434,131400,0.108092,0.07,1,67105,66671,434
3946801,2.44938,12.8387,421,131400,0.0936184,0,1,67106,66685,421
3949721,17.2899,12.1677,430,131400,0.0347237,0,1,67127,66697,430
3952001,5.05798,4.03355,430,131400,0.00694474,0.19,1,67129,66699,430
3954921,6.61159,5.60671,431,131400,0.097389,0.19,1,67136,66705,431
3957841,2.92232,1.12134,433,131400,0.0834778,0.15,1,67138,66705,433
3960321,3.78446,3.42427,433,131400,0.0566956,0.23,1,67142,66709,433
3963241,8.75689,8.68485,433,131400,0.179339,0.2,1,67152,66719,433
3965521,3.35138,3.33697,433,131400,0.195868,0.24,1,67154,66721,433
3968441,5.47028,8.66739,429,131400,0.111174,0.24,1,67160,66731,429
3971361,2.69406,1.73348,431,131400,0.174235,0.24,1,67162,66731,431
3974281,2.13881,0.346696,433,131400,0.146847,0.22,1,67164,66731,433
3976341,3.62776,0.869339,436,131400,0.165369,0.26,1,67168,66732,436
3979261,2.32555,7.37387,429,131400,0.177074,0.26,1,67170,66741,429
3982181,2.06511,1.47477,431,131400,0.155415,0.23,1,67172,66741,431
3984661,5.21302,1.89495,435,131400,0.135083,0.15,1,67178,66743,435
3987581,2.6426,8.37899,427,131400,0.147017,0.15,1,67180,66753,427
3990501,2.12852,1.6758,429,131400,0.117403,0.15,1,67182,66753,429
3993421,2.0257,0.33516,431,131400,0.0794807,0.15,1,67184,66753,431
3996341,2.00514,0.0670319,433,131400,0.0478961,0.15,1,67186,66753,433
3998181,1.20103,0.0134064,434,131400,0.0495792,0.23,1,67187,66753,434
4001101,1.84021,10.4027,423,131400,0.113916,0.23,1,67189,66766,423
4004021,1.96804,2.08054,425,131400,0.102783,0.23,1,67191,66766,425
4006941,1.99361,0.416107,427,131400,0.108557,0.14,1,67193,66766,427
4009621,9.19872,3.28322,434,131400,0.0537113,0.06,1,67204,66770,434
4011281,3.43974,9.45664,425,131400,0.0107423,0.08,1,67206,66781,425
4014201,7.08795,7.49133,426,131400,0.154148,0.08,1,67214,66788,426
4017121,3.01759,1.49827,428,131400,0.15083,0.04,1,67216,66788,428
4020021,8.60352,1.89965,436,131400,0.190166,0.04,1,67226,66790,436
4022941,3.3207,12.3799,423,131400,0.166033,0.04,1,67228,66805,423
4025861,2.26414,2.47599,425,131400,0.137207,0.04,1,67230,66805,425
4028781,2.05283,0.495197,427,131400,0.195441,0.04,1,67232,66805,427
4031701,2.01057,0.0990394,429,131400,0.183088,0.12,1,67234,66805,429
4034581,6.80211,2.41981,434,131400,0.0526177,0.04,1,67242,66808,434
4037501,2.96042,3.68396,432,131400,0.0105235,0.04,1,67244,66812,432
4039781,6.99208,0.736792,440,131400,0.130105,0.22,1,67252,66812,440
4042701,2.99842,8.94736,431,131400,0.122021,0.13,1,67254,66823,431
4044981,10.9997,7.38947,437,131400,0.176404,0.16,1,67267,66830,437
4046641,2.99994,10.2779,427,131400,0.171281,0.03,1,67268,66841,427
4048721,100.6,100.456,429,131400,0.162256,0.21,1,67393,66964,429
4051641,30.52,25.6911,435,131400,0.184451,0.06,1,67406,66971,435
4053301,69.304,16.3382,500,131400,0.0368902,0.03,1,67485,66985,500
4055381,15.4608,62.4676,428,131400,0.00737805,0,1,67487,67059,428
4058081,5.49216,17.2935,425,131400,0.00147561,0.12,1,67490,67065,425
4061001,11.4984,16.2587,422,131400,0.0322951,0.12,1,67503,67081,422
4063921,3.89969,3.25174,424,131400,0.00645902,0.12,1,67505,67081,424
4066401,2.37994,0.650348,426,131400,0.0492918,0,1,67507,67081,426
4069321,6.87599,6.53007,426,131400,0.0898584,0,1,67515,67089,426
4071601,2.9752,1.30601,428,131400,0.0659717,0.14,1,67517,67089,428
4073681,10.195,11.4612,426,131400,0.165194,0.11,1,67529,67103,426
4076601,6.83901,8.69224,424,131400,0.0890389,0.11,1,67535,67111,424
4079301,26.1678,1.73845,455,131400,0.0178078,0.07,1,67566,67111,455
4082221,6.83356,24.3477,427,131400,0.00356155,0.07,1,67568,67141,427
4085141,2.96671,4.86954,429,131400,0.000712311,0.07,1,67570,67141,429
4088061,2.19334,0.973907,431,131400,0.176142,0.07,1,67572,67141,431
4089701,3.63867,0.194781,435,131400,0.147228,0.09,1,67576,67141,435
4091361,3.12773,7.23896,429,131400,0.0934457,0.11,1,67579,67150,429
4094281,7.02555,8.64779,428,131400,0.186689,0.11,1,67587,67159,428
4096561,3.00511,1.72956,430,131400,0.213338,0.18,1,67589,67159,430
4099481,2.20102,6.74591,424,131400,0.210668,0.18,1,67591,67167,424
4102401,2.0402,1.34918,426,131400,0.178134,0.18,1,67593,67167,426
4104881,2.00804,0.269836,428,131400,0.179627,0.13,1,67595,67167,428
4107801,6.00161,8.85397,424,131400,0.195925,0.13,1,67602,67178,424
4110721,2.80032,1.77079,426,131400,0.247185,0.13,1,67604,67178,426
4113201,2.16006,0.354159,428,131400,0.233437,0.05,1,67606,67178,428
4116121,3.63201,5.67083,425,131400,0.166687,0.05,1,67610,67185,425
4119041,2.3264,1.13417,427,131400,0.121337,0.05,1,67612,67185,427
4121961,2.06528,0.226833,429,131400,0.0882675,0.05,1,67614,67185,429
4123601,1.21306,0.0453666,430,131400,0.225654,0.17,1,67615,67185,430
4126521,4.24261,10.4091,422,131400,0.189131,0.17,1,67620,67198,422
4129441,2.44852,2.08181,424,131400,0.149826,0.17,1,67622,67198,424
4132361,2.0897,0.416363,426,131400,0.109965,0.17,1,67624,67198,426
4135281,2.01794,0.0832726,428,131400,0.221993,0.17,1,67626,67198,428
4137121,1.20359,0.0166545,429,131400,0.220399,0.23,1,67627,67198,429
4140041,11.4407,11.2033,429,131400,0.11608,0.23,1,67641,67212,429
4142321,3.88814,2.24067,431,131400,0.159216,0.17,1,67643,67212,431
4145241,7.17763,6.84813,431,131400,0.0478432,0.17,1,67651,67220,431
4147521,3.03553,1.36963,433,131400,0.185569,0.07,1,67653,67220,433
4150441,7.80711,16.2739,422,131400,0.165114,0.07,1,67662,67240,422
4153361,3.16142,3.25478,424,131400,0.129023,0.07,1,67664,67240,424
4156281,2.23228,0.650957,426,131400,0.185805,0.07,1,67666,67240,426
4159201,2.04646,0.130191,428,131400,0.173161,0.07,1,67668,67240,428
4162081,2.00929,0.0260383,430,131400,0.210632,0.09,1,67670,67240,430
4165001,6.80186,4.00521,433,131400,0.202126,0.09,1,67678,67245,433
4167921,2.96037,0.801041,435,131400,0.168425,0.09,1,67680,67245,435
4169781,2.99207,0.160208,438,131400,0.177685,0.32,1,67683,67245,438
4172701,2.19841,8.83204,429,131400,0.155537,0.32,1,67685,67256,429
4174981,10.8397,1.76641,442,131400,0.183107,0.21,1,67698,67256,442
4177681,3.76794,14.7533,426,131400,0.156621,0.23,1,67700,67274,426
4179761,102.354,106.951,423,131400,0.215324,0.05,1,67827,67404,423
4181841,29.2707,28.5901,425,131400,0.251065,0,1,67838,67413,425
4184761,69.0541,71.318,422,132860,0.050213,0,1,67917,67495,422
4187681,15.4108,14.2636,424,132860,0.0100426,0,1,67919,67495,424
4190581,11.8822,2.85272,435,132860,0.0500085,0.06,1,67930,67495,435
4193501,3.97643,10.1705,425,132860,0.0260017,0.06,1,67932,67507,425
4195781,7.19529,2.03411,433,132860,0.00520034,0.11,1,67940,67507,433
4198701,4.63906,9.20682,426,132860,0.00104007,0.11,1,67944,67518,426
4201621,3.32781,1.84136,429,132860,0.000208014,0.11,1,67947,67518,429
4204101,11.0656,0.368273,442,132860,4.16027e-05,0.03,1,67960,67518,442
4206801,3.81311,15.2737,425,132860,8.32054e-06,0.22,1,67962,67537,425
4209721,28.7626,30.2547,426,132860,1.66411e-06,0.22,1,67997,67571,426
4212641,8.95252,6.05095,430,132860,0.0480003,0.22,1,68001,67571,430
4215561,4.9905,1.21019,434,132860,0.0736001,0.22,1,68005,67571,434
4217621,2.5981,0.242038,436,132860,0.04672,0.14,1,68007,67571,436
4219701,5.31962,4.04841,437,132860,0.025344,0.23,1,68013,67576,437
4222401,2.66392,7.20968,431,132860,0.0050688,0.18,1,68015,67584,431
4225321,8.53278,7.84194,433,132860,0.0810138,0.18,1,68025,67592,433
4228241,3.30656,1.56839,435,132860,0.0562028,0.18,1,68027,67592,435
4231141,3.06131,0.313677,438,132860,0.0112405,0.26,1,68030,67592,438
4234061,3.81226,9.66274,430,132860,0.00224811,0.26,1,68034,67604,430
4236981,3.96245,1.93255,434,132860,0.12845,0.26,1,68038,67604,434
4239461,2.39249,0.386509,436,132860,0.12169,0.26,1,68040,67604,436
4242381,2.0785,8.8773,427,132860,0.088338,0.26,1,68042,67615,427
4245301,2.0157,1.77546,429,132860,0.0496676,0.26,1,68044,67615,429
4248221,2.00314,0.355092,431,132860,0.129934,0.26,1,68046,67615,431
4251141,2.00063,0.0710184,433,132860,0.121987,0.26,1,68048,67615,433
4254021,3.60013,0.0142037,437,132860,0.0563973,0.1,1,68052,67615,437
4256941,2.32003,7.20284,430,132860,0.0112795,0.1,1,68054,67624,430
4259841,2.06401,1.44057,432,132860,0.0662559,0.17,1,68056,67624,432
4262761,2.0128,6.68811,426,132860,0.0452512,0.17,1,68058,67632,426
4265681,2.00256,1.33762,428,132860,0.00905024,0.17,1,68060,67632,428
4268161,2.00051,0.267525,430,132860,0.17781,0.17,1,68062,67632,430
4270241,11.6001,8.85351,433,132860,0.227562,0.21,1,68076,67643,433
4273161,7.92002,11.3707,428,132860,0.181512,0.21,1,68083,67655,428
4276081,3.184,2.27414,430,132860,0.140302,0.21,1,68085,67655,430
4278561,2.2368,0.454828,432,132860,0.22006,0.14,1,68087,67655,432
4280641,6.04736,6.49097,431,132860,0.148012,0.19,1,68094,67663,431
4283561,2.80947,4.49819,429,132860,0.125602,0.19,1,68096,67667,429
4286481,2.16189,0.899639,431,132860,0.0891205,0.19,1,68098,67667,431
4288341,3.63238,0.179928,435,132860,0.161824,0.16,1,68102,67667,435
4291261,2.32648,6.43599,429,132860,0.152365,0.16,1,68104,67675,429
4293121,1.2653,1.2872,430,132860,0.134473,0.15,1,68105,67675,430
4296041,3.45306,8.25744,424,132860,0.0988946,0.15,1,68109,67685,424
4298961,2.29061,1.65149,426,132860,0.163779,0.15,1,68111,67685,426
4301861,14.8581,0.330298,444,132860,0.144756,0.19,1,68129,67685,444
4303521,3.77162,10.4661,432,132860,0.156951,0.22,1,68130,67698,432
4306441,10.3543,12.4932,431,132860,0.21539,0.22,1,68142,67711,431
4308721,3.67086,2.49864,433,132860,0.195078,0.26,1,68144,67711,433
4310801,98.3342,102.1,428,134320,0.191016,0.12,1,68266,67838,428
4312881,26.8668,29.2199,426,134320,0.126203,0.06,1,68275,67849,426
4315801,66.9734,70.644,422,134320,0.0252406,0.06,1,68352,67930,422
4318081,14.9947,14.1288,424,134320,0.0690481,0.06,1,68354,67930,424
4321001,12.5989,11.6258,425,134320,0.0298096,0.06,1,68366,67941,425
4323921,4.11979,2.32515,427,134320,0.0539619,0.06,1,68368,67941,427
4326401,2.42396,0.46503,429,134320,0.0267924,0.1,1,68370,67941,429
4329321,8.48479,11.293,425,134320,0.00535848,0.1,1,68380,67955,425
4332241,3.29696,2.2586,427,134320,0.0010717,0.1,1,68382,67955,427
4334101,3.05939,0.45172,430,134320,0.0482143,0.08,1,68385,67955,430
4337021,3.81188,6.49034,426,134320,0.00964287,0.08,1,68389,67963,426
4339301,31.9624,1.29807,465,134320,0.0979286,0.04,1,68428,67963,465
4342221,7.99247,35.4596,423,134320,0.0835857,0.04,1,68430,68007,423
4345141,3.19849,7.09192,425,134320,0.0487171,0.04,1,68432,68007,425
4347621,5.4397,1.41838,431,134320,0.0817434,0,1,68438,68007,431
4350321,2.68794,5.88368,426,134320,0.0643487,0.1,1,68440,68014,426
4353241,6.13759,9.97674,422,134320,0.0128697,0.1,1,68447,68025,422
4354901,9.22752,1.99535,432,134320,0.0665739,0.04,1,68457,68025,432
4357821,3.4455,8.39907,424,134320,0.0933148,0.04,1,68459,68035,424
4360741,2.2891,1.67981,426,134320,0.074663,0.04,1,68461,68035,426
4363661,2.05782,0.335963,428,134320,0.0469326,0.04,1,68463,68035,428
4366341,7.61156,0.0671925,437,134320,0.0493865,0.06,1,68472,68035,437
4369261,3.12231,12.8134,423,134320,0.0818773,0.06,1,68474,68051,423
4372181,2.22446,2.56269,425,134320,0.0643755,0.06,1,68476,68051,425
4375101,2.04489,0.512537,427,134320,0.0688751,0.06,1,68478,68051,427
4378021,2.00898,0.102507,429,134320,0.029775,0.06,1,68480,68051,429
4380941,2.0018,0.0205015,431,134320,0.005955,0.06,1,68482,68051,431
4382981,3.60036,0.0041003,435,134320,0.001191,0.18,1,68486,68051,435
4385901,2.32007,10.4008,424,134320,0.0802382,0.18,1,68488,68064,424
4388821,2.06401,2.08016,426,134320,0.0640476,0.18,1,68490,68064,426
4391741,2.0128,0.416033,428,134320,0.14881,0.18,1,68492,68064,428
4394661,2.00256,0.0832066,430,134320,0.141762,0.18,1,68494,68064,430
4397581,2.00051,0.0166413,432,134320,0.108352,0.18,1,68496,68064,432
4399201,1.2001,0.00332826,433,134320,0.0856705,0.17,1,68497,68064,433
4401281,11.44,15.2007,428,134320,0.0411341,0.13,1,68511,68083,428
4403361,3.888,4.64013,428,134320,0.160227,0.15,1,68513,68085,428
4406281,5.5776,5.72803,428,134320,0.224045,0.15,1,68519,68091,428
4409201,2.71552,1.14561,430,134320,0.204809,0.15,1,68521,68091,430
4411061,1.3431,0.229121,431,134320,0.184962,0.14,1,68522,68091,431
4413141,9.06862,3.24582,438,134320,0.132992,0.12,1,68533,68095,438
4416061,3.41372,10.2492,428,134320,0.0985985,0.12,1,68535,68107,428
4418981,2.28274,2.04983,430,134320,0.15572,0.12,1,68537,68107,430
4421901,2.05655,0.409967,432,134320,0.135144,0.12,1,68539,68107,432
4424161,2.01131,0.0819933,434,134320,0.107029,0.27,1,68541,68107,434
4427081,3.60226,8.0164,428,134320,0.157406,0.27,1,68545,68117,428
4429361,2.32045,1.60328,430,134320,0.143481,0.29,1,68547,68117,430
4432281,21.2641,17.9207,434,134320,0.148696,0.29,1,68573,68139,434
4434561,5.85282,3.58413,436,134320,0.117739,0.15,1,68575,68139,436
4437481,4.37056,6.31683,433,134320,0.0555478,0.15,1,68579,68146,433
4439761,2.47411,1.26337,435,134320,0.0111096,0.18,1,68581,68146,435
4442681,103.695,109.053,428,134320,0.0182219,0.18,1,68710,68282,428
4445381,75.139,21.8105,496,134320,0.00364438,0.02,1,68778,68282,496
4448301,16.6278,64.3621,423,134320,0.000728876,0.02,1,68780,68357,423
4450581,13.7256,12.8724,436,134320,0.000145775,0.02,1,68793,68357,436
4453501,4.34511,14.5745,423,134320,2.91551e-05,0.02,1,68795,68372,423
4456421,2.46902,2.9149,425,134320,5.83101e-06,0.02,1,68797,68372,425
4458901,5.2938,0.582979,431,134320,0.104001,0.01,1,68803,68372,431
4460981,5.05876,7.3166,427,134320,0.1088,0.04,1,68808,68381,427
4463901,2.61175,5.46332,424,134320,0.15776,0.04,1,68810,68386,424
4466181,6.92235,1.09266,432,134320,0.071552,0.07,1,68818,68386,432
4467841,2.18447,9.01853,422,134320,0.0943104,0.06,1,68819,68397,422
4470761,34.8369,36.2037,422,134320,0.146862,0.06,1,68862,68440,422
4473681,8.56738,7.24074,424,134320,0.125372,0.06,1,68864,68440,424
4476601,3.31348,1.44815,426,134320,0.0890745,0.06,1,68866,68440,426
4478241,1.4627,0.28963,427,134320,0.0658149,0,1,68867,68440,427
4481161,5.09254,6.45793,425,134320,0.085163,0,1,68873,68448,425
4483441,2.61851,1.29159,427,134320,0.0490326,0.12,1,68875,68448,427
4485521,7.7237,8.25832,426,134320,0.00980652,0.04,1,68884,68458,426
4488441,3.14474,5.65166,423,134320,0.0019613,0.04,1,68886,68463,423
4491361,2.22895,1.13033,425,134320,0.000392261,0.04,1,68888,68463,425
4493221,4.44579,0.226067,430,134320,0.0880785,0.05,1,68893,68463,430
4495301,9.68916,7.24521,432,134320,0.0896157,0.02,1,68904,68472,432
4498221,3.53783,7.84904,426,134320,0.0659231,0.02,1,68906,68480,426
4501141,2.30757,1.56981,428,134320,0.0691846,0.02,1,68908,68480,428
4504061,2.06151,0.313962,430,134320,0.0458369,0.02,1,68910,68480,430
4506741,2.0123,0.0627923,432,134320,0.00916738,0.1,1,68912,68480,432
4509661,2.00246,5.61256,427,134320,0.00183348,0.1,1,68914,68487,427
4512581,2.00049,1.12251,429,134320,0.000366695,0.1,1,68916,68487,429
4515061,2.0001,0.224502,431,134320,0.112073,0.06,1,68918,68487,431
4516721,1.20002,2.4449,429,134320,0.110415,0.16,1,68919,68490,429
4519641,5.04,9.28898,424,134320,0.142083,0.16,1,68925,68501,424
4522561,2.608,1.8578,426,134320,0.124417,0.16,1,68927,68501,426
4525481,2.1216,0.371559,428,134320,0.0888833,0.16,1,68929,68501,428
4528401,2.02432,0.0743118,430,134320,0.0497767,0.16,1,68931,68501,430
4530241,1.20486,0.0148624,431,134320,0.0259553,0.19,1,68932,68501,431
4532321,9.04097,9.60297,430,134320,0.149191,0.19,1,68943,68513,430
4535241,8.20819,12.3206,425,134320,0.237838,0.19,1,68951,68526,425
4538161,3.24164,2.46412,427,134320,0.231568,0.19,1,68953,68526,427
4541081,2.24833,0.492824,429,134320,0.198314,0.19,1,68955,68526,429
4543141,8.44967,0.0985647,439,134320,0.183663,0.1,1,68965,68526,439
4546061,3.28993,12.0197,426,134320,0.244733,0.1,1,68967,68541,426
4548981,2.25799,2.40394,428,134320,0.256947,0.1,1,68969,68541,428
4551901,2.0516,0.480788,430,134320,0.227389,0.1,1,68971,68541,430
4553541,3.61032,0.0961577,434,134320,0.165478,0.08,1,68975,68541,434
4556461,3.12206,7.21923,428,134320,0.113096,0.08,1,68978,68550,428
4559381,2.22441,1.44385,430,134320,0.0706191,0.08,1,68980,68550,430
4561861,24.4449,0.288769,460,134320,0.126124,0.18,1,69010,68550,460
4564781,6.48898,28.8578,426,135780,0.113225,0.18,1,69012,68586,426
4567701,2.8978,5.77155,428,135780,0.086645,0.18,1,69014,68586,428
4570621,2.17956,1.15431,430,135780,0.049329,0.18,1,69016,68586,430
4572261,104.436,0.230862,560,135780,0.0898658,0.08,1,69146,68586,560
4574341,76.8872,105.646,498,135780,0.0179732,0.04,1,69216,68718,498
4577261,16.9774,77.9292,429,135780,0.00359463,0.04,1,69218,68789,429
4579121,4.19549,15.5858,430,135780,0.000718926,0.2,1,69219,68789,430
4582041,5.6391,11.1172,426,135780,0.0161438,0.2,1,69225,68799,426
4584961,2.72782,2.22343,428,135780,0.00322876,0.2,1,69227,68799,428
4587441,2.14556,0.444687,430,135780,0.0806458,0.09,1,69229,68799,430
4589521,2.02911,4.88894,426,135780,0.136129,0.11,1,69231,68805,426
4592441,5.20582,7.37779,424,135780,0.0592258,0.11,1,69237,68813,424
4594721,2.64116,1.47556,426,135780,0.0118452,0.09,1,69239,68813,426
4597641,4.52823,5.89511,424,135780,0.106369,0.09,1,69244,68820,424
4600341,36.1056,1.17902,468,135780,0.0212738,0.06,1,69288,68820,468
4603261,8.82113,37.8358,423,135780,0.00425476,0.06,1,69290,68867,423
4606181,3.36423,7.56716,425,135780,0.000850952,0.06,1,69292,68867,425
4608661,7.07285,1.51343,433,135780,0.10417,0.08,1,69300,68867,433
4611581,3.01457,9.90269,423,135780,0.148834,0.08,1,69302,68879,423
4614481,2.20291,1.98054,425,135780,0.125767,0,1,69304,68879,425
4616561,6.04058,5.19611,426,135780,0.129153,0.16,1,69311,68885,426
4619481,6.00812,5.03922,427,135780,0.0898307,0.16,1,69317,68890,427
4621761,2.80162,1.00784,429,135780,0.129966,0.06,1,69319,68890,429
4624681,9.36032,13.0016,424,135780,0.153993,0.06,1,69330,68906,424
4627381,6.67207,2.60031,430,135780,0.0947986,0,1,69336,68906,430
4630301,2.93441,6.92006,424,135780,0.0589597,0,1,69338,68914,424
4633221,2.18688,1.38401,426,135780,0.0277919,0,1,69340,68914,426
4636141,2.03738,0.276802,428,135780,0.00555839,0,1,69342,68914,428
4638821,8.40748,0.0553605,438,135780,0.0651117,0.08,1,69352,68914,438
4641741,3.28149,12.0111,425,135780,0.165022,0.08,1,69354,68929,425
4644661,2.2563,2.40221,427,135780,0.153004,0.08,1,69356,68929,427
4647581,2.05126,0.480443,429,135780,0.126601,0.08,1,69358,68929,429
4650501,2.01025,0.0960886,431,135780,0.0893202,0.08,1,69360,68929,431
4652961,2.00205,0.0192177,433,135780,0.049864,0,1,69362,68929,433
4655881,2.80041,6.40384,428,135780,0.0419728,0,1,69365,68937,428
4658801,2.16008,1.28077,430,135780,0.0163946,0,1,69367,68937,430
4661281,2.03202,0.256154,432,135780,0.00327891,0.26,1,69369,68937,432
4663361,13.2064,11.2512,434,135780,0.0646558,0.17,1,69385,68951,434
4666281,4.24128,6.25025,431,135780,0.0449312,0.17,1,69387,68956,431
4669201,2.44826,1.25005,433,135780,0.00898623,0.17,1,69389,68956,433
4671681,2.08965,0.25001,435,135780,0.00179725,0.2,1,69391,68956,435
4674601,5.21793,12.85,425,135780,0.192359,0.2,1,69397,68972,425
4677521,2.64359,2.57,427,135780,0.198472,0.2,1,69399,68972,427
4680441,2.12872,0.514,429,135780,0.167694,0.2,1,69401,68972,429
4682081,1.22574,0.1028,430,135780,0.145539,0.04,1,69402,68972,430
4685001,8.24515,7.22056,431,135780,0.197108,0.04,1,69412,68981,431
4687921,3.24903,1.44411,433,135780,0.175422,0.04,1,69414,68981,433
4690401,2.24981,0.288822,435,135780,0.139084,0.25,1,69416,68981,435
4693321,24.45,28.8578,429,135780,0.203817,0.25,1,69446,69017,429
4696241,6.48999,5.77155,431,135780,0.280763,0.25,1,69448,69017,431
4699161,2.898,1.15431,433,135780,0.272153,0.25,1,69450,69017,433
4700801,1.3796,0.230862,434,135780,0.254431,0.18,1,69451,69017,434
4702881,108.276,115.246,425,135780,0.274886,0.1,1,69586,69161,425
4705801,69.6552,70.2492,426,135780,0.0549772,0.1,1,69646,69220,426
4708721,15.531,14.0498,428,135780,0.0109954,0.1,1,69648,69220,428
4711621,6.30621,2.80997,432,135780,0.114199,0.15,1,69652,69220,432
4714541,2.86124,9.36199,423,135780,0.10284,0.15,1,69654,69231,423
4717461,2.17225,1.8724,425,135780,0.068568,0.15,1,69656,69231,425
4719941,8.43445,0.37448,435,135780,0.125714,0.13,1,69666,69231,435
4722861,4.88689,10.4749,426,135780,0.0731427,0.13,1,69670,69244,426
4725761,3.37738,2.09498,429,135780,0.0546285,0,1,69673,69244,429
4727841,3.07548,6.819,424,135780,0.0109257,0.21,1,69676,69252,424
4730761,38.2151,36.5638,427,135780,0.00218514,0.21,1,69723,69296,427
4733681,9.24302,7.31276,429,135780,0.144437,0.21,1,69725,69296,429
4736601,3.4486,1.46255,431,135780,0.140887,0.21,1,69727,69296,431
4738661,3.08972,0.29251,434,135780,0.0921775,0.16,1,69730,69296,434
4740741,3.01794,4.8585,431,135780,0.0744355,0.19,1,69733,69302,431
4743661,2.20359,5.7717,427,135780,0.0468871,0.19,1,69735,69308,427
4745521,1.24072,1.15434,428,135780,0.0813774,0.14,1,69736,69308,428
4748441,9.84814,9.03087,429,135780,0.0962755,0.14,1,69748,69319,429
4751141,5.96963,1.80617,434,135780,0.0752551,0.12,1,69753,69319,434
4754061,2.79393,10.7612,423,135780,0.135051,0.12,1,69755,69332,423
4756341,10.1588,2.15225,435,135780,0.14701,0.06,1,69767,69332,435
4759261,3.63176,9.23045,426,135780,0.117402,0.06,1,69769,69343,426
4762181,2.32635,1.84609,428,135780,0.0874804,0.06,1,69771,69343,428
4765101,2.06527,0.369218,430,135780,0.0494961,0.06,1,69773,69343,430
4767781,2.01305,0.0738436,432,135780,0.00989922,0.21,1,69775,69343,432
4769441,1.20261,8.01477,423,135780,0.00197984,0.06,1,69776,69353,423
4772361,6.64052,8.00295,423,135780,0.048396,0.06,1,69784,69361,423
4775281,2.9281,1.60059,425,135780,0.145679,0.06,1,69786,69361,425
4778201,2.18562,0.320118,427,135780,0.173136,0.06,1,69788,69361,427
4780881,2.03712,0.0640236,429,135780,0.202627,0.16,1,69790,69361,429
4783801,2.80742,8.0128,422,135780,0.160525,0.16,1,69793,69371,422
4786721,2.16148,1.60256,424,135780,0.112105,0.16,1,69795,69371,424
4789641,2.0323,0.320512,426,135780,0.094421,0.16,1,69797,69371,426
4792321,2.00646,0.0641024,428,135780,0.0588842,0,1,69799,69371,428
4795241,19.6013,16.8128,431,135780,0.0117768,0,1,69823,69392,431
4798161,5.52026,3.36256,433,135780,0.00235537,0,1,69825,69392,433
4801081,2.70405,0.672513,435,135780,0.000471074,0,1,69827,69392,435
4802721,1.34081,0.134503,436,135780,9.42147e-05,0.22,1,69828,69392,436
4804801,3.46816,4.8269,434,135780,0.128019,0.28,1,69832,69398,434
4807721,2.29363,8.96538,426,135780,0.193604,0.28,1,69834,69408,426
4810641,2.05873,1.79308,428,135780,0.174721,0.28,1,69836,69408,428
4813121,2.01175,0.358615,430,135780,0.138944,0.22,1,69838,69408,430
4816041,12.4023,13.6717,428,137240,0.147789,0.22,1,69853,69425,428
4818961,4.08047,2.73434,430,137240,0.117558,0.22,1,69855,69425,430
4821441,2.41609,0.546869,432,137240,0.0875115,0.25,1,69857,69425,432
4824361,28.4832,27.3094,433,137240,0.145502,0.25,1,69892,69459,433
4827281,7.29664,5.46187,435,137240,0.1251,0.25,1,69894,69459,435
4830201,3.05933,1.09237,437,137240,0.17702,0.25,1,69896,69459,437
4831841,1.41187,0.218475,438,137240,0.203404,0.35,1,69897,69459,438
4833921,101.082,108.044,429,137240,0.176681,0.08,1,70023,69594,429
4836841,63.4165,70.4087,422,137240,0.0353362,0.08,1,70077,69655,422
4839761,14.2833,14.0817,424,137240,0.00706723,0.08,1,70079,69655,424
4842681,4.45666,2.81635,426,137240,0.00141345,0.08,1,70081,69655,426
4845361,2.49133,0.56327,428,137240,0.000282689,0.04,1,70083,69655,428
4848281,2.09827,5.71265,423,137240,5.65378e-05,0.04,1,70085,69662,423
4849941,6.01965,1.14253,430,137240,0.168011,0.06,1,70092,69662,430
4852021,8.40393,6.62851,431,137240,0.0656023,0.04,1,70101,69670,431
4854941,3.28079,8.5257,424,137240,0.10112,0.04,1,70103,69679,424
4857861,2.25616,1.70514,426,137240,0.0842241,0.04,1,70105,69679,426
4860341,40.4512,0.341028,476,137240,0.160845,0.05,1,70155,69679,476
4863261,9.69025,44.0682,423,137240,0.144169,0.05,1,70157,69734,423
4866181,3.53805,8.81364,425,137240,0.108834,0.05,1,70159,69734,425
4869101,2.30761,1.76273,427,137240,0.0697668,0.05,1,70161,69734,427
4871361,2.06152,0.352546,429,137240,0.101953,0.02,1,70163,69734,429
4874281,2.0123,4.87051,425,137240,0.0683907,0.02,1,70165,69740,425
4876561,2.00246,0.974102,427,137240,0.0296781,0.09,1,70167,69740,427
4878641,8.40049,9.79482,425,137240,0.165936,0.13,1,70177,69752,425
4881561,5.6801,5.15896,426,137240,0.113187,0.13,1,70182,69756,426
4884481,2.73602,1.03179,428,137240,0.0706374,0.13,1,70184,69756,428
4886341,11.7472,0.206359,442,137240,0.0861275,0,1,70198,69756,442
4889261,3.94944,15.2413,425,137240,0.0572255,0,1,70200,69775,425
4892181,2.38989,3.04825,427,137240,0.0114451,0,1,70202,69775,427
4895101,2.07798,0.609651,429,137240,0.00228902,0,1,70204,69775,429
4896741,2.8156,0.12193,432,137240,0.0164578,0,1,70207,69775,432
4899661,2.16312,3.22439,430,137240,0.00329156,0,1,70209,69779,430
4901941,3.63262,0.644877,434,137240,0.000658312,0.21,1,70213,69779,434
4904861,2.32652,8.92898,425,137240,0.0801317,0.21,1,70215,69790,425
4907781,2.0653,1.7858,427,137240,0.0960263,0.21,1,70217,69790,427
4910261,2.01306,0.357159,429,137240,0.187205,0.1,1,70219,69790,429
4913181,2.00261,4.07143,426,137240,0.181441,0.1,1,70221,69795,426
4915461,2.80052,0.814286,429,137240,0.132288,0.1,1,70224,69795,429
4918381,2.1601,6.56286,423,137240,0.0904576,0.1,1,70226,69803,423
4921301,2.03202,1.31257,425,137240,0.0500915,0.1,1,70228,69803,425
4923361,2.0064,0.262514,427,137240,0.154018,0.17,1,70230,69803,427
4926281,22.8013,26.4525,422,137240,0.126804,0.17,1,70258,69836,422
4929201,6.16026,5.2905,424,137240,0.0893607,0.17,1,70260,69836,424
4932121,2.83205,1.0581,426,137240,0.0498721,0.17,1,70262,69836,426
4935041,2.16641,0.21162,428,137240,0.00997443,0.17,1,70264,69836,428
4937921,2.03328,0.042324,430,137240,0.129995,0.12,1,70266,69836,430
4940841,2.00666,4.00846,427,138700,0.153999,0.12,1,70268,69841,427
4943761,2.00133,0.801693,429,138700,0.1268,0.12,1,70270,69841,429
4945621,12.4003,0.160339,444,138700,0.15336,0.08,1,70285,69841,444
4948541,4.08005,12.8321,430,138700,0.126672,0.08,1,70287,69857,430
4950821,8.81601,2.56641,440,138700,0.121334,0.19,1,70297,69857,440
4952481,2.5632,9.31328,430,138700,0.104267,0.22,1,70298,69868,430
4955401,22.9126,26.6627,427,138700,0.164853,0.22,1,70326,69899,427
4958321,6.18253,5.33253,429,138700,0.144971,0.22,1,70328,69899,429
4961241,2.83651,1.06651,431,138700,0.140994,0.22,1,70330,69899,431
4962881,1.3673,0.213301,432,138700,0.212199,0.23,1,70331,69899,432
4964961,101.873,102.443,431,138700,0.32244,0,1,70458,70027,431
4967881,62.7747,63.6885,430,138700,0.0644879,0,1,70511,70081,430
4970161,14.1549,12.7377,432,138700,0.0128976,0.21,1,70513,70081,432
4973081,4.43099,11.3475,423,138700,0.00257952,0.21,1,70515,70092,423
4976001,2.4862,2.26951,425,138700,0.0965159,0.21,1,70517,70092,425
4978481,2.09724,0.453902,427,138700,0.0833032,0.04,1,70519,70092,427
4980561,5.21945,7.29078,424,138700,0.0486606,0.08,1,70525,70101,424
4983481,2.64389,4.65816,422,138700,0.00973213,0.08,1,70527,70105,422
4985761,2.12878,0.931631,424,138700,0.00194643,0.07,1,70529,70105,424
4988681,6.82576,4.98633,426,138700,0.0643893,0.07,1,70537,70111,426
4990341,41.3652,0.997265,476,138700,0.0128779,0.04,1,70587,70111,476
4993261,9.87303,44.1995,423,138700,0.146576,0.04,1,70589,70166,423
4996181,3.57461,8.83989,425,138700,0.141315,0.04,1,70591,70166,425
4999101,2.31492,1.76798,427,138700,0.108263,0.04,1,70593,70166,427
5002021,2.06298,0.353596,429,138700,0.0696526,0.04,1,70595,70166,429
5004481,2.0126,0.0707191,431,138700,0.0859305,0,1,70597,70166,431
5007401,2.00252,7.21414,424,138700,0.0651861,0,1,70599,70175,424
5009061,10.0005,1.44283,436,138700,0.0130372,0.1,1,70611,70175,436
5011141,5.2001,5.88857,433,138700,0.170607,0.17,1,70615,70182,433
5014061,2.64002,10.7777,423,138700,0.170121,0.17,1,70617,70194,423
5016341,13.328,2.15554,439,138700,0.130024,0.02,1,70633,70194,439
5019261,4.2656,10.8311,428,138700,0.0980049,0.02,1,70635,70207,428
5022181,2.45312,2.16622,430,138700,0.067601,0.02,1,70637,70207,430
5025101,2.09062,0.433244,432,138700,0.0295202,0.02,1,70639,70207,432
5026741,1.21812,0.0866489,433,138700,0.00590404,0.23,1,70640,70207,433
5029661,1.84362,8.81733,424,138700,0.00118081,0.23,1,70642,70218,424
5032581,1.96872,1.76347,426,138700,0.00823616,0.23,1,70644,70218,426
5035501,1.99374,0.352693,428,138700,0.0816472,0.23,1,70646,70218,428
5038421,1.99875,0.0705386,430,138700,0.0643294,0.23,1,70648,70218,430
5040261,2.79975,0.0141077,433,138700,0.100866,0.18,1,70651,70218,433
5043181,2.15995,9.60282,423,138700,0.0841732,0.18,1,70653,70230,423
5046101,2.03199,1.92056,425,138700,0.0488346,0.18,1,70655,70230,425
5049021,2.0064,0.384113,427,138700,0.00976693,0.18,1,70657,70230,427
5051941,2.00128,0.0768226,429,138700,0.00195339,0.18,1,70659,70230,429
5053781,2.00026,0.0153645,431,138700,0.000390677,0.19,1,70661,70230,431
5055861,23.6001,8.00307,450,138700,0.128078,0.14,1,70690,70240,450
5058781,6.32001,24.8006,423,140160,0.161616,0.14,1,70692,70269,423
5061701,2.864,4.96012,425,140160,0.176323,0.14,1,70694,70269,425
5064621,2.1728,0.992024,427,140160,0.179265,0.14,1,70696,70269,427
5067541,2.03456,0.198405,429,140160,0.139853,0.14,1,70698,70269,429
5070461,2.00691,0.039681,431,140160,0.0919706,0.14,1,70700,70269,431
5072501,3.60138,0.00793619,435,140160,0.0343941,0.2,1,70704,70269,435
5074161,1.52028,11.2016,422,140160,0.00687882,0.12,1,70705,70283,422
5077081,13.1041,13.4403,424,140160,0.00937576,0.12,1,70721,70297,424
5079361,4.22081,2.68806,426,140160,0.153875,0.11,1,70723,70297,426
5082281,9.64416,8.53761,427,140160,0.142775,0.11,1,70734,70307,427
5084981,23.5288,1.70752,454,140160,0.148555,0.19,1,70761,70307,454
5087901,7.10577,22.7415,429,140160,0.141711,0.19,1,70764,70335,429
5090821,3.02115,4.5483,431,140160,0.140342,0.19,1,70766,70335,431
5093741,2.20423,0.90966,433,140160,0.204068,0.19,1,70768,70335,433
5095381,106.041,0.181932,565,140160,0.232814,0.25,1,70900,70335,565
5097461,54.8082,102.436,479,140160,0.0465627,0.04,1,70942,70463,479
5100381,12.5616,66.8873,423,140160,0.0733126,0.04,1,70944,70521,423
5103301,4.11233,13.3775,425,140160,0.0466625,0.04,1,70946,70521,425
5106221,2.42247,2.67549,427,140160,0.0093325,0.04,1,70948,70521,427
5109141,2.08449,0.535098,429,140160,0.0018665,0.04,1,70950,70521,429
5110981,3.6169,0.10702,433,140160,0.0643733,0.16,1,70954,70521,433
5113901,2.32338,9.6214,423,140160,0.0448747,0.16,1,70956,70533,423
5116801,2.06468,1.92428,425,140160,0.00897493,0.21,1,70958,70533,425
5118881,8.41294,9.98486,423,140160,0.065795,0.02,1,70968,70545,423
5121801,45.6826,46.797,422,140160,0.141159,0.02,1,71023,70601,422
5124721,10.7365,9.35939,424,140160,0.124232,0.02,1,71025,70601,424
5127641,3.7473,1.87188,426,140160,0.0888464,0.02,1,71027,70601,426
5130561,2.34946,0.374376,428,140160,0.0497693,0.02,1,71029,70601,428
5133481,2.06989,0.0748751,430,140160,0.0659539,0.02,1,71031,70601,430
5136401,2.01398,0.014975,432,140160,0.0451908,0.02,1,71033,70601,432
5139061,10.0028,0.00299501,444,140160,0.137038,0.24,1,71045,70601,444
5141141,3.60056,8.8006,435,140160,0.123408,0.11,1,71047,70612,435
5144061,2.32011,8.16012,429,140160,0.0886815,0.11,1,71049,70620,429
5146341,10.864,1.63202,442,140160,0.0657363,0.04,1,71062,70620,442
5149261,3.7728,14.7264,426,140160,0.0611473,0.04,1,71064,70638,426
5152181,2.35456,2.94528,428,140160,0.0362295,0.04,1,71066,70638,428
5154661,6.87091,0.589056,436,140160,0.00724589,0.08,1,71074,70638,436
5157581,2.97418,12.1178,423,140160,0.00144918,0.08,1,71076,70653,423
5160501,2.19484,2.42356,425,140160,0.12029,0.08,1,71078,70653,425
5163421,2.03897,0.484712,427,140160,0.112058,0.08,1,71080,70653,427
5166341,2.00779,0.0969425,429,140160,0.0864116,0.08,1,71082,70653,429
5169261,2.00156,0.0193885,431,140160,0.121282,0.08,1,71084,70653,431
5170881,1.20031,0.0038777,432,140160,0.112256,0.2,1,71085,70653,432
5173801,3.44006,10.4008,423,140160,0.0704513,0.2,1,71089,70666,423
5176721,2.28801,2.08016,425,140160,0.0300903,0.2,1,71091,70666,425
5179641,2.0576,0.416031,427,140160,0.00601805,0.2,1,71093,70666,427
5182561,2.01152,0.0832062,429,140160,0.00120361,0.2,1,71095,70666,429
5184401,1.2023,0.0166412,430,140160,0.144241,0.08,1,71096,70666,430
5187321,21.0405,27.2033,422,140160,0.188848,0.08,1,71122,70700,422
5190241,5.80809,5.44067,424,140160,0.20577,0.08,1,71124,70700,424
5193161,2.76162,1.08813,426,140160,0.185154,0.08,1,71126,70700,426
5196081,2.15232,0.217627,428,140160,0.149031,0.08,1,71128,70700,428
5197921,1.23046,0.0435253,429,140160,0.125806,0.16,1,71129,70700,429
5200841,5.84609,9.60871,424,140160,0.0731612,0.16,1,71136,70712,424
5203761,4.36922,1.92174,428,140160,0.0786322,0.16,1,71140,70712,428
5206661,15.2738,0.384348,446,140160,0.119726,0.15,1,71158,70712,446
5209581,4.65477,16.8769,427,140160,0.0959453,0.15,1,71160,70733,427
5211861,5.73095,3.37537,433,140160,0.0191891,0.1,1,71166,70733,433
5213941,25.9462,7.87508,455,140160,0.0838378,0.18,1,71197,70742,455
5216861,7.58924,25.575,428,140160,0.0887676,0.18,1,71200,70772,428
5219781,3.11785,5.115,430,140160,0.177754,0.18,1,71202,70772,430
5222701,2.22357,1.023,432,140160,0.195551,0.18,1,71204,70772,432
5225381,106.045,0.2046,564,140160,0.0951101,0.1,1,71336,70772,564
5227461,50.8089,114.441,458,140160,0.019022,0.1,1,71373,70915,458
5230381,11.7618,52.4882,423,140160,0.0038044,0.1,1,71375,70952,423
5233301,3.95236,10.4976,425,140160,0.000760881,0.1,1,71377,70952,425
5236221,2.39047,2.09953,427,140160,0.000152176,0.1,1,71379,70952,427
5239141,2.07809,0.419905,429,140160,3.04352e-05,0.1,1,71381,70952,429
5240981,1.21562,0.0839811,430,140160,6.08705e-06,0,1,71382,70952,430
5243901,1.84312,4.8168,426,140160,0.128001,0,1,71384,70958,426
5246181,11.5686,0.963359,440,140160,0.1216,0.11,1,71398,70958,440
5249101,3.91372,9.79267,430,140160,0.08832,0.11,1,71400,70970,430
5251381,43.9827,1.95853,484,140160,0.193664,0.04,1,71454,70970,484
5254301,10.3965,50.7917,423,140160,0.182733,0.04,1,71456,71033,423
5257221,3.67931,10.1583,425,140160,0.148547,0.04,1,71458,71033,425
5260141,2.33586,2.03167,427,140160,0.109709,0.04,1,71460,71033,427
5263061,2.06717,0.406334,429,140160,0.0699419,0.04,1,71462,71033,429
5265941,4.41343,0.0812667,434,140160,0.0299884,0.18,1,71467,71033,434
5268021,9.68269,8.81625,434,140160,0.0859977,0.16,1,71478,71044,434
5270941,3.53654,11.3633,424,140160,0.1612,0.16,1,71480,71056,424
5273861,2.30731,2.27265,426,140160,0.14424,0.16,1,71482,71056,426
5276341,4.46146,0.45453,431,140160,0.052848,0.03,1,71487,71056,431
5279261,2.49229,8.09091,423,140160,0.0345696,0.03,1,71489,71066,423
5281541,6.89846,1.61818,431,140160,0.0709139,0.02,1,71497,71066,431
5283201,2.17969,5.12364,426,140160,0.0621828,0,1,71498,71072,426
5285281,3.63594,4.22473,426,140160,0.0924366,0.11,1,71502,71076,426
5288201,4.72719,8.04495,422,140160,0.0184873,0.11,1,71507,71085,422
5291121,2.54544,1.60899,424,140160,0.00369746,0.11,1,71509,71085,424
5294041,2.10909,0.321798,426,140160,0.0967395,0.11,1,71511,71085,426
5296961,2.02182,0.0643596,428,140160,0.0833479,0.11,1,71513,71085,428
5299841,2.00436,0.0128719,430,140160,0.0566696,0.12,1,71515,71085,430
5302761,6.80087,11.2026,424,141620,0.0513339,0.12,1,71523,71099,424
5305681,2.96017,2.24051,426,141620,0.0262668,0.12,1,71525,71099,426
5308601,2.19203,0.448103,428,141620,0.00525336,0.12,1,71527,71099,428
5311521,2.03841,0.0896206,430,141620,0.113051,0.12,1,71529,71099,430
5314441,2.00768,0.0179241,432,141620,0.10261,0.12,1,71531,71099,432
5316901,12.4015,0.00358482,447,141620,0.020522,0.2,1,71546,71099,447
5319821,4.08031,20.8007,423,141620,0.0041044,0.2,1,71548,71125,423
5322101,7.21606,4.16014,431,141620,0.184821,0.08,1,71556,71125,431
5325021,3.04321,8.83203,423,141620,0.188964,0.08,1,71558,71135,423
5327941,2.20864,1.76641,425,141620,0.157793,0.08,1,71560,71135,425
5330421,3.64173,0.353281,429,141620,0.199559,0.08,1,71564,71135,429
5332501,7.12835,4.07066,432,141620,0.175912,0.08,1,71572,71140,432
5334161,2.22567,6.41413,426,141620,0.243182,0.17,1,71573,71147,426
5337081,17.2451,18.8828,425,141620,0.200636,0.17,1,71594,71169,425
5340001,5.04903,3.77657,427,141620,0.168127,0.17,1,71596,71169,427
5342481,2.60981,0.755313,429,141620,0.209625,0.14,1,71598,71169,429
5345401,28.522,33.7511,422,141620,0.169925,0.14,1,71633,71211,422
5348321,7.30439,6.75021,424,141620,0.169985,0.14,1,71635,71211,424
5351241,3.06088,1.35004,426,141620,0.169997,0.14,1,71637,71211,426
5352881,1.41218,0.270008,427,141620,0.145999,0.19,1,71638,71211,427
5355801,107.482,110.454,423,141620,0.3412,0.19,1,71772,71349,423
5357461,47.0965,22.0908,455,141620,0.11624,0.17,1,71804,71349,455
5360381,11.0193,31.6182,423,141620,0.039248,0.17,1,71806,71383,423
5363301,3.80386,6.32363,425,141620,0.0078496,0.17,1,71808,71383,425
5366221,2.36077,1.26473,427,141620,0.00156992,0.17,1,71810,71383,427
5369141,2.07215,0.252945,429,141620,0.064314,0.17,1,71812,71383,429
5371601,2.01443,0.050589,431,141620,0.0448628,0.02,1,71814,71383,431
5374521,2.00289,6.41012,425,141620,0.00897256,0.02,1,71816,71391,425
5376181,11.6006,1.28202,439,141620,0.129795,0.04,1,71830,71391,439
5379101,3.92012,11.4564,427,141620,0.121959,0.04,1,71832,71405,427
5381381,42.384,2.29128,479,141620,0.168392,0.04,1,71884,71405,479
5384301,10.0768,46.8583,423,141620,0.145678,0.04,1,71886,71463,423
5387221,3.61536,9.37165,425,141620,0.181136,0.04,1,71888,71463,425
5390141,2.32307,1.87433,427,141620,0.156227,0.04,1,71890,71463,427
5393061,2.06461,0.374866,429,141620,0.119245,0.04,1,71892,71463,429
5394901,2.01292,0.0749732,431,141620,0.111849,0.06,1,71894,71463,431
5396561,2.80258,4.81499,428,141620,0.0623698,0.18,1,71897,71469,428
5398641,4.56052,9.763,422,141620,0.044474,0.04,1,71902,71480,422
5401561,9.7121,8.3526,425,141620,0.160895,0.04,1,71913,71488,425
5404481,3.54242,1.67052,427,141620,0.152179,0.04,1,71915,71488,427
5406961,2.30848,0.334104,429,141620,0.118436,0.15,1,71917,71488,429
5409881,3.6617,8.86682,422,141620,0.103687,0.15,1,71921,71499,422
5412801,2.33234,1.77336,424,141620,0.148737,0.15,1,71923,71499,424
5415701,9.26647,0.354673,435,141620,0.117747,0,1,71934,71499,435
5418401,3.45329,7.27093,428,141620,0.13555,0.12,1,71936,71508,428
5421321,3.09066,8.65419,422,143080,0.13911,0.12,1,71939,71517,422
5424241,2.21813,1.73084,424,143080,0.115822,0.12,1,71941,71517,424
5427161,2.04363,0.346167,426,143080,0.175164,0.12,1,71943,71517,426
5430081,2.00873,0.0692335,428,143080,0.155033,0.12,1,71945,71517,428
5432341,5.20175,0.0138467,434,143080,0.0870066,0,1,71951,71517,434
5435261,2.64035,8.00277,426,143080,0.169401,0,1,71953,71527,426
5437541,8.52807,1.60055,436,143080,0.14588,0.06,1,71963,71527,436
5440461,4.90561,11.5201,426,143080,0.077176,0.06,1,71967,71541,426
5443381,4.18112,2.30402,430,143080,0.0474352,0.06,1,71971,71541,430
5445441,4.03622,0.460804,434,143080,0.025487,0.26,1,71975,71541,434
5448361,7.20724,9.69216,430,143080,0.00509741,0.26,1,71983,71553,430
5450641,3.04145,1.93843,432,143080,0.0650195,0.18,1,71985,71553,432
5453561,7.00829,7.58769,431,143080,0.133004,0.18,1,71993,71562,431
5456481,3.00166,1.51754,433,143080,0.170601,0.18,1,71995,71562,433
5458961,2.20033,0.303507,435,143080,0.14612,0.18,1,71997,71562,435
5461041,6.84007,7.2607,434,143080,0.109224,0.27,1,72005,71571,434
5463961,7.76801,10.2521,431,143080,0.0858448,0.27,1,72013,71582,431
5466661,18.3536,2.05043,452,143080,0.081169,0.21,1,72034,71582,452
5469581,5.27072,20.4101,429,143080,0.0562338,0.21,1,72036,71607,429
5472501,2.65414,4.08202,431,143080,0.0192468,0.21,1,72038,71607,431
5474981,21.3308,0.816403,457,143080,0.171849,0.27,1,72064,71607,457
5477901,5.86617,25.7633,427,143080,0.20237,0.27,1,72066,71639,427
5480821,2.77323,5.15266,429,143080,0.208474,0.27,1,72068,71639,429
5483741,2.15465,1.03053,431,143080,0.177695,0.27,1,72070,71639,431
5485381,114.031,0.206106,573,143080,0.459539,0.41,1,72212,71639,573
5487461,42.8062,113.641,456,143080,0.419908,0,1,72237,71781,456
5490381,10.1612,50.7282,423,143080,0.371982,0,1,72239,71816,423
5493301,3.63225,10.1456,425,143080,0.418396,0,1,72241,71816,425
5496221,2.32645,2.02913,427,143080,0.395679,0,1,72243,71816,427
5499141,2.06529,0.405826,429,143080,0.415136,0,1,72245,71816,429
5502061,2.01306,0.0811652,431,143080,0.387027,0,1,72247,71816,431
5504101,2.00261,0.016233,433,143080,0.341405,0.22,1,72249,71816,433
5506181,6.80052,8.00325,431,143080,0.204281,0.12,1,72257,71826,431
5508261,6.9601,6.40065,432,143080,0.224856,0.11,1,72264,71832,432
5509921,2.99202,9.28013,424,143080,0.196971,0.07,1,72266,71842,424
5512841,42.1984,45.056,422,143080,0.223394,0.07,1,72318,71896,422
5515761,10.0397,9.0112,424,143080,0.196679,0.07,1,72320,71896,424
5518681,3.60794,1.80224,426,143080,0.159336,0.07,1,72322,71896,426
5521601,2.32159,0.360448,428,143080,0.175867,0.07,1,72324,71896,428
5524521,2.06432,0.0720896,430,143080,0.147173,0.07,1,72326,71896,430
5526981,6.81286,0.0144179,438,143080,0.0294347,0.2,1,72334,71896,438
5529681,2.96257,8.80288,429,143080,0.00588694,0.17,1,72336,71907,429
5531761,6.99251,7.36058,430,143080,0.145177,0.16,1,72344,71914,430
5534681,2.9985,8.67212,423,143080,0.141035,0.16,1,72346,71923,423
5537601,2.1997,1.73442,425,143080,0.108207,0.16,1,72348,71923,425
5540081,2.03994,0.346885,427,143080,0.0696414,0.05,1,72350,71923,427
5543001,6.80799,6.46938,427,143080,0.117928,0.05,1,72358,71931,427
5544661,6.9616,1.29388,434,143080,0.191586,0.21,1,72365,71931,434
5547581,2.99232,9.05878,425,144540,0.222317,0.21,1,72367,71942,425
5550501,2.19846,1.81175,427,144540,0.276463,0.21,1,72369,71942,427
5553421,2.03969,0.362351,429,144540,0.255293,0.21,1,72371,71942,429
5556101,3.60794,0.0724702,433,144540,0.187059,0.2,1,72375,71942,433
5559021,2.32159,8.01449,425,144540,0.133412,0.2,1,72377,71952,425
5561941,2.06432,1.6029,427,144540,0.0906823,0.2,1,72379,71952,427
5564421,2.01286,0.32058,429,144540,0.122136,0.08,1,72381,71952,429
5566081,1.20257,6.46412,422,144540,0.184427,0,1,72382,71960,422
5569001,10.6405,11.6928,422,144540,0.220885,0,1,72395,71973,422
5571921,3.7281,2.33856,424,144540,0.196177,0,1,72397,71973,424
5574401,2.34562,0.467713,426,144540,0.159235,0,1,72399,71973,426
5576481,9.26912,7.29354,428,144540,0.0318471,0.18,1,72410,71982,428
5579401,11.4538,11.8587,427,144540,0.0543694,0.18,1,72422,71995,427
5582321,3.89076,2.37174,429,144540,0.0268739,0.18,1,72424,71995,429
5585221,5.57815,0.474348,435,144540,0.165375,0.15,1,72430,71995,435
5588141,2.71563,9.69487,425,144540,0.161075,0.15,1,72432,72007,425
5591061,2.14313,1.93897,427,144540,0.128215,0.15,1,72434,72007,427
5593541,4.42863,0.387795,432,144540,0.153643,0.06,1,72439,72007,432
5595621,21.6857,7.27756,449,144540,0.166729,0.01,1,72465,72016,449
5598541,5.93714,19.0555,429,144540,0.145346,0.01,1,72467,72038,429
5600401,1.98743,3.8111,430,144540,0.125069,0.19,1,72468,72038,430
5603321,13.1975,12.7622,431,144540,0.233014,0.19,1,72484,72053,431
5604981,11.4395,2.55244,442,144540,0.206603,0.19,1,72495,72053,442
5607901,3.8879,13.3105,428,144540,0.209321,0.19,1,72497,72069,428
5610821,2.37758,2.6621,430,144540,0.209864,0.19,1,72499,72069,430
5613301,3.67552,0.532419,434,144540,0.201973,0.12,1,72503,72069,434
5615381,124.735,3.30648,585,144540,0.456395,0.41,1,72658,72073,585
5617461,40.147,116.661,459,144540,0.555279,0.38,1,72677,72218,459
5620381,9.6294,46.5323,432,144540,0.543056,0.38,1,72679,72247,432
5623301,3.52588,9.30645,434,144540,0.508611,0.38,1,72681,72247,434
5626221,2.30518,1.86129,436,144540,0.469722,0.38,1,72683,72247,436
5629141,2.06104,0.372258,438,144540,0.437944,0.38,1,72685,72247,438
5630981,6.01221,0.0744516,445,144540,0.519589,0.28,1,72692,72247,445
5633901,2.80244,11.2149,433,144540,0.511918,0.28,1,72694,72261,433
5636801,2.16049,2.24298,435,144540,0.590384,0.23,1,72696,72261,435
5639721,4.4321,7.6486,431,144540,0.534077,0.23,1,72701,72270,431
5642421,43.2864,1.52972,484,144540,0.290815,0.06,1,72754,72270,484
5645341,10.2573,48.3059,426,144540,0.210163,0.06,1,72756,72330,426
5648261,3.65146,9.66119,428,144540,0.154033,0.06,1,72758,72330,428
5651181,2.33029,1.93224,430,144540,0.246807,0.06,1,72760,72330,430
5654101,2.06606,0.386447,432,144540,0.233361,0.06,1,72762,72330,432
5656981,7.61321,0.0772895,441,144540,0.182672,0.2,1,72771,72330,441
5659901,3.12264,10.4155,430,144540,0.140534,0.2,1,72773,72343,430
5662181,2.22453,2.08309,432,144540,0.108107,0.1,1,72775,72343,432
5664881,2.04491,4.41662,429,144540,0.221621,0.15,1,72777,72348,429
5667801,10.809,8.08332,433,144540,0.244324,0.15,1,72790,72357,433
5670721,3.7618,1.61666,435,144540,0.272865,0.15,1,72792,72357,435
5672581,1.55236,0.323333,436,144540,0.262573,0.29,1,72793,72357,436
5675501,1.91047,9.66467,426,146000,0.372515,0.29,1,72795,72369,426
5678401,1.98209,1.93293,428,146000,0.402503,0.1,1,72797,72369,428
5681321,7.59642,7.58659,428,146000,0.360501,0.1,1,72806,72378,428
5684241,3.11928,1.51732,430,146000,0.4401,0.1,1,72808,72378,430
5687161,2.22386,0.303463,432,146000,0.42402,0.1,1,72810,72378,432
5689841,2.04477,0.0606927,434,146000,0.388804,0.21,1,72812,72378,434
5692761,2.00895,4.01214,431,146000,0.389761,0.21,1,72814,72383,431
5695681,2.00179,0.802428,433,146000,0.357952,0.21,1,72816,72383,433
5698581,11.6004,0.160486,447,146000,0.39959,0,1,72830,72383,447
5701501,3.92007,20.8321,423,146000,0.399918,0,1,72832,72409,423
5704421,2.38401,4.16642,425,146000,0.367984,0,1,72834,72409,425
5706901,2.8768,0.833284,428,146000,0.313597,0,1,72837,72409,428
5708981,11.7754,4.96666,436,146000,0.286719,0.02,1,72851,72415,436
5711061,8.75507,8.19333,435,146000,0.273344,0.2,1,72859,72424,435
5712721,2.55101,6.43867,430,146000,0.254669,0.19,1,72860,72430,430
5715641,5.3102,9.28773,426,146000,0.266934,0.19,1,72866,72440,426
5718561,2.66204,1.85755,428,146000,0.237387,0.19,1,72868,72440,428
5721481,2.13241,0.371509,430,146000,0.199477,0.19,1,72870,72440,430
5724161,2.02648,0.0743019,432,146000,0.191895,0.1,1,72872,72440,432
5727081,24.4053,24.8149,431,146000,0.246379,0.1,1,72902,72471,431
5730001,6.48106,4.96297,433,146000,0.217276,0.1,1,72904,72471,433
5732901,15.6962,0.992594,451,146000,0.211455,0.27,1,72922,72471,451
5734981,12.7392,16.9985,442,146000,0.178291,0.15,1,72934,72492,442
5737901,4.14785,14.5997,430,146000,0.139658,0.15,1,72936,72506,430
5740821,2.42957,2.91994,432,146000,0.131932,0.15,1,72938,72506,432
5743741,2.08591,0.583988,434,146000,0.0983863,0.15,1,72940,72506,434
5745381,134.017,0.116798,601,146000,0.315677,0.64,1,73107,72506,601
5747461,45.2034,125.623,467,146000,0.399135,0.43,1,73130,72663,467
5750381,10.6407,42.7247,447,146000,0.383827,0.43,1,73132,72685,447
5753301,3.72814,8.54493,449,146000,0.348765,0.43,1,73134,72685,449
5756221,2.34563,1.70899,451,146000,0.309753,0.43,1,73136,72685,451
5757861,6.06913,0.341797,458,146000,0.357951,0.61,1,73143,72685,458
5760781,2.81383,8.86836,449,146000,0.33559,0.61,1,73145,72696,449
5763701,2.16276,1.77367,451,146000,0.299118,0.61,1,73147,72696,451
5766181,8.43255,0.354734,461,146000,0.315824,0.57,1,73157,72696,461
5769101,3.28651,10.4709,450,146000,0.375165,0.57,1,73159,72709,450
5771381,26.2573,2.09419,482,146000,0.331033,0.2,1,73191,72709,482
5774301,6.85146,46.0188,427,146000,0.298207,0.2,1,73193,72766,427
5777221,2.97029,9.20377,429,146000,0.259641,0.2,1,73195,72766,429
5780141,2.19406,1.84075,431,146000,0.251928,0.2,1,73197,72766,431
5783061,2.03881,0.368151,433,146000,0.402386,0.2,1,73199,72766,433
5785941,5.20776,0.0736301,439,146000,0.328477,0.15,1,73205,72766,439
5787601,1.84155,4.81473,434,146000,0.297695,0.26,1,73206,72772,434
5790521,9.96831,9.76295,435,146000,0.315539,0.26,1,73218,72783,435
5793441,3.59366,1.95259,437,146000,0.287108,0.26,1,73220,72783,437
5795921,2.31873,0.390518,439,146000,0.329422,0.41,1,73222,72783,439
5798841,11.6637,11.2781,439,146000,0.353884,0.41,1,73236,72797,439
5801761,3.93275,2.25562,441,146000,0.326777,0.41,1,73238,72797,441
5804681,2.38655,0.451124,443,146000,0.297355,0.41,1,73240,72797,443
5806321,1.27731,0.0902248,444,146000,0.379471,0.46,1,73241,72797,444
5809241,3.45546,8.81805,437,146000,0.363894,0.46,1,73245,72808,437
5811521,2.29109,1.76361,439,146000,0.336779,0.36,1,73247,72808,439
5814441,5.25822,9.15272,434,146000,0.323356,0.36,1,73253,72819,434
5817361,2.65164,1.83054,436,146000,0.408671,0.36,1,73255,72819,436
5820281,2.13033,0.366109,438,146000,0.401734,0.36,1,73257,72819,438
5823201,2.02607,0.0732218,440,146000,0.368347,0.36,1,73259,72819,440
5826081,2.00521,0.0146444,442,146000,0.329669,0.32,1,73261,72819,442
5829001,6.80104,16.0029,430,146000,0.385934,0.32,1,73269,72839,430
5831921,2.96021,3.20059,432,146000,0.437187,0.32,1,73271,72839,432
5834841,2.19204,0.640117,434,146000,0.447437,0.32,1,73273,72839,434
5837521,2.03841,0.128023,436,146000,0.417487,0.32,1,73275,72839,436
5840441,14.0077,19.2256,429,146000,0.307497,0.32,1,73292,72863,429
5843361,4.40154,3.84512,431,146000,0.405499,0.32,1,73294,72863,431
5845221,4.88031,0.769024,436,146000,0.3851,0.19,1,73299,72863,436
5848141,2.57606,5.7538,431,146000,0.45302,0.19,1,73301,72870,431
5850421,6.91521,1.15076,439,146000,0.370604,0.23,1,73309,72870,439
5853341,2.98304,9.83015,429,146000,0.314121,0.23,1,73311,72882,429
5855201,1.39661,1.96603,430,146000,0.286824,0.23,1,73312,72882,430
5858121,23.4793,22.7932,431,146000,0.297365,0.23,1,73341,72910,431
5860401,6.29586,4.55864,433,146000,0.419473,0.24,1,73343,72910,433
5863321,14.0592,16.9117,429,146000,0.379895,0.24,1,73359,72930,429
5864981,10.0118,3.38235,438,146000,0.419979,0.12,1,73368,72930,438
5867901,3.60237,7.87647,431,146000,0.395996,0.12,1,73370,72939,431
5870821,2.32047,1.57529,433,146000,0.399199,0.12,1,73372,72939,433
5873301,7.66409,0.315059,442,146000,0.28784,0.22,1,73381,72939,442
5875381,136.733,6.46301,603,146000,0.425568,0.25,1,73550,72947,603
5877461,48.9466,134.093,464,146000,0.453114,0.37,1,73577,73113,464
5880381,11.3893,50.8185,436,146000,0.434623,0.37,1,73579,73143,436
5883301,3.87786,10.1637,438,146000,0.398925,0.37,1,73581,73143,438
5886221,2.37557,2.03274,440,146000,0.359785,0.37,1,73583,73143,440
5887861,1.27511,0.406548,441,146000,0.335957,0.27,1,73584,73143,441
5890781,1.85502,4.08131,438,146000,0.443191,0.27,1,73586,73148,438
5893701,1.971,0.816262,440,146000,0.432638,0.27,1,73588,73148,440
5896181,9.1942,0.163252,451,146000,0.478528,0.35,1,73599,73148,451
5899101,3.43884,10.4327,440,146000,0.455706,0.35,1,73601,73161,440
5901381,28.6878,2.08653,475,146000,0.427141,0.33,1,73636,73161,475
5904301,7.33755,34.8173,434,146000,0.389428,0.33,1,73638,73204,434
5907221,3.06751,6.96346,436,146000,0.485886,0.33,1,73640,73204,436
5910141,2.2135,1.39269,438,146000,0.481177,0.33,1,73642,73204,438
5913061,2.0427,0.278538,440,146000,0.448235,0.33,1,73644,73204,440
5914901,6.80854,0.0557077,448,146000,0.417647,0.32,1,73652,73204,448
5917821,2.96171,11.2111,436,146000,0.435529,0.32,1,73654,73218,436
5920101,6.99234,2.24223,444,146000,0.407106,0.34,1,73662,73218,444
5923021,2.99847,3.64845,442,146000,0.369421,0.34,1,73664,73222,442
5925301,7.79969,0.729689,451,146000,0.385884,0.45,1,73673,73222,451
5926961,2.35994,8.14594,442,146000,0.373177,0.4,1,73674,73232,442
5929881,6.87199,10.4292,439,146000,0.458635,0.4,1,73682,73243,439
5932801,2.9744,2.08584,441,146000,0.451727,0.4,1,73684,73243,441
5935721,2.19488,0.417167,443,146000,0.418345,0.4,1,73686,73243,443
5937361,1.23898,0.0834335,444,146000,0.395669,0.4,1,73687,73243,444
5940281,1.8478,11.2167,432,146000,0.359134,0.4,1,73689,73257,432
5943201,1.96956,2.24334,434,146000,0.415827,0.4,1,73691,73257,434
5946121,1.99391,0.448667,436,146000,0.395165,0.4,1,73693,73257,436
5947761,1.19878,0.0897335,437,146000,0.383033,0.34,1,73694,73257,437
5950681,5.03976,2.41795,440,146000,0.388607,0.34,1,73700,73260,440
5953601,2.60795,0.483589,442,146000,0.357721,0.34,1,73702,73260,442
5955461,6.12159,0.0967179,449,146000,0.431544,0.41,1,73709,73260,449
5958381,2.82432,12.0193,436,146000,0.414309,0.41,1,73711,73275,436
5961301,2.16486,2.40387,438,146000,0.402862,0.41,1,73713,73275,438
5964221,2.03297,0.480774,440,146000,0.472572,0.41,1,73715,73275,440
5966901,2.80659,0.0961547,443,146000,0.470514,0.31,1,73718,73275,443
5968561,2.16132,6.41923,437,146000,0.454103,0.43,1,73720,73283,437
5971481,14.8323,17.2838,435,146000,0.418821,0.43,1,73738,73303,435
5974401,4.56645,3.45677,437,146000,0.411764,0.43,1,73740,73303,437
5977321,2.51329,0.691354,439,146000,0.474353,0.43,1,73742,73303,439
5978961,1.30266,0.138271,440,146000,0.470871,0.34,1,73743,73303,440
5981041,8.26053,5.62765,443,146000,0.470174,0.4,1,73753,73310,443
5983961,8.05211,10.7255,439,146000,0.534035,0.4,1,73761,73322,439
5986241,3.21042,2.14511,441,146000,0.570807,0.42,1,73763,73322,441
5989161,22.2421,22.029,441,146000,0.586161,0.42,1,73790,73349,441
5991441,6.04842,4.4058,443,146000,0.557232,0.43,1,73792,73349,443
5993521,12.4097,16.0812,438,146000,0.575446,0.37,1,73806,73368,438
5996441,8.88194,7.21623,441,146000,0.539089,0.37,1,73814,73373,441
5999361,3.37639,1.44325,443,146000,0.499818,0.37,1,73816,73373,443
6001841,2.27528,0.288649,445,146000,0.451964,0.47,1,73818,73373,445
6003921,10.0551,8.85773,446,146000,0.466393,0.53,1,73830,73384,446
6006001,138.811,140.972,443,146000,0.413279,0.41,1,74001,73558,443
6008921,45.3622,45.7943,443,146000,0.402656,0.41,1,74023,73580,443
6011201,10.6724,9.15886,445,146000,0.368531,0.35,1,74025,73580,445
6014121,5.33449,4.23177,446,146000,0.465706,0.35,1,74029,73583,446
6015781,1.8669,0.846354,447,146000,0.469141,0.43,1,74030,73583,447
6018701,1.97338,4.16927,444,146000,0.437828,0.43,1,74032,73588,444
6021601,1.99468,0.833854,446,146000,0.407566,0.45,1,74034,73588,446
6024521,6.79894,10.5668,441,146000,0.329513,0.45,1,74042,73601,441
6026801,2.95979,2.11335,443,146000,0.273903,0.4,1,74044,73601,443
6029721,3.79196,2.82267,444,146000,0.398781,0.4,1,74048,73604,444
6031381,23.9584,0.564534,473,146000,0.319756,0.54,1,74077,73604,473
6034301,6.39168,28.1129,440,146000,0.279951,0.54,1,74079,73639,440
6036581,7.67834,5.62258,448,146000,0.35199,0.4,1,74087,73639,448
6039501,3.13567,6.72452,443,146000,0.334398,0.4,1,74089,73646,443
6042421,2.22713,1.3449,445,146000,0.42688,0.4,1,74091,73646,445
6044901,7.64543,0.268981,454,146000,0.373376,0.44,1,74100,73646,454
6047821,3.12909,11.2538,442,146000,0.354675,0.44,1,74102,73660,442
6050101,2.22582,2.25076,444,146000,0.390935,0.47,1,74104,73660,444
6053021,2.04516,5.25015,440,146000,0.366187,0.47,1,74106,73666,440
6055301,15.609,1.05003,459,146000,0.393237,0.45,1,74125,73666,459
6058221,5.52181,14.61,444,146000,0.350647,0.45,1,74128,73684,444
6060081,1.90436,2.922,445,146000,0.35813,0.48,1,74129,73684,445
6063001,1.98087,9.3844,436,146000,0.335626,0.48,1,74131,73695,436
6065921,1.99617,1.87688,438,146000,0.299125,0.48,1,74133,73695,438
6068841,1.99923,0.375376,440,146000,0.459825,0.48,1,74135,73695,440
6071761,1.99985,0.0750752,442,146000,0.459965,0.48,1,74137,73695,442
6074681,1.99997,0.015015,444,146000,0.419993,0.48,1,74139,73695,444
6077601,1.99999,0.00300301,446,146000,0.379999,0.48,1,74141,73695,446
6080261,2,0.000600601,448,146000,0.444,0.37,1,74143,73695,448
6082341,10,4.80012,454,146000,0.4328,0.44,1,74155,73701,454
6085261,3.6,8.16002,447,146000,0.43056,0.44,1,74157,73710,447
6087541,2.32,1.632,449,146000,0.398112,0.49,1,74159,73710,449
6090461,2.064,5.9264,444,146000,0.367622,0.49,1,74161,73717,444
6093381,2.0128,1.18528,446,146000,0.401524,0.49,1,74163,73717,446
6095861,2.00256,0.237056,448,146000,0.448305,0.45,1,74165,73717,448
6097521,1.20051,2.44741,446,146000,0.441661,0.46,1,74166,73720,446
6099601,11.4401,10.8895,447,146000,0.448332,0.47,1,74180,73733,447
6102521,11.088,11.7779,446,146000,0.401666,0.47,1,74191,73745,446
6105441,3.8176,2.35558,448,146000,0.384333,0.47,1,74193,73745,448
6108361,2.36352,0.471116,450,146000,0.436867,0.47,1,74195,73745,450
6110001,1.2727,0.0942232,451,146000,0.431373,0.63,1,74196,73745,451
6112081,8.25454,8.01884,451,146000,0.366275,0.59,1,74206,73755,451
6115001,8.05091,10.4038,448,146000,0.425255,0.59,1,74214,73766,448
6117281,3.21018,2.08075,450,146000,0.405051,0.58,1,74216,73766,450
6120201,18.242,22.0162,445,146000,0.34501,0.58,1,74238,73793,445
6122481,5.24841,4.40323,447,146000,0.301002,0.54,1,74240,73793,447
6124561,16.2497,16.8806,446,146000,0.3802,0.48,1,74259,73813,446
6127481,11.2499,9.77613,448,146000,0.38004,0.48,1,74269,73821,448
6130401,3.84999,1.95523,450,146000,0.348008,0.48,1,74271,73821,450
6132881,2.37,0.391045,452,146000,0.341602,0.59,1,74273,73821,452
6134961,8.474,8.87821,451,146000,0.38032,0.4,1,74283,73832,451
6137041,138.495,144.976,443,146000,0.428064,0.4,1,74454,74011,443
6139961,40.499,47.3951,436,146000,0.293613,0.4,1,74470,74034,436
6142881,9.69979,9.47902,438,146000,0.386723,0.4,1,74472,74034,438
6145801,3.53996,1.8958,440,146000,0.397344,0.4,1,74474,74034,440
6148721,2.30799,0.379161,442,146000,0.359469,0.4,1,74476,74034,442
6150981,10.0616,0.0758322,454,146000,0.351894,0.26,1,74488,74034,454
6153901,3.61232,8.01517,446,146000,0.358379,0.26,1,74490,74044,446
6156181,2.32246,1.60303,448,146000,0.327676,0.43,1,74492,74044,448
6157841,1.26449,3.52061,445,146000,0.297535,0.44,1,74493,74048,445
6159921,6.6529,7.90412,444,146000,0.395507,0.41,1,74501,74057,444
6162841,21.3306,23.9808,441,146000,0.343101,0.41,1,74526,74085,441
6165121,5.86612,4.79616,443,146000,0.30062,0.37,1,74528,74085,443
6168041,7.57322,12.1592,437,146000,0.316124,0.37,1,74536,74099,437
6170961,3.11464,2.43185,439,146000,0.287225,0.37,1,74538,74099,439
6173441,2.22293,0.486369,441,146000,0.345445,0.36,1,74540,74099,441
6176361,7.64459,9.69727,438,144540,0.341089,0.36,1,74549,74111,438
6179281,3.12892,1.93945,440,144540,0.364218,0.36,1,74551,74111,440
6182201,2.22578,0.387891,442,144540,0.336844,0.36,1,74553,74111,442
6183841,1.24516,0.0775782,443,144540,0.323369,0.31,1,74554,74111,443
6186761,13.849,16.8155,439,144540,0.400674,0.31,1,74571,74132,439
6189681,4.36981,3.3631,441,144540,0.448135,0.31,1,74573,74132,441
6192601,2.47396,0.672621,443,144540,0.425627,0.31,1,74575,74132,443
6194661,3.69479,0.134524,447,144540,0.349125,0.46,1,74579,74132,447
6197581,2.33896,8.82691,438,144540,0.421825,0.46,1,74581,74143,438
6200501,2.06779,1.76538,440,144540,0.420365,0.46,1,74583,74143,440
6203421,2.01356,0.353076,442,144540,0.428073,0.46,1,74585,74143,442
6206341,2.00271,0.0706152,444,144540,0.397615,0.46,1,74587,74143,444
6209221,4.40054,0.014123,449,144540,0.431523,0.32,1,74592,74143,449
6210881,2.48011,6.40282,443,144540,0.398305,0.46,1,74594,74151,443
6213801,6.09602,12.4806,436,144540,0.463661,0.46,1,74601,74165,436
6216721,2.8192,2.49611,438,144540,0.476732,0.46,1,74603,74165,438
6219641,2.16384,0.499223,440,144540,0.455346,0.46,1,74605,74165,440
6222561,2.03277,0.0998445,442,144540,0.411069,0.46,1,74607,74165,442
6224401,1.20655,0.0199689,443,144540,0.386214,0.45,1,74608,74165,443
6227321,8.24131,8.80399,442,144540,0.357243,0.45,1,74618,74176,442
6230021,4.84826,1.7608,446,144540,0.327449,0.46,1,74622,74176,446
6232101,13.7697,5.15216,456,144540,0.40149,0.36,1,74638,74182,456
6235021,4.35393,16.2304,439,144540,0.384298,0.36,1,74640,74201,439
6237941,2.47079,3.24609,441,144540,0.38086,0.36,1,74642,74201,441
6240861,2.09416,0.649217,443,144540,0.348172,0.36,1,74644,74201,443
6242501,6.81883,0.129843,451,144540,0.357634,0.32,1,74652,74201,451
6244581,6.96377,6.42597,450,144540,0.327527,0.45,1,74659,74209,450
6247501,2.99275,7.68519,444,144540,0.297505,0.45,1,74661,74217,444
6249781,19.7986,1.53704,468,144540,0.291501,0.45,1,74685,74217,468
6252701,6.35971,25.1074,440,144540,0.4023,0.45,1,74688,74248,440
6254981,10.0719,5.02148,451,144540,0.40046,0.38,1,74699,74248,451
6257061,17.2144,12.2043,456,144540,0.352092,0.43,1,74718,74262,456
6259981,5.84288,15.2409,443,144540,0.422418,0.43,1,74721,74278,443
6262901,2.76858,3.04817,445,144540,0.404484,0.43,1,74723,74278,445
6265381,9.35372,0.609634,456,144540,0.368897,0.51,1,74734,74278,456
6267461,137.071,9.72193,613,144540,0.385779,0.39,1,74903,74290,613
6269541,35.4141,140.344,450,144540,0.237156,0.42,1,74913,74463,450
6272461,8.68283,36.0689,442,144540,0.175431,0.42,1,74915,74473,442
6274741,4.93657,7.21378,446,144540,0.315086,0.35,1,74919,74473,446
6277661,2.58731,13.4428,433,144540,0.335017,0.35,1,74921,74488,433
6279521,1.31746,2.68855,434,144540,0.323003,0.42,1,74922,74488,434
6282441,10.6635,10.9377,434,144540,0.376601,0.42,1,74935,74501,434
6285361,5.3327,2.18754,438,144540,0.35532,0.42,1,74939,74501,438
6288281,4.26654,0.437508,442,144540,0.295064,0.42,1,74943,74501,442
6290341,4.05331,0.0875017,446,144540,0.227013,0.3,1,74947,74501,446
6292421,19.2107,5.6175,462,144540,0.277403,0.37,1,74970,74508,462
6295341,5.44213,21.1235,439,144540,0.351481,0.37,1,74972,74533,439
6297621,3.48843,4.2247,442,144540,0.438296,0.3,1,74975,74533,442
6299701,6.29769,4.04494,445,144540,0.351659,0.35,1,74982,74537,445
6302621,2.85954,6.40899,440,143080,0.302332,0.35,1,74984,74544,440
6304481,1.37191,1.2818,441,143080,0.364466,0.46,1,74985,74544,441
6307401,9.87438,10.6564,440,143080,0.304893,0.46,1,74997,74557,440
6310321,3.57488,2.13127,442,143080,0.324979,0.46,1,74999,74557,442
6313241,2.31498,0.426254,444,143080,0.296996,0.46,1,75001,74557,444
6314881,1.263,0.0852509,445,143080,0.275399,0.44,1,75002,74557,445
6317801,13.0526,19.2171,437,143080,0.37508,0.44,1,75018,74581,437
6320721,4.21052,3.84341,439,143080,0.435016,0.44,1,75020,74581,439
6323641,2.4421,0.768682,441,143080,0.415003,0.44,1,75022,74581,441
6325281,1.28842,0.153736,442,143080,0.395001,0.37,1,75023,74581,442
6328201,1.85768,5.63075,437,143080,0.359,0.37,1,75025,74588,437
6331121,1.97154,1.12615,439,143080,0.3198,0.37,1,75027,74588,439
6334041,1.99431,0.22523,441,143080,0.27196,0.37,1,75029,74588,441
6336721,1.99886,0.045046,443,143080,0.238392,0.48,1,75031,74588,443
6339641,6.79977,10.409,438,143080,0.247678,0.48,1,75039,74601,438
6341921,2.95995,2.0818,440,143080,0.385536,0.46,1,75041,74601,440
6344841,10.192,10.0164,440,143080,0.357107,0.46,1,75053,74613,440
6347761,3.6384,2.00327,442,143080,0.375421,0.46,1,75055,74613,442
6350681,2.32768,0.400654,444,143080,0.347084,0.46,1,75057,74613,444
6353601,2.06554,0.0801309,446,143080,0.365417,0.46,1,75059,74613,446
6355441,1.21311,0.0160262,447,143080,0.353083,0.5,1,75060,74613,447
6358361,5.84262,9.60321,442,143080,0.278617,0.5,1,75067,74625,442
6360641,2.76852,1.92064,444,143080,0.311723,0.36,1,75069,74625,444
6363561,15.7537,21.9841,436,143080,0.438345,0.36,1,75088,74652,436
6366481,4.75074,4.39683,438,143080,0.463669,0.36,1,75090,74652,438
6369401,2.55015,0.879365,440,143080,0.476734,0.36,1,75092,74652,440
6371041,1.31003,0.175873,441,143080,0.463347,0.33,1,75093,74652,441
6373121,3.46201,3.23517,441,143080,0.428669,0.42,1,75097,74656,441
6376041,7.0924,7.04703,441,143080,0.405734,0.42,1,75105,74664,441
6378321,3.01848,1.40941,443,143080,0.361147,0.44,1,75107,74664,443
6381241,21.4037,22.6819,441,143080,0.360229,0.44,1,75133,74692,441
6383521,5.88074,4.53638,443,143080,0.368046,0.42,1,75135,74692,443
6385601,6.77615,9.70728,439,143080,0.441609,0.44,1,75142,74703,439
6388521,21.3552,19.5415,442,143080,0.352322,0.44,1,75167,74725,442
6391441,5.87105,3.90829,444,143080,0.446464,0.44,1,75169,74725,444
6393921,2.77421,0.781658,446,143080,0.465293,0.51,1,75171,74725,446
6396001,11.7548,11.3563,446,143080,0.373059,0.28,1,75185,74739,446
6398081,133.551,138.271,440,143080,0.362612,0.16,1,75349,74909,440
6400161,33.1102,32.4543,442,143080,0.384522,0.32,1,75357,74915,442
6403081,8.22204,12.0908,437,143080,0.356904,0.32,1,75359,74922,437
6406001,3.24441,2.41817,439,143080,0.311381,0.32,1,75361,74922,439
6408481,2.24888,0.483634,441,143080,0.422276,0.35,1,75363,74922,441
6410561,5.24978,4.89673,441,143080,0.388455,0.28,1,75369,74928,441
6413481,11.45,12.9793,439,143080,0.293691,0.28,1,75382,74943,439
6415761,3.88999,2.59587,441,143080,0.314738,0.33,1,75384,74943,441
6418681,5.578,7.71917,438,143080,0.310948,0.33,1,75390,74952,438
6420961,4.3156,1.54383,442,143080,0.23819,0.42,1,75394,74952,442
6423881,18.4631,20.3088,439,143080,0.351638,0.42,1,75416,74977,439
6426801,5.29262,4.06175,441,143080,0.350328,0.42,1,75418,74977,441
6429701,5.05852,0.812351,446,143080,0.302066,0.44,1,75423,74977,446
6432621,2.6117,8.16247,438,141620,0.316413,0.44,1,75425,74987,438
6435521,2.12234,1.63249,440,141620,0.287283,0.41,1,75427,74987,440
6438441,12.4245,16.3265,435,141620,0.401457,0.41,1,75442,75007,435
6441361,4.08489,3.2653,437,141620,0.400291,0.41,1,75444,75007,437
6444281,2.41698,0.65306,439,141620,0.368058,0.41,1,75446,75007,439
6445921,1.2834,0.130612,440,141620,0.345612,0.26,1,75447,75007,440
6448841,13.0567,17.6261,434,141620,0.381122,0.26,1,75463,75029,434
6451761,4.21134,3.52522,436,141620,0.420224,0.26,1,75465,75029,436
6454681,2.44227,0.705045,438,141620,0.396045,0.26,1,75467,75029,438
6457601,2.08845,0.141009,440,141620,0.359209,0.26,1,75469,75029,440
6460521,2.01769,0.0282018,442,141620,0.319842,0.26,1,75471,75029,442
6462981,2.80354,0.00564036,445,141620,0.255968,0.38,1,75474,75029,445
6465901,2.96071,3.20113,444,141620,0.355194,0.38,1,75477,75033,444
6467761,1.39214,0.640226,445,141620,0.359039,0.52,1,75478,75033,445
6470681,3.47843,8.12805,439,141620,0.383808,0.52,1,75482,75043,439
6472961,2.29569,1.62561,441,141620,0.348762,0.32,1,75484,75043,441
6475881,14.8591,21.1251,433,141620,0.405752,0.32,1,75502,75069,433
6478801,4.57183,4.22502,435,141620,0.41715,0.32,1,75504,75069,435
6481721,2.51437,0.845005,437,141620,0.38743,0.32,1,75506,75069,437
6484641,2.10287,0.169001,439,141620,0.349486,0.32,1,75508,75069,439
6487561,2.02057,0.0338002,441,141620,0.429897,0.32,1,75510,75069,441
6490021,3.60411,0.00676004,445,141620,0.421979,0.22,1,75514,75069,445
6491681,1.52082,4.00135,441,141620,0.404396,0.47,1,75515,75074,441
6494601,17.1042,20.8003,437,141620,0.344879,0.47,1,75536,75099,437
6497521,5.02083,4.16005,439,141620,0.452976,0.47,1,75538,75099,439
6500441,2.60417,0.832011,441,141620,0.474595,0.47,1,75540,75099,441
6503361,2.12083,0.166402,443,141620,0.446919,0.47,1,75542,75099,443
6505621,6.82417,0.0332804,451,141620,0.409384,0.35,1,75550,75099,451
6507701,4.56483,6.40666,447,141620,0.465877,0.5,1,75554,75107,447
6509361,1.71297,6.88133,441,141620,0.469175,0.46,1,75555,75114,441
6512281,19.5426,23.7763,437,141620,0.453835,0.46,1,75579,75142,437
6514561,5.50852,4.75525,439,141620,0.442767,0.4,1,75581,75142,439
6516641,2.7017,3.35105,438,141620,0.408553,0.46,1,75583,75145,438
6519561,29.3403,27.0702,441,141620,0.457711,0.46,1,75619,75178,441
6522481,7.46807,5.41404,443,141620,0.467542,0.46,1,75621,75178,443
6524961,3.09361,1.08281,445,141620,0.469508,0.38,1,75623,75178,445
6527041,7.01872,6.61656,445,141620,0.437902,0.3,1,75631,75186,445
6529961,136.604,141.323,439,141620,0.36758,0.3,1,75800,75361,439
6532881,28.9207,28.2647,441,141620,0.321516,0.3,1,75802,75361,441
6534741,12.1841,5.65293,449,141620,0.352303,0.38,1,75810,75361,449
6537661,4.03683,13.1306,436,141620,0.326461,0.38,1,75812,75376,436
6540581,2.40737,2.62612,438,141620,0.289292,0.38,1,75814,75376,438
6543061,11.6815,0.525223,452,141620,0.337858,0.31,1,75828,75376,452
6545981,3.93629,11.305,440,141620,0.347572,0.31,1,75830,75390,440
6548261,7.18726,2.26101,448,141620,0.341514,0.4,1,75838,75390,448
6551181,3.03745,8.4522,440,141620,0.420303,0.4,1,75840,75400,440
6553461,20.6075,1.69044,465,141620,0.260061,0.38,1,75865,75400,465
6556381,5.7215,24.3381,437,141620,0.316012,0.38,1,75867,75430,437
6559301,2.7443,4.86762,439,141620,0.303202,0.38,1,75869,75430,439
6562221,2.14886,0.973523,441,141620,0.26864,0.38,1,75871,75430,441
6565141,2.02977,0.194705,443,141620,0.405728,0.38,1,75873,75430,443
6568021,10.806,0.0389409,456,141620,0.273146,0.44,1,75886,75430,456
6570941,3.76119,16.8078,437,141620,0.366629,0.44,1,75888,75451,437
6573861,2.35224,3.36156,439,141620,0.377326,0.44,1,75890,75451,439
6576781,2.07045,0.672311,441,141620,0.347465,0.44,1,75892,75451,441
6578421,12.4141,0.134462,456,141620,0.357493,0.37,1,75907,75451,456
6581341,4.08282,13.6269,441,141620,0.335499,0.37,1,75909,75468,441
6584261,2.41656,2.72538,443,141620,0.3711,0.37,1,75911,75468,443
6586741,5.28331,0.545076,449,141620,0.30622,0.41,1,75917,75468,449
6589661,2.65666,10.509,438,141620,0.261244,0.41,1,75919,75481,438
6592581,2.13133,2.1018,440,141620,0.228249,0.41,1,75921,75481,440
6595501,2.02627,0.420361,442,141620,0.18965,0.41,1,75923,75481,442
6598421,2.00525,0.0840721,444,141620,0.38993,0.41,1,75925,75481,444
6600261,1.20105,0.0168144,445,141620,0.413986,0.34,1,75926,75481,445
6603181,1.84021,4.00336,442,141620,0.426797,0.34,1,75928,75486,442
6605461,16.368,0.800673,462,141620,0.413359,0.4,1,75948,75486,462
6608381,4.87361,23.3601,435,141620,0.410672,0.4,1,75950,75515,435
6611301,2.57472,4.67203,437,141620,0.378134,0.4,1,75952,75515,437
6614221,2.11494,0.934405,439,141620,0.347627,0.4,1,75954,75515,439
6617141,2.02299,0.186881,441,141620,0.429525,0.4,1,75956,75515,441
6620061,2.0046,0.0373762,443,141620,0.445905,0.4,1,75958,75515,443
6622101,2.00092,0.00747524,445,141620,0.417181,0.28,1,75960,75515,445
6624181,17.2002,6.4015,458,141620,0.427436,0.42,1,75981,75523,458
6627101,5.04004,17.2803,440,141620,0.405487,0.42,1,75983,75543,440
6630021,2.60801,3.45606,442,141620,0.401097,0.42,1,75985,75543,442
6632941,2.1216,0.691212,444,141620,0.40022,0.42,1,75987,75543,444
6635621,6.82432,0.138242,452,141620,0.400044,0.38,1,75995,75543,452
6637701,4.56486,6.42765,448,141620,0.344009,0.47,1,75999,75551,448
6640401,2.51297,6.08553,444,141620,0.452802,0.39,1,76001,75557,444
6643321,21.3026,28.4171,436,141620,0.43456,0.39,1,76027,75591,436
6646241,5.86052,5.68342,438,141620,0.398912,0.39,1,76029,75591,438
6649141,35.5721,1.13668,481,141620,0.431782,0.37,1,76072,75591,481
6652061,8.71442,34.6273,440,141620,0.446356,0.37,1,76074,75634,440
6654981,3.34288,6.92547,442,141620,0.473271,0.37,1,76076,75634,442
6657901,2.26858,1.38509,444,141620,0.478654,0.37,1,76078,75634,444
6659541,134.054,0.277019,611,141620,0.455731,0.39,1,76245,75634,611
6662461,28.4107,139.255,439,141620,0.419146,0.39,1,76247,75808,439
6664741,7.28215,27.8511,441,141620,0.379829,0.34,1,76249,75808,441
6666821,10.2564,7.97022,449,141620,0.363966,0.35,1,76260,75811,449
6669741,5.25129,11.194,441,141620,0.424793,0.35,1,76264,75823,441
6671601,2.65026,2.23881,443,141620,0.404959,0.43,1,76266,75823,443
6674521,7.73005,9.24776,441,141620,0.448992,0.43,1,76275,75834,441
6676801,3.14601,1.84955,443,141620,0.425798,0.41,1,76277,75834,443
6679721,7.0292,6.76991,443,141620,0.34916,0.41,1,76285,75842,443
6682001,3.00584,1.35398,445,141620,0.301832,0.43,1,76287,75842,445
6684921,18.2012,27.4708,433,140160,0.308366,0.43,1,76309,75876,433
6687841,5.24023,5.49416,435,140160,0.437673,0.43,1,76311,75876,435
6690761,2.64805,1.09883,437,140160,0.423535,0.43,1,76313,75876,437
6693681,2.12961,0.219766,439,140160,0.388707,0.43,1,76315,75876,439
6695521,1.22592,0.0439533,440,140160,0.373741,0.34,1,76316,75876,440
6698441,12.2452,12.8088,439,140160,0.466748,0.34,1,76331,75892,439
6701361,4.04904,2.56176,441,140160,0.45335,0.34,1,76333,75892,441
6704281,2.40981,0.512352,443,140160,0.41867,0.34,1,76335,75892,443
6706341,6.08196,0.10247,450,140160,0.419734,0.45,1,76342,75892,450
6708421,4.41639,8.82049,443,140160,0.419947,0.35,1,76346,75903,443
6711341,4.88328,10.5641,437,140160,0.435989,0.35,1,76351,75914,437
6714261,4.17666,2.11282,441,140160,0.375198,0.35,1,76355,75914,441
6716741,6.43533,0.422564,448,140160,0.31504,0.27,1,76362,75914,448
6718821,2.88707,3.28451,446,140160,0.279008,0.43,1,76364,75918,446
6721741,2.17741,8.6569,438,140160,0.367802,0.43,1,76366,75928,438
6724661,2.03548,1.73138,440,140160,0.34556,0.43,1,76368,75928,440
6727581,2.0071,0.346276,442,140160,0.381112,0.43,1,76370,75928,442
6730501,2.00142,0.0692552,444,140160,0.388222,0.43,1,76372,75928,444
6732341,4.40028,0.013851,449,140160,0.373644,0.35,1,76377,75928,449
6734001,1.68006,5.60277,443,140160,0.354729,0.41,1,76378,75935,443
6736921,13.136,21.1206,434,140160,0.342946,0.41,1,76394,75960,434
6739841,4.2272,4.22411,436,140160,0.308589,0.41,1,76396,75960,436
6742761,2.44544,0.844822,438,140160,0.365718,0.41,1,76398,75960,438
6745681,2.08909,0.168964,440,140160,0.369144,0.41,1,76400,75960,440
6748601,2.01782,0.0337929,442,140160,0.449829,0.41,1,76402,75960,442
6750641,2.00356,0.00675858,444,140160,0.425966,0.34,1,76404,75960,444
6752721,3.60071,2.40135,445,140160,0.357193,0.49,1,76408,75963,445
6755641,17.5201,22.0803,439,140160,0.399439,0.49,1,76429,75990,439
6758561,5.10403,4.41605,441,140160,0.431888,0.49,1,76431,75990,441
6761481,2.62081,0.883211,443,140160,0.406378,0.49,1,76433,75990,443
6763121,1.32416,0.176642,444,140160,0.385275,0.36,1,76434,75990,444
6766041,5.06483,5.63533,443,140160,0.405055,0.36,1,76440,75997,443
6767701,3.41297,1.12707,446,140160,0.369011,0.42,1,76443,75997,446
6770621,2.28259,7.42541,439,140160,0.385802,0.42,1,76445,76006,439
6772901,23.6565,1.48508,468,140160,0.42916,0.46,1,76474,76006,468
6775821,6.3313,23.497,441,140160,0.461832,0.46,1,76476,76035,441
6778101,34.8663,4.6994,483,140160,0.492366,0.49,1,76518,76035,483
6781021,9.37325,36.9399,441,140160,0.482473,0.49,1,76521,76080,441
6783941,3.47465,7.38798,443,140160,0.504495,0.49,1,76523,76080,443
6786861,2.29493,1.4776,445,140160,0.508899,0.49,1,76525,76080,445
6789541,134.859,0.295519,613,140160,0.50178,0.53,1,76693,76080,613
6792461,28.5718,136.859,444,140160,0.468356,0.53,1,76695,76251,444
6795361,7.31436,27.3718,446,140160,0.509671,0.44,1,76697,76251,446
6797441,10.2629,15.8744,444,140160,0.501934,0.39,1,76708,76264,444
6800361,3.65257,7.17487,441,140160,0.500387,0.39,1,76710,76269,441
6802641,2.33051,1.43497,443,140160,0.580077,0.4,1,76712,76269,443
6805561,9.2661,9.887,442,140160,0.548015,0.4,1,76723,76281,442
6807841,3.45322,1.9774,444,140160,0.501603,0.4,1,76725,76281,444
6810761,7.09064,11.5955,438,140160,0.444321,0.4,1,76733,76295,438
6813041,3.01813,2.3191,440,140160,0.392864,0.44,1,76735,76295,440
6815961,19.0036,18.0638,441,140160,0.390573,0.44,1,76758,76317,441
6818881,5.40072,3.61276,443,140160,0.486115,0.44,1,76760,76317,443
6821801,2.68014,0.722553,445,140160,0.505223,0.44,1,76762,76317,445
6824721,2.13603,0.144511,447,140160,0.501045,0.44,1,76764,76317,447
6826561,1.22721,0.0289021,448,140160,0.484209,0.38,1,76765,76317,448
6829481,11.4454,16.0058,442,140160,0.384842,0.38,1,76779,76337,442
6832401,3.88909,3.20116,444,140160,0.492968,0.38,1,76781,76337,444
6834881,2.37782,0.640231,446,140160,0.482594,0.44,1,76783,76337,446
6837801,3.67556,11.328,436,140160,0.416519,0.44,1,76787,76351,436
6840501,8.73511,2.26561,446,140160,0.475304,0.29,1,76797,76351,446
6843421,3.34702,6.05312,441,140160,0.535061,0.29,1,76799,76358,441
6845281,1.4694,1.21062,442,140160,0.531012,0.39,1,76800,76358,442
6848201,6.69388,9.84213,438,140160,0.538202,0.39,1,76808,76370,438
6851121,2.93878,1.96842,440,140160,0.55564,0.39,1,76810,76370,440
6854041,2.18776,0.393685,442,140160,0.527128,0.39,1,76812,76370,442
6855681,1.23755,0.078737,443,140160,0.537426,0.37,1,76813,76370,443
6858601,5.04751,5.61575,442,140160,0.507485,0.37,1,76819,76377,442
6860881,2.6095,1.12315,444,140160,0.541497,0.4,1,76821,76377,444
6863801,11.7219,11.4246,444,140160,0.492299,0.4,1,76835,76391,444
6866501,5.54438,2.28493,448,140160,0.40246,0.38,1,76839,76391,448
6869421,2.70888,12.457,435,140160,0.408492,0.38,1,76841,76406,435
6872341,2.14178,2.4914,437,140160,0.409698,0.38,1,76843,76406,437
6875261,2.02836,0.498279,439,140160,0.36994,0.38,1,76845,76406,439
6878181,2.00567,0.0996559,441,140160,0.353988,0.38,1,76847,76406,441
6881101,2.00113,0.0199312,443,140160,0.462798,0.38,1,76849,76406,443
6883141,5.20023,0.00398623,449,140160,0.50056,0.25,1,76855,76406,449
6885221,15.44,5.6008,460,140160,0.516112,0.4,1,76873,76413,460
6888141,4.68801,17.1202,442,140160,0.487222,0.4,1,76875,76433,442
6890421,6.5376,3.42403,449,140160,0.385444,0.39,1,76882,76433,449
6893341,2.90752,10.2848,439,140160,0.373089,0.39,1,76884,76445,439
6896261,2.1815,2.05696,441,140160,0.490618,0.39,1,76886,76445,441
6898321,2.0363,0.411392,443,140160,0.482124,0.35,1,76888,76445,443
6901241,6.80726,4.08228,446,140160,0.464425,0.35,1,76896,76450,446
6902901,22.9615,0.816456,473,140160,0.452885,0.49,1,76923,76450,473
6905821,6.19229,24.9633,444,140160,0.418577,0.49,1,76925,76481,444
6908101,35.6385,4.99266,487,140160,0.475715,0.46,1,76968,76481,487
6911021,8.72769,40.9985,439,140160,0.487143,0.46,1,76970,76531,439
6913941,3.34554,8.19971,441,140160,0.489429,0.46,1,76972,76531,441
6916861,2.26911,1.63994,443,140160,0.497886,0.46,1,76974,76531,443
6918501,138.054,0.327988,615,140160,0.371577,0.48,1,77146,76531,615
6921421,29.2108,136.066,447,140160,0.314315,0.48,1,77148,76701,447
6924341,7.44215,27.2131,449,140160,0.398863,0.48,1,77150,76701,449
6926401,3.08843,5.44262,451,140160,0.383773,0.54,1,77152,76701,451
6929321,7.81769,12.2885,446,140160,0.300755,0.54,1,77161,76715,446
6932241,3.16354,2.4577,448,140160,0.372151,0.54,1,77163,76715,448
6935141,2.23271,0.491541,450,140160,0.36243,0.55,1,77165,76715,450
6938061,2.04654,9.69831,440,138700,0.448486,0.55,1,77167,76727,440
6940341,10.8093,1.93966,453,138700,0.513697,0.51,1,77180,76727,453
6943261,3.76186,13.1879,439,138700,0.518739,0.51,1,77182,76743,439
6945541,22.3524,2.63759,466,138700,0.359748,0.54,1,77209,76743,466
6948461,6.07047,21.3275,442,138700,0.44795,0.54,1,77211,76769,442
6951381,2.81409,4.2655,444,138700,0.43359,0.54,1,77213,76769,444
6954301,2.16282,0.853101,446,138700,0.398718,0.54,1,77215,76769,446
6957221,2.03256,0.17062,448,138700,0.367744,0.54,1,77217,76769,448
6959061,11.6065,0.034124,462,138700,0.401549,0.4,1,77231,76769,462
6961981,3.9213,14.4068,446,138700,0.37631,0.4,1,77233,76787,446
6964901,2.38426,2.88136,448,138700,0.395262,0.4,1,77235,76787,448
6967381,2.07685,0.576273,450,138700,0.399052,0.52,1,77237,76787,450
6969461,7.61537,4.91525,453,138700,0.44781,0.58,1,77246,76793,453
6971121,2.32307,4.98305,449,138700,0.441562,0.56,1,77247,76798,449
6974041,6.86461,10.5966,445,138700,0.400312,0.56,1,77255,76810,445
6976961,2.97292,2.11932,447,138700,0.368062,0.56,1,77257,76810,447
6979861,4.59458,0.423864,452,138700,0.313612,0.55,1,77262,76810,452
6982781,3.31892,5.68477,448,138700,0.422723,0.55,1,77265,76817,448
6985701,2.26378,1.13695,450,138700,0.460544,0.55,1,77267,76817,450
6988181,2.05276,0.227391,452,138700,0.460109,0.58,1,77269,76817,452
6991101,2.01055,10.4455,441,138700,0.468022,0.58,1,77271,76830,441
6993381,14.0021,2.0891,458,138700,0.445604,0.41,1,77288,76830,458
6996301,4.40042,10.8178,447,138700,0.417121,0.41,1,77290,76843,447
6999221,2.48008,2.16356,449,138700,0.475424,0.41,1,77292,76843,449
7001701,2.09602,0.432713,451,138700,0.463085,0.47,1,77294,76843,451
7004621,2.0192,5.68654,446,138700,0.460617,0.47,1,77296,76850,446
7007541,2.00384,1.13731,448,138700,0.436123,0.47,1,77298,76850,448
7010461,2.00077,0.227462,450,138700,0.399225,0.47,1,77300,76850,450
7013141,8.40015,0.0454923,460,138700,0.447845,0.55,1,77310,76850,460
7015221,13.68,8.8091,464,138700,0.521569,0.38,1,77325,76861,464
7018141,4.33601,19.3618,444,138700,0.544314,0.38,1,77327,76883,444
7021041,2.4672,3.87236,446,138700,0.516863,0.48,1,77329,76883,446
7023961,5.29344,10.3745,440,138700,0.431373,0.48,1,77335,76895,440
7026881,2.65869,2.07489,442,138700,0.382275,0.48,1,77337,76895,442
7029361,2.13174,0.414979,444,138700,0.492455,0.41,1,77339,76895,444
7031441,6.82635,4.083,447,138700,0.498491,0.55,1,77347,76900,447
7034361,22.9653,24.8166,444,138700,0.499698,0.55,1,77374,76930,444
7036641,6.19305,4.96332,446,138700,0.46794,0.55,1,77376,76930,446
7039561,34.0386,36.9927,442,138700,0.525588,0.55,1,77417,76975,442
7042481,8.40772,7.39853,444,138700,0.537118,0.55,1,77419,76975,444
7045401,3.28154,1.47971,446,138700,0.547424,0.55,1,77421,76975,446
7047041,1.45631,0.295941,447,138700,0.533485,0.37,1,77422,76975,447
7049961,138.691,144.059,440,138700,0.546697,0.37,1,77595,77155,440
7052881,29.3383,28.8118,442,138700,0.517339,0.37,1,77597,77155,442
7055801,7.46765,5.76237,444,138700,0.471468,0.37,1,77599,77155,444
7057441,2.29353,1.15247,445,138700,0.446294,0.43,1,77600,77155,445
7060361,7.65871,11.4305,440,137240,0.497259,0.43,1,77609,77169,440
7063281,3.13174,2.2861,442,137240,0.483452,0.43,1,77611,77169,442
7066201,2.22635,0.45722,444,137240,0.46469,0.43,1,77613,77169,444
7068881,2.04527,0.0914439,446,137240,0.428938,0.52,1,77615,77169,446
7071801,10.8091,16.8183,438,137240,0.453788,0.52,1,77628,77190,438
7074081,3.76181,3.36366,440,137240,0.426758,0.36,1,77630,77190,440
7077001,19.1524,22.2727,436,137240,0.501352,0.36,1,77653,77217,436
7079921,5.43047,4.45455,438,137240,0.50027,0.36,1,77655,77217,438
7082841,2.68609,0.890909,440,137240,0.540054,0.36,1,77657,77217,440
7084481,1.33722,0.178182,441,137240,0.516011,0.42,1,77658,77217,441
7087401,9.86744,8.03564,443,137240,0.495202,0.42,1,77670,77227,443
7089061,9.17349,1.60713,452,137240,0.40304,0.39,1,77679,77227,452
7091141,3.4347,4.32143,449,137240,0.480608,0.52,1,77681,77232,449
7094061,2.28694,9.66429,440,137240,0.464122,0.52,1,77683,77243,440
7096981,2.05739,1.93286,442,137240,0.468824,0.52,1,77685,77243,442
7099461,12.4115,0.386571,457,137240,0.525765,0.39,1,77700,77243,457
7102161,4.0823,9.67731,447,137240,0.505153,0.47,1,77702,77255,447
7105081,7.21646,9.13546,446,137240,0.373031,0.47,1,77710,77264,446
7108001,3.04329,1.82709,448,137240,0.474606,0.47,1,77712,77264,448
7110481,2.20866,0.365418,450,137240,0.462921,0.47,1,77714,77264,450
7113401,2.04173,5.67308,445,137240,0.436584,0.47,1,77716,77271,445
7116321,2.00835,1.13462,447,137240,0.439317,0.47,1,77718,77271,447
7118801,2.00167,0.226923,449,137240,0.463863,0.54,1,77720,77271,449
7121721,5.20033,8.04538,445,137240,0.468773,0.54,1,77726,77281,445
7123381,5.04007,1.60908,450,137240,0.389755,0.41,1,77731,77281,450
7125461,8.20801,7.52182,450,137240,0.389951,0.48,1,77740,77290,450
7128381,3.2416,3.90436,449,137240,0.35799,0.48,1,77742,77293,449
7130241,1.44832,0.780873,450,137240,0.335598,0.54,1,77743,77293,450
7133161,5.08966,10.5562,443,137240,0.38712,0.54,1,77749,77306,443
7136081,2.61793,2.11123,445,137240,0.365424,0.54,1,77751,77306,445
7139001,2.12359,0.422247,447,137240,0.337085,0.54,1,77753,77306,447
7140641,1.22472,0.0844494,448,137240,0.403417,0.45,1,77754,77306,448
7143561,6.64494,7.21689,447,137240,0.432683,0.45,1,77762,77315,447
7145221,10.929,1.44338,459,137240,0.486537,0.48,1,77774,77315,459
7148141,3.7858,12.2887,446,137240,0.521307,0.48,1,77776,77330,446
7151061,2.35716,2.45773,448,137240,0.504261,0.48,1,77778,77330,448
7153541,6.87143,0.491547,456,137240,0.468852,0.52,1,77786,77330,456
7156461,2.97429,12.8983,442,137240,0.42977,0.52,1,77788,77346,442
7159381,2.19486,2.57966,444,137240,0.389954,0.52,1,77790,77346,444
7161861,6.83897,0.515932,452,137240,0.469991,0.4,1,77798,77346,452
7163941,23.7678,7.30319,471,137240,0.501998,0.56,1,77826,77355,471
7166861,6.35356,24.6606,444,137240,0.4764,0.56,1,77828,77384,444
7169141,33.2707,4.93213,484,137240,0.47928,0.59,1,77868,77384,484
7172061,8.25414,33.7864,445,137240,0.479856,0.59,1,77870,77425,445
7174981,3.25083,6.75728,447,137240,0.447971,0.59,1,77872,77425,447
7177901,2.25017,1.35146,449,137240,0.481594,0.59,1,77874,77425,449
7179541,134.85,0.270291,617,137240,0.448319,0.49,1,78042,77425,617
7182461,28.57,138.454,446,137240,0.409664,0.49,1,78044,77598,446
7184741,8.914,27.6908,450,137240,0.345933,0.5,1,78048,77598,450
7187661,3.3828,11.9382,444,137240,0.421187,0.5,1,78050,77606,444
7189941,5.47656,2.38763,450,137240,0.396237,0.45,1,78056,77606,450
7192861,2.69531,6.87753,444,137240,0.359247,0.45,1,78058,77614,444
7195781,2.13906,1.37551,446,137240,0.319849,0.45,1,78060,77614,446
7198261,4.42781,0.275101,451,137240,0.35197,0.41,1,78065,77614,451
7199921,2.48556,7.25502,444,137240,0.334394,0.52,1,78067,77623,444
7202841,10.0971,11.851,443,137240,0.354879,0.52,1,78079,77636,443
7205121,3.61942,2.3702,445,137240,0.326976,0.55,1,78081,77636,445
7208041,18.3239,17.274,446,137240,0.369395,0.55,1,78103,77657,446
7210321,5.26478,3.45481,448,137240,0.337879,0.43,1,78105,77657,448
7213241,2.65296,4.69096,445,137240,0.307576,0.43,1,78107,77662,445
7215521,2.13059,0.938192,447,137240,0.269515,0.51,1,78109,77662,447
7217601,7.62612,8.98764,445,137240,0.381903,0.48,1,78118,77673,445
7220521,7.92522,8.99753,444,137240,0.340381,0.48,1,78126,77682,444
7223221,6.38504,1.79951,450,137240,0.236076,0.45,1,78132,77682,450
7226141,2.87701,3.5599,448,137240,0.239215,0.45,1,78134,77686,448
7228001,1.3754,0.71198,449,137240,0.231843,0.37,1,78135,77686,449
7230921,13.0751,17.7424,443,137240,0.294369,0.37,1,78151,77708,443
7233201,4.21502,3.54848,445,137240,0.362874,0.48,1,78153,77708,445
7236121,5.643,4.7097,446,137240,0.440575,0.48,1,78159,77713,446
7238401,2.7286,0.941939,448,137240,0.448115,0.49,1,78161,77713,448
7241321,2.14572,6.58839,442,137240,0.425623,0.49,1,78163,77721,442
7244241,2.02914,1.31768,444,137240,0.389125,0.49,1,78165,77721,444
7247161,2.00583,0.263535,446,137240,0.389825,0.49,1,78167,77721,446
7249841,2.00117,0.0527071,448,137240,0.357965,0.46,1,78169,77721,448
7252761,9.20023,12.0105,444,137240,0.359593,0.46,1,78180,77736,444
7255461,9.04005,2.40211,453,137240,0.231919,0.42,1,78189,77736,453
7258381,4.20801,7.68042,447,137240,0.374384,0.42,1,78192,77745,447
7261281,2.4416,1.53608,449,137240,0.370877,0.53,1,78194,77745,449
7264201,5.28832,9.90722,443,137240,0.338175,0.53,1,78200,77757,443
7267121,2.65766,1.98144,445,137240,0.427635,0.53,1,78202,77757,445
7270041,2.13153,0.396289,447,137240,0.421527,0.53,1,78204,77757,447
7271681,1.22631,0.0792577,448,137240,0.404305,0.39,1,78205,77757,448
7273761,6.64526,6.41585,448,137240,0.432861,0.46,1,78213,77765,448
7276681,7.72905,13.2832,441,137240,0.494572,0.46,1,78221,77780,441
7279601,3.14581,2.65663,443,137240,0.498914,0.46,1,78223,77780,443
7282081,2.22916,0.531327,445,137240,0.459783,0.47,1,78225,77780,445
7285001,10.8458,10.5063,445,137240,0.387957,0.47,1,78238,77793,445
7287921,3.76917,2.10125,447,137240,0.341591,0.47,1,78240,77793,447
7290401,2.35383,0.420251,449,137240,0.444318,0.54,1,78242,77793,449
7292481,6.87077,8.08405,447,137240,0.432864,0.38,1,78250,77803,447
7295401,21.3742,24.8168,443,137240,0.454573,0.38,1,78275,77832,443
7297681,5.87483,4.96336,445,137240,0.426915,0.51,1,78277,77832,445
7300601,32.375,35.3927,441,137240,0.421383,0.51,1,78316,77875,441
7303521,8.07499,7.07853,443,137240,0.388277,0.51,1,78318,77875,443
7306441,3.215,1.41571,445,137240,0.469655,0.51,1,78320,77875,445
7308081,1.443,0.283141,446,137240,0.469931,0.41,1,78321,77875,446
7311001,133.889,142.457,435,135780,0.341986,0.41,1,78488,78053,435
7313921,28.3777,28.4913,437,135780,0.476397,0.41,1,78490,78053,437
7316841,7.27554,5.69826,439,135780,0.471279,0.41,1,78492,78053,439
7318481,2.25511,1.13965,440,135780,0.454256,0.36,1,78493,78053,440
7321401,7.65102,9.82793,437,135780,0.418851,0.36,1,78502,78065,437
7324321,3.1302,1.96559,439,135780,0.37177,0.36,1,78504,78065,439
7326801,2.22604,0.393117,441,135780,0.466354,0.35,1,78506,78065,441
7329721,7.64521,6.47862,442,135780,0.509271,0.35,1,78515,78073,442
7332421,6.32904,1.29572,448,135780,0.429854,0.44,1,78521,78073,448
7335341,3.66581,11.4591,437,135780,0.541971,0.44,1,78524,78087,437
7337621,19.1332,2.29183,460,135780,0.476394,0.3,1,78547,78087,460
7340541,5.42663,16.4584,442,135780,0.431279,0.3,1,78549,78107,442
7342821,2.68533,3.29167,444,135780,0.478256,0.44,1,78551,78107,444
7345741,2.13707,5.45833,440,135780,0.463651,0.44,1,78553,78113,440
7348021,3.62741,1.09167,444,135780,0.40473,0.38,1,78557,78113,444
7350101,11.1255,8.21833,447,135780,0.352946,0.23,1,78570,78123,447
7352181,8.6251,8.04367,447,135780,0.478589,0.38,1,78578,78131,447
7355101,3.32502,9.60873,439,135780,0.479718,0.38,1,78580,78141,439
7358021,2.265,1.92175,441,135780,0.447944,0.38,1,78582,78141,441
7360501,14.053,0.384349,458,135780,0.433589,0.38,1,78599,78141,458
7363421,4.4106,19.2769,436,135780,0.486718,0.38,1,78601,78165,436
7366341,2.48212,3.85537,438,135780,0.465344,0.38,1,78603,78165,438
7369261,2.09642,0.771075,440,135780,0.469069,0.38,1,78605,78165,440
7371521,2.01928,0.154215,442,135780,0.469814,0.36,1,78607,78165,442
7374441,5.20386,12.0308,433,135780,0.437963,0.36,1,78613,78180,433
7377361,2.64077,2.40617,435,135780,0.399593,0.36,1,78615,78180,435
7380281,2.12815,0.481234,437,135780,0.359919,0.36,1,78617,78180,437
7382341,11.6256,0.0962467,451,135780,0.423984,0.43,1,78631,78180,451
7385261,5.52513,8.81925,444,135780,0.372797,0.43,1,78635,78191,444
7387541,5.90503,1.76385,450,135780,0.506559,0.45,1,78641,78191,450
7390461,2.78101,9.15277,441,135780,0.501312,0.45,1,78643,78202,441
7393381,2.1562,1.83055,443,135780,0.500262,0.45,1,78645,78202,443
7395861,3.63124,0.366111,447,135780,0.468052,0.42,1,78649,78202,447
7398781,2.32625,4.87322,443,135780,0.509611,0.42,1,78651,78208,443
7401701,2.06525,0.974644,445,135780,0.533922,0.42,1,78653,78208,445
7404181,5.21305,0.194929,451,135780,0.578784,0.5,1,78659,78208,451
7406261,5.84261,8.03899,447,135780,0.483757,0.51,1,78665,78218,447
7408341,4.36852,4.8078,447,135780,0.544751,0.45,1,78669,78222,447
7411261,2.4737,7.36156,441,135780,0.52495,0.45,1,78671,78230,441
7413121,1.29474,1.47231,442,135780,0.50499,0.47,1,78672,78230,442
7416041,13.0589,14.6945,440,135780,0.508998,0.47,1,78688,78248,440
7418961,4.21179,2.93889,442,135780,0.4618,0.47,1,78690,78248,442
7421441,2.44236,0.587778,444,135780,0.45236,0.47,1,78692,78248,444
7423521,8.48847,8.91756,443,135780,0.362472,0.39,1,78702,78259,443
7426441,20.8977,20.1835,444,135780,0.408494,0.39,1,78726,78282,444
7428721,5.77954,4.0367,446,135780,0.417699,0.41,1,78728,78282,446
7431641,29.9559,39.2073,434,135780,0.44354,0.41,1,78764,78330,434
7434561,7.59118,7.84147,436,135780,0.440708,0.41,1,78766,78330,436
7437481,3.11824,1.56829,438,135780,0.496142,0.41,1,78768,78330,438
7439121,1.42365,0.313659,439,135780,0.531228,0.53,1,78769,78330,439
7442041,133.885,132.063,441,135780,0.458246,0.53,1,78936,78495,441
7444961,28.3769,26.4125,443,135780,0.411649,0.53,1,78938,78495,443
7447881,7.27539,5.28251,445,135780,0.49033,0.53,1,78940,78495,445
7449521,2.25508,1.0565,446,135780,0.482066,0.38,1,78941,78495,446
7451601,3.65102,6.6113,442,135780,0.408413,0.4,1,78945,78503,442
7454521,7.9302,8.52226,442,135780,0.337683,0.4,1,78954,78512,442
7457441,3.18604,1.70445,444,135780,0.291537,0.4,1,78956,78512,444
7459301,9.43721,0.34089,455,135780,0.266307,0.53,1,78967,78512,455
7462221,3.48744,11.2682,443,135780,0.285261,0.53,1,78969,78526,443
7465141,2.29749,2.25364,445,135780,0.401052,0.53,1,78971,78526,445
7467621,22.0595,0.450727,472,135780,0.38421,0.48,1,78998,78526,472
7470541,6.0119,27.2901,440,135780,0.436842,0.48,1,79000,78560,440
7473461,2.80238,5.45803,442,135780,0.415368,0.48,1,79002,78560,442
7476381,2.16048,1.09161,444,135780,0.387074,0.48,1,79004,78560,444
7478641,2.0321,0.218321,446,135780,0.349415,0.46,1,79006,78560,446
7480721,10.0064,10.4437,445,135780,0.301883,0.5,1,79018,78573,445
7483641,6.80128,10.0887,441,135780,0.292377,0.5,1,79024,78583,441
7486561,2.96026,2.01775,443,135780,0.410475,0.5,1,79026,78583,443
7489041,2.19205,0.403549,445,135780,0.458095,0.48,1,79028,78583,445
7491961,20.4384,21.6807,443,135780,0.379619,0.48,1,79053,78610,443
7494881,5.68768,4.33614,445,135780,0.331924,0.48,1,79055,78610,445
7497801,2.73754,0.867228,447,135780,0.418385,0.48,1,79057,78610,447
7500721,2.14751,0.173446,449,135780,0.411677,0.48,1,79059,78610,449
7502561,1.2295,0.0346891,450,135780,0.394335,0.39,1,79060,78610,450
7504641,1.8459,4.00694,447,135780,0.398867,0.46,1,79062,78615,447
7507561,5.16918,11.2014,440,135780,0.351773,0.46,1,79068,78628,440
7510481,4.23384,2.24028,444,135780,0.286355,0.46,1,79072,78628,444
7512341,8.84677,0.448055,454,135780,0.297271,0.57,1,79082,78628,454
7515261,3.36935,8.88961,445,135780,0.267454,0.57,1,79084,78639,445
7517541,6.27387,1.77792,452,135780,0.365491,0.52,1,79091,78639,452
7520461,2.85477,4.35558,449,135780,0.385098,0.52,1,79093,78644,449
7522741,2.97095,0.871117,452,135780,0.36502,0.48,1,79096,78644,452
7524401,2.19419,3.37422,450,135780,0.409004,0.54,1,79098,78648,450
7527321,3.63884,7.87484,445,135780,0.401801,0.54,1,79102,78657,445
7530241,2.32777,1.57497,447,135780,0.39236,0.54,1,79104,78657,447
7532721,2.06555,0.314994,449,135780,0.350472,0.56,1,79106,78657,449
7535641,5.21311,9.663,443,135780,0.374094,0.56,1,79112,78669,443
7538341,5.84262,1.9326,449,135780,0.418819,0.46,1,79118,78669,449
7541261,2.76852,4.38652,446,135780,0.427764,0.46,1,79120,78674,446
7544161,2.1537,0.877304,448,135780,0.421553,0.34,1,79122,78674,448
7547081,18.8307,22.5755,443,135780,0.428311,0.34,1,79145,78702,443
7550001,5.36615,4.51509,445,135780,0.397662,0.34,1,79147,78702,445
7552481,2.67323,0.903018,447,135780,0.399532,0.43,1,79149,78702,447
7554561,7.73465,7.3806,447,135780,0.407906,0.45,1,79158,78711,447
7557481,21.5469,23.0761,445,135780,0.321581,0.45,1,79183,78738,445
7559761,5.90939,4.61522,447,135780,0.304316,0.48,1,79185,78738,447
7562681,23.5819,27.323,442,135780,0.316863,0.48,1,79213,78771,442
7565601,6.31638,5.46461,444,135780,0.391373,0.48,1,79215,78771,444
7568521,2.86327,1.09292,446,135780,0.374275,0.48,1,79217,78771,446
7570161,1.37265,0.218584,447,135780,0.386855,0.32,1,79218,78771,447
7573081,131.475,141.644,434,135780,0.373371,0.32,1,79382,78948,434
7576001,27.8949,28.3287,436,135780,0.330674,0.32,1,79384,78948,436
7578921,7.17898,5.66575,438,135780,0.290135,0.32,1,79386,78948,438
7581841,3.0358,1.13315,440,135780,0.258027,0.32,1,79388,78948,440
7584101,3.80716,0.22663,444,135780,0.187605,0.42,1,79392,78948,444
7587021,2.36143,8.04533,436,135780,0.341521,0.42,1,79394,78958,436
7589301,15.6723,1.60907,455,135780,0.268304,0.43,1,79413,78958,455
7592221,4.73446,10.7218,444,135780,0.229661,0.43,1,79415,78971,444
7594501,2.54689,2.14436,446,135780,0.221932,0.37,1,79417,78971,446
7596161,1.30938,2.82887,444,135780,0.204386,0.36,1,79418,78974,444
7599081,25.8619,33.3658,435,135780,0.272877,0.36,1,79450,79015,435
7602001,6.77237,6.67315,437,135780,0.254575,0.36,1,79452,79015,437
7604921,2.95447,1.33463,439,135780,0.210915,0.36,1,79454,79015,439
7607841,2.19089,0.266926,441,135780,0.178183,0.36,1,79456,79015,441
7609681,1.23818,0.0533852,442,135780,0.307637,0.44,1,79457,79015,442
7612601,6.64764,8.81068,439,135780,0.301527,0.44,1,79465,79026,439
7615301,6.12953,1.76214,445,135780,0.388305,0.37,1,79471,79026,445
7618221,2.82591,9.15243,436,135780,0.373661,0.37,1,79473,79037,436
7620081,1.36518,1.83049,437,135780,0.386732,0.38,1,79474,79037,437
7623001,18.673,23.5661,431,135780,0.325346,0.38,1,79497,79066,431
7625921,5.33461,4.71322,433,135780,0.289069,0.38,1,79499,79066,433
7628841,2.66692,0.942644,435,135780,0.369814,0.38,1,79501,79066,435
7631761,2.13338,0.188529,437,135780,0.393963,0.38,1,79503,79066,437
7634681,2.02668,0.0377057,439,135780,0.390793,0.38,1,79505,79066,439
7637141,10.8053,0.00754115,452,135780,0.390159,0.31,1,79518,79066,452
7640061,3.76107,11.2015,440,135780,0.358032,0.31,1,79520,79080,440
7642341,3.95221,2.2403,444,135780,0.295606,0.28,1,79524,79080,444
7644421,2.39044,2.84806,443,135780,0.251121,0.38,1,79526,79083,443
7646081,1.27809,2.96961,441,135780,0.234224,0.41,1,79527,79086,441
7648161,5.05562,5.39392,441,135780,0.206845,0.34,1,79533,79092,441
7651081,9.01112,12.2788,437,135780,0.345369,0.34,1,79543,79106,437
7654001,3.40222,2.45576,439,135780,0.389074,0.34,1,79545,79106,439
7656921,2.28044,0.491151,441,135780,0.365815,0.34,1,79547,79106,441
7659841,2.05609,0.0982303,443,135780,0.361163,0.34,1,79549,79106,443
7662101,5.21122,0.0196461,449,135780,0.376233,0.36,1,79555,79106,449
7665021,2.64224,5.60393,444,135780,0.347247,0.36,1,79557,79113,444
7667301,2.12845,1.12079,446,135780,0.357449,0.42,1,79559,79113,446
7670221,2.02569,7.42416,439,135780,0.32749,0.42,1,79561,79122,439
7672081,1.20514,1.48483,440,135780,0.305498,0.4,1,79562,79122,440
7675001,11.441,9.89697,442,135780,0.3331,0.4,1,79576,79134,442
7676661,14.2882,1.97939,457,135780,0.37862,0.41,1,79591,79134,457
7679581,4.45764,19.5959,435,135780,0.395724,0.41,1,79593,79158,435
7682501,2.49153,3.91918,437,135780,0.367145,0.41,1,79595,79158,437
7684981,9.29831,0.783835,448,135780,0.353429,0.35,1,79606,79158,448
7687061,21.8597,8.15677,463,135780,0.294686,0.5,1,79631,79168,463
7689981,5.97193,20.0314,442,135780,0.378937,0.5,1,79633,79191,442
7692261,22.7944,4.00627,469,135780,0.419787,0.39,1,79660,79191,469
7695181,6.15888,25.6013,440,135780,0.395957,0.39,1,79662,79222,440
7698101,2.83178,5.12025,442,135780,0.359191,0.39,1,79664,79222,442
7701021,2.16636,1.02405,444,135780,0.327838,0.39,1,79666,79222,444
7702661,126.833,0.20481,602,135780,0.353568,0.17,1,79824,79222,602
7705581,26.9667,136.041,434,135780,0.326714,0.17,1,79826,79392,434
7708501,6.99333,27.2082,436,135780,0.409343,0.17,1,79828,79392,436
7711421,2.99867,5.44164,438,135780,0.417869,0.17,1,79830,79392,438
7714101,2.99973,1.08833,441,135780,0.363574,0.24,1,79833,79392,441
7717021,2.99995,7.41767,435,135780,0.424715,0.24,1,79836,79401,435
7719301,11,1.48353,448,135780,0.396943,0.22,1,79849,79401,448
7722221,3.8,13.0967,434,135780,0.423389,0.22,1,79851,79417,434
7724501,10.36,2.61934,446,135780,0.444678,0.34,1,79863,79417,446
7727201,3.672,11.7239,434,135780,0.416936,0.41,1,79865,79431,434
7730121,23.9344,24.7448,435,135780,0.355387,0.41,1,79894,79459,435
7733041,6.38688,4.94895,437,135780,0.319077,0.41,1,79896,79459,437
7735961,2.87738,0.989791,439,135780,0.431816,0.41,1,79898,79459,439
7738881,2.17548,0.197958,441,135780,0.422363,0.41,1,79900,79459,441
7740721,1.2351,0.0395916,442,135780,0.412473,0.41,1,79901,79459,442
7742801,5.04702,9.60792,436,135780,0.306495,0.29,1,79907,79471,436
7745721,11.4094,11.5216,437,135780,0.461299,0.29,1,79920,79483,437
7748641,3.88188,2.30432,439,135780,0.45226,0.29,1,79922,79483,439
7751121,2.37638,0.460863,441,135780,0.418452,0.38,1,79924,79483,441
7754041,13.2753,18.4922,434,135780,0.28369,0.38,1,79940,79506,434
7756961,4.25505,3.69843,436,135780,0.312738,0.38,1,79942,79506,436
7759881,2.45101,0.739687,438,135780,0.294548,0.38,1,79944,79506,438
7762801,2.0902,0.147937,440,135780,0.29891,0.38,1,79946,79506,440
7765681,2.01804,0.0295875,442,135780,0.355782,0.35,1,79948,79506,442
7767761,5.20361,11.2059,434,135780,0.383156,0.25,1,79954,79520,434
7770681,11.4407,9.44118,438,135780,0.316631,0.25,1,79967,79529,438
7773601,3.88814,1.88824,440,135780,0.439326,0.25,1,79969,79529,440
7776521,2.37763,0.377647,442,135780,0.431865,0.25,1,79971,79529,442
7778581,7.67553,0.0755295,451,135780,0.358373,0.39,1,79980,79529,451
7780661,6.33511,10.4151,444,135780,0.367675,0.36,1,79986,79542,444
7783581,2.86702,6.08302,441,135780,0.441535,0.36,1,79988,79547,441
7785861,4.5734,1.2166,446,135780,0.424307,0.39,1,79993,79547,446
7788781,3.31468,5.84332,442,135780,0.380861,0.39,1,79996,79554,442
7790641,1.46294,1.16866,443,135780,0.380172,0.36,1,79997,79554,443
7793561,1.89259,4.23373,440,135780,0.356034,0.36,1,79999,79559,440
7795841,1.97852,0.846747,442,135780,0.319207,0.38,1,80001,79559,442
7798761,5.1957,9.76935,436,135780,0.343841,0.38,1,80007,79571,436
7801681,2.63914,1.95387,438,135780,0.308768,0.38,1,80009,79571,438
7804581,10.1278,0.390774,450,135780,0.381754,0.32,1,80021,79571,450
7806661,14.8256,6.47815,458,135780,0.452351,0.44,1,80037,79579,458
7809581,4.56511,18.8956,438,135780,0.42647,0.44,1,80039,79601,438
7812501,2.51302,3.77913,440,135780,0.445294,0.44,1,80041,79601,440
7814981,2.9026,0.755825,443,135780,0.433059,0.33,1,80044,79601,443
7817061,26.1805,6.55117,467,135780,0.382612,0.4,1,80076,79609,467
7819981,6.8361,27.7102,436,135780,0.380522,0.4,1,80078,79642,436
7822261,21.3672,5.54205,461,135780,0.372104,0.35,1,80103,79642,461
7825181,5.87344,18.7084,441,135780,0.394421,0.35,1,80105,79664,441
7827461,2.77469,3.74168,443,135780,0.374884,0.37,1,80107,79664,443
7830381,2.15494,7.14834,437,135780,0.338977,0.37,1,80109,79672,437
7832661,130.031,1.42967,599,135780,0.427795,0.44,1,80271,79672,599
7835581,27.6062,131.486,437,135780,0.421559,0.44,1,80273,79836,437
7838501,7.12124,26.2972,439,135780,0.460312,0.44,1,80275,79836,439
7841421,3.02425,5.25944,441,135780,0.436062,0.44,1,80277,79836,441
7844341,2.20485,1.05189,443,135780,0.479212,0.44,1,80279,79836,443
7846181,5.24097,0.210377,449,135780,0.375842,0.39,1,80285,79836,449
7847841,2.64819,10.4421,438,135780,0.323168,0.32,1,80287,79849,438
7850761,9.32964,8.48842,441,135780,0.376634,0.32,1,80298,79857,441
7853041,4.26593,1.69768,444,135780,0.347327,0.41,1,80301,79857,444
7855121,3.25319,6.73954,439,135780,0.325465,0.44,1,80304,79865,439
7858041,7.05064,5.34791,442,135780,0.345093,0.44,1,80312,79870,442
7859701,24.6101,1.06958,471,135780,0.261019,0.34,1,80341,79870,471
7862621,6.52203,27.4139,439,135780,0.396204,0.34,1,80343,79904,439
7865541,2.90441,5.48278,441,135780,0.391241,0.34,1,80345,79904,441
7868461,2.18088,1.09656,443,135780,0.366248,0.34,1,80347,79904,443
7871381,2.03618,0.219311,445,135780,0.41725,0.34,1,80349,79904,445
7873221,2.00724,0.0438623,447,135780,0.43545,0.26,1,80351,79904,447
7875301,18.0014,3.20877,465,135780,0.40709,0.31,1,80373,79908,465
7878221,5.20029,23.0418,439,135780,0.441418,0.31,1,80375,79936,439
7881141,2.64006,4.60835,441,135780,0.424284,0.31,1,80377,79936,441
7883621,7.72801,0.92167,450,135780,0.324857,0.29,1,80386,79936,450
7886541,3.1456,6.58433,444,135780,0.360971,0.29,1,80388,79944,444
7888821,6.22912,1.31687,451,135780,0.296194,0.41,1,80395,79944,451
7891741,3.64582,10.6634,441,135780,0.323239,0.41,1,80398,79957,441
7894661,2.32916,2.13267,443,135780,0.344648,0.41,1,80400,79957,443
7897581,2.06583,0.426535,445,135780,0.43693,0.41,1,80402,79957,445
7900261,3.61317,0.085307,449,135780,0.423386,0.48,1,80406,79957,449
7902341,7.92263,8.81706,447,135780,0.388677,0.34,1,80415,79968,447
7905261,3.18453,8.16341,441,135780,0.445735,0.34,1,80417,79976,441
7907121,1.43691,1.63268,442,135780,0.441147,0.37,1,80418,79976,442
7909201,6.68738,8.32654,440,135780,0.328229,0.31,1,80426,79986,440
7912121,9.33748,13.6653,435,135780,0.449646,0.31,1,80436,80001,435
7915041,3.4675,2.73306,437,135780,0.457929,0.31,1,80438,80001,437
7917961,2.2935,0.546612,439,135780,0.483586,0.31,1,80440,80001,439
7920881,2.0587,0.109322,441,135780,0.448717,0.31,1,80442,80001,441
7923761,2.01174,0.0218645,443,135780,0.441743,0.4,1,80444,80001,443
7926681,3.60235,1.60437,445,135780,0.472349,0.4,1,80448,80003,445
7928341,4.72047,0.320875,450,135780,0.39847,0.49,1,80453,80003,450
7931261,2.54409,8.86418,441,135780,0.463694,0.49,1,80455,80014,441
7933541,9.30882,1.77283,452,135780,0.468739,0.44,1,80466,80014,452
7935201,3.46176,8.35457,444,135780,0.501748,0.43,1,80468,80024,444
7938121,11.8924,17.6709,438,134320,0.45235,0.43,1,80482,80044,438
7941041,3.97847,3.53418,440,134320,0.41047,0.43,1,80484,80044,440
7943521,2.39569,0.706836,442,134320,0.394094,0.46,1,80486,80044,442
7945601,3.67914,2.54137,443,134320,0.518819,0.44,1,80490,80047,443
7948521,28.7358,30.1083,441,134320,0.535764,0.44,1,80525,80084,441
7950801,7.34717,6.02165,443,134320,0.507153,0.29,1,80527,80084,443
7953721,19.0694,22.8043,438,134320,0.389431,0.29,1,80549,80111,438
7956641,5.41389,4.56087,440,134320,0.405886,0.29,1,80551,80111,440
7959561,2.68278,0.912173,442,134320,0.377177,0.29,1,80553,80111,442
7961201,1.33656,0.182435,443,134320,0.363435,0.37,1,80554,80111,443
7964121,133.067,138.436,436,134320,0.432687,0.37,1,80720,80284,436
7967041,28.2135,27.6873,438,134320,0.438537,0.37,1,80722,80284,438
7969961,7.24269,5.53746,440,134320,0.479707,0.37,1,80724,80284,440
7972881,3.04854,1.10749,442,134320,0.495942,0.37,1,80726,80284,442
7974721,1.40971,0.221498,443,134320,0.483188,0.39,1,80727,80284,443
7977641,9.88194,11.2443,441,134320,0.456638,0.39,1,80739,80298,441
7980341,7.57639,2.24886,448,134320,0.499328,0.39,1,80746,80298,448
7983261,3.11528,10.0498,438,134320,0.483865,0.39,1,80748,80310,438
7986161,2.22306,2.00995,440,134320,0.448773,0.31,1,80750,80310,440
7988241,8.44461,6.80199,442,134320,0.465755,0.36,1,80760,80318,442
7991161,24.0889,24.5604,441,134320,0.549151,0.36,1,80788,80347,441
7994081,6.41778,4.91208,443,134320,0.53383,0.36,1,80790,80347,443
7996561,2.88356,0.982416,445,134320,0.498766,0.41,1,80792,80347,445
7999481,3.77671,5.79648,442,134320,0.467753,0.41,1,80796,80354,442
8002401,2.35534,1.1593,444,134320,0.517551,0.41,1,80798,80354,444
8005301,18.0711,0.231859,466,134320,0.47951,0.3,1,80820,80354,466
8008221,5.21421,25.6464,436,134320,0.543902,0.3,1,80822,80386,436
8011141,2.64284,5.12927,438,134320,0.52478,0.3,1,80824,80386,438
8013621,2.12857,1.02585,440,134320,0.488956,0.38,1,80826,80386,440
8016541,2.02571,2.60517,439,134320,0.457791,0.38,1,80828,80389,439
8018821,10.0051,0.521034,451,134320,0.507558,0.38,1,80840,80389,451
8021741,3.60103,8.10421,443,134320,0.477512,0.38,1,80842,80399,443
8024021,5.52021,1.62084,449,134320,0.503502,0.44,1,80848,80399,449
8026941,3.50404,5.12417,446,134320,0.4847,0.44,1,80851,80405,446
8029221,2.30081,1.02483,448,134320,0.52094,0.48,1,80853,80405,448
8032141,2.06016,9.00497,439,134320,0.496188,0.48,1,80855,80416,439
8034421,10.812,1.80099,452,134320,0.451238,0.31,1,80868,80416,452
8037341,3.76241,7.5602,445,134320,0.410248,0.31,1,80870,80425,445
8039621,5.55248,1.51204,451,134320,0.434049,0.42,1,80876,80425,451
8041701,7.5105,6.70241,451,134320,0.51081,0.44,1,80884,80433,451
8044621,3.1021,10.1405,442,134320,0.494162,0.44,1,80886,80444,442
8047541,2.22042,2.0281,444,134320,0.530832,0.44,1,80888,80444,444
8050461,2.04408,0.405619,446,134320,0.570166,0.44,1,80890,80444,446
8053141,3.60882,0.0811238,450,134320,0.506033,0.46,1,80894,80444,450
8056061,2.32176,4.01622,447,134320,0.517207,0.46,1,80896,80449,447
8058341,5.26435,0.803245,453,134320,0.431441,0.46,1,80902,80449,453
8061261,2.65287,5.76065,448,134320,0.534288,0.46,1,80904,80456,448
8063541,6.13057,1.15213,455,134320,0.466858,0.51,1,80911,80456,455
8065621,5.22611,9.83043,448,134320,0.501372,0.46,1,80916,80468,448
8067701,14.6452,7.56609,458,134320,0.484274,0.57,1,80933,80475,458
8070621,4.52904,12.7132,446,134320,0.448855,0.57,1,80935,80489,446
8073541,2.50581,2.54264,448,134320,0.497771,0.57,1,80937,80489,448
8076021,9.30116,0.508529,459,134320,0.435554,0.54,1,80948,80489,459
8078101,23.4602,11.3017,472,134320,0.527111,0.51,1,80975,80503,472
8081021,6.29205,24.6603,446,134320,0.545422,0.51,1,80977,80531,446
8083301,15.6584,4.93207,464,134320,0.493084,0.43,1,80995,80531,464
8086221,4.73168,22.5864,439,134320,0.450617,0.43,1,80997,80558,439
8089141,2.54634,4.51728,441,134320,0.410123,0.43,1,80999,80558,441
8092061,2.10927,0.903456,443,134320,0.426025,0.43,1,81001,80558,443
8093701,134.822,0.180691,611,134320,0.413205,0.5,1,81169,80558,611
8096621,28.5644,134.436,445,134320,0.506641,0.5,1,81171,80726,445
8099541,7.31287,26.8872,447,134320,0.493328,0.5,1,81173,80726,447
8102021,3.06257,5.37745,449,134320,0.498666,0.43,1,81175,80726,449
8104941,2.21251,7.47549,443,134320,0.467733,0.43,1,81177,80734,443
8107221,6.8425,1.4951,451,134320,0.453547,0.44,1,81185,80734,451
8109301,10.9685,5.09902,457,134320,0.474709,0.45,1,81197,80740,457
8112221,3.7937,11.4198,446,134320,0.534942,0.45,1,81199,80753,446
8115141,2.35874,2.28396,448,134320,0.506988,0.45,1,81201,80753,448
8117201,2.07175,0.456792,450,134320,0.493398,0.45,1,81203,80753,450
8119281,8.41435,6.49136,452,134320,0.50668,0.47,1,81213,80761,452
8122201,25.6829,33.2983,442,134320,0.525336,0.47,1,81243,80801,442
8125121,6.73657,6.65965,444,134320,0.497067,0.47,1,81245,80801,444
8128041,2.94731,1.33193,446,134320,0.499413,0.47,1,81247,80801,446
8130961,2.18946,0.266386,448,134320,0.475883,0.47,1,81249,80801,448
8132801,1.23789,0.0532772,449,134320,0.455177,0.45,1,81250,80801,449
8135721,17.0476,21.6107,443,134320,0.539035,0.45,1,81271,80828,443
8138641,5.00952,4.32213,445,134320,0.523807,0.45,1,81273,80828,445
8141561,2.6019,0.864426,447,134320,0.480761,0.45,1,81275,80828,447
8144241,2.12038,0.172885,449,134320,0.440152,0.47,1,81277,80828,449
8147161,10.0241,11.2346,447,134320,0.41603,0.47,1,81289,80842,447
8149441,3.60482,2.24692,449,134320,0.387206,0.48,1,81291,80842,449
8152361,5.52096,7.64938,446,134320,0.517441,0.48,1,81297,80851,446
8154641,2.70419,1.52988,448,134320,0.551488,0.52,1,81299,80851,448
8157561,3.74084,8.30598,442,134320,0.526298,0.52,1,81303,80861,442
8160481,2.34817,1.66119,444,134320,0.52926,0.52,1,81305,80861,444
8162961,2.06963,0.332239,446,134320,0.537852,0.46,1,81307,80861,446
8165881,12.4139,12.8664,445,134320,0.52357,0.46,1,81322,80877,445
8168801,4.08279,2.57329,447,134320,0.488714,0.46,1,81324,80877,447
8171701,8.81656,0.514658,457,134320,0.553743,0.53,1,81334,80877,457
8174621,3.36331,12.1029,444,134320,0.534749,0.53,1,81336,80892,444
8177541,2.27266,2.42059,446,134320,0.49895,0.53,1,81338,80892,446
8180461,2.05453,0.484117,448,134320,0.49179,0.53,1,81340,80892,448
8182101,6.01091,0.0968234,455,134320,0.450358,0.58,1,81347,80892,455
8185021,2.80218,8.81936,446,134320,0.482072,0.58,1,81349,80903,446
8187941,2.16044,1.76387,448,134320,0.560414,0.58,1,81351,80903,448
8190421,5.23209,0.352775,454,134320,0.592083,0.47,1,81357,80903,454
8193341,2.64642,7.27056,447,132860,0.566417,0.47,1,81359,80912,447
8195621,6.92928,1.45411,455,132860,0.577283,0.5,1,81367,80912,455
8197701,13.3859,7.49082,461,132860,0.539457,0.53,1,81382,80921,461
8200621,5.07717,15.0982,447,132860,0.483891,0.53,1,81385,80938,447
8203541,2.61543,3.01963,449,132860,0.480778,0.53,1,81387,80938,449
8206021,8.52309,0.603927,459,132860,0.504156,0.51,1,81397,80938,459
8208101,24.9046,13.7208,471,132860,0.556831,0.6,1,81426,80955,471
8211021,6.58092,21.9442,449,132860,0.567366,0.6,1,81428,80979,449
8213301,17.3162,4.38883,469,132860,0.545473,0.46,1,81448,80979,469
8216221,5.86324,20.0778,448,132860,0.485095,0.46,1,81451,81003,448
8219141,2.77265,4.01555,450,132860,0.513019,0.46,1,81453,81003,450
8222061,2.15453,0.803111,452,132860,0.494604,0.46,1,81455,81003,452
8223701,134.031,0.160622,619,132860,0.458921,0.49,1,81622,81003,619
8226621,28.4062,144.032,441,132860,0.475784,0.49,1,81624,81183,441
8229541,7.28124,28.8064,443,132860,0.511157,0.49,1,81626,81183,443
8232461,3.05625,5.76128,445,132860,0.486231,0.49,1,81628,81183,445
8235381,2.21125,1.15226,447,132860,0.449246,0.49,1,81630,81183,447
8237221,6.04225,0.230451,454,132860,0.481849,0.38,1,81637,81183,454
8239301,3.60845,7.24609,448,132860,0.43237,0.57,1,81640,81192,448
8241381,11.1217,6.24922,455,132860,0.478474,0.55,1,81653,81198,455
8244301,3.82434,10.8498,445,132860,0.463695,0.55,1,81655,81210,445
8247221,2.36487,2.16997,447,132860,0.436739,0.55,1,81657,81210,447
8249701,2.07297,0.433994,449,132860,0.399348,0.45,1,81659,81210,449
8251781,28.4146,4.8868,478,132860,0.45587,0.52,1,81694,81216,478
8254701,7.28292,24.9774,450,132860,0.435174,0.52,1,81696,81246,450
8256981,5.45658,4.99547,455,132860,0.399035,0.56,1,81701,81246,455
8259901,3.49132,7.39909,450,132860,0.343807,0.56,1,81704,81254,450
8262821,2.29826,1.47982,452,132860,0.348761,0.56,1,81706,81254,452
8265301,19.6597,0.295964,476,132860,0.349752,0.35,1,81730,81254,476
8268221,5.53193,25.6592,446,132860,0.30995,0.35,1,81732,81286,446
8271141,2.70639,5.13184,448,132860,0.32599,0.35,1,81734,81286,448
8274061,2.14128,1.02637,450,132860,0.417198,0.35,1,81736,81286,450
8276741,3.62826,0.205274,454,132860,0.37944,0.38,1,81740,81286,454
8278821,2.32565,4.04105,451,132860,0.339888,0.34,1,81742,81291,451
8280481,1.26513,2.40821,450,132860,0.323978,0.53,1,81743,81293,450
8283401,5.05303,10.0816,444,132860,0.392795,0.53,1,81749,81305,444
8286321,4.21061,2.01633,448,132860,0.390559,0.53,1,81753,81305,448
8289221,6.44212,0.403266,455,132860,0.414112,0.41,1,81760,81305,455
8292141,2.88842,7.28065,448,132860,0.386822,0.41,1,81762,81314,448
8294001,1.37768,1.45613,449,132860,0.365364,0.6,1,81763,81314,449
8296921,10.6755,15.4912,443,132860,0.417073,0.6,1,81776,81333,443
8299201,3.73511,3.09824,445,132860,0.395415,0.49,1,81778,81333,445
8302121,6.34702,6.21965,445,132860,0.375083,0.49,1,81785,81340,445
8305041,2.8694,1.24393,447,132860,0.347017,0.49,1,81787,81340,447
8307961,2.17388,0.248786,449,132860,0.333403,0.49,1,81789,81340,449
8310021,5.23478,0.0497572,455,132860,0.362681,0.47,1,81795,81340,455
8312101,4.24696,4.00995,454,132860,0.384536,0.6,1,81799,81345,454
8315021,2.44939,6.40199,449,132860,0.364907,0.6,1,81801,81352,449
8317941,2.08988,1.2804,451,132860,0.448981,0.6,1,81803,81352,451
8320421,6.81798,0.25608,459,132860,0.409796,0.58,1,81811,81352,459
8323341,2.9636,8.85122,450,131400,0.441959,0.58,1,81813,81363,450
8325621,5.39272,1.77024,456,131400,0.408392,0.55,1,81819,81363,456
8327701,17.8785,5.15405,471,131400,0.369678,0.53,1,81840,81369,471
8330621,5.97571,21.0308,449,131400,0.465936,0.53,1,81843,81394,449
8333541,2.79514,4.20616,451,131400,0.453187,0.53,1,81845,81394,451
8336021,3.75903,0.841232,455,131400,0.442637,0.57,1,81849,81394,455
8338101,26.3518,9.76825,475,131400,0.424528,0.56,1,81881,81406,475
8341021,6.87036,25.1537,448,131400,0.428906,0.56,1,81883,81435,448
8343301,14.9741,5.03073,465,131400,0.381781,0.53,1,81900,81435,465
8346221,4.59481,21.0061,442,131400,0.452356,0.53,1,81902,81460,442
8349141,2.51896,4.20123,444,131400,0.490471,0.53,1,81904,81460,444
8352061,2.10379,0.840246,446,131400,0.466094,0.53,1,81906,81460,446
8353701,135.621,0.168049,615,131400,0.325219,0.49,1,82075,81460,615
8356621,28.7241,141.634,440,131400,0.265044,0.49,1,82077,81637,440
8359541,7.34483,28.3267,442,131400,0.317009,0.49,1,82079,81637,442
8362461,3.06897,5.66534,444,131400,0.295402,0.49,1,82081,81637,444
8365381,2.21379,1.13307,446,131400,0.33108,0.49,1,82083,81637,446
8367221,10.8428,0.226614,459,131400,0.354216,0.53,1,82096,81637,459
8369921,3.76855,11.2453,447,131400,0.326843,0.54,1,82098,81651,447
8372841,5.55371,11.8491,441,131400,0.353369,0.54,1,82104,81663,441
8375761,2.71074,2.36981,443,131400,0.382674,0.54,1,82106,81663,443
8378681,2.14215,0.473963,445,131400,0.356535,0.54,1,82108,81663,445
8380321,1.22843,0.0947925,446,131400,0.335307,0.33,1,82109,81663,446
8383241,29.8457,32.819,442,131400,0.419061,0.33,1,82146,81704,442
8386161,7.56914,6.56379,444,131400,0.403812,0.33,1,82148,81704,444
8389061,3.91383,1.31276,447,131400,0.360762,0.48,1,82151,81704,447
8391981,3.18277,4.26255,445,131400,0.360153,0.48,1,82154,81709,445
8393841,1.43655,0.85251,446,131400,0.38403,0.44,1,82155,81709,446
8396761,17.8873,21.7705,441,131400,0.428806,0.44,1,82177,81736,441
8399681,5.17746,4.3541,443,131400,0.461761,0.44,1,82179,81736,443
8402161,2.63549,0.87082,445,131400,0.524352,0.46,1,82181,81736,445
8405081,5.3271,8.17416,441,131400,0.43287,0.46,1,82187,81746,441
8408001,2.66542,1.63483,443,131400,0.382574,0.46,1,82189,81746,443
8410921,2.13308,0.326967,445,131400,0.428515,0.46,1,82191,81746,445
8412981,6.82662,0.0653933,453,131400,0.357703,0.45,1,82199,81746,453
8415901,2.96532,9.61308,443,131400,0.431541,0.45,1,82201,81758,443
8418181,3.79306,1.92262,447,131400,0.390308,0.36,1,82205,81758,447
8421101,2.35861,4.38452,444,131400,0.350062,0.36,1,82207,81763,444
8422961,1.27172,0.876905,445,131400,0.406012,0.45,1,82208,81763,445
8425041,1.85434,4.17538,442,131400,0.417203,0.39,1,82210,81768,442
8427121,5.17087,8.83508,438,131400,0.419441,0.35,1,82216,81778,438
8430041,8.23417,9.76702,437,131400,0.475888,0.35,1,82225,81788,437
8432961,3.24683,1.9534,439,131400,0.455178,0.35,1,82227,81788,439
8435441,2.24937,0.390681,441,131400,0.435036,0.36,1,82229,81788,441
8438361,11.6499,10.4781,442,131400,0.407007,0.36,1,82243,81801,442
8441281,3.92997,2.09563,444,131400,0.369401,0.36,1,82245,81801,444
8444181,7.18599,0.419125,452,131400,0.46588,0.4,1,82253,81801,452
8447101,3.0372,8.08383,444,131400,0.453176,0.4,1,82255,81811,444
8448961,1.40744,1.61676,445,131400,0.434635,0.42,1,82256,81811,445
8451881,5.08149,5.92335,444,131400,0.462927,0.42,1,82262,81818,444
8454161,2.6163,1.18467,446,131400,0.460585,0.5,1,82264,81818,446
8456241,2.12326,2.63693,445,131400,0.420117,0.44,1,82266,81821,445
8459161,18.0247,21.3274,441,131400,0.364023,0.44,1,82288,81847,441
8462081,5.20493,4.26548,443,131400,0.352805,0.44,1,82290,81847,443
8464561,2.64099,0.853095,445,131400,0.350561,0.48,1,82292,81847,445
8466641,3.7282,8.17062,439,131400,0.446112,0.45,1,82296,81857,439
8469561,21.5456,23.2341,438,131400,0.449222,0.45,1,82322,81884,438
8471841,5.90913,4.64682,440,131400,0.449844,0.48,1,82324,81884,440
8474761,21.1818,19.3294,442,131400,0.369969,0.48,1,82349,81907,442
8477681,5.83636,3.86587,444,131400,0.457994,0.48,1,82351,81907,444
8480601,2.76727,0.773174,446,131400,0.483599,0.48,1,82353,81907,446
8482241,1.35345,0.154635,447,131400,0.50472,0.29,1,82354,81907,447
8485161,133.871,139.231,440,131400,0.476944,0.29,1,82521,82081,440
8488081,28.3741,27.8462,442,131400,0.447389,0.29,1,82523,82081,442
8490561,7.27483,5.56924,444,131400,0.409478,0.37,1,82525,82081,444
8493481,8.65497,12.3138,439,131400,0.441896,0.37,1,82534,82095,439
8495761,3.33099,2.46277,441,131400,0.424379,0.38,1,82536,82095,441
8498681,5.4662,6.89255,439,131400,0.508876,0.38,1,82542,82103,439
8500961,4.29324,1.37851,443,131400,0.453775,0.44,1,82546,82103,443
8503881,4.05865,8.2757,437,131400,0.466755,0.44,1,82550,82113,437
8506801,2.41173,1.65514,439,131400,0.445351,0.44,1,82552,82113,439
8509721,2.08235,0.331028,441,131400,0.46507,0.44,1,82554,82113,441
8511361,1.21647,0.0662056,442,131400,0.453014,0.42,1,82555,82113,442
8514281,33.0433,38.4132,435,131400,0.482603,0.42,1,82596,82161,435
8517201,8.20866,7.68265,437,131400,0.488521,0.42,1,82598,82161,437
8520121,3.24173,1.53653,439,131400,0.537704,0.42,1,82600,82161,439
8523041,2.24835,0.307306,441,131400,0.515541,0.42,1,82602,82161,441
8524881,1.24967,0.0614612,442,131400,0.495108,0.37,1,82603,82161,442
8527801,21.0499,22.4123,440,131400,0.411022,0.37,1,82629,82189,440
8530721,5.80999,4.48246,442,131400,0.362204,0.37,1,82631,82189,442
8533641,2.762,0.896492,444,131400,0.352441,0.37,1,82633,82189,444
8535281,1.3524,0.179298,445,131400,0.334488,0.4,1,82634,82189,445
8538201,1.87048,6.43586,439,131400,0.514898,0.4,1,82636,82197,439
8541121,1.9741,1.28717,441,131400,0.550979,0.4,1,82638,82197,441
8542981,7.59482,0.257434,450,131400,0.430196,0.34,1,82647,82197,450
8545901,3.11896,8.05149,442,131400,0.374039,0.34,1,82649,82207,442
8548801,2.22379,1.6103,444,131400,0.370808,0.45,1,82651,82207,444
8551721,3.64476,4.32206,443,131400,0.482162,0.45,1,82655,82212,443
8554641,2.32895,0.864412,445,131400,0.560432,0.45,1,82657,82212,445
8557541,3.66579,0.172882,449,131400,0.512086,0.47,1,82661,82212,449
8559621,2.33316,4.83458,445,131400,0.526417,0.46,1,82663,82218,445
8562541,2.06663,8.96692,437,131400,0.497283,0.46,1,82665,82228,437
8564821,7.61333,1.79338,446,131400,0.507457,0.32,1,82674,82228,446
8566481,2.32267,5.95868,440,131400,0.493491,0.52,1,82675,82235,440
8569401,14.8645,13.9917,442,131400,0.498698,0.52,1,82693,82251,442
8571681,4.57291,2.79835,444,131400,0.51574,0.49,1,82695,82251,444
8574601,5.71458,8.55967,440,131400,0.567148,0.49,1,82701,82261,440
8577521,2.74292,1.71193,442,131400,0.58543,0.49,1,82703,82261,442
8580001,2.14858,0.342387,444,131400,0.557086,0.48,1,82705,82261,444
8582921,6.82972,8.86848,441,131400,0.559417,0.48,1,82713,82272,441
8585841,2.96594,1.7737,443,131400,0.519883,0.48,1,82715,82272,443
8588741,14.1932,0.354739,460,131400,0.559977,0.5,1,82732,82272,460
8591661,5.23864,17.6709,441,131400,0.551995,0.5,1,82735,82294,441
8594581,2.64773,3.53419,443,131400,0.558399,0.5,1,82737,82294,443
8597061,6.92955,0.706838,451,131400,0.54368,0.35,1,82745,82294,451
8599141,18.9859,6.54137,465,131400,0.492736,0.46,1,82767,82302,465
8602061,5.39718,23.7083,439,131400,0.482547,0.46,1,82769,82330,439
8604341,22.6794,4.74165,466,131400,0.456509,0.51,1,82796,82330,466
8607261,6.93589,20.1483,445,131400,0.523302,0.51,1,82799,82354,445
8610181,2.98718,4.02967,447,131400,0.53666,0.51,1,82801,82354,447
8612661,2.19744,0.805933,449,131400,0.555332,0.42,1,82803,82354,449
8614741,137.239,5.76119,613,131400,0.511066,0.51,1,82974,82361,613
8617661,29.0479,137.152,445,131400,0.478213,0.51,1,82976,82531,445
8620581,7.40958,27.4304,447,131400,0.439643,0.51,1,82978,82531,447
8623061,7.88192,5.48609,455,131400,0.311929,0.53,1,82986,82531,455
8625981,3.17638,9.89722,446,131400,0.422386,0.53,1,82988,82542,446
8628261,2.23528,1.97944,448,131400,0.468477,0.44,1,82990,82542,448
8631181,2.04706,8.39589,440,131400,0.445695,0.44,1,82992,82552,440
8634081,2.00941,1.67918,442,131400,0.441139,0.41,1,82994,82552,442
8637001,6.80188,4.33584,445,131400,0.416228,0.41,1,83002,82557,445
8639921,2.96038,0.867167,447,131400,0.379246,0.41,1,83004,82557,447
8642401,2.19208,0.173433,449,131400,0.339849,0.53,1,83006,82557,449
8645321,32.4384,35.2347,445,131400,0.43597,0.53,1,83046,82601,445
8648241,8.08768,7.04694,447,131400,0.423194,0.53,1,83048,82601,447
8650721,3.21754,1.40939,449,131400,0.396639,0.52,1,83050,82601,449
8653641,7.04351,10.6819,444,131400,0.455328,0.52,1,83058,82614,444
8655921,3.0087,2.13638,446,131400,0.435066,0.47,1,83060,82614,446
8658841,18.2017,23.6273,439,131400,0.343013,0.47,1,83082,82643,439
8661761,5.24035,4.72545,441,131400,0.436603,0.47,1,83084,82643,441
8664681,2.64807,0.945091,443,131400,0.423321,0.47,1,83086,82643,443
8667601,2.12961,0.189018,445,131400,0.388664,0.47,1,83088,82643,445
8670521,2.02592,0.0378036,447,131400,0.389733,0.47,1,83090,82643,447
8672981,6.80518,0.00756073,455,131400,0.381947,0.37,1,83098,82643,455
8675901,2.96104,6.40151,449,131400,0.468389,0.37,1,83100,82651,449
8678181,4.59221,1.2803,454,131400,0.413678,0.52,1,83105,82651,454
8681101,3.31844,7.45606,448,131400,0.426736,0.52,1,83108,82660,448
8684021,2.26369,1.49121,450,131400,0.389347,0.52,1,83110,82660,450
8686501,2.05274,0.298242,452,131400,0.349869,0.55,1,83112,82660,452
8689421,2.01055,9.65965,442,131400,0.453974,0.55,1,83114,82672,442
8692341,2.00211,1.93193,444,131400,0.442795,0.55,1,83116,82672,444
8694821,10.8004,0.386386,457,131400,0.400559,0.45,1,83129,82672,457
8697521,3.76008,8.87728,448,131400,0.360112,0.52,1,83131,82683,448
8699601,11.952,11.3755,450,131400,0.376022,0.58,1,83145,82695,450
8702521,7.1904,7.07509,450,131400,0.379204,0.58,1,83151,82701,450
8704181,5.43808,1.41502,455,131400,0.451841,0.58,1,83156,82701,455
8707101,2.68762,9.083,446,131400,0.466368,0.58,1,83158,82712,446
8710021,2.13752,1.8166,448,131400,0.461274,0.58,1,83160,82712,448
8712501,6.8275,0.36332,456,131400,0.388255,0.47,1,83168,82712,456
8715421,2.9655,7.27266,449,131400,0.421651,0.47,1,83170,82721,449
8717701,11.7931,1.45453,463,131400,0.46833,0.5,1,83184,82721,463
8720621,3.95862,15.4909,446,131400,0.477666,0.5,1,83186,82740,446
8723541,2.39172,3.09818,448,131400,0.447533,0.5,1,83188,82740,448
8725601,2.07834,0.619636,450,131400,0.409507,0.57,1,83190,82740,450
8727681,6.01567,8.12393,447,131400,0.409901,0.46,1,83197,82750,447
8730601,19.6031,28.0248,437,131400,0.36998,0.46,1,83220,82783,437
8732881,5.52063,5.60496,439,131400,0.329996,0.54,1,83222,82783,439
8735801,19.5041,15.521,444,131400,0.313999,0.54,1,83245,82801,444
8738081,5.50082,3.1042,446,131400,0.2788,0.5,1,83247,82801,446
8741001,5.10016,4.62084,446,131400,0.25576,0.5,1,83252,82806,446
8743281,2.62003,0.924168,448,131400,0.371152,0.43,1,83254,82806,448
8746201,135.724,137.785,445,131400,0.34623,0.43,1,83423,82978,445
8748481,28.7448,27.557,447,131400,0.309246,0.3,1,83425,82978,447
8751401,8.94896,11.1114,444,131400,0.333849,0.3,1,83429,82985,444
8753061,5.78979,2.22228,449,131400,0.40277,0.5,1,83434,82985,449
8755981,2.75796,10.0445,439,131400,0.384554,0.5,1,83436,82997,439
8758901,2.15159,2.00889,441,131400,0.420911,0.5,1,83438,82997,441
8761821,2.03032,0.401778,443,131400,0.388182,0.5,1,83440,82997,443
8764741,2.00606,0.0803556,445,131400,0.373636,0.5,1,83442,82997,445
8766581,4.40121,0.0160711,450,131400,0.434727,0.5,1,83447,82997,450
8769501,2.48024,8.00321,442,131400,0.414945,0.5,1,83449,83007,442
8772421,2.09605,1.60064,444,131400,0.378989,0.5,1,83451,83007,444
8774901,34.8192,0.320129,487,131400,0.427798,0.51,1,83494,83007,487
8777821,8.56384,39.264,440,131400,0.40556,0.51,1,83496,83056,440
8780741,3.31277,7.8528,442,131400,0.369112,0.51,1,83498,83056,442
8783221,5.46255,1.57056,448,131400,0.457822,0.39,1,83504,83056,448
8786141,2.69251,6.71411,442,131400,0.451564,0.39,1,83506,83064,442
8788421,17.3385,1.34282,463,131400,0.354313,0.4,1,83527,83064,463
8791341,5.0677,20.2686,440,131400,0.294863,0.4,1,83529,83089,440
8794261,2.61354,4.05371,442,131400,0.402973,0.4,1,83531,83089,442
8797181,2.12271,0.810742,444,131400,0.448594,0.4,1,83533,83089,444
8799861,2.02454,0.162148,446,131400,0.433719,0.41,1,83535,83089,446
8801521,1.20491,5.63243,440,131400,0.414744,0.45,1,83536,83096,440
8804441,5.04098,5.92649,440,131400,0.378949,0.45,1,83542,83102,440
8806721,4.2082,1.1853,444,131400,0.31579,0.38,1,83546,83102,444
8809641,5.64164,6.63706,442,131400,0.399158,0.38,1,83552,83110,442
8811921,2.72833,1.32741,444,131400,0.383832,0.44,1,83554,83110,444
8814841,2.14567,5.06548,440,131400,0.348766,0.44,1,83556,83116,440
8817761,2.02913,1.0131,442,131400,0.317753,0.44,1,83558,83116,442
8820241,2.00583,0.202619,444,131400,0.311551,0.39,1,83560,83116,444
8823161,10.8012,10.4405,444,131400,0.40631,0.39,1,83573,83129,444
8824821,4.56023,2.0881,447,131400,0.417262,0.46,1,83576,83129,447
8827741,2.51205,7.61762,440,129940,0.387452,0.46,1,83578,83138,440
8830021,16.5024,1.52352,460,129940,0.36549,0.47,1,83598,83138,460
8832941,4.90048,16.3047,442,129940,0.361098,0.47,1,83600,83158,442
8834801,1.7801,3.26094,443,129940,0.34422,0.43,1,83601,83158,443
8837721,5.15602,6.25219,442,129940,0.420844,0.43,1,83607,83165,442
8840641,2.6312,1.25044,444,129940,0.452169,0.43,1,83609,83165,444
8842501,2.92624,0.250087,447,129940,0.410434,0.39,1,83612,83165,447
8845421,2.18525,5.65002,442,129940,0.402087,0.39,1,83614,83172,442
8847701,12.437,1.13,457,129940,0.384417,0.35,1,83629,83172,457
8850621,4.88741,16.226,440,129940,0.428883,0.35,1,83632,83192,440
8853541,2.57748,3.2452,442,129940,0.413777,0.35,1,83634,83192,442
8856461,2.1155,0.64904,444,129940,0.386755,0.35,1,83636,83192,444
8858101,1.2231,0.129808,445,129940,0.357351,0.36,1,83637,83192,445
8860181,21.0446,5.62596,464,129940,0.35147,0.34,1,83663,83199,464
8863101,5.80892,20.3252,442,129940,0.350294,0.34,1,83665,83223,442
8865381,19.5618,4.06504,465,129940,0.382059,0.27,1,83688,83223,465
8868301,5.51236,23.213,439,129940,0.364412,0.27,1,83690,83251,439
8870581,7.50247,4.6426,447,129940,0.336882,0.34,1,83698,83251,447
8873501,3.10049,7.32852,441,129940,0.315376,0.34,1,83700,83259,441
8875781,137.42,1.4657,612,129940,0.303075,0.46,1,83871,83259,612
8878701,29.084,138.693,441,129940,0.268615,0.46,1,83873,83432,441
8881601,7.4168,27.7386,443,129940,0.325723,0.4,1,83875,83432,443
8883681,3.08336,7.94773,442,129940,0.305145,0.43,1,83877,83435,442
8886601,3.81667,9.58954,436,129940,0.405029,0.43,1,83881,83445,436
8889521,2.36333,1.91791,438,129940,0.409006,0.43,1,83883,83445,438
8892441,2.07267,0.383582,440,129940,0.433801,0.43,1,83885,83445,440
8895121,2.01453,0.0767163,442,129940,0.43876,0.43,1,83887,83445,442
8897201,5.20291,2.41534,445,129940,0.351752,0.31,1,83893,83448,445
8900121,2.64058,5.28307,441,129940,0.39835,0.31,1,83895,83454,441
8903041,2.12812,1.05661,443,129940,0.39967,0.31,1,83897,83454,443
8904901,34.0256,0.211323,485,129940,0.303934,0.33,1,83939,83454,485
8907821,8.40512,36.8423,441,129940,0.252787,0.33,1,83941,83500,441
8910741,3.28102,7.36845,443,129940,0.362557,0.33,1,83943,83500,443
8913221,5.45621,1.47369,449,129940,0.296511,0.41,1,83949,83500,449
8916141,2.69124,6.69474,443,129940,0.283302,0.41,1,83951,83508,443
8918421,18.9382,1.33895,466,129940,0.31266,0.39,1,83974,83508,466
8921341,5.38765,26.6678,435,129940,0.278532,0.39,1,83976,83541,435
8924261,2.67753,5.33356,437,129940,0.271706,0.39,1,83978,83541,437
8927181,2.13551,1.06671,439,129940,0.358341,0.39,1,83980,83541,439
8930101,2.0271,0.213342,441,129940,0.399668,0.39,1,83982,83541,441
8932561,2.00542,0.0426685,443,129940,0.407934,0.42,1,83984,83541,443
8935481,6.80108,8.80853,440,129940,0.385587,0.42,1,83992,83552,440
8937761,3.76022,1.76171,443,129940,0.453117,0.33,1,83995,83552,443
8940681,3.15204,7.55234,437,129940,0.450623,0.33,1,83998,83561,437
8943601,2.23041,1.51047,439,129940,0.442125,0.33,1,84000,83561,439
8946521,2.04608,0.302094,441,129940,0.400425,0.33,1,84002,83561,441
8949441,2.00922,0.0604187,443,129940,0.360085,0.33,1,84004,83561,443
8951281,1.20184,0.0120837,444,129940,0.336017,0.46,1,84005,83561,444
8954201,13.0404,15.2024,441,129940,0.315203,0.46,1,84021,83580,441
8957121,4.20807,3.04048,443,129940,0.447041,0.36,1,84023,83580,443
8960021,19.2416,15.0081,448,129940,0.441408,0.44,1,84046,83598,448
8962941,6.24832,10.2016,442,129940,0.464282,0.44,1,84049,83607,442
8965841,2.84966,2.04032,444,129940,0.468856,0.42,1,84051,83607,444
8968761,3.76993,3.60806,444,129940,0.477771,0.42,1,84055,83611,444
8971041,2.35399,0.721613,446,129940,0.463554,0.5,1,84057,83611,446
8973961,6.8708,8.14432,444,129940,0.444711,0.38,1,84065,83621,444
8976241,2.97416,8.02886,438,129940,0.464942,0.32,1,84067,83629,438
8979161,8.59483,10.4058,437,129940,0.420988,0.32,1,84077,83640,437
8982081,3.31897,2.08115,439,129940,0.380198,0.32,1,84079,83640,439
8985001,2.26379,0.416231,441,129940,0.46804,0.32,1,84081,83640,441
8987921,2.05276,0.0832462,443,129940,0.461608,0.35,1,84083,83640,443
8990181,22.0106,18.4166,447,129940,0.396322,0.37,1,84110,83663,447
8993101,16.4021,9.28333,455,129940,0.359264,0.39,1,84125,83670,455
8995381,9.68042,16.2567,445,129940,0.383853,0.39,1,84133,83688,445
8998301,5.93608,8.85133,443,129940,0.452771,0.33,1,84138,83695,443
9000581,5.98722,4.17027,446,129940,0.458554,0.33,1,84144,83698,446
9003501,137.197,10.4341,604,129940,0.483711,0.3,1,84314,83710,604
9005781,29.8395,130.887,446,129940,0.504742,0.36,1,84317,83871,446
9008701,8.3679,28.5774,446,129940,0.492948,0.34,1,84320,83874,446
9010981,3.27358,6.51547,447,129940,0.45859,0.46,1,84322,83875,447
9013901,2.25472,8.50309,440,129940,0.419718,0.46,1,84324,83884,440
9016821,2.05094,1.70062,442,129940,0.411944,0.46,1,84326,83884,442
9019741,2.01019,0.340124,444,129940,0.482389,0.44,1,84328,83884,444
9021381,2.00204,0.868025,445,129940,0.472478,0.44,1,84330,83885,445
9023041,2.00041,1.7736,445,129940,0.438496,0.42,1,84332,83887,445
9025961,5.20008,10.7547,438,129940,0.479699,0.42,1,84338,83900,438
9028881,2.64002,2.15094,440,129940,0.48794,0.42,1,84340,83900,440
9031801,2.128,0.430189,442,129940,0.505588,0.28,1,84342,83900,442
9033441,26.8256,31.286,436,129940,0.525118,0.3,1,84375,83939,436
9036361,14.1651,13.4572,438,129940,0.433023,0.3,1,84386,83948,438
9039281,4.43302,2.69144,440,129940,0.382605,0.28,1,84388,83948,440
9041761,2.4866,1.33829,441,129940,0.340521,0.42,1,84390,83949,441
9044681,3.69732,4.26766,440,129940,0.324104,0.32,1,84394,83954,440
9046961,17.5395,16.8535,441,129940,0.424821,0.27,1,84415,83974,441
9049041,5.10789,4.97071,441,129940,0.468964,0.42,1,84417,83976,441
9051961,5.82158,6.59414,440,129940,0.389793,0.42,1,84423,83983,440
9054881,2.76432,1.31883,442,129940,0.381959,0.42,1,84425,83983,442
9057801,2.15286,0.263766,444,129940,0.356392,0.42,1,84427,83983,444
9060481,2.03057,0.0527531,446,129940,0.439278,0.44,1,84429,83983,446
9063401,5.20611,13.6106,435,129940,0.439856,0.44,1,84435,84000,435
9066321,2.64122,2.72211,437,129940,0.407971,0.44,1,84437,84000,437
9069241,2.12824,0.544422,439,129940,0.369594,0.44,1,84439,84000,439
9070881,1.22565,0.108884,440,129940,0.497919,0.37,1,84440,84000,440
9073801,8.24513,9.62178,438,129940,0.443584,0.37,1,84450,84012,438
9076721,4.84903,1.92436,442,129940,0.488717,0.37,1,84454,84012,442
9079641,2.56981,0.384871,444,129940,0.473743,0.37,1,84456,84012,444
9082321,5.31396,0.0769742,450,129940,0.518749,0.4,1,84462,84012,450
9085241,10.6628,15.2154,443,129940,0.49575,0.4,1,84474,84031,443
9087521,15.7326,3.04308,460,129940,0.47515,0.48,1,84491,84031,460
9090441,6.34651,18.2086,442,129940,0.43103,0.48,1,84495,84053,442
9093361,2.8693,3.64172,444,129940,0.542206,0.48,1,84497,84053,444
9096281,2.97386,0.728345,447,129940,0.548441,0.48,1,84500,84053,447
9098341,8.59477,1.74567,455,129940,0.549688,0.48,1,84510,84055,455
9101261,4.11895,11.5491,444,129940,0.525938,0.48,1,84513,84069,444
9104181,2.42379,2.30983,446,129940,0.521188,0.48,1,84515,84069,446
9107101,2.08476,0.461965,448,129940,0.528238,0.41,1,84517,84069,448
9108741,1.21695,6.49239,441,129940,0.505647,0.46,1,84518,84077,441
9111661,1.84339,6.09848,437,129940,0.51713,0.46,1,84520,84083,437
9114581,1.96868,1.2197,439,129940,0.511426,0.46,1,84522,84083,439
9117061,14.7937,0.243939,457,129940,0.446285,0.38,1,84540,84083,457
9118721,13.3587,21.6488,443,129940,0.449257,0.35,1,84553,84110,443
9120801,11.4717,16.3298,439,129940,0.361851,0.37,1,84564,84125,439
9123721,15.0943,10.466,446,129940,0.44037,0.37,1,84580,84134,446
9126001,6.21887,2.09319,450,129940,0.416074,0.46,1,84584,84134,450
9128921,4.44377,8.41864,444,129940,0.379215,0.46,1,84588,84144,444
9130581,135.289,1.68373,612,129940,0.339843,0.49,1,84756,84144,612
9132661,34.2578,136.337,451,129940,0.347969,0.41,1,84765,84314,451
9135581,8.45155,36.8673,441,129940,0.325594,0.41,1,84767,84326,441
9138501,3.29031,7.37347,443,129940,0.401119,0.41,1,84769,84326,443
9141421,2.25806,1.47469,445,129940,0.376224,0.41,1,84771,84326,445
9144341,2.05161,0.294939,447,129940,0.339245,0.41,1,84773,84326,447
9146181,2.81032,0.0589877,450,129940,0.291849,0.47,1,84776,84326,450
9149101,2.16206,3.2118,448,129940,0.29037,0.47,1,84778,84330,448
9151381,6.83241,0.642359,456,129940,0.282074,0.47,1,84786,84330,456
9154301,3.76648,11.3285,445,129940,0.384415,0.47,1,84789,84344,445
9157221,2.3533,2.26569,447,129940,0.380883,0.47,1,84791,84344,447
9160141,2.07066,0.453139,449,129940,0.348177,0.47,1,84793,84344,449
9162401,19.6141,0.0906278,473,129940,0.301635,0.33,1,84817,84344,473
9165321,19.1228,36.8181,446,129940,0.324327,0.33,1,84836,84390,446
9168241,5.42457,7.36362,448,129940,0.296865,0.33,1,84838,84390,448
9171141,2.68491,1.47272,450,129940,0.379373,0.32,1,84840,84390,450
9172801,2.93698,3.49454,449,129940,0.363875,0.54,1,84843,84394,449
9174881,10.1874,8.69891,451,129940,0.320775,0.46,1,84855,84404,451
9177801,14.0375,21.7398,441,129940,0.344155,0.46,1,84870,84429,441
9180721,4.4075,4.34796,443,129940,0.316831,0.46,1,84872,84429,443
9183641,2.4815,0.869591,445,129940,0.279366,0.46,1,84874,84429,445
9186561,2.0963,0.173918,447,129940,0.239873,0.46,1,84876,84429,447
9188401,1.21926,0.0347836,448,129940,0.215975,0.56,1,84877,84429,448
9191321,5.04385,11.207,440,129940,0.307195,0.56,1,84883,84443,440
9194241,2.60877,2.24139,442,129940,0.293439,0.56,1,84885,84443,442
9197161,2.12175,0.448278,444,129940,0.266688,0.56,1,84887,84443,444
9200081,2.02435,0.0896556,446,129940,0.245338,0.43,1,84889,84443,446
9201921,6.00487,5.61793,446,129940,0.353068,0.47,1,84896,84450,446
9204841,4.40097,5.92359,444,129940,0.310614,0.47,1,84900,84456,444
9207121,2.48019,1.18472,446,129940,0.278123,0.51,1,84902,84456,446
9210041,5.29604,5.83694,445,129940,0.335625,0.51,1,84908,84463,445
9212961,9.85921,1.16739,456,129940,0.387125,0.49,1,84919,84463,456
9214821,6.77184,9.03348,451,129940,0.293425,0.47,1,84925,84474,451
9216901,14.9544,15.4067,451,129940,0.314685,0.59,1,84942,84491,451
9219821,4.59087,8.68134,446,129940,0.334937,0.59,1,84944,84498,446
9222741,2.51817,1.73627,448,129940,0.306987,0.55,1,84946,84498,448
9225221,7.70364,1.94725,455,129940,0.397397,0.55,1,84955,84500,455
9226881,3.14073,8.38945,447,129940,0.38348,0.51,1,84957,84510,447
9229801,3.82815,11.2779,439,129940,0.420696,0.51,1,84961,84522,439
9232721,2.36563,2.25558,441,129940,0.428139,0.51,1,84963,84522,441
9235641,2.07313,0.451116,443,129940,0.429628,0.51,1,84965,84522,443
9238561,2.01463,0.0902231,445,129940,0.453926,0.51,1,84967,84522,445
9241481,2.00293,0.0180446,447,129940,0.426785,0.51,1,84969,84522,447
9243941,2.00059,0.00360892,449,129940,0.453357,0.43,1,84971,84522,449
9245601,12.4001,14.4007,446,129940,0.378671,0.45,1,84986,84540,446
9247681,7.28002,13.2801,439,129940,0.395734,0.34,1,84992,84553,439
9249761,12.656,11.456,442,129940,0.351147,0.46,1,85006,84564,442
9251841,13.7312,15.0912,440,129940,0.262229,0.53,1,85020,84580,440
9254761,12.3462,11.8182,441,129940,0.284446,0.53,1,85032,84591,441
9257681,4.06925,2.36365,443,129940,0.272889,0.33,1,85034,84591,443
9260581,134.414,132.473,445,129940,0.302578,0.34,1,85201,84756,445
9263281,28.4828,34.4945,437,129940,0.436516,0.29,1,85203,84766,437
9266201,12.8966,16.4989,434,129940,0.335303,0.29,1,85212,84778,434
9269121,4.17931,3.29978,436,129940,0.291061,0.29,1,85214,84778,436
9272041,2.43586,0.659956,438,129940,0.338212,0.29,1,85216,84778,438
9274961,2.08717,0.131991,440,129940,0.323642,0.29,1,85218,84778,440
9276801,1.21743,0.0263982,441,129940,0.312728,0.3,1,85219,84778,441
9279721,5.84349,5.60528,441,129940,0.262546,0.28,1,85226,84785,441
9281381,3.5687,1.92106,443,129940,0.396509,0.36,1,85229,84786,443
9284301,2.31374,5.18421,439,129940,0.391302,0.36,1,85231,84792,439
9287221,2.06275,1.03684,441,129940,0.35826,0.34,1,85233,84792,441
9289701,6.81255,1.00737,448,129940,0.383652,0.29,1,85241,84793,448
9291781,15.7625,19.4015,442,129940,0.40473,0.33,1,85259,84817,442
9293441,15.1525,19.0803,438,129940,0.304946,0.3,1,85274,84836,438
9296361,12.6305,13.4161,438,129940,0.372989,0.3,1,85286,84848,438
9299281,4.1261,2.68321,440,129940,0.394598,0.3,1,85288,84848,440
9302201,2.42522,0.536642,442,129940,0.44692,0.31,1,85290,84848,442
9303841,6.08504,5.70733,442,129940,0.473384,0.35,1,85297,84855,442
9305921,2.81701,13.1415,429,129940,0.438677,0.33,1,85299,84870,429
9308841,15.7634,13.0283,435,129940,0.423735,0.33,1,85318,84883,435
9311761,4.75268,2.60566,437,129940,0.388747,0.33,1,85320,84883,437
9314681,2.55054,0.521132,439,129940,0.349749,0.33,1,85322,84883,439
9317601,2.11011,0.104226,441,129940,0.31795,0.33,1,85324,84883,441
9319441,1.22202,0.0208453,442,129940,0.32759,0.44,1,85325,84883,442
9322361,3.4444,8.00417,436,129940,0.433518,0.44,1,85329,84893,436
9325281,2.28888,1.60083,438,129940,0.438704,0.44,1,85331,84893,438
9328201,2.05778,0.320167,440,129940,0.407741,0.44,1,85333,84893,440
9330881,2.01156,0.0640333,442,129940,0.377548,0.35,1,85335,84893,442
9333801,10.0023,12.0128,439,129940,0.42751,0.35,1,85347,84908,439
9336721,3.60046,2.40256,441,129940,0.405502,0.35,1,85349,84908,441
9339621,3.92009,0.480512,445,129940,0.3451,0.4,1,85353,84908,445
9341701,14.384,8.8961,451,129940,0.42902,0.38,1,85370,84919,451
9344621,4.4768,12.1792,440,129940,0.437804,0.32,1,85372,84932,440
9346901,14.4954,10.4358,447,129940,0.415561,0.31,1,85389,84942,447
9349821,4.49907,8.48717,441,129940,0.491112,0.31,1,85391,84950,441
9352741,5.69981,1.69743,447,129940,0.506222,0.42,1,85397,84950,447
9355221,5.93996,4.33949,448,129940,0.461244,0.45,1,85403,84955,448
9357921,2.78799,4.8679,445,129940,0.484249,0.49,1,85405,84960,445
9360841,2.1576,8.97358,437,129940,0.49685,0.49,1,85407,84970,437
9363761,2.03152,1.79472,439,129940,0.49137,0.49,1,85409,84970,439
9366681,2.0063,0.358943,441,129940,0.490274,0.49,1,85411,84970,441
9369601,2.00126,0.0717886,443,129940,0.490055,0.49,1,85413,84970,443
9372481,2.00025,0.0143577,445,129940,0.490011,0.36,1,85415,84970,445
9374561,11.6001,12.8029,443,129940,0.434002,0.4,1,85429,84986,443
9377481,9.52001,12.1606,440,129940,0.4868,0.34,1,85438,84998,440
9380181,16.304,8.83211,450,129940,0.47336,0.24,1,85456,85006,450
9382261,17.6608,12.9664,454,129940,0.358672,0.29,1,85474,85020,454
9384341,5.13216,12.1933,444,129940,0.319734,0.27,1,85476,85032,444
9386421,5.82643,4.03866,448,129940,0.311947,0.31,1,85482,85034,448
9388081,125.165,134.408,436,129940,0.350389,0.31,1,85637,85201,436
9391001,31.4331,35.6815,433,129940,0.350078,0.31,1,85645,85212,433
9393921,7.88661,7.13631,435,129940,0.310016,0.31,1,85647,85212,435
9395781,7.97732,1.42726,443,129940,0.326003,0.32,1,85655,85212,443
9398701,3.19546,5.08545,439,129940,0.321201,0.32,1,85657,85218,439
9401621,2.23909,1.01709,441,129940,0.29624,0.32,1,85659,85218,441
9404101,5.24782,0.203418,447,129940,0.323248,0.37,1,85665,85218,447
9407021,2.64956,7.24068,440,129940,0.31265,0.37,1,85667,85227,440
9409921,3.72991,1.44814,444,129940,0.24653,0.39,1,85671,85227,444
9412841,2.34598,6.68963,438,129940,0.313306,0.39,1,85673,85235,438
9415761,2.0692,1.33793,440,129940,0.302661,0.39,1,85675,85235,440
9418241,6.81384,5.06759,442,129940,0.420532,0.41,1,85683,85241,442
9420321,10.1628,15.4135,435,129940,0.420106,0.28,1,85694,85259,435
9422401,20.4326,15.0827,443,129940,0.332021,0.39,1,85717,85274,443
9424481,16.0865,12.6165,446,129940,0.346404,0.47,1,85732,85286,446
9427401,4.8173,4.92331,445,129940,0.325281,0.47,1,85734,85289,445
9429681,2.56346,0.984662,447,129940,0.361056,0.5,1,85736,85289,447
9432601,3.71269,5.79693,444,129940,0.416211,0.48,1,85740,85296,444
9434261,5.54254,1.95939,449,129940,0.387242,0.42,1,85746,85297,449
9436961,14.7085,5.19188,460,129940,0.381448,0.48,1,85763,85303,460
9439881,6.1417,21.0384,439,129940,0.40429,0.48,1,85767,85328,439
9442801,2.82834,4.20767,441,129940,0.384858,0.48,1,85769,85328,441
9445721,2.16567,0.841535,443,129940,0.348972,0.48,1,85771,85328,443
9448641,2.03313,0.168307,445,129940,0.309794,0.46,1,85773,85328,445
9450481,2.80663,0.833661,447,129940,0.389959,0.4,1,85776,85329,447
9453401,2.16133,3.36673,445,129940,0.373992,0.4,1,85778,85333,445
9455681,2.03227,0.673346,447,129940,0.362798,0.46,1,85780,85333,447
9458601,8.40645,10.5347,444,129940,0.42456,0.46,1,85790,85346,444
9461521,4.08129,2.10693,447,129940,0.428912,0.44,1,85793,85346,447
9463381,2.41626,1.22139,448,129940,0.397782,0.36,1,85795,85347,448
9466301,2.08325,3.44428,446,129940,0.391556,0.33,1,85797,85351,446
9468581,6.81665,2.28886,452,129940,0.374311,0.45,1,85805,85353,452
9470241,6.96333,14.0578,442,129940,0.370862,0.43,1,85812,85370,442
9473161,10.9927,10.0116,445,129940,0.410172,0.41,1,85824,85379,445
9475441,11.7985,10.0023,447,129940,0.338034,0.45,1,85836,85389,447
9478361,5.55971,6.00046,446,129940,0.363607,0.51,1,85840,85394,446
9480641,4.31194,3.60009,447,129940,0.312721,0.45,1,85844,85397,447
9483561,5.66239,5.52002,447,129940,0.278544,0.45,1,85850,85403,447
9485221,1.93248,1.104,448,129940,0.311709,0.52,1,85851,85403,448
9488141,1.9865,7.4208,441,129940,0.406342,0.52,1,85853,85412,441
9491061,1.9973,1.48416,443,129940,0.401268,0.52,1,85855,85412,443
9493981,1.99946,0.296832,445,129940,0.400254,0.52,1,85857,85412,445
9496901,1.99989,0.0593664,447,129940,0.400051,0.49,1,85859,85412,447
9498741,5.99998,0.811873,453,129940,0.37601,0.51,1,85866,85413,453
9501661,2.8,7.36237,446,129940,0.427202,0.42,1,85868,85422,446
9503521,6.16,7.07247,446,129940,0.36544,0.51,1,85875,85429,446
9506441,9.232,11.0145,444,129940,0.385088,0.47,1,85885,85441,444
9509141,16.2464,14.2029,447,129940,0.413018,0.33,1,85903,85456,447
9510801,16.0493,17.2406,445,129940,0.378604,0.36,1,85919,85474,445
9513721,4.80986,7.44812,442,129940,0.331721,0.31,1,85921,85479,442
9516421,123.362,3.88962,592,129940,0.298344,0.36,1,86074,85482,592
9518501,31.0724,124.778,445,129940,0.339669,0.35,1,86082,85637,445
9520581,12.6145,31.3556,445,129940,0.355934,0.34,1,86090,85645,445
9523501,4.1229,13.4711,438,129940,0.335187,0.33,1,86092,85654,438
9525781,11.2246,3.49422,450,129940,0.355037,0.27,1,86105,85655,450
9528701,3.84492,11.8988,438,129940,0.327007,0.27,1,86107,85669,438
9531621,2.36898,2.37977,440,129940,0.321401,0.27,1,86109,85669,440
9534541,2.0738,0.475954,442,129940,0.36828,0.27,1,86111,85669,442
9537461,3.61476,0.0951907,446,129940,0.433656,0.23,1,86115,85669,446
9539301,1.52295,1.61904,445,129940,0.454731,0.28,1,86116,85671,445
9542221,1.90459,4.32381,442,129940,0.426946,0.28,1,86118,85676,442
9545141,1.98092,0.864761,444,129940,0.421389,0.45,1,86120,85676,444
9547621,8.39618,5.77295,447,129940,0.444278,0.42,1,86130,85683,447
9549281,8.87924,9.95459,445,129940,0.344856,0.31,1,86139,85694,445
9551361,19.3758,20.3909,444,129940,0.308971,0.35,1,86161,85717,444
9553441,16.6752,16.0782,445,129940,0.341794,0.44,1,86177,85732,445
9556361,4.93503,7.21564,442,129940,0.356359,0.44,1,86179,85737,442
9559281,2.58701,1.44313,444,129940,0.327272,0.43,1,86181,85737,444
9562181,7.7174,2.68863,450,129940,0.393454,0.41,1,86190,85740,450
9564881,8.74348,10.1377,447,128480,0.366691,0.3,1,86199,85752,447
9567801,11.3487,18.8275,438,128480,0.345338,0.3,1,86211,85773,438
9570721,3.86974,3.76551,440,128480,0.349068,0.3,1,86213,85773,440
9573641,2.37395,0.753102,442,128480,0.317814,0.3,1,86215,85773,442
9576321,2.07479,0.15062,444,128480,0.431563,0.37,1,86217,85773,444
9579241,3.61496,4.83012,442,128480,0.398313,0.37,1,86221,85779,442
9582161,2.32299,0.966025,444,128480,0.399663,0.36,1,86223,85779,444
9585061,5.2646,0.993205,449,128480,0.327933,0.44,1,86229,85780,449
9586721,1.85292,8.19864,440,128480,0.337587,0.39,1,86230,85790,440
9589641,5.17058,7.23973,439,128480,0.387517,0.39,1,86236,85797,439
9592561,2.63412,1.44795,441,128480,0.397503,0.39,1,86238,85797,441
9595461,8.52682,0.289589,451,128480,0.447501,0.41,1,86248,85797,451
9598381,3.30536,8.85792,442,128480,0.4575,0.37,1,86250,85808,442
9600661,10.2611,4.97158,450,128480,0.3955,0.42,1,86262,85812,450
9602741,10.8522,10.5943,449,128480,0.4471,0.41,1,86273,85824,449
9605661,4.57044,13.3189,438,128480,0.44142,0.37,1,86276,85838,438
9607941,12.9141,4.26377,451,128480,0.360284,0.32,1,86291,85840,451
9610861,4.18282,9.65275,442,128480,0.360057,0.32,1,86293,85851,442
9613761,2.43656,1.93055,444,128480,0.328011,0.42,1,86295,85851,444
9616681,2.08731,4.38611,441,128480,0.321602,0.42,1,86297,85856,441
9619601,2.01746,0.877222,443,128480,0.33632,0.4,1,86299,85856,443
9622081,2.00349,0.975444,444,128480,0.339264,0.37,1,86301,85857,444
9625001,3.6007,7.39509,439,128480,0.403853,0.37,1,86305,85866,439
9627281,2.32014,1.47902,441,128480,0.384771,0.35,1,86307,85866,441
9630201,9.26403,7.4958,443,128480,0.412954,0.35,1,86318,85875,443
9632481,3.45281,1.49916,445,128480,0.418591,0.39,1,86320,85875,445
9634561,9.49056,8.29983,446,128480,0.331718,0.46,1,86331,85885,446
9636641,13.0981,11.26,448,128480,0.378344,0.45,1,86345,85897,448
9639561,12.2196,16.652,442,128480,0.347669,0.37,1,86357,85915,442
9641221,12.0439,6.5304,450,128480,0.389534,0.35,1,86369,85919,450
9643921,117.609,7.70608,586,128480,0.301907,0.37,1,86513,85927,586
9646841,29.9218,126.341,438,128480,0.252381,0.37,1,86521,86083,438
9649121,16.3844,25.2682,451,128480,0.330476,0.47,1,86534,86083,451
9652041,8.07687,17.8536,441,128480,0.258095,0.36,1,86540,86099,441
9654321,8.81537,8.37073,444,128480,0.299619,0.45,1,86549,86105,444
9657241,6.56307,9.67415,440,128480,0.363924,0.45,1,86555,86115,440
9660161,2.91261,1.93483,442,128480,0.344785,0.45,1,86557,86115,442
9663081,2.18252,0.386966,444,128480,0.308957,0.45,1,86559,86115,444
9664721,1.2365,0.0773932,445,128480,0.317791,0.45,1,86560,86115,445
9667641,6.6473,12.0155,438,128480,0.359558,0.45,1,86568,86130,438
9670561,2.92946,2.4031,440,128480,0.335912,0.45,1,86570,86130,440
9673481,2.18589,0.480619,442,128480,0.299182,0.45,1,86572,86130,442
9676161,2.03718,0.0961238,444,128480,0.411836,0.48,1,86574,86130,444
9679081,7.60744,8.81922,442,128480,0.410367,0.3,1,86583,86141,442
9681781,28.7215,17.7638,456,128480,0.234073,0.35,1,86617,86161,456
9683861,10.5443,16.3528,446,128480,0.358815,0.3,1,86623,86177,446
9686781,3.70886,7.27055,443,128480,0.351763,0.3,1,86625,86182,443
9689681,3.94177,1.45411,447,128480,0.406353,0.35,1,86629,86182,447
9692601,10.3884,16.2908,439,128480,0.369271,0.34,1,86641,86202,439
9695521,10.8777,10.4582,441,128480,0.433854,0.34,1,86652,86211,441
9697381,6.97553,2.09163,447,128480,0.358771,0.41,1,86658,86211,447
9700301,3.79511,7.61833,441,128480,0.295754,0.41,1,86661,86220,441
9703221,2.35902,1.52367,443,128480,0.291151,0.41,1,86663,86220,443
9706141,2.0718,0.304733,445,128480,0.25823,0.39,1,86665,86220,445
9708821,5.21436,0.860947,450,128480,0.339646,0.48,1,86671,86221,450
9711741,2.64287,8.97219,441,128480,0.363929,0.48,1,86673,86232,441
9714661,2.12857,1.79444,443,128480,0.336786,0.4,1,86675,86232,443
9717581,5.22572,3.55889,445,128480,0.403357,0.4,1,86681,86236,445
9719221,1.84514,0.711777,446,128480,0.448671,0.42,1,86682,86236,446
9722141,6.76903,2.54236,451,128480,0.377734,0.46,1,86690,86239,451
9724421,3.75381,7.70847,445,128480,0.435547,0.46,1,86693,86248,445
9727341,11.1508,4.74169,454,128480,0.423109,0.38,1,86706,86252,454
9730261,7.03015,8.94834,450,128480,0.460622,0.44,1,86712,86262,450
9732741,11.806,12.9897,449,128480,0.404124,0.34,1,86725,86276,449
9735661,6.36121,14.5979,439,128480,0.368825,0.36,1,86730,86291,439
9737941,6.07224,4.51959,443,128480,0.337765,0.36,1,86736,86293,443
9740861,2.81445,8.10392,436,128480,0.331553,0.36,1,86738,86302,436
9743781,2.16289,1.62078,438,128480,0.402311,0.36,1,86740,86302,438
9746701,2.03258,0.324157,440,128480,0.408462,0.36,1,86742,86302,440
9749621,2.00652,0.0648313,442,128480,0.393692,0.42,1,86744,86302,442
9752541,3.6013,2.41297,443,128480,0.358738,0.42,1,86748,86305,443
9754581,5.52026,0.482593,449,128480,0.423748,0.42,1,86754,86305,449
9757501,2.70405,10.4965,438,128480,0.40475,0.42,1,86756,86318,438
9759781,11.7408,2.0993,452,128480,0.40895,0.31,1,86770,86318,452
9762701,5.54816,10.8199,443,128480,0.34579,0.39,1,86774,86331,443
9765621,19.5096,13.364,452,128480,0.365158,0.34,1,86797,86345,452
9767681,5.50193,12.2728,442,128480,0.337032,0.4,1,86799,86357,442
9770601,118.7,12.0546,577,128480,0.275406,0.28,1,86946,86369,577
9773301,34.9401,117.611,447,128480,0.359081,0.26,1,86960,86513,447
9776221,18.188,30.7222,452,128480,0.303816,0.35,1,86974,86522,452
9778501,5.2376,15.7444,442,128480,0.260763,0.22,1,86976,86534,442
9781421,9.04752,8.74889,445,128480,0.316153,0.31,1,86986,86541,445
9783701,13.0095,8.14978,451,128480,0.431231,0.28,1,87000,86549,451
9786621,5.0019,12.03,441,128480,0.398246,0.28,1,87003,86562,441
9789541,2.60038,2.40599,443,128480,0.351649,0.28,1,87005,86562,443
9792461,2.12008,0.481198,445,128480,0.30233,0.37,1,87007,86562,445
9795381,5.22402,4.89624,445,128480,0.364466,0.37,1,87013,86568,445
9797221,1.8448,0.979248,446,128480,0.360893,0.46,1,87014,86568,446
9800141,1.96896,5.79585,441,128480,0.336179,0.46,1,87016,86575,441
9803061,1.99379,1.15917,443,128480,0.347236,0.46,1,87018,86575,443
9805981,3.59876,0.231834,447,128480,0.349447,0.41,1,87022,86575,447
9808661,31.1198,6.44637,477,128480,0.405889,0.19,1,87060,86583,477
9810741,7.82395,28.4893,445,128480,0.385178,0.35,1,87062,86617,445
9813661,3.16479,12.0979,439,128480,0.397036,0.35,1,87064,86625,439
9815941,7.83296,2.41957,448,128480,0.399407,0.38,1,87073,86625,448
9818861,6.36659,5.28391,448,128480,0.335881,0.36,1,87079,86631,448
9820721,2.87332,9.05678,440,128480,0.291176,0.45,1,87081,86641,440
9822801,5.37466,10.6114,435,128480,0.354235,0.28,1,87087,86652,435
9825721,11.4749,9.32227,439,128480,0.374847,0.28,1,87100,86661,439
9828001,3.89499,1.86445,441,128480,0.346969,0.37,1,87102,86661,441
9830921,7.179,7.57289,440,128480,0.389394,0.37,1,87110,86670,440
9833841,3.0358,1.51458,442,128480,0.389879,0.36,1,87112,86670,442
9836321,3.00716,1.10292,444,128480,0.349976,0.46,1,87115,86671,444
9839241,6.20143,9.02058,440,128480,0.285995,0.46,1,87122,86682,440
9842161,2.84029,1.80412,442,128480,0.313199,0.46,1,87124,86682,442
9845081,2.16806,0.360823,444,128480,0.31064,0.46,1,87126,86682,444
9848001,6.83361,0.0721647,452,128480,0.262128,0.36,1,87134,86682,452
9849841,2.16672,6.41443,445,128480,0.260426,0.46,1,87135,86690,445
9852761,5.23334,8.48289,442,128480,0.276085,0.42,1,87141,86699,442
9855041,8.24667,7.29658,444,128480,0.351217,0.49,1,87150,86706,444
9857961,7.24933,9.45932,441,128480,0.358243,0.39,1,87157,86716,441
9860881,6.24987,9.09186,438,128480,0.319649,0.36,1,87163,86725,438
9862741,9.24997,5.81837,443,128480,0.35993,0.33,1,87173,86730,443
9865661,3.44999,5.96367,439,128480,0.335986,0.33,1,87175,86736,439
9867941,3.09,2.79273,440,128480,0.379197,0.41,1,87178,86738,440
9870861,3.818,3.75855,440,128480,0.323839,0.41,1,87182,86742,440
9873781,3.9636,0.751709,444,128480,0.368768,0.41,1,87186,86742,444
9876261,3.99272,0.150342,448,128480,0.321754,0.34,1,87190,86742,448
9879181,2.39854,5.63007,443,128480,0.280351,0.34,1,87192,86749,443
9882101,5.27971,1.12601,449,128480,0.23207,0.4,1,87198,86749,449
9884581,4.25594,5.8252,446,128480,0.334414,0.41,1,87202,86756,446
9887501,4.05119,12.365,436,128480,0.338883,0.33,1,87206,86770,436
9889781,12.0102,5.67301,446,128480,0.299777,0.37,1,87220,86774,446
9892701,15.202,19.5346,439,128480,0.331955,0.37,1,87236,86797,439
9894981,7.04041,3.90692,444,128480,0.258391,0.26,1,87241,86797,444
9897901,118.208,119.981,441,128480,0.211678,0.26,1,87387,86946,441
9900181,32.4416,23.9963,452,128480,0.282336,0.38,1,87398,86946,452
9902261,17.6883,15.9993,452,128480,0.240467,0.29,1,87412,86960,452
9903921,4.33766,14.3999,439,128480,0.216093,0.37,1,87413,86974,439
9906841,7.26753,10.88,437,128480,0.243219,0.33,1,87421,86984,437
9909121,3.85351,3.77599,438,128480,0.304644,0.46,1,87424,86986,438
9912041,14.3707,11.9552,441,128480,0.268929,0.39,1,87441,87000,441
9913701,10.0741,4.79104,447,128480,0.261786,0.38,1,87450,87003,447
9916621,3.61483,8.95821,439,128480,0.268357,0.38,1,87452,87013,439
9919541,2.32297,1.79164,441,128480,0.269671,0.38,1,87454,87013,441
9922461,2.06459,0.358328,443,128480,0.245934,0.38,1,87456,87013,443
9924101,2.81292,0.0716657,446,128480,0.345187,0.39,1,87459,87013,446
9927021,2.16258,12.0143,433,128480,0.373037,0.39,1,87461,87028,433
9929941,2.03252,2.40287,435,128480,0.346607,0.39,1,87463,87028,435
9932861,2.0065,0.480573,437,128480,0.389321,0.39,1,87465,87028,437
9935781,26.0013,0.0961146,469,128480,0.309864,0.42,1,87497,87028,469
9937621,15.6003,25.6192,450,128480,0.317973,0.36,1,87510,87060,450
9940541,5.52005,17.1238,438,128480,0.263595,0.36,1,87513,87075,438
9943461,2.70401,3.42477,440,128480,0.252719,0.32,1,87515,87075,440
9946381,3.7408,3.88495,440,128480,0.274544,0.32,1,87519,87079,440
9948021,1.54816,0.776991,441,128480,0.262909,0.37,1,87520,87079,441
9950941,5.10963,6.5554,439,128480,0.236582,0.38,1,87526,87087,439
9953841,13.8219,11.7111,442,128480,0.247316,0.39,1,87542,87100,442
9956761,7.56439,11.9422,436,128480,0.201463,0.39,1,87548,87112,436
9959681,3.11288,2.38844,438,128480,0.192293,0.39,1,87550,87112,438
9962581,3.82258,0.477689,442,128480,0.310459,0.34,1,87554,87112,442
9965501,2.36452,8.89554,433,128480,0.334092,0.34,1,87556,87123,433
9968421,2.0729,1.77911,435,128480,0.338818,0.32,1,87558,87123,435
9970901,12.4146,1.15582,449,128480,0.259764,0.22,1,87573,87124,449
9973821,4.88292,10.6312,439,128480,0.195953,0.22,1,87576,87137,439
9976741,2.57658,2.12623,441,128480,0.183191,0.22,1,87578,87137,441
9979661,2.91532,0.425247,444,128480,0.196638,0.28,1,87581,87137,444
9982341,6.18306,3.28505,447,128480,0.287328,0.36,1,87588,87141,447
9985261,8.43661,13.457,440,128480,0.305466,0.36,1,87597,87157,440
9987541,7.28732,2.6914,447,128480,0.309093,0.4,1,87604,87157,447
9990461,6.25746,6.93828,445,128480,0.293819,0.33,1,87610,87165,445
9992741,10.8515,9.38766,447,128480,0.314764,0.33,1,87622,87175,447
9995661,4.5703,13.0775,436,128480,0.286953,0.33,1,87625,87189,436
9998581,2.51406,2.61551,438,128480,0.273391,0.33,1,87627,87189,438
10001501,2.10281,0.523101,440,128480,0.238678,0.31,1,87629,87189,440
10004421,2.02056,0.90462,441,128480,0.191736,0.27,1,87631,87190,441
10006261,4.40411,1.78092,444,128480,0.302347,0.38,1,87636,87192,444
10009181,2.48082,5.95618,439,128480,0.284469,0.36,1,87638,87199,439
10012101,3.69616,3.59124,440,128480,0.224894,0.34,1,87642,87202,440
10014581,2.33923,3.91825,438,128480,0.324979,0.29,1,87644,87206,438
10017501,8.46785,11.9836,434,128480,0.304996,0.34,1,87654,87220,434
10020401,17.6936,15.1967,438,128480,0.332999,0.36,1,87674,87236,438
10023321,9.93871,8.63935,439,128480,0.2026,0.2,1,87682,87243,439
10025601,114.788,116.928,436,128480,0.25652,0.26,1,87823,87387,436
10028521,31.7575,33.7856,434,128480,0.299304,0.23,1,87834,87400,434
10030801,15.1515,16.3571,433,128480,0.179861,0.32,1,87845,87412,433
10033721,12.6303,12.8714,433,128480,0.171972,0.32,1,87857,87424,433
10036641,4.12606,2.57428,435,128480,0.154394,0.32,1,87859,87424,435
10038501,13.6252,0.514857,451,128480,0.158879,0.26,1,87875,87424,451
10040161,3.52504,13.703,435,128480,0.151776,0.27,1,87876,87441,435
10043081,12.705,13.1406,437,128480,0.198355,0.27,1,87891,87454,437
10046001,4.141,2.62812,439,128480,0.247671,0.27,1,87893,87454,439
10048901,4.0282,0.525624,443,128480,0.209534,0.35,1,87897,87454,443
10051821,2.40564,10.5051,432,128480,0.161907,0.35,1,87899,87467,432
10054741,2.08113,2.10102,434,128480,0.144381,0.35,1,87901,87467,434
10057661,2.01623,0.420205,436,128480,0.148876,0.35,1,87903,87467,436
10060581,2.00325,0.084041,438,128480,0.117775,0.29,1,87905,87467,438
10063041,24.4006,24.0168,438,128480,0.087555,0.32,1,87935,87497,438
10065961,12.8801,15.2034,435,128480,0.249511,0.25,1,87945,87510,435
10067621,8.97603,5.44067,440,128480,0.321902,0.32,1,87953,87513,440
10070541,4.19521,4.28813,439,128480,0.32838,0.28,1,87956,87517,439
10073461,2.43904,2.45763,439,128480,0.321676,0.28,1,87958,87519,439
10075941,6.88781,0.491525,447,128480,0.272335,0.33,1,87966,87519,447
10078861,2.97756,10.4983,436,128480,0.238467,0.25,1,87968,87532,436
10081761,10.9955,10.0997,439,128480,0.199693,0.19,1,87981,87542,439
10084681,6.9991,8.41993,437,128480,0.175939,0.19,1,87987,87550,437
10086961,2.99982,1.68399,439,128480,0.155188,0.32,1,87989,87550,439
10089881,2.19996,7.5368,432,128480,0.271038,0.32,1,87991,87559,432
10092801,2.03999,1.50736,434,128480,0.310207,0.32,1,87993,87559,434
10095721,2.008,0.301472,436,128480,0.318042,0.24,1,87995,87559,436
10098641,10.0016,11.2603,434,128480,0.279608,0.18,1,88007,87573,434
10100901,10.0003,4.65206,441,128480,0.271922,0.34,1,88017,87576,441
10103821,3.60006,7.33041,435,128480,0.278384,0.34,1,88019,87584,435
10106741,2.32001,1.46608,437,128480,0.239677,0.31,1,88021,87584,437
10109661,5.264,3.49322,439,128480,0.239935,0.31,1,88027,87588,439
10111301,5.0528,0.698643,444,128480,0.311987,0.31,1,88032,87588,444
10112961,1.81056,7.33973,436,128480,0.302397,0.31,1,88033,87597,436
10115881,8.36211,7.06795,439,128480,0.324479,0.29,1,88043,87604,439
10117541,7.27242,6.21359,440,128480,0.304896,0.32,1,88050,87610,440
10120461,9.45448,10.8427,438,128480,0.308979,0.28,1,88060,87622,438
10122741,5.8909,4.56854,440,128480,0.253796,0.34,1,88065,87625,440
10125661,3.57818,7.31371,435,128480,0.266759,0.34,1,88068,87633,435
10128581,2.31564,1.46274,437,128480,0.237352,0.34,1,88070,87633,437
10131501,2.06313,0.292548,439,128480,0.22347,0.33,1,88072,87633,439
10134421,3.61263,2.45851,440,128480,0.252694,0.28,1,88076,87636,440
10136261,3.12253,2.0917,441,128480,0.242539,0.39,1,88079,87638,441
10139181,2.22451,6.81834,435,128480,0.208508,0.39,1,88081,87646,435
10142101,2.0449,1.36367,437,128480,0.177702,0.3,1,88083,87646,437
10145021,3.60898,6.67273,433,128480,0.29954,0.3,1,88087,87654,433
10146661,12.7218,1.33455,448,128480,0.243908,0.34,1,88102,87654,448
10148321,3.34436,16.2669,429,128480,0.216782,0.17,1,88103,87674,429
10151241,11.0689,9.65338,434,128480,0.211356,0.17,1,88116,87682,434
10152901,115.014,1.93068,575,128480,0.322271,0.27,1,88257,87682,575
10154981,26.2028,113.186,438,128480,0.288454,0.31,1,88261,87823,438
10156641,6.04055,31.4372,428,128480,0.305691,0.25,1,88262,87834,428
10159561,20.4081,16.6874,439,128480,0.309138,0.17,1,88286,87847,439
10161841,6.48162,11.3375,432,128480,0.325828,0.29,1,88289,87857,432
10164761,10.8963,11.8675,432,128480,0.345166,0.16,1,88301,87869,432
10167041,3.77926,7.1735,428,128480,0.317033,0.21,1,88303,87875,428
10169961,13.5559,14.2347,428,128480,0.287407,0.21,1,88319,87891,428
10172661,11.5112,2.84694,439,128480,0.337481,0.17,1,88330,87891,439
10175581,3.90223,6.16939,434,128480,0.323496,0.17,1,88332,87898,434
10178501,2.38045,1.23388,436,128480,0.288699,0.15,1,88334,87898,436
10180981,2.07609,1.04678,437,128480,0.35374,0.13,1,88336,87899,437
10183901,2.01522,4.20936,434,128480,0.334748,0.13,1,88338,87904,434
10186821,2.00304,0.841871,436,128480,0.30695,0.11,1,88340,87904,436
10189301,24.4006,0.968374,465,128480,0.35739,0.08,1,88370,87905,465
10190961,5.68012,24.1937,436,128480,0.351478,0.29,1,88371,87935,436
10193881,9.13602,12.8387,436,128480,0.334296,0.29,1,88381,87945,436
10195541,5.8272,2.56775,441,128480,0.290859,0.33,1,88386,87945,441
10197621,9.16544,9.31355,440,128480,0.386172,0.26,1,88396,87956,440
10200541,3.43309,9.86271,432,128480,0.365234,0.26,1,88398,87966,432
10203461,2.28662,1.97254,434,128480,0.361047,0.23,1,88400,87966,434
10205941,6.05732,1.99451,439,128480,0.336209,0.19,1,88407,87968,439
10208861,10.0115,10.7989,437,128480,0.331242,0.19,1,88418,87981,437
10211141,6.80229,2.15978,443,128480,0.298248,0.32,1,88424,87981,443
10214061,2.96046,10.032,433,128480,0.33165,0.32,1,88426,87993,433
10216981,2.19209,2.00639,435,128480,0.30633,0.32,1,88428,87993,435
10219901,2.03842,0.401278,437,128480,0.325266,0.32,1,88430,87993,437
10221541,4.40768,0.0802556,442,128480,0.409053,0.36,1,88435,87993,442
10224461,5.68154,8.01605,438,128480,0.425811,0.27,1,88441,88003,438
10226321,1.93631,4.80321,435,128480,0.413162,0.23,1,88442,88007,435
10229241,10.7873,12.1606,434,128480,0.418632,0.23,1,88455,88021,434
10232161,3.75745,2.43213,436,128480,0.387726,0.23,1,88457,88021,436
10234641,2.35149,0.486426,438,128480,0.349545,0.25,1,88459,88021,438
10237561,6.8703,7.29729,437,128480,0.365909,0.33,1,88467,88030,437
10239841,4.57406,3.05946,439,128480,0.305182,0.35,1,88471,88032,439
10242761,7.31481,11.0119,434,128480,0.389036,0.35,1,88479,88045,434
10245681,7.86296,2.20238,442,128480,0.397807,0.31,1,88487,88045,442
10248161,7.17259,12.4405,434,128480,0.383561,0.29,1,88494,88060,434
10251081,11.0345,13.6881,432,128480,0.244712,0.29,1,88506,88074,432
10254001,3.8069,2.73762,434,128480,0.368942,0.29,1,88508,88074,434
10256921,2.36138,0.547524,436,128480,0.401788,0.29,1,88510,88074,436
10259841,2.07228,0.109505,438,128480,0.376358,0.26,1,88512,88074,438
10261681,1.21446,1.6219,437,128480,0.379272,0.2,1,88513,88076,437
10264601,3.44289,4.32438,436,128480,0.395854,0.2,1,88517,88081,436
10266881,2.28858,0.864876,438,128480,0.375171,0.31,1,88519,88081,438
10269801,2.05772,7.37298,431,128480,0.395034,0.31,1,88521,88090,431
10272721,2.01154,1.4746,433,128480,0.367007,0.23,1,88523,88090,433
10275201,10.0023,9.89492,433,128480,0.417401,0.29,1,88535,88102,433
10278121,13.2005,6.77898,441,128480,0.27548,0.21,1,88549,88108,441
10280821,117.04,7.7558,576,128480,0.287096,0.28,1,88692,88116,576
10282901,34.608,117.551,445,128480,0.369419,0.3,1,88706,88261,445
10285821,17.3216,29.1102,451,128480,0.329884,0.31,1,88719,88268,451
10287681,5.06432,20.222,435,128480,0.289977,0.43,1,88721,88286,435
10290601,15.4129,12.8444,442,128480,0.289995,0.35,1,88739,88297,442
10292881,4.68257,5.76888,440,128480,0.289999,0.33,1,88741,88301,440
10295801,13.7365,12.3538,442,128480,0.354,0.28,1,88757,88315,442
10298081,4.3473,5.67076,440,128480,0.3348,0.35,1,88759,88319,440
10300161,8.06946,9.93415,438,128480,0.40296,0.31,1,88768,88330,438
10303081,8.81389,9.18683,438,128480,0.352592,0.31,1,88777,88339,438
10306001,3.36278,1.83737,440,128480,0.446518,0.31,1,88779,88339,440
10308921,2.27256,0.367473,442,128480,0.457304,0.31,1,88781,88339,442
10311841,2.05451,0.0734946,444,128480,0.427461,0.3,1,88783,88339,444
10314721,2.0109,0.814699,445,128480,0.389492,0.37,1,88785,88340,445
10317641,17.2022,24.1629,436,128480,0.381898,0.35,1,88806,88370,436
10319301,5.84044,5.63259,438,128480,0.34838,0.33,1,88809,88371,438
10322001,9.96809,9.12652,439,128480,0.429676,0.45,1,88820,88381,439
10324921,13.1936,12.2253,440,128480,0.317935,0.36,1,88834,88394,440
10327621,9.03872,5.64506,444,128480,0.399587,0.33,1,88842,88398,444
10330541,3.40774,8.32901,437,128480,0.487917,0.33,1,88844,88407,437
10333461,2.28155,1.6658,439,128480,0.513583,0.33,1,88846,88407,439
10336381,8.45631,9.13316,438,128480,0.398717,0.33,1,88856,88418,438
10338021,10.4913,1.82663,449,128480,0.375743,0.3,1,88867,88418,449
10340941,3.69825,8.36533,441,128480,0.331149,0.3,1,88869,88428,441
10343861,2.33965,1.67307,443,128480,0.44223,0.3,1,88871,88428,443
10346341,7.66793,0.334613,452,128480,0.472446,0.45,1,88880,88428,452
10349261,3.93359,12.8669,439,128480,0.486489,0.45,1,88883,88444,439
10352181,2.38672,2.57338,441,128480,0.489298,0.45,1,88885,88444,441
10355101,8.47734,0.514677,451,128480,0.48186,0.42,1,88895,88444,451
10357361,3.29547,8.90294,442,128480,0.456372,0.38,1,88897,88455,442
10360281,7.05909,8.98059,441,128480,0.403274,0.38,1,88905,88464,441
10363201,4.61182,1.79612,445,128480,0.384655,0.37,1,88909,88464,445
10365681,2.52236,2.75922,444,128480,0.404931,0.45,1,88911,88467,444
10368601,7.70447,8.55184,443,128480,0.504986,0.41,1,88920,88477,443
10370881,3.94089,3.31037,444,128480,0.468997,0.4,1,88923,88479,444
10372961,3.98818,7.06207,440,128480,0.493799,0.38,1,88927,88487,440
10375881,9.59764,9.41241,441,128480,0.53076,0.21,1,88938,88497,441
10378801,8.31953,9.08248,440,128480,0.490152,0.21,1,88946,88506,440
10380661,5.66391,1.8165,445,128480,0.56203,0.38,1,88951,88506,445
10383581,2.73278,5.9633,440,128480,0.584406,0.38,1,88953,88513,440
10386501,2.14656,1.19266,442,128480,0.556881,0.38,1,88955,88513,442
10389421,2.02931,0.238532,444,128480,0.543376,0.4,1,88957,88513,444
10392101,3.60586,3.24771,444,128480,0.500675,0.36,1,88961,88517,444
10395021,2.32117,5.44954,440,128480,0.484135,0.36,1,88963,88523,440
10397941,2.06423,1.08991,442,128480,0.448827,0.36,1,88965,88523,442
10400001,2.01285,0.217982,444,128480,0.409765,0.43,1,88967,88523,444
10402921,2.00257,9.6436,434,128480,0.425953,0.43,1,88969,88535,434
10404581,15.6005,1.92872,453,128480,0.429191,0.24,1,88988,88535,453
10406241,3.9201,11.5857,440,128480,0.421838,0.29,1,88989,88549,440
10408321,117.584,116.717,443,128480,0.428368,0.39,1,89135,88692,443
10411241,33.1168,34.5434,441,128480,0.445674,0.32,1,89147,88706,441
10413521,16.2234,17.3087,440,128480,0.433135,0.37,1,89159,88719,440
10416441,16.8447,10.6617,448,128480,0.414627,0.29,1,89176,88728,448
10418721,4.96893,10.9323,439,128480,0.410925,0.41,1,89178,88739,439
10421641,17.7938,11.7865,448,128480,0.458185,0.37,1,89199,88751,448
10423921,5.15876,7.15729,444,128480,0.491637,0.42,1,89201,88757,444
10426841,7.43175,10.2315,441,128480,0.394327,0.42,1,89209,88768,441
10429761,7.88635,2.04629,449,128480,0.454865,0.34,1,89217,88768,449
10432661,11.1773,7.60926,452,128480,0.378973,0.38,1,89229,88777,452
10435581,3.83545,14.3219,438,128480,0.331795,0.38,1,89231,88793,438
10438501,2.36709,2.86437,440,128480,0.298359,0.38,1,89233,88793,440
10441421,2.07342,0.572874,442,128480,0.419672,0.38,1,89235,88793,442
10444341,12.4147,0.114575,457,128480,0.451934,0.38,1,89250,88793,457
10447221,6.48294,10.4229,449,128480,0.370387,0.45,1,89255,88806,449
10449921,5.29659,13.2846,440,128480,0.474077,0.29,1,89260,88820,440
10452841,18.6593,13.8569,448,128480,0.486815,0.29,1,89282,88834,448
10454501,4.53186,2.77138,449,128480,0.473363,0.42,1,89283,88834,449
10456581,6.50637,6.95428,448,128480,0.438673,0.48,1,89290,88842,448
10459501,2.90127,6.19086,444,128480,0.391735,0.48,1,89292,88848,444
10462421,2.18025,1.23817,446,128480,0.502347,0.37,1,89294,88848,446
10464481,2.03605,6.64763,440,128480,0.492469,0.37,1,89296,88856,440
10466561,16.4072,10.1295,449,128480,0.458494,0.48,1,89316,88867,449
10469481,4.88144,4.42591,448,128480,0.419699,0.47,1,89318,88870,448
10471761,2.57629,1.68518,449,128480,0.41194,0.48,1,89320,88871,449
10474681,6.91526,7.53704,448,128480,0.394388,0.49,1,89328,88880,448
10476341,3.78305,3.90741,448,128480,0.350878,0.5,1,89331,88883,448
10479261,2.35661,3.98148,446,128480,0.414176,0.48,1,89333,88887,446
10482181,3.67132,7.1963,442,128480,0.434835,0.48,1,89337,88895,442
10484661,3.93426,1.43926,446,128480,0.478967,0.39,1,89341,88895,446
10487581,7.18685,8.28785,444,128480,0.479793,0.39,1,89349,88905,444
10489861,8.63737,1.65757,453,128480,0.431959,0.38,1,89358,88905,453
10491941,5.72747,3.53151,454,128480,0.390392,0.48,1,89363,88909,454
10494861,5.14549,5.5063,453,128480,0.382078,0.53,1,89368,88915,453
10496721,1.8291,5.10126,449,128480,0.396416,0.54,1,89369,88920,449
10499641,5.16582,5.02025,450,128480,0.391283,0.5,1,89375,88925,450
10502561,9.03316,2.60405,458,128480,0.430257,0.54,1,89385,88927,458
10505461,9.80663,9.32081,457,128480,0.326051,0.53,1,89395,88938,457
10508381,3.56133,9.06416,450,128480,0.26521,0.59,1,89397,88947,450
10510661,7.11227,6.61283,452,128480,0.397042,0.49,1,89405,88953,452
10513581,3.02245,7.72257,446,128480,0.415408,0.49,1,89407,88961,446
10516501,2.20449,1.54451,448,128480,0.387082,0.49,1,89409,88961,448
10519421,2.0409,0.308903,450,128480,0.357416,0.49,1,89411,88961,450
10521061,1.20818,0.0617805,451,128480,0.335483,0.42,1,89412,88961,451
10523981,1.84164,4.01236,448,128480,0.331097,0.42,1,89414,88966,448
10526901,1.96833,0.802471,450,128480,0.426219,0.4,1,89416,88966,450
10528961,1.99367,0.960494,451,128480,0.437244,0.57,1,89418,88967,451
10531881,13.1987,10.5921,454,128480,0.399449,0.42,1,89434,88980,454
10534581,5.03975,9.31842,448,128480,0.35189,0.43,1,89437,88989,448
10537501,121.008,118.664,452,128480,0.302378,0.45,1,89587,89135,452
10539361,25.8016,33.3327,442,128480,0.348476,0.43,1,89589,89147,442
10541441,15.5603,16.2665,443,128480,0.325695,0.41,1,89602,89159,443
10544361,16.7121,16.8533,443,128480,0.417139,0.41,1,89619,89176,443
10546021,4.14241,3.37066,444,128480,0.419428,0.47,1,89620,89176,444
10548941,16.8285,19.0741,441,128480,0.275886,0.47,1,89640,89199,441
10551221,13.7657,3.81483,454,128480,0.295177,0.37,1,89653,89199,454
10554141,4.35314,8.76297,446,128480,0.363035,0.37,1,89655,89209,446
10556421,2.47063,1.75259,448,128480,0.344607,0.45,1,89657,89209,448
10559341,14.0941,7.55052,456,128480,0.292921,0.36,1,89674,89218,456
10561621,6.01883,10.3101,449,127020,0.330584,0.45,1,89678,89229,449
10564541,2.80376,8.46202,443,127020,0.354117,0.45,1,89680,89237,443
10567461,2.16075,1.6924,445,127020,0.350823,0.45,1,89682,89237,445
10570381,11.6322,0.338481,459,127020,0.366165,0.46,1,89696,89237,459
10573061,5.52643,10.4677,450,127020,0.361233,0.35,1,89700,89250,450
10574721,1.90529,6.09354,446,127020,0.344247,0.5,1,89701,89255,446
10577641,1.98106,5.21871,443,127020,0.308849,0.5,1,89703,89260,443
10579301,14.7962,1.04374,461,127020,0.34177,0.49,1,89721,89260,461
10580961,3.75924,17.8087,440,127020,0.332354,0.41,1,89722,89282,440
10583881,10.3518,10.7617,443,127020,0.426471,0.38,1,89734,89291,443
10586801,6.87037,2.95235,448,127020,0.349294,0.38,1,89740,89292,448
10588661,2.17407,0.59047,449,127020,0.317859,0.42,1,89741,89292,449
10591581,2.03481,6.51809,443,127020,0.279572,0.45,1,89743,89300,443
10594501,12.407,14.1036,442,127020,0.335914,0.41,1,89758,89316,442
10596981,12.0814,4.42072,452,127020,0.379183,0.39,1,89770,89318,452
10599901,4.01628,8.88414,444,127020,0.411837,0.39,1,89772,89328,444
10602801,2.40326,1.77683,446,127020,0.386367,0.34,1,89774,89328,446
10604881,3.68065,2.75537,447,127020,0.389273,0.44,1,89778,89331,447
10607801,3.93613,5.35107,445,127020,0.445855,0.44,1,89782,89337,445
10610081,2.38723,1.07021,447,127020,0.449171,0.48,1,89784,89337,447
10613001,5.27745,6.61404,445,127020,0.449834,0.48,1,89790,89345,445
10615281,4.25549,4.52281,445,127020,0.449967,0.42,1,89794,89349,445
10618201,9.6511,10.5046,444,127020,0.417993,0.38,1,89805,89361,444
10620481,6.73022,3.70091,448,127020,0.387599,0.42,1,89811,89363,448
10623401,4.54604,7.94018,443,127020,0.31752,0.42,1,89815,89372,443
10626321,4.10921,1.58804,447,127020,0.367504,0.39,1,89819,89372,447
10629221,2.42184,2.71761,446,127020,0.401501,0.42,1,89821,89375,446
10632141,14.0844,10.9435,450,127020,0.3763,0.3,1,89838,89388,450
10634421,4.41687,7.7887,445,127020,0.37926,0.45,1,89840,89395,445
10637341,4.88337,7.15774,443,127020,0.355852,0.43,1,89845,89402,443
10640261,4.97667,3.83155,445,127020,0.41517,0.42,1,89850,89405,445
10642741,2.59533,2.36631,445,127020,0.403034,0.44,1,89852,89407,445
10645661,2.11907,9.27326,436,127020,0.416607,0.44,1,89854,89418,436
10648581,2.02381,1.85465,438,127020,0.419321,0.44,1,89856,89418,438
10651501,2.00476,0.37093,440,127020,0.387864,0.44,1,89858,89418,440
10654421,2.00095,0.0741861,442,127020,0.373573,0.44,1,89860,89418,442
10657341,2.00019,0.0148372,444,127020,0.370715,0.39,1,89862,89418,444
10660001,3.60004,12.803,432,127020,0.322143,0.28,1,89866,89434,432
10662921,13.52,7.36059,442,127020,0.368429,0.29,1,89882,89440,442
10665201,117.904,119.072,439,127020,0.289686,0.35,1,90026,89587,439
10668121,37.9808,32.6144,446,127020,0.305937,0.32,1,90044,89598,446
10671041,16.3962,9.72288,453,127020,0.309187,0.44,1,90055,89602,453
10673941,9.67923,15.5446,444,127020,0.245837,0.24,1,90063,89619,444
10676641,14.7358,19.9089,439,127020,0.297168,0.3,1,90079,89640,439
10679561,12.5472,14.3818,438,127020,0.371433,0.38,1,90091,89653,438
10681221,9.70943,4.47636,445,127020,0.362287,0.31,1,90100,89655,445
10684141,3.54189,8.09527,438,127020,0.360457,0.28,1,90102,89664,438
10687041,10.3084,9.61905,440,127020,0.304091,0.35,1,90114,89674,440
10689961,8.46168,10.7238,437,127020,0.404818,0.35,1,90122,89685,437
10692881,3.29234,2.14476,439,127020,0.424964,0.35,1,90124,89685,439
10695801,7.05847,0.428952,447,127020,0.340993,0.37,1,90132,89685,447
10698481,10.2117,8.88579,447,127020,0.412199,0.31,1,90143,89696,447
10701401,5.24234,10.5772,440,127020,0.37044,0.31,1,90147,89707,440
10704321,2.64847,2.11543,442,127020,0.330088,0.35,1,90149,89707,442
10707241,14.1297,11.6231,445,127020,0.330018,0.33,1,90166,89721,445
10709301,6.02594,3.12462,448,127020,0.266004,0.45,1,90170,89722,448
10712001,7.60519,10.2249,444,127020,0.365201,0.37,1,90178,89734,444
10714921,9.52104,13.245,440,127020,0.35304,0.37,1,90188,89748,440
10717841,3.50421,2.649,442,127020,0.350608,0.35,1,90190,89748,442
10720761,3.90084,8.5298,436,127020,0.318122,0.39,1,90194,89758,436
10723681,16.7802,11.306,444,127020,0.351624,0.42,1,90214,89770,444
10725521,5.75603,3.86119,445,127020,0.342325,0.41,1,90217,89772,445
10728441,2.75121,3.17224,444,127020,0.404465,0.39,1,90219,89775,444
10731361,3.75024,3.03445,445,127020,0.392893,0.46,1,90223,89778,445
10733841,3.95005,3.80689,445,127020,0.358579,0.45,1,90227,89782,445
10736761,2.39001,2.36138,445,127020,0.327716,0.45,1,90229,89784,445
10739461,5.278,5.27228,445,127020,0.321543,0.45,1,90235,89790,445
10742381,6.6556,4.25446,448,127020,0.400309,0.41,1,90242,89794,448
10745301,10.1311,9.65089,448,127020,0.400062,0.38,1,90253,89805,448
10748221,5.22622,6.73018,446,127020,0.368012,0.3,1,90257,89811,446
10749861,3.44524,4.54604,445,127020,0.385602,0.41,1,90260,89815,445
10752781,2.28905,5.70921,441,127020,0.34912,0.41,1,90262,89821,441
10755701,2.05781,1.14184,443,127020,0.373824,0.37,1,90264,89821,443
10758621,10.0116,13.8284,438,127020,0.362765,0.38,1,90276,89838,438
10761301,8.40231,4.36567,444,127020,0.336553,0.35,1,90284,89840,444
10764221,4.88046,4.87313,443,127020,0.339311,0.43,1,90288,89845,443
10767141,4.17609,4.97463,442,127020,0.371862,0.4,1,90292,89850,442
10769621,5.63522,2.59493,446,127020,0.418372,0.33,1,90298,89852,446
10772541,2.72704,10.919,435,127020,0.419674,0.33,1,90300,89865,435
10775461,2.14541,2.1838,437,127020,0.403935,0.33,1,90302,89865,437
10778381,2.02908,0.436759,439,127020,0.424787,0.33,1,90304,89865,439
10781301,2.00582,0.0873519,441,127020,0.396957,0.33,1,90306,89865,441
10784221,2.00116,0.0174704,443,127020,0.391391,0.31,1,90308,89865,443
10787141,13.2002,0.803494,458,127020,0.294278,0.38,1,90324,89866,458
10790061,116.24,12.9607,584,127020,0.266856,0.27,1,90466,89882,584
10792981,36.048,117.792,456,127020,0.325371,0.31,1,90482,90026,456
10795901,18.4096,37.9584,452,127020,0.305074,0.31,1,90496,90044,452
10798821,8.48192,16.3917,447,127020,0.317015,0.23,1,90502,90055,447
10801741,15.2964,9.67834,456,127020,0.343403,0.31,1,90519,90063,456
10804661,11.0593,14.7357,450,127020,0.380681,0.39,1,90529,90079,450
10807581,9.41186,12.5471,447,127020,0.324136,0.36,1,90538,90091,447
10809141,2.68237,9.70943,439,127020,0.304827,0.42,1,90539,90100,439
10812061,14.1365,6.74189,450,127020,0.380965,0.29,1,90556,90106,450
10814981,6.02729,7.74838,446,127020,0.372193,0.43,1,90560,90114,446
10817901,2.80546,7.94968,440,127020,0.338439,0.43,1,90562,90122,440
10819541,1.36109,3.18994,439,127020,0.323688,0.32,1,90563,90124,439
10822461,9.87222,7.03799,443,127020,0.360738,0.43,1,90575,90132,443
10825381,5.17444,10.2076,436,127020,0.352148,0.36,1,90579,90143,436
10827861,9.83489,5.24152,443,127020,0.374429,0.31,1,90590,90147,443
10830781,3.56698,3.4483,442,127020,0.354886,0.33,1,90592,90150,442
10833701,13.5134,13.4897,442,127020,0.358977,0.25,1,90608,90166,442
10836181,9.90268,5.89793,447,127020,0.335795,0.39,1,90617,90170,447
10839101,6.78054,7.57959,445,127020,0.347159,0.35,1,90623,90178,445
10842021,3.75611,9.51592,438,127020,0.309432,0.35,1,90626,90188,438
10844501,7.95122,3.50318,445,127020,0.349886,0.31,1,90635,90190,445
10847421,3.19024,5.50064,441,127020,0.349977,0.36,1,90637,90196,441
10850341,15.038,15.5001,441,127020,0.301995,0.34,1,90655,90214,441
10852821,11.0076,5.50003,448,127020,0.364399,0.35,1,90665,90217,448
10855741,3.80152,9.10001,440,127020,0.37688,0.35,1,90667,90227,440
10858661,2.3603,1.82,442,127020,0.347376,0.35,1,90669,90227,442
10861581,2.07206,0.364,444,127020,0.357475,0.32,1,90671,90227,444
10863221,4.41441,1.6728,447,127020,0.335495,0.44,1,90676,90229,447
10866141,2.48288,8.33456,439,127020,0.387099,0.42,1,90678,90239,439
10869061,3.69658,4.06691,440,127020,0.33342,0.4,1,90682,90242,440
10871981,9.53932,9.61338,440,127020,0.402684,0.36,1,90693,90253,440
10874661,9.10786,5.12268,445,127020,0.384537,0.39,1,90702,90257,445
10877581,4.22157,3.42454,445,127020,0.364907,0.34,1,90705,90260,445
10879861,5.64431,2.28491,449,127020,0.344981,0.44,1,90711,90262,449
10882781,4.32886,8.45698,443,127020,0.340996,0.36,1,90715,90272,443
10885701,9.66577,4.8914,450,127020,0.404199,0.33,1,90726,90276,450
10888621,5.13315,7.37828,446,127020,0.36084,0.34,1,90730,90284,446
10890261,1.82663,4.67566,443,127020,0.336168,0.38,1,90731,90288,443
10893181,1.96533,4.13513,441,127020,0.299234,0.43,1,90733,90292,441
10895041,4.39307,5.62703,440,127020,0.387847,0.43,1,90738,90298,440
10897961,4.07861,5.92541,438,127020,0.445569,0.43,1,90742,90304,438
10900881,2.41572,1.18508,440,127020,0.449114,0.43,1,90744,90304,440
10903801,2.08314,0.237016,442,127020,0.417823,0.43,1,90746,90304,442
10906481,2.01663,0.0474032,444,127020,0.403565,0.46,1,90748,90304,444
10909401,2.00333,8.80948,435,127020,0.400713,0.46,1,90750,90315,435
10912321,9.20067,1.7619,446,127020,0.352143,0.27,1,90761,90315,446
10915241,113.84,7.55238,577,127020,0.334429,0.26,1,90901,90324,577
10918161,36.368,115.11,452,127020,0.298886,0.34,1,90918,90466,452
10921081,16.8736,35.8221,448,127020,0.259777,0.3,1,90930,90482,448
10923121,11.3747,18.3644,444,127020,0.259955,0.29,1,90940,90496,444
10926041,19.0749,11.6729,455,127020,0.187991,0.35,1,90961,90506,455
10928961,7.01499,12.7346,446,127020,0.189598,0.39,1,90965,90519,446
10931881,8.603,10.5469,445,127020,0.34192,0.31,1,90974,90529,445
10934801,8.1206,9.30938,444,127020,0.308384,0.3,1,90982,90538,444
10937061,10.4241,2.66188,454,127020,0.189677,0.4,1,90993,90539,454
10939761,7.68482,14.1324,444,127020,0.285935,0.33,1,91000,90556,444
10942681,3.13696,7.62648,440,127020,0.305187,0.33,1,91002,90562,440
10945601,2.22739,1.52529,442,127020,0.349037,0.32,1,91004,90562,442
10947461,10.0455,1.10506,453,127020,0.349807,0.37,1,91016,90563,453
10950161,5.2091,9.82101,445,127020,0.285962,0.4,1,91020,90575,445
10953081,4.24182,12.3642,436,127020,0.361192,0.38,1,91024,90588,436
10956001,2.44836,4.07284,436,127020,0.384238,0.35,1,91026,90590,436
10957861,15.6897,2.41457,453,127020,0.268848,0.36,1,91045,90592,453
10960781,9.53793,13.2829,445,127020,0.30977,0.33,1,91053,90608,445
10963701,9.90759,9.85658,446,127020,0.189954,0.35,1,91063,90617,446
10966621,3.58152,6.77132,442,127020,0.277991,0.3,1,91065,90623,442
10968261,3.1163,3.75426,442,127020,0.239598,0.36,1,91068,90626,442
10971181,3.82326,7.95085,437,127020,0.23192,0.35,1,91072,90635,437
10973041,1.56465,3.19017,436,127020,0.246384,0.29,1,91073,90637,436
10975961,19.5129,15.038,442,127020,0.225277,0.38,1,91097,90655,442
10978881,8.70259,11.0076,438,127020,0.293055,0.38,1,91103,90665,438
10981361,4.14052,3.80152,439,127020,0.322611,0.32,1,91106,90667,439
10984281,6.4281,5.5603,440,127020,0.352522,0.32,1,91113,90673,440
10987201,2.88562,1.11206,442,127020,0.350504,0.33,1,91115,90673,442
10990121,3.77712,2.62241,443,127020,0.318101,0.4,1,91119,90676,443
10991761,1.55542,2.12448,442,127020,0.30362,0.32,1,91120,90678,442
10994681,3.51108,3.6249,442,127020,0.308724,0.42,1,91124,90682,442
10997601,7.10222,9.52498,439,127020,0.285745,0.38,1,91132,90693,439
11000521,7.82044,9.105,438,127020,0.353149,0.36,1,91140,90702,438
11002161,3.96409,4.221,438,127020,0.38263,0.32,1,91143,90705,438
11005081,8.79282,4.0442,444,127020,0.348526,0.34,1,91153,90709,444
11008001,4.95856,2.40884,446,127020,0.373705,0.34,1,91157,90711,446
11009861,1.79171,3.68177,443,127020,0.362741,0.42,1,91158,90715,443
11012781,10.7583,9.53635,445,127020,0.320548,0.35,1,91171,90726,445
11015061,3.75167,5.10727,443,127020,0.28011,0.33,1,91173,90730,443
11017981,2.35033,1.82145,444,127020,0.280022,0.29,1,91175,90731,444
11020261,3.67007,1.96429,446,127020,0.216004,0.41,1,91179,90733,446
11023181,2.33401,4.39286,443,127020,0.355201,0.46,1,91181,90738,443
11025461,2.0668,4.07857,441,127020,0.39104,0.43,1,91183,90742,441
11028381,2.01336,3.21571,440,127020,0.374208,0.41,1,91185,90745,440
11031281,2.00267,1.44314,441,127020,0.346842,0.35,1,91187,90746,441
11034201,6.00053,6.68863,440,127020,0.357368,0.35,1,91194,90754,440
11037121,6.00011,1.33773,446,127020,0.255474,0.34,1,91200,90754,446
11040041,111.6,5.86755,577,127020,0.219095,0.33,1,91338,90761,577
11042961,27.92,113.174,444,127020,0.227819,0.29,1,91345,90901,444
11045881,20.784,36.2347,446,127020,0.229564,0.25,1,91364,90918,446
11048801,13.7568,16.8469,446,127020,0.365913,0.26,1,91376,90930,446
11050421,22.7514,11.3694,461,127020,0.313183,0.17,1,91401,90940,461
11053341,7.75027,19.0739,444,127020,0.246637,0.19,1,91405,90961,444
11055621,3.15005,7.01478,442,127020,0.289327,0.38,1,91407,90965,442
11058541,2.23001,8.60296,435,127020,0.305865,0.3,1,91409,90974,435
11061461,2.046,8.12059,429,127020,0.349173,0.16,1,91411,90982,429
11064381,18.8092,10.4241,441,127020,0.317835,0.31,1,91434,90993,441
11067061,5.36184,7.68482,436,127020,0.391567,0.31,1,91436,91000,436
11069981,3.47237,3.13696,437,127020,0.422313,0.36,1,91439,91002,437
11072261,11.0945,2.22739,448,127020,0.364463,0.35,1,91452,91004,448
11075181,8.61889,10.0455,444,127020,0.368893,0.27,1,91460,91016,444
11077461,4.92378,5.2091,444,127020,0.321779,0.39,1,91464,91020,444
11080381,2.58476,9.84182,435,127020,0.424356,0.39,1,91466,91031,435
11083301,10.917,1.96836,448,127020,0.380871,0.24,1,91479,91031,448
11086221,3.78339,11.5937,436,127020,0.388174,0.32,1,91481,91045,436
11087861,11.9567,8.71873,442,127020,0.389635,0.16,1,91495,91053,442
11090781,3.99134,9.74375,434,127020,0.357927,0.3,1,91497,91063,434
11093061,8.79827,3.54875,442,127020,0.311585,0.23,1,91507,91065,442
11095981,3.35965,6.30975,437,127020,0.414317,0.23,1,91509,91072,437
11098881,2.27193,1.26195,439,127020,0.402863,0.22,1,91511,91072,439
11101801,19.6544,20.2524,438,127020,0.336573,0.31,1,91535,91097,438
11104081,10.3309,8.85048,440,127020,0.307315,0.33,1,91543,91103,440
11107001,3.66618,4.1701,439,127020,0.397463,0.36,1,91545,91106,439
11109921,3.93324,6.43402,436,127020,0.415493,0.35,1,91549,91113,436
11112401,2.38665,2.8868,436,127020,0.427099,0.31,1,91551,91115,436
11115321,8.47733,7.77736,437,127020,0.39742,0.31,1,91561,91124,437
11118241,3.29547,1.55547,439,127020,0.359484,0.31,1,91563,91124,439
11121161,2.25909,0.311094,441,127020,0.415897,0.28,1,91565,91124,441
11122801,6.05182,6.46222,440,127020,0.419179,0.39,1,91572,91132,440
11125721,4.41036,3.69244,441,127020,0.371836,0.37,1,91576,91135,441
11128001,4.08207,4.73849,440,127020,0.410367,0.34,1,91580,91140,440
11130921,8.81641,11.3477,437,127020,0.458073,0.38,1,91590,91153,437
11133201,6.56328,5.46954,439,127020,0.403615,0.33,1,91596,91157,439
11136121,4.51266,5.89391,437,127020,0.456723,0.31,1,91600,91163,437
11139041,11.3025,7.57878,442,127020,0.403345,0.27,1,91613,91171,442
11141941,3.86051,3.11576,442,127020,0.360669,0.24,1,91615,91173,442
11144861,2.3721,3.82315,440,127020,0.336134,0.2,1,91617,91177,440
11147781,3.67442,2.36463,442,127020,0.267227,0.39,1,91621,91179,442
11150261,2.33488,2.07293,442,127020,0.253445,0.41,1,91623,91181,442
11153181,2.06698,7.61459,435,127020,0.258689,0.41,1,91625,91190,435
11156101,2.0134,1.52292,437,127020,0.235738,0.41,1,91627,91190,437
11159021,4.40268,0.304583,442,127020,0.343148,0.36,1,91632,91190,442
11161941,3.28054,3.26092,441,127020,0.436629,0.23,1,91635,91194,441
11164861,113.456,5.45218,576,127020,0.375326,0.21,1,91776,91200,576
11167781,24.2912,111.49,440,127020,0.419065,0.23,1,91778,91338,440
11170701,23.2582,27.8981,456,127020,0.379813,0.23,1,91801,91345,456
11173621,14.2516,20.7796,449,127020,0.467963,0.4,1,91813,91364,449
11176541,25.2503,13.7559,465,127020,0.397593,0.23,1,91841,91376,465
11178961,8.25007,25.9512,440,127020,0.327518,0.35,1,91845,91405,440
11181881,6.45001,11.5902,438,127020,0.313504,0.35,1,91851,91413,438
11184801,2.89,2.31805,440,127020,0.310701,0.35,1,91853,91413,440
11187721,2.178,0.463609,442,127020,0.38214,0.31,1,91855,91413,442
11190641,17.2356,16.8927,442,127020,0.372428,0.41,1,91876,91434,442
11192481,5.04712,4.97854,442,127020,0.338486,0.42,1,91878,91436,442
11195401,8.20942,10.5957,439,127020,0.419697,0.42,1,91887,91448,439
11198321,3.24188,2.11914,441,127020,0.411939,0.37,1,91889,91448,441
11201241,12.6484,10.0238,444,127020,0.434388,0.31,1,91904,91460,444
11202881,4.92968,5.20477,443,127020,0.390878,0.47,1,91907,91464,443
11205801,2.58594,5.84095,439,127020,0.350175,0.47,1,91909,91470,439
11208721,8.51719,1.16819,449,127020,0.422035,0.37,1,91919,91470,449
11211201,3.30344,7.43364,442,127020,0.412407,0.43,1,91921,91479,442
11214121,10.2607,9.48673,444,127020,0.426481,0.35,1,91933,91489,444
11216401,3.65214,8.29735,438,127020,0.397296,0.3,1,91935,91497,438
11219321,14.3304,9.65947,445,127020,0.351459,0.44,1,91952,91507,445
11221601,4.46609,3.53189,445,127020,0.318292,0.47,1,91954,91509,445
11224521,2.49322,6.30638,440,127020,0.279658,0.32,1,91956,91516,440
11227441,18.8986,16.4613,444,127020,0.327932,0.3,1,91979,91535,444
11230361,10.1797,9.69225,444,127020,0.337586,0.42,1,91987,91543,444
11232001,2.83595,3.53845,443,127020,0.323517,0.44,1,91988,91545,443
11234921,5.36719,7.90769,440,127020,0.416703,0.44,1,91994,91554,440
11237841,2.67344,1.58154,442,127020,0.403341,0.44,1,91996,91554,442
11240761,5.33469,0.316308,448,127020,0.352668,0.39,1,92002,91554,448
11243441,2.66694,5.66326,443,127020,0.350534,0.42,1,92004,91561,443
11246361,8.53339,8.33265,444,127020,0.406107,0.42,1,92014,91570,444
11249281,4.90668,1.66653,448,127020,0.361221,0.36,1,92018,91570,448
11252201,4.18134,5.13331,446,127020,0.328244,0.42,1,92022,91576,446
11253841,3.23627,4.22666,445,127020,0.409649,0.47,1,92025,91580,445
11256761,8.64725,8.84533,445,127020,0.40193,0.39,1,92035,91590,445
11259041,4.92945,6.56907,443,127020,0.440386,0.47,1,92039,91596,443
11261961,2.58589,4.51381,441,127020,0.456077,0.39,1,92041,91600,441
11264881,6.91718,11.3028,436,127020,0.443215,0.35,1,92049,91613,436
11267781,11.7834,3.86055,447,127020,0.344643,0.25,1,92062,91615,447
11270701,3.95669,7.17211,441,127020,0.292929,0.25,1,92064,91623,441
11273621,2.39134,1.43442,443,127020,0.258586,0.25,1,92066,91623,443
11276541,2.07827,0.286884,445,127020,0.243717,0.26,1,92068,91623,445
11278801,2.01565,1.65738,445,127020,0.216743,0.42,1,92070,91625,445
11281721,2.00313,3.53148,443,127020,0.235349,0.37,1,92072,91629,443
11284641,3.60063,3.1063,444,127020,0.37507,0.46,1,92076,91632,444
11287121,2.32013,3.02126,443,127020,0.371014,0.48,1,92078,91635,443
11290041,107.664,1.40425,576,127020,0.394203,0.36,1,92212,91636,576
11292321,23.1328,112.281,438,127020,0.366841,0.34,1,92214,91776,438
11295241,30.2266,28.0562,463,127020,0.321368,0.37,1,92246,91783,463
11298161,10.8453,20.0112,451,127020,0.232274,0.49,1,92252,91801,451
11301081,23.7691,13.6022,466,127020,0.326455,0.38,1,92279,91813,466
11303761,11.1538,25.1204,446,127020,0.361291,0.38,1,92287,91841,446
11306681,7.03076,17.8241,436,127020,0.360258,0.38,1,92293,91857,436
11309601,3.00615,3.56482,438,127020,0.368052,0.38,1,92295,91857,438
11312521,2.20123,0.712964,440,127020,0.39361,0.38,1,92297,91857,440
11315441,17.2402,0.142593,461,127020,0.294722,0.37,1,92318,91857,461
11318321,5.04805,15.2285,444,127020,0.250944,0.44,1,92320,91876,444
11321241,9.80961,11.8457,444,127020,0.402189,0.41,1,92331,91887,444
11323521,3.56192,3.96914,444,127020,0.408438,0.36,1,92333,91889,444
11326441,13.5124,3.19383,457,127020,0.377688,0.44,1,92349,91892,457
11328721,5.90248,10.2388,449,127020,0.355538,0.47,1,92353,91904,449
11331641,4.3805,10.8478,442,127020,0.295107,0.44,1,92357,91915,442
11334561,4.0761,5.36955,442,127020,0.331021,0.41,1,92361,91919,442
11337461,8.81522,2.67391,450,127020,0.370204,0.43,1,92371,91921,450
11340381,4.96304,10.1348,442,127020,0.346041,0.39,1,92375,91933,442
11342241,2.59261,3.62696,442,127020,0.317208,0.34,1,92377,91935,442
11345161,16.5185,14.3254,445,127020,0.303442,0.31,1,92397,91952,445
11347441,4.9037,4.46508,445,127020,0.284688,0.22,1,92399,91954,445
11350361,4.18074,4.89302,444,127020,0.368938,0.34,1,92403,91959,444
11353281,13.6361,16.9786,440,127020,0.313788,0.34,1,92419,91979,440
11356181,12.3272,9.79572,444,127020,0.286757,0.46,1,92431,91987,444
11359101,4.06545,6.75914,440,127020,0.241351,0.44,1,92433,91993,440
11362021,2.41309,2.15183,441,127020,0.24027,0.4,1,92435,91994,441
11364501,4.48262,2.03037,444,127020,0.320054,0.34,1,92440,91996,444
11367421,5.69652,5.20607,444,127020,0.336011,0.35,1,92446,92002,444
11369701,5.9393,2.64121,448,127020,0.315202,0.42,1,92452,92004,448
11372621,5.98786,8.52824,444,127020,0.36704,0.35,1,92458,92014,444
11374481,3.59757,4.90565,443,127020,0.361408,0.43,1,92461,92018,443
11377401,5.51951,6.58113,442,127020,0.320282,0.43,1,92467,92025,442
11380321,2.7039,1.31623,444,127020,0.312056,0.4,1,92469,92025,444
11382801,5.34078,8.26325,440,127020,0.350411,0.45,1,92475,92035,440
11385721,7.46816,4.85265,444,127020,0.358082,0.46,1,92483,92039,444
11388421,4.69363,2.57053,446,127020,0.359616,0.44,1,92487,92041,446
11391341,2.53873,6.91411,440,127020,0.327923,0.32,1,92489,92049,440
11394261,6.90775,11.7828,435,127020,0.297585,0.28,1,92497,92062,435
11396741,10.1815,3.95656,444,127020,0.299517,0.21,1,92508,92064,444
11399661,3.63631,5.59131,440,127020,0.307903,0.21,1,92510,92070,440
11402581,2.32726,1.11826,442,127020,0.285581,0.21,1,92512,92070,442
11405501,2.06545,0.223652,444,127020,0.249116,0.24,1,92514,92070,444
11408181,2.81309,1.64473,445,127020,0.225823,0.41,1,92517,92072,445
11411101,2.96262,3.52895,444,127020,0.205165,0.37,1,92520,92076,444
11413381,2.19252,2.30579,444,127020,0.345033,0.4,1,92522,92078,444
11416301,100.439,107.661,435,127020,0.245007,0.36,1,92647,92212,435
11418161,23.2877,23.1322,437,127020,0.161001,0.31,1,92651,92214,437
11421081,35.0575,30.2264,443,127020,0.2802,0.21,1,92689,92246,443
11423361,11.8115,10.8453,443,127020,0.24804,0.47,1,92695,92252,443
11426281,23.1623,5.36906,465,127020,0.153608,0.35,1,92721,92256,465
11429201,11.0325,19.4738,450,127020,0.222722,0.37,1,92729,92279,450
11431681,3.80649,10.2948,444,127020,0.260544,0.37,1,92731,92287,444
11434601,2.3613,8.45895,438,127020,0.260109,0.37,1,92733,92295,438
11436881,2.07226,1.69179,440,127020,0.332022,0.38,1,92735,92295,440
11439801,13.2145,5.13836,450,127020,0.194404,0.27,1,92751,92301,450
11442721,11.4429,14.6277,444,127020,0.318881,0.24,1,92762,92318,444
11444581,3.08858,4.52553,443,127020,0.327776,0.44,1,92763,92320,443
11447501,3.81772,9.70511,436,127020,0.265555,0.41,1,92767,92331,436
11449361,2.36354,3.54102,436,127020,0.309111,0.37,1,92769,92333,436
11452281,15.6727,13.5082,439,127020,0.301822,0.35,1,92788,92349,439
11454561,6.33454,5.90164,439,127020,0.332364,0.37,1,92792,92353,439
11457481,4.46691,5.18033,438,127020,0.282473,0.34,1,92796,92358,438
11460401,5.69338,3.43607,441,127020,0.336495,0.38,1,92802,92361,441
11463301,8.33868,8.68721,440,127020,0.331299,0.34,1,92811,92371,440
11466221,3.26774,4.93744,438,127020,0.33026,0.31,1,92813,92375,438
11468081,3.05355,2.58749,439,127020,0.290052,0.3,1,92816,92377,439
11471001,14.2107,16.5175,436,127020,0.29001,0.28,1,92833,92397,436
11473281,4.44214,4.9035,436,127020,0.314002,0.32,1,92835,92399,436
11476201,8.88843,8.9807,436,127020,0.3428,0.3,1,92845,92409,436
11479121,9.77769,9.79614,436,127020,0.30856,0.28,1,92855,92419,436
11482041,14.7555,11.5592,440,127020,0.301712,0.23,1,92871,92431,440
11483681,3.75111,3.91185,439,127020,0.284342,0.35,1,92872,92433,439
11486601,2.35022,5.58237,435,127020,0.280868,0.35,1,92874,92439,435
11489521,2.07004,1.11647,437,127020,0.280174,0.34,1,92876,92439,437
11492441,8.41401,1.02329,446,127020,0.304035,0.34,1,92886,92440,446
11494501,6.4828,5.00466,446,127020,0.324807,0.4,1,92892,92446,446
11497421,2.89656,8.20093,439,127020,0.296961,0.38,1,92894,92455,439
11500321,6.97931,4.04019,444,127020,0.355392,0.31,1,92902,92458,444
11503241,6.19586,8.00804,441,127020,0.335078,0.31,1,92908,92467,441
11505521,2.83917,3.20161,441,127020,0.299016,0.36,1,92910,92469,441
11508441,5.36783,5.44032,441,127020,0.347803,0.36,1,92916,92475,441
11510721,4.27357,7.48806,437,127020,0.357561,0.32,1,92920,92483,437
11513641,7.25471,6.29761,439,127020,0.327512,0.32,1,92928,92489,439
11516561,3.05094,1.25952,441,127020,0.345502,0.32,1,92930,92489,441
11519041,3.81019,0.251904,445,127020,0.3251,0.34,1,92934,92489,445
11521961,5.56204,7.25038,442,127020,0.32102,0.3,1,92940,92498,442
11524881,3.51241,9.45008,435,127020,0.320204,0.31,1,92943,92508,435
11526741,7.90248,3.49002,442,127020,0.280041,0.24,1,92952,92510,442
11529661,3.1805,3.898,440,127020,0.272008,0.24,1,92954,92514,440
11532581,2.2361,0.779601,442,127020,0.286402,0.22,1,92956,92514,442
11535061,3.64722,2.55592,443,127020,0.32128,0.4,1,92960,92517,443
11537981,2.32944,10.9112,432,127020,0.296256,0.4,1,92962,92530,432
11540901,97.2659,2.18224,553,127020,0.283251,0.22,1,93083,92530,553
11543821,21.0532,94.0364,438,127020,0.24865,0.14,1,93085,92647,438
11545461,31.4106,22.0073,468,127020,0.28973,0.31,1,93119,92651,468
11548381,16.6821,34.8015,443,127020,0.353946,0.24,1,93132,92689,443
11551301,21.7364,11.7603,460,127020,0.342789,0.13,1,93155,92695,460
11554221,11.5473,23.1521,443,127020,0.388558,0.24,1,93164,92721,443
11556481,3.90946,11.0304,437,127020,0.421712,0.26,1,93166,92729,437
11559401,5.58189,12.6061,430,127020,0.388342,0.26,1,93172,92742,430
11562321,2.71638,2.52122,432,127020,0.429668,0.26,1,93174,92742,432
11565241,12.5433,0.504243,447,127020,0.461934,0.16,1,93189,92742,447
11568161,8.90866,7.30085,446,127020,0.444387,0.35,1,93197,92751,446
11570001,2.58173,10.2602,436,127020,0.408877,0.22,1,93198,92762,436
11572921,10.9163,14.052,434,127020,0.313775,0.22,1,93211,92777,434
11575841,3.78327,2.81041,436,127020,0.414755,0.3,1,93213,92777,436
11578761,7.95665,9.36208,434,127020,0.338951,0.34,1,93222,92788,434
11580401,8.79133,5.07242,439,127020,0.46779,0.25,1,93231,92792,439
11583321,6.55827,6.61448,438,127020,0.469558,0.35,1,93237,92799,438
11586241,2.91165,3.7229,437,127020,0.493912,0.33,1,93239,92802,437
11589141,9.38233,7.94458,439,127020,0.506782,0.33,1,93250,92811,439
11592061,3.47647,3.18892,439,127020,0.509356,0.28,1,93252,92813,439
11593921,1.49529,3.03778,437,127020,0.493871,0.29,1,93253,92816,437
11596841,15.4991,14.2076,439,127020,0.490774,0.32,1,93272,92833,439
11599121,4.69981,4.44151,439,127020,0.458155,0.35,1,93274,92835,439
11602041,7.33996,8.8883,437,127020,0.355631,0.3,1,93282,92845,437
11604961,7.86799,9.77766,435,127020,0.447126,0.3,1,93290,92855,435
11607881,18.3736,14.7555,440,127020,0.449425,0.28,1,93311,92871,440
11609521,4.47472,3.75111,440,127020,0.433885,0.36,1,93312,92872,440
11612441,2.49494,5.55022,436,127020,0.414777,0.36,1,93314,92878,436
11615361,2.09899,1.11004,438,127020,0.378955,0.31,1,93316,92878,438
11618281,5.2198,6.62201,436,127020,0.427791,0.33,1,93322,92886,436
11619921,8.24396,6.1244,439,127020,0.461558,0.31,1,93331,92892,439
11622841,3.24879,3.62488,438,127020,0.468312,0.31,1,93333,92895,438
11625761,3.84976,0.724976,442,127020,0.453662,0.37,1,93337,92895,442
11628241,8.76995,5.745,445,127020,0.490732,0.31,1,93347,92902,445
11631161,3.35399,6.749,440,127020,0.458146,0.36,1,93349,92909,440
11633441,5.4708,6.9498,439,127020,0.419629,0.38,1,93355,92916,439
11636361,4.29416,3.78996,440,127020,0.411926,0.32,1,93359,92919,440
11638641,4.05883,7.95799,435,127020,0.442385,0.37,1,93363,92928,435
11641561,5.61177,4.7916,437,127020,0.432477,0.37,1,93369,92932,437
11644481,4.32235,0.95832,441,127020,0.422495,0.32,1,93373,92932,441
11646961,2.46447,1.79166,441,127020,0.420499,0.38,1,93375,92934,441
11649881,5.29289,8.35833,437,127020,0.3641,0.38,1,93381,92944,437
11652801,7.45858,1.67167,445,127020,0.37682,0.27,1,93389,92944,445
11655721,3.09172,8.33433,437,127020,0.347364,0.29,1,93391,92954,437
11657361,1.41834,3.26687,436,127020,0.325473,0.27,1,93392,92956,436
11660281,3.48367,1.45337,439,127020,0.289095,0.33,1,93396,92957,439
11663201,5.49673,2.69067,442,127020,0.329819,0.29,1,93402,92960,442
11665061,97.8993,2.13813,561,127020,0.289964,0.28,1,93523,92962,561
11667981,21.1799,97.2276,442,127020,0.249993,0.24,1,93525,93083,442
11670261,5.83597,21.0455,442,127020,0.217999,0.3,1,93527,93085,442
11673181,36.3672,31.4091,452,127020,0.2036,0.37,1,93571,93119,452
11675461,28.8734,16.6818,466,127020,0.24072,0.34,1,93598,93132,466
11678381,13.7747,21.7364,453,127020,0.208144,0.4,1,93608,93155,453
11681301,5.95494,11.5473,448,127020,0.297629,0.43,1,93612,93164,448
11683781,2.79099,3.90945,448,127020,0.291526,0.38,1,93614,93166,448
11686701,2.1582,5.58189,444,127020,0.258305,0.44,1,93616,93172,444
11688981,2.83164,2.71638,445,127020,0.315661,0.47,1,93619,93174,445
11691901,12.5663,12.5433,445,127020,0.271132,0.44,1,93634,93189,445
11694821,4.11327,8.90866,439,127020,0.230226,0.4,1,93636,93197,439
11697301,9.62265,2.58173,449,127020,0.294045,0.29,1,93647,93198,449
11700221,9.92453,10.9163,446,127020,0.194809,0.44,1,93657,93211,446
11702501,9.18491,3.78327,453,127020,0.198962,0.32,1,93666,93213,453
11705421,3.43698,7.95665,446,127020,0.319792,0.5,1,93668,93222,446
11708341,10.2874,8.79133,449,127020,0.271958,0.47,1,93680,93231,449
11710821,6.85748,6.55827,449,127020,0.254392,0.48,1,93686,93237,449
11713741,5.3715,4.51165,450,127020,0.266878,0.51,1,93691,93241,450
11716641,7.4743,8.10233,449,127020,0.245376,0.4,1,93699,93250,449
11719561,4.69486,8.82047,444,127020,0.209075,0.49,1,93703,93259,444
11722481,6.53897,12.1641,438,127020,0.233815,0.45,1,93710,93272,438
11724961,2.90779,4.03282,438,127020,0.246763,0.33,1,93712,93274,438
11727881,12.5816,7.20656,445,127020,0.321353,0.47,1,93727,93282,445
11730801,8.11631,7.84131,444,127020,0.232271,0.45,1,93734,93290,444
11733721,19.2233,18.3683,445,127020,0.342454,0.43,1,93756,93311,445
11735361,4.64465,4.47365,445,127020,0.348491,0.44,1,93757,93312,445
11738281,5.72893,7.29473,443,127020,0.277698,0.44,1,93763,93320,443
11741201,2.74579,1.45895,445,127020,0.25554,0.44,1,93765,93320,445
11744121,2.14916,1.89179,445,127020,0.259108,0.47,1,93767,93322,445
11747041,6.02983,7.57836,443,127020,0.315822,0.47,1,93774,93331,443
11748881,2.80597,3.11567,443,127020,0.287164,0.43,1,93776,93333,443
11751801,5.36119,6.22313,442,127020,0.361433,0.5,1,93782,93340,442
11754721,5.87224,6.84463,441,127020,0.312287,0.45,1,93788,93347,441
11757621,9.17445,2.96893,449,127020,0.302457,0.41,1,93798,93349,449
11760541,5.03489,5.39379,447,127020,0.316491,0.41,1,93802,93355,447
11762821,4.20698,4.27876,447,127020,0.279298,0.45,1,93806,93359,447
11765741,2.4414,4.05575,445,127020,0.34386,0.43,1,93808,93363,445
11768661,3.68828,5.61115,443,127020,0.356772,0.42,1,93812,93369,443
11771581,2.33766,4.32223,441,127020,0.359354,0.42,1,93814,93373,441
11773221,9.26753,2.46445,450,127020,0.367871,0.42,1,93825,93375,450
11776141,3.45351,10.0929,440,127020,0.345574,0.38,1,93827,93387,440
11779061,2.2907,3.61858,440,127020,0.317115,0.34,1,93829,93389,440
11781541,5.25814,2.32372,444,127020,0.215423,0.39,1,93835,93391,444
11784461,2.65163,5.26474,440,127020,0.331085,0.39,1,93837,93397,440
11787381,3.73033,1.05295,444,127020,0.314217,0.34,1,93841,93397,444
11790301,98.3461,4.21059,561,127020,0.286843,0.28,1,93963,93402,561
11793221,21.2692,97.6421,442,127020,0.249369,0.24,1,93965,93523,442
11795061,5.05384,21.1284,441,127020,0.225874,0.43,1,93966,93525,441
11797981,32.2108,12.2257,470,127020,0.381175,0.2,1,94005,93535,470
11800901,26.4422,31.2451,459,127020,0.460235,0.25,1,94030,93571,459
11803821,16.4884,27.849,446,127020,0.452047,0.2,1,94044,93598,446
11806081,4.89769,13.5698,438,127020,0.418409,0.29,1,94046,93608,438
11809001,7.37954,13.114,433,127020,0.427682,0.29,1,94054,93621,433
11811921,3.07591,2.62279,435,127020,0.429536,0.29,1,94056,93621,435
11814841,2.21518,0.524558,437,127020,0.429907,0.26,1,94058,93621,437
11817761,10.043,10.5049,436,127020,0.477981,0.22,1,94070,93634,436
11819601,4.40861,3.70098,437,127020,0.439596,0.33,1,94073,93636,437
11822521,4.08172,8.7402,431,127020,0.391919,0.31,1,94077,93646,431
11825441,9.61634,2.54804,441,127020,0.430384,0.17,1,94088,93647,441
11828361,11.5233,8.50961,443,127020,0.406077,0.35,1,94100,93657,443
11831041,3.90465,10.5019,434,127020,0.401215,0.26,1,94102,93668,434
11833961,10.3809,11.7004,434,127020,0.464243,0.25,1,94114,93680,434
11836241,8.47619,7.14008,436,127020,0.444849,0.3,1,94122,93686,436
11839161,8.09524,8.62802,435,127020,0.44097,0.3,1,94130,93695,435
11842081,3.21905,1.7256,437,127020,0.408194,0.24,1,94132,93695,437
11844561,3.84381,3.54512,437,127020,0.377639,0.26,1,94136,93699,437
11847481,7.96876,8.70902,436,127020,0.387528,0.24,1,94145,93709,436
11849761,3.19375,2.5418,437,127020,0.461506,0.3,1,94147,93710,437
11852681,9.43875,10.1084,436,127020,0.452301,0.34,1,94158,93722,436
11855601,12.2878,6.02167,444,127020,0.43446,0.21,1,94171,93727,444
11858521,16.8576,6.80433,455,127020,0.454892,0.37,1,94189,93734,455
11861201,4.97151,18.9609,435,127020,0.434978,0.26,1,94191,93756,435
11864121,10.5943,12.5922,436,127020,0.414996,0.26,1,94203,93767,436
11867041,3.71886,2.51843,438,127020,0.426999,0.26,1,94205,93767,438
11869961,2.34377,0.503687,440,127020,0.3974,0.33,1,94207,93767,440
11871601,4.46875,5.70074,438,127020,0.39148,0.36,1,94212,93774,438
11874521,2.49375,4.34015,436,127020,0.398296,0.38,1,94214,93778,436
11877441,3.69875,4.06803,436,127020,0.367659,0.3,1,94218,93782,436
11879921,5.53975,5.61361,436,127020,0.473532,0.32,1,94224,93788,436
11882841,12.3079,8.32272,441,127020,0.454706,0.3,1,94238,93797,441
11885761,5.66159,2.46454,444,127020,0.418941,0.32,1,94242,93798,444
11888241,4.33232,3.69291,444,127020,0.435788,0.38,1,94246,93802,444
11891161,4.06646,7.93858,439,127020,0.399158,0.38,1,94250,93811,439
11894081,2.41329,1.58772,441,127020,0.399832,0.36,1,94252,93811,441
11896561,2.08266,1.11754,442,127020,0.447966,0.38,1,94254,93812,442
11899481,2.81653,3.42351,441,127020,0.473593,0.34,1,94257,93816,441
11901761,8.56331,9.4847,440,127020,0.462719,0.37,1,94267,93827,440
11904681,4.91266,9.09694,435,127020,0.452544,0.37,1,94271,93836,435
11907601,2.58253,1.81939,437,127020,0.474509,0.36,1,94273,93836,437
11910521,2.11651,1.16388,438,127020,0.438902,0.31,1,94275,93837,438
11913441,3.6233,3.43278,438,127020,0.38378,0.28,1,94279,93841,438
11916361,100.725,98.2866,441,127020,0.444756,0.24,1,94404,93963,441
11918401,21.7449,21.2573,441,127020,0.424951,0.44,1,94406,93965,441
11921321,12.349,10.6515,443,127020,0.49299,0.42,1,94416,93973,443
11924241,29.6698,27.7303,445,127020,0.402598,0.48,1,94450,94005,445
11927161,24.334,25.5461,443,127020,0.32052,0.45,1,94473,94030,443
11930081,16.8668,16.3092,444,127020,0.280104,0.41,1,94488,94044,444
11931921,4.17336,4.86184,443,127020,0.400021,0.43,1,94489,94046,443
11934841,9.63467,10.5724,442,127020,0.336004,0.43,1,94500,94058,442
11937761,3.52693,2.11447,444,127020,0.443201,0.43,1,94502,94058,444
11940681,2.30539,0.422895,446,127020,0.43264,0.49,1,94504,94058,446
11943601,6.86108,9.68458,442,127020,0.334528,0.43,1,94512,94070,442
11945441,2.97222,4.33692,441,127020,0.394906,0.38,1,94514,94073,441
11948361,6.19444,4.06738,444,127020,0.366981,0.44,1,94521,94077,444
11951281,8.43889,9.61348,442,127020,0.337396,0.4,1,94530,94088,442
11954201,14.4878,11.5227,446,127020,0.403479,0.4,1,94546,94100,446
11955841,3.69756,3.90454,445,127020,0.400696,0.51,1,94547,94102,445
11958761,8.73951,7.98091,446,127020,0.432139,0.48,1,94557,94111,446
11961681,4.9479,3.99618,447,127020,0.454428,0.44,1,94561,94114,447
11963541,8.98958,7.19924,449,127020,0.386886,0.44,1,94571,94122,449
11966461,3.39792,7.83985,443,127020,0.397377,0.4,1,94573,94130,443
11968741,3.07958,3.16797,444,127020,0.423475,0.37,1,94576,94132,444
11971661,6.21592,3.83359,447,127020,0.348695,0.39,1,94583,94136,447
11974581,7.64318,7.96672,446,127020,0.357739,0.48,1,94591,94145,446
11977061,11.1286,3.19334,456,127020,0.359548,0.45,1,94603,94147,456
11979981,10.2257,9.43867,455,127020,0.28791,0.43,1,94613,94158,455
11982901,17.2451,12.2877,461,127020,0.265582,0.46,1,94632,94171,461
11985821,5.04903,16.8575,445,127020,0.349116,0.43,1,94634,94189,445
11987461,5.00981,4.97151,448,127020,0.325823,0.41,1,94639,94191,448
11990381,5.80196,10.5943,442,127020,0.265165,0.43,1,94645,94203,442
11992241,1.96039,3.71886,441,127020,0.309033,0.4,1,94646,94205,441
11995161,1.99208,3.14377,440,127020,0.341807,0.4,1,94648,94208,440
11998081,8.39842,0.628754,450,127020,0.348361,0.4,1,94658,94208,450
12000561,3.27968,4.92575,446,127020,0.317672,0.53,1,94660,94214,446
12003481,5.45594,6.58515,445,127020,0.335534,0.5,1,94666,94221,445
12006401,4.29119,3.71703,446,127020,0.307107,0.45,1,94670,94224,446
12009321,8.85824,11.9434,442,127020,0.389421,0.41,1,94680,94238,442
12010961,4.17165,5.58868,441,127020,0.413884,0.44,1,94683,94242,441
12013881,7.23433,2.71774,447,127020,0.378777,0.39,1,94691,94244,447
12016161,4.64687,5.34355,445,127020,0.411755,0.5,1,94695,94250,445
12019081,2.52937,5.06871,442,127020,0.386351,0.5,1,94697,94255,442
12022001,2.10587,1.01374,444,127020,0.34927,0.5,1,94699,94255,444
12024921,2.02117,0.202748,446,127020,0.341854,0.48,1,94701,94255,446
12027601,6.80424,1.64055,452,127020,0.348371,0.45,1,94709,94257,452
12030521,7.76085,11.5281,446,127020,0.333674,0.48,1,94717,94271,446
12032801,3.15217,3.90562,446,127020,0.322735,0.39,1,94719,94273,446
12035721,2.23043,4.78112,443,127020,0.320547,0.39,1,94721,94278,443
12038641,2.04609,0.956225,445,127020,0.288109,0.37,1,94723,94278,445
12041561,102.009,0.991245,571,127020,0.249622,0.46,1,94850,94279,571
12044241,22.0018,100.198,448,127020,0.209924,0.51,1,94852,94404,448
12047161,10.0004,29.6396,443,127020,0.281985,0.38,1,94859,94416,443
12050081,25.2001,33.1279,438,127020,0.336397,0.3,1,94888,94450,438
12053001,23.44,25.0256,438,127020,0.387279,0.27,1,94911,94473,438
12055921,15.088,17.0051,436,127020,0.397456,0.43,1,94924,94488,436
12057761,3.8176,4.20102,436,127020,0.383491,0.32,1,94925,94489,436
12060681,9.56352,9.6402,436,127020,0.436698,0.47,1,94936,94500,436
12062961,4.3127,3.52804,437,127020,0.39934,0.38,1,94939,94502,437
12065881,8.06254,4.70561,441,127020,0.311868,0.38,1,94948,94507,441
12068801,4.01251,0.941122,444,127020,0.390374,0.31,1,94951,94507,444
12071281,3.2025,4.18822,442,127020,0.350075,0.36,1,94954,94512,442
12074201,8.6405,8.03765,443,127020,0.366015,0.33,1,94964,94521,443
12077121,4.9281,8.80753,438,127020,0.337203,0.42,1,94968,94530,438
12080041,16.9856,14.5615,442,127020,0.259441,0.4,1,94988,94546,442
12081681,4.19712,3.7123,442,127020,0.227888,0.46,1,94989,94547,442
12084601,10.4394,11.9425,440,127020,0.397578,0.46,1,95001,94561,440
12087521,3.68788,2.38849,442,127020,0.399516,0.37,1,95003,94561,442
12090441,6.33758,8.4777,439,127020,0.415903,0.4,1,95010,94571,439
12092081,2.06752,3.29554,438,127020,0.403181,0.37,1,95011,94573,438
12095001,8.4135,7.05911,440,127020,0.400636,0.33,1,95021,94581,440
12097921,3.2827,3.01182,440,127020,0.368127,0.36,1,95023,94583,440
12100821,10.2565,7.00236,444,127020,0.353625,0.36,1,95035,94591,444
12103741,5.25131,11.0005,436,127020,0.294725,0.27,1,95039,94603,436
12106661,10.6503,10.2001,438,127020,0.346945,0.26,1,95051,94613,438
12109581,14.1301,17.24,434,127020,0.437389,0.37,1,95066,94632,434
12112261,10.826,5.048,442,127020,0.423478,0.3,1,95076,94634,442
12115181,8.5652,5.8096,444,127020,0.316696,0.25,1,95084,94640,444
12118081,3.31304,5.16192,441,127020,0.375339,0.4,1,95086,94645,441
12121001,3.86261,5.83238,439,127020,0.411068,0.35,1,95090,94651,439
12123921,5.57252,6.76648,438,127020,0.402214,0.31,1,95096,94658,438
12126821,9.1145,2.9533,446,127020,0.408443,0.34,1,95106,94660,446
12129741,4.2229,5.39066,443,127020,0.409689,0.3,1,95109,94666,443
12131601,3.24458,4.27813,442,127020,0.417938,0.43,1,95112,94670,442
12134521,5.44892,4.05563,444,127020,0.427588,0.41,1,95118,94674,444
12136801,4.28978,5.61113,442,127020,0.413518,0.37,1,95122,94680,442
12139721,8.85796,9.92223,441,127020,0.458703,0.42,1,95132,94691,441
12142001,5.77159,5.18444,442,127020,0.419741,0.4,1,95137,94695,442
12144921,3.55432,7.43689,437,127020,0.403948,0.4,1,95140,94703,437
12147841,2.31086,1.48738,439,127020,0.36879,0.4,1,95142,94703,439
12150761,2.06217,0.297476,441,127020,0.369758,0.35,1,95144,94703,441
12153681,3.61243,4.8595,439,127020,0.385952,0.33,1,95148,94709,439
12155521,3.12249,7.3719,434,127020,0.37319,0.32,1,95151,94717,434
12158441,7.8245,4.67438,439,127020,0.418638,0.32,1,95160,94721,439
12161361,3.1649,0.934876,441,127020,0.427728,0.28,1,95162,94721,441
12163841,2.23298,1.78698,441,127020,0.397546,0.27,1,95164,94723,441
12166761,98.8466,4.3574,559,127020,0.367509,0.24,1,95287,94728,559
12169041,21.3693,98.4715,439,127020,0.369502,0.38,1,95289,94850,439
12171961,12.2739,22.8943,445,127020,0.4179,0.3,1,95299,94854,445
12174881,27.2548,8.57886,471,127020,0.41958,0.35,1,95330,94859,471
12177801,18.251,24.9158,458,127020,0.339916,0.4,1,95346,94888,458
12180721,19.6502,23.3832,455,127020,0.419983,0.4,1,95366,94911,455
12183601,5.53004,15.0766,444,127020,0.435997,0.45,1,95368,94924,444
12186521,4.30601,12.6153,436,127020,0.375199,0.39,1,95372,94936,436
12188801,8.0612,4.92307,442,127020,0.33904,0.29,1,95381,94939,442
12191721,4.81224,8.18461,437,127020,0.395808,0.41,1,95385,94948,437
12194001,7.36245,4.03692,442,127020,0.463162,0.32,1,95393,94951,442
12196921,3.07249,4.00738,440,127020,0.476632,0.37,1,95395,94955,440
12199841,7.8145,8.00148,440,127020,0.439326,0.33,1,95404,94964,440
12202321,3.1629,4.8003,438,127020,0.415865,0.35,1,95406,94968,438
12205241,15.0326,6.56006,449,127020,0.379173,0.24,1,95424,94975,449
12207521,9.40652,11.712,444,127020,0.395835,0.44,1,95432,94988,444
12210441,10.6813,12.7424,442,127020,0.487167,0.4,1,95443,95001,442
12213361,3.73626,4.14848,442,127020,0.505433,0.42,1,95445,95003,442
12216261,8.74725,6.4297,445,127020,0.485087,0.44,1,95455,95010,445
12219181,6.54945,5.28594,446,127020,0.473017,0.4,1,95461,95015,446
12222101,2.90989,5.85719,442,127020,0.438603,0.36,1,95463,95021,442
12224581,2.18198,2.77144,442,127020,0.431721,0.35,1,95465,95023,442
12227501,10.0364,10.1543,442,127020,0.382344,0.28,1,95477,95035,442
12229781,9.20728,5.23086,447,127020,0.484469,0.36,1,95486,95039,447
12232701,5.04146,10.6462,439,127020,0.504894,0.46,1,95490,95051,439
12235621,16.2083,14.1292,443,127020,0.420979,0.42,1,95509,95066,443
12238541,10.4417,10.8258,442,127020,0.388196,0.29,1,95518,95076,442
12241221,12.4883,8.56517,447,127020,0.405639,0.42,1,95531,95084,447
12244141,4.89767,6.51303,444,127020,0.361128,0.42,1,95534,95090,444
12247061,2.57953,1.30261,446,127020,0.352226,0.4,1,95536,95090,446
12249121,3.71591,5.06052,444,127020,0.382445,0.36,1,95540,95096,444
12252041,7.14318,2.6121,450,127020,0.412489,0.41,1,95548,95098,450
12254321,4.62864,6.92242,446,127020,0.418498,0.42,1,95552,95106,446
12257241,5.72573,9.38448,442,127020,0.4437,0.43,1,95558,95116,442
12260161,5.94515,3.4769,446,127020,0.45674,0.41,1,95564,95118,446
12262641,4.38903,3.89538,446,127020,0.483348,0.47,1,95568,95122,446
12265561,4.07781,8.77908,440,127020,0.45667,0.41,1,95572,95132,440
12267841,5.61556,5.75582,441,127020,0.491334,0.39,1,95578,95137,441
12270761,7.52311,5.95116,443,127020,0.474267,0.39,1,95586,95143,443
12273681,3.10462,1.19023,445,127020,0.438853,0.37,1,95588,95143,445
12276601,2.22092,1.03805,446,127020,0.431771,0.39,1,95590,95144,446
12278241,1.24418,3.40761,443,127020,0.446354,0.49,1,95591,95148,443
12281161,3.44884,6.28152,440,127020,0.449271,0.43,1,95595,95155,440
12284081,9.48977,5.2563,446,127020,0.433854,0.43,1,95606,95160,446
12286561,3.49795,2.65126,446,127020,0.494771,0.55,1,95608,95162,446
12289481,3.89959,6.93025,442,127020,0.442954,0.36,1,95612,95170,442
12292401,96.7799,94.986,445,127020,0.368591,0.37,1,95732,95287,445
12294881,20.956,20.5972,445,127020,0.321718,0.42,1,95734,95289,445
12297801,9.7912,13.7194,440,127020,0.456344,0.42,1,95741,95301,440
12300721,24.3582,25.9439,439,127020,0.395269,0.32,1,95769,95330,439
12303641,17.6716,17.9888,439,127020,0.439054,0.44,1,95785,95346,439
12306561,18.7343,19.5978,438,127020,0.447811,0.44,1,95804,95366,438
12308401,4.54687,5.51955,437,127020,0.433562,0.34,1,95805,95368,437
12311321,9.70937,8.30391,439,127020,0.406712,0.34,1,95816,95377,439
12314241,9.14187,1.66078,448,127020,0.369343,0.33,1,95825,95377,448
12316721,5.02837,3.53216,448,127020,0.457868,0.43,1,95829,95381,448
12319641,6.60567,5.50643,449,127020,0.395574,0.48,1,95836,95387,449
12321921,2.92113,7.50129,443,127020,0.359115,0.51,1,95838,95395,443
12324841,6.98423,4.70026,447,127020,0.431823,0.43,1,95846,95399,447
12327121,2.99685,4.94005,444,127020,0.446365,0.33,1,95848,95404,444
12330041,15.7994,13.788,447,127020,0.417273,0.37,1,95867,95420,447
12332961,7.15987,5.9576,448,127020,0.331455,0.4,1,95872,95424,448
12335881,14.232,7.59152,456,127020,0.354291,0.51,1,95888,95432,456
12338561,4.44639,10.3183,447,127020,0.334858,0.52,1,95890,95443,447
12341481,10.4893,14.0637,444,127020,0.442972,0.52,1,95902,95458,444
12344401,3.69786,2.81273,446,127020,0.432594,0.47,1,95904,95458,446
12346881,2.33957,2.96255,445,127020,0.470519,0.45,1,95906,95461,445
12349801,6.06791,9.39251,441,127020,0.510104,0.45,1,95913,95472,441
12352721,10.0136,1.8785,452,127020,0.366021,0.37,1,95924,95472,452
12355641,8.40272,4.3757,455,127020,0.361204,0.51,1,95932,95477,455
12358321,4.88054,11.2751,446,127020,0.360241,0.4,1,95936,95490,446
12361241,16.9761,17.455,447,127020,0.376048,0.38,1,95956,95509,447
12363521,8.19522,10.691,444,127020,0.39521,0.49,1,95962,95518,444
12366441,9.63904,3.7382,452,127020,0.359042,0.41,1,95972,95520,452
12368721,8.32781,9.54764,449,127020,0.367808,0.39,1,95980,95531,449
12371641,6.46556,10.7095,444,127020,0.369562,0.39,1,95986,95542,444
12374561,2.89311,2.14191,446,127020,0.369912,0.39,1,95988,95542,446
12377481,3.77862,0.428381,450,127020,0.337982,0.42,1,95992,95542,450
12380161,5.55572,4.88568,450,127020,0.379596,0.45,1,95998,95548,450
12383081,7.51114,8.97714,448,127020,0.347919,0.46,1,96006,95558,448
12385361,4.70223,6.59543,446,127020,0.397584,0.51,1,96010,95564,446
12388281,6.54045,5.31909,448,127020,0.399517,0.45,1,96017,95569,448
12391201,4.50809,3.46382,449,127020,0.431903,0.5,1,96021,95572,449
12393681,2.50162,5.49276,445,127020,0.422381,0.47,1,96023,95578,445
12396601,6.90032,7.49855,445,127020,0.412476,0.43,1,96031,95586,445
12398881,2.98006,3.09971,445,127020,0.402495,0.45,1,96033,95588,445
12401801,6.99601,7.81994,444,127020,0.328499,0.45,1,96041,95597,444
12404721,2.9992,1.56399,446,127020,0.2737,0.45,1,96043,95597,446
12407641,2.19984,0.312798,448,127020,0.33474,0.43,1,96045,95597,448
12410561,6.83997,7.26256,447,127020,0.410948,0.51,1,96053,95606,447
12412821,4.56799,3.05251,449,127020,0.45019,0.43,1,96057,95608,449
12415741,2.5136,3.8105,447,127020,0.426038,0.35,1,96059,95612,447
12418661,94.9027,96.7621,445,127020,0.261208,0.31,1,96177,95732,445
12421141,25.3805,20.9524,451,127020,0.260242,0.49,1,96185,95734,451
12424061,6.67611,11.3905,444,127020,0.412048,0.38,1,96187,95743,444
12426981,18.9352,23.0781,440,127020,0.30641,0.45,1,96209,95769,440
12429901,22.187,17.4156,447,127020,0.285282,0.45,1,96232,95785,447
12432821,15.6374,18.6831,442,127020,0.297056,0.43,1,96246,95804,442
12435701,11.1275,4.53662,451,127020,0.355411,0.4,1,96256,95805,451
12438621,8.6255,9.70733,448,127020,0.295082,0.36,1,96264,95816,448
12441521,4.9251,9.14147,443,127020,0.275016,0.45,1,96268,95825,443
12444441,9.78502,6.62829,448,127020,0.271003,0.38,1,96279,95831,448
12447361,3.557,5.32566,445,127020,0.366201,0.35,1,96281,95836,445
12449221,3.9114,2.66513,447,127020,0.32924,0.45,1,96285,95838,447
12452141,7.18228,6.93303,447,127020,0.369848,0.45,1,96293,95846,447
12454421,16.6365,2.98661,464,127020,0.27397,0.41,1,96312,95848,464
12457341,4.92729,15.7973,447,127020,0.278794,0.31,1,96314,95867,447
12460261,16.1855,7.15946,461,127020,0.295759,0.36,1,96333,95872,461
12463181,4.83709,14.2319,447,127020,0.291152,0.33,1,96335,95888,447
12464821,7.36742,4.44638,453,127020,0.31423,0.47,1,96343,95890,453
12467741,4.67348,10.4893,445,127020,0.342846,0.43,1,96347,95902,445
12469601,3.3347,3.69786,446,127020,0.348569,0.51,1,96350,95904,446
12472521,2.26694,9.53957,437,127020,0.333714,0.51,1,96352,95915,437
12475441,2.05339,1.90791,439,127020,0.346743,0.33,1,96354,95915,439
12478361,8.41068,7.58158,440,127020,0.317349,0.36,1,96364,95924,440
12480001,10.4821,7.91632,443,127020,0.36747,0.38,1,96375,95932,443
12482921,4.49643,2.38326,445,127020,0.361494,0.36,1,96378,95933,445
12485841,12.8993,2.87665,457,127020,0.344299,0.38,1,96393,95936,457
12488761,8.97986,16.5753,445,127020,0.37286,0.4,1,96401,95956,445
12490821,10.596,8.11507,450,127020,0.378572,0.35,1,96412,95962,450
12493741,7.71919,9.62301,447,127020,0.331714,0.37,1,96419,95972,447
12496021,5.54384,8.3246,444,127020,0.402343,0.37,1,96424,95980,444
12498941,5.90877,6.46492,444,127020,0.368469,0.37,1,96430,95986,444
12501221,7.58175,2.89298,450,127020,0.329694,0.39,1,96438,95988,450
12504141,3.11635,8.5786,442,127020,0.289939,0.39,1,96440,95998,442
12507061,2.22327,1.71572,444,127020,0.297988,0.34,1,96442,95998,444
12509541,8.44465,6.74314,446,127020,0.307598,0.41,1,96452,96006,446
12512461,7.28893,4.54863,449,127020,0.33352,0.4,1,96459,96010,449
12515381,5.45779,6.50973,447,127020,0.290704,0.44,1,96464,96017,447
12517861,4.29156,4.50195,447,127020,0.290141,0.4,1,96468,96021,447
12520781,2.45831,10.5004,437,127020,0.314028,0.4,1,96470,96033,437
12523701,2.09166,2.10008,439,127020,0.286806,0.4,1,96472,96033,439
12526621,7.61833,0.420016,448,127020,0.329361,0.31,1,96481,96033,448
12528261,4.72367,6.484,444,127020,0.273872,0.35,1,96485,96041,444
12531181,2.54473,4.4968,442,127020,0.350774,0.35,1,96487,96045,442
12534101,2.10895,0.89936,444,127020,0.342155,0.43,1,96489,96045,444
12537021,2.02179,6.57987,438,127020,0.364431,0.46,1,96491,96053,438
12539941,8.40436,4.51597,444,127020,0.328886,0.42,1,96501,96057,444
12542821,96.8809,2.50319,561,127020,0.273777,0.22,1,96620,96059,561
12545741,20.9762,94.9006,445,127020,0.230755,0.26,1,96622,96177,445
12548661,6.59523,25.3801,440,127020,0.214151,0.45,1,96625,96185,440
12551141,15.719,6.67603,456,127020,0.25883,0.28,1,96643,96187,456
12554061,23.9438,18.9352,460,127020,0.363766,0.28,1,96669,96209,460
12556981,18.3888,22.187,454,127020,0.336753,0.3,1,96686,96232,454
12559901,7.67775,15.6374,445,127020,0.291351,0.37,1,96691,96246,445
12561541,3.13555,11.1275,437,127020,0.25027,0.28,1,96693,96256,437
12564461,5.42711,8.6255,435,127020,0.290054,0.27,1,96699,96264,435
12566321,3.48542,4.9251,434,127020,0.346011,0.29,1,96702,96268,434
12569241,7.89708,4.18502,439,127020,0.317202,0.27,1,96711,96272,439
12572161,3.97942,6.437,435,127020,0.36744,0.39,1,96714,96279,435
12574021,10.3959,2.8874,445,127020,0.369488,0.38,1,96726,96281,445
12576941,3.67918,10.1775,435,127020,0.337898,0.38,1,96728,96293,435
12579861,18.3358,2.0355,457,127020,0.38758,0.25,1,96750,96293,457
12582781,5.26717,15.6071,440,127020,0.373516,0.28,1,96752,96312,440
12584421,16.2534,4.72142,457,127020,0.394703,0.3,1,96771,96314,457
12587341,5.65069,16.1443,441,127020,0.374941,0.29,1,96774,96333,441
12589621,4.33014,4.82886,443,127020,0.418988,0.32,1,96778,96335,443
12592541,7.26603,7.36577,443,127020,0.379798,0.35,1,96786,96343,443
12594821,6.25321,4.67315,445,127020,0.40396,0.35,1,96792,96347,445
12597741,2.85064,6.53463,440,127020,0.416792,0.35,1,96794,96354,440
12600661,2.17013,1.30693,442,127020,0.395358,0.35,1,96796,96354,442
12602721,3.63403,0.261385,446,127020,0.415072,0.4,1,96800,96354,446
12605641,15.1268,9.65228,452,127020,0.347014,0.36,1,96818,96366,452
12608561,4.62536,11.5305,442,127020,0.301403,0.36,1,96820,96378,442
12610421,9.72507,2.30609,453,127020,0.404281,0.34,1,96831,96378,453
12613341,8.34501,12.4612,446,127020,0.464856,0.38,1,96839,96393,446
12616261,12.869,8.89224,452,127020,0.476971,0.38,1,96853,96401,452
12619181,5.7738,10.5784,445,127020,0.463394,0.32,1,96857,96412,445
12621441,7.55476,7.71569,446,127020,0.372679,0.36,1,96865,96419,446
12624361,3.11095,10.3431,437,127020,0.354536,0.36,1,96867,96430,437
12627281,8.62219,2.06863,447,127020,0.430907,0.28,1,96877,96430,447
12629761,3.32444,8.41373,439,127020,0.438181,0.3,1,96879,96440,439
12632681,2.26489,3.28275,439,127020,0.439636,0.31,1,96881,96442,439
12635601,6.85298,8.65655,437,127020,0.431927,0.34,1,96889,96452,437
12638081,7.7706,7.33131,438,127020,0.406385,0.28,1,96897,96459,438
12641001,4.75412,5.46626,437,127020,0.457277,0.29,1,96901,96464,437
12643281,7.35082,4.29325,441,127020,0.459455,0.37,1,96909,96468,441
12646201,4.67016,7.25865,437,127020,0.443891,0.37,1,96913,96476,437
12649121,2.53403,1.45173,439,127020,0.424778,0.37,1,96915,96476,439
12652041,5.30681,0.290346,445,127020,0.420956,0.34,1,96921,96476,445
12654721,2.66136,4.05807,442,127020,0.460191,0.37,1,96923,96481,442
12657641,6.13227,8.81161,439,127020,0.444038,0.37,1,96930,96491,439
12660561,2.82645,1.76232,441,127020,0.456808,0.37,1,96932,96491,441
12663481,2.16529,0.352465,443,127020,0.435362,0.32,1,96934,96491,443
12666401,8.43306,8.07049,443,127020,0.327072,0.26,1,96944,96501,443
12669321,85.6866,96.8141,429,127020,0.361414,0.22,1,97049,96620,429
12671781,29.1373,20.9628,442,127020,0.424283,0.2,1,97064,96622,442
12674701,7.42746,8.99256,438,127020,0.436857,0.27,1,97066,96628,438
12677621,14.2855,13.7985,439,127020,0.487371,0.39,1,97082,96643,439
12680541,21.2571,23.5597,436,127020,0.425474,0.33,1,97105,96669,436
12683461,17.8514,18.3119,436,127020,0.485095,0.28,1,97122,96686,436
12686341,13.1703,7.66239,443,127020,0.425019,0.34,1,97134,96691,443
12689261,4.23406,6.33248,439,127020,0.429004,0.3,1,97136,96697,439
12692181,4.84681,2.8665,442,127020,0.437801,0.31,1,97141,96699,442
12695101,8.16936,10.1733,439,127020,0.47156,0.38,1,97150,96711,439
12697361,4.03387,4.43466,439,127020,0.446312,0.35,1,97153,96714,439
12700281,4.80677,5.68693,438,127020,0.417262,0.33,1,97158,96720,438
12702561,2.56135,7.53739,432,127020,0.395452,0.4,1,97160,96728,432
12705481,25.3123,19.1075,441,127020,0.431091,0.37,1,97191,96750,441
12707761,6.66245,5.4215,441,127020,0.406218,0.38,1,97193,96752,441
12710681,17.3325,9.8843,450,127020,0.409244,0.37,1,97213,96763,450
12712961,5.0665,10.7769,441,127020,0.425849,0.36,1,97215,96774,441
12715881,10.6133,9.35537,444,127020,0.41317,0.37,1,97227,96783,444
12718801,5.32266,4.27107,445,127020,0.354634,0.41,1,97231,96786,445
12721701,4.26453,5.65422,443,127020,0.310927,0.39,1,97235,96792,443
12724621,2.45291,4.33084,441,127020,0.390185,0.39,1,97237,96796,441
12727541,2.09058,0.866169,443,127020,0.414037,0.42,1,97239,96796,443
12730021,17.2181,3.37323,460,127020,0.330807,0.33,1,97260,96800,460
12732941,5.04362,15.0746,444,127020,0.290161,0.29,1,97262,96818,444
12735221,5.00872,4.61493,447,127020,0.378032,0.43,1,97267,96820,447
12738141,10.6017,9.72299,448,127020,0.443606,0.48,1,97279,96831,448
12741061,13.3203,8.3446,454,127020,0.408721,0.48,1,97293,96839,454
12743981,5.86407,12.8689,444,127020,0.345744,0.46,1,97297,96853,444
12745621,10.7728,5.77378,452,127020,0.445149,0.35,1,97309,96857,452
12748541,3.75456,7.55476,446,127020,0.42503,0.35,1,97311,96865,446
12750821,3.95091,3.11095,448,127020,0.357006,0.45,1,97315,96867,448
12753741,5.59018,8.62219,444,127020,0.431401,0.44,1,97321,96877,444
12756021,9.11804,3.32444,452,127020,0.45428,0.45,1,97331,96879,452
12758941,3.42361,7.86489,445,127020,0.450856,0.43,1,97333,96888,445
12761861,2.28472,2.37298,446,127020,0.434171,0.4,1,97335,96889,446
12764781,6.85694,6.8746,446,127020,0.366834,0.47,1,97343,96897,446
12767461,4.57139,4.57492,446,127020,0.361367,0.46,1,97347,96901,446
12770381,10.5143,7.31498,450,127020,0.400273,0.44,1,97359,96909,450
12773301,3.70286,4.663,448,127020,0.376055,0.42,1,97361,96913,448
12775781,3.94057,2.5326,450,127020,0.419211,0.42,1,97365,96915,450
12778701,2.38811,5.30652,446,127020,0.451842,0.47,1,97367,96921,446
12780981,3.67762,2.6613,448,127020,0.426368,0.43,1,97371,96923,448
12783901,2.33552,9.33226,439,127020,0.397274,0.43,1,97373,96934,439
12786821,2.0671,1.86645,441,127020,0.367455,0.43,1,97375,96934,441
12789741,2.01342,0.37329,443,127020,0.385491,0.3,1,97377,96934,443
12792661,8.40268,8.07466,443,127020,0.381098,0.37,1,97387,96944,443
12795581,88.8805,85.6149,447,127020,0.27622,0.44,1,97496,97049,447
12798501,30.5761,29.123,448,127020,0.359244,0.44,1,97512,97064,448
12800321,6.91522,7.4246,447,127020,0.359849,0.5,1,97513,97066,447
12803241,10.183,14.2849,442,127020,0.39997,0.41,1,97524,97082,442
12806161,24.4366,21.257,447,127020,0.407994,0.5,1,97552,97105,447
12809081,12.8873,17.8514,440,127020,0.449599,0.41,1,97562,97122,440
12812001,13.7775,13.1703,442,127020,0.39392,0.43,1,97576,97134,442
12813841,3.55549,4.23406,441,127020,0.374784,0.39,1,97577,97136,441
12816761,10.3111,8.04681,444,127020,0.362957,0.39,1,97589,97145,444
12819681,4.46222,1.60936,447,127020,0.320591,0.48,1,97592,97145,447
12822601,6.49244,4.32187,449,127020,0.368118,0.44,1,97599,97150,449
12824661,6.09849,3.26437,452,127020,0.369624,0.48,1,97605,97153,452
12827581,2.8197,10.2529,442,127020,0.401925,0.48,1,97607,97165,442
12830501,20.5639,2.05057,467,127020,0.344385,0.44,1,97632,97165,467
12833421,5.71279,21.2101,443,127020,0.300877,0.4,1,97634,97191,443
12835061,16.3426,5.84202,460,127020,0.380175,0.41,1,97653,97193,460
12837981,4.86851,17.1684,442,127020,0.444035,0.43,1,97655,97213,442
12840261,13.7737,5.03368,456,127020,0.360807,0.41,1,97671,97215,456
12843181,4.35474,10.6067,446,127020,0.344161,0.34,1,97673,97227,446
12845461,2.47095,5.32135,444,127020,0.308832,0.3,1,97675,97231,444
12848381,2.09419,4.26427,442,127020,0.365766,0.41,1,97677,97235,442
12850661,5.21884,2.45285,446,127020,0.321153,0.42,1,97683,97237,446
12853581,2.64377,2.09057,446,127020,0.344231,0.31,1,97685,97239,446
12856501,15.7288,17.2181,444,127020,0.332846,0.28,1,97704,97260,444
12858561,4.74575,5.04362,444,127020,0.290569,0.47,1,97706,97262,444
12861481,8.94915,7.40872,446,127020,0.370114,0.46,1,97716,97270,446
12864401,6.58983,8.68175,443,127020,0.354023,0.4,1,97722,97279,443
12867321,10.918,12.9363,441,127020,0.374805,0.33,1,97734,97293,441
12868961,8.58359,5.78727,445,127020,0.402961,0.51,1,97742,97297,445
12871881,11.3167,8.35745,448,127020,0.344592,0.42,1,97754,97306,448
12874161,3.86334,5.67149,445,127020,0.396918,0.47,1,97756,97311,445
12877081,3.97267,5.9343,443,127020,0.375384,0.45,1,97760,97317,443
12880001,6.39453,4.38686,446,127020,0.379077,0.46,1,97767,97321,446
12882901,6.07891,8.87737,442,127020,0.379815,0.45,1,97773,97331,442
12885821,2.81578,3.37547,442,127020,0.347963,0.43,1,97775,97333,442
12888101,8.56316,2.27509,450,127020,0.373593,0.35,1,97785,97335,450
12891021,3.31263,6.85502,444,127020,0.354719,0.36,1,97787,97343,444
12892881,3.06253,4.571,443,127020,0.382944,0.44,1,97790,97347,443
12895801,9.41251,8.1142,445,127020,0.348589,0.41,1,97801,97356,445
12898081,3.4825,4.02284,444,127020,0.349718,0.45,1,97803,97359,444
12901001,5.4965,9.60457,439,127020,0.437944,0.45,1,97809,97370,439
12903921,2.6993,1.92091,441,127020,0.455589,0.45,1,97811,97370,441
12906841,2.13986,0.384183,443,127020,0.459118,0.39,1,97813,97370,443
12909521,4.42797,2.47684,445,127020,0.395824,0.35,1,97818,97373,445
12912441,2.48559,5.29537,441,127020,0.407165,0.35,1,97820,97379,441
12915361,2.09712,1.05907,443,127020,0.441433,0.38,1,97822,97379,443
12918281,3.61942,6.61181,439,125560,0.392287,0.25,1,97826,97387,439
12921201,91.1239,88.5224,443,125560,0.438457,0.38,1,97939,97496,443
12924121,29.4248,30.5045,441,125560,0.271691,0.36,1,97953,97512,441
12926161,7.48495,6.90089,442,125560,0.342338,0.49,1,97955,97513,442
12929081,13.497,11.7802,444,125560,0.276468,0.41,1,97970,97526,444
12932001,23.4994,23.156,444,125560,0.255294,0.46,1,97996,97552,444
12934901,11.8999,12.6312,443,125560,0.259059,0.38,1,98005,97562,443
12937821,11.98,13.7262,441,125560,0.291812,0.37,1,98017,97576,441
12939681,3.196,3.54525,441,125560,0.282362,0.36,1,98018,97577,441
12942601,12.6392,10.309,444,125560,0.360472,0.31,1,98033,97589,444
12944881,4.12784,4.46181,443,125560,0.376094,0.38,1,98035,97592,443
12947801,5.62557,6.49236,442,125560,0.419219,0.38,1,98041,97599,442
12950081,4.32511,1.29847,446,125560,0.395844,0.39,1,98045,97599,446
12953001,5.66502,7.45969,443,125560,0.407169,0.39,1,98051,97608,443
12955921,18.733,1.49194,465,125560,0.265434,0.33,1,98073,97608,465
12958401,5.3466,19.4984,443,125560,0.365087,0.28,1,98075,97632,443
12961321,14.6693,10.2997,452,125560,0.377017,0.46,1,98092,97640,452
12963601,6.93386,14.0599,442,125560,0.363403,0.34,1,98097,97655,442
12966521,11.7868,15.612,439,125560,0.400681,0.34,1,98110,97671,439
12968801,3.95735,4.7224,439,125560,0.376136,0.35,1,98112,97673,439
12971721,5.59147,7.34448,437,125560,0.371227,0.35,1,98118,97681,437
12974641,2.71829,1.4689,439,125560,0.378245,0.31,1,98120,97681,439
12977561,2.14366,1.89378,439,125560,0.419649,0.35,1,98122,97683,439
12979201,1.22873,1.97876,438,125560,0.42793,0.33,1,98123,97685,438
12982121,10.6457,15.5958,432,125560,0.429586,0.28,1,98136,97704,432
12984401,11.7291,4.71915,442,125560,0.413917,0.39,1,98148,97706,442
12987321,10.3458,8.94383,442,125560,0.266783,0.35,1,98158,97716,442
12989601,3.66917,6.58877,438,125560,0.373357,0.42,1,98160,97722,438
12992521,14.3338,4.51775,451,125560,0.330671,0.38,1,98177,97726,451
12995441,6.06677,7.30355,447,125560,0.378134,0.33,1,98181,97734,447
12997921,12.4134,17.4607,441,125560,0.411627,0.41,1,98195,97754,441
13000841,4.08267,5.09214,441,125560,0.386325,0.37,1,98197,97756,441
13003541,8.81653,4.21843,447,125560,0.381265,0.38,1,98207,97760,447
13006461,3.36331,6.44369,442,125560,0.388253,0.38,1,98209,97767,442
13008741,7.07266,6.08874,444,125560,0.413651,0.4,1,98217,97773,444
13011661,3.01453,4.41775,442,125560,0.41873,0.38,1,98219,97777,442
13014581,5.40291,7.28355,440,125560,0.371746,0.35,1,98225,97785,440
13016641,2.68058,3.05671,440,125560,0.362349,0.39,1,98227,97787,440
13019561,5.33612,7.01134,438,125560,0.39247,0.34,1,98233,97795,438
13022481,12.2672,6.20227,446,125560,0.358494,0.35,1,98247,97801,446
13025381,7.25344,2.84045,450,125560,0.263699,0.48,1,98253,97803,450
13028301,3.05069,6.16809,445,125560,0.21274,0.46,1,98255,97810,445
13031201,2.21014,2.03362,446,125560,0.258548,0.41,1,98257,97811,446
13034121,2.04203,7.60672,439,125560,0.27571,0.41,1,98259,97820,439
13037041,2.00841,1.52134,441,125560,0.335142,0.41,1,98261,97820,441
13039961,2.00168,0.304269,443,125560,0.315028,0.45,1,98263,97820,443
13042021,4.40034,1.66085,446,125560,0.271006,0.33,1,98268,97822,446
13044941,84.8801,5.93217,544,125560,0.310201,0.45,1,98373,97829,544
13047861,28.176,89.1864,448,125560,0.40604,0.23,1,98387,97939,448
13050781,7.2352,29.0373,436,125560,0.393208,0.26,1,98389,97953,436
13053701,18.247,19.4075,440,125560,0.398642,0.25,1,98410,97970,440
13056621,26.0494,24.6815,442,125560,0.431728,0.26,1,98438,97996,442
13059281,8.40988,12.1363,437,125560,0.382346,0.3,1,98442,98005,437
13062201,13.682,12.0273,440,125560,0.380469,0.28,1,98457,98017,440
13065121,5.9364,3.20545,443,125560,0.444094,0.38,1,98461,98018,443
13068041,12.3873,12.6411,442,125560,0.392819,0.38,1,98475,98033,442
13070721,8.87746,4.12822,448,125560,0.430564,0.41,1,98483,98035,448
13073641,3.37549,8.02564,441,125560,0.406113,0.39,1,98485,98044,441
13076561,2.2751,2.40513,442,125560,0.393223,0.41,1,98487,98045,442
13079461,20.455,5.28103,461,125560,0.374645,0.23,1,98512,98051,461
13082381,8.891,18.6562,445,125560,0.290929,0.39,1,98518,98073,445
13084661,12.1782,5.33124,456,125560,0.362186,0.38,1,98531,98075,456
13087581,8.03564,14.6662,446,125560,0.376437,0.36,1,98538,98092,446
13090501,12.0071,6.93325,454,125560,0.339287,0.41,1,98551,98097,454
13093421,5.60143,11.7867,445,125560,0.363858,0.37,1,98555,98110,445
13096341,2.72029,8.75733,439,125560,0.336772,0.38,1,98557,98118,439
13099261,2.14406,3.35147,439,125560,0.283354,0.38,1,98559,98120,439
13101301,4.42881,0.670293,444,125560,0.368671,0.41,1,98564,98120,444
13104221,2.48576,3.33406,442,125560,0.401734,0.43,1,98566,98124,442
13107141,11.6972,10.2668,444,125560,0.416347,0.41,1,98580,98136,444
13110061,15.9394,11.6534,449,125560,0.299269,0.23,1,98597,98148,449
13112321,5.58789,10.3307,442,125560,0.315854,0.45,1,98600,98158,442
13115241,13.1176,5.26613,453,125560,0.367171,0.32,1,98615,98162,453
13118161,9.02352,13.0532,446,125560,0.281434,0.39,1,98623,98177,446
13120641,3.4047,5.81065,444,125560,0.400287,0.42,1,98625,98181,444
13123561,9.48094,12.3621,441,125560,0.360057,0.38,1,98636,98195,441
13125841,3.49619,4.07243,441,125560,0.352011,0.38,1,98638,98197,441
13128761,10.2992,8.81449,443,125560,0.302402,0.39,1,98650,98207,443
13131041,3.65985,3.3629,443,125560,0.41248,0.42,1,98652,98209,443
13133961,5.53197,7.07258,441,125560,0.378496,0.42,1,98658,98217,441
13136881,4.30639,3.01452,443,125560,0.435699,0.36,1,98662,98219,443
13139361,5.66128,5.4029,443,125560,0.43114,0.36,1,98668,98225,443
13142281,5.93226,2.68058,447,125560,0.406228,0.4,1,98674,98227,447
13145201,7.58645,5.33612,449,125560,0.385246,0.35,1,98682,98233,449
13148121,7.91729,12.2672,443,125560,0.373049,0.24,1,98690,98247,443
13149761,2.38346,7.25344,438,125560,0.35461,0.28,1,98691,98253,438
13152681,5.27669,6.25069,438,125560,0.358922,0.28,1,98697,98259,438
13155601,2.65534,1.25014,440,125560,0.327784,0.28,1,98699,98259,440
13158521,2.13107,0.250028,442,125560,0.321557,0.35,1,98701,98259,442
13161441,2.02621,1.65001,442,125560,0.312311,0.35,1,98703,98261,442
13163701,2.80524,0.330001,445,125560,0.262462,0.3,1,98706,98261,445
13166621,2.96105,4.066,443,125560,0.300492,0.32,1,98709,98266,443
13169541,81.3922,86.4132,437,125560,0.300099,0.43,1,98810,98373,437
13172461,29.8784,28.4826,440,125560,0.30802,0.39,1,98827,98387,440
13175381,7.57569,7.29653,440,125560,0.285604,0.39,1,98829,98389,440
13177221,19.1151,1.45931,462,125560,0.321121,0.4,1,98851,98389,462
13180141,26.223,17.0919,469,125560,0.328224,0.44,1,98879,98410,469
13183061,9.24461,25.8184,446,125560,0.281645,0.37,1,98884,98438,446
13185541,13.0489,8.36367,456,125560,0.288329,0.38,1,98898,98442,456
13188461,5.00978,13.6727,444,125560,0.241666,0.46,1,98901,98457,444
13191381,13.802,5.93455,456,125560,0.296333,0.38,1,98917,98461,456
13194301,7.56039,12.3869,448,125560,0.219267,0.44,1,98923,98475,448
13197221,7.11208,8.87738,447,125560,0.187853,0.4,1,98930,98483,447
13200101,3.02242,3.37548,447,125560,0.277571,0.41,1,98932,98485,447
13203021,17.4045,5.4751,462,125560,0.247514,0.37,1,98953,98491,462
13205941,9.0809,17.895,448,125560,0.241503,0.27,1,98960,98512,448
13208861,9.81618,8.379,452,125560,0.240301,0.38,1,98970,98518,452
13211781,7.56324,17.6758,439,125560,0.20006,0.33,1,98977,98538,439
13214701,12.7126,13.9352,440,125560,0.312012,0.37,1,98991,98551,440
13217621,7.34253,5.98703,442,125560,0.302402,0.37,1,98997,98555,442
13219861,3.06851,1.19741,444,125560,0.26048,0.41,1,98999,98555,444
13222781,2.2137,6.63948,438,125560,0.220096,0.41,1,99001,98563,438
13225701,2.04274,1.3279,440,125560,0.204019,0.41,1,99003,98563,440
13228621,2.00855,2.66558,439,125560,0.264804,0.42,1,99005,98566,439
13231541,13.2017,11.7331,441,125560,0.276961,0.27,1,99021,98580,441
13234461,15.4403,15.9466,440,125560,0.231392,0.32,1,99037,98597,440
13237381,6.28807,5.58932,441,125560,0.158278,0.38,1,99041,98600,441
13240301,14.8576,13.1179,443,125560,0.263656,0.26,1,99058,98615,443
13243221,6.17152,9.02357,439,125560,0.252731,0.43,1,99062,98623,439
13245441,2.8343,3.40471,439,125560,0.226546,0.35,1,99064,98625,439
13248361,7.76686,9.48094,437,125560,0.365309,0.35,1,99073,98636,437
13251281,3.15337,3.49619,437,125560,0.361062,0.29,1,99075,98638,437
13254201,11.0307,10.2992,438,125560,0.328212,0.44,1,99088,98650,438
13257121,11.8061,3.65985,448,125560,0.337642,0.37,1,99100,98652,448
13260041,3.96123,5.53197,444,125560,0.315529,0.45,1,99102,98658,444
13262081,2.39225,4.30639,442,125560,0.279106,0.44,1,99104,98662,442
13265001,10.0784,8.86128,444,125560,0.287821,0.4,1,99116,98672,444
13267921,6.01569,3.37226,447,125560,0.273564,0.38,1,99121,98674,447
13270401,3.60314,7.07445,442,125560,0.270713,0.37,1,99124,98682,442
13273321,3.92063,7.81489,438,125560,0.270143,0.35,1,99128,98690,438
13275601,7.18413,2.36298,445,125560,0.246029,0.31,1,99136,98691,445
13278521,4.63683,10.0726,437,125560,0.313206,0.31,1,99140,98703,437
13281441,4.12737,2.01452,441,125560,0.262641,0.31,1,99144,98703,441
13284361,2.42547,0.402904,443,125560,0.220528,0.31,1,99146,98703,443
13287281,2.08509,0.0805808,445,125560,0.188106,0.25,1,99148,98703,445
13289121,1.21702,2.41612,443,125560,0.181621,0.43,1,99149,98706,443
13292041,5.0434,9.28322,438,125560,0.252324,0.3,1,99155,98717,438
13294961,75.4087,76.2566,438,125560,0.298465,0.31,1,99248,98810,438
13297881,26.2817,28.8513,435,125560,0.299693,0.28,1,99262,98827,435
13300561,10.8563,7.37027,440,125560,0.203939,0.33,1,99269,98829,440
13303481,33.3713,19.0741,457,125560,0.200788,0.33,1,99308,98851,457
13306401,17.0743,26.2148,442,125560,0.320158,0.27,1,99321,98879,442
13309301,14.6149,9.24296,451,125560,0.248031,0.29,1,99335,98884,451
13312221,4.52297,13.0486,439,125560,0.201606,0.23,1,99337,98898,439
13315141,9.70459,5.00972,447,125560,0.336321,0.31,1,99348,98901,447
13318061,10.7409,13.8019,442,125560,0.251264,0.2,1,99359,98917,442
13320741,4.54818,7.56039,439,125560,0.258253,0.18,1,99362,98923,439
13323661,4.90964,7.11208,437,125560,0.243651,0.3,1,99367,98930,437
13325941,13.7819,3.02242,451,125560,0.23273,0.24,1,99383,98932,451
13328861,10.7564,17.4045,440,125560,0.246546,0.24,1,99393,98953,440
13330721,2.95128,9.0809,434,125560,0.273309,0.24,1,99394,98960,434
13333641,12.5903,9.81618,439,125560,0.342662,0.19,1,99409,98970,439
13336561,4.11805,7.56324,434,125560,0.324532,0.19,1,99411,98977,434
13338421,9.62361,1.51265,445,125560,0.352906,0.34,1,99422,98977,445
13341341,9.12472,11.5025,440,125560,0.310581,0.3,1,99431,98991,440
13343621,5.82494,7.10051,439,125560,0.270116,0.28,1,99436,98997,439
13346541,3.56499,7.8201,434,125560,0.310023,0.28,1,99439,99005,434
13349461,2.313,1.56402,436,125560,0.278005,0.28,1,99441,99005,436
13352381,2.0626,0.312804,438,125560,0.271601,0.28,1,99443,99005,438
13355301,11.6125,0.0625608,452,125560,0.31032,0.28,1,99457,99005,452
13358221,17.5225,12.8125,455,125560,0.326064,0.22,1,99476,99021,455
13361141,6.7045,15.3625,443,125560,0.385213,0.14,1,99480,99037,443
13363381,11.7409,6.2725,452,125560,0.317043,0.29,1,99493,99041,452
13366301,8.74818,14.8545,443,125560,0.343408,0.25,1,99501,99058,443
13368161,2.54964,6.1709,440,125560,0.332682,0.33,1,99502,99062,440
13371081,3.70993,6.03418,438,125560,0.418536,0.4,1,99506,99068,438
13374001,2.34199,5.20684,435,125560,0.403707,0.36,1,99508,99073,435
13376481,2.0684,2.64137,435,125560,0.408741,0.32,1,99510,99075,435
13379401,14.0137,10.9283,439,125560,0.401748,0.34,1,99527,99088,439
13382321,9.20274,11.7857,435,125560,0.35235,0.31,1,99535,99100,435
13384801,6.64055,3.95713,439,125560,0.31847,0.36,1,99541,99102,439
13387721,9.32811,9.59143,438,125560,0.335694,0.29,1,99551,99113,438
13390641,5.06562,4.31829,439,125560,0.331139,0.27,1,99555,99116,439
13393121,2.61312,4.86366,436,125560,0.330228,0.27,1,99557,99121,436
13396041,3.72262,3.37273,437,125560,0.418046,0.27,1,99561,99124,437
13398321,3.94452,3.87455,437,125560,0.451609,0.37,1,99565,99128,437
13401241,3.9889,8.77491,431,125560,0.442322,0.33,1,99569,99138,431
13404161,7.19778,3.35498,437,125560,0.400464,0.25,1,99577,99140,437
13406641,3.03956,3.871,435,125560,0.360093,0.2,1,99579,99144,435
13409561,7.00791,6.3742,436,125560,0.328019,0.2,1,99587,99151,436
13412481,3.00158,1.27484,438,125560,0.321604,0.2,1,99589,99151,438
13415401,3.80032,0.254968,442,125560,0.376321,0.27,1,99593,99151,442
13418321,75.9601,3.25099,532,125560,0.267264,0.31,1,99687,99155,532
13421241,24.792,75.0502,451,125560,0.341453,0.3,1,99699,99248,451
13424161,6.5584,26.21,439,125560,0.380291,0.18,1,99701,99262,439
13426821,38.1117,10.842,478,125560,0.380058,0.2,1,99747,99269,478
13429741,14.0223,33.3684,447,125560,0.268012,0.35,1,99755,99308,447
13431601,3.60447,17.0737,435,125560,0.229602,0.23,1,99756,99321,435
13434521,14.3209,14.6147,438,125560,0.42992,0.19,1,99773,99335,438
13436801,6.06418,4.52295,440,125560,0.405984,0.37,1,99777,99337,440
13439721,4.41284,9.70459,433,125560,0.377197,0.23,1,99781,99348,433
13442641,13.6826,10.7409,438,125560,0.387439,0.23,1,99797,99359,438
13444501,4.33651,2.14818,440,125560,0.365488,0.26,1,99799,99359,440
13447421,4.8673,2.82964,442,125560,0.273098,0.24,1,99804,99362,442
13449701,12.1735,4.56593,451,125560,0.38262,0.23,1,99818,99367,451
13452621,12.0347,13.7132,447,125560,0.396524,0.25,1,99830,99383,447
13455541,4.80694,10.7426,440,125560,0.359305,0.36,1,99833,99393,440
13458461,12.9614,14.9485,439,125560,0.391861,0.32,1,99848,99409,439
13461381,4.19228,4.58971,439,125560,0.430372,0.32,1,99850,99411,439
13463221,8.03846,0.917941,448,125560,0.438074,0.3,1,99859,99411,448
13466141,8.00769,16.1836,436,125560,0.383615,0.26,1,99867,99431,436
13469041,9.60154,7.23672,441,125560,0.348723,0.32,1,99877,99436,441
13471961,5.12031,3.84734,442,125560,0.317745,0.27,1,99881,99439,442
13474241,2.62406,2.36947,442,125560,0.367549,0.37,1,99883,99441,442
13477161,8.52481,9.27389,441,125560,0.28951,0.32,1,99893,99452,441
13480081,3.30496,5.85478,438,125560,0.369902,0.33,1,99895,99457,438
13483001,15.861,16.371,438,125560,0.33798,0.4,1,99914,99476,438
13485681,6.3722,6.47419,438,125560,0.275596,0.3,1,99918,99480,438
13488601,11.6744,11.6948,438,125560,0.431119,0.35,1,99931,99493,438
13491521,12.7349,8.73897,443,125560,0.342224,0.33,1,99944,99501,443
13493381,4.14698,2.54779,444,125560,0.284445,0.44,1,99946,99502,444
13496301,3.2294,3.70956,443,125560,0.376889,0.4,1,99949,99506,443
13499201,3.04588,2.34191,444,125560,0.371378,0.46,1,99952,99508,444
13502121,9.40918,2.86838,452,125560,0.362276,0.4,1,99963,99511,452
13505041,7.48183,13.3737,443,125560,0.368455,0.34,1,99970,99527,443
13507521,3.89637,9.07474,438,125560,0.393691,0.31,1,99973,99535,438
13510441,17.5793,6.61495,453,125560,0.422738,0.34,1,99994,99541,453
13512721,5.11585,9.32299,445,125560,0.428548,0.33,1,99996,99551,445
13515641,4.22317,5.0646,445,125560,0.42171,0.33,1,100000,99555,445
13517921,2.44463,2.61292,445,125560,0.388342,0.48,1,100002,99557,445
13520841,3.68893,7.72258,440,125560,0.421668,0.48,1,100006,99566,440
13523761,2.33779,1.54452,442,125560,0.428334,0.44,1,100008,99566,442
13526681,2.06756,2.7089,441,125560,0.445667,0.39,1,100010,99569,441
13529601,5.21351,6.94178,439,125560,0.433133,0.35,1,100016,99577,439
13531441,1.8427,2.98836,438,125560,0.446627,0.32,1,100017,99579,438
13534361,11.5685,8.59767,442,125560,0.345325,0.32,1,100031,99589,442
13537281,3.91371,1.71953,444,125560,0.349065,0.39,1,100033,99589,444
13539761,3.98274,3.54391,444,125560,0.293813,0.24,1,100037,99593,444
13542681,72.7965,75.9088,440,125560,0.362763,0.36,1,100127,99687,440
13545601,25.7593,24.7818,442,125560,0.304553,0.39,1,100141,99699,442
13548521,6.75186,6.55635,442,125560,0.25291,0.39,1,100143,99701,442
13550581,39.7504,1.31127,490,125560,0.250582,0.38,1,100191,99701,490
13553501,12.7501,37.0623,450,125560,0.234116,0.24,1,100197,99747,450
13556421,4.15001,13.8125,444,125560,0.198823,0.48,1,100199,99755,444
13559341,12.03,17.1625,440,125560,0.303765,0.4,1,100213,99773,440
13562261,8.006,6.6325,443,125560,0.356753,0.37,1,100220,99777,443
13565181,4.8012,4.5265,443,125560,0.335351,0.39,1,100224,99781,443
13568101,11.3602,13.7053,440,125560,0.33907,0.36,1,100237,99797,440
13569921,3.87205,4.34106,440,125560,0.307814,0.4,1,100239,99799,440
13572841,6.37441,5.66821,441,125560,0.205563,0.41,1,100246,99805,441
13575761,19.6749,11.5336,451,125560,0.337113,0.4,1,100269,99818,451
13578681,9.53498,11.9067,446,125560,0.283422,0.35,1,100276,99830,446
13580321,2.707,4.78135,444,125560,0.256684,0.4,1,100277,99833,444
13583241,11.7414,12.9563,443,125560,0.299337,0.44,1,100291,99848,443
13586161,3.94828,4.19125,443,125560,0.275867,0.44,1,100293,99850,443
13588021,9.58966,0.838251,454,125560,0.311173,0.37,1,100304,99850,454
13590941,3.51793,13.7677,439,125560,0.374235,0.34,1,100306,99867,439
13593841,7.10359,10.7535,437,125560,0.282847,0.31,1,100314,99877,437
13596761,4.62072,5.35071,437,125560,0.336569,0.38,1,100318,99881,437
13599681,4.12414,2.67014,439,125560,0.339314,0.27,1,100322,99883,439
13602601,12.0248,8.53403,443,125560,0.259863,0.39,1,100336,99893,443
13605281,4.00497,3.30681,443,125560,0.299973,0.33,1,100338,99895,443
13608201,13.601,15.8614,440,125560,0.299994,0.26,1,100354,99914,440
13610481,9.9202,6.37227,445,125560,0.195999,0.47,1,100363,99918,445
13613401,6.78404,11.6745,438,125560,0.2952,0.32,1,100369,99931,438
13616321,11.7568,12.7349,438,125560,0.31504,0.27,1,100382,99944,438
13618801,3.95136,4.14698,438,125560,0.287008,0.35,1,100384,99946,438
13621721,7.99027,6.4294,440,125560,0.265402,0.35,1,100393,99953,440
13624641,3.19805,1.28588,442,125560,0.26108,0.36,1,100395,99953,442
13627561,8.63961,8.25718,442,125560,0.324216,0.37,1,100405,99963,442
13630241,7.32792,7.25143,442,125560,0.336843,0.4,1,100412,99970,442
13633161,19.8656,3.85029,462,125560,0.323369,0.43,1,100435,99973,462
13636081,7.17312,17.5701,445,125560,0.320674,0.43,1,100439,99994,445
13638561,4.63462,5.11401,447,125560,0.320135,0.41,1,100443,99996,447
13641481,2.52692,6.6228,442,125560,0.320027,0.41,1,100445,100003,442
13644401,3.70538,1.32456,446,125560,0.296005,0.43,1,100449,100003,446
13647321,2.34108,2.66491,445,125560,0.283201,0.43,1,100451,100006,445
13648961,1.26822,2.13298,444,125560,0.26464,0.43,1,100452,100008,444
13651881,1.85364,2.8266,443,125560,0.284928,0.43,1,100454,100011,443
13654801,1.97073,4.56532,440,125560,0.368986,0.45,1,100456,100016,440
13657721,11.5941,1.71306,453,125560,0.353797,0.32,1,100470,100017,453
13660641,7.11883,11.5426,445,125560,0.318759,0.35,1,100476,100031,445
13662481,2.22377,3.90852,444,125560,0.295752,0.28,1,100477,100033,444
13665401,65.2448,3.9817,521,125560,0.33115,0.38,1,100558,100037,521
13668321,27.449,72.7963,449,125560,0.22623,0.29,1,100576,100127,449
13671241,7.08979,25.7593,437,125560,0.285246,0.24,1,100578,100141,437
13672881,2.21796,6.75185,436,125560,0.281049,0.25,1,100579,100143,436
13675801,40.4436,39.7504,438,125560,0.36021,0.23,1,100629,100191,438
13678721,11.2887,12.7501,436,125560,0.320042,0.19,1,100633,100197,436
13681641,5.45774,4.15001,438,125560,0.304008,0.33,1,100637,100199,438
13684561,11.4915,12.03,437,125560,0.404802,0.37,1,100650,100213,437
13687441,5.49831,8.006,434,125560,0.36896,0.33,1,100654,100220,434
13690361,9.89966,4.8012,441,125560,0.433792,0.34,1,100665,100224,441
13693281,3.57993,11.3602,430,125560,0.438758,0.3,1,100667,100237,430
13696201,11.116,3.87205,441,125560,0.431752,0.18,1,100680,100239,441
13699121,19.0232,6.37441,455,125560,0.37435,0.37,1,100701,100246,455
13702041,13.4046,19.6749,444,125560,0.40287,0.27,1,100713,100269,444
13704961,4.28093,9.53498,439,125560,0.376574,0.31,1,100715,100276,439
13707881,8.85619,13.907,434,125560,0.379315,0.27,1,100725,100291,434
13710801,4.97124,4.3814,436,125560,0.435863,0.27,1,100729,100293,436
13712821,8.99425,0.87628,446,125560,0.399173,0.39,1,100739,100293,446
13715741,7.39885,10.5753,440,125560,0.359835,0.26,1,100746,100306,440
13718661,6.27977,8.51505,438,125560,0.383967,0.35,1,100752,100314,438
13721581,2.85595,4.90301,436,125560,0.356793,0.35,1,100754,100318,436
13723221,10.9712,0.980602,449,125560,0.383359,0.28,1,100767,100318,449
13726141,6.99424,9.79612,443,125560,0.380672,0.24,1,100773,100330,443
13729061,2.99885,6.75922,439,125560,0.348134,0.31,1,100775,100336,439
13731541,6.99977,2.95184,445,125560,0.405627,0.3,1,100783,100338,445
13734461,14.2,13.3904,445,125560,0.353125,0.17,1,100799,100354,445
13737381,10.04,9.87807,445,125560,0.358625,0.32,1,100808,100363,445
13739861,8.408,6.77561,447,125560,0.375725,0.32,1,100816,100369,447
13742781,3.2816,11.7551,436,125560,0.387145,0.28,1,100818,100382,436
13745061,9.45632,3.95102,445,125560,0.421429,0.26,1,100829,100384,445
13747981,5.89126,7.99021,441,125560,0.380286,0.26,1,100834,100393,441
13749841,1.97825,3.19804,440,125560,0.356057,0.34,1,100835,100395,440
13752761,5.19565,8.63961,436,125560,0.375211,0.34,1,100841,100405,436
13755681,10.6391,7.32792,441,125560,0.403042,0.32,1,100853,100412,441
13758601,18.9278,19.8656,439,125560,0.336608,0.32,1,100874,100435,439
13761281,5.38557,7.17312,437,125560,0.379322,0.32,1,100876,100439,437
13764201,5.07711,4.63462,438,125560,0.411864,0.32,1,100881,100443,438
13766481,3.41542,2.52692,439,125560,0.402373,0.29,1,100884,100445,439
13769401,6.28308,7.70539,437,125560,0.376475,0.29,1,100891,100454,437
13772321,2.85662,1.54108,439,125560,0.371295,0.29,1,100893,100454,439
13775241,2.17132,0.308215,441,125560,0.362259,0.29,1,100895,100454,441
13778161,2.03426,0.0616431,443,125560,0.336452,0.39,1,100897,100454,443
13780001,1.20685,1.61233,442,125560,0.31529,0.35,1,100898,100456,442
13782921,6.64137,11.5225,436,125560,0.383058,0.31,1,100906,100470,436
13785201,7.72827,7.10449,438,125560,0.316612,0.28,1,100914,100476,438
13788121,63.9457,3.0209,514,125560,0.311322,0.34,1,100992,100478,514
13791041,23.9891,64.6042,448,125560,0.326264,0.2,1,101006,100558,448
13793961,11.1978,27.3208,438,125560,0.353253,0.3,1,101014,100576,438
13795601,3.03957,7.06417,437,125560,0.342651,0.18,1,101015,100578,437
13798521,39.0079,7.01283,478,125560,0.30853,0.38,1,101063,100585,478
13801441,18.2016,36.6026,447,125560,0.285706,0.31,1,101076,100629,447
13804361,5.24032,10.5205,445,125560,0.337141,0.3,1,101078,100633,445
13806001,1.84806,5.3041,442,125560,0.331428,0.43,1,101079,100637,442
13808921,9.96961,11.4608,441,125560,0.234286,0.36,1,101091,100650,441
13811841,5.19392,5.49216,441,125560,0.310857,0.36,1,101095,100654,441
13813701,11.4388,1.09843,454,125560,0.350171,0.45,1,101108,100654,454
13816621,3.88776,9.01969,445,125560,0.358034,0.44,1,101110,100665,445
13818481,1.57755,3.40394,444,125560,0.343607,0.43,1,101111,100667,444
13821401,5.11551,11.0808,437,125560,0.316721,0.36,1,101117,100680,437
13824321,17.0231,19.0162,436,125560,0.335344,0.41,1,101137,100701,436
13827241,16.2046,13.4032,440,125560,0.299069,0.37,1,101153,100713,440
13829921,4.84092,4.28065,440,125560,0.267814,0.38,1,101155,100715,440
13832841,12.1682,8.85613,444,125560,0.373563,0.45,1,101169,100725,444
13835121,4.03364,4.97123,442,125560,0.362713,0.39,1,101171,100729,442
13838041,10.4067,8.99425,444,125560,0.368543,0.35,1,101183,100739,444
13840961,3.68135,7.39885,439,125560,0.337709,0.39,1,101185,100746,439
13843881,7.93627,6.27977,442,125560,0.275542,0.35,1,101194,100752,442
13846561,3.18725,2.85595,442,125560,0.279108,0.39,1,101196,100754,442
13849481,16.6375,10.9712,449,125560,0.287822,0.38,1,101216,100767,449
13852401,4.92749,6.99424,445,125560,0.297564,0.34,1,101218,100773,445
13855301,5.7855,2.99885,449,125560,0.235513,0.42,1,101224,100775,449
13858221,11.5571,6.99977,454,125560,0.295103,0.34,1,101237,100783,454
13861141,11.1114,14.2,449,125560,0.363021,0.36,1,101248,100799,449
13864061,7.82228,10.04,447,125560,0.296604,0.38,1,101255,100808,447
13866741,5.56446,8.408,444,125560,0.379321,0.39,1,101260,100816,444
13869661,9.11289,3.2816,452,125560,0.291864,0.37,1,101270,100818,452
13872581,5.02258,13.4563,440,125560,0.322373,0.35,1,101274,100834,440
13875061,5.00452,3.49126,444,125560,0.240475,0.38,1,101279,100835,444
13877981,5.0009,5.49825,443,125560,0.320095,0.41,1,101284,100841,443
13880901,5.80018,10.6997,437,125560,0.288019,0.32,1,101290,100853,437
13883821,21.16,18.9399,441,125560,0.249604,0.39,1,101315,100874,441
13886081,5.83201,5.38799,441,125560,0.209921,0.44,1,101317,100876,441
13889001,4.3664,5.8776,439,125560,0.257984,0.4,1,101321,100882,439
13891921,2.47328,2.77552,439,125560,0.235597,0.37,1,101323,100884,439
13894401,2.09466,6.1551,434,125560,0.367119,0.36,1,101325,100891,434
13897321,7.61893,4.43102,439,125560,0.409424,0.36,1,101334,100895,439
13900241,3.12379,0.886204,441,125560,0.393885,0.33,1,101336,100895,441
13902721,2.22476,1.77724,441,125560,0.358777,0.38,1,101338,100897,441
13905641,3.64495,5.15545,439,125560,0.287755,0.4,1,101342,100903,439
13908561,5.52899,3.43109,442,125560,0.273551,0.3,1,101348,100906,442
13911481,68.3058,7.08622,518,125560,0.23871,0.31,1,101432,100914,518
13914401,23.2612,63.8172,452,125560,0.319742,0.33,1,101444,100992,452
13917321,8.65223,23.9634,443,125560,0.319948,0.36,1,101449,101006,443
13920241,4.13045,11.1927,438,125560,0.29599,0.3,1,101452,101014,438
13923161,40.0261,41.4385,438,125560,0.347198,0.28,1,101501,101063,438
13926081,14.4052,18.6877,433,125560,0.33344,0.35,1,101509,101076,433
13928721,4.48104,5.33754,433,125560,0.418688,0.31,1,101511,101078,433
13931641,12.0962,2.66751,445,125560,0.339738,0.21,1,101525,101080,445
13934561,8.81924,9.3335,442,125560,0.259948,0.33,1,101533,101091,442
13937041,3.36385,5.0667,440,125560,0.235989,0.36,1,101535,101095,440
13939961,7.87277,11.4133,436,125560,0.423198,0.36,1,101544,101108,436
13942241,3.17455,3.88267,436,125560,0.46064,0.35,1,101546,101110,436
13945161,7.83491,4.77653,440,125560,0.412128,0.31,1,101555,101115,440
13948081,14.367,2.55531,454,125560,0.426426,0.34,1,101571,101117,454
13951001,14.8734,16.5111,449,125560,0.373285,0.29,1,101586,101137,449
13953921,5.37468,16.1022,436,125560,0.378657,0.26,1,101589,101153,436
13956181,16.2749,4.82044,453,125560,0.403731,0.4,1,101608,101155,453
13959101,4.85499,12.1641,441,125560,0.472746,0.36,1,101610,101169,441
13962021,5.771,4.03282,445,125560,0.462549,0.37,1,101616,101171,445
13964941,3.5542,10.4066,436,125560,0.45251,0.33,1,101619,101183,436
13967621,7.11084,3.68131,442,125560,0.426502,0.26,1,101627,101185,442
13970541,7.82217,7.93626,441,125560,0.4053,0.28,1,101635,101194,441
13972821,12.7644,3.18725,453,125560,0.36906,0.29,1,101649,101196,453
13975741,4.15289,16.6375,435,125560,0.329812,0.3,1,101651,101216,435
13977601,1.63058,4.92749,434,125560,0.313962,0.36,1,101652,101218,434
13980521,9.92612,10.5855,434,125560,0.486792,0.31,1,101664,101230,434
13983441,12.3852,7.7171,440,125560,0.521358,0.38,1,101677,101237,440
13985921,12.077,10.3434,441,125560,0.520272,0.28,1,101689,101248,441
13988841,5.61541,7.66868,438,125560,0.496054,0.4,1,101693,101255,438
13991761,2.72308,5.53374,435,125560,0.467211,0.4,1,101695,101260,435
13993621,6.94462,1.10675,443,125560,0.485442,0.27,1,101703,101260,443
13996541,8.58892,8.22135,442,125560,0.433088,0.33,1,101712,101270,442
13998821,3.31778,4.84427,440,125560,0.526618,0.22,1,101714,101274,440
14001741,8.66356,4.96885,445,125560,0.433324,0.34,1,101724,101279,445
14004661,6.53271,4.99377,446,125560,0.454665,0.28,1,101730,101284,446
14007581,22.9065,5.79875,467,125560,0.434933,0.24,1,101757,101290,467
14010501,6.18131,21.1598,444,125560,0.398987,0.27,1,101759,101315,444
14013421,4.43626,9.03195,442,125560,0.359797,0.23,1,101763,101321,442
14016341,2.48725,3.40639,442,125560,0.319959,0.23,1,101765,101323,442
14018581,2.09745,0.681278,444,125560,0.327992,0.42,1,101767,101323,444
14021501,2.01949,8.93626,435,125560,0.457598,0.39,1,101769,101334,435
14024421,2.0039,3.38725,435,125560,0.49152,0.39,1,101771,101336,435
14026901,2.00078,0.67745,437,125560,0.498304,0.27,1,101773,101336,437
14029821,9.20016,4.93549,442,125560,0.427661,0.27,1,101784,101342,442
14032101,3.44003,0.987098,444,125560,0.373532,0.27,1,101786,101342,444
14035021,67.888,5.79742,521,125560,0.370706,0.23,1,101870,101349,521
14037941,19.9776,67.5595,446,125560,0.250141,0.34,1,101878,101432,446
14040861,11.9955,23.1119,444,125560,0.346028,0.32,1,101888,101444,444
14043541,4.7991,8.62238,442,125560,0.405206,0.28,1,101891,101449,442
14046461,43.3598,4.92448,491,125560,0.353041,0.36,1,101944,101453,491
14049381,11.872,39.3849,447,125560,0.286608,0.33,1,101948,101501,447
14051861,3.97439,14.277,441,125560,0.297322,0.45,1,101950,101509,441
14054781,7.99488,5.2554,447,125560,0.307464,0.32,1,101959,101512,447
14057701,13.599,11.4511,449,125560,0.309493,0.24,1,101974,101525,449
14060621,6.71979,8.69022,446,125560,0.293899,0.23,1,101979,101533,446
14063301,6.14396,3.33804,450,125560,0.41878,0.47,1,101985,101535,450
14066221,3.62879,7.86761,444,125560,0.395756,0.47,1,101988,101544,444
14069141,7.92576,3.17352,451,125560,0.423151,0.4,1,101997,101546,451
14072061,15.1852,7.8347,459,125560,0.37263,0.43,1,102014,101555,459
14074981,11.837,14.3669,454,125560,0.346526,0.36,1,102025,101571,454
14077901,10.3674,14.8734,449,125560,0.229305,0.38,1,102035,101586,449
14079941,14.8735,5.37468,462,125560,0.301861,0.41,1,102051,101589,462
14082861,4.5747,16.2749,445,125560,0.284372,0.49,1,102053,101608,445
14084721,4.91494,4.85499,448,125560,0.240874,0.45,1,102058,101610,448
14087641,4.18299,8.171,443,125560,0.392175,0.45,1,102062,101619,443
14090561,4.0366,1.6342,447,125560,0.390435,0.42,1,102066,101619,447
14093481,9.60732,6.72684,450,125560,0.366087,0.4,1,102077,101627,450
14096401,15.5215,7.74537,459,125560,0.281217,0.36,1,102094,101635,459
14099321,6.30429,12.7491,449,125560,0.304243,0.32,1,102098,101649,449
14101361,2.86086,4.14981,449,125560,0.308849,0.58,1,102100,101651,449
14104281,10.1722,8.82996,451,125560,0.34177,0.53,1,102112,101661,451
14107201,7.63443,4.16599,455,125560,0.348354,0.53,1,102119,101664,455
14110101,11.9269,11.2332,455,125560,0.333671,0.49,1,102132,101677,455
14113021,8.78538,15.0466,447,125560,0.314734,0.49,1,102140,101693,447
14115301,3.35708,3.00933,449,125560,0.366947,0.52,1,102142,101693,449
14118221,8.67142,5.40187,453,125560,0.345389,0.42,1,102152,101699,453
14121141,4.93428,11.4804,444,125560,0.357078,0.55,1,102156,101712,444
14123621,7.38686,3.89607,450,125560,0.311416,0.41,1,102164,101714,450
14126541,4.67737,8.77921,444,125560,0.398283,0.46,1,102168,101724,444
14129441,8.93547,6.55584,448,125560,0.415657,0.43,1,102178,101730,448
14132361,16.1871,22.9112,439,125560,0.395131,0.39,1,102196,101757,439
14135281,11.2374,6.18223,447,125560,0.343026,0.39,1,102206,101759,447
14137141,4.64748,1.23645,450,125560,0.316605,0.34,1,102209,101759,450
14140061,2.5295,4.24729,447,125560,0.279321,0.31,1,102211,101764,447
14142981,2.1059,1.64946,448,125560,0.247864,0.33,1,102213,101765,448
14145461,3.62118,1.92989,450,125560,0.257573,0.5,1,102217,101767,450
14148381,2.32424,9.98598,440,125560,0.379515,0.5,1,102219,101779,440
14151301,2.06485,1.9972,442,125560,0.371903,0.41,1,102221,101779,442
14154221,2.01297,4.39944,439,125560,0.394381,0.36,1,102223,101784,439
14157141,2.00259,2.47989,439,125560,0.390876,0.36,1,102225,101786,439
14158981,67.6005,0.495978,523,125560,0.198175,0.37,1,102309,101786,523
14161901,19.9201,67.2992,447,125560,0.359635,0.22,1,102317,101870,447
14164821,14.384,19.8598,452,125560,0.383927,0.37,1,102330,101878,452
14167301,4.4768,11.972,444,125560,0.348785,0.42,1,102332,101888,444
14170221,37.6954,4.79439,487,125560,0.309757,0.34,1,102378,101891,487
14173141,13.1391,43.3589,441,125560,0.333951,0.27,1,102385,101944,441
14175621,9.82781,11.8718,446,125560,0.28279,0.26,1,102394,101948,446
14178541,5.16556,6.37435,445,125560,0.272558,0.31,1,102398,101953,445
14181461,6.63311,6.07487,446,125560,0.358512,0.31,1,102405,101959,446
14184381,12.5266,13.215,445,125560,0.287702,0.29,1,102419,101974,445
14187061,5.70532,6.64299,444,125560,0.26554,0.45,1,102423,101979,444
14189981,6.74106,6.1286,445,125560,0.173108,0.39,1,102430,101985,445
14192261,2.94821,3.62572,444,125560,0.322622,0.43,1,102432,101988,444
14195181,15.7896,7.92514,454,125560,0.272524,0.36,1,102451,101997,454
14198101,8.75793,15.185,444,125560,0.310505,0.34,1,102458,102014,444
14201021,10.5516,11.837,444,125560,0.294101,0.2,1,102469,102025,444
14203941,15.7103,10.3674,451,125560,0.27482,0.32,1,102486,102035,451
14206861,9.54206,14.8735,443,125560,0.334964,0.28,1,102494,102051,443
14209781,5.90841,4.5747,446,125560,0.330993,0.43,1,102499,102053,446
14212701,3.58168,8.11494,440,125560,0.314199,0.39,1,102502,102062,440
14215141,3.91634,4.82299,440,125560,0.27084,0.36,1,102506,102066,440
14218061,10.3833,9.7646,441,125560,0.326168,0.26,1,102518,102077,441
14220981,14.8767,15.5529,440,125560,0.321234,0.31,1,102534,102094,440
14223901,6.17533,6.31058,440,125560,0.288247,0.31,1,102538,102098,440
14226821,2.83507,2.86212,440,125560,0.369649,0.35,1,102540,102100,440
14229741,7.76701,10.1724,437,125560,0.32993,0.35,1,102549,102112,437
14232401,9.5534,7.63448,440,125560,0.329986,0.33,1,102559,102119,440
14235321,14.7107,11.9269,443,125560,0.305997,0.31,1,102575,102132,443
14237601,7.74214,8.78538,441,125560,0.301199,0.38,1,102581,102140,441
14240521,3.14843,3.35708,441,125560,0.30024,0.34,1,102583,102142,441
14243441,5.42969,8.67142,437,125560,0.284048,0.36,1,102589,102152,437
14246361,9.08594,4.93428,443,125560,0.32081,0.3,1,102599,102156,443
14249041,5.01719,7.38686,439,125560,0.288162,0.36,1,102603,102164,439
14251961,9.80344,7.07737,443,125560,0.321632,0.42,1,102614,102171,443
14254881,5.16069,7.01547,440,125560,0.336326,0.39,1,102618,102178,440
14257801,14.6321,15.8031,439,125560,0.267265,0.33,1,102635,102196,439
14260481,7.72643,11.1606,435,125560,0.301453,0.27,1,102641,102206,435
14263401,10.3453,6.23212,441,125560,0.228291,0.27,1,102652,102211,441
14266321,3.66906,1.24642,443,125560,0.269658,0.24,1,102654,102211,443
14269221,3.93381,1.84928,445,125560,0.221932,0.26,1,102658,102213,445
14272141,2.38676,3.56986,443,125560,0.300386,0.41,1,102660,102217,443
14275061,2.07735,2.31397,443,125560,0.316077,0.37,1,102662,102219,443
14277981,2.01547,2.06279,443,125560,0.327215,0.4,1,102664,102221,443
14280661,2.00309,2.01256,443,125560,0.337443,0.39,1,102666,102223,443
14283581,66.0006,2.00251,523,125560,0.163489,0.4,1,102748,102225,523
14286501,16.4001,74.0005,435,125560,0.216698,0.39,1,102752,102317,435
14289421,10.48,25.2001,431,125560,0.12334,0.34,1,102761,102330,431
14292341,10.096,6.64002,439,125560,0.136668,0.34,1,102771,102332,439
14294181,35.6192,1.328,481,125560,0.195334,0.3,1,102813,102332,481
14297101,13.5238,37.0656,443,125560,0.207067,0.34,1,102821,102378,443
14300021,8.30477,13.0131,443,125560,0.241413,0.27,1,102828,102385,443
14302941,9.66095,13.0026,440,125560,0.216283,0.38,1,102838,102398,440
14305861,3.53219,8.20052,435,125560,0.219257,0.27,1,102840,102405,435
14308781,7.10644,12.8401,429,125560,0.291851,0.26,1,102848,102419,429
14311701,14.2213,5.76802,441,125560,0.28237,0.26,1,102864,102423,441
14313941,5.24426,1.1536,444,125560,0.288474,0.36,1,102867,102423,444
14316861,4.24885,7.43072,439,125560,0.225695,0.26,1,102871,102432,439
14319781,16.0498,16.6861,439,125560,0.237139,0.32,1,102890,102451,439
14322701,6.40995,8.93723,436,125560,0.287428,0.32,1,102894,102458,436
14324341,6.88199,1.78745,443,125560,0.257486,0.29,1,102901,102458,443
14327261,19.7764,9.15749,455,125560,0.139497,0.27,1,102924,102469,455
14330181,7.15528,15.4315,442,125560,0.179899,0.35,1,102928,102486,442
14332661,4.63106,9.4863,438,125560,0.16398,0.33,1,102932,102494,438
14335581,8.92621,5.89726,443,125560,0.280796,0.31,1,102942,102499,443
14337441,2.58524,3.57945,441,125560,0.328159,0.26,1,102943,102502,441
14340361,2.11705,3.91589,439,125560,0.305632,0.34,1,102945,102506,439
14343281,8.42341,10.3832,437,125560,0.205126,0.32,1,102955,102518,437
14346201,16.0847,14.8766,439,125560,0.233025,0.28,1,102973,102534,439
14348881,4.81694,6.17533,437,125560,0.238605,0.4,1,102975,102538,437
14351801,7.36339,6.03507,439,125560,0.247721,0.32,1,102983,102544,439
14354721,6.27268,5.20701,440,125560,0.233544,0.33,1,102989,102549,440
14357201,4.45454,9.0414,434,125560,0.222709,0.3,1,102993,102559,434
14360121,16.0909,14.6083,437,125560,0.132542,0.3,1,103012,102575,437
14363041,8.01818,7.72166,437,125560,0.170508,0.3,1,103018,102581,437
14364901,3.20364,3.14433,437,125560,0.234102,0.28,1,103020,102583,437
14367821,5.44073,5.42887,437,125560,0.21482,0.33,1,103026,102589,437
14370741,8.28815,9.08577,436,125560,0.234964,0.28,1,103035,102599,436
14373661,4.85763,5.01715,436,125560,0.206993,0.28,1,103039,102603,436
14375301,9.77153,1.00343,447,125560,0.193399,0.33,1,103050,102603,447
14378221,5.15431,9.00069,440,125560,0.24668,0.34,1,103054,102614,440
14380081,1.83086,5.00014,437,125560,0.249336,0.25,1,103055,102618,437
14383001,13.1662,14.6,436,125560,0.281867,0.31,1,103071,102635,436
14385281,4.23323,7.72001,432,125560,0.256373,0.21,1,103073,102641,432
14388201,14.4466,10.344,438,125560,0.211275,0.28,1,103090,102652,438
14391121,4.48933,3.6688,438,125560,0.258255,0.28,1,103092,102654,438
14392981,3.29787,0.73376,441,125560,0.219651,0.33,1,103095,102654,441
14395901,2.25957,8.14675,433,125560,0.27593,0.33,1,103097,102664,433
14398821,2.05191,1.62935,435,125560,0.287186,0.33,1,103099,102664,435
14401741,2.01038,0.32587,437,125560,0.289437,0.33,1,103101,102664,437
14404661,2.00208,0.065174,439,125560,0.297887,0.34,1,103103,102664,439
14407541,57.2004,1.61303,508,125560,0.323577,0.12,1,103174,102666,508
14410461,13.0401,65.9226,428,125560,0.328715,0.23,1,103176,102748,428
14412741,13.808,16.3845,438,125560,0.305743,0.1,1,103190,102752,438
14415661,13.9616,10.4769,443,125560,0.301149,0.14,1,103204,102761,443
14418581,34.7923,10.0954,473,125560,0.30823,0.21,1,103244,102771,473
14421501,14.9585,42.0191,433,125560,0.333646,0.25,1,103254,102821,433
14424421,7.79169,14.0038,432,125560,0.282729,0.25,1,103260,102828,432
14426261,12.7583,2.80076,446,125560,0.328546,0.21,1,103274,102828,446
14429181,4.15167,8.56015,438,125560,0.305709,0.22,1,103276,102838,438
14431041,1.63033,3.31203,437,125560,0.285142,0.34,1,103277,102840,437
14433961,3.52607,9.46241,430,125560,0.289028,0.28,1,103281,102851,430
14436881,17.5052,12.2925,438,125560,0.329806,0.29,1,103302,102864,438
14439361,5.10104,4.8585,437,125560,0.305961,0.21,1,103304,102867,437
14442281,2.62021,4.1717,435,125560,0.269192,0.24,1,103306,102871,435
14445201,14.124,16.0343,433,125560,0.261838,0.3,1,103323,102890,433
14447681,7.62481,6.40687,435,125560,0.204368,0.25,1,103329,102894,435
14450601,19.925,6.88137,451,125560,0.248874,0.11,1,103352,102901,451
14453521,11.185,19.7763,437,125560,0.209775,0.19,1,103361,102924,437
14456441,7.037,7.15525,439,125560,0.289955,0.16,1,103367,102928,439
14458081,2.2074,4.63105,436,125560,0.289991,0.31,1,103368,102932,436
14461001,3.64148,8.92621,430,125560,0.361998,0.34,1,103372,102942,430
14463281,2.3283,2.58524,431,125560,0.3444,0.23,1,103374,102943,431
14466201,6.86566,7.71705,430,125560,0.36488,0.18,1,103382,102952,430
14469121,21.3731,3.94341,452,125560,0.400976,0.24,1,103407,102955,452
14472041,5.87463,15.1887,436,125560,0.376195,0.24,1,103409,102973,436
14473681,1.97493,4.63774,435,125560,0.379239,0.25,1,103410,102975,435
14476601,6.79499,7.32755,435,125560,0.387848,0.23,1,103418,102983,435
14479521,4.559,6.26551,433,125560,0.34157,0.23,1,103422,102989,433
14481381,4.9118,1.2531,438,125560,0.260314,0.11,1,103427,102989,438
14484301,14.5824,18.6506,432,125560,0.316063,0.18,1,103444,103012,432
14487221,8.51647,8.53012,433,125560,0.399213,0.18,1,103451,103018,433
14489701,5.70329,1.70602,438,125560,0.367843,0.21,1,103456,103018,438
14492621,4.34066,6.74121,434,125560,0.345569,0.24,1,103460,103026,434
14495521,5.66813,8.54824,431,125560,0.333114,0.2,1,103466,103035,431
14498441,4.33363,4.90965,431,125560,0.322623,0.19,1,103470,103039,431
14501361,17.6667,9.78193,441,125560,0.328525,0.26,1,103491,103050,441
14503841,5.13335,5.15639,439,125560,0.289705,0.26,1,103493,103054,439
14506761,13.0267,3.43128,451,125560,0.337941,0.29,1,103508,103057,451
14509681,4.20533,11.8863,439,125560,0.347588,0.2,1,103510,103071,439
14512601,13.6411,17.5773,436,125560,0.229518,0.27,1,103526,103090,436
14515521,4.32821,5.11545,436,125560,0.325904,0.27,1,103528,103092,436
14517781,5.66564,1.02309,442,125560,0.249181,0.29,1,103534,103092,442
14520701,2.73313,7.40462,435,125560,0.225836,0.29,1,103536,103101,435
14523621,2.14663,1.48092,437,125560,0.221167,0.29,1,103538,103101,437
14526541,2.02933,0.296185,439,125560,0.252233,0.3,1,103540,103101,439
14529461,2.00587,1.65924,439,125560,0.258447,0.3,1,103542,103103,439
14531301,49.2012,0.331847,500,125560,0.187689,0.33,1,103603,103103,500
14534221,12.2402,56.8664,432,125560,0.133538,0.33,1,103606,103174,432
14536501,16.048,12.9733,447,125560,0.250708,0.3,1,103623,103176,447
14539421,17.6096,13.7947,451,125560,0.242142,0.3,1,103641,103190,451
14542341,37.1219,13.9589,479,125560,0.200428,0.31,1,103683,103204,479
14545261,11.4244,34.7918,444,125560,0.208086,0.34,1,103688,103244,444
14548181,11.8849,14.9584,446,125560,0.297617,0.27,1,103700,103254,446
14551061,8.77698,7.79167,448,125560,0.315523,0.3,1,103708,103260,448
14553981,3.35539,14.3583,434,125560,0.287105,0.28,1,103710,103276,434
14556261,7.87108,3.67167,442,125560,0.305421,0.29,1,103719,103277,442
14559181,3.17422,3.93433,440,125560,0.373084,0.34,1,103721,103281,440
14562101,15.0348,17.5869,437,125560,0.338617,0.3,1,103739,103302,437
14564161,4.60697,5.11737,437,125560,0.299723,0.3,1,103741,103304,437
14567081,7.32139,8.22347,436,125560,0.259945,0.26,1,103749,103313,436
14570001,7.86428,9.64469,434,125560,0.267989,0.19,1,103757,103323,434
14572481,8.77286,6.72894,437,125560,0.317598,0.26,1,103766,103329,437
14575401,18.5546,19.7458,435,125560,0.31152,0.2,1,103787,103352,435
14578321,14.1109,11.1492,439,125560,0.310304,0.2,1,103800,103361,439
14580181,5.22218,2.22983,442,125560,0.350061,0.31,1,103803,103361,442
14583101,2.64444,5.24597,438,125560,0.334012,0.38,1,103805,103367,438
14585381,7.72889,5.04919,442,125560,0.394802,0.36,1,103814,103372,442
14588301,3.14578,5.80984,438,125560,0.414961,0.37,1,103816,103378,438
14591221,2.22916,4.36197,436,125560,0.418992,0.41,1,103818,103382,436
14594141,23.6458,20.8724,440,125560,0.371798,0.37,1,103847,103407,440
14596401,6.32917,5.77448,440,125560,0.35436,0.38,1,103849,103409,440
14599321,8.46583,3.5549,446,125560,0.334872,0.39,1,103858,103412,446
14602241,5.69317,5.51098,445,125560,0.306974,0.33,1,103863,103418,445
14605161,4.33863,4.3022,445,125560,0.365395,0.24,1,103867,103422,445
14606801,1.66773,4.86044,441,125560,0.361079,0.33,1,103868,103427,441
14609721,12.3335,14.5721,439,125560,0.424216,0.42,1,103883,103444,439
14612001,10.4667,8.51442,442,125560,0.316843,0.36,1,103893,103451,442
14614921,3.69334,5.70288,439,125560,0.415369,0.34,1,103895,103456,439
14617841,3.93867,4.34058,439,125560,0.395074,0.33,1,103899,103460,439
14619701,6.38773,5.66812,440,125560,0.359015,0.32,1,103906,103466,440
14622621,2.87755,4.33362,438,125560,0.351803,0.33,1,103908,103470,438
14625541,18.9755,17.6667,440,125560,0.294361,0.28,1,103931,103491,440
14628461,5.3951,5.13334,440,125560,0.378872,0.28,1,103933,103493,440
14630101,8.27902,1.02667,449,125560,0.411774,0.35,1,103942,103493,449
14633021,3.2558,12.2053,436,125560,0.434355,0.35,1,103944,103508,436
14634881,1.45116,4.04107,435,125560,0.422871,0.2,1,103945,103510,435
14637801,10.6902,13.6082,432,125560,0.412574,0.35,1,103958,103526,432
14640081,4.53805,4.32164,433,125560,0.354515,0.23,1,103961,103528,433
14643001,9.70761,5.66433,438,125560,0.414903,0.22,1,103972,103534,438
14645921,3.54152,2.73287,438,125560,0.394981,0.22,1,103974,103536,438
14648841,2.3083,2.14657,438,125560,0.390996,0.26,1,103976,103538,438
14651521,3.66166,2.02931,440,125560,0.374199,0.34,1,103980,103540,440
14654441,2.33233,4.40586,437,125560,0.33884,0.17,1,103982,103545,437
14657361,50.8665,47.2812,442,125560,0.363768,0.12,1,104045,103603,442
14660281,22.9733,11.8562,455,125560,0.400754,0.28,1,104061,103606,455
14663201,13.3947,15.9712,449,125560,0.416151,0.24,1,104072,103623,449
14666121,37.8789,17.5942,475,125560,0.37123,0.19,1,104116,103641,475
14669041,15.5758,37.1189,443,125560,0.378246,0.21,1,104126,103683,443
14671701,11.1152,11.4238,448,125560,0.379649,0.32,1,104136,103688,448
14674621,7.82303,11.8848,443,125560,0.37193,0.32,1,104143,103700,443
14677541,3.96461,8.77695,438,125560,0.330386,0.28,1,104146,103708,438
14680021,5.59292,3.35539,442,125560,0.442077,0.31,1,104152,103710,442
14682941,2.71858,7.87108,435,125560,0.488415,0.39,1,104154,103719,435
14685861,15.7437,3.17422,452,125560,0.345683,0.33,1,104173,103721,452
14688781,5.54874,15.0348,437,125560,0.269137,0.25,1,104176,103739,437
14691461,12.3097,11.007,441,125560,0.373827,0.27,1,104190,103749,441
14694381,8.06195,8.60139,440,125560,0.338765,0.33,1,104197,103757,440
14697301,8.01239,8.92028,439,125560,0.435753,0.31,1,104205,103766,439
14700221,19.2025,18.5841,440,125560,0.431151,0.31,1,104227,103787,440
14703141,10.2405,14.1168,435,125560,0.41423,0.36,1,104235,103800,435
14706061,11.6481,5.22336,444,125560,0.354846,0.33,1,104247,103803,444
14708981,8.72962,2.64467,450,125560,0.350969,0.41,1,104255,103805,450
14711901,3.34592,7.72893,443,125560,0.318194,0.42,1,104257,103814,443
14713921,1.46918,3.14579,442,125560,0.335639,0.38,1,104258,103816,442
14716841,21.0938,11.0292,455,125560,0.339128,0.36,1,104284,103829,455
14719761,5.81877,16.6058,439,125560,0.315826,0.35,1,104286,103847,439
14722681,10.7638,4.92117,449,125560,0.359165,0.33,1,104298,103849,449
14725601,7.75275,8.18423,447,125560,0.359833,0.3,1,104305,103858,447
14727441,2.35055,5.63685,443,125560,0.343967,0.38,1,104306,103863,443
14730361,3.67011,4.32737,443,125560,0.380793,0.36,1,104310,103867,443
14733281,7.13402,1.66547,450,125560,0.444159,0.44,1,104318,103868,450
14736201,11.8268,12.3331,448,125560,0.400832,0.44,1,104331,103883,448
14739121,3.96536,12.0666,438,125560,0.360166,0.39,1,104333,103895,438
14742041,5.59307,5.61332,440,125560,0.280033,0.39,1,104339,103899,440
14744501,6.71861,1.12266,447,125560,0.432007,0.35,1,104346,103899,447
14747421,3.74372,7.42453,441,125560,0.414401,0.28,1,104349,103908,441
14750341,20.7487,19.8849,443,125560,0.30688,0.4,1,104374,103931,443
14753261,5.74975,5.57698,443,125560,0.253376,0.4,1,104376,103933,443
14754901,8.34995,1.1154,452,125560,0.322675,0.44,1,104385,103933,452
14757821,3.26999,9.02308,443,125560,0.344535,0.42,1,104387,103944,443
14760101,2.254,2.60462,444,125560,0.420907,0.41,1,104389,103945,444
14763021,11.6508,10.9209,445,125560,0.396181,0.34,1,104403,103958,445
14765941,7.93016,4.58418,449,125560,0.279236,0.43,1,104410,103961,449
14768861,3.18603,9.71684,440,125560,0.255847,0.39,1,104412,103972,440
14771121,2.23721,3.54337,440,125560,0.251169,0.39,1,104414,103974,440
14774041,2.04744,2.30867,440,125560,0.370234,0.37,1,104416,103976,440
14776321,6.80949,3.66173,444,125560,0.394047,0.35,1,104424,103980,444
14779241,2.9619,3.13235,443,125560,0.406809,0.37,1,104426,103983,443
14782161,47.7924,50.2265,440,125560,0.193362,0.41,1,104485,104045,440
14785081,25.5585,22.8453,444,125560,0.198672,0.42,1,104505,104061,444
14788001,12.3117,13.3691,442,125560,0.191734,0.36,1,104514,104072,442
14790921,37.6623,37.8738,442,125560,0.222347,0.38,1,104558,104116,442
14793841,15.5325,15.5748,442,125560,0.252469,0.38,1,104568,104126,442
14796761,7.90649,11.115,438,125560,0.306494,0.37,1,104574,104136,438
14799201,13.5813,7.82299,446,125560,0.285299,0.47,1,104589,104143,446
14802121,4.31626,6.3646,442,125560,0.24906,0.47,1,104591,104149,442
14805041,2.46325,3.67292,441,125560,0.209812,0.5,1,104593,104152,441
14807961,5.29265,2.33458,445,125560,0.305962,0.31,1,104599,104154,445
14810881,15.4585,15.6669,444,125560,0.237192,0.25,1,104617,104173,444
14813761,6.29171,5.53338,445,125560,0.167438,0.4,1,104621,104176,445
14816681,7.65834,12.3067,439,125560,0.297488,0.33,1,104629,104190,439
14819601,11.1317,8.06134,444,125560,0.275498,0.46,1,104641,104197,444
14822521,6.22633,8.01227,441,125560,0.199099,0.43,1,104646,104205,441
14825441,18.8453,19.2025,441,125560,0.24782,0.41,1,104668,104227,441
14828321,8.56905,10.2405,439,125560,0.297564,0.34,1,104674,104235,439
14831241,10.5138,11.6481,438,125560,0.251513,0.35,1,104685,104247,438
14833521,10.1028,8.72962,440,125560,0.290303,0.31,1,104695,104255,440
14836441,3.62055,3.34592,440,125560,0.306061,0.34,1,104697,104257,440
14839361,2.32411,1.46918,441,125560,0.317212,0.34,1,104699,104258,441
14842281,21.2648,21.0938,441,125560,0.255442,0.31,1,104725,104284,441
14844961,5.85296,5.81877,441,125560,0.211088,0.37,1,104727,104286,441
14847881,10.7706,10.7638,441,125560,0.354218,0.36,1,104739,104298,441
14850801,10.1541,7.75275,444,125560,0.366844,0.34,1,104749,104305,444
14853281,5.23082,2.35055,447,125560,0.361369,0.49,1,104753,104306,447
14856201,5.84616,8.47011,443,125560,0.320274,0.46,1,104759,104316,443
14859121,11.5692,3.29402,454,125560,0.368055,0.39,1,104772,104318,454
14862041,3.91385,11.0588,443,125560,0.385611,0.35,1,104774,104331,443
14863681,1.58277,3.81176,442,125560,0.373122,0.44,1,104775,104333,442
14866601,5.11655,7.16235,440,125560,0.394624,0.47,1,104781,104341,440
14869521,7.42331,5.43247,443,125560,0.358925,0.41,1,104789,104346,443
14872441,3.08466,3.48649,442,125560,0.391785,0.28,1,104791,104349,442
14875361,18.2169,20.6973,439,125560,0.310357,0.24,1,104813,104374,439
14878241,5.24339,5.73946,439,125560,0.334071,0.34,1,104815,104376,439
14881161,12.2487,8.34789,444,125560,0.314814,0.35,1,104829,104385,444
14884081,4.04974,3.26958,444,125560,0.278963,0.44,1,104831,104387,444
14887001,4.00995,2.25392,446,125560,0.279793,0.39,1,104835,104389,446
14889921,12.802,11.6508,447,125560,0.327959,0.25,1,104850,104403,447
14892841,4.1604,7.93016,442,125560,0.305592,0.25,1,104852,104410,442
14895301,4.03208,3.18603,444,125560,0.261118,0.43,1,104856,104412,444
14898221,2.40642,7.83721,437,125560,0.252224,0.4,1,104858,104421,437
14901141,6.88128,3.96744,442,125560,0.330445,0.41,1,104866,104424,442
14904061,2.97626,2.39349,442,125560,0.314089,0.41,1,104868,104426,442
14905701,39.7953,0.478698,491,125560,0.222818,0.14,1,104917,104426,491
14908621,21.5591,47.2957,449,125560,0.324564,0.2,1,104934,104485,449
14911541,12.3118,25.4591,439,125560,0.200913,0.19,1,104944,104505,439
14914461,40.8624,12.2918,478,125560,0.304183,0.23,1,104992,104514,478
14917381,17.7725,37.6584,446,125560,0.300837,0.26,1,105004,104558,446
14920301,6.75449,15.5317,440,125560,0.260167,0.32,1,105008,104568,440
14923221,15.7509,7.90633,452,125560,0.300033,0.28,1,105026,104574,452
14926141,4.75018,13.5813,439,125560,0.284007,0.24,1,105028,104589,439
14928581,2.55004,4.31625,439,125560,0.248801,0.2,1,105030,104591,439
14931501,5.31001,2.46325,443,125560,0.35376,0.33,1,105036,104593,443
14933781,15.462,5.29265,455,125560,0.350752,0.22,1,105054,104599,455
14936701,4.6924,15.4585,439,125560,0.32615,0.15,1,105056,104617,439
14938561,1.73848,6.29171,436,125560,0.30523,0.33,1,105057,104621,436
14941481,6.7477,7.65834,436,125560,0.349046,0.27,1,105065,104629,436
14944401,14.1495,11.1317,440,125560,0.365809,0.27,1,105081,104641,440
14946261,3.62991,2.22633,441,125560,0.385162,0.18,1,105082,104641,441
14949181,17.526,4.44527,457,125560,0.325032,0.26,1,105103,104646,457
14952101,6.7052,18.4891,439,125560,0.289006,0.31,1,105107,104668,439
14954581,14.141,8.49781,449,125560,0.385801,0.24,1,105123,104674,449
14957501,7.62821,10.4996,444,125560,0.30116,0.3,1,105129,104685,444
14960421,3.92564,10.0999,437,125560,0.236232,0.31,1,105132,104695,437
14963341,6.38513,3.61998,442,125560,0.327246,0.32,1,105139,104697,442
14966021,22.877,2.324,467,125560,0.209449,0.24,1,105166,104699,467
14968941,6.1754,21.2648,443,125560,0.30589,0.2,1,105168,104725,443
14971221,10.0351,5.85296,452,125560,0.373178,0.39,1,105179,104727,452
14974141,9.20702,10.7706,449,125560,0.306636,0.37,1,105188,104739,449
14977061,7.4414,10.1541,446,125560,0.341327,0.36,1,105195,104749,446
14979541,6.28828,5.23082,448,125560,0.316265,0.39,1,105201,104753,448
14982461,10.0577,7.44616,451,125560,0.375253,0.38,1,105212,104761,451
14985381,3.61153,10.2892,442,125560,0.355051,0.39,1,105214,104772,442
14987861,2.32231,3.65785,442,125560,0.35101,0.4,1,105216,104774,442
14990781,6.06446,6.33157,442,125560,0.286202,0.35,1,105223,104781,442
14993701,4.41289,7.66631,438,125560,0.35324,0.4,1,105227,104789,438
14996621,2.48258,3.13326,438,125560,0.398648,0.4,1,105229,104791,438
14998261,18.0965,0.626653,460,125560,0.26373,0.29,1,105251,104791,460
15001181,5.2193,17.7253,440,125560,0.292746,0.34,1,105253,104813,440
15003041,1.84386,5.14507,439,125560,0.354549,0.31,1,105254,104815,439
15005961,14.7688,12.229,443,125560,0.34291,0.27,1,105272,104829,443
15008881,4.55375,4.0458,443,125560,0.332582,0.27,1,105274,104831,443
15010741,3.31075,0.80916,446,125560,0.290516,0.46,1,105277,104831,446
15013661,11.0622,10.5618,446,125560,0.322103,0.34,1,105290,104844,446
15016581,3.81243,6.91237,442,125560,0.328421,0.3,1,105292,104850,442
15019061,2.36249,2.98247,442,125560,0.313684,0.25,1,105294,104852,442
15021981,2.0725,5.39649,438,125560,0.278737,0.25,1,105296,104858,438
15024901,5.2145,1.0793,444,125560,0.351747,0.35,1,105302,104858,444
15027381,4.2429,6.61586,440,125560,0.334349,0.44,1,105306,104866,440
15030301,36.0486,4.52317,480,125560,0.34687,0.35,1,105350,104870,480
15033221,19.2097,52.1046,431,125560,0.357374,0.17,1,105365,104934,431
15036141,17.4419,18.4209,438,125560,0.327475,0.33,1,105382,104944,438
15039061,38.6884,42.0842,434,125560,0.313495,0.3,1,105426,104992,434
15041981,19.7377,18.0168,437,125560,0.326699,0.25,1,105441,105004,437
15044641,11.1475,6.80337,442,125560,0.35334,0.31,1,105450,105008,442
15047561,18.2295,15.7607,444,125560,0.262668,0.28,1,105470,105026,444
15050481,6.8459,4.75213,446,125560,0.332534,0.28,1,105474,105028,446
15052341,2.16918,0.950427,447,125560,0.330507,0.42,1,105475,105028,447
15055261,3.63384,3.39009,447,125560,0.298101,0.38,1,105479,105032,447
15058181,12.7268,3.87802,458,125560,0.29962,0.32,1,105494,105036,458
15061101,4.14535,16.7756,440,125560,0.267924,0.3,1,105496,105056,440
15063781,2.42907,4.15512,441,125560,0.245585,0.36,1,105498,105057,441
15066701,2.08581,7.23102,435,125560,0.209117,0.37,1,105500,105065,435
15069621,14.0172,14.2462,436,125560,0.281823,0.39,1,105517,105081,436
15071681,10.8034,3.64924,445,125560,0.320365,0.31,1,105527,105082,445
15074601,14.1607,17.5298,439,125560,0.368073,0.28,1,105542,105103,439
15076881,4.43214,6.70597,437,125560,0.345615,0.41,1,105544,105107,437
15079801,15.2864,14.1412,439,125560,0.293123,0.28,1,105562,105123,439
15082721,9.45729,7.62824,441,125560,0.266625,0.22,1,105570,105129,441
15084581,4.29146,3.92565,441,125560,0.245325,0.35,1,105573,105132,441
15087501,2.45829,6.38513,436,125560,0.321065,0.18,1,105575,105139,436
15090421,23.6917,22.877,438,125560,0.336213,0.33,1,105604,105166,438
15093341,7.93833,6.1754,440,125560,0.323243,0.33,1,105608,105168,440
15094981,5.58767,1.23508,445,125560,0.360649,0.39,1,105613,105168,445
15097901,10.7175,9.04702,446,125560,0.36013,0.29,1,105625,105179,446
15100821,8.54351,9.0094,445,125560,0.328026,0.35,1,105633,105188,445
15103301,8.1087,7.40188,446,125560,0.353605,0.31,1,105641,105195,446
15106221,4.82174,6.28038,444,125560,0.390721,0.39,1,105645,105201,444
15109141,8.16435,10.0561,442,125560,0.382144,0.35,1,105654,105212,442
15111621,3.23287,3.61121,442,125560,0.412429,0.33,1,105656,105214,442
15114541,3.84657,3.12224,443,125560,0.354486,0.27,1,105660,105217,443
15117461,3.96931,5.42445,441,125560,0.294897,0.37,1,105664,105223,441
15119941,5.59386,4.28489,443,125560,0.394979,0.35,1,105670,105227,443
15122861,16.3188,8.05698,453,125560,0.366996,0.3,1,105689,105236,453
15125781,4.86375,15.2114,438,125560,0.329399,0.37,1,105691,105253,438
15128261,3.37275,3.84228,440,125560,0.37788,0.34,1,105694,105254,440
15131181,15.0746,15.1685,440,125560,0.363576,0.33,1,105712,105272,440
15134081,4.61491,4.63369,440,125560,0.328715,0.41,1,105714,105274,440
15137001,6.52298,8.12674,438,125560,0.425743,0.33,1,105721,105283,438
15139921,10.1046,7.22535,442,125560,0.437149,0.33,1,105732,105290,442
15142821,3.62092,3.04507,442,125560,0.40743,0.27,1,105734,105292,442
15145741,2.32418,3.80901,440,125560,0.369486,0.27,1,105736,105296,440
15148661,5.26484,0.761803,446,125560,0.273897,0.37,1,105742,105296,446
15151141,4.25297,4.95236,444,125560,0.254779,0.37,1,105746,105302,444
15154061,36.0506,5.79047,482,125560,0.362956,0.35,1,105790,105308,482
15156981,12.0101,34.7581,446,125560,0.368591,0.36,1,105796,105350,446
15159901,13.602,18.9516,445,125560,0.321718,0.32,1,105810,105365,445
15162821,44.3204,17.3903,480,125560,0.384344,0.31,1,105862,105382,480
15165741,23.2641,38.6781,454,125560,0.380869,0.33,1,105880,105426,454
15168661,6.25282,19.7356,441,125560,0.348174,0.36,1,105882,105441,441
15170901,18.8506,11.1471,454,125560,0.333635,0.24,1,105904,105450,454
15173821,7.77011,18.2294,439,125560,0.322727,0.35,1,105909,105470,439
15175681,3.15402,6.84588,437,125560,0.280545,0.33,1,105911,105474,437
15178601,3.8308,3.76918,438,125560,0.352109,0.29,1,105915,105477,438
15181521,11.1662,2.35384,449,125560,0.398422,0.3,1,105928,105479,449
15184441,3.83323,12.4708,436,125560,0.407684,0.26,1,105930,105494,436
15186081,1.56665,4.09415,435,125560,0.465537,0.32,1,105931,105496,435
15189001,6.71333,8.81883,433,125560,0.485107,0.32,1,105939,105506,433
15191921,2.94267,1.76377,435,125560,0.489021,0.3,1,105941,105506,435
15194841,12.5885,9.15275,439,125560,0.441804,0.33,1,105956,105517,439
15197761,23.3177,9.83055,455,125560,0.400361,0.38,1,105982,105527,455
15200681,6.26354,13.9661,442,125560,0.392072,0.34,1,105984,105542,442
15203601,9.25271,4.39322,450,125560,0.486414,0.28,1,105994,105544,450
15206521,11.4505,15.2786,444,125560,0.473283,0.26,1,106006,105562,444
15209381,7.09011,9.45573,442,125560,0.422657,0.34,1,106012,105570,442
15212301,3.01802,5.89115,439,125560,0.380531,0.34,1,106014,105575,439
15215221,26.2036,24.3782,442,125560,0.396106,0.32,1,106046,105604,442
15218141,6.84072,8.07565,440,125560,0.375221,0.32,1,106048,105608,440
15219781,7.76814,1.61513,448,125560,0.427044,0.36,1,106056,105608,448
15222701,7.95363,13.923,439,125560,0.437409,0.32,1,106064,105625,439
15225621,11.1907,9.18461,443,125560,0.495482,0.36,1,106076,105633,443
15228541,8.63815,8.23692,443,125560,0.507096,0.4,1,106084,105641,443
15231461,4.92763,4.84738,443,125560,0.493419,0.38,1,106088,105645,443
15234381,2.58553,8.16948,436,125560,0.498684,0.42,1,106090,105654,436
15237041,2.11711,3.2339,436,125560,0.467737,0.28,1,106092,105656,436
15239961,10.8234,7.04678,441,125560,0.477547,0.28,1,106105,105664,441
15242881,3.76468,1.40936,443,125560,0.479509,0.42,1,106107,105664,443
15245361,3.95294,5.08187,441,125560,0.455902,0.36,1,106111,105670,441
15248281,15.1906,16.2164,440,125560,0.49118,0.32,1,106129,105689,440
15250561,4.63812,4.84327,440,125560,0.474236,0.37,1,106131,105691,440
15253481,6.52762,4.16865,443,125560,0.454847,0.36,1,106138,105695,443
15256401,16.5055,14.4337,445,125560,0.434969,0.32,1,106157,105712,445
15258881,4.9011,4.48675,445,125560,0.406994,0.45,1,106159,105714,445
15261801,5.78022,6.49735,444,125560,0.433399,0.44,1,106165,105721,444
15264721,2.75604,10.0995,435,125560,0.40668,0.4,1,106167,105732,435
15267201,2.15121,3.61989,435,125560,0.401336,0.25,1,106169,105734,435
15270121,10.0302,7.12398,439,125560,0.488267,0.25,1,106181,105742,439
15273041,3.60605,1.4248,441,125560,0.473653,0.25,1,106183,105742,441
15275961,2.32121,3.48496,439,125560,0.438731,0.25,1,106185,105746,439
15278021,36.4642,0.696992,484,125560,0.335746,0.39,1,106230,105746,484
15280941,10.4928,35.3394,444,125560,0.435149,0.37,1,106234,105790,444
15283221,10.8986,11.8679,449,125560,0.43903,0.31,1,106245,105796,449
15286141,44.5797,13.5736,488,125560,0.455806,0.4,1,106298,105810,488
15289061,28.1159,44.3147,460,125560,0.435161,0.38,1,106322,105862,460
15291981,7.22319,23.2629,444,125560,0.399032,0.34,1,106324,105880,444
15294661,18.2446,6.25259,463,125560,0.351806,0.33,1,106345,105882,463
15297581,8.44893,18.8505,447,125560,0.286361,0.32,1,106351,105904,447
15299441,2.48979,7.7701,443,125560,0.249272,0.37,1,106352,105909,443
15302361,5.29796,4.75402,445,125560,0.313854,0.37,1,106358,105913,445
15305281,13.0596,2.5508,458,125560,0.374771,0.41,1,106373,105915,458
15308201,4.21192,10.9102,447,125560,0.354954,0.41,1,106375,105928,447
15310261,5.64238,3.78203,451,125560,0.366991,0.49,1,106381,105930,451
15313181,2.72848,9.55641,442,125560,0.337398,0.49,1,106383,105941,442
15316101,2.1457,1.91128,444,125560,0.37948,0.43,1,106385,105941,444
15319021,11.6291,12.3823,443,125560,0.403896,0.39,1,106399,105956,443
15321941,26.3258,23.2765,447,125560,0.416779,0.39,1,106429,105982,447
15324861,6.86517,6.25529,447,125560,0.387356,0.39,1,106431,105984,447
15326901,7.77303,1.25106,455,125560,0.301471,0.51,1,106439,105984,455
15329821,11.1546,8.25021,457,125560,0.348294,0.47,1,106451,105994,457
15332741,4.63092,11.25,448,125560,0.373659,0.41,1,106454,106006,448
15335221,7.32618,7.05001,450,125560,0.338732,0.47,1,106462,106012,450
15338141,24.6652,6.21,473,125560,0.363746,0.4,1,106491,106018,473
15341061,8.13305,23.642,449,125560,0.296749,0.37,1,106495,106046,449
15343121,3.22661,6.3284,449,125560,0.29935,0.44,1,106497,106048,449
15346041,8.64532,7.66568,451,125560,0.29187,0.44,1,106507,106056,451
15348961,14.5291,7.93314,459,125560,0.290374,0.51,1,106523,106064,459
15351881,9.30581,11.1866,455,125560,0.306075,0.51,1,106531,106076,455
15353521,4.26116,8.63733,450,125560,0.325215,0.49,1,106534,106084,450
15356441,4.05223,4.92747,450,125560,0.377043,0.5,1,106538,106088,450
15358721,2.41045,2.58549,450,125560,0.387409,0.56,1,106540,106090,450
15361641,3.68209,6.1171,447,125560,0.365482,0.48,1,106544,106097,447
15364561,3.93642,7.62342,443,125560,0.337096,0.48,1,106548,106105,443
15367481,7.98728,3.12468,450,125560,0.363419,0.48,1,106557,106107,450
15369541,7.99746,0.624937,458,125560,0.280684,0.5,1,106565,106107,458
15372461,7.19949,17.725,443,125560,0.232137,0.47,1,106572,106129,443
15375381,3.0399,5.145,443,125560,0.222427,0.45,1,106574,106131,443
15378301,9.40798,6.629,447,125560,0.300485,0.43,1,106585,106138,447
15381221,13.8816,16.5258,443,125560,0.372097,0.4,1,106600,106157,443
15383681,4.37632,4.90516,443,125560,0.362419,0.4,1,106602,106159,443
15386601,10.4753,7.38103,447,125560,0.304484,0.4,1,106614,106167,447
15389521,3.69505,1.47621,449,125560,0.364897,0.4,1,106616,106167,449
15392001,2.33901,1.89524,449,125560,0.376979,0.51,1,106618,106169,449
15394921,6.8678,9.97905,445,125560,0.379396,0.47,1,106626,106181,445
15397841,2.97356,3.59581,445,125560,0.387879,0.47,1,106628,106183,445
15399701,1.39471,0.719162,446,125560,0.373576,0.43,1,106629,106183,446
15402621,34.6789,1.74383,487,125560,0.282715,0.46,1,106672,106185,487
15405541,10.1358,39.5488,442,125560,0.256543,0.44,1,106676,106234,442
15408461,10.0272,16.7098,441,125560,0.323309,0.46,1,106686,106245,441
15411381,44.4054,45.742,441,125560,0.320662,0.43,1,106739,106298,441
15414301,26.4811,28.3484,439,125560,0.280132,0.39,1,106761,106322,439
15416961,11.6962,7.26968,445,125560,0.336026,0.34,1,106769,106324,445
15419881,15.1392,18.2539,440,125560,0.291205,0.27,1,106785,106345,440
15422161,6.22785,8.45079,438,125560,0.266241,0.33,1,106789,106351,438
15425081,6.04557,8.89016,435,125560,0.357248,0.33,1,106795,106360,435
15428001,14.0091,1.77803,451,125560,0.33545,0.39,1,106811,106360,451
15430921,6.00182,10.7556,442,125560,0.27509,0.35,1,106815,106373,442
15432561,2.00036,3.75112,441,125560,0.335018,0.37,1,106816,106375,441
15435481,7.60007,5.55022,444,125560,0.235004,0.33,1,106825,106381,444
15438401,4.72001,2.71004,446,125560,0.207001,0.39,1,106829,106383,446
15440261,1.744,2.14201,445,125560,0.2894,0.41,1,106830,106385,445
15443181,8.3488,11.6284,441,125560,0.36988,0.42,1,106840,106399,441
15446101,21.6698,26.3257,436,125560,0.265976,0.38,1,106865,106429,436
15449021,7.53395,6.86514,438,125560,0.277195,0.38,1,106869,106431,438
15450661,12.7068,1.37303,452,125560,0.311439,0.44,1,106883,106431,452
15453581,5.74136,11.4746,442,125560,0.366288,0.36,1,106887,106445,442
15456501,2.74827,7.09492,438,125560,0.377258,0.38,1,106889,106451,438
15458981,7.74965,3.81898,444,125560,0.395452,0.33,1,106898,106454,444
15461901,27.1499,7.1638,468,125560,0.30309,0.37,1,106930,106462,468
15464821,7.02999,24.6328,441,125560,0.252618,0.28,1,106932,106491,441
15467301,7.006,8.12655,444,125560,0.338524,0.29,1,106939,106495,444
15470221,9.4012,11.2253,442,125560,0.291705,0.29,1,106949,106507,442
15473141,10.6802,15.0451,437,125560,0.386341,0.31,1,106960,106523,437
15476061,10.136,9.40901,439,125560,0.285268,0.31,1,106970,106531,439
15477701,2.82721,1.8818,440,125560,0.393054,0.39,1,106971,106531,440
15480621,3.76544,5.97636,437,125560,0.390611,0.39,1,106975,106538,437
15483541,5.55309,2.79527,441,125560,0.422122,0.36,1,106981,106540,441
15486021,5.91062,3.75905,443,125560,0.412424,0.38,1,106987,106544,443
15488941,2.78212,4.75181,440,125560,0.386485,0.37,1,106989,106549,440
15491861,2.15642,7.35036,434,125560,0.365297,0.26,1,106991,106557,434
15494781,6.83129,7.87007,434,125560,0.401059,0.26,1,106999,106565,434
15496421,7.76626,1.57401,442,125560,0.408212,0.22,1,107007,106565,442
15499341,3.15325,5.9148,437,125560,0.401642,0.22,1,107009,106572,437
15501621,13.4307,2.78296,451,125560,0.368328,0.32,1,107025,106574,451
15504541,11.4861,9.35659,451,125560,0.377666,0.39,1,107036,106585,451
15507461,3.89723,13.8713,438,125560,0.379533,0.36,1,107038,106600,438
15509941,9.57945,4.37426,447,125560,0.419907,0.29,1,107049,106602,447
15512861,7.51589,10.4749,442,125560,0.355981,0.38,1,107056,106614,442
15514721,2.30318,3.69497,441,125560,0.327196,0.32,1,107057,106616,441
15517641,6.86064,4.73899,444,125560,0.385439,0.38,1,107065,106621,444
15520561,2.97213,4.9478,441,125560,0.397088,0.39,1,107067,106626,441
15523041,2.19443,2.58956,441,125560,0.375418,0.41,1,107069,106628,441
15525961,28.4389,8.51791,466,125560,0.307084,0.26,1,107104,106638,466
15528881,13.6878,28.9036,442,125560,0.229417,0.25,1,107114,106672,442
15531781,10.7376,8.98072,448,125560,0.221883,0.34,1,107124,106676,448
15534701,46.1475,9.79614,493,125560,0.276377,0.32,1,107179,106686,493
15537621,24.4295,44.3592,459,125560,0.335275,0.27,1,107198,106739,459
15540541,10.4859,26.4718,444,125560,0.315055,0.35,1,107205,106761,444
15543461,18.8972,11.6944,457,125560,0.223011,0.28,1,107226,106769,457
15546381,6.17944,15.1389,444,125560,0.164602,0.38,1,107229,106785,444
15548001,2.83589,11.0278,436,125560,0.12092,0.4,1,107231,106795,436
15550921,11.7672,3.00555,449,125560,0.304184,0.33,1,107245,106796,449
15553841,4.75344,12.6011,437,125560,0.292837,0.26,1,107248,106811,437
15556741,10.5507,5.72022,445,125560,0.274567,0.21,1,107260,106815,445
15559661,3.71014,9.14404,437,125560,0.246913,0.2,1,107262,106825,437
15562581,3.94203,5.02881,437,125560,0.361383,0.2,1,107266,106829,437
15565061,5.58841,1.00576,443,125560,0.344277,0.39,1,107272,106829,443
15567981,7.51768,9.00115,440,125560,0.332855,0.24,1,107280,106840,440
15570901,23.1035,21.8002,442,125560,0.314571,0.28,1,107307,106865,442
15573821,6.22071,7.56005,440,125560,0.358914,0.28,1,107309,106869,440
15575461,13.2441,1.51201,455,125560,0.319783,0.38,1,107324,106869,455
15578381,5.84883,14.7024,441,125560,0.359957,0.38,1,107328,106887,441
15580661,4.36977,4.54048,443,125560,0.343991,0.4,1,107332,106889,443
15583581,7.27395,8.1081,442,125560,0.356798,0.28,1,107340,106898,442
15586501,25.4548,27.2216,440,125560,0.27136,0.24,1,107370,106930,440
15589421,6.69096,7.04432,440,125560,0.302272,0.24,1,107372,106932,440
15591061,4.53819,1.40886,444,125560,0.244454,0.4,1,107376,106932,444
15593981,10.5076,8.28177,446,125560,0.288891,0.28,1,107388,106942,446
15596901,8.50153,7.25635,447,125560,0.233778,0.41,1,107396,106949,447
15599381,14.5003,10.2513,452,125560,0.254756,0.26,1,107412,106960,452
15602301,4.50006,10.0503,444,125560,0.314951,0.39,1,107414,106970,444
15604161,3.30001,6.01005,442,125560,0.31099,0.45,1,107417,106975,442
15607081,2.26,5.20201,439,125560,0.286198,0.43,1,107419,106980,439
15610001,6.852,1.8404,446,125560,0.37724,0.41,1,107427,106981,446
15612901,4.5704,5.16808,444,125560,0.339448,0.41,1,107431,106987,444
15615821,2.51408,5.03362,441,125560,0.30789,0.41,1,107433,106992,441
15618741,6.90282,1.00672,449,125560,0.349578,0.41,1,107441,106992,449
15621661,2.98056,5.80134,444,125560,0.357916,0.4,1,107443,106999,444
15624581,2.19611,9.16027,436,125560,0.327583,0.36,1,107445,107009,436
15627501,26.8392,14.6321,453,125560,0.377517,0.38,1,107478,107025,453
15630421,6.96784,11.7264,444,125560,0.355503,0.38,1,107480,107036,444
15632241,2.19357,3.94528,443,125560,0.335101,0.43,1,107481,107038,443
15635161,8.43871,9.58906,442,125560,0.37102,0.34,1,107491,107049,442
15638081,6.48774,7.51781,441,125560,0.346204,0.32,1,107497,107056,441
15639941,6.89755,2.30356,447,125560,0.285241,0.4,1,107504,107057,447
15642861,2.97951,6.86071,441,125560,0.249048,0.4,1,107506,107065,441
15645761,2.1959,2.97214,441,125560,0.24981,0.4,1,107508,107067,441
15648681,22.8392,8.59443,459,125560,0.209962,0.29,1,107536,107077,459
15651601,12.5678,23.3189,442,125560,0.209992,0.21,1,107546,107104,442
15654081,4.11357,12.6638,434,125560,0.209998,0.22,1,107548,107114,434
15657001,10.4227,10.5328,436,125560,0.194,0.29,1,107560,107124,436
15659921,50.0845,46.1066,441,125560,0.3428,0.35,1,107620,107179,441
15662841,26.8169,24.4213,443,125560,0.27656,0.31,1,107641,107198,443
15665521,6.96338,10.4843,438,125560,0.239312,0.2,1,107643,107205,438
15668441,21.3927,18.8969,442,125560,0.207862,0.15,1,107668,107226,442
15670721,5.87854,6.17937,441,125560,0.169572,0.36,1,107670,107229,441
15673641,9.17571,5.23587,446,125560,0.297914,0.35,1,107680,107234,446
15676561,3.43514,9.84717,437,125560,0.347583,0.29,1,107682,107245,437
15679041,2.28703,4.36943,436,125560,0.325517,0.27,1,107684,107248,436
15681961,12.4574,10.4739,439,125560,0.265103,0.24,1,107699,107260,439
15684881,4.09148,3.69478,439,125560,0.229021,0.39,1,107701,107262,439
15687361,2.4183,3.93896,437,125560,0.189804,0.34,1,107703,107266,437
15690281,5.28366,5.58779,437,125560,0.325961,0.33,1,107709,107272,437
15693201,9.85673,7.51756,440,125560,0.313192,0.31,1,107720,107280,440
15696121,24.3713,23.1035,441,125560,0.334638,0.37,1,107748,107307,441
15698801,6.47427,6.2207,441,125560,0.306928,0.31,1,107750,107309,441
15701721,14.8949,13.2441,443,125560,0.325386,0.37,1,107767,107324,443
15704641,4.57897,5.84883,441,125560,0.305077,0.34,1,107769,107328,441
15707561,8.11579,4.36977,446,125560,0.325015,0.36,1,107778,107332,446
15710481,23.2232,7.27395,465,125560,0.289003,0.25,1,107805,107340,465
15713401,7.04463,25.4548,438,125560,0.233801,0.31,1,107808,107370,438
15715861,7.00893,6.69096,443,125560,0.19076,0.3,1,107815,107372,443
15718781,6.20179,14.1382,433,125560,0.278152,0.22,1,107821,107388,433
15721701,11.6404,9.22764,438,125560,0.27963,0.26,1,107834,107396,438
15724621,15.9281,14.6455,439,125560,0.271926,0.33,1,107851,107412,439
15727541,6.38561,4.52911,441,125560,0.326385,0.31,1,107855,107414,441
15729381,4.47712,3.30582,442,125560,0.313277,0.41,1,107859,107417,442
15732301,3.29542,6.26116,438,125560,0.286655,0.4,1,107862,107424,438
15735221,5.45909,3.65223,441,125560,0.313331,0.33,1,107868,107427,441
15737281,2.69182,3.93045,439,125560,0.302666,0.42,1,107870,107431,439
15740201,3.73836,4.78609,438,125560,0.308533,0.36,1,107874,107436,438
15743121,7.14767,4.95722,441,125560,0.301707,0.36,1,107882,107441,441
15746041,3.02953,2.59144,441,125560,0.276341,0.36,1,107884,107443,441
15748101,2.20591,0.518289,443,125560,0.327268,0.38,1,107886,107443,443
15751021,26.0412,4.10366,470,125560,0.337454,0.39,1,107918,107448,470
15753941,6.80824,24.8207,442,125560,0.307491,0.35,1,107920,107478,442
15756421,6.16165,6.56415,446,125560,0.285498,0.38,1,107926,107480,446
15759341,2.83233,10.1128,437,125560,0.3611,0.34,1,107928,107491,437
15762261,2.16647,6.82257,433,125560,0.37622,0.34,1,107930,107497,433
15764741,10.8333,1.36451,446,125560,0.355244,0.24,1,107943,107497,446
15767661,3.76666,7.4729,439,125560,0.311049,0.25,1,107945,107506,439
15769941,6.35333,3.09458,444,125560,0.20621,0.2,1,107952,107508,444
15772861,14.8707,23.0189,433,125560,0.297242,0.21,1,107969,107536,433
15775781,10.1741,12.6038,432,125560,0.219448,0.21,1,107978,107546,432
15778261,3.63483,2.52076,434,125560,0.32389,0.19,1,107980,107546,434
15781181,13.527,11.7042,436,125560,0.264778,0.38,1,107996,107560,436
15784101,53.9054,50.3408,440,125560,0.276956,0.26,1,108060,107620,440
15787021,25.9811,26.8682,438,125560,0.319391,0.23,1,108079,107641,438
15789941,6.79622,6.97363,438,125560,0.295878,0.23,1,108081,107643,438
15791781,20.5592,1.39473,462,125560,0.251176,0.2,1,108105,107643,462
15794701,5.71185,20.2789,439,125560,0.330235,0.16,1,108107,107668,439
15797621,7.54237,5.65579,445,125560,0.370047,0.33,1,108115,107670,445
15800541,3.10847,9.13116,437,125560,0.362009,0.36,1,108117,107680,437
15803221,11.8217,3.42623,449,125560,0.320402,0.25,1,108131,107682,449
15806141,8.76434,14.2852,440,125560,0.17608,0.22,1,108139,107699,440
15809061,3.35287,4.45705,440,125560,0.123216,0.22,1,108141,107701,440
15811541,7.07057,0.89141,448,125560,0.256643,0.37,1,108149,107701,448
15814461,3.01411,9.77828,438,125560,0.291329,0.31,1,108151,107713,438
15817381,2.20282,7.55566,433,125560,0.266266,0.34,1,108153,107720,433
15820301,22.0406,23.9111,432,125560,0.165253,0.3,1,108180,107748,432
15823221,12.4081,6.38223,440,125560,0.193051,0.3,1,108190,107750,440
15825061,13.6816,1.27645,454,125560,0.19061,0.33,1,108204,107750,454
15827981,4.33632,13.8553,439,125560,0.150122,0.3,1,108206,107767,439
15829841,1.66726,4.37106,438,125560,0.318024,0.33,1,108207,107769,438
15832761,6.73345,8.07421,437,125560,0.303605,0.28,1,108215,107778,437
15835681,18.1467,23.2148,431,125560,0.348721,0.22,1,108236,107805,431
15838161,10.8293,7.04297,437,125560,0.333744,0.18,1,108245,107808,437
15841081,5.36587,7.00859,434,125560,0.298749,0.3,1,108249,107815,434
15844001,5.87317,6.20172,434,125560,0.25175,0.28,1,108255,107821,434
15846921,15.5746,11.6403,439,125560,0.27435,0.27,1,108273,107834,439
15849841,14.3149,15.9281,436,125560,0.30287,0.34,1,108287,107851,436
15852721,5.26299,6.38561,435,125560,0.300574,0.31,1,108290,107855,435
15855641,8.2526,4.47712,440,125560,0.340115,0.28,1,108299,107859,440
15857921,6.45052,3.29542,443,125560,0.292023,0.3,1,108305,107862,443
15860841,2.8901,7.05908,437,125560,0.338405,0.3,1,108307,107870,437
15863761,3.77802,1.41182,441,125560,0.355681,0.31,1,108311,107870,441
15866681,8.7556,3.48236,447,125560,0.327136,0.3,1,108321,107874,447
15869601,3.35112,7.09647,441,125560,0.321427,0.27,1,108323,107882,441
15871861,2.27022,3.01929,441,125560,0.320285,0.35,1,108325,107884,441
15874781,26.854,4.60386,469,125560,0.296057,0.34,1,108358,107889,469
15877701,6.97081,24.1208,442,125560,0.291211,0.3,1,108360,107918,442
15880181,6.19416,6.42415,446,125560,0.306242,0.28,1,108366,107920,446
15883101,2.83883,6.08483,442,125560,0.277248,0.38,1,108368,107926,442
15884961,1.36777,2.81697,441,125560,0.27945,0.39,1,108369,107928,441
15887881,1.87355,2.96339,440,125560,0.27189,0.35,1,108371,107931,440
15890801,2.77471,10.1927,431,125560,0.262378,0.3,1,108374,107943,431
15893281,10.9549,3.63854,442,125560,0.332476,0.18,1,108387,107945,442
15896201,12.591,7.92771,446,125560,0.322495,0.32,1,108400,107954,446
15899121,11.3182,13.5855,442,125560,0.208499,0.2,1,108411,107969,442
15902021,4.66364,9.91711,436,125560,0.2897,0.35,1,108414,107978,436
15904941,16.9327,3.58342,454,125560,0.21794,0.25,1,108434,107980,454
15907861,53.7865,13.5167,501,125560,0.235588,0.28,1,108497,107996,501
15910781,21.9573,53.9033,451,125560,0.207118,0.33,1,108511,108060,451
15913701,12.3915,25.9807,442,125560,0.185424,0.29,1,108521,108079,442
15916581,20.8783,6.79613,463,125560,0.173085,0.35,1,108544,108081,463
15919501,5.77566,22.1592,439,125560,0.138617,0.38,1,108546,108107,439
15921781,4.35513,10.8318,435,125560,0.0597234,0.36,1,108550,108115,435
15924701,2.47103,3.76637,435,125560,0.0119447,0.31,1,108552,108117,435
15927621,5.29421,11.9533,427,125560,0.274389,0.14,1,108558,108131,427
15930541,14.6588,8.79065,436,125560,0.190878,0.14,1,108575,108139,436
15932181,4.53177,1.75813,438,125560,0.142176,0.11,1,108577,108139,438
15935101,6.50635,3.55163,441,125560,0.300435,0.29,1,108584,108143,441
15938021,2.90127,5.51033,437,125560,0.348087,0.3,1,108586,108149,437
15940081,2.18025,2.70207,437,125560,0.341617,0.3,1,108588,108151,437
15943001,19.6361,7.74041,452,125560,0.268323,0.14,1,108612,108160,452
15945921,12.7272,17.5481,443,125560,0.237665,0.2,1,108623,108180,443
15948841,15.3454,11.5096,449,125560,0.239533,0.19,1,108639,108190,449
15951761,4.66909,13.5019,437,125560,0.207907,0.14,1,108641,108204,437
15953601,1.73382,4.30038,436,125560,0.193581,0.3,1,108642,108206,436
15956521,9.94676,6.46008,441,125560,0.270716,0.3,1,108654,108213,441
15959441,17.1894,2.89202,458,125560,0.238143,0.36,1,108673,108215,458
15962361,8.23787,17.3784,443,125560,0.271629,0.29,1,108679,108236,443
15965281,8.84757,13.8757,439,125560,0.254326,0.29,1,108688,108249,439
15967541,6.56951,2.77514,445,125560,0.258865,0.24,1,108694,108249,445
15970461,10.9139,5.35503,451,125560,0.315773,0.28,1,108706,108255,451
15973381,14.9828,15.471,449,125560,0.271155,0.31,1,108722,108273,449
15976301,8.59656,14.2942,442,125560,0.174231,0.3,1,108729,108287,442
15978981,9.71931,5.25884,449,125560,0.186846,0.35,1,108739,108290,449
15981901,5.14386,8.25177,444,125560,0.189369,0.28,1,108743,108299,444
15983761,1.82877,6.45035,439,125560,0.165874,0.38,1,108744,108305,439
15986681,3.56575,5.29007,438,125560,0.105175,0.36,1,108748,108310,438
15989601,10.3132,1.85801,449,125560,0.237035,0.32,1,108760,108311,449
15992501,3.66263,8.3716,441,125560,0.287407,0.32,1,108762,108321,441
15995421,2.33253,4.87432,439,125560,0.265481,0.32,1,108764,108325,439
15998341,23.6665,0.974864,468,125560,0.245096,0.29,1,108793,108325,468
16001261,6.3333,26.595,437,125560,0.249019,0.29,1,108795,108358,437
16003941,6.86666,6.91899,442,125560,0.185804,0.31,1,108802,108360,442
16006861,5.37333,6.1838,441,125560,0.189161,0.27,1,108807,108366,441
16008721,1.87467,2.83676,440,125560,0.245832,0.28,1,108808,108368,440
16011641,1.97493,4.56735,437,125560,0.257166,0.28,1,108810,108373,437
16014561,1.99499,0.91347,439,125560,0.267433,0.26,1,108812,108373,439
16017481,3.599,0.982694,442,125560,0.237487,0.32,1,108816,108374,442
16020401,11.1198,20.9965,429,125560,0.271497,0.18,1,108829,108400,429
16023321,15.024,12.9993,434,125560,0.254299,0.31,1,108845,108411,434
16026241,4.60479,4.99986,433,125560,0.30686,0.31,1,108847,108414,433
16027861,14.521,0.999972,450,125560,0.293372,0.2,1,108864,108414,450
16030781,54.9042,16.2,495,125560,0.186674,0.24,1,108929,108434,495
16033701,19.7808,53.64,443,125560,0.229335,0.2,1,108940,108497,443
16036621,11.1562,21.928,438,125560,0.221867,0.18,1,108949,108511,438
16039541,16.6312,12.3856,446,125560,0.220373,0.17,1,108967,108521,446
16042461,10.5262,20.8771,432,125560,0.276075,0.13,1,108976,108544,432
16044081,3.70525,5.77542,432,125560,0.287215,0.02,1,108978,108546,432
16047001,7.94105,5.15508,436,125560,0.217443,0,1,108987,108551,436
16049921,3.18821,1.83102,437,125560,0.187489,0.34,1,108989,108552,437
16052401,4.63764,5.1662,436,125560,0.229498,0.17,1,108994,108558,436
16055321,16.9275,14.6332,439,125560,0.2379,0.13,1,109014,108575,439
16058241,7.38551,4.52665,442,125560,0.27158,0.34,1,109019,108577,442
16061161,5.4771,6.50533,440,125560,0.198316,0.36,1,109024,108584,440
16062801,1.89542,2.90107,439,125560,0.199663,0.3,1,109025,108586,439
16065721,14.7791,11.7802,443,125560,0.279933,0.25,1,109043,108600,443
16068641,8.55582,11.956,438,125560,0.223987,0.23,1,109050,108612,438
16071561,20.9112,11.1912,451,125560,0.196797,0.24,1,109074,108623,451
16074481,5.78223,15.0382,437,125560,0.183359,0.2,1,109076,108639,437
16076321,1.95645,4.60765,436,125560,0.164672,0.32,1,109077,108641,436
16079241,8.39129,8.12153,437,125560,0.320934,0.29,1,109087,108650,437
16082161,15.2783,4.82431,450,125560,0.280187,0.23,1,109104,108654,450
16085081,9.45565,16.1649,439,125560,0.224037,0.28,1,109112,108673,439
16086721,2.69113,8.03297,434,125560,0.188807,0.25,1,109113,108679,434
16089641,5.33823,8.80659,431,125560,0.237761,0.26,1,109119,108688,431
16092561,7.46765,6.56132,433,125560,0.255552,0.33,1,109127,108694,433
16095481,10.2935,10.9123,432,125560,0.28311,0.26,1,109138,108706,432
16098401,12.4587,14.9825,429,125560,0.304622,0.15,1,109151,108722,429
16101281,10.4917,8.59649,432,125560,0.316924,0.19,1,109161,108729,432
16104201,6.89835,9.7193,428,125560,0.247385,0.19,1,109167,108739,428
16106481,11.7797,5.14386,437,125560,0.297477,0.16,1,109180,108743,437
16109401,3.95593,1.82877,438,125560,0.275495,0.09,1,109182,108744,438
16112321,9.59119,3.56575,445,125560,0.279099,0.27,1,109193,108748,445
16115241,4.31824,10.3132,436,125560,0.28782,0.3,1,109196,108760,436
16116881,1.66365,3.66263,435,125560,0.281564,0.22,1,109197,108762,435
16119801,3.53273,3.93253,435,125560,0.304313,0.24,1,109201,108766,435
16122721,19.1065,22.3865,431,125560,0.220863,0.25,1,109224,108793,431
16125641,5.42131,6.0773,431,125560,0.300173,0.25,1,109226,108795,431
16127701,9.88426,1.21546,442,125560,0.380034,0.17,1,109237,108795,442
16130621,4.37685,5.84309,438,125560,0.348007,0.19,1,109240,108802,438
16132901,4.87537,5.16862,438,125560,0.285601,0.26,1,109245,108807,438
16135821,2.57507,3.43372,437,125560,0.27312,0.27,1,109247,108810,437
16138741,2.11501,2.28674,437,125560,0.270624,0.27,1,109249,108812,437
16141221,3.623,0.457349,441,125560,0.318125,0.23,1,109253,108812,441
16144141,8.7246,3.29147,447,125560,0.351625,0.28,1,109263,108816,447
16147061,11.3449,11.0583,446,125560,0.358325,0.25,1,109275,108829,446
16149981,3.86898,15.0117,432,125560,0.327665,0.32,1,109277,108845,432
16152661,20.7738,4.60233,455,125560,0.233533,0.16,1,109302,108847,455
16155581,51.3548,66.5205,432,125560,0.214707,0.24,1,109361,108929,432
16158501,20.671,22.1041,434,125560,0.338941,0.22,1,109374,108940,434
16161421,10.5342,11.6208,433,125560,0.235788,0.22,1,109382,108949,433
16163061,18.1068,2.32416,453,125560,0.303158,0.22,1,109402,108949,453
16165981,6.82137,14.8648,439,125560,0.260632,0.29,1,109406,108967,439
16168261,2.96427,10.173,432,125560,0.220126,0.2,1,109408,108976,432
16171181,15.7929,10.8346,440,125560,0.220025,0.18,1,109427,108987,440
16174101,4.75857,3.76692,440,125560,0.220005,0.24,1,109429,108989,440
16177021,4.15171,4.75338,439,125560,0.284001,0.24,1,109433,108994,439
16178661,8.83034,0.950677,449,125560,0.3288,0.24,1,109443,108994,449
16181581,12.1661,16.1901,442,125560,0.33776,0.28,1,109456,109014,442
16184501,4.03321,7.23803,439,125560,0.307552,0.18,1,109458,109019,439
16186981,9.60664,5.44761,445,125560,0.24551,0.3,1,109469,109024,445
16189901,8.32133,16.2895,434,125560,0.361102,0.21,1,109477,109043,434
16192821,6.46427,8.8579,433,125560,0.34422,0.19,1,109483,109050,433
16195741,19.6929,20.9716,432,125560,0.308844,0.18,1,109506,109074,432
16198661,10.3386,5.79432,438,125560,0.293769,0.18,1,109514,109076,438
16200501,2.86771,1.15886,439,125560,0.274754,0.36,1,109515,109076,439
16203421,7.77354,9.03177,437,125560,0.294951,0.27,1,109524,109087,437
16206341,15.9547,15.4064,438,125560,0.31499,0.21,1,109542,109104,438
16209261,4.79094,9.48127,432,125560,0.294998,0.21,1,109544,109112,432
16210901,7.35819,1.89625,440,125560,0.323,0.25,1,109552,109112,440
16213821,5.47164,5.97925,438,125560,0.3606,0.26,1,109557,109119,438
16216741,5.89433,7.59585,436,125560,0.29612,0.29,1,109563,109127,436
16219661,4.37887,10.3192,429,125560,0.307224,0.31,1,109567,109138,429
16222581,17.6758,12.4638,437,125560,0.197445,0.32,1,109588,109151,437
16225501,6.73515,10.4928,431,125560,0.159489,0.23,1,109592,109161,431
16228421,11.747,6.89855,438,125560,0.279898,0.23,1,109605,109167,438
16230661,10.3494,1.37971,448,125560,0.28798,0.27,1,109615,109167,448
16233581,3.66988,12.2759,435,125560,0.321596,0.27,1,109617,109182,435
16235861,11.934,2.45519,449,125560,0.344319,0.28,1,109631,109182,449
16238781,3.9868,9.29104,440,125560,0.316864,0.29,1,109633,109193,440
16241061,2.39736,4.25821,439,125560,0.311373,0.31,1,109635,109196,439
16243981,2.07947,4.85164,436,125560,0.318275,0.2,1,109637,109201,436
16246901,17.2159,19.3703,434,125560,0.303655,0.32,1,109658,109224,434
16249821,6.64318,5.47407,436,125560,0.236731,0.32,1,109662,109226,436
16251461,8.52864,1.09481,445,125560,0.335346,0.4,1,109671,109226,445
16254381,4.10573,9.01896,437,125560,0.347069,0.34,1,109674,109237,437
16256241,5.62115,4.20379,440,125560,0.293414,0.27,1,109680,109240,440
16259161,5.92423,8.04076,437,125560,0.274683,0.27,1,109686,109249,437
16262081,2.78485,1.60815,439,125560,0.230937,0.27,1,109688,109249,439
16265001,3.75697,0.32163,443,125560,0.246187,0.33,1,109692,109249,443
16267921,4.75139,3.26433,444,125560,0.305237,0.36,1,109697,109253,444
16270841,11.3503,8.65287,447,125560,0.333047,0.36,1,109710,109263,447
16273761,6.27006,11.3306,440,125560,0.266609,0.32,1,109715,109275,440
16276421,17.254,3.86611,458,125560,0.253322,0.21,1,109735,109277,458
16279341,52.2508,20.7732,494,125560,0.282664,0.21,1,109796,109302,494
16282261,18.4502,51.3546,445,125560,0.328533,0.37,1,109806,109361,445
16285181,11.69,20.6709,442,125560,0.241707,0.21,1,109816,109374,442
16288101,23.138,10.5342,460,125560,0.288341,0.25,1,109842,109382,460
16291021,6.2276,21.3068,438,125560,0.265668,0.21,1,109844,109406,438
16293681,2.84552,5.86137,438,125560,0.237134,0.22,1,109846,109408,438
16296601,17.3691,16.3723,440,125560,0.255427,0.22,1,109867,109427,440
16298881,5.07382,4.87445,440,125560,0.315085,0.3,1,109869,109429,440
16301801,2.61476,4.17489,438,125560,0.287017,0.34,1,109871,109433,438
16304721,13.323,8.83498,444,125560,0.313403,0.34,1,109887,109443,444
16307641,4.26459,12.167,433,125560,0.286681,0.3,1,109889,109456,433
16309281,1.65292,4.0334,432,125560,0.257336,0.23,1,109890,109458,432
16312201,16.3306,9.60668,441,125560,0.219467,0.39,1,109910,109469,441
16315121,6.46612,8.32134,437,125560,0.139893,0.34,1,109914,109477,437
16318041,4.49322,6.46427,435,125560,0.0999787,0.3,1,109918,109483,435
16320961,17.6986,19.6929,433,125560,0.171996,0.29,1,109939,109506,433
16323841,13.9397,10.3386,438,125560,0.306399,0.33,1,109952,109514,438
16326761,10.7879,5.26771,444,125560,0.26128,0.3,1,109962,109518,444
16329681,15.7576,5.85354,455,125560,0.284256,0.32,1,109979,109524,455
16332601,4.75152,15.5707,439,125560,0.296851,0.29,1,109981,109542,439
16334241,1.7503,4.71414,438,125560,0.31537,0.33,1,109982,109544,438
16337161,8.35006,7.34283,440,125560,0.335074,0.37,1,109992,109552,440
16340081,6.47001,5.46857,441,125560,0.267015,0.28,1,109998,109557,441
16342981,4.494,5.89371,439,125560,0.277403,0.31,1,110002,109563,439
16345901,16.8988,4.37874,455,125560,0.367481,0.17,1,110022,109567,455
16348821,9.77976,17.6757,442,125560,0.337496,0.15,1,110030,109588,442
16351301,11.556,6.73515,450,125560,0.315499,0.31,1,110042,109592,450
16354221,13.5112,11.747,451,125560,0.3111,0.29,1,110056,109605,451
16356081,3.50224,10.3494,442,125560,0.30222,0.33,1,110057,109615,442
16359001,2.30045,3.66988,442,125560,0.332444,0.35,1,110059,109617,442
16361921,10.0601,11.934,440,125560,0.274489,0.31,1,110071,109631,440
16364401,3.61202,3.9868,440,125560,0.262898,0.36,1,110073,109633,440
16367321,5.5224,7.99736,437,125560,0.30858,0.36,1,110079,109642,437
16370241,16.3045,1.59947,456,125560,0.341716,0.3,1,110098,109642,456
16373161,4.8609,13.1199,442,125560,0.316343,0.22,1,110100,109658,442
16374801,1.77218,5.82398,439,125560,0.287269,0.36,1,110101,109662,439
16377721,5.15444,8.3648,436,125560,0.281454,0.35,1,110107,109671,436
16380001,7.43089,4.07296,441,125560,0.368291,0.27,1,110115,109674,441
16382921,7.88618,10.4146,437,125560,0.353658,0.27,1,110123,109686,437
16385841,3.17724,2.08292,439,125560,0.318732,0.22,1,110125,109686,439
16388741,8.63545,2.01658,447,125560,0.399746,0.32,1,110135,109688,447
16391661,3.32709,7.60332,440,125560,0.415949,0.32,1,110137,109697,440
16394581,7.86542,1.52066,449,125560,0.37119,0.34,1,110146,109697,449
16397501,3.97308,10.7041,439,125560,0.402238,0.25,1,110149,109710,439
16400421,16.7946,6.14083,454,125560,0.344448,0.25,1,110169,109715,454
16403341,55.3589,17.2282,499,125560,0.30889,0.29,1,110234,109735,499
16406261,14.2718,52.2456,442,125560,0.325778,0.34,1,110238,109796,442
16408501,9.25436,18.4491,440,125560,0.409156,0.22,1,110246,109806,440
16411421,21.0509,11.6898,454,125560,0.393831,0.3,1,110270,109816,454
16414341,12.2102,23.138,438,125560,0.422766,0.26,1,110280,109842,438
16416821,8.84203,6.22759,444,125560,0.340553,0.37,1,110288,109844,444
16419741,8.96841,9.24552,443,125560,0.364111,0.26,1,110297,109854,443
16422661,8.19368,12.2491,438,125560,0.320822,0.33,1,110305,109867,438
16424721,3.23874,4.04982,438,125560,0.352164,0.3,1,110307,109869,438
16427641,9.44775,11.21,436,125560,0.470433,0.32,1,110318,109882,436
16430561,9.08955,6.24199,440,125560,0.446087,0.28,1,110327,109887,440
16433461,3.41791,2.8484,440,125560,0.441217,0.21,1,110329,109889,440
16436381,15.8836,17.3697,438,125560,0.424243,0.12,1,110348,109910,438
16439301,6.37672,6.67394,438,125560,0.380849,0.12,1,110352,109914,438
16441781,2.87534,1.33479,440,125560,0.34817,0.09,1,110354,109914,440
16444701,16.5751,3.46696,456,125560,0.357634,0.19,1,110374,109918,456
16447621,14.515,17.4934,449,125560,0.375527,0.34,1,110388,109939,449
16450101,11.703,13.8987,447,125560,0.291105,0.25,1,110399,109952,447
16453021,16.7406,10.7797,455,125560,0.386221,0.29,1,110417,109962,455
16455941,4.94812,15.7559,440,125560,0.405244,0.3,1,110419,109979,440
16458421,2.58962,4.75119,440,125560,0.385049,0.34,1,110421,109981,440
16461341,6.91792,9.75024,437,125560,0.43701,0.25,1,110429,109992,437
16464261,6.18359,6.75005,437,125560,0.391402,0.25,1,110435,109998,437
16466741,4.43672,1.35001,441,125560,0.39028,0.28,1,110439,109998,441
16469661,16.8873,3.47,457,125560,0.334056,0.39,1,110459,110002,457
16472581,9.77747,16.694,445,125560,0.386811,0.33,1,110467,110022,445
16475061,13.9555,9.7388,452,125560,0.325362,0.31,1,110482,110030,452
16477981,10.7911,11.5478,450,125560,0.425072,0.31,1,110492,110042,450
16480901,3.75822,13.5096,438,125560,0.429015,0.34,1,110494,110056,438
16483381,10.3516,5.10191,447,125560,0.389803,0.26,1,110506,110059,447
16486301,8.47033,10.6204,443,125560,0.349961,0.26,1,110514,110071,443
16489201,3.29407,3.72408,443,125560,0.309992,0.42,1,110516,110073,443
16492121,3.85881,6.34482,440,125560,0.269998,0.35,1,110520,110080,440
16495041,11.9718,15.669,436,125560,0.374,0.31,1,110534,110098,436
16497521,3.99435,4.73379,436,125560,0.4028,0.28,1,110536,110100,436
16500441,11.1989,6.54676,442,125560,0.36056,0.28,1,110549,110107,442
16503361,3.83977,1.30935,444,125560,0.352112,0.39,1,110551,110107,444
16506281,7.96796,6.66187,445,125560,0.278422,0.35,1,110560,110115,445
16509201,7.19359,7.73237,444,125560,0.311684,0.31,1,110567,110123,444
16511041,2.23872,3.14647,443,125560,0.302337,0.42,1,110568,110125,443
16513961,5.24774,8.62929,439,125560,0.244467,0.42,1,110574,110135,439
16516241,5.84955,3.32586,443,125560,0.264893,0.36,1,110580,110137,443
16519161,5.96991,7.86517,440,125560,0.348979,0.41,1,110586,110146,440
16522081,2.79398,3.97303,439,125560,0.333796,0.41,1,110588,110149,439
16523941,14.9588,0.794607,457,125560,0.218759,0.33,1,110606,110149,457
16526861,55.7918,16.1589,503,125560,0.267752,0.3,1,110672,110169,503
16529781,19.1584,55.2318,448,125560,0.28555,0.33,1,110682,110234,448
16532261,7.03167,14.2464,448,125560,0.26511,0.43,1,110686,110238,448
16535181,23.8063,9.24927,468,125560,0.293022,0.39,1,110714,110246,468
16538101,6.36127,21.0499,446,125560,0.266604,0.43,1,110716,110270,446
16540581,11.6723,12.21,449,125560,0.301321,0.32,1,110729,110280,449
16543501,7.93445,8.84199,448,125560,0.204264,0.37,1,110736,110288,448
16546421,8.78689,8.9684,448,125560,0.272853,0.31,1,110745,110297,448
16549341,8.15738,8.19368,448,125560,0.198571,0.5,1,110753,110305,448
16552261,8.03148,12.0387,443,125560,0.167714,0.44,1,110761,110318,443
16555181,4.8063,9.60775,438,125560,0.217543,0.44,1,110765,110327,438
16557221,8.96126,1.92155,448,125560,0.307509,0.43,1,110775,110327,448
16560141,14.5923,3.58431,460,125560,0.333502,0.42,1,110791,110331,460
16563061,7.71845,14.3169,449,125560,0.2587,0.37,1,110797,110348,449
16565541,3.14369,6.06337,447,125560,0.29174,0.47,1,110799,110352,447
16568461,15.0287,3.61267,462,125560,0.314348,0.36,1,110817,110355,462
16571381,7.00575,15.9225,448,125560,0.23087,0.38,1,110822,110374,448
16574301,16.6011,14.3845,453,125560,0.222174,0.41,1,110841,110388,453
16577221,16.9202,26.0769,441,125560,0.300435,0.41,1,110858,110417,441
16580141,6.58405,6.81538,443,125560,0.332087,0.41,1,110862,110419,443
16582181,6.11681,1.36308,449,125560,0.250417,0.47,1,110868,110419,449
16585101,2.82336,7.47262,442,125560,0.322083,0.45,1,110870,110428,442
16588021,5.36467,2.29452,447,125560,0.336417,0.38,1,110876,110429,447
16590501,5.87293,5.2589,447,125560,0.307283,0.41,1,110882,110435,447
16593421,14.7746,6.65178,457,125560,0.245457,0.32,1,110899,110442,457
16596341,7.75492,14.9304,446,125560,0.321091,0.4,1,110905,110459,446
16599261,17.551,9.38607,458,125560,0.376218,0.45,1,110925,110467,458
16602181,6.7102,21.8772,437,125560,0.355244,0.43,1,110929,110492,437
16605101,6.14204,5.97544,441,125560,0.287049,0.43,1,110935,110494,441
16607141,7.62841,1.19509,449,125560,0.36941,0.38,1,110943,110494,449
16610061,10.3257,9.83902,448,125560,0.377882,0.34,1,110954,110506,448
16611921,2.86514,8.3678,441,125560,0.355576,0.26,1,110955,110514,441
16614841,5.37303,6.47356,441,125560,0.287115,0.26,1,110961,110520,441
16617761,9.87461,1.29471,452,125560,0.369423,0.4,1,110972,110520,452
16620681,3.57492,11.4589,440,125560,0.353885,0.41,1,110974,110534,440
16622321,1.51498,3.89179,439,125560,0.366777,0.35,1,110975,110536,439
16625241,6.703,11.1784,434,125560,0.385355,0.35,1,110983,110549,434
16628161,2.9406,3.83567,434,125560,0.397071,0.35,1,110985,110551,434
16630021,6.98812,0.767134,442,125560,0.367414,0.41,1,110993,110551,442
16632941,7.79762,9.75343,438,125560,0.313483,0.32,1,111001,110563,438
16635861,3.15952,5.15069,436,125560,0.294697,0.23,1,111003,110567,436
16638781,10.2319,6.63014,441,125560,0.378939,0.27,1,111015,110574,441
16641701,3.64638,6.12603,437,125560,0.403788,0.37,1,111017,110580,437
16644621,6.32928,6.02521,438,125560,0.336758,0.33,1,111024,110586,438
16647281,2.86586,2.80504,438,125560,0.315352,0.19,1,111026,110588,438
16650201,65.3732,14.961,501,125560,0.35907,0.28,1,111107,110606,501
16653121,20.2746,55.7922,444,125560,0.271814,0.29,1,111116,110672,444
16656021,9.65493,19.1584,441,125560,0.318363,0.26,1,111123,110682,441
16658941,22.731,7.03169,463,125560,0.255673,0.3,1,111149,110686,463
16661861,6.1462,23.8063,437,125560,0.211135,0.26,1,111151,110714,437
16664341,7.62924,6.36127,443,125560,0.322227,0.31,1,111159,110716,443
16667261,10.3258,11.6723,441,125560,0.352445,0.18,1,111170,110729,441
16670181,4.46517,7.93445,437,125560,0.310489,0.29,1,111173,110736,437
16673101,11.293,8.78689,441,125560,0.206098,0.18,1,111186,110745,441
16675781,12.6586,8.15738,446,125560,0.23322,0.16,1,111199,110753,446
16678701,5.73172,8.03148,442,125560,0.206644,0.23,1,111203,110761,442
16681621,4.34634,4.8063,442,125560,0.265329,0.34,1,111207,110765,442
16684541,16.8693,21.7613,436,125560,0.277066,0.24,1,111227,110791,436
16687461,6.57385,9.15225,434,125560,0.271413,0.24,1,111231,110797,434
16689301,2.11477,1.83045,435,125560,0.254283,0.3,1,111232,110797,435
16692221,18.023,3.56609,453,125560,0.322857,0.32,1,111254,110801,453
16695141,5.20459,13.5132,439,125560,0.304571,0.21,1,111256,110817,439
16697621,15.4409,6.70264,452,125560,0.324914,0.22,1,111274,110822,452
16700541,17.4882,16.5405,451,125560,0.264983,0.32,1,111292,110841,451
16703461,9.09764,16.9081,441,125560,0.348997,0.34,1,111299,110858,441
16706381,6.61953,6.58162,443,125560,0.309799,0.34,1,111305,110862,443
16709301,2.92391,7.71632,437,125560,0.33396,0.34,1,111307,110870,437
16712181,8.58478,6.34326,441,125560,0.354792,0.3,1,111317,110876,441
16715101,4.91696,6.06865,439,125560,0.326958,0.23,1,111321,110882,439
16718021,13.7834,14.8137,438,125560,0.337392,0.34,1,111337,110899,438
16720941,7.55668,7.76275,438,125560,0.331478,0.34,1,111343,110905,438
16722581,14.3113,1.55255,454,125560,0.314296,0.39,1,111359,110905,454
16725501,6.86227,16.3105,439,125560,0.278859,0.35,1,111364,110925,439
16727361,2.97245,6.4621,437,125560,0.247772,0.43,1,111366,110929,437
16730281,11.7945,10.8924,439,125560,0.305554,0.39,1,111380,110941,439
16733201,7.1589,3.77848,443,125560,0.277111,0.38,1,111386,110943,443
16736121,4.63178,9.5557,436,125560,0.199422,0.27,1,111390,110954,436
16739041,9.72636,7.51114,440,125560,0.319884,0.39,1,111401,110961,440
16741961,10.7453,10.3022,440,125560,0.335977,0.35,1,111412,110972,440
16744881,3.74905,3.66045,440,125560,0.339195,0.35,1,111414,110974,440
16746501,3.14981,0.732089,443,125560,0.331839,0.39,1,111417,110974,443
16749421,5.42996,7.34642,440,125560,0.338368,0.4,1,111423,110983,440
16752341,2.68599,3.06928,440,125560,0.339674,0.4,1,111425,110985,440
16754821,9.3372,0.613857,451,125560,0.347935,0.3,1,111436,110985,451
16757741,3.46744,12.9228,437,125560,0.317587,0.29,1,111438,111001,437
16760641,7.09349,4.18455,443,125560,0.247517,0.4,1,111446,111003,443
16763561,6.2187,10.4369,437,125560,0.313503,0.41,1,111452,111015,437
16766481,2.84374,3.68738,437,125560,0.294701,0.41,1,111454,111017,437
16768341,7.76875,0.737476,446,125560,0.37894,0.32,1,111463,111017,446
16771261,3.15375,5.7475,441,125560,0.403788,0.31,1,111465,111024,441
16773541,62.2308,2.7495,516,125560,0.328758,0.37,1,111542,111026,516
16776461,21.2461,65.3499,446,125560,0.329752,0.25,1,111553,111107,446
16778321,5.84923,20.27,439,125560,0.29795,0.33,1,111555,111116,439
16781241,9.16985,9.654,442,125560,0.31559,0.24,1,111565,111123,442
16784161,20.234,22.7308,439,125560,0.335118,0.2,1,111588,111149,439
16786641,5.64679,6.14616,439,125560,0.307024,0.35,1,111590,111151,439
16789561,7.52936,7.62923,439,125560,0.397405,0.36,1,111598,111159,439
16792481,4.70587,10.3258,432,125560,0.399481,0.3,1,111602,111170,432
16795401,2.54117,4.46517,431,125560,0.367896,0.18,1,111604,111173,431
16798081,10.9082,11.293,431,125560,0.337579,0.24,1,111617,111186,431
16801001,14.9816,12.6586,434,125560,0.323516,0.2,1,111633,111199,434
16803281,10.1963,5.73172,439,125560,0.384703,0.28,1,111642,111203,439
16806201,5.23927,4.34634,439,125560,0.364941,0.28,1,111646,111207,439
16809121,13.8479,16.8693,435,125560,0.360988,0.27,1,111662,111227,435
16812041,9.16957,6.57385,439,125560,0.368198,0.27,1,111670,111231,439
16814101,6.63391,1.31477,445,125560,0.36164,0.34,1,111676,111231,445
16817021,17.3268,18.663,442,125560,0.352328,0.3,1,111696,111254,442
16819921,5.06536,5.33259,442,125560,0.318466,0.33,1,111698,111256,442
16822841,12.2131,15.4665,438,125560,0.319693,0.25,1,111712,111274,438
16825761,16.8426,17.4933,438,125560,0.279939,0.37,1,111730,111292,438
16828681,8.16852,9.09866,437,125560,0.319988,0.3,1,111736,111299,437
16831361,3.2337,6.61973,433,125560,0.287998,0.25,1,111738,111305,433
16834281,10.2467,8.52395,436,125560,0.329599,0.36,1,111750,111314,436
16837201,8.44935,4.10479,441,125560,0.31392,0.32,1,111758,111317,441
16840121,4.88987,4.02096,441,125560,0.310784,0.34,1,111762,111321,441
16843041,10.578,13.6042,437,125560,0.350157,0.33,1,111774,111337,437
16845921,4.51559,7.52084,434,125560,0.350031,0.31,1,111777,111343,434
16848841,20.9031,14.3042,443,125560,0.422006,0.27,1,111802,111359,443
16851121,5.78062,6.86083,440,125560,0.396401,0.39,1,111804,111364,440
16854041,5.95612,8.57217,437,125560,0.31928,0.32,1,111810,111373,437
16856961,13.1912,7.31443,445,125560,0.343856,0.27,1,111825,111380,445
16859861,4.23824,6.26289,441,125560,0.316771,0.18,1,111827,111386,441
16862781,10.4476,4.45258,449,125560,0.391354,0.35,1,111839,111390,449
16865701,10.8895,9.69052,449,125560,0.382271,0.34,1,111850,111401,449
16868621,3.77791,10.7381,440,125560,0.348454,0.34,1,111852,111412,440
16871301,5.55558,3.74762,444,125560,0.357691,0.34,1,111858,111414,444
16874221,4.31112,7.94952,439,125560,0.335538,0.34,1,111862,111423,439
16877121,2.46222,3.1899,439,125560,0.339108,0.35,1,111864,111425,439
16880041,6.89244,9.43798,436,125560,0.339822,0.31,1,111872,111436,436
16882961,6.97849,3.4876,441,125560,0.347964,0.23,1,111879,111438,441
16884821,2.1957,7.09752,434,125560,0.333593,0.33,1,111880,111446,434
16887741,10.0391,6.2195,440,125560,0.274719,0.29,1,111892,111452,440
16890661,3.60783,2.8439,440,125560,0.246944,0.29,1,111894,111454,440
16893141,2.32157,0.56878,442,125560,0.369389,0.41,1,111896,111454,442
16896061,8.46431,8.91376,441,125560,0.433878,0.31,1,111906,111465,441
16898981,60.0929,63.3828,437,125560,0.414776,0.33,1,111979,111542,437
16901901,21.6186,21.4766,438,125560,0.314955,0.29,1,111991,111553,438
16904821,12.3237,5.89531,446,125560,0.390991,0.32,1,112001,111555,446
16907741,25.6647,9.17906,465,125560,0.406198,0.34,1,112030,111565,465
16910661,6.73295,20.2358,444,125560,0.38524,0.3,1,112032,111588,444
16912901,7.74659,5.64716,450,125560,0.405048,0.42,1,112040,111590,450
16915821,3.14932,7.52943,444,125560,0.43301,0.4,1,112042,111598,444
16918741,2.22986,4.70589,442,125560,0.430602,0.36,1,112044,111602,442
16921221,12.446,2.54118,455,125560,0.37412,0.33,1,112059,111604,455
16924141,14.4892,10.9082,457,125560,0.386824,0.32,1,112074,111617,457
16927061,6.09784,14.9816,445,125560,0.357365,0.4,1,112078,111633,445
16929981,8.41957,10.1963,445,125560,0.239473,0.36,1,112087,111642,445
16932661,15.2839,5.23927,458,125560,0.215895,0.36,1,112104,111646,458
16935581,6.25678,13.8479,446,125560,0.339179,0.37,1,112108,111662,446
16937861,6.05136,9.16957,444,125560,0.363836,0.36,1,112114,111670,444
16940781,18.8103,6.63391,460,125560,0.312767,0.35,1,112136,111676,460
16943701,5.36205,17.3268,442,125560,0.302553,0.31,1,112138,111696,442
16946621,9.87241,5.06536,451,125560,0.372511,0.32,1,112149,111698,451
16949541,17.1745,12.2131,456,125560,0.322502,0.27,1,112168,111712,456
16952461,8.2349,16.8426,444,125560,0.3125,0.33,1,112174,111730,444
16954501,6.44698,8.16852,444,125560,0.3585,0.39,1,112180,111736,444
16957421,7.6894,6.4337,446,125560,0.3277,0.34,1,112188,111742,446
16960341,9.53788,7.68674,448,125560,0.32954,0.31,1,112198,111750,448
16963261,5.10758,7.93735,444,125560,0.345908,0.31,1,112202,111758,444
16965941,12.2215,4.78747,454,125560,0.381182,0.36,1,112216,111762,454
16968861,4.0443,10.5575,444,125560,0.356236,0.35,1,112218,111774,444
16970721,1.60886,4.5115,442,125560,0.335247,0.44,1,112219,111777,442
16973641,15.5218,20.9023,436,125560,0.275049,0.39,1,112238,111802,436
16976561,4.70435,5.78046,436,125560,0.23101,0.3,1,112240,111804,436
16978421,10.5409,5.95609,442,125560,0.398202,0.35,1,112252,111810,442
16981341,14.1082,13.1912,442,125560,0.41564,0.31,1,112267,111825,442
16984241,4.42163,4.23824,442,125560,0.387128,0.41,1,112269,111827,442
16987161,8.88433,10.4476,440,125560,0.421426,0.38,1,112279,111839,440
16990081,9.77687,10.8895,439,125560,0.340285,0.34,1,112289,111850,439
16993001,3.55537,3.77791,439,125560,0.412057,0.34,1,112291,111852,439
16995061,8.71107,0.755581,449,125560,0.402411,0.33,1,112301,111852,449
16997981,3.34221,8.15112,441,125560,0.400482,0.33,1,112303,111862,441
17000901,3.06844,1.63022,444,125560,0.392096,0.34,1,112306,111862,444
17003381,4.61369,1.92604,447,125560,0.366419,0.34,1,112311,111864,447
17006301,3.32274,6.78521,442,125560,0.377284,0.35,1,112314,111872,442
17008161,2.26455,6.95704,437,125560,0.355457,0.36,1,112316,111879,437
17011081,10.8529,3.79141,447,125560,0.343091,0.26,1,112329,111882,447
17014001,3.77058,8.75828,439,125560,0.308618,0.24,1,112331,111892,439
17016901,7.15412,3.35166,445,125560,0.405724,0.36,1,112339,111894,445
17019821,3.03082,7.87033,438,125560,0.433145,0.45,1,112341,111903,438
17022741,59.8062,3.97407,509,125560,0.230629,0.41,1,112415,111906,509
17025661,25.5612,59.1948,453,125560,0.310126,0.29,1,112432,111979,453
17028341,13.1122,21.439,451,125560,0.318025,0.41,1,112442,111991,451
17031261,27.4225,12.2878,472,125560,0.335605,0.41,1,112473,112001,472
17034181,7.88449,25.6576,446,125560,0.363121,0.38,1,112476,112030,446
17036661,4.7769,6.73151,448,125560,0.320624,0.41,1,112480,112032,448
17039581,3.35538,7.7463,443,125560,0.264125,0.44,1,112483,112040,443
17041441,3.87108,3.14926,445,125560,0.380825,0.41,1,112487,112042,445
17044361,3.17422,3.02985,445,125560,0.380165,0.36,1,112490,112045,445
17047281,14.2348,11.806,448,125560,0.372033,0.39,1,112507,112059,448
17050201,5.24697,14.3612,436,125560,0.330407,0.35,1,112510,112074,436
17051841,2.64939,6.07224,434,125560,0.290081,0.21,1,112512,112078,434
17054761,9.32988,8.41445,436,125560,0.354016,0.21,1,112523,112087,436
17057681,18.666,15.2829,440,125560,0.390803,0.37,1,112544,112104,440
17060161,6.9332,6.25658,440,125560,0.334161,0.37,1,112548,112108,440
17063081,7.78664,6.05132,442,125560,0.218832,0.3,1,112556,112114,442
17066001,14.3573,18.8103,436,125560,0.299766,0.3,1,112572,112136,436
17068481,5.27147,5.36205,437,125560,0.435953,0.39,1,112575,112138,437
17071401,6.65429,9.87241,433,125560,0.431191,0.31,1,112582,112149,433
17074321,23.7309,17.1745,442,125560,0.294238,0.31,1,112610,112168,442
17076801,7.14617,8.2349,439,125560,0.282848,0.37,1,112613,112174,439
17079721,5.42923,6.44698,438,125560,0.32057,0.32,1,112618,112180,438
17082641,9.08585,7.6894,440,125560,0.312114,0.33,1,112628,112188,440
17085121,5.01717,9.53788,434,125560,0.278423,0.35,1,112632,112198,434
17088041,10.6034,5.10758,442,125560,0.375685,0.39,1,112644,112202,442
17090961,10.9207,12.2215,439,125560,0.419137,0.35,1,112655,112216,439
17093441,3.78414,4.0443,439,125560,0.411827,0.37,1,112657,112218,439
17096361,17.5568,7.20886,452,125560,0.378365,0.26,1,112678,112226,452
17099281,5.91137,11.0418,443,125560,0.323673,0.22,1,112681,112238,443
17101761,3.58227,3.80835,444,125560,0.264735,0.44,1,112684,112240,444
17104681,20.7165,10.3617,457,125560,0.348947,0.42,1,112709,112252,457
17107601,5.74329,14.0723,444,125560,0.333789,0.38,1,112711,112267,444
17110501,6.74866,4.41447,449,125560,0.210758,0.43,1,112718,112269,449
17113421,11.7497,8.88289,452,125560,0.338152,0.32,1,112731,112279,452
17116341,3.94995,9.77658,444,125560,0.32363,0.43,1,112733,112289,444
17118821,7.18999,3.55532,450,125560,0.416726,0.4,1,112741,112291,450
17121741,3.038,8.71106,442,125560,0.435345,0.4,1,112743,112301,442
17124661,2.2076,3.34221,442,125560,0.431069,0.39,1,112745,112303,442
17127581,6.84152,3.06844,447,125560,0.406214,0.36,1,112753,112306,447
17130261,2.9683,4.61369,444,125560,0.401243,0.35,1,112755,112311,444
17133181,2.19366,4.92274,441,125560,0.376249,0.34,1,112757,112316,441
17136101,14.0387,11.3845,445,125560,0.33925,0.3,1,112774,112329,445
17139021,4.40775,3.87691,445,125560,0.33185,0.3,1,112776,112331,445
17140661,3.28155,0.775382,448,125560,0.27437,0.43,1,112779,112331,448
17143581,2.25631,6.55508,442,125560,0.238874,0.44,1,112781,112339,442
17145861,61.2513,2.91102,516,125560,0.271775,0.18,1,112857,112341,516
17148781,22.6503,59.7822,455,125560,0.262355,0.33,1,112870,112415,455
17151701,12.5301,25.5564,448,125560,0.276471,0.32,1,112880,112432,448
17154621,23.306,13.1113,464,125560,0.255294,0.34,1,112906,112442,464
17157541,13.4612,27.4223,444,125560,0.363059,0.37,1,112917,112473,444
17160421,7.49224,7.88445,447,125560,0.280612,0.27,1,112923,112476,447
17163341,3.09845,7.97689,441,125560,0.384122,0.27,1,112925,112484,441
17166261,2.21969,1.59538,443,125560,0.364824,0.38,1,112927,112484,443
17169181,5.24394,5.11908,443,125560,0.400965,0.37,1,112933,112490,443
17172101,9.04879,14.6238,436,125560,0.408193,0.32,1,112943,112507,436
17174561,9.00976,5.32476,442,125560,0.377639,0.42,1,112952,112510,442
17177481,7.40195,9.06495,439,125560,0.379528,0.37,1,112959,112520,439
17180401,14.2804,4.21299,452,125560,0.307906,0.4,1,112975,112523,452
17183321,10.8561,17.6426,441,125560,0.341581,0.32,1,112985,112544,441
17184961,2.97122,6.72852,438,125560,0.364316,0.19,1,112986,112548,438
17187881,9.39424,7.7457,441,125560,0.344863,0.32,1,112997,112556,441
17190801,16.2788,14.3491,443,125560,0.324973,0.47,1,113015,112572,443
17193281,4.85577,5.26983,442,125560,0.288995,0.43,1,113017,112575,442
17196201,4.17115,6.65397,439,125560,0.345799,0.26,1,113021,112582,439
17199121,26.4342,23.7308,443,125560,0.41316,0.28,1,113053,112610,443
17201601,6.88685,7.14616,442,125560,0.386632,0.43,1,113055,112613,442
17204521,2.97737,7.02923,437,125560,0.349326,0.31,1,113057,112620,437
17207441,11.7955,7.80585,443,125560,0.373865,0.27,1,113071,112628,443
17209921,5.55909,4.76117,443,125560,0.338773,0.4,1,113075,112632,443
17212841,10.7118,10.5522,443,125560,0.347755,0.43,1,113087,112644,443
17215761,6.94236,10.9104,438,125560,0.333551,0.41,1,113093,112655,438
17218241,2.98847,3.78209,438,125560,0.29871,0.37,1,113095,112657,438
17221161,16.5977,17.5564,437,125560,0.379742,0.31,1,113115,112678,437
17224081,10.5195,5.91128,443,125560,0.419948,0.31,1,113124,112681,443
17225941,7.70391,1.18226,450,125560,0.34799,0.37,1,113131,112681,450
17228861,12.7408,22.6365,436,125560,0.413598,0.33,1,113145,112709,436
17231781,4.14816,6.12729,436,125560,0.38672,0.33,1,113147,112711,436
17234261,10.4296,1.22546,448,125560,0.413344,0.18,1,113159,112711,448
17237181,14.8859,5.84509,457,125560,0.266669,0.37,1,113175,112718,457
17240101,4.57719,11.569,446,125560,0.205334,0.32,1,113177,112731,446
17242581,5.71544,3.9138,450,125560,0.305067,0.44,1,113183,112733,450
17245501,2.74309,7.18276,444,125560,0.325013,0.44,1,113185,112741,444
17247361,1.34862,3.03655,443,125560,0.369003,0.4,1,113186,112743,443
17250281,3.46972,5.40731,441,125560,0.385801,0.4,1,113190,112749,441
17253201,2.29394,4.28146,439,125560,0.38916,0.4,1,113192,112753,439
17255681,2.05879,2.45629,439,125560,0.389832,0.34,1,113194,112755,439
17258601,7.61176,7.69126,439,125560,0.373966,0.33,1,113203,112764,439
17261521,6.32235,9.53825,435,125560,0.290793,0.33,1,113209,112774,435
17264001,10.0645,3.50765,444,125560,0.386159,0.46,1,113220,112776,444
17266921,6.81289,8.70153,440,125560,0.317232,0.46,1,113226,112786,440
17269841,53.3626,1.74031,505,125560,0.303446,0.28,1,113291,112786,505
17272761,22.6725,57.1481,449,125560,0.308689,0.26,1,113306,112857,449
17275681,10.9345,21.8296,444,125560,0.229738,0.28,1,113314,112870,444
17277941,26.9869,12.3659,465,125560,0.245948,0.25,1,113345,112880,465
17280861,14.9974,23.2732,451,125560,0.34519,0.39,1,113357,112906,451
17283781,9.39948,13.4546,448,125560,0.333038,0.26,1,113365,112917,448
17286261,3.4799,7.49093,444,125560,0.306608,0.4,1,113367,112923,444
17289181,2.29598,3.89819,443,125560,0.317322,0.36,1,113369,112926,443
17292101,6.0592,1.57964,449,125560,0.271464,0.41,1,113376,112927,449
17294161,2.81184,5.11593,445,125560,0.374293,0.41,1,113378,112933,445
17297081,5.36237,9.02319,441,125560,0.338859,0.37,1,113384,112943,441
17299361,6.67247,9.00464,439,125560,0.363772,0.38,1,113391,112952,439
17302281,7.73449,7.40093,440,125560,0.304754,0.29,1,113399,112959,440
17305201,14.3469,14.2802,440,125560,0.268951,0.35,1,113415,112975,440
17308121,9.26938,10.856,438,125560,0.29379,0.37,1,113423,112985,438
17311041,14.6539,2.97121,453,125560,0.250758,0.34,1,113439,112986,453
17313961,15.7308,9.39424,458,125560,0.234152,0.32,1,113455,112997,458
17316881,5.54615,16.2788,443,125560,0.26283,0.28,1,113458,113015,443
17319541,3.50923,4.85577,444,125560,0.244566,0.36,1,113461,113017,444
17322461,22.3018,4.17115,467,125560,0.288913,0.43,1,113488,113021,467
17325381,12.4604,26.4342,445,125560,0.185783,0.38,1,113498,113053,445
17327861,5.69207,6.88685,447,125560,0.269157,0.45,1,113502,113055,447
17330781,8.33841,8.57737,447,125560,0.277831,0.38,1,113511,113064,447
17333701,4.86768,7.31547,444,125560,0.303566,0.33,1,113515,113071,444
17336621,7.37354,4.66309,448,125560,0.252713,0.35,1,113523,113075,448
17339541,11.8747,10.5326,449,125560,0.234543,0.33,1,113536,113087,449
17342461,3.97494,6.90652,445,125560,0.230909,0.29,1,113538,113093,445
17344501,15.195,2.9813,461,125560,0.222182,0.4,1,113556,113095,461
17347421,11.839,16.5963,452,125560,0.276436,0.43,1,113567,113115,452
17349281,3.1678,10.5193,444,125560,0.271287,0.33,1,113568,113124,444
17352201,8.63356,7.70385,447,125560,0.230257,0.43,1,113578,113131,447
17355121,10.5267,12.7408,444,125560,0.374051,0.38,1,113589,113145,444
17358021,5.30534,4.14815,446,125560,0.33881,0.42,1,113593,113147,446
17360941,17.8611,10.4296,455,125560,0.259762,0.23,1,113614,113159,455
17363861,5.97221,14.8859,442,125560,0.203952,0.19,1,113617,113175,442
17366341,7.59444,4.57719,448,125560,0.34479,0.38,1,113625,113177,448
17369261,3.11889,8.11544,441,125560,0.340958,0.38,1,113627,113186,441
17372181,2.22378,1.62309,443,125560,0.356192,0.39,1,113629,113186,443
17375101,2.04476,3.52462,441,125560,0.327238,0.39,1,113631,113190,441
17377781,2.00895,2.30492,441,125560,0.353448,0.42,1,113633,113192,441
17380701,2.00179,6.86098,435,125560,0.36669,0.37,1,113635,113200,435
17383621,5.20036,3.7722,438,125560,0.401338,0.27,1,113641,113203,438
17386541,9.04007,5.55444,442,125560,0.312268,0.27,1,113651,113209,442
17388181,4.20801,1.11089,445,125560,0.374454,0.3,1,113654,113209,445
17391101,9.6416,13.8222,439,125560,0.298891,0.3,1,113665,113226,439
17393381,53.9283,2.76444,504,125560,0.275778,0.3,1,113730,113226,504
17396301,17.1857,52.5529,447,125560,0.271156,0.31,1,113738,113291,447
17399221,12.2371,22.5106,443,125560,0.326231,0.21,1,113749,113306,443
17401701,32.0474,10.9021,472,125560,0.281246,0.25,1,113786,113314,472
17404621,12.8095,26.9804,449,125560,0.192249,0.37,1,113794,113345,449
17407541,5.7619,14.9961,441,125560,0.22245,0.33,1,113798,113357,441
17410461,3.55238,9.39922,436,125560,0.30849,0.3,1,113801,113365,436
17413141,7.91048,3.47984,443,125560,0.373698,0.33,1,113810,113367,443
17416061,3.1821,3.09597,442,125560,0.39474,0.26,1,113812,113370,442
17418981,2.23642,5.41919,438,125560,0.366948,0.33,1,113814,113376,438
17421901,8.44728,7.48384,440,125560,0.39339,0.37,1,113824,113384,440
17424821,3.28946,7.09677,435,125560,0.366678,0.29,1,113826,113391,435
17427741,10.2579,7.81935,439,125560,0.401336,0.26,1,113838,113399,439
17430661,15.6516,14.3639,440,125560,0.400267,0.3,1,113855,113415,440
17433581,7.93032,9.27277,438,125560,0.320053,0.24,1,113861,113423,438
17436501,14.3861,14.6546,438,125560,0.368011,0.23,1,113877,113439,438
17439421,10.8772,15.7309,432,125560,0.297602,0.27,1,113887,113455,432
17441841,9.37544,5.54618,438,125560,0.35552,0.4,1,113896,113458,438
17444761,3.47509,6.70924,433,125560,0.367104,0.3,1,113898,113465,433
17447681,17.495,19.7418,431,125560,0.425421,0.16,1,113919,113488,431
17450601,17.099,11.9484,438,125560,0.429084,0.29,1,113936,113498,438
17453281,5.8198,5.58967,437,125560,0.381817,0.28,1,113939,113502,437
17456201,6.76396,8.31793,435,125560,0.396363,0.31,1,113946,113511,435
17458481,4.55279,4.86359,435,125560,0.439273,0.24,1,113950,113515,435
17461401,7.31056,7.37272,435,125560,0.455855,0.23,1,113958,113523,435
17464321,9.46211,11.8745,432,125560,0.395171,0.23,1,113968,113536,432
17466801,9.89242,3.97491,440,125560,0.375034,0.22,1,113978,113538,440
17469721,13.1785,15.195,436,125560,0.387007,0.29,1,113992,113556,436
17472641,8.2357,11.839,432,125560,0.341401,0.27,1,113999,113567,432
17475561,16.8471,3.1678,450,125560,0.31628,0.22,1,114018,113568,450
17478481,9.76943,8.63356,448,125560,0.407256,0.41,1,114026,113578,448
17481401,5.15389,10.5267,441,125560,0.449451,0.33,1,114030,113589,441
17483861,20.2308,5.30534,461,125560,0.37789,0.24,1,114054,113593,461
17486781,5.64616,17.8611,442,125560,0.387578,0.19,1,114056,113614,442
17488641,1.92923,5.97221,440,125560,0.373516,0.38,1,114057,113617,440
17491561,6.78585,7.59444,440,125560,0.314703,0.34,1,114065,113625,440
17494481,5.35717,3.11889,443,125560,0.390941,0.36,1,114070,113627,443
17497401,2.67143,2.22378,443,125560,0.414188,0.32,1,114072,113629,443
17500081,2.13429,2.04476,443,125560,0.434838,0.41,1,114074,113631,443
17503001,3.62686,8.40895,437,125560,0.414968,0.41,1,114078,113641,437
17505921,2.32537,1.68179,439,125560,0.402994,0.41,1,114080,113641,439
17508841,2.06507,0.336358,441,125560,0.400599,0.29,1,114082,113641,441
17511761,5.21302,8.06727,437,125560,0.40812,0.39,1,114088,113651,437
17514681,14.6426,4.01345,451,125560,0.377624,0.28,1,114105,113654,451
17517601,50.9285,9.60269,500,125560,0.387525,0.27,1,114165,113665,500
17520521,19.7857,60.3205,439,125560,0.453505,0.34,1,114177,113738,439
17523441,13.5571,20.8641,440,125560,0.466701,0.27,1,114189,113749,440
17526361,27.5114,33.7728,434,125560,0.44534,0.17,1,114220,113786,434
17529281,13.5023,13.1546,436,125560,0.369068,0.23,1,114230,113794,436
17532201,10.7005,5.83091,442,125560,0.337814,0.33,1,114240,113798,442
17535121,3.74009,3.56618,441,125560,0.435563,0.33,1,114242,113801,441
17536901,3.14802,0.713236,444,125560,0.415113,0.39,1,114245,113801,444
17539821,2.2296,7.34265,437,125560,0.379023,0.4,1,114247,113810,437
17542101,9.24592,3.06853,446,125560,0.435804,0.32,1,114258,113812,446
17545021,8.24918,7.01371,446,125560,0.327161,0.4,1,114266,113820,446
17547941,3.24984,4.60274,444,125560,0.433432,0.36,1,114268,113824,444
17550001,2.24997,2.52055,444,125560,0.454686,0.41,1,114270,113826,444
17552921,2.04999,10.1041,434,125560,0.466937,0.4,1,114272,113838,434
17555841,14.81,15.6208,435,125560,0.381387,0.3,1,114290,113855,435
17558321,11.762,7.92416,440,125560,0.404278,0.38,1,114301,113861,440
17561241,12.7524,14.3848,437,125560,0.376855,0.28,1,114314,113877,437
17564161,12.9505,10.877,440,125560,0.387371,0.37,1,114327,113887,440
17567081,5.7901,9.37539,435,125560,0.357474,0.37,1,114331,113896,435
17569761,2.75802,3.47508,435,125560,0.375495,0.44,1,114333,113898,435
17572681,24.5516,17.495,444,125560,0.347099,0.43,1,114363,113919,444
17575601,19.3103,17.099,445,125560,0.32542,0.37,1,114381,113936,445
17578081,5.46206,5.8198,444,125560,0.313084,0.4,1,114383,113939,444
17581001,7.49241,6.76396,445,125560,0.222617,0.45,1,114391,113946,445
17583921,4.69848,4.55279,445,125560,0.356523,0.46,1,114395,113950,445
17585781,8.1397,7.31056,446,125560,0.391305,0.38,1,114404,113958,446
17588701,4.82794,9.46211,440,125560,0.430261,0.37,1,114408,113968,440
17591621,5.76559,9.89242,436,125560,0.374052,0.39,1,114414,113978,436
17594541,18.7531,13.1785,444,125560,0.29881,0.33,1,114436,113992,444
17597461,10.1506,8.2357,445,125560,0.323762,0.31,1,114444,113999,445
17600381,17.2301,16.8471,445,125560,0.304752,0.43,1,114463,114018,445
17603301,5.04602,9.76943,439,125560,0.26895,0.46,1,114465,114026,439
17606161,4.2092,5.15389,439,125560,0.23779,0.36,1,114469,114030,439
17609081,18.4418,20.2308,437,125560,0.255558,0.39,1,114491,114054,437
17612001,5.28837,5.64616,437,125560,0.227112,0.37,1,114493,114056,437
17613861,10.6577,1.92923,448,125560,0.325422,0.3,1,114505,114057,448
17616781,4.53153,6.78585,443,125560,0.361084,0.41,1,114508,114065,443
17619701,4.10631,5.35717,442,125560,0.416217,0.42,1,114512,114070,442
17621761,2.42126,2.67143,442,125560,0.427243,0.45,1,114514,114072,442
17624681,8.48425,10.1343,440,125560,0.397449,0.45,1,114524,114084,440
17627601,3.29685,2.02686,442,125560,0.40749,0.45,1,114526,114084,442
17630521,2.25937,0.405371,444,125560,0.385498,0.45,1,114528,114084,444
17633441,2.05187,0.0810743,446,125560,0.3491,0.41,1,114530,114084,446
17636361,2.01037,3.21621,444,125560,0.34182,0.37,1,114532,114088,444
17639281,3.60207,14.2432,431,125560,0.332364,0.39,1,114536,114105,431
17642201,60.7204,50.8486,446,125560,0.298473,0.47,1,114611,114165,446
17645121,18.5441,19.7697,442,125560,0.315695,0.47,1,114619,114177,442
17647141,8.50882,3.95395,448,125560,0.335139,0.47,1,114625,114177,448
17650061,28.9018,10.3908,470,125560,0.347028,0.44,1,114659,114189,470
17652981,13.7804,26.8782,449,125560,0.357406,0.35,1,114669,114220,449
17655901,11.5561,13.3756,450,125560,0.311481,0.33,1,114680,114230,450
17658581,8.71121,10.6751,448,125560,0.302296,0.41,1,114688,114240,448
17661501,3.34224,6.13503,445,125560,0.316459,0.37,1,114690,114245,445
17664421,2.26845,2.827,445,125560,0.391292,0.45,1,114692,114247,445
17667341,9.25369,9.3654,445,125560,0.302258,0.3,1,114703,114258,445
17670261,5.05074,8.27308,441,125560,0.316452,0.46,1,114707,114266,441
17673181,5.81015,3.25462,445,125560,0.25529,0.46,1,114713,114268,445
17676101,2.76203,2.25092,445,125560,0.323058,0.47,1,114715,114270,445
17679021,12.5524,2.05018,458,125560,0.392612,0.36,1,114730,114272,458
17681941,7.31048,14.81,446,125560,0.342522,0.41,1,114736,114290,446
17684581,11.0621,11.762,447,125560,0.404504,0.37,1,114748,114301,447
17687501,16.6124,12.7524,452,125560,0.368901,0.39,1,114766,114314,452
17690421,7.32248,12.9505,444,125560,0.28978,0.35,1,114771,114327,444
17692901,3.0645,5.7901,442,125560,0.313956,0.46,1,114773,114331,442
17695821,19.0129,6.75802,458,125560,0.254791,0.34,1,114796,114338,458
17698741,18.2026,21.3516,451,125560,0.330958,0.32,1,114814,114363,451
17701661,12.4405,18.6703,444,125560,0.362192,0.31,1,114825,114381,444
17704341,10.4881,5.33406,452,125560,0.344438,0.41,1,114835,114383,452
17707261,3.69762,9.86681,443,125560,0.428888,0.39,1,114837,114394,443
17710181,5.53952,2.77336,448,125560,0.397778,0.44,1,114843,114395,448
17713101,4.3079,10.9547,439,125560,0.455556,0.36,1,114847,114408,439
17715781,5.66158,6.99093,439,125560,0.467111,0.28,1,114853,114414,439
17718701,21.1323,18.9982,442,125560,0.469422,0.33,1,114878,114436,442
17721621,5.82646,10.1996,436,125560,0.437884,0.33,1,114880,114444,436
17724101,13.1653,2.03993,451,125560,0.431577,0.3,1,114895,114444,451
17727021,10.6331,15.608,442,125560,0.390315,0.26,1,114905,114463,442
17729301,8.52661,4.7216,448,125560,0.366063,0.42,1,114913,114465,448
17732221,13.7053,8.94432,453,125560,0.417213,0.26,1,114928,114475,453
17735141,4.34106,14.5889,439,125560,0.427443,0.22,1,114930,114491,439
17737201,2.46821,4.51777,439,125560,0.405489,0.35,1,114932,114493,439
17740121,14.0936,10.5036,444,125560,0.377098,0.37,1,114949,114505,444
17742401,6.01873,4.50071,445,125560,0.31542,0.43,1,114953,114508,445
17745321,2.80375,5.70014,441,125560,0.271084,0.43,1,114955,114514,441
17748241,4.56075,1.14003,446,125560,0.454217,0.39,1,114960,114514,446
17751161,3.31215,8.22801,439,125560,0.450843,0.41,1,114963,114524,439
17752801,1.46243,3.2456,438,125560,0.466169,0.38,1,114964,114526,438
17755721,1.89249,2.24912,438,125560,0.445234,0.34,1,114966,114528,438
17758001,5.1785,2.04982,442,125560,0.465047,0.36,1,114972,114530,442
17760921,2.6357,6.00996,437,125560,0.493009,0.36,1,114974,114537,437
17763841,2.12714,1.20199,439,125560,0.466602,0.29,1,114976,114537,439
17766761,62.0254,59.4404,442,125560,0.40532,0.32,1,115053,114611,442
17769681,15.6051,18.2881,438,125560,0.361064,0.34,1,115057,114619,438
17772561,7.92102,8.45762,438,125560,0.320213,0.35,1,115063,114625,438
17775481,32.7842,28.8915,443,125560,0.424043,0.36,1,115102,114659,443
17777761,9.75684,13.7783,437,125560,0.388809,0.3,1,115106,114669,437
17780681,12.3514,11.5557,439,125560,0.309762,0.3,1,115119,114680,439
17783601,7.27027,8.71113,437,125560,0.317952,0.32,1,115125,114688,437
17786081,3.05405,3.34223,437,125560,0.29559,0.35,1,115127,114690,437
17789001,15.8108,12.6684,441,125560,0.403118,0.35,1,115146,114705,441
17791921,4.76216,2.53369,443,125560,0.384624,0.32,1,115148,114705,443
17794841,2.55243,2.10674,443,125560,0.420925,0.24,1,115150,114707,443
17797521,3.71049,5.22135,441,125560,0.356185,0.44,1,115154,114713,441
17800441,2.3421,3.44427,440,125560,0.327237,0.41,1,115156,114716,440
17803361,6.86842,11.8889,434,125560,0.393447,0.33,1,115164,114730,434
17806281,11.7737,7.17777,441,125560,0.446689,0.33,1,115177,114736,441
17808341,11.9547,1.43555,453,125560,0.481338,0.42,1,115189,114736,453
17811261,14.3909,9.88711,456,125560,0.400268,0.36,1,115204,114748,456
17814181,6.07819,16.3774,442,125560,0.384053,0.27,1,115208,114766,442
17816661,8.41564,7.27548,446,125560,0.436811,0.33,1,115217,114771,446
17819581,20.0831,4.6551,465,125560,0.359362,0.24,1,115240,114775,465
17822501,15.2166,17.731,458,125560,0.383872,0.35,1,115254,114796,458
17825421,12.6433,17.9462,452,125560,0.340774,0.37,1,115266,114814,452
17828341,12.1287,12.3892,453,125560,0.308155,0.34,1,115278,114825,453
17831261,6.42573,10.4778,448,125560,0.253631,0.45,1,115283,114835,448
17833301,6.08515,3.69557,452,125560,0.402726,0.39,1,115289,114837,452
17836221,4.41703,5.53911,450,125560,0.376545,0.47,1,115293,114843,450
17838081,1.68341,4.30782,447,125560,0.379309,0.47,1,115294,114847,447
17841001,1.93668,5.66156,443,125560,0.339862,0.47,1,115296,114853,443
17843921,21.9873,21.1323,445,125560,0.307972,0.43,1,115323,114878,445
17846401,5.99747,5.82646,445,125560,0.277594,0.43,1,115325,114880,445
17849321,9.19949,13.1653,440,125560,0.391519,0.38,1,115335,114895,440
17852241,9.8399,10.6331,440,125560,0.374304,0.36,1,115345,114905,440
17854721,12.368,8.52661,445,125560,0.290861,0.43,1,115358,114913,445
17857641,15.2736,13.7053,446,125560,0.378172,0.43,1,115374,114928,446
17859921,4.65472,4.34106,446,125560,0.387634,0.39,1,115376,114930,446
17862841,16.1309,3.26821,462,125560,0.349527,0.37,1,115395,114933,462
17865761,4.82619,13.4536,448,125560,0.325905,0.3,1,115397,114949,448
17868241,2.56524,5.89073,446,125560,0.289181,0.52,1,115399,114953,446
17871161,5.31305,5.97815,446,125560,0.329836,0.5,1,115405,114959,446
17874081,4.26261,1.99563,449,125560,0.345967,0.45,1,115409,114960,449
17876981,2.45252,2.79913,448,125560,0.397193,0.47,1,115411,114963,448
17879901,2.0905,7.75983,441,125560,0.407439,0.47,1,115413,114972,441
17882821,2.0181,1.55196,443,125560,0.409488,0.5,1,115415,114972,443
17885741,2.00362,1.91039,443,125560,0.377898,0.5,1,115417,114974,443
17887381,7.60072,0.382079,452,125560,0.37158,0.41,1,115426,114974,452
17890301,52.7201,9.67642,504,125560,0.306316,0.39,1,115490,114986,504
17893221,20.144,55.5353,449,125560,0.245263,0.35,1,115502,115053,449
17895701,5.62881,14.3071,447,125560,0.209053,0.31,1,115504,115057,447
17898621,30.7258,7.66141,478,125560,0.305811,0.45,1,115541,115063,478
17901541,7.74515,32.7323,441,125560,0.325162,0.38,1,115543,115102,441
17904461,12.749,9.74646,451,125560,0.281032,0.29,1,115557,115106,451
17907381,9.74981,12.3493,447,125560,0.352206,0.32,1,115566,115119,447
17910261,7.54996,7.26986,448,125560,0.302441,0.43,1,115573,115125,448
17913181,12.71,18.254,441,125560,0.380488,0.38,1,115587,115146,441
17916101,4.142,5.25079,441,125560,0.364098,0.38,1,115589,115148,441
17918581,7.2284,1.05016,449,125560,0.26482,0.32,1,115597,115148,449
17921501,3.04568,6.61003,443,125560,0.284964,0.32,1,115599,115156,443
17924421,2.20914,1.32201,445,125560,0.368993,0.32,1,115601,115156,445
17927341,7.64183,0.264401,454,125560,0.377799,0.41,1,115610,115156,454
17930021,11.9284,6.45288,459,125560,0.37156,0.46,1,115623,115164,459
17932941,6.38567,11.6906,451,125560,0.298312,0.38,1,115628,115177,451
17935861,19.6771,23.9381,447,125560,0.283662,0.38,1,115651,115204,447
17938781,5.53543,7.98762,445,125560,0.248732,0.38,1,115653,115208,445
17940421,5.10709,1.59752,450,125560,0.281747,0.45,1,115658,115208,450
17943341,19.4214,7.51951,464,125560,0.304349,0.34,1,115681,115217,464
17946261,11.0843,19.9039,450,125560,0.18087,0.39,1,115690,115240,450
17949181,11.8169,15.1808,448,125560,0.348174,0.33,1,115702,115254,448
17952101,16.7634,12.6362,454,125560,0.317635,0.3,1,115720,115266,454
17955021,4.95267,12.1272,444,125560,0.327527,0.24,1,115722,115278,444
17957061,5.79053,6.42545,445,125560,0.385505,0.44,1,115728,115283,445
17959981,7.55811,6.08509,447,125560,0.389101,0.37,1,115736,115289,447
17961841,2.31162,4.41702,444,125560,0.38182,0.37,1,115737,115293,444
17964761,3.66232,4.8834,443,125560,0.356364,0.37,1,115741,115298,443
17967681,15.1325,0.976681,461,125560,0.367273,0.3,1,115759,115298,461
17970601,10.2265,20.1953,445,125560,0.257455,0.27,1,115768,115323,445
17972661,8.4453,5.63907,451,125560,0.323491,0.42,1,115776,115325,451
17975581,5.68906,9.12781,446,125560,0.288698,0.37,1,115781,115335,446
17978501,16.3378,9.82556,455,125560,0.28974,0.27,1,115800,115345,455
17980981,16.0676,12.3651,458,125560,0.377948,0.4,1,115816,115358,458
17983901,4.81351,15.273,444,125560,0.36359,0.39,1,115818,115374,444
17986821,12.9627,4.6546,457,125560,0.224718,0.34,1,115833,115376,457
17989741,4.19254,16.1309,440,125560,0.348944,0.32,1,115835,115395,440
17992661,2.43851,4.82618,440,125560,0.333789,0.28,1,115837,115397,440
17994501,9.2877,2.56524,449,125560,0.386758,0.41,1,115848,115399,449
17997421,3.45754,10.113,439,125560,0.365352,0.41,1,115850,115411,439
18000341,2.29151,2.02261,441,125560,0.32907,0.41,1,115852,115411,441
18003261,2.0583,0.404522,443,125560,0.281814,0.41,1,115854,115411,443
18005941,2.01166,1.6809,443,125560,0.328363,0.39,1,115856,115413,443
18008861,2.00233,9.93618,433,125560,0.369673,0.39,1,115858,115425,433
18011781,2.00047,1.98724,435,125560,0.361935,0.29,1,115860,115425,435
18014701,51.6001,52.3974,434,125560,0.384387,0.23,1,115924,115490,434
18017621,24.72,20.0795,440,125560,0.348877,0.2,1,115942,115502,440
18020541,6.544,5.6159,440,125560,0.333775,0.2,1,115944,115504,440
18022581,29.3088,1.12318,475,125560,0.306755,0.33,1,115979,115504,475
18025501,7.46176,29.8246,440,125560,0.269351,0.33,1,115981,115541,440
18027781,14.2924,7.56493,454,125560,0.22187,0.27,1,115997,115543,454
18030701,6.85847,12.713,445,125560,0.292374,0.37,1,116002,115557,445
18032561,2.97169,9.7426,438,125560,0.274475,0.29,1,116004,115566,438
18035481,8.59434,7.54852,441,125560,0.286895,0.4,1,116014,115573,441
18038401,9.71887,12.7097,437,125560,0.281379,0.36,1,116024,115587,437
18040881,4.34377,4.14194,438,125560,0.264276,0.24,1,116027,115589,438
18043801,9.66875,7.22839,441,125560,0.324855,0.29,1,116038,115597,441
18046721,3.53375,3.04568,441,125560,0.312971,0.39,1,116040,115599,441
18048581,3.10675,2.20914,442,125560,0.262594,0.38,1,116043,115601,442
18051501,5.42135,7.64183,439,125560,0.316519,0.37,1,116049,115610,439
18054421,5.88427,11.9284,432,125560,0.263304,0.28,1,116055,115623,432
18057341,11.5769,6.38567,440,125560,0.308661,0.28,1,116068,115628,440
18058981,14.3154,1.27713,455,125560,0.301732,0.28,1,116083,115628,455
18061901,4.46307,18.6554,434,125560,0.276346,0.24,1,116085,115651,434
18063761,1.69261,5.33109,433,125560,0.263269,0.24,1,116086,115653,433
18066681,20.3385,6.66622,451,125560,0.292654,0.31,1,116111,115660,451
18069601,13.6677,18.1332,442,125560,0.370531,0.15,1,116123,115681,442
18072521,14.7335,10.8266,448,125560,0.322106,0.39,1,116138,115690,448
18075441,22.1467,11.7653,460,125560,0.280421,0.31,1,116162,115702,460
18078361,6.02934,16.7531,444,125560,0.320084,0.33,1,116164,115720,444
18080821,6.00587,4.95061,448,125560,0.296017,0.41,1,116170,115722,448
18083741,7.60117,8.19012,447,125560,0.355203,0.39,1,116178,115731,447
18086661,3.12023,5.63802,444,125560,0.367041,0.35,1,116180,115736,444
18089141,4.62405,5.1276,444,125560,0.337408,0.37,1,116185,115741,444
18092061,6.52481,15.4255,433,125560,0.339482,0.23,1,116192,115759,433
18094961,12.505,10.2851,438,125560,0.331896,0.34,1,116206,115768,438
18097881,12.101,8.45702,442,125560,0.202379,0.28,1,116218,115776,442
18100801,4.0202,5.6914,439,125560,0.272476,0.29,1,116220,115781,439
18103721,17.604,16.3383,441,125560,0.254495,0.4,1,116241,115800,441
18106641,11.5208,16.0677,435,125560,0.330899,0.36,1,116251,115816,435
18109561,19.9042,4.81353,455,125560,0.25818,0.19,1,116273,115818,455
18112481,5.58083,12.9627,442,125560,0.363636,0.38,1,116275,115833,442
18114721,2.71617,4.19254,442,125560,0.352727,0.45,1,116277,115835,442
18117641,6.94323,9.63851,439,125560,0.406545,0.4,1,116285,115846,439
18120561,4.58865,3.5277,441,125560,0.385309,0.36,1,116289,115848,441
18123481,4.11773,2.30554,443,125560,0.349062,0.32,1,116293,115850,443
18126401,2.42355,2.06111,443,125560,0.301812,0.27,1,116295,115852,443
18128241,1.28471,2.01222,442,125560,0.324362,0.43,1,116296,115854,442
18131161,1.85694,6.80244,436,125560,0.384872,0.43,1,116298,115862,436
18134081,1.97139,1.36049,438,125560,0.404974,0.43,1,116300,115862,438
18137001,1.99428,0.272098,440,125560,0.376995,0.39,1,116302,115862,440
18139921,49.1989,49.6544,439,125560,0.299399,0.34,1,116363,115924,439
18142841,24.2398,24.3309,439,125560,0.28388,0.33,1,116381,115942,439
18144881,6.44795,6.46618,439,125560,0.280776,0.3,1,116383,115944,439
18147801,27.6896,29.2932,437,125560,0.224155,0.26,1,116416,115979,437
18150721,7.13792,7.45865,437,125560,0.332831,0.21,1,116418,115981,437
18153641,17.4276,14.2917,441,125560,0.298566,0.31,1,116438,115997,441
18156561,5.08552,6.85835,438,125560,0.259713,0.27,1,116440,116002,438
18159481,9.0171,2.97167,446,125560,0.395943,0.29,1,116450,116004,446
18162401,11.4034,8.59433,448,125560,0.295189,0.28,1,116462,116014,448
18165321,4.68068,9.71887,441,125560,0.259038,0.34,1,116465,116024,441
18168241,8.13614,13.1438,436,125560,0.259808,0.31,1,116474,116038,436
18171161,3.22723,4.22875,436,125560,0.427962,0.31,1,116476,116040,436
18173381,4.64545,0.845751,441,125560,0.389592,0.33,1,116481,116040,441
18176301,3.32909,7.36915,435,125560,0.453918,0.25,1,116484,116049,435
18179201,7.86582,6.27383,438,125560,0.482784,0.32,1,116493,116055,438
18182121,13.5732,11.6548,440,125560,0.368557,0.3,1,116508,116068,440
18185041,10.7146,14.331,435,125560,0.425711,0.27,1,116518,116083,435
18187521,3.74293,4.46619,435,125560,0.437142,0.29,1,116520,116085,435
18190441,25.5486,7.29324,458,125560,0.311428,0.3,1,116551,116093,458
18193361,6.70972,15.8586,442,125560,0.254286,0.39,1,116553,116111,442
18196281,18.1419,12.7717,451,125560,0.378857,0.31,1,116574,116123,451
18199201,22.0284,14.5543,459,125560,0.387771,0.27,1,116597,116138,459
18202121,6.00568,22.1109,437,125560,0.405554,0.33,1,116599,116162,437
18204581,10.8011,6.02217,447,125560,0.441111,0.29,1,116611,116164,447
18207501,6.96023,6.00443,447,125560,0.360222,0.37,1,116617,116170,447
18209361,2.19205,7.60089,440,125560,0.328044,0.4,1,116618,116178,440
18212281,3.63841,3.92018,441,125560,0.353609,0.33,1,116622,116181,441
18215201,7.12768,3.98404,445,125560,0.422722,0.34,1,116630,116185,445
18218121,5.42554,6.39681,443,125560,0.460544,0.33,1,116635,116192,443
18221041,16.2851,12.4794,448,125560,0.476109,0.17,1,116654,116206,448
18223961,8.05702,12.0959,442,125560,0.383222,0.29,1,116660,116218,442
18226001,3.2114,4.01917,442,125560,0.364644,0.25,1,116662,116220,442
18228921,15.8423,17.6038,440,125560,0.360929,0.35,1,116681,116241,440
18231841,11.1685,11.5208,440,125560,0.400186,0.24,1,116691,116251,440
18234761,15.8337,19.9042,435,125560,0.376037,0.39,1,116708,116273,435
18237441,10.3667,5.58083,442,125560,0.403207,0.42,1,116717,116275,442
18240361,5.27335,9.11617,436,125560,0.440641,0.42,1,116721,116285,436
18243281,7.45467,1.82323,444,125560,0.480128,0.38,1,116729,116285,444
18245761,3.09093,3.56465,442,125560,0.488026,0.33,1,116731,116289,442
18248681,2.21819,6.31293,437,125560,0.489605,0.33,1,116733,116296,437
18251601,2.04364,1.26259,439,125560,0.457921,0.33,1,116735,116296,439
18254521,2.00873,0.252517,441,125560,0.427584,0.4,1,116737,116296,441
18257201,2.00175,1.6505,441,125560,0.477517,0.38,1,116739,116298,441
18260121,2.00035,6.7301,435,125560,0.495503,0.38,1,116741,116306,435
18263041,50.8001,1.34602,498,125560,0.387101,0.28,1,116804,116306,498
18265961,20.56,45.8692,454,125560,0.48542,0.28,1,116817,116363,454
18268881,11.312,23.5738,445,125560,0.465084,0.28,1,116826,116381,445
18271801,22.2624,6.31477,468,125560,0.445017,0.21,1,116851,116383,468
18274721,6.05248,27.663,437,125560,0.473003,0.36,1,116853,116416,437
18277381,20.4105,7.13259,459,125560,0.422601,0.29,1,116877,116418,459
18280301,8.8821,17.4265,445,125560,0.45252,0.25,1,116883,116438,445
18282581,3.37642,5.0853,445,125560,0.426504,0.43,1,116885,116440,445
18285501,10.2753,9.01706,447,125560,0.485301,0.27,1,116897,116450,447
18288421,10.8551,11.4034,446,125560,0.42506,0.25,1,116908,116462,446
18290481,3.77101,4.68068,445,125560,0.381012,0.47,1,116910,116465,445
18293401,7.9542,9.73614,443,125560,0.388202,0.47,1,116919,116476,443
18296321,3.19084,1.94723,445,125560,0.37364,0.38,1,116921,116476,445
18298801,3.83817,4.38945,444,125560,0.442728,0.45,1,116925,116481,444
18301721,3.96763,4.07789,444,125560,0.400546,0.49,1,116929,116485,444
18304641,3.99353,7.21558,440,125560,0.504109,0.34,1,116933,116493,440
18307561,16.7987,13.4431,445,125560,0.428822,0.44,1,116953,116508,445
18310481,6.55974,10.6886,439,125560,0.349764,0.44,1,116957,116518,439
18312321,2.11195,3.73772,438,125560,0.317953,0.28,1,116958,116520,438
18315241,29.2224,25.5475,443,125560,0.343591,0.24,1,116994,116551,443
18318161,7.44448,6.70951,443,125560,0.324718,0.24,1,116996,116553,443
18320021,16.6889,1.3419,462,125560,0.336944,0.41,1,117015,116553,462
18322941,24.9378,17.0684,468,125560,0.299389,0.39,1,117042,116574,468
18325861,6.58756,21.8137,447,125560,0.259878,0.41,1,117044,116597,447
18328341,6.11751,5.96273,451,125560,0.371976,0.45,1,117050,116599,451
18331261,10.0235,10.7925,450,125560,0.402395,0.34,1,117061,116611,450
18333121,2.8047,6.95851,445,125560,0.400479,0.37,1,117062,116617,445
18336041,5.36094,3.7917,448,125560,0.336096,0.36,1,117068,116620,448
18338961,5.87219,2.35834,452,125560,0.427219,0.44,1,117074,116622,452
18341861,2.77444,6.87167,446,125560,0.413444,0.52,1,117076,116630,446
18344781,14.1549,6.97433,456,125560,0.346689,0.48,1,117093,116637,456
18347701,11.631,14.9949,450,125560,0.389338,0.36,1,117104,116654,450
18350181,3.9262,7.79897,446,125560,0.373868,0.36,1,117106,116660,446
18353101,15.9852,18.3598,444,125560,0.426774,0.41,1,117125,116681,444
18356021,11.197,11.672,444,125560,0.373355,0.41,1,117135,116691,444
18358501,15.0394,2.33439,460,125560,0.426671,0.37,1,117151,116691,460
18361421,12.6079,14.0669,455,125560,0.309334,0.41,1,117163,116708,455
18364341,7.32158,10.0134,452,125560,0.285867,0.45,1,117169,116717,452
18366821,7.86432,5.20268,456,125560,0.369173,0.49,1,117177,116721,456
18369741,3.17286,7.44054,450,125560,0.385835,0.49,1,117179,116729,450
18372021,2.23457,3.08811,450,125560,0.397167,0.42,1,117181,116731,450
18374941,2.04691,5.41762,446,125560,0.367433,0.42,1,117183,116737,446
18377861,2.00938,1.08352,448,125560,0.369487,0.42,1,117185,116737,448
18380781,2.00188,0.216705,450,125560,0.369897,0.49,1,117187,116737,450
18383461,2.00038,1.64334,450,125560,0.369979,0.47,1,117189,116739,450
18386381,48.4001,4.32867,505,125560,0.305996,0.36,1,117249,116744,505
18389301,18.48,48.8657,456,125560,0.381199,0.51,1,117260,116804,456
18392221,6.096,20.1731,446,125560,0.35624,0.46,1,117263,116817,446
18395141,21.2192,11.2346,462,125560,0.351248,0.44,1,117288,116826,462
18398061,13.8438,22.2469,449,125560,0.40625,0.48,1,117300,116851,449
18399681,3.56877,6.04938,448,125560,0.40125,0.41,1,117301,116853,448
18402601,15.1138,20.4099,442,125560,0.32025,0.46,1,117319,116877,442
18405521,9.42275,8.88198,444,125560,0.30405,0.42,1,117327,116883,444
18408001,7.48455,3.3764,449,125560,0.40481,0.5,1,117334,116885,449
18410921,6.29691,10.2753,443,125560,0.352962,0.41,1,117340,116897,443
18413841,9.25938,10.8551,442,125560,0.374592,0.37,1,117350,116908,442
18416321,9.05188,3.77101,449,125560,0.402918,0.37,1,117359,116910,449
18419241,3.41038,9.5542,440,125560,0.408584,0.37,1,117361,116921,440
18422161,9.48208,1.91084,451,125560,0.457717,0.46,1,117372,116921,451
18425061,8.29642,3.58217,455,124100,0.347543,0.56,1,117380,116925,455
18427981,3.25928,10.3164,445,124100,0.453509,0.56,1,117382,116937,445
18430901,14.2519,2.06329,462,124100,0.394702,0.41,1,117399,116937,462
18433821,6.05037,13.2127,450,124100,0.40694,0.33,1,117403,116953,450
18436501,2.81007,5.84253,448,124100,0.369388,0.35,1,117405,116957,448
18439421,26.962,30.7685,444,124100,0.377878,0.32,1,117438,116994,444
18442341,6.9924,7.7537,444,124100,0.355576,0.32,1,117440,116996,444
18444821,17.3985,1.55074,464,124100,0.351115,0.29,1,117460,116996,464
18447741,22.6797,37.1101,442,124100,0.398223,0.25,1,117484,117042,442
18450641,6.13594,9.02203,442,124100,0.447645,0.41,1,117486,117044,442
18453561,7.62719,9.80441,440,124100,0.457529,0.41,1,117494,117054,440
18456481,11.1254,7.56088,445,124100,0.459506,0.4,1,117506,117061,445
18458961,5.42509,2.31218,448,124100,0.467901,0.47,1,117510,117062,448
18461881,7.48502,9.26244,445,124100,0.48558,0.45,1,117518,117073,445
18464801,3.097,2.65249,446,124100,0.489116,0.41,1,117520,117074,446
18467701,11.8194,2.1305,458,124100,0.489823,0.33,1,117534,117076,458
18470621,13.5639,14.0261,455,124100,0.409965,0.4,1,117548,117093,455
18473541,5.11278,11.6052,447,124100,0.353993,0.37,1,117551,117104,447
18475601,2.62256,3.92104,447,124100,0.382799,0.44,1,117553,117106,447
18478521,10.9245,15.9842,441,124100,0.42856,0.36,1,117566,117125,441
18481441,14.1849,11.1968,446,124100,0.437712,0.44,1,117581,117135,446
18484361,18.837,15.0394,450,124100,0.367542,0.28,1,117601,117151,450
18487281,11.7674,12.6079,448,124100,0.273508,0.28,1,117611,117163,448
18489121,3.15348,7.32157,443,124100,0.278702,0.39,1,117612,117169,443
18492041,5.4307,7.86431,441,124100,0.31174,0.39,1,117618,117177,441
18494961,4.28614,3.17286,443,124100,0.326348,0.4,1,117622,117179,443
18496821,3.25723,2.23457,444,124100,0.44127,0.37,1,117625,117181,444
18499741,2.25145,5.24691,440,124100,0.440254,0.37,1,117627,117187,440
18502661,2.05029,1.04938,442,124100,0.432051,0.37,1,117629,117187,442
18505581,2.01006,0.209877,444,124100,0.39841,0.37,1,117631,117187,444
18508501,2.00201,1.64198,444,124100,0.415682,0.37,1,117633,117189,444
18510341,46.0004,0.328395,501,124100,0.371136,0.29,1,117690,117189,501
18513261,15.6001,48.0657,449,124100,0.394227,0.4,1,117698,117249,449
18516181,7.92002,18.4131,444,124100,0.358845,0.35,1,117704,117260,444
18518661,21.584,6.08263,466,124100,0.295769,0.35,1,117729,117263,466
18521581,13.1168,21.2165,452,124100,0.315154,0.42,1,117740,117288,452
18524501,4.22336,13.8433,442,124100,0.287031,0.3,1,117742,117300,442
18527421,13.6447,17.9687,439,124100,0.321406,0.3,1,117758,117319,439
18530341,9.92893,9.99373,440,124100,0.280281,0.43,1,117767,117327,440
18532801,9.98579,7.59875,443,124100,0.288056,0.44,1,117777,117334,443
18535721,6.79716,8.71975,440,124100,0.393611,0.38,1,117783,117343,440
18538641,9.35943,7.34395,443,124100,0.390722,0.41,1,117793,117350,443
18541561,8.27189,8.66879,442,124100,0.294144,0.41,1,117801,117359,442
18544241,4.05438,3.33376,443,124100,0.322829,0.47,1,117804,117361,443
18547161,16.8109,9.46675,452,122640,0.336566,0.32,1,117824,117372,452
18550081,4.96217,8.29335,446,122640,0.307313,0.48,1,117826,117380,446
18553001,12.1924,3.25867,458,122640,0.341463,0.38,1,117840,117382,458
18555921,6.43849,14.2517,446,122640,0.284293,0.41,1,117845,117399,446
18558801,5.2877,6.05035,447,122640,0.200859,0.41,1,117850,117403,447
18561721,20.2575,8.41007,462,122640,0.208172,0.38,1,117874,117412,462
18564641,7.25151,22.482,440,122640,0.153634,0.35,1,117878,117438,440
18567561,21.4503,6.0964,463,122640,0.190727,0.41,1,117903,117440,463
18570481,24.2901,36.4193,444,122640,0.174145,0.46,1,117928,117484,444
18573401,6.45801,8.88386,444,122640,0.138829,0.46,1,117930,117486,444
18575441,7.6916,8.17677,444,122640,0.243766,0.46,1,117938,117494,444
18578361,11.1383,6.43535,450,122640,0.328753,0.46,1,117950,117500,450
18581281,5.42766,6.08707,448,122640,0.281751,0.47,1,117954,117506,448
18584201,8.28553,4.41741,453,122640,0.22435,0.49,1,117963,117510,453
18587121,3.25711,7.28348,447,122640,0.38887,0.49,1,117965,117518,447
18590041,10.2514,3.0567,457,122640,0.365774,0.49,1,117977,117520,457
18592961,11.6503,11.8113,455,122640,0.401155,0.39,1,117989,117534,455
18595881,6.33006,13.5623,446,122640,0.328231,0.34,1,117994,117548,446
18598321,2.86601,5.11245,445,122640,0.281646,0.44,1,117996,117551,445
18601241,12.5732,13.0225,445,122640,0.352329,0.44,1,118011,117566,445
18604161,12.1146,14.6045,442,122640,0.366466,0.35,1,118023,117581,442
18607081,13.6229,18.9209,436,122640,0.385293,0.25,1,118037,117601,436
18610001,12.3246,11.7842,438,122640,0.357059,0.28,1,118049,117611,438
18612921,4.06492,3.15684,439,122640,0.319412,0.32,1,118051,117612,439
18614961,8.81298,5.43137,443,122640,0.351882,0.33,1,118061,117618,443
18617881,4.9626,4.28627,443,122640,0.334376,0.47,1,118065,117622,443
18620801,2.59252,3.25725,442,122640,0.306875,0.44,1,118067,117625,442
18623701,5.3185,2.25145,446,122640,0.277375,0.41,1,118073,117627,446
18626621,2.6637,2.85029,445,122640,0.239475,0.39,1,118075,117630,445
18629541,2.13274,1.37006,446,122640,0.239895,0.42,1,118077,117631,446
18632461,2.02655,1.87401,446,122640,0.367979,0.36,1,118079,117633,446
18635381,42.8053,45.9748,442,122640,0.313596,0.4,1,118132,117690,442
18638301,16.5611,15.595,444,122640,0.358719,0.35,1,118142,117698,444
18641221,22.5122,7.91899,462,122640,0.239744,0.28,1,118166,117704,462
18644141,14.9024,21.5838,450,122640,0.239949,0.32,1,118179,117729,450
18647061,4.58049,13.1168,441,122640,0.24799,0.28,1,118181,117740,441
18649981,10.5161,4.22335,451,122640,0.329598,0.33,1,118193,117742,451
18652901,10.1032,13.6447,445,122640,0.24192,0.27,1,118203,117758,445
18655821,10.8206,9.92893,447,122640,0.304384,0.42,1,118214,117767,447
18658741,10.1641,14.7858,441,122640,0.268877,0.39,1,118224,117783,441
18661661,6.83283,10.9572,437,122640,0.261775,0.27,1,118230,117793,437
18664581,10.1666,8.59143,440,122640,0.292355,0.33,1,118241,117801,440
18667501,20.4333,4.11829,460,122640,0.282471,0.34,1,118264,117804,460
18670421,5.68666,16.8237,442,122640,0.256494,0.3,1,118266,117824,442
18673341,4.33733,4.96473,444,122640,0.219299,0.35,1,118270,117826,444
18676261,12.0675,12.1929,444,122640,0.29186,0.27,1,118284,117840,444
18679181,4.01349,6.43859,441,122640,0.346372,0.18,1,118286,117845,441
18681941,20.8027,5.28772,461,122640,0.309274,0.21,1,118311,117850,461
18684861,5.76054,20.2575,439,122640,0.277855,0.14,1,118313,117874,439
18687781,17.9521,7.25151,456,122640,0.231571,0.2,1,118334,117878,456
18690701,26.7904,21.4503,460,122640,0.190314,0.17,1,118363,117903,460
18693621,10.1581,24.2901,441,122640,0.238063,0.13,1,118369,117928,441
18696541,8.43162,6.45801,447,122640,0.191613,0.27,1,118377,117930,447
18699461,6.48632,7.6916,445,122640,0.182323,0.35,1,118383,117938,445
18702381,11.6973,11.1383,446,122640,0.196464,0.27,1,118396,117950,446
18705301,7.13945,5.42766,448,122640,0.183293,0.21,1,118402,117954,448
18708221,3.02789,8.28553,441,122640,0.148659,0.43,1,118404,117963,441
18711141,11.8056,3.25711,453,122640,0.277732,0.36,1,118418,117965,453
18714061,3.96112,10.2514,443,122640,0.271546,0.41,1,118420,117977,443
18716981,9.59222,11.6503,442,122640,0.302309,0.31,1,118431,117989,442
18719901,6.71844,6.33006,443,122640,0.268462,0.37,1,118437,117994,443
18722821,12.5437,14.866,440,122640,0.229692,0.37,1,118451,118011,440
18725741,13.7087,12.5732,442,122640,0.253938,0.39,1,118465,118023,442
18728661,12.3417,13.7146,440,122640,0.178788,0.35,1,118477,118037,440
18731581,13.6683,12.3429,442,122640,0.203758,0.31,1,118491,118049,442
18734501,4.33367,4.06859,442,122640,0.176752,0.36,1,118493,118051,442
18737421,4.06673,8.81372,436,122640,0.13935,0.33,1,118497,118061,436
18740341,2.41335,4.96274,434,122640,0.13187,0.3,1,118499,118065,434
18743261,3.68267,2.59255,436,122640,0.194374,0.27,1,118503,118067,436
18745381,6.33653,5.31851,437,122640,0.198875,0.23,1,118510,118073,437
18748301,2.86731,2.6637,437,122640,0.191775,0.24,1,118512,118075,437
18751221,2.17346,2.13274,437,122640,0.190355,0.4,1,118514,118077,437
18754141,2.03469,2.02655,437,122640,0.190071,0.4,1,118516,118079,437
18755781,43.6069,0.40531,491,122640,0.126014,0.3,1,118570,118079,491
18758701,10.3214,42.4811,440,122640,0.0892028,0.37,1,118572,118132,440
18761621,25.2643,16.4962,459,122640,0.265841,0.21,1,118601,118142,459
18764541,16.2529,22.4992,449,122640,0.157168,0.24,1,118615,118166,449
18767461,6.45057,14.8998,440,122640,0.183434,0.25,1,118619,118179,440
18770381,6.89011,4.57997,445,122640,0.140687,0.35,1,118626,118181,445
18773301,8.57802,10.516,442,122640,0.196137,0.22,1,118635,118193,442
18776221,12.9156,10.1032,446,122640,0.215227,0.32,1,118649,118203,446
18779141,12.9831,10.8206,448,122640,0.139045,0.26,1,118662,118214,448
18782061,4.19662,10.1641,440,122640,0.251809,0.26,1,118664,118224,440
18784981,8.03933,6.83283,443,122640,0.242362,0.3,1,118673,118230,443
18787901,26.4079,10.1666,463,122640,0.232472,0.28,1,118704,118241,463
18790821,6.88157,20.4333,442,122640,0.198494,0.25,1,118706,118264,442
18793741,2.97631,5.68666,442,122640,0.151699,0.21,1,118708,118266,442
18796341,7.79526,4.33733,447,122640,0.28634,0.31,1,118717,118270,447
18799261,3.15905,12.0675,435,122640,0.321268,0.36,1,118719,118284,435
18802181,21.4318,4.01349,459,122640,0.296254,0.3,1,118745,118286,459
18805101,10.6864,20.8027,442,122640,0.195251,0.27,1,118753,118311,442
18808021,14.9373,5.76054,456,122640,0.22305,0.22,1,118769,118313,456
18810941,22.9875,17.9521,460,122640,0.15661,0.18,1,118794,118334,460
18813861,8.59749,26.7904,436,122640,0.183322,0.25,1,118799,118363,436
18816781,11.3195,10.1581,442,122640,0.236664,0.18,1,118811,118369,442
18819701,5.4639,8.43162,438,122640,0.215333,0.18,1,118815,118377,438
18822621,7.49278,6.48632,440,122640,0.187067,0.2,1,118823,118383,440
18825541,13.4986,11.6973,442,122640,0.189413,0.18,1,118838,118396,442
18828461,4.29971,7.13945,438,122640,0.165883,0.14,1,118840,118402,438
18830241,1.65994,3.02789,437,122640,0.145177,0.31,1,118841,118404,437
18833161,10.732,11.8056,436,122640,0.269035,0.27,1,118854,118418,436
18836081,3.7464,3.96112,436,122640,0.293807,0.31,1,118856,118420,436
18839001,5.54928,9.59222,431,122640,0.242761,0.26,1,118862,118431,431
18841921,7.50986,6.71844,433,122640,0.168552,0.22,1,118870,118437,433
18844841,11.902,12.5437,432,122640,0.25771,0.26,1,118883,118451,432
18847761,11.9804,13.7087,430,122640,0.211542,0.16,1,118895,118465,430
18850681,12.7961,12.3417,431,122640,0.290308,0.21,1,118908,118477,431
18853601,12.1592,13.6683,429,122640,0.194062,0.17,1,118920,118491,429
18856521,7.23184,4.33367,433,122640,0.198812,0.13,1,118926,118493,433
18859361,4.64637,4.06673,433,122640,0.191762,0.11,1,118930,118497,433
18862281,2.52927,3.21335,432,122640,0.190352,0.21,1,118932,118500,432
18865201,2.10585,3.04267,431,122640,0.230071,0.2,1,118934,118503,431
18868121,9.22117,6.20853,435,122640,0.198014,0.19,1,118945,118510,435
18871041,3.44423,2.84171,435,122640,0.231603,0.19,1,118947,118512,435
18873961,2.28885,2.16834,435,122640,0.214321,0.19,1,118949,118514,435
18876001,2.05777,2.03367,435,122640,0.202864,0.11,1,118951,118516,435
18878921,44.4116,43.6067,436,122640,0.128573,0.08,1,119006,118570,436
18881841,28.0823,10.3213,458,122640,0.105715,0.31,1,119030,118572,458
18884761,14.4165,25.2643,440,122640,0.165143,0.13,1,119041,118601,440
18887681,9.28329,16.2529,434,122640,0.201029,0.19,1,119049,118615,434
18890601,9.85666,6.45057,440,122640,0.184206,0.13,1,119059,118619,440
18893521,5.97133,6.89011,438,122640,0.140841,0.21,1,119064,118626,438
18896441,10.7943,8.57802,441,122640,0.196168,0.22,1,119076,118635,441
18899361,16.5589,12.9156,445,122640,0.223234,0.12,1,119094,118649,445
18902281,4.91177,12.9831,434,122640,0.276647,0.28,1,119096,118662,434
18905201,6.58235,4.19662,439,122640,0.263329,0.24,1,119103,118664,439
18908121,30.1165,8.03933,466,122640,0.228666,0.23,1,119139,118673,466
18911041,7.62329,26.4079,437,122640,0.261733,0.19,1,119141,118704,437
18913961,3.12466,6.88157,437,122640,0.236347,0.14,1,119143,118706,437
18915521,1.42493,2.97631,436,122640,0.215269,0.32,1,119144,118708,436
18918441,3.48499,7.79526,431,122640,0.139054,0.33,1,119148,118717,431
18921361,2.297,3.15905,431,122640,0.275811,0.29,1,119150,118719,431
18924281,20.4594,21.4318,430,122640,0.271162,0.17,1,119175,118745,430
18927201,12.0919,10.6864,432,122640,0.142232,0.23,1,119185,118753,432
18930121,15.2184,14.9373,432,122640,0.220446,0.14,1,119201,118769,432
18933041,26.2437,22.9875,436,122640,0.180089,0.19,1,119230,118794,436
18935961,8.44873,8.59749,435,122640,0.236018,0.25,1,119234,118799,435
18938881,8.08975,11.3195,431,122640,0.295204,0.21,1,119242,118811,431
18941801,9.61795,5.4639,437,122640,0.259041,0.18,1,119252,118815,437
18944721,6.72359,7.49278,435,122640,0.219808,0.19,1,119258,118823,435
18947641,14.1447,13.4986,436,122640,0.227962,0.16,1,119274,118838,436
18950561,4.42894,4.29971,436,122640,0.197592,0.14,1,119276,118840,436
18953481,7.28579,1.65994,443,122640,0.287518,0.3,1,119284,118841,443
18956401,3.05716,10.732,432,122640,0.313504,0.3,1,119286,118854,432
18959321,8.61143,3.7464,440,122640,0.326701,0.23,1,119296,118856,440
18961281,2.52229,5.54928,435,122640,0.34534,0.15,1,119297,118862,435
18964201,6.90446,7.50986,435,122640,0.253068,0.28,1,119305,118870,435
18967121,9.38089,11.902,432,122640,0.266614,0.2,1,119315,118883,432
18970041,15.4762,11.9804,437,122640,0.253323,0.31,1,119332,118895,437
18972961,7.89524,12.7961,430,122640,0.210665,0.17,1,119338,118908,430
18975881,12.779,12.1592,432,122640,0.274133,0.2,1,119352,118920,432
18978801,8.15581,7.23184,433,122640,0.318827,0.19,1,119359,118926,433
18981721,4.83116,4.64637,433,122640,0.303765,0.19,1,119363,118930,433
18984161,2.56623,2.52927,433,122640,0.252753,0.24,1,119365,118932,433
18987081,8.51325,7.70585,434,122640,0.202551,0.19,1,119375,118941,434
18990001,4.90265,4.74117,434,122640,0.25651,0.24,1,119379,118945,434
18992921,2.58053,2.54823,434,122640,0.235302,0.21,1,119381,118947,434
18995601,2.11611,2.10965,434,122640,0.19906,0.28,1,119383,118949,434
18998521,6.82322,10.8219,429,122640,0.215812,0.11,1,119391,118962,429
19001441,36.5646,37.3644,429,122640,0.235162,0.1,1,119435,119006,429
19004361,27.3129,26.6729,430,122640,0.247032,0.18,1,119460,119030,430
19007281,14.2626,14.1346,430,122640,0.297406,0.21,1,119471,119041,430
19010201,10.8525,9.22692,432,122640,0.275481,0.18,1,119481,119049,432
19013121,13.3705,9.84538,436,122640,0.183096,0.13,1,119495,119059,436
19016041,4.2741,5.96908,433,122640,0.260619,0.21,1,119497,119064,433
19018961,8.05482,10.7938,430,122640,0.276124,0.23,1,119506,119076,430
19021881,19.211,16.5588,434,122640,0.199225,0.29,1,119528,119094,434
19024801,5.44219,4.91175,434,122640,0.143845,0.26,1,119530,119096,434
19027721,6.68844,6.58235,434,122640,0.268769,0.22,1,119537,119103,434
19030641,27.7377,30.1165,431,122640,0.341754,0.27,1,119570,119139,431
19033561,11.9475,7.62329,437,122640,0.268351,0.23,1,119578,119141,437
19036161,3.98951,3.12466,437,122640,0.22167,0.31,1,119580,119143,437
19039081,3.9979,6.22493,434,122640,0.300334,0.31,1,119584,119150,434
19042001,2.39958,1.24499,436,122640,0.276067,0.31,1,119586,119150,436
19044921,13.2799,0.248997,452,122640,0.263213,0.27,1,119602,119150,452
19047841,14.656,20.0498,442,122640,0.228643,0.11,1,119617,119175,442
19050761,14.9312,12.01,447,122640,0.269729,0.24,1,119632,119185,447
19053681,30.1862,15.202,465,122640,0.261946,0.17,1,119666,119201,465
19056601,9.23725,26.2404,440,122640,0.236389,0.25,1,119670,119230,440
19059521,6.64745,8.44808,442,122640,0.295278,0.31,1,119676,119234,442
19062441,6.12949,8.08962,440,122640,0.291056,0.25,1,119682,119242,440
19065361,11.6259,9.61792,443,122640,0.346211,0.21,1,119695,119252,443
19068281,15.1252,6.72358,453,122640,0.381242,0.23,1,119711,119258,453
19071201,4.62504,14.1447,439,122640,0.356248,0.19,1,119713,119274,439
19074121,7.32501,4.42894,445,122640,0.30325,0.31,1,119721,119276,445
19075681,2.265,7.28579,438,122640,0.30865,0.32,1,119722,119284,438
19078601,2.053,3.05716,438,122640,0.30173,0.33,1,119724,119286,438
19081521,3.6106,8.61143,432,122640,0.380346,0.35,1,119728,119296,432
19084441,10.3221,2.52229,443,122640,0.396069,0.23,1,119740,119297,443
19087361,6.86442,6.90446,441,122640,0.319214,0.27,1,119746,119305,441
19090281,17.3729,9.38089,451,122640,0.383843,0.25,1,119766,119315,451
19093201,9.87458,15.4762,442,122640,0.340769,0.2,1,119774,119332,442
19096121,10.7749,7.89524,447,122640,0.380154,0.29,1,119785,119338,447
19099041,5.35498,12.779,437,122640,0.340031,0.33,1,119789,119352,437
19101961,4.271,8.15581,434,122640,0.292006,0.3,1,119793,119359,434
19103761,1.6542,4.83116,431,122640,0.266401,0.2,1,119794,119363,431
19106681,3.53084,4.16623,431,122640,0.38928,0.19,1,119798,119367,431
19109601,5.50617,7.23325,429,122640,0.445856,0.27,1,119804,119375,429
19112521,5.90123,4.64665,431,122640,0.441171,0.23,1,119810,119379,431
19115201,5.18025,2.52933,434,122640,0.384234,0.17,1,119815,119381,434
19118121,5.03605,2.90587,436,122640,0.404847,0.22,1,119820,119384,436
19121041,4.20721,6.18117,433,122640,0.384969,0.24,1,119824,119391,433
19123961,38.4414,36.4362,436,122640,0.268994,0.25,1,119871,119435,436
19126881,20.4883,27.2872,427,122640,0.325799,0.31,1,119887,119460,427
19129801,20.0977,14.2574,436,122640,0.34516,0.27,1,119907,119471,436
19132721,9.61953,10.8515,433,122640,0.309032,0.16,1,119914,119481,433
19135641,14.7239,13.3703,435,122640,0.333806,0.28,1,119930,119495,435
19138561,6.14478,4.27406,437,122640,0.274761,0.28,1,119934,119497,437
19141481,4.42896,8.05481,432,122640,0.230952,0.18,1,119938,119506,432
19144401,22.4858,19.211,437,122640,0.31019,0.13,1,119965,119528,437
19147321,6.09716,5.44219,437,122640,0.398038,0.3,1,119967,119530,437
19149521,6.01943,6.68844,436,122640,0.383608,0.36,1,119973,119537,436
19152441,25.2039,27.7377,433,122640,0.316722,0.25,1,120003,119570,433
19155361,11.4408,11.9475,433,122640,0.399344,0.21,1,120011,119578,433
19158281,3.88816,3.98951,433,122640,0.383869,0.32,1,120013,119580,433
19161201,3.97763,3.9979,433,122640,0.380774,0.27,1,120017,119584,433
19164121,3.99553,2.39958,435,122640,0.388155,0.26,1,120021,119586,435
19167041,14.3991,13.2799,436,122640,0.437631,0.22,1,120038,119602,436
19169961,11.6798,14.656,432,122640,0.439526,0.28,1,120049,119617,432
19172881,15.136,14.9312,433,122640,0.375905,0.26,1,120065,119632,433
19175801,35.0272,30.1862,439,122640,0.299181,0.23,1,120105,119666,439
19178721,8.60544,9.23725,437,122640,0.259836,0.31,1,120107,119670,437
19181641,6.52109,6.64745,437,122640,0.299967,0.29,1,120113,119676,437
19184561,9.30422,6.12949,441,122640,0.347993,0.36,1,120123,119682,441
19187481,12.2608,11.6259,441,122640,0.301599,0.39,1,120136,119695,441
19190401,12.0522,15.1252,437,122640,0.22032,0.35,1,120148,119711,437
19193321,4.01043,4.62504,437,122640,0.324064,0.29,1,120150,119713,437
19196241,12.8021,7.32501,444,122640,0.240813,0.31,1,120165,119721,444
19199161,4.16042,2.265,445,122640,0.304163,0.3,1,120167,119722,445
19201521,2.43208,2.053,445,122640,0.324832,0.45,1,120169,119724,445
19204441,10.0864,7.6106,448,122640,0.352966,0.4,1,120181,119733,448
19207361,8.41728,7.12212,449,122640,0.214593,0.3,1,120189,119740,449
19210281,16.0835,6.22442,461,122640,0.210919,0.4,1,120207,119746,461
19213201,9.61669,17.2449,449,122640,0.226184,0.33,1,120215,119766,449
19216121,12.3233,9.84898,454,122640,0.269237,0.39,1,120228,119774,454
19219041,4.86467,10.7698,446,122640,0.253847,0.33,1,120231,119785,446
19221961,4.97293,5.35396,447,122640,0.202769,0.28,1,120236,119789,447
19224881,2.59459,4.27079,445,122640,0.248554,0.26,1,120238,119793,445
19227801,2.11892,1.65416,446,122640,0.257711,0.42,1,120240,119794,446
19230721,2.02378,3.53083,444,122640,0.259542,0.46,1,120242,119798,444
19233641,7.60476,5.50617,447,122640,0.315908,0.44,1,120251,119804,447
19236561,3.12095,5.90123,443,122640,0.327182,0.41,1,120253,119810,443
19239481,3.82419,9.18025,437,122640,0.265436,0.38,1,120257,119820,437
19242401,5.56484,5.03605,439,122640,0.197087,0.38,1,120263,119824,439
19244581,40.313,1.00721,488,122640,0.303417,0.24,1,120312,119824,488
19247501,19.2626,37.8014,455,122640,0.388683,0.34,1,120326,119871,455
19250421,15.0525,20.3603,453,122640,0.373737,0.35,1,120340,119887,453
19253341,11.0105,20.0721,443,122640,0.402747,0.3,1,120350,119907,443
19256261,11.8021,9.61441,448,122640,0.41655,0.34,1,120362,119914,448
19259181,9.56042,14.7229,441,122640,0.34731,0.26,1,120371,119930,441
19262101,5.91208,6.14458,442,122640,0.381462,0.22,1,120376,119934,442
19264341,22.7824,4.42892,465,122640,0.236292,0.33,1,120403,119938,465
19267261,6.15648,22.4858,440,122640,0.271258,0.42,1,120405,119965,440
19270181,2.8313,6.09716,440,122640,0.366252,0.38,1,120407,119967,440
19273101,29.3663,6.01943,470,122640,0.34525,0.3,1,120443,119973,470
19276021,12.2733,25.2039,448,122640,0.24505,0.42,1,120451,120003,448
19278941,4.05465,11.4408,442,122640,0.34501,0.38,1,120453,120011,442
19280561,1.61093,3.88816,441,122640,0.453002,0.38,1,120454,120013,441
19283481,5.12219,3.97763,443,122640,0.3706,0.39,1,120460,120017,443
19286401,2.62444,3.99553,441,122640,0.35412,0.45,1,120462,120021,441
19289321,15.7249,14.3991,443,122640,0.398824,0.44,1,120481,120038,443
19292241,4.74498,11.6798,434,122640,0.383765,0.36,1,120483,120049,434
19295161,16.949,15.136,438,122640,0.316753,0.28,1,120503,120065,438
19298081,33.7898,35.0272,436,122640,0.279351,0.25,1,120541,120105,436
19301001,8.35796,8.60544,436,122640,0.39987,0.31,1,120543,120107,436
19303921,9.67159,6.52109,440,122640,0.311974,0.36,1,120553,120113,440
19306841,8.33432,9.30422,438,122640,0.350395,0.29,1,120561,120123,438
19309761,6.46686,12.2608,431,122640,0.342079,0.2,1,120567,120136,431
19312681,13.2934,12.0522,434,122640,0.396416,0.35,1,120582,120148,434
19315601,5.85867,4.01043,436,122640,0.343283,0.22,1,120586,120150,436
19318521,16.3717,12.8021,440,122640,0.332657,0.32,1,120605,120165,440
19321441,4.87435,4.16042,440,122640,0.298531,0.33,1,120607,120167,440
19324361,2.57487,2.43208,440,122640,0.435706,0.36,1,120609,120169,440
19327281,12.515,10.0864,443,122640,0.407141,0.18,1,120624,120181,443
19330201,15.303,8.41728,451,122640,0.441428,0.21,1,120640,120189,451
19333121,10.2606,16.0835,442,122640,0.424286,0.23,1,120649,120207,442
19336041,13.2521,9.61669,448,122640,0.404857,0.28,1,120663,120215,448
19338961,4.25042,12.3233,437,122640,0.408971,0.25,1,120665,120228,437
19341881,5.65008,4.86467,440,122640,0.377794,0.19,1,120671,120231,440
19344001,2.73002,4.97293,437,122640,0.339559,0.26,1,120673,120236,437
19346921,2.146,2.59459,437,122640,0.331912,0.26,1,120675,120238,437
19349841,3.6292,2.11892,439,122640,0.394382,0.26,1,120679,120240,439
19352321,2.32584,2.02378,439,122640,0.406876,0.33,1,120681,120242,439
19355241,2.06517,7.60476,432,122640,0.417375,0.33,1,120683,120251,432
19358161,2.01303,3.12095,432,122640,0.451475,0.25,1,120685,120253,432
19361081,7.60261,3.82419,437,122640,0.410295,0.18,1,120694,120257,437
19364001,4.72052,5.56484,435,122640,0.434059,0.33,1,120698,120263,435
19366921,40.9441,40.313,436,122640,0.390812,0.41,1,120748,120312,436
19369841,20.9888,19.2626,438,122640,0.390162,0.37,1,120764,120326,438
19372761,20.1978,15.0525,444,122640,0.342032,0.41,1,120784,120340,444
19375681,10.4396,11.0105,442,122640,0.436406,0.42,1,120792,120350,442
19378601,8.48791,11.8021,438,122640,0.415281,0.33,1,120800,120362,438
19381521,8.09758,9.56042,437,122640,0.419056,0.39,1,120808,120371,437
19384441,8.01952,5.91208,440,122640,0.395811,0.2,1,120816,120376,440
19387361,21.6039,22.7824,438,122640,0.447162,0.28,1,120841,120403,438
19390281,5.92078,6.15648,438,122640,0.449432,0.39,1,120843,120405,438
19393201,32.3842,2.8313,475,122640,0.393886,0.34,1,120882,120407,475
19396121,10.4768,29.3663,444,122640,0.390777,0.22,1,120887,120443,444
19399041,3.69537,12.2733,438,122640,0.358155,0.37,1,120889,120451,438
19401201,2.33907,4.05465,438,122640,0.311631,0.4,1,120891,120453,438
19404121,8.46781,4.81093,443,122640,0.390326,0.35,1,120901,120458,443
19407041,4.09356,2.56219,444,122640,0.438065,0.35,1,120904,120460,444
19409961,12.0187,2.11244,456,122640,0.431613,0.41,1,120918,120462,456
19412881,8.80374,15.6225,445,122640,0.414323,0.38,1,120926,120481,445
19415801,12.1607,4.7245,456,122640,0.386865,0.3,1,120939,120483,456
19418721,33.6322,16.9449,475,122640,0.373373,0.27,1,120978,120503,475
19421641,9.12643,33.789,440,122640,0.410675,0.43,1,120981,120541,440
19424561,12.2253,8.3578,451,122640,0.450135,0.29,1,120994,120543,451
19427481,10.4451,9.67156,451,122640,0.474027,0.36,1,121004,120553,451
19430401,6.88901,8.33431,449,122640,0.462805,0.34,1,121010,120561,449
19433321,7.7778,6.46686,451,122640,0.428561,0.41,1,121018,120567,451
19436241,8.75556,13.2934,445,122640,0.437712,0.33,1,121027,120582,445
19439161,18.5511,5.85867,462,122640,0.367542,0.33,1,121048,120586,462
19442081,6.11022,16.3717,446,122640,0.305508,0.29,1,121051,120605,446
19445001,3.62204,4.87435,447,122640,0.373102,0.47,1,121054,120607,447
19447381,11.9244,2.57487,459,122640,0.39462,0.4,1,121068,120609,459
19450301,11.9849,12.515,456,122640,0.406924,0.45,1,121080,120624,456
19453221,10.397,15.303,450,122640,0.417385,0.42,1,121090,120640,450
19456141,11.6794,10.2606,453,122640,0.347477,0.4,1,121102,120649,453
19459061,3.93588,13.2521,441,122640,0.301495,0.41,1,121104,120663,441
19461981,8.78718,4.25042,449,122640,0.332299,0.37,1,121114,120665,449
19463601,2.55744,5.65008,444,122640,0.35446,0.33,1,121115,120671,444
19466521,3.71149,2.73002,446,122640,0.318892,0.33,1,121119,120673,446
19469441,2.3423,2.146,446,122640,0.303778,0.41,1,121121,120675,446
19471921,2.86846,3.6292,445,122640,0.284756,0.46,1,121124,120679,445
19474841,2.97369,5.52584,442,122640,0.368951,0.46,1,121127,120685,442
19477761,2.19474,1.10517,444,122640,0.36179,0.46,1,121129,120685,444
19480681,2.03895,0.221034,446,122640,0.360358,0.4,1,121131,120685,446
19483601,5.20779,7.24421,443,122640,0.304072,0.44,1,121137,120694,443
19486521,4.24156,4.64884,443,122640,0.356814,0.38,1,121141,120698,443
19489441,44.0483,40.9298,447,122640,0.351363,0.39,1,121195,120748,447
19492361,16.8097,20.986,441,122640,0.262273,0.33,1,121205,120764,441
19495281,21.7619,20.1972,444,122640,0.284455,0.46,1,121228,120784,444
19498201,7.55239,10.4394,440,122640,0.264891,0.41,1,121232,120792,440
19501121,10.3105,8.48789,443,122640,0.292978,0.42,1,121243,120800,443
19504041,5.2621,8.09758,439,122640,0.370596,0.39,1,121247,120808,439
19506961,8.25242,8.01952,440,122640,0.314119,0.46,1,121256,120816,440
19509881,23.2505,21.6039,442,122640,0.246824,0.45,1,121283,120841,442
19512801,8.6501,5.92078,445,122640,0.321365,0.38,1,121288,120843,445
19515721,26.53,32.3842,437,122640,0.296273,0.39,1,121319,120882,437
19518641,14.106,10.4768,443,122640,0.331255,0.35,1,121330,120887,443
19521561,4.4212,3.69537,443,122640,0.306251,0.3,1,121332,120889,443
19524481,8.88424,2.33907,451,122640,0.31725,0.41,1,121342,120891,451
19527401,6.57685,8.46781,447,122640,0.26345,0.45,1,121348,120901,447
19530321,10.9154,4.09356,456,122640,0.28469,0.43,1,121360,120904,456
19533241,8.58307,12.0187,450,122640,0.304938,0.41,1,121368,120918,450
19536161,9.71661,8.80374,452,122640,0.220988,0.38,1,121378,120926,452
19539081,31.5433,12.1607,476,122640,0.212198,0.37,1,121415,120939,476
19542001,7.90866,33.6322,439,122640,0.178439,0.42,1,121417,120978,439
19544921,18.3817,9.12643,457,122640,0.235688,0.46,1,121438,120981,457
19547841,10.0763,12.2253,452,122640,0.199138,0.48,1,121446,120994,452
19550761,6.81527,10.4451,448,122640,0.255828,0.46,1,121452,121004,448
19553681,7.76305,6.88901,450,122640,0.267166,0.42,1,121460,121010,450
19556601,4.75261,7.7778,446,122640,0.245433,0.44,1,121464,121018,446
19559521,21.7505,8.75556,463,122640,0.233087,0.35,1,121490,121027,463
19562441,5.9501,18.5511,444,122640,0.198617,0.29,1,121492,121048,444
19565361,2.79002,6.11022,443,122640,0.223723,0.39,1,121494,121051,443
19568281,12.558,3.62204,455,122640,0.220745,0.4,1,121509,121054,455
19571201,12.9116,11.9244,454,122640,0.252149,0.41,1,121522,121068,454
19574121,7.38232,11.9849,448,122640,0.25843,0.42,1,121528,121080,448
19577041,11.0765,10.397,450,122640,0.299686,0.33,1,121540,121090,450
19579961,3.81529,11.6794,440,122640,0.275937,0.29,1,121542,121102,440
19582881,7.96306,3.93588,447,122640,0.287187,0.34,1,121551,121104,447
19585801,7.19261,8.78718,444,122640,0.281437,0.31,1,121558,121114,444
19588721,3.03852,5.75744,441,122640,0.280288,0.3,1,121560,121119,441
19590901,3.8077,2.75149,443,122640,0.256058,0.36,1,121564,121121,443
19593821,2.36154,6.9503,437,122640,0.219212,0.36,1,121566,121129,437
19596741,2.07231,1.39006,439,122640,0.187842,0.36,1,121568,121129,439
19599661,2.01446,0.278012,441,122640,0.181568,0.36,1,121570,121129,441
19602581,2.00289,1.6556,441,122640,0.180314,0.29,1,121572,121131,441
19605041,5.20058,5.13112,441,122640,0.276063,0.37,1,121578,121137,441
19607961,5.84012,4.22622,443,122640,0.271213,0.35,1,121584,121141,443
19610881,37.168,44.0452,434,122640,0.134243,0.24,1,121629,121195,434
19613801,17.8336,16.809,437,122640,0.146848,0.29,1,121642,121205,437
19616721,23.5667,21.7618,439,122640,0.21337,0.26,1,121667,121228,439
19619641,6.31334,7.55236,437,122640,0.194674,0.3,1,121669,121232,437
19622561,10.0627,10.3105,437,122640,0.326935,0.39,1,121680,121243,437
19625481,7.61253,5.26209,440,122640,0.265387,0.3,1,121687,121247,440
19628401,8.72251,8.25242,440,122640,0.261077,0.23,1,121696,121256,440
19631321,20.1445,23.2505,436,122640,0.316215,0.34,1,121719,121283,436
19634241,8.8289,8.6501,437,122640,0.231243,0.29,1,121725,121288,437
19637161,27.3658,26.53,438,122640,0.190249,0.34,1,121757,121319,438
19640081,14.2732,14.106,438,122640,0.29405,0.3,1,121768,121330,438
19643001,4.45463,4.4212,438,122640,0.28281,0.32,1,121770,121332,438
19645921,8.09093,8.88424,437,122640,0.344562,0.25,1,121779,121342,437
19648841,6.41819,6.57685,437,122640,0.284912,0.29,1,121785,121348,437
19651761,11.6836,10.9154,438,122640,0.312982,0.31,1,121798,121360,438
19654681,3.93673,8.58307,432,122640,0.286596,0.2,1,121800,121368,432
19657601,9.58735,9.71661,433,122640,0.321319,0.21,1,121811,121378,433
19660521,32.3175,31.5433,434,122640,0.168264,0.17,1,121849,121415,434
19663441,8.06349,7.90866,434,122640,0.217653,0.25,1,121851,121417,434
19666361,20.0127,18.3817,436,122640,0.243531,0.19,1,121874,121438,436
19669281,7.20254,10.0763,432,122640,0.240706,0.27,1,121878,121446,432
19672201,7.84051,6.81527,434,122640,0.264141,0.27,1,121886,121452,434
19675121,7.9681,7.76305,434,122640,0.308828,0.24,1,121894,121460,434
19678041,4.79362,4.75261,434,122640,0.325766,0.23,1,121898,121464,434
19680961,22.5587,21.7505,435,122640,0.177153,0.19,1,121925,121490,435
19683881,6.11174,5.9501,435,122640,0.267431,0.23,1,121927,121492,435
19686801,2.82235,2.79002,435,122640,0.253486,0.23,1,121929,121494,435
19688661,11.7645,0.558004,449,122640,0.314697,0.22,1,121943,121494,449
19691581,11.9529,12.1116,446,122640,0.262939,0.26,1,121955,121509,446
19694501,10.3906,12.8223,443,122640,0.284588,0.26,1,121965,121522,443
19697421,10.0781,7.36446,447,122640,0.304918,0.31,1,121975,121528,447
19700341,4.41562,11.0729,438,122640,0.284984,0.27,1,121978,121540,438
19703261,6.48312,3.81458,443,122640,0.200997,0.29,1,121985,121542,443
19706181,2.89662,7.96292,436,122640,0.184199,0.28,1,121987,121551,436
19709101,2.17932,7.19258,431,122640,0.30084,0.28,1,121989,121558,431
19711541,3.63587,3.03852,433,122640,0.268168,0.21,1,121993,121560,433
19714461,2.32717,5.4077,429,122640,0.261634,0.21,1,121995,121566,429
19717381,7.66543,1.08154,438,122640,0.292327,0.18,1,122004,121566,438
19720301,3.13309,1.81631,438,122640,0.298465,0.18,1,122006,121568,438
19722981,2.22662,1.96326,438,122640,0.299693,0.19,1,122008,121570,438
19725901,2.04532,5.19265,434,122640,0.267939,0.3,1,122010,121576,434
19728821,7.60906,2.63853,441,122640,0.309588,0.27,1,122019,121578,441
19731741,33.5218,5.32771,475,122640,0.269918,0.1,1,122059,121584,475
19734661,18.7044,37.0655,445,122640,0.253984,0.15,1,122074,121629,445
19737581,22.1409,17.8131,455,122640,0.266797,0.23,1,122097,121642,455
19740501,12.4282,23.5626,440,122640,0.237359,0.19,1,122107,121667,440
19743421,12.0856,6.31252,450,122640,0.215472,0.36,1,122119,121669,450
19746341,4.01713,10.0625,441,122640,0.299094,0.25,1,122121,121680,441
19749261,5.60343,7.6125,440,122640,0.227819,0.26,1,122127,121687,440
19752181,17.1207,8.7225,451,122640,0.197564,0.33,1,122147,121696,451
19755101,11.4241,20.1445,438,122640,0.215513,0.21,1,122157,121719,438
19758021,30.2848,8.8289,467,122640,0.259103,0.18,1,122192,121725,467
19760941,17.257,27.3658,449,122640,0.251821,0.32,1,122206,121757,449
19763861,5.05139,14.2732,440,122640,0.242364,0.28,1,122208,121768,440
19766781,7.41028,4.45463,446,122640,0.184473,0.36,1,122216,121770,446
19768741,3.08206,8.09093,439,122640,0.172895,0.27,1,122218,121779,439
19771661,14.2164,6.41819,450,122640,0.258579,0.32,1,122235,121785,450
19774581,4.44328,11.6836,439,122640,0.275716,0.28,1,122237,121798,439
19777501,4.08866,3.93673,441,122640,0.287143,0.33,1,122241,121800,441
19780421,34.4177,9.58735,472,122640,0.241429,0.13,1,122283,121811,472
19783341,8.48355,32.3175,436,122640,0.200286,0.23,1,122285,121849,436
19786261,18.4967,8.06349,455,122640,0.240057,0.25,1,122306,121851,455
19789181,10.0993,20.0127,440,122640,0.160011,0.24,1,122314,121874,440
19792101,10.0199,7.20254,446,122640,0.216002,0.27,1,122324,121878,446
19795021,8.40397,7.84051,446,122640,0.2112,0.32,1,122332,121886,446
19797941,3.28079,7.9681,440,122640,0.30624,0.33,1,122334,121894,440
19800861,23.8562,4.79362,465,122640,0.149248,0.14,1,122363,121898,465
19803781,6.37123,22.5587,440,122640,0.27785,0.29,1,122365,121925,440
19806701,2.87425,6.11174,440,122640,0.30357,0.25,1,122367,121927,440
19808881,2.17485,2.82235,440,122640,0.276714,0.33,1,122369,121929,440
19811801,17.235,11.7645,447,122640,0.239343,0.25,1,122390,121943,447
19814721,12.247,11.9529,446,122640,0.335869,0.29,1,122401,121955,446
19817641,5.6494,10.3906,440,122640,0.323174,0.31,1,122405,121965,440
19820561,3.52988,10.0781,433,122640,0.312635,0.28,1,122408,121975,433
19823481,9.50598,4.41562,441,122640,0.342527,0.18,1,122419,121978,441
19825521,3.5012,6.48312,436,122640,0.324505,0.18,1,122421,121985,436
19828441,3.90024,2.89662,438,122640,0.312901,0.33,1,122425,121987,438
19831361,2.38005,2.17932,438,122640,0.28658,0.26,1,122427,121989,438
19833841,3.67601,3.63587,438,122640,0.361316,0.26,1,122431,121993,438
19836761,2.3352,2.32717,438,122640,0.376263,0.3,1,122433,121995,438
19839681,8.46704,7.66543,439,122640,0.315253,0.3,1,122443,122004,439
19842601,3.29341,3.13309,439,122640,0.303051,0.3,1,122445,122006,439
19845281,2.25868,2.22662,439,122640,0.26861,0.23,1,122447,122008,439
19848201,2.05174,3.64532,437,122640,0.269722,0.32,1,122449,122012,437
19851121,5.21035,6.32906,436,122640,0.301944,0.26,1,122455,122019,436
19854041,34.6421,33.2658,438,122640,0.220389,0.25,1,122497,122059,438
19856961,18.1284,18.6532,437,122640,0.316078,0.27,1,122511,122074,437
19859881,20.4257,22.1306,435,122640,0.183216,0.23,1,122532,122097,435
19862801,10.4851,12.4261,433,122640,0.204643,0.21,1,122540,122107,433
19865721,10.897,12.0852,432,122640,0.312929,0.32,1,122551,122119,432
19868641,3.77941,4.01704,432,122640,0.310586,0.21,1,122553,122121,432
19871561,7.95588,5.60341,435,122640,0.254117,0.19,1,122562,122127,435
19874481,15.1912,17.1207,432,122640,0.354823,0.22,1,122579,122147,432
19877401,11.0382,11.4241,432,122640,0.262965,0.27,1,122589,122157,432
19880321,32.6076,30.2848,435,122640,0.284593,0.25,1,122627,122192,435
19883241,14.5215,17.257,431,122640,0.320919,0.24,1,122637,122206,431
19886161,4.50431,5.05139,431,122640,0.328184,0.17,1,122639,122208,431
19889081,13.7009,7.41028,439,122640,0.241637,0.17,1,122655,122216,439
19892001,12.3402,3.08206,449,122640,0.256327,0.28,1,122667,122218,449
19894921,8.86803,14.2164,440,122640,0.299265,0.28,1,122675,122235,440
19897841,3.37361,4.44328,440,122640,0.307853,0.29,1,122677,122237,440
19899361,1.47472,4.08866,437,122640,0.333571,0.23,1,122678,122241,437
19902281,36.2949,34.4177,440,122640,0.290714,0.19,1,122723,122283,440
19905201,8.85899,8.48355,440,122640,0.250143,0.25,1,122725,122285,440
19908121,16.9718,18.4967,438,122640,0.266029,0.14,1,122744,122306,438
19911041,8.19436,10.0993,436,122640,0.285206,0.23,1,122750,122314,436
19913961,11.2389,10.0199,438,122640,0.297041,0.21,1,122762,122324,438
19916881,7.04777,8.40397,436,122640,0.307408,0.33,1,122768,122332,436
19919801,4.60955,3.28079,438,122640,0.349482,0.33,1,122772,122334,438
19921621,20.9219,0.656159,463,122640,0.317896,0.11,1,122797,122334,463
19924541,5.78438,23.3312,436,122640,0.279579,0.31,1,122799,122363,436
19927461,3.55688,6.26625,437,122640,0.223916,0.31,1,122802,122365,437
19929941,7.91138,2.85325,444,122640,0.308783,0.33,1,122811,122367,444
19932861,7.18227,6.97065,443,122640,0.373757,0.23,1,122818,122375,443
19935781,15.8365,13.3941,446,122640,0.370751,0.36,1,122836,122390,446
19938701,7.16729,11.4788,440,122640,0.37015,0.32,1,122841,122401,440
19941621,5.43346,5.49577,441,122640,0.35403,0.31,1,122846,122405,441
19943461,6.68669,3.49915,445,122640,0.334806,0.35,1,122853,122408,445
19946381,6.13734,9.49983,440,122640,0.314961,0.32,1,122859,122419,440
19949301,2.82747,3.49997,440,122640,0.286992,0.31,1,122861,122421,440
19951361,2.16549,3.89999,438,122640,0.281398,0.39,1,122863,122425,438
19954281,3.6331,4.78,437,122640,0.32028,0.38,1,122867,122430,437
19957201,2.32662,1.756,438,122640,0.296056,0.38,1,122869,122431,438
19960121,10.0653,1.9512,448,122640,0.323211,0.3,1,122881,122433,448
19963041,3.61306,8.39024,440,122640,0.296642,0.3,1,122883,122443,440
19965961,2.32261,3.27805,440,122640,0.267328,0.26,1,122885,122445,440
19968421,5.26452,2.25561,444,122640,0.205466,0.35,1,122891,122447,444
19971341,2.6529,8.45112,436,122640,0.281093,0.35,1,122893,122457,436
19974261,27.7306,1.69022,470,122640,0.240219,0.2,1,122927,122457,470
19977181,17.5461,32.338,445,122640,0.208044,0.34,1,122942,122497,445
19980101,19.5092,17.6676,451,122640,0.241609,0.15,1,122962,122511,451
19983021,13.5018,20.3335,442,122640,0.320322,0.21,1,122974,122532,442
19985941,9.90037,10.4667,443,122640,0.344064,0.34,1,122983,122540,443
19988861,3.58007,10.8933,434,122640,0.348813,0.31,1,122985,122551,434
19991781,9.51601,3.77867,443,122640,0.357763,0.24,1,122996,122553,443
19994421,13.9032,7.95573,449,122640,0.295552,0.38,1,123011,122562,449
19997341,10.7806,15.1911,442,122640,0.32311,0.24,1,123021,122579,442
20000261,35.7561,11.0382,474,122640,0.296622,0.29,1,123063,122589,474
20003181,10.3512,32.6076,440,122640,0.315324,0.33,1,123067,122627,440
20006101,7.67024,14.5215,437,122640,0.399065,0.33,1,123074,122637,437
20009021,14.334,4.50431,451,122640,0.335813,0.22,1,123090,122639,451
20011941,14.0668,13.7009,449,122640,0.195163,0.26,1,123104,122655,449
20014861,5.21336,12.3402,440,122640,0.311033,0.31,1,123107,122667,440
20017781,6.64267,8.86803,439,122640,0.278206,0.31,1,123114,122675,439
20020001,2.92853,3.37361,439,122640,0.279641,0.28,1,123116,122677,439
20022921,30.9857,3.87472,473,122640,0.287928,0.28,1,123154,122681,473
20025841,8.59714,34.3749,434,122640,0.241586,0.24,1,123157,122723,434
20028761,22.5194,8.47499,458,122640,0.288317,0.27,1,123183,122725,458
20031681,7.70389,16.895,443,122640,0.233663,0.29,1,123187,122744,443
20034601,13.5408,8.179,452,122640,0.310733,0.3,1,123202,122750,452
20037521,7.50816,11.2358,446,122640,0.310147,0.31,1,123208,122762,446
20040441,3.10163,7.04716,442,122640,0.286029,0.36,1,123210,122768,442
20043361,20.6203,4.60943,463,122640,0.297206,0.27,1,123235,122772,463
20046281,5.72407,22.5219,438,122640,0.267441,0.21,1,123237,122799,438
20049201,2.74481,6.90438,437,122640,0.261488,0.33,1,123239,122802,437
20052121,10.949,8.58088,441,122640,0.348298,0.39,1,123252,122811,441
20055041,6.98979,7.31617,440,122640,0.26966,0.37,1,123258,122818,440
20057961,15.798,15.8632,440,122640,0.317932,0.37,1,123276,122836,440
20060881,6.35959,7.17265,439,122640,0.351586,0.35,1,123280,122841,439
20063801,5.27192,5.43453,439,122640,0.334317,0.33,1,123285,122846,439
20066721,9.05438,6.68691,442,122640,0.314863,0.31,1,123295,122853,442
20069641,4.21088,6.13738,439,122640,0.318973,0.28,1,123298,122859,439
20072561,5.64218,2.82748,443,122640,0.319795,0.33,1,123304,122861,443
20075481,2.72844,5.3655,439,122640,0.319959,0.29,1,123306,122867,439
20078401,2.14569,2.6731,439,122640,0.287992,0.33,1,123308,122869,439
20081321,4.42914,10.1346,432,122640,0.273598,0.29,1,123313,122881,432
20084241,7.28583,3.62692,438,122640,0.32672,0.26,1,123321,122883,438
20087161,3.05717,2.32538,438,122640,0.305344,0.26,1,123323,122885,438
20089061,4.61143,0.465077,443,122640,0.277069,0.19,1,123328,122885,443
20091981,2.52229,4.89302,439,122640,0.239414,0.3,1,123330,122891,439
20094901,26.1045,2.5786,469,122640,0.239883,0.23,1,123362,122893,469
20097821,18.0209,27.7157,451,122640,0.239977,0.2,1,123378,122927,451
20100741,21.2042,17.5431,458,122640,0.279995,0.25,1,123400,122942,458
20103661,13.0408,19.5086,449,122640,0.159999,0.34,1,123411,122962,449
20106581,10.6082,13.5017,447,122640,0.264,0.35,1,123421,122974,447
20109501,3.72163,9.90035,440,122640,0.2848,0.35,1,123423,122983,440
20111941,9.54433,3.58007,449,122640,0.34496,0.36,1,123434,122985,449
20114861,13.1089,9.51601,452,122640,0.252992,0.28,1,123448,122996,452
20117781,5.02177,13.9032,440,122640,0.186598,0.33,1,123451,123011,440
20120701,37.0044,10.7806,475,122640,0.12532,0.29,1,123496,123021,475
20123621,15.4009,35.7561,443,122640,0.225064,0.32,1,123506,123063,443
20126541,4.68017,10.3512,441,122640,0.245013,0.42,1,123508,123067,441
20129461,11.336,7.67024,447,122640,0.233003,0.32,1,123521,123074,447
20132381,16.6672,14.334,449,122640,0.206601,0.16,1,123539,123090,449
20135301,8.13344,14.0668,441,122640,0.18532,0.34,1,123545,123104,441
20138221,3.22669,5.21336,440,122640,0.181064,0.27,1,123547,123107,440
20141061,2.24534,6.64267,435,122640,0.188213,0.28,1,123549,123114,435
20143981,26.8491,2.92853,466,122640,0.101643,0.29,1,123582,123116,466
20146901,12.5698,30.9857,437,122640,0.220329,0.23,1,123591,123154,437
20149821,20.914,8.59714,457,122640,0.228066,0.3,1,123614,123157,457
20152741,11.3828,22.5194,440,122640,0.157613,0.22,1,123623,123183,440
20155661,12.6766,7.70389,449,122640,0.255523,0.33,1,123636,123187,449
20158581,12.1353,13.5408,446,122640,0.211105,0.31,1,123648,123202,446
20161501,4.02706,7.50816,442,122640,0.162221,0.28,1,123650,123208,442
20164421,13.6054,3.10163,456,122640,0.240444,0.3,1,123666,123210,456
20167341,10.7211,20.6203,441,122640,0.176089,0.26,1,123676,123235,441
20170261,3.74422,5.72407,441,122640,0.163218,0.26,1,123678,123237,441
20173181,6.34884,2.74481,446,122640,0.160644,0.37,1,123685,123239,446
20176101,10.8698,10.949,445,122640,0.272129,0.25,1,123697,123252,445
20179021,14.974,6.98979,455,122640,0.270426,0.33,1,123713,123258,455
20181941,6.19479,15.798,441,122640,0.214085,0.36,1,123717,123276,441
20184861,4.43896,6.35959,441,122640,0.290817,0.33,1,123721,123280,441
20186821,8.08779,5.27192,445,122640,0.290163,0.31,1,123730,123285,445
20189741,3.21756,9.05438,437,122640,0.274033,0.32,1,123732,123295,437
20192661,5.44351,4.21088,440,122640,0.214807,0.32,1,123738,123298,440
20194721,2.6887,5.64218,436,122640,0.242961,0.32,1,123740,123304,436
20197641,5.33774,2.72844,440,122640,0.240592,0.28,1,123746,123306,440
20200561,2.66755,2.14569,440,122640,0.216118,0.27,1,123748,123308,440
20203041,2.13351,4.42914,437,122640,0.267224,0.34,1,123750,123313,437
20205961,3.6267,7.28583,433,122640,0.253445,0.3,1,123754,123321,433
20208881,2.32534,3.05717,433,122640,0.218689,0.27,1,123756,123323,433
20211361,3.66507,4.61143,432,122640,0.251738,0.26,1,123760,123328,432
20214281,7.13301,3.32229,437,122640,0.282348,0.24,1,123768,123331,437
20217201,19.8266,25.4645,429,122640,0.23247,0.24,1,123791,123362,429
20220121,19.9653,17.8929,433,122640,0.166494,0.29,1,123811,123378,433
20223041,17.5931,21.1786,428,122640,0.129299,0.13,1,123828,123400,428
20225961,18.7186,13.0357,436,122640,0.11386,0.29,1,123847,123411,436
20228881,13.3437,10.6071,438,122640,0.222772,0.29,1,123859,123421,438
20231801,4.26874,3.72143,438,122640,0.212554,0.36,1,123861,123423,438
20234721,19.2537,9.54429,450,122640,0.106511,0.23,1,123884,123434,450
20237641,5.45075,13.1089,438,122640,0.205302,0.17,1,123886,123448,438
20240561,35.4902,5.02177,478,122640,0.15306,0.11,1,123929,123451,478
20243481,14.298,37.0044,442,122640,0.198612,0.25,1,123938,123496,442
20246401,4.45961,15.4009,434,122640,0.207722,0.25,1,123940,123506,434
20248801,2.49192,4.68017,434,122640,0.177544,0.23,1,123942,123508,434
20251721,8.49838,11.336,431,122640,0.235509,0.2,1,123952,123521,431
20254641,16.8997,16.6672,432,122640,0.191102,0.18,1,123971,123539,432
20257561,8.17994,8.13344,432,122640,0.16622,0.18,1,123977,123545,432
20260481,3.23599,3.22669,432,122640,0.217244,0.19,1,123979,123547,432
20263401,6.2472,2.24534,437,122640,0.283449,0.08,1,123986,123549,437
20266321,25.2494,26.8491,434,122640,0.20869,0.25,1,124016,123582,434
20269241,9.84989,12.5698,431,122640,0.225738,0.23,1,124022,123591,431
20272161,22.77,20.914,434,122640,0.181148,0.14,1,124048,123614,434
20275081,12.554,11.3828,435,122640,0.22823,0.28,1,124058,123623,435
20278001,10.5108,12.6766,432,122640,0.197646,0.2,1,124068,123636,432
20280921,14.1022,12.1353,435,122640,0.159529,0.15,1,124083,123648,435
20283841,4.42043,4.02706,435,122640,0.247906,0.26,1,124085,123650,435
20286761,8.88409,13.6054,429,122640,0.297581,0.16,1,124095,123666,429
20289681,8.97682,10.7211,428,122640,0.291516,0.16,1,124104,123676,428
20292601,4.99536,3.74422,430,122640,0.250303,0.16,1,124108,123678,430
20295521,11.3991,6.34884,436,122640,0.250061,0.3,1,124121,123685,436
20298441,8.67981,10.8698,432,122640,0.266012,0.27,1,124129,123697,432
20301361,18.536,14.974,437,122640,0.149202,0.2,1,124150,123713,437
20304281,6.90719,6.19479,437,122640,0.26984,0.31,1,124154,123717,437
20307041,2.98144,4.43896,435,122640,0.261968,0.29,1,124156,123721,435
20309961,7.79629,8.08779,435,122640,0.244394,0.27,1,124165,123730,435
20312881,4.75926,3.21756,437,122640,0.288879,0.2,1,124169,123732,437
20315801,5.75185,5.44351,437,122640,0.281776,0.25,1,124175,123738,437
20318721,2.75037,2.6887,437,122640,0.280355,0.24,1,124177,123740,437
20320561,1.35007,5.33774,432,122640,0.264071,0.28,1,124178,123746,432
20323481,5.87001,4.26755,435,122640,0.236814,0.28,1,124185,123750,435
20326401,2.774,0.85351,437,122640,0.231363,0.25,1,124187,123750,437
20329321,2.9548,3.3707,436,122640,0.222273,0.21,1,124190,123754,436
20330961,2.19096,2.27414,436,122640,0.188455,0.26,1,124192,123756,436
20333881,3.63819,3.65483,436,122640,0.301691,0.29,1,124196,123760,436
20336801,5.52764,7.13097,434,122640,0.308338,0.22,1,124202,123768,434
20339721,18.7055,19.8262,433,122640,0.253668,0.15,1,124224,123791,433
20342641,19.7411,19.9652,433,122640,0.130734,0.12,1,124244,123811,433
20345561,18.3482,17.593,434,122640,0.138147,0.11,1,124262,123828,434
20348481,18.8696,18.7186,434,122640,0.171629,0.25,1,124281,123847,434
20351401,14.1739,13.3437,435,122640,0.234326,0.21,1,124294,123859,435
20354321,4.43479,4.26874,435,122640,0.246865,0.08,1,124296,123861,435
20357241,14.487,19.2537,429,122640,0.233373,0.23,1,124313,123884,429
20360161,4.49739,5.45075,429,122640,0.198675,0.14,1,124315,123886,429
20363081,37.6995,35.4902,432,122640,0.215735,0.21,1,124361,123929,432
20366001,16.3399,14.298,434,122640,0.283147,0.21,1,124372,123938,434
20368401,4.86798,4.45961,434,122640,0.272629,0.17,1,124374,123940,434
20371321,2.5736,2.49192,434,122640,0.238526,0.25,1,124376,123942,434
20374241,9.31472,8.49838,435,122640,0.287705,0.18,1,124387,123952,435
20377161,16.2629,16.8997,434,122640,0.257541,0.16,1,124405,123971,434
20380081,9.65259,8.17994,436,122640,0.227508,0.23,1,124413,123977,436
20383001,3.53052,3.23599,436,122640,0.213502,0.3,1,124415,123979,436
20385921,2.3061,6.2472,431,122640,0.2107,0.19,1,124417,123986,431
20388841,26.0612,25.2494,433,122640,0.17814,0.23,1,124449,124016,433
20391761,10.0122,9.84989,433,122640,0.227628,0.17,1,124455,124022,433
20394681,24.4024,22.77,435,122640,0.189526,0.24,1,124483,124048,435
20397601,9.68049,12.554,431,122640,0.221905,0.19,1,124489,124058,431
20400521,11.5361,10.5108,433,122640,0.212381,0.15,1,124501,124068,433
20403441,14.3072,14.1022,433,122640,0.154476,0.27,1,124516,124083,433
20406361,7.66144,4.42043,437,122640,0.142895,0.31,1,124522,124085,437
20409281,7.93229,8.88409,435,122640,0.204579,0.29,1,124530,124095,435
20412201,10.3865,8.97682,437,122640,0.280916,0.24,1,124541,124104,437
20415121,3.67729,4.99536,435,122640,0.264183,0.25,1,124543,124108,435
20418041,11.1355,11.3991,435,122640,0.252837,0.27,1,124556,124121,435
20420961,10.2271,8.67981,437,122640,0.282567,0.12,1,124566,124129,437
20423881,15.6454,18.536,433,122640,0.216513,0.3,1,124583,124150,433
20426801,6.32908,6.90719,433,122640,0.139303,0.26,1,124587,124154,433
20428721,2.86582,2.98144,433,122640,0.235861,0.24,1,124589,124156,433
20431641,9.37316,7.79629,435,122640,0.295172,0.3,1,124600,124165,435
20434561,3.47463,4.75926,433,122640,0.275034,0.28,1,124602,124169,433
20437481,5.49493,5.75185,433,122640,0.223007,0.28,1,124608,124175,433
20440401,2.69899,2.75037,433,122640,0.180601,0.26,1,124610,124177,433
20443321,2.9398,1.35007,435,122640,0.29212,0.23,1,124613,124178,435
20446241,8.58796,5.87001,438,122640,0.282424,0.23,1,124623,124185,438
20449161,3.31759,2.774,438,122640,0.280485,0.22,1,124625,124187,438
20451601,2.26352,2.9548,437,122640,0.240097,0.18,1,124627,124190,437
20454521,5.2527,2.19096,441,122640,0.200019,0.33,1,124633,124192,441
20457441,2.65054,3.63819,439,122640,0.192004,0.31,1,124635,124196,439
20460361,18.9301,5.52764,456,122640,0.198401,0.24,1,124658,124202,456
20463281,19.786,18.7055,454,122640,0.11968,0.1,1,124678,124224,454
20466201,17.5572,19.7411,451,122640,0.175936,0.14,1,124695,124244,451
20469121,16.3114,18.3482,449,122640,0.179187,0.18,1,124711,124262,449
20472041,10.4623,18.8696,439,122640,0.171837,0.25,1,124720,124281,439
20474961,11.6925,14.1739,438,122640,0.210367,0.25,1,124732,124294,438
20477881,10.3385,4.43479,446,122640,0.274074,0.23,1,124742,124296,446
20480801,10.0677,14.487,439,122640,0.318815,0.19,1,124752,124313,439
20483721,34.8135,4.49739,478,122640,0.295763,0.22,1,124793,124315,478
20486641,18.1627,37.6995,446,122640,0.275153,0.3,1,124807,124361,446
20489561,5.23254,16.3399,437,122640,0.239031,0.27,1,124809,124372,437
20492481,2.64651,4.86798,437,122640,0.199806,0.23,1,124811,124374,437
20494661,4.5293,2.5736,440,122640,0.119961,0.3,1,124816,124376,440
20497581,16.9059,9.31472,449,122640,0.263992,0.25,1,124836,124387,449
20500501,12.1812,16.2629,442,122640,0.284798,0.22,1,124847,124405,442
20503421,4.03623,9.65259,436,122640,0.25696,0.21,1,124849,124413,436
20506341,2.40725,3.53052,436,122640,0.227392,0.21,1,124851,124415,436
20509221,24.4814,2.3061,464,122640,0.285478,0.17,1,124881,124417,464
20512141,9.69629,26.0612,438,122640,0.209096,0.24,1,124887,124449,438
20515061,25.1393,10.0122,461,122640,0.233819,0.18,1,124916,124455,461
20517981,8.22785,24.4024,437,122640,0.230764,0.23,1,124920,124483,437
20520901,11.2456,9.68049,443,122640,0.326153,0.21,1,124932,124489,443
20523821,10.2491,11.5361,441,122640,0.249231,0.14,1,124942,124501,441
20526741,9.24982,14.3072,435,122640,0.249846,0.14,1,124951,124516,435
20529661,13.05,7.66144,443,122640,0.193969,0.22,1,124965,124522,443
20532581,7.40999,7.93229,441,122640,0.238794,0.3,1,124971,124530,441
20535501,3.082,10.3865,432,122640,0.255759,0.26,1,124973,124541,432
20538421,15.0164,3.67729,448,122640,0.235152,0.25,1,124991,124543,448
20541341,10.2033,11.1355,444,122640,0.30303,0.29,1,125000,124556,444
20544261,14.0407,10.2271,449,122640,0.284606,0.2,1,125015,124566,449
20547181,9.20813,15.6454,440,122640,0.272921,0.12,1,125023,124583,440
20550101,3.44163,6.32908,438,122640,0.270584,0.31,1,125025,124587,438
20553021,5.48833,11.6658,431,122640,0.326117,0.27,1,125031,124600,431
20555941,6.69766,3.93316,436,122640,0.337223,0.21,1,125038,124602,436
20558861,4.53953,5.58663,434,122640,0.379445,0.17,1,125042,124608,434
20561781,4.10791,2.71733,436,122640,0.315889,0.32,1,125046,124610,436
20564701,2.42158,2.94347,435,122640,0.271178,0.28,1,125048,124613,435
20567621,5.28432,8.58869,431,122640,0.334236,0.28,1,125054,124623,431
20570541,2.65686,3.31774,431,122640,0.322847,0.23,1,125056,124625,431
20573461,2.13137,2.26355,431,122640,0.320569,0.19,1,125058,124627,431
20576381,8.42627,5.25271,435,122640,0.320114,0.19,1,125068,124633,435
20579301,4.88525,2.65054,437,122640,0.304023,0.2,1,125072,124635,437
20582221,14.5771,18.9301,431,122640,0.388805,0.1,1,125089,124658,431
20585141,15.7154,19.786,427,122640,0.349761,0.19,1,125105,124678,427
20588061,23.1431,17.5572,435,122640,0.301952,0.18,1,125130,124695,435
20590981,14.2286,16.3114,431,122640,0.35639,0.17,1,125142,124711,431
20593901,11.6457,10.4623,433,122640,0.271278,0.22,1,125153,124720,433
20596821,15.1291,11.6925,437,122640,0.270256,0.29,1,125169,124732,437
20599741,12.6258,10.3385,439,122640,0.342051,0.33,1,125181,124742,439
20602661,7.32517,10.0677,435,122640,0.34041,0.29,1,125187,124752,435
20605581,31.865,34.8135,432,122640,0.252082,0.27,1,125225,124793,432
20608501,20.773,18.1627,436,122640,0.258416,0.23,1,125243,124807,436
20611421,5.7546,5.23254,436,122640,0.227683,0.19,1,125245,124809,436
20613841,2.75092,2.64651,436,122640,0.189537,0.1,1,125247,124811,436
20616761,5.35018,4.5293,437,122640,0.213907,0.3,1,125253,124816,437
20619681,15.47,16.9059,435,122640,0.298781,0.29,1,125271,124836,435
20622601,7.89401,12.1812,430,122640,0.267756,0.25,1,125277,124847,430
20625521,4.7788,4.03623,432,122640,0.229551,0.22,1,125281,124849,432
20628401,5.75576,2.40725,436,122640,0.25391,0.3,1,125287,124851,436
20631321,21.9512,24.4814,432,122640,0.202782,0.19,1,125313,124881,432
20634241,12.3902,9.69629,436,122640,0.256556,0.24,1,125323,124887,436
20637161,23.278,25.1393,433,122640,0.259311,0.23,1,125349,124916,433
20640081,13.4556,8.22785,440,122640,0.275862,0.35,1,125360,124920,440
20643001,7.49112,11.2456,434,122640,0.191172,0.23,1,125366,124932,434
20645921,12.6982,10.2491,438,122640,0.238234,0.25,1,125380,124942,438
20648841,5.73964,9.24982,433,122640,0.239647,0.18,1,125384,124951,433
20651761,13.1479,13.05,434,122640,0.279929,0.25,1,125399,124965,434
20654681,9.02959,7.40999,436,122640,0.183986,0.26,1,125407,124971,436
20657601,3.40592,3.082,436,122640,0.164797,0.23,1,125409,124973,436
20660521,17.4812,15.0164,439,122640,0.256959,0.32,1,125430,124991,439
20663441,8.29624,10.2033,436,122640,0.195392,0.28,1,125436,125000,436
20666361,12.8592,14.0407,435,122640,0.295078,0.27,1,125450,125015,435
20669281,12.1718,9.20813,439,122640,0.315016,0.27,1,125462,125023,439
20672081,4.03437,3.44163,439,122640,0.287003,0.34,1,125464,125025,439
20675001,7.20687,5.48833,441,122640,0.289401,0.34,1,125472,125031,441
20677921,3.04137,6.69766,436,122640,0.29788,0.39,1,125474,125038,436
20680841,7.00828,4.53953,440,122640,0.259576,0.3,1,125482,125042,440
20683761,3.00165,4.10791,438,122640,0.251915,0.26,1,125484,125046,438
20686681,2.20033,2.42158,438,122640,0.250383,0.35,1,125486,125048,438
20689601,6.84007,5.28432,440,122640,0.234077,0.35,1,125494,125054,440
20691221,3.76801,1.05686,443,122640,0.318815,0.39,1,125497,125054,443
20694141,2.3536,6.61137,437,122640,0.303763,0.39,1,125499,125062,437
20697061,8.47072,1.32227,447,122640,0.244753,0.32,1,125509,125062,447
20699981,3.29414,5.06446,443,122640,0.232951,0.3,1,125511,125068,443
20702901,11.0588,4.21289,452,122640,0.19059,0.41,1,125524,125072,452
20705821,19.8118,14.4426,457,122640,0.142118,0.34,1,125546,125089,457
20708741,16.7624,15.6885,457,122640,0.204424,0.29,1,125562,125105,457
20711661,12.1525,23.1377,443,122640,0.248885,0.37,1,125573,125130,443
20714581,12.8305,14.2275,444,122640,0.265777,0.25,1,125586,125142,444
20717501,16.9661,11.6455,451,122640,0.245155,0.27,1,125604,125153,451
20720421,12.9932,15.1291,447,122640,0.313031,0.36,1,125616,125169,447
20723341,7.39864,12.6258,441,122640,0.262606,0.34,1,125622,125181,441
20726261,31.8797,7.32516,473,122640,0.308521,0.23,1,125660,125187,473
20729181,19.1759,31.865,451,122640,0.253704,0.26,1,125676,125225,451
20732101,5.43519,20.773,435,122640,0.210741,0.22,1,125678,125243,435
20735021,3.48704,5.7546,436,122640,0.162148,0.18,1,125681,125245,436
20737941,6.29741,2.75092,441,122640,0.28043,0.22,1,125688,125247,441
20740861,13.2595,5.35018,450,122640,0.288086,0.32,1,125703,125253,450
20743781,9.0519,15.47,440,122640,0.321617,0.26,1,125711,125271,440
20746701,5.01038,7.89401,438,122640,0.328323,0.22,1,125715,125277,438
20749621,5.80208,4.7788,440,122640,0.265665,0.19,1,125721,125281,440
20752541,23.5604,26.5558,436,122640,0.245133,0.27,1,125749,125313,436
20755461,12.7121,13.3112,436,122640,0.121027,0.26,1,125759,125323,436
20758381,23.3424,23.4622,436,122640,0.160205,0.28,1,125785,125349,436
20761301,7.86848,13.4924,429,122640,0.144041,0.17,1,125789,125360,429
20764221,12.7737,7.49849,437,122640,0.212808,0.25,1,125803,125366,437
20767141,12.1547,12.6997,435,122640,0.258562,0.24,1,125815,125380,435
20770061,4.03095,5.73994,433,122640,0.235712,0.29,1,125817,125384,433
20772981,12.0062,13.148,432,122640,0.207142,0.16,1,125831,125399,432
20775901,8.80124,9.0296,432,122640,0.273428,0.16,1,125839,125407,432
20778821,3.36025,3.40592,432,122640,0.254686,0.16,1,125841,125409,432
20780661,16.672,0.681184,452,122640,0.170937,0.28,1,125861,125409,452
20783581,8.93441,16.9362,438,122640,0.234187,0.18,1,125868,125430,438
20786501,14.5869,8.18725,448,122640,0.262837,0.32,1,125884,125436,448
20789421,14.1174,12.8374,448,122640,0.236567,0.32,1,125898,125450,448
20792341,4.42348,12.1675,438,122640,0.207313,0.28,1,125900,125462,438
20795261,5.6847,4.0335,442,122640,0.137463,0.29,1,125906,125464,442
20798181,2.73694,7.2067,436,122640,0.0914925,0.3,1,125908,125472,436
20801101,5.34739,3.04134,440,122640,0.242299,0.25,1,125914,125474,440
20804021,2.66948,7.00827,434,122640,0.26446,0.25,1,125916,125482,434
20806941,2.9339,3.00165,435,122640,0.284892,0.25,1,125919,125484,435
20809781,7.78678,2.20033,442,122640,0.216978,0.23,1,125928,125486,442
20812701,3.15736,6.84007,436,122640,0.211396,0.3,1,125930,125494,436
20815621,2.23147,5.36801,433,122640,0.186279,0.23,1,125932,125499,433
20818541,7.64629,9.0736,432,122640,0.197256,0.23,1,125941,125509,432
20821461,3.12926,3.41472,432,122640,0.191451,0.18,1,125943,125511,432
20824381,14.2259,11.0829,436,122640,0.18229,0.13,1,125960,125524,436
20827301,11.6452,19.8166,425,122640,0.300458,0.22,1,125971,125546,425
20830221,22.329,16.7633,434,122640,0.220092,0.26,1,125996,125562,434
20833141,7.66581,12.1527,427,122640,0.196018,0.27,1,126000,125573,427
20836061,15.9332,12.8305,432,122640,0.191204,0.24,1,126018,125586,432
20838981,15.9866,16.9661,430,122640,0.230241,0.33,1,126034,125604,430
20841901,16.7973,12.9932,435,122640,0.150048,0.25,1,126051,125616,435
20844821,4.95947,7.39864,431,122640,0.26201,0.32,1,126053,125622,431
20847741,31.3919,31.8797,431,122640,0.204402,0.24,1,126091,125660,431
20850661,20.6784,19.1759,433,122640,0.24888,0.2,1,126109,125676,433
20853581,8.93568,5.43519,437,122640,0.177776,0.15,1,126115,125678,437
20856501,3.38714,3.48704,436,122640,0.179555,0.15,1,126117,125681,436
20858661,5.47743,0.697408,442,122640,0.243911,0.31,1,126123,125681,442
20861581,15.4955,5.73948,453,122640,0.208782,0.29,1,126141,125688,453
20864501,6.2991,13.1479,442,122640,0.241756,0.33,1,126145,125703,442
20867421,2.85982,9.02958,436,122640,0.224351,0.33,1,126147,125711,436
20870341,6.97196,5.00592,440,122640,0.24487,0.25,1,126155,125715,440
20873261,16.5944,5.80118,453,122640,0.208974,0.24,1,126174,125721,453
20876181,16.9189,23.5602,442,122640,0.233795,0.09,1,126191,125749,442
20879101,24.9838,12.712,459,122640,0.150759,0.17,1,126218,125759,459
20882021,9.79676,23.3424,439,122640,0.206152,0.14,1,126224,125785,439
20884941,10.7594,7.86848,446,122640,0.27323,0.23,1,126235,125789,446
20887861,12.5519,12.7737,445,122640,0.278646,0.27,1,126248,125803,445
20890781,4.11037,12.1547,435,122640,0.247729,0.23,1,126250,125815,435
20893701,12.8221,4.03095,448,122640,0.257546,0.2,1,126265,125817,448
20896621,7.36441,12.0062,440,122640,0.195509,0.29,1,126271,125831,440
20899541,3.07288,8.80124,434,122640,0.183102,0.25,1,126273,125839,434
20902341,20.6146,3.36025,457,122640,0.22862,0.25,1,126298,125841,457
20905261,8.92292,22.272,436,122640,0.237724,0.27,1,126304,125868,436
20908181,9.78458,17.2544,430,122640,0.303545,0.23,1,126314,125884,430
20911101,9.95692,14.6509,426,122640,0.324709,0.2,1,126324,125898,426
20914021,11.5914,4.53018,436,122640,0.296942,0.12,1,126336,125900,436
20916941,7.11828,5.70604,436,122640,0.299388,0.08,1,126342,125906,436
20919861,3.02366,2.74121,436,122640,0.267878,0.28,1,126344,125908,436
20922781,2.20473,5.34824,432,122640,0.229576,0.27,1,126346,125914,432
20925701,2.04095,2.66965,432,122640,0.317915,0.29,1,126348,125916,432
20928621,2.00819,2.93393,431,122640,0.335583,0.29,1,126350,125919,431
20930421,6.80164,0.586786,439,122640,0.347117,0.2,1,126358,125919,439
20933341,2.96033,7.31736,432,122640,0.341423,0.21,1,126360,125928,432
20936261,2.19207,3.06347,432,122640,0.340285,0.18,1,126362,125930,432
20938741,9.23841,2.21269,441,122640,0.252057,0.2,1,126373,125932,441
20941661,3.44768,7.64254,434,122640,0.194411,0.19,1,126375,125941,434
20944581,18.2895,3.12851,454,122640,0.238882,0.18,1,126397,125943,454
20947501,6.85791,14.2257,441,122640,0.295776,0.33,1,126401,125960,441
20950421,21.3716,11.6451,455,122640,0.211155,0.2,1,126426,125971,455
20953341,6.67432,22.329,433,122640,0.154231,0.19,1,126429,125996,433
20956261,21.3349,7.66581,454,122640,0.134846,0.19,1,126454,126000,454
20959181,10.667,15.9332,444,122640,0.242969,0.24,1,126462,126018,444
20962101,22.1334,15.9866,453,122640,0.168594,0.13,1,126487,126034,453
20965021,6.02668,16.7973,438,122640,0.121719,0.29,1,126489,126051,438
20967941,28.4053,4.95947,470,122640,0.168344,0.19,1,126523,126053,470
20970861,23.2811,31.3919,454,122640,0.185669,0.26,1,126545,126091,454
20973781,6.25621,20.6784,438,122640,0.157134,0.16,1,126547,126109,438
20976701,2.85124,8.93568,434,122640,0.119427,0.18,1,126549,126115,434
20979301,7.77025,3.38714,441,122640,0.231885,0.26,1,126558,126117,441
20982221,16.754,5.47743,454,122640,0.246377,0.2,1,126577,126123,454
20985141,4.95081,15.4955,438,122640,0.257275,0.25,1,126579,126141,438
20988061,2.59016,6.2991,436,122640,0.267455,0.22,1,126581,126145,436
20990741,6.91803,2.85982,442,122640,0.205491,0.25,1,126589,126147,442
20993661,12.5836,6.97196,448,122640,0.193098,0.2,1,126603,126155,448
20996581,16.1167,16.5944,446,122640,0.20662,0.24,1,126620,126174,446
20999501,23.2233,16.9189,454,122640,0.209324,0.13,1,126645,126191,454
21002421,15.8447,24.9838,441,122640,0.249865,0.22,1,126659,126218,441
21005341,11.9689,9.79676,446,122640,0.217973,0.29,1,126670,126224,446
21008261,8.79379,10.7594,443,122640,0.259595,0.28,1,126678,126235,443
21011181,8.15876,12.5519,438,122640,0.235919,0.24,1,126686,126248,438
21014101,8.03175,4.11037,444,122640,0.183184,0.26,1,126694,126250,444
21017021,8.00635,12.8221,437,122640,0.276637,0.18,1,126702,126265,437
21019941,3.20127,7.36441,433,122640,0.295327,0.18,1,126704,126271,433
21021521,1.44025,3.07288,432,122640,0.315065,0.24,1,126705,126273,432
21024441,22.6881,20.6146,435,122640,0.271013,0.24,1,126733,126298,435
21027361,12.5376,8.92292,439,122640,0.166203,0.32,1,126743,126304,439
21030281,10.5075,9.78458,439,122640,0.289241,0.33,1,126753,126314,439
21033201,8.5015,9.95692,437,122640,0.241848,0.29,1,126761,126324,437
21036121,9.7003,11.5914,435,122640,0.24037,0.3,1,126771,126336,435
21039041,8.34006,7.11828,437,122640,0.216074,0.26,1,126779,126342,437
21041961,3.26801,3.02366,437,122640,0.179215,0.22,1,126781,126344,437
21044881,3.8536,2.20473,439,122640,0.147843,0.34,1,126785,126346,439
21047521,2.37072,2.04095,439,122640,0.261569,0.32,1,126787,126348,439
21050441,2.07414,2.80819,438,122640,0.284314,0.35,1,126789,126351,438
21053361,2.01483,6.16164,433,122640,0.296863,0.34,1,126791,126358,433
21056281,2.00297,2.83233,433,122640,0.299373,0.34,1,126793,126360,433
21059201,14.0006,2.16647,448,122640,0.227875,0.23,1,126810,126362,448
21062121,4.40012,9.23329,439,122640,0.237575,0.18,1,126812,126373,439
21065041,16.88,3.44666,457,122640,0.247515,0.25,1,126832,126375,457
21067961,8.976,18.2893,442,122640,0.193503,0.31,1,126839,126397,442
21070881,14.5952,6.85787,454,122640,0.222701,0.19,1,126855,126401,454
21073801,11.719,21.3716,440,122640,0.0925401,0.14,1,126866,126426,440
21076721,19.9438,6.67431,459,122640,0.162508,0.13,1,126888,126429,459
21079641,10.3888,21.3349,442,122640,0.0485016,0.27,1,126896,126454,442
21082561,20.4778,10.667,457,122640,0.1937,0.15,1,126919,126462,457
21085481,5.69555,22.1334,434,122640,0.19074,0.11,1,126921,126487,434
21088401,29.9391,6.02668,468,122640,0.222148,0.18,1,126957,126489,468
21091321,21.9878,28.4053,454,122640,0.18843,0.19,1,126977,126523,454
21094241,5.99756,23.2811,434,122640,0.189686,0.15,1,126979,126545,434
21097161,5.99951,6.25621,438,122640,0.149937,0.11,1,126985,126547,438
21099941,5.9999,2.85124,442,122640,0.285987,0.26,1,126991,126549,442
21102861,14,7.77025,449,122640,0.257197,0.25,1,127007,126558,449
21105781,4.4,16.754,432,122640,0.227439,0.26,1,127009,126577,432
21108701,8.08,4.95081,439,122640,0.261488,0.27,1,127018,126579,439
21111381,3.216,2.59016,439,122640,0.276298,0.19,1,127020,126581,439
21114301,15.8432,6.91803,450,122640,0.23126,0.19,1,127039,126589,450
21117221,7.16864,12.5836,441,122640,0.278252,0.21,1,127044,126603,441
21120141,30.2337,16.1167,460,122640,0.31965,0.21,1,127080,126620,460
21123061,14.0467,23.2233,445,122640,0.27993,0.26,1,127090,126645,445
21125981,14.8093,15.8447,446,122640,0.271986,0.21,1,127105,126659,446
21128901,7.76187,11.9689,441,122640,0.174397,0.27,1,127111,126670,441
21131821,9.55237,8.79379,443,122640,0.274879,0.23,1,127121,126678,443
21134741,9.91047,8.15876,445,122640,0.158976,0.17,1,127131,126686,445
21137661,4.38209,8.03175,440,122640,0.247795,0.3,1,127134,126694,440
21140581,3.27642,8.00635,435,122640,0.249559,0.3,1,127137,126702,435
21143501,2.25528,3.20127,435,122640,0.257912,0.26,1,127139,126704,435
21146421,18.8511,23.8403,429,122640,0.251582,0.14,1,127162,126733,429
21149341,18.9702,12.7681,438,122640,0.194316,0.32,1,127181,126743,438
21152261,8.59404,10.5536,434,122640,0.134863,0.23,1,127187,126753,434
21155181,8.11881,8.51072,434,122640,0.250973,0.24,1,127195,126761,434
21158101,7.22376,9.70214,431,122640,0.266195,0.21,1,127202,126771,431
21161021,11.8448,8.34043,436,122640,0.261239,0.17,1,127215,126779,436
21163941,3.96895,3.26809,436,122640,0.228248,0.14,1,127217,126781,436
21166861,2.39379,3.85362,434,122640,0.18965,0.14,1,127219,126785,434
21168581,1.27876,0.770723,435,122640,0.16593,0.29,1,127220,126785,435
21171501,1.85575,3.35414,433,122640,0.129186,0.29,1,127222,126789,433
21174421,3.57115,0.670829,437,122640,0.265837,0.3,1,127226,126789,437
21177341,2.31423,1.73417,437,122640,0.293167,0.3,1,127228,126791,437
21180021,12.4628,1.94683,450,122640,0.266633,0.21,1,127243,126793,450
21182941,4.09257,13.9894,435,122640,0.221327,0.24,1,127245,126810,435
21185861,18.4185,4.39787,455,122640,0.156265,0.25,1,127267,126812,455
21188781,8.4837,16.8796,441,122640,0.175253,0.18,1,127273,126832,441
21191701,4.89674,8.97591,438,122640,0.203051,0.23,1,127277,126839,438
21194621,16.1793,14.5952,441,122640,0.11261,0.06,1,127296,126855,441
21197541,25.6359,11.719,458,122640,0.110522,0.18,1,127324,126866,458
21200461,6.72717,19.9438,438,122640,0.142104,0.02,1,127326,126888,438
21203381,17.3454,10.3888,450,122640,0.140421,0.23,1,127346,126896,450
21206301,5.06909,20.4778,429,122640,0.140084,0.19,1,127348,126919,429
21209221,33.8138,5.69555,468,122640,0.140017,0.23,1,127389,126921,468
21212141,18.7628,29.9391,447,122640,0.212003,0.18,1,127404,126957,447
21215061,6.15255,21.9878,430,122640,0.186401,0.19,1,127407,126977,430
21217981,10.8305,5.99756,440,122640,0.22128,0.14,1,127419,126979,440
21220901,6.1661,5.99951,439,122640,0.220256,0.32,1,127424,126985,439
21223821,14.8332,5.9999,450,122640,0.244051,0.25,1,127441,126991,450
21226741,4.56664,14,436,122640,0.21681,0.22,1,127443,127007,436
21229661,9.71333,4.4,445,122640,0.259362,0.27,1,127454,127009,445
21232581,3.54267,8.08,438,122640,0.243872,0.22,1,127456,127018,438
21235501,15.1085,18.416,435,122640,0.248774,0.29,1,127474,127039,435
21238421,4.62171,7.6832,432,122640,0.225755,0.33,1,127476,127044,432
21241341,32.1243,30.3366,435,122640,0.077151,0.27,1,127515,127080,435
21244261,15.2249,14.0673,436,122640,0.14343,0.27,1,127526,127090,436
21247181,15.045,14.8135,436,122640,0.204686,0.15,1,127541,127105,436
21250101,7.80899,7.76269,436,122640,0.192937,0.3,1,127547,127111,436
21253021,6.3618,9.55254,432,122640,0.118587,0.13,1,127553,127121,432
21255941,12.4724,9.91051,436,122640,0.159718,0.27,1,127567,127131,436
21258861,4.09447,4.3821,435,122640,0.135944,0.25,1,127569,127134,435
21261781,2.41889,3.27642,434,122640,0.227189,0.26,1,127571,127137,434
21264701,2.08378,2.25528,434,122640,0.245438,0.26,1,127573,127139,434
21266341,20.4168,0.451057,459,122640,0.161088,0.25,1,127598,127139,459
21269261,17.6834,18.4902,453,122640,0.184218,0.18,1,127615,127162,453
21272181,8.33667,18.898,440,122640,0.188844,0.12,1,127621,127181,440
21275101,6.46733,8.57961,440,122640,0.157769,0.28,1,127627,127187,440
21278021,8.49347,8.11592,441,122640,0.239554,0.27,1,127636,127195,441
21280941,12.0987,7.22318,447,122640,0.159911,0.26,1,127649,127202,447
21283861,4.01974,11.8446,436,122640,0.111982,0.22,1,127651,127215,436
21286781,2.40395,3.96893,436,122640,0.0703964,0.18,1,127653,127217,436
21288801,1.28079,2.39379,435,122640,0.0460793,0.12,1,127654,127219,435
21291721,1.85616,2.87876,434,122640,0.225216,0.12,1,127656,127222,434
21294641,1.97123,0.575751,436,122640,0.237043,0.3,1,127658,127222,436
21297561,1.99425,3.31515,434,122640,0.271409,0.3,1,127660,127226,434
21299201,1.19885,2.26303,433,122640,0.254282,0.26,1,127661,127228,433
21302121,5.03977,12.4526,424,122640,0.346856,0.21,1,127667,127243,424
21305041,2.60795,4.09052,424,122640,0.373371,0.14,1,127669,127245,424
21307961,25.3216,18.4181,433,122640,0.362674,0.18,1,127700,127267,433
21310881,8.26432,8.48362,431,122640,0.288535,0.21,1,127704,127273,431
21313761,3.25286,4.89672,429,122640,0.241707,0.09,1,127706,127277,429
21316681,17.4506,16.1793,431,122640,0.240341,0.11,1,127727,127296,431
21319601,24.2901,25.6359,429,122640,0.200068,0.15,1,127753,127324,429
21322521,8.05802,6.72717,431,122640,0.136014,0.14,1,127757,127326,431
21325441,20.8116,17.3454,435,122640,0.171203,0.14,1,127781,127346,435
21328361,5.76232,5.06909,435,122640,0.234241,0.14,1,127783,127348,435
21331281,29.1525,33.8138,429,122640,0.110848,0.23,1,127818,127389,429
21334201,13.0305,18.7628,423,122640,0.18217,0.18,1,127827,127404,423
21337121,13.0061,6.15255,433,122640,0.204434,0.23,1,127840,127407,433
21340041,9.00122,10.8305,429,122640,0.264887,0.22,1,127848,127419,429
21342961,6.60024,6.1661,430,122640,0.220977,0.25,1,127854,127424,430
21345881,18.92,14.8332,435,122640,0.172195,0.21,1,127876,127441,435
21348801,5.38401,4.56664,435,122640,0.162439,0.27,1,127878,127443,435
21351721,7.4768,9.71333,432,122640,0.248488,0.24,1,127886,127454,432
21354641,3.09536,3.54267,432,122640,0.337698,0.25,1,127888,127456,432
21357561,11.0191,15.1085,427,122640,0.38754,0.22,1,127901,127474,427
21360481,9.40381,4.62171,434,122640,0.269508,0.04,1,127910,127476,434
21363401,29.0808,32.1243,429,122640,0.277902,0.16,1,127944,127515,429
21366321,19.4162,15.2249,435,122640,0.25558,0.22,1,127961,127526,435
21369241,9.48323,15.045,427,122640,0.147116,0.19,1,127968,127541,427
21372161,13.0966,7.80899,435,122640,0.277423,0.1,1,127982,127547,435
21375081,5.81933,6.3618,433,122640,0.327485,0.17,1,127986,127553,433
21378001,15.5639,12.4724,437,122640,0.329497,0.13,1,128004,127567,437
21380921,4.71277,4.09447,437,122640,0.297899,0.25,1,128006,127569,437
21383441,2.54255,2.41889,437,122640,0.29158,0.32,1,128008,127571,437
21386361,2.10851,5.28378,433,122640,0.258316,0.14,1,128010,127577,433
21389281,27.6217,17.8568,446,122640,0.227663,0.19,1,128044,127598,446
21392201,10.3243,17.1714,435,122640,0.261533,0.19,1,128050,127615,435
21395121,10.8649,8.23427,440,122640,0.292307,0.15,1,128061,127621,440
21398041,5.37297,6.44685,438,122640,0.266461,0.26,1,128065,127627,438
21400961,14.6746,8.48937,446,122640,0.197292,0.14,1,128082,127636,446
21403881,4.53492,12.0979,435,122640,0.191458,0.1,1,128084,127649,435
21406801,5.70698,4.01957,439,122640,0.158292,0.06,1,128090,127651,439
21408401,1.9414,2.40391,438,122640,0.135658,0.29,1,128091,127653,438
21411321,1.98828,2.08078,438,122640,0.163132,0.27,1,128093,127655,438
21414241,1.99766,1.21616,439,122640,0.176626,0.24,1,128095,127656,439
21417161,1.99953,1.84323,439,122640,0.275325,0.28,1,128097,127658,439
21419841,1.99991,1.96865,439,122640,0.271065,0.4,1,128099,127660,439
21422761,3.59998,5.19373,437,122640,0.246213,0.37,1,128103,127666,437
21425681,3.92,1.83875,440,122640,0.233243,0.38,1,128107,127667,440
21428601,19.984,1.96775,462,122640,0.278649,0.36,1,128131,127669,462
21431521,13.5968,25.1936,443,122640,0.30373,0.27,1,128143,127700,443
21434441,4.31936,8.23871,441,122640,0.276746,0.23,1,128145,127704,441
21436901,10.4639,3.24774,451,122640,0.287349,0.24,1,128157,127706,451
21439821,22.8928,17.4495,456,122640,0.12147,0.19,1,128183,127727,456
21442741,10.9786,24.2899,438,122640,0.144294,0.12,1,128191,127753,438
21445661,22.9957,8.05798,460,122640,0.180859,0.18,1,128217,127757,460
21448581,6.19914,20.8116,438,122640,0.156172,0.25,1,128219,127781,438
21451501,25.2398,5.76232,466,122640,0.263234,0.08,1,128249,127783,466
21454421,13.848,29.1525,442,122640,0.284647,0.2,1,128260,127818,442
21457341,13.9696,13.0305,447,122640,0.304929,0.21,1,128274,127827,447
21460261,11.5939,13.0061,445,122640,0.212986,0.28,1,128285,127840,445
21463181,5.51878,9.00122,441,122640,0.250597,0.21,1,128289,127848,441
21466101,18.7038,6.60024,457,122640,0.226119,0.16,1,128311,127854,457
21469021,7.74075,18.92,440,122640,0.173224,0.16,1,128316,127876,440
21471941,7.14815,5.38401,445,122640,0.290645,0.27,1,128323,127878,445
21473921,3.02963,7.4768,439,122640,0.290129,0.36,1,128325,127886,439
21476841,2.20593,3.09536,439,122640,0.290026,0.4,1,128327,127888,439
21479761,5.24119,11.0191,432,122640,0.194005,0.24,1,128333,127901,432
21482681,9.84824,9.40381,434,122640,0.334801,0.28,1,128344,127910,434
21485601,27.5696,29.0808,432,122640,0.34696,0.25,1,128376,127944,432
21488521,18.3139,19.4162,431,122640,0.285392,0.12,1,128392,127961,431
21491441,14.0628,9.48323,437,122640,0.297078,0.31,1,128405,127968,437
21494361,10.8126,13.0966,433,122640,0.307416,0.34,1,128415,127982,433
21497281,3.76251,5.81933,431,122640,0.309483,0.33,1,128417,127986,431
21500201,16.7525,15.5639,433,122640,0.277897,0.29,1,128437,128004,433
21503121,9.7505,4.71277,439,122640,0.311579,0.29,1,128445,128006,439
21505121,2.7501,2.54255,438,122640,0.334316,0.34,1,128446,128008,438
21508041,5.35002,7.70851,435,122640,0.306863,0.22,1,128452,128017,435
21510961,22.67,23.1417,435,122640,0.285373,0.27,1,128479,128044,435
21513881,10.934,9.42834,437,122640,0.225075,0.3,1,128487,128050,437
21516801,8.5868,10.6857,434,122640,0.301015,0.26,1,128495,128061,434
21519721,6.51736,5.33713,436,122640,0.292203,0.18,1,128501,128065,436
21522641,10.1035,14.6674,430,122640,0.282441,0.19,1,128512,128082,430
21525561,3.62069,4.53349,430,122640,0.256488,0.15,1,128514,128084,430
21528481,8.72414,5.7067,434,122640,0.251298,0.15,1,128524,128090,434
21530501,5.74483,1.14134,439,122640,0.30626,0.3,1,128529,128090,439
21533421,2.74897,5.82827,434,122640,0.285252,0.3,1,128531,128097,434
21536341,2.14979,1.16565,436,122640,0.24905,0.3,1,128533,128097,436
21539261,2.02996,0.233131,438,122640,0.30581,0.27,1,128535,128097,438
21542181,2.00599,1.64663,438,122640,0.285162,0.24,1,128537,128099,438
21544641,3.6012,3.52933,438,122640,0.249032,0.36,1,128541,128103,438
21547561,3.92024,4.70587,437,122640,0.361806,0.29,1,128545,128108,437
21550481,19.984,19.3412,438,122640,0.232361,0.31,1,128569,128131,438
21553401,11.9968,13.4682,436,122640,0.262472,0.27,1,128579,128143,436
21556321,3.99936,4.29365,436,122640,0.332494,0.29,1,128581,128145,436
21559241,8.79987,10.4587,434,122640,0.258499,0.08,1,128591,128157,434
21562161,20.96,22.8917,432,122640,0.2197,0.15,1,128615,128183,432
21565081,12.192,10.9783,434,122640,0.23594,0.19,1,128625,128191,434
21568001,23.2384,22.9957,434,122640,0.239188,0.15,1,128651,128217,434
21570921,6.24768,6.19913,434,122640,0.295838,0.29,1,128653,128219,434
21573841,26.0495,25.2398,435,122640,0.227168,0.29,1,128684,128249,435
21576761,11.6099,13.848,432,122640,0.301434,0.31,1,128692,128260,432
21579681,11.122,13.9696,429,122640,0.316287,0.19,1,128703,128274,429
21582601,15.0244,11.5939,434,122640,0.327257,0.26,1,128719,128285,434
21585521,10.2049,5.51878,439,122640,0.313451,0.22,1,128728,128289,439
21588441,18.841,18.7038,438,122640,0.34269,0.16,1,128749,128311,438
21591361,5.3682,7.74075,435,122640,0.324538,0.32,1,128751,128316,435
21594281,4.27364,7.14815,432,122640,0.272908,0.29,1,128755,128323,432
21597201,6.45473,3.02963,437,122640,0.374582,0.29,1,128762,128325,437
21600121,8.49095,2.20593,444,122640,0.338916,0.17,1,128771,128327,444
21603041,8.09819,5.24119,446,122640,0.347783,0.37,1,128779,128333,446
21605961,24.8196,9.84824,464,122640,0.301557,0.35,1,128808,128344,464
21608881,17.7639,27.5696,448,122640,0.308311,0.27,1,128824,128376,448
21611801,17.1528,18.3139,449,122640,0.301662,0.3,1,128841,128392,449
21614721,9.83056,14.0628,444,122640,0.292332,0.31,1,128849,128405,444
21617641,3.56611,10.8126,436,122640,0.258466,0.31,1,128851,128415,436
21619521,1.51322,3.76251,435,122640,0.259693,0.27,1,128852,128417,435
21622441,18.7026,16.7525,438,122640,0.211939,0.32,1,128875,128437,438
21625361,10.1405,9.7505,438,122640,0.274388,0.34,1,128883,128445,438
21628281,6.82811,2.7501,443,122640,0.318878,0.3,1,128889,128446,443
21631201,17.3656,5.35002,457,122640,0.319775,0.28,1,128909,128452,457
21634121,16.2731,22.67,446,122640,0.223955,0.21,1,128925,128479,446
21637041,8.05462,10.934,444,122640,0.276791,0.32,1,128931,128487,444
21639961,5.61092,8.5868,441,122640,0.271358,0.29,1,128936,128495,441
21642881,9.12218,6.51736,445,122640,0.262272,0.28,1,128946,128501,445
21645801,3.42444,10.1035,436,122640,0.260454,0.25,1,128948,128512,436
21648721,7.88489,3.62069,443,122640,0.340091,0.25,1,128957,128514,443
21651641,5.57698,8.72414,438,122640,0.308018,0.32,1,128962,128524,438
21654561,2.7154,5.74483,435,122640,0.277604,0.28,1,128964,128529,435
21657381,7.74308,2.74897,442,122640,0.247521,0.24,1,128973,128531,442
21660301,3.14862,2.14979,442,122640,0.369504,0.32,1,128975,128533,442
21663221,2.22972,2.02996,442,122640,0.345901,0.28,1,128977,128535,442
21665701,3.64594,2.00599,444,122640,0.30918,0.24,1,128981,128537,444
21668621,2.32919,3.6012,442,122640,0.269836,0.39,1,128983,128541,442
21671541,18.0658,3.92024,460,122640,0.269967,0.2,1,129005,128545,460
21674461,9.21317,19.984,443,122640,0.197993,0.27,1,129012,128569,443
21677381,3.44263,11.9968,435,122640,0.183599,0.35,1,129014,128579,435
21680301,6.28853,3.99936,440,122640,0.22872,0.24,1,129021,128581,440
21683221,23.6577,8.79987,458,122640,0.205744,0.21,1,129049,128591,458
21686141,12.7315,20.96,444,122640,0.281149,0.24,1,129059,128615,444
21689061,26.5463,12.192,464,122640,0.26423,0.24,1,129089,128625,464
21691981,6.90926,23.2384,440,122640,0.316846,0.31,1,129091,128651,440
21694901,27.7819,6.24768,471,122640,0.175369,0.21,1,129124,128653,471
21697821,8.75637,26.0495,444,122640,0.235074,0.32,1,129128,128684,444
21700741,9.75127,11.6099,446,122640,0.311015,0.32,1,129138,128692,446
21703661,15.5503,11.122,452,122640,0.254203,0.33,1,129155,128703,452
21706581,11.1101,15.0244,446,122640,0.186841,0.31,1,129165,128719,446
21709501,14.222,10.2049,452,122640,0.261368,0.35,1,129180,128728,452
21712421,11.6444,18.841,442,122640,0.300274,0.32,1,129191,128749,442
21715341,3.92888,5.3682,442,122640,0.276055,0.26,1,129193,128751,442
21717701,5.58578,4.27364,444,122640,0.207211,0.4,1,129199,128755,444
21720621,9.91716,6.45473,448,122640,0.321442,0.33,1,129210,128762,448
21723541,6.78343,8.49095,445,122640,0.280288,0.35,1,129216,128771,445
21726461,26.9567,8.09819,469,122640,0.224058,0.29,1,129248,128779,469
21729381,18.1913,24.8196,456,122640,0.172812,0.31,1,129264,128808,456
21732301,11.6383,17.7639,450,122640,0.314562,0.3,1,129274,128824,450
21735221,12.7277,17.1528,446,122640,0.246912,0.29,1,129287,128841,446
21738141,4.14553,9.83056,440,122640,0.233382,0.25,1,129289,128849,440
21741061,3.22911,3.56611,441,122640,0.246677,0.2,1,129292,128851,441
21743981,16.6458,19.9132,437,122640,0.233335,0.29,1,129312,128875,437
21746901,10.5292,10.3826,438,122640,0.278667,0.33,1,129321,128883,438
21749821,3.70583,6.87653,434,122640,0.327733,0.32,1,129323,128889,434
21752741,17.5412,17.3753,435,122640,0.289547,0.2,1,129344,128909,435
21755661,15.5082,16.2751,434,122640,0.185909,0.29,1,129359,128925,434
21758581,11.1016,8.05501,438,122640,0.221182,0.27,1,129369,128931,438
21761501,3.82033,5.611,435,122640,0.236236,0.26,1,129371,128936,435
21764421,11.9641,9.1222,439,122640,0.271247,0.26,1,129385,128946,439
21767341,3.99281,3.42444,439,122640,0.278249,0.36,1,129387,128948,439
21770261,4.79856,7.88489,435,122640,0.22365,0.3,1,129392,128957,435
21773181,2.55971,5.57698,432,122640,0.18073,0.27,1,129394,128962,432
21776101,7.71194,2.7154,439,122640,0.268146,0.27,1,129403,128964,439
21778021,3.94239,0.543079,442,122640,0.277629,0.24,1,129406,128964,442
21780941,2.38848,7.30862,435,122640,0.263526,0.4,1,129408,128973,435
21783861,2.0777,3.06172,435,122640,0.228705,0.34,1,129410,128975,435
21786341,8.41554,2.21234,443,122640,0.261741,0.28,1,129420,128977,443
21789261,3.28311,6.04247,438,122640,0.276348,0.28,1,129422,128984,438
21792181,11.0566,1.20849,451,122640,0.28727,0.27,1,129435,128984,451
21795101,11.0113,17.0417,441,122640,0.305454,0.18,1,129446,129005,441
21798021,7.00226,9.00834,440,122640,0.205091,0.18,1,129452,129012,440
21800941,3.80045,3.40167,441,122640,0.137018,0.24,1,129455,129014,441
21803861,24.7601,6.28033,464,122640,0.171404,0.2,1,129485,129021,464
21806781,12.952,23.6561,446,122640,0.122281,0.3,1,129495,129049,446
21809701,22.5904,12.7312,461,122640,0.120456,0.26,1,129520,129059,461
21812621,6.91808,26.5462,434,122640,0.200091,0.33,1,129523,129089,434
21815541,27.7836,6.90925,465,122640,0.120018,0.14,1,129556,129091,465
21818461,11.9567,27.7818,440,122640,0.0880036,0.25,1,129564,129124,440
21821381,10.3913,8.75637,446,122640,0.129601,0.33,1,129574,129128,446
21824301,10.0783,9.75127,446,122640,0.15392,0.24,1,129584,129138,446
21827221,10.8157,15.5503,440,122640,0.190784,0.17,1,129595,129155,440
21830141,15.7631,11.1101,447,122640,0.206157,0.28,1,129612,129165,447
21833061,9.55263,14.222,440,122640,0.209231,0.31,1,129620,129180,440
21835981,3.51053,11.6444,431,122640,0.241846,0.27,1,129622,129191,431
21838901,10.3021,3.92888,441,122640,0.256369,0.35,1,129634,129193,441
21841821,10.8604,14.3858,435,122640,0.187274,0.27,1,129645,129210,435
21844741,5.37208,7.67716,433,122640,0.173455,0.21,1,129649,129216,433
21847661,24.2744,27.1354,430,122640,0.178691,0.16,1,129678,129248,430
21850581,24.0549,18.2271,438,122640,0.107738,0.35,1,129702,129264,438
21853501,9.61098,11.6454,434,122640,0.173548,0.23,1,129708,129274,434
21856421,15.5222,12.7291,438,122640,0.16271,0.23,1,129725,129287,438
21859341,4.70444,4.14582,438,122640,0.232542,0.25,1,129727,129289,438
21862261,2.54089,3.22916,437,122640,0.222508,0.25,1,129729,129292,437
21864341,15.7082,0.645833,456,122640,0.212502,0.23,1,129748,129292,456
21867261,7.14164,16.1292,441,122640,0.2425,0.29,1,129753,129312,441
21870181,6.22833,10.4258,438,122640,0.2405,0.34,1,129759,129321,438
21873101,14.0457,3.68517,452,122640,0.1601,0.28,1,129775,129323,452
21876021,15.6091,17.537,447,122640,0.14402,0.16,1,129791,129344,447
21878941,12.7218,15.5074,444,122640,0.116804,0.23,1,129803,129359,444
21881861,4.14437,11.1015,436,122640,0.191361,0.24,1,129805,129369,436
21884781,8.02887,3.8203,443,122640,0.190272,0.28,1,129814,129371,443
21887701,8.00577,11.9641,437,122640,0.174054,0.28,1,129822,129385,437
21890621,4.80115,3.99281,439,122640,0.218811,0.21,1,129826,129387,439
21893541,2.56023,4.79856,436,122640,0.219762,0.17,1,129828,129392,436
21896461,3.71205,2.55971,438,122640,0.163952,0.29,1,129832,129394,438
21899381,2.34241,7.71194,431,122640,0.15279,0.26,1,129834,129403,431
21902301,2.06848,5.54239,428,122640,0.238558,0.22,1,129836,129408,428
21905221,7.6137,2.70848,435,122640,0.263712,0.27,1,129845,129410,435
21908141,9.52274,8.5417,435,122640,0.140742,0.28,1,129855,129420,435
21911061,3.50455,3.30834,435,122640,0.236148,0.29,1,129857,129422,435
21913981,11.9009,11.0617,436,122640,0.22323,0.31,1,129871,129435,436
21916901,7.18018,11.0123,431,122640,0.268646,0.18,1,129877,129446,431
21919821,7.03604,7.00247,432,122640,0.261729,0.12,1,129884,129452,432
21922741,7.80721,3.80049,437,122640,0.196346,0.18,1,129892,129455,437
21925661,18.3614,24.7601,428,122640,0.151269,0.11,1,129913,129485,428
21928581,14.0723,12.952,431,122640,0.150254,0.12,1,129926,129495,431
21931501,23.6145,22.5904,432,122640,0.206051,0.22,1,129952,129520,432
21934421,6.32289,6.91808,431,122640,0.18521,0.1,1,129954,129523,431
21937341,24.4646,27.7836,427,122640,0.253042,0.08,1,129983,129556,427
21940261,12.0929,11.9567,428,122640,0.282608,0.14,1,129992,129564,428
21943181,12.0186,10.3913,430,122640,0.328522,0.16,1,130004,129574,430
21946101,11.2037,10.0783,431,122640,0.289704,0.2,1,130015,129584,431
21949021,8.64074,10.8157,428,122640,0.241941,0.21,1,130023,129595,428
21951941,20.1281,15.7631,434,122640,0.152388,0.21,1,130046,129612,434
21954861,7.22563,9.55263,430,122640,0.246478,0.25,1,130050,129620,430
21957521,6.24513,3.51053,434,122640,0.241296,0.26,1,130056,129622,434
21960441,7.64903,10.3021,430,122640,0.248259,0.17,1,130064,129634,430
21963361,11.1298,10.8604,431,122640,0.257652,0.17,1,130076,129645,431
21966281,6.22596,5.37208,432,122640,0.30753,0.18,1,130081,129649,432
21969201,22.8452,24.2744,430,122640,0.261506,0.09,1,130108,129678,430
21972121,22.969,24.0549,429,122640,0.260301,0.19,1,130131,129702,429
21975041,12.5938,9.61098,433,122640,0.14006,0.16,1,130141,129708,433
21977961,12.9188,15.5222,429,122640,0.284012,0.25,1,130154,129725,429
21980881,9.78375,4.70444,436,122640,0.272802,0.22,1,130163,129727,436
21983801,3.55675,2.54089,436,122640,0.27056,0.22,1,130165,129729,436
21986021,12.7114,0.508178,451,122640,0.294112,0.25,1,130180,129729,451
21988941,7.34227,19.3016,433,122640,0.218822,0.24,1,130186,129753,433
21991861,4.66845,8.66033,431,122640,0.331764,0.14,1,130190,129759,431
21994781,15.3337,14.5321,433,122640,0.298353,0.14,1,130208,129775,433
21997701,11.0667,15.7064,427,122640,0.299671,0.11,1,130218,129791,427
22000621,15.0133,12.7413,431,122640,0.283934,0.21,1,130234,129803,431
22003541,4.60267,4.14826,431,122640,0.248787,0.19,1,130236,129805,431
22006461,8.12053,8.02965,431,122640,0.169757,0.17,1,130245,129814,431
22009381,7.22411,8.00593,430,122640,0.193951,0.23,1,130252,129822,430
22012301,8.64482,4.80119,435,122640,0.17479,0.22,1,130261,129826,435
22015221,3.32896,2.56024,435,122640,0.178958,0.22,1,130263,129828,435
22017221,1.46579,0.512047,436,122640,0.235792,0.15,1,130264,129828,436
22020141,1.89316,3.30241,434,122640,0.215158,0.15,1,130266,129832,434
22023061,3.57863,2.26048,436,122640,0.179032,0.26,1,130270,129834,436
22025541,2.31573,2.0521,436,122640,0.171806,0.27,1,130272,129836,436
22028461,14.0631,7.61042,444,122640,0.186361,0.11,1,130289,129845,444
22031381,4.41263,9.52208,436,122640,0.157272,0.26,1,130291,129855,436
22034301,11.2825,3.50442,447,122640,0.159454,0.22,1,130304,129857,447
22037221,6.25651,11.9009,438,122640,0.223891,0.28,1,130309,129871,438
22040141,3.6513,7.18018,435,122640,0.220778,0.26,1,130312,129877,435
22043061,7.93026,7.03604,437,122640,0.228156,0.18,1,130321,129884,437
22045981,18.3861,7.80721,450,122640,0.181631,0.14,1,130342,129892,450
22048901,11.6772,18.3614,439,122640,0.244326,0.15,1,130352,129913,439
22051821,29.5354,14.0723,460,122640,0.208865,0.22,1,130386,129926,460
22054741,8.30709,23.6145,437,122640,0.153773,0.18,1,130389,129952,437
22057661,24.8614,6.32289,464,122640,0.150755,0.27,1,130418,129954,464
22060581,6.57228,24.4646,437,122640,0.270151,0.29,1,130420,129983,437
22063501,14.9145,12.0929,445,122640,0.23803,0.34,1,130437,129992,445
22066421,9.38289,12.0186,441,122640,0.271606,0.28,1,130445,130004,441
22069341,13.0766,11.2037,444,122640,0.254321,0.23,1,130459,130015,444
22072261,18.6153,8.64074,456,122640,0.202864,0.13,1,130479,130023,456
22075181,6.92306,20.1281,437,122640,0.280573,0.27,1,130483,130046,437
22078101,5.38461,7.22563,438,122640,0.272115,0.24,1,130488,130050,438
22081021,9.87692,6.24513,443,122640,0.246423,0.25,1,130499,130056,443
22083941,11.5754,7.64903,447,122640,0.249285,0.26,1,130511,130064,447
22086861,3.91508,11.1298,437,122640,0.225857,0.32,1,130513,130076,437
22089781,25.583,6.22596,463,122640,0.237171,0.25,1,130544,130081,463
22092701,17.1166,22.8452,451,122640,0.231434,0.26,1,130559,130108,451
22095621,16.2233,22.969,444,122640,0.198287,0.11,1,130575,130131,444
22098541,12.8447,12.5938,446,122640,0.239657,0.32,1,130587,130141,446
22101461,8.96893,12.9188,441,122640,0.223931,0.27,1,130595,130154,441
22104381,4.19379,9.78375,435,122640,0.236786,0.27,1,130598,130163,435
22107301,16.8388,3.55675,453,122640,0.175357,0.2,1,130618,130165,453
22110221,4.96775,17.5114,434,122640,0.171071,0.36,1,130620,130186,434
22113141,2.59355,6.70227,432,122640,0.170214,0.29,1,130622,130190,432
22116061,18.9187,15.7405,437,122640,0.194043,0.3,1,130645,130208,437
22118981,8.58374,11.1481,433,122640,0.166809,0.28,1,130651,130218,433
22121901,10.5167,15.0296,428,122640,0.257362,0.24,1,130662,130234,428
22124821,5.30335,4.60592,430,122640,0.211472,0.15,1,130666,130236,430
22127741,12.2607,8.12118,435,122640,0.234294,0.2,1,130680,130245,435
22130661,4.05213,7.22424,430,122640,0.214859,0.17,1,130682,130252,430
22133581,7.21043,8.64485,429,122640,0.210972,0.18,1,130690,130261,429
22136501,3.04209,3.32897,429,122640,0.210194,0.25,1,130692,130263,429
22139421,3.80842,1.46579,432,122640,0.242039,0.25,1,130696,130264,432
22140981,5.56168,0.293159,438,122640,0.232408,0.19,1,130702,130264,438
22143901,2.71234,4.05863,435,122640,0.230482,0.17,1,130704,130269,435
22146821,3.74247,1.61173,438,122640,0.270096,0.19,1,130708,130270,438
22149741,9.54849,15.5223,430,122640,0.270019,0.15,1,130719,130289,430
22152661,3.5097,4.70447,430,122640,0.246004,0.16,1,130721,130291,430
22155581,13.5019,11.3409,433,122640,0.281201,0.24,1,130737,130304,433
22158501,7.50039,6.26818,434,122640,0.23224,0.22,1,130743,130309,434
22161421,3.10008,3.65364,433,122640,0.222448,0.22,1,130745,130312,433
22163861,7.02002,0.730727,441,122640,0.26849,0.23,1,130753,130312,441
22166781,19.804,7.34615,455,122640,0.253698,0.17,1,130776,130321,455
22169701,7.1608,18.2692,438,122640,0.19474,0.26,1,130780,130342,438
22172621,33.4322,11.6538,468,122640,0.214948,0.2,1,130820,130352,468
22175541,8.28643,29.5308,436,122640,0.21899,0.14,1,130822,130386,436
22178461,25.6573,8.30615,463,122640,0.187798,0.15,1,130852,130389,463
22181381,6.73146,24.8612,436,122640,0.15756,0.3,1,130854,130418,436
22184301,14.1463,6.57225,450,122640,0.191512,0.23,1,130870,130420,450
22187221,11.6293,14.9144,444,122640,0.0863024,0.28,1,130881,130437,444
22190141,11.1259,9.38289,447,122640,0.18526,0.25,1,130892,130445,447
22193061,19.0252,13.0766,454,122640,0.181052,0.19,1,130913,130459,454
22195981,7.00503,18.6153,438,122640,0.11621,0.3,1,130917,130479,438
22198901,3.00101,6.92306,436,122640,0.103242,0.27,1,130919,130483,436
22201821,11.8002,5.38461,445,122640,0.196648,0.24,1,130933,130488,445
22204741,13.56,9.87692,448,122640,0.17533,0.25,1,130947,130499,448
22207661,4.31201,11.5754,438,122640,0.139066,0.22,1,130949,130511,438
22210581,25.6624,3.91508,467,122640,0.227813,0.24,1,130980,130513,467
22213501,13.9325,25.583,447,122640,0.197563,0.23,1,130991,130544,447
22216421,15.5865,17.1166,448,122640,0.119513,0.19,1,131007,130559,448
22219341,12.7173,16.2233,444,122640,0.111903,0.25,1,131019,130575,444
22222261,9.74346,12.8447,441,122640,0.190381,0.22,1,131028,130587,441
22225181,3.54869,8.96893,435,122640,0.238076,0.24,1,131030,130595,435
22228101,14.3097,4.19379,449,122640,0.207615,0.16,1,131047,130598,449
22231021,4.46195,16.8388,431,122640,0.177523,0.17,1,131049,130618,431
22233941,8.09239,4.96775,438,122640,0.235505,0.17,1,131058,130620,438
22236661,18.4185,2.59355,457,122640,0.175101,0.2,1,131079,130622,457
22239581,8.4837,18.9187,440,122640,0.21102,0.16,1,131085,130645,440
22242501,10.4967,8.58374,445,122640,0.290204,0.28,1,131096,130651,445
22245421,3.69935,10.5167,436,122640,0.282041,0.2,1,131098,130662,436
22248341,11.9399,5.30335,446,122640,0.232408,0.24,1,131112,130666,446
22251261,4.78797,12.2607,435,122640,0.198482,0.21,1,131115,130680,435
22254181,4.95759,4.05213,438,122640,0.263696,0.21,1,131120,130682,438
22257101,4.19152,7.21043,434,122640,0.252739,0.21,1,131124,130690,434
22260021,5.6383,3.04209,438,122640,0.194548,0.25,1,131130,130692,438
22262661,4.32766,3.80842,438,122640,0.18291,0.23,1,131134,130696,438
22265581,4.06553,7.16168,434,122640,0.140582,0.28,1,131138,130704,434
22268501,5.61311,4.63234,436,122640,0.180116,0.27,1,131144,130708,436
22271421,5.92262,9.72647,431,122640,0.244023,0.24,1,131150,130719,431
22274341,4.38452,3.54529,433,122640,0.192805,0.29,1,131154,130721,433
22277261,12.8769,13.5091,432,122640,0.190561,0.22,1,131169,130737,432
22280181,10.5754,7.50181,436,122640,0.158112,0.22,1,131179,130743,436
22283041,5.31508,3.10036,438,122640,0.239622,0.28,1,131183,130745,438
22285961,7.46302,7.02007,438,122640,0.191924,0.25,1,131191,130753,438
22288881,17.4926,19.804,435,122640,0.150385,0.18,1,131211,130776,435
22291801,5.09852,7.1608,433,122640,0.110077,0.22,1,131213,130780,433
22294721,30.6197,33.4322,430,122640,0.142015,0.22,1,131250,130820,430
22297641,11.7239,8.28643,435,122640,0.172403,0.18,1,131257,130822,435
22300561,26.3448,25.6573,435,122640,0.186481,0.15,1,131287,130852,435
22303481,6.86896,6.73146,435,122640,0.157296,0.2,1,131289,130854,435
22306401,5.37379,14.1463,424,122640,0.0794592,0.06,1,131294,130870,424
22309321,15.4748,11.6293,431,122640,0.119892,0.21,1,131312,130881,431
22312241,12.695,11.1259,432,122640,0.119978,0.18,1,131324,130892,432
22315161,22.539,19.0252,436,122640,0.151996,0.1,1,131349,130913,436
22318081,6.1078,7.00503,434,122640,0.126399,0.1,1,131351,130917,434
22321001,2.82156,3.00101,434,122640,0.19328,0.22,1,131353,130919,434
22323921,10.1643,11.8002,432,122640,0.238656,0.17,1,131365,130933,432
22326841,14.0329,13.56,433,122640,0.215731,0.13,1,131380,130947,433
22329761,4.40657,4.31201,433,122640,0.179146,0.25,1,131382,130949,433
22332681,23.2813,25.6624,430,122640,0.131829,0.19,1,131410,130980,430
22335601,14.2563,13.9325,431,122640,0.154366,0.1,1,131422,130991,431
22338521,13.2513,15.5865,428,122640,0.214873,0.11,1,131435,131007,428
22341441,16.2503,12.7173,433,122640,0.154975,0.21,1,131452,131019,433
22344361,9.65005,9.74346,432,122640,0.182995,0.25,1,131460,131028,432
22346481,3.53001,3.54869,432,122640,0.180599,0.2,1,131462,131030,432
22349401,15.906,14.3097,434,122640,0.19612,0.17,1,131481,131047,434
22352321,4.7812,4.46195,434,122640,0.167224,0.25,1,131483,131049,434
22355241,8.95624,8.09239,435,122640,0.153445,0.16,1,131493,131058,435
22358161,13.7912,18.4185,429,122640,0.206689,0.22,1,131508,131079,429
22361081,13.1582,8.4837,436,122640,0.169338,0.31,1,131521,131085,436
22364001,5.83165,10.4967,429,122640,0.129868,0.28,1,131525,131096,429
22366921,7.56633,3.69935,435,122640,0.225974,0.22,1,131533,131098,435
22369841,11.9133,11.9399,434,122640,0.205195,0.19,1,131546,131112,434
22372761,3.98265,4.78797,433,122640,0.225039,0.28,1,131548,131115,433
22375601,2.39653,4.95759,430,122640,0.205008,0.24,1,131550,131120,430
22378521,3.67931,6.59152,427,122640,0.129002,0.18,1,131554,131127,427
22381441,7.93586,3.7183,433,122640,0.2098,0.18,1,131563,131130,433
22384361,3.98717,3.94366,432,122640,0.20996,0.13,1,131566,131134,432
22387281,5.59743,3.98873,434,122640,0.105992,0.19,1,131572,131138,434
22390201,4.31949,5.59775,432,122640,0.0851984,0.26,1,131576,131144,432
22393121,7.2639,5.91955,434,122640,0.15304,0.18,1,131584,131150,434
22396041,3.05278,4.38391,432,122640,0.190608,0.19,1,131586,131154,432
22398961,11.8106,12.8768,431,122640,0.214122,0.15,1,131600,131169,431
22401881,9.56211,10.5754,430,122640,0.202824,0.26,1,131609,131179,430
22404801,3.51242,5.31507,428,122640,0.200565,0.18,1,131611,131183,428
22407721,7.90248,7.46301,429,122640,0.248113,0.14,1,131620,131191,429
22410641,22.3805,17.4926,435,122640,0.193623,0.1,1,131646,131211,435
22413561,6.0761,5.09852,435,122640,0.150725,0.15,1,131648,131213,435
22416481,25.2152,30.6197,428,122640,0.126145,0.18,1,131678,131250,428
22419401,11.443,11.7239,429,122640,0.105229,0.19,1,131686,131257,429
22422321,31.0886,26.3448,435,122640,0.197046,0.15,1,131722,131287,435
22425241,7.81772,6.86896,435,122640,0.191409,0.06,1,131724,131289,435
22428161,3.16354,5.37379,432,122640,0.246282,0.06,1,131726,131294,432
22430101,11.0327,1.07476,445,122640,0.241256,0.13,1,131739,131294,445
22433021,14.2065,14.615,442,122640,0.216251,0.12,1,131754,131312,442
22435941,19.6413,12.523,451,122640,0.19525,0.16,1,131775,131324,451
22438861,6.32826,22.5046,429,122640,0.20705,0.12,1,131778,131349,429
22441781,7.66565,6.10092,435,122640,0.26541,0.21,1,131786,131351,435
22444661,3.13313,2.82018,435,122640,0.245082,0.25,1,131788,131353,435
22447581,19.0266,10.164,446,122640,0.257016,0.21,1,131811,131365,446
22450501,5.40532,14.0328,433,122640,0.219403,0.17,1,131813,131380,433
22453421,21.8811,4.40656,457,122640,0.195881,0.12,1,131839,131382,457
22456341,16.3762,23.2813,444,122640,0.183176,0.16,1,131854,131410,444
22459261,12.8752,14.2563,444,122640,0.228635,0.23,1,131866,131422,444
22462181,14.575,13.2513,446,122640,0.213727,0.14,1,131881,131435,446
22465101,9.31501,16.2503,437,122640,0.162745,0.19,1,131889,131452,437
22468021,3.463,9.65005,431,122640,0.160549,0.2,1,131891,131460,431
22470941,16.6926,18.73,430,122640,0.28811,0.16,1,131911,131481,430
22473861,4.93852,5.346,430,122640,0.321622,0.15,1,131913,131483,430
22476781,5.7877,9.0692,426,122640,0.328324,0.22,1,131919,131493,426
22479701,17.1575,13.8138,431,122640,0.217665,0.16,1,131939,131508,431
22482621,15.4315,13.1628,433,122640,0.219533,0.12,1,131954,131521,433
22485541,6.2863,5.83255,433,122640,0.163907,0.25,1,131958,131525,433
22488461,4.45726,7.56651,429,122640,0.160781,0.2,1,131962,131533,429
22491381,8.89145,11.9133,426,122640,0.256156,0.23,1,131972,131546,426
22494301,3.37829,3.98266,426,122640,0.275231,0.2,1,131974,131548,426
22497221,2.27566,2.39653,426,122640,0.247046,0.2,1,131976,131550,426
22498741,6.85513,0.479306,434,122640,0.257409,0.09,1,131984,131550,434
22501661,5.37103,4.09586,434,122640,0.267482,0.23,1,131989,131555,434
22504581,2.67421,7.21917,428,122640,0.237496,0.21,1,131991,131563,428
22507501,8.53484,3.84383,435,122640,0.191499,0.08,1,132001,131566,435
22510181,6.50697,5.56877,435,122640,0.2383,0.08,1,132007,131572,435
22513101,4.50139,4.31375,435,122640,0.19166,0.17,1,132011,131576,435
22516021,2.50028,7.26275,429,122640,0.182332,0.2,1,132013,131584,429
22518941,14.1001,3.05255,444,122640,0.212466,0.22,1,132030,131586,444
22521861,11.62,11.8105,441,122640,0.282493,0.2,1,132041,131600,441
22524781,3.924,9.5621,434,122640,0.264499,0.2,1,132043,131609,434
22527701,2.3848,3.51242,434,122640,0.2609,0.26,1,132045,131611,434
22530621,21.277,7.90248,451,122640,0.18018,0.18,1,132071,131620,451
22533541,6.65539,22.3805,428,122640,0.276036,0.14,1,132074,131646,428
22536461,23.7311,6.0761,454,122640,0.223207,0.12,1,132102,131648,454
22539381,11.1462,25.2152,432,122640,0.284641,0.1,1,132110,131678,432
22542301,34.2292,11.443,464,122640,0.240928,0.22,1,132150,131686,464
22545221,8.44585,31.0886,430,122640,0.200186,0.19,1,132152,131722,430
22548141,8.08917,7.81772,436,122640,0.232037,0.26,1,132160,131724,436
22550321,3.21783,3.16354,436,122640,0.286407,0.24,1,132162,131726,436
22553241,22.2436,11.0327,450,122640,0.281281,0.21,1,132189,131739,450
22556161,20.4487,14.2065,455,122640,0.240256,0.19,1,132209,131754,455
22559081,5.68974,19.6413,436,122640,0.200051,0.21,1,132211,131775,436
22562001,2.73795,6.32826,435,122640,0.24001,0.28,1,132213,131778,435
22563841,1.34759,7.66565,428,122640,0.232002,0.24,1,132214,131786,428
22566761,7.46952,3.13313,435,122640,0.1904,0.26,1,132223,131788,435
22569681,20.6939,19.0266,436,122640,0.30208,0.21,1,132247,131811,436
22572601,5.73878,5.40532,436,122640,0.316416,0.19,1,132249,131813,436
22575521,20.3478,21.8811,434,122640,0.311283,0.18,1,132273,131839,434
22578441,16.0696,16.3762,434,122640,0.222257,0.24,1,132288,131854,434
22581361,11.2139,12.8752,432,122640,0.324451,0.21,1,132298,131866,432
22584281,12.6428,14.575,430,122640,0.29689,0.15,1,132311,131881,430
22587201,9.72856,9.31501,431,122640,0.275378,0.16,1,132320,131889,431
22589841,3.54571,3.463,431,122640,0.335076,0.32,1,132322,131891,431
22592761,20.7091,16.6926,436,122640,0.315015,0.33,1,132347,131911,436
22595681,7.34183,4.93852,438,122640,0.271003,0.33,1,132351,131913,438
22598161,6.26837,5.7877,438,122640,0.198201,0.19,1,132357,131919,438
22601081,14.0537,17.1575,434,122640,0.27164,0.22,1,132373,131939,434
22604001,17.2107,15.4315,437,122640,0.270328,0.15,1,132391,131954,437
22606921,6.64215,6.2863,437,122640,0.238066,0.16,1,132395,131958,437
22609841,2.92843,4.45726,435,122640,0.199613,0.28,1,132397,131962,435
22612761,8.58569,8.89145,435,122640,0.303923,0.28,1,132407,131972,435
22615681,4.91714,3.37829,437,122640,0.308785,0.24,1,132411,131974,437
22618601,2.58343,2.27566,437,122640,0.277757,0.26,1,132413,131976,437
22621521,5.31669,6.85513,435,122640,0.303551,0.27,1,132419,131984,435
22624441,2.66334,5.37103,432,122640,0.27671,0.23,1,132421,131989,432
22627361,7.73267,2.67421,439,122640,0.255342,0.18,1,132430,131991,439
22630281,10.3465,8.53484,440,122640,0.299068,0.25,1,132441,132001,440
22633201,6.86931,6.50697,440,122640,0.235814,0.18,1,132447,132007,440
22636121,2.97386,4.50139,438,122640,0.199163,0.18,1,132449,132011,438
22637681,1.39477,2.50028,437,122640,0.175833,0.22,1,132450,132013,437
22640601,13.079,14.1001,436,122640,0.267167,0.3,1,132466,132030,436
22643521,12.2158,11.62,437,122640,0.381433,0.26,1,132478,132041,437
22646441,4.04316,3.924,437,122640,0.372287,0.26,1,132480,132043,437
22649121,2.40863,2.3848,437,122640,0.346457,0.16,1,132482,132045,437
22652041,18.8817,21.277,434,122640,0.309291,0.3,1,132505,132071,434
22654961,5.37634,6.65539,433,122640,0.269858,0.21,1,132507,132074,433
22657881,28.2753,23.7311,439,122640,0.245972,0.3,1,132541,132102,439
22660801,7.25505,11.1462,433,122640,0.281194,0.23,1,132543,132110,433
22663721,35.051,34.2292,435,122640,0.328239,0.19,1,132585,132150,435
22666641,11.0102,8.44585,438,122640,0.257648,0.24,1,132590,132152,438
22669561,3.80204,8.08917,432,122640,0.26753,0.3,1,132592,132160,432
22672481,3.96041,3.21783,434,122640,0.381506,0.28,1,132596,132162,434
22675401,22.3921,22.2436,434,122640,0.268301,0.23,1,132623,132189,434
22678321,18.0784,20.4487,431,122640,0.37366,0.19,1,132640,132209,431
22681241,5.21568,5.68974,431,122640,0.394732,0.25,1,132642,132211,431
22683441,2.64314,2.73795,431,122640,0.366946,0.19,1,132644,132213,431
22686361,6.92863,2.94759,436,122640,0.393389,0.18,1,132652,132216,436
22689281,4.58573,6.18952,433,122640,0.390678,0.33,1,132656,132223,433
22692201,24.9171,20.4379,439,122640,0.326136,0.32,1,132686,132247,439
22695121,6.58343,5.68758,439,122640,0.337227,0.31,1,132688,132249,439
22698041,16.5167,20.3375,434,122640,0.395445,0.2,1,132707,132273,434
22700961,19.3033,16.0675,439,122640,0.399089,0.35,1,132727,132288,439
22703881,10.2607,11.2135,437,122640,0.415818,0.29,1,132735,132298,437
22706801,14.0521,12.6427,439,122640,0.363164,0.27,1,132750,132311,439
22709721,4.41043,9.72854,432,122640,0.360633,0.35,1,132752,132320,432
22712641,20.8821,3.54571,455,122640,0.352127,0.31,1,132777,132322,455
22715561,11.3764,20.7091,439,122640,0.286425,0.26,1,132786,132347,439
22718481,7.07528,7.34183,441,122640,0.369285,0.18,1,132792,132351,441
22721401,11.0151,6.26837,447,122640,0.409857,0.29,1,132804,132357,447
22724321,20.603,14.0537,454,122640,0.393971,0.27,1,132827,132373,454
22727241,7.3206,17.2107,440,122640,0.358794,0.23,1,132831,132391,440
22730161,3.06412,6.64215,438,122640,0.367759,0.19,1,132833,132395,438
22732741,3.81282,2.92843,440,122640,0.361552,0.33,1,132837,132397,440
22735661,7.96257,8.58569,439,122640,0.40031,0.31,1,132846,132407,439
22738581,3.19251,4.91714,437,122640,0.416062,0.27,1,132848,132411,437
22741501,3.0385,2.58343,438,122640,0.371212,0.31,1,132851,132413,438
22744421,6.2077,5.31669,439,122640,0.298242,0.27,1,132858,132419,439
22747341,7.64154,2.66334,445,122640,0.315648,0.25,1,132866,132421,445
22750261,4.72831,7.73267,440,122640,0.29513,0.31,1,132870,132430,440
22753181,9.74566,10.3465,440,122640,0.323026,0.22,1,132881,132441,440
22756101,3.54913,6.86931,436,122640,0.296605,0.19,1,132883,132447,436
22758321,2.30983,2.97386,436,122640,0.267321,0.3,1,132885,132449,436
22761241,17.262,3.79477,453,122640,0.357464,0.29,1,132906,132453,453
22764161,7.45239,11.159,445,122640,0.327493,0.41,1,132911,132466,445
22767081,7.09048,11.8318,440,122640,0.273499,0.37,1,132918,132478,440
22770001,3.8181,3.96636,441,122640,0.3667,0.34,1,132921,132480,441
22772261,19.9636,2.39327,463,122640,0.37734,0.3,1,132945,132482,463
22775181,5.59272,18.8787,442,122640,0.339468,0.26,1,132947,132505,442
22778101,28.3185,5.37573,474,122640,0.291894,0.24,1,132981,132507,474
22781021,8.06371,28.2751,443,122640,0.322379,0.29,1,132984,132541,443
22783941,35.2127,7.25503,483,122640,0.264476,0.34,1,133026,132543,483
22786861,8.64255,35.051,443,122640,0.228895,0.24,1,133028,132585,443
22789781,4.92851,11.0102,442,122640,0.269779,0.27,1,133032,132590,442
22792701,2.5857,3.80204,442,122640,0.245956,0.41,1,133034,132592,442
22795621,17.3171,3.96041,459,122640,0.313191,0.24,1,133055,132596,459
22798541,23.4634,22.3921,457,122640,0.382638,0.4,1,133080,132623,457
22801461,6.29269,18.0784,442,122640,0.388528,0.4,1,133082,132640,442
22804381,2.85854,5.21568,442,122640,0.389706,0.36,1,133084,132642,442
22807301,2.97171,2.64314,443,122640,0.349941,0.4,1,133087,132644,443
22810221,6.19434,6.92863,442,122640,0.365988,0.39,1,133094,132652,442
22813141,20.4389,4.58573,462,122640,0.401198,0.31,1,133118,132656,462
22816061,12.8878,24.9171,443,122640,0.29624,0.34,1,133129,132686,443
22818981,15.3776,6.58343,457,122640,0.267248,0.41,1,133145,132688,457
22821901,19.8755,16.5167,459,122640,0.25345,0.4,1,133166,132707,459
22824821,11.1751,19.3033,448,122640,0.27469,0.42,1,133175,132727,448
22827741,13.435,10.2607,454,122640,0.326938,0.35,1,133189,132735,454
22830661,7.487,14.0521,445,122640,0.393388,0.36,1,133195,132750,445
22833581,15.8974,4.41043,461,122640,0.334678,0.35,1,133213,132752,461
22836501,10.3795,20.8821,445,122640,0.418936,0.27,1,133222,132777,445
22839421,11.6759,11.3764,448,122640,0.323787,0.39,1,133234,132786,448
22842341,11.9352,7.07528,454,122640,0.256757,0.42,1,133246,132792,454
22845261,18.387,11.0151,462,122640,0.371351,0.39,1,133266,132804,462
22848181,6.87741,20.603,443,122640,0.36227,0.35,1,133270,132827,443
22851101,2.97548,7.3206,441,122640,0.384454,0.37,1,133272,132831,441
22854021,6.9951,3.06412,447,122640,0.356891,0.41,1,133280,132833,447
22856941,2.99902,11.0128,436,122640,0.351378,0.42,1,133282,132846,436
22859861,2.1998,3.80256,436,122640,0.358276,0.36,1,133284,132848,436
22862781,3.63996,3.16051,437,122640,0.359655,0.36,1,133288,132851,437
22864821,5.52799,0.632103,443,122640,0.423931,0.28,1,133294,132851,443
22867741,9.9056,5.72642,447,122640,0.356786,0.32,1,133305,132858,447
22870661,3.58112,7.54528,441,122640,0.311357,0.29,1,133307,132866,441
22873141,8.71622,4.70906,447,122640,0.414271,0.33,1,133317,132870,447
22876061,3.34324,9.74181,438,122640,0.434854,0.29,1,133319,132881,438
22878981,2.26865,3.54836,438,122640,0.438971,0.26,1,133321,132883,438
22881901,16.4537,2.30967,456,122640,0.327794,0.38,1,133341,132885,456
22884821,12.0907,17.2619,446,122640,0.457559,0.32,1,133352,132906,446
22887741,4.01815,7.45239,443,122640,0.443512,0.26,1,133354,132911,443
22889361,1.60363,7.09048,437,122640,0.432702,0.39,1,133355,132918,437
22892281,1.92073,3.8181,436,122640,0.42254,0.38,1,133357,132921,436
22895201,22.7841,19.9636,440,122640,0.388508,0.33,1,133385,132945,440
22898121,28.5568,5.59272,468,122640,0.325702,0.28,1,133415,132947,468
22901041,12.1114,28.3185,442,122640,0.29714,0.33,1,133423,132981,442
22903961,30.4223,8.06371,474,122640,0.251428,0.25,1,133458,132984,474
22906881,7.68445,35.2127,434,122640,0.242286,0.22,1,133460,133026,434
22909801,10.3369,8.64255,443,122640,0.264457,0.28,1,133471,133028,443
22912661,3.66738,4.92851,441,122640,0.284891,0.22,1,133473,133032,441
22915581,19.9335,3.3857,462,122640,0.312978,0.33,1,133497,133035,462
22918501,21.5867,16.6771,464,122640,0.254596,0.4,1,133519,133055,464
22921421,5.91734,23.3354,441,122640,0.210919,0.39,1,133521,133080,441
22924341,2.78347,6.26709,441,122640,0.202184,0.39,1,133523,133082,441
22927221,2.15669,2.85342,441,122640,0.200437,0.34,1,133525,133084,441
22930141,5.23134,2.97068,444,122640,0.256087,0.37,1,133531,133087,444
22933061,17.8463,6.19414,458,122640,0.291217,0.41,1,133552,133094,458
22935981,14.7693,20.4388,448,122640,0.378243,0.27,1,133566,133118,448
22938901,17.3539,12.8878,455,122640,0.315649,0.26,1,133584,133129,455
22941821,17.0708,15.3776,456,122640,0.31113,0.25,1,133601,133145,456
22944741,13.0142,19.8755,447,122640,0.382226,0.28,1,133613,133166,447
22947661,13.8028,11.1751,452,122640,0.404445,0.34,1,133627,133175,452
22950581,9.96057,13.435,447,122640,0.376889,0.41,1,133636,133189,447
22953501,17.1921,7.487,460,122640,0.275378,0.32,1,133655,133195,460
22956421,5.03842,15.8974,444,122640,0.359076,0.44,1,133657,133213,444
22959341,8.20768,10.3795,444,122640,0.287815,0.3,1,133666,133222,444
22962261,19.2415,11.6759,454,122640,0.361563,0.24,1,133688,133234,454
22965181,18.2483,11.9352,460,122640,0.336313,0.4,1,133706,133246,460
22968101,6.84966,18.387,444,122640,0.299263,0.36,1,133710,133266,444
22971021,2.96993,6.87741,442,122640,0.331852,0.39,1,133712,133270,442
22973941,6.99399,2.97548,448,122640,0.266371,0.35,1,133720,133272,448
22976861,6.1988,6.9951,446,122640,0.309274,0.35,1,133726,133280,446
22979781,2.83976,2.99902,446,122640,0.285855,0.36,1,133728,133282,446
22981921,2.16795,2.1998,446,122640,0.345171,0.45,1,133730,133284,446
22984841,2.03359,7.63996,439,122640,0.357034,0.44,1,133732,133293,439
22987761,7.60672,2.32799,447,122640,0.303407,0.34,1,133741,133294,447
22990681,8.72134,9.2656,445,122640,0.228681,0.3,1,133750,133305,445
22993601,6.54427,3.45312,449,122640,0.149736,0.44,1,133756,133307,449
22996521,2.90885,8.69062,441,122640,0.229947,0.44,1,133758,133317,441
22999441,3.78177,3.33812,443,122640,0.221989,0.44,1,133762,133319,443
23002361,19.1564,2.26762,464,122640,0.212398,0.3,1,133785,133321,464
23005281,8.63127,16.4535,450,122640,0.20248,0.49,1,133791,133341,450
23008201,3.32625,12.0907,441,122640,0.208496,0.44,1,133793,133352,441
23011121,2.26525,4.01814,441,122640,0.209699,0.42,1,133795,133354,441
23013541,2.05305,3.20363,440,122640,0.20994,0.38,1,133797,133357,440
23016461,26.8106,23.0407,445,122640,0.249988,0.31,1,133830,133385,445
23019381,28.5621,28.6081,444,122640,0.169998,0.29,1,133859,133415,444
23022301,7.31242,12.1216,438,122640,0.122,0.24,1,133861,133423,438
23025221,27.0625,30.4243,435,122640,0.1284,0.24,1,133893,133458,435
23028141,7.0125,7.68486,435,122640,0.25768,0.27,1,133895,133460,435
23031061,13.4025,10.337,439,122640,0.227536,0.29,1,133910,133471,439
23033981,4.2805,3.66739,439,122640,0.245507,0.32,1,133912,133473,439
23036901,14.4561,19.9335,432,122640,0.265101,0.24,1,133929,133497,432
23039821,23.6912,21.5867,436,122640,0.26902,0.2,1,133955,133519,436
23042741,6.33824,5.91734,436,122640,0.269804,0.2,1,133957,133521,436
23045661,2.86765,2.78347,436,122640,0.317961,0.2,1,133959,133523,436
23047861,5.37353,0.556694,442,122640,0.271592,0.29,1,133965,133523,442
23050781,2.67471,5.71134,437,122640,0.318318,0.27,1,133967,133530,437
23053701,14.9349,1.94227,454,122640,0.239664,0.3,1,133985,133531,454
23056621,16.587,17.1885,450,122640,0.231933,0.4,1,134002,133552,450
23059541,17.7174,14.6377,454,122640,0.246387,0.3,1,134020,133566,454
23062461,16.3435,17.3275,452,122640,0.225277,0.31,1,134036,133584,452
23065381,17.6687,17.0655,453,122640,0.253055,0.4,1,134054,133601,453
23068301,13.1337,13.0131,453,122640,0.322611,0.41,1,134066,133613,453
23071221,5.82675,13.8026,443,122640,0.288522,0.37,1,134070,133627,443
23074141,16.3653,9.96052,453,122640,0.201704,0.25,1,134089,133636,453
23077061,5.67307,17.1921,437,122640,0.216341,0.38,1,134092,133655,437
23079981,7.53461,5.03842,443,122640,0.219268,0.27,1,134100,133657,443
23082901,18.3069,8.20768,455,122640,0.203854,0.38,1,134121,133666,455
23085821,18.8614,19.2415,452,122640,0.208771,0.33,1,134140,133688,452
23088741,6.97228,18.2483,438,122640,0.185754,0.29,1,134144,133706,438
23091661,6.99446,6.84966,441,122640,0.245151,0.34,1,134151,133710,441
23093201,2.19889,2.96993,440,122640,0.24903,0.25,1,134152,133712,440
23096121,6.83978,6.99399,440,122640,0.249806,0.32,1,134160,133720,440
23099041,2.96796,6.1988,436,122640,0.249961,0.28,1,134162,133726,436
23101961,2.19359,2.83976,436,122640,0.241992,0.36,1,134164,133728,436
23104641,2.03872,2.16795,436,122640,0.208398,0.3,1,134166,133730,436
23107561,5.20774,4.43359,437,122640,0.27368,0.29,1,134172,133735,437
23110481,8.24155,5.68672,440,122640,0.310736,0.21,1,134181,133741,440
23113401,11.2483,8.33734,443,122640,0.254147,0.13,1,134193,133750,443
23116321,4.64966,6.46747,440,122640,0.186829,0.25,1,134196,133756,440
23118161,1.72993,2.89349,439,122640,0.277366,0.22,1,134197,133758,439
23121081,1.94599,3.7787,437,122640,0.271473,0.21,1,134199,133762,437
23124001,15.5892,19.1557,433,122640,0.318295,0.2,1,134218,133785,433
23126921,11.1178,8.63115,437,122640,0.303659,0.21,1,134228,133791,437
23129601,3.82357,3.32623,437,122640,0.300732,0.21,1,134230,133793,437
23132521,2.36471,2.26525,437,122640,0.364146,0.21,1,134232,133795,437
23135441,2.07294,2.05305,437,122640,0.344829,0.26,1,134234,133797,437
23138361,23.6146,26.8106,433,122640,0.260966,0.15,1,134263,133830,433
23141281,25.5229,28.5621,430,122640,0.340193,0.11,1,134289,133859,430
23144201,12.3046,7.31242,437,122640,0.340039,0.13,1,134298,133861,437
23147121,20.8609,27.0625,428,122640,0.348008,0.29,1,134321,133893,428
23150041,7.37218,7.0125,430,122640,0.325602,0.22,1,134325,133895,430
23152961,14.2744,13.4025,431,122640,0.32112,0.25,1,134341,133910,431
23155881,4.45489,4.2805,431,122640,0.288224,0.27,1,134343,133912,431
23158801,18.491,14.4561,436,122640,0.329645,0.27,1,134365,133929,436
23161721,22.8982,23.6912,434,122640,0.337929,0.27,1,134389,133955,434
23164641,9.37964,6.33824,438,122640,0.315586,0.33,1,134395,133957,438
23167041,3.47593,2.86765,438,122640,0.279117,0.33,1,134397,133959,438
23169961,3.89519,6.97353,434,122640,0.247823,0.33,1,134401,133967,434
23172881,2.37904,1.39471,436,122640,0.209565,0.22,1,134403,133967,436
23175801,12.4758,14.6789,433,122640,0.257913,0.23,1,134418,133985,433
23178721,16.8952,16.5358,434,122640,0.299583,0.25,1,134436,134002,434
23181641,14.579,17.7072,430,122640,0.275917,0.22,1,134450,134020,430
23184561,21.3158,16.3414,437,122640,0.255183,0.26,1,134473,134036,437
23187481,19.4632,17.6683,438,122640,0.171037,0.34,1,134492,134054,438
23190401,13.4926,13.1337,438,122640,0.298207,0.28,1,134504,134066,438
23193321,4.29853,5.82673,436,122640,0.323641,0.18,1,134506,134070,436
23196241,12.8597,16.3653,432,122640,0.312728,0.22,1,134521,134089,432
23199161,4.17194,5.67307,431,122640,0.318546,0.22,1,134523,134092,431
23202081,7.23439,7.53461,431,122640,0.271709,0.2,1,134531,134100,431
23205001,23.8469,18.3069,438,122640,0.278342,0.21,1,134559,134121,438
23207921,17.5694,18.8614,435,122640,0.319668,0.18,1,134575,134140,435
23210841,6.71387,6.97228,435,122640,0.287934,0.26,1,134579,134144,435
23213761,6.14278,6.99446,434,122640,0.249587,0.25,1,134585,134151,434
23216681,10.0286,2.19889,444,122640,0.281917,0.25,1,134596,134152,444
23219601,3.60571,6.83978,438,122640,0.320383,0.25,1,134598,134160,438
23222521,2.32114,2.96796,438,122640,0.328077,0.24,1,134600,134162,438
23224241,1.26423,2.19359,437,122640,0.321615,0.2,1,134601,134164,437
23227161,3.45285,2.03872,439,122640,0.264323,0.29,1,134605,134166,439
23230081,3.89057,5.20774,437,122640,0.244865,0.32,1,134609,134172,437
23233001,5.57811,8.24155,434,122640,0.256973,0.24,1,134615,134181,434
23235921,15.5156,11.2483,440,122640,0.243395,0.17,1,134633,134193,440
23238841,4.70312,4.64966,439,122640,0.240679,0.3,1,134635,134196,439
23241761,2.54062,1.72993,440,122640,0.208136,0.27,1,134637,134197,440
23244681,14.1081,1.94599,455,122640,0.241627,0.33,1,134654,134199,455
23247601,9.22162,15.5892,444,122640,0.288325,0.3,1,134662,134218,444
23250521,3.44432,11.1178,436,122640,0.321665,0.3,1,134664,134228,436
23253441,7.08887,3.82357,442,122640,0.272333,0.38,1,134672,134230,442
23255861,4.61777,2.36471,444,122640,0.262467,0.3,1,134676,134232,444
23258781,13.7236,6.87294,452,122640,0.284493,0.24,1,134692,134240,452
23261701,30.7447,19.7746,464,122640,0.112899,0.36,1,134727,134263,464
23264621,10.9489,24.7549,444,122640,0.25458,0.34,1,134733,134289,444
23267541,24.5898,12.151,463,122640,0.258916,0.35,1,134761,134298,463
23270461,6.51796,20.8302,442,122640,0.259783,0.32,1,134763,134321,442
23273381,10.9036,7.36604,450,122640,0.323957,0.32,1,134775,134325,450
23276301,8.58072,14.2732,442,122640,0.288791,0.28,1,134783,134341,442
23279221,16.1161,4.45464,458,122640,0.305758,0.34,1,134801,134343,458
23282141,19.2232,18.4909,456,122640,0.269152,0.34,1,134821,134365,456
23285061,6.24465,22.8982,435,122640,0.22183,0.31,1,134824,134389,435
23287981,10.0489,9.37964,440,122640,0.340366,0.27,1,134835,134395,440
23290901,3.60979,3.47593,440,122640,0.340073,0.24,1,134837,134397,440
23293821,3.92196,3.89519,440,122640,0.332015,0.2,1,134841,134401,440
23296741,12.7844,2.37904,453,122640,0.274403,0.27,1,134856,134403,453
23299661,8.95688,12.4758,446,122640,0.246881,0.31,1,134864,134418,446
23302581,17.7914,16.8952,448,122640,0.201376,0.27,1,134884,134436,448
23305501,18.7583,14.579,453,122640,0.240275,0.25,1,134903,134450,453
23308421,19.7517,21.3158,450,122640,0.248055,0.15,1,134923,134473,450
23311341,19.1503,19.4632,450,122640,0.297611,0.33,1,134942,134492,450
23314261,5.43007,13.4926,440,122640,0.307522,0.33,1,134944,134504,440
23317181,10.686,4.29853,450,122640,0.341504,0.31,1,134956,134506,450
23320101,3.7372,12.8597,437,122640,0.348301,0.32,1,134958,134521,437
23323021,4.74744,4.17194,440,122640,0.30966,0.26,1,134963,134523,440
23325941,25.7495,7.23439,463,122640,0.229932,0.28,1,134994,134531,463
23328861,16.3499,23.8469,449,122640,0.325986,0.33,1,135008,134559,449
23331781,8.86998,17.5694,440,122640,0.281197,0.28,1,135015,134575,440
23334701,5.774,6.71387,441,122640,0.312239,0.24,1,135020,134579,441
23336981,7.5548,6.14278,443,122640,0.302448,0.29,1,135028,134585,443
23339901,3.11096,10.0286,434,122640,0.26849,0.33,1,135030,134596,434
23342821,3.02219,3.60571,435,122640,0.317698,0.33,1,135033,134598,435
23345301,6.20444,2.32114,440,122640,0.29554,0.26,1,135040,134600,440
23348221,2.84089,5.26423,436,122640,0.299108,0.26,1,135042,134606,436
23351141,2.16818,1.05285,438,122640,0.299822,0.24,1,135044,134606,438
23354061,7.63364,2.61057,444,122640,0.283964,0.26,1,135053,134609,444
23356981,15.1267,5.32211,455,122640,0.304793,0.24,1,135070,134615,455
23359901,4.62535,15.4644,439,122640,0.276959,0.24,1,135072,134633,439
23362821,2.52507,4.69288,439,122640,0.231392,0.2,1,135074,134635,439
23365061,15.705,2.53858,456,122640,0.294278,0.25,1,135093,134637,456
23367981,6.341,14.1077,443,122640,0.242856,0.3,1,135097,134654,443
23370901,2.8682,9.22154,437,122640,0.232571,0.33,1,135099,134662,437
23373381,6.17364,3.44431,442,122640,0.254514,0.26,1,135106,134664,442
23376301,4.43473,7.08886,438,122640,0.314903,0.26,1,135110,134672,438
23379221,10.4869,4.61777,446,122640,0.294981,0.29,1,135122,134676,446
23382141,33.2974,13.7236,469,122640,0.234996,0.07,1,135161,134692,469
23385061,11.4595,30.7447,440,122640,0.206999,0.29,1,135167,134727,440
23387981,22.2919,10.9489,459,122640,0.2254,0.26,1,135192,134733,459
23390901,6.05838,24.5898,433,122640,0.18908,0.26,1,135194,134761,433
23393821,12.4117,6.51796,445,122640,0.205816,0.34,1,135208,134763,445
23396741,11.2823,10.9036,444,122640,0.241163,0.28,1,135219,134775,444
23399661,12.6565,8.58072,449,122640,0.168233,0.31,1,135232,134783,449
23402581,24.9313,16.1161,459,122640,0.225647,0.26,1,135260,134801,459
23405501,6.58626,19.2232,441,122640,0.245129,0.21,1,135262,134821,441
23408421,6.11725,6.24465,444,122640,0.185026,0.37,1,135268,134824,444
23411341,8.42345,10.0489,442,122640,0.277005,0.34,1,135277,134835,442
23414261,3.28469,3.60979,442,122640,0.287401,0.33,1,135279,134837,442
23417061,10.2569,3.92196,450,122640,0.20948,0.26,1,135291,134841,450
23419981,6.05139,12.7844,440,122640,0.225896,0.24,1,135296,134856,440
23422901,21.2103,8.95688,457,122640,0.0931792,0.19,1,135321,134864,457
23425821,20.2421,17.7914,457,122640,0.114636,0.25,1,135341,134884,457
23428741,20.0484,18.7583,458,122640,0.134927,0.25,1,135361,134903,458
23431661,15.2097,19.7517,452,122640,0.194985,0.31,1,135375,134923,452
23434581,5.44194,19.1503,436,122640,0.166997,0.31,1,135378,134942,436
23437501,13.0884,5.43007,449,122640,0.233399,0.35,1,135393,134944,449
23440421,4.21768,10.686,439,122640,0.21468,0.35,1,135395,134956,439
23443341,4.04354,3.7372,441,122640,0.290936,0.3,1,135399,134958,441
23446181,28.0087,4.74744,470,122640,0.250187,0.21,1,135433,134963,470
23449101,12.0017,25.7495,447,122640,0.250037,0.35,1,135441,134994,447
23452021,12.0003,16.3499,445,122640,0.274007,0.27,1,135453,135008,445
23454941,4.00007,8.86998,440,122640,0.254802,0.32,1,135455,135015,440
23457861,8.00001,5.774,444,122640,0.25896,0.3,1,135464,135020,444
23460781,3.2,7.5548,438,122640,0.259792,0.26,1,135466,135028,438
23463701,2.24,3.11096,438,122640,0.251958,0.33,1,135468,135030,438
23466621,6.048,3.02219,442,122640,0.250392,0.3,1,135475,135033,442
23469541,2.8096,7.80444,435,122640,0.250078,0.3,1,135477,135042,435
23472461,2.16192,3.16089,435,122640,0.250016,0.28,1,135479,135044,435
23475381,5.23238,7.83218,432,122640,0.242003,0.31,1,135485,135053,432
23478301,11.4465,15.1664,428,122640,0.232401,0.27,1,135498,135070,428
23481221,8.6893,4.63329,434,122640,0.19848,0.22,1,135506,135072,434
23484141,7.33786,2.52666,439,122640,0.247696,0.22,1,135513,135074,439
23485701,13.4676,0.505331,454,122640,0.249539,0.31,1,135528,135074,454
23488621,5.89351,15.3011,439,122640,0.329908,0.23,1,135532,135093,439
23491541,4.3787,6.26021,439,122640,0.289982,0.23,1,135536,135097,439
23494461,5.67574,2.85204,443,122640,0.353996,0.26,1,135542,135099,443
23497381,4.33515,6.17041,440,122640,0.334799,0.33,1,135546,135106,440
23500301,8.06703,4.43408,445,122640,0.31496,0.29,1,135555,135110,445
23503221,33.6134,10.4868,473,122640,0.286992,0.22,1,135595,135122,473
23506141,8.32268,33.2974,436,122640,0.249398,0.2,1,135597,135161,436
23509061,24.0645,11.4595,458,122640,0.26588,0.23,1,135625,135167,458
23511981,6.41291,22.2919,435,122640,0.245176,0.18,1,135627,135192,435
23514901,11.6826,6.05838,446,122640,0.233035,0.21,1,135640,135194,446
23517821,9.53652,12.4117,441,122640,0.174607,0.25,1,135649,135208,441
23520741,13.1073,11.2823,444,122640,0.242921,0.15,1,135663,135219,444
23523661,24.2215,12.6565,458,122640,0.208584,0.24,1,135690,135232,458
23526581,12.8443,24.9313,440,122640,0.249717,0.25,1,135700,135260,440
23529501,4.16886,6.58626,440,122640,0.257943,0.17,1,135702,135262,440
23531461,4.83377,6.11725,439,122640,0.203589,0.3,1,135707,135268,439
23534381,2.56675,8.42345,432,122640,0.160718,0.29,1,135709,135277,432
23537301,10.9134,3.28469,443,122640,0.288144,0.19,1,135722,135279,443
23540221,6.98267,10.2569,437,122640,0.225629,0.23,1,135728,135291,437
23543141,20.5965,6.05139,456,122640,0.213126,0.06,1,135752,135296,456
23546061,16.1193,21.2103,446,122640,0.322625,0.12,1,135767,135321,446
23548981,25.6239,20.2421,454,122640,0.272525,0.14,1,135795,135341,454
23551901,17.9248,20.0484,450,122640,0.358505,0.21,1,135811,135361,450
23554821,5.18495,15.2097,438,122640,0.343701,0.16,1,135813,135375,438
23557741,13.037,5.44194,450,122640,0.35674,0.25,1,135828,135378,450
23560661,5.0074,13.0884,438,122640,0.343348,0.21,1,135831,135393,438
23563581,2.60148,4.21768,438,122640,0.30867,0.31,1,135833,135395,438
23565361,1.3203,4.04354,435,122640,0.285734,0.24,1,135834,135399,435
23568281,27.4641,28.0087,435,122640,0.257147,0.25,1,135868,135433,435
23571201,13.4928,12.0017,437,122640,0.259429,0.28,1,135878,135441,437
23574121,9.89856,12.0003,434,122640,0.315886,0.25,1,135887,135453,434
23577041,3.57971,4.00007,434,122640,0.327177,0.26,1,135889,135455,434
23579961,7.91594,8.00001,434,122640,0.321435,0.26,1,135898,135464,434
23582881,3.18319,3.2,434,122640,0.320287,0.25,1,135900,135466,434
23585801,2.23664,2.24,434,122640,0.336057,0.25,1,135902,135468,434
23588721,5.24733,6.048,433,122640,0.315211,0.25,1,135908,135475,433
23591641,2.64947,2.8096,433,122640,0.319042,0.25,1,135910,135477,433
23594481,2.12989,2.16192,433,122640,0.351808,0.23,1,135912,135479,433
23597401,10.026,10.0324,433,122640,0.350362,0.23,1,135924,135491,433
23600321,11.6052,7.60648,438,122640,0.262072,0.19,1,135936,135498,438
23603241,5.52104,7.9213,434,122640,0.212414,0.26,1,135940,135506,434
23606161,5.90421,7.18426,433,122640,0.298483,0.25,1,135946,135513,433
23609081,21.1808,13.4369,443,122640,0.251697,0.35,1,135971,135528,443
23612001,5.83617,5.88737,441,122640,0.242339,0.28,1,135973,135532,441
23614921,2.76723,4.37747,439,122640,0.328468,0.37,1,135975,135536,439
23617841,7.75345,5.67549,442,122640,0.305694,0.33,1,135984,135542,442
23620761,5.55069,4.3351,443,122640,0.349139,0.31,1,135989,135546,443
23623681,31.5101,8.06702,472,122640,0.285828,0.28,1,136027,135555,472
23626601,7.90203,33.6134,434,122640,0.265166,0.24,1,136029,135595,434
23629521,24.7804,8.32268,461,122640,0.341033,0.27,1,136058,135597,461
23632441,6.55608,24.0645,435,122640,0.348207,0.24,1,136060,135625,435
23635361,7.71122,6.41291,441,122640,0.357641,0.23,1,136068,135627,441
23638281,11.9422,11.6826,441,122640,0.295528,0.16,1,136081,135640,441
23641201,11.9884,9.53652,444,122640,0.195106,0.26,1,136093,135649,444
23644121,27.1977,13.1073,461,122640,0.327021,0.2,1,136124,135663,461
23647041,15.0395,24.2215,446,122640,0.361404,0.26,1,136136,135690,446
23649961,4.60791,12.8443,438,122640,0.336281,0.26,1,136138,135700,438
23652881,2.52158,4.16886,438,122640,0.299256,0.19,1,136140,135702,438
23655221,2.10432,4.83377,435,122640,0.267851,0.15,1,136142,135707,435
23658141,15.6209,2.56675,452,122640,0.22957,0.32,1,136161,135709,452
23661061,4.72417,10.9134,441,122640,0.309914,0.21,1,136163,135722,441
23663981,17.7448,6.98267,456,122640,0.301983,0.21,1,136184,135728,456
23666901,18.749,20.5965,451,122640,0.244397,0.35,1,136203,135752,451
23669821,23.7498,16.1193,461,122640,0.184879,0.26,1,136228,135767,461
23672741,19.95,25.6239,452,122640,0.300976,0.38,1,136247,135795,452
23675661,5.58999,17.9248,438,122640,0.324195,0.34,1,136249,135811,438
23678581,16.318,5.18495,455,122640,0.248839,0.36,1,136268,135813,455
23681501,4.8636,13.037,442,122640,0.305768,0.34,1,136270,135828,442
23684421,3.37272,5.0074,442,122640,0.309154,0.3,1,136273,135831,442
23686421,2.27454,2.60148,442,122640,0.285831,0.42,1,136275,135833,442
23689341,22.8549,4.5203,465,122640,0.209166,0.25,1,136303,135838,465
23692261,14.171,24.9041,447,122640,0.233833,0.26,1,136315,135868,447
23695181,10.0342,12.9808,446,122640,0.214767,0.33,1,136324,135878,446
23698101,3.60684,9.79616,439,122640,0.250953,0.33,1,136326,135887,439
23701021,7.12137,3.55923,445,122640,0.242191,0.32,1,136334,135889,445
23703941,3.02427,7.91185,438,122640,0.240438,0.32,1,136336,135898,438
23706861,3.80485,3.18237,440,122640,0.232088,0.34,1,136340,135900,440
23709301,2.36097,2.23647,440,122640,0.222418,0.31,1,136342,135902,440
23712221,2.87219,5.24729,437,122640,0.244484,0.32,1,136345,135908,437
23715141,6.17444,2.64946,442,122640,0.296897,0.36,1,136352,135910,442
23717621,6.03489,2.12989,446,122640,0.299379,0.35,1,136358,135912,446
23720541,14.007,10.026,450,122640,0.187876,0.24,1,136374,135924,450
23723461,6.0014,11.6052,442,122640,0.269575,0.2,1,136378,135936,442
23726381,2.80028,5.52104,440,122640,0.253915,0.32,1,136380,135940,440
23729301,20.5601,5.90421,459,122640,0.266783,0.24,1,136405,135946,459
23732221,5.71201,21.1808,436,122640,0.277357,0.24,1,136407,135971,436
23735141,3.5424,5.83617,437,122640,0.255471,0.35,1,136410,135973,437
23736961,2.30848,2.76723,437,122640,0.219094,0.3,1,136412,135975,437
23739881,8.4617,7.75345,438,122640,0.275819,0.36,1,136422,135984,438
23742801,7.29234,5.55069,440,122640,0.247164,0.27,1,136429,135989,440
23745721,28.6585,31.5101,436,122640,0.289433,0.26,1,136463,136027,436
23748641,11.3317,7.90203,441,122640,0.313887,0.36,1,136470,136029,441
23751561,24.6663,24.7804,440,122640,0.326777,0.35,1,136498,136058,440
23754481,6.53327,6.55608,440,122640,0.297355,0.36,1,136500,136060,440
23757401,5.30665,7.71122,437,122640,0.211471,0.28,1,136505,136068,437
23760321,5.86133,11.9422,430,122640,0.322294,0.17,1,136511,136081,430
23763241,13.9723,11.9884,434,122640,0.208459,0.36,1,136527,136093,434
23766161,33.1945,27.1977,441,122640,0.233692,0.37,1,136565,136124,441
23769081,8.23889,15.0395,431,122640,0.206738,0.33,1,136567,136136,431
23772001,9.64778,4.60791,439,122640,0.257348,0.29,1,136577,136138,439
23774921,5.12956,2.52158,441,122640,0.27547,0.26,1,136581,136140,441
23777521,2.62591,2.10432,441,122640,0.247094,0.22,1,136583,136142,441
23780441,10.1252,15.6209,434,122640,0.289419,0.33,1,136595,136161,434
23783361,5.22504,4.72417,436,122640,0.257884,0.3,1,136599,136163,436
23786281,17.845,17.7448,436,122640,0.179577,0.23,1,136620,136184,436
23789201,18.769,18.749,436,122640,0.203915,0.17,1,136639,136203,436
23792121,25.3538,23.7498,438,122640,0.264783,0.33,1,136666,136228,438
23795041,22.6708,19.95,441,122640,0.284957,0.33,1,136688,136247,441
23797961,6.13415,5.58999,441,122640,0.288991,0.23,1,136690,136249,441
23800881,16.4268,16.318,441,122640,0.241798,0.32,1,136709,136268,441
23803801,4.88537,4.8636,441,122640,0.32036,0.31,1,136711,136270,441
23806641,2.57707,3.37272,440,122640,0.304072,0.39,1,136713,136273,440
23809561,19.7154,5.47454,458,122640,0.292814,0.19,1,136737,136279,458
23812481,11.9431,20.2949,444,122640,0.226563,0.24,1,136747,136303,444
23815401,10.3886,13.659,442,122640,0.293313,0.21,1,136757,136315,442
23818321,3.67772,9.9318,435,122640,0.314663,0.26,1,136759,136324,435
23821241,7.13554,3.58636,441,122640,0.278932,0.24,1,136767,136326,441
23824161,3.82711,7.11727,436,122640,0.287787,0.24,1,136770,136334,436
23827081,6.36542,3.02345,441,122640,0.273557,0.23,1,136777,136336,441
23830001,3.67308,3.80469,440,122640,0.262711,0.22,1,136780,136340,440
23831601,1.53462,2.36094,439,122640,0.276542,0.25,1,136781,136342,439
23834521,1.90692,2.87219,438,122640,0.247308,0.31,1,136783,136345,438
23837441,5.18138,6.17444,437,122640,0.289462,0.3,1,136789,136352,437
23840361,11.4363,6.03489,444,122640,0.249892,0.16,1,136802,136358,444
23843281,10.2873,14.007,438,122640,0.201978,0.29,1,136812,136374,438
23846201,3.65745,6.0014,436,122640,0.192396,0.25,1,136814,136378,436
23849121,18.3315,2.80028,456,122640,0.286479,0.27,1,136836,136380,456
23852041,10.0663,20.5601,439,122640,0.217296,0.28,1,136844,136405,439
23854961,3.61326,5.71201,439,122640,0.203459,0.25,1,136846,136407,439
23857881,2.32265,3.5424,438,122640,0.200692,0.21,1,136848,136410,438
23860801,3.66453,2.30848,440,122640,0.232138,0.29,1,136852,136412,440
23863721,11.9329,8.4617,444,122640,0.302428,0.24,1,136866,136422,444
23866641,27.1866,7.29234,468,122640,0.228486,0.3,1,136897,136429,468
23869561,7.03732,28.6585,436,122640,0.301697,0.32,1,136899,136463,436
23872481,29.4075,11.3317,464,122640,0.324339,0.33,1,136934,136470,464
23875401,7.48149,24.6663,438,122640,0.328868,0.29,1,136936,136498,438
23878321,3.0963,6.53327,438,122640,0.297774,0.19,1,136938,136500,438
23881241,6.21926,5.30665,440,122640,0.235555,0.35,1,136945,136505,440
23884161,16.4439,5.86133,453,122640,0.255111,0.18,1,136964,136511,453
23887081,32.0888,13.9723,473,122640,0.291022,0.24,1,137000,136527,473
23890001,8.01775,33.1945,437,122640,0.274204,0.2,1,137002,136565,437
23892921,4.80355,8.23889,439,122640,0.286841,0.27,1,137006,136567,439
23895841,8.96071,9.64778,439,122640,0.329368,0.28,1,137016,136577,439
23898761,4.19214,5.12956,438,122640,0.313874,0.3,1,137019,136581,438
23901681,11.2384,12.2259,437,122640,0.382775,0.25,1,137032,136595,437
23904601,3.84769,5.64518,435,122640,0.372555,0.16,1,137034,136599,435
23907521,15.1695,17.929,432,122640,0.338511,0.21,1,137052,136620,432
23910441,23.8339,18.7858,439,122640,0.275702,0.28,1,137078,136639,439
23913361,18.3668,25.3572,429,122640,0.31914,0.29,1,137095,136666,429
23916281,23.6734,22.6714,432,122640,0.343828,0.29,1,137120,136688,432
23919201,11.1347,6.13429,438,122640,0.268766,0.23,1,137128,136690,438
23922121,13.4269,16.4269,433,122640,0.333753,0.34,1,137142,136709,433
23925041,4.28539,4.88537,433,122640,0.370751,0.3,1,137144,136711,433
23927961,7.25708,2.57707,439,122640,0.36215,0.29,1,137152,136713,439
23930881,15.8514,19.7154,433,122640,0.38443,0.21,1,137170,136737,433
23933801,15.1703,11.9431,438,122640,0.372886,0.31,1,137185,136747,438
23936721,9.43406,10.3886,436,122640,0.386577,0.32,1,137193,136757,436
23939641,3.48681,3.67772,436,122640,0.389315,0.27,1,137195,136759,436
23942561,7.09736,7.13554,436,122640,0.357863,0.29,1,137203,136767,436
23945481,3.01947,3.82711,435,122640,0.407573,0.27,1,137205,136770,435
23948401,5.40389,6.36542,434,122640,0.369515,0.26,1,137211,136777,434
23951321,5.88078,3.67308,437,122640,0.417903,0.28,1,137217,136780,437
23954241,2.77616,1.53462,438,122640,0.395581,0.24,1,137219,136781,438
23957161,2.15523,1.90692,438,122640,0.367116,0.3,1,137221,136783,438
23958901,2.83105,5.18138,435,122640,0.345423,0.24,1,137224,136789,435
23961821,8.56621,11.4363,432,122640,0.389085,0.19,1,137234,136802,432
23964741,12.1132,10.2873,435,122640,0.301817,0.19,1,137247,136812,435
23967661,8.02265,3.65745,440,122640,0.372363,0.31,1,137254,136814,440
23970581,12.8045,18.3315,432,122640,0.426473,0.2,1,137268,136836,432
23973501,12.9609,10.0663,437,122640,0.389295,0.2,1,137281,136844,437
23976421,4.19218,3.61326,437,122640,0.373859,0.2,1,137283,136846,437
23978661,2.43844,0.722652,439,122640,0.338772,0.2,1,137285,136846,439
23981581,5.28769,1.74453,443,122640,0.315754,0.24,1,137291,136848,443
23984501,5.05754,3.54891,444,122640,0.407151,0.32,1,137296,136852,444
23987421,31.4115,11.9098,468,122640,0.32143,0.21,1,137334,136866,468
23990341,7.8823,27.182,439,122640,0.280286,0.32,1,137336,136897,439
23993261,23.9765,7.03639,465,122640,0.320057,0.33,1,137364,136899,465
23996181,7.19529,29.4073,433,122640,0.336011,0.33,1,137367,136934,433
23999101,9.43906,7.48146,441,122640,0.395202,0.29,1,137377,136936,441
24001541,3.48781,3.09629,441,122640,0.40704,0.22,1,137379,136938,441
24004461,15.8976,6.21926,453,122640,0.369408,0.26,1,137398,136945,453
24007381,31.9795,16.4439,470,122640,0.361882,0.3,1,137434,136964,470
24010301,7.9959,32.0888,436,122640,0.368376,0.27,1,137436,137000,436
24013221,7.99918,8.01775,442,122640,0.361675,0.29,1,137444,137002,442
24016101,5.59984,4.80355,443,122640,0.408335,0.34,1,137449,137006,443
24019021,2.71997,8.96071,435,122640,0.385667,0.31,1,137451,137016,435
24021941,18.144,4.19214,454,122640,0.437133,0.4,1,137473,137019,454
24024861,6.0288,11.2384,444,122640,0.447427,0.37,1,137476,137032,444
24027781,15.6058,3.84769,460,122640,0.377485,0.33,1,137494,137034,460
24030701,23.1212,15.1695,467,122640,0.339497,0.26,1,137519,137052,467
24033621,19.0242,23.8339,459,122640,0.259899,0.33,1,137537,137078,459
24036541,23.8048,18.3668,467,122640,0.22798,0.35,1,137562,137095,467
24039461,6.36097,23.6734,444,122640,0.325596,0.25,1,137564,137120,444
24042381,15.6722,11.1347,454,122640,0.337119,0.35,1,137582,137128,454
24045301,6.33444,13.4269,444,122640,0.395424,0.38,1,137586,137142,444
24048221,2.86689,4.28539,444,122640,0.383085,0.36,1,137588,137144,444
24051141,15.7734,7.25708,455,122640,0.372617,0.39,1,137607,137152,455
24054061,18.3547,15.8514,456,122640,0.322523,0.37,1,137626,137170,456
24056981,8.47093,15.1703,447,122640,0.280505,0.39,1,137632,137185,447
24059901,6.49419,9.43406,445,122640,0.312101,0.39,1,137638,137193,445
24062821,5.29884,3.48681,448,122640,0.31042,0.35,1,137643,137195,448
24064561,2.65977,7.09736,442,122640,0.334084,0.42,1,137645,137203,442
24067481,3.73195,3.01947,444,122640,0.322817,0.36,1,137649,137205,444
24070401,2.34639,5.40389,440,122640,0.304563,0.43,1,137651,137211,440
24073321,2.06928,5.88078,436,122640,0.300913,0.39,1,137653,137217,436
24076241,3.61386,2.77616,438,122640,0.292183,0.36,1,137657,137219,438
24079121,2.32277,2.15523,438,122640,0.330437,0.34,1,137659,137221,438
24082041,10.0646,6.03105,443,122640,0.386087,0.4,1,137671,137228,443
24084961,14.8129,6.00621,453,122640,0.301217,0.28,1,137687,137234,453
24087881,5.36258,11.6012,443,122640,0.356243,0.39,1,137690,137247,443
24090801,15.4725,7.92025,454,122640,0.287249,0.44,1,137708,137254,454
24093721,11.0945,12.784,450,122640,0.38545,0.38,1,137718,137268,450
24096641,8.6189,12.9568,445,122640,0.31709,0.37,1,137726,137281,445
24099561,3.32378,4.19136,445,122640,0.351418,0.33,1,137728,137283,445
24102421,5.46476,2.43827,449,122640,0.334284,0.44,1,137734,137285,449
24105341,2.69295,6.08765,444,122640,0.298857,0.43,1,137736,137292,444
24108261,30.9386,4.41753,478,122640,0.179771,0.3,1,137774,137296,478
24111181,7.78772,31.2835,442,122640,0.299954,0.27,1,137776,137334,442
24114101,27.1575,7.8567,472,122640,0.275991,0.33,1,137808,137336,472
24117021,7.03151,23.9713,446,122640,0.271198,0.34,1,137810,137364,446
24119941,6.2063,7.19427,449,122640,0.26224,0.41,1,137816,137367,449
24122861,2.84126,9.43885,441,122640,0.260448,0.36,1,137818,137377,441
24125781,13.3683,18.6878,436,122640,0.29209,0.36,1,137834,137398,436
24128701,35.4736,32.5376,441,122640,0.394418,0.37,1,137875,137434,441
24131621,10.2947,8.10751,443,122640,0.358884,0.36,1,137879,137436,443
24134541,5.25895,8.0215,439,122640,0.287777,0.36,1,137883,137444,439
24136741,3.45179,1.6043,442,122640,0.305555,0.42,1,137886,137444,442
24139661,7.09036,4.32086,445,122640,0.333111,0.38,1,137894,137449,445
24142581,13.4181,2.46417,458,122640,0.370622,0.45,1,137909,137451,458
24145501,9.08361,18.0928,444,122640,0.386124,0.45,1,137917,137473,444
24148421,13.0167,6.01857,455,122640,0.349225,0.36,1,137931,137476,455
24151341,23.4033,15.6037,463,122640,0.357845,0.33,1,137957,137494,463
24154261,15.8807,23.1207,452,122640,0.223569,0.24,1,137971,137519,452
24157181,23.9761,19.0241,460,122640,0.340714,0.22,1,137997,137537,460
24160101,6.39523,23.8048,437,122640,0.316143,0.35,1,137999,137562,437
24163021,18.879,6.36097,457,122640,0.399229,0.34,1,138021,137564,457
24165941,7.77581,15.6722,444,122640,0.327846,0.41,1,138026,137582,444
24168861,3.15516,6.33444,442,122640,0.313569,0.38,1,138028,137586,442
24171781,16.631,2.86689,460,122640,0.310714,0.37,1,138048,137588,460
24174701,16.1262,15.7734,457,122640,0.270143,0.31,1,138064,137607,457
24177621,6.42524,18.3547,442,122640,0.286029,0.27,1,138068,137626,442
24180541,6.08505,8.47093,442,122640,0.273206,0.32,1,138074,137632,442
24183461,6.01701,6.49419,442,122640,0.358641,0.31,1,138080,137638,442
24186381,2.8034,5.29884,439,122640,0.343728,0.32,1,138082,137643,439
24189301,6.16068,5.85977,440,122640,0.332746,0.3,1,138089,137649,440
24192221,2.83214,2.77195,440,122640,0.362549,0.3,1,138091,137651,440
24195141,3.76643,2.15439,442,122640,0.33651,0.29,1,138095,137653,442
24198061,2.35329,3.63088,440,122640,0.299302,0.34,1,138097,137657,440
24200981,2.07066,2.32618,440,122640,0.25986,0.4,1,138099,137659,440
24203901,10.0141,10.0652,440,122640,0.379972,0.28,1,138111,137671,440
24206821,9.20283,14.813,433,122640,0.347994,0.37,1,138120,137687,433
24209741,5.04057,5.36261,434,122640,0.373599,0.27,1,138124,137690,434
24212661,21.8081,15.4725,442,122640,0.41872,0.41,1,138150,137708,442
24215581,10.7616,11.0945,440,122640,0.291744,0.3,1,138158,137718,440
24218501,5.35232,8.6189,436,122640,0.266349,0.36,1,138162,137726,436
24221421,2.67046,3.32378,436,122640,0.22927,0.33,1,138164,137728,436
24224341,3.73409,5.46476,434,122640,0.277854,0.33,1,138168,137734,434
24226181,6.34682,1.09295,441,122640,0.391571,0.29,1,138175,137734,441
24229101,24.4694,1.81859,468,122640,0.382314,0.15,1,138204,137736,468
24232021,14.4939,30.7637,442,122640,0.220463,0.33,1,138216,137774,442
24234941,24.4988,7.75274,467,122640,0.172093,0.27,1,138243,137776,467
24237861,7.29975,27.1505,438,122640,0.218419,0.27,1,138246,137808,438
24240781,7.05995,7.03011,443,122640,0.307684,0.26,1,138253,137810,443
24243701,3.81199,6.20602,440,122640,0.301537,0.26,1,138256,137816,440
24245941,12.7624,2.8412,453,122640,0.284307,0.3,1,138271,137818,453
24248861,34.5525,13.3682,477,122640,0.248861,0.42,1,138311,137834,477
24251781,13.3105,35.4736,444,122640,0.313772,0.35,1,138319,137875,444
24254701,4.2621,10.2947,442,122640,0.294754,0.27,1,138321,137879,442
24257381,2.45242,5.25895,440,122640,0.346951,0.31,1,138323,137883,440
24260301,5.29048,3.45179,443,122640,0.25339,0.34,1,138329,137886,443
24263221,17.8581,7.09036,456,122640,0.274678,0.38,1,138350,137894,456
24266141,9.17162,13.4181,448,122640,0.182936,0.39,1,138357,137909,448
24269061,12.2343,9.08361,453,122640,0.236587,0.34,1,138370,137917,453
24271981,17.6469,13.0167,458,122640,0.223317,0.36,1,138389,137931,458
24274901,16.3294,23.4033,448,122640,0.244663,0.19,1,138405,137957,448
24277821,28.8659,15.8807,466,122640,0.168933,0.37,1,138437,137971,466
24280741,7.37317,23.9761,442,122640,0.137787,0.31,1,138439,137997,442
24283661,18.2746,6.39523,461,122640,0.227557,0.42,1,138460,137999,461
24286581,5.25493,18.879,441,122640,0.205511,0.31,1,138462,138021,441
24289501,4.25099,7.77581,440,122640,0.289102,0.31,1,138466,138026,440
24291701,15.2502,3.15516,456,122640,0.23382,0.31,1,138484,138028,456
24294621,15.05,16.631,451,122640,0.214764,0.26,1,138499,138048,451
24297541,7.01001,16.1262,440,122640,0.210953,0.29,1,138504,138064,440
24300461,7.002,6.42524,443,122640,0.170191,0.27,1,138511,138068,443
24303381,7.8004,6.08505,445,122640,0.234038,0.38,1,138519,138074,445
24306301,3.16008,6.01701,441,122640,0.278808,0.34,1,138521,138080,441
24309221,3.03202,2.8034,442,122640,0.263762,0.33,1,138524,138082,442
24312141,3.0064,6.16068,438,122640,0.212752,0.37,1,138527,138089,438
24314161,1.40128,2.83214,437,122640,0.17855,0.33,1,138528,138091,437
24317081,7.48026,3.76643,442,122640,0.29971,0.29,1,138537,138095,442
24320001,3.09605,2.35329,442,122640,0.291942,0.25,1,138539,138097,442
24322481,2.21921,2.07066,442,122640,0.322388,0.41,1,138541,138099,442
24325401,10.0438,10.0141,442,122640,0.264478,0.34,1,138553,138111,442
24328321,4.40877,9.20283,436,122640,0.284896,0.38,1,138556,138120,436
24331241,8.08175,5.04057,441,122640,0.216979,0.43,1,138565,138124,441
24334161,17.6164,21.8081,435,122640,0.275396,0.26,1,138585,138150,435
24337081,10.7233,10.7616,436,122640,0.319079,0.26,1,138594,138158,436
24340001,9.34465,5.35232,441,122640,0.215816,0.22,1,138603,138162,441
24342921,3.46893,2.67046,441,122640,0.195163,0.22,1,138605,138164,441
24344741,4.69379,0.534093,446,122640,0.247033,0.41,1,138610,138164,446
24347661,2.53876,5.70682,441,122640,0.225407,0.38,1,138612,138171,441
24350581,18.9078,27.5414,431,122640,0.277081,0.18,1,138635,138204,431
24353501,14.9815,15.1083,433,122640,0.303416,0.16,1,138649,138216,433
24356421,28.5963,24.6217,438,122640,0.276683,0.23,1,138681,138243,438
24359341,7.31926,7.32433,437,122640,0.239337,0.33,1,138683,138246,437
24362261,7.86385,7.06487,438,122640,0.295867,0.3,1,138691,138253,438
24365181,4.77277,3.81297,439,122640,0.299173,0.28,1,138695,138256,439
24368101,11.3546,12.7626,437,122640,0.315835,0.24,1,138708,138271,437
24371021,33.4709,34.5525,436,122640,0.271167,0.33,1,138747,138311,436
24373941,11.4942,13.3105,434,122640,0.230233,0.29,1,138753,138319,434
24376561,3.89884,4.2621,434,122640,0.222047,0.36,1,138755,138321,434
24379481,3.97977,2.45242,436,122640,0.228409,0.23,1,138759,138323,436
24382401,5.59595,5.29048,436,122640,0.293682,0.28,1,138765,138329,436
24385321,15.5192,17.8581,433,122640,0.146736,0.16,1,138783,138350,433
24388241,10.3038,9.17162,435,122640,0.285347,0.25,1,138792,138357,435
24391161,15.6608,12.2343,439,122640,0.289069,0.22,1,138809,138370,439
24394081,15.1322,17.6469,435,122640,0.281814,0.25,1,138824,138389,435
24397001,11.0264,16.3294,429,122640,0.272363,0.15,1,138834,138405,429
24399921,34.2053,28.8659,437,122640,0.190473,0.13,1,138874,138437,437
24402841,8.44106,7.37317,437,122640,0.150095,0.25,1,138876,138439,437
24405761,16.8882,18.2746,435,122640,0.262019,0.2,1,138895,138460,435
24408681,4.97764,5.25493,435,122640,0.308404,0.31,1,138897,138462,435
24411601,4.19553,4.25099,435,122640,0.245681,0.22,1,138901,138466,435
24414521,22.4391,15.2502,444,122640,0.249136,0.21,1,138928,138484,444
24417441,11.6878,15.05,438,122640,0.241827,0.21,1,138937,138499,438
24420361,9.53756,7.01001,442,122640,0.272365,0.16,1,138946,138504,442
24423281,5.10751,7.002,439,122640,0.254473,0.25,1,138950,138511,439
24426201,4.2215,7.8004,435,122640,0.250895,0.29,1,138954,138519,435
24429121,5.6443,3.16008,439,122640,0.266179,0.26,1,138960,138521,439
24430641,1.92886,3.03202,437,122640,0.341236,0.24,1,138961,138524,437
24433561,3.58577,4.6064,436,122640,0.316247,0.24,1,138965,138529,436
24436481,2.31715,0.921281,438,122640,0.287249,0.33,1,138967,138529,438
24439401,5.26343,6.58426,436,122640,0.33745,0.29,1,138973,138537,436
24442321,2.65269,2.91685,436,122640,0.31549,0.33,1,138975,138539,436
24445241,7.73054,2.18337,443,122640,0.287098,0.25,1,138984,138541,443
24448161,6.34611,10.0367,437,122640,0.29742,0.29,1,138990,138553,437
24451081,5.26922,4.40733,439,122640,0.355484,0.2,1,138995,138556,439
24454001,22.6538,8.08147,457,122640,0.303097,0.29,1,139022,138565,457
24456921,6.13077,17.6163,439,122640,0.260619,0.33,1,139024,138585,439
24459841,8.42615,10.7233,439,122640,0.220124,0.19,1,139033,138594,439
24462761,3.28523,9.34465,432,122640,0.204025,0.19,1,139035,138603,432
24465681,10.257,3.46893,442,122640,0.216805,0.26,1,139047,138605,442
24468601,4.45141,4.69379,440,122640,0.291361,0.22,1,139050,138610,440
24471521,17.6903,2.53876,459,122640,0.218272,0.29,1,139071,138612,459
24474441,13.9381,18.9078,449,122640,0.203654,0.31,1,139084,138635,449
24477361,29.9876,14.9815,469,122640,0.224731,0.27,1,139118,138649,469
24480281,7.59752,28.5963,439,122640,0.196946,0.23,1,139120,138681,439
24483201,4.7195,7.31926,441,122640,0.167389,0.31,1,139124,138683,441
24485141,7.3439,7.86385,441,122640,0.225478,0.3,1,139132,138691,441
24488061,10.2688,4.77277,448,122640,0.285096,0.32,1,139143,138695,448
24490981,31.6538,11.3546,472,122640,0.273019,0.26,1,139180,138708,472
24493901,13.5308,33.4709,442,122640,0.246604,0.22,1,139189,138747,442
24496821,5.10615,11.4942,439,122640,0.265321,0.22,1,139192,138753,439
24499701,3.42123,3.89884,440,122640,0.229064,0.23,1,139195,138755,440
24502621,2.28425,3.97977,438,122640,0.245813,0.31,1,139197,138759,438
24505541,17.2569,5.59595,453,122640,0.217163,0.11,1,139218,138765,453
24508461,7.45137,15.5192,440,122640,0.163433,0.32,1,139223,138783,440
24511381,20.6903,10.3038,455,122640,0.336686,0.29,1,139247,138792,455
24514301,12.9381,15.6608,449,122640,0.363337,0.28,1,139258,138809,449
24517221,12.1876,15.1322,446,122640,0.416667,0.27,1,139270,138824,446
24520141,30.4375,11.0264,471,122640,0.299333,0.17,1,139305,138834,471
24523061,12.4875,34.2053,439,122640,0.323867,0.14,1,139313,138874,439
24525981,12.8975,8.44106,450,122640,0.248773,0.29,1,139326,138876,450
24528901,9.7795,16.8882,440,122640,0.313755,0.32,1,139335,138895,440
24531821,3.5559,4.97764,440,122640,0.318751,0.23,1,139337,138897,440
24533601,1.51118,4.19553,437,122640,0.30375,0.25,1,139338,138901,437
24536521,21.1022,22.4391,436,122640,0.34075,0.24,1,139364,138928,436
24539441,10.6204,11.6878,435,122640,0.28415,0.28,1,139372,138937,435
24542361,6.92409,9.53756,432,122640,0.32083,0.25,1,139378,138946,432
24545281,9.38482,5.10751,438,122640,0.304166,0.25,1,139388,138950,438
24548161,5.07696,4.2215,438,122640,0.324833,0.27,1,139392,138954,438
24551081,2.61539,5.6443,434,122640,0.304967,0.36,1,139394,138960,434
24554001,7.72308,1.92886,442,122640,0.316993,0.31,1,139403,138961,442
24556921,3.14462,3.58577,440,122640,0.327399,0.28,1,139405,138965,440
24559841,2.22892,2.31715,440,122640,0.29748,0.35,1,139407,138967,440
24561681,1.24578,5.26343,435,122640,0.275496,0.34,1,139408,138973,435
24564601,6.64916,3.45269,440,122640,0.367099,0.28,1,139416,138976,440
24567521,7.72983,7.09054,440,122640,0.34542,0.3,1,139424,138984,440
24570441,3.14597,6.21811,436,122640,0.317084,0.37,1,139426,138990,436
24573361,5.42919,5.24362,437,122640,0.303417,0.29,1,139432,138995,437
24576281,17.8858,22.6487,431,122640,0.260683,0.25,1,139453,139022,431
24579201,5.17717,6.12974,431,122640,0.332137,0.21,1,139455,139024,431
24582121,9.83543,8.42595,433,122640,0.402427,0.2,1,139466,139033,433
24585041,3.56709,3.28519,433,122640,0.400485,0.22,1,139468,139035,433
24587961,9.51342,10.257,432,122640,0.376097,0.31,1,139479,139047,432
24590881,9.90268,4.45141,439,122640,0.307219,0.2,1,139489,139050,439
24593801,14.7805,17.6903,434,122640,0.421444,0.2,1,139505,139071,434
24596721,10.9561,13.9381,431,122640,0.308289,0.23,1,139515,139084,431
24599641,31.7912,29.9876,434,122640,0.333658,0.19,1,139552,139118,434
24602561,7.95824,7.59752,434,122640,0.338732,0.16,1,139554,139120,434
24605361,7.99165,4.7195,438,122640,0.411746,0.24,1,139562,139124,438
24608281,13.5983,7.3439,445,122640,0.282349,0.3,1,139577,139132,445
24611201,33.1197,10.2688,472,122640,0.34447,0.27,1,139615,139143,472
24614121,14.6239,31.6538,445,122640,0.404894,0.24,1,139625,139180,445
24617041,5.32479,13.5308,439,122640,0.400979,0.27,1,139628,139189,439
24619961,5.06496,5.10615,441,122640,0.328196,0.22,1,139633,139192,441
24622001,2.61299,3.42123,440,122640,0.361639,0.3,1,139635,139195,440
24624921,2.1226,4.68425,437,122640,0.368328,0.21,1,139637,139200,437
24627841,16.4245,15.3368,439,122640,0.337666,0.15,1,139657,139218,439
24630761,4.8849,7.06737,436,122640,0.387533,0.38,1,139659,139223,436
24633681,21.777,20.6135,438,122640,0.405507,0.37,1,139685,139247,438
24636601,9.1554,12.9227,433,122640,0.377101,0.43,1,139691,139258,433
24639521,13.0311,12.1845,435,122640,0.43542,0.27,1,139705,139270,435
24642441,33.0062,30.4369,438,122640,0.399084,0.33,1,139743,139305,438
24645361,9.80124,12.4874,434,122640,0.327817,0.23,1,139747,139313,434
24648281,14.7602,12.8975,437,122640,0.369563,0.33,1,139763,139326,437
24651201,9.35205,9.7795,436,122640,0.393913,0.32,1,139771,139335,436
24654121,8.27041,3.5559,442,122640,0.334783,0.3,1,139779,139337,442
24657041,20.8541,1.51118,465,122640,0.402957,0.35,1,139803,139338,465
24659961,8.97082,21.1022,445,122640,0.464591,0.27,1,139809,139364,445
24662881,6.59416,10.6204,443,122640,0.420918,0.33,1,139815,139372,443
24665801,7.71883,6.92409,445,122640,0.396184,0.3,1,139823,139378,445
24668721,3.94377,9.38482,438,122640,0.455237,0.33,1,139826,139388,438
24671641,4.78875,5.07696,439,122640,0.395047,0.3,1,139831,139392,439
24674561,9.75775,2.61539,448,122640,0.399009,0.32,1,139842,139394,448
24677481,3.55155,7.72308,441,122640,0.367802,0.33,1,139844,139403,441
24679201,1.51031,3.14462,440,122640,0.41756,0.35,1,139845,139405,440
24682121,3.50206,4.62892,439,122640,0.379512,0.35,1,139849,139410,439
24685041,3.10041,0.925785,442,122640,0.323902,0.39,1,139852,139410,442
24687961,6.22008,4.98516,443,122640,0.38478,0.34,1,139859,139416,443
24690881,3.64402,7.39703,438,122640,0.380956,0.31,1,139862,139424,438
24692721,2.3288,3.07941,438,122640,0.380191,0.3,1,139864,139426,438
24695641,5.26576,5.41588,438,122640,0.476038,0.25,1,139870,139432,438
24698561,21.8532,17.8832,443,122640,0.327208,0.35,1,139896,139453,443
24701481,5.97063,5.17664,443,122640,0.337442,0.42,1,139898,139455,443
24704401,7.59413,9.83533,440,122640,0.371488,0.4,1,139906,139466,440
24707321,3.11883,3.56707,440,122640,0.434298,0.37,1,139908,139468,440
24710241,7.02377,9.51341,437,122640,0.35086,0.29,1,139916,139479,437
24713161,10.2048,9.90268,438,122640,0.374172,0.45,1,139927,139489,438
24716081,13.241,14.7805,436,122640,0.370834,0.28,1,139941,139505,436
24719001,17.0482,10.9561,444,122640,0.354167,0.34,1,139959,139515,444
24721921,32.2096,31.7912,443,122640,0.382833,0.34,1,139995,139552,443
24724841,8.04193,7.95824,443,122640,0.356567,0.43,1,139997,139554,443
24727761,3.20839,7.99165,437,122640,0.439313,0.25,1,139999,139562,437
24730681,15.8417,13.5983,441,122640,0.391863,0.36,1,140018,139577,441
24733601,35.9683,33.1197,444,122640,0.374373,0.42,1,140059,139615,444
24736521,11.9937,14.6239,440,122640,0.394874,0.4,1,140065,139625,440
24739441,3.99873,5.32479,439,122640,0.406975,0.31,1,140067,139628,439
24741601,6.39975,5.06496,441,122640,0.369395,0.37,1,140074,139633,441
24744521,5.27995,4.21299,442,122640,0.377879,0.37,1,140079,139637,442
24747441,2.65599,0.842598,444,122640,0.355576,0.33,1,140081,139637,444
24750361,16.5312,16.1685,444,122640,0.335115,0.4,1,140101,139657,444
24753281,4.90624,4.8337,444,122640,0.307023,0.41,1,140103,139659,444
24756201,18.5812,21.7667,440,122640,0.309405,0.37,1,140125,139685,440
24759121,10.9162,9.15335,443,122640,0.229881,0.45,1,140134,139691,443
24762041,14.9833,13.0307,445,122640,0.341976,0.39,1,140150,139705,445
24764961,29.3966,33.0061,440,122640,0.252395,0.31,1,140183,139743,440
24767881,12.2793,9.80123,444,122640,0.266479,0.38,1,140191,139747,444
24770801,14.4559,14.7602,443,122640,0.365296,0.4,1,140206,139763,443
24773721,10.8912,9.35205,445,122640,0.265059,0.32,1,140216,139771,445
24776641,6.97823,8.27041,443,122640,0.301012,0.42,1,140222,139779,443
24779561,19.7956,20.8541,442,122640,0.324202,0.48,1,140245,139803,442
24782481,10.3591,8.97082,444,122640,0.39284,0.41,1,140253,139809,444
24785401,6.87183,6.59416,444,122640,0.382568,0.39,1,140259,139815,444
24788321,9.37437,7.71883,446,122640,0.340514,0.47,1,140269,139823,446
24791241,3.47487,3.94377,445,122640,0.356103,0.38,1,140271,139826,445
24794161,2.29497,4.78875,442,122640,0.327221,0.4,1,140273,139831,442
24797081,6.05899,9.75775,438,122640,0.321444,0.36,1,140280,139842,438
24800001,6.8118,3.55155,443,122640,0.344289,0.43,1,140287,139844,443
24802921,4.56236,1.51031,446,122640,0.308858,0.37,1,140291,139845,446
24805841,2.51247,3.50206,444,122640,0.269772,0.31,1,140293,139849,444
24808761,4.50249,3.10041,446,122640,0.341954,0.4,1,140298,139852,446
24811681,7.3005,6.22008,447,122640,0.324391,0.38,1,140306,139859,447
24814601,3.0601,3.64402,446,122640,0.328878,0.5,1,140308,139862,446
24817521,2.21202,7.1288,440,122640,0.369776,0.29,1,140310,139870,440
24820441,22.0424,22.2258,441,122640,0.329955,0.34,1,140337,139896,441
24823361,9.20848,6.04515,445,122640,0.337991,0.38,1,140343,139898,445
24826281,3.4417,7.60903,439,122640,0.307598,0.45,1,140345,139906,439
24829201,2.28834,3.12181,439,122640,0.27752,0.33,1,140347,139908,439
24832081,8.45767,7.02436,441,122640,0.383504,0.38,1,140357,139916,441
24835001,6.49153,10.2049,436,122640,0.348701,0.37,1,140363,139927,436
24837921,18.0983,13.241,443,122640,0.38974,0.35,1,140384,139941,443
24840841,13.2197,17.0482,437,122640,0.397948,0.39,1,140396,139959,437
24843761,33.8439,32.2096,440,122640,0.33559,0.35,1,140435,139995,440
24846681,8.36879,8.04193,440,122640,0.291118,0.46,1,140437,139997,440
24849601,3.27376,3.20839,440,122640,0.370224,0.46,1,140439,139999,440
24851221,16.6548,0.641677,460,122640,0.378045,0.38,1,140459,139999,460
24854141,36.931,15.3283,483,122640,0.251609,0.37,1,140501,140018,483
24857061,8.98619,35.8657,444,122640,0.322322,0.4,1,140503,140059,444
24859981,4.19724,11.9731,441,122640,0.288464,0.41,1,140506,140065,441
24862661,6.43945,3.99463,446,122640,0.393693,0.36,1,140513,140067,446
24865581,6.88789,6.39893,446,122640,0.382739,0.38,1,140520,140074,446
24868501,2.97758,5.27978,443,122640,0.340548,0.35,1,140522,140079,443
24870981,14.1955,2.65596,458,122640,0.35611,0.33,1,140539,140081,458
24873901,8.4391,16.5312,445,122640,0.343222,0.3,1,140546,140101,445
24876821,9.68782,4.90624,453,122640,0.372644,0.31,1,140556,140103,453
24879741,15.5376,18.5812,448,122640,0.314529,0.21,1,140573,140125,448
24882661,17.5075,10.9162,457,122640,0.278906,0.37,1,140591,140134,457
24885581,24.3015,14.9832,467,122640,0.303781,0.23,1,140617,140150,467
24888501,11.2603,29.3966,442,122640,0.388756,0.27,1,140625,140183,442
24891421,13.4521,12.2793,448,122640,0.389751,0.39,1,140639,140191,448
24894341,17.0904,14.4559,451,122640,0.30195,0.24,1,140657,140206,451
24897261,5.01808,10.8912,443,122640,0.30839,0.31,1,140659,140216,443
24900181,22.6036,6.97823,464,122640,0.301678,0.33,1,140686,140222,464
24903101,10.9207,19.7956,449,122640,0.284336,0.41,1,140694,140245,449
24906021,4.58414,10.3591,444,122640,0.384867,0.38,1,140697,140253,444
24908941,8.11683,6.87183,447,122640,0.324973,0.33,1,140706,140259,447
24911861,3.22337,9.37437,439,122640,0.360995,0.36,1,140708,140269,439
24914781,2.24467,3.47487,439,122640,0.336199,0.32,1,140710,140271,439
24917701,5.24893,2.29497,443,122640,0.33124,0.32,1,140716,140273,443
24919861,8.24979,6.05899,445,122640,0.330248,0.35,1,140725,140280,445
24922781,4.84996,6.8118,442,122640,0.35405,0.3,1,140729,140287,442
24925701,2.56999,4.56236,440,122640,0.32681,0.26,1,140731,140291,440
24928621,4.514,2.51247,443,122640,0.321362,0.36,1,140736,140293,443
24931541,3.3028,4.50249,441,122640,0.272272,0.32,1,140739,140298,441
24934461,2.26056,7.3005,435,122640,0.334454,0.33,1,140741,140306,435
24937381,2.05211,3.0601,435,122640,0.354891,0.38,1,140743,140308,435
24939201,1.21042,2.21202,434,122640,0.334978,0.32,1,140744,140310,434
24942121,23.4421,22.0424,436,122640,0.378996,0.34,1,140773,140337,436
24945041,11.8884,9.20848,439,122640,0.347799,0.3,1,140782,140343,439
24947961,7.17768,3.4417,443,122640,0.33356,0.3,1,140788,140345,443
24950021,3.03554,0.688339,445,122640,0.298712,0.27,1,140790,140345,445
24952941,8.60711,1.73767,453,122640,0.363742,0.41,1,140800,140347,453
24955861,3.32142,8.34753,445,122640,0.376748,0.34,1,140802,140357,445
24958781,19.0643,6.46951,462,122640,0.37135,0.4,1,140825,140363,462
24961701,8.61286,18.0939,447,122640,0.36227,0.4,1,140831,140384,447
24964621,36.1226,13.2188,478,122640,0.344454,0.32,1,140874,140396,478
24967541,9.62451,33.8438,442,122640,0.284891,0.28,1,140877,140435,442
24970461,4.3249,8.36875,443,122640,0.248978,0.39,1,140880,140437,443
24972901,15.265,3.27375,459,122640,0.273796,0.22,1,140898,140439,459
24975821,39.053,50.2548,442,122640,0.286759,0.34,1,140943,140501,442
24978741,9.4106,11.6509,442,122640,0.369352,0.28,1,140945,140503,442
24981661,3.48212,4.73019,441,122640,0.39387,0.28,1,140947,140506,441
24983301,1.49642,0.946038,442,122640,0.382774,0.42,1,140948,140506,442
24986221,3.49928,5.78921,439,122640,0.324555,0.38,1,140952,140513,439
24989141,5.49986,6.75784,438,122640,0.304911,0.33,1,140958,140520,438
24992061,14.7,2.95157,453,122640,0.276982,0.36,1,140975,140522,453
24994981,11.74,14.1903,447,122640,0.359396,0.34,1,140986,140539,447
24997901,8.748,8.43806,448,122640,0.303879,0.38,1,140994,140546,448
25000821,9.7496,9.68761,448,122640,0.372776,0.3,1,141004,140556,448
25003741,18.7499,15.5375,452,122640,0.322555,0.27,1,141025,140573,452
25006661,29.35,17.5075,466,122640,0.400511,0.31,1,141057,140591,466
25009581,7.47,24.3015,442,122640,0.384102,0.41,1,141059,140617,442
25012501,12.694,11.2603,448,122640,0.40482,0.39,1,141073,140625,448
25015421,21.7388,13.4521,458,122640,0.384964,0.28,1,141097,140639,458
25018341,5.94776,17.0904,442,122640,0.348993,0.31,1,141099,140657,442
25021261,22.7896,5.01808,467,122640,0.341799,0.3,1,141126,140659,467
25024181,7.75791,22.6036,444,122640,0.39636,0.28,1,141130,140686,444
25027101,3.95158,10.9207,439,122640,0.367272,0.41,1,141133,140694,439
25030021,9.59032,4.58414,447,122640,0.433454,0.31,1,141144,140697,447
25032941,3.51806,8.11683,440,122640,0.438691,0.37,1,141146,140706,440
25035861,3.90361,3.22337,442,122640,0.375738,0.33,1,141150,140708,442
25038781,3.18072,2.24467,443,122640,0.307148,0.33,1,141153,140710,443
25041701,7.83614,5.24893,446,122640,0.38143,0.36,1,141162,140716,446
25044621,4.76723,11.4498,437,122640,0.364286,0.32,1,141166,140729,437
25047541,5.75345,3.88996,441,122640,0.368857,0.32,1,141172,140731,441
25050461,4.35069,4.77799,440,122640,0.337771,0.26,1,141176,140736,440
25053381,2.47014,3.3556,439,122640,0.331554,0.35,1,141178,140739,439
25056301,2.09403,2.27112,439,122640,0.298311,0.36,1,141180,140741,439
25059221,2.01881,2.05422,439,122640,0.387662,0.33,1,141182,140743,439
25062141,26.0038,1.21084,470,122640,0.301532,0.39,1,141214,140744,470
25065061,11.6008,23.4422,449,122640,0.396306,0.34,1,141222,140773,449
25067981,7.92015,11.8884,447,122640,0.399261,0.33,1,141229,140782,447
25070901,3.18403,7.17769,443,122640,0.367852,0.29,1,141231,140788,443
25073821,3.83681,3.03554,445,122640,0.33757,0.38,1,141235,140790,445
25076741,7.16736,8.60711,443,122640,0.411514,0.38,1,141243,140800,443
25079661,15.8335,3.32142,459,122640,0.386303,0.37,1,141261,140802,459
25082581,6.36669,19.0643,440,122640,0.309261,0.36,1,141265,140825,440
25085501,40.4733,8.61286,483,122640,0.301852,0.34,1,141314,140831,483
25088421,9.69467,36.1226,442,122640,0.26837,0.27,1,141316,140874,442
25091341,3.53893,9.62451,441,122640,0.229674,0.24,1,141318,140877,441
25093541,14.3078,4.3249,455,122640,0.317935,0.28,1,141335,140880,455
25096461,38.0616,15.265,481,122640,0.375587,0.29,1,141379,140898,481
25099381,9.21231,39.053,438,122640,0.355117,0.39,1,141381,140943,438
25102301,3.44246,9.4106,438,122640,0.319023,0.4,1,141383,140945,438
25104981,7.88849,3.48212,445,122640,0.319805,0.3,1,141392,140947,445
25107901,3.1777,6.29642,440,122640,0.319961,0.3,1,141394,140954,440
25110821,2.23554,4.45928,438,122640,0.287992,0.27,1,141396,140958,438
25113741,15.6471,14.4919,440,122640,0.321598,0.38,1,141415,140975,440
25116661,6.32942,11.6984,433,122640,0.27232,0.29,1,141419,140986,433
25119581,13.2659,8.73967,440,122640,0.302464,0.39,1,141434,140994,440
25122501,10.6532,9.74793,440,122640,0.404493,0.31,1,141444,141004,440
25125421,20.5306,18.7496,442,122640,0.272899,0.42,1,141467,141025,442
25128341,24.1061,29.3499,435,122640,0.35058,0.38,1,141492,141057,435
25131261,8.02123,7.46998,437,122640,0.334116,0.41,1,141496,141059,437
25134181,13.6042,12.694,438,122640,0.362823,0.38,1,141511,141073,438
25137101,23.5208,21.7388,440,122640,0.368565,0.34,1,141537,141097,440
25140021,6.30417,5.94776,440,122640,0.337713,0.34,1,141539,141099,440
25142941,22.8608,22.7896,440,122640,0.395543,0.41,1,141566,141126,440
25145861,10.9722,7.75791,444,122640,0.343109,0.36,1,141574,141130,444
25148781,3.79443,3.95158,443,122640,0.300622,0.45,1,141576,141133,443
25151701,5.55889,9.59032,438,122640,0.380124,0.44,1,141582,141144,438
25154621,2.71178,3.51806,438,122640,0.404025,0.36,1,141584,141146,438
25157541,6.94236,3.90361,442,122640,0.408805,0.36,1,141592,141150,442
25159061,2.18847,0.780722,443,122640,0.425761,0.33,1,141593,141150,443
25161981,7.63769,4.15614,447,122640,0.317152,0.4,1,141602,141155,447
25164901,3.12754,6.43123,442,122640,0.30343,0.36,1,141604,141162,442
25167821,7.82551,4.48625,447,122640,0.364686,0.37,1,141613,141166,447
25170741,4.7651,5.69725,445,122640,0.344937,0.33,1,141617,141172,445
25173661,4.15302,4.33945,445,122640,0.276987,0.33,1,141621,141176,445
25176581,2.4306,2.46789,445,122640,0.231397,0.29,1,141623,141178,445
25178401,1.28612,2.09358,444,122640,0.246279,0.42,1,141624,141180,444
25181321,1.85722,4.41872,441,122640,0.225256,0.28,1,141626,141185,441
25184241,23.5714,24.0837,441,122640,0.293051,0.42,1,141655,141214,441
25187161,9.51429,11.2167,439,122640,0.24261,0.4,1,141661,141222,439
25190081,5.10286,7.84335,436,122640,0.280522,0.36,1,141665,141229,436
25193001,8.22057,3.16867,443,122640,0.304104,0.33,1,141674,141231,443
25195921,4.84411,3.83373,443,122640,0.324821,0.33,1,141678,141235,443
25197541,1.76882,0.766747,444,122640,0.312964,0.43,1,141679,141235,444
25200461,17.1538,6.55335,457,122640,0.238593,0.38,1,141700,141243,457
25203381,5.03075,15.7107,441,122640,0.375719,0.29,1,141702,141261,441
25206301,42.6062,6.34213,489,122640,0.355144,0.3,1,141754,141265,489
25209221,10.9212,40.4684,443,122640,0.351029,0.26,1,141757,141314,443
25212141,3.78425,9.69369,443,122640,0.326206,0.22,1,141759,141316,443
25214181,7.15685,3.53874,449,122640,0.369241,0.34,1,141767,141318,449
25217101,40.6314,14.3077,481,122640,0.369848,0.39,1,141816,141335,481
25220021,9.72627,38.0616,439,122640,0.33797,0.35,1,141818,141379,439
25222941,3.54525,9.21231,439,122640,0.379594,0.31,1,141820,141381,439
25225621,5.50905,3.44246,443,122640,0.323919,0.32,1,141826,141383,443
25228541,2.70181,7.88849,436,122640,0.312784,0.32,1,141828,141392,436
25231461,2.14036,3.1777,436,122640,0.310557,0.28,1,141830,141394,436
25233941,15.6281,2.23554,453,122640,0.262111,0.33,1,141849,141396,453
25236861,10.3256,15.6471,443,122640,0.284422,0.26,1,141858,141415,443
25239781,17.2651,6.32942,458,122640,0.288884,0.31,1,141877,141419,458
25242701,8.25302,13.2659,449,122640,0.265777,0.43,1,141883,141434,449
25245621,16.8506,10.6532,458,122640,0.237155,0.24,1,141902,141444,458
25248541,27.3701,20.5306,465,122640,0.151431,0.37,1,141932,141467,465
25251461,7.07402,24.1061,442,122640,0.326286,0.33,1,141934,141492,442
25254381,11.8148,8.02123,451,122640,0.377257,0.37,1,141947,141496,451
25257301,19.963,13.6042,458,122640,0.307451,0.37,1,141969,141511,458
25260221,5.59259,23.5208,434,122640,0.34949,0.33,1,141971,141537,434
25263141,25.9185,6.30417,463,122640,0.405898,0.41,1,142002,141539,463
25266061,15.5837,22.8608,449,122640,0.39318,0.33,1,142015,141566,449
25268981,4.71674,10.9722,443,122640,0.358636,0.29,1,142017,141574,443
25271901,5.74335,3.79443,447,122640,0.359727,0.4,1,142023,141576,447
25274821,2.74867,5.55889,443,122640,0.359945,0.41,1,142025,141582,443
25277741,2.14973,2.71178,443,122640,0.415989,0.41,1,142027,141584,443
25280661,2.02995,6.94236,437,122640,0.419198,0.29,1,142029,141592,437
25283581,11.606,9.38847,441,122640,0.38784,0.3,1,142043,141602,441
25286501,3.9212,3.47769,441,122640,0.349568,0.38,1,142045,141604,441
25289421,2.38424,7.89554,434,122640,0.309914,0.38,1,142047,141613,434
25291141,8.47685,1.57911,444,122640,0.341983,0.34,1,142057,141613,444
25294061,3.29537,3.51582,442,122640,0.428397,0.26,1,142059,141617,442
25296981,2.25907,3.90316,440,122640,0.413679,0.22,1,142061,141621,440
25299461,4.45181,2.38063,443,122640,0.362736,0.4,1,142066,141623,443
25302381,4.09036,6.87613,439,122640,0.456547,0.4,1,142070,141631,439
25305301,16.8181,1.37523,459,122640,0.387309,0.31,1,142090,141631,459
25308221,9.76361,19.475,443,122640,0.413462,0.23,1,142098,141655,443
25311141,4.35272,8.69501,440,122640,0.410692,0.29,1,142101,141661,440
25312981,4.07054,4.939,440,122640,0.346138,0.31,1,142105,141665,440
25315901,11.2141,8.1878,444,122640,0.349228,0.33,1,142118,141674,444
25318821,3.84282,4.83756,442,122640,0.309846,0.22,1,142120,141678,442
25321741,12.7686,18.5675,435,122640,0.397969,0.41,1,142135,141700,435
25324661,4.15371,5.3135,435,122640,0.383594,0.35,1,142137,141702,435
25327581,48.8307,42.6627,443,122640,0.364719,0.35,1,142197,141754,443
25330501,11.3661,10.9325,442,122640,0.328944,0.32,1,142199,141757,442
25333421,3.87323,3.78651,442,122640,0.281789,0.32,1,142201,141759,442
25335861,3.97465,0.757302,446,122640,0.344358,0.37,1,142205,141759,446
25338781,39.9949,45.7515,438,122640,0.332872,0.33,1,142254,141816,438
25341701,9.59899,10.7503,438,122640,0.298574,0.39,1,142256,141818,438
25344621,3.5198,3.75006,438,122640,0.331715,0.39,1,142258,141820,438
25346261,4.70396,0.750012,443,122640,0.410343,0.31,1,142263,141820,443
25349181,2.54079,6.55,437,122640,0.426069,0.31,1,142265,141828,437
25352101,2.10816,1.31,439,122640,0.429214,0.31,1,142267,141828,439
25355021,15.6216,1.862,456,122640,0.333843,0.25,1,142286,141830,456
25357941,7.92433,15.5724,443,122640,0.282769,0.29,1,142292,141849,443
25360861,19.1849,10.3145,456,122640,0.360554,0.29,1,142314,141858,456
25363781,10.237,17.2629,445,122640,0.304111,0.26,1,142322,141877,445
25366701,10.8474,8.25258,450,122640,0.332822,0.23,1,142333,141883,450
25369621,28.5695,16.8505,464,122640,0.362564,0.13,1,142366,141902,464
25372541,7.3139,27.3701,436,122640,0.336513,0.37,1,142368,141932,436
25375461,16.6628,7.07402,453,122640,0.371303,0.39,1,142387,141934,453
25378381,16.1326,11.8148,456,122640,0.330261,0.29,1,142403,141947,456
25381301,6.42651,19.963,438,122640,0.322052,0.36,1,142407,141969,438
25384221,27.6853,5.59259,469,122640,0.24841,0.42,1,142440,141971,469
25387141,16.7371,25.9185,452,122640,0.337682,0.39,1,142454,142002,452
25390061,8.14741,15.5837,445,122640,0.307536,0.35,1,142460,142015,445
25392981,5.62948,4.71674,448,122640,0.285507,0.36,1,142465,142017,448
25395141,3.5259,5.74335,445,122640,0.329101,0.43,1,142468,142023,445
25398061,2.30518,4.34867,443,122640,0.30582,0.43,1,142470,142027,443
25400981,2.06104,0.869734,445,122640,0.301164,0.42,1,142472,142027,445
25403901,7.61221,1.77395,452,122640,0.372233,0.38,1,142481,142029,452
25406821,3.12244,11.5548,440,122640,0.386447,0.34,1,142483,142043,440
25409741,3.02449,3.91096,441,122640,0.341289,0.3,1,142486,142045,441
25411361,2.2049,2.38219,441,122640,0.308258,0.35,1,142488,142047,441
25414281,10.841,8.47644,444,122640,0.341652,0.45,1,142501,142057,444
25417201,3.7682,3.29529,444,122640,0.35633,0.41,1,142503,142059,444
25419681,2.35364,2.25906,444,122640,0.351266,0.48,1,142505,142061,444
25422601,4.47073,6.05181,442,122640,0.302253,0.48,1,142510,142068,442
25425521,16.8941,2.81036,460,122640,0.356451,0.37,1,142530,142070,460
25428441,6.57883,16.5621,444,122640,0.36729,0.42,1,142534,142090,444
25431361,3.71577,9.71241,439,122640,0.321458,0.41,1,142537,142098,439
25434281,7.14315,4.34248,444,122640,0.352292,0.35,1,142545,142101,444
25437201,15.0286,14.4685,444,122640,0.382458,0.3,1,142562,142118,444
25440121,4.60573,4.4937,444,122640,0.388492,0.42,1,142564,142120,444
25443041,13.7211,12.8987,445,122640,0.453698,0.38,1,142580,142135,445
25445961,4.34423,4.17975,445,122640,0.46674,0.36,1,142582,142137,445
25448881,45.6688,48.8359,441,122640,0.381348,0.32,1,142638,142197,441
25451801,10.7338,11.3672,441,122640,0.34827,0.27,1,142640,142199,441
25454721,3.74675,3.87344,441,122640,0.309654,0.27,1,142642,142201,441
25456501,3.14935,0.774688,444,122640,0.253931,0.36,1,142645,142201,444
25459421,41.4299,3.35494,491,122640,0.314786,0.33,1,142696,142205,491
25462341,9.88597,39.871,444,122640,0.382957,0.29,1,142698,142254,444
25465261,3.57719,9.5742,444,122640,0.364591,0.34,1,142700,142256,444
25467941,2.31544,3.51484,444,122640,0.328918,0.43,1,142702,142258,444
25470861,2.06309,6.30297,439,122640,0.313784,0.43,1,142704,142265,439
25473781,2.01262,2.86059,439,122640,0.318757,0.31,1,142706,142267,439
25476701,11.6025,15.7721,434,122640,0.343751,0.27,1,142720,142286,434
25479621,11.1205,7.95442,439,122640,0.40475,0.38,1,142731,142292,439
25482541,19.8241,19.1909,439,122640,0.31295,0.29,1,142753,142314,439
25485461,10.3648,10.2382,439,122640,0.23059,0.34,1,142761,142322,439
25488381,8.47296,10.8476,436,122640,0.310118,0.37,1,142769,142333,436
25491301,32.8946,28.5695,442,122640,0.182024,0.33,1,142808,142366,442
25494221,8.17892,7.3139,442,122640,0.316405,0.38,1,142810,142368,442
25497141,17.6358,16.6628,443,122640,0.375281,0.32,1,142830,142387,443
25500061,11.5272,16.1326,437,122640,0.315056,0.32,1,142840,142403,437
25502981,8.70543,6.42651,441,122640,0.327011,0.23,1,142848,142407,441
25505901,26.5411,27.6853,439,122640,0.273402,0.36,1,142879,142440,439
25508821,14.1082,16.7371,436,122640,0.34268,0.3,1,142890,142454,436
25511741,9.22164,8.14741,438,122640,0.316536,0.28,1,142898,142460,438
25514321,8.24433,5.62948,441,122640,0.359307,0.34,1,142906,142465,441
25517241,3.24887,3.5259,440,122640,0.335861,0.3,1,142908,142468,440
25520161,3.84977,2.30518,442,122640,0.387172,0.3,1,142912,142470,442
25523081,2.36995,2.06104,442,122640,0.357434,0.39,1,142914,142472,442
25526001,5.27399,7.61221,439,122640,0.375487,0.39,1,142920,142481,439
25528921,2.6548,3.12244,439,122640,0.347097,0.33,1,142922,142483,439
25531841,5.33096,3.02449,442,122640,0.293419,0.33,1,142928,142486,442
25533461,1.86619,0.604898,443,122640,0.266684,0.35,1,142929,142486,443
25536381,6.77324,12.121,436,122640,0.293337,0.36,1,142937,142501,436
25539301,2.95465,4.0242,436,122640,0.298667,0.35,1,142939,142503,436
25542221,3.79093,2.40484,438,122640,0.291733,0.29,1,142943,142505,438
25545141,6.35819,4.48097,440,122640,0.306347,0.37,1,142950,142510,440
25548061,18.8716,16.8962,442,122640,0.293269,0.37,1,142972,142530,442
25550981,5.37433,6.57924,440,122640,0.290654,0.31,1,142974,142534,440
25552801,1.87487,3.71585,438,122640,0.274131,0.36,1,142975,142537,438
25555721,6.77497,7.14317,438,122640,0.278826,0.39,1,142983,142545,438
25558641,20.555,15.0286,445,122640,0.271765,0.39,1,143007,142562,445
25561561,5.711,4.60573,445,122640,0.246353,0.47,1,143009,142564,445
25564481,10.7422,13.7211,441,122640,0.305271,0.47,1,143021,142580,441
25567401,3.74844,4.34423,441,122640,0.285054,0.36,1,143023,142582,441
25570321,44.7497,45.6688,440,122640,0.329011,0.34,1,143078,142638,440
25573241,10.5499,10.7338,440,122640,0.305802,0.3,1,143080,142640,440
25576161,3.70999,3.74675,440,122640,0.26916,0.24,1,143082,142642,440
25579081,5.542,3.14935,443,122640,0.237832,0.33,1,143088,142645,443
25582001,37.9084,41.4299,438,122640,0.271566,0.4,1,143134,142696,438
25584921,9.18168,9.88597,438,122640,0.270313,0.36,1,143136,142698,438
25587121,6.63634,3.57719,442,122640,0.198063,0.42,1,143142,142700,442
25590041,2.92727,7.91544,435,122640,0.191613,0.42,1,143144,142709,435
25592961,2.18545,1.58309,437,122640,0.246323,0.42,1,143146,142709,437
25595881,2.03709,0.316618,439,122640,0.329264,0.35,1,143148,142709,439
25598801,10.0074,8.86332,440,122640,0.313853,0.42,1,143160,142720,440
25601721,12.4015,10.5727,442,122640,0.238771,0.29,1,143173,142731,442
25604641,16.0803,19.7145,437,122640,0.311754,0.21,1,143190,142753,437
25607561,10.4161,10.3429,438,122640,0.278351,0.33,1,143199,142761,438
25610481,6.88321,8.46858,436,122640,0.31967,0.15,1,143205,142769,436
25613401,30.9766,32.8937,434,122640,0.383934,0.35,1,143242,142808,434
25616321,9.39533,8.17874,436,122640,0.380787,0.39,1,143246,142810,436
25619241,18.6791,17.6357,437,122640,0.356157,0.3,1,143267,142830,437
25622161,10.9358,11.5271,436,122640,0.311231,0.33,1,143276,142840,436
25625081,5.38716,8.70543,432,122640,0.390246,0.26,1,143280,142848,432
25628001,30.6774,26.5411,438,122640,0.358049,0.36,1,143317,142879,438
25630921,14.1355,14.1082,437,122640,0.25561,0.31,1,143327,142890,437
25633841,10.0271,9.22164,438,122640,0.283122,0.37,1,143336,142898,438
25636761,8.40542,8.24433,438,122640,0.240624,0.33,1,143344,142906,438
25639681,4.88108,3.24887,440,122640,0.240125,0.4,1,143348,142908,440
25642241,2.57622,3.84977,438,122640,0.232025,0.35,1,143350,142912,438
25645161,2.11524,2.36995,438,122640,0.198405,0.38,1,143352,142914,438
25648081,2.02305,5.27399,434,122640,0.295681,0.34,1,143354,142920,434
25650561,2.00461,2.6548,434,122640,0.323136,0.28,1,143356,142922,434
25653481,7.60092,5.33096,437,122640,0.320627,0.26,1,143365,142928,437
25656401,7.92018,1.86619,444,122640,0.256125,0.3,1,143373,142929,444
25659321,3.18404,6.77324,438,122640,0.331225,0.3,1,143375,142937,438
25662241,2.23681,2.95465,438,122640,0.338245,0.29,1,143377,142939,438
25665161,9.24736,3.79093,445,122640,0.355649,0.31,1,143388,142943,445
25667201,3.44947,6.35819,440,122640,0.32713,0.29,1,143390,142950,440
25670121,14.2899,18.8716,435,122640,0.361426,0.29,1,143407,142972,435
25673041,4.45798,5.37433,435,122640,0.376285,0.27,1,143409,142974,435
25675961,6.4916,1.87487,441,122640,0.299257,0.28,1,143416,142975,441
25678881,24.4983,6.77497,462,122640,0.267851,0.27,1,143445,142983,462
25681801,6.49966,20.555,440,122640,0.22957,0.24,1,143447,143007,440
25684721,7.69993,5.711,446,122640,0.237914,0.32,1,143455,143009,446
25687641,3.93999,10.7422,437,122640,0.343583,0.28,1,143458,143021,437
25690561,41.588,3.74844,486,122640,0.284717,0.34,1,143509,143023,486
25693481,12.3176,44.7497,436,122640,0.216943,0.3,1,143514,143078,436
25696401,6.46352,10.5499,439,122640,0.131389,0.26,1,143519,143080,439
25698401,2.0927,3.70999,438,122640,0.130278,0.23,1,143520,143082,438
25701321,3.61854,5.542,436,122640,0.274056,0.28,1,143524,143088,436
25704241,35.9237,37.9084,434,122640,0.270811,0.27,1,143568,143134,434
25707161,11.9847,9.18168,438,122640,0.238162,0.18,1,143574,143136,438
25710081,8.79695,6.63634,440,122640,0.279632,0.19,1,143582,143142,440
25713001,3.35939,2.92727,440,122640,0.263927,0.26,1,143584,143144,440
25715041,2.27188,2.18545,440,122640,0.260785,0.31,1,143586,143146,440
25717961,3.65438,4.43709,439,122640,0.252157,0.31,1,143590,143151,439
25720881,3.93088,8.08742,434,122640,0.290431,0.22,1,143594,143160,434
25723801,9.58618,12.0175,432,122640,0.362086,0.33,1,143605,143173,432
25726721,17.1172,16.0035,434,122640,0.216417,0.27,1,143624,143190,434
25729641,17.0234,10.4007,442,122640,0.243283,0.33,1,143641,143199,442
25732561,8.20469,6.88014,442,122640,0.200657,0.4,1,143647,143205,442
25735481,32.0409,30.976,443,122640,0.248131,0.38,1,143685,143242,443
25738401,8.00819,9.39521,441,122640,0.217626,0.35,1,143687,143246,441
25741321,13.6016,18.679,435,122640,0.307525,0.3,1,143702,143267,435
25744241,9.92033,10.9358,435,122640,0.357505,0.41,1,143711,143276,435
25747161,5.18407,5.38716,435,122640,0.335501,0.35,1,143715,143280,435
25750081,29.8368,30.6774,434,122640,0.2991,0.23,1,143751,143317,434
25753001,14.7674,14.1355,435,122640,0.33982,0.29,1,143762,143327,435
25755921,9.35347,10.0271,434,122640,0.219964,0.23,1,143770,143336,434
25758841,12.2707,8.40542,439,122640,0.323993,0.24,1,143783,143344,439
25761761,4.05414,4.88108,437,122640,0.336799,0.24,1,143785,143348,437
25763301,1.61083,0.976217,438,122640,0.32336,0.23,1,143786,143348,438
25766221,1.92217,1.79524,438,122640,0.288672,0.19,1,143788,143350,438
25769141,1.98443,1.95905,438,122640,0.337734,0.32,1,143790,143352,438
25771621,5.19689,1.99181,442,122640,0.347547,0.33,1,143796,143354,442
25774541,7.43938,7.59836,441,122640,0.261509,0.32,1,143804,143363,441
25777461,4.68788,3.11967,443,122640,0.268302,0.24,1,143808,143365,443
25780381,3.33758,7.02393,438,122640,0.21366,0.35,1,143811,143373,438
25783301,4.66751,3.00479,441,122640,0.314732,0.34,1,143816,143375,441
25785141,3.3335,2.20096,442,122640,0.358946,0.36,1,143819,143377,442
25788061,7.8667,9.24019,440,122640,0.287789,0.32,1,143828,143388,440
25790981,11.1733,3.44804,450,122640,0.209558,0.37,1,143840,143390,450
25793901,3.83467,14.2896,435,122640,0.193912,0.38,1,143842,143407,435
25796821,7.16693,4.45792,441,122640,0.310782,0.28,1,143850,143409,441
25799701,23.8334,6.49158,462,122640,0.198156,0.26,1,143878,143416,462
25802621,11.1667,24.4983,441,122640,0.231631,0.22,1,143886,143445,441
25805541,7.03334,6.49966,445,122640,0.182326,0.24,1,143892,143447,445
25808021,3.00667,7.69993,439,122640,0.212465,0.37,1,143894,143455,439
25810941,34.2013,3.93999,478,122640,0.234493,0.27,1,143936,143458,478
25813861,18.8403,41.588,442,122640,0.214899,0.2,1,143951,143509,442
25816781,6.16805,12.3176,440,122640,0.16298,0.11,1,143954,143514,440
25819701,2.83361,6.46352,437,122640,0.112596,0.31,1,143956,143519,437
25822621,6.96672,5.2927,440,122640,0.0225192,0.27,1,143964,143524,440
25825541,29.3933,36.2585,431,122640,0.140504,0.23,1,143999,143568,431
25828461,13.0787,12.0517,434,122640,0.244101,0.29,1,144008,143574,434
25831381,11.4157,8.81034,437,122640,0.18482,0.26,1,144019,143582,437
25834301,3.88315,3.36207,437,122640,0.148964,0.26,1,144021,143584,437
25837221,2.37663,2.27241,437,122640,0.109793,0.25,1,144023,143586,437
25839221,5.27533,3.65448,439,122640,0.157959,0.3,1,144029,143590,439
25842141,4.25507,3.9309,439,122640,0.167592,0.38,1,144033,143594,439
25845061,3.25101,9.58618,431,122640,0.201518,0.18,1,144036,143605,431
25847981,19.0502,17.1172,435,122640,0.184304,0.25,1,144059,143624,435
25850901,19.81,17.0234,438,122640,0.204861,0.19,1,144079,143641,438
25853821,8.76201,8.20469,438,122640,0.176972,0.26,1,144085,143647,438
25856741,28.1524,32.0409,433,122640,0.243394,0.21,1,144118,143685,433
25859661,7.23048,8.00819,433,122640,0.264679,0.33,1,144120,143687,433
25862581,18.2461,13.6016,439,122640,0.316936,0.37,1,144141,143702,439
25865501,10.0492,9.92033,438,122640,0.351387,0.33,1,144149,143711,438
25868421,5.20984,5.18407,438,122640,0.350277,0.29,1,144153,143715,438
25871341,30.642,29.8368,439,122640,0.302055,0.35,1,144190,143751,439
25874261,9.32839,14.7674,432,122640,0.300411,0.19,1,144194,143762,432
25877181,9.06568,9.35347,433,122640,0.340082,0.35,1,144203,143770,433
25880101,16.2131,12.2707,438,122640,0.300016,0.34,1,144221,143783,438
25883021,4.84263,4.05414,438,122640,0.284003,0.32,1,144223,143785,438
25885941,2.56853,1.61083,439,122640,0.256801,0.28,1,144225,143786,439
25888101,2.11371,1.92217,439,122640,0.32336,0.35,1,144227,143788,439
25891021,2.02274,6.78443,433,122640,0.304672,0.35,1,144229,143796,433
25893941,2.00455,1.35689,435,122640,0.268934,0.24,1,144231,143796,435
25896861,7.60091,6.67138,436,122640,0.357787,0.27,1,144240,143804,436
25899781,6.32018,4.53428,438,122640,0.319557,0.2,1,144246,143808,438
25902701,2.86404,3.30686,437,122640,0.279911,0.34,1,144248,143811,437
25905621,2.17281,4.66137,434,122640,0.239982,0.37,1,144250,143816,434
25908541,6.83456,3.33227,439,122640,0.367996,0.27,1,144258,143819,439
25911461,16.5669,7.86646,449,122640,0.369599,0.19,1,144277,143828,449
25914381,4.91338,11.1733,439,122640,0.33792,0.19,1,144279,143840,439
25917221,2.58268,3.83466,439,122640,0.307584,0.34,1,144281,143842,439
25920141,23.7165,7.16693,460,122640,0.357517,0.17,1,144310,143850,460
25923061,10.3433,23.8334,439,122640,0.311503,0.24,1,144317,143878,439
25925981,6.86866,11.1667,437,122640,0.286301,0.17,1,144323,143886,437
25928901,2.97373,7.03334,433,122640,0.24926,0.22,1,144325,143892,433
25931781,32.5947,3.00667,471,122640,0.337852,0.24,1,144365,143894,471
25934701,12.1189,34.2013,436,122640,0.35557,0.21,1,144372,143936,436
25937621,5.62379,18.8403,425,122640,0.335114,0.15,1,144376,143951,425
25940541,11.5248,6.16805,435,122640,0.339023,0.1,1,144389,143954,435
25943221,7.10495,2.83361,439,122640,0.403805,0,1,144395,143956,439
25946141,31.021,6.96672,468,122640,0.256761,0.17,1,144432,143964,468
25949061,10.2042,29.3933,438,122640,0.243352,0.27,1,144437,143999,438
25951981,11.6408,13.0787,441,122640,0.35267,0.17,1,144449,144008,441
25954901,3.92817,11.4157,432,122640,0.342534,0.14,1,144451,144019,432
25957821,2.38563,3.88315,432,122640,0.308507,0.1,1,144453,144021,432
25959441,1.27713,2.37663,431,122640,0.285701,0.17,1,144454,144023,431
25962361,8.25543,5.27533,435,122640,0.32114,0.17,1,144464,144029,435
25965281,3.25108,4.25507,433,122640,0.320228,0.21,1,144466,144033,433
25968201,23.8502,3.25101,459,122640,0.264046,0.18,1,144495,144036,459
25971121,14.37,19.0502,448,122640,0.340809,0.21,1,144507,144059,448
25974041,13.274,19.81,441,122640,0.300162,0.17,1,144520,144079,441
25976961,25.8548,8.76201,464,122640,0.292032,0.26,1,144549,144085,464
25979881,7.57096,28.1524,434,122640,0.242406,0.27,1,144552,144118,434
25982801,23.1142,7.23048,459,122640,0.304481,0.33,1,144579,144120,459
25985721,10.2228,18.2461,445,122640,0.332896,0.36,1,144586,144141,445
25988641,3.64457,10.0492,439,122640,0.314579,0.35,1,144588,144149,439
25991561,31.9289,5.20984,474,122640,0.302916,0.29,1,144627,144153,474
25994481,9.58578,30.642,441,122640,0.236583,0.3,1,144631,144190,441
25997401,10.7172,9.32839,448,122640,0.343317,0.35,1,144642,144194,448
26000321,12.5434,9.06568,452,122640,0.268663,0.29,1,144655,144203,452
26003241,4.10869,16.2131,436,122640,0.253733,0.28,1,144657,144221,436
26006161,2.42174,4.84263,436,122640,0.338747,0.25,1,144659,144223,436
26008741,2.88435,2.56853,437,122640,0.307749,0.32,1,144662,144225,437
26011661,6.17687,2.91371,441,122640,0.27755,0.3,1,144669,144228,441
26014581,2.83537,1.38274,442,122640,0.39951,0.26,1,144671,144229,442
26017501,2.16707,1.87655,442,122640,0.391902,0.38,1,144673,144231,442
26020421,10.8334,7.57531,446,122640,0.36638,0.31,1,144686,144240,446
26023341,5.36668,6.31506,444,122640,0.337276,0.27,1,144690,144246,444
26026261,2.67334,2.86301,444,122640,0.291455,0.23,1,144692,144248,444
26028501,2.93467,2.1726,445,122640,0.234291,0.42,1,144695,144250,445
26031421,14.1869,9.23452,451,122640,0.318858,0.37,1,144712,144261,451
26034341,4.43739,14.6469,437,122640,0.327772,0.33,1,144714,144277,437
26037261,3.28748,4.52938,438,122640,0.289554,0.3,1,144717,144279,438
26039521,3.0575,2.50588,439,122640,0.297911,0.37,1,144720,144281,439
26042441,23.0115,23.7012,438,122640,0.227582,0.3,1,144748,144310,438
26045361,11.0023,10.3402,439,122640,0.293516,0.28,1,144756,144317,439
26048281,11.8005,6.86805,445,122640,0.298703,0.24,1,144768,144323,445
26051201,3.96009,2.97361,445,122640,0.299741,0.36,1,144770,144325,445
26054121,25.592,32.5947,436,122640,0.371948,0.36,1,144801,144365,436
26057041,13.9184,12.1189,440,122640,0.29039,0.33,1,144812,144372,440
26059961,4.38368,5.62379,438,122640,0.242078,0.34,1,144814,144376,438
26062881,11.2767,11.5248,438,122640,0.352416,0.42,1,144827,144389,438
26065801,8.65535,7.10495,440,122640,0.358483,0.22,1,144835,144395,440
26068721,29.7311,31.021,438,122640,0.375697,0.24,1,144870,144432,438
26071641,12.3462,10.2042,441,122640,0.443139,0.38,1,144878,144437,441
26074561,10.4692,11.6408,439,122640,0.400628,0.34,1,144888,144449,439
26077481,3.69385,3.92817,439,122640,0.400126,0.3,1,144890,144451,439
26080081,2.33877,2.38563,439,122640,0.408025,0.26,1,144892,144453,439
26083001,10.0678,2.07713,449,122640,0.457605,0.33,1,144904,144455,449
26085921,3.61355,7.61543,442,122640,0.467521,0.32,1,144906,144464,442
26088841,23.9227,3.12309,469,122640,0.429504,0.25,1,144935,144466,469
26091761,12.7845,23.8246,450,122640,0.325901,0.36,1,144945,144495,450
26094681,12.9569,14.3649,451,122640,0.41718,0.29,1,144958,144507,451
26097601,24.1914,13.273,465,122640,0.435436,0.29,1,144985,144520,465
26100521,6.43828,25.8546,438,122640,0.439087,0.23,1,144987,144549,438
26103441,24.4877,7.57092,464,122640,0.399817,0.32,1,145016,144552,464
26106361,9.69753,23.1142,443,122640,0.423964,0.34,1,145022,144579,443
26109281,4.33951,10.2228,439,122640,0.380793,0.31,1,145025,144586,439
26111701,33.6679,3.64457,478,122640,0.396159,0.3,1,145066,144588,478
26114621,9.93358,31.9289,443,122640,0.391232,0.22,1,145070,144627,443
26117541,5.18672,9.58578,443,122640,0.366246,0.37,1,145074,144631,443
26120461,12.2373,10.7172,446,122640,0.401249,0.25,1,145088,144642,446
26123381,4.84747,12.5434,436,122640,0.46425,0.25,1,145091,144655,436
26126301,3.36949,4.10869,437,122640,0.42085,0.36,1,145094,144657,437
26127921,2.2739,2.42174,437,122640,0.38017,0.28,1,145096,144659,437
26130841,6.05478,6.08435,437,122640,0.436034,0.27,1,145103,144666,437
26133761,6.01096,3.61687,440,122640,0.439207,0.43,1,145109,144669,440
26136681,2.80219,2.32337,440,122640,0.399841,0.39,1,145111,144671,440
26139361,2.16044,2.06467,440,122640,0.447968,0.36,1,145113,144673,440
26142281,12.4321,10.8129,442,122640,0.409594,0.33,1,145128,144686,442
26145201,4.08642,5.36259,440,122640,0.369919,0.28,1,145130,144690,440
26147681,4.01728,2.67252,442,122640,0.409984,0.41,1,145134,144692,442
26150601,2.40346,3.7345,440,122640,0.385997,0.34,1,145136,144696,440
26153521,13.2807,13.5469,440,122640,0.429199,0.33,1,145152,144712,440
26156441,5.85614,4.30938,442,122640,0.40584,0.28,1,145156,144714,442
26159361,2.77123,3.26188,441,122640,0.409168,0.3,1,145158,144717,441
26162281,19.7542,3.05238,462,122640,0.321834,0.21,1,145182,144720,462
26165201,11.9508,23.0105,444,122640,0.264367,0.31,1,145192,144748,444
26168121,11.9902,11.0021,448,122640,0.316873,0.3,1,145204,144756,448
26171041,4.79803,11.8004,439,122640,0.319375,0.3,1,145207,144768,439
26173961,23.3596,3.96008,465,122640,0.335875,0.39,1,145235,144770,465
26176881,18.2719,25.592,451,122640,0.363175,0.27,1,145252,144801,451
26179801,6.85438,13.9184,444,122640,0.304635,0.23,1,145256,144812,444
26182721,9.37088,4.38368,452,122640,0.348927,0.38,1,145266,144814,452
26185641,9.07418,11.2767,448,122640,0.317785,0.36,1,145275,144827,448
26188561,33.8148,8.65535,480,122640,0.327557,0.38,1,145315,144835,480
26191481,9.96297,29.7311,449,122640,0.361511,0.46,1,145319,144870,449
26194401,5.19259,12.3462,445,122640,0.352302,0.39,1,145323,144878,445
26197321,9.83852,10.4692,446,122640,0.33446,0.4,1,145334,144888,446
26200241,3.5677,3.69385,446,122640,0.306892,0.41,1,145336,144890,446
26201761,1.51354,2.33877,445,122640,0.341378,0.47,1,145337,144892,445
26204681,6.70271,10.0678,441,122640,0.292276,0.47,1,145345,144904,441
26207601,2.94054,3.61355,441,122640,0.282455,0.42,1,145347,144906,441
26210521,22.1881,23.9227,439,122640,0.320491,0.3,1,145374,144935,439
26213441,15.6376,12.7845,443,122640,0.368098,0.44,1,145388,144945,443
26216361,14.3275,12.9569,444,122640,0.39362,0.44,1,145402,144958,444
26219281,24.4655,24.1914,444,122640,0.286724,0.44,1,145429,144985,444
26222201,6.4931,6.43828,444,122640,0.385345,0.39,1,145431,144987,444
26225121,22.8986,24.4877,442,122640,0.253069,0.43,1,145458,145016,442
26228041,11.7797,9.69753,445,122640,0.282614,0.37,1,145467,145022,445
26230961,3.95594,4.33951,444,122640,0.288523,0.4,1,145469,145025,444
26233881,30.3912,33.6679,440,122640,0.169705,0.39,1,145506,145066,440
26236801,10.8782,9.93358,442,122640,0.313941,0.36,1,145512,145070,442
26239721,6.97565,5.18672,444,122640,0.334788,0.41,1,145518,145074,444
26242641,7.79513,12.2373,438,122640,0.306958,0.48,1,145526,145088,438
26245561,8.75903,4.84747,444,122640,0.301392,0.41,1,145535,145091,444
26248481,3.35181,3.36949,443,122640,0.300278,0.41,1,145537,145094,443
26250021,2.27036,0.673899,445,122640,0.268056,0.45,1,145539,145094,445
26252941,7.65407,7.33478,445,122640,0.381611,0.44,1,145548,145103,445
26255861,7.13081,6.26696,446,122640,0.316322,0.39,1,145555,145109,446
26258781,3.02616,2.85339,446,122640,0.279264,0.46,1,145557,145111,446
26261701,2.20523,2.17068,446,122640,0.271853,0.4,1,145559,145113,446
26264621,7.64105,12.4341,440,122640,0.374371,0.36,1,145568,145128,440
26267541,3.12821,4.08683,440,122640,0.362874,0.42,1,145570,145130,440
26270401,7.82564,4.01737,445,122640,0.376575,0.39,1,145579,145134,445
26273321,12.7651,5.60347,453,122640,0.395315,0.44,1,145593,145140,453
26276241,4.15303,10.7207,443,122640,0.399063,0.4,1,145595,145152,443
26279161,2.43061,5.34414,441,122640,0.407813,0.41,1,145597,145156,441
26280801,1.28612,2.66883,440,122640,0.393562,0.3,1,145598,145158,440
26283721,16.2572,19.7338,436,122640,0.318713,0.25,1,145618,145182,436
26286641,13.6514,11.9468,439,122640,0.319743,0.33,1,145631,145192,439
26289561,13.9303,11.9894,441,122640,0.367949,0.32,1,145645,145204,441
26292481,5.98606,4.79787,442,122640,0.33759,0.34,1,145649,145207,442
26295401,24.3972,23.3596,443,122640,0.219518,0.37,1,145678,145235,443
26298321,17.6794,18.2719,442,122640,0.307904,0.29,1,145694,145252,442
26301241,5.13589,6.85438,440,122640,0.293581,0.36,1,145696,145256,440
26304161,7.42718,9.37088,438,122640,0.162716,0.31,1,145704,145266,438
26307081,12.6854,9.07418,443,122640,0.240543,0.33,1,145718,145275,443
26310001,32.1371,33.8148,440,122640,0.304109,0.37,1,145755,145315,440
26312921,9.62742,9.96297,440,122640,0.292822,0.35,1,145759,145319,440
26315841,3.52548,5.19259,438,122640,0.274564,0.33,1,145761,145323,438
26318761,7.9051,9.83852,436,122640,0.350913,0.3,1,145770,145334,436
26321681,3.18102,3.5677,436,122640,0.366183,0.35,1,145772,145336,436
26324601,11.8362,1.51354,449,122640,0.385237,0.28,1,145786,145337,449
26327521,3.96724,6.70271,443,122640,0.365047,0.28,1,145788,145345,443
26330441,23.1934,2.94054,469,122640,0.329009,0.33,1,145816,145347,469
26333361,15.0387,22.1881,455,122640,0.257802,0.38,1,145829,145374,455
26336281,11.0077,15.6376,451,122640,0.21156,0.4,1,145839,145388,451
26339201,19.8015,14.3275,459,122640,0.282312,0.26,1,145861,145402,459
26342121,6.36031,24.4655,435,122640,0.288462,0.41,1,145864,145429,435
26345041,24.4721,6.4931,462,122640,0.313692,0.22,1,145893,145431,462
26347961,16.8944,22.8986,450,122640,0.334738,0.29,1,145908,145458,450
26350881,4.97888,11.7797,443,122640,0.306948,0.29,1,145910,145467,443
26353801,28.1958,3.95594,475,122640,0.35739,0.14,1,145944,145469,475
26356721,10.4392,30.3912,444,122640,0.303478,0.35,1,145950,145506,444
26359641,4.48783,10.8782,441,122640,0.244696,0.34,1,145953,145512,441
26362561,8.09757,6.97565,444,122640,0.384939,0.3,1,145962,145518,444
26365481,6.41951,7.79513,442,122640,0.348988,0.3,1,145968,145526,442
26368401,9.2839,8.75903,443,122640,0.317798,0.3,1,145978,145535,443
26371321,3.45678,3.35181,443,122640,0.35156,0.41,1,145980,145537,443
26374241,2.29136,9.47036,434,122640,0.326312,0.3,1,145982,145548,434
26377161,10.8583,7.49407,440,122640,0.289262,0.27,1,145995,145555,440
26380081,3.77165,3.09881,440,122640,0.321852,0.27,1,145997,145557,440
26382101,3.15433,0.619763,443,122640,0.32837,0.24,1,146000,145557,443
26385021,5.43087,4.12395,444,122640,0.257674,0.4,1,146006,145562,444
26387941,4.28617,5.62479,442,122640,0.251535,0.36,1,146010,145568,442
26390861,2.45723,2.72496,442,122640,0.242307,0.38,1,146012,145570,442
26393781,16.4914,7.74499,453,122640,0.224461,0.4,1,146032,145579,453
26396701,4.89829,12.749,441,122640,0.228892,0.4,1,146034,145593,441
26399621,2.57966,4.1498,441,122640,0.229778,0.41,1,146036,145595,441
26401441,1.31593,2.42996,440,122640,0.213956,0.38,1,146037,145597,440
26404361,15.4632,4.48599,454,122640,0.258791,0.3,1,146056,145602,454
26407281,10.2926,13.6972,447,122640,0.291758,0.32,1,146065,145618,447
26410201,15.6585,13.1394,451,122640,0.362352,0.38,1,146082,145631,451
26413121,7.13171,13.8279,442,122640,0.32847,0.33,1,146087,145645,442
26416041,26.2263,5.96558,469,122640,0.273694,0.19,1,146118,145649,469
26418961,8.44527,24.3931,444,122640,0.206739,0.33,1,146122,145678,444
26421881,9.68905,17.6786,438,122640,0.313348,0.29,1,146132,145694,438
26424801,7.53781,5.13572,443,122640,0.30267,0.13,1,146139,145696,443
26427721,14.3076,7.42714,451,122640,0.292534,0.26,1,146155,145704,451
26430641,34.0615,12.6854,476,122640,0.306507,0.32,1,146194,145718,476
26433561,10.0123,32.1371,443,122640,0.325301,0.29,1,146198,145755,443
26436481,3.60246,9.62742,441,122640,0.32106,0.27,1,146200,145759,441
26439301,5.52049,3.52548,445,122640,0.312212,0.37,1,146206,145761,445
26442221,2.7041,7.9051,438,122640,0.310442,0.37,1,146208,145770,438
26445141,10.1408,3.18102,448,122640,0.286088,0.39,1,146220,145772,448
26448061,3.62816,11.8362,436,122640,0.273218,0.36,1,146222,145786,436
26450981,23.1256,3.96724,462,122640,0.326644,0.32,1,146250,145788,462
26453901,13.4251,23.1934,445,122640,0.313329,0.24,1,146261,145816,445
26456821,14.685,15.0387,447,122640,0.326666,0.2,1,146276,145829,447
26459741,19.737,11.0077,458,122640,0.273333,0.3,1,146297,145839,458
26462661,11.1474,19.8015,445,122640,0.238667,0.29,1,146306,145861,445
26465581,21.4295,6.36031,466,122640,0.223733,0.32,1,146330,145864,466
26468501,14.6859,24.4721,450,122640,0.244747,0.34,1,146343,145893,450
26471421,10.1372,16.8944,444,122640,0.184949,0.3,1,146352,145908,444
26474341,24.4274,4.97888,470,122640,0.28499,0.37,1,146380,145910,470
26477261,8.08549,28.1958,440,122640,0.240998,0.29,1,146384,145944,440
26480181,10.4171,10.4392,445,122640,0.3122,0.23,1,146395,145950,445
26482981,6.88342,4.48783,448,122640,0.23844,0.42,1,146401,145953,448
26485901,4.57668,8.09757,443,122640,0.279688,0.34,1,146405,145962,443
26488821,8.11534,6.41951,446,122640,0.303938,0.31,1,146414,145968,446
26491741,3.22307,9.2839,438,122640,0.308788,0.36,1,146416,145978,438
26494661,2.24461,3.45678,438,122640,0.277758,0.32,1,146418,145980,438
26497541,8.44892,2.29136,446,122640,0.295551,0.28,1,146428,145982,446
26500461,3.28978,10.8583,435,122640,0.31511,0.33,1,146430,145995,435
26503381,3.85796,3.77165,437,122640,0.279022,0.33,1,146434,145997,437
26505861,8.77159,3.15433,444,122640,0.327804,0.24,1,146444,146000,444
26508781,3.35432,5.43087,440,122640,0.337561,0.25,1,146446,146006,440
26511701,2.27086,4.28617,438,122640,0.315512,0.24,1,146448,146010,438
26514181,19.6542,2.45723,460,122640,0.287102,0.22,1,146472,146012,460
26517101,5.53083,16.4914,442,122640,0.33742,0.23,1,146474,146032,442
26520021,2.70617,4.89829,442,122640,0.315484,0.23,1,146476,146034,442
26522501,3.74123,2.57966,444,122640,0.271097,0.43,1,146480,146036,444
26525421,10.3482,8.51593,446,122640,0.342219,0.27,1,146492,146046,446
26528341,13.2696,9.70319,450,122640,0.292444,0.3,1,146506,146056,450
26531261,13.8539,9.14064,455,122640,0.314489,0.38,1,146520,146065,455
26534181,4.37079,15.4281,440,122640,0.310898,0.32,1,146522,146082,440
26537101,29.6742,7.08563,471,122640,0.26218,0.26,1,146558,146087,471
26540021,7.53483,26.2171,442,122640,0.220436,0.19,1,146560,146118,442
26542941,5.50697,8.44342,443,122640,0.172087,0.34,1,146565,146122,443
26545861,2.70139,9.68868,435,122640,0.138417,0.3,1,146567,146132,435
26548781,19.7403,7.53774,452,122640,0.227683,0.29,1,146591,146139,452
26551701,32.7481,14.3075,472,122640,0.261537,0.31,1,146627,146155,472
26554621,13.7496,34.0615,442,122640,0.268307,0.33,1,146636,146194,442
26557541,4.34992,10.0123,440,122640,0.293661,0.32,1,146638,146198,440
26560461,4.06998,3.60246,442,122640,0.290732,0.31,1,146642,146200,442
26563381,2.414,5.52049,438,122640,0.258146,0.31,1,146644,146206,438
26566301,10.0828,2.7041,448,122640,0.219629,0.28,1,146656,146208,448
26569221,4.41656,10.1408,439,122640,0.211926,0.27,1,146659,146220,439
26572141,22.4833,3.62816,464,122640,0.210385,0.34,1,146686,146222,464
26575061,12.4967,23.1256,446,122640,0.162077,0.31,1,146696,146250,446
26577981,17.6993,13.4251,454,122640,0.208415,0.33,1,146715,146261,454
26580901,14.7399,14.685,453,122640,0.257683,0.26,1,146729,146276,453
26583821,10.148,19.737,441,122640,0.299537,0.23,1,146738,146297,441
26586741,22.8296,11.1474,458,122640,0.315907,0.22,1,146764,146306,458
26589661,10.9659,21.4295,442,122640,0.247181,0.25,1,146772,146330,442
26592581,15.7932,14.6859,446,122640,0.225436,0.17,1,146789,146343,446
26595501,25.5586,10.1372,465,122640,0.261087,0.31,1,146817,146352,465
26598421,8.31173,24.4274,441,122640,0.244217,0.23,1,146821,146380,441
26601341,9.66235,8.08549,447,122640,0.288843,0.33,1,146831,146384,447
26604261,9.13247,10.4171,445,122640,0.225769,0.29,1,146840,146395,445
26607181,4.22649,10.0834,438,122640,0.293154,0.31,1,146843,146405,438
26610101,4.0453,9.21668,433,122640,0.266631,0.31,1,146847,146414,433
26613021,2.40906,3.44334,433,122640,0.285326,0.27,1,146849,146416,433
26615941,6.08181,2.28867,438,122640,0.273065,0.27,1,146856,146418,438
26618181,4.41636,0.457733,442,122640,0.286613,0.3,1,146860,146418,442
26621101,6.48327,8.09155,439,122640,0.265323,0.32,1,146867,146428,439
26624021,6.89665,3.21831,444,122640,0.237065,0.27,1,146874,146430,444
26626501,6.17933,3.84366,446,122640,0.255413,0.34,1,146880,146434,446
26629421,2.83587,8.76873,438,122640,0.227083,0.34,1,146882,146444,438
26632341,2.16717,3.35375,438,122640,0.221417,0.31,1,146884,146446,438
26635261,22.8334,2.27075,464,122640,0.220283,0.28,1,146912,146448,464
26638181,6.16669,19.6542,442,122640,0.228057,0.35,1,146914,146472,442
26641101,2.83334,5.53083,442,122640,0.197611,0.31,1,146916,146474,442
26644021,3.76667,2.70617,444,122640,0.247522,0.36,1,146920,146476,444
26646941,2.35333,13.3412,430,122640,0.225504,0.28,1,146922,146492,430
26649861,15.6707,13.8682,435,122640,0.221101,0.32,1,146941,146506,435
26652781,14.3341,13.9736,435,122640,0.28422,0.31,1,146955,146520,435
26655701,4.46683,4.39473,435,122640,0.264844,0.25,1,146957,146522,435
26658621,28.8934,29.6789,434,122640,0.292969,0.21,1,146992,146558,434
26661541,7.37867,7.53579,434,122640,0.266594,0.16,1,146994,146560,434
26664461,3.07573,5.50716,431,122640,0.245319,0.16,1,146996,146565,431
26666021,7.81515,1.10143,440,122640,0.393064,0.28,1,147005,146565,440
26668941,14.363,3.42029,452,122640,0.270613,0.25,1,147021,146569,452
26671861,35.6726,18.2841,471,122640,0.382123,0.27,1,147062,146591,471
26674781,10.3345,32.4568,439,122640,0.348425,0.27,1,147066,146627,439
26677701,3.6669,13.6914,432,122640,0.317685,0.3,1,147068,146636,432
26680581,5.53338,4.33827,436,122640,0.399537,0.29,1,147074,146638,436
26683501,2.70668,4.06765,434,122640,0.407907,0.25,1,147076,146642,434
26686421,12.5413,2.41353,447,122640,0.409581,0.21,1,147091,146644,447
26689341,4.90827,10.0827,438,122640,0.361916,0.21,1,147094,146656,438
26692261,17.7817,4.41654,456,122640,0.288383,0.21,1,147115,146659,456
26695181,14.7563,22.4833,443,122640,0.313677,0.15,1,147129,146686,443
26698101,19.7513,12.4967,454,122640,0.334735,0.22,1,147150,146696,454
26701021,15.9503,17.6993,450,122640,0.394947,0.27,1,147165,146715,450
26703941,9.59005,14.7399,444,122640,0.358989,0.31,1,147173,146729,444
26706861,21.118,10.148,459,122640,0.311798,0.32,1,147197,146738,459
26709781,10.6236,22.8296,441,122640,0.37436,0.23,1,147205,146764,441
26712701,18.9247,10.9659,454,122640,0.346872,0.22,1,147226,146772,454
26715621,25.3849,15.7932,464,122640,0.429374,0.27,1,147253,146789,464
26718541,9.07699,25.5586,441,122640,0.365875,0.24,1,147258,146817,441
26721461,4.2154,8.31173,440,122640,0.313175,0.3,1,147261,146821,440
26724381,12.8431,9.66235,445,122640,0.390635,0.21,1,147276,146831,445
26727301,4.96862,9.13247,439,122640,0.366127,0.31,1,147279,146840,439
26730221,2.59372,4.22649,438,122640,0.329225,0.26,1,147281,146843,438
26732161,1.31874,4.0453,435,122640,0.313845,0.29,1,147282,146847,435
26735081,1.86375,2.40906,435,122640,0.278769,0.27,1,147284,146849,435
26738001,4.37275,6.08181,433,122640,0.367754,0.29,1,147289,146856,433
26740921,8.07455,4.41636,438,122640,0.337551,0.26,1,147298,146860,438
26743841,8.81491,6.48327,440,122640,0.36351,0.23,1,147307,146867,440
26746761,4.16298,6.89665,436,122640,0.432702,0.26,1,147310,146874,436
26749681,7.2326,6.17933,438,122640,0.42254,0.22,1,147318,146880,438
26751921,3.04652,2.83587,438,122640,0.444508,0.22,1,147320,146882,438
26754841,2.2093,2.16717,438,122640,0.448902,0.22,1,147322,146884,438
26757761,20.4419,22.8334,435,122640,0.46578,0.23,1,147347,146912,435
26760681,8.88837,6.16669,439,122640,0.445156,0.19,1,147353,146914,439
26763361,3.37767,2.83334,439,122640,0.441031,0.22,1,147355,146916,439
26766281,3.87553,5.36667,437,122640,0.400206,0.22,1,147359,146922,437
26769201,2.37511,1.07333,439,122640,0.360041,0.22,1,147361,146922,439
26772121,10.075,15.4147,432,122640,0.440008,0.3,1,147373,146941,432
26775041,15.615,14.2829,435,122640,0.328002,0.26,1,147390,146955,435
26777961,4.723,4.45659,435,122640,0.2816,0.3,1,147392,146957,435
26780881,34.5446,28.8913,442,122640,0.36032,0.26,1,147434,146992,442
26783801,8.50892,7.37826,442,122640,0.368064,0.24,1,147436,146994,442
26786241,3.30178,3.07565,442,122640,0.337613,0.43,1,147438,146996,442
26789161,16.6604,7.81513,453,122640,0.291523,0.24,1,147458,147005,453
26792081,34.5321,14.363,476,122640,0.290305,0.41,1,147497,147021,476
26795001,14.9064,35.6726,445,122640,0.314061,0.34,1,147507,147062,445
26797921,4.58128,10.3345,443,122640,0.326812,0.31,1,147509,147066,443
26799761,1.71626,3.6669,442,122640,0.401362,0.42,1,147510,147068,442
26802681,5.94325,5.53338,443,122640,0.312272,0.41,1,147517,147074,443
26805601,4.38865,2.70668,445,122640,0.310454,0.41,1,147521,147076,445
26808521,8.87773,12.5413,440,122640,0.294091,0.35,1,147531,147091,440
26811441,3.37555,4.90827,439,122640,0.370818,0.27,1,147533,147094,439
26814361,18.2751,17.7817,440,122640,0.354164,0.32,1,147555,147115,440
26817281,16.455,14.7563,442,122640,0.318833,0.34,1,147571,147129,442
26820201,16.891,19.7513,438,122640,0.359767,0.41,1,147588,147150,438
26823121,19.3782,15.9503,443,122640,0.279953,0.35,1,147608,147165,443
26826041,7.07564,9.59005,439,122640,0.343991,0.3,1,147612,147173,439
26828961,25.4151,21.118,445,122640,0.284798,0.39,1,147642,147197,445
26831881,6.68303,10.6236,439,122640,0.24096,0.34,1,147644,147205,439
26834801,18.1366,18.9247,439,122640,0.272192,0.45,1,147665,147226,439
26837721,23.6273,25.3849,437,122640,0.294438,0.35,1,147690,147253,437
26840641,14.3255,9.07699,444,122640,0.322888,0.3,1,147702,147258,444
26843441,4.46509,4.2154,443,122640,0.304578,0.41,1,147704,147261,443
26846361,7.29302,12.8431,436,122640,0.308916,0.36,1,147712,147276,436
26849281,8.6586,4.96862,442,122640,0.357783,0.32,1,147721,147279,442
26851761,3.33172,2.59372,442,122640,0.367557,0.41,1,147723,147281,442
26854681,5.46634,6.11874,441,122640,0.281511,0.41,1,147729,147288,441
26857601,4.29327,1.22375,445,122640,0.232302,0.39,1,147733,147288,445
26860521,3.25865,1.04475,447,122640,0.32646,0.33,1,147736,147289,447
26863441,3.85173,7.40895,442,122640,0.345292,0.37,1,147740,147298,442
26866361,8.77035,8.68179,443,122640,0.309058,0.45,1,147750,147307,443
26869281,6.55407,4.13636,446,122640,0.269812,0.42,1,147756,147310,446
26872201,2.91081,7.22727,440,122640,0.237962,0.45,1,147758,147318,440
26875121,2.18216,3.04545,440,122640,0.319592,0.45,1,147760,147320,440
26878041,22.0364,2.20909,465,122640,0.335919,0.47,1,147787,147322,465
26880961,6.00729,20.4418,442,122640,0.315184,0.44,1,147789,147347,442
26883881,3.60146,8.88836,439,122640,0.295037,0.44,1,147792,147353,439
26886501,9.52029,3.37767,448,122640,0.315007,0.39,1,147803,147355,448
26889421,3.50406,3.87553,446,122640,0.343001,0.35,1,147805,147359,446
26892341,3.90081,2.37511,448,122640,0.3646,0.46,1,147809,147361,448
26895261,17.5802,10.075,457,122640,0.32092,0.3,1,147830,147373,457
26898181,5.11603,15.615,442,122640,0.280184,0.27,1,147832,147390,442
26901101,28.2232,4.723,474,122640,0.288037,0.38,1,147866,147392,474
26904021,8.04464,34.5446,435,122640,0.241607,0.37,1,147869,147434,435
26906941,11.2089,8.50892,445,122640,0.256321,0.33,1,147881,147436,445
26909861,14.2418,3.30178,458,122640,0.267264,0.28,1,147896,147438,458
26912781,33.2484,16.6604,476,122640,0.277453,0.29,1,147934,147458,476
26915701,13.0497,34.5321,445,122640,0.183491,0.32,1,147942,147497,445
26918621,4.20993,14.9064,437,122640,0.164698,0.33,1,147944,147507,437
26921541,2.44199,4.58128,437,122640,0.22494,0.29,1,147946,147509,437
26924461,7.6884,7.31626,438,122640,0.348988,0.31,1,147955,147517,438
26927381,4.73768,4.66325,438,122640,0.325798,0.29,1,147959,147521,438
26930301,10.5475,8.93265,440,122640,0.38516,0.39,1,147971,147531,440
26933221,3.70951,3.38653,440,122640,0.365032,0.35,1,147973,147533,440
26936141,19.1419,18.2773,441,122640,0.401006,0.31,1,147996,147555,441
26939061,15.0284,16.4555,439,122640,0.384201,0.37,1,148010,147571,439
26941981,13.4057,16.8911,435,122640,0.40484,0.26,1,148023,147588,435
26944901,21.8811,19.3782,439,122640,0.408968,0.36,1,148047,147608,439
26947821,5.97623,7.07564,437,122640,0.377794,0.27,1,148049,147612,437
26950741,25.1952,25.4151,437,122640,0.427559,0.23,1,148079,147642,437
26953661,6.63905,6.68303,437,122640,0.405512,0.28,1,148081,147644,437
26956581,18.9278,18.1366,438,122640,0.313102,0.3,1,148103,147665,438
26959501,24.5856,23.6273,439,122640,0.43862,0.33,1,148129,147690,439
26962421,13.7171,14.3255,438,122640,0.447724,0.3,1,148140,147702,438
26965341,4.34342,4.46509,438,122640,0.457545,0.31,1,148142,147704,438
26968261,8.86868,7.29302,440,122640,0.435509,0.37,1,148152,147712,440
26971181,3.37374,8.6586,433,122640,0.479102,0.37,1,148154,147721,433
26974101,3.87475,3.33172,435,122640,0.42382,0.26,1,148158,147723,435
26977021,7.97495,5.46634,438,122640,0.460764,0.22,1,148167,147729,438
26979941,3.19499,4.29327,436,122640,0.468153,0.35,1,148169,147733,436
26982801,3.839,3.25865,437,122640,0.413631,0.34,1,148173,147736,437
26985721,5.5678,7.85173,434,122640,0.450726,0.3,1,148179,147745,434
26988641,9.11356,5.57035,439,122640,0.458145,0.26,1,148189,147750,439
26991561,6.62271,5.91407,439,122640,0.443629,0.23,1,148195,147756,439
26994481,4.52454,2.78281,441,122640,0.376726,0.34,1,148199,147758,441
26997401,2.50491,2.15656,441,122640,0.451345,0.34,1,148201,147760,441
27000321,20.501,22.0313,439,122640,0.426269,0.31,1,148226,147787,439
27003241,5.7002,6.00626,439,122640,0.421254,0.29,1,148228,147789,439
27005681,2.74004,3.60125,438,122640,0.396251,0.32,1,148230,147792,438
27008601,10.148,9.52025,439,122640,0.43125,0.35,1,148242,147803,439
27011521,3.6296,3.50405,439,122640,0.45425,0.37,1,148244,147805,439
27014441,3.92592,3.90081,439,122640,0.39485,0.31,1,148248,147809,439
27017361,13.5852,17.5802,434,122640,0.46297,0.27,1,148264,147830,434
27020281,5.91704,5.11603,436,122640,0.404594,0.29,1,148268,147832,436
27023201,29.1834,28.2232,437,122640,0.344919,0.23,1,148303,147866,437
27026121,7.43668,8.04464,436,122640,0.412984,0.26,1,148305,147869,436
27029041,11.8873,11.2089,437,122640,0.354597,0.27,1,148318,147881,437
27031961,15.1775,14.2418,438,122640,0.406919,0.28,1,148334,147896,438
27034881,29.4355,33.2484,433,122640,0.401384,0.16,1,148367,147934,433
27037801,17.8871,13.0497,440,122640,0.352277,0.16,1,148382,147942,440
27040721,5.17742,4.20993,440,122640,0.406455,0.24,1,148384,147944,440
27043121,2.63548,2.44199,440,122640,0.385291,0.38,1,148386,147946,440
27046041,8.5271,7.6884,441,122640,0.413058,0.32,1,148396,147955,441
27048961,6.50542,4.73768,443,122640,0.402612,0.4,1,148402,147959,443
27051881,9.30108,10.5475,441,122640,0.384522,0.36,1,148412,147971,441
27054801,5.06022,3.70951,443,122640,0.380904,0.41,1,148416,147973,443
27057721,20.212,19.1419,444,122640,0.380181,0.38,1,148440,147996,444
27060641,10.4424,15.0284,438,122640,0.316036,0.41,1,148448,148010,438
27063561,17.2885,13.4057,444,122640,0.399207,0.41,1,148467,148023,444
27066481,16.2577,21.8811,436,122640,0.351841,0.37,1,148483,148047,436
27069401,12.0515,5.97623,445,122640,0.342368,0.44,1,148494,148049,445
27072321,21.6103,25.1952,439,122640,0.300474,0.4,1,148518,148079,439
27075241,10.7221,6.63905,445,122640,0.356095,0.29,1,148526,148081,445
27078161,18.1444,18.9278,443,122640,0.287219,0.47,1,148546,148103,443
27081081,26.0289,24.5856,445,122640,0.265444,0.45,1,148574,148129,445
27084001,13.2058,13.7171,444,122640,0.293089,0.46,1,148584,148140,444
27086921,4.24116,4.34342,444,122640,0.298618,0.43,1,148586,148142,444
27089841,5.64823,8.86868,440,122640,0.323724,0.49,1,148592,148152,440
27092761,7.52965,3.37374,446,122640,0.344745,0.41,1,148600,148154,446
27095681,3.10593,3.87475,444,122640,0.348949,0.41,1,148602,148158,444
27097621,2.22119,0.774949,446,122640,0.34979,0.47,1,148604,148158,446
27100541,6.84424,7.35499,445,122640,0.333958,0.47,1,148612,148167,445
27103461,2.96885,3.071,445,122640,0.370792,0.4,1,148614,148169,445
27106381,6.99377,3.8142,449,122640,0.282158,0.46,1,148622,148173,449
27109301,6.99875,5.56284,450,122640,0.344432,0.46,1,148629,148179,450
27112221,10.1998,9.11257,451,122640,0.348886,0.44,1,148640,148189,451
27115141,3.63995,6.62251,447,122640,0.341777,0.36,1,148642,148195,447
27118061,2.32799,4.5245,445,122640,0.308355,0.47,1,148644,148199,445
27120501,21.2656,2.5049,469,122640,0.309671,0.42,1,148670,148201,469
27123421,5.85312,20.501,446,122640,0.301934,0.42,1,148672,148226,446
27126341,2.77062,5.7002,446,122640,0.300387,0.39,1,148674,148228,446
27129261,10.9541,2.74004,457,122640,0.252077,0.44,1,148687,148230,457
27132181,3.79082,10.148,447,122640,0.298415,0.46,1,148689,148242,447
27135101,2.35816,3.6296,447,122640,0.275683,0.38,1,148691,148244,447
27138021,9.27163,3.92592,454,122640,0.239137,0.48,1,148702,148248,454
27140941,6.65433,13.5852,444,122640,0.263827,0.39,1,148708,148264,444
27143861,29.3309,5.91704,475,122640,0.212765,0.33,1,148743,148268,475
27146781,7.46617,29.1834,442,122640,0.322553,0.43,1,148745,148303,442
27149701,9.49323,7.43668,450,122640,0.328511,0.34,1,148755,148305,450
27152621,11.4986,11.8873,449,122640,0.289702,0.42,1,148767,148318,449
27155541,34.2997,15.1775,473,122640,0.26594,0.4,1,148807,148334,473
27158461,15.6599,29.4355,451,122640,0.349188,0.34,1,148818,148367,451
27161381,10.332,17.8871,445,122640,0.301838,0.42,1,148827,148382,445
27164301,3.6664,5.17742,445,122640,0.332368,0.38,1,148829,148384,445
27167221,3.93328,2.63548,447,122640,0.266474,0.42,1,148833,148386,447
27170141,8.78666,8.5271,447,122640,0.317295,0.4,1,148843,148396,447
27173061,8.15733,6.50542,449,122640,0.279459,0.38,1,148851,148402,449
27175981,4.03147,9.30108,442,122640,0.255892,0.38,1,148854,148412,442
27178901,18.4063,5.06022,460,122640,0.211178,0.38,1,148876,148416,460
27181821,13.2813,20.212,448,122640,0.314236,0.3,1,148888,148440,448
27184741,16.2563,10.4424,457,122640,0.294847,0.42,1,148905,148448,457
27187661,15.2513,17.2885,453,122640,0.330969,0.34,1,148920,148467,453
27190581,7.85025,16.2577,443,122640,0.314194,0.34,1,148926,148483,443
27193501,26.3701,12.0515,463,122640,0.198839,0.29,1,148957,148494,463
27196421,8.47401,21.6103,443,122640,0.255768,0.37,1,148961,148518,443
27199341,20.8948,10.7221,459,122640,0.275154,0.27,1,148985,148526,459
27202261,24.979,18.1444,465,122640,0.343031,0.26,1,149011,148546,465
27205181,12.1958,26.0289,446,122640,0.228606,0.3,1,149020,148574,446
27208101,8.03916,13.2058,443,122640,0.205721,0.3,1,149027,148584,443
27211021,4.80783,4.24116,445,122640,0.257144,0.33,1,149031,148586,445
27213941,6.56157,5.64823,446,122640,0.283429,0.35,1,149038,148592,446
27216861,3.71231,7.52965,441,122640,0.336686,0.35,1,149041,148600,441
27219781,3.14246,3.10593,442,122640,0.323337,0.35,1,149044,148602,442
27221381,1.42849,2.22119,441,122640,0.304667,0.38,1,149045,148604,441
27224301,1.8857,8.44424,433,122640,0.276933,0.38,1,149047,148614,433
27227221,7.57714,1.68885,442,122640,0.311387,0.26,1,149056,148614,442
27230141,9.51543,6.73777,444,122640,0.246277,0.36,1,149066,148622,444
27233061,5.90309,6.94755,442,122640,0.193255,0.35,1,149071,148629,442
27235981,9.18062,10.1895,441,122640,0.302651,0.34,1,149081,148640,441
27238901,3.43612,3.6379,441,122640,0.32453,0.3,1,149083,148642,441
27241141,17.4872,2.32758,460,122640,0.336906,0.31,1,149104,148644,460
27244061,5.09744,21.2655,436,122640,0.307381,0.3,1,149106,148670,436
27246981,2.61949,5.8531,436,122640,0.269476,0.3,1,149108,148672,436
27249901,8.5239,2.77062,444,122640,0.333895,0.24,1,149118,148674,444
27252821,3.30478,10.9541,433,122640,0.346779,0.31,1,149120,148687,433
27255741,2.26096,3.79082,433,122640,0.317356,0.27,1,149122,148689,433
27257361,1.25219,2.35816,432,122640,0.295471,0.23,1,149123,148691,432
27260281,10.6504,9.27163,434,122640,0.339094,0.27,1,149136,148702,434
27263201,10.1301,6.65433,438,122640,0.355819,0.2,1,149146,148708,438
27266121,30.026,29.3309,438,122640,0.247164,0.35,1,149181,148743,438
27269041,7.6052,7.46617,438,122640,0.241433,0.33,1,149183,148745,438
27271961,4.72104,9.49323,432,122640,0.208287,0.28,1,149187,148755,432
27274881,10.5442,11.4986,432,122640,0.337657,0.26,1,149199,148767,432
27277801,40.5088,34.2997,440,122640,0.347531,0.37,1,149247,148807,440
27280721,15.3018,15.6599,438,122640,0.333506,0.29,1,149256,148818,438
27283641,4.66035,10.332,431,122640,0.378701,0.34,1,149258,148827,431
27286561,9.73207,3.6664,440,122640,0.37974,0.25,1,149269,148829,440
27289481,3.54641,3.93328,438,122640,0.347948,0.33,1,149271,148833,438
27292401,3.90928,8.78666,432,122640,0.37359,0.27,1,149275,148843,432
27295321,5.58186,8.15733,430,122640,0.386718,0.25,1,149281,148851,430
27298241,11.5164,4.03147,440,122640,0.405344,0.2,1,149294,148854,440
27301161,19.9033,18.4063,440,122640,0.425069,0.34,1,149316,148876,440
27304081,13.5807,13.2813,440,122640,0.405014,0.29,1,149328,148888,440
27307001,7.51613,16.2563,429,122640,0.425003,0.34,1,149334,148905,429
27309921,19.9032,15.2513,437,122640,0.341001,0.31,1,149357,148920,437
27312841,10.3806,7.85025,439,122640,0.3882,0.17,1,149365,148926,439
27315761,27.6761,26.3701,440,122640,0.36564,0.27,1,149397,148957,440
27318681,7.13523,8.47401,438,122640,0.329128,0.28,1,149399,148961,438
27321601,15.027,20.8948,431,122640,0.417826,0.36,1,149416,148985,431
27324521,26.2054,24.979,434,122640,0.331565,0.2,1,149445,149011,434
27327441,10.0411,12.1958,431,122640,0.442313,0.2,1,149451,149020,431
27330361,11.6082,8.03916,436,122640,0.448463,0.27,1,149463,149027,436
27333281,8.72164,4.80783,440,122640,0.345693,0.29,1,149471,149031,440
27336201,6.54433,6.56157,439,122640,0.357139,0.35,1,149477,149038,439
27338481,2.90887,3.71231,438,122640,0.359428,0.3,1,149479,149041,438
27341401,2.18177,3.94246,436,122640,0.455886,0.3,1,149481,149045,436
27344321,5.23635,0.788492,442,122640,0.411177,0.27,1,149487,149045,442
27347241,2.64727,1.7577,442,122640,0.410235,0.32,1,149489,149047,442
27350161,10.9295,7.55154,446,122640,0.394047,0.23,1,149502,149056,446
27353081,6.98589,9.51031,442,122640,0.358809,0.18,1,149508,149066,442
27356001,4.59718,5.90206,441,122640,0.327762,0.33,1,149512,149071,441
27358921,2.51944,9.18041,433,122640,0.441552,0.33,1,149514,149081,433
27361841,23.7039,3.43608,460,122640,0.424311,0.34,1,149543,149083,460
27364761,6.34078,17.4872,441,122640,0.420862,0.3,1,149545,149104,441
27367681,2.86816,5.09744,441,122640,0.428172,0.26,1,149547,149106,441
27370601,4.57363,2.61949,444,122640,0.389634,0.35,1,149552,149108,444
27373521,7.31473,8.5239,442,122640,0.429927,0.35,1,149560,149118,442
27376441,3.06295,3.30478,442,122640,0.445985,0.31,1,149562,149120,442
27378001,1.41259,2.26096,441,122640,0.433197,0.39,1,149563,149122,441
27380921,9.88252,10.0522,441,122640,0.478639,0.35,1,149575,149134,441
27383841,7.5765,3.61044,446,122640,0.471728,0.36,1,149582,149136,446
27386761,31.1153,8.72209,473,122640,0.350346,0.22,1,149619,149146,473
27389681,7.82306,29.7444,440,122640,0.294069,0.24,1,149621,149181,440
27392601,6.36461,7.54888,444,122640,0.338814,0.2,1,149627,149183,444
27395521,7.67292,4.70978,448,122640,0.443763,0.37,1,149635,149187,448
27398441,41.5346,10.542,486,122640,0.384753,0.35,1,149685,149199,486
27401361,16.3069,40.5084,448,122640,0.380951,0.33,1,149695,149247,448
27404281,6.46138,15.3017,443,122640,0.34819,0.39,1,149699,149256,443
27407201,10.8923,4.66034,453,122640,0.325638,0.38,1,149711,149258,453
27410121,3.77846,9.73207,444,122640,0.353128,0.34,1,149713,149269,444
27413041,2.35569,3.54641,444,122640,0.326626,0.38,1,149715,149271,444
27415861,5.27114,3.90928,446,122640,0.281325,0.39,1,149721,149275,446
27418781,5.05423,5.58186,445,122640,0.304265,0.41,1,149726,149281,445
27421701,24.2108,11.5164,461,122640,0.372853,0.43,1,149755,149294,461
27424621,16.0422,19.9033,453,122640,0.410571,0.4,1,149769,149316,453
27427541,7.20843,13.5807,446,122640,0.378114,0.43,1,149774,149328,446
27430461,20.6417,7.51613,464,122640,0.419623,0.32,1,149798,149334,464
27433381,10.5283,19.9032,449,122640,0.427925,0.4,1,149806,149357,449
27436301,26.1057,10.3806,471,122640,0.413585,0.36,1,149836,149365,471
27439221,7.62113,27.6761,442,122640,0.402717,0.32,1,149839,149397,442
27442141,20.7242,7.13523,464,122640,0.368543,0.44,1,149863,149399,464
27445061,26.5448,15.027,475,122640,0.321709,0.31,1,149891,149416,475
27447981,8.50897,26.2054,450,122640,0.376342,0.47,1,149895,149445,450
27450901,4.90179,10.0411,448,122640,0.427268,0.45,1,149899,149451,448
27453821,15.3804,11.6082,454,122640,0.349454,0.32,1,149917,149463,454
27456741,4.67607,8.72164,448,122640,0.333891,0.36,1,149919,149471,448
27459661,3.33521,6.54433,445,122640,0.362778,0.36,1,149922,149477,445
27462581,4.66704,2.90887,448,122640,0.344556,0.48,1,149927,149479,448
27465501,2.53341,2.18177,448,122640,0.348911,0.4,1,149929,149481,448
27468421,2.10668,5.23635,444,122640,0.349782,0.41,1,149931,149487,444
27471341,7.62134,2.64727,451,122640,0.349956,0.39,1,149940,149489,451
27474261,8.72427,10.9295,447,122640,0.389991,0.35,1,149949,149502,447
27477181,3.34485,6.98589,443,122640,0.397998,0.32,1,149951,149508,443
27479301,3.06897,4.59718,442,122640,0.4156,0.47,1,149954,149512,442
27482221,23.8138,2.51944,469,122640,0.39512,0.42,1,149983,149514,469
27485141,7.96276,23.7039,444,122640,0.391024,0.42,1,149987,149543,444
27488061,5.59255,6.34078,447,122640,0.382205,0.43,1,149992,149545,447
27490741,4.31851,2.86816,449,122640,0.412441,0.48,1,149996,149547,449
27493661,8.0637,9.37363,447,122640,0.370488,0.44,1,150005,149558,447
27496581,4.81274,3.47473,449,122640,0.434098,0.45,1,150009,149560,449
27499501,2.56255,2.29495,449,122640,0.41482,0.49,1,150011,149562,449
27502421,8.51251,10.859,446,122640,0.450964,0.47,1,150021,149575,446
27505341,4.9025,7.7718,443,122640,0.426193,0.32,1,150025,149582,443
27508261,32.1805,31.1544,445,122640,0.341239,0.28,1,150064,149619,445
27511181,8.0361,7.83087,445,122640,0.292248,0.35,1,150066,149621,445
27514101,6.40722,6.36617,445,122640,0.32245,0.35,1,150072,149627,445
27515701,5.28144,1.27323,450,122640,0.44049,0.47,1,150077,149627,450
27518621,38.6563,6.65465,489,122640,0.336098,0.37,1,150124,149635,489
27521541,12.5313,41.3309,445,122640,0.29122,0.38,1,150130,149685,445
27524461,7.30625,16.2662,441,122640,0.450244,0.34,1,150136,149695,441
27527381,10.2613,6.45324,448,122640,0.450049,0.32,1,150147,149699,448
27530301,3.65225,10.8906,438,122640,0.41801,0.36,1,150149,149711,438
27531921,1.53045,3.77813,437,122640,0.387602,0.32,1,150150,149713,437
27534841,1.90609,2.35563,437,122640,0.34952,0.27,1,150152,149715,437
27537761,10.7812,5.27113,444,121180,0.253904,0.31,1,150165,149721,444
27540681,5.35624,5.05423,443,121180,0.314781,0.39,1,150169,149726,443
27543601,25.0712,24.2108,444,121180,0.366956,0.42,1,150199,149755,444
27546521,16.2142,16.0422,444,121180,0.289391,0.37,1,150213,149769,444
27549441,6.44285,7.20843,443,121180,0.337878,0.43,1,150217,149774,443
27552361,21.2886,20.6417,444,121180,0.355576,0.43,1,150242,149798,444
27555281,7.45771,10.5283,440,121180,0.335115,0.41,1,150246,149806,440
27558201,28.6915,26.1057,444,121180,0.195023,0.4,1,150280,149836,444
27561121,7.33831,7.62113,443,121180,0.287005,0.36,1,150282,149839,443
27564041,19.0677,20.7242,441,121180,0.249401,0.31,1,150304,149863,441
27566961,26.2135,26.5448,441,121180,0.32988,0.39,1,150332,149891,441
27569881,11.6427,8.50897,445,121180,0.393976,0.44,1,150340,149895,445
27572481,3.92854,4.90179,443,121180,0.374795,0.33,1,150342,149899,443
27575401,13.5857,15.3804,441,121180,0.378959,0.33,1,150358,149917,441
27578321,4.31714,4.67607,441,121180,0.355792,0.37,1,150360,149919,441
27581241,2.46343,3.33521,440,121180,0.319158,0.37,1,150362,149922,440
27583301,8.49269,0.667043,450,121180,0.367832,0.35,1,150372,149922,450
27586221,3.29854,7.33341,443,121180,0.377566,0.35,1,150374,149931,443
27589141,2.25971,1.46668,445,121180,0.371513,0.35,1,150376,149931,445
27592061,3.65194,0.293336,449,121180,0.314303,0.35,1,150380,149931,449
27594981,5.53039,7.25867,446,121180,0.278861,0.4,1,150386,149940,446
27597901,2.70608,8.65173,439,121180,0.391772,0.4,1,150388,149949,439
27600821,2.14122,3.33035,439,121180,0.414354,0.39,1,150390,149951,439
27603741,30.0282,26.2661,444,121180,0.298871,0.39,1,150427,149983,444
27606661,7.60565,8.45321,442,121180,0.395774,0.38,1,150429,149987,442
27609581,3.12113,5.69064,439,121180,0.423155,0.38,1,150431,149992,439
27611381,4.62423,1.13813,444,121180,0.412631,0.42,1,150436,149992,444
27614301,8.92485,3.42763,450,121180,0.418526,0.36,1,150446,149996,450
27617221,4.18497,7.88553,444,121180,0.387705,0.45,1,150449,150005,444
27620141,5.63699,4.77711,446,121180,0.373541,0.41,1,150455,150009,446
27623061,5.9274,2.55542,450,121180,0.338708,0.46,1,150461,150011,450
27625981,5.98548,8.51108,446,121180,0.355742,0.42,1,150467,150021,446
27628901,28.3971,4.90222,476,121180,0.359148,0.32,1,150501,150025,476
27631821,12.8794,32.1804,446,121180,0.36783,0.28,1,150510,150064,446
27634741,4.17588,8.03609,446,121180,0.369566,0.33,1,150512,150066,446
27637661,8.03518,6.40722,449,121180,0.313913,0.31,1,150521,150072,449
27640581,35.207,42.8814,439,121180,0.398783,0.28,1,150563,150124,439
27643501,14.2414,13.3763,442,121180,0.407757,0.49,1,150572,150130,442
27646321,8.44828,7.47526,443,121180,0.377551,0.45,1,150579,150136,443
27649241,4.88966,10.2951,436,121180,0.34751,0.41,1,150583,150147,436
27652161,2.57793,3.65901,436,121180,0.405502,0.38,1,150585,150149,436
27654641,2.11559,1.5318,437,121180,0.3931,0.23,1,150587,150150,437
27657561,16.4231,12.3064,442,121180,0.32662,0.33,1,150607,150165,442
27660481,4.88462,5.66127,440,121180,0.369324,0.38,1,150609,150169,440
27663401,23.3769,25.1323,438,121180,0.361865,0.27,1,150637,150199,438
27666321,16.6754,16.2265,439,121180,0.408373,0.35,1,150652,150213,439
27669241,9.73508,6.44529,443,121180,0.409675,0.36,1,150660,150217,443
27672161,18.747,21.2891,439,121180,0.417935,0.33,1,150681,150242,439
27675081,6.9494,7.45781,439,121180,0.395587,0.16,1,150685,150246,439
27678001,30.9899,28.6916,442,121180,0.375117,0.31,1,150722,150280,442
27680921,7.79798,7.33831,442,121180,0.339023,0.24,1,150724,150282,442
27683841,11.9596,19.0677,433,121180,0.339805,0.35,1,150737,150304,433
27686761,32.7919,26.2135,443,121180,0.459961,0.41,1,150775,150332,443
27689681,9.75838,11.6427,439,121180,0.419992,0.37,1,150779,150340,439
27692601,3.55168,3.92854,439,121180,0.379998,0.38,1,150781,150342,439
27695521,11.1103,13.5857,436,121180,0.428,0.35,1,150794,150358,436
27698441,3.82207,4.31714,436,121180,0.4056,0.31,1,150796,150360,436
27701361,7.16441,2.46343,442,121180,0.41712,0.38,1,150804,150362,442
27704281,4.63288,8.49269,436,121180,0.427424,0.38,1,150808,150372,436
27707201,2.52658,3.29854,436,121180,0.397485,0.37,1,150810,150374,436
27710121,2.10532,2.25971,436,121180,0.367497,0.3,1,150812,150376,436
27713041,9.22106,3.65194,443,121180,0.377499,0.27,1,150823,150380,443
27715961,3.44421,5.53039,439,121180,0.3475,0.42,1,150825,150386,439
27718881,2.28884,2.70608,439,121180,0.3335,0.42,1,150827,150388,439
27721801,2.05777,2.14122,439,121180,0.2987,0.27,1,150829,150390,439
27724721,33.2116,30.0282,443,121180,0.30774,0.42,1,150870,150427,443
27727641,8.24231,7.60565,443,121180,0.397548,0.43,1,150872,150429,443
27730561,3.24846,3.12113,443,121180,0.41551,0.41,1,150874,150431,443
27733481,9.44969,4.62423,449,121180,0.451102,0.42,1,150885,150436,449
27736401,3.48994,8.92485,441,121180,0.46622,0.38,1,150887,150446,441
27739321,7.09799,4.18497,446,121180,0.349244,0.37,1,150895,150449,446
27742241,6.2196,5.63699,446,121180,0.333849,0.33,1,150901,150455,446
27745161,4.44392,5.9274,444,121180,0.38677,0.36,1,150905,150461,444
27748081,28.8888,5.98548,473,121180,0.437354,0.36,1,150940,150467,473
27751001,9.77776,28.3971,444,121180,0.375471,0.37,1,150945,150501,444
27753921,5.15555,12.8794,439,121180,0.347094,0.37,1,150949,150510,439
27756841,8.23111,4.17588,446,121180,0.405419,0.3,1,150958,150512,446
27759761,38.4462,8.03518,483,121180,0.369084,0.42,1,151004,150521,483
27762681,10.8892,35.207,445,121180,0.353817,0.41,1,151008,150563,445
27765601,12.5778,14.2414,449,121180,0.422763,0.37,1,151021,150572,449
27768521,7.31557,8.44828,448,121180,0.348553,0.34,1,151027,150579,448
27771441,3.06311,4.88966,446,121180,0.333711,0.42,1,151029,150583,446
27774241,2.21262,2.57793,446,121180,0.418742,0.49,1,151031,150585,446
27777161,11.6425,6.11559,453,121180,0.403748,0.31,1,151045,150592,453
27780081,3.9285,13.2231,440,121180,0.37675,0.38,1,151047,150607,440
27783001,25.5857,4.24462,469,121180,0.26735,0.36,1,151078,150609,469
27785921,16.3171,23.2489,455,121180,0.34947,0.42,1,151092,150637,455
27788841,11.2634,16.6498,450,121180,0.349894,0.41,1,151102,150652,450
27791761,23.0527,9.72996,468,121180,0.325979,0.42,1,151128,150660,468
27794681,6.21054,18.746,449,121180,0.289196,0.39,1,151130,150681,449
27797601,22.8421,6.9492,472,121180,0.353839,0.37,1,151157,150685,472
27800521,9.36842,30.9898,441,121180,0.286768,0.33,1,151163,150722,441
27803441,13.0737,7.79797,453,121180,0.321354,0.34,1,151177,150724,453
27806361,34.6147,11.9596,480,121180,0.360271,0.49,1,151217,150737,480
27809281,10.9229,32.7919,447,121180,0.400054,0.41,1,151222,150775,447
27812201,4.58459,9.75838,446,121180,0.360011,0.37,1,151225,150779,446
27815121,10.5169,3.55168,456,121180,0.352002,0.44,1,151237,150781,456
27818041,3.70338,11.1103,445,121180,0.3504,0.4,1,151239,150794,445
27820961,3.14068,3.82207,446,121180,0.36608,0.42,1,151242,150796,446
27823881,6.22814,7.16441,445,121180,0.417216,0.43,1,151249,150804,445
27826801,2.84563,4.63288,443,121180,0.427443,0.39,1,151251,150808,443
27829361,2.16913,2.52658,443,121180,0.429489,0.45,1,151253,150810,443
27832281,9.23383,4.50532,449,121180,0.349898,0.38,1,151264,150815,449
27835201,3.44676,7.30106,443,121180,0.40598,0.34,1,151266,150823,443
27838121,3.88935,3.06021,445,121180,0.353196,0.33,1,151270,150825,445
27840801,2.37787,2.21204,445,121180,0.318639,0.47,1,151272,150827,445
27843721,31.6756,8.44241,474,121180,0.287728,0.31,1,151311,150837,474
27846641,9.53511,28.0885,445,121180,0.329546,0.42,1,151315,150870,445
27849561,5.10702,7.2177,447,121180,0.305909,0.42,1,151319,150872,447
27852481,4.2214,3.04354,449,121180,0.301182,0.46,1,151323,150874,449
27855401,2.44428,9.40871,440,121180,0.260236,0.47,1,151325,150885,440
27858321,10.0889,3.48174,450,121180,0.356047,0.32,1,151337,150887,450
27861241,8.41777,7.09635,450,121180,0.279209,0.33,1,151345,150895,450
27864161,3.28355,6.21927,446,121180,0.351842,0.4,1,151347,150901,446
27867081,25.4567,4.44385,473,121180,0.286368,0.45,1,151378,150905,473
27870001,12.2913,28.8888,447,121180,0.353274,0.36,1,151387,150940,447
27872921,5.65827,9.77775,446,121180,0.350655,0.34,1,151391,150945,446
27875841,7.53165,5.15555,450,121180,0.350131,0.42,1,151399,150949,450
27878761,38.3063,8.23111,487,121180,0.334026,0.36,1,151445,150958,487
27881681,13.2613,38.4462,448,121180,0.226805,0.35,1,151452,151004,448
27884601,11.4523,10.8892,455,121180,0.277361,0.44,1,151463,151008,455
27887521,7.89045,12.5778,449,121180,0.263472,0.33,1,151470,151021,449
27890441,3.17809,7.31557,445,121180,0.236694,0.33,1,151472,151027,445
27893361,2.23562,3.06311,445,121180,0.231339,0.44,1,151474,151029,445
27896281,8.44712,2.21262,453,119720,0.366268,0.4,1,151484,151031,453
27899201,3.28942,11.6425,441,119720,0.369254,0.37,1,151486,151045,441
27902121,27.0579,3.9285,472,119720,0.273851,0.24,1,151519,151047,472
27905041,15.0116,25.5857,453,119720,0.31077,0.37,1,151531,151078,453
27907961,11.0023,16.3171,449,119720,0.238154,0.35,1,151541,151092,449
27910881,19.8005,11.2634,461,119720,0.263631,0.32,1,151563,151102,461
27913801,5.56009,23.0527,437,119720,0.268726,0.28,1,151565,151128,437
27916721,19.512,6.21054,458,119720,0.245745,0.37,1,151588,151130,458
27919641,15.9024,22.8421,446,119720,0.297149,0.27,1,151603,151157,446
27922561,12.7805,9.36842,452,119720,0.21943,0.33,1,151615,151163,452
27925481,36.9561,13.0737,481,119720,0.323886,0.37,1,151658,151177,481
27928401,10.5912,34.6147,445,119720,0.288777,0.41,1,151662,151217,445
27931321,3.71824,10.9229,442,119720,0.273755,0.35,1,151664,151222,442
27934241,7.14365,4.58459,447,119720,0.366751,0.35,1,151672,151225,447
27937161,9.42873,10.5169,445,119720,0.31335,0.35,1,151682,151237,445
27940081,3.48575,3.70338,445,119720,0.30267,0.37,1,151684,151239,445
27943001,2.29715,3.14068,444,119720,0.268534,0.43,1,151686,151242,444
27945921,2.05943,6.22814,439,119720,0.229707,0.43,1,151688,151249,439
27948841,2.01189,2.84563,439,119720,0.181941,0.43,1,151690,151251,439
27950421,2.00238,2.16913,439,119720,0.140388,0.33,1,151692,151253,439
27953341,13.2005,9.23383,444,119720,0.236078,0.42,1,151708,151264,444
27956261,4.24009,3.44676,444,119720,0.311216,0.34,1,151710,151266,444
27959181,2.44802,3.88935,442,119720,0.294243,0.31,1,151712,151270,442
27961861,2.0896,2.37787,442,119720,0.266849,0.28,1,151714,151272,442
27964781,27.6179,31.6756,437,119720,0.28537,0.34,1,151748,151311,437
27967701,7.12358,9.53511,435,119720,0.313074,0.3,1,151750,151315,435
27970621,6.22472,5.10702,437,119720,0.278615,0.3,1,151756,151319,437
27973541,6.04494,4.2214,439,119720,0.367723,0.25,1,151762,151323,439
27976461,4.40899,2.44428,441,119720,0.329545,0.38,1,151766,151325,441
27979381,10.4818,10.0889,441,119720,0.329909,0.26,1,151778,151337,441
27982301,6.89636,8.41777,439,119720,0.265982,0.37,1,151784,151345,439
27985221,2.97927,3.28355,439,119720,0.261196,0.27,1,151786,151347,439
27988141,24.5959,25.4567,438,119720,0.364239,0.37,1,151816,151378,438
27991061,12.9192,12.2913,439,119720,0.288848,0.35,1,151826,151387,439
27993981,4.18383,5.65827,437,119720,0.27377,0.35,1,151828,151391,437
27996901,7.23677,7.53165,437,119720,0.302754,0.33,1,151836,151399,437
27999821,34.2474,38.3063,432,119720,0.364551,0.2,1,151877,151445,432
28002741,15.6495,13.2613,436,119720,0.42491,0.29,1,151888,151452,436
28005661,9.52989,11.4523,433,119720,0.316982,0.26,1,151896,151463,433
28008581,10.706,7.89045,437,119720,0.367396,0.23,1,151907,151470,437
28011501,6.9412,3.17809,441,119720,0.329479,0.23,1,151913,151472,441
28014421,6.98824,2.23562,446,119720,0.369896,0.4,1,151920,151474,446
28017341,5.39765,8.44712,441,119720,0.425979,0.37,1,151925,151484,441
28020261,25.0795,3.28942,469,119720,0.261196,0.25,1,151955,151486,469
28023181,11.4159,27.0579,444,119720,0.268239,0.32,1,151963,151519,444
28026101,11.8832,15.0116,444,119720,0.333648,0.22,1,151975,151531,444
28029021,19.1766,11.0023,455,119720,0.29073,0.27,1,151996,151541,455
28031941,5.43533,19.8005,435,119720,0.346146,0.27,1,151998,151563,435
28034861,21.0871,5.56009,458,119720,0.397229,0.24,1,152023,151565,458
28037781,13.0174,19.512,446,119720,0.367446,0.31,1,152034,151588,446
28040701,10.6035,15.9024,441,119720,0.345489,0.2,1,152044,151603,441
28043621,38.1207,12.7805,474,119720,0.349098,0.35,1,152089,151615,474
28046541,17.2241,36.9561,443,119720,0.42182,0.28,1,152101,151658,443
28049461,5.04483,10.5912,441,119720,0.404364,0.27,1,152103,151662,441
28052381,4.20897,3.71824,443,119720,0.432873,0.39,1,152107,151664,443
28055301,3.24179,7.14365,438,119720,0.446575,0.3,1,152110,151672,438
28058221,11.0484,9.42873,441,119720,0.417315,0.3,1,152123,151682,441
28061141,3.80967,3.48575,441,119720,0.379463,0.26,1,152125,151684,441
28064061,2.36193,2.29715,441,119720,0.339893,0.22,1,152127,151686,441
28066981,2.07239,2.05943,441,119720,0.307979,0.17,1,152129,151688,441
28069901,2.01448,2.01189,441,119720,0.269596,0.26,1,152131,151690,441
28072821,8.4029,14.8024,433,119720,0.421919,0.33,1,152141,151708,433
28075741,3.28058,4.56048,433,119720,0.452384,0.29,1,152143,151710,433
28078661,2.25612,2.5121,433,119720,0.426477,0.26,1,152145,151712,433
28081041,8.45122,2.10242,441,119720,0.357295,0.29,1,152155,151714,441
28083961,25.6902,27.6205,437,119720,0.351459,0.32,1,152185,151748,437
28086881,8.33805,7.1241,439,119720,0.430292,0.27,1,152189,151750,439
28089801,6.46761,6.22482,439,119720,0.414058,0.39,1,152195,151756,439
28092721,4.49352,6.04496,437,119720,0.402812,0.32,1,152199,151762,437
28095641,5.6987,4.40899,439,119720,0.344562,0.33,1,152205,151766,439
28098561,6.73974,10.4818,434,119720,0.396912,0.25,1,152212,151778,434
28101481,14.1479,6.89636,444,119720,0.359382,0.26,1,152228,151784,444
28104401,4.42959,2.97927,444,119720,0.359877,0.39,1,152230,151786,444
28107321,17.6859,24.5959,435,119720,0.319975,0.27,1,152251,151816,435
28110241,13.9372,12.9192,438,119720,0.327995,0.27,1,152264,151826,438
28113161,4.38744,4.18383,438,119720,0.417599,0.31,1,152266,151828,438
28116081,8.07749,7.23677,439,119720,0.40352,0.38,1,152275,151836,439
28119001,38.4155,34.2474,444,119720,0.352704,0.44,1,152321,151877,444
28121921,9.2831,15.6495,435,119720,0.358541,0.29,1,152323,151888,435
28124841,13.0566,9.52989,441,119720,0.359708,0.38,1,152337,151896,441
28127761,13.0113,10.706,443,119720,0.327942,0.32,1,152350,151907,443
28130681,9.00226,6.9412,445,119720,0.289588,0.38,1,152358,151913,445
28133601,6.60045,6.98824,444,119720,0.369918,0.44,1,152364,151920,444
28136521,4.52009,5.39765,443,119720,0.353984,0.22,1,152368,151925,443
28139441,24.904,25.0795,443,119720,0.238797,0.27,1,152398,151955,443
28142361,8.1808,11.4159,439,119720,0.303759,0.35,1,152402,151963,439
28145281,12.0362,11.8832,440,119720,0.372752,0.28,1,152415,151975,440
28148201,23.2072,19.1766,445,119720,0.36255,0.36,1,152441,151996,445
28151121,6.24145,5.43533,445,119720,0.36051,0.41,1,152443,151998,445
28154041,16.4483,21.0871,439,119720,0.344102,0.36,1,152462,152023,439
28156961,13.6897,13.0174,441,119720,0.35682,0.34,1,152475,152034,441
28159881,7.53793,10.6035,437,119720,0.319364,0.35,1,152481,152044,437
28162801,36.7076,38.1207,436,119720,0.311873,0.44,1,152525,152089,436
28165721,24.1415,17.2241,445,119720,0.334375,0.4,1,152546,152101,445
28168641,6.4283,5.04483,445,119720,0.314875,0.44,1,152548,152103,445
28171561,4.48566,4.20897,445,119720,0.246975,0.45,1,152552,152107,445
28174481,2.49713,3.24179,444,119720,0.201395,0.41,1,152554,152110,444
28177401,3.69943,11.0484,435,119720,0.352279,0.37,1,152558,152123,435
28180321,10.3399,3.80967,445,119720,0.342456,0.33,1,152570,152125,445
28183241,3.66798,2.36193,445,119720,0.308491,0.3,1,152572,152127,445
28186161,2.3336,2.07239,445,119720,0.269698,0.26,1,152574,152129,445
28189081,2.06672,2.01448,445,119720,0.31794,0.46,1,152576,152131,445
28192001,3.61334,8.4029,439,119720,0.255588,0.46,1,152580,152141,439
28194921,2.32267,3.28058,439,119720,0.243118,0.42,1,152582,152143,439
28197841,2.06453,2.25612,439,119720,0.240624,0.34,1,152584,152145,439
28200761,12.4129,8.45122,444,119720,0.280125,0.35,1,152599,152155,444
28203681,26.4826,25.6902,444,119720,0.224025,0.45,1,152629,152185,444
28206601,6.89652,8.33805,442,119720,0.180805,0.41,1,152631,152189,442
28209521,4.5793,6.46761,440,119720,0.332161,0.4,1,152635,152195,440
28212441,7.31586,4.49352,444,119720,0.370432,0.33,1,152643,152199,444
28215361,3.06317,5.6987,440,119720,0.346086,0.41,1,152645,152205,440
28218281,8.61263,6.73974,443,119720,0.349217,0.35,1,152655,152212,443
28221201,8.12253,14.1479,435,119720,0.261843,0.36,1,152663,152228,435
28224121,3.22451,4.42959,435,119720,0.276369,0.31,1,152665,152230,435
28227041,20.6449,17.6859,439,119720,0.303274,0.33,1,152690,152251,439
28229961,16.129,13.9372,441,119720,0.284655,0.44,1,152705,152264,441
28232881,4.8258,4.38744,441,119720,0.336931,0.4,1,152707,152266,441
28235801,5.76516,8.07749,438,119720,0.291386,0.34,1,152713,152275,438
28238721,39.553,38.4155,440,119720,0.210277,0.36,1,152761,152321,440
28241641,11.1106,9.2831,442,119720,0.202055,0.36,1,152765,152323,442
28244561,7.82212,13.0566,435,119720,0.152411,0.32,1,152772,152337,435
28247481,13.5644,13.0113,437,119720,0.182482,0.28,1,152787,152350,437
28250401,11.5129,9.00226,440,119720,0.276496,0.39,1,152798,152358,440
28253321,10.3026,6.60045,444,119720,0.207299,0.35,1,152808,152364,444
28256241,3.66052,4.52009,442,119720,0.19346,0.21,1,152810,152368,442
28259161,17.5321,24.904,433,119720,0.246692,0.32,1,152831,152398,433
28262081,8.30642,8.1808,435,119720,0.161338,0.39,1,152837,152402,435
28265001,17.6613,12.0362,442,119720,0.176268,0.36,1,152857,152415,442
28267921,20.3323,23.2072,437,119720,0.235254,0.36,1,152878,152441,437
28270841,8.86645,6.24145,441,119720,0.335051,0.34,1,152884,152443,441
28273761,17.7733,16.4483,442,119720,0.29101,0.36,1,152904,152462,442
28276681,13.1547,13.6897,441,119720,0.250202,0.31,1,152916,152475,441
28279601,4.23093,7.53793,437,119720,0.21004,0.31,1,152918,152481,437
28282521,39.2462,36.7076,441,119720,0.290008,0.34,1,152966,152525,441
28285441,18.2492,24.1415,433,119720,0.242002,0.31,1,152979,152546,433
28288361,10.8498,6.4283,440,119720,0.2964,0.23,1,152988,152548,440
28291281,5.36997,4.48566,440,119720,0.32328,0.19,1,152992,152552,440
28294201,2.67399,2.49713,440,119720,0.296656,0.39,1,152994,152554,440
28297121,2.1348,3.69943,438,119720,0.259331,0.34,1,152996,152558,438
28300041,6.82696,10.3399,434,119720,0.339866,0.3,1,153004,152570,434
28302961,2.96539,3.66798,434,119720,0.363973,0.26,1,153006,152572,434
28305881,2.19308,2.3336,434,119720,0.368795,0.33,1,153008,152574,434
28308801,6.83862,2.06672,440,119720,0.305759,0.24,1,153016,152576,440
28311721,4.56772,3.61334,440,119720,0.293152,0.24,1,153020,152580,440
28314001,2.51354,2.32267,440,119720,0.33863,0.37,1,153022,152582,440
28316921,2.10271,2.86453,439,119720,0.315726,0.29,1,153024,152585,439
28319841,10.0205,11.7729,437,119720,0.375145,0.21,1,153036,152599,437
28322761,26.8041,26.3546,438,119720,0.307029,0.17,1,153067,152629,438
28325681,6.96082,6.87092,438,119720,0.261406,0.37,1,153069,152631,438
28328601,4.59216,4.57418,438,119720,0.188281,0.38,1,153073,152635,438
28331521,8.91843,7.31484,440,119720,0.301656,0.34,1,153083,152643,440
28334441,3.38369,3.06297,440,119720,0.324331,0.35,1,153085,152645,440
28337361,5.47674,8.61259,436,119720,0.296866,0.24,1,153091,152655,436
28340281,8.29535,8.12252,437,119720,0.291373,0.28,1,153100,152663,437
28343201,4.85907,3.2245,439,119720,0.290275,0.31,1,153104,152665,439
28346121,20.9718,20.6449,439,119720,0.354055,0.28,1,153129,152690,439
28349041,12.9944,16.129,435,119720,0.390811,0.35,1,153140,152705,435
28351961,4.19887,4.8258,435,119720,0.366162,0.28,1,153142,152707,435
28354881,9.63977,5.76516,440,119720,0.321232,0.19,1,153153,152713,440
28357801,29.928,39.553,427,119720,0.264246,0.2,1,153188,152761,427
28360721,14.7856,11.1106,434,119720,0.340849,0.14,1,153199,152765,434
28363641,7.75712,7.82212,433,119720,0.34817,0.19,1,153205,152772,433
28366561,15.9514,13.5644,436,119720,0.285634,0.3,1,153223,152787,436
28369481,9.59028,11.5129,433,119720,0.297127,0.19,1,153231,152798,433
28372401,9.91806,10.3026,433,119720,0.251425,0.19,1,153241,152808,433
28375321,9.18361,3.66052,440,119720,0.354285,0.26,1,153250,152810,440
28378241,16.2367,17.5321,437,119720,0.302857,0.14,1,153268,152831,437
28381161,6.44734,8.30642,435,119720,0.244571,0.18,1,153272,152837,435
28384081,14.8895,17.6613,432,119720,0.280914,0.25,1,153289,152857,432
28387001,22.1779,20.3323,435,119720,0.312183,0.36,1,153313,152878,435
28389921,9.23558,8.86645,435,119720,0.246437,0.28,1,153319,152884,435
28392841,16.2471,17.7733,433,119720,0.249287,0.24,1,153337,152904,433
28395761,14.4494,13.1547,435,119720,0.249857,0.2,1,153351,152916,435
28398681,4.48988,4.23093,435,119720,0.225971,0.31,1,153353,152918,435
28401601,39.298,39.2462,435,119720,0.309194,0.23,1,153401,152966,435
28404521,20.6596,18.2492,438,119720,0.261839,0.31,1,153417,152979,438
28407441,7.33192,10.8498,433,119720,0.196368,0.33,1,153421,152988,433
28410361,11.0664,5.36997,441,119720,0.239274,0.29,1,153433,152992,441
28413281,3.81328,2.67399,441,119720,0.279855,0.25,1,153435,152994,441
28416201,2.36266,2.1348,441,119720,0.295971,0.36,1,153437,152996,441
28419121,3.67253,6.82696,437,119720,0.235194,0.37,1,153441,153004,437
28422041,2.33451,2.96539,437,119720,0.199039,0.37,1,153443,153006,437
28424961,2.0669,2.19308,437,119720,0.191808,0.29,1,153445,153008,437
28427881,5.21338,6.83862,435,119720,0.254362,0.29,1,153451,153016,435
28430801,4.24268,4.56772,435,119720,0.234872,0.35,1,153455,153020,435
28433721,7.24854,2.51354,441,119720,0.254974,0.31,1,153463,153022,441
28436641,3.04971,2.10271,441,119720,0.258995,0.39,1,153465,153024,441
28439561,7.00994,10.0205,437,119720,0.219799,0.29,1,153473,153036,437
28442481,23.002,26.8041,433,119720,0.27596,0.25,1,153500,153067,433
28445401,11.8004,6.96082,440,119720,0.167192,0.17,1,153509,153069,440
28448321,3.96008,4.59216,438,119720,0.265438,0.33,1,153511,153073,438
28451241,10.392,8.91843,440,119720,0.285088,0.33,1,153523,153083,440
28454161,3.6784,3.38369,440,119720,0.265018,0.29,1,153525,153085,440
28457081,2.33568,5.47674,436,119720,0.261004,0.29,1,153527,153091,436
28460001,8.46714,8.29535,437,119720,0.212201,0.29,1,153537,153100,437
28462921,3.29343,4.85907,435,119720,0.29044,0.37,1,153539,153104,435
28465841,26.2587,20.9718,442,119720,0.266088,0.4,1,153571,153129,442
28468761,10.0517,12.9944,437,119720,0.277218,0.36,1,153577,153140,437
28471681,3.61035,4.19887,437,119720,0.255444,0.31,1,153579,153142,437
28474601,10.3221,9.63977,438,119720,0.283089,0.25,1,153591,153153,438
28477521,30.8644,29.928,439,119720,0.136618,0.36,1,153627,153188,439
28480441,13.3729,14.7856,437,119720,0.243324,0.35,1,153636,153199,437
28483361,7.47458,7.75712,437,119720,0.272665,0.27,1,153642,153205,437
28486281,15.0949,15.9514,436,119720,0.214533,0.3,1,153659,153223,436
28489201,7.81898,9.59028,434,119720,0.234907,0.24,1,153665,153231,434
28492121,13.5638,9.91806,439,119720,0.262981,0.38,1,153680,153241,439
28495041,9.11276,9.18361,438,119720,0.244596,0.29,1,153688,153250,438
28497961,16.2226,16.2367,438,119720,0.304919,0.23,1,153706,153268,438
28500881,6.44451,6.44734,438,119720,0.260984,0.29,1,153710,153272,438
28503801,14.8889,14.8895,438,119720,0.268197,0.32,1,153727,153289,438
28506721,22.1778,22.1779,438,119720,0.269639,0.23,1,153751,153313,438
28509641,9.23556,9.23558,438,119720,0.301928,0.25,1,153757,153319,438
28512561,13.0471,16.2471,434,119720,0.308386,0.25,1,153771,153337,434
28515481,15.4094,14.4494,436,119720,0.269677,0.22,1,153787,153351,436
28518401,6.28188,4.48988,438,119720,0.197935,0.33,1,153791,153353,438
28521321,35.6564,39.298,433,119720,0.263587,0.25,1,153834,153401,433
28524241,23.1313,20.6596,437,119720,0.212717,0.18,1,153854,153417,437
28527161,6.22625,7.33192,435,119720,0.226543,0.25,1,153856,153421,435
28530081,8.44525,11.0664,432,119720,0.245309,0.29,1,153865,153433,432
28533001,3.28905,3.81328,432,119720,0.249062,0.3,1,153867,153435,432
28535921,3.85781,2.36266,434,119720,0.265812,0.22,1,153871,153437,434
28537601,4.77156,3.67253,435,119720,0.333162,0.19,1,153876,153441,435
28540521,2.55431,3.93451,433,119720,0.346633,0.19,1,153878,153445,433
28543441,2.11086,0.786901,435,119720,0.317327,0.27,1,153880,153445,435
28546361,5.22217,4.95738,435,119720,0.335465,0.23,1,153886,153451,435
28549281,4.24443,4.19148,435,119720,0.347093,0.26,1,153890,153455,435
28552201,5.64889,7.2383,433,119720,0.341419,0.26,1,153896,153463,433
28555121,7.52978,3.04766,439,119720,0.364284,0.21,1,153904,153465,439
28558041,6.30596,7.00953,437,119720,0.360857,0.29,1,153910,153473,437
28560961,22.0612,23.0019,436,119720,0.368171,0.14,1,153936,153500,436
28563881,11.6122,11.8004,436,119720,0.369634,0.29,1,153945,153509,436
28566801,3.92245,3.96008,436,119720,0.385927,0.29,1,153947,153511,436
28569721,7.18449,10.392,432,119720,0.261185,0.26,1,153955,153523,432
28572641,3.0369,3.6784,432,119720,0.364237,0.26,1,153957,153525,432
28575561,2.20738,2.33568,432,119720,0.384847,0.2,1,153959,153527,432
28578481,11.6415,8.46714,436,119720,0.340969,0.31,1,153973,153537,436
28581401,3.9283,3.29343,436,119720,0.300194,0.26,1,153975,153539,436
28584321,23.9857,26.2587,433,119720,0.284039,0.28,1,154004,153571,433
28587241,7.99713,10.0517,431,119720,0.248808,0.25,1,154008,153577,431
28590161,7.99943,3.61035,437,119720,0.337762,0.29,1,154016,153579,437
28593081,4.79989,10.3221,429,119720,0.323552,0.1,1,154020,153591,429
28596001,34.56,30.8644,435,119720,0.30471,0.27,1,154062,153627,435
28598921,13.312,13.3729,434,119720,0.196942,0.28,1,154070,153636,434
28601841,4.2624,7.47458,430,119720,0.327388,0.2,1,154072,153642,430
28604761,18.4525,15.0949,435,119720,0.193478,0.24,1,154094,153659,435
28607681,6.8905,7.81898,433,119720,0.286696,0.27,1,154098,153665,433
28610601,12.5781,13.5638,432,119720,0.297339,0.24,1,154112,153680,432
28613521,12.9156,9.11276,437,119720,0.339468,0.32,1,154125,153688,437
28616441,13.7831,16.2226,433,119720,0.259894,0.25,1,154139,153706,433
28619361,11.5566,6.44451,440,119720,0.259979,0.27,1,154150,153710,440
28622281,14.3113,14.8889,438,119720,0.315996,0.27,1,154165,153727,438
28625201,18.8623,22.1778,434,119720,0.327199,0.31,1,154185,153751,434
28628121,10.9725,9.23556,437,119720,0.30544,0.31,1,154194,153757,437
28631041,14.1945,13.0471,438,119720,0.285088,0.26,1,154209,153771,438
28633961,10.8389,15.4094,432,119720,0.265018,0.18,1,154219,153787,432
28636881,6.96778,6.28188,434,119720,0.309004,0.28,1,154225,153791,434
28639801,40.5936,35.6564,440,119720,0.309801,0.2,1,154274,153834,440
28642721,19.3187,23.1313,434,119720,0.24596,0.23,1,154288,153854,434
28645641,5.46374,6.22625,434,119720,0.201192,0.25,1,154290,153856,434
28648561,11.4927,8.44525,438,119720,0.272238,0.25,1,154303,153865,438
28651481,3.89855,3.28905,438,119720,0.310448,0.27,1,154305,153867,438
28654401,3.97971,3.85781,438,119720,0.26209,0.35,1,154309,153871,438
28657321,5.59594,4.77156,439,119720,0.252418,0.35,1,154315,153876,439
28660241,2.71919,2.55431,439,119720,0.338484,0.31,1,154317,153878,439
28663161,2.14384,2.11086,439,119720,0.323697,0.34,1,154319,153880,439
28666081,5.22877,5.22217,439,119720,0.288739,0.35,1,154325,153886,439
28669001,4.24575,4.24443,439,119720,0.313748,0.34,1,154329,153890,439
28671921,5.64915,5.64889,439,119720,0.31075,0.37,1,154335,153896,439
28674841,5.92983,7.52978,437,119720,0.32615,0.36,1,154341,153904,437
28677761,2.78597,6.30596,433,119720,0.35323,0.37,1,154343,153910,433
28680681,26.9572,22.0612,440,119720,0.318646,0.37,1,154376,153936,440
28683601,8.59144,11.6122,435,119720,0.279729,0.39,1,154380,153945,435
28686521,7.31829,3.92245,440,119720,0.351946,0.23,1,154387,153947,440
28689441,4.66366,7.18449,436,119720,0.334389,0.39,1,154391,153955,436
28692361,2.53273,3.0369,436,119720,0.306878,0.39,1,154393,153957,436
28695281,3.70655,2.20738,438,119720,0.261376,0.33,1,154397,153959,438
28698201,11.9413,11.6415,438,119720,0.316275,0.29,1,154411,153973,438
28701121,3.98826,3.9283,438,119720,0.327255,0.28,1,154413,153975,438
28704041,15.9977,23.9857,428,119720,0.313451,0.24,1,154432,154004,428
28706961,14.3995,7.99713,438,119720,0.26269,0.36,1,154446,154008,438
28709881,6.07991,7.99943,434,119720,0.244538,0.32,1,154450,154016,434
28712801,9.21598,4.79989,440,119720,0.232908,0.3,1,154460,154020,440
28715721,35.4432,34.56,440,119720,0.222582,0.17,1,154502,154062,440
28718641,10.2886,13.312,436,119720,0.196516,0.36,1,154506,154070,436
28721561,5.25773,4.2624,438,119720,0.287303,0.16,1,154510,154072,438
28724481,17.8515,18.4525,437,119720,0.249461,0.31,1,154531,154094,437
28727401,6.77031,6.8905,437,119720,0.177892,0.3,1,154535,154098,437
28730321,12.5541,12.5781,437,119720,0.291578,0.35,1,154549,154112,437
28733241,10.5108,12.9156,434,119720,0.234316,0.24,1,154559,154125,434
28736161,12.5022,13.7831,433,119720,0.262863,0.26,1,154572,154139,433
28739081,12.9004,11.5566,435,119720,0.308573,0.33,1,154585,154150,435
28742001,12.9801,14.3113,433,119720,0.197715,0.33,1,154598,154165,433
28744921,21.796,18.8623,437,119720,0.239543,0.3,1,154622,154185,437
28747841,9.1592,10.9725,434,119720,0.191909,0.28,1,154628,154194,434
28750761,13.8318,14.1945,434,119720,0.310382,0.26,1,154643,154209,434
28753681,10.7664,10.8389,434,119720,0.278076,0.32,1,154653,154219,434
28756601,8.55327,6.96778,436,119720,0.247615,0.31,1,154661,154225,436
28759521,40.9107,40.5936,436,119720,0.321523,0.23,1,154710,154274,436
28762441,20.9821,19.3187,438,119720,0.296305,0.19,1,154726,154288,438
28765361,5.79643,5.46374,438,119720,0.355261,0.29,1,154728,154290,438
28768281,7.55929,11.4927,433,119720,0.255052,0.32,1,154736,154303,433
28771201,4.71186,3.89855,435,119720,0.32301,0.25,1,154740,154305,435
28774121,7.34237,3.97971,439,119720,0.288602,0.25,1,154748,154309,439
28777041,4.66847,5.59594,437,119720,0.24972,0.36,1,154752,154315,437
28779961,2.53369,2.71919,437,119720,0.281944,0.32,1,154754,154317,437
28782881,3.70674,2.14384,439,119720,0.224389,0.28,1,154758,154319,439
28785801,5.54135,5.22877,439,119720,0.188878,0.32,1,154764,154325,439
28788721,4.30827,4.24575,439,119720,0.269776,0.31,1,154768,154329,439
28791641,7.26165,5.64915,441,119720,0.253955,0.33,1,154776,154335,441
28794561,3.05233,5.92983,437,119720,0.250791,0.36,1,154778,154341,437
28797481,5.41047,2.78597,441,119720,0.234158,0.31,1,154784,154343,441
28800401,25.8821,26.9572,439,119720,0.246832,0.27,1,154815,154376,439
28803321,6.77642,8.59144,437,119720,0.217366,0.37,1,154817,154380,437
28806241,6.15528,7.31829,436,119720,0.187473,0.33,1,154823,154387,436
28809161,8.43106,4.66366,441,119720,0.245495,0.3,1,154832,154391,441
28812081,3.28621,2.53273,441,119720,0.257099,0.25,1,154834,154393,441
28815001,2.25724,3.70655,439,119720,0.25142,0.33,1,154836,154397,439
28817921,8.45145,11.9413,435,119720,0.298284,0.33,1,154846,154411,435
28820841,3.29029,3.98826,435,119720,0.307657,0.31,1,154848,154413,435
28823761,15.0581,15.9977,434,119720,0.221531,0.25,1,154866,154432,434
28826681,15.0116,14.3995,435,119720,0.220306,0.24,1,154881,154446,435
28829601,6.20232,6.07991,435,119720,0.196061,0.23,1,154885,154450,435
28832521,10.8405,9.21598,437,119720,0.255212,0.22,1,154897,154460,437
28835441,34.1681,35.4432,435,119720,0.219042,0.19,1,154937,154502,435
28838361,8.43362,10.2886,433,119720,0.187808,0.31,1,154939,154506,433
28841281,3.28672,5.25773,431,119720,0.149562,0.24,1,154941,154510,431
28844201,18.2573,17.8515,432,119720,0.189912,0.16,1,154963,154531,432
28847121,6.85147,6.77031,432,119720,0.133982,0.32,1,154967,154535,432
28850041,14.1703,12.5541,434,119720,0.242796,0.22,1,154983,154549,434
28852961,10.8341,10.5108,434,119720,0.200559,0.27,1,154993,154559,434
28855881,13.3668,12.5022,435,119720,0.288112,0.32,1,155007,154572,435
28858801,10.6734,12.9004,432,119720,0.193622,0.17,1,155017,154585,432
28861721,16.5347,12.9801,437,119720,0.214724,0.25,1,155035,154598,437
28864641,22.5069,21.796,437,119720,0.282945,0.18,1,155059,154622,437
28867561,7.70139,9.1592,435,119720,0.240589,0.34,1,155063,154628,435
28870481,14.3403,13.8318,436,119720,0.280118,0.27,1,155079,154643,436
28873401,10.0681,10.7664,435,119720,0.272024,0.24,1,155088,154653,435
28876321,11.6136,8.55327,439,119720,0.190405,0.34,1,155100,154661,439
28879241,37.5227,40.9107,434,119720,0.230081,0.29,1,155144,154710,434
28882161,20.3045,20.9821,434,119720,0.294016,0.37,1,155160,154726,434
28885081,5.66091,5.79643,434,119720,0.274803,0.23,1,155162,154728,434
28888001,9.13218,7.55929,436,119720,0.318961,0.34,1,155172,154736,436
28890921,3.42644,4.71186,434,119720,0.327792,0.28,1,155174,154740,434
28893841,6.28529,7.34237,433,119720,0.257558,0.24,1,155181,154748,433
28896761,2.85706,4.66847,431,119720,0.347512,0.29,1,155183,154752,431
28899681,2.17141,2.53369,431,119720,0.365502,0.21,1,155185,154754,431
28902601,7.63428,3.70674,436,119720,0.3691,0.18,1,155194,154758,436
28905521,3.12686,5.54135,432,119720,0.36982,0.29,1,155196,154764,432
28908441,5.42537,4.30827,434,119720,0.337964,0.25,1,155202,154768,434
28911361,5.88507,7.26165,432,119720,0.299593,0.25,1,155208,154776,432
28914281,2.77701,3.05233,432,119720,0.267919,0.23,1,155210,154778,432
28917201,7.7554,5.41047,435,119720,0.293584,0.25,1,155219,154784,435
28920121,27.9511,25.8821,437,119720,0.298717,0.21,1,155252,154815,437
28923041,7.19022,6.77642,437,119720,0.331743,0.18,1,155254,154817,437
28925961,3.03804,6.15528,433,119720,0.306349,0.26,1,155256,154823,433
28928881,5.40761,8.43106,430,119720,0.26927,0.26,1,155262,154832,430
28931801,2.68152,3.28621,430,119720,0.261854,0.25,1,155264,154834,430
28934721,8.5363,2.25724,438,119720,0.324371,0.31,1,155274,154836,438
28937641,9.70726,8.45145,438,119720,0.240874,0.31,1,155284,154846,438
28940561,3.54145,3.29029,438,119720,0.224175,0.2,1,155286,154848,438
28943481,13.5083,15.0581,436,119720,0.356835,0.22,1,155302,154866,436
28946401,9.90166,15.0116,430,119720,0.311367,0.19,1,155311,154881,430
28949321,9.18033,6.20232,435,119720,0.286273,0.27,1,155320,154885,435
28952241,12.2361,10.8405,436,119720,0.337255,0.21,1,155333,154897,436
28955161,31.2472,34.1681,432,119720,0.331451,0.18,1,155369,154937,432
28958081,7.84944,8.43362,432,119720,0.29029,0.14,1,155371,154939,432
28961001,3.16989,3.28672,432,119720,0.250058,0.2,1,155373,154941,432
28963921,22.234,18.2573,437,119720,0.226012,0.12,1,155400,154963,437
28966841,6.0468,6.85147,435,119720,0.189202,0.27,1,155402,154967,435
28969761,12.4094,14.1703,433,119720,0.325841,0.19,1,155416,154983,433
28972681,14.4819,10.8341,438,119720,0.297168,0.31,1,155431,154993,438
28975601,7.69637,13.3668,430,119720,0.227434,0.17,1,155437,155007,430
28978521,13.5393,10.6734,435,119720,0.285487,0.22,1,155452,155017,435
28981441,13.9079,16.5347,431,119720,0.313097,0.3,1,155466,155035,431
28984361,27.5816,22.5069,438,119720,0.302619,0.23,1,155497,155059,438
28987281,7.11631,7.70139,436,119720,0.276524,0.29,1,155499,155063,436
28990201,12.6233,14.3403,434,119720,0.335305,0.27,1,155513,155079,434
28993121,7.32465,10.0681,431,119720,0.315061,0.17,1,155519,155088,431
28996041,15.8649,11.6136,437,119720,0.303012,0.24,1,155537,155100,437
28998961,38.373,37.5227,437,119720,0.308602,0.31,1,155581,155144,437
29001881,22.0746,20.3045,439,119720,0.34172,0.27,1,155599,155160,439
29004801,6.01492,5.66091,439,119720,0.324344,0.33,1,155601,155162,439
29007721,9.20298,9.13218,439,119720,0.240869,0.33,1,155611,155172,439
29010641,3.4406,3.42644,439,119720,0.352174,0.24,1,155613,155174,439
29013561,7.08812,6.28529,440,119720,0.350435,0.37,1,155621,155181,440
29016481,3.01762,2.85706,440,119720,0.350087,0.37,1,155623,155183,440
29019401,2.20352,2.17141,440,119720,0.350017,0.37,1,155625,155185,440
29022321,5.24071,7.63428,437,119720,0.294003,0.37,1,155631,155194,437
29025241,2.64814,3.12686,437,119720,0.362801,0.33,1,155633,155196,437
29028161,6.92963,5.42537,439,119720,0.32056,0.29,1,155641,155202,439
29031081,4.58593,5.88507,437,119720,0.304112,0.26,1,155645,155208,437
29034001,2.51719,2.77701,437,119720,0.300822,0.3,1,155647,155210,437
29036921,5.30344,7.7554,434,119720,0.356164,0.3,1,155653,155219,434
29039841,29.0607,27.9511,436,119720,0.327233,0.34,1,155688,155252,436
29042761,7.41214,7.19022,436,119720,0.297447,0.3,1,155690,155254,436
29045681,3.08243,3.03804,436,119720,0.259489,0.26,1,155692,155256,436
29048241,8.61649,5.40761,440,119720,0.283898,0.26,1,155702,155262,440
29051161,3.3233,2.68152,440,119720,0.34478,0.34,1,155704,155264,440
29054081,3.86466,8.5363,434,119720,0.292956,0.22,1,155708,155274,434
29057001,11.9729,9.70726,438,119720,0.322591,0.22,1,155722,155284,438
29059921,3.99459,3.54145,438,119720,0.296518,0.39,1,155724,155286,438
29062841,13.5989,13.5083,438,119720,0.331304,0.3,1,155740,155302,438
29065761,9.11978,9.90166,437,119720,0.346261,0.28,1,155748,155311,437
29068681,6.62396,9.18033,434,119720,0.293252,0.35,1,155754,155320,434
29071601,15.7248,12.2361,439,119720,0.28265,0.33,1,155772,155333,439
29074521,32.745,31.2472,440,119720,0.29653,0.28,1,155809,155369,440
29077441,8.14899,7.84944,440,119720,0.267306,0.24,1,155811,155371,440
29080361,3.2298,3.16989,440,119720,0.229461,0.22,1,155813,155373,440
29083281,16.646,22.234,433,119720,0.253892,0.18,1,155833,155400,433
29086201,4.92919,6.0468,433,119720,0.306778,0.36,1,155835,155402,433
29089121,16.9858,12.4094,439,119720,0.229356,0.29,1,155855,155416,439
29092041,11.3972,14.4819,434,119720,0.357871,0.21,1,155865,155431,434
29094961,11.8794,7.69637,440,119720,0.351574,0.3,1,155877,155437,440
29097881,11.9759,13.5393,437,119720,0.406315,0.32,1,155889,155452,437
29100801,13.5952,13.9079,437,119720,0.321263,0.3,1,155903,155466,437
29103721,21.919,27.5816,430,119720,0.368253,0.27,1,155927,155497,430
29106641,13.9838,7.11631,440,119720,0.377651,0.35,1,155939,155499,440
29109561,13.9968,12.6233,440,119720,0.29153,0.31,1,155953,155513,440
29112481,7.59935,7.32465,440,119720,0.378306,0.3,1,155959,155519,440
29115401,15.9199,15.8649,440,119720,0.299661,0.31,1,155977,155537,440
29118321,35.984,38.373,437,119720,0.363932,0.35,1,156018,155581,437
29121241,19.1968,22.0746,434,119720,0.288786,0.32,1,156033,155599,434
29124161,5.43936,6.01492,434,119720,0.249757,0.22,1,156035,155601,434
29127081,13.0879,9.20298,439,119720,0.321951,0.38,1,156050,155611,439
29130001,4.21757,3.4406,439,119720,0.37639,0.35,1,156052,155613,439
29132921,5.64351,7.08812,437,119720,0.371278,0.35,1,156058,155621,437
29135841,5.9287,3.01762,441,119720,0.346256,0.35,1,156064,155623,441
29138761,2.78574,2.20352,441,119720,0.309251,0.28,1,156066,155625,441
29141681,2.15715,5.24071,437,119720,0.34985,0.38,1,156068,155631,437
29144601,2.03143,2.64814,437,119720,0.35797,0.31,1,156070,155633,437
29147521,8.40629,6.92963,439,119720,0.287594,0.3,1,156080,155641,439
29150441,4.88126,4.58593,439,119720,0.361519,0.3,1,156084,155645,439
29153361,2.57625,2.51719,439,119720,0.344304,0.37,1,156086,155647,439
29156281,2.11525,5.30344,435,119720,0.316861,0.32,1,156088,155653,435
29159201,26.823,29.0607,433,119720,0.351372,0.29,1,156121,155688,433
29162121,6.96461,7.41214,433,119720,0.326274,0.25,1,156123,155690,433
29165041,6.19292,3.08243,437,119720,0.265255,0.29,1,156129,155692,437
29167961,10.8386,8.61649,439,119720,0.317051,0.36,1,156141,155702,439
29170881,3.76772,3.3233,439,119720,0.30341,0.28,1,156143,155704,439
29173801,3.95354,3.86466,439,119720,0.236682,0.33,1,156147,155708,439
29176721,8.79071,11.9729,435,119720,0.311336,0.29,1,156157,155722,435
29179641,3.35814,3.99459,435,119720,0.326267,0.34,1,156159,155724,435
29182561,15.0716,13.5989,437,119720,0.265253,0.35,1,156177,155740,437
29185481,4.61433,9.11978,431,119720,0.341051,0.28,1,156179,155748,431
29188401,11.3229,6.62396,438,119720,0.38021,0.28,1,156192,155754,438
29191321,17.4646,15.7248,439,119720,0.292042,0.3,1,156211,155772,439
29194241,30.6929,32.745,436,119720,0.338408,0.26,1,156245,155809,436
29197161,10.9386,8.14899,440,119720,0.251682,0.22,1,156251,155811,440
29200081,3.78772,3.2298,440,119720,0.210336,0.26,1,156253,155813,440
29203001,9.55754,16.646,431,119720,0.354067,0.32,1,156264,155833,431
29205921,3.51151,4.92919,431,119720,0.350813,0.21,1,156266,155835,431
29208841,25.5023,16.9858,442,119720,0.238163,0.39,1,156297,155855,442
29211761,8.30046,11.3972,436,119720,0.271633,0.35,1,156301,155865,436
29214681,16.0601,11.8794,442,119720,0.238326,0.42,1,156319,155877,442
29217601,11.212,11.9759,440,119720,0.279665,0.3,1,156329,155889,440
29220521,14.2424,13.5952,441,119720,0.223933,0.38,1,156344,155903,441
29223441,22.8485,21.919,442,119720,0.284787,0.38,1,156369,155927,442
29226361,9.3697,13.9838,436,119720,0.256957,0.27,1,156375,155939,436
29229281,15.4739,13.9968,439,119720,0.331391,0.4,1,156392,155953,439
29232201,11.0948,7.59935,443,119720,0.298278,0.28,1,156402,155959,443
29235121,12.619,15.9199,438,119720,0.267656,0.38,1,156415,155977,438
29238041,33.7238,35.984,436,119720,0.221531,0.27,1,156454,156018,436
29240961,18.7448,19.1968,436,119720,0.212306,0.24,1,156469,156033,436
29243881,8.54895,5.43936,440,119720,0.194461,0.34,1,156475,156035,440
29246801,12.9098,13.0879,439,119720,0.254892,0.39,1,156489,156050,439
29249721,4.18196,4.21757,439,119720,0.234978,0.37,1,156491,156052,439
29252641,6.43639,5.64351,440,119720,0.142996,0.34,1,156498,156058,440
29255561,2.88728,5.9287,436,119720,0.268599,0.3,1,156500,156064,436
29258481,2.17746,2.78574,436,119720,0.29372,0.36,1,156502,156066,436
29260401,1.23549,2.15715,435,119720,0.290744,0.31,1,156503,156068,435
29263321,8.2471,3.63143,441,119720,0.242149,0.27,1,156513,156072,441
29266241,3.24942,7.12629,435,119720,0.20843,0.38,1,156515,156080,435
29269161,6.24988,4.62526,438,119720,0.193686,0.34,1,156522,156084,438
29272081,2.84998,2.52505,438,119720,0.222737,0.31,1,156524,156086,438
29274961,2.17,2.10501,438,119720,0.300547,0.36,1,156526,156088,438
29277881,22.834,26.821,433,119720,0.204109,0.32,1,156554,156121,433
29280801,6.1668,6.9642,433,119720,0.264822,0.25,1,156556,156123,433
29283721,10.8334,6.19284,439,119720,0.268964,0.33,1,156568,156129,439
29286641,10.1667,10.8386,437,119720,0.149793,0.3,1,156578,156141,437
29289561,6.83333,3.76771,441,119720,0.197959,0.22,1,156584,156143,441
29292481,2.96667,3.95354,439,119720,0.215592,0.33,1,156586,156147,439
29295401,10.1933,8.79071,441,119720,0.187118,0.33,1,156598,156157,441
29298321,3.63867,3.35814,441,119720,0.181424,0.25,1,156600,156159,441
29301241,15.9277,15.0716,442,119720,0.212285,0.36,1,156619,156177,442
29304161,4.78555,4.61433,442,119720,0.218457,0.39,1,156621,156179,442
29307081,4.15711,11.3229,433,119720,0.187691,0.27,1,156625,156192,433
29310001,18.4314,17.4646,436,119720,0.0615383,0.35,1,156647,156211,436
29312921,26.8863,30.6929,431,119720,0.108308,0.23,1,156676,156245,431
29315841,18.1773,10.9386,441,119720,0.165662,0.2,1,156692,156251,441
29318761,5.23545,3.78772,441,119720,0.145132,0.39,1,156694,156253,441
29321681,5.84709,9.55754,436,119720,0.165026,0.35,1,156700,156264,436
29324601,4.36942,3.51151,438,119720,0.217005,0.21,1,156704,156266,438
29327521,26.4739,25.5023,439,119720,0.139401,0.28,1,156736,156297,439
29330441,8.49478,8.30046,439,119720,0.11588,0.23,1,156740,156301,439
29333361,13.699,16.0601,436,119720,0.239176,0.29,1,156755,156319,436
29336281,9.13979,11.212,434,119720,0.167835,0.21,1,156763,156329,434
29339201,17.028,14.2424,438,119720,0.161567,0.3,1,156782,156344,438
29342121,23.4056,22.8485,438,119720,0.168313,0.25,1,156807,156369,438
29345041,6.28112,9.3697,434,119720,0.161663,0.35,1,156809,156375,434
29347961,17.2562,15.4739,437,119720,0.192333,0.29,1,156829,156392,437
29350881,9.85124,11.0948,435,119720,0.0704665,0.26,1,156837,156402,435
29353801,10.7702,12.619,433,119720,0.126093,0.21,1,156848,156415,433
29356721,32.554,33.7238,432,119720,0.257219,0.21,1,156886,156454,432
29359641,16.9108,18.7448,430,119720,0.243444,0.19,1,156899,156469,430
29362561,10.5822,8.54895,433,119720,0.208689,0.27,1,156908,156475,433
29365481,15.7164,12.9098,436,119720,0.201738,0.23,1,156925,156489,436
29368401,4.74329,4.18196,436,119720,0.224348,0.12,1,156927,156491,436
29371321,2.54866,6.43639,431,119720,0.19687,0.3,1,156929,156498,431
29374241,2.10973,2.88728,431,119720,0.159374,0.3,1,156931,156500,431
29376261,1.22195,0.577456,432,119720,0.191875,0.3,1,156932,156500,432
29379181,1.84439,1.71549,432,119720,0.158375,0.23,1,156934,156502,432
29382101,9.96888,9.1431,433,119720,0.255675,0.2,1,156946,156513,433
29385021,5.19378,3.42862,435,119720,0.211135,0.19,1,156950,156515,435
29387941,7.43876,6.28572,436,119720,0.146227,0.23,1,156958,156522,436
29390861,3.08775,2.85714,436,119720,0.205245,0.32,1,156960,156524,436
29393781,2.21755,2.17143,436,119720,0.225049,0.18,1,156962,156526,436
29396701,22.0435,22.8343,435,119720,0.19701,0.28,1,156989,156554,435
29399621,6.0087,6.16686,435,119720,0.271402,0.27,1,156991,156556,435
29402541,5.20174,10.8334,428,119720,0.23828,0.12,1,156996,156568,428
29405461,13.0403,10.1667,433,119720,0.295656,0.21,1,157011,156578,433
29408381,5.80807,6.83333,431,119720,0.243131,0.22,1,157015,156584,431
29411301,2.76161,2.96667,431,119720,0.200626,0.18,1,157017,156586,431
29414221,10.9523,10.1933,432,119720,0.248125,0.18,1,157030,156598,432
29417141,3.79046,3.63867,432,119720,0.313625,0.22,1,157032,156600,432
29420061,18.3581,15.9277,435,119720,0.358725,0.22,1,157054,156619,435
29422981,5.27162,4.78555,435,119720,0.367745,0.18,1,157056,156621,435
29425901,2.65432,4.15711,433,119720,0.337549,0.03,1,157058,156625,433
29428821,12.5309,18.4314,426,119720,0.29151,0.12,1,157073,156647,426
29431741,32.1062,26.8863,434,119720,0.242302,0.18,1,157110,156676,434
29434661,19.2212,18.1773,434,119720,0.26446,0.14,1,157126,156692,434
29437581,5.44425,5.23545,434,119720,0.236892,0.17,1,157128,156694,434
29440501,4.28885,5.84709,432,119720,0.175378,0.23,1,157132,156700,432
29443421,4.05777,4.36942,432,119720,0.0990757,0.12,1,157136,156704,432
29446341,24.0116,26.4739,429,119720,0.203815,0.11,1,157165,156736,429
29449261,8.00231,8.49478,429,119720,0.160763,0.27,1,157169,156740,429
29452181,15.2005,13.699,431,119720,0.192153,0.15,1,157186,156755,431
29455101,11.8401,9.13979,434,119720,0.294431,0.16,1,157197,156763,434
29458021,15.968,17.028,432,119720,0.242886,0.17,1,157214,156782,432
29460941,22.3936,23.4056,431,119720,0.352577,0.16,1,157238,156807,431
29463861,6.07872,6.28112,431,119720,0.358515,0.2,1,157240,156809,431
29466781,19.6157,17.2562,434,119720,0.247703,0.04,1,157263,156829,434
29469701,5.52315,9.85124,428,119720,0.305541,0.14,1,157265,156837,428
29472621,13.9046,10.7702,433,119720,0.341108,0.29,1,157281,156848,433
29475541,34.7809,32.554,435,119720,0.268222,0.24,1,157321,156886,435
29478461,13.3562,16.9108,430,119720,0.221644,0.2,1,157329,156899,430
29481381,7.47124,10.5822,427,119720,0.228329,0.2,1,157335,156908,427
29484301,18.2942,15.7164,431,119720,0.157666,0.23,1,157356,156925,431
29487221,5.25885,4.74329,431,119720,0.231533,0.19,1,157358,156927,431
29490141,2.65177,2.54866,431,119720,0.214307,0.15,1,157360,156929,431
29493061,3.73035,2.10973,433,119720,0.154861,0.2,1,157364,156931,433
29495981,3.94607,1.22195,436,119720,0.254972,0.15,1,157368,156932,436
29498901,2.38921,1.84439,436,119720,0.274994,0.28,1,157370,156934,436
29501821,3.67784,9.96888,428,119720,0.238999,0.2,1,157374,156946,428
29504741,7.93557,5.19378,433,119720,0.2478,0.13,1,157383,156950,433
29507661,10.3871,7.43876,436,119720,0.16156,0.22,1,157394,156958,436
29510581,5.27742,3.08775,438,119720,0.088312,0.23,1,157398,156960,438
29513501,2.65548,2.21755,438,119720,0.0416624,0.19,1,157400,156962,438
29516421,18.1311,22.0435,433,119720,0.184332,0.29,1,157422,156989,433
29519341,9.22622,6.0087,438,119720,0.196866,0.23,1,157429,156991,438
29522261,3.44524,5.20174,435,119720,0.167373,0.31,1,157431,156996,435
29525181,7.88905,13.0403,429,119720,0.209475,0.23,1,157440,157011,429
29528101,8.77781,5.80807,434,119720,0.161895,0.19,1,157449,157015,434
29531021,3.35556,2.76161,434,119720,0.160379,0.26,1,157451,157017,434
29533941,8.67111,10.9523,431,119720,0.112076,0.33,1,157461,157030,431
29536861,4.93422,3.79046,433,119720,0.230415,0.37,1,157465,157032,433
29539781,18.5868,18.3581,433,119720,0.238083,0.37,1,157487,157054,433
29542701,5.31737,5.27162,433,119720,0.215617,0.33,1,157489,157056,433
29545621,7.46347,2.65432,439,119720,0.275123,0.28,1,157497,157058,439
29548541,13.4927,12.5309,439,119720,0.231025,0.23,1,157512,157073,439
29551461,27.4985,32.1062,433,119720,0.214205,0.27,1,157543,157110,433
29554381,12.6997,19.2212,426,119720,0.250841,0.23,1,157552,157126,426
29557301,13.7399,5.44425,438,119720,0.250168,0.16,1,157566,157128,438
29560221,4.34799,4.28885,436,119720,0.218034,0.08,1,157568,157132,436
29562001,2.4696,4.05777,434,119720,0.179607,0.23,1,157570,157136,434
29564921,22.8939,24.0116,433,119720,0.235921,0.15,1,157598,157165,433
29567841,9.37878,8.00231,435,119720,0.159184,0.2,1,157604,157169,435
29570761,15.4758,15.2005,435,119720,0.175837,0.32,1,157621,157186,435
29573681,13.4952,11.8401,437,119720,0.163167,0.23,1,157634,157197,437
29576601,10.699,15.968,430,119720,0.0966335,0.38,1,157644,157214,430
29579521,21.3398,22.3936,430,119720,0.115327,0.36,1,157668,157238,430
29582441,7.46796,6.07872,432,119720,0.207065,0.22,1,157672,157240,432
29585361,18.2936,19.6157,430,119720,0.145413,0.32,1,157693,157263,430
29588281,5.25872,5.52315,430,119720,0.149083,0.35,1,157695,157265,430
29591201,15.4517,13.9046,432,119720,0.157817,0.25,1,157713,157281,432
29594121,38.2903,34.7809,436,119720,0.263563,0.21,1,157757,157321,436
29597041,12.4581,13.3562,434,119720,0.260713,0.23,1,157763,157329,434
29599961,5.69161,7.47124,432,119720,0.196143,0.14,1,157767,157335,432
29602881,18.7383,18.2942,433,119720,0.215228,0.25,1,157789,157356,433
29605801,6.94766,5.25885,435,119720,0.163046,0.21,1,157793,157358,435
29608721,2.98953,2.65177,435,119720,0.144609,0.14,1,157795,157360,435
29611641,2.19791,3.73035,433,119720,0.100922,0.14,1,157797,157364,433
29613381,1.23958,0.746071,434,119720,0.0841844,0.28,1,157798,157364,434
29616301,2.64792,3.34921,433,119720,0.184837,0.28,1,157801,157368,433
29619221,5.32958,2.26984,437,119720,0.292967,0.23,1,157807,157370,437
29622141,3.46592,3.65397,436,119720,0.298593,0.25,1,157810,157374,436
29625061,7.89318,7.93079,436,119720,0.243719,0.14,1,157819,157383,436
29627981,3.17864,10.3862,427,119720,0.320744,0.07,1,157821,157394,427
29630901,7.83573,5.27723,432,119720,0.312149,0.03,1,157830,157398,432
29633821,17.5671,2.65545,450,119720,0.27843,0.22,1,157850,157400,450
29636741,11.5134,18.1311,438,119720,0.319686,0.2,1,157860,157422,438
29639661,3.90269,9.22622,433,119720,0.327937,0.16,1,157862,157429,433
29642581,5.58054,3.44524,437,119720,0.233587,0.22,1,157868,157431,437
29645501,6.71611,7.88905,435,119720,0.294717,0.15,1,157875,157440,435
29648421,2.94322,8.77781,428,119720,0.282943,0.16,1,157877,157449,428
29651341,11.7886,3.35556,440,119720,0.272589,0.1,1,157891,157451,440
29654261,3.95773,8.67111,432,119720,0.310518,0.26,1,157893,157461,432
29657181,23.9915,4.93422,457,119720,0.206104,0.24,1,157922,157465,457
29660101,6.39831,18.5868,437,119720,0.193221,0.21,1,157924,157487,437
29663021,2.87966,5.31737,437,119720,0.310644,0.29,1,157926,157489,437
29665941,14.1759,7.46347,446,119720,0.294129,0.22,1,157943,157497,446
29668861,29.2352,13.4927,464,119720,0.226826,0.21,1,157976,157512,464
29671781,12.247,27.4985,441,119720,0.245365,0.26,1,157984,157543,441
29674701,8.04941,12.6997,439,119720,0.249073,0.25,1,157991,157552,439
29677621,5.60988,13.7399,430,119720,0.193815,0.21,1,157996,157566,430
29680541,7.52198,4.34799,436,119720,0.214763,0.25,1,158004,157568,436
29683461,22.3044,24.8696,432,119720,0.258953,0.14,1,158030,157598,432
29686381,6.06088,9.77392,428,119720,0.235791,0.18,1,158032,157604,428
29689301,17.2122,15.5548,431,119720,0.255158,0.16,1,158052,157621,431
29692221,9.84244,13.511,426,119720,0.291032,0.08,1,158060,157634,426
29695141,11.5685,10.7022,428,119720,0.242206,0.12,1,158072,157644,428
29698061,23.9137,21.3404,431,119720,0.232441,0.23,1,158099,157668,431
29700981,7.98274,7.46809,431,119720,0.158488,0.13,1,158103,157672,431
29703901,17.5965,18.2936,430,119720,0.215698,0.15,1,158123,157693,430
29706821,5.11931,5.25872,430,119720,0.20314,0.16,1,158125,157695,430
29709741,18.6239,15.4517,434,119720,0.264628,0.29,1,158147,157713,434
29712661,35.7248,38.2903,430,119720,0.220926,0.26,1,158187,157757,430
29715581,15.145,12.4581,434,119720,0.116185,0.18,1,158197,157763,434
29718501,7.02899,5.69161,435,119720,0.223237,0.22,1,158202,157767,435
29721421,16.6058,18.7383,432,119720,0.180647,0.15,1,158221,157789,432
29724341,4.92116,6.94766,430,119720,0.204129,0.14,1,158223,157793,430
29727261,2.58423,2.98953,430,119720,0.176826,0.09,1,158225,157795,430
29730181,8.51685,2.19791,438,119720,0.115365,0.09,1,158235,157797,438
29731941,2.50337,0.439581,439,119720,0.119073,0.22,1,158236,157797,439
29734861,2.10067,4.88792,435,119720,0.215815,0.32,1,158238,157803,435
29737781,2.02013,4.17758,433,119720,0.227163,0.3,1,158240,157807,433
29740701,5.20403,3.23552,436,119720,0.165433,0.23,1,158246,157810,436
29743621,9.04081,7.8471,437,119720,0.209087,0.34,1,158256,157819,437
29746541,3.40816,3.16942,437,119720,0.225817,0.31,1,158258,157821,437
29749461,3.88163,7.83388,432,119720,0.221163,0.27,1,158262,157830,432
29752381,22.3763,17.5668,439,119720,0.220233,0.33,1,158289,157850,439
29755301,6.07527,11.5134,431,119720,0.188047,0.33,1,158291,157860,431
29758221,8.41505,3.90267,438,119720,0.261609,0.21,1,158300,157862,438
29761141,4.88301,5.58053,436,119720,0.252322,0.31,1,158304,157868,436
29764061,5.7766,6.71611,435,119720,0.218464,0.28,1,158310,157875,435
29766981,4.35532,2.94322,437,119720,0.219693,0.27,1,158314,157877,437
29769901,7.27106,11.7886,431,119720,0.235939,0.32,1,158322,157891,431
29772821,3.05421,3.95773,431,119720,0.263188,0.18,1,158324,157893,431
29775741,26.2108,23.9915,434,119720,0.292638,0.19,1,158356,157922,434
29778661,6.84217,6.39831,434,119720,0.266528,0.34,1,158358,157924,434
29781581,4.56843,2.87966,436,119720,0.213305,0.29,1,158362,157926,436
29784501,10.5137,14.1759,431,119720,0.282661,0.21,1,158374,157943,431
29787421,31.7027,29.2352,435,119720,0.296532,0.25,1,158411,157976,435
29790341,9.54055,12.247,431,119720,0.227306,0.25,1,158415,157984,431
29793261,9.90811,8.04941,434,119720,0.277461,0.18,1,158425,157991,434
29796181,3.58162,5.60988,431,119720,0.287492,0.22,1,158427,157996,431
29799101,7.91632,7.52198,432,119720,0.313498,0.27,1,158436,158004,432
29802021,23.1833,22.3044,433,119720,0.2467,0.23,1,158463,158030,433
29804941,6.23665,6.06088,433,119720,0.24134,0.26,1,158465,158032,433
29807861,18.8473,17.2122,435,119720,0.240268,0.3,1,158487,158052,435
29810781,6.96947,9.84244,431,119720,0.272054,0.23,1,158491,158060,431
29813701,9.39389,11.5685,429,119720,0.326411,0.23,1,158501,158072,429
29816621,29.0788,23.9137,436,119720,0.313282,0.14,1,158535,158099,436
29819541,7.41576,7.98274,434,119720,0.342656,0.23,1,158537,158103,434
29822461,15.8832,17.5965,432,119720,0.308531,0.2,1,158555,158123,432
29825381,6.37663,5.11931,434,119720,0.381706,0.28,1,158559,158125,434
29828301,11.6753,18.6239,425,119720,0.324341,0.21,1,158572,158147,425
29831221,35.1351,35.7248,426,119720,0.376868,0.09,1,158613,158187,426
29834141,19.027,15.145,431,119720,0.371374,0.25,1,158628,158197,431
29837061,8.6054,7.02899,432,119720,0.282275,0.17,1,158634,158202,432
29839981,12.9211,16.6058,427,119720,0.312455,0.21,1,158648,158221,427
29842901,4.18422,4.92116,427,119720,0.358491,0.17,1,158650,158223,427
29845821,2.43684,2.58423,427,119720,0.375698,0.1,1,158652,158225,427
29848741,9.28737,8.51685,428,119720,0.42714,0.12,1,158663,158235,428
29851661,5.05747,2.50337,431,119720,0.373428,0.24,1,158667,158236,431
29854581,4.21149,2.10067,433,119720,0.306686,0.23,1,158671,158238,433
29857361,4.0423,2.02013,435,119720,0.277337,0.15,1,158675,158240,435
29860281,4.00846,5.20403,433,119720,0.367467,0.22,1,158679,158246,433
29863201,10.4017,9.04081,435,119720,0.353494,0.23,1,158691,158256,435
29866121,3.68034,3.40816,435,119720,0.390699,0.22,1,158693,158258,435
29869041,2.33607,3.88163,433,119720,0.36614,0.22,1,158695,158262,433
29871961,24.4672,22.3763,436,119720,0.361228,0.18,1,158725,158289,436
29874881,6.49344,6.07527,436,119720,0.360246,0.28,1,158727,158291,436
29877801,6.09869,8.41505,433,119720,0.272049,0.25,1,158733,158300,433
29880721,4.41974,4.88301,433,119720,0.37441,0.21,1,158737,158304,433
29883641,6.48395,5.7766,434,119720,0.410882,0.22,1,158744,158310,434
29886561,6.09679,4.35532,436,119720,0.402176,0.24,1,158750,158314,436
29889481,9.21936,7.27106,438,119720,0.312435,0.27,1,158760,158322,438
29892401,3.44387,3.05421,438,119720,0.294487,0.3,1,158762,158324,438
29895321,22.2888,26.2108,433,119720,0.306897,0.26,1,158789,158356,433
29898241,10.8578,6.84217,439,119720,0.373379,0.2,1,158797,158358,439
29901161,3.77155,4.56843,437,119720,0.354676,0.3,1,158799,158362,437
29904081,9.55431,10.5137,436,119720,0.358935,0.3,1,158810,158374,436
29907001,32.3109,31.7027,437,119720,0.263787,0.21,1,158848,158411,437
29909921,8.06217,9.54055,435,119720,0.244757,0.29,1,158850,158415,435
29912841,10.4124,9.90811,436,119720,0.392952,0.29,1,158861,158425,436
29915761,3.68249,3.58162,436,119720,0.39059,0.32,1,158863,158427,436
29918681,8.7365,7.91632,437,119720,0.318118,0.23,1,158873,158436,437
29921601,18.5473,23.1833,431,119720,0.327624,0.24,1,158894,158463,431
29924521,10.1095,6.23665,437,119720,0.321525,0.24,1,158902,158465,437
29927441,21.2219,18.8473,439,119720,0.344305,0.28,1,158926,158487,439
29930361,8.24438,6.96947,440,119720,0.268861,0.34,1,158931,158491,440
29933281,8.84888,9.39389,439,119720,0.357772,0.31,1,158940,158501,439
29936201,29.7698,29.0788,440,119720,0.335554,0.35,1,158975,158535,440
29939121,9.15395,7.41576,442,119720,0.331111,0.3,1,158979,158537,442
29942041,14.6308,15.8832,440,119720,0.322222,0.4,1,158995,158555,440
29944961,4.52616,6.37663,438,119720,0.320444,0.31,1,158997,158559,438
29947881,12.1052,11.6753,439,119720,0.280089,0.39,1,159011,158572,439
29950801,39.221,35.1351,444,119720,0.304018,0.37,1,159057,158613,444
29953721,12.6442,19.027,435,119720,0.332804,0.26,1,159063,158628,435
29956641,11.3288,8.6054,440,119720,0.338561,0.32,1,159074,158634,440
29959561,15.0658,12.9211,442,119720,0.331712,0.37,1,159090,158648,442
29962481,6.21315,4.18422,444,119720,0.266342,0.38,1,159094,158650,444
29965401,2.84263,2.43684,444,119720,0.229268,0.44,1,159096,158652,444
29968321,2.16853,9.28737,435,119720,0.245854,0.36,1,159098,158663,435
29971241,3.63371,5.05747,435,119720,0.289171,0.29,1,159102,158667,435
29974161,9.52674,4.21149,442,119720,0.329834,0.27,1,159113,158671,442
29977081,3.50535,4.0423,440,119720,0.305967,0.39,1,159115,158675,440
29980001,3.90107,4.00846,440,119720,0.245193,0.35,1,159119,158679,440
29982921,7.98021,10.4017,437,119720,0.377039,0.4,1,159128,158691,437
29985841,7.99604,3.68034,443,119720,0.299408,0.36,1,159136,158693,443
29988761,3.19921,2.33607,443,119720,0.251882,0.36,1,159138,158695,443
29991681,23.8398,24.4672,442,119720,0.250376,0.36,1,159167,158725,442
29994601,6.36797,6.49344,442,119720,0.242075,0.25,1,159169,158727,442
29997521,4.47359,6.09869,440,119720,0.272415,0.4,1,159173,158733,440
30000441,5.69472,4.41974,442,119720,0.342483,0.42,1,159179,158737,442
30003361,2.73894,6.48395,437,119720,0.356497,0.4,1,159181,158744,437
30006281,5.34779,6.09679,437,119720,0.327299,0.29,1,159187,158750,437
30009201,10.6696,9.21936,439,119720,0.33746,0.29,1,159199,158760,439
30012121,5.33391,3.44387,441,119720,0.339492,0.31,1,159203,158762,441
30015041,20.2668,22.2888,438,119720,0.331898,0.39,1,159227,158789,438
30017961,10.4534,10.8578,438,119720,0.26638,0.35,1,159235,158797,438
30020881,3.69067,3.77155,438,119720,0.221276,0.36,1,159237,158799,438
30023801,10.3381,9.55431,439,119720,0.332255,0.24,1,159249,158810,439
30026721,32.4676,32.3109,439,119720,0.250451,0.24,1,159287,158848,439
30029641,11.2935,8.06217,443,119720,0.26609,0.43,1,159293,158850,443
30032561,7.05871,10.4124,438,119720,0.237218,0.39,1,159299,158861,438
30035481,3.01174,3.68249,438,119720,0.303444,0.3,1,159301,158863,438
30038401,11.8023,8.7365,442,119720,0.316689,0.33,1,159315,158873,442
30041321,15.1605,18.5473,437,119720,0.303338,0.32,1,159331,158894,437
30044241,13.4321,10.1095,442,119720,0.228668,0.35,1,159344,158902,442
30047161,16.2864,21.2219,435,119720,0.301734,0.25,1,159361,158926,435
30050081,11.2573,8.24438,440,119720,0.164347,0.38,1,159371,158931,440
30053001,10.2515,8.84888,441,119720,0.280869,0.33,1,159381,158940,441
30055921,26.8503,29.7698,437,119720,0.208174,0.33,1,159412,158975,437
30058841,6.97006,9.15395,435,119720,0.249635,0.32,1,159414,158979,435
30061761,16.594,14.6308,438,119720,0.241927,0.32,1,159433,158995,438
30064681,4.9188,4.52616,438,119720,0.248385,0.27,1,159435,158997,438
30067601,8.98376,12.1052,434,119720,0.305677,0.31,1,159445,159011,434
30070521,43.3968,39.221,440,119720,0.261135,0.34,1,159497,159057,440
30073441,11.8794,12.6442,438,119720,0.196227,0.34,1,159501,159063,438
30076361,7.17587,11.3288,433,119720,0.303245,0.33,1,159507,159074,433
30079281,18.2352,15.0658,438,119720,0.308649,0.25,1,159528,159090,438
30082201,5.24703,6.21315,436,119720,0.27773,0.22,1,159530,159094,436
30085121,2.64941,2.84263,436,119720,0.239546,0.25,1,159532,159096,436
30088041,2.12988,2.16853,436,119720,0.199909,0.3,1,159534,159098,436
30090961,5.22598,3.63371,438,119720,0.255982,0.34,1,159540,159102,438
30093881,4.2452,9.52674,431,119720,0.323196,0.3,1,159544,159113,431
30096801,9.64904,3.50535,440,119720,0.288639,0.23,1,159555,159115,440
30099721,5.12981,3.90107,440,119720,0.281728,0.41,1,159559,159119,440
30102641,2.62596,7.98021,433,119720,0.248346,0.28,1,159561,159128,433
30105561,10.9252,7.99604,438,119720,0.297669,0.24,1,159574,159136,438
30108481,3.78504,3.19921,438,119720,0.283534,0.25,1,159576,159138,438
30111401,24.757,23.8398,439,119720,0.248707,0.24,1,159606,159167,439
30114321,6.5514,6.36797,439,119720,0.281741,0.28,1,159608,159169,439
30117241,2.91028,4.47359,437,119720,0.256348,0.36,1,159610,159173,437
30120161,5.38206,5.69472,437,119720,0.15527,0.36,1,159616,159179,437
30123081,2.67641,2.73894,437,119720,0.183054,0.32,1,159618,159181,437
30126001,5.33528,5.34779,437,119720,0.284611,0.34,1,159624,159187,437
30128921,10.6671,10.6696,437,119720,0.304922,0.34,1,159636,159199,437
30131841,3.73341,5.33391,435,119720,0.268984,0.33,1,159638,159203,435
30134761,19.1467,20.2668,434,119720,0.165797,0.25,1,159661,159227,434
30137681,14.2293,10.4534,439,119720,0.233159,0.21,1,159674,159235,439
30140601,4.44587,3.69067,439,119720,0.214632,0.36,1,159676,159237,439
30143521,8.88917,10.3381,437,119720,0.194926,0.23,1,159686,159249,437
30146441,29.7778,32.4676,434,119720,0.190985,0.27,1,159721,159287,434
30149361,13.1556,11.2935,437,119720,0.158197,0.23,1,159730,159293,437
30152281,8.23111,7.05871,438,119720,0.207639,0.32,1,159737,159299,438
30155201,3.24622,3.01174,438,119720,0.193528,0.32,1,159739,159301,438
30158121,10.2492,11.8023,436,119720,0.230706,0.3,1,159751,159315,436
30161041,12.4498,15.1605,433,119720,0.174141,0.21,1,159764,159331,433
30163961,12.89,13.4321,433,119720,0.266828,0.32,1,159777,159344,433
30166881,13.778,16.2864,430,119720,0.293366,0.13,1,159791,159361,430
30169801,17.1556,11.2573,438,119720,0.282673,0.31,1,159809,159371,438
30172721,6.63112,10.2515,432,119720,0.248535,0.19,1,159813,159381,432
30175641,27.7262,26.8503,434,119720,0.217707,0.26,1,159846,159412,434
30178561,8.74524,6.97006,436,119720,0.203541,0.24,1,159850,159414,436
30181481,19.349,16.594,439,119720,0.264708,0.25,1,159872,159433,439
30184401,5.46981,4.9188,439,119720,0.244942,0.32,1,159874,159435,439
30187321,7.49396,8.98376,437,119720,0.280988,0.25,1,159882,159445,437
30190241,44.6988,43.3968,439,119720,0.296198,0.18,1,159936,159497,439
30193161,12.1398,11.8794,439,119720,0.23524,0.33,1,159940,159501,439
30196081,7.22795,7.17587,439,119720,0.295048,0.31,1,159946,159507,439
30199001,15.8456,18.2352,436,119720,0.25101,0.27,1,159964,159528,436
30201921,4.76912,5.24703,436,119720,0.298202,0.23,1,159966,159530,436
30204841,2.55382,2.64941,436,119720,0.27564,0.19,1,159968,159532,436
30206801,4.51076,2.12988,439,119720,0.191128,0.27,1,159973,159534,439
30209721,2.50215,5.22598,435,119720,0.174226,0.34,1,159975,159540,435
30212641,3.70043,4.2452,435,119720,0.298845,0.28,1,159979,159544,435
30215561,6.34009,9.64904,431,119720,0.283769,0.28,1,159986,159555,431
30218481,4.46802,5.12981,431,119720,0.256754,0.24,1,159990,159559,431
30221401,8.8936,2.62596,439,119720,0.227351,0.31,1,160000,159561,439
30224321,8.17872,10.9252,434,119720,0.27747,0.28,1,160008,159574,434
30227241,7.23574,3.78504,439,119720,0.263494,0.24,1,160015,159576,439
30230161,19.0471,24.757,431,119720,0.292699,0.29,1,160037,159606,431
30233081,5.40943,6.5514,431,119720,0.29854,0.25,1,160039,159608,431
30236001,8.28189,2.91028,438,119720,0.323708,0.13,1,160048,159610,438
30238921,4.85638,5.38206,436,119720,0.296742,0.19,1,160052,159616,436
30241841,2.57128,2.67641,436,119720,0.307348,0.31,1,160054,159618,436
30244761,3.71426,5.33528,434,119720,0.25347,0.31,1,160058,159624,434
30247681,11.1429,10.6671,435,119720,0.298694,0.26,1,160071,159636,435
30250601,3.82857,3.73341,435,119720,0.339739,0.14,1,160073,159638,435
30253521,19.1657,19.1467,435,119720,0.355948,0.25,1,160096,159661,435
30256441,11.8331,14.2293,432,119720,0.35119,0.21,1,160106,159674,432
30259361,3.96663,4.44587,432,119720,0.350238,0.19,1,160108,159676,432
30262281,8.79333,8.88917,432,119720,0.262048,0.19,1,160118,159686,432
30265201,26.5587,29.7778,428,119720,0.36441,0.15,1,160149,159721,428
30268121,14.9117,13.1556,431,119720,0.336882,0.22,1,160161,159730,431
30271041,10.1823,8.23111,433,119720,0.339376,0.19,1,160170,159737,433
30273961,3.63647,3.24622,433,119720,0.339875,0.24,1,160172,159739,433
30276881,7.92729,10.2492,430,119720,0.379975,0.16,1,160181,159751,430
30279801,15.9855,12.4498,435,119720,0.363995,0.29,1,160199,159764,435
30282721,15.9971,12.89,438,119720,0.320799,0.3,1,160215,159777,438
30285641,11.1994,13.778,434,119720,0.26416,0.28,1,160225,159791,434
30288561,15.0399,17.1556,432,119720,0.332832,0.24,1,160241,159809,432
30291481,6.20798,6.63112,432,119720,0.282566,0.21,1,160245,159813,432
30294401,30.0416,27.7262,435,119720,0.360513,0.2,1,160281,159846,435
30297321,10.8083,8.74524,437,119720,0.312103,0.28,1,160287,159850,437
30300241,18.9617,19.349,436,119720,0.334421,0.24,1,160308,159872,436
30303161,5.39233,5.46981,436,119720,0.394884,0.29,1,160310,159874,436
30306081,8.27847,7.49396,437,119720,0.414977,0.3,1,160319,159882,437
30309001,45.6557,44.6988,438,119720,0.394995,0.22,1,160374,159936,438
30311921,12.3311,12.1398,438,119720,0.334999,0.31,1,160378,159940,438
30314841,4.06623,7.22795,434,119720,0.291,0.24,1,160380,159946,434
30317761,12.0132,15.8456,430,119720,0.4022,0.31,1,160394,159964,430
30320681,4.00265,4.76912,430,119720,0.40044,0.27,1,160396,159966,430
30323601,4.00053,2.55382,432,119720,0.336088,0.17,1,160400,159968,432
30326521,6.40011,4.51076,434,119720,0.283218,0.17,1,160407,159973,434
30329441,2.88002,2.50215,434,119720,0.392644,0.33,1,160409,159975,434
30332361,2.176,3.70043,432,119720,0.414529,0.28,1,160411,159979,432
30335281,6.8352,6.34009,433,119720,0.442906,0.25,1,160419,159986,433
30338201,4.56704,4.46802,433,119720,0.448581,0.22,1,160423,159990,433
30341121,11.3134,8.8936,436,119720,0.417716,0.29,1,160436,160000,436
30344041,5.46268,8.17872,432,119720,0.347543,0.26,1,160440,160008,432
30346961,11.4925,7.23574,438,119720,0.245509,0.3,1,160453,160015,438
30349881,16.6985,19.0471,434,119720,0.361102,0.3,1,160471,160037,434
30352801,8.1397,5.40943,438,119720,0.36822,0.33,1,160477,160039,438
30355721,6.42794,8.28189,435,119720,0.369644,0.29,1,160483,160048,435
30358641,4.48559,4.85638,435,119720,0.305929,0.31,1,160487,160052,435
30361561,2.49712,2.57128,435,119720,0.389186,0.24,1,160489,160054,435
30364481,3.69942,3.71426,435,119720,0.341837,0.31,1,160493,160058,435
30367401,13.5399,11.1429,438,119720,0.308367,0.35,1,160509,160071,438
30370321,7.50798,3.82857,442,119720,0.245673,0.36,1,160515,160073,442
30373241,19.1016,19.1657,441,119720,0.337135,0.35,1,160537,160096,441
30376161,7.02032,11.8331,435,119720,0.347427,0.35,1,160541,160106,435
30379081,3.00406,3.96663,435,119720,0.317485,0.24,1,160543,160108,435
30382001,13.4008,8.79333,441,119720,0.319497,0.39,1,160559,160118,441
30384921,25.8802,26.5587,439,119720,0.367899,0.33,1,160588,160149,439
30387841,14.776,14.9117,439,119720,0.37758,0.34,1,160600,160161,439
30390761,12.5552,10.1823,442,119720,0.251516,0.34,1,160612,160170,442
30393681,4.11104,3.63647,442,119720,0.258303,0.39,1,160614,160172,442
30396601,8.02221,7.92729,442,119720,0.275661,0.36,1,160623,160181,442
30399521,16.0044,15.9855,442,119720,0.343132,0.31,1,160641,160199,442
30402441,10.4009,15.9971,435,119720,0.404626,0.25,1,160650,160215,435
30405361,12.4802,11.1994,438,119720,0.320925,0.35,1,160663,160225,438
30408281,16.896,15.0399,440,119720,0.400185,0.27,1,160681,160241,440
30411201,6.57921,6.20798,440,119720,0.352037,0.38,1,160685,160245,440
30414121,27.7158,30.0416,437,119720,0.310407,0.3,1,160718,160281,437
30417041,11.9432,10.8083,439,119720,0.366081,0.34,1,160726,160287,439
30419961,23.1886,18.9617,444,119720,0.289216,0.41,1,160752,160308,444
30422881,6.23773,5.39233,444,119720,0.353843,0.42,1,160754,160310,444
30425801,4.44755,8.27847,439,119720,0.286769,0.39,1,160758,160319,439
30428721,48.8895,45.6557,444,119720,0.329354,0.32,1,160818,160374,444
30431641,12.9779,12.3311,444,119720,0.313871,0.28,1,160822,160378,444
30434561,4.19558,4.06623,444,119720,0.278774,0.43,1,160824,160380,444
30437481,4.03912,12.0132,434,119720,0.287755,0.4,1,160828,160394,434
30440401,2.40782,4.00265,434,119720,0.289551,0.32,1,160830,160396,434
30443321,9.28156,4.00053,441,119720,0.29791,0.27,1,160841,160400,441
30446241,3.45631,6.40011,436,119720,0.267582,0.42,1,160843,160407,436
30449161,7.89126,2.88002,443,119720,0.189516,0.42,1,160852,160409,443
30452081,3.17825,2.176,443,119720,0.173903,0.45,1,160854,160411,443
30455001,2.23565,6.8352,437,119720,0.298781,0.45,1,160856,160419,437
30457921,8.44713,4.56704,443,119720,0.235756,0.41,1,160866,160423,443
30460841,3.28943,11.3134,432,119720,0.223151,0.33,1,160868,160436,432
30463761,5.45789,5.46268,434,119720,0.23663,0.22,1,160874,160440,434
30466681,15.4916,11.4925,439,119720,0.175326,0.39,1,160892,160453,439
30469601,19.0983,16.6985,441,119720,0.195065,0.37,1,160912,160471,441
30472521,5.41966,8.1397,437,119720,0.319013,0.37,1,160914,160477,437
30475441,7.48393,6.42794,439,119720,0.271803,0.29,1,160922,160483,439
30478361,6.29679,4.48559,441,119720,0.230361,0.41,1,160928,160487,441
30481281,4.45936,2.49712,443,119720,0.206072,0.33,1,160932,160489,443
30483441,2.49187,3.69942,441,119720,0.201214,0.3,1,160934,160493,441
30486361,13.2984,13.5399,441,119720,0.248243,0.23,1,160950,160509,441
30489281,4.25967,7.50798,437,119720,0.257649,0.36,1,160952,160515,437
30492201,23.2519,19.1016,443,119720,0.25153,0.35,1,160980,160537,443
30495121,7.85039,7.02032,443,119720,0.250306,0.31,1,160984,160541,443
30498041,3.17008,3.00406,443,119720,0.218061,0.32,1,160986,160543,443
30500961,7.03402,13.4008,435,119720,0.195612,0.38,1,160994,160559,435
30503881,30.2068,25.8802,442,119720,0.271122,0.38,1,161030,160588,442
30506801,9.24136,14.776,434,119720,0.262224,0.22,1,161034,160600,434
30509721,13.0483,12.5552,436,119720,0.276445,0.26,1,161048,160612,436
30512641,9.00965,4.11104,442,119720,0.183289,0.28,1,161056,160614,442
30515561,9.00193,8.02221,442,119720,0.212658,0.36,1,161065,160623,442
30518481,16.2004,16.0044,442,119720,0.250532,0.42,1,161083,160641,442
30521401,4.84008,10.4009,435,119720,0.226106,0.3,1,161085,160650,435
30524321,12.168,12.4802,436,119720,0.293221,0.42,1,161099,160663,436
30527241,20.8336,16.896,441,119720,0.290644,0.34,1,161122,160681,441
30530161,7.36672,6.57921,441,119720,0.298129,0.3,1,161126,160685,441
30533081,25.4733,27.7158,438,119720,0.123626,0.38,1,161156,160718,438
30536001,8.29467,11.9432,434,119720,0.128725,0.27,1,161160,160726,434
30538921,26.4589,23.1886,439,119720,0.169745,0.37,1,161191,160752,439
30541841,6.89179,6.23773,439,119720,0.177949,0.27,1,161193,160754,439
30544761,2.97836,4.44755,437,119720,0.14759,0.34,1,161195,160758,437
30547681,48.5957,48.8895,437,119720,0.253518,0.31,1,161255,160818,437
30550601,12.9191,12.9779,437,119720,0.250704,0.27,1,161259,160822,437
30553521,4.18383,4.19558,437,119720,0.306141,0.29,1,161261,160824,437
30556241,5.63677,4.03912,439,119720,0.253228,0.31,1,161267,160828,439
30559161,2.72735,6.40782,434,119720,0.306646,0.3,1,161269,160835,434
30562081,2.14547,6.08156,430,119720,0.325329,0.26,1,161271,160841,430
30565001,2.02909,2.81631,430,119720,0.329066,0.17,1,161273,160843,430
30567921,9.20582,7.76326,432,119720,0.313813,0.17,1,161284,160852,432
30570841,3.44116,3.15265,432,119720,0.270763,0.33,1,161286,160854,432
30573761,2.28823,2.23053,432,119720,0.254153,0.22,1,161288,160856,432
30576681,14.8576,8.44611,440,119720,0.266831,0.22,1,161306,160866,440
30579601,4.57153,3.28922,440,119720,0.269366,0.24,1,161308,160868,440
30582521,2.51431,5.45784,436,119720,0.237873,0.16,1,161310,160874,436
30585441,14.1029,15.4916,435,119720,0.263575,0.2,1,161327,160892,435
30588361,18.0206,19.0983,434,119720,0.284715,0.35,1,161346,160912,434
30591281,5.20411,5.41966,434,119720,0.256943,0.26,1,161348,160914,434
30594201,5.84082,7.48393,432,119720,0.315389,0.22,1,161354,160922,432
30597121,9.16816,6.29679,436,119720,0.295078,0.2,1,161364,160928,436
30600041,3.43363,4.45936,434,119720,0.331016,0.2,1,161366,160932,434
30602961,3.88673,2.49187,436,119720,0.306203,0.26,1,161370,160934,436
30605881,11.1773,13.2984,433,119720,0.301241,0.26,1,161383,160950,433
30608801,3.83547,4.25967,433,119720,0.300248,0.25,1,161385,160952,433
30611721,23.9671,23.2519,434,119720,0.22805,0.25,1,161414,160980,434
30614641,6.39342,7.85039,432,119720,0.29361,0.21,1,161416,160984,432
30617561,6.07868,3.17008,436,119720,0.210722,0.19,1,161422,160986,436
30620481,4.41574,7.03402,432,119720,0.226144,0.29,1,161426,160994,432
30623401,29.6831,30.2068,432,119720,0.133229,0.26,1,161462,161030,432
30626321,10.7366,9.24136,434,119720,0.162646,0.28,1,161468,161034,434
30629241,11.7473,13.0483,432,119720,0.160529,0.16,1,161480,161048,432
30632161,13.5495,9.00965,438,119720,0.232106,0.22,1,161494,161056,438
30635081,5.90989,9.00193,433,119720,0.182421,0.26,1,161498,161065,433
30638001,16.382,16.2004,434,119720,0.140484,0.22,1,161517,161083,434
30640921,6.4764,4.84008,436,119720,0.0840968,0.31,1,161521,161085,436
30643841,7.69528,12.168,430,119720,0.208819,0.29,1,161529,161099,430
30646761,22.3391,20.8336,433,119720,0.161764,0.3,1,161555,161122,433
30649681,7.66781,7.36672,433,119720,0.248353,0.08,1,161559,161126,433
30652601,24.7336,25.4733,432,119720,0.217671,0.13,1,161588,161156,432
30655521,6.54671,8.29467,430,119720,0.179534,0.18,1,161590,161160,430
30658441,24.5093,26.4589,428,119720,0.211907,0.18,1,161619,161191,428
30661361,8.10187,6.89179,430,119720,0.290381,0.14,1,161623,161193,430
30664281,10.4204,2.97836,439,119720,0.290076,0.28,1,161634,161195,439
30667201,46.0841,48.5957,434,119720,0.234015,0.25,1,161689,161255,434
30670121,15.6168,12.9191,438,119720,0.222803,0.32,1,161697,161259,438
30673041,4.72336,4.18383,438,119720,0.308561,0.24,1,161699,161261,438
30674801,3.34467,5.63677,435,119720,0.325712,0.32,1,161702,161267,435
30677721,2.26893,2.72735,435,119720,0.329142,0.33,1,161704,161269,435
30680641,2.05379,2.14547,435,119720,0.297828,0.33,1,161706,161271,435
30683561,2.01076,2.02909,435,119720,0.363566,0.31,1,161708,161273,435
30686481,3.60215,9.20582,428,119720,0.384713,0.26,1,161712,161284,428
30689401,9.52043,3.44116,437,119720,0.348943,0.25,1,161723,161286,437
30692321,3.50409,2.28823,437,119720,0.309789,0.27,1,161725,161288,437
30695241,10.3008,14.8576,431,119720,0.357958,0.27,1,161737,161306,431
30698161,3.66016,4.57153,431,119720,0.335592,0.23,1,161739,161308,431
30701081,2.33203,2.51431,431,119720,0.299118,0.27,1,161741,161310,431
30704001,18.0664,14.1029,436,119720,0.275824,0.29,1,161763,161327,436
30706921,20.4133,18.0206,438,119720,0.295165,0.25,1,161784,161346,438
30709841,5.68266,5.20411,438,119720,0.299033,0.33,1,161786,161348,438
30712761,4.33653,5.84082,436,119720,0.307807,0.29,1,161790,161354,436
30715681,5.66731,9.16816,432,119720,0.277561,0.34,1,161796,161364,432
30718601,2.73346,3.43363,432,119720,0.279512,0.3,1,161798,161366,432
30721521,2.14669,3.88673,430,119720,0.247902,0.3,1,161800,161370,430
30724441,13.2293,11.1773,433,119720,0.25758,0.3,1,161816,161383,433
30727361,4.24587,3.83547,433,119720,0.227516,0.21,1,161818,161385,433
30730281,24.8492,23.9671,434,119720,0.301503,0.31,1,161848,161414,434
30733201,6.56983,6.39342,434,119720,0.340301,0.19,1,161850,161416,434
30736121,6.11397,6.07868,434,119720,0.29206,0.23,1,161856,161422,434
30739041,6.02279,4.41574,436,119720,0.258412,0.23,1,161862,161426,436
30740741,26.8046,0.883147,468,119720,0.291682,0.11,1,161894,161426,468
30743661,6.96091,28.9766,434,119720,0.298336,0.17,1,161896,161462,434
30746581,13.3922,10.5953,443,119720,0.243667,0.16,1,161911,161468,443
30749501,9.07844,11.7191,439,119720,0.200733,0.25,1,161919,161480,439
30752421,11.4157,13.5438,437,119720,0.272147,0.17,1,161931,161494,437
30755341,17.4831,5.90876,452,119720,0.270429,0.13,1,161950,161498,452
30758261,5.09663,16.3818,435,119720,0.246086,0.07,1,161952,161517,435
30761181,10.6193,6.47635,443,119720,0.337217,0.24,1,161964,161521,443
30764101,22.1239,7.69527,460,119720,0.331443,0.15,1,161989,161529,460
30767021,10.0248,22.3391,441,119720,0.218289,0.27,1,161996,161555,441
30769941,22.805,7.66781,463,119720,0.235658,0.21,1,162022,161559,463
30772861,6.16099,24.7336,436,119720,0.207132,0.17,1,162024,161588,436
30775781,25.2322,6.54671,464,119720,0.209426,0.22,1,162054,161590,464
30778701,8.24644,24.5093,439,119720,0.217885,0.31,1,162058,161619,439
30781621,11.2493,8.10187,447,119720,0.243577,0.29,1,162070,161623,447
30784541,47.8499,10.4204,493,119720,0.240715,0.22,1,162127,161634,493
30787461,16.77,46.0841,447,119720,0.136143,0.22,1,162136,161689,447
30790381,4.95399,15.6168,441,119720,0.115229,0.33,1,162138,161697,441
30793301,4.1908,4.72336,443,119720,0.287046,0.33,1,162142,161699,443
30796221,2.43816,4.94467,440,119720,0.289409,0.29,1,162144,161704,440
30799141,2.08763,2.58893,440,119720,0.257882,0.38,1,162146,161706,440
30802061,2.01753,2.11779,440,119720,0.251576,0.39,1,162148,161708,440
30804981,2.00351,3.62356,438,119720,0.258315,0.34,1,162150,161712,438
30807901,3.6007,9.52471,431,119720,0.315663,0.3,1,162154,161723,431
30810821,3.92014,3.50494,433,119720,0.335133,0.37,1,162158,161725,433
30813741,15.184,10.301,439,119720,0.299027,0.33,1,162176,161737,439
30816661,4.63681,3.6602,439,119720,0.291805,0.29,1,162178,161739,439
30819581,2.52736,2.33204,439,119720,0.258361,0.27,1,162180,161741,439
30822501,16.5055,18.0664,437,119720,0.195672,0.3,1,162200,161763,437
30825421,19.3011,20.4133,436,119720,0.263134,0.3,1,162220,161784,436
30828341,5.46022,5.68266,436,119720,0.308627,0.31,1,162222,161786,436
30831261,2.69204,4.33653,434,119720,0.317725,0.27,1,162224,161790,434
30834181,9.33841,5.66731,439,119720,0.287545,0.28,1,162235,161796,439
30837101,3.46768,2.73346,439,119720,0.257509,0.24,1,162237,161798,439
30840021,2.29354,2.14669,439,119720,0.291502,0.24,1,162239,161800,439
30841621,5.25871,0.429338,445,119720,0.2903,0.26,1,162245,161800,445
30844541,7.45174,12.8859,437,119720,0.33006,0.22,1,162253,161816,437
30847461,24.6903,4.17717,464,119720,0.298012,0.32,1,162282,161818,464
30850381,6.53807,24.8354,436,119720,0.283602,0.35,1,162284,161848,436
30853301,7.70761,6.56709,442,119720,0.31272,0.28,1,162292,161850,442
30856221,7.94152,6.11342,444,119720,0.262544,0.25,1,162300,161856,444
30859141,25.5883,6.02268,468,119720,0.140509,0.3,1,162330,161862,468
30862061,6.71766,28.4045,436,119720,0.116102,0.23,1,162332,161896,436
30864981,12.5435,17.6809,435,119720,0.26322,0.19,1,162346,161911,435
30867901,9.70871,9.93618,436,119720,0.236644,0.29,1,162355,161919,436
30870821,9.14174,11.5872,433,119720,0.215329,0.27,1,162364,161931,433
30873741,22.6283,17.5174,440,119720,0.267066,0.24,1,162390,161950,440
30876661,6.12567,5.10349,440,119720,0.245413,0.36,1,162392,161952,440
30879581,7.62513,10.6207,436,119720,0.305083,0.33,1,162400,161964,436
30882501,16.725,22.1241,430,119720,0.253017,0.19,1,162419,161989,430
30885421,15.345,10.0248,438,119720,0.314603,0.24,1,162434,161996,438
30888341,22.269,22.805,436,119720,0.310921,0.2,1,162458,162022,436
30891261,9.2538,6.16099,440,119720,0.214184,0.21,1,162464,162024,440
30894181,23.4508,25.2322,437,119720,0.162837,0.22,1,162491,162054,437
30897101,6.29015,8.24644,435,119720,0.208567,0.25,1,162493,162058,435
30900021,7.65803,11.2493,431,119720,0.201713,0.24,1,162501,162070,431
30902941,43.1316,47.8499,426,119720,0.216343,0.11,1,162553,162127,426
30905861,22.2263,16.77,434,119720,0.291269,0.11,1,162570,162136,434
30908781,6.04526,4.95399,434,119720,0.282254,0.33,1,162572,162138,434
30911701,4.40905,4.1908,434,119720,0.280451,0.29,1,162576,162142,434
30914621,5.68181,2.43816,438,119720,0.25609,0.29,1,162582,162144,438
30916501,1.93636,0.487632,439,119720,0.267218,0.25,1,162583,162144,439
30919421,1.98727,1.69753,439,119720,0.349444,0.25,1,162585,162146,439
30922341,1.99745,1.93951,439,119720,0.373889,0.26,1,162587,162148,439
30925261,3.59949,1.9879,441,119720,0.322778,0.33,1,162591,162150,441
30928181,2.3199,3.59758,439,119720,0.304556,0.34,1,162593,162154,439
30931101,14.064,3.91952,452,119720,0.292911,0.29,1,162610,162158,452
30934021,4.4128,15.1839,436,119720,0.258582,0.29,1,162612,162176,436
30936941,5.68256,4.63678,440,119720,0.307716,0.25,1,162618,162178,440
30939861,15.5365,2.52736,456,119720,0.285543,0.18,1,162636,162180,456
30942781,17.5073,16.5055,454,119720,0.225109,0.28,1,162654,162200,454
30945701,5.10146,19.3011,436,119720,0.277022,0.32,1,162656,162220,436
30948621,2.62029,5.46022,436,119720,0.311404,0.32,1,162658,162222,436
30951541,10.9241,2.69204,447,119720,0.342281,0.28,1,162671,162224,447
30954461,3.78481,9.33841,438,119720,0.316456,0.25,1,162673,162235,438
30957381,2.35696,3.46768,438,119720,0.279291,0.3,1,162675,162237,438
30960301,6.87139,2.29354,444,119720,0.271858,0.34,1,162683,162239,444
30963221,6.17428,11.6587,436,119720,0.334372,0.29,1,162689,162253,436
30966141,26.0349,25.5317,438,119720,0.338874,0.28,1,162720,162282,438
30969061,6.80697,6.70635,438,119720,0.315775,0.32,1,162722,162284,438
30971981,6.16139,7.74127,436,119720,0.247155,0.25,1,162728,162292,436
30974901,9.23228,7.94825,438,119720,0.345431,0.11,1,162738,162300,438
30977821,21.8465,25.5897,433,119720,0.325086,0.11,1,162763,162330,433
30980741,7.56929,6.71793,435,119720,0.257017,0.3,1,162767,162332,435
30983661,11.1139,12.5436,433,119720,0.299403,0.23,1,162779,162346,433
30986581,15.0228,9.70872,440,119720,0.291881,0.21,1,162795,162355,440
30989501,7.80455,9.14174,437,119720,0.290376,0.28,1,162801,162364,437
30992421,23.1609,22.6283,438,119720,0.314075,0.24,1,162828,162390,438
30995341,6.23218,6.12567,438,119720,0.310815,0.32,1,162830,162392,438
30998261,10.0464,7.62513,441,119720,0.230163,0.24,1,162841,162400,441
31001181,10.8093,16.725,433,119720,0.326033,0.33,1,162852,162419,433
31004101,17.3619,15.345,437,119720,0.329206,0.31,1,162871,162434,437
31007021,19.4724,22.269,433,119720,0.313841,0.19,1,162891,162458,433
31009941,11.8945,9.2538,437,119720,0.270768,0.15,1,162901,162464,437
31012861,19.9789,23.4508,432,119720,0.286154,0.22,1,162923,162491,432
31015781,5.59578,6.29015,432,119720,0.321231,0.2,1,162925,162493,432
31018701,11.5192,7.65803,437,119720,0.344246,0.22,1,162938,162501,437
31021621,41.5038,43.1316,434,119720,0.316849,0.31,1,162987,162553,434
31024541,21.9008,22.2263,434,119720,0.31137,0.28,1,163004,162570,434
31027461,5.98015,6.04526,434,119720,0.278274,0.28,1,163006,162572,434
31030381,9.19603,4.40905,440,119720,0.375655,0.25,1,163016,162576,440
31033301,3.43921,5.68181,436,119720,0.403131,0.27,1,163018,162582,436
31036221,2.28784,1.93636,437,119720,0.376626,0.37,1,163020,162583,437
31039141,2.05757,1.98727,437,119720,0.387325,0.38,1,163022,162585,437
31042061,2.01151,1.99745,437,119720,0.357465,0.31,1,163024,162587,437
31044981,5.2023,3.59949,439,119720,0.311493,0.3,1,163030,162591,439
31047901,2.64046,2.3199,439,119720,0.302299,0.29,1,163032,162593,439
31050821,11.7281,14.064,436,119720,0.34846,0.25,1,163046,162610,436
31053741,3.94562,4.4128,436,119720,0.357692,0.32,1,163048,162612,436
31056661,2.38912,5.68256,432,119720,0.335538,0.28,1,163050,162618,432
31059581,14.0778,15.5365,431,119720,0.331108,0.21,1,163067,162636,431
31062501,23.6156,17.5073,439,119720,0.330222,0.29,1,163093,162654,439
31065421,6.32311,5.10146,439,119720,0.354044,0.32,1,163095,162656,439
31068341,4.46462,2.62029,441,119720,0.326809,0.35,1,163099,162658,441
31071261,5.69292,10.9241,434,119720,0.385362,0.31,1,163105,162671,434
31074181,4.33858,3.78481,436,119720,0.365072,0.27,1,163109,162673,436
31077101,2.46772,2.35696,436,119720,0.369014,0.27,1,163111,162675,436
31080021,10.0935,6.87139,440,119720,0.393803,0.35,1,163123,162683,440
31082941,3.61871,6.17428,436,119720,0.366761,0.34,1,163125,162689,436
31085861,23.1237,26.0349,433,119720,0.361352,0.31,1,163153,162720,433
31088781,11.8247,6.80697,440,119720,0.40827,0.23,1,163162,162722,440
31091701,7.16495,6.16139,440,119720,0.353654,0.37,1,163168,162728,440
31094621,6.23299,9.23228,436,119720,0.414731,0.32,1,163174,162738,436
31097541,22.0466,21.8465,437,119720,0.394946,0.24,1,163200,162763,437
31100461,9.20932,7.56929,439,119720,0.318989,0.31,1,163206,162767,439
31103381,8.24186,11.1139,435,119720,0.319798,0.29,1,163214,162779,435
31106301,16.8484,15.0228,438,119720,0.31196,0.29,1,163233,162795,438
31109221,6.56967,7.80455,436,119720,0.238392,0.32,1,163237,162801,436
31112141,19.7139,23.1609,432,119720,0.335678,0.31,1,163260,162828,432
31115061,5.54279,6.23218,432,119720,0.323136,0.21,1,163262,162830,432
31117981,15.5086,10.0464,439,119720,0.280627,0.35,1,163280,162841,439
31120901,7.90171,10.8093,434,119720,0.368125,0.33,1,163286,162852,434
31123821,17.5803,17.3619,435,119720,0.305625,0.31,1,163306,162871,435
31126741,20.3161,19.4724,436,119720,0.365125,0.26,1,163327,162891,436
31129661,13.6632,11.8945,438,119720,0.377025,0.29,1,163339,162901,438
31132581,18.7326,19.9789,436,119720,0.339405,0.33,1,163359,162923,436
31135501,10.1465,5.59578,442,119720,0.315881,0.35,1,163367,162925,442
31138421,9.22931,11.5192,438,119720,0.303176,0.31,1,163376,162938,438
31141341,43.4459,41.5038,441,119720,0.340635,0.31,1,163428,162987,441
31144261,23.0892,21.9008,442,119720,0.260127,0.27,1,163446,163004,442
31147181,6.21783,5.98015,442,119720,0.332025,0.4,1,163448,163006,442
31150101,6.04357,9.19603,438,119720,0.322405,0.41,1,163454,163016,438
31153021,2.80871,3.43921,438,119720,0.288481,0.37,1,163456,163018,438
31155941,2.16174,2.28784,438,119720,0.329696,0.39,1,163458,163020,438
31158401,2.83235,2.05757,439,119720,0.377939,0.32,1,163461,163022,439
31161321,4.56647,6.01151,437,119720,0.339588,0.3,1,163466,163029,437
31164241,2.51329,2.0023,438,119720,0.339918,0.3,1,163468,163030,438
31167161,5.30266,2.00046,442,119720,0.347984,0.36,1,163474,163032,442
31170081,7.46053,11.6001,436,119720,0.397597,0.36,1,163482,163046,436
31173001,3.09211,3.92002,436,119720,0.415519,0.33,1,163484,163048,436
31175921,2.21842,2.384,436,119720,0.419104,0.33,1,163486,163050,436
31178841,14.8437,14.0768,437,119720,0.331821,0.33,1,163504,163067,437
31181761,25.3687,23.6154,439,119720,0.330364,0.36,1,163532,163093,439
31184681,9.87375,6.32307,443,119720,0.354073,0.32,1,163538,163095,443
31187601,3.57475,4.46461,441,119720,0.422815,0.4,1,163540,163099,441
31190521,3.91495,5.69292,439,119720,0.436563,0.36,1,163544,163105,439
31193441,5.58299,4.33858,441,119720,0.383313,0.37,1,163550,163109,441
31196361,4.3166,2.46772,443,119720,0.372663,0.4,1,163554,163111,443
31199281,5.66332,10.0935,437,119720,0.370532,0.36,1,163560,163123,437
31202201,7.53266,3.61871,443,119720,0.362107,0.36,1,163568,163125,443
31205121,23.1065,23.1237,442,119720,0.288421,0.42,1,163595,163153,442
31208041,12.6213,11.8247,443,119720,0.313684,0.34,1,163605,163162,443
31210961,5.72426,7.16495,441,119720,0.286737,0.43,1,163609,163168,441
31213881,4.34485,6.23299,439,119720,0.353347,0.39,1,163613,163174,439
31216801,21.669,22.0466,439,119720,0.438669,0.3,1,163639,163200,439
31219721,7.53379,9.20932,437,119720,0.399734,0.32,1,163643,163206,437
31222641,7.10676,8.24186,436,119720,0.463947,0.31,1,163650,163214,436
31225561,16.6214,16.8484,436,119720,0.380789,0.22,1,163669,163233,436
31228481,4.92427,6.56967,434,119720,0.332158,0.36,1,163671,163237,434
31231401,20.1849,19.7139,435,119720,0.234432,0.32,1,163695,163260,435
31234321,12.037,5.54279,443,119720,0.318886,0.27,1,163705,163262,443
31237241,16.8074,15.5086,443,119720,0.335777,0.39,1,163723,163280,443
31240161,6.56148,7.90171,441,119720,0.299155,0.29,1,163727,163286,441
31243081,17.3123,17.5803,441,119720,0.259831,0.38,1,163747,163306,441
31246001,21.0625,20.3161,442,119720,0.267966,0.38,1,163769,163327,442
31248921,12.2125,13.6632,440,119720,0.293593,0.33,1,163779,163339,440
31251841,16.8425,18.7326,438,119720,0.266719,0.31,1,163797,163359,438
31254761,12.1685,10.1465,441,119720,0.317344,0.3,1,163808,163367,441
31257681,10.4337,9.22931,442,119720,0.231469,0.35,1,163818,163376,442
31260601,42.8867,43.4459,441,119720,0.318294,0.24,1,163869,163428,441
31263521,19.7773,23.0892,437,119720,0.287659,0.35,1,163883,163446,437
31266441,7.95547,6.21783,440,119720,0.233532,0.32,1,163888,163448,440
31269361,6.39109,6.04357,440,119720,0.326706,0.28,1,163894,163454,440
31272281,2.87822,2.80871,440,119720,0.313341,0.34,1,163896,163456,440
31275201,3.77564,2.16174,442,119720,0.302668,0.39,1,163900,163458,442
31278001,2.35513,2.83235,441,119720,0.300534,0.33,1,163902,163461,441
31280921,6.07103,4.56647,443,119720,0.308107,0.34,1,163909,163466,443
31283841,2.81421,2.51329,443,119720,0.317621,0.35,1,163911,163468,443
31286761,5.36284,5.30266,443,119720,0.287524,0.41,1,163917,163474,443
31289681,7.47257,7.46053,443,119720,0.313505,0.42,1,163925,163482,443
31292601,3.09451,3.09211,443,119720,0.294701,0.42,1,163927,163484,443
31295521,2.2189,2.21842,443,119720,0.29094,0.31,1,163929,163486,443
31298441,10.8438,14.8437,438,119720,0.322188,0.33,1,163942,163504,438
31301361,30.1688,25.3687,445,119720,0.248438,0.36,1,163977,163532,445
31304281,7.63375,9.87375,441,119720,0.233688,0.44,1,163979,163538,441
31307201,3.12675,3.57475,441,119720,0.230737,0.44,1,163981,163540,441
31310121,3.82535,3.91495,441,119720,0.262148,0.37,1,163985,163544,441
31312321,5.56507,5.58299,441,119720,0.27643,0.37,1,163991,163550,441
31315241,2.71301,4.3166,439,119720,0.279286,0.37,1,163993,163554,439
31318161,8.5426,5.66332,443,119720,0.271857,0.36,1,164003,163560,443
31321081,9.70852,7.53266,445,119720,0.262371,0.27,1,164013,163568,445
31324001,17.1417,23.1065,437,119720,0.316474,0.32,1,164032,163595,437
31326921,12.2283,12.6213,438,119720,0.287295,0.28,1,164043,163605,438
31329841,9.64567,5.72426,443,119720,0.225459,0.37,1,164052,163609,443
31332761,5.12913,4.34485,443,119720,0.341092,0.46,1,164056,163613,443
31335681,22.6258,21.669,444,119720,0.300218,0.39,1,164083,163639,444
31338601,6.12517,7.53379,442,119720,0.260044,0.48,1,164085,163643,442
31341521,2.82503,7.10676,437,119720,0.220009,0.36,1,164087,163650,437
31344441,18.165,16.6214,440,119720,0.188002,0.32,1,164109,163669,440
31347361,5.233,4.92427,440,119720,0.1816,0.21,1,164111,163671,440
31350281,19.4466,20.1849,439,119720,0.33232,0.34,1,164134,163695,439
31353201,11.8893,12.037,439,119720,0.386464,0.34,1,164144,163705,439
31356121,14.3779,16.8074,436,119720,0.397293,0.29,1,164159,163723,436
31359041,10.8756,6.56148,442,119720,0.375459,0.25,1,164169,163727,442
31361961,14.1751,17.3123,437,119720,0.403092,0.27,1,164184,163747,437
31364881,20.435,21.0625,437,119720,0.448618,0.3,1,164206,163769,437
31367801,12.887,12.2125,438,119720,0.297724,0.26,1,164217,163779,438
31370721,16.9774,16.8425,438,119720,0.411545,0.33,1,164235,163797,438
31373641,8.19548,12.1685,433,119720,0.330309,0.21,1,164241,163808,433
31376561,9.6391,10.4337,433,119720,0.354062,0.34,1,164251,163818,433
31379481,45.9278,42.8867,437,119720,0.414812,0.28,1,164306,163869,437
31382401,21.9856,19.7773,439,119720,0.346962,0.22,1,164322,163883,439
31385321,7.59711,7.95547,438,119720,0.365393,0.35,1,164326,163888,438
31388241,6.31942,6.39109,438,119720,0.345078,0.31,1,164332,163894,438
31391161,4.46388,2.87822,440,119720,0.317016,0.3,1,164336,163896,440
31394081,2.49278,3.77564,438,119720,0.375403,0.3,1,164338,163900,438
31397001,3.69856,2.35513,440,119720,0.355081,0.31,1,164342,163902,440
31399921,2.33971,6.07103,435,119720,0.375016,0.32,1,164344,163909,435
31402841,2.06794,2.81421,435,119720,0.355003,0.28,1,164346,163911,435
31405761,6.81359,5.36284,437,119720,0.383001,0.32,1,164354,163917,437
31408681,6.16272,7.47257,435,119720,0.3726,0.29,1,164360,163925,435
31411601,6.83254,3.09451,440,119720,0.41852,0.29,1,164367,163927,440
31414521,2.96651,2.2189,440,119720,0.403704,0.33,1,164369,163929,440
31417441,10.1933,10.8438,439,119720,0.408741,0.23,1,164381,163942,439
31420361,27.6387,30.1688,436,119720,0.417748,0.23,1,164413,163977,436
31423281,7.12773,7.63375,436,119720,0.41955,0.23,1,164415,163979,436
31426201,3.02555,3.12675,436,119720,0.37991,0.27,1,164417,163981,436
31428801,7.00511,3.82535,440,119720,0.307982,0.28,1,164425,163985,440
31431721,3.00102,5.56507,436,119720,0.389596,0.28,1,164427,163991,436
31434641,2.2002,2.71301,436,119720,0.405919,0.27,1,164429,163993,436
31437561,10.04,8.5426,438,119720,0.345184,0.26,1,164441,164003,438
31440481,11.608,9.70852,440,119720,0.301037,0.33,1,164453,164013,440
31443401,13.5216,17.1417,435,119720,0.380207,0.28,1,164467,164032,435
31446321,9.10432,12.2283,432,119720,0.332041,0.21,1,164475,164043,432
31449241,10.6209,9.64567,434,119720,0.362408,0.37,1,164486,164052,434
31452161,5.32417,5.12913,434,119720,0.312482,0.29,1,164490,164056,434
31455081,25.8648,22.6258,438,119720,0.278496,0.25,1,164521,164083,438
31458001,8.37297,6.12517,440,119720,0.207699,0.21,1,164525,164085,440
31460921,3.27459,2.82503,440,119720,0.33754,0.18,1,164527,164087,440
31463841,12.6549,18.165,433,119720,0.299508,0.18,1,164542,164109,433
31466761,10.531,5.233,441,119720,0.203902,0.37,1,164552,164111,441
31469681,22.9062,19.4466,444,119720,0.29678,0.4,1,164578,164134,444
31472601,9.38124,11.8893,440,119720,0.291356,0.4,1,164584,164144,440
31475521,14.6762,14.3779,441,119720,0.274271,0.37,1,164600,164159,441
31478441,14.1352,10.8756,445,119720,0.270854,0.41,1,164614,164169,445
31481361,13.2271,14.1751,443,119720,0.286171,0.46,1,164627,164184,443
31484281,13.0454,20.435,434,119720,0.345234,0.26,1,164640,164206,434
31487201,11.4091,12.887,434,119720,0.389047,0.44,1,164651,164217,434
31490121,20.6818,16.9774,439,119720,0.317809,0.31,1,164674,164235,439
31493041,10.5364,8.19548,441,119720,0.255562,0.36,1,164682,164241,441
31495961,5.30727,9.6391,435,119720,0.291112,0.43,1,164686,164251,435
31498881,50.6615,45.9278,442,119720,0.290222,0.33,1,164748,164306,442
31501801,21.3323,21.9856,440,119720,0.258044,0.37,1,164762,164322,440
31504721,5.86646,7.59711,438,119720,0.331609,0.34,1,164764,164326,438
31507641,7.57329,6.31942,440,119720,0.346322,0.31,1,164772,164332,440
31510561,4.71466,4.46388,440,119720,0.349264,0.39,1,164776,164336,440
31513481,4.14293,2.49278,442,119720,0.309853,0.35,1,164780,164338,442
31516401,4.02859,3.69856,442,119720,0.333971,0.38,1,164784,164342,442
31519321,2.40572,2.33971,442,119720,0.306794,0.35,1,164786,164344,442
31522241,2.08114,2.06794,442,119720,0.341359,0.39,1,164788,164346,442
31525161,5.21623,6.81359,440,119720,0.324272,0.37,1,164794,164354,440
31528081,7.44325,6.16272,442,119720,0.304854,0.43,1,164802,164360,442
31531001,4.68865,6.83254,439,119720,0.332971,0.4,1,164806,164367,439
31533921,5.73773,2.96651,443,119720,0.290594,0.41,1,164812,164369,443
31536841,9.14755,10.1933,441,119720,0.346119,0.42,1,164822,164381,441
31539761,24.2295,27.6387,437,119720,0.149224,0.42,1,164850,164413,437
31542681,6.4459,7.12773,437,119720,0.261845,0.37,1,164852,164415,437
31545601,7.68918,3.02555,443,119720,0.244369,0.29,1,164860,164417,443
31548401,4.73784,7.00511,439,119720,0.328874,0.41,1,164864,164425,439
31551321,2.54757,4.60102,437,119720,0.313775,0.41,1,164866,164429,437
31554241,2.10951,0.920204,439,119720,0.342755,0.33,1,164868,164429,439
31557161,8.4219,9.78404,437,119720,0.316551,0.29,1,164878,164441,437
31560081,13.6844,11.5568,440,119720,0.24731,0.4,1,164893,164453,440
31563001,12.3369,13.5114,438,119720,0.305462,0.32,1,164905,164467,438
31565921,9.66738,9.10227,439,119720,0.333092,0.37,1,164914,164475,439
31568841,9.13348,10.6205,437,119720,0.266618,0.3,1,164923,164486,437
31571761,6.6267,5.32409,439,119720,0.317324,0.27,1,164929,164490,439
31574681,24.5253,25.8648,437,119720,0.287465,0.19,1,164958,164521,437
31577601,9.70507,8.37296,439,119720,0.313493,0.37,1,164964,164525,439
31580521,3.54101,3.27459,439,119720,0.294699,0.29,1,164966,164527,439
31583441,6.3082,12.6549,431,119720,0.35494,0.18,1,164973,164542,431
31586361,14.0616,10.531,437,119720,0.342988,0.32,1,164989,164552,437
31589281,19.6123,22.9062,432,119720,0.308598,0.29,1,165010,164578,432
31592201,7.12247,9.38124,430,119720,0.23772,0.27,1,165014,164584,430
31595121,19.8245,14.6762,437,119720,0.303544,0.27,1,165037,164600,437
31598041,13.5649,14.1352,435,119720,0.364709,0.29,1,165049,164614,435
31600961,9.11298,13.2271,430,119720,0.280942,0.36,1,165057,164627,430
31603881,18.6226,13.0454,438,119720,0.344188,0.4,1,165078,164640,438
31606801,14.9245,11.4091,441,119720,0.276838,0.3,1,165092,164651,441
31609721,14.1849,20.6818,432,119720,0.335368,0.24,1,165106,164674,432
31612641,10.837,10.5364,434,119720,0.259073,0.3,1,165116,164682,434
31615561,6.1674,5.30727,435,119720,0.283815,0.29,1,165121,164686,435
31618481,50.8335,50.6615,435,119720,0.312763,0.25,1,165183,164748,435
31621401,24.5667,21.3323,439,119720,0.278553,0.35,1,165201,164762,439
31624321,6.51334,5.86646,439,119720,0.239711,0.35,1,165203,164764,439
31627241,6.10267,7.57329,437,119720,0.127942,0.35,1,165209,164772,437
31630161,4.42053,4.71466,437,119720,0.273588,0.3,1,165213,164776,437
31633081,4.08411,4.14293,437,119720,0.278718,0.34,1,165217,164780,437
31636001,5.61682,4.02859,439,119720,0.271744,0.3,1,165223,164784,439
31638921,2.72336,2.40572,439,119720,0.270349,0.35,1,165225,164786,439
31641841,2.14467,2.08114,439,119720,0.23807,0.32,1,165227,164788,439
31644761,2.02893,5.21623,435,119720,0.231614,0.3,1,165229,164794,435
31647681,6.80579,7.44325,435,119720,0.254323,0.34,1,165237,164802,435
31650601,6.16116,4.68865,437,119720,0.226865,0.28,1,165243,164806,437
31653521,7.63223,5.73773,439,119720,0.173373,0.36,1,165251,164812,439
31656441,3.12645,9.14755,431,119720,0.130675,0.1,1,165253,164822,431
31659361,27.0253,24.2295,436,119720,0.138135,0.29,1,165286,164850,436
31662281,10.2051,6.4459,440,119720,0.259627,0.24,1,165292,164852,440
31665201,6.84101,7.68918,438,119720,0.259925,0.35,1,165298,164860,438
31668121,4.5682,4.73784,438,119720,0.283985,0.31,1,165302,164864,438
31671041,2.51364,2.54757,438,119720,0.296797,0.35,1,165304,164866,438
31673201,2.90273,2.10951,439,119720,0.251359,0.31,1,165307,164868,439
31676121,6.18055,8.4219,436,119720,0.226272,0.23,1,165314,164878,436
31679041,10.8361,13.6844,433,119720,0.269254,0.32,1,165326,164893,433
31681961,16.5672,12.3369,439,119720,0.285851,0.34,1,165344,164905,439
31684881,6.51344,9.66738,434,119720,0.26517,0.25,1,165348,164914,434
31687801,10.1027,9.13348,436,119720,0.237034,0.33,1,165359,164923,436
31690721,9.22054,6.6267,439,119720,0.255407,0.28,1,165368,164929,439
31693641,20.2441,24.5253,433,119720,0.267081,0.32,1,165391,164958,433
31696561,12.8488,9.70507,438,119720,0.229416,0.29,1,165402,164964,438
31699481,4.16976,3.54101,438,119720,0.197883,0.37,1,165404,164966,438
31702401,7.23395,6.3082,439,119720,0.231577,0.34,1,165412,164973,439
31705321,14.2468,14.0616,439,119720,0.214315,0.3,1,165428,164989,439
31708241,21.2494,19.6123,441,119720,0.194863,0.22,1,165451,165010,441
31711161,5.84987,7.12247,439,119720,0.166973,0.32,1,165453,165014,439
31714081,17.17,19.8245,436,119720,0.201395,0.38,1,165473,165037,436
31717001,15.434,13.5649,439,119720,0.168279,0.26,1,165488,165049,439
31719921,7.8868,9.11298,437,119720,0.169656,0.36,1,165494,165057,437
31722841,18.3774,18.6226,437,119720,0.153931,0.26,1,165515,165078,437
31725761,9.27547,14.9245,430,119720,0.262786,0.35,1,165522,165092,430
31728681,15.4551,14.1849,433,119720,0.228557,0.24,1,165539,165106,433
31731601,12.691,10.837,435,119720,0.317711,0.29,1,165551,165116,435
31734521,5.7382,6.1674,434,119720,0.271542,0.32,1,165555,165121,434
31737441,53.1476,50.8335,437,119720,0.254308,0.27,1,165620,165183,437
31740361,15.4295,24.5667,425,119720,0.322862,0.23,1,165626,165201,425
31743281,15.0859,6.51334,438,119720,0.248572,0.1,1,165641,165203,438
31746201,6.21718,6.10267,436,119720,0.257714,0.31,1,165645,165209,436
31749121,4.44344,4.42053,436,119720,0.275543,0.28,1,165649,165213,436
31752041,2.48869,4.08411,434,119720,0.255109,0.27,1,165651,165217,434
31754961,6.89774,5.61682,436,119720,0.227022,0.27,1,165659,165223,436
31757881,2.97955,2.72336,436,119720,0.221404,0.23,1,165661,165225,436
31760801,2.19591,2.14467,436,119720,0.308281,0.23,1,165663,165227,436
31763681,2.03918,2.02893,436,119720,0.301656,0.26,1,165665,165229,436
31766601,3.60784,6.80579,432,119720,0.236331,0.22,1,165669,165237,432
31769521,2.32157,6.16116,428,119720,0.247266,0.16,1,165671,165243,428
31772441,9.26431,7.63223,431,119720,0.233453,0.12,1,165682,165251,431
31775361,3.45286,3.12645,431,119720,0.262691,0.14,1,165684,165253,431
31778281,30.2906,27.0253,435,119720,0.180538,0.29,1,165721,165286,435
31781201,12.4581,10.2051,437,119720,0.252108,0.26,1,165729,165292,437
31784121,4.09162,6.84101,433,119720,0.282422,0.29,1,165731,165298,433
31787041,4.01832,4.5682,433,119720,0.248484,0.3,1,165735,165302,433
31789961,2.40366,2.51364,433,119720,0.209697,0.24,1,165737,165304,433
31792801,5.28073,2.90273,436,119720,0.177939,0.22,1,165743,165307,436
31795721,7.45615,6.18055,437,119720,0.227588,0.28,1,165751,165314,437
31798641,7.89123,10.8361,433,119720,0.205518,0.29,1,165759,165326,433
31801561,16.7782,16.5672,434,119720,0.241104,0.26,1,165778,165344,434
31804481,4.95565,6.51344,432,119720,0.224221,0.23,1,165780,165348,432
31807401,11.3911,10.1027,434,119720,0.268844,0.26,1,165793,165359,434
31810321,11.0782,9.22054,436,119720,0.189769,0.27,1,165804,165368,436
31813241,17.4156,20.2441,432,119720,0.245954,0.22,1,165823,165391,432
31816161,13.8831,12.8488,434,119720,0.257191,0.19,1,165836,165402,434
31819081,4.37663,4.16976,434,119720,0.235438,0.24,1,165838,165404,434
31822001,5.67533,7.23395,432,119720,0.295088,0.21,1,165844,165412,432
31824921,16.3351,14.2468,435,119720,0.259018,0.19,1,165863,165428,435
31827841,22.467,21.2494,436,119720,0.275803,0.16,1,165887,165451,436
31830761,6.0934,5.84987,436,119720,0.247161,0.21,1,165889,165453,436
31833681,14.0187,17.17,432,119720,0.289432,0.16,1,165905,165473,432
31836601,17.2037,15.434,435,119720,0.241886,0.17,1,165923,165488,435
31839521,6.64075,7.8868,433,119720,0.200377,0.15,1,165927,165494,433
31842441,20.5282,18.3774,436,119720,0.232075,0.29,1,165951,165515,436
31845361,7.30563,9.27547,433,119720,0.238415,0.22,1,165955,165522,433
31848281,19.0611,15.4551,438,119720,0.287683,0.34,1,165977,165539,438
31851201,5.41223,12.691,428,119720,0.297537,0.26,1,165979,165551,428
31854121,9.88245,5.7382,435,119720,0.339507,0.25,1,165990,165555,435
31857041,55.5765,53.1476,437,119720,0.331901,0.34,1,166057,165620,437
31859961,15.9153,15.4295,437,119720,0.29838,0.23,1,166063,165626,437
31862881,13.5831,15.0859,435,119720,0.315676,0.26,1,166076,165641,435
31865801,5.91661,6.21718,435,119720,0.319135,0.28,1,166080,165645,435
31868721,2.78332,4.44344,433,119720,0.287827,0.25,1,166082,165649,433
31871641,3.75666,2.48869,435,119720,0.225565,0.22,1,166086,165651,435
31874561,7.15133,6.89774,435,119720,0.325113,0.22,1,166094,165659,435
31877481,3.03027,2.97955,435,119720,0.337023,0.33,1,166096,165661,435
31880401,3.80605,2.19591,437,119720,0.323405,0.3,1,166100,165663,437
31882241,1.56121,2.03918,436,119720,0.312681,0.32,1,166101,165665,436
31885161,3.51224,6.80784,432,119720,0.342536,0.32,1,166105,165673,432
31888081,2.30245,1.36157,434,119720,0.348507,0.23,1,166107,165673,434
31891001,3.66049,7.47231,429,119720,0.325701,0.27,1,166111,165682,429
31893921,7.1321,3.09446,435,119720,0.33714,0.16,1,166119,165684,435
31896841,31.8264,30.2189,436,119720,0.339428,0.27,1,166157,165721,436
31899761,7.96528,12.4438,430,119720,0.307886,0.29,1,166159,165729,430
31902681,3.19306,4.08876,430,119720,0.277577,0.24,1,166161,165731,430
31905601,3.83861,4.01775,430,119720,0.359515,0.2,1,166165,165735,430
31908521,7.16772,2.40355,436,119720,0.367903,0.17,1,166173,165737,436
31911441,3.03354,5.28071,432,119720,0.361581,0.24,1,166175,165743,432
31914361,8.60671,7.45614,434,119720,0.264316,0.2,1,166185,165751,434
31917281,3.32134,7.89123,428,119720,0.332863,0.25,1,166187,165759,428
31920201,23.0643,16.7782,437,119720,0.146573,0.22,1,166215,165778,437
31923121,6.21285,4.95565,437,119720,0.197315,0.28,1,166217,165780,437
31926041,6.04257,11.3911,430,119720,0.303463,0.17,1,166223,165793,430
31928961,10.0085,11.0782,430,119720,0.332693,0.26,1,166234,165804,430
31931881,22.8017,17.4156,437,119720,0.386539,0.26,1,166260,165823,437
31934801,14.1603,13.8831,436,119720,0.261308,0.23,1,166272,165836,436
31937721,4.43207,4.37663,436,119720,0.204262,0.31,1,166274,165838,436
31940641,2.48641,5.67533,432,119720,0.296852,0.25,1,166276,165844,432
31943561,18.0973,16.3351,435,119720,0.20337,0.28,1,166298,165863,435
31946481,18.0195,22.467,429,119720,0.232674,0.24,1,166316,165887,429
31949401,6.80389,6.0934,431,119720,0.318535,0.3,1,166320,165889,431
31952321,17.3608,14.0187,435,119720,0.223707,0.23,1,166340,165905,435
31955241,18.6722,17.2037,436,119720,0.236741,0.19,1,166359,165923,436
31958161,8.53443,6.64075,438,119720,0.271348,0.24,1,166365,165927,438
31961081,21.7069,20.5282,439,119720,0.30227,0.24,1,166390,165951,439
31964001,5.94138,7.30563,437,119720,0.268454,0.3,1,166392,165955,437
31966921,19.5883,19.0611,438,119720,0.245691,0.3,1,166415,165977,438
31969841,5.51765,5.41223,438,119720,0.297138,0.35,1,166417,165979,438
31972761,2.70353,9.88245,429,119720,0.275428,0.33,1,166419,165990,429
31975681,61.3407,55.5765,438,119720,0.271086,0.29,1,166495,166057,438
31978601,17.0681,15.9153,438,119720,0.174217,0.32,1,166501,166063,438
31981521,9.81363,13.5831,433,119720,0.226843,0.32,1,166509,166076,433
31984441,10.7627,5.91661,440,119720,0.213369,0.28,1,166520,166080,440
31987361,3.75255,2.78332,440,119720,0.178674,0.21,1,166522,166082,440
31990281,3.95051,3.75666,440,119720,0.147735,0.21,1,166526,166086,440
31991861,2.3901,0.751333,442,119720,0.0935469,0.35,1,166528,166086,442
31994781,4.47802,6.55027,439,119720,0.258709,0.34,1,166533,166094,439
31997701,2.4956,2.91005,439,119720,0.259742,0.32,1,166535,166096,439
32000621,2.09912,3.78201,437,119720,0.259948,0.31,1,166537,166100,437
32003301,4.41982,1.5564,441,119720,0.23599,0.35,1,166542,166101,441
32006221,3.28396,3.51128,440,119720,0.223198,0.35,1,166545,166105,440
32009141,3.05679,2.30226,441,119720,0.29264,0.32,1,166548,166107,441
32012061,3.01136,3.66045,440,119720,0.290528,0.34,1,166551,166111,440
32014981,36.6023,7.13209,477,119720,0.242106,0.34,1,166596,166119,477
32017901,8.92045,31.8264,441,119720,0.200421,0.3,1,166598,166157,441
32020821,3.38409,7.96528,441,119720,0.256084,0.27,1,166600,166159,441
32023741,3.87682,3.19306,443,119720,0.203217,0.38,1,166604,166161,443
32026181,2.37536,3.83861,441,119720,0.192643,0.37,1,166606,166165,441
32029101,2.07507,7.16772,435,119720,0.198529,0.36,1,166608,166173,435
32032021,10.015,3.03354,445,119720,0.255706,0.24,1,166620,166175,445
32034941,3.603,8.60671,437,119720,0.235141,0.35,1,166622,166185,437
32037861,23.1206,3.32134,463,119720,0.199028,0.1,1,166650,166187,463
32040781,6.22412,23.0643,437,119720,0.191806,0.21,1,166652,166215,437
32043701,6.84482,6.21285,442,119720,0.0863611,0.33,1,166659,166217,442
32046621,7.76896,6.04257,444,119720,0.233272,0.34,1,166667,166223,444
32049541,21.5538,10.0085,458,119720,0.254654,0.4,1,166692,166234,458
32052461,13.1108,22.8017,443,119720,0.290931,0.23,1,166703,166260,443
32055381,4.22215,14.1603,433,119720,0.258186,0.19,1,166705,166272,433
32058301,2.44443,4.43207,433,119720,0.243637,0.32,1,166707,166274,433
32061221,22.0889,2.48641,458,119720,0.224727,0.18,1,166734,166276,458
32064141,18.0178,18.0973,453,119720,0.124945,0.24,1,166751,166298,453
32067061,6.00356,18.0195,438,119720,0.232989,0.34,1,166754,166316,438
32069981,16.4007,6.80389,453,119720,0.238598,0.2,1,166773,166320,453
32072901,18.4801,17.3608,452,119720,0.30372,0.24,1,166792,166340,452
32075821,10.896,18.6722,442,119720,0.228744,0.28,1,166801,166359,442
32078741,21.3792,8.53443,460,119720,0.245749,0.31,1,166825,166365,460
32081661,5.87584,21.7069,437,119720,0.24915,0.26,1,166827,166390,437
32084581,14.7752,5.94138,452,119720,0.28983,0.24,1,166844,166392,452
32087501,10.955,19.5883,439,119720,0.257966,0.31,1,166854,166415,439
32090421,3.79101,5.51765,439,119720,0.243593,0.27,1,166856,166417,439
32093341,59.1582,2.70353,510,119720,0.256719,0.27,1,166929,166419,510
32096261,15.8316,61.3407,439,119720,0.323344,0.15,1,166934,166495,439
32099181,7.16633,17.0681,438,119720,0.264669,0.24,1,166939,166501,438
32102101,14.2333,9.81363,446,119720,0.308934,0.21,1,166955,166509,446
32105021,4.44665,10.7627,437,119720,0.333787,0.17,1,166957,166520,437
32107941,2.48933,3.75255,437,119720,0.306757,0.14,1,166959,166522,437
32110861,2.09787,3.95051,435,119720,0.261351,0.3,1,166961,166526,435
32113781,4.41957,6.3901,433,119720,0.20427,0.26,1,166966,166533,433
32116701,2.48391,2.87802,433,119720,0.376854,0.26,1,166968,166535,433
32119621,3.69678,2.1756,435,119720,0.411371,0.23,1,166972,166537,435
32122541,5.53936,4.43512,436,119720,0.330274,0.22,1,166978,166542,436
32125461,2.70787,3.28702,435,119720,0.346055,0.31,1,166980,166545,435
32128381,2.14157,3.0574,434,119720,0.317211,0.29,1,166982,166548,434
32131301,2.02831,3.01148,433,119720,0.311442,0.23,1,166984,166551,433
32134221,35.6057,36.6023,432,119720,0.342288,0.19,1,167028,166596,432
32137141,8.72113,8.92046,432,119720,0.348458,0.27,1,167030,166598,432
32140061,3.34423,3.38409,432,119720,0.309692,0.19,1,167032,166600,432
32142241,7.06885,3.87682,436,119720,0.373938,0.22,1,167040,166604,436
32145161,3.01377,3.17536,435,119720,0.386788,0.2,1,167042,166607,435
32148081,2.20275,1.43507,436,119720,0.389358,0.27,1,167044,166608,436
32151001,5.24055,9.88701,430,119720,0.357872,0.23,1,167050,166620,430
32153921,2.64811,3.5774,430,119720,0.351574,0.19,1,167052,166622,430
32156841,21.3296,23.1155,428,119720,0.326315,0.19,1,167078,166650,428
32159761,9.06592,6.2231,432,119720,0.337263,0.06,1,167084,166652,432
32162681,8.21318,6.84462,433,119720,0.283453,0.27,1,167092,166659,433
32165601,8.04264,7.76892,433,119720,0.320691,0.26,1,167100,166667,433
32168521,24.0085,21.5538,436,119720,0.368138,0.3,1,167128,166692,436
32171441,9.60171,13.1108,431,119720,0.385628,0.25,1,167134,166703,431
32174361,5.12034,4.22215,433,119720,0.333126,0.24,1,167138,166705,433
32177281,7.42407,2.44443,439,119720,0.362625,0.22,1,167146,166707,439
32180201,17.4848,22.0889,432,119720,0.296525,0.1,1,167166,166734,432
32183121,18.697,18.0178,434,119720,0.363305,0.26,1,167185,166751,434
32186041,10.1394,6.00356,439,119720,0.288661,0.24,1,167193,166754,439
32188961,10.0279,16.4007,430,119720,0.297732,0.32,1,167203,166773,430
32191881,19.6056,18.4801,433,119720,0.283546,0.21,1,167225,166792,433
32194801,12.7211,10.896,435,119720,0.368709,0.25,1,167236,166801,435
32197721,22.5442,21.3792,436,119720,0.369742,0.25,1,167261,166825,436
32200641,9.30884,5.87584,440,119720,0.297948,0.3,1,167267,166827,440
32203561,10.6618,14.7752,434,119720,0.32359,0.25,1,167278,166844,434
32206481,13.3324,10.955,438,119720,0.312718,0.24,1,167292,166854,438
32209401,4.26647,3.79101,438,119720,0.374544,0.26,1,167294,166856,438
32212321,56.0533,59.1582,434,119720,0.282909,0.34,1,167363,166929,434
32215241,16.0107,15.8316,435,119720,0.248582,0.25,1,167369,166934,435
32218161,9.60213,7.16633,438,119720,0.345716,0.32,1,167377,166939,438
32221081,9.12043,14.2333,431,119720,0.317143,0.34,1,167386,166955,431
32224001,13.0241,4.44665,443,119720,0.271429,0.3,1,167400,166957,443
32226921,4.20482,2.48933,443,119720,0.238286,0.25,1,167402,166959,443
32229601,2.44096,2.09787,443,119720,0.287657,0.42,1,167404,166961,443
32232521,2.08819,6.01957,438,119720,0.265531,0.42,1,167406,166968,438
32235441,2.01764,1.20391,440,119720,0.229106,0.42,1,167408,166968,440
32238361,2.00353,3.44078,438,119720,0.189821,0.31,1,167410,166972,438
32241281,3.60071,5.48816,436,119720,0.189964,0.35,1,167414,166978,436
32244201,7.12014,2.69763,442,119720,0.293993,0.31,1,167422,166980,442
32247121,3.02403,2.13953,442,119720,0.314799,0.31,1,167424,166982,442
32250041,2.20481,2.02791,442,119720,0.31896,0.35,1,167426,166984,442
32252961,29.241,35.6056,434,119720,0.279792,0.35,1,167462,167028,434
32255881,13.8482,8.72112,442,119720,0.343958,0.3,1,167472,167030,442
32258801,4.36964,3.34422,442,119720,0.356792,0.39,1,167474,167032,442
32261721,5.67393,7.06884,440,119720,0.271358,0.39,1,167480,167040,440
32264641,4.33479,3.01377,442,119720,0.334272,0.39,1,167484,167042,442
32267561,2.46696,2.20275,442,119720,0.346854,0.35,1,167486,167044,442
32270481,5.29339,5.24055,442,119720,0.349371,0.35,1,167492,167050,442
32273401,2.65868,2.64811,442,119720,0.317874,0.32,1,167494,167052,442
32276321,18.1317,21.3296,438,119720,0.327575,0.34,1,167516,167078,438
32279241,8.42635,9.06592,438,119720,0.313515,0.27,1,167522,167084,438
32282161,7.28527,8.21318,437,119720,0.302703,0.33,1,167529,167092,437
32285081,12.6571,8.04264,443,119720,0.260541,0.38,1,167543,167100,443
32288001,21.7314,24.0085,439,119720,0.212108,0.39,1,167567,167128,439
32290921,10.7463,9.60171,441,119720,0.210422,0.32,1,167575,167134,441
32293841,5.34926,5.12034,441,119720,0.266084,0.37,1,167579,167138,441
32296761,4.26985,7.42407,437,119720,0.301217,0.28,1,167583,167146,437
32299681,20.854,17.4848,442,119720,0.284243,0.38,1,167608,167166,442
32302601,17.7708,18.697,440,119720,0.184849,0.27,1,167625,167185,440
32305521,8.35416,10.1394,438,119720,0.18897,0.3,1,167631,167193,438
32308441,12.8708,10.0279,442,119720,0.269794,0.28,1,167645,167203,442
32311361,18.5742,19.6056,440,119720,0.245959,0.39,1,167665,167225,440
32314281,10.1148,12.7211,437,119720,0.201192,0.37,1,167673,167236,437
32317201,24.423,22.5442,440,119720,0.200238,0.28,1,167701,167261,440
32320121,8.08459,9.30884,438,119720,0.168048,0.33,1,167705,167267,438
32323041,12.0169,10.6618,440,119720,0.26561,0.31,1,167718,167278,440
32325961,10.4034,13.3324,436,119720,0.309122,0.39,1,167728,167292,436
32328881,3.68068,4.26647,436,119720,0.317824,0.26,1,167730,167294,436
32331801,51.9361,56.0533,431,119720,0.311565,0.24,1,167794,167363,431
32334721,20.7872,16.0107,438,119720,0.254313,0.37,1,167807,167369,438
32337641,8.95745,9.60213,436,119720,0.266863,0.31,1,167813,167377,436
32340561,6.59149,9.12043,433,119720,0.405373,0.26,1,167819,167386,433
32343481,11.7183,13.0241,432,119720,0.369075,0.23,1,167832,167400,432
32346401,3.94366,4.20482,432,119720,0.321815,0.3,1,167834,167402,432
32349321,2.38873,2.44096,432,119720,0.336363,0.26,1,167836,167404,432
32352241,6.87775,2.08819,438,119720,0.363273,0.22,1,167844,167406,438
32355161,2.97555,2.01764,438,119720,0.368655,0.18,1,167846,167408,438
32358081,2.19511,2.00353,438,119720,0.377731,0.19,1,167848,167410,438
32361001,3.63902,3.60071,438,119720,0.315546,0.32,1,167852,167414,438
32363921,3.9278,7.12014,434,119720,0.287109,0.32,1,167856,167422,434
32366841,2.38556,3.02403,434,119720,0.369422,0.32,1,167858,167424,434
32369761,2.07711,2.20481,434,119720,0.385884,0.27,1,167860,167426,434
32372681,33.2154,29.241,439,119720,0.341177,0.36,1,167901,167462,439
32375601,8.24308,13.8482,431,119720,0.300235,0.36,1,167903,167472,431
32378521,8.84862,4.36964,438,119720,0.284047,0.25,1,167912,167474,438
32381441,4.96972,5.67393,436,119720,0.352809,0.35,1,167916,167480,436
32384361,4.19394,4.33479,436,119720,0.310562,0.35,1,167920,167484,436
32387281,2.43879,2.46696,436,119720,0.278112,0.35,1,167922,167486,436
32390201,5.28776,5.29339,436,119720,0.391623,0.31,1,167928,167492,436
32393121,2.65755,2.65868,436,119720,0.406325,0.33,1,167930,167494,436
32396041,20.5315,18.1317,439,119720,0.433265,0.31,1,167955,167516,439
32398961,5.7063,8.42635,435,119720,0.422653,0.3,1,167957,167522,435
32401881,8.34126,7.28527,437,119720,0.428531,0.25,1,167966,167529,437
32404801,14.4683,12.6571,439,119720,0.341706,0.2,1,167982,167543,439
32407721,18.8937,21.7314,435,119720,0.380341,0.21,1,168002,167567,435
32410641,10.1787,10.7463,435,119720,0.292068,0.28,1,168010,167575,435
32413561,6.83575,5.34926,437,119720,0.250414,0.31,1,168016,167579,437
32416481,2.96715,4.26985,435,119720,0.338083,0.28,1,168018,167583,435
32419401,20.5934,20.854,435,119720,0.371617,0.16,1,168043,167608,435
32422321,17.7187,17.7708,435,119720,0.378323,0.19,1,168060,167625,435
32425241,10.7437,8.35416,438,119720,0.323665,0.29,1,168069,167631,438
32428161,11.7487,12.8708,436,119720,0.312733,0.24,1,168081,167645,436
32431081,15.1497,18.5742,432,119720,0.326547,0.19,1,168097,167665,432
32434001,11.0299,10.1148,434,119720,0.305309,0.2,1,168107,167673,434
32436921,25.406,24.423,435,119720,0.405062,0.16,1,168136,167701,435
32439841,9.8812,8.08459,437,119720,0.329012,0.29,1,168142,167705,437
32442761,13.1762,12.0169,438,119720,0.353803,0.32,1,168156,167718,438
32445681,11.4352,10.4034,439,119720,0.35076,0.32,1,168167,167728,439
32448601,3.88705,3.68068,439,119720,0.318152,0.31,1,168169,167730,439
32451521,49.5774,51.9361,436,119720,0.29563,0.24,1,168230,167794,436
32454441,19.5155,20.7872,435,119720,0.339126,0.27,1,168242,167807,435
32457361,11.1031,8.95745,438,119720,0.267825,0.44,1,168251,167813,438
32460281,8.62062,6.59149,440,119720,0.261565,0.36,1,168259,167819,440
32463201,9.72412,11.7183,437,119720,0.316313,0.31,1,168269,167832,437
32466121,7.54482,3.94366,442,119720,0.367263,0.34,1,168276,167834,442
32469041,3.10896,2.38873,442,119720,0.345453,0.37,1,168278,167836,442
32471961,2.22179,6.87775,436,119720,0.341091,0.37,1,168280,167844,436
32474881,2.04436,2.97555,436,119720,0.356218,0.38,1,168282,167846,436
32477801,6.80887,2.19511,442,119720,0.359244,0.3,1,168290,167848,442
32480721,4.56177,3.63902,442,119720,0.367849,0.28,1,168294,167852,442
32483641,4.11235,3.9278,442,119720,0.31357,0.39,1,168298,167856,442
32486561,2.42247,2.38556,442,119720,0.278714,0.39,1,168300,167858,442
32488561,1.28449,2.07711,441,119720,0.287743,0.33,1,168301,167860,441
32491481,28.2569,33.2154,435,119720,0.321549,0.29,1,168336,167901,435
32494401,12.0514,8.24308,441,119720,0.27231,0.28,1,168344,167903,441
32497321,5.61028,8.84862,436,119720,0.302462,0.37,1,168348,167912,436
32500241,9.92206,4.96972,443,119720,0.340492,0.3,1,168359,167916,443
32503161,5.18441,4.19394,443,119720,0.348098,0.27,1,168363,167920,443
32506081,2.63688,2.43879,443,119720,0.31762,0.27,1,168365,167922,443
32507701,4.52738,0.487758,448,119720,0.335524,0.42,1,168370,167922,448
32510621,2.50548,4.89755,444,119720,0.363105,0.41,1,168372,167928,444
32513541,21.3011,2.57951,468,119720,0.384621,0.44,1,168398,167930,468
32516461,5.86022,20.5159,445,119720,0.356924,0.42,1,168400,167955,445
32519381,4.37204,5.70318,447,119720,0.383385,0.43,1,168404,167957,447
32522301,12.0744,8.34064,452,119720,0.284677,0.32,1,168418,167966,452
32525221,16.0149,14.4681,453,119720,0.264935,0.39,1,168435,167982,453
32528141,13.603,18.8936,446,119720,0.348987,0.27,1,168448,168002,446
32531061,4.3206,10.1787,440,119720,0.333797,0.24,1,168450,168010,440
32533981,2.46412,6.83575,436,119720,0.298759,0.36,1,168452,168016,436
32536901,18.0928,2.96715,456,119720,0.251752,0.38,1,168474,168018,456
32539821,20.4186,20.5934,452,119720,0.19435,0.38,1,168495,168043,452
32542741,12.8837,17.7187,446,119720,0.31887,0.31,1,168506,168060,446
32545661,12.1767,10.7437,449,119720,0.351774,0.31,1,168518,168069,449
32548581,15.2353,11.7487,453,119720,0.326355,0.33,1,168534,168081,453
32551501,12.6471,15.1497,449,119720,0.361271,0.3,1,168546,168097,449
32554421,27.3294,11.0299,470,119720,0.184254,0.43,1,168577,168107,470
32557341,8.66588,25.406,445,119720,0.164851,0.31,1,168581,168136,445
32560261,12.1332,9.8812,452,119720,0.29697,0.36,1,168594,168142,452
32563181,9.62664,13.1762,447,119720,0.283394,0.35,1,168603,168156,447
32566101,3.52533,11.4352,438,119720,0.312679,0.31,1,168605,168167,438
32569021,51.1051,3.88705,499,119720,0.374536,0.29,1,168668,168169,499
32571941,19.821,49.5774,450,119720,0.418907,0.35,1,168680,168230,450
32574861,6.3642,19.5155,441,119720,0.443781,0.25,1,168683,168242,441
32577781,11.6728,11.1031,445,119720,0.368756,0.26,1,168696,168251,445
32580701,10.3346,8.62062,447,119720,0.425751,0.33,1,168706,168259,447
32583621,6.86691,9.72412,443,119720,0.37315,0.38,1,168712,168269,443
32586541,6.17338,7.54482,442,119720,0.33863,0.34,1,168718,168276,442
32589461,2.83468,3.10896,442,119720,0.355726,0.34,1,168720,168278,442
32592381,2.16694,2.22179,442,119720,0.327145,0.36,1,168722,168280,442
32595301,2.03339,2.04436,442,119720,0.321429,0.36,1,168724,168282,442
32598221,8.40668,6.80887,444,119720,0.352286,0.37,1,168734,168290,444
32601141,3.28134,4.56177,442,119720,0.406457,0.3,1,168736,168294,442
32604061,2.25627,4.11235,440,119720,0.417291,0.27,1,168738,168298,440
32606981,2.05125,2.42247,440,119720,0.395458,0.29,1,168740,168300,440
32609621,26.0103,1.28449,471,119720,0.351092,0.33,1,168772,168301,471
32612541,11.602,28.2569,444,119720,0.438218,0.26,1,168780,168336,444
32615461,7.12041,12.0514,442,119720,0.391644,0.31,1,168786,168344,442
32618381,9.42408,5.61028,448,119720,0.278329,0.35,1,168796,168348,448
32621301,6.68482,9.92206,443,119720,0.375666,0.35,1,168802,168359,443
32624221,2.93696,5.18441,441,119720,0.363133,0.31,1,168804,168363,441
32627141,5.38739,2.63688,445,119720,0.352627,0.37,1,168810,168365,445
32630061,4.27748,6.12738,442,119720,0.374525,0.39,1,168814,168372,442
32632981,18.4555,22.0255,438,119720,0.378905,0.35,1,168836,168398,438
32635901,5.2911,6.0051,438,119720,0.347781,0.39,1,168838,168400,438
32638821,2.65822,4.40102,436,119720,0.333556,0.26,1,168840,168404,436
32641741,14.1316,12.0802,439,119720,0.330711,0.26,1,168857,168418,439
32644661,18.0263,16.016,441,119720,0.370142,0.37,1,168876,168435,441
32647581,9.20527,13.6032,435,119720,0.434028,0.33,1,168883,168448,435
32650501,3.44105,4.32064,435,119720,0.414806,0.29,1,168885,168450,435
32653421,5.48821,2.46413,439,119720,0.410961,0.24,1,168891,168452,439
32656341,13.8976,18.0928,433,119720,0.370192,0.18,1,168907,168474,433
32659261,24.3795,20.4186,439,119720,0.370038,0.35,1,168934,168495,439
32662181,12.0759,12.8837,437,119720,0.426008,0.36,1,168943,168506,437
32665101,12.0152,12.1767,437,119720,0.365202,0.32,1,168955,168518,437
32668021,13.603,15.2353,435,119720,0.40904,0.37,1,168969,168534,435
32670941,14.7206,12.6471,438,119720,0.449808,0.14,1,168984,168546,438
32673861,24.5441,27.3294,434,119720,0.441962,0.16,1,169011,168577,434
32676781,12.1088,8.66588,439,119720,0.304392,0.33,1,169020,168581,439
32679701,12.0218,12.1332,438,119720,0.348878,0.28,1,169032,168594,438
32682621,11.2044,9.62664,440,119720,0.429776,0.32,1,169043,168603,440
32685541,3.84087,3.52533,440,119720,0.413955,0.39,1,169045,168605,440
32688461,52.7682,51.1051,442,119720,0.322791,0.43,1,169110,168668,442
32691381,17.7536,19.821,439,119720,0.464558,0.45,1,169119,168680,439
32694301,6.75073,6.3642,440,119720,0.468912,0.35,1,169123,168683,440
32697221,14.9501,11.6728,444,119720,0.437782,0.44,1,169140,168696,444
32700141,6.19003,10.3346,438,119720,0.431556,0.36,1,169144,168706,438
32703061,6.03801,6.86691,438,119720,0.462311,0.33,1,169150,168712,438
32705981,8.4076,6.17338,441,119720,0.396462,0.36,1,169159,168718,441
32708901,3.28152,2.83468,441,119720,0.439292,0.32,1,169161,168720,441
32711821,2.2563,2.16694,441,119720,0.463858,0.32,1,169163,168722,441
32714241,2.05126,2.03339,441,119720,0.428772,0.36,1,169165,168724,441
32717161,6.81025,8.40668,439,119720,0.381754,0.42,1,169173,168734,439
32720081,4.56205,3.28134,441,119720,0.444351,0.42,1,169177,168736,441
32723001,5.71241,2.25627,445,119720,0.46487,0.39,1,169183,168738,445
32725681,2.74248,2.05125,445,119720,0.476974,0.34,1,169185,168740,445
32728601,23.7485,26.0103,442,119720,0.423395,0.46,1,169214,168772,442
32731521,7.9497,11.602,438,119720,0.388679,0.38,1,169218,168780,438
32734441,3.18994,7.12041,434,119720,0.349736,0.25,1,169220,168786,434
32737361,15.838,9.42408,443,119720,0.373947,0.4,1,169239,168796,443
32740281,7.9676,6.68482,443,119720,0.442789,0.36,1,169245,168802,443
32743201,3.19352,2.93696,443,119720,0.424558,0.35,1,169247,168804,443
32746121,7.0387,5.38739,445,119720,0.348912,0.38,1,169255,168810,445
32749041,3.00774,4.27748,443,119720,0.333782,0.38,1,169257,168814,443
32751961,16.6015,18.4555,441,119720,0.338756,0.34,1,169277,168836,441
32754881,7.32031,5.2911,444,119720,0.387751,0.33,1,169282,168838,444
32757801,3.06406,2.65822,444,119720,0.36555,0.33,1,169284,168840,444
32760721,13.4128,14.1316,443,119720,0.36111,0.38,1,169300,168857,443
32763641,20.2826,18.0263,446,119720,0.376222,0.45,1,169322,168876,446
32766561,5.65651,9.20527,441,119720,0.355244,0.41,1,169324,168883,441
32769481,2.7313,3.44105,441,119720,0.319049,0.41,1,169326,168885,441
32772401,6.94626,5.48821,443,119720,0.37581,0.36,1,169334,168891,443
32775321,7.78925,13.8976,435,119720,0.379162,0.37,1,169342,168907,435
32778241,31.1579,24.3795,445,119720,0.411832,0.44,1,169379,168934,445
32781161,9.43157,12.0759,440,119720,0.378366,0.35,1,169383,168943,440
32784081,15.4863,12.0152,445,119720,0.379673,0.42,1,169400,168955,445
32787001,16.6973,13.603,448,119720,0.379935,0.46,1,169417,168969,448
32789921,12.9395,14.7206,445,119720,0.387987,0.44,1,169429,168984,445
32792841,18.5879,24.5441,438,119720,0.405597,0.27,1,169449,169011,438
32795761,13.3176,12.1088,441,119720,0.32912,0.36,1,169461,169020,441
32798681,15.4635,12.0218,445,119720,0.361824,0.45,1,169477,169032,445
32801601,8.6927,11.2044,441,119720,0.384365,0.41,1,169484,169043,441
32804521,3.33854,3.84087,441,119720,0.388873,0.3,1,169486,169045,441
32807441,57.4677,52.7682,447,119720,0.253775,0.5,1,169557,169110,447
32810361,17.8935,17.7536,446,119720,0.250755,0.47,1,169565,169119,446
32813281,5.17871,6.75073,444,119720,0.338151,0.43,1,169567,169123,444
32816201,16.2357,14.9501,446,119720,0.27563,0.43,1,169586,169140,446
32819121,4.84715,6.19003,444,119720,0.263126,0.47,1,169588,169144,444
32822041,4.16943,6.03801,442,119720,0.292625,0.38,1,169592,169150,442
32824961,8.03389,8.4076,442,119720,0.354525,0.45,1,169601,169159,442
32827881,3.20678,3.28152,442,119720,0.366905,0.47,1,169603,169161,442
32830801,2.24136,2.2563,442,119720,0.337381,0.42,1,169605,169163,442
32833721,5.24827,2.05126,446,119720,0.315476,0.42,1,169611,169165,446
32835301,6.64965,0.410252,453,119720,0.367095,0.37,1,169618,169165,453
32838221,2.92993,6.48205,447,119720,0.369419,0.46,1,169620,169173,447
32841141,6.98599,4.49641,451,119720,0.361884,0.47,1,169628,169177,451
32844061,2.9972,5.69928,447,119720,0.344377,0.41,1,169630,169183,447
32846981,23.7994,25.9399,445,119720,0.364875,0.38,1,169659,169214,445
32849901,7.95989,8.38797,445,119720,0.336975,0.34,1,169663,169218,445
32852821,3.19198,3.27759,445,119720,0.299395,0.38,1,169665,169220,445
32855741,11.8384,15.8555,440,119720,0.331879,0.46,1,169679,169239,440
32858661,6.36768,7.9711,439,119720,0.370376,0.42,1,169684,169245,439
32861581,2.87354,3.19422,439,119720,0.346075,0.33,1,169686,169247,439
32864501,10.9747,7.03884,444,119720,0.357215,0.33,1,169699,169255,444
32867421,3.79494,3.00777,444,119720,0.359443,0.34,1,169701,169257,444
32870341,16.759,16.6016,444,119720,0.415889,0.4,1,169721,169277,444
32873261,8.1518,7.32031,445,119720,0.363178,0.36,1,169727,169282,445
32876181,3.23036,3.06406,445,119720,0.376636,0.36,1,169729,169284,445
32879101,10.2461,13.4128,441,119720,0.395327,0.38,1,169741,169300,441
32882021,20.4492,20.2826,442,119720,0.367065,0.35,1,169764,169322,442
32884941,5.68984,5.65651,442,119720,0.361413,0.31,1,169766,169324,442
32887861,4.33797,2.7313,444,119720,0.328283,0.39,1,169770,169326,444
32890781,2.46759,6.94626,438,119720,0.345657,0.39,1,169772,169334,438
32892501,10.8935,1.38925,451,119720,0.341131,0.38,1,169785,169334,451
32895421,29.3787,6.67785,477,119720,0.252226,0.42,1,169819,169342,477
32898341,7.47574,30.9356,442,119720,0.362445,0.37,1,169821,169379,442
32901261,16.6951,9.38711,457,119720,0.304489,0.38,1,169840,169383,457
32904181,17.739,15.4774,458,119720,0.308898,0.38,1,169858,169400,458
32907101,12.3478,16.6955,452,119720,0.38178,0.39,1,169869,169417,452
32910021,16.0696,12.9391,457,119720,0.324356,0.41,1,169886,169429,457
32912941,12.8139,18.5878,449,119720,0.336871,0.31,1,169898,169449,449
32915861,18.5628,13.3176,457,119720,0.179374,0.37,1,169918,169461,457
32918781,6.91256,15.4635,445,119720,0.283875,0.39,1,169922,169477,445
32921701,2.98251,8.6927,440,119720,0.304775,0.39,1,169924,169484,440
32924621,57.3965,3.33854,509,119720,0.276955,0.22,1,169995,169486,509
32927541,16.2793,57.4677,444,119720,0.319391,0.25,1,170001,169557,444
32930461,4.85586,17.8935,438,119720,0.295878,0.36,1,170003,169565,438
32933381,13.7712,5.17871,452,119720,0.283176,0.26,1,170019,169567,452
32936301,5.15423,16.2357,436,119720,0.232635,0.26,1,170022,169586,436
32939221,8.23085,4.84715,443,119720,0.238527,0.3,1,170031,169588,443
32942141,8.04617,4.16943,447,119720,0.319705,0.37,1,170039,169592,447
32945061,5.60923,8.03389,443,119720,0.295941,0.37,1,170044,169601,443
32947981,2.72185,3.20678,443,119720,0.259188,0.33,1,170046,169603,443
32950901,3.74437,2.24136,445,119720,0.219838,0.31,1,170050,169605,445
32953821,5.54887,5.24827,445,119720,0.211968,0.37,1,170056,169611,445
32956741,2.70977,8.24965,438,119720,0.274394,0.36,1,170058,169620,438
32959661,5.34196,8.04993,436,119720,0.294879,0.34,1,170064,169628,436
32962581,2.66839,3.20999,436,119720,0.306976,0.37,1,170066,169630,436
32965501,22.1337,23.842,434,119720,0.325395,0.33,1,170093,169659,434
32968421,11.6267,7.9684,439,119720,0.345079,0.29,1,170102,169663,439
32971341,3.92535,3.19368,439,119720,0.349016,0.34,1,170104,169665,439
32974261,11.1851,11.8387,438,119720,0.333803,0.38,1,170117,169679,438
32977181,3.83701,6.36775,435,119720,0.290761,0.34,1,170119,169684,435
32980101,5.5674,2.87355,439,119720,0.242152,0.36,1,170125,169686,439
32983021,13.1135,10.9747,441,119720,0.31243,0.36,1,170140,169699,441
32985941,5.8227,3.79494,443,119720,0.294486,0.43,1,170144,169701,443
32988861,13.9645,16.759,439,119720,0.290897,0.35,1,170160,169721,439
32991781,9.19291,8.1518,441,119720,0.346179,0.38,1,170168,169727,441
32994701,5.03858,3.23036,443,119720,0.333236,0.4,1,170172,169729,443
32997621,5.80772,10.2461,437,119720,0.362647,0.36,1,170178,169741,437
33000541,21.1615,20.4492,439,119720,0.296529,0.36,1,170203,169764,439
33003461,5.83231,5.68984,439,119720,0.339306,0.32,1,170205,169766,439
33006381,5.96646,4.33797,441,119720,0.291861,0.35,1,170211,169770,441
33009301,2.79329,2.46759,441,119720,0.250372,0.34,1,170213,169772,441
33012221,5.35866,10.8935,434,119720,0.338074,0.23,1,170219,169785,434
33015141,28.2717,29.3787,434,119720,0.347615,0.39,1,170253,169819,434
33018061,7.25435,7.47574,434,119720,0.357523,0.29,1,170255,169821,434
33020981,16.6509,16.6951,434,119720,0.295505,0.31,1,170274,169840,434
33023901,23.3302,17.739,441,119720,0.323101,0.4,1,170299,169858,441
33026821,10.266,12.3478,437,119720,0.36862,0.31,1,170306,169869,437
33029741,16.4532,16.0696,438,119720,0.305724,0.34,1,170324,169886,438
33032661,12.0906,12.8139,437,119720,0.405145,0.14,1,170335,169898,437
33035581,17.6181,18.5628,436,119720,0.401029,0.31,1,170354,169918,436
33038501,9.12363,6.91256,439,119720,0.392206,0.31,1,170361,169922,439
33041421,3.42472,2.98251,439,119720,0.390441,0.27,1,170363,169924,439
33044341,53.4849,57.3965,434,119720,0.342088,0.33,1,170429,169995,434
33047261,19.497,16.2793,439,119720,0.412418,0.29,1,170440,170001,439
33050181,5.4994,4.85586,439,119720,0.394484,0.28,1,170442,170003,439
33053101,9.89988,13.7712,434,119720,0.438897,0.22,1,170453,170019,434
33056021,3.57998,5.15423,433,119720,0.447779,0.24,1,170455,170022,433
33058941,11.916,8.23085,438,119720,0.393556,0.34,1,170469,170031,438
33061861,3.9832,8.04617,432,119720,0.398711,0.29,1,170471,170039,432
33064781,5.59664,5.60923,433,119720,0.343742,0.25,1,170477,170044,433
33067701,4.31933,2.72185,435,119720,0.308748,0.21,1,170481,170046,435
33070621,4.06387,3.74437,435,119720,0.38975,0.21,1,170485,170050,435
33073541,9.61277,5.54887,440,119720,0.37395,0.29,1,170496,170056,440
33076461,3.52255,2.70977,440,119720,0.33879,0.3,1,170498,170058,440
33079381,2.30451,5.34196,436,119720,0.299758,0.31,1,170500,170064,436
33082301,2.0609,2.66839,436,119720,0.259952,0.33,1,170502,170066,436
33085221,23.6122,22.1337,438,119720,0.33999,0.35,1,170531,170093,438
33088141,13.5224,11.6267,440,119720,0.347998,0.35,1,170542,170102,440
33091061,4.30449,3.92535,440,119720,0.3176,0.33,1,170544,170104,440
33093981,6.4609,11.1851,434,119720,0.27152,0.28,1,170551,170117,434
33096901,2.89218,3.83701,434,119720,0.262304,0.23,1,170553,170119,434
33099821,7.77844,5.5674,437,119720,0.372461,0.33,1,170562,170125,437
33102741,14.3557,13.1135,438,119720,0.314492,0.29,1,170578,170140,438
33105661,7.67114,5.8227,440,119720,0.270898,0.29,1,170584,170144,440
33108581,13.5342,13.9645,439,119720,0.28618,0.36,1,170599,170160,439
33111501,9.90685,9.19291,440,119720,0.265236,0.33,1,170608,170168,440
33114421,3.58137,5.03858,438,119720,0.261047,0.37,1,170610,170172,438
33117341,3.91627,5.80772,436,119720,0.244209,0.28,1,170614,170178,436
33120261,19.9833,21.1615,435,119720,0.224842,0.35,1,170638,170203,435
33123181,7.19665,5.83231,437,119720,0.180968,0.28,1,170642,170205,437
33126101,7.83933,5.96646,439,119720,0.204194,0.24,1,170650,170211,439
33129021,3.16787,2.79329,439,119720,0.232839,0.36,1,170652,170213,439
33131941,2.23357,5.35866,435,119720,0.246568,0.35,1,170654,170219,435
33134861,30.0467,28.2717,438,119720,0.185314,0.36,1,170691,170253,438
33137781,7.60934,7.25435,438,119720,0.181063,0.28,1,170693,170255,438
33140701,19.9219,16.6509,442,119720,0.204213,0.33,1,170716,170274,442
33143621,20.7844,23.3302,438,119720,0.224843,0.38,1,170737,170299,438
33146541,8.95687,10.266,437,119720,0.212968,0.29,1,170743,170306,437
33149461,21.7914,16.4532,444,119720,0.146594,0.43,1,170768,170324,444
33152381,9.15827,12.0906,439,119720,0.213319,0.4,1,170774,170335,439
33155301,18.6317,17.6181,441,119720,0.162664,0.39,1,170795,170354,441
33158221,8.52633,9.12363,440,119720,0.208533,0.39,1,170801,170361,440
33161141,4.90527,3.42472,442,119720,0.241707,0.33,1,170805,170363,442
33164061,48.1811,53.4849,435,119720,0.280341,0.43,1,170864,170429,435
33166981,24.0362,19.497,442,119720,0.264068,0.39,1,170882,170440,442
33169901,6.40724,5.4994,442,119720,0.228814,0.45,1,170884,170442,442
33172821,7.68145,9.89988,439,119720,0.189763,0.45,1,170892,170453,439
33175741,3.13629,3.57998,439,119720,0.309953,0.38,1,170894,170455,439
33178661,10.2273,11.916,437,119720,0.269991,0.4,1,170906,170469,437
33181581,3.64545,3.9832,437,119720,0.301998,0.33,1,170908,170471,437
33184501,7.92909,5.59664,440,119720,0.2284,0.3,1,170917,170477,440
33187421,3.18582,4.31933,438,119720,0.21368,0.41,1,170919,170481,438
33190341,3.83716,4.06387,438,119720,0.146736,0.37,1,170923,170485,438
33193261,11.9674,9.61277,441,119720,0.229347,0.33,1,170937,170496,441
33196181,3.99349,3.52255,441,119720,0.285869,0.29,1,170939,170498,441
33199101,2.3987,2.30451,441,119720,0.265174,0.25,1,170941,170500,441
33200961,1.27974,2.0609,440,119720,0.253035,0.36,1,170942,170502,440
33203881,22.6559,23.6122,439,119720,0.234607,0.35,1,170970,170531,439
33206801,9.33119,13.5224,434,119720,0.342921,0.31,1,170976,170542,434
33209721,3.46624,4.30449,434,119720,0.332584,0.26,1,170978,170544,434
33212641,11.0932,6.4609,440,119720,0.338517,0.26,1,170991,170551,440
33215521,3.81865,2.89218,440,119720,0.315703,0.4,1,170993,170553,440
33218441,2.36373,7.77844,433,119720,0.279141,0.3,1,170995,170562,433
33221361,14.8727,14.3557,435,119720,0.247828,0.26,1,171013,170578,435
33224281,6.17455,7.67114,433,119720,0.361566,0.29,1,171017,170584,433
33227201,14.8349,13.5342,435,119720,0.256313,0.26,1,171034,170599,435
33230121,6.16698,9.90685,430,119720,0.251263,0.26,1,171038,170608,430
33233041,2.8334,3.58137,430,119720,0.250253,0.24,1,171040,170610,430
33235961,9.36668,3.91627,437,119720,0.250051,0.22,1,171051,170614,437
33238881,17.8733,19.9833,433,119720,0.26601,0.17,1,171071,170638,433
33241801,8.37467,7.19665,435,119720,0.253202,0.21,1,171077,170642,435
33244721,9.67493,7.83933,437,119720,0.15464,0.24,1,171087,170650,437
33247641,3.53499,3.16787,437,119720,0.286928,0.25,1,171089,170652,437
33250561,2.307,2.23357,437,119720,0.289386,0.17,1,171091,170654,437
33253481,28.4614,30.0467,435,119720,0.257877,0.18,1,171126,170691,435
33256401,8.89228,7.60934,437,119720,0.243575,0.21,1,171130,170693,437
33259321,13.7785,19.9219,429,119720,0.344715,0.23,1,171145,170716,429
33262241,24.3557,20.7844,435,119720,0.252943,0.21,1,171172,170737,435
33265161,9.67114,8.95687,435,119720,0.290589,0.13,1,171178,170743,435
33268081,22.7342,21.7914,436,119720,0.290118,0.23,1,171204,170768,436
33271001,6.14685,9.15827,432,119720,0.258024,0.15,1,171206,170774,432
33273921,18.8294,18.6317,433,119720,0.291605,0.22,1,171228,170795,433
33276841,6.96587,8.52633,431,119720,0.258321,0.25,1,171232,170801,431
33279761,2.99317,4.90527,429,119720,0.227664,0.29,1,171234,170805,429
33282681,50.9986,48.1811,433,119720,0.285533,0.26,1,171297,170864,433
33285601,22.9997,24.0362,431,119720,0.265107,0.22,1,171313,170882,431
33288521,11.7999,6.40724,438,119720,0.285021,0.18,1,171322,170884,438
33291441,5.55999,7.68145,434,119720,0.265004,0.34,1,171326,170892,434
33294361,2.712,3.13629,434,119720,0.229001,0.26,1,171328,170894,434
33297281,7.7424,10.2273,431,119720,0.3498,0.31,1,171337,170906,431
33300201,3.14848,3.64545,431,119720,0.38196,0.21,1,171339,170908,431
33303121,7.8297,7.92909,431,119720,0.404392,0.21,1,171348,170917,431
33306001,3.96594,3.18582,432,119720,0.392878,0.13,1,171351,170919,432
33308921,7.19319,3.83716,436,119720,0.286576,0.25,1,171359,170923,436
33311841,10.2386,11.9674,433,119720,0.233315,0.3,1,171370,170937,433
33314761,3.64773,3.99349,433,119720,0.342663,0.26,1,171372,170939,433
33317681,5.52955,2.3987,437,119720,0.276533,0.25,1,171378,170941,437
33320561,2.70591,1.27974,438,119720,0.231307,0.23,1,171380,170942,438
33323481,21.3412,22.6559,436,119720,0.206261,0.37,1,171406,170970,436
33326401,9.86824,9.33119,437,119720,0.233252,0.33,1,171413,170976,437
33329321,3.57365,3.46624,437,119720,0.23865,0.34,1,171415,170978,437
33332241,5.51473,11.0932,430,119720,0.26373,0.31,1,171421,170991,430
33335161,9.90295,3.81865,439,119720,0.252746,0.27,1,171432,170993,439
33338081,3.58059,2.36373,439,119720,0.290549,0.24,1,171434,170995,439
33341001,11.1161,14.8727,434,119720,0.35411,0.39,1,171447,171013,434
33343921,3.82322,6.17455,432,119720,0.334822,0.23,1,171449,171017,432
33346841,16.7646,14.8349,435,119720,0.330964,0.25,1,171469,171034,435
33349761,4.95293,6.16698,433,119720,0.298193,0.25,1,171471,171038,433
33352681,2.59059,2.8334,433,119720,0.259639,0.25,1,171473,171040,433
33355601,6.91812,9.36668,430,119720,0.275928,0.27,1,171481,171051,430
33358521,19.7836,17.8733,433,119720,0.239186,0.25,1,171504,171071,433
33361441,7.15672,8.37467,431,119720,0.199837,0.13,1,171508,171077,431
33364361,11.0313,9.67493,433,119720,0.255967,0.32,1,171520,171087,433
33367281,3.80627,3.53499,433,119720,0.235193,0.29,1,171522,171089,433
33370201,2.36125,2.307,433,119720,0.199039,0.25,1,171524,171091,433
33373121,33.2722,28.4614,439,119720,0.175808,0.24,1,171565,171126,439
33376041,8.25445,8.89228,437,119720,0.179162,0.37,1,171567,171130,437
33378961,12.0509,13.7785,435,119720,0.219832,0.23,1,171580,171145,435
33381881,24.8102,24.3557,436,119720,0.219966,0.3,1,171608,171172,436
33384801,12.162,9.67114,439,119720,0.147993,0.29,1,171617,171178,439
33387721,18.4324,22.7342,433,119720,0.213599,0.25,1,171637,171204,433
33390641,10.0865,6.14685,439,119720,0.21072,0.3,1,171645,171206,439
33393561,20.4173,18.8294,440,119720,0.306144,0.25,1,171668,171228,440
33396481,5.68346,6.96587,438,119720,0.293229,0.22,1,171670,171232,438
33399401,2.73669,2.99317,438,119720,0.290646,0.3,1,171672,171234,438
33402321,46.1473,50.9986,432,119720,0.282129,0.26,1,171729,171297,432
33405241,25.2295,22.9997,436,119720,0.208426,0.29,1,171749,171313,436
33408161,9.84589,11.7999,433,119720,0.281685,0.26,1,171755,171322,433
33411081,10.7692,5.55999,440,119720,0.296337,0.22,1,171766,171326,440
33414001,3.75384,2.712,440,119720,0.267267,0.38,1,171768,171328,440
33416921,3.95077,7.7424,435,119720,0.237453,0.39,1,171772,171337,435
33419841,6.39015,3.14848,440,119720,0.231491,0.41,1,171779,171339,440
33422761,2.87803,7.8297,433,119720,0.310298,0.39,1,171781,171348,433
33425681,6.97561,3.96594,438,119720,0.22206,0.26,1,171789,171351,438
33428601,2.99512,7.19319,432,119720,0.204412,0.22,1,171791,171359,432
33431521,9.39902,10.2386,432,119720,0.320882,0.37,1,171802,171370,432
33434441,5.0798,3.64773,434,119720,0.312176,0.26,1,171806,171372,434
33437361,6.61596,5.52955,435,119720,0.310435,0.22,1,171813,171378,435
33439121,2.12319,2.70591,434,119720,0.294087,0.2,1,171814,171380,434
33442041,20.4246,21.3412,433,119720,0.266817,0.24,1,171839,171406,433
33444961,10.4849,9.86824,434,119720,0.253363,0.24,1,171847,171413,434
33447881,3.69699,3.57365,434,119720,0.250673,0.27,1,171849,171415,434
33450801,5.5394,5.51473,434,119720,0.274135,0.25,1,171855,171421,434
33453721,7.50788,9.90295,431,119720,0.262827,0.3,1,171863,171432,431
33456641,8.70158,3.58059,438,119720,0.244565,0.37,1,171872,171434,438
33459561,12.1403,11.1161,438,119720,0.216913,0.33,1,171885,171447,438
33462481,4.02806,3.82322,438,119720,0.363383,0.33,1,171887,171449,438
33465401,15.2056,16.7646,436,119720,0.344677,0.29,1,171905,171469,436
33468321,4.64112,4.95293,436,119720,0.340935,0.25,1,171907,171471,436
33471241,2.52822,2.59059,436,119720,0.340187,0.28,1,171909,171473,436
33474161,5.30565,6.91812,434,119720,0.316037,0.23,1,171915,171481,434
33477081,22.6611,19.7836,438,119720,0.303207,0.19,1,171942,171504,438
33480001,6.13223,7.15672,436,119720,0.268642,0.27,1,171944,171508,436
33482921,6.02645,11.0313,430,119720,0.349728,0.23,1,171950,171520,430
33485841,2.80529,3.80627,430,119720,0.325946,0.19,1,171952,171522,430
33488761,6.96106,2.36125,436,119720,0.305189,0.17,1,171960,171524,436
33491681,33.3922,33.2722,435,119720,0.285038,0.18,1,172000,171565,435
33494601,8.27844,8.25445,435,119720,0.241008,0.23,1,172002,171567,435
33497521,9.65569,12.0509,432,119720,0.264202,0.22,1,172012,171580,432
33500441,24.3311,24.8102,432,119720,0.20484,0.13,1,172040,171608,432
33503361,14.4662,12.162,435,119720,0.240968,0.23,1,172052,171617,435
33506281,15.6932,18.4324,431,119720,0.224194,0.21,1,172068,171637,431
33509201,9.53865,10.0865,431,119720,0.276839,0.33,1,172076,171645,431
33512121,21.1077,20.4173,432,119720,0.239368,0.29,1,172100,171668,432
33515041,5.82155,5.68346,432,119720,0.199874,0.29,1,172102,171670,432
33517961,2.76431,2.73669,432,119720,0.311975,0.28,1,172104,171672,432
33520881,46.9529,46.1473,433,119720,0.334395,0.19,1,172162,171729,433
33523801,26.1906,25.2295,434,119720,0.258879,0.3,1,172183,171749,434
33526721,11.6381,9.84589,436,119720,0.275776,0.3,1,172191,171755,436
33529641,7.12762,10.7692,431,119720,0.263155,0.26,1,172197,171766,431
33532561,3.02552,3.75384,431,119720,0.236631,0.23,1,172199,171768,431
33535481,7.80511,3.95077,436,119720,0.351326,0.23,1,172208,171772,436
33538401,3.16102,6.39015,431,119720,0.366265,0.33,1,172210,171779,431
33541321,2.2322,2.87803,431,119720,0.337253,0.2,1,172212,171781,431
33544241,7.64644,6.97561,432,119720,0.387451,0.2,1,172221,171789,432
33547161,7.92929,2.99512,438,119720,0.30949,0.35,1,172229,171791,438
33550081,9.58586,9.39902,437,119720,0.173898,0.31,1,172239,171802,437
33553001,3.51717,5.0798,435,119720,0.25878,0.31,1,172241,171806,435
33555921,2.30343,6.61596,430,119720,0.363756,0.29,1,172243,171813,430
33558841,3.66069,2.12319,433,119720,0.328751,0.26,1,172247,171814,433
33561761,22.3321,20.4246,435,119720,0.37775,0.25,1,172274,171839,435
33564681,10.8664,10.4849,435,119720,0.27555,0.25,1,172282,171847,435
33567601,3.77329,3.69699,435,119720,0.31111,0.28,1,172284,171849,435
33570521,8.75466,5.5394,439,119720,0.278222,0.26,1,172294,171855,439
33573441,3.35093,7.50788,433,119720,0.279644,0.24,1,172296,171863,433
33576361,7.07019,8.70158,432,119720,0.327929,0.21,1,172304,171872,432
33579281,18.214,12.1403,440,119720,0.305586,0.4,1,172325,171885,440
33582201,5.24281,4.02806,440,119720,0.269117,0.34,1,172327,171887,440
33585121,13.0486,15.2056,437,119720,0.373823,0.34,1,172342,171905,437
33588041,4.20971,4.64112,437,119720,0.362765,0.34,1,172344,171907,437
33590961,4.04194,2.52822,439,119720,0.328553,0.31,1,172348,171909,439
33593041,5.60839,5.30565,439,119720,0.321711,0.3,1,172354,171915,439
33595961,21.9217,22.6611,438,119720,0.344342,0.26,1,172380,171942,438
33598881,5.98434,6.13223,438,119720,0.340868,0.37,1,172382,171944,438
33601801,5.19687,6.02645,437,119720,0.292174,0.32,1,172387,171950,437
33604721,2.63937,2.80529,437,119720,0.282435,0.3,1,172389,171952,437
33607641,6.92787,6.96106,437,119720,0.336487,0.28,1,172397,171960,437
33610561,32.5856,33.3922,436,119720,0.291297,0.23,1,172436,172000,436
33613481,8.11711,8.27844,436,119720,0.258259,0.27,1,172438,172002,436
33616401,9.62342,9.65569,436,119720,0.275652,0.19,1,172448,172012,436
33619321,22.7247,24.3311,434,119720,0.28713,0.25,1,172474,172040,434
33622241,17.3449,14.4662,438,119720,0.369426,0.22,1,172490,172052,438
33625161,15.469,15.6932,437,119720,0.417885,0.29,1,172505,172068,437
33628081,6.2938,9.53865,433,119720,0.403577,0.23,1,172509,172076,433
33631001,24.4588,21.1077,438,119720,0.352715,0.19,1,172538,172100,438
33633921,6.49175,5.82155,438,119720,0.310543,0.34,1,172540,172102,438
33636841,2.89835,2.76431,438,119720,0.270109,0.34,1,172542,172104,438
33639761,46.9797,46.9529,438,119720,0.286022,0.24,1,172600,172162,438
33642681,22.9959,26.1906,434,119720,0.321204,0.28,1,172617,172183,434
33645601,13.3992,11.6381,437,119720,0.264241,0.26,1,172628,172191,437
33648521,9.07984,7.12762,439,119720,0.292848,0.23,1,172636,172197,439
33651441,3.41597,3.02552,439,119720,0.26657,0.38,1,172638,172199,439
33654361,5.48319,7.80511,436,119720,0.205314,0.37,1,172644,172208,436
33657281,6.69664,3.16102,441,119720,0.361063,0.33,1,172651,172210,441
33660201,2.93933,2.2322,441,119720,0.352213,0.4,1,172653,172212,441
33663121,2.18787,7.64644,434,119720,0.358443,0.29,1,172655,172221,434
33666041,3.63757,7.92929,430,119720,0.311689,0.14,1,172659,172229,430
33668961,14.3275,9.58586,437,119720,0.390338,0.28,1,172676,172239,437
33671881,7.6655,3.51717,441,119720,0.350068,0.39,1,172682,172241,441
33674801,3.1331,2.30343,441,119720,0.310014,0.32,1,172684,172243,441
33677721,2.22662,3.66069,439,119720,0.358003,0.39,1,172686,172247,439
33680641,21.2453,22.3321,438,119720,0.295601,0.25,1,172712,172274,438
33683561,9.04906,10.8664,436,119720,0.34712,0.32,1,172718,172282,436
33686481,3.40981,3.77329,436,119720,0.365424,0.27,1,172720,172284,436
33689401,11.882,8.75466,440,119720,0.361085,0.28,1,172734,172294,440
33692321,3.97639,3.35093,440,119720,0.368217,0.34,1,172736,172296,440
33695241,5.59528,7.07019,438,119720,0.361643,0.3,1,172742,172304,438
33698161,17.9191,18.214,438,119720,0.352329,0.26,1,172763,172325,438
33701081,5.18381,5.24281,438,119720,0.318466,0.4,1,172765,172327,438
33704001,12.2368,13.0486,437,119720,0.319693,0.36,1,172779,172342,437
33706921,5.64735,4.20971,439,119720,0.311939,0.32,1,172783,172344,439
33709841,5.12947,4.04194,440,119720,0.406388,0.32,1,172788,172348,440
33712761,4.22589,5.60839,438,119720,0.409278,0.35,1,172792,172354,438
33715681,19.2452,21.9217,435,119720,0.329856,0.34,1,172815,172380,435
33718601,11.849,5.98434,443,119720,0.273971,0.28,1,172825,172382,443
33721521,3.96981,5.19687,440,119720,0.398794,0.28,1,172827,172387,440
33724441,2.39396,2.63937,440,119720,0.399759,0.35,1,172829,172389,440
33727361,2.07879,6.92787,434,119720,0.391952,0.28,1,172831,172397,434
33730281,33.2158,32.5856,436,119720,0.30239,0.25,1,172872,172436,436
33733201,8.24315,8.11711,436,119720,0.252478,0.28,1,172874,172438,436
33736121,12.0486,9.62342,439,119720,0.386496,0.29,1,172887,172448,439
33739041,24.0097,22.7247,440,119720,0.253299,0.39,1,172914,172474,440
33741961,17.6019,17.3449,440,119720,0.31466,0.43,1,172930,172490,440
33744881,18.7204,15.469,444,119720,0.310932,0.4,1,172949,172505,444
33747801,5.34408,6.2938,442,119720,0.278186,0.34,1,172951,172509,442
33750721,24.2688,24.4588,442,119720,0.359637,0.3,1,172980,172538,442
33753641,6.45376,6.49175,442,119720,0.375927,0.26,1,172982,172540,442
33756561,2.89075,2.89835,442,119720,0.347185,0.29,1,172984,172542,442
33759481,40.5782,46.9797,434,119720,0.381437,0.33,1,173034,172600,434
33762401,21.7156,22.9959,434,119720,0.300287,0.25,1,173051,172617,434
33765321,13.9431,13.3992,435,119720,0.324057,0.3,1,173063,172628,435
33768241,11.5886,9.07984,438,119720,0.408811,0.26,1,173074,172636,438
33771161,7.11773,3.41597,442,119720,0.377762,0.19,1,173080,172638,442
33774081,3.02354,5.48319,438,119720,0.339552,0.4,1,173082,172644,438
33777001,5.40471,6.69664,437,119720,0.27591,0.35,1,173088,172651,437
33779921,2.68094,2.93933,437,119720,0.351182,0.36,1,173090,172653,437
33782841,2.13619,2.18787,437,119720,0.366236,0.3,1,173092,172655,437
33784401,6.02724,3.63757,440,119720,0.409247,0.41,1,173099,172659,440
33787321,14.8054,14.3275,440,119720,0.329849,0.34,1,173116,172676,440
33790241,9.36109,7.6655,442,119720,0.23397,0.3,1,173124,172682,442
33793161,3.47222,3.1331,442,119720,0.390794,0.37,1,173126,172684,442
33796081,2.29444,2.22662,442,119720,0.438159,0.37,1,173128,172686,442
33798341,21.2589,0.445324,468,119720,0.375632,0.28,1,173154,172686,468
33801261,5.85178,20.8891,444,119720,0.331126,0.36,1,173156,172712,444
33804181,3.57036,8.97781,441,119720,0.402225,0.37,1,173159,172718,441
33807101,11.1141,3.39556,452,119720,0.392445,0.36,1,173172,172720,452
33810021,3.82281,11.8791,440,119720,0.358489,0.37,1,173174,172734,440
33812941,7.96456,3.97582,447,119720,0.391698,0.36,1,173183,172736,447
33815861,15.9929,5.59516,459,119720,0.37434,0.35,1,173201,172742,459
33818781,4.79858,17.919,440,119720,0.346868,0.31,1,173203,172763,440
33821701,16.1597,5.18381,457,119720,0.293374,0.32,1,173222,172765,457
33824621,4.83194,12.2368,445,119720,0.282675,0.31,1,173224,172779,445
33827541,2.56639,5.64735,443,119720,0.280535,0.43,1,173226,172783,443
33830461,8.51328,5.12947,448,119720,0.400107,0.41,1,173236,172788,448
33832661,13.7027,4.22589,459,119720,0.424021,0.31,1,173251,172792,459
33835581,15.5405,19.2452,452,119720,0.412804,0.26,1,173267,172815,452
33838501,4.70811,11.849,444,119720,0.378561,0.43,1,173269,172825,444
33841421,2.54162,3.96981,444,119720,0.339712,0.4,1,173271,172827,444
33844341,2.10832,2.39396,444,119720,0.307942,0.39,1,173273,172829,444
33847221,33.2217,2.07879,483,119720,0.293588,0.28,1,173314,172831,483
33850141,8.24433,33.2158,444,119720,0.274718,0.24,1,173316,172872,444
33853061,6.44887,8.24315,448,119720,0.390944,0.42,1,173322,172874,448
33855981,25.2898,12.0486,465,119720,0.302189,0.22,1,173352,172887,465
33858901,17.058,24.0097,453,119720,0.340438,0.33,1,173367,172914,453
33861821,21.8116,17.6019,460,119720,0.284088,0.31,1,173390,172930,460
33864741,5.96232,18.7204,443,119720,0.336818,0.27,1,173392,172949,443
33867661,23.5925,5.34408,469,119720,0.371363,0.38,1,173420,172951,469
33870581,6.31849,24.2688,442,119720,0.378273,0.38,1,173422,172980,442
33873501,2.8637,6.45376,442,119720,0.379655,0.34,1,173424,172982,442
33876421,39.7727,2.89075,489,119720,0.291931,0.39,1,173473,172984,489
33879341,21.5545,40.5782,456,119720,0.338386,0.28,1,173490,173034,456
33882261,17.1109,21.7156,455,119720,0.315677,0.33,1,173506,173051,455
33885181,6.62218,13.9431,447,119720,0.351135,0.43,1,173510,173063,447
33888101,8.52444,11.5886,445,119720,0.254227,0.37,1,173519,173074,445
33891021,3.30489,7.11773,441,119720,0.274845,0.33,1,173521,173080,441
33893941,6.26098,3.02354,446,119720,0.302969,0.26,1,173528,173082,446
33896861,3.6522,5.40471,443,119720,0.404594,0.37,1,173531,173088,443
33899781,2.33044,2.68094,443,119720,0.424919,0.37,1,173533,173090,443
33902701,4.46609,2.13619,446,119720,0.348984,0.31,1,173538,173092,446
33905621,18.4932,19.6272,444,119720,0.301797,0.21,1,173560,173116,444
33908541,5.29864,10.3254,438,119720,0.260359,0.43,1,173562,173124,438
33911461,7.45973,3.66509,444,119720,0.308072,0.45,1,173570,173126,444
33914381,3.09195,2.33302,444,119720,0.405614,0.45,1,173572,173128,444
33916901,18.2184,0.466604,466,119720,0.385123,0.32,1,173594,173128,466
33919821,5.24368,22.4933,440,119720,0.405025,0.42,1,173596,173156,440
33922741,5.84874,6.89866,443,119720,0.417005,0.39,1,173602,173159,443
33925661,10.7697,11.7797,442,119720,0.371401,0.35,1,173614,173172,442
33928581,3.75395,3.95595,442,119720,0.40228,0.4,1,173616,173174,442
33931501,8.75079,7.99119,443,119720,0.336456,0.37,1,173626,173183,443
33934421,13.7502,15.9982,440,119720,0.387291,0.34,1,173641,173201,440
33937341,4.35003,4.79965,440,119720,0.373458,0.28,1,173643,173203,440
33940261,20.07,16.1599,445,119720,0.290692,0.28,1,173667,173222,445
33943181,5.614,4.83199,445,119720,0.274138,0.28,1,173669,173224,445
33946101,2.7228,2.5664,445,119720,0.238828,0.43,1,173671,173226,445
33949021,3.74456,8.51328,439,119720,0.263766,0.43,1,173675,173236,439
33951941,15.1489,13.7027,442,119720,0.332753,0.41,1,173693,173251,442
33954861,11.0298,15.5405,436,119720,0.314551,0.37,1,173703,173267,436
33957781,5.40596,4.70811,438,119720,0.31891,0.33,1,173707,173269,438
33960701,2.68119,2.54162,438,119720,0.287782,0.3,1,173709,173271,438
33963281,7.73624,2.10832,445,119720,0.337556,0.29,1,173718,173273,445
33966201,30.3472,33.2217,440,119720,0.171511,0.27,1,173754,173314,440
33969121,9.26945,8.24433,442,119720,0.234302,0.42,1,173758,173316,442
33972041,8.25389,6.44887,444,119720,0.27886,0.28,1,173766,173322,444
33974961,20.8508,25.2898,438,119720,0.255772,0.35,1,173790,173352,438
33977881,14.5702,17.058,436,119720,0.219154,0.27,1,173803,173367,436
33980801,25.314,21.8116,441,119720,0.267831,0.35,1,173831,173390,441
33983721,6.66281,5.96232,441,119720,0.253566,0.38,1,173833,173392,441
33986641,21.3326,23.5925,438,119720,0.194713,0.38,1,173858,173420,438
33989561,10.6665,6.31849,444,119720,0.174943,0.38,1,173866,173422,444
33992481,3.7333,2.8637,444,119720,0.146989,0.27,1,173868,173424,444
33995401,34.3467,39.7727,437,119720,0.237398,0.35,1,173910,173473,437
33998321,22.8693,21.5545,440,119720,0.28748,0.31,1,173930,173490,440
34001241,13.3739,17.1109,435,119720,0.185496,0.36,1,173941,173506,435
34004161,5.87477,6.62218,435,119720,0.197099,0.23,1,173945,173510,435
34007081,9.17495,8.52444,436,119720,0.24742,0.28,1,173955,173519,436
34010001,9.03499,3.30489,443,119720,0.201484,0.31,1,173964,173521,443
34012921,3.407,6.26098,438,119720,0.192297,0.43,1,173966,173528,438
34015841,2.2814,3.6522,437,119720,0.158459,0.43,1,173968,173531,437
34018761,2.05628,2.33044,437,119720,0.127692,0.33,1,173970,173533,437
34021681,8.41126,4.46609,442,119720,0.289538,0.29,1,173980,173538,442
34024601,16.8823,18.4932,439,119720,0.273908,0.25,1,173999,173560,439
34027521,8.17645,5.29864,443,119720,0.278782,0.32,1,174005,173562,443
34030441,3.23529,7.45973,437,119720,0.247756,0.43,1,174007,173570,437
34033361,2.24706,3.09195,437,119720,0.217551,0.38,1,174009,173572,437
34036281,22.0494,18.2184,442,119720,0.16351,0.41,1,174036,173594,442
34039201,6.00988,5.24368,442,119720,0.264702,0.42,1,174038,173596,442
34042121,4.40198,5.84874,440,119720,0.26094,0.36,1,174042,173602,440
34045041,7.2804,10.7697,436,119720,0.316188,0.41,1,174050,173614,436
34047961,4.65608,3.75395,438,119720,0.303238,0.32,1,174054,173616,438
34050881,7.33122,8.75079,436,119720,0.308648,0.4,1,174062,173626,436
34053801,13.4662,13.7502,436,119720,0.19773,0.37,1,174077,173641,436
34056721,4.29325,4.35003,436,119720,0.191546,0.27,1,174079,173643,436
34059641,20.8586,20.07,437,119720,0.198309,0.27,1,174104,173667,437
34062561,5.77173,5.614,437,119720,0.255662,0.23,1,174106,173669,437
34065481,2.75435,2.7228,437,119720,0.235132,0.27,1,174108,173671,437
34068401,6.95087,3.74456,441,119720,0.311026,0.35,1,174116,173675,441
34071321,12.5902,15.1489,437,119720,0.310205,0.31,1,174130,173693,437
34074241,6.51803,11.0298,432,119720,0.302041,0.32,1,174135,173703,432
34077161,8.50361,5.40596,437,119720,0.276408,0.28,1,174144,173707,437
34080081,4.90072,2.68119,439,119720,0.247282,0.35,1,174148,173709,439
34083001,2.58014,7.73624,432,119720,0.305456,0.13,1,174150,173718,432
34085921,31.716,30.3472,435,119720,0.237091,0.25,1,174189,173754,435
34088841,7.94321,9.26945,433,119720,0.343418,0.29,1,174191,173758,433
34091761,11.9886,8.25389,438,119720,0.300684,0.25,1,174204,173766,438
34094681,17.5977,20.8508,433,119720,0.308137,0.21,1,174223,173790,433
34097601,15.5195,14.5702,435,119720,0.285627,0.28,1,174238,173803,435
34100521,27.9039,25.314,438,119720,0.241125,0.25,1,174269,173831,438
34103441,7.18078,6.66281,438,119720,0.200225,0.18,1,174271,173833,438
34106361,15.8362,21.3326,431,119720,0.296045,0.17,1,174289,173858,431
34109281,11.1672,10.6665,433,119720,0.291209,0.14,1,174299,173866,433
34112201,7.03345,3.7333,437,119720,0.298242,0.26,1,174305,173868,437
34115121,33.4067,34.3467,435,119720,0.283648,0.3,1,174345,173910,435
34118041,17.0813,22.8693,428,119720,0.28073,0.16,1,174358,173930,428
34120961,17.8163,13.3739,435,119720,0.264146,0.2,1,174376,173941,435
34123881,8.36325,5.87477,437,119720,0.332829,0.26,1,174382,173945,437
34126801,4.87265,9.17495,431,119720,0.282566,0.19,1,174386,173955,431
34129721,8.17453,9.03499,431,119720,0.312513,0.19,1,174395,173964,431
34132641,3.23491,3.407,431,119720,0.318503,0.15,1,174397,173966,431
34135561,3.84698,2.2814,433,119720,0.255701,0.12,1,174401,173968,433
34138001,6.3694,2.05628,438,119720,0.31514,0.33,1,174408,173970,438
34140921,2.87388,8.41126,430,119720,0.351028,0.27,1,174410,173980,430
34143841,18.1748,16.8823,433,119720,0.334206,0.28,1,174432,173999,433
34146761,8.43496,8.17645,433,119720,0.314841,0.24,1,174438,174005,433
34149681,4.88699,3.23529,435,119720,0.262968,0.21,1,174442,174007,435
34152561,5.7774,2.24706,439,119720,0.236594,0.15,1,174448,174009,439
34155481,19.5555,22.0494,435,119720,0.263319,0.29,1,174471,174036,435
34158401,8.7111,6.00988,439,119720,0.212664,0.26,1,174477,174038,439
34161321,3.34222,4.40198,437,119720,0.322533,0.33,1,174479,174042,437
34164241,5.46844,7.2804,435,119720,0.344507,0.3,1,174485,174050,435
34167161,4.29369,4.65608,435,119720,0.364901,0.31,1,174489,174054,435
34170081,5.65874,7.33122,433,119720,0.32898,0.17,1,174495,174062,433
34173001,14.7317,13.4662,435,119720,0.313796,0.19,1,174512,174077,435
34175921,4.54635,4.29325,435,119720,0.310759,0.2,1,174514,174079,435
34178841,21.7093,20.8586,436,119720,0.310152,0.27,1,174540,174104,436
34181761,9.14185,5.77173,440,119720,0.30203,0.23,1,174546,174106,440
34184681,3.42837,2.75435,440,119720,0.300406,0.33,1,174548,174108,440
34187601,7.08567,6.95087,440,119720,0.284081,0.31,1,174556,174116,440
34190521,11.0171,12.5902,438,119720,0.288816,0.3,1,174568,174130,438
34193441,3.80343,6.51803,435,119720,0.289763,0.27,1,174570,174135,435
34196361,7.16069,8.50361,434,119720,0.297953,0.24,1,174578,174144,434
34199281,3.03214,4.90072,432,119720,0.355591,0.32,1,174580,174148,432
34202201,5.40643,2.58014,436,119720,0.303118,0.22,1,174586,174150,436
34205121,30.6813,31.716,434,119720,0.260624,0.37,1,174623,174189,434
34208041,7.73626,7.94321,434,119720,0.228125,0.29,1,174625,174191,434
34210961,11.9473,11.9886,434,119720,0.381625,0.31,1,174638,174204,434
34213881,21.5895,17.5977,439,119720,0.308325,0.28,1,174662,174223,439
34216801,17.1179,15.5195,440,119720,0.333665,0.23,1,174678,174238,440
34219721,27.4236,27.9039,439,119720,0.378733,0.19,1,174708,174269,439
34222641,7.08472,7.18078,439,119720,0.395747,0.32,1,174710,174271,439
34225561,14.2169,15.8362,437,119720,0.407149,0.29,1,174726,174289,437
34228481,8.44339,11.1672,434,119720,0.38543,0.3,1,174733,174299,434
34231401,4.88868,7.03345,432,119720,0.437086,0.28,1,174737,174305,432
34234321,37.7777,33.4067,438,119720,0.447417,0.28,1,174783,174345,438
34237241,14.7555,17.0813,434,119720,0.305483,0.26,1,174792,174358,434
34240161,19.7511,17.8163,437,119720,0.341097,0.35,1,174813,174376,437
34243081,8.75022,8.36325,437,119720,0.340219,0.27,1,174819,174382,437
34246001,4.95004,4.87265,437,119720,0.276044,0.32,1,174823,174386,437
34248921,8.19001,8.17453,437,119720,0.375209,0.32,1,174832,174395,437
34251841,3.238,3.23491,437,119720,0.403042,0.24,1,174834,174397,437
34254761,5.4476,3.84698,439,119720,0.328608,0.33,1,174840,174401,439
34257601,2.68952,6.3694,434,119720,0.281722,0.37,1,174842,174408,434
34260521,2.1379,4.47388,432,119720,0.272344,0.33,1,174844,174412,432
34263441,19.6276,16.8948,436,119720,0.174469,0.31,1,174868,174432,436
34266361,8.72552,8.17896,436,119720,0.266894,0.25,1,174874,174438,436
34269281,4.9451,4.83579,436,119720,0.277379,0.23,1,174878,174442,436
34272201,6.58902,5.76716,437,119720,0.279476,0.27,1,174885,174448,437
34275121,20.5178,19.5534,438,119720,0.343895,0.2,1,174909,174471,438
34278041,8.90356,8.71069,438,119720,0.340779,0.35,1,174915,174477,438
34280961,4.98071,3.34214,440,119720,0.284156,0.35,1,174919,174479,440
34283881,4.19614,5.46843,438,119720,0.360831,0.37,1,174923,174485,438
34286801,6.43923,4.29369,441,119720,0.448166,0.32,1,174930,174489,441
34289721,4.48785,5.65874,439,119720,0.457633,0.31,1,174934,174495,439
34292641,13.6976,14.7317,438,119720,0.379527,0.31,1,174950,174512,438
34295561,4.33951,4.54635,438,119720,0.363905,0.31,1,174952,174514,438
34298481,20.8679,21.7093,437,119720,0.336781,0.3,1,174977,174540,437
34301401,8.97358,9.14185,437,119720,0.355356,0.3,1,174983,174546,437
34304321,6.59472,3.42837,441,119720,0.399071,0.28,1,174989,174548,441
34307241,4.51894,7.08567,437,119720,0.343814,0.29,1,174993,174556,437
34310161,12.1038,11.0171,439,119720,0.404763,0.29,1,175007,174568,439
34313081,5.62076,3.80343,441,119720,0.376953,0.3,1,175011,174570,441
34316001,4.32415,7.16069,437,119720,0.395391,0.37,1,175015,174578,437
34318921,4.06483,3.03214,439,119720,0.399078,0.29,1,175019,174580,439
34321841,4.01297,5.40643,437,119720,0.367816,0.25,1,175023,174586,437
34324761,29.6026,30.6813,436,119720,0.313563,0.22,1,175059,174623,436
34327681,7.52052,7.73626,436,119720,0.278713,0.42,1,175061,174625,436
34330601,16.7041,11.9473,442,119720,0.375743,0.29,1,175080,174638,442
34333521,22.5408,21.5895,442,119720,0.403149,0.34,1,175104,174662,442
34336441,17.3082,17.1179,442,119720,0.36063,0.39,1,175120,174678,442
34339361,22.6616,27.4236,436,119720,0.344126,0.4,1,175144,174708,436
34342281,10.9323,7.08472,442,119720,0.372825,0.41,1,175152,174710,442
34345201,16.5865,14.2169,444,119720,0.314565,0.38,1,175170,174726,444
34348121,6.51729,8.44339,441,119720,0.318913,0.45,1,175174,174733,441
34351041,6.10346,4.88868,443,119720,0.343783,0.45,1,175180,174737,443
34353961,30.0207,37.7777,433,119720,0.404757,0.27,1,175216,174783,433
34356881,18.8041,14.7555,440,119720,0.376951,0.35,1,175232,174792,440
34359801,16.5608,19.7511,435,119720,0.38739,0.34,1,175248,174813,435
34362721,13.7122,8.75022,442,119720,0.341478,0.26,1,175261,174819,442
34365641,4.34243,4.95004,440,119720,0.300296,0.4,1,175263,174823,440
34368561,4.06849,8.19001,435,119720,0.348059,0.41,1,175267,174832,435
34371481,4.0137,3.238,437,119720,0.405612,0.31,1,175271,174834,437
34374401,9.60274,5.4476,442,119720,0.425122,0.27,1,175282,174840,442
34376161,2.72055,2.68952,441,119720,0.413024,0.27,1,175283,174842,441
34379081,2.14411,2.1379,441,119720,0.378605,0.15,1,175285,174844,441
34382001,15.6288,19.6276,436,119720,0.315721,0.29,1,175304,174868,436
34384921,7.92576,8.72552,436,119720,0.239144,0.28,1,175310,174874,436
34387841,6.38515,4.9451,438,119720,0.335829,0.28,1,175316,174878,438
34390761,7.67703,6.58902,439,119720,0.379166,0.36,1,175324,174885,439
34393681,17.5354,20.5178,435,119720,0.299833,0.34,1,175344,174909,435
34396601,13.9071,8.90356,442,119720,0.371967,0.27,1,175357,174915,442
34399521,5.98142,4.98071,442,119720,0.322393,0.38,1,175361,174919,442
34402441,5.19628,4.19614,443,119720,0.360479,0.47,1,175366,174923,443
34405361,4.23926,6.43923,440,119720,0.344096,0.46,1,175370,174930,440
34408281,5.64785,4.48785,442,119720,0.372819,0.36,1,175376,174934,442
34411201,9.12957,13.6976,436,119720,0.338564,0.36,1,175386,174950,436
34414121,3.42591,4.33951,436,119720,0.387713,0.33,1,175388,174952,436
34417041,26.2852,20.8679,443,119720,0.397543,0.36,1,175420,174977,443
34419961,6.85704,8.97358,439,119720,0.367509,0.41,1,175422,174983,439
34422881,6.17141,6.59472,439,119720,0.329502,0.33,1,175428,174989,439
34425801,6.03428,4.51894,441,119720,0.3299,0.42,1,175434,174993,441
34428721,12.4069,12.1038,441,119720,0.35398,0.37,1,175448,175007,441
34431641,5.68137,5.62076,441,119720,0.414796,0.4,1,175452,175011,441
34434561,2.73627,4.32415,439,119720,0.394959,0.4,1,175454,175015,439
34437481,5.34725,4.06483,441,119720,0.414992,0.4,1,175460,175019,441
34438981,2.66945,0.812966,443,119720,0.386998,0.36,1,175462,175019,443
34441901,28.5339,3.36259,474,119720,0.3574,0.3,1,175497,175023,474
34444821,7.30678,29.4725,440,119720,0.32748,0.27,1,175499,175059,440
34447741,15.8614,7.4945,456,119720,0.297496,0.4,1,175517,175061,456
34450661,25.5723,16.6989,465,119720,0.275499,0.41,1,175545,175080,465
34453581,14.7145,22.5398,453,119720,0.2951,0.35,1,175557,175104,453
34456501,23.7429,17.308,463,119720,0.24302,0.34,1,175583,175120,463
34459421,8.74858,22.6616,444,119720,0.312604,0.38,1,175588,175144,444
34462341,18.5497,10.9323,457,119720,0.238521,0.3,1,175609,175152,457
34465261,5.30994,16.5865,441,119720,0.319704,0.32,1,175611,175170,441
34468181,5.86199,6.51729,443,119720,0.247941,0.35,1,175617,175174,443
34471101,26.7724,6.10346,469,119720,0.353588,0.42,1,175649,175180,469
34474021,21.3545,30.0207,453,119720,0.318718,0.37,1,175669,175216,453
34476941,18.6709,18.8041,455,119720,0.287744,0.39,1,175687,175232,455
34479861,15.7342,16.5608,454,119720,0.297549,0.33,1,175702,175248,454
34482781,4.74684,13.7122,443,119720,0.26751,0.29,1,175704,175261,443
34485701,3.34937,4.34243,444,119720,0.341502,0.36,1,175707,175263,444
34488621,3.86987,4.06849,444,119720,0.2763,0.42,1,175711,175267,444
34491541,3.17397,4.0137,443,119720,0.27126,0.43,1,175714,175271,443
34494461,3.0348,9.60274,435,119720,0.366252,0.37,1,175717,175282,435
34497381,10.207,4.32055,444,119720,0.35325,0.3,1,175729,175285,444
34500301,14.0414,16.0641,440,119720,0.36665,0.22,1,175744,175304,440
34503221,7.60828,8.01282,440,119720,0.32133,0.36,1,175750,175310,440
34506141,6.32166,6.40256,440,119720,0.368266,0.39,1,175756,175316,440
34509061,2.86433,7.68051,434,119720,0.345653,0.28,1,175758,175324,434
34511981,22.1729,17.5361,441,119720,0.357131,0.39,1,175785,175344,441
34514901,13.2346,13.9072,439,119720,0.407426,0.31,1,175796,175357,439
34517821,4.24691,5.98144,437,119720,0.417485,0.37,1,175798,175361,437
34520741,8.04938,5.19629,441,119720,0.323497,0.34,1,175807,175366,441
34523661,3.20988,4.23926,439,119720,0.312699,0.38,1,175809,175370,439
34526581,7.04198,5.64785,441,119720,0.35054,0.33,1,175817,175376,441
34529501,7.8084,9.12957,439,119720,0.382108,0.4,1,175825,175386,439
34532421,6.36168,3.42591,443,119720,0.324422,0.4,1,175831,175388,443
34535341,23.6723,26.2852,439,119720,0.304884,0.36,1,175859,175420,439
34538261,6.33447,6.85704,439,119720,0.364977,0.32,1,175861,175422,439
34541181,7.66689,6.17141,441,119720,0.272995,0.33,1,175869,175428,441
34544101,6.33338,6.03428,441,119720,0.342599,0.36,1,175875,175434,441
34547021,10.8667,12.4069,439,119720,0.36452,0.43,1,175887,175448,439
34549941,8.57334,5.68137,443,119720,0.344904,0.39,1,175895,175452,443
34552861,3.31467,2.73627,443,119720,0.396981,0.42,1,175897,175454,443
34555781,5.46293,5.34725,443,119720,0.343396,0.38,1,175903,175460,443
34558701,2.69259,2.66945,443,119720,0.308679,0.35,1,175905,175462,443
34561621,28.5385,28.5339,443,119720,0.349736,0.32,1,175940,175497,443
34564541,7.3077,7.30678,443,119720,0.333947,0.29,1,175942,175499,443
34567461,13.4615,15.8614,440,119720,0.330789,0.27,1,175957,175517,440
34570381,22.6923,25.5723,437,119720,0.306158,0.3,1,175982,175545,437
34573301,14.1385,14.7145,437,119720,0.349232,0.23,1,175994,175557,437
34576221,22.8277,23.7429,436,119720,0.381846,0.33,1,176019,175583,436
34579141,10.9655,8.74858,439,119720,0.292369,0.22,1,176027,175588,439
34582061,16.5931,18.5497,436,119720,0.226474,0.34,1,176045,175609,436
34584981,4.91862,5.30994,436,119720,0.181295,0.23,1,176047,175611,436
34587901,7.38372,5.86199,438,119720,0.284259,0.38,1,176055,175617,438
34590821,27.0767,26.7724,438,119720,0.240852,0.31,1,176087,175649,438
34593741,14.2153,21.3545,429,119720,0.33617,0.28,1,176098,175669,429
34596661,23.6431,18.6709,437,119720,0.203234,0.3,1,176124,175687,437
34599581,15.9286,15.7342,436,119720,0.312647,0.26,1,176138,175702,436
34602501,6.38572,4.74684,438,119720,0.326529,0.36,1,176142,175704,438
34605421,6.87714,3.34937,442,119720,0.305306,0.26,1,176149,175707,442
34608341,4.57543,3.86987,442,119720,0.325061,0.27,1,176153,175711,442
34611261,2.51509,3.17397,441,119720,0.369012,0.39,1,176155,175714,441
34614181,2.10302,3.0348,440,119720,0.353802,0.35,1,176157,175717,440
34617101,10.8206,10.207,441,119720,0.342761,0.37,1,176170,175729,441
34620021,8.56412,14.0414,434,119720,0.316552,0.31,1,176178,175744,434
34622941,12.1128,7.60828,441,119720,0.33531,0.38,1,176191,175750,441
34625861,7.22256,6.32166,441,119720,0.363062,0.34,1,176197,175756,441
34628781,4.64451,2.86433,443,119720,0.312612,0.36,1,176201,175758,443
34631701,21.7289,22.1729,442,119720,0.350522,0.42,1,176227,175785,442
34634621,9.14578,13.2346,437,119720,0.326105,0.42,1,176233,175796,437
34637541,3.42916,4.24691,437,119720,0.321221,0.3,1,176235,175798,437
34640461,11.0858,8.04938,441,119720,0.336244,0.31,1,176248,175807,441
34643381,3.81717,3.20988,441,119720,0.315249,0.36,1,176250,175809,441
34646301,5.56343,7.04198,439,119720,0.34305,0.39,1,176256,175817,439
34649221,10.7127,7.8084,443,119720,0.34861,0.31,1,176268,175825,443
34652141,5.34254,6.36168,441,119720,0.317722,0.3,1,176272,175831,441
34655061,18.6685,23.6723,435,119720,0.359544,0.38,1,176294,175859,435
34657981,6.9337,6.33447,437,119720,0.303909,0.25,1,176298,175861,437
34660901,7.78674,7.66689,437,119720,0.364782,0.36,1,176306,175869,437
34663821,8.75735,6.33338,440,119720,0.264956,0.37,1,176315,175875,440
34666741,14.5515,10.8667,444,119720,0.260991,0.34,1,176331,175887,444
34669661,6.11029,8.57334,440,119720,0.236198,0.41,1,176335,175895,440
34672581,5.22206,3.31467,443,119720,0.27924,0.33,1,176340,175897,443
34675501,2.64441,5.46293,439,119720,0.375848,0.3,1,176342,175903,439
34678421,2.12888,2.69259,439,119720,0.36317,0.36,1,176344,175905,439
34681341,26.8258,28.5385,437,119720,0.296634,0.33,1,176377,175940,437
34684261,10.1652,7.3077,441,119720,0.331327,0.33,1,176383,175942,441
34687181,12.433,13.4615,439,119720,0.322265,0.3,1,176396,175957,439
34690101,17.6866,22.6923,433,119720,0.368453,0.36,1,176415,175982,433
34693021,13.9373,14.1385,434,119720,0.345691,0.39,1,176428,175994,434
34695941,25.1875,22.8277,437,119720,0.397138,0.27,1,176456,176019,437
34698861,9.83749,10.9655,435,119720,0.351428,0.21,1,176462,176027,435
34701781,18.7675,16.5931,438,119720,0.302286,0.17,1,176483,176045,438
34704701,5.3535,4.91862,438,119720,0.316457,0.31,1,176485,176047,438
34707621,7.4707,7.38372,438,119720,0.391291,0.23,1,176493,176055,438
34710541,27.8941,27.0767,439,119720,0.374258,0.36,1,176526,176087,439
34713461,15.1788,14.2153,440,119720,0.434852,0.17,1,176538,176098,440
34716381,19.8358,23.6431,435,119720,0.43897,0.34,1,176559,176124,435
34719301,16.7672,15.9286,437,119720,0.351794,0.33,1,176575,176138,437
34722221,8.15343,6.38572,439,119720,0.366359,0.3,1,176581,176142,439
34725141,6.43069,6.87714,438,119720,0.385272,0.33,1,176587,176149,438
34728061,6.08614,4.57543,440,119720,0.389054,0.38,1,176593,176153,440
34730981,2.81723,2.51509,440,119720,0.381811,0.35,1,176595,176155,440
34732881,1.36345,2.10302,439,119720,0.364362,0.34,1,176596,176157,439
34735801,8.27269,10.8206,436,119720,0.440872,0.31,1,176606,176170,436
34738721,12.0545,8.56412,441,119720,0.352174,0.34,1,176619,176178,441
34741641,10.4109,12.1128,438,119720,0.350435,0.37,1,176629,176191,438
34744561,10.0822,7.22256,442,119720,0.382087,0.3,1,176639,176197,442
34747481,3.61644,4.64451,440,119720,0.428417,0.36,1,176641,176201,440
34750401,19.1233,21.7289,437,119720,0.341683,0.32,1,176664,176227,437
34753321,11.0247,9.14578,440,119720,0.356337,0.32,1,176673,176233,440
34756241,5.40493,3.42916,442,119720,0.359267,0.34,1,176677,176235,442
34759161,9.88099,11.0858,440,119720,0.327853,0.31,1,176688,176248,440
34762081,3.5762,3.81717,440,119720,0.289571,0.35,1,176690,176250,440
34765001,3.91524,5.56343,438,119720,0.297914,0.35,1,176694,176256,438
34767921,7.18305,10.7127,434,119720,0.411583,0.31,1,176702,176268,434
34770841,8.63661,5.34254,439,119720,0.426317,0.37,1,176711,176272,439
34773761,20.9273,18.6685,441,119720,0.349263,0.29,1,176735,176294,441
34776681,5.78546,6.9337,439,119720,0.333853,0.38,1,176737,176298,439
34779601,5.95709,7.78674,437,119720,0.370771,0.24,1,176743,176306,437
34782521,9.19142,8.75735,438,119720,0.418154,0.26,1,176753,176315,438
34785441,17.8383,14.5515,442,119720,0.419631,0.23,1,176773,176331,442
34788361,5.16766,6.11029,440,119720,0.387926,0.29,1,176775,176335,440
34791281,4.23353,5.22206,439,119720,0.325585,0.4,1,176779,176340,439
34794201,4.04671,2.64441,441,119720,0.257117,0.36,1,176783,176342,441
34797121,2.40934,2.12888,441,119720,0.235423,0.28,1,176785,176344,441
34800041,26.0819,26.8258,440,119720,0.263085,0.34,1,176817,176377,440
34802961,10.0164,10.1652,440,119720,0.332617,0.32,1,176823,176383,440
34805881,14.0033,12.433,442,119720,0.370523,0.38,1,176838,176396,442
34808801,14.0007,17.6866,437,119720,0.370105,0.34,1,176852,176415,437
34811721,12.4001,13.9373,436,119720,0.298021,0.41,1,176864,176428,436
34814641,28.88,25.1875,441,119720,0.235604,0.34,1,176897,176456,441
34817561,7.376,9.83749,437,119720,0.199121,0.29,1,176899,176462,437
34820481,23.8752,18.7675,444,119720,0.215824,0.32,1,176927,176483,444
34823401,6.37504,5.3535,444,119720,0.211165,0.41,1,176929,176485,444
34826321,7.67501,7.4707,444,119720,0.234233,0.37,1,176937,176493,444
34829241,27.935,27.8941,444,119720,0.270847,0.45,1,176970,176526,444
34832161,11.987,15.1788,440,119720,0.230169,0.44,1,176978,176538,440
34835081,15.1974,19.8358,435,119720,0.270034,0.33,1,176994,176559,435
34838001,21.4395,16.7672,442,119720,0.206007,0.37,1,177017,176575,442
34840921,5.8879,8.15343,438,119720,0.281201,0.39,1,177019,176581,438
34843841,7.57758,6.43069,440,119720,0.20024,0.39,1,177027,176587,440
34846761,4.71552,6.08614,438,119720,0.240048,0.38,1,177031,176593,438
34849681,8.1431,2.81723,445,119720,0.20801,0.36,1,177040,176595,445
34852481,3.22862,1.36345,446,119720,0.257602,0.46,1,177042,176596,446
34855401,3.84572,8.27269,440,119720,0.20352,0.33,1,177046,176606,440
34858321,11.1691,12.0545,440,119720,0.272704,0.35,1,177059,176619,440
34861241,11.0338,10.4109,441,119720,0.198541,0.39,1,177070,176629,441
34864161,8.60677,10.0822,439,119720,0.271708,0.44,1,177078,176639,439
34867081,3.32135,3.61644,439,119720,0.262342,0.32,1,177080,176641,439
34870001,21.4643,19.1233,442,119720,0.300468,0.36,1,177106,176664,442
34872921,10.6929,11.0247,441,119720,0.204094,0.36,1,177114,176673,441
34875841,3.73857,5.40493,439,119720,0.264819,0.32,1,177116,176677,439
34878761,7.14771,9.88099,436,119720,0.252964,0.28,1,177124,176688,436
34881681,3.02954,3.5762,436,119720,0.250593,0.3,1,177126,176690,436
34884601,7.80591,3.91524,441,119720,0.250119,0.44,1,177135,176694,441
34887521,8.76118,7.18305,442,119720,0.250024,0.43,1,177144,176702,442
34890441,8.15224,8.63661,441,119720,0.194005,0.33,1,177152,176711,441
34893361,20.0304,20.9273,440,119720,0.302801,0.33,1,177175,176735,440
34896281,7.20609,5.78546,442,119720,0.26056,0.38,1,177179,176737,442
34899201,7.84122,5.95709,444,119720,0.164112,0.43,1,177187,176743,444
34902121,7.96824,9.19142,442,119720,0.200822,0.42,1,177195,176753,442
34905041,11.1936,17.8383,434,119720,0.304164,0.38,1,177207,176773,434
34907961,3.83873,5.16766,434,119720,0.292833,0.31,1,177209,176775,434
34910881,9.56775,4.23353,441,119720,0.338567,0.24,1,177220,176779,441
34912801,4.31355,4.04671,440,119720,0.315713,0.23,1,177223,176783,440
34915721,2.46271,2.40934,440,119720,0.279143,0.27,1,177225,176785,440
34918641,24.4925,26.0819,438,119720,0.255829,0.35,1,177255,176817,438
34921561,6.49851,10.0164,434,119720,0.219166,0.38,1,177257,176823,434
34924481,17.2997,14.0033,439,119720,0.267833,0.37,1,177277,176838,439
34927401,12.2599,14.0007,436,119720,0.309567,0.28,1,177288,176852,436
34930321,12.052,12.4001,436,119720,0.405913,0.22,1,177300,176864,436
34933241,28.0104,28.88,435,119720,0.473183,0.19,1,177332,176897,435
34936161,10.4021,7.376,439,119720,0.382637,0.22,1,177338,176899,439
34939081,21.2804,23.8752,435,119720,0.292527,0.21,1,177362,176927,435
34942001,5.85608,6.37504,435,119720,0.250505,0.24,1,177364,176929,435
34944921,9.17122,7.67501,437,119720,0.386101,0.28,1,177374,176937,437
34947841,23.4342,27.935,431,119720,0.38922,0.22,1,177401,176970,431
34950761,15.8868,11.987,437,119720,0.341844,0.28,1,177415,176978,437
34953681,13.5774,15.1974,434,119720,0.292369,0.19,1,177428,176994,434
34956601,18.7155,21.4395,431,119720,0.314474,0.3,1,177448,177017,431
34959521,6.94309,5.8879,433,119720,0.246895,0.18,1,177452,177019,433
34962441,7.78862,7.57758,433,119720,0.401379,0.25,1,177460,177027,433
34965361,4.75772,4.71552,433,119720,0.408276,0.2,1,177464,177031,433
34968281,4.15154,8.1431,428,119720,0.345655,0.27,1,177468,177040,428
34971201,4.03031,3.22862,430,119720,0.413131,0.19,1,177472,177042,430
34974121,8.80606,3.84572,436,119720,0.362626,0.29,1,177482,177046,436
34977041,8.16121,11.1691,431,119720,0.344525,0.18,1,177490,177059,431
34979961,12.8322,11.0338,434,119720,0.364905,0.29,1,177504,177070,434
34982881,9.76645,8.60677,435,119720,0.392981,0.26,1,177513,177078,435
34985801,5.15329,3.32135,437,119720,0.366596,0.31,1,177517,177080,437
34988721,21.8307,21.4643,437,119720,0.361319,0.18,1,177543,177106,437
34991641,9.96613,10.6929,436,119720,0.296264,0.28,1,177550,177114,436
34994561,3.59323,3.73857,436,119720,0.427253,0.25,1,177552,177116,436
34997481,5.51865,7.14771,434,119720,0.389451,0.25,1,177558,177124,434
35000401,2.70373,3.02954,434,119720,0.34989,0.25,1,177560,177126,434
35003321,8.54075,7.80591,435,119720,0.429978,0.25,1,177570,177135,435
35006241,6.50815,8.76118,432,119720,0.365996,0.18,1,177576,177144,432
35009161,6.90163,8.15224,431,119720,0.401199,0.33,1,177583,177152,431
35012081,18.1803,20.0304,429,119720,0.39224,0.25,1,177604,177175,429
35015001,10.0361,7.20609,433,119720,0.390448,0.14,1,177612,177179,433
35017921,8.40721,7.84122,433,119720,0.35009,0.21,1,177620,177187,433
35020841,13.6814,7.96824,440,119720,0.302018,0.33,1,177635,177195,440
35023761,10.7363,11.1936,438,119720,0.276404,0.29,1,177645,177207,438
35026681,5.34726,3.83873,440,119720,0.327281,0.35,1,177649,177209,440
35029601,5.86945,9.56775,435,119720,0.353456,0.31,1,177655,177220,435
35032521,2.77389,4.31355,434,119720,0.382691,0.27,1,177657,177223,434
35035441,2.15478,2.46271,434,119720,0.356538,0.25,1,177659,177225,434
35038361,25.231,24.4925,435,119720,0.223308,0.21,1,177690,177255,435
35041281,6.64619,6.49851,435,119720,0.164662,0.28,1,177692,177257,435
35044201,19.7292,17.2997,438,119720,0.312932,0.32,1,177715,177277,438
35047121,18.3458,12.2599,445,119720,0.302586,0.43,1,177733,177288,445
35050041,12.4692,12.052,444,119720,0.260517,0.49,1,177744,177300,444
35052961,27.2938,28.0104,443,119720,0.276103,0.36,1,177775,177332,443
35055881,7.05877,10.4021,439,119720,0.247221,0.27,1,177777,177338,439
35058801,23.8118,21.2804,443,119720,0.369444,0.24,1,177805,177362,443
35061721,6.36235,5.85608,443,119720,0.393889,0.42,1,177807,177364,443
35064641,7.67247,9.17122,441,119720,0.382778,0.39,1,177815,177374,441
35067561,23.1345,23.4342,441,119720,0.276556,0.33,1,177842,177401,441
35070481,12.6269,15.8868,437,119720,0.343311,0.28,1,177852,177415,437
35073401,15.3254,13.5774,440,119720,0.316662,0.32,1,177868,177428,440
35076321,19.0651,18.7155,440,119720,0.351332,0.23,1,177888,177448,440
35079241,8.61302,6.94309,442,119720,0.254267,0.44,1,177894,177452,442
35082161,6.5226,7.78862,440,119720,0.346853,0.41,1,177900,177460,440
35085081,6.10452,4.75772,442,119720,0.309371,0.33,1,177906,177464,442
35088001,4.4209,4.15154,442,119720,0.293874,0.43,1,177910,177468,442
35090921,2.48418,4.03031,440,119720,0.290775,0.35,1,177912,177472,440
35093841,8.49684,8.80606,440,119720,0.282155,0.34,1,177922,177482,440
35096761,9.69937,8.16121,442,119720,0.240431,0.37,1,177932,177490,442
35099681,13.1399,12.8322,442,119720,0.304086,0.4,1,177946,177504,442
35102601,10.628,9.76645,443,119720,0.188817,0.36,1,177956,177513,443
35105521,5.32559,5.15329,443,119720,0.141763,0.36,1,177960,177517,443
35108441,22.6651,21.8307,444,119720,0.220353,0.28,1,177987,177543,444
35111361,6.13302,9.96613,439,119720,0.276071,0.46,1,177989,177550,439
35114281,2.8266,3.59323,439,119720,0.263214,0.38,1,177991,177552,439
35117201,10.1653,5.51865,445,119720,0.292643,0.34,1,178003,177558,445
35119761,3.63306,2.70373,445,119720,0.274529,0.45,1,178005,177560,445
35122681,3.92661,8.54075,439,119720,0.230906,0.35,1,178009,177570,439
35125601,9.58532,6.50815,444,119720,0.294181,0.41,1,178020,177576,444
35128521,3.51706,6.90163,439,119720,0.282836,0.39,1,178022,177583,439
35131441,18.3034,18.1803,440,119720,0.232567,0.39,1,178044,177604,440
35134361,13.2607,10.0361,444,119720,0.286513,0.34,1,178056,177612,444
35137281,4.25214,8.40721,438,119720,0.265303,0.29,1,178058,177620,438
35140201,11.2504,13.6814,436,119720,0.261061,0.27,1,178071,177635,436
35143121,13.4501,10.7363,440,119720,0.132212,0.34,1,178085,177645,440
35146041,5.89002,5.34726,440,119720,0.242442,0.36,1,178089,177649,440
35148961,6.778,5.86945,441,119720,0.312488,0.39,1,178096,177655,441
35151881,2.9556,2.77389,441,119720,0.294498,0.35,1,178098,177657,441
35154801,2.19112,2.15478,441,119720,0.2909,0.19,1,178100,177659,441
35157721,20.4382,25.231,435,119720,0.17018,0.15,1,178125,177690,435
35160641,5.68764,6.64619,435,119720,0.226036,0.35,1,178127,177692,435
35163561,18.7375,19.7292,434,119720,0.125207,0.3,1,178149,177715,434
35166481,17.3475,18.3458,433,119720,0.169041,0.25,1,178166,177733,433
35169401,16.2695,12.4692,438,119720,0.233808,0.28,1,178182,177744,438
35172321,28.0539,27.2938,438,119720,0.198762,0.24,1,178213,177775,438
35175241,7.21078,7.05877,438,119720,0.159752,0.4,1,178215,177777,438
35178161,25.4422,23.8118,440,119720,0.14395,0.4,1,178245,177805,440
35181081,6.68843,6.36235,440,119720,0.13279,0.38,1,178247,177807,440
35184001,4.53769,7.67247,436,119720,0.194558,0.25,1,178251,177815,436
35186921,25.7075,23.1345,440,119720,0.190912,0.36,1,178282,177842,440
35189841,12.3415,12.6269,439,119720,0.134182,0.31,1,178291,177852,439
35192761,16.8683,15.3254,441,119720,0.170836,0.36,1,178309,177868,441
35195681,19.3737,19.0651,441,119720,0.226167,0.23,1,178329,177888,441
35198601,5.47473,8.61302,437,119720,0.197233,0.37,1,178331,177894,437
35201521,5.89495,6.5226,437,119720,0.0874467,0.3,1,178337,177900,437
35204441,7.57899,6.10452,439,119720,0.193489,0.29,1,178345,177906,439
35207361,3.1158,4.4209,437,119720,0.206698,0.29,1,178347,177910,437
35210281,2.22316,2.48418,437,119720,0.20934,0.28,1,178349,177912,437
35213201,6.04463,8.49684,434,119720,0.201868,0.23,1,178356,177922,434
35216121,10.8089,9.69937,436,119720,0.232374,0.32,1,178368,177932,436
35219041,8.56179,13.1399,430,119720,0.142475,0.16,1,178376,177946,430
35221961,16.9124,10.628,439,119720,0.132495,0.13,1,178395,177956,439
35224881,4.98247,5.32559,437,119720,0.098499,0.24,1,178397,177960,437
35227801,22.5965,22.6651,437,119720,0.2117,0.29,1,178424,177987,437
35230721,6.1193,6.13302,437,119720,0.20234,0.26,1,178426,177989,437
35233641,2.82386,2.8266,437,119720,0.168468,0.3,1,178428,177991,437
35236561,8.56477,10.1653,435,119720,0.289694,0.27,1,178438,178003,435
35239481,4.91295,3.63306,437,119720,0.281939,0.22,1,178442,178005,437
35242401,4.98259,3.92661,438,119720,0.264388,0.31,1,178447,178009,438
35245321,7.39652,9.58532,435,119720,0.252878,0.28,1,178455,178020,435
35248241,6.2793,3.51706,439,119720,0.250576,0.22,1,178461,178022,439
35251161,16.4559,18.3034,436,119720,0.274115,0.3,1,178480,178044,436
35254081,10.4912,13.2607,433,119720,0.302823,0.26,1,178489,178056,433
35257001,3.69823,4.25214,433,119720,0.308565,0.26,1,178491,178058,433
35259921,7.13965,11.2504,428,119720,0.173713,0.1,1,178499,178071,428
35262841,19.8279,13.4501,437,119720,0.170743,0.27,1,178522,178085,437
35265761,5.56559,5.89002,435,119720,0.290149,0.33,1,178524,178089,435
35268681,5.11312,6.778,433,119720,0.30603,0.29,1,178529,178096,433
35271601,2.62262,2.9556,433,119720,0.277206,0.29,1,178531,178098,433
35274521,5.32452,2.19112,437,119720,0.247441,0.14,1,178537,178100,437
35277441,13.0649,20.4382,427,119720,0.329488,0.24,1,178552,178125,427
35280361,5.81298,5.68764,429,119720,0.297898,0.1,1,178556,178127,429
35283281,17.9626,18.7375,428,119720,0.35558,0.18,1,178577,178149,428
35286201,12.3925,17.3475,422,119720,0.231116,0.25,1,178588,178166,422
35289121,24.8785,16.2695,434,119720,0.278223,0.19,1,178616,178182,434
35292041,23.3757,28.0539,426,119720,0.255645,0.15,1,178639,178213,426
35294961,12.6751,7.21078,434,119720,0.187129,0.14,1,178649,178215,434
35297881,23.335,25.4422,430,119720,0.285426,0.13,1,178675,178245,430
35300801,9.46701,6.68843,434,119720,0.329085,0.21,1,178681,178247,434
35303721,3.4934,4.53769,432,119720,0.305817,0.19,1,178683,178251,432
35306641,21.4987,25.7075,427,119720,0.325163,0.12,1,178709,178282,427
35309561,13.0997,12.3415,429,119720,0.345033,0.18,1,178720,178291,429
35312481,17.8199,16.8683,430,119720,0.317007,0.24,1,178739,178309,430
35315401,17.164,19.3737,427,119720,0.295401,0.19,1,178756,178329,427
35318321,11.4328,5.47473,435,119720,0.29908,0.06,1,178766,178331,435
35321241,5.48656,5.89495,433,119720,0.275816,0.22,1,178770,178337,433
35324161,5.89731,7.57899,431,119720,0.303163,0.21,1,178776,178345,431
35327081,4.37946,3.1158,433,119720,0.268633,0.21,1,178780,178347,433
35330001,4.07589,2.22316,435,119720,0.317727,0.2,1,178784,178349,435
35332921,5.61518,6.04463,434,119720,0.263545,0.24,1,178790,178356,434
35335841,9.92304,10.8089,433,119720,0.220709,0.12,1,178801,178368,433
35338761,9.18461,8.56179,434,119720,0.236142,0.13,1,178810,178376,434
35341681,13.8369,16.9124,430,119720,0.183228,0.09,1,178825,178395,430
35344601,9.96738,4.98247,437,119720,0.156646,0.24,1,178834,178397,437
35347521,19.5935,22.5965,432,119720,0.239329,0.2,1,178856,178424,432
35350441,5.5187,6.1193,432,119720,0.255866,0.16,1,178858,178426,432
35353361,7.50374,2.82386,438,119720,0.163173,0.32,1,178866,178428,438
35356281,9.50075,8.56477,438,119720,0.224635,0.28,1,178876,178438,438
35359201,3.50015,4.91295,436,119720,0.236927,0.26,1,178878,178442,436
35362121,2.30003,4.98259,433,119720,0.231385,0.25,1,178880,178447,433
35365041,6.86001,7.39652,433,119720,0.230277,0.25,1,178888,178455,433
35367961,7.772,6.2793,435,119720,0.286055,0.28,1,178896,178461,435
35370881,16.7544,16.4559,435,119720,0.273211,0.31,1,178915,178480,435
35373801,4.95088,10.4912,428,119720,0.238642,0.31,1,178917,178489,428
35376721,9.79018,3.69823,437,119720,0.303728,0.14,1,178928,178491,437
35379641,5.15804,7.13965,433,119720,0.252746,0.17,1,178932,178499,433
35382561,21.0316,19.8279,435,119720,0.242549,0.32,1,178957,178522,435
35385481,5.80632,5.56559,435,119720,0.20851,0.31,1,178959,178524,435
35388401,7.56126,5.11312,438,119720,0.257702,0.27,1,178967,178529,438
35390161,2.31225,2.62262,437,119720,0.28354,0.24,1,178968,178531,437
35393081,2.06245,5.32452,433,119720,0.288708,0.35,1,178970,178537,433
35396001,15.6125,13.0649,437,119720,0.241742,0.29,1,178989,178552,437
35398921,4.7225,5.81298,435,119720,0.240348,0.37,1,178991,178556,435
35401841,13.7445,17.9626,430,119720,0.26407,0.2,1,179007,178577,430
35404761,17.1489,12.3925,437,119720,0.292814,0.29,1,179025,178588,437
35407681,22.6298,24.8785,433,119720,0.290563,0.25,1,179049,178616,433
35410601,21.326,23.3757,431,119720,0.290113,0.17,1,179070,178639,431
35413521,11.4652,12.6751,430,119720,0.306023,0.31,1,179079,178649,430
35416441,28.693,23.335,437,119720,0.301205,0.34,1,179112,178675,437
35419361,7.33861,9.46701,433,119720,0.268241,0.3,1,179114,178681,433
35422281,3.06772,3.4934,433,119720,0.229648,0.33,1,179116,178683,433
35425201,27.0135,21.4987,440,119720,0.19793,0.35,1,179149,178709,440
35428121,10.2027,13.0997,435,119720,0.263586,0.31,1,179155,178720,435
35431041,18.8405,17.8199,437,119720,0.236717,0.29,1,179176,178739,437
35433961,17.3681,17.164,437,119720,0.191343,0.3,1,179193,178756,437
35436881,11.4736,11.4328,437,119720,0.182269,0.27,1,179203,178766,437
35439801,5.49472,5.48656,437,119720,0.236454,0.31,1,179207,178770,437
35442721,5.89894,5.89731,437,119720,0.279291,0.26,1,179213,178776,437
35445641,2.77979,4.37946,435,119720,0.287858,0.33,1,179215,178780,435
35448561,3.75596,4.07589,435,119720,0.257572,0.25,1,179219,178784,435
35451481,3.15119,5.61518,432,119720,0.283514,0.21,1,179222,178790,432
35454401,12.6302,9.92304,436,119720,0.288703,0.24,1,179237,178801,436
35457321,7.32605,9.18461,433,119720,0.217741,0.17,1,179243,178810,433
35460241,9.46521,13.8369,428,119720,0.131548,0.15,1,179253,178825,428
35463161,10.693,9.96738,430,119720,0.16231,0.26,1,179264,178834,430
35466081,18.9386,19.5935,429,119720,0.208462,0.26,1,179285,178856,429
35469001,8.58772,5.5187,433,119720,0.297692,0.14,1,179291,178858,433
35471921,8.11754,7.50374,433,119720,0.243538,0.24,1,179299,178866,433
35474841,10.4235,9.50075,434,119720,0.232708,0.24,1,179310,178876,434
35477761,3.6847,3.50015,434,119720,0.230542,0.23,1,179312,178878,434
35480681,2.33694,2.30003,434,119720,0.198108,0.23,1,179314,178880,434
35483601,9.26739,6.86001,437,119720,0.279622,0.3,1,179325,178888,437
35486521,6.65348,7.772,435,119720,0.303924,0.27,1,179331,178896,435
35489441,18.1307,16.7544,437,119720,0.260785,0.23,1,179352,178915,437
35492361,5.22614,4.95088,437,119720,0.276157,0.32,1,179354,178917,437
35495281,8.24523,9.79018,435,119720,0.175231,0.24,1,179363,178928,435
35498201,4.84905,5.15804,435,119720,0.251046,0.24,1,179367,178932,435
35501121,20.9698,21.0316,435,119720,0.210209,0.2,1,179392,178957,435
35504041,5.79396,5.80632,435,119720,0.170042,0.27,1,179394,178959,435
35506961,4.35879,7.56126,431,119720,0.154008,0.29,1,179398,178967,431
35509761,2.47176,2.31225,432,119720,0.174802,0.29,1,179400,178968,432
35512681,3.69435,2.06245,434,119720,0.18696,0.23,1,179404,178970,434
35515601,11.9389,15.6125,429,119720,0.309392,0.24,1,179418,178989,429
35518521,5.58777,4.7225,431,119720,0.285878,0.27,1,179422,178991,431
35521441,18.7176,13.7445,437,119720,0.377176,0.3,1,179444,179007,437
35524361,13.3435,17.1489,431,119720,0.371435,0.29,1,179456,179025,431
35527281,24.2687,22.6298,434,119720,0.298287,0.29,1,179483,179049,434
35530201,23.2537,21.326,436,119720,0.235657,0.31,1,179506,179070,436
35533121,6.25075,11.4652,429,119720,0.311131,0.3,1,179508,179079,429
35536041,27.6501,28.693,429,119720,0.326226,0.26,1,179541,179112,429
35538961,7.13003,7.33861,429,119720,0.297245,0.22,1,179543,179114,429
35541881,3.02601,3.06772,429,119720,0.267449,0.19,1,179545,179116,429
35544801,31.8052,27.0135,435,119720,0.31749,0.28,1,179584,179149,435
35547721,11.161,10.2027,435,119720,0.279498,0.23,1,179590,179155,435
35550641,13.4322,18.8405,428,119720,0.3279,0.18,1,179604,179176,428
35553561,18.6864,17.3681,431,119720,0.29758,0.18,1,179624,179193,431
35556481,15.7373,11.4736,436,119720,0.299516,0.25,1,179639,179203,436
35559401,4.74746,5.49472,434,119720,0.275903,0.29,1,179641,179207,434
35562321,5.74949,5.89894,434,119720,0.335181,0.29,1,179647,179213,434
35565241,2.7499,2.77979,434,119720,0.315036,0.25,1,179649,179215,434
35568161,2.14998,3.75596,432,119720,0.391007,0.29,1,179651,179219,432
35571081,5.23,3.15119,435,119720,0.398201,0.29,1,179657,179222,435
35574001,10.646,12.6302,432,119720,0.38364,0.2,1,179669,179237,432
35576921,5.3292,7.32605,430,119720,0.356728,0.11,1,179673,179243,430
35579841,8.26584,9.46521,429,119720,0.311346,0.17,1,179682,179253,429
35582761,9.65317,10.693,428,119720,0.302269,0.22,1,179692,179264,428
35585681,25.1306,18.9386,436,119720,0.356454,0.32,1,179721,179285,436
35588601,12.2261,8.58772,439,119720,0.335291,0.23,1,179730,179291,439
35591521,4.04523,8.11754,433,119720,0.371058,0.23,1,179732,179299,433
35594441,11.209,10.4235,435,119720,0.394212,0.23,1,179745,179310,435
35597361,5.44181,3.6847,437,119720,0.358842,0.19,1,179749,179312,437
35600281,2.68836,2.33694,437,119720,0.311768,0.3,1,179751,179314,437
35603201,8.53767,9.26739,436,119720,0.310354,0.31,1,179761,179325,436
35606121,4.90753,6.65348,434,119720,0.350071,0.25,1,179765,179331,434
35609041,13.7815,18.1307,429,119720,0.374014,0.28,1,179781,179352,429
35611961,5.9563,5.22614,431,119720,0.354803,0.15,1,179785,179354,431
35614881,9.19126,8.24523,432,119720,0.310961,0.27,1,179795,179363,432
35617801,9.03825,4.84905,437,119720,0.286192,0.2,1,179804,179367,437
35620721,17.8077,20.9698,432,119720,0.377238,0.16,1,179824,179392,432
35623641,6.76153,5.79396,434,119720,0.331448,0.15,1,179828,179394,434
35626561,6.95231,4.35879,437,119720,0.38629,0.18,1,179835,179398,437
35628321,2.99046,2.47176,437,119720,0.365258,0.32,1,179837,179400,437
35631241,6.99809,5.29435,439,119720,0.265052,0.34,1,179845,179406,439
35634161,10.9996,10.6589,439,119720,0.35701,0.28,1,179857,179418,439
35637081,3.79992,5.33177,437,119720,0.343402,0.4,1,179859,179422,437
35640001,19.96,18.6664,439,119720,0.26868,0.37,1,179883,179444,439
35642921,13.592,13.3333,439,119720,0.373736,0.28,1,179895,179456,439
35645841,14.7184,24.2667,427,119720,0.386747,0.22,1,179910,179483,427
35648761,27.7437,23.2533,435,119720,0.341349,0.33,1,179941,179506,435
35651681,12.7487,6.25067,442,119720,0.21227,0.33,1,179950,179508,442
35654601,24.9497,27.6501,437,119720,0.274454,0.29,1,179978,179541,437
35657521,6.58995,7.13003,437,119720,0.286891,0.26,1,179980,179543,437
35660441,2.91799,3.02601,437,119720,0.257378,0.33,1,179982,179545,437
35663361,30.9836,31.8052,436,119720,0.331476,0.27,1,180020,179584,436
35666281,15.7967,11.161,442,119720,0.354295,0.34,1,180032,179590,442
35669201,11.9593,13.4322,439,119720,0.270859,0.29,1,180043,179604,439
35672121,19.1919,18.6864,440,119720,0.222172,0.3,1,180064,179624,440
35675041,12.6384,15.7373,436,119720,0.252434,0.27,1,180075,179639,436
35677961,8.92767,4.74746,442,119720,0.330487,0.35,1,180083,179641,442
35680881,6.58554,5.74949,442,119720,0.274097,0.31,1,180089,179647,442
35683801,2.91711,2.7499,442,119720,0.302819,0.41,1,180091,179649,442
35686721,2.18342,2.14998,442,119720,0.276564,0.4,1,180093,179651,442
35689641,5.23668,5.23,442,119720,0.303313,0.38,1,180099,179657,442
35692561,6.64734,10.646,437,119720,0.300663,0.35,1,180106,179669,437
35695481,4.52947,5.3292,437,119720,0.332133,0.3,1,180110,179673,437
35698401,9.70589,8.26584,439,119720,0.322426,0.3,1,180121,179682,439
35701321,11.5412,9.65317,441,119720,0.192485,0.37,1,180133,179692,441
35704241,24.7082,25.1306,440,119720,0.294497,0.33,1,180161,179721,440
35707161,12.9416,12.2261,441,119720,0.258899,0.38,1,180171,179730,441
35710081,4.18833,4.04523,441,119720,0.24378,0.4,1,180173,179732,441
35713001,5.63767,11.209,434,119720,0.256756,0.35,1,180179,179745,434
35715921,7.52753,5.44181,438,119720,0.355351,0.3,1,180187,179749,438
35718841,3.10551,2.68836,438,119720,0.34307,0.31,1,180189,179751,438
35721761,9.4211,8.53767,439,119720,0.340614,0.36,1,180200,179761,439
35724681,5.08422,4.90753,439,119720,0.316123,0.38,1,180204,179765,439
35727601,14.6168,13.7815,440,119720,0.271225,0.35,1,180221,179781,440
35730521,4.52337,5.9563,438,119720,0.318245,0.3,1,180223,179785,438
35733441,7.30467,9.19126,436,119720,0.311649,0.28,1,180231,179795,436
35736361,12.6609,9.03825,441,119720,0.33433,0.4,1,180245,179804,441
35739281,16.1322,17.8077,438,119720,0.330866,0.32,1,180262,179824,438
35742201,7.22644,6.76153,439,119720,0.322173,0.4,1,180267,179828,439
35745121,3.04529,6.95231,434,119720,0.320435,0.36,1,180269,179835,434
35748041,2.20906,2.99046,434,119720,0.288087,0.24,1,180271,179837,434
35750961,10.8418,6.99809,439,119720,0.329617,0.38,1,180284,179845,439
35753881,13.3684,10.9996,441,119720,0.289923,0.34,1,180298,179857,441
35756801,4.27367,3.79992,441,119720,0.281985,0.25,1,180300,179859,441
35759721,16.0547,19.96,436,119720,0.288397,0.4,1,180319,179883,436
35762641,10.4109,13.592,433,119720,0.249679,0.39,1,180328,179895,433
35765561,13.2822,14.7184,432,119720,0.273936,0.33,1,180342,179910,432
35768481,27.4564,27.7437,432,119720,0.318787,0.18,1,180373,179941,432
35771401,14.2913,12.7487,434,119720,0.295757,0.29,1,180384,179950,434
35774321,30.0583,24.9497,440,119720,0.283151,0.29,1,180418,179978,440
35777241,7.61165,6.58995,440,119720,0.24863,0.25,1,180420,179980,440
35780161,3.12233,2.91799,440,119720,0.201726,0.35,1,180422,179982,440
35783081,30.2245,30.9836,439,119720,0.272345,0.36,1,180459,180020,439
35786001,10.8449,15.7967,433,119720,0.302469,0.25,1,180465,180032,433
35788921,9.36898,11.9593,431,119720,0.276494,0.21,1,180474,180043,431
35791841,21.0738,19.1919,434,119720,0.303299,0.26,1,180498,180064,434
35794761,15.4148,12.6384,437,119720,0.30866,0.35,1,180512,180075,437
35797681,8.68295,8.92767,436,119720,0.269732,0.26,1,180519,180083,436
35800601,8.13659,6.58554,438,119720,0.277946,0.31,1,180527,180089,438
35803521,3.22732,2.91711,438,119720,0.255589,0.27,1,180529,180091,438
35806441,2.24546,2.18342,438,119720,0.251118,0.31,1,180531,180093,438
35809361,5.24909,5.23668,438,119720,0.250224,0.3,1,180537,180099,438
35812281,7.44982,6.64734,439,119720,0.298045,0.34,1,180545,180106,439
35815201,3.08996,4.52947,437,119720,0.275609,0.32,1,180547,180110,437
35818121,3.81799,9.70589,430,119720,0.247122,0.16,1,180551,180121,430
35821041,15.9636,11.5412,437,119720,0.305424,0.32,1,180570,180133,437
35823961,23.1927,24.7082,434,119720,0.237085,0.25,1,180595,180161,434
35826881,11.8385,12.9416,433,119720,0.335417,0.24,1,180604,180171,433
35829801,5.56771,4.18833,435,119720,0.331083,0.26,1,180608,180173,435
35832721,9.11354,5.63767,439,119720,0.210217,0.38,1,180618,180179,439
35835641,8.22271,7.52753,439,119720,0.218043,0.34,1,180626,180187,439
35838561,3.24454,3.10551,439,119720,0.307609,0.34,1,180628,180189,439
35841481,7.04891,9.4211,436,119720,0.269522,0.31,1,180636,180200,436
35844401,6.20978,5.08422,438,119720,0.245904,0.26,1,180642,180204,438
35847321,14.042,14.6168,437,119720,0.297181,0.33,1,180658,180221,437
35850241,4.40839,4.52337,437,119720,0.307436,0.31,1,180660,180223,437
35853161,9.68168,7.30467,440,119720,0.325487,0.34,1,180671,180231,440
35856081,8.33634,12.6609,434,119720,0.233097,0.33,1,180679,180245,434
35859001,16.0673,16.1322,435,119720,0.23862,0.32,1,180697,180262,435
35861921,6.41345,7.22644,434,119720,0.263724,0.32,1,180701,180267,434
35864841,6.88269,3.04529,439,119720,0.364745,0.28,1,180708,180269,439
35867761,2.97654,2.20906,439,119720,0.352949,0.34,1,180710,180271,439
35870681,9.39531,10.8418,437,119720,0.39859,0.28,1,180721,180284,437
35873601,12.2791,13.3684,436,119720,0.407718,0.28,1,180734,180298,436
35876521,4.05581,4.27367,436,119720,0.377544,0.29,1,180736,180300,436
35879441,13.6112,16.0547,433,119720,0.307509,0.24,1,180752,180319,433
35882361,13.1222,10.4109,437,119720,0.277502,0.28,1,180765,180328,437
35885281,13.0244,13.2822,436,119720,0.2475,0.33,1,180778,180342,436
35888201,27.4049,27.4564,436,119720,0.2015,0.29,1,180809,180373,436
35891121,10.281,14.2913,431,119720,0.1683,0.28,1,180815,180384,431
35894041,26.8562,30.0583,428,119720,0.26566,0.24,1,180846,180418,428
35896961,14.9712,7.61165,438,119720,0.293132,0.19,1,180858,180420,438
35899881,4.59425,3.12233,438,119720,0.266626,0.29,1,180860,180422,438
35902801,27.3188,30.2245,434,119720,0.237325,0.31,1,180893,180459,434
35905721,13.4638,10.8449,438,119720,0.287465,0.27,1,180903,180465,438
35908641,6.69275,9.36898,434,119720,0.369493,0.31,1,180908,180474,434
35911561,23.7386,21.0738,438,119720,0.273899,0.31,1,180936,180498,438
35914481,12.7477,15.4148,434,119720,0.25478,0.26,1,180946,180512,434
35917401,8.94954,8.68295,435,119720,0.258956,0.28,1,180954,180519,435
35920321,8.18991,8.13659,435,119720,0.275791,0.25,1,180962,180527,435
35923241,7.23798,3.22732,440,119720,0.199158,0.25,1,180969,180529,440
35926161,3.0476,2.24546,440,119720,0.151832,0.25,1,180971,180531,440
35929081,2.20952,5.24909,436,119720,0.294366,0.31,1,180973,180537,436
35932001,6.8419,7.44982,436,119720,0.226873,0.27,1,180981,180545,436
35934921,2.96838,3.08996,436,119720,0.261375,0.24,1,180983,180547,436
35937841,2.19368,3.81799,434,119720,0.268275,0.32,1,180985,180551,434
35940761,16.4387,15.9636,435,119720,0.189655,0.22,1,181005,180570,435
35943681,27.2877,23.1927,440,119720,0.157931,0.36,1,181035,180595,440
35946601,7.05755,11.8385,433,119720,0.247586,0.33,1,181037,180604,433
35949521,4.61151,5.56771,433,119720,0.241517,0.18,1,181041,180608,433
35952441,12.9223,9.11354,438,119720,0.184303,0.22,1,181056,180618,438
35955361,6.58446,8.22271,435,119720,0.244861,0.33,1,181061,180626,435
35958281,4.51689,3.24454,437,119720,0.192972,0.26,1,181065,180628,437
35961201,9.70338,7.04891,440,119720,0.182594,0.24,1,181076,180636,440
35964121,3.54068,6.20978,436,119720,0.180519,0.31,1,181078,180642,436
35967041,15.1081,14.042,438,119720,0.172104,0.31,1,181096,180658,438
35969961,4.62163,4.40839,438,119720,0.178421,0.33,1,181098,180660,438
35972881,4.12433,9.68168,431,119720,0.235684,0.21,1,181102,180671,431
35975801,14.4249,8.33634,440,119720,0.215137,0.24,1,181119,180679,440
35978721,17.285,16.0673,440,119720,0.107027,0.27,1,181137,180697,440
35981641,5.05699,6.41345,438,119720,0.173405,0.39,1,181139,180701,438
35984561,4.2114,6.88269,435,119720,0.202681,0.35,1,181143,180708,435
35987481,6.44228,2.97654,440,119720,0.216536,0.41,1,181150,180710,440
35990401,6.08846,9.39531,435,119720,0.179307,0.41,1,181156,180721,435
35993321,13.2177,12.2791,437,119720,0.187861,0.37,1,181171,180734,437
35996241,4.24354,4.05581,437,119720,0.157572,0.29,1,181173,180736,437
35999161,12.8487,13.6112,436,119720,0.151514,0.27,1,181188,180752,436
36002081,11.3697,13.1222,434,119720,0.246303,0.24,1,181199,180765,434
36005001,10.2739,13.0244,431,119720,0.153261,0.19,1,181209,180778,431
36007921,31.6548,27.4049,437,119720,0.182652,0.16,1,181246,180809,437
36010841,7.93096,10.281,433,119720,0.24453,0.29,1,181248,180815,433
36013761,26.3862,26.8562,433,119720,0.168906,0.3,1,181279,180846,433
36016681,10.0772,14.9712,427,119720,0.0977812,0.26,1,181285,180858,427
36019601,5.21545,4.59425,429,119720,0.211556,0.23,1,181289,180860,429
36022521,33.8431,27.3188,437,119720,0.186311,0.3,1,181330,180893,437
36025441,14.7686,13.4638,437,119720,0.229262,0.39,1,181340,180903,437
36028361,4.55372,6.69275,434,119720,0.237852,0.25,1,181342,180908,434
36031281,23.3107,23.7386,434,119720,0.19157,0.25,1,181370,180936,434
36034201,11.0621,12.7477,432,119720,0.190314,0.26,1,181378,180946,432
36037121,9.41243,8.94954,433,119720,0.206063,0.28,1,181387,180954,433
36040041,5.08249,8.18991,429,119720,0.185213,0.18,1,181391,180962,429
36042961,9.0165,7.23798,432,119720,0.189043,0.14,1,181401,180969,432
36045881,3.4033,3.0476,432,119720,0.261808,0.33,1,181403,180971,432
36048801,5.48066,2.20952,436,119720,0.172362,0.21,1,181409,180973,436
36051721,7.49613,6.8419,436,119720,0.218472,0.27,1,181417,180981,436
36054641,3.09923,2.96838,436,119720,0.203694,0.27,1,181419,180983,436
36057561,2.21985,2.19368,436,119720,0.200739,0.17,1,181421,180985,436
36060481,14.844,16.4387,434,119720,0.184148,0.15,1,181439,181005,434
36063401,27.7688,27.2877,435,119720,0.19683,0.27,1,181470,181035,435
36066321,7.15376,7.05755,435,119720,0.175366,0.24,1,181472,181037,435
36069241,3.03075,4.61151,433,119720,0.171073,0.17,1,181474,181041,433
36072161,14.2062,12.9223,435,119720,0.194215,0.26,1,181491,181056,435
36075081,4.44123,6.58446,432,119720,0.286843,0.18,1,181493,181061,432
36078001,2.48825,4.51689,430,119720,0.305369,0.18,1,181495,181065,430
36080921,9.29765,9.70338,430,119720,0.325074,0.18,1,181506,181076,430
36083841,5.05953,3.54068,432,119720,0.321015,0.17,1,181510,181078,432
36086761,15.4119,15.1081,432,119720,0.304203,0.18,1,181528,181096,432
36089681,6.28238,4.62163,434,119720,0.276841,0.25,1,181532,181098,434
36092601,2.85648,4.12433,432,119720,0.239368,0.21,1,181534,181102,432
36095521,14.1713,14.4249,432,119720,0.263874,0.08,1,181551,181119,432
36098441,17.2343,17.285,432,119720,0.316775,0.19,1,181569,181137,432
36101361,5.04685,5.05699,432,119720,0.295355,0.21,1,181571,181139,432
36104281,4.20937,4.2114,432,119720,0.331071,0.22,1,181575,181143,432
36107201,2.44187,6.44228,427,119720,0.306214,0.17,1,181577,181150,427
36110121,10.8884,6.08846,434,119720,0.293243,0.19,1,181590,181156,434
36113041,11.7777,13.2177,431,119720,0.290649,0.15,1,181602,181171,431
36115961,3.95553,4.24354,431,119720,0.29013,0.15,1,181604,181173,431
36118881,14.3911,12.8487,433,119720,0.282026,0.27,1,181621,181188,433
36121801,7.67822,11.3697,428,119720,0.208405,0.13,1,181627,181199,428
36124721,13.5356,10.2739,433,119720,0.249681,0.19,1,181642,181209,433
36127641,29.1071,31.6548,429,119720,0.129936,0.26,1,181675,181246,429
36130561,12.2214,7.93096,435,119720,0.217987,0.15,1,181683,181248,435
36133481,26.4443,26.3862,434,119720,0.155597,0.08,1,181713,181279,434
36136401,11.6889,10.0772,436,119720,0.231119,0.24,1,181721,181285,436
36139321,3.93777,5.21545,434,119720,0.214224,0.18,1,181723,181289,434
36142241,32.7876,33.8431,433,119720,0.226845,0.24,1,181763,181330,433
36145161,13.7575,14.7686,432,119720,0.221369,0.24,1,181772,181340,432
36148081,6.7515,4.55372,435,119720,0.324274,0.18,1,181777,181342,435
36151001,21.3503,23.3107,432,119720,0.232855,0.19,1,181802,181370,432
36153921,9.87006,11.0621,431,119720,0.182571,0.21,1,181809,181378,431
36156841,9.17401,9.41243,431,119720,0.228514,0.18,1,181818,181387,431
36159761,6.6348,5.08249,433,119720,0.293703,0.19,1,181824,181391,433
36162681,11.727,9.0165,436,119720,0.290741,0.28,1,181837,181401,436
36165601,3.94539,3.4033,436,119720,0.274148,0.15,1,181839,181403,436
36168521,2.38908,5.48066,432,119720,0.23883,0.23,1,181841,181409,432
36171441,6.87782,7.49613,432,119720,0.287766,0.2,1,181849,181417,432
36174361,6.97556,3.09923,437,119720,0.297553,0.2,1,181856,181419,437
36177281,2.99511,2.21985,437,119720,0.267511,0.18,1,181858,181421,437
36180201,11.799,14.844,433,119720,0.317502,0.2,1,181872,181439,433
36183121,28.7598,27.7688,435,119720,0.2555,0.17,1,181905,181470,435
36186041,7.35196,7.15376,435,119720,0.2191,0.17,1,181907,181472,435
36188961,3.07039,3.03075,435,119720,0.23582,0.2,1,181909,181474,435
36191881,11.0141,14.2062,431,119720,0.327164,0.31,1,181922,181491,431
36194801,3.80282,4.44123,431,119720,0.345433,0.31,1,181924,181493,431
36197721,7.16056,2.48825,437,119720,0.253087,0.33,1,181932,181495,437
36200641,7.83211,9.29765,434,119720,0.282617,0.32,1,181940,181506,434
36203561,3.16642,5.05953,432,119720,0.264523,0.3,1,181942,181510,432
36206481,16.6333,15.4119,434,119720,0.236905,0.27,1,181962,181528,434
36209401,6.52666,6.28238,434,119720,0.223381,0.23,1,181966,181532,434
36212321,2.90533,2.85648,434,119720,0.228676,0.27,1,181968,181534,434
36215241,18.1811,14.1713,439,119720,0.261735,0.33,1,181990,181551,439
36218161,14.8362,17.2343,435,119720,0.324347,0.29,1,182004,181569,435
36221081,4.56724,5.04685,435,119720,0.312869,0.34,1,182006,181571,435
36224001,5.71345,4.20937,437,119720,0.310574,0.3,1,182012,181575,437
36226321,2.74269,2.44187,437,119720,0.310115,0.29,1,182014,181577,437
36229241,10.9485,10.8884,437,119720,0.310023,0.29,1,182027,181590,437
36232161,6.98971,11.7777,431,119720,0.222005,0.29,1,182033,181602,431
36235081,8.59794,3.95553,438,119720,0.300401,0.28,1,182042,181604,438
36238001,9.71959,14.3911,431,119720,0.30808,0.19,1,182052,181621,431
36240921,6.74392,7.67822,431,119720,0.317616,0.26,1,182058,181627,431
36243841,17.3488,13.5356,436,119720,0.311523,0.1,1,182078,181642,436
36246761,29.0698,29.1071,435,119720,0.294305,0.24,1,182110,181675,435
36249681,13.814,12.2214,437,119720,0.314861,0.14,1,182120,181683,437
36252601,22.7628,26.4443,432,119720,0.278972,0.25,1,182145,181713,432
36255521,10.9526,11.6889,432,119720,0.239794,0.21,1,182153,181721,432
36258441,5.39051,3.93777,434,119720,0.247959,0.23,1,182157,181723,434
36261361,31.4781,32.7876,432,119720,0.257592,0.22,1,182195,181763,432
36264281,15.0956,13.7575,434,119720,0.259518,0.35,1,182206,181772,434
36267201,6.21912,6.7515,433,119720,0.235904,0.21,1,182210,181777,433
36270121,24.4438,21.3503,437,119720,0.167181,0.17,1,182239,181802,437
36273041,6.48876,9.87006,432,119720,0.193436,0.24,1,182241,181809,432
36275961,8.49775,9.17401,432,119720,0.126687,0.31,1,182250,181818,432
36278881,3.29955,6.6348,428,119720,0.105337,0.29,1,182252,181824,428
36281801,19.0599,11.727,438,119720,0.205067,0.27,1,182275,181837,438
36284721,5.41198,3.94539,438,119720,0.193013,0.23,1,182277,181839,438
36287641,2.6824,2.38908,438,119720,0.182603,0.3,1,182279,181841,438
36290561,3.73648,6.87782,434,119720,0.116521,0.3,1,182283,181849,434
36293481,7.1473,6.97556,435,119720,0.231304,0.26,1,182291,181856,435
36296401,3.02946,2.99511,435,119720,0.254261,0.33,1,182293,181858,435
36299321,8.60589,11.799,431,119720,0.218852,0.24,1,182303,181872,431
36302241,35.3212,28.7598,440,119720,0.17977,0.21,1,182345,181905,440
36305161,8.66424,7.35196,440,119720,0.123954,0.24,1,182347,181907,440
36308081,3.33285,3.07039,440,119720,0.128791,0.35,1,182349,181909,440
36311001,7.06657,11.0141,435,119720,0.0897582,0.35,1,182357,181922,435
36313921,7.01331,3.80282,440,119720,0.193952,0.23,1,182364,181924,440
36316841,3.00266,7.16056,434,119720,0.18279,0.29,1,182366,181932,434
36319761,10.2005,7.83211,438,119720,0.228558,0.26,1,182378,181940,438
36322681,3.64011,3.16642,438,119720,0.237712,0.23,1,182380,181942,438
36325601,16.728,16.6333,438,119720,0.159542,0.22,1,182400,181962,438
36328521,4.9456,6.52666,436,119720,0.175908,0.23,1,182402,181966,436
36331441,2.58912,2.90533,436,119720,0.179182,0.27,1,182404,181968,436
36334361,13.3178,18.1811,430,119720,0.195836,0.34,1,182420,181990,430
36337281,20.2636,14.8362,438,119720,0.111167,0.31,1,182442,182004,438
36340201,5.65271,4.56724,438,119720,0.190233,0.31,1,182444,182006,438
36343121,4.33054,5.71345,436,119720,0.190047,0.31,1,182448,182012,436
36346041,4.86611,2.74269,439,119720,0.190009,0.31,1,182453,182014,439
36348961,11.3732,10.9485,439,119720,0.134002,0.2,1,182466,182027,439
36351881,5.47464,6.98971,437,119720,0.1708,0.32,1,182470,182033,437
36354801,8.29493,8.59794,437,119720,0.21816,0.31,1,182479,182042,437
36357721,6.45899,9.71959,433,119720,0.171632,0.32,1,182485,182052,433
36360641,8.4918,6.74392,436,119720,0.242326,0.31,1,182494,182058,436
36363561,13.6984,17.3488,431,119720,0.160465,0.29,1,182509,182078,431
36366481,33.9397,29.0698,438,119720,0.176093,0.32,1,182548,182110,438
36369401,14.7879,13.814,438,119720,0.0432186,0.27,1,182558,182120,438
36372321,18.9576,22.7628,433,119720,0.176644,0.23,1,182578,182145,433
36375241,6.99152,10.9526,429,119720,0.171329,0.25,1,182582,182153,429
36378161,2.9983,5.39051,427,119720,0.130266,0.26,1,182584,182157,427
36381081,36.5997,31.4781,434,119720,0.122053,0.26,1,182629,182195,434
36384001,12.1199,15.0956,429,119720,0.152411,0.23,1,182635,182206,429
36386921,9.62399,6.21912,434,119720,0.222482,0.15,1,182644,182210,434
36389841,18.7248,24.4438,426,119720,0.180496,0.2,1,182665,182239,426
36392761,5.34496,6.48876,426,119720,0.140099,0.11,1,182667,182241,426
36395681,16.269,8.49775,436,119720,0.16402,0.1,1,182686,182250,436
36398601,4.8538,3.29955,436,119720,0.160804,0.23,1,182688,182252,436
36401521,17.7708,19.0599,434,119720,0.112161,0.19,1,182709,182275,434
36404441,5.15415,5.41198,434,119720,0.0624322,0.18,1,182711,182277,434
36407361,2.63083,2.6824,434,119720,0.0444864,0.1,1,182713,182279,434
36409361,2.92617,3.73648,433,119720,0.168897,0.26,1,182716,182283,433
36412281,5.38523,7.1473,431,119720,0.161779,0.26,1,182722,182291,431
36415201,2.67705,3.02946,431,119720,0.248356,0.21,1,182724,182293,431
36418121,3.73541,8.60589,425,119720,0.273671,0.17,1,182728,182303,425
36421041,35.1471,35.3212,426,119720,0.206734,0.11,1,182771,182345,426
36423961,8.62942,8.66424,426,119720,0.193347,0.13,1,182773,182347,426
36426881,3.32588,3.33285,426,119720,0.158669,0.08,1,182775,182349,426
36429801,11.0652,7.06657,431,119720,0.247734,0.22,1,182788,182357,431
36432721,3.81304,7.01331,426,119720,0.273547,0.18,1,182790,182364,426
36435641,7.96261,3.00266,433,119720,0.342709,0.24,1,182799,182366,433
36438561,6.39252,10.2005,427,119720,0.300542,0.24,1,182805,182378,427
36441481,7.6785,3.64011,433,119720,0.340108,0.14,1,182813,182380,433
36444401,15.9357,16.728,431,119720,0.292022,0.18,1,182831,182400,431
36447321,4.78714,4.9456,431,119720,0.282404,0.18,1,182833,182402,431
36450241,2.55743,2.58912,431,119720,0.280481,0.2,1,182835,182404,431
36453161,8.51149,13.3178,425,119720,0.248096,0.09,1,182845,182420,425
36456081,24.1023,20.2636,431,119720,0.257619,0.21,1,182873,182442,431
36459001,6.42046,5.65271,431,119720,0.235524,0.19,1,182875,182444,431
36461921,4.48409,4.33054,431,119720,0.327105,0.19,1,182879,182448,431
36464841,2.49682,4.86611,428,119720,0.313421,0.12,1,182881,182453,428
36467761,14.8994,11.3732,433,119720,0.206684,0.18,1,182899,182466,433
36470681,6.17987,5.47464,433,119720,0.249337,0.23,1,182903,182470,433
36473601,4.43597,8.29493,428,119720,0.201867,0.16,1,182907,182479,428
36476521,9.6872,6.45899,433,119720,0.288374,0.26,1,182918,182485,433
36479441,5.13744,8.4918,428,119720,0.233675,0.14,1,182922,182494,428
36482361,14.6275,13.6984,430,119720,0.238735,0.18,1,182939,182509,430
36485281,27.7255,33.9397,422,119720,0.207747,0.01,1,182970,182548,422
36488201,15.9451,14.7879,425,119720,0.249549,0.21,1,182983,182558,425
36491121,18.389,18.9576,424,119720,0.21791,0.17,1,183002,182578,424
36494041,10.0778,6.99152,428,119720,0.243582,0.12,1,183010,182582,428
36496961,3.61556,2.9983,428,119720,0.304716,0.12,1,183012,182584,428
36499881,42.3231,36.5997,435,119720,0.260943,0.16,1,183064,182629,435
36502801,11.6646,12.1199,433,119720,0.228189,0.24,1,183068,182635,433
36505721,5.53292,9.62399,428,119720,0.277638,0.17,1,183072,182644,428
36508641,16.3066,18.7248,426,119720,0.183528,0.13,1,183091,182665,426
36511561,10.4613,5.34496,433,119720,0.252706,0.17,1,183100,182667,433
36514481,18.8923,16.269,435,121180,0.218541,0.16,1,183121,182686,435
36517401,5.37845,4.8538,435,121180,0.299708,0.1,1,183123,182688,435
36520321,13.0757,17.7708,429,121180,0.299942,0.05,1,183138,182709,429
36523241,4.21514,5.15415,429,121180,0.259988,0.04,1,183140,182711,429
36526161,4.04303,2.63083,431,121180,0.251998,0.2,1,183144,182713,431
36529081,7.20861,2.92617,436,121180,0.2904,0.16,1,183152,182716,436
36532001,4.64172,5.38523,434,121180,0.27408,0.27,1,183156,182722,434
36534921,2.52834,2.67705,434,121180,0.238816,0.28,1,183158,182724,434
36537841,2.10567,3.73541,432,121180,0.207763,0.19,1,183160,182728,432
36540761,38.0211,35.1471,436,121180,0.289553,0.19,1,183207,182771,436
36543681,9.20423,8.62942,436,121180,0.273911,0.15,1,183209,182773,436
36546601,3.44085,3.32588,436,121180,0.238782,0.27,1,183211,182775,436
36549521,12.6882,11.0652,438,121180,0.279756,0.28,1,183226,182788,438
36552441,4.13763,3.81304,438,121180,0.287951,0.36,1,183228,182790,438
36555361,4.02753,7.96261,433,121180,0.23359,0.29,1,183232,182799,433
36558281,9.60551,6.39252,438,121180,0.310718,0.35,1,183243,182805,438
36561201,3.5211,7.6785,432,121180,0.294144,0.28,1,183245,182813,432
36564121,17.5042,15.9357,435,121180,0.322829,0.28,1,183266,182831,435
36567041,5.10084,4.78714,435,121180,0.328566,0.28,1,183268,182833,435
36569961,2.62017,2.55743,435,121180,0.321713,0.24,1,183270,182835,435
36572881,6.92403,8.51149,433,121180,0.320343,0.26,1,183278,182845,433
36575801,27.7848,24.1023,438,121180,0.296069,0.23,1,183311,182873,438
36578721,7.15696,6.42046,438,121180,0.267214,0.35,1,183313,182875,438
36581641,4.63139,4.48409,438,121180,0.229443,0.31,1,183317,182879,438
36584081,2.52628,2.49682,438,121180,0.237889,0.18,1,183319,182881,438
36587001,9.30526,14.8994,431,121180,0.343578,0.26,1,183330,182899,431
36589921,6.66105,6.17987,433,121180,0.268716,0.19,1,183336,182903,433
36592841,6.93221,4.43597,436,121180,0.325743,0.31,1,183343,182907,436
36595761,11.7864,9.6872,438,121180,0.313149,0.22,1,183356,182918,438
36598681,5.55729,5.13744,438,121180,0.27063,0.24,1,183360,182922,438
36601601,13.9115,14.6275,437,121180,0.286126,0.2,1,183376,182939,437
36604521,25.9823,27.7255,435,121180,0.329225,0.26,1,183405,182970,435
36607441,11.5965,15.9451,430,121180,0.289845,0.21,1,183413,182983,430
36610361,23.9193,18.389,438,121180,0.241969,0.25,1,183440,183002,438
36613281,7.98386,10.0778,434,121180,0.288394,0.32,1,183444,183010,434
36616201,6.39677,3.61556,438,121180,0.289679,0.25,1,183450,183012,438
36619121,39.6794,42.3231,434,121180,0.257936,0.22,1,183498,183064,434
36622041,11.1359,11.6646,434,121180,0.323587,0.29,1,183502,183068,434
36624961,7.02717,5.53292,436,121180,0.224717,0.16,1,183508,183072,436
36627881,16.6054,16.3066,436,121180,0.228943,0.27,1,183527,183091,436
36630801,4.92109,10.4613,429,121180,0.197789,0.27,1,183529,183100,429
36633721,16.9842,2.09226,449,121180,0.247558,0.21,1,183549,183100,449
36636641,12.1968,17.2185,439,121180,0.145512,0.32,1,183560,183121,439
36639561,14.4394,5.04369,452,121180,0.213102,0.3,1,183575,183123,452
36642481,4.48787,13.0087,439,121180,0.19462,0.25,1,183577,183138,439
36645401,2.49757,4.20175,439,121180,0.214924,0.25,1,183579,183140,439
36648321,8.49951,4.04035,445,121180,0.290985,0.3,1,183589,183144,445
36651241,3.2999,7.20807,439,121180,0.306197,0.27,1,183591,183152,439
36654161,2.25998,4.64161,437,121180,0.333239,0.23,1,183593,183156,437
36657081,2.052,2.52832,437,121180,0.338648,0.2,1,183595,183158,437
36660001,32.4104,2.10566,475,121180,0.17973,0.31,1,183635,183160,475
36662921,11.2821,38.0211,434,121180,0.275946,0.27,1,183641,183207,434
36665841,6.25642,9.20423,437,121180,0.343189,0.23,1,183646,183209,437
36668761,10.0513,3.44085,446,121180,0.300638,0.29,1,183657,183211,446
36671681,3.61026,12.6882,433,121180,0.260128,0.29,1,183659,183226,433
36674601,7.92205,4.13763,440,121180,0.244026,0.22,1,183668,183228,440
36677521,11.9844,4.02753,449,121180,0.248805,0.33,1,183681,183232,449
36680441,3.99688,9.60551,440,121180,0.217761,0.29,1,183683,183243,440
36683361,16.7994,3.5211,458,121180,0.267552,0.33,1,183703,183245,458
36686281,4.95988,17.5042,439,121180,0.27751,0.33,1,183705,183266,439
36689201,2.59197,5.10084,439,121180,0.343502,0.32,1,183707,183268,439
36692121,5.3184,2.62017,443,121180,0.2607,0.32,1,183713,183270,443
36695041,29.0637,6.92403,470,121180,0.35614,0.29,1,183748,183278,470
36697961,7.41274,27.7848,439,121180,0.375228,0.26,1,183750,183311,439
36700881,3.88255,7.15696,440,121180,0.323046,0.22,1,183753,183313,440
36703801,3.97651,4.63139,440,121180,0.240609,0.24,1,183757,183317,440
36706721,7.9953,2.52628,447,121180,0.288122,0.37,1,183766,183319,447
36709641,5.59906,9.30526,441,121180,0.241624,0.25,1,183771,183330,441
36712561,6.71981,6.66105,442,121180,0.304325,0.34,1,183778,183336,442
36715481,8.54396,6.93221,444,121180,0.236865,0.31,1,183787,183343,444
36718401,10.5088,11.7864,442,121180,0.279373,0.26,1,183798,183356,442
36721321,14.1018,5.55729,453,121180,0.239875,0.29,1,183813,183360,453
36724241,24.4204,13.9115,464,121180,0.183975,0.34,1,183840,183376,464
36727161,12.0841,25.9823,444,121180,0.220795,0.28,1,183849,183405,444
36730081,25.6168,11.5965,465,121180,0.244159,0.23,1,183878,183413,465
36733001,7.52336,23.9193,441,121180,0.288832,0.3,1,183881,183440,441
36735921,7.90467,7.98386,445,121180,0.281766,0.29,1,183889,183444,445
36738841,33.5809,6.39677,479,121180,0.240353,0.25,1,183929,183450,479
36741761,9.91619,39.6794,435,121180,0.296071,0.34,1,183933,183498,435
36744681,9.18324,11.1359,440,121180,0.323214,0.2,1,183942,183502,440
36747601,18.6366,7.02717,455,121180,0.192643,0.23,1,183963,183508,455
36750521,5.32733,16.6054,438,121180,0.254529,0.19,1,183965,183527,438
36753441,9.06547,4.92109,446,121180,0.218906,0.26,1,183975,183529,446
36756361,17.0131,16.9842,445,121180,0.235781,0.12,1,183994,183549,445
36759281,17.0026,12.1968,451,121180,0.255156,0.23,1,184011,183560,451
36762201,5.00052,14.4394,438,121180,0.235031,0.19,1,184013,183575,438
36765121,2.6001,4.48787,438,121180,0.279006,0.22,1,184015,183577,438
36768041,8.52002,2.49757,446,121180,0.191801,0.31,1,184025,183579,446
36770961,3.304,8.49951,438,121180,0.17436,0.31,1,184027,183589,438
36773881,2.2608,3.2999,438,121180,0.266872,0.34,1,184029,183591,438
36776801,2.05216,2.25998,438,121180,0.261374,0.34,1,184031,183593,438
36779721,34.0104,2.052,478,121180,0.284275,0.14,1,184073,183595,478
36782641,9.20209,32.4104,441,121180,0.240855,0.3,1,184076,183635,441
36785561,5.84042,11.2821,440,121180,0.280171,0.36,1,184081,183641,440
36788481,7.56808,6.25642,443,121180,0.248034,0.29,1,184089,183646,443
36791401,3.91362,10.0513,435,121180,0.265607,0.25,1,184092,183657,435
36794321,8.78272,3.61026,443,121180,0.237121,0.24,1,184102,183659,443
36797241,15.3565,7.92205,451,121180,0.207424,0.25,1,184119,183668,451
36800161,4.67131,11.9844,440,121180,0.281485,0.21,1,184121,183681,440
36803081,12.1343,3.99688,452,121180,0.336297,0.28,1,184135,183683,452
36806001,7.22685,16.7994,438,121180,0.331259,0.28,1,184141,183703,438
36808921,3.04537,4.95988,438,121180,0.298252,0.36,1,184143,183705,438
36811841,6.20907,2.59197,443,121180,0.28365,0.24,1,184150,183707,443
36814761,23.6418,5.3184,465,121180,0.27273,0.38,1,184178,183713,465
36817681,6.32836,29.0637,432,121180,0.270546,0.38,1,184180,183748,432
36820601,2.86567,7.41274,432,121180,0.230109,0.31,1,184182,183750,432
36822241,6.97313,3.88255,437,121180,0.350022,0.25,1,184190,183753,437
36825161,4.59463,4.77651,436,121180,0.366004,0.3,1,184194,183758,436
36828081,10.5189,7.3553,440,121180,0.353201,0.23,1,184206,183766,440
36831001,3.70379,5.47106,437,121180,0.31064,0.32,1,184208,183771,437
36833921,11.9408,6.69421,444,121180,0.302128,0.22,1,184222,183778,444
36836841,11.9882,8.53884,447,121180,0.324426,0.29,1,184234,183787,447
36839761,7.99763,10.5078,443,121180,0.280885,0.23,1,184241,183798,443
36842681,25.5995,14.1016,458,121180,0.232177,0.17,1,184271,183813,458
36845601,15.5199,24.4203,444,121180,0.350435,0.23,1,184284,183840,444
36848521,24.704,12.0841,462,121180,0.238087,0.25,1,184311,183849,462
36851441,6.5408,25.6168,435,121180,0.183617,0.3,1,184313,183878,435
36854361,6.90816,7.52336,439,121180,0.236723,0.28,1,184320,183881,439
36857281,33.3816,7.90467,471,121180,0.231345,0.23,1,184360,183889,471
36860201,14.6763,33.5809,441,121180,0.278269,0.31,1,184370,183929,441
36863121,9.33527,9.91619,445,121180,0.279654,0.33,1,184378,183933,445
36866041,14.6671,9.18324,452,121180,0.335931,0.16,1,184394,183942,452
36868961,4.53341,18.6366,433,121180,0.315186,0.27,1,184396,183963,433
36871881,7.30668,5.32733,439,121180,0.295037,0.21,1,184404,183965,439
36874801,16.6613,9.06547,448,121180,0.315007,0.24,1,184423,183975,448
36877721,17.7323,17.0131,447,121180,0.279001,0.26,1,184441,183994,447
36880641,5.14645,17.0026,432,121180,0.3278,0.23,1,184443,184011,432
36883561,2.62929,5.00052,432,121180,0.30556,0.29,1,184445,184013,432
36886481,11.7259,2.6001,444,121180,0.325112,0.17,1,184459,184015,444
36889401,4.74517,8.52002,437,121180,0.289022,0.17,1,184462,184025,437
36892321,3.34903,3.304,438,121180,0.225804,0.29,1,184465,184027,438
36895241,2.26981,2.2608,438,121180,0.213161,0.26,1,184467,184029,438
36897541,4.45396,2.05216,441,121180,0.322632,0.29,1,184472,184031,441
36900461,30.4908,34.0104,436,121180,0.304526,0.23,1,184509,184073,436
36903381,7.69816,9.20209,435,121180,0.268905,0.29,1,184511,184076,435
36906301,4.73963,5.84042,434,121180,0.197781,0.24,1,184515,184081,434
36909221,7.34793,7.56808,434,121180,0.319556,0.27,1,184523,184089,434
36912141,3.06959,3.91362,433,121180,0.311911,0.23,1,184525,184092,433
36915061,11.0139,8.78272,436,121180,0.342382,0.2,1,184538,184102,436
36917981,14.2028,15.3565,434,121180,0.324476,0.3,1,184553,184119,434
36920901,8.44056,4.67131,439,121180,0.256895,0.35,1,184560,184121,439
36923821,9.68811,12.1343,435,121180,0.203379,0.33,1,184570,184135,435
36926741,8.33762,7.22685,437,121180,0.352676,0.29,1,184578,184141,437
36929661,4.86752,3.04537,439,121180,0.358535,0.28,1,184582,184143,439
36932581,4.1735,6.20907,436,121180,0.303707,0.27,1,184586,184150,436
36935501,26.4347,23.6418,440,121180,0.284741,0.27,1,184618,184178,440
36938421,6.88694,6.32836,440,121180,0.280948,0.22,1,184620,184180,440
36941341,2.97739,2.86567,440,121180,0.31219,0.38,1,184622,184182,440
36944261,7.79548,6.97313,441,121180,0.246438,0.37,1,184631,184190,441
36947181,11.1591,4.59463,449,121180,0.305288,0.35,1,184643,184194,449
36950101,3.83182,10.5189,439,121180,0.341058,0.3,1,184645,184206,439
36953021,11.9664,3.70379,451,121180,0.324212,0.3,1,184659,184208,451
36955941,7.19327,11.9408,443,121180,0.336842,0.33,1,184665,184222,443
36958861,10.2387,11.9882,442,121180,0.299368,0.27,1,184676,184234,442
36961781,22.0477,7.99763,460,121180,0.307874,0.22,1,184701,184241,460
36964701,14.0095,25.5995,442,121180,0.253575,0.38,1,184713,184271,442
36967621,27.6019,15.5199,460,121180,0.282715,0.21,1,184744,184284,460
36970541,11.9204,24.704,441,121180,0.352543,0.17,1,184752,184311,441
36973461,3.98408,6.5408,441,121180,0.366509,0.25,1,184754,184313,441
36976381,34.3968,6.90816,476,121180,0.281302,0.23,1,184796,184320,476
36979301,14.8794,33.3816,446,121180,0.28826,0.29,1,184806,184360,446
36982221,7.77587,14.6763,442,121180,0.281652,0.28,1,184812,184370,442
36985141,15.1552,9.33527,451,121180,0.30433,0.35,1,184829,184378,451
36988061,4.63103,14.6671,437,121180,0.276866,0.31,1,184831,184394,437
36990981,7.32621,4.53341,443,121180,0.303373,0.29,1,184839,184396,443
36993901,17.4652,7.30668,455,121180,0.228675,0.32,1,184859,184404,455
36996821,19.493,16.6613,456,121180,0.253735,0.27,1,184879,184423,456
36999741,7.09861,17.7323,442,121180,0.194747,0.34,1,184883,184441,442
37002661,3.01972,5.14645,442,121180,0.150949,0.3,1,184885,184443,442
37005581,3.80394,2.62929,444,121180,0.15819,0.33,1,184889,184445,444
37008501,9.56079,11.7259,441,121180,0.351638,0.28,1,184900,184459,441
37011421,3.51216,4.74517,440,121180,0.358328,0.21,1,184902,184462,440
37013601,2.30243,3.34903,439,121180,0.327666,0.19,1,184904,184465,439
37016521,2.06049,3.06981,438,121180,0.289533,0.35,1,184906,184468,438
37019441,33.2121,3.81396,475,121180,0.377907,0.3,1,184947,184472,475
37022361,8.24242,30.3628,440,121180,0.363581,0.26,1,184949,184509,440
37025281,3.24848,7.67256,440,121180,0.320716,0.18,1,184951,184511,440
37028201,7.0497,4.73451,444,121180,0.296143,0.35,1,184959,184515,444
37031121,3.80994,7.3469,439,121180,0.307229,0.31,1,184962,184523,439
37034041,9.56199,3.06938,448,121180,0.357446,0.35,1,184973,184525,448
37036961,14.7124,11.0139,451,121180,0.327489,0.32,1,184989,184538,451
37039881,4.54248,14.2028,438,121180,0.281498,0.24,1,184991,184553,438
37042801,14.5085,8.44055,448,121180,0.3283,0.19,1,185008,184560,448
37045721,4.5017,9.68811,440,121180,0.30566,0.39,1,185010,184570,440
37048641,5.70034,8.33762,438,121180,0.253132,0.36,1,185016,184578,438
37051561,7.54007,4.86752,442,121180,0.322626,0.29,1,185024,184582,442
37054481,21.508,4.1735,463,121180,0.264525,0.28,1,185049,184586,463
37057401,5.9016,26.4347,433,121180,0.244905,0.28,1,185051,184618,433
37060321,8.38032,6.88694,440,121180,0.312981,0.32,1,185060,184620,440
37063241,7.27606,2.97739,445,121180,0.262596,0.23,1,185067,184622,445
37064981,3.05521,7.79548,438,121180,0.228519,0.32,1,185069,184631,438
37067901,10.211,11.1591,438,121180,0.317704,0.35,1,185081,184643,438
37070821,3.64221,3.83182,438,121180,0.367541,0.32,1,185083,184645,438
37073741,11.9284,11.9664,438,121180,0.337508,0.34,1,185097,184659,438
37076661,5.58569,7.19327,436,121180,0.299502,0.29,1,185101,184665,436
37079581,7.51714,10.2387,433,121180,0.3159,0.31,1,185109,184676,433
37082501,21.5034,22.0477,433,121180,0.32718,0.24,1,185134,184701,433
37085421,16.3007,14.0095,436,121180,0.233436,0.29,1,185149,184713,436
37088341,32.0601,27.6019,441,121180,0.150687,0.37,1,185185,184744,441
37091261,9.61203,11.9204,437,121180,0.182137,0.37,1,185189,184752,437
37094181,3.52241,3.98408,437,121180,0.156427,0.26,1,185191,184754,437
37097101,35.1045,34.3968,438,121180,0.207285,0.29,1,185234,184796,438
37100021,11.8209,14.8794,434,121180,0.169457,0.28,1,185240,184806,434
37102941,7.16418,7.77587,434,121180,0.217891,0.31,1,185246,184812,434
37105861,17.4328,15.1552,437,121180,0.235578,0.27,1,185266,184829,437
37108781,5.08657,4.63103,437,121180,0.207116,0.31,1,185268,184831,437
37111701,10.6173,7.32621,441,121180,0.249423,0.21,1,185280,184839,441
37114621,15.7235,17.4652,438,121180,0.257885,0.26,1,185297,184859,438
37117541,12.7447,19.493,430,121180,0.267577,0.18,1,185309,184879,430
37120461,9.74894,7.09861,435,121180,0.213515,0.14,1,185318,184883,435
37123381,3.54979,3.01972,435,121180,0.202703,0.16,1,185320,184885,435
37126301,8.70996,3.80394,441,121180,0.272541,0.4,1,185330,184889,441
37129221,9.74199,9.56079,440,121180,0.222508,0.36,1,185340,184900,440
37132141,3.5484,3.51216,440,121180,0.212502,0.32,1,185342,184902,440
37135061,2.30968,2.30243,440,121180,0.2185,0.28,1,185344,184904,440
37137981,30.8619,2.06049,476,121180,0.2117,0.4,1,185382,184906,476
37140901,7.77239,33.2121,437,121180,0.18634,0.36,1,185384,184947,437
37143821,3.15448,8.24242,437,121180,0.181268,0.31,1,185386,184949,437
37146741,7.0309,3.24848,443,121180,0.228254,0.29,1,185394,184951,443
37149661,3.80618,7.0497,438,121180,0.293651,0.31,1,185397,184959,438
37152581,6.36124,3.80994,442,121180,0.21873,0.37,1,185404,184962,442
37155501,17.2722,9.56199,451,121180,0.163746,0.32,1,185424,184973,451
37158421,5.05445,14.7124,437,121180,0.120749,0.27,1,185426,184989,437
37161341,17.8109,4.54248,456,121180,0.16815,0.34,1,185447,184991,456
37164261,5.16218,14.5085,441,121180,0.23363,0.3,1,185449,185008,441
37167181,2.63244,4.5017,441,121180,0.254726,0.24,1,185451,185010,441
37170101,6.92649,5.70034,443,121180,0.282945,0.34,1,185459,185016,443
37173021,18.1853,7.54007,456,121180,0.184589,0.25,1,185480,185024,456
37175941,10.0371,21.508,439,121180,0.148918,0.24,1,185488,185049,439
37178861,5.20741,5.9016,441,121180,0.109784,0.33,1,185492,185051,441
37181781,9.04148,8.38032,442,121180,0.109957,0.25,1,185502,185060,442
37184701,4.2083,7.27606,438,121180,0.189991,0.22,1,185505,185067,438
37187621,12.0417,3.05521,450,121180,0.237998,0.34,1,185519,185069,450
37190541,4.00833,10.211,440,121180,0.2236,0.38,1,185521,185081,440
37193461,9.60167,3.64221,449,121180,0.28472,0.33,1,185532,185083,449
37196381,5.12033,11.9284,439,121180,0.304944,0.29,1,185536,185097,439
37199301,8.22407,5.58569,444,121180,0.348989,0.32,1,185545,185101,444
37202221,20.0448,7.51714,459,121180,0.213798,0.33,1,185568,185109,459
37205141,16.009,21.5034,449,121180,0.29876,0.21,1,185583,185134,449
37208061,26.4018,16.3007,463,121180,0.211752,0.13,1,185612,185149,463
37210981,14.0804,32.0601,438,121180,0.26635,0.19,1,185623,185185,438
37213901,4.41607,9.61203,436,121180,0.24527,0.15,1,185625,185189,436
37216821,33.6832,3.52241,475,121180,0.305054,0.22,1,185666,185191,475
37219741,13.1366,35.1045,440,121180,0.253011,0.16,1,185674,185234,440
37222661,5.02733,11.8209,437,121180,0.258602,0.23,1,185677,185240,437
37225581,18.6055,7.16418,453,121180,0.29972,0.24,1,185699,185246,453
37228501,5.32109,17.4328,435,121180,0.275944,0.2,1,185701,185266,435
37231421,6.66422,5.08657,440,121180,0.263189,0.26,1,185708,185268,440
37234341,13.3328,10.6173,443,121180,0.348638,0.26,1,185723,185280,443
37237261,14.6666,15.7235,441,121180,0.341728,0.27,1,185738,185297,441
37240181,9.33331,12.7447,437,121180,0.340346,0.2,1,185746,185309,437
37243101,9.06666,9.74894,437,121180,0.300069,0.2,1,185755,185318,437
37246021,6.61333,3.54979,441,121180,0.236014,0.29,1,185761,185320,441
37248941,11.7227,8.70996,444,121180,0.367203,0.21,1,185774,185330,444
37251861,3.94453,9.74199,436,121180,0.361441,0.21,1,185776,185340,436
37254781,2.38891,3.5484,436,121180,0.328288,0.22,1,185778,185342,436
37257701,29.2778,2.30968,470,121180,0.305658,0.21,1,185814,185344,470
37260621,7.45556,30.8619,434,121180,0.421132,0.18,1,185816,185382,434
37263541,4.69111,7.77239,436,121180,0.364226,0.18,1,185820,185384,436
37266461,4.13822,3.15448,438,121180,0.296845,0.24,1,185824,185386,438
37269381,6.42764,7.0309,437,121180,0.419369,0.31,1,185831,185394,437
37272301,6.08553,3.80618,440,121180,0.411874,0.2,1,185837,185397,440
37275221,11.6171,6.36124,446,121180,0.410375,0.15,1,185850,185404,446
37278141,7.92342,17.2722,433,121180,0.322075,0.11,1,185857,185424,433
37281061,15.9847,5.05445,449,121180,0.384415,0.18,1,185875,185426,449
37283981,10.3969,17.8109,437,121180,0.356883,0.25,1,185884,185447,437
37286901,3.67939,5.16218,437,121180,0.351377,0.26,1,185886,185449,437
37289821,3.93588,2.63244,439,121180,0.286275,0.29,1,185890,185451,439
37292741,13.5872,6.92649,447,121180,0.393255,0.16,1,185906,185459,447
37295661,11.5174,18.1853,437,121180,0.350651,0.14,1,185917,185480,437
37298581,3.90349,10.0371,431,121180,0.36613,0.1,1,185919,185488,431
37301501,11.1807,5.20741,440,121180,0.385226,0.11,1,185932,185492,440
37304421,5.43614,9.04148,434,121180,0.325045,0.21,1,185936,185502,434
37307341,16.2872,4.2083,450,121180,0.377009,0.25,1,185955,185505,450
37310261,4.85745,12.0417,438,121180,0.355402,0.22,1,185957,185519,438
37313181,5.77149,4.00833,442,121180,0.35908,0.3,1,185963,185521,442
37316101,9.9543,9.60167,442,121180,0.423816,0.31,1,185974,185532,442
37319021,5.99086,5.12033,443,121180,0.356763,0.36,1,185979,185536,443
37321941,21.9982,8.22407,460,121180,0.391353,0.18,1,186005,185545,460
37324861,10.7996,20.0448,445,121180,0.278271,0.32,1,186013,185568,445
37327781,28.5599,16.009,463,121180,0.239654,0.19,1,186046,185583,463
37330701,15.312,26.4018,446,121180,0.359931,0.28,1,186058,185612,446
37333621,5.4624,14.0804,438,121180,0.343986,0.24,1,186061,185623,438
37336541,32.2925,4.41607,475,121180,0.308797,0.32,1,186100,185625,475
37339461,18.4585,33.6832,449,121180,0.309759,0.24,1,186115,185666,449
37342381,5.2917,13.1366,443,121180,0.285952,0.26,1,186117,185674,443
37345301,13.8583,5.02733,456,121180,0.36119,0.31,1,186133,185677,456
37348221,5.17167,18.6055,437,121180,0.336238,0.27,1,186136,185699,437
37351141,8.23433,5.32109,444,121180,0.315248,0.26,1,186145,185701,444
37354061,13.6469,6.66422,452,121180,0.31905,0.37,1,186160,185708,452
37356981,14.7294,13.3328,452,121180,0.22381,0.34,1,186175,185723,452
37359901,8.54587,14.6666,444,121180,0.196762,0.34,1,186182,185738,444
37362821,8.10917,9.33331,444,121180,0.263352,0.29,1,186190,185746,444
37365741,5.62183,9.06666,440,121180,0.23667,0.22,1,186195,185755,440
37368661,15.5244,6.61333,452,121180,0.231334,0.4,1,186213,185761,452
37371581,4.70487,11.7227,441,121180,0.206267,0.36,1,186215,185774,441
37374501,4.14097,3.94453,443,121180,0.313253,0.32,1,186219,185776,443
37377421,24.0282,2.38891,470,121180,0.350651,0.3,1,186248,185778,470
37380341,7.20564,29.2778,437,121180,0.31013,0.45,1,186251,185814,437
37383261,9.44113,7.45556,445,121180,0.334026,0.35,1,186261,185816,445
37386181,5.08823,4.69111,445,121180,0.362805,0.28,1,186265,185820,445
37389101,2.61765,4.13822,443,121180,0.336561,0.45,1,186267,185824,443
37392021,7.72353,6.42764,445,121180,0.419312,0.41,1,186276,185831,445
37394941,10.3447,6.08553,450,121180,0.443862,0.41,1,186287,185837,450
37397861,3.66894,11.6171,439,121180,0.448772,0.3,1,186289,185850,439
37400781,19.9338,7.92342,456,121180,0.249754,0.4,1,186313,185857,456
37403701,15.1868,15.9847,452,121180,0.361951,0.35,1,186327,185875,452
37406621,4.63735,10.3969,445,121180,0.35239,0.35,1,186329,185884,445
37409541,4.92747,3.67939,448,121180,0.270478,0.27,1,186334,185886,448
37412461,8.18549,3.93588,453,121180,0.302096,0.42,1,186343,185890,453
37415381,14.4371,13.5872,453,121180,0.340419,0.34,1,186359,185906,453
37418301,5.28742,11.5174,445,121180,0.300084,0.37,1,186362,185917,445
37421221,8.25748,3.90349,452,121180,0.332017,0.39,1,186371,185919,452
37424141,4.0515,11.1807,442,121180,0.322403,0.31,1,186374,185932,442
37427061,15.2103,5.43614,456,121180,0.320481,0.39,1,186392,185936,456
37429981,8.64206,16.2872,444,121180,0.256096,0.35,1,186399,185955,444
37432901,6.52841,4.85745,448,121180,0.323219,0.36,1,186405,185957,448
37435821,9.30568,5.77149,452,121180,0.416644,0.44,1,186415,185963,452
37438741,5.06114,9.9543,445,121180,0.435329,0.34,1,186419,185974,445
37441661,16.2122,5.99086,459,121180,0.399066,0.4,1,186438,185979,459
37444581,12.8424,21.9982,445,121180,0.335813,0.25,1,186450,186005,445
37447501,32.9685,10.7996,475,121180,0.267163,0.23,1,186488,186013,475
37450421,11.3937,28.5599,448,121180,0.301433,0.39,1,186494,186046,448
37453341,3.87874,15.312,438,121180,0.276287,0.34,1,186496,186058,438
37456261,35.1757,5.4624,478,121180,0.303257,0.3,1,186539,186061,478
37459181,15.0351,32.2925,449,121180,0.300651,0.31,1,186549,186100,449
37462101,5.40703,18.4585,437,121180,0.28413,0.28,1,186552,186115,437
37465021,13.0814,5.2917,450,119720,0.168826,0.38,1,186567,186117,450
37467941,7.41628,13.8583,440,119720,0.249765,0.33,1,186573,186133,440
37470861,5.48326,5.17167,442,119720,0.217953,0.31,1,186578,186136,442
37473781,13.8967,8.23433,449,119720,0.235591,0.32,1,186594,186145,449
37476701,18.7793,13.6469,454,119720,0.151118,0.2,1,186614,186160,454
37479621,5.35587,14.7294,441,119720,0.110224,0.19,1,186616,186175,441
37482541,7.47117,8.54587,442,119720,0.158045,0.28,1,186624,186182,442
37485461,4.69423,8.10917,438,119720,0.175609,0.23,1,186628,186190,438
37488381,16.9388,5.62183,453,119720,0.147122,0.23,1,186648,186195,453
37491301,4.98777,15.5244,437,119720,0.109424,0.2,1,186650,186213,437
37494221,7.39755,4.70487,443,119720,0.173885,0.34,1,186658,186215,443
37497141,24.6795,4.14097,468,119720,0.242777,0.36,1,186687,186219,468
37500061,6.5359,24.0282,441,119720,0.224555,0.3,1,186689,186248,441
37502981,6.10718,7.20564,444,119720,0.204911,0.34,1,186695,186251,444
37505901,5.22144,9.44113,439,119720,0.184982,0.37,1,186700,186261,439
37508821,8.24429,5.08823,444,119720,0.268996,0.33,1,186709,186265,444
37511741,4.04886,2.61765,445,119720,0.269799,0.44,1,186712,186267,445
37514661,10.4098,7.72353,448,119720,0.26996,0.45,1,186724,186276,448
37517581,8.48195,10.3447,445,119720,0.205992,0.45,1,186732,186287,445
37520501,19.2964,3.66894,465,119720,0.201198,0.2,1,186754,186289,465
37523421,11.8593,19.9338,451,119720,0.24824,0.39,1,186764,186313,451
37526341,3.97186,15.1868,439,119720,0.265648,0.35,1,186766,186327,439
37529261,4.79437,4.63735,442,119720,0.18913,0.25,1,186771,186329,442
37532181,12.9589,4.92747,452,119720,0.229826,0.31,1,186786,186334,452
37535101,12.1918,8.18549,455,119720,0.285965,0.35,1,186798,186343,455
37538021,4.03835,14.4371,441,119720,0.273193,0.29,1,186800,186359,441
37540941,6.40767,5.28742,445,119720,0.206639,0.34,1,186807,186362,445
37543861,3.68153,8.25748,439,119720,0.241328,0.32,1,186810,186371,439
37546781,17.5363,4.0515,457,119720,0.224266,0.32,1,186831,186374,457
37549701,10.7073,15.2103,448,119720,0.244853,0.24,1,186840,186392,448
37552621,6.94145,8.64206,447,119720,0.184971,0.34,1,186846,186399,447
37555541,10.9883,6.52841,453,119720,0.284994,0.44,1,186858,186405,453
37558461,5.39766,9.30568,447,119720,0.288999,0.44,1,186862,186415,447
37561381,11.4795,5.06114,456,119720,0.3138,0.39,1,186875,186419,456
37564301,12.6959,16.2122,450,119720,0.28676,0.32,1,186888,186438,450
37567221,28.1392,12.8424,470,119720,0.185352,0.25,1,186920,186450,470
37570141,14.4278,32.9685,443,119720,0.21307,0.31,1,186931,186488,443
37573061,4.48557,11.3937,439,119720,0.274614,0.27,1,186933,186494,439
37575981,35.2971,3.87874,480,119720,0.230923,0.31,1,186976,186496,480
37578901,11.8594,35.1757,443,119720,0.150185,0.3,1,186982,186539,443
37581821,3.97188,15.0351,435,119720,0.190037,0.14,1,186984,186549,435
37584741,12.7944,17.407,432,118260,0.222007,0.27,1,186999,186567,432
37587661,9.75888,8.28141,435,118260,0.236401,0.21,1,187008,186573,435
37590581,6.75178,5.65628,436,118260,0.26328,0.24,1,187014,186578,436
37593501,10.9504,13.9313,432,118260,0.284656,0.13,1,187026,186594,432
37596421,17.3901,18.7863,431,118260,0.280931,0.1,1,187045,186614,431
37599341,5.07801,5.35725,431,118260,0.248186,0.17,1,187047,186616,431
37602261,8.2156,7.47145,432,118260,0.169637,0.18,1,187056,186624,432
37605181,6.44312,4.69429,434,118260,0.185927,0.14,1,187062,186628,434
37608101,15.6886,16.9389,432,118260,0.221185,0.1,1,187080,186648,432
37611021,4.73772,4.98777,432,118260,0.276237,0.19,1,187082,186650,432
37613941,8.94754,7.39755,434,118260,0.159247,0.26,1,187092,186658,434
37616861,22.5895,24.6795,431,118260,0.279849,0.22,1,187118,186687,431
37619781,6.1179,6.5359,431,118260,0.27997,0.2,1,187120,186689,431
37622701,7.62358,6.10718,433,118260,0.183994,0.18,1,187128,186695,433
37625621,7.92472,5.22144,436,118260,0.244799,0.29,1,187136,186700,436
37628541,3.18494,8.24429,429,118260,0.24096,0.27,1,187138,186709,429
37631461,8.63699,4.04886,436,118260,0.248192,0.27,1,187148,186712,436
37634381,8.1274,10.4098,432,118260,0.217638,0.19,1,187156,186724,432
37637301,8.02548,8.48195,432,118260,0.307528,0.2,1,187164,186732,432
37640221,22.4051,19.2964,436,118260,0.293506,0.26,1,187190,186754,436
37643141,7.68102,11.8593,430,118260,0.226701,0.27,1,187194,186764,430
37646061,9.5362,3.97186,438,118260,0.23734,0.17,1,187204,186766,438
37648981,5.10724,4.79437,437,118260,0.255468,0.24,1,187208,186771,437
37651901,12.2214,12.9589,436,118260,0.283094,0.3,1,187222,186786,436
37654821,8.84429,12.1918,432,118260,0.248619,0.27,1,187230,186798,432
37657741,5.76886,4.03835,435,118260,0.225724,0.19,1,187235,186800,435
37660661,4.35377,6.40767,432,118260,0.277145,0.25,1,187239,186807,432
37663581,4.07075,3.68153,433,118260,0.303429,0.22,1,187243,186810,433
37666501,17.6142,17.5363,433,118260,0.228686,0.25,1,187264,186831,433
37669421,8.32283,10.7073,430,118260,0.293737,0.17,1,187270,186840,430
37672341,12.0646,6.94145,437,118260,0.250747,0.31,1,187283,186846,437
37675261,5.61291,10.9883,429,118260,0.266149,0.29,1,187287,186858,429
37678181,9.92258,5.39766,436,118260,0.31723,0.32,1,187298,186862,436
37681101,8.38452,11.4795,431,118260,0.319446,0.28,1,187306,186875,431
37684021,12.8769,12.6959,432,118260,0.327889,0.16,1,187320,186888,432
37686941,27.3754,28.1392,431,118260,0.313578,0.22,1,187351,186920,431
37689861,11.8751,14.4278,428,118260,0.302716,0.29,1,187359,186931,428
37692781,3.97502,4.48557,428,118260,0.308543,0.22,1,187361,186933,428
37695701,38.395,35.2971,432,118260,0.317709,0.13,1,187408,186976,432
37698621,15.679,11.8594,436,118260,0.327542,0.2,1,187418,186982,436
37701541,14.3358,3.97188,448,118260,0.313508,0.23,1,187432,186984,448
37704461,7.66716,12.7944,439,118260,0.262702,0.24,1,187438,186999,439
37707381,10.3334,9.75888,441,118260,0.29254,0.27,1,187449,187008,441
37710301,10.0667,6.75178,445,118260,0.274508,0.29,1,187459,187014,445
37713221,13.2133,10.9504,447,118260,0.206902,0.28,1,187473,187026,447
37716141,4.24267,17.3901,430,118260,0.25738,0.24,1,187475,187045,430
37719061,10.4485,5.07801,440,118260,0.291476,0.15,1,187487,187047,440
37721981,10.8897,8.2156,442,118260,0.282295,0.19,1,187498,187056,442
37724901,10.1779,6.44312,446,118260,0.248459,0.23,1,187508,187062,446
37727821,3.63559,15.6886,430,118260,0.305692,0.29,1,187510,187080,430
37730741,11.1271,4.73772,441,118260,0.325138,0.13,1,187523,187082,441
37733661,22.2254,8.94754,456,118260,0.385028,0.31,1,187548,187092,456
37736581,10.8451,22.5895,438,118260,0.381006,0.28,1,187556,187118,438
37739501,5.36902,6.1179,440,118260,0.348201,0.16,1,187560,187120,440
37742421,9.0738,7.62358,442,118260,0.32564,0.26,1,187570,187128,442
37745341,3.41476,7.92472,436,118260,0.321128,0.24,1,187572,187136,436
37748261,5.48295,3.18494,440,118260,0.304226,0.25,1,187578,187138,440
37751181,12.2966,8.63699,444,118260,0.332845,0.21,1,187592,187148,444
37754101,5.65932,8.1274,440,118260,0.290569,0.33,1,187596,187156,440
37757021,21.9319,8.02548,458,118260,0.338114,0.29,1,187622,187164,458
37759941,9.98637,22.4051,439,118260,0.315623,0.21,1,187629,187190,439
37762861,10.7973,7.68102,446,118260,0.295125,0.24,1,187640,187194,446
37765781,5.35945,9.5362,440,118260,0.227025,0.26,1,187644,187204,440
37768701,9.07189,5.10724,446,118260,0.333405,0.29,1,187654,187208,446
37771621,12.2144,12.2214,445,118260,0.354681,0.24,1,187667,187222,445
37774541,4.04288,8.84429,439,118260,0.318936,0.22,1,187669,187230,439
37777461,3.20858,5.76886,437,118260,0.271787,0.29,1,187672,187235,437
37780381,6.24171,4.35377,440,118260,0.182357,0.31,1,187679,187239,440
37783301,15.6483,4.07075,454,118260,0.332471,0.21,1,187697,187243,454
37786221,8.72967,17.6142,440,118260,0.274494,0.31,1,187704,187264,440
37789141,14.5459,8.32283,450,118260,0.286899,0.24,1,187720,187270,450
37792061,6.10919,12.0646,441,118260,0.22538,0.27,1,187724,187283,441
37794981,9.22184,5.61291,447,118260,0.357076,0.33,1,187734,187287,447
37797901,11.4444,9.92258,448,118260,0.351415,0.32,1,187746,187298,448
37800821,9.48887,8.38452,449,118260,0.310283,0.33,1,187755,187306,449
37803741,27.4978,12.8769,467,118260,0.262057,0.31,1,187787,187320,467
37806661,13.4996,27.3754,446,118260,0.204411,0.3,1,187797,187351,446
37809581,4.29991,11.8751,440,118260,0.200882,0.31,1,187799,187359,440
37812501,39.26,3.97502,486,118260,0.304176,0.32,1,187847,187361,486
37815421,15.852,38.395,449,118260,0.332835,0.33,1,187857,187408,449
37818341,13.5704,15.679,452,118260,0.226567,0.31,1,187870,187418,452
37821261,5.91408,14.3358,442,118260,0.237313,0.25,1,187874,187432,442
37824181,9.18282,7.66716,446,118260,0.143463,0.3,1,187884,187438,446
37827101,7.43656,10.3334,442,118260,0.196693,0.27,1,187891,187449,442
37830021,16.6873,10.0667,451,118260,0.183339,0.19,1,187910,187459,451
37832941,4.93746,13.2133,439,118260,0.148668,0.27,1,187912,187473,439
37835861,8.98749,4.24267,447,118260,0.149734,0.3,1,187922,187475,447
37838781,10.5975,10.4485,446,118260,0.173947,0.28,1,187933,187487,446
37841701,8.5195,10.8897,443,118260,0.234789,0.24,1,187941,187498,443
37844621,7.3039,10.1779,440,118260,0.230958,0.32,1,187948,187508,440
37847541,8.66078,3.63559,447,118260,0.166192,0.33,1,187957,187510,447
37850461,24.9322,11.1271,463,118260,0.217238,0.4,1,187986,187523,463
37853381,12.9864,22.2254,448,118260,0.211448,0.38,1,187996,187548,448
37856301,4.19729,10.8451,442,118260,0.21029,0.34,1,187998,187556,442
37859221,7.23946,5.36902,446,118260,0.218058,0.32,1,188006,187560,446
37862141,3.84789,9.0738,439,118260,0.243612,0.32,1,188009,187570,439
37865061,2.36958,3.41476,439,118260,0.216722,0.3,1,188011,187572,439
37867981,17.2739,5.48295,454,118260,0.139344,0.34,1,188032,187578,454
37870901,5.05478,12.2966,442,118260,0.131869,0.28,1,188034,187592,442
37873821,20.211,5.65932,462,118260,0.258374,0.35,1,188058,187596,462
37876741,8.84219,21.9319,442,118260,0.219675,0.31,1,188064,187622,442
37879661,4.96844,9.98637,439,118260,0.275935,0.29,1,188068,187629,439
37882581,12.9937,10.7973,443,118260,0.151187,0.21,1,188083,187640,443
37885501,11.3987,5.35945,450,118260,0.0942374,0.36,1,188094,187644,450
37888421,3.87975,9.07189,442,118260,0.210847,0.36,1,188096,187654,442
37891341,3.17595,12.2144,432,118260,0.27417,0.31,1,188099,187667,432
37894261,7.03519,4.04288,438,118260,0.254834,0.26,1,188107,187669,438
37897181,11.007,3.20858,447,118260,0.266967,0.16,1,188119,187672,447
37900101,11.0014,6.24171,451,118260,0.165393,0.37,1,188130,187679,451
37903021,9.40028,15.6483,442,118260,0.193079,0.26,1,188139,187697,442
37905941,18.6801,8.72967,456,118260,0.174616,0.29,1,188160,187704,456
37908861,6.93601,14.5459,444,118260,0.106923,0.21,1,188164,187720,444
37911781,4.5872,6.10919,444,118260,0.157385,0.39,1,188168,187724,444
37914701,11.3174,9.22184,447,118260,0.239477,0.35,1,188181,187734,447
37917621,11.0635,11.4444,446,118260,0.303895,0.3,1,188192,187746,446
37920541,23.0127,9.48887,463,118260,0.172779,0.25,1,188218,187755,463
37923461,11.8025,27.4978,440,118260,0.162556,0.19,1,188227,187787,440
37926381,3.96051,13.4996,432,118260,0.192511,0.2,1,188229,187797,432
37929301,45.5921,4.29991,486,118260,0.206502,0.33,1,188285,187799,486
37932221,12.3184,39.26,442,118260,0.2173,0.34,1,188289,187847,442
37935141,10.4637,15.852,442,118260,0.17946,0.2,1,188299,187857,442
37938061,4.49274,13.5704,432,118260,0.251892,0.24,1,188302,187870,432
37940981,9.69855,5.91408,439,118260,0.194378,0.12,1,188313,187874,439
37943901,5.93971,9.18282,434,118260,0.230876,0.21,1,188318,187884,434
37946821,17.9879,7.43656,448,118260,0.254175,0.18,1,188339,187891,448
37949741,5.19759,16.6873,431,118260,0.218835,0.14,1,188341,187910,431
37952661,9.03952,4.93746,439,118260,0.267767,0.15,1,188351,187912,439
37955581,13.8079,8.98749,444,118260,0.253553,0.18,1,188366,187922,444
37958501,5.96158,10.5975,437,118260,0.194711,0.25,1,188370,187933,437
37961421,9.19232,8.5195,439,118260,0.134942,0.23,1,188380,187941,439
37964341,9.03846,7.3039,441,118260,0.234988,0.15,1,188389,187948,441
37967261,25.0077,8.66078,461,118260,0.230998,0.23,1,188418,187957,461
37970181,13.0015,24.9322,442,118260,0.2062,0.21,1,188428,187986,442
37973101,4.20031,12.9864,434,118260,0.19324,0.21,1,188430,187996,434
37976021,5.64006,4.19729,438,118260,0.206648,0.22,1,188436,187998,438
37978941,2.72801,7.23946,432,118260,0.18533,0.25,1,188438,188006,432
37981861,5.3456,3.84789,435,118260,0.269066,0.21,1,188444,188009,435
37984781,17.8691,2.36958,454,118260,0.213813,0.12,1,188465,188011,454
37987701,5.17382,17.2739,435,118260,0.202763,0.13,1,188467,188032,435
37990621,22.6348,5.05478,460,118260,0.240553,0.29,1,188494,188034,460
37993541,6.12695,20.211,438,118260,0.248111,0.21,1,188496,188058,438
37996461,2.82539,8.84219,434,118260,0.225622,0.29,1,188498,188064,434
37999381,7.76508,4.96844,439,118260,0.269124,0.12,1,188507,188068,439
38002301,16.753,12.9937,443,118260,0.285825,0.08,1,188526,188083,443
38005221,4.9506,11.3987,434,118260,0.257165,0.24,1,188528,188094,434
38008141,3.39012,3.87975,435,118260,0.291433,0.29,1,188531,188096,435
38011061,3.07802,3.17595,435,118260,0.290287,0.25,1,188534,188099,435
38013981,9.4156,7.03519,438,118260,0.314057,0.27,1,188545,188107,438
38016901,13.8831,11.007,441,118260,0.294811,0.14,1,188560,188119,441
38019821,10.7766,11.0014,440,118260,0.330962,0.2,1,188570,188130,440
38022741,17.3553,9.40028,450,118260,0.330192,0.17,1,188589,188139,450
38025661,11.4711,18.6801,439,118260,0.250039,0.09,1,188599,188160,439
38028581,5.49421,6.93601,439,118260,0.322008,0.17,1,188603,188164,439
38031501,12.2988,4.5872,449,118260,0.328402,0.26,1,188617,188168,449
38034421,10.4598,11.3174,446,118260,0.27368,0.32,1,188627,188181,446
38037341,18.092,11.0635,455,118260,0.294736,0.14,1,188647,188192,455
38040261,10.8184,23.0127,438,118260,0.202947,0.16,1,188656,188218,438
38043181,3.76368,11.8025,431,118260,0.216589,0.2,1,188658,188227,431
38046101,46.3527,3.96051,486,118260,0.243318,0.21,1,188715,188229,486
38049021,12.4705,45.5921,434,118260,0.304664,0.22,1,188719,188285,434
38051941,10.4941,12.3184,440,118260,0.252933,0.17,1,188729,188289,440
38054861,3.69882,10.4637,432,118260,0.314587,0.27,1,188731,188299,432
38057781,9.53976,4.49274,440,118260,0.358917,0.18,1,188742,188302,440
38060701,8.30795,9.69855,437,118260,0.319783,0.24,1,188750,188313,437
38063621,19.2616,5.93971,454,118260,0.279957,0.26,1,188772,188318,454
38066541,7.85232,17.9879,438,118260,0.271991,0.21,1,188777,188339,438
38069461,3.97046,5.19759,439,118260,0.302398,0.28,1,188780,188341,439
38072381,10.3941,9.03952,441,118260,0.30848,0.25,1,188792,188351,441
38075301,5.27882,13.8079,430,118260,0.245696,0.18,1,188796,188366,430
38078221,14.6558,5.96158,443,118260,0.273139,0.12,1,188813,188370,443
38081141,9.33115,9.19232,441,118260,0.318628,0.26,1,188821,188380,441
38084061,24.2662,9.03846,460,118260,0.279726,0.23,1,188849,188389,460
38086981,12.0532,25.0077,440,118260,0.295945,0.2,1,188858,188418,440
38089901,4.01065,13.0015,432,118260,0.379189,0.19,1,188860,188428,432
38092821,8.80213,4.20031,440,118260,0.363838,0.21,1,188870,188430,440
38095741,3.36043,5.64006,436,118260,0.360768,0.18,1,188872,188436,436
38098661,5.47209,2.72801,440,118260,0.368153,0.29,1,188878,188438,440
38101581,17.0944,5.3456,454,118260,0.313631,0.2,1,188898,188444,454
38104501,5.01888,17.8691,435,118260,0.310726,0.2,1,188900,188465,435
38107421,23.4038,5.17382,461,118260,0.262145,0.25,1,188928,188467,461
38110341,6.28075,22.6348,436,118260,0.252429,0.25,1,188930,188494,436
38113261,2.85615,6.12695,436,118260,0.250486,0.22,1,188932,188496,436
38116181,10.1712,2.82539,446,118260,0.362097,0.28,1,188944,188498,446
38119101,16.4342,7.76508,455,118260,0.280419,0.29,1,188962,188507,455
38122021,6.48685,16.753,440,118260,0.328084,0.25,1,188966,188526,440
38124941,2.89737,4.9506,440,118260,0.305617,0.3,1,188968,188528,440
38127861,2.17947,3.39012,439,118260,0.309123,0.29,1,188970,188531,439
38130781,5.23589,3.07802,442,118260,0.333825,0.32,1,188976,188534,442
38133701,18.6472,9.4156,453,118260,0.338765,0.29,1,188998,188545,453
38136621,8.52944,13.8831,444,118260,0.339753,0.34,1,189004,188560,444
38139541,15.3059,10.7766,451,118260,0.283951,0.33,1,189021,188570,451
38142461,15.0612,17.3553,447,118260,0.28879,0.23,1,189036,188589,447
38145381,6.21224,11.4711,441,118260,0.233758,0.34,1,189040,188599,441
38148301,10.0424,5.49421,448,118260,0.334752,0.33,1,189051,188603,448
38151221,12.4085,12.2988,447,118260,0.32295,0.26,1,189064,188617,447
38154141,13.6817,10.4598,451,118260,0.27259,0.3,1,189078,188627,451
38157061,9.93634,18.092,440,118260,0.262518,0.18,1,189087,188647,440
38159981,3.58727,10.8184,433,118260,0.292504,0.22,1,189089,188656,433
38162901,47.1175,3.76368,489,118260,0.154501,0.25,1,189147,188658,489
38165821,13.4235,46.3527,437,118260,0.2229,0.32,1,189152,188715,437
38168741,9.8847,12.4705,442,118260,0.32458,0.24,1,189161,188719,442
38171661,8.37694,10.4941,440,118260,0.312916,0.33,1,189169,188729,440
38174581,8.07539,3.69882,446,118260,0.262583,0.37,1,189177,188731,446
38177501,3.21508,9.53976,437,118260,0.220517,0.31,1,189179,188742,437
38180421,23.843,8.30795,458,118260,0.204103,0.27,1,189208,188750,458
38183341,7.1686,19.2616,439,118260,0.184821,0.27,1,189211,188772,439
38186261,6.23372,7.85232,440,118260,0.148964,0.31,1,189217,188777,440
38189181,12.4467,3.97046,451,118260,0.285793,0.31,1,189231,188780,451
38192101,4.08935,10.3941,441,118260,0.273159,0.23,1,189233,188792,441
38195021,13.6179,5.27882,453,118260,0.278632,0.28,1,189249,188796,453
38197941,9.12357,14.6558,444,118260,0.151726,0.33,1,189257,188813,444
38200861,27.4247,9.33115,468,118260,0.182345,0.27,1,189289,188821,468
38203781,11.8849,24.2662,448,118260,0.156469,0.3,1,189297,188849,448
38206701,3.97699,12.0532,441,118260,0.151294,0.4,1,189299,188858,441
38209621,8.7954,4.01065,449,118260,0.326259,0.36,1,189309,188860,449
38212541,3.35908,8.80213,441,118260,0.361252,0.36,1,189311,188870,441
38215461,3.87182,3.36043,443,118260,0.31225,0.37,1,189315,188872,443
38218381,15.1744,5.47209,455,118260,0.27845,0.3,1,189333,188878,455
38221301,4.63487,17.0944,437,118260,0.29569,0.31,1,189335,188898,437
38224221,23.327,5.01888,463,118260,0.243138,0.25,1,189363,188900,463
38227141,6.26539,23.4038,437,118260,0.232628,0.25,1,189365,188928,437
38230061,3.65308,6.28075,438,118260,0.222526,0.25,1,189368,188930,438
38232981,9.53062,2.85615,447,118260,0.236505,0.39,1,189379,188932,447
38235901,17.9061,10.1712,455,118260,0.175301,0.26,1,189399,188944,455
38238821,8.38122,16.4342,443,118260,0.0990602,0.34,1,189405,188962,443
38241741,3.27624,6.48685,441,118260,0.171812,0.3,1,189407,188966,441
38244661,3.05525,2.89737,442,118260,0.298362,0.31,1,189410,188968,442
38247581,4.61105,2.17947,445,118260,0.243672,0.34,1,189415,188970,445
38250501,14.5222,5.23589,456,118260,0.192734,0.34,1,189432,188976,456
38253421,4.50444,18.6472,436,118260,0.222547,0.34,1,189434,188998,436
38256341,19.3009,8.52944,453,118260,0.252509,0.27,1,189457,189004,453
38259261,17.4602,15.3059,453,118260,0.250502,0.29,1,189474,189021,453
38262181,6.69204,15.0612,442,118260,0.1941,0.22,1,189478,189036,442
38265101,9.33841,6.21224,448,118260,0.30282,0.36,1,189488,189040,448
38268021,9.06768,10.0424,446,118260,0.292564,0.32,1,189497,189051,446
38270941,13.8135,12.4085,448,118260,0.338513,0.26,1,189512,189064,448
38273861,7.56271,13.6817,440,118260,0.251703,0.26,1,189518,189078,440
38276781,3.91254,9.93634,434,118260,0.330341,0.3,1,189521,189087,434
38279701,51.1825,3.58727,495,118260,0.218068,0.12,1,189584,189089,495
38282621,13.4365,47.1175,441,118260,0.259614,0.24,1,189588,189147,441
38285541,9.8873,13.4235,445,118260,0.267923,0.35,1,189597,189152,445
38288461,5.97746,9.8847,441,118260,0.333585,0.31,1,189602,189161,441
38291381,4.39549,8.37694,437,118260,0.282717,0.25,1,189606,189169,437
38294301,4.8791,8.07539,434,118260,0.352543,0.21,1,189611,189177,434
38297221,20.9758,3.21508,457,118260,0.174509,0.2,1,189636,189179,457
38300141,6.59516,23.843,431,118260,0.330902,0.18,1,189639,189208,431
38303061,11.719,7.1686,441,118260,0.35418,0.14,1,189652,189211,441
38305981,13.5438,6.23372,449,118260,0.374836,0.32,1,189666,189217,449
38308901,4.30876,12.4467,437,118260,0.346967,0.27,1,189668,189231,437
38311821,8.86175,4.08935,445,118260,0.253393,0.28,1,189678,189233,445
38314741,11.3724,13.6179,441,118260,0.274679,0.12,1,189690,189249,441
38317661,25.4745,9.12357,462,118260,0.382936,0.19,1,189719,189257,462
38320581,13.8949,27.4247,441,118260,0.364587,0.15,1,189730,189289,441
38323501,8.37898,11.8849,440,118260,0.240917,0.15,1,189737,189297,440
38326421,9.6758,3.97699,448,118260,0.184183,0.37,1,189747,189299,448
38329341,3.53516,8.7954,440,118260,0.372837,0.37,1,189749,189309,440
38332261,2.30703,3.35908,440,118260,0.378567,0.3,1,189751,189311,440
38335181,14.0614,3.87182,453,118260,0.355713,0.27,1,189768,189315,453
38338101,5.21228,15.1744,438,118260,0.343143,0.3,1,189771,189333,438
38341021,21.0425,4.63487,461,118260,0.340629,0.23,1,189796,189335,461
38343941,5.80849,23.327,435,118260,0.340126,0.23,1,189798,189363,435
38346861,2.7617,6.26539,435,118260,0.340025,0.22,1,189800,189365,435
38349781,9.35234,3.65308,443,118260,0.332005,0.24,1,189811,189368,443
38352701,21.8705,9.53062,457,118260,0.346401,0.16,1,189836,189379,457
38355621,5.97409,17.9061,439,118260,0.38928,0.08,1,189838,189399,439
38358541,2.79482,8.38122,435,118260,0.365856,0.19,1,189840,189405,435
38361461,5.35896,3.27624,439,118260,0.297171,0.33,1,189846,189407,439
38364381,4.27179,3.05525,440,118260,0.291434,0.23,1,189850,189410,440
38367301,8.85436,4.61105,445,118260,0.314287,0.18,1,189860,189415,445
38370221,3.37087,14.5222,430,118260,0.374857,0.23,1,189862,189432,430
38373141,21.4742,4.50444,454,118260,0.330971,0.26,1,189888,189434,454
38376061,16.2948,19.3009,446,118260,0.314194,0.25,1,189903,189457,446
38378981,12.059,17.4602,440,118260,0.342839,0.18,1,189914,189474,440
38381901,10.4118,6.69204,446,118260,0.292568,0.33,1,189924,189478,446
38384821,6.88236,9.33841,442,118260,0.362514,0.29,1,189930,189488,442
38387741,18.1765,9.06768,454,118260,0.376503,0.35,1,189951,189497,454
38390661,5.23529,13.8135,441,118260,0.379301,0.23,1,189953,189512,441
38393581,5.84706,7.56271,441,118260,0.29186,0.35,1,189959,189518,441
38396501,49.1694,3.91254,498,118260,0.258372,0.19,1,190019,189521,498
38399421,13.8339,51.1825,440,118260,0.363674,0.27,1,190024,189584,440
38402341,9.96678,13.4365,445,118260,0.312735,0.27,1,190033,189588,445
38405261,8.39336,9.8873,444,118260,0.294547,0.35,1,190041,189597,444
38408181,3.27867,5.97746,441,118260,0.386909,0.27,1,190043,189602,441
38411101,2.25573,4.39549,439,118260,0.405382,0.37,1,190045,189606,439
38414021,20.4511,4.8791,459,118260,0.241076,0.13,1,190070,189611,459
38416941,8.89023,20.9758,440,118260,0.192215,0.37,1,190076,189636,440
38419861,12.178,6.59516,450,118260,0.246443,0.36,1,190089,189639,450
38422781,8.83561,11.719,445,118260,0.185289,0.38,1,190097,189652,445
38425701,3.36712,13.5438,433,118260,0.141058,0.34,1,190099,189666,433
38428621,12.6734,4.30876,446,118260,0.308212,0.23,1,190114,189668,446
38431541,13.7347,8.86175,450,118260,0.261642,0.28,1,190128,189678,450
38434461,25.9469,11.3724,467,118260,0.324328,0.41,1,190157,189690,467
38437381,11.5894,25.4745,446,118260,0.320866,0.36,1,190165,189719,446
38440301,3.91788,13.8949,437,118260,0.320173,0.21,1,190167,189730,437
38443221,14.3836,8.37898,447,118260,0.256035,0.17,1,190184,189737,447
38446141,8.47671,9.6758,444,118260,0.259207,0.42,1,190191,189747,444
38449061,3.29534,3.53516,444,118260,0.227841,0.38,1,190193,189749,444
38451981,7.85907,2.30703,451,118260,0.309568,0.35,1,190202,189751,451
38454901,4.77181,14.0614,438,118260,0.301914,0.34,1,190206,189768,438
38457821,22.5544,5.21228,462,118260,0.252383,0.34,1,190233,189771,462
38460741,6.11087,21.0425,439,118260,0.250477,0.34,1,190235,189796,439
38463661,2.82217,5.80849,439,118260,0.250095,0.34,1,190237,189798,439
38466581,8.56443,2.7617,447,118260,0.346019,0.33,1,190247,189800,447
38469501,20.9129,9.35234,460,118260,0.269204,0.35,1,190271,189811,460
38472421,5.78258,21.8705,437,118260,0.229841,0.4,1,190273,189836,437
38475341,2.75652,5.97409,437,118260,0.189968,0.36,1,190275,189838,437
38478261,6.9513,2.79482,443,118260,0.317994,0.28,1,190283,189840,443
38481181,5.39026,5.35896,442,118260,0.351599,0.29,1,190288,189846,442
38484101,7.47805,4.27179,446,118260,0.34232,0.32,1,190296,189850,446
38487021,3.89561,8.85436,439,118260,0.356464,0.39,1,190299,189860,439
38489941,19.1791,3.37087,460,118260,0.207293,0.32,1,190322,189862,460
38492861,18.2358,21.4742,452,118260,0.257459,0.31,1,190340,189888,452
38495781,11.6472,16.2948,447,118260,0.307492,0.35,1,190350,189903,447
38498701,13.5294,12.059,450,118260,0.277498,0.28,1,190364,189914,450
38501621,5.90589,10.4118,444,118260,0.2155,0.38,1,190368,189924,444
38504541,15.5812,6.88236,456,118260,0.2191,0.38,1,190386,189930,456
38507461,10.3162,18.1765,444,118260,0.28382,0.38,1,190395,189951,444
38510381,3.66325,5.23529,444,118260,0.328764,0.27,1,190397,189953,444
38513301,47.1327,5.84706,496,118260,0.313753,0.25,1,190455,189959,496
38516221,13.4265,49.1694,441,118260,0.230751,0.39,1,190460,190019,441
38519141,14.6853,13.8339,451,118260,0.26215,0.3,1,190475,190024,451
38522061,4.53706,9.96678,444,118260,0.23643,0.29,1,190477,190033,444
38524981,2.50741,8.39336,438,118260,0.207286,0.41,1,190479,190041,438
38527901,2.10148,3.27867,438,118260,0.169457,0.41,1,190481,190043,438
38530821,21.2203,2.25573,462,118260,0.0898914,0.2,1,190507,190045,462
38533741,6.64406,20.4511,440,118260,0.177978,0.18,1,190510,190070,440
38536661,6.92881,8.89023,441,118260,0.0835957,0.26,1,190517,190076,441
38539581,14.9858,12.178,445,118260,0.208719,0.17,1,190534,190089,445
38542501,4.59715,8.83561,439,118260,0.201744,0.13,1,190536,190097,439
38545421,12.1194,3.36712,451,118260,0.304349,0.35,1,190550,190099,451
38548341,11.2239,12.6734,447,118260,0.30087,0.25,1,190561,190114,447
38551261,28.6448,13.7347,466,118260,0.300174,0.34,1,190594,190128,466
38554181,8.92896,25.9469,441,118260,0.268035,0.32,1,190598,190157,441
38557101,3.38579,11.5894,435,118260,0.309607,0.32,1,190600,190165,435
38560021,15.0772,3.91788,451,118260,0.269921,0.24,1,190618,190167,451
38562941,11.0154,14.3836,444,118260,0.229984,0.26,1,190628,190184,444
38565861,3.80309,8.47671,439,118260,0.341997,0.22,1,190630,190191,439
38568781,5.56062,3.29534,443,118260,0.276399,0.33,1,190636,190193,443
38571701,5.91212,7.85907,440,118260,0.33528,0.3,1,190642,190202,440
38574621,22.7824,4.77181,463,118260,0.331056,0.24,1,190669,190206,463
38577541,6.95648,22.5544,439,118260,0.314211,0.25,1,190672,190233,439
38580461,5.3913,6.11087,442,118260,0.294842,0.25,1,190677,190235,442
38583381,7.47826,2.82217,448,118260,0.322968,0.37,1,190685,190237,448
38586301,15.8957,8.56443,456,118260,0.280594,0.25,1,190703,190247,456
38589221,9.57913,20.9129,440,118260,0.288119,0.22,1,190711,190271,440
38592141,3.51583,5.78258,440,118260,0.289624,0.18,1,190713,190273,440
38595061,3.90317,2.75652,442,118260,0.257925,0.35,1,190717,190275,442
38597981,8.78063,6.9513,444,118260,0.315585,0.36,1,190727,190283,444
38600901,4.95613,5.39026,443,118260,0.319117,0.34,1,190731,190288,443
38603821,2.59123,7.47805,437,118260,0.287823,0.36,1,190733,190296,437
38606741,21.3182,3.89561,460,118260,0.281565,0.17,1,190759,190299,460
38609661,19.4636,19.1791,456,118260,0.232313,0.27,1,190778,190322,456
38612581,9.49273,18.2358,445,118260,0.222463,0.32,1,190785,190340,445
38615501,16.2985,11.6472,453,118260,0.252493,0.27,1,190803,190350,453
38618421,4.85971,13.5294,441,118260,0.258499,0.2,1,190805,190364,441
38621341,14.5719,5.90589,454,118260,0.2597,0.22,1,190822,190368,454
38624261,7.71439,15.5812,442,118260,0.19594,0.3,1,190828,190386,442
38627181,3.14288,10.3162,435,118260,0.183188,0.34,1,190830,190395,435
38630101,49.4286,3.66325,494,118260,0.276638,0.31,1,190891,190397,494
38633021,14.6857,47.1327,442,118260,0.287328,0.21,1,190897,190455,442
38635941,15.7371,13.4265,453,118260,0.273466,0.27,1,190913,190460,453
38638861,4.74743,14.6853,440,118260,0.238693,0.23,1,190915,190475,440
38641781,2.54949,4.53706,440,118260,0.199739,0.2,1,190917,190477,440
38644701,2.1099,2.50741,440,118260,0.159948,0.16,1,190919,190479,440
38647621,10.022,2.10148,450,118260,0.33599,0.07,1,190931,190481,450
38650541,8.4044,21.2203,432,118260,0.299198,0.2,1,190939,190507,432
38653461,11.2809,6.64406,441,118260,0.25984,0.06,1,190951,190510,441
38656381,13.4562,6.92881,448,118260,0.315968,0.24,1,190965,190517,448
38659301,10.6912,14.9858,441,118260,0.335194,0.2,1,190975,190534,441
38662221,9.33825,4.59715,448,118260,0.235039,0.33,1,190984,190536,448
38665141,9.86765,12.1194,444,118260,0.255008,0.3,1,190994,190550,444
38668061,31.5735,11.2239,470,118260,0.219002,0.3,1,191031,190561,470
38670981,11.1147,28.6448,443,118260,0.2118,0.26,1,191037,190594,443
38673901,3.82294,8.92896,441,118260,0.21036,0.32,1,191039,190598,441
38676821,10.3646,3.38579,451,118260,0.282072,0.26,1,191051,190600,451
38679741,14.8729,15.0772,449,118260,0.248414,0.22,1,191067,190618,449
38682661,4.57458,11.0154,441,118260,0.209683,0.37,1,191069,190628,441
38685581,5.71492,3.80309,445,118260,0.201937,0.26,1,191075,190630,445
38688501,2.74298,5.56062,441,118260,0.168387,0.35,1,191077,190636,441
38691421,22.1486,5.91212,462,118260,0.273677,0.33,1,191104,190642,462
38694341,10.0297,22.7824,442,118260,0.246735,0.31,1,191111,190669,442
38697261,3.60594,6.95648,441,118260,0.241347,0.29,1,191113,190672,441
38700181,7.12119,5.3913,444,118260,0.200269,0.33,1,191121,190677,444
38703101,15.0242,7.47826,453,118260,0.216054,0.27,1,191138,190685,453
38706021,8.60485,15.8957,442,118260,0.211211,0.29,1,191145,190703,442
38708941,3.32097,9.57913,436,118260,0.298242,0.29,1,191147,190711,436
38711861,7.06419,3.51583,442,118260,0.259648,0.25,1,191155,190713,442
38714781,6.21284,3.90317,444,118260,0.28393,0.33,1,191161,190717,444
38717701,4.44257,8.78063,438,118260,0.232786,0.32,1,191165,190727,438
38720621,2.48851,4.95613,436,118260,0.222557,0.28,1,191167,190731,436
38723541,23.6977,2.59123,463,118260,0.164511,0.28,1,191196,190733,463
38726461,15.9395,21.3182,451,118260,0.248902,0.22,1,191210,190759,451
38729381,11.1879,19.4636,442,118260,0.28178,0.22,1,191220,190778,442
38732301,18.2376,9.49273,455,118260,0.280356,0.26,1,191240,190785,455
38735221,5.24752,16.2985,439,118260,0.248071,0.26,1,191242,190803,439
38738141,9.0495,4.85971,447,118260,0.273614,0.26,1,191252,190805,447
38741061,10.6099,14.5719,441,118260,0.278723,0.18,1,191263,190822,441
38743981,3.72198,7.71439,437,118260,0.271745,0.18,1,191265,190828,437
38746901,47.1444,3.14288,493,118260,0.246349,0.3,1,191323,190830,493
38749821,19.0289,49.4286,444,118260,0.27327,0.29,1,191335,190891,444
38752741,9.40578,14.6857,445,118260,0.222654,0.27,1,191342,190897,445
38755661,12.2812,15.7371,442,118260,0.244531,0.23,1,191355,190913,442
38758581,4.05623,4.74743,442,118260,0.240906,0.19,1,191357,190915,442
38761501,2.41125,2.54949,442,118260,0.208181,0.15,1,191359,190917,442
38764421,5.28225,2.1099,446,118260,0.241636,0.38,1,191365,190919,446
38767341,7.45645,10.022,442,118260,0.296327,0.29,1,191373,190931,442
38770261,7.89129,8.4044,442,118260,0.267265,0.25,1,191381,190939,442
38773181,19.9783,11.2809,453,118260,0.133453,0.33,1,191404,190951,453
38776101,5.59565,13.4562,441,118260,0.258691,0.34,1,191406,190965,441
38779021,10.7191,10.6912,443,118260,0.283738,0.21,1,191418,190975,443
38781941,9.34383,9.33825,443,118260,0.160748,0.26,1,191427,190984,443
38784861,30.6688,9.86765,469,118260,0.31215,0.21,1,191463,190994,469
38787781,13.3338,31.5735,441,118260,0.23043,0.21,1,191472,191031,441
38790701,4.26675,11.1147,437,118260,0.246086,0.21,1,191474,191037,437
38793621,8.05335,3.82294,444,118260,0.233217,0.3,1,191483,191039,444
38796541,12.8107,10.3646,446,118260,0.294643,0.24,1,191497,191051,446
38799461,4.16213,14.8729,432,118260,0.282929,0.2,1,191499,191067,432
38802381,12.0324,4.57458,444,118260,0.232586,0.2,1,191513,191069,444
38805301,4.00649,5.71492,440,118260,0.278517,0.16,1,191515,191075,440
38808221,20.8013,2.74298,463,118260,0.271703,0.3,1,191540,191077,463
38811141,5.76026,22.1486,438,118260,0.270341,0.24,1,191542,191104,438
38814061,3.55205,10.0297,434,118260,0.254068,0.24,1,191545,191111,434
38816981,9.51041,3.60594,443,118260,0.290814,0.19,1,191556,191113,443
38819901,18.7021,7.12119,456,118260,0.242163,0.22,1,191577,191121,456
38822821,5.34042,15.0242,441,118260,0.232433,0.21,1,191579,191138,441
38825741,5.86808,8.60485,440,118260,0.262487,0.32,1,191585,191145,440
38828661,2.77362,3.32097,440,118260,0.268497,0.25,1,191587,191147,440
38831581,8.55472,7.06419,442,118260,0.341699,0.29,1,191597,191155,442
38834501,5.71094,6.21284,441,118260,0.30034,0.22,1,191602,191161,441
38837421,3.54219,4.44257,440,118260,0.244068,0.22,1,191605,191165,440
38840341,22.3084,2.48851,465,118260,0.112814,0.15,1,191632,191167,465
38843261,16.4617,23.6977,451,118260,0.238563,0.27,1,191647,191196,451
38846181,6.49234,15.9395,441,118260,0.255713,0.29,1,191651,191210,441
38849101,18.0985,11.1879,452,118260,0.291142,0.28,1,191672,191220,452
38852021,8.41969,18.2376,438,118260,0.314229,0.24,1,191678,191240,438
38854941,8.08394,5.24752,444,118260,0.246846,0.28,1,191686,191242,444
38857861,4.81679,9.0495,438,118260,0.257369,0.28,1,191690,191252,438
38860781,9.76336,10.6099,438,118260,0.307474,0.27,1,191701,191263,438
38863701,47.5527,3.72198,493,118260,0.229495,0.24,1,191758,191265,493
38866621,19.1105,47.1444,447,118260,0.213899,0.28,1,191770,191323,447
38869541,9.42211,19.0289,442,118260,0.22678,0.21,1,191777,191335,442
38872461,11.4844,9.40578,447,118260,0.269356,0.25,1,191789,191342,447
38875381,6.29688,12.2812,439,118260,0.269871,0.24,1,191794,191355,439
38878301,2.85938,4.05623,439,118260,0.237974,0.2,1,191796,191357,439
38881221,2.17188,2.41125,439,118260,0.287595,0.25,1,191798,191359,439
38884141,5.23438,5.28225,439,118260,0.225519,0.31,1,191804,191365,439
38887061,7.44688,7.45645,439,118260,0.293104,0.26,1,191812,191373,439
38889981,23.8894,7.89129,459,118260,0.122621,0.1,1,191840,191381,459
38892901,6.37787,19.9783,438,118260,0.144524,0.29,1,191842,191404,438
38895821,3.67557,5.59565,439,118260,0.260905,0.29,1,191845,191406,439
38898741,8.73511,10.7191,437,118260,0.252181,0.13,1,191855,191418,437
38901661,33.747,9.34383,468,118260,0.266436,0.35,1,191895,191427,468
38904581,13.9494,30.6688,441,118260,0.293287,0.21,1,191904,191463,441
38907501,4.38988,13.3338,434,118260,0.330657,0.25,1,191906,191472,434
38910421,13.678,4.26675,448,118260,0.298131,0.23,1,191922,191474,448
38913341,9.1356,8.05335,447,118260,0.283626,0.31,1,191930,191483,447
38916261,4.22712,12.8107,436,118260,0.376725,0.28,1,191933,191497,436
38919181,11.2454,4.16213,447,118260,0.275345,0.22,1,191946,191499,447
38922101,4.64908,12.0324,436,118260,0.231069,0.29,1,191949,191513,436
38925021,21.7298,4.00649,460,118260,0.254214,0.27,1,191975,191515,460
38927941,5.94596,20.8013,437,118260,0.330843,0.27,1,191977,191540,437
38930861,2.78919,5.76026,437,118260,0.338169,0.25,1,191979,191542,437
38933781,7.75784,3.55205,443,118260,0.371634,0.3,1,191988,191545,443
38936701,19.9516,9.51041,455,118260,0.234327,0.23,1,192011,191556,455
38939621,5.59031,18.7021,436,118260,0.238865,0.23,1,192013,191577,436
38942541,5.91806,5.34042,440,118260,0.239773,0.27,1,192019,191579,440
38945461,5.98361,5.86808,440,118260,0.231955,0.27,1,192025,191585,440
38948381,5.19672,2.77362,443,118260,0.278391,0.36,1,192030,191587,443
38951301,8.23934,8.55472,442,118260,0.319678,0.29,1,192039,191597,442
38954221,3.24787,5.71094,439,118260,0.367936,0.23,1,192041,191602,439
38957141,15.8496,3.54219,455,118260,0.337587,0.08,1,192060,191605,455
38960061,22.3699,22.3084,452,118260,0.291517,0.27,1,192084,191632,452
38962981,7.67398,16.4617,441,118260,0.210303,0.26,1,192088,191647,441
38965901,15.9348,6.49234,455,118260,0.250061,0.3,1,192106,191651,455
38968821,7.18696,18.0985,439,118260,0.210012,0.32,1,192111,191672,439
38971741,8.63739,8.41969,442,118260,0.298002,0.23,1,192120,191678,442
38974661,6.52748,8.08394,440,118260,0.2836,0.26,1,192126,191686,440
38977581,7.7055,4.81679,444,118260,0.29672,0.32,1,192134,191690,444
38980501,46.3411,9.76336,489,118260,0.275344,0.21,1,192190,191701,489
38983421,17.2682,47.5527,442,118260,0.271069,0.21,1,192200,191758,442
38986341,12.2536,19.1105,441,118260,0.342214,0.23,1,192211,191770,441
38989261,12.8507,9.42211,447,118260,0.340443,0.28,1,192224,191777,447
38992181,4.17015,11.4844,437,118260,0.300089,0.27,1,192226,191789,437
38995101,2.43403,6.29688,434,118260,0.260018,0.23,1,192228,191794,434
38998021,2.08681,2.85938,434,118260,0.308004,0.3,1,192230,191796,434
39000941,8.41736,2.17188,442,118260,0.325601,0.21,1,192240,191798,442
39003861,5.68347,5.23438,441,118260,0.32112,0.31,1,192245,191804,441
39006781,21.9367,7.44688,459,118260,0.264224,0.08,1,192271,191812,459
39009701,5.98734,23.8894,433,118260,0.228845,0.15,1,192273,191840,433
39012621,5.99747,6.37787,437,118260,0.213769,0.29,1,192279,191842,437
39015541,5.19949,3.67557,439,118260,0.346754,0.25,1,192284,191845,439
39018461,40.2399,8.73511,478,118260,0.237351,0.27,1,192333,191855,478
39021381,9.64798,33.747,440,118260,0.27147,0.3,1,192335,191895,440
39024301,8.3296,13.9494,439,118260,0.302294,0.34,1,192343,191904,439
39027221,13.6659,4.38988,452,118260,0.340459,0.29,1,192358,191906,452
39030141,8.33318,13.678,443,118260,0.284092,0.28,1,192365,191922,443
39033061,3.26664,9.1356,437,118260,0.264818,0.4,1,192367,191930,437
39035981,13.4533,4.22712,450,118260,0.292964,0.25,1,192383,191933,450
39038901,4.29067,11.2454,439,118260,0.274593,0.22,1,192385,191946,439
39041821,20.0581,4.64908,460,118260,0.246919,0.26,1,192409,191949,460
39044741,9.61163,21.7298,441,118260,0.249384,0.35,1,192416,191975,441
39047661,3.52233,5.94596,441,118260,0.257877,0.34,1,192418,191977,441
39050581,4.70446,2.78919,444,118260,0.315575,0.38,1,192423,191979,444
39053501,17.7409,7.75784,456,118260,0.327115,0.2,1,192444,191988,456
39056421,5.14818,19.9516,435,118260,0.297423,0.24,1,192446,192011,435
39059341,7.42964,5.59031,441,118260,0.251485,0.24,1,192454,192013,441
39062261,8.68593,5.91806,444,118260,0.266297,0.23,1,192463,192019,444
39065181,5.73719,5.98361,443,118260,0.325259,0.29,1,192468,192025,443
39068101,5.14744,5.19672,443,118260,0.353052,0.33,1,192473,192030,443
39071021,7.42949,8.23934,442,118260,0.31861,0.38,1,192481,192039,442
39073941,15.0859,3.24787,457,118260,0.311722,0.33,1,192498,192041,457
39076861,17.4172,15.8496,456,118260,0.278344,0.28,1,192516,192060,456
39079781,9.08344,22.3699,439,118260,0.255669,0.19,1,192523,192084,439
39082701,13.0167,7.67398,449,118260,0.323134,0.26,1,192537,192088,449
39085621,10.6033,15.9348,441,118260,0.288627,0.2,1,192547,192106,441
39088541,10.9207,7.18696,447,118260,0.321725,0.32,1,192558,192111,447
39091461,4.58413,8.63739,441,118260,0.312345,0.28,1,192561,192120,441
39094381,6.51683,6.52748,442,118260,0.342469,0.3,1,192568,192126,442
39097301,47.7034,7.7055,492,118260,0.300494,0.27,1,192626,192134,492
39100221,19.1407,46.3411,448,118260,0.356099,0.27,1,192638,192190,448
39103141,13.4281,17.2682,450,118260,0.31922,0.36,1,192650,192200,450
39106061,12.2856,12.2536,451,118260,0.351844,0.34,1,192662,192211,451
39108981,4.05713,12.8507,440,118260,0.358369,0.29,1,192664,192224,440
39111901,2.41143,4.17015,440,118260,0.327674,0.25,1,192666,192226,440
39114821,2.08229,2.43403,440,118260,0.289535,0.32,1,192668,192228,440
39117741,8.41646,2.08681,448,118260,0.297907,0.33,1,192678,192230,448
39120661,5.68329,8.41736,443,118260,0.259581,0.32,1,192683,192240,443
39123581,15.5367,5.68347,456,118260,0.283916,0.25,1,192701,192245,456
39126501,12.7073,21.9367,442,118260,0.312783,0.22,1,192713,192271,442
39129421,4.14147,5.98734,442,118260,0.286557,0.21,1,192715,192273,442
39132341,2.42829,5.99747,438,118260,0.257311,0.38,1,192717,192279,438
39135261,42.8857,5.19949,486,118260,0.179462,0.21,1,192770,192284,486
39138181,10.9771,40.2399,440,118260,0.147892,0.28,1,192773,192333,440
39141101,6.19543,9.64798,443,118260,0.229578,0.31,1,192778,192335,443
39144021,11.6391,8.3296,448,118260,0.301916,0.35,1,192791,192343,448
39146941,7.92782,13.6659,440,118260,0.212383,0.27,1,192798,192358,440
39149861,8.78556,8.33318,442,118260,0.242477,0.26,1,192807,192365,442
39152781,8.15711,3.26664,448,118260,0.232495,0.3,1,192815,192367,448
39155701,9.63142,13.4533,442,118260,0.206499,0.27,1,192825,192383,442
39158621,17.1263,4.29067,459,118260,0.1933,0.24,1,192844,192385,459
39161541,9.02526,20.0581,442,118260,0.23866,0.25,1,192851,192409,442
39164461,3.40505,9.61163,437,118260,0.255732,0.26,1,192853,192416,437
39167381,7.08101,3.52233,443,118260,0.251146,0.33,1,192861,192418,443
39170301,15.0162,4.70446,455,118260,0.266229,0.33,1,192878,192423,455
39173221,6.20324,17.7409,438,118260,0.229246,0.29,1,192882,192444,438
39176141,6.04065,5.14818,442,118260,0.245849,0.24,1,192888,192446,442
39179061,12.4081,7.42964,448,118260,0.25717,0.27,1,192902,192454,448
39181981,5.68163,8.68593,443,118260,0.195434,0.34,1,192906,192463,443
39184901,6.73632,5.73719,445,118260,0.263087,0.36,1,192913,192468,445
39187821,2.94726,5.14744,442,118260,0.252617,0.31,1,192915,192473,442
39190741,18.9895,7.42949,457,118260,0.130523,0.31,1,192938,192481,457
39193661,14.9979,15.0859,454,118260,0.234105,0.27,1,192952,192498,454
39196581,6.99958,17.4172,441,118260,0.206821,0.25,1,192957,192516,441
39199501,14.1999,9.08344,450,118260,0.217364,0.34,1,192973,192523,450
39202421,11.64,13.0167,447,118260,0.267473,0.28,1,192984,192537,447
39205341,12.728,10.6033,450,118260,0.165495,0.33,1,192997,192547,450
39208261,4.1456,10.9207,441,118260,0.233099,0.31,1,192999,192558,441
39211181,4.02912,4.58413,442,118260,0.22262,0.35,1,193003,192561,442
39214101,45.6058,6.51683,491,118260,0.172524,0.29,1,193059,192568,491
39217021,21.9212,47.7034,449,118260,0.218505,0.37,1,193075,192626,449
39219941,12.3842,19.1407,447,118260,0.203701,0.31,1,193085,192638,447
39222861,12.8768,13.4281,448,118260,0.16874,0.36,1,193098,192650,448
39225781,4.17537,12.2856,438,118260,0.249748,0.36,1,193100,192662,438
39228701,2.43507,4.05713,438,118260,0.22595,0.32,1,193102,192664,438
39231621,2.08701,2.41143,438,118260,0.18919,0.28,1,193104,192666,438
39234541,7.6174,2.08229,445,118260,0.133838,0.3,1,193113,192668,445
39237461,3.12348,8.41646,437,118260,0.266768,0.25,1,193115,192678,437
39240381,19.8247,5.68329,456,118260,0.181354,0.29,1,193139,192683,456
39243301,11.9649,15.5367,448,118260,0.228271,0.32,1,193149,192701,448
39246221,5.59299,12.7073,440,118260,0.205654,0.28,1,193153,192713,440
39249141,3.5186,4.14147,441,118260,0.209131,0.25,1,193156,192715,441
39252061,39.1037,2.42829,487,118260,0.289826,0.16,1,193204,192717,487
39254981,9.42074,42.8857,436,118260,0.273965,0.14,1,193206,192770,436
39257901,7.48415,10.9771,440,118260,0.318793,0.25,1,193213,192773,440
39260821,13.4968,6.19543,450,118260,0.247759,0.32,1,193228,192778,450
39263741,4.29937,11.6391,439,118260,0.193552,0.19,1,193230,192791,439
39266661,7.25987,7.92782,440,118260,0.19071,0.25,1,193238,192798,440
39269581,8.65197,8.78556,440,118260,0.222142,0.23,1,193247,192807,440
39272501,9.73039,8.15711,442,118260,0.276428,0.2,1,193257,192815,442
39275421,18.7461,9.63142,453,118260,0.255286,0.19,1,193278,192825,453
39278341,8.54922,17.1263,440,118260,0.251057,0.25,1,193284,192844,440
39281261,3.30984,9.02526,435,118260,0.370211,0.26,1,193286,192851,435
39284181,7.06197,3.40505,441,118260,0.338042,0.25,1,193294,192853,441
39287101,15.8124,7.08101,451,118260,0.331608,0.27,1,193312,192861,451
39290021,5.56248,15.0162,437,118260,0.314322,0.22,1,193315,192878,437
39292941,3.5125,6.20324,436,118260,0.318864,0.25,1,193318,192882,436
39295861,15.1025,6.04065,448,118260,0.255773,0.26,1,193336,192888,448
39298781,6.2205,12.4081,438,118260,0.299155,0.18,1,193340,192902,438
39301701,6.0441,5.68163,440,118260,0.235831,0.28,1,193346,192906,440
39304621,2.80882,6.73632,435,118260,0.215166,0.25,1,193348,192913,435
39307541,14.1618,2.94726,450,118260,0.307033,0.1,1,193365,192915,450
39310461,14.0324,18.9895,441,118260,0.237407,0.26,1,193379,192938,441
39313381,10.0065,14.9979,436,118260,0.191481,0.2,1,193388,192952,436
39316301,17.2013,6.99958,450,118260,0.246296,0.22,1,193407,192957,450
39319221,8.24026,14.1999,440,118260,0.257259,0.28,1,193413,192973,440
39322141,12.8481,11.64,443,118260,0.291452,0.14,1,193427,192984,443
39325061,7.36961,12.728,436,118260,0.27429,0.25,1,193433,192997,436
39327981,3.07392,4.1456,436,118260,0.270858,0.22,1,193435,192999,436
39330901,47.8148,4.02912,491,118260,0.302172,0.16,1,193494,193003,491
39333821,19.163,45.6058,447,118260,0.308434,0.23,1,193506,193059,447
39336741,10.2326,21.9212,439,118260,0.237687,0.2,1,193514,193075,439
39339661,10.0465,12.3842,439,118260,0.319537,0.16,1,193524,193085,439
39342581,3.6093,12.8768,428,118260,0.391907,0.27,1,193526,193098,428
39345501,2.32186,4.17537,428,118260,0.382381,0.22,1,193528,193100,428
39348421,9.26437,2.43507,437,118260,0.428476,0.18,1,193539,193102,437
39351341,8.25287,2.08701,443,118260,0.373695,0.12,1,193547,193104,443
39354261,3.25057,7.6174,436,118260,0.346739,0.3,1,193549,193113,436
39357181,18.2501,3.12348,456,118260,0.333348,0.16,1,193571,193115,456
39360101,11.65,19.8247,442,118260,0.33867,0.24,1,193581,193139,442
39363021,7.13,11.9649,438,118260,0.275734,0.2,1,193587,193149,438
39365941,3.026,5.59299,436,118260,0.279147,0.21,1,193589,193153,436
39368861,43.0052,3.5186,486,118260,0.247829,0.31,1,193642,193156,486
39371781,10.201,39.1037,440,118260,0.209566,0.27,1,193644,193204,440
39374701,5.24021,9.42074,442,118260,0.209913,0.33,1,193648,193206,442
39377621,9.04804,7.48415,445,118260,0.249983,0.23,1,193658,193213,445
39380541,4.20961,13.4968,433,118260,0.249997,0.18,1,193661,193228,433
39383461,8.04192,4.29937,440,118260,0.297999,0.19,1,193670,193230,440
39386381,12.0084,7.25987,445,118260,0.2516,0.23,1,193683,193238,445
39389301,7.20168,8.65197,442,118260,0.23432,0.29,1,193689,193247,442
39392221,25.4403,9.73039,462,118260,0.246864,0.25,1,193719,193257,462
39395141,6.68807,18.7461,443,118260,0.217373,0.25,1,193721,193278,443
39398061,2.93761,8.54922,439,118260,0.283475,0.4,1,193723,193284,439
39400981,6.98752,3.30984,445,118260,0.296695,0.33,1,193731,193286,445
39403901,14.9975,7.06197,454,118260,0.267339,0.33,1,193748,193294,454
39406821,4.5995,15.8124,438,118260,0.229468,0.31,1,193750,193312,438
39409741,2.5199,5.56248,437,118260,0.285894,0.32,1,193752,193315,437
39412661,12.504,3.5125,449,118260,0.257179,0.24,1,193767,193318,449
39415581,8.1008,15.1025,438,118260,0.283436,0.31,1,193774,193336,438
39418501,10.4202,6.2205,445,118260,0.280687,0.22,1,193785,193340,445
39421421,3.68403,6.0441,441,118260,0.248137,0.21,1,193787,193346,441
39424341,11.1368,2.80882,452,118260,0.297627,0.33,1,193800,193348,452
39427261,10.2274,14.1618,445,118260,0.283525,0.22,1,193810,193365,445
39430181,13.2455,14.0324,445,118260,0.224705,0.18,1,193824,193379,445
39433101,19.4491,10.0065,457,118260,0.156941,0.26,1,193845,193388,457
39436021,7.08982,17.2013,442,118260,0.0793882,0.26,1,193849,193407,442
39438941,11.018,8.24026,448,118260,0.247878,0.3,1,193861,193413,448
39441861,8.60359,12.8481,442,118260,0.265576,0.27,1,193869,193427,442
39444781,3.32072,7.36961,438,118260,0.261115,0.27,1,193871,193433,438
39447701,48.6641,3.07392,496,118260,0.292223,0.31,1,193931,193435,496
39450621,17.7328,47.8148,447,118260,0.258445,0.31,1,193941,193494,447
39453541,12.3466,19.163,446,118260,0.291689,0.22,1,193952,193506,446
39456461,8.06931,10.2326,445,118260,0.194338,0.34,1,193959,193514,445
39459381,8.01386,10.0465,443,118260,0.270868,0.41,1,193967,193524,443
39462301,3.20277,3.6093,443,118260,0.254174,0.38,1,193969,193526,443
39465221,5.44055,2.32186,447,118260,0.250835,0.44,1,193975,193528,447
39468141,7.48811,9.26437,444,118260,0.298167,0.36,1,193983,193539,444
39471061,3.09762,8.25287,438,118260,0.275633,0.34,1,193985,193547,438
39473981,19.0195,3.25057,459,118260,0.271127,0.33,1,194008,193549,459
39476901,11.8039,18.2501,447,118260,0.118225,0.34,1,194018,193571,447
39479821,4.76078,11.65,440,118260,0.271645,0.26,1,194021,193581,440
39482741,7.35216,7.13,442,118260,0.270329,0.28,1,194029,193587,442
39485661,35.8704,3.026,483,118260,0.254066,0.24,1,194072,193589,483
39488581,11.9741,43.0052,436,118260,0.298813,0.2,1,194078,193642,436
39491501,5.59482,10.201,438,118260,0.275763,0.21,1,194082,193644,438
39494421,11.519,5.24021,447,118260,0.335153,0.26,1,194095,193648,447
39497341,3.90379,9.04804,439,118260,0.315031,0.25,1,194097,193658,439
39500261,5.58076,4.20961,442,118260,0.271006,0.31,1,194103,193661,442
39503181,13.9162,8.04192,449,118260,0.286201,0.24,1,194119,193670,449
39506101,4.38323,12.0084,438,118260,0.25724,0.23,1,194121,193683,438
39509021,28.0766,7.20168,466,118260,0.331448,0.25,1,194155,193689,466
39511941,7.21533,25.4403,438,118260,0.32229,0.21,1,194157,193719,438
39514861,3.04307,6.68807,438,118260,0.288458,0.3,1,194159,193721,438
39517781,7.80861,2.93761,445,118260,0.377692,0.3,1,194168,193723,445
39520701,11.1617,6.98752,449,118260,0.315538,0.26,1,194180,193731,449
39523621,3.83234,14.9975,434,118260,0.399108,0.22,1,194182,193748,434
39526541,5.56647,4.5995,438,118260,0.351822,0.3,1,194188,193750,438
39529461,10.7133,2.5199,448,118260,0.390364,0.25,1,194200,193752,448
39532381,9.34266,12.504,442,118260,0.262073,0.29,1,194209,193767,442
39535301,5.86853,8.1008,440,118260,0.340415,0.28,1,194214,193774,440
39538221,9.17371,10.4202,439,118260,0.308083,0.24,1,194224,193785,439
39541141,10.6347,3.68403,448,118260,0.277617,0.31,1,194235,193787,448
39544061,8.52695,11.1368,443,118260,0.351523,0.28,1,194243,193800,443
39546981,11.3054,10.2274,445,118260,0.326305,0.21,1,194255,193810,445
39549901,19.8611,13.2455,453,118260,0.281261,0.14,1,194277,193824,453
39552821,9.57222,19.4491,439,118260,0.256252,0.06,1,194284,193845,439
39555741,9.91444,7.08982,445,118260,0.27525,0.29,1,194294,193849,445
39558661,6.78289,11.018,439,118260,0.38305,0.27,1,194300,193861,439
39561581,3.75658,8.60359,434,118260,0.38861,0.26,1,194303,193869,434
39564501,50.3513,3.32072,494,118260,0.397722,0.3,1,194365,193871,494
39567421,19.6703,48.6641,446,118260,0.311544,0.25,1,194377,193931,446
39570341,8.73405,17.7328,442,118260,0.238309,0.3,1,194383,193941,442
39573261,8.94681,12.3466,440,118260,0.263662,0.17,1,194392,193952,440
39576181,7.38936,8.06931,440,118260,0.316732,0.29,1,194399,193959,440
39579101,7.87787,8.01386,440,118260,0.359346,0.25,1,194407,193967,440
39582021,3.97557,3.20277,441,118260,0.351869,0.25,1,194410,193969,441
39584941,9.59512,5.44055,446,118260,0.390374,0.31,1,194421,193975,446
39587861,3.51902,7.48811,440,118260,0.366075,0.27,1,194423,193983,440
39590781,9.5038,3.09762,449,118260,0.353215,0.27,1,194434,193985,449
39593701,16.3008,19.0195,444,118260,0.366643,0.08,1,194452,194008,444
39596621,8.06015,11.8039,440,118260,0.385329,0.31,1,194458,194018,440
39599541,6.41203,4.76078,443,118260,0.397066,0.27,1,194464,194021,443
39602461,34.8824,7.35216,477,118260,0.279413,0.25,1,194506,194029,477
39605381,11.7765,35.8704,440,118260,0.255883,0.31,1,194512,194072,440
39608301,4.7553,11.9741,437,118260,0.203177,0.27,1,194515,194078,437
39611221,12.9511,5.59482,448,118260,0.288635,0.35,1,194530,194082,448
39614141,4.99021,11.519,438,118260,0.257727,0.31,1,194533,194095,438
39617061,6.59804,3.90379,443,118260,0.163545,0.26,1,194540,194097,443
39619981,10.1196,5.58076,448,118260,0.248709,0.29,1,194551,194103,448
39622901,4.42392,13.9162,435,118260,0.289742,0.25,1,194554,194119,435
39625821,31.2848,4.38323,471,118260,0.201948,0.35,1,194592,194121,471
39628741,11.057,28.0766,443,118260,0.24039,0.32,1,194598,194155,443
39631661,3.81139,7.21533,443,118260,0.216078,0.28,1,194600,194157,443
39634581,3.96228,3.04307,445,118260,0.275216,0.4,1,194604,194159,445
39637501,11.9925,7.80861,450,118260,0.279043,0.3,1,194618,194168,450
39640421,4.79849,11.1617,441,118260,0.231809,0.42,1,194621,194180,441
39643341,5.7597,3.83234,445,118260,0.294362,0.34,1,194627,194182,445
39646261,5.15194,5.56647,444,118260,0.330872,0.4,1,194632,194188,444
39649181,11.4304,10.7133,445,118260,0.314174,0.23,1,194645,194200,445
39652101,6.28608,9.34266,441,118260,0.318835,0.36,1,194650,194209,441
39655021,6.85722,5.86853,443,118260,0.279767,0.3,1,194657,194214,443
39657941,14.1714,9.17371,449,118260,0.199953,0.27,1,194673,194224,449
39660861,9.23429,10.6347,446,118260,0.223991,0.37,1,194681,194235,446
39663781,11.4469,8.52695,450,118260,0.260798,0.32,1,194693,194243,450
39666701,15.8894,11.3054,455,118260,0.23616,0.27,1,194710,194255,455
39669621,11.9779,19.8611,444,118260,0.303232,0.25,1,194721,194277,444
39672541,15.1956,9.57222,453,118260,0.172646,0.28,1,194737,194284,453
39675461,7.83911,9.91444,449,118260,0.226529,0.41,1,194743,194294,449
39678381,3.16782,6.78289,445,118260,0.245306,0.39,1,194745,194300,445
39681301,45.4336,3.75658,498,118260,0.281061,0.4,1,194801,194303,498
39684221,17.0867,50.3513,446,118260,0.232212,0.29,1,194811,194365,446
39687141,9.81734,19.6703,442,118260,0.246442,0.22,1,194819,194377,442
39690061,9.16347,8.73405,445,118260,0.233288,0.27,1,194828,194383,445
39692981,9.83269,8.94681,446,118260,0.270658,0.33,1,194838,194392,446
39695901,9.96654,7.38936,449,118260,0.190132,0.37,1,194848,194399,449
39698821,3.59331,7.87787,443,118260,0.198026,0.35,1,194850,194407,443
39701741,7.91866,3.97557,449,118260,0.239605,0.4,1,194859,194410,449
39704661,3.18373,9.59512,440,118260,0.247921,0.36,1,194861,194421,440
39707581,7.03675,3.51902,446,118260,0.249584,0.35,1,194869,194423,446
39710501,16.6073,9.5038,454,118260,0.201917,0.37,1,194888,194434,454
39713421,8.12147,16.3008,442,118260,0.104383,0.39,1,194894,194452,442
39716341,6.42429,8.06015,442,118260,0.260877,0.4,1,194900,194458,442
39719261,32.4849,6.41203,475,118260,0.324175,0.25,1,194939,194464,475
39722181,13.697,34.8824,442,118260,0.280835,0.25,1,194948,194506,442
39725101,4.33939,11.7765,438,118260,0.304167,0.19,1,194950,194512,438
39728021,7.26788,4.7553,443,118260,0.212833,0.31,1,194958,194515,443
39730941,8.65358,12.9511,437,118260,0.242567,0.25,1,194967,194530,437
39733861,6.53072,4.99021,440,118260,0.280513,0.14,1,194973,194533,440
39736781,11.7061,6.59804,446,118260,0.272103,0.27,1,194986,194540,446
39739701,3.94123,10.1196,437,118260,0.238421,0.3,1,194988,194551,437
39742621,28.7882,4.42392,469,118260,0.319684,0.18,1,195023,194554,469
39745541,12.1576,31.2848,439,118260,0.287937,0.25,1,195031,194592,439
39748461,4.83153,11.057,436,118260,0.289587,0.21,1,195034,194598,436
39751381,6.56631,3.81139,441,118260,0.209917,0.29,1,195041,194600,441
39754301,13.3133,3.96228,452,118260,0.289984,0.28,1,195056,194604,452
39757221,4.26265,11.9925,440,118260,0.273997,0.22,1,195058,194618,440
39760141,4.05253,4.79849,441,118260,0.206799,0.31,1,195062,194621,441
39763061,7.21051,5.7597,443,118260,0.32936,0.34,1,195070,194627,443
39765981,9.4421,5.15194,448,118260,0.265872,0.31,1,195080,194632,448
39768901,5.08842,11.4304,439,118260,0.213174,0.32,1,195084,194645,439
39771821,6.61768,6.28608,441,118260,0.306635,0.27,1,195091,194650,441
39774741,13.3235,6.85722,449,118260,0.253327,0.18,1,195106,194657,449
39777661,9.86471,14.1714,442,118260,0.258665,0.23,1,195115,194673,442
39780581,13.9729,9.23429,449,118260,0.275733,0.27,1,195130,194681,449
39783501,14.7946,11.4469,452,118260,0.223147,0.23,1,195145,194693,452
39786421,5.35892,15.8894,438,118260,0.284629,0.32,1,195148,194710,438
39789341,18.6718,11.9779,449,118260,0.272926,0.14,1,195170,194721,449
39792261,8.53436,15.1956,439,118260,0.294585,0.24,1,195176,194737,439
39795181,4.10687,7.83911,436,118260,0.290917,0.25,1,195179,194743,436
39798101,44.8214,3.16782,489,118260,0.330183,0.29,1,195234,194745,489
39801021,15.3643,45.4336,441,118260,0.354037,0.22,1,195242,194801,441
39803941,11.0729,17.0867,441,118260,0.286807,0.25,1,195252,194811,441
39806861,11.8146,9.81734,445,118260,0.337361,0.23,1,195264,194819,445
39809781,6.36291,9.16347,441,118260,0.267472,0.28,1,195269,194828,441
39812701,10.8726,9.83269,443,118260,0.325494,0.17,1,195281,194838,443
39815621,3.77452,9.96654,435,118260,0.313099,0.2,1,195283,194848,435
39818541,8.7549,3.59331,443,118260,0.28662,0.25,1,195293,194850,443
39821461,6.55098,7.91866,440,118260,0.281324,0.25,1,195299,194859,440
39824381,4.5102,3.18373,442,118260,0.224265,0.25,1,195303,194861,442
39827301,17.702,7.03675,455,118260,0.260853,0.19,1,195324,194869,455
39830221,8.34041,16.6073,442,118260,0.180171,0.08,1,195330,194888,442
39833141,4.86808,8.12147,440,118260,0.284034,0.3,1,195334,194894,440
39836061,33.7736,6.42429,475,118260,0.280807,0.34,1,195375,194900,475
39838981,9.95472,32.4849,440,118260,0.248161,0.27,1,195379,194939,440
39841901,9.99094,13.697,441,118260,0.249632,0.31,1,195389,194948,441
39844821,5.19819,4.33939,443,118260,0.265926,0.19,1,195393,194950,443
39847741,5.83964,7.26788,441,118260,0.181185,0.25,1,195399,194958,441
39850661,8.36793,8.65358,441,118260,0.252237,0.29,1,195408,194967,441
39853581,16.0736,6.53072,453,118260,0.234447,0.27,1,195426,194973,453
39856501,4.81472,11.7061,442,118260,0.246889,0.23,1,195428,194986,442
39859421,24.1629,3.94123,469,118260,0.273378,0.34,1,195457,194988,469
39862341,8.83259,28.7882,439,118260,0.230676,0.28,1,195462,195023,439
39865261,5.76652,12.1576,436,118260,0.262135,0.29,1,195467,195031,436
39868181,10.7533,4.83153,445,118260,0.292427,0.19,1,195479,195034,445
39871101,14.1507,6.56631,453,118260,0.314485,0.31,1,195494,195041,453
39874021,4.43013,13.3133,440,118260,0.286897,0.27,1,195496,195056,440
39876941,2.48603,4.26265,440,118260,0.289379,0.19,1,195498,195058,440
39879861,4.49721,4.05253,441,118260,0.305876,0.36,1,195503,195062,441
39882781,4.89944,7.21051,438,118260,0.333175,0.25,1,195508,195070,438
39885701,11.3799,9.4421,441,118260,0.322635,0.2,1,195521,195080,441
39888621,5.47598,5.08842,441,118260,0.256527,0.33,1,195525,195084,441
39891541,12.2952,6.61768,448,118260,0.211305,0.24,1,195539,195091,448
39894461,12.059,13.3235,445,118260,0.258261,0.26,1,195551,195106,445
39897381,12.0118,9.86471,448,118260,0.339652,0.28,1,195563,195115,448
39900301,15.2024,13.9729,449,118260,0.31593,0.21,1,195579,195130,449
39903221,9.44047,14.7946,442,118260,0.231186,0.3,1,195587,195145,442
39906141,17.8881,5.35892,459,118260,0.294237,0.27,1,195607,195148,459
39909061,9.17762,18.6718,444,118260,0.242847,0.3,1,195614,195170,444
39911981,3.43552,8.53436,440,118260,0.320569,0.29,1,195616,195176,440
39914901,45.4871,4.10687,493,118260,0.320114,0.34,1,195672,195179,493
39917821,12.2974,44.8214,442,118260,0.296023,0.36,1,195676,195234,442
39920741,10.4595,15.3643,444,118260,0.347205,0.27,1,195686,195242,444
39923661,15.6919,11.0729,451,118260,0.309441,0.35,1,195703,195252,451
39926581,6.33838,11.8146,443,118260,0.245888,0.25,1,195707,195264,443
39929501,9.26768,6.36291,448,118260,0.321178,0.34,1,195717,195269,448
39932421,3.45354,10.8726,438,118260,0.336236,0.31,1,195719,195281,438
39935341,5.49071,3.77452,442,118260,0.299247,0.28,1,195725,195283,442
39938261,9.09814,8.7549,442,118260,0.219849,0.28,1,195735,195293,442
39941181,5.01963,6.55098,440,118260,0.25197,0.21,1,195739,195299,440
39944101,17.8039,4.5102,457,118260,0.218394,0.27,1,195760,195303,457
39947021,8.36079,17.702,442,118260,0.227679,0.16,1,195766,195324,442
39949941,6.47216,8.34041,442,118260,0.277536,0.31,1,195772,195330,442
39952861,32.4944,4.86808,477,118260,0.295507,0.28,1,195811,195334,477
39955781,8.89889,33.7736,439,118260,0.275101,0.24,1,195814,195375,439
39958701,4.17978,9.95472,438,118260,0.25502,0.25,1,195817,195379,438
39961621,11.236,9.99094,441,118260,0.227004,0.27,1,195830,195389,441
39964541,3.84719,5.19819,439,118260,0.261401,0.16,1,195832,195393,439
39967461,5.56944,5.83964,439,118260,0.18028,0.27,1,195838,195399,439
39970381,17.9139,8.36793,451,118260,0.180056,0.23,1,195859,195408,451
39973301,5.18278,16.0736,435,118260,0.148011,0.25,1,195861,195426,435
39976221,26.6366,4.81472,465,118260,0.205602,0.28,1,195893,195428,465
39979141,8.52731,24.1629,440,118260,0.23312,0.22,1,195897,195457,440
39982061,6.50546,8.83259,441,118260,0.278624,0.27,1,195903,195462,441
39984981,10.9011,5.76652,448,118260,0.255725,0.3,1,195915,195467,448
39987901,14.9802,10.7533,452,118260,0.251145,0.32,1,195931,195479,452
39990821,4.59604,14.1507,439,118260,0.258229,0.28,1,195933,195494,439
39993741,2.51921,4.43013,439,118260,0.227646,0.29,1,195935,195496,439
39996661,2.10384,2.48603,439,118260,0.189529,0.31,1,195937,195498,439
39999581,7.62077,4.49721,443,118260,0.309906,0.34,1,195946,195503,443
40002501,9.52415,4.89944,448,118260,0.245981,0.32,1,195956,195508,448
40005421,3.50483,11.3799,437,118260,0.233196,0.24,1,195958,195521,437
40008341,12.701,5.47598,448,118260,0.246639,0.2,1,195973,195525,448
40011261,12.9402,12.2952,447,118260,0.265328,0.27,1,195986,195539,447
40014181,12.188,12.059,447,118260,0.269066,0.36,1,195998,195551,447
40017101,12.8376,12.0118,448,118260,0.309813,0.31,1,196011,195563,448
40020021,9.76752,15.2024,441,118260,0.277963,0.21,1,196020,195579,441
40022941,21.9535,9.44047,458,118260,0.327593,0.31,1,196045,195587,458
40025861,7.5907,17.8881,442,118260,0.313518,0.23,1,196049,195607,442
40028781,3.11814,9.17762,437,118260,0.278704,0.34,1,196051,195614,437
40031701,46.2236,3.43552,492,118260,0.183741,0.32,1,196108,195616,492
40034621,15.6447,45.4871,444,118260,0.324748,0.29,1,196116,195672,444
40037541,7.92895,12.2974,446,118260,0.31295,0.36,1,196122,195676,446
40040461,11.1858,10.4595,448,118260,0.33459,0.3,1,196134,195686,448
40043381,11.8372,15.6919,443,118260,0.266918,0.23,1,196146,195703,443
40046301,6.36743,6.33838,444,118260,0.181384,0.34,1,196151,195707,444
40049221,2.87349,9.26768,436,118260,0.284277,0.34,1,196153,195717,436
40052141,4.5747,3.45354,439,118260,0.304855,0.29,1,196158,195719,439
40055061,12.1149,5.49071,447,118260,0.228971,0.2,1,196172,195725,447
40057981,5.62299,9.09814,441,118260,0.157794,0.26,1,196176,195735,441
40060901,16.3246,5.01963,456,118260,0.255559,0.21,1,196195,195739,456
40063821,4.86492,17.8039,437,118260,0.251112,0.23,1,196197,195760,437
40066741,3.37298,8.36079,434,118260,0.234222,0.29,1,196200,195766,434
40069661,37.4746,6.47216,474,118260,0.254844,0.3,1,196246,195772,474
40072581,9.09492,32.4944,437,118260,0.258969,0.27,1,196248,195811,437
40075501,3.41898,8.89889,436,118260,0.315794,0.25,1,196250,195814,436
40078421,8.6838,4.17978,443,118260,0.391159,0.22,1,196260,195817,443
40081341,7.33676,11.236,437,118260,0.342232,0.27,1,196267,195830,437
40084261,6.26735,3.84719,441,118260,0.396446,0.16,1,196273,195832,441
40087181,18.0535,5.56944,456,118260,0.335289,0.18,1,196294,195838,456
40090101,5.21069,17.9139,437,118260,0.291058,0.14,1,196296,195859,437
40093021,27.4421,5.18278,468,118260,0.306212,0.22,1,196329,195861,468
40095941,7.08843,26.6366,438,118260,0.357242,0.24,1,196331,195893,438
40098861,5.41769,8.52731,439,118260,0.351448,0.29,1,196336,195897,439
40101781,8.28354,6.50546,442,118260,0.38229,0.25,1,196345,195903,442
40104701,20.0567,10.9011,453,118260,0.396458,0.25,1,196368,195915,453
40107621,5.61134,14.9802,439,118260,0.367292,0.26,1,196370,195931,439
40110541,2.72227,4.59604,439,118260,0.345458,0.22,1,196372,195933,439
40113461,2.14445,2.51921,439,118260,0.309092,0.18,1,196374,195935,439
40116381,3.62889,2.10384,441,118260,0.389818,0.34,1,196378,195937,441
40119301,12.7258,7.62077,447,118260,0.397964,0.23,1,196393,195946,447
40122221,4.14516,9.52415,439,118260,0.367593,0.23,1,196395,195956,439
40125141,11.229,3.50483,450,118260,0.361519,0.25,1,196408,195958,450
40128061,12.6458,12.701,448,118260,0.368304,0.27,1,196421,195973,448
40130981,12.1292,12.9402,447,118260,0.305661,0.27,1,196433,195986,447
40133901,12.0258,12.188,447,118260,0.293132,0.32,1,196445,195998,447
40136821,9.60517,12.8376,443,118260,0.338626,0.27,1,196454,196011,443
40139741,22.721,9.76752,460,118260,0.211725,0.34,1,196480,196020,460
40142661,6.94421,21.9535,438,118260,0.266345,0.31,1,196483,196045,438
40145581,7.78884,7.5907,442,118260,0.293269,0.27,1,196491,196049,442
40148501,45.5578,3.11814,495,118260,0.226654,0.16,1,196546,196051,495
40151421,12.3116,46.2236,442,118260,0.181331,0.36,1,196550,196108,442
40154341,10.4623,15.6447,444,118260,0.308266,0.31,1,196560,196116,444
40157261,4.49246,7.92895,441,118260,0.341653,0.34,1,196563,196122,441
40160181,14.4985,11.1858,446,118260,0.252331,0.25,1,196580,196134,446
40163101,9.2997,11.8372,442,118260,0.210466,0.16,1,196588,196146,442
40166021,3.45994,6.36743,439,118260,0.218093,0.31,1,196590,196151,439
40168941,2.29199,2.87349,439,118260,0.219619,0.31,1,196592,196153,439
40171861,14.8584,4.5747,452,118260,0.307924,0.21,1,196610,196158,452
40174781,6.17168,12.1149,442,118260,0.269585,0.14,1,196614,196172,442
40177701,14.0343,5.62299,454,118260,0.269917,0.28,1,196630,196176,454
40180621,4.40687,16.3246,437,118260,0.237983,0.25,1,196632,196195,437
40183541,2.48137,4.86492,437,118260,0.295597,0.23,1,196634,196197,437
40186461,41.2963,3.37298,485,118260,0.267119,0.26,1,196685,196200,485
40189381,10.6593,37.4746,442,118260,0.277424,0.26,1,196688,196246,442
40192301,6.13185,9.09492,445,118260,0.287485,0.33,1,196693,196248,445
40195221,9.22637,3.41898,453,118260,0.289497,0.41,1,196703,196250,453
40198141,3.44527,8.6838,445,118260,0.289899,0.33,1,196705,196260,445
40201061,7.08905,7.33676,446,118260,0.32198,0.41,1,196713,196267,446
40203981,19.0178,6.26735,462,118260,0.248396,0.32,1,196735,196273,462
40206901,5.40356,18.0535,443,118260,0.201679,0.28,1,196737,196294,443
40209821,28.2807,5.21069,475,118260,0.232336,0.31,1,196771,196296,475
40212741,7.25614,27.4421,444,118260,0.198467,0.37,1,196773,196329,444
40215661,4.65123,7.08843,446,118260,0.207693,0.35,1,196777,196331,446
40218581,8.93025,5.41769,451,118260,0.233539,0.39,1,196787,196336,451
40221501,19.386,8.28354,464,118260,0.214708,0.4,1,196809,196345,464
40224421,5.47721,20.0567,443,118260,0.186942,0.36,1,196811,196368,443
40227341,2.69544,5.61134,443,118260,0.149388,0.34,1,196813,196370,443
40230261,2.13909,2.72227,443,118260,0.269878,0.3,1,196815,196372,443
40232401,3.62782,2.14445,445,118260,0.261976,0.45,1,196819,196374,445
40235321,11.1256,5.22889,452,118260,0.292395,0.4,1,196832,196380,452
40238241,3.82511,11.4458,441,118260,0.266479,0.36,1,196834,196393,441
40241161,11.965,3.88916,453,118260,0.277296,0.36,1,196848,196395,453
40244081,9.593,11.1778,449,118260,0.231459,0.37,1,196857,196408,449
40247001,10.7186,12.6356,447,118260,0.270292,0.29,1,196868,196421,447
40249921,14.1437,12.1271,450,118260,0.286058,0.29,1,196883,196433,450
40252841,5.22874,12.0254,441,118260,0.273212,0.35,1,196886,196445,441
40255761,23.4457,9.60508,460,118260,0.246642,0.18,1,196914,196454,460
40258681,9.48915,22.721,440,118260,0.305328,0.28,1,196920,196480,440
40261601,3.49783,6.9442,439,118260,0.309066,0.3,1,196922,196483,439
40264521,43.0996,7.78884,484,118260,0.261813,0.21,1,196975,196491,484
40267441,18.2199,45.5578,441,118260,0.284363,0.17,1,196987,196546,441
40270361,8.44398,12.3116,443,118260,0.200873,0.34,1,196993,196550,443
40273281,4.0888,10.4623,436,118260,0.136174,0.35,1,196996,196560,436
40276201,14.4178,4.49246,450,118260,0.171235,0.23,1,197013,196563,450
40279121,9.28355,14.4985,441,118260,0.178247,0.2,1,197021,196580,441
40282041,3.45671,9.2997,435,118260,0.147649,0.22,1,197023,196588,435
40284961,5.49134,3.45994,439,118260,0.16553,0.22,1,197029,196590,439
40287881,17.0983,2.29199,457,118260,0.161106,0.33,1,197049,196592,457
40290801,6.61965,14.8584,443,118260,0.112221,0.26,1,197053,196610,443
40293721,14.1239,6.17168,455,118260,0.182444,0.27,1,197069,196614,455
40296641,4.42479,14.0343,441,118260,0.164489,0.23,1,197071,196630,441
40299561,3.28496,4.40687,442,118260,0.224898,0.31,1,197074,196632,442
40302481,41.457,2.48137,491,118260,0.18898,0.26,1,197125,196634,491
40305401,9.8914,41.2963,442,118260,0.181796,0.28,1,197127,196685,442
40308321,3.57828,10.6593,441,118260,0.148359,0.29,1,197129,196688,441
40311241,9.51566,6.13185,447,118260,0.253672,0.29,1,197140,196693,447
40314161,3.50313,9.22637,439,118260,0.242734,0.29,1,197142,196703,439
40317081,2.30063,3.44527,439,118260,0.256547,0.33,1,197144,196705,439
40320001,21.2601,7.08905,457,118260,0.115309,0.23,1,197170,196713,457
40322921,5.85203,19.0178,437,118260,0.175062,0.19,1,197172,196735,437
40325841,25.9704,5.40356,466,118260,0.243012,0.24,1,197203,196737,466
40328761,6.79408,28.2807,434,118260,0.256602,0.19,1,197205,196771,434
40331681,6.15882,7.25614,438,118260,0.20332,0.21,1,197211,196773,438
40334601,12.4318,4.65123,448,118260,0.200664,0.24,1,197225,196777,448
40337521,16.0864,8.93025,455,118260,0.264133,0.21,1,197242,196787,455
40340441,4.81727,19.386,435,118260,0.244827,0.18,1,197244,196809,435
40343361,2.56345,5.47721,435,118260,0.216965,0.14,1,197246,196811,435
40346281,2.11269,2.69544,435,118260,0.187393,0.3,1,197248,196813,435
40349201,6.82254,2.13909,441,118260,0.293479,0.26,1,197256,196815,441
40352121,10.1645,3.62782,448,118260,0.322696,0.3,1,197267,196819,448
40355041,3.6329,11.1256,437,118260,0.288539,0.26,1,197269,196832,437
40357961,8.72658,3.82511,445,118260,0.305708,0.28,1,197279,196834,445
40360881,11.3453,11.965,443,118260,0.269142,0.22,1,197291,196848,443
40363801,14.2691,9.593,449,118260,0.269828,0.28,1,197306,196857,449
40366721,10.8538,10.7186,448,118260,0.221966,0.29,1,197316,196868,448
40369641,3.77076,14.1437,435,118260,0.212393,0.27,1,197318,196883,435
40372561,26.3542,5.22874,464,118260,0.162479,0.24,1,197350,196886,464
40375481,6.87083,23.4457,438,118260,0.208496,0.32,1,197352,196914,438
40378401,8.57417,9.48915,441,118260,0.217699,0.31,1,197361,196920,441
40381321,40.9148,3.49783,488,118260,0.30754,0.25,1,197410,196922,488
40384241,18.583,43.0996,448,118260,0.357508,0.29,1,197423,196975,448
40387161,7.71659,18.2199,441,118260,0.327502,0.18,1,197428,196987,441
40390081,3.94332,8.44398,438,118260,0.2895,0.12,1,197431,196993,438
40393001,7.98866,4.0888,444,118260,0.3859,0.18,1,197440,196996,444
40395921,7.99773,14.4178,435,118260,0.35718,0.18,1,197448,197013,435
40398841,3.99955,9.28355,430,118260,0.335436,0.14,1,197451,197021,430
40401761,7.99991,3.45671,437,118260,0.307087,0.17,1,197460,197023,437
40404681,16,5.49134,449,118260,0.285417,0.16,1,197478,197029,449
40407601,6.4,17.0983,433,118260,0.241083,0.1,1,197482,197049,433
40410521,17.28,6.61965,449,118260,0.248217,0.2,1,197502,197053,449
40413441,5.056,14.1239,435,118260,0.225643,0.16,1,197504,197069,435
40416361,2.6112,4.42479,435,118260,0.341129,0.24,1,197506,197071,435
40419281,38.9222,3.28496,480,118260,0.284226,0.18,1,197554,197074,480
40422201,11.7844,41.457,434,118260,0.256845,0.18,1,197559,197125,434
40425121,4.75689,9.8914,435,118260,0.323369,0.14,1,197562,197127,435
40428041,6.55138,3.57828,440,118260,0.328674,0.28,1,197569,197129,440
40430961,7.71028,9.51566,437,118260,0.297735,0.24,1,197577,197140,437
40433881,3.14206,3.50313,437,118260,0.315547,0.26,1,197579,197142,437
40436801,15.8284,2.30063,454,118260,0.359109,0.08,1,197598,197144,454
40439721,7.96568,21.2601,434,118260,0.271822,0.19,1,197604,197170,434
40442641,23.9931,5.85203,460,118260,0.294364,0.26,1,197632,197172,460
40445561,11.9986,25.9704,438,118260,0.370873,0.26,1,197641,197203,438
40448481,3.99973,6.79408,438,118260,0.418175,0.19,1,197643,197205,438
40451401,10.3999,6.15882,444,118260,0.355635,0.2,1,197655,197211,444
40454321,20.48,12.4318,453,118260,0.319127,0.28,1,197678,197225,453
40457241,5.696,16.0864,438,118260,0.287825,0.24,1,197680,197242,438
40460161,2.7392,4.81727,438,118260,0.337565,0.21,1,197682,197244,438
40463081,2.14784,2.56345,438,118260,0.315513,0.18,1,197684,197246,438
40466001,6.82957,2.11269,444,118260,0.415103,0.32,1,197692,197248,444
40468921,10.1659,6.82254,447,118260,0.427021,0.33,1,197703,197256,447
40471841,4.43318,10.1645,439,118260,0.413404,0.28,1,197706,197267,439
40474761,7.28664,3.6329,445,118260,0.362681,0.31,1,197714,197269,445
40477681,6.25733,8.72658,441,118260,0.408536,0.26,1,197720,197279,441
40480601,15.6515,11.3453,447,118260,0.321707,0.27,1,197738,197291,447
40483521,15.9303,14.2691,448,118260,0.408341,0.21,1,197754,197306,448
40486441,4.78606,10.8538,440,118260,0.393668,0.21,1,197756,197316,440
40489361,20.9572,3.77076,463,118260,0.374734,0.15,1,197781,197318,463
40492281,11.3914,26.3542,440,118260,0.290947,0.22,1,197790,197350,440
40495201,8.67829,6.87083,446,118260,0.306189,0.22,1,197798,197352,446
40498121,40.9357,8.57417,486,118260,0.229238,0.33,1,197847,197361,486
40501041,15.3871,40.9148,446,118260,0.261848,0.37,1,197856,197410,446
40503961,6.27743,18.583,437,118260,0.27637,0.32,1,197860,197423,437
40506881,10.0555,7.71659,443,118260,0.375274,0.28,1,197871,197428,443
40509801,6.0111,3.94332,445,118260,0.315055,0.41,1,197876,197431,445
40512721,7.60222,7.98866,444,118260,0.223011,0.35,1,197884,197440,444
40515641,3.12044,7.99773,438,118260,0.180602,0.33,1,197886,197448,438
40518561,10.2241,3.99955,447,118260,0.34812,0.3,1,197898,197451,447
40521481,14.8448,7.99991,454,118260,0.293624,0.28,1,197914,197460,454
40524401,10.969,16,446,118260,0.226725,0.23,1,197924,197478,446
40527321,11.7938,6.4,454,118260,0.309345,0.25,1,197936,197482,454
40530241,7.95876,17.28,441,118260,0.253869,0.22,1,197943,197502,441
40533161,4.79175,5.056,443,118260,0.322774,0.37,1,197947,197504,443
40536081,38.5584,2.6112,488,118260,0.344555,0.27,1,197994,197506,488
40539001,9.31167,38.9222,442,118260,0.316911,0.25,1,197996,197554,442
40541921,3.46233,11.7844,439,118260,0.279382,0.34,1,197998,197559,439
40544841,8.69247,4.75689,446,118260,0.343876,0.33,1,198008,197562,446
40547761,7.33849,6.55138,446,118260,0.300775,0.29,1,198015,197569,446
40550681,7.0677,7.71028,445,118260,0.220155,0.32,1,198022,197577,445
40553601,14.2135,3.14206,459,118260,0.260031,0.37,1,198038,197579,459
40556521,6.04271,15.8284,444,118260,0.204006,0.25,1,198042,197598,444
40559441,26.0085,7.96568,469,118260,0.200801,0.3,1,198073,197604,469
40562361,10.0017,23.9931,447,118260,0.24016,0.39,1,198079,197632,447
40565281,3.60034,11.9986,440,118260,0.272032,0.43,1,198081,197641,440
40568201,8.72007,3.99973,448,118260,0.246406,0.34,1,198091,197643,448
40571121,18.544,10.3999,457,118260,0.177281,0.31,1,198112,197655,457
40574041,12.5088,20.48,445,118260,0.195456,0.28,1,198123,197678,445
40576961,4.10176,5.696,445,118260,0.167091,0.35,1,198125,197680,445
40579881,2.42035,2.7392,445,118260,0.161418,0.31,1,198127,197682,445
40582801,5.28407,2.14784,449,118260,0.136284,0.44,1,198133,197684,449
40585721,7.45681,6.82957,449,118260,0.259257,0.43,1,198141,197692,449
40588641,3.89136,10.1659,441,118260,0.259851,0.41,1,198144,197703,441
40591561,9.57827,4.43318,449,118260,0.23597,0.35,1,198155,197706,449
40594481,7.51565,7.28664,448,118260,0.247194,0.42,1,198162,197714,448
40597401,11.1031,6.25733,454,118260,0.225439,0.3,1,198174,197720,454
40600321,19.0206,15.6515,457,118260,0.125088,0.43,1,198195,197738,457
40603241,5.40413,15.9303,443,118260,0.225018,0.39,1,198197,197754,443
40606161,21.8808,4.78606,467,118260,0.229004,0.37,1,198223,197756,467
40609081,5.97616,20.9572,444,118260,0.229801,0.27,1,198225,197781,444
40612001,9.99523,11.3914,446,118260,0.14996,0.31,1,198236,197790,446
40614921,39.599,8.67829,485,118260,0.165992,0.21,1,198283,197798,485
40617841,18.3198,40.9357,449,118260,0.193198,0.27,1,198296,197847,449
40620761,7.66396,15.3871,445,116800,0.13464,0.28,1,198301,197856,445
40623681,3.13279,6.27743,443,116800,0.178928,0.4,1,198303,197860,443
40626601,2.22656,10.0555,434,116800,0.187786,0.3,1,198305,197871,434
40629521,10.0453,6.0111,441,116800,0.157557,0.2,1,198317,197876,441
40632441,9.20906,7.60222,442,116800,0.135511,0.17,1,198326,197884,442
40635361,8.24181,3.12044,448,116800,0.0911023,0.39,1,198334,197886,448
40638281,11.2484,10.2241,448,116800,0.17822,0.28,1,198346,197898,448
40641201,14.2497,14.8448,447,116800,0.0596441,0.21,1,198361,197914,447
40644121,12.4499,10.969,449,116800,0.147929,0.33,1,198373,197924,449
40647041,4.08999,11.7938,439,116800,0.181586,0.24,1,198375,197936,439
40649961,2.418,7.95876,434,116800,0.156317,0.34,1,198377,197943,434
40652881,36.4836,4.79175,475,116800,0.167263,0.35,1,198422,197947,475
40655801,11.2967,38.5584,433,116800,0.185453,0.31,1,198427,197994,433
40658721,9.45934,9.31167,440,116800,0.221091,0.27,1,198436,197996,440
40661641,5.09187,3.46233,442,116800,0.196218,0.36,1,198440,197998,442
40664561,6.61837,8.69247,439,116800,0.119244,0.29,1,198447,198008,439
40667481,2.92367,7.33849,434,116800,0.0798487,0.2,1,198449,198015,434
40670401,20.5847,7.0677,452,116800,0.15997,0.27,1,198474,198022,452
40673321,5.71695,14.2135,438,116800,0.143994,0.19,1,198476,198038,438
40676241,26.7434,6.04271,466,116800,0.172799,0.2,1,198508,198042,466
40679161,9.34868,26.0085,440,116800,0.21056,0.25,1,198513,198073,440
40682081,3.46974,10.0017,436,116800,0.194112,0.28,1,198515,198079,436
40685001,3.89395,3.60034,438,116800,0.198822,0.24,1,198519,198081,438
40687921,19.1788,8.72007,451,116800,0.119764,0.16,1,198542,198091,451
40690841,11.0358,18.544,439,116800,0.231953,0.2,1,198551,198112,439
40693761,9.40715,12.5088,437,116800,0.182391,0.16,1,198560,198123,437
40696681,3.48143,4.10176,437,116800,0.196478,0.16,1,198562,198125,437
40699601,3.89629,2.42035,439,116800,0.215296,0.13,1,198566,198127,439
40702521,7.17926,5.28407,441,116800,0.259059,0.29,1,198574,198133,441
40705441,3.03585,7.45681,435,116800,0.267812,0.26,1,198576,198141,435
40708361,11.8072,3.89136,446,116800,0.237562,0.23,1,198590,198144,446
40711281,5.56143,9.57827,439,116800,0.159512,0.25,1,198594,198155,439
40714201,6.71229,7.51565,439,116800,0.287902,0.22,1,198601,198162,439
40717121,18.9425,11.1031,449,116800,0.13758,0.1,1,198623,198174,449
40720041,5.38849,19.0206,430,116800,0.227516,0.25,1,198625,198195,430
40722961,20.2777,5.40413,452,116800,0.253503,0.23,1,198649,198197,452
40725881,5.65554,21.8808,428,116800,0.226701,0.23,1,198651,198223,428
40728801,8.33111,5.97616,435,116800,0.22134,0.13,1,198660,198225,435
40731721,44.8662,9.99523,478,116800,0.212268,0.17,1,198714,198236,478
40734641,18.5732,39.599,443,116800,0.258454,0.12,1,198726,198283,443
40737561,6.91465,22.3198,429,116800,0.211691,0.19,1,198730,198301,429
40740481,2.98293,6.06396,429,116800,0.170338,0.19,1,198732,198303,429
40743401,2.19659,2.81279,429,116800,0.130068,0.15,1,198734,198305,429
40746321,8.43932,10.1626,427,116800,0.282014,0.13,1,198744,198317,427
40749241,12.0879,9.23251,431,116800,0.192403,0.08,1,198757,198326,431
40752161,4.01757,8.2465,425,116800,0.142481,0.2,1,198759,198334,425
40755081,11.2035,11.2493,426,116800,0.156496,0.03,1,198772,198346,426
40758001,16.6407,14.2499,429,116800,0.111299,0.17,1,198790,198361,429
40760921,16.9281,12.45,434,116800,0.23026,0.19,1,198807,198373,434
40763841,4.98563,4.08999,434,116800,0.262052,0.15,1,198809,198375,434
40766761,2.59713,2.418,434,116800,0.23641,0.17,1,198811,198377,434
40769681,34.1194,36.4836,431,116800,0.167282,0.19,1,198853,198422,431
40772601,12.4239,11.2967,433,116800,0.225456,0.23,1,198860,198427,433
40775521,4.08478,9.45934,426,116800,0.213091,0.19,1,198862,198436,426
40778441,5.61696,5.09187,428,116800,0.226618,0.1,1,198868,198440,428
40781361,9.92339,6.61837,432,116800,0.277324,0.07,1,198879,198447,432
40784281,3.58468,2.92367,432,116800,0.247465,0.18,1,198881,198449,432
40787201,23.1169,20.5847,435,116800,0.257493,0.14,1,198909,198474,435
40790121,7.82339,5.71695,437,116800,0.195499,0.18,1,198913,198476,437
40793041,22.3647,26.7434,431,116800,0.2551,0.22,1,198939,198508,431
40795961,10.8729,9.34868,434,116800,0.18702,0.19,1,198947,198513,434
40798881,3.77459,3.46974,434,116800,0.173404,0.2,1,198949,198515,434
40801801,3.95492,3.89395,434,116800,0.202681,0.1,1,198953,198519,434
40804721,19.191,19.1788,434,116800,0.200536,0.26,1,198976,198542,434
40807641,9.4382,11.0358,432,116800,0.264107,0.17,1,198983,198551,432
40810561,11.4876,9.40715,435,116800,0.236821,0.2,1,198995,198560,435
40813481,3.89753,3.48143,435,116800,0.199364,0.22,1,198997,198562,435
40816401,5.57951,3.89629,437,116800,0.175873,0.27,1,199003,198566,437
40819321,5.9159,7.17926,435,116800,0.203175,0.27,1,199009,198574,435
40822241,2.78318,3.03585,435,116800,0.264635,0.23,1,199011,198576,435
40825161,12.5566,11.8072,436,116800,0.268927,0.14,1,199026,198590,436
40828081,5.71133,5.56143,436,116800,0.269785,0.32,1,199030,198594,436
40831001,4.34227,6.71229,433,116800,0.205957,0.1,1,199034,198601,433
40833921,16.0685,18.9425,430,116800,0.249191,0.25,1,199053,198623,430
40836841,4.81369,5.38849,430,116800,0.225838,0.26,1,199055,198625,430
40839761,20.9627,20.2777,431,116800,0.237168,0.22,1,199080,198649,431
40842681,5.79255,5.65554,431,116800,0.207434,0.22,1,199082,198651,431
40845601,7.55851,8.33111,430,116800,0.305487,0.21,1,199090,198660,430
40848521,49.5117,44.8662,436,116800,0.325097,0.27,1,199150,198714,436
40851441,16.3023,18.5732,432,116800,0.249019,0.2,1,199158,198726,432
40854361,6.46047,6.91465,432,116800,0.337804,0.16,1,199162,198730,432
40857281,4.49209,2.98293,434,116800,0.283561,0.12,1,199166,198732,434
40860201,5.69842,2.19659,438,116800,0.280712,0.32,1,199172,198734,438
40863121,4.33968,8.43932,432,116800,0.272142,0.17,1,199176,198744,432
40866041,9.66794,12.0879,430,116800,0.334428,0.13,1,199187,198757,430
40868961,3.53359,4.01757,430,116800,0.314886,0.16,1,199189,198759,430
40871881,12.7067,11.2035,432,116800,0.310977,0.1,1,199204,198772,432
40874801,16.1413,16.6407,431,116800,0.318195,0.26,1,199221,198790,431
40877721,16.8283,16.9281,431,116800,0.215639,0.27,1,199238,198807,431
40880641,6.56565,4.98563,433,116800,0.259128,0.23,1,199242,198809,433
40883561,6.11313,2.59713,437,116800,0.227826,0.15,1,199248,198811,437
40886481,30.8226,34.1194,432,116800,0.317565,0.24,1,199285,198853,432
40889401,10.9645,12.4239,431,116800,0.295513,0.21,1,199291,198860,431
40892321,3.7929,4.08478,431,116800,0.291103,0.23,1,199293,198862,431
40895241,8.75858,5.61696,435,116800,0.282221,0.29,1,199303,198868,435
40898161,6.55172,9.92339,430,116800,0.216444,0.24,1,199309,198879,430
40901081,2.91034,3.58468,430,116800,0.179289,0.26,1,199311,198881,430
40904001,22.1821,23.1169,429,116800,0.195858,0.18,1,199338,198909,429
40906921,11.6364,7.82339,434,116800,0.279172,0.27,1,199347,198913,434
40909841,20.7273,22.3647,431,116800,0.287834,0.17,1,199370,198939,431
40912761,12.1455,10.8729,433,116800,0.313567,0.17,1,199380,198947,433
40915681,7.22909,3.77459,437,116800,0.270713,0.21,1,199386,198949,437
40918601,4.64582,3.95492,437,116800,0.262143,0.2,1,199390,198953,437
40921521,17.7292,19.191,435,116800,0.292429,0.28,1,199411,198976,435
40924441,6.74583,9.4382,432,116800,0.266486,0.23,1,199415,198983,432
40927361,9.34917,11.4876,430,116800,0.317297,0.19,1,199425,198995,430
40930281,5.06983,3.89753,432,116800,0.311459,0.17,1,199429,198997,432
40933201,9.01397,5.57951,436,116800,0.302292,0.21,1,199439,199003,436
40936121,5.00279,5.9159,434,116800,0.260458,0.28,1,199443,199009,434
40939041,5.00056,2.78318,437,116800,0.268092,0.27,1,199448,199011,437
40941961,13.8001,12.5566,438,116800,0.309618,0.27,1,199464,199026,438
40944881,5.96002,5.71133,438,116800,0.293924,0.19,1,199468,199030,438
40947801,4.392,4.34227,438,116800,0.234785,0.26,1,199472,199034,438
40950721,16.0784,16.0685,438,116800,0.270957,0.22,1,199491,199053,438
40953641,4.81568,4.81369,438,116800,0.238191,0.24,1,199493,199055,438
40956561,21.7631,20.9627,439,116800,0.287638,0.2,1,199519,199080,439
40959481,5.95263,5.79255,439,116800,0.273528,0.33,1,199521,199082,439
40962401,2.79053,7.55851,433,116800,0.270706,0.33,1,199523,199090,433
40965321,50.1581,49.5117,435,116800,0.206141,0.23,1,199585,199150,435
40968241,17.2316,16.3023,436,116800,0.305228,0.36,1,199594,199158,436
40971161,6.64632,6.46047,436,116800,0.293046,0.27,1,199598,199162,436
40974081,6.12926,4.49209,438,116800,0.306609,0.28,1,199604,199166,438
40977001,4.42585,5.69842,436,116800,0.317322,0.27,1,199608,199172,436
40979921,7.28517,4.33968,440,116800,0.279464,0.35,1,199616,199176,440
40982841,3.05703,9.66794,431,116800,0.239893,0.31,1,199618,199187,431
40985761,9.41141,3.53359,440,116800,0.215979,0.31,1,199629,199189,440
40988681,13.0823,12.7067,439,116800,0.235196,0.32,1,199643,199204,439
40991601,9.81646,16.1413,431,116800,0.279039,0.19,1,199652,199221,431
40994521,17.9633,16.8283,434,116800,0.223808,0.27,1,199672,199238,434
40997441,6.79266,6.56565,434,116800,0.148762,0.22,1,199676,199242,434
41000361,6.15853,6.11313,434,116800,0.253752,0.34,1,199682,199248,434
41003281,33.2317,30.8226,437,116800,0.31475,0.29,1,199722,199285,437
41006201,11.4463,10.9645,437,116800,0.35095,0.29,1,199728,199291,437
41009121,3.88927,3.7929,437,116800,0.32619,0.28,1,199730,199293,437
41012041,10.3779,8.75858,439,116800,0.297238,0.2,1,199742,199303,439
41014961,6.87557,6.55172,439,116800,0.259448,0.17,1,199748,199309,439
41017881,2.97511,2.91034,439,116800,0.21989,0.2,1,199750,199311,439
41020801,18.995,22.1821,435,116800,0.243978,0.3,1,199773,199338,435
41023721,11.799,11.6364,436,116800,0.248796,0.29,1,199783,199347,436
41026641,22.3598,20.7273,438,116800,0.337759,0.32,1,199808,199370,438
41029561,10.872,12.1455,436,116800,0.267552,0.26,1,199816,199380,436
41032481,8.57439,7.22909,438,116800,0.27751,0.26,1,199824,199386,438
41035401,4.91488,4.64582,438,116800,0.255502,0.3,1,199828,199390,438
41038321,13.783,17.7292,433,116800,0.3391,0.26,1,199844,199411,433
41041241,9.9566,6.74583,438,116800,0.29182,0.33,1,199853,199415,438
41044161,6.79132,9.34917,434,116800,0.242364,0.31,1,199859,199425,434
41047081,6.15826,5.06983,436,116800,0.328473,0.3,1,199865,199429,436
41050001,7.63165,9.01397,434,116800,0.273695,0.25,1,199873,199439,434
41052921,9.52633,5.00279,440,116800,0.294739,0.27,1,199883,199443,440
41055841,3.50527,5.00056,437,116800,0.290948,0.32,1,199885,199448,437
41058761,15.9011,13.8001,440,116800,0.30619,0.29,1,199904,199464,440
41061681,6.38021,5.96002,440,116800,0.245238,0.22,1,199908,199468,440
41064601,4.47604,4.392,440,116800,0.329048,0.28,1,199912,199472,440
41067521,16.0952,16.0784,440,116800,0.35381,0.23,1,199931,199491,440
41070441,4.81904,4.81568,440,116800,0.326762,0.3,1,199933,199493,440
41073361,17.7638,21.7631,435,116800,0.361352,0.27,1,199954,199519,435
41076281,6.75276,5.95263,437,116800,0.33627,0.27,1,199958,199521,437
41079201,2.95055,2.79053,437,116800,0.307254,0.19,1,199960,199523,437
41082121,50.1901,50.1581,437,116800,0.253451,0.33,1,200022,199585,437
41085041,18.038,17.2316,438,116800,0.14669,0.29,1,200032,199594,438
41087961,6.8076,6.64632,438,116800,0.309338,0.31,1,200036,199598,438
41090881,4.56152,6.12926,436,116800,0.285868,0.32,1,200040,199604,436
41093801,2.5123,4.42585,434,116800,0.241174,0.27,1,200042,199608,434
41096721,5.30246,7.28517,432,116800,0.328235,0.23,1,200048,199616,432
41099641,2.66049,3.05703,432,116800,0.313647,0.21,1,200050,199618,432
41102561,11.7321,9.41141,435,116800,0.286729,0.24,1,200064,199629,435
41105481,15.1464,13.0823,437,116800,0.289346,0.29,1,200080,199643,437
41108401,11.0293,9.81646,438,116800,0.289869,0.21,1,200090,199652,438
41111321,16.6059,17.9633,436,116800,0.273974,0.13,1,200108,199672,436
41114241,4.92117,6.79266,434,116800,0.238795,0.28,1,200110,199676,434
41117161,7.38423,6.15853,436,116800,0.111759,0.33,1,200118,199682,436
41120081,33.4768,33.2317,436,116800,0.270352,0.36,1,200158,199722,436
41123001,12.2954,11.4463,437,116800,0.26207,0.32,1,200165,199728,437
41125921,4.05907,3.88927,437,116800,0.260414,0.29,1,200167,199730,437
41128841,11.2118,10.3779,438,116800,0.260083,0.25,1,200180,199742,438
41131761,5.44236,6.87557,436,116800,0.316017,0.21,1,200184,199748,436
41134681,4.28847,2.97511,438,116800,0.263203,0.25,1,200188,199750,438
41137601,16.8577,18.995,435,116800,0.252641,0.25,1,200208,199773,435
41140521,12.1715,11.799,436,116800,0.234528,0.36,1,200219,199783,436
41143441,20.0343,22.3598,433,116800,0.254906,0.25,1,200241,199808,433
41146361,12.0069,10.872,435,116800,0.330981,0.28,1,200251,199816,435
41149281,12.8014,8.57439,440,116800,0.266196,0.25,1,200264,199824,440
41152201,5.76027,4.91488,440,116800,0.237239,0.36,1,200268,199828,440
41155121,11.5521,13.783,437,116800,0.343448,0.28,1,200281,199844,437
41158041,5.51041,9.9566,432,116800,0.34069,0.23,1,200285,199853,432
41160961,9.10208,6.79132,436,116800,0.284138,0.35,1,200295,199859,436
41163881,3.42042,6.15826,432,116800,0.264828,0.26,1,200297,199865,432
41166801,11.0841,7.63165,437,116800,0.252966,0.3,1,200310,199873,437
41169721,8.61682,9.52633,435,116800,0.242593,0.29,1,200318,199883,435
41172641,3.32336,3.50527,435,116800,0.208519,0.31,1,200320,199885,435
41175561,17.4647,15.9011,437,116800,0.249704,0.23,1,200341,199904,437
41178481,6.69293,6.38021,437,116800,0.257941,0.35,1,200345,199908,437
41181401,7.73859,4.47604,441,116800,0.331588,0.36,1,200353,199912,441
41184321,15.9477,16.0952,440,116800,0.338318,0.32,1,200371,199931,440
41187241,4.78954,4.81904,440,116800,0.307664,0.37,1,200373,199933,440
41190161,12.9579,17.7638,434,116800,0.309533,0.33,1,200388,199954,434
41193081,8.99158,6.75276,438,116800,0.245907,0.3,1,200396,199958,438
41196001,3.39832,2.95055,438,116800,0.321181,0.24,1,200398,199960,438
41198921,45.4797,50.1901,432,116800,0.328236,0.12,1,200454,200022,432
41201841,18.6959,18.038,434,116800,0.329647,0.35,1,200466,200032,434
41204761,8.53919,6.8076,436,116800,0.233929,0.28,1,200472,200036,436
41207681,6.50784,4.56152,438,116800,0.342786,0.23,1,200478,200040,438
41210601,2.90157,2.5123,438,116800,0.356557,0.35,1,200480,200042,438
41213521,6.18031,5.30246,439,116800,0.367311,0.31,1,200487,200048,439
41216441,2.83606,2.66049,439,116800,0.369462,0.28,1,200489,200050,439
41219361,8.56721,11.7321,435,116800,0.305892,0.29,1,200499,200064,435
41222281,16.1134,15.1464,437,116800,0.253179,0.29,1,200517,200080,437
41225201,11.2227,11.0293,437,116800,0.234636,0.27,1,200527,200090,437
41228121,11.0445,16.6059,430,116800,0.270927,0.23,1,200538,200108,430
41231041,11.8089,4.92117,440,116800,0.278185,0.08,1,200550,200110,440
41233961,7.16178,7.38423,438,116800,0.183637,0.31,1,200556,200118,438
41236881,31.0324,33.4768,435,116800,0.244727,0.26,1,200593,200158,435
41239801,11.8065,12.2954,435,116800,0.248945,0.26,1,200600,200165,435
41242721,3.96129,4.05907,435,116800,0.225789,0.26,1,200602,200167,435
41245641,14.3923,11.2118,439,116800,0.317158,0.33,1,200619,200180,439
41248561,6.07845,5.44236,439,116800,0.311432,0.25,1,200623,200184,439
41251481,4.41569,4.28847,439,116800,0.254286,0.25,1,200627,200188,439
41254401,12.0831,16.8577,433,116800,0.330857,0.23,1,200641,200208,433
41257321,13.6166,12.1715,436,116800,0.298171,0.26,1,200655,200219,436
41260241,22.7233,20.0343,439,116800,0.307634,0.35,1,200680,200241,439
41263161,9.34466,12.0069,435,116800,0.301527,0.25,1,200686,200251,435
41266081,14.6689,12.8014,438,116800,0.260305,0.23,1,200702,200264,438
41269001,7.73379,5.76027,440,116800,0.236061,0.37,1,200708,200268,440
41271921,7.94676,11.5521,435,116800,0.199212,0.34,1,200716,200281,435
41274841,4.78935,5.51041,435,116800,0.215842,0.27,1,200720,200285,435
41277761,7.35787,9.10208,433,116800,0.307168,0.26,1,200728,200295,433
41280681,3.07157,3.42042,433,116800,0.293434,0.25,1,200730,200297,433
41283601,11.0143,11.0841,433,116800,0.330687,0.24,1,200743,200310,433
41286521,10.2029,8.61682,435,116800,0.210137,0.2,1,200753,200318,435
41289441,3.64057,3.32336,435,116800,0.186027,0.26,1,200755,200320,435
41292361,15.1281,17.4647,432,116800,0.253205,0.26,1,200773,200341,432
41295281,11.8256,6.69293,439,116800,0.226641,0.35,1,200784,200345,439
41298201,8.76512,7.73859,439,116800,0.317328,0.34,1,200792,200353,439
41301121,8.15302,15.9477,429,116800,0.327466,0.3,1,200800,200371,429
41304041,11.2306,4.78954,439,116800,0.321493,0.31,1,200812,200373,439
41306961,15.0461,12.9579,440,116800,0.264299,0.23,1,200828,200388,440
41309881,7.80922,8.99158,438,116800,0.31686,0.34,1,200834,200396,438
41312801,4.76184,3.39832,440,116800,0.255372,0.33,1,200838,200398,440
41315721,42.5524,45.4797,436,116800,0.275074,0.33,1,200890,200454,436
41318641,16.5105,18.6959,434,116800,0.207015,0.21,1,200900,200466,434
41321561,11.3021,8.53919,438,116800,0.265403,0.37,1,200910,200472,438
41324481,8.66042,6.50784,440,116800,0.189081,0.36,1,200918,200478,440
41327401,3.33208,2.90157,440,116800,0.165816,0.37,1,200920,200480,440
41330321,3.86642,6.18031,437,116800,0.249163,0.37,1,200924,200487,437
41333241,2.37328,2.83606,437,116800,0.241833,0.29,1,200926,200489,437
41336161,6.87466,8.56721,435,116800,0.264367,0.24,1,200934,200499,435
41339081,17.3749,16.1134,437,116800,0.156873,0.23,1,200954,200517,437
41342001,9.87499,11.2227,435,116800,0.183375,0.28,1,200962,200527,435
41344921,10.775,11.0445,435,116800,0.260675,0.28,1,200973,200538,435
41347841,14.155,11.8089,438,116800,0.244135,0.16,1,200988,200550,438
41350761,4.431,7.16178,434,116800,0.208827,0.26,1,200990,200556,434
41353681,28.8862,31.0324,432,116800,0.121765,0.25,1,201025,200593,432
41356601,12.1772,11.8065,433,116800,0.168353,0.22,1,201033,200600,433
41359521,5.63545,3.96129,435,116800,0.249671,0.34,1,201037,200602,435
41362441,13.1271,14.3923,433,116800,0.161934,0.31,1,201052,200619,433
41365361,9.82542,6.07845,438,116800,0.112387,0.24,1,201061,200623,438
41368281,3.56508,4.41569,436,116800,0.102477,0.35,1,201063,200627,436
41371201,11.113,12.0831,435,116800,0.204495,0.29,1,201076,200641,435
41374121,7.0226,13.6166,427,116800,0.168899,0.31,1,201082,200655,427
41377041,31.0045,22.7233,439,116800,0.14578,0.3,1,201119,200680,439
41379961,9.4009,9.34466,437,116800,0.077156,0.25,1,201123,200686,437
41382881,10.6802,14.6689,432,116800,0.215431,0.23,1,201134,200702,432
41385801,8.53604,7.73379,434,116800,0.163086,0.19,1,201142,200708,434
41388721,12.1072,7.94676,439,116800,0.200617,0.22,1,201155,200716,439
41391641,5.62144,4.78935,439,116800,0.176123,0.33,1,201159,200720,439
41394561,2.72429,7.35787,433,116800,0.203225,0.29,1,201161,200728,433
41397481,5.34486,3.07157,437,116800,0.184645,0.34,1,201167,200730,437
41400401,7.46897,11.0143,432,116800,0.212929,0.18,1,201175,200743,432
41403321,14.2938,10.2029,438,116800,0.146586,0.18,1,201191,200753,438
41406241,6.05876,3.64057,440,116800,0.109317,0.27,1,201195,200755,440
41409161,9.21175,15.1281,432,116800,0.117863,0.22,1,201205,200773,432
41412081,17.0424,11.8256,440,116800,0.103573,0.34,1,201224,200784,440
41415001,8.20847,8.76512,438,116800,0.0847145,0.33,1,201230,200792,438
41417921,8.04169,8.15302,438,116800,0.208943,0.32,1,201238,200800,438
41420841,9.60834,11.2306,436,116800,0.225789,0.25,1,201248,200812,436
41423761,13.1217,15.0461,434,116800,0.229158,0.33,1,201262,200828,434
41426681,4.22433,7.80922,430,116800,0.229832,0.24,1,201264,200834,430
41429601,9.64487,4.76184,437,116800,0.189966,0.28,1,201275,200838,437
41432521,41.129,42.5524,434,116800,0.101993,0.19,1,201324,200890,434
41435441,17.8258,16.5105,436,116800,0.220399,0.28,1,201336,200900,436
41438361,8.36516,11.3021,432,116800,0.18808,0.17,1,201342,200910,432
41441281,7.27303,8.66042,431,116800,0.245616,0.16,1,201349,200918,431
41444201,3.05461,3.33208,431,116800,0.249123,0.27,1,201351,200920,431
41447121,7.01092,3.86642,435,116800,0.145825,0.24,1,201359,200924,435
41450041,3.00218,2.37328,435,116800,0.245165,0.27,1,201361,200926,435
41452961,5.40044,6.87466,433,116800,0.217033,0.13,1,201367,200934,433
41455881,13.8801,17.3749,429,116800,0.195407,0.19,1,201383,200954,429
41458801,14.776,9.87499,436,116800,0.167081,0.28,1,201398,200962,436
41461721,11.7552,10.775,436,116800,0.297416,0.24,1,201409,200973,436
41464641,8.75104,14.155,429,116800,0.259483,0.2,1,201417,200988,429
41467561,3.35021,4.431,429,116800,0.227897,0.1,1,201419,200990,429
41470481,31.07,28.8862,432,116800,0.125579,0.18,1,201457,201025,432
41473401,11.014,12.1772,430,116800,0.289116,0.27,1,201463,201033,430
41476321,3.8028,5.63545,428,116800,0.321823,0.14,1,201465,201037,428
41479241,10.3606,13.1271,425,116800,0.296365,0.1,1,201477,201052,425
41482161,12.4721,9.82542,429,116800,0.307273,0.1,1,201490,201061,429
41485081,4.09442,3.56508,429,116800,0.277455,0.23,1,201492,201063,429
41488001,10.4189,11.113,428,116800,0.279491,0.16,1,201504,201076,428
41490921,6.88378,7.0226,428,116800,0.271898,0.14,1,201510,201082,428
41493841,34.9768,31.0045,433,116800,0.29438,0.06,1,201552,201119,433
41496761,10.1954,9.4009,433,116800,0.226876,0.25,1,201556,201123,433
41499681,6.83907,10.6802,428,116800,0.213375,0.15,1,201562,201134,428
41502601,9.36781,8.53604,430,116800,0.266675,0.21,1,201572,201142,430
41505521,13.0736,12.1072,431,116800,0.293335,0.17,1,201586,201155,431
41508441,4.21471,5.62144,429,116800,0.306667,0.21,1,201588,201159,429
41511361,2.44294,2.72429,429,116800,0.309333,0.18,1,201590,201161,429
41514281,6.88859,5.34486,431,116800,0.261867,0.22,1,201598,201167,431
41517201,7.77772,7.46897,431,116800,0.252373,0.13,1,201606,201175,431
41520121,13.5555,14.2938,430,116800,0.298475,0.1,1,201621,201191,430
41523041,4.31111,6.05876,428,116800,0.275695,0.12,1,201623,201195,428
41525961,8.86222,9.21175,428,116800,0.175139,0.1,1,201633,201205,428
41528881,18.5724,17.0424,430,116800,0.139028,0.08,1,201654,201224,430
41531801,10.1145,8.20847,432,116800,0.291806,0.24,1,201662,201230,432
41534721,10.0229,8.04169,434,116800,0.250361,0.23,1,201672,201238,434
41537641,6.80458,9.60834,430,116800,0.218072,0.23,1,201678,201248,430
41540561,12.5609,13.1217,430,116800,0.291614,0.23,1,201692,201262,430
41543481,4.11218,4.22433,430,116800,0.274323,0.18,1,201694,201264,430
41546401,10.4224,9.64487,431,116800,0.302865,0.08,1,201706,201275,431
41549321,43.6845,41.129,434,116800,0.260573,0.25,1,201758,201324,434
41552241,17.5369,17.8258,433,116800,0.276115,0.18,1,201769,201336,433
41555161,8.30738,8.36516,433,116800,0.223223,0.26,1,201775,201342,433
41558081,4.86148,7.27303,430,116800,0.252645,0.25,1,201779,201349,430
41561001,6.5723,3.05461,435,116800,0.274529,0.12,1,201786,201351,435
41563921,7.71446,7.01092,435,116800,0.198906,0.27,1,201794,201359,435
41566841,3.14289,3.00218,435,116800,0.175781,0.21,1,201796,201361,435
41569761,3.82858,5.40044,433,116800,0.147156,0.19,1,201800,201367,433
41572681,13.5657,13.8801,433,116800,0.205431,0.16,1,201816,201383,433
41575601,17.1131,14.776,436,116800,0.257086,0.33,1,201834,201398,436
41578521,9.82263,11.7552,433,116800,0.275417,0.25,1,201842,201409,433
41581441,9.16453,8.75104,434,116800,0.231083,0.22,1,201851,201417,434
41584361,3.43291,3.35021,434,116800,0.254217,0.1,1,201853,201419,434
41587281,32.6866,31.07,436,116800,0.290843,0.33,1,201893,201457,436
41590201,11.3373,11.014,436,116800,0.226169,0.33,1,201899,201463,436
41593121,3.86746,3.8028,436,116800,0.309234,0.29,1,201901,201465,436
41596041,11.1735,10.3606,437,116800,0.277847,0.31,1,201914,201477,437
41598961,11.8347,12.4721,436,116800,0.271569,0.27,1,201926,201490,436
41601881,3.96694,4.09442,436,116800,0.238314,0.28,1,201928,201492,436
41604801,10.3934,10.4189,436,116800,0.287663,0.27,1,201940,201504,436
41607721,5.27868,6.88378,434,116800,0.233533,0.3,1,201944,201510,434
41610641,35.4557,34.9768,435,116800,0.238707,0.21,1,201987,201552,435
41613561,13.4911,10.1954,439,116800,0.247741,0.21,1,201995,201556,439
41616481,5.89823,6.83907,437,116800,0.265548,0.28,1,201999,201562,437
41619401,5.97965,9.36781,433,116800,0.22911,0.3,1,202005,201572,433
41622321,13.9959,13.0736,435,116800,0.165822,0.31,1,202021,201586,435
41625241,4.39919,4.21471,435,116800,0.201164,0.31,1,202023,201588,435
41628161,2.47984,2.44294,435,116800,0.256233,0.25,1,202025,201590,435
41631081,5.29597,6.88859,433,116800,0.235247,0.25,1,202031,201598,433
41634001,9.05919,7.77772,435,116800,0.207049,0.31,1,202041,201606,435
41636921,9.81184,13.5555,430,116800,0.16141,0.27,1,202051,201621,430
41639841,3.56237,4.31111,430,116800,0.160282,0.15,1,202053,201623,430
41642761,12.7125,8.86222,435,116800,0.232056,0.13,1,202068,201633,435
41645681,22.5425,18.5724,439,116800,0.198411,0.33,1,202093,201654,439
41648601,7.7085,10.1145,435,116800,0.167682,0.24,1,202097,201662,435
41651521,12.7417,10.0229,439,116800,0.217536,0.21,1,202111,201672,439
41654441,4.14834,6.80458,435,116800,0.235507,0.31,1,202113,201678,435
41657361,11.2297,12.5609,434,116800,0.223101,0.27,1,202126,201692,434
41660281,3.84593,4.11218,434,116800,0.18862,0.31,1,202128,201694,434
41663201,12.7692,10.4224,437,116800,0.197724,0.25,1,202143,201706,437
41666121,42.5538,43.6845,435,116800,0.143545,0.28,1,202193,201758,435
41669041,18.1108,17.5369,436,116800,0.212709,0.21,1,202205,201769,436
41671961,8.42215,8.30738,436,116800,0.178542,0.26,1,202211,201775,436
41674881,3.28443,4.86148,434,116800,0.163708,0.28,1,202213,201779,434
41677801,3.85689,6.5723,431,116800,0.120742,0.18,1,202217,201786,431
41680721,12.7714,7.71446,438,116800,0.216148,0.17,1,202232,201794,438
41683641,4.15428,3.14289,438,116800,0.19523,0.14,1,202234,201796,438
41686561,2.43086,3.82858,436,116800,0.159046,0.22,1,202236,201800,436
41689481,7.68617,13.5657,429,116800,0.247809,0.27,1,202245,201816,429
41692401,18.3372,17.1131,432,116800,0.0655618,0.28,1,202266,201834,432
41695321,10.8674,9.82263,433,116800,0.157112,0.22,1,202275,201842,433
41698241,7.77349,9.16453,431,116800,0.119422,0.26,1,202282,201851,431
41701161,3.1547,3.43291,431,116800,0.0718845,0.3,1,202284,201853,431
41704081,38.2309,32.6866,438,116800,0.166377,0.21,1,202331,201893,438
41707001,10.8462,11.3373,436,116800,0.201275,0.33,1,202335,201899,436
41709921,3.76924,3.86746,436,116800,0.176255,0.27,1,202337,201901,436
41712841,10.3538,11.1735,435,116800,0.259251,0.27,1,202349,201914,435
41715761,13.2708,11.8347,437,116800,0.23585,0.23,1,202363,201926,437
41718681,4.25415,3.96694,437,116800,0.20717,0.3,1,202365,201928,437
41721601,10.4508,10.3934,437,116800,0.185434,0.22,1,202377,201940,437
41724521,5.29017,5.27868,437,116800,0.237087,0.24,1,202381,201944,437
41727441,31.458,35.4557,432,116800,0.0954174,0.25,1,202419,201987,432
41730361,12.6916,13.4911,432,116800,0.147083,0.27,1,202427,201995,432
41733281,5.73832,5.89823,432,116800,0.157417,0.22,1,202431,201999,432
41736201,6.74766,5.97965,433,116800,0.207483,0.15,1,202438,202005,433
41739121,14.9495,13.9959,434,116800,0.193497,0.21,1,202455,202021,434
41742041,4.58991,4.39919,434,116800,0.198699,0.27,1,202457,202023,434
41744961,2.51798,2.47984,434,116800,0.16774,0.23,1,202459,202025,434
41747881,3.7036,5.29597,432,116800,0.209548,0.2,1,202463,202031,432
41750801,7.14072,9.05919,430,116800,0.24191,0.15,1,202471,202041,430
41753721,11.8281,9.81184,433,116800,0.192382,0.16,1,202484,202051,433
41756641,5.56563,3.56237,435,116800,0.182476,0.25,1,202488,202053,435
41759561,11.5131,12.7125,433,116800,0.268495,0.19,1,202501,202068,433
41762481,19.9026,22.5425,430,116800,0.117699,0.16,1,202523,202093,430
41765401,10.3805,7.7085,434,116800,0.19954,0.23,1,202531,202097,434
41768321,8.4761,12.7417,428,116800,0.175908,0.24,1,202539,202111,428
41771241,4.89522,4.14834,430,116800,0.243182,0.22,1,202543,202113,430
41774161,15.379,11.2297,435,116800,0.152636,0.18,1,202561,202126,435
41777081,4.67581,3.84593,435,116800,0.102527,0.2,1,202563,202128,435
41780001,2.53516,12.7692,422,116800,0.212505,0.13,1,202565,202143,422
41782921,46.907,42.5538,430,116800,0.162501,0.23,1,202623,202193,430
41785841,17.3814,18.1108,428,116800,0.2085,0.17,1,202633,202205,428
41788761,12.2763,8.42215,433,116800,0.2417,0.16,1,202644,202211,433
41791681,4.05526,3.28443,433,116800,0.24834,0.11,1,202646,202213,433
41794601,4.01105,3.85689,433,116800,0.185668,0.24,1,202650,202217,433
41797521,5.60221,12.7714,424,116800,0.181134,0.19,1,202656,202232,424
41800441,5.92044,4.15428,428,116800,0.148227,0.15,1,202662,202234,428
41803361,6.78409,2.43086,433,116800,0.141645,0.27,1,202669,202236,433
41806281,2.95682,7.68617,426,116800,0.180329,0.02,1,202671,202245,426
41809201,19.7914,18.3372,429,116800,0.204066,0.18,1,202695,202266,429
41812121,14.3583,10.8674,433,116800,0.224813,0.11,1,202708,202275,433
41815041,6.07165,7.77349,430,116800,0.180963,0.06,1,202712,202282,430
41817961,4.41433,3.1547,432,116800,0.124193,0.19,1,202716,202284,432
41820881,36.0829,38.2309,429,116800,0.168839,0.21,1,202760,202331,429
41823801,8.81657,10.8462,427,116800,0.233768,0.17,1,202762,202335,427
41826721,3.36331,3.76924,427,116800,0.214754,0.28,1,202764,202337,427
41829641,11.0727,10.3538,428,116800,0.218951,0.23,1,202777,202349,428
41832561,15.8145,13.2708,431,116800,0.13979,0.2,1,202794,202363,431
41835481,4.76291,4.25415,431,116800,0.091958,0.18,1,202796,202365,431
41838401,8.95258,10.4508,429,116800,0.0823916,0.25,1,202806,202377,429
41841321,9.79052,5.29017,435,116800,0.200478,0.06,1,202816,202381,435
41844241,28.3581,31.458,430,116800,0.144096,0.16,1,202849,202419,430
41847161,12.8716,12.6916,431,116800,0.180819,0.16,1,202858,202427,431
41850081,5.77432,5.73832,431,116800,0.156164,0.22,1,202862,202431,431
41853001,10.7549,6.74766,436,116800,0.215233,0.19,1,202874,202438,436
41855921,14.951,14.9495,435,116800,0.179047,0.2,1,202890,202455,435
41858841,4.59019,4.58991,435,116800,0.147809,0.16,1,202892,202457,435
41861761,2.51804,2.51798,435,116800,0.109562,0.22,1,202894,202459,435
41864681,2.10361,3.7036,433,116800,0.189912,0.25,1,202896,202463,433
41867601,5.22072,7.14072,431,116800,0.181982,0.18,1,202902,202471,431
41870521,9.04414,11.8281,428,116800,0.180396,0.18,1,202912,202484,428
41873441,10.6088,5.56563,435,116800,0.172079,0.29,1,202923,202488,435
41876361,8.52177,11.5131,430,116800,0.106416,0.08,1,202931,202501,430
41879281,19.3044,19.9026,430,116800,0.245283,0.22,1,202953,202523,430
41882201,13.4609,10.3805,434,116800,0.265057,0.17,1,202965,202531,434
41885121,9.09217,8.4761,434,116800,0.205011,0.26,1,202973,202539,434
41888041,3.41843,4.89522,432,116800,0.161002,0.13,1,202975,202543,432
41890961,14.2837,15.379,431,116800,0.2082,0.09,1,202992,202561,431
41893881,4.45674,4.67581,431,116800,0.24964,0.24,1,202994,202563,431
41896801,2.49135,2.53516,431,116800,0.225928,0.15,1,202996,202565,431
41899721,47.6983,46.907,432,116800,0.237186,0.22,1,203055,202623,432
41902641,19.1397,17.3814,434,116800,0.191437,0.25,1,203067,202633,434
41905561,10.2279,12.2763,431,116800,0.150287,0.25,1,203075,202644,431
41908481,3.64559,4.05526,431,116800,0.198058,0.17,1,203077,202646,431
41911401,2.32912,4.01105,429,116800,0.207612,0.18,1,203079,202650,429
41914321,6.06582,5.60221,430,116800,0.193522,0.14,1,203086,202656,430
41917241,6.81316,5.92044,431,116800,0.206704,0.14,1,203093,202662,431
41920161,2.96263,6.78409,426,116800,0.185341,0.19,1,203095,202669,426
41923081,2.19253,2.95682,426,116800,0.181068,0.21,1,203097,202671,426
41926001,22.0385,19.7914,429,116800,0.212214,0.23,1,203124,202695,429
41928921,17.2077,14.3583,432,116800,0.146443,0.17,1,203140,202708,432
41931841,5.04154,6.07165,430,116800,0.221289,0.11,1,203142,202712,430
41934761,4.20831,4.41433,430,116800,0.164258,0.18,1,203146,202716,430
41937681,39.2417,36.0829,434,116800,0.248852,0.25,1,203194,202760,434
41940601,9.44833,8.81657,434,116800,0.23377,0.21,1,203196,202762,434
41943521,3.48967,3.36331,434,116800,0.246754,0.22,1,203198,202764,434
41946441,3.89793,11.0727,425,116800,0.257351,0.12,1,203202,202777,425
41949361,14.3796,15.8145,425,116800,0.29147,0.08,1,203219,202794,425
41952281,4.47592,4.76291,425,116800,0.258294,0.08,1,203221,202796,425
41955201,14.4952,8.95258,432,116800,0.251659,0.23,1,203238,202806,432
41958121,9.29904,9.79052,430,116800,0.130332,0.13,1,203246,202816,430
41961041,29.0598,28.3581,431,116800,0.154066,0.19,1,203280,202849,431
41963961,10.612,12.8716,428,116800,0.158813,0.15,1,203286,202858,428
41966881,3.72239,5.77432,426,116800,0.255763,0.23,1,203288,202862,426
41969801,12.7445,10.7549,429,116800,0.259153,0.17,1,203303,202874,429
41972721,16.9489,14.951,431,116800,0.283831,0.14,1,203321,202890,431
41975641,4.98978,4.59019,431,116800,0.256766,0.1,1,203323,202892,431
41978561,4.19796,2.51804,433,116800,0.267353,0.21,1,203327,202894,433
41981481,2.43959,2.10361,433,116800,0.237471,0.18,1,203329,202896,433
41984401,3.68792,5.22072,431,116800,0.295494,0.18,1,203333,202902,431
41987321,7.93758,9.04414,430,116800,0.299099,0.17,1,203342,202912,430
41990241,7.98752,10.6088,427,118260,0.28382,0.09,1,203350,202923,427
41993161,12.7975,8.52177,433,118260,0.264764,0.28,1,203364,202931,433
41996081,21.7595,19.3044,435,118260,0.324953,0.27,1,203388,202953,435
41999001,9.1519,13.4609,429,118260,0.288991,0.19,1,203394,202965,429
42001921,13.0304,9.09217,435,118260,0.321798,0.15,1,203408,202973,435
42004841,4.20608,3.41843,435,118260,0.29636,0.22,1,203410,202975,435
42007761,10.4412,14.2837,430,118260,0.347272,0.26,1,203422,202992,430
42010681,3.68824,4.45674,430,118260,0.357454,0.22,1,203424,202994,430
42013601,7.13765,2.49135,436,118260,0.375491,0.24,1,203432,202996,436
42016521,44.6275,47.6983,431,118260,0.203098,0.18,1,203486,203055,431
42019441,20.1255,19.1397,433,118260,0.32062,0.14,1,203500,203067,433
42022361,8.8251,10.2279,431,118260,0.272124,0.21,1,203506,203075,431
42025281,3.36502,3.64559,431,118260,0.238425,0.21,1,203508,203077,431
42028201,2.273,2.32912,431,118260,0.207685,0.19,1,203510,203079,431
42031121,5.2546,6.06582,430,118260,0.321537,0.21,1,203516,203086,430
42034041,5.85092,6.81316,429,118260,0.360307,0.18,1,203522,203093,429
42036961,2.77018,2.96263,429,118260,0.336061,0.18,1,203524,203095,429
42039881,5.35404,2.19253,433,118260,0.307212,0.22,1,203530,203097,433
42042801,20.2708,22.0385,430,118260,0.173442,0.13,1,203554,203124,430
42045721,15.2542,17.2077,428,118260,0.306688,0.24,1,203568,203140,428
42048641,10.2508,5.04154,435,118260,0.317338,0.15,1,203577,203142,435
42051561,3.65017,4.20831,433,118260,0.343468,0.27,1,203579,203146,433
42054481,40.73,39.2417,435,118260,0.244694,0.23,1,203629,203194,435
42057401,11.346,9.44833,437,118260,0.328939,0.25,1,203633,203196,437
42060321,3.8692,3.48967,437,118260,0.313788,0.26,1,203635,203198,437
42063241,3.97384,3.89793,437,118260,0.238758,0.3,1,203639,203202,437
42066161,10.3948,14.3796,432,118260,0.327752,0.25,1,203651,203219,432
42069081,3.67895,4.47592,432,118260,0.31355,0.25,1,203653,203221,432
42072001,11.9358,14.4952,429,118260,0.28671,0.1,1,203667,203238,429
42074921,11.9872,9.29904,433,118260,0.305342,0.16,1,203679,203246,433
42077841,32.7974,29.0598,437,118260,0.165068,0.16,1,203717,203280,437
42080761,9.75949,10.612,435,118260,0.121014,0.28,1,203721,203286,435
42083681,3.5519,3.72239,435,118260,0.168203,0.26,1,203723,203288,435
42086601,12.7104,12.7445,435,118260,0.273641,0.29,1,203738,203303,435
42089521,19.3421,16.9489,438,118260,0.286728,0.25,1,203759,203321,438
42092441,5.46842,4.98978,438,118260,0.257346,0.27,1,203761,203323,438
42095361,2.69368,4.19796,436,118260,0.251469,0.23,1,203763,203327,436
42098281,2.13874,2.43959,436,118260,0.274294,0.31,1,203765,203329,436
42101201,5.22775,3.68792,438,118260,0.206859,0.3,1,203771,203333,438
42104121,6.64555,7.93758,436,118260,0.273372,0.3,1,203778,203342,436
42107041,6.12911,1.58752,442,118260,0.262674,0.28,1,203784,203342,442
42109961,12.4258,6.7175,448,118260,0.236535,0.26,1,203798,203350,448
42112881,18.4852,12.5435,454,118260,0.167307,0.34,1,203818,203364,454
42115801,13.297,21.7087,442,118260,0.241461,0.28,1,203830,203388,442
42118721,12.2594,9.14174,448,118260,0.256292,0.33,1,203842,203394,448
42121641,8.85188,13.0283,442,118260,0.251258,0.29,1,203850,203408,442
42124561,11.3704,4.20567,452,118260,0.178252,0.36,1,203862,203410,452
42127481,3.87408,10.4411,442,118260,0.16365,0.36,1,203864,203422,442
42130401,5.57482,3.68823,446,118260,0.23273,0.38,1,203870,203424,446
42133321,41.115,7.13765,488,118260,0.222546,0.16,1,203920,203432,488
42136241,17.023,44.6275,445,118260,0.276509,0.35,1,203931,203486,445
42139161,14.6046,20.1255,445,118260,0.239302,0.26,1,203945,203500,445
42142081,4.52092,8.8251,441,118260,0.19986,0.23,1,203947,203506,441
42145001,2.50418,3.36502,441,118260,0.159972,0.2,1,203949,203508,441
42147921,3.70084,2.273,443,118260,0.151994,0.35,1,203953,203510,443
42150841,7.94017,5.2546,446,118260,0.262399,0.37,1,203962,203516,446
42153761,3.18803,5.85092,442,118260,0.29248,0.33,1,203964,203522,442
42156681,2.23761,2.77018,442,118260,0.290496,0.3,1,203966,203524,442
42159601,19.6475,5.35404,460,118260,0.170099,0.14,1,203990,203530,460
42162521,17.5295,20.2708,453,118260,0.22602,0.34,1,204007,203554,453
42165441,5.1059,15.2542,441,118260,0.261204,0.32,1,204009,203568,441
42168361,2.62118,10.2508,434,118260,0.236241,0.35,1,204011,203577,434
42171281,40.5242,3.65017,482,118260,0.143248,0.22,1,204061,203579,482
42174201,10.5048,40.73,435,118260,0.23665,0.35,1,204064,203629,435
42177121,10.101,11.346,441,118260,0.21533,0.31,1,204074,203633,441
42180041,5.22019,3.8692,443,118260,0.171066,0.22,1,204078,203635,443
42182961,8.24404,3.97384,448,118260,0.202213,0.35,1,204087,203639,448
42185881,3.24881,10.3948,438,118260,0.208443,0.31,1,204089,203651,438
42188801,9.44976,3.67895,447,118260,0.241689,0.28,1,204100,203653,447
42191721,5.88995,11.9358,438,118260,0.248338,0.31,1,204105,203667,438
42194641,39.578,11.9872,474,118260,0.193668,0.13,1,204153,203679,474
42197561,9.5156,32.7974,438,118260,0.158734,0.11,1,204155,203717,438
42200481,3.50312,9.75949,436,118260,0.151747,0.18,1,204157,203721,436
42203401,7.10062,3.5519,442,118260,0.182349,0.3,1,204165,203723,442
42206321,21.4201,12.7104,452,118260,0.29247,0.29,1,204190,203738,452
42209241,5.88402,19.3421,433,118260,0.282494,0.25,1,204192,203759,433
42212161,2.7768,5.46842,433,118260,0.248499,0.25,1,204194,203761,433
42215081,2.15536,2.69368,433,118260,0.2497,0.28,1,204196,203763,433
42218001,6.83107,2.13874,439,118260,0.17794,0.19,1,204204,203765,439
42220921,4.56621,5.22775,437,118260,0.227588,0.29,1,204208,203771,437
42223841,8.11324,6.64555,439,118260,0.301518,0.26,1,204217,203778,439
42226761,10.4226,6.12911,444,118260,0.244304,0.23,1,204228,203784,444
42229681,21.2845,12.4258,454,118260,0.184861,0.15,1,204252,203798,454
42232601,13.0569,18.4852,445,118260,0.340972,0.26,1,204263,203818,445
42235521,10.6114,13.297,443,118260,0.268194,0.26,1,204273,203830,443
42238441,6.92228,12.2594,437,118260,0.221639,0.25,1,204279,203842,437
42241361,14.9845,8.85188,446,118260,0.292328,0.16,1,204296,203850,446
42244281,6.99689,11.3704,439,118260,0.258466,0.16,1,204301,203862,439
42247201,4.59938,3.87408,441,118260,0.219693,0.25,1,204305,203864,441
42250121,40.9199,5.57482,485,118260,0.123939,0.22,1,204355,203870,485
42253041,15.384,41.115,444,118260,0.264788,0.29,1,204364,203920,444
42255961,8.67679,17.023,440,118260,0.220958,0.23,1,204371,203931,440
42258881,4.13536,14.6046,429,118260,0.252192,0.19,1,204374,203945,429
42261801,10.4271,4.52092,439,118260,0.306438,0.15,1,204386,203947,439
42264721,3.68541,2.50418,439,118260,0.309288,0.15,1,204388,203949,439
42267641,8.73708,3.70084,445,118260,0.293858,0.29,1,204398,203953,445
42270561,3.34742,7.94017,438,118260,0.290772,0.3,1,204400,203962,438
42273481,2.26948,3.18803,438,118260,0.266154,0.29,1,204402,203964,438
42276401,14.0539,2.23761,453,118260,0.293231,0.14,1,204419,203966,453
42279321,20.4108,19.6475,451,118260,0.282646,0.24,1,204441,203990,451
42282241,5.68216,17.5295,436,118260,0.344529,0.27,1,204443,204007,436
42285161,2.73643,5.1059,436,118260,0.324906,0.23,1,204445,204009,436
42288081,38.9473,2.62118,482,118260,0.336981,0.12,1,204493,204011,482
42291001,9.38946,40.5242,434,118260,0.299396,0.26,1,204495,204061,434
42293921,9.87789,10.5048,441,118260,0.395879,0.21,1,204505,204064,441
42296841,5.17558,10.101,435,118260,0.383176,0.16,1,204509,204074,435
42299761,9.03512,5.22019,441,118260,0.396635,0.21,1,204519,204078,441
42302681,3.40702,8.24404,434,118260,0.399327,0.21,1,204521,204087,434
42305601,8.6814,3.24881,442,118260,0.279865,0.25,1,204531,204089,442
42308521,6.53628,9.44976,437,118260,0.311973,0.25,1,204537,204100,437
42311441,38.9073,5.88995,479,118260,0.286395,0.18,1,204584,204105,479
42314361,9.38145,39.578,433,118260,0.281279,0.15,1,204586,204153,433
42317281,3.47629,9.5156,433,118260,0.304256,0.15,1,204588,204155,433
42320201,10.2953,3.50312,443,118260,0.276851,0.19,1,204600,204157,443
42323121,17.2591,7.10062,454,118260,0.21537,0.32,1,204619,204165,454
42326041,5.05181,21.4201,431,118260,0.363074,0.28,1,204621,204190,431
42328961,2.61036,5.88402,431,118260,0.368615,0.24,1,204623,204192,431
42331881,5.32207,2.7768,435,118260,0.313723,0.25,1,204629,204194,435
42334801,7.46441,2.15536,441,118260,0.358745,0.16,1,204637,204196,441
42337721,7.89288,6.83107,441,118260,0.295749,0.24,1,204645,204204,441
42340641,4.77858,4.56621,441,118260,0.37115,0.32,1,204649,204208,441
42343561,15.3557,8.11324,450,118260,0.25823,0.23,1,204667,204217,450
42346481,15.0711,10.4226,454,118260,0.331646,0.17,1,204682,204228,454
42349401,15.0142,21.2845,445,118260,0.298329,0.38,1,204697,204252,445
42352321,15.0028,13.0569,449,118260,0.259666,0.25,1,204712,204263,449
42355241,6.20057,10.6114,443,118260,0.323933,0.21,1,204716,204273,443
42358161,10.8401,6.92228,449,118260,0.336787,0.31,1,204728,204279,449
42361081,10.168,14.9845,442,118260,0.363357,0.25,1,204738,204296,442
42364001,6.8336,6.99689,443,118260,0.328671,0.21,1,204744,204301,443
42366921,38.9667,4.59938,486,118260,0.185734,0.1,1,204791,204305,486
42369841,14.1933,40.9199,444,118260,0.253147,0.3,1,204799,204355,444
42372761,9.23867,15.384,443,118260,0.290629,0.21,1,204807,204364,443
42375681,5.04773,8.67679,440,118260,0.274126,0.26,1,204811,204371,440
42378601,10.6095,4.13536,449,118260,0.230825,0.32,1,204823,204374,449
42381521,3.72191,10.4271,439,118260,0.214165,0.31,1,204825,204386,439
42384441,9.54438,3.68541,448,118260,0.266833,0.29,1,204836,204388,448
42387361,4.30888,8.73708,441,118260,0.237367,0.29,1,204839,204398,441
42390281,2.46178,3.34742,441,118260,0.271473,0.26,1,204841,204400,441
42393201,10.0924,2.26948,451,118260,0.294295,0.3,1,204853,204402,451
42396121,23.6185,14.0539,461,118260,0.202859,0.28,1,204880,204419,461
42399041,7.12369,20.4108,442,118260,0.256572,0.36,1,204883,204441,442
42401961,3.02474,5.68216,442,118260,0.243314,0.32,1,204885,204443,442
42404881,40.6049,2.73643,490,118260,0.256663,0.34,1,204935,204445,490
42407801,9.72099,38.9473,444,118260,0.227333,0.29,1,204937,204493,444
42410721,9.9442,9.38946,452,118260,0.253467,0.42,1,204947,204495,452
42413641,5.18884,9.87789,446,118260,0.322693,0.38,1,204951,204505,446
42416561,2.63777,5.17558,444,118260,0.304539,0.4,1,204953,204509,444
42419481,2.12755,9.03512,436,118260,0.284908,0.4,1,204955,204519,436
42422401,13.2255,3.40702,450,118260,0.344982,0.25,1,204971,204521,450
42425321,7.4451,8.6814,446,118260,0.276996,0.32,1,204977,204531,446
42428241,35.089,6.53628,482,118260,0.303399,0.28,1,205019,204537,482
42431161,8.6178,38.9073,437,118260,0.30068,0.28,1,205021,204584,437
42434081,3.32356,9.38145,437,118260,0.268136,0.31,1,205023,204586,437
42437001,10.2647,3.47629,447,118260,0.357627,0.27,1,205035,204588,447
42439921,17.2529,10.2953,454,118260,0.287525,0.2,1,205054,204600,454
42442841,5.05059,17.2591,437,118260,0.273505,0.4,1,205056,204619,437
42445761,3.41012,5.05181,438,118260,0.222701,0.37,1,205059,204621,438
42448681,6.28202,2.61036,443,118260,0.28454,0.3,1,205066,204623,443
42451601,7.6564,5.32207,445,118260,0.304908,0.37,1,205074,204629,445
42454521,7.93128,7.46441,445,118260,0.340982,0.28,1,205082,204637,445
42457441,3.18626,7.89288,439,118260,0.316196,0.39,1,205084,204645,439
42460361,15.8373,4.77858,454,118260,0.295239,0.23,1,205103,204649,454
42463281,12.7675,15.3557,448,118260,0.267048,0.35,1,205115,204667,448
42466201,16.1535,15.0711,450,118260,0.26941,0.29,1,205132,204682,450
42469121,15.2307,15.0142,450,118260,0.333882,0.25,1,205147,204697,450
42472041,9.44614,15.0028,443,118260,0.258776,0.34,1,205155,204712,443
42474961,11.4892,6.20057,451,118260,0.283755,0.34,1,205167,204716,451
42477881,10.2978,10.8401,449,118260,0.304751,0.37,1,205177,204728,449
42480801,3.65957,10.168,441,118260,0.30895,0.32,1,205179,204738,441
42483721,37.5319,6.8336,481,118260,0.27779,0.15,1,205225,204744,481
42486641,13.9064,38.9667,442,118260,0.359558,0.27,1,205233,204791,442
42489561,9.18128,14.1933,442,118260,0.303912,0.3,1,205241,204799,442
42492481,3.43626,9.23867,436,118260,0.260782,0.27,1,205243,204807,436
42495401,10.2873,5.04773,444,118260,0.284156,0.22,1,205255,204811,444
42498321,6.05745,10.6095,437,118260,0.288831,0.21,1,205260,204823,437
42501241,9.21149,3.72191,445,118260,0.257766,0.28,1,205270,204825,445
42504161,3.4423,9.54438,436,118260,0.251553,0.23,1,205272,204836,436
42507081,3.08846,4.30888,436,118260,0.282311,0.28,1,205275,204839,436
42510001,8.61769,2.46178,444,118260,0.336462,0.3,1,205285,204841,444
42512921,20.9235,10.0924,456,118260,0.275292,0.18,1,205309,204853,456
42515841,8.98471,23.6185,435,118260,0.175058,0.27,1,205315,204880,435
42518761,3.39694,7.12369,434,118260,0.195012,0.24,1,205317,204883,434
42521681,39.0794,3.02474,480,118260,0.287002,0.26,1,205365,204885,480
42524601,14.2159,40.6049,438,118260,0.2574,0.22,1,205373,204935,438
42527521,10.0432,9.72099,445,118260,0.27548,0.26,1,205382,204937,445
42530441,8.40864,9.9442,443,118260,0.191096,0.34,1,205390,204947,443
42533361,4.88173,5.18884,443,118260,0.294219,0.3,1,205394,204951,443
42536281,2.57635,2.63777,443,118260,0.314844,0.28,1,205396,204953,443
42539201,6.11527,2.12755,448,118260,0.246969,0.36,1,205403,204955,448
42542121,10.0231,13.2255,443,118260,0.257394,0.26,1,205414,204971,443
42545041,32.4046,7.4451,475,118260,0.235479,0.31,1,205452,204977,475
42547961,10.4809,35.089,438,118260,0.215096,0.3,1,205457,205019,438
42550881,4.49618,8.6178,439,118260,0.251019,0.26,1,205460,205021,439
42553801,6.49924,3.32356,444,118260,0.242204,0.38,1,205467,205023,444
42556721,20.4998,10.2647,456,118260,0.280441,0.27,1,205491,205035,456
42559641,5.69997,17.2529,439,118260,0.256088,0.27,1,205493,205054,439
42562561,5.93999,5.05059,443,118260,0.163218,0.21,1,205499,205056,443
42565481,2.788,3.41012,442,118260,0.168644,0.3,1,205501,205059,442
42568401,8.5576,6.28202,445,118260,0.265729,0.31,1,205511,205066,445
42571321,4.91152,7.6564,441,118260,0.325146,0.35,1,205515,205074,441
42574241,3.3823,7.93128,436,118260,0.289029,0.31,1,205518,205082,436
42577161,16.6765,3.18626,454,118260,0.257806,0.29,1,205538,205084,454
42580081,9.73529,15.8373,443,118260,0.163561,0.26,1,205546,205103,443
42583001,17.9471,12.7675,451,118260,0.104712,0.27,1,205566,205115,451
42585921,15.5894,16.1535,449,118260,0.220942,0.35,1,205581,205132,449
42588841,11.1179,15.2307,444,118260,0.212188,0.24,1,205591,205147,444
42591761,11.8236,9.44614,448,118260,0.282438,0.29,1,205603,205155,448
42594681,12.7647,11.4892,449,118260,0.224488,0.31,1,205616,205167,449
42597601,4.15294,10.2978,441,118260,0.172898,0.31,1,205618,205177,441
42600521,36.8306,3.65957,484,118260,0.20258,0.27,1,205663,205179,484
42603441,11.3661,37.5319,443,118260,0.120516,0.38,1,205668,205225,443
42606361,9.47322,13.9064,444,118260,0.208103,0.29,1,205677,205233,444
42609281,3.49464,9.18128,438,118260,0.225621,0.25,1,205679,205241,438
42612201,11.0989,3.43626,449,118260,0.205124,0.29,1,205692,205243,449
42615121,3.81979,10.2873,439,118260,0.169025,0.29,1,205694,205255,439
42618041,8.76396,6.05745,444,118260,0.273805,0.25,1,205704,205260,444
42620961,8.95279,9.21149,443,118260,0.198761,0.25,1,205713,205270,443
42623881,3.39056,3.4423,443,118260,0.239752,0.29,1,205715,205272,443
42626801,3.87811,3.08846,444,118260,0.20795,0.35,1,205719,205275,444
42629721,19.9756,8.61769,458,118260,0.23359,0.26,1,205743,205285,458
42632641,5.59512,20.9235,436,118260,0.254718,0.15,1,205745,205309,436
42635561,5.91903,8.98471,436,118260,0.218944,0.2,1,205751,205315,436
42638481,37.9838,3.39694,480,118260,0.267789,0.31,1,205797,205317,480
42641401,15.5968,39.0794,442,118260,0.269558,0.25,1,205807,205365,442
42644321,5.51935,14.2159,437,118260,0.253912,0.28,1,205810,205373,437
42647241,10.7039,10.0432,440,118260,0.250782,0.17,1,205822,205382,440
42650161,4.54077,8.40864,435,118260,0.202156,0.32,1,205825,205390,435
42653081,4.90815,4.88173,436,118260,0.248431,0.32,1,205830,205394,436
42656001,5.78163,2.57635,440,118260,0.361686,0.23,1,205836,205396,440
42658921,5.95633,6.11527,439,118260,0.320337,0.26,1,205842,205403,439
42661841,35.5913,10.0231,471,118260,0.256067,0.23,1,205885,205414,471
42664761,11.9183,32.4046,439,118260,0.307213,0.21,1,205891,205452,439
42667681,7.18365,10.4809,440,118260,0.373443,0.26,1,205897,205457,440
42670601,7.83673,4.49618,445,118260,0.306689,0.24,1,205905,205460,445
42673521,15.1673,6.49924,455,118260,0.301338,0.29,1,205922,205467,455
42676441,9.43347,20.4998,439,118260,0.348268,0.25,1,205930,205491,439
42679361,5.08669,5.69997,441,118260,0.333653,0.14,1,205934,205493,441
42682281,2.61734,5.93999,437,118260,0.298731,0.17,1,205936,205499,437
42685201,5.32347,2.788,441,118260,0.259746,0.29,1,205942,205501,441
42688121,4.26469,8.5576,435,118260,0.355949,0.34,1,205946,205511,435
42691041,7.25294,4.91152,439,118260,0.35919,0.28,1,205954,205515,439
42693961,12.6506,3.3823,450,118260,0.383838,0.25,1,205968,205518,450
42696881,10.5301,16.6765,440,118260,0.316768,0.14,1,205978,205538,440
42699801,20.506,9.73529,455,118260,0.279354,0.09,1,206001,205546,455
42702721,13.7012,17.9471,447,118260,0.343871,0.25,1,206013,205566,447
42705641,11.5402,15.5894,443,118260,0.396774,0.21,1,206024,205581,443
42708561,11.108,11.1179,444,118260,0.367355,0.3,1,206035,205591,444
42711481,11.0216,11.8236,443,118260,0.377471,0.21,1,206046,205603,443
42714401,3.80432,12.7647,432,118260,0.347494,0.16,1,206048,205616,432
42717321,38.3609,4.15294,477,118260,0.349499,0.21,1,206095,205618,477
42720241,10.8722,36.8306,436,118260,0.4139,0.1,1,206099,205663,436
42723161,10.1744,11.3661,441,118260,0.38678,0.23,1,206109,205668,441
42726081,3.63489,9.47322,434,118260,0.381356,0.23,1,206111,205677,434
42729001,10.327,3.49464,444,118260,0.444271,0.2,1,206123,205679,444
42731921,8.4654,11.0989,439,118260,0.360854,0.16,1,206131,205692,439
42734841,6.49308,3.81979,443,118260,0.416171,0.3,1,206137,205694,443
42737761,5.29862,8.76396,438,118260,0.387234,0.18,1,206142,205704,438
42740681,5.05972,8.95279,434,118260,0.389447,0.25,1,206147,205713,434
42743601,9.01194,3.39056,442,118260,0.349889,0.2,1,206157,205715,442
42746521,15.4024,3.87811,455,118260,0.357978,0.24,1,206174,205719,455
42749441,9.48048,19.9756,439,118260,0.359596,0.26,1,206182,205743,439
42752361,5.0961,5.59512,441,118260,0.335919,0.21,1,206186,205745,441
42755281,37.8192,5.91903,481,118260,0.291184,0.28,1,206232,205751,481
42758201,12.3638,37.9838,441,118260,0.370237,0.27,1,206238,205797,441
42761121,7.27277,15.5968,437,118260,0.434047,0.25,1,206244,205807,437
42764041,11.0546,5.51935,446,118260,0.390809,0.25,1,206256,205810,446
42766961,9.41091,10.7039,443,118260,0.390162,0.19,1,206265,205822,443
42769881,3.48218,4.54077,442,118260,0.390032,0.26,1,206267,205825,442
42772801,6.29644,4.90815,444,118260,0.342006,0.39,1,206274,205830,444
42775721,5.25929,5.78163,443,118260,0.404401,0.31,1,206279,205836,443
42778641,33.0519,5.95633,477,118260,0.40888,0.24,1,206319,205842,477
42781561,15.4104,35.5913,445,118260,0.377776,0.32,1,206330,205885,445
42784481,4.68207,11.9183,441,118260,0.339555,0.39,1,206332,205891,441
42787401,8.93641,7.18365,445,118260,0.355911,0.29,1,206342,205897,445
42790321,16.1873,7.83673,455,118260,0.431182,0.3,1,206360,205905,455
42793241,6.43746,15.1673,442,118260,0.382236,0.36,1,206364,205922,442
42796161,2.88749,9.43347,436,118260,0.396447,0.33,1,206366,205930,436
42799081,9.3775,5.08669,443,118260,0.495289,0.29,1,206377,205934,443
42802001,5.0755,2.61734,445,118260,0.443058,0.25,1,206381,205936,445
42804921,4.2151,5.32347,443,118260,0.360612,0.38,1,206385,205942,443
42807841,4.84302,4.26469,444,118260,0.336122,0.36,1,206390,205946,444
42810761,12.1686,7.25294,450,118260,0.403224,0.39,1,206404,205954,450
42813681,9.63372,12.6506,445,118260,0.384645,0.3,1,206413,205968,445
42816601,25.1267,10.5301,464,118260,0.252929,0.27,1,206442,205978,464
42819521,14.6253,20.506,453,118260,0.346586,0.36,1,206454,206001,453
42822441,9.32507,13.7012,449,118260,0.341317,0.41,1,206462,206013,449
42825361,12.265,11.5402,451,118260,0.308263,0.36,1,206475,206024,451
42828281,10.453,11.108,450,118260,0.341653,0.38,1,206485,206035,450
42831201,3.6906,11.0216,441,118260,0.348331,0.34,1,206487,206046,441
42834121,36.7381,3.80432,484,118260,0.317666,0.35,1,206532,206048,484
42837041,13.7476,38.3609,445,118260,0.303533,0.43,1,206540,206095,445
42839961,13.9495,10.8722,455,118260,0.332707,0.38,1,206554,206099,455
42842881,4.3899,10.1744,447,118260,0.314541,0.38,1,206556,206109,447
42845801,5.67798,3.63489,451,118260,0.342908,0.46,1,206562,206111,451
42848721,7.5356,10.327,447,118260,0.364582,0.34,1,206570,206123,447
42851641,7.90712,8.4654,447,118260,0.376916,0.43,1,206578,206131,447
42854561,6.38142,6.49308,447,118260,0.323383,0.38,1,206584,206137,447
42857481,4.47628,5.29862,446,118260,0.264677,0.39,1,206588,206142,446
42860401,12.0953,5.05972,455,118260,0.276935,0.34,1,206602,206147,455
42863321,9.61905,9.01194,454,118260,0.295387,0.36,1,206611,206157,454
42866241,10.7238,15.4024,448,118260,0.275077,0.36,1,206622,206174,448
42869161,6.94476,9.48048,446,118260,0.303016,0.33,1,206628,206182,446
42872081,38.989,5.0961,489,118260,0.308603,0.28,1,206675,206186,489
42875001,12.5978,37.8192,449,118260,0.389721,0.39,1,206681,206232,449
42877921,4.11956,12.3638,445,118260,0.373944,0.45,1,206683,206238,445
42880841,12.0239,7.27277,453,118260,0.354789,0.38,1,206697,206244,453
42883761,8.00478,11.0546,448,118260,0.278958,0.39,1,206704,206256,448
42886681,7.20096,9.41091,446,118260,0.279792,0.39,1,206711,206265,446
42889601,6.24019,3.48218,450,118260,0.279958,0.33,1,206717,206267,450
42892521,2.84804,6.29644,445,118260,0.287992,0.42,1,206719,206274,445
42895441,31.7696,5.25929,479,118260,0.297598,0.41,1,206758,206279,479
42898361,15.9539,33.0519,451,118260,0.32352,0.37,1,206770,206319,451
42901281,5.59078,15.4104,443,118260,0.288704,0.33,1,206773,206330,443
42904201,9.91816,4.68207,452,118260,0.217741,0.36,1,206784,206332,452
42907121,14.7836,8.93641,458,118260,0.227548,0.45,1,206800,206342,458
42910041,9.35673,16.1873,448,118260,0.24551,0.37,1,206808,206360,448
42912961,4.27135,6.43746,447,118260,0.321102,0.4,1,206811,206364,447
42915881,3.25427,2.88749,448,118260,0.32822,0.52,1,206814,206366,448
42918801,3.85085,9.3775,441,118260,0.273644,0.43,1,206818,206377,441
42921721,10.3702,5.0755,449,116800,0.350729,0.34,1,206830,206381,449
42924641,3.67403,4.2151,447,116800,0.358146,0.33,1,206832,206385,447
42927561,9.53481,4.84302,453,116800,0.303629,0.42,1,206843,206390,453
42930481,9.90696,12.1686,449,116800,0.244726,0.38,1,206853,206404,449
42933401,19.5814,9.63372,462,116800,0.192945,0.22,1,206875,206413,462
42936321,18.3163,25.1267,451,116800,0.222589,0.37,1,206893,206442,451
42939241,7.66326,14.6253,444,116800,0.188518,0.34,1,206898,206454,444
42942161,14.3327,9.32507,452,116800,0.237704,0.3,1,206914,206462,452
42945081,6.86653,12.265,444,116800,0.303541,0.35,1,206919,206475,444
42948001,7.77331,10.453,442,116800,0.300708,0.35,1,206927,206485,442
42950921,32.7547,3.6906,479,116800,0.244142,0.31,1,206966,206487,479
42953841,16.1509,36.7381,446,116800,0.320828,0.3,1,206978,206532,446
42956761,14.4302,13.7476,452,116800,0.312166,0.34,1,206992,206540,452
42959681,4.48604,13.9495,440,116800,0.270433,0.31,1,206994,206554,440
42962601,5.69721,4.3899,444,116800,0.166087,0.35,1,207000,206556,444
42965521,8.33944,5.67798,447,116800,0.281217,0.37,1,207009,206562,447
42968441,4.86789,7.5356,443,116800,0.272243,0.38,1,207013,206570,443
42971361,5.77358,7.90712,441,116800,0.206449,0.31,1,207019,206578,441
42974281,3.55472,6.38142,438,116800,0.20929,0.25,1,207022,206584,438
42977201,12.7109,4.47628,449,116800,0.193858,0.28,1,207037,206588,449
42980121,8.94219,12.0953,443,116800,0.198772,0.3,1,207045,206602,443
42983041,12.1884,9.61905,447,116800,0.183754,0.27,1,207058,206611,447
42985961,8.83769,10.7238,444,116800,0.148751,0.31,1,207066,206622,444
42988881,38.5675,6.94476,484,116800,0.24575,0.31,1,207112,206628,484
42991801,9.31351,38.989,439,116800,0.28915,0.41,1,207114,206675,439
42994721,3.4627,12.5978,435,116800,0.26583,0.37,1,207116,206681,435
42997641,11.8925,4.11956,447,116800,0.317166,0.35,1,207130,206683,447
43000561,7.17851,12.0239,439,116800,0.335433,0.26,1,207136,206697,439
43003481,8.6357,8.00478,441,116800,0.219087,0.28,1,207145,206704,441
43006401,6.52714,7.20096,440,116800,0.259817,0.28,1,207151,206711,440
43009321,2.90543,6.24019,436,116800,0.235963,0.29,1,207153,206717,436
43012241,34.9811,2.84804,477,116800,0.311193,0.3,1,207196,206719,477
43015161,10.9962,31.7696,443,116800,0.262239,0.33,1,207201,206758,443
43018081,3.79924,15.9539,433,116800,0.228448,0.28,1,207203,206770,433
43021001,13.5598,5.59078,446,116800,0.25369,0.2,1,207219,206773,446
43023921,17.912,9.91816,454,116800,0.210738,0.23,1,207238,206784,454
43026841,6.78239,14.7836,442,116800,0.170148,0.25,1,207242,206800,442
43029761,2.95648,9.35673,436,116800,0.25003,0.34,1,207244,206808,436
43032681,2.9913,4.27135,436,116800,0.266006,0.33,1,207247,206811,436
43035601,8.59826,3.25427,443,116800,0.269201,0.37,1,207257,206814,443
43038521,8.11965,13.4509,435,116800,0.18984,0.36,1,207265,206830,435
43041441,3.22393,4.29017,435,116800,0.165968,0.29,1,207267,206832,435
43044361,8.64479,9.65803,434,116800,0.225194,0.23,1,207277,206843,434
43047281,10.529,9.93161,435,116800,0.293039,0.18,1,207288,206853,435
43050201,20.5058,19.5863,436,116800,0.154608,0.23,1,207311,206875,436
43053121,20.9012,18.3173,439,116800,0.230922,0.18,1,207332,206893,439
43056041,5.78023,7.66345,436,116800,0.246184,0.25,1,207334,206898,436
43058961,12.356,14.3327,434,116800,0.249237,0.32,1,207348,206914,434
43061881,7.27121,6.86654,435,116800,0.257847,0.3,1,207354,206919,435
43064801,4.65424,7.77331,431,116800,0.307569,0.23,1,207358,206927,431
43067721,38.5309,32.7547,439,116800,0.141514,0.34,1,207405,206966,439
43070641,10.9062,16.1509,431,116800,0.268303,0.31,1,207409,206978,431
43073561,20.5812,14.4302,440,116800,0.309661,0.26,1,207432,206992,440
43076481,5.71625,4.48604,440,116800,0.277932,0.14,1,207434,206994,440
43079401,2.74325,5.69721,436,116800,0.239586,0.31,1,207436,207000,436
43082321,5.34865,8.33944,433,116800,0.287917,0.27,1,207442,207009,433
43085241,3.46973,4.86789,432,116800,0.313583,0.19,1,207445,207013,432
43088161,7.89395,5.77358,435,116800,0.318717,0.21,1,207454,207019,435
43091081,3.17879,3.55472,434,116800,0.319743,0.19,1,207456,207022,434
43094001,11.0358,12.7109,432,116800,0.311949,0.2,1,207469,207037,432
43096921,8.60715,8.94219,432,116800,0.33439,0.18,1,207477,207045,432
43099841,8.12143,12.1884,427,116800,0.306878,0.14,1,207485,207058,427
43102761,14.4243,8.83769,435,116800,0.357376,0.27,1,207501,207066,435
43105681,36.4849,38.5675,431,116800,0.255475,0.3,1,207543,207112,431
43108601,8.89697,9.31351,431,116800,0.299095,0.26,1,207545,207114,431
43111521,4.97939,3.4627,433,116800,0.363819,0.33,1,207549,207116,433
43114441,12.9959,11.8925,434,116800,0.352764,0.34,1,207564,207130,434
43117361,4.19918,7.17851,430,116800,0.318553,0.19,1,207566,207136,430
43120281,9.63984,8.6357,432,116800,0.375711,0.27,1,207577,207145,432
43123201,11.528,6.52714,438,116800,0.419142,0.23,1,207589,207151,438
43126121,3.90559,2.90543,438,116800,0.403828,0.33,1,207591,207153,438
43129041,28.7811,34.9811,430,116800,0.264766,0.25,1,207626,207196,430
43131961,12.9562,10.9962,434,116800,0.380953,0.22,1,207635,207201,434
43134881,4.19124,3.79924,434,116800,0.412191,0.26,1,207637,207203,434
43137801,8.03825,13.5598,427,116800,0.434438,0.2,1,207646,207219,427
43140721,23.2077,17.912,435,116800,0.406888,0.16,1,207673,207238,435
43143641,7.84153,6.78239,435,116800,0.417378,0.27,1,207677,207242,435
43146561,4.76831,2.95648,437,116800,0.403475,0.27,1,207681,207244,437
43149481,2.55366,2.9913,436,116800,0.368695,0.27,1,207683,207247,436
43152401,3.71073,8.59826,430,116800,0.329739,0.17,1,207687,207257,430
43155321,9.54215,8.11965,433,116800,0.385948,0.16,1,207698,207265,433
43158241,5.10843,3.22393,435,116800,0.34919,0.24,1,207702,207267,435
43161161,10.6217,8.64479,437,116800,0.365838,0.31,1,207714,207277,437
43164081,8.52434,10.529,434,116800,0.369168,0.12,1,207722,207288,434
43167001,16.9049,20.5058,430,116800,0.305834,0.25,1,207741,207311,430
43169921,20.981,20.9012,431,116800,0.277167,0.25,1,207763,207332,431
43172841,8.99619,5.78023,435,116800,0.367433,0.25,1,207769,207334,435
43175761,16.1992,12.356,439,116800,0.281487,0.26,1,207787,207348,439
43178681,4.83985,7.27121,435,116800,0.256297,0.32,1,207789,207354,435
43181601,5.76797,4.65424,437,116800,0.275259,0.1,1,207795,207358,437
43184521,40.3536,38.5309,439,116800,0.263052,0.3,1,207844,207405,439
43187441,11.2707,10.9062,439,116800,0.30861,0.32,1,207848,207409,439
43190361,19.8541,20.5812,438,116800,0.261722,0.27,1,207870,207432,438
43193281,5.57083,5.71625,438,116800,0.292344,0.23,1,207872,207434,438
43196201,2.71417,2.74325,438,116800,0.266469,0.3,1,207874,207436,438
43199121,3.74283,5.34865,436,116800,0.189294,0.32,1,207878,207442,436
43202041,3.94857,3.46973,437,116800,0.285859,0.32,1,207882,207445,437
43204961,8.78971,7.89395,438,116800,0.265172,0.32,1,207892,207454,438
43207881,3.35794,3.17879,438,116800,0.317034,0.31,1,207894,207456,438
43210801,11.0716,11.0358,438,116800,0.295407,0.34,1,207907,207469,438
43213721,7.01432,8.60715,436,116800,0.211081,0.3,1,207913,207477,436
43216641,12.6029,8.12143,442,116800,0.226216,0.37,1,207927,207485,442
43219561,12.1206,14.4243,438,116800,0.317243,0.23,1,207939,207501,438
43222481,36.8241,36.4849,439,116800,0.295449,0.31,1,207982,207543,439
43225401,8.96482,8.89697,439,116800,0.25909,0.38,1,207984,207545,439
43228321,6.59296,4.97939,441,116800,0.211818,0.35,1,207990,207549,441
43231241,12.5186,12.9959,440,116800,0.330364,0.31,1,208004,207564,440
43234161,4.10372,4.19918,440,116800,0.322073,0.39,1,208006,207566,440
43237081,10.4207,9.63984,441,116800,0.296415,0.43,1,208018,207577,441
43240001,10.0841,11.528,439,116800,0.219283,0.4,1,208028,207589,439
43242921,6.81683,3.90559,443,116800,0.291857,0.23,1,208034,207591,443
43245841,29.3634,28.7811,443,116800,0.290371,0.41,1,208069,207626,443
43248761,13.0727,12.9562,443,116800,0.194074,0.42,1,208078,207635,443
43251681,4.21453,4.19124,443,116800,0.174815,0.44,1,208080,207637,443
43254601,7.24291,8.03825,442,116800,0.202963,0.4,1,208088,207646,442
43257521,20.6486,23.2077,439,116800,0.312593,0.42,1,208112,207673,439
43260441,5.72972,7.84153,437,116800,0.334519,0.4,1,208114,207677,437
43263361,6.74594,4.76831,440,116800,0.218904,0.36,1,208121,207681,440
43266281,2.94919,2.55366,440,116800,0.203781,0.32,1,208123,207683,440
43269201,3.78984,3.71073,440,116800,0.320756,0.4,1,208127,207687,440
43272121,5.55797,9.54215,435,116800,0.272151,0.34,1,208133,207698,435
43275041,8.31159,5.10843,440,116800,0.29443,0.37,1,208142,207702,440
43277961,9.66232,10.6217,438,116800,0.194886,0.37,1,208152,207714,438
43280881,10.7325,8.52434,441,116800,0.318977,0.29,1,208163,207722,441
43283801,16.5465,16.9049,440,116800,0.239795,0.27,1,208181,207741,440
43286721,18.5093,20.981,437,116800,0.319959,0.39,1,208200,207763,437
43289641,10.1019,8.99619,439,116800,0.207992,0.26,1,208208,207769,439
43292561,13.2204,16.1992,435,116800,0.289598,0.25,1,208222,207787,435
43295481,7.44407,4.83985,439,116800,0.30592,0.28,1,208228,207789,439
43298401,6.28881,5.76797,439,116800,0.245184,0.26,1,208234,207795,439
43301321,34.8578,40.3536,432,116800,0.177037,0.32,1,208276,207844,432
43304241,15.7716,11.2707,439,116800,0.187407,0.25,1,208287,207848,439
43307161,18.3543,19.8541,436,116800,0.277481,0.3,1,208306,207870,436
43310081,6.87086,5.57083,438,116800,0.247496,0.26,1,208310,207872,438
43313001,2.97417,2.71417,438,116800,0.209499,0.17,1,208312,207874,438
43315921,2.19483,3.74283,436,116800,0.1619,0.31,1,208314,207878,436
43318841,3.63897,3.94857,436,116800,0.26438,0.26,1,208318,207882,436
43321761,7.92779,8.78971,435,116800,0.244876,0.33,1,208327,207892,435
43324681,3.18556,3.35794,435,116800,0.296975,0.29,1,208329,207894,435
43327601,11.8371,11.0716,436,116800,0.235395,0.19,1,208343,207907,436
43330521,7.16742,7.01432,436,116800,0.199079,0.23,1,208349,207913,436
43333441,15.8335,12.6029,440,116800,0.175816,0.34,1,208367,207927,440
43336361,6.3667,12.1206,432,116800,0.187163,0.29,1,208371,207939,432
43339281,34.8733,36.8241,431,116800,0.229433,0.25,1,208413,207982,431
43342201,15.7747,8.96482,440,116800,0.229887,0.2,1,208424,207984,440
43345121,4.75493,6.59296,436,116800,0.221977,0.36,1,208426,207990,436
43348041,12.951,12.5186,437,116800,0.188395,0.32,1,208441,208004,437
43350961,4.1902,4.10372,437,116800,0.221679,0.29,1,208443,208006,437
43353881,5.63804,10.4207,431,116800,0.164336,0.2,1,208449,208018,431
43356801,13.9276,10.0841,437,116800,0.144867,0.31,1,208465,208028,437
43359721,6.78552,6.81683,436,116800,0.236973,0.29,1,208470,208034,436
43362641,24.5571,29.3634,430,116800,0.135395,0.17,1,208499,208069,430
43365561,14.5114,13.0727,433,116800,0.187079,0.17,1,208511,208078,433
43368481,4.50228,4.21453,433,116800,0.213416,0.21,1,208513,208080,433
43371401,8.90046,7.24291,435,116800,0.250683,0.34,1,208523,208088,435
43374321,16.9801,20.6486,430,116800,0.202137,0.34,1,208542,208112,430
43377241,12.196,5.72972,439,116800,0.272427,0.19,1,208553,208114,439
43380161,4.0392,6.74594,434,116800,0.262485,0.2,1,208555,208121,434
43383081,2.40784,2.94919,434,116800,0.260497,0.35,1,208557,208123,434
43386001,6.88157,3.78984,438,116800,0.276099,0.26,1,208565,208127,438
43388921,4.57631,5.55797,436,116800,0.28722,0.3,1,208569,208133,436
43391841,4.11526,8.31159,431,116800,0.265444,0.17,1,208573,208142,431
43394761,14.4231,9.66232,438,116800,0.181089,0.35,1,208590,208152,438
43397681,7.68461,10.7325,433,116800,0.276218,0.22,1,208596,208163,433
43400601,17.5369,16.5465,435,116800,0.199244,0.34,1,208616,208181,435
43403521,14.7074,18.5093,430,116800,0.303849,0.18,1,208630,208200,430
43406441,13.3415,10.1019,435,116800,0.29277,0.31,1,208643,208208,435
43409361,12.2683,13.2204,433,116800,0.330554,0.31,1,208655,208222,433
43412281,7.25366,7.44407,433,116800,0.314111,0.23,1,208661,208228,433
43415201,3.05073,6.28881,429,116800,0.278822,0.16,1,208663,208234,429
43418121,35.0101,34.8578,430,116800,0.175764,0.19,1,208706,208276,430
43421041,16.602,15.7716,431,116800,0.283153,0.3,1,208718,208287,431
43423961,15.3204,18.3543,427,116800,0.312631,0.24,1,208733,208306,427
43426881,11.8641,6.87086,434,116800,0.174526,0.2,1,208744,208310,434
43429801,3.97282,2.97417,434,116800,0.266905,0.15,1,208746,208312,434
43432721,2.39456,2.19483,434,116800,0.253381,0.29,1,208748,208314,434
43435641,3.67891,3.63897,434,116800,0.194676,0.24,1,208752,208318,434
43438561,6.33578,7.92779,432,116800,0.318935,0.31,1,208759,208327,432
43441481,4.46716,3.18556,434,116800,0.303787,0.22,1,208763,208329,434
43444401,7.29343,11.8371,428,116800,0.260757,0.19,1,208771,208343,428
43447321,11.0587,7.16742,434,116800,0.260151,0.17,1,208783,208349,434
43450241,13.4117,15.8335,430,116800,0.20403,0.19,1,208797,208367,430
43453161,9.08235,6.3667,434,116800,0.168806,0.24,1,208805,208371,434
43456081,34.6165,34.8733,433,116800,0.193761,0.23,1,208846,208413,433
43459001,10.1233,15.7747,426,116800,0.142752,0.22,1,208850,208424,426
43461921,3.62466,4.75493,426,116800,0.19655,0.18,1,208852,208426,426
43464841,13.5249,12.951,427,116800,0.23931,0.23,1,208868,208441,427
43467761,4.30499,4.1902,427,116800,0.215862,0.15,1,208870,208443,427
43470681,9.661,5.63804,432,116800,0.331172,0.14,1,208881,208449,432
43473601,13.1322,13.9276,430,116800,0.370234,0.26,1,208895,208465,430
43476521,7.42644,6.78552,431,116800,0.274047,0.11,1,208901,208470,431
43479441,23.0853,24.5571,429,116800,0.222809,0.2,1,208928,208499,429
43482361,18.2171,14.5114,434,116800,0.260562,0.22,1,208945,208511,434
43485281,5.24341,4.50228,434,116800,0.228112,0.26,1,208947,208513,434
43488201,7.44868,8.90046,432,116800,0.189622,0.19,1,208955,208523,432
43491121,12.6897,16.9801,427,116800,0.309925,0.29,1,208969,208542,427
43494041,19.3379,12.196,437,116800,0.309985,0.26,1,208990,208553,437
43496961,5.46759,4.0392,437,116800,0.277997,0.26,1,208992,208555,437
43499881,2.69352,2.40784,437,116800,0.239599,0.28,1,208994,208557,437
43502801,3.7387,6.88157,433,116800,0.24792,0.29,1,208998,208565,433
43505721,5.54774,4.57631,435,116800,0.273584,0.26,1,209004,208569,435
43508641,4.30955,4.11526,435,116800,0.286717,0.16,1,209008,208573,435
43511561,14.4619,14.4231,435,116800,0.281343,0.3,1,209025,208590,435
43514481,6.09238,7.68461,433,116800,0.240269,0.18,1,209029,208596,433
43517401,20.4185,17.5369,437,116800,0.280054,0.33,1,209053,208616,437
43520321,16.0837,14.7074,438,116800,0.312011,0.29,1,209068,208630,438
43523241,9.61674,13.3415,433,116800,0.246402,0.34,1,209076,208643,433
43526161,13.9233,12.2683,436,116800,0.17728,0.31,1,209091,208655,436
43529081,4.38467,7.25366,432,116800,0.251456,0.27,1,209093,208661,432
43532001,4.07693,3.05073,434,116800,0.274291,0.15,1,209097,208663,434
43534921,33.6154,35.0101,432,116800,0.214858,0.31,1,209138,208706,432
43537841,15.5231,16.602,431,116800,0.226972,0.32,1,209149,208718,431
43540761,12.7046,15.3204,428,116800,0.293394,0.14,1,209161,208733,428
43543681,11.3409,11.8641,428,116800,0.226679,0.29,1,209172,208744,428
43546601,11.0682,3.97282,437,116800,0.221336,0.25,1,209183,208746,437
43549521,3.81364,2.39456,437,116800,0.188267,0.18,1,209185,208748,437
43552441,2.36273,3.67891,435,116800,0.149653,0.35,1,209187,208752,435
43555361,2.07255,6.33578,430,116800,0.109931,0.3,1,209189,208759,430
43558281,6.81451,4.46716,434,116800,0.253986,0.25,1,209197,208763,434
43561201,9.3629,7.29343,436,116800,0.242797,0.26,1,209207,208771,436
43564121,5.87258,11.0587,429,116800,0.224559,0.19,1,209212,208783,429
43567041,17.1745,13.4117,435,116800,0.0929119,0.16,1,209232,208797,435
43569961,5.0349,9.08235,429,116800,0.130582,0.2,1,209234,208805,429
43572881,37.007,34.6165,433,116800,0.162116,0.13,1,209279,208846,433
43575801,12.2014,10.1233,435,116800,0.192423,0.21,1,209285,208850,435
43578721,5.64028,3.62466,437,116800,0.158485,0.25,1,209289,208852,437
43581641,11.5281,13.5249,434,116800,0.135697,0.21,1,209302,208868,434
43584561,5.50561,4.30499,436,116800,0.155139,0.36,1,209306,208870,436
43587481,7.50112,9.661,433,116800,0.239028,0.38,1,209314,208881,433
43590401,17.5002,13.1322,439,116800,0.239806,0.25,1,209334,208895,439
43593321,6.70004,7.42644,437,116800,0.263961,0.21,1,209338,208901,437
43596241,22.94,23.0853,437,116800,0.212792,0.27,1,209365,208928,437
43599161,14.188,18.2171,432,116800,0.170558,0.22,1,209377,208945,432
43602081,4.4376,5.24341,432,116800,0.258112,0.18,1,209379,208947,432
43605001,10.4875,7.44868,436,116800,0.227622,0.34,1,209391,208955,436
43607921,14.0975,12.6897,437,116800,0.213524,0.31,1,209406,208969,437
43610841,16.4195,19.3379,433,116800,0.146705,0.27,1,209423,208990,433
43613761,8.0839,5.46759,437,116800,0.133341,0.23,1,209429,208992,437
43616681,3.21678,2.69352,437,116800,0.106668,0.25,1,209431,208994,437
43619601,3.84336,3.7387,437,116800,0.0693336,0.28,1,209435,208998,437
43622521,3.96867,5.54774,435,116800,0.0138667,0.29,1,209439,209004,435
43625441,2.39373,4.30955,433,116800,0.210773,0.28,1,209441,209008,433
43628361,11.6787,14.4619,430,116800,0.274155,0.23,1,209455,209025,430
43631281,8.73575,6.09238,434,116800,0.158831,0.29,1,209463,209029,434
43634201,18.5472,20.4185,431,116800,0.167766,0.32,1,209484,209053,431
43637121,15.7094,16.0837,431,116800,0.249553,0.23,1,209499,209068,431
43640041,9.54189,9.61674,431,116800,0.233911,0.16,1,209507,209076,431
43642961,13.9084,13.9233,431,116800,0.198782,0.27,1,209522,209091,431
43645881,4.38168,4.38467,431,116800,0.175756,0.28,1,209524,209093,431
43648801,5.67634,4.07693,433,116800,0.131151,0.2,1,209530,209097,433
43651721,33.1353,33.6154,432,116800,0.16223,0.23,1,209570,209138,432
43654641,11.4271,15.5231,427,116800,0.152446,0.31,1,209576,209149,427
43657561,15.0854,12.7046,431,116800,0.190489,0.21,1,209592,209161,431
43660481,12.6171,11.3409,432,116800,0.230098,0.22,1,209604,209172,432
43663401,12.9234,11.0682,434,116800,0.17402,0.18,1,209617,209183,434
43666321,5.78468,3.81364,436,116800,0.218804,0.14,1,209621,209185,436
43669241,2.75694,2.36273,436,116800,0.195761,0.1,1,209623,209187,436
43672161,2.15139,2.07255,436,116800,0.287152,0.29,1,209625,209189,436
43675081,5.23028,6.81451,434,116800,0.26543,0.24,1,209631,209197,434
43678001,7.44606,9.3629,432,116800,0.301086,0.22,1,209639,209207,432
43680921,6.28921,5.87258,433,116800,0.284217,0.06,1,209645,209212,433
43683841,12.4578,17.1745,427,116800,0.288843,0.14,1,209659,209232,427
43686761,4.09157,5.0349,427,116800,0.257769,0.17,1,209661,209234,427
43689681,39.2183,37.007,430,116800,0.251554,0.2,1,209709,209279,430
43692601,12.6437,12.2014,430,116800,0.218311,0.15,1,209715,209285,430
43695521,5.72873,5.64028,430,116800,0.235662,0.13,1,209719,209289,430
43698441,16.3457,11.5281,436,116800,0.231132,0.16,1,209738,209302,436
43701361,6.46915,5.50561,436,116800,0.222226,0.26,1,209742,209306,436
43704281,2.89383,7.50112,430,116800,0.220445,0.24,1,209744,209314,430
43707201,20.5788,17.5002,435,116800,0.292089,0.27,1,209769,209334,435
43710121,5.71575,6.70004,433,116800,0.274418,0.2,1,209771,209338,433
43713041,19.5432,22.94,429,116800,0.254884,0.16,1,209794,209365,429
43715961,12.7086,14.188,428,116800,0.226977,0.28,1,209805,209377,428
43718881,7.34173,4.4376,432,116800,0.221395,0.22,1,209811,209379,432
43721801,7.86835,10.4875,428,116800,0.220279,0.21,1,209819,209391,428
43724721,18.3737,14.0975,434,116800,0.228056,0.13,1,209840,209406,434
43727641,10.0747,16.4195,425,116800,0.213611,0.13,1,209848,209423,425
43730561,4.41495,8.0839,422,116800,0.290722,0.1,1,209851,209429,422
43733481,12.083,3.21678,434,116800,0.266144,0.06,1,209865,209431,434
43736401,5.6166,3.84336,434,116800,0.205229,0,1,209869,209435,434
43739321,4.32332,3.96867,434,116800,0.257046,0.26,1,209873,209439,434
43742241,2.46466,2.39373,434,116800,0.235409,0.29,1,209875,209441,434
43745161,5.29293,11.6787,426,116800,0.271082,0.13,1,209881,209455,426
43748081,13.0586,8.73575,433,116800,0.262216,0.17,1,209896,209463,433
43751001,12.2117,18.5472,424,116800,0.332443,0.27,1,209908,209484,424
43753921,19.2423,15.7094,430,116800,0.266489,0.23,1,209929,209499,430
43756841,9.44847,9.54189,429,116800,0.325298,0.19,1,209936,209507,429
43759761,17.0897,13.9084,433,116800,0.27306,0.17,1,209955,209522,433
43762681,5.01794,4.38168,433,116800,0.350612,0.12,1,209957,209524,433
43765601,5.80359,5.67634,433,116800,0.278122,0.17,1,209963,209530,433
43768521,34.7607,33.1353,435,116800,0.223624,0.15,1,210005,209570,435
43771441,10.1521,11.4271,433,116800,0.244725,0.2,1,210009,209576,433
43774361,16.4304,15.0854,435,116800,0.280945,0.24,1,210027,209592,435
43777281,9.68609,12.6171,431,116800,0.264189,0.16,1,210035,209604,431
43780201,16.3372,12.9234,436,116800,0.292838,0.23,1,210053,209617,436
43783121,6.46744,5.78468,436,116800,0.242568,0.19,1,210057,209621,436
43786041,4.49349,2.75694,438,116800,0.176513,0.31,1,210061,209623,438
43788961,2.4987,2.15139,438,116800,0.283303,0.26,1,210063,209625,438
43791881,3.69974,5.23028,436,116800,0.272661,0.31,1,210067,209631,436
43794801,5.53995,7.44606,434,116800,0.246532,0.28,1,210073,209639,434
43797721,4.30799,6.28921,432,116800,0.281306,0.29,1,210077,209645,432
43800641,16.0616,12.4578,437,116800,0.264261,0.25,1,210096,209659,437
43803561,4.81232,4.09157,437,116800,0.236852,0.25,1,210098,209661,437
43806481,38.5625,39.2183,436,116800,0.26337,0.21,1,210145,209709,436
43809401,10.9125,12.6437,434,116800,0.212674,0.24,1,210149,209715,434
43812321,3.7825,5.72873,432,116800,0.266535,0.23,1,210151,209719,432
43815241,15.1565,16.3457,431,116800,0.309307,0.22,1,210169,209738,431
43818161,9.4313,6.46915,435,116800,0.237861,0.22,1,210177,209742,435
43821081,3.48626,2.89383,435,116800,0.247572,0.31,1,210179,209744,435
43824001,14.2973,20.5788,427,116800,0.249514,0.27,1,210196,209769,427
43826921,12.4595,5.71575,437,116800,0.345903,0.25,1,210208,209771,437
43829841,17.6919,19.5432,433,116800,0.341181,0.22,1,210227,209794,433
43832761,13.1384,12.7086,434,116800,0.244236,0.22,1,210239,209805,434
43835681,5.82768,7.34173,432,118260,0.216847,0.22,1,210243,209811,432
43838601,9.16554,7.86835,434,118260,0.251369,0.23,1,210253,209819,434
43841521,17.8331,18.3737,433,118260,0.290274,0.21,1,210273,209840,433
43844441,11.5666,10.0747,435,118260,0.322055,0.31,1,210283,209848,435
43847361,3.91332,4.41495,434,118260,0.344411,0.26,1,210285,209851,434
43850281,11.9827,12.083,434,118260,0.348882,0.19,1,210299,209865,434
43853201,5.59653,5.6166,434,118260,0.317776,0.27,1,210303,209869,434
43856121,7.51931,4.32332,438,118260,0.383555,0.23,1,210311,209873,438
43859041,3.10386,2.46466,438,118260,0.396711,0.28,1,210313,209875,438
43861961,5.42077,5.29293,438,118260,0.367342,0.26,1,210319,209881,438
43864881,9.88415,13.0586,434,118260,0.417468,0.35,1,210330,209896,434
43867801,13.1768,12.2117,436,118260,0.315494,0.25,1,210344,209908,436
43870721,21.8354,19.2423,439,118260,0.383099,0.34,1,210368,209929,439
43873641,9.16707,9.44847,438,118260,0.34862,0.26,1,210374,209936,438
43876561,13.0334,17.0897,433,118260,0.349724,0.37,1,210388,209955,433
43879481,4.20668,5.01794,433,118260,0.317945,0.26,1,210390,209957,433
43882401,8.04134,5.80359,436,118260,0.279589,0.21,1,210399,209963,436
43885321,36.0083,34.7607,437,118260,0.303918,0.25,1,210442,210005,437
43888241,10.4017,10.1521,437,118260,0.284784,0.29,1,210446,210009,437
43891161,13.2803,16.4304,433,118260,0.368957,0.26,1,210460,210027,433
43894081,8.25607,9.68609,432,118260,0.257791,0.3,1,210467,210035,432
43897001,20.0512,16.3372,437,118260,0.195558,0.23,1,210490,210053,437
43899921,5.61024,6.46744,435,118260,0.159112,0.16,1,210492,210057,435
43902841,2.72205,4.49349,433,118260,0.303822,0.31,1,210494,210061,433
43905761,3.74441,2.4987,435,118260,0.268764,0.27,1,210498,210063,435
43908681,4.74888,3.69974,436,118260,0.261753,0.24,1,210503,210067,436
43911601,5.74978,5.53995,436,118260,0.348351,0.29,1,210509,210073,436
43914521,2.74996,4.30799,434,118260,0.35767,0.26,1,210511,210077,434
43917441,14.95,16.0616,433,118260,0.311534,0.23,1,210529,210096,433
43920361,9.39,4.81232,439,118260,0.294307,0.27,1,210537,210098,439
43923281,36.278,38.5625,435,118260,0.298861,0.2,1,210580,210145,435
43926201,13.6556,10.9125,439,118260,0.323772,0.28,1,210588,210149,439
43929121,6.73112,3.7825,442,118260,0.344754,0.32,1,210593,210151,442
43932041,10.9462,15.1565,436,118260,0.276951,0.22,1,210605,210169,436
43934961,8.58924,9.4313,436,118260,0.34339,0.25,1,210613,210177,436
43937881,3.31785,3.48626,436,118260,0.324678,0.25,1,210615,210179,436
43940801,8.66357,14.2973,429,118260,0.224936,0.37,1,210625,210196,429
43943721,20.1327,12.4595,440,118260,0.316987,0.34,1,210648,210208,440
43946641,13.6265,17.6919,433,118260,0.423397,0.22,1,210660,210227,433
43949561,10.7253,13.1384,431,118260,0.396679,0.22,1,210670,210239,431
43952481,8.54506,2.62768,439,118260,0.311336,0.21,1,210678,210239,439
43955401,8.90901,3.72554,444,118260,0.286267,0.26,1,210687,210243,444
43958321,21.7818,8.74511,459,118260,0.249253,0.3,1,210712,210253,459
43961241,9.95636,17.749,446,118260,0.241851,0.33,1,210719,210273,446
43964161,7.59127,11.5498,443,118260,0.32037,0.35,1,210726,210283,443
43967081,11.1183,3.90996,453,118260,0.320074,0.35,1,210738,210285,453
43970001,7.02365,11.982,445,118260,0.256015,0.31,1,210744,210299,445
43972921,4.60473,5.5964,445,118260,0.299203,0.4,1,210748,210303,445
43975841,2.52095,7.51928,439,118260,0.315841,0.4,1,210750,210311,439
43978761,8.50419,3.10386,447,118260,0.327168,0.36,1,210760,210313,447
43981681,4.90084,5.42077,445,118260,0.329434,0.43,1,210764,210319,445
43984601,8.18017,9.88415,443,118260,0.337887,0.29,1,210773,210330,443
43987521,27.236,13.1768,461,118260,0.363577,0.4,1,210805,210344,461
43990441,10.2472,21.8354,443,118260,0.336715,0.34,1,210811,210368,443
43993361,10.0494,9.16707,447,118260,0.315343,0.35,1,210821,210374,447
43996281,3.60989,13.0334,435,118260,0.311069,0.31,1,210823,210388,435
43999201,7.92198,4.20668,442,118260,0.358214,0.27,1,210832,210390,442
44002121,38.3844,8.04134,479,118260,0.279643,0.31,1,210878,210399,479
44005041,10.8769,36.0083,440,118260,0.207929,0.28,1,210882,210442,440
44007961,11.7754,10.4017,448,118260,0.345586,0.39,1,210894,210446,448
44010881,7.95507,13.2803,441,118260,0.293117,0.23,1,210901,210460,441
44013801,19.191,8.25607,456,118260,0.298623,0.18,1,210923,210467,456
44016721,5.4382,20.0512,435,118260,0.259725,0.15,1,210925,210490,435
44019641,2.68764,5.61024,435,118260,0.219945,0.34,1,210927,210492,435
44022561,2.93753,2.72205,436,118260,0.163989,0.26,1,210930,210494,436
44025481,9.38751,3.74441,443,118260,0.320798,0.26,1,210941,210498,443
44028401,5.0775,4.74888,442,118260,0.29616,0.37,1,210945,210503,442
44031321,5.8155,5.74978,442,118260,0.203232,0.36,1,210951,210509,442
44034241,11.5631,2.74996,453,118260,0.328646,0.3,1,210964,210511,453
44037161,9.51262,14.95,444,118260,0.217729,0.29,1,210973,210529,444
44040081,37.1025,9.39,480,118260,0.219546,0.3,1,211017,210537,480
44043001,13.0205,36.278,444,118260,0.259909,0.33,1,211024,210580,444
44045921,5.0041,13.6556,439,118260,0.227982,0.35,1,211027,210588,439
44048841,12.2008,6.73112,448,118260,0.229596,0.26,1,211041,210593,448
44051761,4.04016,10.9462,438,118260,0.197919,0.36,1,211043,210605,438
44054681,2.40803,8.58924,432,118260,0.159584,0.32,1,211045,210613,432
44057601,13.2816,3.31785,446,118260,0.311917,0.2,1,211061,210615,446
44060521,15.4563,8.66357,452,118260,0.222383,0.34,1,211077,210625,452
44063441,20.6913,20.1327,451,118260,0.244477,0.45,1,211099,210648,451
44066361,7.33825,13.6265,443,118260,0.296895,0.39,1,211103,210660,443
44069281,9.46765,10.7253,443,118260,0.339379,0.29,1,211113,210670,443
44072201,9.89353,8.54506,445,118260,0.299876,0.28,1,211123,210678,445
44075121,21.1787,8.90901,460,118260,0.267975,0.24,1,211147,210687,460
44078041,9.03574,21.7818,441,118260,0.245595,0.24,1,211153,210712,441
44080961,9.80715,9.95636,444,118260,0.289119,0.34,1,211163,210719,444
44083881,11.5614,7.59127,449,118260,0.313824,0.32,1,211175,210726,449
44086801,7.11229,11.1183,443,118260,0.294765,0.24,1,211181,210738,443
44089721,4.62246,7.02365,441,118260,0.226953,0.31,1,211185,210744,441
44092641,2.52449,4.60473,439,118260,0.221391,0.32,1,211187,210748,439
44095561,8.5049,2.52095,447,118260,0.324278,0.33,1,211197,210750,447
44098481,4.90098,8.50419,441,118260,0.384856,0.33,1,211201,210760,441
44101401,8.1802,4.90084,446,118260,0.388971,0.34,1,211210,210764,446
44104321,26.436,8.18017,468,118260,0.141794,0.37,1,211241,210773,468
44107241,10.8872,27.236,443,118260,0.332359,0.33,1,211248,210805,443
44110161,11.7774,10.2472,449,118260,0.330472,0.31,1,211260,210811,449
44113081,3.95549,10.0494,441,118260,0.330094,0.31,1,211262,210821,441
44116001,3.9911,3.60989,443,118260,0.322019,0.37,1,211266,210823,443
44118921,37.5982,7.92198,480,118260,0.312404,0.26,1,211312,210832,480
44121841,15.5196,38.3844,444,118260,0.326481,0.19,1,211322,210878,444
44124761,7.10393,10.8769,445,118260,0.289296,0.38,1,211327,210882,445
44127681,7.82079,11.7754,441,118260,0.377859,0.28,1,211335,210894,441
44130601,22.3642,7.95507,460,118260,0.195572,0.3,1,211361,210901,460
44133521,6.07283,19.191,440,118260,0.215114,0.25,1,211363,210923,440
44136441,2.81457,5.4382,440,118260,0.283023,0.21,1,211365,210925,440
44139361,2.96291,2.68764,441,118260,0.248605,0.15,1,211368,210927,441
44142281,3.79258,2.93753,442,118260,0.241721,0.36,1,211372,210930,442
44145201,10.3585,9.38751,443,118260,0.376344,0.29,1,211384,210941,443
44148121,3.6717,5.0775,441,118260,0.371269,0.18,1,211386,210945,441
44151041,7.13434,5.8155,443,118260,0.274254,0.36,1,211394,210951,443
44153961,11.8269,11.5631,443,118260,0.350851,0.19,1,211407,210964,443
44156881,35.9654,9.51262,476,118260,0.26217,0.22,1,211449,210973,476
44159801,13.5931,37.1025,440,118260,0.252434,0.27,1,211457,211017,440
44162721,5.11861,13.0205,436,118260,0.242487,0.22,1,211460,211024,436
44165641,12.2237,5.0041,447,118260,0.336497,0.23,1,211474,211027,447
44168561,4.84474,12.2008,436,118260,0.331299,0.19,1,211477,211041,436
44171481,7.36895,4.04016,442,118260,0.40226,0.15,1,211485,211043,442
44174401,10.2738,2.40803,451,118260,0.320452,0.35,1,211496,211045,451
44177321,14.0548,13.2816,450,118260,0.31209,0.2,1,211511,211061,450
44180241,26.011,15.4563,463,118260,0.222418,0.25,1,211540,211077,463
44183161,6.80219,20.6913,443,118260,0.196484,0.31,1,211542,211099,443
44186081,6.96044,7.33825,446,118260,0.271297,0.35,1,211549,211103,446
44189001,12.5921,9.46765,450,118260,0.230259,0.29,1,211563,211113,450
44191921,14.5184,9.89353,455,118260,0.350052,0.26,1,211578,211123,455
44194841,12.5037,21.1787,443,118260,0.35001,0.24,1,211590,211147,443
44197761,10.5007,9.03574,447,118260,0.222002,0.3,1,211600,211153,447
44200681,8.50015,9.80715,445,118260,0.3084,0.32,1,211608,211163,445
44203601,10.5,11.5614,444,118260,0.31768,0.29,1,211619,211175,444
44206521,5.30001,7.11229,442,118260,0.351536,0.21,1,211623,211181,442
44209441,2.66,4.62246,440,118260,0.326307,0.22,1,211625,211185,440
44212361,6.932,2.52449,446,118260,0.249261,0.35,1,211633,211187,446
44215281,7.7864,8.5049,444,118260,0.329852,0.4,1,211641,211197,444
44218201,7.95728,4.90098,448,118260,0.35397,0.39,1,211649,211201,448
44221121,26.3915,8.1802,470,118260,0.270794,0.08,1,211680,211210,470
44224041,10.0783,26.436,445,118260,0.342159,0.38,1,211686,211241,445
44226961,12.4157,10.8872,451,118260,0.332432,0.33,1,211699,211248,451
44229881,4.88313,11.7774,442,118260,0.274486,0.33,1,211702,211260,442
44232801,2.57663,3.95549,442,118260,0.230897,0.32,1,211704,211262,442
44235721,37.3153,3.9911,484,118260,0.254179,0.31,1,211750,211266,484
44238641,13.8631,37.5982,446,118260,0.154836,0.33,1,211758,211312,446
44241561,9.17261,15.5196,444,118260,0.262967,0.28,1,211766,211322,444
44244481,9.03452,7.10393,448,118260,0.324593,0.4,1,211775,211327,448
44247401,17.0069,7.82079,459,118260,0.224919,0.15,1,211794,211335,459
44250321,5.00138,22.3642,435,118260,0.196984,0.22,1,211796,211361,435
44253241,3.40028,6.07283,436,118260,0.143397,0.3,1,211799,211363,436
44256161,7.88006,2.81457,443,118260,0.140679,0.24,1,211808,211365,443
44259081,3.17601,2.96291,442,118260,0.244136,0.24,1,211810,211368,442
44262001,7.0352,3.79258,446,118260,0.192827,0.41,1,211818,211372,446
44264921,3.80704,10.3585,437,118260,0.198565,0.37,1,211821,211384,437
44267841,7.96141,3.6717,444,118260,0.303713,0.25,1,211830,211386,444
44270761,15.1923,7.13434,453,118260,0.260743,0.37,1,211847,211394,453
44273681,31.0385,11.8269,475,118260,0.324149,0.24,1,211882,211407,475
44276601,13.4077,35.9654,442,118260,0.30483,0.25,1,211891,211449,442
44279521,9.88154,13.5931,443,118260,0.188966,0.24,1,211900,211457,443
44282441,12.3763,5.11861,453,118260,0.213793,0.36,1,211913,211460,453
44285361,6.47526,12.2237,444,118260,0.242759,0.33,1,211918,211474,444
44288281,2.89505,4.84474,443,118260,0.224552,0.42,1,211920,211477,443
44291201,10.979,7.36895,448,118260,0.26891,0.3,1,211933,211485,448
44294121,11.7958,10.2738,449,118260,0.285782,0.31,1,211945,211496,449
44297041,26.3592,14.0548,464,118260,0.329156,0.2,1,211975,211511,464
44299961,6.87183,26.011,437,118260,0.313831,0.19,1,211977,211540,437
44302881,6.17437,6.80219,441,118260,0.222766,0.29,1,211983,211542,441
44305801,12.4349,6.96044,448,118260,0.332553,0.22,1,211997,211549,448
44308721,14.487,12.5921,449,118260,0.234511,0.38,1,212012,211563,449
44311641,10.0974,14.5184,443,118260,0.310902,0.35,1,212021,211578,443
44314561,14.0195,12.5037,446,118260,0.16618,0.19,1,212036,211590,446
44317481,9.2039,10.5007,444,118260,0.169236,0.33,1,212044,211600,444
44320401,8.24078,8.50015,444,118260,0.257847,0.32,1,212052,211608,444
44323321,5.64816,10.5,438,118260,0.235569,0.36,1,212057,211619,438
44326241,7.52963,5.30001,442,118260,0.279114,0.32,1,212065,211623,442
44329161,6.30593,2.66,446,118260,0.287823,0.23,1,212071,211625,446
44332081,6.06119,6.932,444,118260,0.217565,0.35,1,212077,211633,444
44335001,8.41224,7.7864,445,118260,0.283513,0.36,1,212086,211641,445
44337921,25.6824,7.95728,467,118260,0.264703,0.25,1,212116,211649,467
44340841,9.93649,26.3915,442,118260,0.284941,0.36,1,212122,211680,442
44343761,13.9873,10.0783,451,118260,0.272988,0.33,1,212137,211686,451
44346681,4.39746,12.4157,440,118260,0.246598,0.26,1,212139,211699,440
44349601,2.47949,4.88313,439,118260,0.28132,0.22,1,212141,211702,439
44352521,28.4959,2.57663,472,118260,0.288264,0.26,1,212176,211704,472
44355441,17.6992,37.3153,441,118260,0.241653,0.13,1,212191,211750,441
44358361,13.1398,13.8631,445,118260,0.200331,0.29,1,212203,211758,445
44361281,4.22797,9.17261,439,118260,0.152066,0.34,1,212205,211766,439
44364201,14.4456,9.03452,447,118260,0.198413,0.2,1,212222,211775,447
44367121,4.48912,17.0069,430,118260,0.175683,0.19,1,212224,211794,430
44370041,3.29782,5.00138,431,118260,0.131137,0.13,1,212227,211796,431
44372961,10.2596,3.40028,440,118260,0.258227,0.14,1,212239,211799,440
44375881,3.65191,7.88006,433,118260,0.251645,0.27,1,212241,211808,433
44378801,11.9304,3.17601,445,118260,0.234329,0.18,1,212255,211810,445
44381721,3.98608,7.0352,439,118260,0.198866,0.2,1,212257,211818,439
44384641,7.19722,3.80704,444,118260,0.183773,0.33,1,212265,211821,444
44387561,6.23944,7.96141,441,118260,0.244755,0.25,1,212271,211830,441
44390481,38.0479,15.1923,470,118260,0.136951,0.34,1,212317,211847,470
44393401,9.20958,31.0385,437,118260,0.12339,0.3,1,212319,211882,437
44396321,11.4419,13.4077,440,118260,0.248678,0.16,1,212331,211891,440
44399241,11.8884,9.88154,443,118260,0.161736,0.22,1,212343,211900,443
44402161,8.77768,12.3763,438,118260,0.192347,0.25,1,212351,211913,438
44405081,3.35554,6.47526,435,118260,0.206469,0.22,1,212353,211918,435
44408001,13.4711,2.89505,449,118260,0.241294,0.28,1,212369,211920,449
44410921,10.6942,10.979,446,118260,0.216259,0.29,1,212379,211933,446
44413841,24.5388,11.7958,462,118260,0.131252,0.34,1,212407,211945,462
44416761,11.3078,26.3592,440,118260,0.24225,0.31,1,212415,211975,440
44419681,3.86155,6.87183,440,118260,0.23245,0.2,1,212417,211977,440
44422601,11.9723,6.17437,448,118260,0.23849,0.36,1,212431,211983,448
44425521,16.7945,12.4349,452,118260,0.183698,0.21,1,212449,211997,452
44428441,4.95889,14.487,439,118260,0.19674,0.33,1,212451,212012,439
44431361,11.3918,10.0974,443,118260,0.247348,0.13,1,212464,212021,443
44434281,12.6784,14.0195,441,118260,0.10547,0.17,1,212477,212036,441
44437201,5.73567,9.2039,437,118260,0.117094,0.28,1,212481,212044,437
44440121,7.54713,8.24078,437,118260,0.103419,0.23,1,212489,212052,437
44443041,7.10943,5.64816,439,118260,0.196684,0.29,1,212496,212057,439
44445961,7.02189,7.52963,438,118260,0.239337,0.29,1,212503,212065,438
44448881,8.60438,6.30593,441,118260,0.279867,0.2,1,212512,212071,441
44451801,6.52088,6.06119,441,118260,0.231973,0.3,1,212518,212077,441
44454721,28.5042,8.41224,466,118260,0.166395,0.26,1,212552,212086,466
44457641,8.90083,25.6824,440,118260,0.177279,0.29,1,212556,212116,440
44460561,12.1802,9.93649,447,118260,0.283456,0.27,1,212569,212122,447
44463481,4.03603,13.9873,434,118260,0.312691,0.24,1,212571,212137,434
44466401,2.40721,4.39746,434,118260,0.286538,0.29,1,212573,212139,434
44469321,30.8814,2.47949,470,118260,0.201308,0.29,1,212611,212141,470
44472241,14.1763,28.4959,445,118260,0.144262,0.23,1,212621,212176,445
44475161,14.8353,17.6992,445,118260,0.156852,0.19,1,212636,212191,445
44478081,4.56705,13.1398,435,118260,0.18337,0.14,1,212638,212203,435
44481001,12.9134,4.22797,448,118260,0.164674,0.21,1,212653,212205,448
44483921,4.18268,14.4456,433,118260,0.168935,0.17,1,212655,212222,433
44486841,7.23654,4.48912,439,118260,0.201787,0.12,1,212663,212224,439
44489761,7.84731,3.29782,444,118260,0.192357,0.29,1,212671,212227,444
44492681,3.96946,10.2596,435,118260,0.166471,0.25,1,212674,212239,435
44495601,11.1939,3.65191,446,118260,0.209294,0.23,1,212687,212241,446
44498521,7.83878,11.9304,439,118260,0.177859,0.19,1,212694,212255,439
44501441,7.96776,3.98608,445,118260,0.163572,0.18,1,212702,212257,445
44504361,3.19355,7.19722,439,118260,0.136714,0.26,1,212704,212265,439
44507281,36.6387,6.23944,478,118260,0.179343,0.11,1,212749,212271,478
44510201,11.3277,38.0479,437,118260,0.115869,0.12,1,212754,212317,437
44513121,7.06555,9.20958,441,118260,0.247174,0.28,1,212760,212319,441
44516041,12.6131,11.4419,443,118260,0.233435,0.14,1,212774,212331,443
44518961,8.92262,11.8884,439,118260,0.118687,0.2,1,212782,212343,439
44521881,4.18452,8.77768,434,118260,0.0717374,0.21,1,212785,212351,434
44524801,14.4369,3.35554,449,118260,0.166347,0.25,1,212802,212353,449
44527721,6.88738,13.4711,438,118260,0.20127,0.21,1,212807,212369,438
44530641,27.7775,10.6942,461,118260,0.144254,0.11,1,212840,212379,461
44533561,7.15549,24.5388,435,118260,0.100851,0.27,1,212842,212407,435
44536481,3.0311,11.3078,429,118260,0.0681702,0.23,1,212844,212415,429
44539401,15.0062,3.86155,445,118260,0.125634,0.24,1,212862,212417,445
44542321,15.8012,11.9723,447,118260,0.177127,0.17,1,212878,212431,447
44545241,5.56025,16.7945,432,118260,0.147425,0.2,1,212881,212449,432
44548161,8.31205,4.95889,439,118260,0.189485,0.26,1,212890,212451,439
44551081,11.2624,11.3918,438,118260,0.157897,0.07,1,212902,212464,438
44554001,12.6525,12.6784,438,118260,0.215579,0.12,1,212915,212477,438
44556921,5.7305,5.73567,438,118260,0.171116,0.1,1,212919,212481,438
44559841,6.7461,7.54713,437,118260,0.298223,0.22,1,212926,212489,437
44562761,10.9492,7.10943,442,118260,0.323645,0.25,1,212938,212496,442
44565681,8.58984,7.02189,443,118260,0.256729,0.29,1,212946,212503,443
44568601,6.51797,8.60438,440,118260,0.179346,0.22,1,212952,212512,440
44571521,24.5036,6.52088,463,118260,0.267869,0.15,1,212981,212518,463
44574441,7.30072,28.5042,432,118260,0.237574,0.18,1,212984,212552,432
44577361,14.2601,8.90083,444,118260,0.215515,0.31,1,213000,212556,444
44580281,6.85203,12.1802,436,118260,0.203103,0.32,1,213005,212569,436
44583201,2.97041,4.03603,436,118260,0.200621,0.28,1,213007,212571,436
44586121,26.1941,2.40721,466,118260,0.304124,0.18,1,213039,212573,466
44589041,14.0388,30.8814,439,118260,0.220825,0.13,1,213050,212611,439
44591961,17.2078,14.1763,447,118260,0.244165,0.16,1,213068,212621,447
44594881,5.04155,14.8353,434,118260,0.280833,0.19,1,213070,212636,434
44597801,11.4083,4.56705,445,118260,0.288167,0.16,1,213083,212638,445
44600721,3.88166,12.9134,432,118260,0.265633,0.17,1,213085,212653,432
44603641,5.57633,4.18268,436,118260,0.221127,0.21,1,213091,212655,436
44606561,10.7153,7.23654,440,118260,0.156225,0.19,1,213103,212663,440
44609481,4.54305,7.84731,435,118260,0.255245,0.16,1,213106,212671,435
44612401,9.70861,3.96946,443,118260,0.307049,0.22,1,213117,212674,443
44615321,5.94172,11.1939,435,118260,0.22941,0.17,1,213122,212687,435
44618241,7.58834,7.83878,436,118260,0.261882,0.16,1,213130,212694,436
44621161,7.11767,7.96776,435,118260,0.244376,0.13,1,213137,212702,435
44624081,38.2235,3.19355,479,118260,0.296875,0.19,1,213183,212704,479
44627001,9.24471,36.6387,436,118260,0.275375,0.1,1,213185,212749,436
44629921,3.44894,11.3277,433,118260,0.239075,0.28,1,213187,212754,433
44632841,8.68979,7.06555,437,118260,0.327815,0.23,1,213197,212760,437
44635761,12.138,12.6131,436,118260,0.321563,0.09,1,213210,212774,436
44638681,7.22759,8.92262,434,118260,0.232313,0.06,1,213216,212782,434
44641601,15.0455,4.18452,448,118260,0.254463,0.19,1,213233,212785,448
44644521,5.4091,14.4369,434,118260,0.322892,0.21,1,213236,212802,434
44647441,27.4818,6.88738,462,118260,0.216578,0.13,1,213269,212807,462
44650361,11.0964,27.7775,436,118260,0.243316,0.09,1,213276,212840,436
44653281,3.81927,7.15549,436,118260,0.248663,0.06,1,213278,212842,436
44656201,11.9639,3.0311,448,118260,0.345733,0.14,1,213292,212844,448
44659121,15.9928,15.0062,447,118260,0.317147,0.19,1,213309,212862,447
44662041,7.99855,15.8012,437,118260,0.359429,0.14,1,213315,212878,437
44664961,4.79971,5.56025,438,118260,0.295886,0.2,1,213319,212881,438
44667881,7.35994,8.31205,437,118260,0.291177,0.15,1,213327,212890,437
44670801,14.272,11.2624,441,118260,0.266235,0.23,1,213343,212902,441
44673721,12.4544,12.6525,440,118260,0.261247,0.16,1,213355,212915,440
44676641,4.09088,5.7305,438,118260,0.220249,0.33,1,213357,212919,438
44679561,10.4182,6.7461,443,118260,0.32405,0.33,1,213369,212926,443
44682481,10.8836,10.9492,442,118260,0.36081,0.24,1,213380,212938,442
44685401,6.17673,8.58984,439,118260,0.288162,0.16,1,213385,212946,439
44688321,27.6353,6.51797,466,118260,0.273632,0.29,1,213418,212952,466
44691241,7.12707,24.5036,439,118260,0.238726,0.23,1,213420,212981,439
44694161,9.42541,7.30072,446,118260,0.303745,0.21,1,213430,212984,446
44697081,9.08508,14.2601,439,118260,0.324749,0.2,1,213439,213000,439
44700001,3.41702,6.85203,436,118260,0.32895,0.2,1,213441,213005,436
44702921,22.2834,2.97041,461,118260,0.34579,0.33,1,213468,213007,461
44705841,14.0567,26.1941,441,118260,0.365158,0.2,1,213480,213039,441
44708761,14.8113,14.0388,445,118260,0.337032,0.25,1,213495,213050,445
44711681,5.36227,17.2078,430,118260,0.283406,0.29,1,213498,213068,430
44714601,13.0725,5.04155,443,118260,0.288681,0.29,1,213513,213070,443
44717521,5.01449,11.4083,433,118260,0.329736,0.26,1,213516,213083,433
44720441,3.4029,3.88166,434,118260,0.289947,0.21,1,213519,213085,434
44723361,14.2806,5.57633,445,118260,0.265989,0.14,1,213536,213091,445
44726281,7.65612,10.7153,439,118260,0.301198,0.28,1,213542,213103,439
44729201,10.3312,4.54305,447,118260,0.27624,0.32,1,213553,213106,447
44732121,4.46624,9.70861,439,118260,0.343248,0.21,1,213556,213117,439
44735041,9.69325,5.94172,445,118260,0.36465,0.27,1,213567,213122,445
44737961,6.73865,7.58834,443,118260,0.30493,0.24,1,213573,213130,443
44740881,31.7477,7.11767,474,118260,0.196986,0.31,1,213611,213137,474
44743801,16.7495,38.2235,441,118260,0.199397,0.27,1,213624,213183,441
44746721,4.94991,9.24471,441,118260,0.223879,0.23,1,213626,213185,441
44749641,5.78998,3.44894,445,118260,0.220776,0.35,1,213632,213187,445
44752561,11.558,8.68979,448,118260,0.308155,0.32,1,213645,213197,448
44755481,7.9116,12.138,442,118260,0.213631,0.21,1,213652,213210,442
44758401,16.7823,7.22759,455,118260,0.306726,0.26,1,213671,213216,455
44761321,4.95646,15.0455,440,118260,0.293345,0.34,1,213673,213233,440
44764241,24.1913,5.4091,466,118260,0.178669,0.19,1,213702,213236,466
44767161,11.2383,27.4818,441,118260,0.171734,0.25,1,213710,213269,441
44770081,8.64765,11.0964,442,118260,0.234347,0.25,1,213718,213276,442
44773001,5.72953,3.81927,445,118260,0.198869,0.37,1,213723,213278,445
44775921,17.9459,11.9639,452,118260,0.271774,0.31,1,213744,213292,452
44778841,8.38918,15.9928,441,118260,0.254355,0.37,1,213750,213309,441
44781761,3.27784,7.99855,437,118260,0.258871,0.28,1,213752,213315,437
44784681,7.85557,4.79971,442,118260,0.283774,0.29,1,213761,213319,442
44787601,11.9711,7.35994,447,118260,0.256755,0.26,1,213774,213327,447
44790521,12.7942,14.272,444,118260,0.275351,0.26,1,213787,213343,444
44793441,9.75884,12.4544,441,118260,0.24707,0.21,1,213796,213355,441
44796361,11.5518,4.09088,451,118260,0.297414,0.35,1,213808,213357,451
44799281,11.9104,10.4182,451,118260,0.219483,0.37,1,213820,213369,451
44802201,5.58207,10.8836,444,118260,0.227897,0.27,1,213824,213380,444
44805121,21.1164,6.17673,464,118260,0.229579,0.27,1,213849,213385,464
44808041,10.6233,27.6353,439,118260,0.277916,0.23,1,213857,213418,439
44810961,10.1247,7.12707,447,118260,0.199583,0.32,1,213867,213420,447
44813881,5.22493,9.42541,441,118260,0.279917,0.33,1,213871,213430,441
44816801,8.24499,9.08508,441,118260,0.303983,0.33,1,213880,213439,441
44819721,23.249,3.41702,466,118260,0.220797,0.35,1,213907,213441,466
44822641,8.6498,22.2834,444,118260,0.292159,0.37,1,213912,213468,444
44825561,16.93,14.0567,451,118260,0.274432,0.33,1,213931,213480,451
44828481,7.38599,14.8113,441,118260,0.270886,0.27,1,213936,213495,441
44831401,14.2772,5.36227,454,118260,0.326177,0.29,1,213952,213498,454
44834321,4.45544,13.0725,441,118260,0.305235,0.34,1,213954,213513,441
44837241,4.09109,5.01449,442,118260,0.237047,0.28,1,213958,213516,442
44840161,8.01822,3.4029,448,118260,0.287409,0.26,1,213967,213519,448
44843081,4.00364,14.2806,434,118260,0.289482,0.31,1,213970,213536,434
44846001,12.8007,7.65612,443,118260,0.289896,0.27,1,213985,213542,443
44848921,9.76015,10.3312,441,118260,0.361979,0.36,1,213994,213553,441
44851841,5.15203,4.46624,442,118260,0.336396,0.37,1,213998,213556,442
44854761,4.23041,9.69325,435,118260,0.267279,0.29,1,214002,213567,435
44857681,33.6461,6.73865,470,118260,0.213456,0.17,1,214043,213573,470
44860601,16.3292,31.7477,444,118260,0.258691,0.2,1,214055,213611,444
44863521,5.66584,16.7495,434,118260,0.219738,0.23,1,214058,213624,434
44866441,9.93317,4.94991,443,118260,0.347948,0.22,1,214069,213626,443
44869361,8.38663,5.78998,445,118260,0.35759,0.33,1,214077,213632,445
44872281,10.4773,11.558,443,118260,0.335518,0.19,1,214088,213645,443
44875201,16.4955,7.9116,454,118260,0.291104,0.33,1,214106,213652,454
44878121,4.89909,16.7823,437,118260,0.282221,0.29,1,214108,213671,437
44881041,26.5798,4.95646,467,118260,0.208444,0.15,1,214140,213673,467
44883961,6.91596,24.1913,440,118260,0.177689,0.17,1,214142,213702,440
44886881,7.78319,11.2383,440,118260,0.227538,0.25,1,214150,213710,440
44889801,4.75664,8.64765,436,118260,0.341508,0.19,1,214154,213718,436
44892721,21.7513,5.72953,457,118260,0.340302,0.29,1,214180,213723,457
44895641,8.35027,17.9459,441,118260,0.38006,0.25,1,214185,213744,441
44898561,4.87005,8.38918,439,118260,0.332012,0.26,1,214189,213750,439
44901481,4.17401,3.27784,441,118260,0.290402,0.29,1,214193,213752,441
44904401,15.2348,7.85557,450,118260,0.29008,0.25,1,214211,213761,450
44907321,9.44696,11.9711,445,118260,0.314016,0.28,1,214219,213774,445
44910241,8.28939,12.7942,440,118260,0.230803,0.24,1,214227,213787,440
44913161,11.2579,9.75884,443,118260,0.246161,0.31,1,214239,213796,443
44916081,15.0516,11.5518,447,118260,0.225232,0.2,1,214255,213808,447
44919001,6.21032,11.9104,439,118260,0.261046,0.23,1,214259,213820,439
44921921,21.2421,5.58207,460,118260,0.236209,0.23,1,214284,213824,460
44924841,7.44841,21.1164,439,118260,0.287242,0.29,1,214288,213849,439
44927761,12.6897,10.6233,445,118260,0.273448,0.18,1,214302,213857,445
44930681,5.73794,10.1247,439,118260,0.21469,0.3,1,214306,213867,439
44933601,7.54759,5.22493,443,118260,0.330938,0.31,1,214314,213871,443
44936521,26.3095,8.24499,465,118260,0.282188,0.2,1,214345,213880,465
44939441,8.4619,23.249,442,118260,0.296438,0.31,1,214349,213907,442
44942361,11.2924,8.6498,449,118260,0.371287,0.27,1,214361,213912,449
44945281,9.45848,16.93,439,118260,0.338257,0.27,1,214370,213931,439
44948201,14.6917,7.38599,450,118260,0.243652,0.34,1,214386,213936,450
44951121,4.53834,14.2772,436,118260,0.25673,0.3,1,214388,213952,436
44954041,5.70767,4.45544,440,118260,0.299346,0.22,1,214394,213954,440
44956961,5.14153,4.09109,441,118260,0.299869,0.3,1,214399,213958,441
44959881,8.22831,8.01822,441,118260,0.275974,0.29,1,214408,213967,441
44962801,14.4457,4.00364,454,118260,0.327195,0.29,1,214424,213970,454
44965721,7.68913,12.8007,445,118260,0.249439,0.38,1,214430,213985,445
44968641,6.33783,9.76015,442,118260,0.337888,0.33,1,214436,213994,442
44971561,4.46757,5.15203,442,118260,0.291578,0.25,1,214440,213998,442
44974481,30.4935,4.23041,475,118260,0.258316,0.2,1,214477,214002,475
44977401,14.0987,33.6461,444,118260,0.291663,0.27,1,214487,214043,444
44980321,7.61974,16.3292,438,118260,0.226333,0.21,1,214493,214055,438
44983241,13.5239,5.66584,450,118260,0.197267,0.38,1,214508,214058,450
44986161,5.10479,9.93317,442,118260,0.287453,0.36,1,214511,214069,442
44989081,9.02096,8.38663,444,118260,0.281491,0.33,1,214521,214077,444
44992001,18.6042,10.4773,454,118260,0.192298,0.28,1,214542,214088,454
44994921,5.32084,16.4955,438,118260,0.15046,0.28,1,214544,214106,438
44997841,24.2642,4.89909,465,118260,0.254092,0.19,1,214573,214108,465
45000761,10.4528,26.5798,440,118260,0.194818,0.17,1,214580,214140,440
45003681,4.49057,6.91596,441,118260,0.142964,0.24,1,214583,214142,441
45006601,4.09811,7.78319,437,118260,0.228593,0.37,1,214587,214150,437
45009521,23.2196,4.75664,461,118260,0.261719,0.34,1,214615,214154,461
45012441,6.24392,21.7513,437,118260,0.236344,0.39,1,214617,214180,437
45015361,9.24878,8.35027,442,118260,0.191269,0.32,1,214627,214185,442
45018281,3.44976,4.87005,440,118260,0.310254,0.28,1,214629,214189,440
45021201,15.09,4.17401,454,118260,0.294051,0.29,1,214647,214193,454
45024121,9.41799,15.2348,444,118260,0.25881,0.32,1,214655,214211,444
45027041,6.6836,9.44696,442,118260,0.259762,0.21,1,214661,214219,442
45029961,11.7367,8.28939,447,118260,0.259952,0.25,1,214674,214227,447
45032881,13.5473,11.2579,449,118260,0.33199,0.22,1,214688,214239,449
45035801,5.90947,15.0516,437,118260,0.282398,0.27,1,214692,214255,437
45038721,21.1819,6.21032,458,118260,0.30448,0.23,1,214717,214259,458
45041641,6.63638,21.2421,436,118260,0.260896,0.3,1,214720,214284,436
45044561,18.9273,7.44841,454,118260,0.228179,0.27,1,214742,214288,454
45047481,5.38546,12.6897,442,118260,0.189636,0.2,1,214744,214302,442
45050401,4.27709,5.73794,442,118260,0.245927,0.36,1,214748,214306,442
45053321,24.8554,7.54759,464,118260,0.305185,0.27,1,214778,214314,464
45056241,13.7711,26.3095,444,118260,0.277037,0.3,1,214789,214345,444
45059161,9.15422,8.4619,448,118260,0.303407,0.39,1,214797,214349,448
45062081,6.63084,11.2924,442,118260,0.364681,0.33,1,214803,214361,442
45065001,16.5262,9.45848,452,118260,0.200936,0.22,1,214822,214370,452
45067921,4.90523,14.6917,438,118260,0.136187,0.26,1,214824,214386,438
45070841,5.78105,4.53834,442,118260,0.0912374,0.31,1,214830,214388,442
45073761,2.75621,5.70767,438,118260,0.122247,0.3,1,214832,214394,438
45076681,7.75124,5.14153,442,118260,0.288449,0.27,1,214841,214399,442
45079601,14.3502,8.22831,449,118260,0.26569,0.34,1,214857,214408,449
45082521,8.47005,14.4457,440,118260,0.189138,0.23,1,214864,214424,440
45085441,7.29401,7.68913,441,118260,0.253828,0.36,1,214871,214430,441
45088361,3.8588,6.33783,438,118260,0.226766,0.28,1,214874,214436,438
45091281,31.9718,4.46757,473,118260,0.157353,0.25,1,214913,214440,473
45094201,13.5944,30.4935,445,118260,0.207471,0.3,1,214922,214477,445
45097121,4.31887,14.0987,437,118260,0.217494,0.21,1,214924,214487,437
45100041,17.6638,7.61974,452,118260,0.211499,0.19,1,214945,214493,452
45102961,5.13275,13.5239,439,118260,0.1703,0.31,1,214947,214508,439
45105881,5.82655,5.10479,442,118260,0.24206,0.28,1,214953,214511,442
45108801,15.5653,9.02096,450,118260,0.248412,0.17,1,214971,214521,450
45111721,4.71306,18.6042,431,118260,0.217682,0.14,1,214973,214542,431
45114641,23.3426,5.32084,457,118260,0.195536,0.28,1,215001,214544,457
45117561,12.6685,24.2642,438,118260,0.287107,0.18,1,215011,214573,438
45120481,8.1337,10.4528,438,118260,0.225421,0.13,1,215018,214580,438
45123401,5.62674,4.49057,440,118260,0.157084,0.25,1,215023,214583,440
45126321,18.7253,4.09811,458,118260,0.199417,0.27,1,215045,214587,458
45129241,5.34507,23.2196,432,118260,0.175883,0.23,1,215047,214615,432
45132161,13.869,6.24392,446,118260,0.203177,0.18,1,215063,214617,446
45135081,4.3738,9.24878,438,118260,0.232635,0.34,1,215065,214627,438
45138001,12.0748,3.44976,450,118260,0.262527,0.29,1,215079,214629,450
45140921,12.015,15.09,444,118260,0.148505,0.25,1,215091,214647,444
45143841,4.00299,9.41799,438,118260,0.237701,0.26,1,215093,214655,438
45146761,13.6006,6.6836,448,118260,0.19154,0.26,1,215109,214661,448
45149681,13.1201,11.7367,448,118260,0.246308,0.35,1,215122,214674,448
45152601,5.82402,13.5473,438,118260,0.233262,0.27,1,215126,214688,438
45155521,21.9648,5.90947,460,118260,0.174652,0.31,1,215152,214692,460
45158441,9.19296,21.1819,441,118260,0.0989305,0.25,1,215158,214717,441
45161361,14.6386,6.63638,454,118260,0.179786,0.22,1,215174,214720,454
45164281,4.52772,18.9273,434,118260,0.219957,0.18,1,215176,214742,434
45167201,8.90554,5.38546,442,118260,0.243991,0.26,1,215186,214744,442
45170121,20.1811,4.27709,461,118260,0.216798,0.32,1,215209,214748,461
45173041,16.8362,24.8554,447,118260,0.17136,0.27,1,215225,214778,447
45175961,9.76724,13.7711,444,118260,0.210272,0.31,1,215233,214789,444
45178881,6.75345,9.15422,442,118260,0.194054,0.38,1,215239,214797,442
45181801,10.9507,6.63084,448,118260,0.198811,0.16,1,215251,214803,448
45184721,6.19014,16.5262,434,118260,0.119762,0.12,1,215256,214822,434
45187641,9.23803,4.90523,442,118260,0.103952,0.08,1,215266,214824,442
45190561,3.44761,5.78105,438,118260,0.10079,0.13,1,215268,214830,438
45193481,8.68952,2.75621,446,118260,0.196158,0.33,1,215278,214832,446
45196401,14.5379,7.75124,453,118260,0.239232,0.26,1,215294,214841,453
45199321,4.50758,14.3502,439,118260,0.223846,0.17,1,215296,214857,439
45202241,10.5015,8.47005,444,118260,0.252769,0.27,1,215308,214864,444
45205161,6.1003,7.29401,442,118260,0.234554,0.22,1,215313,214871,442
45208081,26.0201,3.8588,470,118260,0.222911,0.14,1,215344,214874,470
45211001,15.604,31.9718,444,118260,0.276582,0.22,1,215357,214913,444
45213921,4.7208,13.5944,437,118260,0.263316,0.22,1,215359,214922,437
45216841,16.1442,4.31887,454,118260,0.308663,0.21,1,215378,214924,454
45219761,8.02883,17.6638,439,118260,0.213733,0.16,1,215384,214945,439
45222681,4.00577,5.13275,440,118260,0.258747,0.26,1,215387,214947,440
45225601,12.8012,5.82655,449,118260,0.187749,0.25,1,215402,214953,449
45228521,4.16023,15.5653,433,118260,0.31755,0.21,1,215404,214971,433
45231441,27.232,4.71306,464,118260,0.31951,0.19,1,215437,214973,464
45234361,7.04641,23.3426,438,118260,0.287902,0.31,1,215439,215001,438
45237281,11.8093,12.6685,441,118260,0.34558,0.21,1,215452,215011,441
45240201,5.56186,8.1337,438,118260,0.301116,0.14,1,215456,215018,438
45243121,21.1124,5.62674,458,118260,0.348223,0.21,1,215481,215023,458
45246041,5.82247,18.7253,438,118260,0.325645,0.17,1,215483,215045,438
45248961,12.3645,5.34507,450,118260,0.361129,0.21,1,215497,215047,450
45251881,4.0729,13.869,436,118260,0.328226,0.24,1,215499,215063,436
45254801,5.61458,4.3738,440,118260,0.305645,0.27,1,215505,215065,440
45257721,16.3229,12.0748,445,118260,0.253129,0.12,1,215524,215079,445
45260641,5.66458,12.015,436,118260,0.226626,0.26,1,215527,215091,436
45263561,13.1329,4.00299,449,118260,0.301325,0.18,1,215542,215093,449
45266481,7.42658,13.6006,439,118260,0.268265,0.26,1,215548,215109,439
45269401,11.8853,13.1201,439,118260,0.317653,0.23,1,215561,215122,439
45272321,20.7771,5.82402,458,118260,0.359531,0.16,1,215584,215126,458
45275241,7.35541,21.9648,436,118260,0.303906,0.08,1,215588,215152,436
45278161,17.4711,9.19296,450,118260,0.348781,0.2,1,215608,215158,450
45281081,5.09422,14.6386,436,118260,0.357756,0.23,1,215610,215174,436
45284001,5.81884,4.52772,440,118260,0.255551,0.25,1,215616,215176,440
45286921,21.9638,8.90554,456,118260,0.31511,0.21,1,215642,215186,456
45289841,17.1928,20.1811,449,118260,0.279022,0.16,1,215658,215209,449
45292761,11.4386,16.8362,443,118260,0.343804,0.22,1,215668,215225,443
45295681,3.88771,9.76724,437,118260,0.364761,0.19,1,215670,215233,437
45298601,7.97754,6.75345,440,118260,0.304952,0.2,1,215679,215239,440
45301521,3.19551,10.9507,430,118260,0.38899,0.1,1,215681,215251,430
45304441,15.0391,6.19014,443,118260,0.309798,0.1,1,215699,215256,443
45307361,4.60782,9.23803,435,118260,0.32596,0.1,1,215701,215266,435
45310281,5.72156,3.44761,439,118260,0.289192,0.22,1,215707,215268,439
45313201,18.7443,8.68952,451,118260,0.249838,0.25,1,215729,215278,451
45316121,5.34886,14.5379,437,118260,0.257968,0.22,1,215731,215294,437
45319041,5.06977,4.50758,440,118260,0.307594,0.26,1,215736,215296,440
45321961,9.81395,10.5015,439,118260,0.349519,0.23,1,215747,215308,439
45324881,25.1628,6.1003,463,118260,0.365904,0.22,1,215776,215313,463
45327801,18.6326,26.0201,449,118260,0.297181,0.29,1,215793,215344,449
45330721,5.32651,15.604,438,118260,0.283436,0.26,1,215795,215357,438
45333641,15.4653,4.7208,454,118260,0.264687,0.32,1,215813,215359,454
45336561,4.69306,16.1442,437,118260,0.300937,0.19,1,215815,215378,437
45339481,3.33861,8.02883,434,118260,0.268187,0.27,1,215818,215384,434
45342401,13.4677,4.00577,447,118260,0.309638,0.17,1,215834,215387,447
45345321,4.29354,12.8012,434,118260,0.285927,0.35,1,215836,215402,434
45348241,24.8587,4.16023,462,118260,0.345186,0.32,1,215866,215404,462
45351161,16.1717,27.232,443,118260,0.309037,0.28,1,215880,215437,443
45354081,11.2343,7.04641,451,118260,0.317807,0.36,1,215890,215439,451
45357001,6.24687,11.8093,443,118260,0.271562,0.29,1,215895,215452,443
45359921,18.0494,5.56186,460,118260,0.286312,0.36,1,215916,215456,460
45362841,5.20987,21.1124,437,118260,0.313262,0.32,1,215918,215481,437
45365761,11.442,5.82247,448,118260,0.278652,0.37,1,215931,215483,448
45368681,3.88839,12.3645,436,118260,0.23973,0.32,1,215933,215497,436
45371601,4.77768,4.0729,439,118260,0.199946,0.3,1,215938,215499,439
45374521,16.9555,5.61458,453,118260,0.335989,0.24,1,215958,215505,453
45377441,4.99111,16.3229,436,118260,0.339198,0.22,1,215960,215524,436
45380361,19.3982,5.66458,456,118260,0.30784,0.32,1,215983,215527,456
45383281,7.07964,13.1329,445,118260,0.365568,0.26,1,215987,215542,445
45386201,7.81593,7.42658,447,118260,0.289114,0.33,1,215995,215548,447
45389121,23.9632,11.8853,462,118260,0.273823,0.37,1,216023,215561,462
45392041,9.59264,20.7771,445,118260,0.166765,0.29,1,216029,215584,445
45394961,17.1185,7.35541,460,118260,0.313353,0.36,1,216048,215588,460
45397881,6.62371,17.4711,444,118260,0.278671,0.36,1,216052,215608,444
45400801,2.92474,5.09422,444,118260,0.239734,0.23,1,216054,215610,444
45403721,22.9849,5.81884,466,118260,0.327947,0.33,1,216082,215616,466
45406641,18.197,21.9638,457,118260,0.225589,0.27,1,216099,215642,457
45409561,6.8394,17.1928,445,118260,0.253118,0.36,1,216103,215658,445
45412481,7.76788,11.4386,443,118260,0.274624,0.37,1,216111,215668,443
45415401,3.15358,3.88771,443,118260,0.350925,0.29,1,216113,215670,443
45418321,2.23072,7.97754,436,118260,0.366185,0.41,1,216115,215679,436
45421241,14.8461,3.19551,452,118260,0.273237,0.29,1,216133,215681,452
45424161,6.96923,15.0391,439,118260,0.182647,0.33,1,216138,215699,439
45427081,7.79385,4.60782,445,118260,0.300529,0.28,1,216146,215701,445
45430001,16.7588,5.72156,458,118260,0.244106,0.24,1,216165,215707,458
45432921,4.95175,18.7443,438,118260,0.200821,0.26,1,216167,215729,438
45435841,5.79035,5.34886,442,118260,0.200164,0.32,1,216173,215731,442
45438761,5.15807,5.06977,442,118260,0.240033,0.36,1,216178,215736,442
45441681,25.8316,9.81395,462,118260,0.304007,0.37,1,216209,215747,462
45444601,19.5663,25.1628,451,118260,0.252801,0.28,1,216227,215776,451
45447521,7.91326,18.6326,439,118260,0.25056,0.28,1,216232,215793,439
45450441,12.7827,5.32651,451,118260,0.306112,0.26,1,216246,215795,451
45453361,6.55653,15.4653,438,118260,0.245222,0.31,1,216251,215813,438
45456281,6.11131,4.69306,442,118260,0.321045,0.26,1,216257,215815,442
45459201,10.8223,3.33861,451,118260,0.288209,0.32,1,216269,215818,451
45462121,3.76445,13.4677,437,118260,0.273642,0.28,1,216271,215834,437
45465041,25.5529,4.29354,466,118260,0.158728,0.36,1,216302,215836,466
45467961,17.9106,24.8587,452,118260,0.247746,0.3,1,216318,215866,452
45470881,5.18212,16.1717,440,118260,0.233549,0.32,1,216320,215880,440
45473801,5.03642,11.2343,435,118260,0.28671,0.26,1,216325,215890,435
45476721,18.6073,6.24687,452,118260,0.289342,0.29,1,216347,215895,452
45479641,9.32146,18.0494,438,118260,0.281868,0.32,1,216354,215916,438
45482561,6.66429,5.20987,442,118260,0.312374,0.27,1,216360,215918,442
45485481,10.9329,11.442,441,118260,0.294475,0.23,1,216372,215931,441
45488401,5.38657,3.88839,443,118260,0.282895,0.19,1,216376,215933,443
45491321,17.0773,4.77768,458,118260,0.336579,0.37,1,216396,215938,458
45494241,5.01546,16.9555,440,118260,0.355316,0.34,1,216398,215958,440
45497161,17.0031,4.99111,458,118260,0.327063,0.3,1,216418,215960,458
45500081,6.60062,19.3982,439,118260,0.369413,0.38,1,216422,215983,439
45503001,10.1201,7.07964,446,118260,0.393883,0.27,1,216433,215987,446
45505921,19.624,7.81593,460,118260,0.390777,0.27,1,216455,215995,460
45508841,11.9248,23.9632,442,118260,0.390155,0.14,1,216465,216023,442
45511761,19.185,9.59264,457,118260,0.342031,0.35,1,216486,216029,457
45514681,5.43699,17.1185,440,118260,0.372406,0.27,1,216488,216048,440
45517601,6.6874,6.62371,443,118260,0.330481,0.23,1,216495,216052,443
45520521,18.9375,2.92474,463,118260,0.346096,0.35,1,216517,216054,463
45523441,16.5875,22.9849,451,118260,0.349219,0.2,1,216533,216082,451
45526361,10.5175,18.197,443,118260,0.317844,0.26,1,216542,216099,443
45529281,5.3035,6.8394,443,118260,0.279569,0.28,1,216546,216103,443
45532201,3.4607,7.76788,438,118260,0.295914,0.37,1,216549,216111,438
45535121,4.69214,3.15358,441,118260,0.379183,0.37,1,216554,216113,441
45538041,8.13843,2.23072,448,118260,0.331837,0.25,1,216563,216115,448
45540961,8.82769,14.8461,439,118260,0.322367,0.16,1,216572,216133,439
45543881,4.16554,6.96923,437,118260,0.312473,0.33,1,216575,216138,437
45546801,16.0331,7.79385,448,118260,0.326495,0.23,1,216594,216146,448
45549721,5.60662,16.7588,432,118260,0.273299,0.19,1,216597,216165,432
45552641,9.12132,4.95175,440,118260,0.27866,0.2,1,216607,216167,440
45555561,3.42426,5.79035,436,118260,0.279732,0.25,1,216609,216173,436
45558481,26.2849,5.15807,463,118260,0.255946,0.32,1,216641,216178,463
45561401,17.257,25.8316,447,118260,0.299189,0.24,1,216656,216209,447
45564321,11.4514,19.5663,439,118260,0.291838,0.25,1,216666,216227,439
45567241,11.0903,7.91326,445,118260,0.282368,0.32,1,216677,216232,445
45570161,8.61806,12.7827,439,118260,0.216474,0.23,1,216685,216246,439
45573081,6.52361,6.55653,440,118260,0.283295,0.34,1,216691,216251,440
45576001,10.1047,6.11131,445,118260,0.312659,0.28,1,216702,216257,445
45578921,4.42094,10.8223,436,118260,0.302532,0.27,1,216705,216269,436
45581841,25.6842,3.76445,465,118260,0.276506,0.13,1,216736,216271,465
45584761,17.9368,25.5529,450,118260,0.351301,0.27,1,216752,216302,450
45587681,5.18737,17.9106,436,118260,0.34226,0.23,1,216754,216318,436
45590601,5.03747,5.18212,439,118260,0.372452,0.3,1,216759,216320,439
45593521,19.4075,5.03642,457,118260,0.33849,0.29,1,216782,216325,457
45596441,8.6815,18.6073,441,118260,0.259698,0.28,1,216788,216347,441
45599361,8.1363,9.32146,442,118260,0.29194,0.32,1,216796,216354,442
45602281,12.8273,6.66429,450,118260,0.242388,0.29,1,216810,216360,450
45605201,5.76545,10.9329,442,118260,0.256478,0.28,1,216814,216372,442
45608121,13.1531,5.38657,453,118260,0.315296,0.35,1,216829,216376,453
45611041,4.23062,17.0773,435,118260,0.295059,0.36,1,216831,216396,435
45613961,23.2461,5.01546,461,118260,0.259012,0.32,1,216859,216398,461
45616881,7.84922,17.0031,445,118260,0.259802,0.38,1,216863,216418,445
45619801,4.76984,6.60062,445,118260,0.29196,0.4,1,216867,216422,445
45622721,24.154,10.1201,463,118260,0.314392,0.39,1,216896,216433,463
45625641,11.2308,19.624,449,118260,0.222878,0.39,1,216904,216455,449
45628561,16.6462,11.9248,457,118260,0.260576,0.33,1,216922,216465,457
45631481,4.92923,19.185,438,118260,0.324115,0.38,1,216924,216486,438
45634401,7.38585,5.43699,444,118260,0.296823,0.32,1,216932,216488,444
45637321,20.6772,6.6874,461,118260,0.291365,0.35,1,216956,216495,461
45640241,15.3354,18.9375,453,118260,0.274273,0.35,1,216970,216517,453
45643161,14.2671,16.5875,451,118260,0.254855,0.31,1,216984,216533,451
45646081,4.45342,10.5175,444,118260,0.218971,0.27,1,216986,216542,444
45649001,2.49068,5.3035,442,118260,0.187794,0.3,1,216988,216546,442
45651921,5.29814,3.4607,445,118260,0.197559,0.4,1,216994,216549,445
45654841,4.25963,4.69214,444,118260,0.303512,0.32,1,216998,216554,444
45657761,8.85193,8.13843,445,118260,0.244702,0.32,1,217008,216563,445
45660681,8.17039,8.82769,444,118260,0.24094,0.31,1,217016,216572,444
45663601,13.6341,4.16554,456,118260,0.336188,0.33,1,217031,216575,456
45666521,4.32682,16.0331,439,118260,0.331238,0.26,1,217033,216594,439
45669441,5.66536,5.60662,442,118260,0.234248,0.28,1,217039,216597,442
45672361,3.53307,9.12132,435,118260,0.30285,0.28,1,217042,216607,435
45675281,30.3066,3.42426,470,118260,0.21257,0.25,1,217079,216609,470
45678201,16.4613,26.2849,451,118260,0.338514,0.31,1,217092,216641,451
45681121,9.69226,17.257,444,118260,0.267703,0.29,1,217100,216656,444
45684041,11.5385,11.4514,446,118260,0.341541,0.28,1,217112,216666,446
45686961,10.3077,11.0903,445,118260,0.276308,0.2,1,217122,216677,445
45689881,6.86154,8.61806,443,118260,0.287262,0.3,1,217128,216685,443
45692801,9.37231,6.52361,447,118260,0.305452,0.32,1,217138,216691,447
45695721,3.47446,10.1047,438,118260,0.36509,0.3,1,217140,216702,438
45698641,27.8949,4.42094,469,118260,0.297018,0.27,1,217174,216705,469
45701561,17.579,25.6842,453,118260,0.307404,0.37,1,217189,216736,453
45704481,5.1158,17.9368,439,118260,0.277481,0.34,1,217191,216752,439
45707401,5.82316,5.18737,443,118260,0.191496,0.38,1,217197,216754,443
45710321,18.7646,5.03747,460,118260,0.294299,0.33,1,217219,216759,460
45713241,8.55293,19.4075,443,118260,0.33886,0.24,1,217225,216782,443
45716161,6.51059,8.6815,443,118260,0.387772,0.3,1,217231,216788,443
45719081,10.9021,8.1363,447,118260,0.381554,0.23,1,217243,216796,447
45722001,10.9804,12.8273,444,118260,0.324311,0.26,1,217254,216810,444
45724921,10.1961,5.76545,450,118260,0.320862,0.33,1,217264,216814,450
45727841,4.43922,13.1531,438,118260,0.424172,0.29,1,217267,216829,438
45730761,21.6878,4.23062,462,118260,0.364834,0.25,1,217293,216831,462
45733681,12.3376,23.2461,444,118260,0.320967,0.26,1,217303,216859,444
45736601,5.66751,7.84922,444,118260,0.424193,0.3,1,217307,216863,444
45739521,18.7335,4.76984,462,118260,0.356839,0.32,1,217329,216867,462
45742441,13.3467,24.154,445,118260,0.375368,0.2,1,217341,216896,445
45745361,16.2693,11.2308,454,118260,0.371074,0.27,1,217358,216904,454
45748281,4.85387,16.6462,438,118260,0.370215,0.34,1,217360,216922,438
45751201,7.37077,4.92923,444,118260,0.306043,0.29,1,217368,216924,444
45754121,18.2742,7.38585,457,118260,0.397209,0.29,1,217389,216932,457
45757041,14.8548,20.6772,447,118260,0.359442,0.27,1,217403,216956,447
45759961,14.171,15.3354,447,118260,0.383888,0.25,1,217417,216970,447
45762881,6.03419,14.2671,437,118260,0.356778,0.21,1,217421,216984,437
45765801,5.20684,4.45342,440,118260,0.279356,0.18,1,217426,216986,440
45768721,2.64137,2.49068,440,118260,0.311871,0.2,1,217428,216988,440
45771641,2.92827,5.29814,437,118260,0.390374,0.33,1,217431,216994,437
45774561,6.98565,4.25963,441,118260,0.390075,0.23,1,217439,216998,441
45777481,10.9971,8.85193,443,118260,0.382015,0.24,1,217451,217008,443
45780401,15.7994,8.17039,452,118260,0.388403,0.36,1,217468,217016,452
45783321,5.55989,13.6341,440,118260,0.381681,0.33,1,217471,217031,440
45786241,5.91198,4.32682,444,118260,0.348336,0.21,1,217477,217033,444
45789161,5.1824,5.66536,443,118260,0.341667,0.32,1,217482,217039,443
45792081,31.4365,3.53307,478,118260,0.420333,0.19,1,217520,217042,478
45795001,15.0873,30.3066,452,118260,0.476067,0.37,1,217531,217079,452
45797921,9.41746,16.4613,447,118260,0.375213,0.25,1,217539,217092,447
45800841,9.08349,9.69226,448,118260,0.355043,0.36,1,217548,217100,448
45803761,7.4167,11.5385,443,118260,0.439009,0.26,1,217555,217112,443
45806681,10.2833,10.3077,444,118260,0.367802,0.29,1,217566,217122,444
45809601,10.8567,6.86154,449,118260,0.35356,0.31,1,217577,217128,449
45812521,3.77133,9.37231,441,118260,0.366712,0.38,1,217579,217138,441
45815441,26.3543,3.47446,471,118260,0.337342,0.28,1,217611,217140,471
45818361,19.6709,27.8949,455,118260,0.347468,0.31,1,217629,217174,455
45821281,5.53417,17.579,442,118260,0.341494,0.27,1,217631,217189,442
45824201,5.90683,5.1158,446,118260,0.260299,0.17,1,217637,217191,446
45827121,20.3814,5.82316,464,118260,0.35606,0.32,1,217661,217197,464
45830041,6.47627,18.7646,445,118260,0.335212,0.35,1,217664,217219,445
45832961,5.29525,8.55293,444,118260,0.251042,0.4,1,217669,217225,444
45835881,9.05905,6.51059,448,118260,0.338208,0.38,1,217679,217231,448
45838801,11.4118,10.9021,448,118260,0.251642,0.31,1,217691,217243,448
45841721,12.6824,10.9804,450,118260,0.258328,0.32,1,217704,217254,450
45844641,4.93647,10.1961,443,118260,0.219666,0.45,1,217707,217264,443
45847561,19.3873,4.43922,463,118260,0.275933,0.35,1,217730,217267,463
45850481,15.8775,21.6878,452,118260,0.335187,0.31,1,217745,217293,452
45853401,7.97549,12.3376,448,118260,0.323037,0.45,1,217751,217303,448
45856321,15.1951,5.66751,461,118260,0.384607,0.34,1,217768,217307,461
45859241,9.43902,18.7335,447,118260,0.276921,0.38,1,217776,217329,447
45862161,16.2878,13.3467,453,118260,0.287384,0.37,1,217794,217341,453
45865081,5.65756,16.2693,439,118260,0.313477,0.37,1,217797,217358,439
45868001,7.53151,4.85387,445,118260,0.342695,0.29,1,217805,217360,445
45870921,21.5063,7.37077,462,118260,0.316539,0.42,1,217830,217368,462
45873841,14.7013,18.2742,454,118260,0.303308,0.35,1,217843,217389,454
45876761,10.1403,14.8548,449,118260,0.252662,0.39,1,217852,217403,449
45879681,10.8281,14.171,446,118260,0.298532,0.35,1,217863,217417,446
45882601,3.76561,6.03419,444,118260,0.275706,0.26,1,217865,217421,444
45885521,2.35312,5.20684,441,118260,0.239141,0.32,1,217867,217426,441
45888441,5.27062,2.64137,445,118260,0.287828,0.41,1,217873,217428,445
45891361,5.85413,2.92827,448,118260,0.305566,0.39,1,217879,217431,448
45894281,10.7708,6.98565,452,118260,0.341113,0.38,1,217891,217439,452
45897201,14.9542,10.9971,456,118260,0.244223,0.39,1,217907,217451,456
45900121,4.59083,15.7994,441,118260,0.192845,0.38,1,217909,217468,441
45903041,8.11817,5.55989,447,118260,0.270569,0.34,1,217918,217471,447
45905961,5.62363,5.91198,446,118260,0.254114,0.34,1,217923,217477,446
45908881,35.5247,5.1824,484,118260,0.322823,0.44,1,217966,217482,484
45911801,14.3049,31.4365,455,118260,0.344565,0.49,1,217975,217520,455
45914721,4.46099,15.0873,446,118260,0.340913,0.35,1,217977,217531,446
45917641,9.6922,9.41746,449,118260,0.372183,0.35,1,217988,217539,449
45920561,5.13844,9.08349,444,118260,0.354436,0.46,1,217992,217548,444
45923481,9.82769,7.4167,448,118260,0.294887,0.35,1,218003,217555,448
45926401,13.1655,10.2833,451,118260,0.322977,0.35,1,218017,217566,451
45929321,5.03311,10.8567,443,118260,0.304596,0.37,1,218020,217577,443
45932241,28.2066,3.77133,475,118260,0.316919,0.33,1,218054,217579,475
45935161,10.4413,26.3543,449,116800,0.311384,0.35,1,218060,217611,449
45938081,13.2883,19.6709,445,116800,0.286277,0.34,1,218074,217629,445
45941001,5.85765,5.53417,447,116800,0.257255,0.24,1,218078,217631,447
45943921,15.5715,5.90683,459,116800,0.315451,0.38,1,218096,217637,459
45946841,4.71431,20.3814,437,116800,0.32709,0.33,1,218098,217661,437
45949761,8.14286,6.47627,443,116800,0.369418,0.23,1,218107,217664,443
45952681,4.82857,5.29525,442,116800,0.345884,0.36,1,218111,217669,442
45955601,13.7657,9.05905,448,116800,0.157177,0.23,1,218127,217679,448
45958521,13.1531,11.4118,449,116800,0.223435,0.26,1,218140,217691,449
45961441,5.03063,12.6824,439,116800,0.300687,0.21,1,218143,217704,439
45964361,20.2061,4.93647,460,116800,0.332137,0.29,1,218167,217707,460
45967281,15.2412,19.3873,451,116800,0.314427,0.35,1,218181,217730,451
45970201,11.8482,15.8775,447,116800,0.262885,0.32,1,218192,217745,447
45973121,13.5696,7.97549,455,116800,0.372577,0.4,1,218206,217751,455
45976041,4.31393,15.1951,440,116800,0.394515,0.25,1,218208,217768,440
45978961,15.2628,9.43902,450,116800,0.326903,0.29,1,218226,217776,450
45981881,9.45256,16.2878,440,116800,0.409381,0.32,1,218234,217794,440
45984801,5.89051,5.65756,442,116800,0.377876,0.35,1,218239,217797,442
45987721,22.7781,7.53151,461,116800,0.331575,0.31,1,218266,217805,461
45990641,11.7556,21.5063,445,116800,0.330315,0.3,1,218275,217830,445
45993561,12.7511,14.7013,445,116800,0.370063,0.24,1,218288,217843,445
45996481,12.1502,10.1403,448,116800,0.322013,0.31,1,218300,217852,448
45999401,4.03004,10.8281,439,116800,0.288403,0.27,1,218302,217863,439
46002321,2.40601,3.76561,439,116800,0.249681,0.23,1,218304,217865,439
46005241,2.8812,2.35312,440,116800,0.241936,0.3,1,218307,217867,440
46008161,2.97624,5.27062,437,116800,0.256387,0.31,1,218310,217873,437
46011081,11.7952,5.85413,445,116800,0.291277,0.35,1,218324,217879,445
46014001,17.559,10.7708,452,116800,0.242255,0.22,1,218343,217891,452
46016921,5.11181,14.9542,438,116800,0.232451,0.18,1,218345,217907,438
46019841,5.82236,4.59083,442,116800,0.19849,0.29,1,218351,217909,442
46022761,5.96447,8.11817,439,116800,0.343698,0.25,1,218357,217918,439
46025681,37.9929,5.62363,480,116800,0.21274,0.34,1,218403,217923,480
46028601,11.5986,35.5247,442,116800,0.250548,0.35,1,218408,217966,442
46031521,4.71972,14.3049,436,116800,0.30611,0.34,1,218411,217975,436
46034441,11.3439,4.46099,447,116800,0.333222,0.38,1,218424,217977,447
46037361,3.86879,9.6922,438,116800,0.330644,0.35,1,218426,217988,438
46040281,8.77376,5.13844,444,116800,0.242129,0.28,1,218436,217992,444
46043201,18.5548,9.82769,454,116800,0.232426,0.33,1,218457,218003,454
46046121,5.31095,13.1655,442,116800,0.206485,0.3,1,218459,218017,442
46049041,28.2622,5.03311,473,116800,0.161297,0.31,1,218493,218020,473
46051961,8.85244,33.0066,437,116800,0.152259,0.28,1,218497,218060,437
46054881,12.9705,17.8013,437,116800,0.198452,0.25,1,218511,218074,437
46057801,5.7941,6.76026,437,116800,0.23169,0.33,1,218515,218078,437
46060721,13.9588,15.7521,435,116800,0.270338,0.33,1,218531,218096,435
46063641,8.39176,4.75041,440,116800,0.246068,0.38,1,218538,218098,440
46066561,3.27835,8.15008,433,116800,0.209214,0.34,1,218540,218107,433
46069481,2.25567,4.83002,431,116800,0.289843,0.11,1,218542,218111,431
46072401,17.2511,13.766,436,116800,0.225969,0.24,1,218563,218127,436
46075321,17.0502,13.1532,440,116800,0.325194,0.32,1,218580,218140,440
46078241,5.01005,5.03064,439,116800,0.321039,0.34,1,218582,218143,439
46081161,20.202,20.2061,439,116800,0.328208,0.31,1,218606,218167,439
46084081,11.2404,15.2412,434,116800,0.241642,0.25,1,218615,218181,434
46087001,14.2481,11.8482,438,116800,0.224328,0.4,1,218630,218192,438
46089921,12.4496,13.5696,436,116800,0.268866,0.4,1,218642,218206,436
46092841,4.08992,4.31393,436,116800,0.301773,0.31,1,218644,218208,436
46095761,19.218,15.2628,441,116800,0.292355,0.43,1,218667,218226,441
46098681,5.4436,9.45256,435,116800,0.258471,0.37,1,218669,218234,435
46101601,4.28872,5.89051,434,116800,0.379694,0.32,1,218673,218239,434
46104521,27.2577,22.7781,440,116800,0.395939,0.33,1,218706,218266,440
46107441,11.8515,11.7556,439,116800,0.351188,0.38,1,218714,218275,439
46110361,11.9703,12.7511,438,116800,0.350238,0.31,1,218726,218288,438
46113281,10.3941,12.1502,436,116800,0.374048,0.28,1,218736,218300,436
46116201,3.67881,4.03004,436,116800,0.37881,0.24,1,218738,218302,436
46119121,7.13576,2.40601,442,116800,0.243762,0.24,1,218746,218304,442
46122041,3.02715,2.8812,441,116800,0.224752,0.26,1,218748,218307,441
46124001,1.40543,2.97624,439,116800,0.23695,0.3,1,218749,218310,439
46126921,8.28109,11.7952,435,116800,0.26339,0.23,1,218759,218324,435
46129841,16.0562,17.559,434,116800,0.332678,0.23,1,218777,218343,434
46132761,11.2112,5.11181,442,116800,0.322536,0.19,1,218787,218345,442
46135681,3.84225,5.82236,438,116800,0.320507,0.38,1,218789,218351,438
46138601,5.56845,5.96447,438,116800,0.216101,0.18,1,218795,218357,438
46141521,38.7137,37.9929,439,116800,0.24322,0.26,1,218842,218403,439
46144441,10.9427,11.5986,438,116800,0.296644,0.32,1,218846,218408,438
46147361,6.18855,4.71972,440,116800,0.267329,0.34,1,218851,218411,440
46150281,6.03771,11.3439,433,116800,0.245466,0.33,1,218857,218424,433
46153201,2.80754,3.86879,433,116800,0.265093,0.22,1,218859,218426,433
46156121,8.56151,8.77376,433,116800,0.325019,0.23,1,218869,218436,433
46159041,22.5123,18.5548,438,116800,0.297004,0.2,1,218895,218457,438
46161961,6.10246,5.31095,438,116800,0.283401,0.15,1,218897,218459,438
46164881,26.0205,28.2622,435,116800,0.28068,0.15,1,218928,218493,435
46167801,8.4041,8.85244,435,116800,0.224136,0.21,1,218932,218497,435
46170721,12.8808,12.9705,435,116800,0.276827,0.24,1,218946,218511,435
46173641,5.77616,5.7941,435,116800,0.231365,0.28,1,218950,218515,435
46176561,15.5552,13.9588,437,116800,0.262273,0.24,1,218968,218531,437
46179481,4.71105,8.39176,432,116800,0.268455,0.2,1,218970,218538,432
46182401,2.54221,3.27835,432,116800,0.301691,0.31,1,218972,218540,432
46185321,7.70844,2.25567,439,116800,0.324338,0.21,1,218981,218542,439
46188241,15.9417,17.2511,436,116800,0.232868,0.35,1,218999,218563,436
46191161,17.5883,17.0502,437,116800,0.270574,0.32,1,219017,218580,437
46194081,8.31767,5.01005,441,116800,0.222115,0.33,1,219023,218582,441
46197001,16.0635,20.202,435,116800,0.196423,0.22,1,219041,218606,435
46199921,10.4127,11.2404,435,116800,0.175285,0.22,1,219050,218615,435
46202841,13.2825,14.2481,434,116800,0.227057,0.28,1,219064,218630,434
46205761,18.6565,12.4496,442,116800,0.261411,0.31,1,219084,218642,442
46208681,5.3313,4.08992,442,116800,0.268282,0.29,1,219086,218644,442
46211601,17.8663,19.218,440,116800,0.301656,0.25,1,219107,218667,440
46214521,5.17325,5.4436,440,116800,0.276331,0.41,1,219109,218669,440
46217441,4.23465,4.28872,440,116800,0.239266,0.4,1,219113,218673,440
46220361,26.4469,27.2577,439,116800,0.231853,0.34,1,219145,218706,439
46223281,11.6894,11.8515,439,116800,0.206371,0.35,1,219153,218714,439
46226201,13.5379,11.9703,441,116800,0.257274,0.38,1,219167,218726,441
46229121,4.30758,10.3941,433,116800,0.323455,0.38,1,219169,218736,433
46232041,2.46152,3.67881,433,116800,0.304691,0.21,1,219171,218738,433
46234961,8.4923,7.13576,435,116800,0.300938,0.22,1,219181,218746,435
46237881,3.29846,3.02715,435,116800,0.300188,0.24,1,219183,218748,435
46240801,2.25969,1.40543,436,116800,0.268038,0.27,1,219185,218749,436
46243721,7.65194,8.28109,435,116800,0.261608,0.35,1,219194,218759,435
46246641,17.5304,16.0562,437,116800,0.204322,0.32,1,219214,218777,437
46249561,5.10608,11.2112,429,116800,0.280864,0.32,1,219216,218787,429
46252481,9.02122,3.84225,437,116800,0.256173,0.19,1,219226,218789,437
46255401,5.00424,5.56845,435,116800,0.219235,0.25,1,219230,218795,435
46258321,38.6009,38.7137,435,116800,0.299847,0.31,1,219277,218842,435
46261241,9.32017,10.9427,433,116800,0.283969,0.26,1,219279,218846,433
46264161,9.06403,6.18855,437,116800,0.272794,0.24,1,219288,218851,437
46267081,8.21281,6.03771,439,116800,0.310559,0.27,1,219296,218857,439
46270001,3.24256,2.80754,439,116800,0.286112,0.34,1,219298,218859,439
46272921,7.84851,8.56151,438,116800,0.329222,0.29,1,219307,218869,438
46275841,20.7697,22.5123,436,116800,0.289844,0.28,1,219331,218895,436
46278761,5.75394,6.10246,436,116800,0.305969,0.28,1,219333,218897,436
46281681,20.3508,26.0205,429,116800,0.357194,0.21,1,219357,218928,429
46284601,8.87016,8.4041,431,116800,0.359439,0.29,1,219363,218932,431
46287521,13.774,12.8808,432,116800,0.407888,0.22,1,219378,218946,432
46290441,7.55481,5.77616,434,116800,0.377578,0.27,1,219384,218950,434
46293361,14.311,15.5552,432,116800,0.347516,0.27,1,219400,218968,432
46296281,9.26219,4.71105,438,116800,0.357503,0.31,1,219408,218970,438
46299201,3.45244,2.54221,438,116800,0.351501,0.33,1,219410,218972,438
46302121,7.09049,7.70844,437,116800,0.3263,0.21,1,219418,218981,437
46305041,13.4181,15.9417,434,116800,0.35326,0.28,1,219433,218999,434
46307961,17.0836,17.5883,434,116800,0.318652,0.21,1,219451,219017,434
46310881,9.01672,8.31767,435,116800,0.35173,0.19,1,219458,219023,435
46313801,13.8033,16.0635,432,116800,0.374346,0.17,1,219473,219041,432
46316721,10.7607,10.4127,433,116800,0.354869,0.24,1,219483,219050,433
46319641,16.5521,13.2825,437,116800,0.366974,0.27,1,219501,219064,437
46322561,16.1104,18.6565,433,116800,0.297395,0.27,1,219517,219084,433
46325481,4.82209,5.3313,433,116800,0.291479,0.31,1,219519,219086,433
46328401,20.9644,17.8663,437,116800,0.306296,0.27,1,219544,219107,437
46331321,5.79288,5.17325,437,116800,0.397259,0.23,1,219546,219109,437
46334241,4.35858,4.23465,437,116800,0.351452,0.23,1,219550,219113,437
46337161,20.8717,26.4469,430,116800,0.37429,0.2,1,219575,219145,430
46340081,16.1743,11.6894,437,116800,0.370858,0.27,1,219590,219153,437
46343001,12.8349,13.5379,435,116800,0.386172,0.34,1,219602,219167,435
46345921,5.76697,4.30758,437,116800,0.365234,0.3,1,219606,219169,437
46348841,2.75339,2.46152,437,116800,0.329047,0.3,1,219608,219171,437
46351761,5.35068,8.4923,433,116800,0.377809,0.3,1,219614,219181,433
46354681,2.67014,3.29846,433,116800,0.355562,0.26,1,219616,219183,433
46357601,3.73403,2.25969,435,116800,0.351112,0.26,1,219620,219185,435
46360521,8.74681,7.65194,436,116800,0.382222,0.19,1,219630,219194,436
46363441,16.1494,17.5304,434,116800,0.324445,0.3,1,219648,219214,434
46366361,4.82987,5.10608,434,116800,0.280889,0.25,1,219650,219216,434
46369281,12.166,9.02122,438,116800,0.352178,0.21,1,219664,219226,438
46372201,4.03319,5.00424,436,116800,0.334436,0.32,1,219666,219230,436
46375121,37.6066,38.6009,435,116800,0.370887,0.28,1,219712,219277,435
46378041,12.3213,9.32017,439,116800,0.346177,0.27,1,219718,219279,439
46380961,7.26427,9.06403,436,116800,0.357235,0.32,1,219724,219288,436
46383881,9.45285,8.21281,438,116800,0.335447,0.28,1,219734,219296,438
46386801,3.49057,3.24256,438,116800,0.411089,0.34,1,219736,219298,438
46389721,3.89811,7.84851,433,116800,0.378218,0.28,1,219740,219307,433
46392641,20.7796,20.7697,434,116800,0.379644,0.31,1,219765,219331,434
46395561,7.35592,5.75394,436,116800,0.355929,0.37,1,219769,219333,436
46398481,24.6712,20.3508,441,116800,0.343186,0.36,1,219798,219357,441
46401401,6.53424,8.87016,437,116800,0.348637,0.42,1,219800,219363,437
46404321,14.1068,13.774,438,116800,0.317727,0.37,1,219816,219378,438
46407241,10.8214,7.55481,442,116800,0.319545,0.34,1,219826,219384,442
46410161,13.3643,14.311,440,116800,0.383909,0.36,1,219840,219400,440
46413081,8.27285,9.26219,439,116800,0.364782,0.35,1,219847,219408,439
46416001,6.45457,3.45244,443,116800,0.384956,0.32,1,219853,219410,443
46418921,2.89091,7.09049,437,116800,0.356991,0.36,1,219855,219418,437
46421841,15.7782,13.4181,441,116800,0.319398,0.31,1,219874,219433,441
46424761,14.3556,17.0836,437,116800,0.37588,0.36,1,219888,219451,437
46427681,9.27113,9.01672,438,116800,0.339176,0.38,1,219896,219458,438
46430601,15.4542,13.8033,440,116800,0.355835,0.35,1,219913,219473,440
46433521,9.49085,10.7607,438,116800,0.399167,0.37,1,219921,219483,438
46436441,16.2982,16.5521,438,116800,0.351833,0.28,1,219939,219501,438
46439361,16.8596,16.1104,439,116800,0.382367,0.29,1,219956,219517,439
46442281,8.17193,4.82209,443,116800,0.380473,0.31,1,219962,219519,443
46445201,21.6344,20.9644,443,116800,0.284095,0.42,1,219987,219544,443
46448121,5.92688,5.79288,443,116800,0.232819,0.34,1,219989,219546,443
46451041,4.38538,4.35858,443,116800,0.358564,0.38,1,219993,219550,443
46453961,21.6771,20.8717,444,116800,0.351713,0.37,1,220019,219575,444
46456881,14.7354,16.1743,442,116800,0.406343,0.39,1,220032,219590,442
46459801,11.7471,12.8349,441,116800,0.273269,0.36,1,220043,219602,441
46462721,3.94942,5.76697,439,116800,0.246654,0.32,1,220045,219606,439
46465641,2.38988,2.75339,439,116800,0.217331,0.39,1,220047,219608,439
46468561,3.67798,5.35068,437,116800,0.299466,0.35,1,220051,219614,437
46471481,6.3356,2.67014,442,116800,0.299893,0.35,1,220058,219616,442
46474401,2.86712,3.73403,440,116800,0.355979,0.39,1,220060,219620,440
46477321,5.37342,8.74681,436,116800,0.303196,0.31,1,220066,219630,436
46480241,12.2747,16.1494,432,116800,0.252639,0.27,1,220080,219648,432
46483161,12.8549,4.82987,443,116800,0.322528,0.37,1,220093,219650,443
46486081,7.37099,12.166,435,116800,0.344506,0.33,1,220099,219664,435
46489001,4.6742,4.03319,437,116800,0.388901,0.38,1,220103,219666,437
46491921,40.1348,37.6066,440,116800,0.41378,0.34,1,220152,219712,440
46494841,9.62697,12.3213,436,116800,0.386756,0.36,1,220154,219718,436
46497761,10.7254,7.26427,441,116800,0.397351,0.33,1,220165,219724,441
46500681,10.9451,9.45285,442,116800,0.29547,0.43,1,220176,219734,442
46503601,3.78902,3.49057,442,116800,0.379094,0.37,1,220178,219736,442
46506521,3.9578,3.89811,442,116800,0.371819,0.38,1,220182,219740,442
46509441,16.7916,20.7796,437,116800,0.338364,0.35,1,220202,219765,437
46512361,5.75831,7.35592,436,116800,0.371673,0.34,1,220205,219769,436
46515281,29.9517,24.6712,443,116800,0.394335,0.35,1,220241,219798,443
46518201,7.59033,6.53424,443,116800,0.366867,0.31,1,220243,219800,443
46521121,11.1181,14.1068,439,116800,0.409373,0.32,1,220255,219816,439
46524041,11.8236,10.8214,441,116800,0.281875,0.4,1,220267,219826,441
46526961,13.5647,13.3643,441,116800,0.344375,0.36,1,220281,219840,441
46529881,5.91294,8.27285,438,116800,0.380875,0.39,1,220285,219847,438
46532801,8.38259,6.45457,441,116800,0.292175,0.35,1,220294,219853,441
46535721,3.27652,2.89091,441,116800,0.282435,0.31,1,220296,219855,441
46538641,15.8553,15.7782,441,116800,0.360487,0.39,1,220315,219874,441
46541561,13.5711,14.3556,440,116800,0.264097,0.33,1,220328,219888,440
46544481,7.51421,9.27113,438,116800,0.332819,0.36,1,220334,219896,438
46547401,17.5028,15.4542,441,116800,0.298564,0.41,1,220354,219913,441
46550321,9.90057,9.49085,441,116800,0.259713,0.34,1,220362,219921,441
46553241,17.9801,16.2982,443,116800,0.315943,0.39,1,220382,219939,443
46556161,14.796,16.8596,440,116800,0.359188,0.38,1,220396,219956,440
46559081,4.5592,8.17193,436,116800,0.407838,0.26,1,220398,219962,436
46562001,22.5118,21.6344,438,116800,0.297568,0.22,1,220425,219987,438
46564921,6.10237,5.92688,438,116800,0.315514,0.39,1,220427,219989,438
46567841,7.62047,4.38538,442,116800,0.255103,0.35,1,220435,219993,442
46570761,22.3241,21.6771,442,116800,0.347021,0.42,1,220461,220019,442
46573681,7.66482,14.7354,433,116800,0.325404,0.24,1,220465,220032,433
46576601,11.933,11.7471,435,116800,0.401081,0.24,1,220478,220043,435
46579521,3.98659,3.94942,435,116800,0.384216,0.21,1,220480,220045,435
46582441,2.39732,2.38988,435,116800,0.356843,0.32,1,220482,220047,435
46585361,6.87946,3.67798,439,116800,0.391369,0.3,1,220490,220051,439
46588281,7.77589,6.3356,440,116800,0.342274,0.37,1,220498,220058,440
46591201,3.15518,2.86712,440,116800,0.300455,0.29,1,220500,220060,440
46594121,2.23104,5.37342,436,116800,0.412091,0.24,1,220502,220066,436
46597041,16.4462,12.2747,442,116800,0.410418,0.34,1,220522,220080,442
46599961,15.2892,12.8549,444,116800,0.330084,0.35,1,220537,220093,444
46602881,4.65785,7.37099,440,116800,0.282017,0.4,1,220539,220099,440
46605801,5.73157,4.6742,442,116800,0.320403,0.42,1,220545,220103,442
46608721,39.5463,40.1348,441,116800,0.264081,0.38,1,220593,220152,441
46611641,11.1093,9.62697,443,116800,0.228816,0.4,1,220597,220154,443
46614561,5.42185,10.7254,436,116800,0.149763,0.27,1,220601,220165,436
46617481,11.4844,10.9451,438,116800,0.181953,0.4,1,220614,220176,438
46620401,5.49687,3.78902,440,116800,0.196391,0.37,1,220618,220178,440
46623321,6.69937,3.9578,443,116800,0.279278,0.33,1,220625,220182,443
46626241,17.3399,16.7916,443,116800,0.255856,0.38,1,220645,220202,443
46629161,5.06797,5.75831,442,116800,0.219171,0.4,1,220647,220205,442
46632081,29.8136,29.9517,442,116800,0.211834,0.36,1,220683,220241,442
46635001,9.16272,7.59033,444,116800,0.178367,0.42,1,220687,220243,444
46637921,3.43254,11.1181,434,116800,0.211673,0.25,1,220689,220255,434
46640841,14.2865,11.8236,439,116800,0.242335,0.36,1,220706,220267,439
46643761,12.4573,13.5647,437,116800,0.184467,0.39,1,220718,220281,437
46646681,4.09146,5.91294,435,116800,0.292893,0.27,1,220720,220285,435
46649601,11.2183,8.38259,439,116800,0.242579,0.28,1,220733,220294,439
46652521,3.84366,3.27652,439,116800,0.208516,0.38,1,220735,220296,439
46655441,12.7687,15.8553,435,116800,0.273703,0.24,1,220750,220315,435
46658361,18.5537,13.5711,442,116800,0.182741,0.35,1,220770,220328,442
46661281,5.31075,7.51421,438,116800,0.132548,0.29,1,220772,220334,438
46664201,17.8622,17.5028,439,116800,0.21051,0.25,1,220793,220354,439
46667121,6.77243,9.90057,435,116800,0.170102,0.33,1,220797,220362,435
46670041,20.5545,17.9801,439,116800,0.32202,0.37,1,220821,220382,439
46672961,18.5109,14.796,443,116800,0.304404,0.42,1,220839,220396,443
46675881,5.30218,4.5592,443,116800,0.276881,0.27,1,220841,220398,443
46678801,15.4604,22.5118,434,116800,0.335376,0.32,1,220859,220425,434
46681721,4.69209,6.10237,434,116800,0.347075,0.24,1,220861,220427,434
46684641,8.93842,7.62047,436,116800,0.269415,0.37,1,220871,220435,436
46687561,23.3877,22.3241,437,116800,0.309883,0.32,1,220898,220461,437
46690481,12.6775,7.66482,443,116800,0.341977,0.42,1,220908,220465,443
46693401,12.1355,11.933,442,116800,0.260395,0.38,1,220920,220478,442
46696321,4.0271,3.98659,442,116800,0.244079,0.35,1,220922,220480,442
46699241,2.40542,2.39732,442,116800,0.296816,0.4,1,220924,220482,442
46702161,3.68108,6.87946,438,116800,0.235363,0.33,1,220928,220490,438
46705081,6.33622,7.77589,437,116800,0.279073,0.29,1,220935,220498,437
46708001,2.86724,3.15518,437,116800,0.255815,0.44,1,220937,220500,437
46710921,2.17345,2.23104,437,116800,0.251163,0.41,1,220939,220502,437
46713841,13.2347,16.4462,433,116800,0.250233,0.31,1,220955,220522,433
46716761,18.6469,15.2892,438,116800,0.298047,0.27,1,220975,220537,438
46719681,6.92939,4.65785,440,116800,0.299609,0.33,1,220979,220539,440
46722601,2.98588,5.73157,436,116800,0.275922,0.25,1,220981,220545,436
46725521,38.1972,39.5463,435,116800,0.303184,0.22,1,221028,220593,435
46728441,9.23944,11.1093,433,116800,0.340637,0.13,1,221030,220597,433
46731361,3.44789,5.42185,431,116800,0.324127,0.19,1,221032,220601,431
46734281,15.8896,11.4844,437,116800,0.280825,0.2,1,221051,220614,437
46737201,4.77792,5.49687,435,116800,0.240165,0.3,1,221053,220618,435
46740121,5.75558,6.69937,434,116800,0.216033,0.25,1,221059,220625,434
46743041,17.9511,17.3399,435,116800,0.267207,0.21,1,221080,220645,435
46745961,6.79022,5.06797,437,116800,0.293441,0.21,1,221084,220647,437
46748881,29.358,29.8136,436,116800,0.178688,0.17,1,221119,220683,436
46751801,7.47161,9.16272,434,116800,0.243738,0.22,1,221121,220687,434
46754721,3.09432,3.43254,434,116800,0.224748,0.25,1,221123,220689,434
46757641,11.8189,14.2865,431,116800,0.27695,0.17,1,221137,220706,431
46760561,15.1638,12.4573,435,116800,0.27939,0.32,1,221153,220718,435
46763481,4.63275,4.09146,435,116800,0.247878,0.23,1,221155,220720,435
46766401,6.52655,11.2183,429,116800,0.249576,0.2,1,221162,220733,429
46769321,2.90531,3.84366,429,116800,0.249915,0.29,1,221164,220735,429
46772241,14.1811,12.7687,431,116800,0.201983,0.16,1,221181,220750,431
46775161,23.6362,18.5537,437,116800,0.192397,0.12,1,221207,220770,437
46778081,6.32724,5.31075,437,116800,0.286479,0.23,1,221209,220772,437
46781001,14.0654,17.8622,432,116800,0.265296,0.16,1,221225,220793,432
46783921,11.6131,6.77243,439,116800,0.293059,0.36,1,221236,220797,439
46786841,19.1226,20.5545,436,116800,0.226612,0.3,1,221257,220821,436
46789761,20.6245,18.5109,439,116800,0.253322,0.27,1,221278,220839,439
46792681,5.7249,5.30218,439,116800,0.226664,0.35,1,221280,220841,439
46795601,12.345,15.4604,435,116800,0.277333,0.35,1,221294,220859,435
46798521,4.069,4.69209,435,116800,0.287467,0.25,1,221296,220861,435
46801441,11.2138,8.93842,438,116800,0.201493,0.32,1,221309,220871,438
46804361,24.6428,23.3877,439,116800,0.272299,0.35,1,221337,220898,439
46807281,8.12855,12.6775,433,116800,0.25446,0.24,1,221341,220908,433
46810201,13.6257,12.1355,436,116800,0.210892,0.24,1,221356,220920,436
46813121,4.32514,4.0271,436,116800,0.170178,0.31,1,221358,220922,436
46816041,2.46503,2.40542,436,116800,0.194036,0.22,1,221360,220924,436
46818961,2.09301,3.68108,434,116800,0.166807,0.29,1,221362,220928,434
46821881,5.2186,6.33622,433,116800,0.0973614,0.25,1,221368,220935,433
46824801,2.64372,2.86724,433,116800,0.171472,0.25,1,221370,220937,433
46827721,3.72874,2.17345,435,116800,0.250294,0.25,1,221374,220939,435
46830641,13.5457,13.2347,435,116800,0.194059,0.31,1,221390,220955,435
46833561,17.1092,18.6469,433,116800,0.134812,0.3,1,221408,220975,433
46836481,10.6218,6.92939,438,116800,0.0669624,0.27,1,221417,220979,438
46839401,5.32437,2.98588,440,116800,0.0933925,0.31,1,221421,220981,440
46842321,32.2649,38.1972,432,116800,0.178678,0.35,1,221460,221028,432
46845241,8.05297,9.23944,432,116800,0.187736,0.32,1,221462,221030,432
46848161,3.21059,3.44789,432,116800,0.165547,0.27,1,221464,221032,432
46851081,15.8421,15.8896,432,116800,0.249109,0.23,1,221483,221051,432
46854001,10.3684,4.77792,439,116800,0.161822,0.21,1,221492,221053,439
46856921,6.87368,5.75558,439,116800,0.152364,0.28,1,221498,221059,439
46859841,10.9747,17.9511,430,116800,0.182473,0.3,1,221510,221080,430
46862761,9.39495,6.79022,435,116800,0.212495,0.15,1,221519,221084,435
46865681,29.079,29.358,434,116800,0.226499,0.26,1,221553,221119,434
46868601,9.0158,7.47161,436,116800,0.1653,0.22,1,221557,221121,436
46871521,3.40316,3.09432,436,116800,0.24106,0.29,1,221559,221123,436
46874441,7.08063,11.8189,430,116800,0.232212,0.28,1,221567,221137,430
46877361,17.4161,15.1638,434,116800,0.270442,0.24,1,221587,221153,434
46880281,8.28323,4.63275,438,116800,0.294088,0.25,1,221593,221155,438
46883201,3.25664,6.52655,433,116800,0.298818,0.25,1,221595,221162,433
46886121,2.25133,2.90531,433,116800,0.267764,0.19,1,221597,221164,433
46889041,15.6503,14.1811,435,116800,0.261553,0.19,1,221616,221181,435
46891961,21.5301,23.6362,432,116800,0.260311,0.31,1,221639,221207,432
46894881,10.706,6.32724,438,116800,0.196062,0.26,1,221647,221209,438
46897801,12.5412,14.0654,435,116800,0.263212,0.3,1,221660,221225,435
46900721,8.90824,11.6131,432,116800,0.260642,0.21,1,221668,221236,432
46903641,15.3816,19.1226,428,116800,0.244128,0.26,1,221685,221257,428
46906561,25.4763,20.6245,435,116800,0.304826,0.22,1,221713,221278,435
46909481,6.69527,5.7249,435,116800,0.292965,0.29,1,221715,221280,435
46912401,10.1391,12.345,432,116800,0.274593,0.29,1,221726,221294,432
46915321,3.62781,4.069,432,116800,0.278919,0.18,1,221728,221296,432
46918241,11.9256,11.2138,433,116800,0.295784,0.29,1,221742,221309,433
46921161,24.7851,24.6428,433,116800,0.259157,0.25,1,221770,221337,433
46924081,8.15702,8.12855,433,116800,0.259831,0.2,1,221774,221341,433
46927001,8.0314,13.6257,426,116800,0.291966,0.16,1,221782,221356,426
46929921,3.20628,4.32514,426,116800,0.298393,0.2,1,221784,221358,426
46932841,8.64126,2.46503,434,116800,0.291679,0.16,1,221794,221360,434
46935761,4.92825,2.09301,436,116800,0.338336,0.08,1,221798,221362,436
46938681,2.58565,5.2186,432,116800,0.315667,0.19,1,221800,221368,432
46941601,2.11713,2.64372,432,116800,0.279133,0.27,1,221802,221370,432
46944521,5.22343,3.72874,434,116800,0.359827,0.18,1,221808,221374,434
46947441,13.8447,13.5457,434,116800,0.351965,0.12,1,221824,221390,434
46950361,12.3689,17.1092,428,116800,0.334393,0.05,1,221836,221408,428
46953281,15.2738,10.6218,435,116800,0.266879,0.1,1,221852,221417,435
46956201,4.65476,5.32437,433,116800,0.261376,0.2,1,221854,221421,433
46959121,32.131,32.2649,433,116800,0.356275,0.19,1,221893,221460,433
46962041,8.02619,8.05297,433,116800,0.375255,0.16,1,221895,221462,433
46964961,6.40524,3.21059,437,116800,0.315051,0.27,1,221901,221464,437
46967881,13.281,15.8421,433,116800,0.27901,0.14,1,221916,221483,433
46970801,12.2562,10.3684,436,116800,0.327802,0.15,1,221928,221492,436
46973721,4.05124,6.87368,432,116800,0.30556,0.19,1,221930,221498,432
46976641,10.4102,10.9747,432,116800,0.357112,0.22,1,221942,221510,432
46979561,9.28205,9.39495,432,116800,0.303422,0.23,1,221951,221519,432
46982481,31.4564,29.079,435,116800,0.316684,0.15,1,221988,221553,435
46985401,7.89128,9.0158,433,116800,0.279337,0.26,1,221990,221557,433
46988321,3.17826,3.40316,433,116800,0.295867,0.23,1,221992,221559,433
46991241,10.2357,7.08063,437,116800,0.379173,0.28,1,222004,221567,437
46994161,16.4471,17.4161,435,116800,0.291835,0.3,1,222022,221587,435
46997081,8.08943,8.28323,435,116800,0.266367,0.3,1,222028,221593,435
47000001,4.81789,3.25664,437,116800,0.349273,0.26,1,222032,221595,437
47002921,4.16358,2.25133,439,116800,0.325855,0.26,1,222036,221597,439
47005841,14.4327,15.6503,437,116800,0.281171,0.26,1,222053,221616,437
47008761,15.6865,21.5301,430,116800,0.312234,0.18,1,222069,221639,430
47011681,14.3373,10.706,436,116800,0.318447,0.28,1,222083,221647,436
47014601,12.4675,12.5412,435,116800,0.271689,0.26,1,222095,221660,435
47017521,9.69349,8.90824,436,116800,0.254338,0.24,1,222104,221668,436
47020441,15.5387,15.3816,436,116800,0.298868,0.32,1,222121,221685,436
47023361,24.7077,25.4763,435,116800,0.299774,0.29,1,222148,221713,435
47026281,6.54155,6.69527,435,116800,0.299955,0.27,1,222150,221715,435
47029201,13.3083,10.1391,439,116800,0.403991,0.28,1,222165,221726,439
47032121,4.26166,3.62781,439,116800,0.392798,0.3,1,222167,221728,439
47035041,10.4523,11.9256,437,116800,0.39056,0.25,1,222179,221742,437
47037961,24.4905,24.7851,437,116800,0.358112,0.26,1,222207,221770,437
47040881,8.09809,8.15702,437,116800,0.319622,0.3,1,222211,221774,437
47043801,8.01962,8.0314,437,116800,0.279924,0.3,1,222219,221782,437
47046721,3.20392,3.20628,437,116800,0.343985,0.29,1,222221,221784,437
47049641,5.44078,8.64126,433,116800,0.300797,0.35,1,222227,221794,433
47052561,10.6882,4.92825,441,116800,0.292159,0.31,1,222239,221798,441
47055481,3.73763,2.58565,441,116800,0.306432,0.27,1,222241,221800,441
47058401,2.34753,2.11713,441,116800,0.277286,0.38,1,222243,221802,441
47060001,2.86951,5.22343,438,116800,0.223457,0.35,1,222246,221808,438
47062921,13.3739,13.8447,438,116800,0.260691,0.33,1,222262,221824,438
47065841,9.87478,12.3689,435,116800,0.308138,0.25,1,222271,221836,435
47068761,14.775,15.2738,435,116800,0.213628,0.26,1,222287,221852,435
47071681,6.15499,4.65476,437,116800,0.282726,0.38,1,222291,221854,437
47074601,30.831,32.131,435,116800,0.232545,0.38,1,222328,221893,435
47077521,9.3662,8.02619,437,116800,0.166509,0.3,1,222332,221895,437
47080441,6.67324,6.40524,437,116800,0.305302,0.27,1,222338,221901,437
47083361,9.33465,13.281,432,116800,0.36506,0.34,1,222348,221916,432
47086281,14.6669,12.2562,436,116800,0.321012,0.3,1,222364,221928,436
47089201,4.53339,4.05124,436,116800,0.280202,0.37,1,222366,221930,436
47092121,15.3067,10.4102,442,116800,0.27204,0.29,1,222384,221942,442
47095041,9.46134,9.28205,441,116800,0.342408,0.32,1,222392,221951,441
47097961,23.4923,31.4564,431,116800,0.380482,0.27,1,222419,221988,431
47100881,6.29845,7.89128,431,116800,0.388096,0.3,1,222421,221990,431
47103801,10.0597,3.17826,440,116800,0.365619,0.4,1,222432,221992,440
47106721,11.6119,10.2357,440,116800,0.369124,0.27,1,222444,222004,440
47109641,17.5224,16.4471,441,116800,0.257825,0.26,1,222463,222022,441
47112561,5.10448,8.08943,437,116800,0.235565,0.37,1,222465,222028,437
47115481,2.6209,4.81789,435,116800,0.231113,0.32,1,222467,222032,435
47118401,6.92418,4.16358,439,116800,0.262223,0.27,1,222475,222036,439
47121321,14.9848,14.4327,439,116800,0.228445,0.32,1,222492,222053,439
47124241,13.397,15.6865,436,116800,0.341689,0.32,1,222505,222069,436
47127161,13.8794,14.3373,436,116800,0.220338,0.26,1,222519,222083,436
47130081,10.7759,12.4675,434,116800,0.220068,0.25,1,222529,222095,434
47133001,15.7552,9.69349,442,116800,0.212014,0.31,1,222546,222104,442
47135921,13.551,15.5387,438,116800,0.210403,0.3,1,222559,222121,438
47138841,25.9102,24.7077,440,116800,0.194081,0.3,1,222588,222148,440
47141761,6.78204,6.54155,440,116800,0.278816,0.43,1,222590,222150,440
47144681,14.1564,13.3083,441,116800,0.271763,0.39,1,222606,222165,441
47147601,4.43128,4.26166,441,116800,0.286353,0.39,1,222608,222167,441
47150521,7.28626,10.4523,437,116800,0.297271,0.35,1,222616,222179,437
47153441,23.0573,24.4905,436,116800,0.227454,0.31,1,222643,222207,436
47156361,11.0115,8.09809,440,116800,0.245491,0.27,1,222651,222211,440
47159281,5.40229,8.01962,436,116800,0.297098,0.36,1,222655,222219,436
47162201,2.68046,3.20392,436,116800,0.30742,0.29,1,222657,222221,436
47165121,5.33609,5.44078,436,116800,0.325484,0.29,1,222663,222227,436
47168041,7.46722,10.6882,432,116800,0.289097,0.31,1,222671,222239,432
47170961,6.29344,3.73763,436,116800,0.273819,0.27,1,222677,222241,436
47173881,2.85869,2.34753,436,116800,0.238764,0.21,1,222679,222243,436
47176801,2.17174,2.86951,435,116800,0.207753,0.27,1,222681,222246,435
47179721,15.6343,13.3739,438,116800,0.185551,0.32,1,222700,222262,438
47182641,7.92687,9.87478,435,116800,0.23711,0.19,1,222706,222271,435
47185561,14.3854,14.775,435,116800,0.247422,0.3,1,222722,222287,435
47188481,9.27707,6.15499,439,116800,0.201484,0.22,1,222730,222291,439
47191401,31.4554,30.831,439,116800,0.192297,0.15,1,222767,222328,439
47194321,7.89108,9.3662,437,116800,0.222459,0.34,1,222769,222332,437
47197241,10.3782,6.67324,442,116800,0.196492,0.38,1,222780,222338,442
47200161,6.87564,9.33465,438,116800,0.223298,0.31,1,222786,222348,438
47203081,14.1751,14.6669,438,116800,0.21266,0.27,1,222802,222364,438
47206001,4.43503,4.53339,438,116800,0.178532,0.27,1,222804,222366,438
47208921,14.487,15.3067,437,116800,0.219706,0.36,1,222821,222384,437
47211841,4.4974,9.46134,431,116800,0.259941,0.39,1,222823,222392,431
47214761,27.2995,23.4923,437,116800,0.251988,0.39,1,222856,222419,437
47217681,8.6599,6.29845,439,116800,0.258398,0.36,1,222860,222421,439
47220601,4.93198,10.0597,432,116800,0.23568,0.37,1,222864,222432,432
47223521,12.9864,11.6119,435,116800,0.239136,0.23,1,222879,222444,435
47226441,17.7973,17.5224,435,116800,0.263827,0.23,1,222898,222463,435
47229361,5.15946,5.10448,435,116800,0.324765,0.23,1,222900,222465,435
47232281,4.23189,2.6209,437,116800,0.264953,0.27,1,222904,222467,437
47235201,5.64638,6.92418,435,116800,0.196991,0.22,1,222910,222475,435
47238121,18.7293,14.9848,440,116800,0.175398,0.37,1,222932,222492,440
47241041,8.54586,13.397,433,116800,0.17108,0.19,1,222938,222505,433
47243961,12.9092,13.8794,433,116800,0.266216,0.22,1,222952,222519,433
47246881,10.5818,10.7759,433,116800,0.245243,0.21,1,222962,222529,433
47249801,16.5164,15.7552,434,116800,0.241049,0.21,1,222980,222546,434
47252721,9.70327,13.551,429,116800,0.23221,0.19,1,222988,222559,429
47255641,27.5407,25.9102,432,116800,0.230442,0.3,1,223020,222588,432
47258561,11.9081,6.78204,438,116800,0.198088,0.27,1,223028,222590,438
47261481,14.3816,14.1564,437,116800,0.167618,0.29,1,223043,222606,437
47264401,4.47633,4.43128,437,116800,0.233524,0.3,1,223045,222608,437
47267321,2.49526,7.28626,431,116800,0.222705,0.21,1,223047,222616,431
47270241,23.6991,23.0573,433,116800,0.188541,0.25,1,223076,222643,433
47273161,11.1398,11.0115,433,116800,0.173708,0.31,1,223084,222651,433
47276081,9.42796,5.40229,438,116800,0.218742,0.31,1,223093,222655,438
47279001,3.48559,2.68046,438,116800,0.227748,0.33,1,223095,222657,438
47281921,3.89712,5.33609,436,116800,0.20555,0.28,1,223099,222663,436
47284841,5.57942,7.46722,434,116800,0.27311,0.27,1,223105,222671,434
47287761,4.31588,6.29344,432,116800,0.254622,0.23,1,223109,222677,432
47290681,2.46318,2.85869,432,116800,0.250924,0.2,1,223111,222679,432
47293601,6.89264,2.17174,438,116800,0.154185,0.18,1,223119,222681,438
47296521,10.9785,15.6343,431,116800,0.246837,0.25,1,223131,222700,431
47299441,9.39571,7.92687,434,116800,0.145367,0.25,1,223140,222706,434
47302361,14.6791,14.3854,434,116800,0.181073,0.19,1,223156,222722,434
47305281,6.13583,9.27707,430,116800,0.116215,0.19,1,223160,222730,430
47308201,27.6272,31.4554,426,116800,0.175243,0.23,1,223193,222767,426
47311121,10.3254,7.89108,430,116800,0.131049,0.19,1,223199,222769,430
47314041,9.26509,10.3782,428,116800,0.14621,0.23,1,223208,222780,428
47316961,10.653,6.87564,433,116800,0.133242,0.21,1,223219,222786,433
47319881,14.1306,14.1751,432,116800,0.226648,0.17,1,223234,222802,432
47322801,4.42612,4.43503,432,116800,0.26933,0.23,1,223236,222804,432
47325721,16.0852,14.487,434,116800,0.189866,0.27,1,223255,222821,434
47328641,6.41704,4.4974,436,116800,0.237973,0.25,1,223259,222823,436
47331561,23.6834,27.2995,431,116800,0.247595,0.26,1,223287,222856,431
47334481,10.3367,8.6599,434,116800,0.169519,0.23,1,223294,222860,434
47337401,5.26734,4.93198,434,116800,0.281904,0.24,1,223298,222864,434
47340321,16.2535,12.9864,438,116800,0.256381,0.27,1,223317,222879,438
47343241,12.8507,17.7973,431,116800,0.171276,0.34,1,223329,222898,431
47346161,5.77014,5.15946,433,116800,0.242255,0.25,1,223333,222900,433
47349081,6.75403,4.23189,436,116800,0.216451,0.18,1,223340,222904,436
47352001,2.95081,5.64638,432,116800,0.23529,0.17,1,223342,222910,432
47354921,17.3902,18.7293,431,116800,0.167058,0.17,1,223363,222932,431
47357841,13.878,8.54586,438,116800,0.177412,0.29,1,223376,222938,438
47360761,11.5756,12.9092,435,116800,0.235482,0.24,1,223387,222952,435
47363681,8.71512,10.5818,433,116800,0.247096,0.24,1,223395,222962,433
47366601,14.543,16.5164,431,116800,0.233419,0.23,1,223411,222980,431
47369521,12.5086,9.70327,435,116800,0.270684,0.23,1,223423,222988,435
47372441,23.3017,27.5407,429,116800,0.206137,0.19,1,223449,223020,429
47375361,11.0603,11.9081,429,116800,0.265227,0.16,1,223457,223028,429
47378281,14.2121,14.3816,429,116800,0.349045,0.25,1,223472,223043,429
47381201,4.44241,4.47633,429,116800,0.333809,0.22,1,223474,223045,429
47384121,2.48848,2.49526,429,116800,0.306762,0.18,1,223476,223047,429
47387041,28.4977,23.6991,435,116800,0.325352,0.17,1,223511,223076,435
47389961,10.4995,11.1398,433,116800,0.35307,0.23,1,223517,223084,433
47392881,11.6999,9.42796,436,116800,0.334614,0.23,1,223529,223093,436
47395801,3.93998,3.48559,436,116800,0.298923,0.2,1,223531,223095,436
47398721,2.388,3.89712,434,116800,0.259785,0.29,1,223533,223099,434
47401641,2.0776,5.57942,430,116800,0.323957,0.25,1,223535,223105,430
47404561,3.61552,4.31588,430,116800,0.304791,0.25,1,223539,223109,430
47407481,6.3231,2.46318,435,116800,0.396958,0.13,1,223546,223111,435
47410401,7.66462,6.89264,435,116800,0.359392,0.27,1,223554,223119,435
47413321,4.73292,10.9785,427,116800,0.327878,0.12,1,223558,223131,427
47416241,11.3466,9.39571,431,116800,0.353576,0.19,1,223571,223140,431
47419161,14.2693,14.6791,430,116800,0.342715,0.1,1,223586,223156,430
47422081,8.45386,6.13583,433,116800,0.316543,0.19,1,223593,223160,433
47425001,24.0908,27.6272,428,116800,0.295309,0.12,1,223621,223193,428
47427921,10.4182,10.3254,429,116800,0.379062,0.15,1,223628,223199,429
47430841,6.88363,9.26509,426,116800,0.379812,0.13,1,223634,223208,426
47433761,18.1767,10.653,436,116800,0.307962,0.25,1,223655,223219,436
47436681,13.2353,14.1306,433,116800,0.333593,0.28,1,223667,223234,433
47439601,5.84707,4.42612,435,116800,0.306718,0.17,1,223671,223236,435
47442521,11.5694,16.0852,429,116800,0.285344,0.25,1,223684,223255,429
47445441,8.71388,6.41704,433,116800,0.313069,0.25,1,223692,223259,433
47448361,26.5428,23.6834,436,116800,0.374614,0.15,1,223723,223287,436
47451281,8.50856,10.3367,433,116800,0.354923,0.31,1,223727,223294,433
47454201,6.50171,5.26734,435,116800,0.334985,0.25,1,223733,223298,435
47457121,12.5003,16.2535,430,116800,0.306997,0.15,1,223747,223317,430
47460041,13.7001,12.8507,432,116800,0.301399,0.26,1,223761,223329,432
47462961,7.54001,5.77014,434,116800,0.24428,0.21,1,223767,223333,434
47465881,7.908,6.75403,435,116800,0.264856,0.24,1,223775,223340,435
47468801,4.7816,2.95081,437,116800,0.244971,0.15,1,223779,223342,437
47471721,14.5563,17.3902,433,116800,0.272994,0.18,1,223796,223363,433
47474641,14.1113,13.878,434,116800,0.254599,0.25,1,223810,223376,434
47477561,11.6223,11.5756,434,116800,0.24292,0.25,1,223821,223387,434
47480481,7.12445,8.71512,432,116800,0.248584,0.23,1,223827,223395,432
47483401,18.2249,14.543,437,116800,0.273717,0.28,1,223848,223411,437
47486321,14.045,12.5086,438,116800,0.206743,0.19,1,223861,223423,438
47489241,20.409,23.3017,434,116800,0.185349,0.28,1,223883,223449,434
47492161,15.2818,11.0603,440,116800,0.24507,0.37,1,223897,223457,440
47495081,15.0564,14.2121,440,116800,0.289014,0.33,1,223912,223472,440
47498001,4.61127,4.44241,440,116800,0.297803,0.3,1,223914,223474,440
47500921,2.52225,2.48848,440,116800,0.267561,0.33,1,223916,223476,440
47503841,26.1045,28.4977,437,116800,0.245512,0.36,1,223948,223511,437
47506761,11.6209,10.4995,439,116800,0.177102,0.33,1,223956,223517,439
47509681,10.3242,11.6999,437,116800,0.25942,0.29,1,223966,223529,437
47512601,3.66484,3.93998,437,116800,0.275884,0.25,1,223968,223531,437
47515521,5.53297,2.388,441,116800,0.247177,0.34,1,223974,223533,441
47518441,2.70659,2.0776,441,116800,0.217435,0.3,1,223976,223535,441
47520721,2.14132,3.61552,439,116800,0.211487,0.42,1,223978,223539,439
47523641,5.22826,6.3231,438,116800,0.226297,0.35,1,223984,223546,438
47526561,7.44565,7.66462,438,116800,0.261259,0.32,1,223992,223554,438
47529481,7.88913,4.73292,442,116800,0.252252,0.36,1,224000,223558,442
47532401,4.77783,11.3466,433,116800,0.22645,0.34,1,224004,223571,433
47535321,18.5556,14.2693,440,116800,0.21329,0.31,1,224026,223586,440
47538241,5.31111,8.45386,435,116800,0.186658,0.29,1,224028,223593,435
47541161,26.6622,24.0908,439,116800,0.229332,0.4,1,224060,223621,439
47544081,10.1324,10.4182,438,116800,0.261866,0.38,1,224066,223628,438
47547001,3.62649,6.88363,434,116800,0.276373,0.29,1,224068,223634,434
47549921,21.5253,18.1767,439,116800,0.279275,0.34,1,224094,223655,439
47552841,11.5051,13.2353,436,116800,0.175855,0.3,1,224103,223667,436
47555761,5.50101,5.84707,436,116800,0.331171,0.28,1,224107,223671,436
47558681,13.9002,11.5694,439,116800,0.338234,0.32,1,224123,223684,439
47561601,5.98004,8.71388,435,116800,0.307647,0.39,1,224127,223692,435
47564521,28.396,26.5428,438,116800,0.301529,0.35,1,224161,223723,438
47567441,7.2792,8.50856,436,116800,0.308306,0.33,1,224163,223727,436
47570361,7.05584,6.50171,437,116800,0.349661,0.3,1,224170,223733,437
47573281,10.2112,12.5003,434,116800,0.317932,0.3,1,224181,223747,434
47576201,16.4422,13.7001,438,116800,0.199586,0.23,1,224199,223761,438
47579121,4.88845,7.54001,434,116800,0.231917,0.27,1,224201,223767,434
47582041,10.5777,7.908,438,116800,0.262383,0.24,1,224213,223775,438
47584961,3.71554,4.7816,436,116800,0.324477,0.28,1,224215,223779,436
47587881,12.7431,14.5563,434,116800,0.320895,0.25,1,224230,223796,434
47590801,12.9486,14.1113,433,116800,0.256179,0.24,1,224243,223810,433
47593721,12.1897,11.6223,434,116800,0.283236,0.25,1,224255,223821,434
47596641,10.4379,7.12445,438,116800,0.296647,0.28,1,224265,223827,438
47599561,12.4876,18.2249,430,116800,0.267329,0.19,1,224278,223848,430
47602481,12.0975,14.045,429,116800,0.317466,0.18,1,224290,223861,429
47605401,25.6195,20.409,436,116800,0.231493,0.26,1,224319,223883,436
47608321,12.3239,15.2818,431,116800,0.302299,0.3,1,224328,223897,431
47611241,13.6648,15.0564,430,116800,0.31646,0.3,1,224342,223912,430
47614161,4.33296,4.61127,430,116800,0.295292,0.26,1,224344,223914,430
47617081,2.46659,2.52225,430,116800,0.291058,0.24,1,224346,223916,430
47620001,25.2933,26.1045,429,116800,0.306212,0.16,1,224377,223948,429
47622921,17.8587,11.6209,437,116800,0.269242,0.28,1,224393,223956,437
47625841,8.37173,10.3242,433,116800,0.253848,0.28,1,224399,223966,433
47628761,3.27435,3.66484,433,116800,0.25077,0.24,1,224401,223968,433
47631681,6.25487,5.53297,434,116800,0.250154,0.21,1,224408,223974,434
47634601,2.85097,2.70659,434,116800,0.306031,0.21,1,224410,223976,434
47637521,3.77019,2.14132,436,116800,0.317206,0.23,1,224414,223978,436
47640441,3.95404,5.22826,434,116800,0.255441,0.27,1,224418,223984,434
47643361,6.39081,7.44565,433,116800,0.243088,0.25,1,224425,223992,433
47646281,6.07816,7.88913,431,116800,0.296618,0.22,1,224431,224000,431
47649201,9.21563,4.77783,437,116800,0.363324,0.21,1,224441,224004,437
47652121,17.8431,18.5556,435,116800,0.320665,0.18,1,224461,224026,435
47655041,5.16863,5.31111,435,116800,0.280133,0.24,1,224463,224028,435
47657961,29.8337,26.6622,439,116800,0.304027,0.27,1,224499,224060,439
47660881,7.56674,10.1324,435,116800,0.276805,0.28,1,224501,224066,435
47663801,3.11335,3.62649,435,116800,0.247361,0.28,1,224503,224068,435
47666721,15.8227,21.5253,428,116800,0.297472,0.15,1,224522,224094,428
47669641,15.1645,11.5051,434,116800,0.259494,0.37,1,224537,224103,434
47672561,9.43291,5.50101,438,116800,0.275899,0.34,1,224545,224107,438
47675481,11.4866,13.9002,434,116800,0.29518,0.3,1,224557,224123,434
47678401,8.69732,5.98004,438,116800,0.243036,0.3,1,224565,224127,438
47681321,28.9395,28.396,438,116800,0.280607,0.31,1,224599,224161,438
47684241,8.98789,7.2792,440,116800,0.320121,0.36,1,224603,224163,440
47687161,3.39758,7.05584,435,116800,0.296024,0.31,1,224605,224170,435
47690081,10.2795,10.2112,436,116800,0.323205,0.17,1,224617,224181,436
47693001,16.4559,16.4422,436,116800,0.288641,0.24,1,224635,224199,436
47695921,4.89118,4.88845,436,116800,0.249728,0.27,1,224637,224201,436
47698841,10.5782,10.5777,436,116800,0.329946,0.34,1,224649,224213,436
47701761,3.71565,3.71554,436,116800,0.313989,0.32,1,224651,224215,436
47704681,8.74313,12.7431,431,116800,0.270798,0.24,1,224661,224230,431
47707601,16.9486,12.9486,437,116800,0.26216,0.29,1,224680,224243,437
47710521,12.9897,12.1897,437,116800,0.268432,0.3,1,224692,224255,437
47713441,10.5979,10.4379,437,116800,0.229686,0.26,1,224702,224265,437
47716361,14.1196,12.4876,439,116800,0.269937,0.33,1,224717,224278,439
47719281,11.6239,12.0975,438,116800,0.277987,0.21,1,224728,224290,438
47722201,27.1248,25.6195,440,116800,0.223597,0.32,1,224759,224319,440
47725121,8.62496,12.3239,435,116800,0.172719,0.32,1,224763,224328,435
47728041,16.925,13.6648,440,116800,0.314544,0.29,1,224782,224342,440
47730961,4.985,4.33296,440,116800,0.310909,0.29,1,224784,224344,440
47733881,2.597,2.46659,440,116800,0.310182,0.31,1,224786,224346,440
47736801,23.7194,25.2933,438,116800,0.358036,0.26,1,224815,224377,438
47739721,12.7439,17.8587,432,116800,0.303607,0.25,1,224825,224393,432
47742641,10.5488,8.37173,436,116800,0.204721,0.25,1,224835,224399,436
47745561,5.30976,3.27435,438,116800,0.304944,0.25,1,224839,224401,438
47748481,4.26195,6.25487,435,116800,0.300989,0.32,1,224843,224408,435
47751401,2.45239,2.85097,435,116800,0.268198,0.32,1,224845,224410,435
47754321,2.09048,3.77019,433,116800,0.26164,0.24,1,224847,224414,433
47757241,7.6181,3.95404,438,116800,0.260328,0.24,1,224856,224418,438
47760161,3.12362,6.39081,433,116800,0.316066,0.31,1,224858,224425,433
47763081,11.8247,6.07816,441,116800,0.303213,0.38,1,224872,224431,441
47766001,3.96494,9.21563,433,116800,0.276643,0.31,1,224874,224441,433
47768921,19.993,17.8431,437,116800,0.239329,0.27,1,224898,224461,437
47771841,5.5986,5.16863,437,116800,0.199866,0.31,1,224900,224463,437
47774761,27.5197,29.8337,434,116800,0.207973,0.27,1,224933,224499,434
47777681,7.10394,7.56674,434,116800,0.177595,0.24,1,224935,224501,434
47780601,6.22079,3.11335,438,116800,0.259519,0.31,1,224941,224503,438
47783521,15.6442,15.8227,437,116800,0.259904,0.25,1,224959,224522,437
47786441,11.9288,15.1645,433,116800,0.267981,0.28,1,224970,224537,433
47789361,7.18577,9.43291,431,116800,0.253596,0.3,1,224976,224545,431
47792281,14.2372,11.4866,435,116800,0.250719,0.23,1,224992,224557,435
47795201,7.64743,8.69732,433,116800,0.178144,0.29,1,224998,224565,433
47798121,31.9295,28.9395,437,116800,0.299629,0.33,1,225036,224599,437
47801041,11.1859,8.98789,439,116800,0.299926,0.29,1,225042,224603,439
47803961,3.83718,3.39758,439,116800,0.275985,0.33,1,225044,224605,439
47806881,5.56744,10.2795,433,116800,0.279197,0.28,1,225050,224617,433
47809801,16.3135,16.4559,434,116800,0.199839,0.24,1,225069,224635,434
47812721,6.4627,4.89118,436,116800,0.271968,0.35,1,225073,224637,436
47815641,6.09254,10.5782,430,116800,0.262394,0.31,1,225079,224649,430
47818561,8.41851,3.71565,437,116800,0.236479,0.26,1,225088,224651,437
47821481,6.4837,8.74313,433,116800,0.175296,0.26,1,225094,224661,433
47824401,18.0967,16.9486,435,116800,0.227059,0.27,1,225115,224680,435
47827321,11.6193,12.9897,433,116800,0.141412,0.22,1,225125,224692,433
47830241,13.5239,10.5979,437,116800,0.252282,0.28,1,225139,224702,437
47833161,13.1048,14.1196,435,116800,0.258456,0.28,1,225152,224717,435
47836081,12.221,11.6239,436,116800,0.243691,0.21,1,225164,224728,436
47839001,27.2442,27.1248,436,116800,0.136738,0.16,1,225195,224759,436
47841921,7.04884,8.62496,434,116800,0.139348,0.35,1,225197,224763,434
47844841,17.4098,16.925,435,116800,0.14787,0.31,1,225217,224782,435
47847761,8.28195,4.985,439,116800,0.205574,0.31,1,225223,224784,439
47850681,3.25639,2.597,439,116800,0.225115,0.37,1,225225,224786,439
47853601,22.2513,23.7194,437,116800,0.221023,0.29,1,225252,224815,437
47856521,9.25026,12.7439,433,116800,0.252205,0.18,1,225258,224825,433
47859441,10.6501,10.5488,434,116800,0.234441,0.33,1,225269,224835,434
47862361,3.73001,5.30976,432,116800,0.206888,0.3,1,225271,224839,432
47865281,5.546,4.26195,434,116800,0.193378,0.26,1,225277,224843,434
47868201,2.7092,2.45239,434,116800,0.198676,0.26,1,225279,224845,434
47871121,5.34184,2.09048,438,116800,0.223735,0.26,1,225285,224847,438
47874041,6.66837,7.6181,436,116800,0.244747,0.33,1,225292,224856,436
47876961,2.93367,3.12362,436,116800,0.216949,0.3,1,225294,224858,436
47879881,8.58673,11.8247,432,116800,0.17939,0.27,1,225304,224872,432
47882801,8.91735,3.96494,439,116800,0.195878,0.23,1,225313,224874,439
47885721,17.7835,19.993,435,116800,0.239176,0.19,1,225333,224898,435
47888641,6.75669,5.5986,437,116800,0.183835,0.21,1,225337,224900,437
47891561,29.3513,27.5197,439,116800,0.180767,0.17,1,225372,224933,439
47894481,7.47027,7.10394,439,116800,0.148153,0.28,1,225374,224935,439
47897401,3.09405,6.22079,435,116800,0.109631,0.26,1,225376,224941,435
47900321,15.0188,15.6442,435,116800,0.173926,0.27,1,225394,224959,435
47903241,14.2038,11.9288,438,116800,0.106785,0.25,1,225408,224970,438
47906161,4.44075,7.18577,434,116800,0.085357,0.25,1,225410,224976,434
47909081,11.2882,14.2372,431,116800,0.193071,0.16,1,225423,224992,431
47912001,8.65763,7.64743,433,116800,0.206614,0.33,1,225431,224998,433
47914921,36.9315,31.9295,439,116800,0.169323,0.3,1,225475,225036,439
47917841,8.9863,11.1859,435,116800,0.161865,0.27,1,225477,225042,435
47920761,3.39726,3.83718,435,116800,0.128373,0.28,1,225479,225044,435
47923681,7.87945,5.56744,438,116800,0.169675,0.18,1,225488,225050,438
47926601,14.3759,16.3135,435,116800,0.161935,0.29,1,225504,225069,435
47929521,7.67518,6.4627,437,116800,0.064387,0.26,1,225510,225073,437
47932441,3.13504,6.09254,433,116800,0.172877,0.23,1,225512,225079,433
47935361,9.42701,8.41851,435,116800,0.154575,0.16,1,225523,225088,435
47938281,5.0854,6.4837,433,116800,0.0869151,0.24,1,225527,225094,433
47941201,14.6171,18.0967,429,116800,0.169383,0.12,1,225544,225115,429
47944121,14.9234,11.6193,434,116800,0.137877,0.28,1,225559,225125,434
47947041,14.9847,13.5239,435,116800,0.123575,0.26,1,225574,225139,435
47949961,7.79694,13.1048,428,116800,0.104715,0.24,1,225580,225152,428
47952881,11.1594,12.221,428,116800,0.132943,0.11,1,225592,225164,428
47955801,29.4319,27.2442,431,116800,0.154589,0.14,1,225626,225195,431
47958721,9.08638,7.04884,433,116800,0.102918,0.15,1,225630,225197,433
47961641,17.0173,17.4098,432,116800,0.100584,0.22,1,225649,225217,432
47964561,6.60345,8.28195,430,116800,0.172117,0.23,1,225653,225223,430
47967481,2.92069,3.25639,430,116800,0.186423,0.22,1,225655,225225,430
47970401,24.5841,22.2513,433,116800,0.277285,0.26,1,225685,225252,433
47973321,9.71683,9.25026,433,116800,0.239457,0.23,1,225691,225258,433
47976241,9.94337,10.6501,432,116800,0.271891,0.2,1,225701,225269,432
47979161,3.58867,3.73001,432,116800,0.278378,0.19,1,225703,225271,432
47982081,5.51773,5.546,432,116800,0.207676,0.2,1,225709,225277,432
47985001,4.30355,2.7092,434,116800,0.257535,0.23,1,225713,225279,434
47987921,4.06071,5.34184,432,116800,0.235507,0.25,1,225717,225285,432
47990841,5.61214,6.66837,431,116800,0.175101,0.21,1,225723,225292,431
47993761,2.72243,2.93367,431,116800,0.16302,0.17,1,225725,225294,431
47996681,8.54449,8.58673,431,116800,0.112604,0.2,1,225735,225304,431
47999601,8.9089,8.91735,431,116800,0.158521,0.25,1,225744,225313,431
48002521,19.3818,17.7835,433,116800,0.191704,0.17,1,225766,225333,433
48005441,5.47636,6.75669,431,116800,0.166341,0.18,1,225768,225337,431
48008361,28.2953,29.3513,430,116800,0.193268,0.14,1,225802,225372,430
48011281,8.85905,7.47027,432,116800,0.134654,0.1,1,225806,225374,432
48014201,5.77181,3.09405,435,116800,0.178931,0.19,1,225811,225376,435
48017121,10.7544,15.0188,429,116800,0.219786,0.09,1,225823,225394,429
48020041,12.5509,14.2038,428,116800,0.139957,0.08,1,225836,225408,428
48022961,8.11017,4.44075,433,116800,0.0759914,0.22,1,225843,225410,433
48025881,9.62203,11.2882,430,116800,0.247198,0.21,1,225853,225423,430
48028801,5.12441,8.65763,426,116800,0.28144,0.16,1,225857,225431,426
48031721,39.4249,36.9315,430,116800,0.152288,0.16,1,225905,225475,430
48034641,9.48498,8.9863,430,116800,0.0944576,0.12,1,225907,225477,430
48037561,3.497,3.39726,430,116800,0.0428915,0.18,1,225909,225479,430
48040481,5.4994,7.87945,427,116800,0.112578,0.16,1,225915,225488,427
48043401,17.8999,14.3759,432,116800,0.166516,0.04,1,225936,225504,432
48046321,5.17998,7.67518,428,116800,0.177303,0.2,1,225938,225510,428
48049241,2.636,3.13504,428,116800,0.147461,0.15,1,225940,225512,428
48052161,10.9272,9.42701,430,116800,0.173492,0.07,1,225953,225523,430
48055081,5.38544,5.0854,430,116800,0.122698,0.19,1,225957,225527,430
48058001,16.2771,14.6171,432,116800,0.12854,0.13,1,225976,225544,432
48060921,10.4554,14.9234,426,116800,0.145708,0.12,1,225985,225559,426
48063841,17.2911,14.9847,430,116800,0.173142,0.1,1,226004,225574,430
48066761,6.65822,7.79694,428,116800,0.146628,0.14,1,226008,225580,428
48069681,13.3316,11.1594,431,116800,0.197326,0.16,1,226023,225592,431
48072601,26.6663,29.4319,427,116800,0.0714651,0.09,1,226053,225626,427
48075521,14.1333,9.08638,434,116800,0.174293,0.1,1,226064,225630,434
48078441,19.6267,17.0173,436,116800,0.154859,0.19,1,226085,225649,436
48081361,5.52533,6.60345,434,116800,0.150972,0.19,1,226087,225653,434
48084281,4.30507,2.92069,436,116800,0.142194,0.3,1,226091,225655,436
48087201,20.061,24.5841,430,116800,0.124439,0.23,1,226115,225685,430
48090121,12.8122,9.71683,435,116800,0.176888,0.28,1,226126,225691,435
48093041,7.36244,9.94337,431,116800,0.131378,0.28,1,226132,225701,431
48095961,6.27249,3.58867,435,116800,0.0902755,0.19,1,226138,225703,435
48098881,2.8545,5.51773,431,116800,0.178055,0.27,1,226140,225709,431
48101801,2.1709,4.30355,429,116800,0.195611,0.23,1,226142,225713,429
48104721,3.63418,4.06071,429,116800,0.191122,0.16,1,226146,225717,429
48107641,3.92684,5.61214,427,116800,0.206224,0.16,1,226150,225723,427
48110561,2.38537,2.72243,427,116800,0.209245,0.1,1,226152,225725,427
48113481,10.8771,8.54449,430,116800,0.145849,0.17,1,226165,225735,430
48116401,10.1754,8.9089,431,116800,0.11717,0.2,1,226175,225744,431
48119321,22.0351,19.3818,434,116800,0.151434,0.16,1,226200,225766,434
48122241,6.00702,5.47636,434,116800,0.134287,0.2,1,226202,225768,434
48125161,25.2014,28.2953,430,116800,0.170857,0.12,1,226232,225802,430
48128081,9.84028,8.85905,432,116800,0.114171,0.19,1,226238,225806,432
48131001,6.76806,5.77181,433,116800,0.0788343,0.23,1,226244,225811,433
48133921,7.75361,10.7544,429,116800,0.119767,0.12,1,226252,225823,429
48136841,15.1507,12.5509,433,116800,0.111953,0.06,1,226269,225836,433
48139761,10.2301,8.11017,435,116800,0.190391,0.29,1,226278,225843,435
48142681,6.84603,9.62203,431,116800,0.150078,0.29,1,226284,225853,431
48145601,6.96921,5.12441,434,116800,0.0860156,0.12,1,226291,225857,434
48148521,34.9938,39.4249,428,116800,0.161203,0.08,1,226333,225905,428
48151441,8.59877,9.48498,428,116800,0.184241,0.03,1,226335,225907,428
48154361,3.31975,3.497,428,116800,0.156848,0.13,1,226337,225909,428
48157281,7.06395,5.4994,430,116800,0.18337,0.18,1,226345,225915,430
48160201,19.8128,17.8999,432,116800,0.124674,0.18,1,226368,225936,432
48163121,5.56256,5.17998,432,116800,0.0809348,0.14,1,226370,225938,432
48166041,2.71251,2.636,432,116800,0.208187,0.18,1,226372,225940,432
48168961,5.3425,10.9272,425,116800,0.169637,0.11,1,226378,225953,425
48171881,9.0685,5.38544,431,116800,0.161927,0.13,1,226388,225957,431
48174801,14.6137,16.2771,428,116800,0.152385,0.15,1,226404,225976,428
48177721,6.92274,10.4554,424,116800,0.158477,0.18,1,226409,225985,424
48180641,18.9845,17.2911,427,116800,0.0956954,0.14,1,226431,226004,427
48183561,12.5969,6.65822,434,116800,0.243139,0.21,1,226442,226008,434
48186481,14.5194,13.3316,434,116800,0.224628,0.04,1,226457,226023,434
48189401,24.5039,26.6663,431,116800,0.140926,0.2,1,226484,226053,431
48192321,12.1008,14.1333,429,116800,0.156185,0.15,1,226493,226064,429
48195241,16.0202,19.6267,425,116800,0.215237,0.15,1,226510,226085,425
48198161,6.40403,5.52533,427,116800,0.187047,0.14,1,226514,226087,427
48201081,6.08081,4.30507,429,116800,0.229409,0.12,1,226520,226091,429
48204001,21.2162,20.061,430,116800,0.253882,0.19,1,226545,226115,430
48206921,9.84323,12.8122,426,116800,0.250776,0.12,1,226552,226126,426
48209841,10.7686,7.36244,431,116800,0.274155,0.08,1,226563,226132,431
48212761,6.95373,6.27249,431,116800,0.182831,0.2,1,226569,226138,431
48215681,4.59075,2.8545,433,116800,0.268566,0.2,1,226573,226140,433
48218601,2.51815,2.1709,433,116800,0.285713,0.19,1,226575,226142,433
48221521,2.10363,3.63418,431,116800,0.265143,0.21,1,226577,226146,431
48224441,2.02073,3.92684,429,116800,0.237029,0.21,1,226579,226150,429
48227361,2.00415,2.38537,429,116800,0.231406,0.13,1,226581,226152,429
48230281,10.0008,10.8771,428,116800,0.270281,0.11,1,226593,226165,428
48233201,12.4002,10.1754,431,116800,0.198056,0.16,1,226606,226175,431
48236121,20.88,22.0351,429,116800,0.207611,0.13,1,226629,226200,429
48239041,8.97601,6.00702,433,116800,0.177522,0.18,1,226635,226202,433
48241961,19.3952,25.2014,425,116800,0.211504,0.1,1,226657,226232,425
48244881,13.479,9.84028,431,116800,0.274301,0.07,1,226669,226238,431
48247801,4.29581,6.76806,427,116800,0.25486,0.13,1,226671,226244,427
48250721,8.85916,7.75361,429,116800,0.234972,0.11,1,226681,226252,429
48253641,16.9718,15.1507,431,116800,0.198994,0.21,1,226700,226269,431
48256561,4.99437,10.2301,424,116800,0.159799,0.14,1,226702,226278,424
48259481,12.9989,6.84603,433,116800,0.24796,0.07,1,226717,226284,433
48262401,5.79977,6.96921,430,116800,0.201592,0.18,1,226721,226291,430
48265321,34.76,34.9938,430,116800,0.208318,0.19,1,226763,226333,430
48268241,10.152,8.59877,432,116800,0.273664,0.15,1,226767,226335,432
48271161,3.6304,3.31975,432,116800,0.254733,0.19,1,226769,226337,432
48274081,8.72608,7.06395,434,116800,0.306947,0.11,1,226779,226345,434
48277001,16.9452,19.8128,430,116800,0.253389,0.07,1,226798,226368,430
48279921,4.98904,5.56256,430,116800,0.290678,0.24,1,226800,226370,430
48282841,2.59781,2.71251,430,116800,0.274136,0.16,1,226802,226372,430
48285761,5.31956,5.3425,430,116800,0.318827,0.16,1,226808,226378,430
48288681,10.6639,9.0685,432,116800,0.295765,0.15,1,226820,226388,432
48291601,14.9328,14.6137,432,116800,0.299153,0.16,1,226836,226404,432
48294521,7.78656,6.92274,433,116800,0.283831,0.08,1,226842,226409,433
48297441,19.9573,18.9845,434,116800,0.256766,0.28,1,226865,226431,434
48300361,7.19146,12.5969,427,116800,0.299353,0.22,1,226869,226442,427
48303281,13.4383,14.5194,427,116800,0.267871,0.12,1,226884,226457,427
48306201,25.0877,24.5039,428,116800,0.301574,0.16,1,226912,226484,428
48309121,11.4175,12.1008,427,116800,0.324315,0.23,1,226920,226493,427
48312041,22.2835,16.0202,435,116800,0.288863,0.18,1,226945,226510,435
48314961,6.0567,6.40403,433,116800,0.305773,0.24,1,226947,226514,433
48317881,8.41134,6.08081,436,116800,0.357154,0.26,1,226956,226520,436
48320801,19.2823,21.2162,433,116800,0.335431,0.25,1,226978,226545,433
48323721,11.0565,9.84323,435,116800,0.395086,0.28,1,226987,226552,435
48326641,12.6113,10.7686,437,118260,0.359017,0.16,1,227000,226563,437
48329561,4.12226,6.95373,433,118260,0.351803,0.29,1,227002,226569,433
48332481,2.42445,4.59075,431,118260,0.390361,0.29,1,227004,226573,431
48335401,3.68489,2.51815,433,118260,0.342072,0.26,1,227008,226575,433
48338321,4.73698,2.10363,436,118260,0.404414,0.23,1,227013,226577,436
48341241,2.5474,2.02073,436,118260,0.416883,0.23,1,227015,226579,436
48344161,2.10948,2.00415,436,118260,0.395377,0.28,1,227017,226581,436
48347081,6.8219,10.0008,432,118260,0.359075,0.18,1,227025,226593,432
48350001,10.1644,12.4002,430,118260,0.383815,0.21,1,227036,226606,430
48352921,23.6329,20.88,434,118260,0.380763,0.17,1,227063,226629,434
48355841,7.92657,8.97601,432,118260,0.340153,0.22,1,227067,226635,432
48358761,22.3853,19.3952,436,118260,0.364031,0.29,1,227093,226657,436
48361681,7.67706,13.479,428,118260,0.328806,0.25,1,227097,226669,428
48364601,9.53541,4.29581,436,118260,0.361761,0.23,1,227107,226671,436
48367521,8.30708,8.85916,434,118260,0.304352,0.19,1,227115,226681,434
48370441,16.0614,16.9718,433,118260,0.30087,0.15,1,227133,226700,433
48373361,4.81228,4.99437,433,118260,0.388174,0.27,1,227135,226702,433
48376281,13.7625,12.9989,434,118260,0.405635,0.19,1,227151,226717,434
48379201,7.55249,5.79977,436,118260,0.305127,0.21,1,227157,226721,436
48382121,31.9105,34.76,432,118260,0.301025,0.29,1,227195,226763,432
48385041,13.5821,10.152,437,118260,0.364205,0.25,1,227204,226767,437
48387961,4.31642,3.6304,437,118260,0.376841,0.32,1,227206,226769,437
48390881,8.86328,8.72608,437,118260,0.339368,0.24,1,227216,226779,437
48393801,18.5727,16.9452,439,118260,0.307874,0.3,1,227237,226798,439
48396721,5.31453,4.98904,439,118260,0.389575,0.27,1,227239,226800,439
48399641,2.66291,2.59781,439,118260,0.365915,0.33,1,227241,226802,439
48402561,3.73258,5.31956,437,118260,0.305183,0.29,1,227245,226808,437
48405481,5.54652,10.6639,431,118260,0.261037,0.3,1,227251,226820,431
48408401,15.5093,14.9328,433,118260,0.300207,0.28,1,227269,226836,433
48411321,10.3019,7.78656,436,118260,0.268041,0.25,1,227278,226842,436
48414241,18.8604,19.9573,434,118260,0.325608,0.31,1,227299,226865,434
48417161,8.57207,7.19146,436,118260,0.273122,0.26,1,227305,226869,436
48420081,16.1144,13.4383,439,118260,0.262624,0.31,1,227323,226884,439
48423001,23.2229,25.0877,436,118260,0.404525,0.33,1,227348,226912,436
48425921,11.0446,11.4175,436,118260,0.288905,0.28,1,227356,226920,436
48428841,25.4089,22.2835,440,118260,0.337781,0.31,1,227385,226945,440
48431761,6.68178,6.0567,440,118260,0.323556,0.37,1,227387,226947,440
48434681,4.53636,8.41134,435,118260,0.320711,0.33,1,227391,226956,435
48437601,24.1073,19.2823,442,118260,0.280142,0.41,1,227420,226978,442
48440521,10.4215,11.0565,440,118260,0.296028,0.41,1,227427,226987,440
48443441,13.2843,2.21129,454,118260,0.323206,0.35,1,227441,226987,454
48446361,4.25686,10.8423,443,118260,0.304641,0.35,1,227443,227000,443
48449281,2.45137,3.76845,443,118260,0.268928,0.4,1,227445,227002,443
48452201,2.09027,2.35369,443,118260,0.333786,0.33,1,227447,227004,443
48455121,3.61805,3.67074,443,118260,0.282757,0.42,1,227451,227008,443
48458041,2.32361,4.73415,440,118260,0.344551,0.42,1,227453,227013,440
48460961,2.06472,2.54683,440,118260,0.34891,0.39,1,227455,227015,440
48463881,6.81294,2.10937,446,118260,0.341782,0.35,1,227463,227017,446
48466801,9.36259,6.82187,448,118260,0.316356,0.39,1,227473,227025,448
48469721,19.4725,10.1644,459,118260,0.279271,0.38,1,227495,227036,459
48472641,7.8945,23.6329,437,118260,0.191854,0.33,1,227500,227063,437
48475561,29.5789,7.92657,468,118260,0.222371,0.37,1,227535,227067,468
48478481,7.51578,22.3853,444,118260,0.316474,0.32,1,227537,227093,444
48481401,4.70316,7.67706,444,118260,0.295295,0.37,1,227541,227097,444
48484321,9.74063,9.53541,445,118260,0.347059,0.29,1,227552,227107,445
48487241,17.9481,8.30708,457,118260,0.213412,0.3,1,227572,227115,457
48490161,5.98963,16.0614,442,118260,0.274682,0.41,1,227575,227133,442
48493081,14.7979,4.81228,457,118260,0.294936,0.41,1,227592,227135,457
48496001,6.95958,13.7625,446,118260,0.314987,0.28,1,227597,227151,446
48498921,30.9919,7.55249,477,118260,0.254997,0.3,1,227634,227157,477
48501841,12.5984,31.9105,447,118260,0.291,0.38,1,227642,227195,447
48504761,4.11968,13.5821,440,118260,0.2582,0.38,1,227644,227204,440
48507681,9.62394,4.31642,449,118260,0.37164,0.33,1,227655,227206,449
48510601,14.7248,8.86328,455,118260,0.338328,0.3,1,227671,227216,455
48513521,4.54496,18.5727,436,118260,0.299666,0.41,1,227673,227237,436
48516441,2.50899,5.31453,436,118260,0.339933,0.36,1,227675,227239,436
48519361,7.7018,2.66291,443,118260,0.275987,0.29,1,227684,227241,443
48522281,4.74036,3.73258,443,118260,0.255197,0.25,1,227688,227245,443
48525201,13.7481,5.54652,453,118260,0.331039,0.31,1,227704,227251,453
48528121,8.34961,15.5093,442,118260,0.298208,0.26,1,227711,227269,442
48531041,20.8699,10.3019,457,118260,0.211642,0.34,1,227735,227278,457
48533961,12.174,18.8604,446,118260,0.242328,0.26,1,227745,227299,446
48536881,14.4348,8.57207,455,118260,0.264466,0.26,1,227760,227305,455
48539801,18.087,16.1144,456,118260,0.308893,0.44,1,227779,227323,456
48542721,12.4174,23.2229,442,118260,0.325779,0.26,1,227790,227348,442
48545641,28.8835,11.0446,467,118260,0.265156,0.35,1,227823,227356,467
48548561,7.3767,25.4089,440,118260,0.381031,0.32,1,227825,227385,440
48551481,3.07534,6.68178,440,118260,0.372206,0.32,1,227827,227387,440
48554401,23.8151,4.53636,465,118260,0.402441,0.27,1,227856,227391,465
48557321,11.163,24.1073,444,118260,0.368488,0.3,1,227864,227420,444
48560241,11.0326,10.4215,448,118260,0.401698,0.33,1,227875,227427,448
48563161,7.00652,13.2843,440,118260,0.38434,0.3,1,227881,227441,440
48566081,3.0013,4.25686,440,118260,0.356868,0.26,1,227883,227443,440
48569001,2.20026,2.45137,440,118260,0.407374,0.35,1,227885,227445,440
48571921,3.64005,2.09027,442,118260,0.385475,0.27,1,227889,227447,442
48574841,2.32801,3.61805,440,118260,0.349095,0.36,1,227891,227451,440
48577761,2.0656,2.32361,440,118260,0.421819,0.35,1,227893,227453,440
48580681,6.01312,2.06472,445,118260,0.428364,0.34,1,227900,227455,445
48583601,5.20262,6.81294,442,118260,0.437673,0.31,1,227905,227463,442
48586521,21.8405,9.36259,458,118260,0.327535,0.27,1,227931,227473,458
48589441,9.16811,19.4725,442,118260,0.329507,0.17,1,227937,227495,442
48592361,26.6336,7.8945,468,118260,0.297901,0.23,1,227968,227500,468
48595281,6.92672,29.5789,435,118260,0.25958,0.34,1,227970,227535,435
48598201,3.78534,7.51578,436,118260,0.323916,0.29,1,227973,227537,436
48601121,9.55707,4.70316,443,118260,0.400783,0.36,1,227984,227541,443
48604041,20.3114,9.74063,455,118260,0.272157,0.18,1,228007,227552,455
48606961,10.4623,17.9481,443,118260,0.198431,0.29,1,228015,227572,443
48609881,10.0925,5.98963,450,118260,0.247686,0.3,1,228025,227575,450
48612801,6.81849,14.7979,439,118260,0.321537,0.32,1,228031,227592,439
48615721,30.9637,6.95958,471,118260,0.248307,0.24,1,228068,227597,471
48618641,9.39274,30.9919,438,118260,0.201661,0.3,1,228072,227634,438
48621561,12.2785,12.5984,443,118260,0.312332,0.25,1,228085,227642,443
48624481,8.85571,4.11968,449,118260,0.238466,0.4,1,228093,227644,449
48627401,9.77114,9.62394,448,118260,0.335693,0.33,1,228103,227655,448
48630321,3.55423,14.7248,434,118260,0.363139,0.29,1,228105,227671,434
48633241,3.91085,4.54496,436,118260,0.408628,0.35,1,228109,227673,436
48636161,7.98217,2.50899,443,118260,0.385726,0.26,1,228118,227675,443
48639081,4.79643,7.7018,438,118260,0.357145,0.25,1,228122,227684,438
48642001,14.5593,4.74036,451,118260,0.287429,0.35,1,228139,227688,451
48644921,9.31186,13.7481,443,118260,0.321486,0.29,1,228147,227704,443
48647841,18.6624,8.34961,457,118260,0.296297,0.19,1,228168,227711,457
48650761,16.5325,20.8699,449,118260,0.299259,0.25,1,228184,227735,449
48653681,12.9065,12.174,451,118260,0.371852,0.27,1,228196,227745,451
48656601,17.7813,14.4348,455,118260,0.27437,0.32,1,228215,227760,455
48659521,10.7563,18.087,445,118260,0.310874,0.33,1,228224,227779,445
48662441,31.7513,12.4174,471,118260,0.262175,0.25,1,228261,227790,471
48665361,7.95025,28.8835,440,118260,0.260435,0.41,1,228263,227823,440
48668281,3.99005,7.3767,441,118260,0.212087,0.37,1,228266,227825,441
48671201,23.998,3.07534,468,118260,0.218417,0.41,1,228295,227827,468
48674121,12.7996,23.8151,449,118260,0.299683,0.36,1,228305,227856,449
48677041,12.9599,11.163,454,118260,0.299937,0.41,1,228318,227864,454
48679961,4.19198,11.0326,445,118260,0.323987,0.38,1,228320,227875,445
48682881,6.4384,7.00652,446,118260,0.320797,0.35,1,228327,227881,446
48685801,2.88768,3.0013,446,118260,0.31216,0.42,1,228329,227883,446
48688721,2.17754,2.20026,446,118260,0.318432,0.38,1,228331,227885,446
48691641,2.83551,3.64005,445,118260,0.271686,0.34,1,228334,227889,445
48694561,2.9671,2.32801,446,118260,0.334337,0.44,1,228337,227891,446
48697481,3.79342,2.0656,448,118260,0.362867,0.43,1,228341,227893,448
48700401,2.35868,6.01312,443,118260,0.368573,0.44,1,228343,227900,443
48703321,18.0717,5.20262,460,118260,0.273715,0.3,1,228365,227905,460
48706241,13.2143,21.8405,446,118260,0.190743,0.33,1,228377,227931,446
48709161,24.2429,9.16811,467,118260,0.302149,0.29,1,228404,227937,467
48712081,6.44857,26.6336,438,118260,0.29243,0.25,1,228406,227968,438
48715001,7.68971,6.92672,444,118260,0.394486,0.34,1,228414,227970,444
48717921,11.1379,3.78534,453,118260,0.334897,0.42,1,228426,227973,453
48720841,10.2276,9.55707,452,118260,0.282979,0.24,1,228436,227984,452
48723761,13.2455,20.3114,443,118260,0.360596,0.18,1,228450,228007,443
48726681,12.2491,10.4623,447,118260,0.400119,0.26,1,228462,228015,447
48729601,6.44982,10.0925,442,118260,0.344024,0.34,1,228467,228025,442
48732521,26.89,6.81849,468,118260,0.340805,0.23,1,228499,228031,468
48735441,12.578,30.9637,440,118260,0.372161,0.19,1,228508,228068,440
48738361,15.3156,9.39274,452,118260,0.346432,0.34,1,228524,228072,452
48741281,9.46312,12.2785,447,118260,0.293286,0.22,1,228532,228085,447
48744201,9.89262,8.85571,449,118260,0.362657,0.36,1,228542,228093,449
48747121,4.37852,9.77114,442,118260,0.360531,0.37,1,228545,228103,442
48750041,3.2757,3.55423,443,118260,0.424106,0.42,1,228548,228105,443
48752961,8.65514,3.91085,449,118260,0.436821,0.38,1,228558,228109,449
48755881,4.93103,7.98217,444,118260,0.399364,0.35,1,228562,228118,444
48758801,11.3862,4.79643,453,118260,0.423873,0.27,1,228575,228122,453
48761721,6.27724,14.5593,441,118260,0.380775,0.33,1,228580,228139,441
48764641,23.6554,9.31186,461,118260,0.308155,0.29,1,228608,228147,461
48767561,16.7311,18.6624,455,118260,0.341631,0.3,1,228623,228168,455
48770481,12.1462,16.5325,450,118260,0.332326,0.39,1,228634,228184,450
48773401,17.6292,12.9065,457,118260,0.322465,0.25,1,228653,228196,457
48776321,7.52585,17.7813,443,118260,0.240493,0.32,1,228658,228215,443
48779241,28.7052,10.7563,468,118260,0.288099,0.25,1,228692,228224,468
48782161,7.34103,31.7513,433,118260,0.26562,0.26,1,228694,228261,433
48785081,10.2682,7.95025,442,118260,0.333124,0.2,1,228705,228263,442
48788001,23.6536,3.99005,466,118260,0.338625,0.22,1,228732,228266,466
48790921,12.7307,23.998,447,116800,0.379725,0.32,1,228742,228295,447
48793841,12.1461,12.7996,449,116800,0.355945,0.3,1,228754,228305,449
48796761,4.02923,12.9599,438,116800,0.319189,0.33,1,228756,228318,438
48799681,8.80585,4.19198,446,116800,0.335838,0.32,1,228766,228320,446
48802601,3.36117,6.4384,441,116800,0.403168,0.31,1,228768,228327,441
48805521,2.27223,2.88768,441,116800,0.384634,0.32,1,228770,228329,441
48808441,2.85445,2.17754,442,116800,0.332927,0.26,1,228773,228331,442
48811361,2.97089,2.83551,442,116800,0.282585,0.35,1,228776,228334,442
48814281,4.59418,2.9671,444,116800,0.416517,0.37,1,228781,228337,444
48817201,3.31884,3.79342,443,116800,0.427303,0.37,1,228784,228341,443
48820121,9.46377,2.35868,452,116800,0.429461,0.25,1,228795,228343,452
48823041,13.8928,18.0717,445,116800,0.357892,0.17,1,228810,228365,445
48825961,32.3786,13.2143,470,116800,0.327578,0.33,1,228847,228377,470
48828881,8.07571,24.2429,445,116800,0.321516,0.29,1,228849,228404,445
48831801,3.21514,6.44857,445,116800,0.288303,0.42,1,228851,228406,445
48834721,8.64303,7.68971,447,116800,0.305661,0.32,1,228861,228414,447
48837641,12.9286,11.1379,449,116800,0.357132,0.27,1,228875,228426,449
48840561,13.7857,10.2276,453,116800,0.287426,0.38,1,228889,228436,453
48843481,15.5571,13.2455,455,116800,0.177485,0.41,1,228905,228450,455
48846401,4.71143,12.2491,445,116800,0.155497,0.33,1,228907,228462,445
48849321,27.3423,6.44982,473,116800,0.183099,0.34,1,228940,228467,473
48852241,7.06846,26.89,443,116800,0.26862,0.38,1,228942,228499,443
48855161,13.4137,12.578,449,116800,0.293724,0.34,1,228957,228508,449
48858081,14.6827,15.3156,448,116800,0.210745,0.28,1,228972,228524,448
48861001,13.3365,9.46312,453,116800,0.314149,0.38,1,228985,228532,453
48863921,4.26731,9.89262,445,116800,0.30283,0.36,1,228987,228542,445
48866841,4.05346,4.37852,446,116800,0.332566,0.44,1,228991,228545,446
48869761,6.41069,3.2757,450,116800,0.386513,0.44,1,228998,228548,450
48872681,6.08214,8.65514,446,116800,0.325303,0.39,1,229004,228558,446
48875601,9.21643,4.93103,452,116800,0.297061,0.43,1,229014,228562,452
48878521,3.44329,11.3862,441,116800,0.283412,0.37,1,229016,228575,441
48881441,20.6887,6.27724,461,116800,0.168682,0.29,1,229041,228580,461
48884361,18.5377,23.6554,451,116800,0.273736,0.35,1,229059,228608,451
48887281,14.1075,16.7311,449,116800,0.278747,0.33,1,229072,228623,449
48890201,19.6215,12.1462,459,116800,0.215749,0.32,1,229093,228634,459
48893121,7.1243,17.6292,444,116800,0.21915,0.22,1,229097,228653,444
48896041,27.8249,7.52585,472,116800,0.32383,0.3,1,229130,228658,472
48898961,7.16497,28.7052,440,116800,0.320766,0.26,1,229132,228692,440
48901881,11.833,7.34103,451,116800,0.344153,0.35,1,229145,228694,451
48904801,24.7666,10.2682,468,116800,0.268831,0.39,1,229173,228705,468
48907721,11.3533,31.6536,439,116800,0.261766,0.35,1,229181,228742,439
48910641,11.8707,15.9307,439,116800,0.308353,0.31,1,229193,228754,439
48913561,5.57413,4.78615,441,116800,0.293671,0.34,1,229197,228756,441
48916481,4.31483,8.95723,435,116800,0.226734,0.42,1,229201,228766,435
48919401,4.06297,3.39145,437,116800,0.261347,0.38,1,229205,228768,437
48922321,7.21259,2.27829,443,116800,0.284269,0.32,1,229213,228770,443
48925241,3.04252,2.85566,442,116800,0.264854,0.27,1,229215,228773,442
48928161,2.2085,2.97113,441,116800,0.260971,0.45,1,229217,228776,441
48931081,5.2417,4.59423,442,116800,0.316194,0.43,1,229223,228781,442
48934001,4.24834,3.31885,443,116800,0.335239,0.43,1,229227,228784,443
48936921,4.04967,9.46377,436,116800,0.339048,0.34,1,229231,228795,436
48939841,16.8099,13.8928,441,116800,0.21981,0.32,1,229251,228810,441
48942761,30.562,32.3786,438,116800,0.203962,0.32,1,229285,228847,438
48945681,7.7124,8.07571,438,116800,0.200792,0.28,1,229287,228849,438
48948601,3.14248,3.21514,438,116800,0.208158,0.31,1,229289,228851,438
48951521,7.0285,8.64303,436,116800,0.161632,0.37,1,229297,228861,436
48954441,13.4057,12.9286,437,116800,0.248326,0.27,1,229312,228875,437
48957361,11.4811,13.7857,434,116800,0.217665,0.15,1,229323,228889,434
48960281,15.8962,15.5571,435,116800,0.163533,0.15,1,229340,228905,435
48963201,4.77925,4.71143,435,116800,0.272707,0.19,1,229342,228907,435
48966121,28.9558,27.3423,437,116800,0.246541,0.29,1,229377,228940,437
48969041,8.99117,7.06846,439,116800,0.209308,0.3,1,229381,228942,439
48971961,10.5982,13.4137,435,116800,0.249862,0.19,1,229392,228957,435
48974881,15.7196,14.6827,437,116800,0.129972,0.34,1,229409,228972,437
48977801,15.9439,13.3365,440,116800,0.249994,0.3,1,229425,228985,440
48980721,4.78879,4.26731,440,116800,0.241999,0.34,1,229427,228987,440
48983641,2.55776,4.05346,438,116800,0.2564,0.4,1,229429,228991,438
48986561,3.71155,6.41069,435,116800,0.25128,0.31,1,229433,228998,435
48989481,6.34231,6.08214,436,116800,0.290256,0.29,1,229440,229004,436
48992401,6.06846,9.21643,432,116800,0.234051,0.28,1,229446,229014,432
48995321,4.41369,3.44329,434,116800,0.26281,0.14,1,229450,229016,434
48998241,24.0827,20.6887,438,116800,0.292562,0.3,1,229479,229041,438
49001161,19.2165,18.5377,438,116800,0.194512,0.28,1,229497,229059,438
49004081,14.2433,14.1075,438,116800,0.190902,0.2,1,229510,229072,438
49007001,22.0487,19.6215,441,116800,0.22218,0.22,1,229534,229093,441
49009921,6.00973,7.1243,439,116800,0.196436,0.35,1,229536,229097,439
49012841,28.4019,27.8249,440,116800,0.247287,0.32,1,229570,229130,440
49015761,7.28039,7.16497,440,116800,0.281457,0.35,1,229572,229132,440
49018681,4.65608,11.833,431,116800,0.264291,0.25,1,229576,229145,431
49021601,26.5312,24.7666,435,116800,0.252858,0.26,1,229608,229173,435
49024521,13.3062,11.3533,437,116800,0.274572,0.32,1,229618,229181,437
49027441,9.86125,11.8707,434,116800,0.270914,0.29,1,229627,229193,434
49030361,5.17225,5.57413,434,116800,0.302183,0.21,1,229631,229197,434
49033281,6.63445,4.31483,437,116800,0.268437,0.27,1,229638,229201,437
49036201,2.92689,4.06297,435,116800,0.253687,0.29,1,229640,229205,435
49039121,9.38538,7.21259,438,116800,0.242737,0.26,1,229651,229213,438
49042041,3.47708,3.04252,438,116800,0.312548,0.26,1,229653,229215,438
49044961,2.29542,2.2085,438,116800,0.31051,0.33,1,229655,229217,438
49047881,3.65908,5.2417,436,116800,0.246102,0.34,1,229659,229223,436
49050801,3.93182,4.24834,436,116800,0.19322,0.34,1,229663,229227,436
49053721,2.38636,4.04967,434,116800,0.334644,0.19,1,229665,229231,434
49056641,15.6773,16.8099,433,116800,0.258929,0.2,1,229684,229251,433
49059561,27.9355,30.562,430,116800,0.371786,0.2,1,229715,229285,430
49062481,7.18709,7.7124,430,116800,0.394357,0.21,1,229717,229287,430
49065401,4.63742,3.14248,432,116800,0.350871,0.15,1,229721,229289,432
49068321,8.92748,7.0285,434,116800,0.262174,0.27,1,229731,229297,434
49071241,12.1855,13.4057,432,116800,0.268435,0.21,1,229744,229312,432
49074161,12.0371,11.4811,433,116800,0.261687,0.15,1,229756,229323,433
49077081,16.8074,15.8962,434,116800,0.228337,0.3,1,229774,229340,434
49080001,8.16148,4.77925,438,116800,0.181667,0.24,1,229780,229342,438
49082921,24.0323,28.9558,431,116800,0.268333,0.2,1,229808,229377,431
49085841,8.00646,8.99117,431,116800,0.253667,0.26,1,229812,229381,431
49088761,11.2013,10.5982,432,116800,0.290733,0.1,1,229824,229392,432
49091681,15.8403,15.7196,432,116800,0.250147,0.28,1,229841,229409,432
49094601,17.5681,15.9439,434,116800,0.338029,0.24,1,229859,229425,434
49097521,6.71361,4.78879,436,116800,0.323606,0.26,1,229863,229427,436
49100441,2.94272,2.55776,436,116800,0.336721,0.25,1,229865,229429,436
49103361,2.18854,3.71155,434,116800,0.347344,0.3,1,229867,229433,434
49106281,7.63771,6.34231,436,116800,0.373469,0.22,1,229876,229440,436
49109201,4.72754,6.06846,434,116800,0.370694,0.27,1,229880,229446,434
49112121,4.94551,4.41369,435,116800,0.322139,0.3,1,229885,229450,435
49115041,17.7891,24.0827,427,116800,0.320428,0.17,1,229906,229479,427
49117961,21.1578,19.2165,431,116800,0.224086,0.19,1,229928,229497,431
49120881,12.2316,14.2433,428,116800,0.260817,0.23,1,229938,229510,428
49123801,22.4463,22.0487,429,116800,0.260163,0.19,1,229963,229534,429
49126721,7.68926,6.00973,431,116800,0.204033,0.26,1,229967,229536,431
49129641,33.5379,28.4019,437,116800,0.280807,0.29,1,230007,229570,437
49132561,8.30757,7.28039,437,116800,0.264161,0.26,1,230009,229572,437
49135481,3.26151,4.65608,435,116800,0.260832,0.25,1,230011,229576,435
49138401,27.8523,26.5312,437,116800,0.292166,0.28,1,230045,229608,437
49141321,11.9705,13.3062,435,116800,0.354433,0.27,1,230053,229618,435
49144241,8.79409,9.86125,434,116800,0.334887,0.31,1,230061,229627,434
49147161,6.55882,5.17225,436,116800,0.346977,0.26,1,230067,229631,436
49150081,2.91176,6.63445,431,116800,0.317395,0.25,1,230069,229638,431
49153001,3.78235,2.92689,433,116800,0.319479,0.24,1,230073,229640,433
49155921,7.95647,9.38538,431,116800,0.367896,0.33,1,230082,229651,431
49158841,3.19129,3.47708,431,116800,0.361579,0.31,1,230084,229653,431
49161761,9.43826,2.29542,440,116800,0.336316,0.23,1,230095,229655,440
49164681,5.08765,3.65908,440,116800,0.339263,0.18,1,230099,229659,440
49167601,2.61753,3.93182,438,116800,0.315853,0.37,1,230101,229663,438
49170521,2.12351,2.38636,438,116800,0.287171,0.24,1,230103,229665,438
49173441,14.8247,15.6773,437,116800,0.297434,0.4,1,230121,229684,437
49176361,26.1649,27.9355,435,116800,0.315487,0.4,1,230150,229715,435
49179281,8.43299,7.18709,437,116800,0.263097,0.34,1,230154,229717,437
49182201,3.2866,4.63742,435,116800,0.252619,0.24,1,230156,229721,435
49185121,9.45732,8.92748,436,116800,0.378524,0.27,1,230167,229731,436
49188041,11.4915,12.1855,435,116800,0.323705,0.26,1,230179,229744,435
49190961,13.4983,12.0371,437,116800,0.232741,0.22,1,230193,229756,437
49193881,18.6997,16.8074,439,116800,0.310548,0.17,1,230213,229774,439
49196801,5.33993,8.16148,435,116800,0.29411,0.29,1,230215,229780,435
49199721,22.668,24.0323,434,116800,0.290822,0.25,1,230242,229808,434
49202641,10.9336,8.00646,438,116800,0.338164,0.3,1,230250,229812,438
49205561,8.58672,11.2013,434,116800,0.259633,0.24,1,230258,229824,434
49208481,15.3173,15.8403,434,116800,0.275927,0.36,1,230275,229841,434
49211401,19.8635,17.5681,437,116800,0.295185,0.32,1,230296,229859,437
49214321,7.17269,6.71361,437,116800,0.323037,0.34,1,230300,229863,437
49217241,4.63454,2.94272,439,116800,0.304607,0.35,1,230304,229865,439
49220161,2.52691,2.18854,439,116800,0.420921,0.38,1,230306,229867,439
49223081,5.30538,7.63771,436,116800,0.412184,0.37,1,230312,229876,436
49226001,4.26108,4.72754,436,116800,0.402437,0.31,1,230316,229880,436
49228921,5.65222,4.94551,437,116800,0.432487,0.32,1,230322,229885,437
49231841,21.1304,17.7891,441,116800,0.414497,0.2,1,230347,229906,441
49234761,18.6261,21.1578,437,116800,0.362899,0.27,1,230365,229928,437
49237681,13.3252,12.2316,439,116800,0.37658,0.26,1,230377,229938,439
49240601,25.865,22.4463,443,116800,0.275316,0.19,1,230406,229963,443
49243521,6.77301,7.68926,441,116800,0.343063,0.3,1,230408,229967,441
49246441,30.9546,33.5379,438,116800,0.396613,0.26,1,230445,230007,438
49249361,9.39092,8.30757,440,116800,0.343323,0.26,1,230449,230009,440
49252281,5.07818,3.26151,442,116800,0.308665,0.3,1,230453,230011,442
49255201,27.4156,27.8523,441,116800,0.269733,0.37,1,230486,230045,441
49258121,11.8831,11.9705,441,116800,0.237947,0.33,1,230494,230053,441
49261041,5.57663,8.79409,437,116800,0.359589,0.35,1,230498,230061,437
49263961,5.91533,6.55882,437,116800,0.351918,0.31,1,230504,230067,437
49266881,2.78306,2.91176,437,116800,0.350384,0.32,1,230506,230069,437
49269801,6.15661,3.78235,440,116800,0.334077,0.38,1,230513,230073,440
49272721,7.63132,7.95647,439,116800,0.314815,0.36,1,230521,230082,439
49275641,3.12626,3.19129,439,116800,0.302963,0.33,1,230523,230084,439
49278561,12.6253,9.43826,443,116800,0.252593,0.34,1,230538,230095,443
49281481,5.72505,5.08765,443,116800,0.306519,0.31,1,230542,230099,443
49284401,2.74501,2.61753,443,116800,0.317304,0.28,1,230544,230101,443
49287321,2.149,2.12351,443,116800,0.287461,0.3,1,230546,230103,443
49290241,9.2298,14.8247,436,116800,0.393492,0.32,1,230557,230121,436
49293161,28.246,26.1649,440,116800,0.398698,0.25,1,230590,230150,440
49296081,7.24919,8.43299,438,116800,0.43974,0.25,1,230592,230154,438
49299001,5.44984,3.2866,441,116800,0.367948,0.41,1,230597,230156,441
49301921,7.48997,9.45732,438,116800,0.43359,0.31,1,230605,230167,438
49304841,8.69799,11.4915,435,116800,0.382718,0.21,1,230614,230179,435
49307761,17.7396,13.4983,441,116800,0.276544,0.33,1,230634,230193,441
49310681,17.1479,18.6997,438,116800,0.367309,0.29,1,230651,230213,438
49313601,6.62958,5.33993,440,116800,0.393462,0.29,1,230655,230215,440
49316521,21.3259,22.668,438,116800,0.310692,0.35,1,230680,230242,438
49319441,5.86518,10.9336,432,116800,0.334138,0.24,1,230682,230250,432
49322361,12.373,8.58672,438,116800,0.378828,0.28,1,230696,230258,438
49325281,15.2746,15.3173,437,116800,0.307766,0.3,1,230712,230275,437
49328201,25.4549,19.8635,444,116800,0.293553,0.33,1,230740,230296,444
49331121,6.69098,7.17269,442,116800,0.258711,0.3,1,230742,230300,442
49334041,4.5382,4.63454,442,116800,0.299742,0.45,1,230746,230304,442
49336961,2.50764,2.52691,442,116800,0.267948,0.41,1,230748,230306,442
49339881,6.90153,5.30538,444,116800,0.21359,0.4,1,230756,230312,444
49342801,4.58031,4.26108,444,116800,0.314718,0.44,1,230760,230316,444
49345721,4.11606,5.65222,442,116800,0.286944,0.41,1,230764,230322,442
49348641,16.0232,21.1304,436,116800,0.289389,0.35,1,230783,230347,436
49351561,20.0046,18.6261,439,116800,0.193878,0.38,1,230804,230365,439
49354481,15.2009,13.3252,441,116800,0.318776,0.25,1,230818,230377,441
49357401,26.2402,25.865,441,116800,0.271755,0.36,1,230847,230406,441
49360321,7.64804,6.77301,442,116800,0.214351,0.41,1,230850,230408,442
49363241,30.3296,30.9546,441,116800,0.27487,0.33,1,230886,230445,441
49366161,7.66592,9.39092,439,116800,0.342974,0.3,1,230888,230449,439
49369081,3.13318,5.07818,437,116800,0.324595,0.26,1,230890,230453,437
49372001,30.2266,27.4156,441,116800,0.240919,0.23,1,230927,230486,441
49374921,10.8453,11.8831,439,116800,0.344184,0.39,1,230933,230494,439
49377841,6.96907,5.57663,441,116800,0.300837,0.35,1,230939,230498,441
49380761,2.99381,5.91533,437,116800,0.292167,0.35,1,230941,230504,437
49383681,5.39876,2.78306,441,116800,0.250433,0.33,1,230947,230506,441
49386601,4.27975,6.15661,438,116800,0.314087,0.31,1,230951,230513,438
49389521,7.25595,7.63132,438,116800,0.270817,0.3,1,230959,230521,438
49392441,3.05119,3.12626,438,116800,0.238163,0.24,1,230961,230523,438
49395361,10.2102,12.6253,435,116800,0.279633,0.32,1,230973,230538,435
49398281,5.24205,5.72505,435,116800,0.263927,0.32,1,230977,230542,435
49401201,9.04841,2.74501,443,116800,0.284785,0.28,1,230987,230544,443
49404121,3.40968,2.149,443,116800,0.280957,0.42,1,230989,230546,443
49407041,10.2819,9.2298,444,116800,0.248191,0.4,1,231001,230557,444
49409961,24.4564,28.246,439,116800,0.249638,0.45,1,231029,230590,439
49412881,10.4913,7.24919,444,116800,0.273928,0.35,1,231036,230592,444
49415801,3.69826,5.44984,441,116800,0.246786,0.45,1,231038,230597,441
49418721,5.53965,7.48997,439,116800,0.217357,0.37,1,231044,230605,439
49421641,11.5079,8.69799,443,116800,0.267471,0.25,1,231057,230614,443
49424561,18.3016,17.7396,443,116800,0.189494,0.39,1,231077,230634,443
49427481,17.2603,17.1479,443,116800,0.269899,0.4,1,231094,230651,443
49430401,5.05206,6.62958,441,116800,0.25398,0.29,1,231096,230655,441
49433321,16.2104,21.3259,435,116800,0.242796,0.34,1,231115,230680,435
49436241,4.84208,5.86518,435,116800,0.240559,0.39,1,231117,230682,435
49439161,9.76842,12.373,432,116800,0.280112,0.29,1,231128,230696,432
49442081,18.7537,15.2746,437,116800,0.248022,0.29,1,231149,230712,437
49445001,23.7507,25.4549,434,116800,0.313604,0.25,1,231174,230740,434
49447921,6.35015,6.69098,434,116800,0.326721,0.31,1,231176,230742,434
49450841,2.87003,4.5382,432,116800,0.297344,0.26,1,231178,230746,432
49453761,3.77401,2.50764,434,116800,0.307469,0.2,1,231182,230748,434
49456681,7.9548,6.90153,435,116800,0.333494,0.34,1,231191,230756,435
49459601,7.99096,4.58031,439,116800,0.250699,0.28,1,231199,230760,439
49462521,3.19819,4.11606,437,116800,0.24214,0.29,1,231201,230764,437
49465441,17.4396,16.0232,439,116800,0.352428,0.17,1,231222,230783,439
49468361,18.6879,20.0046,437,116800,0.270486,0.35,1,231241,230804,437
49471281,11.7376,15.2009,433,116800,0.254097,0.26,1,231251,230818,433
49474201,27.9475,26.2402,436,116800,0.210819,0.2,1,231283,230847,436
49477121,7.1895,7.64804,435,116800,0.170164,0.29,1,231285,230850,435
49480041,32.6379,30.3296,438,116800,0.242033,0.36,1,231324,230886,438
49482961,9.72758,7.66592,440,116800,0.208407,0.32,1,231328,230888,440
49485881,5.14552,3.13318,442,116800,0.225681,0.22,1,231332,230890,442
49488801,25.8291,30.2266,436,116800,0.245136,0.37,1,231363,230927,436
49491721,9.96582,10.8453,436,116800,0.313027,0.29,1,231369,230933,436
49494641,9.19316,6.96907,439,116800,0.294605,0.29,1,231378,230939,439
49497561,3.43863,2.99381,439,116800,0.290921,0.24,1,231380,230941,439
49500481,2.28773,5.39876,435,116800,0.250184,0.33,1,231382,230947,435
49503401,3.65755,4.27975,435,116800,0.274037,0.26,1,231386,230951,435
49506321,4.73151,7.25595,432,116800,0.334807,0.23,1,231391,230959,432
49509241,2.5463,3.05119,432,116800,0.346961,0.29,1,231393,230961,432
49512161,14.1093,10.2102,437,116800,0.237392,0.26,1,231410,230973,437
49515081,6.02185,5.24205,437,116800,0.223478,0.29,1,231414,230977,437
49518001,6.00437,9.04841,433,116800,0.252696,0.28,1,231420,230987,433
49520921,2.80087,3.40968,433,116800,0.290539,0.24,1,231422,230989,433
49523841,11.7602,10.2819,435,116800,0.322108,0.25,1,231436,231001,435
49526761,24.752,24.4564,435,116800,0.264422,0.28,1,231464,231029,435
49529681,7.35041,10.4913,431,116800,0.292884,0.24,1,231467,231036,431
49532601,3.07008,3.69826,431,116800,0.306577,0.21,1,231469,231038,431
49535521,9.41402,5.53965,436,116800,0.293315,0.28,1,231480,231044,436
49538441,13.0828,11.5079,437,116800,0.322663,0.17,1,231494,231057,437
49541361,15.4166,18.3016,433,116800,0.256533,0.29,1,231510,231077,433
49544281,20.6833,17.2603,438,116800,0.275307,0.25,1,231532,231094,438
49547201,5.73666,5.05206,438,116800,0.247061,0.24,1,231534,231096,438
49550121,13.9473,16.2104,435,116800,0.281412,0.24,1,231550,231115,435
49553041,4.38947,4.84208,435,116800,0.288282,0.29,1,231552,231117,435
49555961,7.27789,9.76842,432,116800,0.273656,0.24,1,231560,231128,432
49558881,19.8556,18.7537,434,116800,0.310731,0.33,1,231583,231149,434
49561801,24.7711,23.7507,435,116800,0.206146,0.33,1,231609,231174,435
49564721,8.15422,6.35015,437,116800,0.313229,0.29,1,231613,231176,437
49567641,4.83084,2.87003,439,116800,0.294646,0.31,1,231617,231178,439
49570561,4.16617,3.77401,439,116800,0.266929,0.34,1,231621,231182,439
49573481,4.03323,7.9548,434,116800,0.285386,0.23,1,231625,231191,434
49576401,9.60665,7.99096,437,116800,0.289077,0.24,1,231636,231199,437
49579321,3.52133,3.19819,437,116800,0.265815,0.38,1,231638,231201,437
49582241,14.3043,17.4396,433,116800,0.221163,0.25,1,231655,231222,433
49585161,18.8609,18.6879,434,116800,0.252233,0.25,1,231675,231241,434
49588081,10.9722,11.7376,433,116800,0.202447,0.2,1,231684,231251,433
49591001,29.3944,27.9475,435,116800,0.296489,0.16,1,231718,231283,435
49593921,7.47889,7.1895,435,116800,0.315298,0.26,1,231720,231285,435
49596841,34.2958,32.6379,437,116800,0.12706,0.2,1,231761,231324,437
49599761,8.45915,9.72758,435,116800,0.209412,0.23,1,231763,231328,435
49602681,3.29183,5.14552,433,116800,0.193882,0.25,1,231765,231332,433
49605601,26.2584,25.8291,434,116800,0.270776,0.33,1,231797,231363,434
49608521,10.0517,9.96582,434,116800,0.270155,0.29,1,231803,231369,434
49611441,12.4103,9.19316,438,116800,0.294031,0.29,1,231816,231378,438
49614361,4.08207,3.43863,438,116800,0.298806,0.24,1,231818,231380,438
49617281,2.41641,2.28773,438,116800,0.267761,0.28,1,231820,231382,438
49620201,2.08328,3.65755,436,116800,0.229552,0.35,1,231822,231386,436
49623121,3.61666,4.73151,435,116800,0.27791,0.35,1,231826,231391,435
49626041,2.32333,2.5463,435,116800,0.279582,0.21,1,231828,231393,435
49628961,14.0647,14.1093,435,116800,0.231916,0.22,1,231845,231410,435
49631881,7.61293,6.02185,437,116800,0.246383,0.26,1,231851,231414,437
49634801,4.72259,6.00437,435,116800,0.193277,0.3,1,231855,231420,435
49637721,2.54452,2.80087,435,116800,0.182655,0.33,1,231857,231422,435
49640641,6.9089,11.7602,429,116800,0.252531,0.25,1,231865,231436,429
49643561,26.9818,24.752,433,116800,0.154506,0.3,1,231897,231464,433
49646481,6.99636,7.35041,432,116800,0.262901,0.31,1,231899,231467,432
49649401,6.19927,3.07008,436,116800,0.22058,0.29,1,231905,231469,436
49652321,6.03985,9.41402,431,116800,0.260116,0.33,1,231911,231480,431
49655241,16.408,13.0828,436,116800,0.156023,0.24,1,231930,231494,436
49658161,16.8816,15.4166,437,116800,0.223205,0.28,1,231947,231510,437
49661081,17.7763,20.6833,433,116800,0.228641,0.24,1,231965,231532,433
49664001,9.95526,5.73666,439,116800,0.253728,0.29,1,231973,231534,439
49666921,12.3911,13.9473,436,116800,0.290746,0.29,1,231986,231550,436
49669841,4.07821,4.38947,436,116800,0.306149,0.27,1,231988,231552,436
49672761,4.01564,7.27789,432,116800,0.23723,0.32,1,231992,231560,432
49675681,20.8031,19.8556,434,116800,0.135446,0.18,1,232017,231583,434
49678601,24.9606,24.7711,434,116800,0.123089,0.34,1,232043,231609,434
49681521,9.79213,8.15422,436,116800,0.168618,0.29,1,232049,231613,436
49684441,3.55842,4.83084,434,116800,0.201724,0.26,1,232051,231617,434
49687361,5.51169,4.16617,436,116800,0.288345,0.29,1,232057,231621,436
49690281,4.30234,4.03323,436,116800,0.273669,0.29,1,232061,231625,436
49693201,11.2605,9.60665,438,116800,0.246734,0.26,1,232074,231636,438
49696121,3.85209,3.52133,438,116800,0.209347,0.21,1,232076,231638,438
49699041,11.1704,14.3043,434,116800,0.313869,0.26,1,232089,231655,434
49701961,15.8341,18.8609,431,116800,0.278774,0.19,1,232106,231675,431
49704881,12.7668,10.9722,434,116800,0.255755,0.32,1,232118,231684,434
49707801,28.9534,29.3944,433,116800,0.259151,0.32,1,232151,231718,433
49710721,12.1907,7.47889,439,116800,0.27583,0.08,1,232159,231720,439
49713641,33.6381,34.2958,437,116800,0.327166,0.23,1,232198,231761,437
49716561,8.32763,8.45915,437,116800,0.305433,0.19,1,232200,231763,437
49719481,3.26553,3.29183,437,116800,0.261087,0.29,1,232202,231765,437
49722401,20.6531,26.2584,430,116800,0.308217,0.27,1,232227,231797,430
49725321,14.5306,10.0517,437,116800,0.373643,0.3,1,232240,231803,437
49728241,12.5061,12.4103,436,116800,0.266729,0.3,1,232252,231816,436
49731161,4.10122,4.08207,436,116800,0.365346,0.26,1,232254,231818,436
49734081,2.42024,2.41641,436,116800,0.353069,0.22,1,232256,231820,436
49737001,2.08405,2.08328,436,116800,0.318614,0.29,1,232258,231822,436
49739041,3.61681,3.61666,436,116800,0.375723,0.28,1,232262,231826,436
49741961,2.32336,2.32333,436,116800,0.387145,0.22,1,232264,231828,436
49744881,10.8647,14.0647,432,116800,0.365429,0.25,1,232277,231845,432
49747801,5.37293,7.61293,430,116800,0.345086,0.18,1,232281,231851,430
49750721,8.27459,4.72259,435,116800,0.373017,0.18,1,232290,231855,435
49753641,3.25492,2.54452,435,116800,0.370603,0.27,1,232292,231857,435
49756561,3.85098,6.9089,431,116800,0.314121,0.13,1,232296,231865,431
49759481,27.1702,26.9818,432,116800,0.326824,0.29,1,232329,231897,432
49762401,7.03404,6.99636,432,116800,0.305365,0.21,1,232331,231899,432
49765321,6.20681,6.19927,432,116800,0.357073,0.27,1,232337,231905,432
49768241,7.64136,6.03985,434,116800,0.383415,0.13,1,232345,231911,434
49771161,13.5283,16.408,430,116800,0.348683,0.24,1,232360,231930,430
49774081,19.5057,16.8816,434,116800,0.309737,0.23,1,232381,231947,434
49777001,18.3011,17.7763,434,116800,0.325947,0.26,1,232399,231965,434
49779921,6.86023,9.95526,430,116800,0.281189,0.3,1,232403,231973,430
49782841,17.372,12.3911,437,116800,0.256238,0.31,1,232423,231986,437
49785761,5.07441,4.07821,437,116800,0.251248,0.22,1,232425,231988,437
49788681,2.61488,4.01564,435,116800,0.23425,0.11,1,232427,231992,435
49791601,17.323,20.8031,431,116800,0.24685,0.12,1,232448,232017,431
49794521,29.8646,24.9606,438,116800,0.19337,0.18,1,232481,232043,438
49797441,9.17292,9.79213,436,116800,0.158674,0.21,1,232485,232049,436
49800361,3.43458,3.55842,436,116800,0.175735,0.31,1,232487,232051,436
49803281,3.88692,5.51169,434,116800,0.267147,0.27,1,232491,232057,434
49806201,3.97738,4.30234,434,116800,0.261429,0.24,1,232495,232061,434
49809121,11.9955,11.2605,435,116800,0.284286,0.2,1,232509,232074,435
49812041,7.1991,3.85209,439,116800,0.272857,0.34,1,232515,232076,439
49814961,11.0398,11.1704,438,116800,0.286571,0.27,1,232527,232089,438
49817881,13.408,15.8341,435,116800,0.249314,0.25,1,232541,232106,435
49820801,13.8816,12.7668,437,116800,0.281863,0.26,1,232555,232118,437
49823721,26.7763,28.9534,434,116800,0.296373,0.28,1,232585,232151,434
49826641,12.5553,12.1907,435,116800,0.315275,0.34,1,232594,232159,435
49829561,33.7111,33.6381,435,116800,0.199055,0.3,1,232633,232198,435
49832481,8.34221,8.32763,435,116800,0.199811,0.25,1,232635,232200,435
49835401,8.06844,3.26553,441,116800,0.319962,0.32,1,232643,232202,441
49838321,14.4137,20.6531,432,116800,0.383992,0.39,1,232659,232227,432
49841241,14.8827,14.5306,434,116800,0.316798,0.24,1,232674,232240,434
49844161,17.3765,12.5061,440,116800,0.32736,0.39,1,232692,232252,440
49847081,5.07531,4.10122,440,116800,0.297472,0.35,1,232694,232254,440
49850001,2.61506,2.42024,440,116800,0.259494,0.31,1,232696,232256,440
49852921,2.12301,2.08405,440,116800,0.347899,0.39,1,232698,232258,440
49855521,3.6246,3.61681,440,116800,0.38958,0.39,1,232702,232262,440
49858441,2.32492,2.32336,440,116800,0.397916,0.36,1,232704,232264,440
49861361,8.46498,10.8647,437,116800,0.391583,0.34,1,232714,232277,437
49864281,8.093,5.37293,441,116800,0.286317,0.38,1,232722,232281,441
49867201,4.8186,8.27459,436,116800,0.313263,0.37,1,232726,232290,436
49870121,6.56372,3.25492,441,116800,0.334653,0.3,1,232733,232292,441
49873041,2.91274,3.85098,439,116800,0.314931,0.33,1,232735,232296,439
49875961,27.7825,27.1702,440,116800,0.390986,0.3,1,232769,232329,440
49878881,8.75651,7.03404,442,116800,0.438197,0.37,1,232773,232331,442
49881801,3.3513,6.20681,438,116800,0.423639,0.39,1,232775,232337,438
49884721,7.07026,7.64136,438,116800,0.412728,0.34,1,232783,232345,438
49887641,10.2141,13.5283,434,116800,0.346546,0.3,1,232794,232360,434
49890561,17.2428,19.5057,432,116800,0.317309,0.33,1,232813,232381,432
49893481,21.0486,18.3011,436,116800,0.367462,0.27,1,232835,232399,436
49896401,9.00971,6.86023,438,116800,0.401492,0.25,1,232841,232403,438
49899321,19.4019,17.372,440,116800,0.400298,0.25,1,232863,232423,440
49902241,5.48039,5.07441,440,116800,0.37606,0.23,1,232865,232425,440
49905161,2.69608,2.61488,440,116800,0.339212,0.25,1,232867,232427,440
49908081,14.1392,17.323,436,116800,0.395842,0.18,1,232884,232448,436
49911001,30.8278,29.8646,438,116800,0.343168,0.15,1,232919,232481,438
49913921,7.76557,9.17292,436,116800,0.300634,0.18,1,232921,232485,436
49916841,4.75311,3.43458,438,116800,0.292127,0.29,1,232925,232487,438
49919761,4.15062,3.88692,438,116800,0.322425,0.26,1,232929,232491,438
49922681,4.03012,3.97738,438,116800,0.384485,0.29,1,232933,232495,438
49925601,9.60603,11.9955,435,116800,0.380897,0.27,1,232944,232509,435
49928521,8.3212,7.1991,437,116800,0.348179,0.29,1,232952,232515,437
49931441,10.4642,11.0398,436,116800,0.397636,0.24,1,232963,232527,436
49934361,15.6928,13.408,439,116800,0.351527,0.29,1,232980,232541,439
49937281,12.7386,13.8816,437,116800,0.398305,0.3,1,232992,232555,437
49940201,28.1477,26.7763,439,116800,0.359661,0.32,1,233024,232585,439
49943121,12.0295,12.5553,438,116800,0.287932,0.17,1,233032,232594,438
49946041,35.2059,33.7111,440,116800,0.233586,0.2,1,233073,232633,440
49948961,8.64118,8.34221,440,116800,0.198717,0.35,1,233075,232635,440
49951881,6.52824,8.06844,438,116800,0.159743,0.4,1,233081,232643,438
49954801,15.7056,14.4137,440,116800,0.255949,0.3,1,233099,232659,440
49957721,14.3411,14.8827,439,116800,0.33919,0.33,1,233113,232674,439
49960641,19.6682,17.3765,442,116800,0.267838,0.29,1,233134,232692,442
49963561,5.53365,5.07531,442,116800,0.229568,0.25,1,233136,232694,442
49966481,2.70673,2.61506,442,116800,0.245914,0.37,1,233138,232696,442
49969401,2.14135,2.12301,442,116800,0.217183,0.4,1,233140,232698,442
49972001,3.62827,3.6246,442,116800,0.267437,0.4,1,233144,232702,442
49974921,2.32565,2.32492,442,116800,0.269487,0.39,1,233146,232704,442
49977841,2.06513,8.46498,434,116800,0.357897,0.26,1,233148,232714,434
49980761,10.813,8.093,439,116800,0.367579,0.32,1,233161,232722,439
49983681,3.76261,4.8186,437,116800,0.337516,0.34,1,233163,232726,437
49986601,7.95252,6.56372,439,116800,0.347503,0.31,1,233172,232733,439
49989521,3.1905,2.91274,439,116800,0.405501,0.41,1,233174,232735,439
49992441,30.2381,27.7825,442,116800,0.4011,0.45,1,233211,232769,442
49995361,9.24762,8.75651,442,116800,0.34422,0.42,1,233215,232773,442
49998281,3.44952,3.3513,442,116800,0.308844,0.41,1,233217,232775,442
50001201,3.8899,7.07026,438,116800,0.429769,0.33,1,233221,232783,438
50004121,7.97798,10.2141,436,116800,0.453954,0.31,1,233230,232794,436
50007041,23.1956,17.2428,444,116800,0.282791,0.38,1,233257,232813,444
50009961,19.0391,21.0486,440,116800,0.328558,0.41,1,233275,232835,440
50012881,10.2078,9.00971,442,116800,0.393712,0.4,1,233283,232841,442
50015801,19.6416,19.4019,442,116800,0.390742,0.37,1,233305,232863,442
50018721,7.12831,5.48039,444,116800,0.358148,0.33,1,233309,232865,444
50021641,3.02566,2.69608,444,116800,0.40763,0.41,1,233311,232867,444
50024561,7.80513,14.1392,436,116800,0.433526,0.33,1,233320,232884,436
50027481,31.961,30.8278,439,116800,0.350705,0.29,1,233358,232919,439
50030401,9.5922,7.76557,441,116800,0.398141,0.29,1,233362,232921,441
50033321,6.71844,4.75311,443,116800,0.367628,0.33,1,233368,232925,443
50036241,2.94369,4.15062,441,116800,0.361526,0.4,1,233370,232929,441
50039161,3.78874,4.03012,441,116800,0.416305,0.38,1,233374,232933,441
50042081,7.15775,9.60603,438,116800,0.371261,0.34,1,233382,232944,438
50045001,7.83155,8.3212,438,116800,0.394252,0.41,1,233390,232952,438
50047921,13.5663,10.4642,442,116800,0.37485,0.34,1,233405,232963,442
50050841,10.7133,15.6928,435,116800,0.42697,0.41,1,233415,232980,435
50053761,16.5427,12.7386,441,116800,0.453394,0.35,1,233433,232992,441
50056681,27.3085,28.1477,439,116800,0.394679,0.27,1,233463,233024,439
50059601,10.2617,12.0295,437,116800,0.286936,0.22,1,233469,233032,437
50062521,34.8523,35.2059,437,116800,0.313387,0.19,1,233510,233073,437
50065441,10.1705,8.64118,439,116800,0.350677,0.15,1,233514,233075,439
50068361,5.23409,6.52824,437,116800,0.422136,0.28,1,233518,233081,437
50071281,18.6468,15.7056,441,116800,0.452427,0.36,1,233540,233099,441
50074201,11.7294,14.3411,437,116800,0.386485,0.25,1,233550,233113,437
50077121,18.3459,19.6682,436,116800,0.309297,0.22,1,233570,233134,436
50080041,5.26917,5.53365,436,116800,0.261859,0.25,1,233572,233136,436
50082961,7.45383,2.70673,442,116800,0.276372,0.21,1,233580,233138,442
50085881,3.09077,2.14135,442,116800,0.279274,0.28,1,233582,233140,442
50088801,2.21815,3.62827,440,116800,0.287855,0.27,1,233584,233144,440
50091721,2.04363,2.32565,440,116800,0.377571,0.38,1,233586,233146,440
50094641,3.60873,2.06513,442,116800,0.339514,0.37,1,233590,233148,442
50097561,8.72175,10.813,439,116800,0.379903,0.33,1,233600,233161,439
50100481,4.94435,3.76261,441,116800,0.355981,0.35,1,233604,233163,441
50103401,7.38887,7.95252,440,116800,0.351196,0.42,1,233612,233172,440
50106321,3.07777,3.1905,440,116800,0.318239,0.4,1,233614,233174,440
50109241,33.4156,30.2381,444,116800,0.303648,0.33,1,233655,233211,444
50112161,9.88311,9.24762,444,116800,0.35673,0.3,1,233659,233215,444
50115081,3.57662,3.44952,444,116800,0.335346,0.46,1,233661,233217,444
50118001,3.91532,3.8899,444,116800,0.299069,0.46,1,233665,233221,444
50120921,2.38306,7.97798,437,116800,0.299814,0.24,1,233667,233230,437
50123841,25.2766,23.1956,441,116800,0.211963,0.34,1,233698,233257,441
50126761,19.4553,19.0391,441,116800,0.282393,0.41,1,233716,233275,441
50129681,10.2911,10.2078,441,116800,0.312479,0.39,1,233724,233283,441
50132601,22.8582,19.6416,445,116800,0.334496,0.35,1,233750,233305,445
50135521,6.17164,7.12831,443,116800,0.314899,0.42,1,233752,233309,443
50138441,4.43433,3.02566,445,116800,0.33498,0.44,1,233756,233311,445
50141361,4.88687,7.80513,441,116800,0.338996,0.33,1,233761,233320,441
50144281,31.3774,31.961,441,116800,0.283799,0.41,1,233799,233358,441
50147201,12.6755,9.5922,445,116800,0.24876,0.36,1,233807,233362,445
50150121,4.13509,6.71844,441,116800,0.265752,0.36,1,233809,233368,441
50153041,2.42702,2.94369,441,116800,0.26915,0.43,1,233811,233370,441
50155961,6.8854,3.78874,445,116800,0.22983,0.36,1,233819,233374,445
50158881,6.17708,7.15775,443,116800,0.293966,0.4,1,233825,233382,443
50161801,6.03542,7.83155,441,116800,0.306793,0.37,1,233831,233390,441
50164721,17.2071,13.5663,446,116800,0.229359,0.44,1,233851,233405,446
50167641,6.64142,10.7133,440,116800,0.221872,0.46,1,233855,233415,440
50170561,15.7283,16.5427,440,116800,0.316374,0.38,1,233873,233433,440
50173481,27.9457,27.3085,441,116800,0.199275,0.26,1,233904,233463,441
50176401,8.78913,10.2617,439,116800,0.239855,0.32,1,233908,233469,439
50179321,36.9578,34.8523,442,116800,0.255971,0.36,1,233952,233510,442
50182241,8.99156,10.1705,440,116800,0.275194,0.44,1,233954,233514,440
50185161,3.39831,5.23409,438,116800,0.255039,0.46,1,233956,233518,438
50188081,19.8797,18.6468,440,116800,0.259008,0.37,1,233980,233540,440
50191001,11.9759,11.7294,440,116800,0.283802,0.29,1,233990,233550,440
50193921,15.1952,18.3459,436,116800,0.28876,0.25,1,234006,233570,436
50196841,4.63904,5.26917,436,116800,0.281752,0.28,1,234008,233572,436
50199761,8.12781,7.45383,437,116800,0.32035,0.28,1,234017,233580,437
50202681,3.22556,3.09077,437,116800,0.33607,0.29,1,234019,233582,437
50205601,7.04511,2.21815,443,116800,0.355214,0.4,1,234027,233584,443
50208521,3.00902,2.04363,443,116800,0.359043,0.33,1,234029,233586,443
50211441,2.2018,3.60873,441,116800,0.351809,0.39,1,234031,233590,441
50214361,7.64036,8.72175,440,116800,0.374362,0.35,1,234040,233600,440
50217281,3.12807,4.94435,438,116800,0.378872,0.35,1,234042,233604,438
50220201,5.42561,7.38887,436,116800,0.275774,0.31,1,234048,233612,436
50223121,5.88512,3.07777,440,116800,0.351155,0.3,1,234054,233614,440
50226041,30.777,33.4156,436,116800,0.270231,0.37,1,234091,233655,436
50228961,7.7554,9.88311,434,116800,0.294046,0.33,1,234093,233659,434
50231881,3.15108,3.57662,434,116800,0.258809,0.29,1,234095,233661,434
50234801,9.43022,3.91532,441,116800,0.331762,0.3,1,234106,233665,441
50237721,3.48604,2.38306,441,116800,0.314352,0.19,1,234108,233667,441
50240641,13.4972,25.2766,426,116800,0.27887,0.3,1,234124,233698,426
50243561,27.4994,19.4553,439,116800,0.255774,0.32,1,234155,233716,439
50246481,11.8999,10.2911,439,116800,0.339155,0.34,1,234163,233724,439
50249401,23.18,22.8582,439,116800,0.339831,0.31,1,234189,233750,439
50252321,6.236,6.17164,439,116800,0.315966,0.34,1,234191,233752,439
50255241,4.4472,4.43433,439,116800,0.247193,0.34,1,234195,233756,439
50258161,4.08944,4.88687,438,116800,0.177439,0.27,1,234199,233761,438
50261081,29.6179,31.3774,436,116800,0.315488,0.24,1,234235,233799,436
50264001,10.7236,12.6755,434,116800,0.303098,0.27,1,234241,233807,434
50266921,5.34472,4.13509,436,116800,0.23662,0.27,1,234245,233809,436
50269841,5.86894,2.42702,440,116800,0.279324,0.22,1,234251,233811,440
50272761,5.97379,6.8854,438,116800,0.335865,0.31,1,234257,233819,438
50275681,4.39476,6.17708,436,116800,0.283173,0.31,1,234261,233825,436
50278601,6.47895,6.03542,437,116800,0.344635,0.21,1,234268,233831,437
50281521,16.4958,17.2071,436,116800,0.236927,0.22,1,234287,233851,436
50284441,6.49916,6.64142,436,116800,0.343385,0.34,1,234291,233855,436
50287361,15.6998,15.7283,436,116800,0.356677,0.17,1,234309,233873,436
50290281,26.34,27.9457,434,116800,0.375335,0.25,1,234338,233904,434
50293201,10.068,8.78913,436,116800,0.283067,0.26,1,234344,233908,436
50296121,31.6136,36.9578,429,116800,0.296613,0.28,1,234381,233952,429
50299041,9.52272,8.99156,431,116800,0.395323,0.25,1,234385,233954,431
50301961,3.50454,3.39831,431,116800,0.407065,0.26,1,234387,233956,431
50304881,24.7009,19.8797,437,116800,0.345413,0.29,1,234417,233980,437
50307801,14.5402,11.9759,439,116800,0.389083,0.29,1,234429,233990,439
50310721,10.908,15.1952,433,116800,0.333817,0.28,1,234439,234006,433
50313641,8.58161,4.63904,439,116800,0.274763,0.33,1,234447,234008,439
50316561,8.91632,8.12781,439,116800,0.246953,0.34,1,234456,234017,439
50319481,3.38326,3.22556,439,116800,0.249391,0.36,1,234458,234019,439
50322401,7.07665,7.04511,439,116800,0.121878,0.36,1,234466,234027,439
50325321,3.01533,3.00902,439,116800,0.192376,0.35,1,234468,234029,439
50328241,2.20307,2.2018,439,116800,0.214475,0.38,1,234470,234031,439
50331161,8.44061,7.64036,440,116800,0.250895,0.38,1,234480,234040,440
50334081,3.28812,3.12807,440,116800,0.362179,0.25,1,234482,234042,440
50337001,2.25762,5.42561,436,116800,0.352436,0.37,1,234484,234048,436
50339921,5.25153,5.88512,436,116800,0.350487,0.25,1,234490,234054,436
50342841,33.0503,30.777,439,116800,0.342097,0.3,1,234530,234091,439
50345761,8.21006,7.7554,439,116800,0.348419,0.25,1,234532,234093,439
50348681,3.24201,3.15108,439,116800,0.317684,0.35,1,234534,234095,439
50351601,10.2484,9.43022,440,116800,0.359537,0.31,1,234546,234106,440
50354521,3.64968,3.48604,440,116800,0.343907,0.27,1,234548,234108,440
50357441,13.5299,13.4972,440,116800,0.316781,0.25,1,234564,234124,440
50360361,26.706,27.4994,439,116800,0.367356,0.36,1,234594,234155,439
50363281,10.9412,11.8999,438,116800,0.313471,0.34,1,234601,234163,438
50366201,16.5882,23.18,430,116800,0.350694,0.31,1,234619,234189,430
50369121,9.71765,6.236,436,116800,0.302139,0.23,1,234627,234191,436
50372041,9.14353,4.4472,441,116800,0.356428,0.16,1,234636,234195,441
50374961,5.02871,4.08944,441,116800,0.335286,0.35,1,234640,234199,441
50377881,23.4057,29.6179,433,116800,0.307057,0.3,1,234668,234235,433
50380801,12.6811,10.7236,437,116800,0.181411,0.22,1,234678,234241,437
50383721,7.33623,5.34472,439,116800,0.332282,0.29,1,234684,234245,439
50386641,4.66725,5.86894,437,116800,0.290456,0.35,1,234688,234251,437
50389561,7.33345,5.97379,439,116800,0.322091,0.27,1,234696,234257,439
50392481,6.26669,4.39476,441,116800,0.328418,0.36,1,234702,234261,441
50395401,2.85334,6.47895,436,116800,0.305684,0.21,1,234704,234268,436
50398321,17.3707,16.4958,438,116800,0.277137,0.37,1,234725,234287,438
50401241,11.4741,6.49916,444,116800,0.263427,0.36,1,234735,234291,444
50404161,15.0948,15.6998,442,116800,0.268685,0.38,1,234751,234309,442
50407081,20.619,26.34,435,116800,0.333737,0.26,1,234773,234338,435
50410001,12.9238,10.068,440,116800,0.338747,0.3,1,234784,234344,440
50412921,32.9848,31.6136,441,116800,0.291749,0.42,1,234822,234381,441
50415841,8.19695,9.52272,439,116800,0.25035,0.41,1,234824,234385,439
50418761,3.23939,3.50454,439,116800,0.32207,0.33,1,234826,234387,439
50421681,27.0479,24.7009,442,116800,0.344414,0.4,1,234859,234417,442
50424601,12.6096,14.5402,439,116800,0.332883,0.32,1,234868,234429,439
50427521,5.72191,10.908,433,116800,0.354577,0.26,1,234872,234439,433
50430441,8.34438,8.58161,434,116800,0.318915,0.24,1,234881,234447,434
50433361,4.86888,8.91632,429,116800,0.343783,0.25,1,234885,234456,429
50436281,5.77378,3.38326,433,116800,0.260757,0.09,1,234891,234458,433
50439201,9.15476,7.07665,435,116800,0.276151,0.21,1,234901,234466,435
50442121,3.43095,3.01533,435,116800,0.35123,0.22,1,234903,234468,435
50445041,2.28619,2.20307,435,116800,0.342246,0.26,1,234905,234470,435
50447961,12.4572,8.44061,440,116800,0.340449,0.39,1,234920,234480,440
50450881,4.09145,3.28812,440,116800,0.30009,0.35,1,234922,234482,440
50453801,2.41829,2.25762,440,116800,0.260018,0.35,1,234924,234484,440
50456721,2.08366,5.25153,436,116800,0.340004,0.34,1,234926,234490,436
50459641,28.4167,33.0503,431,116800,0.276001,0.35,1,234961,234530,431
50462561,15.2833,8.21006,441,116800,0.2872,0.31,1,234973,234532,441
50465481,4.65667,3.24201,441,116800,0.26544,0.37,1,234975,234534,441
50468401,7.33133,10.2484,437,116800,0.309088,0.34,1,234983,234546,437
50471321,4.66627,3.64968,439,116800,0.309818,0.31,1,234987,234548,439
50474241,12.9333,13.5299,438,116800,0.269964,0.38,1,235002,234564,438
50477161,22.5867,26.706,433,116800,0.349993,0.3,1,235027,234594,433
50480081,10.9173,10.9412,434,116800,0.293999,0.36,1,235035,234601,434
50483001,18.1835,16.5882,436,116800,0.3628,0.29,1,235055,234619,436
50485921,12.4367,9.71765,439,116800,0.39256,0.37,1,235066,234627,439
50488841,4.08734,9.14353,432,116800,0.366512,0.33,1,235068,234636,432
50491761,7.21747,5.02871,436,116800,0.233302,0.3,1,235076,234640,436
50494681,19.8435,23.4057,431,116800,0.38266,0.15,1,235099,234668,431
50497601,15.9687,12.6811,436,116800,0.404532,0.37,1,235114,234678,436
50500521,7.99374,7.33623,436,116800,0.312906,0.28,1,235120,234684,436
50503441,6.39875,4.66725,438,116800,0.366581,0.33,1,235126,234688,438
50506361,6.07975,7.33345,436,116800,0.313316,0.33,1,235132,234696,436
50509281,6.01595,6.26669,436,116800,0.342663,0.3,1,235138,234702,436
50512201,6.80319,2.85334,441,116800,0.396533,0.27,1,235145,234704,441
50515121,14.1606,17.3707,436,116800,0.295307,0.26,1,235161,234725,436
50518041,14.0321,11.4741,440,116800,0.331061,0.27,1,235175,234735,440
50520961,6.00643,15.0948,428,116800,0.274212,0.35,1,235179,234751,428
50523881,27.6013,20.619,439,116800,0.382842,0.34,1,235212,234773,439
50526801,10.3203,12.9238,434,116800,0.308569,0.28,1,235218,234784,434
50529721,32.4641,32.9848,434,116800,0.269714,0.24,1,235256,234822,434
50532641,8.09281,8.19695,434,116800,0.285943,0.34,1,235258,234824,434
50535561,4.81856,3.23939,436,116800,0.361189,0.35,1,235262,234826,436
50538481,28.9637,27.0479,438,116800,0.248238,0.33,1,235297,234859,438
50541401,12.1927,12.6096,437,116800,0.345648,0.36,1,235305,234868,437
50544321,5.63855,5.72191,437,116800,0.38113,0.31,1,235309,234872,437
50547241,5.92771,8.34438,434,116800,0.380226,0.35,1,235315,234881,434
50550161,4.38554,4.86888,434,116800,0.372045,0.24,1,235319,234885,434
50553081,7.27711,5.77378,436,116800,0.314409,0.28,1,235327,234891,436
50556001,7.85542,9.15476,434,116800,0.302882,0.37,1,235335,234901,434
50558921,7.17108,3.43095,439,116800,0.340576,0.34,1,235342,234903,439
50561841,3.03422,2.28619,439,116800,0.316115,0.34,1,235344,234905,439
50564761,10.2068,12.4572,436,116800,0.271223,0.29,1,235356,234920,436
50567681,3.64137,4.09145,436,116800,0.350245,0.25,1,235358,234922,436
50570601,2.32827,2.41829,436,116800,0.334049,0.36,1,235360,234924,436
50573521,2.06565,2.08366,436,116800,0.37881,0.26,1,235362,234926,436
50576441,28.4131,28.4167,436,116800,0.283762,0.29,1,235397,234961,436
50579361,16.8826,15.2833,438,116800,0.328752,0.26,1,235411,234973,438
50582281,4.97652,4.65667,438,116800,0.30575,0.32,1,235413,234975,438
50585201,5.79531,7.33133,436,116800,0.27715,0.31,1,235419,234983,436
50588121,5.95906,4.66627,438,116800,0.35943,0.26,1,235425,234987,438
50591041,9.99181,12.9333,434,116800,0.375886,0.37,1,235436,235002,434
50593961,22.7984,22.5867,435,116800,0.355177,0.28,1,235462,235027,435
50596881,11.7597,10.9173,436,116800,0.279035,0.38,1,235471,235035,436
50599801,22.3519,18.1835,441,116800,0.303807,0.4,1,235496,235055,441
50602721,6.07039,12.4367,432,116800,0.308761,0.36,1,235498,235066,432
50605641,4.41408,4.08734,434,116800,0.309752,0.2,1,235502,235068,434
50608561,12.0828,7.21747,440,116800,0.26995,0.42,1,235516,235076,440
50611481,18.4166,19.8435,437,116800,0.30999,0.41,1,235536,235099,437
50614401,16.4833,15.9687,438,116800,0.261998,0.29,1,235552,235114,438
50617321,8.09666,7.99374,438,116800,0.2604,0.38,1,235558,235120,438
50620241,6.41933,6.39875,438,116800,0.28408,0.3,1,235564,235126,438
50623161,9.28387,6.07975,442,116800,0.168816,0.35,1,235574,235132,442
50626081,5.05677,6.01595,440,116800,0.281763,0.41,1,235578,235138,440
50629001,5.01135,6.80319,438,116800,0.296353,0.27,1,235583,235145,438
50631921,15.4023,14.1606,440,116800,0.235271,0.34,1,235601,235161,440
50634841,11.0805,14.0321,436,116800,0.223054,0.26,1,235611,235175,436
50637761,10.2161,6.00643,442,116800,0.244611,0.41,1,235621,235179,442
50640681,24.4432,27.6013,437,116800,0.312922,0.29,1,235649,235212,437
50643601,11.2886,10.3203,439,116800,0.294584,0.26,1,235657,235218,439
50646521,31.8577,32.4641,438,116800,0.178917,0.29,1,235694,235256,438
50649441,9.57155,8.09281,440,116800,0.0997834,0.38,1,235698,235258,440
50652361,5.11431,4.81856,440,116800,0.235957,0.22,1,235702,235262,440
50655281,29.8229,28.9637,441,116800,0.271191,0.37,1,235738,235297,441
50658201,12.3646,12.1927,441,116800,0.350238,0.39,1,235746,235305,441
50661121,5.67291,5.63855,441,116800,0.334048,0.38,1,235750,235309,441
50664041,2.73458,5.92771,437,116800,0.33081,0.37,1,235752,235315,437
50666961,2.14692,4.38554,435,116800,0.306162,0.3,1,235754,235319,435
50669881,6.82938,7.27711,435,116800,0.333232,0.3,1,235762,235327,435
50672801,9.36588,7.85542,437,116800,0.266646,0.35,1,235772,235335,437
50675721,6.67318,7.17108,436,116800,0.317329,0.31,1,235778,235342,436
50678641,2.93464,3.03422,436,116800,0.295466,0.26,1,235780,235344,436
50681561,14.9869,10.2068,442,116800,0.243093,0.37,1,235798,235356,442
50684481,4.59739,3.64137,442,116800,0.200619,0.33,1,235800,235358,442
50687401,2.51948,2.32827,442,116800,0.312124,0.39,1,235802,235360,442
50690321,2.1039,2.06565,442,116800,0.326425,0.26,1,235804,235362,442
50693241,22.0208,28.4131,434,116800,0.369285,0.34,1,235831,235397,434
50696161,16.4042,16.8826,435,116800,0.329857,0.3,1,235846,235411,435
50699081,8.88083,4.97652,440,116800,0.337971,0.27,1,235853,235413,440
50702001,4.97617,5.79531,438,116800,0.315594,0.38,1,235857,235419,438
50704921,5.79523,5.95906,438,116800,0.295119,0.38,1,235863,235425,438
50707841,7.55905,9.99181,435,116800,0.347024,0.35,1,235871,235436,435
50710761,22.3118,22.7984,435,116800,0.277405,0.26,1,235897,235462,435
50713681,10.8624,11.7597,434,116800,0.375481,0.31,1,235905,235471,434
50716601,22.9725,22.3519,435,116800,0.371096,0.31,1,235931,235496,435
50719521,6.19449,6.07039,435,116800,0.370219,0.31,1,235933,235498,435
50722441,6.0389,4.41408,437,116800,0.330044,0.26,1,235939,235502,437
50725361,10.0078,12.0828,434,116800,0.378009,0.32,1,235950,235516,434
50728281,22.8016,18.4166,440,116800,0.347602,0.25,1,235976,235536,440
50731201,14.9603,16.4833,437,116800,0.36552,0.26,1,235989,235552,437
50734121,4.59206,8.09666,433,116800,0.337104,0.29,1,235991,235558,433
50737041,2.51841,6.41933,429,116800,0.355421,0.14,1,235993,235564,429
50739961,14.1037,9.28387,436,116800,0.367084,0.31,1,236010,235574,436
50742881,9.22074,5.05677,440,116800,0.345417,0.3,1,236018,235578,440
50745801,3.44415,5.01135,437,116800,0.309083,0.22,1,236020,235583,437
50748721,11.8888,15.4023,433,116800,0.421817,0.22,1,236034,235601,433
50751641,11.9778,11.0805,435,116800,0.436363,0.25,1,236046,235611,435
50754561,13.5956,10.2161,439,116800,0.287273,0.33,1,236060,235621,439
50757481,25.1191,24.4432,439,116800,0.337455,0.29,1,236088,235649,439
50760401,6.62382,11.2886,433,116800,0.419491,0.15,1,236090,235657,433
50763321,33.3248,31.8577,436,116800,0.323898,0.08,1,236130,235694,436
50766241,8.26495,9.57155,434,116800,0.27278,0.27,1,236132,235698,434
50769161,7.25299,5.11431,437,116800,0.262556,0.28,1,236139,235702,437
50772081,31.8506,29.8229,439,116800,0.252511,0.37,1,236177,235738,439
50775001,11.1701,12.3646,437,116800,0.250502,0.33,1,236183,235746,437
50777921,7.03402,5.67291,439,116800,0.2421,0.33,1,236189,235750,439
50780841,3.0068,2.73458,439,116800,0.31242,0.3,1,236191,235752,439
50783761,3.80136,2.14692,441,116800,0.326484,0.34,1,236195,235754,441
50786681,2.36027,6.82938,435,116800,0.337297,0.25,1,236197,235762,435
50789601,7.67205,9.36588,434,116800,0.291459,0.33,1,236206,235772,434
50792521,9.53441,6.67318,438,116800,0.194292,0.29,1,236216,235778,438
50795441,3.50688,2.93464,438,116800,0.174858,0.23,1,236218,235780,438
50798361,12.7014,14.9869,435,116800,0.250972,0.19,1,236233,235798,435
50801281,5.74028,4.59739,437,116800,0.202194,0.34,1,236237,235800,437
50804201,5.94806,2.51948,441,116800,0.248439,0.33,1,236243,235802,441
50807121,2.78961,2.1039,441,116800,0.257688,0.38,1,236245,235804,441
50810041,19.7579,22.0208,438,116800,0.195538,0.32,1,236269,235831,438
50812961,14.3516,16.4042,436,116800,0.239108,0.34,1,236282,235846,436
50815881,9.27032,8.88083,437,116800,0.159821,0.31,1,236290,235853,437
50818801,5.05406,4.97617,437,116800,0.279964,0.29,1,236294,235857,437
50821721,7.41081,5.79523,439,116800,0.271993,0.36,1,236302,235863,439
50824641,10.2822,7.55905,442,116800,0.222399,0.26,1,236313,235871,442
50827561,21.2564,22.3118,440,116800,0.22048,0.4,1,236337,235897,440
50830481,9.05129,10.8624,438,116800,0.212096,0.37,1,236343,235905,438
50833401,26.6103,22.9725,443,116800,0.266419,0.37,1,236374,235931,443
50836321,6.92205,6.19449,443,116800,0.317284,0.32,1,236376,235933,443
50839241,4.58441,6.0389,441,116800,0.295457,0.39,1,236380,235939,441
50842161,5.71688,10.0078,436,116800,0.291091,0.34,1,236386,235950,436
50845081,21.1434,22.8016,435,116800,0.274218,0.37,1,236411,235976,435
50848001,15.4287,14.9603,436,116800,0.246844,0.33,1,236425,235989,436
50850921,6.28573,4.59206,438,116800,0.169369,0.36,1,236429,235991,438
50853841,2.85715,2.51841,438,116800,0.193874,0.37,1,236431,235993,438
50856761,13.3714,14.1037,437,116800,0.198775,0.34,1,236447,236010,437
50859681,13.0743,9.22074,442,116800,0.199755,0.3,1,236460,236018,442
50862601,5.81486,3.44415,444,116800,0.175951,0.45,1,236464,236020,444
50865521,12.363,11.8888,444,116800,0.25119,0.44,1,236478,236034,444
50868441,5.67259,11.9778,436,116800,0.194238,0.25,1,236482,236046,436
50871361,17.9345,13.5956,443,116800,0.134848,0.35,1,236503,236060,443
50874281,20.3869,25.1191,436,116800,0.23497,0.44,1,236524,236088,436
50877201,5.67738,6.62382,436,116800,0.278994,0.3,1,236526,236090,436
50880121,32.3355,33.3248,435,116800,0.159799,0.26,1,236565,236130,435
50883041,8.0671,8.26495,435,116800,0.10396,0.26,1,236567,236132,435
50885961,6.41342,7.25299,434,116800,0.068792,0.25,1,236573,236139,434
50888881,31.6827,31.8506,434,116800,0.189758,0.25,1,236611,236177,434
50891801,14.3365,11.1701,438,116800,0.245952,0.24,1,236621,236183,438
50894721,6.06731,7.03402,436,116800,0.31319,0.33,1,236625,236189,436
50897641,2.81346,3.0068,436,116800,0.294638,0.33,1,236627,236191,436
50900561,2.16269,3.80136,434,116800,0.258928,0.34,1,236629,236195,434
50903481,2.03254,2.36027,434,116800,0.331786,0.28,1,236631,236197,434
50906401,5.20651,7.67205,431,116800,0.346357,0.17,1,236637,236206,431
50909321,11.4413,9.53441,434,116800,0.285271,0.17,1,236650,236216,434
50912241,3.88826,3.50688,434,116800,0.241054,0.27,1,236652,236218,434
50915161,13.5777,12.7014,435,116800,0.256211,0.19,1,236668,236233,435
50918081,7.51553,5.74028,437,116800,0.251242,0.26,1,236674,236237,437
50921001,3.10311,5.94806,433,116800,0.338248,0.26,1,236676,236243,433
50923921,7.02062,2.78961,439,116800,0.27565,0.18,1,236684,236245,439
50926841,16.6041,19.7579,434,116800,0.31913,0.25,1,236703,236269,434
50929761,8.12082,14.3516,427,116800,0.327826,0.14,1,236709,236282,427
50932681,12.0242,9.27032,432,116800,0.265565,0.31,1,236722,236290,432
50935601,10.4048,5.05406,438,116800,0.285113,0.27,1,236732,236294,438
50938521,3.68097,7.41081,432,116800,0.289023,0.21,1,236734,236302,432
50941441,9.53619,10.2822,432,116800,0.329805,0.22,1,236745,236313,432
50944361,23.5072,21.2564,435,116800,0.313961,0.21,1,236772,236337,435
50947281,7.90145,9.05129,433,116800,0.246792,0.28,1,236776,236343,433
50950201,28.7803,26.6103,436,116800,0.297358,0.33,1,236810,236374,436
50953121,7.35606,6.92205,436,116800,0.331472,0.29,1,236812,236376,436
50956041,3.07121,4.58441,434,116800,0.346294,0.29,1,236814,236380,434
50958961,3.81424,5.71688,432,116800,0.317259,0.27,1,236818,236386,432
50961881,23.9628,21.1434,436,116800,0.279452,0.24,1,236847,236411,436
50964801,13.5926,15.4287,433,116800,0.31989,0.15,1,236858,236425,433
50967721,4.31851,6.28573,431,116800,0.295978,0.2,1,236860,236429,431
50970641,6.4637,2.85715,436,116800,0.307196,0.2,1,236867,236431,436
50973561,11.6927,13.3714,433,116800,0.333439,0.2,1,236880,236447,433
50976481,12.7385,13.0743,433,116800,0.346688,0.17,1,236893,236460,433
50979401,4.14771,5.81486,431,116800,0.341338,0.27,1,236895,236464,431
50982321,12.0295,12.363,431,116800,0.364267,0.18,1,236909,236478,431
50985241,8.80591,5.67259,435,116800,0.352854,0.12,1,236917,236482,435
50988161,12.1612,17.9345,427,116800,0.342571,0.26,1,236930,236503,427
50991081,24.0322,20.3869,433,116800,0.308514,0.29,1,236957,236524,433
50994001,6.40645,5.67738,433,116800,0.301703,0.13,1,236959,236526,433
50996921,31.6813,32.3355,432,116800,0.228341,0.09,1,236997,236565,432
50999841,11.1363,8.0671,436,116800,0.277668,0.06,1,237003,236567,436
51002761,3.82725,6.41342,432,116800,0.263534,0.22,1,237005,236573,432
51005681,32.7655,31.6827,434,116800,0.292707,0.26,1,237045,236611,434
51008601,19.3531,14.3365,440,116800,0.274541,0.33,1,237061,236621,440
51011521,7.07062,6.06731,440,116800,0.278908,0.29,1,237065,236625,440
51014441,3.01412,2.81346,440,116800,0.255782,0.25,1,237067,236627,440
51017361,2.20282,2.16269,440,116800,0.339156,0.35,1,237069,236629,440
51020281,2.04056,2.03254,440,116800,0.315831,0.35,1,237071,236631,440
51023201,2.00811,5.20651,436,116800,0.311166,0.27,1,237073,236637,436
51026121,12.4016,11.4413,438,116800,0.318233,0.23,1,237088,236650,438
51029041,4.08032,3.88826,438,116800,0.287647,0.26,1,237090,236652,438
51031961,13.6161,13.5777,438,116800,0.265529,0.25,1,237106,236668,438
51034881,5.92321,7.51553,436,116800,0.197106,0.36,1,237110,236674,436
51037801,4.38464,3.10311,438,116800,0.239421,0.26,1,237114,236676,438
51040721,4.07693,7.02062,434,116800,0.295884,0.33,1,237118,236684,434
51043641,17.6154,16.6041,436,116800,0.307177,0.33,1,237139,236703,436
51046561,6.72308,8.12082,434,116800,0.317435,0.25,1,237143,236709,434
51049481,14.1446,12.0242,437,116800,0.247487,0.29,1,237159,236722,437
51052401,10.8289,10.4048,437,116800,0.217497,0.29,1,237169,236732,437
51055321,3.76578,3.68097,437,116800,0.211499,0.34,1,237171,236734,437
51058241,6.35316,9.53619,433,116800,0.2503,0.31,1,237178,236745,433
51061161,29.2706,23.5072,441,116800,0.25006,0.23,1,237213,236772,441
51064081,7.45413,7.90145,439,116800,0.218012,0.31,1,237215,236776,439
51067001,26.2908,28.7803,436,116800,0.251602,0.34,1,237246,236810,436
51069921,6.85816,7.35606,436,116800,0.25832,0.35,1,237248,236812,436
51072841,2.97163,3.07121,436,116800,0.275664,0.31,1,237250,236814,436
51075761,7.79433,3.81424,441,116800,0.303133,0.27,1,237259,236818,441
51078681,21.5589,23.9628,437,116800,0.212627,0.33,1,237284,236847,437
51081601,11.5118,13.5926,435,116800,0.250525,0.29,1,237293,236858,435
51084521,8.70235,4.31851,441,116800,0.306105,0.31,1,237301,236860,441
51087441,6.54047,6.4637,440,116800,0.245221,0.34,1,237307,236867,440
51090361,11.7081,11.6927,440,116800,0.273044,0.35,1,237320,236880,440
51093281,7.14162,12.7385,433,116800,0.310609,0.34,1,237326,236893,433
51096201,4.62832,4.14771,435,116800,0.262122,0.37,1,237330,236895,435
51099121,14.5257,12.0295,438,116800,0.204424,0.35,1,237347,236909,438
51102041,9.30513,8.80591,438,116800,0.248885,0.34,1,237355,236917,438
51104961,6.66103,12.1612,431,116800,0.249777,0.3,1,237361,236930,431
51107881,30.9322,24.0322,441,116800,0.217955,0.3,1,237398,236957,441
51110801,7.78644,6.40645,441,116800,0.187591,0.21,1,237400,236959,441
51113721,25.5573,31.6813,433,116800,0.221518,0.29,1,237430,236997,433
51116641,13.1115,11.1363,437,116800,0.244304,0.26,1,237440,237003,437
51119561,4.22229,3.82725,437,116800,0.248861,0.3,1,237442,237005,437
51122481,30.4445,32.7655,434,116800,0.153772,0.27,1,237479,237045,434
51125401,21.2889,19.3531,437,116800,0.142754,0.28,1,237498,237061,437
51128321,7.45778,7.07062,437,116800,0.228551,0.25,1,237502,237065,437
51131241,3.09156,3.01412,437,116800,0.20571,0.36,1,237504,237067,437
51134161,3.81831,2.20282,439,116800,0.233142,0.31,1,237508,237069,439
51135761,1.56366,2.04056,438,116800,0.246628,0.34,1,237509,237071,438
51138681,1.91273,3.60811,436,116800,0.249326,0.32,1,237511,237075,436
51141601,12.3825,11.1216,438,116800,0.233865,0.28,1,237526,237088,438
51144521,4.07651,3.82432,438,116800,0.198773,0.26,1,237528,237090,438
51147441,8.8153,13.5649,432,116800,0.247755,0.18,1,237538,237106,432
51150361,8.16306,5.91297,436,116800,0.297551,0.25,1,237546,237110,436
51153281,3.23261,4.38259,434,116800,0.27551,0.31,1,237548,237114,434
51156201,5.44652,4.07652,436,116800,0.239102,0.31,1,237554,237118,436
51159121,18.6893,17.6153,437,116800,0.25582,0.32,1,237576,237139,437
51162041,6.93786,6.72306,437,116800,0.235164,0.23,1,237580,237143,437
51164961,10.1876,14.1446,432,116800,0.311033,0.21,1,237591,237159,432
51167881,12.4375,10.8289,435,116800,0.286207,0.21,1,237604,237169,435
51170801,5.6875,3.76578,437,116800,0.233241,0.26,1,237608,237171,437
51173721,7.5375,6.35316,438,116800,0.182648,0.25,1,237616,237178,438
51176641,23.9075,29.2706,431,116800,0.23653,0.21,1,237644,237213,431
51179561,7.9815,7.45413,433,116800,0.215306,0.26,1,237648,237215,433
51182481,28.7963,26.2908,436,116800,0.299061,0.26,1,237682,237246,436
51185401,7.35926,6.85816,436,116800,0.291812,0.28,1,237684,237248,436
51188321,3.07185,2.97163,436,116800,0.314362,0.31,1,237686,237250,436
51191241,8.61437,7.79433,437,116800,0.310872,0.19,1,237696,237259,437
51194161,21.7229,21.5589,437,116800,0.326174,0.26,1,237721,237284,437
51197081,10.7446,11.5118,436,116800,0.329235,0.32,1,237729,237293,436
51200001,8.54891,8.70235,436,116800,0.281847,0.23,1,237737,237301,436
51202921,3.30978,6.54047,432,116800,0.256369,0.28,1,237739,237307,432
51205841,13.462,11.7081,435,116800,0.243274,0.32,1,237755,237320,435
51208761,9.89239,7.14162,438,116800,0.232655,0.25,1,237764,237326,438
51211681,3.57848,4.62832,436,116800,0.270531,0.19,1,237766,237330,436
51214601,14.3157,14.5257,436,116800,0.286106,0.26,1,237783,237347,436
51217521,6.06314,9.30513,432,116800,0.233221,0.25,1,237787,237355,432
51220441,8.41263,6.66103,435,116800,0.294644,0.21,1,237796,237361,435
51223361,32.0825,30.9322,436,116800,0.330929,0.18,1,237834,237398,436
51226281,8.0165,7.78644,436,116800,0.306186,0.23,1,237836,237400,436
51229201,24.0033,25.5573,434,116800,0.269237,0.25,1,237864,237430,434
51232121,13.6007,13.1115,435,116800,0.221847,0.25,1,237875,237440,435
51235041,4.32013,4.22229,435,116800,0.188369,0.13,1,237877,237442,435
51237961,27.264,30.4445,431,116800,0.285674,0.14,1,237910,237479,431
51240881,22.2528,21.2889,433,116800,0.313135,0.25,1,237931,237498,433
51243801,7.65056,7.45778,433,116800,0.246627,0.2,1,237935,237502,433
51246721,3.13011,3.09156,433,116800,0.201325,0.24,1,237937,237504,433
51249641,3.82602,3.81831,433,116800,0.240265,0.25,1,237941,237508,433
51252561,4.7652,1.56366,437,116800,0.272053,0.25,1,237946,237509,437
51254741,2.55304,1.91273,437,116800,0.366411,0.23,1,237948,237511,437
51257661,10.9106,12.3825,435,116800,0.321282,0.19,1,237961,237526,435
51260581,3.78212,4.07651,435,116800,0.280256,0.26,1,237963,237528,435
51263501,8.75642,8.8153,435,116800,0.248051,0.31,1,237973,237538,435
51266421,4.95128,8.16306,431,116800,0.26561,0.27,1,237977,237546,431
51269341,2.59026,3.23261,431,116800,0.317122,0.23,1,237979,237548,431
51272261,8.51805,5.44652,435,116800,0.303424,0.26,1,237989,237554,435
51275181,18.5036,18.6893,434,116800,0.284685,0.23,1,238010,237576,434
51278101,6.90072,6.93786,434,116800,0.272937,0.33,1,238014,237580,434
51281021,4.58014,10.1876,427,116800,0.318587,0.28,1,238018,237591,427
51283941,14.516,12.4375,431,116800,0.303717,0.22,1,238035,237604,431
51286861,4.50321,5.6875,429,116800,0.260743,0.17,1,238037,237608,429
51289781,8.90064,7.5375,431,116800,0.284149,0.25,1,238047,237616,431
51292701,22.5801,23.9075,429,116800,0.31283,0.21,1,238073,237644,429
51295621,9.31603,7.9815,431,116800,0.302566,0.32,1,238079,237648,431
51298541,34.6632,28.7963,438,116800,0.316513,0.29,1,238120,237682,438
51301461,8.53264,7.35926,438,116800,0.287303,0.32,1,238122,237684,438
51304381,3.30653,3.07185,438,116800,0.305461,0.31,1,238124,237686,438
51307301,8.66131,8.61437,438,116800,0.341092,0.33,1,238134,237696,438
51310221,22.5323,21.7229,439,116800,0.356218,0.33,1,238160,237721,439
51313141,7.70645,10.7446,435,116800,0.319244,0.27,1,238164,237729,435
51316061,9.54129,8.54891,437,116800,0.255849,0.25,1,238174,237737,437
51318981,3.50826,3.30978,437,116800,0.33117,0.24,1,238176,237739,437
51321901,11.9017,13.462,435,116800,0.234234,0.23,1,238190,237755,435
51324821,10.3803,9.89239,436,116800,0.246847,0.28,1,238200,237764,436
51327741,3.67607,3.57848,436,116800,0.249369,0.29,1,238202,237766,436
51330661,14.3352,14.3157,436,116800,0.313874,0.22,1,238219,237783,436
51333581,6.06704,6.06314,436,116800,0.342775,0.31,1,238223,237787,436
51336501,10.8134,8.41263,439,116800,0.260555,0.34,1,238235,237796,439
51339421,30.9627,32.0825,437,116800,0.372111,0.3,1,238271,237834,437
51342341,7.79254,8.0165,437,116800,0.394422,0.26,1,238273,237836,437
51345261,16.7585,24.0033,428,116800,0.366884,0.21,1,238292,237864,428
51348181,18.5517,13.6007,436,116800,0.281377,0.18,1,238311,237875,436
51351101,6.91034,4.32013,438,116800,0.208275,0.31,1,238315,237877,438
51354021,23.7821,27.264,433,116800,0.257655,0.32,1,238343,237910,433
51356941,22.3564,22.2528,434,116800,0.299531,0.23,1,238365,237931,434
51359861,7.67128,7.65056,434,116800,0.339906,0.19,1,238369,237935,434
51362781,7.93426,3.13011,440,116800,0.251981,0.25,1,238377,237937,440
51365701,3.18685,3.82602,438,116800,0.242396,0.28,1,238379,237941,438
51368621,2.23737,4.7652,435,116800,0.240479,0.39,1,238381,237946,435
51371541,2.04747,2.55304,435,116800,0.328096,0.31,1,238383,237948,435
51374461,10.0095,10.9106,434,116800,0.393619,0.27,1,238395,237961,434
51377381,3.6019,3.78212,434,116800,0.398724,0.24,1,238397,237963,434
51380301,11.1204,8.75642,437,116800,0.383745,0.27,1,238410,237973,437
51383221,5.42408,4.95128,437,116800,0.348749,0.33,1,238414,237977,437
51386141,2.68482,2.59026,437,116800,0.30975,0.3,1,238416,237979,437
51389061,4.53696,8.51805,432,116800,0.34195,0.28,1,238421,237989,432
51391981,23.3074,18.5036,439,116800,0.38039,0.27,1,238449,238010,439
51394901,7.86148,6.90072,439,116800,0.380078,0.33,1,238453,238014,439
51397821,7.1723,4.58014,442,116800,0.356016,0.3,1,238460,238018,442
51400741,11.0345,14.516,437,116800,0.383203,0.25,1,238472,238035,437
51403661,3.80689,4.50321,437,116800,0.396641,0.29,1,238474,238037,437
51406581,8.76138,8.90064,437,116800,0.375328,0.32,1,238484,238047,437
51409501,21.7523,22.5801,436,116800,0.315066,0.3,1,238509,238073,436
51412421,10.7505,9.31603,438,116800,0.207013,0.32,1,238517,238079,438
51415341,36.5501,34.6632,440,116800,0.241403,0.28,1,238560,238120,440
51418261,8.91002,8.53264,440,116800,0.256281,0.31,1,238562,238122,440
51421181,3.382,3.30653,440,116800,0.243256,0.35,1,238564,238124,440
51424101,7.0764,8.66131,438,116800,0.288651,0.36,1,238572,238134,438
51427021,21.4153,22.5323,437,116800,0.28973,0.31,1,238597,238160,437
51429941,5.88306,7.70645,435,116800,0.265946,0.24,1,238599,238164,435
51432861,7.57661,9.54129,433,116800,0.221189,0.35,1,238607,238174,433
51435781,4.71532,3.50826,435,116800,0.268238,0.21,1,238611,238176,435
51438701,11.3431,11.9017,434,116800,0.221648,0.25,1,238624,238190,434
51441621,11.0686,10.3803,435,116800,0.20433,0.25,1,238635,238200,435
51444541,5.41372,3.67607,437,116800,0.280866,0.33,1,238639,238202,437
51447461,12.2827,14.3352,434,116800,0.288173,0.35,1,238653,238219,434
51450381,5.65655,6.06704,434,116800,0.265635,0.24,1,238657,238223,434
51453301,13.1313,10.8134,437,116800,0.293127,0.4,1,238672,238235,437
51456221,33.8263,30.9627,440,116800,0.202625,0.4,1,238711,238271,440
51459141,8.36525,7.79254,440,116800,0.192525,0.36,1,238713,238273,440
51462061,14.4731,16.7585,437,116800,0.278505,0.26,1,238729,238292,437
51464981,17.2946,18.5517,436,116800,0.271701,0.19,1,238747,238311,436
51467901,6.65892,6.91034,436,116800,0.20634,0.27,1,238751,238315,436
51470821,26.1318,23.7821,439,116800,0.241268,0.31,1,238782,238343,439
51473741,18.8264,22.3564,434,116800,0.320254,0.35,1,238799,238365,434
51476661,6.96527,7.67128,434,116800,0.312051,0.23,1,238803,238369,434
51479581,10.1931,7.93426,437,116800,0.34241,0.24,1,238814,238377,437
51482501,7.63861,3.18685,442,116800,0.332482,0.24,1,238821,238379,442
51485421,3.12772,2.23737,442,116800,0.298496,0.35,1,238823,238381,442
51488341,2.22554,2.04747,442,116800,0.291699,0.41,1,238825,238383,442
51491261,7.64511,10.0095,439,116800,0.36234,0.4,1,238834,238395,439
51494181,6.32902,3.6019,443,116800,0.320468,0.38,1,238840,238397,443
51497101,9.2658,11.1204,440,116800,0.184094,0.34,1,238850,238410,440
51500021,3.45316,5.42408,438,116800,0.212819,0.3,1,238852,238414,438
51502941,2.29063,2.68482,438,116800,0.290564,0.35,1,238854,238416,438
51505861,2.05813,4.53696,435,116800,0.274113,0.39,1,238856,238421,435
51508781,26.8116,23.3074,440,116800,0.318823,0.38,1,238889,238449,440
51511701,10.1623,7.86148,442,116800,0.327765,0.35,1,238895,238453,442
51514621,5.23246,7.1723,439,116800,0.329553,0.39,1,238899,238460,439
51517541,12.2465,11.0345,441,116800,0.273911,0.4,1,238913,238472,441
51520461,5.6493,3.80689,443,116800,0.326782,0.37,1,238917,238474,443
51523381,2.72986,8.76138,435,116800,0.337356,0.3,1,238919,238484,435
51526301,18.146,21.7523,432,116800,0.291471,0.18,1,238941,238509,432
51529221,12.4292,10.7505,435,116800,0.282294,0.25,1,238952,238517,435
51532141,38.4858,36.5501,437,116800,0.312459,0.26,1,238997,238560,437
51535061,9.29717,8.91002,437,116800,0.342492,0.24,1,238999,238562,437
51537981,3.45943,3.382,437,116800,0.348498,0.3,1,239001,238564,437
51540901,8.69189,7.0764,439,116800,0.3017,0.29,1,239011,238572,439
51543821,18.5384,21.4153,435,116800,0.30834,0.26,1,239032,238597,435
51546741,6.90768,5.88306,437,116800,0.373668,0.21,1,239036,238599,437
51549661,6.98153,7.57661,436,116800,0.362734,0.28,1,239043,238607,436
51552581,2.99631,4.71532,434,116800,0.328547,0.21,1,239045,238611,434
51555501,8.59926,11.3431,431,116800,0.273709,0.2,1,239055,238624,431
51558421,12.1199,11.0686,433,116800,0.230742,0.3,1,239068,238635,433
51561341,9.62397,5.41372,438,116800,0.278148,0.29,1,239077,238639,438
51564261,13.9248,12.2827,439,116800,0.39163,0.26,1,239092,238653,439
51567181,5.98496,5.65655,439,116800,0.358326,0.3,1,239096,238657,439
51570101,9.99699,13.1313,435,116800,0.431665,0.18,1,239107,238672,435
51573021,30.7994,33.8263,432,116800,0.350333,0.19,1,239143,238711,432
51575941,7.75988,8.36525,432,116800,0.334067,0.3,1,239145,238713,432
51578861,13.552,14.4731,431,116800,0.354813,0.27,1,239160,238729,431
51581781,16.3104,17.2946,430,116800,0.366963,0.19,1,239177,238747,430
51584701,11.2621,6.65892,436,116800,0.393393,0.25,1,239187,238751,436
51587621,28.6524,26.1318,438,116800,0.342678,0.34,1,239220,238782,438
51590541,16.9305,18.8264,435,116800,0.340536,0.31,1,239234,238799,435
51593461,9.7861,6.96527,439,116800,0.396107,0.35,1,239242,238803,439
51596381,8.35722,10.1931,436,116800,0.415221,0.33,1,239250,238814,436
51599301,10.4714,7.63861,440,116800,0.355044,0.29,1,239261,238821,440
51602221,3.69429,3.12772,440,116800,0.407009,0.29,1,239263,238823,440
51605141,2.33886,2.22554,440,116800,0.385402,0.38,1,239265,238825,440
51608061,2.06777,7.64511,433,116800,0.34908,0.31,1,239267,238834,433
51610981,2.01355,6.32902,429,116800,0.317816,0.15,1,239269,238840,429
51613901,14.0027,9.2658,436,116800,0.335563,0.22,1,239286,238850,436
51616821,4.40054,3.45316,436,116800,0.395113,0.31,1,239288,238852,436
51619741,2.48011,2.29063,436,116800,0.383022,0.27,1,239290,238854,436
51622661,2.09602,2.05813,436,116800,0.348605,0.33,1,239292,238856,436
51625581,30.0192,26.8116,440,116800,0.277721,0.33,1,239329,238889,440
51628501,7.60384,10.1623,436,116800,0.263544,0.33,1,239331,238895,436
51631421,6.32077,5.23246,438,116800,0.308709,0.26,1,239337,238899,438
51634341,12.4642,12.2465,438,116800,0.349742,0.34,1,239351,238913,438
51637261,5.69283,5.6493,438,116800,0.349948,0.34,1,239355,238917,438
51640181,2.73857,2.72986,438,116800,0.35799,0.28,1,239357,238919,438
51643101,14.9477,18.146,434,116800,0.303598,0.28,1,239375,238941,434
51646021,15.7895,12.4292,439,116800,0.30872,0.32,1,239391,238952,439
51648941,37.5579,38.4858,437,116800,0.341744,0.35,1,239434,238997,437
51651861,9.11158,9.29717,437,116800,0.316349,0.35,1,239436,238999,437
51654781,3.42232,3.45943,437,116800,0.27927,0.29,1,239438,239001,437
51657701,7.08446,8.69189,435,116800,0.343854,0.31,1,239446,239011,435
51660621,21.4169,18.5384,439,116800,0.316771,0.39,1,239471,239032,439
51663541,5.88338,6.90768,437,116800,0.311354,0.36,1,239473,239036,437
51666461,5.97668,6.98153,436,116800,0.254271,0.32,1,239479,239043,436
51669381,4.39534,2.99631,438,116800,0.338854,0.26,1,239483,239045,438
51672301,5.67907,8.59926,434,116800,0.299771,0.22,1,239489,239055,434
51675221,17.9358,12.1199,442,116800,0.235954,0.29,1,239510,239068,442
51678141,10.7872,9.62397,442,116800,0.279191,0.42,1,239519,239077,442
51681061,8.55743,13.9248,435,116800,0.271838,0.35,1,239527,239092,435
51683981,10.5115,5.98496,442,116800,0.326368,0.45,1,239538,239096,442
51686901,6.9023,9.99699,437,116800,0.241274,0.33,1,239544,239107,437
51689821,30.9805,30.7994,438,116800,0.256255,0.33,1,239581,239143,438
51692741,7.79609,7.75988,438,116800,0.235251,0.36,1,239583,239145,438
51695661,14.3592,13.552,439,116800,0.25505,0.37,1,239599,239160,439
51698581,18.8718,16.3104,442,116800,0.27501,0.4,1,239619,239177,442
51701501,6.97437,11.2621,436,116800,0.247002,0.33,1,239623,239187,436
51704421,32.5949,28.6524,442,116800,0.2894,0.34,1,239662,239220,442
51707341,17.719,16.9305,442,116800,0.20988,0.41,1,239676,239234,442
51710261,11.5438,9.7861,444,116800,0.177976,0.42,1,239686,239242,444
51713181,3.90876,8.35722,438,116800,0.243595,0.34,1,239688,239250,438
51716101,7.18175,10.4714,435,116800,0.200719,0.42,1,239696,239261,435
51719021,4.63635,3.69429,437,116800,0.296144,0.38,1,239700,239263,437
51721941,2.52727,2.33886,437,116800,0.275229,0.34,1,239702,239265,437
51724861,3.70545,2.06777,439,116800,0.303046,0.31,1,239706,239267,439
51726481,5.54109,2.01355,443,116800,0.276609,0.34,1,239712,239269,443
51729401,13.9082,14.0027,442,116800,0.303322,0.41,1,239728,239286,442
51732321,4.38164,4.40054,442,116800,0.276664,0.38,1,239730,239288,442
51735241,2.47633,2.48011,442,116800,0.239333,0.34,1,239732,239290,442
51738161,2.09527,2.09602,442,116800,0.319867,0.26,1,239734,239292,442
51741081,27.6191,30.0192,439,116800,0.215973,0.26,1,239768,239329,439
51744001,7.12381,7.60384,439,116800,0.283195,0.32,1,239770,239331,439
51746921,5.42476,6.32077,438,116800,0.288639,0.36,1,239775,239337,438
51749841,10.685,12.4642,436,116800,0.297728,0.35,1,239787,239351,436
51752761,6.13699,5.69283,437,116800,0.307546,0.36,1,239792,239355,437
51755681,6.0274,2.73857,441,116800,0.341509,0.29,1,239798,239357,441
51758601,13.2055,14.9477,438,116800,0.348302,0.31,1,239813,239375,438
51761521,16.2411,15.7895,439,116800,0.33366,0.35,1,239830,239391,439
51764441,39.2482,37.5579,441,116800,0.330732,0.31,1,239875,239434,441
51767361,9.44964,9.11158,441,116800,0.298146,0.27,1,239877,239436,441
51770281,3.48993,3.42232,441,116800,0.291629,0.36,1,239879,239438,441
51773201,3.89799,7.08446,437,116800,0.346326,0.31,1,239883,239446,437
51776121,23.9796,21.4169,441,116800,0.245265,0.31,1,239912,239471,441
51779041,6.39592,5.88338,441,116800,0.193053,0.24,1,239914,239473,441
51781961,2.87918,5.97668,437,116800,0.302611,0.36,1,239916,239479,437
51784881,2.17584,4.39534,435,116800,0.292522,0.29,1,239918,239483,435
51787801,6.83517,5.67907,437,116800,0.306504,0.22,1,239926,239489,437
51790721,17.367,17.9358,436,116800,0.213301,0.29,1,239946,239510,436
51793641,10.6734,10.7872,436,116800,0.29066,0.27,1,239955,239519,436
51796561,10.1347,8.55743,438,116800,0.194132,0.34,1,239965,239527,438
51799481,11.6269,10.5115,439,116800,0.222826,0.22,1,239977,239538,439
51802401,5.52539,6.9023,437,116800,0.236565,0.26,1,239981,239544,437
51805321,30.7051,30.9805,437,116800,0.287313,0.23,1,240018,239581,437
51808241,9.34102,7.79609,439,116800,0.281463,0.26,1,240022,239583,439
51811161,13.0682,14.3592,437,116800,0.296293,0.28,1,240036,239599,437
51814081,14.6136,18.8718,432,116800,0.291259,0.24,1,240051,239619,432
51817001,9.32273,6.97437,436,116800,0.186252,0.3,1,240059,239623,436
51819921,29.0645,32.5949,431,116800,0.24525,0.19,1,240093,239662,431
51822841,18.6129,17.719,433,116800,0.29705,0.17,1,240109,239676,433
51825761,11.7226,11.5438,433,116800,0.27541,0.26,1,240119,239686,433
51828681,7.94452,3.90876,438,116800,0.231082,0.19,1,240126,239688,438
51831601,7.9889,7.18175,438,116800,0.286216,0.32,1,240134,239696,438
51834521,3.19778,4.63635,436,116800,0.265243,0.27,1,240136,239700,436
51837441,2.23956,2.52727,436,116800,0.261049,0.31,1,240138,239702,436
51840361,2.04791,3.70545,434,116800,0.22821,0.27,1,240140,239706,434
51843281,3.60958,5.54109,432,116800,0.277642,0.31,1,240144,239712,432
51846201,16.7219,13.9082,436,116800,0.271528,0.27,1,240164,239728,436
51849121,6.54438,4.38164,438,116800,0.238306,0.23,1,240168,239730,438
51852041,4.50888,2.47633,440,116800,0.255661,0.34,1,240172,239732,440
51854961,2.50178,2.09527,440,116800,0.227132,0.19,1,240174,239734,440
51857881,25.3004,27.6191,437,116800,0.245426,0.3,1,240205,239768,437
51860801,6.66007,7.12381,437,116800,0.225085,0.29,1,240207,239770,437
51863721,4.53201,5.42476,436,116800,0.349017,0.3,1,240211,239775,436
51866641,13.7064,10.685,440,116800,0.269803,0.31,1,240227,239787,440
51869561,4.34128,6.13699,437,116800,0.285961,0.35,1,240229,239792,437
51872481,8.06826,6.0274,440,116800,0.241192,0.35,1,240238,239798,440
51875401,12.0137,13.2055,438,116800,0.328238,0.33,1,240251,239813,438
51878321,13.6027,16.2411,435,116800,0.297648,0.33,1,240265,239830,435
51881241,41.1205,39.2482,438,116800,0.20353,0.29,1,240313,239875,438
51884161,9.82411,9.44964,438,116800,0.184706,0.29,1,240315,239877,438
51887081,3.56482,3.48993,438,116800,0.300941,0.36,1,240317,239879,438
51890001,5.51296,3.89799,440,116800,0.220188,0.22,1,240323,239883,440
51892921,21.1026,23.9796,436,116800,0.204038,0.18,1,240348,239912,436
51895841,5.82052,6.39592,436,116800,0.168808,0.33,1,240350,239914,436
51898761,2.7641,2.87918,436,116800,0.129762,0.29,1,240352,239916,436
51901681,2.15282,2.17584,436,116800,0.145952,0.31,1,240354,239918,436
51904601,5.23056,6.83517,434,116800,0.26119,0.19,1,240360,239926,434
51907521,18.6461,17.367,436,116800,0.204238,0.31,1,240382,239946,436
51910441,6.92922,10.6734,431,116800,0.184848,0.17,1,240386,239955,431
51913361,11.7858,10.1347,434,116800,0.26897,0.23,1,240399,239965,434
51916281,10.3572,11.6269,432,116800,0.277794,0.24,1,240409,239977,432
51919201,9.27143,5.52539,437,116800,0.247559,0.3,1,240418,239981,437
51922121,27.4543,30.7051,432,116800,0.249512,0.28,1,240450,240018,432
51925041,10.2909,9.34102,434,116800,0.233902,0.3,1,240456,240022,434
51927961,14.8582,13.0682,436,116800,0.31078,0.29,1,240472,240036,436
51930881,12.5716,14.6136,433,116800,0.350156,0.16,1,240484,240051,433
51933801,8.11433,9.32273,432,116800,0.262031,0.26,1,240491,240059,432
51936721,29.6229,29.0645,433,116800,0.308406,0.31,1,240526,240093,433
51939641,21.1246,18.6129,436,116800,0.349681,0.27,1,240545,240109,436
51942561,11.4249,11.7226,435,116800,0.309936,0.22,1,240554,240119,435
51945481,8.68498,7.94452,436,116800,0.333987,0.3,1,240562,240126,436
51948401,9.737,7.9889,438,116800,0.226797,0.26,1,240572,240134,438
51951321,3.5474,3.19778,438,116800,0.325359,0.26,1,240574,240136,438
51954241,2.30948,2.23956,438,116800,0.313072,0.22,1,240576,240138,438
51957161,2.0619,2.04791,438,116800,0.278614,0.29,1,240578,240140,438
51960081,2.01238,3.60958,436,116800,0.239723,0.27,1,240580,240144,436
51963001,14.8025,16.7219,434,116800,0.271945,0.23,1,240598,240164,434
51965921,6.1605,6.54438,434,116800,0.286389,0.26,1,240602,240168,434
51968841,4.4321,4.50888,434,116800,0.305278,0.22,1,240606,240172,434
51971761,2.48642,2.50178,434,116800,0.277056,0.25,1,240608,240174,434
51974681,30.0973,25.3004,440,116800,0.271411,0.22,1,240645,240205,440
51977601,7.61946,6.66007,440,116800,0.334282,0.38,1,240647,240207,440
51980521,3.12389,4.53201,438,116800,0.314856,0.25,1,240649,240211,438
51983441,9.42478,13.7064,433,116800,0.366971,0.29,1,240660,240227,433
51986361,3.48496,4.34128,433,116800,0.345394,0.23,1,240662,240229,433
51989281,11.097,8.06826,437,116800,0.325079,0.35,1,240675,240238,437
51992201,11.0194,12.0137,435,116800,0.377016,0.29,1,240686,240251,435
51995121,12.6039,13.6027,434,116800,0.355403,0.18,1,240699,240265,434
51998041,39.3208,41.1205,432,116800,0.311081,0.18,1,240745,240313,432
52000961,11.0642,9.82411,434,116800,0.350216,0.33,1,240749,240315,434
52003881,3.81283,3.56482,434,116800,0.326043,0.2,1,240751,240317,434
52006801,7.96257,5.51296,437,116800,0.257209,0.2,1,240760,240323,437
52009721,21.5925,21.1026,437,116800,0.267442,0.16,1,240785,240348,437
52012641,5.9185,5.82052,437,116800,0.245488,0.12,1,240787,240350,437
52015561,2.7837,2.7641,437,116800,0.209098,0.15,1,240789,240352,437
52018481,2.15674,2.15282,437,116800,0.16182,0.29,1,240791,240354,437
52020801,4.43135,5.23056,436,116800,0.320364,0.19,1,240796,240360,436
52023721,21.6863,18.6461,440,116800,0.320073,0.18,1,240822,240382,440
52026641,5.93725,6.92922,438,116800,0.288015,0.29,1,240824,240386,438
52029561,10.7875,11.7858,437,116800,0.369603,0.28,1,240836,240399,437
52032481,6.95749,10.3572,433,116800,0.321921,0.24,1,240842,240409,433
52035401,10.9915,9.27143,436,116800,0.336384,0.25,1,240854,240418,436
52038321,28.5983,27.4543,437,116800,0.347277,0.23,1,240887,240450,437
52041241,10.5197,10.2909,437,116800,0.365455,0.33,1,240893,240456,437
52044161,14.9039,14.8582,437,116800,0.329091,0.36,1,240909,240472,437
52047081,10.9808,12.5716,435,116800,0.369818,0.24,1,240919,240484,435
52050001,8.59616,8.11433,436,116800,0.297964,0.32,1,240927,240491,436
52052921,34.5192,29.6229,442,116800,0.291593,0.36,1,240968,240526,442
52055841,18.1038,21.1246,437,116800,0.346319,0.3,1,240982,240545,437
52058761,11.6208,11.4249,438,116800,0.365264,0.34,1,240992,240554,438
52061681,5.52415,8.68498,434,116800,0.369053,0.2,1,240996,240562,434
52064601,10.7048,9.737,436,116800,0.385811,0.35,1,241008,240572,436
52067521,7.74097,3.5474,441,116800,0.333162,0.31,1,241015,240574,441
52070441,3.14819,2.30948,441,116800,0.290632,0.27,1,241017,240576,441
52073361,2.22964,2.0619,441,116800,0.290127,0.23,1,241019,240578,441
52075921,2.04593,2.01238,441,116800,0.258025,0.28,1,241021,240580,441
52078841,10.8092,14.8025,436,116800,0.363605,0.29,1,241034,240598,436
52081761,3.76184,6.1605,434,116800,0.392721,0.31,1,241036,240602,434
52084681,5.55237,4.4321,436,116800,0.350544,0.27,1,241042,240606,436
52087601,2.71047,2.48642,436,116800,0.310109,0.27,1,241044,240608,436
52090521,30.9421,30.0973,437,116800,0.358022,0.35,1,241082,240645,437
52093441,9.38842,7.61946,439,116800,0.423604,0.31,1,241086,240647,439
52096361,5.07768,3.12389,441,116800,0.412721,0.38,1,241090,240649,441
52099281,7.41554,9.42478,438,116800,0.394544,0.34,1,241098,240660,438
52102201,4.68311,3.48496,440,116800,0.446909,0.32,1,241102,240662,440
52105121,12.1366,11.097,441,116800,0.401382,0.39,1,241116,240675,441
52108041,8.82732,11.0194,438,116800,0.288276,0.35,1,241124,240686,438
52110961,8.96547,12.6039,434,116800,0.401655,0.3,1,241133,240699,434
52113881,39.3931,39.3208,435,116800,0.320331,0.36,1,241180,240745,435
52116801,9.47862,11.0642,433,116800,0.376066,0.32,1,241182,240749,433
52119721,10.6957,3.81283,442,116800,0.427213,0.24,1,241193,240751,442
52122641,6.93914,7.96257,439,116800,0.445443,0.27,1,241199,240760,439
52125561,22.1878,21.5925,440,116800,0.361089,0.24,1,241225,240785,440
52128481,6.03757,5.9185,440,116800,0.312218,0.2,1,241227,240787,440
52131401,2.80751,2.7837,440,116800,0.318444,0.15,1,241229,240789,440
52134321,2.1615,2.15674,440,116800,0.287689,0.36,1,241231,240791,440
52137241,3.6323,4.43135,439,116800,0.281538,0.32,1,241235,240796,439
52140161,18.3265,21.6863,435,116800,0.288308,0.28,1,241257,240822,435
52143081,10.8653,5.93725,442,116800,0.257662,0.39,1,241266,240824,442
52146001,11.7731,10.7875,442,116800,0.363532,0.31,1,241278,240836,442
52148921,5.55461,6.95749,440,116800,0.360706,0.34,1,241282,240842,440
52151841,5.91092,10.9915,434,116800,0.304141,0.35,1,241288,240854,434
52154761,31.5822,28.5983,439,116800,0.260828,0.37,1,241326,240887,439
52157681,11.1164,10.5197,439,116800,0.164166,0.32,1,241332,240893,439
52160601,18.2233,14.9039,443,116800,0.256833,0.38,1,241352,240909,443
52163521,5.24466,10.9808,435,116800,0.347367,0.28,1,241354,240919,435
52166441,12.2489,8.59616,441,116800,0.309473,0.29,1,241368,240927,441
52169361,36.0498,34.5192,442,116800,0.309895,0.36,1,241410,240968,442
52172281,16.81,18.1038,440,116800,0.349979,0.37,1,241422,240982,440
52175201,9.76199,11.6208,438,116800,0.333996,0.37,1,241430,240992,438
52178121,8.3524,5.52415,442,116800,0.298799,0.39,1,241438,240996,442
52181041,6.47048,10.7048,436,116800,0.30776,0.32,1,241444,241008,436
52183961,4.4941,7.74097,433,116800,0.253552,0.28,1,241448,241015,433
52186881,7.29882,3.14819,439,116800,0.27471,0.29,1,241456,241017,439
52189801,3.05976,2.22964,439,116800,0.238942,0.25,1,241458,241019,439
52192721,5.41195,2.04593,443,116800,0.183788,0.39,1,241464,241021,443
52195641,7.48239,10.8092,438,116800,0.300758,0.4,1,241472,241034,438
52198561,4.69648,3.76184,440,116800,0.348152,0.34,1,241476,241036,440
52201481,7.3393,5.55237,442,116800,0.30963,0.3,1,241484,241042,442
52204401,3.06786,2.71047,442,116800,0.269926,0.37,1,241486,241044,442
52207321,31.0136,30.9421,442,116800,0.325985,0.44,1,241524,241082,442
52210241,9.40271,9.38842,442,116800,0.273197,0.41,1,241528,241086,442
52213161,5.08054,5.07768,442,116800,0.198639,0.39,1,241532,241090,442
52216081,7.41611,7.41554,442,116800,0.223728,0.46,1,241540,241098,442
52219001,6.28322,4.68311,444,116800,0.220746,0.39,1,241546,241102,444
52221921,6.05664,12.1366,436,116800,0.268149,0.26,1,241552,241116,436
52224841,14.0113,8.82732,444,116800,0.16563,0.43,1,241568,241124,444
52227761,4.40227,8.96547,437,116800,0.137126,0.3,1,241570,241133,437
52230681,42.4805,39.3931,442,116800,0.163425,0.39,1,241622,241180,442
52233601,10.0961,9.47862,442,116800,0.256685,0.44,1,241624,241182,442
52236521,8.41922,10.6957,439,116800,0.283337,0.45,1,241632,241193,439
52239441,4.88384,6.93914,437,116800,0.312667,0.34,1,241636,241199,437
52242361,20.9768,22.1878,436,116800,0.334534,0.3,1,241661,241225,436
52245281,7.39535,6.03757,438,116800,0.266907,0.32,1,241665,241227,438
52248201,8.67907,2.80751,445,116800,0.213381,0.28,1,241674,241229,445
52251121,3.33581,2.1615,445,116800,0.258676,0.28,1,241676,241231,445
52252721,3.06716,3.6323,444,116800,0.227735,0.29,1,241679,241235,444
52255641,9.41343,18.3265,433,116800,0.357547,0.25,1,241690,241257,433
52258561,16.2827,10.8653,442,116800,0.263509,0.39,1,241708,241266,442
52261481,8.05654,11.7731,436,116800,0.236702,0.36,1,241714,241278,436
52264401,9.61131,5.55461,442,116800,0.23134,0.29,1,241724,241282,442
52267321,5.12226,5.91092,440,116800,0.294268,0.25,1,241728,241288,440
52270241,29.8245,31.5822,438,116800,0.314854,0.14,1,241764,241326,438
52273161,7.56489,11.1164,434,116800,0.286971,0.28,1,241766,241332,434
52276081,17.513,18.2233,434,116800,0.377394,0.37,1,241786,241352,434
52279001,6.7026,5.24466,436,116800,0.371479,0.3,1,241790,241354,436
52281921,12.5405,12.2489,436,116800,0.322296,0.31,1,241804,241368,436
52284841,39.3081,36.0498,440,116800,0.304459,0.36,1,241850,241410,440
52287761,15.8616,16.81,438,116800,0.276892,0.33,1,241860,241422,438
52290681,7.97232,9.76199,436,116800,0.295378,0.29,1,241866,241430,436
52293601,6.39446,8.3524,434,116800,0.307076,0.31,1,241872,241438,434
52296521,4.47889,6.47048,432,116800,0.285415,0.24,1,241876,241444,432
52299441,5.69578,4.4941,434,116800,0.273083,0.28,1,241882,241448,434
52302361,9.93916,7.29882,437,116800,0.358617,0.23,1,241893,241456,437
52305281,5.18783,3.05976,439,116800,0.319723,0.17,1,241897,241458,439
52308201,2.63757,5.41195,435,116800,0.279945,0.33,1,241899,241464,435
52311121,8.52751,7.48239,437,116800,0.303989,0.36,1,241909,241472,437
52314041,3.3055,4.69648,435,116800,0.300798,0.3,1,241911,241476,435
52316961,10.2611,7.3393,439,116800,0.34816,0.26,1,241923,241484,439
52319881,3.65222,3.06786,439,116800,0.325632,0.34,1,241925,241486,439
52322801,23.9304,31.0136,430,116800,0.377126,0.26,1,241954,241524,430
52325721,7.98609,9.40271,430,116800,0.387425,0.18,1,241958,241528,430
52328641,8.79722,5.08054,435,116800,0.309485,0.23,1,241967,241532,435
52331561,9.75944,7.41611,437,116800,0.221897,0.22,1,241977,241540,437
52334481,3.55189,6.28322,433,116800,0.292379,0.28,1,241979,241546,433
52337401,5.51038,6.05664,433,116800,0.298476,0.14,1,241985,241552,433
52340321,13.1021,14.0113,432,116800,0.251695,0.13,1,242000,241568,432
52343241,4.22041,4.40227,432,116800,0.338339,0.17,1,242002,241570,432
52346161,45.6441,42.4805,436,116800,0.291668,0.28,1,242058,241622,436
52349081,12.3288,10.0961,438,116800,0.226334,0.29,1,242062,241624,438
52352001,7.26576,8.41922,436,116800,0.333267,0.32,1,242068,241632,436
52354921,4.65315,4.88384,436,116800,0.322653,0.34,1,242072,241636,436
52357841,19.3306,20.9768,434,116800,0.328531,0.25,1,242095,241661,434
52360761,8.66613,7.39535,436,116800,0.345706,0.2,1,242101,241665,436
52363681,8.93323,8.67907,436,116800,0.269141,0.27,1,242110,241674,436
52366601,3.38664,3.33581,436,116800,0.277828,0.22,1,242112,241676,436
52369521,5.47733,3.06716,439,116800,0.239566,0.39,1,242118,241679,439
52372441,7.49547,9.41343,436,116800,0.271913,0.24,1,242126,241690,436
52375361,11.0991,16.2827,430,116800,0.334383,0.23,1,242138,241708,430
52378281,11.8198,8.05654,436,116800,0.282877,0.23,1,242150,241714,436
52381201,8.76396,9.61131,434,116800,0.272575,0.31,1,242158,241724,434
52384121,9.75279,5.12226,440,116800,0.238515,0.32,1,242168,241728,440
52387041,30.7506,29.8245,440,116800,0.223703,0.28,1,242204,241764,440
52389961,7.75011,7.56489,440,116800,0.204741,0.4,1,242206,241766,440
52392881,13.55,17.513,435,116800,0.320948,0.37,1,242221,241786,435
52395801,9.11,6.7026,439,116800,0.37619,0.31,1,242229,241790,439
52398721,9.022,12.5405,434,116800,0.315238,0.3,1,242238,241804,434
52401641,41.0044,39.3081,437,116800,0.303048,0.27,1,242287,241850,437
52404561,17.0009,15.8616,438,116800,0.31661,0.3,1,242298,241860,438
52407481,6.60018,7.97232,436,116800,0.263322,0.31,1,242302,241866,436
52410401,6.12004,6.39446,436,116800,0.356664,0.28,1,242308,241872,436
52413321,2.82401,4.47889,434,116800,0.383333,0.27,1,242310,241876,434
52416241,10.1648,5.69578,440,116800,0.404667,0.38,1,242322,241882,440
52419161,9.23296,9.93916,438,116800,0.256933,0.31,1,242331,241893,438
52422081,3.44659,5.18783,436,116800,0.315387,0.27,1,242333,241897,436
52425001,2.28932,2.63757,436,116800,0.367077,0.31,1,242335,241899,436
52427921,10.8579,8.52751,439,116800,0.361415,0.3,1,242348,241909,439
52430841,5.37157,3.3055,441,116800,0.368283,0.36,1,242352,241911,441
52433761,5.87431,10.2611,435,116800,0.377657,0.32,1,242358,241923,435
52436681,2.77486,3.65222,435,116800,0.387531,0.39,1,242360,241925,435
52439601,25.355,23.9304,437,116800,0.325506,0.39,1,242391,241954,437
52442521,9.87099,7.98609,439,116800,0.273101,0.29,1,242397,241958,439
52445441,3.5742,8.79722,432,116800,0.26262,0.2,1,242399,241967,432
52448361,13.5148,9.75944,438,116800,0.316524,0.31,1,242415,241977,438
52451281,4.30297,3.55189,438,116800,0.303305,0.3,1,242417,241979,438
52454201,5.66059,5.51038,438,116800,0.308661,0.24,1,242423,241985,438
52457121,16.3321,13.1021,442,116800,0.253732,0.36,1,242442,242000,442
52460041,4.86642,4.22041,442,116800,0.210746,0.28,1,242444,242002,442
52462961,44.9733,45.6441,441,116800,0.282149,0.21,1,242499,242058,441
52465881,10.5947,12.3288,439,116800,0.26443,0.36,1,242501,242062,439
52468801,7.71893,7.26576,440,116800,0.276886,0.32,1,242508,242068,440
52471721,4.74379,4.65315,440,116800,0.287377,0.33,1,242512,242072,440
52474641,17.7488,19.3306,438,116800,0.321475,0.35,1,242533,242095,438
52477561,6.74975,8.66613,436,116800,0.336295,0.25,1,242537,242101,436
52480481,6.14995,8.93323,433,116800,0.363259,0.28,1,242543,242110,433
52483401,4.42999,3.38664,435,116800,0.328652,0.23,1,242547,242112,435
52486321,8.886,5.47733,439,116800,0.30573,0.28,1,242557,242118,439
52489241,4.9772,7.49547,435,116800,0.381146,0.35,1,242561,242126,435
52492161,11.3954,11.0991,436,116800,0.396229,0.27,1,242574,242138,436
52495081,11.8791,11.8198,436,116800,0.431246,0.27,1,242586,242150,436
52498001,7.17582,8.76396,434,116800,0.382249,0.23,1,242592,242158,434
52500921,9.43516,9.75279,434,116800,0.37245,0.22,1,242602,242168,434
52503841,32.287,30.7506,436,116800,0.33049,0.2,1,242640,242204,436
52506761,8.05741,7.75011,436,116800,0.290098,0.35,1,242642,242206,436
52509681,17.6115,13.55,441,116800,0.38602,0.39,1,242662,242221,441
52512601,9.9223,9.11,441,116800,0.301204,0.3,1,242670,242229,441
52515521,3.58446,9.022,434,116800,0.404241,0.3,1,242672,242238,434
52518441,43.9169,41.0044,439,116800,0.360848,0.32,1,242726,242287,439
52521361,19.1834,17.0009,441,116800,0.33617,0.25,1,242739,242298,441
52524281,7.03668,6.60018,441,116800,0.339234,0.38,1,242743,242302,441
52527201,3.00734,6.12004,437,116800,0.315847,0.39,1,242745,242308,437
52530121,2.20147,2.82401,437,116800,0.311169,0.41,1,242747,242310,437
52533041,10.0403,10.1648,437,116800,0.406234,0.22,1,242759,242322,437
52535961,12.4081,9.23296,441,116800,0.321247,0.33,1,242772,242331,441
52538881,4.08161,3.44659,441,116800,0.272249,0.38,1,242774,242333,441
52541801,2.41632,2.28932,441,116800,0.23845,0.36,1,242776,242335,441
52544721,10.8833,10.8579,441,116800,0.33569,0.37,1,242789,242348,441
52547641,3.77665,5.37157,439,116800,0.395138,0.38,1,242791,242352,439
52550561,3.95533,5.87431,437,116800,0.375028,0.39,1,242795,242358,437
52553481,6.39107,2.77486,442,116800,0.419006,0.31,1,242802,242360,442
52556401,22.8782,25.355,438,116800,0.419801,0.26,1,242829,242391,438
52559321,9.37564,9.87099,438,116800,0.40396,0.26,1,242835,242397,438
52562241,3.47513,3.5742,438,116800,0.400792,0.33,1,242837,242399,438
52565161,11.895,13.5148,436,116800,0.432158,0.3,1,242851,242415,436
52568081,3.979,4.30297,436,116800,0.406432,0.31,1,242853,242417,436
52571001,5.5958,5.66059,436,116800,0.329286,0.24,1,242859,242423,436
52573921,17.9192,16.3321,438,116800,0.321857,0.2,1,242880,242442,438
52576841,5.18383,4.86642,438,116800,0.368371,0.3,1,242882,242444,438
52579761,43.4368,44.9733,436,116800,0.361674,0.26,1,242935,242499,436
52582681,10.2874,10.5947,436,116800,0.352335,0.28,1,242937,242501,436
52585601,10.0575,7.71893,439,116800,0.326467,0.29,1,242947,242508,439
52588521,6.81149,4.74379,441,116800,0.329293,0.33,1,242953,242512,441
52591441,17.3623,17.7488,440,116800,0.369859,0.34,1,242973,242533,440
52594361,5.07246,6.74975,438,116800,0.345972,0.37,1,242975,242537,438
52597281,5.01449,6.14995,437,116800,0.349194,0.32,1,242980,242543,437
52600201,5.8029,4.42999,439,116800,0.357839,0.3,1,242986,242547,439
52603121,13.1606,8.886,444,116800,0.383568,0.4,1,243001,242557,444
52606041,5.83212,4.9772,444,116800,0.332714,0.4,1,243005,242561,444
52608961,5.96642,11.3954,437,116800,0.330543,0.44,1,243011,242574,437
52611881,15.5933,11.8791,443,116800,0.266109,0.37,1,243029,242586,443
52614801,6.31866,7.17582,441,116800,0.397222,0.37,1,243033,242592,441
52617721,7.66373,9.43516,439,116800,0.351444,0.32,1,243041,242602,439
52620641,31.1327,32.287,438,116800,0.382289,0.28,1,243078,242640,438
52623561,7.82655,8.05741,438,116800,0.388458,0.41,1,243080,242642,438
52626481,20.7653,17.6115,442,116800,0.317692,0.28,1,243104,242662,442
52629401,5.75306,9.9223,436,116800,0.455538,0.43,1,243106,242670,436
52632321,8.35061,3.58446,443,116800,0.363108,0.35,1,243115,242672,443
52635241,42.4701,43.9169,440,116800,0.320622,0.33,1,243166,242726,440
52638161,16.494,19.1834,437,116800,0.312124,0.34,1,243176,242739,437
52641081,11.2988,7.03668,443,116800,0.262425,0.31,1,243186,242743,443
52644001,3.85976,3.00734,443,116800,0.276485,0.31,1,243188,242745,443
52646921,2.37195,2.20147,443,116800,0.319297,0.43,1,243190,242747,443
52649841,6.87439,10.0403,439,116800,0.367859,0.3,1,243198,242759,439
52652761,10.9749,12.4081,438,116800,0.337572,0.26,1,243210,242772,438
52655681,3.79498,4.08161,438,116800,0.339514,0.23,1,243212,242774,438
52658601,5.559,2.41632,442,116800,0.243903,0.36,1,243218,242776,442
52661521,8.3118,10.8833,438,116800,0.328781,0.41,1,243227,242789,438
52664441,8.06236,3.77665,444,116800,0.249756,0.37,1,243235,242791,444
52667361,3.21247,3.95533,442,116800,0.265951,0.43,1,243237,242795,442
52670281,3.84249,6.39107,439,116800,0.33319,0.42,1,243241,242802,439
52673201,23.1685,22.8782,440,116800,0.266638,0.4,1,243269,242829,440
52676121,9.4337,9.37564,440,116800,0.341328,0.4,1,243275,242835,440
52679041,7.48674,3.47513,445,116800,0.316266,0.44,1,243282,242837,445
52681961,7.89735,11.895,439,116800,0.343253,0.4,1,243290,242851,439
52684881,3.17947,3.979,439,116800,0.316651,0.31,1,243292,242853,439
52687801,6.23589,5.5958,440,116800,0.34333,0.32,1,243299,242859,440
52690721,20.4472,17.9192,443,116800,0.316666,0.38,1,243323,242880,443
52693641,5.68944,5.18383,443,116800,0.271333,0.36,1,243325,242882,443
52696561,40.3379,43.4368,439,116800,0.238267,0.35,1,243374,242935,439
52699481,9.66758,10.2874,439,116800,0.199653,0.32,1,243376,242937,439
52702401,6.73352,10.0575,435,116800,0.255931,0.33,1,243382,242947,435
52705321,10.1467,6.81149,440,116800,0.323186,0.38,1,243393,242953,440
52708241,18.8293,17.3623,441,116800,0.312637,0.34,1,243414,242973,441
52711161,5.36587,5.07246,441,116800,0.318527,0.35,1,243416,242975,441
52714081,4.27317,5.01449,440,116800,0.335705,0.36,1,243420,242980,440
52717001,4.05463,5.8029,438,116800,0.291141,0.39,1,243424,242986,438
52719921,14.4109,13.1606,440,116800,0.242228,0.32,1,243441,243001,440
52722841,9.28219,5.83212,444,116800,0.248446,0.33,1,243449,243005,444
52725761,3.45644,5.96642,440,116800,0.225689,0.25,1,243451,243011,440
52728681,14.2913,15.5933,439,116800,0.293138,0.43,1,243468,243029,439
52731601,6.05826,6.31866,439,116800,0.250628,0.34,1,243472,243033,439
52734521,7.61165,7.66373,439,116800,0.330126,0.39,1,243480,243041,439
52737441,31.1223,31.1327,439,116800,0.282025,0.39,1,243517,243078,439
52740361,11.8245,7.82655,444,116800,0.248405,0.3,1,243524,243080,444
52743281,15.9649,20.7653,437,116800,0.297681,0.49,1,243541,243104,437
52746201,4.79298,5.75306,437,116800,0.275536,0.34,1,243543,243106,437
52749121,8.1586,8.35061,437,116800,0.343107,0.31,1,243552,243115,437
52752041,44.0317,42.4701,439,116800,0.308621,0.31,1,243605,243166,439
52754961,13.6063,16.494,435,116800,0.301724,0.25,1,243611,243176,435
52757881,11.5213,11.2988,436,116800,0.348345,0.28,1,243622,243186,436
52760801,8.70425,3.85976,442,116800,0.293669,0.33,1,243630,243188,442
52763721,3.34085,2.37195,442,116800,0.282734,0.38,1,243632,243190,442
52766641,4.66817,6.87439,439,116800,0.280547,0.33,1,243637,243198,439
52769561,4.13363,10.9749,431,116800,0.304109,0.34,1,243641,243210,431
52772481,4.02673,3.79498,433,116800,0.292822,0.22,1,243645,243212,433
52775401,10.4053,5.559,439,116800,0.322564,0.35,1,243657,243218,439
52778321,6.88107,8.3118,436,116800,0.232513,0.23,1,243663,243227,436
52781241,7.77621,8.06236,436,116800,0.214503,0.27,1,243671,243235,436
52784161,3.15524,3.21247,436,116800,0.290901,0.35,1,243673,243237,436
52787081,5.43105,3.84249,438,116800,0.24218,0.25,1,243679,243241,438
52790001,23.4862,23.1685,438,116800,0.312436,0.36,1,243707,243269,438
52792921,10.2972,9.4337,439,116800,0.326487,0.31,1,243714,243275,439
52795841,8.45945,7.48674,440,116800,0.321297,0.35,1,243722,243282,440
52798761,8.09189,7.89735,440,116800,0.224259,0.31,1,243730,243290,440
52801681,3.21838,3.17947,440,116800,0.260852,0.35,1,243732,243292,440
52804601,3.84368,6.23589,437,116800,0.29217,0.31,1,243736,243299,437
52807521,18.3687,20.4472,435,116800,0.282434,0.26,1,243758,243323,435
52810441,5.27375,5.68944,435,116800,0.248487,0.23,1,243760,243325,435
52813361,41.8547,40.3379,437,116800,0.257697,0.19,1,243811,243374,437
52816281,9.97095,9.66758,437,116800,0.227539,0.27,1,243813,243376,437
52819201,7.59419,6.73352,438,116800,0.317508,0.34,1,243820,243382,438
52822121,7.91884,10.1467,435,116800,0.295502,0.31,1,243828,243393,435
52825041,19.9838,18.8293,437,116800,0.3391,0.32,1,243851,243414,437
52827961,5.59675,5.36587,437,116800,0.35582,0.34,1,243853,243416,437
52830881,2.71935,4.27317,435,116800,0.327164,0.28,1,243855,243420,435
52833801,2.14387,4.05463,433,116800,0.289433,0.23,1,243857,243424,433
52836721,15.6288,14.4109,435,116800,0.353887,0.25,1,243876,243441,435
52839641,9.52575,9.28219,435,116800,0.246777,0.22,1,243884,243449,435
52842561,3.50515,3.45644,435,116800,0.281355,0.31,1,243886,243451,435
52845481,17.501,14.2913,439,116800,0.232271,0.24,1,243907,243468,439
52848401,6.70021,6.05826,439,116800,0.342454,0.35,1,243911,243472,439
52851321,7.74004,7.61165,439,116800,0.396491,0.27,1,243919,243480,439
52854241,24.748,31.1223,431,116800,0.215298,0.24,1,243948,243517,431
52857161,12.1496,11.8245,433,116800,0.31506,0.31,1,243957,243524,433
52860081,20.8299,15.9649,439,116800,0.383012,0.27,1,243980,243541,439
52863001,5.76598,4.79298,439,116800,0.372602,0.36,1,243982,243543,439
52865921,2.7532,8.1586,432,116800,0.33852,0.3,1,243984,243552,432
52868841,48.5506,44.0317,439,116800,0.315704,0.3,1,244044,243605,439
52871761,14.5101,13.6063,439,116800,0.367141,0.36,1,244050,243611,439
52874681,9.30203,11.5213,436,116800,0.417428,0.28,1,244058,243622,436
52877601,9.8604,8.70425,438,116800,0.395486,0.28,1,244068,243630,438
52880521,3.57208,3.34085,438,116800,0.383097,0.28,1,244070,243632,438
52883441,2.31442,4.66817,435,116800,0.348619,0.31,1,244072,243637,435
52886361,6.86288,4.13363,439,116800,0.349724,0.29,1,244080,243641,439
52889281,4.57258,4.02673,439,116800,0.397945,0.33,1,244084,243645,439
52892201,4.11452,10.4053,431,116800,0.343589,0.21,1,244088,243657,431
52895121,11.2229,6.88107,438,116800,0.364718,0.21,1,244101,243663,438
52898041,6.24458,7.77621,435,116800,0.368944,0.31,1,244106,243671,435
52900961,2.84892,3.15524,435,116800,0.337789,0.23,1,244108,243673,435
52903881,7.76978,5.43105,438,116800,0.243558,0.33,1,244117,243679,438
52906801,23.154,23.4862,437,116800,0.200712,0.33,1,244144,243707,437
52909721,9.43079,10.2972,436,116800,0.344142,0.32,1,244150,243714,436
52912641,9.88616,8.45945,438,116800,0.316828,0.2,1,244160,243722,438
52915561,6.77723,8.09189,436,116800,0.239366,0.27,1,244166,243730,436
52918481,2.95545,3.21838,436,116800,0.191873,0.3,1,244168,243732,436
52921401,6.19109,3.84368,439,116800,0.334375,0.28,1,244175,243736,439
52924321,15.6382,18.3687,435,116800,0.314875,0.24,1,244193,243758,435
52927241,4.72764,5.27375,435,116800,0.286975,0.26,1,244195,243760,435
52930161,44.1455,41.8547,438,116800,0.265395,0.22,1,244249,243811,438
52933081,10.4291,9.97095,438,116800,0.237079,0.34,1,244251,243813,438
52936001,5.28582,7.59419,435,116800,0.263416,0.29,1,244255,243820,435
52938921,9.05716,7.91884,437,116800,0.316683,0.35,1,244265,243828,437
52941841,21.8114,19.9838,439,116800,0.271337,0.36,1,244290,243851,439
52944761,5.96229,5.59675,439,116800,0.262267,0.32,1,244292,243853,439
52947681,2.79246,2.71935,439,116800,0.300453,0.28,1,244294,243855,439
52950601,2.15849,2.14387,439,116800,0.284091,0.37,1,244296,243857,439
52953521,14.8317,15.6288,438,116800,0.256818,0.22,1,244314,243876,438
52956441,9.36634,9.52575,438,116800,0.203364,0.29,1,244322,243884,438
52959361,6.67327,3.50515,442,116800,0.192673,0.22,1,244328,243886,442
52962281,18.1347,17.501,442,116800,0.230535,0.37,1,244349,243907,442
52965201,6.82693,6.70021,442,116800,0.214107,0.41,1,244353,243911,442
52968121,6.16539,7.74004,440,116800,0.242821,0.17,1,244359,243919,440
52971041,25.2331,24.748,441,116800,0.192564,0.34,1,244389,243948,441
52973961,13.0466,12.1496,442,116800,0.190513,0.4,1,244399,243957,442
52976881,21.8093,20.8299,443,116800,0.254103,0.37,1,244423,243980,443
52979801,5.96186,5.76598,443,116800,0.234821,0.33,1,244425,243982,443
52982721,2.79237,2.7532,443,116800,0.262964,0.31,1,244427,243984,443
52985641,45.3585,48.5506,439,116800,0.300593,0.38,1,244483,244044,439
52988561,17.8717,14.5101,444,116800,0.260119,0.43,1,244494,244050,444
52991481,8.37434,9.30203,442,116800,0.196024,0.39,1,244500,244058,442
52994401,8.87487,9.8604,441,116800,0.287205,0.38,1,244509,244068,441
52997321,3.37497,3.57208,441,116800,0.353441,0.34,1,244511,244070,441
53000241,3.87499,2.31442,443,116800,0.302688,0.35,1,244515,244072,443
53003161,2.375,6.86288,437,116800,0.260538,0.41,1,244517,244080,437
53006081,7.675,4.57258,442,116800,0.220108,0.33,1,244526,244084,442
53009001,3.135,4.11452,440,116800,0.260022,0.37,1,244528,244088,440
53011921,7.027,11.2229,435,116800,0.292004,0.37,1,244536,244101,435
53014841,3.0054,6.24458,432,116800,0.298401,0.33,1,244538,244106,432
53017761,3.80108,2.84892,434,116800,0.30768,0.22,1,244542,244108,434
53020681,7.16022,7.76978,433,116800,0.333536,0.19,1,244550,244117,433
53023601,28.632,23.154,440,116800,0.346707,0.38,1,244584,244144,440
53026521,7.32641,9.43079,436,116800,0.341341,0.31,1,244586,244150,436
53029441,4.66528,9.88616,430,116800,0.292268,0.22,1,244590,244160,430
53032361,12.9331,6.77723,439,116800,0.346454,0.18,1,244605,244166,439
53035281,4.18661,2.95545,439,116800,0.333291,0.37,1,244607,244168,439
53038201,2.43732,6.19109,434,116800,0.298658,0.31,1,244609,244175,434
53041121,14.8875,15.6382,434,116800,0.379732,0.28,1,244627,244193,434
53044041,4.57749,4.72764,434,116800,0.363946,0.26,1,244629,244195,434
53046961,48.9155,44.1455,440,116800,0.392789,0.23,1,244689,244249,440
53049881,11.3831,10.4291,440,116800,0.366558,0.27,1,244691,244251,440
53052801,5.47662,5.28582,440,116800,0.289312,0.33,1,244695,244255,440
53055721,5.89532,9.05716,436,116800,0.353862,0.26,1,244701,244265,436
53058641,23.5791,21.8114,439,116800,0.310772,0.26,1,244729,244290,439
53061561,6.31581,5.96229,439,116800,0.382154,0.31,1,244731,244292,439
53064481,2.86316,2.79246,439,116800,0.364431,0.28,1,244733,244294,439
53067401,2.17263,2.15849,439,116800,0.328886,0.25,1,244735,244296,439
53070321,10.8345,14.8317,434,116800,0.401777,0.19,1,244748,244314,434
53073241,8.56691,9.36634,434,116800,0.344355,0.19,1,244756,244322,434
53076161,3.31338,6.67327,430,116800,0.300871,0.24,1,244758,244328,430
53079081,20.6627,18.1347,434,116800,0.316174,0.21,1,244783,244349,434
53082001,7.33254,6.82693,434,116800,0.295235,0.25,1,244787,244353,434
53084921,7.86651,6.16539,436,116800,0.403047,0.18,1,244795,244359,436
53087841,22.3733,25.2331,432,116800,0.312609,0.19,1,244821,244389,432
53090761,17.2747,13.0466,438,116800,0.278522,0.27,1,244837,244399,438
53093681,17.8549,21.8093,432,116800,0.359704,0.23,1,244855,244423,432
53096601,10.771,5.96186,439,116800,0.359941,0.27,1,244864,244425,439
53099521,3.7542,2.79237,439,116800,0.407988,0.31,1,244866,244427,439
53102441,41.5508,45.3585,434,116800,0.305598,0.25,1,244917,244483,434
53105361,20.3102,17.8717,438,116800,0.38912,0.18,1,244932,244494,438
53108281,8.86203,8.37434,438,116800,0.341824,0.31,1,244938,244500,438
53111201,4.97241,8.87487,433,116800,0.260365,0.37,1,244942,244509,433
53114121,2.59448,3.37497,433,116800,0.244073,0.29,1,244944,244511,433
53117041,2.1189,3.87499,431,116800,0.264815,0.25,1,244946,244515,431
53119961,5.22378,2.375,435,116800,0.348963,0.21,1,244952,244517,435
53122881,10.6448,7.675,438,116800,0.373793,0.27,1,244964,244526,438
53125801,3.72895,3.135,438,116800,0.362759,0.3,1,244966,244528,438
53128721,8.74579,7.027,440,116800,0.296552,0.3,1,244976,244536,440
53131641,3.34916,3.0054,440,116800,0.37131,0.31,1,244978,244538,440
53134561,2.26983,3.80108,438,116800,0.386262,0.34,1,244980,244542,438
53137481,3.65397,7.16022,434,116800,0.333252,0.35,1,244984,244550,434
53140401,30.3308,28.632,437,116800,0.29065,0.34,1,245021,244584,437
53143321,7.66616,7.32641,437,116800,0.25813,0.28,1,245023,244586,437
53146241,7.13323,4.66528,440,116800,0.363626,0.36,1,245030,244590,440
53149161,12.6266,12.9331,439,116800,0.288725,0.33,1,245044,244605,439
53152081,4.12533,4.18661,439,116800,0.241745,0.29,1,245046,244607,439
53155001,4.02507,2.43732,441,116800,0.328349,0.4,1,245050,244609,441
53157921,13.605,14.8875,439,116800,0.34567,0.36,1,245066,244627,439
53160841,4.321,4.57749,439,116800,0.309134,0.4,1,245068,244629,439
53163761,50.4642,48.9155,441,116800,0.309827,0.36,1,245130,244689,441
53166681,11.6928,11.3831,441,116800,0.341965,0.27,1,245132,244691,441
53169601,5.53857,5.47662,441,116800,0.340393,0.37,1,245136,244695,441
53172521,5.90771,5.89532,441,116800,0.268079,0.3,1,245142,244701,441
53175441,18.7815,23.5791,435,116800,0.253616,0.4,1,245164,244729,435
53178361,5.35631,6.31581,435,116800,0.370723,0.36,1,245166,244731,435
53181281,2.67126,2.86316,435,116800,0.354145,0.32,1,245168,244733,435
53184201,9.33425,2.17263,444,116800,0.310829,0.42,1,245179,244735,444
53187121,6.66685,10.8345,437,116800,0.318166,0.33,1,245185,244748,437
53190041,10.9334,8.56691,441,116800,0.343633,0.29,1,245197,244756,441
53192961,3.78667,3.31338,441,116800,0.348727,0.32,1,245199,244758,441
53195881,23.9573,20.6627,445,116800,0.309745,0.29,1,245228,244783,445
53198801,7.99147,7.33254,445,116800,0.245949,0.43,1,245232,244787,445
53201721,4.79829,7.86651,441,116800,0.25719,0.29,1,245236,244795,441
53204641,20.9597,22.3733,440,116800,0.275438,0.27,1,245261,244821,440
53207561,16.1919,17.2747,439,116800,0.223088,0.38,1,245276,244837,439
53210481,20.0384,17.8549,442,116800,0.284618,0.36,1,245297,244855,442
53213401,12.8077,10.771,444,116800,0.264924,0.42,1,245308,244864,444
53216321,4.16154,3.7542,444,116800,0.356985,0.28,1,245310,244866,444
53219241,32.8323,41.5508,433,116800,0.327397,0.41,1,245350,244917,433
53222161,19.3665,20.3102,434,116800,0.289479,0.33,1,245366,244932,434
53225081,10.2733,8.86203,436,116800,0.233896,0.24,1,245374,244938,436
53228001,9.25466,4.97241,441,116800,0.310779,0.24,1,245383,244942,441
53230921,3.45093,2.59448,441,116800,0.334156,0.27,1,245385,244944,441
53233841,2.29019,2.1189,441,116800,0.306831,0.37,1,245387,244946,441
53236761,2.05804,5.22378,437,116800,0.269366,0.38,1,245389,244952,437
53239681,6.81161,10.6448,433,116800,0.341873,0.36,1,245397,244964,433
53242601,7.76232,3.72895,439,116800,0.308375,0.28,1,245405,244966,439
53245521,9.55246,8.74579,439,116800,0.309675,0.39,1,245415,244976,439
53248441,3.51049,3.34916,439,116800,0.333935,0.39,1,245417,244978,439
53251361,3.9021,2.26983,441,116800,0.274787,0.32,1,245421,244980,441
53254281,3.98042,3.65397,441,116800,0.302957,0.28,1,245425,244984,441
53257201,30.3961,30.3308,441,116800,0.292591,0.25,1,245462,245021,441
53260121,9.27922,7.66616,443,116800,0.218518,0.39,1,245466,245023,443
53263041,3.45584,7.13323,438,116800,0.179704,0.27,1,245468,245030,438
53265961,11.0912,12.6266,437,116800,0.307941,0.23,1,245481,245044,437
53268881,8.61823,4.12533,443,116800,0.349588,0.35,1,245489,245046,443
53271801,3.32365,4.02507,441,116800,0.349918,0.35,1,245491,245050,441
53274721,7.06473,13.605,433,116800,0.245984,0.3,1,245499,245066,433
53277641,10.2129,4.321,442,116800,0.321197,0.31,1,245510,245068,442
53280561,46.8426,50.4642,436,116800,0.240239,0.35,1,245566,245130,436
53283481,10.9685,11.6928,436,116800,0.224048,0.34,1,245568,245132,436
53286401,3.7937,5.53857,434,116800,0.21281,0.25,1,245570,245136,434
53289321,9.55874,5.90771,439,116800,0.226562,0.25,1,245581,245142,439
53292241,16.3117,18.7815,435,116800,0.285312,0.4,1,245599,245164,435
53295161,4.86235,5.35631,435,116800,0.345062,0.35,1,245601,245166,435
53298081,2.57247,2.67126,435,116800,0.325013,0.3,1,245603,245168,435
53301001,8.51449,9.33425,434,116800,0.377002,0.32,1,245613,245179,434
53303921,12.1029,6.66685,441,116800,0.3234,0.35,1,245626,245185,441
53306841,8.82058,10.9334,437,116800,0.33668,0.35,1,245634,245197,437
53309761,6.56412,3.78667,441,116800,0.339336,0.3,1,245640,245199,441
53312681,24.5128,23.9573,441,116800,0.291867,0.23,1,245669,245228,441
53315601,8.10256,7.99147,441,116800,0.226373,0.26,1,245673,245232,441
53318521,4.82051,4.79829,441,116800,0.293275,0.28,1,245677,245236,441
53321441,16.9641,20.9597,436,116800,0.298655,0.21,1,245697,245261,436
53324361,16.1928,16.1919,437,116800,0.251731,0.3,1,245713,245276,437
53327281,17.6386,20.0384,434,116800,0.306346,0.26,1,245731,245297,434
53330201,10.7277,12.8077,432,116800,0.301269,0.38,1,245740,245308,432
53333121,3.74554,4.16154,432,116800,0.308254,0.32,1,245742,245310,432
53336041,35.9491,32.8323,436,116800,0.285651,0.28,1,245786,245350,436
53338961,18.3898,19.3665,434,116800,0.31313,0.22,1,245800,245366,434
53341881,13.278,10.2733,438,116800,0.310626,0.33,1,245812,245374,438
53344801,5.85559,9.25466,433,116800,0.334125,0.34,1,245816,245383,433
53347721,9.17112,3.45093,441,116800,0.354825,0.3,1,245826,245385,441
53350641,3.43422,2.29019,441,116800,0.358965,0.26,1,245828,245387,441
53353561,2.28684,2.05804,441,116800,0.351793,0.36,1,245830,245389,441
53356481,3.65737,6.81161,437,116800,0.350359,0.3,1,245834,245397,437
53359401,7.93147,7.76232,438,116800,0.382072,0.31,1,245843,245405,438
53362321,11.1863,9.55246,440,116800,0.340414,0.34,1,245855,245415,440
53365241,3.83726,3.51049,440,116800,0.308083,0.26,1,245857,245417,440
53368161,2.36745,3.9021,438,116800,0.269617,0.31,1,245859,245421,438
53371081,2.07349,3.98042,436,116800,0.309923,0.29,1,245861,245425,436
53374001,33.2147,30.3961,440,116800,0.365985,0.2,1,245902,245462,440
53376921,8.24294,9.27922,438,116800,0.345197,0.17,1,245904,245466,438
53379841,3.24859,3.45584,438,116800,0.341039,0.34,1,245906,245468,438
53382761,11.0497,11.0912,438,116800,0.364208,0.36,1,245919,245481,438
53385681,3.80994,8.61823,432,116800,0.344842,0.35,1,245921,245489,432
53388601,2.36199,3.32365,432,116800,0.332968,0.22,1,245923,245491,432
53391521,11.6724,7.06473,438,116800,0.402594,0.34,1,245937,245499,438
53394441,11.9345,10.2129,439,116800,0.328519,0.22,1,245949,245510,439
53397361,42.3869,46.8426,433,116800,0.385704,0.22,1,245999,245566,433
53400281,10.0774,10.9685,433,116800,0.397141,0.21,1,246001,245568,433
53403201,3.61548,3.7937,433,116800,0.391428,0.23,1,246003,245570,433
53406121,8.7231,9.55874,432,116800,0.350286,0.3,1,246013,245581,432
53409041,22.5446,16.3117,440,116800,0.350057,0.36,1,246039,245599,440
53411961,6.10892,4.86235,440,116800,0.390011,0.32,1,246041,245601,440
53414881,2.82178,2.57247,440,116800,0.374002,0.39,1,246043,245603,440
53417801,6.96436,8.51449,438,116800,0.4108,0.31,1,246051,245613,438
53420721,11.7929,12.1029,438,116800,0.32216,0.34,1,246064,245626,438
53423641,7.15857,8.82058,436,116800,0.392432,0.34,1,246070,245634,436
53426561,6.23171,6.56412,436,116800,0.358486,0.28,1,246076,245640,436
53429481,25.2463,24.5128,437,116800,0.327697,0.21,1,246106,245669,437
53432401,8.24927,8.10256,437,116800,0.265539,0.31,1,246110,245673,437
53435321,4.84985,4.82051,437,116800,0.189108,0.3,1,246114,245677,437
53438241,18.57,16.9641,439,116800,0.365822,0.24,1,246136,245697,439
53441161,17.314,16.1928,440,116800,0.321164,0.32,1,246153,245713,440
53444081,14.6628,17.6386,436,116800,0.360233,0.3,1,246167,245731,436
53447001,8.53256,10.7277,434,116800,0.384047,0.31,1,246174,245740,434
53449921,3.30651,3.74554,434,116800,0.372809,0.28,1,246176,245742,434
53452841,41.4613,35.9491,441,116800,0.402562,0.32,1,246227,245786,441
53455761,17.0923,18.3898,438,116800,0.344512,0.31,1,246238,245800,438
53458681,13.0185,13.278,438,116800,0.372902,0.34,1,246250,245812,438
53461601,8.20369,5.85559,441,116800,0.35458,0.36,1,246257,245816,441
53464521,8.04074,9.17112,439,116800,0.374916,0.36,1,246265,245826,439
53467441,4.80815,3.43422,441,116800,0.346983,0.35,1,246269,245828,441
53470361,4.16163,2.28684,443,116800,0.269397,0.35,1,246273,245830,443
53473281,2.43233,3.65737,441,116800,0.293879,0.39,1,246275,245834,441
53476201,5.28647,7.93147,438,116800,0.274776,0.33,1,246281,245843,438
53479121,9.85729,11.1863,437,116800,0.374955,0.3,1,246292,245855,437
53482041,3.57146,3.83726,437,116800,0.362991,0.26,1,246294,245857,437
53484961,2.31429,2.36745,437,116800,0.360598,0.32,1,246296,245859,437
53487881,2.06286,2.07349,437,116800,0.32812,0.38,1,246298,245861,437
53490801,34.8126,33.2147,439,116800,0.401624,0.34,1,246341,245902,439
53493721,8.56251,8.24294,439,116800,0.416325,0.34,1,246343,245904,439
53496641,4.9125,3.24859,441,116800,0.387265,0.37,1,246347,245906,441
53499561,12.9825,11.0497,443,116800,0.341453,0.34,1,246362,245919,443
53502481,4.1965,3.80994,443,116800,0.332291,0.33,1,246364,245921,443
53505401,2.4393,2.36199,443,116800,0.306458,0.42,1,246366,245923,443
53508321,6.88786,11.6724,437,116800,0.285292,0.31,1,246374,245937,437
53511241,14.1776,11.9345,441,116800,0.361058,0.4,1,246390,245949,441
53514161,42.0355,42.3869,440,116800,0.304212,0.4,1,246439,245999,440
53517081,10.0071,10.0774,440,116800,0.292842,0.39,1,246441,246001,440
53520001,3.60142,3.61548,440,116800,0.346568,0.34,1,246443,246003,440
53522921,5.52028,8.7231,436,116800,0.325314,0.35,1,246449,246013,436
53525841,27.5041,22.5446,443,116800,0.321063,0.4,1,246482,246039,443
53528761,7.10081,6.10892,443,116800,0.320213,0.37,1,246484,246041,443
53531681,3.02016,2.82178,443,116800,0.288043,0.42,1,246486,246043,443
53534601,2.20403,6.96436,437,116800,0.257609,0.3,1,246488,246051,437
53537521,12.4408,11.7929,439,116800,0.307522,0.41,1,246503,246064,439
53540441,8.88816,7.15857,441,116800,0.389504,0.35,1,246511,246070,441
53543361,4.97763,6.23171,439,116800,0.373901,0.32,1,246515,246076,439
53546281,23.3955,25.2463,437,116800,0.36278,0.25,1,246543,246106,437
53549201,9.47911,8.24927,439,116800,0.272556,0.17,1,246549,246110,439
53552121,8.29582,4.84985,443,116800,0.342511,0.41,1,246557,246114,443
53555041,14.4592,18.57,437,116800,0.332502,0.31,1,246573,246136,437
53557961,14.8918,17.314,435,116800,0.3625,0.37,1,246588,246153,435
53560881,18.1784,14.6628,440,116800,0.4005,0.39,1,246607,246167,440
53563801,8.43567,8.53256,439,116800,0.3601,0.37,1,246613,246174,439
53566721,3.28713,3.30651,439,116800,0.37602,0.41,1,246615,246176,439
53569641,41.4574,41.4613,439,116800,0.323204,0.33,1,246666,246227,439
53572561,19.4915,17.0923,442,116800,0.336641,0.38,1,246680,246238,442
53575481,11.8983,13.0185,440,116800,0.347328,0.35,1,246690,246250,440
53578401,7.17966,8.20369,439,116800,0.317466,0.38,1,246696,246257,439
53581321,7.03593,8.04074,438,116800,0.295493,0.34,1,246703,246265,438
53584241,3.00719,4.80815,436,116800,0.259099,0.25,1,246705,246269,436
53587161,3.80144,4.16163,436,116800,0.33982,0.3,1,246709,246273,436
53590081,7.16029,2.43233,442,116800,0.355964,0.27,1,246717,246275,442
53593001,6.23206,5.28647,442,116800,0.295193,0.4,1,246723,246281,442
53595921,4.44641,9.85729,435,116800,0.323039,0.36,1,246727,246292,435
53598841,5.68928,3.57146,439,116800,0.320608,0.36,1,246733,246294,439
53601761,2.73786,2.31429,439,116800,0.320122,0.32,1,246735,246296,439
53604681,3.74757,2.06286,441,116800,0.376024,0.42,1,246739,246298,441
53607601,32.7495,34.8126,438,116800,0.299205,0.42,1,246779,246341,438
53610521,8.1499,8.56251,438,116800,0.339841,0.38,1,246781,246343,438
53613441,8.02998,4.9125,442,116800,0.323968,0.33,1,246789,246347,442
53616361,8.806,12.9825,436,116800,0.336794,0.33,1,246798,246362,436
53619281,3.3612,4.1965,436,116800,0.347359,0.3,1,246800,246364,436
53622201,2.27224,2.4393,436,116800,0.349472,0.28,1,246802,246366,436
53625121,12.4544,6.88786,443,116800,0.357894,0.38,1,246817,246374,443
53628041,15.2909,14.1776,443,116800,0.407579,0.29,1,246833,246390,443
53630961,39.0582,42.0355,439,116800,0.417516,0.29,1,246878,246439,439
53633881,9.41164,10.0071,439,116800,0.419503,0.36,1,246880,246441,439
53636801,5.08233,3.60142,441,116800,0.387901,0.32,1,246884,246443,441
53639721,7.41647,5.52028,443,116800,0.36558,0.32,1,246892,246449,443
53642641,23.8833,27.5041,438,116800,0.361116,0.32,1,246920,246482,438
53645561,6.37666,7.10081,438,116800,0.360223,0.28,1,246922,246484,438
53648481,4.47533,3.02016,440,116800,0.392045,0.25,1,246926,246486,440
53651401,4.09507,2.20403,442,116800,0.334409,0.32,1,246930,246488,442
53654321,11.219,12.4408,440,116800,0.322882,0.41,1,246943,246503,440
53657241,7.8438,8.88816,439,116800,0.288576,0.37,1,246950,246511,439
53660161,3.16876,4.97763,437,116800,0.249715,0.36,1,246952,246515,437
53663081,17.4338,23.3955,430,116800,0.313943,0.25,1,246973,246543,430
53666001,14.6868,9.47911,438,116800,0.326789,0.36,1,246987,246549,438
53668921,6.13735,8.29582,434,116800,0.281358,0.33,1,246991,246557,434
53671841,18.0275,14.4592,439,116800,0.256272,0.37,1,247012,246573,439
53674761,13.2055,14.8918,436,116800,0.315254,0.41,1,247024,246588,436
53677681,21.8411,18.1784,441,116800,0.255051,0.35,1,247048,246607,441
53680601,9.16822,8.43567,441,116800,0.33901,0.38,1,247054,246613,441
53683521,3.43364,3.28713,441,116800,0.315802,0.31,1,247056,246615,441
53686441,40.6867,41.4574,440,116800,0.31916,0.34,1,247106,246666,440
53689361,19.3373,19.4915,440,116800,0.287832,0.35,1,247120,246680,440
53692281,10.2675,11.8983,438,116800,0.305566,0.31,1,247128,246690,438
53695201,3.65349,7.17966,434,116800,0.277113,0.29,1,247130,246696,434
53698121,11.9307,7.03593,441,116800,0.287423,0.25,1,247144,246703,441
53701041,3.98614,3.00719,441,116800,0.257485,0.36,1,247146,246705,441
53703961,2.39723,3.80144,439,116800,0.219497,0.36,1,247148,246709,439
53706881,8.47945,7.16029,441,116800,0.251899,0.28,1,247158,246717,441
53709801,3.29589,6.23206,437,116800,0.30638,0.33,1,247160,246723,437
53712721,7.05918,4.44641,441,116800,0.197276,0.32,1,247168,246727,441
53715641,4.61184,5.68928,439,116800,0.311455,0.32,1,247172,246733,439
53718561,4.12237,2.73786,441,116800,0.326291,0.39,1,247176,246735,441
53721481,2.42447,3.74757,439,116800,0.289258,0.28,1,247178,246739,439
53724401,31.6849,32.7495,438,116800,0.321852,0.35,1,247217,246779,438
53727321,7.93698,8.1499,438,116800,0.30437,0.32,1,247219,246781,438
53730241,9.5874,8.02998,440,116800,0.300874,0.34,1,247229,246789,440
53733161,7.51748,8.806,438,116800,0.260175,0.35,1,247236,246798,438
53736081,3.1035,3.3612,438,116800,0.244035,0.35,1,247238,246800,438
53739001,2.2207,2.27224,438,116800,0.232807,0.36,1,247240,246802,438
53741921,15.6441,12.4544,442,116800,0.246561,0.42,1,247259,246817,442
53744841,11.1288,15.2909,436,116800,0.337312,0.42,1,247269,246833,436
53747761,38.2258,39.0582,436,116800,0.155462,0.42,1,247314,246878,436
53750681,10.8452,9.41164,438,116800,0.247093,0.38,1,247318,246880,438
53753601,5.36903,5.08233,438,116800,0.273418,0.36,1,247322,246884,438
53756521,7.47381,7.41647,438,116800,0.286684,0.36,1,247330,246892,438
53759441,23.8948,23.8833,438,116800,0.241337,0.36,1,247358,246920,438
53762361,6.37895,6.37666,438,116800,0.192267,0.4,1,247360,246922,438
53765281,6.07579,4.47533,440,116800,0.294453,0.32,1,247366,246926,440
53768201,4.41516,4.09507,440,116800,0.290891,0.32,1,247370,246930,440
53771121,5.68303,11.219,433,116800,0.234178,0.28,1,247376,246943,433
53774041,13.1366,7.8438,441,116800,0.302836,0.24,1,247391,246950,441
53776961,4.22732,3.16876,441,116800,0.284567,0.33,1,247393,246952,441
53779881,16.8455,17.4338,440,116800,0.288913,0.33,1,247413,246973,440
53782801,12.1691,14.6868,437,116800,0.329783,0.27,1,247424,246987,437
53785721,8.83382,6.13735,441,116800,0.289957,0.25,1,247432,246991,441
53788641,14.5668,18.0275,436,116800,0.353991,0.33,1,247448,247012,436
53791561,13.3134,13.2055,437,116800,0.222798,0.24,1,247461,247024,437
53794481,20.2627,21.8411,435,116800,0.21256,0.36,1,247483,247048,435
53797401,10.4525,9.16822,437,116800,0.210512,0.31,1,247491,247054,437
53800321,3.69051,3.43364,437,116800,0.210102,0.32,1,247493,247056,437
53803241,37.5381,40.6867,433,116800,0.29802,0.28,1,247539,247106,433
53806161,20.3076,19.3373,435,116800,0.243604,0.31,1,247555,247120,435
53809081,10.4615,10.2675,435,116800,0.264721,0.27,1,247563,247128,435
53812001,5.2923,3.65349,437,116800,0.276944,0.29,1,247567,247130,437
53814921,11.4585,11.9307,436,116800,0.247389,0.25,1,247580,247144,436
53817841,3.89169,3.98614,436,116800,0.209478,0.21,1,247582,247146,436
53820761,2.37834,2.39723,436,116800,0.169896,0.26,1,247584,247148,436
53823681,3.67567,8.47945,430,116800,0.217979,0.32,1,247588,247158,430
53826601,7.93513,3.29589,437,116800,0.315596,0.17,1,247597,247160,437
53829521,7.98703,7.05918,437,116800,0.351119,0.34,1,247605,247168,437
53832441,3.19741,4.61184,435,116800,0.334224,0.33,1,247607,247172,435
53835361,3.83948,4.12237,435,116800,0.290845,0.28,1,247611,247176,435
53838281,5.5679,2.42447,439,116800,0.250169,0.33,1,247617,247178,439
53841201,30.7136,31.6849,437,116800,0.210034,0.3,1,247654,247217,437
53844121,7.74272,7.93698,437,116800,0.170007,0.3,1,247656,247219,437
53847041,6.34854,9.5874,433,116800,0.226001,0.25,1,247662,247229,433
53849961,6.86971,7.51748,433,116800,0.2932,0.24,1,247669,247236,433
53852881,4.57394,3.1035,435,116800,0.27464,0.23,1,247673,247238,435
53855801,4.11479,2.2207,437,116800,0.246928,0.25,1,247677,247240,437
53858721,17.623,15.6441,439,116800,0.233386,0.36,1,247698,247259,439
53861641,12.3246,11.1288,440,116800,0.214677,0.11,1,247709,247269,440
53864561,33.6649,38.2258,434,116800,0.226935,0.27,1,247748,247314,434
53867481,12.333,10.8452,437,116800,0.293387,0.28,1,247755,247318,437
53870401,4.0666,5.36903,435,116800,0.306677,0.29,1,247757,247322,435
53873321,8.81332,7.47381,437,116800,0.245335,0.23,1,247767,247330,437
53876241,24.1627,23.8948,437,116800,0.289067,0.18,1,247795,247358,437
53879161,6.43253,6.37895,437,116800,0.273813,0.32,1,247797,247360,437
53882081,2.88651,6.07579,433,116800,0.238763,0.29,1,247799,247366,433
53885001,2.1773,4.41516,431,116800,0.223753,0.22,1,247801,247370,431
53887921,8.43546,5.68303,435,116800,0.33275,0.32,1,247811,247376,435
53890841,13.6871,13.1366,435,116800,0.37055,0.28,1,247826,247391,435
53893761,4.33742,4.22732,435,116800,0.34611,0.29,1,247828,247393,435
53896681,19.2675,16.8455,438,116800,0.301222,0.34,1,247851,247413,438
53899601,8.6535,12.1691,433,116800,0.292244,0.28,1,247857,247424,433
53902521,13.7307,8.83382,440,116800,0.298449,0.37,1,247872,247432,440
53905441,9.14614,14.5668,432,116800,0.33169,0.19,1,247880,247448,432
53908361,17.8292,13.3134,439,116800,0.242338,0.21,1,247900,247461,439
53911281,16.3658,20.2627,433,116800,0.328468,0.21,1,247916,247483,433
53914201,13.6732,10.4525,438,116800,0.273694,0.21,1,247929,247491,438
53917121,4.33463,3.69051,438,116800,0.302739,0.32,1,247931,247493,438
53920041,37.6669,37.5381,438,116800,0.316548,0.23,1,247977,247539,438
53922961,17.9334,20.3076,435,116800,0.29531,0.27,1,247990,247555,435
53925881,11.5867,10.4615,437,116800,0.227062,0.28,1,248000,247563,437
53928801,3.91734,5.2923,435,116800,0.213412,0.24,1,248002,247567,435
53931721,9.58347,11.4585,433,116800,0.354682,0.2,1,248013,247580,433
53934641,8.31669,3.89169,439,116800,0.278937,0.16,1,248021,247582,439
53937561,3.26334,2.37834,439,116800,0.311787,0.23,1,248023,247584,439
53940481,2.25267,3.67567,437,116800,0.318357,0.34,1,248025,247588,437
53943401,7.65053,7.93513,437,116800,0.327671,0.36,1,248034,247597,437
53946321,4.73011,7.98703,433,116800,0.305534,0.33,1,248038,247605,433
53949241,4.14602,3.19741,435,116800,0.333107,0.28,1,248042,247607,435
53952161,3.2292,3.83948,434,116800,0.322621,0.24,1,248045,247611,434
53955081,3.84584,5.5679,432,116800,0.336524,0.2,1,248049,247617,432
53958001,32.7692,30.7136,435,116800,0.299305,0.16,1,248089,247654,435
53960921,8.15383,7.74272,435,116800,0.259861,0.24,1,248091,247656,435
53963841,6.43077,6.34854,435,116800,0.299972,0.31,1,248097,247662,435
53966761,4.48615,6.86971,432,116800,0.395994,0.27,1,248101,247669,432
53969681,6.49723,4.57394,435,116800,0.431199,0.24,1,248108,247673,435
53972601,2.89945,4.11479,433,116800,0.43824,0.23,1,248110,247677,433
53975521,16.5799,17.623,432,116800,0.375648,0.21,1,248130,247698,432
53978441,14.516,12.3246,435,116800,0.33913,0.23,1,248144,247709,435
53981361,35.7032,33.6649,437,116800,0.339826,0.31,1,248185,247748,437
53984281,10.3406,12.333,434,116800,0.291965,0.31,1,248189,247755,434
53987201,5.26813,4.0666,436,116800,0.402393,0.23,1,248193,247757,436
53990121,7.45363,8.81332,434,116800,0.432479,0.3,1,248201,247767,434
53993041,23.8907,24.1627,434,116800,0.366496,0.27,1,248229,247795,434
53995961,6.37814,6.43253,434,116800,0.321299,0.23,1,248231,247797,434
53998881,2.87563,2.88651,434,116800,0.31226,0.22,1,248233,247799,434
54001801,7.77513,2.1773,441,116800,0.358452,0.36,1,248242,247801,441
54004721,4.75503,8.43546,435,116800,0.34369,0.38,1,248246,247811,435
54007641,15.351,13.6871,438,116800,0.372738,0.34,1,248264,247826,438
54010561,4.6702,4.33742,438,116800,0.378548,0.29,1,248266,247828,438
54013481,15.334,19.2675,433,116800,0.38771,0.29,1,248284,247851,433
54016401,7.86681,8.6535,433,116800,0.325542,0.3,1,248290,247857,433
54019321,19.9734,13.7307,441,116800,0.305108,0.34,1,248313,247872,441
54022241,10.3947,9.14614,441,116800,0.365022,0.22,1,248321,247880,441
54025161,10.0789,17.8292,431,116800,0.361004,0.35,1,248331,247900,431
54028081,18.8158,16.3658,436,116800,0.264201,0.26,1,248352,247916,436
54031001,15.7632,13.6732,438,116800,0.34884,0.31,1,248367,247929,438
54033921,4.75263,4.33463,438,116800,0.333768,0.32,1,248369,247931,438
54036841,34.5505,37.6669,434,116800,0.338754,0.29,1,248411,247977,434
54039761,16.5101,17.9334,433,116800,0.315751,0.21,1,248423,247990,433
54042681,16.902,11.5867,440,116800,0.35915,0.21,1,248440,248000,440
54045601,4.9804,3.91734,440,116800,0.39183,0.39,1,248442,248002,440
54048521,8.99608,9.58347,439,116800,0.406366,0.26,1,248452,248013,439
54051441,8.19922,8.31669,439,116800,0.321273,0.32,1,248460,248021,439
54054361,3.23984,3.26334,439,116800,0.392255,0.32,1,248462,248023,439
54057281,2.24797,2.25267,439,116800,0.422451,0.33,1,248464,248025,439
54060201,6.84959,7.65053,438,116800,0.41249,0.3,1,248472,248034,438
54063121,4.56992,4.73011,438,116800,0.418498,0.34,1,248476,248038,438
54066041,5.71398,4.14602,440,116800,0.4117,0.32,1,248482,248042,440
54068961,2.7428,3.2292,439,116800,0.40234,0.34,1,248484,248045,439
54071881,2.14856,3.84584,437,116800,0.400468,0.29,1,248486,248049,437
54074801,38.0297,32.7692,444,116800,0.240094,0.25,1,248533,248089,444
54077721,9.20594,8.15383,444,116800,0.296019,0.31,1,248535,248091,444
54080641,6.64119,6.43077,444,116800,0.315204,0.42,1,248541,248097,444
54083561,4.52824,4.48615,444,116800,0.383041,0.44,1,248545,248101,444
54086481,2.50565,6.49723,439,116800,0.396608,0.44,1,248547,248108,439
54089401,3.70113,2.89945,441,116800,0.335322,0.36,1,248551,248110,441
54092321,16.7402,16.5799,441,116800,0.323064,0.33,1,248571,248130,441
54095241,6.54805,14.516,431,116800,0.312613,0.34,1,248575,248144,431
54098161,42.9096,35.7032,442,116800,0.398523,0.28,1,248627,248185,442
54101081,11.7819,10.3406,442,116800,0.383705,0.43,1,248631,248189,442
54104001,3.95638,5.26813,440,116800,0.356741,0.44,1,248633,248193,440
54106921,3.99128,7.45363,436,116800,0.319348,0.35,1,248637,248201,436
54109841,26.3983,23.8907,440,116800,0.32787,0.31,1,248669,248229,440
54112761,6.87965,6.37814,440,116800,0.385574,0.31,1,248671,248231,440
54115681,2.97593,2.87563,440,116800,0.365115,0.37,1,248673,248233,440
54118601,3.79519,7.77513,435,116800,0.297023,0.34,1,248677,248242,435
54121521,9.55904,4.75503,442,116800,0.451405,0.38,1,248688,248246,442
54124441,13.1118,15.351,438,116800,0.410281,0.38,1,248702,248264,438
54127361,4.22236,4.6702,438,116800,0.370056,0.39,1,248704,248266,438
54130281,11.2445,15.334,433,116800,0.442011,0.31,1,248717,248284,433
54133201,11.8489,7.86681,439,116800,0.480402,0.3,1,248729,248290,439
54136121,21.5698,19.9734,440,116800,0.45608,0.38,1,248753,248313,440
54139041,10.714,10.3947,440,116800,0.387216,0.36,1,248761,248321,440
54141961,5.34279,10.0789,434,116800,0.405443,0.24,1,248765,248331,434
54144881,24.2686,18.8158,442,116800,0.337089,0.37,1,248794,248352,442
54147801,9.65371,15.7632,433,116800,0.411418,0.33,1,248800,248367,433
54150721,10.7307,4.75263,442,116800,0.386284,0.34,1,248811,248369,442
54153641,32.5461,34.5505,438,116800,0.357257,0.31,1,248849,248411,438
54156561,20.1092,16.5101,443,116800,0.327451,0.37,1,248866,248423,443
54159481,18.4218,16.902,444,116800,0.34549,0.4,1,248884,248440,444
54162401,5.28437,4.9804,444,116800,0.325098,0.41,1,248886,248442,444
54165321,8.25687,8.99608,443,116800,0.38502,0.3,1,248895,248452,443
54168241,8.05137,8.19922,443,116800,0.373004,0.41,1,248903,248460,443
54171161,3.21027,3.23984,443,116800,0.346601,0.43,1,248905,248462,443
54174081,2.24205,2.24797,443,116800,0.42932,0.41,1,248907,248464,443
54177001,6.84841,6.84959,443,116800,0.389864,0.42,1,248915,248472,443
54179921,4.56968,4.56992,443,116800,0.453973,0.41,1,248919,248476,443
54182841,2.51394,5.71398,439,116800,0.434795,0.4,1,248921,248482,439
54185761,3.70279,2.7428,441,116800,0.366959,0.4,1,248925,248484,441
54188681,3.94056,2.14856,443,116800,0.433392,0.2,1,248929,248486,443
54191601,38.3881,38.0297,443,116800,0.446678,0.31,1,248976,248533,443
54194521,9.27762,9.20594,443,116800,0.417336,0.32,1,248978,248535,443
54197441,3.45552,6.64119,439,116800,0.379467,0.4,1,248980,248541,439
54200361,3.8911,4.52824,439,116800,0.299893,0.4,1,248984,248545,439
54203281,3.97822,2.50565,441,116800,0.323979,0.32,1,248988,248547,441
54206201,3.99564,3.70113,441,116800,0.424796,0.32,1,248992,248551,441
54209121,16.7991,16.7402,441,116800,0.348959,0.31,1,249012,248571,441
54212041,9.75983,6.54805,445,116800,0.413792,0.42,1,249020,248575,445
54214961,38.752,42.9096,439,116800,0.426758,0.38,1,249066,248627,439
54217881,15.7504,11.7819,445,116800,0.309352,0.35,1,249076,248631,445
54220801,4.75008,3.95638,445,116800,0.39787,0.31,1,249078,248633,445
54223721,4.15002,3.99128,445,116800,0.351574,0.33,1,249082,248637,445
54226641,25.63,26.3983,444,116800,0.310315,0.4,1,249113,248669,444
54229561,6.726,6.87965,444,116800,0.278063,0.36,1,249115,248671,444
54232481,2.9452,2.97593,444,116800,0.239613,0.28,1,249117,248673,444
54235401,5.38904,3.79519,446,116800,0.271922,0.49,1,249123,248677,446
54238321,9.07781,9.55904,445,116800,0.350385,0.4,1,249133,248688,445
54241241,13.0156,13.1118,445,116800,0.310077,0.36,1,249147,248702,445
54244161,4.20311,4.22236,445,116800,0.270015,0.46,1,249149,248704,445
54247081,7.24062,11.2445,440,116800,0.310003,0.49,1,249157,248717,440
54250001,16.6481,11.8489,447,116800,0.278001,0.45,1,249176,248729,447
54252921,18.5296,21.5698,442,116800,0.2876,0.37,1,249195,248753,442
54255841,13.3059,10.714,446,116800,0.31352,0.41,1,249207,248761,446
54258761,4.26118,5.34279,444,116800,0.342704,0.32,1,249209,248765,444
54261681,22.4522,24.2686,442,116800,0.364541,0.43,1,249236,248794,442
54264601,7.69045,9.65371,440,116800,0.304908,0.38,1,249240,248800,440
54267521,9.53809,10.7307,439,116800,0.348982,0.35,1,249250,248811,439
54270441,33.1076,32.5461,440,116800,0.349796,0.32,1,249289,248849,440
54273361,19.4215,20.1092,439,116800,0.389959,0.35,1,249305,248866,439
54276281,21.4843,18.4218,443,116800,0.301992,0.32,1,249327,248884,443
54279201,7.49686,5.28437,445,116800,0.316398,0.4,1,249331,248886,445
54282121,6.29937,8.25687,442,116800,0.35128,0.37,1,249337,248895,442
54285041,6.05987,8.05137,440,116800,0.334256,0.34,1,249343,248903,440
54287961,6.01198,3.21027,444,116800,0.362851,0.45,1,249349,248905,444
54290881,4.40239,2.24205,446,116800,0.39257,0.38,1,249353,248907,446
54293801,2.48048,6.84841,440,116800,0.406514,0.47,1,249355,248915,440
54296721,8.4961,4.56968,446,116800,0.353303,0.43,1,249365,248919,446
54299641,3.29922,2.51394,446,116800,0.342661,0.35,1,249367,248921,446
54302561,2.25984,3.70279,444,116800,0.300532,0.45,1,249369,248925,444
54305481,2.05197,3.94056,442,116800,0.316106,0.45,1,249371,248929,442
54308401,35.6104,38.3881,439,116800,0.311221,0.41,1,249415,248976,439
54311321,8.72208,9.27762,439,116800,0.302244,0.37,1,249417,248978,439
54314241,4.94442,3.45552,441,116800,0.356449,0.28,1,249421,248980,441
54317161,7.38888,3.8911,445,116800,0.28729,0.33,1,249429,248984,445
54320081,3.07778,3.97822,443,116800,0.297458,0.45,1,249431,248988,443
54323001,2.21556,3.99564,441,116800,0.307492,0.33,1,249433,248992,441
54325921,17.2431,16.7991,442,116800,0.349498,0.43,1,249454,249012,442
54328841,8.24862,9.75983,440,116800,0.2859,0.43,1,249460,249020,440
54331761,38.4497,38.752,440,116800,0.28918,0.28,1,249506,249066,440
54334681,12.4899,15.7504,436,116800,0.305836,0.42,1,249512,249076,436
54337601,4.09799,4.75008,436,116800,0.285167,0.34,1,249514,249078,436
54340521,10.4196,4.15002,444,116800,0.377033,0.3,1,249526,249082,444
54343441,19.6839,25.63,435,116800,0.403407,0.27,1,249548,249113,435
54346361,7.13678,6.726,437,116800,0.384681,0.23,1,249552,249115,437
54349281,8.62736,2.9452,444,116800,0.428936,0.28,1,249561,249117,444
54352201,3.32547,5.38904,440,116800,0.437787,0.37,1,249563,249123,440
54355121,7.86509,9.07781,439,116800,0.471557,0.3,1,249572,249133,439
54358041,12.773,13.0156,439,116800,0.454311,0.26,1,249586,249147,439
54360961,4.1546,4.20311,439,116800,0.418862,0.32,1,249588,249149,439
54363881,8.83092,7.24062,441,116800,0.323772,0.27,1,249598,249157,441
54366801,13.7662,16.6481,437,116800,0.440755,0.29,1,249613,249176,437
54369721,18.7532,18.5296,438,116800,0.432151,0.32,1,249633,249195,438
54372641,14.9506,13.3059,440,116800,0.43043,0.35,1,249647,249207,440
54375561,4.59013,4.26118,440,116800,0.406086,0.37,1,249649,249209,440
54378481,24.918,22.4522,443,116800,0.441217,0.29,1,249679,249236,443
54381401,6.5836,7.69045,441,116800,0.424243,0.36,1,249681,249240,441
54384321,9.31672,9.53809,441,116800,0.436849,0.35,1,249691,249250,441
54387241,36.2633,33.1076,445,116800,0.46337,0.4,1,249734,249289,445
54390161,20.0527,19.4215,445,116800,0.444674,0.28,1,249750,249305,445
54393081,19.2105,21.4843,442,116800,0.416935,0.32,1,249769,249327,442
54396001,5.44211,7.49686,440,116800,0.435387,0.36,1,249771,249331,440
54398921,6.68842,6.29937,441,116800,0.335077,0.33,1,249778,249337,441
54401841,7.73768,6.05987,443,116800,0.387015,0.37,1,249786,249343,443
54404761,4.74754,6.01198,441,116800,0.469403,0.4,1,249790,249349,441
54407681,2.54951,4.40239,439,116800,0.461881,0.41,1,249792,249353,439
54410601,2.1099,2.48048,439,116800,0.428376,0.34,1,249794,249355,439
54413521,8.42198,8.4961,439,116800,0.477675,0.34,1,249804,249365,439
54416441,3.2844,3.29922,439,116800,0.487535,0.29,1,249806,249367,439
54419361,2.25688,2.25984,439,116800,0.473507,0.32,1,249808,249369,439
54422281,5.25138,2.05197,443,116800,0.430701,0.31,1,249814,249371,443
54425201,29.8503,35.6104,435,116800,0.51014,0.3,1,249850,249415,435
54428121,7.57005,8.72208,435,116800,0.502028,0.37,1,249852,249417,435
54431041,6.31401,4.94442,437,116800,0.404406,0.27,1,249858,249421,437
54433961,12.4628,7.38888,443,116800,0.424881,0.3,1,249872,249429,443
54436881,4.09256,3.07778,443,116800,0.444976,0.31,1,249874,249431,443
54439801,2.41851,2.21556,443,116800,0.416995,0.36,1,249876,249433,443
54442721,16.4837,17.2431,442,116800,0.435399,0.27,1,249896,249454,442
54445641,7.29674,8.24862,441,116800,0.42308,0.29,1,249901,249460,441
54448561,33.4593,38.4497,435,116800,0.460616,0.31,1,249941,249506,435
54451481,17.0919,12.4899,442,116800,0.380123,0.28,1,249954,249512,442
54454401,5.01837,4.09799,442,116800,0.388025,0.4,1,249956,249514,442
54457321,12.2037,10.4196,444,116800,0.405605,0.41,1,249970,249526,444
54460241,17.6407,19.6839,441,116800,0.329121,0.38,1,249989,249548,441
54463161,8.32815,7.13678,443,116800,0.409824,0.44,1,249995,249552,443
54466081,10.4656,8.62736,445,116800,0.393965,0.44,1,250006,249561,445
54469001,3.69313,3.32547,445,116800,0.358793,0.48,1,250008,249563,445
54471921,7.13863,7.86509,444,116800,0.407759,0.45,1,250016,249572,444
54474841,7.82773,12.773,438,116800,0.449552,0.41,1,250024,249586,438
54477761,3.16554,4.1546,438,116800,0.42591,0.3,1,250026,249588,438
54480681,12.6331,8.83092,443,116800,0.429182,0.47,1,250041,249598,443
54483601,17.7266,13.7662,447,116800,0.397836,0.43,1,250060,249613,447
54486521,14.7453,18.7532,441,116800,0.439567,0.43,1,250074,249633,441
54489441,17.3491,14.9506,445,116800,0.463913,0.4,1,250092,249647,445
54492361,5.06981,4.59013,445,116800,0.468783,0.45,1,250094,249649,445
54495281,25.014,24.918,445,116800,0.413757,0.42,1,250124,249679,445
54498201,6.60279,6.5836,445,116800,0.402751,0.44,1,250126,249681,445
54501121,9.32056,9.31672,445,116800,0.32855,0.47,1,250136,249691,445
54504041,34.6641,36.2633,443,116800,0.40971,0.44,1,250177,249734,443
54506961,22.9328,20.0527,447,116800,0.457942,0.41,1,250197,249750,447
54509881,12.5866,19.2105,438,116800,0.395588,0.44,1,250207,249769,438
54512801,4.11731,5.44211,438,116800,0.391118,0.31,1,250209,249771,438
54515721,8.82346,6.68842,441,116800,0.406224,0.4,1,250219,249778,441
54518641,11.3647,7.73768,445,116800,0.369245,0.49,1,250231,249786,445
54521561,8.67294,4.74754,449,116800,0.361849,0.46,1,250239,249790,449
54524481,3.33459,2.54951,449,116800,0.33637,0.42,1,250241,249792,449
54527401,2.26692,2.1099,449,116800,0.387274,0.49,1,250243,249794,449
54530321,5.25338,8.42198,445,116800,0.389455,0.49,1,250249,249804,445
54533241,2.65068,3.2844,445,116800,0.421891,0.47,1,250251,249806,445
54536161,3.73014,2.25688,447,116800,0.436378,0.42,1,250255,249808,447
54539081,7.14603,5.25138,449,116800,0.407276,0.53,1,250263,249814,449
54542001,23.0292,29.8503,440,116800,0.369455,0.5,1,250290,249850,440
54544921,6.20584,7.57005,440,116800,0.329891,0.38,1,250292,249852,440
54547841,10.0412,6.31401,445,116800,0.449978,0.43,1,250303,249858,445
54550761,13.2082,12.4628,445,116800,0.433996,0.45,1,250317,249872,445
54553681,7.44165,4.09256,449,116800,0.430799,0.41,1,250323,249874,449
54556601,3.08833,2.41851,449,116800,0.40616,0.44,1,250325,249876,449
54559521,10.2177,16.4837,441,116800,0.377232,0.42,1,250337,249896,441
54562441,3.64353,7.29674,438,116800,0.379446,0.47,1,250339,249901,438
54565361,35.1287,33.4593,441,116800,0.347889,0.36,1,250382,249941,441
54568281,18.2257,17.0919,442,116800,0.453578,0.39,1,250396,249954,442
54571201,8.44515,5.01837,446,116800,0.394716,0.41,1,250402,249956,446
54574121,9.68903,12.2037,442,116800,0.454943,0.31,1,250412,249970,442
54577041,18.7378,17.6407,444,116800,0.434989,0.43,1,250433,249989,444
54579961,5.34756,8.32815,440,116800,0.406998,0.39,1,250435,249995,440
54582881,13.0695,10.4656,444,116800,0.4414,0.35,1,250450,250006,444
54585801,5.8139,3.69313,446,116800,0.43228,0.42,1,250454,250008,446
54588721,4.36278,7.13863,442,116800,0.374456,0.46,1,250458,250016,442
54591641,7.27256,7.82773,442,116800,0.458891,0.42,1,250466,250024,442
54594561,4.65451,3.16554,444,116800,0.475778,0.43,1,250470,250026,444
54597481,7.3309,12.6331,437,116800,0.487156,0.39,1,250478,250041,437
54600401,16.6662,17.7266,437,116800,0.425431,0.45,1,250497,250060,437
54603321,18.5332,14.7453,442,116800,0.445086,0.47,1,250516,250074,442
54606241,18.1066,17.3491,442,116800,0.441017,0.47,1,250534,250092,442
54609161,8.42133,5.06981,446,116800,0.472203,0.4,1,250540,250094,446
54612081,20.0843,25.014,439,116800,0.438441,0.4,1,250563,250124,439
54615001,5.61685,6.60279,439,116800,0.407688,0.31,1,250565,250126,439
54617921,9.92337,9.32056,440,116800,0.465538,0.43,1,250576,250136,440
54620841,37.1847,34.6641,443,116800,0.461108,0.47,1,250620,250177,443
54623761,23.4369,22.9328,443,116800,0.460221,0.38,1,250640,250197,443
54626681,14.2874,12.5866,445,116800,0.396044,0.39,1,250652,250207,445
54629601,4.45748,4.11731,445,116800,0.471209,0.41,1,250654,250209,445
54632521,4.0915,8.82346,439,116800,0.502242,0.36,1,250658,250219,439
54635441,12.0183,11.3647,441,116800,0.500448,0.36,1,250672,250231,441
54638361,10.4037,8.67294,443,116800,0.46009,0.33,1,250682,250239,443
54641281,5.28073,3.33459,445,116800,0.436018,0.4,1,250686,250241,445
54644201,2.65615,2.26692,445,116800,0.399204,0.39,1,250688,250243,445
54647121,3.73123,5.25338,443,116800,0.383841,0.43,1,250692,250249,443
54650041,2.34625,2.65068,443,116800,0.508768,0.44,1,250694,250251,443
54652961,3.66925,3.73014,443,116800,0.525754,0.4,1,250698,250255,443
54655881,5.53385,7.14603,441,116800,0.545151,0.36,1,250704,250263,441
54658801,25.9068,23.0292,445,116800,0.39703,0.32,1,250735,250290,445
54661721,8.38135,6.20584,447,116800,0.487406,0.48,1,250739,250292,447
54664641,9.67627,10.0412,446,116800,0.449481,0.43,1,250749,250303,446
54667561,9.93525,13.2082,442,116800,0.441896,0.43,1,250759,250317,442
54670481,6.78705,7.44165,442,116800,0.424379,0.4,1,250765,250323,442
54673401,2.95741,3.08833,442,116800,0.388876,0.37,1,250767,250325,442
54676321,13.3915,10.2177,446,116800,0.437775,0.38,1,250783,250337,446
54679241,4.2783,3.64353,446,116800,0.447555,0.34,1,250785,250339,446
54682161,36.0557,35.1287,447,116800,0.401511,0.48,1,250829,250382,447
54685081,18.4111,18.2257,447,116800,0.408302,0.38,1,250843,250396,447
54688001,8.48223,8.44515,447,116800,0.44966,0.47,1,250849,250402,447
54690921,8.09645,9.68903,445,116800,0.369932,0.43,1,250857,250412,445
54693841,18.4193,18.7378,445,116800,0.409986,0.4,1,250878,250433,445
54696761,5.28386,5.34756,445,116800,0.449997,0.45,1,250880,250435,445
54699681,8.25677,13.0695,439,116800,0.473999,0.43,1,250889,250450,439
54702601,10.4514,5.8139,446,116800,0.4708,0.36,1,250900,250454,446
54705521,5.29027,4.36278,446,116800,0.41416,0.48,1,250904,250458,446
54708441,5.85805,7.27256,444,116800,0.426832,0.48,1,250910,250466,444
54711361,5.97161,4.65451,446,116800,0.437366,0.49,1,250916,250470,446
54714281,7.59432,7.3309,446,116800,0.439473,0.41,1,250924,250478,446
54717201,18.3189,16.6662,448,116800,0.407895,0.45,1,250945,250497,448
54720121,13.2638,18.5332,441,116800,0.465579,0.44,1,250957,250516,441
54723041,25.0528,18.1066,451,116800,0.421116,0.48,1,250985,250534,451
54725961,6.61055,8.42133,447,116800,0.420223,0.43,1,250987,250540,447
54728881,18.9221,20.0843,446,116800,0.420045,0.4,1,251009,250563,446
54731801,5.38442,5.61685,446,116800,0.388009,0.48,1,251011,250565,446
54734721,11.4769,9.92337,448,116800,0.469602,0.46,1,251024,250576,448
54737641,33.4954,37.1847,443,116800,0.32592,0.46,1,251063,250620,443
54740561,21.0991,23.4369,441,116800,0.337184,0.38,1,251081,250640,441
54743481,17.0198,14.2874,445,116800,0.419437,0.49,1,251097,250652,445
54746401,9.80396,4.45748,451,116800,0.315887,0.51,1,251105,250654,451
54749321,3.56079,4.0915,449,116800,0.287177,0.5,1,251107,250658,449
54752241,10.3122,12.0183,447,116800,0.337435,0.45,1,251119,250672,447
54755161,6.86243,10.4037,443,116800,0.379487,0.43,1,251125,250682,443
54758081,10.1725,5.28073,450,116800,0.443897,0.39,1,251136,250686,450
54761001,3.6345,2.65615,450,116800,0.42478,0.38,1,251138,250688,450
54763921,3.9269,3.73123,450,116800,0.356956,0.54,1,251142,250692,450
54766401,2.38538,2.34625,450,116800,0.391391,0.53,1,251144,250694,450
54769321,2.07708,3.66925,448,116800,0.366278,0.55,1,251146,250698,448
54772241,4.41542,5.53385,447,116800,0.425256,0.36,1,251151,250704,447
54775161,24.0831,25.9068,445,116800,0.333051,0.51,1,251180,250735,445
54778081,6.41662,8.38135,443,116800,0.28261,0.44,1,251182,250739,443
54781001,10.0833,9.67627,444,116800,0.424522,0.44,1,251193,250749,444
54783921,10.0167,9.93525,444,116800,0.348904,0.42,1,251203,250759,444
54786841,6.80333,6.78705,444,116800,0.381781,0.38,1,251209,250765,444
54789761,2.96067,2.95741,444,116800,0.396356,0.45,1,251211,250767,444
54792681,15.7921,13.3915,447,116800,0.351271,0.45,1,251230,250783,447
54795601,4.75843,4.2783,447,116800,0.310254,0.39,1,251232,250785,447
54798521,35.3517,36.0557,446,116800,0.358051,0.41,1,251275,250829,446
54801441,15.8703,18.4111,443,116800,0.37561,0.46,1,251286,250843,443
54804361,4.77407,8.48223,439,116800,0.347122,0.35,1,251288,250849,439
54807281,12.1548,8.09645,445,116800,0.269424,0.42,1,251302,250857,445
54810201,20.831,18.4193,447,116800,0.317885,0.46,1,251325,250878,447
54813121,5.76619,5.28386,447,116800,0.303577,0.48,1,251327,250880,447
54816041,7.55324,8.25677,446,116800,0.332715,0.47,1,251335,250889,446
54818961,9.51065,10.4514,445,116800,0.242543,0.4,1,251345,250900,445
54821881,5.10213,5.29027,445,116800,0.192509,0.43,1,251349,250904,445
54824801,7.42043,5.85805,447,116800,0.206502,0.44,1,251357,250910,447
54827721,3.08409,5.97161,443,116800,0.2973,0.44,1,251359,250916,443
54830641,8.61682,7.59432,445,116800,0.26746,0.4,1,251369,250924,445
54833561,19.3234,18.3189,446,116800,0.293492,0.48,1,251391,250945,446
54836481,10.2647,13.2638,442,116800,0.202698,0.41,1,251399,250957,442
54839401,26.8529,25.0528,445,116800,0.29654,0.42,1,251430,250985,445
54842321,8.57059,6.61055,447,116800,0.355308,0.42,1,251434,250987,447
54845241,16.9141,18.9221,444,116800,0.383062,0.38,1,251453,251009,444
54848161,8.18282,5.38442,448,116800,0.300612,0.49,1,251459,251011,448
54851081,9.63656,11.4769,445,116800,0.300122,0.29,1,251469,251024,445
54854001,32.3273,33.4954,444,116800,0.292024,0.34,1,251507,251063,444
54856921,19.2655,21.0991,442,116800,0.338405,0.44,1,251523,251081,442
54859841,11.8531,17.0198,436,116800,0.315681,0.29,1,251533,251097,436
54862761,11.1706,9.80396,439,116800,0.327136,0.28,1,251544,251105,439
54865681,3.83412,3.56079,439,116800,0.297427,0.35,1,251546,251107,439
54868601,7.96682,10.3122,436,116800,0.307485,0.39,1,251555,251119,436
54871521,11.9934,6.86243,443,116800,0.277497,0.46,1,251568,251125,443
54874441,10.3987,10.1725,442,116800,0.343499,0.42,1,251578,251136,442
54877361,4.47973,3.6345,443,116800,0.3487,0.34,1,251581,251138,443
54880281,4.09595,3.9269,443,116800,0.34174,0.4,1,251585,251142,443
54883201,2.41919,2.38538,443,116800,0.308348,0.36,1,251587,251144,443
54886121,2.08384,2.07708,443,116800,0.30167,0.44,1,251589,251146,443
54889041,2.01677,4.41542,440,116800,0.268334,0.31,1,251591,251151,440
54891961,22.8034,24.0831,439,116800,0.261667,0.27,1,251619,251180,439
54894881,7.76067,6.41662,441,116800,0.340333,0.46,1,251623,251182,441
54897801,8.75213,10.0833,439,116800,0.388067,0.33,1,251632,251193,439
54900721,10.5504,10.0167,440,116800,0.357613,0.39,1,251643,251203,440
54903641,5.31009,6.80333,438,116800,0.367523,0.4,1,251647,251209,438
54906561,4.26202,2.96067,440,116800,0.369505,0.34,1,251651,251211,440
54909481,12.0524,15.7921,435,116800,0.353901,0.3,1,251665,251230,435
54912401,9.61048,4.75843,442,116800,0.34278,0.37,1,251674,251232,442
54915321,35.5221,35.3517,441,116800,0.300556,0.38,1,251716,251275,441
54918241,11.9044,15.8703,436,116800,0.292111,0.34,1,251722,251286,436
54921161,3.98088,4.77407,436,116800,0.378422,0.25,1,251724,251288,436
54924081,9.59618,12.1548,433,116800,0.443684,0.33,1,251735,251302,433
54927001,25.1192,20.831,439,116800,0.368737,0.3,1,251764,251325,439
54929921,6.62385,5.76619,439,116800,0.353747,0.34,1,251766,251327,439
54932841,2.92477,7.55324,433,116800,0.350749,0.22,1,251768,251335,433
54935761,8.58495,9.51065,433,116800,0.44615,0.18,1,251778,251345,433
54938681,9.71699,5.10213,439,116800,0.40923,0.21,1,251788,251349,439
54941601,5.1434,7.42043,435,116800,0.409846,0.32,1,251792,251357,435
54944521,2.62868,3.08409,435,116800,0.433969,0.26,1,251794,251359,435
54947441,8.52574,8.61682,435,116800,0.470794,0.3,1,251804,251369,435
54950361,15.3051,19.3234,430,116800,0.414159,0.18,1,251821,251391,430
54953281,15.861,10.2647,438,116800,0.346832,0.32,1,251837,251399,438
54956201,27.1722,26.8529,437,116800,0.365366,0.37,1,251867,251430,437
54959121,10.2344,8.57059,439,116800,0.337073,0.39,1,251873,251434,439
54962041,14.8469,16.9141,436,116800,0.363415,0.28,1,251889,251453,436
54964961,9.36938,8.18282,438,116800,0.304683,0.3,1,251897,251459,438
54967881,7.47388,9.63656,435,116800,0.316937,0.29,1,251904,251469,435
54970801,36.6948,32.3273,441,116800,0.383387,0.35,1,251948,251507,441
54973721,16.939,19.2655,437,116800,0.332677,0.31,1,251960,251523,437
54976641,11.3878,11.8531,437,116800,0.314535,0.33,1,251970,251533,437
54979561,11.8776,11.1706,438,116800,0.294907,0.29,1,251982,251544,438
54982481,3.97551,3.83412,438,116800,0.346981,0.31,1,251984,251546,438
54985401,7.1951,7.96682,437,116800,0.317396,0.27,1,251992,251555,437
54988321,15.039,11.9934,441,116800,0.311479,0.36,1,252009,251568,441
54991241,7.8078,10.3987,437,116800,0.382296,0.35,1,252015,251578,437
54994161,3.16156,4.47973,436,116800,0.356459,0.34,1,252017,251581,436
54997081,11.0323,4.09595,445,116800,0.407292,0.3,1,252030,251585,445
55000001,3.80646,2.41919,445,116800,0.417458,0.3,1,252032,251587,445
55002921,2.36129,2.08384,445,116800,0.387492,0.26,1,252034,251589,445
55004561,1.27226,2.01677,444,116800,0.357498,0.26,1,252035,251591,444
55007481,17.8545,22.8034,438,116800,0.3595,0.36,1,252057,251619,438
55010401,9.97089,7.76067,442,116800,0.3519,0.4,1,252065,251623,442
55013321,6.79418,8.75213,439,116800,0.31838,0.35,1,252071,251632,439
55016241,14.1588,10.5504,444,116800,0.319676,0.37,1,252087,251643,444
55019161,6.03177,5.31009,444,116800,0.263935,0.37,1,252091,251647,444
55022081,2.80635,4.26202,442,116800,0.220787,0.35,1,252093,251651,442
55025001,9.36127,12.0524,439,116800,0.348157,0.34,1,252104,251665,439
55027921,5.07225,9.61048,434,116800,0.357632,0.29,1,252108,251674,434
55030841,40.2145,35.5221,441,116800,0.351526,0.29,1,252157,251716,441
55033761,16.0429,11.9044,445,116800,0.254305,0.4,1,252167,251722,445
55036681,4.80858,3.98088,445,116800,0.346861,0.46,1,252169,251724,445
55039601,4.16172,9.59618,438,116800,0.301372,0.35,1,252173,251735,438
55042521,31.2323,25.1192,447,116800,0.324274,0.35,1,252211,251764,447
55045441,7.84647,6.62385,447,116800,0.296855,0.35,1,252213,251766,447
55048361,3.16929,2.92477,447,116800,0.283371,0.47,1,252215,251768,447
55051281,5.43386,8.58495,443,116800,0.192674,0.4,1,252221,251778,443
55054201,7.48677,9.71699,441,116800,0.278535,0.41,1,252229,251788,441
55057121,9.49735,5.1434,447,116800,0.287707,0.44,1,252239,251792,447
55060041,3.49947,2.62868,447,116800,0.289541,0.48,1,252241,251794,447
55062961,8.69989,8.52574,447,116800,0.249908,0.4,1,252251,251804,447
55065881,9.73998,15.3051,440,116800,0.329982,0.33,1,252261,251821,440
55068801,17.148,15.861,443,116800,0.321996,0.37,1,252280,251837,443
55071721,25.8296,27.1722,441,116800,0.368399,0.33,1,252308,251867,441
55074641,8.36592,10.2344,439,116800,0.34568,0.37,1,252312,251873,439
55077561,16.8732,14.8469,442,116800,0.373136,0.29,1,252331,251889,442
55080481,8.17464,9.36938,440,116800,0.362627,0.32,1,252337,251897,440
55083401,3.23493,7.47388,435,116800,0.320525,0.4,1,252339,251904,435
55086321,39.047,36.6948,439,116800,0.288105,0.32,1,252387,251948,439
55089241,16.6094,16.939,438,116800,0.345621,0.31,1,252398,251960,438
55092161,10.5219,11.3878,437,116800,0.333124,0.29,1,252407,251970,437
55095081,13.3044,11.8776,439,116800,0.282625,0.36,1,252421,251982,439
55098001,5.86088,3.97551,441,116800,0.288525,0.31,1,252425,251984,441
55100921,9.17217,7.1951,443,116800,0.329705,0.31,1,252435,251992,443
55103841,10.6344,15.039,437,116800,0.329941,0.4,1,252446,252009,437
55106761,10.9269,7.8078,442,116800,0.337988,0.35,1,252457,252015,442
55109681,3.78538,3.16156,442,116800,0.331598,0.42,1,252459,252017,442
55112601,3.95708,11.0323,433,116800,0.25832,0.42,1,252463,252030,433
55115521,9.59142,3.80646,442,116800,0.363664,0.38,1,252474,252032,442
55118441,3.51828,2.36129,442,116800,0.360733,0.35,1,252476,252034,442
55121361,2.30366,1.27226,443,116800,0.360147,0.36,1,252478,252035,443
55124281,14.8607,17.8545,439,116800,0.384029,0.35,1,252496,252057,439
55127201,12.5721,9.97089,443,116800,0.324806,0.31,1,252508,252065,443
55130121,4.11443,6.79418,439,116800,0.288961,0.32,1,252510,252071,439
55133041,12.8229,14.1588,438,116800,0.313792,0.25,1,252525,252087,438
55135961,5.76458,6.03177,438,116800,0.342758,0.21,1,252529,252091,438
55138881,4.35292,2.80635,440,116800,0.300552,0.38,1,252533,252093,440
55141801,10.4706,9.36127,441,116800,0.31611,0.36,1,252545,252104,441
55144721,3.69412,5.07225,439,116800,0.287222,0.35,1,252547,252108,439
55147641,38.3388,40.2145,437,116800,0.321444,0.23,1,252594,252157,437
55150561,13.2678,16.0429,434,116800,0.288289,0.37,1,252601,252167,434
55153481,4.25355,4.80858,434,116800,0.241658,0.29,1,252603,252169,434
55156401,10.4507,4.16172,442,116800,0.320332,0.33,1,252615,252173,442
55159321,26.0901,31.2323,434,116800,0.232066,0.29,1,252645,252211,434
55162241,11.618,7.84647,440,116800,0.246413,0.28,1,252653,252213,440
55165161,3.92361,3.16929,440,116800,0.217283,0.17,1,252655,252215,440
55168081,5.58472,5.43386,440,116800,0.299457,0.3,1,252661,252221,440
55171001,4.31694,7.48677,436,116800,0.323891,0.29,1,252665,252229,436
55173921,7.26339,9.49735,434,116800,0.264778,0.29,1,252673,252239,434
55176841,3.05268,3.49947,434,116800,0.372956,0.24,1,252675,252241,434
55179761,13.4105,8.69989,440,116800,0.322591,0.35,1,252691,252251,440
55182681,7.48211,9.73998,436,116800,0.376518,0.32,1,252697,252261,436
55185601,19.8964,17.148,440,116800,0.299304,0.38,1,252720,252280,440
55188521,27.1793,25.8296,441,116800,0.315861,0.34,1,252749,252308,441
55191441,7.03586,8.36592,439,116800,0.351172,0.38,1,252751,252312,439
55194361,12.6072,16.8732,434,116800,0.326234,0.36,1,252765,252331,434
55197281,8.92143,8.17464,436,116800,0.329247,0.31,1,252773,252337,436
55200201,8.18429,3.23493,442,116800,0.265849,0.28,1,252781,252339,442
55203121,37.6369,39.047,439,116800,0.26117,0.36,1,252826,252387,439
55206041,15.5274,16.6094,438,116800,0.236234,0.33,1,252836,252398,438
55208961,9.50547,10.5219,437,116800,0.295247,0.27,1,252844,252407,437
55211881,12.3011,13.3044,436,116800,0.275049,0.29,1,252857,252421,436
55214801,7.26022,5.86088,438,116800,0.16701,0.34,1,252863,252425,438
55217721,8.65204,9.17217,437,116800,0.297402,0.33,1,252872,252435,437
55220641,6.53041,10.6344,432,116800,0.25948,0.34,1,252878,252446,432
55223561,16.5061,10.9269,440,116800,0.235896,0.33,1,252897,252457,440
55226481,5.70122,3.78538,441,116800,0.287179,0.24,1,252900,252459,441
55229401,4.34024,3.95708,441,116800,0.337436,0.39,1,252904,252463,441
55232321,4.06805,9.59142,434,116800,0.315487,0.36,1,252908,252474,434
55235241,4.01361,3.51828,436,116800,0.287097,0.36,1,252912,252476,436
55238161,7.20272,2.30366,442,116800,0.345419,0.39,1,252920,252478,442
55241081,12.6405,14.8607,438,116800,0.365084,0.31,1,252934,252496,438
55244001,10.5281,12.5721,436,116800,0.385017,0.28,1,252944,252508,436
55246921,3.70562,4.11443,436,116800,0.389003,0.32,1,252946,252510,436
55249841,11.9411,12.8229,435,116800,0.333801,0.35,1,252960,252525,435
55252761,10.3882,5.76458,441,116800,0.30676,0.29,1,252970,252529,441
55255681,3.67764,4.35292,439,116800,0.317352,0.32,1,252972,252533,439
55258601,11.1355,10.4706,440,116800,0.29547,0.28,1,252985,252545,440
55261521,3.82711,3.69412,440,116800,0.251094,0.33,1,252987,252547,440
55264441,34.3654,38.3388,435,116800,0.298219,0.28,1,253029,252594,435
55267361,15.6731,13.2678,439,116800,0.259644,0.23,1,253040,252601,439
55270281,4.73462,4.25355,439,116800,0.219929,0.34,1,253042,252603,439
55273201,8.94692,10.4507,437,116800,0.339986,0.21,1,253052,252615,437
55276121,24.1894,26.0901,435,116800,0.283997,0.25,1,253080,252645,435
55279041,12.0379,11.618,436,116800,0.264799,0.21,1,253089,252653,436
55281961,5.60758,3.92361,438,116800,0.23696,0.32,1,253093,252655,438
55284881,2.72152,5.58472,434,116800,0.319392,0.33,1,253095,252661,434
55287801,9.3443,4.31694,441,116800,0.335878,0.25,1,253106,252665,441
55290721,8.26886,7.26339,441,116800,0.307176,0.4,1,253114,252673,441
55293641,3.25377,3.05268,441,116800,0.269435,0.31,1,253116,252675,441
55296561,11.0508,13.4105,438,116800,0.413887,0.39,1,253129,252691,438
55299481,5.41015,7.48211,436,116800,0.410777,0.28,1,253133,252697,436
55302401,19.482,19.8964,436,116800,0.282155,0.32,1,253156,252720,436
55305321,25.4964,27.1793,434,116800,0.232431,0.36,1,253183,252749,434
55308241,8.29928,7.03586,436,116800,0.238486,0.32,1,253187,252751,436
55311161,15.2599,12.6072,439,116800,0.279697,0.33,1,253204,252765,439
55314081,7.05197,8.92143,436,116800,0.319939,0.25,1,253209,252773,436
55317001,10.2104,8.18429,439,116800,0.375988,0.26,1,253220,252781,439
55319921,34.0421,37.6369,434,116800,0.395198,0.23,1,253260,252826,434
55322841,17.2084,15.5274,437,116800,0.30304,0.31,1,253273,252836,437
55325761,9.04168,9.50547,436,116800,0.428608,0.27,1,253280,252844,436
55328681,16.2083,12.3011,441,116800,0.381722,0.14,1,253298,252857,441
55331601,4.84167,7.26022,437,116800,0.340344,0.33,1,253300,252863,437
55334521,7.36833,8.65204,436,116800,0.316069,0.25,1,253308,252872,436
55337441,7.07367,6.53041,437,116800,0.383214,0.23,1,253315,252878,437
55340361,17.4147,16.5061,438,116800,0.420643,0.3,1,253335,252897,438
55343281,5.08295,5.70122,437,116800,0.396129,0.35,1,253337,252900,437
55346201,5.81659,4.34024,439,116800,0.351226,0.31,1,253343,252904,439
55349121,2.76332,4.06805,437,116800,0.310245,0.28,1,253345,252908,437
55352041,5.35266,4.01361,439,116800,0.286049,0.36,1,253351,252912,439
55354961,8.27053,7.20272,440,116800,0.36121,0.37,1,253360,252920,440
55357881,12.8541,12.6405,440,116800,0.432242,0.39,1,253374,252934,440
55360801,4.17082,10.5281,432,116800,0.446448,0.39,1,253376,252944,432
55363721,7.23416,3.70562,438,116800,0.40929,0.32,1,253384,252946,438
55366641,11.8468,11.9411,437,116800,0.321858,0.3,1,253397,252960,437
55369561,8.76937,10.3882,435,116800,0.336372,0.32,1,253405,252970,435
55372481,3.35387,3.67764,435,116800,0.395274,0.29,1,253407,252972,435
55375401,8.67077,11.1355,432,116800,0.407055,0.24,1,253417,252985,432
55378321,4.93415,3.82711,434,116800,0.417411,0.31,1,253421,252987,434
55381241,33.7868,34.3654,433,116800,0.323482,0.25,1,253462,253029,433
55384161,19.5574,15.6731,438,116800,0.352696,0.21,1,253478,253040,438
55387081,8.71147,4.73462,442,116800,0.326539,0.37,1,253484,253042,442
55390001,4.94229,8.94692,436,116800,0.345308,0.27,1,253488,253052,436
55392921,22.5885,24.1894,435,116800,0.405062,0.26,1,253515,253080,435
55395841,14.1177,12.0379,438,116800,0.313012,0.23,1,253527,253089,438
55398761,6.02354,5.60758,438,116800,0.326602,0.34,1,253531,253093,438
55401681,3.60471,2.72152,439,116800,0.28132,0.34,1,253534,253095,439
55404601,7.12094,9.3443,436,116800,0.336264,0.3,1,253542,253106,436
55407521,10.2242,8.26886,439,116800,0.331253,0.26,1,253553,253114,439
55410441,5.24484,3.25377,441,116800,0.386251,0.45,1,253557,253116,441
55413361,7.44897,11.0508,436,116800,0.38125,0.41,1,253565,253129,436
55416281,9.48979,5.41015,442,116800,0.39625,0.25,1,253575,253133,442
55419201,20.298,19.482,442,116800,0.31925,0.22,1,253598,253156,442
55422121,24.8596,25.4964,441,116800,0.20785,0.24,1,253624,253183,441
55425041,6.57192,8.29928,439,116800,0.15357,0.29,1,253626,253187,439
55427961,12.5144,15.2599,436,116800,0.350714,0.33,1,253640,253204,436
55430881,5.70288,7.05197,435,116800,0.334143,0.39,1,253644,253209,435
55433801,12.3406,10.2104,438,116800,0.322829,0.4,1,253658,253220,438
55436721,34.4681,34.0421,438,116800,0.304566,0.28,1,253698,253260,438
55439641,22.0936,17.2084,444,116800,0.324913,0.46,1,253717,253273,444
55442561,7.61872,9.04168,441,116800,0.248983,0.37,1,253721,253280,441
55445481,12.7237,16.2083,437,116800,0.289797,0.33,1,253735,253298,437
55448401,4.14475,4.84167,437,116800,0.265959,0.31,1,253737,253300,437
55451321,8.02895,7.36833,438,116800,0.357192,0.4,1,253746,253308,438
55454241,6.40579,7.07367,437,116800,0.303438,0.43,1,253752,253315,437
55457161,18.8812,17.4147,439,116800,0.252688,0.39,1,253774,253335,439
55460081,5.37623,5.08295,439,116800,0.330538,0.34,1,253776,253337,439
55463001,5.87525,5.81659,439,116800,0.242108,0.3,1,253782,253343,439
55465921,6.77505,2.76332,444,116800,0.312422,0.28,1,253789,253345,444
55468841,2.95501,5.35266,440,116800,0.294484,0.38,1,253791,253351,440
55471761,2.191,8.27053,433,116800,0.314897,0.45,1,253793,253360,433
55474681,18.8382,12.8541,442,116800,0.206979,0.45,1,253816,253374,442
55477601,5.36764,4.17082,442,116800,0.337396,0.4,1,253818,253376,442
55480521,4.27353,7.23416,438,116800,0.355479,0.3,1,253822,253384,438
55483441,16.0547,11.8468,444,116800,0.279096,0.34,1,253841,253397,444
55486361,9.61094,8.76937,444,116800,0.247819,0.41,1,253849,253405,444
55489281,3.52219,3.35387,444,116800,0.209564,0.41,1,253851,253407,444
55492201,5.50444,8.67077,440,116800,0.249913,0.42,1,253857,253417,440
55495121,4.30089,4.93415,440,116800,0.233983,0.3,1,253861,253421,440
55498041,34.4602,33.7868,441,116800,0.302797,0.36,1,253903,253462,441
55500961,18.092,19.5574,439,116800,0.316559,0.32,1,253917,253478,439
55503881,6.81841,8.71147,437,116800,0.287312,0.35,1,253921,253484,437
55506801,6.16368,4.94229,439,116800,0.345462,0.42,1,253927,253488,439
55509721,21.2327,22.5885,437,116800,0.349092,0.29,1,253952,253515,437
55512641,13.8465,14.1177,437,116800,0.317819,0.33,1,253964,253527,437
55515561,7.56931,6.02354,439,116800,0.311564,0.27,1,253970,253531,439
55518481,3.11386,3.60471,438,116800,0.278313,0.35,1,253972,253534,438
55521401,7.02277,7.12094,438,116800,0.343663,0.33,1,253980,253542,438
55524321,12.6046,10.2242,441,116800,0.332732,0.4,1,253994,253553,441
55527241,4.12091,5.24484,439,116800,0.298546,0.38,1,253996,253557,439
55530161,9.62418,7.44897,442,116800,0.371709,0.4,1,254007,253565,442
55533081,5.12484,9.48979,436,116800,0.346342,0.3,1,254011,253575,436
55536001,20.225,20.298,437,116800,0.381268,0.18,1,254035,253598,437
55538921,21.645,24.8596,433,116800,0.260254,0.14,1,254057,253624,433
55541841,13.129,6.57192,442,116800,0.276051,0.4,1,254068,253626,442
55544761,9.0258,12.5144,436,116800,0.23921,0.33,1,254076,253640,436
55547681,8.20516,5.70288,440,116800,0.327842,0.32,1,254084,253644,440
55550601,9.64103,12.3406,436,116800,0.281568,0.3,1,254094,253658,436
55553521,34.7282,34.4681,437,116800,0.312314,0.33,1,254135,253698,437
55556441,17.3456,22.0936,431,116800,0.302463,0.23,1,254148,253717,431
55559361,8.26913,7.61872,433,116800,0.356493,0.3,1,254154,253721,433
55562281,18.4538,12.7237,440,116800,0.223299,0.26,1,254175,253735,440
55565201,5.29077,4.14475,440,116800,0.16466,0.38,1,254177,253737,440
55568121,2.65815,8.02895,433,116800,0.120932,0.29,1,254179,253746,433
55571041,3.73163,6.40579,431,116800,0.168186,0.24,1,254183,253752,431
55573961,18.3463,18.8812,431,116800,0.305637,0.35,1,254205,253774,431
55576881,5.26927,5.37623,431,116800,0.301127,0.22,1,254207,253776,431
55579801,10.6539,5.87525,437,116800,0.388225,0.33,1,254219,253782,437
55582721,3.73077,6.77505,432,116800,0.365645,0.29,1,254221,253789,432
55585641,2.34615,2.95501,432,116800,0.369129,0.32,1,254223,253791,432
55588561,7.66923,2.191,439,116800,0.385826,0.18,1,254232,253793,439
55591481,20.7338,18.8382,440,116800,0.253165,0.37,1,254256,253816,440
55594401,5.74677,5.36764,440,116800,0.194633,0.36,1,254258,253818,440
55597321,4.34935,4.27353,440,116800,0.366927,0.26,1,254262,253822,440
55600241,10.4699,16.0547,433,116800,0.361385,0.24,1,254274,253841,433
55603161,9.29397,9.61094,434,116800,0.296277,0.2,1,254283,253849,434
55606081,3.45879,3.52219,434,116800,0.283255,0.26,1,254285,253851,434
55609001,7.09176,5.50444,436,116800,0.296651,0.23,1,254293,253857,436
55611921,6.21835,4.30089,438,116800,0.30733,0.32,1,254299,253861,438
55614841,35.6437,34.4602,439,116800,0.301466,0.32,1,254342,253903,439
55617761,19.9287,18.092,441,116800,0.236293,0.28,1,254358,253917,441
55620681,5.58575,6.81841,439,116800,0.191259,0.36,1,254360,253921,439
55623601,4.31715,6.16368,437,116800,0.198252,0.35,1,254364,253927,437
55626521,20.8634,21.2327,437,116800,0.16765,0.31,1,254389,253952,437
55629441,15.3727,13.8465,439,116800,0.19353,0.31,1,254403,253964,439
55632361,9.47454,7.56931,441,116800,0.238706,0.27,1,254411,253970,441
55635281,3.49491,3.11386,441,116800,0.215741,0.36,1,254413,253972,441
55638201,3.89898,7.02277,437,116800,0.235148,0.33,1,254417,253980,437
55641121,14.3798,12.6046,440,116800,0.20703,0.29,1,254434,253994,440
55644041,4.47596,4.12091,440,116800,0.201406,0.39,1,254436,253996,440
55646961,7.29519,9.62418,437,116800,0.264281,0.34,1,254444,254007,437
55649881,6.25904,5.12484,439,116800,0.244856,0.39,1,254450,254011,439
55652801,16.4518,20.225,434,116800,0.200971,0.23,1,254469,254035,434
55655721,21.6904,21.645,435,116800,0.176194,0.28,1,254492,254057,435
55658641,10.7381,13.129,432,116800,0.235239,0.23,1,254500,254068,432
55661561,15.7476,9.0258,441,116800,0.207048,0.35,1,254517,254076,441
55664481,4.74952,8.20516,435,116800,0.20941,0.27,1,254519,254084,435
55667401,9.7499,9.64103,436,116800,0.313882,0.32,1,254530,254094,436
55670321,36.35,34.7282,438,116800,0.270776,0.3,1,254573,254135,438
55673241,20.87,17.3456,442,116800,0.254155,0.37,1,254590,254148,442
55676161,7.374,8.26913,440,116800,0.194831,0.19,1,254594,254154,440
55679081,18.2748,18.4538,440,116800,0.222966,0.15,1,254615,254175,440
55682001,5.25496,5.29077,440,116800,0.196593,0.11,1,254617,254177,440
55684921,2.65099,2.65815,440,116800,0.247319,0.18,1,254619,254179,440
55687841,3.7302,3.73163,440,116800,0.313464,0.34,1,254623,254183,440
55690761,11.146,18.3463,431,116800,0.302693,0.3,1,254636,254205,431
55693681,12.6292,5.26927,442,116800,0.300539,0.41,1,254649,254207,442
55696601,10.5258,10.6539,440,116800,0.244108,0.36,1,254659,254219,440
55699521,3.70517,3.73077,440,116800,0.232822,0.37,1,254661,254221,440
55702441,2.34103,2.34615,440,116800,0.350564,0.39,1,254663,254223,440
55705361,3.66821,7.66923,435,116800,0.358113,0.22,1,254667,254232,435
55708281,25.5336,20.7338,442,116800,0.327623,0.18,1,254698,254256,442
55711201,6.70673,5.74677,442,116800,0.297525,0.41,1,254700,254258,442
55714121,2.94135,4.34935,440,116800,0.347505,0.36,1,254702,254262,440
55717041,6.18827,10.4699,435,116800,0.341501,0.28,1,254709,254274,435
55719961,10.8377,9.29397,438,116800,0.3243,0.28,1,254721,254283,438
55722881,3.76753,3.45879,438,116800,0.28886,0.3,1,254723,254285,438
55725801,7.15351,7.09176,438,116800,0.257772,0.31,1,254731,254293,438
55728721,7.8307,6.21835,440,116800,0.339554,0.3,1,254739,254299,440
55731641,30.3661,35.6437,433,116800,0.299911,0.22,1,254775,254342,433
55734561,20.4732,19.9287,435,116800,0.171982,0.18,1,254793,254358,435
55737481,8.89465,5.58575,439,116800,0.210396,0.2,1,254799,254360,439
55740401,4.97893,4.31715,439,116800,0.298079,0.16,1,254803,254364,439
55743321,16.1958,20.8634,433,116800,0.283616,0.2,1,254822,254389,433
55746241,16.0392,15.3727,435,116800,0.232723,0.25,1,254838,254403,435
55749161,11.2078,9.47454,437,116800,0.190545,0.21,1,254848,254411,437
55752081,3.84157,3.49491,437,116800,0.182109,0.24,1,254850,254413,437
55755001,3.96831,3.89898,437,116800,0.172422,0.2,1,254854,254417,437
55757921,13.5937,14.3798,436,116800,0.266484,0.2,1,254870,254434,436
55760841,4.31873,4.47596,436,116800,0.245297,0.28,1,254872,254436,436
55763761,8.86375,7.29519,438,116800,0.169059,0.24,1,254882,254444,438
55766681,4.97275,6.25904,436,116800,0.169812,0.19,1,254886,254450,436
55769601,15.3946,16.4518,435,116800,0.209962,0.17,1,254904,254469,435
55772521,23.0789,21.6904,437,116800,0.177992,0.25,1,254929,254492,437
55775441,11.0158,10.7381,437,116800,0.235598,0.2,1,254937,254500,437
55778361,15.8032,15.7476,437,116800,0.23112,0.21,1,254954,254517,437
55781281,4.76063,4.74952,437,116800,0.278224,0.34,1,254956,254519,437
55784201,4.15213,9.7499,430,116800,0.255645,0.26,1,254960,254530,430
55787121,41.6304,36.35,438,116800,0.331129,0.25,1,255011,254573,438
55790041,14.7261,20.87,429,116800,0.330226,0.18,1,255019,254590,429
55792961,14.1452,7.374,439,116800,0.266045,0.23,1,255033,254594,439
55795881,18.829,18.2748,438,116800,0.165209,0.19,1,255053,254615,438
55798801,5.36581,5.25496,438,116800,0.217042,0.26,1,255055,254617,438
55801721,4.27316,2.65099,440,116800,0.227408,0.33,1,255059,254619,440
55804641,2.45463,3.7302,438,116800,0.197482,0.3,1,255061,254623,438
55807561,5.29093,11.146,431,116800,0.215496,0.3,1,255067,254636,431
55810481,13.0582,12.6292,433,116800,0.227099,0.23,1,255082,254649,433
55813401,14.6116,10.5258,438,116800,0.22942,0.23,1,255097,254659,438
55816321,4.52233,3.70517,438,116800,0.197884,0.38,1,255099,254661,438
55819241,4.10447,2.34103,440,116800,0.191577,0.36,1,255103,254663,440
55822161,2.42089,3.66821,438,116800,0.302315,0.32,1,255105,254667,438
55825081,25.2842,25.5336,438,116800,0.260463,0.29,1,255136,254698,438
55828001,6.65684,6.70673,438,116800,0.220093,0.36,1,255138,254700,438
55830921,4.53137,2.94135,440,116800,0.148019,0.34,1,255142,254702,440
55833841,4.10627,6.18827,437,116800,0.293604,0.32,1,255146,254709,437
55836761,8.82125,10.8377,435,116800,0.322721,0.28,1,255156,254721,435
55839681,8.16425,3.76753,441,116800,0.224544,0.25,1,255164,254723,441
55842601,6.43285,7.15351,439,116800,0.196909,0.36,1,255170,254731,439
55845521,8.48657,7.8307,440,116800,0.303382,0.29,1,255179,254739,440
55848441,26.4973,30.3661,435,116800,0.228676,0.14,1,255210,254775,435
55851361,21.2995,20.4732,437,116800,0.261735,0.22,1,255230,254793,437
55854281,5.85989,8.89465,433,116800,0.236347,0.32,1,255232,254799,433
55857201,4.37198,4.97893,433,116800,0.231269,0.28,1,255236,254803,433
55860121,19.2744,16.1958,437,116800,0.222254,0.22,1,255259,254822,437
55863041,11.0549,16.0392,430,116800,0.228451,0.18,1,255268,254838,430
55865961,14.211,11.2078,435,116800,0.27769,0.18,1,255283,254848,435
55868881,4.44219,3.84157,435,116800,0.255538,0.17,1,255285,254850,435
55871801,4.08844,3.96831,435,116800,0.195108,0.29,1,255289,254854,435
55874721,8.81769,13.5937,429,116800,0.319022,0.24,1,255299,254870,429
55877641,4.96354,4.31873,431,116800,0.351804,0.15,1,255303,254872,431
55880561,12.9927,8.86375,436,116800,0.326361,0.17,1,255318,254882,436
55883481,5.79854,4.97275,436,116800,0.313272,0.22,1,255322,254886,436
55886401,10.7597,15.3946,430,116800,0.374654,0.17,1,255334,254904,430
55889321,26.1519,23.0789,435,116800,0.242931,0.25,1,255364,254929,435
55892241,11.6304,11.0158,435,116800,0.336586,0.23,1,255372,254937,435
55895161,12.7261,15.8032,431,116800,0.315317,0.29,1,255385,254954,431
55898081,4.14522,4.76063,431,116800,0.311063,0.25,1,255387,254956,431
55901001,8.02904,4.15213,436,116800,0.294213,0.35,1,255396,254960,436
55903921,42.4058,41.6304,436,116800,0.282843,0.33,1,255447,255011,436
55906841,15.6812,14.7261,437,116800,0.264569,0.25,1,255456,255019,437
55909761,14.3362,14.1452,437,116800,0.348914,0.14,1,255470,255033,437
55912681,13.2672,18.829,430,116800,0.357783,0.23,1,255483,255053,430
55915601,4.25345,5.36581,430,116800,0.327557,0.23,1,255485,255055,430
55918521,8.85069,4.27316,436,116800,0.321511,0.19,1,255495,255059,436
55921441,3.37014,2.45463,436,116800,0.320302,0.22,1,255497,255061,436
55924361,5.47403,5.29093,436,116800,0.28806,0.23,1,255503,255067,436
55927281,11.4948,13.0582,434,116800,0.321612,0.23,1,255516,255082,434
55930201,15.899,14.6116,436,116800,0.352322,0.19,1,255533,255097,436
55933121,4.77979,4.52233,436,116800,0.326465,0.19,1,255535,255099,436
55936041,2.55596,4.10447,434,116800,0.289293,0.33,1,255537,255103,434
55938961,2.11119,2.42089,434,116800,0.257859,0.25,1,255539,255105,434
55941881,27.6222,25.2842,437,116800,0.235572,0.21,1,255573,255136,437
55944801,7.12445,6.65684,437,116800,0.327114,0.13,1,255575,255138,437
55947721,3.02489,4.53137,435,116800,0.337423,0.33,1,255577,255142,435
55950641,6.20498,4.10627,438,116800,0.283485,0.33,1,255584,255146,438
55953561,6.041,8.82125,434,116800,0.392697,0.2,1,255590,255156,434
55956481,6.0082,8.16425,432,116800,0.382539,0.19,1,255596,255164,432
55959401,10.8016,6.43285,438,116800,0.412508,0.33,1,255608,255170,438
55962321,3.76033,8.48657,431,116800,0.418502,0.21,1,255610,255179,431
55965241,28.7521,26.4973,435,116800,0.3557,0.27,1,255645,255210,435
55968161,17.7504,21.2995,430,116800,0.35914,0.23,1,255660,255230,430
55971081,5.15008,5.85989,430,116800,0.319828,0.23,1,255662,255232,430
55974001,10.63,4.37198,438,116800,0.375966,0.22,1,255674,255236,438
55976921,18.126,19.2744,435,116800,0.379193,0.23,1,255694,255259,435
55979841,14.0252,11.0549,439,116800,0.355839,0.29,1,255707,255268,439
55982761,15.605,14.211,440,116800,0.311168,0.25,1,255723,255283,440
55985681,4.72101,4.44219,440,116800,0.326234,0.18,1,255725,255285,440
55988601,4.1442,4.08844,440,116800,0.297247,0.35,1,255729,255289,440
55991521,5.62884,8.81769,436,116800,0.387449,0.36,1,255735,255299,436
55994441,6.72577,4.96354,439,116800,0.42949,0.32,1,255742,255303,439
55997361,9.34515,12.9927,434,116800,0.325898,0.31,1,255752,255318,434
56000281,5.06903,5.79854,434,116800,0.41718,0.39,1,255756,255322,434
56003201,13.0138,10.7597,437,116800,0.379436,0.21,1,255771,255334,437
56006121,29.8028,26.1519,441,116800,0.339887,0.36,1,255805,255364,441
56009041,7.56055,11.6304,435,116800,0.371977,0.31,1,255807,255372,435
56011961,12.7121,12.7261,436,116800,0.410396,0.31,1,255821,255385,436
56014881,4.14242,4.14522,436,116800,0.418079,0.29,1,255823,255387,436
56017801,7.22848,8.02904,435,116800,0.419616,0.28,1,255831,255396,435
56020721,43.8457,42.4058,437,116800,0.355923,0.26,1,255884,255447,437
56023641,16.7691,15.6812,438,116800,0.335185,0.37,1,255894,255456,438
56026561,17.7538,14.3362,442,116800,0.315037,0.36,1,255912,255470,442
56029481,9.95077,13.2672,437,116800,0.247007,0.32,1,255920,255483,437
56032401,5.19015,4.25345,439,116800,0.393402,0.32,1,255924,255485,439
56035321,10.638,8.85069,441,116800,0.30268,0.32,1,255936,255495,441
56038241,5.32761,3.37014,443,116800,0.340536,0.28,1,255940,255497,443
56041161,4.26552,5.47403,441,116800,0.300107,0.33,1,255944,255503,441
56044081,12.8531,11.4948,443,116800,0.316021,0.36,1,255959,255516,443
56047001,16.1706,15.899,443,116800,0.335204,0.32,1,255976,255533,443
56049921,4.83412,4.77979,443,116800,0.307041,0.28,1,255978,255535,443
56052841,2.56682,2.55596,443,116800,0.277408,0.25,1,255980,255537,443
56055761,2.11336,2.11119,443,116800,0.239482,0.23,1,255982,255539,443
56058681,20.4227,27.6222,434,116800,0.279896,0.35,1,256007,255573,434
56061601,12.8845,7.12445,443,116800,0.327979,0.34,1,256018,255575,443
56064521,4.17691,3.02489,443,116800,0.345596,0.27,1,256020,255577,443
56067441,4.03538,6.20498,440,116800,0.341119,0.42,1,256024,255584,440
56070361,5.60708,6.041,440,116800,0.332224,0.38,1,256030,255590,440
56073281,4.32142,6.0082,438,116800,0.394445,0.42,1,256034,255596,438
56076201,12.0643,10.8016,440,116800,0.270889,0.42,1,256048,255608,440
56079121,4.01286,3.76033,440,116800,0.334178,0.34,1,256050,255610,440
56082041,27.2026,28.7521,438,116800,0.226836,0.36,1,256083,255645,438
56084961,16.6405,17.7504,437,116800,0.229367,0.31,1,256097,255660,437
56087881,4.9281,5.15008,437,116800,0.197873,0.39,1,256099,255662,437
56090801,8.98562,10.63,435,116800,0.247575,0.38,1,256109,255674,435
56093721,20.9971,18.126,439,116800,0.321515,0.35,1,256133,255694,439
56096641,16.9994,14.0252,442,116800,0.272303,0.3,1,256149,255707,442
56099561,16.9999,15.605,443,116800,0.262461,0.33,1,256166,255723,443
56102481,4.99998,4.72101,443,116800,0.308492,0.29,1,256168,255725,443
56105401,4.2,4.1442,443,116800,0.253698,0.41,1,256172,255729,443
56108321,4.04,5.62884,441,116800,0.17874,0.44,1,256176,255735,441
56111241,4.008,6.72577,438,116800,0.171748,0.3,1,256180,255742,438
56114161,10.4016,9.34515,440,116800,0.30635,0.44,1,256192,255752,440
56117081,5.28032,5.06903,440,116800,0.32527,0.37,1,256196,255756,440
56120001,13.0561,13.0138,440,116800,0.337054,0.33,1,256211,255771,440
56122921,32.2112,29.8028,443,116800,0.259411,0.38,1,256248,255805,443
56125841,9.64224,7.56055,445,116800,0.243882,0.42,1,256252,255807,445
56128761,11.5284,12.7121,443,116800,0.264776,0.42,1,256264,255821,443
56131681,3.90569,4.14242,443,116800,0.276955,0.42,1,256266,255823,443
56134601,3.98114,7.22848,439,116800,0.327391,0.34,1,256270,255831,439
56137521,45.5962,43.8457,442,116800,0.273478,0.33,1,256326,255884,442
56140441,17.1192,16.7691,442,116800,0.214696,0.31,1,256336,255894,442
56143361,18.6238,17.7538,443,116800,0.170939,0.23,1,256355,255912,443
56146281,5.32477,9.95077,437,116800,0.258188,0.43,1,256357,255920,437
56149201,2.66495,5.19015,435,116800,0.243638,0.28,1,256359,255924,435
56152121,14.133,10.638,440,116800,0.176728,0.35,1,256376,255936,440
56155041,7.6266,5.32761,442,116800,0.219345,0.29,1,256382,255940,442
56157961,3.12532,4.26552,440,116800,0.195869,0.32,1,256384,255944,440
56160881,7.82506,12.8531,434,116800,0.207174,0.34,1,256393,255959,434
56163801,17.565,16.1706,437,116800,0.241435,0.3,1,256413,255976,437
56166721,5.113,4.83412,437,116800,0.240287,0.27,1,256415,255978,437
56169641,2.6226,2.56682,437,116800,0.288057,0.23,1,256417,255980,437
56172561,2.12452,2.11336,437,116800,0.265611,0.29,1,256419,255982,437
56175481,22.0249,20.4227,439,116800,0.245122,0.34,1,256446,256007,439
56178401,12.405,12.8845,438,116800,0.233024,0.35,1,256456,256018,438
56181321,4.081,4.17691,438,116800,0.270605,0.34,1,256458,256020,438
56184241,7.2162,4.03538,442,116800,0.238121,0.33,1,256466,256024,442
56187161,3.04324,5.60708,438,116800,0.311624,0.41,1,256468,256030,438
56190081,2.20865,4.32142,436,116800,0.326325,0.24,1,256470,256034,436
56193001,14.0417,12.0643,439,116800,0.329265,0.35,1,256487,256048,439
56195921,4.40835,4.01286,439,116800,0.297853,0.2,1,256489,256050,439
56198841,24.8817,27.2026,436,116800,0.299571,0.23,1,256519,256083,436
56201761,15.3763,16.6405,435,116800,0.243914,0.19,1,256532,256097,435
56204681,4.67527,4.9281,435,116800,0.288783,0.26,1,256534,256099,435
56207601,12.1351,8.98562,439,116800,0.289757,0.34,1,256548,256109,439
56210521,16.027,20.9971,432,116800,0.297951,0.26,1,256565,256133,432
56213441,22.4054,16.9994,440,116800,0.21959,0.26,1,256589,256149,440
56216361,10.8811,16.9999,431,116800,0.179918,0.32,1,256597,256166,431
56219281,3.77622,4.99998,431,116800,0.139984,0.24,1,256599,256168,431
56222201,5.55524,4.2,433,116800,0.235997,0.16,1,256605,256172,433
56225121,9.91105,4.04,440,116800,0.303199,0.17,1,256616,256176,440
56228041,3.58221,4.008,438,116800,0.28464,0.34,1,256618,256180,438
56230961,11.9164,10.4016,440,116800,0.320928,0.33,1,256632,256192,440
56233881,5.58329,5.28032,440,116800,0.296186,0.34,1,256636,256196,440
56236801,7.51666,13.0561,433,116800,0.307237,0.24,1,256644,256211,433
56239721,30.3033,32.2112,432,116800,0.357447,0.24,1,256680,256248,432
56242641,11.6607,9.64224,435,116800,0.28749,0.27,1,256687,256252,435
56245561,12.7321,11.5284,436,116800,0.241498,0.28,1,256700,256264,436
56248481,4.14643,3.90569,436,116800,0.2323,0.34,1,256702,256266,436
56251401,4.02929,3.98114,436,116800,0.28646,0.26,1,256706,256270,436
56254321,43.2059,45.5962,433,116800,0.257292,0.2,1,256759,256326,433
56257241,18.2412,17.1192,435,116800,0.243458,0.16,1,256771,256336,435
56260161,18.0482,18.6238,434,116800,0.224692,0.28,1,256789,256355,434
56263081,5.20965,5.32477,434,116800,0.260938,0.24,1,256791,256357,434
56266001,2.64193,2.66495,434,116800,0.236188,0.16,1,256793,256359,434
56268921,10.9284,14.133,430,116800,0.311238,0.23,1,256806,256376,430
56271841,8.58568,7.6266,432,116800,0.326247,0.19,1,256814,256382,432
56274761,8.11714,3.12532,438,116800,0.297249,0.21,1,256822,256384,438
56277681,6.42343,7.82506,435,116800,0.31545,0.25,1,256828,256393,435
56280601,15.6847,17.565,433,116800,0.23909,0.24,1,256846,256413,433
56283521,9.53694,5.113,439,116800,0.255818,0.3,1,256854,256415,439
56286441,3.50739,2.6226,439,116800,0.235164,0.26,1,256856,256417,439
56289361,2.30148,2.12452,439,116800,0.295033,0.24,1,256858,256419,439
56292281,18.0603,22.0249,434,116800,0.315007,0.23,1,256880,256446,434
56295201,10.8121,12.405,433,116800,0.223001,0.28,1,256889,256456,433
56298121,7.76241,4.081,438,116800,0.2526,0.23,1,256896,256458,438
56301041,7.95248,7.2162,438,116800,0.25052,0.33,1,256904,256466,438
56303961,3.1905,3.04324,438,116800,0.226104,0.33,1,256906,256468,438
56306881,2.2381,2.20865,438,116800,0.221221,0.33,1,256908,256470,438
56309801,11.6476,14.0417,435,116800,0.276244,0.29,1,256922,256487,435
56312721,3.92952,4.40835,435,116800,0.255249,0.3,1,256924,256489,435
56315641,23.1859,24.8817,433,116800,0.25905,0.23,1,256952,256519,433
56318561,16.6372,15.3763,435,116800,0.21181,0.3,1,256967,256532,435
56321481,6.52744,4.67527,437,116800,0.250362,0.29,1,256971,256534,437
56324401,6.10549,12.1351,429,116800,0.266072,0.3,1,256977,256548,429
56327321,20.4211,16.027,436,116800,0.245214,0.2,1,257001,256565,436
56330241,18.4842,22.4054,430,116800,0.329043,0.17,1,257019,256589,430
56333161,13.2968,10.8811,434,116800,0.313809,0.13,1,257031,256597,434
56336081,7.45937,3.77622,438,116800,0.238762,0.26,1,257037,256599,438
56339001,6.29187,5.55524,438,116800,0.343752,0.32,1,257043,256605,438
56341921,12.4584,9.91105,441,116800,0.26875,0.28,1,257057,256616,441
56344841,4.09167,3.58221,441,116800,0.27775,0.33,1,257059,256618,441
56347761,9.61834,11.9164,438,116800,0.33555,0.29,1,257070,256632,438
56350681,6.72367,5.58329,440,116800,0.34711,0.31,1,257076,256636,440
56353601,6.94473,7.51666,439,116800,0.405422,0.37,1,257083,256644,439
56356521,28.5889,30.3033,437,116800,0.313084,0.27,1,257117,256680,437
56359441,7.31779,11.6607,432,116800,0.262617,0.23,1,257119,256687,432
56362361,13.4636,12.7321,434,116800,0.364523,0.23,1,257134,256700,434
56365281,4.29271,4.14643,434,116800,0.376905,0.3,1,257136,256702,434
56368201,5.65854,4.02929,436,116800,0.275381,0.25,1,257142,256706,436
56371121,42.7317,43.2059,435,116800,0.223076,0.24,1,257194,256759,435
56374041,16.5463,18.2412,433,116800,0.292615,0.22,1,257204,256771,433
56376961,16.9093,18.0482,432,116800,0.290523,0.27,1,257221,256789,432
56379881,6.58185,5.20965,434,116800,0.290105,0.23,1,257225,256791,434
56382801,6.91637,2.64193,439,116800,0.330021,0.33,1,257232,256793,439
56385721,8.58327,10.9284,435,116800,0.242004,0.33,1,257241,256806,435
56388641,8.11665,8.58568,435,116800,0.256401,0.29,1,257249,256814,435
56391561,6.42333,8.11714,433,116800,0.31528,0.32,1,257255,256822,433
56394481,6.08467,6.42343,433,116800,0.335056,0.22,1,257261,256828,433
56397401,14.8169,15.6847,432,116800,0.267011,0.26,1,257278,256846,432
56400321,8.56339,9.53694,431,116800,0.261402,0.23,1,257285,256854,431
56403241,3.31268,3.50739,431,116800,0.32428,0.31,1,257287,256856,431
56406161,2.26254,2.30148,431,116800,0.336856,0.32,1,257289,256858,431
56409081,18.0525,18.0603,431,116800,0.283371,0.2,1,257311,256880,431
56412001,15.6105,10.8121,437,116800,0.320674,0.26,1,257326,256889,437
56414921,6.3221,7.76241,434,116800,0.320135,0.25,1,257330,256896,434
56417841,7.66442,7.95248,434,116800,0.320027,0.22,1,257338,256904,434
56420761,7.13288,3.1905,439,116800,0.360005,0.22,1,257345,256906,439
56423681,3.02658,2.2381,439,116800,0.336001,0.29,1,257347,256908,439
56426601,10.2053,11.6476,437,116800,0.3392,0.25,1,257359,256922,437
56429521,3.64106,3.92952,437,116800,0.29984,0.26,1,257361,256924,437
56432441,21.5282,23.1859,435,116800,0.347968,0.2,1,257387,256952,435
56435361,17.1056,16.6372,436,116800,0.341594,0.26,1,257403,256967,436
56438281,8.22113,6.52744,438,116800,0.308319,0.27,1,257409,256971,438
56441201,6.44423,6.10549,438,116800,0.301664,0.24,1,257415,256977,438
56444121,22.0888,20.4211,440,116800,0.372333,0.35,1,257441,257001,440
56447041,10.8178,18.4842,430,116800,0.258467,0.31,1,257449,257019,430
56449961,20.5636,13.2968,441,116800,0.331693,0.22,1,257472,257031,441
56452881,5.71271,7.45937,437,116800,0.370339,0.37,1,257474,257037,437
56455801,5.94254,6.29187,437,116800,0.282068,0.25,1,257480,257043,437
56458721,13.1885,12.4584,438,116800,0.336414,0.28,1,257495,257057,438
56461641,4.2377,4.09167,438,116800,0.347283,0.35,1,257497,257059,438
56464561,8.84754,9.61834,437,116800,0.229457,0.35,1,257507,257070,437
56467481,8.16951,6.72367,439,116800,0.325891,0.42,1,257515,257076,439
56470401,4.8339,6.94473,436,116800,0.345178,0.29,1,257519,257083,436
56473321,27.3668,28.5889,435,116800,0.373036,0.25,1,257552,257117,435
56476241,7.07336,7.31779,435,116800,0.378607,0.39,1,257554,257119,435
56479161,18.2147,13.4636,441,116800,0.411721,0.38,1,257575,257134,441
56482081,5.24293,4.29271,441,116800,0.426344,0.25,1,257577,257136,441
56485001,2.64859,5.65854,437,116800,0.421269,0.21,1,257579,257142,437
56487921,44.5297,42.7317,440,116800,0.364254,0.31,1,257634,257194,440
56490841,13.7059,16.5463,436,116800,0.336851,0.29,1,257640,257204,436
56493761,18.7412,16.9093,439,116800,0.31537,0.29,1,257660,257221,439
56496681,5.34824,6.58185,437,116800,0.279074,0.34,1,257662,257225,437
56499601,2.66965,6.91637,432,116800,0.303815,0.22,1,257664,257232,432
56502521,7.73393,8.58327,432,116800,0.364763,0.26,1,257673,257241,432
56505441,10.3468,8.11665,435,116800,0.352953,0.33,1,257684,257249,435
56508361,10.8694,6.42333,440,116800,0.382591,0.34,1,257695,257255,440
56511281,5.37387,6.08467,438,116800,0.420518,0.25,1,257699,257261,438
56514201,15.4748,14.8169,439,116800,0.348104,0.26,1,257717,257278,439
56517121,6.29495,8.56339,436,116800,0.341621,0.34,1,257721,257285,436
56520041,2.85899,3.31268,436,116800,0.316324,0.34,1,257723,257287,436
56522961,2.1718,2.26254,436,116800,0.279265,0.27,1,257725,257289,436
56525881,22.8344,18.0525,442,116800,0.383853,0.33,1,257753,257311,442
56528801,14.1669,15.6105,439,116800,0.436771,0.32,1,257765,257326,439
56531721,6.03337,6.3221,439,116800,0.439354,0.32,1,257769,257330,439
56534641,7.60667,7.66442,439,116800,0.423871,0.37,1,257777,257338,439
56537561,6.32134,7.13288,438,116800,0.380774,0.33,1,257783,257345,438
56540481,4.46427,3.02658,440,116800,0.356155,0.34,1,257787,257347,440
56543401,10.4929,10.2053,440,116800,0.367231,0.29,1,257799,257359,440
56546321,3.69857,3.64106,440,116800,0.361446,0.36,1,257801,257361,440
56549241,19.9397,21.5282,438,116800,0.384289,0.34,1,257825,257387,438
56552161,16.7879,17.1056,438,116800,0.372858,0.3,1,257841,257403,438
56555081,8.95759,8.22113,439,116800,0.394572,0.3,1,257848,257409,439
56558001,6.59152,6.44423,439,116800,0.342914,0.39,1,257854,257415,439
56560921,18.1183,22.0888,434,116800,0.300583,0.23,1,257875,257441,434
56563841,11.6237,10.8178,436,116800,0.388117,0.35,1,257885,257449,436
56566761,25.5247,20.5636,442,116800,0.357623,0.38,1,257914,257472,442
56569681,6.70495,5.71271,442,116800,0.367525,0.26,1,257916,257474,442
56572601,6.14099,5.94254,442,116800,0.345505,0.35,1,257922,257480,442
56575521,4.4282,13.1885,431,116800,0.317101,0.35,1,257926,257495,431
56578441,4.08564,4.2377,433,116800,0.36742,0.2,1,257930,257497,433
56581361,14.4171,8.84754,440,116800,0.409484,0.35,1,257947,257507,440
56584281,7.68343,8.16951,438,116800,0.329897,0.35,1,257953,257515,438
56587201,7.93669,4.8339,442,116800,0.409979,0.38,1,257961,257519,442
56590121,23.1873,27.3668,436,116800,0.401996,0.38,1,257988,257552,436
56593041,6.23747,7.07336,436,116800,0.368399,0.42,1,257990,257554,436
56595961,22.0475,18.2147,441,116800,0.37768,0.43,1,258016,257575,441
56598881,6.0095,5.24293,441,116800,0.347536,0.42,1,258018,257577,441
56601801,2.8019,2.64859,441,116800,0.357507,0.35,1,258020,257579,441
56604721,46.1604,44.5297,443,116800,0.279501,0.33,1,258077,257634,443
56607641,14.0321,13.7059,443,116800,0.3839,0.31,1,258083,257640,443
56610561,14.0064,18.7412,437,116800,0.41278,0.27,1,258097,257660,437
56613481,6.00128,5.34824,439,116800,0.354556,0.31,1,258101,257662,439
56616401,4.40026,2.66965,441,116800,0.294911,0.38,1,258105,257664,441
56619321,7.28005,7.73393,440,116800,0.362982,0.35,1,258113,257673,440
56622241,11.856,10.3468,442,116800,0.400596,0.39,1,258126,257684,442
56625161,8.7712,10.8694,439,116800,0.288119,0.43,1,258134,257695,439
56628081,8.15424,5.37387,443,116800,0.345624,0.33,1,258142,257699,443
56631001,14.4308,15.4748,441,116800,0.357125,0.34,1,258158,257717,441
56633921,7.68617,6.29495,443,116800,0.295425,0.31,1,258164,257721,443
56636841,4.73723,2.85899,445,116800,0.283085,0.27,1,258168,257723,445
56639761,2.54745,2.1718,445,116800,0.280617,0.41,1,258170,257725,445
56642681,17.3095,22.8344,438,116800,0.280123,0.45,1,258191,257753,438
56645601,17.0619,14.1669,443,116800,0.352025,0.44,1,258208,257765,443
56648521,5.01238,6.03337,441,116800,0.334405,0.42,1,258210,257769,441
56651441,7.40248,7.60667,441,116800,0.386881,0.37,1,258218,257777,441
56654361,4.6805,6.32134,439,116800,0.405376,0.35,1,258222,257783,439
56657281,5.7361,4.46427,441,116800,0.417075,0.37,1,258228,257787,441
56660201,12.3472,10.4929,443,116800,0.387415,0.36,1,258242,257799,443
56663121,4.06944,3.69857,443,116800,0.349483,0.39,1,258244,257801,443
56666041,20.8139,19.9397,444,116800,0.373897,0.37,1,258269,257825,444
56668961,13.7628,16.7879,440,116800,0.338779,0.4,1,258281,257841,440
56671881,10.7526,8.95759,443,116800,0.339756,0.33,1,258291,257848,443
56674801,8.55051,6.59152,445,116800,0.307951,0.29,1,258299,257854,445
56677721,16.9101,18.1183,443,116800,0.34159,0.41,1,258318,257875,443
56680641,10.582,11.6237,442,116800,0.276318,0.35,1,258327,257885,442
56683561,21.3164,25.5247,437,116800,0.343264,0.37,1,258351,257914,437
56686481,5.86328,6.70495,437,116800,0.316653,0.34,1,258353,257916,437
56689401,9.17266,6.14099,441,116800,0.351331,0.31,1,258363,257922,441
56692321,5.03453,4.4282,441,116800,0.334266,0.38,1,258367,257926,441
56695241,4.20691,4.08564,441,116800,0.274853,0.42,1,258371,257930,441
56698161,10.4414,14.4171,436,116800,0.358971,0.31,1,258383,257947,436
56701081,11.6883,7.68343,442,116800,0.399794,0.43,1,258395,257953,442
56704001,5.53766,7.93669,438,116800,0.375959,0.4,1,258399,257961,438
56706921,27.5075,23.1873,444,116800,0.331192,0.36,1,258432,257988,444
56709841,7.10151,6.23747,444,116800,0.314238,0.38,1,258434,257990,444
56712761,19.8203,22.0475,441,116800,0.262848,0.34,1,258457,258016,441
56715681,5.56406,6.0095,441,116800,0.26057,0.36,1,258459,258018,441
56718601,4.31281,2.8019,443,116800,0.316114,0.26,1,258463,258020,443
56721521,44.0626,46.1604,440,116800,0.327223,0.41,1,258517,258077,440
56724441,15.2125,14.0321,442,116800,0.361445,0.42,1,258525,258083,442
56727361,11.0425,14.0064,438,116800,0.368289,0.34,1,258535,258097,438
56730281,3.8085,6.00128,436,116800,0.369658,0.28,1,258537,258101,436
56733201,7.1617,4.40026,440,116800,0.281932,0.38,1,258545,258105,440
56736121,7.83234,7.28005,440,116800,0.288386,0.41,1,258553,258113,440
56739041,13.5665,11.856,442,116800,0.297677,0.26,1,258568,258126,442
56741961,10.7133,8.7712,444,116800,0.339535,0.36,1,258578,258134,444
56744881,6.94266,8.15424,442,116800,0.283907,0.36,1,258584,258142,442
56747801,9.38853,14.4308,436,116800,0.360781,0.28,1,258594,258158,436
56750721,6.67771,7.68617,436,116800,0.376156,0.28,1,258600,258164,436
56753641,8.53554,4.73723,441,116800,0.347231,0.28,1,258609,258168,441
56756561,3.30711,2.54745,441,116800,0.333446,0.28,1,258611,258170,441
56759481,18.2614,17.3095,442,116800,0.394689,0.37,1,258633,258191,442
56762401,17.2523,17.0619,442,116800,0.382938,0.33,1,258650,258208,442
56765321,5.05046,5.01238,442,116800,0.388588,0.4,1,258652,258210,442
56768241,9.01009,7.40248,444,116800,0.381718,0.41,1,258662,258218,444
56771161,3.40202,4.6805,442,116800,0.380343,0.42,1,258664,258222,442
56774081,3.8804,5.7361,440,116800,0.332069,0.38,1,258668,258228,440
56777001,11.9761,12.3472,440,116800,0.346414,0.34,1,258682,258242,440
56779921,3.99522,4.06944,440,116800,0.317283,0.38,1,258684,258244,440
56782841,19.999,20.8139,439,116800,0.343457,0.33,1,258708,258269,439
56785761,14.3998,13.7628,440,116800,0.380691,0.34,1,258721,258281,440
56788681,9.27996,10.7526,438,116800,0.268138,0.3,1,258729,258291,438
56791601,9.85599,8.55051,440,116800,0.261628,0.35,1,258739,258299,440
56794521,13.1712,16.9101,435,116800,0.252326,0.26,1,258753,258318,435
56797441,11.4342,10.582,437,116800,0.322465,0.36,1,258764,258327,437
56800361,24.6868,21.3164,441,116800,0.320493,0.31,1,258792,258351,441
56803281,6.53737,5.86328,441,116800,0.288099,0.36,1,258794,258353,441
56806201,10.9075,9.17266,443,116800,0.31362,0.33,1,258806,258363,443
56809121,5.38149,5.03453,443,116800,0.318724,0.26,1,258810,258367,443
56812041,2.6763,4.20691,441,116800,0.287745,0.38,1,258812,258371,441
56814961,11.7353,10.4414,443,116800,0.313549,0.41,1,258826,258383,443
56817881,5.54705,11.6883,435,116800,0.28671,0.37,1,258830,258395,435
56820801,4.30941,5.53766,435,116800,0.329342,0.32,1,258834,258399,435
56823721,29.6619,27.5075,438,116800,0.225868,0.31,1,258870,258432,438
56826641,7.53238,7.10151,438,116800,0.325174,0.25,1,258872,258434,438
56829561,18.3065,19.8203,436,116800,0.345035,0.26,1,258893,258457,436
56832481,8.4613,5.56406,440,116800,0.253007,0.33,1,258899,258459,440
56835401,4.89226,4.31281,440,116800,0.170601,0.33,1,258903,258463,440
56838321,43.3785,44.0626,439,116800,0.29812,0.37,1,258956,258517,439
56841241,16.6757,15.2125,441,116800,0.179624,0.37,1,258966,258525,441
56844161,8.13514,11.0425,437,116800,0.251925,0.37,1,258972,258535,437
56847081,6.42703,3.8085,441,116800,0.314385,0.26,1,258978,258537,441
56850001,7.68541,7.1617,441,116800,0.254877,0.29,1,258986,258545,441
56852921,4.73708,7.83234,437,116800,0.266975,0.3,1,258990,258553,437
56855841,15.3474,13.5665,440,116800,0.181395,0.35,1,259008,258568,440
56858761,4.66948,10.7133,432,116800,0.276279,0.27,1,259010,258578,432
56861681,12.9339,6.94266,441,116800,0.279256,0.38,1,259025,258584,441
56864601,8.98678,9.38853,439,116800,0.151851,0.38,1,259033,258594,439
56867521,6.59736,6.67771,439,116800,0.21437,0.34,1,259039,258600,439
56870441,7.71947,8.53554,438,116800,0.210874,0.33,1,259047,258609,438
56873361,3.14389,3.30711,438,116800,0.178175,0.41,1,259049,258611,438
56876281,15.8288,18.2614,435,116800,0.299635,0.38,1,259068,258633,435
56879201,22.3658,17.2523,442,116800,0.107927,0.39,1,259092,258650,442
56882121,6.07315,5.05046,442,116800,0.285585,0.38,1,259094,258652,442
56885041,7.61463,9.01009,440,116800,0.289117,0.38,1,259102,258662,440
56887961,3.12293,3.40202,440,116800,0.297823,0.32,1,259104,258664,440
56890881,3.82459,3.8804,440,116800,0.259565,0.35,1,259108,258668,440
56893801,11.9649,11.9761,440,116800,0.251913,0.31,1,259122,258682,440
56896721,5.59298,3.99522,442,116800,0.186383,0.35,1,259126,258684,442
56899641,13.1186,19.999,433,116800,0.293277,0.39,1,259141,258708,433
56902561,17.8237,14.3998,439,116800,0.186655,0.24,1,259160,258721,439
56905481,6.76474,9.27996,435,116800,0.221331,0.26,1,259164,258729,435
56908401,8.55295,9.85599,434,116800,0.244266,0.25,1,259173,258739,434
56911321,16.1106,13.1712,438,116800,0.288853,0.34,1,259191,258753,438
56914241,8.02212,11.4342,433,116800,0.329771,0.32,1,259197,258764,433
56917161,28.0044,24.6868,438,116800,0.321954,0.28,1,259230,258792,438
56920081,7.20088,6.53737,438,116800,0.328391,0.32,1,259232,258794,438
56923001,6.24018,10.9075,432,116800,0.329678,0.32,1,259238,258806,432
56925921,6.04804,5.38149,434,116800,0.305936,0.28,1,259244,258810,434
56928841,6.80961,2.6763,439,116800,0.333187,0.32,1,259251,258812,439
56931761,9.36192,11.7353,435,116800,0.266637,0.28,1,259261,258826,435
56934681,8.27238,5.54705,439,116800,0.325327,0.34,1,259269,258830,439
56937601,4.85448,4.30941,439,116800,0.385065,0.2,1,259273,258834,439
56940521,24.9709,29.6619,433,116800,0.285013,0.35,1,259303,258870,433
56943441,9.79418,7.53238,437,116800,0.289003,0.35,1,259309,258872,437
56946361,13.1588,18.3065,430,116800,0.321801,0.23,1,259323,258893,430
56949281,9.83177,8.4613,433,116800,0.31236,0.15,1,259332,258899,433
56952201,8.36635,4.89226,437,116800,0.334472,0.33,1,259340,258903,437
56955121,37.6733,43.3785,429,116800,0.282894,0.15,1,259385,258956,429
56958041,22.7347,16.6757,438,116800,0.208579,0.27,1,259404,258966,438
56960961,7.74693,8.13514,436,116800,0.161716,0.33,1,259408,258972,436
56963881,6.34939,6.42703,436,116800,0.296343,0.24,1,259414,258978,436
56966801,9.26988,7.68541,438,116800,0.347269,0.27,1,259424,258986,438
56969721,3.45398,4.73708,436,116800,0.357454,0.16,1,259426,258990,436
56972641,14.2908,15.3474,435,116800,0.295491,0.3,1,259443,259008,435
56975561,4.45816,4.66948,435,116800,0.283098,0.28,1,259445,259010,435
56978481,5.69163,12.9339,426,116800,0.19262,0.12,1,259451,259025,426
56981401,14.7383,8.98678,435,116800,0.302524,0.23,1,259468,259033,435
56984321,4.54767,6.59736,431,116800,0.292505,0.21,1,259470,259039,431
56987241,7.30953,7.71947,431,116800,0.306501,0.17,1,259478,259047,431
56990161,3.06191,3.14389,431,116800,0.3093,0.33,1,259480,259049,431
56993081,19.0124,15.8288,435,116800,0.23786,0.06,1,259503,259068,435
56996001,23.8025,22.3658,436,116800,0.287572,0.33,1,259528,259092,436
56998921,6.36049,6.07315,436,116800,0.289514,0.29,1,259530,259094,436
57001841,7.6721,7.61463,436,116800,0.313903,0.3,1,259538,259102,436
57004761,3.13442,3.12293,436,116800,0.398781,0.25,1,259540,259104,436
57007681,4.62688,3.82459,437,116800,0.407756,0.25,1,259545,259108,437
57010601,12.1254,11.9649,437,116800,0.385551,0.17,1,259559,259122,437
57013521,4.02508,5.59298,435,116800,0.38911,0.32,1,259561,259126,435
57016441,11.205,13.1186,433,116800,0.405822,0.16,1,259574,259141,433
57019361,19.841,17.8237,436,116800,0.417164,0.23,1,259596,259160,436
57022281,5.5682,6.76474,434,116800,0.379433,0.25,1,259598,259164,434
57025201,12.3136,8.55295,439,116800,0.363887,0.3,1,259612,259173,439
57028121,15.2627,16.1106,437,116800,0.328777,0.34,1,259628,259191,437
57031041,7.85255,8.02212,437,116800,0.321755,0.32,1,259634,259197,437
57033961,27.9705,28.0044,437,116800,0.328351,0.33,1,259667,259230,437
57036881,7.1941,7.20088,437,116800,0.38567,0.33,1,259669,259232,437
57039801,7.83882,6.24018,439,116800,0.277134,0.3,1,259677,259238,439
57042721,4.76776,6.04804,437,116800,0.343427,0.34,1,259681,259244,437
57045641,5.75355,6.80961,436,116800,0.324685,0.25,1,259687,259251,436
57048561,13.1507,9.36192,441,116800,0.352937,0.34,1,259702,259261,441
57051481,9.03014,8.27238,441,116800,0.246587,0.4,1,259710,259269,441
57054401,5.00603,4.85448,441,116800,0.369317,0.26,1,259714,259273,441
57057321,18.6012,24.9709,433,116800,0.401863,0.29,1,259736,259303,433
57060241,12.5202,9.79418,438,116800,0.360373,0.33,1,259747,259309,438
57063161,12.104,13.1588,436,116800,0.408075,0.31,1,259759,259323,436
57066081,10.4208,9.83177,437,116800,0.361615,0.34,1,259769,259332,437
57069001,11.6842,8.36635,441,116800,0.416323,0.27,1,259781,259340,441
57071921,35.9368,37.6733,438,116800,0.411265,0.19,1,259823,259385,438
57074841,23.1874,22.7347,439,116800,0.386253,0.15,1,259843,259404,439
57077761,7.83747,7.74693,439,116800,0.405251,0.33,1,259847,259408,439
57080681,7.96749,6.34939,441,116800,0.43305,0.36,1,259855,259414,441
57083601,3.1935,9.26988,433,116800,0.43061,0.36,1,259857,259424,433
57086521,4.6387,3.45398,436,116800,0.382122,0.28,1,259862,259426,436
57089441,17.7277,14.2908,440,116800,0.284424,0.28,1,259883,259443,440
57092361,5.14555,4.45816,440,116800,0.232885,0.17,1,259885,259445,440
57095281,2.62911,5.69163,436,116800,0.318577,0.33,1,259887,259451,436
57098201,14.9258,14.7383,437,116800,0.383715,0.29,1,259905,259468,437
57101121,4.58516,4.54767,437,116800,0.396743,0.31,1,259907,259470,437
57104041,7.31703,7.30953,437,116800,0.351349,0.31,1,259915,259478,437
57106961,4.66341,3.06191,439,116800,0.35027,0.22,1,259919,259480,439
57109881,21.7327,19.0124,442,116800,0.310054,0.3,1,259945,259503,442
57112801,21.9465,23.8025,439,116800,0.366011,0.29,1,259967,259528,439
57115721,10.7893,6.36049,445,116800,0.257202,0.32,1,259975,259530,445
57118641,5.35786,7.6721,441,116800,0.29144,0.42,1,259979,259538,441
57121561,4.27157,3.13442,443,116800,0.298288,0.41,1,259983,259540,443
57124481,2.45431,4.62688,440,116800,0.267658,0.38,1,259985,259545,440
57127401,11.6909,12.1254,440,116800,0.341532,0.39,1,259999,259559,440
57130321,5.53817,4.02508,442,116800,0.308306,0.41,1,260003,259561,442
57133241,10.7076,11.205,441,116800,0.349661,0.42,1,260015,259574,441
57136161,15.7415,19.841,436,116800,0.309932,0.37,1,260032,259596,436
57139081,6.34831,5.5682,438,116800,0.269986,0.36,1,260036,259598,438
57142001,13.2697,12.3136,439,116800,0.293997,0.32,1,260051,259612,439
57144921,15.4539,15.2627,439,116800,0.234799,0.32,1,260067,259628,439
57147841,4.69079,7.85255,435,116800,0.34296,0.33,1,260069,259634,435
57150761,27.3382,27.9705,435,116800,0.348592,0.4,1,260102,259667,435
57153681,7.06763,7.1941,435,116800,0.325718,0.25,1,260104,259669,435
57156601,11.0135,7.83882,439,116800,0.209144,0.36,1,260116,259677,439
57159521,8.60271,4.76776,443,116800,0.377829,0.32,1,260124,259681,443
57162441,4.92054,5.75355,441,116800,0.379566,0.36,1,260128,259687,441
57165361,7.38411,13.1507,434,116800,0.379913,0.22,1,260136,259702,434
57168281,15.0768,9.03014,443,116800,0.371983,0.4,1,260153,259710,443
57171201,6.21536,5.00603,443,116800,0.314397,0.41,1,260157,259714,443
57174121,15.6431,18.6012,439,116800,0.374879,0.35,1,260175,259736,439
57177041,11.1286,12.5202,438,116800,0.354976,0.42,1,260185,259747,438
57179961,13.4257,12.104,440,116800,0.254995,0.35,1,260199,259759,440
57182881,11.4851,10.4208,441,116800,0.426999,0.43,1,260210,259769,441
57185801,11.897,11.6842,441,116800,0.3814,0.41,1,260222,259781,441
57188721,33.5794,35.9368,438,116800,0.37228,0.38,1,260261,259823,438
57191641,26.7159,23.1874,443,116800,0.338456,0.41,1,260286,259843,443
57194561,10.1432,7.83747,445,116800,0.387691,0.44,1,260292,259847,445
57197481,8.42864,7.96749,445,116800,0.301538,0.43,1,260300,259855,445
57200401,3.28573,3.1935,445,116800,0.380308,0.37,1,260302,259857,445
57203321,2.25715,4.6387,442,116800,0.388062,0.26,1,260304,259862,442
57206241,19.6514,17.7277,445,116800,0.221612,0.22,1,260328,259883,445
57209161,5.53029,5.14555,445,116800,0.156322,0.34,1,260330,259885,445
57212081,2.70606,2.62911,445,116800,0.239265,0.4,1,260332,259887,445
57215001,10.9412,14.9258,440,116800,0.319853,0.4,1,260345,259905,440
57217921,3.78824,4.58516,440,116800,0.295971,0.34,1,260347,259907,440
57220841,10.3576,7.31703,444,116800,0.347194,0.35,1,260359,259915,444
57223761,3.67153,4.66341,442,116800,0.317439,0.3,1,260361,259919,442
57226681,19.9343,21.7327,440,116800,0.255488,0.38,1,260385,259945,440
57229601,19.9869,21.9465,438,116800,0.243098,0.23,1,260405,259967,438
57232521,8.79737,10.7893,436,116800,0.320619,0.3,1,260411,259975,436
57235441,9.75947,5.35786,442,116800,0.312124,0.3,1,260421,259979,442
57238361,3.55189,4.27157,440,116800,0.310425,0.26,1,260423,259983,440
57241281,2.31038,2.45431,440,116800,0.286085,0.36,1,260425,259985,440
57244201,11.6621,11.6909,440,116800,0.353217,0.3,1,260439,259999,440
57247121,5.53242,5.53817,440,116800,0.382643,0.36,1,260443,260003,440
57250041,11.5065,10.7076,441,116800,0.356529,0.3,1,260456,260015,441
57252961,16.7013,15.7415,442,116800,0.319306,0.26,1,260474,260032,442
57255881,4.94026,6.34831,440,116800,0.279861,0.3,1,260476,260036,440
57258801,8.98805,13.2697,435,116800,0.295972,0.22,1,260486,260051,435
57261721,16.1976,15.4539,437,116800,0.291194,0.37,1,260504,260067,437
57264641,4.83952,4.69079,437,116800,0.258239,0.35,1,260506,260069,437
57267561,22.5679,27.3382,431,116800,0.315648,0.32,1,260533,260102,431
57270481,6.11358,7.06763,431,116800,0.29513,0.18,1,260535,260104,431
57273401,19.6227,11.0135,442,116800,0.331026,0.42,1,260558,260116,442
57276321,10.3245,8.60271,442,116800,0.250205,0.38,1,260566,260124,442
57279241,3.66491,4.92054,440,116800,0.330041,0.38,1,260568,260128,440
57282161,8.73298,7.38411,442,116800,0.298008,0.37,1,260578,260136,442
57285081,13.7466,15.0768,440,116800,0.283602,0.3,1,260593,260153,440
57288001,5.94932,6.21536,440,116800,0.33672,0.39,1,260597,260157,440
57290921,15.5899,15.6431,440,116800,0.299344,0.35,1,260615,260175,440
57293841,7.91797,11.1286,436,116800,0.323869,0.23,1,260621,260185,436
57296761,18.3836,13.4257,443,116800,0.352774,0.47,1,260642,260199,443
57299681,10.0767,11.4851,440,116800,0.326555,0.37,1,260650,260210,440
57302601,9.21534,11.897,437,116800,0.361311,0.37,1,260659,260222,437
57305521,35.4431,33.5794,440,116800,0.240262,0.33,1,260701,260261,440
57308441,24.6886,26.7159,437,116800,0.256052,0.4,1,260723,260286,437
57311361,12.9377,10.1432,441,116800,0.29921,0.28,1,260733,260292,441
57314281,4.18754,8.42864,435,116800,0.363842,0.4,1,260735,260300,435
57317201,6.43751,3.28573,440,116800,0.312768,0.39,1,260742,260302,440
57320121,2.8875,2.25715,440,116800,0.294554,0.18,1,260744,260304,440
57323041,15.7775,19.6514,435,116800,0.234911,0.14,1,260763,260328,435
57325961,6.3555,5.53029,437,116800,0.262982,0.26,1,260767,260330,437
57328881,4.4711,2.70606,439,116800,0.196596,0.34,1,260771,260332,439
57331801,7.29422,10.9412,434,116800,0.287319,0.29,1,260779,260345,434
57334721,7.85884,3.78824,440,116800,0.257464,0.36,1,260787,260347,440
57337641,6.37177,10.3576,434,116800,0.315493,0.31,1,260793,260359,434
57340561,4.47435,3.67153,436,116800,0.271099,0.24,1,260797,260361,436
57343481,23.2949,19.9343,440,116800,0.26222,0.24,1,260825,260385,440
57346401,16.659,19.9869,435,116800,0.252444,0.34,1,260840,260405,435
57349321,11.3318,8.79737,439,116800,0.210489,0.31,1,260850,260411,439
57352241,7.06636,9.75947,435,116800,0.178098,0.31,1,260856,260421,435
57355161,7.01327,3.55189,440,116800,0.27562,0.28,1,260863,260423,440
57358081,4.60265,2.31038,442,116800,0.271124,0.37,1,260867,260425,442
57361001,10.5205,11.6621,440,116800,0.182225,0.39,1,260879,260439,440
57363921,5.30411,5.53242,440,116800,0.260445,0.35,1,260883,260443,440
57366841,10.6608,11.5065,439,116800,0.324089,0.31,1,260895,260456,439
57369761,15.7322,16.7013,438,116800,0.256818,0.27,1,260912,260474,438
57372681,4.74643,4.94026,438,116800,0.211364,0.3,1,260914,260476,438
57375601,5.74929,8.98805,434,116800,0.218273,0.29,1,260920,260486,434
57378521,20.3499,16.1976,440,116800,0.291655,0.25,1,260944,260504,440
57381441,5.66997,4.83952,440,116800,0.306331,0.33,1,260946,260506,440
57384361,18.734,22.5679,435,116800,0.213266,0.29,1,260968,260533,435
57387281,5.3468,6.11358,435,116800,0.218653,0.34,1,260970,260535,435
57390201,23.4694,19.6227,440,116800,0.235731,0.23,1,260998,260558,440
57393121,7.89387,10.3245,436,116800,0.287146,0.35,1,261002,260566,436
57396041,3.17877,3.66491,436,116800,0.273429,0.29,1,261004,260568,436
57398961,10.2358,8.73298,438,116800,0.318686,0.28,1,261016,260578,438
57401881,11.6472,13.7466,435,116800,0.239737,0.35,1,261028,260593,435
57404801,10.3294,5.94932,441,116800,0.271947,0.29,1,261038,260597,441
57407721,11.6659,15.5899,435,116800,0.278389,0.33,1,261050,260615,435
57410641,5.53318,7.91797,433,116800,0.287678,0.36,1,261054,260621,433
57413561,20.3066,18.3836,436,116800,0.273536,0.32,1,261078,260642,436
57416481,12.8613,10.0767,439,116800,0.350707,0.37,1,261089,260650,439
57419401,5.77227,9.21534,434,116800,0.310141,0.21,1,261093,260659,434
57422321,33.9545,35.4431,433,116800,0.326028,0.26,1,261134,260701,433
57425241,27.5909,24.6886,437,116800,0.193206,0.31,1,261160,260723,437
57428161,13.5182,12.9377,437,116800,0.302641,0.38,1,261170,260733,437
57431081,4.30364,4.18754,437,116800,0.324528,0.3,1,261172,260735,437
57434001,4.86073,6.43751,435,116800,0.352906,0.29,1,261177,260742,435
57436921,4.17215,2.8875,437,116800,0.326581,0.22,1,261181,260744,437
57439841,16.0344,15.7775,437,116800,0.225316,0.27,1,261200,260763,437
57442761,8.00689,6.3555,439,116800,0.285063,0.18,1,261206,260767,439
57445681,3.20138,4.4711,437,116800,0.273013,0.31,1,261208,260771,437
57448601,3.84028,7.29422,433,116800,0.270603,0.25,1,261212,260779,433
57451521,7.96806,7.85884,434,116800,0.366121,0.33,1,261221,260787,434
57454441,3.19361,6.37177,430,116800,0.385224,0.26,1,261223,260793,430
57457361,9.43872,4.47435,437,116800,0.325045,0.26,1,261234,260797,437
57460281,25.0877,23.2949,438,116800,0.377009,0.25,1,261263,260825,438
57463201,13.0175,16.659,433,116800,0.315402,0.2,1,261273,260840,433
57466121,13.8035,11.3318,437,116800,0.35908,0.17,1,261287,260850,437
57469041,5.9607,7.06636,435,116800,0.295816,0.3,1,261291,260856,435
57471961,4.39214,7.01327,432,116800,0.299163,0.27,1,261295,260863,432
57474881,2.47843,4.60265,430,116800,0.299833,0.16,1,261297,260867,430
57477801,16.4957,10.5205,438,116800,0.291967,0.28,1,261317,260879,438
57480721,7.29914,5.30411,439,116800,0.242393,0.34,1,261322,260883,439
57483641,9.45983,10.6608,437,116800,0.272479,0.24,1,261332,260895,437
57486561,16.292,15.7322,438,116800,0.254496,0.2,1,261350,260912,438
57489481,4.85839,4.74643,438,116800,0.258899,0.22,1,261352,260914,438
57492401,4.17168,5.74929,436,116800,0.31578,0.31,1,261356,260920,436
57495321,16.8343,20.3499,432,116800,0.359156,0.31,1,261376,260944,432
57498241,11.3669,5.66997,440,116800,0.255831,0.19,1,261386,260946,440
57501161,14.2734,18.734,433,116800,0.267166,0.22,1,261401,260968,433
57504081,4.45467,5.3468,433,116800,0.237433,0.24,1,261403,260970,433
57507001,23.2909,23.4694,433,116800,0.223487,0.3,1,261431,260998,433
57509921,9.45819,7.89387,435,116800,0.348697,0.27,1,261437,261002,435
57512841,6.69164,3.17877,439,116800,0.325739,0.33,1,261443,261004,439
57515761,6.13833,10.2358,433,116800,0.345148,0.22,1,261449,261016,433
57518681,15.6277,11.6472,439,116800,0.27703,0.28,1,261467,261028,439
57521601,9.52553,10.3294,437,116800,0.247406,0.28,1,261475,261038,437
57524521,9.90511,11.6659,435,116800,0.273481,0.29,1,261485,261050,435
57527441,3.58102,5.53318,433,116800,0.278696,0.27,1,261487,261054,433
57530361,24.7162,20.3066,439,116800,0.359739,0.37,1,261517,261078,439
57533281,11.3432,12.8613,436,116800,0.295948,0.3,1,261525,261089,436
57536201,7.86865,5.77227,439,116800,0.29119,0.33,1,261532,261093,439
57539121,31.9737,33.9545,436,116800,0.258238,0.16,1,261570,261134,436
57542041,28.7947,27.5909,438,116800,0.331648,0.33,1,261598,261160,438
57544961,13.7589,13.5182,438,116800,0.370329,0.33,1,261608,261170,438
57547881,5.95179,4.30364,440,116800,0.346066,0.36,1,261612,261172,440
57550801,2.79036,4.86073,437,116800,0.309213,0.32,1,261614,261177,437
57553721,6.15807,4.17215,440,116800,0.333843,0.2,1,261621,261181,440
57556641,14.0316,16.0344,437,116800,0.298769,0.3,1,261637,261200,437
57559561,9.20632,8.00689,439,116800,0.275754,0.27,1,261645,261206,439
57562481,5.04126,3.20138,441,116800,0.247151,0.27,1,261649,261208,441
57565401,4.20825,3.84028,441,116800,0.29743,0.39,1,261653,261212,441
57568321,4.04165,7.96806,436,116800,0.323486,0.39,1,261657,261221,436
57571241,2.40833,3.19361,436,116800,0.344697,0.31,1,261659,261223,436
57574161,6.88167,9.43872,433,116800,0.356939,0.39,1,261667,261234,433
57577081,27.7763,25.0877,437,116800,0.271388,0.3,1,261700,261263,437
57580001,13.5553,13.0175,437,116800,0.294278,0.37,1,261710,261273,437
57582921,15.5111,13.8035,439,116800,0.266856,0.28,1,261726,261287,439
57585841,6.30221,5.9607,439,116800,0.197371,0.3,1,261730,261291,439
57588761,6.06044,4.39214,441,116800,0.271474,0.3,1,261736,261295,441
57591681,2.81209,2.47843,441,116800,0.286295,0.29,1,261738,261297,441
57594601,14.9624,16.4957,439,116800,0.345259,0.23,1,261756,261317,439
57597521,4.59248,7.29914,436,116800,0.333052,0.28,1,261758,261322,436
57600441,12.1185,9.45983,440,116800,0.33061,0.25,1,261772,261332,440
57603361,13.6237,16.292,436,116800,0.338122,0.26,1,261786,261350,436
57606281,5.92474,4.85839,438,116800,0.299624,0.33,1,261790,261352,438
57609201,5.98495,4.17168,440,116800,0.315925,0.37,1,261796,261356,440
57612121,12.397,16.8343,434,116800,0.263185,0.23,1,261810,261376,434
57615041,12.8794,11.3669,437,116800,0.348637,0.27,1,261823,261386,437
57617961,10.5759,14.2734,432,116800,0.309727,0.23,1,261833,261401,432
57620881,3.71518,4.45467,432,116800,0.301945,0.22,1,261835,261403,432
57623801,27.143,23.2909,437,116800,0.276389,0.38,1,261868,261431,437
57626721,10.2286,9.45819,437,116800,0.255278,0.32,1,261874,261437,437
57629641,5.24572,6.69164,435,116800,0.259056,0.35,1,261878,261443,435
57632561,10.6491,6.13833,441,116800,0.299811,0.26,1,261890,261449,441
57635481,14.9298,15.6277,439,116800,0.323962,0.24,1,261906,261467,439
57638401,7.78597,9.52553,437,116800,0.320792,0.28,1,261912,261475,437
57641321,11.1572,9.90511,439,116800,0.320159,0.28,1,261924,261485,439
57644241,3.83144,3.58102,439,116800,0.296032,0.38,1,261926,261487,439
57647161,25.5663,24.7162,440,116800,0.363206,0.28,1,261957,261517,440
57650081,8.31326,11.3432,436,116800,0.376641,0.29,1,261961,261525,436
57653001,7.26265,7.86865,436,116800,0.419328,0.25,1,261968,261532,436
57655921,31.8525,31.9737,436,116800,0.403866,0.35,1,262006,261570,436
57658841,32.7705,28.7947,441,116800,0.296773,0.38,1,262039,261598,441
57661761,12.9541,13.7589,439,116800,0.275355,0.34,1,262047,261608,439
57664681,5.79082,5.95179,439,116800,0.239071,0.3,1,262051,261612,439
57667601,2.75816,2.79036,439,116800,0.191814,0.34,1,262053,261614,439
57670521,6.15163,6.15807,439,116800,0.342363,0.29,1,262060,261621,439
57673441,10.8303,14.0316,435,116800,0.300473,0.27,1,262072,261637,435
57676361,11.7661,9.20632,439,116800,0.276095,0.24,1,262084,261645,439
57679281,5.55321,5.04126,439,116800,0.231219,0.31,1,262088,261649,439
57682201,5.91064,4.20825,441,116800,0.222244,0.33,1,262094,261653,441
57685121,2.78213,4.04165,439,116800,0.228449,0.35,1,262096,261657,439
57688041,2.15643,2.40833,439,116800,0.30969,0.36,1,262098,261659,439
57690961,2.03129,6.88167,433,116800,0.325938,0.25,1,262100,261667,433
57693881,30.0063,27.7763,437,116800,0.329188,0.3,1,262137,261700,437
57696801,10.0013,13.5553,432,116800,0.337838,0.26,1,262142,261710,432
57699721,19.6003,15.5111,438,116800,0.251567,0.18,1,262164,261726,438
57702641,8.72005,6.30221,440,116800,0.226314,0.29,1,262170,261730,440
57705561,3.34401,6.06044,436,116800,0.197263,0.29,1,262172,261736,436
57708481,2.2688,2.81209,436,116800,0.247453,0.36,1,262174,261738,436
57711401,18.8538,14.9624,441,116800,0.273491,0.33,1,262197,261756,441
57714321,5.37075,4.59248,441,116800,0.278698,0.33,1,262199,261758,441
57717241,12.2742,12.1185,441,116800,0.39174,0.34,1,262213,261772,441
57720161,11.2548,13.6237,438,116800,0.422348,0.29,1,262224,261786,438
57723081,3.85097,5.92474,436,116800,0.39647,0.32,1,262226,261790,436
57726001,3.97019,5.98495,434,116800,0.351294,0.25,1,262230,261796,434
57728921,15.994,12.397,439,116800,0.326259,0.37,1,262249,261810,439
57731841,12.7988,12.8794,438,116800,0.385252,0.3,1,262261,261823,438
57734761,8.15976,10.5759,435,116800,0.34905,0.3,1,262268,261833,435
57737681,3.23195,3.71518,435,116800,0.30981,0.27,1,262270,261835,435
57740601,27.0464,27.143,435,116800,0.389962,0.25,1,262303,261868,435
57743521,8.60928,10.2286,433,116800,0.341992,0.26,1,262307,261874,433
57746441,8.12186,5.24572,437,116800,0.380398,0.31,1,262315,261878,437
57749361,11.2244,10.6491,437,116800,0.34008,0.33,1,262327,261890,437
57752281,13.4449,14.9298,435,116800,0.356016,0.32,1,262341,261906,435
57755201,10.689,7.78597,439,116800,0.415203,0.32,1,262351,261912,439
57758121,13.3378,11.1572,441,116800,0.443041,0.29,1,262365,261924,441
57761041,4.26756,3.83144,441,116800,0.448608,0.38,1,262367,261926,441
57763961,26.4535,25.5663,442,116800,0.449722,0.38,1,262399,261957,442
57766881,6.8907,8.31326,440,116800,0.449944,0.43,1,262401,261961,440
57769801,7.77814,7.26265,441,116800,0.401989,0.4,1,262409,261968,441
57772721,30.3556,31.8525,439,116800,0.336398,0.27,1,262445,262006,439
57775641,26.8711,32.7705,432,116800,0.33128,0.27,1,262471,262039,432
57778561,19.7742,12.9541,442,116800,0.370256,0.23,1,262489,262047,442
57781481,5.55484,5.79082,440,116800,0.346051,0.18,1,262491,262051,440
57784401,4.31097,2.75816,442,116800,0.40521,0.38,1,262495,262053,442
57787321,2.46219,6.15163,437,116800,0.393042,0.29,1,262497,262060,437
57790241,9.29244,10.8303,436,116800,0.430608,0.27,1,262508,262072,436
57793161,10.6585,11.7661,435,116800,0.334122,0.22,1,262519,262084,435
57796081,9.3317,5.55321,440,116800,0.314824,0.22,1,262528,262088,440
57799001,6.66634,5.91064,440,116800,0.310965,0.23,1,262534,262094,440
57801921,2.93327,2.78213,440,116800,0.334193,0.33,1,262536,262096,440
57804841,2.18665,2.15643,440,116800,0.314839,0.33,1,262538,262098,440
57807761,3.63733,2.03129,442,116800,0.334968,0.33,1,262542,262100,442
57810681,28.7275,30.0063,440,116800,0.346994,0.34,1,262577,262137,440
57813601,9.74549,10.0013,440,116800,0.293399,0.23,1,262582,262142,440
57816521,16.3491,19.6003,436,116800,0.35468,0.22,1,262600,262164,436
57819441,9.66982,8.72005,438,116800,0.366936,0.19,1,262608,262170,438
57822361,3.53396,3.34401,438,116800,0.409387,0.26,1,262610,262172,438
57825281,3.90679,2.2688,440,116800,0.385877,0.28,1,262614,262174,440
57828201,15.1814,18.8538,435,116800,0.341175,0.28,1,262632,262197,435
57831121,11.0363,5.37075,443,116800,0.204235,0.42,1,262642,262199,443
57834041,13.4073,12.2742,443,116800,0.336847,0.43,1,262656,262213,443
57836961,7.48145,11.2548,438,116800,0.347369,0.39,1,262662,262224,438
57839881,3.09629,3.85097,438,116800,0.349474,0.34,1,262664,262226,438
57842801,8.61926,3.97019,444,116800,0.349895,0.32,1,262674,262230,444
57845721,16.1239,15.994,443,116800,0.325979,0.4,1,262692,262249,443
57848641,8.02477,12.7988,437,116800,0.337196,0.34,1,262698,262261,437
57851561,9.60495,8.15976,440,116800,0.275439,0.3,1,262708,262268,440
57854481,3.52099,3.23195,440,116800,0.271088,0.41,1,262710,262270,440
57857401,27.9042,27.0464,441,116800,0.166218,0.33,1,262744,262303,441
57860321,10.3808,8.60928,443,116800,0.313244,0.39,1,262750,262307,443
57863241,5.27617,8.12186,439,116800,0.294649,0.33,1,262754,262315,439
57866161,13.8552,11.2244,443,116800,0.35493,0.36,1,262770,262327,443
57869081,14.771,13.4449,444,116800,0.334986,0.43,1,262785,262341,444
57872001,10.9542,10.689,444,116800,0.242997,0.45,1,262795,262351,444
57874921,10.1908,13.3378,440,116800,0.304599,0.45,1,262805,262365,440
57877841,3.63817,4.26756,440,116800,0.32492,0.45,1,262807,262367,440
57880761,28.7276,26.4535,443,116800,0.384984,0.45,1,262842,262399,443
57883681,7.34553,6.8907,443,116800,0.372997,0.39,1,262844,262401,443
57886601,4.66911,7.77814,439,116800,0.402599,0.32,1,262848,262409,439
57889521,28.9338,30.3556,438,116800,0.46452,0.33,1,262883,262445,438
57892441,25.7868,26.8711,437,116800,0.468904,0.38,1,262908,262471,437
57895361,26.7574,19.7742,446,116800,0.349781,0.34,1,262935,262489,446
57898281,6.95147,5.55484,446,116800,0.381956,0.42,1,262937,262491,446
57901201,2.99029,4.31097,444,116800,0.356391,0.39,1,262939,262495,444
57904121,2.19806,2.46219,444,116800,0.327278,0.44,1,262941,262497,444
57907041,3.63961,9.29244,437,116800,0.265456,0.31,1,262945,262508,437
57909961,10.3279,10.6585,438,116800,0.349091,0.31,1,262957,262519,438
57912881,10.0656,9.3317,439,116800,0.253818,0.31,1,262967,262528,439
57915801,10.0131,6.66634,443,116800,0.250764,0.34,1,262977,262534,443
57918721,3.60262,2.93327,443,116800,0.250153,0.31,1,262979,262536,443
57921641,2.32052,2.18665,443,116800,0.282031,0.34,1,262981,262538,443
57924561,3.6641,3.63733,443,116800,0.280406,0.35,1,262985,262542,443
57927481,28.7328,28.7275,443,116800,0.368081,0.28,1,263020,262577,443
57930401,7.34656,9.74549,440,116800,0.353616,0.37,1,263022,262582,440
57933321,18.2693,16.3491,443,116800,0.302723,0.37,1,263043,262600,443
57936241,6.85386,9.66982,439,116800,0.372545,0.42,1,263047,262608,439
57939161,4.57077,3.53396,441,116800,0.330509,0.38,1,263051,262610,441
57942081,4.11415,3.90679,441,116800,0.330102,0.33,1,263055,262614,441
57945001,7.22283,15.1814,431,116800,0.39402,0.17,1,263063,262632,431
57947921,17.4446,11.0363,441,116800,0.310804,0.37,1,263083,262642,441
57950841,11.4889,13.4073,437,116800,0.366161,0.35,1,263093,262656,437
57953761,8.69778,7.48145,439,116800,0.409232,0.35,1,263101,262662,439
57956681,3.33956,3.09629,439,116800,0.425846,0.35,1,263103,262664,439
57959601,5.46791,8.61926,435,116800,0.381169,0.32,1,263109,262674,435
57962521,18.6936,16.1239,439,116800,0.308234,0.34,1,263131,262692,439
57965441,5.33872,8.02477,435,116800,0.285647,0.26,1,263133,262698,435
57968361,8.26774,9.60495,434,116800,0.377129,0.27,1,263142,262708,434
57971281,8.05355,3.52099,440,116800,0.339426,0.14,1,263150,262710,440
57974201,26.4107,27.9042,437,116800,0.323885,0.35,1,263181,262744,437
57977121,13.2821,10.3808,441,116800,0.328777,0.29,1,263191,262750,441
57980041,4.25643,5.27617,439,116800,0.329755,0.37,1,263193,262754,439
57982961,10.4513,13.8552,435,116800,0.377951,0.33,1,263205,262770,435
57985881,12.4903,14.771,433,116800,0.36359,0.22,1,263218,262785,433
57988801,14.4981,10.9542,438,116800,0.360718,0.32,1,263233,262795,438
57991721,14.8996,10.1908,443,116800,0.400144,0.33,1,263248,262805,443
57994641,4.57992,3.63817,443,116800,0.376029,0.4,1,263250,262807,443
57997561,26.516,28.7276,440,116800,0.307206,0.37,1,263282,262842,440
58000481,6.9032,7.34553,440,116800,0.309441,0.41,1,263284,262844,440
58003401,2.98064,4.66911,438,116800,0.317888,0.48,1,263286,262848,438
58006321,29.3961,28.9338,439,116800,0.327578,0.47,1,263322,262883,439
58009241,21.8792,25.7868,434,116800,0.361516,0.32,1,263342,262908,434
58012161,26.7758,26.7574,435,116800,0.352303,0.39,1,263370,262935,435
58015081,8.55517,6.95147,437,116800,0.310461,0.35,1,263374,262937,437
58018001,8.11103,2.99029,443,116800,0.318092,0.32,1,263382,262939,443
58020921,3.22221,2.19806,443,116800,0.287618,0.25,1,263384,262941,443
58023841,2.24444,3.63961,441,116800,0.281524,0.37,1,263386,262945,441
58026761,4.44889,10.3279,434,116800,0.320305,0.23,1,263391,262957,434
58029681,10.4898,10.0656,436,116800,0.376061,0.25,1,263403,262967,436
58032601,11.698,10.0131,438,116800,0.371212,0.25,1,263415,262977,438
58035521,7.13959,3.60262,442,116800,0.266242,0.29,1,263421,262979,442
58038441,3.02792,2.32052,442,116800,0.309248,0.28,1,263423,262981,442
58041361,3.80558,3.6641,442,116800,0.36585,0.39,1,263427,262985,442
58044281,22.3611,28.7328,434,116800,0.30517,0.35,1,263454,263020,434
58047201,7.67222,7.34656,436,116800,0.277034,0.29,1,263458,263022,436
58050121,18.3344,18.2693,436,116800,0.255407,0.39,1,263479,263043,436
58053041,14.0669,6.85386,445,116800,0.291081,0.32,1,263492,263047,445
58055961,4.41338,4.57077,443,116800,0.306216,0.33,1,263494,263051,443
58058881,2.48268,4.11415,441,116800,0.349243,0.41,1,263496,263055,441
58061801,8.49654,7.22283,443,116800,0.253849,0.29,1,263506,263063,443
58064721,16.8993,17.4446,442,116800,0.25077,0.38,1,263525,263083,442
58067641,12.9799,11.4889,444,116800,0.266154,0.42,1,263537,263093,444
58070561,5.79597,8.69778,440,116800,0.245231,0.43,1,263541,263101,440
58073481,5.15919,3.33956,443,116800,0.321046,0.37,1,263546,263103,443
58076401,4.23184,5.46791,441,116800,0.344209,0.29,1,263550,263109,441
58079321,19.2464,18.6936,442,116800,0.348842,0.28,1,263573,263131,442
58082241,5.44927,5.33872,442,116800,0.341768,0.4,1,263575,263133,442
58085161,5.88985,8.26774,439,116800,0.308354,0.33,1,263581,263142,439
58088081,9.17797,8.05355,441,116800,0.285671,0.32,1,263591,263150,441
58091001,25.0356,26.4107,439,116800,0.225134,0.33,1,263620,263181,439
58093921,13.0071,13.2821,439,116800,0.309027,0.33,1,263630,263191,439
58096841,5.80142,4.25643,441,116800,0.365805,0.39,1,263634,263193,441
58099761,9.16028,10.4513,439,116800,0.353161,0.36,1,263644,263205,439
58102681,9.83206,12.4903,436,116800,0.318632,0.36,1,263654,263218,436
58105601,16.3664,14.4981,439,116800,0.271726,0.41,1,263672,263233,439
58108521,16.0733,14.8996,440,116800,0.326345,0.37,1,263688,263248,440
58111441,6.41466,4.57992,442,116800,0.305269,0.29,1,263692,263250,442
58114361,22.8829,26.516,437,116800,0.221054,0.31,1,263719,263282,437
58117281,10.9766,6.9032,443,116800,0.324211,0.32,1,263727,263284,443
58120201,3.79532,2.98064,443,116800,0.320842,0.33,1,263729,263286,443
58123121,28.7591,29.3961,442,116800,0.312168,0.37,1,263764,263322,442
58126041,24.1518,21.8792,445,116800,0.198434,0.35,1,263787,263342,445
58128961,21.6304,26.7758,438,116800,0.215687,0.3,1,263808,263370,438
58131881,5.92607,8.55517,436,116800,0.307137,0.32,1,263810,263374,436
58134801,8.38521,8.11103,437,116800,0.205427,0.28,1,263819,263382,437
58137721,3.27704,3.22221,437,116800,0.329085,0.28,1,263821,263384,437
58140641,2.25541,2.24444,437,116800,0.321817,0.33,1,263823,263386,437
58143561,3.65108,4.44889,436,116800,0.248363,0.39,1,263827,263391,436
58146481,13.5302,10.4898,440,116800,0.329673,0.37,1,263843,263403,440
58149401,10.706,11.698,438,116800,0.265935,0.24,1,263853,263415,438
58152321,5.34121,7.13959,436,116800,0.221187,0.32,1,263857,263421,436
58155241,2.66824,3.02792,436,116800,0.236237,0.38,1,263859,263423,436
58158161,7.73365,3.80558,441,116800,0.255247,0.29,1,263868,263427,441
58161081,17.5467,22.3611,434,116800,0.29105,0.27,1,263888,263454,434
58164001,11.5093,7.67222,440,116800,0.25821,0.25,1,263898,263458,440
58166921,12.7019,18.3344,432,116800,0.315642,0.3,1,263911,263479,432
58169841,14.5404,14.0669,434,116800,0.167128,0.31,1,263926,263492,434
58172761,4.50807,4.41338,434,116800,0.217426,0.36,1,263928,263494,434
58175681,2.50161,2.48268,434,116800,0.227485,0.23,1,263930,263496,434
58178601,10.9003,8.49654,437,116800,0.189497,0.25,1,263943,263506,437
58181521,15.7801,16.8993,435,116800,0.229899,0.27,1,263960,263525,435
58184441,17.556,12.9799,441,116800,0.23798,0.24,1,263978,263537,441
58187361,5.1112,5.79597,439,116800,0.239596,0.34,1,263980,263541,439
58190281,4.22224,5.15919,438,116800,0.311919,0.35,1,263984,263546,438
58193201,5.64445,4.23184,440,116800,0.302384,0.35,1,263990,263550,440
58196121,17.1289,19.2464,437,116800,0.308477,0.34,1,264010,263573,437
58199041,8.22578,5.44927,441,116800,0.245695,0.3,1,264016,263575,441
58201961,3.24516,5.88985,437,116800,0.209139,0.28,1,264018,263581,437
58204881,7.04903,9.17797,435,116800,0.177828,0.21,1,264026,263591,435
58207801,27.0098,25.0356,438,116800,0.187566,0.33,1,264058,263620,438
58210721,15.802,13.0071,441,116800,0.181513,0.38,1,264071,263630,441
58213641,6.36039,5.80142,441,116800,0.220303,0.35,1,264075,263634,441
58216561,6.07208,9.16028,437,116800,0.268061,0.31,1,264081,263644,437
58219481,10.0144,9.83206,438,116800,0.317612,0.26,1,264092,263654,438
58222401,14.8029,16.3664,436,116800,0.247522,0.34,1,264108,263672,436
58225321,17.3606,16.0733,438,116800,0.233504,0.3,1,264126,263688,438
58228241,7.47212,6.41466,439,116800,0.198701,0.2,1,264131,263692,439
58231161,22.2944,22.8829,438,116800,0.17574,0.35,1,264157,263719,438
58234081,6.05888,10.9766,432,116800,0.227148,0.32,1,264159,263727,432
58237001,2.81178,3.79532,432,116800,0.22943,0.31,1,264161,263729,432
58239921,34.9624,28.7591,440,116800,0.261886,0.17,1,264204,263764,440
58242841,17.3925,24.1518,430,116800,0.300377,0.22,1,264217,263787,430
58245761,19.4785,21.6304,429,116800,0.172075,0.33,1,264237,263808,429
58248681,8.6957,5.92607,433,116800,0.202415,0.18,1,264243,263810,433
58251601,8.13914,8.38521,432,116800,0.264483,0.36,1,264251,263819,432
58254521,3.22783,3.27704,432,116800,0.244897,0.32,1,264253,263821,432
58257441,7.84557,2.25541,439,116800,0.216979,0.23,1,264262,263823,439
58260361,3.16911,3.65108,437,116800,0.307396,0.35,1,264264,263827,437
58263281,11.8338,13.5302,435,116800,0.309479,0.25,1,264278,263843,435
58266201,9.56676,10.706,434,116800,0.173896,0.21,1,264287,263853,434
58269121,5.11335,5.34121,434,116800,0.298779,0.24,1,264291,263857,434
58272041,2.62267,2.66824,434,116800,0.323756,0.26,1,264293,263859,434
58274961,5.32453,7.73365,431,116800,0.312751,0.3,1,264299,263868,431
58277881,19.4649,17.5467,434,116800,0.23055,0.25,1,264322,263888,434
58280801,8.69298,11.5093,430,116800,0.29411,0.33,1,264328,263898,430
58283721,10.5386,12.7019,428,116800,0.330822,0.13,1,264339,263911,428
58286641,17.3077,14.5404,432,116800,0.266164,0.23,1,264358,263926,432
58289561,5.06154,4.50807,432,116800,0.301233,0.23,1,264360,263928,432
58292481,2.61231,2.50161,432,116800,0.308247,0.18,1,264362,263930,432
58295401,15.7225,10.9003,438,116800,0.277649,0.24,1,264381,263943,438
58298321,12.7445,15.7801,433,116800,0.28753,0.24,1,264393,263960,433
58301241,20.1489,17.556,437,116800,0.337506,0.24,1,264415,263978,437
58304161,5.62978,5.1112,437,116800,0.323501,0.33,1,264417,263980,437
58307081,2.72596,4.22224,435,116800,0.3207,0.3,1,264419,263984,435
58310001,7.74519,5.64445,438,116800,0.30414,0.31,1,264428,263990,438
58312921,11.149,17.1289,430,116800,0.292828,0.23,1,264440,264010,430
58315841,7.82981,8.22578,431,116800,0.322566,0.2,1,264447,264016,431
58318761,6.36596,3.24516,435,116800,0.304513,0.17,1,264453,264018,435
58321681,8.47319,7.04903,436,116800,0.260903,0.19,1,264462,264026,436
58324601,24.0946,27.0098,432,116800,0.292181,0.18,1,264490,264058,432
58327521,19.2189,15.802,437,116800,0.242436,0.23,1,264508,264071,437
58330441,5.44379,6.36039,435,116800,0.312487,0.28,1,264510,264075,435
58333361,8.28876,6.07208,438,116800,0.270497,0.33,1,264519,264081,438
58336281,6.45775,10.0144,433,116800,0.3261,0.23,1,264525,264092,433
58339201,8.49155,14.8029,426,116800,0.36922,0.23,1,264534,264108,426
58342121,23.2983,17.3606,435,116800,0.289844,0.19,1,264561,264126,435
58345041,7.85966,7.47212,434,116800,0.329969,0.17,1,264565,264131,434
58347961,20.7719,22.2944,432,116800,0.337994,0.24,1,264589,264157,432
58350881,5.75439,6.05888,432,116800,0.307599,0.23,1,264591,264159,432
58353801,2.75088,2.81178,432,116800,0.26952,0.27,1,264593,264161,432
58356721,30.9502,34.9624,427,116800,0.421904,0.31,1,264631,264204,427
58359641,22.99,17.3925,435,116800,0.316381,0.14,1,264652,264217,435
58362561,15.798,19.4785,429,116800,0.439276,0.21,1,264666,264237,429
58365481,11.9596,8.6957,434,116800,0.343855,0.28,1,264677,264243,434
58368401,7.19192,8.13914,432,116800,0.228771,0.24,1,264683,264251,432
58371321,4.63838,3.22783,434,116800,0.253754,0.21,1,264687,264253,434
58374241,6.52768,7.84557,432,116800,0.370751,0.33,1,264694,264262,432
58377161,2.90554,3.16911,432,116800,0.36215,0.31,1,264696,264264,432
58380081,17.3811,11.8338,439,116800,0.28043,0.14,1,264717,264278,439
58383001,6.67622,9.56676,434,116800,0.376086,0.33,1,264721,264287,434
58385921,7.73524,5.11335,438,116800,0.435217,0.33,1,264729,264291,438
58388841,3.14705,2.62267,438,116800,0.447043,0.31,1,264731,264293,438
58391761,3.82941,5.32453,436,116800,0.425409,0.21,1,264735,264299,436
58394681,20.7659,19.4649,438,116800,0.333082,0.31,1,264760,264322,438
58397601,8.95318,8.69298,438,116800,0.274616,0.34,1,264766,264328,438
58400521,4.99064,10.5386,431,116800,0.270923,0.25,1,264770,264339,431
58403441,20.1981,17.3077,436,116800,0.206185,0.31,1,264794,264358,436
58406361,5.63963,5.06154,436,116800,0.329237,0.31,1,264796,264360,436
58409281,5.92793,2.61231,440,116800,0.289847,0.27,1,264802,264362,440
58412201,13.9856,15.7225,437,116800,0.385969,0.29,1,264818,264381,437
58415121,12.3971,12.7445,437,116800,0.437194,0.35,1,264830,264393,437
58418041,20.0794,20.1489,437,116800,0.407439,0.32,1,264852,264415,437
58420961,5.61588,5.62978,437,116800,0.409488,0.32,1,264854,264417,437
58423881,5.92318,2.72596,441,116800,0.353898,0.3,1,264860,264419,441
58426801,4.38464,7.74519,436,116800,0.42278,0.29,1,264864,264428,436
58429721,12.0769,11.149,438,116800,0.380556,0.33,1,264878,264440,438
58432641,8.01539,7.82981,438,116800,0.372111,0.3,1,264885,264447,438
58435561,3.20308,6.36596,434,116800,0.378422,0.25,1,264887,264453,434
58438481,10.2406,8.47319,437,116800,0.371684,0.3,1,264899,264462,437
58441401,26.0481,24.0946,439,116800,0.394337,0.23,1,264929,264490,439
58444321,16.4096,19.2189,435,116800,0.446867,0.33,1,264943,264508,435
58447241,4.88192,5.44379,435,116800,0.425373,0.26,1,264945,264510,435
58450161,10.5764,8.28876,438,116800,0.429075,0.34,1,264957,264519,438
58453081,8.51528,6.45775,440,116800,0.365815,0.38,1,264965,264525,440
58456001,9.70306,8.49155,441,116800,0.345163,0.27,1,264975,264534,441
58458921,21.1406,23.2983,438,116800,0.365033,0.34,1,264999,264561,438
58461841,5.82812,7.85966,436,116800,0.369007,0.34,1,265001,264565,436
58464761,26.7656,20.7719,444,116800,0.321801,0.3,1,265033,264589,444
58467681,6.95312,5.75439,444,116800,0.28036,0.26,1,265035,264591,444
58470601,2.99062,2.75088,444,116800,0.248072,0.46,1,265037,264593,444
58473521,31.7981,30.9502,445,116800,0.265614,0.29,1,265076,264631,445
58476441,19.9596,22.99,441,116800,0.309123,0.47,1,265093,264652,441
58479361,11.9919,15.798,437,116800,0.293825,0.32,1,265103,264666,437
58482281,10.3984,11.9596,436,116800,0.362765,0.2,1,265113,264677,436
58485201,10.8797,7.19192,441,116800,0.416553,0.26,1,265124,264683,441
58488121,3.77594,4.63838,439,116800,0.403311,0.4,1,265126,264687,439
58491041,6.35519,6.52768,439,116800,0.352662,0.36,1,265133,264694,439
58493961,2.87104,2.90554,439,116800,0.342532,0.26,1,265135,264696,439
58496881,22.1742,17.3811,445,116800,0.300507,0.4,1,265162,264717,445
58499801,7.63484,6.67622,445,116800,0.364101,0.45,1,265166,264721,445
58502721,3.12697,7.73524,439,116800,0.34482,0.45,1,265168,264729,439
58505641,3.82539,3.14705,441,116800,0.292964,0.42,1,265172,264731,441
58508561,5.56508,3.82941,443,116800,0.426593,0.31,1,265178,264735,443
58511481,17.113,20.7659,438,116800,0.421319,0.26,1,265198,264760,438
58514401,11.4226,8.95318,442,116800,0.412264,0.27,1,265208,264766,442
58517321,3.88452,4.99064,440,116800,0.418453,0.19,1,265210,264770,440
58520241,21.5769,20.1981,442,116800,0.299691,0.36,1,265236,264794,442
58523161,5.91538,5.63963,442,116800,0.411938,0.28,1,265238,264796,442
58526081,7.58308,5.92793,444,116800,0.322388,0.41,1,265246,264802,444
58529001,15.9166,13.9856,446,116800,0.384477,0.45,1,265264,264818,446
58531921,11.1833,12.3971,444,116800,0.340896,0.4,1,265274,264830,444
58534841,20.6367,20.0794,445,116800,0.316179,0.41,1,265297,264852,445
58537761,5.72733,5.61588,445,116800,0.407236,0.34,1,265299,264854,445
58540681,2.74547,5.92318,441,116800,0.425447,0.44,1,265301,264860,441
58543601,5.34909,4.38464,443,116800,0.349089,0.37,1,265307,264864,443
58546521,10.6698,12.0769,441,116800,0.421818,0.37,1,265319,264878,441
58549441,6.93396,8.01539,440,116800,0.380364,0.38,1,265325,264885,440
58552361,2.98679,3.20308,440,116800,0.396073,0.37,1,265327,264887,440
58555281,9.39736,10.2406,439,116800,0.383215,0.4,1,265338,264899,439
58558201,24.2795,26.0481,437,116800,0.332643,0.46,1,265366,264929,437
58561121,19.2559,16.4096,441,116800,0.410529,0.42,1,265384,264943,441
58564041,7.05118,4.88192,443,116800,0.370106,0.43,1,265388,264945,443
58566961,10.2102,10.5764,442,116800,0.450021,0.35,1,265399,264957,442
58569881,6.84205,8.51528,440,116800,0.394004,0.34,1,265405,264965,440
58572801,7.76841,9.70306,438,116800,0.374801,0.37,1,265413,264975,438
58575721,22.3537,21.1406,440,116800,0.40296,0.37,1,265439,264999,440
58578641,6.07074,5.82812,440,116800,0.384592,0.31,1,265441,265001,440
58581561,27.6141,26.7656,441,116800,0.460918,0.27,1,265474,265033,441
58584481,7.12283,6.95312,441,116800,0.500184,0.24,1,265476,265035,441
58587401,3.02457,2.99062,441,116800,0.476037,0.27,1,265478,265037,441
58590321,31.0049,31.7981,440,116800,0.431207,0.32,1,265516,265076,440
58593241,17.401,19.9596,437,116800,0.486241,0.29,1,265530,265093,437
58596161,15.4802,11.9919,442,116800,0.457248,0.38,1,265545,265103,442
58599081,7.89604,10.3984,438,116800,0.35545,0.43,1,265551,265113,438
58602001,11.1792,10.8797,439,116800,0.41509,0.4,1,265563,265124,439
58604921,7.03584,3.77594,443,116800,0.427018,0.34,1,265569,265126,443
58607841,4.60717,6.35519,440,116800,0.405404,0.34,1,265573,265133,440
58610761,2.52143,2.87104,440,116800,0.409081,0.29,1,265575,265135,440
58613681,19.7043,22.1742,437,116800,0.305816,0.38,1,265599,265162,437
58616601,7.14086,7.63484,437,116800,0.381163,0.34,1,265603,265166,437
58619521,10.2282,3.12697,446,116800,0.428233,0.28,1,265614,265168,446
58622441,3.64563,3.82539,444,116800,0.405647,0.46,1,265616,265172,444
58625361,3.92913,5.56508,442,116800,0.393129,0.42,1,265620,265178,442
58628281,18.3858,17.113,444,116800,0.366626,0.41,1,265642,265198,444
58631201,6.87716,11.4226,438,116800,0.305325,0.42,1,265646,265208,438
58634121,9.37543,3.88452,446,116800,0.341065,0.27,1,265656,265210,446
58637041,17.8751,21.5769,440,116800,0.364213,0.44,1,265676,265236,440
58639961,8.37502,5.91538,444,116800,0.272843,0.3,1,265682,265238,444
58642881,8.875,7.58308,445,116800,0.286569,0.4,1,265691,265246,445
58645801,10.575,15.9166,438,116800,0.329314,0.33,1,265702,265264,438
58648721,14.915,11.1833,444,116800,0.305863,0.31,1,265718,265274,444
58651641,17.383,20.6367,439,116800,0.373173,0.43,1,265736,265297,439
58654561,6.6766,5.72733,441,116800,0.370634,0.43,1,265740,265299,441
58657481,6.13532,2.74547,445,116800,0.354127,0.33,1,265746,265301,445
58660401,6.02706,5.34909,445,116800,0.342825,0.44,1,265752,265307,445
58663321,10.8054,10.6698,445,116800,0.348565,0.37,1,265764,265319,445
58666241,3.76108,6.93396,441,116800,0.349713,0.4,1,265766,265325,441
58669161,2.35222,2.98679,441,116800,0.365943,0.38,1,265768,265327,441
58672081,6.87044,9.39736,438,116800,0.329189,0.32,1,265776,265338,438
58675001,24.5741,24.2795,439,116800,0.273838,0.43,1,265805,265366,439
58677921,24.9148,19.2559,446,116800,0.198768,0.36,1,265830,265384,446
58680841,6.58296,7.05118,444,116800,0.247754,0.47,1,265832,265388,444
58683761,9.31659,10.2102,443,116800,0.321551,0.38,1,265842,265399,443
58686681,9.86332,6.84205,447,116800,0.30431,0.37,1,265852,265405,447
58689601,6.77266,7.76841,445,116800,0.308862,0.41,1,265858,265413,445
58692521,19.7545,22.3537,442,116800,0.269772,0.38,1,265881,265439,442
58695441,5.55091,6.07074,442,116800,0.261954,0.48,1,265883,265441,442
58698361,25.1102,27.6141,439,116800,0.396391,0.51,1,265913,265474,439
58701281,6.62204,7.12283,439,116800,0.399278,0.47,1,265915,265476,439
58704201,2.92441,3.02457,439,116800,0.399856,0.42,1,265917,265478,439
58707121,31.7849,31.0049,440,116800,0.311971,0.5,1,265956,265516,440
58710041,16.757,17.401,439,116800,0.302394,0.45,1,265969,265530,439
58712961,20.9514,15.4802,446,116800,0.332479,0.33,1,265991,265545,446
58715881,8.19028,7.89604,445,116800,0.362496,0.43,1,265996,265551,445
58718801,9.63806,11.1792,443,116800,0.360499,0.43,1,266006,265563,443
58721721,3.52761,7.03584,439,116800,0.3521,0.4,1,266008,265569,439
58724641,7.90552,4.60717,444,116800,0.24642,0.41,1,266017,265573,444
58727561,3.1811,2.52143,444,116800,0.417284,0.28,1,266019,265575,444
58730481,13.4362,19.7043,436,116800,0.395457,0.4,1,266035,265599,436
58733401,7.48724,7.14086,438,116800,0.343091,0.44,1,266041,265603,438
58736321,10.2974,10.2282,438,116800,0.380618,0.4,1,266052,265614,438
58739241,3.65949,3.64563,438,116800,0.348124,0.39,1,266054,265616,438
58742161,3.9319,3.92913,438,116800,0.285625,0.36,1,266058,265620,438
58745081,19.9864,18.3858,440,116800,0.377125,0.29,1,266082,265642,440
58748001,7.19728,6.87716,440,116800,0.387425,0.35,1,266086,265646,440
58750921,9.43946,9.37543,440,116800,0.341485,0.37,1,266096,265656,440
58753841,17.8879,17.8751,440,116800,0.300297,0.25,1,266116,265676,440
58756761,9.97758,8.37502,442,116800,0.212059,0.29,1,266124,265682,442
58759681,6.79552,8.875,439,116800,0.322412,0.34,1,266130,265691,439
58762601,9.3591,10.575,438,116800,0.328482,0.3,1,266140,265702,438
58765521,13.8718,14.915,437,116800,0.345696,0.39,1,266155,265718,437
58768441,20.3744,17.383,441,116800,0.333139,0.37,1,266177,265736,441
58771361,5.67487,6.6766,439,116800,0.298628,0.35,1,266179,265740,439
58774281,2.73497,6.13532,435,116800,0.323726,0.34,1,266181,265746,435
58777201,8.54699,6.02706,439,116800,0.376745,0.35,1,266191,265752,439
58780121,9.7094,10.8054,437,116800,0.371349,0.35,1,266201,265764,437
58783041,5.14188,3.76108,439,116800,0.41027,0.37,1,266205,265766,439
58785961,2.62838,2.35222,439,116800,0.394054,0.32,1,266207,265768,439
58788881,2.12568,6.87044,433,116800,0.390811,0.26,1,266209,265776,433
58791801,26.8251,24.5741,437,116800,0.318162,0.18,1,266242,265805,437
58794721,27.765,24.9148,440,116800,0.343632,0.26,1,266270,265830,440
58797641,7.153,6.58296,440,116800,0.356726,0.34,1,266272,265832,440
58800561,7.8306,9.31659,438,116800,0.399345,0.3,1,266280,265842,438
58803481,11.1661,9.86332,440,116800,0.359869,0.31,1,266292,265852,440
58806401,7.03322,6.77266,440,116800,0.295974,0.26,1,266298,265858,440
58809321,19.8066,19.7545,440,116800,0.323195,0.26,1,266321,265881,440
58812241,7.16133,5.55091,442,116800,0.384639,0.43,1,266325,265883,442
58815161,26.2323,25.1102,443,116800,0.252928,0.4,1,266356,265913,443
58818081,6.84645,6.62204,443,116800,0.226586,0.4,1,266358,265915,443
58821001,2.96929,2.92441,443,116800,0.373317,0.29,1,266360,265917,443
58823921,27.7939,31.7849,438,116800,0.274663,0.3,1,266394,265956,438
58826841,19.1588,16.757,442,116800,0.310933,0.34,1,266411,265969,442
58829761,22.2318,20.9514,443,116800,0.390187,0.37,1,266434,265991,443
58832681,6.04635,8.19028,440,116800,0.374037,0.36,1,266436,265996,440
58835601,2.80927,9.63806,432,116800,0.370807,0.35,1,266438,266006,432
58838521,6.96185,3.52761,438,116800,0.402161,0.22,1,266446,266008,438
58841441,10.1924,7.90552,440,116800,0.344432,0.46,1,266457,266017,440
58844361,7.63847,3.1811,445,116800,0.380886,0.39,1,266464,266019,445
58847281,11.9277,13.4362,442,116800,0.284177,0.33,1,266477,266035,442
58850201,5.58554,7.48724,440,116800,0.352835,0.39,1,266481,266041,440
58853121,9.91711,10.2974,440,116800,0.406567,0.34,1,266492,266052,440
58856041,3.58342,3.65949,440,116800,0.409313,0.27,1,266494,266054,440
58858961,2.31668,3.9319,438,116800,0.377863,0.4,1,266496,266058,438
58861881,20.4633,19.9864,439,116800,0.403573,0.39,1,266521,266082,439
58864801,7.29267,7.19728,439,116800,0.400714,0.33,1,266525,266086,439
58867721,6.25853,9.43946,435,116800,0.344143,0.29,1,266531,266096,435
58870641,22.8517,17.8879,442,116800,0.356829,0.19,1,266558,266116,442
58873561,6.17034,9.97758,436,116800,0.327366,0.35,1,266560,266124,436
58876481,8.43407,6.79552,439,116800,0.329473,0.33,1,266569,266130,439
58879401,6.48681,9.3591,435,116800,0.273895,0.35,1,266575,266140,435
58882321,15.6974,13.8718,438,116800,0.302779,0.33,1,266593,266155,438
58885241,22.3395,20.3744,440,116800,0.396556,0.29,1,266617,266177,440
58888161,7.66789,5.67487,442,116800,0.383311,0.33,1,266621,266179,442
58891081,4.73358,2.73497,444,116800,0.348662,0.39,1,266625,266181,444
58894001,7.34672,8.54699,442,116800,0.373732,0.37,1,266633,266191,442
58896921,9.46934,9.7094,442,116800,0.394746,0.42,1,266643,266201,442
58899841,5.09387,5.14188,442,116800,0.366949,0.39,1,266647,266205,442
58902761,2.61877,2.62838,442,116800,0.36139,0.39,1,266649,266207,442
58905681,2.12375,2.12568,442,116800,0.400278,0.3,1,266651,266209,442
58908601,25.2248,26.8251,440,116800,0.296056,0.35,1,266682,266242,440
58911521,29.045,27.765,442,116800,0.259211,0.36,1,266712,266270,442
58914441,7.40899,7.153,442,116800,0.291842,0.41,1,266714,266272,442
58917361,6.2818,7.8306,440,116800,0.250368,0.35,1,266720,266280,440
58920281,7.65636,11.1661,436,116800,0.418074,0.28,1,266728,266292,436
58923201,10.3313,7.03322,441,116800,0.411615,0.33,1,266739,266298,441
58926121,18.8663,19.8066,439,116800,0.386323,0.4,1,266760,266321,439
58929041,8.57325,7.16133,441,116800,0.333265,0.22,1,266766,266325,441
58931961,22.5147,26.2323,436,116800,0.378653,0.22,1,266792,266356,436
58934881,9.30293,6.84645,440,116800,0.331731,0.41,1,266798,266358,440
58937801,3.46059,2.96929,440,116800,0.290346,0.25,1,266800,266360,440
58940721,29.4921,27.7939,442,116800,0.330069,0.32,1,266836,266394,442
58943641,17.0984,19.1588,439,116800,0.354014,0.41,1,266850,266411,439
58946561,22.6197,22.2318,440,116800,0.342803,0.37,1,266874,266434,440
58949481,9.32394,6.04635,444,116800,0.372561,0.37,1,266880,266436,444
58952401,3.46479,2.80927,444,116800,0.418512,0.41,1,266882,266438,444
58955321,2.29296,6.96185,438,116800,0.395702,0.33,1,266884,266446,438
58958241,11.6586,10.1924,441,116800,0.39914,0.39,1,266898,266457,441
58961161,3.93172,7.63847,436,116800,0.367828,0.26,1,266900,266464,436
58964081,11.1863,11.9277,436,116800,0.329566,0.37,1,266913,266477,436
58967001,9.43727,5.58554,441,116800,0.329913,0.42,1,266922,266481,441
58969921,9.88745,9.91711,440,116800,0.401983,0.41,1,266932,266492,440
58972841,5.17749,3.58342,442,116800,0.392397,0.37,1,266936,266494,442
58975761,4.2355,2.31668,444,116800,0.382479,0.41,1,266940,266496,444
58978681,16.8471,20.4633,439,116800,0.388496,0.4,1,266960,266521,439
58981601,8.16942,7.29267,441,116800,0.405699,0.33,1,266966,266525,441
58984521,6.43388,6.25853,441,116800,0.43314,0.36,1,266972,266531,441
58987441,21.2868,22.8517,439,116800,0.382628,0.32,1,266997,266558,439
58990361,5.85736,6.17034,439,116800,0.396526,0.33,1,266999,266560,439
58993281,7.57147,8.43407,438,116800,0.375305,0.26,1,267007,266569,438
58996201,11.1143,6.48681,444,116800,0.347061,0.31,1,267019,266575,444
58999121,9.42286,15.6974,435,116800,0.413412,0.42,1,267028,266593,435
59002041,23.4846,22.3395,438,116800,0.394682,0.38,1,267055,266617,438
59004961,11.0969,7.66789,442,116800,0.478936,0.34,1,267063,266621,442
59007881,3.81938,4.73358,440,116800,0.463787,0.38,1,267065,266625,440
59010801,10.3639,7.34672,444,116800,0.388757,0.4,1,267077,266633,444
59013721,10.0728,9.46934,444,116800,0.341751,0.36,1,267087,266643,444
59016641,3.61455,5.09387,442,116800,0.33235,0.36,1,267089,266647,442
59019561,2.32291,2.61877,442,116800,0.33047,0.41,1,267091,266649,442
59022481,3.66458,2.12375,444,116800,0.386094,0.27,1,267095,266651,444
59025401,22.3329,25.2248,440,116800,0.341219,0.25,1,267122,266682,440
59028321,24.4666,29.045,435,116800,0.364244,0.3,1,267147,266712,435
59031241,14.4933,7.40899,445,116800,0.344849,0.24,1,267159,266714,445
59034161,7.69866,6.2818,445,116800,0.30097,0.46,1,267165,266720,445
59037081,4.73973,7.65636,441,116800,0.420194,0.41,1,267169,266728,441
59040001,6.54795,10.3313,437,116800,0.476039,0.38,1,267176,266739,437
59042921,22.1096,18.8663,442,116800,0.439208,0.32,1,267202,266760,442
59045841,7.62192,8.57325,440,116800,0.367842,0.39,1,267206,266766,440
59048761,18.3244,22.5147,435,116800,0.409568,0.32,1,267227,266792,435
59051681,12.4649,9.30293,440,116800,0.465914,0.28,1,267238,266798,440
59054601,4.09298,3.46059,440,116800,0.453183,0.34,1,267240,266800,440
59057521,27.2186,29.4921,437,116800,0.442637,0.36,1,267273,266836,437
59060441,19.8437,17.0984,441,116800,0.440527,0.34,1,267291,266850,441
59063361,22.3687,22.6197,440,116800,0.328105,0.38,1,267314,266874,440
59066281,7.67375,9.32394,438,116800,0.385621,0.43,1,267318,266880,438
59069201,7.93475,3.46479,444,116800,0.485124,0.39,1,267326,266882,444
59072121,3.18695,2.29296,444,116800,0.473025,0.4,1,267328,266884,444
59075041,7.03739,11.6586,438,116800,0.406605,0.36,1,267336,266898,438
59077961,3.00748,3.93172,438,116800,0.393321,0.32,1,267338,266900,438
59080881,13.4015,11.1863,441,116800,0.430664,0.33,1,267354,266913,441
59083801,13.0803,9.43727,445,116800,0.470133,0.42,1,267367,266922,445
59086721,9.01606,9.88745,443,116800,0.414027,0.39,1,267375,266932,443
59089641,3.40321,5.17749,441,116800,0.498805,0.38,1,267377,266936,441
59092561,7.08064,4.2355,445,116800,0.435761,0.39,1,267385,266940,445
59095481,14.2161,16.8471,441,116800,0.463152,0.41,1,267401,266960,441
59098401,7.64323,8.16942,441,116800,0.47663,0.44,1,267407,266966,441
59101321,6.32865,6.43388,441,116800,0.519326,0.37,1,267413,266972,441
59104241,22.0657,21.2868,442,116800,0.383865,0.4,1,267439,266997,442
59107161,6.01315,5.85736,442,116800,0.356773,0.37,1,267441,266999,442
59110081,6.00263,7.57147,440,116800,0.367355,0.34,1,267447,267007,440
59113001,14.0005,11.1143,444,116800,0.353471,0.43,1,267463,267019,444
59115921,6.00011,9.42286,439,116800,0.422694,0.39,1,267467,267028,439
59118841,26.8,23.4846,444,116800,0.412539,0.5,1,267499,267055,444
59121761,8.56,11.0969,440,116800,0.354508,0.46,1,267503,267063,440
59124681,3.312,3.81938,440,116800,0.318902,0.37,1,267505,267065,440
59127601,10.2624,10.3639,440,116800,0.42378,0.33,1,267517,267077,440
59130521,13.2525,10.0728,444,116800,0.412756,0.33,1,267531,267087,444
59133441,4.2505,3.61455,444,116800,0.402551,0.33,1,267533,267089,444
59136361,2.4501,2.32291,444,116800,0.41651,0.4,1,267535,267091,444
59139281,3.69002,3.66458,444,116800,0.379302,0.33,1,267539,267095,444
59142201,19.138,22.3329,440,116800,0.40386,0.37,1,267562,267122,440
59145121,23.0276,24.4666,439,116800,0.392772,0.34,1,267586,267147,439
59148041,19.8055,14.4933,446,116800,0.334554,0.29,1,267605,267159,446
59150961,8.7611,7.69866,446,116800,0.362911,0.45,1,267611,267165,446
59153881,4.95222,4.73973,446,116800,0.352582,0.49,1,267615,267169,446
59156801,4.19044,6.54795,443,116800,0.358516,0.43,1,267619,267176,443
59159721,19.2381,22.1096,440,116800,0.391703,0.35,1,267642,267202,440
59162641,10.2476,7.62192,444,116800,0.342341,0.42,1,267650,267206,444
59165561,21.2495,18.3244,447,116800,0.396468,0.48,1,267674,267227,447
59168481,5.8499,12.4649,438,116800,0.375294,0.45,1,267676,267238,438
59171401,9.96998,4.09298,447,116800,0.307059,0.44,1,267687,267240,447
59174321,24.394,27.2186,442,116800,0.365412,0.44,1,267715,267273,442
59177241,20.8788,19.8437,444,116800,0.377082,0.3,1,267735,267291,444
59180161,26.5758,22.3687,449,116800,0.371416,0.4,1,267763,267314,449
59183081,6.91515,7.67375,447,116800,0.346283,0.51,1,267765,267318,447
59186001,4.58303,7.93475,443,116800,0.317257,0.47,1,267769,267326,443
59188921,2.51661,3.18695,443,116800,0.287451,0.39,1,267771,267328,443
59191841,6.90332,7.03739,443,116800,0.31349,0.39,1,267779,267336,443
59194761,7.78066,3.00748,449,116800,0.334698,0.44,1,267787,267338,449
59197681,7.95613,13.4015,441,116800,0.33894,0.48,1,267795,267354,441
59200601,18.3912,13.0803,449,116800,0.283788,0.4,1,267816,267367,449
59203521,5.27825,9.01606,443,116800,0.392758,0.52,1,267818,267375,443
59206441,2.65565,3.40321,443,116800,0.406552,0.42,1,267820,267377,443
59209361,9.33113,7.08064,446,116800,0.44131,0.47,1,267831,267385,446
59212281,16.2662,14.2161,448,116800,0.376262,0.48,1,267849,267401,448
59215201,6.45325,7.64323,446,116800,0.395252,0.53,1,267853,267407,446
59218121,4.49065,6.32865,444,116800,0.42305,0.35,1,267857,267413,444
59221041,17.6981,22.0657,439,116800,0.31661,0.35,1,267878,267439,439
59223961,5.13963,6.01315,439,116800,0.271322,0.37,1,267880,267441,439
59226881,8.22793,6.00263,442,116800,0.286264,0.35,1,267889,267447,442
59229801,13.6456,14.0005,441,116800,0.369253,0.44,1,267904,267463,441
59232721,4.32912,6.00011,439,116800,0.353851,0.41,1,267906,267467,439
59235641,25.6658,26.8,438,116800,0.35877,0.34,1,267937,267499,438
59238561,12.3332,8.56,443,116800,0.399754,0.31,1,267946,267503,443
59241481,4.06663,3.312,443,116800,0.407951,0.45,1,267948,267505,443
59244401,7.21333,10.2624,439,116800,0.41759,0.41,1,267956,267517,439
59247321,15.8427,13.2525,443,116800,0.339518,0.4,1,267974,267531,443
59250241,4.76853,4.2505,443,116800,0.315904,0.42,1,267976,267533,443
59253161,2.55371,2.4501,443,116800,0.359181,0.37,1,267978,267535,443
59256081,3.71074,3.69002,443,116800,0.383836,0.41,1,267982,267539,443
59259001,19.9421,19.138,444,116800,0.412767,0.39,1,268006,267562,444
59261921,22.3884,23.0276,443,116800,0.434553,0.32,1,268029,267586,443
59264841,17.2777,19.8055,440,116800,0.390911,0.37,1,268045,267605,440
59267761,8.25554,8.7611,440,116800,0.286182,0.35,1,268051,267611,440
59270681,6.45111,4.95222,442,116800,0.417236,0.36,1,268057,267615,442
59273601,6.09022,4.19044,444,116800,0.451447,0.4,1,268063,267619,444
59276521,18.018,19.2381,442,116800,0.346289,0.33,1,268084,267642,442
59279441,8.40361,10.2476,440,116800,0.437258,0.41,1,268090,267650,440
59282361,16.8807,21.2495,435,116800,0.335452,0.37,1,268109,267674,435
59285281,4.97614,5.8499,435,116800,0.28309,0.29,1,268111,267676,435
59288201,13.7952,9.96998,440,116800,0.328618,0.38,1,268127,267687,440
59291121,28.359,24.394,444,116800,0.281724,0.38,1,268159,267715,444
59294041,18.4718,20.8788,440,116800,0.368345,0.37,1,268175,267735,440
59296961,26.0944,26.5758,440,116800,0.257669,0.34,1,268203,267763,440
59299881,6.81887,6.91515,440,116800,0.355534,0.31,1,268205,267765,440
59302801,2.96377,4.58303,438,116800,0.343107,0.28,1,268207,267769,438
59305721,2.19275,2.51661,438,116800,0.316621,0.32,1,268209,267771,438
59308641,6.83855,6.90332,438,116800,0.343324,0.34,1,268217,267779,438
59311561,7.76771,7.78066,438,116800,0.324665,0.34,1,268225,267787,438
59314481,7.95354,7.95613,438,116800,0.288933,0.27,1,268233,267795,438
59317401,18.3907,18.3912,438,116800,0.361787,0.42,1,268254,267816,438
59320321,6.87814,5.27825,440,116800,0.352357,0.41,1,268258,267818,440
59323241,6.17563,2.65565,444,116800,0.374471,0.45,1,268264,267820,444
59326161,4.43513,9.33113,437,116800,0.338894,0.36,1,268268,267831,437
59329081,20.887,16.2662,444,116800,0.267779,0.4,1,268293,267849,444
59332001,5.7774,6.45325,442,116800,0.325556,0.43,1,268295,267853,442
59334921,2.75548,4.49065,440,116800,0.337111,0.29,1,268297,267857,440
59337841,14.1511,17.6981,436,116800,0.323422,0.26,1,268314,267878,436
59340761,4.43022,5.13963,436,116800,0.296684,0.29,1,268316,267880,436
59343681,10.486,8.22793,439,116800,0.371337,0.39,1,268328,267889,439
59346601,13.2972,13.6456,438,116800,0.282267,0.35,1,268342,267904,438
59349521,9.85944,4.32912,445,116800,0.248453,0.36,1,268351,267906,445
59352441,24.3719,25.6658,442,116800,0.337691,0.41,1,268379,267937,442
59355361,12.8744,12.3332,443,116800,0.323538,0.41,1,268389,267946,443
59358281,5.77488,4.06663,445,116800,0.280708,0.42,1,268393,267948,445
59361201,5.95498,7.21333,443,116800,0.360142,0.32,1,268399,267956,443
59364121,16.391,15.8427,444,116800,0.272028,0.31,1,268418,267974,444
59367041,4.8782,4.76853,444,116800,0.238406,0.37,1,268420,267976,444
59369961,2.57564,2.55371,444,116800,0.287681,0.39,1,268422,267978,444
59372881,3.71513,3.71074,444,116800,0.265536,0.42,1,268426,267982,444
59375801,19.943,19.9421,444,116800,0.301107,0.44,1,268450,268006,444
59378721,19.9886,22.3884,441,116800,0.284221,0.38,1,268470,268029,441
59381641,11.1977,17.2777,434,116800,0.304844,0.26,1,268479,268045,434
59384561,15.8395,8.25554,445,116800,0.236969,0.45,1,268496,268051,445
59387481,6.36791,6.45111,443,116800,0.343394,0.46,1,268500,268057,443
59390401,4.47358,6.09022,441,116800,0.380679,0.32,1,268504,268063,441
59393321,17.6947,18.018,441,116800,0.332136,0.46,1,268525,268084,441
59396241,8.33894,8.40361,441,116800,0.362427,0.31,1,268531,268090,441
59399161,16.8678,16.8807,441,116800,0.336485,0.27,1,268550,268109,441
59402081,4.97356,4.97614,441,116800,0.307297,0.34,1,268552,268111,441
59405001,16.1947,13.7952,444,116800,0.309459,0.27,1,268571,268127,444
59407921,26.4389,28.359,441,116800,0.325892,0.39,1,268600,268159,441
59410841,15.6878,18.4718,438,116800,0.353178,0.23,1,268613,268175,438
59413761,22.3376,26.0944,434,116800,0.294636,0.38,1,268637,268203,434
59416681,6.06751,6.81887,434,116800,0.282927,0.34,1,268639,268205,434
59419601,9.2135,2.96377,442,116800,0.368585,0.31,1,268649,268207,442
59422521,4.2427,2.19275,443,116800,0.369717,0.35,1,268652,268209,443
59425441,2.44854,6.83855,437,116800,0.345943,0.32,1,268654,268217,437
59428361,11.6897,7.76771,443,116800,0.317189,0.28,1,268668,268225,443
59431281,3.93794,7.95354,437,116800,0.367438,0.38,1,268670,268233,437
59434201,19.9876,18.3907,440,116800,0.257488,0.35,1,268694,268254,440
59437121,5.59752,6.87814,438,116800,0.275497,0.38,1,268696,268258,438
59440041,6.7195,6.17563,439,116800,0.311099,0.33,1,268703,268264,439
59442961,2.9439,4.43513,437,116800,0.44622,0.25,1,268705,268268,437
59445881,23.7888,20.887,441,116800,0.377244,0.34,1,268734,268293,441
59448801,6.35776,5.7774,441,116800,0.363449,0.34,1,268736,268295,441
59451721,2.87155,2.75548,441,116800,0.32869,0.32,1,268738,268297,441
59454641,10.9743,14.1511,437,116800,0.425738,0.29,1,268751,268314,437
59457561,5.39486,4.43022,439,116800,0.421148,0.39,1,268755,268316,439
59460481,7.47897,10.486,435,116800,0.32423,0.26,1,268763,268328,435
59463401,13.4958,13.2972,436,116800,0.312846,0.24,1,268778,268342,436
59466321,9.09916,9.85944,435,116800,0.358569,0.36,1,268786,268351,435
59469241,26.6198,24.3719,438,116800,0.391714,0.32,1,268817,268379,438
59472161,15.724,12.8744,441,116800,0.446343,0.27,1,268830,268389,441
59475081,4.74479,5.77488,439,116800,0.425269,0.38,1,268832,268393,439
59478001,5.74896,5.95498,439,116800,0.317054,0.25,1,268838,268399,439
59480921,13.9498,16.391,436,116800,0.367411,0.23,1,268854,268418,436
59483841,4.38996,4.8782,436,116800,0.377482,0.3,1,268856,268420,436
59486761,5.67799,2.57564,440,116800,0.323496,0.26,1,268862,268422,440
59489681,4.3356,3.71513,440,116800,0.400699,0.31,1,268866,268426,440
59492601,11.2671,19.943,429,116800,0.42414,0.28,1,268879,268450,429
59495521,25.4534,19.9886,438,116800,0.356828,0.31,1,268908,268470,438
59498441,8.29068,11.1977,433,116800,0.279366,0.22,1,268912,268479,433
59501361,23.2581,15.8395,443,116800,0.239873,0.37,1,268939,268496,443
59504281,7.85163,6.36791,443,116800,0.199975,0.39,1,268943,268500,443
59507201,4.77033,4.47358,443,116800,0.295995,0.32,1,268947,268504,443
59510121,12.9541,17.6947,437,116800,0.403199,0.37,1,268962,268525,437
59513041,5.79081,8.33894,435,116800,0.40064,0.33,1,268966,268531,435
59515961,20.3582,16.8678,440,116800,0.392128,0.3,1,268990,268550,440
59518881,5.67163,4.97356,440,116800,0.358426,0.31,1,268992,268552,440
59521801,14.7343,16.1947,438,116800,0.319685,0.33,1,269009,268571,438
59524721,27.7469,26.4389,440,116800,0.359937,0.36,1,269040,268600,440
59527641,15.1494,15.6878,439,116800,0.383987,0.28,1,269052,268613,439
59530561,23.8299,22.3376,441,116800,0.292797,0.28,1,269078,268637,441
59533481,6.36597,6.06751,441,116800,0.298559,0.39,1,269080,268639,441
59536401,4.47319,9.2135,435,116800,0.331712,0.37,1,269084,268649,435
59539321,7.29464,4.2427,440,116800,0.410342,0.34,1,269092,268652,440
59542241,3.05893,2.44854,440,116800,0.394068,0.31,1,269094,268654,440
59545161,13.4118,11.6897,442,116800,0.318814,0.38,1,269110,268668,442
59548081,4.28236,3.93794,442,116800,0.271763,0.23,1,269112,268670,442
59551001,17.6565,19.9876,439,116800,0.326353,0.28,1,269133,268694,439
59553921,9.13129,5.59752,444,116800,0.257271,0.32,1,269140,268696,444
59556841,5.02626,6.7195,441,116800,0.331454,0.48,1,269144,268703,441
59559761,2.60525,2.9439,441,116800,0.306291,0.36,1,269146,268705,441
59562681,23.7211,23.7888,441,116800,0.301258,0.36,1,269175,268734,441
59565601,6.34421,6.35776,441,116800,0.268252,0.32,1,269177,268736,441
59568521,4.46884,2.87155,443,116800,0.30165,0.45,1,269181,268738,443
59571441,6.49377,10.9743,437,116800,0.35633,0.42,1,269188,268751,437
59574361,9.29875,5.39486,443,116800,0.303266,0.3,1,269198,268755,443
59577281,6.65975,7.47897,441,116800,0.284653,0.31,1,269204,268763,441
59580201,17.332,13.4958,446,116800,0.256931,0.37,1,269224,268778,446
59583121,5.06639,9.09916,440,116800,0.275386,0.4,1,269226,268786,440
59586041,27.4133,26.6198,442,116800,0.303077,0.46,1,269259,268817,442
59588961,14.2827,15.724,440,116800,0.316615,0.42,1,269270,268830,440
59591881,6.05653,4.74479,442,116800,0.335323,0.29,1,269274,268832,442
59594801,7.61131,5.74896,444,116800,0.387065,0.38,1,269282,268838,444
59597721,11.1223,13.9498,440,116800,0.389413,0.38,1,269294,268854,440
59600641,7.02445,4.38996,444,116800,0.349883,0.31,1,269300,268856,444
59603561,4.60489,5.67799,442,116800,0.317977,0.42,1,269304,268862,442
59606481,4.12098,4.3356,442,116800,0.311595,0.43,1,269308,268866,442
59609401,9.6242,11.2671,440,116800,0.294319,0.34,1,269319,268879,440
59612321,23.5248,25.4534,438,116800,0.258864,0.26,1,269346,268908,438
59615241,7.90497,8.29068,438,116800,0.267773,0.23,1,269350,268912,438
59618161,24.781,23.2581,440,116800,0.285555,0.19,1,269379,268939,440
59621081,8.1562,7.85163,440,116800,0.241111,0.32,1,269383,268943,440
59624001,4.83124,4.77033,440,116800,0.232222,0.43,1,269387,268947,440
59626921,12.1662,12.9541,439,116800,0.302444,0.4,1,269401,268962,439
59629841,6.43325,5.79081,440,116800,0.332489,0.39,1,269406,268966,440
59632761,18.8867,20.3582,438,116800,0.218498,0.35,1,269428,268990,438
59635681,5.37733,5.67163,438,116800,0.1637,0.31,1,269430,268992,438
59638601,10.6755,14.7343,433,116800,0.29674,0.37,1,269442,269009,433
59641521,28.5351,27.7469,435,116800,0.259348,0.39,1,269475,269040,435
59644441,16.107,15.1494,436,116800,0.32387,0.27,1,269488,269052,436
59647361,24.0214,23.8299,436,116800,0.336774,0.3,1,269514,269078,436
59650281,6.40428,6.36597,436,116800,0.307355,0.34,1,269516,269080,436
59653201,8.48086,4.47319,441,116800,0.197471,0.43,1,269525,269084,441
59656121,6.49617,7.29464,439,116800,0.231494,0.39,1,269531,269092,439
59659041,2.89923,3.05893,439,116800,0.214299,0.3,1,269533,269094,439
59661961,12.5798,13.4118,438,116800,0.25886,0.26,1,269548,269110,438
59664881,4.11597,4.28236,438,116800,0.235772,0.34,1,269550,269112,438
59667801,12.8232,17.6565,432,116800,0.223154,0.24,1,269565,269133,432
59670721,10.5646,9.13129,435,116800,0.276631,0.35,1,269575,269140,435
59673641,7.71293,5.02626,438,116800,0.231326,0.3,1,269582,269144,438
59676561,3.14259,2.60525,438,116800,0.198265,0.3,1,269584,269146,438
59679481,20.6285,23.7211,434,116800,0.279653,0.26,1,269609,269175,434
59682401,7.3257,6.34421,436,116800,0.295931,0.31,1,269613,269177,436
59685321,6.26514,4.46884,438,116800,0.235186,0.37,1,269619,269181,438
59688241,7.65303,6.49377,439,116800,0.247037,0.29,1,269627,269188,439
59691161,4.73061,9.29875,433,116800,0.313407,0.28,1,269631,269198,433
59694081,8.94612,6.65975,437,116800,0.270682,0.25,1,269641,269204,437
59697001,19.3892,17.332,439,116800,0.270136,0.28,1,269663,269224,439
59699921,5.47784,5.06639,439,116800,0.270027,0.31,1,269665,269226,439
59702841,26.6956,27.4133,438,116800,0.222005,0.32,1,269697,269259,438
59705761,14.1391,14.2827,438,116800,0.292401,0.34,1,269708,269270,438
59708681,7.62782,6.05653,440,116800,0.22648,0.4,1,269714,269274,440
59711601,9.52556,7.61131,442,116800,0.245296,0.39,1,269724,269282,442
59714521,9.90511,11.1223,440,116800,0.201059,0.34,1,269734,269294,440
59717441,3.58102,7.02445,436,116800,0.248212,0.31,1,269736,269300,436
59720361,3.9162,4.60489,436,116800,0.265642,0.31,1,269740,269304,436
59723281,3.98324,4.12098,436,116800,0.237128,0.29,1,269744,269308,436
59726201,11.9966,9.6242,439,116800,0.199426,0.25,1,269758,269319,439
59729121,19.1993,23.5248,433,116800,0.255885,0.27,1,269779,269346,433
59732041,11.0399,7.90497,438,116800,0.219177,0.29,1,269788,269350,438
59734961,23.808,24.781,436,116800,0.243835,0.23,1,269815,269379,436
59737881,11.1616,8.1562,440,116800,0.248767,0.23,1,269823,269383,440
59740801,5.43232,4.83124,440,116800,0.249753,0.32,1,269827,269387,440
59743721,9.08646,12.1662,436,116800,0.305951,0.34,1,269837,269401,436
59746641,5.81729,6.43325,436,116800,0.34919,0.19,1,269842,269406,436
59749561,18.7635,18.8867,436,116800,0.245838,0.15,1,269864,269428,436
59752481,7.75269,5.37733,439,116800,0.297168,0.33,1,269869,269430,439
59755401,7.15054,10.6755,434,116800,0.291434,0.25,1,269876,269442,434
59758321,29.4301,28.5351,436,116800,0.346287,0.34,1,269911,269475,436
59761241,17.086,16.107,437,116800,0.269257,0.34,1,269925,269488,437
59764161,17.8172,24.0214,429,116800,0.269851,0.3,1,269943,269514,429
59767081,6.76344,6.40428,431,116800,0.29397,0.17,1,269947,269516,431
59770001,14.1527,8.48086,438,116800,0.202794,0.24,1,269963,269525,438
59772921,4.43054,6.49617,434,116800,0.208559,0.21,1,269965,269531,434
59775841,2.48611,2.89923,434,116800,0.217712,0.27,1,269967,269533,434
59778761,14.0972,12.5798,436,116800,0.235542,0.23,1,269984,269548,436
59781681,4.41944,4.11597,436,116800,0.279108,0.22,1,269986,269550,436
59784601,12.8839,12.8232,436,116800,0.295822,0.29,1,270001,269565,436
59787521,5.77678,10.5646,430,116800,0.243164,0.22,1,270005,269575,430
59790441,8.35536,7.71293,432,116800,0.184633,0.19,1,270014,269582,432
59793361,3.27107,3.14259,432,116800,0.172927,0.3,1,270016,269584,432
59796281,22.2542,20.6285,434,116800,0.282585,0.3,1,270043,269609,434
59799201,9.25084,7.3257,436,116800,0.296517,0.22,1,270049,269613,436
59802121,8.25017,6.26514,438,116800,0.299303,0.25,1,270057,269619,438
59805041,4.85003,7.65303,434,116800,0.331861,0.33,1,270061,269627,434
59807961,5.77001,4.73061,436,116800,0.330372,0.26,1,270067,269631,436
59810881,2.754,8.94612,428,116800,0.338074,0.27,1,270069,269641,428
59813801,22.1508,19.3892,433,116800,0.179615,0.27,1,270096,269663,433
59816721,6.03016,5.47784,433,116800,0.315923,0.21,1,270098,269665,433
59819641,29.206,26.6956,436,116800,0.295185,0.31,1,270133,269697,436
59822561,13.0412,14.1391,434,116800,0.363037,0.21,1,270142,269708,434
59825481,7.40824,7.62782,434,116800,0.344607,0.25,1,270148,269714,434
59828401,7.88165,9.52556,432,116800,0.236921,0.19,1,270156,269724,432
59831321,11.1763,9.90511,434,116800,0.311384,0.26,1,270168,269734,434
59834241,3.83527,3.58102,434,116800,0.294277,0.27,1,270170,269736,434
59837161,2.36705,3.9162,432,116800,0.258855,0.23,1,270172,269740,432
59840081,2.07341,3.98324,430,116800,0.251771,0.19,1,270174,269744,430
59843001,15.6147,11.9966,435,116800,0.322354,0.27,1,270193,269758,435
59845921,16.7229,19.1993,431,116800,0.336471,0.21,1,270210,269779,431
59848841,12.9446,11.0399,434,116800,0.283294,0.25,1,270222,269788,434
59851761,24.9889,23.808,435,116800,0.256659,0.25,1,270250,269815,435
59854681,9.79778,11.1616,433,116800,0.283332,0.25,1,270256,269823,433
59857601,8.35956,5.43232,437,116800,0.312666,0.32,1,270264,269827,437
59860521,8.07191,9.08646,435,116800,0.350533,0.36,1,270272,269837,435
59863441,3.21438,5.81729,432,116800,0.334107,0.22,1,270274,269842,432
59866361,21.4429,18.7635,436,116800,0.450821,0.31,1,270300,269864,436
59869281,5.88858,7.75269,433,116800,0.450164,0.29,1,270302,269869,433
59872201,7.57772,7.15054,434,116800,0.474033,0.36,1,270310,269876,434
59875121,31.9155,29.4301,437,116800,0.486807,0.25,1,270348,269911,437
59878041,18.3831,17.086,438,116800,0.473361,0.27,1,270363,269925,438
59880961,17.2766,17.8172,437,116800,0.382672,0.3,1,270380,269943,437
59883881,5.05532,6.76344,435,116800,0.332534,0.18,1,270382,269947,435
59886801,7.41106,14.1527,427,116800,0.346507,0.21,1,270390,269963,427
59889721,12.6822,4.43054,439,116800,0.381301,0.22,1,270404,269965,439
59892641,4.13644,2.48611,439,116800,0.35626,0.24,1,270406,269967,439
59895561,9.62729,14.0972,433,116800,0.407252,0.29,1,270417,269984,433
59898481,3.52546,4.41944,433,116800,0.38545,0.3,1,270419,269986,433
59901401,11.9051,12.8839,432,116800,0.30909,0.23,1,270433,270001,432
59904321,3.98102,5.77678,430,116800,0.381818,0.17,1,270435,270005,430
59907241,9.5962,8.35536,432,116800,0.420364,0.17,1,270446,270014,432
59910161,5.11924,3.27107,434,116800,0.364073,0.31,1,270450,270016,434
59913081,25.8238,22.2542,438,116800,0.360815,0.3,1,270481,270043,438
59916001,8.36477,9.25084,436,116800,0.416163,0.3,1,270485,270049,436
59918921,11.273,8.25017,440,116800,0.363233,0.34,1,270497,270057,440
59921841,5.45459,4.85003,440,116800,0.344647,0.33,1,270501,270061,440
59924761,5.89092,5.77001,440,116800,0.388929,0.34,1,270507,270067,440
59927681,2.77818,2.754,440,116800,0.397786,0.14,1,270509,270069,440
59930601,20.5556,22.1508,438,116800,0.391557,0.35,1,270534,270096,438
59933521,5.71113,6.03016,438,116800,0.358311,0.29,1,270536,270098,438
59936441,30.7422,29.206,440,116800,0.311662,0.38,1,270573,270133,440
59939361,9.34844,13.0412,435,116800,0.270332,0.34,1,270577,270142,435
59942281,9.86969,7.40824,439,116800,0.254066,0.21,1,270587,270148,439
59945201,8.37394,7.88165,439,116800,0.282813,0.33,1,270595,270156,439
59948121,14.4748,11.1763,443,116800,0.280563,0.29,1,270611,270168,443
59951041,4.49496,3.83527,443,116800,0.336113,0.25,1,270613,270170,443
59953961,2.49899,2.36705,443,116800,0.315223,0.25,1,270615,270172,443
59956881,2.0998,2.07341,443,116800,0.279045,0.34,1,270617,270174,443
59959801,12.42,15.6147,439,116800,0.351809,0.34,1,270632,270193,439
59962721,12.884,16.7229,435,116800,0.286362,0.27,1,270645,270210,435
59965641,9.7768,12.9446,432,116800,0.281272,0.25,1,270654,270222,432
59968561,32.3554,24.9889,442,116800,0.312254,0.29,1,270692,270250,442
59971481,9.67107,9.79778,440,116800,0.334451,0.32,1,270696,270256,440
59974401,8.33421,8.35956,440,116800,0.30689,0.36,1,270704,270264,440
59977321,12.0668,8.07191,445,116800,0.325378,0.33,1,270717,270272,445
59980241,4.01337,3.21438,445,116800,0.297076,0.48,1,270719,270274,445
59983161,21.6027,21.4429,445,116800,0.323415,0.45,1,270745,270300,445
59986081,5.92053,5.88858,445,116800,0.328683,0.48,1,270747,270302,445
59989001,2.78411,7.57772,439,116800,0.297737,0.49,1,270749,270310,439
59991921,31.7568,31.9155,440,116800,0.251547,0.47,1,270788,270348,440
59994841,21.5514,18.3831,444,116800,0.290309,0.36,1,270807,270363,444
59997761,13.9103,17.2766,439,116800,0.402062,0.32,1,270819,270380,439
60000681,4.38205,5.05532,439,116800,0.416412,0.35,1,270821,270382,439
60003601,8.87641,7.41106,441,116800,0.419282,0.39,1,270831,270390,441
60006521,13.7753,12.6822,442,116800,0.411857,0.35,1,270846,270404,442
60009441,5.95506,4.13644,444,116800,0.346371,0.42,1,270850,270406,444
60012361,2.79101,9.62729,435,116800,0.309274,0.38,1,270852,270417,435
60015281,3.7582,3.52546,437,116800,0.293855,0.29,1,270856,270419,437
60018201,10.3516,11.9051,435,116800,0.354771,0.4,1,270868,270433,435
60021121,10.0703,3.98102,443,116800,0.310954,0.43,1,270878,270435,443
60024041,6.81407,9.5962,438,116800,0.366191,0.35,1,270884,270446,438
60026961,8.56281,5.11924,443,116800,0.361238,0.36,1,270893,270450,443
60029881,24.9126,25.8238,441,116800,0.424248,0.43,1,270922,270481,441
60032801,6.58251,8.36477,439,116800,0.41285,0.35,1,270924,270485,439
60035721,13.3165,11.273,442,116800,0.33857,0.34,1,270939,270497,442
60038641,5.8633,5.45459,442,116800,0.259714,0.4,1,270943,270501,442
60041561,2.77266,5.89092,438,116800,0.291943,0.4,1,270945,270507,438
60044481,2.15453,2.77818,438,116800,0.266389,0.39,1,270947,270509,438
60047401,19.6309,20.5556,437,116800,0.309278,0.35,1,270971,270534,437
60050321,10.3262,5.71113,443,116800,0.341856,0.3,1,270979,270536,443
60053241,26.8652,30.7422,437,116800,0.324371,0.26,1,271010,270573,437
60056161,8.57305,9.34844,437,116800,0.328874,0.25,1,271014,270577,437
60059081,7.31461,9.86969,434,116800,0.297775,0.29,1,271021,270587,434
60062001,11.0629,8.37394,438,116800,0.379555,0.28,1,271033,270595,438
60064921,16.6126,14.4748,440,116800,0.379911,0.35,1,271051,270611,440
60067841,6.52252,4.49496,442,116800,0.339982,0.31,1,271055,270613,442
60070761,2.9045,2.49899,442,116800,0.371996,0.27,1,271057,270615,442
60073681,2.1809,2.0998,442,116800,0.354399,0.37,1,271059,270617,442
60076601,8.43618,12.42,437,116800,0.38288,0.27,1,271069,270632,437
60079521,11.2872,12.884,436,116800,0.332576,0.28,1,271081,270645,436
60082441,9.45745,9.7768,436,116800,0.338515,0.32,1,271090,270654,436
60085361,33.8915,32.3554,438,116800,0.347703,0.34,1,271130,270692,438
60088281,9.9783,9.67107,438,116800,0.309541,0.3,1,271134,270696,438
60091201,8.39566,8.33421,438,116800,0.285908,0.33,1,271142,270704,438
60094121,12.0791,12.0668,438,116800,0.345182,0.29,1,271155,270717,438
60097041,4.01583,4.01337,438,116800,0.325036,0.33,1,271157,270719,438
60099961,18.4032,21.6027,434,116800,0.273007,0.33,1,271179,270745,434
60102881,10.0806,5.92053,440,116800,0.318601,0.29,1,271187,270747,440
60105801,3.61613,2.78411,440,116800,0.29572,0.24,1,271189,270749,440
60108721,32.7232,31.7568,441,116800,0.275144,0.3,1,271229,270788,441
60111641,23.3446,21.5514,443,116800,0.295029,0.43,1,271250,270807,443
60114561,14.2689,13.9103,443,116800,0.315006,0.42,1,271262,270819,443
60117481,4.45379,4.38205,443,116800,0.343001,0.42,1,271264,270821,443
60120401,5.69076,8.87641,439,116800,0.2686,0.41,1,271270,270831,439
60123321,12.3382,13.7753,438,116800,0.29372,0.33,1,271284,270846,438
60126241,4.06763,5.95506,436,116800,0.290744,0.3,1,271286,270850,436
60129161,5.61353,2.79101,440,116800,0.234149,0.29,1,271292,270852,440
60132081,5.92271,3.7582,442,116800,0.31883,0.37,1,271298,270856,442
60135001,7.58454,10.3516,438,116800,0.327766,0.3,1,271306,270868,438
60137921,10.3169,10.0703,439,116800,0.297553,0.38,1,271317,270878,439
60140841,6.86338,6.81407,439,116800,0.291511,0.36,1,271323,270884,439
60143761,10.9727,8.56281,442,116800,0.346302,0.44,1,271335,270893,442
60146681,25.3945,24.9126,442,116800,0.24526,0.41,1,271364,270922,442
60149601,6.67891,6.58251,442,116800,0.281052,0.32,1,271366,270924,442
60152521,8.53578,13.3165,436,116800,0.39221,0.24,1,271375,270939,436
60155441,9.70716,5.8633,442,116800,0.318442,0.3,1,271385,270943,442
60158361,3.54143,2.77266,442,116800,0.303688,0.26,1,271387,270945,442
60161281,2.30829,2.15453,442,116800,0.268738,0.32,1,271389,270947,442
60164201,17.2617,19.6309,439,116800,0.349748,0.35,1,271410,270971,439
60167121,11.4523,10.3262,441,116800,0.349949,0.32,1,271420,270979,441
60170041,21.4905,26.8652,434,116800,0.26999,0.33,1,271444,271010,434
60172961,10.6981,8.57305,438,116800,0.341998,0.29,1,271452,271014,438
60175881,5.33962,7.31461,435,116800,0.3804,0.4,1,271456,271021,435
60178801,13.0679,11.0629,438,116800,0.30808,0.38,1,271471,271033,438
60181721,16.2136,16.6126,437,116800,0.349616,0.33,1,271488,271051,437
60184641,8.04272,6.52252,439,116800,0.373923,0.38,1,271494,271055,439
60187561,4.80854,2.9045,441,116800,0.306785,0.35,1,271498,271057,441
60190481,2.56171,2.1809,441,116800,0.293357,0.39,1,271500,271059,441
60193401,5.31234,8.43618,437,116800,0.314671,0.32,1,271506,271069,437
60196321,12.2625,11.2872,439,116800,0.334934,0.34,1,271520,271081,439
60199241,5.65249,9.45745,434,116800,0.290987,0.35,1,271524,271090,434
60202161,34.7305,33.8915,436,116800,0.362197,0.3,1,271566,271130,436
60205081,10.1461,9.9783,436,116800,0.336439,0.28,1,271570,271134,436
60208001,11.6292,8.39566,440,116800,0.387288,0.36,1,271582,271142,440
60210921,13.5258,12.0791,441,116800,0.373458,0.32,1,271596,271155,441
60213841,4.30517,4.01583,441,116800,0.338692,0.26,1,271598,271157,441
60216761,14.461,18.4032,436,116800,0.387738,0.33,1,271615,271179,436
60219681,12.4922,10.0806,440,116800,0.413548,0.29,1,271627,271187,440
60222601,4.09844,3.61613,440,116800,0.38671,0.27,1,271629,271189,440
60225521,30.4197,32.7232,437,116800,0.261342,0.3,1,271666,271229,437
60228441,23.6839,23.3446,438,116800,0.332268,0.32,1,271688,271250,438
60231361,9.53679,14.2689,432,116800,0.394454,0.35,1,271694,271262,432
60234281,9.90736,4.45379,440,116800,0.398891,0.25,1,271704,271264,440
60237201,3.58147,5.69076,436,116800,0.407778,0.3,1,271706,271270,436
60240121,10.3163,12.3382,434,116800,0.385556,0.29,1,271718,271284,434
60243041,8.46326,4.06763,440,116800,0.333111,0.22,1,271726,271286,440
60245961,3.29265,5.61353,436,116800,0.314622,0.34,1,271728,271292,436
60248881,5.45853,5.92271,436,116800,0.374924,0.33,1,271734,271298,436
60251801,7.49171,7.58454,436,116800,0.354985,0.29,1,271742,271306,436
60254721,11.0983,10.3169,437,116800,0.382997,0.29,1,271754,271317,437
60257641,9.41967,6.86338,440,116800,0.332599,0.36,1,271763,271323,440
60260561,9.88393,10.9727,438,116800,0.35452,0.22,1,271773,271335,438
60263481,28.3768,25.3945,442,116800,0.374904,0.29,1,271806,271364,442
60266401,7.27536,6.67891,442,116800,0.346981,0.42,1,271808,271366,442
60269321,4.65507,8.53578,437,116800,0.373396,0.3,1,271812,271375,437
60272241,11.331,9.70716,440,116800,0.394679,0.3,1,271825,271385,440
60275161,3.8662,3.54143,440,116800,0.390936,0.26,1,271827,271387,440
60278081,2.37324,2.30829,440,116800,0.358187,0.37,1,271829,271389,440
60281001,16.4746,17.2617,439,116800,0.423637,0.35,1,271849,271410,439
60283921,8.09493,11.4523,435,116800,0.388727,0.25,1,271855,271420,435
60286841,26.419,21.4905,442,116800,0.397745,0.36,1,271886,271444,442
60289761,6.8838,10.6981,436,116800,0.367549,0.39,1,271888,271452,436
60292681,7.77676,5.33962,440,116800,0.27351,0.29,1,271896,271456,440
60295601,11.9554,13.0679,438,116800,0.390702,0.36,1,271909,271471,438
60298521,14.3911,16.2136,436,116800,0.43014,0.38,1,271924,271488,436
60301441,9.27821,8.04272,438,116800,0.382028,0.29,1,271932,271494,438
60304361,7.45564,4.80854,441,116800,0.388406,0.29,1,271939,271498,441
60307281,3.09113,2.56171,441,116800,0.349681,0.32,1,271941,271500,441
60310201,3.81823,5.31234,439,116800,0.333936,0.34,1,271945,271506,439
60313121,7.16365,12.2625,433,116800,0.410787,0.28,1,271953,271520,433
60316041,11.0327,5.65249,441,116800,0.378157,0.38,1,271965,271524,441
60318961,35.0065,34.7305,440,116800,0.347631,0.33,1,272006,271566,440
60321881,11.8013,10.1461,442,116800,0.285526,0.4,1,272012,271570,442
60324801,8.76026,11.6292,438,116800,0.257105,0.37,1,272020,271582,438
60327721,12.9521,13.5258,438,116800,0.339421,0.33,1,272034,271596,438
60330641,8.19041,4.30517,443,116800,0.363884,0.4,1,272041,271598,443
60333561,9.63808,14.461,436,116800,0.312777,0.42,1,272051,271615,436
60336481,13.9276,12.4922,439,116800,0.382555,0.38,1,272066,271627,439
60339401,4.38552,4.09844,439,116800,0.372511,0.23,1,272068,271629,439
60342321,32.0771,30.4197,441,116800,0.394502,0.35,1,272107,271666,441
60345241,21.6154,23.6839,438,116800,0.4149,0.41,1,272126,271688,438
60348161,12.3231,9.53679,442,116800,0.45898,0.4,1,272136,271694,442
60351081,10.4646,9.90736,442,116800,0.475796,0.41,1,272146,271704,442
60354001,3.69292,3.58147,442,116800,0.479159,0.38,1,272148,271706,442
60356921,7.93858,10.3163,439,116800,0.431832,0.32,1,272157,271718,439
60359841,10.3877,8.46326,442,116800,0.398366,0.31,1,272168,271726,442
60362761,3.67754,3.29265,442,116800,0.479673,0.39,1,272170,271728,442
60365681,2.33551,5.45853,438,116800,0.471935,0.35,1,272172,271734,438
60368601,10.0671,7.49171,442,116800,0.502387,0.39,1,272184,271742,442
60371521,8.41342,11.0983,438,116800,0.428477,0.32,1,272192,271754,438
60374441,11.2827,9.41967,441,116800,0.421695,0.36,1,272204,271763,441
60377361,7.85654,9.88393,438,116800,0.388339,0.38,1,272211,271773,438
60380281,30.3713,28.3768,441,116800,0.341668,0.34,1,272247,271806,441
60383201,9.27426,7.27536,443,116800,0.388334,0.38,1,272251,271808,443
60386121,3.45485,4.65507,441,116800,0.373667,0.4,1,272253,271812,441
60389041,9.49097,11.331,439,116800,0.442733,0.39,1,272264,271825,439
60391961,8.29819,3.8662,445,116800,0.384547,0.35,1,272272,271827,445
60394881,3.25964,2.37324,445,116800,0.340909,0.44,1,272274,271829,445
60397801,14.2519,16.4746,442,116800,0.372182,0.38,1,272291,271849,442
60400721,7.65039,8.09493,442,116800,0.322436,0.4,1,272297,271855,442
60403641,22.3301,26.419,437,116800,0.440487,0.36,1,272323,271886,437
60406561,9.26602,6.8838,441,116800,0.392097,0.25,1,272329,271888,441
60409481,11.4532,7.77676,445,116800,0.342419,0.42,1,272341,271896,445
60412401,12.6906,11.9554,445,116800,0.396484,0.44,1,272354,271909,445
60415321,13.7381,14.3911,444,116800,0.439297,0.37,1,272368,271924,444
60418241,4.34763,9.27821,438,116800,0.455859,0.39,1,272370,271932,438
60421161,5.66953,7.45564,437,116800,0.395172,0.34,1,272376,271939,437
60424081,6.7339,3.09113,442,116800,0.431034,0.33,1,272383,271941,442
60427001,6.14678,3.81823,444,116800,0.382207,0.43,1,272389,271945,444
60429921,4.42936,7.16365,440,116800,0.420441,0.37,1,272393,271953,440
60432841,7.28587,11.0327,436,116800,0.452088,0.34,1,272401,271965,436
60435761,35.0572,35.0065,437,116800,0.378418,0.27,1,272443,272006,437
60438681,11.8114,11.8013,437,116800,0.387684,0.25,1,272449,272012,437
60441601,11.9623,8.76026,441,116800,0.381537,0.36,1,272461,272020,441
60444521,11.9925,12.9521,439,116800,0.324307,0.37,1,272473,272034,439
60447441,8.79849,8.19041,440,116800,0.352861,0.3,1,272481,272041,440
60450361,12.1597,9.63808,443,116800,0.278572,0.4,1,272494,272051,443
60453281,10.4319,13.9276,438,116800,0.399714,0.37,1,272504,272066,438
60456201,3.68639,4.38552,438,116800,0.431943,0.4,1,272506,272068,438
60459121,33.5373,32.0771,440,116800,0.382389,0.42,1,272547,272107,440
60462041,28.3075,21.6154,448,116800,0.356478,0.47,1,272574,272126,448
60464961,13.6615,12.3231,448,116800,0.271296,0.48,1,272584,272136,448
60467881,7.5323,10.4646,444,116800,0.382259,0.48,1,272590,272146,444
60470801,3.10646,3.69292,444,116800,0.372452,0.42,1,272592,272148,444
60473721,5.42129,7.93858,441,116800,0.38649,0.39,1,272598,272157,441
60476641,13.0843,10.3877,445,116800,0.365298,0.5,1,272613,272168,445
60479561,5.81685,3.67754,447,116800,0.32906,0.47,1,272617,272170,447
60482481,2.76337,2.33551,447,116800,0.273812,0.51,1,272619,272172,447
60485401,6.95267,10.0671,443,116800,0.286762,0.41,1,272627,272184,443
60488321,9.39053,8.41342,445,116800,0.369352,0.42,1,272637,272192,445
60491241,6.67811,11.2827,439,116800,0.31387,0.38,1,272643,272204,439
60494161,10.9356,7.85654,444,116800,0.374774,0.33,1,272655,272211,444
60497081,31.7871,30.3713,445,116800,0.234955,0.4,1,272692,272247,445
60500001,7.95742,9.27426,443,116800,0.302991,0.37,1,272694,272251,443
60502921,3.19148,3.45485,443,116800,0.284598,0.46,1,272696,272253,443
60505841,5.4383,9.49097,438,116800,0.30492,0.37,1,272702,272264,438
60508761,8.28766,8.29819,439,116800,0.420984,0.33,1,272711,272272,439
60511681,3.25753,3.25964,439,116800,0.444197,0.38,1,272713,272274,439
60514601,19.0515,14.2519,445,116800,0.424839,0.31,1,272736,272291,445
60517521,5.4103,7.65039,441,116800,0.404968,0.47,1,272738,272297,441
60520441,23.4821,22.3301,443,116800,0.416994,0.38,1,272766,272323,443
60523361,6.29641,9.26602,439,116800,0.459399,0.33,1,272768,272329,439
60526281,10.8593,11.4532,439,116800,0.40388,0.41,1,272780,272341,439
60529201,10.1719,12.6906,436,116800,0.288776,0.45,1,272790,272354,436
60532121,15.6344,13.7381,439,116800,0.321755,0.46,1,272807,272368,439
60535041,6.32687,4.34763,441,116800,0.288351,0.38,1,272811,272370,441
60537961,6.06537,5.66953,441,116800,0.29767,0.44,1,272817,272376,441
60540881,8.41308,6.7339,443,116800,0.395534,0.37,1,272826,272383,443
60543801,6.48262,6.14678,443,116800,0.343107,0.43,1,272832,272389,443
60546721,6.09652,4.42936,445,116800,0.364621,0.46,1,272838,272393,445
60549641,6.0193,7.28587,443,116800,0.384924,0.36,1,272844,272401,443
60552561,30.8039,35.0572,438,116800,0.316985,0.39,1,272881,272443,438
60555481,14.1608,11.8114,442,116800,0.367397,0.38,1,272891,272449,442
60558401,9.23215,11.9623,438,116800,0.321479,0.31,1,272899,272461,438
60561321,15.4464,11.9925,443,116800,0.376296,0.36,1,272916,272473,443
60564241,4.68929,8.79849,437,116800,0.355259,0.26,1,272918,272481,437
60567161,17.7379,12.1597,445,116800,0.295052,0.43,1,272939,272494,445
60570081,5.14757,10.4319,437,116800,0.29101,0.44,1,272941,272504,437
60573001,2.62951,3.68639,437,116800,0.290202,0.37,1,272943,272506,437
60575921,39.7259,33.5373,445,116800,0.33004,0.35,1,272992,272547,445
60578841,22.3452,28.3075,436,116800,0.338008,0.25,1,273010,272574,436
60581761,18.069,13.6615,443,116800,0.315602,0.41,1,273027,272584,443
60584681,5.21381,7.5323,439,116800,0.28712,0.37,1,273029,272590,439
60587601,2.64276,3.10646,439,116800,0.289424,0.39,1,273031,272592,439
60590521,8.52855,5.42129,443,116800,0.393885,0.36,1,273041,272598,443
60593441,10.5057,13.0843,439,116800,0.398777,0.32,1,273052,272613,439
60596361,3.70114,5.81685,437,116800,0.391755,0.26,1,273054,272617,437
60599281,2.34023,2.76337,437,116800,0.358351,0.29,1,273056,272619,437
60602201,9.26805,6.95267,440,116800,0.29567,0.39,1,273067,272627,440
60605121,9.05361,9.39053,439,116800,0.331134,0.3,1,273076,272637,439
60608041,9.81072,6.67811,443,116800,0.314227,0.39,1,273086,272643,443
60610961,5.16214,10.9356,435,116800,0.302845,0.2,1,273090,272655,435
60613881,32.2324,31.7871,437,116800,0.340569,0.32,1,273129,272692,437
60616801,13.6465,7.95742,444,116800,0.420114,0.28,1,273138,272694,444
60619721,4.3293,3.19148,444,116800,0.452023,0.31,1,273140,272696,444
60622641,4.06586,5.4383,442,116800,0.394405,0.45,1,273144,272702,442
60625561,7.21317,8.28766,441,116800,0.310881,0.45,1,273152,272711,441
60628481,3.04263,3.25753,441,116800,0.414176,0.42,1,273154,272713,441
60631401,16.6085,19.0515,438,116800,0.386835,0.4,1,273174,272736,438
60634321,4.92171,5.4103,438,116800,0.349367,0.42,1,273176,272738,438
60637241,24.9843,23.4821,440,116800,0.333873,0.47,1,273206,272766,440
60640161,6.59687,6.29641,440,116800,0.330775,0.39,1,273208,272768,440
60643081,6.11937,10.8593,434,116800,0.442155,0.26,1,273214,272780,434
60646001,14.8239,10.1719,441,116800,0.376431,0.33,1,273231,272790,441
60648921,12.5648,15.6344,436,116800,0.371286,0.28,1,273243,272807,436
60651841,9.71296,6.32687,441,116800,0.442257,0.3,1,273252,272811,441
60654761,6.74259,6.06537,441,116800,0.392451,0.42,1,273258,272817,441
60657681,7.74852,8.41308,440,116800,0.45449,0.33,1,273266,272826,440
60660601,7.9497,6.48262,442,116800,0.378898,0.37,1,273274,272832,442
60663521,6.38994,6.09652,442,116800,0.41178,0.39,1,273280,272838,442
60666441,2.87799,6.0193,438,116800,0.394356,0.3,1,273282,272844,438
60669361,33.3756,30.8039,442,116800,0.342871,0.38,1,273323,272881,442
60672281,9.87512,14.1608,436,116800,0.268574,0.31,1,273327,272891,436
60675201,10.775,9.23215,439,116800,0.437715,0.39,1,273338,272899,439
60678121,16.555,15.4464,440,116800,0.367543,0.35,1,273356,272916,440
60681041,6.511,4.68929,442,116800,0.289509,0.28,1,273360,272918,442
60683961,18.1022,17.7379,442,116800,0.385902,0.29,1,273381,272939,442
60686881,5.22044,5.14757,442,116800,0.37318,0.29,1,273383,272941,442
60689801,2.64409,2.62951,442,116800,0.330636,0.34,1,273385,272943,442
60692721,34.9288,39.7259,436,116800,0.306127,0.34,1,273428,272992,436
60695641,25.3858,22.3452,441,116800,0.341225,0.31,1,273451,273010,441
60698561,13.0772,18.069,434,116800,0.324245,0.28,1,273461,273027,434
60701481,4.21543,5.21381,434,116800,0.320849,0.29,1,273463,273029,434
60704401,9.64309,2.64276,443,116800,0.36817,0.42,1,273474,273031,443
60707321,5.12862,8.52855,437,116800,0.345634,0.4,1,273478,273041,437
60710241,9.02572,10.5057,436,116800,0.245127,0.39,1,273488,273052,436
60713161,3.40514,3.70114,436,116800,0.233025,0.35,1,273490,273054,436
60716081,2.28103,2.34023,436,116800,0.318605,0.28,1,273492,273056,436
60719001,15.6562,9.26805,444,116800,0.311721,0.34,1,273511,273067,444
60721921,6.33124,9.05361,439,116800,0.278344,0.31,1,273515,273076,439
60724841,7.66625,9.81072,437,116800,0.343669,0.3,1,273523,273086,437
60727761,8.73325,5.16214,442,116800,0.316734,0.35,1,273532,273090,442
60730681,34.5466,32.2324,444,116800,0.383347,0.44,1,273573,273129,444
60733601,8.50933,13.6465,437,116800,0.364669,0.46,1,273575,273138,437
60736521,3.30187,4.3293,437,116800,0.336934,0.38,1,273577,273140,437
60739441,11.0604,4.06586,446,116800,0.395387,0.29,1,273590,273144,446
60742361,8.61207,7.21317,446,116800,0.311077,0.44,1,273598,273152,446
60745281,3.32241,3.04263,446,116800,0.382215,0.38,1,273600,273154,446
60748201,9.46448,16.6085,437,116800,0.412443,0.34,1,273611,273174,437
60751121,3.4929,4.92171,437,116800,0.418489,0.33,1,273613,273176,437
60754041,31.8986,24.9843,446,116800,0.371698,0.33,1,273652,273206,446
60756961,7.97972,6.59687,446,116800,0.33034,0.47,1,273654,273208,446
60759881,3.19594,6.11937,442,116800,0.282068,0.36,1,273656,273214,442
60762801,13.4392,14.8239,441,116800,0.264414,0.37,1,273672,273231,441
60765721,15.4878,12.5648,445,116800,0.316883,0.46,1,273688,273243,445
60768641,8.69757,9.71296,443,116800,0.343377,0.38,1,273695,273252,443
60771561,7.33951,6.74259,444,116800,0.364675,0.47,1,273702,273258,444
60774481,3.0679,7.74852,438,116800,0.336935,0.36,1,273704,273266,438
60777401,7.81358,7.9497,439,116800,0.259387,0.42,1,273713,273274,439
60780321,10.3627,6.38994,444,116800,0.347877,0.39,1,273724,273280,444
60783241,5.27254,2.87799,446,116800,0.381575,0.33,1,273728,273282,446
60786161,29.8545,33.3756,441,116800,0.268315,0.25,1,273764,273323,441
60789081,12.3709,9.87512,445,116800,0.317663,0.48,1,273772,273327,445
60792001,10.4742,10.775,444,116800,0.327533,0.35,1,273782,273338,444
60794921,14.0948,16.555,441,116800,0.281507,0.27,1,273797,273356,441
60797841,4.41897,6.511,439,116800,0.360301,0.41,1,273799,273360,439
60800761,15.2838,18.1022,436,116800,0.35206,0.37,1,273817,273381,436
60803681,4.65676,5.22044,436,116800,0.326412,0.32,1,273819,273383,436
60806601,8.13135,2.64409,443,116800,0.393282,0.3,1,273828,273385,443
60809521,35.2263,34.9288,442,116800,0.398656,0.35,1,273870,273428,442
60812441,21.4453,25.3858,437,116800,0.335731,0.32,1,273888,273451,437
60815361,15.4891,13.0772,441,116800,0.299146,0.32,1,273902,273461,441
60818281,4.69781,4.21543,441,116800,0.283829,0.38,1,273904,273463,441
60821201,5.73956,9.64309,436,116800,0.200766,0.34,1,273910,273474,436
60824121,2.74791,5.12862,434,116800,0.368153,0.22,1,273912,273478,434
60827041,14.1496,9.02572,441,116800,0.313631,0.23,1,273929,273488,441
60829961,4.42992,3.40514,441,116800,0.270726,0.34,1,273931,273490,441
60832881,2.48598,2.28103,441,116800,0.230145,0.31,1,273933,273492,441
60835801,15.6972,15.6562,441,116800,0.334029,0.27,1,273952,273511,441
60838721,4.73944,6.33124,439,116800,0.322806,0.36,1,273954,273515,439
60841641,5.74789,7.66625,437,116800,0.336561,0.31,1,273960,273523,437
60844561,12.3496,8.73325,442,116800,0.299312,0.4,1,273974,273532,442
60847481,28.0699,34.5466,433,116800,0.299862,0.36,1,274006,273573,433
60850401,10.414,8.50933,437,116800,0.307972,0.33,1,274012,273575,437
60853321,8.4828,3.30187,443,116800,0.301594,0.41,1,274020,273577,443
60856241,10.4966,11.0604,441,116800,0.268319,0.29,1,274031,273590,441
60859161,5.29931,8.61207,437,116800,0.325664,0.4,1,274035,273598,437
60862081,4.25986,3.32241,439,116800,0.281133,0.42,1,274039,273600,439
60865001,7.25197,9.46448,436,116800,0.344227,0.42,1,274047,273611,436
60867921,3.05039,3.4929,436,116800,0.324845,0.36,1,274049,273613,436
60870841,34.2101,31.8986,439,116800,0.296969,0.32,1,274091,273652,439
60873761,8.44202,7.97972,439,116800,0.283394,0.27,1,274093,273654,439
60876681,3.2884,3.19594,439,116800,0.248679,0.26,1,274095,273656,439
60879601,15.0577,13.4392,441,116800,0.257736,0.33,1,274113,273672,441
60882521,16.6115,15.4878,442,116800,0.275547,0.35,1,274130,273688,442
60885441,6.52231,8.69757,439,116800,0.263109,0.37,1,274134,273695,439
60888361,2.90446,7.33951,434,116800,0.316622,0.33,1,274136,273702,434
60891281,3.78089,3.0679,436,116800,0.343324,0.24,1,274140,273704,436
60894201,9.55618,7.81358,438,116800,0.364665,0.37,1,274151,273713,438
60897121,13.9112,10.3627,442,116800,0.312933,0.39,1,274166,273724,442
60900041,4.38225,5.27254,440,116800,0.374587,0.24,1,274168,273728,440
60902961,27.2764,29.8545,437,116800,0.386917,0.33,1,274201,273764,437
60905881,15.0553,12.3709,441,116800,0.421383,0.33,1,274213,273772,441
60908801,7.81106,10.4742,437,116800,0.372277,0.27,1,274219,273782,437
60911721,12.7622,14.0948,436,116800,0.442455,0.38,1,274233,273797,436
60914641,4.15244,4.41897,436,116800,0.424491,0.35,1,274235,273799,436
60917561,19.2305,15.2838,441,116800,0.444898,0.32,1,274258,273817,441
60920481,5.4461,4.65676,441,116800,0.41698,0.41,1,274260,273819,441
60923401,5.88922,8.13135,438,116800,0.315396,0.4,1,274266,273828,438
60926321,31.5778,35.2263,434,116800,0.367079,0.32,1,274304,273870,434
60929241,23.1156,21.4453,437,116800,0.313416,0.29,1,274325,273888,437
60932161,20.6231,15.4891,443,116800,0.294683,0.28,1,274345,273902,443
60935081,5.72462,4.69781,443,116800,0.322937,0.18,1,274347,273904,443
60938001,2.74492,5.73956,439,116800,0.392587,0.41,1,274349,273910,439
60940921,3.74898,2.74791,441,116800,0.350517,0.3,1,274353,273912,441
60943841,12.7498,14.1496,439,116800,0.358103,0.26,1,274368,273929,439
60946761,4.14996,4.42992,439,116800,0.399621,0.22,1,274370,273931,439
60949681,2.42999,2.48598,439,116800,0.383924,0.36,1,274372,273933,439
60952601,14.086,15.6972,437,116800,0.388785,0.32,1,274389,273952,437
60955521,8.4172,4.73944,442,116800,0.357757,0.34,1,274396,273954,442
60958441,3.28344,5.74789,438,116800,0.335551,0.29,1,274398,273960,438
60961361,10.2567,12.3496,436,116800,0.32311,0.3,1,274410,273974,436
60964281,28.4513,28.0699,437,116800,0.288622,0.31,1,274443,274006,437
60967201,9.69027,10.414,436,116800,0.401724,0.3,1,274448,274012,436
60970121,7.53805,8.4828,435,116800,0.384345,0.26,1,274455,274020,435
60973041,15.1076,10.4966,441,116800,0.364869,0.34,1,274472,274031,441
60975961,4.62152,5.29931,439,116800,0.336974,0.27,1,274474,274035,439
60978881,2.5243,4.25986,437,116800,0.387395,0.36,1,274476,274039,437
60981801,8.50486,7.25197,439,116800,0.413479,0.32,1,274486,274047,439
60984721,4.90097,3.05039,441,116800,0.378696,0.29,1,274490,274049,441
60987641,34.5802,34.2101,441,116800,0.283739,0.28,1,274532,274091,441
60990561,8.51604,8.44202,441,116800,0.320748,0.24,1,274534,274093,441
60993481,3.30321,3.2884,441,116800,0.29615,0.26,1,274536,274095,441
60996401,10.2606,15.0577,435,116800,0.37923,0.28,1,274548,274113,435
60999321,19.6521,16.6115,440,116800,0.291846,0.26,1,274570,274130,440
61002241,5.53043,6.52231,438,116800,0.346369,0.33,1,274572,274134,438
61005161,2.70609,2.90446,438,116800,0.325274,0.35,1,274574,274136,438
61008081,5.34122,3.78089,440,116800,0.257055,0.37,1,274580,274140,440
61011001,10.6682,9.55618,441,116800,0.347411,0.3,1,274592,274151,441
61013921,14.1336,13.9112,441,116800,0.277482,0.39,1,274607,274166,441
61016841,7.62673,4.38225,445,116800,0.311496,0.39,1,274613,274168,445
61019761,21.5253,27.2764,437,116800,0.198299,0.43,1,274638,274201,437
61022681,13.1051,15.0553,436,116800,0.30366,0.36,1,274649,274213,436
61025601,12.221,7.81106,442,116800,0.228732,0.46,1,274661,274219,442
61028521,10.4442,12.7622,438,116800,0.221746,0.42,1,274671,274233,438
61031441,5.28884,4.15244,440,116800,0.220349,0.45,1,274675,274235,440
61034361,17.8578,19.2305,438,116800,0.27607,0.41,1,274696,274258,438
61037281,9.97155,5.4461,444,116800,0.287214,0.29,1,274704,274260,444
61040201,3.59431,5.88922,440,116800,0.257443,0.38,1,274706,274266,440
61043121,31.9189,31.5778,441,116800,0.267489,0.3,1,274745,274304,441
61046041,22.3838,23.1156,440,116800,0.293498,0.29,1,274765,274325,440
61048961,23.6768,20.6231,444,116800,0.3227,0.33,1,274789,274345,444
61051881,6.33535,5.72462,444,116800,0.28854,0.41,1,274791,274347,444
61054801,2.86707,2.74492,444,116800,0.257708,0.34,1,274793,274349,444
61057721,2.17341,3.74898,442,116800,0.219542,0.36,1,274795,274353,442
61060641,12.4347,12.7498,442,116800,0.323908,0.41,1,274810,274368,442
61063561,5.68694,4.14996,444,116800,0.304782,0.38,1,274814,274370,444
61066481,2.73739,2.42999,444,116800,0.268956,0.39,1,274816,274372,444
61069401,9.34748,14.086,438,116800,0.333791,0.35,1,274827,274389,438
61072321,5.0695,8.4172,435,116800,0.290758,0.33,1,274831,274396,435
61075241,5.8139,3.28344,439,116800,0.298152,0.32,1,274837,274398,439
61078161,9.96278,10.2567,438,116800,0.27563,0.28,1,274848,274410,438
61081081,30.7926,28.4513,441,116800,0.303126,0.43,1,274884,274443,441
61084001,7.75851,9.69027,438,116800,0.276625,0.38,1,274886,274448,438
61086921,6.3517,7.53805,437,116800,0.279325,0.36,1,274892,274455,437
61089841,13.2703,15.1076,435,116800,0.279865,0.33,1,274907,274472,435
61092761,4.25407,4.62152,435,116800,0.247973,0.4,1,274909,274474,435
61095681,8.05081,2.5243,442,116800,0.305595,0.42,1,274918,274476,442
61098601,6.41016,8.50486,438,116800,0.341119,0.37,1,274924,274486,438
61101521,7.68203,4.90097,442,116800,0.276224,0.26,1,274932,274490,442
61104441,35.1364,34.5802,442,116800,0.231245,0.33,1,274974,274532,442
61107361,8.62728,8.51604,442,116800,0.278249,0.29,1,274976,274534,442
61110281,3.32546,3.30321,442,116800,0.25565,0.4,1,274978,274536,442
61113201,5.46509,10.2606,436,116800,0.27513,0.27,1,274984,274548,436
61116121,19.493,19.6521,437,116800,0.335026,0.36,1,275007,274570,437
61119041,9.4986,5.53043,442,116800,0.267005,0.32,1,275014,274572,442
61121961,3.49972,2.70609,442,116800,0.221401,0.24,1,275016,274574,442
61124881,3.89994,5.34122,440,116800,0.28428,0.37,1,275020,274580,440
61127801,9.57999,10.6682,439,116800,0.336856,0.26,1,275031,274592,439
61130721,11.516,14.1336,436,116800,0.251371,0.32,1,275043,274607,436
61133641,3.9032,7.62673,432,116800,0.202274,0.17,1,275045,274613,432
61136561,25.5806,21.5253,438,116800,0.208455,0.33,1,275076,274638,438
61139481,9.91613,13.1051,433,116800,0.297691,0.21,1,275082,274649,433
61142401,10.7832,12.221,432,116800,0.267538,0.22,1,275093,274661,432
61145321,14.9566,10.4442,438,116800,0.317508,0.22,1,275109,274671,438
61148241,6.19133,5.28884,438,116800,0.327502,0.29,1,275113,274675,438
61151161,17.2383,17.8578,437,116800,0.2655,0.29,1,275133,274696,437
61154081,9.84765,9.97155,437,116800,0.3491,0.25,1,275141,274704,437
61157001,3.56953,3.59431,437,116800,0.33382,0.27,1,275143,274706,437
61159921,35.9139,31.9189,442,116800,0.250764,0.3,1,275187,274745,442
61162841,16.7828,22.3838,434,116800,0.250153,0.33,1,275199,274765,434
61165761,26.5566,23.6768,439,116800,0.226031,0.28,1,275228,274789,439
61168681,6.91131,6.33535,439,116800,0.213206,0.25,1,275230,274791,439
61171601,2.98226,2.86707,439,116800,0.186641,0.21,1,275232,274793,439
61174521,2.19645,2.17341,439,116800,0.149328,0.35,1,275234,274795,439
61177441,12.4393,12.4347,439,116800,0.277866,0.3,1,275249,274810,439
61180361,4.08786,5.68694,437,116800,0.271573,0.26,1,275251,274814,437
61183281,4.01757,2.73739,439,116800,0.206315,0.35,1,275255,274816,439
61186201,7.20351,9.34748,436,116800,0.217263,0.28,1,275263,274827,436
61189121,4.6407,5.0695,436,116800,0.283453,0.3,1,275267,274831,436
61192041,4.12814,5.8139,434,116800,0.240691,0.27,1,275271,274837,434
61194961,15.2256,9.96278,441,116800,0.296138,0.31,1,275289,274848,441
61197881,27.0451,30.7926,435,116800,0.251228,0.27,1,275319,274884,435
61200801,7.00902,7.75851,435,116800,0.306246,0.28,1,275321,274886,435
61203721,8.60181,6.3517,438,116800,0.309249,0.28,1,275330,274892,438
61206641,12.1204,13.2703,436,116800,0.23785,0.24,1,275343,274907,436
61209561,4.02407,4.25407,436,116800,0.22357,0.32,1,275345,274909,436
61212481,7.20481,8.05081,435,116800,0.340714,0.35,1,275353,274918,435
61215401,6.24096,6.41016,435,116800,0.356143,0.26,1,275359,274924,435
61218321,8.44819,7.68203,436,116800,0.391229,0.22,1,275368,274932,436
61221241,36.0896,35.1364,437,116800,0.342246,0.29,1,275411,274974,437
61224161,10.4179,8.62728,439,116800,0.300449,0.25,1,275415,274976,439
61227081,3.68359,3.32546,439,116800,0.34809,0.28,1,275417,274978,439
61230001,3.93672,5.46509,437,116800,0.285618,0.35,1,275421,274984,437
61232921,19.9873,19.493,438,116800,0.289124,0.25,1,275445,275007,438
61235841,5.59747,9.4986,433,116800,0.353825,0.21,1,275447,275014,433
61238761,4.31949,3.49972,435,116800,0.302765,0.3,1,275451,275016,435
61241681,6.4639,3.89994,438,116800,0.308553,0.35,1,275458,275020,438
61244601,6.09278,9.57999,433,116800,0.309711,0.23,1,275464,275031,433
61247521,13.2186,11.516,436,116800,0.293942,0.19,1,275479,275043,436
61250441,5.84371,3.9032,438,116800,0.226788,0.21,1,275483,275045,438
61253361,24.3687,25.5806,436,116800,0.269358,0.32,1,275512,275076,436
61256281,8.07375,9.91613,434,116800,0.221872,0.26,1,275516,275082,434
61259201,15.2147,10.7832,440,116800,0.300374,0.33,1,275533,275093,440
61262121,12.643,14.9566,436,116800,0.276075,0.33,1,275545,275109,436
61265041,7.32859,6.19133,438,116800,0.327215,0.25,1,275551,275113,438
61267961,17.4657,17.2383,438,116800,0.337443,0.37,1,275571,275133,438
61270881,8.29314,9.84765,436,116800,0.283489,0.33,1,275577,275141,436
61273801,6.45863,3.56953,440,116800,0.368698,0.23,1,275583,275143,440
61276721,31.6917,35.9139,434,116800,0.25774,0.25,1,275621,275187,434
61279641,19.1383,16.7828,438,116800,0.371548,0.22,1,275637,275199,438
61282561,19.8277,26.5566,429,116800,0.33831,0.21,1,275657,275228,429
61285481,5.56553,6.91131,429,116800,0.339662,0.18,1,275659,275230,429
61288401,9.91311,2.98226,438,116800,0.403932,0.14,1,275670,275232,438
61291321,3.58262,2.19645,438,116800,0.392786,0.31,1,275672,275234,438
61294241,7.11652,12.4393,431,116800,0.326557,0.27,1,275680,275249,431
61297161,3.0233,4.08786,431,116800,0.321311,0.19,1,275682,275251,431
61300081,6.20466,4.01757,434,116800,0.368262,0.22,1,275689,275255,434
61303001,13.2409,7.20351,441,116800,0.329652,0.3,1,275704,275263,441
61305921,4.24819,4.6407,439,116800,0.32193,0.23,1,275706,275267,439
61308841,4.04964,4.12814,439,116800,0.336386,0.31,1,275710,275271,439
61311761,8.80993,15.2256,431,116800,0.347277,0.24,1,275720,275289,431
61314681,30.562,27.0451,437,116800,0.365455,0.32,1,275756,275319,437
61317601,10.9124,7.00902,441,116800,0.417091,0.31,1,275762,275321,441
61320521,3.78248,8.60181,434,116800,0.395418,0.22,1,275764,275330,434
61323441,15.1565,12.1204,439,116800,0.375084,0.22,1,275782,275343,439
61326361,6.2313,4.02407,441,116800,0.315017,0.37,1,275786,275345,441
61329281,2.84626,7.20481,435,116800,0.271003,0.36,1,275788,275353,435
61332201,10.1693,6.24096,441,116800,0.446201,0.4,1,275800,275359,441
61335121,3.63385,8.44819,434,116800,0.47324,0.33,1,275802,275368,434
61338041,36.7268,36.0896,436,116800,0.382648,0.29,1,275847,275411,436
61340961,8.94535,10.4179,434,116800,0.33253,0.36,1,275849,275415,434
61343881,3.38907,3.68359,434,116800,0.418506,0.27,1,275851,275417,434
61346801,7.07781,3.93672,438,116800,0.347701,0.29,1,275859,275421,438
61349721,18.2156,19.9873,435,116800,0.34954,0.37,1,275880,275445,435
61352641,6.84311,5.59747,437,116800,0.349908,0.29,1,275884,275447,437
61355561,6.16862,4.31949,439,116800,0.445982,0.31,1,275890,275451,439
61358481,6.03372,6.4639,438,116800,0.433196,0.31,1,275896,275458,438
61361401,7.60674,6.09278,440,116800,0.374639,0.29,1,275904,275464,440
61364321,12.7213,13.2186,439,116800,0.330928,0.21,1,275918,275479,439
61367241,5.74427,5.84371,439,116800,0.266186,0.28,1,275922,275483,439
61370161,27.5489,24.3687,443,116800,0.365237,0.21,1,275955,275512,443
61373081,8.70977,8.07375,443,116800,0.329047,0.32,1,275959,275516,443
61376001,9.74195,15.2147,436,116800,0.40181,0.27,1,275969,275533,436
61378921,17.1484,12.643,443,116800,0.336362,0.34,1,275988,275545,443
61381841,5.02968,7.32859,439,116800,0.291272,0.34,1,275990,275551,439
61384761,16.2059,17.4657,438,116800,0.362255,0.27,1,276009,275571,438
61387681,12.0412,8.29314,443,116800,0.352451,0.39,1,276020,275577,443
61390601,5.60824,6.45863,441,116800,0.28649,0.23,1,276024,275583,441
61393521,32.3216,31.6917,442,116800,0.241298,0.4,1,276063,275621,442
61396441,17.6643,19.1383,440,116800,0.27226,0.33,1,276077,275637,440
61399361,21.9329,19.8277,443,116800,0.294452,0.34,1,276100,275657,443
61402281,6.78657,5.56553,444,116800,0.25889,0.42,1,276103,275659,444
61405201,6.15731,9.91311,439,116800,0.267778,0.39,1,276109,275670,439
61408121,2.83146,3.58262,439,116800,0.277556,0.31,1,276111,275672,439
61411041,10.9663,7.11652,444,116800,0.311511,0.32,1,276124,275680,444
61413961,3.79326,3.0233,444,116800,0.286302,0.38,1,276126,275682,444
61416881,3.95865,6.20466,441,116800,0.30526,0.32,1,276130,275689,441
61419801,10.3917,13.2409,438,116800,0.341052,0.32,1,276142,275704,438
61422721,6.87835,4.24819,442,116800,0.31621,0.34,1,276148,275706,442
61425641,2.97567,4.04964,440,116800,0.271242,0.35,1,276150,275710,440
61428561,10.1951,8.80993,442,116800,0.358248,0.37,1,276162,275720,442
61431481,31.639,30.562,443,116800,0.27165,0.43,1,276199,275756,443
61434401,11.1278,10.9124,443,116800,0.32633,0.39,1,276205,275762,443
61437321,3.82556,3.78248,443,116800,0.361266,0.37,1,276207,275764,443
61440241,11.1651,15.1565,438,116800,0.376253,0.3,1,276220,275782,438
61443161,5.43302,6.2313,438,116800,0.323251,0.26,1,276224,275786,438
61446081,8.2866,2.84626,445,116800,0.30465,0.49,1,276233,275788,445
61449001,11.2573,10.1693,445,116800,0.29293,0.48,1,276245,275800,445
61451921,3.85146,3.63385,445,116800,0.298586,0.36,1,276247,275802,445
61454841,31.9703,36.7268,439,116800,0.387717,0.32,1,276286,275847,439
61457761,7.99406,8.94535,439,116800,0.373543,0.44,1,276288,275849,439
61460681,3.19881,3.38907,439,116800,0.370709,0.33,1,276290,275851,439
61463601,8.63976,7.07781,441,116800,0.402142,0.35,1,276300,275859,441
61466521,21.728,18.2156,445,116800,0.296428,0.35,1,276325,275880,445
61469441,5.94559,6.84311,443,116800,0.251286,0.47,1,276327,275884,443
61472361,2.78912,6.16862,439,116800,0.210257,0.43,1,276329,275890,439
61475281,3.75782,6.03372,437,116800,0.266051,0.36,1,276333,275896,437
61478201,10.3516,7.60674,441,116800,0.23721,0.32,1,276345,275904,441
61481121,15.6703,12.7213,444,116800,0.215442,0.25,1,276362,275918,444
61484041,4.73406,5.74427,442,116800,0.203088,0.39,1,276364,275922,442
61486961,27.3468,27.5489,442,116800,0.232618,0.32,1,276397,275955,442
61489881,10.2694,8.70977,444,116800,0.302524,0.42,1,276403,275959,444
61492801,8.45387,9.74195,442,116800,0.236505,0.32,1,276411,275969,442
61495721,18.4908,17.1484,444,116800,0.303301,0.28,1,276432,275988,444
61498641,5.29815,5.02968,444,116800,0.28466,0.38,1,276434,275990,444
61501561,12.2596,16.2059,439,116800,0.336932,0.35,1,276448,276009,439
61504481,12.0519,12.0412,440,116800,0.315386,0.27,1,276460,276020,440
61507401,7.21039,5.60824,442,116800,0.343077,0.23,1,276466,276024,442
61510321,27.8421,32.3216,436,116800,0.316615,0.28,1,276499,276063,436
61513241,17.5684,17.6643,437,116800,0.359323,0.3,1,276514,276077,437
61516161,20.3137,21.9329,435,116800,0.271865,0.25,1,276535,276100,435
61519081,7.26274,6.78657,436,116800,0.374373,0.27,1,276539,276103,436
61522001,7.85255,6.15731,438,116800,0.282875,0.28,1,276547,276109,438
61524921,4.77051,2.83146,440,116800,0.304575,0.32,1,276551,276111,440
61527841,12.1541,10.9663,441,116800,0.260915,0.28,1,276565,276124,441
61530761,4.03082,3.79326,441,116800,0.228183,0.31,1,276567,276126,441
61533681,2.40616,3.95865,439,116800,0.309637,0.35,1,276569,276130,439
61536601,5.28123,10.3917,433,116800,0.269927,0.31,1,276575,276142,433
61539521,8.25625,6.87835,436,116800,0.261985,0.26,1,276584,276148,436
61542441,4.85125,2.97567,438,116800,0.308397,0.38,1,276588,276150,438
61545361,12.1702,10.1951,440,116800,0.309679,0.25,1,276602,276162,440
61548281,32.834,31.639,441,116800,0.277936,0.34,1,276640,276199,441
61551201,11.3668,11.1278,441,116800,0.215587,0.37,1,276646,276205,441
61554121,3.87336,3.82556,441,116800,0.227117,0.38,1,276648,276207,441
61557041,8.77467,11.1651,438,116800,0.269423,0.31,1,276658,276220,438
61559961,8.95493,5.43302,443,116800,0.277885,0.3,1,276667,276224,443
61562881,3.39099,8.2866,436,116800,0.335577,0.29,1,276669,276233,436
61565801,15.8782,11.2573,443,116800,0.315115,0.3,1,276688,276245,443
61568721,4.77564,3.85146,443,116800,0.303023,0.41,1,276690,276247,443
61571641,24.9551,31.9703,434,116800,0.356605,0.37,1,276720,276286,434
61574561,6.59103,7.99406,434,116800,0.335321,0.37,1,276722,276288,434
61577481,9.3182,3.19881,442,116800,0.363064,0.41,1,276732,276290,442
61580401,6.66364,8.63976,438,116800,0.304613,0.27,1,276738,276300,438
61583321,18.1327,21.728,434,116800,0.332923,0.24,1,276759,276325,434
61586241,5.22655,5.94559,434,116800,0.306585,0.2,1,276761,276327,434
61589161,4.24531,2.78912,436,116800,0.357317,0.28,1,276765,276329,436
61592081,2.44906,3.75782,434,116800,0.335463,0.23,1,276767,276333,434
61595001,10.8898,10.3516,435,116800,0.355093,0.21,1,276780,276345,435
61597921,15.778,15.6703,435,116800,0.279019,0.2,1,276797,276362,435
61600841,6.35559,4.73406,437,116800,0.207804,0.24,1,276801,276364,437
61603761,26.8711,27.3468,436,116800,0.297561,0.32,1,276833,276397,436
61606681,10.1742,10.2694,436,116800,0.227512,0.22,1,276839,276403,436
61609601,10.0348,8.45387,438,116800,0.309502,0.32,1,276849,276411,438
61612521,22.007,18.4908,442,116800,0.3419,0.28,1,276874,276432,442
61615441,6.00139,5.29815,442,116800,0.32438,0.35,1,276876,276434,442
61618361,9.20028,12.2596,438,116800,0.352876,0.31,1,276886,276448,438
61621281,9.04006,12.0519,435,116800,0.398575,0.35,1,276895,276460,435
61624201,5.00801,7.21039,433,116800,0.399715,0.31,1,276899,276466,433
61627121,33.0016,27.8421,440,116800,0.375943,0.37,1,276939,276499,440
61630041,20.2003,17.5684,442,116800,0.419189,0.25,1,276956,276514,442
61632961,14.4401,20.3137,434,116800,0.411838,0.4,1,276969,276535,434
61635881,4.48801,7.26274,432,116800,0.410368,0.26,1,276971,276539,432
61638801,9.6976,7.85255,435,116800,0.394074,0.31,1,276982,276547,435
61641721,5.13952,4.77051,435,116800,0.406815,0.25,1,276986,276551,435
61644641,12.2279,12.1541,435,116800,0.401363,0.22,1,277000,276565,435
61647561,4.04558,4.03082,435,116800,0.368273,0.33,1,277002,276567,435
61650481,4.00912,2.40616,437,116800,0.393655,0.26,1,277006,276569,437
61653401,7.20182,5.28123,439,116800,0.406731,0.26,1,277014,276575,439
61656321,9.44036,8.25625,440,116800,0.377346,0.32,1,277024,276584,440
61659241,3.48807,4.85125,438,116800,0.371469,0.31,1,277026,276588,438
61662161,10.2976,12.1702,436,116800,0.426294,0.27,1,277038,276602,436
61665081,30.0595,32.834,433,116800,0.293259,0.2,1,277073,276640,433
61668001,14.0119,11.3668,437,116800,0.362652,0.23,1,277083,276646,437
61670921,4.40238,3.87336,437,116800,0.43253,0.28,1,277085,276648,437
61673841,11.2805,8.77467,440,116800,0.318506,0.28,1,277098,276658,440
61676761,10.2561,8.95493,441,116800,0.247701,0.35,1,277108,276667,441
61679681,3.65122,3.39099,441,116800,0.38554,0.31,1,277110,276669,441
61682601,12.7302,15.8782,437,116800,0.397108,0.3,1,277125,276688,437
61685521,5.74605,4.77564,439,116800,0.391422,0.37,1,277129,276690,439
61688441,26.7492,24.9551,441,116800,0.254284,0.33,1,277161,276720,441
61691361,6.94984,6.59103,441,116800,0.346857,0.37,1,277163,276722,441
61694281,6.98997,9.3182,438,116800,0.413371,0.29,1,277170,276732,438
61697201,6.19799,6.66364,438,116800,0.394674,0.34,1,277176,276738,438
61700121,16.4396,18.1327,436,116800,0.438935,0.3,1,277195,276759,436
61703041,4.88792,5.22655,436,116800,0.447787,0.37,1,277197,276761,436
61705961,7.37758,4.24531,440,116800,0.401557,0.33,1,277205,276765,440
61708881,3.07552,2.44906,440,116800,0.400311,0.36,1,277207,276767,440
61711801,11.8151,10.8898,441,116800,0.392062,0.26,1,277221,276780,441
61714721,14.363,15.778,439,116800,0.342412,0.19,1,277236,276797,439
61717641,4.4726,6.35559,437,116800,0.300483,0.32,1,277238,276801,437
61720561,28.8945,26.8711,440,116800,0.324097,0.21,1,277273,276833,440
61723481,10.5789,10.1742,440,116800,0.344819,0.33,1,277279,276839,440
61726401,10.1158,10.0348,440,116800,0.340964,0.35,1,277289,276849,440
61729321,22.8232,22.007,441,116800,0.308193,0.32,1,277315,276874,441
61732241,6.16463,6.00139,441,116800,0.269639,0.36,1,277317,276876,441
61735161,9.23293,9.20028,441,116800,0.221928,0.41,1,277327,276886,441
61738081,6.64659,9.04006,438,116800,0.340386,0.4,1,277333,276895,438
61741001,4.52932,5.00801,438,116800,0.372077,0.37,1,277337,276899,438
61743921,36.1059,33.0016,442,116800,0.338415,0.43,1,277381,276939,442
61746841,20.0212,20.2003,441,116800,0.339683,0.41,1,277397,276956,441
61749761,15.2042,14.4401,442,116800,0.355937,0.41,1,277411,276969,442
61752681,4.64085,4.48801,442,116800,0.359187,0.39,1,277413,276971,442
61755601,6.52817,9.6976,438,116800,0.287837,0.41,1,277420,276982,438
61758521,9.30563,5.13952,444,116800,0.345568,0.4,1,277430,276986,444
61761441,9.06113,12.2279,439,116800,0.317114,0.36,1,277439,277000,439
61764361,5.01223,4.04558,441,116800,0.375423,0.4,1,277443,277002,441
61767281,4.20245,4.00912,441,116800,0.331085,0.41,1,277447,277006,441
61770201,7.24049,7.20182,441,116800,0.378217,0.37,1,277455,277014,441
61773121,7.8481,9.44036,439,116800,0.387643,0.37,1,277463,277024,439
61776041,7.96962,3.48807,445,116800,0.397529,0.44,1,277471,277026,445
61778961,5.59392,10.2976,438,116800,0.367506,0.26,1,277476,277038,438
61781881,29.9188,30.0595,439,116800,0.401501,0.38,1,277512,277073,439
61784801,10.7838,14.0119,435,116800,0.3123,0.45,1,277518,277083,435
61787721,3.75675,4.40238,435,116800,0.27046,0.29,1,277520,277085,435
61790641,11.9514,11.2805,436,116800,0.358092,0.23,1,277534,277098,436
61793561,14.3903,10.2561,441,116800,0.343618,0.42,1,277549,277108,441
61796481,4.47805,3.65122,441,116800,0.308724,0.4,1,277551,277110,441
61799401,8.89561,12.7302,436,116800,0.341745,0.39,1,277561,277125,436
61802321,8.97912,5.74605,441,116800,0.372349,0.22,1,277570,277129,441
61805241,28.1958,26.7492,442,116800,0.29047,0.37,1,277603,277161,442
61808161,7.23916,6.94984,442,116800,0.386094,0.43,1,277605,277163,442
61811081,6.24783,6.98997,441,116800,0.309219,0.39,1,277611,277170,441
61814001,4.44957,6.19799,439,116800,0.301844,0.45,1,277615,277176,439
61816921,18.4899,16.4396,442,116800,0.412369,0.45,1,277637,277195,442
61819841,5.29798,4.88792,442,116800,0.426474,0.39,1,277639,277197,442
61822761,4.2596,7.37758,438,116800,0.397295,0.4,1,277643,277205,438
61825681,2.45192,3.07552,438,116800,0.359459,0.39,1,277645,277207,438
61828601,15.6904,11.8151,443,116800,0.303892,0.33,1,277664,277221,443
61831521,6.33808,14.363,432,116800,0.332778,0.29,1,277668,277236,432
61834441,9.26762,4.4726,440,116800,0.362556,0.33,1,277678,277238,440
61837361,29.8535,28.8945,440,116800,0.320511,0.35,1,277713,277273,440
61840281,10.7707,10.5789,440,116800,0.224102,0.34,1,277719,277279,440
61843201,9.35414,10.1158,439,116800,0.30082,0.3,1,277728,277289,439
61846121,17.8708,22.8232,433,116800,0.276164,0.26,1,277748,277315,433
61849041,5.17417,6.16463,433,116800,0.375233,0.21,1,277750,277317,433
61851961,14.6348,9.23293,440,116800,0.243047,0.37,1,277767,277327,440
61854881,8.52697,6.64659,441,116800,0.384609,0.38,1,277774,277333,441
61857801,3.30539,4.52932,439,116800,0.420922,0.33,1,277776,277337,439
61860721,35.0611,36.1059,438,116800,0.380184,0.34,1,277819,277381,438
61863641,19.8122,20.0212,438,116800,0.332037,0.36,1,277835,277397,438
61866561,12.7624,15.2042,435,116800,0.370407,0.36,1,277846,277411,435
61869481,5.75249,4.64085,437,116800,0.306081,0.27,1,277850,277413,437
61872401,10.7505,6.52817,442,116800,0.333216,0.36,1,277862,277420,442
61875321,6.9501,9.30563,438,116800,0.234643,0.31,1,277868,277430,438
61878241,9.39002,9.06113,439,116800,0.270929,0.39,1,277878,277439,439
61881161,8.278,5.01223,443,116800,0.262186,0.32,1,277886,277443,443
61884081,3.2556,4.20245,441,116800,0.236437,0.39,1,277888,277447,441
61887001,7.05112,7.24049,441,116800,0.143287,0.39,1,277896,277455,441
61889921,8.61022,7.8481,442,116800,0.260657,0.4,1,277905,277463,442
61892841,9.72204,7.96962,444,116800,0.324132,0.36,1,277915,277471,444
61895761,5.14441,5.59392,443,116800,0.312826,0.41,1,277919,277476,443
61898681,29.8289,29.9188,443,116800,0.294565,0.29,1,277955,277512,443
61901601,8.36578,10.7838,440,116800,0.274913,0.26,1,277958,277518,440
61904521,3.27316,3.75675,440,116800,0.246983,0.38,1,277960,277520,440
61907441,13.4546,11.9514,442,116800,0.297397,0.34,1,277976,277534,442
61910361,13.0909,14.3903,440,116800,0.275479,0.3,1,277989,277549,440
61913281,4.21819,4.47805,440,116800,0.247096,0.35,1,277991,277551,440
61916201,8.84364,8.89561,440,116800,0.337419,0.38,1,278001,277561,440
61919121,6.56873,8.97912,437,116800,0.323484,0.27,1,278007,277570,437
61922041,26.9137,28.1958,436,116800,0.328697,0.41,1,278039,277603,436
61924961,6.98275,7.23916,436,116800,0.297739,0.29,1,278041,277605,436
61927881,8.59655,6.24783,439,116800,0.347548,0.3,1,278050,277611,439
61930801,4.91931,4.44957,439,116800,0.33351,0.44,1,278054,277615,439
61933721,19.3839,18.4899,440,116800,0.362702,0.43,1,278077,277637,440
61936641,8.67677,5.29798,444,116800,0.30454,0.39,1,278083,277639,444
61939561,3.33535,4.2596,442,116800,0.284908,0.35,1,278085,277643,442
61942481,2.26707,2.45192,442,116800,0.248982,0.29,1,278087,277645,442
61945401,14.8534,15.6904,441,116800,0.281796,0.34,1,278105,277664,441
61948321,6.17068,6.33808,441,116800,0.320359,0.37,1,278109,277668,441
61951241,7.63414,9.26762,439,116800,0.256072,0.31,1,278117,277678,439
61954161,30.3268,29.8535,440,116800,0.307214,0.2,1,278153,277713,440
61957081,9.26537,10.7707,438,116800,0.253443,0.32,1,278157,277719,438
61960001,11.4531,9.35414,441,116800,0.354689,0.27,1,278169,277728,441
61962921,15.8906,17.8708,438,116800,0.302938,0.4,1,278186,277748,438
61965841,4.77812,5.17417,438,116800,0.332588,0.21,1,278188,277750,438
61968761,17.7556,14.6348,442,116800,0.306518,0.42,1,278209,277767,442
61971681,8.35113,8.52697,441,116800,0.317304,0.43,1,278215,277774,441
61974601,4.87022,3.30539,443,116800,0.327461,0.37,1,278219,277776,443
61977521,27.374,35.0611,433,116800,0.249492,0.32,1,278252,277819,433
61980441,23.8748,19.8122,440,116800,0.297898,0.38,1,278275,277835,440
61983361,12.775,12.7624,439,116800,0.32358,0.29,1,278285,277846,439
61986281,5.75499,5.75249,439,116800,0.304716,0.34,1,278289,277850,439
61989201,9.151,10.7505,437,116800,0.316943,0.21,1,278299,277862,437
61992121,6.6302,6.9501,437,116800,0.247389,0.28,1,278305,277868,437
61995041,6.92604,9.39002,434,116800,0.265478,0.26,1,278312,277878,434
61997961,2.98521,8.278,428,116800,0.237096,0.23,1,278314,277886,428
62000881,3.79704,3.2556,430,116800,0.263419,0.12,1,278318,277888,430
62003801,11.9594,7.05112,436,116800,0.348684,0.29,1,278332,277896,436
62006721,12.7919,8.61022,440,116800,0.357737,0.34,1,278345,277905,440
62009641,5.75838,9.72204,434,116800,0.295547,0.31,1,278349,277915,434
62012561,2.75168,5.14441,432,116800,0.307109,0.29,1,278351,277919,432
62015481,28.5503,29.8289,431,116800,0.325422,0.27,1,278386,277955,431
62018401,8.91007,8.36578,432,116800,0.265084,0.24,1,278390,277958,432
62021321,7.38201,3.27316,437,116800,0.317017,0.31,1,278397,277960,437
62024241,11.0764,13.4546,433,116800,0.247403,0.27,1,278409,277976,433
62027161,11.8153,13.0909,432,116800,0.289481,0.24,1,278421,277989,432
62030081,9.56306,4.21819,439,116800,0.241896,0.36,1,278430,277991,439
62033001,6.71261,8.84364,435,116800,0.288379,0.32,1,278436,278001,435
62035921,6.14252,6.56873,435,116800,0.249676,0.33,1,278442,278007,435
62038841,30.0285,26.9137,439,116800,0.193935,0.29,1,278478,278039,439
62041761,7.6057,6.98275,439,116800,0.150787,0.36,1,278480,278041,439
62044681,4.72114,8.59655,434,116800,0.102157,0.33,1,278484,278050,434
62047601,9.74423,4.91931,441,116800,0.260431,0.37,1,278495,278054,441
62050521,13.9488,19.3839,433,116800,0.300086,0.29,1,278510,278077,433
62053441,10.7898,8.67677,437,116800,0.204017,0.28,1,278520,278083,437
62056361,3.75795,3.33535,437,116800,0.184803,0.24,1,278522,278085,437
62059281,2.35159,2.26707,437,116800,0.284961,0.29,1,278524,278087,437
62062201,13.2703,14.8534,435,116800,0.304992,0.33,1,278540,278105,435
62065121,10.6541,6.17068,441,116800,0.220998,0.24,1,278550,278109,441
62068041,8.53081,7.63414,441,116800,0.2202,0.32,1,278558,278117,441
62070961,24.1062,30.3268,433,116800,0.12404,0.24,1,278586,278153,433
62073881,13.6212,9.26537,440,116800,0.256808,0.38,1,278597,278157,440
62076801,10.7242,11.4531,438,116800,0.243362,0.29,1,278607,278169,438
62079721,15.7448,15.8906,438,116800,0.272672,0.34,1,278624,278186,438
62082641,4.74897,4.77812,438,116800,0.238534,0.3,1,278626,278188,438
62085561,17.7498,17.7556,438,116800,0.191707,0.32,1,278647,278209,438
62088481,6.74996,8.35113,436,116800,0.222341,0.33,1,278651,278215,436
62091401,6.14999,4.87022,438,116800,0.204468,0.23,1,278657,278219,438
62094321,27.63,27.374,438,116800,0.248894,0.31,1,278690,278252,438
62097241,23.926,23.8748,438,116800,0.337779,0.33,1,278713,278275,438
62100161,7.9852,12.775,432,116800,0.291556,0.3,1,278717,278285,432
62103081,9.59704,5.75499,438,116800,0.338311,0.32,1,278727,278289,438
62106001,9.91941,9.151,438,116800,0.259662,0.23,1,278737,278299,438
62108921,3.58388,6.6302,434,116800,0.243932,0.27,1,278739,278305,434
62111841,10.3168,6.92604,439,116800,0.312786,0.23,1,278751,278312,439
62114761,5.26336,2.98521,441,116800,0.270557,0.27,1,278755,278314,441
62117681,2.65267,3.79704,439,116800,0.230111,0.37,1,278757,278318,439
62120601,13.3305,11.9594,441,116800,0.278022,0.36,1,278773,278332,441
62123521,7.46611,12.7919,434,116800,0.303604,0.28,1,278779,278345,434
62126441,9.49322,5.75838,440,116800,0.308721,0.31,1,278789,278349,440
62129361,3.49864,2.75168,440,116800,0.309744,0.33,1,278791,278351,440
62132281,26.2997,28.5503,437,116800,0.349949,0.25,1,278823,278386,437
62135201,8.45995,8.91007,437,116800,0.32599,0.33,1,278827,278390,437
62138121,3.29199,7.38201,432,116800,0.297198,0.23,1,278829,278397,432
62141041,11.0584,11.0764,433,116800,0.35544,0.3,1,278842,278409,433
62143961,11.8117,11.8153,433,116800,0.255088,0.23,1,278854,278421,433
62146881,10.3623,9.56306,434,116800,0.219018,0.3,1,278864,278430,434
62149801,11.6725,6.71261,440,116800,0.211804,0.24,1,278876,278436,440
62152721,3.93449,6.14252,436,116800,0.234361,0.18,1,278878,278442,436
62155641,24.7869,30.0285,430,116800,0.246872,0.14,1,278908,278478,430
62158561,6.55738,7.6057,430,116800,0.249374,0.09,1,278910,278480,430
62161481,8.51148,4.72114,435,116800,0.297875,0.3,1,278919,278484,435
62164401,6.5023,9.74423,430,116800,0.339575,0.31,1,278925,278495,430
62167321,13.3005,13.9488,430,116800,0.379915,0.18,1,278940,278510,430
62170241,11.4601,10.7898,431,116800,0.315983,0.18,1,278951,278520,431
62173161,3.89202,3.75795,431,116800,0.391197,0.31,1,278953,278522,431
62176081,2.3784,2.35159,431,116800,0.374239,0.31,1,278955,278524,431
62179001,13.2757,13.2703,431,116800,0.394848,0.2,1,278971,278540,431
62181921,15.4551,10.6541,437,116800,0.37497,0.22,1,278987,278550,437
62184841,7.89103,8.53081,435,116800,0.362994,0.1,1,278993,278558,435
62187761,23.1782,24.1062,434,116800,0.344599,0.29,1,279020,278586,434
62190681,14.2356,13.6212,435,116800,0.38092,0.24,1,279032,278597,435
62193601,12.4471,10.7242,437,116800,0.420184,0.28,1,279044,278607,437
62196521,12.0894,15.7448,432,116800,0.324037,0.23,1,279056,278624,432
62199441,4.01789,4.74897,432,116800,0.312807,0.18,1,279058,278626,432
62202361,18.4036,17.7498,433,116800,0.262561,0.23,1,279080,278647,433
62205281,10.0807,6.74996,437,116800,0.284512,0.2,1,279088,278651,437
62208201,3.61614,6.14999,433,116800,0.320902,0.26,1,279090,278657,433
62211121,31.1232,27.63,438,116800,0.31218,0.36,1,279128,278690,438
62214041,22.2246,23.926,435,116800,0.358436,0.28,1,279148,278713,435
62216961,12.4449,7.9852,441,116800,0.311687,0.35,1,279158,278717,441
62219881,5.68899,9.59704,435,116800,0.270337,0.24,1,279162,278727,435
62222801,10.7378,9.91941,437,116800,0.310067,0.24,1,279174,278737,437
62225721,5.34756,3.58388,439,116800,0.278013,0.33,1,279178,278739,439
62228641,6.66951,10.3168,434,116800,0.335603,0.26,1,279185,278751,434
62231561,2.9339,5.26336,432,116800,0.363121,0.22,1,279187,278755,432
62234481,2.18678,2.65267,432,116800,0.368624,0.29,1,279189,278757,432
62237401,14.8374,13.3305,434,116800,0.273725,0.31,1,279207,278773,434
62240321,10.1675,7.46611,437,116800,0.366745,0.31,1,279216,278779,437
62243241,8.43349,9.49322,435,116800,0.305349,0.31,1,279224,278789,435
62246161,6.4867,3.49864,439,116800,0.22107,0.36,1,279230,278791,439
62249081,27.6973,26.2997,440,116800,0.276214,0.32,1,279263,278823,440
62252001,9.53947,8.45995,441,116800,0.319243,0.29,1,279268,278827,441
62254921,3.50789,3.29199,441,116800,0.351849,0.37,1,279270,278829,441
62257841,5.50158,11.0584,434,116800,0.28637,0.23,1,279276,278842,434
62260761,9.90032,11.8117,433,116800,0.305274,0.21,1,279287,278854,433
62263681,9.98006,10.3623,433,116800,0.349055,0.21,1,279297,278864,433
62266601,13.196,11.6725,435,116800,0.253811,0.24,1,279311,278876,435
62269521,4.2392,3.93449,435,116800,0.258762,0.25,1,279313,278878,435
62272441,25.6478,24.7869,436,116800,0.315752,0.25,1,279344,278908,436
62275361,8.32957,6.55738,438,116800,0.26315,0.31,1,279348,278910,438
62278281,6.46591,8.51148,435,116800,0.30063,0.35,1,279354,278919,435
62281201,6.09318,6.5023,435,116800,0.292126,0.39,1,279360,278925,435
62284121,14.0186,13.3005,436,116800,0.218425,0.3,1,279376,278940,436
62287041,10.0037,11.4601,434,116800,0.283685,0.41,1,279385,278951,434
62289961,10.0007,3.89202,442,116800,0.216737,0.37,1,279395,278953,442
62292881,3.60015,2.3784,442,116800,0.203347,0.4,1,279397,278955,442
62295801,8.72003,13.2757,436,116800,0.232669,0.37,1,279407,278971,436
62298721,16.944,15.4551,439,116800,0.182534,0.36,1,279426,278987,439
62301641,4.9888,7.89103,435,116800,0.172507,0.34,1,279428,278993,435
62304561,27.3978,23.1782,441,116800,0.266501,0.39,1,279461,279020,441
62307481,15.0796,14.2356,441,116800,0.3413,0.43,1,279473,279032,441
62310401,9.41591,12.4471,437,116800,0.26826,0.3,1,279481,279044,437
62313321,13.0832,12.0894,439,116800,0.229652,0.31,1,279495,279056,439
62316241,7.41664,4.01789,443,116800,0.28593,0.25,1,279501,279058,443
62319161,15.0833,18.4036,438,116800,0.281186,0.29,1,279518,279080,438
62322081,7.81667,10.0807,436,116800,0.304237,0.33,1,279524,279088,436
62325001,7.96333,3.61614,442,116800,0.276847,0.31,1,279532,279090,442
62327921,31.9927,31.1232,442,116800,0.279369,0.37,1,279570,279128,442
62330841,19.1985,22.2246,438,116800,0.303874,0.3,1,279586,279148,438
62333761,12.6397,12.4449,439,116800,0.276775,0.26,1,279597,279158,439
62336681,4.12794,5.68899,437,116800,0.303355,0.32,1,279599,279162,437
62339601,11.2256,10.7378,438,116800,0.332671,0.27,1,279612,279174,438
62342521,7.04512,5.34756,440,116800,0.258534,0.35,1,279618,279178,440
62345441,6.20902,6.66951,439,116800,0.315707,0.37,1,279624,279185,439
62348361,2.8418,2.9339,439,116800,0.287141,0.37,1,279626,279187,439
62351281,2.16836,2.18678,439,116800,0.249428,0.25,1,279628,279189,439
62354201,16.4337,14.8374,441,116800,0.209886,0.39,1,279648,279207,441
62357121,4.88673,10.1675,434,116800,0.169977,0.29,1,279650,279216,434
62360041,9.77735,8.43349,437,116800,0.201995,0.2,1,279661,279224,437
62362961,6.75547,6.4867,437,116800,0.208399,0.29,1,279667,279230,437
62365881,27.7511,27.6973,437,116800,0.31368,0.33,1,279700,279263,437
62368801,7.15022,9.53947,434,116800,0.302736,0.36,1,279702,279268,434
62371721,7.03004,3.50789,439,116800,0.284547,0.27,1,279709,279270,439
62374641,4.60601,5.50158,437,116800,0.280909,0.31,1,279713,279276,437
62377561,11.3212,9.90032,439,116800,0.344182,0.36,1,279726,279287,439
62380481,7.06424,9.98006,435,116800,0.252836,0.23,1,279732,279297,435
62383401,12.6128,13.196,435,116800,0.306567,0.26,1,279746,279311,435
62386321,4.12257,4.2392,435,116800,0.285313,0.33,1,279748,279313,435
62389241,26.4245,25.6478,436,116800,0.313063,0.25,1,279780,279344,436
62392161,8.4849,8.32957,436,116800,0.294613,0.31,1,279784,279348,436
62395081,3.29698,6.46591,432,116800,0.258922,0.29,1,279786,279354,432
62398001,8.6594,6.09318,436,116800,0.203785,0.2,1,279796,279360,436
62400921,14.5319,14.0186,436,116800,0.264757,0.3,1,279812,279376,436
62403841,6.10638,10.0037,431,116800,0.324951,0.2,1,279816,279385,431
62406761,11.6213,10.0007,434,116800,0.30499,0.2,1,279829,279395,434
62409681,3.92426,3.60015,434,116800,0.324998,0.24,1,279831,279397,434
62412601,10.3849,8.72003,436,116800,0.313,0.17,1,279843,279407,436
62415521,14.077,16.944,432,116800,0.3266,0.17,1,279858,279426,432
62418441,6.01539,4.9888,434,116800,0.35332,0.29,1,279862,279428,434
62421361,26.0031,27.3978,432,116800,0.254664,0.36,1,279893,279461,432
62424281,17.2006,15.0796,435,116800,0.298933,0.25,1,279908,279473,435
62427201,8.24012,9.41591,433,116800,0.355787,0.22,1,279914,279481,433
62430121,13.648,13.0832,434,116800,0.399157,0.3,1,279929,279495,434
62433041,9.92961,7.41664,437,116800,0.343831,0.28,1,279938,279501,437
62435961,14.7859,15.0833,436,116800,0.324766,0.31,1,279954,279518,436
62438881,7.75718,7.81667,436,116800,0.280953,0.27,1,279960,279524,436
62441801,9.55144,7.96333,438,116800,0.336191,0.28,1,279970,279532,438
62444721,33.1103,31.9927,439,116800,0.355238,0.31,1,280009,279570,439
62447641,15.4221,19.1985,434,116800,0.319048,0.27,1,280020,279586,434
62450561,11.0844,12.6397,433,116800,0.34381,0.31,1,280030,279597,433
62453481,7.81688,4.12794,438,116800,0.364762,0.34,1,280037,279599,438
62456401,6.36338,11.2256,431,116800,0.376952,0.24,1,280043,279612,431
62459321,8.47268,7.04512,434,116800,0.31539,0.33,1,280052,279618,434
62462241,3.29454,6.20902,430,116800,0.383078,0.28,1,280054,279624,430
62465161,2.25891,2.8418,430,116800,0.364616,0.24,1,280056,279626,430
62468081,3.65178,2.16836,432,116800,0.320923,0.2,1,280060,279628,432
62471001,16.7304,16.4337,432,116800,0.328185,0.16,1,280080,279648,432
62473921,4.94607,4.88673,432,116800,0.297637,0.21,1,280082,279650,432
62476841,7.38921,9.77735,429,116800,0.395527,0.21,1,280090,279661,429
62479761,10.2778,6.75547,434,116800,0.359105,0.34,1,280101,279667,434
62482681,29.2556,27.7511,435,116800,0.263821,0.3,1,280135,279700,435
62485601,7.45111,7.15022,435,116800,0.244764,0.28,1,280137,279702,435
62488521,7.89022,7.03004,436,116800,0.304953,0.28,1,280145,279709,436
62491441,4.77804,4.60601,436,116800,0.388991,0.36,1,280149,279713,436
62494361,12.1556,11.3212,437,116800,0.357798,0.23,1,280163,279726,437
62497281,4.03112,7.06424,433,116800,0.31956,0.32,1,280165,279732,433
62500201,17.6062,12.6128,440,116800,0.247912,0.28,1,280186,279746,440
62503121,5.12124,4.12257,440,116800,0.393582,0.32,1,280188,279748,440
62506041,19.4242,26.4245,431,116800,0.350716,0.29,1,280211,279780,431
62508961,7.08485,8.4849,431,116800,0.374143,0.25,1,280215,279784,431
62511881,3.01697,3.29698,431,116800,0.370829,0.19,1,280217,279786,431
62514801,11.0034,8.6594,434,116800,0.306166,0.28,1,280230,279796,434
62517721,19.0007,14.5319,439,116800,0.357233,0.34,1,280251,279812,439
62520641,5.40014,6.10638,437,116800,0.399447,0.3,1,280253,279816,437
62523561,12.28,11.6213,438,116800,0.399889,0.33,1,280267,279829,438
62526481,4.05601,3.92426,438,116800,0.367978,0.31,1,280269,279831,438
62529401,12.0112,10.3849,440,116800,0.361596,0.33,1,280283,279843,440
62532321,10.4022,14.077,435,116800,0.336319,0.36,1,280293,279858,435
62535241,7.68045,6.01539,438,116800,0.379264,0.23,1,280300,279862,438
62538161,25.5361,26.0031,437,116800,0.307853,0.31,1,280330,279893,437
62541081,17.1072,17.2006,437,116800,0.349571,0.37,1,280345,279908,437
62544001,9.82144,8.24012,439,116800,0.333914,0.41,1,280353,279914,439
62546921,13.1643,13.648,438,116800,0.338783,0.33,1,280367,279929,438
62549841,7.43286,9.92961,435,116800,0.339757,0.32,1,280373,279938,435
62552761,20.6866,14.7859,443,116800,0.243951,0.27,1,280397,279954,443
62555681,7.33731,7.75718,441,116800,0.27279,0.35,1,280401,279960,441
62558601,4.66746,9.55144,435,116800,0.278558,0.36,1,280405,279970,435
62561521,33.7335,33.1103,437,116800,0.231712,0.31,1,280446,280009,437
62564441,17.1467,15.4221,439,116800,0.326342,0.35,1,280459,280020,439
62567361,9.82934,11.0844,437,116800,0.337268,0.37,1,280467,280030,437
62570281,10.7659,7.81688,441,116800,0.331454,0.38,1,280478,280037,441
62573201,7.75317,6.36338,442,116800,0.282291,0.3,1,280485,280043,442
62576121,4.75063,8.47268,437,116800,0.240458,0.4,1,280489,280052,437
62579041,2.55013,3.29454,437,116800,0.344092,0.36,1,280491,280054,437
62581961,2.11003,2.25891,437,116800,0.340818,0.31,1,280493,280056,437
62584881,3.62201,3.65178,437,116800,0.308164,0.33,1,280497,280060,437
62587801,19.9244,16.7304,441,116800,0.333633,0.29,1,280521,280080,441
62590721,5.58488,4.94607,441,116800,0.306727,0.42,1,280523,280082,441
62593641,4.31698,7.38921,437,116800,0.237345,0.35,1,280527,280090,437
62596561,7.2634,10.2778,434,116800,0.351469,0.24,1,280535,280101,434
62599481,31.0527,29.2556,437,116800,0.334294,0.24,1,280572,280135,437
62602401,9.41054,7.45111,439,116800,0.266859,0.32,1,280576,280137,439
62605321,5.08211,7.89022,435,116800,0.317372,0.41,1,280580,280145,435
62608241,7.41642,4.77804,439,116800,0.391474,0.35,1,280588,280149,439
62611161,11.0833,12.1556,437,116800,0.438295,0.31,1,280600,280163,437
62614081,7.01666,4.03112,441,116800,0.351659,0.23,1,280606,280165,441
62617001,15.0033,17.6062,437,116800,0.430332,0.43,1,280623,280186,437
62619921,4.60067,5.12124,437,116800,0.406066,0.34,1,280625,280188,437
62622841,21.7201,19.4242,440,116800,0.441213,0.38,1,280651,280211,440
62625761,5.94403,7.08485,438,116800,0.448243,0.37,1,280653,280215,438
62628681,2.78881,3.01697,438,116800,0.417648,0.29,1,280655,280217,438
62631601,8.55776,11.0034,435,116800,0.44353,0.37,1,280665,280230,435
62634521,23.3116,19.0007,441,116800,0.352706,0.41,1,280692,280251,441
62637441,6.26231,5.40014,441,116800,0.390541,0.4,1,280694,280253,441
62640361,14.0525,12.28,443,116800,0.374108,0.36,1,280710,280267,443
62643281,4.41049,4.05601,443,116800,0.338822,0.36,1,280712,280269,443
62646201,8.8821,12.0112,439,116800,0.339764,0.33,1,280722,280283,439
62649121,12.9764,10.4022,443,116800,0.331953,0.39,1,280736,280293,443
62652041,7.39528,7.68045,442,116800,0.346391,0.29,1,280742,280300,442
62654961,23.0791,25.5361,439,116800,0.357278,0.36,1,280769,280330,439
62657881,19.8158,17.1072,443,116800,0.303456,0.33,1,280788,280345,443
62660801,9.56316,9.82144,442,116800,0.228691,0.34,1,280795,280353,442
62663721,9.91263,13.1643,438,116800,0.373738,0.34,1,280805,280367,438
62666641,9.18253,7.43286,441,116800,0.386748,0.22,1,280814,280373,441
62669561,17.0365,20.6866,436,116800,0.34935,0.28,1,280833,280397,436
62672481,9.8073,7.33731,440,116800,0.30187,0.28,1,280841,280401,440
62675401,5.16146,4.66746,440,116800,0.284374,0.22,1,280845,280405,440
62678321,29.8323,33.7335,435,116800,0.304875,0.35,1,280881,280446,435
62681241,20.3665,17.1467,440,116800,0.236975,0.34,1,280899,280459,440
62684161,8.87329,9.82934,438,116800,0.247395,0.33,1,280905,280467,438
62687081,6.57466,10.7659,433,116800,0.345479,0.27,1,280911,280478,433
62690001,10.9149,7.75317,438,116800,0.301096,0.23,1,280923,280485,438
62692921,8.58299,4.75063,442,116800,0.292219,0.37,1,280931,280489,442
62695841,3.3166,2.55013,442,116800,0.322444,0.34,1,280933,280491,442
62698761,2.26332,2.11003,442,116800,0.328489,0.3,1,280935,280493,442
62701681,2.05266,3.62201,440,116800,0.353698,0.34,1,280937,280497,440
62704601,21.2105,19.9244,442,116800,0.29474,0.3,1,280963,280521,442
62707521,5.84211,5.58488,442,116800,0.330948,0.22,1,280965,280523,442
62710441,2.76842,4.31698,440,116800,0.30619,0.38,1,280967,280527,440
62713361,7.75368,7.2634,441,116800,0.357238,0.33,1,280976,280535,441
62716281,27.1507,31.0527,436,116800,0.407448,0.25,1,281008,280572,436
62719201,7.03015,9.41054,434,116800,0.41749,0.33,1,281010,280576,434
62722121,11.806,5.08211,443,116800,0.395498,0.41,1,281023,280580,443
62725041,8.76121,7.41642,443,116800,0.2551,0.45,1,281031,280588,443
62727961,11.3522,11.0833,443,116800,0.28302,0.33,1,281043,280600,443
62730881,3.87045,7.01666,439,116800,0.256604,0.45,1,281045,280606,439
62733801,18.3741,15.0033,444,116800,0.307321,0.4,1,281067,280623,444
62736721,5.27482,4.60067,444,116800,0.285464,0.45,1,281069,280625,444
62739641,20.255,21.7201,442,116800,0.265093,0.45,1,281093,280651,442
62742561,7.25099,5.94403,444,116800,0.221019,0.41,1,281097,280653,444
62745481,4.6502,2.78881,446,116800,0.188204,0.45,1,281101,280655,446
62748401,4.13004,8.55776,440,116800,0.261641,0.33,1,281105,280665,440
62751321,26.426,23.3116,445,116800,0.0683281,0.4,1,281137,280692,445
62754241,6.8852,6.26231,445,116800,0.125666,0.37,1,281139,280694,445
62757161,8.57704,14.0525,438,116800,0.257133,0.33,1,281148,280710,438
62760081,3.31541,4.41049,438,116800,0.283427,0.34,1,281150,280712,438
62763001,8.66308,8.8821,438,116800,0.248685,0.33,1,281160,280722,438
62765921,10.5326,12.9764,435,116800,0.209737,0.35,1,281171,280736,435
62768841,10.9065,7.39528,440,116800,0.241947,0.36,1,281182,280742,440
62771761,19.7813,23.0791,435,116800,0.208389,0.29,1,281204,280769,435
62774681,22.3563,19.8158,439,116800,0.313678,0.21,1,281227,280788,439
62777601,12.4713,9.56316,442,116800,0.246736,0.41,1,281237,280795,442
62780521,8.89425,9.91263,440,116800,0.321347,0.39,1,281245,280805,440
62783441,7.37885,9.18253,438,116800,0.328269,0.34,1,281252,280814,438
62786361,15.8758,17.0365,437,116800,0.273654,0.29,1,281270,280833,437
62789281,11.1752,9.8073,439,116800,0.286731,0.28,1,281280,280841,439
62792201,3.83503,5.16146,437,116800,0.297346,0.31,1,281282,280845,437
62795121,31.167,29.8323,439,116800,0.211469,0.22,1,281320,280881,439
62798041,22.2334,20.3665,441,116800,0.226294,0.25,1,281340,280899,441
62800961,9.24668,8.87329,441,116800,0.261259,0.37,1,281346,280905,441
62803881,3.44934,6.57466,437,116800,0.236252,0.29,1,281348,280911,437
62806801,11.0899,10.9149,438,116800,0.28725,0.29,1,281361,280923,438
62809721,7.01797,8.58299,436,116800,0.31345,0.33,1,281367,280931,436
62812641,3.00359,3.3166,436,116800,0.28669,0.33,1,281369,280933,436
62815561,2.20072,2.26332,436,116800,0.241338,0.36,1,281371,280935,436
62818481,2.04014,2.05266,436,116800,0.232268,0.28,1,281373,280937,436
62821401,24.408,21.2105,440,116800,0.142454,0.34,1,281403,280963,440
62824321,6.48161,5.84211,440,116800,0.0924907,0.3,1,281405,280965,440
62827241,2.89632,2.76842,440,116800,0.226498,0.37,1,281407,280967,440
62830161,3.77926,7.75368,435,116800,0.2053,0.42,1,281411,280976,435
62833081,25.5559,27.1507,434,116800,0.16106,0.42,1,281442,281008,434
62836001,6.71117,7.03015,434,116800,0.312212,0.39,1,281444,281010,434
62838921,8.54223,11.806,430,116800,0.310442,0.22,1,281453,281023,430
62841841,12.1084,8.76121,435,116800,0.294088,0.29,1,281466,281031,435
62844761,14.4217,11.3522,438,116800,0.330818,0.25,1,281481,281043,438
62847681,4.48434,3.87045,438,116800,0.306164,0.32,1,281483,281045,438
62850601,10.4969,18.3741,428,116800,0.389233,0.28,1,281495,281067,428
62853521,3.69937,5.27482,428,116800,0.405847,0.26,1,281497,281069,428
62856441,27.1399,20.255,437,116800,0.377169,0.21,1,281530,281093,437
62859361,7.02797,7.25099,435,116800,0.371434,0.18,1,281532,281097,435
62862281,3.00559,4.6502,433,116800,0.394287,0.28,1,281534,281101,433
62865201,7.00112,4.13004,437,116800,0.374857,0.02,1,281542,281105,437
62868121,26.2002,26.426,436,116800,0.234971,0.14,1,281573,281137,436
62871041,6.84004,6.8852,436,116800,0.326994,0.29,1,281575,281139,436
62873961,6.16801,8.57704,433,116800,0.321399,0.29,1,281581,281148,433
62876881,2.8336,3.31541,433,116800,0.37628,0.24,1,281583,281150,433
62879801,5.36672,8.66308,429,116800,0.395256,0.2,1,281589,281160,429
62882721,13.8733,10.5326,434,116800,0.399051,0.25,1,281605,281171,434
62885641,9.97467,10.9065,432,116800,0.30381,0.2,1,281614,281182,432
62888561,20.3949,19.7813,433,116800,0.324762,0.34,1,281637,281204,433
62891481,22.479,22.3563,433,116800,0.320952,0.23,1,281660,281227,433
62894401,14.8958,12.4713,436,116800,0.42419,0.34,1,281673,281237,436
62897321,10.9792,8.89425,438,116800,0.420838,0.33,1,281683,281245,438
62900241,3.79583,7.37885,433,116800,0.420168,0.26,1,281685,281252,433
62903161,19.1592,15.8758,438,116800,0.420034,0.29,1,281708,281270,438
62906081,7.03183,11.1752,432,116800,0.388007,0.3,1,281712,281280,432
62909001,4.60637,3.83503,434,116800,0.349601,0.19,1,281716,281282,434
62911921,32.9213,31.167,436,116800,0.28592,0.23,1,281756,281320,436
62914841,19.3843,22.2334,432,116800,0.313184,0.27,1,281772,281340,432
62917761,12.6769,9.24668,437,116800,0.390637,0.23,1,281783,281346,437
62920681,4.13537,3.44934,437,116800,0.374127,0.3,1,281785,281348,437
62923601,8.82707,11.0899,434,116800,0.290825,0.32,1,281795,281361,434
62926521,9.76541,7.01797,438,116800,0.362165,0.28,1,281805,281367,438
62929441,3.55308,3.00359,438,116800,0.384433,0.23,1,281807,281369,438
62932361,2.31062,2.20072,438,116800,0.380887,0.23,1,281809,281371,438
62935281,2.06212,2.04014,438,116800,0.348177,0.12,1,281811,281373,438
62938201,23.6124,24.408,437,116800,0.229635,0.08,1,281840,281403,437
62941121,6.32248,6.48161,437,116800,0.333927,0.26,1,281842,281405,437
62944041,2.8645,2.89632,437,116800,0.362785,0.2,1,281844,281407,437
62946961,2.1729,3.77926,435,116800,0.336557,0.15,1,281846,281411,435
62949881,25.2346,25.5559,435,116800,0.267311,0.35,1,281877,281442,435
62952801,8.24692,6.71117,437,116800,0.293462,0.31,1,281881,281444,437
62955721,9.64938,8.54223,438,116800,0.330692,0.29,1,281891,281453,438
62958641,6.72988,12.1084,431,116800,0.282138,0.34,1,281897,281466,431
62961561,20.546,14.4217,440,116800,0.240428,0.3,1,281921,281481,440
62964481,7.3092,4.48434,442,116800,0.288086,0.41,1,281925,281483,442
62967401,7.86184,10.4969,438,116800,0.329617,0.41,1,281933,281495,438
62970321,3.17237,3.69937,438,116800,0.337923,0.37,1,281935,281497,438
62973241,28.6345,27.1399,440,116800,0.403585,0.37,1,281970,281530,440
62976161,8.92689,7.02797,442,116800,0.416717,0.4,1,281974,281532,442
62979081,3.38538,3.00559,442,116800,0.387343,0.37,1,281976,281534,442
62982001,3.87708,7.00112,438,116800,0.309469,0.2,1,281980,281542,438
62984921,29.5754,26.2002,443,116800,0.309894,0.35,1,282016,281573,443
62987841,7.51508,6.84004,443,116800,0.349979,0.32,1,282018,281575,443
62990761,6.30302,6.16801,443,116800,0.333996,0.39,1,282024,281581,443
62993681,4.4606,2.8336,445,116800,0.306799,0.4,1,282028,281583,445
62996601,4.09212,5.36672,443,116800,0.31736,0.4,1,282032,281589,443
62999521,7.21842,13.8733,435,116800,0.327472,0.28,1,282040,281605,435
63002441,10.2437,9.97467,437,116800,0.289494,0.33,1,282051,281614,437
63005361,22.8487,20.3949,440,116800,0.305899,0.32,1,282077,281637,440
63008281,24.5697,22.479,442,116800,0.23718,0.45,1,282102,281660,442
63011201,15.3139,14.8958,442,116800,0.271436,0.42,1,282115,281673,442
63014121,11.0628,10.9792,442,116800,0.286287,0.42,1,282125,281683,442
63017041,3.81256,3.79583,442,116800,0.289257,0.42,1,282127,281685,442
63019961,17.5625,19.1592,440,116800,0.273851,0.38,1,282148,281708,440
63022881,5.1125,7.03183,438,116800,0.23877,0.34,1,282150,281712,438
63025801,8.2225,4.60637,443,116800,0.247754,0.27,1,282159,281716,443
63028721,24.8445,32.9213,432,116800,0.265551,0.32,1,282188,281756,432
63031641,24.9689,19.3843,441,116800,0.22911,0.41,1,282213,281772,441
63034561,9.79378,12.6769,436,116800,0.245822,0.37,1,282219,281783,436
63037481,3.55876,4.13537,436,116800,0.249164,0.27,1,282221,281785,436
63040401,12.7118,8.82707,441,116800,0.265833,0.38,1,282236,281795,441
63043321,5.74235,9.76541,435,116800,0.205167,0.39,1,282240,281805,435
63046241,4.34847,3.55308,437,116800,0.257033,0.38,1,282244,281807,437
63049161,7.26969,2.31062,443,116800,0.195407,0.34,1,282252,281809,443
63052081,3.05394,2.06212,443,116800,0.151081,0.2,1,282254,281811,443
63055001,16.6108,23.6124,434,116800,0.182216,0.36,1,282274,281840,434
63057921,6.52216,6.32248,436,116800,0.156443,0.37,1,282278,281842,436
63060841,2.90443,2.8645,436,116800,0.119289,0.33,1,282280,281844,436
63063761,2.18089,2.1729,436,116800,0.103858,0.25,1,282282,281846,436
63066681,25.2362,25.2346,436,116800,0.244772,0.3,1,282313,281877,436
63069601,11.4472,8.24692,440,116800,0.256954,0.34,1,282321,281881,440
63072521,10.2894,9.64938,440,116800,0.243391,0.27,1,282331,281891,440
63075441,8.45789,6.72988,442,116800,0.208678,0.23,1,282339,281897,442
63078361,12.0916,20.546,431,116800,0.153736,0.3,1,282352,281921,431
63081281,12.0183,7.3092,439,116800,0.286747,0.34,1,282364,281925,439
63084201,8.80366,7.86184,439,116800,0.185349,0.34,1,282372,281933,439
63087121,5.76073,3.17237,442,116800,0.26907,0.42,1,282377,281935,442
63090041,23.5521,28.6345,435,116800,0.237814,0.42,1,282405,281970,435
63092961,7.91043,8.92689,435,116800,0.207563,0.38,1,282409,281974,435
63095881,3.18209,3.38538,435,116800,0.169513,0.29,1,282411,281976,435
63098801,3.83642,3.87708,435,116800,0.161903,0.31,1,282415,281980,435
63101721,30.3673,29.5754,436,116800,0.264381,0.36,1,282452,282016,436
63104641,9.27346,7.51508,438,116800,0.276876,0.33,1,282456,282018,438
63107561,5.05469,6.30302,436,116800,0.271375,0.3,1,282460,282024,436
63110481,2.61094,4.4606,434,116800,0.270275,0.32,1,282462,282028,434
63113401,7.72219,4.09212,439,116800,0.262055,0.33,1,282471,282032,439
63116321,4.74444,7.21842,435,116800,0.228411,0.28,1,282475,282040,435
63119241,5.74889,10.2437,430,116800,0.285682,0.31,1,282481,282051,430
63122161,18.7498,22.8487,426,116800,0.313136,0.22,1,282503,282077,426
63125081,25.35,24.5697,428,116800,0.278627,0.28,1,282530,282102,428
63128001,21.87,15.3139,436,116800,0.159725,0.29,1,282551,282115,436
63130921,10.774,11.0628,434,116800,0.175945,0.29,1,282559,282125,434
63133841,5.3548,3.81256,436,116800,0.267189,0.27,1,282563,282127,436
63136761,16.271,17.5625,434,116800,0.253438,0.23,1,282582,282148,434
63139681,6.45419,5.1125,436,116800,0.250688,0.25,1,282586,282150,436
63142601,7.69084,8.2225,435,116800,0.186137,0.27,1,282594,282159,435
63145521,25.5382,24.8445,436,116800,0.205228,0.22,1,282624,282188,436
63148441,21.9076,24.9689,432,116800,0.145046,0.25,1,282645,282213,432
63151361,12.3815,9.79378,436,116800,0.149009,0.25,1,282655,282219,436
63154281,4.07631,3.55876,436,116800,0.149802,0.27,1,282657,282221,436
63157201,9.61526,12.7118,432,116800,0.29396,0.19,1,282668,282236,432
63160121,3.52305,5.74235,430,116800,0.290792,0.27,1,282670,282240,430
63163041,3.90461,4.34847,430,116800,0.226158,0.18,1,282674,282244,430
63165961,11.1809,7.26969,435,116800,0.269232,0.14,1,282687,282252,435
63168881,3.83618,3.05394,435,116800,0.245846,0.19,1,282689,282254,435
63171801,8.76724,16.6108,425,116800,0.201169,0.15,1,282699,282274,425
63174721,10.5534,6.52216,432,116800,0.216234,0.11,1,282710,282278,432
63177641,5.31069,2.90443,434,116800,0.251247,0.1,1,282714,282280,434
63180561,3.46214,2.18089,435,116800,0.210249,0.28,1,282717,282282,435
63183481,27.8924,25.2362,438,116800,0.27405,0.26,1,282751,282313,438
63186401,8.77849,11.4472,434,116800,0.25481,0.24,1,282755,282321,434
63189321,6.5557,10.2894,430,116800,0.178962,0.2,1,282761,282331,430
63192241,7.71114,8.45789,430,116800,0.219792,0.14,1,282769,282339,430
63195161,18.3422,12.0916,438,116800,0.163958,0.32,1,282790,282352,438
63198081,11.6684,12.0183,436,116800,0.192792,0.16,1,282800,282364,436
63201001,8.73369,8.80366,436,116800,0.222558,0.29,1,282808,282372,436
63203921,3.34674,5.76073,433,116800,0.196512,0.23,1,282810,282377,433
63206841,20.6693,23.5521,430,116800,0.175302,0.2,1,282835,282405,430
63209761,11.3339,7.91043,435,116800,0.33106,0.16,1,282844,282409,435
63212681,3.86677,3.18209,435,116800,0.378212,0.16,1,282846,282411,435
63215601,5.57335,3.83642,437,116800,0.283642,0.29,1,282852,282415,437
63218521,30.7147,30.3673,437,116800,0.144728,0.28,1,282889,282452,437
63221441,8.54293,9.27346,436,116800,0.252946,0.27,1,282892,282456,436
63224361,3.30859,5.05469,434,116800,0.282589,0.27,1,282894,282460,434
63227281,2.26172,2.61094,434,116800,0.296518,0.26,1,282896,282462,434
63230201,9.25234,7.72219,436,116800,0.315304,0.22,1,282907,282471,436
63233121,5.05047,4.74444,436,116800,0.295061,0.3,1,282911,282475,436
63236041,5.81009,5.74889,436,116800,0.227012,0.32,1,282917,282481,436
63238961,16.362,18.7498,433,116800,0.189402,0.27,1,282936,282503,433
63241881,20.0724,25.35,427,116800,0.31788,0.13,1,282957,282530,427
63244801,27.2145,21.87,435,116800,0.287576,0.18,1,282986,282551,435
63247721,11.8429,10.774,435,116800,0.249515,0.29,1,282994,282559,435
63250641,5.56858,5.3548,435,116800,0.217903,0.25,1,282998,282563,435
63253561,12.3137,16.271,430,116800,0.363581,0.25,1,283012,282582,430
63256481,8.86274,6.45419,434,116800,0.304716,0.17,1,283020,282586,434
63259401,3.37255,7.69084,428,116800,0.284943,0.21,1,283022,282594,428
63262321,29.4745,25.5382,434,116800,0.288989,0.13,1,283058,282624,434
63265241,19.4949,21.9076,430,116800,0.225798,0.15,1,283075,282645,430
63268161,17.499,12.3815,437,116800,0.32516,0.15,1,283092,282655,437
63271081,5.0998,4.07631,437,116800,0.313032,0.33,1,283094,282657,437
63274001,4.21996,9.61526,430,116800,0.366606,0.29,1,283098,282668,430
63276921,8.04399,3.52305,437,116800,0.289321,0.21,1,283107,282670,437
63279841,3.2088,3.90461,435,116800,0.273864,0.28,1,283109,282674,435
63282761,8.64176,11.1809,432,116800,0.286773,0.24,1,283119,282687,432
63285681,3.32835,3.83618,432,116800,0.345355,0.19,1,283121,282689,432
63288601,8.66567,8.76724,432,116800,0.245071,0.22,1,283131,282699,432
63291521,15.3331,10.5534,438,116800,0.281014,0.26,1,283148,282710,438
63294441,4.66663,5.31069,436,116800,0.256203,0.2,1,283150,282714,436
63297361,2.53333,3.46214,435,116800,0.219241,0.29,1,283152,282717,435
63300281,25.3067,27.8924,432,116800,0.227848,0.25,1,283183,282751,432
63303201,11.4613,8.77849,436,116800,0.30957,0.16,1,283191,282755,436
63306121,3.89227,6.5557,432,116800,0.301914,0.23,1,283193,282761,432
63309041,9.57845,7.71114,435,116800,0.316383,0.15,1,283204,282769,435
63311961,16.3157,18.3422,432,116800,0.279277,0.2,1,283222,282790,432
63314881,12.8631,11.6684,434,116800,0.287855,0.23,1,283234,282800,434
63317801,12.1726,8.73369,438,116800,0.313571,0.19,1,283246,282808,438
63320721,4.03453,3.34674,438,116800,0.294714,0.17,1,283248,282810,438
63323641,22.4069,20.6693,440,116800,0.234943,0.37,1,283275,282835,440
63326561,10.8814,11.3339,439,116800,0.286989,0.39,1,283283,282844,439
63329481,3.77628,3.86677,439,116800,0.297398,0.26,1,283285,282846,439
63332401,5.55526,5.57335,439,116800,0.25148,0.11,1,283291,282852,439
63335321,25.9111,30.7147,433,116800,0.306296,0.28,1,283322,282889,433
63338241,10.7822,8.54293,437,116800,0.237259,0.29,1,283329,282892,437
63341161,3.75644,3.30859,437,116800,0.231452,0.3,1,283331,282894,437
63344081,2.35129,2.26172,437,116800,0.23029,0.32,1,283333,282896,437
63347001,5.27026,9.25234,432,116800,0.222058,0.29,1,283339,282907,432
63349921,4.25405,5.05047,432,116800,0.220412,0.21,1,283343,282911,432
63352841,8.05081,5.81009,435,116800,0.324082,0.18,1,283352,282917,435
63355761,19.2102,16.362,438,116800,0.344816,0.35,1,283374,282936,438
63358681,20.642,20.0724,438,116800,0.356963,0.28,1,283395,282957,438
63361601,23.3284,27.2145,433,116800,0.239393,0.24,1,283419,282986,433
63364521,18.2657,11.8429,442,116800,0.279879,0.21,1,283436,282994,442
63367441,5.25314,5.56858,440,116800,0.255976,0.4,1,283438,282998,440
63370361,9.05063,12.3137,436,116800,0.307195,0.29,1,283448,283012,436
63373281,7.41013,8.86274,435,116800,0.325439,0.28,1,283455,283020,435
63376201,7.88203,3.37255,441,116800,0.257088,0.29,1,283463,283022,441
63379121,26.3764,29.4745,436,116800,0.307418,0.21,1,283494,283058,436
63382041,21.2753,19.4949,439,116800,0.229484,0.35,1,283514,283075,439
63384961,16.2551,17.499,437,116800,0.229897,0.31,1,283529,283092,437
63387881,4.85101,5.0998,437,116800,0.205979,0.38,1,283531,283094,437
63390801,2.5702,4.21996,435,116800,0.225196,0.27,1,283533,283098,435
63393721,8.51404,8.04399,436,116800,0.277039,0.27,1,283543,283107,436
63396641,3.30281,3.2088,436,116800,0.327408,0.29,1,283545,283109,436
63399561,7.06056,8.64176,434,116800,0.217482,0.36,1,283553,283119,434
63402481,3.01211,3.32835,434,116800,0.243496,0.22,1,283555,283121,434
63405401,9.40242,8.66567,435,116800,0.240699,0.29,1,283566,283131,435
63408321,17.8805,15.3331,438,116800,0.30414,0.25,1,283586,283148,438
63411241,5.1761,4.66663,438,116800,0.284828,0.21,1,283588,283150,438
63414161,2.63522,2.53333,438,116800,0.248966,0.23,1,283590,283152,438
63417081,26.127,25.3067,439,116800,0.297793,0.33,1,283622,283183,439
63420001,10.0254,11.4613,437,116800,0.251559,0.3,1,283628,283191,437
63422921,3.60508,3.89227,437,116800,0.242312,0.32,1,283630,283193,437
63425841,12.721,9.57845,441,116800,0.304462,0.27,1,283645,283204,441
63428761,13.7442,16.3157,437,116800,0.292892,0.29,1,283659,283222,437
63431681,13.1488,12.8631,438,116800,0.290578,0.32,1,283672,283234,438
63434601,9.02977,12.1726,434,116800,0.290116,0.29,1,283680,283246,434
63437521,8.20595,4.03453,440,116800,0.322023,0.22,1,283688,283248,440
63440441,21.6412,22.4069,438,116800,0.216405,0.3,1,283713,283275,438
63443361,11.5282,10.8814,439,116800,0.219281,0.3,1,283722,283283,439
63446281,3.90565,3.77628,439,116800,0.219856,0.24,1,283724,283285,439
63449201,3.98113,5.55526,437,116800,0.211971,0.32,1,283728,283291,437
63452121,21.5962,25.9111,432,116800,0.170394,0.22,1,283754,283322,432
63455041,10.7192,10.7822,433,116800,0.114079,0.23,1,283762,283329,433
63457961,3.74385,3.75644,433,116800,0.158816,0.23,1,283764,283331,433
63460881,3.94877,2.35129,435,116800,0.271763,0.22,1,283768,283333,435
63463801,7.18975,5.27026,437,116800,0.294353,0.22,1,283776,283339,437
63466721,6.23795,4.25405,439,116800,0.274871,0.35,1,283782,283343,439
63469641,2.84759,8.05081,432,116800,0.246974,0.35,1,283784,283352,432
63472561,21.3695,19.2102,436,116800,0.321395,0.36,1,283810,283374,436
63475481,17.8739,20.642,432,116800,0.320279,0.21,1,283827,283395,432
63478401,19.5748,23.3284,428,116800,0.328056,0.29,1,283847,283419,428
63481321,24.715,18.2657,437,116800,0.289611,0.25,1,283873,283436,437
63484241,6.54299,5.25314,437,116800,0.249922,0.32,1,283875,283438,437
63487161,9.3086,9.05063,437,116800,0.361984,0.33,1,283885,283448,437
63490081,3.46172,7.41013,432,116800,0.384397,0.24,1,283887,283455,432
63493001,8.69234,7.88203,434,116800,0.396879,0.32,1,283897,283463,434
63495921,27.3385,26.3764,435,116800,0.399376,0.21,1,283929,283494,435
63498841,19.8677,21.2753,433,116800,0.343875,0.23,1,283947,283514,433
63501761,18.3735,16.2551,436,116800,0.308775,0.2,1,283965,283529,436
63504681,5.27471,4.85101,436,116800,0.301755,0.23,1,283967,283531,436
63507601,2.65494,2.5702,436,116800,0.300351,0.29,1,283969,283533,436
63510521,3.73099,8.51404,430,116800,0.30807,0.34,1,283973,283543,430
63513441,5.5462,3.30281,434,116800,0.381614,0.19,1,283979,283545,434
63516361,5.90924,7.06056,432,116800,0.380323,0.25,1,283985,283553,432
63519281,4.38185,3.01211,434,116800,0.324065,0.24,1,283989,283555,434
63522201,12.0764,9.40242,437,116800,0.368813,0.32,1,284003,283566,437
63525121,14.4153,17.8805,432,116800,0.353763,0.28,1,284018,283586,432
63528041,9.28305,5.1761,438,116800,0.358753,0.24,1,284026,283588,438
63530961,3.45661,2.63522,438,116800,0.367751,0.31,1,284028,283590,438
63533881,25.4913,26.127,437,116800,0.28955,0.24,1,284059,283622,437
63536801,6.69826,10.0254,433,116800,0.40191,0.24,1,284061,283628,433
63539721,4.53965,3.60508,435,116800,0.400382,0.32,1,284065,283630,435
63542641,15.3079,12.721,438,116800,0.312076,0.29,1,284083,283645,438
63545561,14.2616,13.7442,438,116800,0.382415,0.29,1,284097,283659,438
63548481,10.0523,13.1488,434,116800,0.340483,0.29,1,284106,283672,434
63551401,10.0105,9.02977,436,116800,0.268097,0.33,1,284116,283680,436
63554321,3.60209,8.20595,430,116800,0.245619,0.19,1,284118,283688,430
63557241,22.3204,21.6412,432,116800,0.361124,0.22,1,284145,283713,432
63560161,15.6641,11.5282,437,116800,0.392225,0.22,1,284159,283722,437
63563081,4.73282,3.90565,437,116800,0.366445,0.21,1,284161,283724,437
63566001,4.14656,3.98113,437,116800,0.305289,0.16,1,284165,283728,437
63568921,18.4293,21.5962,433,116800,0.373058,0.1,1,284187,283754,433
63571841,14.0859,10.7192,438,116800,0.378612,0.17,1,284200,283762,438
63574761,4.41717,3.74385,438,116800,0.347722,0.3,1,284202,283764,438
63577681,2.48343,3.94877,436,116800,0.309544,0.3,1,284204,283768,436
63580601,5.29669,7.18975,434,116800,0.309909,0.27,1,284210,283776,434
63583521,9.05934,6.23795,438,116800,0.365982,0.24,1,284220,283782,438
63586441,3.41187,2.84759,438,116800,0.377196,0.34,1,284222,283784,438
63589361,16.6824,21.3695,432,116800,0.347439,0.32,1,284242,283810,432
63592281,23.3365,17.8739,440,116800,0.285488,0.33,1,284267,283827,440
63595201,15.8673,19.5748,434,116800,0.337098,0.28,1,284281,283847,434
63598121,29.5735,24.715,441,116800,0.371419,0.24,1,284314,283873,441
63601041,9.11469,6.54299,443,116800,0.322284,0.39,1,284318,283875,443
63603961,9.82294,9.3086,443,116800,0.360457,0.39,1,284328,283885,443
63606881,3.56459,3.46172,443,116800,0.424091,0.4,1,284330,283887,443
63609801,3.91292,8.69234,437,116800,0.428818,0.4,1,284334,283897,437
63612721,26.3826,27.3385,437,116800,0.285764,0.33,1,284366,283929,437
63615641,22.8765,19.8677,441,116800,0.281153,0.3,1,284388,283947,441
63618561,15.7753,18.3735,437,116800,0.272231,0.3,1,284402,283965,437
63621481,9.55506,5.27471,443,116800,0.254446,0.3,1,284410,283967,443
63624401,3.51101,2.65494,443,116800,0.234889,0.31,1,284412,283969,443
63627321,2.3022,3.73099,441,116800,0.302978,0.4,1,284414,283973,441
63630241,2.06044,5.5462,437,116800,0.284596,0.38,1,284416,283979,437
63633161,7.61209,5.90924,440,116800,0.360919,0.31,1,284425,283985,440
63636081,3.12242,4.38185,438,116800,0.376184,0.38,1,284427,283989,438
63639001,11.8245,12.0764,438,116800,0.339237,0.35,1,284441,284003,438
63641921,16.7649,14.4153,441,116800,0.347847,0.36,1,284459,284018,441
63644841,6.55298,9.28305,437,116800,0.285569,0.37,1,284463,284026,437
63647761,4.5106,3.45661,439,116800,0.209114,0.27,1,284467,284028,439
63650681,27.3021,25.4913,441,116800,0.289823,0.43,1,284500,284059,441
63653601,7.06042,6.69826,441,116800,0.281965,0.4,1,284502,284061,441
63656521,3.01208,4.53965,439,116800,0.248393,0.29,1,284504,284065,439
63659441,8.60242,15.3079,431,116800,0.281679,0.4,1,284514,284083,431
63662361,20.9205,14.2616,441,116800,0.320336,0.33,1,284538,284097,441
63665281,5.7841,10.0523,434,116800,0.304067,0.25,1,284540,284106,434
63668201,12.3568,10.0105,438,116800,0.324813,0.24,1,284554,284116,438
63671121,5.67136,3.60209,440,116800,0.280963,0.39,1,284558,284118,440
63674041,23.5343,22.3204,441,116800,0.200193,0.4,1,284586,284145,441
63676961,16.7069,15.6641,442,116800,0.296039,0.36,1,284601,284159,442
63679881,4.94137,4.73282,442,116800,0.339208,0.29,1,284603,284161,442
63682801,4.18827,4.14656,442,116800,0.291842,0.39,1,284607,284165,442
63685721,19.2377,18.4293,443,116800,0.266368,0.38,1,284630,284187,443
63688641,10.2475,14.0859,438,116800,0.277274,0.34,1,284638,284200,438
63691561,3.64951,4.41717,438,116800,0.247455,0.3,1,284640,284202,438
63694481,5.5299,2.48343,442,116800,0.353491,0.31,1,284646,284204,442
63697401,5.90598,5.29669,442,116800,0.326698,0.38,1,284652,284210,442
63700321,8.3812,9.05934,441,116800,0.31334,0.38,1,284661,284220,441
63703241,3.27624,3.41187,441,116800,0.318668,0.34,1,284663,284222,441
63706161,19.8552,16.6824,445,116800,0.183734,0.27,1,284687,284242,445
63709081,21.571,23.3365,442,116800,0.204747,0.35,1,284709,284267,442
63712001,17.9142,15.8673,445,116800,0.288949,0.38,1,284726,284281,445
63714921,25.1828,29.5735,439,116800,0.19379,0.31,1,284753,284314,439
63717841,11.4366,9.11469,443,116800,0.222758,0.37,1,284761,284318,443
63720761,11.8873,9.82294,445,116800,0.220552,0.44,1,284773,284328,445
63723681,3.97746,3.56459,445,116800,0.26011,0.43,1,284775,284330,445
63726601,2.39549,3.91292,443,116800,0.268022,0.25,1,284777,284334,443
63729521,23.6791,26.3826,440,116800,0.285604,0.28,1,284806,284366,440
63732441,19.9358,22.8765,437,116800,0.329121,0.27,1,284825,284388,437
63735361,12.7872,15.7753,434,116800,0.217824,0.25,1,284836,284402,434
63738281,14.5574,9.55506,441,116800,0.275565,0.23,1,284851,284410,441
63741201,4.51149,3.51101,441,116800,0.255113,0.32,1,284853,284412,441
63744121,2.5023,2.3022,441,116800,0.307023,0.28,1,284855,284414,441
63747041,2.10046,2.06044,441,116800,0.309405,0.38,1,284857,284416,441
63749961,6.82009,7.61209,440,116800,0.269881,0.38,1,284865,284425,440
63752881,2.96402,3.12242,440,116800,0.349976,0.33,1,284867,284427,440
63755801,10.1928,11.8245,438,116800,0.365995,0.35,1,284879,284441,438
63758721,10.0386,16.7649,430,116800,0.273199,0.27,1,284889,284459,430
63761641,5.20771,6.55298,430,116800,0.23064,0.19,1,284893,284463,430
63764561,8.24154,4.5106,435,116800,0.342128,0.31,1,284902,284467,435
63767481,29.6483,27.3021,437,116800,0.372426,0.28,1,284937,284500,437
63770401,7.52966,7.06042,437,116800,0.338485,0.24,1,284939,284502,437
63773321,3.10593,3.01208,437,116800,0.347697,0.29,1,284941,284504,437
63776241,9.42119,8.60242,438,116800,0.389539,0.33,1,284952,284514,438
63779161,15.4842,20.9205,431,116800,0.261908,0.3,1,284969,284538,431
63782081,4.69685,5.7841,431,116800,0.308382,0.33,1,284971,284540,431
63785001,18.5394,12.3568,439,116800,0.221676,0.27,1,284993,284554,439
63787921,6.90787,5.67136,439,116800,0.164335,0.18,1,284997,284558,439
63790841,25.3816,23.5343,441,116800,0.240867,0.32,1,285027,284586,441
63793761,17.0763,16.7069,441,116800,0.304173,0.35,1,285042,284601,441
63796681,5.01526,4.94137,441,116800,0.284835,0.28,1,285044,284603,441
63799601,4.20305,4.18827,441,116800,0.312967,0.26,1,285048,284607,441
63802521,12.8406,19.2377,433,116800,0.374593,0.28,1,285063,284630,433
63805441,13.7681,10.2475,439,116800,0.362919,0.24,1,285077,284638,439
63808361,4.35362,3.64951,439,116800,0.328584,0.38,1,285079,284640,439
63811281,5.67072,5.5299,439,116800,0.233717,0.32,1,285085,284646,439
63814201,4.33414,5.90598,437,116800,0.182743,0.31,1,285089,284652,437
63817121,8.86683,8.3812,438,116800,0.364549,0.32,1,285099,284661,438
63820041,3.37337,3.27624,438,116800,0.40091,0.15,1,285101,284663,438
63822961,20.6747,19.8552,439,116800,0.296182,0.21,1,285126,284687,439
63825881,18.5349,21.571,435,116800,0.371236,0.31,1,285144,284709,435
63828801,14.907,17.9142,432,116800,0.362247,0.17,1,285158,284726,432
63831721,26.1814,25.1828,434,116800,0.344449,0.23,1,285187,284753,434
63834641,11.6363,11.4366,434,116800,0.32489,0.22,1,285195,284761,434
63837561,15.1273,11.8873,438,116800,0.248978,0.27,1,285211,284773,438
63840481,4.62545,3.97746,438,116800,0.281796,0.27,1,285213,284775,438
63843401,4.12509,2.39549,440,116800,0.344359,0.29,1,285217,284777,440
63846321,22.425,23.6791,438,116800,0.300872,0.34,1,285244,284806,438
63849241,14.085,19.9358,431,116800,0.364174,0.19,1,285256,284825,431
63852161,18.017,12.7872,439,116800,0.272835,0.29,1,285275,284836,439
63855081,13.2034,14.5574,436,116800,0.342567,0.25,1,285287,284851,436
63858001,4.24068,4.51149,436,116800,0.332513,0.32,1,285289,284853,436
63860921,4.04814,2.5023,438,116800,0.290503,0.31,1,285293,284855,438
63863841,5.60963,2.10046,442,116800,0.218101,0.26,1,285299,284857,442
63866761,4.32193,6.82009,438,116800,0.28362,0.37,1,285303,284865,438
63869681,4.86439,2.96402,441,116800,0.264724,0.37,1,285308,284867,441
63872601,5.77288,10.1928,435,116800,0.316945,0.25,1,285314,284879,435
63875521,13.9546,10.0386,441,116800,0.303389,0.22,1,285330,284889,441
63878441,4.39091,5.20771,439,116800,0.276678,0.37,1,285332,284893,439
63881361,8.07818,8.24154,439,116800,0.167336,0.38,1,285341,284902,439
63884281,29.6156,29.6483,439,116800,0.249467,0.33,1,285376,284937,439
63887201,7.52313,7.52966,439,116800,0.321893,0.35,1,285378,284939,439
63890121,4.70463,3.10593,441,116800,0.344379,0.4,1,285382,284941,441
63893041,7.34093,9.42119,438,116800,0.356876,0.23,1,285390,284952,438
63895961,10.2682,15.4842,432,116800,0.399375,0.32,1,285401,284969,432
63898881,11.6536,4.69685,442,116800,0.279875,0.2,1,285413,284971,442
63901801,19.1307,18.5394,441,116800,0.247975,0.15,1,285434,284993,441
63904721,5.42615,6.90787,439,116800,0.209595,0.26,1,285436,284997,439
63907641,25.0852,25.3816,439,116800,0.185919,0.32,1,285466,285027,439
63910561,13.817,17.0763,435,116800,0.285184,0.28,1,285477,285042,435
63913481,4.36341,5.01526,435,116800,0.273037,0.32,1,285479,285044,435
63916401,5.67268,4.20305,437,116800,0.278607,0.39,1,285485,285048,437
63919321,13.9345,12.8406,438,116800,0.231721,0.36,1,285501,285063,438
63922241,8.38691,13.7681,431,116800,0.286344,0.32,1,285508,285077,431
63925161,4.87738,4.35362,433,116800,0.257269,0.21,1,285512,285079,433
63928081,7.37548,5.67072,435,116800,0.227454,0.17,1,285520,285085,435
63931001,10.2751,4.33414,442,116800,0.245491,0.41,1,285531,285089,442
63933921,6.85502,8.86683,438,116800,0.225098,0.41,1,285537,285099,438
63936841,2.971,3.37337,438,116800,0.18902,0.27,1,285539,285101,438
63939761,20.5942,20.6747,438,116800,0.181804,0.39,1,285564,285126,438
63942681,12.1188,18.5349,430,116800,0.276361,0.36,1,285574,285144,430
63945601,21.6238,14.907,440,116800,0.207272,0.34,1,285598,285158,440
63948521,27.5248,26.1814,440,116800,0.217454,0.32,1,285627,285187,440
63951441,10.305,11.6363,438,116800,0.195491,0.23,1,285633,285195,438
63954361,14.861,15.1273,438,116800,0.263098,0.29,1,285649,285211,438
63957281,4.5722,4.62545,438,116800,0.24462,0.36,1,285651,285213,438
63960201,4.11444,4.12509,438,116800,0.176924,0.29,1,285655,285217,438
63963121,24.0229,22.425,440,116800,0.275385,0.38,1,285684,285244,440
63966041,11.2046,14.085,436,116800,0.295077,0.25,1,285692,285256,436
63968961,17.4409,18.017,436,116800,0.347015,0.36,1,285711,285275,436
63971881,9.88818,13.2034,432,116800,0.229403,0.33,1,285719,285287,432
63974801,3.57764,4.24068,432,116800,0.181881,0.28,1,285721,285289,432
63977721,8.71553,4.04814,438,116800,0.236376,0.2,1,285731,285293,438
63980641,3.34311,5.60963,434,116800,0.247275,0.3,1,285733,285299,434
63983561,3.86862,4.32193,434,116800,0.273455,0.26,1,285737,285303,434
63986481,5.57372,4.86439,435,116800,0.246691,0.33,1,285743,285308,435
63989401,7.51474,5.77288,437,116800,0.289338,0.3,1,285751,285314,437
63992321,7.10295,13.9546,428,116800,0.321868,0.27,1,285758,285330,428
63995241,3.02059,4.39091,428,116800,0.328374,0.14,1,285760,285332,428
63998161,11.8041,8.07818,433,116800,0.337675,0.27,1,285774,285341,433
64001081,32.7608,29.6156,436,116800,0.307535,0.34,1,285812,285376,436
64004001,8.15216,7.52313,436,116800,0.325507,0.35,1,285814,285378,436
64006921,6.43043,4.70463,438,116800,0.369101,0.36,1,285820,285382,438
64009841,10.0861,7.34093,441,116800,0.35382,0.41,1,285831,285390,441
64012761,5.21722,10.2682,434,116800,0.334764,0.25,1,285835,285401,434
64015681,5.84344,11.6536,428,116800,0.298953,0.24,1,285841,285413,428
64018601,26.7687,19.1307,439,116800,0.347791,0.2,1,285873,285434,439
64021521,6.95374,5.42615,439,116800,0.333558,0.18,1,285875,285436,439
64024441,22.9907,25.0852,436,116800,0.322712,0.31,1,285902,285466,436
64027361,10.9981,13.817,433,116800,0.376542,0.27,1,285910,285477,433
64030281,3.79963,4.36341,433,116800,0.387308,0.28,1,285912,285479,433
64033201,5.55993,5.67268,433,116800,0.349462,0.22,1,285918,285485,433
64036121,13.912,13.9345,433,116800,0.277892,0.3,1,285934,285501,433
64039041,8.3824,8.38691,433,116800,0.319578,0.25,1,285941,285508,433
64041961,6.47648,4.87738,435,116800,0.303916,0.22,1,285947,285512,435
64044881,6.0953,7.37548,433,116800,0.380783,0.25,1,285953,285520,433
64047801,7.61906,10.2751,430,116800,0.308157,0.22,1,285961,285531,430
64050721,11.9238,6.85502,437,116800,0.349631,0.18,1,285974,285537,437
64053641,3.98476,2.971,437,116800,0.349926,0.18,1,285976,285539,437
64056561,20.797,20.5942,437,116800,0.333985,0.3,1,286001,285564,437
64059481,8.95939,12.1188,433,116800,0.314797,0.19,1,286007,285574,433
64062401,24.9919,21.6238,438,116800,0.342959,0.22,1,286036,285598,438
64065321,21.7984,27.5248,430,116800,0.324592,0.19,1,286057,285627,430
64068241,13.1597,10.305,435,116800,0.328918,0.28,1,286068,285633,435
64071161,15.4319,14.861,435,116800,0.377784,0.24,1,286084,285649,435
64074081,6.28639,4.5722,437,116800,0.411557,0.16,1,286088,285651,437
64077001,6.05728,4.11444,439,116800,0.370311,0.3,1,286094,285655,439
64079921,21.2115,24.0229,435,116800,0.418062,0.3,1,286119,285684,435
64082841,13.8423,11.2046,439,116800,0.371612,0.36,1,286131,285692,439
64085761,11.5685,17.4409,431,116800,0.338322,0.2,1,286142,285711,431
64088681,11.9137,9.88818,435,116800,0.411665,0.17,1,286154,285719,435
64091601,3.98274,3.57764,435,116800,0.434333,0.25,1,286156,285721,435
64094521,8.79655,8.71553,435,116800,0.414867,0.25,1,286166,285731,435
64097441,3.35931,3.34311,435,116800,0.410973,0.28,1,286168,285733,435
64100361,8.67186,3.86862,441,116800,0.290195,0.24,1,286178,285737,441
64103281,8.13437,5.57372,443,116800,0.266039,0.3,1,286186,285743,443
64106201,6.42687,7.51474,441,116800,0.293208,0.33,1,286192,285751,441
64109121,6.08538,7.10295,440,116800,0.290642,0.33,1,286198,285758,440
64112041,4.41707,3.02059,442,116800,0.290128,0.34,1,286202,285760,442
64114961,2.48341,11.8041,430,116800,0.290026,0.3,1,286204,285774,430
64117881,38.8967,32.7608,440,116800,0.346005,0.33,1,286252,285812,440
64120801,9.37934,8.15216,440,116800,0.325201,0.38,1,286254,285814,440
64123721,5.87587,6.43043,439,116800,0.32904,0.35,1,286259,285820,439
64126641,8.37517,10.0861,437,116800,0.305808,0.33,1,286268,285831,437
64129561,4.87503,5.21722,437,116800,0.317162,0.29,1,286272,285835,437
64132481,6.57501,5.84344,438,116800,0.303432,0.36,1,286279,285841,438
64135401,30.115,26.7687,442,116800,0.292686,0.33,1,286315,285873,442
64138321,7.623,6.95374,442,116800,0.266537,0.32,1,286317,285875,442
64141241,21.5246,22.9907,440,116800,0.309307,0.39,1,286342,285902,440
64144161,7.50492,10.9981,436,116800,0.389861,0.39,1,286346,285910,436
64147081,6.30098,3.79963,440,116800,0.445972,0.34,1,286352,285912,440
64150001,6.0602,5.55993,440,116800,0.425194,0.26,1,286358,285918,440
64152921,12.412,13.912,438,116800,0.333039,0.33,1,286372,285934,438
64155841,9.68241,8.3824,440,116800,0.338608,0.3,1,286381,285941,440
64158761,5.13648,6.47648,438,116800,0.395722,0.4,1,286385,285947,438
64161681,5.8273,6.0953,438,116800,0.319144,0.29,1,286391,285953,438
64164601,7.56546,7.61906,438,116800,0.343829,0.36,1,286399,285961,438
64167521,13.5131,11.9238,440,116800,0.420766,0.35,1,286414,285974,440
64170441,5.90262,3.98476,442,116800,0.380153,0.33,1,286418,285976,442
64173361,15.5805,20.797,435,116800,0.372031,0.31,1,286436,286001,435
64176281,11.9161,8.95939,440,116800,0.450406,0.35,1,286447,286007,440
64179201,26.3832,24.9919,441,116800,0.274081,0.32,1,286477,286036,441
64182121,18.8766,21.7984,437,116800,0.366816,0.33,1,286494,286057,437
64185041,8.57533,13.1597,432,116800,0.361363,0.39,1,286500,286068,432
64187961,22.5151,15.4319,442,116800,0.392273,0.42,1,286526,286084,442
64190881,6.10301,6.28639,440,116800,0.366455,0.36,1,286528,286088,440
64193801,7.6206,6.05728,442,116800,0.353291,0.43,1,286536,286094,442
64196721,20.7241,21.2115,441,116800,0.366658,0.36,1,286560,286119,441
64199641,10.5448,13.8423,437,116800,0.329332,0.33,1,286568,286131,437
64202561,15.709,11.5685,443,116800,0.313866,0.43,1,286585,286142,443
64205481,12.7418,11.9137,443,116800,0.310773,0.44,1,286597,286154,443
64208401,4.14836,3.98274,443,116800,0.302155,0.41,1,286599,286156,443
64211321,2.42967,8.79655,435,116800,0.276431,0.41,1,286601,286166,435
64214241,2.08593,3.35931,435,116800,0.359286,0.26,1,286603,286168,435
64217161,8.41719,8.67186,435,116800,0.303857,0.26,1,286613,286178,435
64220081,10.4834,8.13437,438,116800,0.300771,0.3,1,286624,286186,438
64223001,6.89669,6.42687,438,116800,0.292154,0.29,1,286630,286192,438
64225921,7.77934,6.08538,440,116800,0.234431,0.29,1,286638,286198,440
64228841,3.15587,4.41707,438,116800,0.310886,0.29,1,286640,286202,438
64231761,2.23117,2.48341,438,116800,0.350177,0.36,1,286642,286204,438
64234681,36.4462,38.8967,435,116800,0.358035,0.32,1,286687,286252,435
64237601,12.0892,9.37934,439,116800,0.383607,0.33,1,286693,286254,439
64240521,4.01785,5.87587,436,116800,0.364721,0.3,1,286695,286259,436
64243441,8.80357,8.37517,437,116800,0.312944,0.32,1,286705,286268,437
64246361,4.96071,4.87503,437,116800,0.398589,0.3,1,286709,286272,437
64249281,5.79214,6.57501,436,116800,0.375718,0.29,1,286715,286279,436
64252201,30.7584,30.115,437,116800,0.331144,0.26,1,286752,286315,437
64255121,9.35169,7.623,439,116800,0.394229,0.32,1,286756,286317,439
64258041,26.6703,21.5246,445,116800,0.334846,0.41,1,286787,286342,445
64260961,6.93407,7.50492,443,116800,0.402969,0.46,1,286789,286346,443
64263881,2.98681,6.30098,439,116800,0.384594,0.42,1,286791,286352,439
64266801,5.39736,6.0602,439,116800,0.308919,0.31,1,286797,286358,439
64269721,12.2795,12.412,439,116800,0.349784,0.34,1,286811,286372,439
64272641,8.85589,9.68241,438,116800,0.389957,0.41,1,286819,286381,438
64275561,8.17118,5.13648,442,116800,0.349991,0.3,1,286827,286385,442
64278481,3.23424,5.8273,438,116800,0.309998,0.35,1,286829,286391,438
64281401,11.0468,7.56546,443,116800,0.294,0.44,1,286842,286399,443
64284321,8.60937,13.5131,436,116800,0.3788,0.37,1,286850,286414,436
64287241,4.92187,5.90262,436,116800,0.37176,0.37,1,286854,286418,436
64290161,21.7844,15.5805,444,116800,0.314352,0.47,1,286880,286436,444
64293081,12.3569,11.9161,443,116800,0.31087,0.23,1,286890,286447,443
64296001,21.6714,26.3832,437,116800,0.262174,0.39,1,286914,286477,437
64298921,17.1343,18.8766,436,116800,0.372435,0.36,1,286930,286494,436
64301841,12.2269,8.57533,441,116800,0.442487,0.4,1,286941,286500,441
64304761,24.0454,22.5151,442,116800,0.360497,0.36,1,286968,286526,442
64307681,6.40907,6.10301,442,116800,0.344099,0.35,1,286970,286528,442
64310601,6.08181,7.6206,440,116800,0.34082,0.37,1,286976,286536,440
64313521,21.2164,20.7241,441,116800,0.348164,0.32,1,287001,286560,441
64316441,12.2433,10.5448,443,116800,0.285633,0.31,1,287011,286568,443
64319361,11.2487,15.709,437,116800,0.321127,0.31,1,287022,286585,437
64322281,11.8497,12.7418,437,116800,0.368225,0.3,1,287034,286597,437
64325201,3.96995,4.14836,437,116800,0.345645,0.27,1,287036,286599,437
64328121,2.39399,2.42967,437,116800,0.341129,0.38,1,287038,286601,437
64331041,2.0788,2.08593,437,116800,0.308226,0.29,1,287040,286603,437
64333961,7.61576,8.41719,436,116800,0.365645,0.3,1,287049,286613,436
64336881,7.92315,10.4834,433,116800,0.321129,0.29,1,287057,286624,433
64339801,12.7846,6.89669,441,116800,0.368226,0.22,1,287071,286630,441
64342721,8.95693,7.77934,441,116800,0.297645,0.33,1,287079,286638,441
64345641,3.39139,3.15587,441,116800,0.323529,0.36,1,287081,286640,441
64348561,2.27828,2.23117,441,116800,0.328706,0.36,1,287083,286642,441
64351481,36.4557,36.4462,441,116800,0.305741,0.39,1,287128,286687,441
64354401,8.89113,12.0892,437,116800,0.325148,0.36,1,287130,286693,437
64357321,3.37823,4.01785,437,116800,0.32903,0.3,1,287132,286695,437
64360241,11.0756,8.80357,440,116800,0.313806,0.42,1,287145,286705,440
64363161,5.41513,4.96071,440,116800,0.254761,0.37,1,287149,286709,440
64366081,7.48303,5.79214,442,116800,0.322952,0.32,1,287157,286715,442
64369001,28.6966,30.7584,439,116800,0.29659,0.41,1,287191,286752,439
64371921,8.93932,9.35169,439,116800,0.371318,0.32,1,287195,286756,439
64374841,24.1879,26.6703,436,116800,0.378264,0.42,1,287223,286787,436
64377761,12.0376,6.93407,443,116800,0.363653,0.38,1,287232,286789,443
64380681,4.00751,2.98681,443,116800,0.360731,0.29,1,287234,286791,443
64383601,4.0015,5.39736,441,116800,0.352146,0.36,1,287238,286797,441
64386521,12.8003,12.2795,442,116800,0.398429,0.4,1,287253,286811,442
64389441,5.76006,8.85589,438,116800,0.351686,0.34,1,287257,286819,438
64392361,7.55201,8.17118,438,116800,0.414337,0.3,1,287265,286827,438
64395281,3.1104,3.23424,438,116800,0.394867,0.29,1,287267,286829,438
64398201,13.4221,11.0468,441,116800,0.366973,0.4,1,287283,286842,441
64401121,7.48442,8.60937,439,116800,0.305395,0.37,1,287289,286850,439
64404041,4.69688,4.92187,439,116800,0.389079,0.3,1,287293,286854,439
64406961,23.3394,21.7844,441,116800,0.373816,0.31,1,287321,286880,441
64409881,9.46788,12.3569,437,116800,0.274763,0.25,1,287327,286890,437
64412801,24.2936,21.6714,441,116800,0.326953,0.4,1,287355,286914,441
64415721,14.4587,17.1343,437,116800,0.313391,0.46,1,287367,286930,437
64418641,15.6917,12.2269,442,116800,0.358678,0.34,1,287383,286941,442
64421561,20.7383,24.0454,437,116800,0.279736,0.34,1,287405,286968,437
64424481,7.34767,6.40907,439,116800,0.255947,0.34,1,287409,286970,439
64427401,6.26953,6.08181,439,116800,0.347189,0.35,1,287415,286976,439
64430321,18.8539,21.2164,436,116800,0.301438,0.27,1,287437,287001,436
64433241,13.3708,12.2433,438,116800,0.308288,0.33,1,287449,287011,438
64436161,7.47416,11.2487,433,116800,0.301657,0.38,1,287455,287022,433
64439081,10.2948,11.8497,432,116800,0.324332,0.34,1,287466,287034,432
64442001,9.25897,3.96995,439,116800,0.320866,0.34,1,287475,287036,439
64444921,3.45179,2.39399,439,116800,0.320173,0.3,1,287477,287038,439
64447841,2.29036,2.0788,439,116800,0.296035,0.38,1,287479,287040,439
64450761,6.85807,7.61576,438,116800,0.251207,0.31,1,287487,287049,438
64453681,7.77161,7.92315,438,116800,0.322241,0.38,1,287495,287057,438
64456601,12.7543,12.7846,438,116800,0.352448,0.28,1,287509,287071,438
64459521,5.75086,8.95693,434,116800,0.31849,0.33,1,287513,287079,434
64462441,2.75017,3.39139,434,116800,0.287698,0.33,1,287515,287081,434
64465361,2.15003,2.27828,434,116800,0.27354,0.3,1,287517,287083,434
64468281,38.83,36.4557,437,116800,0.342708,0.33,1,287565,287128,437
64471201,10.966,8.89113,439,116800,0.332542,0.33,1,287569,287130,439
64474121,4.5932,3.37823,440,116800,0.306508,0.31,1,287572,287132,440
64477041,9.71864,11.0756,438,116800,0.325302,0.24,1,287583,287145,438
64479961,3.54373,5.41513,436,116800,0.32906,0.34,1,287585,287149,436
64482881,8.70875,7.48303,438,116800,0.305812,0.29,1,287595,287157,438
64485801,28.1417,28.6966,437,116800,0.253162,0.39,1,287628,287191,437
64488721,10.4283,8.93932,439,116800,0.242632,0.38,1,287634,287195,439
64491641,24.4857,24.1879,439,116800,0.344526,0.36,1,287662,287223,439
64494561,15.2971,12.0376,443,116800,0.292905,0.36,1,287675,287232,443
64497481,4.65943,4.00751,443,116800,0.258581,0.35,1,287677,287234,443
64500401,4.13189,4.0015,443,116800,0.355716,0.41,1,287681,287238,443
64503321,13.6264,12.8003,444,116800,0.391143,0.34,1,287697,287253,444
64506241,4.32528,5.76006,442,116800,0.366229,0.43,1,287699,287257,442
64509161,4.86506,7.55201,439,116800,0.353246,0.39,1,287704,287265,439
64512081,2.57301,3.1104,439,116800,0.350649,0.36,1,287706,287267,439
64515001,16.5146,13.4221,443,116800,0.32613,0.29,1,287726,287283,443
64517921,8.10292,7.48442,443,116800,0.353226,0.41,1,287732,287289,443
64520841,3.22058,4.69688,441,116800,0.326645,0.37,1,287734,287293,441
64523761,17.4441,23.3394,434,116800,0.289329,0.25,1,287755,287321,434
64526681,14.6888,9.46788,442,116800,0.321866,0.34,1,287769,287327,442
64529601,14.9378,24.2936,429,116800,0.352373,0.31,1,287784,287355,429
64532521,19.7876,14.4587,438,116800,0.286475,0.37,1,287805,287367,438
64535441,19.1575,15.6917,441,116800,0.329295,0.26,1,287824,287383,441
64538361,20.6315,20.7383,440,116800,0.409859,0.25,1,287845,287405,440
64541281,5.7263,7.34767,438,116800,0.393972,0.37,1,287847,287409,438
64544201,4.34526,6.26953,436,116800,0.326794,0.29,1,287851,287415,436
64547121,20.0691,18.8539,438,116800,0.393359,0.31,1,287875,287437,438
64550041,15.2138,13.3708,440,116800,0.342672,0.3,1,287889,287449,440
64552961,6.24276,7.47416,438,116800,0.356534,0.33,1,287893,287455,438
64555881,10.0486,10.2948,438,116800,0.407307,0.32,1,287904,287466,438
64558801,6.80971,9.25897,435,116800,0.321461,0.32,1,287910,287475,435
64561721,2.96194,3.45179,435,116800,0.328292,0.29,1,287912,287477,435
64564641,2.19239,2.29036,435,116800,0.305658,0.24,1,287914,287479,435
64567561,9.23848,6.85807,438,116800,0.381132,0.34,1,287925,287487,438
64570481,7.4477,7.77161,437,116800,0.292226,0.36,1,287932,287495,437
64573401,12.6895,12.7543,437,116800,0.362445,0.31,1,287946,287509,437
64576321,8.13791,5.75086,440,116800,0.336489,0.28,1,287953,287513,440
64579241,3.22758,2.75017,440,116800,0.299298,0.27,1,287955,287515,440
64582161,2.24552,2.15003,440,116800,0.29186,0.36,1,287957,287517,440
64585081,39.6491,38.83,441,116800,0.322372,0.33,1,288006,287565,441
64588001,9.52982,10.966,439,116800,0.352474,0.3,1,288008,287569,439
64590921,3.50596,4.5932,438,116800,0.350495,0.33,1,288010,287572,438
64593841,8.70119,9.71864,437,116800,0.398099,0.33,1,288020,287583,437
64596761,3.34024,3.54373,437,116800,0.40762,0.3,1,288022,287585,437
64599681,9.46805,8.70875,438,116800,0.441524,0.24,1,288033,287595,438
64602601,29.0936,28.1417,439,116800,0.392305,0.24,1,288067,287628,439
64605521,9.01872,10.4283,437,116800,0.438461,0.37,1,288071,287634,437
64608441,25.0037,24.4857,438,116800,0.351692,0.28,1,288100,287662,438
64611361,16.2007,15.2971,439,116800,0.382338,0.25,1,288114,287675,439
64614281,4.84015,4.65943,439,116800,0.356468,0.38,1,288116,287677,439
64617201,4.16803,4.13189,439,116800,0.303294,0.4,1,288120,287681,439
64620121,13.6336,13.6264,439,116800,0.364659,0.36,1,288136,287697,439
64623041,4.32672,4.32528,439,116800,0.344932,0.35,1,288138,287699,439
64625961,7.26534,4.86506,442,116800,0.404986,0.35,1,288146,287704,442
64628881,4.65307,2.57301,444,116800,0.408997,0.32,1,288150,287706,444
64631801,9.73061,16.5146,435,116800,0.337799,0.36,1,288161,287726,435
64634721,5.14612,8.10292,433,116800,0.37956,0.32,1,288165,287732,433
64637641,10.6292,3.22058,443,116800,0.427912,0.28,1,288177,287734,443
64640561,17.3258,17.4441,441,116800,0.397582,0.33,1,288196,287755,441
64643481,8.26517,14.6888,433,116800,0.295516,0.36,1,288202,287769,433
64646401,14.453,14.9378,434,116800,0.387103,0.27,1,288218,287784,434
64649321,24.4906,19.7876,440,116800,0.365421,0.34,1,288245,287805,440
64652241,20.8981,19.1575,441,116800,0.385084,0.43,1,288265,287824,441
64655161,21.7796,20.6315,442,116800,0.373017,0.39,1,288287,287845,442
64658081,5.95592,5.7263,442,116800,0.370603,0.31,1,288289,287847,442
64661001,2.79118,4.34526,440,116800,0.338121,0.41,1,288291,287851,440
64663921,18.9582,20.0691,439,116800,0.435624,0.33,1,288314,287875,439
64666841,13.3916,15.2138,437,116800,0.399125,0.36,1,288326,287889,437
64669761,10.6783,6.24276,443,116800,0.327825,0.42,1,288336,287893,443
64672681,6.93567,10.0486,438,116800,0.361565,0.3,1,288342,287904,438
64675601,9.38713,6.80971,442,116800,0.368313,0.33,1,288352,287910,442
64678521,3.47743,2.96194,442,116800,0.417663,0.3,1,288354,287912,442
64681441,2.29549,2.19239,442,116800,0.395533,0.4,1,288356,287914,442
64684361,2.0591,9.23848,433,116800,0.359106,0.27,1,288358,287925,433
64687281,10.8118,7.4477,439,116800,0.407821,0.38,1,288371,287932,439
64690201,10.1624,12.6895,435,116800,0.425564,0.33,1,288381,287946,435
64693121,5.23247,8.13791,432,116800,0.405113,0.29,1,288385,287953,432
64696041,4.24649,3.22758,434,116800,0.369023,0.29,1,288389,287955,434
64698961,8.0493,2.24552,441,116800,0.321804,0.33,1,288398,287957,441
64701881,42.4099,39.6491,443,116800,0.368361,0.36,1,288449,288006,443
64704801,10.082,9.52982,443,116800,0.345672,0.35,1,288451,288008,443
64707721,3.61639,3.50596,443,116800,0.317134,0.41,1,288453,288010,443
64710641,5.52328,8.70119,439,116800,0.367427,0.41,1,288459,288020,439
64713561,5.90466,3.34024,443,116800,0.377485,0.45,1,288465,288022,443
64716481,7.58093,9.46805,440,116800,0.387497,0.38,1,288473,288033,440
64719401,29.5162,29.0936,441,116800,0.373499,0.45,1,288508,288067,441
64722321,7.50324,9.01872,439,116800,0.3387,0.33,1,288510,288071,439
64725241,26.3006,25.0037,441,116800,0.30774,0.39,1,288541,288100,441
64728161,16.4601,16.2007,441,116800,0.365548,0.35,1,288555,288114,441
64731081,4.89203,4.84015,441,116800,0.34511,0.29,1,288557,288116,441
64734001,5.77841,4.16803,443,116800,0.269022,0.38,1,288563,288120,443
64736921,13.9557,13.6336,443,116800,0.405804,0.34,1,288579,288136,443
64739841,4.39114,4.32672,443,116800,0.401161,0.42,1,288581,288138,443
64742761,2.47823,7.26534,437,116800,0.368232,0.41,1,288583,288146,437
64745681,4.49565,4.65307,438,116800,0.361646,0.32,1,288588,288150,438
64748601,8.89913,9.73061,437,116800,0.368329,0.39,1,288598,288161,437
64751521,10.5798,5.14612,444,116800,0.353666,0.44,1,288609,288165,444
64754441,6.91597,10.6292,438,116800,0.398733,0.39,1,288615,288177,438
64757361,20.5832,17.3258,443,116800,0.407747,0.27,1,288639,288196,443
64760281,7.31664,8.26517,441,116800,0.353549,0.41,1,288643,288202,441
64763201,9.46333,14.453,435,116800,0.42271,0.36,1,288653,288218,435
64766121,30.6927,24.4906,444,116800,0.372542,0.39,1,288689,288245,444
64769041,12.5385,20.8981,432,116800,0.242508,0.37,1,288697,288265,432
64771961,25.7077,21.7796,439,116800,0.352502,0.37,1,288726,288287,439
64774881,8.34154,5.95592,441,116800,0.3505,0.33,1,288730,288289,441
64777801,4.86831,2.79118,443,116800,0.3101,0.46,1,288734,288291,443
64780721,18.5737,18.9582,442,116800,0.31802,0.39,1,288756,288314,442
64783641,10.1147,13.3916,438,116800,0.383604,0.31,1,288764,288326,438
64786561,13.2229,10.6783,442,116800,0.356721,0.37,1,288778,288336,442
64789481,9.04459,6.93567,444,116800,0.271344,0.37,1,288786,288342,444
64792401,9.80892,9.38713,444,116800,0.310269,0.43,1,288796,288352,444
64795321,3.56178,3.47743,444,116800,0.318054,0.39,1,288798,288354,444
64798241,2.31236,2.29549,444,116800,0.295611,0.35,1,288800,288356,444
64801161,2.06247,2.0591,444,116800,0.259122,0.42,1,288802,288358,444
64804081,10.8125,10.8118,444,116800,0.363824,0.43,1,288815,288371,444
64807001,6.9625,10.1624,440,116800,0.288765,0.4,1,288821,288381,440
64809921,2.9925,5.23247,438,116800,0.361753,0.36,1,288823,288385,438
64812841,5.3985,4.24649,440,116800,0.360351,0.31,1,288829,288389,440
64815761,5.8797,8.0493,437,116800,0.38407,0.38,1,288835,288398,437
64818681,45.9759,42.4099,442,116800,0.428814,0.34,1,288891,288449,442
64821601,10.7952,10.082,442,116800,0.397763,0.31,1,288893,288451,442
64824521,3.75904,3.61639,442,116800,0.359553,0.38,1,288895,288453,442
64827441,7.15181,5.52328,444,116800,0.33591,0.38,1,288903,288459,444
64830361,3.03036,5.90466,440,116800,0.339182,0.39,1,288905,288465,440
64833281,7.00607,7.58093,440,116800,0.339836,0.37,1,288913,288473,440
64836201,28.6012,29.5162,439,116800,0.339967,0.33,1,288947,288508,439
64839121,7.32024,7.50324,439,116800,0.307993,0.3,1,288949,288510,439
64842041,28.664,26.3006,442,116800,0.285599,0.38,1,288983,288541,442
64844961,16.1328,16.4601,441,116800,0.28912,0.34,1,288996,288555,441
64847881,4.82656,4.89203,441,116800,0.313824,0.25,1,288998,288557,441
64850801,6.56531,5.77841,442,116800,0.262765,0.44,1,289005,288563,442
64853721,12.5131,13.9557,440,116800,0.332553,0.4,1,289019,288579,440
64856641,4.10261,4.39114,440,116800,0.346511,0.36,1,289021,288581,440
64859561,2.42052,2.47823,440,116800,0.349302,0.36,1,289023,288583,440
64862481,5.2841,4.49565,441,116800,0.38186,0.37,1,289029,288588,441
64865401,5.85682,8.89913,437,116800,0.396372,0.35,1,289035,288598,437
64868321,13.9714,10.5798,442,116800,0.319274,0.41,1,289051,288609,442
64871241,5.99427,6.91597,440,116800,0.295855,0.41,1,289055,288615,440
64874161,19.5989,20.5832,439,116800,0.323171,0.34,1,289078,288639,439
64877081,10.3198,7.31664,443,116800,0.320634,0.44,1,289086,288643,443
64880001,10.064,9.46333,443,116800,0.344127,0.36,1,289096,288653,443
64882921,22.0128,30.6927,432,116800,0.308825,0.21,1,289121,288689,432
64885841,14.8026,12.5385,437,116800,0.349765,0.38,1,289134,288697,437
64888761,24.5605,25.7077,435,116800,0.341953,0.35,1,289161,288726,435
64891681,6.5121,8.34154,433,116800,0.380391,0.3,1,289163,288730,433
64894601,11.7024,4.86831,442,116800,0.324078,0.32,1,289176,288734,442
64897521,18.3405,18.5737,440,116800,0.360816,0.4,1,289196,288756,440
64900441,8.4681,10.1147,438,116800,0.376163,0.35,1,289202,288764,438
64903361,12.0936,13.2229,437,116800,0.363233,0.25,1,289215,288778,437
64906281,11.2187,9.04459,440,116800,0.256647,0.32,1,289226,288786,440
64909201,12.6437,9.80892,443,116800,0.299329,0.32,1,289239,288796,443
64912121,4.12875,3.56178,443,116800,0.275866,0.29,1,289241,288798,443
64915041,2.42575,2.31236,443,116800,0.295173,0.25,1,289243,288800,443
64917961,2.08515,2.06247,443,116800,0.267035,0.39,1,289245,288802,443
64920881,8.41703,10.8125,440,116800,0.325407,0.27,1,289255,288815,440
64923801,6.48341,6.9625,440,116800,0.297081,0.38,1,289261,288821,440
64926721,4.49668,2.9925,442,116800,0.227416,0.36,1,289265,288823,442
64929641,2.49934,5.3985,438,116800,0.205483,0.39,1,289267,288829,438
64932561,7.69987,5.8797,441,116800,0.337097,0.44,1,289276,288835,441
64935481,45.54,45.9759,440,116800,0.267419,0.39,1,289331,288891,440
64938401,10.708,10.7952,440,116800,0.221484,0.35,1,289333,288893,440
64941321,3.7416,3.75904,440,116800,0.212297,0.33,1,289335,288895,440
64944241,7.14832,7.15181,440,116800,0.210459,0.34,1,289343,288903,440
64947161,3.02966,3.03036,440,116800,0.274092,0.34,1,289345,288905,440
64950081,3.80593,7.00607,436,116800,0.278818,0.34,1,289349,288913,436
64953001,27.1612,28.6012,435,116800,0.191764,0.3,1,289382,288947,435
64955921,11.0322,7.32024,440,116800,0.278353,0.28,1,289389,288949,440
64958841,28.6064,28.664,439,116800,0.279671,0.29,1,289422,288983,439
64961761,12.1213,16.1328,434,116800,0.223934,0.32,1,289430,288996,434
64964681,4.02426,4.82656,434,116800,0.180787,0.25,1,289432,288998,434
64967601,12.8049,6.56531,442,116800,0.204157,0.35,1,289447,289005,442
64970521,13.761,12.5131,442,116800,0.272831,0.35,1,289461,289019,442
64973441,4.35219,4.10261,442,116800,0.286566,0.35,1,289463,289021,442
64976361,2.47044,2.42052,442,116800,0.289313,0.39,1,289465,289023,442
64979281,2.09409,5.2841,438,116800,0.257863,0.4,1,289467,289029,438
64982201,5.21882,5.85682,438,116800,0.227573,0.3,1,289473,289035,438
64985121,13.0438,13.9714,437,116800,0.277515,0.29,1,289488,289051,437
64988041,5.80875,5.99427,437,116800,0.223503,0.33,1,289492,289055,437
64990961,17.9618,19.5989,435,116800,0.236701,0.32,1,289513,289078,435
64993881,12.3924,10.3198,438,116800,0.23934,0.35,1,289524,289086,438
64996801,11.2785,10.064,439,116800,0.311868,0.3,1,289535,289096,439
64999721,20.6557,22.0128,437,116800,0.302374,0.36,1,289558,289121,437
65002641,10.5311,14.8026,432,116800,0.212475,0.34,1,289566,289134,432
65005561,28.5062,24.5605,438,116800,0.258495,0.39,1,289599,289161,438
65008481,7.30125,6.5121,438,116800,0.235699,0.31,1,289601,289163,438
65011401,11.8602,11.7024,438,116800,0.33514,0.37,1,289614,289176,438
65014321,20.772,18.3405,441,116800,0.403028,0.38,1,289637,289196,441
65017241,8.95441,8.4681,441,116800,0.352606,0.36,1,289643,289202,441
65020161,4.99088,12.0936,432,116800,0.342521,0.23,1,289647,289215,432
65023081,9.79818,11.2187,432,116800,0.428504,0.31,1,289658,289226,432
65026001,14.7596,12.6437,435,116800,0.341701,0.27,1,289674,289239,435
65028921,6.15193,4.12875,437,116800,0.32434,0.3,1,289678,289241,437
65031841,4.43039,2.42575,439,116800,0.264868,0.26,1,289682,289243,439
65034761,2.48608,2.08515,439,116800,0.220974,0.34,1,289684,289245,439
65037681,2.09722,8.41703,431,116800,0.292195,0.29,1,289686,289255,431
65040601,9.21944,6.48341,436,116800,0.386439,0.21,1,289697,289261,436
65043521,6.64389,4.49668,438,116800,0.333288,0.2,1,289703,289265,438
65046441,2.92878,2.49934,438,116800,0.306658,0.37,1,289705,289267,438
65049361,6.98576,7.69987,437,116800,0.325332,0.25,1,289713,289276,437
65052281,42.1972,45.54,433,116800,0.345066,0.21,1,289764,289331,433
65055201,10.0394,10.708,433,116800,0.317013,0.21,1,289766,289333,433
65058121,6.80789,3.7416,437,116800,0.327403,0.21,1,289772,289335,437
65061041,7.76158,7.14832,437,116800,0.353481,0.29,1,289780,289343,437
65063961,4.75232,3.02966,439,116800,0.318696,0.28,1,289784,289345,439
65066881,2.55046,3.80593,437,116800,0.279739,0.17,1,289786,289349,437
65069801,24.5101,27.1612,434,116800,0.167948,0.3,1,289816,289382,434
65072721,9.70202,11.0322,433,116800,0.24159,0.28,1,289822,289389,433
65075641,27.5404,28.6064,432,116800,0.328318,0.21,1,289854,289422,432
65078561,15.1081,12.1213,436,116800,0.321664,0.17,1,289866,289430,436
65081481,4.62162,4.02426,436,116800,0.288333,0.21,1,289868,289432,436
65084401,13.7243,12.8049,437,116800,0.337667,0.29,1,289884,289447,437
65087321,10.7449,13.761,433,116800,0.291533,0.29,1,289894,289461,433
65090241,3.74897,4.35219,433,116800,0.322307,0.29,1,289896,289463,433
65093161,2.34979,2.47044,433,116800,0.328461,0.25,1,289898,289465,433
65096081,2.06996,2.09409,433,116800,0.329692,0.22,1,289900,289467,433
65099001,7.61399,5.21882,436,116800,0.385938,0.29,1,289909,289473,436
65101921,7.9228,13.0438,429,116800,0.325188,0.21,1,289917,289488,429
65104841,9.58456,5.80875,435,116800,0.345038,0.24,1,289927,289492,435
65107761,17.1169,17.9618,433,116800,0.437007,0.24,1,289946,289513,433
65110681,16.2234,12.3924,438,116800,0.359402,0.33,1,289962,289524,438
65113601,12.8447,11.2785,439,116800,0.39188,0.3,1,289974,289535,439
65116521,18.5689,20.6557,436,116800,0.366376,0.19,1,289994,289558,436
65119441,10.1138,10.5311,436,116800,0.369275,0.27,1,290002,289566,436
65122361,33.2228,28.5062,442,116800,0.249855,0.23,1,290041,289599,442
65125281,8.24455,7.30125,442,116800,0.345971,0.36,1,290043,289601,442
65128201,6.44891,11.8602,435,116800,0.317194,0.42,1,290049,289614,435
65131121,22.8898,20.772,439,116800,0.351439,0.34,1,290076,289637,439
65134041,9.37796,8.95441,439,116800,0.302288,0.34,1,290082,289643,439
65136961,8.27559,4.99088,443,116800,0.356458,0.45,1,290090,289647,443
65139881,4.85512,9.79818,436,116800,0.367292,0.32,1,290094,289658,436
65142801,12.971,14.7596,435,116800,0.377458,0.32,1,290109,289674,435
65145721,8.9942,6.15193,439,116800,0.323492,0.25,1,290117,289678,439
65148641,5.79884,4.43039,440,116800,0.264698,0.21,1,290122,289682,440
65151561,4.35977,2.48608,442,116800,0.37294,0.31,1,290126,289684,442
65154481,2.47195,2.09722,442,116800,0.394588,0.41,1,290128,289686,442
65157401,9.29439,9.21944,442,116800,0.406918,0.32,1,290139,289697,442
65160321,5.05888,6.64389,440,116800,0.385383,0.3,1,290143,289703,440
65163241,4.21178,2.92878,442,116800,0.317077,0.33,1,290147,289705,442
65166161,2.44236,6.98576,436,116800,0.279415,0.35,1,290149,289713,436
65169081,41.2885,42.1972,436,116800,0.311883,0.31,1,290200,289764,436
65172001,14.6577,10.0394,442,116800,0.334377,0.33,1,290208,289766,442
65174921,4.53154,6.80789,438,116800,0.362875,0.36,1,290210,289772,438
65177841,5.70631,7.76158,436,116800,0.368575,0.31,1,290216,289780,436
65180761,6.74126,4.75232,439,116800,0.449715,0.27,1,290223,289784,439
65183681,2.94825,2.55046,439,116800,0.441943,0.14,1,290225,289786,439
65186601,18.9897,24.5101,432,116800,0.448389,0.26,1,290248,289816,432
65189521,13.3979,9.70202,438,116800,0.417678,0.35,1,290260,289822,438
65192441,29.0796,27.5404,439,116800,0.387536,0.32,1,290293,289854,439
65195361,15.4159,15.1081,439,116800,0.445507,0.28,1,290305,289866,439
65198281,6.28318,4.62162,441,116800,0.441101,0.35,1,290309,289868,441
65201201,10.8566,13.7243,437,116800,0.37622,0.28,1,290321,289884,437
65204121,13.3713,10.7449,441,116800,0.387244,0.33,1,290335,289894,441
65207041,4.27427,3.74897,441,116800,0.421449,0.33,1,290337,289896,441
65209961,2.45485,2.34979,441,116800,0.42829,0.33,1,290339,289898,441
65212881,2.09097,2.06996,441,116800,0.429658,0.4,1,290341,289900,441
65215801,5.21819,7.61399,438,116800,0.405932,0.31,1,290347,289909,438
65218721,9.04364,7.9228,440,116800,0.473186,0.35,1,290357,289917,440
65221641,9.00873,9.58456,439,116800,0.502637,0.46,1,290366,289927,439
65224561,18.6017,17.1169,441,116800,0.460527,0.34,1,290387,289946,441
65227481,13.3203,16.2234,437,116800,0.452105,0.4,1,290399,289962,437
65230401,15.4641,12.8447,441,116800,0.474421,0.36,1,290415,289974,441
65233321,20.6928,18.5689,443,116800,0.462884,0.37,1,290437,289994,443
65236241,5.73856,10.1138,437,116800,0.420577,0.22,1,290439,290002,437
65239161,33.1477,33.2228,438,116800,0.468115,0.37,1,290479,290041,438
65242081,11.4295,8.24455,442,116800,0.517623,0.31,1,290485,290043,442
65245001,3.88591,6.44891,438,116800,0.527525,0.36,1,290487,290049,438
65247921,24.7772,22.8898,441,116800,0.497505,0.29,1,290517,290076,441
65250841,9.75544,9.37796,441,116800,0.475501,0.37,1,290523,290082,441
65253761,6.75109,8.27559,439,116800,0.4871,0.37,1,290529,290090,439
65256681,6.15022,4.85512,441,116800,0.49742,0.38,1,290535,290094,441
65259601,9.23004,12.971,436,116800,0.523484,0.31,1,290545,290109,436
65262521,13.046,8.9942,442,116800,0.504697,0.25,1,290559,290117,442
65265441,7.4092,5.79884,443,116800,0.396939,0.4,1,290565,290122,443
65268361,4.68184,4.35977,443,116800,0.383388,0.4,1,290569,290126,443
65271281,2.53637,2.47195,443,116800,0.380678,0.41,1,290571,290128,443
65274201,3.70727,9.29439,436,116800,0.444136,0.38,1,290575,290139,436
65277121,2.34145,5.05888,434,116800,0.456827,0.3,1,290577,290143,434
65280041,9.26829,4.21178,441,116800,0.515365,0.27,1,290588,290147,441
65282961,3.45366,2.44236,441,116800,0.487073,0.32,1,290590,290149,441
65285881,42.2907,41.2885,442,116800,0.281415,0.34,1,290642,290200,442
65288801,13.2581,14.6577,440,116800,0.240283,0.37,1,290648,290208,440
65291721,5.85163,4.53154,442,116800,0.312057,0.37,1,290652,290210,442
65294641,7.57033,5.70631,444,116800,0.390411,0.47,1,290660,290216,444
65297561,4.71407,6.74126,441,116800,0.382082,0.44,1,290664,290223,441
65300481,2.54281,2.94825,441,116800,0.348416,0.45,1,290666,290225,441
65303401,16.5086,18.9897,438,116800,0.349683,0.41,1,290686,290248,438
65306321,12.9017,13.3979,438,116800,0.341937,0.38,1,290698,290260,438
65309241,36.1803,29.0796,447,116800,0.404387,0.46,1,290740,290293,447
65312161,13.6361,15.4159,443,116800,0.272877,0.44,1,290748,290305,443
65315081,4.32721,6.28318,441,116800,0.222576,0.36,1,290750,290309,441
65318001,12.0654,10.8566,443,116800,0.284515,0.39,1,290764,290321,443
65320921,12.0131,13.3713,441,116800,0.256903,0.43,1,290776,290335,441
65323841,6.40262,4.27427,444,116800,0.299381,0.43,1,290781,290337,444
65326761,2.88052,2.45485,444,116800,0.315876,0.43,1,290783,290339,444
65329681,5.3761,2.09097,448,116800,0.327175,0.4,1,290789,290341,448
65332601,5.87522,5.21819,448,116800,0.297435,0.49,1,290795,290347,448
65335521,9.17504,9.04364,448,116800,0.283487,0.51,1,290805,290357,448
65338441,6.63501,9.00873,445,116800,0.312697,0.45,1,290811,290366,445
65341361,18.127,18.6017,445,116800,0.302539,0.45,1,290832,290387,445
65344281,12.4254,13.3203,444,116800,0.316508,0.48,1,290843,290399,444
65347201,16.8851,15.4641,446,116800,0.367302,0.46,1,290861,290415,446
65350121,21.777,20.6928,447,116800,0.39346,0.41,1,290884,290437,447
65353041,7.5554,5.73856,449,116800,0.342692,0.48,1,290888,290439,449
65355961,31.1111,33.1477,446,116800,0.380538,0.53,1,290925,290479,446
65358881,7.82222,11.4295,442,116800,0.364108,0.53,1,290927,290485,442
65361801,6.36444,3.88591,446,116800,0.392822,0.49,1,290933,290487,446
65364721,26.8729,24.7772,448,116800,0.286564,0.47,1,290965,290517,448
65367641,10.1746,9.75544,448,116800,0.289313,0.49,1,290971,290523,448
65370561,6.83492,6.75109,448,116800,0.385863,0.5,1,290977,290529,448
65373481,6.96698,6.15022,449,116800,0.413173,0.53,1,290984,290535,449
65376401,2.9934,9.23004,441,116800,0.410634,0.5,1,290986,290545,441
65379321,11.7987,13.046,441,116800,0.314127,0.37,1,291000,290559,441
65382241,9.55974,7.4092,444,116800,0.214825,0.38,1,291009,290565,444
65385161,5.11195,4.68184,444,116800,0.170965,0.38,1,291013,290569,444
65388081,4.22239,2.53637,446,116800,0.282193,0.46,1,291017,290571,446
65391001,4.04448,3.70727,446,116800,0.400439,0.46,1,291021,290575,446
65393921,2.4089,2.34145,446,116800,0.392088,0.53,1,291023,290577,446
65396841,2.08178,9.26829,437,116800,0.390418,0.48,1,291025,290588,437
65399761,2.01636,3.45366,437,116800,0.382084,0.23,1,291027,290590,437
65402681,44.4033,42.2907,440,116800,0.364417,0.23,1,291082,290642,440
65405601,13.6807,13.2581,440,116800,0.312883,0.33,1,291088,290648,440
65408521,7.53613,5.85163,442,116800,0.398577,0.41,1,291094,290652,442
65411441,9.50723,7.57033,444,116800,0.343715,0.38,1,291104,290660,444
65414361,3.50145,4.71407,442,116800,0.348743,0.34,1,291106,290664,442
65417281,3.90029,2.54281,444,116800,0.349749,0.35,1,291110,290666,444
65420201,13.5801,16.5086,440,116800,0.40595,0.34,1,291126,290686,440
65423121,12.316,12.9017,440,116800,0.28919,0.42,1,291138,290698,440
65426041,31.2632,36.1803,434,116800,0.273838,0.24,1,291174,290740,434
65428961,11.8526,13.6361,433,116800,0.334768,0.21,1,291181,290748,433
65431881,5.57053,4.32721,435,116800,0.346954,0.3,1,291185,290750,435
65434801,13.1141,12.0654,436,116800,0.381391,0.25,1,291200,290764,436
65437721,13.8228,12.0131,438,116800,0.356278,0.31,1,291214,290776,438
65440641,5.96456,6.40262,437,116800,0.391256,0.32,1,291218,290781,437
65443561,2.79291,2.88052,437,116800,0.398251,0.33,1,291220,290783,437
65446481,6.95858,5.3761,439,116800,0.42365,0.29,1,291228,290789,439
65449401,4.59172,5.87522,437,116800,0.43673,0.28,1,291232,290795,437
65452321,8.91834,9.17504,437,116800,0.383346,0.32,1,291242,290805,437
65455241,9.78367,6.63501,441,116800,0.380669,0.3,1,291252,290811,441
65458161,16.3567,18.127,438,116800,0.404134,0.32,1,291270,290832,438
65461081,13.6713,12.4254,440,116800,0.432827,0.38,1,291283,290843,440
65464001,17.9343,16.8851,441,116800,0.374565,0.4,1,291302,290861,441
65466921,19.5869,21.777,438,116800,0.354913,0.33,1,291322,290884,438
65469841,11.9174,7.5554,444,116800,0.406983,0.39,1,291332,290888,444
65472761,30.3835,31.1111,442,116800,0.345396,0.36,1,291367,290925,442
65475681,7.67669,7.82222,442,116800,0.389079,0.4,1,291369,290927,442
65478601,4.73534,6.36444,440,116800,0.333816,0.26,1,291373,290933,440
65481521,21.7471,26.8729,434,116800,0.386763,0.29,1,291399,290965,434
65484441,16.3494,10.1746,443,116800,0.341353,0.41,1,291414,290971,443
65487361,8.86988,6.83492,444,116800,0.404271,0.42,1,291421,290977,444
65490281,3.37398,6.96698,439,116800,0.416854,0.41,1,291423,290984,439
65493201,2.2748,2.9934,439,116800,0.419371,0.29,1,291425,290986,439
65496121,5.25496,11.7987,431,116800,0.363874,0.19,1,291431,291000,431
65499041,12.251,9.55974,436,116800,0.384775,0.16,1,291445,291009,436
65501961,9.6502,5.11195,441,116800,0.396955,0.31,1,291454,291013,441
65504881,5.13004,4.22239,441,116800,0.375391,0.43,1,291458,291017,441
65507801,4.22601,4.04448,441,116800,0.331078,0.39,1,291462,291021,441
65510721,2.4452,2.4089,441,116800,0.314216,0.39,1,291464,291023,441
65513641,2.08904,2.08178,441,116800,0.318843,0.38,1,291466,291025,441
65516561,2.01781,2.01636,441,116800,0.375769,0.36,1,291468,291027,441
65519481,40.4036,44.4033,436,116800,0.419154,0.3,1,291518,291082,436
65522401,16.0807,13.6807,440,116800,0.307831,0.42,1,291528,291088,440
65525321,8.01614,7.53613,440,116800,0.317566,0.33,1,291534,291094,440
65528241,8.80323,9.50723,439,116800,0.367513,0.35,1,291543,291104,439
65531161,3.36065,3.50145,439,116800,0.433503,0.35,1,291545,291106,439
65534081,5.47213,3.90029,441,116800,0.406701,0.42,1,291551,291110,441
65537001,9.09443,13.5801,435,116800,0.42534,0.26,1,291561,291126,435
65539921,9.01889,12.316,432,116800,0.397068,0.27,1,291570,291138,432
65542841,37.0038,31.2632,440,116800,0.367414,0.35,1,291614,291174,440
65545761,15.4008,11.8526,443,116800,0.361483,0.35,1,291624,291181,443
65548681,6.28015,5.57053,443,116800,0.368297,0.39,1,291628,291185,443
65551601,13.256,13.1141,443,116800,0.353659,0.35,1,291643,291200,443
65554521,13.8512,13.8228,443,116800,0.318732,0.4,1,291657,291214,443
65557441,5.97024,5.96456,443,116800,0.303746,0.4,1,291661,291218,443
65560361,2.79405,2.79291,443,116800,0.364749,0.43,1,291663,291220,443
65563281,4.55881,6.95858,440,116800,0.40095,0.44,1,291668,291228,440
65566201,4.11176,4.59172,440,116800,0.40819,0.37,1,291672,291232,440
65569121,10.4224,8.91834,442,116800,0.409638,0.38,1,291684,291242,442
65572041,10.0845,9.78367,442,116800,0.337928,0.41,1,291694,291252,442
65574961,14.8169,16.3567,440,116800,0.411586,0.44,1,291710,291270,440
65577881,16.5634,13.6713,444,116800,0.346317,0.36,1,291727,291283,444
65580801,11.3127,17.9343,435,116800,0.277263,0.35,1,291737,291302,435
65583721,25.4625,19.5869,444,116800,0.359453,0.42,1,291766,291322,444
65586641,11.4925,11.9174,442,116800,0.391891,0.33,1,291774,291332,442
65589561,25.4985,30.3835,436,116800,0.454378,0.4,1,291803,291367,436
65592481,6.6997,7.67669,436,116800,0.466876,0.32,1,291805,291369,436
65595401,8.53994,4.73534,441,116800,0.405375,0.4,1,291814,291373,441
65598321,23.308,21.7471,442,116800,0.377075,0.33,1,291841,291399,442
65601241,16.6616,16.3494,442,116800,0.427415,0.42,1,291856,291414,442
65604161,8.13232,8.86988,441,116800,0.349483,0.42,1,291862,291421,441
65607081,5.62646,3.37398,444,116800,0.461897,0.42,1,291867,291423,444
65610001,2.72529,2.2748,444,116800,0.484379,0.35,1,291869,291425,444
65612921,2.14506,5.25496,440,116800,0.464876,0.39,1,291871,291431,440
65615841,13.229,12.251,442,116800,0.420975,0.4,1,291887,291445,442
65618761,7.4458,9.6502,439,116800,0.356195,0.37,1,291893,291454,439
65621681,7.88916,5.13004,443,116800,0.415239,0.32,1,291901,291458,443
65624601,6.37783,4.22601,445,116800,0.379048,0.31,1,291907,291462,445
65627521,2.87557,2.4452,445,116800,0.33981,0.32,1,291909,291464,445
65630441,2.17511,2.08904,445,116800,0.347962,0.39,1,291911,291466,445
65633361,2.03502,2.01781,445,116800,0.349592,0.43,1,291913,291468,445
65636281,34.007,40.4036,437,116800,0.357918,0.28,1,291955,291518,437
65639201,13.2014,16.0807,435,116800,0.359584,0.32,1,291963,291528,435
65642121,13.8403,8.01614,443,116800,0.359917,0.38,1,291977,291534,443
65645041,10.7681,8.80323,444,116800,0.295983,0.45,1,291987,291543,444
65647961,3.75361,3.36065,444,116800,0.371197,0.4,1,291989,291545,444
65650881,5.55072,5.47213,444,116800,0.306239,0.43,1,291995,291551,444
65653801,9.11014,9.09443,444,116800,0.381248,0.39,1,292005,291561,444
65656721,3.42203,9.01889,437,116800,0.39625,0.36,1,292007,291570,437
65659641,37.4844,37.0038,439,116800,0.32725,0.36,1,292053,291614,439
65662561,17.8969,15.4008,442,116800,0.29745,0.37,1,292066,291624,442
65665481,5.17938,6.28015,440,116800,0.36349,0.35,1,292068,291628,440
65668401,9.03588,13.256,435,116800,0.368698,0.31,1,292078,291643,435
65671321,19.4072,13.8512,443,116800,0.33774,0.3,1,292100,291657,443
65674241,7.08143,5.97024,443,116800,0.299548,0.38,1,292104,291661,443
65677161,3.01629,2.79405,443,116800,0.25191,0.41,1,292106,291663,443
65680081,3.80326,4.55881,442,116800,0.362382,0.41,1,292110,291668,442
65683001,5.56065,4.11176,444,116800,0.360476,0.41,1,292116,291672,444
65685921,5.91213,10.4224,438,116800,0.400095,0.32,1,292122,291684,438
65688841,13.1824,10.0845,443,116800,0.368019,0.43,1,292137,291694,443
65691761,13.8365,14.8169,441,116800,0.385604,0.33,1,292151,291710,441
65694681,12.3673,16.5634,436,116800,0.437121,0.26,1,292163,291727,436
65697601,12.8735,11.3127,439,116800,0.423424,0.38,1,292176,291737,439
65700521,28.1747,25.4625,442,116800,0.420685,0.4,1,292208,291766,442
65703441,12.0349,11.4925,442,116800,0.340137,0.47,1,292216,291774,442
65706361,24.007,25.4985,440,116800,0.396027,0.47,1,292243,291803,440
65709281,6.4014,6.6997,440,116800,0.407205,0.39,1,292245,291805,440
65712201,7.68028,8.53994,439,116800,0.369441,0.37,1,292253,291814,439
65715121,28.7361,23.308,446,116800,0.417888,0.44,1,292287,291841,446
65718041,13.7472,16.6616,441,116800,0.395578,0.33,1,292297,291856,441
65720961,9.94944,8.13232,444,116800,0.375116,0.49,1,292306,291862,444
65723881,5.18989,5.62646,443,116800,0.379023,0.49,1,292310,291867,443
65726801,2.63798,2.72529,443,116800,0.347805,0.46,1,292312,291869,443
65729721,2.1276,2.14506,443,116800,0.309561,0.41,1,292314,291871,443
65732641,13.2255,13.229,443,116800,0.397912,0.34,1,292330,291887,443
65735561,5.8451,7.4458,441,116800,0.351582,0.43,1,292334,291893,441
65738481,5.96902,7.88916,439,116800,0.382316,0.37,1,292340,291901,439
65741401,7.5938,6.37783,441,116800,0.332463,0.33,1,292348,291907,441
65744321,6.31876,2.87557,445,116800,0.370493,0.35,1,292354,291909,445
65747241,2.86375,2.17511,445,116800,0.410099,0.35,1,292356,291911,445
65750161,2.17275,2.03502,445,116800,0.38602,0.36,1,292358,291913,445
65753081,30.0346,34.007,440,116800,0.429204,0.36,1,292395,291955,440
65756001,13.2069,13.2014,441,116800,0.453841,0.36,1,292404,291963,441
65758921,10.6414,13.8403,437,116800,0.450768,0.28,1,292414,291977,437
65761841,14.9283,10.7681,443,116800,0.450154,0.39,1,292430,291987,443
65764761,4.58566,3.75361,443,116800,0.418031,0.29,1,292432,291989,443
65767681,5.71713,5.55072,443,116800,0.379606,0.4,1,292438,291995,443
65770601,5.94343,9.11014,439,116800,0.443921,0.4,1,292444,292005,439
65773521,2.78869,3.42203,439,116800,0.424784,0.31,1,292446,292007,439
65776441,36.5577,37.4844,438,116800,0.300957,0.29,1,292491,292053,438
65779361,20.9115,17.8969,442,116800,0.284191,0.38,1,292508,292066,442
65782281,5.78231,5.17938,442,116800,0.256838,0.37,1,292510,292068,442
65785201,7.55646,9.03588,440,116800,0.339368,0.33,1,292518,292078,440
65788121,21.5113,19.4072,443,116800,0.339874,0.29,1,292543,292100,443
65791041,5.90226,7.08143,441,116800,0.307975,0.24,1,292545,292104,441
65793961,2.78045,3.01629,441,116800,0.309595,0.39,1,292547,292106,441
65796881,5.35609,3.80326,443,116800,0.373919,0.36,1,292553,292110,443
65799801,4.27122,5.56065,441,116800,0.434784,0.41,1,292557,292116,441
65802721,5.65424,5.91213,441,116800,0.438957,0.36,1,292563,292122,441
65805641,9.13085,13.1824,436,116800,0.415791,0.39,1,292573,292137,436
65808561,20.2262,13.8365,445,116800,0.355158,0.45,1,292596,292151,445
65811481,12.0452,12.3673,443,116800,0.295032,0.42,1,292606,292163,443
65814401,7.20905,12.8735,436,116800,0.283006,0.42,1,292612,292176,436
65817321,27.8418,28.1747,437,116800,0.336601,0.32,1,292645,292208,437
65820241,15.9684,12.0349,442,116800,0.33132,0.41,1,292658,292216,442
65823161,23.9937,24.007,441,116800,0.290264,0.41,1,292684,292243,441
65826081,6.39873,6.4014,441,116800,0.250053,0.36,1,292686,292245,441
65829001,6.87975,7.68028,440,116800,0.362011,0.43,1,292693,292253,440
65831921,30.176,28.7361,442,116800,0.368402,0.39,1,292729,292287,442
65834841,14.0352,13.7472,442,116800,0.30568,0.37,1,292739,292297,442
65837761,11.607,9.94944,444,116800,0.397136,0.38,1,292750,292306,444
65840681,3.92141,5.18989,442,116800,0.415427,0.34,1,292752,292310,442
65843601,3.98428,2.63798,444,116800,0.363085,0.3,1,292756,292312,444
65846521,2.39686,2.1276,444,116800,0.320617,0.42,1,292758,292314,444
65849441,12.4794,13.2255,443,116800,0.320123,0.34,1,292773,292330,443
65852361,4.09587,5.8451,441,116800,0.288025,0.39,1,292775,292334,441
65855281,2.41917,5.96902,437,116800,0.249605,0.32,1,292777,292340,437
65858201,10.8838,7.5938,442,116800,0.337921,0.38,1,292790,292348,442
65861121,6.97677,6.31876,442,116800,0.267584,0.42,1,292796,292354,442
65864041,6.19535,2.86375,446,116800,0.309517,0.38,1,292802,292356,446
65866961,2.83907,2.17275,446,116800,0.293903,0.44,1,292804,292358,446
65869881,28.5678,30.0346,444,116800,0.274781,0.46,1,292839,292395,444
65872801,12.9136,13.2069,444,116800,0.310956,0.45,1,292848,292404,444
65875721,10.5827,10.6414,444,116800,0.262191,0.45,1,292858,292414,444
65878641,10.1165,14.9283,438,116800,0.260438,0.41,1,292868,292430,438
65881561,5.22331,4.58566,440,116800,0.292088,0.37,1,292872,292432,440
65884481,6.64466,5.71713,441,116800,0.290418,0.46,1,292879,292438,441
65887401,9.32893,5.94343,445,116800,0.290083,0.42,1,292889,292444,445
65890321,3.46579,2.78869,445,116800,0.282017,0.27,1,292891,292446,445
65893241,33.4932,36.5577,441,116800,0.248403,0.28,1,292932,292491,441
65896161,19.4986,20.9115,440,116800,0.257681,0.25,1,292948,292508,440
65899081,5.49973,5.78231,440,116800,0.227536,0.36,1,292950,292510,440
65902001,9.09995,7.55646,442,116800,0.237507,0.34,1,292960,292518,442
65904921,22.62,21.5113,443,116800,0.351501,0.3,1,292986,292543,443
65907841,7.724,5.90226,445,116800,0.3183,0.31,1,292990,292545,445
65910761,3.1448,2.78045,445,116800,0.31166,0.39,1,292992,292547,445
65913681,5.42896,5.35609,445,116800,0.254332,0.45,1,292998,292553,445
65916601,4.28579,4.27122,445,116800,0.274866,0.44,1,293002,292557,445
65919521,5.65716,5.65424,445,116800,0.270973,0.41,1,293008,292563,445
65922441,5.13143,9.13085,440,116800,0.326195,0.34,1,293013,292573,440
65925361,17.0263,20.2262,437,116800,0.361239,0.28,1,293033,292596,437
65928281,12.2053,12.0452,438,116800,0.336248,0.28,1,293044,292606,438
65931201,5.64105,7.20905,436,116800,0.30725,0.35,1,293048,292612,436
65934121,29.9282,27.8418,439,116800,0.22145,0.33,1,293084,292645,439
65937041,16.3856,15.9684,439,116800,0.37229,0.28,1,293097,292658,439
65939961,24.8771,23.9937,440,116800,0.282458,0.24,1,293124,292684,440
65942881,6.57543,6.39873,440,116800,0.384492,0.39,1,293126,292686,440
65945801,2.91509,6.87975,435,116800,0.428898,0.37,1,293128,292693,435
65948721,32.583,30.176,439,116800,0.38978,0.29,1,293168,292729,439
65951641,16.1166,14.0352,441,116800,0.405956,0.42,1,293180,292739,441
65954561,7.22332,11.607,435,116800,0.393191,0.42,1,293185,292750,435
65957481,3.04466,3.92141,435,116800,0.366638,0.35,1,293187,292752,435
65960401,3.80893,3.98428,435,116800,0.329328,0.31,1,293191,292756,435
65963321,6.36179,2.39686,440,116800,0.409866,0.32,1,293198,292758,440
65966241,6.87236,12.4794,432,116800,0.409973,0.28,1,293205,292773,432
65969161,2.97447,4.09587,432,116800,0.377995,0.24,1,293207,292775,432
65972081,3.79489,2.41917,434,116800,0.339599,0.36,1,293211,292777,434
65975001,11.959,10.8838,435,116800,0.43592,0.25,1,293225,292790,435
65977921,7.1918,6.97677,435,116800,0.359184,0.32,1,293231,292796,435
65980841,10.2384,6.19535,440,116800,0.375837,0.29,1,293242,292802,440
65983761,3.64767,2.83907,440,116800,0.355167,0.27,1,293244,292804,440
65986681,26.3295,28.5678,437,116800,0.423033,0.32,1,293276,292839,437
65989601,10.0659,12.9136,434,116800,0.340607,0.25,1,293282,292848,434
65992521,10.8132,10.5827,435,116800,0.388121,0.26,1,293293,292858,435
65995441,10.1626,10.1165,435,116800,0.357624,0.3,1,293303,292868,435
65998361,3.63253,5.22331,433,116800,0.351525,0.29,1,293305,292872,433
66001281,8.72651,6.64466,436,116800,0.398305,0.29,1,293315,292879,436
66004201,14.5453,9.32893,442,116800,0.359661,0.28,1,293331,292889,442
66007121,4.50906,3.46579,442,116800,0.343932,0.24,1,293333,292891,442
66010041,28.1018,33.4932,435,116800,0.388786,0.26,1,293367,292932,435
66012961,18.4204,19.4986,435,116800,0.421757,0.22,1,293383,292948,435
66015881,6.88407,5.49973,437,116800,0.372351,0.24,1,293387,292950,437
66018801,10.9768,9.09995,439,116800,0.41847,0.38,1,293399,292960,439
66021721,18.9954,22.62,434,116800,0.443694,0.31,1,293420,292986,434
66024641,8.59907,7.724,436,116800,0.392739,0.31,1,293426,292990,436
66027561,3.31981,3.1448,436,116800,0.350548,0.24,1,293428,292992,436
66030481,5.46396,5.42896,436,116800,0.31811,0.28,1,293434,292998,436
66033401,6.69279,4.28579,439,116800,0.415622,0.27,1,293441,293002,439
66036321,6.13856,5.65716,439,116800,0.467124,0.34,1,293447,293008,439
66039241,4.42771,5.13143,438,116800,0.413425,0.37,1,293451,293013,438
66042161,16.8855,17.0263,438,116800,0.394685,0.33,1,293471,293033,438
66045081,11.3771,12.2053,437,116800,0.358937,0.3,1,293481,293044,437
66048001,11.0754,5.64105,444,116800,0.391787,0.2,1,293492,293048,444
66050921,26.2151,29.9282,438,116800,0.374357,0.41,1,293522,293084,438
66053841,13.243,16.3856,435,116800,0.314871,0.26,1,293532,293097,435
66056761,28.2486,24.8771,440,116800,0.374974,0.41,1,293564,293124,440
66059681,8.84972,6.57543,442,116800,0.386995,0.44,1,293568,293126,442
66062601,4.96994,2.91509,444,116800,0.389399,0.38,1,293572,293128,444
66065521,32.194,32.583,443,116800,0.46988,0.41,1,293611,293168,443
66068441,11.2388,16.1166,437,116800,0.429976,0.39,1,293617,293180,437
66071361,11.0478,7.22332,443,116800,0.493995,0.36,1,293628,293185,443
66074281,3.80955,3.04466,443,116800,0.474799,0.32,1,293630,293187,443
66077201,2.36191,3.80893,441,116800,0.43896,0.43,1,293632,293191,441
66080121,5.27238,6.36179,440,116800,0.375792,0.41,1,293638,293198,440
66083041,5.85448,6.87236,439,116800,0.475158,0.37,1,293644,293205,439
66085961,5.9709,2.97447,443,116800,0.447032,0.33,1,293650,293207,443
66088881,2.79418,3.79489,441,116800,0.409406,0.46,1,293652,293211,441
66091801,14.1588,11.959,444,116800,0.425881,0.34,1,293669,293225,444
66094721,4.43177,7.1918,440,116800,0.437176,0.38,1,293671,293231,440
66097641,7.28635,10.2384,437,116800,0.367435,0.35,1,293679,293242,437
66100561,8.65727,3.64767,444,116800,0.401487,0.44,1,293688,293244,444
66103481,28.1315,26.3295,445,116800,0.464297,0.32,1,293721,293276,445
66106401,7.22629,10.0659,441,116800,0.44486,0.4,1,293723,293282,441
66109321,9.44526,10.8132,440,116800,0.448972,0.35,1,293733,293293,440
66112241,12.2891,10.1626,443,116800,0.361794,0.35,1,293746,293303,443
66115161,5.65781,3.63253,445,116800,0.320359,0.41,1,293750,293305,445
66118081,6.73156,8.72651,442,116800,0.328072,0.35,1,293757,293315,442
66121001,10.9463,14.5453,438,116800,0.393614,0.34,1,293769,293331,438
66123921,5.38926,4.50906,440,116800,0.438723,0.4,1,293773,293333,440
66126841,33.0779,28.1018,446,116800,0.399745,0.43,1,293813,293367,446
66129761,17.8156,18.4204,444,116800,0.351949,0.36,1,293827,293383,444
66132681,6.76311,6.88407,444,116800,0.39039,0.43,1,293831,293387,444
66135601,10.1526,10.9768,443,116800,0.398078,0.45,1,293842,293399,443
66138521,16.4305,18.9954,440,116800,0.359616,0.38,1,293860,293420,440
66141441,9.6861,8.59907,442,116800,0.351923,0.34,1,293868,293426,442
66144361,3.53722,3.31981,442,116800,0.430385,0.31,1,293870,293428,442
66147281,5.50744,5.46396,442,116800,0.390077,0.44,1,293876,293434,442
66150201,7.50149,6.69279,443,116800,0.414015,0.48,1,293884,293441,443
66153121,9.5003,6.13856,447,116800,0.378803,0.4,1,293894,293447,447
66156041,3.50006,4.42771,445,116800,0.371761,0.39,1,293896,293451,445
66158961,15.1,16.8855,443,116800,0.378352,0.35,1,293914,293471,443
66161881,10.22,11.3771,442,116800,0.40367,0.4,1,293923,293481,442
66164801,12.444,11.0754,444,116800,0.416734,0.37,1,293936,293492,444
66167721,21.6888,26.2151,438,116800,0.315347,0.3,1,293960,293522,438
66170641,17.1378,13.243,444,116800,0.375069,0.39,1,293976,293532,444
66173561,29.0276,28.2486,444,116800,0.363014,0.39,1,294008,293564,444
66176481,10.6055,8.84972,446,116800,0.352603,0.39,1,294014,293568,446
66179401,3.7211,4.96994,444,116800,0.358521,0.49,1,294016,293572,444
66182321,30.3442,32.194,442,116800,0.399704,0.42,1,294053,293611,442
66185241,14.0688,11.2388,446,116800,0.447941,0.51,1,294063,293617,446
66188161,7.61377,11.0478,441,116800,0.393588,0.47,1,294069,293628,441
66191081,6.32275,3.80955,445,116800,0.454718,0.43,1,294075,293630,445
66194001,2.86455,2.36191,445,116800,0.474944,0.36,1,294077,293632,445
66196921,3.77291,5.27238,443,116800,0.438989,0.5,1,294081,293638,443
66199841,6.35458,5.85448,444,116800,0.479798,0.44,1,294088,293644,444
66202761,2.87092,5.9709,440,116800,0.45596,0.4,1,294090,293650,440
66205681,6.97418,2.79418,446,116800,0.443192,0.43,1,294098,293652,446
66208601,10.1948,14.1588,440,116800,0.440638,0.44,1,294109,293669,440
66211521,3.63897,4.43177,440,116800,0.400128,0.35,1,294111,293671,440
66214441,7.92779,7.28635,441,116800,0.408026,0.41,1,294120,293679,441
66217361,11.1856,8.65727,444,116800,0.345605,0.48,1,294132,293688,444
66220281,28.6371,28.1315,444,116800,0.485121,0.44,1,294165,293721,444
66223201,7.32742,7.22629,444,116800,0.521024,0.45,1,294167,293723,444
66226121,6.26548,9.44526,440,116800,0.432205,0.34,1,294173,293733,440
66229041,10.0531,12.2891,438,116800,0.494441,0.31,1,294184,293746,438
66231961,10.8106,5.65781,445,116800,0.458888,0.33,1,294195,293750,445
66234881,5.36212,6.73156,442,116800,0.451778,0.41,1,294199,293757,442
66237801,10.6724,10.9463,442,116800,0.474356,0.45,1,294211,293769,442
66240721,7.73448,5.38926,445,116800,0.542871,0.39,1,294218,293773,445
66243641,31.1469,33.0779,442,116800,0.452574,0.34,1,294255,293813,442
66246561,14.2294,17.8156,438,116800,0.410515,0.4,1,294265,293827,438
66249481,10.0459,6.76311,443,116800,0.386103,0.4,1,294274,293831,443
66252401,10.8092,10.1526,443,116800,0.421221,0.35,1,294285,293842,443
66255321,18.1618,16.4305,445,116800,0.444244,0.35,1,294305,293860,445
66258241,6.83237,9.6861,441,116800,0.392849,0.45,1,294309,293868,441
66261161,6.16647,3.53722,445,116800,0.38257,0.38,1,294315,293870,445
66264081,2.83329,5.50744,441,116800,0.380514,0.42,1,294317,293876,441
66267001,6.96666,7.50149,441,116800,0.396103,0.37,1,294325,293884,441
66269921,10.9933,9.5003,443,116800,0.431221,0.37,1,294337,293894,443
66272841,5.39867,3.50006,445,116800,0.438244,0.38,1,294341,293896,445
66275761,13.8797,15.1,443,116800,0.399649,0.41,1,294357,293914,443
66278681,7.57595,10.22,440,116800,0.41593,0.42,1,294363,293923,440
66281601,14.3152,12.444,443,116800,0.419186,0.29,1,294379,293936,443
66284521,20.463,21.6888,441,116800,0.499837,0.39,1,294401,293960,441
66287441,16.8926,17.1378,441,116800,0.411967,0.36,1,294417,293976,441
66290361,28.1785,29.0276,440,116800,0.418394,0.35,1,294448,294008,440
66293281,10.4357,10.6055,440,116800,0.387679,0.36,1,294454,294014,440
66296201,5.28714,3.7211,442,116800,0.349536,0.41,1,294458,294016,442
66299121,33.8574,30.3442,446,116800,0.389907,0.46,1,294499,294053,446
66302041,14.7715,14.0688,446,116800,0.453981,0.38,1,294509,294063,446
66304961,6.1543,7.61377,444,116800,0.458796,0.47,1,294513,294069,444
66307881,2.83086,6.32275,440,116800,0.419759,0.48,1,294515,294075,440
66310801,3.76617,2.86455,442,116800,0.403952,0.43,1,294519,294077,442
66313721,5.55323,3.77291,444,116800,0.45679,0.49,1,294525,294081,444
66316641,7.51065,6.35458,445,116800,0.443358,0.45,1,294533,294088,445
66319561,3.10213,2.87092,445,116800,0.408672,0.44,1,294535,294090,445
66322481,6.22043,6.97418,444,116800,0.385734,0.44,1,294542,294098,444
66325401,8.44409,10.1948,442,116800,0.357147,0.39,1,294551,294109,442
66328321,3.28882,3.63897,442,116800,0.351429,0.41,1,294553,294111,442
66331241,5.45776,7.92779,439,116800,0.414286,0.33,1,294559,294120,439
66334161,16.2916,11.1856,446,116800,0.410857,0.52,1,294578,294132,446
66337081,28.0583,28.6371,444,116800,0.338171,0.53,1,294609,294165,444
66340001,11.2117,7.32742,449,116800,0.243634,0.41,1,294616,294167,449
66342921,5.44233,6.26548,447,116800,0.352727,0.51,1,294620,294173,447
66345841,7.48847,10.0531,444,116800,0.382545,0.45,1,294628,294184,444
66348761,9.49769,10.8106,443,116800,0.380509,0.45,1,294638,294195,443
66351681,7.49954,5.36212,446,116800,0.300102,0.48,1,294645,294199,446
66354601,11.8999,10.6724,447,116800,0.30802,0.56,1,294658,294211,447
66357521,8.77998,7.73448,448,116800,0.245604,0.43,1,294666,294218,448
66360441,27.356,31.1469,443,116800,0.273121,0.4,1,294698,294255,443
66363361,11.8712,14.2294,441,116800,0.294624,0.38,1,294706,294265,441
66366281,11.9742,10.0459,444,116800,0.378925,0.43,1,294718,294274,444
66369201,13.5948,10.8092,447,116800,0.259785,0.45,1,294732,294285,447
66372121,13.919,18.1618,441,116800,0.299957,0.38,1,294746,294305,441
66375041,10.7838,6.83237,447,116800,0.283991,0.38,1,294756,294309,447
66377961,3.75676,6.16647,443,116800,0.336798,0.38,1,294758,294315,443
66380881,7.15135,2.83329,449,116800,0.23536,0.4,1,294766,294317,449
66383801,4.63027,6.96666,445,116800,0.255072,0.44,1,294770,294325,445
66386721,12.1261,10.9933,447,116800,0.307014,0.44,1,294784,294337,447
66389641,5.62521,5.39867,447,116800,0.261403,0.39,1,294788,294341,447
66392561,13.925,13.8797,447,116800,0.276281,0.42,1,294804,294357,447
66395481,7.58501,7.57595,447,116800,0.303256,0.42,1,294810,294363,447
66398401,10.317,14.3152,442,116800,0.340651,0.52,1,294821,294379,442
66401321,19.6634,20.463,442,116800,0.25213,0.39,1,294843,294401,442
66404241,15.9327,16.8926,441,116800,0.282426,0.42,1,294858,294417,441
66407161,28.7865,28.1785,442,116800,0.288485,0.38,1,294890,294448,442
66410081,12.1573,10.4357,444,116800,0.281697,0.34,1,294898,294454,444
66413001,4.03146,5.28714,442,116800,0.248339,0.4,1,294900,294458,442
66415921,35.2063,33.8574,444,116800,0.345668,0.47,1,294943,294499,444
66418841,13.4413,14.7715,442,116800,0.333134,0.46,1,294951,294509,442
66421761,7.48825,6.1543,444,116800,0.394627,0.41,1,294957,294513,444
66424681,3.09765,2.83086,444,116800,0.374925,0.4,1,294959,294515,444
66427601,2.21953,3.76617,442,116800,0.370985,0.47,1,294961,294519,442
66430521,5.24391,5.55323,442,116800,0.338197,0.44,1,294967,294525,442
66433441,5.84878,7.51065,440,116800,0.379639,0.4,1,294973,294533,440
66436361,5.96976,3.10213,444,116800,0.387928,0.38,1,294979,294535,444
66439281,2.79395,6.22043,439,116800,0.357586,0.35,1,294981,294542,439
66442201,9.35879,8.44409,441,116800,0.351517,0.35,1,294992,294551,441
66445121,3.47176,3.28882,441,116800,0.374303,0.43,1,294994,294553,441
66448041,2.29435,5.45776,437,116800,0.394861,0.41,1,294996,294559,437
66450961,18.0589,16.2916,440,116800,0.342972,0.32,1,295018,294578,440
66453881,28.4118,28.0583,440,116800,0.332594,0.22,1,295049,294609,440
66456801,12.0824,11.2117,441,116800,0.274519,0.38,1,295057,294616,441
66459721,4.01647,5.44233,439,116800,0.230904,0.39,1,295059,294620,439
66462641,8.80329,7.48847,441,116800,0.294181,0.38,1,295069,294628,441
66465561,7.36066,9.49769,438,116800,0.354836,0.28,1,295076,294638,438
66468481,6.27213,7.49954,437,116800,0.334967,0.31,1,295082,294645,437
66471401,9.25443,11.8999,434,116800,0.346993,0.23,1,295092,294658,434
66474321,9.85089,8.77998,436,116800,0.357399,0.28,1,295102,294666,436
66477241,29.9702,27.356,439,116800,0.31148,0.3,1,295137,294698,439
66480161,10.794,11.8712,437,116800,0.230296,0.4,1,295143,294706,437
66483081,8.55881,11.9742,433,116800,0.358059,0.23,1,295151,294718,433
66486001,10.5118,13.5948,430,116800,0.351612,0.31,1,295162,294732,430
66488921,17.3024,13.919,435,116800,0.398322,0.28,1,295181,294746,435
66491841,9.86047,10.7838,433,116800,0.343664,0.35,1,295189,294756,433
66494761,3.57209,3.75676,433,116800,0.372733,0.21,1,295191,294758,433
66497681,7.11442,7.15135,433,116800,0.330547,0.26,1,295199,294766,433
66500601,9.42288,4.63027,439,116800,0.298109,0.32,1,295209,294770,439
66503521,8.28458,12.1261,433,116800,0.283622,0.25,1,295217,294784,433
66506441,8.05692,5.62521,437,116800,0.368724,0.28,1,295225,294788,437
66509361,14.4114,13.925,437,116800,0.385745,0.31,1,295241,294804,437
66512281,9.28228,7.58501,439,116800,0.309149,0.35,1,295249,294810,439
66515201,6.65646,10.317,434,116800,0.30183,0.23,1,295255,294821,434
66518121,19.7313,19.6634,435,116800,0.356366,0.29,1,295278,294843,435
66521041,10.3463,15.9327,428,116800,0.279273,0.29,1,295286,294858,428
66523961,33.2693,28.7865,435,116800,0.295855,0.28,1,295325,294890,435
66526881,17.0539,12.1573,440,116800,0.323171,0.24,1,295338,294898,440
66529801,5.01077,4.03146,440,116800,0.304634,0.37,1,295340,294900,440
66532721,36.2022,35.2063,441,116800,0.364927,0.33,1,295384,294943,441
66535641,13.6404,13.4413,441,116800,0.320985,0.41,1,295392,294951,441
66538561,5.92809,7.48825,439,116800,0.344197,0.37,1,295396,294957,439
66541481,5.18562,3.09765,442,116800,0.396839,0.37,1,295401,294959,442
66544401,2.63712,2.21953,442,116800,0.407368,0.33,1,295403,294961,442
66547321,5.32742,5.24391,442,116800,0.377474,0.39,1,295409,294967,442
66550241,2.66548,5.84878,438,116800,0.339495,0.39,1,295411,294973,438
66553161,6.1331,5.96976,439,116800,0.291899,0.35,1,295418,294979,439
66556081,2.82662,2.79395,439,116800,0.37038,0.35,1,295420,294981,439
66559001,13.3653,9.35879,444,116800,0.330076,0.38,1,295436,294992,444
66561921,4.27306,3.47176,444,116800,0.282015,0.4,1,295438,294994,444
66564841,2.45461,2.29435,444,116800,0.304403,0.33,1,295440,294996,444
66567761,10.0909,18.0589,434,116800,0.372881,0.33,1,295452,295018,434
66570681,26.8182,28.4118,434,116800,0.338576,0.26,1,295483,295049,434
66573601,14.9636,12.0824,438,116800,0.307715,0.22,1,295495,295057,438
66576521,4.59273,4.01647,438,116800,0.325543,0.31,1,295497,295059,438
66579441,9.71855,8.80329,439,116800,0.353109,0.37,1,295508,295069,439
66582361,6.74371,7.36066,438,116800,0.374622,0.33,1,295514,295076,438
66585281,7.74874,6.27213,440,116800,0.322924,0.35,1,295522,295082,440
66588201,10.3497,9.25443,441,116800,0.304585,0.36,1,295533,295092,441
66591121,8.46995,9.85089,439,116800,0.324917,0.3,1,295541,295102,439
66594041,28.894,29.9702,438,116800,0.368983,0.21,1,295575,295137,438
66596961,12.1788,10.794,440,116800,0.385797,0.39,1,295583,295143,440
66599881,8.03576,8.55881,439,116800,0.357159,0.35,1,295590,295151,439
66602801,7.20715,10.5118,435,116800,0.287432,0.41,1,295597,295162,435
66605721,22.2414,17.3024,442,116800,0.313486,0.33,1,295623,295181,442
66608641,7.64829,9.86047,438,116800,0.318697,0.38,1,295627,295189,438
66611561,6.32966,3.57209,442,116800,0.327739,0.32,1,295633,295191,442
66614481,4.46593,7.11442,438,116800,0.297548,0.29,1,295637,295199,438
66617401,8.09319,9.42288,437,116800,0.29151,0.28,1,295646,295209,437
66620321,11.2186,8.28458,441,116800,0.306302,0.39,1,295658,295217,441
66623241,7.04373,8.05692,439,116800,0.24526,0.39,1,295664,295225,439
66626161,14.2087,14.4114,439,116800,0.257052,0.29,1,295680,295241,439
66629081,10.0417,9.28228,440,116800,0.32341,0.3,1,295689,295249,440
66632001,8.40835,6.65646,442,116800,0.344682,0.37,1,295697,295255,442
66634921,18.4817,19.7313,440,116800,0.372936,0.26,1,295718,295278,440
66637841,11.6963,10.3463,442,116800,0.290587,0.3,1,295728,295286,442
66640761,29.5393,33.2693,437,116800,0.298117,0.33,1,295762,295325,437
66643681,17.1079,17.0539,438,116800,0.275624,0.3,1,295776,295338,438
66646601,5.02157,5.01077,438,116800,0.287125,0.38,1,295778,295340,438
66649521,37.8043,36.2022,440,116800,0.273425,0.31,1,295824,295384,440
66652441,15.5609,13.6404,442,116800,0.294685,0.35,1,295834,295392,442
66655361,6.31217,5.92809,442,116800,0.298937,0.41,1,295838,295396,442
66658281,2.86243,5.18562,439,116800,0.323787,0.41,1,295840,295401,439
66661201,2.17249,2.63712,439,116800,0.296757,0.37,1,295842,295403,439
66664121,3.6345,5.32742,437,116800,0.355351,0.33,1,295846,295409,437
66667041,5.5269,2.66548,441,116800,0.36707,0.28,1,295852,295411,441
66669961,5.90538,6.1331,440,116800,0.345414,0.39,1,295858,295418,440
66672881,2.78108,2.82662,440,116800,0.309083,0.32,1,295860,295420,440
66675801,9.35622,13.3653,435,116800,0.317817,0.27,1,295871,295436,435
66678721,3.47124,4.27306,435,116800,0.319563,0.31,1,295873,295438,435
66681641,7.89425,2.45461,442,116800,0.279913,0.39,1,295882,295440,442
66684561,5.57885,10.0909,435,116800,0.343983,0.33,1,295887,295452,435
66687481,27.5158,26.8182,437,116800,0.404797,0.3,1,295920,295483,437
66690401,16.7032,14.9636,439,116800,0.328959,0.33,1,295934,295495,439
66693321,4.94063,4.59273,439,116800,0.313792,0.36,1,295936,295497,439
66696241,10.5881,9.71855,440,116800,0.358758,0.38,1,295948,295508,440
66699161,3.71763,6.74371,436,116800,0.327752,0.31,1,295950,295514,436
66702081,7.94353,7.74874,437,116800,0.36155,0.3,1,295959,295522,437
66705001,12.7887,10.3497,440,116800,0.31231,0.33,1,295973,295533,440
66707921,4.95774,8.46995,435,116800,0.310462,0.38,1,295976,295541,435
66710841,32.9915,28.894,441,116800,0.382092,0.39,1,296016,295575,441
66713761,8.99831,12.1788,436,116800,0.380418,0.35,1,296019,295583,436
66716681,10.5997,8.03576,440,116800,0.372084,0.27,1,296030,295590,440
66719601,8.51993,7.20715,441,116800,0.370417,0.32,1,296038,295597,441
66722521,20.104,22.2414,438,116800,0.314083,0.32,1,296061,295623,438
66725441,6.4208,7.64829,437,116800,0.382817,0.33,1,296064,295627,437
66728361,4.48416,6.32966,435,116800,0.412563,0.29,1,296068,295633,435
66731281,4.89683,4.46593,436,116800,0.378513,0.29,1,296073,295637,436
66734201,9.77937,8.09319,438,116800,0.355703,0.31,1,296084,295646,438
66737121,8.35587,11.2186,434,116800,0.43914,0.23,1,296092,295658,434
66740041,8.87117,7.04373,437,116800,0.399828,0.26,1,296101,295664,437
66742961,16.1742,14.2087,439,116800,0.431966,0.34,1,296119,295680,439
66745881,9.63485,10.0417,438,116800,0.414393,0.35,1,296127,295689,438
66748801,9.92697,8.40835,440,116800,0.418879,0.38,1,296137,295697,440
66751721,17.1854,18.4817,438,116800,0.315776,0.27,1,296156,295718,438
66754641,9.83708,11.6963,436,116800,0.367155,0.3,1,296164,295728,436
66757561,30.7674,29.5393,438,116800,0.433431,0.27,1,296200,295762,438
66760481,16.5535,17.1079,437,116800,0.374686,0.29,1,296213,295776,437
66763401,4.9107,5.02157,437,116800,0.330937,0.27,1,296215,295778,437
66766321,37.7821,37.8043,437,116800,0.394187,0.3,1,296261,295824,437
66769241,18.7564,15.5609,441,116800,0.438837,0.3,1,296275,295834,441
66772161,6.95129,6.31217,441,116800,0.407767,0.33,1,296279,295838,441
66775081,2.99026,2.86243,441,116800,0.393553,0.29,1,296281,295840,441
66778001,2.19805,2.17249,441,116800,0.358711,0.37,1,296283,295842,441
66780921,2.03961,3.6345,439,116800,0.327742,0.37,1,296285,295846,439
66783841,6.80792,5.5269,441,116800,0.409548,0.34,1,296293,295852,441
66786761,2.96158,5.90538,437,116800,0.42591,0.3,1,296295,295858,437
66789681,2.19232,2.78108,437,116800,0.429182,0.32,1,296297,295860,437
66792601,7.63846,9.35622,435,116800,0.453836,0.32,1,296306,295871,435
66795521,7.12769,3.47124,440,116800,0.434767,0.27,1,296313,295873,440
66798441,5.42554,7.89425,436,116800,0.446953,0.36,1,296318,295882,436
66801361,9.88511,5.57885,442,116800,0.417391,0.42,1,296329,295887,442
66804281,25.977,27.5158,439,116800,0.419478,0.31,1,296359,295920,439
66807201,9.9954,16.7032,431,116800,0.387896,0.31,1,296365,295934,431
66810121,10.7991,4.94063,440,116800,0.397579,0.37,1,296376,295936,440
66813041,11.7598,10.5881,440,116800,0.407516,0.32,1,296388,295948,440
66815961,3.95196,3.71763,440,116800,0.385503,0.37,1,296390,295950,440
66818881,3.19039,7.94353,434,116800,0.373101,0.3,1,296393,295959,434
66821801,15.8381,12.7887,439,116800,0.37062,0.31,1,296412,295973,439
66824721,4.76762,4.95774,438,116800,0.370124,0.4,1,296414,295976,438
66827641,34.5535,32.9915,440,116800,0.402025,0.38,1,296456,296016,440
66830561,10.1107,8.99831,441,116800,0.464405,0.37,1,296460,296019,441
66833481,10.0221,10.5997,440,116800,0.484881,0.37,1,296470,296030,440
66836401,6.80443,8.51993,438,116800,0.456976,0.3,1,296476,296038,438
66839321,22.9609,20.104,442,116800,0.395395,0.4,1,296503,296061,442
66842241,6.19218,6.4208,441,116800,0.367079,0.42,1,296505,296064,441
66845161,2.83844,4.48416,439,116800,0.329416,0.37,1,296507,296068,439
66848081,4.56769,4.89683,439,116800,0.305883,0.35,1,296512,296073,439
66851001,12.9135,9.77937,443,116800,0.389177,0.46,1,296527,296084,443
66853921,7.38271,8.35587,441,116800,0.365835,0.39,1,296533,296092,441
66856841,11.0765,8.87117,444,116800,0.401167,0.44,1,296545,296101,444
66859761,14.2153,16.1742,441,116800,0.400233,0.41,1,296560,296119,441
66862681,10.0431,9.63485,442,116800,0.384047,0.42,1,296569,296127,442
66865601,8.40861,9.92697,440,116800,0.332809,0.29,1,296577,296137,440
66868521,18.4817,17.1854,442,116800,0.362562,0.38,1,296598,296156,442
66871441,10.8963,9.83708,443,116800,0.384512,0.45,1,296607,296164,443
66874361,27.7793,30.7674,439,116800,0.332902,0.36,1,296639,296200,439
66877281,20.7559,16.5535,445,116800,0.29058,0.32,1,296658,296213,445
66880201,5.75117,4.9107,445,116800,0.306116,0.41,1,296660,296215,445
66883121,37.1502,37.7821,444,116800,0.317223,0.45,1,296705,296261,444
66886041,13.83,18.7564,438,116800,0.303445,0.4,1,296713,296275,438
66888961,5.96601,6.95129,438,116800,0.388689,0.39,1,296717,296279,438
66891881,7.5932,2.99026,444,116800,0.373738,0.35,1,296725,296281,444
66894801,3.11864,2.19805,444,116800,0.378748,0.32,1,296727,296283,444
66897721,2.22373,2.03961,444,116800,0.403749,0.43,1,296729,296285,444
66900641,5.24475,6.80792,442,116800,0.31275,0.43,1,296735,296293,442
66903561,4.24895,2.96158,444,116800,0.39055,0.43,1,296739,296295,444
66906481,2.44979,2.19232,444,116800,0.40611,0.46,1,296741,296297,444
66909401,5.28996,7.63846,441,116800,0.345222,0.43,1,296747,296306,441
66912321,9.05799,7.12769,444,116800,0.389044,0.45,1,296757,296313,444
66915241,5.0116,5.42554,443,116800,0.397809,0.41,1,296761,296318,443
66918161,10.6023,9.88511,444,116800,0.383562,0.42,1,296773,296329,444
66921081,26.9205,25.977,445,116800,0.316712,0.38,1,296804,296359,445
66924001,7.78409,9.9954,442,116800,0.287342,0.4,1,296807,296365,442
66926921,9.55682,10.7991,441,116800,0.377468,0.41,1,296817,296376,441
66929841,11.5114,11.7598,441,116800,0.259494,0.38,1,296829,296388,441
66932761,3.90227,3.95196,441,116800,0.291899,0.37,1,296831,296390,441
66935681,7.98045,3.19039,447,116800,0.31438,0.37,1,296840,296393,447
66938601,12.7961,15.8381,442,116800,0.374876,0.37,1,296854,296412,442
66941521,4.15922,4.76762,442,116800,0.386975,0.41,1,296856,296414,442
66944441,33.6318,34.5535,441,116800,0.277395,0.48,1,296897,296456,441
66947361,13.1264,10.1107,445,116800,0.215479,0.49,1,296905,296460,445
66950281,7.42527,10.0221,441,116800,0.331096,0.45,1,296911,296470,441
66953201,6.28505,6.80443,441,116800,0.322219,0.38,1,296917,296476,441
66956121,19.657,22.9609,437,116800,0.352444,0.36,1,296940,296503,437
66959041,7.1314,6.19218,439,116800,0.350489,0.32,1,296944,296505,439
66961961,6.22628,2.83844,443,116800,0.310098,0.3,1,296950,296507,443
66964881,4.44526,4.56769,442,116800,0.35002,0.41,1,296954,296512,442
66967801,14.4891,12.9135,444,116800,0.294004,0.36,1,296971,296527,444
66970721,6.09781,7.38271,442,116800,0.226801,0.41,1,296975,296533,442
66973641,11.6196,11.0765,443,116800,0.34136,0.4,1,296988,296545,443
66976561,12.7239,14.2153,441,116800,0.380272,0.38,1,297001,296560,441
66979481,7.34478,10.0431,438,116800,0.388054,0.32,1,297007,296569,438
66982401,10.269,8.40861,441,116800,0.325611,0.37,1,297018,296577,441
66985321,18.8538,18.4817,441,116800,0.345122,0.39,1,297039,296598,441
66988241,6.97076,10.8963,436,116800,0.317024,0.32,1,297043,296607,436
66991161,30.9942,27.7793,441,116800,0.239405,0.28,1,297080,296639,441
66994081,21.3988,20.7559,441,116800,0.223881,0.31,1,297099,296658,441
66997001,6.67977,5.75117,442,116800,0.204776,0.32,1,297102,296660,442
66999921,38.136,37.1502,443,116800,0.216955,0.3,1,297148,296705,443
67002841,12.4272,13.83,441,116800,0.275391,0.41,1,297154,296713,441
67005761,7.28544,5.96601,443,116800,0.231078,0.37,1,297160,296717,443
67008681,3.05709,7.5932,437,116800,0.222216,0.38,1,297162,296725,437
67011601,3.81142,3.11864,439,116800,0.220443,0.41,1,297166,296727,439
67014521,5.56228,2.22373,443,116800,0.284089,0.29,1,297172,296729,443
67017441,2.71246,5.24475,439,116800,0.320818,0.41,1,297174,296735,439
67020361,2.14249,4.24895,437,116800,0.296164,0.41,1,297176,296739,437
67023281,3.6285,2.44979,439,116800,0.259233,0.33,1,297180,296741,439
67026201,8.7257,5.28996,443,116800,0.283847,0.4,1,297190,296747,443
67029121,9.74514,9.05799,443,116800,0.232769,0.4,1,297200,296757,443
67032041,5.14903,5.0116,443,116800,0.318554,0.38,1,297204,296761,443
67034961,10.6298,10.6023,443,116800,0.311711,0.3,1,297216,296773,443
67037881,22.926,26.9205,438,116800,0.302342,0.28,1,297242,296804,438
67040801,8.58519,7.78409,440,116800,0.220468,0.4,1,297247,296807,440
67043721,3.31704,9.55682,432,116800,0.172094,0.23,1,297249,296817,432
67046641,13.4634,11.5114,436,116800,0.250419,0.3,1,297265,296829,436
67049561,7.49268,3.90227,440,116800,0.170084,0.32,1,297271,296831,440
67052481,4.69854,7.98045,435,116800,0.170017,0.39,1,297275,296840,435
67055401,12.1397,12.7961,435,116800,0.234003,0.39,1,297289,296854,435
67058321,4.02794,4.15922,435,116800,0.294801,0.25,1,297291,296856,435
67061241,37.6056,33.6318,440,116800,0.22696,0.2,1,297337,296897,440
67064161,12.3211,13.1264,438,116800,0.237392,0.36,1,297343,296905,438
67067081,5.66422,7.42527,436,116800,0.247478,0.32,1,297347,296911,436
67070001,9.93284,6.28505,441,116800,0.257496,0.36,1,297358,296917,441
67072921,17.9866,19.657,438,116800,0.195499,0.35,1,297378,296940,438
67075841,9.19731,7.1314,441,116800,0.2791,0.3,1,297385,296944,441
67078761,3.43946,6.22628,437,116800,0.29582,0.36,1,297387,296950,437
67081681,3.08789,4.44526,436,116800,0.299164,0.28,1,297390,296954,436
67084601,15.0176,14.4891,437,116800,0.187833,0.21,1,297408,296971,437
67087521,10.2035,6.09781,442,116800,0.189567,0.37,1,297417,296975,442
67090441,9.2407,11.6196,438,116800,0.229913,0.39,1,297426,296988,438
67093361,13.0481,12.7239,439,116800,0.181983,0.39,1,297440,297001,439
67096281,5.80963,7.34478,437,116800,0.180397,0.31,1,297444,297007,437
67099201,7.56193,10.269,434,116800,0.236079,0.35,1,297452,297018,434
67102121,21.5124,18.8538,438,116800,0.271216,0.31,1,297477,297039,438
67105041,7.50248,6.97076,438,116800,0.286243,0.22,1,297481,297043,438
67107961,29.5005,30.9942,436,116800,0.249249,0.22,1,297516,297080,436
67110881,20.3001,21.3988,435,116800,0.22585,0.2,1,297534,297099,435
67113801,8.06002,6.67977,437,116800,0.20517,0.22,1,297539,297102,437
67116721,35.212,38.136,433,116800,0.217034,0.29,1,297581,297148,433
67119641,11.8424,12.4272,433,116800,0.203407,0.22,1,297587,297154,433
67122561,10.3685,7.28544,437,116800,0.264681,0.22,1,297597,297160,437
67125481,3.6737,3.05709,437,116800,0.276936,0.22,1,297599,297162,437
67128401,3.93474,3.81142,437,116800,0.255387,0.3,1,297603,297166,437
67131321,3.98695,5.56228,435,116800,0.179077,0.33,1,297607,297172,435
67134241,5.59739,2.71246,439,116800,0.139815,0.29,1,297613,297174,439
67137161,2.71948,2.14249,439,116800,0.131963,0.25,1,297615,297176,439
67140081,2.1439,3.6285,437,116800,0.218393,0.29,1,297617,297180,437
67143001,5.22878,8.7257,433,116800,0.171679,0.22,1,297623,297190,433
67145921,8.24576,9.74514,432,116800,0.266336,0.34,1,297632,297200,432
67148841,4.04915,5.14903,431,116800,0.269267,0.31,1,297635,297204,431
67151761,15.2098,10.6298,437,116800,0.205853,0.3,1,297653,297216,437
67154681,21.442,22.926,434,116800,0.209171,0.2,1,297676,297242,434
67157601,6.68839,8.58519,432,116800,0.193834,0.16,1,297679,297247,432
67160521,2.93768,3.31704,432,116800,0.230767,0.27,1,297681,297249,432
67163441,12.5875,13.4634,431,116800,0.238153,0.15,1,297696,297265,431
67166361,8.11751,7.49268,432,116800,0.207631,0.17,1,297703,297271,432
67169281,7.2235,4.69854,435,116800,0.257526,0.25,1,297710,297275,435
67172201,14.2447,12.1397,437,116800,0.283505,0.31,1,297726,297289,437
67175121,4.44894,4.02794,437,116800,0.256701,0.21,1,297728,297291,437
67178041,37.6898,37.6056,437,116800,0.18734,0.24,1,297774,297337,437
67180961,10.738,12.3211,435,116800,0.109468,0.25,1,297778,297343,435
67183881,4.54759,5.66422,434,116800,0.0538936,0.26,1,297781,297347,434
67186801,9.70952,9.93284,434,116800,0.186779,0.18,1,297792,297358,434
67189721,20.3419,17.9866,437,116800,0.157356,0.3,1,297815,297378,437
67192641,8.86838,9.19731,436,116800,0.127471,0.3,1,297821,297385,436
67195561,3.37368,3.43946,436,116800,0.0814942,0.3,1,297823,297387,436
67198481,3.07474,3.08789,436,116800,0.160299,0.16,1,297826,297390,436
67201401,13.4149,15.0176,434,116800,0.16806,0.19,1,297842,297408,434
67204321,9.08299,10.2035,433,116800,0.225612,0.24,1,297850,297417,433
67207241,9.0166,9.2407,433,116800,0.149122,0.17,1,297859,297426,433
67210161,14.6033,13.0481,435,116800,0.181824,0.18,1,297875,297440,435
67213081,6.12066,5.80963,435,116800,0.220365,0.25,1,297879,297444,435
67216001,6.02413,7.56193,433,116800,0.148073,0.28,1,297885,297452,433
67218921,21.2048,21.5124,433,116800,0.0696146,0.29,1,297910,297477,433
67221841,7.44097,7.50248,433,116800,0.189923,0.24,1,297914,297481,433
67224761,28.6882,29.5005,432,116800,0.133985,0.22,1,297948,297516,432
67227681,20.9376,20.3001,433,116800,0.178797,0.2,1,297967,297534,433
67230601,8.98753,8.06002,434,116800,0.171759,0.22,1,297973,297539,434
67233521,33.7975,35.212,432,116800,0.170352,0.2,1,298013,297581,432
67236441,14.7595,11.8424,436,116800,0.21007,0.28,1,298023,297587,436
67239361,6.1519,10.3685,430,116800,0.226014,0.28,1,298027,297597,430
67242281,2.83038,3.6737,430,116800,0.197203,0.25,1,298029,297599,430
67245201,2.16608,3.93474,428,116800,0.263441,0.16,1,298031,297603,428
67248121,7.63322,3.98695,433,116800,0.292688,0.13,1,298040,297607,433
67251041,3.12664,5.59739,429,116800,0.298538,0.13,1,298042,297613,429
67253961,3.82533,2.71948,431,116800,0.227708,0.24,1,298046,297615,431
67256881,5.56507,2.1439,435,116800,0.269542,0.16,1,298052,297617,435
67259801,5.91301,5.22878,435,116800,0.245908,0.29,1,298058,297623,435
67262721,4.3826,8.24576,430,116800,0.233182,0.27,1,298062,297632,430
67265641,6.47652,4.04915,434,116800,0.230636,0.19,1,298069,297635,434
67268561,9.2953,15.2098,426,116800,0.166127,0.21,1,298079,297653,426
67271481,21.8591,21.442,428,116800,0.153225,0.19,1,298104,297676,428
67274401,7.57181,6.68839,429,116800,0.238645,0.24,1,298108,297679,429
67277321,7.11436,2.93768,434,116800,0.215729,0.24,1,298115,297681,434
67280241,11.8229,12.5875,432,116800,0.203146,0.2,1,298128,297696,432
67283161,9.56457,8.11751,434,116800,0.224629,0.27,1,298137,297703,434
67286081,5.11291,7.2235,431,116800,0.204926,0.29,1,298141,297710,431
67289001,17.0226,14.2447,435,116800,0.168985,0.25,1,298161,297726,435
67291921,5.00452,4.44894,435,116800,0.161797,0.17,1,298163,297728,435
67294841,33.8009,37.6898,430,116800,0.240359,0.09,1,298204,297774,430
67297761,11.5602,10.738,432,116800,0.160072,0.04,1,298210,297778,432
67300681,3.91204,4.54759,431,116800,0.120014,0.22,1,298212,297781,431
67303601,7.18241,9.70952,428,116800,0.192003,0.15,1,298220,297792,428
67306521,21.4365,20.3419,430,116800,0.206401,0.12,1,298245,297815,430
67309441,9.0873,8.86838,430,116800,0.24128,0.07,1,298251,297821,430
67312361,3.41746,3.37368,430,116800,0.264256,0.18,1,298253,297823,430
67315281,2.28349,3.07474,429,116800,0.244851,0.17,1,298255,297826,429
67318201,15.6567,13.4149,432,116800,0.23297,0.24,1,298274,297842,432
67321121,6.33134,9.08299,428,116800,0.182594,0.13,1,298278,297850,428
67324041,9.26627,9.0166,429,116800,0.228519,0.19,1,298288,297859,429
67326961,14.6533,14.6033,429,116800,0.213704,0.23,1,298304,297875,429
67329881,9.33065,6.12066,433,116800,0.202741,0.13,1,298312,297879,433
67332801,6.66613,6.02413,433,116800,0.232548,0.05,1,298318,297885,433
67335721,22.1332,21.2048,434,116800,0.14251,0.22,1,298344,297910,434
67338641,7.62665,7.44097,434,116800,0.228502,0.12,1,298348,297914,434
67341561,24.7253,28.6882,429,116800,0.1257,0.19,1,298377,297948,429
67344481,22.5451,20.9376,432,116800,0.12914,0.17,1,298399,297967,432
67347401,9.30901,8.98753,432,116800,0.129828,0.17,1,298405,297973,432
67350321,33.8618,33.7975,432,116800,0.193966,0.22,1,298445,298013,432
67353241,17.1724,14.7595,435,116800,0.174793,0.23,1,298458,298023,435
67356161,6.63447,6.1519,435,116800,0.146959,0.19,1,298462,298027,435
67359081,2.92689,2.83038,435,116800,0.245392,0.28,1,298464,298029,435
67362001,2.18538,2.16608,435,116800,0.233078,0.3,1,298466,298031,435
67364921,7.63708,7.63322,435,116800,0.302616,0.3,1,298475,298040,435
67367841,3.12742,3.12664,435,116800,0.324523,0.21,1,298477,298042,435
67370761,2.22548,3.82533,433,116800,0.328905,0.28,1,298479,298046,433
67373681,5.2451,5.56507,433,116800,0.233781,0.24,1,298485,298052,433
67376601,5.84902,5.91301,433,116800,0.310756,0.23,1,298491,298058,433
67379521,2.7698,4.3826,431,116800,0.294151,0.23,1,298493,298062,431
67382441,5.35396,6.47652,430,116800,0.29083,0.15,1,298499,298069,430
67385361,11.4708,9.2953,433,116800,0.338166,0.15,1,298512,298079,433
67388281,20.6942,21.8591,431,116800,0.363633,0.26,1,298535,298104,431
67391201,8.93883,7.57181,433,116800,0.288727,0.21,1,298541,298108,433
67394121,6.58777,7.11436,432,116800,0.369745,0.2,1,298547,298115,432
67397041,11.7176,11.8229,432,116800,0.337949,0.23,1,298560,298128,432
67399961,10.3435,9.56457,433,116800,0.34759,0.2,1,298570,298137,433
67402881,6.0687,5.11291,434,116800,0.333518,0.16,1,298575,298141,434
67405801,18.0137,17.0226,435,116800,0.346704,0.16,1,298596,298161,435
67408721,5.20275,5.00452,435,116800,0.349341,0.26,1,298598,298163,435
67411641,33.0405,33.8009,434,116800,0.405868,0.14,1,298638,298204,434
67414561,9.80811,11.5602,432,116800,0.353174,0.11,1,298642,298210,432
67417481,5.16162,3.91204,434,116800,0.286635,0.21,1,298646,298212,434
67420401,7.43232,7.18241,434,116800,0.353327,0.21,1,298654,298220,434
67423321,22.2865,21.4365,435,116800,0.238665,0.25,1,298680,298245,435
67426241,7.65729,9.0873,433,116800,0.311733,0.27,1,298684,298251,433
67429161,3.13146,3.41746,433,116800,0.318347,0.24,1,298686,298253,433
67432081,2.22629,2.28349,433,116800,0.303669,0.23,1,298688,298255,433
67435001,12.4453,15.6567,429,116800,0.308734,0.17,1,298703,298274,429
67437921,10.4891,6.33134,435,116800,0.269747,0.24,1,298713,298278,435
67440841,10.0978,9.26627,435,116800,0.205949,0.21,1,298723,298288,435
67443761,14.0196,14.6533,434,116800,0.31319,0.2,1,298738,298304,434
67446681,8.40391,9.33065,433,116800,0.310638,0.24,1,298745,298312,433
67449601,7.28078,6.66613,434,116800,0.286128,0.12,1,298752,298318,434
67452521,23.0562,22.1332,435,116800,0.233226,0.25,1,298779,298344,435
67455441,7.81123,7.62665,435,116800,0.230645,0.1,1,298783,298348,435
67458361,24.7622,24.7253,435,116800,0.278129,0.13,1,298812,298377,435
67461281,16.1524,22.5451,427,116800,0.319626,0.13,1,298826,298399,427
67464201,11.2305,9.30901,431,116800,0.327925,0.21,1,298836,298405,431
67467121,34.2461,33.8618,431,116800,0.249585,0.17,1,298876,298445,431
67470041,19.6492,17.1724,434,116800,0.249917,0.14,1,298892,298458,434
67472961,10.3298,6.63447,438,116800,0.153983,0.27,1,298900,298462,438
67475881,3.66597,2.92689,438,116800,0.206797,0.23,1,298902,298464,438
67478801,2.33319,2.18538,438,116800,0.273359,0.32,1,298904,298466,438
67481721,3.66664,7.63708,433,116800,0.270672,0.33,1,298908,298475,433
67484641,2.33333,3.12742,433,116800,0.238134,0.33,1,298910,298477,433
67487561,2.06667,2.22548,433,116800,0.287627,0.21,1,298912,298479,433
67490481,6.81333,5.2451,435,116800,0.289525,0.33,1,298920,298485,435
67493401,6.16267,5.84902,435,116800,0.249905,0.29,1,298926,298491,435
67496321,2.83253,2.7698,435,116800,0.273981,0.29,1,298928,298493,435
67499241,5.36651,5.35396,435,116800,0.286796,0.35,1,298934,298499,435
67502161,14.6733,11.4708,439,116800,0.297359,0.37,1,298951,298512,439
67505081,23.7347,20.6942,442,116800,0.299472,0.27,1,298977,298535,442
67508001,6.34693,8.93883,438,116800,0.299894,0.39,1,298979,298541,438
67510921,6.06939,6.58777,438,116800,0.259979,0.33,1,298985,298547,438
67513841,13.2139,11.7176,440,116800,0.299996,0.35,1,299000,298560,440
67516761,9.84278,10.3435,439,116800,0.283999,0.33,1,299009,298570,439
67519681,3.56856,6.0687,436,116800,0.2808,0.35,1,299011,298575,436
67522601,18.3137,18.0137,437,116800,0.24816,0.35,1,299033,298596,437
67525521,6.86274,5.20275,439,116800,0.217632,0.42,1,299037,298598,439
67528441,34.1725,33.0405,440,116800,0.195526,0.34,1,299078,298638,440
67531361,10.0345,9.80811,440,116800,0.263105,0.27,1,299082,298642,440
67534281,3.6069,5.16162,438,116800,0.244621,0.37,1,299084,298646,438
67537201,7.92138,7.43232,439,116800,0.304924,0.21,1,299093,298654,439
67540121,20.7843,22.2865,437,116800,0.260985,0.33,1,299117,298680,437
67543041,5.75686,7.65729,435,116800,0.220197,0.32,1,299119,298684,435
67545961,2.75137,3.13146,435,116800,0.188039,0.3,1,299121,298686,435
67548881,4.55027,2.22629,438,116800,0.157608,0.31,1,299126,298688,438
67551801,11.3101,12.4453,436,116800,0.263522,0.26,1,299139,298703,436
67554721,7.06201,10.4891,432,116800,0.220704,0.19,1,299145,298713,432
67557641,9.4124,10.0978,432,116800,0.228141,0.34,1,299155,298723,432
67560561,16.2825,14.0196,435,116800,0.261628,0.31,1,299173,298738,435
67563481,9.6565,8.40391,436,116800,0.284326,0.28,1,299181,298745,436
67566401,7.5313,7.28078,436,116800,0.296865,0.22,1,299188,298752,436
67569321,22.3063,23.0562,435,116800,0.171373,0.23,1,299214,298779,435
67572241,7.66125,7.81123,435,116800,0.226275,0.29,1,299218,298783,435
67575161,26.3323,24.7622,437,116800,0.157255,0.33,1,299249,298812,437
67578081,18.0665,16.1524,439,116800,0.183451,0.33,1,299265,298826,439
67581001,5.21329,11.2305,431,116800,0.21269,0.23,1,299267,298836,431
67583921,36.2427,34.2461,435,116800,0.226538,0.25,1,299311,298876,435
67586841,20.0485,19.6492,435,116800,0.229308,0.13,1,299327,298892,435
67589761,10.4097,10.3298,435,116800,0.189862,0.22,1,299335,298900,435
67592681,5.28194,3.66597,437,116800,0.173972,0.29,1,299339,298902,437
67595601,2.65639,2.33319,437,116800,0.146794,0.27,1,299341,298904,437
67598521,3.73128,3.66664,437,116800,0.221359,0.23,1,299345,298908,437
67601041,2.34626,2.33333,437,116800,0.236272,0.33,1,299347,298910,437
67603961,2.06925,3.66667,435,116800,0.207254,0.29,1,299349,298914,435
67606881,5.21385,5.53333,435,116800,0.177451,0.24,1,299355,298920,435
67609801,7.44277,5.90667,437,116800,0.21149,0.28,1,299363,298926,437
67612721,3.08855,2.78133,437,116800,0.210298,0.29,1,299365,298928,437
67615641,3.81771,5.35627,435,116800,0.23406,0.3,1,299369,298934,435
67618561,10.3635,14.6713,430,116800,0.238812,0.3,1,299381,298951,430
67621481,26.0727,23.7343,434,116800,0.199762,0.3,1,299411,298977,434
67624401,6.81454,6.34685,434,116800,0.295952,0.25,1,299413,298979,434
67627321,4.56291,6.06937,432,116800,0.25919,0.31,1,299417,298985,432
67630241,15.3126,13.2139,435,116800,0.251838,0.28,1,299435,299000,435
67633161,7.86252,9.84277,432,116800,0.242368,0.28,1,299441,299009,432
67636081,3.1725,3.56855,432,116800,0.208474,0.24,1,299443,299011,432
67639001,19.0345,18.3137,433,116800,0.257695,0.21,1,299466,299033,433
67641921,7.0069,6.86274,433,116800,0.323539,0.19,1,299470,299037,433
67644841,31.0014,34.1725,429,116800,0.288708,0.28,1,299507,299078,429
67647761,11.0003,10.0345,431,116800,0.193742,0.24,1,299513,299082,431
67650681,7.80005,3.6069,436,116800,0.302748,0.32,1,299520,299084,436
67653601,10.36,7.92138,438,116800,0.25255,0.25,1,299531,299093,438
67656521,14.072,20.7843,429,116800,0.31451,0.21,1,299546,299117,429
67659441,6.0144,5.75686,431,116800,0.286902,0.18,1,299550,299119,431
67662361,8.40288,2.75137,438,116800,0.28938,0.15,1,299559,299121,438
67665281,4.88058,4.55027,437,116800,0.257876,0.29,1,299563,299126,437
67668201,7.37612,11.3101,432,116800,0.299575,0.21,1,299571,299139,432
67671121,7.07522,7.06201,433,116800,0.371915,0.23,1,299578,299145,433
67674041,12.615,9.4124,437,116800,0.330383,0.27,1,299592,299155,437
67676961,16.123,16.2825,436,116800,0.346077,0.29,1,299609,299173,436
67679881,8.0246,9.6565,434,116800,0.269215,0.3,1,299615,299181,434
67682801,6.40492,7.5313,433,116800,0.365843,0.14,1,299621,299188,433
67685721,18.081,22.3063,428,116800,0.377169,0.24,1,299642,299214,428
67688641,6.8162,7.66125,428,116800,0.363434,0.14,1,299646,299218,428
67691561,30.9632,26.3323,434,116800,0.328687,0.19,1,299683,299249,434
67694481,17.3926,18.0665,432,116800,0.361737,0.22,1,299697,299265,432
67697401,5.07853,5.21329,432,116800,0.376347,0.23,1,299699,299267,432
67700321,34.6157,36.2427,430,116800,0.299269,0.23,1,299741,299311,430
67703241,19.7231,20.0485,430,116800,0.355854,0.18,1,299757,299327,430
67706161,13.5446,10.4097,434,116800,0.375171,0.17,1,299769,299335,434
67709081,4.30893,5.28194,432,116800,0.347034,0.14,1,299771,299339,432
67712001,2.46179,2.65639,432,116800,0.341407,0.24,1,299773,299341,432
67714921,2.09236,3.73128,430,116800,0.332281,0.24,1,299775,299345,430
67717841,6.01847,2.34626,435,116800,0.378456,0.2,1,299782,299347,435
67720761,2.80369,2.06925,435,116800,0.387691,0.17,1,299784,299349,435
67723681,3.76074,5.21385,433,116800,0.349538,0.22,1,299788,299355,433
67726601,7.15215,7.44277,433,116800,0.373908,0.21,1,299796,299363,433
67729521,4.63043,3.08855,435,116800,0.362782,0.24,1,299800,299365,435
67732441,3.32609,3.81771,434,116800,0.384556,0.24,1,299803,299369,434
67735361,10.2652,10.3635,434,116800,0.340911,0.19,1,299815,299381,434
67738281,26.853,26.0727,435,116800,0.332182,0.32,1,299846,299411,435
67741201,10.1706,6.81454,439,116800,0.266436,0.25,1,299852,299413,439
67744121,5.23412,4.56291,439,116800,0.213287,0.25,1,299856,299417,439
67747041,9.04682,15.3126,431,116800,0.210657,0.24,1,299866,299435,431
67749961,11.4094,7.86252,437,116800,0.242131,0.2,1,299878,299441,437
67752881,3.88187,3.1725,437,116800,0.256426,0.27,1,299880,299443,437
67755801,18.3764,19.0345,436,116800,0.171285,0.34,1,299902,299466,436
67758721,8.47527,7.0069,438,116800,0.290257,0.28,1,299908,299470,438
67761641,28.8951,31.0014,435,116800,0.282051,0.17,1,299942,299507,435
67764561,11.379,11.0003,436,116800,0.20041,0.33,1,299949,299513,436
67767481,5.4758,7.80005,433,116800,0.296082,0.24,1,299953,299520,433
67770401,14.6952,10.36,439,116800,0.299216,0.33,1,299970,299531,439
67773321,14.139,14.072,438,116800,0.243843,0.28,1,299984,299546,438
67776241,4.42781,6.0144,436,116800,0.224769,0.29,1,299986,299550,436
67779161,8.08556,8.40288,436,116800,0.260954,0.25,1,299995,299559,436
67782081,4.81711,4.88058,436,116800,0.276191,0.31,1,299999,299563,436
67785001,11.3634,7.37612,441,116800,0.311238,0.39,1,300012,299571,441
67787921,7.07268,7.07522,440,116800,0.254248,0.32,1,300018,299578,440
67790841,8.61454,12.615,435,116800,0.25085,0.35,1,300027,299592,435
67793761,20.9229,16.123,442,116800,0.25817,0.25,1,300051,299609,442
67796681,8.18458,8.0246,441,116800,0.203634,0.39,1,300056,299615,441
67799601,4.83692,6.40492,439,116800,0.200727,0.38,1,300060,299621,439
67802521,16.1674,18.081,437,116800,0.256145,0.36,1,300079,299642,437
67805441,8.03348,6.8162,439,116800,0.251229,0.32,1,300085,299646,439
67808361,32.0067,30.9632,440,116800,0.234246,0.37,1,300123,299683,440
67811281,16.8013,17.3926,439,116800,0.278849,0.38,1,300136,299697,439
67814201,4.96027,5.07853,439,116800,0.25577,0.28,1,300138,299699,439
67817121,33.7921,34.6157,438,116800,0.291154,0.37,1,300179,299741,438
67820041,21.9584,19.7231,441,116800,0.266231,0.38,1,300198,299757,441
67822961,12.3917,13.5446,439,116800,0.197246,0.34,1,300208,299769,439
67825881,5.67834,4.30893,441,116800,0.303449,0.34,1,300212,299771,441
67828801,2.73567,2.46179,441,116800,0.29269,0.33,1,300214,299773,441
67831721,2.14713,2.09236,441,116800,0.258538,0.39,1,300216,299775,441
67834641,3.62943,6.01847,438,116800,0.307708,0.39,1,300220,299782,438
67837561,5.52589,2.80369,442,116800,0.285542,0.34,1,300226,299784,442
67840481,2.70518,3.76074,440,116800,0.281108,0.38,1,300228,299788,440
67843401,6.14104,7.15215,439,116800,0.224222,0.36,1,300235,299796,439
67846321,2.82821,4.63043,437,116800,0.220844,0.39,1,300237,299800,437
67849241,2.16564,3.32609,436,116800,0.308169,0.33,1,300239,299803,436
67852161,11.6331,10.2652,438,116800,0.301634,0.33,1,300253,299815,438
67855081,23.1266,26.853,433,116800,0.244327,0.25,1,300279,299846,433
67858001,11.0253,10.1706,435,116800,0.304865,0.2,1,300287,299852,435
67860921,3.80506,5.23412,433,116800,0.292973,0.21,1,300289,299856,433
67863841,9.56101,9.04682,434,116800,0.282595,0.25,1,300300,299866,434
67866761,9.9122,11.4094,432,116800,0.264519,0.26,1,300310,299878,432
67869681,7.58244,3.88187,437,116800,0.300904,0.15,1,300317,299880,437
67872601,17.5165,18.3764,435,116800,0.260181,0.32,1,300337,299902,435
67875521,9.9033,8.47527,437,116800,0.292036,0.28,1,300345,299908,437
67878441,29.1807,28.8951,437,116800,0.234407,0.18,1,300379,299942,437
67881361,9.83613,11.379,435,116800,0.222881,0.32,1,300384,299949,435
67884281,5.96723,5.4758,436,116800,0.172576,0.3,1,300389,299953,436
67887201,12.3934,14.6952,433,116800,0.290515,0.23,1,300403,299970,433
67890121,13.6787,14.139,433,116800,0.314103,0.22,1,300417,299984,433
67893041,5.93574,4.42781,435,116800,0.334821,0.27,1,300421,299986,435
67895961,9.98715,8.08556,437,116800,0.338964,0.28,1,300432,299995,437
67898881,5.99743,4.81711,438,116800,0.259793,0.32,1,300437,299999,438
67901801,9.19949,11.3634,435,116800,0.283959,0.24,1,300447,300012,435
67904721,5.0399,7.07268,433,116800,0.288792,0.25,1,300451,300018,433
67907641,9.00798,8.61454,434,116800,0.297758,0.26,1,300461,300027,434
67910561,20.2016,20.9229,433,116800,0.179552,0.19,1,300484,300051,433
67913481,10.4403,8.18458,436,116800,0.13991,0.2,1,300492,300056,436
67916401,6.88806,4.83692,438,116800,0.291982,0.27,1,300498,300060,438
67919321,15.7776,16.1674,437,116800,0.226396,0.25,1,300516,300079,437
67922241,7.15552,8.03348,436,116800,0.197279,0.23,1,300521,300085,436
67925161,31.8311,32.0067,436,116800,0.279456,0.29,1,300559,300123,436
67928081,13.5662,16.8013,432,116800,0.159891,0.25,1,300568,300136,432
67931001,10.7132,4.96027,440,116800,0.223978,0.3,1,300578,300138,440
67933921,34.1426,33.7921,439,116800,0.276796,0.26,1,300618,300179,439
67936841,15.6285,21.9584,431,116800,0.303359,0.18,1,300629,300198,431
67939761,13.5257,12.3917,434,116800,0.220672,0.33,1,300642,300208,434
67942681,7.50514,5.67834,436,116800,0.204134,0.29,1,300648,300212,436
67945601,3.10103,2.73567,436,116800,0.168827,0.25,1,300650,300214,436
67948521,2.22021,2.14713,436,116800,0.129765,0.32,1,300652,300216,436
67951441,3.64404,3.62943,436,116800,0.0899531,0.28,1,300656,300220,436
67954361,2.32881,5.52589,432,116800,0.193991,0.28,1,300658,300226,432
67957281,6.86576,2.70518,438,116800,0.222798,0.21,1,300666,300228,438
67960201,6.17315,6.14104,437,116800,0.26056,0.22,1,300672,300235,437
67963121,4.43463,2.82821,439,116800,0.196112,0.33,1,300676,300237,439
67966041,2.48693,2.16564,439,116800,0.271222,0.3,1,300678,300239,439
67968961,9.29739,11.6331,436,116800,0.278244,0.23,1,300689,300253,436
67971881,25.0595,23.1266,439,116800,0.303649,0.32,1,300718,300279,439
67974801,8.2119,11.0253,435,116800,0.23673,0.29,1,300722,300287,435
67977721,3.24238,3.80506,435,116800,0.191346,0.28,1,300724,300289,435
67980641,8.64848,9.56101,434,116800,0.254269,0.26,1,300734,300300,434
67983561,12.1297,9.9122,437,116800,0.250854,0.31,1,300747,300310,437
67986481,8.82594,7.58244,438,116800,0.186171,0.25,1,300755,300317,438
67989401,16.1652,17.5165,436,116800,0.269234,0.3,1,300773,300337,436
67992321,11.233,9.9033,438,116800,0.205847,0.22,1,300783,300345,438
67995241,25.4466,29.1807,433,116800,0.257169,0.22,1,300812,300379,433
67998161,11.4893,9.83613,436,116800,0.211434,0.16,1,300820,300384,436
68001081,7.89786,5.96723,438,116800,0.194287,0.32,1,300827,300389,438
68004001,7.97957,12.3934,432,116800,0.254857,0.32,1,300835,300403,432
68006921,15.9959,13.6787,436,116800,0.202971,0.34,1,300853,300417,436
68009841,6.39918,5.93574,436,116800,0.312594,0.34,1,300857,300421,436
68012761,5.27984,9.98715,430,116800,0.278519,0.24,1,300862,300432,430
68015681,9.85597,5.99743,436,116800,0.295704,0.29,1,300873,300437,436
68018601,10.7712,9.19949,437,116800,0.251141,0.29,1,300884,300447,437
68021521,5.35424,5.0399,437,116800,0.274228,0.3,1,300888,300451,437
68024441,5.87085,9.00798,433,116800,0.230846,0.15,1,300894,300461,433
68027361,15.5742,20.2016,428,116800,0.262169,0.13,1,300912,300484,428
68030281,14.3148,10.4403,434,116800,0.220434,0.33,1,300926,300492,434
68033201,10.063,6.88806,437,116800,0.324087,0.21,1,300935,300498,437
68036121,13.2126,15.7776,433,116800,0.312817,0.19,1,300949,300516,433
68039041,7.44252,7.15552,434,116800,0.278563,0.3,1,300955,300521,434
68041961,27.0885,31.8311,428,116800,0.223713,0.13,1,300987,300559,428
68044881,18.2177,13.5662,435,116800,0.220743,0.24,1,301003,300568,435
68047801,6.84354,10.7132,429,116800,0.220149,0.29,1,301007,300578,429
68050721,38.9687,34.1426,436,116800,0.23603,0.31,1,301054,300618,436
68053641,14.1937,15.6285,433,116800,0.127206,0.2,1,301062,300629,433
68056561,9.23875,13.5257,428,116800,0.225441,0.2,1,301070,300642,428
68059481,12.2478,7.50514,435,116800,0.173088,0.16,1,301083,300648,435
68062401,4.04955,3.10103,435,116800,0.194618,0.12,1,301085,300650,435
68065321,2.40991,2.22021,435,116800,0.166924,0.08,1,301087,300652,435
68068241,2.08198,3.64404,433,116800,0.129385,0.22,1,301089,300656,433
68070081,1.2164,2.32881,432,116800,0.105877,0.23,1,301090,300658,432
68073001,6.64328,6.86576,432,116800,0.229175,0.27,1,301098,300666,432
68075921,9.32866,6.17315,436,116800,0.189835,0.18,1,301108,300672,436
68078841,3.46573,4.43463,434,116800,0.181967,0.29,1,301110,300676,434
68081761,3.89315,2.48693,436,116800,0.140393,0.28,1,301114,300678,436
68084681,8.77863,9.29739,435,116800,0.204079,0.31,1,301124,300689,435
68087601,26.5557,25.0595,437,116800,0.200816,0.22,1,301155,300718,437
68090521,7.71115,8.2119,436,116800,0.184163,0.18,1,301158,300722,436
68093441,3.14223,3.24238,436,116800,0.148833,0.27,1,301160,300724,436
68096361,7.82845,8.64848,435,116800,0.253767,0.25,1,301169,300734,435
68099281,11.9657,12.1297,435,116800,0.210753,0.17,1,301182,300747,435
68102201,7.19314,8.82594,433,116800,0.146151,0.29,1,301188,300755,433
68105121,15.0386,16.1652,432,116800,0.11723,0.19,1,301205,300773,432
68108041,15.8077,11.233,438,116800,0.127446,0.27,1,301221,300783,438
68110961,20.7615,25.4466,431,116800,0.233489,0.2,1,301243,300812,431
68113881,10.5523,11.4893,431,116800,0.174698,0.19,1,301251,300820,431
68116801,9.31046,7.89786,433,116800,0.15494,0.27,1,301260,300827,433
68119721,9.86209,7.97957,435,116800,0.0869879,0.19,1,301270,300835,435
68122641,17.1724,15.9959,436,116800,0.169398,0.34,1,301289,300853,436
68125561,5.03448,6.39918,434,116800,0.15388,0.27,1,301291,300857,434
68128481,6.6069,5.27984,436,116800,0.166776,0.3,1,301298,300862,436
68131401,7.72138,9.85597,433,116800,0.185355,0.24,1,301306,300873,433
68134321,11.1443,10.7712,434,116800,0.141071,0.28,1,301318,300884,434
68137241,5.42886,5.35424,434,116800,0.180214,0.22,1,301322,300888,434
68140161,7.48577,5.87085,436,116800,0.228043,0.27,1,301330,300894,436
68143081,15.0972,15.5742,435,116800,0.197609,0.21,1,301347,300912,435
68146001,15.0194,14.3148,436,116800,0.191522,0.35,1,301362,300926,436
68148921,11.0039,10.063,437,116800,0.222304,0.31,1,301372,300935,437
68151841,12.6008,13.2126,436,116800,0.284461,0.27,1,301385,300949,436
68154761,5.72016,7.44252,434,116800,0.304892,0.21,1,301389,300955,434
68157681,22.744,27.0885,429,116800,0.228978,0.22,1,301416,300987,429
68160601,15.7488,18.2177,427,116800,0.229796,0.22,1,301430,301003,427
68163521,11.1498,6.84354,433,116800,0.213959,0.24,1,301440,301007,433
68166441,35.83,38.9687,428,116800,0.186792,0.1,1,301482,301054,428
68169361,19.166,14.1937,435,116800,0.205358,0.25,1,301497,301062,435
68172281,7.0332,9.23875,431,116800,0.305072,0.16,1,301501,301070,431
68175201,7.80664,12.2478,426,116800,0.301014,0.2,1,301509,301083,426
68178121,8.76133,4.04955,433,116800,0.252203,0.16,1,301518,301085,433
68181041,3.35227,2.40991,433,116800,0.242441,0.12,1,301520,301087,433
68183961,2.27045,2.08198,433,116800,0.208488,0.1,1,301522,301089,433
68186881,2.05409,1.2164,434,116800,0.169698,0.26,1,301524,301090,434
68189801,4.41082,6.64328,431,116800,0.27394,0.18,1,301529,301098,431
68192721,12.0822,9.32866,435,116800,0.246788,0.18,1,301543,301108,435
68195641,4.01643,3.46573,435,116800,0.201358,0.13,1,301545,301110,435
68198561,4.00329,3.89315,435,116800,0.200272,0.22,1,301549,301114,435
68201481,5.60066,8.77863,431,116800,0.280054,0.2,1,301555,301124,431
68204401,27.5201,26.5557,433,116800,0.232011,0.18,1,301588,301155,433
68207321,8.70403,7.71115,434,116800,0.222402,0.14,1,301592,301158,434
68210241,3.34081,3.14223,434,116800,0.18848,0.28,1,301594,301160,434
68213161,7.06816,7.82845,433,116800,0.197696,0.2,1,301602,301169,433
68216081,5.41363,11.9657,425,116800,0.255539,0.13,1,301607,301182,425
68219001,6.68273,7.19314,426,116800,0.235108,0.11,1,301614,301188,426
68221921,19.7365,15.0386,432,116800,0.215022,0.13,1,301637,301205,432
68224841,14.3473,15.8077,429,116800,0.259004,0.26,1,301650,301221,429
68227761,21.2695,20.7615,430,116800,0.219801,0.16,1,301673,301243,430
68230681,9.85389,10.5523,429,116800,0.21996,0.15,1,301680,301251,429
68233601,5.97078,9.31046,425,116800,0.235992,0.07,1,301685,301260,425
68236521,12.3942,9.86209,429,116800,0.303198,0.19,1,301699,301270,429
68239441,18.4788,17.1724,430,116800,0.34064,0.15,1,301719,301289,430
68242361,6.89577,5.03448,432,116800,0.276128,0.17,1,301723,301291,432
68245281,6.97915,6.6069,432,116800,0.207226,0.19,1,301730,301298,432
68248201,4.59583,7.72138,428,116800,0.241445,0.13,1,301734,301306,428
68251121,11.3192,11.1443,429,116800,0.312289,0.19,1,301747,301318,429
68254041,9.46383,5.42886,434,116800,0.286458,0.24,1,301756,301322,434
68256961,5.09277,7.48577,430,118260,0.289292,0.19,1,301760,301330,430
68259881,15.4186,15.0972,431,118260,0.289858,0.19,1,301778,301347,431
68262801,17.4837,15.0194,434,118260,0.257972,0.23,1,301796,301362,434
68265721,9.89674,11.0039,432,118260,0.179594,0.3,1,301804,301372,432
68268641,13.9793,12.6008,434,118260,0.195919,0.31,1,301819,301385,434
68271561,8.39587,5.72016,437,118260,0.175184,0.21,1,301826,301389,437
68274481,17.6792,22.744,430,118260,0.259037,0.23,1,301846,301416,430
68277401,16.3358,15.7488,432,118260,0.219807,0.21,1,301862,301430,432
68280321,6.46717,11.1498,426,118260,0.147961,0.18,1,301866,301440,426
68283241,42.8934,35.83,436,118260,0.189592,0.21,1,301918,301482,436
68286161,20.5787,19.166,436,118260,0.205918,0.33,1,301933,301497,436
68289081,7.31574,7.0332,436,118260,0.145184,0.3,1,301937,301501,436
68292001,5.46315,7.80664,433,118260,0.285037,0.24,1,301942,301509,433
68294921,9.89263,8.76133,435,118260,0.265007,0.24,1,301953,301518,435
68297841,5.17853,3.35227,437,118260,0.245001,0.2,1,301957,301520,437
68300761,2.63571,2.27045,437,118260,0.209,0.16,1,301959,301522,437
68303681,2.12714,2.05409,437,118260,0.1698,0.3,1,301961,301524,437
68306601,2.02543,4.41082,434,118260,0.12996,0.24,1,301963,301529,434
68309521,13.2051,12.0822,436,118260,0.241992,0.19,1,301979,301543,436
68312441,4.24102,4.01643,436,118260,0.288398,0.2,1,301981,301545,436
68315361,2.4482,4.00329,434,118260,0.29768,0.3,1,301983,301549,434
68318281,3.68964,5.60066,432,118260,0.235536,0.22,1,301987,301555,432
68321201,24.7379,27.5201,429,118260,0.351107,0.22,1,302017,301588,429
68324121,12.9476,8.70403,435,118260,0.286221,0.18,1,302027,301592,435
68327041,4.18952,3.34081,435,118260,0.265244,0.2,1,302029,301594,435
68329961,5.6379,7.06816,433,118260,0.309049,0.27,1,302035,301602,433
68332881,4.32758,5.41363,432,118260,0.28581,0.23,1,302039,301607,432
68335801,7.26552,6.68273,433,118260,0.297162,0.21,1,302047,301614,433
68338721,20.6531,19.7365,434,118260,0.299432,0.27,1,302071,301637,434
68341641,15.3306,14.3473,435,118260,0.283886,0.21,1,302085,301650,435
68344561,20.6661,21.2695,434,118260,0.288777,0.22,1,302107,301673,434
68347481,8.13322,9.85389,432,118260,0.289755,0.24,1,302112,301680,432
68350401,6.42665,5.97078,433,118260,0.337951,0.32,1,302118,301685,433
68353321,10.8853,12.3942,431,118260,0.29959,0.35,1,302130,301699,431
68356241,17.3771,18.4788,430,118260,0.187918,0.26,1,302149,301719,430
68359161,9.87541,6.89577,434,118260,0.309584,0.19,1,302157,301723,434
68362081,6.77508,6.97915,433,118260,0.285917,0.25,1,302163,301730,433
68365001,6.15502,4.59583,435,118260,0.305183,0.33,1,302169,301734,435
68367921,13.231,11.3192,437,118260,0.325037,0.28,1,302184,301747,437
68370841,7.4462,9.46383,434,118260,0.273007,0.28,1,302190,301756,434
68373761,7.08924,1.89277,441,118260,0.342601,0.29,1,302197,301756,441
68376681,15.8178,3.57855,455,118260,0.30852,0.29,1,302215,301760,455
68379601,8.76357,15.1157,444,118260,0.237704,0.25,1,302222,301778,444
68382521,13.7527,17.4231,441,118260,0.295541,0.16,1,302237,301796,441
68385441,17.1505,9.88463,451,118260,0.363108,0.2,1,302255,301804,451
68388361,6.63011,13.9769,440,118260,0.384622,0.17,1,302259,301819,440
68391281,15.726,8.39538,451,118260,0.388924,0.28,1,302277,301826,451
68394201,15.9452,17.6791,447,118260,0.293785,0.21,1,302293,301846,447
68397121,6.38904,16.3358,435,118260,0.258757,0.13,1,302297,301862,435
68400041,43.6778,6.46716,484,118260,0.203751,0.2,1,302350,301866,484
68402961,23.1356,42.8934,450,118260,0.18475,0.21,1,302368,301918,450
68405881,7.82711,20.5787,439,118260,0.22895,0.13,1,302372,301933,439
68408801,3.16542,7.31574,437,118260,0.20579,0.32,1,302374,301937,437
68411721,5.43308,5.46315,438,118260,0.345158,0.26,1,302380,301942,438
68414641,4.28662,9.89263,431,118260,0.373032,0.24,1,302384,301953,431
68417561,8.05732,5.17853,436,118260,0.322606,0.2,1,302393,301957,436
68420481,3.21146,2.63571,436,118260,0.312521,0.16,1,302395,301959,436
68423401,2.24229,2.12714,436,118260,0.334504,0.12,1,302397,301961,436
68426321,14.8485,2.02543,452,118260,0.282901,0.27,1,302415,301963,452
68429241,5.36969,13.2051,439,118260,0.27258,0.3,1,302418,301979,439
68432161,3.47394,4.24102,440,118260,0.262516,0.3,1,302421,301981,440
68435081,2.29479,2.4482,440,118260,0.236503,0.22,1,302423,301983,440
68438001,22.059,3.68964,463,118260,0.271301,0.38,1,302450,301987,463
68440921,14.0118,24.7379,445,118260,0.34226,0.27,1,302462,302017,445
68443841,4.40236,12.9476,437,118260,0.324452,0.26,1,302464,302027,437
68446761,7.28047,4.18952,443,118260,0.21689,0.32,1,302472,302029,443
68449681,3.05609,5.6379,439,118260,0.187378,0.28,1,302474,302035,439
68452601,9.41122,4.32758,446,118260,0.301476,0.3,1,302485,302039,446
68455521,20.2822,7.26552,461,118260,0.340295,0.3,1,302508,302047,461
68458441,14.4564,20.6531,450,118260,0.268059,0.28,1,302521,302071,450
68461361,16.4913,15.3306,453,118260,0.245612,0.29,1,302538,302085,453
68464281,11.2983,20.6661,441,118260,0.281122,0.29,1,302548,302107,441
68467201,5.45965,8.13322,440,118260,0.296224,0.35,1,302552,302112,440
68470121,5.89193,6.42665,440,118260,0.251245,0.29,1,302558,302118,440
68473041,22.7784,10.8853,455,118260,0.314249,0.16,1,302585,302130,455
68475961,10.9557,17.3771,444,118260,0.26285,0.34,1,302593,302149,444
68478881,6.99114,9.87541,442,118260,0.34057,0.28,1,302599,302157,442
68481801,5.39823,6.77508,441,118260,0.316114,0.31,1,302604,302163,441
68484721,13.8796,6.15502,451,118260,0.335223,0.33,1,302620,302169,451
68487641,7.57593,13.231,442,118260,0.291045,0.26,1,302626,302184,442
68490561,4.71519,7.4462,440,118260,0.282209,0.36,1,302630,302190,440
68493481,15.343,7.08924,451,118260,0.336442,0.3,1,302648,302197,451
68496401,13.4686,15.8178,446,118260,0.307288,0.22,1,302661,302215,446
68499321,7.49372,8.76357,445,118260,0.317458,0.31,1,302667,302222,445
68502241,23.8987,13.7527,458,118260,0.279492,0.38,1,302695,302237,458
68505161,7.17975,17.1505,443,118260,0.247898,0.39,1,302698,302255,443
68508081,12.6359,6.63011,453,118260,0.32958,0.39,1,302712,302259,453
68511001,9.72719,15.726,444,118260,0.289916,0.27,1,302721,302277,444
68513921,12.3454,15.9452,441,118260,0.241983,0.25,1,302734,302293,441
68516841,43.2691,6.38904,488,118260,0.248397,0.19,1,302785,302297,488
68519761,27.0538,43.6778,458,118260,0.233679,0.18,1,302808,302350,458
68522681,8.61076,23.1356,444,118260,0.222736,0.24,1,302812,302368,444
68525601,3.32215,7.82711,442,118260,0.188547,0.2,1,302814,302372,442
68528521,3.86443,3.16542,444,118260,0.205709,0.38,1,302818,302374,444
68531441,2.37289,5.43308,440,118260,0.289142,0.38,1,302820,302380,440
68534361,10.0746,4.28662,448,118260,0.329828,0.31,1,302832,302384,448
68537281,3.61492,8.05732,441,118260,0.329966,0.31,1,302834,302393,441
68540201,2.32298,3.21146,441,118260,0.289993,0.34,1,302836,302395,441
68543121,13.2646,2.24229,455,118260,0.313999,0.27,1,302852,302397,455
68546041,4.25292,14.8485,439,118260,0.3108,0.27,1,302854,302415,439
68548961,2.45058,5.36969,438,118260,0.29416,0.26,1,302856,302418,438
68551881,3.69012,3.47394,439,118260,0.218832,0.23,1,302860,302421,439
68554801,23.138,2.29479,465,118260,0.243766,0.28,1,302888,302423,465
68557721,7.8276,22.059,442,118260,0.264753,0.36,1,302892,302450,442
68560641,3.16552,14.0118,432,118260,0.236951,0.32,1,302894,302462,432
68563561,12.6331,4.40236,445,118260,0.34339,0.19,1,302909,302464,445
68566481,4.12662,7.28047,439,118260,0.372678,0.18,1,302911,302472,439
68569401,5.62532,3.05609,443,118260,0.274536,0.33,1,302917,302474,443
68572321,21.1251,9.41122,457,118260,0.230907,0.35,1,302942,302485,457
68575241,15.425,20.2822,448,118260,0.310181,0.25,1,302956,302508,448
68578161,16.685,14.4564,452,118260,0.310036,0.24,1,302973,302521,452
68581081,10.537,16.4913,444,118260,0.230007,0.29,1,302982,302538,444
68584001,10.9074,11.2983,445,118260,0.254001,0.3,1,302993,302548,445
68586921,5.38148,5.45965,445,118260,0.2108,0.24,1,302997,302552,445
68589841,18.6763,5.89193,461,118260,0.25016,0.33,1,303019,302558,461
68592761,10.9353,22.7784,443,118260,0.218032,0.25,1,303028,302585,443
68595681,5.38705,10.9557,439,118260,0.275606,0.36,1,303032,302593,439
68598601,7.47741,6.99114,441,118260,0.239121,0.31,1,303040,302599,441
68601521,14.2955,5.39823,452,118260,0.231824,0.34,1,303056,302604,452
68604441,6.8591,13.8796,441,118260,0.270365,0.28,1,303061,302620,441
68607361,7.77182,7.57593,443,118260,0.318073,0.28,1,303069,302626,443
68610281,14.3544,4.71519,455,118260,0.287615,0.35,1,303085,302630,455
68613201,10.0709,15.343,446,118260,0.273523,0.3,1,303094,302648,446
68616121,7.61417,13.4686,440,118260,0.358705,0.32,1,303101,302661,440
68619041,20.7228,7.49372,458,118260,0.335741,0.27,1,303125,302667,458
68621961,12.9446,23.8987,441,118260,0.339148,0.24,1,303136,302695,441
68624881,12.9889,7.17975,451,118260,0.22783,0.35,1,303149,302698,451
68627801,7.39778,12.6359,443,118260,0.317566,0.28,1,303155,302712,443
68630721,8.67956,9.72719,443,118260,0.311513,0.23,1,303164,302721,443
68633641,44.9359,12.3454,484,118260,0.318303,0.25,1,303218,302734,484
68636561,28.1872,43.2691,457,118260,0.287661,0.23,1,303242,302785,457
68639481,12.0374,27.0538,442,118260,0.249532,0.22,1,303250,302808,442
68642401,4.80749,8.61076,441,118260,0.321906,0.18,1,303253,302812,441
68645321,2.5615,3.32215,441,118260,0.304381,0.21,1,303255,302814,441
68648241,2.1123,3.86443,439,118260,0.276876,0.31,1,303257,302818,439
68651161,7.62246,2.37289,446,118260,0.351375,0.34,1,303266,302820,446
68654081,5.52449,10.0746,439,118260,0.318275,0.33,1,303271,302832,439
68657001,2.7049,3.61492,439,118260,0.311655,0.28,1,303273,302834,439
68659921,8.54098,2.32298,447,118260,0.302331,0.32,1,303283,302836,447
68662841,4.1082,13.2646,434,118260,0.340466,0.31,1,303286,302852,434
68665761,8.02164,4.25292,441,118260,0.332093,0.29,1,303295,302854,441
68668681,3.20433,2.45058,441,118260,0.330419,0.2,1,303297,302856,441
68671601,25.4409,3.69012,468,118260,0.290084,0.25,1,303328,302860,468
68674521,8.28817,23.138,444,118260,0.266017,0.27,1,303332,302888,444
68677441,3.25763,7.8276,442,118260,0.277203,0.23,1,303334,302892,442
68680361,11.0515,3.16552,453,118260,0.335441,0.37,1,303347,302894,453
68683281,3.81031,12.6331,440,118260,0.347088,0.38,1,303349,302909,440
68686201,3.96206,4.12662,442,118260,0.357418,0.25,1,303353,302911,442
68689121,23.1924,5.62532,464,118260,0.303484,0.22,1,303381,302917,464
68692041,14.2385,21.1251,451,118260,0.340697,0.33,1,303393,302942,451
68694961,14.8477,15.425,452,118260,0.348139,0.31,1,303408,302956,452
68697881,9.36954,16.685,443,118260,0.365628,0.21,1,303416,302973,443
68700801,11.4739,10.537,446,118260,0.337126,0.26,1,303428,302982,446
68703721,8.69478,10.9074,443,118260,0.251425,0.2,1,303436,302993,443
68706641,13.739,5.38148,454,118260,0.362285,0.26,1,303451,302997,454
68709561,10.7478,18.6763,442,118260,0.368457,0.21,1,303461,303019,442
68712481,6.14956,10.9353,438,118260,0.329691,0.29,1,303466,303028,438
68715401,8.42991,5.38705,443,118260,0.337938,0.23,1,303475,303032,443
68718321,16.086,7.47741,453,118260,0.291588,0.23,1,303493,303040,453
68721241,8.0172,14.2955,443,118260,0.218318,0.28,1,303499,303056,443
68724161,8.80344,6.8591,447,118260,0.291664,0.33,1,303508,303061,447
68727081,12.9607,7.77182,453,118260,0.306333,0.28,1,303522,303069,453
68730001,12.1921,14.3544,449,118260,0.317267,0.27,1,303534,303085,449
68732921,8.83843,10.0709,448,118260,0.287453,0.38,1,303542,303094,448
68735841,16.9677,7.61417,460,118260,0.241491,0.33,1,303561,303101,460
68738761,8.99354,20.7228,443,118260,0.264298,0.34,1,303568,303125,443
68741681,17.7987,12.9446,452,118260,0.22886,0.2,1,303588,303136,452
68744601,5.15974,12.9889,441,118260,0.189772,0.34,1,303590,303149,441
68747521,5.83195,7.39778,441,118260,0.293954,0.31,1,303596,303155,441
68750441,43.5664,8.67956,485,118260,0.226791,0.32,1,303649,303164,485
68753361,28.7133,44.9359,456,118260,0.221358,0.28,1,303674,303218,456
68756281,15.3427,28.1872,444,118260,0.172272,0.24,1,303686,303242,444
68759201,7.86853,12.0374,442,118260,0.146454,0.34,1,303692,303250,442
68762121,3.17371,4.80749,441,118260,0.221291,0.3,1,303694,303253,441
68765041,2.23474,2.5615,441,118260,0.220258,0.27,1,303696,303255,441
68767961,5.24695,2.1123,445,118260,0.164052,0.37,1,303702,303257,445
68770881,2.64939,7.62246,438,118260,0.15281,0.31,1,303704,303266,438
68773801,6.12988,5.52449,440,118260,0.206562,0.31,1,303711,303271,440
68776721,10.026,2.7049,449,118260,0.201312,0.3,1,303722,303273,449
68779641,3.6052,8.54098,441,118260,0.176262,0.35,1,303724,303283,441
68782561,8.72104,4.1082,448,118260,0.227252,0.33,1,303734,303286,448
68785481,5.74421,8.02164,444,118260,0.189451,0.33,1,303739,303295,444
68788401,21.1488,3.20433,467,118260,0.19789,0.28,1,303764,303297,467
68791321,10.6298,25.4409,444,118260,0.151578,0.26,1,303772,303328,444
68794241,3.72595,8.28817,442,118260,0.142316,0.28,1,303774,303332,442
68797161,12.7452,3.25763,455,118260,0.252463,0.35,1,303789,303334,455
68800081,4.14904,11.0515,444,118260,0.250493,0.35,1,303791,303347,444
68803001,3.22981,3.81031,445,118260,0.202099,0.36,1,303794,303349,445
68805921,21.446,3.96206,467,118260,0.21642,0.29,1,303820,303353,467
68808841,11.4892,23.1924,448,118260,0.147284,0.35,1,303829,303381,448
68811761,16.6978,14.2385,454,118260,0.157457,0.35,1,303847,303393,454
68814681,8.13957,14.8477,445,118260,0.239491,0.37,1,303853,303408,445
68817601,6.42791,9.36954,443,118260,0.231898,0.33,1,303859,303416,443
68820521,14.0856,11.4739,447,118260,0.23038,0.23,1,303875,303428,447
68823441,14.8171,8.69478,454,118260,0.270076,0.39,1,303890,303436,454
68826361,10.1634,13.739,448,118260,0.310015,0.37,1,303899,303451,448
68829281,4.43268,10.7478,441,118260,0.302003,0.32,1,303902,303461,441
68832201,8.08654,6.14956,445,118260,0.292401,0.34,1,303911,303466,445
68835121,9.61731,8.42991,446,118260,0.21048,0.28,1,303921,303475,446
68838041,13.1235,16.086,442,116800,0.218096,0.2,1,303935,303493,442
68840961,7.42469,8.0172,442,116800,0.147619,0.31,1,303941,303499,442
68843881,15.0849,8.80344,450,116800,0.269524,0.31,1,303958,303508,450
68846801,12.617,12.9607,448,116800,0.277905,0.32,1,303970,303522,448
68849721,8.9234,12.1921,444,116800,0.303581,0.28,1,303978,303534,444
68852641,16.1847,8.83843,454,116800,0.284716,0.23,1,303996,303542,454
68855561,5.63694,16.9677,438,116800,0.256943,0.27,1,303999,303561,438
68858481,21.1274,8.99354,456,116800,0.259389,0.22,1,304024,303568,456
68861401,5.82548,17.7987,438,116800,0.251878,0.18,1,304026,303588,438
68864321,2.7651,5.15974,438,116800,0.242376,0.32,1,304028,303590,438
68867241,41.353,5.83195,483,116800,0.344475,0.21,1,304079,303596,483
68870161,26.6706,43.5664,453,116800,0.396895,0.22,1,304102,303649,453
68873081,18.9341,28.7133,445,116800,0.375379,0.16,1,304119,303674,445
68876001,5.38682,15.3427,435,116800,0.339076,0.14,1,304121,303686,435
68878921,2.67736,7.86853,431,116800,0.291815,0.24,1,304123,303692,431
68881841,2.93547,3.17371,432,116800,0.298363,0.22,1,304126,303694,432
68884761,6.18709,2.23474,437,116800,0.395673,0.15,1,304133,303696,437
68887681,2.83742,5.24695,433,116800,0.415135,0.15,1,304135,303702,433
68890601,6.16748,2.64939,438,116800,0.371027,0.22,1,304142,303704,438
68893521,10.8335,6.12988,443,116800,0.402205,0.2,1,304154,303711,443
68896441,3.7667,10.026,434,116800,0.384441,0.17,1,304156,303722,434
68899361,9.55334,3.6052,443,116800,0.388888,0.24,1,304167,303724,443
68902281,4.31067,8.72104,436,116800,0.373778,0.18,1,304170,303734,436
68905201,18.4621,5.74421,453,116800,0.370756,0.2,1,304192,303739,453
68908121,10.0924,21.1488,436,116800,0.378151,0.14,1,304200,303764,436
68911041,3.61849,10.6298,430,116800,0.38763,0.14,1,304202,303772,430
68913961,15.9237,3.72595,447,116800,0.293526,0.28,1,304221,303774,447
68916881,5.58474,12.7452,435,116800,0.282705,0.25,1,304224,303789,435
68919801,4.31695,4.14904,437,116800,0.304541,0.19,1,304228,303791,437
68922721,16.8634,3.22981,454,116800,0.308908,0.22,1,304248,303794,454
68925641,11.3727,21.446,438,116800,0.325782,0.13,1,304258,303820,438
68928561,19.8745,11.4892,451,116800,0.377156,0.16,1,304280,303829,451
68931481,11.1749,16.6978,442,116800,0.355431,0.26,1,304289,303847,442
68934401,3.83498,8.13957,438,116800,0.383086,0.23,1,304291,303853,438
68937321,16.767,6.42791,452,116800,0.356617,0.23,1,304311,303859,452
68940241,14.5534,14.0856,450,116800,0.399323,0.28,1,304325,303875,450
68943161,5.31068,14.8171,438,116800,0.391865,0.32,1,304328,303890,438
68946081,9.86214,10.1634,440,116800,0.462373,0.3,1,304339,303899,440
68949001,4.37243,4.43268,440,116800,0.436475,0.29,1,304342,303902,440
68951921,10.4745,8.08654,443,116800,0.367295,0.22,1,304354,303911,443
68954841,17.2949,20.8173,438,116800,0.401459,0.13,1,304373,303935,438
68957761,5.05898,8.96346,434,116800,0.432292,0.3,1,304375,303941,434
68960681,17.0118,15.3927,437,116800,0.430458,0.28,1,304395,303958,437
68963601,13.8024,12.6785,438,116800,0.502092,0.31,1,304408,303970,438
68966521,5.96047,8.93571,434,116800,0.484418,0.28,1,304412,303978,434
68969441,17.9921,16.1871,437,116800,0.456884,0.25,1,304433,303996,437
68972361,5.99842,5.63743,437,116800,0.459377,0.26,1,304436,303999,437
68975281,17.9997,21.1275,433,116800,0.475875,0.25,1,304457,304024,433
68978201,9.99994,5.8255,439,116800,0.447175,0.24,1,304465,304026,439
68981121,3.59999,2.7651,439,116800,0.441435,0.37,1,304467,304028,439
68984041,43.12,41.353,441,116800,0.392287,0.41,1,304520,304079,441
68986961,23.024,26.6706,436,116800,0.382457,0.37,1,304538,304102,436
68989881,19.8048,18.9341,438,116800,0.364491,0.33,1,304557,304119,438
68992801,8.76096,5.38682,442,116800,0.352898,0.28,1,304563,304121,442
68995721,4.95219,2.67736,444,116800,0.33458,0.3,1,304567,304123,444
68998641,2.59044,2.93547,443,116800,0.330916,0.42,1,304569,304126,443
69001561,3.71809,6.18709,440,116800,0.330183,0.42,1,304573,304133,440
69004481,5.54362,2.83742,444,116800,0.394037,0.36,1,304579,304135,444
69007401,4.30872,6.16748,441,116800,0.382807,0.41,1,304583,304142,441
69010321,9.66174,10.8335,440,116800,0.364561,0.38,1,304594,304154,440
69013241,3.53235,3.7667,440,116800,0.328912,0.39,1,304596,304156,440
69016161,7.90647,9.55334,438,116800,0.417782,0.37,1,304605,304167,438
69019081,7.98129,4.31067,443,116800,0.355556,0.37,1,304613,304170,443
69022001,19.1963,18.4621,443,116800,0.415111,0.38,1,304635,304192,443
69024921,5.43925,10.0924,437,116800,0.435022,0.39,1,304637,304200,437
69027841,2.68785,3.61849,437,116800,0.407004,0.27,1,304639,304202,437
69030761,14.9376,15.9237,436,116800,0.345401,0.28,1,304657,304221,436
69033681,4.58751,5.58474,435,116800,0.38108,0.31,1,304659,304224,435
69036601,8.9175,4.31695,441,116800,0.396216,0.31,1,304669,304228,441
69039521,16.9835,16.8634,440,116800,0.423243,0.33,1,304688,304248,440
69042441,12.1967,11.3727,441,116800,0.444649,0.39,1,304699,304258,441
69045361,20.0393,19.8745,441,116800,0.44093,0.35,1,304721,304280,441
69048281,13.6079,11.1749,444,116800,0.424186,0.39,1,304733,304289,444
69051201,4.32157,3.83498,444,116800,0.388837,0.35,1,304735,304291,444
69054121,15.2643,16.767,442,116800,0.373767,0.41,1,304753,304311,442
69057041,16.6529,14.5534,445,116800,0.362753,0.39,1,304770,304325,445
69059961,6.53057,5.31068,446,116800,0.344551,0.48,1,304774,304328,446
69062881,3.70611,9.86214,438,116800,0.38091,0.43,1,304777,304339,438
69065801,4.74122,4.37243,440,116800,0.436182,0.35,1,304782,304342,440
69068721,10.5482,10.4745,440,116800,0.439236,0.41,1,304794,304354,440
69071641,22.9096,17.2949,447,116800,0.255847,0.44,1,304820,304373,447
69074561,6.18193,5.05898,447,116800,0.307169,0.43,1,304822,304375,447
69077481,18.0364,17.0118,448,116800,0.349434,0.52,1,304843,304395,448
69080401,11.6073,13.8024,445,116800,0.349887,0.48,1,304853,304408,445
69083321,5.52146,5.96047,445,116800,0.357977,0.45,1,304857,304412,445
69086241,20.3043,17.9921,448,116800,0.319595,0.46,1,304881,304433,448
69089161,6.46086,5.99842,448,116800,0.359919,0.48,1,304884,304436,448
69092081,16.4922,17.9997,446,116800,0.391984,0.44,1,304903,304457,446
69095001,7.29843,9.99994,443,116800,0.350397,0.44,1,304908,304465,443
69097921,3.05969,3.59999,443,116800,0.334079,0.38,1,304910,304467,443
69100841,44.6119,43.12,445,116800,0.290816,0.38,1,304965,304520,445
69103761,19.3224,23.024,440,116800,0.410163,0.36,1,304978,304538,440
69106681,19.0645,19.8048,440,116800,0.346033,0.35,1,304997,304557,440
69109601,8.6129,8.76096,440,116800,0.325207,0.33,1,305003,304563,440
69112521,8.12258,4.95219,444,116800,0.353041,0.33,1,305011,304567,444
69115441,3.22452,2.59044,444,116800,0.318608,0.33,1,305013,304569,444
69118361,2.2449,3.71809,442,116800,0.319722,0.41,1,305015,304573,442
69121281,5.24898,5.54362,442,116800,0.311944,0.38,1,305021,304579,442
69124201,2.6498,4.30872,440,116800,0.390389,0.36,1,305023,304583,440
69127121,12.53,9.66174,444,116800,0.382078,0.32,1,305038,304594,444
69130041,4.10599,3.53235,444,116800,0.372416,0.44,1,305040,304596,444
69132961,3.2212,7.90647,438,116800,0.322483,0.34,1,305043,304605,438
69135881,11.0442,7.98129,443,116800,0.336497,0.43,1,305056,304613,443
69138801,19.8088,19.1963,443,116800,0.427299,0.44,1,305078,304635,443
69141721,5.56177,5.43925,443,116800,0.42146,0.4,1,305080,304637,443
69144641,2.71235,2.68785,443,116800,0.388292,0.33,1,305082,304639,443
69147561,14.9425,14.9376,443,116800,0.365658,0.39,1,305100,304657,443
69150481,4.58849,4.58751,443,116800,0.337132,0.4,1,305102,304659,443
69153401,5.7177,8.9175,439,116800,0.315426,0.43,1,305108,304669,439
69156321,19.5435,16.9835,443,116800,0.367085,0.45,1,305131,304688,443
69159241,12.7087,12.1967,443,116800,0.361417,0.44,1,305142,304699,443
69162161,19.3417,20.0393,442,116800,0.312283,0.42,1,305163,304721,442
69165081,9.46835,13.6079,437,116800,0.358457,0.38,1,305170,304733,437
69168001,5.09367,4.32157,439,116800,0.367691,0.37,1,305174,304735,439
69170921,17.8187,15.2643,442,116800,0.273538,0.36,1,305195,304753,442
69173841,17.9637,16.6529,443,116800,0.310708,0.34,1,305213,304770,443
69176761,8.39275,6.53057,445,116800,0.294142,0.39,1,305219,304774,445
69179681,3.27855,3.70611,444,116800,0.290828,0.45,1,305221,304777,444
69182601,5.45571,4.74122,445,116800,0.298166,0.44,1,305227,304782,445
69185521,7.49114,10.5482,441,116800,0.331633,0.21,1,305235,304794,441
69188441,23.8982,22.9096,443,116800,0.314327,0.32,1,305263,304820,443
69191361,6.37965,6.18193,443,116800,0.310865,0.36,1,305265,304822,443
69194281,15.6759,18.0364,440,116800,0.334173,0.35,1,305283,304843,440
69197201,10.3352,11.6073,439,116800,0.306835,0.36,1,305292,304853,439
69200121,7.66704,5.52146,442,116800,0.373367,0.31,1,305299,304857,442
69203041,17.5334,20.3043,438,116800,0.330673,0.37,1,305319,304881,438
69205961,8.30668,6.46086,441,116800,0.330135,0.4,1,305325,304884,441
69208881,15.2613,16.4922,439,116800,0.410027,0.34,1,305342,304903,439
69211801,6.25227,7.29843,438,116800,0.370005,0.33,1,305346,304908,438
69214721,2.85045,3.05969,438,116800,0.362001,0.28,1,305348,304910,438
69217641,48.5701,44.6119,443,116800,0.3524,0.44,1,305408,304965,443
69220561,14.514,19.3224,436,116800,0.42248,0.33,1,305414,304978,436
69223481,19.7028,19.0645,438,116800,0.308496,0.32,1,305435,304997,438
69226401,8.74056,8.6129,438,116800,0.341699,0.36,1,305441,305003,438
69229321,9.74811,8.12258,440,116800,0.38034,0.31,1,305451,305011,440
69232241,5.14962,3.22452,442,116800,0.356068,0.32,1,305455,305013,442
69235161,2.62992,2.2449,442,116800,0.359214,0.31,1,305457,305015,442
69238081,3.72598,5.24898,440,116800,0.375843,0.41,1,305461,305021,440
69241001,2.3452,2.6498,440,116800,0.379169,0.38,1,305463,305023,440
69243921,13.269,12.53,441,116800,0.355834,0.37,1,305479,305038,441
69246841,5.85381,4.10599,443,116800,0.319167,0.31,1,305483,305040,443
69249761,2.77076,3.2212,442,116800,0.279833,0.34,1,305485,305043,442
69252681,5.35415,11.0442,435,116800,0.303967,0.45,1,305491,305056,435
69255601,24.2708,19.8088,442,116800,0.316793,0.42,1,305520,305078,442
69258521,6.45417,5.56177,442,116800,0.295359,0.38,1,305522,305080,442
69261441,2.89083,2.71235,442,116800,0.259072,0.36,1,305524,305082,442
69264361,14.1782,14.9425,441,116800,0.315814,0.33,1,305541,305100,441
69267281,4.43563,4.58849,441,116800,0.295163,0.31,1,305543,305102,441
69270201,4.08713,5.7177,439,116800,0.235033,0.38,1,305547,305108,439
69273121,20.0174,19.5435,440,116800,0.255007,0.36,1,305571,305131,440
69276041,11.2035,12.7087,438,116800,0.323001,0.3,1,305580,305142,438
69278961,19.8407,19.3417,439,116800,0.2646,0.37,1,305602,305163,439
69281881,10.3681,9.46835,440,116800,0.30892,0.37,1,305610,305170,440
69284801,3.67363,5.09367,438,116800,0.317784,0.25,1,305612,305174,438
69287721,15.9347,17.8187,436,116800,0.279557,0.32,1,305631,305195,436
69290641,16.7869,17.9637,435,116800,0.319911,0.29,1,305648,305213,435
69293561,11.3574,8.39275,439,116800,0.351982,0.29,1,305658,305219,439
69296481,3.87148,3.27855,439,116800,0.358396,0.3,1,305660,305221,439
69299401,4.7743,5.45571,438,116800,0.287679,0.34,1,305665,305227,438
69302321,6.55486,7.49114,437,116800,0.345536,0.31,1,305672,305235,437
69305241,26.111,23.8982,440,116800,0.325107,0.31,1,305703,305263,440
69308161,6.82219,6.37965,440,116800,0.313021,0.34,1,305705,305265,440
69311081,13.3644,15.6759,437,116800,0.326604,0.3,1,305720,305283,437
69314001,11.4729,10.3352,439,116800,0.321321,0.39,1,305731,305292,439
69316921,7.89458,7.66704,439,116800,0.352264,0.32,1,305738,305299,439
69319841,15.1789,17.5334,436,116800,0.286453,0.33,1,305755,305319,436
69322761,8.63578,8.30668,437,116800,0.313291,0.43,1,305762,305325,437
69325681,16.9272,15.2613,439,116800,0.286658,0.36,1,305781,305342,439
69328601,8.18543,6.25227,441,116800,0.249332,0.36,1,305787,305346,441
69331521,4.83709,2.85045,443,116800,0.249866,0.35,1,305791,305348,443
69334441,50.5674,48.5701,445,116800,0.281973,0.44,1,305853,305408,445
69337361,14.9135,14.514,445,116800,0.304395,0.28,1,305859,305414,445
69340281,13.3827,19.7028,437,116800,0.324879,0.35,1,305872,305435,437
69343201,9.87654,8.74056,440,116800,0.224976,0.39,1,305881,305441,440
69346121,10.7753,9.74811,441,116800,0.348995,0.35,1,305892,305451,441
69349041,3.75506,5.14962,439,116800,0.373799,0.36,1,305894,305455,439
69351961,2.35101,2.62992,439,116800,0.34676,0.38,1,305896,305457,439
69354881,2.0702,3.72598,437,116800,0.309352,0.38,1,305898,305461,437
69357801,2.01404,2.3452,437,116800,0.26987,0.35,1,305900,305463,437
69360721,14.8028,13.269,439,116800,0.285974,0.31,1,305918,305479,439
69363641,4.56056,5.85381,437,116800,0.297195,0.27,1,305920,305483,437
69366561,2.51211,2.77076,437,116800,0.267439,0.31,1,305922,305485,437
69369481,6.10242,5.35415,438,116800,0.333488,0.32,1,305929,305491,438
69372401,26.0205,24.2708,440,116800,0.322698,0.29,1,305960,305520,440
69375321,6.8041,6.45417,440,116800,0.29654,0.25,1,305962,305522,440
69378241,2.96082,2.89083,440,116800,0.259308,0.33,1,305964,305524,440
69381161,10.9922,14.1782,436,116800,0.355862,0.29,1,305977,305541,436
69384081,5.39843,4.43563,438,116800,0.343172,0.22,1,305981,305543,438
69387001,4.27969,4.08713,438,116800,0.284634,0.26,1,305985,305547,438
69389921,20.0559,20.0174,438,116800,0.240927,0.34,1,306009,305571,438
69392841,12.0112,11.2035,439,116800,0.232185,0.25,1,306019,305580,439
69395761,20.0022,19.8407,439,116800,0.262437,0.32,1,306041,305602,439
69398681,8.80045,10.3681,437,116800,0.204487,0.32,1,306047,305610,437
69401601,4.16009,3.67363,438,116800,0.248897,0.27,1,306050,305612,438
69404521,17.632,15.9347,440,116800,0.24178,0.33,1,306071,305631,440
69407441,17.9264,16.7869,441,116800,0.312356,0.36,1,306089,305648,441
69410361,11.5853,11.3574,441,116800,0.342471,0.36,1,306099,305658,441
69413281,3.91706,3.87148,441,116800,0.348494,0.27,1,306101,305660,441
69416201,3.98341,4.7743,440,116800,0.301699,0.36,1,306105,305665,440
69419121,7.19668,6.55486,441,116800,0.32434,0.32,1,306113,305672,441
69422041,21.4393,26.111,435,116800,0.296868,0.31,1,306138,305703,435
69424961,5.88787,6.82219,435,116800,0.283374,0.33,1,306140,305705,435
69427881,15.5776,13.3644,438,116800,0.288675,0.32,1,306158,305720,438
69430801,13.5155,11.4729,440,116800,0.321735,0.36,1,306171,305731,440
69433721,7.5031,7.89458,439,116800,0.232347,0.27,1,306177,305738,439
69436641,11.9006,15.1789,435,116800,0.374469,0.32,1,306190,305755,435
69439561,10.3801,8.63578,438,116800,0.338894,0.28,1,306200,305762,438
69442481,14.876,16.9272,435,116800,0.355779,0.24,1,306216,305781,435
69445401,9.3752,8.18543,437,116800,0.351156,0.25,1,306224,305787,437
69448321,3.47504,4.83709,435,116800,0.342231,0.29,1,306226,305791,435
69451241,51.095,50.5674,436,116800,0.276446,0.31,1,306289,305853,436
69454161,17.419,14.9135,439,116800,0.335289,0.33,1,306298,305859,439
69457081,6.6838,13.3827,430,116800,0.339058,0.2,1,306302,305872,430
69460001,11.7368,9.87654,434,116800,0.307812,0.38,1,306315,305881,434
69462921,14.3474,10.7753,438,116800,0.125562,0.38,1,306330,305892,438
69465841,4.46947,3.75506,438,116800,0.257112,0.34,1,306332,305894,438
69468761,2.49389,2.35101,438,116800,0.275422,0.3,1,306334,305896,438
69471681,2.09878,2.0702,438,116800,0.255084,0.26,1,306336,305898,438
69474601,2.01976,2.01404,438,116800,0.219017,0.29,1,306338,305900,438
69477521,14.804,14.8028,438,116800,0.291803,0.3,1,306356,305918,438
69480441,4.56079,4.56056,438,116800,0.298361,0.26,1,306358,305920,438
69483361,4.11216,2.51211,440,116800,0.275672,0.35,1,306362,305922,440
69486281,2.42243,6.10242,435,116800,0.239134,0.32,1,306364,305929,435
69489201,25.2845,26.0205,435,116800,0.287827,0.29,1,306395,305960,435
69492121,11.4569,6.8041,441,116800,0.257565,0.25,1,306403,305962,441
69495041,3.89138,2.96082,441,116800,0.259513,0.38,1,306405,305964,441
69497961,5.57828,10.9922,434,116800,0.315903,0.34,1,306411,305977,434
69500881,2.71566,5.39843,432,116800,0.303181,0.27,1,306413,305981,432
69503801,6.94313,4.27969,436,116800,0.300636,0.23,1,306421,305985,436
69506721,20.5886,20.0559,436,116800,0.300127,0.23,1,306445,306009,436
69509641,16.1177,12.0112,441,116800,0.212025,0.27,1,306460,306019,441
69512561,20.0235,20.0022,440,116800,0.306405,0.19,1,306481,306041,440
69515481,8.80471,8.80045,440,116800,0.333281,0.26,1,306487,306047,440
69518401,3.36094,4.16009,439,116800,0.314656,0.24,1,306489,306050,439
69521321,15.8722,17.632,437,116800,0.326931,0.33,1,306508,306071,437
69524241,19.9744,17.9264,440,116800,0.377386,0.35,1,306529,306089,440
69527161,11.9949,11.5853,440,116800,0.307477,0.35,1,306539,306099,440
69530081,3.99898,3.91706,440,116800,0.349495,0.29,1,306541,306101,440
69533001,5.5998,3.98341,442,116800,0.333899,0.33,1,306547,306105,442
69535921,4.31996,7.19668,438,116800,0.34678,0.29,1,306551,306113,438
69538841,22.464,21.4393,440,116800,0.317356,0.28,1,306578,306138,440
69541761,6.0928,5.88787,440,116800,0.279471,0.29,1,306580,306140,440
69544681,15.6186,15.5776,440,116800,0.231894,0.33,1,306598,306158,440
69547601,13.5237,13.5155,440,116800,0.262379,0.21,1,306611,306171,440
69550521,8.30474,7.5031,441,116800,0.188476,0.41,1,306618,306177,441
69553441,9.66095,11.9006,438,116800,0.237695,0.33,1,306628,306190,438
69556361,10.7322,10.3801,439,116800,0.295539,0.36,1,306639,306200,439
69559281,14.1464,14.876,438,116800,0.275108,0.35,1,306654,306216,438
69562201,9.22929,9.3752,438,116800,0.239022,0.34,1,306662,306224,438
69565121,3.44586,3.47504,438,116800,0.231804,0.26,1,306664,306226,438
69568041,51.0892,51.095,438,116800,0.278361,0.35,1,306727,306289,438
69570961,17.4178,17.419,438,116800,0.279672,0.34,1,306736,306298,438
69573881,6.68357,6.6838,438,116800,0.311934,0.3,1,306740,306302,438
69576801,2.93671,11.7368,427,116800,0.310387,0.08,1,306742,306315,427
69579721,19.7873,14.3474,436,116800,0.142077,0.29,1,306766,306330,436
69582641,5.55747,4.46947,436,116800,0.228415,0.28,1,306768,306332,436
69585561,2.71149,2.49389,436,116800,0.213683,0.25,1,306770,306334,436
69588481,2.1423,2.09878,436,116800,0.186737,0.21,1,306772,306336,436
69591401,4.42846,2.01976,439,116800,0.157347,0.31,1,306777,306338,439
69594321,12.0857,14.804,435,116800,0.255469,0.3,1,306791,306356,435
69597241,9.61714,4.56079,442,116800,0.211094,0.27,1,306800,306358,442
69600161,3.52343,4.11216,440,116800,0.210219,0.23,1,306802,306362,440
69603081,2.30469,2.42243,440,116800,0.202044,0.3,1,306804,306364,440
69606001,22.0609,25.2845,436,116800,0.256409,0.25,1,306831,306395,436
69608921,12.4122,11.4569,438,116800,0.227282,0.26,1,306841,306403,438
69611841,4.08244,3.89138,438,116800,0.245456,0.33,1,306843,306405,438
69614761,5.61649,5.57828,438,116800,0.185091,0.3,1,306849,306411,438
69617681,4.3233,2.71566,440,116800,0.141018,0.3,1,306853,306413,440
69620601,5.66466,6.94313,438,116800,0.228204,0.3,1,306859,306421,438
69623521,17.9329,20.5886,435,116800,0.205641,0.19,1,306880,306445,435
69626441,18.7866,16.1177,439,116800,0.249128,0.33,1,306899,306460,439
69629361,17.3573,20.0235,435,116800,0.249826,0.34,1,306916,306481,435
69632281,12.2715,8.80471,440,116800,0.281965,0.31,1,306927,306487,440
69635201,4.05429,3.36094,440,116800,0.280393,0.33,1,306929,306489,440
69638121,14.4109,15.8722,438,116800,0.312079,0.39,1,306946,306508,438
69641041,18.0822,19.9744,436,116800,0.206416,0.29,1,306965,306529,436
69643961,13.2164,11.9949,438,116800,0.265283,0.36,1,306977,306539,438
69646881,5.84329,3.99898,440,116800,0.261057,0.33,1,306981,306541,440
69649801,4.36866,5.5998,438,116800,0.284211,0.35,1,306985,306547,438
69652721,4.07373,4.31996,438,116800,0.272842,0.31,1,306989,306551,438
69655641,16.0147,22.464,430,116800,0.326568,0.27,1,307008,306578,430
69658561,10.4029,6.0928,437,116800,0.273314,0.22,1,307017,306580,437
69661481,14.8806,15.6186,435,116800,0.302663,0.27,1,307033,306598,435
69664401,14.9761,13.5237,437,116800,0.292533,0.17,1,307048,306611,437
69667321,6.19522,8.30474,434,116800,0.314507,0.25,1,307052,306618,434
69670241,10.839,9.66095,436,116800,0.350901,0.31,1,307064,306628,436
69673161,6.96781,10.7322,431,116800,0.35818,0.27,1,307070,306639,431
69676081,17.3936,14.1464,436,116800,0.287636,0.23,1,307090,306654,436
69679001,11.4787,9.22929,438,116800,0.305527,0.23,1,307100,306662,438
69681921,3.89574,3.44586,438,116800,0.309105,0.29,1,307102,306664,438
69684841,48.7791,51.0892,435,116800,0.405821,0.28,1,307162,306727,435
69687761,17.7558,17.4178,436,116800,0.329164,0.32,1,307172,306736,436
69690681,7.55117,6.68357,437,116800,0.281833,0.31,1,307177,306740,437
69693601,3.11023,2.93671,437,116800,0.360367,0.1,1,307179,306742,437
69696521,13.422,19.7873,429,116800,0.304073,0.25,1,307195,306766,429
69699441,4.28441,5.55747,429,116800,0.284815,0.21,1,307197,306768,429
69702361,2.45688,2.71149,429,116800,0.256963,0.18,1,307199,306770,429
69705281,3.69138,2.1423,431,116800,0.187393,0.15,1,307203,306772,431
69708201,8.73828,4.42846,436,116800,0.301479,0.28,1,307213,306777,436
69711121,9.74765,12.0857,432,116800,0.332296,0.2,1,307223,306791,432
69714041,5.14953,9.61714,427,116800,0.338459,0.21,1,307227,306800,427
69716961,9.02991,3.52343,435,116800,0.339692,0.2,1,307237,306802,435
69719881,3.40598,2.30469,435,116800,0.339938,0.27,1,307239,306804,435
69722801,20.6812,22.0609,433,116800,0.331988,0.22,1,307264,306831,433
69725721,8.93624,12.4122,429,116800,0.274398,0.25,1,307270,306841,429
69728641,4.98725,4.08244,431,116800,0.31088,0.17,1,307274,306843,431
69731561,8.99745,5.61649,435,116800,0.326176,0.13,1,307284,306849,435
69734481,3.39949,4.3233,433,116800,0.329235,0.25,1,307286,306853,433
69737401,8.6799,5.66466,437,116800,0.313847,0.2,1,307296,306859,437
69740321,11.336,17.9329,428,116800,0.262769,0.26,1,307308,306880,428
69743241,21.4672,18.7866,433,116800,0.188554,0.25,1,307332,306899,433
69746161,19.4934,17.3573,435,116800,0.293711,0.29,1,307351,306916,435
69749081,9.49869,12.2715,431,116800,0.362742,0.28,1,307358,306927,431
69752001,5.09974,4.05429,433,116800,0.392548,0.32,1,307362,306929,433
69754921,13.0199,14.4109,431,116800,0.27851,0.18,1,307377,306946,431
69757841,21.004,18.0822,435,116800,0.239702,0.28,1,307400,306965,435
69760761,14.6008,13.2164,436,116800,0.23194,0.26,1,307413,306977,436
69763681,6.12016,5.84329,436,116800,0.302388,0.29,1,307417,306981,436
69766601,6.82403,4.36866,439,116800,0.252478,0.27,1,307424,306985,439
69769521,4.56481,4.07373,439,116800,0.314496,0.34,1,307428,306989,439
69772441,11.313,16.0147,433,116800,0.358899,0.26,1,307441,307008,433
69775361,10.2626,10.4029,434,116800,0.23978,0.31,1,307451,307017,434
69778281,18.0525,14.8806,438,116800,0.279956,0.29,1,307471,307033,438
69781201,13.2105,14.9761,435,116800,0.247991,0.32,1,307483,307048,435
69784121,10.6421,6.19522,441,116800,0.321598,0.36,1,307493,307052,441
69787041,10.1284,10.839,439,116800,0.25632,0.36,1,307503,307064,439
69789961,3.62568,6.96781,435,116800,0.331264,0.27,1,307505,307070,435
69792881,19.1251,17.3936,438,116800,0.322253,0.31,1,307528,307090,438
69795801,13.425,11.4787,440,116800,0.352451,0.31,1,307540,307100,440
69798721,4.28501,3.89574,440,116800,0.34249,0.43,1,307542,307102,440
69801641,45.657,48.7791,436,116800,0.268498,0.31,1,307598,307162,436
69804561,19.5314,17.7558,439,116800,0.3017,0.27,1,307611,307172,439
69807481,9.50628,7.55117,441,116800,0.33234,0.38,1,307618,307177,441
69810401,3.50126,3.11023,441,116800,0.346468,0.29,1,307620,307179,441
69813321,11.9003,13.422,439,116800,0.309294,0.28,1,307634,307195,439
69816241,3.98005,4.28441,439,116800,0.277859,0.25,1,307636,307197,439
69819161,3.99601,2.45688,441,116800,0.231572,0.17,1,307640,307199,441
69822081,2.3992,3.69138,439,116800,0.182314,0.33,1,307642,307203,439
69825001,9.27984,8.73828,440,116800,0.292463,0.34,1,307653,307213,440
69827921,8.25597,9.74765,438,116800,0.186493,0.34,1,307661,307223,438
69830841,5.65119,5.14953,439,116800,0.317299,0.34,1,307666,307227,439
69833761,10.7302,9.02991,441,116800,0.35146,0.34,1,307678,307237,441
69836681,3.74605,3.40598,441,116800,0.318292,0.33,1,307680,307239,441
69839601,20.7492,20.6812,441,116800,0.303658,0.26,1,307705,307264,441
69842521,7.34984,8.93624,439,116800,0.276732,0.32,1,307709,307270,439
69845441,4.66997,4.98725,439,116800,0.319346,0.33,1,307713,307274,439
69848361,8.93399,8.99745,439,116800,0.263869,0.33,1,307723,307284,439
69851281,3.3868,3.39949,439,116800,0.252774,0.31,1,307725,307286,439
69854201,4.67736,8.6799,434,116800,0.274555,0.25,1,307730,307296,434
69857121,12.1355,11.336,436,116800,0.294911,0.17,1,307744,307308,436
69860041,20.8271,21.4672,435,116800,0.210982,0.32,1,307767,307332,435
69862961,22.5654,19.4934,439,116800,0.282196,0.38,1,307790,307351,439
69865881,6.91308,9.49869,435,116800,0.280439,0.4,1,307793,307358,435
69868801,4.58262,5.09974,435,116800,0.272088,0.25,1,307797,307362,435
69871721,14.5165,13.0199,437,116800,0.246418,0.23,1,307814,307377,437
69874641,19.7033,21.004,435,116800,0.321284,0.23,1,307835,307400,435
69877561,12.7407,14.6008,433,116800,0.336257,0.32,1,307846,307413,433
69880481,9.74813,6.12016,438,116800,0.347251,0.24,1,307855,307417,438
69883401,5.14963,6.82403,435,116800,0.32545,0.33,1,307859,307424,435
69886321,6.62993,4.56481,438,116800,0.28909,0.37,1,307866,307428,438
69889241,6.92598,11.313,432,116800,0.369818,0.21,1,307873,307441,432
69892161,8.5852,10.2626,431,116800,0.361964,0.29,1,307882,307451,431
69895081,20.917,18.0525,435,116800,0.256393,0.24,1,307906,307471,435
69898001,16.1834,13.2105,438,116800,0.307279,0.34,1,307921,307483,438
69900921,8.83668,10.6421,435,116800,0.245456,0.24,1,307928,307493,435
69903841,12.9673,10.1284,439,116800,0.289091,0.35,1,307942,307503,439
69906761,4.19347,3.62568,439,116800,0.265818,0.32,1,307944,307505,439
69909681,15.2387,19.1251,434,116800,0.277164,0.36,1,307962,307528,434
69912601,13.4477,13.425,435,116800,0.311433,0.34,1,307975,307540,435
69915521,5.88955,4.28501,437,116800,0.302287,0.25,1,307979,307542,437
69918441,47.5779,45.657,439,116800,0.212457,0.31,1,308037,307598,439
69921361,19.1156,19.5314,438,116800,0.330491,0.34,1,308049,307611,438
69924281,8.62312,9.50628,437,116800,0.330098,0.35,1,308055,307618,437
69927201,4.92462,3.50126,439,116800,0.37002,0.3,1,308059,307620,439
69930121,4.18492,11.9003,429,116800,0.346004,0.27,1,308063,307634,429
69933041,9.63699,3.98005,438,116800,0.317201,0.22,1,308074,307636,438
69935961,3.5274,3.99601,436,116800,0.27944,0.17,1,308076,307640,436
69938881,2.30548,2.3992,436,116800,0.239888,0.32,1,308078,307642,436
69941801,10.8611,9.27984,438,116800,0.327978,0.16,1,308091,307653,438
69944721,7.77222,8.25597,437,116800,0.241596,0.35,1,308098,307661,437
69947641,3.15444,5.65119,434,116800,0.192319,0.36,1,308100,307666,434
69950561,8.63089,10.7302,432,116800,0.318464,0.31,1,308110,307678,432
69953481,3.32618,3.74605,432,116800,0.343693,0.3,1,308112,307680,432
69956401,24.6652,20.7492,437,116800,0.292739,0.27,1,308142,307705,437
69959321,6.53305,7.34984,435,116800,0.306548,0.33,1,308144,307709,435
69962241,4.50661,4.66997,435,116800,0.27731,0.25,1,308148,307713,435
69965161,8.90132,8.93399,435,116800,0.191462,0.25,1,308158,307723,435
69968081,3.38026,3.3868,435,116800,0.174292,0.28,1,308160,307725,435
69971001,5.47605,4.67736,436,116800,0.266858,0.3,1,308166,307730,436
69973921,13.8952,12.1355,438,116800,0.253372,0.19,1,308182,307744,438
69976841,17.979,20.8271,434,116800,0.250674,0.3,1,308201,307767,434
69979761,25.9958,22.5654,439,116800,0.306135,0.28,1,308229,307790,439
69982681,8.39916,6.91308,440,116800,0.293227,0.27,1,308233,307793,440
69985601,3.27983,4.58262,438,116800,0.258645,0.24,1,308235,307797,438
69988521,14.256,14.5165,438,116800,0.323729,0.34,1,308252,307814,438
69991441,16.4512,19.7033,434,116800,0.296746,0.34,1,308269,307835,434
69994361,16.0902,12.7407,439,116800,0.227349,0.35,1,308285,307846,439
69997281,8.01805,9.74813,436,116800,0.24547,0.32,1,308291,307855,436
70000201,5.60361,5.14963,437,116800,0.281094,0.28,1,308296,307859,437
70003121,7.52072,6.62993,438,116800,0.320219,0.39,1,308304,307866,438
70006041,7.90414,6.92598,439,116800,0.264044,0.36,1,308312,307873,439
70008961,8.78083,8.5852,439,116800,0.276809,0.23,1,308321,307882,439
70011881,16.1562,20.917,433,116800,0.303362,0.32,1,308339,307906,433
70014801,18.4312,16.1834,437,116800,0.236672,0.23,1,308358,307921,437
70017721,10.0862,8.83668,438,116800,0.231334,0.3,1,308366,307928,438
70020641,14.8172,12.9673,440,116800,0.270267,0.26,1,308382,307942,440
70023561,4.56345,4.19347,440,116800,0.302053,0.28,1,308384,307944,440
70026481,14.5127,15.2387,439,116800,0.316411,0.32,1,308401,307962,439
70029401,10.1025,13.4477,435,116800,0.263282,0.3,1,308410,307975,435
70032321,6.82051,5.88955,437,116800,0.284656,0.19,1,308416,307979,437
70035241,48.5641,47.5779,438,116800,0.104931,0.36,1,308475,308037,438
70038161,21.7128,19.1156,441,116800,0.172986,0.33,1,308490,308049,441
70041081,9.14256,8.62312,441,116800,0.258597,0.38,1,308496,308055,441
70044001,3.42851,4.92462,439,116800,0.251719,0.34,1,308498,308059,439
70046921,2.2857,4.18492,437,116800,0.218344,0.31,1,308500,308063,437
70049841,4.45714,9.63699,431,116800,0.259669,0.27,1,308505,308074,431
70052761,2.49143,3.5274,431,116800,0.275934,0.23,1,308507,308076,431
70055681,9.29829,2.30548,440,116800,0.239187,0.35,1,308518,308078,440
70058601,5.05966,10.8611,431,116800,0.191837,0.22,1,308522,308091,431
70061521,13.0119,7.77222,439,116800,0.262367,0.18,1,308537,308098,439
70064441,4.20239,3.15444,439,116800,0.244474,0.35,1,308539,308100,439
70067361,2.44048,8.63089,431,116800,0.200895,0.35,1,308541,308110,431
70070281,3.6881,3.32618,433,116800,0.280179,0.28,1,308545,308112,433
70073201,23.9376,24.6652,432,116800,0.248036,0.31,1,308574,308142,432
70076121,6.38752,6.53305,432,116800,0.233607,0.27,1,308576,308144,432
70079041,2.8775,4.50661,430,116800,0.254721,0.17,1,308578,308148,430
70081961,11.7755,8.90132,434,116800,0.306944,0.17,1,308592,308158,434
70084881,3.9551,3.38026,434,116800,0.349389,0.29,1,308594,308160,434
70087801,6.39102,5.47605,435,116800,0.301878,0.25,1,308601,308166,435
70090721,12.4782,13.8952,433,116800,0.348376,0.25,1,308615,308182,433
70093641,12.8956,17.979,427,116800,0.285675,0.32,1,308628,308201,427
70096561,34.5791,25.9958,439,116800,0.289135,0.29,1,308668,308229,439
70099481,8.51583,8.39916,437,116800,0.265827,0.25,1,308670,308233,437
70102401,3.30316,3.27983,437,116800,0.229165,0.34,1,308672,308235,437
70105321,9.46063,14.256,431,116800,0.309833,0.29,1,308683,308252,431
70108241,19.4921,16.4512,436,116800,0.221967,0.21,1,308705,308269,436
70111161,15.8984,16.0902,435,116800,0.300393,0.25,1,308720,308285,435
70114081,7.97969,8.01805,435,116800,0.276079,0.29,1,308726,308291,435
70117001,7.19594,5.60361,437,116800,0.303216,0.33,1,308733,308296,437
70119921,4.63919,7.52072,433,116800,0.348643,0.25,1,308737,308304,433
70122841,9.72784,7.90414,436,116800,0.381729,0.28,1,308748,308312,436
70125761,10.7456,8.78083,438,116800,0.356346,0.31,1,308759,308321,438
70128681,14.9491,16.1562,436,116800,0.303269,0.22,1,308775,308339,436
70131601,14.9898,18.4312,432,116800,0.324654,0.23,1,308790,308358,432
70134521,6.19796,10.0862,428,116800,0.304931,0.28,1,308794,308366,428
70137441,18.8396,14.8172,434,116800,0.316986,0.31,1,308816,308382,434
70140361,5.36792,4.56345,434,116800,0.327397,0.32,1,308818,308384,434
70143281,13.8736,14.5127,433,116800,0.329479,0.25,1,308834,308401,433
70146201,8.37472,10.1025,431,116800,0.401896,0.29,1,308841,308410,431
70149121,8.87494,6.82051,434,116800,0.320379,0.06,1,308850,308416,434
70152041,49.775,48.5641,435,116800,0.232076,0.19,1,308910,308475,435
70154961,20.355,21.7128,433,116800,0.334415,0.28,1,308923,308490,433
70157881,10.471,9.14256,435,116800,0.362883,0.25,1,308931,308496,435
70160801,3.6942,3.42851,435,116800,0.368577,0.21,1,308933,308498,435
70163721,2.33884,2.2857,435,116800,0.369715,0.27,1,308935,308500,435
70166641,2.06777,4.45714,432,116800,0.345943,0.28,1,308937,308505,432
70169561,2.01355,2.49143,432,116800,0.365189,0.23,1,308939,308507,432
70172481,8.40271,9.29829,431,116800,0.393038,0.18,1,308949,308518,431
70175401,9.68054,5.05966,437,116800,0.262608,0.28,1,308959,308522,437
70178321,14.7361,13.0119,438,116800,0.292522,0.24,1,308975,308537,438
70181241,4.54722,4.20239,438,116800,0.290504,0.19,1,308977,308539,438
70184161,4.10944,2.44048,440,116800,0.290101,0.3,1,308981,308541,440
70187081,2.42189,3.6881,438,116800,0.32202,0.24,1,308983,308545,438
70190001,22.0844,23.9376,436,116800,0.352404,0.23,1,309010,308574,436
70192921,9.21688,6.38752,440,116800,0.310481,0.26,1,309016,308576,440
70195841,3.44338,2.8775,440,116800,0.302096,0.32,1,309018,308578,440
70198761,8.68867,11.7755,436,116800,0.220419,0.36,1,309028,308592,436
70201681,3.33773,3.9551,436,116800,0.228084,0.29,1,309030,308594,436
70204601,7.06755,6.39102,437,116800,0.309617,0.36,1,309038,308601,437
70207521,11.0135,12.4782,435,116800,0.245923,0.27,1,309050,308615,435
70210441,11.8027,12.8956,434,116800,0.297185,0.29,1,309062,308628,434
70213361,35.9605,34.5791,436,116800,0.267437,0.26,1,309104,308668,436
70216281,8.79211,8.51583,436,116800,0.261487,0.22,1,309106,308670,436
70219201,3.35842,3.30316,436,116800,0.340297,0.33,1,309108,308672,436
70222121,10.2717,9.46063,437,116800,0.300059,0.2,1,309120,308683,437
70225041,22.0543,19.4921,440,116800,0.268012,0.32,1,309145,308705,440
70227961,15.6109,15.8984,439,116800,0.333602,0.27,1,309159,308720,439
70230881,6.32217,7.97969,437,116800,0.29072,0.31,1,309163,308726,437
70233801,9.26443,7.19594,440,116800,0.322144,0.36,1,309173,308733,440
70236721,5.05289,4.63919,440,116800,0.328429,0.39,1,309177,308737,440
70239641,9.01058,9.72784,439,116800,0.369686,0.35,1,309187,308748,439
70242561,11.4021,10.7456,440,116800,0.321937,0.29,1,309199,308759,440
70245481,14.2804,14.9491,439,116800,0.360387,0.33,1,309214,308775,439
70248401,10.0561,14.9898,433,116800,0.240077,0.3,1,309223,308790,433
70251321,8.41122,6.19796,437,116800,0.320015,0.32,1,309231,308794,437
70254241,20.0822,18.8396,438,116800,0.288003,0.33,1,309254,308816,438
70257161,5.61645,5.36792,438,116800,0.345601,0.33,1,309256,308818,438
70260081,15.5233,13.8736,440,116800,0.33312,0.42,1,309274,308834,440
70263001,4.70466,8.37472,435,116800,0.362624,0.3,1,309276,308841,435
70265921,9.74093,8.87494,437,116800,0.360525,0.21,1,309287,308850,437
70268841,51.5482,49.775,439,116800,0.320105,0.36,1,309349,308910,439
70271761,23.1096,20.355,442,116800,0.328021,0.37,1,309365,308923,442
70274681,11.0219,10.471,442,116800,0.289604,0.37,1,309373,308931,442
70277601,3.80439,3.6942,442,116800,0.281921,0.37,1,309375,308933,442
70280521,2.36088,2.33884,442,116800,0.280384,0.34,1,309377,308935,442
70283441,2.07218,2.06777,442,116800,0.272077,0.37,1,309379,308937,442
70285281,1.21444,2.01355,441,116800,0.262415,0.4,1,309380,308939,441
70288201,1.84289,8.40271,433,116800,0.260483,0.23,1,309382,308949,433
70291121,9.16858,9.68054,434,116800,0.372097,0.3,1,309393,308959,434
70294041,19.4337,14.7361,440,116800,0.346419,0.29,1,309415,308975,440
70296961,5.48674,4.54722,440,116800,0.333284,0.29,1,309417,308977,440
70299881,4.29735,4.10944,440,116800,0.330657,0.33,1,309421,308981,440
70302801,2.45947,2.42189,440,116800,0.378131,0.36,1,309423,308983,440
70305721,18.8919,22.0844,436,116800,0.339626,0.3,1,309446,309010,436
70308641,5.37838,9.21688,432,116800,0.299925,0.3,1,309448,309016,432
70311561,2.67568,3.44338,432,116800,0.307985,0.2,1,309450,309018,432
70314481,14.1351,8.68867,439,116800,0.357597,0.23,1,309467,309028,439
70317401,4.42703,3.33773,439,116800,0.335519,0.33,1,309469,309030,439
70320321,2.48541,7.06755,433,116800,0.331104,0.23,1,309471,309038,433
70323241,14.8971,11.0135,439,116800,0.322221,0.31,1,309489,309050,439
70326161,13.3794,11.8027,440,116800,0.352444,0.26,1,309502,309062,440
70329081,32.2759,35.9605,435,116800,0.350489,0.26,1,309539,309104,435
70332001,8.05518,8.79211,435,116800,0.350098,0.36,1,309541,309106,435
70334921,4.01104,3.35842,436,116800,0.31002,0.29,1,309544,309108,436
70337841,15.2022,10.2717,442,116800,0.302004,0.26,1,309562,309120,442
70340761,22.2404,22.0543,441,116800,0.308401,0.35,1,309586,309145,441
70343681,10.0481,15.6109,434,116800,0.34168,0.28,1,309593,309159,434
70346601,10.0096,6.32217,440,116800,0.356336,0.33,1,309603,309163,440
70349521,7.60192,9.26443,437,116800,0.287267,0.33,1,309610,309173,437
70352441,7.92038,5.05289,441,116800,0.305453,0.38,1,309618,309177,441
70355361,7.18408,9.01058,438,116800,0.341091,0.31,1,309625,309187,438
70358281,12.6368,11.4021,440,116800,0.404218,0.37,1,309639,309199,440
70361201,10.5274,14.2804,435,116800,0.360844,0.21,1,309649,309214,435
70364121,10.9055,10.0561,437,116800,0.336169,0.34,1,309660,309223,437
70367041,9.38109,8.41122,438,116800,0.323234,0.28,1,309669,309231,438
70369961,21.8762,20.0822,440,116800,0.376647,0.36,1,309694,309254,440
70372881,5.97524,5.61645,440,116800,0.355329,0.33,1,309696,309256,440
70375801,16.395,15.5233,441,116800,0.375066,0.37,1,309715,309274,441
70378721,4.87901,4.70466,441,116800,0.411013,0.36,1,309717,309276,441
70381641,7.3758,9.74093,438,116800,0.370203,0.31,1,309725,309287,438
70384561,44.6752,51.5482,430,116800,0.410041,0.33,1,309779,309349,430
70387481,27.335,23.1096,437,116800,0.362008,0.28,1,309802,309365,437
70390401,10.267,11.0219,435,116800,0.392402,0.28,1,309808,309373,435
70393321,5.2534,3.80439,437,116800,0.36648,0.28,1,309812,309375,437
70396241,5.85068,2.36088,441,116800,0.345296,0.27,1,309818,309377,441
70399161,2.77014,2.07218,441,116800,0.349059,0.26,1,309820,309379,441
70402081,2.15403,1.21444,442,116800,0.317812,0.26,1,309822,309380,442
70404881,2.03081,1.84289,442,116800,0.327562,0.4,1,309824,309382,442
70407801,5.20616,9.16858,437,116800,0.361512,0.34,1,309830,309393,437
70410721,22.6412,19.4337,442,116800,0.280302,0.33,1,309857,309415,442
70413641,6.12825,5.48674,442,116800,0.232061,0.33,1,309859,309417,442
70416561,2.82565,4.29735,440,116800,0.190412,0.39,1,309861,309421,440
70419481,3.76513,2.45947,442,116800,0.294082,0.33,1,309865,309423,442
70422401,19.153,18.8919,442,116800,0.370816,0.29,1,309888,309446,442
70425321,5.4306,5.37838,442,116800,0.354163,0.31,1,309890,309448,442
70428241,2.68612,2.67568,442,116800,0.318833,0.37,1,309892,309450,442
70431161,10.9372,14.1351,438,116800,0.351767,0.33,1,309905,309467,438
70434081,3.78744,4.42703,438,116800,0.326353,0.33,1,309907,309469,438
70437001,2.35749,2.48541,438,116800,0.345271,0.32,1,309909,309471,438
70439921,17.2715,14.8971,441,116800,0.309054,0.36,1,309930,309489,441
70442841,10.6543,13.3794,437,116800,0.325811,0.35,1,309939,309502,437
70445761,30.1309,32.2759,435,116800,0.305162,0.35,1,309974,309539,435
70448681,8.42617,8.05518,436,116800,0.309032,0.3,1,309977,309541,436
70451601,4.88523,4.01104,437,116800,0.365806,0.3,1,309981,309544,437
70454521,13.777,15.2022,435,116800,0.401161,0.31,1,309997,309562,435
70457441,26.7554,22.2404,441,116800,0.352232,0.35,1,310027,309586,441
70460361,10.9511,10.0481,441,116800,0.334446,0.36,1,310034,309593,441
70463281,10.1902,10.0096,441,116800,0.266889,0.27,1,310044,309603,441
70466201,7.63804,7.60192,441,116800,0.309378,0.31,1,310051,309610,441
70469121,4.72761,7.92038,437,116800,0.293876,0.35,1,310055,309618,437
70472041,7.34552,7.18408,438,116800,0.346775,0.42,1,310063,309625,438
70474961,15.8691,12.6368,442,116800,0.309355,0.35,1,310081,309639,442
70477881,7.97382,10.5274,438,116800,0.293871,0.33,1,310087,309649,438
70480801,9.59476,10.9055,437,116800,0.346774,0.32,1,310097,309660,437
70483721,11.519,9.38109,440,116800,0.373355,0.39,1,310109,309669,440
70486641,24.7038,21.8762,443,116800,0.290671,0.35,1,310137,309694,443
70489561,6.54076,5.97524,443,116800,0.242134,0.38,1,310139,309696,443
70492481,14.1082,16.395,440,116800,0.304427,0.42,1,310155,309715,440
70495401,4.42163,4.87901,440,116800,0.356885,0.36,1,310157,309717,440
70498321,7.28433,7.3758,440,116800,0.335377,0.42,1,310165,309725,440
70501241,45.4569,44.6752,441,116800,0.203075,0.35,1,310220,309779,441
70504161,25.8914,27.335,439,116800,0.352615,0.4,1,310241,309802,439
70507081,9.97827,10.267,439,116800,0.406523,0.36,1,310247,309808,439
70510001,5.19565,5.2534,439,116800,0.417305,0.34,1,310251,309812,439
70512921,4.23913,5.85068,437,116800,0.395461,0.35,1,310255,309818,437
70515841,5.64783,2.77014,441,116800,0.343092,0.31,1,310261,309820,441
70518761,2.72957,2.15403,441,116800,0.332618,0.33,1,310263,309822,441
70521681,2.14591,2.03081,441,116800,0.298524,0.37,1,310265,309824,441
70524601,2.02918,5.20616,437,116800,0.339705,0.26,1,310267,309830,437
70527521,25.2058,22.6412,441,116800,0.195941,0.22,1,310298,309857,441
70530441,6.64117,6.12825,441,116800,0.231188,0.18,1,310300,309859,441
70533361,2.92823,2.82565,441,116800,0.262238,0.32,1,310302,309861,441
70536281,2.18565,3.76513,439,116800,0.236448,0.39,1,310304,309865,439
70539201,19.6371,19.153,440,116800,0.351289,0.35,1,310328,309888,440
70542121,5.52743,5.4306,440,116800,0.342258,0.31,1,310330,309890,440
70545041,2.70549,2.68612,440,116800,0.324452,0.36,1,310332,309892,440
70547961,6.9411,10.9372,435,116800,0.36889,0.32,1,310340,309905,435
70550881,4.58822,3.78744,437,116800,0.377778,0.35,1,310344,309907,437
70553801,4.11764,2.35749,439,116800,0.371556,0.3,1,310348,309909,439
70556721,16.8235,17.2715,438,116800,0.290311,0.33,1,310368,309930,438
70559641,9.76471,10.6543,437,116800,0.282062,0.3,1,310376,309939,437
70562561,30.7529,30.1309,438,116800,0.296412,0.31,1,310412,309974,438
70565481,7.75059,8.42617,437,116800,0.283282,0.38,1,310414,309977,437
70568401,5.55012,4.88523,438,116800,0.312656,0.41,1,310419,309981,438
70571321,17.11,13.777,442,116800,0.302531,0.34,1,310439,309997,442
70574241,26.622,26.7554,441,116800,0.284506,0.33,1,310468,310027,441
70577161,6.9244,10.9511,436,116800,0.288901,0.25,1,310470,310034,436
70580081,9.38488,10.1902,436,116800,0.28978,0.32,1,310480,310044,436
70583001,11.477,7.63804,441,116800,0.217956,0.29,1,310492,310051,441
70585921,5.4954,4.72761,441,116800,0.267591,0.36,1,310496,310055,441
70588841,6.69908,7.34552,440,116800,0.317518,0.3,1,310503,310063,440
70591761,15.7398,15.8691,440,116800,0.271504,0.29,1,310521,310081,440
70594681,7.94796,7.97382,440,116800,0.294301,0.36,1,310527,310087,440
70597601,10.3896,9.59476,441,116800,0.34686,0.38,1,310538,310097,441
70600521,8.47792,11.519,437,116800,0.309372,0.27,1,310546,310109,437
70603441,26.4956,24.7038,440,116800,0.293874,0.23,1,310577,310137,440
70606361,6.89912,6.54076,440,116800,0.258775,0.32,1,310579,310139,440
70609281,13.3798,14.1082,439,116800,0.307755,0.37,1,310594,310155,439
70612201,5.87596,4.42163,441,116800,0.301551,0.33,1,310598,310157,441
70615121,4.37519,7.28433,437,116800,0.30831,0.17,1,310602,310165,437
70618041,46.475,45.4569,439,116800,0.189662,0.39,1,310659,310220,439
70620961,28.495,25.8914,442,116800,0.181932,0.42,1,310683,310241,442
70623881,8.899,9.97827,440,116800,0.108386,0.42,1,310687,310247,440
70626801,3.3798,5.19565,438,116800,0.109677,0.39,1,310689,310251,438
70629721,2.27596,4.23913,436,116800,0.285935,0.33,1,310691,310255,436
70632641,4.45519,5.64783,435,116800,0.329187,0.33,1,310696,310261,435
70635561,4.09104,2.72957,437,116800,0.329837,0.29,1,310700,310263,437
70638481,2.41821,2.14591,437,116800,0.329967,0.35,1,310702,310265,437
70641401,2.08364,2.02918,437,116800,0.297994,0.16,1,310704,310267,437
70644321,20.4167,25.2058,431,116800,0.211599,0.24,1,310729,310298,431
70647241,7.28335,6.64117,433,116800,0.25832,0.27,1,310733,310300,433
70650161,3.05667,2.92823,433,116800,0.235664,0.23,1,310735,310302,433
70653081,7.81133,2.18565,440,116800,0.255133,0.38,1,310744,310304,440
70656001,20.7623,19.6371,440,116800,0.291027,0.34,1,310768,310328,440
70658921,5.75245,5.52743,440,116800,0.266205,0.32,1,310770,310330,440
70661841,2.75049,2.70549,440,116800,0.221241,0.38,1,310772,310332,440
70664761,5.3501,6.9411,438,116800,0.156248,0.38,1,310778,310340,438
70667681,2.67002,4.58822,436,116800,0.15125,0.37,1,310780,310344,436
70670601,3.734,4.11764,436,116800,0.27025,0.27,1,310784,310348,436
70673521,17.5468,16.8235,437,116800,0.19005,0.28,1,310805,310368,437
70676441,9.10936,9.76471,436,116800,0.22201,0.3,1,310812,310376,436
70679361,32.2219,30.7529,438,116800,0.244402,0.28,1,310850,310412,438
70682281,9.64437,7.75059,440,116800,0.19288,0.32,1,310854,310414,440
70685201,3.52887,5.55012,437,116800,0.230576,0.3,1,310856,310419,437
70688121,18.3058,17.11,439,116800,0.262115,0.28,1,310878,310439,439
70691041,26.0612,26.622,438,116800,0.236423,0.29,1,310906,310468,438
70693961,6.81223,6.9244,438,116800,0.271285,0.29,1,310908,310470,438
70696881,4.56245,9.38488,432,116800,0.230257,0.2,1,310912,310480,432
70699801,15.3125,11.477,438,116800,0.318051,0.28,1,310930,310492,438
70702721,6.2625,5.4954,438,116800,0.27161,0.33,1,310934,310496,438
70705641,7.6525,6.69908,439,116800,0.286322,0.26,1,310942,310503,439
70708561,11.1305,15.7398,433,116800,0.257264,0.3,1,310954,310521,433
70711481,11.0261,7.94796,438,116800,0.203453,0.36,1,310965,310527,438
70714401,8.60522,10.3896,435,116800,0.264691,0.3,1,310973,310538,435
70717321,11.321,8.47792,439,116800,0.260938,0.29,1,310985,310546,439
70720241,22.2642,26.4956,433,116800,0.172188,0.25,1,311010,310577,433
70723161,10.8528,6.89912,439,116800,0.210438,0.32,1,311018,310579,439
70726081,12.5706,13.3798,437,116800,0.306087,0.3,1,311031,310594,437
70729001,5.71411,5.87596,437,116800,0.325217,0.31,1,311035,310598,437
70731921,4.34282,4.37519,437,116800,0.329044,0.16,1,311039,310602,437
70734841,45.6686,46.475,436,116800,0.265809,0.18,1,311095,310659,436
70737761,29.9337,28.495,438,116800,0.221162,0.09,1,311121,310683,438
70740681,9.18674,8.899,438,116800,0.172232,0.11,1,311125,310687,438
70743601,3.43735,3.3798,438,116800,0.130446,0.33,1,311127,310689,438
70746521,2.28747,2.27596,438,116800,0.242089,0.34,1,311129,310691,438
70748081,1.25749,4.45519,434,116800,0.272418,0.33,1,311130,310696,434
70751001,5.0515,4.09104,436,116800,0.286484,0.33,1,311136,310700,436
70753921,2.6103,2.41821,436,116800,0.289297,0.29,1,311138,310702,436
70756841,2.12206,2.08364,436,116800,0.289859,0.19,1,311140,310704,436
70759761,18.8244,20.4167,434,116800,0.257972,0.27,1,311163,310729,434
70762681,6.96488,7.28335,434,116800,0.179594,0.23,1,311167,310733,434
70765601,2.99298,3.05667,434,116800,0.139919,0.26,1,311169,310735,434
70768521,3.7986,7.81133,429,116800,0.195984,0.3,1,311173,310744,429
70771441,19.9597,20.7623,429,116800,0.279197,0.26,1,311197,310768,429
70774361,5.59194,5.75245,429,116800,0.295839,0.21,1,311199,310770,429
70777281,8.31839,2.75049,436,116800,0.339168,0.14,1,311208,310772,436
70780201,6.46368,5.3501,436,116800,0.299834,0.15,1,311214,310778,436
70783121,2.89274,2.67002,436,116800,0.259967,0.3,1,311216,310780,436
70786041,2.17855,3.734,434,116800,0.307993,0.17,1,311218,310784,434
70788961,15.6357,17.5468,432,116800,0.253599,0.23,1,311237,310805,432
70791881,11.1271,9.10936,435,116800,0.16272,0.25,1,311247,310812,435
70794801,31.0254,32.2219,433,116800,0.224544,0.18,1,311283,310850,433
70797721,7.80509,9.64437,431,116800,0.204909,0.24,1,311285,310854,431
70800641,3.16102,3.52887,431,116800,0.256982,0.27,1,311287,310856,431
70803561,17.4322,18.3058,430,116800,0.283396,0.23,1,311308,310878,430
70806481,28.2864,26.0612,433,116800,0.256679,0.28,1,311339,310906,433
70809401,8.85729,6.81223,435,116800,0.275336,0.22,1,311343,310908,435
70812321,4.97146,4.56245,435,116800,0.231067,0.34,1,311347,310912,435
70815241,12.1943,15.3125,431,116800,0.286213,0.26,1,311361,310930,431
70818161,10.4389,6.2625,437,116800,0.225243,0.29,1,311371,310934,437
70821081,6.88777,7.6525,435,116800,0.205049,0.25,1,311377,310942,435
70824001,7.77755,11.1305,431,116800,0.27301,0.19,1,311385,310954,431
70826921,15.1555,11.0261,437,116800,0.182602,0.28,1,311402,310965,437
70829841,7.8311,8.60522,435,116800,0.11652,0.26,1,311408,310973,435
70832761,9.56622,11.321,433,116800,0.255304,0.15,1,311418,310985,433
70835681,22.7132,22.2642,434,116800,0.259061,0.22,1,311444,311010,434
70838601,14.9426,10.8528,439,116800,0.267812,0.33,1,311457,311018,439
70841521,13.3885,12.5706,439,116800,0.261562,0.33,1,311470,311031,439
70844441,4.27771,5.71411,437,116800,0.268312,0.33,1,311472,311035,437
70847361,4.05554,4.34282,437,116800,0.269662,0.25,1,311476,311039,437
70850281,44.0111,45.6686,435,116800,0.213932,0.21,1,311530,311095,435
70853201,30.4022,29.9337,436,116800,0.258786,0.16,1,311557,311121,436
70856121,9.28044,9.18674,436,116800,0.203757,0.12,1,311561,311125,436
70859041,3.45609,3.43735,436,116800,0.160751,0.27,1,311563,311127,436
70861961,2.29122,2.28747,436,116800,0.31215,0.28,1,311565,311129,436
70864881,2.05824,1.25749,437,116800,0.31843,0.29,1,311567,311130,437
70867801,2.01165,5.0515,433,116800,0.319686,0.29,1,311569,311136,433
70870721,2.00233,2.6103,433,116800,0.311937,0.29,1,311571,311138,433
70873641,3.60047,2.12206,435,116800,0.302387,0.25,1,311575,311140,435
70876561,17.5201,18.8244,433,116800,0.164477,0.16,1,311596,311163,433
70879481,8.30402,6.96488,435,116800,0.200896,0.13,1,311602,311167,435
70882401,3.2608,2.99298,435,116800,0.176179,0.21,1,311604,311169,435
70885321,5.45216,3.7986,437,116800,0.227236,0.3,1,311610,311173,437
70888241,21.0904,19.9597,438,116800,0.181447,0.3,1,311635,311197,438
70891161,5.81809,5.59194,438,116800,0.188289,0.35,1,311637,311199,438
70894081,9.16362,8.31839,439,116800,0.253658,0.29,1,311647,311208,439
70897001,6.63272,6.46368,439,116800,0.274732,0.25,1,311653,311214,439
70899921,2.92654,2.89274,439,116800,0.246946,0.32,1,311655,311216,439
70902841,2.18531,2.17855,439,116800,0.217389,0.24,1,311657,311218,439
70905761,9.23706,15.6357,431,116800,0.299478,0.14,1,311668,311237,431
70908681,11.4474,11.1271,433,116800,0.227896,0.24,1,311680,311247,433
70911601,34.2895,31.0254,437,116800,0.189579,0.2,1,311720,311283,437
70914521,8.4579,7.80509,437,116800,0.149916,0.27,1,311722,311285,437
70917441,3.29158,3.16102,437,116800,0.165983,0.29,1,311724,311287,437
70920361,19.0583,17.4322,439,116800,0.185197,0.25,1,311747,311308,439
70923281,22.2117,28.2864,431,116800,0.189039,0.28,1,311770,311339,431
70926201,6.04233,8.85729,429,116800,0.229808,0.22,1,311772,311343,429
70929121,10.0085,4.97146,436,116800,0.285962,0.3,1,311783,311347,436
70932041,10.0017,12.1943,432,116800,0.177192,0.21,1,311793,311361,432
70934961,8.40034,10.4389,430,116800,0.259438,0.2,1,311801,311371,430
70937881,10.4801,6.88777,435,116800,0.331888,0.29,1,311812,311377,435
70940801,8.49601,7.77755,435,116800,0.250378,0.16,1,311820,311385,435
70943721,10.4992,15.1555,429,116800,0.250076,0.1,1,311831,311402,429
70946641,13.2998,7.8311,437,116800,0.242015,0.29,1,311845,311408,437
70949561,7.45997,9.56622,433,116800,0.296403,0.26,1,311851,311418,433
70952481,21.492,22.7132,432,116800,0.251281,0.27,1,311876,311444,432
70955401,17.0984,14.9426,435,116800,0.210256,0.26,1,311892,311457,435
70958321,16.2197,13.3885,438,116800,0.218051,0.27,1,311908,311470,438
70961241,4.84394,4.27771,438,116800,0.25961,0.27,1,311910,311472,438
70964161,4.16879,4.05554,438,116800,0.291922,0.2,1,311914,311476,438
70967081,40.8338,44.0111,434,116800,0.0743844,0.27,1,311964,311530,434
70970001,32.1668,30.4022,437,116800,0.118877,0.19,1,311994,311557,437
70972921,9.63335,9.28044,437,116800,0.215775,0.15,1,311998,311561,437
70975841,3.52667,3.45609,437,116800,0.203155,0.35,1,312000,311563,437
70978761,2.30533,2.29122,437,116800,0.168631,0.32,1,312002,311565,437
70981041,2.06107,2.05824,437,116800,0.137726,0.32,1,312004,311567,437
70983961,2.01221,2.01165,437,116800,0.131545,0.31,1,312006,311569,437
70986881,2.00244,2.00233,437,116800,0.130309,0.3,1,312008,311571,437
70989801,2.00049,3.60047,435,116800,0.138062,0.13,1,312010,311575,435
70992721,13.2001,17.5201,430,116800,0.251612,0.21,1,312026,311596,430
70995641,11.44,8.30402,435,116800,0.266322,0.17,1,312037,311602,435
70998561,3.888,3.2608,435,116800,0.237264,0.24,1,312039,311604,435
71001481,2.3776,5.45216,431,116800,0.223453,0.17,1,312041,311610,431
71004401,24.4755,21.0904,436,116800,0.276691,0.19,1,312071,311635,436
71007321,6.4951,5.81809,436,116800,0.247338,0.27,1,312073,311637,436
71010241,6.89902,9.16362,433,116800,0.201468,0.28,1,312080,311647,433
71013161,9.3798,6.63272,437,116800,0.200294,0.24,1,312090,311653,437
71016081,3.47596,2.92654,437,116800,0.256059,0.21,1,312092,311655,437
71019001,2.29519,2.18531,437,116800,0.267212,0.32,1,312094,311657,437
71021921,5.25904,9.23706,432,116800,0.237442,0.21,1,312100,311668,432
71024841,13.0518,11.4474,435,116800,0.303488,0.18,1,312115,311680,435
71027761,30.6104,34.2895,430,116800,0.284698,0.14,1,312150,311720,430
71030681,11.7221,8.4579,435,116800,0.27294,0.17,1,312157,311722,435
71033601,3.94441,3.29158,435,116800,0.294588,0.19,1,312159,311724,435
71036521,19.1889,19.0583,435,116800,0.282918,0.19,1,312182,311747,435
71039441,19.8378,22.2117,432,116800,0.264584,0.24,1,312202,311770,432
71042361,9.56755,6.04233,437,116800,0.236917,0.3,1,312209,311772,437
71045281,6.71351,10.0085,432,116800,0.215383,0.15,1,312215,311783,432
71048201,10.1427,10.0017,433,116800,0.315077,0.28,1,312226,311793,433
71051121,12.4285,8.40034,438,116800,0.303015,0.35,1,312239,311801,438
71054041,7.28571,10.4801,433,116800,0.276603,0.23,1,312245,311812,433
71056961,7.85714,8.49601,433,116800,0.335321,0.25,1,312253,311820,433
71059881,11.9714,10.4992,435,116800,0.275064,0.24,1,312266,311831,435
71062801,15.1943,13.2998,437,116800,0.311013,0.31,1,312282,311845,437
71065721,6.23886,7.45997,435,116800,0.262203,0.24,1,312286,311851,435
71068641,14.0478,21.492,426,116800,0.348441,0.2,1,312302,311876,426
71071561,20.4096,17.0984,432,116800,0.325688,0.22,1,312324,311892,432
71074481,20.0819,16.2197,436,116800,0.321138,0.27,1,312344,311908,436
71077401,5.61638,4.84394,436,116800,0.288228,0.3,1,312346,311910,436
71080321,4.32328,4.16879,436,116800,0.289645,0.02,1,312350,311914,436
71083241,40.0647,40.8338,435,116800,0.313929,0.13,1,312399,311964,435
71086161,27.2129,32.1668,429,116800,0.334786,0.24,1,312423,311994,429
71089081,8.64259,9.63335,429,116800,0.306957,0.2,1,312427,311998,429
71092001,3.32852,3.52667,429,116800,0.365391,0.16,1,312429,312000,429
71094921,3.8657,2.30533,431,116800,0.313078,0.13,1,312433,312002,431
71097841,7.97314,2.06107,438,116800,0.342616,0.13,1,312442,312004,438
71100761,3.19463,2.01221,438,116800,0.356523,0.13,1,312444,312006,438
71103681,2.23893,2.00244,438,116800,0.327305,0.14,1,312446,312008,438
71106601,2.04779,2.00049,438,116800,0.289461,0.28,1,312448,312010,438
71109521,10.0096,13.2001,434,116800,0.353892,0.27,1,312460,312026,434
71112441,14.0019,11.44,438,116800,0.342778,0.23,1,312475,312037,438
71115361,4.40038,3.888,438,116800,0.308556,0.22,1,312477,312039,438
71118281,2.48008,2.3776,438,116800,0.269711,0.29,1,312479,312041,438
71121201,18.896,24.4755,431,116800,0.349942,0.24,1,312502,312071,431
71124121,10.1792,6.4951,437,116800,0.293988,0.19,1,312510,312073,437
71127041,3.63584,6.89902,432,116800,0.306798,0.2,1,312512,312080,432
71129961,11.9272,9.3798,436,116800,0.34136,0.27,1,312526,312090,436
71132881,5.58543,3.47596,438,116800,0.372272,0.27,1,312530,312092,438
71135801,2.71709,2.29519,438,116800,0.370454,0.23,1,312532,312094,438
71138721,5.34342,5.25904,438,116800,0.322091,0.32,1,312538,312100,438
71141641,6.66868,13.0518,430,116800,0.376418,0.28,1,312545,312115,430
71144561,34.9337,30.6104,437,116800,0.331284,0.27,1,312587,312150,437
71147481,13.3867,11.7221,438,116800,0.354257,0.3,1,312595,312157,438
71150401,4.27735,3.94441,438,116800,0.326851,0.28,1,312597,312159,438
71153321,16.8555,19.1889,435,116800,0.27337,0.26,1,312617,312182,435
71156241,16.1711,19.8378,431,116800,0.326674,0.23,1,312633,312202,431
71159161,13.6342,9.56755,437,116800,0.329335,0.21,1,312646,312209,437
71162081,7.52684,6.71351,437,116800,0.265867,0.34,1,312652,312215,437
71165001,11.1054,10.1427,438,116800,0.301173,0.3,1,312664,312226,438
71167921,9.42107,12.4285,434,116800,0.276235,0.27,1,312673,312239,434
71170841,11.4842,7.28571,440,116800,0.327247,0.35,1,312685,312245,440
71173761,3.89684,7.85714,434,116800,0.305449,0.26,1,312687,312253,434
71176681,16.7794,11.9714,441,116800,0.26909,0.32,1,312707,312266,441
71179601,15.3559,15.1943,440,116800,0.381818,0.25,1,312722,312282,440
71182521,6.27117,6.23886,440,116800,0.356364,0.37,1,312726,312286,440
71185441,14.8542,14.0478,441,116800,0.375273,0.32,1,312743,312302,441
71188361,18.9708,20.4096,439,116800,0.283055,0.32,1,312763,312324,439
71191281,15.7942,20.0819,434,116800,0.344611,0.28,1,312778,312344,434
71194201,9.55883,5.61638,440,116800,0.372922,0.29,1,312786,312346,440
71197121,6.71177,4.32328,442,116800,0.362584,0.32,1,312792,312350,442
71200041,39.7424,40.0647,441,116800,0.320517,0.34,1,312840,312399,441
71202961,24.7485,27.2129,438,116800,0.288103,0.3,1,312861,312423,438
71205881,8.14969,8.64259,438,116800,0.281621,0.38,1,312865,312427,438
71208801,4.82994,3.32852,440,116800,0.272324,0.3,1,312869,312429,440
71211721,4.16599,3.8657,440,116800,0.254465,0.35,1,312873,312433,440
71214641,4.0332,7.97314,435,116800,0.250893,0.36,1,312877,312442,435
71217561,7.20664,3.19463,441,116800,0.274179,0.32,1,312885,312444,441
71220481,3.04133,2.23893,441,116800,0.270836,0.28,1,312887,312446,441
71223401,2.20827,2.04779,441,116800,0.310167,0.37,1,312889,312448,441
71226321,3.64165,10.0096,433,116800,0.254033,0.34,1,312893,312460,433
71229241,14.3283,14.0019,435,116800,0.330807,0.3,1,312910,312475,435
71232161,10.0657,4.40038,442,116800,0.210161,0.26,1,312919,312477,442
71235081,3.61313,2.48008,442,116800,0.242032,0.37,1,312921,312479,442
71238001,15.9226,18.896,438,116800,0.344406,0.28,1,312940,312502,438
71240921,7.98453,10.1792,436,116800,0.348881,0.31,1,312946,312510,436
71243841,4.79691,3.63584,438,116800,0.317776,0.35,1,312950,312512,438
71246761,12.1594,11.9272,438,116800,0.247555,0.38,1,312964,312526,438
71249681,4.03188,5.58543,436,116800,0.201511,0.37,1,312966,312530,436
71252601,4.00638,2.71709,438,116800,0.168302,0.31,1,312970,312532,438
71255521,8.80127,5.34342,442,116800,0.28166,0.39,1,312980,312538,442
71258441,4.96025,6.66868,439,116800,0.272332,0.32,1,312984,312545,439
71261361,32.9921,34.9337,437,116800,0.302466,0.36,1,313024,312587,437
71264281,8.19841,13.3867,431,116800,0.340493,0.32,1,313026,312595,431
71267201,7.23968,4.27735,436,116800,0.244099,0.26,1,313033,312597,436
71270121,19.0479,16.8555,438,116800,0.28082,0.34,1,313055,312617,438
71273041,15.8096,16.1711,437,116800,0.208164,0.33,1,313070,312633,437
71275961,14.3619,13.6342,438,116800,0.257633,0.25,1,313084,312646,438
71278881,7.67238,7.52684,438,116800,0.227527,0.31,1,313090,312652,438
71281801,11.1345,11.1054,438,116800,0.309505,0.27,1,313102,312664,438
71284721,11.0269,9.42107,440,116800,0.253901,0.34,1,313113,312673,440
71287641,8.60538,11.4842,436,116800,0.30678,0.3,1,313121,312685,436
71290561,4.92108,3.89684,438,116800,0.341356,0.26,1,313125,312687,438
71293481,20.1842,16.7794,442,116800,0.228271,0.41,1,313149,312707,442
71296401,10.4368,15.3559,435,116800,0.261654,0.35,1,313157,312722,435
71299321,6.88737,6.27117,437,116800,0.268331,0.38,1,313163,312726,437
71302241,18.9775,14.8542,442,116800,0.253666,0.26,1,313185,312743,442
71305161,18.1955,18.9708,440,116800,0.282733,0.36,1,313203,312763,440
71308081,16.4391,15.7942,441,116800,0.264547,0.38,1,313219,312778,441
71311001,4.88782,9.55883,435,116800,0.228909,0.36,1,313221,312786,435
71313921,8.97756,6.71177,439,116800,0.285782,0.31,1,313231,312792,439
71316841,38.5955,39.7424,437,116800,0.353156,0.28,1,313277,312840,437
71319761,22.9191,24.7485,435,116800,0.326631,0.28,1,313296,312861,435
71322681,7.78382,8.14969,435,116800,0.289326,0.27,1,313300,312865,435
71325601,4.75676,4.82994,435,116800,0.313865,0.25,1,313304,312869,435
71328521,4.15135,4.16599,435,116800,0.294773,0.25,1,313308,312873,435
71331441,4.03027,4.0332,435,116800,0.290955,0.28,1,313312,312877,435
71334361,4.80605,7.20664,432,116800,0.314191,0.27,1,313317,312885,432
71337281,2.56121,3.04133,432,116800,0.318838,0.32,1,313319,312887,432
71340201,3.71224,2.20827,434,116800,0.295768,0.24,1,313323,312889,434
71343121,7.14245,3.64165,438,116800,0.307154,0.35,1,313331,312893,438
71346041,11.8285,14.3283,434,116800,0.317431,0.18,1,313344,312910,434
71348961,7.9657,10.0657,432,116800,0.327486,0.25,1,313351,312919,432
71351881,3.19314,3.61313,432,116800,0.297497,0.37,1,313353,312921,432
71354801,19.0386,15.9226,436,116800,0.219499,0.35,1,313376,312940,436
71357721,7.00773,7.98453,434,116800,0.2359,0.31,1,313380,312946,434
71360641,4.60155,4.79691,434,116800,0.33518,0.23,1,313384,312950,434
71363561,16.1203,12.1594,439,116800,0.243036,0.19,1,313403,312964,439
71366481,4.82406,4.03188,439,116800,0.192607,0.16,1,313405,312966,439
71369401,4.16481,4.00638,439,116800,0.294521,0.31,1,313409,312970,439
71372321,8.83296,8.80127,439,116800,0.314904,0.27,1,313419,312980,439
71375241,4.96659,4.96025,439,116800,0.318981,0.31,1,313423,312984,439
71378161,27.3933,32.9921,432,116800,0.175796,0.35,1,313456,313024,432
71381081,12.6787,8.19841,439,116800,0.307159,0.22,1,313465,313026,439
71384001,5.73573,7.23968,436,116800,0.301432,0.29,1,313469,313033,436
71386921,14.7471,19.0479,431,116800,0.236286,0.19,1,313486,313055,431
71389841,19.7494,15.8096,437,116800,0.263257,0.27,1,313507,313070,437
71392761,15.1499,14.3619,437,116800,0.260651,0.22,1,313521,313084,437
71395681,7.82998,7.67238,437,116800,0.29213,0.33,1,313527,313090,437
71398601,8.766,11.1345,434,116800,0.274426,0.24,1,313536,313102,434
71401521,14.5532,11.0269,439,116800,0.286885,0.32,1,313552,313113,439
71404441,6.91064,8.60538,436,116800,0.249377,0.35,1,313557,313121,436
71407361,6.18213,4.92108,438,116800,0.329875,0.2,1,313563,313125,438
71410281,18.8364,20.1842,436,116800,0.265975,0.27,1,313585,313149,436
71413201,10.1673,10.4368,436,116800,0.293195,0.27,1,313593,313157,436
71416121,5.23346,6.88737,434,116800,0.298639,0.25,1,313597,313163,434
71419041,17.8467,18.9775,433,116800,0.259728,0.29,1,313618,313185,433
71421961,19.5693,18.1955,435,116800,0.195946,0.26,1,313638,313203,435
71424881,18.3139,16.4391,437,116800,0.255189,0.22,1,313656,313219,437
71427801,5.26277,4.88782,437,116800,0.235038,0.3,1,313658,313221,437
71430721,5.85255,8.97756,433,116800,0.303008,0.37,1,313664,313231,433
71433641,41.9705,38.5955,438,116800,0.220601,0.32,1,313715,313277,438
71436561,22.7941,22.9191,437,116800,0.26012,0.28,1,313733,313296,437
71439481,7.75882,7.78382,437,116800,0.228024,0.32,1,313737,313300,437
71442401,3.15176,4.75676,435,116800,0.229605,0.29,1,313739,313304,435
71445321,5.43035,4.15135,437,116800,0.221921,0.29,1,313745,313308,437
71448241,2.68607,4.03027,435,116800,0.284384,0.32,1,313747,313312,435
71451161,6.13721,4.80605,437,116800,0.256877,0.32,1,313754,313317,437
71454081,2.82744,2.56121,437,116800,0.259375,0.29,1,313756,313319,437
71457001,2.16549,3.71224,435,116800,0.283875,0.31,1,313758,313323,435
71459921,10.0331,7.14245,439,116800,0.320775,0.32,1,313770,313331,439
71462841,9.20662,11.8285,435,116800,0.224155,0.33,1,313779,313344,435
71465761,3.44132,7.9657,430,116800,0.196831,0.29,1,313781,313351,430
71468681,2.28826,3.19314,430,116800,0.279366,0.2,1,313783,313353,430
71471601,26.0577,19.0386,439,116800,0.271873,0.24,1,313815,313376,439
71474521,6.81153,7.00773,437,116800,0.254375,0.36,1,313817,313380,437
71477441,2.96231,4.60155,435,116800,0.290875,0.22,1,313819,313384,435
71480361,15.7925,16.1203,435,116800,0.266175,0.18,1,313838,313403,435
71483281,7.15849,4.82406,438,116800,0.181235,0.32,1,313843,313405,438
71486201,4.6317,4.16481,438,116800,0.252247,0.32,1,313847,313409,438
71489121,5.72634,8.83296,434,116800,0.266449,0.32,1,313853,313419,434
71492041,5.14527,4.96659,435,116800,0.25329,0.14,1,313858,313423,435
71494961,29.8291,27.3933,438,116800,0.298658,0.34,1,313894,313456,438
71497881,7.56581,12.6787,431,116800,0.307732,0.3,1,313896,313465,431
71500801,8.71316,5.73573,436,116800,0.333546,0.22,1,313905,313469,436
71503721,13.7426,14.7471,434,116800,0.266709,0.27,1,313920,313486,434
71506641,20.3485,19.7494,435,116800,0.301342,0.26,1,313942,313507,435
71509561,17.6697,15.1499,438,116800,0.236268,0.3,1,313959,313521,438
71512481,6.73394,7.82998,436,116800,0.167254,0.27,1,313963,313527,436
71515401,9.34679,8.766,437,116800,0.249451,0.29,1,313973,313536,437
71518321,15.4694,14.5532,438,116800,0.24189,0.24,1,313990,313552,438
71521241,7.09387,6.91064,438,116800,0.208378,0.35,1,313995,313557,438
71524161,4.61877,6.18213,436,116800,0.265676,0.25,1,313999,313563,436
71527081,19.3238,18.8364,437,116800,0.149135,0.3,1,314022,313585,437
71530001,11.8648,10.1673,439,116800,0.197827,0.3,1,314032,313593,439
71532921,5.57295,5.23346,439,116800,0.271565,0.25,1,314036,313597,439
71535841,15.5146,17.8467,436,116800,0.286313,0.18,1,314054,313618,436
71538761,17.5029,19.5693,434,116800,0.217263,0.27,1,314072,313638,434
71541681,21.1006,18.3139,438,116800,0.219453,0.23,1,314094,313656,438
71544601,5.82012,5.26277,438,116800,0.219891,0.32,1,314096,313658,438
71547521,4.36402,5.85255,436,116800,0.155978,0.2,1,314100,313664,436
71550441,38.4728,41.9705,432,116800,0.271196,0.27,1,314147,313715,432
71553361,23.6946,22.7941,434,116800,0.230239,0.22,1,314167,313733,434
71556281,11.1389,7.75882,438,116800,0.270048,0.23,1,314175,313737,438
71559201,3.82778,3.15176,438,116800,0.24601,0.22,1,314177,313739,438
71562121,2.36556,5.43035,434,116800,0.305202,0.3,1,314179,313745,434
71565041,3.67311,2.68607,436,116800,0.28504,0.25,1,314183,313747,436
71567961,7.93462,6.13721,438,116800,0.313008,0.26,1,314192,313754,438
71570881,3.18692,2.82744,438,116800,0.318602,0.29,1,314194,313756,438
71573801,2.23738,2.16549,438,116800,0.28772,0.33,1,314196,313758,438
71576721,3.64748,10.0331,430,116800,0.249544,0.2,1,314200,313770,430
71579641,7.9295,9.20662,430,116800,0.353909,0.19,1,314209,313779,430
71582561,3.1859,3.44132,430,116800,0.374782,0.3,1,314211,313781,430
71585481,2.23718,2.28826,430,116800,0.346956,0.27,1,314213,313783,430
71588401,30.0474,26.0577,435,116800,0.325391,0.25,1,314250,313815,435
71591321,7.60949,6.81153,435,116800,0.289078,0.3,1,314252,313817,435
71594241,3.1219,2.96231,435,116800,0.249816,0.26,1,314254,313819,435
71597161,15.8244,15.7925,435,116800,0.313963,0.16,1,314273,313838,435
71600081,6.36488,7.15849,434,116800,0.270793,0.27,1,314277,313843,434
71603001,2.87298,4.6317,432,116800,0.302159,0.27,1,314279,313847,432
71605921,10.1746,5.72634,438,116800,0.372432,0.25,1,314291,313853,438
71608841,5.23492,5.14527,437,116800,0.346486,0.31,1,314295,313858,437
71611761,30.647,29.8291,438,116800,0.237297,0.31,1,314332,313894,438
71614681,7.7294,7.56581,438,116800,0.215459,0.34,1,314334,313896,438
71617601,6.34588,8.71316,435,116800,0.283092,0.25,1,314340,313905,435
71620521,14.0692,13.7426,436,116800,0.352618,0.31,1,314356,313920,436
71623441,21.2138,20.3485,437,116800,0.358524,0.22,1,314379,313942,437
71626361,17.8428,17.6697,437,116800,0.319705,0.15,1,314396,313959,437
71629281,5.16855,6.73394,435,116800,0.359941,0.27,1,314398,313963,435
71632201,9.03371,9.34679,435,116800,0.351988,0.24,1,314408,313973,435
71635121,17.0067,15.4694,437,116800,0.342398,0.2,1,314427,313990,437
71638041,8.20135,7.09387,438,116800,0.35648,0.28,1,314433,313995,438
71640961,3.24027,4.61877,436,116800,0.327296,0.12,1,314435,313999,436
71643881,16.6481,19.3238,433,116800,0.345459,0.21,1,314455,314022,433
71646801,12.9296,11.8648,435,116800,0.373092,0.29,1,314467,314032,435
71649721,7.38592,5.57295,437,116800,0.322618,0.29,1,314473,314036,437
71652641,12.6772,15.5146,433,116800,0.424524,0.2,1,314487,314054,433
71655561,13.7354,17.5029,429,116800,0.372905,0.22,1,314501,314072,429
71658481,25.9471,21.1006,436,116800,0.442581,0.22,1,314530,314094,436
71661401,6.78942,5.82012,436,116800,0.424516,0.14,1,314532,314096,436
71664321,3.75788,4.36402,435,116800,0.372903,0.3,1,314535,314100,435
71667241,35.1516,38.4728,431,116800,0.314581,0.22,1,314578,314147,431
71670161,26.2303,23.6946,435,116800,0.414916,0.28,1,314602,314167,435
71673081,15.6461,11.1389,440,116800,0.266983,0.24,1,314615,314175,440
71676001,4.72921,3.82778,440,116800,0.205397,0.32,1,314617,314177,440
71678921,2.54584,2.36556,440,116800,0.273079,0.28,1,314619,314179,440
71681841,2.10917,3.67311,438,116800,0.294616,0.32,1,314621,314183,438
71684761,6.82183,7.93462,437,116800,0.314923,0.32,1,314629,314192,437
71687681,6.16437,3.18692,441,116800,0.294985,0.28,1,314635,314194,441
71690601,2.83287,2.23738,441,116800,0.330997,0.24,1,314637,314196,441
71693521,3.76657,3.64748,441,116800,0.314199,0.38,1,314641,314200,441
71696441,2.35331,7.9295,434,116800,0.32684,0.38,1,314643,314209,434
71699361,2.07066,3.1859,434,116800,0.289368,0.34,1,314645,314211,434
71702281,2.01413,2.23718,434,116800,0.281874,0.32,1,314647,314213,434
71705201,36.4028,30.0474,442,116800,0.248375,0.28,1,314692,314250,442
71708121,8.88056,7.60949,442,116800,0.209675,0.24,1,314694,314252,442
71711041,3.37611,3.1219,442,116800,0.169935,0.33,1,314696,314254,442
71713961,11.0752,15.8244,436,116800,0.345987,0.26,1,314709,314273,436
71716881,10.215,6.36488,442,116800,0.237197,0.31,1,314719,314277,442
71719801,3.64301,2.87298,442,116800,0.231439,0.39,1,314721,314279,442
71722721,10.3286,10.1746,442,116800,0.310288,0.34,1,314733,314291,442
71725641,5.26572,5.23492,442,116800,0.302058,0.21,1,314737,314295,442
71728561,25.8531,30.647,436,116800,0.324412,0.21,1,314768,314332,436
71731481,6.77063,7.7294,436,116800,0.296882,0.3,1,314770,314334,436
71734401,4.55413,6.34588,434,116800,0.243376,0.37,1,314774,314340,434
71737321,16.1108,14.0692,437,116800,0.192675,0.36,1,314793,314356,437
71740241,24.8222,21.2138,441,116800,0.270535,0.31,1,314820,314379,441
71743161,13.7644,17.8428,435,116800,0.302107,0.37,1,314831,314396,435
71746081,9.15289,5.16855,441,116800,0.212421,0.35,1,314839,314398,441
71749001,8.23058,9.03371,439,116800,0.242484,0.34,1,314847,314408,439
71751921,16.8461,17.0067,439,116800,0.232497,0.36,1,314866,314427,439
71754841,11.3692,8.20135,443,116800,0.182499,0.32,1,314876,314433,443
71757761,3.87384,3.24027,443,116800,0.2845,0.35,1,314878,314435,443
71760681,15.9748,16.6481,442,116800,0.2569,0.38,1,314897,314455,442
71763601,9.59495,12.9296,438,116800,0.20338,0.31,1,314905,314467,438
71766521,9.91899,7.38592,442,116800,0.256676,0.45,1,314915,314473,442
71769441,12.3838,12.6772,441,116800,0.235335,0.36,1,314928,314487,441
71772361,12.8768,13.7354,440,116800,0.287067,0.46,1,314941,314501,440
71775281,24.1754,25.9471,438,116800,0.241413,0.42,1,314968,314530,438
71778201,6.43507,6.78942,438,116800,0.256283,0.36,1,314970,314532,438
71781121,2.88701,3.75788,437,116800,0.227257,0.3,1,314972,314535,437
71784041,38.1774,35.1516,441,116800,0.205451,0.44,1,315019,314578,441
71786961,19.6355,26.2303,432,116800,0.28109,0.23,1,315034,314602,432
71789881,17.5271,15.6461,436,116800,0.232218,0.19,1,315051,314615,436
71792801,6.70542,4.72921,438,116800,0.190444,0.29,1,315055,314617,438
71795721,2.94108,2.54584,438,116800,0.198089,0.3,1,315057,314619,438
71798641,2.18822,2.10917,438,116800,0.167618,0.32,1,315059,314621,438
71801561,6.03764,6.82183,437,116800,0.217524,0.29,1,315066,314629,437
71804481,6.00753,6.16437,437,116800,0.307505,0.34,1,315072,314635,437
71807401,2.80151,2.83287,437,116800,0.317501,0.31,1,315074,314637,437
71810321,5.3603,3.76657,439,116800,0.3115,0.33,1,315080,314641,439
71813241,2.67206,2.35331,439,116800,0.2783,0.28,1,315082,314643,439
71816161,2.13441,2.07066,439,116800,0.28766,0.28,1,315084,314645,439
71819081,2.02688,2.01413,439,116800,0.297532,0.24,1,315086,314647,439
71822001,37.2054,36.4028,440,116800,0.243506,0.2,1,315132,314692,440
71824921,9.04107,8.88056,440,116800,0.352701,0.16,1,315134,314694,440
71827841,3.40821,3.37611,440,116800,0.36654,0.39,1,315136,314696,440
71830761,4.68164,11.0752,432,116800,0.321308,0.21,1,315141,314709,432
71833681,15.3363,10.215,440,116800,0.280262,0.23,1,315159,314719,440
71836601,4.66727,3.64301,440,116800,0.296052,0.33,1,315161,314721,440
71839521,7.33345,10.3286,436,116800,0.23521,0.3,1,315169,314733,436
71842441,3.86669,5.26572,435,116800,0.359042,0.33,1,315172,314737,435
71845361,23.1733,25.8531,432,116800,0.295808,0.29,1,315200,314768,432
71848281,10.2347,6.77063,437,116800,0.259162,0.23,1,315207,314770,437
71851201,3.64693,4.55413,435,116800,0.235832,0.18,1,315209,314774,435
71854121,14.3294,16.1108,433,116800,0.351166,0.29,1,315226,314793,433
71857041,27.6659,24.8222,437,116800,0.294233,0.31,1,315257,314820,437
71859961,10.3332,13.7644,432,116800,0.282847,0.19,1,315263,314831,432
71862881,12.4666,9.15289,437,116800,0.312569,0.25,1,315276,314839,437
71865801,8.09333,8.23058,436,116800,0.246514,0.23,1,315283,314847,436
71868721,12.8187,16.8461,431,116800,0.321303,0.17,1,315297,314866,431
71871641,16.1637,11.3692,438,116800,0.264261,0.31,1,315314,314876,438
71874561,4.83275,3.87384,438,116800,0.260852,0.25,1,315316,314878,438
71877481,11.3665,15.9748,432,116800,0.30017,0.19,1,315329,314897,432
71880401,11.8733,9.59495,436,116800,0.316034,0.27,1,315341,314905,436
71883321,7.17466,9.91899,432,116800,0.263207,0.23,1,315347,314915,432
71886241,15.8349,12.3838,437,116800,0.260641,0.3,1,315365,314928,437
71889161,8.76699,12.8768,431,116800,0.348128,0.23,1,315372,314941,431
71892081,26.5534,24.1754,435,116800,0.349626,0.26,1,315403,314968,435
71895001,6.91068,6.43507,435,116800,0.309925,0.22,1,315405,314970,435
71897921,2.98214,2.88701,435,116800,0.309985,0.2,1,315407,314972,435
71900841,38.9964,38.1774,436,116800,0.293997,0.3,1,315455,315019,436
71903761,20.5993,19.6355,437,116800,0.314799,0.22,1,315471,315034,437
71906681,16.1199,17.5271,435,116800,0.36696,0.18,1,315486,315051,435
71909601,4.82397,6.70542,433,116800,0.385392,0.2,1,315488,315055,433
71912521,4.16479,2.94108,435,116800,0.325078,0.16,1,315492,315057,435
71915441,6.43296,2.18822,440,116800,0.369016,0.23,1,315499,315059,440
71918361,4.48659,6.03764,437,116800,0.345803,0.33,1,315503,315066,437
71921281,5.69732,6.00753,437,116800,0.245161,0.32,1,315509,315072,437
71924201,2.73946,2.80151,437,116800,0.265032,0.31,1,315511,315074,437
71927121,5.34789,5.3603,437,116800,0.333006,0.27,1,315517,315080,437
71930041,4.26958,2.67206,439,116800,0.322601,0.29,1,315521,315082,439
71932961,2.45392,2.13441,439,116800,0.32052,0.3,1,315523,315084,439
71935881,3.69078,2.02688,441,116800,0.304104,0.23,1,315527,315086,441
71938801,33.5382,37.2054,436,116800,0.332821,0.38,1,315568,315132,436
71941721,9.90763,9.04107,438,116800,0.274564,0.37,1,315572,315134,438
71944641,5.18153,3.40821,440,116800,0.230913,0.31,1,315576,315136,440
71947561,4.23631,4.68164,439,116800,0.222183,0.27,1,315580,315141,439
71950481,10.4473,15.3363,433,116800,0.340437,0.3,1,315592,315159,433
71953401,5.28945,4.66727,435,116800,0.308087,0.22,1,315596,315161,435
71956321,9.85789,7.33345,438,116800,0.301617,0.39,1,315607,315169,438
71959241,3.57158,3.86669,437,116800,0.276323,0.28,1,315609,315172,437
71962161,19.9143,23.1733,433,116800,0.327265,0.25,1,315633,315200,433
71965081,11.9829,10.2347,436,116800,0.313453,0.23,1,315643,315207,436
71968001,3.99657,3.64693,436,116800,0.310691,0.38,1,315645,315209,436
71970921,10.3993,14.3294,431,116800,0.334138,0.28,1,315657,315226,431
71973841,31.6799,27.6659,437,116800,0.306828,0.28,1,315694,315257,437
71976761,11.936,10.3332,438,116800,0.333366,0.32,1,315701,315263,438
71979681,7.18719,12.4666,431,116800,0.282673,0.23,1,315707,315276,431
71982601,12.6374,8.09333,438,116800,0.272535,0.34,1,315721,315283,438
71985521,13.7275,12.8187,438,116800,0.270507,0.25,1,315735,315297,438
71988441,16.3455,16.1637,438,116800,0.262101,0.26,1,315752,315314,438
71991361,4.8691,4.83275,438,116800,0.25242,0.31,1,315754,315316,438
71994281,10.5738,11.3665,437,116800,0.314484,0.32,1,315766,315329,437
71997201,12.5148,11.8733,438,116800,0.286897,0.25,1,315779,315341,438
72000121,7.30295,7.17466,438,116800,0.305379,0.26,1,315785,315347,438
72003041,16.6606,15.8349,439,116800,0.317076,0.37,1,315804,315365,439
72005961,4.93212,8.76699,434,116800,0.287415,0.35,1,315806,315372,434
72008881,27.3864,26.5534,436,116800,0.297483,0.3,1,315839,315403,436
72011801,7.07728,6.91068,436,116800,0.267497,0.31,1,315841,315405,436
72014721,3.01546,2.98214,436,116800,0.229499,0.29,1,315843,315407,436
72017641,38.2031,38.9964,435,116800,0.2379,0.32,1,315890,315455,435
72020561,23.6406,20.5993,439,116800,0.29558,0.38,1,315910,315471,439
72023481,12.7281,16.1199,434,116800,0.331116,0.39,1,315920,315486,434
72026401,5.74562,4.82397,436,116800,0.306223,0.31,1,315924,315488,436
72029321,5.94913,4.16479,438,116800,0.285245,0.38,1,315930,315492,438
72032241,4.38982,6.43296,435,116800,0.313049,0.34,1,315934,315499,435
72035161,7.27797,4.48659,439,116800,0.25461,0.22,1,315942,315503,439
72038081,5.45559,5.69732,438,116800,0.330922,0.27,1,315947,315509,438
72041001,2.69112,2.73946,438,116800,0.314184,0.35,1,315949,315511,438
72043921,5.33822,5.34789,438,116800,0.374837,0.32,1,315955,315517,438
72046841,2.66764,4.26958,436,116800,0.354967,0.32,1,315957,315521,436
72049761,3.73353,2.45392,438,116800,0.358994,0.3,1,315961,315523,438
72052681,5.54671,3.69078,440,116800,0.391799,0.34,1,315967,315527,440
72055601,27.5093,33.5382,432,116800,0.28636,0.26,1,316000,315568,432
72058521,13.5019,9.90763,438,116800,0.353272,0.22,1,316010,315572,438
72061441,4.30037,5.18153,436,116800,0.374654,0.22,1,316012,315576,436
72064361,7.26007,4.23631,440,116800,0.346931,0.37,1,316020,315580,440
72067281,7.85201,10.4473,436,116800,0.317386,0.3,1,316028,315592,436
72070201,5.5704,5.28945,437,116800,0.327477,0.3,1,316033,315596,437
72073121,13.1141,9.85789,441,116800,0.369495,0.27,1,316048,315607,441
72076041,4.22282,3.57158,441,116800,0.329899,0.34,1,316050,315609,441
72078961,17.6446,19.9143,438,116800,0.37798,0.31,1,316071,315633,438
72081881,9.92891,11.9829,436,116800,0.331596,0.31,1,316079,315643,436
72084801,3.58578,3.99657,436,116800,0.314319,0.34,1,316081,315645,436
72087721,12.7172,10.3993,439,116800,0.342864,0.3,1,316096,315657,439
72090641,29.7434,31.6799,436,116800,0.284573,0.34,1,316130,315694,436
72093561,13.1487,11.936,438,116800,0.368915,0.27,1,316139,315701,438
72096481,6.62974,7.18719,437,116800,0.369783,0.27,1,316144,315707,437
72099401,11.7259,12.6374,436,116800,0.281957,0.27,1,316157,315721,436
72102321,16.7452,13.7275,440,116800,0.352391,0.26,1,316175,315735,440
72105241,14.549,16.3455,437,116800,0.366478,0.25,1,316189,315752,437
72108161,4.50981,4.8691,437,116800,0.337296,0.33,1,316191,315754,437
72111081,8.90196,10.5738,435,116800,0.347459,0.28,1,316201,315766,435
72114001,16.1804,12.5148,440,116800,0.325492,0.31,1,316219,315779,440
72116921,8.83608,7.30295,441,116800,0.353098,0.32,1,316226,315785,441
72119841,12.1672,16.6606,435,116800,0.37462,0.28,1,316239,315804,435
72122761,8.83344,4.93212,441,116800,0.402924,0.3,1,316247,315806,441
72125681,23.3667,27.3864,435,116800,0.376585,0.26,1,316274,315839,435
72128601,6.27334,7.07728,435,116800,0.347317,0.22,1,316276,315841,435
72131521,2.85467,3.01546,435,116800,0.309463,0.24,1,316278,315843,435
72134441,38.9709,38.2031,436,116800,0.349893,0.31,1,316326,315890,436
72137361,26.1942,23.6406,439,116800,0.349979,0.34,1,316349,315910,439
72140281,10.8388,12.7281,436,116800,0.325996,0.3,1,316356,315920,436
72143201,6.96777,5.74562,438,116800,0.393199,0.28,1,316362,315924,438
72146121,2.99355,5.94913,434,116800,0.37464,0.32,1,316364,315930,434
72149041,4.59871,4.38982,435,116800,0.394928,0.24,1,316369,315934,435
72151961,8.11974,7.27797,436,116800,0.366986,0.35,1,316378,315942,436
72154881,9.62395,5.45559,441,116800,0.361397,0.31,1,316388,315947,441
72157801,3.52479,2.69112,441,116800,0.368279,0.39,1,316390,315949,441
72160721,7.10496,5.33822,443,116800,0.273656,0.35,1,316398,315955,443
72163641,3.02099,2.66764,443,116800,0.254731,0.36,1,316400,315957,443
72166561,2.2042,3.73353,441,116800,0.338946,0.4,1,316402,315961,441
72169481,2.04084,5.54671,437,116800,0.355789,0.26,1,316404,315967,437
72172401,30.8082,27.5093,442,116800,0.311158,0.37,1,316442,316000,442
72175321,12.5616,13.5019,440,116800,0.222232,0.38,1,316450,316010,440
72178241,4.11233,4.30037,440,116800,0.204446,0.34,1,316452,316012,440
72181161,5.62247,7.26007,438,116800,0.336889,0.31,1,316458,316020,438
72184081,6.72449,7.85201,437,116800,0.395378,0.33,1,316465,316028,437
72187001,5.3449,5.5704,437,116800,0.391076,0.38,1,316470,316033,437
72189921,16.269,13.1141,441,116800,0.326215,0.32,1,316489,316048,441
72192841,4.8538,4.22282,441,116800,0.329243,0.39,1,316491,316050,441
72195761,16.1708,17.6446,439,116800,0.329849,0.32,1,316510,316071,439
72198681,6.43415,9.92891,435,116800,0.33797,0.31,1,316514,316079,435
72201601,5.28683,3.58578,438,116800,0.339594,0.35,1,316519,316081,438
72204521,15.4574,12.7172,441,116800,0.275919,0.27,1,316537,316096,441
72207441,31.0915,29.7434,442,116800,0.319184,0.39,1,316572,316130,442
72210361,8.61829,13.1487,436,116800,0.319837,0.37,1,316575,316139,436
72213281,5.72366,6.62974,436,116800,0.287967,0.26,1,316580,316144,436
72216201,16.3447,11.7259,442,116800,0.265593,0.37,1,316599,316157,442
72219121,12.8689,16.7452,436,116800,0.349119,0.37,1,316611,316175,436
72222041,17.7738,14.549,441,116800,0.389824,0.33,1,316630,316189,441
72224961,5.15476,4.50981,441,116800,0.413965,0.35,1,316632,316191,441
72227881,7.43095,8.90196,439,116800,0.394793,0.32,1,316640,316201,439
72230801,18.2862,16.1804,442,116800,0.342959,0.36,1,316661,316219,442
72233721,8.45724,8.83608,441,116800,0.404592,0.38,1,316667,316226,441
72236641,11.2914,12.1672,440,116800,0.376918,0.41,1,316679,316239,440
72239561,8.65829,8.83344,440,116800,0.395384,0.37,1,316687,316247,440
72242481,20.1317,23.3667,436,116800,0.455077,0.34,1,316710,316274,436
72245401,7.22633,6.27334,438,116800,0.459015,0.3,1,316714,316276,438
72248321,7.04527,2.85467,443,116800,0.395803,0.36,1,316721,316278,443
72251241,35.8091,38.9709,438,116800,0.407161,0.35,1,316764,316326,438
72254161,25.5618,26.1942,438,116800,0.353432,0.32,1,316787,316349,438
72257081,13.1124,10.8388,441,116800,0.310686,0.41,1,316797,316356,441
72260001,8.22247,6.96777,442,116800,0.334137,0.37,1,316804,316362,442
72262921,3.24449,2.99355,442,116800,0.338827,0.4,1,316806,316364,442
72265841,4.6489,4.59871,442,116800,0.363765,0.36,1,316811,316369,442
72268761,7.32978,8.11974,441,116800,0.352753,0.36,1,316819,316378,441
72271681,4.66596,9.62395,435,116800,0.366551,0.37,1,316823,316388,435
72274601,2.53319,3.52479,435,116800,0.40931,0.25,1,316825,316390,435
72277521,11.7066,7.10496,441,116800,0.425862,0.25,1,316839,316398,441
72280441,3.94133,3.02099,441,116800,0.389172,0.36,1,316841,316400,441
72283361,2.38827,2.2042,441,116800,0.349834,0.36,1,316843,316402,441
72286281,2.07765,2.04084,441,116800,0.341967,0.3,1,316845,316404,441
72289201,24.4155,30.8082,433,116800,0.340393,0.2,1,316875,316442,433
72292121,16.0831,12.5616,439,116800,0.380079,0.2,1,316889,316450,439
72295041,4.81662,4.11233,439,116800,0.356016,0.37,1,316891,316452,439
72297961,5.76332,5.62247,439,116800,0.375203,0.41,1,316897,316458,439
72300881,6.75266,6.72449,439,116800,0.403041,0.39,1,316904,316465,439
72303801,6.15053,5.3449,440,116800,0.440608,0.31,1,316910,316470,440
72306721,16.4301,16.269,440,116800,0.368122,0.33,1,316929,316489,440
72309641,4.88602,4.8538,440,116800,0.409624,0.33,1,316931,316491,440
72312561,15.3772,16.1708,439,116800,0.409925,0.34,1,316949,316510,439
72315481,4.67544,6.43415,437,116800,0.409985,0.34,1,316951,316514,437
72318401,7.33509,5.28683,440,116800,0.345997,0.26,1,316959,316519,440
72321321,18.267,15.4574,443,116800,0.349199,0.33,1,316980,316537,443
72324241,26.0534,31.0915,436,116800,0.33384,0.32,1,317008,316572,436
72327161,10.0107,8.61829,439,116800,0.306768,0.28,1,317014,316575,439
72330081,9.20214,5.72366,443,116800,0.317354,0.26,1,317023,316580,443
72333001,14.6404,16.3447,440,116800,0.375471,0.37,1,317039,316599,440
72335921,10.9281,12.8689,438,116800,0.315094,0.4,1,317049,316611,438
72338841,21.3856,17.7738,443,116800,0.303019,0.42,1,317073,316630,443
72341761,7.47712,5.15476,445,116800,0.372604,0.39,1,317077,316632,445
72344681,7.89542,7.43095,445,116800,0.386521,0.33,1,317085,316640,445
72347601,15.1791,18.2862,441,116800,0.333304,0.42,1,317102,316661,441
72350521,7.83582,8.45724,441,116800,0.322661,0.37,1,317108,316667,441
72353441,11.1672,11.2914,441,116800,0.392532,0.4,1,317120,316679,441
72356361,9.43343,8.65829,442,116800,0.422506,0.47,1,317129,316687,442
72359281,18.6867,20.1317,440,116800,0.412501,0.46,1,317150,316710,440
72362201,6.93734,7.22633,440,116800,0.4425,0.38,1,317154,316714,440
72365121,6.18747,7.04527,439,116800,0.3525,0.41,1,317160,316721,439
72368041,35.6375,35.8091,439,116800,0.2945,0.34,1,317203,316764,439
72370961,26.3275,25.5618,440,116800,0.2829,0.3,1,317227,316787,440
72373881,14.0655,13.1124,441,116800,0.40858,0.34,1,317238,316797,441
72376801,9.2131,8.22247,442,116800,0.345716,0.34,1,317246,316804,442
72379721,3.44262,3.24449,442,116800,0.325143,0.37,1,317248,316806,442
72382641,3.88852,4.6489,441,116800,0.289029,0.35,1,317252,316811,441
72385561,5.5777,7.32978,439,116800,0.313806,0.37,1,317258,316819,439
72388481,2.71554,4.66596,437,116800,0.342761,0.42,1,317260,316823,437
72391401,3.74311,2.53319,439,116800,0.372552,0.43,1,317264,316825,439
72394321,7.94862,11.7066,434,116800,0.38651,0.38,1,317273,316839,434
72397241,4.78972,3.94133,436,116800,0.389302,0.34,1,317277,316841,436
72400161,5.75794,2.38827,440,116800,0.32586,0.34,1,317283,316843,440
72403081,2.75159,2.07765,440,116800,0.433172,0.34,1,317285,316845,440
72406001,26.9503,24.4155,443,116800,0.382634,0.39,1,317318,316875,443
72408921,16.5901,16.0831,443,116800,0.380527,0.35,1,317332,316889,443
72411841,4.91801,4.81662,443,116800,0.348105,0.38,1,317334,316891,443
72414761,6.5836,5.76332,444,116800,0.229621,0.41,1,317341,316897,444
72417681,5.31672,6.75266,442,116800,0.381924,0.45,1,317346,316904,442
72420601,2.66334,6.15053,438,116800,0.388385,0.35,1,317348,316910,438
72423521,17.3327,16.4301,440,116800,0.341677,0.42,1,317369,316929,440
72426441,5.06653,4.88602,440,116800,0.324335,0.41,1,317371,316931,440
72429361,15.4133,15.3772,440,116800,0.376867,0.41,1,317389,316949,440
72432281,4.68266,4.67544,440,116800,0.387373,0.33,1,317391,316951,440
72435201,7.33653,7.33509,440,116800,0.421475,0.35,1,317399,316959,440
72438121,22.2673,18.267,445,116800,0.356295,0.33,1,317425,316980,445
72441041,23.6535,26.0534,441,116800,0.351259,0.3,1,317449,317008,441
72443961,6.33069,10.0107,437,116800,0.350252,0.32,1,317451,317014,437
72446881,9.26614,9.20214,438,116800,0.28605,0.39,1,317461,317023,438
72449801,16.2532,14.6404,440,116800,0.31321,0.3,1,317479,317039,440
72452721,11.2506,10.9281,440,116800,0.358642,0.3,1,317489,317049,440
72455641,23.0501,21.3856,442,116800,0.279728,0.39,1,317515,317073,442
72458561,6.21003,7.47712,440,116800,0.231946,0.39,1,317517,317077,440
72461481,10.842,7.89542,444,116800,0.374389,0.32,1,317529,317085,444
72464401,16.5684,15.1791,445,116800,0.362878,0.32,1,317547,317102,445
72467321,6.51368,7.83582,443,116800,0.288576,0.41,1,317551,317108,443
72470241,10.9027,11.1672,443,116800,0.281715,0.43,1,317563,317120,443
72473161,6.98055,9.43343,440,116800,0.384343,0.41,1,317569,317129,440
72476081,17.3961,18.6867,439,116800,0.324869,0.45,1,317589,317150,439
72479001,6.67922,6.93734,439,116800,0.296974,0.33,1,317593,317154,439
72481921,5.33584,6.18747,438,116800,0.339395,0.28,1,317598,317160,438
72484841,37.8672,35.6375,441,116800,0.283879,0.28,1,317644,317203,441
72487761,28.3734,26.3275,443,116800,0.352776,0.44,1,317670,317227,443
72490681,10.4747,14.0655,438,116800,0.342555,0.33,1,317676,317238,438
72493601,6.89494,9.2131,436,116800,0.308511,0.32,1,317682,317246,436
72496521,6.17899,3.44262,440,116800,0.389702,0.28,1,317688,317248,440
72499441,4.4358,3.88852,440,116800,0.38194,0.32,1,317692,317252,440
72502361,5.68716,5.5777,440,116800,0.324388,0.35,1,317698,317258,440
72505281,4.33743,2.71554,442,116800,0.336878,0.38,1,317702,317260,442
72508201,4.06749,3.74311,442,116800,0.339376,0.39,1,317706,317264,442
72511121,5.6135,7.94862,439,116800,0.395875,0.39,1,317712,317273,439
72514041,6.7227,4.78972,442,116800,0.391175,0.31,1,317719,317277,442
72516961,2.94454,5.75794,438,116800,0.366235,0.46,1,317721,317283,438
72519881,2.18891,2.75159,438,116800,0.361247,0.37,1,317723,317285,438
72522801,29.2378,26.9503,441,116800,0.400249,0.38,1,317759,317318,441
72525721,19.4476,16.5901,444,116800,0.27205,0.34,1,317776,317332,444
72528641,5.48951,4.91801,444,116800,0.39841,0.2,1,317778,317334,444
72531561,4.2979,6.5836,441,116800,0.359682,0.42,1,317782,317341,441
72534481,7.25958,5.31672,444,116800,0.415936,0.39,1,317790,317346,444
72537401,3.05192,2.66334,444,116800,0.427187,0.33,1,317792,317348,444
72540321,18.2104,17.3327,445,116800,0.333437,0.32,1,317814,317369,445
72543241,5.24208,5.06653,445,116800,0.314687,0.39,1,317816,317371,445
72546161,13.8484,15.4133,443,116800,0.358938,0.39,1,317832,317389,443
72549081,4.36968,4.68266,443,116800,0.375787,0.43,1,317834,317391,443
72552001,8.87394,7.33653,445,116800,0.395158,0.34,1,317844,317399,445
72554921,19.3748,22.2673,441,116800,0.375032,0.35,1,317866,317425,441
72557841,19.875,23.6535,437,116800,0.363006,0.35,1,317886,317449,437
72560761,5.57499,6.33069,437,116800,0.368601,0.27,1,317888,317451,437
72563681,11.515,9.26614,440,116800,0.40972,0.32,1,317901,317461,440
72566601,17.503,16.2532,441,116800,0.409944,0.37,1,317920,317479,441
72569521,11.5006,11.2506,441,116800,0.417989,0.26,1,317930,317489,441
72572441,18.3001,23.0501,435,116800,0.411598,0.22,1,317950,317515,435
72575361,10.86,6.21003,442,116800,0.41832,0.41,1,317959,317517,442
72578281,10.172,10.842,440,116800,0.379664,0.36,1,317969,317529,440
72581201,13.2344,16.5684,436,116800,0.395933,0.27,1,317983,317547,436
72584121,5.84688,6.51368,436,116800,0.399187,0.28,1,317987,317551,436
72587041,14.7694,10.9027,441,116800,0.415837,0.41,1,318004,317563,441
72589961,7.75388,6.98055,441,116800,0.379167,0.31,1,318010,317569,441
72592881,15.9508,17.3961,439,116800,0.451833,0.29,1,318028,317589,439
72595801,7.19015,6.67922,440,116800,0.466367,0.35,1,318033,317593,440
72598721,7.03803,5.33584,442,116800,0.453273,0.27,1,318040,317598,442
72601641,39.0076,37.8672,443,116800,0.322655,0.37,1,318087,317644,443
72604561,23.8015,28.3734,437,116800,0.384531,0.34,1,318107,317670,437
72607481,12.7603,10.4747,441,116800,0.316906,0.3,1,318117,317676,441
72610401,8.15206,6.89494,442,116800,0.263381,0.41,1,318124,317682,442
72613321,4.83041,6.17899,440,116800,0.412676,0.38,1,318128,317688,440
72616241,4.16608,4.4358,440,116800,0.394535,0.31,1,318132,317692,440
72619161,5.63322,5.68716,440,116800,0.358907,0.34,1,318138,317698,440
72622081,7.52664,4.33743,444,116800,0.367781,0.34,1,318146,317702,444
72625001,3.10533,4.06749,442,116800,0.337556,0.41,1,318148,317706,442
72627921,3.82107,5.6135,440,116800,0.363511,0.39,1,318152,317712,440
72630841,5.56421,6.7227,439,116800,0.376702,0.36,1,318158,317719,439
72633761,2.71284,2.94454,439,116800,0.37934,0.36,1,318160,317721,439
72636681,3.74257,2.18891,441,116800,0.387868,0.41,1,318164,317723,441
72639601,27.9485,29.2378,439,116800,0.333574,0.24,1,318198,317759,439
72642521,16.7897,19.4476,436,116800,0.362715,0.43,1,318212,317776,436
72645441,4.95794,5.48951,436,116800,0.328543,0.35,1,318214,317778,436
72648361,10.5916,4.2979,444,116800,0.209709,0.43,1,318226,317782,444
72651281,8.51832,7.25958,444,116800,0.369942,0.43,1,318234,317790,444
72654201,3.30366,3.05192,444,116800,0.401988,0.31,1,318236,317792,444
72657121,13.4607,18.2104,438,116800,0.416398,0.31,1,318252,317814,438
72660041,4.29215,5.24208,438,116800,0.41928,0.37,1,318254,317816,438
72662961,16.8584,13.8484,442,116800,0.403856,0.38,1,318274,317832,442
72665881,4.97169,4.36968,442,116800,0.392771,0.4,1,318276,317834,442
72668801,6.59434,8.87394,439,116800,0.382554,0.37,1,318283,317844,439
72671721,22.1189,19.3748,443,116800,0.364511,0.36,1,318309,317866,443
72674641,18.8238,19.875,441,116800,0.344902,0.37,1,318327,317886,441
72677561,6.96475,5.57499,443,116800,0.31698,0.42,1,318331,317888,443
72680481,9.39295,11.515,440,116800,0.327396,0.41,1,318341,317901,440
72683401,19.4786,17.503,443,116800,0.361479,0.42,1,318363,317920,443
72686321,10.2957,11.5006,441,116800,0.368296,0.41,1,318371,317930,441
72689241,19.6591,18.3001,443,116800,0.385659,0.42,1,318393,317950,443
72692161,10.3318,10.86,442,116800,0.277132,0.37,1,318401,317959,442
72695081,12.4664,10.172,445,116800,0.391426,0.4,1,318414,317969,445
72698001,11.2933,13.2344,442,116800,0.430285,0.4,1,318425,317983,442
72700921,9.45865,5.84688,447,116800,0.382057,0.42,1,318434,317987,447
72703841,14.6917,14.7694,446,116800,0.396411,0.37,1,318450,318004,446
72706761,6.13835,7.75388,444,116800,0.359282,0.47,1,318454,318010,444
72709681,16.4277,15.9508,445,116800,0.383856,0.47,1,318473,318028,445
72712601,4.88553,7.19015,442,116800,0.388771,0.45,1,318475,318033,442
72715521,8.17711,7.03803,444,116800,0.333754,0.29,1,318484,318040,444
72718441,37.6354,39.0076,442,116800,0.314751,0.4,1,318529,318087,442
72721361,20.3271,23.8015,438,116800,0.35095,0.3,1,318545,318107,438
72724281,16.8654,12.7603,444,116800,0.29419,0.25,1,318561,318117,444
72727201,6.57308,8.15206,441,116800,0.338838,0.45,1,318565,318124,441
72730121,3.71462,4.83041,440,116800,0.299768,0.39,1,318568,318128,440
72733041,4.74292,4.16608,441,116800,0.379954,0.35,1,318573,318132,441
72735961,4.94858,5.63322,440,116800,0.355991,0.37,1,318578,318138,440
72738881,8.98972,7.52664,442,116800,0.335198,0.33,1,318588,318146,442
72741801,3.39794,3.10533,442,116800,0.38704,0.37,1,318590,318148,442
72744721,3.87959,3.82107,442,116800,0.333408,0.38,1,318594,318152,442
72747641,3.97592,5.56421,440,116800,0.314682,0.38,1,318598,318158,440
72750561,2.39518,2.71284,440,116800,0.310936,0.39,1,318600,318160,440
72753481,3.67904,3.74257,440,116800,0.334187,0.32,1,318604,318164,440
72756401,25.5358,27.9485,437,116800,0.378837,0.37,1,318635,318198,437
72759321,11.5072,16.7897,431,116800,0.339767,0.32,1,318643,318212,431
72762241,3.90143,4.95794,431,116800,0.355954,0.18,1,318645,318214,431
72765161,19.9803,10.5916,443,116800,0.367191,0.41,1,318669,318226,443
72768081,8.79606,8.51832,441,116800,0.321438,0.41,1,318675,318234,441
72771001,4.95921,3.30366,443,116800,0.376288,0.42,1,318679,318236,443
72773921,8.19184,13.4607,436,116800,0.379258,0.42,1,318688,318252,436
72776841,3.23837,4.29215,436,116800,0.387852,0.4,1,318690,318254,436
72779761,20.6477,16.8584,441,116800,0.40557,0.39,1,318715,318274,441
72782681,5.72953,4.97169,441,116800,0.409114,0.38,1,318717,318276,441
72785601,5.94591,6.59434,440,116800,0.409823,0.36,1,318723,318283,440
72788521,17.1892,22.1189,434,116800,0.313965,0.34,1,318743,318309,434
72791441,21.8378,18.8238,439,116800,0.326793,0.31,1,318766,318327,439
72794361,9.16757,6.96475,441,116800,0.305359,0.33,1,318772,318331,441
72797281,8.23351,9.39295,439,116800,0.325072,0.37,1,318780,318341,439
72800201,17.6467,19.4786,437,116800,0.377014,0.37,1,318800,318363,437
72803121,13.1293,10.2957,441,116800,0.339403,0.39,1,318812,318371,441
72806041,17.0259,19.6591,437,116800,0.331881,0.25,1,318830,318393,437
72808961,13.8052,10.3318,442,116800,0.346376,0.42,1,318843,318401,442
72811881,13.961,12.4664,443,116800,0.397275,0.44,1,318857,318414,443
72814801,8.39221,11.2933,439,116800,0.391455,0.37,1,318864,318425,439
72817721,7.27844,9.45865,437,116800,0.366291,0.4,1,318871,318434,437
72820641,13.4557,14.6917,436,116800,0.409258,0.35,1,318886,318450,436
72823561,6.69114,6.13835,437,116800,0.401852,0.39,1,318891,318454,437
72826481,17.3382,16.4277,438,116800,0.32837,0.39,1,318911,318473,438
72829401,6.66765,4.88553,440,116800,0.409674,0.32,1,318915,318475,440
72832321,6.13353,8.17711,437,116800,0.425935,0.31,1,318921,318484,437
72835241,33.2267,37.6354,432,116800,0.405187,0.36,1,318961,318529,432
72838161,23.4453,20.3271,437,116800,0.265037,0.28,1,318982,318545,437
72841081,15.8891,16.8654,435,116800,0.389007,0.35,1,318996,318561,435
72844001,11.9778,6.57308,442,116800,0.397802,0.29,1,319007,318565,442
72846921,3.99556,3.71462,441,116800,0.36756,0.4,1,319009,318568,441
72849841,3.99911,4.74292,440,116800,0.353512,0.35,1,319013,318573,440
72852761,3.99982,4.94858,439,116800,0.342702,0.33,1,319017,318578,439
72855681,7.99996,8.98972,438,116800,0.404541,0.4,1,319026,318588,438
72858601,4.79999,3.39794,440,116800,0.408908,0.32,1,319030,318590,440
72861521,5.76,3.87959,442,116800,0.409782,0.31,1,319036,318594,442
72864441,4.352,3.97592,442,116800,0.385956,0.31,1,319040,318598,442
72866561,2.4704,2.39518,442,116800,0.381191,0.34,1,319042,318600,442
72869481,2.09408,3.67904,440,116800,0.372238,0.39,1,319044,318604,440
72872401,25.2188,25.5358,440,116800,0.370448,0.33,1,319075,318635,440
72875321,11.4438,11.5072,440,116800,0.39409,0.36,1,319083,318643,440
72878241,3.88875,3.90143,440,116800,0.366818,0.37,1,319085,318645,440
72881161,22.3778,19.9803,443,116800,0.321364,0.31,1,319112,318669,443
72884081,8.47555,8.79606,442,116800,0.232273,0.39,1,319117,318675,442
72887001,4.89511,4.95921,442,116800,0.374455,0.38,1,319121,318679,442
72889921,9.77902,8.19184,444,116800,0.386891,0.39,1,319132,318688,444
72892841,3.5558,3.23837,444,116800,0.389378,0.41,1,319134,318690,444
72895761,19.1112,20.6477,442,116800,0.301876,0.41,1,319157,318715,442
72898681,5.42223,5.72953,442,116800,0.340375,0.41,1,319159,318717,442
72901601,5.88445,5.94591,442,116800,0.388075,0.29,1,319165,318723,442
72904521,13.9769,17.1892,438,116800,0.381615,0.33,1,319181,318743,438
72907441,22.7954,21.8378,440,116800,0.372323,0.3,1,319206,318766,440
72910361,7.75908,9.16757,438,116800,0.330465,0.33,1,319210,318772,438
72913281,10.3518,8.23351,441,116800,0.242093,0.39,1,319221,318780,441
72916201,17.2704,17.6467,440,116800,0.264419,0.33,1,319240,318800,440
72919121,11.4541,13.1293,438,116800,0.260884,0.33,1,319250,318812,438
72922041,19.0908,17.0259,441,116800,0.196177,0.35,1,319271,318830,441
72924961,15.0182,13.8052,442,116800,0.279235,0.41,1,319285,318843,442
72927881,14.2036,13.961,442,116800,0.295847,0.39,1,319299,318857,442
72930801,6.84073,8.39221,440,116800,0.283169,0.36,1,319304,318864,440
72933721,10.1681,7.27844,444,116800,0.288634,0.42,1,319315,318871,444
72936641,11.6336,13.4557,441,116800,0.233727,0.4,1,319327,318886,441
72939561,8.72673,6.69114,444,116800,0.262745,0.31,1,319335,318891,444
72942481,16.1453,17.3382,442,116800,0.252549,0.43,1,319353,318911,442
72945401,5.62907,6.66765,441,116800,0.20251,0.43,1,319356,318915,441
72948321,5.92581,6.13353,441,116800,0.312502,0.4,1,319362,318921,441
72951241,34.7852,33.2267,443,116800,0.2545,0.23,1,319404,318961,443
72954161,23.757,23.4453,443,116800,0.1629,0.42,1,319425,318982,443
72957081,15.9514,15.8891,443,116800,0.24858,0.4,1,319439,318996,443
72960001,10.3903,11.9778,441,116800,0.177716,0.36,1,319448,319007,441
72962921,3.67806,3.99556,441,116800,0.163543,0.35,1,319450,319009,441
72965841,4.73561,3.99911,442,116800,0.176709,0.34,1,319455,319013,442
72968761,4.14712,3.99982,442,116800,0.171342,0.42,1,319459,319017,442
72971681,8.82942,7.99996,443,116800,0.186268,0.41,1,319469,319026,443
72974601,3.36588,4.79999,441,116800,0.181254,0.41,1,319471,319030,441
72977521,7.07318,5.76,443,116800,0.188251,0.38,1,319479,319036,443
72980441,3.01464,4.352,441,116800,0.18965,0.38,1,319481,319040,441
72983361,3.80293,2.4704,443,116800,0.18993,0.37,1,319485,319042,443
72986281,2.36059,2.09408,443,116800,0.173986,0.37,1,319487,319044,443
72989201,23.6721,25.2188,441,116800,0.210797,0.4,1,319516,319075,441
72992121,7.93442,11.4438,437,116800,0.186159,0.36,1,319520,319083,437
72995041,3.18688,3.88875,437,116800,0.149232,0.31,1,319522,319085,437
72997961,26.2374,22.3778,442,116800,0.0778464,0.21,1,319554,319112,442
73000881,8.44748,8.47555,441,116800,0.143569,0.41,1,319558,319117,441
73003801,4.88949,4.89511,441,116800,0.0927139,0.39,1,319562,319121,441
73006721,8.9779,9.77902,440,116800,0.154543,0.39,1,319572,319132,440
73009641,3.39558,3.5558,440,116800,0.182909,0.28,1,319574,319134,440
73012561,19.0791,19.1112,440,116800,0.148582,0.35,1,319597,319157,440
73015481,5.41582,5.42223,440,116800,0.109716,0.4,1,319599,319159,440
73018401,5.88316,5.88445,440,116800,0.133943,0.38,1,319605,319165,440
73021321,13.1766,13.9769,439,116800,0.202789,0.37,1,319620,319181,439
73024241,17.8353,22.7954,433,116800,0.136558,0.32,1,319639,319206,433
73027161,5.16707,7.75908,431,116800,0.179312,0.22,1,319641,319210,431
73030081,11.4334,10.3518,433,116800,0.219862,0.27,1,319654,319221,433
73033001,19.0867,17.2704,435,116800,0.131972,0.26,1,319675,319240,435
73035921,10.2173,11.4541,433,116800,0.226394,0.18,1,319683,319250,433
73038841,18.0435,19.0908,432,116800,0.245279,0.3,1,319703,319271,432
73041761,12.4087,15.0182,429,116800,0.137056,0.3,1,319714,319285,429
73044681,16.8817,14.2036,433,116800,0.187411,0.28,1,319732,319299,433
73047601,9.77635,6.84073,436,116800,0.277482,0.29,1,319740,319304,436
73050521,8.35527,10.1681,433,116800,0.239496,0.22,1,319748,319315,433
73053441,13.6711,11.6336,436,116800,0.279899,0.27,1,319763,319327,436
73056361,7.53421,8.72673,434,116800,0.23198,0.25,1,319769,319335,434
73059281,18.3068,16.1453,437,116800,0.238396,0.19,1,319790,319353,437
73062201,5.26137,5.62907,436,116800,0.223679,0.34,1,319792,319356,436
73065121,4.25227,5.92581,434,116800,0.196736,0.24,1,319796,319362,434
73068041,32.0505,34.7852,431,116800,0.199347,0.14,1,319835,319404,431
73070961,24.8101,23.757,433,116800,0.199869,0.27,1,319858,319425,433
73073881,12.962,15.9514,429,116800,0.303974,0.16,1,319868,319439,429
73076801,10.5924,10.3903,430,116800,0.228795,0.16,1,319878,319448,430
73079721,5.31848,3.67806,432,116800,0.269759,0.18,1,319882,319450,432
73082641,4.2637,4.73561,431,116800,0.213952,0.17,1,319886,319455,431
73085561,3.25274,4.14712,430,116800,0.19479,0.19,1,319889,319459,430
73088481,8.65055,8.82942,430,116800,0.278958,0.18,1,319899,319469,430
73091401,3.33011,3.36588,430,116800,0.295792,0.19,1,319901,319471,430
73094321,5.46602,7.07318,428,116800,0.267158,0.19,1,319907,319479,428
73097241,4.2932,3.01464,430,116800,0.253432,0.19,1,319911,319481,430
73100161,2.45864,3.80293,428,116800,0.250686,0.17,1,319913,319485,428
73103081,2.09173,2.36059,428,116800,0.242137,0.22,1,319915,319487,428
73106001,25.2183,23.6721,430,116800,0.280427,0.18,1,319946,319516,430
73108921,8.24367,7.93442,430,116800,0.312086,0.14,1,319950,319520,430
73111841,3.24873,3.18688,430,116800,0.294417,0.06,1,319952,319522,430
73114761,24.6497,26.2374,428,116800,0.210883,0.16,1,319982,319554,428
73117681,11.3299,8.44748,432,116800,0.186177,0.08,1,319990,319558,432
73120601,5.46599,4.88949,432,116800,0.165235,0.17,1,319994,319562,432
73123521,9.0932,8.9779,432,116800,0.249047,0.19,1,320004,319572,432
73126441,3.41864,3.39558,432,116800,0.265809,0.14,1,320006,319574,432
73129361,19.8837,19.0791,433,116800,0.189162,0.1,1,320030,319597,433
73132281,5.57675,5.41582,433,116800,0.173832,0.14,1,320032,319599,433
73135201,5.91535,5.88316,433,116800,0.226766,0.22,1,320038,319605,433
73138121,11.5831,13.1766,431,116800,0.237353,0.12,1,320051,319620,431
73141041,16.7166,17.8353,430,116800,0.167471,0.19,1,320069,319639,430
73143961,4.94332,5.16707,430,116800,0.177494,0.23,1,320071,319641,430
73146881,12.1887,11.4334,431,116800,0.211499,0.11,1,320085,319654,431
73149801,21.6377,19.0867,434,116800,0.1303,0.25,1,320109,319675,434
73152721,10.7275,10.2173,434,116800,0.23406,0.25,1,320117,319683,434
73155641,12.5455,18.0435,427,116800,0.182812,0.11,1,320130,319703,427
73158561,16.9091,12.4087,434,116800,0.204562,0.2,1,320148,319714,434
73161481,18.5818,16.8817,435,116800,0.240912,0.3,1,320167,319732,435
73164401,8.51636,9.77635,433,116800,0.232182,0.23,1,320173,319740,433
73167321,9.70327,8.35527,435,116800,0.246437,0.29,1,320183,319748,435
73170241,12.3407,13.6711,433,116800,0.233287,0.22,1,320196,319763,433
73173161,9.66813,7.53421,436,116800,0.246657,0.24,1,320205,319769,436
73176081,19.5336,18.3068,437,116800,0.217331,0.22,1,320227,319790,437
73179001,5.50673,5.26137,437,116800,0.235466,0.19,1,320229,319792,437
73181921,3.50135,4.25227,436,116800,0.191093,0.2,1,320232,319796,436
73184841,32.7003,32.0505,437,116800,0.214219,0.2,1,320272,319835,437
73187761,24.9401,24.8101,437,116800,0.170844,0.33,1,320295,319858,437
73190681,8.98801,12.962,432,116800,0.0821687,0.21,1,320300,319868,432
73193601,8.1976,10.5924,430,116800,0.224434,0.28,1,320308,319878,430
73196521,3.23952,5.31848,428,116800,0.220887,0.2,1,320310,319882,428
73199441,11.0479,4.2637,437,116800,0.196177,0.19,1,320323,319886,437
73202361,4.60958,3.25274,437,116800,0.151235,0.3,1,320326,319889,437
73205281,6.52192,8.65055,434,116800,0.166247,0.3,1,320333,319899,434
73208201,2.90438,3.33011,434,116800,0.209249,0.26,1,320335,319901,434
73211121,7.78088,5.46602,437,116800,0.21785,0.25,1,320344,319907,437
73214041,3.15618,4.2932,435,116800,0.24357,0.25,1,320346,319911,435
73216961,2.23124,2.45864,435,116800,0.248714,0.24,1,320348,319913,435
73219881,2.04625,2.09173,435,116800,0.233743,0.29,1,320350,319915,435
73222801,24.4092,25.2183,434,116800,0.174749,0.32,1,320380,319946,434
73225721,8.08185,8.24367,434,116800,0.21895,0.29,1,320384,319950,434
73228641,5.61637,3.24873,437,116800,0.24379,0.19,1,320389,319952,437
73231561,19.5233,24.6497,430,116800,0.152758,0.18,1,320412,319982,430
73234481,13.5047,11.3299,434,116800,0.166552,0.16,1,320424,319990,434
73237401,7.50093,5.46599,436,116800,0.19331,0.27,1,320430,319994,436
73240321,9.50019,9.0932,436,116800,0.158662,0.27,1,320440,320004,436
73243241,3.50004,3.41864,436,116800,0.159732,0.17,1,320442,320006,436
73246161,17.5,19.8837,433,116800,0.223946,0.17,1,320463,320030,433
73249081,6.7,5.57675,435,116800,0.220789,0.24,1,320467,320032,435
73252001,4.54,5.91535,433,116800,0.156158,0.24,1,320471,320038,433
73254921,11.308,11.5831,433,116800,0.239232,0.15,1,320484,320051,433
73257841,18.2616,16.7166,435,116800,0.231846,0.18,1,320504,320069,435
73260761,5.25232,4.94332,435,116800,0.198369,0.22,1,320506,320071,435
73263681,7.45046,12.1887,429,116800,0.255674,0.11,1,320514,320085,429
73266601,23.8901,21.6377,433,116800,0.211135,0.26,1,320542,320109,433
73269521,10.378,10.7275,432,116800,0.178227,0.17,1,320549,320117,432
73272441,11.6756,12.5455,431,116800,0.259645,0.21,1,320561,320130,431
73275361,17.5351,16.9091,432,116800,0.219929,0.25,1,320580,320148,432
73278281,19.507,18.5818,433,116800,0.259986,0.23,1,320600,320167,433
73281201,9.5014,8.51636,434,116800,0.179997,0.25,1,320607,320173,434
73284121,7.50028,9.70327,431,116800,0.251999,0.23,1,320614,320183,431
73287041,14.3001,12.3407,434,116800,0.2264,0.25,1,320630,320196,434
73289961,6.06001,9.66813,429,116800,0.15728,0.21,1,320634,320205,429
73292881,17.212,19.5336,427,116800,0.167456,0.24,1,320654,320227,427
73295801,5.0424,5.50673,427,116800,0.225491,0.18,1,320656,320229,427
73298721,8.20848,3.50135,433,116800,0.229098,0.22,1,320665,320232,433
73301641,34.4417,32.7003,434,116800,0.26982,0.16,1,320706,320272,434
73304561,24.4883,24.9401,433,116800,0.221964,0.06,1,320728,320295,433
73307481,8.09767,8.98801,432,116800,0.172393,0.26,1,320732,320300,432
73310401,8.01953,8.1976,432,116800,0.234479,0.22,1,320740,320308,432
73313321,3.20391,3.23952,432,116800,0.254896,0.19,1,320742,320310,432
73316241,9.44078,11.0479,430,116800,0.226979,0.14,1,320753,320323,430
73319161,5.08816,4.60958,431,116800,0.157396,0.17,1,320757,320326,431
73322081,5.01763,6.52192,429,116800,0.135479,0.22,1,320762,320333,429
73325001,6.60353,2.90438,434,116800,0.251096,0.22,1,320769,320335,434
73327921,7.72071,7.78088,433,116800,0.202219,0.25,1,320777,320344,433
73330841,3.14414,3.15618,433,116800,0.160444,0.25,1,320779,320346,433
73333761,2.22883,2.23124,433,116800,0.144089,0.23,1,320781,320348,433
73336681,2.04577,2.04625,433,116800,0.188818,0.16,1,320783,320350,433
73339601,25.2092,24.4092,434,116800,0.157764,0.23,1,320814,320380,434
73342521,8.24183,8.08185,434,116800,0.215553,0.25,1,320818,320384,434
73345441,6.44837,5.61637,435,116800,0.187111,0.13,1,320824,320389,435
73348361,15.6897,19.5233,430,116800,0.157422,0.17,1,320842,320412,430
73351281,12.7379,13.5047,430,116800,0.239484,0.2,1,320854,320424,430
73354201,7.34759,7.50093,430,116800,0.199897,0.15,1,320860,320430,430
73357121,8.66952,9.50019,429,116800,0.191979,0.16,1,320869,320440,429
73360041,6.5339,3.50004,433,116800,0.254396,0.24,1,320875,320442,433
73362961,18.1068,17.5,433,116800,0.226879,0.22,1,320896,320463,433
73365881,5.22136,6.7,431,116800,0.221376,0.14,1,320898,320467,431
73368801,7.44427,4.54,435,116800,0.212275,0.26,1,320906,320471,435
73371721,7.88885,11.308,430,116800,0.186455,0.23,1,320914,320484,430
73374641,22.3778,18.2616,436,116800,0.157291,0.19,1,320940,320504,436
73377561,6.07555,5.25232,436,116800,0.119458,0.27,1,320942,320506,436
73380481,4.41511,7.45046,432,116800,0.175892,0.2,1,320946,320514,432
73383401,19.283,23.8901,427,116800,0.0911783,0.17,1,320969,320542,427
73386321,14.2566,10.378,433,116800,0.186236,0.28,1,320982,320549,433
73389241,14.0513,11.6756,435,116800,0.229247,0.21,1,320996,320561,435
73392161,16.4103,17.5351,433,116800,0.197849,0.27,1,321013,320580,433
73395081,21.6821,19.507,436,116800,0.18357,0.16,1,321036,320600,436
73398001,9.13641,9.5014,435,116800,0.204714,0.27,1,321042,320607,435
73400921,7.42728,7.50028,435,116800,0.144943,0.22,1,321049,320614,435
73403841,13.4855,14.3001,434,116800,0.260989,0.14,1,321064,320630,434
73406761,6.69709,6.06001,435,116800,0.284198,0.17,1,321069,320634,435
73409681,15.7394,17.212,433,116800,0.28084,0.24,1,321087,320654,433
73412601,4.74788,5.0424,433,116800,0.248168,0.23,1,321089,320656,433
73415521,7.34958,8.20848,432,116800,0.249634,0.28,1,321097,320665,432
73418441,31.0699,34.4417,428,116800,0.201927,0.21,1,321134,320706,428
73421361,28.614,24.4883,434,116800,0.256385,0.16,1,321162,320728,434
73424281,8.9228,8.09767,434,116800,0.243277,0.25,1,321166,320732,434
73427201,5.78456,8.01953,431,116800,0.160655,0.26,1,321171,320740,431
73430121,2.75691,3.20391,431,116800,0.296131,0.22,1,321173,320742,431
73433041,6.15138,9.44078,427,116800,0.307226,0.14,1,321180,320753,427
73435961,10.0303,5.08816,434,116800,0.285445,0.13,1,321191,320757,434
73438881,5.20606,5.01763,433,116800,0.249089,0.28,1,321195,320762,433
73441801,2.64121,6.60353,428,116800,0.217818,0.19,1,321197,320769,428
73444721,7.72824,7.72071,429,116800,0.307564,0.15,1,321206,320777,429
73447641,4.74565,3.14414,431,116800,0.325513,0.14,1,321210,320779,431
73450561,4.14913,2.22883,433,116800,0.281103,0.2,1,321214,320781,433
73453481,2.42983,2.04577,433,116800,0.256221,0.15,1,321216,320783,433
73456401,23.686,25.2092,431,116800,0.219244,0.23,1,321245,320814,431
73459321,7.93719,8.24183,431,116800,0.147849,0.18,1,321249,320818,431
73462241,4.78744,6.44837,429,116800,0.13357,0.15,1,321253,320824,429
73465161,16.1575,15.6897,430,116800,0.130714,0.26,1,321272,320842,430
73468081,14.4315,12.7379,432,116800,0.210143,0.19,1,321286,320854,432
73471001,7.6863,7.34759,432,116800,0.170029,0.19,1,321292,320860,432
73473921,10.3373,8.66952,434,116800,0.178006,0.27,1,321303,320869,434
73476841,3.66745,6.5339,430,116800,0.147601,0.22,1,321305,320875,430
73479761,19.1335,18.1068,432,116800,0.22152,0.22,1,321328,320896,432
73482681,5.4267,5.22136,432,116800,0.236304,0.21,1,321330,320898,432
73485601,4.28534,7.44427,428,116800,0.231261,0.18,1,321334,320906,428
73488521,8.05707,7.88885,429,116800,0.278252,0.15,1,321343,320914,429
73491441,24.8114,22.3778,432,116800,0.24765,0.11,1,321372,320940,432
73494361,6.56228,6.07555,432,116800,0.24153,0.19,1,321374,320942,432
73497281,3.71246,4.41511,431,116800,0.192306,0.07,1,321377,320946,431
73500201,22.3425,19.283,435,116800,0.198461,0.21,1,321404,320969,435
73503121,13.2685,14.2566,433,116800,0.255692,0.24,1,321415,320982,433
73506041,13.8537,14.0513,433,116800,0.267138,0.19,1,321429,320996,433
73508961,17.1707,16.4103,434,116800,0.213428,0.18,1,321447,321013,434
73511881,17.8341,21.6821,429,116800,0.202686,0.21,1,321465,321036,429
73514801,13.1668,9.13641,435,116800,0.288537,0.13,1,321477,321042,435
73517721,8.23337,7.42728,435,116800,0.217707,0.29,1,321484,321049,435
73520641,11.2467,13.4855,432,116800,0.259541,0.29,1,321496,321064,432
73523561,7.84933,6.69709,434,116800,0.267908,0.28,1,321503,321069,434
73526481,16.7699,15.7394,435,116800,0.285582,0.24,1,321522,321087,435
73529401,4.95397,4.74788,435,116800,0.257116,0.25,1,321524,321089,435
73532321,4.19079,7.34958,431,116800,0.227423,0.19,1,321528,321097,431
73535241,34.4382,31.0699,436,116800,0.205485,0.27,1,321570,321134,436
73538161,29.2876,28.614,436,116800,0.129097,0.24,1,321598,321162,436
73541081,9.05753,8.9228,436,116800,0.0498194,0.14,1,321602,321166,436
73544001,5.81151,5.78456,436,116800,0.105964,0.33,1,321607,321171,436
73546921,2.7623,2.75691,436,116800,0.117193,0.31,1,321609,321173,436
73549841,5.35246,6.15138,435,116800,0.279439,0.28,1,321615,321180,435
73552761,4.27049,10.0303,428,116800,0.287888,0.24,1,321619,321191,428
73555681,6.4541,5.20606,431,116800,0.305578,0.21,1,321626,321195,431
73558601,6.89082,2.64121,436,116800,0.285116,0.33,1,321633,321197,436
73561521,6.17816,7.72824,433,116800,0.273023,0.33,1,321639,321206,433
73564441,2.83563,4.74565,431,116800,0.238605,0.27,1,321641,321210,431
73567361,3.76713,4.14913,431,116800,0.199721,0.25,1,321645,321214,431
73570281,3.95343,2.42983,433,116800,0.183944,0.21,1,321649,321216,433
73573201,22.3907,23.686,431,116800,0.252789,0.13,1,321676,321245,431
73576121,10.8781,7.93719,435,116800,0.226558,0.13,1,321684,321249,435
73579041,3.77563,4.78744,433,116800,0.253312,0.13,1,321686,321253,433
73581961,8.75513,16.1575,424,116800,0.210662,0.23,1,321696,321272,424
73584881,16.151,14.4315,428,116800,0.202132,0.16,1,321714,321286,428
73587801,8.8302,7.6863,429,116800,0.248426,0.18,1,321721,321292,429
73590721,15.366,10.3373,435,116800,0.289685,0.14,1,321738,321303,435
73593641,4.67321,3.66745,435,116800,0.321937,0.24,1,321740,321305,435
73596561,16.9346,19.1335,432,116800,0.280387,0.24,1,321760,321328,432
73599481,8.18693,5.4267,436,116800,0.264077,0.23,1,321766,321330,436
73602401,4.83739,4.28534,436,116800,0.204816,0.29,1,321770,321334,436
73605321,5.76748,8.05707,433,116800,0.232963,0.24,1,321776,321343,433
73608241,22.7535,24.8114,431,116800,0.166593,0.24,1,321803,321372,431
73611161,9.3507,6.56228,435,116800,0.313319,0.18,1,321809,321374,435
73614081,3.47014,3.71246,434,116800,0.310664,0.2,1,321811,321377,434
73617001,23.094,22.3425,435,116800,0.254133,0.27,1,321839,321404,435
73619921,11.0188,13.2685,432,116800,0.226827,0.27,1,321847,321415,432
73622841,11.8038,13.8537,430,116800,0.261365,0.2,1,321859,321429,430
73625761,19.1608,17.1707,433,116800,0.212273,0.2,1,321880,321447,433
73628681,19.8322,17.8341,435,116800,0.202455,0.31,1,321900,321465,435
73631601,8.76643,13.1668,429,116800,0.184491,0.2,1,321906,321477,429
73634521,7.35329,8.23337,429,116800,0.252898,0.27,1,321913,321484,429
73637441,15.8707,11.2467,435,116800,0.24258,0.27,1,321931,321496,435
73640361,8.77413,7.84933,435,116800,0.232516,0.29,1,321938,321503,435
73643281,18.5548,16.7699,437,116800,0.222503,0.25,1,321959,321522,437
73646201,5.31097,4.95397,437,116800,0.220501,0.22,1,321961,321524,437
73649121,2.66219,4.19079,435,116800,0.1881,0.2,1,321963,321528,435
73652041,34.1324,34.4382,435,116800,0.23762,0.11,1,322005,321570,435
73654961,22.8265,29.2876,427,116800,0.231524,0.03,1,322025,321598,427
73657881,7.7653,9.05753,427,116800,0.190305,0.12,1,322029,321602,427
73660801,12.7531,5.81151,436,116800,0.246061,0.12,1,322043,321607,436
73663721,4.15061,2.7623,436,116800,0.225212,0.32,1,322045,321609,436
73666641,5.63012,5.35246,436,116800,0.245042,0.29,1,322051,321615,436
73669561,4.32602,4.27049,436,116800,0.257008,0.31,1,322055,321619,436
73672481,4.8652,6.4541,434,116800,0.283402,0.28,1,322060,321626,434
73675401,4.17304,6.89082,431,116800,0.30468,0.27,1,322064,321633,431
73678321,5.63461,6.17816,431,116800,0.244936,0.23,1,322070,321639,431
73681241,4.32692,2.83563,433,116800,0.192987,0.19,1,322074,321641,433
73684161,5.66538,3.76713,435,116800,0.214597,0.18,1,322080,321645,435
73687081,2.73308,3.95343,433,116800,0.250919,0.27,1,322082,321649,433
73690001,24.5466,22.3907,436,116800,0.106184,0.22,1,322112,321676,436
73692921,8.10932,10.8781,432,116800,0.229237,0.26,1,322116,321684,432
73695841,4.82186,3.77563,434,116800,0.189847,0.2,1,322120,321686,434
73698761,7.36437,8.75513,432,116800,0.205969,0.2,1,322128,321696,432
73701681,18.2729,16.151,435,116800,0.137194,0.26,1,322149,321714,435
73704601,6.85457,8.8302,432,116800,0.171439,0.3,1,322153,321721,432
73707521,18.1709,15.366,436,116800,0.210288,0.33,1,322174,321738,436
73710441,6.83418,4.67321,438,116800,0.154058,0.27,1,322178,321740,438
73713361,13.3668,16.9346,433,116800,0.158812,0.26,1,322193,321760,433
73716281,9.87337,8.18693,436,116800,0.175762,0.19,1,322202,321766,436
73719201,6.77467,4.83739,438,116800,0.115152,0.24,1,322208,321770,438
73722121,4.55493,5.76748,436,116800,0.0470305,0.15,1,322212,321776,436
73725041,21.711,22.7535,435,116800,0.113406,0.35,1,322238,321803,435
73727961,7.5422,9.3507,433,116800,0.222681,0.31,1,322242,321809,433
73730881,6.30844,3.47014,437,116800,0.156536,0.24,1,322248,321811,437
73733801,19.6617,23.094,432,116800,0.159307,0.22,1,322271,321839,432
73736721,13.5323,11.0188,436,116800,0.231861,0.27,1,322283,321847,436
73739641,11.5065,11.8038,435,116800,0.262372,0.2,1,322294,321859,435
73742561,16.7013,19.1608,432,116800,0.268474,0.2,1,322312,321880,432
73745481,20.1403,19.8322,433,116800,0.181695,0.18,1,322333,321900,433
73748401,8.82805,8.76643,433,116800,0.196339,0.27,1,322339,321906,433
73751321,7.36561,7.35329,433,116800,0.271268,0.24,1,322346,321913,433
73754241,17.4731,15.8707,435,116800,0.222254,0.23,1,322366,321931,435
73757161,8.29462,8.77413,434,116800,0.252451,0.22,1,322372,321938,434
73760081,16.8589,18.5548,432,116800,0.26649,0.22,1,322391,321959,432
73763001,4.97178,5.31097,432,116800,0.253298,0.18,1,322393,321961,432
73765921,2.59436,2.66219,432,116800,0.25066,0.25,1,322395,321963,432
73768841,35.7189,34.1324,434,116800,0.258132,0.23,1,322439,322005,434
73771761,15.9438,22.8265,425,116800,0.203626,0.18,1,322450,322025,425
73774681,7.98875,7.7653,427,116800,0.192725,0.26,1,322456,322029,427
73777601,16.7978,12.7531,432,116800,0.142545,0.22,1,322475,322043,432
73780521,6.55955,4.15061,434,116800,0.220509,0.25,1,322479,322045,434
73783441,6.91191,5.63012,435,116800,0.180102,0.26,1,322486,322051,435
73786361,4.58238,4.32602,435,116800,0.27602,0.29,1,322490,322055,435
73789281,3.31648,4.8652,433,116800,0.263204,0.31,1,322493,322060,433
73792201,2.2633,4.17304,431,116800,0.260641,0.23,1,322495,322064,431
73795121,6.85266,5.63461,433,116800,0.252128,0.18,1,322503,322070,433
73798041,4.57053,4.32692,433,116800,0.258426,0.22,1,322507,322074,433
73800961,7.31411,5.66538,435,116800,0.259685,0.26,1,322515,322080,435
73803881,3.06282,2.73308,435,116800,0.227937,0.07,1,322517,322082,435
73806801,20.6126,24.5466,430,116800,0.173587,0.26,1,322542,322112,430
73809721,9.72251,8.10932,433,116800,0.0827175,0.18,1,322549,322116,433
73812641,5.1445,4.82186,433,116800,0.224544,0.21,1,322553,322120,433
73815561,4.2289,7.36437,429,116800,0.188909,0.12,1,322557,322128,429
73818481,16.8458,18.2729,428,116800,0.0697817,0.18,1,322577,322149,428
73821401,8.16916,6.85457,430,116800,0.117956,0.22,1,322583,322153,430
73824321,19.2338,18.1709,431,116800,0.191591,0.14,1,322605,322174,431
73827241,5.44677,6.83418,429,116800,0.206318,0.16,1,322607,322178,429
73830161,13.8894,13.3668,430,116800,0.217264,0.18,1,322623,322193,430
73833081,5.97787,9.87337,425,116800,0.227453,0.1,1,322627,322202,425
73836001,8.39557,6.77467,428,116800,0.149491,0.03,1,322636,322208,428
73838921,4.87911,4.55493,428,116800,0.157898,0.13,1,322640,322212,428
73841841,21.7758,21.711,428,116800,0.21558,0.25,1,322666,322238,428
73844761,9.15516,7.5422,430,116800,0.163116,0.14,1,322672,322242,430
73847681,6.63103,6.30844,430,116800,0.176623,0.16,1,322678,322248,430
73850601,22.1262,19.6617,433,116800,0.147325,0.25,1,322704,322271,433
73853521,15.6252,13.5323,435,116800,0.109465,0.27,1,322718,322283,435
73856441,11.125,11.5065,434,116800,0.173893,0.27,1,322728,322294,434
73859361,15.825,16.7013,433,116800,0.186779,0.16,1,322745,322312,433
73862281,16.765,20.1403,429,116800,0.221356,0.2,1,322762,322333,429
73865201,12.153,8.82805,434,116800,0.212271,0.29,1,322773,322339,434
73868121,9.6306,7.36561,436,116800,0.138454,0.21,1,322782,322346,436
73871041,15.5261,17.4731,433,116800,0.219691,0.26,1,322799,322366,433
73873961,7.90522,8.29462,433,116800,0.195938,0.27,1,322805,322372,433
73876881,15.981,16.8589,432,116800,0.159188,0.25,1,322823,322391,432
73879801,4.79621,4.97178,432,116800,0.119838,0.25,1,322825,322393,432
73882721,2.55924,2.59436,432,116800,0.175967,0.26,1,322827,322395,432
73885641,34.1119,35.7189,430,116800,0.131194,0.19,1,322869,322439,430
73888561,18.8224,15.9438,434,116800,0.218239,0.19,1,322884,322450,434
73891481,7.76447,7.98875,433,116800,0.219648,0.13,1,322889,322456,433
73894401,12.7529,16.7978,428,116800,0.22793,0.24,1,322903,322475,428
73897321,5.75058,6.55955,428,116800,0.173586,0.17,1,322907,322479,428
73900241,11.5501,6.91191,434,116800,0.194717,0.3,1,322920,322486,434
73903161,3.91002,4.58238,432,116800,0.166943,0.26,1,322922,322490,432
73906081,5.582,3.31648,435,116800,0.217389,0.26,1,322928,322493,435
73909001,2.7164,2.2633,435,116800,0.195478,0.25,1,322930,322495,435
73911921,6.14328,6.85266,434,116800,0.239096,0.26,1,322937,322503,434
73914841,2.82866,4.57053,432,116800,0.247819,0.26,1,322939,322507,432
73917761,2.16573,7.31411,426,116800,0.257564,0.22,1,322941,322515,426
73920681,3.63315,3.06282,428,116800,0.243513,0.16,1,322945,322517,428
73923601,24.7266,20.6126,433,116800,0.224703,0.06,1,322975,322542,433
73926521,8.14533,9.72251,430,116800,0.180941,0.26,1,322979,322549,430
73929441,3.22907,5.1445,428,116800,0.140188,0.18,1,322981,322553,428
73932361,3.84581,4.2289,428,116800,0.0600376,0.04,1,322985,322557,428
73935281,14.3692,16.8458,425,116800,0.140008,0.13,1,323002,322577,425
73938201,7.67383,8.16916,425,116800,0.124002,0.21,1,323008,322583,425
73941121,24.7348,19.2338,432,116800,0.1768,0.21,1,323037,322605,432
73944041,6.54695,5.44677,432,116800,0.18736,0.22,1,323039,322607,432
73946961,11.7094,13.8894,429,116800,0.133472,0.23,1,323052,322623,429
73949881,5.54188,5.97787,429,116800,0.130694,0.13,1,323056,322627,429
73952801,11.5084,8.39557,433,116800,0.170139,0.16,1,323069,322636,433
73955721,5.50168,4.87911,433,116800,0.186028,0.23,1,323073,322640,433
73958641,19.5003,21.7758,430,116800,0.157206,0.15,1,323096,322666,430
73961561,8.70007,9.15516,430,118260,0.151441,0.18,1,323102,322672,430
73964481,4.94001,6.63103,428,118260,0.0862882,0.14,1,323106,322678,428
73967401,22.588,22.1262,429,118260,0.129258,0.1,1,323133,322704,429
73970321,18.1176,15.6252,432,118260,0.177852,0.19,1,323150,322718,432
73973241,8.42352,11.125,428,118260,0.0995703,0.19,1,323156,322728,428
73976161,16.8847,15.825,430,118260,0.0999141,0.23,1,323175,322745,430
73979081,18.5769,16.765,432,118260,0.0679828,0.21,1,323194,322762,432
73982001,10.1154,12.153,429,118260,0.117597,0.12,1,323202,322773,429
73984921,10.8231,9.6306,431,118260,0.151519,0.24,1,323213,322782,431
73987841,17.3646,15.5261,433,118260,0.150304,0.19,1,323232,322799,433
73990761,5.87292,7.90522,430,118260,0.158061,0.15,1,323235,322805,430
73993681,16.3746,15.981,431,118260,0.199612,0.11,1,323254,322823,431
73996601,5.67492,4.79621,432,118260,0.191922,0.19,1,323257,322825,432
73999521,2.73498,2.55924,432,118260,0.214384,0.12,1,323259,322827,432
74002441,35.747,34.1119,434,118260,0.146877,0.24,1,323303,322869,434
74005361,13.5494,18.8224,427,118260,0.157375,0.22,1,323311,322884,427
74008281,9.10988,7.76447,430,118260,0.183475,0.23,1,323319,322889,430
74011201,9.02198,12.7529,425,118260,0.196695,0.16,1,323328,322903,425
74014121,3.4044,5.75058,423,118260,0.207339,0.2,1,323330,322907,423
74017041,17.4809,11.5501,431,118260,0.0894678,0.16,1,323351,322920,431
74019961,6.69618,3.91002,433,118260,0.217894,0.23,1,323355,322922,433
74022881,6.13924,5.582,433,118260,0.187579,0.19,1,323361,322928,433
74025801,2.82785,2.7164,433,118260,0.237516,0.25,1,323363,322930,433
74028721,4.56557,6.14328,431,118260,0.247503,0.25,1,323368,322937,431
74031641,2.51311,2.82866,431,118260,0.241501,0.26,1,323370,322939,431
74034561,2.10262,2.16573,431,118260,0.2483,0.24,1,323372,322941,431
74037481,3.62052,3.63315,431,118260,0.27366,0.22,1,323376,322945,431
74040401,19.1241,24.7266,424,118260,0.238732,0.17,1,323399,322975,424
74043321,12.6248,8.14533,431,118260,0.151746,0.13,1,323410,322979,431
74046241,4.12496,3.22907,431,118260,0.222349,0.04,1,323412,322981,431
74049161,5.62499,3.84581,433,118260,0.25247,0.16,1,323418,322985,433
74052081,9.125,14.3692,426,118260,0.266494,0.12,1,323428,323002,426
74055001,13.025,7.67383,434,118260,0.173299,0.19,1,323442,323008,434
74057921,21.805,24.7348,429,118260,0.16266,0.19,1,323466,323037,429
74060841,5.961,6.54695,429,118260,0.200532,0.12,1,323468,323039,429
74063761,13.9922,11.7094,432,118260,0.248106,0.13,1,323484,323052,432
74066681,4.39844,5.54188,430,118260,0.225621,0.18,1,323486,323056,430
74069601,7.27969,11.5084,425,118260,0.269124,0.19,1,323494,323069,425
74072521,4.65594,5.50168,425,118260,0.277825,0.15,1,323498,323073,425
74075441,20.9312,19.5003,427,119720,0.319565,0.15,1,323523,323096,427
74078361,8.98624,3.90007,433,119720,0.327913,0.15,1,323529,323096,433
74081281,5.79725,5.58001,432,119720,0.337583,0.07,1,323534,323102,432
74084201,21.9595,4.316,454,119720,0.187517,0.14,1,323560,323106,454
74087121,13.9919,22.4632,439,119720,0.237503,0.19,1,323572,323133,439
74090041,13.9984,18.0926,436,119720,0.215501,0.08,1,323586,323150,436
74092961,13.1997,8.41853,443,119720,0.1871,0.1,1,323599,323156,443
74095881,19.4399,16.8837,445,119720,0.28542,0.06,1,323620,323175,445
74098801,9.48799,18.5767,433,119720,0.225084,0.13,1,323627,323194,433
74101721,13.0976,10.1153,439,119720,0.293017,0.16,1,323641,323202,439
74104641,17.0195,10.8231,446,119720,0.266603,0.15,1,323659,323213,446
74107561,6.6039,17.3646,431,119720,0.277321,0.16,1,323663,323232,431
74110481,17.3208,5.87292,448,119720,0.199464,0.21,1,323683,323235,448
74113401,8.26416,16.3746,435,119720,0.271893,0.19,1,323689,323254,435
74116321,3.25283,5.67492,434,119720,0.254379,0.22,1,323691,323257,434
74119241,33.4506,2.73498,473,119720,0.250876,0.13,1,323732,323259,473
74122161,15.4901,35.747,440,119720,0.242175,0.16,1,323743,323303,440
74125081,7.89802,13.5494,438,119720,0.248435,0.19,1,323749,323311,438
74128001,5.5796,9.10988,435,119720,0.241687,0.2,1,323754,323319,435
74130921,8.31592,9.02198,435,119720,0.272337,0.21,1,323763,323328,435
74133841,16.0632,3.4044,451,119720,0.182467,0.06,1,323781,323330,451
74136761,8.81264,17.4809,437,119720,0.204494,0.25,1,323788,323351,437
74139681,5.76253,6.69618,438,119720,0.280899,0.18,1,323793,323355,438
74142601,3.55251,6.13924,435,119720,0.24818,0.25,1,323796,323361,435
74145521,6.3105,2.82785,440,119720,0.217636,0.25,1,323803,323363,440
74148441,2.8621,4.56557,437,119720,0.275527,0.24,1,323805,323368,437
74150961,2.17242,2.51311,437,119720,0.303105,0.28,1,323807,323370,437
74153881,3.63448,5.30262,435,119720,0.260621,0.28,1,323811,323376,435
74156801,11.9269,1.06052,449,119720,0.324124,0.23,1,323825,323376,449
74159721,15.9854,18.6121,443,119720,0.264825,0.13,1,323842,323399,443
74162641,4.79708,12.5224,434,119720,0.220965,0.24,1,323844,323410,434
74165561,8.15942,4.10448,441,119720,0.236193,0.26,1,323853,323412,441
74168481,4.83188,5.6209,439,119720,0.279239,0.27,1,323857,323418,439
74171401,14.5664,9.12418,446,119720,0.223848,0.15,1,323874,323428,446
74174321,22.9133,13.0248,457,119720,0.25277,0.16,1,323899,323442,457
74177241,6.98265,21.805,436,119720,0.218554,0.21,1,323902,323466,436
74180161,14.9965,5.96099,451,119720,0.299711,0.26,1,323919,323468,451
74183081,4.59931,13.9922,437,119720,0.323942,0.22,1,323921,323484,437
74186001,4.11986,4.39844,439,119720,0.264788,0.28,1,323925,323486,439
74188921,4.02397,7.27969,435,119720,0.228958,0.28,1,323929,323494,435
74191841,2.40479,4.65594,433,121180,0.221792,0.33,1,323931,323498,433
74194761,24.481,20.9312,438,121180,0.316358,0.33,1,323961,323523,438
74197681,6.49619,8.98624,434,121180,0.327272,0.34,1,323963,323529,434
74200601,4.49924,5.79725,433,121180,0.305454,0.15,1,323967,323534,433
74203521,23.2998,21.9595,435,121180,0.333091,0.25,1,323995,323560,435
74206441,11.06,13.9919,431,121180,0.330618,0.21,1,324003,323572,431
74209361,12.612,13.9984,430,121180,0.274124,0.18,1,324016,323586,430
74212281,16.9224,13.1997,435,121180,0.342825,0.31,1,324034,323599,435
74215201,22.5845,19.4399,438,121180,0.228565,0.21,1,324058,323620,438
74218121,9.3169,9.48799,437,121180,0.325713,0.31,1,324064,323627,437
74221041,13.8634,13.0976,438,121180,0.297143,0.26,1,324079,323641,438
74223961,16.3727,17.0195,437,121180,0.355429,0.28,1,324096,323659,437
74226881,5.67454,6.6039,436,121180,0.383086,0.18,1,324099,323663,436
74229801,16.3349,17.3208,435,121180,0.388617,0.29,1,324118,323683,435
74232721,8.86698,8.26416,436,121180,0.397723,0.25,1,324125,323689,436
74235641,3.3734,3.25283,436,121180,0.407545,0.25,1,324127,323691,436
74238561,31.0747,33.4506,433,121180,0.377509,0.24,1,324165,323732,433
74241481,14.2149,15.4901,432,121180,0.379502,0.25,1,324175,323743,432
74244401,11.643,7.89802,437,121180,0.4119,0.24,1,324186,323749,437
74247321,6.3286,5.5796,437,121180,0.39438,0.28,1,324191,323754,437
74250241,2.86572,8.31592,430,121180,0.398876,0.16,1,324193,323763,430
74253161,20.5731,16.0632,437,121180,0.311775,0.21,1,324218,323781,437
74256081,5.71463,8.81264,432,121180,0.294355,0.3,1,324220,323788,432
74259001,5.94293,5.76253,433,121180,0.362871,0.24,1,324226,323793,433
74261921,6.78859,3.55251,437,121180,0.368574,0.21,1,324233,323796,437
74264841,5.35772,6.3105,435,121180,0.409715,0.29,1,324238,323803,435
74267761,5.87154,2.8621,439,121180,0.353943,0.31,1,324244,323805,439
74270681,2.77431,2.17242,439,121180,0.350789,0.25,1,324246,323807,439
74273601,3.75486,3.63448,439,121180,0.350158,0.34,1,324250,323811,439
74276521,11.951,11.9269,439,121180,0.382032,0.25,1,324264,323825,439
74279441,11.1902,15.9854,433,121180,0.428406,0.21,1,324275,323842,433
74282361,5.43804,4.79708,435,121180,0.381681,0.24,1,324279,323844,435
74285281,9.08761,8.15942,436,121180,0.364336,0.29,1,324289,323853,436
74288201,6.61752,4.83188,438,121180,0.400867,0.21,1,324295,323857,438
74291121,11.7235,14.5664,434,121180,0.352173,0.26,1,324308,323874,434
74294041,21.5447,22.9133,433,121180,0.414435,0.21,1,324332,323899,433
74296961,10.7089,6.98265,438,121180,0.314887,0.32,1,324340,323902,438
74299881,11.7418,14.9965,433,121180,0.350977,0.33,1,324352,323919,433
74302801,3.94836,4.59931,433,121180,0.358195,0.25,1,324354,323921,433
74305721,8.78967,4.11986,439,121180,0.415639,0.22,1,324364,323925,439
74308001,4.95793,4.02397,439,121180,0.419128,0.24,1,324368,323929,439
74310921,2.59159,1.60479,440,121180,0.395826,0.22,1,324370,323930,440
74313841,22.1183,1.12096,466,121180,0.407165,0.34,1,324397,323931,466
74316761,8.42366,24.2242,441,121180,0.393433,0.33,1,324402,323961,441
74319681,4.08473,6.44484,442,121180,0.358687,0.3,1,324405,323963,442
74322601,23.2169,4.48897,466,121180,0.303737,0.34,1,324433,323967,466
74325521,9.44339,23.2978,444,121180,0.324747,0.33,1,324439,323995,444
74328441,16.2887,11.0596,454,121180,0.328949,0.26,1,324457,324003,454
74331361,12.8577,12.6119,453,121180,0.25779,0.36,1,324469,324016,453
74334281,24.9715,16.9224,463,121180,0.235558,0.2,1,324497,324034,463
74337201,9.79431,22.5845,445,121180,0.303112,0.35,1,324503,324058,445
74340121,13.9589,9.3169,454,121180,0.332622,0.29,1,324518,324064,454
74343041,15.5918,13.8634,455,121180,0.338524,0.37,1,324534,324079,455
74345961,7.91835,16.3727,444,121180,0.307705,0.39,1,324540,324096,444
74348881,17.5837,5.67454,461,121180,0.357541,0.39,1,324560,324099,461
74351801,8.31673,16.3349,448,121180,0.311508,0.4,1,324566,324118,448
74354721,3.26335,8.86698,443,121180,0.310302,0.41,1,324568,324125,443
74357641,31.0527,3.3734,479,121180,0.35006,0.37,1,324606,324127,479
74360561,14.2105,31.0747,451,121180,0.270012,0.38,1,324616,324165,451
74363481,9.24211,14.2149,449,121180,0.294002,0.42,1,324624,324175,449
74366401,8.24842,11.643,446,121180,0.3228,0.39,1,324632,324186,446
74369321,4.04968,6.3286,444,121180,0.34456,0.4,1,324635,324191,444
74372241,18.4099,2.86572,464,121180,0.276912,0.29,1,324657,324193,464
74375161,5.28199,20.5731,441,121180,0.239382,0.29,1,324659,324218,441
74378081,8.2564,5.71463,448,121180,0.343876,0.38,1,324668,324220,448
74381001,3.25128,5.94293,444,121180,0.372775,0.37,1,324670,324226,444
74383921,5.45026,6.78859,443,121180,0.298555,0.42,1,324676,324233,443
74386841,6.69005,5.35772,445,121180,0.307711,0.34,1,324683,324238,445
74389121,2.93801,5.87154,441,121180,0.293542,0.39,1,324685,324244,441
74392041,3.7876,4.37431,441,121180,0.322708,0.35,1,324689,324248,441
74394961,14.3575,2.47486,456,121180,0.320542,0.39,1,324706,324250,456
74397881,4.4715,11.695,444,121180,0.320108,0.44,1,324708,324264,444
74400801,8.8943,11.139,443,121180,0.336022,0.37,1,324718,324275,443
74403721,8.97886,5.4278,448,121180,0.283204,0.36,1,324727,324279,448
74406641,6.59577,9.08556,444,121180,0.232641,0.41,1,324733,324289,444
74409561,14.9192,6.61711,455,121180,0.262528,0.34,1,324750,324295,455
74412481,15.7838,11.7234,458,121180,0.292506,0.43,1,324766,324308,458
74415401,13.5568,21.5447,447,121180,0.338501,0.29,1,324779,324332,447
74418321,13.9114,10.7089,453,121180,0.3717,0.36,1,324793,324340,453
74421241,4.38227,11.7418,443,121180,0.38634,0.36,1,324795,324352,443
74424161,5.67645,3.94836,447,121180,0.365268,0.43,1,324801,324354,447
74427081,4.33529,8.78967,441,121180,0.353054,0.42,1,324805,324364,441
74430001,2.46706,4.95793,439,121180,0.350611,0.39,1,324807,324368,439
74432921,22.0934,2.59159,464,121180,0.238122,0.41,1,324834,324370,464
74435841,9.21868,22.1183,443,121180,0.295624,0.39,1,324840,324397,443
74438761,3.44374,8.42366,440,121180,0.387125,0.35,1,324842,324402,440
74441681,23.0887,4.08473,465,121180,0.293425,0.29,1,324870,324405,465
74444601,11.0177,23.2169,445,121180,0.266685,0.33,1,324878,324433,445
74447521,11.0035,9.44339,450,121180,0.325337,0.33,1,324889,324439,450
74450441,11.8007,16.2887,444,121180,0.329067,0.24,1,324901,324457,444
74453361,25.5601,12.8577,461,121180,0.273813,0.23,1,324930,324469,461
74456281,14.712,24.9715,445,121180,0.366763,0.32,1,324942,324497,445
74459201,10.1424,9.79431,448,121180,0.353353,0.34,1,324951,324503,448
74462121,18.0285,13.9589,453,121180,0.270671,0.34,1,324971,324518,453
74465041,9.2057,15.5918,444,121180,0.374134,0.3,1,324978,324534,444
74467961,16.2411,7.91835,456,121180,0.362827,0.37,1,324996,324540,456
74470881,12.0482,17.5837,447,121180,0.344565,0.3,1,325007,324560,447
74473801,4.00965,8.31673,443,121180,0.308913,0.31,1,325009,324566,443
74476721,25.6019,3.26335,472,121180,0.349783,0.36,1,325040,324568,472
74479641,15.5204,31.0527,447,121180,0.365957,0.25,1,325053,324606,447
74482561,10.3041,14.2105,446,121180,0.297191,0.3,1,325062,324616,446
74485481,7.66082,9.24211,445,121180,0.323438,0.33,1,325069,324624,445
74488401,3.13216,8.24842,439,121180,0.296688,0.35,1,325071,324632,439
74491321,20.6264,4.04968,461,121180,0.291338,0.26,1,325096,324635,461
74494241,5.72529,18.4099,441,121180,0.258267,0.23,1,325098,324657,441
74497161,4.34506,5.28199,443,121180,0.259654,0.37,1,325102,324659,443
74500081,4.06901,8.2564,438,121180,0.283931,0.38,1,325106,324668,438
74503001,8.0138,3.25128,445,121180,0.344786,0.28,1,325115,324670,445
74505921,6.40276,5.45026,445,121180,0.348957,0.31,1,325121,324676,445
74508841,2.88055,6.69005,440,121180,0.325791,0.29,1,325123,324683,440
74511761,3.77611,2.93801,442,121180,0.289158,0.33,1,325127,324685,442
74514681,13.5552,3.7876,454,121180,0.337832,0.32,1,325143,324689,454
74517601,4.31104,14.3575,439,121180,0.347566,0.32,1,325145,324706,439
74520521,5.66221,4.4715,443,121180,0.365513,0.34,1,325151,324708,443
74523441,10.7324,8.8943,445,121180,0.313103,0.27,1,325163,324718,445
74526361,6.14649,8.97886,441,121180,0.262621,0.22,1,325168,324727,441
74529281,16.4293,6.59577,454,121180,0.260524,0.27,1,325187,324733,454
74532201,18.4859,14.9192,456,121180,0.308105,0.3,1,325206,324750,456
74535121,7.69717,15.7838,445,121180,0.253621,0.35,1,325211,324766,445
74538041,16.7394,13.5568,451,121180,0.322724,0.38,1,325230,324779,451
74540961,6.54789,13.9114,441,121180,0.368545,0.39,1,325234,324793,441
74543881,6.90958,4.38227,446,121180,0.401709,0.36,1,325241,324795,446
74546801,6.18192,5.67645,446,121180,0.368342,0.35,1,325247,324801,446
74549721,2.83638,4.33529,444,121180,0.369668,0.35,1,325249,324805,444
74552641,22.1673,2.46706,469,121180,0.305934,0.21,1,325276,324807,469
74555561,8.43346,22.0934,447,121180,0.317187,0.31,1,325281,324834,447
74558481,4.08669,9.21868,444,121180,0.271437,0.41,1,325284,324840,444
74561401,17.6173,3.44374,463,121180,0.238287,0.27,1,325305,324842,463
74564321,12.3235,23.0887,446,121180,0.287657,0.26,1,325316,324870,446
74567241,11.2647,11.0177,449,121180,0.321531,0.34,1,325327,324878,449
74570161,14.2529,11.0035,453,121180,0.368306,0.33,1,325342,324889,453
74573081,25.2506,11.8007,469,121180,0.361661,0.26,1,325370,324901,469
74576001,13.0501,25.5601,450,121180,0.248332,0.39,1,325380,324930,450
74578921,7.41002,14.712,444,121180,0.305666,0.35,1,325386,324942,444
74581841,21.482,10.1424,460,121180,0.285133,0.25,1,325411,324951,460
74584761,7.4964,18.0285,444,121180,0.273027,0.4,1,325415,324971,444
74587681,16.6993,9.2057,456,121180,0.294605,0.36,1,325434,324978,456
74590601,9.73986,16.2411,446,121180,0.322921,0.34,1,325442,324996,446
74593521,6.74797,12.0482,441,121180,0.320584,0.3,1,325448,325007,441
74596441,26.1496,4.00965,470,121180,0.336117,0.36,1,325479,325009,470
74599361,11.6299,25.6019,447,121180,0.363223,0.37,1,325487,325040,447
74602281,15.126,15.5204,450,121180,0.320645,0.28,1,325503,325053,450
74605201,5.4252,10.3041,444,121180,0.288129,0.33,1,325506,325062,444
74608121,2.68504,7.66082,439,121180,0.337626,0.29,1,325508,325069,439
74611041,19.737,3.13216,461,121180,0.251525,0.29,1,325532,325071,461
74613961,8.7474,20.6264,442,121180,0.250305,0.25,1,325538,325096,442
74616881,4.14948,5.72529,443,121180,0.274061,0.26,1,325541,325098,443
74618961,4.8299,4.34506,444,121180,0.278812,0.4,1,325546,325102,444
74621881,4.16598,6.46901,441,121180,0.327762,0.36,1,325550,325109,441
74624801,6.4332,6.0938,442,121180,0.361553,0.35,1,325557,325115,442
74627721,2.88664,6.01876,438,121180,0.392311,0.32,1,325559,325121,438
74630641,3.77733,2.80375,440,121180,0.358462,0.28,1,325563,325123,440
74633561,16.7555,3.76075,456,121180,0.367692,0.35,1,325583,325127,456
74636481,4.95109,13.5522,442,121180,0.377539,0.35,1,325585,325143,442
74639401,2.59022,4.31043,442,121180,0.411508,0.37,1,325587,325145,442
74642321,9.31804,5.66209,447,121180,0.402302,0.3,1,325598,325151,447
74645241,8.26361,10.7324,443,121180,0.30446,0.25,1,325606,325163,443
74648161,11.2527,6.14648,450,121180,0.332892,0.26,1,325618,325168,450
74651081,23.0505,16.4293,457,121180,0.298578,0.32,1,325644,325187,457
74654001,9.41011,18.4859,444,121180,0.315716,0.24,1,325650,325206,444
74656921,18.682,7.69717,460,121180,0.239143,0.34,1,325671,325211,460
74659841,5.3364,16.7394,443,121180,0.207829,0.38,1,325673,325230,443
74662761,5.86728,6.54789,445,121180,0.289566,0.41,1,325679,325234,445
74665681,5.97346,6.90958,444,121180,0.353913,0.36,1,325685,325241,444
74668601,2.79469,6.18192,440,121180,0.334783,0.37,1,325687,325247,440
74671521,22.1589,2.83638,465,121180,0.298957,0.29,1,325714,325249,465
74674441,7.63179,22.1673,442,121180,0.259791,0.32,1,325718,325276,442
74677361,3.12636,8.43346,439,121180,0.259958,0.26,1,325720,325281,439
74680281,18.2253,4.08669,458,121180,0.291992,0.23,1,325742,325284,458
74683201,12.4451,17.6173,448,121180,0.194398,0.3,1,325753,325305,448
74686121,8.88901,12.3235,445,121180,0.21488,0.33,1,325761,325316,445
74689041,12.9778,11.2647,448,121180,0.274976,0.38,1,325775,325327,448
74691961,24.9956,14.2529,461,121180,0.302995,0.36,1,325803,325342,461
74694881,15.3991,25.2506,446,121180,0.196599,0.22,1,325816,325370,446
74697801,10.2798,13.0501,445,121180,0.21532,0.32,1,325825,325380,445
74700721,22.856,7.41002,465,121180,0.139064,0.28,1,325851,325386,465
74703641,7.77119,21.482,444,121180,0.203813,0.27,1,325855,325411,444
74706561,15.1542,7.4964,457,121180,0.280763,0.3,1,325872,325415,457
74709481,11.8308,16.6993,449,121180,0.216153,0.33,1,325883,325434,449
74712401,3.96617,9.73986,443,121180,0.251231,0.32,1,325885,325442,443
74715321,27.9932,6.74797,471,121180,0.282246,0.34,1,325919,325448,471
74718241,11.9986,26.1496,448,121180,0.288449,0.37,1,325927,325479,448
74721161,11.9997,11.6299,452,121180,0.28169,0.31,1,325939,325487,452
74724081,4.79995,15.126,439,121180,0.288338,0.28,1,325942,325503,439
74727001,2.55999,5.4252,438,121180,0.265668,0.35,1,325944,325506,438
74729921,19.712,2.68504,460,121180,0.221134,0.23,1,325968,325508,460
74732841,7.1424,19.737,440,121180,0.156227,0.25,1,325972,325532,440
74735761,7.82848,8.7474,442,121180,0.255245,0.28,1,325980,325538,442
74738681,4.7657,4.14948,443,121180,0.291049,0.28,1,325984,325541,443
74741601,4.95314,4.8299,443,121180,0.22621,0.34,1,325989,325546,443
74744521,5.79063,4.16598,445,121180,0.269242,0.37,1,325995,325550,445
74747441,2.75813,6.4332,440,121180,0.245848,0.4,1,325997,325557,440
74750361,5.35163,2.88664,444,121180,0.21717,0.35,1,326003,325559,444
74753281,17.0703,3.77733,460,121180,0.251434,0.37,1,326023,325563,460
74756201,5.01406,16.7555,442,121180,0.226287,0.38,1,326025,325583,442
74759121,2.60281,4.95109,442,121180,0.245257,0.42,1,326027,325585,442
74762041,3.72056,2.59022,444,121180,0.225051,0.4,1,326031,325587,444
74764961,11.1441,9.31804,446,121180,0.24501,0.28,1,326044,325598,446
74767881,7.02882,8.26361,444,121180,0.153002,0.34,1,326050,325606,444
74770801,27.8058,11.2527,465,121180,0.1426,0.29,1,326083,325618,465
74773721,9.56115,23.0505,444,121180,0.0845201,0.32,1,326088,325644,444
74776641,17.1122,9.41011,457,121180,0.184904,0.22,1,326107,325650,457
74779561,5.82245,18.682,439,121180,0.180981,0.2,1,326110,325671,439
74782481,5.16449,5.3364,442,121180,0.172196,0.31,1,326115,325673,442
74785401,5.8329,5.86728,442,119720,0.186439,0.37,1,326121,325679,442
74788321,2.76658,5.97346,438,119720,0.245288,0.33,1,326123,325685,438
74791241,21.3533,2.79469,462,119720,0.185058,0.29,1,326149,325687,462
74794161,10.6707,22.1589,443,119720,0.205012,0.25,1,326157,325714,443
74797081,3.73413,7.63179,441,119720,0.185002,0.26,1,326159,325718,441
74800001,10.3468,3.12636,451,119720,0.245,0.3,1,326171,325720,451
74802921,14.0694,18.2253,444,119720,0.137,0.17,1,326186,325742,444
74805841,9.21387,12.4451,441,119720,0.1234,0.22,1,326194,325753,441
74808761,14.6428,8.88901,449,119720,0.12868,0.29,1,326210,325761,449
74811681,21.3286,12.9778,458,119720,0.137736,0.31,1,326233,325775,458
74814601,15.4657,24.9956,444,119720,0.187547,0.17,1,326247,325803,444
74817521,9.49314,15.3991,439,119720,0.237509,0.22,1,326255,325816,439
74820441,21.0986,10.2798,454,119720,0.223502,0.12,1,326279,325825,454
74823361,13.0197,22.856,439,119720,0.2607,0.22,1,326290,325851,439
74826281,11.4039,7.77119,446,119720,0.28414,0.3,1,326301,325855,446
74829201,12.6808,15.1542,442,119720,0.264828,0.2,1,326314,325872,442
74832121,4.93616,11.8308,434,119720,0.204966,0.26,1,326317,325883,434
74835041,29.7872,3.96617,468,119720,0.120993,0.29,1,326353,325885,468
74837961,13.1574,27.9932,443,119720,0.200199,0.29,1,326362,325919,443
74840881,9.03149,11.9986,443,119720,0.20004,0.28,1,326370,325927,443
74843801,3.4063,11.9997,433,119720,0.168008,0.29,1,326372,325939,433
74846721,3.08126,4.79995,433,119720,0.217602,0.26,1,326375,325942,433
74849641,19.8163,2.55999,455,119720,0.14752,0.21,1,326399,325944,455
74852561,8.76325,19.712,437,119720,0.0935041,0.14,1,326405,325968,437
74855481,7.35265,7.1424,440,119720,0.170701,0.28,1,326412,325972,440
74858401,7.07053,7.82848,439,119720,0.18614,0.3,1,326419,325980,439
74861321,4.61411,4.7657,439,119720,0.197228,0.21,1,326423,325984,439
74864241,4.12282,4.95314,438,119720,0.135446,0.28,1,326427,325989,438
74867161,2.42456,5.79063,434,119720,0.147089,0.24,1,326429,325995,434
74870081,3.68491,2.75813,436,119720,0.165418,0.21,1,326433,325997,436
74873001,19.937,5.35163,454,119720,0.233084,0.26,1,326457,326003,454
74875921,5.5874,17.0703,436,119720,0.254617,0.22,1,326459,326023,436
74878841,2.71748,5.01406,436,119720,0.226923,0.25,1,326461,326025,436
74881761,3.7435,2.60281,438,119720,0.229385,0.22,1,326465,326027,438
74884681,3.9487,3.72056,438,119720,0.253877,0.25,1,326469,326031,438
74887601,9.58974,11.1441,436,119720,0.282775,0.13,1,326480,326044,436
74890521,31.5179,7.02882,467,119720,0.192555,0.14,1,326517,326050,467
74893441,9.50359,27.8058,438,119720,0.166511,0.07,1,326521,326083,438
74896361,14.7007,9.56115,449,119720,0.177302,0.21,1,326537,326088,449
74899281,4.54014,17.1122,432,119720,0.19546,0.18,1,326539,326107,432
74902201,8.90803,5.82245,439,119720,0.223092,0.19,1,326549,326110,439
74905121,4.98161,9.96449,432,119720,0.196618,0.26,1,326553,326121,432
74908041,4.19632,3.5929,434,119720,0.135324,0.17,1,326557,326123,434
74910961,19.2393,21.5186,431,119720,0.211065,0.21,1,326580,326149,431
74913881,8.64785,10.7037,429,119720,0.194213,0.18,1,326586,326157,429
74916801,8.12957,3.74074,435,119720,0.174843,0.26,1,326594,326159,435
74919721,7.22591,10.3481,430,119720,0.170969,0.11,1,326601,326171,430
74922641,15.8452,14.0696,433,119720,0.218194,0.12,1,326619,326186,433
74925561,7.96904,9.21393,431,119720,0.171639,0.13,1,326625,326194,431
74928481,13.5938,14.6428,430,119720,0.226328,0.14,1,326640,326210,430
74931401,21.1188,21.3286,430,119720,0.253266,0.2,1,326663,326233,430
74934321,19.4238,15.4657,435,119720,0.290653,0.25,1,326682,326247,435
74937241,7.08475,9.49314,431,119720,0.298131,0.22,1,326686,326255,431
74940161,20.617,21.0986,431,119720,0.323626,0.27,1,326710,326279,431
74943081,16.1234,13.0197,435,119720,0.280725,0.29,1,326725,326290,435
74946001,12.0247,11.4039,435,119720,0.328145,0.26,1,326736,326301,435
74948921,5.60494,12.6808,426,119720,0.329629,0.19,1,326740,326314,426
74951841,3.52099,4.93616,426,119720,0.313926,0.1,1,326743,326317,426
74954761,35.1042,29.7872,433,119720,0.246785,0.22,1,326786,326353,433
74957681,11.8208,13.1574,430,119720,0.193357,0.2,1,326792,326362,430
74960601,8.76417,9.03149,430,119720,0.270671,0.16,1,326800,326370,430
74963521,4.95283,3.4063,432,119720,0.278134,0.23,1,326804,326372,432
74966441,2.59057,3.08126,431,119720,0.295627,0.13,1,326806,326375,431
74969361,15.7181,19.8163,426,119720,0.267125,0.08,1,326825,326399,426
74972281,10.3436,8.76325,429,119720,0.141425,0.19,1,326834,326405,429
74975201,9.26872,7.35265,431,119720,0.124285,0.19,1,326843,326412,431
74978121,6.65375,7.07053,430,119720,0.152857,0.2,1,326849,326419,430
74981041,4.53075,4.61411,430,119720,0.102571,0.12,1,326853,326423,430
74983961,6.50615,4.12282,433,119720,0.204514,0.15,1,326860,326427,433
74986881,3.70123,2.42456,434,119720,0.248903,0.17,1,326863,326429,434
74989201,3.94025,3.68491,434,119720,0.225781,0.25,1,326867,326433,434
74992121,21.5881,19.937,436,119720,0.165156,0.26,1,326893,326457,436
74995041,5.91761,5.5874,436,119720,0.153031,0.22,1,326895,326459,436
74997961,2.78352,2.71748,436,119720,0.150606,0.23,1,326897,326461,436
75000641,3.7567,3.7435,436,119720,0.230121,0.26,1,326901,326465,436
75003561,3.95134,3.9487,436,119720,0.230024,0.29,1,326905,326469,436
75006481,2.39027,9.58974,427,119720,0.222005,0.17,1,326907,326480,427
75009401,34.8781,31.5179,433,119720,0.212401,0.16,1,326950,326517,433
75012321,10.1756,9.50359,433,119720,0.14648,0.18,1,326954,326521,433
75015241,15.6351,14.7007,434,119720,0.221296,0.2,1,326971,326537,434
75018161,4.72702,4.54014,434,119720,0.260259,0.23,1,326973,326539,434
75021081,8.9454,8.90803,434,119720,0.204052,0.19,1,326983,326549,434
75024001,4.98908,4.98161,434,119720,0.20081,0.12,1,326987,326553,434
75026921,4.19782,4.19632,434,119720,0.192162,0.23,1,326991,326557,434
75029841,15.2396,19.2393,429,119720,0.238432,0.19,1,327009,326580,429
75032761,9.44791,8.64785,431,119720,0.247686,0.17,1,327017,326586,431
75035681,11.4896,8.12957,435,119720,0.193537,0.17,1,327029,326594,435
75038601,7.09792,7.22591,434,119720,0.190707,0.23,1,327035,326601,434
75041521,9.41958,15.8452,426,119720,0.198141,0.16,1,327045,326619,426
75044441,10.6839,7.96904,431,119720,0.223628,0.24,1,327056,326625,431
75047361,13.3368,13.5938,430,119720,0.108726,0.26,1,327070,326640,430
75050281,20.2674,21.1188,429,119720,0.213745,0.3,1,327092,326663,429
75053201,21.6535,19.4238,432,119720,0.122749,0.3,1,327114,326682,432
75056121,7.53069,7.08475,432,119720,0.0405498,0.33,1,327118,326686,432
75059041,19.9061,20.617,431,119720,0.15211,0.27,1,327141,326710,431
75061961,15.9812,16.1234,431,119720,0.214422,0.34,1,327156,326725,431
75064881,15.9962,12.0247,436,119720,0.226884,0.33,1,327172,326736,436
75067801,4.79925,5.60494,434,119720,0.293377,0.31,1,327174,326740,434
75070721,4.15985,3.52099,435,119720,0.306675,0.23,1,327178,326743,435
75073641,32.832,35.1042,432,119720,0.285335,0.18,1,327218,326786,432
75076561,12.9664,11.8208,434,119720,0.201067,0.29,1,327226,326792,434
75079481,8.99328,8.76417,434,119720,0.272213,0.28,1,327234,326800,434
75082401,3.39866,4.95283,432,119720,0.262443,0.3,1,327236,326804,432
75085321,2.27973,2.59057,432,119720,0.292489,0.26,1,327238,326806,432
75088241,10.8559,15.7181,426,119720,0.298498,0.11,1,327251,326825,426
75091161,11.7712,10.3436,429,119720,0.2837,0.12,1,327263,326834,429
75094081,8.75424,9.26872,428,119720,0.16074,0.16,1,327271,326843,428
75097001,9.75085,6.65375,432,119720,0.200148,0.09,1,327281,326849,432
75099921,7.55017,4.53075,435,119720,0.17603,0.23,1,327288,326853,435
75102841,6.31003,6.50615,434,119720,0.259206,0.26,1,327294,326860,434
75105761,4.46201,3.70123,435,119720,0.243841,0.22,1,327298,326863,435
75108681,3.2924,3.94025,434,119720,0.248768,0.15,1,327301,326867,434
75111601,19.0585,21.5881,431,119720,0.321754,0.15,1,327324,326893,431
75114521,6.2117,5.91761,432,119720,0.304351,0.15,1,327327,326895,432
75117441,2.84234,2.78352,432,119720,0.26887,0.25,1,327329,326897,432
75120241,3.76847,3.7567,432,119720,0.197774,0.24,1,327333,326901,432
75123161,7.15369,7.95134,431,119720,0.303555,0.24,1,327341,326910,431
75126081,3.03074,1.59027,433,119720,0.300711,0.21,1,327343,326910,433
75129001,24.6061,32.3181,423,119720,0.204142,0.13,1,327373,326950,423
75131921,17.7212,9.66361,435,119720,0.136828,0.24,1,327389,326954,435
75134841,14.7442,15.5327,432,119720,0.227366,0.27,1,327403,326971,432
75137761,4.54885,4.70654,432,119720,0.221473,0.19,1,327405,326973,432
75140681,7.30977,8.94131,430,119720,0.180295,0.2,1,327413,326983,430
75143601,4.66195,4.98826,430,119720,0.212059,0.19,1,327417,326987,430
75146521,4.13239,4.19765,430,119720,0.154412,0.25,1,327421,326991,430
75149441,19.2265,15.2395,435,119720,0.214882,0.25,1,327444,327009,435
75152361,7.0453,9.44791,431,119720,0.162976,0.18,1,327448,327017,431
75155281,13.4091,11.4896,434,119720,0.128595,0.19,1,327463,327029,434
75158201,6.68181,7.09792,433,119720,0.113719,0.2,1,327468,327035,433
75161121,8.53636,9.41958,432,119720,0.206744,0.23,1,327477,327045,432
75164041,6.50727,10.6839,427,119720,0.193349,0.08,1,327483,327056,427
75166961,14.1015,13.3368,429,119720,0.15067,0.24,1,327499,327070,429
75169881,23.6203,20.2674,433,119720,0.174134,0.1,1,327525,327092,433
75172801,21.5241,21.6535,432,119720,0.106827,0.02,1,327546,327114,432
75175721,9.10481,7.53069,434,119720,0.165365,0.18,1,327552,327118,434
75178641,20.221,19.9061,434,119720,0.241073,0.23,1,327575,327141,434
75181561,9.64419,15.9812,426,119720,0.192215,0.23,1,327582,327156,426
75184481,21.9288,15.9962,435,119720,0.0624429,0.31,1,327607,327172,435
75187401,5.98577,4.79925,435,119720,0.0604886,0.31,1,327609,327174,435
75190321,3.59715,4.15985,434,119720,0.164098,0.28,1,327612,327178,434
75193241,28.7194,32.832,429,119720,0.14482,0.18,1,327647,327218,429
75196161,16.9439,12.9664,435,119720,0.180964,0.29,1,327661,327226,435
75199081,8.98878,8.99328,434,119720,0.236193,0.26,1,327668,327234,434
75202001,3.39776,3.39866,434,119720,0.247239,0.3,1,327670,327236,434
75204921,3.07955,2.27973,435,119720,0.241448,0.3,1,327673,327238,435
75207841,11.0159,10.8559,435,119720,0.26429,0.28,1,327686,327251,435
75210761,8.60318,11.7712,431,119720,0.180858,0.13,1,327694,327263,431
75213681,9.72064,8.75424,433,119720,0.188172,0.21,1,327704,327271,433
75216601,10.7441,9.75085,434,119720,0.125634,0.17,1,327715,327281,434
75219521,10.1488,7.55017,437,119720,0.209127,0.28,1,327725,327288,437
75222441,3.62976,6.31003,433,119720,0.225825,0.24,1,327727,327294,433
75225361,5.52595,4.46201,435,119720,0.205165,0.25,1,327733,327298,435
75228281,4.30519,3.2924,436,119720,0.169033,0.34,1,327737,327301,436
75231201,14.461,19.0585,430,119720,0.177807,0.3,1,327754,327324,430
75234121,4.49221,6.2117,429,119720,0.187561,0.26,1,327756,327327,429
75237041,8.09844,2.84234,436,119720,0.205512,0.18,1,327765,327329,436
75238801,4.01969,3.76847,435,119720,0.209102,0.33,1,327768,327333,435
75241721,7.20394,7.15369,435,119720,0.12982,0.3,1,327776,327341,435
75244641,3.04079,3.03074,435,119720,0.121964,0.18,1,327778,327343,435
75247561,19.8082,24.6061,429,119720,0.144393,0.12,1,327802,327373,429
75250481,15.1616,17.7212,427,119720,0.244879,0.25,1,327816,327389,427
75253401,17.4323,14.7442,431,119720,0.264976,0.22,1,327834,327403,431
75256321,5.08647,4.54885,431,119720,0.236995,0.17,1,327836,327405,431
75259241,4.21729,7.30977,427,119720,0.327399,0.22,1,327840,327413,427
75262161,5.64346,4.66195,429,119720,0.28148,0.14,1,327846,327417,429
75265081,2.72869,4.13239,427,119720,0.328296,0.23,1,327848,327421,427
75268001,22.1457,19.2265,431,119720,0.217659,0.15,1,327875,327444,431
75270921,7.62915,7.0453,431,119720,0.331532,0.12,1,327879,327448,431
75273841,14.3258,13.4091,432,119720,0.242306,0.11,1,327895,327463,432
75276761,6.86517,6.68181,432,119720,0.144461,0.23,1,327900,327468,432
75279681,6.97303,8.53636,430,119720,0.292892,0.19,1,327907,327477,430
75282601,4.59461,6.50727,428,119720,0.314578,0.14,1,327911,327483,428
75285521,14.5189,14.1015,429,119720,0.246916,0.18,1,327928,327499,429
75288441,22.9038,23.6203,428,119720,0.209383,0.09,1,327953,327525,428
75291361,26.1808,21.5241,434,119720,0.201877,0.18,1,327980,327546,434
75294281,10.0362,9.10481,434,119720,0.280375,0.26,1,327986,327552,434
75297201,20.4072,20.221,434,119720,0.240075,0.18,1,328009,327575,434
75300121,9.68145,9.64419,434,119720,0.280015,0.03,1,328016,327582,434
75303041,18.7363,21.9288,430,119720,0.184003,0.06,1,328037,327607,430
75305961,5.34726,5.98577,430,119720,0.188801,0.19,1,328039,327609,430
75308881,5.86945,3.59715,433,119720,0.19776,0.14,1,328045,327612,433
75311801,28.3739,28.7194,432,119720,0.239552,0.19,1,328079,327647,432
75314721,18.4748,16.9439,434,119720,0.25591,0.25,1,328095,327661,434
75317641,10.095,8.98878,435,119720,0.243182,0.25,1,328103,327668,435
75320561,3.61899,3.39776,435,119720,0.272636,0.24,1,328105,327670,435
75323481,2.3238,3.07955,434,119720,0.302527,0.27,1,328107,327673,434
75326401,10.8648,11.0159,434,119720,0.340505,0.16,1,328120,327686,434
75329321,6.17295,8.60318,431,119720,0.284101,0.19,1,328125,327694,431
75332241,5.23459,9.72064,426,119720,0.24082,0.11,1,328130,327704,426
75335161,16.2469,10.7441,434,119720,0.216164,0.23,1,328149,327715,434
75338081,8.04938,10.1488,430,119720,0.211233,0.23,1,328155,327725,430
75341001,3.20988,3.62976,430,119720,0.266247,0.2,1,328157,327727,430
75343921,7.04198,5.52595,432,119720,0.325249,0.16,1,328165,327733,432
75346841,3.0084,4.30519,430,119720,0.34505,0.18,1,328167,327737,430
75349761,15.8017,14.461,432,119720,0.35701,0.19,1,328186,327754,432
75352681,5.56034,4.49221,433,119720,0.335402,0.21,1,328189,327756,433
75355601,2.71207,8.09844,426,119720,0.32308,0.21,1,328191,327765,426
75358521,5.34241,4.01969,429,119720,0.328616,0.11,1,328197,327768,429
75361441,9.86848,7.20394,432,119720,0.329723,0.12,1,328208,327776,432
75364361,3.5737,3.04079,432,119720,0.305945,0.15,1,328210,327778,432
75367281,23.1147,19.8082,436,119720,0.181189,0.27,1,328238,327802,436
75370201,12.6229,15.1616,432,119720,0.284238,0.27,1,328248,327816,432
75373121,20.1246,17.4323,436,119720,0.184848,0.23,1,328270,327834,436
75376041,7.22492,5.08647,438,119720,0.25297,0.35,1,328274,327836,438
75378961,4.64498,4.21729,438,119720,0.234594,0.27,1,328278,327840,438
75381881,4.129,5.64346,436,119720,0.278919,0.34,1,328282,327846,436
75384801,4.0258,2.72869,438,119720,0.287784,0.19,1,328286,327848,438
75387721,18.4052,22.1457,433,119720,0.217557,0.36,1,328308,327875,433
75390641,10.081,7.62915,437,119720,0.115511,0.22,1,328316,327879,437
75393561,5.21621,14.3258,425,119720,0.0951023,0.12,1,328320,327895,425
75396481,14.6432,6.86517,437,119720,0.11502,0.33,1,328337,327900,437
75399401,9.32865,6.97303,438,119720,0.215004,0.32,1,328345,327907,438
75402321,5.06573,4.59461,438,119720,0.259001,0.23,1,328349,327911,438
75405241,13.8131,14.5189,437,119720,0.2358,0.2,1,328365,327928,437
75408161,19.5626,22.9038,433,119720,0.19116,0.2,1,328386,327953,433
75411081,24.7125,26.1808,432,119720,0.126232,0.3,1,328412,327980,432
75414001,12.9425,10.0362,436,119720,0.0892464,0.23,1,328422,327986,436
75416921,18.5885,20.4072,433,119720,0.193849,0.29,1,328442,328009,433
75419841,12.5177,9.68145,437,119720,0.15077,0.16,1,328453,328016,437
75422761,19.3035,18.7363,437,119720,0.174154,0.19,1,328474,328037,437
75425681,5.46071,5.34726,437,119720,0.234831,0.2,1,328476,328039,437
75428601,3.49214,5.86945,434,119720,0.198966,0.25,1,328479,328045,434
75431521,29.4984,28.3739,436,119720,0.215793,0.26,1,328515,328079,436
75434441,20.2997,18.4748,438,119720,0.211159,0.24,1,328533,328095,438
75437361,9.65994,10.095,437,119720,0.210232,0.28,1,328540,328103,437
75440281,3.53199,3.61899,437,119720,0.178046,0.31,1,328542,328105,437
75443201,2.3064,2.3238,437,119720,0.195609,0.35,1,328544,328107,437
75446121,8.46128,10.8648,434,119720,0.239122,0.27,1,328554,328120,434
75449041,8.09226,6.17295,437,119720,0.215824,0.23,1,328562,328125,437
75451961,4.81845,5.23459,436,119720,0.235165,0.21,1,328566,328130,436
75454881,15.3637,16.2469,435,119720,0.239033,0.21,1,328584,328149,435
75457801,11.0727,8.04938,439,119720,0.151807,0.28,1,328594,328155,439
75460721,3.81455,3.20988,439,119720,0.174361,0.34,1,328596,328157,439
75463641,5.56291,7.04198,437,119720,0.0908723,0.35,1,328602,328165,437
75466561,2.71258,3.0084,437,119720,0.0741744,0.36,1,328604,328167,437
75469481,16.5425,15.8017,438,119720,0.206835,0.33,1,328624,328186,438
75472401,4.9085,5.56034,437,119720,0.233367,0.32,1,328626,328189,437
75475321,2.5817,2.71207,437,119720,0.206673,0.33,1,328628,328191,437
75478241,5.31634,5.34241,437,119720,0.225335,0.33,1,328634,328197,437
75481161,11.4633,9.86848,439,119720,0.269067,0.3,1,328647,328208,439
75484081,3.89265,3.5737,439,119720,0.245813,0.15,1,328649,328210,439
75487001,21.5785,23.1147,437,119720,0.113163,0.31,1,328675,328238,437
75489921,7.51571,12.6229,431,119720,0.166633,0.16,1,328679,328248,431
75492841,22.3031,20.1246,435,119720,0.193327,0.27,1,328705,328270,435
75495761,6.06063,7.22492,433,119720,0.166665,0.23,1,328707,328274,433
75498681,4.41213,4.64498,433,119720,0.129333,0.29,1,328711,328278,433
75501601,4.08243,4.129,433,119720,0.193867,0.29,1,328715,328282,433
75504521,4.81648,4.0258,434,119720,0.230773,0.2,1,328720,328286,434
75507441,12.1633,18.4052,426,119720,0.302155,0.09,1,328734,328308,426
75510361,12.8327,10.081,431,119720,0.292431,0.09,1,328747,328316,431
75513281,5.76653,5.21621,431,119720,0.226486,0.12,1,328751,328320,431
75516201,16.3533,14.6432,433,119720,0.157297,0.24,1,328770,328337,433
75519121,11.2707,9.32865,435,119720,0.239459,0.27,1,328780,328345,435
75522041,5.45413,5.06573,435,119720,0.255892,0.23,1,328784,328349,435
75524961,12.2908,13.8131,433,119720,0.227178,0.18,1,328798,328365,433
75527881,20.0582,19.5626,434,119720,0.221436,0.11,1,328820,328386,434
75530801,18.4116,24.7125,426,119720,0.276287,0.08,1,328838,328412,426
75533721,14.8823,12.9425,430,119720,0.255257,0.22,1,328852,328422,430
75536641,17.3765,18.5885,428,119720,0.227051,0.14,1,328870,328442,428
75539561,13.0753,12.5177,429,119720,0.23741,0.18,1,328882,328453,429
75542481,21.0151,19.3035,431,119720,0.231482,0.25,1,328905,328474,431
75545401,9.00301,5.46071,435,119720,0.182296,0.19,1,328911,328476,435
75548321,5.0006,3.49214,436,119720,0.188459,0.22,1,328915,328479,436
75551241,29.0001,29.4984,435,119720,0.205692,0.21,1,328950,328515,435
75554161,17,20.2997,431,119720,0.241138,0.21,1,328964,328533,431
75557081,10.6,9.65994,433,119720,0.264228,0.17,1,328973,328540,433
75560001,5.32,3.53199,435,119720,0.268846,0.2,1,328977,328542,435
75562241,2.664,2.3064,435,119720,0.269769,0.25,1,328979,328544,435
75565161,5.3328,8.46128,431,119720,0.213954,0.21,1,328985,328554,431
75568081,9.06656,8.09226,433,119720,0.242791,0.24,1,328995,328562,433
75571001,5.01331,4.81845,433,119720,0.216558,0.24,1,328999,328566,433
75573921,12.2027,15.3637,429,119720,0.211312,0.13,1,329013,328584,429
75576841,8.84053,11.0727,427,119720,0.178262,0.18,1,329021,328594,427
75579761,9.76811,3.81455,435,119720,0.187652,0.07,1,329031,328596,435
75582681,4.35362,5.56291,432,119720,0.18153,0.07,1,329034,328602,432
75585601,2.47072,2.71258,432,119720,0.140306,0.24,1,329036,328604,432
75588521,18.0941,16.5425,434,119720,0.244061,0.24,1,329058,328624,434
75591441,5.21883,4.9085,434,119720,0.240812,0.2,1,329060,328626,434
75594361,2.64377,2.5817,434,119720,0.272162,0.23,1,329062,328628,434
75597281,5.32875,5.31634,434,119720,0.190432,0.28,1,329068,328634,434
75600201,6.66575,11.4633,428,119720,0.238086,0.24,1,329075,328647,428
75603121,2.93315,3.89265,428,119720,0.215617,0.08,1,329077,328649,428
75606041,18.1866,21.5785,424,119720,0.259123,0.18,1,329099,328675,424
75608961,14.0373,7.51571,433,119720,0.259825,0.2,1,329112,328679,433
75611881,23.6075,22.3031,433,119720,0.251965,0.16,1,329138,328705,433
75614801,6.32149,6.06063,433,119720,0.218393,0.12,1,329140,328707,433
75617721,4.4643,4.41213,433,119720,0.155679,0.21,1,329144,328711,433
75620481,4.89286,4.08243,434,119720,0.239136,0.24,1,329149,328715,434
75623401,6.57857,4.81648,436,119720,0.319827,0.32,1,329156,328720,436
75626321,12.5157,12.1633,436,119720,0.351965,0.29,1,329170,328734,436
75629241,8.10314,12.8327,430,119720,0.350393,0.21,1,329177,328747,430
75632161,3.22063,5.76653,428,119720,0.342079,0.14,1,329179,328751,428
75635081,22.2441,16.3533,436,119720,0.220416,0.26,1,329206,328770,436
75638001,10.8488,11.2707,434,119720,0.212083,0.26,1,329214,328780,434
75640921,5.36976,5.45413,434,119720,0.322417,0.22,1,329218,328784,434
75643841,7.47395,12.2908,428,119720,0.360483,0.22,1,329226,328798,428
75646761,19.0948,20.0582,428,119720,0.328097,0.29,1,329248,328820,428
75649681,20.619,18.4116,431,119720,0.201619,0.25,1,329269,328838,431
75652601,10.5238,14.8823,425,119720,0.272324,0.22,1,329277,328852,425
75655521,22.1048,17.3765,432,119720,0.158465,0.24,1,329302,328870,432
75658441,12.421,13.0753,430,119720,0.159693,0.23,1,329312,328882,430
75661361,23.2842,21.0151,433,119720,0.231939,0.17,1,329338,328905,433
75664281,7.05684,9.00301,430,119720,0.214388,0.19,1,329341,328911,430
75667201,4.61137,5.0006,430,119720,0.146878,0.21,1,329345,328915,430
75670121,31.3223,29.0001,433,119720,0.237376,0.25,1,329383,328950,433
75673041,19.0645,17,435,119720,0.319475,0.27,1,329399,328964,435
75675961,8.61289,10.6,432,119720,0.263895,0.27,1,329405,328973,432
75678881,6.52258,5.32,434,119720,0.300779,0.27,1,329411,328977,434
75681801,2.90452,2.664,434,119720,0.300156,0.2,1,329413,328979,434
75684721,4.5809,5.3328,433,119720,0.292031,0.25,1,329418,328985,433
75687641,8.91618,9.06656,433,119720,0.290406,0.21,1,329428,328995,433
75690561,3.38324,5.01331,431,119720,0.298081,0.21,1,329430,328999,431
75693481,11.8766,12.2027,431,119720,0.267616,0.17,1,329444,329013,431
75696401,9.57533,8.84053,432,119720,0.221523,0.19,1,329453,329021,432
75699321,8.31507,9.76811,430,119720,0.276305,0.18,1,329461,329031,430
75702241,4.06301,4.35362,430,119720,0.295261,0.13,1,329464,329034,430
75705161,5.6126,2.47072,434,119720,0.235052,0.27,1,329470,329036,434
75708081,15.5225,18.0941,430,119720,0.27901,0.24,1,329488,329058,430
75711001,6.3045,5.21883,432,119720,0.295802,0.28,1,329492,329060,432
75713921,4.4609,2.64377,434,119720,0.29916,0.17,1,329496,329062,434
75716161,4.09218,5.32875,432,119720,0.267832,0.25,1,329500,329068,432
75719081,8.81844,6.66575,435,119720,0.253566,0.21,1,329510,329075,435
75722001,3.36369,2.93315,435,119720,0.258713,0.27,1,329512,329077,435
75724921,17.4727,18.1866,434,119720,0.235743,0.26,1,329533,329099,434
75727841,13.0945,14.0373,433,119720,0.271149,0.25,1,329545,329112,433
75730761,25.0189,23.6075,435,119720,0.23823,0.21,1,329573,329138,435
75733681,6.60378,6.32149,435,119720,0.199646,0.14,1,329575,329140,435
75736601,6.12076,4.4643,437,119720,0.159929,0.26,1,329581,329144,437
75739521,4.42415,4.89286,436,119720,0.215986,0.34,1,329585,329149,436
75742441,4.08483,6.57857,433,119720,0.267197,0.36,1,329589,329156,433
75745361,15.217,12.5157,437,119720,0.221439,0.35,1,329607,329170,437
75748281,6.24339,8.10314,434,119720,0.220288,0.34,1,329611,329177,434
75751201,2.84868,3.22063,434,119720,0.252058,0.19,1,329613,329179,434
75754121,22.9697,22.2441,435,119720,0.194412,0.21,1,329641,329206,435
75757041,12.5939,10.8488,437,119720,0.206882,0.35,1,329651,329214,437
75759961,5.71879,5.36976,437,119720,0.297376,0.37,1,329655,329218,437
75762881,6.74376,7.47395,436,119720,0.307475,0.32,1,329662,329226,436
75765801,15.7488,19.0948,432,119720,0.309495,0.17,1,329680,329248,432
75768721,22.3498,20.619,435,119720,0.213899,0.29,1,329704,329269,435
75771641,7.66995,10.5238,431,119720,0.13878,0.13,1,329708,329277,431
75774561,19.934,22.1048,429,119720,0.275756,0.16,1,329731,329302,429
75777481,13.5868,12.421,431,119720,0.271151,0.25,1,329743,329312,431
75780401,22.7174,23.2842,430,119720,0.27023,0.21,1,329768,329338,430
75783321,10.1435,7.05684,434,119720,0.294046,0.13,1,329775,329341,434
75786241,5.22869,4.61137,434,119720,0.322809,0.26,1,329779,329345,434
75789161,29.8457,31.3223,432,119720,0.256562,0.34,1,329815,329383,432
75792081,21.9691,19.0645,436,119720,0.235312,0.25,1,329835,329399,436
75795001,9.19383,8.61289,436,119720,0.287062,0.31,1,329841,329405,436
75797921,6.63877,6.52258,436,119720,0.273412,0.3,1,329847,329411,436
75800841,2.92775,2.90452,436,119720,0.270683,0.29,1,329849,329413,436
75803761,5.38555,4.5809,437,119720,0.270137,0.29,1,329855,329418,437
75806681,8.27711,8.91618,436,119720,0.222027,0.3,1,329864,329428,436
75809601,3.25542,3.38324,436,119720,0.228405,0.26,1,329866,329430,436
75812521,8.65108,11.8766,432,119720,0.197681,0.21,1,329876,329444,432
75815441,12.9302,9.57533,437,119720,0.183536,0.29,1,329890,329453,437
75818361,4.98604,8.31507,432,119720,0.204707,0.3,1,329893,329461,432
75821281,4.19721,4.06301,433,119720,0.184941,0.22,1,329897,329464,433
75824201,5.63944,5.6126,433,119720,0.228988,0.29,1,329903,329470,433
75827121,17.9279,15.5225,436,119720,0.221798,0.3,1,329924,329488,436
75830041,7.58558,6.3045,437,119720,0.20436,0.3,1,329929,329492,437
75832961,3.11712,4.4609,435,119720,0.168872,0.26,1,329931,329496,435
75835881,3.82342,4.09218,435,119720,0.241774,0.25,1,329935,329500,435
75838801,7.16468,8.81844,433,119720,0.248355,0.26,1,329943,329510,433
75841721,4.63294,3.36369,435,119720,0.249671,0.23,1,329947,329512,435
75844641,16.1266,17.4727,433,119720,0.233934,0.28,1,329966,329533,433
75847561,12.0253,13.0945,432,119720,0.238787,0.23,1,329977,329545,432
75850481,26.4051,25.0189,434,119720,0.215757,0.19,1,330007,329573,434
75853401,6.88101,6.60378,434,119720,0.179151,0.15,1,330009,329575,434
75856321,6.1762,6.12076,434,119720,0.0918303,0.23,1,330015,329581,434
75859241,6.83524,4.42415,437,119720,0.210366,0.28,1,330022,329585,437
75862161,2.96705,4.08483,435,119720,0.234073,0.21,1,330024,329589,435
75865081,15.7934,15.217,436,119720,0.278815,0.22,1,330043,329607,436
75868001,4.75868,6.24339,434,119720,0.287763,0.26,1,330045,329611,434
75870921,2.55174,2.84868,434,119720,0.297553,0.18,1,330047,329613,434
75873841,22.1103,22.9697,433,119720,0.291511,0.21,1,330074,329641,433
75876761,14.8221,12.5939,436,119720,0.314302,0.32,1,330087,329651,436
75879681,6.16441,5.71879,436,119720,0.28686,0.31,1,330091,329655,436
75882601,6.03288,6.74376,435,119720,0.233372,0.31,1,330097,329662,435
75885521,17.2066,15.7488,437,119720,0.270674,0.19,1,330117,329680,437
75888441,21.8413,22.3498,436,119720,0.174135,0.12,1,330140,329704,436
75891361,9.16826,7.66995,438,119720,0.234827,0.31,1,330146,329708,438
75894281,17.8337,19.934,435,119720,0.270965,0.27,1,330166,329731,435
75897201,13.9667,13.5868,436,119720,0.198193,0.27,1,330179,329743,436
75900121,22.7933,22.7174,436,119720,0.255639,0.3,1,330204,329768,436
75903041,7.75867,10.1435,433,119720,0.203128,0.33,1,330208,329775,433
75905961,4.75173,5.22869,433,119720,0.208626,0.24,1,330212,329779,433
75908881,28.9503,29.8457,432,119720,0.209725,0.23,1,330247,329815,432
75911801,23.3901,21.9691,434,119720,0.193945,0.3,1,330269,329835,434
75914721,9.47801,9.19383,434,119720,0.094789,0.27,1,330275,329841,434
75917641,6.6956,6.63877,434,119720,0.242958,0.27,1,330281,329847,434
75920561,2.93912,2.92775,434,119720,0.248592,0.27,1,330283,329849,434
75923481,4.58782,5.38555,433,119720,0.249718,0.21,1,330288,329855,433
75926401,7.31756,8.27711,432,119720,0.233944,0.23,1,330296,329864,432
75929321,3.06351,3.25542,432,119720,0.206789,0.19,1,330298,329866,432
75932241,7.8127,8.65108,431,119720,0.209358,0.18,1,330307,329876,431
75935161,15.1625,12.9302,434,119720,0.217872,0.21,1,330324,329890,434
75938081,4.63251,4.98604,433,119720,0.227574,0.18,1,330326,329893,433
75941001,4.9265,4.19721,434,119720,0.237515,0.24,1,330331,329897,434
75943921,2.5853,5.63944,430,119720,0.207503,0.22,1,330333,329903,430
75946841,20.5171,17.9279,434,119720,0.249501,0.2,1,330358,329924,434
75949761,6.50341,7.58558,432,119720,0.2739,0.16,1,330361,329929,432
75952681,3.70068,3.11712,433,119720,0.23078,0.26,1,330364,329931,433
75955601,5.54014,3.82342,435,119720,0.278156,0.25,1,330370,329935,435
75958521,5.90803,7.16468,433,119720,0.295631,0.25,1,330376,329943,433
75961441,4.38161,4.63294,433,119720,0.235126,0.23,1,330380,329947,433
75964361,16.0763,16.1266,433,119720,0.199025,0.24,1,330399,329966,433
75967281,12.8153,12.0253,434,119720,0.271805,0.21,1,330411,329977,434
75970201,26.5631,26.4051,434,119720,0.238361,0.17,1,330441,330007,434
75973121,6.91261,6.88101,434,119720,0.207672,0.07,1,330443,330009,434
75976041,6.18252,6.1762,434,119720,0.105534,0.24,1,330449,330015,434
75978961,6.0365,6.83524,433,119720,0.197107,0.24,1,330455,330022,433
75981881,4.4073,2.96705,435,119720,0.207421,0.29,1,330459,330024,435
75984801,12.8815,15.7934,431,119720,0.233484,0.29,1,330474,330043,431
75987721,5.77629,4.75868,433,119720,0.214697,0.3,1,330478,330045,433
75990641,5.15526,2.55174,436,119720,0.210939,0.29,1,330483,330047,436
75993561,22.6311,22.1103,436,119720,0.130188,0.32,1,330510,330074,436
75996481,11.7262,14.8221,432,119720,0.210038,0.28,1,330519,330087,432
75999401,8.74524,6.16441,436,119720,0.186008,0.22,1,330527,330091,436
76002321,6.54905,6.03288,436,119720,0.253202,0.28,1,330533,330097,436
76005241,12.5098,17.2066,430,119720,0.27464,0.15,1,330547,330117,430
76008161,23.302,21.8413,433,119720,0.262928,0.25,1,330573,330140,433
76011081,9.46039,9.16826,433,119720,0.300586,0.28,1,330579,330146,433
76014001,15.4921,17.8337,430,119720,0.300117,0.18,1,330596,330166,430
76016921,13.4984,13.9667,430,119720,0.268023,0.27,1,330609,330179,430
76019841,23.4997,22.7933,431,119720,0.293605,0.19,1,330635,330204,431
76022761,6.29994,7.75867,429,119720,0.298721,0.21,1,330637,330208,429
76025681,6.05999,4.75173,431,119720,0.291744,0.21,1,330643,330212,431
76028601,30.812,28.9503,433,119720,0.258349,0.19,1,330680,330247,433
76031521,20.5624,23.3901,429,119720,0.30767,0.07,1,330698,330269,429
76034441,13.7125,9.47801,435,119720,0.237534,0.28,1,330710,330275,435
76037361,6.7425,6.6956,434,119720,0.239507,0.25,1,330715,330281,434
76040281,2.9485,2.93912,434,119720,0.207901,0.25,1,330717,330283,434
76043201,2.9897,4.58782,432,119720,0.18558,0.23,1,330720,330288,432
76046121,6.99794,7.31756,432,119720,0.301116,0.2,1,330728,330296,432
76049041,2.99959,3.06351,432,119720,0.324223,0.21,1,330730,330298,432
76051961,6.99992,7.8127,431,119720,0.264845,0.22,1,330738,330307,431
76054881,15,15.1625,431,119720,0.236969,0.23,1,330755,330324,431
76057801,4.6,4.63251,431,119720,0.231394,0.24,1,330757,330326,431
76060721,4.12,4.9265,430,119720,0.270279,0.2,1,330761,330331,430
76063641,4.024,2.5853,432,119720,0.214056,0.26,1,330765,330333,432
76066561,23.2048,20.5171,435,119720,0.322811,0.28,1,330793,330358,435
76069481,7.84096,6.50341,436,119720,0.312562,0.22,1,330797,330361,436
76072401,3.16819,3.70068,435,119720,0.278512,0.29,1,330799,330364,435
76075321,3.83364,5.54014,433,119720,0.295702,0.3,1,330803,330370,433
76078241,5.56673,5.90803,433,119720,0.31514,0.22,1,330809,330376,433
76081161,4.31335,4.38161,433,119720,0.319028,0.19,1,330813,330380,433
76084081,10.4627,16.0763,426,119720,0.319806,0.29,1,330825,330399,426
76087001,15.6925,12.8153,431,119720,0.191961,0.23,1,330842,330411,431
76089921,20.7385,26.5631,423,119720,0.230392,0.2,1,330864,330441,423
76092841,7.3477,6.91261,425,119720,0.206078,0.08,1,330868,330443,425
76095761,11.8695,6.18252,432,119720,0.241216,0.22,1,330881,330449,432
76098681,7.17391,6.0365,432,119720,0.312243,0.21,1,330887,330455,432
76101601,3.03478,4.4073,430,119720,0.294449,0.24,1,330889,330459,430
76104521,15.007,12.8815,433,119720,0.29889,0.21,1,330907,330474,433
76107441,6.20139,5.77629,433,119720,0.299778,0.21,1,330911,330478,433
76110361,2.84028,5.15526,430,119720,0.315956,0.11,1,330913,330483,430
76113281,24.5681,22.6311,433,119720,0.279191,0.23,1,330943,330510,433
76116201,10.5136,11.7262,431,119720,0.271838,0.18,1,330950,330519,431
76119121,9.30272,8.74524,432,119720,0.302368,0.27,1,330959,330527,432
76122041,10.6605,6.54905,437,119720,0.244474,0.28,1,330970,330533,437
76124961,10.9321,12.5098,434,119720,0.248895,0.26,1,330981,330547,434
76127881,24.5864,23.302,436,119720,0.249779,0.31,1,331009,330573,436
76130801,9.71728,9.46039,436,119720,0.185956,0.3,1,331015,330579,436
76133721,13.1435,15.4921,433,119720,0.237191,0.26,1,331029,330596,433
76136641,16.2287,13.4984,437,119720,0.215438,0.3,1,331046,330609,437
76139561,21.6457,23.4997,434,119720,0.283088,0.3,1,331069,330635,434
76142481,5.92915,6.29994,434,119720,0.296618,0.29,1,331071,330637,434
76145401,4.38583,6.05999,432,119720,0.267324,0.25,1,331075,330643,432
76148321,31.2772,30.812,433,119720,0.253465,0.32,1,331113,330680,433
76151241,20.6554,20.5624,433,119720,0.258693,0.22,1,331131,330698,433
76154161,12.1311,13.7125,431,119720,0.235739,0.24,1,331141,330710,431
76157081,4.82622,6.7425,429,119720,0.255148,0.2,1,331144,330715,429
76160001,8.96524,2.9485,437,119720,0.24303,0.18,1,331154,330717,437
76162321,4.99305,2.9897,438,119720,0.264606,0.33,1,331158,330720,438
76165241,4.99861,6.99794,435,119720,0.188921,0.33,1,331163,330728,435
76168161,2.59972,2.99959,435,119720,0.261784,0.25,1,331165,330730,435
76171081,6.91994,6.99992,435,119720,0.252357,0.23,1,331173,330738,435
76174001,12.584,15,432,119720,0.266471,0.23,1,331187,330755,432
76176921,5.7168,4.6,434,119720,0.261294,0.28,1,331191,330757,434
76179841,5.94336,4.12,436,119720,0.204259,0.2,1,331197,330761,436
76182761,2.78867,4.024,434,119720,0.192852,0.35,1,331199,330765,434
76185681,26.1577,23.2048,438,119720,0.26257,0.31,1,331231,330793,438
76188601,8.43155,7.84096,438,119720,0.244514,0.27,1,331235,330797,438
76191521,3.28631,3.16819,438,119720,0.208903,0.3,1,331237,330799,438
76194441,3.85726,3.83364,438,119720,0.137781,0.3,1,331241,330803,438
76196021,3.97145,0.766728,442,119720,0.275556,0.32,1,331245,330803,442
76198941,2.39429,4.95335,438,119720,0.311111,0.32,1,331247,330809,438
76201861,6.87886,4.19067,442,119720,0.350222,0.32,1,331255,330813,442
76204781,20.5758,10.4381,454,119720,0.270044,0.16,1,331279,330825,454
76207701,18.5152,15.6876,455,119720,0.230009,0.24,1,331297,330842,455
76210621,8.50303,20.7375,439,119720,0.206002,0.2,1,331303,330864,439
76213541,10.5006,7.3475,446,119720,0.1372,0.25,1,331314,330868,446
76216461,9.30012,11.8695,442,119720,0.19544,0.33,1,331323,330881,442
76219381,4.26002,7.1739,439,119720,0.191088,0.29,1,331326,330887,439
76222301,13.652,3.03478,453,119720,0.230218,0.3,1,331342,330889,453
76225221,5.9304,15.007,439,119720,0.206044,0.3,1,331346,330907,439
76228141,3.58608,6.20139,438,119720,0.265209,0.32,1,331349,330911,438
76231061,20.7172,2.84028,461,119720,0.213042,0.27,1,331374,330913,461
76233981,12.9434,24.5681,442,119720,0.266608,0.27,1,331385,330943,442
76236901,6.58869,10.5136,440,119720,0.237322,0.31,1,331390,330950,440
76239821,11.7177,9.30272,444,119720,0.295464,0.23,1,331403,330959,444
76242741,11.9435,10.6605,445,119720,0.243093,0.25,1,331415,330970,445
76245661,19.1887,10.9321,455,119720,0.256619,0.25,1,331436,330981,455
76248581,13.4377,24.5864,439,119720,0.275324,0.17,1,331448,331009,439
76251501,14.6875,9.71728,448,119720,0.295065,0.25,1,331463,331015,448
76254421,15.7375,13.1435,450,119720,0.251013,0.21,1,331479,331029,450
76257341,18.3475,16.2287,452,119720,0.218203,0.3,1,331498,331046,452
76260261,5.2695,21.6457,431,119720,0.179641,0.3,1,331500,331069,431
76263181,7.4539,5.92915,437,119720,0.195928,0.26,1,331508,331071,437
76266101,28.6908,4.38583,467,119720,0.231186,0.25,1,331542,331075,467
76269021,22.5382,31.2772,450,119720,0.166237,0.26,1,331563,331113,450
76271941,12.5076,20.6554,442,119720,0.177247,0.23,1,331573,331131,442
76274861,4.90153,12.1311,435,119720,0.195449,0.26,1,331576,331141,435
76277781,6.58031,4.82622,439,119720,0.19909,0.24,1,331583,331144,439
76280701,8.51606,8.96524,438,119720,0.191818,0.17,1,331592,331154,438
76283621,6.50321,8.99305,435,119720,0.206364,0.28,1,331598,331163,435
76286541,3.70064,3.39861,436,119720,0.185273,0.28,1,331601,331165,436
76288581,4.74013,0.679722,441,119720,0.245055,0.25,1,331606,331165,441
76291501,10.548,6.53594,445,119720,0.249011,0.27,1,331618,331173,445
76294421,5.30961,12.5072,435,119720,0.257802,0.26,1,331622,331187,435
76297341,7.46192,5.70144,439,119720,0.19556,0.19,1,331630,331191,439
76300261,3.89238,5.94029,436,119720,0.231112,0.19,1,331633,331197,436
76303181,20.7785,2.78806,459,119720,0.206222,0.28,1,331658,331199,459
76306101,14.5557,26.1576,440,119720,0.177244,0.24,1,331671,331231,440
76309021,4.51114,8.43152,438,119720,0.179449,0.2,1,331673,331235,438
76311941,4.10223,3.2863,440,119720,0.21989,0.12,1,331677,331237,440
76314861,5.62045,3.85726,442,119720,0.163978,0.32,1,331683,331241,442
76317781,2.72409,5.57145,438,119720,0.144796,0.36,1,331685,331247,438
76320701,5.34482,7.51429,436,119720,0.236959,0.25,1,331691,331255,436
76323621,17.869,20.7029,433,119720,0.167392,0.22,1,331712,331279,433
76326541,16.3738,18.5406,431,119720,0.209478,0.2,1,331728,331297,431
76329461,4.87476,8.50811,427,119720,0.273896,0.12,1,331730,331303,427
76332381,13.775,10.5016,432,119720,0.246779,0.21,1,331746,331314,432
76335301,7.55499,9.30032,429,119720,0.265356,0.19,1,331752,331323,429
76338221,7.911,4.26006,434,119720,0.285071,0.24,1,331760,331326,434
76341141,13.5822,13.652,433,119720,0.273014,0.2,1,331775,331342,433
76344061,7.51644,5.9304,435,119720,0.246603,0.28,1,331781,331346,435
76346981,3.10329,3.58608,434,119720,0.257321,0.2,1,331783,331349,434
76349901,21.4207,20.7172,435,119720,0.259464,0.28,1,331809,331374,435
76352821,9.88413,12.9434,431,119720,0.139893,0.23,1,331816,331385,431
76355741,9.97683,6.58869,436,119720,0.267979,0.31,1,331826,331390,436
76358661,9.99537,11.7177,433,119720,0.293596,0.23,1,331836,331403,433
76361581,12.3991,11.9435,434,119720,0.314719,0.26,1,331849,331415,434
76364501,20.8798,19.1887,436,119720,0.318944,0.28,1,331872,331436,436
76367421,12.976,13.4377,435,119720,0.247789,0.3,1,331883,331448,435
76370341,10.5952,14.6875,430,119720,0.201558,0.24,1,331893,331463,430
76373261,11.719,15.7375,426,119720,0.312312,0.21,1,331905,331479,426
76376181,22.3438,18.3475,432,119720,0.262462,0.17,1,331930,331498,432
76379101,9.26876,5.2695,436,119720,0.340492,0.2,1,331936,331500,436
76382021,5.05375,7.4539,432,119720,0.308098,0.24,1,331940,331508,432
76384941,29.8108,28.6908,434,119720,0.24562,0.15,1,331976,331542,434
76387861,21.1621,22.5382,432,119720,0.225124,0.18,1,331995,331563,432
76390781,13.0324,12.5076,433,119720,0.189025,0.2,1,332006,331573,433
76393701,5.80649,4.90153,434,119720,0.269805,0.2,1,332010,331576,434
76396621,4.3613,6.58031,431,119720,0.253961,0.19,1,332014,331583,431
76399541,7.27226,8.51606,430,119720,0.250792,0.21,1,332022,331592,430
76402461,8.65445,6.50321,433,119720,0.266158,0.18,1,332031,331598,433
76405381,4.93089,3.70064,434,119720,0.245232,0.26,1,332035,331601,434
76408301,5.78618,4.74013,435,119720,0.209046,0.25,1,332041,331606,435
76411221,6.75724,10.548,430,119720,0.193809,0.26,1,332048,331618,430
76414141,6.15145,5.30961,432,119720,0.318762,0.18,1,332054,331622,432
76417061,4.43029,7.46192,428,119720,0.343752,0.24,1,332058,331630,428
76419981,4.08606,3.89238,429,119720,0.35675,0.2,1,332062,331633,429
76422901,23.2172,20.7785,432,119720,0.35135,0.17,1,332090,331658,432
76425821,12.6434,14.5557,429,119720,0.23027,0.18,1,332100,331671,429
76428741,4.12869,4.51114,429,119720,0.206054,0.23,1,332102,331673,429
76431661,8.82574,4.10223,435,119720,0.241211,0.15,1,332112,331677,435
76434581,6.56515,5.62045,435,119720,0.280242,0.14,1,332118,331683,435
76437501,2.91303,2.72409,435,119720,0.256048,0.26,1,332120,331685,435
76440421,6.98261,5.34482,437,119720,0.31521,0.15,1,332128,331691,437
76443341,11.7965,17.869,429,119720,0.295042,0.22,1,332141,331712,429
76446261,16.7593,16.3738,431,119720,0.323008,0.29,1,332159,331728,431
76449181,6.55186,4.87476,433,119720,0.264602,0.24,1,332163,331730,433
76452101,12.5104,13.775,431,119720,0.26892,0.27,1,332177,331746,431
76455021,8.90207,7.55499,433,119720,0.173784,0.29,1,332185,331752,433
76457941,3.38041,7.911,427,119720,0.274757,0.27,1,332187,331760,427
76460861,18.2761,13.5822,434,119720,0.342951,0.24,1,332209,331775,434
76463781,7.65522,7.51644,433,119720,0.34059,0.26,1,332214,331781,433
76466701,3.13104,3.10329,433,119720,0.308118,0.26,1,332216,331783,433
76469621,16.6262,21.4207,427,119720,0.277624,0.11,1,332236,331809,427
76472541,16.9252,9.88413,437,119720,0.215525,0.3,1,332253,331816,437
76475461,12.185,9.97683,438,119720,0.315105,0.3,1,332264,331826,438
76478381,7.23701,9.99537,434,119720,0.263021,0.32,1,332270,331836,434
76481301,11.8474,12.3991,434,119720,0.300604,0.32,1,332283,331849,434
76484221,19.9695,20.8798,433,119720,0.300121,0.23,1,332305,331872,433
76487141,11.1939,12.976,431,119720,0.228024,0.19,1,332314,331883,431
76490061,15.8388,10.5952,438,119720,0.245605,0.34,1,332331,331893,438
76492981,11.1678,11.719,436,119720,0.329121,0.25,1,332341,331905,436
76495901,23.8336,22.3438,438,119720,0.297824,0.36,1,332368,331930,438
76498821,9.56671,9.26876,438,119720,0.227565,0.3,1,332374,331936,438
76501741,3.51334,5.05375,436,119720,0.213513,0.23,1,332376,331940,436
76504661,27.9027,29.8108,434,119720,0.290703,0.22,1,332410,331976,434
76507581,17.5805,21.1621,430,119720,0.258141,0.18,1,332425,331995,430
76510501,15.5161,13.0324,434,119720,0.339628,0.29,1,332440,332006,434
76513421,6.30322,5.80649,434,119720,0.291926,0.25,1,332444,332010,434
76516341,6.06064,4.3613,436,119720,0.234385,0.25,1,332450,332014,436
76519261,6.81213,7.27226,435,119720,0.270877,0.27,1,332457,332022,435
76522181,6.96243,8.65445,433,119720,0.262175,0.24,1,332464,332031,433
76525101,2.99249,4.93089,431,119720,0.260435,0.2,1,332466,332035,431
76528021,10.9985,5.78618,438,119720,0.268087,0.19,1,332479,332041,438
76530941,8.5997,6.75724,439,119720,0.245617,0.35,1,332487,332048,439
76533861,5.71994,6.15145,438,119720,0.225123,0.35,1,332492,332054,438
76536781,3.54399,4.43029,437,119720,0.213025,0.36,1,332495,332058,437
76539701,2.3088,4.08606,435,119720,0.298605,0.35,1,332497,332062,435
76542621,20.4618,23.2172,432,119720,0.323721,0.2,1,332522,332090,432
76545541,14.4924,12.6434,435,119720,0.384744,0.2,1,332535,332100,435
76548461,4.49847,4.12869,435,119720,0.364949,0.25,1,332537,332102,435
76551381,7.29969,8.82574,433,119720,0.32099,0.29,1,332545,332112,433
76554301,11.0599,6.56515,439,119720,0.264198,0.25,1,332557,332118,439
76557221,3.81199,2.91303,439,119720,0.30884,0.33,1,332559,332120,439
76560141,6.3624,6.98261,438,119720,0.309768,0.29,1,332566,332128,438
76563061,6.07248,11.7965,431,119720,0.349954,0.33,1,332572,332141,431
76565981,18.0145,16.7593,434,119720,0.325991,0.25,1,332593,332159,434
76568901,6.8029,6.55186,434,119720,0.321198,0.27,1,332597,332163,434
76571821,14.1606,12.5104,436,119720,0.32824,0.15,1,332613,332177,436
76574741,7.63212,8.90207,434,119720,0.249648,0.3,1,332619,332185,434
76577661,3.12642,3.38041,434,119720,0.35393,0.36,1,332621,332187,434
76580581,20.6253,18.2761,437,119720,0.286786,0.34,1,332646,332209,437
76583501,8.12506,7.65522,437,119720,0.297357,0.3,1,332651,332214,437
76586421,4.02501,3.13104,438,119720,0.291471,0.27,1,332654,332216,438
76589341,12.805,16.6262,433,119720,0.266294,0.2,1,332669,332236,433
76592261,15.361,16.9252,432,119720,0.309259,0.34,1,332685,332253,432
76595181,11.0722,12.185,431,119720,0.277852,0.25,1,332695,332264,431
76598101,11.8144,7.23701,437,119720,0.35957,0.31,1,332707,332270,437
76601021,10.3629,11.8474,434,119720,0.295914,0.3,1,332717,332283,434
76603941,18.8726,19.9695,433,119720,0.331183,0.21,1,332738,332305,433
76606861,11.7745,11.1939,434,119720,0.290237,0.25,1,332748,332314,434
76609781,19.9549,15.8388,439,119720,0.258047,0.35,1,332770,332331,439
76612701,11.191,11.1678,438,119720,0.147609,0.29,1,332779,332341,438
76615621,23.8382,23.8336,438,119720,0.333522,0.21,1,332806,332368,438
76618541,6.36764,9.56671,434,119720,0.370704,0.21,1,332808,332374,434
76621461,2.87353,3.51334,434,119720,0.354141,0.31,1,332810,332376,434
76624381,26.9747,27.9027,433,119720,0.318828,0.25,1,332843,332410,433
76627301,22.1949,17.5805,439,119720,0.319766,0.36,1,332864,332425,439
76630221,11.639,15.5161,433,119720,0.335953,0.28,1,332873,332440,433
76633141,3.9278,6.30322,431,119720,0.355191,0.22,1,332875,332444,431
76636061,10.3856,6.06064,437,119720,0.351038,0.28,1,332887,332450,437
76638981,6.87711,6.81213,436,119720,0.366208,0.26,1,332893,332457,436
76641901,5.37542,6.96243,434,119720,0.385242,0.26,1,332898,332464,434
76644821,2.67508,2.99249,434,119720,0.357048,0.27,1,332900,332466,434
76647741,10.135,10.9985,433,119720,0.33541,0.24,1,332912,332479,433
76650661,13.227,8.5997,439,119720,0.307082,0.22,1,332926,332487,439
76653581,7.4454,5.71994,440,119720,0.309416,0.21,1,332932,332492,440
76656501,3.08908,3.54399,439,119720,0.333883,0.32,1,332934,332495,439
76659421,2.21782,2.3088,439,119720,0.314777,0.33,1,332936,332497,439
76662341,21.2436,20.4618,440,119720,0.318955,0.4,1,332962,332522,440
76665261,13.8487,14.4924,439,119720,0.367791,0.36,1,332974,332535,439
76668181,4.36974,4.49847,439,119720,0.385558,0.31,1,332976,332537,439
76671101,4.07395,7.29969,435,119720,0.325112,0.25,1,332980,332545,435
76674021,12.0148,11.0599,437,119720,0.377022,0.32,1,332994,332557,437
76676941,4.00296,3.81199,437,119720,0.355404,0.31,1,332996,332559,437
76679861,8.00059,6.3624,439,119720,0.399081,0.36,1,333005,332566,439
76682781,3.20012,6.07248,435,119720,0.407816,0.32,1,333007,332572,435
76685701,19.04,18.0145,437,119720,0.321563,0.32,1,333030,332593,437
76688621,7.008,6.8029,437,119720,0.360313,0.33,1,333034,332597,437
76691541,15.8016,14.1606,439,119720,0.304063,0.23,1,333052,332613,439
76694461,6.36032,7.63212,437,119720,0.324813,0.38,1,333056,332619,437
76697381,4.47206,3.12642,439,119720,0.360962,0.27,1,333060,332621,439
76700301,21.6944,20.6253,440,119720,0.376192,0.3,1,333086,332646,440
76703221,8.33888,8.12506,440,119720,0.427238,0.29,1,333091,332651,440
76706141,3.26778,4.02501,439,119720,0.405448,0.26,1,333093,332654,439
76709061,7.05356,12.805,432,119720,0.36909,0.32,1,333101,332669,432
76711981,18.2107,15.361,437,119720,0.321818,0.27,1,333122,332685,437
76714901,7.64214,11.0722,432,119720,0.368364,0.38,1,333127,332695,432
76717821,12.7284,11.8144,434,119720,0.393673,0.28,1,333141,332707,434
76720741,13.7457,10.3629,438,119720,0.446735,0.34,1,333155,332717,438
76723661,18.7491,18.8726,437,119720,0.369347,0.28,1,333175,332738,437
76726581,10.1498,11.7745,435,119720,0.297869,0.25,1,333183,332748,435
76729501,16.43,19.9549,431,119720,0.379574,0.12,1,333201,332770,431
76732421,15.286,11.191,437,119720,0.331915,0.38,1,333216,332779,437
76735341,23.0572,23.8382,435,119720,0.282383,0.38,1,333241,332806,435
76738261,6.21144,6.36764,435,119720,0.288477,0.35,1,333243,332808,435
76741181,2.84229,2.87353,435,119720,0.345695,0.31,1,333245,332810,435
76744101,28.5685,26.9747,437,119720,0.357139,0.32,1,333280,332843,437
76747021,24.1137,22.1949,439,119720,0.359428,0.34,1,333303,332864,439
76749941,12.0227,11.639,439,119720,0.311886,0.36,1,333312,332873,439
76752861,5.60455,3.9278,441,119720,0.382377,0.35,1,333316,332875,441
76755781,10.7209,10.3856,441,119720,0.356475,0.37,1,333328,332887,441
76758701,5.34418,6.87711,439,119720,0.311295,0.39,1,333332,332893,439
76761621,4.26884,5.37542,438,119720,0.262259,0.35,1,333336,332898,438
76764541,2.45377,2.67508,438,119720,0.348452,0.33,1,333338,332900,438
76767461,10.0908,10.135,438,119720,0.37369,0.3,1,333350,332912,438
76770381,14.0182,13.227,439,119720,0.306738,0.31,1,333365,332926,439
76773301,7.60363,7.4454,439,119720,0.285348,0.34,1,333371,332932,439
76776221,3.12073,3.08908,439,119720,0.257069,0.31,1,333373,332934,439
76778001,1.42415,2.21782,438,119720,0.259414,0.32,1,333374,332936,438
76780921,24.2848,21.2436,442,119720,0.331883,0.38,1,333404,332962,442
76783841,9.65697,13.8487,436,119720,0.402377,0.39,1,333410,332974,436
76786761,6.73139,4.36974,440,119720,0.352475,0.31,1,333416,332976,440
76789681,6.14628,4.07395,442,119720,0.326495,0.39,1,333422,332980,442
76792601,11.6293,12.0148,441,119720,0.385299,0.35,1,333435,332994,441
76795521,3.92585,4.00296,441,119720,0.39706,0.41,1,333437,332996,441
76798441,7.98517,8.00059,441,119720,0.351412,0.41,1,333446,333005,441
76801361,3.19703,3.20012,441,119720,0.350282,0.3,1,333448,333007,441
76804281,16.6394,19.04,438,119720,0.382056,0.37,1,333468,333030,438
76807201,8.12788,7.008,440,119720,0.324411,0.29,1,333474,333034,440
76810121,16.0256,15.8016,440,119720,0.328882,0.33,1,333492,333052,440
76813041,9.60512,6.36032,444,119720,0.321776,0.37,1,333500,333056,444
76815961,3.52102,4.47206,442,119720,0.288355,0.38,1,333502,333060,442
76818881,19.9042,21.6944,440,119720,0.305671,0.44,1,333526,333086,440
76821801,10.3808,8.33888,443,119720,0.261134,0.4,1,333534,333091,443
76824721,3.67617,3.26778,443,119720,0.252227,0.36,1,333536,333093,443
76827641,3.93523,7.05356,439,119720,0.218445,0.31,1,333540,333101,439
76830561,18.387,18.2107,440,119720,0.291689,0.38,1,333562,333122,440
76833481,8.47741,7.64214,441,119720,0.250338,0.4,1,333568,333127,441
76836401,7.29548,12.7284,434,119720,0.346068,0.46,1,333575,333141,434
76839321,18.2591,13.7457,441,119720,0.221214,0.35,1,333596,333155,441
76842241,18.0518,18.7491,439,119720,0.316243,0.28,1,333614,333175,439
76845161,12.4104,10.1498,442,119720,0.351249,0.4,1,333625,333183,442
76848081,14.4821,16.43,439,119720,0.35825,0.32,1,333640,333201,439
76851001,13.2964,15.286,437,119720,0.28765,0.27,1,333653,333216,437
76853921,21.8593,23.0572,436,119720,0.36153,0.29,1,333677,333241,436
76856841,5.97186,6.21144,436,119720,0.376306,0.36,1,333679,333243,436
76859761,4.39437,2.84229,438,119720,0.315261,0.36,1,333683,333245,438
76862681,28.8789,28.5685,438,119720,0.375052,0.36,1,333718,333280,438
76865601,22.5758,24.1137,436,119720,0.30701,0.3,1,333739,333303,436
76868521,14.1152,12.0227,439,119720,0.357402,0.4,1,333751,333312,439
76871441,6.02303,5.60455,439,119720,0.35148,0.35,1,333755,333316,439
76874361,13.2046,10.7209,442,119720,0.318296,0.3,1,333770,333328,442
76877281,5.84092,5.34418,442,119720,0.279659,0.25,1,333774,333332,442
76880201,4.36818,4.26884,442,119720,0.271932,0.37,1,333778,333336,442
76883121,2.47364,2.45377,442,119720,0.238386,0.38,1,333780,333338,442
76886041,5.29473,10.0908,436,119720,0.215677,0.29,1,333786,333350,436
76888961,11.4589,14.0182,434,119720,0.355135,0.28,1,333799,333365,434
76891881,11.0918,7.60363,439,119720,0.263027,0.25,1,333810,333371,439
76894801,4.61836,3.12073,440,119720,0.236605,0.26,1,333813,333373,440
76897721,2.52367,1.42415,441,119720,0.199321,0.35,1,333815,333374,441
76900641,23.7047,24.2848,440,119720,0.351864,0.42,1,333844,333404,440
76903561,7.94095,9.65697,438,119720,0.350373,0.34,1,333848,333410,438
76906481,9.58819,6.73139,442,119720,0.350075,0.32,1,333858,333416,442
76909401,6.71764,6.14628,442,119720,0.286015,0.4,1,333864,333422,442
76912321,9.34353,11.6293,439,119720,0.297203,0.4,1,333874,333435,439
76915241,3.46871,3.92585,439,119720,0.331441,0.34,1,333876,333437,439
76918161,8.69374,7.98517,440,119720,0.298288,0.35,1,333886,333446,440
76920481,4.93875,3.19703,442,119720,0.291658,0.39,1,333890,333448,442
76923401,12.1877,16.6394,436,119720,0.346332,0.31,1,333904,333468,436
76926321,5.63755,8.12788,434,119720,0.325266,0.33,1,333908,333474,434
76929241,16.3275,16.0256,435,119720,0.225053,0.32,1,333927,333492,435
76932161,11.2655,9.60512,437,119720,0.277011,0.28,1,333937,333500,437
76935081,3.8531,3.52102,437,119720,0.327402,0.31,1,333939,333502,437
76938001,18.3706,19.9042,435,119720,0.34548,0.25,1,333961,333526,435
76940921,8.47412,10.3808,433,119720,0.285096,0.25,1,333967,333534,433
76943841,7.29482,3.67617,438,119720,0.305019,0.21,1,333974,333536,438
76946761,4.65896,3.93523,438,119720,0.277004,0.31,1,333978,333540,438
76949681,20.1318,18.387,440,119720,0.295401,0.24,1,334002,333562,440
76952601,7.22636,8.47741,438,119720,0.22708,0.37,1,334006,333568,438
76955521,7.84527,7.29548,439,119720,0.293416,0.19,1,334014,333575,439
76958441,17.5691,18.2591,438,119720,0.242683,0.34,1,334034,333596,438
76961361,17.9138,18.0518,438,119720,0.248537,0.36,1,334052,333614,438
76964281,13.1828,12.4104,439,119720,0.201707,0.36,1,334064,333625,439
76967201,10.6366,14.4821,434,119720,0.256341,0.27,1,334074,333640,434
76970121,10.1273,13.2964,431,119720,0.275268,0.38,1,334084,333653,431
76973041,30.0255,21.8593,442,119720,0.255054,0.38,1,334119,333677,442
76975961,7.60509,5.97186,442,119720,0.227011,0.3,1,334121,333679,442
76978881,4.72102,4.39437,442,119720,0.213402,0.39,1,334125,333683,442
76981801,28.9442,28.8789,442,119720,0.25068,0.29,1,334160,333718,442
76984721,20.9888,22.5758,440,119720,0.242136,0.37,1,334179,333739,440
76987641,14.5978,14.1152,441,119720,0.296427,0.35,1,334192,333751,441
76990561,4.51955,6.02303,439,119720,0.315285,0.31,1,334194,333755,439
76993481,8.90391,13.2046,434,119720,0.263057,0.27,1,334204,333770,434
76996401,3.38078,5.84092,432,119720,0.276611,0.27,1,334206,333774,432
76999321,10.2762,4.36818,440,119720,0.303322,0.23,1,334218,333778,440
77002241,3.65523,2.47364,440,119720,0.292664,0.21,1,334220,333780,440
77005161,5.53105,5.29473,440,119720,0.226533,0.39,1,334226,333786,440
77008081,5.90621,11.4589,433,119720,0.309307,0.24,1,334232,333799,433
77011001,10.7812,11.0918,434,119720,0.341861,0.23,1,334244,333810,434
77013921,5.35625,4.61836,435,119720,0.292372,0.19,1,334248,333813,435
77016841,5.87125,2.52367,439,119720,0.218474,0.39,1,334254,333815,439
77019761,20.3743,23.7047,434,119720,0.267695,0.35,1,334278,333844,434
77022681,12.0748,7.94095,440,119720,0.253539,0.35,1,334288,333848,440
77025601,5.61497,9.58819,434,119720,0.258708,0.27,1,334292,333858,434
77028521,9.12299,6.71764,438,119720,0.259742,0.3,1,334302,333864,438
77031441,9.0246,9.34353,437,119720,0.203948,0.34,1,334311,333874,437
77034361,3.40492,3.46871,437,119720,0.19279,0.29,1,334313,333876,437
77037281,8.68098,8.69374,437,119720,0.230558,0.29,1,334323,333886,437
77040201,3.3362,4.93875,435,119720,0.294112,0.36,1,334325,333890,435
77043121,13.4672,12.1877,437,119720,0.266822,0.32,1,334341,333904,437
77046041,5.89345,5.63755,437,119720,0.317364,0.2,1,334345,333908,437
77048961,16.3787,16.3275,437,119720,0.215473,0.29,1,334364,333927,437
77051881,6.47574,11.2655,431,119720,0.171095,0.34,1,334368,333937,431
77054801,4.49515,3.8531,433,119720,0.106219,0.35,1,334372,333939,433
77057721,18.499,18.3706,433,119720,0.237244,0.27,1,334394,333961,433
77060641,10.0998,8.47412,435,119720,0.295449,0.31,1,334402,333967,435
77063561,6.81996,7.29482,434,119720,0.24309,0.27,1,334408,333974,434
77066481,4.56399,4.65896,434,119720,0.240618,0.3,1,334412,333978,434
77069401,20.9128,20.1318,435,119720,0.208124,0.21,1,334437,334002,435
77072321,8.98256,7.22636,437,119720,0.265625,0.31,1,334443,334006,437
77075241,6.59651,7.84527,435,119720,0.301125,0.23,1,334449,334014,435
77078161,18.1193,17.5691,436,119720,0.284225,0.25,1,334470,334034,436
77081081,14.0239,17.9138,431,119720,0.336845,0.19,1,334483,334052,431
77084001,16.4048,13.1828,436,119720,0.331369,0.27,1,334500,334064,436
77086921,11.281,10.6366,436,119720,0.250274,0.28,1,334510,334074,436
77089841,5.45619,10.1273,430,119720,0.338055,0.25,1,334514,334084,430
77092761,29.0912,30.0255,430,119720,0.259611,0.22,1,334549,334119,430
77095681,10.6182,7.60509,434,119720,0.283922,0.21,1,334555,334121,434
77098601,3.72365,4.72102,432,119720,0.256784,0.26,1,334557,334125,432
77101521,31.9447,28.9442,436,119720,0.259357,0.24,1,334596,334160,436
77104441,22.3889,20.9888,437,119720,0.235871,0.31,1,334616,334179,437
77107361,12.4778,14.5978,434,119720,0.223174,0.32,1,334626,334192,434
77110281,4.09556,4.51955,434,119720,0.244635,0.25,1,334628,334194,434
77113201,6.41911,8.90391,431,119720,0.232927,0.28,1,334635,334204,431
77116121,8.48382,3.38078,438,119720,0.254585,0.31,1,334644,334206,438
77119041,5.69676,10.2762,431,119720,0.218917,0.29,1,334649,334218,431
77121961,7.53935,3.65523,437,119720,0.291783,0.21,1,334657,334220,437
77124881,6.30787,5.53105,437,119720,0.258357,0.33,1,334663,334226,437
77127801,4.46157,5.90621,435,119720,0.211671,0.35,1,334667,334232,435
77130721,9.69231,10.7812,434,119720,0.306334,0.28,1,334678,334244,434
77133641,7.53846,5.35625,437,119720,0.269267,0.2,1,334685,334248,437
77136561,4.70769,5.87125,435,119720,0.261853,0.28,1,334689,334254,435
77139481,20.1415,20.3743,435,119720,0.244371,0.25,1,334713,334278,435
77142401,7.22831,12.0748,429,119720,0.208874,0.26,1,334717,334288,429
77145321,9.44566,5.61497,435,119720,0.257775,0.26,1,334727,334292,435
77148241,6.68913,9.12299,431,119720,0.211555,0.19,1,334733,334302,431
77151161,10.9378,9.0246,434,119720,0.234311,0.19,1,334745,334311,434
77154081,5.38757,3.40492,436,119720,0.286862,0.24,1,334749,334313,436
77157001,9.07751,8.68098,436,119720,0.169372,0.31,1,334759,334323,436
77159921,3.4155,3.3362,436,119720,0.273874,0.26,1,334761,334325,436
77162841,13.4831,13.4672,436,119720,0.286775,0.33,1,334777,334341,436
77165761,5.89662,5.89345,436,119720,0.281355,0.19,1,334781,334345,436
77168681,6.77932,16.3787,424,119720,0.264271,0.16,1,334788,334364,424
77171601,12.5559,6.47574,434,119720,0.268854,0.09,1,334802,334368,434
77174521,4.11117,4.49515,432,119720,0.237771,0.27,1,334804,334372,432
77177441,21.6222,18.499,436,119720,0.207554,0.31,1,334830,334394,436
77180361,9.12445,10.0998,434,119720,0.225511,0.23,1,334836,334402,434
77183281,6.62489,6.81996,434,119720,0.205102,0.24,1,334842,334408,434
77186201,4.52498,4.56399,434,119720,0.13702,0.2,1,334846,334412,434
77189121,21.705,20.9128,435,119720,0.195404,0.28,1,334872,334437,435
77192041,9.141,8.98256,435,119720,0.231081,0.31,1,334878,334443,435
77194961,8.2282,6.59651,437,119720,0.278216,0.28,1,334886,334449,437
77197881,13.6456,18.1193,431,119720,0.263643,0.35,1,334901,334470,431
77200801,17.9291,14.0239,437,119720,0.172729,0.33,1,334920,334483,437
77203721,14.7858,16.4048,434,119720,0.266546,0.23,1,334934,334500,434
77206641,14.9572,11.281,439,119720,0.285309,0.36,1,334949,334510,439
77209561,5.39143,5.45619,438,119720,0.265062,0.24,1,334952,334514,438
77212481,28.2783,29.0912,437,119720,0.253012,0.29,1,334986,334549,437
77215401,10.4557,10.6182,437,119720,0.298602,0.25,1,334992,334555,437
77218321,5.29113,3.72365,439,119720,0.275721,0.26,1,334996,334557,439
77221241,26.6582,31.9447,432,119720,0.247144,0.23,1,335028,334596,432
77224161,22.1316,22.3889,433,119720,0.273429,0.22,1,335049,334616,433
77227081,12.4263,12.4778,433,119720,0.254686,0.25,1,335059,334626,433
77230001,4.08527,4.09556,433,119720,0.330937,0.23,1,335061,334628,433
77232921,8.01705,6.41911,435,119720,0.338187,0.26,1,335070,334635,435
77235841,10.4034,8.48382,437,119720,0.291637,0.21,1,335081,334644,437
77238761,6.08068,5.69676,437,119720,0.242327,0.31,1,335086,334649,437
77241681,3.61614,7.53935,432,119720,0.312465,0.25,1,335089,334657,432
77244601,9.52323,6.30787,437,119720,0.350493,0.2,1,335100,334663,437
77247521,5.10465,4.46157,437,119720,0.318099,0.33,1,335104,334667,437
77250441,7.42093,9.69231,434,119720,0.35962,0.26,1,335112,334678,434
77253361,3.08419,7.53846,429,119720,0.335924,0.26,1,335114,334685,429
77256281,2.21684,4.70769,427,119720,0.331185,0.24,1,335116,334689,427
77259201,23.6434,20.1415,432,119720,0.274237,0.2,1,335145,334713,432
77262121,11.1287,7.22831,436,119720,0.270847,0.27,1,335153,334717,436
77265041,3.82573,9.44566,428,119720,0.238169,0.2,1,335155,334727,428
77267961,10.3651,6.68913,434,119720,0.279634,0.24,1,335167,334733,434
77270881,8.47303,10.9378,430,119720,0.287927,0.3,1,335175,334745,430
77273801,4.89461,5.38757,430,119720,0.257585,0.14,1,335179,334749,430
77276721,10.5789,9.07751,432,119720,0.275517,0.3,1,335191,334759,432
77279641,7.71578,3.4155,437,119720,0.287103,0.29,1,335198,334761,437
77282561,11.9432,13.4831,434,119720,0.233421,0.28,1,335211,334777,434
77285481,7.18863,5.89662,436,119720,0.302684,0.26,1,335217,334781,436
77288401,4.63773,6.77932,433,119720,0.284537,0.27,1,335221,334788,433
77291321,12.9275,12.5559,434,119720,0.304907,0.23,1,335236,334802,434
77294241,4.18551,4.11117,434,119720,0.276981,0.2,1,335238,334804,434
77297161,20.0371,21.6222,432,119720,0.335396,0.23,1,335262,334830,432
77300081,7.20742,9.12445,430,119720,0.275079,0.2,1,335266,334836,430
77303001,6.24148,6.62489,430,119720,0.287016,0.12,1,335272,334842,430
77305921,6.0483,4.52498,432,119720,0.257403,0.21,1,335278,334846,432
77308841,22.0097,21.705,432,119720,0.259481,0.24,1,335304,334872,432
77311761,10.8019,9.141,434,119720,0.275896,0.29,1,335312,334878,434
77314681,5.36039,8.2282,430,119720,0.247179,0.26,1,335316,334886,430
77317601,14.6721,13.6456,432,119720,0.265436,0.15,1,335333,334901,432
77320521,20.5344,17.9291,435,119720,0.293087,0.29,1,335355,334920,435
77323441,16.9069,14.7858,437,119720,0.282617,0.29,1,335371,334934,437
77326361,14.5814,14.9572,436,119720,0.256523,0.26,1,335385,334949,436
77329281,6.11628,5.39143,437,119720,0.283305,0.25,1,335389,334952,437
77332201,26.8233,28.2783,435,119720,0.240661,0.31,1,335421,334986,435
77335121,10.1647,10.4557,435,119720,0.200132,0.27,1,335427,334992,435
77338041,3.63293,5.29113,433,119720,0.160026,0.24,1,335429,334996,433
77340961,27.1266,26.6582,434,119720,0.208005,0.28,1,335462,335028,434
77343881,25.4253,22.1316,438,119720,0.193601,0.25,1,335487,335049,438
77346801,13.8851,12.4263,439,119720,0.23072,0.35,1,335498,335059,439
77349721,4.37701,4.08527,439,119720,0.262144,0.34,1,335500,335061,439
77352641,5.6754,8.01705,436,119720,0.220429,0.28,1,335506,335070,436
77355561,11.5351,10.4034,438,119720,0.220086,0.23,1,335519,335081,438
77358481,3.90702,6.08068,435,119720,0.228017,0.33,1,335521,335086,435
77361401,3.9814,3.61614,436,119720,0.189603,0.36,1,335525,335089,436
77364321,7.99628,9.52323,434,119720,0.237921,0.31,1,335534,335100,434
77367241,7.99926,5.10465,438,119720,0.183584,0.37,1,335542,335104,438
77370161,6.39985,7.42093,436,119720,0.188717,0.33,1,335548,335112,436
77373081,2.87997,3.08419,436,119720,0.277743,0.33,1,335550,335114,436
77376001,2.17599,2.21684,436,119720,0.263549,0.26,1,335552,335116,436
77378921,21.2352,23.6434,433,119720,0.19671,0.27,1,335578,335145,433
77381841,10.647,11.1287,433,119720,0.247342,0.23,1,335586,335153,433
77384761,6.92941,3.82573,437,119720,0.193468,0.29,1,335592,335155,437
77387681,9.38588,10.3651,435,119720,0.190694,0.29,1,335602,335167,435
77390601,6.67718,8.47303,433,119720,0.230139,0.25,1,335608,335175,433
77393521,6.93544,4.89461,436,119720,0.278028,0.28,1,335615,335179,436
77396441,10.9871,10.5789,436,119720,0.199606,0.29,1,335627,335191,436
77399361,3.79742,7.71578,431,119720,0.159921,0.22,1,335629,335198,431
77402281,15.1595,11.9432,436,119720,0.255984,0.32,1,335647,335211,436
77405201,4.6319,7.18863,432,119720,0.243197,0.28,1,335649,335217,432
77408121,5.72638,4.63773,434,119720,0.208639,0.31,1,335655,335221,434
77411041,9.94528,12.9275,430,119720,0.233728,0.27,1,335666,335236,430
77413961,9.18906,4.18551,437,119720,0.190746,0.35,1,335675,335238,437
77416881,21.0378,20.0371,437,119720,0.246149,0.26,1,335699,335262,437
77419801,5.80756,7.20742,435,119720,0.22523,0.29,1,335701,335266,435
77422721,5.96151,6.24148,435,119720,0.277046,0.25,1,335707,335272,435
77425641,4.3923,6.0483,433,119720,0.247409,0.26,1,335711,335278,433
77428561,23.2785,22.0097,435,119720,0.233482,0.28,1,335739,335304,435
77431481,10.2557,10.8019,434,119720,0.182696,0.24,1,335746,335312,434
77434401,5.25114,5.36039,434,119720,0.204539,0.27,1,335750,335316,434
77437321,13.0502,14.6721,432,119720,0.240908,0.3,1,335765,335333,432
77440241,23.41,20.5344,436,119720,0.216182,0.28,1,335791,335355,436
77443161,13.482,16.9069,431,119720,0.211236,0.25,1,335802,335371,431
77446081,18.6964,14.5814,437,119720,0.186247,0.29,1,335822,335385,437
77449001,6.13928,6.11628,436,119720,0.245249,0.23,1,335825,335389,436
77451921,22.8279,26.8233,431,119720,0.26505,0.19,1,335852,335421,431
77454841,7.76557,10.1647,429,119720,0.19701,0.15,1,335856,335427,429
77457761,8.75311,3.63293,436,119720,0.207402,0.22,1,335865,335429,436
77460681,26.5506,27.1266,434,119720,0.22548,0.19,1,335896,335462,434
77463601,24.5101,25.4253,433,119720,0.221096,0.24,1,335920,335487,433
77466521,11.302,13.8851,430,119720,0.236219,0.27,1,335928,335498,430
77469441,5.4604,4.37701,432,119720,0.247244,0.21,1,335932,335500,432
77472361,7.49208,5.6754,434,119720,0.241449,0.22,1,335940,335506,434
77475281,12.6984,11.5351,435,119720,0.23229,0.23,1,335954,335519,435
77478201,4.13968,3.90702,435,119720,0.230458,0.18,1,335956,335521,435
77481121,4.02794,3.9814,435,119720,0.206092,0.25,1,335960,335525,435
77484041,6.40559,7.99628,433,119720,0.281218,0.17,1,335967,335534,433
77486961,9.28112,7.99926,435,119720,0.208244,0.19,1,335977,335542,435
77489881,5.85622,6.39985,434,119720,0.257649,0.3,1,335982,335548,434
77492801,2.77124,2.87997,434,119720,0.23553,0.26,1,335984,335550,434
77495721,2.15425,2.17599,434,119720,0.231106,0.18,1,335986,335552,434
77498641,20.4308,21.2352,433,119720,0.302221,0.26,1,336011,335578,433
77501561,11.2862,10.647,434,119720,0.284444,0.18,1,336020,335586,434
77504481,5.45723,6.92941,432,119720,0.280889,0.19,1,336024,335592,432
77507401,7.49145,9.38588,430,119720,0.208178,0.24,1,336032,335602,430
77510321,11.0983,6.67718,436,119720,0.257636,0.29,1,336044,335608,436
77513241,3.81966,6.93544,431,119720,0.235527,0.18,1,336046,335615,431
77516161,8.76393,10.9871,429,119720,0.207105,0.15,1,336056,335627,429
77519081,4.95279,3.79742,431,119720,0.225421,0.28,1,336060,335629,431
77522001,20.1906,15.1595,437,119720,0.277084,0.24,1,336084,335647,437
77524921,5.63811,4.6319,437,119720,0.287417,0.2,1,336086,335649,437
77527841,2.72762,5.72638,433,119720,0.249483,0.24,1,336088,335655,433
77530761,6.94552,9.94528,430,119720,0.225897,0.18,1,336096,335666,430
77533681,7.7891,9.18906,429,119720,0.213179,0.26,1,336104,335675,429
77536601,23.9578,21.0378,433,119720,0.274636,0.22,1,336132,335699,433
77539521,6.39156,5.80756,433,119720,0.294927,0.29,1,336134,335701,433
77542441,6.07831,5.96151,433,119720,0.202985,0.24,1,336140,335707,433
77545361,4.41566,4.3923,433,119720,0.272597,0.23,1,336144,335711,433
77548281,22.4831,23.2785,432,119720,0.270519,0.17,1,336171,335739,432
77551201,10.8966,10.2557,433,119720,0.214104,0.21,1,336179,335746,433
77554121,6.97933,5.25114,435,119720,0.210821,0.25,1,336185,335750,435
77557041,12.5959,13.0502,434,119720,0.266164,0.21,1,336199,335765,434
77559961,21.7192,23.41,432,119720,0.149233,0.21,1,336223,335791,432
77562881,13.9438,13.482,433,119720,0.181847,0.18,1,336235,335802,433
77565801,17.9888,18.6964,432,119720,0.260369,0.26,1,336254,335822,432
77568721,8.39775,6.13928,435,119720,0.220074,0.27,1,336260,335825,435
77571641,22.4796,22.8279,434,119720,0.220015,0.18,1,336286,335852,434
77574561,6.09591,7.76557,432,119720,0.188003,0.21,1,336288,335856,432
77577481,7.61918,8.75311,431,119720,0.149601,0.23,1,336296,335865,431
77580401,23.9238,26.5506,428,119720,0.30192,0.22,1,336324,335896,428
77583321,29.5848,24.5101,435,119720,0.300384,0.24,1,336355,335920,435
77586241,11.517,11.302,434,119720,0.204077,0.25,1,336362,335928,434
77589161,5.50339,5.4604,434,119720,0.280815,0.24,1,336366,335932,434
77592081,4.30068,7.49208,430,119720,0.312163,0.23,1,336370,335940,430
77595001,12.0601,12.6984,430,119720,0.278433,0.23,1,336384,335954,430
77597921,8.81203,4.13968,436,119720,0.271687,0.2,1,336392,335956,436
77600841,4.96241,4.02794,436,119720,0.230337,0.3,1,336396,335960,436
77603761,3.39248,6.40559,432,119720,0.238067,0.19,1,336399,335967,432
77606681,12.6785,9.28112,437,119720,0.311613,0.27,1,336414,335977,437
77609601,6.5357,5.85622,437,119720,0.278323,0.23,1,336419,335982,437
77612521,2.90714,2.77124,437,119720,0.231665,0.23,1,336421,335984,437
77614161,1.38143,2.15425,436,119720,0.206333,0.32,1,336422,335986,436
77617081,19.4763,20.4308,435,119720,0.265267,0.28,1,336446,336011,435
77620001,8.69526,11.2862,432,119720,0.261053,0.28,1,336452,336020,432
77622921,4.93905,5.45723,432,119720,0.188211,0.19,1,336456,336024,432
77625841,8.98781,7.49145,434,119720,0.197642,0.27,1,336466,336032,434
77628761,9.79756,11.0983,432,119720,0.207528,0.23,1,336476,336044,432
77631681,3.55951,3.81966,432,119720,0.209506,0.2,1,336478,336046,432
77634601,8.7119,8.76393,432,119720,0.257901,0.23,1,336488,336056,432
77637521,4.94238,4.95279,432,119720,0.23558,0.29,1,336492,336060,432
77640441,20.9885,20.1906,433,119720,0.327116,0.29,1,336517,336084,433
77643361,5.79769,5.63811,433,119720,0.345423,0.24,1,336519,336086,433
77646281,4.35954,2.72762,435,119720,0.293085,0.22,1,336523,336088,435
77649201,5.67191,6.94552,433,119720,0.314617,0.22,1,336529,336096,433
77650981,3.53438,1.3891,436,119720,0.294923,0.21,1,336532,336096,436
77653901,22.3069,6.67782,455,119720,0.290985,0.29,1,336559,336104,455
77656821,11.6614,23.7356,436,119720,0.250197,0.3,1,336568,336132,436
77659741,3.93227,6.34711,436,119720,0.330039,0.18,1,336570,336134,436
77662661,7.18646,6.06942,438,119720,0.218008,0.29,1,336578,336140,438
77665581,20.6373,4.41388,458,119720,0.275602,0.27,1,336602,336144,458
77668501,11.3275,22.4828,440,119720,0.26312,0.2,1,336611,336171,440
77671421,8.66549,10.8966,440,119720,0.276624,0.21,1,336619,336179,440
77674341,12.1331,6.97931,447,119720,0.311325,0.28,1,336632,336185,447
77677261,17.6266,12.5959,452,119720,0.262265,0.12,1,336651,336199,452
77680181,13.1253,21.7192,440,119720,0.148453,0.19,1,336663,336223,440
77683101,17.8251,13.9438,447,119720,0.213691,0.28,1,336682,336235,447
77686021,13.965,17.9888,441,119720,0.250738,0.21,1,336695,336254,441
77688941,17.993,8.39775,454,119720,0.330148,0.22,1,336714,336260,454
77691861,9.1986,22.4796,435,119720,0.29803,0.18,1,336721,336286,435
77694781,10.6397,6.09591,444,119720,0.179606,0.14,1,336732,336288,444
77697701,19.7279,7.61918,458,119720,0.267921,0.34,1,336754,336296,458
77700621,33.5456,23.9238,467,119720,0.181584,0.3,1,336791,336324,467
77703541,12.3091,29.5848,443,119720,0.204317,0.18,1,336798,336355,443
77706461,4.06182,11.517,438,119720,0.176863,0.3,1,336800,336362,438
77709381,3.21236,5.50339,437,119720,0.163373,0.32,1,336803,336366,437
77712301,11.8425,4.30068,447,119720,0.240675,0.27,1,336817,336370,447
77715221,7.16849,12.0601,439,119720,0.168135,0.27,1,336823,336384,439
77718141,7.8337,8.81203,439,119720,0.217627,0.22,1,336831,336392,439
77721061,3.96674,4.96241,438,119720,0.211525,0.24,1,336834,336396,438
77723981,11.9933,3.39248,449,119720,0.202305,0.33,1,336848,336399,449
77726901,6.39867,12.6785,439,119720,0.264461,0.27,1,336853,336414,439
77729821,2.87973,6.5357,436,119720,0.252892,0.22,1,336855,336419,436
77732741,2.17595,2.90714,436,119720,0.218578,0.28,1,336857,336421,436
77735661,15.6352,20.5814,430,119720,0.283716,0.26,1,336876,336446,430
77738581,11.127,8.91629,434,119720,0.288743,0.17,1,336886,336452,434
77741501,3.82541,4.98326,432,119720,0.289749,0.2,1,336888,336456,432
77744421,8.76508,8.99665,432,119720,0.27395,0.21,1,336898,336466,432
77747341,12.953,9.79933,436,119720,0.25479,0.21,1,336912,336476,436
77750261,4.1906,3.55987,436,119720,0.226958,0.27,1,336914,336478,436
77753181,8.83812,8.71197,436,119720,0.237392,0.23,1,336924,336488,436
77756101,3.36762,4.94239,434,119720,0.271478,0.35,1,336926,336492,434
77759021,19.8735,20.9885,433,119720,0.230296,0.35,1,336950,336517,433
77761941,8.77471,5.7977,437,119720,0.310059,0.28,1,336956,336519,437
77764861,3.35494,4.35954,435,119720,0.294012,0.32,1,336958,336523,435
77767781,5.47099,5.67191,435,119720,0.234802,0.29,1,336964,336529,435
77770701,2.6942,3.53438,434,119720,0.19096,0.29,1,336966,336532,434
77773621,24.5388,22.3069,437,119720,0.238192,0.24,1,336996,336559,437
77776541,8.10777,11.6614,432,119720,0.191638,0.35,1,337000,336568,432
77779461,3.22155,3.93227,432,119720,0.150328,0.19,1,337002,336570,432
77782381,9.44431,7.18646,435,119720,0.238066,0.29,1,337013,336578,435
77785301,21.0889,20.6373,435,119720,0.287613,0.26,1,337037,336602,435
77788221,11.4178,11.3275,435,119720,0.273523,0.28,1,337046,336611,435
77791141,7.08355,8.66549,433,119720,0.238705,0.32,1,337052,336619,433
77794061,13.4167,12.1331,435,119720,0.167741,0.25,1,337067,336632,435
77796981,12.2833,17.6266,428,119720,0.233548,0.12,1,337079,336651,428
77799901,16.0567,13.1253,433,119720,0.27071,0.23,1,337096,336663,433
77802821,20.8113,17.8251,436,119720,0.310142,0.26,1,337118,336682,436
77805741,15.3623,13.965,437,119720,0.174028,0.35,1,337132,336695,437
77808661,15.0725,17.993,433,119720,0.250806,0.29,1,337147,336714,433
77811581,4.61449,9.1986,428,119720,0.290161,0.15,1,337149,336721,428
77814501,14.5229,10.6397,434,119720,0.194032,0.29,1,337166,336732,434
77817421,20.5046,19.7279,434,119720,0.254806,0.16,1,337188,336754,434
77820341,30.5009,33.5456,430,119720,0.234961,0.21,1,337221,336791,430
77823261,14.1002,12.3091,433,119720,0.166992,0.17,1,337231,336798,433
77826181,6.02004,4.06182,435,119720,0.265398,0.16,1,337235,336800,435
77829101,4.40401,3.21236,436,119720,0.22908,0.26,1,337239,336803,436
77832021,12.0808,11.8425,436,119720,0.237816,0.15,1,337253,336817,436
77834941,4.01616,7.16849,432,119720,0.239563,0.23,1,337255,336823,432
77837861,8.80323,7.8337,434,119720,0.231913,0.21,1,337265,336831,434
77840781,4.96065,3.96674,435,119720,0.230383,0.2,1,337269,336834,435
77843701,8.99213,11.9933,431,119720,0.150077,0.28,1,337279,336848,431
77846621,5.79843,6.39867,431,119720,0.222015,0.25,1,337284,336853,431
77849541,3.55969,2.87973,432,119720,0.220403,0.21,1,337287,336855,432
77852461,2.31194,2.17595,432,119720,0.212081,0.3,1,337289,336857,432
77855381,18.8624,15.6352,436,119720,0.250416,0.29,1,337312,336876,436
77858301,6.97248,11.127,430,119720,0.258083,0.29,1,337316,336886,430
77861221,7.7945,3.82541,436,119720,0.283617,0.27,1,337324,336888,436
77864141,10.3589,8.76508,437,119720,0.216723,0.25,1,337335,336898,437
77867061,10.0718,12.953,433,119720,0.203345,0.22,1,337345,336912,433
77869981,3.61436,4.1906,433,119720,0.232669,0.24,1,337347,336914,433
77872901,8.72287,8.83812,433,119720,0.262534,0.28,1,337357,336924,433
77875821,3.34457,3.36762,433,119720,0.300507,0.22,1,337359,336926,433
77878741,20.6689,19.8735,434,119720,0.212101,0.33,1,337384,336950,434
77881661,5.73378,8.77471,430,119720,0.19442,0.29,1,337386,336956,430
77884581,2.74676,3.35494,430,119720,0.214884,0.22,1,337388,336958,430
77887501,9.34935,5.47099,435,119720,0.138977,0.18,1,337399,336964,435
77890421,3.46987,2.6942,435,119720,0.251795,0.25,1,337401,336966,435
77893341,19.094,24.5388,428,119720,0.234359,0.18,1,337424,336996,428
77896261,11.0188,8.10777,433,119720,0.198872,0.14,1,337433,337000,433
77899181,3.80376,3.22155,433,119720,0.231774,0.26,1,337435,337002,433
77902101,10.3608,9.44431,434,119720,0.254355,0.3,1,337447,337013,434
77905021,22.0722,21.0889,435,119720,0.146871,0.27,1,337472,337037,435
77907941,10.8144,11.4178,434,119720,0.157374,0.23,1,337480,337046,434
77910861,6.16289,7.08355,433,119720,0.143475,0.15,1,337485,337052,433
77913781,14.8326,13.4167,435,119720,0.236695,0.25,1,337502,337067,435
77916701,10.9665,12.2833,433,119720,0.215339,0.28,1,337512,337079,433
77919621,15.7933,16.0567,433,119720,0.235068,0.32,1,337529,337096,433
77922541,18.3587,20.8113,430,119720,0.247014,0.14,1,337548,337118,430
77925461,15.6717,15.3623,431,119720,0.249403,0.27,1,337563,337132,431
77928381,18.3343,15.0725,435,119720,0.233881,0.3,1,337582,337147,435
77931301,5.26687,4.61449,435,119720,0.230776,0.17,1,337584,337149,435
77934221,10.6534,14.5229,430,119720,0.246155,0.27,1,337596,337166,430
77937141,24.5307,20.5046,436,119720,0.281231,0.23,1,337624,337188,436
77940061,25.7061,30.5009,429,119720,0.288246,0.15,1,337650,337221,429
77942981,16.3412,14.1002,433,119720,0.289649,0.29,1,337664,337231,433
77945901,4.86825,6.02004,431,119720,0.26593,0.22,1,337666,337235,431
77948821,6.57365,4.40401,434,119720,0.301186,0.24,1,337673,337239,434
77951741,12.5147,12.0808,434,119720,0.292237,0.24,1,337687,337253,434
77954661,4.10295,4.01616,434,119720,0.258447,0.23,1,337689,337255,434
77957581,5.62059,8.80323,430,119720,0.203689,0.23,1,337695,337265,430
77960501,3.52412,4.96065,429,119720,0.184738,0.13,1,337698,337269,429
77963421,13.5048,8.99213,435,119720,0.212948,0.24,1,337714,337279,435
77966341,8.30096,5.79843,437,119720,0.17859,0.22,1,337721,337284,437
77969261,3.26019,3.55969,436,119720,0.219718,0.21,1,337723,337287,436
77972181,2.25204,2.31194,436,119720,0.243944,0.26,1,337725,337289,436
77975101,19.6504,18.8624,437,119720,0.304789,0.26,1,337749,337312,437
77978021,7.13008,6.97248,437,119720,0.276958,0.29,1,337753,337316,437
77980941,3.02602,7.7945,431,119720,0.279392,0.2,1,337755,337324,431
77983861,9.4052,10.3589,431,119720,0.295878,0.2,1,337766,337335,431
77986781,9.88104,10.0718,431,119720,0.235176,0.24,1,337776,337345,431
77989701,6.77621,3.61436,435,119720,0.191035,0.27,1,337782,337347,435
77992621,7.75524,8.72287,433,119720,0.246207,0.31,1,337790,337357,433
77995541,3.15105,3.34457,433,119720,0.225241,0.19,1,337792,337359,433
77998461,15.8302,20.6689,427,119720,0.269048,0.19,1,337811,337384,427
78001381,4.76604,5.73378,427,119720,0.27781,0.22,1,337813,337386,427
78004301,2.55321,2.74676,427,119720,0.295562,0.12,1,337815,337388,427
78007221,9.31064,9.34935,427,119720,0.291112,0.28,1,337826,337399,427
78010141,3.46213,3.46987,427,119720,0.298222,0.23,1,337828,337401,427
78013061,23.8924,19.094,433,119720,0.267644,0.19,1,337857,337424,433
78015981,7.17849,11.0188,427,119720,0.221529,0.24,1,337860,337433,427
78018901,3.0357,3.80376,427,119720,0.244306,0.26,1,337862,337435,427
78021821,11.8071,10.3608,429,119720,0.256861,0.12,1,337876,337447,429
78024741,21.5614,22.0722,428,119720,0.219372,0.16,1,337900,337472,428
78027661,14.7123,10.8144,433,119720,0.275874,0.14,1,337913,337480,433
78030581,4.54246,6.16289,430,119720,0.255175,0.26,1,337915,337485,430
78033501,16.9085,14.8326,433,119720,0.275035,0.21,1,337935,337502,433
78036421,12.1817,10.9665,434,119720,0.199007,0.24,1,337946,337512,434
78039341,16.0363,15.7933,434,119720,0.199801,0.25,1,337963,337529,434
78042261,17.6073,18.3587,433,119720,0.26396,0.25,1,337981,337548,433
78045181,17.9215,15.6717,436,119720,0.172792,0.23,1,337999,337563,436
78048101,17.1843,18.3343,434,119720,0.266558,0.23,1,338016,337582,434
78051021,5.03686,5.26687,434,119720,0.253312,0.25,1,338018,337584,434
78053941,5.80737,10.6534,428,119720,0.226662,0.29,1,338024,337596,428
78056861,30.7615,24.5307,437,119720,0.261332,0.29,1,338061,337624,437
78059781,26.9523,25.7061,437,119720,0.196267,0.29,1,338087,337650,437
78062701,15.7905,16.3412,436,119720,0.199253,0.26,1,338100,337664,436
78065621,4.75809,4.86825,436,119720,0.167851,0.31,1,338102,337666,436
78068541,2.55162,6.57365,431,119720,0.18557,0.29,1,338104,337673,431
78071461,10.9103,12.5147,430,119720,0.269114,0.25,1,338117,337687,430
78074381,3.78206,4.10295,430,119720,0.261823,0.19,1,338119,337689,430
78077301,9.55641,5.62059,435,119720,0.268365,0.18,1,338130,337695,435
78080221,4.31128,3.52412,435,119720,0.253673,0.22,1,338133,337698,435
78083141,12.8623,13.5048,434,119720,0.314735,0.17,1,338148,337714,434
78086061,6.57245,8.30096,432,119720,0.278947,0.23,1,338153,337721,432
78088981,2.91449,3.26019,432,119720,0.239789,0.25,1,338155,337723,432
78091901,2.1829,2.25204,432,119720,0.191958,0.32,1,338157,337725,432
78094821,19.6366,19.6504,432,119720,0.294392,0.27,1,338181,337749,432
78097741,10.3273,7.13008,436,119720,0.258878,0.28,1,338189,337753,436
78100661,3.66546,3.02602,436,119720,0.291776,0.3,1,338191,337755,436
78103581,7.13309,9.4052,433,119720,0.210355,0.22,1,338199,337766,433
78106501,11.8266,9.88104,436,119720,0.242071,0.18,1,338212,337776,436
78109421,3.96532,6.77621,432,119720,0.240414,0.26,1,338214,337782,432
78112341,7.19306,7.75524,432,119720,0.168083,0.22,1,338222,337790,432
78115261,6.23861,3.15105,436,119720,0.281617,0.28,1,338228,337792,436
78118181,13.2477,15.8302,432,119720,0.248323,0.28,1,338243,337811,432
78121101,5.84954,4.76604,434,119720,0.177665,0.3,1,338247,337813,434
78124021,4.36991,2.55321,436,119720,0.283533,0.29,1,338251,337815,436
78126941,4.07398,9.31064,429,119720,0.272707,0.3,1,338255,337826,429
78129861,2.4148,3.46213,429,119720,0.238541,0.26,1,338257,337828,429
78132781,26.083,23.8924,432,119720,0.207708,0.21,1,338289,337857,432
78135701,6.81659,7.17849,431,119720,0.193542,0.25,1,338291,337860,431
78138621,7.76332,3.0357,437,119720,0.214708,0.26,1,338299,337862,437
78141541,10.3527,11.8071,434,119720,0.218942,0.21,1,338310,337876,434
78144461,22.8705,21.5614,436,119720,0.259788,0.29,1,338336,337900,436
78147381,14.9741,14.7123,436,119720,0.235958,0.25,1,338349,337913,436
78150301,4.59482,4.54246,436,119720,0.199192,0.28,1,338351,337915,436
78153221,12.119,16.9085,430,119720,0.279838,0.18,1,338365,337935,430
78156141,12.0238,12.1817,431,119720,0.279968,0.2,1,338377,337946,431
78159061,20.0048,16.0363,436,119720,0.279994,0.28,1,338399,337963,436
78161981,16.801,17.6073,434,119720,0.263999,0.15,1,338415,337981,434
78164901,16.9602,17.9215,433,119720,0.1328,0.29,1,338432,337999,433
78167821,18.592,17.1843,435,119720,0.25056,0.25,1,338451,338016,435
78170741,5.31841,5.03686,435,119720,0.282112,0.22,1,338453,338018,435
78173661,4.26368,5.80737,433,119720,0.256422,0.27,1,338457,338024,433
78176581,30.4527,30.7615,433,119720,0.251284,0.18,1,338494,338061,433
78179501,25.2905,26.9523,431,119720,0.250257,0.2,1,338518,338087,431
78182421,16.2581,15.7905,432,119720,0.146051,0.16,1,338532,338100,432
78185341,6.45162,4.75809,434,119720,0.22121,0.19,1,338536,338102,434
78188261,4.49032,2.55162,436,119720,0.172242,0.29,1,338540,338104,436
78191181,9.69806,10.9103,434,119720,0.162448,0.26,1,338551,338117,434
78194101,3.53961,3.78206,434,119720,0.16049,0.27,1,338553,338119,434
78197021,7.10792,9.55641,431,119720,0.120098,0.25,1,338561,338130,431
78199941,8.62158,4.31128,437,119720,0.15202,0.33,1,338570,338133,437
78202861,10.5243,12.8623,433,119720,0.110404,0.27,1,338581,338148,433
78205781,8.50486,6.57245,436,119720,0.190081,0.23,1,338589,338153,436
78208701,3.30097,2.91449,436,119720,0.174016,0.18,1,338591,338155,436
78211121,2.26019,2.1829,436,119720,0.218803,0.32,1,338593,338157,436
78214041,20.452,19.6366,437,119720,0.187761,0.25,1,338618,338181,437
78216961,7.29041,10.3273,433,119720,0.197552,0.3,1,338622,338189,433
78219881,3.05808,3.66546,433,119720,0.19151,0.19,1,338624,338191,433
78222801,5.41162,7.13309,431,119720,0.206302,0.25,1,338630,338199,431
78225721,10.6823,11.8266,430,119720,0.19326,0.24,1,338642,338212,430
78228641,5.33646,3.96532,432,119720,0.190652,0.15,1,338646,338214,432
78231561,9.86729,7.19306,435,119720,0.13413,0.31,1,338657,338222,435
78234481,5.17346,6.23861,433,119720,0.186826,0.24,1,338661,338228,433
78237401,15.4347,13.2477,436,119720,0.181365,0.16,1,338679,338243,436
78240321,4.68694,5.84954,434,119720,0.180273,0.31,1,338681,338247,434
78243241,2.53739,4.36991,432,119720,0.148055,0.27,1,338683,338251,432
78245441,3.70748,4.07398,432,119720,0.141611,0.23,1,338687,338255,432
78248361,2.3415,2.4148,432,119720,0.164322,0.2,1,338689,338257,432
78251281,26.8683,26.083,433,119720,0.192864,0.19,1,338722,338289,433
78254201,6.97366,6.81659,433,119720,0.166573,0.22,1,338724,338291,433
78257121,6.19473,7.76332,431,119720,0.161315,0.22,1,338730,338299,431
78260041,10.8389,10.3527,432,119720,0.216263,0.27,1,338742,338310,432
78262961,23.7678,22.8705,433,119720,0.171253,0.23,1,338769,338336,433
78265881,11.1536,14.9741,428,119720,0.0902505,0.19,1,338777,338349,428
78268801,3.83071,4.59482,428,119720,0.0580501,0.3,1,338779,338351,428
78271721,16.7661,12.119,434,119720,0.13961,0.28,1,338799,338365,434
78274641,8.15323,12.0238,428,119720,0.227922,0.28,1,338805,338377,428
78277561,18.4306,20.0048,427,119720,0.165584,0.26,1,338826,338399,427
78280481,20.4861,16.801,432,119720,0.161117,0.1,1,338847,338415,432
78283401,16.8972,16.9602,431,119720,0.160223,0.28,1,338863,338432,431
78286321,17.7794,18.592,430,119720,0.0720447,0.29,1,338881,338451,430
78289241,6.75589,5.31841,432,119720,0.254409,0.25,1,338885,338453,432
78292161,6.15118,4.26368,434,119720,0.290882,0.25,1,338891,338457,434
78295081,29.2302,30.4527,432,119720,0.210176,0.25,1,338926,338494,432
78298001,21.846,25.2905,428,119720,0.266035,0.12,1,338946,338518,428
78300921,16.3692,16.2581,429,119720,0.269207,0.24,1,338961,338532,429
78303841,8.07384,6.45162,431,119720,0.181841,0.16,1,338967,338536,431
78306761,3.21477,4.49032,429,119720,0.164368,0.16,1,338969,338540,429
78309681,7.84295,9.69806,427,119720,0.240874,0.16,1,338978,338551,427
78312601,3.16859,3.53961,427,119720,0.312175,0.11,1,338980,338553,427
78315521,8.63372,7.10792,429,119720,0.262435,0.16,1,338990,338561,429
78318441,6.52674,8.62158,426,119720,0.260487,0.1,1,338996,338570,426
78321361,12.5053,10.5243,429,119720,0.284097,0.21,1,339010,338581,429
78324281,9.70107,8.50486,430,119720,0.208819,0.17,1,339019,338589,430
78327201,6.74021,3.30097,434,119720,0.281764,0.23,1,339025,338591,434
78330121,2.94804,2.26019,434,119720,0.264353,0.18,1,339027,338593,434
78333041,18.9896,20.452,432,119720,0.340871,0.2,1,339050,338618,432
78335961,7.79792,7.29041,433,119720,0.348174,0.19,1,339055,338622,433
78338881,3.15958,3.05808,433,119720,0.325635,0.21,1,339057,338624,433
78341801,3.83192,5.41162,431,119720,0.353127,0.19,1,339061,338630,431
78344721,8.76638,10.6823,429,119720,0.350625,0.19,1,339071,338642,429
78347641,3.35328,5.33646,427,119720,0.350125,0.12,1,339073,338646,427
78350561,11.0707,9.86729,429,119720,0.286025,0.2,1,339086,338657,429
78353481,7.01413,5.17346,431,119720,0.265205,0.18,1,339092,338661,431
78356401,15.8028,15.4347,431,119720,0.349041,0.18,1,339110,338679,431
78359321,6.36057,4.68694,433,119720,0.333808,0.14,1,339114,338681,433
78362241,2.87211,2.53739,433,119720,0.322762,0.14,1,339116,338683,433
78365041,3.77442,3.70748,433,119720,0.288552,0.25,1,339120,338687,433
78367961,2.35488,3.9415,431,119720,0.27371,0.2,1,339122,338691,431
78370881,22.871,25.5883,428,119720,0.174742,0.16,1,339150,338722,428
78373801,6.1742,6.71766,428,119720,0.274948,0.16,1,339152,338724,428
78376721,6.03484,6.14353,428,119720,0.25499,0.23,1,339158,338730,428
78379641,14.007,10.8287,432,119720,0.250998,0.16,1,339174,338742,432
78382561,19.6014,23.7657,426,119720,0.2262,0.07,1,339195,338769,426
78385481,16.7203,11.1531,434,119720,0.17324,0.05,1,339211,338777,434
78388401,6.54406,3.83063,436,119720,0.250648,0.16,1,339215,338779,436
78391321,13.3088,16.7661,431,119720,0.25813,0.25,1,339230,338799,431
78394241,11.4618,8.15323,436,119720,0.179626,0.15,1,339241,338805,436
78397161,18.2924,18.4306,435,119720,0.211925,0.16,1,339261,338826,435
78400081,20.4585,20.4861,435,119720,0.202385,0.16,1,339282,338847,435
78403001,11.2917,16.8972,428,119720,0.112477,0.05,1,339291,338863,428
78405921,23.8583,17.7794,437,119720,0.134495,0.3,1,339318,338881,437
78408841,6.37167,6.75589,435,119720,0.194899,0.3,1,339320,338885,435
78411761,6.07433,6.15118,435,119720,0.18298,0.19,1,339326,338891,435
78414681,30.8149,29.2302,437,119720,0.228596,0.28,1,339363,338926,437
78417601,17.363,21.846,431,119720,0.253719,0.27,1,339377,338946,431
78420521,13.0726,16.3692,428,119720,0.258744,0.16,1,339389,338961,428
78423441,11.4145,8.07384,433,119720,0.219749,0.16,1,339400,338967,433
78426361,5.4829,3.21477,435,119720,0.15595,0.26,1,339404,338969,435
78429281,7.49658,7.84295,434,119720,0.0551899,0.33,1,339412,338978,434
78432201,3.09932,3.16859,434,119720,0.011038,0.25,1,339414,338980,434
78435121,7.81986,8.63372,433,119720,0.194208,0.26,1,339423,338990,433
78438041,7.96397,6.52674,435,119720,0.166842,0.29,1,339431,338996,435
78440961,9.59279,12.5053,431,119720,0.225368,0.19,1,339441,339010,431
78443881,9.91856,9.70107,432,119720,0.197074,0.3,1,339451,339019,432
78446801,11.5837,6.74021,438,119720,0.127415,0.26,1,339463,339025,438
78449721,3.91674,2.94804,438,119720,0.0894829,0.36,1,339465,339027,438
78452641,19.1833,18.9896,438,119720,0.233897,0.35,1,339488,339050,438
78455561,9.43667,7.79792,440,119720,0.222779,0.32,1,339495,339055,440
78458481,3.48733,3.15958,440,119720,0.188556,0.36,1,339497,339057,440
78461401,3.89747,3.83192,440,119720,0.189711,0.35,1,339501,339061,440
78464321,5.57949,8.76638,436,119720,0.189942,0.35,1,339507,339071,436
78467241,2.7159,3.35328,436,119720,0.269988,0.27,1,339509,339073,436
78470161,14.1432,11.0707,440,119720,0.221998,0.26,1,339526,339086,440
78473081,6.02864,7.01413,438,119720,0.1804,0.37,1,339530,339092,438
78476001,14.0057,15.8028,436,119720,0.27608,0.33,1,339546,339110,436
78478921,6.00115,6.36057,436,119720,0.295216,0.32,1,339550,339114,436
78481841,6.00023,2.87211,440,119720,0.235043,0.28,1,339556,339116,440
78483601,3.60005,3.77442,439,119720,0.207009,0.27,1,339559,339120,439
78486521,2.32001,2.35488,439,119720,0.209402,0.15,1,339561,339122,439
78489441,18.864,22.871,434,119720,0.20988,0.3,1,339584,339150,434
78492361,5.3728,6.1742,434,119720,0.177976,0.25,1,339586,339152,434
78495281,7.47456,6.03484,436,119720,0.195595,0.25,1,339594,339158,436
78498201,11.0949,14.007,432,119720,0.215119,0.22,1,339606,339174,432
78501121,19.819,19.6014,433,119720,0.171024,0.16,1,339628,339195,433
78504041,16.7638,16.7203,433,119720,0.178205,0.27,1,339644,339211,433
78506961,6.55276,6.54406,433,119720,0.115641,0.26,1,339648,339215,433
78509881,10.1106,13.3088,429,119720,0.239128,0.16,1,339659,339230,429
78512801,12.4221,11.4618,431,119720,0.271826,0.22,1,339672,339241,431
78515721,19.2844,18.2924,432,119720,0.254365,0.2,1,339693,339261,432
78518641,15.8569,20.4585,426,119720,0.282873,0.09,1,339708,339282,426
78521561,15.1714,11.2917,432,119720,0.240575,0.14,1,339723,339291,432
78524481,23.8343,23.8583,431,119720,0.256115,0.21,1,339749,339318,431
78527401,8.76685,6.37167,434,119720,0.203223,0.18,1,339754,339320,434
78530321,4.95337,6.07433,432,119720,0.256645,0.24,1,339758,339326,432
78533241,31.3907,30.8149,433,119720,0.235329,0.26,1,339796,339363,433
78536161,13.4781,17.363,428,119720,0.191066,0.26,1,339805,339377,428
78539081,15.4956,13.0726,432,119720,0.278213,0.21,1,339821,339389,432
78542001,4.69913,11.4145,423,119720,0.287643,0.14,1,339823,339400,423
78544921,3.33983,5.4829,422,119720,0.249529,0.03,1,339826,339404,422
78547841,15.868,7.49658,433,119720,0.129906,0,1,339845,339412,433
78550761,6.37359,3.09932,435,119720,0.0899811,0.24,1,339849,339414,435
78553681,2.87472,7.81986,428,119720,0.0499962,0.16,1,339851,339423,428
78556601,10.9749,7.96397,433,119720,0.225999,0.24,1,339864,339431,433
78559521,8.59499,9.59279,431,119720,0.1332,0.19,1,339872,339441,431
78562441,6.519,9.91856,427,119720,0.11464,0.11,1,339878,339451,427
78565361,14.1038,11.5837,431,119720,0.182928,0.08,1,339894,339463,431
78568281,4.42076,3.91674,431,119720,0.164586,0.27,1,339896,339465,431
78571201,18.4842,19.1833,430,119720,0.168917,0.22,1,339918,339488,430
78574121,10.8968,9.43667,432,119720,0.209783,0.18,1,339927,339495,432
78577041,3.77937,3.48733,432,119720,0.217957,0.19,1,339929,339497,432
78579961,6.35587,3.89747,435,119720,0.171591,0.19,1,339936,339501,435
78582881,6.07117,5.57949,435,119720,0.162318,0.29,1,339942,339507,435
78585801,2.81423,2.7159,435,119720,0.168464,0.21,1,339944,339509,435
78588721,8.56285,14.1432,428,119720,0.185693,0.17,1,339954,339526,428
78591641,3.31257,6.02864,426,119720,0.221139,0.3,1,339956,339530,426
78594561,19.0625,14.0057,433,119720,0.196228,0.3,1,339979,339546,433
78597481,5.4125,6.00115,431,119720,0.191246,0.22,1,339981,339550,431
78600401,5.8825,6.00023,431,119720,0.270249,0.2,1,339987,339556,431
78603321,6.7765,3.60005,435,119720,0.23805,0.21,1,339994,339559,435
78606241,2.9553,2.32001,435,119720,0.19961,0.21,1,339996,339561,435
78609161,15.7911,18.864,431,119720,0.215922,0.17,1,340015,339584,431
78612081,6.35821,5.3728,433,119720,0.155184,0.2,1,340019,339586,433
78615001,7.67164,7.47456,433,119720,0.199037,0.22,1,340027,339594,433
78617921,10.3343,11.0949,432,119720,0.223807,0.16,1,340038,339606,432
78620841,14.8669,19.819,426,119720,0.188761,0.18,1,340054,339628,426
78623761,22.1734,16.7638,434,119720,0.213752,0.1,1,340078,339644,434
78626681,7.63467,6.55276,434,119720,0.15475,0.27,1,340082,339648,434
78629601,9.52693,10.1106,433,119720,0.20695,0.28,1,340092,339659,433
78632521,9.90539,12.4221,430,119720,0.20939,0.25,1,340102,339672,430
78635441,18.7811,19.2844,430,119720,0.241878,0.29,1,340123,339693,430
78638361,18.9562,15.8569,434,119720,0.256376,0.23,1,340142,339708,434
78641281,16.5912,15.1714,435,119720,0.155275,0.26,1,340158,339723,435
78644201,24.1182,23.8343,435,119720,0.095055,0.19,1,340184,339749,435
78647121,6.42365,8.76685,432,119720,0.227011,0.27,1,340186,339754,432
78650041,7.68473,4.95337,436,119720,0.125402,0.23,1,340194,339758,436
78652961,26.3369,31.3907,429,119720,0.17708,0.18,1,340225,339796,429
78655881,18.0674,13.4781,436,119720,0.0434161,0.3,1,340241,339805,436
78658801,12.4135,15.4956,431,119720,0.168683,0.29,1,340252,339821,431
78661721,4.0827,4.69913,431,119720,0.225737,0.24,1,340254,339823,431
78664641,5.61654,3.33983,434,119720,0.141147,0.1,1,340260,339826,434
78667561,13.9233,15.868,431,119720,0.0922295,0.08,1,340276,339845,431
78670481,8.38466,6.37359,434,119720,0.0504459,0.04,1,340283,339849,434
78673401,3.27693,2.87472,434,119720,0.0100892,0.27,1,340285,339851,434
78676321,3.85539,10.9749,425,119720,0.146018,0.11,1,340289,339864,425
78679241,14.3711,8.59499,434,119720,0.189204,0.11,1,340306,339872,434
78682161,6.87422,6.519,433,119720,0.109841,0.2,1,340311,339878,433
78685081,6.97484,14.1038,424,119720,0.229968,0.16,1,340318,339894,424
78688001,2.99497,4.42076,424,119720,0.245994,0.17,1,340320,339896,424
78690921,24.599,18.4842,432,119720,0.137199,0.22,1,340350,339918,432
78693841,9.7198,10.8968,429,119720,0.21144,0.22,1,340356,339927,429
78696761,3.54396,3.77937,429,119720,0.210288,0.16,1,340358,339929,429
78699681,8.70879,6.35587,432,119720,0.202058,0.16,1,340368,339936,432
78702601,6.54176,6.07117,432,119720,0.192412,0.17,1,340374,339942,432
78705521,2.90835,2.81423,432,119720,0.158482,0.19,1,340376,339944,432
78708441,6.18167,8.56285,429,119720,0.159696,0.23,1,340383,339954,429
78711361,2.83633,3.31257,429,119720,0.159939,0.19,1,340385,339956,429
78714281,22.1673,19.0625,433,119720,0.111988,0.19,1,340412,339979,433
78717201,6.03345,5.4125,433,119720,0.0703976,0.29,1,340414,339981,433
78720121,2.80669,5.8825,429,119720,0.19008,0.23,1,340416,339987,429
78723041,5.36134,6.7765,428,119720,0.150016,0.19,1,340422,339994,428
78725961,4.27227,2.9553,430,119720,0.142003,0.22,1,340426,339996,430
78728881,16.8545,15.7911,431,119720,0.188401,0.14,1,340446,340015,431
78731801,6.57089,6.35821,431,119720,0.13368,0.21,1,340450,340019,431
78734721,4.51418,7.67164,427,119720,0.090736,0.23,1,340454,340027,427
78737641,13.7028,10.3343,432,119720,0.146147,0.18,1,340470,340038,432
78740561,16.3406,14.8669,433,119720,0.173229,0.22,1,340487,340054,433
78743481,16.0681,22.1734,425,119720,0.194646,0.14,1,340503,340078,425
78746401,12.0136,7.63467,432,119720,0.214929,0.22,1,340514,340082,432
78749321,10.4027,9.52693,432,119720,0.154986,0.21,1,340524,340092,432
78752241,10.0805,9.90539,432,121180,0.174997,0.25,1,340534,340102,432
78755161,17.2161,18.7811,430,121180,0.146999,0.26,1,340553,340123,430
78758081,18.6432,18.9562,430,121180,0.2054,0.13,1,340572,340142,430
78761001,18.1286,16.5912,432,121180,0.16108,0.08,1,340590,340158,432
78763921,20.4257,24.1182,427,121180,0.240216,0.26,1,340611,340184,427
78766841,5.68515,6.42365,427,121180,0.224043,0.1,1,340613,340186,427
78769761,9.93703,7.68473,430,121180,0.276809,0.19,1,340624,340194,430
78772681,21.9874,26.3369,424,121180,0.279362,0.01,1,340649,340225,424
78775601,21.9975,18.0674,430,121180,0.279872,0.2,1,340671,340241,430
78778521,9.9995,12.4135,426,121180,0.199974,0.24,1,340678,340252,426
78781441,3.5999,4.0827,426,121180,0.303995,0.12,1,340680,340254,426
78784361,5.51998,5.61654,426,121180,0.324799,0.08,1,340686,340260,426
78787281,12.304,13.9233,424,121180,0.26496,0.04,1,340700,340276,424
78790201,14.4608,8.38466,432,121180,0.164992,0,1,340715,340283,432
78793121,4.49216,3.27693,432,121180,0.112998,0.18,1,340717,340285,432
78796041,4.09843,3.85539,432,121180,0.0465997,0.2,1,340721,340289,432
78798961,8.81969,14.3711,425,121180,0.20132,0.09,1,340731,340306,425
78801881,11.3639,6.87422,432,121180,0.216264,0.26,1,340743,340311,432
78804801,5.47279,6.97484,429,121180,0.211253,0.25,1,340747,340318,429
78807721,2.69456,2.99497,429,121180,0.178251,0.11,1,340749,340320,429
78810641,26.9389,24.599,432,121180,0.26765,0.23,1,340782,340350,432
78813561,9.38778,9.7198,431,121180,0.20553,0.21,1,340787,340356,431
78816481,3.47756,3.54396,431,121180,0.249106,0.2,1,340789,340358,431
78819401,7.09551,8.70879,429,121180,0.233821,0.19,1,340797,340368,429
78822321,6.2191,6.54176,429,121180,0.262764,0.15,1,340803,340374,429
78825241,2.84382,2.90835,429,121180,0.276553,0.16,1,340805,340376,429
78828161,6.96876,6.18167,430,121180,0.239311,0.16,1,340813,340383,430
78831081,2.99375,2.83633,430,121180,0.231862,0.1,1,340815,340385,430
78834001,20.5988,22.1673,428,121180,0.214372,0.06,1,340840,340412,428
78836921,5.71975,6.03345,428,121180,0.178874,0.22,1,340842,340414,428
78839841,2.74395,2.80669,428,121180,0.139775,0.14,1,340844,340416,428
78842761,6.94879,5.36134,430,121180,0.187955,0.14,1,340852,340422,430
78845681,2.98976,4.27227,428,121180,0.197591,0.2,1,340854,340426,428
78848601,16.598,16.8545,428,121180,0.263518,0.12,1,340874,340446,428
78851521,8.11959,6.57089,430,121180,0.268704,0.08,1,340880,340450,430
78854441,4.82392,4.51418,430,121180,0.205741,0.16,1,340884,340454,430
78857361,14.5648,13.7028,431,121180,0.185148,0.18,1,340901,340470,431
78860281,12.513,16.3406,426,121180,0.13303,0.2,1,340913,340487,426
78863201,19.3026,16.0681,431,121180,0.242606,0.22,1,340934,340503,431
78866121,11.0605,12.0136,429,121180,0.160521,0.14,1,340943,340514,429
78869041,11.8121,10.4027,431,122640,0.240104,0.14,1,340955,340524,431
78871961,8.76242,2.08054,439,122640,0.312021,0.18,1,340963,340524,439
78874881,16.1525,8.41611,447,122640,0.214404,0.14,1,340981,340534,447
78877801,23.2305,16.8832,453,122640,0.242881,0.22,1,341006,340553,453
78880721,19.0461,18.5766,452,122640,0.112576,0.15,1,341024,340572,452
78883641,12.6092,18.1153,445,122640,0.222515,0.26,1,341035,340590,445
78886561,5.72184,20.4231,428,122640,0.244503,0.22,1,341039,340611,428
78889481,11.5444,5.68461,439,122640,0.200901,0.29,1,341052,340613,439
78892401,27.9089,9.93692,460,122640,0.26418,0.28,1,341084,340624,460
78895321,23.1818,21.9874,457,122640,0.220836,0.28,1,341106,340649,457
78898241,10.2364,21.9975,442,122640,0.220167,0.18,1,341113,340671,442
78901161,3.64727,9.9995,437,122640,0.252033,0.33,1,341115,340678,437
78904081,5.52945,3.5999,441,122640,0.258407,0.33,1,341121,340680,441
78907001,9.10589,5.51998,445,122640,0.243681,0.25,1,341131,340686,445
78909921,12.2212,12.304,444,122640,0.232736,0.14,1,341144,340700,444
78912841,7.24424,14.4608,435,122640,0.198547,0.1,1,341150,340715,435
78915761,4.64885,4.49216,437,122640,0.167709,0.03,1,341154,340717,437
78918681,8.12977,4.09843,442,122640,0.257542,0.24,1,341163,340721,442
78921601,13.626,8.81969,447,122640,0.267508,0.22,1,341178,340731,447
78924521,5.92519,11.3639,439,122640,0.293502,0.21,1,341182,340743,439
78927441,2.78504,5.47279,437,122640,0.2747,0.17,1,341184,340747,437
78930361,26.157,2.69456,467,122640,0.23894,0.29,1,341216,340749,467
78933281,7.6314,26.9389,437,122640,0.271788,0.19,1,341219,340782,437
78936201,4.72628,9.38778,436,122640,0.254358,0.26,1,341223,340787,436
78939121,5.74526,3.47756,440,122640,0.234872,0.23,1,341229,340789,440
78942041,5.94905,7.09551,438,122640,0.302974,0.27,1,341235,340797,438
78944961,2.78981,6.2191,434,122640,0.316595,0.28,1,341237,340803,434
78947881,8.55796,2.84382,442,122640,0.327319,0.23,1,341247,340805,442
78950801,4.11159,6.96876,437,122640,0.337464,0.23,1,341250,340813,437
78953721,17.6223,2.99375,456,122640,0.307493,0.21,1,341271,340815,456
78956641,5.12446,20.5988,433,122640,0.269499,0.17,1,341273,340840,433
78959561,2.62489,5.71975,433,122640,0.2299,0.13,1,341275,340842,433
78962481,6.92498,2.74395,439,122640,0.21398,0.2,1,341283,340844,439
78965401,2.985,6.94879,433,122640,0.274796,0.2,1,341285,340852,433
78968321,17.397,2.98976,452,122640,0.246959,0.28,1,341306,340854,452
78971241,7.4794,16.598,437,122640,0.281392,0.27,1,341311,340874,437
78974161,3.09588,8.11959,433,122640,0.256278,0.19,1,341313,340880,433
78977081,11.0192,4.82392,442,122640,0.259256,0.18,1,341326,340884,442
78980001,15.8038,14.5648,442,122640,0.235851,0.12,1,341343,340901,442
78982921,17.5608,12.513,448,122640,0.23117,0.27,1,341361,340913,448
78985841,13.9122,19.3026,440,122640,0.238234,0.14,1,341374,340934,440
78988761,4.38243,11.0605,433,124100,0.247647,0.26,1,341376,340943,433
78991681,12.8765,11.8121,436,124100,0.305529,0.33,1,341391,340955,436
78994601,6.5753,8.76242,433,124100,0.237106,0.19,1,341396,340963,433
78997521,15.7151,16.1525,433,124100,0.279421,0.25,1,341414,340981,433
79000441,21.543,23.2305,431,124100,0.295884,0.08,1,341437,341006,431
79003361,16.3086,19.0461,428,124100,0.283177,0.25,1,341452,341024,428
79006281,15.2617,12.6092,432,124100,0.256635,0.25,1,341467,341035,432
79009201,6.25234,5.72184,432,124100,0.227327,0.19,1,341471,341039,432
79012121,10.8505,11.5444,431,124100,0.325465,0.28,1,341483,341052,431
79015041,29.3701,27.9089,433,124100,0.265093,0.21,1,341517,341084,433
79017961,25.074,23.1818,435,124100,0.293019,0.22,1,341541,341106,435
79020881,12.2148,10.2364,437,124100,0.202604,0.26,1,341550,341113,437
79023361,5.64296,3.64727,439,124100,0.296521,0.26,1,341554,341115,439
79026281,2.72859,5.52945,435,124100,0.307304,0.24,1,341556,341121,435
79029201,7.74572,9.10589,434,124100,0.309461,0.23,1,341565,341131,434
79032121,8.74914,12.2212,430,124100,0.317892,0.19,1,341574,341144,430
79035041,10.5498,7.24424,435,124100,0.287578,0.16,1,341585,341150,435
79037921,5.30997,4.64885,435,124100,0.225516,0.28,1,341589,341154,435
79040841,11.462,8.12977,439,124100,0.277103,0.27,1,341602,341163,439
79043761,13.4924,13.626,438,124100,0.255421,0.3,1,341616,341178,438
79046681,5.89848,5.92519,438,124100,0.219084,0.27,1,341620,341182,438
79049361,2.7797,2.78504,438,124100,0.187817,0.23,1,341622,341184,438
79052281,22.9559,26.157,434,124100,0.237563,0.28,1,341650,341216,434
79055201,6.99119,7.6314,434,124100,0.207513,0.25,1,341653,341219,434
79057681,7.79824,4.72628,438,124100,0.201503,0.23,1,341661,341223,438
79060601,6.35965,5.74526,438,124100,0.208301,0.32,1,341667,341229,438
79063521,6.07193,5.94905,438,124100,0.29766,0.32,1,341673,341235,438
79066441,2.81439,2.78981,438,124100,0.283532,0.33,1,341675,341237,438
79069361,5.36288,8.55796,434,124100,0.328706,0.34,1,341681,341247,434
79072281,2.67258,4.11159,433,124100,0.305741,0.3,1,341683,341250,433
79075201,17.3345,17.6223,433,124100,0.277148,0.26,1,341704,341271,433
79078121,6.6669,5.12446,435,124100,0.29543,0.22,1,341708,341273,435
79081041,4.53338,2.62489,437,124100,0.235086,0.22,1,341712,341275,437
79083061,3.30668,0.524979,440,124100,0.239017,0.21,1,341715,341275,440
79085981,2.26134,6.505,434,124100,0.207803,0.29,1,341717,341283,434
79088901,16.4523,2.901,452,124100,0.233561,0.24,1,341737,341285,452
79091821,4.89045,17.3802,433,124100,0.294712,0.29,1,341739,341306,433
79094741,2.57809,7.47604,430,124100,0.298942,0.25,1,341741,341311,430
79097621,12.5156,3.09521,443,124100,0.235788,0.26,1,341756,341313,443
79100541,20.9031,11.019,453,124100,0.279158,0.23,1,341779,341326,453
79103461,16.9806,15.8038,452,124100,0.255832,0.23,1,341795,341343,452
79106381,6.59612,17.5608,438,124100,0.251166,0.24,1,341799,341361,438
79109301,2.91922,13.9122,427,124100,0.218233,0.25,1,341801,341374,427
79112221,10.1838,4.38243,437,124100,0.267647,0.32,1,341813,341376,437
79115141,13.2368,12.8765,436,124100,0.293529,0.22,1,341827,341391,436
79118061,9.04735,6.5753,439,124100,0.354706,0.29,1,341835,341396,439
79120981,15.4095,15.7151,438,124100,0.278941,0.3,1,341852,341414,438
79123901,21.4819,21.543,438,124100,0.271788,0.28,1,341875,341437,438
79126821,11.4964,16.3086,432,124100,0.278358,0.25,1,341884,341452,432
79129741,19.8993,15.2617,439,124100,0.231672,0.22,1,341906,341467,439
79132661,7.17986,6.25234,439,124100,0.158334,0.35,1,341910,341471,439
79135581,4.63597,10.8505,431,124100,0.207667,0.25,1,341914,341483,431
79138501,32.9272,29.3701,437,124100,0.329533,0.3,1,341954,341517,437
79141421,22.5854,25.074,433,124100,0.305907,0.18,1,341974,341541,433
79144341,14.1171,12.2148,436,124100,0.293181,0.32,1,341986,341550,436
79147261,6.02342,5.64296,436,124100,0.330636,0.31,1,341990,341554,436
79150181,2.80468,2.72859,436,124100,0.346127,0.31,1,341992,341556,436
79153101,8.56094,7.74572,437,124100,0.293225,0.32,1,342002,341565,437
79156021,8.11219,8.74914,436,124100,0.362645,0.28,1,342010,341574,436
79158941,10.4224,10.5498,436,124100,0.320529,0.21,1,342021,341585,436
79161861,3.68449,5.30997,434,124100,0.312106,0.29,1,342023,341589,434
79164781,11.1369,11.462,434,124100,0.342421,0.25,1,342036,341602,434
79167701,13.4274,13.4924,434,124100,0.324484,0.21,1,342050,341616,434
79170621,7.48548,5.89848,436,124100,0.312897,0.18,1,342056,341620,436
79172501,3.8971,2.7797,437,124100,0.358579,0.25,1,342059,341622,437
79175421,18.3794,22.9559,431,124100,0.359716,0.2,1,342081,341650,431
79178341,9.27588,6.99119,435,124100,0.327943,0.2,1,342088,341653,435
79180401,9.85518,7.79824,437,124100,0.369589,0.21,1,342098,341661,437
79183321,5.97104,6.35965,436,124100,0.337918,0.32,1,342103,341667,436
79186241,6.79421,6.07193,437,124100,0.379584,0.28,1,342110,341673,437
79188721,2.95884,2.81439,437,124100,0.387917,0.3,1,342112,341675,437
79191641,5.39177,2.96288,440,124100,0.397583,0.34,1,342118,341678,440
79194561,2.67835,2.99258,439,124100,0.399517,0.3,1,342120,341681,439
79197481,13.3357,2.19852,453,124100,0.407903,0.27,1,342136,341683,453
79200401,5.06713,17.2397,435,124100,0.425581,0.3,1,342139,341704,435
79203321,5.01343,6.64794,436,124100,0.357116,0.22,1,342144,341708,436
79206241,7.40269,4.52959,440,124100,0.359423,0.2,1,342152,341712,440
79208481,3.08054,4.90592,437,124100,0.327885,0.27,1,342154,341717,437
79211401,13.4161,3.38118,450,124100,0.305577,0.24,1,342170,341720,450
79214321,7.48322,14.2762,439,124100,0.317115,0.31,1,342176,341737,439
79216801,3.09664,4.45525,439,124100,0.319423,0.32,1,342178,341739,439
79219721,9.41933,9.69105,439,124100,0.319885,0.22,1,342189,341750,439
79222641,17.0839,6.73821,452,124100,0.295977,0.29,1,342208,341756,452
79225561,17.0168,19.7476,446,124100,0.267195,0.25,1,342225,341779,446
79228481,9.80335,16.7495,438,124100,0.333439,0.25,1,342233,341795,438
79231361,5.96067,6.54991,439,124100,0.314688,0.32,1,342238,341799,439
79234281,2.79213,10.91,429,124100,0.286938,0.28,1,342240,341811,429
79237201,19.7584,3.782,451,124100,0.281388,0.3,1,342264,341813,451
79240121,8.75169,11.9564,443,124100,0.304278,0.37,1,342270,341827,443
79243041,12.1503,8.79128,448,124100,0.348856,0.26,1,342283,341835,448
79245961,23.2301,15.3583,457,124100,0.389771,0.27,1,342309,341852,457
79248881,10.246,21.4717,441,124100,0.381954,0.28,1,342316,341875,441
79251801,18.0492,11.4943,452,124100,0.332391,0.22,1,342336,341884,452
79254721,7.60984,19.8989,435,124100,0.306478,0.14,1,342341,341906,435
79257641,8.72197,7.17977,440,124100,0.365296,0.22,1,342350,341910,440
79260561,28.9444,4.63595,470,124100,0.321059,0.36,1,342384,341914,470
79263481,25.7889,32.9272,455,124100,0.312212,0.3,1,342409,341954,455
79266401,14.7578,22.5854,447,124100,0.254442,0.29,1,342421,341974,447
79269321,6.95155,14.1171,440,124100,0.242888,0.34,1,342426,341986,440
79271921,2.99031,6.02342,438,124100,0.240578,0.3,1,342428,341990,438
79274841,10.9981,8.40468,442,124100,0.304116,0.28,1,342441,341999,442
79277761,5.39961,4.08094,443,124100,0.284823,0.38,1,342445,342002,443
79280681,8.27992,7.21619,444,124100,0.312965,0.31,1,342454,342010,444
79283601,8.05598,10.2432,441,124100,0.286593,0.31,1,342462,342021,441
79286521,10.4112,3.64865,450,124100,0.313319,0.35,1,342473,342023,450
79289441,14.8822,11.1297,453,124100,0.374664,0.32,1,342489,342036,453
79292361,6.17645,13.4259,443,124100,0.338933,0.31,1,342493,342050,443
79295281,5.23529,7.48519,442,124100,0.243787,0.37,1,342498,342056,442
79297301,17.8471,3.89704,460,124100,0.368757,0.36,1,342519,342059,460
79300221,11.5694,18.3794,448,124100,0.361751,0.32,1,342529,342081,448
79303141,6.31388,9.27588,446,124100,0.34435,0.33,1,342534,342088,446
79306061,9.26278,13.8552,441,124100,0.35687,0.39,1,342544,342103,441
79308981,8.25256,8.37103,442,124100,0.343374,0.39,1,342552,342110,442
79311901,3.25051,3.27421,442,124100,0.316675,0.4,1,342554,342112,442
79313521,4.6501,5.45484,441,124100,0.327335,0.45,1,342559,342118,441
79316441,5.73002,5.89097,441,124100,0.401467,0.45,1,342565,342124,441
79319361,7.546,1.17819,449,124100,0.424293,0.41,1,342573,342124,449
79322281,3.1092,9.83564,439,124100,0.436859,0.43,1,342575,342136,439
79324961,5.42184,4.36713,442,124100,0.439372,0.38,1,342581,342139,442
79327881,7.48437,6.47343,443,124100,0.399874,0.36,1,342589,342146,443
79330801,3.09687,6.09469,439,124100,0.359975,0.32,1,342591,342152,439
79333721,13.4194,2.81894,453,124100,0.399995,0.3,1,342607,342154,453
79336641,8.28387,13.3638,444,124100,0.359999,0.32,1,342614,342170,444
79339521,3.25677,7.47276,440,124100,0.376,0.32,1,342616,342176,440
79342441,5.45136,11.8946,433,124100,0.3392,0.29,1,342622,342189,433
79345361,16.2903,17.5789,433,124100,0.30784,0.26,1,342641,342208,433
79348281,21.6581,17.1158,439,124100,0.325568,0.35,1,342664,342225,439
79351201,7.53161,9.82316,435,124100,0.297114,0.31,1,342668,342233,435
79354121,7.90632,5.96463,438,124100,0.355423,0.28,1,342676,342238,438
79357041,4.78126,2.79293,440,124100,0.359085,0.28,1,342680,342240,440
79359961,15.3563,19.7586,434,124100,0.359817,0.31,1,342698,342264,434
79362881,12.6713,8.75172,440,124100,0.391963,0.36,1,342710,342270,440
79365801,9.73425,12.1503,436,124100,0.342393,0.4,1,342719,342283,436
79368721,24.3468,23.2301,438,124100,0.308479,0.38,1,342747,342309,438
79371641,11.2694,10.246,439,124100,0.349696,0.32,1,342755,342316,439
79374561,18.2539,18.0492,439,124100,0.333939,0.3,1,342775,342336,439
79377481,8.45077,7.60984,440,124100,0.354788,0.38,1,342781,342341,440
79380401,4.89015,8.72197,435,124100,0.318958,0.31,1,342785,342350,435
79383321,30.578,28.9444,438,124100,0.407792,0.31,1,342822,342384,438
79386241,22.1156,25.7889,433,124100,0.321558,0.24,1,342842,342409,433
79389161,17.2231,14.7578,437,124100,0.336312,0.24,1,342858,342421,437
79392081,6.64462,6.95155,436,124100,0.347262,0.24,1,342862,342426,436
79395001,2.92892,2.99031,436,124100,0.317452,0.32,1,342864,342428,436
79397921,14.1858,10.9981,440,124100,0.33549,0.28,1,342881,342441,440
79400841,5.23716,5.39961,439,124100,0.299098,0.32,1,342884,342445,439
79403761,6.64743,8.27992,437,124100,0.34782,0.28,1,342891,342454,437
79406681,7.72949,8.05598,437,124100,0.373564,0.32,1,342899,342462,437
79409601,12.7459,10.4112,440,124100,0.418713,0.39,1,342913,342473,440
79412521,8.94918,14.8822,432,124100,0.371743,0.33,1,342921,342489,432
79415441,10.5898,6.17645,439,124100,0.442349,0.22,1,342932,342493,439
79418361,8.51797,5.23529,442,124100,0.33647,0.4,1,342940,342498,442
79421281,16.9036,17.8471,440,124100,0.467294,0.36,1,342959,342519,440
79424201,6.58072,11.5694,434,124100,0.493459,0.34,1,342963,342529,434
79427121,10.1161,6.31388,440,124100,0.490692,0.36,1,342974,342534,440
79430041,9.22323,9.26278,439,124100,0.418138,0.34,1,342983,342544,439
79432961,11.4446,8.25256,443,124100,0.427628,0.31,1,342995,342552,443
79435881,3.88893,3.25051,443,124100,0.453526,0.33,1,342997,342554,443
79438801,8.77779,4.6501,448,124100,0.402705,0.42,1,343007,342559,448
79441721,8.15556,5.73002,450,124100,0.472541,0.43,1,343015,342565,450
79444641,3.23111,7.546,444,124100,0.502508,0.44,1,343017,342573,444
79447561,2.24622,3.1092,444,124100,0.500502,0.44,1,343019,342575,444
79450481,9.24924,5.42184,449,124100,0.4601,0.39,1,343030,342581,449
79452881,3.44985,7.48437,443,124100,0.46802,0.37,1,343032,342589,443
79455801,13.49,3.89687,456,124100,0.501604,0.41,1,343048,342592,456
79458721,4.29799,12.7794,443,124100,0.508321,0.35,1,343050,342607,443
79461201,2.4596,8.15587,438,124100,0.509664,0.39,1,343052,342614,438
79464121,10.0919,5.63117,445,124100,0.501933,0.33,1,343064,342619,445
79467041,15.6184,3.52623,459,124100,0.428387,0.3,1,343081,342622,459
79469961,21.5237,15.9052,463,124100,0.373677,0.33,1,343104,342641,463
79472881,7.50474,21.581,444,124100,0.426735,0.29,1,343108,342664,444
79475801,8.70095,7.51621,449,124100,0.429347,0.37,1,343117,342668,449
79478721,3.34019,7.90324,443,124100,0.461869,0.36,1,343119,342676,443
79480341,4.66804,4.78065,444,124100,0.452374,0.36,1,343124,342680,444
79483261,10.5336,15.3561,438,124100,0.386475,0.4,1,343136,342698,438
79486181,11.7067,12.6712,438,124100,0.453295,0.33,1,343148,342710,438
79489101,11.9413,9.73425,441,124100,0.498659,0.3,1,343160,342719,441
79492021,25.5883,24.3468,442,124100,0.411732,0.36,1,343189,342747,442
79494941,8.31765,11.2694,438,124100,0.490346,0.33,1,343193,342755,438
79497861,17.6635,18.2539,438,124100,0.474069,0.36,1,343213,342775,438
79500781,9.93271,8.45077,440,124100,0.446814,0.31,1,343221,342781,440
79503221,5.98654,4.89015,441,124100,0.465363,0.43,1,343226,342785,441
79506141,28.3973,30.578,438,124100,0.453073,0.3,1,343260,342822,438
79509061,23.2795,22.1156,440,124100,0.394614,0.34,1,343282,342842,440
79511981,19.0559,17.2231,442,124100,0.446923,0.35,1,343300,342858,442
79514901,5.41118,6.64462,440,124100,0.425385,0.31,1,343302,342862,440
79517781,3.48224,2.92892,441,124100,0.373077,0.34,1,343305,342864,441
79520701,15.0964,14.1858,442,124100,0.410615,0.29,1,343323,342881,442
79523621,5.41929,5.23716,442,124100,0.370123,0.36,1,343326,342884,442
79525681,5.88386,6.64743,441,124100,0.402025,0.38,1,343332,342891,441
79528601,9.17677,2.92949,449,124100,0.464405,0.38,1,343342,342893,449
79531521,9.83535,5.3859,453,124100,0.356881,0.43,1,343352,342899,453
79534441,12.3671,12.2772,452,124100,0.399376,0.36,1,343365,342913,452
79537361,8.07341,8.85544,451,124100,0.367875,0.46,1,343372,342921,451
79540281,12.8147,10.5711,454,124100,0.393575,0.31,1,343386,342932,454
79543201,15.3629,8.51422,462,124100,0.414715,0.5,1,343402,342940,462
79546121,8.67259,16.9028,450,124100,0.466943,0.5,1,343409,342959,450
79549041,6.53452,6.58057,452,124100,0.453389,0.49,1,343415,342963,452
79551961,10.9069,10.1161,453,124100,0.450678,0.4,1,343427,342974,453
79554881,9.38138,9.22322,453,124100,0.490136,0.43,1,343436,342983,453
79557801,3.47628,11.4446,443,124100,0.498027,0.46,1,343438,342995,443
79560721,12.6953,3.88893,456,124100,0.467605,0.39,1,343453,342997,456
79563641,8.93905,8.77779,454,124100,0.397521,0.49,1,343461,343007,454
79566241,3.38781,8.15556,448,124100,0.391504,0.54,1,343463,343015,448
79569161,2.27756,6.43111,444,124100,0.390301,0.54,1,343465,343021,444
79572081,4.45551,1.28622,449,124100,0.47006,0.45,1,343470,343021,449
79575001,7.2911,7.45724,448,124100,0.502012,0.47,1,343478,343030,448
79577921,11.0582,3.09145,458,124100,0.452402,0.51,1,343490,343032,458
79580841,3.81164,13.4183,444,124100,0.44248,0.51,1,343492,343048,444
79583761,2.36233,4.28366,444,124100,0.448496,0.51,1,343494,343050,444
79585381,10.8725,2.45673,455,124100,0.473699,0.5,1,343507,343052,455
79588301,9.37449,10.0913,452,124100,0.45474,0.41,1,343516,343064,452
79591221,27.4749,15.6183,467,124100,0.418948,0.36,1,343548,343081,467
79594141,8.69498,21.5237,448,124100,0.44379,0.44,1,343552,343104,448
79597061,6.539,7.50473,450,124100,0.400758,0.43,1,343558,343108,450
79599981,2.9078,8.70095,443,124100,0.392152,0.47,1,343560,343117,443
79602901,3.78156,3.34019,445,124100,0.49443,0.45,1,343564,343119,445
79605821,14.3563,4.66804,457,124100,0.482886,0.37,1,343581,343124,457
79608741,13.2713,10.5336,458,124100,0.432577,0.47,1,343594,343136,458
79611661,13.0543,11.7067,459,124100,0.374515,0.51,1,343607,343148,459
79614581,25.8109,11.9413,476,124100,0.346903,0.39,1,343636,343160,476
79617501,7.56217,25.5883,450,124100,0.293381,0.51,1,343639,343189,450
79620421,15.1124,8.31765,463,124100,0.370676,0.47,1,343656,343193,463
79623341,13.4225,17.6635,456,124100,0.370135,0.44,1,343669,343213,456
79626261,5.8845,9.93271,452,124100,0.298027,0.45,1,343673,343221,452
79629181,23.5769,33.1865,441,124100,0.339605,0.38,1,343701,343260,441
79632101,27.1154,24.2373,447,124100,0.403921,0.46,1,343729,343282,447
79635021,13.4231,19.2475,439,124100,0.408784,0.42,1,343739,343300,439
79637941,4.28461,5.44949,439,124100,0.441757,0.36,1,343741,343302,439
79640081,5.65692,3.4899,442,124100,0.400351,0.37,1,343747,343305,442
79643001,15.5314,4.69798,455,124100,0.35207,0.42,1,343765,343310,455
79645921,5.50628,11.3396,445,124100,0.358414,0.36,1,343768,343323,445
79648401,9.10126,4.66792,452,124100,0.343683,0.48,1,343778,343326,452
79651321,5.02025,13.7336,440,124100,0.332737,0.33,1,343782,343342,440
79654241,12.204,10.7467,444,124100,0.322547,0.41,1,343796,343352,444
79657161,14.4408,12.5493,446,124100,0.336509,0.36,1,343811,343365,446
79660081,7.68816,8.10987,445,124100,0.291302,0.4,1,343817,343372,445
79663001,5.53763,12.822,436,124100,0.27426,0.42,1,343822,343386,436
79665921,21.9075,15.3644,446,124100,0.262852,0.48,1,343848,343402,446
79668841,9.18151,8.67288,445,124100,0.31657,0.45,1,343854,343409,445
79671761,6.6363,6.53458,445,124100,0.311314,0.45,1,343860,343415,445
79674681,12.5273,10.9069,447,124100,0.318263,0.5,1,343874,343427,447
79677601,9.70545,9.38138,447,124100,0.247653,0.5,1,343883,343436,447
79680521,3.54109,3.47628,447,124100,0.233531,0.46,1,343885,343438,447
79683441,8.70822,12.6953,442,124100,0.310706,0.38,1,343895,343453,442
79686361,11.3416,8.93905,446,124100,0.382141,0.39,1,343907,343461,446
79687921,3.06833,3.38781,445,124100,0.380428,0.39,1,343908,343463,445
79690841,2.21367,2.27756,445,124100,0.380086,0.39,1,343910,343465,445
79693761,3.64273,0.455512,449,124100,0.324017,0.49,1,343914,343465,449
79696681,5.52855,4.0911,450,124100,0.352803,0.51,1,343920,343470,450
79699601,13.9057,7.21822,458,124100,0.350561,0.44,1,343936,343478,458
79702521,4.38114,11.0436,448,124100,0.350112,0.44,1,343938,343490,448
79705441,2.47623,3.80873,448,124100,0.350022,0.45,1,343940,343492,448
79707061,3.69525,2.36175,450,124100,0.326004,0.48,1,343944,343494,450
79709981,13.539,10.8723,453,124100,0.289201,0.45,1,343960,343507,453
79712901,25.9078,9.37447,473,124100,0.33784,0.41,1,343989,343516,473
79715821,6.78156,27.4749,443,122640,0.347568,0.45,1,343991,343548,443
79718741,10.1563,8.69498,450,122640,0.365514,0.39,1,344002,343552,450
79720581,4.43126,6.539,447,122640,0.321103,0.52,1,344005,343558,447
79723501,2.48625,6.1078,443,122640,0.272221,0.52,1,344007,343564,443
79726421,2.09725,1.22156,445,122640,0.230444,0.48,1,344009,343564,445
79729341,10.0195,13.8443,440,122640,0.278089,0.42,1,344021,343581,440
79732261,11.6039,13.1689,439,122640,0.311618,0.36,1,344033,343594,439
79735181,13.5208,13.0338,440,122640,0.350324,0.34,1,344047,343607,440
79738101,28.3042,25.8068,443,122640,0.310065,0.28,1,344079,343636,443
79741021,7.26083,7.56135,442,122640,0.334013,0.39,1,344081,343639,442
79743941,14.2522,15.1123,441,122640,0.394803,0.37,1,344097,343656,441
79746861,10.8504,13.4225,438,122640,0.334961,0.28,1,344107,343669,438
79749781,5.37009,5.88449,438,122640,0.322992,0.35,1,344111,343673,438
79752701,26.674,23.5769,442,122640,0.296598,0.42,1,344143,343701,442
79755621,28.5348,27.1154,443,122640,0.23532,0.41,1,344172,343729,443
79758541,10.507,13.4231,439,122640,0.247064,0.45,1,344178,343739,439
79761461,6.90139,4.28461,443,122640,0.233413,0.39,1,344184,343741,443
79764381,14.9803,5.65692,454,122640,0.278683,0.34,1,344201,343747,454
79767301,6.99606,15.5314,441,122640,0.231737,0.36,1,344206,343765,441
79770221,7.79921,5.50628,446,122640,0.310347,0.34,1,344214,343768,446
79773141,6.35984,9.10126,442,122640,0.294069,0.33,1,344220,343778,442
79776061,13.272,5.02025,453,122640,0.306814,0.32,1,344235,343782,453
79778981,10.6544,12.204,449,122640,0.269363,0.34,1,344245,343796,449
79781901,6.93088,14.4408,440,122640,0.237873,0.28,1,344251,343811,440
79784821,8.58618,7.68816,443,122640,0.311574,0.27,1,344260,343817,443
79787741,20.9172,5.53763,462,122640,0.238315,0.26,1,344284,343822,462
79790661,9.78345,21.9075,443,122640,0.207663,0.33,1,344291,343848,443
79793581,5.15669,9.18151,441,122640,0.233533,0.31,1,344295,343854,441
79796501,9.83134,6.6363,446,122640,0.334707,0.32,1,344306,343860,446
79799421,13.1663,12.5273,446,122640,0.282941,0.23,1,344320,343874,446
79802341,5.83325,9.70545,441,122640,0.264588,0.23,1,344324,343883,441
79805261,9.16665,3.54109,449,122640,0.196918,0.33,1,344334,343885,449
79808181,11.4333,8.70822,451,122640,0.303384,0.4,1,344346,343895,451
79811101,3.88667,11.3416,441,122640,0.324677,0.38,1,344348,343907,441
79813761,2.37733,4.66833,440,122640,0.328935,0.31,1,344350,343910,440
79816681,3.67547,4.13367,440,122640,0.305787,0.36,1,344354,343914,440
79819601,2.33509,5.62673,436,122640,0.269157,0.35,1,344356,343920,436
79822521,14.867,13.9253,438,122640,0.285831,0.35,1,344374,343936,438
79825441,4.5734,4.38507,438,122640,0.265166,0.35,1,344376,343938,438
79827281,3.31468,2.47701,439,122640,0.285033,0.34,1,344379,343940,439
79830201,3.06294,5.2954,436,122640,0.241007,0.28,1,344382,343946,436
79833121,14.2126,12.2591,439,122640,0.248201,0.35,1,344399,343960,439
79836041,26.8425,25.6518,440,122640,0.18564,0.35,1,344429,343989,440
79838961,7.7685,6.73036,441,122640,0.285128,0.37,1,344432,343991,441
79841881,10.3537,10.1461,441,122640,0.265026,0.26,1,344443,344002,441
79844801,3.67074,6.02921,438,122640,0.229005,0.26,1,344445,344007,438
79847461,3.13415,1.20584,441,122640,0.269801,0.38,1,344448,344007,441
79850381,9.42683,5.04117,446,122640,0.30996,0.29,1,344459,344013,446
79853301,12.2854,7.40823,451,122640,0.285992,0.32,1,344472,344021,451
79856221,8.05707,11.0816,446,122640,0.329198,0.36,1,344479,344033,446
79859141,32.8114,13.4163,471,122640,0.27384,0.3,1,344518,344047,471
79862061,8.96228,28.2833,442,122640,0.214768,0.34,1,344521,344079,442
79864981,12.1925,7.25665,453,122640,0.258954,0.41,1,344534,344081,453
79867901,8.03849,14.2513,444,122640,0.331791,0.32,1,344541,344097,444
79870821,4.8077,10.8503,438,122640,0.386358,0.32,1,344545,344107,438
79873741,28.1615,5.37005,468,122640,0.285272,0.29,1,344579,344111,468
79876661,26.4323,26.674,462,122640,0.257054,0.22,1,344605,344143,462
79879581,13.2865,28.5348,443,122640,0.235411,0.25,1,344615,344172,443
79882501,5.85729,10.507,441,122640,0.295082,0.23,1,344619,344178,441
79884901,13.1715,6.90139,450,122640,0.251016,0.29,1,344634,344184,450
79887821,9.03429,14.9803,441,122640,0.218203,0.22,1,344642,344201,441
79890741,7.40686,6.99606,443,122640,0.187641,0.33,1,344649,344206,443
79893661,8.68137,7.79921,444,122640,0.149528,0.29,1,344658,344214,444
79896581,10.5363,6.35984,449,122640,0.237906,0.31,1,344669,344220,449
79899501,9.30726,13.272,443,122640,0.191581,0.26,1,344678,344235,443
79902421,9.86145,10.6544,443,122640,0.222316,0.23,1,344688,344245,443
79905341,9.97229,6.93088,447,122640,0.228463,0.33,1,344698,344251,447
79908261,16.3945,8.58618,456,122640,0.277693,0.22,1,344716,344260,456
79911181,11.2789,20.9172,442,122640,0.239539,0.2,1,344726,344284,442
79914101,6.25578,9.78345,440,122640,0.191908,0.24,1,344731,344291,440
79917021,8.45116,5.15669,445,122640,0.158382,0.36,1,344740,344295,445
79919941,11.2902,9.83134,446,122640,0.247676,0.27,1,344752,344306,446
79922861,4.65805,13.1663,435,122640,0.249535,0.26,1,344755,344320,435
79925781,12.9316,5.83325,446,122640,0.193907,0.18,1,344770,344324,446
79928701,10.5863,9.16665,446,122640,0.246781,0.33,1,344780,344334,446
79931621,3.71726,11.4333,436,122640,0.257356,0.33,1,344782,344346,436
79934541,2.34345,3.88667,436,122640,0.227471,0.33,1,344784,344348,436
79936901,6.86869,2.37733,442,122640,0.221494,0.28,1,344792,344350,442
79939821,2.97374,4.47547,439,122640,0.228299,0.26,1,344794,344355,439
79942741,14.1947,1.69509,455,122640,0.26966,0.29,1,344811,344356,455
79945661,4.43895,14.739,439,122640,0.277932,0.26,1,344813,344374,439
79948581,2.48779,4.5478,439,122640,0.247586,0.23,1,344815,344376,439
79951501,2.09756,5.70956,435,122640,0.233517,0.25,1,344817,344382,435
79954421,11.6195,14.7419,432,122640,0.166703,0.17,1,344831,344399,432
79957341,29.5239,26.9484,436,122640,0.209341,0.31,1,344865,344429,436
79960261,7.50478,7.78968,435,122640,0.193868,0.26,1,344867,344432,435
79963181,9.50096,10.3579,434,122640,0.166774,0.22,1,344877,344443,434
79966101,5.10019,3.67159,436,122640,0.129355,0.28,1,344881,344445,436
79969021,4.22004,3.13432,437,122640,0.137871,0.28,1,344885,344448,437
79971221,8.84401,0.626863,447,122640,0.195574,0.32,1,344895,344448,447
79974141,10.5688,8.92537,447,122640,0.223115,0.28,1,344906,344459,447
79977061,7.71376,12.1851,441,122640,0.124623,0.34,1,344913,344472,441
79979981,32.7428,8.03701,473,122640,0.176925,0.26,1,344952,344479,473
79982901,8.94855,32.8074,437,122640,0.187385,0.2,1,344955,344518,437
79985821,16.1897,8.96148,452,122640,0.205477,0.27,1,344973,344521,452
79988741,6.43794,12.1923,443,122640,0.209095,0.35,1,344977,344534,443
79991661,4.48759,8.03846,440,122640,0.209819,0.4,1,344981,344541,440
79994581,28.8975,4.80769,471,122640,0.249964,0.26,1,345016,344545,471
79997501,22.5795,28.1615,458,122640,0.153993,0.25,1,345037,344579,458
80000421,12.5159,26.4323,442,122640,0.0787986,0.23,1,345047,344605,442
80003341,4.10318,13.2865,434,122640,0.0637597,0.31,1,345049,344615,434
80006261,14.4206,5.85729,447,122640,0.172752,0.21,1,345066,344619,447
80009181,8.48413,19.5715,431,122640,0.12255,0.18,1,345073,344642,431
80012101,8.09683,9.51429,432,122640,0.12851,0.14,1,345081,344649,432
80015021,11.2194,9.10286,435,122640,0.177702,0.26,1,345093,344658,435
80017941,7.04387,10.6206,430,122640,0.13954,0.18,1,345099,344669,430
80020861,11.0088,9.32411,433,122640,0.211908,0.23,1,345111,344678,433
80023781,11.0018,9.86482,434,122640,0.282382,0.23,1,345122,344688,434
80026701,10.2004,9.97296,434,122640,0.200476,0.29,1,345132,344698,434
80029621,14.8401,16.3946,432,122640,0.168095,0.23,1,345148,344716,432
80032541,9.36801,11.2789,430,122640,0.281619,0.18,1,345156,344726,430
80035461,5.0736,6.25578,429,122640,0.304324,0.15,1,345160,344731,429
80038381,13.8147,8.45116,436,122640,0.212865,0.27,1,345176,344740,436
80041301,9.96294,11.2902,433,122640,0.266573,0.25,1,345185,344752,433
80044221,5.19259,4.65805,434,122640,0.277315,0.18,1,345189,344755,434
80047141,13.8385,12.9316,435,122640,0.263463,0.26,1,345205,344770,435
80050061,9.1677,10.5863,433,122640,0.228693,0.26,1,345213,344780,433
80052981,3.43354,3.71726,433,122640,0.189739,0.22,1,345215,344782,433
80055901,3.88671,2.34345,435,122640,0.285948,0.22,1,345219,344784,435
80057541,3.17734,0.468691,438,122640,0.28919,0.22,1,345222,344784,438
80060461,2.23547,6.49374,432,122640,0.289838,0.23,1,345224,344792,432
80063381,13.2471,2.89875,446,122640,0.273968,0.28,1,345240,344794,446
80066301,5.04942,14.1797,432,122640,0.246794,0.28,1,345243,344811,432
80069221,5.00988,4.43595,435,122640,0.201359,0.24,1,345248,344813,435
80072101,5.80198,2.48719,439,122640,0.192272,0.24,1,345254,344815,439
80075021,7.5604,9.29744,436,122640,0.182454,0.15,1,345262,344826,436
80077941,27.1121,5.85949,463,122640,0.156491,0.22,1,345294,344831,463
80080861,7.02242,28.3719,431,122640,0.151298,0.19,1,345296,344865,431
80083781,7.00448,7.27438,436,122640,0.0782596,0.16,1,345303,344867,436
80086701,9.4009,9.45488,436,122640,0.183652,0.12,1,345313,344877,436
80089621,3.48018,5.09098,434,122640,0.20473,0.14,1,345315,344881,434
80092541,8.69604,4.2182,440,122640,0.120946,0.23,1,345325,344885,440
80095461,7.33921,17.6436,426,122640,0.208189,0.1,1,345332,344906,426
80098381,14.2678,9.12873,435,122640,0.249638,0.19,1,345348,344913,435
80101301,25.2536,33.0257,424,122640,0.249928,0.19,1,345376,344952,424
80104221,8.25071,9.00515,425,122640,0.225986,0.21,1,345380,344955,425
80107141,24.0501,16.201,435,122640,0.205197,0.21,1,345408,344973,435
80110061,7.21003,6.44021,434,122640,0.273039,0.21,1,345411,344977,434
80112981,4.64201,4.48804,434,122640,0.286608,0.26,1,345415,344981,434
80115901,22.5284,28.8976,426,122640,0.281322,0.13,1,345442,345016,426
80118821,20.5057,22.5795,425,122640,0.248264,0.06,1,345462,345037,425
80121741,18.5011,12.5159,433,122640,0.273653,0.06,1,345480,345047,433
80124661,5.30023,4.10318,433,122640,0.246731,0.2,1,345482,345049,433
80127581,13.06,14.4206,431,122640,0.297346,0.11,1,345497,345066,431
80130501,5.81201,8.48413,428,122640,0.283469,0.13,1,345501,345073,428
80133421,10.7624,8.09683,432,122640,0.296694,0.19,1,345513,345081,432
80136341,13.3525,11.2194,434,122640,0.275339,0.13,1,345527,345093,434
80139261,7.4705,7.04387,434,122640,0.207068,0.23,1,345533,345099,434
80142181,12.6941,11.0088,436,122640,0.265414,0.3,1,345547,345111,436
80145101,7.33882,11.0018,431,122640,0.245083,0.18,1,345553,345122,431
80148021,8.66776,10.2004,430,122640,0.265017,0.16,1,345562,345132,430
80150941,18.5336,14.8401,435,122640,0.261003,0.31,1,345583,345148,435
80153861,6.90671,9.36801,431,122640,0.356201,0.31,1,345587,345156,431
80156781,7.78134,5.0736,435,122640,0.34324,0.19,1,345595,345160,435
80159701,13.5563,13.8147,434,122640,0.308648,0.28,1,345610,345176,434
80162621,9.11125,9.96294,433,122640,0.22973,0.28,1,345618,345185,433
80165541,5.02225,5.19259,433,122640,0.365946,0.26,1,345622,345189,433
80168461,13.8045,13.8385,433,122640,0.409189,0.22,1,345638,345205,433
80171381,10.7609,9.1677,435,122640,0.329838,0.18,1,345648,345213,435
80174301,3.75218,3.43354,435,122640,0.321968,0.18,1,345650,345215,435
80176101,1.55044,0.686708,436,122640,0.296394,0.31,1,345651,345215,436
80179021,3.51009,3.33734,436,122640,0.299279,0.29,1,345655,345219,436
80181941,3.90202,4.66747,435,122640,0.355856,0.27,1,345659,345224,435
80184861,10.3804,13.7335,431,122640,0.367171,0.24,1,345671,345240,431
80187781,3.67608,5.1467,430,122640,0.369434,0.19,1,345673,345243,430
80190701,5.53522,5.02934,431,122640,0.401887,0.19,1,345679,345248,431
80193621,5.90704,5.80587,431,122640,0.376377,0.18,1,345685,345254,431
80196541,5.98141,7.56117,429,122640,0.403275,0.15,1,345691,345262,429
80199461,27.5963,27.1122,430,122640,0.328655,0.15,1,345724,345294,430
80202381,8.71926,7.02245,432,122640,0.289731,0.06,1,345728,345296,432
80205301,8.14385,7.00449,433,122640,0.273946,0.21,1,345736,345303,433
80208221,4.82877,9.4009,427,122640,0.342789,0.21,1,345740,345313,427
80211141,2.56575,3.48018,427,122640,0.380558,0.1,1,345742,345315,427
80214061,14.9132,8.69604,435,122640,0.252112,0.23,1,345760,345325,435
80216981,6.18263,7.33921,432,122640,0.290422,0.26,1,345764,345332,432
80219901,16.4365,14.2678,435,122640,0.354084,0.25,1,345783,345348,435
80222821,20.0873,25.2536,428,122640,0.318817,0.22,1,345804,345376,428
80225741,12.8175,8.25071,435,122640,0.343763,0.2,1,345815,345380,435
80228661,24.1635,24.0501,434,122640,0.372753,0.29,1,345842,345408,434
80231581,8.0327,7.21003,435,122640,0.306551,0.29,1,345846,345411,435
80234501,6.40654,4.64201,437,122640,0.32531,0.29,1,345852,345415,437
80236421,22.8813,0.928401,464,122640,0.273062,0.28,1,345879,345415,464
80239341,18.1763,21.7857,454,122640,0.294612,0.24,1,345896,345442,454
80242261,15.6353,20.3571,449,122640,0.242922,0.28,1,345911,345462,449
80245181,4.72705,18.4714,433,122640,0.208585,0.24,1,345913,345480,433
80248101,15.3454,5.29429,449,122640,0.225717,0.31,1,345931,345482,449
80251021,5.46908,13.0589,437,122640,0.229143,0.28,1,345934,345497,437
80253941,12.2938,5.81177,447,122640,0.269829,0.3,1,345948,345501,447
80256861,10.4588,10.7624,445,122640,0.205966,0.27,1,345958,345513,445
80259781,6.89175,13.3525,437,122640,0.249193,0.19,1,345964,345527,437
80262701,16.5784,7.47049,450,122640,0.225839,0.28,1,345983,345533,450
80265621,7.31567,12.6941,441,122640,0.213168,0.24,1,345988,345547,441
80268541,6.26313,7.33882,441,122640,0.154634,0.27,1,345994,345553,441
80271461,22.8526,8.66776,459,122640,0.118927,0.26,1,346021,345562,459
80274381,9.37053,18.5336,444,122640,0.215785,0.38,1,346027,345583,444
80277301,5.07411,6.90671,444,122640,0.243157,0.34,1,346031,345587,444
80280101,8.21482,7.78134,445,122640,0.208631,0.3,1,346040,345595,445
80283021,15.243,13.5563,447,122640,0.145726,0.21,1,346057,345610,447
80285941,5.44859,9.11125,442,122640,0.229145,0.4,1,346060,345618,442
80288861,13.0897,5.02225,453,122640,0.245829,0.42,1,346075,345622,453
80291781,12.2179,13.8045,449,122640,0.249166,0.31,1,346087,345638,449
80294701,4.04359,10.7609,441,122640,0.249833,0.32,1,346089,345648,441
80297621,2.40872,3.75218,441,122640,0.249967,0.3,1,346091,345650,441
80300541,3.68174,4.75044,440,122640,0.225993,0.3,1,346095,345655,440
80302981,2.33635,0.950087,442,122640,0.189199,0.37,1,346097,345655,442
80305901,11.6673,3.39002,452,122640,0.23784,0.37,1,346111,345659,452
80308821,3.93345,10.278,442,122640,0.247568,0.37,1,346113,345671,442
80311741,3.18669,3.6556,443,122640,0.241514,0.41,1,346116,345673,443
80314661,7.83734,5.53112,446,122640,0.256303,0.37,1,346125,345679,446
80317581,3.96747,5.90622,443,122640,0.235261,0.41,1,346128,345685,443
80320501,25.5935,5.98124,468,122640,0.215052,0.31,1,346159,345691,468
80323421,8.3187,27.5962,439,122640,0.25901,0.28,1,346163,345724,439
80326341,9.66374,8.71925,445,122640,0.203802,0.27,1,346173,345728,445
80328981,3.53275,8.14385,439,122640,0.18476,0.36,1,346175,345736,439
80331901,3.10655,4.82877,438,122640,0.204952,0.39,1,346178,345740,438
80334821,14.2213,2.56575,453,122640,0.23299,0.22,1,346195,345742,453
80337741,6.04426,14.9132,439,122640,0.230598,0.3,1,346199,345760,439
80340661,15.6089,6.18263,453,122640,0.19812,0.37,1,346217,345764,453
80343581,23.9218,16.4365,460,122640,0.183624,0.31,1,346243,345783,460
80346501,7.98435,20.0873,443,122640,0.172725,0.35,1,346247,345804,443
80349421,27.9969,12.8175,465,122640,0.274545,0.38,1,346280,345815,465
80352341,8.79937,24.1635,442,122640,0.222909,0.29,1,346284,345842,442
80355261,4.95987,8.0327,442,122640,0.180582,0.33,1,346288,345846,442
80358101,22.592,6.40654,463,122640,0.276116,0.3,1,346315,345852,463
80361021,16.5184,36.4813,434,122640,0.183223,0.23,1,346330,345896,434
80363941,15.3037,19.2963,434,122640,0.268645,0.2,1,346345,345911,434
80366861,4.66074,5.45925,434,122640,0.253729,0.23,1,346347,345913,434
80369781,17.7321,15.4919,437,122640,0.250746,0.23,1,346368,345931,437
80372701,6.74643,5.49837,438,122640,0.226149,0.28,1,346372,345934,438
80375621,9.34929,12.2997,434,122640,0.25323,0.19,1,346382,345948,434
80378541,9.86986,10.4599,434,122640,0.162646,0.26,1,346392,345958,434
80381461,9.17397,6.89199,437,122640,0.208529,0.22,1,346401,345964,437
80384381,9.83479,16.5784,428,122640,0.225706,0.21,1,346411,345983,428
80387301,11.567,7.31568,435,122640,0.253141,0.14,1,346423,345988,435
80390221,5.51339,6.26314,433,122640,0.202628,0.11,1,346427,345994,433
80393141,23.5027,22.8526,434,122640,0.0965256,0.24,1,346455,346021,434
80396061,8.70054,9.37053,433,122640,0.179305,0.25,1,346460,346027,433
80398981,5.74011,5.07411,434,122640,0.203861,0.2,1,346465,346031,434
80401901,5.94802,8.21482,431,122640,0.208772,0.13,1,346471,346040,431
80404821,15.5896,15.243,432,122640,0.153754,0.25,1,346489,346057,432
80407741,6.31792,5.44859,433,122640,0.134751,0.25,1,346493,346060,433
80410661,11.6636,13.0897,431,122640,0.13095,0.25,1,346506,346075,431
80413581,11.9327,12.2179,431,122640,0.15419,0.25,1,346518,346087,431
80416501,3.98654,4.04359,431,122640,0.134838,0.25,1,346520,346089,431
80419421,2.39731,2.40872,431,122640,0.130968,0.22,1,346522,346091,431
80422161,6.87946,3.68174,435,122640,0.178194,0.22,1,346530,346095,435
80425081,4.57589,3.93635,435,122640,0.171639,0.25,1,346534,346099,435
80428001,8.91518,10.3873,433,122640,0.130328,0.25,1,346544,346111,433
80430921,4.98304,3.67745,435,122640,0.186066,0.24,1,346548,346113,435
80433601,2.59661,3.13549,434,122640,0.205213,0.26,1,346550,346116,434
80436521,5.31932,7.8271,431,122640,0.185043,0.23,1,346556,346125,431
80439441,2.66386,3.96542,430,122640,0.149009,0.21,1,346558,346128,430
80442361,27.7328,25.5931,433,122640,0.141802,0.27,1,346592,346159,433
80445281,7.14655,8.31862,431,122640,0.10836,0.19,1,346594,346163,431
80448201,10.2293,9.66372,432,122640,0.101672,0.18,1,346605,346173,432
80451121,3.64586,3.53274,432,122640,0.0683344,0.21,1,346607,346175,432
80454041,5.52917,3.10655,435,122640,0.0136669,0.21,1,346613,346178,435
80455861,13.9058,0.62131,451,122640,0.0747334,0.24,1,346629,346178,451
80458781,5.98117,13.7243,438,122640,0.0309467,0.23,1,346633,346195,438
80461701,14.7962,5.94485,451,122640,0.102189,0.19,1,346650,346199,451
80464621,24.5592,15.589,460,122640,0.0844379,0.18,1,346677,346217,460
80467541,8.11185,23.9178,438,122640,0.0488876,0.17,1,346681,346243,438
80470461,30.4224,7.98356,470,122640,0.177778,0.3,1,346717,346247,470
80473381,9.28447,27.9967,441,122640,0.171556,0.21,1,346721,346280,441
80476301,5.05689,8.79934,441,122640,0.0983111,0.17,1,346725,346284,441
80479221,17.0114,4.95987,457,122640,0.195662,0.3,1,346745,346288,457
80482141,13.8023,22.592,443,122640,0.215132,0.16,1,346758,346315,443
80485061,19.5605,16.5184,449,122640,0.123026,0.29,1,346779,346330,449
80487981,5.51209,15.3037,436,122640,0.0726053,0.25,1,346781,346345,436
80490901,14.7024,4.66074,451,122640,0.230521,0.25,1,346798,346347,451
80493821,8.54048,17.7321,437,122640,0.222104,0.22,1,346805,346368,437
80496741,4.9081,6.74643,437,122640,0.236421,0.26,1,346809,346372,437
80499661,12.1816,9.34929,441,122640,0.295284,0.14,1,346823,346382,441
80502581,10.4363,9.86986,441,122640,0.219057,0.22,1,346833,346392,441
80505501,10.0873,9.17397,442,122640,0.283811,0.23,1,346843,346401,442
80508421,11.6175,9.83479,444,122640,0.336762,0.26,1,346855,346411,444
80511341,5.52349,11.567,436,122640,0.315352,0.19,1,346859,346423,436
80514261,22.7047,5.51339,459,122640,0.26307,0.07,1,346886,346427,459
80517181,7.74094,23.5027,435,122640,0.220614,0.2,1,346890,346455,435
80520101,4.74819,8.70054,434,122640,0.300123,0.21,1,346894,346460,434
80523021,5.74964,5.74011,435,122640,0.348025,0.21,1,346900,346465,435
80525941,17.1499,5.94802,449,122640,0.285605,0.14,1,346920,346471,449
80528861,5.02999,15.5896,433,122640,0.241121,0.13,1,346922,346489,433
80531781,11.406,6.31792,442,122640,0.368224,0.13,1,346935,346493,442
80534701,12.6812,11.6636,442,122640,0.369645,0.16,1,346948,346506,442
80537621,4.13624,11.9327,432,122640,0.337929,0.13,1,346950,346518,432
80540541,2.42725,3.98654,432,122640,0.331586,0.13,1,346952,346520,432
80542181,6.08545,2.39731,437,122640,0.378317,0.19,1,346959,346522,437
80545101,3.61709,6.87946,432,122640,0.371663,0.17,1,346962,346530,432
80548021,9.52342,4.57589,439,122640,0.386333,0.12,1,346973,346534,439
80550941,3.50468,8.91518,431,122640,0.357267,0.2,1,346975,346544,431
80553861,2.30094,4.98304,429,122640,0.383453,0.21,1,346977,346548,429
80556781,5.26019,2.59661,433,122640,0.388691,0.18,1,346983,346550,433
80558401,1.85204,5.31932,428,122640,0.397738,0.18,1,346984,346556,428
80561321,3.57041,4.26386,428,122640,0.423548,0.14,1,346988,346560,428
80564241,22.3141,26.4528,423,122640,0.23671,0.1,1,347015,346592,423
80567161,8.46282,6.89055,426,122640,0.319342,0.1,1,347020,346594,426
80570081,12.8926,10.1781,429,122640,0.375868,0.06,1,347034,346605,429
80573001,4.17851,3.63562,429,122640,0.363174,0,1,347036,346607,429
80575921,2.4357,5.52712,425,122640,0.328635,0.09,1,347038,346613,425
80578841,18.8871,13.9054,432,122640,0.233727,0.02,1,347061,346629,432
80581761,13.3774,5.98108,440,122640,0.278745,0.12,1,347073,346633,440
80584681,25.8755,14.7962,452,122640,0.287749,0.08,1,347102,346650,452
80587601,6.7751,24.5592,427,122640,0.34555,0.04,1,347104,346677,427
80590521,29.355,8.11185,458,122640,0.23711,0.21,1,347139,346681,458
80593441,16.271,30.4224,435,122640,0.303422,0.17,1,347152,346717,435
80596361,5.6542,9.28447,434,122640,0.316684,0.08,1,347155,346721,434
80597921,1.93084,5.05689,431,122640,0.303337,0.22,1,347156,346725,431
80600841,15.5862,17.0114,430,122640,0.364667,0.22,1,347175,346745,430
80603761,11.9172,13.8023,428,122640,0.328933,0.1,1,347186,346758,428
80606681,27.1834,19.5605,438,122640,0.233787,0.06,1,347217,346779,438
80609601,7.03669,5.51209,438,122640,0.182757,0.27,1,347219,346781,438
80612521,11.8073,14.7024,434,122640,0.276551,0.22,1,347232,346798,434
80615441,9.56147,8.54048,436,122640,0.27931,0.24,1,347241,346805,436
80618361,8.31229,4.9081,440,122640,0.271862,0.31,1,347249,346809,440
80621281,8.06246,12.1816,434,122640,0.230372,0.2,1,347257,346823,434
80624201,13.6125,10.4363,439,122640,0.198074,0.3,1,347272,346833,439
80627121,9.9225,10.0873,438,122640,0.175615,0.35,1,347281,346843,438
80630041,8.3845,11.6175,434,122640,0.187123,0.31,1,347289,346855,434
80632961,4.8769,5.52349,434,122640,0.261425,0.25,1,347293,346859,434
80635881,25.7754,22.7047,438,122640,0.220285,0.21,1,347324,346886,438
80638801,9.95508,7.74094,440,122640,0.148057,0.32,1,347330,346890,440
80641721,3.59102,4.74819,438,122640,0.221611,0.36,1,347332,346894,438
80644641,7.9182,5.74964,441,122640,0.284322,0.27,1,347341,346900,441
80647561,9.58364,17.1499,431,122640,0.240864,0.23,1,347351,346920,431
80650481,9.91673,5.02999,439,122640,0.232173,0.4,1,347361,346922,439
80653401,9.98335,11.406,436,122640,0.198435,0.37,1,347371,346935,436
80656321,13.1967,12.6812,437,122640,0.271687,0.33,1,347385,346948,437
80659241,7.43933,4.13624,441,122640,0.294337,0.33,1,347391,346950,441
80662161,3.08787,2.42725,441,122640,0.266867,0.33,1,347393,346952,441
80663861,4.61757,0.48545,446,122640,0.253374,0.37,1,347398,346952,446
80666781,4.12351,8.09709,440,122640,0.250675,0.39,1,347402,346962,440
80669701,10.4247,10.4194,441,122640,0.266135,0.35,1,347414,346973,441
80672621,4.48494,3.68388,442,122640,0.269227,0.39,1,347417,346975,442
80675541,2.49699,2.33678,442,122640,0.269845,0.39,1,347419,346977,442
80678461,5.2994,5.26736,442,122640,0.269969,0.4,1,347425,346983,442
80681381,2.65988,1.85347,443,122640,0.285994,0.43,1,347427,346984,443
80684301,20.532,3.57069,464,122640,0.193199,0.19,1,347452,346988,464
80687221,9.70639,22.3141,444,122640,0.26264,0.34,1,347459,347015,444
80690141,12.3413,8.46283,452,122640,0.196528,0.39,1,347472,347020,452
80693061,4.86826,12.8926,441,122640,0.271306,0.36,1,347475,347034,441
80695981,3.37365,4.17851,442,122640,0.262261,0.32,1,347478,347036,442
80697761,1.47473,2.4357,441,122640,0.244452,0.21,1,347479,347038,441
80700681,15.4949,18.8871,437,122640,0.24089,0.29,1,347498,347061,437
80703601,13.499,13.3774,438,122640,0.280178,0.29,1,347511,347073,438
80706521,23.4998,25.8755,435,122640,0.216036,0.36,1,347537,347102,435
80709441,6.29996,6.7751,435,122640,0.203207,0.21,1,347539,347104,435
80712361,27.66,29.355,433,122640,0.176641,0.32,1,347572,347139,433
80715281,15.932,16.271,433,122640,0.275328,0.32,1,347585,347152,433
80718201,5.5864,5.6542,433,122640,0.247066,0.3,1,347588,347155,433
80721121,19.5173,1.93084,455,122640,0.145413,0.38,1,347611,347156,455
80724041,14.3035,15.5862,449,122640,0.237083,0.32,1,347624,347175,449
80726961,14.8607,11.9172,453,122640,0.175417,0.21,1,347639,347186,453
80729881,14.9721,27.1834,437,122640,0.171083,0.17,1,347654,347217,437
80732801,12.5944,7.03669,447,122640,0.194217,0.3,1,347666,347219,447
80735721,8.91889,11.8073,442,122640,0.182843,0.28,1,347674,347232,442
80738641,8.18378,9.56147,441,122640,0.236569,0.27,1,347682,347241,441
80741561,4.83676,8.31229,437,122640,0.191314,0.22,1,347686,347249,437
80744481,12.1674,8.06246,443,122640,0.182263,0.19,1,347700,347257,443
80747401,14.4335,13.6125,443,122640,0.252453,0.17,1,347715,347272,443
80750321,7.68669,9.9225,440,122640,0.170491,0.19,1,347721,347281,440
80753241,6.33734,8.3845,438,122640,0.114098,0.28,1,347727,347289,438
80756161,25.2675,4.8769,464,122640,0.16682,0.21,1,347757,347293,464
80759081,10.6535,25.7754,440,122640,0.137364,0.13,1,347764,347324,440
80762001,3.7307,9.95508,436,122640,0.131473,0.24,1,347766,347330,436
80764921,7.94614,3.59102,443,122640,0.210295,0.3,1,347775,347332,443
80767841,8.78923,7.9182,443,122640,0.250059,0.23,1,347784,347341,443
80770761,8.15785,9.58364,441,122640,0.258012,0.23,1,347792,347351,441
80773681,12.8316,9.91673,445,122640,0.147602,0.19,1,347806,347361,445
80776601,12.9663,9.98335,448,122640,0.17352,0.29,1,347819,347371,448
80779521,5.79326,13.1967,438,122640,0.194704,0.3,1,347823,347385,438
80782441,2.75865,7.43933,434,122640,0.238941,0.26,1,347825,347391,434
80784081,1.35173,3.08787,433,122640,0.231788,0.25,1,347826,347393,433
80787001,8.27035,4.61757,438,122640,0.254358,0.25,1,347836,347398,438
80789921,11.2541,4.12351,446,122640,0.178872,0.27,1,347848,347402,446
80792841,6.25081,10.4247,439,122640,0.235774,0.27,1,347853,347414,439
80795761,3.65016,4.48494,439,122640,0.231155,0.27,1,347856,347417,439
80797601,1.53003,2.49699,438,122640,0.214231,0.27,1,347857,347419,438
80800521,5.10601,5.2994,438,122640,0.210846,0.29,1,347863,347425,438
80803441,2.6212,2.65988,438,122640,0.210169,0.17,1,347865,347427,438
80806361,19.7242,20.532,437,122640,0.178034,0.28,1,347889,347452,437
80809281,5.54485,9.70639,432,122640,0.147607,0.18,1,347891,347459,432
80812201,10.709,12.3413,431,122640,0.237521,0.29,1,347903,347472,431
80815121,9.34179,4.86826,437,122640,0.255504,0.26,1,347912,347475,437
80818041,3.46836,3.37365,436,122640,0.259101,0.24,1,347914,347478,436
80820961,9.49367,1.47473,446,122640,0.14782,0.24,1,347925,347479,446
80823881,17.8987,15.4949,447,122640,0.141564,0.29,1,347945,347498,447
80826801,24.3797,13.499,460,122640,0.196313,0.2,1,347971,347511,460
80829721,7.27595,23.4998,437,122640,0.167263,0.2,1,347974,347537,437
80832641,27.8552,6.29996,468,122640,0.153453,0.17,1,348007,347539,468
80835561,14.371,27.66,446,122640,0.21469,0.3,1,348018,347572,446
80838481,4.47421,15.932,435,122640,0.202938,0.24,1,348020,347585,435
80841401,20.0948,5.5864,456,122640,0.200588,0.12,1,348044,347588,456
80844321,10.419,19.5173,441,122640,0.208118,0.26,1,348052,347611,441
80847241,11.6838,14.3035,440,122640,0.249624,0.16,1,348064,347624,440
80850161,19.1368,14.8607,446,122640,0.153925,0.17,1,348085,347639,446
80853081,10.2274,14.9721,439,122640,0.0307849,0.2,1,348093,347654,439
80856001,10.8455,12.5944,438,122640,0.126157,0.18,1,348104,347666,438
80858921,10.1691,8.91889,440,122640,0.217231,0.25,1,348114,347674,440
80861841,3.63382,8.18378,434,122640,0.235446,0.18,1,348116,347682,434
80864761,13.5268,4.83676,446,122640,0.191089,0.18,1,348132,347686,446
80867681,9.10535,12.1674,440,122640,0.0782178,0.27,1,348140,347700,440
80870601,9.02107,14.4335,434,122640,0.135644,0.15,1,348149,347715,434
80873521,9.80421,7.68669,438,122640,0.163129,0.1,1,348159,347721,438
80876441,23.5608,6.33734,459,122640,0.184626,0.18,1,348186,347727,459
80879361,12.7122,25.2675,439,122640,0.204925,0.13,1,348196,347757,439
80882281,4.94243,10.6535,435,122640,0.192985,0.13,1,348199,347764,435
80883921,2.58849,3.7307,435,122640,0.174597,0.23,1,348201,347766,435
80886841,6.9177,7.94614,434,122640,0.194919,0.26,1,348209,347775,434
80889761,8.58354,8.78923,434,122640,0.222984,0.26,1,348218,347784,434
80892681,3.31671,8.15785,428,122640,0.236597,0.12,1,348220,347792,428
80895601,12.6633,12.8316,429,122640,0.239319,0.18,1,348235,347806,429
80898521,14.5327,12.9663,431,122640,0.223864,0.2,1,348250,347819,431
80901441,4.50653,5.79326,429,122640,0.188773,0.25,1,348252,347823,429
80904361,4.10131,2.75865,431,122640,0.149755,0.25,1,348256,347825,431
80906181,4.02026,0.55173,435,122640,0.181951,0.26,1,348260,347825,435
80909101,5.60405,8.91035,430,122640,0.16439,0.16,1,348266,347836,430
80912021,13.9208,11.3821,434,122640,0.192878,0.25,1,348282,347848,434
80914941,5.98416,6.27641,433,122640,0.166576,0.23,1,348286,347853,433
80917861,2.79683,3.65528,432,122640,0.161315,0.21,1,348288,347856,432
80920781,4.55937,1.53106,436,122640,0.224263,0.21,1,348293,347857,436
80923701,2.51187,5.10621,432,122640,0.244853,0.21,1,348295,347863,432
80926621,21.3024,2.62124,456,122640,0.168971,0.17,1,348321,347865,456
80929541,5.86047,19.7242,434,122640,0.113794,0.14,1,348323,347889,434
80932461,11.5721,5.54485,445,122640,0.174759,0.26,1,348336,347891,445
80935381,3.91442,10.709,435,122640,0.154952,0.26,1,348338,347903,435
80938301,2.38288,9.34179,428,122640,0.16699,0.26,1,348340,347912,428
80941221,11.6766,3.46836,440,122640,0.209398,0.12,1,348354,347914,440
80944141,19.1353,9.49367,450,122640,0.16988,0.14,1,348375,347925,450
80947061,19.8271,17.8987,450,122640,0.145976,0.21,1,348395,347945,450
80949981,12.7654,24.3797,435,122640,0.149195,0.16,1,348406,347971,435
80952901,28.9531,7.27595,465,122640,0.133839,0.15,1,348439,347974,465
80955821,11.3906,27.8552,439,122640,0.178768,0.23,1,348446,348007,439
80958741,3.87812,14.371,430,122640,0.219754,0.2,1,348448,348018,430
80961661,22.3756,4.47421,455,122640,0.187951,0.2,1,348475,348020,455
80964581,10.0751,20.0948,438,122640,0.14159,0.21,1,348482,348044,438
80967501,9.21503,10.419,439,122640,0.236318,0.26,1,348491,348052,439
80970421,21.043,11.6838,451,122640,0.0472636,0.13,1,348515,348064,451
80973341,8.2086,19.1368,435,122640,0.0414527,0,1,348520,348085,435
80976261,15.2417,10.2274,444,122640,0.184291,0.15,1,348537,348093,444
80979181,7.84834,10.8455,439,122640,0.156858,0.24,1,348543,348104,439
80982101,6.36967,10.1691,435,122640,0.263372,0.24,1,348549,348114,435
80985021,11.6739,3.63382,446,122640,0.236674,0.18,1,348562,348116,446
80987941,7.93479,13.5268,437,122640,0.247335,0.05,1,348569,348132,437
80990861,7.98696,9.10535,437,122640,0.209467,0.15,1,348577,348140,437
80993781,12.7974,9.02107,442,122640,0.233893,0.17,1,348591,348149,442
80996701,24.1595,9.80421,459,122640,0.206779,0.19,1,348618,348159,459
80999621,8.8319,23.5608,437,122640,0.145356,0.21,1,348623,348186,437
81002541,7.36638,12.7122,434,122640,0.229071,0.19,1,348630,348196,434
81004561,2.27328,4.94243,432,122640,0.261814,0.17,1,348631,348199,432
81007481,8.45466,2.58849,440,122640,0.236363,0.2,1,348641,348201,440
81010401,8.09093,6.9177,440,122640,0.215273,0.23,1,348649,348209,440
81013321,4.01819,8.58354,434,122640,0.291055,0.24,1,348652,348218,434
81016241,8.00364,3.31671,441,122640,0.290211,0.24,1,348661,348220,441
81019161,17.6007,12.6633,446,122640,0.194042,0.22,1,348681,348235,446
81022081,5.12015,14.5327,433,122640,0.294808,0.18,1,348683,348250,433
81025001,2.62403,4.50653,433,122640,0.282962,0.14,1,348685,348252,433
81027861,2.12481,4.10131,431,122640,0.280592,0.16,1,348687,348256,431
81030781,5.22496,8.82026,427,122640,0.304118,0.2,1,348693,348266,427
81033701,18.645,14.5641,433,122640,0.212824,0.16,1,348715,348282,433
81036621,6.929,6.11281,433,122640,0.282565,0.16,1,348719,348286,433
81039541,2.9858,2.82256,433,122640,0.264513,0.16,1,348721,348288,433
81041381,2.99716,0.564512,436,122640,0.212903,0.24,1,348724,348288,436
81044301,2.19943,4.1129,433,122640,0.202581,0.25,1,348726,348293,433
81047221,19.6399,2.42258,455,122640,0.200516,0.15,1,348750,348295,455
81050141,6.32798,21.2845,432,122640,0.176103,0.1,1,348753,348321,432
81053061,8.4656,5.8569,439,122640,0.179221,0.19,1,348762,348323,439
81055981,8.09312,11.5714,434,122640,0.251844,0.15,1,348770,348336,434
81058901,3.21862,3.91428,434,122640,0.234369,0.17,1,348772,348338,434
81061141,7.04372,2.38286,440,122640,0.238874,0.22,1,348780,348340,440
81064061,16.6087,11.6766,445,122640,0.175775,0.16,1,348799,348354,445
81066981,22.5217,19.1353,448,122640,0.163155,0.14,1,348823,348375,448
81069901,9.30435,19.8271,434,122640,0.256631,0.15,1,348829,348395,434
81072821,35.4609,12.7654,465,122640,0.211326,0.13,1,348871,348406,465
81075741,13.4922,28.9531,440,122640,0.218265,0.19,1,348879,348439,440
81078661,4.29843,11.3906,435,122640,0.227653,0.23,1,348881,348446,435
81080481,1.65969,3.87812,434,122640,0.245531,0.18,1,348882,348448,434
81083401,21.9319,22.3756,434,122640,0.289106,0.13,1,348909,348475,434
81086321,9.98639,10.0751,434,122640,0.249821,0.26,1,348916,348482,434
81089241,8.39728,9.21503,433,122640,0.321964,0,1,348924,348491,433
81092161,21.6795,21.043,434,122640,0.120393,0.04,1,348949,348515,434
81095081,9.13589,8.2086,435,122640,0.0720786,0.22,1,348955,348520,435
81098001,14.6272,15.2417,434,122640,0.182416,0.15,1,348971,348537,434
81100921,7.72544,7.84834,434,122640,0.180483,0.29,1,348977,348543,434
81103841,4.74509,6.36967,432,122640,0.228097,0.23,1,348981,348549,432
81106761,11.349,11.6739,432,122640,0.285619,0.25,1,348994,348562,432
81109681,8.6698,7.93479,433,122640,0.201124,0.2,1,349002,348569,433
81112601,9.73396,7.98696,435,122640,0.248225,0.24,1,349012,348577,435
81115521,14.7468,12.7974,437,122640,0.273645,0.2,1,349028,348591,437
81118441,18.1494,24.1595,429,122640,0.334729,0.13,1,349047,348618,429
81121361,11.6299,8.8319,434,122640,0.314946,0.25,1,349057,348623,434
81124281,7.12597,7.36638,433,122640,0.254989,0.27,1,349063,348630,433
81127201,3.02519,2.27328,434,122640,0.234998,0.23,1,349065,348631,434
81130121,10.205,8.45466,436,122640,0.271,0.21,1,349077,348641,436
81133041,8.44101,8.09093,436,122640,0.2622,0.31,1,349085,348649,436
81135961,4.8882,4.01819,437,122640,0.30844,0.29,1,349089,348652,437
81138881,7.37764,8.00364,436,122640,0.333688,0.17,1,349097,348661,436
81141801,16.6755,17.6007,435,122640,0.298738,0.32,1,349116,348681,435
81144721,6.53511,5.12015,437,122640,0.283748,0.28,1,349120,348683,437
81147041,2.90702,2.62403,437,122640,0.280749,0.26,1,349122,348685,437
81149961,3.7814,2.92481,438,122640,0.21615,0.31,1,349126,348688,438
81152881,3.95628,4.58496,437,122640,0.28323,0.19,1,349130,348693,437
81155801,13.5913,18.517,431,122640,0.360646,0.3,1,349146,348715,431
81158721,5.91825,6.9034,431,122640,0.320129,0.26,1,349150,348719,431
81161601,7.58365,2.98068,437,122640,0.248026,0.2,1,349158,348721,437
81164521,4.71673,2.99614,438,122640,0.241605,0.2,1,349162,348724,438
81167441,15.3433,2.19923,454,122640,0.312321,0.2,1,349180,348726,454
81170361,4.66867,19.6398,432,122640,0.310464,0.17,1,349182,348750,432
81173281,10.5337,6.32797,441,122640,0.238093,0.18,1,349194,348753,441
81176201,9.30675,8.46559,441,122640,0.295619,0.27,1,349203,348762,441
81179121,3.46135,8.09312,435,122640,0.307124,0.23,1,349205,348770,435
81181781,7.09227,3.21862,441,122640,0.197425,0.24,1,349213,348772,441
81184701,19.8185,7.04372,456,122640,0.231485,0.16,1,349236,348780,456
81187621,19.9637,16.6087,457,122640,0.286297,0.16,1,349256,348799,457
81190541,9.59274,22.5217,440,122640,0.185259,0.28,1,349263,348823,440
81193461,34.7185,9.30435,475,122640,0.125052,0.2,1,349304,348829,475
81196381,14.1437,35.4609,442,122640,0.18501,0.22,1,349313,348871,442
81199301,6.82874,13.4922,439,122640,0.221002,0.23,1,349318,348879,439
81202221,2.96575,4.29843,439,122640,0.1962,0.3,1,349320,348881,439
81205141,22.9931,23.2597,439,122640,0.26324,0.24,1,349348,348909,439
81208061,9.39863,10.2519,438,122640,0.220648,0.34,1,349354,348916,438
81210981,8.27973,8.45039,438,122640,0.30013,0.07,1,349362,348924,438
81213901,8.85595,21.6901,422,122640,0.332026,0.06,1,349371,348949,422
81216821,16.1712,9.13802,434,122640,0.250405,0.21,1,349389,348955,434
81219741,16.8342,14.6276,435,122640,0.218081,0.18,1,349406,348971,435
81222661,8.96685,7.72552,436,122640,0.187616,0.24,1,349413,348977,436
81225581,4.99337,4.7451,436,122640,0.181523,0.3,1,349417,348981,436
81228501,6.59867,11.349,430,122640,0.236305,0.18,1,349424,348994,430
81231421,12.5197,8.6698,436,122640,0.207261,0.26,1,349438,349002,436
81234341,8.90395,9.73396,434,122640,0.153452,0.28,1,349446,349012,434
81237261,15.3808,14.7468,435,122640,0.17469,0.35,1,349463,349028,435
81240181,20.6762,18.1494,438,122640,0.194938,0.31,1,349485,349047,438
81243101,7.33523,11.6299,432,122640,0.158988,0.24,1,349489,349057,432
81246021,7.86705,7.12597,434,122640,0.143798,0.23,1,349497,349063,434
81248941,3.17341,3.02519,434,122640,0.212759,0.28,1,349499,349065,434
81251861,14.2347,10.205,439,122640,0.186552,0.26,1,349516,349077,439
81254781,10.0469,8.44101,440,122640,0.10131,0.32,1,349525,349085,440
81257701,4.40939,4.8882,439,122640,0.228262,0.34,1,349528,349089,439
81260621,7.28188,7.37764,439,122640,0.229652,0.29,1,349536,349097,439
81263541,12.6564,16.6755,434,122640,0.26993,0.28,1,349550,349116,434
81266461,8.93127,6.53511,438,122640,0.173986,0.28,1,349558,349120,438
81269381,4.98625,2.90702,440,122640,0.178797,0.2,1,349562,349122,440
81271221,3.39725,3.7814,439,122640,0.131759,0.3,1,349565,349126,439
81274141,3.87945,3.95628,439,122640,0.154352,0.38,1,349569,349130,439
81277061,8.77589,13.5913,433,122640,0.19887,0.31,1,349579,349146,433
81279981,4.95518,5.91825,433,122640,0.247774,0.23,1,349583,349150,433
81282901,7.39104,7.58365,433,122640,0.233555,0.23,1,349591,349158,433
81284741,8.67821,1.51673,442,122640,0.158711,0.24,1,349600,349158,442
81287661,10.5356,3.50335,449,122640,0.191742,0.33,1,349611,349162,449
81290581,3.70713,15.1007,433,122640,0.182348,0.31,1,349613,349180,433
81293501,12.7414,4.62013,446,122640,0.18847,0.22,1,349628,349182,446
81296421,5.74829,10.524,438,122640,0.181694,0.31,1,349632,349194,438
81299341,3.54966,9.30481,432,122640,0.196339,0.31,1,349635,349203,432
81302261,11.9099,3.46096,444,122640,0.143268,0.17,1,349649,349205,444
81305181,15.982,7.09219,453,122640,0.132654,0.24,1,349666,349213,453
81308101,17.5964,19.8184,448,122640,0.226531,0.3,1,349684,349236,448
81311021,10.7193,19.9637,437,122640,0.173306,0.16,1,349693,349256,437
81313941,35.7439,9.59274,472,122640,0.0826612,0.11,1,349735,349263,472
81316861,14.3488,34.7185,440,122640,0.208532,0.2,1,349744,349304,440
81319781,8.46975,14.1437,438,122640,0.169706,0.23,1,349751,349313,438
81322701,6.49395,6.82874,439,122640,0.169941,0.19,1,349757,349318,439
81325621,21.2988,2.96575,462,122640,0.193988,0.28,1,349782,349320,462
81328541,9.05976,22.9931,440,122640,0.166798,0.21,1,349788,349348,440
81331461,9.81195,9.39863,444,122640,0.22536,0.32,1,349798,349354,444
81334381,3.56239,8.27973,438,122640,0.237072,0.34,1,349800,349362,438
81337301,19.9125,8.85595,453,122640,0.183414,0.23,1,349824,349371,453
81340221,13.5825,16.1712,447,122640,0.0686829,0.21,1,349836,349389,447
81343141,9.9165,16.8342,439,122640,0.101737,0.18,1,349845,349406,439
81346061,6.7833,8.96685,438,122640,0.156347,0.18,1,349851,349413,438
81348981,6.15666,4.99337,440,122640,0.231269,0.25,1,349857,349417,440
81351901,14.0313,6.59867,449,122640,0.190254,0.2,1,349873,349424,449
81354821,7.60627,12.5197,441,122640,0.174051,0.14,1,349879,349438,441
81357741,9.52125,8.90395,443,122640,0.23481,0.18,1,349889,349446,443
81360661,19.5043,15.3808,448,122640,0.158962,0.2,1,349911,349463,448
81363581,12.7009,20.6762,437,122640,0.199792,0.15,1,349922,349485,437
81366501,4.14017,7.33523,435,122640,0.199958,0.14,1,349924,349489,435
81369421,7.22803,7.86705,435,122640,0.135992,0.23,1,349932,349497,435
81372341,9.44561,3.17341,443,122640,0.123198,0.18,1,349942,349499,443
81375261,12.2891,14.2347,439,122640,0.20064,0.08,1,349955,349516,439
81378181,4.85782,10.0469,433,122640,0.168128,0.26,1,349958,349525,433
81381101,8.97156,4.40939,440,122640,0.249626,0.23,1,349968,349528,440
81384021,8.99431,7.28188,441,122640,0.257925,0.28,1,349977,349536,441
81386941,6.59886,12.6564,433,122640,0.259585,0.15,1,349983,349550,433
81389861,8.51977,8.93127,434,122640,0.187917,0.18,1,349992,349558,434
81392781,4.90395,4.98625,434,122640,0.141583,0.16,1,349996,349562,434
81395701,5.78079,6.59725,433,122640,0.0923167,0.21,1,350002,349569,433
81398621,9.15616,9.31945,433,122640,0.114463,0.26,1,350012,349579,433
81401541,5.83123,5.06389,434,122640,0.198893,0.23,1,350017,349583,434
81404461,2.76625,7.41278,428,122640,0.223779,0.14,1,350019,349591,428
81407381,9.35325,8.68256,430,122640,0.244756,0.2,1,350030,349600,430
81410301,13.8706,10.5365,434,122640,0.272951,0.18,1,350045,349611,434
81413221,4.37413,3.7073,434,122640,0.24659,0.19,1,350047,349613,434
81416141,8.87483,12.7415,429,122640,0.241318,0.18,1,350057,349628,429
81419061,7.37496,5.74829,432,122640,0.200264,0.2,1,350064,349632,432
81421601,3.07499,3.54966,431,122640,0.248053,0.13,1,350066,349635,431
81424521,11.815,11.9099,431,122640,0.201611,0.13,1,350080,349649,431
81427441,15.163,15.982,430,122640,0.240322,0.25,1,350096,349666,430
81430361,20.6326,17.5964,434,122640,0.208064,0.16,1,350118,349684,434
81433281,5.72652,10.7193,427,122640,0.201613,0.06,1,350120,349693,427
81436201,39.5453,35.7439,433,122640,0.144323,0.24,1,350168,349735,433
81439121,13.5091,14.3488,431,122640,0.164865,0.16,1,350175,349744,431
81442041,8.30181,8.46975,431,122640,0.216973,0.17,1,350182,349751,431
81444961,3.26036,6.49395,427,122640,0.203395,0.2,1,350184,349757,427
81447881,19.8521,21.2988,426,122640,0.248679,0.16,1,350208,349782,426
81450801,14.3704,9.05976,433,122640,0.281736,0.24,1,350221,349788,433
81453721,9.27408,9.81195,431,122640,0.192347,0.24,1,350229,349798,431
81456641,5.05482,3.56239,433,122640,0.318469,0.17,1,350233,349800,433
81459561,13.011,19.9125,424,122640,0.263694,0.04,1,350248,349824,424
81462481,16.2022,13.5825,429,122640,0.212739,0.11,1,350265,349836,429
81465401,9.64044,9.9165,428,122640,0.226548,0.17,1,350273,349845,428
81468321,9.12809,6.7833,431,122640,0.25331,0.25,1,350282,349851,431
81471241,9.82562,6.15666,435,122640,0.154662,0.18,1,350292,349857,435
81474161,7.56512,14.0313,426,122640,0.182932,0.17,1,350299,349873,426
81477081,13.513,7.60627,435,122640,0.220586,0.25,1,350314,349879,435
81480001,9.1026,9.52125,433,122640,0.204117,0.14,1,350322,349889,433
81482921,17.8205,19.5043,431,122640,0.256823,0.21,1,350342,349911,431
81485841,9.9641,12.7009,428,122640,0.195365,0.2,1,350350,349922,428
81488761,3.59282,4.14017,428,122640,0.247073,0.12,1,350352,349924,428
81491681,7.11856,7.22803,428,122640,0.217415,0.12,1,350360,349932,428
81494601,12.6237,9.44561,432,122640,0.259483,0.22,1,350374,349942,432
81497521,15.3247,12.2891,435,122640,0.235897,0.16,1,350390,349955,435
81500441,4.66495,4.85782,434,122640,0.239179,0.27,1,350392,349958,434
81503361,8.93299,8.97156,434,122640,0.263836,0.26,1,350402,349968,434
81506281,8.1866,8.99431,433,122640,0.276767,0.26,1,350410,349977,433
81509201,3.23732,6.59886,429,122640,0.247353,0.17,1,350412,349983,429
81512121,5.44746,8.51977,426,122640,0.265471,0.13,1,350418,349992,426
81515041,4.28949,4.90395,426,122640,0.237094,0.08,1,350422,349996,426
81517281,8.0579,5.78079,429,122640,0.183419,0.12,1,350431,350002,429
81520201,12.8116,9.15616,433,122640,0.100684,0.22,1,350445,350012,433
81523121,5.76232,5.83123,432,122640,0.0921368,0.23,1,350449,350017,432
81526041,2.75246,2.76625,432,122640,0.146427,0.23,1,350451,350019,432
81528101,4.55049,0.553249,437,122640,0.229285,0.25,1,350456,350019,437
81531021,16.9101,8.91065,446,122640,0.125857,0.28,1,350476,350030,446
81533941,5.78202,13.7821,434,122640,0.217171,0.24,1,350479,350045,434
81536861,9.1564,4.35643,442,122640,0.203434,0.24,1,350489,350047,442
81539781,3.43128,8.87129,434,122640,0.208687,0.19,1,350491,350057,434
81542701,2.28626,7.37426,429,122640,0.209737,0.26,1,350493,350064,429
81544741,16.4573,3.07485,447,122640,0.193947,0.19,1,350513,350066,447
81547661,11.2915,11.815,443,122640,0.18279,0.25,1,350523,350080,443
81550581,22.2583,15.163,452,122640,0.188558,0.2,1,350548,350096,452
81553501,6.05166,20.6326,432,122640,0.189712,0.2,1,350550,350118,432
81556421,41.2103,5.72652,480,122640,0.149942,0.13,1,350600,350120,480
81559341,12.2421,39.5453,437,122640,0.141988,0.17,1,350605,350168,437
81562261,9.64841,13.5091,439,122640,0.204398,0.23,1,350614,350175,439
81565181,3.52968,8.30181,434,122640,0.24088,0.2,1,350616,350182,434
81568101,21.5059,3.26036,458,122640,0.224176,0.26,1,350642,350184,458
81571021,11.5012,19.8521,443,122640,0.164835,0.29,1,350651,350208,443
81573941,11.9002,14.3704,442,122640,0.128967,0.17,1,350663,350221,442
81576861,5.58005,9.27408,438,122640,0.129793,0.35,1,350667,350229,438
81579781,8.31601,5.05482,443,122640,0.0819587,0.25,1,350676,350233,443
81582701,17.6632,13.011,448,122640,0.0803917,0.2,1,350696,350248,448
81585621,12.3326,16.2022,442,122640,0.128078,0.23,1,350707,350265,442
81588541,5.66653,9.64044,438,122640,0.201616,0.26,1,350711,350273,438
81591461,9.93331,9.12809,440,122640,0.256323,0.13,1,350722,350282,440
81594381,9.98666,9.82562,440,122640,0.211265,0.19,1,350732,350292,440
81597301,11.5973,7.56512,445,122640,0.202253,0.23,1,350744,350299,445
81600221,10.3195,13.513,440,122640,0.192451,0.2,1,350754,350314,440
81603141,19.6639,9.1026,454,122640,0.21449,0.27,1,350776,350322,454
81606061,8.73278,17.8205,440,122640,0.250898,0.18,1,350782,350342,440
81608981,3.34656,9.9641,434,122640,0.22618,0.26,1,350784,350350,434
81611901,2.26931,3.59282,434,122640,0.189236,0.21,1,350786,350352,434
81614821,16.4539,7.11856,446,122640,0.181847,0.27,1,350806,350360,446
81617741,12.0908,12.6237,443,122640,0.276369,0.23,1,350817,350374,443
81620661,8.81815,15.3247,435,122640,0.327274,0.24,1,350825,350390,435
81623581,8.96363,4.66495,442,122640,0.233455,0.27,1,350834,350392,442
81626501,8.19273,8.93299,440,122640,0.334691,0.28,1,350842,350402,440
81629421,3.23855,8.1866,434,122640,0.354938,0.24,1,350844,350410,434
81632341,2.24771,3.23732,434,122640,0.358988,0.27,1,350846,350412,434
81635261,4.44954,5.44746,433,122640,0.343798,0.23,1,350851,350418,433
81636881,2.48991,4.28949,431,122640,0.37276,0.17,1,350853,350422,431
81639801,5.29798,8.0579,428,122640,0.386552,0.08,1,350859,350431,428
81642721,13.8596,12.8116,430,122640,0.35731,0.09,1,350875,350445,430
81645641,9.17192,5.76232,434,122640,0.279462,0.16,1,350883,350449,434
81648321,4.23438,2.75246,435,122640,0.247892,0.25,1,350886,350451,435
81651241,16.0469,4.55049,449,122640,0.305578,0.1,1,350905,350456,449
81654161,7.20938,16.9101,434,122640,0.237116,0.24,1,350910,350476,434
81657081,8.64188,5.78202,440,122640,0.303423,0.2,1,350919,350479,440
81660001,4.92837,9.1564,434,122640,0.324685,0.21,1,350923,350489,434
81662921,2.58567,3.43128,434,122640,0.312937,0.21,1,350925,350491,434
81664961,2.11713,2.28626,434,122640,0.302587,0.19,1,350927,350493,434
81667881,21.2234,16.4573,440,122640,0.260517,0.18,1,350953,350513,440
81670801,25.0447,11.2915,456,122640,0.204103,0.19,1,350979,350523,456
81673721,6.60894,22.2583,433,122640,0.184821,0.19,1,350981,350548,433
81676641,35.7218,6.05166,474,122640,0.228964,0.14,1,351024,350550,474
81679561,18.3444,41.2103,438,122640,0.197793,0.14,1,351038,350600,438
81682481,8.46887,12.2421,439,122640,0.175559,0.22,1,351044,350605,439
81685401,4.89377,9.64841,434,122640,0.155112,0.25,1,351048,350614,434
81688321,20.1788,3.52968,456,122640,0.183022,0.22,1,351072,350616,456
81691241,8.83575,21.5059,436,122640,0.260604,0.15,1,351078,350642,436
81694161,9.76715,11.5012,437,122640,0.284121,0.12,1,351088,350651,437
81697081,9.95343,11.9002,435,122640,0.200824,0.13,1,351098,350663,435
81700001,8.39069,5.58005,439,122640,0.216165,0.07,1,351106,350667,439
81702921,15.2781,8.31601,447,122640,0.235233,0.08,1,351123,350676,447
81705841,13.4556,17.6632,440,122640,0.231047,0.14,1,351136,350696,440
81708761,9.89113,12.3326,438,122640,0.174209,0.22,1,351145,350707,438
81711681,8.37823,5.66653,442,122640,0.170842,0.27,1,351153,350711,442
81714601,9.67564,9.93331,441,122640,0.218168,0.2,1,351163,350722,441
81717521,11.5351,9.98666,443,122640,0.203634,0.2,1,351175,350732,443
81720441,11.107,11.5973,442,122640,0.160727,0.19,1,351186,350744,442
81723361,18.2214,10.3195,452,122640,0.144145,0.22,1,351206,350754,452
81726281,11.6443,19.6639,440,122640,0.140829,0.26,1,351216,350776,440
81729201,3.92886,8.73278,436,122640,0.140166,0.22,1,351218,350782,436
81731941,5.58577,3.34656,440,122640,0.0840332,0.29,1,351224,350784,440
81734861,14.7172,5.46931,451,122640,0.136807,0.18,1,351241,350790,451
81737781,13.3434,13.8939,448,122640,0.139361,0.3,1,351254,350806,448
81740701,4.26869,11.5788,439,122640,0.131872,0.34,1,351256,350817,439
81743621,13.6537,8.71575,447,122640,0.218374,0.21,1,351272,350825,447
81746541,9.13075,8.94315,446,122640,0.0996749,0.36,1,351280,350834,446
81749461,3.42615,8.18863,440,122640,0.195935,0.36,1,351282,350842,440
81752381,2.28523,3.23773,440,122640,0.215187,0.36,1,351284,350844,440
81754401,1.25705,2.24755,439,122640,0.235037,0.34,1,351285,350846,439
81757321,3.45141,4.44951,438,122640,0.239007,0.38,1,351289,350851,438
81760241,3.89028,2.4899,440,122640,0.231801,0.39,1,351293,350853,440
81763161,11.9781,5.29798,448,122640,0.23036,0.35,1,351307,350859,448
81766081,8.79561,13.8596,440,122640,0.166072,0.26,1,351315,350875,440
81769001,4.15912,9.17192,435,122640,0.225214,0.24,1,351318,350883,435
81771921,20.8318,4.23438,457,122640,0.157043,0.32,1,351343,350886,457
81774841,5.76636,16.0469,440,122640,0.111409,0.22,1,351345,350905,440
81777761,8.35327,7.20938,444,122640,0.134282,0.32,1,351354,350910,444
81780681,4.07065,8.64188,438,122640,0.130856,0.33,1,351357,350919,438
81783601,5.61413,4.92837,440,122640,0.218171,0.31,1,351363,350923,440
81786521,2.72283,2.58567,440,122640,0.235634,0.25,1,351365,350925,440
81789441,19.7446,22.9171,436,122640,0.247127,0.19,1,351389,350953,436
81792361,21.5489,25.3834,432,122640,0.225425,0.18,1,351411,350979,432
81795281,5.90978,6.67669,432,122640,0.221085,0.24,1,351413,350981,432
81798201,36.382,35.7353,433,122640,0.276217,0.19,1,351457,351024,433
81801121,15.2764,18.3471,429,122640,0.183243,0.17,1,351467,351038,429
81804041,11.0553,8.46941,433,122640,0.220649,0.15,1,351477,351044,433
81806961,5.41106,4.89388,433,122640,0.20413,0.19,1,351481,351048,433
81809881,21.0822,20.1788,434,122640,0.256826,0.28,1,351506,351072,434
81812801,10.6164,8.83576,436,122640,0.283365,0.29,1,351514,351078,436
81815721,6.12329,9.76715,431,122640,0.312673,0.18,1,351519,351088,431
81818641,9.22466,9.95343,431,122640,0.270535,0.22,1,351529,351098,431
81821561,12.2449,8.39069,436,122640,0.254107,0.24,1,351542,351106,436
81824481,14.449,15.2781,434,122640,0.202821,0.23,1,351557,351123,434
81827401,9.2898,13.4556,429,122640,0.144564,0.16,1,351565,351136,429
81830321,12.258,9.89113,433,122640,0.220913,0.17,1,351578,351145,433
81833241,9.65159,8.37823,434,122640,0.196183,0.23,1,351587,351153,434
81836161,8.33032,9.67564,432,122640,0.287237,0.2,1,351595,351163,432
81839081,8.86606,11.5351,429,122640,0.313447,0.15,1,351604,351175,429
81842001,8.97321,11.107,427,122640,0.262689,0.14,1,351613,351186,427
81844921,19.3946,18.2214,429,122640,0.268538,0.14,1,351635,351206,429
81847841,7.07893,11.6443,423,122640,0.285708,0.14,1,351639,351216,423
81850761,10.2158,3.92886,432,122640,0.305142,0.07,1,351650,351218,432
81853681,8.44316,5.58577,434,122640,0.173028,0.15,1,351658,351224,434
81856601,7.28863,14.7172,424,122640,0.298606,0.14,1,351665,351241,424
81859521,19.0577,13.3434,433,122640,0.179721,0.13,1,351687,351254,433
81862441,5.41155,4.26869,433,122640,0.123944,0.24,1,351689,351256,433
81865361,13.0823,13.6537,432,122640,0.264789,0.07,1,351704,351272,432
81868281,9.01646,9.13075,432,122640,0.252958,0.22,1,351712,351280,432
81871201,3.40329,3.42615,432,122640,0.226592,0.22,1,351714,351282,432
81874001,2.28066,2.28523,432,122640,0.309318,0.24,1,351716,351284,432
81876921,2.05613,1.25705,433,122640,0.325864,0.24,1,351718,351285,433
81879841,3.61123,3.45141,433,122640,0.297173,0.23,1,351722,351289,433
81882761,3.92225,3.89028,433,122640,0.299435,0.23,1,351726,351293,433
81885681,11.9844,11.9781,433,122640,0.267887,0.15,1,351740,351307,433
81888601,7.19689,8.79561,431,122640,0.269577,0.24,1,351746,351315,431
81891521,5.43938,4.15912,433,122640,0.277915,0.14,1,351751,351318,433
81894441,17.0879,20.8318,428,122640,0.303583,0.1,1,351771,351343,428
81897361,5.01757,5.76636,428,122640,0.260717,0.14,1,351773,351345,428
81900281,11.4035,8.35327,432,122640,0.276143,0.13,1,351786,351354,432
81903201,3.8807,4.07065,431,122640,0.271229,0.24,1,351788,351357,431
81906121,3.97614,5.61413,429,122640,0.206246,0.24,1,351792,351363,429
81909041,2.39523,2.72283,429,122640,0.265249,0.25,1,351794,351365,429
81911961,22.879,19.7446,433,122640,0.25305,0.22,1,351822,351389,433
81914881,18.9758,21.5489,429,122640,0.25861,0.22,1,351840,351411,429
81917801,5.39516,5.90978,429,122640,0.251722,0.29,1,351842,351413,429
81920721,36.279,36.382,429,122640,0.130344,0.16,1,351886,351457,429
81923641,20.0558,15.2764,435,122640,0.186069,0.23,1,351902,351467,435
81926561,8.01116,11.0553,430,122640,0.213214,0.2,1,351907,351477,430
81929481,4.80223,5.41106,430,122640,0.274643,0.27,1,351911,351481,430
81932401,26.5604,21.0822,437,122640,0.302929,0.29,1,351943,351506,437
81935321,10.1121,10.6164,435,122640,0.284586,0.32,1,351949,351514,435
81938241,6.82242,6.12329,436,122640,0.272917,0.26,1,351955,351519,436
81941161,9.36448,9.22466,436,122640,0.278583,0.25,1,351965,351529,436
81944081,11.4729,12.2449,435,122640,0.303717,0.19,1,351977,351542,435
81947001,14.2946,14.449,435,122640,0.292743,0.13,1,351992,351557,435
81949921,9.25892,9.2898,435,122640,0.234549,0.24,1,352000,351565,435
81952841,9.05178,12.258,431,122640,0.19091,0.19,1,352009,351578,431
81955761,12.2104,9.65159,435,122640,0.286182,0.31,1,352022,351587,435
81958681,9.64207,8.33032,436,122640,0.289236,0.32,1,352031,351595,436
81961601,6.72841,8.86606,433,122640,0.273847,0.25,1,352037,351604,433
81964521,6.14568,8.97321,430,122640,0.294769,0.27,1,352043,351613,430
81967441,23.6291,19.3946,436,122640,0.314954,0.29,1,352071,351635,436
81970361,7.92583,7.07893,436,122640,0.318991,0.31,1,352075,351639,436
81973281,3.18517,10.2158,427,122640,0.295798,0.14,1,352077,351650,427
81976201,12.637,8.44316,434,122640,0.31516,0.33,1,352092,351658,434
81979121,8.12741,7.28863,434,122640,0.239032,0.15,1,352099,351665,434
81982041,19.2255,19.0577,434,122640,0.247806,0.11,1,352121,351687,434
81984961,7.0451,5.41155,436,122640,0.281561,0.3,1,352125,351689,436
81987881,11.009,13.0823,433,122640,0.328312,0.25,1,352137,351704,433
81990801,11.8018,9.01646,437,122640,0.297662,0.22,1,352149,351712,437
81993721,3.96036,3.40329,437,122640,0.291532,0.33,1,352151,351714,437
81996641,2.39207,2.28066,437,122640,0.266307,0.33,1,352153,351716,437
81998801,2.07841,2.05613,437,122640,0.261261,0.33,1,352155,351718,437
82001721,8.41568,10.0112,435,122640,0.332252,0.33,1,352165,351730,435
82004641,3.28314,2.00225,437,122640,0.37845,0.26,1,352167,351730,437
82007561,7.05663,8.40045,435,122640,0.35569,0.27,1,352175,351740,435
82010481,6.21133,6.48009,435,122640,0.375138,0.28,1,352181,351746,435
82013401,2.84227,5.29602,432,122640,0.339028,0.31,1,352183,351751,432
82016321,14.1685,17.0592,429,122640,0.347806,0.25,1,352200,351771,429
82019241,9.23369,5.01184,435,122640,0.285561,0.28,1,352208,351773,435
82022161,11.4467,11.4024,434,122640,0.241112,0.27,1,352220,351786,434
82025081,3.88935,3.88047,434,122640,0.296222,0.19,1,352222,351788,434
82027921,3.97787,3.97609,434,122640,0.243244,0.28,1,352226,351792,434
82030841,2.39557,2.39522,434,122640,0.240649,0.25,1,352228,351794,434
82033761,23.6791,22.879,435,122640,0.35213,0.26,1,352257,351822,435
82036681,17.5358,18.9758,433,122640,0.278426,0.25,1,352273,351840,433
82039601,5.10716,5.39516,433,122640,0.223685,0.1,1,352275,351842,433
82042521,38.6214,36.279,436,122640,0.132737,0.2,1,352322,351886,436
82045441,21.3243,20.0558,437,122640,0.194547,0.22,1,352339,351902,437
82048361,7.46486,8.01116,436,122640,0.142909,0.29,1,352343,351907,436
82050801,4.69297,4.80223,436,122640,0.228582,0.31,1,352347,351911,436
82053721,24.9386,26.5604,434,122640,0.173716,0.28,1,352377,351943,434
82056641,12.9877,10.1121,438,122640,0.186743,0.27,1,352387,351949,438
82059561,5.79754,6.82242,436,122640,0.197349,0.28,1,352391,351955,436
82062481,5.95951,9.36448,432,122640,0.19947,0.31,1,352397,351965,432
82065401,15.5919,11.4729,438,122640,0.159894,0.29,1,352415,351977,438
82068321,9.51838,14.2946,431,122640,0.159979,0.22,1,352423,351992,431
82071241,8.30368,9.25892,431,122640,0.0879958,0.18,1,352431,352000,431
82074161,13.6607,9.05178,437,122640,0.145599,0.31,1,352446,352009,437
82077081,12.3321,12.2104,436,122640,0.14912,0.29,1,352458,352022,436
82080001,10.4664,9.64207,437,122640,0.189824,0.27,1,352468,352031,437
82082921,7.69329,6.72841,438,122640,0.157965,0.3,1,352475,352037,438
82085841,6.33866,6.14568,438,122640,0.175593,0.32,1,352481,352043,438
82088761,22.8677,23.6291,437,122640,0.115119,0.32,1,352508,352071,437
82091681,7.77355,7.92583,437,122640,0.0950237,0.29,1,352512,352075,437
82094601,4.75471,3.18517,439,122640,0.115005,0.32,1,352516,352077,439
82097521,7.35094,12.637,432,122640,0.199001,0.22,1,352524,352092,432
82100441,14.2702,8.12741,441,122640,0.1918,0.25,1,352540,352099,441
82103361,14.854,19.2255,434,122640,0.22236,0.29,1,352555,352121,434
82106281,9.37081,7.0451,438,122640,0.172472,0.34,1,352563,352125,438
82109201,9.87416,11.009,436,122640,0.186494,0.29,1,352573,352137,436
82112121,13.1748,11.8018,438,122640,0.229299,0.29,1,352587,352149,438
82115041,4.23497,3.96036,438,122640,0.20586,0.26,1,352589,352151,438
82117961,2.44699,2.39207,438,122640,0.169172,0.26,1,352591,352153,438
82119861,1.2894,0.478414,439,122640,0.185834,0.26,1,352592,352153,439
82122781,8.25788,1.69568,447,122640,0.133167,0.35,1,352602,352155,447
82125701,3.25158,8.33914,439,122640,0.210633,0.39,1,352604,352165,439
82128621,5.45032,3.26783,443,122640,0.234127,0.35,1,352610,352167,443
82131301,4.29006,7.05357,439,122640,0.254825,0.38,1,352614,352175,439
82134221,3.25801,6.21071,436,122640,0.266965,0.33,1,352617,352181,436
82137141,12.6516,2.84214,449,122640,0.189393,0.35,1,352632,352183,449
82140061,8.13032,14.1684,439,122640,0.245879,0.27,1,352639,352200,439
82142981,15.2261,9.23369,448,122640,0.225176,0.23,1,352656,352208,448
82145901,4.64521,11.4467,438,122640,0.189035,0.31,1,352658,352220,438
82148821,2.52904,3.88935,438,122640,0.149807,0.23,1,352660,352222,438
82151061,4.50581,3.97787,439,122640,0.213961,0.33,1,352665,352226,439
82153981,19.3012,3.99557,458,122640,0.242792,0.38,1,352688,352230,458
82156901,20.6602,22.3991,452,122640,0.208558,0.26,1,352709,352257,452
82159821,5.73205,17.2798,438,122640,0.169712,0.21,1,352711,352273,438
82162741,34.7464,5.05596,478,122640,0.225942,0.11,1,352753,352275,478
82165661,22.1493,38.6112,450,122640,0.213188,0.21,1,352772,352322,450
82168581,6.02986,21.3222,435,122640,0.170638,0.13,1,352774,352339,435
82171501,3.60597,7.46445,434,122640,0.114128,0.25,1,352777,352343,434
82174421,25.5212,4.69289,461,122640,0.262826,0.16,1,352808,352347,461
82177341,13.1042,24.9386,441,122640,0.276565,0.19,1,352818,352377,441
82180261,6.62085,12.9877,436,122640,0.263313,0.2,1,352823,352387,436
82183181,5.32417,5.79754,437,122640,0.220663,0.2,1,352828,352391,437
82185381,11.4648,5.95951,444,122640,0.276133,0.15,1,352841,352397,444
82188301,11.093,15.5919,437,122640,0.335227,0.16,1,352852,352415,437
82191221,9.41859,9.51838,438,122640,0.251045,0.07,1,352861,352423,438
82194141,11.4837,8.30368,442,122640,0.266209,0.16,1,352873,352431,442
82197061,15.0967,13.6607,443,122640,0.237242,0.15,1,352889,352446,443
82199981,8.61935,12.3321,438,122640,0.255448,0.2,1,352896,352458,438
82202901,6.52387,10.4664,434,122640,0.29109,0.15,1,352902,352468,434
82205821,6.10477,7.69329,433,122640,0.282218,0.18,1,352908,352475,433
82208741,21.221,6.33866,452,122640,0.264444,0.1,1,352933,352481,452
82211661,7.44419,22.8677,429,122640,0.284889,0.09,1,352937,352508,429
82214581,8.68884,7.77355,434,122640,0.208978,0.12,1,352946,352512,434
82217501,9.73777,4.75471,440,122640,0.201796,0.22,1,352956,352516,440
82220421,10.7476,7.35094,443,122640,0.296359,0.19,1,352967,352524,443
82223341,15.7495,14.2702,444,122640,0.259272,0.23,1,352984,352540,444
82226261,10.3499,14.854,438,122640,0.203854,0.16,1,352993,352555,438
82229181,10.07,9.37081,440,122640,0.168771,0.19,1,353003,352563,440
82232101,9.214,9.87416,439,122640,0.273754,0.24,1,353012,352573,439
82235021,3.4428,13.1748,427,122640,0.294751,0.2,1,353014,352587,427
82237941,2.28856,4.23497,427,122640,0.29895,0.16,1,353016,352589,427
82240081,2.05771,2.44699,427,122640,0.29979,0.1,1,353018,352591,427
82243001,14.0115,7.6894,435,122640,0.203958,0.12,1,353035,352600,435
82245921,4.40231,3.13788,435,122640,0.192792,0.23,1,353037,352602,435
82248841,5.68046,2.22758,439,122640,0.286558,0.24,1,353043,352604,439
82251761,4.33609,5.24552,437,122640,0.313312,0.26,1,353047,352610,437
82254681,2.46722,4.2491,435,122640,0.318662,0.27,1,353049,352614,435
82256721,2.09344,3.24982,434,122640,0.319732,0.17,1,353051,352617,434
82259641,11.6187,12.65,433,122640,0.303946,0.26,1,353065,352632,433
82262561,8.72374,8.12999,434,122640,0.260789,0.22,1,353073,352639,434
82265481,13.7447,15.226,432,122640,0.308158,0.18,1,353088,352656,432
82268401,4.34895,4.6452,432,122640,0.317632,0.14,1,353090,352658,432
82270241,1.66979,2.52904,431,122640,0.311526,0.25,1,353091,352660,431
82273161,6.73396,8.50581,429,122640,0.222305,0.25,1,353099,352670,429
82276081,18.1468,16.1012,432,122640,0.180461,0.2,1,353120,352688,432
82279001,22.8294,20.0202,435,122640,0.276092,0.16,1,353144,352709,435
82281921,6.16587,5.60405,435,122640,0.263218,0.24,1,353146,352711,435
82284841,34.8332,34.7208,435,122640,0.244644,0.21,1,353188,352753,435
82287761,24.5666,22.1442,438,122640,0.272929,0.16,1,353210,352772,438
82290681,6.51333,6.02883,438,122640,0.238586,0.1,1,353212,352774,438
82293121,3.70267,3.60577,438,122640,0.183717,0.3,1,353215,352777,438
82296041,24.7405,25.5212,437,122640,0.276743,0.28,1,353245,352808,437
82298961,9.74811,13.1042,433,122640,0.231349,0.26,1,353251,352818,433
82301881,6.74962,6.62085,434,122640,0.19027,0.21,1,353257,352823,434
82304801,6.14992,5.32417,435,122640,0.302054,0.29,1,353263,352828,435
82307721,14.83,11.4648,439,122640,0.284411,0.35,1,353280,352841,439
82310641,7.766,11.093,434,122640,0.184882,0.23,1,353286,352852,434
82313561,9.5532,9.41859,435,122640,0.220976,0.27,1,353296,352861,435
82316481,9.11064,11.4837,432,122640,0.228195,0.23,1,353305,352873,432
82319401,14.6221,15.0967,432,122640,0.157639,0.26,1,353321,352889,432
82322321,11.7244,8.61935,436,122640,0.183528,0.3,1,353332,352896,436
82325241,5.54489,6.52387,434,122640,0.220706,0.28,1,353336,352902,434
82328161,7.50898,6.10477,436,122640,0.244141,0.26,1,353344,352908,436
82331081,19.1018,21.221,433,122640,0.272828,0.29,1,353366,352933,433
82334001,11.8204,7.44419,439,122640,0.206566,0.19,1,353376,352937,439
82336921,3.96407,8.68884,432,122640,0.185313,0.2,1,353378,352946,432
82339841,11.1928,9.73777,435,122640,0.253063,0.32,1,353391,352956,435
82342761,13.4386,10.7476,438,122640,0.250613,0.25,1,353405,352967,438
82345681,10.6877,15.7495,431,122640,0.242123,0.19,1,353415,352984,431
82348601,8.53754,10.3499,430,122640,0.288424,0.16,1,353423,352993,430
82351521,13.7075,10.07,435,122640,0.265685,0.3,1,353438,353003,435
82354441,9.9415,9.214,435,122640,0.181137,0.3,1,353447,353012,435
82357361,3.5883,3.4428,435,122640,0.164227,0.3,1,353449,353014,435
82359681,3.91766,2.28856,437,122640,0.288845,0.31,1,353453,353016,437
82362601,2.38353,3.65771,435,122640,0.281769,0.18,1,353455,353020,435
82365521,14.0767,12.7315,437,122640,0.256354,0.19,1,353472,353035,437
82368441,4.41534,4.14631,437,122640,0.219271,0.31,1,353474,353037,437
82371361,5.68307,5.62926,437,122640,0.163854,0.32,1,353480,353043,437
82374281,4.33661,4.32585,437,122640,0.240771,0.32,1,353484,353047,437
82376321,2.46732,2.46517,437,122640,0.288154,0.36,1,353486,353049,437
82379241,3.69346,3.69303,437,122640,0.265631,0.3,1,353490,353053,437
82382161,7.13869,10.3386,433,122640,0.293126,0.25,1,353498,353065,433
82385081,9.42774,8.46772,435,122640,0.274625,0.32,1,353508,353073,435
82388001,9.88555,13.6935,430,122640,0.198925,0.32,1,353518,353088,430
82390921,3.57711,4.33871,430,122640,0.215785,0.31,1,353520,353090,430
82393841,9.51542,1.66774,440,122640,0.259157,0.2,1,353531,353091,440
82396761,20.3031,6.73355,455,122640,0.203831,0.17,1,353554,353099,455
82399681,23.2606,18.1467,458,122640,0.272766,0.3,1,353578,353120,458
82402601,6.25212,22.8293,436,122640,0.246553,0.26,1,353580,353144,436
82405521,35.6504,6.16587,477,122640,0.217311,0.24,1,353623,353146,477
82408441,23.1301,34.8332,455,122640,0.195462,0.28,1,353643,353188,455
82411361,6.22602,24.5666,435,122640,0.199092,0.23,1,353645,353210,435
82414281,2.8452,6.51333,435,122640,0.159818,0.17,1,353647,353212,435
82417201,21.369,3.70267,458,122640,0.223964,0.3,1,353673,353215,458
82420121,15.4738,24.7405,442,122640,0.236793,0.22,1,353687,353245,442
82423041,6.29476,9.74811,440,122640,0.199359,0.18,1,353691,353251,440
82425961,4.45895,6.74962,438,122640,0.151872,0.33,1,353695,353257,438
82428881,16.8918,6.14992,452,122640,0.126374,0.28,1,353715,353263,452
82431801,5.77836,14.83,438,122640,0.201275,0.16,1,353718,353280,438
82434721,9.15567,7.766,442,122640,0.248255,0.23,1,353728,353286,442
82437641,7.43113,9.5532,439,122640,0.225651,0.23,1,353735,353296,439
82440561,14.2862,9.11064,446,122640,0.22913,0.14,1,353751,353305,446
82443481,14.8572,14.6221,445,122640,0.133826,0.19,1,353766,353321,445
82446401,6.97145,11.7244,439,122640,0.0507652,0.23,1,353771,353332,439
82449321,8.59429,5.54489,444,122640,0.186153,0.25,1,353780,353336,444
82452241,14.5189,7.50898,452,122640,0.237231,0.28,1,353796,353344,452
82455161,11.7038,19.1018,441,122640,0.247446,0.19,1,353807,353366,441
82458081,7.14075,11.8204,437,122640,0.177489,0.18,1,353813,353376,437
82461001,11.0282,3.96407,447,122640,0.187498,0.27,1,353825,353378,447
82463921,12.6056,11.1928,447,122640,0.2135,0.25,1,353838,353391,447
82466841,12.1211,13.4386,445,122640,0.2427,0.24,1,353850,353405,445
82469761,4.02423,10.6877,437,122640,0.24854,0.3,1,353852,353415,437
82472681,12.0048,8.53754,443,122640,0.249708,0.26,1,353866,353423,443
82475601,12.801,13.7075,441,122640,0.225942,0.16,1,353879,353438,441
82478521,4.96019,9.9415,435,122640,0.213188,0.16,1,353882,353447,435
82481441,3.39204,3.5883,436,122640,0.170638,0.28,1,353885,353449,436
82483861,6.27841,5.51766,437,122640,0.234128,0.25,1,353892,353455,437
82486781,13.2557,14.7035,435,122640,0.230825,0.21,1,353907,353472,435
82489701,4.25114,4.54071,435,122640,0.206165,0.15,1,353909,353474,435
82492621,5.65023,5.70814,435,122640,0.145233,0.26,1,353915,353480,435
82495541,4.33005,4.34163,435,122640,0.0930466,0.3,1,353919,353484,435
82498461,2.46601,2.46833,435,122640,0.234609,0.26,1,353921,353486,435
82501381,3.6932,3.69367,435,122640,0.246922,0.3,1,353925,353490,435
82504301,7.13864,7.13873,435,122640,0.249384,0.27,1,353933,353498,435
82507221,6.22773,9.42775,431,122640,0.257877,0.18,1,353939,353508,431
82510141,9.24555,9.88555,431,122640,0.227575,0.22,1,353949,353518,431
82513061,6.64911,3.57711,435,122640,0.189515,0.27,1,353955,353520,435
82515981,4.52982,9.51542,428,122640,0.141903,0.19,1,353959,353531,428
82518901,25.706,20.3031,436,122640,0.196381,0.29,1,353990,353554,436
82521821,17.9412,23.2606,428,122640,0.207276,0.24,1,354006,353578,428
82524741,10.7882,6.25212,435,122640,0.137455,0.21,1,354015,353580,435
82527661,35.7576,35.6504,434,122640,0.083491,0.19,1,354057,353623,434
82530581,15.1515,23.1301,424,122640,0.0886982,0.2,1,354067,353643,424
82533501,6.23031,6.22602,426,122640,0.10574,0.15,1,354071,353645,426
82536421,8.44606,2.8452,433,122640,0.101148,0.15,1,354080,353647,433
82537941,22.4892,0.569041,459,122640,0.15623,0.24,1,354106,353647,459
82540861,10.8978,20.9138,441,122640,0.183246,0.24,1,354114,353673,441
82543781,5.37957,15.3828,431,122640,0.140649,0.19,1,354118,353687,431
82546701,9.07591,6.27655,437,122640,0.19613,0.14,1,354128,353691,437
82549381,12.2152,4.45531,446,122640,0.143226,0.12,1,354141,353695,446
82552301,11.243,16.8911,437,122640,0.212645,0.22,1,354152,353715,437
82555221,7.84861,5.77821,441,122640,0.178529,0.26,1,354159,353718,441
82558141,3.96972,9.15564,434,122640,0.155706,0.22,1,354162,353728,434
82561061,15.9939,7.43113,446,122640,0.159141,0.23,1,354181,353735,446
82563981,15.9988,14.2862,446,122640,0.0798282,0.11,1,354197,353751,446
82566901,6.39976,14.8572,435,122640,0.0799657,0.03,1,354201,353766,435
82569821,11.68,6.97145,443,122640,0.207993,0.22,1,354214,353771,443
82572741,13.536,8.59429,448,122640,0.193599,0.25,1,354228,353780,448
82575661,5.9072,14.5189,436,122640,0.19072,0.25,1,354232,353796,436
82578581,9.98144,11.7038,436,122640,0.230144,0.16,1,354243,353807,436
82581501,13.1963,7.14075,444,122640,0.166029,0.19,1,354257,353813,444
82584421,10.6393,11.0282,442,122640,0.0972058,0.22,1,354267,353825,442
82587341,14.9279,12.6056,445,122640,0.139441,0.25,1,354283,353838,445
82590261,4.58557,12.1211,435,122640,0.195888,0.25,1,354285,353850,435
82593181,10.5171,4.02423,445,122640,0.175178,0.25,1,354297,353852,445
82596101,8.50342,12.0048,439,122640,0.195036,0.22,1,354305,353866,439
82599021,8.90068,12.801,435,122640,0.231007,0.21,1,354314,353879,435
82601941,3.38014,4.96019,434,122640,0.238201,0.16,1,354316,353882,434
82604501,6.27603,3.39204,438,122640,0.23964,0.25,1,354323,353885,438
82607421,8.45521,6.27841,440,122640,0.215928,0.23,1,354332,353892,440
82610341,4.09104,13.2557,428,122640,0.195186,0.2,1,354335,353907,428
82613261,10.4182,4.25114,438,122640,0.199037,0.13,1,354347,353909,438
82615941,5.28364,5.65023,436,122640,0.191807,0.08,1,354351,353915,436
82618861,2.65673,4.33005,434,122640,0.158361,0.27,1,354353,353919,434
82621781,3.73135,2.46601,436,122640,0.151672,0.25,1,354357,353921,436
82624701,7.14627,3.6932,440,122640,0.254334,0.25,1,354365,353925,440
82627621,5.42925,7.13864,437,122640,0.266867,0.26,1,354370,353933,437
82630541,5.88585,6.22773,437,122640,0.309373,0.22,1,354376,353939,437
82633461,5.97717,9.24555,433,122640,0.301875,0.18,1,354382,353949,433
82636381,7.59543,6.64911,435,122640,0.260375,0.13,1,354390,353955,435
82638821,23.1191,4.52982,458,122640,0.212075,0.21,1,354417,353959,458
82641741,19.8238,25.706,446,122640,0.226415,0.21,1,354436,353990,446
82644661,5.56476,17.9412,432,122640,0.285283,0.12,1,354438,354006,432
82647581,36.313,10.7882,467,122640,0.281057,0.07,1,354482,354015,467
82650501,16.8626,35.7576,437,122640,0.184211,0.09,1,354494,354057,437
82653421,8.17252,15.1515,433,122640,0.220842,0.11,1,354500,354067,433
82656341,3.2345,6.23031,431,122640,0.260168,0.1,1,354502,354071,431
82659261,27.0469,8.44606,455,122640,0.292034,0.19,1,354535,354080,455
82662181,15.0094,28.8892,433,122640,0.266407,0.13,1,354547,354114,433
82665101,6.20188,8.97784,433,122640,0.253281,0.21,1,354551,354118,433
82668021,4.44038,9.79557,427,122640,0.274656,0.13,1,354555,354128,427
82670941,12.8881,12.3591,429,122640,0.270931,0.23,1,354570,354141,429
82673861,12.1776,11.2718,430,122640,0.286186,0.17,1,354582,354152,430
82676781,8.83552,7.85436,431,122640,0.289237,0.15,1,354590,354159,431
82679701,4.9671,3.97087,432,122640,0.337847,0.16,1,354594,354162,432
82682621,8.19342,15.9942,422,122640,0.291569,0.06,1,354603,354181,422
82685541,20.0387,15.9988,429,122640,0.258314,0.08,1,354626,354197,429
82688461,8.80774,6.39977,431,122640,0.307663,0.24,1,354632,354201,431
82691381,12.1615,11.68,431,122640,0.301533,0.19,1,354645,354214,431
82694301,16.0323,13.536,434,122640,0.284306,0.19,1,354662,354228,434
82697221,4.80646,5.9072,432,122640,0.304861,0.24,1,354664,354232,432
82700141,6.56129,9.98144,428,122640,0.356972,0.15,1,354671,354243,428
82703061,10.9123,13.1963,426,122640,0.311394,0.08,1,354683,354257,426
82705981,14.1825,10.6393,431,122640,0.334279,0.15,1,354698,354267,431
82708901,15.6365,14.9279,431,122640,0.322856,0.21,1,354714,354283,431
82711821,4.7273,4.58557,431,122640,0.376571,0.17,1,354716,354285,431
82714741,11.3455,10.5171,432,122640,0.363314,0.2,1,354729,354297,432
82717661,8.66909,8.50342,432,122640,0.392663,0.24,1,354737,354305,432
82720581,9.73382,8.90068,433,122640,0.374533,0.24,1,354747,354314,433
82723501,5.14676,3.38014,435,122640,0.338907,0.24,1,354751,354316,435
82726421,4.22935,6.27603,432,122640,0.267781,0.21,1,354755,354323,432
82729341,8.84587,8.45521,433,122640,0.341556,0.19,1,354765,354332,433
82732261,3.36917,4.09104,432,122640,0.396311,0.2,1,354767,354335,432
82735181,8.67383,10.4182,430,122640,0.375262,0.19,1,354777,354347,430
82738101,6.53477,5.28364,432,122640,0.339052,0.15,1,354783,354351,432
82741021,6.10695,2.65673,436,122640,0.34781,0.15,1,354789,354353,436
82742821,3.62139,0.531346,439,122640,0.333562,0.15,1,354792,354353,439
82745741,7.12428,3.30627,443,122640,0.354712,0.28,1,354800,354357,443
82748661,5.42486,7.06125,440,122640,0.350942,0.27,1,354805,354365,440
82751581,5.88497,5.41225,441,122640,0.366188,0.32,1,354811,354370,441
82754501,2.77699,5.88245,437,122640,0.361238,0.3,1,354813,354376,437
82757421,7.7554,5.97649,440,122640,0.376248,0.25,1,354822,354382,440
82760341,27.1511,7.5953,464,122640,0.251249,0.23,1,354854,354390,464
82763261,18.2302,38.3191,434,122640,0.34625,0.3,1,354870,354436,434
82766181,7.64604,9.26381,437,122640,0.32525,0.28,1,354875,354438,437
82769101,31.1292,37.0528,430,122640,0.24105,0.16,1,354912,354482,430
82772021,19.0258,17.0106,434,122640,0.28021,0.23,1,354928,354494,434
82774941,8.60517,8.20211,434,122640,0.280042,0.27,1,354934,354500,434
82777761,3.32103,3.24042,434,122640,0.240008,0.3,1,354936,354502,434
82780681,24.6642,27.0481,431,122640,0.256002,0.26,1,354966,354535,431
82783601,17.7328,15.0096,435,122640,0.2592,0.25,1,354982,354547,435
82786521,6.74657,6.20192,435,122640,0.29184,0.28,1,354986,354551,435
82789441,6.14931,4.44038,437,122640,0.258368,0.28,1,354992,354555,437
82791701,12.4299,0.888077,451,122640,0.307674,0.27,1,355006,354555,451
82794621,12.886,12.1776,449,122640,0.213535,0.29,1,355019,354570,449
82797541,6.57719,12.0355,442,122640,0.234707,0.29,1,355024,354582,442
82800461,5.31544,8.8071,439,122640,0.310941,0.35,1,355029,354590,439
82803381,10.6631,4.96142,447,122640,0.334188,0.28,1,355041,354594,447
82806301,17.3326,8.19228,457,122640,0.314838,0.25,1,355060,354603,457
82809221,11.4665,20.0385,444,122640,0.238968,0.32,1,355070,354626,444
82812141,11.8933,8.80769,450,122640,0.207794,0.3,1,355082,354632,450
82815061,17.5787,12.1615,456,122640,0.289559,0.28,1,355101,354645,456
82817981,5.11573,16.0323,441,122640,0.305912,0.31,1,355103,354662,441
82820901,4.22315,4.80646,443,122640,0.333182,0.37,1,355107,354664,443
82823821,10.4446,6.56129,448,122640,0.354636,0.3,1,355119,354671,448
82826741,15.6889,10.9123,453,122640,0.310927,0.34,1,355136,354683,453
82829661,16.7378,14.1825,455,122640,0.318185,0.32,1,355153,354698,455
82832581,4.94756,15.6365,441,122640,0.295637,0.39,1,355155,354714,441
82835501,12.1895,4.7273,453,122640,0.363127,0.36,1,355169,354716,453
82838421,8.8379,11.3455,448,122640,0.280625,0.4,1,355177,354729,448
82841341,3.36758,8.66909,442,122640,0.272125,0.37,1,355179,354737,442
82844261,3.87352,9.73382,436,122640,0.278425,0.33,1,355183,354747,436
82847181,9.5747,5.14676,443,122640,0.319685,0.25,1,355194,354751,443
82850101,9.91494,4.22935,449,122640,0.239937,0.36,1,355204,354755,449
82853021,3.58299,8.84587,441,122640,0.231987,0.41,1,355206,354765,441
82855941,5.5166,3.36917,445,122640,0.326397,0.37,1,355212,354767,445
82858861,7.50332,8.67383,443,122640,0.37728,0.33,1,355220,354777,443
82861781,3.90066,6.53477,440,122640,0.395456,0.35,1,355223,354783,440
82864701,7.98013,6.10695,443,122640,0.327091,0.36,1,355232,354789,443
82867621,7.99603,10.0214,440,122640,0.337418,0.35,1,355240,354800,440
82870541,5.59921,6.00428,440,122640,0.371484,0.37,1,355245,354805,440
82873461,5.91984,6.00086,440,122640,0.402297,0.36,1,355251,354811,440
82876381,2.78397,2.80017,440,122640,0.376459,0.38,1,355253,354813,440
82879301,3.75679,7.76003,435,122640,0.411292,0.38,1,355257,354822,435
82881141,30.3514,1.55201,472,122640,0.322258,0.22,1,355294,354822,472
82884061,15.6703,25.9104,452,122640,0.288452,0.37,1,355306,354854,452
82886981,7.13405,17.9821,441,122640,0.40169,0.32,1,355311,354870,441
82889901,29.4268,7.59642,471,122640,0.304338,0.22,1,355346,354875,471
82892821,19.4854,31.1193,451,122640,0.364868,0.29,1,355363,354912,451
82895741,11.8971,19.0239,445,122640,0.296974,0.28,1,355373,354928,445
82898661,3.97941,8.60477,441,122640,0.283395,0.23,1,355375,354934,441
82900901,22.3959,3.32095,466,122640,0.376679,0.26,1,355402,354936,466
82903821,15.6792,24.6642,450,122640,0.411336,0.26,1,355416,354966,450
82906741,9.53584,17.7328,442,122640,0.346267,0.3,1,355424,354982,442
82909661,6.70717,6.74657,444,122640,0.325253,0.25,1,355430,354986,444
82912581,7.74143,6.14931,446,122640,0.385051,0.32,1,355438,354992,446
82915501,15.9483,12.4299,450,122640,0.30101,0.19,1,355456,355006,450
82918421,6.38966,12.886,441,122640,0.372202,0.24,1,355460,355019,441
82921341,4.47793,6.57719,440,122640,0.33044,0.33,1,355464,355024,440
82924261,12.8956,5.31544,450,122640,0.346088,0.34,1,355479,355029,450
82927181,13.7791,10.6631,452,122640,0.341218,0.31,1,355493,355041,452
82930101,9.15582,17.3326,441,122640,0.268244,0.22,1,355501,355060,441
82933021,15.4312,11.4665,448,122640,0.293649,0.2,1,355518,355070,448
82935941,20.6862,11.8933,458,122640,0.28273,0.31,1,355540,355082,458
82938861,6.53725,17.5787,442,122640,0.296546,0.31,1,355543,355101,442
82941781,4.50745,5.11573,444,122640,0.275309,0.34,1,355547,355103,444
82944701,5.70149,4.22315,446,122640,0.287062,0.36,1,355553,355107,446
82947621,17.1403,10.4446,454,122640,0.241412,0.3,1,355573,355119,454
82950541,18.6281,15.6889,456,122640,0.160282,0.32,1,355592,355136,456
82953461,5.32561,16.7378,441,122640,0.112056,0.29,1,355594,355153,441
82956381,9.06512,4.94756,449,122640,0.270411,0.38,1,355604,355155,449
82959301,11.413,12.1895,447,122640,0.326082,0.26,1,355616,355169,447
82962221,3.8826,8.8379,441,122640,0.329216,0.27,1,355618,355177,441
82964341,2.37652,3.36758,441,122640,0.321843,0.28,1,355620,355179,441
82967261,6.0753,3.87352,444,122640,0.240369,0.33,1,355627,355183,444
82970181,13.2151,9.5747,448,122640,0.232074,0.22,1,355642,355194,448
82973101,4.24301,9.91494,440,122640,0.198415,0.23,1,355644,355204,440
82976021,7.2486,3.58299,446,122640,0.167683,0.35,1,355652,355206,446
82978901,6.24972,5.5166,446,122640,0.289537,0.39,1,355658,355212,446
82981821,2.84994,7.50332,440,122640,0.281907,0.4,1,355660,355220,440
82984741,10.17,3.90066,449,122640,0.280381,0.31,1,355672,355223,449
82986801,3.634,7.98013,442,122640,0.248076,0.34,1,355674,355232,442
82989721,7.1268,7.99603,442,122640,0.161615,0.38,1,355682,355240,442
82992641,3.02536,5.59921,439,122640,0.184323,0.41,1,355684,355245,439
82995561,7.00507,5.91984,441,122640,0.276865,0.37,1,355692,355251,441
82998481,3.00101,2.78397,441,122640,0.287373,0.42,1,355694,355253,441
83001361,3.8002,3.75679,441,122640,0.297475,0.3,1,355698,355257,441
83004281,40.76,30.3514,454,122640,0.203495,0.28,1,355748,355294,454
83007201,10.552,15.6703,445,122640,0.168699,0.43,1,355751,355306,445
83010121,27.7104,7.13405,472,122640,0.19374,0.28,1,355783,355311,472
83013041,17.5421,29.4268,452,122640,0.070748,0.38,1,355798,355346,452
83015961,14.7084,19.4854,449,122640,0.14215,0.28,1,355812,355363,449
83018881,4.54168,11.8971,441,122640,0.18843,0.28,1,355814,355373,441
83021801,20.9083,3.97941,464,122640,0.149686,0.4,1,355839,355375,464
83024721,15.3817,22.3959,451,122640,0.181937,0.42,1,355853,355402,451
83027641,7.87633,15.6792,443,122640,0.164387,0.33,1,355859,355416,443
83030561,9.57527,9.53584,445,122640,0.184877,0.32,1,355869,355424,445
83033481,9.11505,6.70717,448,122640,0.140976,0.4,1,355878,355430,448
83036401,11.423,7.74143,452,122640,0.196195,0.28,1,355890,355438,452
83039321,5.4846,15.9483,438,122640,0.151239,0.39,1,355894,355456,438
83042241,8.29692,6.38966,443,122640,0.246248,0.32,1,355903,355460,443
83044421,12.8594,4.47793,453,122640,0.28925,0.35,1,355917,355464,453
83047341,14.5719,12.8956,453,122640,0.22585,0.34,1,355932,355479,453
83050261,4.51438,13.7791,441,122640,0.21317,0.25,1,355934,355493,441
83053181,12.1029,9.15582,447,122640,0.274634,0.3,1,355948,355501,447
83056101,25.6206,15.4312,459,122640,0.222927,0.28,1,355977,355518,459
83059021,6.72411,20.6862,439,122640,0.204585,0.3,1,355979,355540,439
83061941,6.14482,6.53725,442,122640,0.224917,0.27,1,355985,355543,442
83063761,2.02896,4.50745,439,122640,0.212983,0.29,1,355986,355547,439
83066681,5.20579,5.70149,439,122640,0.242597,0.23,1,355992,355553,439
83069601,13.0412,17.1403,434,122640,0.296519,0.14,1,356007,355573,434
83072521,17.8082,18.6281,434,122640,0.283304,0.1,1,356026,355592,434
83075441,6.76165,5.32561,436,122640,0.216661,0.31,1,356030,355594,436
83078361,10.9523,9.06512,438,122640,0.283332,0.34,1,356042,355604,438
83081281,6.99047,11.413,432,122640,0.320666,0.33,1,356048,355616,432
83084201,2.99809,3.8826,432,122640,0.328133,0.32,1,356050,355618,432
83086641,2.99962,2.37652,433,122640,0.313627,0.22,1,356053,355620,433
83089561,7.79992,6.0753,435,122640,0.310725,0.23,1,356062,355627,435
83092481,9.55998,13.2151,430,122640,0.206145,0.19,1,356072,355642,430
83095401,9.112,4.24301,437,122640,0.265229,0.16,1,356081,355644,437
83098081,8.2224,7.2486,437,122640,0.205046,0.32,1,356089,355652,437
83101001,6.44448,6.24972,437,122640,0.289009,0.28,1,356095,355658,437
83103921,2.8889,2.84994,437,122640,0.281802,0.28,1,356097,355660,437
83106841,3.77778,10.17,429,122640,0.28836,0.24,1,356101,355672,429
83109761,13.5556,3.634,443,122640,0.257672,0.14,1,356117,355674,443
83112681,4.31111,7.1268,437,122640,0.227534,0.19,1,356119,355682,437
83115601,6.46222,3.02536,442,122640,0.165507,0.3,1,356126,355684,442
83117841,2.89244,7.00507,436,122640,0.225101,0.3,1,356128,355692,436
83120761,3.77849,6.20101,434,122640,0.30902,0.3,1,356132,355698,434
83123681,2.3557,1.2402,436,122640,0.317804,0.18,1,356134,355698,436
83126601,38.8711,40.248,434,122640,0.287561,0.16,1,356182,355748,434
83129521,10.1742,10.4496,434,122640,0.265512,0.2,1,356185,355751,434
83132441,19.6348,27.6899,424,122640,0.309102,0.04,1,356207,355783,424
83135361,19.127,17.538,428,122640,0.293821,0.16,1,356226,355798,428
83138281,16.6254,14.7076,430,122640,0.258764,0.2,1,356242,355812,430
83141201,4.92508,4.54152,430,122640,0.243753,0.14,1,356244,355814,430
83144121,24.185,20.9083,434,122640,0.208751,0.19,1,356273,355839,434
83147041,13.637,15.3817,431,122640,0.28175,0.16,1,356284,355853,431
83149961,8.3274,7.87633,432,122640,0.28835,0.19,1,356291,355859,432
83152881,6.46548,9.57527,428,122640,0.24967,0.13,1,356297,355869,428
83155801,13.2931,9.11505,434,122640,0.249934,0.21,1,356312,355878,434
83158721,8.25862,11.423,429,122640,0.225987,0.14,1,356319,355890,429
83161641,10.4517,5.4846,436,122640,0.285197,0.27,1,356330,355894,436
83164561,3.69034,8.29692,429,122640,0.265039,0.3,1,356332,355903,429
83167481,23.1381,12.8594,443,122640,0.269008,0.21,1,356360,355917,443
83170401,11.8276,14.5719,437,122640,0.245802,0.21,1,356369,355932,437
83173321,13.5655,4.51438,449,122640,0.31316,0.29,1,356383,355934,449
83176241,24.3131,12.1029,462,122640,0.334632,0.21,1,356410,355948,462
83179161,8.06262,25.6206,437,122640,0.306926,0.2,1,356414,355977,437
83182081,4.81252,6.72411,439,122640,0.285385,0.23,1,356418,355979,439
83184821,3.3625,6.14482,436,122640,0.313077,0.27,1,356421,355985,436
83187741,6.2725,3.62896,440,122640,0.318615,0.25,1,356428,355988,440
83190661,12.4545,3.92579,450,122640,0.319723,0.31,1,356442,355992,450
83193581,12.0909,12.7852,447,122640,0.231945,0.28,1,356454,356007,447
83196501,11.2182,17.757,439,122640,0.350389,0.2,1,356465,356026,439
83199421,11.8436,6.75141,447,122640,0.342078,0.3,1,356477,356030,447
83202341,8.76873,10.9503,443,122640,0.316416,0.33,1,356485,356042,443
83205261,3.35375,6.99006,439,122640,0.359283,0.33,1,356487,356048,439
83208181,2.27075,2.99801,439,122640,0.367857,0.31,1,356489,356050,439
83211101,5.25415,10.1996,433,122640,0.345571,0.18,1,356495,356062,433
83214021,12.2508,10.0399,437,122640,0.245114,0.28,1,356509,356072,437
83216941,5.65017,9.20798,432,122640,0.297023,0.19,1,356513,356081,432
83219861,9.93003,8.2416,435,122640,0.307405,0.31,1,356524,356089,435
83222781,6.78601,6.44832,435,122640,0.301481,0.28,1,356530,356095,435
83225701,2.9572,2.88966,435,122640,0.300296,0.29,1,356532,356097,435
83228621,5.39144,3.77793,437,122640,0.340059,0.25,1,356538,356101,437
83231541,10.6783,13.5556,433,122640,0.332012,0.22,1,356550,356117,433
83234461,3.73566,4.31112,433,122640,0.330402,0.15,1,356552,356119,433
83237381,9.54713,6.46222,437,122640,0.35408,0.24,1,356563,356126,437
83240301,3.50943,2.89244,437,122640,0.326816,0.33,1,356565,356128,437
83243221,3.90189,3.77849,437,122640,0.305363,0.32,1,356569,356132,437
83246141,2.38038,2.3557,437,122640,0.285073,0.28,1,356571,356134,437
83249061,35.6761,38.8711,433,122640,0.257015,0.26,1,356615,356182,433
83251981,10.3352,10.1742,434,122640,0.347403,0.32,1,356619,356185,434
83254901,16.467,19.6348,430,122640,0.309481,0.29,1,356637,356207,430
83257821,18.4934,19.127,430,122640,0.261896,0.25,1,356656,356226,430
83260741,18.8987,16.6254,433,122640,0.364379,0.24,1,356675,356242,433
83263661,5.37974,4.92508,433,122640,0.352876,0.2,1,356677,356244,433
83266581,25.8759,24.185,435,122640,0.334575,0.3,1,356708,356273,435
83269501,12.3752,13.637,433,122640,0.266915,0.29,1,356717,356284,433
83272421,5.67504,8.3274,430,122640,0.381383,0.24,1,356721,356291,430
83275341,10.735,6.46548,436,122640,0.372277,0.25,1,356733,356297,436
83278261,11.747,13.2931,433,122640,0.322455,0.22,1,356745,356312,433
83281181,10.3494,8.25862,436,122640,0.336491,0.3,1,356755,356319,436
83284101,11.6699,10.4517,437,122640,0.307298,0.26,1,356767,356330,437
83287021,3.93398,3.69034,437,122640,0.32546,0.27,1,356769,356332,437
83289941,25.5868,23.1381,440,122640,0.329092,0.24,1,356800,356360,440
83292861,11.5174,11.8276,439,122640,0.265818,0.33,1,356808,356369,439
83295781,10.3035,13.5655,435,122640,0.237164,0.34,1,356818,356383,435
83298701,26.0607,24.3131,438,122640,0.223433,0.3,1,356848,356410,438
83301621,8.41214,8.06262,438,122640,0.244687,0.28,1,356852,356414,438
83304541,6.48243,4.81252,440,122640,0.232937,0.32,1,356858,356418,440
83307121,4.49649,3.3625,441,122640,0.294587,0.32,1,356862,356421,441
83310041,4.0993,6.2725,438,122640,0.298917,0.32,1,356866,356428,438
83312961,8.01986,12.4545,433,122640,0.307784,0.21,1,356875,356442,433
83315881,16.004,12.0909,439,122640,0.301557,0.38,1,356893,356454,439
83318801,12.8008,11.2182,440,122640,0.332311,0.34,1,356905,356465,440
83321721,12.9602,11.8436,441,122640,0.338462,0.31,1,356918,356477,441
83324641,7.39203,8.76873,439,122640,0.323692,0.37,1,356924,356485,439
83327561,3.07841,3.35375,439,122640,0.288738,0.37,1,356926,356487,439
83330001,2.21568,2.27075,439,122640,0.281748,0.35,1,356928,356489,439
83332921,7.64314,9.25415,437,122640,0.37635,0.22,1,356937,356500,437
83335841,9.52863,9.05083,438,122640,0.33127,0.31,1,356947,356509,438
83338761,3.50573,5.01017,436,122640,0.322254,0.31,1,356949,356513,436
83341681,10.3011,9.80203,437,122640,0.368451,0.3,1,356961,356524,437
83344601,8.46023,6.76041,439,122640,0.30569,0.3,1,356969,356530,439
83347521,4.89205,2.95208,441,122640,0.349138,0.35,1,356973,356532,441
83350441,4.17841,5.39042,439,122640,0.317828,0.35,1,356977,356538,439
83352261,8.83568,1.07808,449,122640,0.343566,0.33,1,356987,356538,449
83355181,3.36714,9.81562,439,122640,0.348713,0.33,1,356989,356550,439
83358101,7.87343,3.56312,446,122640,0.373743,0.36,1,356998,356552,446
83361021,6.37469,9.51262,441,122640,0.322749,0.32,1,357004,356563,441
83363941,4.47494,3.50252,443,122640,0.32855,0.3,1,357008,356565,443
83366861,2.49499,3.9005,441,122640,0.32971,0.28,1,357010,356569,441
83369781,35.699,2.3801,483,122640,0.321942,0.25,1,357054,356571,483
83372701,9.5398,35.676,442,122640,0.312388,0.37,1,357057,356615,442
83375621,18.708,10.3352,459,122640,0.326478,0.3,1,357078,356619,459
83378541,15.7416,16.467,456,122640,0.329296,0.25,1,357093,356637,456
83381461,18.3483,18.4934,456,122640,0.281859,0.39,1,357112,356656,456
83384381,6.86966,18.8987,441,122640,0.336372,0.35,1,357116,356675,441
83387301,21.3739,5.37974,464,122640,0.307274,0.33,1,357141,356677,464
83390221,16.2748,25.8759,448,122640,0.285455,0.25,1,357156,356708,448
83393141,6.45496,12.3752,443,122640,0.305091,0.41,1,357160,356717,443
83396061,9.29099,5.67504,449,122640,0.365018,0.37,1,357170,356721,449
83398981,13.0582,10.735,451,122640,0.377004,0.31,1,357184,356733,451
83401901,9.01164,11.747,447,122640,0.379401,0.34,1,357192,356745,447
83404821,11.4023,10.3494,449,122640,0.36388,0.3,1,357204,356755,449
83407741,3.88047,11.6699,439,122640,0.336776,0.33,1,357206,356767,439
83410661,20.7761,3.93398,462,122640,0.307355,0.33,1,357231,356769,462
83413581,12.1552,25.5868,441,122640,0.365471,0.25,1,357241,356800,441
83416501,13.631,11.5174,447,122640,0.401094,0.23,1,357255,356808,447
83419421,23.5262,10.3035,463,122640,0.384219,0.22,1,357281,356818,463
83422341,11.9052,26.0607,442,122640,0.372844,0.25,1,357290,356848,442
83425261,6.38105,8.41214,443,122640,0.354569,0.23,1,357295,356852,443
83428181,4.47621,6.48243,441,122640,0.302914,0.31,1,357299,356858,441
83431101,4.09524,4.49649,441,122640,0.268583,0.3,1,357303,356862,441
83433381,8.01905,4.0993,446,122640,0.333717,0.31,1,357312,356866,446
83436301,16.8038,8.01986,456,122640,0.346743,0.3,1,357331,356875,456
83439221,11.3608,16.004,448,122640,0.309349,0.34,1,357341,356893,448
83442141,11.8722,12.8008,448,122640,0.36587,0.34,1,357353,356905,448
83445061,10.3744,12.9602,445,122640,0.361174,0.32,1,357363,356918,445
83447981,3.67489,7.39203,441,122640,0.360235,0.28,1,357365,356924,441
83449601,1.53498,3.07841,440,122640,0.344047,0.39,1,357366,356926,440
83452521,3.507,4.61568,439,122640,0.308809,0.4,1,357370,356931,439
83455441,3.9014,5.72314,437,122640,0.381762,0.32,1,357374,356937,437
83458361,8.78028,9.14463,437,122640,0.324352,0.32,1,357384,356947,437
83461281,6.55606,3.42893,441,122640,0.32087,0.38,1,357390,356949,441
83464201,10.9112,10.2858,441,122640,0.352174,0.29,1,357402,356961,441
83467121,6.98224,8.45716,439,122640,0.382435,0.36,1,357408,356969,439
83470041,4.59645,4.89143,439,122640,0.324487,0.31,1,357412,356973,439
83472961,5.71929,4.17829,441,122640,0.328897,0.35,1,357418,356977,441
83475881,9.14386,8.83566,441,122640,0.281779,0.35,1,357428,356987,441
83478801,7.42877,3.36713,446,122640,0.352356,0.38,1,357435,356989,446
83481721,4.68575,7.87343,441,122640,0.342471,0.31,1,357439,356998,441
83484641,4.93715,6.37469,440,122640,0.372494,0.33,1,357444,357004,440
83487561,4.98743,4.47494,441,122640,0.330499,0.33,1,357449,357008,441
83489121,1.79749,2.49499,440,122640,0.3461,0.32,1,357450,357010,440
83492041,33.1595,35.699,437,122640,0.31722,0.31,1,357491,357054,437
83494961,9.8319,9.5398,438,122640,0.311444,0.33,1,357495,357057,438
83497881,21.1664,18.708,441,122640,0.366289,0.33,1,357519,357078,441
83500801,10.6333,15.7416,434,122640,0.353258,0.27,1,357527,357093,434
83503721,19.7267,18.3483,437,122640,0.326652,0.35,1,357549,357112,437
83506641,7.14533,6.86966,437,122640,0.26533,0.3,1,357553,357116,437
83509561,22.2291,21.3739,438,122640,0.301066,0.28,1,357579,357141,438
83512481,17.2458,16.2748,439,122640,0.300213,0.31,1,357595,357156,439
83515401,9.04916,6.45496,442,122640,0.260043,0.38,1,357602,357160,442
83518321,5.00983,9.29099,436,122640,0.260009,0.38,1,357606,357170,436
83521241,15.402,13.0582,440,122640,0.316002,0.38,1,357624,357184,440
83524161,11.0804,9.01164,442,122640,0.2712,0.36,1,357634,357192,442
83527081,7.81608,11.4023,437,122640,0.33424,0.33,1,357641,357204,437
83530001,4.76322,3.88047,439,122640,0.306848,0.3,1,357645,357206,439
83532921,22.5526,20.7761,441,122640,0.30137,0.38,1,357672,357231,441
83535841,10.9105,12.1552,439,122640,0.220274,0.41,1,357680,357241,439
83538761,14.9821,13.631,441,122640,0.292055,0.38,1,357696,357255,441
83541681,25.3964,23.5262,443,122640,0.322411,0.37,1,357724,357281,443
83544601,6.67928,11.9052,436,122640,0.296482,0.35,1,357726,357290,436
83547521,9.33586,6.38105,441,122640,0.331296,0.29,1,357736,357295,441
83550441,3.46717,4.47621,439,122640,0.338259,0.26,1,357738,357299,439
83553361,5.49343,4.09524,441,122640,0.299652,0.35,1,357744,357303,441
83556281,20.2987,8.01905,456,122640,0.28393,0.35,1,357768,357312,456
83559201,7.25974,16.8038,441,122640,0.264786,0.3,1,357772,357331,441
83562121,17.4519,11.3608,451,122640,0.220957,0.38,1,357792,357341,451
83565041,12.2904,11.8722,450,122640,0.204191,0.36,1,357803,357353,450
83567961,4.05808,10.3744,442,122640,0.264838,0.36,1,357805,357363,442
83570881,2.41162,3.67489,442,122640,0.276968,0.3,1,357807,357365,442
83573781,4.48232,4.73498,442,122640,0.271394,0.4,1,357812,357370,442
83576701,3.29646,4.147,441,122640,0.254279,0.31,1,357815,357374,441
83579621,7.05929,8.8294,439,122640,0.338856,0.32,1,357823,357384,439
83582541,6.21186,6.56588,439,122640,0.331771,0.36,1,357829,357390,439
83585461,9.24237,10.9132,437,122640,0.282354,0.39,1,357839,357402,437
83588381,8.24847,6.98264,439,122640,0.312471,0.31,1,357847,357408,439
83591301,3.24969,4.59653,437,122640,0.286494,0.31,1,357849,357412,437
83593541,3.84994,0.919305,441,122640,0.313299,0.33,1,357853,357412,441
83596461,11.17,4.98386,448,122640,0.30266,0.27,1,357866,357418,448
83599381,9.434,8.99677,447,122640,0.284532,0.37,1,357875,357428,447
83602301,3.4868,7.39935,442,122640,0.304906,0.34,1,357877,357435,442
83605221,3.89736,4.67987,442,122640,0.244981,0.38,1,357881,357439,442
83608141,3.97947,4.93597,441,122640,0.240996,0.32,1,357885,357444,441
83611061,2.39589,4.98719,438,122640,0.280199,0.31,1,357887,357449,438
83613981,34.0792,34.5974,438,122640,0.17604,0.31,1,357929,357491,438
83616901,13.2158,10.1195,442,122640,0.259208,0.38,1,357937,357495,442
83619821,21.8432,21.2239,442,122640,0.251842,0.35,1,357961,357519,442
83622741,10.7686,10.6448,442,122640,0.194368,0.32,1,357969,357527,442
83625661,13.3537,19.729,434,122640,0.158874,0.25,1,357983,357549,434
83628581,9.87075,7.14579,439,122640,0.215775,0.31,1,357992,357553,439
83631501,22.7742,22.2292,439,122640,0.259155,0.3,1,358018,357579,439
83634421,13.3548,17.2458,434,122640,0.283831,0.25,1,358029,357595,434
83637341,13.071,9.04917,440,122640,0.264766,0.26,1,358042,357602,440
83640261,5.81419,5.00983,440,122640,0.228953,0.33,1,358046,357606,440
83643181,10.7628,15.402,434,122640,0.285791,0.26,1,358058,357624,434
83646101,11.7526,11.0804,436,122640,0.289158,0.35,1,358070,357634,436
83649021,8.75051,7.81608,437,122640,0.265832,0.3,1,358078,357641,437
83651941,3.3501,4.76322,435,122640,0.237166,0.3,1,358080,357645,435
83654861,23.87,22.5526,437,122640,0.255433,0.2,1,358109,357672,437
83657781,10.374,10.9105,436,122640,0.227087,0.31,1,358116,357680,436
83660701,16.4748,14.9821,438,122640,0.189417,0.33,1,358134,357696,438
83663621,25.695,25.3964,438,122640,0.173883,0.29,1,358162,357724,438
83666541,6.73899,6.67928,438,122640,0.138777,0.34,1,358164,357726,438
83669461,6.1478,9.33586,434,122640,0.187755,0.34,1,358170,357736,434
83672381,6.02956,3.46717,438,122640,0.229551,0.29,1,358176,357738,438
83675281,4.40591,5.49343,436,122640,0.23791,0.28,1,358180,357744,436
83678201,17.6812,20.2987,433,122640,0.255582,0.26,1,358201,357768,433
83681121,5.13624,7.25974,431,122640,0.251116,0.21,1,358203,357772,431
83684041,17.0272,17.4519,431,122640,0.162223,0.2,1,358223,357792,431
83686961,14.6054,12.2904,434,122640,0.248445,0.28,1,358237,357803,434
83689881,4.52109,4.05808,434,122640,0.233689,0.28,1,358239,357805,434
83692801,5.70422,2.41162,438,122640,0.246738,0.27,1,358245,357807,438
83695721,4.34084,4.48232,437,122640,0.249348,0.25,1,358249,357812,437
83698641,4.06817,3.29646,438,122640,0.265869,0.36,1,358253,357815,438
83701561,7.21363,7.05929,438,122640,0.277174,0.33,1,358261,357823,438
83704481,6.24273,6.21186,438,122640,0.279435,0.27,1,358267,357829,438
83707401,9.24855,9.24237,438,122640,0.231887,0.32,1,358277,357839,438
83710321,8.24971,8.24847,438,122640,0.262377,0.28,1,358285,357847,438
83713241,3.24994,3.24969,438,122640,0.236475,0.32,1,358287,357849,438
83716161,3.84999,3.84994,438,122640,0.271295,0.3,1,358291,357853,438
83719081,10.37,11.17,437,122640,0.254259,0.28,1,358303,357866,437
83722001,8.474,9.434,436,122640,0.258852,0.31,1,358311,357875,436
83724921,3.2948,3.4868,436,122640,0.22777,0.23,1,358313,357877,436
83727841,3.85896,3.89736,436,122640,0.285554,0.24,1,358317,357881,436
83730401,2.37179,3.97947,434,122640,0.265111,0.3,1,358319,357885,434
83733321,3.67436,3.19589,435,122640,0.253022,0.15,1,358323,357888,435
83736241,33.5349,33.4392,435,122640,0.298604,0.28,1,358364,357929,435
83739161,13.107,13.0878,435,122640,0.187721,0.25,1,358372,357937,435
83742081,21.0214,21.8176,434,122640,0.277544,0.18,1,358395,357961,434
83745001,9.00428,10.7635,432,122640,0.271509,0.15,1,358401,357969,432
83747921,13.8009,13.3527,433,122640,0.246302,0.23,1,358416,357983,433
83750841,5.96017,9.87054,428,122640,0.28926,0.27,1,358420,357992,428
83753761,27.592,22.7741,435,122640,0.217852,0.29,1,358453,358018,435
83756681,15.1184,13.3548,436,122640,0.20357,0.26,1,358465,358029,436
83759601,6.22368,13.071,427,122640,0.248714,0.22,1,358469,358042,427
83762521,11.6447,5.81419,436,122640,0.281743,0.3,1,358482,358046,436
83765441,12.7289,10.7628,437,122640,0.304349,0.29,1,358495,358058,437
83768361,8.94579,11.7526,433,122640,0.25287,0.26,1,358503,358070,433
83771281,9.78916,8.75051,435,122640,0.202574,0.23,1,358513,358078,435
83774201,3.55783,3.3501,435,122640,0.192515,0.26,1,358515,358080,435
83777121,19.9116,23.87,430,122640,0.190503,0.22,1,358539,358109,430
83780041,7.98231,10.374,428,122640,0.206101,0.18,1,358544,358116,428
83782961,19.9965,16.4748,433,122640,0.12922,0.17,1,358567,358134,433
83785881,27.1993,25.695,434,122640,0.193844,0.13,1,358596,358162,434
83788801,7.03986,6.73899,434,122640,0.174769,0.2,1,358598,358164,434
83791721,5.40797,6.1478,433,122640,0.114954,0.2,1,358603,358170,433
83793221,2.68159,1.22956,435,122640,0.150991,0.24,1,358605,358170,435
83796141,6.93632,5.04591,437,122640,0.0941982,0.24,1,358613,358176,437
83799061,14.9873,4.20918,450,122640,0.21884,0.26,1,358630,358180,450
83801981,4.59745,17.6418,431,122640,0.219768,0.25,1,358632,358201,431
83804901,21.7195,5.12837,455,122640,0.203954,0.14,1,358658,358203,455
83807821,13.9439,17.0257,447,122640,0.232791,0.27,1,358670,358223,447
83810741,4.38878,14.6051,435,122640,0.214558,0.23,1,358672,358237,435
83813661,4.87776,4.52103,438,122640,0.170912,0.25,1,358677,358239,438
83816101,7.37555,5.70421,440,122640,0.194182,0.25,1,358685,358245,440
83819021,3.07511,4.34084,438,122640,0.166836,0.27,1,358687,358249,438
83821941,8.61502,4.06817,444,122640,0.153367,0.28,1,358697,358253,444
83824861,3.323,7.21363,438,122640,0.150673,0.28,1,358699,358261,438
83827781,9.4646,6.24273,443,122640,0.206135,0.22,1,358710,358267,443
83830701,9.09292,9.24855,442,122640,0.153227,0.27,1,358719,358277,442
83833621,3.41858,8.24971,436,122640,0.214645,0.23,1,358721,358285,436
83836541,3.88372,3.24994,438,122640,0.202929,0.28,1,358725,358287,438
83838981,8.77674,3.84999,444,122640,0.168586,0.25,1,358735,358291,444
83841901,9.75535,10.37,442,122640,0.169717,0.26,1,358745,358303,442
83844821,3.55107,8.474,436,122640,0.169943,0.22,1,358747,358311,436
83847741,6.31021,3.2948,441,122640,0.169989,0.3,1,358754,358313,441
83850001,2.86204,3.85896,439,122640,0.177998,0.3,1,358756,358317,439
83852921,2.17241,3.97179,437,122640,0.1796,0.25,1,358758,358321,437
83855841,2.03448,2.39436,437,122640,0.14792,0.31,1,358760,358323,437
83858761,27.6069,33.2789,430,122640,0.101584,0.16,1,358794,358364,430
83861681,15.9214,13.0558,435,122640,0.164317,0.3,1,358807,358372,435
83864601,23.1843,21.0112,437,122640,0.112863,0.27,1,358832,358395,437
83867521,9.43686,9.00223,437,122640,0.134573,0.24,1,358838,358401,437
83870441,8.28737,13.8004,430,122640,0.162915,0.3,1,358846,358416,430
83873361,3.25747,5.96009,428,122640,0.136583,0.2,1,358848,358420,428
83876281,30.2515,27.592,432,122640,0.203317,0.2,1,358885,358453,432
83879201,14.0503,15.1184,430,122640,0.168663,0.26,1,358895,358465,430
83882121,6.01006,6.22368,430,122640,0.225733,0.29,1,358899,358469,430
83885041,16.402,11.6447,436,122640,0.141147,0.31,1,358918,358482,436
83887961,10.4804,12.7289,432,122640,0.196229,0.24,1,358927,358495,432
83890881,8.49608,8.94579,432,122640,0.199246,0.19,1,358935,358503,432
83893801,9.69922,9.78916,432,122640,0.159849,0.19,1,358945,358513,432
83896721,3.53984,3.55783,432,122640,0.15997,0.19,1,358947,358515,432
83899641,18.308,19.9116,430,122640,0.191994,0.21,1,358969,358539,430
83902561,10.8616,7.98231,434,122640,0.174399,0.11,1,358978,358544,434
83905481,15.7723,19.9965,428,122640,0.27488,0.21,1,358995,358567,428
83908401,27.1545,27.1993,429,122640,0.286976,0.17,1,359025,358596,429
83911321,7.03089,7.03986,429,122640,0.289395,0.1,1,359027,358598,429
83913441,3.00618,5.40797,426,122640,0.297879,0.16,1,359029,358603,426
83916361,11.0012,2.68159,437,122640,0.251576,0.08,1,359042,358605,437
83919281,17.4002,6.93632,448,122640,0.194315,0.25,1,359061,358613,448
83922201,5.08005,14.9873,433,122640,0.214863,0.22,1,359063,358630,433
83925121,23.416,4.59745,459,122640,0.0989726,0.2,1,359091,358632,459
83928041,13.4832,21.7195,444,122640,0.139795,0.24,1,359102,358658,444
83930961,4.29664,13.9439,434,122640,0.131959,0.21,1,359104,358670,434
83933881,3.25933,4.38878,435,122640,0.186392,0.16,1,359107,358672,435
83936801,5.45187,4.87776,436,122640,0.165278,0.2,1,359113,358677,436
83939721,2.69037,7.37555,430,122640,0.161056,0.16,1,359115,358685,430
83942641,10.1381,3.07511,440,122640,0.184211,0.15,1,359127,358687,440
83945561,3.62761,8.61502,432,122640,0.188842,0.15,1,359129,358697,432
83948481,7.92552,3.323,439,122640,0.269768,0.22,1,359138,358699,439
83951401,9.5851,9.4646,438,122640,0.253954,0.14,1,359148,358710,438
83954321,3.51702,9.09292,431,122640,0.250791,0.23,1,359150,358719,431
83957241,3.9034,3.41858,433,122640,0.194158,0.2,1,359154,358721,433
83960161,9.58068,3.88372,440,122640,0.222832,0.16,1,359165,358725,440
83963081,9.11614,8.77674,439,122640,0.220566,0.17,1,359174,358735,439
83966001,3.42323,9.75535,431,122640,0.292113,0.17,1,359176,358745,431
83968921,5.48465,3.55107,435,122640,0.250423,0.17,1,359182,358747,435
83971841,2.69693,6.31021,430,122640,0.258085,0.18,1,359184,358754,430
83974761,2.13939,4.46204,428,122640,0.267617,0.14,1,359186,358758,428
83977681,2.02788,2.49241,428,122640,0.269523,0.09,1,359188,358760,428
83980601,24.4056,27.6985,424,122640,0.293905,0.18,1,359218,358794,424
83983521,20.0811,15.9397,430,122640,0.202781,0.1,1,359237,358807,430
83986441,23.2162,23.1879,429,122640,0.184556,0.14,1,359261,358832,429
83989361,9.44324,9.43759,429,122640,0.268911,0.17,1,359267,358838,429
83992281,10.6886,8.28752,432,122640,0.301782,0.13,1,359278,358846,432
83995201,3.73773,3.2575,432,122640,0.268356,0.22,1,359280,358848,432
83998121,28.7475,30.2515,430,122640,0.325671,0.16,1,359315,358885,430
84001041,13.7495,14.0503,430,122640,0.289134,0.24,1,359325,358895,430
84003961,7.5499,6.01006,432,122640,0.241827,0.12,1,359331,358899,432
84006881,16.71,16.402,432,122640,0.200365,0.21,1,359350,358918,432
84009801,9.742,10.4804,431,122640,0.216073,0.2,1,359358,358927,431
84012721,6.7484,8.49608,429,122640,0.267215,0.15,1,359364,358935,429
84015641,10.1497,9.69922,430,122640,0.285443,0.16,1,359375,358945,430
84018561,3.62994,3.53984,430,122640,0.257089,0.2,1,359377,358947,430
84021481,18.326,18.308,430,122640,0.155418,0.17,1,359399,358969,430
84024401,11.6652,10.8616,431,122640,0.247084,0.3,1,359409,358978,431
84027321,13.533,15.7723,428,122640,0.201417,0.29,1,359423,358995,428
84030241,29.1066,27.1545,431,122640,0.216283,0.29,1,359456,359025,431
84033161,9.02132,7.03089,433,122640,0.179257,0.3,1,359460,359027,433
84036081,5.00426,3.00618,435,122640,0.219851,0.24,1,359464,359029,435
84039001,4.20085,11.0012,426,122640,0.22797,0.18,1,359468,359042,426
84041921,23.2402,17.4002,435,122640,0.213594,0.22,1,359496,359061,435
84044841,6.24803,5.08005,435,122640,0.218719,0.07,1,359498,359063,435
84047761,18.8496,23.416,429,122640,0.203744,0.15,1,359520,359091,429
84050681,12.5699,13.4832,429,122640,0.256749,0.13,1,359531,359102,429
84053601,4.11398,4.29664,429,122640,0.27535,0.2,1,359533,359104,429
84055921,7.2228,3.25933,434,122640,0.20707,0.16,1,359541,359107,434
84058841,4.64456,5.45187,432,122640,0.257414,0.16,1,359545,359113,432
84061761,2.52891,2.69037,432,122640,0.235483,0.19,1,359547,359115,432
84064681,13.3058,10.1381,436,122640,0.263097,0.19,1,359563,359127,436
84067601,4.26116,3.62761,436,122640,0.284619,0.29,1,359565,359129,436
84070521,7.25223,7.92552,435,122640,0.200924,0.25,1,359573,359138,435
84073441,7.85045,9.5851,433,122640,0.280185,0.25,1,359581,359148,433
84076361,3.17009,3.51702,433,122640,0.264037,0.18,1,359583,359150,433
84078801,3.83402,3.9034,433,122640,0.268807,0.23,1,359587,359154,433
84081721,11.9668,9.58068,436,122640,0.261761,0.22,1,359601,359165,436
84084641,8.79336,9.11614,435,122640,0.236352,0.31,1,359609,359174,435
84087561,3.35867,3.42323,435,122640,0.19927,0.24,1,359611,359176,435
84090241,3.87173,5.48465,433,122640,0.231854,0.27,1,359615,359182,433
84093161,5.57435,5.89693,433,122640,0.214371,0.27,1,359621,359188,433
84096081,2.71487,1.17939,435,122640,0.218874,0.27,1,359623,359188,435
84099001,2.14297,0.235877,437,122640,0.243775,0.3,1,359625,359188,437
84101921,21.2286,24.0472,433,122640,0.280755,0.18,1,359651,359218,433
84104841,22.6457,20.0094,437,122640,0.208151,0.18,1,359674,359237,437
84107761,20.5291,23.2019,433,122640,0.27363,0.29,1,359694,359261,433
84110681,12.1058,9.44038,437,122640,0.214726,0.31,1,359704,359267,437
84113601,10.4212,10.6881,436,122640,0.218945,0.26,1,359714,359278,436
84116521,3.68423,3.73762,436,122640,0.275789,0.34,1,359716,359280,436
84119441,27.9368,28.7475,435,122640,0.191158,0.28,1,359750,359315,435
84122361,12.7874,13.7495,434,122640,0.310232,0.23,1,359759,359325,434
84125281,8.15747,7.5499,435,122640,0.310046,0.19,1,359766,359331,435
84128201,17.6315,16.71,436,122640,0.230009,0.22,1,359786,359350,436
84131121,8.3263,9.742,434,122640,0.214002,0.28,1,359792,359358,434
84134041,8.06526,6.7484,436,122640,0.2988,0.29,1,359800,359364,436
84136961,8.01305,10.1497,433,122640,0.22776,0.25,1,359808,359375,433
84139881,5.60261,3.62994,436,122640,0.269552,0.13,1,359813,359377,436
84142801,17.9205,18.326,435,122640,0.21391,0.27,1,359834,359399,435
84145721,9.9841,11.6652,433,122640,0.290782,0.19,1,359842,359409,433
84148641,13.1968,13.533,433,122640,0.258156,0.22,1,359856,359423,433
84151561,29.8394,29.1066,434,122640,0.291631,0.17,1,359890,359456,434
84154481,7.56787,9.02132,432,122640,0.298326,0.23,1,359892,359460,432
84157401,3.11357,5.00426,430,122640,0.275665,0.23,1,359894,359464,430
84160321,5.42272,4.20085,432,122640,0.263133,0.23,1,359900,359468,432
84162421,25.8845,0.840171,463,122640,0.308627,0.21,1,359931,359468,463
84165341,6.77691,22.568,437,122640,0.293725,0.22,1,359933,359496,437
84168261,18.1554,6.11361,456,122640,0.250745,0.2,1,359954,359498,456
84171181,10.8311,18.8227,443,122640,0.194149,0.27,1,359963,359520,443
84174101,6.16622,12.5645,437,122640,0.20683,0.28,1,359968,359531,437
84177021,3.63324,4.11291,438,122640,0.201366,0.19,1,359971,359533,438
84179941,8.72665,7.22258,440,122640,0.192273,0.27,1,359981,359541,440
84182861,3.34533,4.64452,438,122640,0.278455,0.23,1,359983,359545,438
84185781,9.46907,2.5289,447,122640,0.207691,0.27,1,359994,359547,447
84188701,7.49381,13.3058,438,122640,0.281538,0.29,1,360001,359563,438
84191621,6.29876,4.26116,442,122640,0.288308,0.18,1,360007,359565,442
84194541,5.25975,7.25223,439,122640,0.329662,0.3,1,360012,359573,439
84197461,5.85195,7.85045,437,122640,0.329932,0.26,1,360018,359581,437
84200381,4.37039,3.17009,439,122640,0.297986,0.26,1,360022,359583,439
84203301,9.67408,15.034,432,122640,0.267597,0.23,1,360033,359601,432
84206221,9.13482,9.4068,433,122640,0.277519,0.19,1,360042,359609,433
84209141,3.42696,3.48136,433,122640,0.351504,0.24,1,360044,359611,433
84212061,5.48539,3.89627,435,122640,0.302301,0.21,1,360050,359615,435
84214981,5.89708,5.57925,435,122640,0.32446,0.22,1,360056,359621,435
84217901,2.77942,2.71585,435,122640,0.328892,0.25,1,360058,359623,435
84220821,2.15588,2.14317,435,122640,0.297778,0.25,1,360060,359625,435
84222741,18.8312,0.428634,458,122640,0.307556,0.29,1,360083,359625,458
84225661,24.5662,20.8857,458,122640,0.181511,0.19,1,360109,359651,458
84228581,17.7132,22.5771,451,122640,0.300302,0.29,1,360125,359674,451
84231501,13.1426,20.5154,443,122640,0.26006,0.2,1,360137,359694,443
84234421,12.2285,12.1031,445,122640,0.276012,0.22,1,360149,359704,445
84237341,4.04571,10.4206,437,122640,0.247202,0.29,1,360151,359714,437
84240261,28.8091,3.68412,470,122640,0.16144,0.17,1,360186,359716,470
84243181,10.5618,27.9368,442,122640,0.144288,0.34,1,360192,359750,442
84246101,8.51237,12.7874,441,122640,0.268858,0.31,1,360200,359759,441
84249021,12.9025,8.15747,448,122640,0.293772,0.21,1,360214,359766,448
84251941,12.9805,17.6315,441,122640,0.258754,0.21,1,360227,359786,441
84254861,7.3961,8.3263,441,122640,0.219751,0.32,1,360233,359792,441
84257781,7.87922,8.06526,441,122640,0.15595,0.21,1,360241,359800,441
84260701,4.77584,8.01305,437,122640,0.27919,0.28,1,360245,359808,437
84263621,19.3552,5.60261,455,122640,0.207838,0.2,1,360268,359813,455
84266541,8.67103,17.9205,440,122640,0.225568,0.31,1,360274,359834,440
84269461,12.1342,9.9841,445,122640,0.261114,0.25,1,360287,359842,445
84272381,32.0268,13.1968,468,122640,0.140223,0.3,1,360324,359856,468
84275301,8.00537,29.8394,436,122640,0.132045,0.3,1,360326,359890,436
84278221,3.20107,7.56787,436,122640,0.130409,0.27,1,360328,359892,436
84280981,4.64021,3.11357,439,122640,0.242082,0.26,1,360333,359894,439
84283901,27.328,5.42272,466,122640,0.136416,0.29,1,360366,359900,466
84286821,7.06561,27.4845,435,122640,0.0912833,0.24,1,360368,359933,435
84289741,16.6131,22.2969,433,122640,0.218257,0.18,1,360387,359954,433
84292661,9.72262,11.6594,432,122640,0.187651,0.21,1,360395,359963,432
84295581,5.14452,6.33188,431,122640,0.20553,0.21,1,360399,359968,431
84297621,4.2289,1.26638,435,122640,0.209106,0.2,1,360403,359968,435
84300541,7.24578,2.65328,440,122640,0.241821,0.19,1,360411,359971,440
84303461,3.04916,8.53065,432,122640,0.216364,0.3,1,360413,359981,432
84306381,12.6098,3.30613,445,122640,0.187273,0.19,1,360428,359983,445
84309301,6.52197,9.46123,439,122640,0.189455,0.3,1,360433,359994,439
84312221,10.1044,7.49225,443,122640,0.157891,0.29,1,360444,360001,443
84315141,5.22088,6.29845,441,122640,0.159578,0.34,1,360448,360007,441
84318061,3.44418,5.25969,439,122640,0.143916,0.33,1,360451,360012,439
84320981,3.88884,5.85194,437,122640,0.228783,0.29,1,360455,360018,437
84323901,13.5778,4.37039,449,122640,0.269757,0.26,1,360471,360022,449
84326821,8.31555,9.67408,445,122640,0.237951,0.28,1,360478,360033,445
84329741,4.06311,9.13482,439,122640,0.18359,0.37,1,360481,360042,439
84332661,4.01262,3.42696,441,122640,0.228718,0.29,1,360485,360044,441
84335581,5.60252,5.48539,441,122640,0.221744,0.33,1,360491,360050,441
84338501,4.3205,5.89708,439,122640,0.236349,0.33,1,360495,360056,439
84341421,2.4641,2.77942,439,122640,0.24727,0.29,1,360497,360058,439
84344341,18.8928,2.15588,460,122640,0.265454,0.15,1,360520,360060,460
84347261,18.9786,39.6312,430,122640,0.253091,0.33,1,360539,360109,430
84350181,19.7957,20.7262,434,122640,0.194618,0.25,1,360559,360125,434
84353101,13.5591,13.7452,434,122640,0.294924,0.28,1,360571,360137,434
84356021,11.5118,12.349,433,122640,0.322985,0.24,1,360582,360149,433
84358941,3.90237,4.06981,433,122640,0.296597,0.14,1,360584,360151,433
84361861,31.1805,28.814,436,122640,0.323319,0.14,1,360622,360186,436
84364781,11.0361,10.5628,436,122640,0.224664,0.3,1,360628,360192,436
84367701,5.40722,8.51256,432,122640,0.180933,0.3,1,360632,360200,432
84370621,10.6814,12.9025,430,122640,0.284187,0.25,1,360644,360214,430
84373541,11.7363,12.9805,429,122640,0.304837,0.21,1,360656,360227,429
84376461,12.7473,7.3961,436,122640,0.268967,0.14,1,360669,360233,436
84379381,7.34945,7.87922,434,122640,0.261793,0.31,1,360675,360241,434
84382301,3.06989,4.77584,432,122640,0.292359,0.31,1,360677,360245,432
84383941,18.214,0.955169,454,122640,0.290472,0.19,1,360699,360245,454
84386861,6.8428,18.591,435,122640,0.234094,0.23,1,360703,360268,435
84389781,10.9686,8.51821,441,122640,0.270819,0.27,1,360715,360274,441
84392701,35.7937,12.1036,470,122640,0.262164,0.11,1,360757,360287,470
84395621,8.75874,32.0207,435,122640,0.260433,0.13,1,360759,360324,435
84398541,3.35175,8.00415,435,122640,0.228087,0.13,1,360761,360326,435
84400161,1.47035,3.20083,434,122640,0.205617,0.27,1,360762,360328,434
84403081,3.49407,4.64017,433,122640,0.145123,0.11,1,360766,360333,433
84406001,26.2988,27.328,432,122640,0.181025,0.08,1,360798,360366,432
84408921,8.45976,7.06561,434,122640,0.212205,0.25,1,360802,360368,434
84411841,14.492,16.6131,431,122640,0.274441,0.18,1,360818,360387,431
84414761,9.29839,9.72262,431,122640,0.230888,0.21,1,360826,360395,431
84417681,3.45968,5.14452,429,122640,0.262178,0.21,1,360828,360399,429
84420601,11.8919,4.2289,439,122640,0.212436,0.25,1,360842,360403,439
84423521,3.97839,7.24578,433,122640,0.178487,0.21,1,360844,360411,433
84426441,11.9957,3.04916,445,122640,0.195697,0.18,1,360858,360413,445
84429361,3.99914,12.6098,432,122640,0.167139,0.19,1,360860,360428,432
84432281,14.3998,6.52197,444,122640,0.169428,0.15,1,360877,360433,444
84435201,6.07997,10.1044,437,122640,0.193886,0.16,1,360881,360444,437
84438121,2.81599,5.22088,435,122640,0.174777,0.14,1,360883,360448,435
84439681,1.3632,3.44418,433,122640,0.154955,0.23,1,360884,360451,433
84442601,8.27264,7.88884,434,122640,0.278991,0.28,1,360894,360460,434
84445521,8.05453,10.3778,431,122640,0.303798,0.23,1,360902,360471,431
84448441,9.61091,7.67555,434,122640,0.23676,0.17,1,360912,360478,434
84451121,4.32218,3.93511,434,122640,0.263352,0.24,1,360915,360481,434
84454041,4.86444,3.98702,435,122640,0.26867,0.22,1,360920,360485,435
84456961,2.57289,5.5974,431,122640,0.277734,0.24,1,360922,360491,431
84459881,2.11458,4.31948,429,122640,0.279547,0.24,1,360924,360495,429
84461941,2.02292,0.863896,431,122640,0.279909,0.25,1,360926,360495,431
84464861,23.6046,1.77278,458,122640,0.287982,0.27,1,360955,360497,458
84467781,20.7209,18.7546,455,122640,0.193596,0.25,1,360975,360520,455
84470701,20.9442,18.9509,457,122640,0.190719,0.18,1,360996,360539,457
84473621,12.9888,19.7902,448,122640,0.238144,0.32,1,361007,360559,448
84476541,5.79777,13.558,440,122640,0.215629,0.33,1,361011,360571,440
84479461,3.55955,11.5116,432,122640,0.211126,0.29,1,361014,360582,432
84482381,31.1119,3.90232,468,122640,0.266225,0.33,1,361052,360584,468
84485301,15.8224,31.1805,442,122640,0.261245,0.2,1,361064,360622,442
84488221,6.36448,11.0361,440,122640,0.196249,0.17,1,361068,360628,440
84491061,11.6729,5.40722,449,122640,0.26325,0.31,1,361081,360632,449
84493981,10.3346,10.6814,447,122640,0.14865,0.31,1,361091,360644,447
84496901,12.4669,11.7363,448,122640,0.23773,0.26,1,361104,360656,448
84499821,9.69338,12.7473,444,122640,0.191546,0.26,1,361113,360669,444
84502741,3.53868,7.34945,440,122640,0.182309,0.3,1,361115,360675,440
84505661,16.7077,3.06989,458,122640,0.236462,0.22,1,361135,360677,458
84508581,6.54155,21.414,436,122640,0.207292,0.28,1,361139,360703,436
84511501,9.30831,13.8828,434,122640,0.225458,0.26,1,361149,360715,434
84514421,30.6617,36.3766,428,122640,0.205092,0.26,1,361185,360757,428
84517341,14.9323,8.87531,437,122640,0.233018,0.22,1,361196,360759,437
84520261,4.58647,3.37506,437,122640,0.230604,0.22,1,361198,360761,437
84522261,1.71729,0.675012,438,122640,0.214121,0.13,1,361199,360761,438
84525181,3.54346,4.135,437,122640,0.146824,0.19,1,361203,360766,437
84528101,24.7087,26.427,435,122640,0.221365,0.22,1,361233,360798,435
84531021,8.14174,8.4854,435,122640,0.228273,0.29,1,361237,360802,435
84533941,15.2283,14.4971,436,122640,0.253655,0.22,1,361254,360818,436
84536861,7.84567,9.29942,434,122640,0.218731,0.27,1,361260,360826,434
84539781,3.16913,3.45988,434,122640,0.235746,0.2,1,361262,360828,434
84542701,10.2338,11.892,432,122640,0.239149,0.17,1,361274,360842,432
84545621,3.64677,3.9784,432,122640,0.24783,0.2,1,361276,360844,432
84548541,10.3294,11.9957,430,122640,0.249566,0.16,1,361288,360858,430
84551461,6.86587,3.99914,434,122640,0.225913,0.17,1,361294,360860,434
84554381,10.9732,14.3998,429,122640,0.173183,0.2,1,361306,360877,429
84557301,5.39463,6.07997,429,122640,0.130637,0.17,1,361310,360881,429
84560221,4.27893,2.81599,431,122640,0.194127,0.17,1,361314,360883,431
84561781,7.25579,0.563199,439,122640,0.190825,0.31,1,361322,360883,439
84564701,8.65116,8.91264,437,122640,0.158165,0.31,1,361331,360894,437
84567621,4.93023,8.18253,433,122640,0.231633,0.22,1,361335,360902,433
84570541,11.386,9.63651,436,122640,0.230327,0.27,1,361348,360912,436
84573461,3.87721,4.3273,435,122640,0.198065,0.27,1,361350,360915,435
84576381,5.57544,4.86546,436,122640,0.175613,0.28,1,361356,360920,436
84579301,2.71509,2.57309,436,122640,0.139123,0.28,1,361358,360922,436
84582161,2.14302,2.11462,436,122640,0.139825,0.28,1,361360,360924,436
84585081,24.4286,2.02292,464,122640,0.187965,0.29,1,361390,360926,464
84588001,12.8857,23.6046,445,122640,0.205593,0.17,1,361400,360955,445
84590921,24.9771,20.7209,453,122640,0.169119,0.19,1,361428,360975,453
84593841,10.5954,20.9442,439,122640,0.217824,0.25,1,361435,360996,439
84596761,10.1191,12.9888,438,122640,0.179565,0.21,1,361445,361007,438
84599681,3.62382,5.79777,436,122640,0.203913,0.21,1,361447,361011,436
84602601,31.9248,3.55955,472,122640,0.208783,0.28,1,361486,361014,472
84605521,11.185,31.1119,440,122640,0.121757,0.26,1,361492,361052,440
84608441,11.037,15.8224,439,122640,0.216351,0.18,1,361503,361064,439
84611361,5.4074,6.36448,439,122640,0.20327,0.28,1,361507,361068,439
84614281,15.4815,11.6729,444,122640,0.136654,0.12,1,361525,361081,444
84617201,9.4963,10.3346,442,122640,0.139331,0.26,1,361533,361091,442
84620121,6.69926,12.4669,435,122640,0.195866,0.18,1,361539,361104,435
84623041,8.53985,9.69338,435,122640,0.223173,0.18,1,361548,361113,435
84625961,11.308,3.53868,445,122640,0.124635,0.25,1,361560,361115,445
84628881,11.8616,16.7077,437,122640,0.240927,0.2,1,361572,361135,437
84631801,10.3723,6.54155,443,122640,0.128185,0.23,1,361582,361139,443
84634721,30.0745,9.30831,468,122640,0.153637,0.2,1,361617,361149,468
84637641,9.21489,30.6617,436,122640,0.118727,0.24,1,361621,361185,436
84640561,3.44298,14.9323,427,122640,0.143745,0.23,1,361623,361196,427
84643481,2.2886,4.58647,427,122640,0.116749,0.21,1,361625,361198,427
84646021,10.8577,1.71729,439,122640,0.18335,0.13,1,361638,361199,439
84648941,20.5715,3.54346,458,122640,0.12467,0.24,1,361661,361203,458
84651861,6.51431,24.7087,431,122640,0.192934,0.23,1,361664,361233,431
84654781,18.1029,8.14174,448,122640,0.142587,0.26,1,361685,361237,448
84657701,10.0206,15.2283,439,122640,0.196517,0.21,1,361693,361254,439
84660621,3.60411,7.84567,435,122640,0.183303,0.24,1,361695,361260,435
84662661,5.52082,3.16913,439,122640,0.236661,0.24,1,361701,361262,439
84665581,3.50416,10.2338,430,122640,0.223332,0.25,1,361704,361274,430
84668501,11.1008,3.64677,441,122640,0.180666,0.25,1,361717,361276,441
84671421,7.02017,10.3294,435,122640,0.188133,0.22,1,361723,361288,435
84674341,11.804,6.86587,442,122640,0.237627,0.16,1,361736,361294,442
84677261,5.56081,10.9732,434,122640,0.183525,0.12,1,361740,361306,434
84680181,3.51216,5.39463,433,122640,0.156705,0.21,1,361743,361310,433
84682001,2.30243,4.27893,431,122640,0.175341,0.19,1,361745,361314,431
84684921,13.2605,7.25579,439,122640,0.203068,0.15,1,361761,361322,439
84687841,6.6521,8.65116,435,122640,0.192614,0.25,1,361766,361331,435
84690761,9.33042,4.93023,441,122640,0.254523,0.23,1,361776,361335,441
84693681,3.46608,11.386,430,122640,0.266905,0.19,1,361778,361348,430
84696601,6.29322,3.87721,435,122640,0.213381,0.17,1,361785,361350,435
84698641,2.85864,5.57544,431,122640,0.202676,0.13,1,361787,361356,431
84701561,2.17173,2.71509,431,122640,0.200535,0.14,1,361789,361358,431
84704481,2.03435,2.14302,431,122640,0.200107,0.2,1,361791,361360,431
84707401,25.2069,24.4286,432,122640,0.296021,0.21,1,361822,361390,432
84710321,11.4414,12.8857,430,122640,0.307204,0.16,1,361830,361400,430
84713241,24.6883,24.9771,430,122640,0.309441,0.23,1,361858,361428,430
84716161,11.3377,10.5954,431,122640,0.309888,0.17,1,361866,361435,431
84719081,7.06753,10.1191,427,122640,0.261978,0.21,1,361872,361445,427
84722001,3.01351,3.62382,427,122640,0.292396,0.21,1,361874,361447,427
84724921,36.6027,31.9248,433,122640,0.298479,0.1,1,361919,361486,433
84727841,12.1205,11.185,433,122640,0.235696,0.24,1,361925,361492,433
84730761,7.22411,11.037,428,122640,0.287139,0.2,1,361931,361503,428
84733681,8.64482,5.4074,433,122640,0.289428,0.12,1,361940,361507,433
84736601,12.129,15.4815,428,122640,0.297886,0.14,1,361953,361525,428
84739521,12.0258,9.4963,432,122640,0.315577,0.21,1,361965,361533,432
84742441,8.80516,6.69926,434,122640,0.183115,0.23,1,361973,361539,434
84745361,3.36103,8.53985,427,122640,0.196623,0.1,1,361975,361548,427
84748281,15.8722,11.308,434,122640,0.223325,0.27,1,361994,361560,434
84751201,7.97444,11.8616,428,122640,0.204665,0.1,1,362000,361572,428
84754121,11.9949,10.3723,431,122640,0.264933,0.16,1,362013,361582,431
84757041,27.999,30.0745,428,122640,0.292987,0.11,1,362045,361617,428
84759961,7.1998,9.21489,426,122640,0.338597,0.15,1,362047,361621,426
84762881,3.03996,3.44298,426,122640,0.323719,0.11,1,362049,361623,426
84765201,7.00799,2.2886,432,122640,0.264744,0.2,1,362057,361625,432
84768121,11.0016,10.8577,431,122640,0.260949,0.11,1,362069,361638,431
84771041,18.2003,20.5715,428,122640,0.26819,0.21,1,362089,361661,428
84773961,5.24006,6.51431,427,122640,0.237638,0.13,1,362091,361664,427
84776881,20.248,18.1029,430,122640,0.295528,0.21,1,362115,361685,430
84779801,12.0496,10.0206,432,122640,0.275106,0.18,1,362125,361693,432
84782721,4.00992,3.60411,432,122640,0.303021,0.25,1,362127,361695,432
84785641,6.40198,5.52082,433,122640,0.340604,0.22,1,362134,361701,433
84788081,2.8804,3.50416,432,122640,0.348121,0.17,1,362136,361704,432
84791001,10.9761,11.1008,432,122640,0.317624,0.19,1,362149,361717,432
84793921,8.59522,7.02017,434,122640,0.255525,0.25,1,362157,361723,434
84796841,11.319,11.804,433,122640,0.315105,0.17,1,362169,361736,433
84799761,6.26381,5.56081,434,122640,0.247021,0.15,1,362174,361740,434
84802681,4.45276,3.51216,435,122640,0.305404,0.18,1,362178,361743,435
84805601,14.4906,2.30243,450,122640,0.245081,0.21,1,362195,361745,450
84808521,6.89811,13.2605,439,122640,0.265016,0.19,1,362200,361761,439
84811441,6.17962,6.6521,440,122640,0.277003,0.27,1,362206,361766,440
84814361,2.83592,9.33042,432,122640,0.263401,0.27,1,362208,361776,432
84817281,6.96718,3.46608,438,122640,0.27668,0.2,1,362216,361778,438
84819701,2.99344,6.29322,433,122640,0.303336,0.2,1,362218,361785,433
84822621,2.19869,4.45864,431,122640,0.308667,0.2,1,362220,361789,431
84825541,2.03974,0.891729,433,122640,0.309733,0.2,1,362222,361789,433
84828461,28.4079,1.77835,466,122640,0.309947,0.32,1,362257,361791,466
84831381,13.6816,25.1557,445,122640,0.277989,0.31,1,362267,361822,445
84834301,24.3363,11.4311,464,122640,0.167598,0.31,1,362294,361830,464
84837221,10.4673,24.6862,443,122640,0.22552,0.31,1,362301,361858,443
84840141,8.49345,11.3372,443,122640,0.197104,0.25,1,362309,361866,443
84843061,3.29869,7.06745,439,122640,0.183421,0.3,1,362311,361872,439
84845981,34.2597,3.01349,479,122640,0.204684,0.3,1,362353,361874,479
84848901,13.2519,36.6027,442,122640,0.176937,0.22,1,362361,361919,442
84851821,5.85039,12.1205,440,122640,0.147387,0.3,1,362365,361925,440
84854741,9.97008,7.22411,445,122640,0.261477,0.29,1,362376,361931,445
84857661,12.394,8.64482,449,122640,0.172295,0.3,1,362389,361940,449
84860581,8.0788,12.129,443,122640,0.170459,0.32,1,362396,361953,443
84863501,12.0158,12.0258,444,122640,0.250092,0.15,1,362409,361965,444
84866421,4.00315,8.80516,438,122640,0.266018,0.2,1,362411,361973,438
84868581,16.8006,3.36103,456,122640,0.237204,0.23,1,362431,361975,456
84871501,6.56013,15.8722,441,122640,0.247441,0.2,1,362435,361994,441
84874421,13.312,7.97444,450,122640,0.289488,0.28,1,362450,362000,450
84877341,24.2624,11.9949,464,122640,0.145898,0.3,1,362477,362013,464
84880261,6.45248,27.999,434,122640,0.11718,0.35,1,362479,362045,434
84883181,3.6905,7.1998,435,122640,0.231436,0.32,1,362482,362047,435
84884801,2.3381,3.03996,435,122640,0.278287,0.35,1,362484,362049,435
84887721,10.0676,9.40799,436,122640,0.271657,0.26,1,362496,362060,436
84890641,5.21352,9.0816,431,122640,0.222332,0.27,1,362500,362069,431
84893561,21.0427,17.8163,436,122640,0.284466,0.23,1,362525,362089,436
84896481,5.80854,5.16326,436,122640,0.296893,0.31,1,362527,362091,436
84899401,20.3617,20.2327,436,122640,0.347379,0.27,1,362551,362115,436
84902321,14.4723,12.0465,439,122640,0.317476,0.31,1,362564,362125,439
84905241,4.49447,4.00931,439,122640,0.319495,0.35,1,362566,362127,439
84908161,4.09889,6.40186,436,122640,0.255899,0.35,1,362570,362134,436
84911081,14.4198,2.88037,451,122640,0.31518,0.31,1,362587,362136,451
84914001,7.68396,10.9761,444,122640,0.255036,0.24,1,362593,362149,444
84916921,11.9368,8.59521,449,122640,0.227007,0.33,1,362606,362157,449
84919841,5.58736,11.319,441,122640,0.213401,0.23,1,362610,362169,441
84922761,3.51747,6.26381,439,122640,0.16268,0.32,1,362613,362174,439
84925681,13.5035,4.45276,451,122640,0.176536,0.23,1,362629,362178,451
84928601,8.3007,14.4906,441,122640,0.139307,0.27,1,362636,362195,441
84931521,5.66014,6.89811,441,122640,0.227861,0.28,1,362641,362200,441
84934441,3.53203,6.17962,438,122640,0.205572,0.26,1,362644,362206,438
84937361,4.70641,2.83592,441,122640,0.241114,0.28,1,362649,362208,441
84938881,2.54128,6.96718,435,122640,0.216223,0.31,1,362651,362216,435
84941801,3.70826,4.59344,435,122640,0.243245,0.31,1,362655,362220,435
84944721,2.34165,0.918687,437,122640,0.248649,0.31,1,362657,362220,437
84947641,2.06833,1.78374,437,122640,0.21773,0.31,1,362659,362222,437
84950561,26.8137,28.3567,435,122640,0.179546,0.27,1,362692,362257,435
84953481,11.7627,13.6713,433,122640,0.235909,0.14,1,362700,362267,433
84956401,21.5525,24.3343,430,122640,0.271182,0.24,1,362724,362294,430
84959321,10.7105,10.4669,431,122640,0.182236,0.19,1,362732,362301,431
84962241,11.7421,8.49337,435,122640,0.292447,0.18,1,362744,362309,435
84965161,3.94842,3.29867,435,122640,0.282489,0.21,1,362746,362311,435
84968081,28.7897,34.2597,428,122640,0.136498,0.17,1,362781,362353,428
84971001,16.1579,13.2519,433,122640,0.2353,0.14,1,362794,362361,433
84973921,8.03159,5.85039,435,122640,0.19106,0.29,1,362800,362365,435
84976841,5.60632,9.97008,429,122640,0.166212,0.15,1,362805,362376,429
84979761,11.5213,12.394,429,122640,0.257242,0.17,1,362818,362389,429
84982681,7.10425,8.0788,428,122640,0.171448,0.27,1,362824,362396,428
84985601,12.6209,12.0158,429,122640,0.18629,0.27,1,362838,362409,429
84988521,4.12417,4.00315,429,122640,0.157258,0.23,1,362840,362411,429
84991441,19.2248,16.8006,432,122640,0.295452,0.25,1,362863,362431,432
84994361,17.445,6.56013,445,122640,0.20309,0.3,1,362880,362435,445
84997281,29.089,13.312,462,122640,0.192618,0.11,1,362912,362450,462
85000201,9.0178,24.2624,439,122640,0.238524,0.11,1,362916,362477,439
85003121,3.40356,6.45248,439,122640,0.247705,0.26,1,362918,362479,439
85005441,2.28071,3.6905,438,122640,0.265541,0.36,1,362920,362482,438
85008361,3.65614,4.7381,437,122640,0.269108,0.27,1,362924,362487,437
85011281,10.3312,8.14762,440,122640,0.189822,0.21,1,362936,362496,440
85014201,22.8662,4.82952,462,122640,0.197964,0.3,1,362962,362500,462
85017121,6.17325,20.9659,439,122640,0.207593,0.3,1,362964,362525,439
85020041,17.2346,5.79318,457,122640,0.113519,0.36,1,362984,362527,457
85022961,16.2469,20.3586,449,122640,0.206704,0.31,1,363000,362551,449
85025881,4.84939,14.4717,438,122640,0.225341,0.32,1,363002,362564,438
85028801,4.16988,4.49435,440,122640,0.157068,0.24,1,363006,362566,440
85031721,8.83398,4.09887,446,122640,0.0874136,0.33,1,363016,362570,446
85034641,8.1668,14.4198,437,122640,0.161483,0.24,1,363024,362587,437
85037561,9.63336,7.68395,441,122640,0.112297,0.22,1,363034,362593,441
85040481,7.52667,11.9368,435,122640,0.0624593,0.21,1,363041,362606,435
85043401,4.70533,5.58736,435,122640,0.140492,0.15,1,363045,362610,435
85044961,1.74107,3.51747,433,122640,0.140098,0.18,1,363046,362613,433
85047881,9.94821,13.5035,429,122640,0.20402,0.13,1,363058,362629,429
85050801,9.98964,8.3007,432,122640,0.200804,0.25,1,363068,362636,432
85053721,6.79793,5.66014,433,122640,0.144161,0.2,1,363074,362641,433
85056641,4.55959,3.53203,434,122640,0.116832,0.25,1,363078,362644,434
85059521,4.11192,4.70641,433,122640,0.111366,0.21,1,363082,362649,433
85062441,5.62238,2.54128,437,122640,0.166273,0.25,1,363088,362651,437
85065361,2.72448,3.70826,435,122640,0.209255,0.25,1,363090,362655,435
85068281,2.1449,2.34165,435,122640,0.185851,0.21,1,363092,362657,435
85071201,27.629,2.06833,467,122640,0.16517,0.17,1,363126,362659,467
85074121,7.1258,26.8137,436,122640,0.129034,0.25,1,363128,362692,436
85077041,25.4252,11.7627,458,122640,0.145807,0.28,1,363158,362700,458
85079961,12.285,21.5525,443,122640,0.133161,0.16,1,363167,362724,443
85082881,7.25701,10.7105,441,122640,0.210632,0.32,1,363173,362732,441
85085801,3.8514,11.7421,432,122640,0.186126,0.28,1,363176,362744,432
85088721,31.1703,3.94842,468,122640,0.157225,0.1,1,363214,362746,468
85091641,12.6341,28.7897,441,122640,0.199445,0.26,1,363222,362781,441
85094561,11.3268,16.1579,439,122640,0.191889,0.18,1,363233,362794,439
85097481,5.46536,8.03159,437,122640,0.190378,0.16,1,363237,362800,437
85100401,13.0931,5.60632,447,122640,0.206076,0.28,1,363252,362805,447
85103321,5.81861,11.5213,438,122640,0.201215,0.15,1,363256,362818,438
85106241,13.1637,7.10425,447,122640,0.184243,0.19,1,363271,362824,447
85109161,5.03274,12.6209,436,122640,0.132849,0.15,1,363274,362838,436
85112081,19.4065,4.12417,457,122640,0.15457,0.33,1,363297,362840,457
85115001,14.2813,19.2248,447,122640,0.214914,0.18,1,363310,362863,447
85117921,29.2563,17.445,463,122640,0.210983,0.19,1,363343,362880,463
85120841,9.05125,29.089,435,122640,0.194197,0.25,1,363347,362912,435
85123761,3.41025,9.0178,433,122640,0.190839,0.25,1,363349,362916,433
85126501,2.28205,3.40356,433,122640,0.174168,0.26,1,363351,362918,433
85129421,2.05641,3.88071,431,122640,0.162834,0.27,1,363353,362922,431
85132341,11.6113,2.37614,443,122640,0.248567,0.17,1,363367,362924,443
85135261,21.5223,10.0752,455,122640,0.273713,0.2,1,363391,362936,455
85138181,5.90445,22.815,431,122640,0.246743,0.21,1,363393,362962,431
85141101,17.1809,6.16301,449,122640,0.169349,0.09,1,363413,362964,449
85144021,12.2362,17.2326,440,122640,0.30587,0.23,1,363424,362984,440
85146941,4.04724,16.2465,426,122640,0.301174,0.23,1,363426,363000,426
85149861,4.00945,4.8493,428,122640,0.300235,0.14,1,363430,363002,428
85152781,12.8019,4.16986,439,122640,0.308047,0.07,1,363445,363006,439
85155701,6.56038,8.83397,434,122640,0.229609,0.18,1,363450,363016,434
85158621,10.9121,8.16679,438,122640,0.285922,0.1,1,363462,363024,438
85161541,9.38242,9.63336,437,122640,0.337184,0.05,1,363471,363034,437
85164461,5.07648,7.52667,434,122640,0.355437,0.16,1,363475,363041,434
85167061,2.6153,4.70533,432,122640,0.327087,0.22,1,363477,363045,432
85169981,11.7231,11.3411,433,122640,0.361417,0.2,1,363491,363058,433
85172901,5.54461,10.2682,427,122640,0.328283,0.13,1,363495,363068,427
85175821,5.90892,6.85364,427,122640,0.321657,0.11,1,363501,363074,427
85178741,6.78178,4.57073,430,122640,0.352331,0.11,1,363508,363078,430
85181661,6.15636,4.11415,432,122640,0.294466,0.18,1,363514,363082,432
85184321,2.83127,5.62283,428,122640,0.250893,0.22,1,363516,363088,428
85187241,2.16625,2.72457,428,122640,0.218179,0.18,1,363518,363090,428
85190161,2.03325,2.14491,428,122640,0.243636,0.16,1,363520,363092,428
85193081,31.6067,27.629,433,122640,0.304727,0.12,1,363559,363126,433
85196001,7.92133,7.1258,433,122640,0.292945,0.15,1,363561,363128,433
85198921,20.7843,25.4252,427,122640,0.354589,0.13,1,363585,363158,427
85201841,12.9569,12.285,429,122640,0.270918,0.23,1,363596,363167,429
85204761,10.5914,7.25701,433,122640,0.238184,0.18,1,363606,363173,433
85207201,3.71827,3.8514,432,122640,0.319637,0.15,1,363608,363176,432
85210121,31.9437,31.1703,433,122640,0.287927,0.21,1,363647,363214,433
85213041,11.1887,12.6341,431,122640,0.329585,0.19,1,363653,363222,431
85215961,7.03775,11.3268,426,122640,0.329917,0.19,1,363659,363233,426
85218881,10.2075,5.46536,433,122640,0.305983,0.21,1,363670,363237,433
85221801,8.44151,13.0931,426,122640,0.229197,0.2,1,363678,363252,426
85224721,10.4883,5.81861,433,122640,0.269839,0.18,1,363689,363256,433
85227641,14.8977,13.1637,434,122640,0.229968,0.12,1,363705,363271,434
85230561,4.57953,5.03274,433,122640,0.197994,0.16,1,363707,363274,433
85233481,20.9159,19.4065,435,122640,0.175599,0.23,1,363732,363297,435
85236401,14.5832,14.2813,435,122640,0.18712,0.21,1,363745,363310,435
85239321,25.3166,29.2563,430,122640,0.173424,0.19,1,363773,363343,430
85242241,13.8633,9.05125,437,122640,0.226685,0.19,1,363784,363347,437
85245161,4.37267,3.41025,437,122640,0.205337,0.19,1,363786,363349,437
85247141,1.67453,0.68205,438,122640,0.185067,0.31,1,363787,363349,438
85250061,1.93491,5.73641,433,122640,0.149013,0.31,1,363789,363356,433
85252981,7.58698,1.14728,442,122640,0.197803,0.27,1,363798,363356,442
85255901,23.9174,9.02946,459,122640,0.167561,0.28,1,363826,363367,459
85258821,6.38348,21.0059,437,122640,0.161512,0.24,1,363828,363391,437
85261741,18.0767,5.80118,456,122640,0.176302,0.15,1,363849,363393,456
85264661,14.0153,17.1602,449,122640,0.19526,0.34,1,363862,363413,449
85267581,4.40307,12.232,440,122640,0.175052,0.3,1,363864,363424,440
85270501,4.08061,4.04641,442,122640,0.17101,0.3,1,363868,363426,442
85273141,12.8161,4.00928,453,122640,0.218202,0.31,1,363883,363430,453
85276061,4.16322,12.8019,440,122640,0.22764,0.21,1,363885,363445,440
85278981,12.8326,6.56037,450,122640,0.237528,0.3,1,363900,363450,450
85281901,8.16653,10.9121,445,122640,0.159506,0.35,1,363907,363462,445
85284821,3.23331,9.38242,438,122640,0.111901,0.36,1,363909,363471,438
85287741,2.24666,5.07648,436,122640,0.0943802,0.32,1,363911,363475,436
85289361,1.24933,2.6153,435,122640,0.194876,0.37,1,363912,363477,435
85292281,13.8499,11.7231,438,122640,0.166975,0.32,1,363929,363491,438
85295201,5.96997,5.54461,438,122640,0.241395,0.32,1,363933,363495,438
85297681,5.99399,5.90892,438,122640,0.208279,0.36,1,363939,363501,438
85300601,2.7988,6.78178,433,122640,0.257656,0.28,1,363941,363508,433
85303521,3.75976,6.15636,431,122640,0.259531,0.24,1,363945,363514,431
85306441,3.95195,2.83127,433,122640,0.211906,0.21,1,363949,363516,433
85309361,7.99039,2.16625,440,122640,0.186381,0.25,1,363958,363518,440
85312241,3.19808,2.03325,440,122640,0.205276,0.32,1,363960,363520,440
85315161,29.4396,31.6067,437,122640,0.193055,0.29,1,363996,363559,437
85318081,7.48792,7.92133,437,122640,0.174611,0.37,1,363998,363561,437
85321001,16.6976,20.7843,432,122640,0.218922,0.25,1,364017,363585,432
85323921,13.7395,12.9569,434,122640,0.243784,0.23,1,364030,363596,434
85326841,12.3479,10.5914,436,122640,0.192757,0.34,1,364042,363606,436
85329761,5.66958,3.71827,438,122640,0.206551,0.28,1,364046,363608,438
85332681,29.9339,31.9437,435,122640,0.22531,0.34,1,364082,363647,435
85335601,12.3868,11.1887,437,122640,0.221062,0.33,1,364090,363653,437
85338521,5.67736,7.03775,435,122640,0.316212,0.3,1,364094,363659,435
85341441,5.93547,10.2075,430,122640,0.271242,0.21,1,364100,363670,430
85344361,10.7871,8.44151,434,122640,0.310248,0.28,1,364112,363678,434
85347281,7.75742,10.4883,430,122640,0.22205,0.22,1,364119,363689,430
85350201,12.7515,14.8977,428,122640,0.22841,0.19,1,364133,363705,428
85353121,9.7503,4.57953,435,122640,0.301682,0.17,1,364142,363707,435
85356041,19.5501,20.9159,432,122640,0.244336,0.19,1,364164,363732,432
85358961,15.11,14.5832,433,122640,0.232867,0.17,1,364178,363745,433
85361881,24.622,25.3166,432,122640,0.262573,0.24,1,364205,363773,432
85364801,12.9244,13.8633,431,122640,0.172515,0.2,1,364215,363784,431
85367721,4.18488,4.37267,431,122640,0.282503,0.18,1,364217,363786,431
85369441,1.63698,1.67453,431,122640,0.288501,0.2,1,364218,363787,431
85372361,5.1274,6.73491,429,122640,0.1937,0.21,1,364224,363795,429
85375281,4.22548,3.74698,430,122640,0.16674,0.16,1,364228,363798,430
85378201,20.8451,23.1494,427,122640,0.225348,0.16,1,364253,363826,427
85381121,7.36902,6.22988,429,122640,0.20507,0.18,1,364257,363828,429
85384041,18.2738,18.046,429,122640,0.137014,0.2,1,364278,363849,429
85386961,12.4548,14.0092,427,122640,0.203403,0.17,1,364289,363862,427
85389881,9.69095,4.40184,434,122640,0.192681,0.17,1,364298,363864,434
85392321,5.13819,4.08037,434,122640,0.158536,0.23,1,364302,363868,434
85395241,7.42764,12.8161,427,122640,0.239707,0.23,1,364310,363883,427
85398161,3.08553,4.16321,427,122640,0.223941,0.24,1,364312,363885,427
85401081,11.0171,12.8326,425,122640,0.220788,0.14,1,364325,363900,425
85404001,12.6034,8.16653,431,122640,0.228158,0.1,1,364338,363907,431
85406921,4.12068,3.23331,431,122640,0.197632,0.09,1,364340,363909,431
85409841,2.42414,2.24666,431,122640,0.159526,0.22,1,364342,363911,431
85412761,15.6848,1.24933,449,122640,0.231905,0.16,1,364361,363912,449
85415681,7.13697,13.8499,437,122640,0.158381,0.26,1,364366,363929,437
85418601,4.62739,5.96997,437,122640,0.239676,0.2,1,364370,363933,437
85421521,2.52548,5.99399,433,122640,0.255935,0.27,1,364372,363939,433
85424441,3.7051,2.7988,435,122640,0.227187,0.26,1,364376,363941,435
85427061,3.94102,3.75976,435,122640,0.245437,0.2,1,364380,363945,435
85429981,8.7882,3.95195,441,122640,0.217087,0.18,1,364390,363949,441
85432901,3.35764,7.99039,434,122640,0.211417,0.21,1,364392,363958,434
85435821,26.2715,3.19808,464,122640,0.242283,0.19,1,364424,363960,464
85438741,6.85431,29.4396,430,122640,0.256457,0.17,1,364426,363996,430
85441661,22.1709,7.48792,454,122640,0.171291,0.23,1,364452,363998,454
85444581,10.8342,16.6976,443,122640,0.154258,0.25,1,364460,364017,443
85447501,11.7668,13.7395,442,122640,0.190852,0.18,1,364472,364030,442
85450421,4.75337,12.3479,433,122640,0.15017,0.21,1,364475,364042,433
85453341,32.9507,5.66958,469,122640,0.158034,0.23,1,364515,364046,469
85456261,14.5901,29.9339,443,122640,0.135607,0.22,1,364525,364082,443
85459181,6.11803,12.3868,439,122640,0.195121,0.34,1,364529,364090,439
85462101,5.22361,5.67736,440,122640,0.159024,0.26,1,364534,364094,440
85465021,12.2447,5.93547,448,122640,0.167805,0.32,1,364548,364100,448
85467941,5.64894,10.7871,440,122640,0.137561,0.2,1,364552,364112,440
85470861,14.7298,7.75742,450,122640,0.211512,0.23,1,364569,364119,450
85473781,4.54596,12.7515,438,122640,0.194302,0.32,1,364571,364133,438
85476701,20.9092,9.7503,454,122640,0.27086,0.23,1,364596,364142,454
85479621,15.3818,19.5501,446,122640,0.254172,0.23,1,364610,364164,446
85482541,22.2764,15.11,456,122640,0.202834,0.27,1,364634,364178,456
85485461,10.8553,24.622,437,122640,0.216567,0.15,1,364642,364205,437
85488381,3.77105,12.9244,429,122640,0.187313,0.31,1,364644,364215,429
85491301,2.35421,4.18488,429,122640,0.181463,0.17,1,364646,364217,429
85493621,13.2708,6.43698,438,122640,0.172293,0.33,1,364662,364224,438
85496541,5.05417,6.0874,435,122640,0.130459,0.24,1,364665,364230,435
85499461,17.8108,19.6175,433,122640,0.218092,0.2,1,364686,364253,433
85502381,5.16217,7.1235,431,122640,0.267618,0.12,1,364688,364257,431
85505301,17.8324,18.2247,431,122640,0.221524,0.22,1,364709,364278,431
85508221,12.3665,12.4449,431,122640,0.172305,0.19,1,364720,364289,431
85511141,4.0733,9.68899,424,122640,0.258461,0.15,1,364722,364298,424
85514061,11.2147,5.1378,433,122640,0.283692,0.26,1,364735,364302,433
85516981,8.64293,7.42756,433,122640,0.160738,0.22,1,364743,364310,433
85519901,3.32859,3.08551,433,122640,0.216148,0.22,1,364745,364312,433
85521701,11.8657,0.617102,447,122640,0.20323,0.22,1,364759,364312,447
85524621,7.17314,10.5234,440,122640,0.224646,0.23,1,364765,364325,440
85527541,8.63463,12.5047,436,122640,0.204929,0.19,1,364774,364338,436
85530461,3.32693,4.10094,436,122640,0.272986,0.15,1,364776,364340,436
85533381,15.0654,2.42019,452,122640,0.262597,0.25,1,364794,364342,452
85536301,6.21308,15.684,437,122640,0.276519,0.14,1,364798,364361,437
85539221,6.04262,7.13681,438,122640,0.183304,0.26,1,364804,364366,438
85541461,2.80852,4.62736,436,122640,0.156661,0.26,1,364806,364370,436
85544381,3.7617,2.52547,438,122640,0.231332,0.22,1,364810,364372,438
85547301,2.35234,3.70509,436,122640,0.254266,0.25,1,364812,364376,436
85550221,9.27047,3.94102,443,122640,0.274853,0.21,1,364823,364380,443
85553141,3.45409,8.7882,435,122640,0.246971,0.21,1,364825,364390,435
85556021,21.4908,3.35764,459,122640,0.257394,0.25,1,364851,364392,459
85558941,5.89816,26.2715,429,122640,0.259479,0.26,1,364853,364424,429
85561861,24.3796,6.85431,456,122640,0.243896,0.15,1,364882,364426,456
85564781,9.67593,22.1709,436,122640,0.176779,0.15,1,364888,364452,436
85567701,14.7352,10.8342,444,122640,0.171356,0.2,1,364904,364460,444
85570621,4.54704,11.7668,434,122640,0.170271,0.14,1,364906,364472,434
85573541,30.5094,4.75337,468,122640,0.146054,0.16,1,364943,364475,468
85576461,15.7019,32.9507,440,122640,0.125211,0.13,1,364955,364515,440
85579381,6.34038,14.5901,434,122640,0.0890422,0.21,1,364959,364525,434
85582301,5.26808,6.11803,435,122640,0.129808,0.15,1,364964,364529,435
85585141,12.2536,5.22361,444,122640,0.185962,0.17,1,364978,364534,444
85588061,8.85072,12.2447,438,122640,0.213192,0.13,1,364986,364548,438
85590981,12.9701,5.64894,448,122640,0.170638,0.23,1,365000,364552,448
85593901,4.19403,14.7298,433,122640,0.162128,0.19,1,365002,364569,433
85596821,22.4388,4.54596,458,122640,0.184426,0.29,1,365029,364571,458
85599741,12.4878,20.9092,443,122640,0.172885,0.25,1,365039,364596,443
85602661,21.6976,15.3818,453,122640,0.186577,0.19,1,365063,364610,453
85605581,9.93951,22.2764,436,122640,0.205315,0.22,1,365070,364634,436
85608501,4.3879,10.8553,431,122640,0.193063,0.18,1,365073,364642,431
85611421,6.47758,3.77105,436,122640,0.182613,0.18,1,365080,364644,436
85614261,12.4955,2.35421,448,122640,0.180523,0.17,1,365094,364646,448
85617181,4.8991,13.2708,435,122640,0.204105,0.12,1,365097,364662,435
85620101,15.3798,5.05417,450,122640,0.240821,0.24,1,365115,364665,450
85623021,4.67596,17.8108,431,122640,0.208164,0.28,1,365117,364686,431
85625941,16.9352,5.16217,449,122640,0.105633,0.21,1,365137,364688,449
85628861,14.587,17.8324,442,122640,0.197127,0.16,1,365151,364709,442
85631781,6.91741,12.3665,436,122640,0.159425,0.28,1,365156,364720,436
85634701,10.9835,4.0733,446,122640,0.175885,0.29,1,365168,364722,446
85637621,8.5967,11.2147,441,122640,0.147177,0.13,1,365176,364735,441
85640541,3.31934,8.64293,435,122640,0.109435,0.23,1,365178,364743,435
85643381,10.2639,3.32859,445,122640,0.229887,0.23,1,365190,364745,445
85646301,9.25277,16.6657,434,122640,0.133977,0.2,1,365199,364765,434
85649221,5.05055,10.5331,429,122640,0.202795,0.29,1,365203,364774,429
85652141,2.61011,3.70663,429,122640,0.184559,0.26,1,365205,364776,429
85655061,15.722,15.1413,430,122640,0.148912,0.28,1,365224,364794,430
85657981,10.3444,6.22827,435,122640,0.197782,0.16,1,365233,364798,435
85660901,6.86888,6.04565,435,122640,0.183556,0.15,1,365239,364804,435
85663821,2.97378,2.80913,435,122640,0.156711,0.25,1,365241,364806,435
85666741,3.79476,3.76183,435,122640,0.159342,0.26,1,365245,364810,435
85669661,2.35895,2.35237,435,122640,0.127868,0.28,1,365247,364812,435
85672581,2.07179,9.27047,426,122640,0.177574,0.24,1,365249,364823,426
85675501,2.01436,3.45409,426,122640,0.195515,0.26,1,365251,364825,426
85678421,25.2029,21.4908,431,122640,0.279103,0.26,1,365282,364851,431
85681341,8.24057,5.89816,433,122640,0.287821,0.24,1,365286,364853,433
85684261,22.4481,24.3796,430,122640,0.217564,0.16,1,365312,364882,430
85687181,13.2896,9.67593,435,122640,0.259513,0.17,1,365323,364888,435
85690101,12.2579,14.7352,431,122640,0.243903,0.17,1,365335,364904,431
85693021,4.05158,4.54704,431,122640,0.208781,0.14,1,365337,364906,431
85695941,28.0103,30.5094,428,122640,0.241756,0.12,1,365371,364943,428
85698861,17.6021,15.7019,431,122640,0.192351,0.08,1,365386,364955,431
85701781,9.92041,6.34038,435,122640,0.14247,0.14,1,365394,364959,435
85704321,5.18408,5.26808,434,122640,0.108494,0.2,1,365398,364964,434
85707241,9.83682,12.2536,431,122640,0.237699,0.22,1,365409,364978,431
85710161,9.16736,8.85072,432,122640,0.15954,0.16,1,365418,364986,432
85713081,10.6335,12.9701,429,122640,0.231908,0.16,1,365429,365000,429
85716001,3.72669,4.19403,429,122640,0.238382,0.19,1,365431,365002,429
85718921,23.9453,22.4388,431,122640,0.135676,0.17,1,365460,365029,431
85721841,15.1891,12.4878,434,122640,0.227135,0.19,1,365473,365039,434
85724761,19.8378,21.6976,431,122640,0.285427,0.21,1,365494,365063,431
85727681,9.56756,9.93951,431,122640,0.225085,0.19,1,365501,365070,431
85730321,3.51351,4.3879,430,122640,0.213017,0.18,1,365503,365073,430
85733241,7.1027,6.47758,431,122640,0.170603,0.18,1,365511,365080,431
85736161,9.42054,12.4955,427,122640,0.218121,0.21,1,365521,365094,427
85739081,5.08411,4.8991,428,122640,0.235624,0.25,1,365525,365097,428
85742001,17.8168,15.3798,431,122640,0.311125,0.2,1,365546,365115,431
85744921,7.56336,4.67596,434,122640,0.254225,0.08,1,365551,365117,434
85747841,17.5127,16.9352,434,122640,0.266845,0.22,1,365571,365137,434
85750761,14.7025,14.587,434,122640,0.229369,0.15,1,365585,365151,434
85753681,4.54051,6.91741,431,122640,0.189874,0.18,1,365587,365156,431
85756601,7.3081,10.9835,427,122640,0.253975,0.14,1,365595,365168,427
85759521,13.4616,8.5967,434,122640,0.154795,0.1,1,365610,365176,434
85762441,4.29232,3.31934,434,122640,0.102959,0.26,1,365612,365178,434
85765361,5.65846,10.2639,428,122640,0.148592,0.11,1,365618,365190,428
85768281,10.7317,9.25277,431,122640,0.253718,0.22,1,365630,365199,431
85771201,5.34634,5.05055,431,122640,0.210744,0.18,1,365634,365203,431
85774121,4.26927,2.61011,433,122640,0.186149,0.14,1,365638,365205,433
85777041,15.2539,15.722,432,122640,0.22923,0.21,1,365656,365224,432
85779961,7.05077,10.3444,428,122640,0.149846,0.18,1,365661,365233,428
85782881,9.41015,6.86888,432,122640,0.205969,0.15,1,365671,365239,432
85785441,3.48203,2.97378,432,122640,0.249194,0.16,1,365673,365241,432
85788361,3.89641,3.79476,432,122640,0.217839,0.12,1,365677,365245,432
85791281,2.37928,2.35895,432,122640,0.251568,0.19,1,365679,365247,432
85794201,2.07586,2.07179,432,122640,0.226314,0.19,1,365681,365249,432
85796261,5.21517,0.414358,438,122640,0.229263,0.23,1,365687,365249,438
85799181,23.443,8.88287,455,122640,0.165853,0.3,1,365715,365260,455
85802101,6.28861,19.3766,435,122640,0.153171,0.29,1,365717,365282,435
85805021,23.6577,7.07531,459,122640,0.206634,0.2,1,365745,365286,459
85807941,12.7315,22.2151,443,122640,0.121327,0.27,1,365755,365312,443
85810861,11.3463,13.243,443,122640,0.168265,0.24,1,365766,365323,443
85813781,6.26926,12.2486,436,122640,0.177653,0.2,1,365771,365335,436
85816701,22.8539,4.04972,461,122640,0.171531,0.25,1,365798,365337,461
85819621,15.7708,28.0099,441,122640,0.218306,0.18,1,365812,365371,441
85822541,11.9542,17.602,437,122640,0.131661,0.13,1,365823,365386,437
85825461,6.39083,9.9204,434,122640,0.178332,0.1,1,365828,365394,434
85828381,7.67817,5.18408,438,122640,0.131666,0.27,1,365836,365398,438
85831301,12.7356,9.83682,441,122640,0.114333,0.14,1,365850,365409,441
85834221,8.94713,9.16736,440,122640,0.0948667,0.25,1,365858,365418,440
85837141,3.38943,10.6335,431,122640,0.186973,0.24,1,365860,365429,431
85840061,23.8779,3.72669,458,122640,0.237395,0.11,1,365889,365431,458
85842981,17.5756,23.9453,445,122640,0.207479,0.25,1,365905,365460,445
85845901,18.7151,15.1891,451,122640,0.233496,0.3,1,365924,365473,451
85848821,8.54302,19.8378,436,122640,0.230699,0.21,1,365930,365494,436
85851741,3.3086,9.56756,431,122640,0.20614,0.16,1,365932,365501,431
85854661,11.0617,9.91351,434,122640,0.257228,0.16,1,365945,365511,434
85856581,9.41234,1.9827,443,122640,0.283446,0.23,1,365954,365511,443
85859501,5.08247,8.39654,437,122640,0.288689,0.24,1,365958,365521,437
85862421,17.8165,4.87931,454,122640,0.121738,0.33,1,365979,365525,454
85865341,8.3633,17.7759,439,122640,0.256348,0.24,1,365985,365546,439
85868261,16.0727,7.55517,452,122640,0.203269,0.27,1,366003,365551,452
85871181,16.0145,17.511,448,122640,0.224654,0.22,1,366019,365571,448
85874101,4.80291,14.7022,436,122640,0.220931,0.18,1,366021,365585,436
85877021,4.16058,4.54044,438,122640,0.236186,0.27,1,366025,365587,438
85879941,10.4321,7.30809,442,122640,0.287237,0.13,1,366037,365595,442
85882861,3.68642,13.4616,429,122640,0.257447,0.09,1,366039,365610,429
85885781,11.1373,4.29232,440,122640,0.275489,0.16,1,366052,365612,440
85888701,6.22746,5.65846,439,122640,0.199098,0.28,1,366057,365618,439
85891621,4.44549,10.7317,431,122640,0.15982,0.2,1,366061,365630,431
85894541,10.4891,5.34634,439,122640,0.231964,0.18,1,366073,365634,439
85897141,10.8978,4.26927,446,122640,0.270393,0.24,1,366084,365638,446
85900061,9.37956,15.2539,437,122640,0.278079,0.13,1,366093,365656,437
85902981,9.87591,7.05077,442,122640,0.159616,0.22,1,366103,365661,442
85905901,3.57518,9.41015,434,122640,0.255923,0.26,1,366105,365671,434
85908821,3.91504,3.48203,436,122640,0.243185,0.21,1,366109,365673,436
85911701,3.98301,3.89641,436,122640,0.224637,0.29,1,366113,365677,436
85914621,2.3966,6.37928,431,122640,0.212927,0.29,1,366115,365684,431
85917541,2.07932,1.27586,433,122640,0.210585,0.15,1,366117,365684,433
85920461,24.4159,25.0552,432,122640,0.242117,0.15,1,366147,365715,432
85923381,6.48317,6.61103,432,122640,0.248423,0.22,1,366149,365717,432
85926301,19.6966,23.7222,427,122640,0.257685,0.1,1,366172,365745,427
85929221,13.5393,12.7444,429,122640,0.251537,0.18,1,366184,365755,429
85932141,10.7079,11.3489,428,122640,0.202307,0.18,1,366194,365766,428
85935061,8.54157,6.26978,431,122640,0.208461,0.17,1,366202,365771,431
85937981,25.7083,22.854,434,122640,0.313692,0.23,1,366232,365798,434
85940901,9.94166,15.7708,426,122640,0.246738,0.11,1,366238,365812,426
85943821,13.1883,11.9542,429,122640,0.289348,0.19,1,366252,365823,429
85946741,10.6377,6.39083,434,122640,0.22587,0.12,1,366262,365828,434
85949661,5.32753,7.67817,430,122640,0.205174,0.11,1,366266,365836,430
85952581,13.8655,12.7356,432,122640,0.217035,0.09,1,366282,365850,432
85955501,10.7731,8.94713,434,122640,0.155407,0.21,1,366292,365858,434
85958421,3.75462,3.38943,434,122640,0.135081,0.21,1,366294,365860,434
85960581,24.7509,0.677885,464,122640,0.171016,0.25,1,366324,365860,464
85963501,16.1502,23.3356,449,122640,0.258203,0.2,1,366338,365889,449
85966421,20.03,17.4671,454,122640,0.235641,0.24,1,366359,365905,454
85969341,5.60601,18.6934,437,122640,0.231128,0.23,1,366361,365924,437
85972261,4.3212,8.53868,435,122640,0.262226,0.2,1,366365,365930,435
85975181,12.0642,3.30774,447,122640,0.196445,0.27,1,366379,365932,447
85978101,10.4128,11.0615,444,122640,0.199289,0.29,1,366389,365945,444
85981021,3.68257,12.6123,433,122640,0.207858,0.08,1,366391,365958,433
85983941,15.9365,19.3225,431,122640,0.281572,0.29,1,366410,365979,431
85986861,7.9873,8.66449,431,122640,0.216314,0.19,1,366416,365985,431
85989781,19.9975,16.1329,436,122640,0.267263,0.23,1,366439,366003,436
85992701,13.5995,16.0266,432,122640,0.229453,0.22,1,366451,366019,432
85995621,5.9199,4.80532,434,122640,0.157891,0.24,1,366455,366021,434
85998541,5.98398,4.16106,436,122640,0.159578,0.24,1,366461,366025,436
86000101,9.1968,0.832213,446,122640,0.207916,0.3,1,366471,366025,446
86003021,3.43936,9.76644,436,122640,0.217583,0.25,1,366473,366037,436
86005941,5.48787,3.55329,440,122640,0.219517,0.28,1,366479,366039,440
86008861,9.89757,11.1107,438,122640,0.219903,0.18,1,366490,366052,438
86011781,4.37951,6.22213,436,122640,0.275981,0.15,1,366493,366057,436
86014701,12.8759,4.44443,447,122640,0.287196,0.25,1,366508,366061,447
86017621,10.5752,10.4889,445,122640,0.177439,0.28,1,366518,366073,445
86020541,4.51504,10.8978,437,122640,0.299488,0.28,1,366521,366084,437
86023461,10.503,9.37956,440,122640,0.299898,0.13,1,366533,366093,440
86026381,3.7006,9.87591,432,122640,0.26798,0.28,1,366535,366103,432
86029301,4.74012,3.57518,435,122640,0.205596,0.24,1,366540,366105,435
86030881,2.54802,3.91504,433,122640,0.281119,0.22,1,366542,366109,433
86033801,4.5096,3.98301,434,122640,0.304224,0.21,1,366547,366113,434
86036721,2.50192,2.3966,434,122640,0.308845,0.21,1,366549,366115,434
86039201,2.10038,2.07932,434,122640,0.317769,0.25,1,366551,366117,434
86042121,26.0201,24.4159,436,122640,0.311554,0.25,1,366583,366147,436
86045041,6.80402,6.48317,436,122640,0.310311,0.26,1,366585,366149,436
86047961,18.9608,19.6966,435,122640,0.302062,0.25,1,366607,366172,435
86050881,12.5922,13.5393,434,122640,0.324412,0.19,1,366618,366184,434
86053801,9.71843,10.7079,433,122640,0.288882,0.21,1,366627,366194,433
86056721,10.7437,8.54157,436,122640,0.313776,0.34,1,366638,366202,436
86059641,22.1487,25.7083,431,122640,0.278755,0.23,1,366663,366232,431
86062561,14.8297,9.94166,438,122640,0.311751,0.3,1,366676,366238,438
86065481,9.36595,13.1883,432,122640,0.25435,0.21,1,366684,366252,432
86068401,9.07319,10.6377,431,122640,0.26687,0.2,1,366693,366262,431
86071321,8.21464,5.32753,435,122640,0.325374,0.22,1,366701,366266,435
86074241,9.64293,13.8655,429,122640,0.249075,0.14,1,366711,366282,429
86077161,14.7286,10.7731,435,122640,0.305815,0.13,1,366727,366292,435
86080081,4.54572,3.75462,435,122640,0.277163,0.18,1,366729,366294,435
86083001,24.1091,24.7509,434,122640,0.271433,0.28,1,366758,366324,434
86085921,15.2218,16.1502,433,122640,0.350287,0.23,1,366771,366338,433
86088841,20.6444,20.03,434,122640,0.382057,0.23,1,366793,366359,434
86091761,7.32887,5.60601,436,122640,0.380411,0.27,1,366797,366361,436
86094321,3.06577,4.3212,434,122640,0.388082,0.18,1,366799,366365,434
86097241,11.0132,12.0642,433,122640,0.325616,0.2,1,366812,366379,433
86100161,10.2026,10.4128,433,122640,0.249123,0.21,1,366822,366389,433
86103081,3.64053,3.68257,433,122640,0.233825,0.3,1,366824,366391,433
86106001,16.7281,15.9365,434,122640,0.294765,0.2,1,366844,366410,434
86108921,4.94562,7.9873,430,122640,0.322953,0.28,1,366846,366416,430
86111841,19.3891,19.9975,430,122640,0.208591,0.22,1,366869,366439,430
86114761,13.4778,13.5995,430,122640,0.281718,0.14,1,366881,366451,430
86117681,9.89557,5.9199,435,122640,0.352344,0.16,1,366890,366455,435
86120601,5.17911,5.98398,433,122640,0.334469,0.22,1,366894,366461,433
86123521,9.03582,9.1968,433,122640,0.298894,0.22,1,366904,366471,433
86126441,6.60716,3.43936,437,122640,0.267779,0.22,1,366910,366473,437
86129361,10.1214,5.48787,442,122640,0.341556,0.22,1,366921,366479,442
86132281,4.42429,9.89757,434,122640,0.308311,0.29,1,366924,366490,434
86135201,11.2849,4.37951,444,122640,0.301662,0.29,1,366937,366493,444
86138121,15.857,12.8759,446,122640,0.220332,0.15,1,366954,366508,446
86141041,4.77139,10.5752,438,122640,0.260066,0.33,1,366956,366518,438
86143961,9.75428,4.51504,446,122640,0.324013,0.3,1,366967,366521,446
86146881,3.55086,10.503,436,122640,0.336803,0.26,1,366969,366533,436
86149801,5.51017,3.7006,440,122640,0.275361,0.19,1,366975,366535,440
86151521,1.90203,4.74012,436,122640,0.247072,0.3,1,366976,366540,436
86154441,3.58041,2.54802,438,122640,0.233414,0.31,1,366980,366542,438
86157361,2.31608,4.5096,435,122640,0.206683,0.31,1,366982,366547,435
86159841,2.06322,2.50192,435,122640,0.201337,0.31,1,366984,366549,435
86162761,24.4126,4.50038,460,122640,0.248267,0.31,1,367014,366554,460
86165681,9.68253,24.1001,437,122640,0.225653,0.31,1,367020,366583,437
86168601,20.3365,6.42002,458,122640,0.261131,0.3,1,367043,366585,458
86171521,11.2673,18.884,445,122640,0.260226,0.33,1,367052,366607,445
86174441,11.0535,12.5768,445,122640,0.204045,0.28,1,367063,366618,445
86177361,7.81069,9.71536,443,122640,0.272809,0.32,1,367070,366627,443
86180281,25.5621,10.7431,462,122640,0.270562,0.27,1,367100,366638,462
86183201,11.5124,22.1486,445,122640,0.294112,0.32,1,367108,366663,445
86186121,11.1025,14.8297,443,122640,0.290822,0.24,1,367119,366676,443
86189041,11.0205,9.36594,446,122640,0.258164,0.27,1,367130,366684,446
86191961,6.2041,9.07319,442,122640,0.267633,0.34,1,367135,366693,442
86194881,9.24082,8.21464,444,122640,0.277527,0.23,1,367145,366701,444
86197801,13.8482,9.64293,449,122640,0.231505,0.32,1,367160,366711,449
86200721,9.16963,14.7286,441,122640,0.238301,0.27,1,367168,366727,441
86203641,21.8339,4.54572,464,122640,0.23966,0.27,1,367193,366729,464
86206561,17.1668,24.1091,451,122640,0.215932,0.37,1,367209,366758,451
86209481,20.2334,15.2218,459,122640,0.187186,0.39,1,367230,366771,459
86212401,5.64667,20.6444,439,122640,0.181437,0.38,1,367232,366793,439
86215321,2.72933,7.32887,437,122640,0.180287,0.39,1,367234,366797,437
86218241,9.34587,3.06577,446,122640,0.244058,0.31,1,367245,366799,446
86221161,11.4692,11.0132,445,122640,0.232811,0.23,1,367257,366812,445
86224081,3.89383,10.2026,437,122640,0.230562,0.23,1,367259,366822,437
86227001,15.9788,3.64053,454,122640,0.174112,0.31,1,367278,366824,454
86229921,8.79575,16.7281,441,122640,0.218822,0.33,1,367285,366844,441
86232841,16.1592,4.94562,457,122640,0.0917645,0.18,1,367303,366846,457
86235761,16.8318,19.3891,451,122640,0.178353,0.3,1,367320,366869,451
86238681,8.16637,13.4778,445,122640,0.187671,0.37,1,367326,366881,445
86241601,4.83327,9.89557,440,122640,0.133534,0.33,1,367330,366890,440
86244521,10.5667,5.17911,448,122640,0.242707,0.29,1,367342,366894,448
86247441,6.91333,9.03582,444,122640,0.232541,0.26,1,367348,366904,444
86250361,7.78267,6.60716,446,122640,0.262508,0.36,1,367356,366910,446
86253281,3.95653,10.1214,438,122640,0.284502,0.3,1,367359,366921,438
86256201,11.9913,4.42429,449,122640,0.2569,0.3,1,367373,366924,449
86259121,16.7983,11.2849,454,122640,0.17938,0.2,1,367391,366937,454
86262041,4.95965,15.857,439,122640,0.163876,0.27,1,367393,366954,439
86264961,5.79193,4.77139,443,122640,0.248775,0.34,1,367399,366956,443
86267881,2.75839,9.75428,434,122640,0.233755,0.34,1,367401,366967,434
86270801,9.35168,3.55086,443,122640,0.238751,0.26,1,367412,366969,443
86273721,3.47034,5.51017,439,122640,0.23975,0.23,1,367414,366975,439
86276641,2.29407,5.10203,436,122640,0.23195,0.2,1,367416,366980,436
86278821,4.45881,2.62041,439,122640,0.25439,0.37,1,367421,366982,439
86281741,3.29176,2.92408,439,122640,0.242878,0.26,1,367424,366985,439
86284661,22.2584,23.7848,437,122640,0.256576,0.22,1,367451,367014,437
86287581,6.05167,9.55696,433,122640,0.299315,0.27,1,367453,367020,433
86290501,21.2103,20.3114,435,122640,0.283863,0.26,1,367478,367043,435
86293421,8.24207,11.2623,431,122640,0.288773,0.19,1,367483,367052,431
86296341,14.4484,11.0525,436,122640,0.257755,0.29,1,367499,367063,436
86299261,7.68968,7.81049,435,122640,0.243551,0.27,1,367505,367070,435
86302181,26.3379,25.5621,436,122640,0.30471,0.3,1,367536,367100,436
86305101,11.6676,11.5124,436,122640,0.212942,0.29,1,367544,367108,436
86308021,9.53352,11.1025,434,122640,0.258588,0.25,1,367553,367119,434
86310941,8.3067,11.0205,431,122640,0.211718,0.27,1,367561,367130,431
86313861,9.66134,6.2041,436,122640,0.170344,0.28,1,367571,367135,436
86316781,3.53227,9.24082,428,122640,0.258069,0.22,1,367573,367145,428
86319701,15.9065,13.8482,432,122640,0.147614,0.24,1,367592,367160,432
86322621,9.58129,9.16963,432,122640,0.189523,0.24,1,367600,367168,432
86325541,21.1163,21.8339,431,122640,0.221905,0.21,1,367624,367193,431
86328461,17.0233,17.1668,431,122640,0.204381,0.18,1,367640,367209,431
86331381,21.8046,20.2334,433,122640,0.248876,0.18,1,367663,367230,433
86334301,7.56093,5.64667,435,122640,0.265775,0.18,1,367667,367232,435
86336641,3.11219,2.72933,435,122640,0.293155,0.26,1,367669,367234,435
86339561,7.82244,9.34587,433,122640,0.226631,0.23,1,367678,367245,433
86342481,9.56449,11.4692,431,122640,0.141326,0.23,1,367688,367257,431
86345401,6.7129,3.89383,435,122640,0.244265,0.16,1,367694,367259,435
86348321,14.1426,15.9788,432,122640,0.192853,0.23,1,367710,367278,432
86351241,4.42852,8.79575,427,122640,0.246571,0.06,1,367712,367285,427
86354161,17.6857,16.1592,430,122640,0.169314,0.2,1,367733,367303,430
86357081,15.5371,16.8318,428,122640,0.177863,0.19,1,367748,367320,428
86360001,6.30743,8.16637,426,122640,0.267573,0.12,1,367752,367326,426
86362921,7.66149,4.83327,430,122640,0.253515,0.12,1,367760,367330,430
86365141,12.7323,0.966655,444,122640,0.226703,0.27,1,367774,367330,444
86368061,8.94646,9.79333,440,122640,0.157341,0.23,1,367782,367342,440
86370981,4.98929,6.75867,438,122640,0.207468,0.27,1,367786,367348,438
86373901,6.59786,7.75173,437,122640,0.201494,0.29,1,367793,367356,437
86376821,6.91957,3.95035,441,122640,0.208299,0.25,1,367800,367359,441
86379741,19.7839,11.9901,450,122640,0.24166,0.16,1,367823,367373,450
86382661,5.55678,16.798,434,122640,0.248332,0.16,1,367825,367391,434
86385581,5.91136,4.9596,438,122640,0.177666,0.27,1,367831,367393,438
86388501,2.78227,5.79192,434,122640,0.163533,0.23,1,367833,367399,434
86391421,10.1565,2.75838,444,122640,0.208707,0.24,1,367845,367401,444
86394341,3.63129,9.35168,435,122640,0.217741,0.24,1,367847,367412,435
86397261,2.32626,3.47034,435,122640,0.219548,0.23,1,367849,367414,435
86399461,5.26525,2.29407,439,122640,0.19591,0.26,1,367855,367416,439
86402381,3.45305,4.45881,437,122640,0.207182,0.24,1,367858,367421,437
86405301,19.0906,3.29176,457,122640,0.233436,0.26,1,367881,367424,457
86408221,5.41812,22.2584,432,122640,0.238687,0.31,1,367883,367451,432
86411141,23.4836,6.05167,458,122640,0.215737,0.28,1,367911,367453,458
86414061,8.69672,21.2103,438,122640,0.187147,0.29,1,367916,367478,438
86416981,11.3393,8.24207,445,122640,0.21343,0.25,1,367928,367483,445
86419901,11.0679,14.4484,440,122640,0.178686,0.24,1,367939,367499,440
86422821,26.2136,7.68968,464,122640,0.147737,0.32,1,367969,367505,464
86425741,11.6427,26.3379,441,122640,0.197547,0.19,1,367977,367536,441
86428661,5.52854,11.6676,437,122640,0.183509,0.27,1,367981,367544,437
86431581,8.30571,9.53352,437,122640,0.276702,0.2,1,367990,367553,437
86434501,8.86114,8.3067,438,122640,0.18334,0.16,1,367999,367561,438
86437421,4.17223,9.66134,431,122640,0.244668,0.28,1,368002,367571,431
86440021,16.0344,3.53227,448,122640,0.176934,0.12,1,368021,367573,448
86442941,11.2069,15.9065,439,122640,0.131387,0.2,1,368031,367592,439
86445861,23.0414,9.58129,457,122640,0.290277,0.23,1,368057,367600,457
86448781,14.2083,21.1163,445,122640,0.178055,0.2,1,368069,367624,445
86451701,23.6417,17.0233,455,122640,0.147611,0.26,1,368095,367640,455
86454621,6.32833,21.8046,434,122640,0.109522,0.27,1,368097,367663,434
86457541,2.86567,7.56093,432,122640,0.109904,0.3,1,368099,367667,432
86460461,5.37313,3.11219,436,122640,0.229981,0.21,1,368105,367669,436
86463381,11.4746,7.82244,440,122640,0.181996,0.12,1,368118,367678,440
86466301,7.09493,9.56449,436,122640,0.196399,0.27,1,368124,367688,436
86469221,12.619,6.7129,444,122640,0.19928,0.18,1,368138,367694,444
86472141,8.9238,14.1426,436,122640,0.183856,0.26,1,368146,367710,436
86475061,17.7848,4.42852,454,122640,0.172771,0.15,1,368166,367712,454
86477981,13.157,17.6857,445,122640,0.194554,0.18,1,368178,367733,445
86480901,7.43139,15.5371,436,122640,0.190911,0.29,1,368184,367748,436
86483821,4.68628,6.30743,436,122640,0.166182,0.25,1,368188,367752,436
86486741,16.1373,7.66149,447,122640,0.137236,0.14,1,368207,367760,447
86489661,8.02745,19.1323,431,122640,0.0834473,0.22,1,368213,367782,431
86492581,6.40549,7.02646,433,122640,0.232689,0.2,1,368219,367786,433
86495501,4.4811,7.00529,430,122640,0.230538,0.21,1,368223,367793,430
86498421,10.4962,7.00106,435,122640,0.198108,0.25,1,368235,367800,435
86501341,15.6992,19.8002,429,122640,0.223622,0.25,1,368252,367823,429
86504261,9.53985,5.56004,435,122640,0.172724,0.16,1,368260,367825,435
86507181,5.10797,5.91201,433,122640,0.250545,0.16,1,368264,367831,433
86510101,2.62159,2.7824,433,122640,0.234109,0.22,1,368266,367833,433
86513021,8.52432,10.1565,431,122640,0.254822,0.22,1,368276,367845,431
86515941,3.30486,3.6313,431,122640,0.290964,0.22,1,368278,367847,431
86518641,2.26097,2.32626,431,122640,0.266193,0.19,1,368280,367849,431
86521561,5.25219,5.26525,431,122640,0.189239,0.21,1,368286,367855,431
86524481,5.05044,3.45305,433,122640,0.189848,0.24,1,368291,367858,433
86527401,17.0101,19.0906,430,122640,0.21397,0.24,1,368311,367881,430
86530321,6.60202,5.41812,432,122640,0.234794,0.21,1,368315,367883,432
86533241,22.9204,23.4836,431,122640,0.326959,0.18,1,368342,367911,431
86536161,10.9841,8.69672,434,122640,0.257392,0.22,1,368350,367916,434
86539081,8.59682,11.3393,430,122640,0.203478,0.17,1,368358,367928,430
86542001,11.3194,11.0679,431,122640,0.224696,0.14,1,368370,367939,431
86544921,26.2639,26.2136,431,122640,0.212939,0.21,1,368400,367969,431
86547841,15.6528,11.6427,436,122640,0.282588,0.18,1,368413,367977,436
86550761,6.33055,5.52854,436,122640,0.272518,0.3,1,368417,367981,436
86553681,6.06611,8.30571,433,122640,0.222504,0.16,1,368423,367990,433
86556601,10.8132,8.86114,436,122640,0.236501,0.26,1,368435,367999,436
86559521,3.76264,4.17223,435,122640,0.2073,0.16,1,368437,368002,435
86562441,11.9525,16.0344,430,122640,0.27346,0.12,1,368451,368021,430
86565361,9.59051,11.2069,429,122640,0.230692,0.33,1,368460,368031,429
86568281,22.7181,23.0414,429,122640,0.214138,0.15,1,368486,368057,429
86571201,17.3436,14.2083,433,122640,0.162828,0.14,1,368502,368069,433
86574121,25.8687,23.6417,435,122640,0.200566,0.1,1,368530,368095,435
86577041,6.77374,6.32833,435,122640,0.176113,0.11,1,368532,368097,435
86579961,2.95475,2.86567,435,122640,0.139223,0.26,1,368534,368099,435
86582881,2.19095,5.37313,431,122640,0.187845,0.17,1,368536,368105,431
86585801,8.43819,11.4746,428,122640,0.253569,0.2,1,368546,368118,428
86588721,8.88764,7.09493,431,122640,0.218714,0.2,1,368555,368124,431
86591641,12.1775,12.619,430,122640,0.275743,0.18,1,368568,368138,430
86594561,8.83551,8.9238,430,122640,0.247149,0.17,1,368576,368146,430
86597481,19.3671,17.7848,432,122640,0.24143,0.2,1,368598,368166,432
86600401,11.8734,13.157,430,122640,0.224286,0.19,1,368608,368178,430
86603321,7.17468,7.43139,430,122640,0.204857,0.16,1,368614,368184,430
86606001,4.63494,4.68628,430,122640,0.168971,0.13,1,368618,368188,430
86608921,15.327,16.1373,429,122640,0.209794,0.07,1,368636,368207,429
86611841,11.0654,8.02745,433,122640,0.137959,0.27,1,368646,368213,433
86614761,6.21308,6.40549,432,122640,0.195592,0.23,1,368651,368219,432
86617681,4.44262,4.4811,432,122640,0.183118,0.19,1,368655,368223,432
86620601,10.4885,10.4962,432,122640,0.180624,0.23,1,368667,368235,432
86623521,18.0977,15.6992,435,122640,0.220125,0.16,1,368687,368252,435
86626441,5.21954,9.53985,429,122640,0.228025,0.27,1,368689,368260,429
86629361,9.04391,5.10797,435,122640,0.245605,0.23,1,368699,368264,435
86632281,3.40878,2.62159,435,122640,0.257121,0.26,1,368701,368266,435
86635201,5.48176,8.52432,431,122640,0.195424,0.3,1,368707,368276,431
86638121,2.69635,3.30486,431,122640,0.151085,0.26,1,368709,368278,431
86640321,2.13927,2.26097,431,122640,0.142217,0.17,1,368711,368280,431
86643241,7.62785,5.25219,434,122640,0.244443,0.19,1,368720,368286,434
86646161,6.32557,5.05044,435,122640,0.224889,0.22,1,368726,368291,435
86649081,15.6651,17.0101,433,122640,0.228978,0.24,1,368744,368311,433
86652001,9.53302,6.60202,437,122640,0.229796,0.35,1,368752,368315,437
86654921,20.3066,22.9204,433,122640,0.157959,0.24,1,368775,368342,433
86657841,13.6613,10.9841,437,122640,0.199592,0.19,1,368787,368350,437
86660761,6.73226,8.59682,434,122640,0.127918,0.23,1,368792,368358,434
86663681,10.9465,11.3194,434,122640,0.217584,0.21,1,368804,368370,434
86666601,23.7893,26.2639,431,122640,0.187517,0.3,1,368831,368400,431
86669521,15.9579,15.6528,432,122640,0.221503,0.27,1,368845,368413,432
86672441,9.59157,6.33055,436,122640,0.196301,0.21,1,368853,368417,436
86675361,5.11831,6.06611,434,122640,0.22326,0.24,1,368857,368423,434
86678281,9.82366,10.8132,433,122640,0.196652,0.2,1,368868,368435,433
86681201,5.16473,3.76264,435,122640,0.19933,0.29,1,368872,368437,435
86684121,9.03295,11.9525,431,122640,0.175866,0.22,1,368882,368451,431
86687041,11.4066,9.59051,434,122640,0.243173,0.21,1,368894,368460,434
86689961,19.8813,22.7181,430,122640,0.264635,0.15,1,368916,368486,430
86692881,19.1763,17.3436,433,122640,0.204927,0.21,1,368935,368502,433
86695801,24.6353,25.8687,431,122640,0.240985,0.17,1,368961,368530,431
86698721,6.52705,6.77374,431,122640,0.272197,0.13,1,368963,368532,431
86701641,2.90541,2.95475,431,122640,0.246439,0.13,1,368965,368534,431
86703141,4.58108,0.59095,436,122640,0.233288,0.25,1,368970,368534,436
86706061,8.91622,2.51819,443,122640,0.214658,0.27,1,368980,368537,443
86708981,4.18324,7.70364,437,122640,0.210932,0.21,1,368983,368546,437
86711901,13.6366,8.74073,444,122640,0.178186,0.29,1,368999,368555,444
86714821,7.52733,12.1481,437,122640,0.147637,0.24,1,369005,368568,437
86717741,21.5055,8.82963,454,122640,0.205527,0.24,1,369030,368576,454
86720661,9.90109,19.3659,439,122640,0.177105,0.22,1,369037,368598,439
86723581,6.78022,11.8732,435,122640,0.219421,0.2,1,369043,368608,435
86726501,8.55604,7.17464,438,122640,0.203884,0.16,1,369052,368614,438
86729421,10.5112,4.63493,445,122640,0.232777,0.22,1,369063,368618,445
86732341,12.5022,15.327,440,122640,0.174555,0.12,1,369076,368636,440
86735261,8.10045,11.0654,437,122640,0.130911,0.21,1,369083,368646,437
86738181,3.22009,6.21308,434,122640,0.210182,0.18,1,369085,368651,434
86740581,9.44402,4.44262,441,122640,0.274036,0.18,1,369096,368655,441
86743501,16.2888,10.4885,447,122640,0.214807,0.23,1,369114,368667,447
86746421,9.65776,18.0977,435,122640,0.242961,0.23,1,369122,368687,435
86749341,5.13155,5.21954,437,122640,0.248592,0.25,1,369126,368689,437
86752261,2.62631,9.04391,429,122640,0.217718,0.26,1,369128,368699,429
86755181,3.72526,3.40878,431,122640,0.155544,0.18,1,369132,368701,431
86756801,1.54505,5.48176,426,122640,0.167109,0.14,1,369133,368707,426
86759721,3.50901,2.69635,428,122640,0.289422,0.14,1,369137,368709,428
86762641,6.3018,2.13927,433,122640,0.305884,0.27,1,369144,368711,433
86765561,6.06036,7.62785,430,122640,0.333177,0.22,1,369150,368720,430
86768481,6.01207,6.32557,430,122640,0.354635,0.23,1,369156,368726,430
86771401,16.4024,15.6651,431,122640,0.302927,0.23,1,369175,368744,431
86774321,12.0805,9.53302,434,122640,0.300585,0.14,1,369186,368752,434
86777241,19.2161,20.3066,432,122640,0.260117,0.21,1,369207,368775,432
86780161,10.2432,13.6613,428,122640,0.276023,0.11,1,369215,368787,428
86783081,10.8486,6.73226,434,122640,0.295205,0.24,1,369226,368792,434
86786001,8.56973,10.9465,430,122640,0.275041,0.18,1,369234,368804,430
86788921,24.1139,23.7893,431,122640,0.287008,0.23,1,369262,368831,431
86791841,16.8228,15.9579,432,122640,0.305402,0.19,1,369277,368845,432
86794761,8.16456,9.59157,430,122640,0.25308,0.23,1,369283,368853,430
86797361,4.83291,5.11831,430,122640,0.218616,0.19,1,369287,368857,430
86800281,12.1666,9.82366,433,122640,0.267723,0.2,1,369301,368868,433
86803201,4.03332,5.16473,431,122640,0.245545,0.17,1,369303,368872,431
86806121,12.0067,9.03295,435,122640,0.313109,0.26,1,369317,368882,435
86809041,11.2013,11.4066,434,122640,0.222622,0.27,1,369328,368894,434
86811961,21.4403,19.8813,436,122640,0.204524,0.19,1,369352,368916,436
86814881,13.8881,19.1763,429,122640,0.288905,0.25,1,369364,368935,429
86817801,25.9776,24.6353,432,122640,0.241781,0.28,1,369393,368961,432
86820721,8.39552,6.52705,434,122640,0.192356,0.24,1,369397,368963,434
86823361,4.8791,2.90541,436,122640,0.302471,0.23,1,369401,368965,436
86826281,9.77582,4.58108,442,122640,0.236494,0.21,1,369412,368970,442
86829201,3.55516,8.91622,434,122640,0.191299,0.21,1,369414,368980,434
86832121,8.71103,4.18324,441,122640,0.16626,0.17,1,369424,368983,441
86835041,10.5422,13.6366,436,122640,0.265252,0.14,1,369435,368999,436
86837961,19.7084,7.52733,452,122640,0.17305,0.22,1,369457,369005,452
86840881,14.3417,21.5055,440,122640,0.16261,0.17,1,369470,369030,440
86843801,4.46834,9.90109,435,122640,0.200522,0.23,1,369472,369037,435
86846721,10.4937,6.78022,441,122640,0.248104,0.2,1,369484,369043,441
86849641,8.49873,8.55604,440,122640,0.233621,0.24,1,369492,369052,440
86852561,14.4997,10.5112,445,122640,0.246724,0.16,1,369508,369063,445
86855481,7.69995,12.5022,438,122640,0.185345,0.12,1,369514,369076,438
86858401,5.53999,8.10045,436,122640,0.133069,0.23,1,369519,369083,436
86861321,9.908,3.22009,445,122640,0.250614,0.29,1,369530,369085,445
86864241,16.3816,9.44402,452,122640,0.282123,0.2,1,369548,369096,452
86867161,4.87632,16.2888,436,122640,0.272425,0.25,1,369550,369114,436
86870081,9.77526,9.65776,439,122640,0.238485,0.25,1,369561,369122,439
86873001,3.55505,5.13155,437,122640,0.231697,0.21,1,369563,369126,437
86875921,3.91101,2.62631,439,122640,0.230339,0.14,1,369567,369128,439
86877441,1.5822,3.72526,436,122640,0.214068,0.32,1,369568,369132,436
86880361,1.91644,4.74505,433,122640,0.186814,0.32,1,369570,369137,433
86883281,5.18329,0.94901,439,122640,0.301363,0.31,1,369576,369137,439
86886201,7.43666,5.7898,440,122640,0.292273,0.34,1,369584,369144,440
86889121,5.48733,5.95796,439,122640,0.234455,0.36,1,369589,369150,439
86892041,18.6975,5.99159,455,122640,0.294891,0.29,1,369611,369156,455
86894961,8.53949,16.3983,442,122640,0.282978,0.3,1,369617,369175,442
86897881,21.7079,12.0797,456,122640,0.184596,0.25,1,369642,369186,456
86900801,11.5416,19.2159,444,122640,0.204919,0.28,1,369651,369207,444
86903721,8.70832,10.2432,444,122640,0.192984,0.3,1,369659,369215,444
86906641,8.94166,10.8486,442,122640,0.206597,0.27,1,369668,369226,442
86909561,20.1883,8.56973,457,122640,0.185319,0.29,1,369691,369234,457
86912481,16.8377,24.1139,445,122640,0.149064,0.31,1,369707,369262,445
86915401,6.56753,16.8228,434,122640,0.109813,0.24,1,369711,369277,434
86918321,10.1135,8.16456,439,122640,0.213963,0.21,1,369722,369283,439
86921241,9.2227,4.83291,444,122640,0.138793,0.28,1,369731,369287,444
86924161,3.44454,12.1666,432,122640,0.179758,0.24,1,369733,369301,432
86927081,11.0889,4.03332,443,122640,0.179952,0.33,1,369746,369303,443
86930001,11.0178,12.0067,440,122640,0.17199,0.2,1,369757,369317,440
86932921,26.2036,11.2013,459,122640,0.146398,0.2,1,369787,369328,459
86935841,12.4407,21.4403,444,122640,0.14928,0.31,1,369796,369352,444
86938761,28.0881,13.8881,464,122640,0.197856,0.23,1,369828,369364,464
86941681,7.21763,25.9776,437,122640,0.207571,0.18,1,369830,369393,437
86944601,3.04353,8.39552,435,122640,0.201514,0.22,1,369832,369397,435
86947521,8.60871,13.6791,430,122640,0.200303,0.18,1,369842,369412,430
86950441,3.32174,4.33582,430,122640,0.256061,0.16,1,369844,369414,430
86953361,12.6643,8.86716,435,122640,0.291212,0.29,1,369859,369424,435
86956281,5.73287,10.5734,428,122640,0.234242,0.15,1,369863,369435,428
86959201,21.1466,19.7147,431,122640,0.238848,0.16,1,369888,369457,431
86962121,16.2293,14.3429,433,122640,0.27977,0.21,1,369903,369470,433
86965041,6.44586,4.46859,435,122640,0.223954,0.26,1,369907,369472,435
86967961,7.68917,10.4937,431,122640,0.252791,0.23,1,369915,369484,431
86970881,11.1378,8.49874,435,122640,0.250558,0.25,1,369927,369492,435
86973801,8.62757,14.4997,427,122640,0.234112,0.17,1,369935,369508,427
86976721,11.3255,7.69995,433,122640,0.262822,0.12,1,369947,369514,433
86979641,5.4651,5.53999,432,122640,0.284564,0.12,1,369951,369519,432
86981861,10.693,1.108,444,122640,0.288913,0.28,1,369963,369519,444
86984781,15.7386,9.0216,450,122640,0.225783,0.29,1,369980,369530,450
86987701,4.74772,16.2043,434,122640,0.293157,0.27,1,369982,369548,434
86990621,7.34954,4.84086,440,122640,0.242631,0.23,1,369990,369550,440
86993541,8.66991,9.76817,438,122640,0.240526,0.23,1,369999,369561,438
86996461,4.93398,3.55363,440,122640,0.272105,0.23,1,370003,369563,440
86998081,1.7868,3.91073,437,122640,0.262421,0.35,1,370004,369567,437
87001001,1.95736,5.58215,433,122640,0.228484,0.35,1,370006,369573,433
87003921,1.99147,1.11643,435,122640,0.189697,0.33,1,370008,369573,435
87006841,6.79829,2.62329,440,122640,0.285939,0.29,1,370016,369576,440
87009761,6.15966,6.92466,438,122640,0.289188,0.22,1,370022,369584,438
87012681,20.4319,5.38493,457,122640,0.241838,0.31,1,370046,369589,457
87015601,5.68639,18.677,437,122640,0.224368,0.28,1,370048,369611,437
87018521,21.9373,8.5354,457,122640,0.188873,0.16,1,370074,369617,457
87021441,11.5875,21.7071,441,122640,0.221775,0.21,1,370083,369642,441
87024361,7.91749,11.5414,439,122640,0.228355,0.19,1,370090,369651,439
87027281,7.9835,8.70828,439,122640,0.197671,0.21,1,370098,369659,439
87030201,21.5967,8.94166,455,122640,0.199534,0.18,1,370123,369668,455
87033121,16.3193,20.1883,447,122640,0.223907,0.14,1,370138,369691,447
87036041,6.46387,16.8377,435,122640,0.220781,0.1,1,370142,369707,435
87038961,9.29277,6.56753,441,122640,0.140156,0.24,1,370152,369711,441
87041881,9.85855,10.1135,440,122640,0.140031,0.12,1,370162,369722,440
87044801,3.57171,9.2227,433,122640,0.140006,0.19,1,370164,369731,433
87047721,8.71434,3.44454,441,122640,0.172001,0.18,1,370174,369733,441
87050641,10.5429,11.0889,439,122640,0.2424,0.17,1,370185,369746,439
87053561,26.1086,11.0178,458,122640,0.24048,0.14,1,370215,369757,458
87056481,16.4217,26.2036,442,122640,0.256096,0.15,1,370229,369787,442
87059401,27.2843,12.4407,463,122640,0.131219,0.21,1,370259,369796,463
87062321,7.05687,28.0881,433,122640,0.106244,0.21,1,370261,369828,433
87065241,3.01137,7.21763,433,122640,0.101249,0.2,1,370263,369830,433
87068161,11.8023,3.04353,445,122640,0.17225,0.2,1,370277,369832,445
87071081,3.96045,8.60871,437,122640,0.15445,0.27,1,370279,369842,437
87074001,11.9921,3.32174,449,122640,0.17489,0.3,1,370293,369844,449
87076921,3.99842,12.6643,436,122640,0.186978,0.22,1,370295,369859,436
87079841,19.9997,5.73287,456,122640,0.0693956,0.24,1,370319,369863,456
87082761,19.1999,21.1466,450,122640,0.0938791,0.29,1,370338,369888,450
87085681,5.43999,16.2293,437,122640,0.0667758,0.21,1,370340,369903,437
87088601,7.488,6.44586,441,122640,0.0613552,0.26,1,370348,369907,441
87091061,10.2976,7.68917,444,122640,0.100271,0.25,1,370359,369915,444
87093981,10.0595,11.1378,442,122640,0.0680542,0.23,1,370369,369927,442
87096901,8.4119,8.62757,442,122640,0.109611,0.27,1,370377,369935,442
87099821,4.08238,11.3255,433,122640,0.189922,0.29,1,370380,369947,433
87102741,13.6165,5.4651,445,122640,0.117984,0.29,1,370396,369951,445
87105661,15.5233,10.693,449,122640,0.135597,0.21,1,370412,369963,449
87108581,7.90466,15.7386,438,122640,0.123119,0.31,1,370418,369980,438
87111501,4.78093,4.74772,440,122640,0.176624,0.23,1,370422,369982,440
87114421,5.75619,7.34954,438,122640,0.155325,0.24,1,370428,369990,438
87117341,4.35124,8.66991,433,122640,0.151065,0.28,1,370432,369999,433
87120261,3.27025,4.93398,432,122640,0.174213,0.22,1,370435,370003,432
87123181,7.05405,3.3868,437,122640,0.146843,0.18,1,370443,370006,437
87125381,4.61081,2.27736,439,122640,0.173369,0.31,1,370447,370008,439
87128301,2.52216,6.85547,433,122640,0.146674,0.29,1,370449,370016,433
87131221,7.70443,6.17109,436,122640,0.221335,0.23,1,370458,370022,436
87134141,16.7409,20.4342,431,122640,0.188267,0.22,1,370477,370046,431
87137061,8.14818,5.68684,435,122640,0.173653,0.18,1,370483,370048,435
87139981,19.2296,21.9374,431,122640,0.178731,0.23,1,370505,370074,431
87142901,10.2459,11.5875,430,122640,0.227746,0.23,1,370513,370083,430
87145821,6.84919,7.91749,429,122640,0.197549,0.19,1,370519,370090,429
87148741,10.9698,7.9835,433,122640,0.25551,0.2,1,370531,370098,433
87151661,21.394,21.5967,432,122640,0.275102,0.23,1,370555,370123,432
87154581,12.2788,16.3193,427,122640,0.23102,0.22,1,370565,370138,427
87157501,5.65576,6.46387,427,122640,0.222204,0.12,1,370569,370142,427
87160421,9.93115,9.29277,428,122640,0.268441,0.14,1,370580,370152,428
87163341,13.1862,9.85855,432,122640,0.237688,0.14,1,370594,370162,432
87166261,4.23725,3.57171,432,122640,0.207538,0.14,1,370596,370164,432
87168021,5.64745,0.714342,438,122640,0.137508,0.18,1,370602,370164,438
87170941,7.52949,8.14287,436,122640,0.211502,0.26,1,370610,370174,436
87173861,31.9059,10.4286,463,122640,0.0903003,0.24,1,370648,370185,463
87176781,15.9812,26.0857,445,122640,0.20206,0.26,1,370660,370215,445
87179701,25.5962,16.4171,459,122640,0.232412,0.1,1,370688,370229,459
87182621,6.71925,27.2834,431,122640,0.214482,0.1,1,370690,370259,431
87185541,3.74385,7.05669,432,122640,0.154896,0.1,1,370693,370261,432
87187361,2.34877,3.01134,432,122640,0.110979,0.19,1,370695,370263,432
87190281,8.46975,11.8023,428,122640,0.190196,0.15,1,370705,370277,428
87193201,4.89395,3.96045,430,122640,0.206039,0.18,1,370709,370279,430
87196121,8.97879,11.9921,426,122640,0.185208,0.19,1,370719,370293,426
87199041,8.19576,3.99842,432,122640,0.253042,0.04,1,370727,370295,432
87201961,16.0392,19.9997,426,122640,0.242608,0.1,1,370745,370319,426
87204881,17.6078,19.1999,425,122640,0.176522,0.06,1,370763,370338,425
87207801,5.12157,5.43999,425,122640,0.163304,0.06,1,370765,370340,425
87210241,9.02431,7.488,427,122640,0.200661,0.11,1,370775,370348,427
87213161,8.20486,10.2976,424,122640,0.152132,0.06,1,370783,370359,424
87216081,13.641,10.0595,429,122640,0.134426,0.12,1,370798,370369,429
87219001,7.52819,8.4119,427,122640,0.162885,0.21,1,370804,370377,427
87221921,7.10564,4.08238,431,122640,0.160577,0.1,1,370811,370380,431
87224841,11.8211,13.6165,428,122640,0.112115,0.14,1,370824,370396,428
87227761,18.3642,15.5233,432,122640,0.134423,0.12,1,370844,370412,432
87230681,6.87284,7.90466,430,122640,0.170885,0.19,1,370848,370418,430
87233601,4.57457,4.78093,430,122640,0.186177,0.15,1,370852,370422,430
87236241,4.11491,5.75619,428,122640,0.165235,0.15,1,370856,370428,428
87239161,4.02298,4.35124,428,122640,0.161047,0.18,1,370860,370432,428
87242081,5.6046,3.27025,431,122640,0.216209,0.14,1,370866,370435,431
87245001,2.72092,7.05405,425,122640,0.259242,0.18,1,370868,370443,425
87247921,5.34418,4.61081,427,122640,0.203848,0.14,1,370874,370447,427
87250801,6.66884,2.52216,432,122640,0.24877,0.24,1,370881,370449,432
87253721,2.93377,7.70443,425,122640,0.225754,0.18,1,370883,370458,425
87256641,22.1868,16.7409,433,124100,0.317151,0.17,1,370910,370477,433
87259561,9.23735,8.14818,433,124100,0.29543,0.18,1,370916,370483,433
87262481,20.2475,19.2296,434,124100,0.267086,0.24,1,370939,370505,434
87265401,12.0495,10.2459,436,124100,0.133417,0.19,1,370949,370513,436
87268321,7.2099,6.84919,436,124100,0.210683,0.27,1,370955,370519,436
87271241,11.042,10.9698,436,124100,0.226137,0.28,1,370967,370531,436
87274161,19.0084,21.394,433,124100,0.237227,0.22,1,370988,370555,433
87277081,9.40168,12.2788,430,124100,0.223445,0.22,1,370995,370565,430
87280001,7.48034,5.65576,433,124100,0.204689,0.28,1,371002,370569,433
87282921,6.29607,9.93115,428,124100,0.224938,0.23,1,371008,370580,428
87285841,14.0592,13.1862,430,124100,0.212988,0.2,1,371024,370594,430
87288761,4.41184,4.23725,430,124100,0.186598,0.12,1,371026,370596,430
87291681,10.4824,5.64745,436,124100,0.149319,0.23,1,371038,370602,436
87294601,34.0965,7.52949,468,124100,0.0938639,0.06,1,371078,370610,468
87297521,15.6193,31.9059,441,124100,0.0907728,0.23,1,371089,370648,441
87300441,22.3239,15.9812,453,124100,0.170155,0.24,1,371113,370660,453
87303361,6.06477,25.5962,427,124100,0.242031,0.21,1,371115,370688,427
87306281,8.41295,6.71925,434,124100,0.256406,0.14,1,371124,370690,434
87308421,3.28259,3.74385,433,124100,0.259281,0.1,1,371126,370693,433
87311341,8.65652,2.34877,441,124100,0.195856,0.21,1,371136,370695,441
87314261,3.3313,8.46975,433,124100,0.167171,0.21,1,371138,370705,433
87317181,11.8663,4.89395,443,124100,0.225434,0.18,1,371152,370709,443
87319861,3.97325,8.97879,435,124100,0.197087,0.27,1,371154,370719,435
87322781,17.5947,8.19576,448,124100,0.127417,0.24,1,371175,370727,448
87325701,15.5189,16.0392,445,124100,0.113483,0.16,1,371190,370745,445
87328621,8.70379,17.6078,434,124100,0.150697,0.16,1,371197,370763,434
87331541,6.54076,5.12157,438,124100,0.198139,0.14,1,371203,370765,438
87334461,6.10815,15.4243,426,124100,0.151628,0.13,1,371209,370783,426
87337381,17.2216,15.0849,431,124100,0.134326,0.17,1,371229,370798,431
87340301,6.64433,7.81697,429,124100,0.250865,0.16,1,371233,370804,429
87343221,6.12887,7.16339,428,124100,0.250173,0.1,1,371239,370811,428
87346141,14.8258,11.8327,432,124100,0.194035,0.14,1,371256,370824,432
87349061,16.5652,18.3665,429,124100,0.246807,0.18,1,371273,370844,429
87351981,4.91303,6.87331,427,124100,0.289361,0.19,1,371275,370848,427
87354901,7.38261,4.57466,431,124100,0.209872,0.19,1,371283,370852,431
87357301,6.27652,0.914932,437,124100,0.209974,0.16,1,371289,370852,437
87360221,4.4553,3.38299,437,124100,0.249995,0.16,1,371293,370856,437
87363141,5.69106,3.8766,439,124100,0.209999,0.23,1,371299,370860,439
87366061,2.73821,5.57532,435,124100,0.218,0.27,1,371301,370866,435
87368981,3.74764,2.71506,437,124100,0.2756,0.19,1,371305,370868,437
87371901,8.74953,5.34301,441,124100,0.23112,0.26,1,371315,370874,441
87374821,3.34991,6.6686,436,124100,0.222224,0.22,1,371317,370881,436
87377741,2.26998,2.93372,436,124100,0.244445,0.34,1,371319,370883,436
87380661,18.854,22.1867,432,124100,0.264889,0.29,1,371342,370910,432
87383581,6.9708,9.23735,430,124100,0.236978,0.26,1,371346,370916,430
87386501,18.9942,20.2475,429,124100,0.239396,0.1,1,371368,370939,429
87389421,11.7988,12.0495,429,124100,0.247879,0.23,1,371378,370949,429
87392341,10.3598,7.2099,433,124100,0.273576,0.23,1,371388,370955,433
87395261,6.87195,11.042,427,124100,0.278715,0.24,1,371394,370967,427
87398181,20.5744,19.0084,430,124100,0.255743,0.22,1,371418,370988,430
87401101,12.1149,9.40168,433,124100,0.307149,0.2,1,371428,370995,433
87404021,5.62298,7.48034,430,124100,0.32543,0.23,1,371432,371002,430
87406941,5.1246,6.29607,429,124100,0.265086,0.21,1,371437,371008,429
87409861,13.8249,14.0592,429,124100,0.221017,0.18,1,371453,371024,429
87412781,4.36498,4.41184,429,124100,0.180203,0.14,1,371455,371026,429
87415701,8.873,10.4824,427,124100,0.228041,0.08,1,371465,371038,427
87418621,32.9746,34.0965,426,124100,0.229608,0.09,1,371504,371078,426
87421541,20.1949,15.6193,432,124100,0.213922,0.19,1,371521,371089,432
87424461,24.839,22.3239,434,124100,0.306784,0.26,1,371547,371113,434
87427381,6.5678,6.06477,434,124100,0.301357,0.26,1,371549,371115,434
87430301,6.11356,8.41295,431,124100,0.316271,0.26,1,371555,371124,431
87433221,9.22271,3.28259,439,124100,0.271254,0.18,1,371565,371126,439
87436141,6.64454,8.65652,435,124100,0.294251,0.16,1,371571,371136,435
87439061,12.5289,3.3313,447,124100,0.25085,0.24,1,371585,371138,447
87441981,4.10578,11.8663,435,124100,0.25017,0.19,1,371587,371152,435
87444901,12.8212,3.97325,448,124100,0.362034,0.11,1,371602,371154,448
87447821,19.3642,17.5947,448,124100,0.240407,0.11,1,371623,371175,448
87450741,5.47285,15.5189,435,124100,0.224081,0.16,1,371625,371190,435
87453661,9.09457,8.70379,438,124100,0.236816,0.21,1,371635,371197,438
87456581,7.41891,6.54076,439,124100,0.303363,0.14,1,371642,371203,439
87459501,17.4838,6.10815,453,124100,0.292673,0.13,1,371662,371209,453
87462421,6.69676,17.2216,437,124100,0.218535,0.28,1,371666,371229,437
87465341,2.93935,6.64433,435,124100,0.203707,0.25,1,371668,371233,435
87468261,16.5879,6.12887,449,124100,0.192741,0.18,1,371688,371239,449
87471181,16.1176,14.8258,448,124100,0.238548,0.26,1,371704,371256,448
87474101,4.82351,16.5652,433,124100,0.27971,0.3,1,371706,371273,433
87476481,9.7647,4.91303,442,124100,0.327942,0.21,1,371717,371275,442
87479401,5.15294,12.1826,432,124100,0.313588,0.21,1,371721,371289,432
87482321,4.23059,2.43652,436,124100,0.294718,0.26,1,371725,371289,436
87485241,5.64612,3.6873,438,124100,0.306944,0.2,1,371731,371293,438
87488161,2.72922,5.53746,434,124100,0.309389,0.22,1,371733,371299,434
87491081,3.74584,2.70749,436,124100,0.309878,0.29,1,371737,371301,436
87494001,5.54917,3.7415,438,124100,0.293976,0.22,1,371743,371305,438
87496921,2.70983,8.7483,430,124100,0.282795,0.22,1,371745,371315,430
87499361,2.14197,3.34966,430,124100,0.288559,0.18,1,371747,371317,430
87502281,21.2284,7.06993,448,124100,0.289712,0.27,1,371773,371325,448
87505201,11.4457,15.014,440,124100,0.313942,0.23,1,371782,371342,440
87508121,18.2891,6.2028,456,124100,0.310788,0.24,1,371802,371346,456
87511041,13.2578,18.8406,446,124100,0.286158,0.25,1,371814,371368,446
87513961,9.85157,11.7681,445,124100,0.209232,0.28,1,371823,371378,445
87516881,6.77031,10.3536,441,124100,0.289846,0.28,1,371829,371388,441
87519801,22.1541,6.87072,461,124100,0.265969,0.25,1,371855,371394,461
87522721,9.23081,20.5741,443,124100,0.197194,0.32,1,371861,371418,443
87525641,5.04616,12.1148,437,124100,0.183439,0.33,1,371865,371428,437
87528561,6.60923,5.62297,440,124100,0.300688,0.25,1,371872,371432,440
87531481,12.5218,5.12459,449,124100,0.204138,0.21,1,371886,371437,449
87534401,4.10437,13.8249,435,124100,0.176828,0.17,1,371888,371453,435
87537321,8.82087,4.36498,443,124100,0.235366,0.24,1,371898,371455,443
87540241,36.1642,8.873,476,124100,0.159073,0.23,1,371941,371465,476
87543161,20.8328,32.9746,454,124100,0.159815,0.21,1,371958,371504,454
87546081,24.1666,20.1949,462,124100,0.215963,0.33,1,371983,371521,462
87549001,6.43331,24.839,438,124100,0.195193,0.3,1,371985,371547,438
87551921,5.28666,6.5678,441,124100,0.151039,0.32,1,371990,371549,441
87553861,2.65733,6.11356,437,124100,0.142208,0.26,1,371992,371555,437
87556781,6.13147,9.22271,434,124100,0.180442,0.3,1,371999,371565,434
87559701,6.02629,6.64454,434,124100,0.204088,0.24,1,372005,371571,434
87562621,14.8053,12.5289,437,124100,0.200818,0.25,1,372022,371585,437
87565541,4.56105,4.10578,437,124100,0.224164,0.39,1,372024,371587,437
87568461,12.1122,12.8212,436,124100,0.276833,0.21,1,372038,371602,436
87571381,17.6224,19.3642,434,124100,0.239367,0.22,1,372057,371623,434
87574301,5.12449,5.47285,434,124100,0.199873,0.24,1,372059,371625,434
87577221,10.6249,9.09457,436,124100,0.255975,0.32,1,372071,371635,436
87580141,10.125,7.41891,439,124100,0.259195,0.29,1,372081,371642,439
87583061,14.825,17.4838,435,124100,0.243839,0.2,1,372097,371662,435
87585981,8.565,6.69676,438,124100,0.208768,0.2,1,372104,371666,438
87588181,3.313,2.93935,438,124100,0.169754,0.19,1,372106,371668,438
87591101,10.2626,16.5879,430,124100,0.249951,0.25,1,372118,371688,430
87594021,22.0525,16.1176,439,124100,0.26599,0.29,1,372143,371704,439
87596941,6.0105,4.82351,439,124100,0.229198,0.34,1,372145,371706,439
87599861,7.6021,9.7647,436,124100,0.29384,0.31,1,372153,371717,436
87602781,6.32042,5.15294,438,124100,0.314768,0.29,1,372159,371721,438
87605701,4.46408,4.23059,438,124100,0.302954,0.31,1,372163,371725,438
87608621,4.09282,5.64612,436,124100,0.276591,0.31,1,372167,371731,436
87611541,2.41856,2.72922,436,124100,0.327318,0.31,1,372169,371733,436
87614181,5.28371,3.74584,438,124100,0.337464,0.29,1,372175,371737,438
87617101,2.65674,5.54917,434,124100,0.307493,0.28,1,372177,371743,434
87620021,2.13135,2.70983,434,124100,0.301499,0.29,1,372179,371745,434
87622081,2.02627,2.14197,434,124100,0.3083,0.29,1,372181,371747,434
87625001,22.8053,21.2284,436,124100,0.38166,0.32,1,372209,371773,436
87627921,12.5611,11.4457,437,124100,0.316332,0.31,1,372219,371782,437
87630841,12.9122,18.2891,430,124100,0.311266,0.28,1,372232,371802,430
87633761,16.9824,13.2578,436,124100,0.270253,0.19,1,372250,371814,436
87636681,10.5965,9.85157,436,124100,0.286051,0.31,1,372259,371823,436
87639601,6.1193,6.77031,435,124100,0.27321,0.26,1,372264,371829,435
87642521,20.4239,22.1541,433,124100,0.286642,0.18,1,372288,371855,433
87645441,12.0848,9.23081,437,124100,0.297328,0.18,1,372298,371861,437
87648361,5.61695,5.04616,437,124100,0.267466,0.33,1,372302,371865,437
87651281,2.72339,6.60923,432,124100,0.349493,0.18,1,372304,371872,432
87654201,14.1447,12.5218,435,124100,0.293899,0.17,1,372321,371886,435
87657121,4.42894,4.10437,435,124100,0.25078,0.25,1,372323,371888,435
87660041,7.28579,8.82087,433,124100,0.178156,0.14,1,372331,371898,433
87662961,31.8572,36.1642,428,124100,0.203631,0.16,1,372369,371941,428
87665881,23.9714,20.8328,433,124100,0.272726,0.23,1,372391,371958,433
87668801,20.7943,24.1666,428,124100,0.326545,0.19,1,372411,371983,428
87671721,5.75886,6.43331,428,124100,0.329309,0.14,1,372413,371985,428
87674081,7.55177,5.28666,431,124100,0.281862,0.17,1,372421,371990,431
87677001,7.91035,5.05733,434,124100,0.216372,0.19,1,372429,371995,434
87679921,3.18207,4.21147,432,124100,0.171274,0.21,1,372431,371999,432
87682841,5.43641,5.64229,432,124100,0.242255,0.2,1,372437,372005,432
87685761,12.2873,14.7285,429,124100,0.232451,0.23,1,372451,372022,429
87688681,8.85746,4.54569,435,124100,0.20649,0.29,1,372459,372024,435
87691601,12.9715,12.1091,435,124100,0.273298,0.23,1,372473,372038,435
87694521,12.1943,17.6218,428,124100,0.23066,0.19,1,372485,372057,428
87697441,10.4389,5.12437,436,124100,0.126132,0.27,1,372495,372059,436
87700361,11.6878,10.6249,436,124100,0.209226,0.26,1,372507,372071,436
87703281,10.3376,10.125,436,124100,0.225845,0.24,1,372517,372081,436
87706201,9.26751,14.825,429,124100,0.253169,0.2,1,372526,372097,429
87709121,13.8535,8.565,437,124100,0.186634,0.16,1,372541,372104,437
87711941,6.7707,3.313,440,124100,0.117327,0.27,1,372546,372106,440
87714861,6.15414,10.2626,434,124100,0.167465,0.27,1,372552,372118,434
87717781,25.2308,22.0525,439,124100,0.169493,0.22,1,372582,372143,439
87720701,6.64617,6.0105,439,124100,0.137899,0.31,1,372584,372145,439
87723621,6.12923,7.6021,437,124100,0.24358,0.32,1,372590,372153,437
87726541,7.62585,6.32042,439,124100,0.240716,0.3,1,372598,372159,439
87729461,4.72517,4.46408,439,124100,0.232143,0.27,1,372602,372163,439
87732381,2.54503,4.09282,437,124100,0.222429,0.34,1,372604,372167,437
87734821,4.50901,2.41856,440,124100,0.172486,0.34,1,372609,372169,440
87737741,4.1018,5.28371,438,124100,0.162497,0.3,1,372613,372175,438
87740661,4.02036,2.65674,440,124100,0.224499,0.3,1,372617,372177,440
87743141,4.80407,2.13135,443,124100,0.2049,0.32,1,372622,372179,443
87746061,3.36081,6.02627,439,124100,0.18498,0.4,1,372625,372186,439
87748981,15.8722,19.6053,435,124100,0.148996,0.3,1,372644,372209,435
87751901,11.9744,11.9211,436,124100,0.237799,0.31,1,372655,372219,436
87754821,14.3949,12.7842,438,124100,0.25556,0.26,1,372670,372232,438
87757741,14.079,16.9568,434,124100,0.243112,0.29,1,372684,372250,434
87760661,11.6158,10.5914,436,124100,0.128622,0.27,1,372695,372259,436
87763581,7.12316,6.11827,437,124100,0.209724,0.29,1,372701,372264,437
87766501,20.6246,20.4237,437,124100,0.273945,0.3,1,372725,372288,437
87769421,14.5249,12.0847,440,124100,0.294789,0.26,1,372738,372298,440
87772341,6.10499,5.61695,440,124100,0.234958,0.37,1,372742,372302,440
87774341,2.021,2.72339,439,124100,0.270992,0.28,1,372743,372304,439
87777261,8.4042,14.1447,432,124100,0.286198,0.24,1,372753,372321,432
87780181,8.08084,4.42894,438,124100,0.20124,0.16,1,372761,372323,438
87783101,6.41617,7.28579,436,124100,0.200248,0.21,1,372767,372331,436
87786021,26.0832,31.8572,429,124100,0.19205,0.29,1,372798,372369,429
87788941,29.2166,23.9714,437,124100,0.21441,0.34,1,372828,372391,437
87791861,21.0433,20.7943,436,124100,0.330882,0.33,1,372847,372411,436
87794781,5.80867,5.75886,436,124100,0.322176,0.27,1,372849,372413,436
87796801,1.96173,7.55177,429,124100,0.304435,0.2,1,372850,372421,429
87799721,9.99235,7.91035,433,124100,0.316887,0.16,1,372862,372429,433
87802641,3.59847,3.18207,433,124100,0.319377,0.26,1,372864,372431,433
87805121,4.71969,5.43641,432,124100,0.271876,0.25,1,372869,372437,432
87808041,10.5439,4.28728,440,124100,0.254375,0.23,1,372881,372441,440
87810961,8.50879,8.85746,438,124100,0.250875,0.2,1,372889,372451,438
87813881,12.9018,8.17149,444,124100,0.266175,0.29,1,372903,372459,444
87816801,9.78035,12.8343,439,124100,0.325235,0.22,1,372912,372473,439
87819721,12.3561,12.1669,440,124100,0.297047,0.1,1,372925,372485,440
87822641,13.6712,10.4334,444,124100,0.235409,0.23,1,372939,372495,444
87825561,11.5342,11.6867,443,124100,0.335082,0.23,1,372950,372507,443
87828481,7.10685,10.3373,439,124100,0.299016,0.26,1,372956,372517,439
87831401,12.6214,9.26747,444,124100,0.291803,0.17,1,372970,372526,444
87834321,6.52427,13.8535,434,124100,0.266361,0.1,1,372975,372541,434
87837241,6.10485,6.7707,435,124100,0.325272,0.18,1,372981,372546,435
87840161,27.621,6.15414,462,124100,0.329054,0.17,1,373014,372552,462
87843081,7.12419,25.2308,434,124100,0.305811,0.13,1,373016,372582,434
87846001,6.22484,6.64617,438,124100,0.325162,0.27,1,373022,372584,438
87848921,4.44497,6.12923,436,124100,0.321032,0.24,1,373026,372590,436
87851841,4.08899,7.62585,432,124100,0.384206,0.23,1,373030,372598,432
87854761,2.4178,4.72517,430,124100,0.404841,0.22,1,373032,372602,430
87857121,6.88356,2.54503,436,124100,0.384968,0.18,1,373040,372604,436
87860041,4.57671,5.30901,434,124100,0.372994,0.16,1,373044,372610,434
87862961,2.51534,3.4618,433,124100,0.346599,0.24,1,373046,372613,433
87865441,2.90307,3.89236,432,124100,0.32532,0.2,1,373049,372617,432
87868361,6.18061,6.37847,432,124100,0.369064,0.18,1,373056,372624,432
87871281,17.2361,2.07569,451,124100,0.281813,0.14,1,373076,372625,451
87874201,9.84722,15.6151,440,124100,0.296363,0.26,1,373084,372644,440
87877121,16.3694,11.923,447,124100,0.363273,0.26,1,373102,372655,447
87880041,8.87389,14.3846,439,124100,0.320655,0.24,1,373109,372670,439
87882961,16.1748,14.0769,443,124100,0.280131,0.1,1,373127,372684,443
87885881,9.63496,11.6154,440,124100,0.312026,0.23,1,373135,372695,440
87888801,21.927,7.12308,459,124100,0.350405,0.29,1,373160,372701,459
87891721,12.3854,20.6246,445,124100,0.262081,0.3,1,373170,372725,445
87894641,6.47708,14.5249,437,124100,0.300416,0.22,1,373175,372738,437
87896641,2.89542,6.10498,435,124100,0.276083,0.29,1,373177,372742,435
87899561,3.77908,10.021,428,124100,0.255217,0.29,1,373181,372753,428
87902481,11.1558,2.0042,441,124100,0.267043,0.18,1,373194,372753,441
87905401,7.03116,6.80084,439,124100,0.245409,0.2,1,373200,372761,439
87908321,26.2062,6.16017,464,124100,0.305082,0.19,1,373231,372767,464
87911241,30.8412,26.032,465,124100,0.333016,0.22,1,373263,372798,465
87914161,22.9683,29.2064,456,124100,0.322603,0.36,1,373284,372828,456
87917081,6.19365,21.0413,439,124100,0.288521,0.32,1,373286,372847,439
87919521,2.83873,5.80826,439,124100,0.345704,0.32,1,373288,372849,439
87922441,8.56775,11.5617,436,124100,0.333141,0.32,1,373298,372862,436
87925361,3.31355,3.91233,436,124100,0.362628,0.26,1,373300,372864,436
87928281,3.86271,4.78247,435,124100,0.344526,0.25,1,373304,372869,435
87931201,9.57254,10.5565,434,124100,0.308905,0.25,1,373315,372881,434
87934121,9.91451,8.5113,436,124100,0.293781,0.27,1,373325,372889,436
87937041,14.7829,12.9023,438,124100,0.250756,0.34,1,373341,372903,438
87939961,7.75658,9.78045,435,124100,0.282151,0.29,1,373347,372912,435
87942881,11.1513,12.3561,434,124100,0.33643,0.22,1,373359,372925,434
87945801,18.2303,13.6712,440,124100,0.243286,0.36,1,373379,372939,440
87948721,10.0461,11.5342,437,124100,0.240657,0.29,1,373387,372950,437
87951641,6.80921,7.10685,437,124100,0.320131,0.29,1,373393,372956,437
87954561,9.36184,12.6214,433,124100,0.312026,0.26,1,373403,372970,433
87957481,10.6724,6.52427,439,124100,0.310405,0.34,1,373414,372975,439
87960401,6.93447,6.10485,439,124100,0.198081,0.33,1,373420,372981,439
87963321,26.9869,27.621,438,124100,0.159616,0.3,1,373452,373014,438
87966241,6.99738,7.12419,438,124100,0.255923,0.33,1,373454,373016,438
87968821,9.39948,6.22484,442,124100,0.267185,0.32,1,373464,373022,442
87971741,4.2799,4.44497,441,124100,0.325437,0.4,1,373467,373026,441
87974661,4.05598,4.08899,441,124100,0.281087,0.41,1,373471,373030,441
87976721,2.4112,2.4178,441,124100,0.280217,0.42,1,373473,373032,441
87979641,6.88224,3.68356,445,124100,0.296043,0.38,1,373481,373036,445
87982561,3.77645,3.93671,444,124100,0.267209,0.37,1,373484,373040,444
87985481,3.15529,3.98734,443,124100,0.293442,0.34,1,373487,373044,443
87988401,3.03106,2.39747,444,124100,0.274688,0.38,1,373490,373046,444
87991321,4.60621,8.47949,439,124100,0.262938,0.26,1,373495,373056,439
87994241,13.7212,17.6959,435,124100,0.316588,0.3,1,373511,373076,435
87997161,11.5442,9.93918,438,124100,0.319318,0.38,1,373522,373084,438
88000081,15.1088,16.3878,436,124100,0.295864,0.31,1,373538,373102,436
88003001,11.8218,8.87757,440,124100,0.331173,0.27,1,373549,373109,440
88005921,12.7644,16.1755,435,124100,0.330235,0.32,1,373562,373127,435
88008841,12.1529,9.6351,439,124100,0.346047,0.36,1,373574,373135,439
88011761,18.4306,21.927,434,124100,0.365209,0.24,1,373594,373160,434
88014681,11.6861,12.3854,434,124100,0.353042,0.31,1,373604,373170,434
88017601,8.73722,6.47708,437,124100,0.286608,0.27,1,373612,373175,437
88019361,2.54744,2.89542,436,124100,0.289322,0.25,1,373613,373177,436
88022281,3.70949,3.77908,436,124100,0.353864,0.27,1,373617,373181,436
88025201,10.3419,11.1558,435,124100,0.358773,0.24,1,373629,373194,435
88028121,10.0684,7.03116,439,124100,0.279755,0.32,1,373639,373200,439
88031041,22.8137,26.2062,434,124100,0.327951,0.34,1,373665,373231,434
88033961,30.9627,30.8412,435,124100,0.18559,0.32,1,373698,373263,435
88036881,25.3925,22.9683,438,124100,0.333118,0.28,1,373722,373284,438
88039801,7.47851,6.19365,439,124100,0.354624,0.36,1,373725,373286,439
88042241,3.0957,2.83873,439,124100,0.342925,0.33,1,373727,373288,439
88045161,5.41914,8.56775,435,124100,0.396585,0.37,1,373733,373298,435
88048081,2.68383,3.31355,435,124100,0.375317,0.34,1,373735,373300,435
88050561,5.33677,3.86271,437,124100,0.395063,0.29,1,373741,373304,437
88053481,9.06735,2.37254,445,124100,0.319013,0.3,1,373751,373306,445
88056401,9.01347,7.67451,445,124100,0.327803,0.29,1,373760,373315,445
88059321,13.8027,9.5349,450,124100,0.34556,0.24,1,373775,373325,450
88062241,11.5605,14.707,445,124100,0.389112,0.29,1,373786,373341,445
88065161,5.51211,7.7414,443,124100,0.373822,0.35,1,373790,373347,443
88068081,17.9024,11.1483,452,124100,0.274764,0.22,1,373811,373359,452
88071001,11.5805,18.2297,442,124100,0.182953,0.24,1,373821,373379,442
88073921,7.9161,10.0459,441,124100,0.300591,0.34,1,373828,373387,441
88076841,9.58322,6.80919,445,124100,0.300118,0.31,1,373838,373393,445
88079761,5.11664,9.36184,439,124100,0.316024,0.31,1,373842,373403,439
88082681,12.2233,10.6724,442,124100,0.375205,0.17,1,373856,373414,442
88085601,27.2447,6.93447,467,124100,0.299041,0.15,1,373887,373420,467
88088521,7.84893,26.9869,438,124100,0.243808,0.28,1,373890,373452,438
88091441,8.76979,6.99738,445,124100,0.336762,0.27,1,373899,373454,445
88094361,4.15396,9.39948,438,124100,0.347352,0.34,1,373902,373464,438
88096321,4.83079,4.2799,440,124100,0.34147,0.31,1,373907,373467,440
88099241,4.16616,7.25598,436,124100,0.308294,0.31,1,373911,373475,436
88102161,4.03323,1.4512,440,124100,0.293659,0.3,1,373915,373475,440
88105081,2.40665,5.09024,436,124100,0.346732,0.26,1,373917,373481,436
88107761,2.08133,3.41805,435,124100,0.357346,0.28,1,373919,373484,435
88110681,3.61627,3.88361,435,124100,0.359469,0.27,1,373923,373488,435
88113601,5.52325,2.37672,439,124100,0.343894,0.26,1,373929,373490,439
88116521,14.7047,4.47534,451,124100,0.324779,0.33,1,373946,373495,451
88119441,11.7409,13.6951,446,124100,0.288956,0.32,1,373957,373511,446
88122361,17.5482,11.539,454,124100,0.329791,0.29,1,373976,373522,454
88125281,13.1096,15.1078,450,124100,0.377958,0.34,1,373988,373538,450
88128201,10.6219,11.8216,449,124100,0.315592,0.33,1,373998,373549,449
88131121,12.5244,12.7643,449,124100,0.351118,0.35,1,374011,373562,449
88134041,20.1049,12.1529,459,124100,0.406224,0.37,1,374033,373574,459
88136961,9.62098,18.4306,446,124100,0.433245,0.35,1,374040,373594,446
88139881,7.52419,11.6861,443,124100,0.414649,0.27,1,374047,373604,443
88142081,3.10484,8.73722,437,124100,0.41893,0.37,1,374049,373612,437
88145001,3.82097,5.74744,436,124100,0.387786,0.36,1,374053,373617,436
88147921,9.56419,10.7495,435,124100,0.373557,0.26,1,374064,373629,435
88150841,13.1128,10.1499,439,124100,0.426711,0.34,1,374078,373639,439
88153761,21.8226,22.83,437,124100,0.373342,0.15,1,374102,373665,437
88156681,29.1645,30.966,435,124100,0.330668,0.37,1,374133,373698,435
88159601,29.8329,25.3932,441,124100,0.322134,0.36,1,374163,373722,441
88162521,7.56658,7.47864,440,124100,0.344427,0.34,1,374165,373725,440
88164961,3.11332,3.09573,440,124100,0.348885,0.41,1,374167,373727,440
88167881,5.42266,5.41915,440,124100,0.349777,0.37,1,374173,373733,440
88170801,2.68453,2.68383,440,124100,0.357955,0.4,1,374175,373735,440
88173281,2.13691,5.33677,436,124100,0.367591,0.3,1,374177,373741,436
88176201,10.8274,9.06735,439,124100,0.393518,0.33,1,374190,373751,439
88179121,6.16548,9.01347,435,124100,0.342704,0.35,1,374195,373760,435
88182041,18.0331,13.8027,441,124100,0.244541,0.4,1,374216,373775,441
88184961,13.2066,11.5605,442,124100,0.296908,0.37,1,374228,373786,442
88187881,4.24132,5.51211,440,124100,0.339382,0.25,1,374230,373790,440
88190801,10.4483,17.9024,431,124100,0.363876,0.16,1,374242,373811,431
88193721,14.8897,11.5805,437,124100,0.264775,0.33,1,374258,373821,437
88196641,9.37793,7.9161,438,124100,0.284955,0.3,1,374266,373828,438
88199561,6.67559,9.58322,434,124100,0.328991,0.32,1,374272,373838,434
88202481,7.73512,5.11664,438,124100,0.281798,0.39,1,374280,373842,438
88205401,14.347,12.2233,440,124100,0.29636,0.28,1,374296,373856,440
88208321,27.6694,27.2447,440,124100,0.275272,0.23,1,374327,373887,440
88211241,7.13388,7.84893,439,124100,0.279054,0.36,1,374329,373890,439
88214161,6.22678,8.76979,436,124100,0.319811,0.35,1,374335,373899,436
88217081,2.84536,4.15396,435,124100,0.319962,0.34,1,374337,373902,435
88220001,8.56907,4.83079,440,124100,0.319992,0.3,1,374347,373907,440
88222921,4.91381,4.16616,440,124100,0.327998,0.29,1,374351,373911,440
88225281,3.38276,4.03323,439,124100,0.2896,0.38,1,374354,373915,439
88228201,3.07655,3.20665,439,124100,0.23392,0.36,1,374357,373918,439
88231121,3.81531,1.44133,442,124100,0.326784,0.36,1,374361,373919,442
88234041,3.96306,3.48827,442,124100,0.337357,0.34,1,374365,373923,442
88236961,2.39261,5.49765,438,124100,0.307471,0.32,1,374367,373929,438
88239881,11.6785,14.6995,435,124100,0.365494,0.28,1,374381,373946,435
88242801,11.1357,11.7399,435,124100,0.313099,0.34,1,374392,373957,435
88245721,18.2271,17.548,436,124100,0.29462,0.39,1,374412,373976,436
88248641,14.8454,13.1096,438,124100,0.314924,0.3,1,374426,373988,438
88251561,13.3691,10.6219,441,124100,0.286985,0.36,1,374439,373998,441
88254481,11.4738,12.5244,439,124100,0.273397,0.42,1,374450,374011,439
88257401,23.0948,20.1049,443,124100,0.302679,0.44,1,374476,374033,443
88260321,10.219,9.62098,443,124100,0.292536,0.41,1,374483,374040,443
88263241,5.24379,7.52419,440,124100,0.298507,0.42,1,374487,374047,440
88266161,2.64876,3.10484,440,124100,0.307701,0.38,1,374489,374049,440
88267921,2.92975,3.82097,439,124100,0.32554,0.37,1,374492,374053,439
88270841,5.38595,9.56419,434,124100,0.337108,0.44,1,374498,374064,434
88273761,13.0772,13.1128,435,124100,0.299422,0.36,1,374513,374078,435
88276681,24.2154,21.8226,438,124100,0.243884,0.32,1,374540,374102,438
88279601,31.2431,29.1645,440,124100,0.208777,0.32,1,374573,374133,440
88282521,30.2486,29.8329,440,124100,0.273755,0.35,1,374603,374163,440
88285441,7.64972,7.56658,440,124100,0.254751,0.35,1,374605,374165,440
88287681,3.12994,3.11332,440,124100,0.25095,0.35,1,374607,374167,440
88290601,6.22599,5.42266,441,124100,0.29819,0.36,1,374614,374173,441
88293521,2.8452,2.68453,441,124100,0.307638,0.37,1,374616,374175,441
88296001,2.16904,2.13691,441,124100,0.373528,0.4,1,374618,374177,441
88298921,6.83381,10.8274,436,124100,0.330706,0.33,1,374626,374190,436
88301841,7.76676,6.16548,439,124100,0.354141,0.22,1,374634,374195,439
88304761,15.1534,18.0331,435,124100,0.262828,0.31,1,374651,374216,435
88307681,15.8307,13.2066,439,124100,0.268566,0.35,1,374667,374228,439
88310601,4.76613,4.24132,439,124100,0.269713,0.37,1,374669,374230,439
88313521,5.75323,10.4483,433,124100,0.237943,0.24,1,374675,374242,433
88316441,15.5506,14.8897,435,124100,0.207589,0.29,1,374693,374258,435
88319361,9.51013,9.37793,435,124100,0.217518,0.34,1,374701,374266,435
88322281,9.10203,6.67559,438,124100,0.243504,0.27,1,374710,374272,438
88325201,6.62041,7.73512,436,124100,0.280701,0.3,1,374716,374280,436
88328121,10.1241,14.347,431,124100,0.29614,0.27,1,374727,374296,431
88331041,32.4248,27.6694,438,124100,0.243228,0.28,1,374765,374327,438
88333961,8.08496,7.13388,438,124100,0.256646,0.33,1,374767,374329,438
88335521,5.61699,6.22678,437,124100,0.291329,0.34,1,374772,374335,437
88338441,2.7234,2.04536,438,124100,0.306266,0.32,1,374774,374336,438
88341361,3.74468,1.20907,441,124100,0.301253,0.32,1,374778,374337,441
88344281,9.54894,8.24181,442,124100,0.332251,0.33,1,374789,374347,442
88347201,3.50979,4.84836,440,124100,0.33045,0.28,1,374791,374351,440
88350081,2.30196,3.36967,439,124100,0.29809,0.28,1,374793,374354,439
88353001,2.06039,3.87393,437,124100,0.259618,0.35,1,374795,374358,437
88355921,7.61208,3.17479,443,124100,0.307924,0.34,1,374804,374361,443
88358841,3.12242,3.83496,441,124100,0.285585,0.3,1,374806,374365,441
88361761,8.62448,2.36699,449,124100,0.265117,0.38,1,374816,374367,449
88364681,13.7249,11.6734,450,124100,0.261023,0.3,1,374831,374381,450
88367601,17.945,11.1347,458,124100,0.308205,0.29,1,374850,374392,458
88370521,13.189,18.2269,450,124100,0.197641,0.32,1,374862,374412,450
88373441,11.4378,14.8454,447,124100,0.207528,0.28,1,374873,374426,447
88376361,10.2876,13.3691,444,124100,0.209506,0.27,1,374883,374439,444
88379281,25.2575,11.4738,462,124100,0.241901,0.31,1,374912,374450,462
88382201,11.4515,23.0948,444,124100,0.27238,0.29,1,374920,374476,444
88385121,5.4903,10.219,441,124100,0.254476,0.3,1,374924,374483,441
88388041,2.69806,5.24379,439,124100,0.282895,0.31,1,374926,374487,439
88390961,2.93961,2.64876,440,124100,0.312579,0.34,1,374929,374489,440
88393881,2.98792,7.72975,434,124100,0.302516,0.29,1,374932,374498,434
88396801,16.5976,13.546,439,124100,0.196503,0.23,1,374952,374513,439
88399721,24.9195,24.3092,439,124100,0.231301,0.2,1,374979,374540,439
88402641,31.3839,31.2618,439,124100,0.24626,0.29,1,375012,374573,439
88405561,27.0768,30.2524,435,124100,0.249252,0.25,1,375038,374603,435
88408481,7.01536,7.65047,435,124100,0.28185,0.25,1,375040,374605,435
88410401,6.20307,3.13009,439,124100,0.28837,0.31,1,375046,374607,439
88413321,6.04061,6.22602,438,124100,0.265674,0.31,1,375052,374614,438
88416241,2.80812,2.8452,438,124100,0.237135,0.39,1,375054,374616,438
88418721,2.16162,2.16904,438,124100,0.199427,0.32,1,375056,374618,438
88421641,6.83232,6.83381,438,124100,0.303885,0.36,1,375064,374626,438
88424561,4.56646,7.76676,434,124100,0.364777,0.24,1,375068,374634,434
88427481,17.7133,15.1534,438,124100,0.296955,0.27,1,375089,374651,438
88430401,13.1427,15.8307,434,124100,0.331391,0.27,1,375101,374667,434
88433321,7.42853,4.76613,438,124100,0.314278,0.23,1,375107,374669,438
88435361,4.68571,5.75323,436,124100,0.318856,0.33,1,375111,374675,436
88438281,12.9371,3.55065,448,124100,0.263771,0.2,1,375126,374678,448
88441201,9.78743,12.7101,442,124100,0.204754,0.22,1,375135,374693,442
88444121,8.35749,8.94203,442,124100,0.200951,0.25,1,375143,374701,442
88447041,8.0715,8.98841,441,124100,0.12819,0.29,1,375151,374710,441
88449961,8.8143,6.59768,444,124100,0.217638,0.3,1,375160,374716,444
88452881,33.7629,10.1195,473,124100,0.123528,0.23,1,375200,374727,473
88455801,8.35257,32.4239,437,124100,0.104706,0.26,1,375202,374765,437
88458241,6.47051,8.08478,441,124100,0.220941,0.31,1,375208,374767,441
88461161,4.4941,7.21696,438,124100,0.252188,0.3,1,375212,374774,438
88464081,4.09882,4.64339,438,124100,0.290438,0.34,1,375216,374778,438
88467001,7.21976,9.72868,435,124100,0.290088,0.33,1,375224,374789,435
88469921,3.04395,3.54574,435,124100,0.258018,0.29,1,375226,374791,435
88471761,3.00879,2.30915,436,124100,0.299603,0.23,1,375229,374793,436
88474681,2.20176,2.86183,435,124100,0.275921,0.23,1,375231,374796,435
88477601,4.44035,0.572366,440,124100,0.303184,0.32,1,375236,374796,440
88480521,3.28807,6.51447,435,124100,0.292637,0.28,1,375239,374804,435
88483441,11.8576,2.90289,447,124100,0.290527,0.26,1,375253,374806,447
88486361,5.57152,8.58058,441,124100,0.306105,0.26,1,375257,374816,441
88489281,18.7143,13.7161,448,124100,0.205221,0.32,1,375279,374831,448
88492201,14.1429,17.9432,442,124100,0.313044,0.17,1,375292,374850,442
88495121,12.4286,13.1886,442,124100,0.294609,0.21,1,375304,374862,442
88498041,12.8857,11.4377,444,124100,0.298922,0.21,1,375317,374873,444
88500961,25.7771,10.2875,463,124100,0.267784,0.25,1,375346,374883,463
88503881,13.1554,25.2575,444,124100,0.261557,0.28,1,375356,374912,444
88506801,5.83109,11.4515,440,124100,0.228311,0.25,1,375360,374920,440
88509721,2.76622,5.4903,438,124100,0.221662,0.29,1,375362,374924,438
88512641,2.95324,2.69806,439,124100,0.276332,0.32,1,375365,374926,439
88515561,2.19065,2.93961,438,124100,0.327267,0.3,1,375367,374929,438
88518481,15.6381,2.98792,454,124100,0.273453,0.17,1,375386,374932,454
88521401,22.3276,16.5976,458,124100,0.198691,0.24,1,375410,374952,458
88524321,30.0655,24.9195,463,124100,0.135738,0.25,1,375442,374979,463
88527241,30.8131,31.3839,461,124100,0.155148,0.25,1,375473,375012,461
88530161,7.76262,27.0768,437,124100,0.20703,0.29,1,375475,375038,437
88533081,3.15252,7.01536,437,124100,0.217406,0.26,1,375477,375040,437
88536001,11.8305,11.0031,439,124100,0.219481,0.23,1,375491,375052,439
88538921,3.9661,3.80061,439,124100,0.187896,0.23,1,375493,375054,439
88540821,1.59322,0.760123,440,124100,0.221579,0.19,1,375494,375054,440
88543741,7.51864,1.75202,447,124100,0.276316,0.33,1,375503,375056,447
88546661,4.70373,6.7504,443,124100,0.263263,0.38,1,375507,375064,443
88549581,15.3407,4.55008,457,124100,0.308653,0.28,1,375525,375068,457
88552501,12.6681,17.71,448,124100,0.293731,0.34,1,375537,375089,448
88555421,4.93363,13.142,439,124100,0.274746,0.31,1,375540,375101,439
88558341,8.18673,7.4284,442,124100,0.222949,0.25,1,375549,375107,442
88561261,8.03735,16.6857,431,124100,0.18859,0.19,1,375557,375126,431
88564181,9.60747,10.5371,432,124100,0.277718,0.2,1,375567,375135,432
88567101,8.32149,8.50743,432,124100,0.231544,0.11,1,375575,375143,432
88570021,8.8643,8.10149,433,124100,0.206309,0.24,1,375584,375151,433
88572941,6.57286,8.8203,430,124100,0.137262,0.1,1,375590,375160,430
88575861,36.5146,33.7641,434,124100,0.155452,0.1,1,375634,375200,434
88578781,9.70291,8.35281,435,124100,0.13509,0.25,1,375637,375202,435
88580961,8.34058,6.47056,437,124100,0.107018,0.26,1,375645,375208,437
88583881,3.26812,4.49411,435,124100,0.0694036,0.3,1,375647,375212,435
88586801,3.85362,4.09882,435,124100,0.125881,0.29,1,375651,375216,435
88589721,8.77072,7.21976,437,124100,0.153176,0.25,1,375661,375224,437
88592641,3.35414,3.04395,437,124100,0.150635,0.31,1,375663,375226,437
88594481,1.47083,3.00879,435,124100,0.158127,0.34,1,375664,375229,435
88597401,5.89417,4.60176,437,124100,0.0956254,0.31,1,375671,375234,437
88600321,2.77883,2.52035,437,124100,0.0911251,0.29,1,375673,375236,437
88603241,2.15577,2.90407,436,124100,0.138225,0.29,1,375675,375239,436
88606161,11.6312,11.7808,436,124100,0.187645,0.31,1,375689,375253,436
88609081,7.12623,5.55616,438,124100,0.165529,0.18,1,375695,375257,438
88612001,19.0252,18.7112,438,124100,0.153106,0.34,1,375717,375279,438
88614921,13.405,14.1422,437,124100,0.206621,0.29,1,375729,375292,437
88617841,12.281,12.4284,437,124100,0.105324,0.3,1,375741,375304,437
88620761,11.2562,12.8857,435,124100,0.0930649,0.26,1,375752,375317,435
88623681,25.4512,25.7771,435,124100,0.194613,0.26,1,375781,375346,435
88626601,15.4902,13.1554,438,124100,0.214923,0.22,1,375794,375356,438
88629521,6.29805,5.83109,438,124100,0.210985,0.22,1,375798,375360,438
88632441,2.85961,2.76622,438,124100,0.218197,0.29,1,375800,375362,438
88635361,2.97192,2.95324,438,124100,0.195639,0.34,1,375803,375365,438
88638281,2.19438,2.19065,438,124100,0.191128,0.26,1,375805,375367,438
88641201,11.6389,15.6381,433,124100,0.278226,0.18,1,375819,375386,433
88644121,22.3278,22.3276,434,124100,0.263645,0.12,1,375844,375410,434
88647041,28.4656,30.0655,432,124100,0.156729,0.16,1,375874,375442,432
88649961,32.0931,30.8131,434,124100,0.207346,0.22,1,375907,375473,434
88652881,8.01862,7.76262,434,124100,0.225469,0.22,1,375909,375475,434
88654801,2.40372,3.15252,433,124100,0.277094,0.26,1,375910,375477,433
88657721,13.2807,5.4305,443,124100,0.279419,0.22,1,375926,375483,443
88660641,4.25615,7.4861,437,124100,0.247884,0.18,1,375928,375491,437
88663121,2.45123,3.09722,437,124100,0.201577,0.21,1,375930,375493,437
88666041,6.89025,4.61944,440,124100,0.112315,0.29,1,375938,375498,440
88668961,5.37805,4.92389,440,124100,0.262463,0.26,1,375943,375503,440
88671881,7.47561,4.18478,444,124100,0.268493,0.32,1,375951,375507,444
88674801,15.0951,15.237,443,124100,0.221699,0.29,1,375968,375525,443
88677721,5.41902,12.6474,434,124100,0.16434,0.27,1,375971,375537,434
88680641,7.4838,4.92948,439,124100,0.296868,0.21,1,375979,375540,439
88683561,11.8968,8.1859,443,124100,0.307374,0.18,1,375992,375549,443
88686481,5.57935,8.03718,439,124100,0.301475,0.3,1,375996,375557,439
88689401,8.31587,9.60744,438,124100,0.276295,0.22,1,376005,375567,438
88692321,8.06317,8.32149,438,124100,0.271259,0.2,1,376013,375575,438
88695241,9.61263,8.8643,439,124100,0.190252,0.12,1,376023,375584,439
88698161,30.7225,6.57286,469,124100,0.22205,0.16,1,376059,375590,469
88701081,7.74451,36.5146,427,124100,0.22041,0.13,1,376061,375634,427
88704001,12.7489,9.70291,438,124100,0.252082,0.06,1,376075,375637,438
88706921,4.14978,9.94058,430,124100,0.226416,0.14,1,376077,375647,430
88708881,3.22996,5.18812,429,124100,0.181283,0.17,1,376080,375651,429
88711801,5.44599,6.63762,428,124100,0.268257,0.16,1,376086,375658,428
88714721,2.6892,3.72752,427,124100,0.309651,0.15,1,376088,375661,427
88717201,2.13784,2.3455,427,124100,0.32593,0.08,1,376090,375663,427
88720121,9.22757,6.8691,430,124100,0.337186,0.09,1,376101,375671,430
88723041,3.44551,2.97382,430,124100,0.307437,0.15,1,376103,375673,430
88725961,2.2891,2.19476,430,124100,0.277487,0.2,1,376105,375675,430
88728881,11.6578,11.639,430,124100,0.295498,0.16,1,376119,375689,430
88731801,8.73156,7.12779,432,124100,0.323099,0.15,1,376127,375695,432
88734721,19.3463,19.0256,432,124100,0.32062,0.22,1,376149,375717,432
88737641,7.86926,13.4051,425,124100,0.248124,0.08,1,376154,375729,425
88740561,11.9739,12.281,426,124100,0.369625,0.09,1,376167,375741,426
88743481,15.1948,11.2562,431,124100,0.305925,0.22,1,376183,375752,431
88746401,27.039,25.4512,432,124100,0.325185,0.22,1,376213,375781,432
88749321,15.0078,15.4902,431,124100,0.305037,0.21,1,376225,375794,431
88752241,6.20156,6.29805,431,124100,0.341007,0.22,1,376229,375798,431
88754641,2.84031,2.85961,431,124100,0.340201,0.19,1,376231,375800,431
88757561,4.56806,4.57192,431,124100,0.37204,0.19,1,376236,375805,431
88760481,2.51361,0.914384,433,124100,0.386408,0.19,1,376238,375805,433
88763401,6.10272,0.182877,440,124100,0.349282,0.3,1,376245,375805,440
88766321,24.4205,11.2366,455,124100,0.333856,0.26,1,376274,375819,455
88769241,29.6841,22.2473,461,124100,0.250771,0.13,1,376305,375844,461
88772161,33.9368,28.4495,466,124100,0.234154,0.22,1,376340,375874,466
88775081,8.38736,32.0899,435,124100,0.270831,0.23,1,376342,375907,435
88777521,3.27747,8.01798,435,124100,0.254166,0.28,1,376344,375909,435
88780441,7.05549,15.2036,426,124100,0.258833,0.24,1,376352,375926,426
88783361,3.0111,4.64072,426,124100,0.267767,0.19,1,376354,375928,426
88785841,8.60222,2.52814,434,124100,0.229553,0.09,1,376364,375930,434
88788761,11.3204,6.90563,438,124100,0.245911,0.3,1,376376,375938,438
88791681,5.46409,5.38113,437,124100,0.217182,0.27,1,376380,375943,437
88794601,7.49282,7.47623,437,124100,0.275436,0.21,1,376388,375951,437
88797521,9.49856,15.0952,430,124100,0.263087,0.15,1,376398,375968,430
88800441,9.09971,5.41905,436,124100,0.220617,0.33,1,376407,375971,436
88803361,5.01994,7.48381,432,124100,0.180124,0.31,1,376411,375979,432
88806281,15.404,11.8968,437,124100,0.188025,0.3,1,376429,375992,437
88809201,6.2808,5.57935,437,124100,0.197605,0.27,1,376433,375996,437
88810801,5.25616,8.31587,433,124100,0.207521,0.31,1,376438,376005,433
88813721,4.25123,3.26317,435,124100,0.217504,0.27,1,376442,376007,435
88816641,8.05025,5.45263,438,124100,0.283501,0.17,1,376451,376013,438
88819561,34.41,9.09053,469,124100,0.2007,0.23,1,376492,376023,469
88822481,8.48201,30.6181,435,124100,0.18414,0.22,1,376494,376059,435
88825401,14.4964,7.72362,449,124100,0.212828,0.26,1,376510,376061,449
88828321,6.09928,12.7447,439,124100,0.250566,0.22,1,376514,376075,439
88831241,4.41986,4.14894,441,124100,0.234113,0.17,1,376518,376077,441
88833061,4.88397,3.22979,443,124100,0.246823,0.32,1,376523,376080,443
88835981,2.57679,7.04596,437,124100,0.249365,0.32,1,376525,376088,437
88838901,2.11536,1.40919,439,124100,0.257873,0.33,1,376527,376088,439
88841821,3.62307,1.88184,441,124100,0.259575,0.34,1,376531,376090,441
88844741,4.72461,9.17637,435,124100,0.307915,0.3,1,376536,376101,435
88847661,2.54492,3.43527,435,124100,0.333583,0.27,1,376538,376103,435
88849701,13.309,2.28705,449,124100,0.266717,0.3,1,376554,376105,449
88852621,4.2618,11.6574,437,124100,0.237343,0.33,1,376556,376119,437
88855541,6.45236,8.73148,436,124100,0.215469,0.32,1,376563,376127,436
88858461,23.6905,19.3463,442,124100,0.195094,0.23,1,376591,376149,442
88861381,8.73809,7.86926,442,124100,0.183019,0.4,1,376596,376154,442
88864301,8.14762,11.9739,437,124100,0.300604,0.29,1,376604,376167,437
88867221,16.0295,15.1948,439,124100,0.236121,0.33,1,376622,376183,439
88870141,26.4059,27.039,438,124100,0.303224,0.3,1,376651,376213,438
88873061,16.4812,15.0078,440,124100,0.276645,0.35,1,376665,376225,440
88875981,6.49624,6.20156,440,124100,0.287329,0.34,1,376669,376229,440
88878821,4.49925,2.84031,442,124100,0.297466,0.38,1,376673,376231,442
88881741,2.49985,4.56806,439,124100,0.267493,0.39,1,376675,376236,439
88884661,6.09997,2.51361,444,124100,0.301499,0.34,1,376682,376238,444
88887581,21.22,6.10272,462,124100,0.2603,0.33,1,376707,376245,462
88890501,27.444,24.4205,462,124100,0.27606,0.23,1,376736,376274,462
88893421,32.6888,29.6841,465,124100,0.295212,0.23,1,376770,376305,465
88896341,11.3378,33.9368,436,124100,0.219042,0.28,1,376776,376340,436
88899261,3.86755,8.38736,436,124100,0.323808,0.25,1,376778,376342,436
88901701,6.37351,3.27747,441,124100,0.304762,0.26,1,376785,376344,441
88904621,2.8747,7.05549,435,124100,0.300952,0.27,1,376787,376352,435
88907541,9.37494,3.0111,444,124100,0.29219,0.22,1,376798,376354,444
88910461,9.07499,8.60222,443,124100,0.202438,0.25,1,376807,376364,443
88913381,7.415,11.3204,438,124100,0.280488,0.21,1,376814,376376,438
88916301,7.883,5.46409,442,124100,0.232098,0.29,1,376822,376380,442
88919221,6.3766,7.49282,440,124100,0.30242,0.26,1,376828,376388,440
88922141,7.67532,9.49856,438,124100,0.316484,0.21,1,376836,376398,438
88925061,5.53506,9.09971,434,124100,0.303297,0.17,1,376841,376407,434
88927981,16.307,5.01994,449,124100,0.188659,0.19,1,376860,376411,449
88930901,9.6614,15.404,439,124100,0.213732,0.2,1,376868,376429,439
88933821,5.13228,6.2808,439,124100,0.202746,0.22,1,376872,376433,439
88936741,5.82646,8.45616,436,124100,0.136549,0.3,1,376878,376442,436
88939661,5.96529,8.89123,433,124100,0.28331,0.18,1,376884,376451,433
88942581,36.3931,34.5782,436,124100,0.264662,0.18,1,376928,376492,436
88945501,8.87861,8.51565,436,124100,0.236932,0.22,1,376930,376494,436
88948421,14.5757,14.5031,436,124100,0.263386,0.26,1,376946,376510,436
88951341,4.51514,6.10063,434,124100,0.268677,0.23,1,376948,376514,434
88953281,4.90303,4.42013,435,124100,0.245735,0.28,1,376953,376518,435
88956201,4.18061,3.28403,436,124100,0.201147,0.25,1,376957,376521,436
88959121,4.03612,3.85681,436,124100,0.280229,0.26,1,376961,376525,436
88961601,3.20722,2.37136,437,124100,0.288046,0.26,1,376964,376527,437
88964521,4.64144,3.67427,438,124100,0.305609,0.32,1,376969,376531,438
88967441,2.52829,4.73485,435,124100,0.277122,0.34,1,376971,376536,435
88969921,2.10566,2.54697,435,124100,0.279424,0.33,1,376973,376538,435
88972841,11.6211,3.70939,445,124100,0.271885,0.23,1,376987,376542,445
88975761,8.72423,11.9419,439,124100,0.302377,0.21,1,376995,376556,439
88978241,6.54485,7.98838,438,124100,0.292475,0.19,1,377001,376563,438
88981161,15.709,23.9977,428,124100,0.306495,0.18,1,377019,376591,428
88984081,15.9418,8.79953,439,124100,0.213299,0.33,1,377035,376596,439
88987001,6.38836,8.15991,435,124100,0.24266,0.22,1,377039,376604,435
88989921,13.2777,16.032,432,124100,0.304532,0.32,1,377054,376622,432
88992841,29.0555,26.4064,436,124100,0.308906,0.27,1,377087,376651,436
88995761,16.2111,16.4813,435,124100,0.317781,0.29,1,377100,376665,435
88998681,9.64222,6.49626,439,124100,0.255556,0.3,1,377108,376669,439
89001601,5.12844,4.49925,439,124100,0.299111,0.26,1,377112,376673,439
89003201,1.82569,2.49985,438,124100,0.323822,0.35,1,377113,376675,438
89006121,6.76514,4.49997,441,124100,0.328764,0.31,1,377121,376680,441
89009041,17.353,2.49999,459,124100,0.289753,0.25,1,377141,376682,459
89011961,25.8706,20.5,462,124100,0.249951,0.28,1,377169,376707,462
89014881,36.3741,27.3,472,124100,0.17799,0.3,1,377208,376736,472
89017801,8.87482,32.66,440,124100,0.163598,0.2,1,377210,376770,440
89020721,3.37496,11.332,436,124100,0.23272,0.35,1,377212,376776,436
89023641,8.67499,3.8664,444,124100,0.190544,0.3,1,377222,376778,444
89025461,2.535,6.37328,438,124100,0.190109,0.28,1,377223,376785,438
89028381,2.107,5.27466,435,124100,0.278022,0.29,1,377225,376790,435
89031301,2.0214,7.45493,429,124100,0.311604,0.18,1,377227,376798,429
89034221,13.2043,8.69099,436,124100,0.262321,0.3,1,377243,376807,436
89037141,5.84086,7.3382,433,124100,0.348464,0.22,1,377247,376814,433
89040061,10.7682,7.86764,437,124100,0.357693,0.32,1,377259,376822,437
89042981,6.95363,6.37353,437,124100,0.303539,0.32,1,377265,376828,437
89045901,2.99073,7.67471,431,124100,0.284708,0.3,1,377267,376836,431
89048821,3.79815,5.53494,430,124100,0.344942,0.16,1,377271,376841,430
89051741,17.5596,16.307,432,124100,0.308988,0.22,1,377292,376860,432
89054661,6.71193,9.6614,428,124100,0.301798,0.2,1,377296,376868,428
89057581,11.7424,5.13228,437,124100,0.22036,0.12,1,377309,376872,437
89060501,7.14848,5.82646,437,124100,0.236072,0.32,1,377315,376878,437
89063421,5.4297,5.96529,436,124100,0.311214,0.26,1,377320,376884,436
89066341,37.0859,36.3931,437,124100,0.278243,0.23,1,377365,376928,437
89069261,10.6172,8.87861,439,124100,0.271649,0.27,1,377369,376930,439
89072181,8.52344,14.5757,431,124100,0.31033,0.27,1,377377,376946,431
89075101,6.50469,4.51514,435,124100,0.366066,0.24,1,377383,376948,435
89077461,10.1009,4.90303,441,124100,0.337213,0.19,1,377394,376953,441
89080381,4.42019,4.18061,440,124100,0.283443,0.3,1,377397,376957,440
89083301,2.48404,4.03612,438,124100,0.248689,0.29,1,377399,376961,438
89085781,4.49681,3.20722,440,124100,0.273738,0.31,1,377404,376964,440
89088701,3.29936,4.64144,438,124100,0.270748,0.27,1,377407,376969,438
89091621,2.25987,2.52829,438,124100,0.27015,0.28,1,377409,376971,438
89094101,13.252,2.10566,452,124100,0.26203,0.27,1,377425,376973,452
89097021,4.25039,11.6211,440,124100,0.260406,0.31,1,377427,376987,440
89099941,4.85008,8.72423,437,124100,0.292081,0.29,1,377432,376995,437
89102861,16.17,6.54485,450,124100,0.282416,0.31,1,377451,377001,450
89105781,15.234,15.709,447,124100,0.304483,0.19,1,377466,377019,447
89108701,9.4468,15.9418,439,124100,0.220897,0.25,1,377474,377035,439
89111621,7.48936,6.38836,442,124100,0.212179,0.32,1,377481,377039,442
89114541,35.0979,13.2777,469,124100,0.266436,0.31,1,377523,377054,469
89117461,18.2196,29.0555,450,124100,0.269287,0.32,1,377537,377087,450
89120381,10.0439,16.2111,445,124100,0.245857,0.24,1,377545,377100,445
89123301,5.20878,9.64222,441,124100,0.297172,0.31,1,377549,377108,441
89126221,2.64176,5.12844,439,124100,0.307434,0.33,1,377551,377112,439
89129041,6.12835,8.22569,437,124100,0.293487,0.28,1,377558,377121,437
89131961,15.6257,17.6451,435,124100,0.298697,0.24,1,377576,377141,435
89134881,23.1251,25.929,432,124100,0.195739,0.16,1,377601,377169,432
89137801,35.025,36.3858,431,124100,0.279148,0.16,1,377639,377208,431
89140721,8.605,8.87716,431,124100,0.26383,0.25,1,377641,377210,431
89142561,2.521,3.37543,430,124100,0.236766,0.2,1,377642,377212,430
89145481,10.9042,6.27509,436,124100,0.231353,0.18,1,377655,377219,436
89148401,3.78084,3.65502,435,124100,0.198271,0.3,1,377657,377222,435
89150881,2.35617,3.131,434,124100,0.159654,0.28,1,377659,377225,434
89153801,5.27123,4.6262,435,124100,0.247931,0.28,1,377665,377230,435
89156721,13.8542,0.92524,451,124100,0.185586,0.25,1,377681,377230,451
89159641,5.97085,10.585,442,124100,0.189117,0.37,1,377685,377243,442
89162561,8.39417,5.31701,447,124100,0.213823,0.36,1,377694,377247,447
89165481,9.67883,10.6634,445,124100,0.266765,0.29,1,377704,377259,445
89167521,3.53577,6.93268,441,124100,0.277353,0.39,1,377706,377265,441
89170441,3.90715,5.38654,440,124100,0.223471,0.36,1,377710,377270,440
89173361,11.9814,1.87731,453,124100,0.260694,0.3,1,377724,377271,453
89176281,5.59629,17.1755,436,124100,0.204139,0.3,1,377728,377292,436
89179201,14.7193,6.63509,449,124100,0.216828,0.2,1,377745,377296,449
89182121,6.14385,11.727,440,124100,0.155366,0.24,1,377749,377309,440
89185041,9.22877,7.1454,444,124100,0.247073,0.33,1,377759,377315,444
89187961,36.2458,5.42908,482,124100,0.217415,0.27,1,377802,377320,482
89190881,8.84915,37.0858,439,124100,0.179483,0.27,1,377804,377365,439
89193521,8.16983,10.6172,443,124100,0.107897,0.32,1,377812,377369,443
89196441,8.03397,10.1234,441,124100,0.269579,0.38,1,377820,377379,441
89199361,9.60679,5.22469,447,124100,0.229916,0.33,1,377830,377383,447
89202281,3.52136,9.84494,438,124100,0.221983,0.27,1,377832,377394,438
89205201,2.30427,4.36899,437,124100,0.212397,0.24,1,377834,377397,437
89208121,5.26085,2.4738,441,124100,0.210479,0.28,1,377840,377399,441
89211041,3.45217,4.49476,439,124100,0.234096,0.27,1,377843,377404,439
89213961,3.09043,3.29895,439,124100,0.222819,0.27,1,377846,377407,439
89215781,11.8181,2.25979,451,124100,0.244564,0.26,1,377860,377409,451
89218701,3.96362,13.252,437,124100,0.256913,0.26,1,377862,377425,437
89221621,3.99272,4.25039,439,124100,0.251383,0.3,1,377866,377427,439
89224541,17.5985,4.85008,455,124100,0.186277,0.28,1,377887,377432,455
89227461,12.3197,16.17,447,124100,0.229255,0.31,1,377898,377451,447
89230381,7.26394,15.234,438,124100,0.261851,0.2,1,377904,377466,438
89233301,11.0528,9.4468,442,124100,0.27637,0.21,1,377916,377474,442
89236221,35.8106,7.48936,477,124100,0.223274,0.28,1,377958,377481,477
89239141,15.9621,35.0979,446,124100,0.252655,0.27,1,377969,377523,446
89242061,11.1924,18.2196,442,124100,0.210531,0.24,1,377979,377537,442
89244981,7.83848,10.0439,441,124100,0.210106,0.31,1,377986,377545,441
89246981,3.1677,5.20878,439,124100,0.210021,0.28,1,377988,377549,439
89249901,3.03354,4.24176,438,124100,0.202004,0.29,1,377991,377553,438
89252821,2.20671,4.84835,435,124100,0.168401,0.3,1,377993,377558,435
89255741,10.8413,15.3697,430,124100,0.22568,0.17,1,378006,377576,430
89258661,24.5683,23.0739,433,124100,0.269136,0.3,1,378034,377601,433
89261581,32.1137,35.0148,429,124100,0.253827,0.26,1,378068,377639,429
89264501,12.8227,8.60296,435,124100,0.266765,0.23,1,378076,377641,435
89266741,12.9645,2.52059,447,124100,0.253353,0.23,1,378089,377642,447
89269661,4.19291,10.9041,436,124100,0.258671,0.19,1,378091,377655,436
89272581,2.43858,3.78082,436,124100,0.227734,0.15,1,378093,377657,436
89275061,2.08772,2.35616,436,124100,0.189547,0.3,1,378095,377659,436
89277981,15.6175,7.67123,446,124100,0.197909,0.17,1,378114,377668,446
89280901,7.12351,11.9342,438,124100,0.223582,0.19,1,378119,377681,438
89283821,9.4247,5.58685,444,124100,0.228716,0.22,1,378129,377685,444
89286741,6.68494,8.31737,441,124100,0.269743,0.28,1,378135,377694,441
89289661,2.93699,9.66347,433,124100,0.285949,0.28,1,378137,377704,433
89292581,8.5874,3.53269,441,124100,0.29719,0.21,1,378147,377706,441
89294821,6.51748,3.90654,443,124100,0.275438,0.27,1,378153,377710,443
89297741,8.5035,11.9813,438,124100,0.191088,0.19,1,378162,377724,438
89300661,15.3007,5.59626,451,124100,0.230218,0.22,1,378179,377728,451
89303581,7.06014,14.7193,439,124100,0.222044,0.14,1,378184,377745,439
89306501,7.01203,6.14385,442,124100,0.292409,0.27,1,378191,377749,442
89309421,31.0024,9.22877,469,124100,0.266482,0.21,1,378228,377759,469
89312341,7.80048,36.2458,428,124100,0.309296,0.17,1,378230,377802,428
89315261,15.1601,8.84915,443,124100,0.269859,0.09,1,378247,377804,443
89318181,7.03202,8.16983,440,124100,0.221972,0.31,1,378252,377812,440
89321101,9.4064,8.03397,442,124100,0.140394,0.22,1,378262,377820,442
89324021,3.48128,9.60679,434,124100,0.244079,0.22,1,378264,377830,434
89326941,2.29626,3.52136,434,124100,0.272816,0.21,1,378266,377832,434
89329861,6.85925,2.30427,440,124100,0.310563,0.21,1,378274,377834,440
89332781,2.97185,5.26085,436,124100,0.318113,0.24,1,378276,377840,436
89335701,3.79437,3.45217,437,124100,0.255623,0.22,1,378280,377843,437
89338621,10.3589,3.09043,446,124100,0.291124,0.26,1,378292,377846,446
89341541,3.67177,13.4181,432,124100,0.290225,0.25,1,378294,377862,432
89344461,7.13436,5.88362,436,124100,0.274045,0.17,1,378302,377866,436
89347381,15.8269,17.9767,433,124100,0.230809,0.24,1,378320,377887,433
89350301,12.7654,12.3953,434,124100,0.286162,0.27,1,378332,377898,434
89353221,5.75307,7.27907,432,124100,0.289232,0.28,1,378336,377904,432
89356141,8.35062,11.0558,429,124100,0.241846,0.21,1,378345,377916,429
89359061,39.2701,35.8112,434,124100,0.216369,0.26,1,378392,377958,434
89361981,15.054,15.9622,432,124100,0.251274,0.2,1,378401,377969,432
89364901,11.0108,11.1924,432,124100,0.298255,0.21,1,378411,377979,432
89367821,7.00216,7.83849,431,124100,0.243651,0.21,1,378417,377986,431
89370741,7.80043,3.1677,437,124100,0.28073,0.2,1,378425,377988,437
89372401,2.36009,3.03354,435,124100,0.272146,0.27,1,378426,377991,435
89375321,6.07202,5.40671,436,124100,0.198429,0.27,1,378433,377997,436
89378241,6.8144,1.08134,443,124100,0.295686,0.24,1,378440,377997,443
89381161,19.7629,7.41627,457,124100,0.251137,0.28,1,378463,378006,457
89384081,34.3526,23.8833,467,124100,0.218227,0.25,1,378501,378034,467
89387001,13.2705,31.9767,441,124100,0.163645,0.27,1,378509,378068,441
89389921,9.0541,12.7953,441,124100,0.232729,0.26,1,378517,378076,441
89392841,9.01082,14.5591,435,124100,0.254546,0.22,1,378526,378091,435
89395281,3.40216,4.51181,435,124100,0.314909,0.17,1,378528,378093,435
89398201,2.28043,5.70236,431,124100,0.286982,0.2,1,378530,378099,431
89401121,16.4561,13.1405,436,124100,0.289396,0.23,1,378550,378114,436
89404041,6.49122,6.62809,435,124100,0.225879,0.23,1,378554,378119,435
89406961,10.8982,9.32562,437,124100,0.285176,0.28,1,378566,378129,437
89409881,6.97965,6.66512,437,124100,0.265035,0.29,1,378572,378135,437
89412801,2.99593,2.93302,437,124100,0.293007,0.3,1,378574,378137,437
89415721,3.79919,8.5866,431,124100,0.298601,0.27,1,378578,378147,431
89418641,5.55984,6.51732,431,124100,0.31572,0.17,1,378584,378153,431
89421561,13.912,8.50346,438,124100,0.255144,0.24,1,378600,378162,438
89424481,17.1824,15.3007,439,124100,0.283029,0.22,1,378618,378179,439
89427401,5.83648,7.06014,437,124100,0.248606,0.31,1,378621,378184,437
89430321,5.9673,7.01203,436,124100,0.265721,0.26,1,378627,378191,436
89433241,29.9935,31.0024,435,124100,0.277144,0.32,1,378663,378228,435
89436161,7.59869,7.80048,435,124100,0.271429,0.26,1,378665,378230,435
89439081,11.9197,15.1601,431,124100,0.238286,0.21,1,378678,378247,431
89442001,3.98395,7.03202,428,124100,0.207657,0.12,1,378680,378252,428
89444921,16.7968,9.4064,438,124100,0.201531,0.27,1,378700,378262,438
89447841,4.95936,3.48128,438,124100,0.168306,0.28,1,378702,378264,438
89449781,1.79187,2.29626,437,124100,0.145661,0.32,1,378703,378266,437
89452701,3.55837,6.85925,433,124100,0.221132,0.32,1,378707,378274,433
89455621,2.31167,2.97185,433,124100,0.228226,0.24,1,378709,378276,433
89457681,2.86234,3.79437,432,124100,0.213645,0.24,1,378712,378280,432
89460601,12.5725,7.15887,439,124100,0.274729,0.3,1,378727,378288,439
89463521,4.11449,4.63177,437,124100,0.254946,0.29,1,378729,378292,437
89466441,5.6229,2.52635,441,124100,0.258989,0.27,1,378735,378294,441
89469361,17.9246,6.90527,454,124100,0.195798,0.22,1,378756,378302,454
89472281,11.5849,15.7811,446,124100,0.27916,0.3,1,378766,378320,446
89475201,4.71698,12.7562,437,124100,0.319832,0.29,1,378769,378332,437
89478121,7.3434,5.75124,441,124100,0.247966,0.23,1,378777,378336,441
89481041,39.8687,8.35025,480,124100,0.257593,0.21,1,378825,378345,480
89483961,17.5737,39.2701,445,124100,0.291519,0.26,1,378837,378392,445
89486881,6.71475,15.054,440,124100,0.234304,0.31,1,378841,378401,440
89489801,9.34295,11.0108,440,124100,0.310861,0.23,1,378851,378411,440
89492721,9.86859,7.00216,444,124100,0.238172,0.29,1,378861,378417,444
89495641,3.57372,7.80043,438,124100,0.223634,0.18,1,378863,378425,438
89498561,7.11474,7.96009,438,124100,0.276727,0.32,1,378871,378433,438
89501481,4.62295,7.19202,435,124100,0.287345,0.24,1,378875,378440,435
89504401,19.3246,19.8384,435,124100,0.273469,0.21,1,378898,378463,435
89507321,33.4649,34.3677,434,124100,0.182694,0.15,1,378935,378501,434
89510241,11.493,13.2735,432,124100,0.0925388,0.25,1,378941,378509,432
89513161,13.4986,9.05471,438,124100,0.218508,0.26,1,378955,378517,438
89516081,4.29972,9.01094,431,124100,0.211702,0.33,1,378957,378526,431
89519001,2.45994,3.40219,431,124100,0.20234,0.28,1,378959,378528,431
89521921,2.09199,2.28044,431,124100,0.184468,0.29,1,378961,378530,431
89524841,18.8184,16.4561,434,124100,0.228894,0.21,1,378984,378550,434
89527761,10.1637,6.49122,438,124100,0.173779,0.3,1,378992,378554,438
89530681,11.6327,10.8982,438,124100,0.234756,0.26,1,379004,378566,438
89533601,7.12655,6.97965,438,124100,0.190951,0.3,1,379010,378572,438
89536101,3.82531,2.99593,439,124100,0.22219,0.3,1,379013,378574,439
89539021,3.16506,3.79919,438,124100,0.220438,0.32,1,379016,378578,438
89541941,5.43301,5.55984,438,124100,0.220088,0.24,1,379022,378584,438
89544861,9.0866,13.912,432,124100,0.228018,0.29,1,379032,378600,432
89547781,18.6173,17.1824,435,124100,0.157604,0.24,1,379053,378618,435
89550701,6.92346,5.83648,436,124100,0.151521,0.27,1,379057,378621,436
89552321,5.38469,5.9673,435,124100,0.206304,0.29,1,379062,378627,435
89555241,29.0769,1.99346,469,124100,0.121261,0.28,1,379097,378628,469
89558161,7.41539,28.3987,436,124100,0.120252,0.27,1,379099,378663,436
89561081,7.88308,7.27974,442,124100,0.0640504,0.23,1,379107,378665,442
89564001,3.17662,11.8559,431,124100,0.0528101,0.2,1,379109,378678,431
89566921,18.2353,3.97119,451,124100,0.106562,0.2,1,379131,378680,451
89569841,5.24706,16.7942,433,124100,0.0853124,0.16,1,379133,378700,433
89572081,2.64941,4.95885,433,124100,0.121062,0.26,1,379135,378702,433
89575001,6.92988,4.19177,437,124100,0.168213,0.24,1,379143,378706,437
89577921,2.98598,1.63835,438,124100,0.177642,0.23,1,379145,378707,438
89580841,2.1972,1.92767,438,124100,0.155529,0.29,1,379147,378709,438
89583761,11.6394,14.7855,434,124100,0.143106,0.25,1,379161,378727,434
89586681,3.92789,4.55711,434,124100,0.124621,0.26,1,379163,378729,434
89589601,5.58558,5.71142,434,124100,0.128924,0.18,1,379169,378735,434
89592521,19.5171,17.9423,436,124100,0.121785,0.3,1,379192,378756,436
89595441,8.70342,11.5885,432,124100,0.112357,0.33,1,379198,378766,432
89598361,3.34068,4.71769,431,124100,0.166471,0.23,1,379200,378769,431
89601281,9.46814,7.34354,434,124100,0.209294,0.26,1,379211,378777,434
89604201,41.8936,39.8687,436,124100,0.201859,0.3,1,379261,378825,436
89607121,19.5787,17.5737,438,124100,0.232372,0.22,1,379275,378837,438
89610041,7.11574,6.71475,438,124100,0.262474,0.33,1,379279,378841,438
89612961,4.62315,9.34295,432,124100,0.284495,0.22,1,379283,378851,432
89615881,11.3246,9.86859,435,124100,0.296899,0.22,1,379296,378861,435
89618801,3.86493,3.57372,435,124100,0.26738,0.29,1,379298,378863,435
89621381,8.77299,7.11474,437,124100,0.229476,0.29,1,379308,378871,437
89624301,3.3546,4.62295,435,124100,0.221895,0.27,1,379310,378875,435
89627221,19.0709,19.3246,435,124100,0.204379,0.16,1,379333,378898,435
89630141,29.4142,33.4649,430,124100,0.312876,0.07,1,379365,378935,430
89633061,12.2828,11.493,432,124100,0.222575,0.25,1,379373,378941,432
89635981,11.2566,13.4986,429,124100,0.252515,0.21,1,379384,378955,429
89638901,8.65131,4.29972,435,124100,0.274503,0.2,1,379392,378957,435
89640721,2.53026,2.45994,434,124100,0.286901,0.17,1,379393,378959,434
89643641,2.10605,5.29199,430,124100,0.28938,0.17,1,379395,378965,430
89646561,13.2212,1.0584,446,124100,0.289876,0.24,1,379411,378965,446
89649481,13.8442,15.4117,441,124100,0.297975,0.16,1,379425,378984,441
89652401,11.5688,9.48234,444,124100,0.275595,0.25,1,379436,378992,444
89655321,7.11377,11.4965,438,124100,0.215119,0.18,1,379442,379004,438
89658241,3.02275,7.09929,434,124100,0.203024,0.23,1,379444,379010,434
89661161,3.80455,3.81986,435,124100,0.280605,0.22,1,379448,379013,435
89664081,5.56091,3.16397,438,124100,0.304121,0.22,1,379454,379016,438
89666101,8.31218,5.43279,441,124100,0.300824,0.23,1,379463,379022,441
89669021,17.6624,9.08656,451,124100,0.204165,0.14,1,379483,379032,451
89671941,5.13249,18.6173,432,124100,0.152833,0.15,1,379485,379053,432
89674861,8.2265,6.92346,437,124100,0.270567,0.22,1,379494,379057,437
89676501,22.4453,5.38469,458,124100,0.214113,0.1,1,379520,379062,458
89679421,6.08906,29.0769,425,124100,0.226823,0.12,1,379522,379097,425
89682341,11.6178,7.41539,436,124100,0.261365,0.05,1,379535,379099,436
89684821,4.72356,7.88308,431,124100,0.300273,0.05,1,379538,379107,431
89687741,3.34471,3.17662,432,124100,0.260055,0.12,1,379541,379109,432
89690661,17.4689,18.2353,431,124100,0.300011,0.08,1,379562,379131,431
89693581,5.09379,5.24706,431,124100,0.276002,0.13,1,379564,379133,431
89696261,8.21876,2.64941,438,124100,0.2712,0.18,1,379573,379135,438
89699181,3.24375,6.92988,432,124100,0.27024,0.18,1,379575,379143,432
89702101,2.24875,2.98598,432,124100,0.238048,0.15,1,379577,379145,432
89704581,2.04975,2.1972,432,124100,0.29561,0.14,1,379579,379147,432
89707501,12.4099,11.6394,433,124100,0.323122,0.12,1,379594,379161,433
89710421,4.08199,3.92789,433,124100,0.336624,0.13,1,379596,379163,433
89712901,7.2164,5.58558,435,124100,0.251325,0.12,1,379604,379169,435
89715821,17.4433,19.5171,432,124100,0.234265,0.11,1,379624,379192,432
89718741,8.28866,8.70342,432,124100,0.230853,0.18,1,379630,379198,432
89721661,3.25773,3.34068,432,124100,0.198171,0.22,1,379632,379200,432
89724581,9.45155,9.46814,432,124100,0.303634,0.2,1,379643,379211,432
89727501,44.2903,41.8936,435,124100,0.244727,0.24,1,379696,379261,435
89730421,20.0581,19.5787,435,124100,0.296945,0.27,1,379710,379275,435
89733341,7.21161,7.11574,435,124100,0.307389,0.29,1,379714,379279,435
89736261,5.44232,4.62315,436,124100,0.325478,0.3,1,379719,379283,436
89739181,9.08846,11.3246,433,124100,0.345096,0.26,1,379729,379296,433
89742101,3.41769,3.86493,433,124100,0.381019,0.22,1,379731,379298,433
89745021,11.8835,8.77299,437,124100,0.372204,0.22,1,379745,379308,437
89747941,3.97671,3.3546,437,124100,0.338441,0.2,1,379747,379310,437
89750861,15.9953,19.0709,433,124100,0.323688,0.34,1,379766,379333,433
89753781,33.5991,29.4142,439,124100,0.344738,0.2,1,379804,379365,439
89756701,8.31981,12.2828,433,124100,0.332947,0.26,1,379806,379373,433
89759621,12.864,11.2566,436,124100,0.362589,0.28,1,379820,379384,436
89762541,8.97279,8.65131,436,124100,0.272518,0.29,1,379828,379392,436
89764901,3.39456,2.53026,437,124100,0.254504,0.29,1,379830,379393,437
89767821,8.67891,2.10605,445,124100,0.250901,0.29,1,379840,379395,445
89770741,16.9358,13.2212,448,124100,0.29818,0.3,1,379859,379411,448
89773661,13.7872,13.8442,447,124100,0.171636,0.27,1,379872,379425,447
89776581,8.35743,11.5688,443,124100,0.290327,0.2,1,379879,379436,443
89779501,3.27149,7.11377,439,124100,0.282065,0.2,1,379881,379442,439
89782421,3.8543,3.02275,441,124100,0.248413,0.3,1,379885,379444,441
89785341,5.57086,3.80455,443,124100,0.321683,0.31,1,379891,379448,443
89788261,4.31417,5.56091,441,124100,0.344337,0.3,1,379895,379454,441
89791181,18.4628,8.31218,454,124100,0.204867,0.18,1,379917,379463,454
89794101,5.29257,17.6624,436,124100,0.144973,0.14,1,379919,379483,436
89797021,8.25851,5.13249,443,124100,0.292995,0.3,1,379928,379485,443
89799941,23.2517,8.2265,461,124100,0.282599,0.23,1,379955,379494,461
89802861,7.85034,24.0453,437,124100,0.31252,0.27,1,379959,379522,437
89805781,12.7701,15.2091,438,124100,0.342504,0.31,1,379973,379535,438
89808701,4.15401,5.44181,437,124100,0.340501,0.25,1,379975,379538,437
89810241,3.2308,3.48836,437,124100,0.3241,0.33,1,379978,379541,437
89813161,14.2462,4.69767,449,124100,0.28082,0.31,1,379995,379546,449
89816081,4.44923,13.7395,435,124100,0.264164,0.27,1,379997,379562,435
89818561,8.88985,4.34791,443,124100,0.212833,0.27,1,380007,379564,443
89821481,3.37797,9.66958,434,124100,0.330567,0.27,1,380009,379575,434
89824401,5.47559,1.93392,440,124100,0.274113,0.23,1,380015,379575,440
89826881,2.69512,1.98678,440,124100,0.262823,0.27,1,380017,379577,440
89829801,8.53902,5.19736,444,124100,0.284565,0.33,1,380027,379583,444
89832721,3.3078,9.83947,435,124100,0.352913,0.34,1,380029,379594,435
89835641,7.86156,3.56789,442,124100,0.382583,0.23,1,380038,379596,442
89838561,15.9723,23.1136,432,124100,0.340517,0.23,1,380056,379624,432
89841481,11.1945,9.42272,436,124100,0.284103,0.19,1,380066,379630,436
89843521,3.83889,3.48454,436,124100,0.368821,0.36,1,380068,379632,436
89846441,9.56778,7.09691,439,124100,0.329764,0.33,1,380079,379640,439
89849361,46.7136,3.81938,492,124100,0.233953,0.23,1,380135,379643,492
89852281,18.9427,43.1639,451,124100,0.246791,0.31,1,380147,379696,451
89855201,6.98854,19.8328,441,124100,0.193358,0.31,1,380151,379710,441
89858121,6.19771,7.16655,443,124100,0.318672,0.33,1,380157,379714,443
89861041,4.43954,5.43331,442,124100,0.343734,0.35,1,380161,379719,442
89863961,3.28791,9.08666,435,124100,0.340747,0.39,1,380164,379729,435
89866881,14.2576,3.41733,450,124100,0.284149,0.37,1,380181,379731,450
89869801,4.45152,11.8835,438,124100,0.28083,0.33,1,380183,379745,438
89872721,16.0903,3.97669,455,124100,0.312166,0.32,1,380202,379747,455
89875641,30.4181,15.9953,470,124100,0.302433,0.35,1,380236,379766,470
89878561,13.2836,33.5991,441,124100,0.276487,0.33,1,380245,379804,441
89881481,9.05672,8.31981,447,124100,0.223297,0.37,1,380253,379806,447
89884401,8.21134,12.864,441,124100,0.300659,0.25,1,380261,379820,441
89887201,3.24227,8.97279,435,124100,0.324132,0.27,1,380263,379828,435
89890121,12.6485,4.19456,447,124100,0.264826,0.25,1,380278,379831,447
89893041,10.5297,8.03891,448,124100,0.292965,0.31,1,380288,379840,448
89895961,16.5059,16.8078,447,124100,0.282593,0.14,1,380306,379859,447
89898881,12.1012,13.7616,445,124100,0.352519,0.32,1,380317,379872,445
89901801,4.82024,8.35231,441,124100,0.318504,0.28,1,380320,379879,441
89903841,4.16405,3.27046,443,124100,0.295701,0.35,1,380324,379881,443
89906761,5.63281,10.2541,437,124100,0.25114,0.35,1,380330,379893,437
89909681,4.32656,2.05082,441,124100,0.298228,0.35,1,380334,379893,441
89912601,16.0653,2.01016,458,124100,0.219646,0.17,1,380353,379895,458
89915521,4.81306,18.002,438,124100,0.259929,0.13,1,380355,379917,438
89918401,8.16261,5.20041,445,124100,0.307986,0.34,1,380364,379919,445
89921321,22.4325,10.6401,459,124100,0.285597,0.28,1,380390,379931,459
89924241,11.6865,21.328,444,124100,0.329119,0.32,1,380399,379955,444
89927161,11.1373,7.4656,451,124100,0.241824,0.35,1,380410,379959,451
89930081,6.22746,12.6931,442,124100,0.296365,0.34,1,380415,379973,442
89932961,2.84549,4.13862,442,124100,0.307273,0.27,1,380417,379975,442
89935881,9.3691,16.8277,433,124100,0.333455,0.26,1,380428,379995,433
89938801,3.47382,4.96554,433,124100,0.338691,0.2,1,380430,379997,433
89941721,10.2948,8.99311,435,124100,0.331738,0.36,1,380442,380007,435
89944641,8.45895,3.39862,441,124100,0.306348,0.26,1,380450,380009,441
89947561,3.29179,5.47972,437,124100,0.30927,0.26,1,380452,380015,437
89950481,3.85836,2.69594,439,124100,0.309854,0.29,1,380456,380017,439
89953401,10.3717,8.53919,441,124100,0.301971,0.37,1,380468,380027,441
89956321,3.67433,3.30784,441,124100,0.284394,0.39,1,380470,380029,441
89959241,3.93487,7.86157,436,124100,0.376879,0.33,1,380474,380038,436
89962161,15.187,15.9723,436,124100,0.323376,0.27,1,380492,380056,436
89965081,11.0374,11.1945,436,124100,0.360675,0.39,1,380502,380066,436
89968001,12.6075,3.83889,447,124100,0.344135,0.32,1,380515,380068,447
89970921,45.7215,9.56778,490,124100,0.244827,0.21,1,380569,380079,490
89973841,22.7443,46.7136,451,124100,0.288965,0.25,1,380586,380135,451
89976761,7.74886,18.9427,443,124100,0.241793,0.18,1,380590,380147,443
89979681,6.34977,6.98854,445,124100,0.312359,0.35,1,380596,380151,445
89982601,4.46995,6.19771,443,124100,0.318472,0.35,1,380600,380157,443
89984341,1.69399,4.43954,440,124100,0.343694,0.34,1,380601,380161,440
89987261,1.9388,3.28791,439,124100,0.324739,0.27,1,380603,380164,439
89990181,11.5878,14.2576,436,124100,0.320948,0.28,1,380617,380181,436
89993101,3.91755,4.45152,436,124100,0.32019,0.32,1,380619,380183,436
89996021,15.1835,16.0903,435,124100,0.336038,0.3,1,380637,380202,435
89998941,32.6367,30.4181,438,124100,0.315208,0.27,1,380674,380236,438
90001861,9.72734,13.2836,433,124100,0.279042,0.21,1,380678,380245,433
90004781,12.3455,9.05672,438,124100,0.279808,0.32,1,380691,380253,438
90007701,5.66909,8.21134,434,124100,0.247962,0.33,1,380695,380261,434
90010621,2.73382,3.24227,434,124100,0.209592,0.25,1,380697,380263,434
90013541,17.3468,12.6485,440,124100,0.169918,0.3,1,380718,380278,440
90016461,7.46935,10.5297,435,124100,0.249984,0.28,1,380723,380288,435
90019381,19.8939,16.5059,440,124100,0.273997,0.37,1,380746,380306,440
90022301,8.77877,12.1012,435,124100,0.214799,0.31,1,380752,380317,435
90025221,4.95575,4.82024,436,124100,0.25896,0.29,1,380756,380320,436
90028021,10.5912,4.16405,444,124100,0.267792,0.24,1,380768,380324,444
90030941,5.31823,5.63281,442,124100,0.245558,0.31,1,380772,380330,442
90033861,15.4636,4.32656,456,124100,0.233112,0.2,1,380790,380334,456
90036781,6.29273,16.0653,441,124100,0.174622,0.27,1,380794,380353,441
90039701,5.25855,4.81306,444,124100,0.226924,0.32,1,380799,380355,444
90041541,5.85171,8.16261,441,124100,0.253385,0.28,1,380805,380364,441
90044461,20.3703,22.4325,439,124100,0.218677,0.34,1,380829,380390,439
90047381,5.67407,11.6865,432,124100,0.211735,0.22,1,380831,380399,432
90050301,13.1348,11.1373,436,124100,0.226347,0.31,1,380846,380410,436
90053221,8.22696,6.22746,438,124100,0.189269,0.31,1,380853,380415,438
90056141,3.24539,2.84549,438,124100,0.181854,0.34,1,380855,380417,438
90059061,10.2491,9.3691,439,124100,0.236371,0.34,1,380867,380428,439
90061981,3.64982,3.47382,439,124100,0.247274,0.33,1,380869,380430,439
90064901,9.52996,10.2948,438,124100,0.289455,0.3,1,380880,380442,438
90067821,5.10599,8.45895,434,124100,0.241891,0.31,1,380884,380450,434
90070741,2.6212,3.29179,434,124100,0.200378,0.31,1,380886,380452,434
90072321,6.12424,3.85836,437,124100,0.272076,0.25,1,380893,380456,437
90075241,12.4248,3.17167,448,124100,0.190415,0.3,1,380907,380459,448
90078161,4.08497,7.83433,441,124100,0.262083,0.28,1,380909,380468,441
90080641,4.81699,3.16687,444,124100,0.260417,0.38,1,380914,380470,444
90083561,15.3634,7.83337,453,124100,0.228083,0.31,1,380932,380479,453
90086481,11.0727,11.9667,450,124100,0.245617,0.37,1,380942,380492,450
90089401,8.61454,10.3933,448,124100,0.217123,0.34,1,380950,380502,448
90092321,45.7229,12.4787,490,124100,0.0914247,0.22,1,381005,380515,490
90095241,23.5446,45.6957,454,124100,0.186285,0.3,1,381023,380569,454
90098161,7.90892,22.7391,441,124100,0.173257,0.23,1,381027,380586,441
90101081,4.78178,7.74783,441,124100,0.170651,0.33,1,381031,380590,441
90104001,3.35636,6.34957,438,124100,0.21813,0.32,1,381034,380596,438
90106921,3.07127,4.46991,437,124100,0.251626,0.35,1,381037,380600,437
90109141,3.81425,1.69398,440,124100,0.266325,0.33,1,381041,380601,440
90112061,12.7629,4.3388,450,124100,0.181265,0.32,1,381056,380606,450
90114981,4.15257,9.66776,441,124100,0.132253,0.32,1,381058,380617,441
90117901,12.0305,3.53355,453,124100,0.202451,0.34,1,381072,380619,453
90120821,28.8061,15.1067,468,124100,0.16849,0.31,1,381105,380637,468
90123741,12.1612,32.6213,439,124100,0.233698,0.27,1,381113,380674,439
90126661,9.63224,9.72427,444,124100,0.15874,0.28,1,381122,380678,444
90129581,8.32645,12.3449,439,124100,0.215748,0.24,1,381130,380691,439
90132501,3.26529,5.66897,437,124100,0.22715,0.2,1,381132,380695,437
90134101,3.05306,2.73379,438,124100,0.21343,0.16,1,381135,380697,438
90137021,15.8106,17.3468,436,124100,0.162686,0.27,1,381154,380718,436
90139941,4.76212,7.46935,433,124100,0.152537,0.28,1,381156,380723,433
90142861,20.9524,19.8939,435,124100,0.230507,0.2,1,381181,380746,435
90145781,8.99048,8.77877,435,124100,0.182102,0.27,1,381187,380752,435
90148701,4.9981,4.95575,435,124100,0.23642,0.27,1,381191,380756,435
90151621,10.5996,10.5912,435,124100,0.287284,0.24,1,381203,380768,435
90154541,5.31992,5.31823,435,124100,0.313457,0.23,1,381207,380772,435
90157461,16.264,15.4636,436,124100,0.230691,0.16,1,381226,380790,436
90160381,4.8528,6.29273,434,124100,0.182138,0.24,1,381228,380794,434
90163301,5.77056,5.25855,435,124100,0.260428,0.26,1,381234,380799,435
90166221,24.3541,5.85171,458,124100,0.300086,0.21,1,381263,380805,458
90169141,6.47082,20.3703,436,124100,0.316017,0.21,1,381265,380829,436
90172061,10.0942,5.67407,445,124100,0.271203,0.23,1,381276,380831,445
90174981,8.41883,13.1348,438,124100,0.246241,0.18,1,381284,380846,438
90177901,3.28377,8.22696,433,124100,0.233248,0.18,1,381286,380853,433
90180821,10.2568,3.24539,443,124100,0.19065,0.25,1,381298,380855,443
90183741,6.85135,10.2491,437,124100,0.25413,0.25,1,381304,380867,437
90186661,10.1703,3.64982,446,124100,0.234826,0.3,1,381315,380869,446
90189581,3.63405,9.52996,437,124100,0.198965,0.23,1,381317,380880,437
90192501,2.32681,5.10599,435,124100,0.183793,0.19,1,381319,380884,435
90194421,1.26536,2.6212,434,124100,0.164759,0.29,1,381320,380886,434
90197341,17.0531,6.12424,448,124100,0.184952,0.17,1,381341,380893,448
90200261,5.01061,12.4248,436,124100,0.15699,0.28,1,381343,380907,436
90203181,4.20212,4.08497,438,124100,0.263398,0.26,1,381347,380909,438
90206101,15.2404,4.81699,451,124100,0.26868,0.22,1,381365,380914,451
90209021,9.44808,15.3634,441,124100,0.269736,0.25,1,381373,380932,441
90211941,9.88962,11.0727,441,124100,0.261947,0.21,1,381383,380942,441
90214861,42.7779,8.61454,484,124100,0.164389,0.06,1,381434,380950,484
90217781,25.3556,45.7229,450,124100,0.232878,0.21,1,381455,381005,450
90220701,9.87112,23.5446,438,124100,0.230576,0.17,1,381461,381023,438
90223121,5.17422,7.90892,438,124100,0.294115,0.23,1,381465,381027,438
90226041,3.43484,7.18178,434,124100,0.290823,0.23,1,381468,381034,434
90228961,2.28697,1.43636,436,124100,0.266165,0.26,1,381470,381034,436
90231441,2.05739,2.68727,435,124100,0.317233,0.28,1,381472,381037,435
90234361,14.8115,9.33745,442,124100,0.287447,0.16,1,381490,381048,442
90237281,4.5623,8.26749,436,124100,0.249489,0.12,1,381492,381056,436
90240201,7.31246,3.2535,442,124100,0.129898,0.22,1,381500,381058,442
90243121,30.2625,11.8507,464,124100,0.16198,0.16,1,381536,381072,464
90246041,14.0525,28.7701,441,124100,0.200396,0.25,1,381546,381105,441
90248961,10.0105,12.154,442,124100,0.200079,0.14,1,381555,381113,442
90251881,3.6021,9.63081,435,124100,0.200016,0.23,1,381557,381122,435
90254801,2.32042,8.32616,429,124100,0.168003,0.23,1,381559,381130,429
90257441,2.06408,3.26523,429,124100,0.129601,0.15,1,381561,381132,429
90260361,22.0128,18.253,434,124100,0.24192,0.15,1,381588,381154,434
90263281,7.60256,5.25061,436,124100,0.200384,0.25,1,381592,381156,436
90266201,19.9205,21.0501,434,124100,0.168077,0.17,1,381615,381181,434
90269121,8.7841,9.01002,434,124100,0.209615,0.25,1,381621,381187,434
90270961,5.75682,5.002,435,124100,0.289923,0.27,1,381626,381191,435
90273881,9.15136,1.8004,444,124100,0.233985,0.3,1,381636,381192,444
90276801,8.23027,9.16008,441,124100,0.166797,0.32,1,381644,381203,441
90279721,13.6461,5.03202,452,124100,0.177359,0.21,1,381659,381207,452
90282641,4.32921,16.2064,435,124100,0.147472,0.17,1,381661,381226,435
90285521,5.66584,4.84128,439,124100,0.173494,0.26,1,381667,381228,439
90288441,23.5332,8.16826,458,124100,0.162699,0.31,1,381695,381237,458
90291361,6.30663,22.4337,434,124100,0.21654,0.32,1,381697,381263,434
90294281,10.8613,6.08673,444,124100,0.243308,0.26,1,381709,381265,444
90297201,6.97227,10.0173,439,124100,0.192662,0.24,1,381715,381276,439
90300121,2.99445,8.40347,433,124100,0.182532,0.23,1,381717,381284,433
90303041,10.9989,3.28069,444,124100,0.156506,0.18,1,381730,381286,444
90305961,6.19978,10.2561,437,124100,0.159301,0.27,1,381735,381298,437
90308881,4.43996,6.85123,435,124100,0.19186,0.23,1,381739,381304,435
90311801,3.28799,10.1702,427,124100,0.214372,0.19,1,381742,381315,427
90314641,4.6576,3.63405,430,124100,0.234874,0.1,1,381747,381317,430
90317561,8.13152,5.52681,433,124100,0.238975,0.19,1,381756,381323,433
90320481,19.2263,15.5054,437,124100,0.207795,0.15,1,381778,381341,437
90323401,5.44526,4.70107,437,124100,0.169559,0.29,1,381780,381343,437
90325041,3.48905,4.14021,436,124100,0.289912,0.35,1,381783,381347,436
90327961,13.4978,4.02804,448,124100,0.257982,0.27,1,381799,381351,448
90330881,9.09956,12.0056,442,124100,0.171596,0.27,1,381807,381365,442
90333801,9.81991,8.80112,444,124100,0.210319,0.26,1,381817,381373,444
90336721,43.564,9.76022,486,124100,0.178064,0.14,1,381869,381383,486
90339641,27.1128,42.752,458,124100,0.131613,0.25,1,381892,381434,458
90342561,9.42256,25.3504,442,124100,0.162323,0.23,1,381897,381455,442
90345481,5.88451,9.87008,441,124100,0.152465,0.31,1,381902,381461,441
90347301,1.9769,5.17402,438,124100,0.166493,0.29,1,381903,381465,438
90350221,1.99538,3.4348,437,124100,0.161299,0.26,1,381905,381468,437
90353141,1.99908,2.28696,437,124100,0.16026,0.33,1,381907,381470,437
90355621,8.39982,2.05739,445,124100,0.216052,0.28,1,381917,381472,445
90358541,9.67996,14.8115,437,124100,0.22721,0.24,1,381927,381490,437
90361461,9.13599,4.5623,444,124100,0.109442,0.1,1,381936,381492,444
90364381,26.6272,7.31246,467,124100,0.133888,0.17,1,381967,381500,467
90367301,12.5254,30.2625,440,124100,0.226778,0.21,1,381976,381536,440
90370221,13.7051,14.0525,444,124100,0.133356,0.2,1,381990,381546,444
90373141,4.34102,10.0105,437,124100,0.0826711,0.2,1,381992,381555,437
90375381,2.4682,3.6021,437,124100,0.0405342,0.16,1,381994,381557,437
90378301,2.09364,2.32042,437,124100,0.152107,0.12,1,381996,381559,437
90381221,2.01873,2.06408,437,124100,0.174421,0.27,1,381998,381561,437
90384141,19.6037,22.0128,434,124100,0.202884,0.19,1,382022,381588,434
90387061,7.12075,7.60256,434,124100,0.152577,0.16,1,382026,381592,434
90389981,16.6241,19.9205,430,124100,0.222515,0.22,1,382045,381615,430
90392901,12.1248,8.7841,435,124100,0.244503,0.31,1,382056,381621,435
90395821,12.825,5.75682,443,124100,0.232901,0.22,1,382069,381626,443
90398741,5.76499,9.15136,437,124100,0.23858,0.15,1,382073,381636,437
90401661,13.153,8.23027,444,124100,0.223716,0.18,1,382088,381644,444
90404581,4.2306,13.6461,431,124100,0.188743,0.14,1,382090,381659,431
90407201,5.64612,4.32921,435,124100,0.109749,0.21,1,382096,381661,435
90410121,27.5292,11.2658,455,124100,0.14195,0.16,1,382129,381674,455
90413041,7.10584,19.0532,436,124100,0.14839,0.23,1,382131,381695,436
90415961,7.82117,5.41063,442,124100,0.213678,0.25,1,382139,381697,442
90418881,6.36423,10.6821,436,124100,0.210736,0.18,1,382145,381709,436
90421761,2.87285,6.93643,432,124100,0.202147,0.2,1,382147,381715,432
90424681,13.3746,3.78729,445,124100,0.144429,0.15,1,382163,381718,445
90427601,6.67491,10.3575,438,124100,0.156886,0.16,1,382168,381730,438
90430521,6.93498,6.07149,440,124100,0.111377,0.2,1,382175,381735,440
90433441,2.987,4.4143,438,124100,0.0782754,0.22,1,382177,381739,438
90436361,3.7974,3.28286,439,124100,0.135655,0.24,1,382181,381742,439
90439281,5.55948,4.65657,440,124100,0.139131,0.24,1,382187,381747,440
90442201,21.1119,8.13131,456,124100,0.107826,0.2,1,382212,381756,456
90445121,6.62238,19.2263,437,124100,0.133565,0.16,1,382215,381778,437
90447761,5.32448,5.44525,440,124100,0.146713,0.25,1,382220,381780,440
90450681,8.2649,16.2891,430,124100,0.181343,0.15,1,382229,381799,430
90453601,10.453,9.65781,433,124100,0.228269,0.22,1,382240,381807,433
90456521,8.4906,9.93156,431,124100,0.197654,0.17,1,382248,381817,431
90459441,44.0981,43.5863,432,124100,0.0875307,0.12,1,382301,381869,432
90462361,24.8196,27.1173,429,124100,0.169506,0.17,1,382321,381892,429
90465281,9.76392,9.42345,430,124100,0.129901,0.15,1,382327,381897,430
90468201,5.15278,5.88469,429,124100,0.0659802,0.17,1,382331,381902,429
90471121,2.63056,1.97694,430,124100,0.0611961,0.16,1,382333,381903,430
90472721,1.32611,1.99539,429,124100,0.0842392,0.19,1,382334,381905,429
90475641,8.26522,5.99908,432,124100,0.224848,0.19,1,382344,381912,432
90478561,6.45304,1.19982,438,124100,0.21297,0.23,1,382350,381912,438
90481481,8.49061,12.24,432,124100,0.242594,0.08,1,382359,381927,432
90484401,8.09812,9.64799,431,124100,0.240519,0.14,1,382367,381936,431
90487321,28.8196,26.7296,434,124100,0.248104,0.25,1,382401,381967,434
90490241,8.96392,12.5459,429,124100,0.185621,0.11,1,382405,381976,429
90493161,14.5928,13.7092,431,124100,0.213124,0.07,1,382421,381990,431
90496081,4.51856,4.34184,431,124100,0.178625,0.03,1,382423,381992,431
90497681,1.70371,2.46837,430,124100,0.243725,0.18,1,382424,381994,430
90500601,1.94074,3.69367,428,124100,0.224745,0.18,1,382426,381998,428
90503521,1.98815,0.738735,430,124100,0.220949,0.18,1,382428,381998,430
90506441,21.9976,0.147747,457,124100,0.12419,0.21,1,382455,381998,457
90509361,5.99953,19.2296,435,124100,0.192838,0.14,1,382457,382022,435
90512281,16.3999,7.04591,450,124100,0.182568,0.24,1,382476,382026,450
90515201,14.48,16.6092,445,124100,0.188514,0.25,1,382490,382045,445
90518121,9.296,12.1218,442,124100,0.237703,0.23,1,382498,382056,442
90521041,5.8592,12.8244,434,124100,0.239541,0.24,1,382503,382069,434
90523961,9.17184,5.76487,440,124100,0.247908,0.22,1,382513,382073,440
90526881,6.63437,13.153,431,124100,0.241582,0.18,1,382519,382088,431
90528881,2.92687,4.23059,431,124100,0.208316,0.18,1,382521,382090,431
90531801,31.7854,7.24612,462,124100,0.193663,0.15,1,382560,382098,462
90534721,7.95707,26.2492,433,124100,0.278733,0.15,1,382562,382129,433
90537641,7.99141,6.84984,439,124100,0.295747,0.23,1,382570,382131,439
90540561,4.79828,7.76997,435,124100,0.291149,0.21,1,382574,382139,435
90543481,2.55966,6.35399,431,124100,0.29023,0.2,1,382576,382145,431
90546401,10.9119,2.8708,442,124100,0.274046,0.13,1,382589,382147,442
90549321,8.58239,13.3742,434,124100,0.254809,0.16,1,382597,382163,434
90552241,6.51648,6.67483,435,124100,0.234962,0.1,1,382603,382168,435
90554881,2.9033,6.93497,430,124100,0.198992,0.11,1,382605,382175,430
90557801,4.58066,7.78699,427,124100,0.263798,0.11,1,382610,382183,427
90560721,4.11613,1.5574,431,124100,0.25276,0.14,1,382614,382183,431
90563641,21.6232,3.51148,453,124100,0.218552,0.1,1,382640,382187,453
90566561,7.52465,20.7023,432,124100,0.14771,0.14,1,382644,382212,432
90569441,6.30493,6.54046,435,124100,0.245542,0.19,1,382650,382215,435
90572361,10.861,9.30809,437,124100,0.265108,0.19,1,382662,382225,437
90575281,8.5722,5.06162,441,124100,0.237022,0.24,1,382670,382229,441
90578201,9.71444,9.81232,440,124100,0.263404,0.19,1,382680,382240,440
90581121,40.3429,8.36246,480,124100,0.300681,0.06,1,382728,382248,480
90584041,21.6686,44.0725,444,124100,0.340136,0.19,1,382745,382301,444
90586961,17.1337,24.8145,440,124100,0.300027,0.12,1,382761,382321,440
90589881,6.62674,9.7629,438,124100,0.292005,0.05,1,382765,382327,438
90592801,2.92535,5.15258,436,124100,0.330401,0.06,1,382767,382331,436
90595441,2.18507,2.63052,436,124100,0.30608,0.26,1,382769,382333,436
90598361,6.83701,9.3261,433,124100,0.333216,0.21,1,382777,382344,433
90601281,7.7674,6.66522,435,124100,0.362643,0.25,1,382785,382350,435
90604201,9.55348,8.53304,436,124100,0.320529,0.24,1,382795,382359,436
90607121,8.3107,8.10661,436,124100,0.312106,0.25,1,382803,382367,436
90610041,28.8621,28.8213,436,124100,0.326421,0.17,1,382837,382401,436
90612961,8.97243,8.96426,436,124100,0.353284,0.22,1,382841,382405,436
90615881,14.5945,14.5929,436,124100,0.286657,0.17,1,382857,382421,436
90618801,4.5189,4.51857,436,124100,0.369331,0.26,1,382859,382423,436
90620401,1.70378,1.70371,436,124100,0.377866,0.31,1,382860,382424,436
90623321,1.94076,6.74074,430,124100,0.347573,0.31,1,382862,382432,430
90626241,1.98815,1.34815,432,124100,0.349515,0.1,1,382864,382432,432
90629161,15.5976,18.6696,428,124100,0.317903,0.21,1,382883,382455,428
90632081,9.51953,5.33393,434,124100,0.359581,0.18,1,382891,382457,434
90635001,17.1039,16.2668,434,124100,0.311916,0.19,1,382910,382476,434
90637921,15.4208,14.4534,435,124100,0.310383,0.25,1,382925,382490,435
90640841,9.48416,9.29067,435,124100,0.310077,0.24,1,382933,382498,435
90643761,5.09683,5.85813,434,124100,0.310015,0.25,1,382937,382503,434
90646681,5.81937,9.17163,430,124100,0.318003,0.24,1,382943,382513,430
90649601,4.36387,6.63433,428,124100,0.319601,0.2,1,382947,382519,428
90652521,5.67277,2.92687,432,124100,0.26392,0.19,1,382953,382521,432
90655441,36.3346,31.7854,437,124100,0.244784,0.3,1,382997,382560,437
90658361,8.86691,7.95707,437,124100,0.208957,0.3,1,382999,382562,437
90659921,8.17338,7.99141,437,124100,0.289791,0.29,1,383007,382570,437
90662841,3.23468,4.79828,435,124100,0.297958,0.29,1,383009,382574,435
90665761,2.24694,0.959657,437,124100,0.307592,0.29,1,383011,382574,437
90668681,8.44939,1.79193,445,124100,0.293518,0.27,1,383021,382576,445
90671601,8.08988,10.7584,440,124100,0.226704,0.25,1,383029,382589,440
90674481,8.81798,8.55168,441,124100,0.205341,0.19,1,383038,382597,441
90677401,4.9636,8.11034,437,124100,0.249068,0.19,1,383042,382605,437
90680321,2.59272,1.62207,439,124100,0.225814,0.28,1,383044,382605,439
90683241,2.11854,4.32441,436,124100,0.189163,0.25,1,383046,382610,436
90686161,22.8237,4.06488,460,124100,0.229833,0.21,1,383074,382614,460
90689081,7.76474,21.613,438,124100,0.181967,0.13,1,383078,382640,438
90691121,6.35295,7.5226,440,124100,0.196393,0.27,1,383084,382644,440
90694041,10.8706,11.1045,440,124100,0.255279,0.27,1,383096,382656,440
90696961,10.1741,7.0209,444,124100,0.259056,0.23,1,383106,382662,444
90699881,8.43482,7.80418,444,124100,0.283811,0.27,1,383114,382670,444
90702801,39.287,9.56084,481,124100,0.192762,0.31,1,383161,382680,481
90705721,24.6574,40.3122,454,124100,0.150552,0.35,1,383182,382728,454
90708641,15.3315,21.6624,450,124100,0.20611,0.29,1,383195,382745,450
90711561,7.0663,17.1325,439,124100,0.201222,0.29,1,383200,382761,439
90714481,5.41326,6.6265,440,124100,0.168244,0.34,1,383205,382765,440
90716501,1.88265,2.9253,439,124100,0.177649,0.3,1,383206,382767,439
90719421,1.97653,2.18506,439,124100,0.17953,0.34,1,383208,382769,439
90722341,6.79531,6.83701,439,124100,0.227906,0.37,1,383216,382777,439
90725261,7.75906,7.7674,439,124100,0.213581,0.31,1,383224,382785,439
90728181,7.15181,9.55348,436,124100,0.226716,0.31,1,383231,382795,436
90731101,11.0304,8.3107,440,124100,0.253343,0.33,1,383243,382803,440
90734021,29.4061,28.8621,440,124100,0.234669,0.36,1,383277,382837,440
90736941,9.08121,8.97243,440,124100,0.174934,0.27,1,383281,382841,440
90739861,11.4162,14.5945,436,124100,0.178987,0.39,1,383293,382857,436
90742781,5.48325,4.5189,438,124100,0.219797,0.38,1,383297,382859,438
90744581,5.89665,1.70378,443,124100,0.179959,0.33,1,383303,382860,443
90747501,2.77933,5.94076,438,124100,0.235992,0.33,1,383305,382867,438
90750421,12.5559,1.18815,453,124100,0.239198,0.31,1,383320,382867,453
90753341,7.31117,13.0376,443,124100,0.17584,0.37,1,383326,382883,443
90756261,14.2622,9.00753,451,124100,0.195168,0.3,1,383342,382891,451
90759181,18.8524,17.0015,452,124100,0.159034,0.31,1,383362,382910,452
90762101,10.1705,15.4003,445,124100,0.191807,0.31,1,383370,382925,445
90765021,5.2341,9.48006,441,124100,0.198361,0.31,1,383374,382933,441
90767941,2.64682,5.09601,439,124100,0.199672,0.32,1,383376,382937,439
90770861,2.92936,5.8192,436,124100,0.207934,0.32,1,383379,382943,436
90773781,7.78587,4.36384,441,124100,0.233587,0.25,1,383388,382947,441
90776701,37.5572,5.67277,480,124100,0.190717,0.24,1,383433,382953,480
90779621,9.11143,36.3346,438,124100,0.206143,0.2,1,383435,382997,438
90782541,8.22229,8.86691,444,124100,0.121229,0.31,1,383443,382999,444
90785461,3.24446,8.17338,438,124100,0.224246,0.3,1,383445,383007,438
90788381,2.24889,3.23468,438,124100,0.252849,0.31,1,383447,383009,438
90790341,5.24978,2.24694,442,124100,0.23457,0.29,1,383453,383011,442
90793261,9.04996,8.44939,442,124100,0.254914,0.21,1,383463,383021,442
90796181,6.60999,8.08988,440,124100,0.194983,0.2,1,383469,383029,440
90799101,2.922,8.81798,433,124100,0.150997,0.26,1,383471,383038,433
90802021,7.7844,4.9636,438,124100,0.174199,0.22,1,383480,383042,438
90804941,3.15688,2.59272,438,124100,0.17084,0.18,1,383482,383044,438
90807861,19.8314,2.11854,460,124100,0.154168,0.24,1,383506,383046,460
90810781,5.56628,22.8237,434,124100,0.110834,0.17,1,383508,383074,434
90813701,7.51326,7.76474,438,124100,0.0541667,0.2,1,383516,383078,438
90816621,13.5027,6.35295,447,124100,0.114833,0.27,1,383531,383084,447
90819541,9.90053,10.8706,444,124100,0.142967,0.26,1,383540,383096,444
90822461,5.98011,10.1741,439,124100,0.156593,0.29,1,383545,383106,439
90825381,40.396,8.43482,480,124100,0.207319,0.17,1,383594,383114,480
90828301,23.2792,39.287,452,124100,0.185464,0.14,1,383613,383161,452
90831221,12.6558,24.6574,441,124100,0.205093,0.22,1,383623,383182,441
90834141,6.53117,15.3315,433,124100,0.233019,0.2,1,383628,383195,433
90837061,7.70623,7.0663,436,124100,0.262604,0.16,1,383636,383200,436
90839981,3.14125,5.41326,433,124100,0.236521,0.18,1,383638,383205,433
90841921,1.42825,3.48265,431,124100,0.247304,0.26,1,383639,383208,431
90844841,10.6857,8.69653,434,124100,0.281461,0.26,1,383652,383218,434
90847761,3.73713,1.73931,436,124100,0.288292,0.21,1,383654,383218,436
90850681,5.54743,5.14786,436,124100,0.217658,0.23,1,383660,383224,436
90853601,11.5095,6.62957,442,124100,0.203532,0.26,1,383673,383231,442
90856521,29.5019,10.9259,464,124100,0.256706,0.23,1,383707,383243,464
90859441,9.10038,29.3852,434,124100,0.235341,0.16,1,383711,383277,434
90862361,10.6201,9.07704,441,124100,0.295068,0.18,1,383722,383281,441
90865281,6.92402,11.4154,435,124100,0.243014,0.23,1,383728,383293,435
90868201,4.5848,5.48308,435,124100,0.240603,0.25,1,383732,383297,435
90871121,2.51696,7.49662,429,124100,0.248121,0.24,1,383734,383305,429
90874041,10.1034,13.4993,426,124100,0.281624,0.16,1,383746,383320,426
90876961,9.22068,7.49986,429,124100,0.304325,0.2,1,383755,383326,429
90879881,15.4441,14.3,430,124100,0.268865,0.15,1,383772,383342,430
90882801,20.6888,18.86,432,124100,0.197773,0.2,1,383794,383362,432
90885721,12.1378,10.172,434,124100,0.239555,0.2,1,383804,383370,434
90888641,5.62755,5.2344,434,124100,0.255911,0.2,1,383808,383374,434
90891561,2.72551,2.64688,434,124100,0.259182,0.21,1,383810,383376,434
90894481,2.1451,2.92938,433,124100,0.227836,0.24,1,383812,383379,433
90897401,3.62902,7.78588,428,124100,0.285567,0.18,1,383816,383388,428
90900321,37.5258,37.5572,429,124100,0.305113,0.21,1,383862,383433,429
90903241,13.1052,9.11143,434,124100,0.277023,0.1,1,383869,383435,434
90906161,8.22103,8.22229,433,124100,0.311405,0.25,1,383876,383443,433
90909081,4.84421,3.24446,435,124100,0.334281,0.26,1,383880,383445,435
90910561,1.76884,2.24889,434,124100,0.354856,0.29,1,383881,383447,434
90913481,5.15377,7.64978,431,124100,0.342971,0.26,1,383887,383456,431
90916401,2.63075,7.12996,426,124100,0.316594,0.18,1,383889,383463,426
90919321,8.52615,6.22599,430,124100,0.335319,0.14,1,383899,383469,430
90920961,2.50523,2.8452,429,124100,0.355064,0.11,1,383900,383471,429
90923881,7.70105,2.96904,435,124100,0.263013,0.18,1,383909,383474,435
90926801,3.14021,5.39381,431,124100,0.372603,0.17,1,383911,383480,431
90929721,15.028,2.67876,447,124100,0.274521,0.15,1,383929,383482,447
90932641,5.40561,19.7358,426,124100,0.302904,0.1,1,383932,383506,426
90935521,12.2811,5.54715,438,124100,0.276581,0.23,1,383946,383508,438
90938441,13.6562,11.5094,439,124100,0.327316,0.13,1,383960,383521,439
90941361,10.7312,10.3019,439,124100,0.329463,0.15,1,383970,383531,439
90944281,6.94625,9.26038,436,124100,0.313893,0.16,1,383976,383540,436
90947201,40.5893,5.85208,480,124100,0.382779,0.22,1,384025,383545,480
90950121,23.3178,40.3704,450,124100,0.364556,0.18,1,384044,383594,450
90953041,15.0636,23.2741,444,124100,0.360911,0.21,1,384057,383613,444
90955961,6.21271,12.6548,438,124100,0.288182,0.24,1,384061,383623,438
90958881,2.84254,6.53096,435,124100,0.241636,0.27,1,384063,383628,435
90961801,7.76851,7.70619,436,124100,0.376327,0.23,1,384072,383636,436
90964641,3.1537,3.14124,436,124100,0.395265,0.29,1,384074,383638,436
90967561,7.03074,11.8282,430,124100,0.375053,0.29,1,384082,383652,430
90970481,3.00615,3.96565,430,124100,0.387011,0.2,1,384084,383654,430
90972961,8.60123,5.59313,434,124100,0.389402,0.18,1,384094,383660,434
90975881,12.1202,5.11863,442,124100,0.38188,0.2,1,384107,383665,442
90978801,31.2241,7.42373,470,124100,0.364376,0.27,1,384143,383673,470
90981721,9.44481,28.6847,440,124100,0.328875,0.23,1,384147,383707,440
90984641,9.08896,8.93695,445,124100,0.401775,0.31,1,384156,383711,445
90987561,3.41779,10.5874,436,124100,0.416355,0.23,1,384158,383722,436
90989601,3.88356,6.91748,434,124100,0.387271,0.27,1,384162,383728,434
90992521,7.17671,5.3835,437,124100,0.413454,0.25,1,384170,383733,437
90995441,11.0353,1.8767,448,124100,0.370691,0.29,1,384182,383734,448
90998361,4.60707,9.97534,439,124100,0.354138,0.31,1,384185,383746,439
91001281,16.9214,9.19507,450,124100,0.302828,0.26,1,384205,383755,450
91004201,21.7843,15.439,456,124100,0.292566,0.18,1,384228,383772,456
91007121,13.9569,20.6878,446,124100,0.346513,0.25,1,384240,383794,446
91010041,5.99137,12.1376,440,124100,0.365303,0.26,1,384244,383804,440
91012961,2.79827,5.62751,438,124100,0.337061,0.26,1,384246,383808,438
91015881,2.15965,2.7255,438,124100,0.331412,0.22,1,384248,383810,438
91018101,3.63193,2.1451,440,124100,0.298282,0.34,1,384252,383812,440
91021021,2.32639,6.82902,434,124100,0.299656,0.31,1,384254,383820,434
91023941,36.4653,34.9658,437,124100,0.283931,0.27,1,384299,383862,437
91026861,13.6931,12.5932,438,124100,0.272786,0.32,1,384307,383869,438
91029781,8.33861,8.11863,438,124100,0.278557,0.34,1,384314,383876,438
91032701,5.66772,4.82373,439,124100,0.271711,0.36,1,384319,383880,439
91034741,6.73354,1.76475,445,124100,0.374342,0.34,1,384326,383881,445
91037661,2.94671,5.15295,441,124100,0.362868,0.31,1,384328,383887,441
91040581,3.78934,2.63059,443,124100,0.352574,0.34,1,384332,383889,443
91043501,3.15787,8.52612,436,124100,0.334515,0.36,1,384335,383899,436
91046421,11.0316,2.50522,448,124100,0.298903,0.24,1,384348,383900,448
91048261,3.00631,7.70104,440,124100,0.307781,0.36,1,384349,383909,440
91051181,15.0013,4.74021,454,124100,0.245556,0.25,1,384367,383913,454
91054101,4.60025,13.748,440,124100,0.265111,0.31,1,384369,383929,440
91057021,4.92005,5.14961,442,124100,0.229022,0.27,1,384374,383932,442
91059941,20.184,12.2299,452,124100,0.277804,0.34,1,384398,383946,452
91062861,11.2368,13.646,447,124100,0.199561,0.33,1,384407,383960,447
91065781,8.64736,10.7292,445,124100,0.295912,0.31,1,384415,383970,445
91068701,38.5295,6.94584,485,124100,0.219182,0.4,1,384461,383976,485
91071621,24.5059,40.5892,457,124100,0.171836,0.36,1,384482,384025,457
91074541,16.9012,23.3178,453,124100,0.146367,0.36,1,384497,384044,453
91077461,6.58024,15.0636,444,124100,0.245273,0.27,1,384501,384057,444
91080381,2.91605,6.21271,442,124100,0.233055,0.23,1,384503,384061,442
91082581,2.18321,2.84254,442,124100,0.198611,0.41,1,384505,384063,442
91085501,6.83664,7.76851,441,124100,0.255722,0.4,1,384513,384072,441
91088421,2.96733,3.1537,441,124100,0.259144,0.37,1,384515,384074,441
91091341,8.59347,7.03074,443,124100,0.155829,0.39,1,384525,384082,443
91094261,3.31869,3.00615,443,124100,0.231166,0.39,1,384527,384084,443
91097181,15.0637,8.60123,451,124100,0.230233,0.38,1,384545,384094,451
91100101,28.6127,12.1202,470,124100,0.246047,0.36,1,384577,384107,470
91103021,14.5225,31.2241,445,124100,0.273209,0.32,1,384588,384143,445
91105941,9.30451,9.44481,449,124100,0.254642,0.42,1,384596,384147,449
91108861,4.2609,9.08896,443,124100,0.274928,0.42,1,384599,384156,443
91111781,4.85218,3.41779,446,124100,0.238986,0.38,1,384604,384158,446
91113781,4.97044,3.88356,447,124100,0.239797,0.42,1,384609,384162,447
91116701,12.1941,7.17671,453,124100,0.175959,0.36,1,384623,384170,453
91119621,4.03882,11.0353,443,124100,0.131192,0.35,1,384625,384182,443
91122541,13.6078,4.60707,456,124100,0.218238,0.29,1,384641,384185,456
91125461,21.9216,16.9214,460,124100,0.139648,0.29,1,384665,384205,460
91128381,13.1843,21.7843,448,124100,0.13993,0.36,1,384676,384228,448
91131301,5.83686,13.9569,440,124100,0.179986,0.37,1,384680,384240,440
91134221,2.76737,5.99137,438,124100,0.179997,0.33,1,384682,384244,438
91136661,5.35347,2.79827,442,124100,0.235999,0.33,1,384688,384246,442
91139581,2.67069,2.15965,442,124100,0.2552,0.29,1,384690,384248,442
91142501,3.73414,3.63193,442,124100,0.23504,0.3,1,384694,384252,442
91144981,3.14683,2.32639,443,124100,0.199008,0.28,1,384697,384254,443
91147901,31.8294,36.4653,437,124100,0.295802,0.27,1,384736,384299,437
91150821,9.56587,13.6931,433,124100,0.27516,0.28,1,384740,384307,433
91153741,14.7132,8.33861,442,124100,0.319032,0.27,1,384756,384314,442
91156661,4.54263,5.66772,439,124100,0.295806,0.4,1,384758,384319,439
91159581,7.30853,6.73354,440,124100,0.291161,0.36,1,384766,384326,440
91162501,4.66171,2.94671,442,124100,0.298232,0.35,1,384770,384328,442
91164741,4.13234,3.78934,442,124100,0.299646,0.38,1,384774,384332,442
91167661,8.82647,5.55787,446,124100,0.275929,0.29,1,384784,384338,446
91170581,3.36529,9.11157,438,124100,0.247186,0.31,1,384786,384348,438
91173501,10.2731,2.62231,449,124100,0.265437,0.23,1,384798,384349,449
91176421,4.45461,14.9245,434,124100,0.261087,0.27,1,384801,384367,434
91179341,10.4909,4.58489,444,124100,0.260217,0.22,1,384813,384369,444
91182261,18.0982,4.91698,459,124100,0.188044,0.29,1,384833,384374,459
91185181,11.6196,20.1834,445,124100,0.197609,0.18,1,384843,384398,445
91188101,11.1239,11.2367,447,124100,0.279522,0.32,1,384854,384407,447
91191021,32.6248,8.64734,477,124100,0.287904,0.2,1,384892,384415,477
91193941,21.725,38.5295,450,124100,0.321581,0.16,1,384911,384461,450
91196861,16.345,24.5059,444,124100,0.208316,0.14,1,384926,384482,444
91199781,6.469,16.9012,433,124100,0.241663,0.27,1,384930,384497,433
91202701,6.8938,6.58024,436,124100,0.208333,0.23,1,384937,384501,436
91204881,2.97876,2.91605,436,124100,0.201667,0.2,1,384939,384503,436
91207801,2.19575,6.18321,431,124100,0.320333,0.27,1,384941,384510,431
91210721,2.03915,3.63664,430,124100,0.304067,0.26,1,384943,384513,430
91213641,12.4078,2.32733,443,124100,0.180813,0.13,1,384958,384515,443
91216561,4.08157,8.46547,435,124100,0.156163,0.25,1,384960,384525,435
91219481,16.0163,3.29309,452,124100,0.207233,0.23,1,384979,384527,452
91222401,27.2033,15.0586,464,124100,0.185447,0.25,1,385009,384545,464
91225321,15.8407,28.6117,445,124100,0.213089,0.28,1,385022,384577,445
91228241,10.3681,14.5223,443,124100,0.194618,0.25,1,385031,384588,443
91231161,3.67363,9.30447,437,124100,0.190924,0.28,1,385033,384596,437
91234081,3.93473,4.26089,438,124100,0.278185,0.23,1,385037,384599,438
91237001,3.98695,4.85218,437,124100,0.255637,0.16,1,385041,384604,437
91239921,12.7974,16.1704,433,124100,0.211127,0.12,1,385056,384623,433
91242841,4.15948,4.83409,433,124100,0.170225,0.24,1,385058,384625,433
91245761,14.4319,13.7668,434,124100,0.226045,0.12,1,385075,384641,434
91248681,16.4864,21.9534,427,124100,0.253209,0.14,1,385092,384665,427
91251601,15.2973,13.1907,431,124100,0.266642,0.19,1,385107,384676,431
91254521,9.45946,5.83813,435,124100,0.213328,0.18,1,385115,384680,435
91257301,3.49189,2.76763,435,124100,0.202666,0.25,1,385117,384682,435
91260221,2.29838,5.35353,431,124100,0.200533,0.26,1,385119,384688,431
91263141,2.05968,2.67071,431,124100,0.240107,0.23,1,385121,384690,431
91265201,6.81194,3.73414,435,124100,0.272021,0.19,1,385129,384694,435
91268121,4.56239,3.14683,436,124100,0.294404,0.32,1,385133,384697,436
91271041,32.9125,31.8294,437,124100,0.258881,0.27,1,385173,384736,437
91273961,8.1825,9.56587,435,124100,0.235776,0.33,1,385175,384740,435
91276881,16.0365,14.7132,437,124100,0.279155,0.29,1,385193,384756,437
91279801,4.8073,4.54263,437,124100,0.287831,0.29,1,385195,384758,437
91282721,7.36146,7.30853,437,124100,0.201566,0.3,1,385203,384766,437
91285641,4.67229,4.66171,437,124100,0.168313,0.3,1,385207,384770,437
91288501,2.53446,4.13234,435,124100,0.169663,0.27,1,385209,384774,435
91291421,9.30689,8.82647,436,124100,0.281933,0.24,1,385220,384784,436
91294341,3.46138,3.36529,436,124100,0.272387,0.27,1,385222,384786,436
91297261,7.09228,10.2731,432,124100,0.270477,0.26,1,385230,384798,432
91300181,4.61846,4.45461,433,124100,0.270095,0.26,1,385234,384801,433
91303101,12.9237,10.4909,436,124100,0.198019,0.17,1,385249,384813,436
91306021,15.3847,18.0982,432,124100,0.247604,0.2,1,385265,384833,432
91308941,12.6769,11.6196,434,124100,0.193521,0.3,1,385277,384843,434
91311861,12.1354,11.1239,435,124100,0.174704,0.29,1,385289,384854,435
91314781,33.6271,32.6248,436,124100,0.266941,0.33,1,385328,384892,436
91317701,18.7254,21.725,432,124100,0.277388,0.18,1,385343,384911,432
91320621,14.1451,16.345,430,124100,0.223478,0.25,1,385356,384926,430
91323541,7.62902,6.469,432,124100,0.196696,0.2,1,385362,384930,432
91326461,7.1258,6.8938,432,124100,0.183339,0.2,1,385369,384937,432
91329381,3.82516,2.97876,433,124100,0.252668,0.35,1,385372,384939,433
91332181,4.76503,2.19575,436,124100,0.226534,0.24,1,385377,384941,436
91335101,12.953,6.03915,444,124100,0.221307,0.15,1,385392,384948,444
91338021,4.1906,9.20783,436,124100,0.220261,0.15,1,385394,384958,436
91340941,11.2381,3.44157,447,124100,0.268052,0.22,1,385407,384960,447
91343861,30.2476,15.8883,463,124100,0.23761,0.18,1,385442,384979,463
91346781,13.2495,27.1777,442,124100,0.263522,0.22,1,385451,385009,442
91349701,13.8499,15.8355,443,124100,0.268704,0.19,1,385465,385022,443
91352621,4.36998,10.3671,436,124100,0.237741,0.19,1,385467,385031,436
91355541,5.674,3.67342,440,124100,0.231548,0.3,1,385473,385033,440
91358461,2.7348,3.93468,438,124100,0.22231,0.25,1,385475,385037,438
91361381,10.947,3.98694,447,124100,0.236462,0.2,1,385488,385041,447
91364301,3.78939,12.7974,434,124100,0.231292,0.16,1,385490,385056,434
91367221,17.5579,4.15948,453,124100,0.166258,0.24,1,385511,385058,453
91370141,11.5116,14.4319,446,124100,0.129252,0.26,1,385521,385075,446
91373061,15.9023,16.4864,446,124100,0.16185,0.27,1,385538,385092,446
91375981,12.7805,15.2973,443,124100,0.23237,0.2,1,385550,385107,443
91378901,4.15609,9.45946,437,124100,0.230474,0.2,1,385552,385115,437
91381061,2.43122,3.49189,437,124100,0.198095,0.2,1,385554,385117,437
91383981,2.08624,2.29838,437,124100,0.183619,0.25,1,385556,385119,437
91386901,2.01725,2.05968,437,124100,0.140724,0.28,1,385558,385121,437
91389821,7.60345,6.81194,438,124100,0.132145,0.3,1,385567,385129,438
91392741,31.1207,4.56239,471,124100,0.154429,0.25,1,385604,385133,471
91395661,7.82414,32.9125,433,124100,0.278886,0.23,1,385606,385173,433
91398581,14.3648,8.1825,447,124100,0.167777,0.29,1,385622,385175,447
91401501,4.47297,16.0365,431,124100,0.185555,0.29,1,385624,385193,431
91404421,12.0946,4.8073,443,124100,0.229111,0.18,1,385638,385195,443
91406021,4.81892,7.36146,438,124100,0.189822,0.16,1,385641,385203,438
91408941,2.56378,4.67229,436,124100,0.189964,0.17,1,385643,385207,436
91411861,2.11276,2.53446,436,124100,0.157993,0.31,1,385645,385209,436
91414781,9.22255,9.30689,436,124100,0.199599,0.27,1,385656,385220,436
91417701,3.44451,3.46138,436,124100,0.17592,0.27,1,385658,385222,436
91420581,7.0889,7.09228,436,124100,0.0831839,0.27,1,385666,385230,436
91423501,3.01778,4.61846,434,124100,0.192637,0.18,1,385668,385234,434
91426421,12.6036,12.9237,434,124100,0.166527,0.26,1,385683,385249,434
91429341,12.1207,15.3847,430,124100,0.105305,0.18,1,385695,385265,430
91432261,12.0241,12.6769,430,124100,0.205061,0.17,1,385707,385277,430
91435181,11.2048,12.1354,429,124100,0.233012,0.29,1,385718,385289,429
91438101,35.041,33.6271,431,124100,0.222602,0.28,1,385759,385328,431
91441021,15.8082,18.7254,427,124100,0.252521,0.21,1,385770,385343,427
91443941,15.9616,14.1451,430,124100,0.194504,0.19,1,385786,385356,430
91446861,11.9923,7.62902,435,124100,0.190901,0.18,1,385797,385362,435
91449781,3.99847,7.1258,430,124100,0.19018,0.27,1,385799,385369,430
91452701,7.99969,3.82516,436,124100,0.174036,0.22,1,385808,385372,436
91455621,3.19994,4.76503,433,124100,0.146807,0.22,1,385810,385377,433
91458541,11.84,12.953,432,124100,0.253361,0.22,1,385824,385392,432
91461461,7.168,4.1906,436,124100,0.234672,0.28,1,385830,385394,436
91464381,10.2336,11.2381,434,124100,0.246934,0.23,1,385841,385407,434
91467301,30.8467,30.2476,435,124100,0.217387,0.27,1,385877,385442,435
91470221,10.9693,13.2495,432,124100,0.163477,0.27,1,385883,385451,432
91473141,14.9939,13.8499,434,124100,0.168695,0.23,1,385899,385465,434
91476061,6.19877,4.36998,436,124100,0.193739,0.23,1,385903,385467,436
91478981,4.43975,5.674,434,124100,0.174748,0.22,1,385907,385473,434
91481901,2.48795,2.7348,434,124100,0.17095,0.24,1,385909,385475,434
91484821,12.4976,10.947,436,124100,0.18619,0.23,1,385924,385488,436
91487741,4.09952,3.78939,436,124100,0.157238,0.15,1,385926,385490,436
91490661,11.2199,17.5579,428,124100,0.255448,0.12,1,385939,385511,428
91493581,12.644,11.5116,431,124100,0.25909,0.17,1,385952,385521,431
91496501,18.5288,15.9023,434,124100,0.131818,0.25,1,385972,385538,434
91499421,6.90576,12.7805,426,124100,0.218364,0.23,1,385976,385550,426
91502341,2.98115,4.15609,426,124100,0.203673,0.19,1,385978,385552,426
91504821,10.9962,2.43122,437,124100,0.224735,0.13,1,385991,385554,437
91507741,3.79925,5.28624,433,124100,0.196947,0.13,1,385993,385560,433
91510661,2.35985,1.05725,435,124100,0.167389,0.13,1,385995,385560,435
91513581,3.67197,5.81145,432,124100,0.153478,0.16,1,385999,385567,432
91516501,30.3344,30.7623,432,124100,0.206696,0.31,1,386036,385604,432
91519421,7.66688,7.75246,432,124100,0.193339,0.14,1,386038,385606,432
91522341,15.9334,14.3505,434,124100,0.230668,0.19,1,386056,385622,434
91525261,4.78668,4.4701,434,124100,0.270134,0.24,1,386058,385624,434
91528181,7.35734,12.094,428,124100,0.254027,0.18,1,386066,385638,428
91531101,5.47147,4.8188,430,124100,0.274805,0.19,1,386071,385641,430
91533941,6.69429,2.56376,435,124100,0.262961,0.17,1,386078,385643,435
91536861,3.73886,4.51275,433,124100,0.252592,0.21,1,386081,385648,433
91539781,7.14777,7.30255,433,124100,0.186518,0.17,1,386089,385656,433
91542701,7.82955,3.06051,439,124100,0.197304,0.06,1,386097,385658,439
91544341,2.36591,7.0121,432,124100,0.183461,0.22,1,386098,385666,432
91547261,2.07318,3.00242,432,124100,0.252692,0.16,1,386100,385668,432
91550181,6.81464,12.6005,425,124100,0.282538,0.09,1,386108,385683,425
91553101,16.5629,12.1201,432,124100,0.184508,0.23,1,386127,385695,432
91556021,11.3126,12.024,430,124100,0.228902,0.24,1,386137,385707,430
91558941,11.8625,11.2048,431,124100,0.22178,0.22,1,386149,385718,431
91561861,37.5725,35.041,434,124100,0.196356,0.26,1,386193,385759,434
91564781,12.3145,15.8082,429,124100,0.183271,0.18,1,386199,385770,429
91567701,16.0629,15.9616,430,124100,0.204654,0.19,1,386216,385786,430
91570621,11.2126,11.9923,429,124100,0.0809308,0.19,1,386226,385797,429
91573461,8.64252,3.99847,435,124100,0.120186,0.17,1,386234,385799,435
91576381,3.3285,7.99969,428,124100,0.128037,0.14,1,386236,385808,428
91579301,2.2657,3.19994,428,124100,0.201607,0.28,1,386238,385810,428
91582221,14.8531,11.84,432,124100,0.160321,0.23,1,386256,385824,432
91585141,9.37063,7.168,434,124100,0.232064,0.25,1,386264,385830,434
91588061,9.07413,10.2336,432,124100,0.142413,0.21,1,386273,385841,432
91590981,27.4148,30.8467,428,124100,0.132483,0.15,1,386305,385877,428
91593901,13.483,10.9693,432,124100,0.234497,0.17,1,386315,385883,432
91596821,13.8966,14.9939,430,124100,0.222899,0.2,1,386329,385899,430
91599741,7.57932,6.19877,432,124100,0.20458,0.17,1,386335,385903,432
91602581,7.11586,4.43975,435,124100,0.176916,0.17,1,386342,385907,435
91605501,3.02317,2.48795,435,124100,0.147383,0.19,1,386344,385909,435
91608421,12.6046,12.4976,435,124100,0.125477,0.15,1,386359,385924,435
91611341,4.12093,4.09952,435,124100,0.209095,0.28,1,386361,385926,435
91614261,7.22419,11.2199,430,124100,0.169819,0.26,1,386369,385939,430
91617181,9.44484,12.644,427,124100,0.225964,0.1,1,386379,385952,427
91620101,24.289,18.5288,435,124100,0.109193,0.24,1,386407,385972,435
91623021,8.05779,6.90576,435,124100,0.229839,0.2,1,386411,385976,435
91625461,3.21156,2.98115,435,124100,0.229968,0.23,1,386413,385978,435
91628381,7.04231,10.9962,430,124100,0.245994,0.19,1,386421,385991,430
91631301,4.60846,3.79925,432,124100,0.265199,0.16,1,386425,385993,432
91633361,4.12169,2.35985,434,124100,0.26104,0.25,1,386429,385995,434
91636281,5.62434,7.67197,431,124100,0.204208,0.22,1,386435,386004,431
91639201,24.3249,27.1344,428,124100,0.192842,0.19,1,386464,386036,428
91642121,6.46497,7.02688,428,124100,0.214568,0.24,1,386466,386038,428
91645041,21.293,15.8054,435,124100,0.226914,0.28,1,386491,386056,435
91647961,5.8586,4.76108,435,124100,0.245383,0.25,1,386493,386058,435
91650881,7.57172,7.35222,435,124100,0.225077,0.28,1,386501,386066,435
91653801,4.71434,5.47044,434,124100,0.221015,0.26,1,386505,386071,434
91656721,2.54287,6.69409,429,124100,0.220203,0.25,1,386507,386078,429
91659641,2.10857,3.73882,428,124100,0.220041,0.17,1,386509,386081,428
91662561,10.8217,7.14776,433,124100,0.212008,0.2,1,386522,386089,433
91665481,10.1643,7.82955,435,124100,0.202402,0.18,1,386532,386097,435
91668401,3.63287,2.36591,436,124100,0.25648,0.27,1,386534,386098,436
91670801,2.32657,2.07318,436,124100,0.235296,0.29,1,386536,386100,436
91673721,4.46531,9.21464,430,124100,0.263059,0.16,1,386541,386111,430
91676641,16.0931,14.6429,433,124100,0.180612,0.24,1,386560,386127,433
91679561,11.2186,10.9286,433,124100,0.220122,0.22,1,386570,386137,433
91682481,10.2437,11.7857,431,124100,0.172024,0.19,1,386580,386149,431
91685401,38.8487,37.5571,433,124100,0.154405,0.18,1,386626,386193,433
91688321,10.9697,12.3114,431,124100,0.254881,0.21,1,386630,386199,431
91691241,11.7939,16.0623,426,124100,0.250976,0.05,1,386642,386216,426
91694161,12.7588,11.2125,429,124100,0.210195,0.13,1,386655,386226,429
91697081,8.15176,8.64249,428,124100,0.178039,0.13,1,386662,386234,428
91699301,8.03035,3.3285,434,124100,0.0916078,0.22,1,386670,386236,434
91702221,3.20607,2.2657,434,124100,0.218322,0.15,1,386672,386238,434
91705141,14.2412,14.8531,433,124100,0.259664,0.25,1,386689,386256,433
91708061,10.8482,9.37063,435,124100,0.115933,0.12,1,386699,386264,435
91710981,8.56965,9.07413,434,124100,0.119187,0.13,1,386707,386273,434
91713901,28.1139,27.4148,435,124100,0.159837,0.26,1,386740,386305,435
91716821,12.0228,13.483,433,124100,0.183967,0.22,1,386748,386315,433
91719741,12.8046,13.8966,432,124100,0.244794,0.2,1,386761,386329,432
91722661,4.16091,7.57932,428,124100,0.264959,0.17,1,386763,386335,428
91725581,8.83218,7.11586,431,124100,0.236992,0.14,1,386773,386342,431
91728501,3.36644,3.02317,431,124100,0.231398,0.12,1,386775,386344,431
91731421,11.0733,12.6046,429,124100,0.21428,0.23,1,386788,386359,429
91734341,7.01466,4.12093,433,124100,0.178856,0.16,1,386794,386361,433
91737261,7.80293,7.22419,433,124100,0.147771,0.24,1,386802,386369,433
91740181,7.96059,9.44484,431,124100,0.237554,0.08,1,386810,386379,431
91743101,23.9921,24.289,431,124100,0.279511,0.26,1,386838,386407,431
91746021,11.1984,8.05779,435,124100,0.207902,0.23,1,386846,386411,435
91747761,3.03968,3.21156,434,124100,0.20958,0.21,1,386847,386413,434
91750681,5.40794,1.44231,439,124100,0.185916,0.25,1,386853,386414,439
91753601,2.68159,5.88846,434,124100,0.205183,0.27,1,386855,386421,434
91756521,3.73632,4.37769,434,124100,0.257037,0.19,1,386859,386425,434
91759441,7.14726,8.87554,432,124100,0.259407,0.19,1,386867,386435,432
91762361,27.0295,24.9751,435,124100,0.179881,0.22,1,386899,386464,435
91765281,7.00589,6.59502,435,124100,0.155976,0.23,1,386901,386466,435
91768201,19.8012,21.319,433,124100,0.159195,0.25,1,386924,386491,433
91771121,5.56024,5.8638,433,124100,0.151839,0.22,1,386926,386493,433
91774041,7.51205,7.57276,433,124100,0.150368,0.22,1,386934,386501,433
91776961,6.30241,4.71455,435,124100,0.246074,0.22,1,386940,386505,435
91778961,2.06048,2.54291,434,124100,0.281215,0.29,1,386941,386507,434
91781881,7.6121,9.30858,432,124100,0.240243,0.29,1,386950,386518,432
91784801,3.12242,1.86172,434,124100,0.264049,0.21,1,386952,386518,434
91787721,11.8245,3.57234,444,124100,0.14881,0.2,1,386966,386522,444
91790641,3.9649,8.71447,436,124100,0.237762,0.27,1,386968,386532,436
91793521,2.39298,3.34289,436,124100,0.255552,0.27,1,386970,386534,436
91796441,3.6786,6.26858,433,124100,0.22711,0.16,1,386974,386541,433
91799361,15.9357,16.4537,433,124100,0.237422,0.23,1,386993,386560,433
91802281,7.98714,11.2907,429,124100,0.239484,0.16,1,386999,386570,429
91805201,9.59743,10.2581,429,124100,0.279897,0.15,1,387009,386580,429
91808121,43.5195,38.8516,435,124100,0.271979,0.28,1,387061,386626,435
91811041,11.9039,10.9703,435,124100,0.286396,0.25,1,387065,386630,435
91813961,10.3808,11.7941,433,124100,0.297279,0.2,1,387075,386642,433
91816881,8.47616,12.7588,428,124100,0.323456,0.17,1,387083,386655,428
91819801,12.8952,8.15176,435,124100,0.336691,0.07,1,387097,386662,435
91822721,4.17905,8.03035,429,124100,0.291338,0.25,1,387099,386670,429
91825641,4.03581,3.20607,431,124100,0.250268,0.27,1,387103,386672,431
91828561,10.4072,14.2412,426,124100,0.306054,0.08,1,387115,386689,426
91831481,10.0814,10.8482,426,124100,0.245211,0.12,1,387125,386699,426
91834401,13.2163,8.56965,432,124100,0.233042,0.17,1,387139,386707,432
91837321,32.2433,28.1139,436,124100,0.262608,0.19,1,387176,386740,436
91840241,10.4487,12.0228,433,124100,0.308522,0.26,1,387181,386748,433
91843161,11.6897,12.8046,432,124100,0.317704,0.27,1,387193,386761,432
91846081,3.93795,4.16091,432,124100,0.287541,0.23,1,387195,386763,432
91849001,10.3876,8.83218,434,124100,0.313508,0.23,1,387207,386773,434
91851921,3.67752,3.36644,434,124100,0.334702,0.21,1,387209,386775,434
91854841,8.7355,11.0733,431,124100,0.22694,0.17,1,387219,386788,431
91857761,8.9471,7.01466,434,124100,0.269388,0.14,1,387228,386794,434
91860681,9.78942,7.80293,436,124100,0.197878,0.26,1,387238,386802,436
91863601,6.75788,7.96059,434,124100,0.303576,0.29,1,387244,386810,434
91866521,22.1516,23.9921,432,124100,0.268715,0.19,1,387270,386838,432
91869441,12.4303,11.1984,434,124100,0.309743,0.21,1,387280,386846,434
91872361,7.28606,3.03968,439,124100,0.301949,0.18,1,387286,386847,439
91875281,3.85721,5.40794,436,124100,0.30039,0.21,1,387289,386853,436
91878181,3.17144,2.68159,437,124100,0.292078,0.27,1,387292,386855,437
91881101,5.43429,3.73632,439,124100,0.250416,0.26,1,387298,386859,439
91884021,29.0869,7.14726,466,124100,0.250083,0.16,1,387333,386867,466
91886941,7.41737,27.0295,436,124100,0.210017,0.15,1,387335,386899,436
91889861,15.8835,7.00589,452,124100,0.274003,0.16,1,387353,386901,452
91892781,4.77669,19.8012,431,124100,0.254801,0.15,1,387355,386924,431
91895441,12.1553,5.56024,443,124100,0.29896,0.22,1,387369,386926,443
91898361,5.63107,9.91205,436,124100,0.243792,0.27,1,387373,386937,436
91901281,2.72621,4.38241,435,124100,0.200758,0.29,1,387375,386940,435
91904201,2.94524,1.67648,437,124100,0.184152,0.23,1,387378,386941,437
91907121,2.98905,7.5353,431,124100,0.28483,0.27,1,387381,386950,431
91910041,17.3978,3.10706,450,124100,0.152966,0.12,1,387402,386952,450
91912961,5.07956,11.8214,438,124100,0.126593,0.26,1,387404,386966,438
91915201,2.61591,3.96428,438,124100,0.241319,0.31,1,387406,386968,438
91918121,3.72318,6.39286,435,124100,0.208264,0.31,1,387410,386975,435
91921041,16.7446,1.27857,455,124100,0.217653,0.24,1,387430,386975,455
91923961,8.14893,14.6557,443,124100,0.187531,0.24,1,387436,386993,443
91926881,3.22979,7.73114,439,124100,0.149506,0.29,1,387438,386999,439
91929801,46.246,9.54623,486,124100,0.189901,0.27,1,387495,387009,486
91932721,14.8492,43.5092,441,124100,0.18998,0.29,1,387502,387061,441
91935641,9.36984,11.9018,445,124100,0.189996,0.3,1,387510,387065,445
91938561,10.674,10.3804,446,124100,0.237999,0.33,1,387521,387075,446
91941481,6.13479,8.47607,443,124100,0.1916,0.34,1,387526,387083,443
91944401,8.42696,12.8952,438,124100,0.20632,0.28,1,387535,387097,438
91947321,3.28539,4.17904,438,124100,0.217264,0.24,1,387537,387099,438
91950241,8.65708,4.03581,444,124100,0.179453,0.32,1,387547,387103,444
91953161,9.73142,10.4072,442,124100,0.219891,0.23,1,387557,387115,442
91956081,16.3463,10.0814,450,124100,0.235978,0.23,1,387575,387125,450
91959001,29.6693,13.2163,469,124100,0.199196,0.27,1,387608,387139,469
91961921,9.93385,32.2433,437,124100,0.135839,0.32,1,387613,387176,437
91964841,13.1868,10.4487,446,124100,0.211168,0.32,1,387627,387181,446
91967761,5.03735,11.6897,437,124100,0.170234,0.28,1,387630,387193,437
91970681,6.60747,3.93795,442,124100,0.250047,0.32,1,387637,387195,442
91973601,2.92149,10.3876,432,124100,0.306009,0.34,1,387639,387207,432
91976521,11.7843,3.67752,444,124100,0.253202,0.2,1,387653,387209,444
91979441,7.15686,8.7355,440,124100,0.14664,0.28,1,387659,387219,440
91982361,12.6314,8.9471,445,124100,0.165328,0.18,1,387673,387228,445
91985281,7.32627,9.78942,441,124100,0.249066,0.33,1,387679,387238,441
91988201,23.8653,6.75788,463,124100,0.0978131,0.26,1,387707,387244,463
91991121,11.1731,22.1516,445,124100,0.235563,0.32,1,387715,387270,445
91994041,5.43461,12.4303,439,124100,0.271113,0.3,1,387719,387280,439
91996961,3.48692,7.28606,436,124100,0.262223,0.3,1,387722,387286,436
91999881,4.69738,3.85721,438,124100,0.252445,0.29,1,387727,387289,438
92002801,4.93948,3.17144,440,124100,0.242489,0.24,1,387732,387292,440
92005721,28.1879,5.43429,468,124100,0.240498,0.25,1,387766,387298,468
92008641,11.2376,29.0869,440,124100,0.2881,0.2,1,387773,387333,440
92011561,13.4475,7.41737,452,124100,0.29762,0.29,1,387787,387335,452
92014481,4.2895,15.8835,436,124100,0.339524,0.25,1,387789,387353,436
92017401,13.6579,4.77669,450,124100,0.275905,0.31,1,387805,387355,450
92020321,5.93158,12.1553,440,124100,0.231181,0.23,1,387809,387369,440
92023241,2.78632,5.63107,438,124100,0.222236,0.19,1,387811,387373,438
92024821,1.35726,2.72621,437,124100,0.260447,0.18,1,387812,387375,437
92027741,1.87145,2.94524,436,124100,0.244089,0.31,1,387814,387378,436
92030661,1.97429,2.98905,435,124100,0.240818,0.12,1,387816,387381,435
92033581,16.3949,17.3978,434,124100,0.280164,0.12,1,387836,387402,434
92036501,6.47897,5.07956,436,124100,0.320033,0.27,1,387840,387404,436
92039381,4.49579,2.61591,438,124100,0.296007,0.32,1,387844,387406,438
92042301,10.4992,5.32318,444,124100,0.323201,0.22,1,387856,387412,444
92045221,13.2998,15.4646,440,124100,0.24864,0.18,1,387870,387430,440
92048141,4.25997,7.89293,436,124100,0.201728,0.14,1,387872,387436,436
92049781,1.65199,3.17859,435,124100,0.208346,0.2,1,387873,387438,435
92052701,44.3304,46.2357,433,124100,0.329669,0.19,1,387928,387495,433
92055621,13.6661,14.8471,432,124100,0.257934,0.19,1,387934,387502,432
92058541,10.7332,9.36943,434,124100,0.291587,0.25,1,387944,387510,434
92061461,6.94664,10.6739,429,124100,0.330317,0.18,1,387950,387521,429
92064381,6.98933,6.13478,431,124100,0.330063,0.21,1,387957,387526,431
92067301,6.19787,8.42696,428,124100,0.298013,0.22,1,387963,387535,428
92070221,4.43957,3.28539,430,124100,0.227603,0.17,1,387967,387537,430
92073141,12.8879,8.65708,435,124100,0.349521,0.23,1,387982,387547,435
92076061,9.77758,9.73142,434,124100,0.277904,0.24,1,387991,387557,434
92078981,17.9555,16.3463,436,124100,0.303581,0.19,1,388011,387575,436
92081901,28.3911,29.6693,434,124100,0.324716,0.12,1,388042,387608,434
92084821,8.87822,9.93385,433,124100,0.304943,0.23,1,388046,387613,433
92087741,14.5756,13.1868,435,124100,0.300989,0.16,1,388062,387627,435
92090661,6.11513,5.03735,436,124100,0.292198,0.27,1,388066,387630,436
92093581,6.82303,6.60747,436,124100,0.36244,0.32,1,388073,387637,436
92096501,2.96461,2.92149,436,124100,0.360488,0.24,1,388075,387639,436
92099421,6.99292,11.7843,430,124100,0.344098,0.12,1,388083,387653,430
92102341,7.79858,7.15686,432,124100,0.380819,0.17,1,388091,387659,432
92105261,15.1597,12.6314,435,124100,0.268164,0.27,1,388108,387673,435
92108181,9.43194,7.32627,437,124100,0.333633,0.06,1,388116,387679,437
92111101,23.4864,23.8653,436,124100,0.314727,0.27,1,388143,387707,436
92114021,9.49728,11.1731,434,124100,0.342945,0.28,1,388149,387715,434
92116941,5.09946,5.43461,434,124100,0.316589,0.26,1,388153,387719,434
92119861,4.21989,3.48692,435,124100,0.383318,0.25,1,388157,387722,435
92122781,4.04398,4.69738,434,124100,0.356664,0.24,1,388161,387727,434
92125701,7.2088,4.93948,437,124100,0.335333,0.24,1,388169,387732,437
92128621,29.4418,28.1879,438,124100,0.243067,0.3,1,388204,387766,438
92131541,10.6884,11.2376,437,124100,0.176613,0.3,1,388210,387773,437
92134461,10.1377,13.4475,433,124100,0.267323,0.35,1,388220,387787,433
92137381,3.62753,4.2895,433,124100,0.285465,0.26,1,388222,387789,433
92140301,13.5255,13.6579,433,124100,0.305093,0.22,1,388238,387805,433
92143221,5.9051,5.93158,433,124100,0.285019,0.22,1,388242,387809,433
92145041,1.98102,2.78632,432,124100,0.289004,0.24,1,388243,387811,432
92147961,6.7962,4.55726,435,124100,0.305801,0.24,1,388251,387816,435
92150881,2.95924,0.911453,437,124100,0.31716,0.24,1,388253,387816,437
92153801,2.19185,0.182291,439,124100,0.295432,0.29,1,388255,387816,439
92156721,13.2384,16.0365,435,124100,0.339086,0.33,1,388271,387836,435
92159641,9.04767,6.40729,439,124100,0.243817,0.29,1,388279,387840,439
92162561,5.00953,4.48146,439,124100,0.232763,0.33,1,388283,387844,439
92165481,7.40191,10.4963,435,124100,0.270553,0.23,1,388291,387856,435
92168401,10.2804,13.2993,432,124100,0.342111,0.19,1,388302,387870,432
92171321,3.65608,4.25985,432,124100,0.364422,0.21,1,388304,387872,432
92173121,3.13122,1.65197,434,124100,0.320884,0.36,1,388307,387873,434
92176041,48.6262,44.3304,439,124100,0.256177,0.24,1,388367,387928,439
92178961,12.9252,13.6661,437,124100,0.267235,0.3,1,388371,387934,437
92181881,8.98505,10.7332,435,124100,0.261447,0.34,1,388379,387944,435
92184801,9.79701,6.94664,439,124100,0.284289,0.33,1,388389,387950,439
92187721,3.5594,6.98933,434,124100,0.320858,0.29,1,388391,387957,434
92190641,2.31188,6.19787,430,124100,0.328172,0.21,1,388393,387963,430
92193301,8.46238,4.43957,436,124100,0.281634,0.38,1,388403,387967,436
92196221,13.6925,12.8879,436,124100,0.304327,0.26,1,388418,387982,436
92199141,7.5385,9.77758,433,124100,0.348865,0.31,1,388424,387991,433
92202061,18.3077,17.9555,434,124100,0.229773,0.33,1,388445,388011,434
92204981,33.2615,28.3911,440,124100,0.309955,0.3,1,388482,388042,440
92207901,9.85231,8.87822,440,124100,0.333991,0.3,1,388486,388046,440
92210821,11.5705,14.5756,436,124100,0.370798,0.29,1,388498,388062,436
92213741,8.71409,6.11513,440,124100,0.27416,0.38,1,388506,388066,440
92215761,5.74282,6.82303,438,124100,0.262832,0.36,1,388511,388073,438
92218681,2.74856,2.96461,438,124100,0.228566,0.36,1,388513,388075,438
92221601,6.94971,0.592921,446,124100,0.349713,0.34,1,388521,388075,446
92224521,7.78994,6.51858,446,124100,0.333943,0.39,1,388529,388083,446
92227441,15.958,7.70372,456,124100,0.210789,0.24,1,388547,388091,456
92230361,10.3916,15.1407,448,124100,0.250158,0.35,1,388556,388108,448
92233281,19.6783,9.42815,462,124100,0.194032,0.31,1,388578,388116,462
92236201,10.3357,23.4856,443,124100,0.254806,0.35,1,388586,388143,443
92239121,6.06713,9.49713,442,124100,0.298961,0.31,1,388591,388149,442
92242041,3.61343,5.09943,441,124100,0.291792,0.4,1,388594,388153,441
92244881,2.32269,4.21989,439,124100,0.266358,0.42,1,388596,388157,439
92247801,6.06454,5.64398,440,124100,0.317272,0.33,1,388603,388163,440
92250721,30.0129,5.9288,470,124100,0.319454,0.22,1,388639,388169,470
92253641,10.8026,29.1858,441,124100,0.287891,0.16,1,388645,388204,441
92256561,11.7605,10.6372,447,124100,0.313578,0.29,1,388657,388210,447
92259481,3.9521,10.1274,439,124100,0.310716,0.29,1,388659,388220,439
92262401,12.7904,3.62549,452,124100,0.302143,0.31,1,388674,388222,452
92265321,5.75808,13.5251,440,124100,0.332429,0.28,1,388678,388238,440
92267761,2.75162,5.90502,438,124100,0.346486,0.31,1,388680,388242,438
92270681,3.75032,8.381,433,124100,0.309297,0.32,1,388684,388251,433
92273601,2.35006,3.2762,433,124100,0.309859,0.29,1,388686,388253,433
92276081,6.87001,2.25524,439,124100,0.349972,0.28,1,388694,388255,439
92279001,9.374,2.85105,446,124100,0.277994,0.35,1,388704,388258,446
92281921,9.0748,10.9702,442,124100,0.319599,0.22,1,388713,388271,442
92284841,5.01496,8.59404,438,124100,0.33592,0.23,1,388717,388279,438
92287521,10.603,4.91881,446,124100,0.387184,0.32,1,388729,388283,446
92290441,6.9206,8.98376,442,124100,0.333437,0.36,1,388735,388293,442
92293361,2.98412,8.99675,435,124100,0.322687,0.37,1,388737,388302,435
92295841,5.39682,3.39935,439,124100,0.392537,0.24,1,388743,388304,439
92298761,49.0794,51.0799,436,124100,0.366508,0.27,1,388803,388367,436
92301681,13.0159,13.416,436,124100,0.337301,0.26,1,388807,388371,436
92304601,9.80317,9.08319,437,124100,0.33946,0.29,1,388816,388379,437
92307521,6.76063,9.81664,433,124100,0.323892,0.33,1,388822,388389,433
92310441,5.35213,3.56333,436,124100,0.360778,0.33,1,388827,388391,436
92312481,2.67043,2.31267,436,124100,0.384156,0.3,1,388829,388393,436
92315401,8.53409,6.86253,438,124100,0.308831,0.27,1,388839,388401,438
92318321,13.7068,2.97251,451,124100,0.301766,0.31,1,388854,388403,451
92321241,4.34136,12.5945,438,124100,0.316353,0.36,1,388856,388418,438
92324161,21.6683,7.3189,458,124100,0.271271,0.2,1,388882,388424,458
92327081,29.9337,18.2638,469,124100,0.294254,0.33,1,388914,388445,469
92330001,13.9867,33.2528,442,124100,0.322851,0.34,1,388924,388482,442
92332921,9.99735,9.85055,447,124100,0.24857,0.38,1,388933,388486,447
92335841,11.5995,11.5701,447,124100,0.345714,0.25,1,388945,388498,447
92338761,7.11989,8.71402,445,124100,0.301143,0.22,1,388951,388506,445
92341681,3.02398,7.3428,440,124100,0.260229,0.38,1,388953,388513,440
92344601,4.6048,7.86856,437,124100,0.364046,0.38,1,388958,388521,437
92346181,5.72096,1.57371,443,124100,0.392809,0.33,1,388964,388521,443
92349101,16.3442,6.71474,454,124100,0.374562,0.18,1,388983,388529,454
92352021,8.86884,15.7429,443,124100,0.314912,0.26,1,388990,388547,443
92354941,21.7738,10.3486,459,124100,0.366982,0.18,1,389015,388556,459
92357861,9.15475,19.6697,443,124100,0.297396,0.27,1,389021,388578,443
92360781,5.03095,10.3339,439,124100,0.251479,0.31,1,389025,388586,439
92362821,6.60619,6.06679,441,124100,0.314296,0.29,1,389032,388591,441
92365741,2.92124,3.61336,440,124100,0.294859,0.26,1,389034,388594,440
92368661,2.18425,2.32267,440,124100,0.330972,0.33,1,389036,388596,440
92371581,3.63685,6.06453,437,124100,0.322194,0.32,1,389040,388603,437
92374501,28.7274,30.0129,436,124100,0.296439,0.28,1,389075,388639,436
92377421,11.3455,10.8026,437,124100,0.307288,0.32,1,389082,388645,437
92380341,11.8691,11.7605,437,124100,0.269458,0.31,1,389094,388657,437
92383261,5.57382,3.9521,439,124100,0.205892,0.3,1,389098,388659,439
92386181,12.3148,12.7904,438,124100,0.329178,0.34,1,389112,388674,438
92389101,7.26295,5.75808,440,124100,0.353836,0.35,1,389118,388678,440
92391941,6.25259,2.75162,444,124100,0.326767,0.3,1,389124,388680,444
92394861,2.85052,3.75032,442,124100,0.345353,0.31,1,389126,388684,442
92397781,2.1701,2.35006,442,124100,0.325071,0.36,1,389128,388686,442
92400261,13.234,6.87001,450,124100,0.321014,0.26,1,389144,388694,450
92403181,4.2468,9.374,442,124100,0.296203,0.33,1,389146,388704,442
92406101,4.04936,9.0748,437,124100,0.259241,0.34,1,389150,388713,437
92409021,12.8099,5.01496,448,124100,0.323848,0.4,1,389165,388717,448
92411941,11.362,10.603,447,124100,0.40077,0.32,1,389176,388729,447
92414861,3.87239,6.9206,443,124100,0.384154,0.32,1,389178,388735,443
92416901,2.37448,2.98412,443,124100,0.348831,0.41,1,389180,388737,443
92419821,2.0749,5.39682,439,124100,0.309766,0.36,1,389182,388743,439
92422741,46.815,49.0794,437,124100,0.293953,0.33,1,389240,388803,437
92425661,14.163,13.0159,439,124100,0.330791,0.34,1,389246,388807,439
92428341,13.2326,9.80317,443,124100,0.338158,0.32,1,389259,388816,443
92431261,5.04652,6.76063,440,124100,0.331632,0.37,1,389262,388822,440
92434181,2.6093,5.35213,437,124100,0.314326,0.39,1,389264,388827,437
92437101,10.1219,2.67043,447,124100,0.318865,0.29,1,389276,388829,447
92440021,13.2244,8.53409,451,124100,0.319773,0.3,1,389290,388839,451
92442941,5.04487,13.7068,439,124100,0.311955,0.32,1,389293,388854,439
92445861,20.209,4.34136,461,124100,0.254391,0.26,1,389317,388856,461
92448781,31.2418,21.6683,469,124100,0.346878,0.3,1,389351,388882,469
92451701,9.44836,29.9337,441,124100,0.365376,0.33,1,389355,388914,441
92454621,15.4897,13.9867,448,124100,0.329075,0.23,1,389372,388924,448
92457541,7.89793,9.99735,445,124100,0.233815,0.37,1,389378,388933,445
92460461,11.9796,11.5995,446,124100,0.342763,0.29,1,389391,388945,446
92463381,3.99592,7.11989,442,124100,0.340553,0.25,1,389393,388951,442
92466301,5.59918,3.02398,446,124100,0.380111,0.39,1,389399,388953,446
92469221,2.71984,4.6048,443,124100,0.372022,0.37,1,389401,388958,443
92472141,14.944,20.921,436,124100,0.346404,0.3,1,389419,388983,436
92475061,14.1888,9.78419,443,124100,0.397281,0.38,1,389433,388990,443
92477981,16.4378,21.9568,435,124100,0.399456,0.28,1,389450,389015,435
92480901,9.68755,9.19137,437,124100,0.375891,0.24,1,389458,389021,437
92483041,5.93751,5.03827,438,124100,0.379178,0.37,1,389463,389025,438
92485961,5.1875,1.80765,442,124100,0.427836,0.29,1,389468,389026,442
92488881,2.6375,6.76153,436,124100,0.437567,0.34,1,389470,389034,436
92491361,5.3275,2.95231,440,124100,0.415513,0.29,1,389476,389036,440
92494281,4.2655,6.99046,436,124100,0.379103,0.29,1,389480,389044,436
92497201,27.2531,26.1981,438,124100,0.355821,0.31,1,389513,389075,438
92500121,7.85062,10.8396,434,124100,0.367164,0.26,1,389516,389082,434
92503041,13.5701,11.7679,437,124100,0.337433,0.19,1,389531,389094,437
92505961,4.31402,5.55358,435,124100,0.371487,0.36,1,389533,389098,435
92508881,15.2628,12.3107,439,124100,0.338297,0.36,1,389551,389112,439
92511801,7.85256,7.26214,439,124100,0.299659,0.32,1,389557,389118,439
92514721,3.17051,6.25243,435,124100,0.331932,0.35,1,389559,389124,435
92516321,7.0341,2.85049,441,124100,0.362386,0.34,1,389567,389126,441
92519241,3.00682,1.3701,442,124100,0.376477,0.32,1,389569,389127,442
92522161,12.6014,1.07402,456,124100,0.371295,0.32,1,389584,389128,456
92525081,4.12027,13.0148,442,124100,0.378259,0.29,1,389586,389144,442
92528001,4.02405,4.20296,444,124100,0.315652,0.25,1,389590,389146,444
92530921,8.00481,4.04059,449,124100,0.39113,0.34,1,389599,389150,449
92533841,14.401,12.8081,450,124100,0.326226,0.42,1,389615,389165,450
92536761,4.48019,11.3616,441,124100,0.281245,0.38,1,389617,389176,441
92539201,2.49604,3.87232,441,124100,0.264249,0.4,1,389619,389178,441
92542121,3.69921,7.17446,437,124100,0.35685,0.4,1,389623,389186,437
92545041,47.1398,1.43489,495,124100,0.34337,0.29,1,389681,389186,495
92547961,12.628,43.487,445,124100,0.300674,0.34,1,389685,389240,445
92550881,12.1256,13.4974,451,124100,0.332135,0.34,1,389697,389246,451
92553801,4.82512,13.0995,441,124100,0.314427,0.33,1,389700,389259,441
92555841,2.56502,5.0199,440,124100,0.278885,0.37,1,389702,389262,440
92558761,3.713,6.60398,437,124100,0.271777,0.32,1,389706,389269,437
92561681,17.5426,6.9208,451,124100,0.270355,0.32,1,389727,389276,451
92564601,5.90852,12.5842,440,124100,0.294071,0.31,1,389730,389290,440
92567521,19.5817,4.91683,460,124100,0.266814,0.24,1,389753,389293,460
92570441,33.5163,20.1834,473,124100,0.277363,0.37,1,389790,389317,473
92573361,10.7033,31.2367,444,124100,0.327473,0.37,1,389795,389351,444
92576281,16.5407,9.44733,458,124100,0.313495,0.32,1,389813,389355,458
92579201,6.50813,15.4895,445,124100,0.286699,0.21,1,389817,389372,445
92582121,11.7016,7.89789,452,124100,0.32934,0.37,1,389830,389378,452
92585041,3.94033,11.9796,441,124100,0.305868,0.34,1,389832,389391,441
92587961,7.98807,3.99592,448,124100,0.301174,0.39,1,389841,389393,448
92590881,3.19761,5.59918,444,124100,0.308235,0.37,1,389843,389399,444
92593801,16.6395,2.71984,462,124100,0.317647,0.34,1,389863,389401,462
92596721,12.9279,14.944,456,124100,0.359529,0.41,1,389875,389419,456
92599641,12.9856,14.1888,455,124100,0.319906,0.4,1,389888,389433,455
92602561,13.7971,16.4378,452,124100,0.303981,0.37,1,389902,389450,452
92605481,5.95942,9.68755,448,124100,0.236796,0.38,1,389906,389458,448
92608401,2.79188,5.93751,445,124100,0.279359,0.44,1,389908,389463,445
92611321,2.15838,5.1875,442,124100,0.255872,0.44,1,389910,389468,442
92614081,2.03168,2.6375,442,124100,0.339174,0.37,1,389912,389470,442
92617001,6.80634,8.5275,440,124100,0.355835,0.35,1,389920,389480,440
92619921,26.1613,28.1055,438,124100,0.359167,0.37,1,389951,389513,438
92622841,10.8323,8.0211,442,124100,0.287833,0.33,1,389958,389516,442
92625761,11.7665,13.6042,439,124100,0.297567,0.38,1,389970,389531,439
92628681,3.95329,4.32084,439,124100,0.307513,0.33,1,389972,389533,439
92631601,16.7907,15.2642,441,124100,0.349503,0.29,1,389992,389551,441
92634521,8.15813,7.85283,441,124100,0.349901,0.34,1,389998,389557,441
92636961,3.23163,3.17057,441,124100,0.34998,0.36,1,390000,389559,441
92639881,6.24633,1.43411,447,124100,0.341996,0.38,1,390007,389560,447
92642801,2.84926,7.48682,440,124100,0.348399,0.37,1,390009,389569,440
92645721,8.56985,13.4974,435,124100,0.29368,0.38,1,390019,389584,435
92648641,4.91397,4.29947,437,124100,0.346736,0.3,1,390023,389586,437
92650901,8.98279,4.05989,443,124100,0.365347,0.41,1,390033,389590,443
92653821,7.39656,8.01198,441,124100,0.289069,0.31,1,390040,389599,441
92656741,11.8793,14.4024,438,124100,0.425814,0.27,1,390053,389615,438
92659661,3.97586,4.48048,438,124100,0.421163,0.26,1,390055,389617,438
92661921,2.39517,2.4961,438,124100,0.404233,0.38,1,390057,389619,438
92664841,5.27903,3.69922,440,124100,0.304846,0.34,1,390063,389623,440
92667761,43.4558,47.1398,435,124100,0.348969,0.29,1,390116,389681,435
92670681,15.8912,12.628,440,124100,0.349794,0.34,1,390125,389685,440
92673601,10.3782,12.1256,437,124100,0.317959,0.31,1,390134,389697,437
92676521,6.87565,4.82512,440,124100,0.335592,0.27,1,390140,389700,440
92678561,2.97513,2.56502,440,124100,0.315118,0.38,1,390142,389702,440
92681481,3.79503,8.513,434,124100,0.351024,0.27,1,390146,389712,434
92684401,12.759,13.7026,434,124100,0.294205,0.3,1,390161,389727,434
92687321,5.7518,5.14052,435,124100,0.242841,0.26,1,390165,389730,435
92690241,21.1504,19.4281,437,124100,0.304568,0.28,1,390190,389753,437
92693161,37.0301,33.4856,441,124100,0.332914,0.34,1,390231,389790,441
92696081,9.00601,10.6971,438,124100,0.338583,0.31,1,390233,389795,438
92699001,17.8012,16.5394,440,124100,0.339717,0.28,1,390253,389813,440
92701921,6.76024,6.50788,440,124100,0.299943,0.34,1,390257,389817,440
92704841,9.35205,11.7016,437,124100,0.227989,0.3,1,390267,389830,437
92707761,3.47041,3.94032,437,124100,0.253598,0.3,1,390269,389832,437
92710681,10.2941,7.98806,440,124100,0.33872,0.31,1,390281,389841,440
92713601,3.65882,3.19761,440,124100,0.331744,0.32,1,390283,389843,440
92716521,15.1318,16.6395,438,124100,0.338349,0.37,1,390301,389863,438
92719441,12.6264,12.9279,438,124100,0.33167,0.31,1,390313,389875,438
92722361,13.7253,12.9856,439,124100,0.298334,0.3,1,390327,389888,439
92725281,15.5451,13.7971,441,124100,0.291667,0.22,1,390343,389902,441
92728201,6.30901,5.95942,441,124100,0.314333,0.29,1,390347,389906,441
92730561,2.8618,2.79188,441,124100,0.286867,0.38,1,390349,389908,441
92733481,3.77236,9.35838,434,124100,0.257373,0.38,1,390353,389919,434
92736401,2.35447,1.87168,436,124100,0.267475,0.38,1,390355,389919,436
92739321,2.07089,0.374335,438,124100,0.325495,0.36,1,390357,389919,438
92742241,24.4142,0.874867,467,124100,0.249099,0.36,1,390387,389920,467
92745161,12.0828,24.975,445,124100,0.25782,0.27,1,390396,389951,445
92748081,12.8166,10.595,451,124100,0.243564,0.3,1,390409,389958,451
92751001,5.76331,11.719,443,124100,0.288713,0.31,1,390413,389970,443
92753921,16.3527,3.9438,460,124100,0.281743,0.36,1,390432,389972,460
92756841,6.47053,16.7888,444,124100,0.216349,0.35,1,390436,389992,444
92759681,2.89411,8.15775,440,124100,0.20327,0.34,1,390438,389998,440
92762601,5.37882,8.83155,437,124100,0.256654,0.35,1,390444,390007,437
92765521,2.67576,3.36631,437,124100,0.299331,0.28,1,390446,390009,437
92768441,13.3352,8.67326,443,124100,0.187866,0.36,1,390462,390019,443
92771361,4.26703,4.93465,441,124100,0.189573,0.37,1,390464,390023,441
92774281,4.05341,8.98693,435,124100,0.197915,0.27,1,390468,390033,435
92777201,12.8107,7.39739,443,124100,0.287583,0.46,1,390483,390040,443
92780121,6.56214,11.8795,435,124100,0.233517,0.42,1,390488,390053,435
92783041,8.51243,3.9759,442,124100,0.334703,0.4,1,390497,390055,442
92784641,2.50249,2.39518,441,124100,0.338941,0.28,1,390498,390057,441
92787561,2.1005,5.27904,437,124100,0.339788,0.36,1,390500,390063,437
92790481,43.6201,43.4558,438,124100,0.363958,0.35,1,390554,390116,438
92793401,18.324,15.8912,441,124100,0.360792,0.31,1,390566,390125,441
92796321,8.4648,10.3782,438,124100,0.288158,0.34,1,390572,390134,438
92799241,4.89296,6.87565,436,124100,0.337632,0.31,1,390576,390140,436
92802161,2.57859,2.97513,436,124100,0.347526,0.36,1,390578,390142,436
92804401,2.11572,3.79503,434,124100,0.341505,0.28,1,390580,390146,434
92807321,16.4231,12.759,439,124100,0.300301,0.23,1,390600,390161,439
92810241,6.48463,5.7518,439,124100,0.24406,0.32,1,390604,390165,439
92813161,20.4969,21.1504,438,124100,0.232812,0.34,1,390628,390190,438
92816081,39.2994,37.0301,441,124100,0.270562,0.34,1,390672,390231,441
92819001,9.45988,9.00601,441,124100,0.246112,0.34,1,390674,390233,441
92821921,10.692,17.8012,432,124100,0.289222,0.29,1,390685,390253,432
92824841,5.3384,6.76024,432,124100,0.305844,0.21,1,390689,390257,432
92827761,13.0677,9.35205,437,124100,0.269169,0.26,1,390704,390267,437
92830681,5.81354,3.47041,439,124100,0.205834,0.36,1,390708,390269,439
92833601,9.16271,10.2941,437,124100,0.225167,0.33,1,390718,390281,437
92836521,3.43254,3.65882,437,124100,0.229033,0.34,1,390720,390283,437
92839441,15.8865,15.1318,438,124100,0.261807,0.33,1,390739,390301,438
92842361,11.9773,12.6264,437,124100,0.276361,0.29,1,390750,390313,437
92845281,12.7955,13.7253,436,124100,0.255272,0.29,1,390763,390327,436
92848201,13.7591,15.5451,434,124100,0.251054,0.32,1,390777,390343,434
92851121,9.95182,6.30901,439,124100,0.282211,0.28,1,390786,390347,439
92854041,3.59036,2.8618,439,124100,0.328442,0.25,1,390788,390349,439
92856821,3.91807,3.77236,439,124100,0.281688,0.35,1,390792,390353,439
92859741,2.38361,4.75447,436,124100,0.240338,0.35,1,390794,390358,436
92862661,2.07672,0.950894,438,124100,0.200068,0.23,1,390796,390358,438
92865581,23.6153,23.3902,438,124100,0.200014,0.26,1,390825,390387,438
92868501,7.92307,11.878,433,124100,0.144003,0.24,1,390829,390396,433
92871421,12.7846,12.7756,434,124100,0.236801,0.3,1,390843,390409,434
92874341,5.75692,5.75512,434,124100,0.23936,0.28,1,390847,390413,434
92877261,17.9514,16.351,436,124100,0.255872,0.2,1,390868,390432,436
92880181,8.39028,6.4702,438,124100,0.227174,0.2,1,390874,390436,438
92882821,3.27806,2.89404,438,124100,0.245435,0.27,1,390876,390438,438
92885741,2.25561,5.37881,434,124100,0.217087,0.31,1,390878,390444,434
92888661,2.05112,2.67576,434,124100,0.211417,0.16,1,390880,390446,434
92891581,15.6102,13.3352,437,124100,0.258283,0.19,1,390899,390462,437
92894501,4.72204,4.26703,437,124100,0.235657,0.2,1,390901,390464,437
92897421,5.74441,4.05341,439,124100,0.159131,0.31,1,390907,390468,439
92900341,13.1489,12.8107,439,124100,0.255826,0.22,1,390922,390483,439
92903261,5.82978,6.56214,438,124100,0.203165,0.36,1,390926,390488,438
92906181,2.76596,8.51243,431,124100,0.160633,0.34,1,390928,390497,431
92909101,2.95319,2.50249,433,124100,0.264127,0.34,1,390931,390498,433
92911941,48.5906,2.1005,491,124100,0.260825,0.37,1,390991,390500,491
92914861,20.9181,43.6201,451,124100,0.244165,0.36,1,391005,390554,451
92917781,8.98363,18.324,445,124100,0.208833,0.27,1,391011,390566,445
92920701,3.39672,8.4648,441,124100,0.169767,0.35,1,391013,390572,441
92922341,3.07935,4.89296,440,124100,0.201953,0.35,1,391016,390576,440
92925261,2.21587,2.57859,440,124100,0.176391,0.34,1,391018,390578,440
92928181,2.04317,2.11572,440,124100,0.227278,0.29,1,391020,390580,440
92931101,14.0086,16.4231,437,124100,0.277456,0.23,1,391037,390600,437
92934021,4.40173,6.48463,435,124100,0.255491,0.23,1,391039,390604,435
92936941,19.2803,20.4969,434,124100,0.243098,0.28,1,391062,390628,434
92939861,39.0561,39.2994,434,124100,0.21662,0.24,1,391106,390672,434
92942781,11.0112,9.45988,436,124100,0.219324,0.3,1,391110,390674,436
92945701,8.60224,10.692,433,124100,0.235865,0.31,1,391118,390685,433
92948621,5.72045,5.3384,434,124100,0.223173,0.26,1,391123,390689,434
92951541,13.1441,13.0677,434,124100,0.260635,0.19,1,391138,390704,434
92954461,5.82882,5.81354,434,124100,0.252127,0.23,1,391142,390708,434
92957381,9.16576,9.16271,434,124100,0.306425,0.23,1,391152,390718,434
92960301,3.43315,3.43254,434,124100,0.317285,0.27,1,391154,390720,434
92963221,17.4866,15.8865,436,124100,0.247457,0.28,1,391175,390739,436
92966141,9.89733,11.9773,433,124100,0.257491,0.25,1,391183,390750,433
92969061,13.1795,12.7955,434,124100,0.267498,0.25,1,391197,390763,434
92971981,16.2359,13.7591,437,124100,0.2695,0.29,1,391214,390777,437
92974901,4.84718,9.95182,430,124100,0.2379,0.34,1,391216,390786,430
92977821,2.56944,3.59036,430,124100,0.20758,0.27,1,391218,390788,430
92980581,12.5139,3.91807,441,124100,0.329516,0.2,1,391233,390792,441
92983501,4.90278,7.98361,435,124100,0.305903,0.2,1,391236,390801,435
92986421,2.58056,1.59672,437,124100,0.269181,0.2,1,391238,390801,437
92989341,10.9161,19.5193,426,124100,0.325836,0.13,1,391251,390825,426
92992261,12.5832,7.10387,435,124100,0.273167,0.26,1,391264,390829,435
92995181,15.3166,12.6208,437,124100,0.310633,0.24,1,391280,390843,437
92998101,5.46333,5.72415,436,124100,0.302127,0.26,1,391283,390847,436
93001021,15.4927,17.9448,433,124100,0.332425,0.22,1,391301,390868,433
93003941,9.49853,8.38897,435,124100,0.282485,0.25,1,391309,390874,435
93006861,3.49971,3.27779,435,124100,0.336497,0.21,1,391311,390876,435
93009781,2.29994,2.25556,435,124100,0.347299,0.21,1,391313,390878,435
93011781,1.25999,2.05111,434,124100,0.34946,0.27,1,391314,390880,434
93014701,9.852,15.6102,427,124100,0.333892,0.23,1,391326,390899,427
93017621,5.1704,4.72204,429,124100,0.306778,0.14,1,391330,390901,429
93019681,9.03408,5.74441,433,124100,0.325356,0.12,1,391340,390907,433
93022601,14.6068,3.54888,446,124100,0.337071,0.28,1,391356,390910,446
93025521,6.12136,10.3098,438,124100,0.315414,0.19,1,391360,390922,438
93028001,2.82427,5.26196,436,124100,0.335083,0.3,1,391362,390926,436
93030921,2.16485,8.25239,429,124100,0.307017,0.3,1,391364,390935,429
93033841,50.033,1.65048,491,124100,0.269403,0.26,1,391426,390935,491
93036761,15.6066,45.1301,442,124100,0.317881,0.24,1,391433,390991,442
93039681,13.5213,20.226,441,124100,0.319576,0.2,1,391446,391005,441
93042601,4.30426,8.8452,437,124100,0.295915,0.16,1,391448,391011,437
93045521,2.46085,3.36904,437,124100,0.291183,0.21,1,391450,391013,437
93047141,2.09217,3.07381,436,124100,0.322237,0.26,1,391452,391016,436
93050061,2.81843,3.01476,436,124100,0.312447,0.24,1,391455,391019,436
93052981,9.36369,1.40295,446,124100,0.350489,0.29,1,391466,391020,446
93055901,3.47274,13.8806,431,124100,0.326098,0.25,1,391468,391037,431
93058821,23.0945,4.37612,457,124100,0.32922,0.24,1,391496,391039,457
93061741,38.2189,19.2752,476,124100,0.329844,0.21,1,391538,391062,476
93064661,9.24378,39.055,434,124100,0.337969,0.22,1,391540,391106,434
93067581,10.6488,11.011,441,124100,0.427594,0.24,1,391551,391110,441
93070501,6.92975,8.6022,439,124100,0.389519,0.22,1,391557,391118,439
93073421,10.986,5.72044,446,124100,0.325904,0.27,1,391569,391123,446
93076341,9.39719,13.1441,440,124100,0.297181,0.25,1,391578,391138,440
93079261,6.67944,5.82882,442,124100,0.339436,0.32,1,391584,391142,442
93082181,2.93589,9.16576,434,124100,0.315887,0.32,1,391586,391152,434
93085101,18.1872,3.43315,454,124100,0.319177,0.23,1,391608,391154,454
93088021,11.6374,17.4866,443,124100,0.295835,0.26,1,391618,391175,443
93090941,12.7275,9.89733,448,124100,0.299167,0.27,1,391631,391183,448
93093861,17.7455,13.1795,453,124100,0.291833,0.27,1,391650,391197,453
93096781,5.1491,16.2359,438,124100,0.290367,0.23,1,391652,391214,438
93099701,3.42982,4.84718,439,124100,0.370073,0.2,1,391655,391216,439
93101221,3.08596,2.56944,440,124100,0.338015,0.36,1,391658,391218,440
93104141,11.8172,12.5139,439,124100,0.411603,0.3,1,391672,391233,439
93107061,5.56344,4.90278,440,124100,0.402321,0.26,1,391676,391236,440
93109541,6.71269,2.58056,445,124100,0.440464,0.34,1,391683,391238,445
93112461,5.34254,10.9161,437,124100,0.440093,0.26,1,391688,391251,437
93115381,12.2685,12.5832,438,124100,0.384019,0.32,1,391702,391264,438
93118301,12.8537,15.3166,435,124100,0.420804,0.3,1,391715,391280,435
93121221,5.77074,5.46333,436,124100,0.404161,0.34,1,391719,391283,436
93124141,18.7541,15.4927,440,124100,0.288832,0.27,1,391741,391301,440
93127061,8.55083,9.49853,438,124100,0.353766,0.35,1,391747,391309,438
93129981,4.91017,3.49971,440,124100,0.302753,0.35,1,391751,391311,440
93132001,1.78203,2.29994,439,124100,0.308551,0.4,1,391752,391313,439
93134921,3.55641,6.85999,435,124100,0.27771,0.33,1,391756,391321,435
93137841,7.11128,5.372,438,124100,0.311542,0.3,1,391764,391326,438
93140761,4.62226,4.2744,438,124100,0.398308,0.33,1,391768,391330,438
93143681,9.72445,8.85488,439,124100,0.367662,0.34,1,391779,391340,439
93146601,11.5449,14.571,435,124100,0.297532,0.31,1,391791,391356,435
93149521,5.50898,6.1142,435,124100,0.251506,0.34,1,391795,391360,435
93152181,7.5018,2.82284,441,124100,0.370301,0.3,1,391803,391362,441
93155101,50.3004,2.16457,500,124100,0.35406,0.26,1,391864,391364,500
93158021,16.4601,50.0329,446,124100,0.310812,0.33,1,391872,391426,446
93160941,11.292,15.6066,449,124100,0.334162,0.32,1,391882,391433,449
93163861,3.8584,13.5213,438,124100,0.330832,0.29,1,391884,391446,438
93166781,2.37168,4.30426,438,124100,0.322166,0.29,1,391886,391448,438
93168821,2.07434,2.46085,438,124100,0.288433,0.33,1,391888,391450,438
93171741,5.21487,2.09217,442,124100,0.321687,0.31,1,391894,391452,442
93174661,9.04297,2.81843,449,124100,0.232337,0.36,1,391904,391455,449
93177581,3.40859,9.36369,440,124100,0.302467,0.32,1,391906,391466,440
93180501,19.8817,3.47274,462,124100,0.268494,0.33,1,391930,391468,462
93183421,44.7763,23.0945,485,124100,0.253699,0.33,1,391981,391496,485
93186341,10.5553,38.2189,445,124100,0.21074,0.34,1,391983,391538,445
93189261,7.71105,9.24378,450,124100,0.194148,0.45,1,391990,391540,450
93192181,4.74221,10.6488,443,124100,0.27883,0.38,1,391994,391551,443
93195101,14.5484,6.92975,454,124100,0.271766,0.31,1,392011,391557,454
93198021,4.50969,10.986,444,124100,0.238353,0.29,1,392013,391569,444
93200941,11.3019,9.39719,448,124100,0.167671,0.35,1,392026,391578,448
93203861,3.86039,6.67944,444,124100,0.121534,0.31,1,392028,391584,444
93206781,13.5721,2.93589,458,124100,0.264307,0.32,1,392044,391586,458
93209701,11.5144,18.1872,447,124100,0.220861,0.29,1,392055,391608,447
93212621,12.7029,11.6374,450,124100,0.244172,0.3,1,392068,391618,450
93215541,16.9406,12.7275,455,124100,0.208834,0.29,1,392086,391631,455
93218461,5.78812,17.7455,439,124100,0.185767,0.29,1,392089,391650,439
93221381,6.75762,5.1491,444,124100,0.205153,0.39,1,392096,391652,444
93222901,6.95152,3.42982,448,124100,0.225031,0.31,1,392103,391655,448
93225821,10.9903,5.48596,454,124100,0.229006,0.43,1,392115,391661,454
93228741,5.39806,9.89719,447,124100,0.293801,0.4,1,392119,391672,447
93231661,5.87961,5.17944,449,124100,0.21876,0.45,1,392125,391676,449
93234581,5.17592,6.63589,447,124100,0.211752,0.44,1,392130,391683,447
93237501,5.03518,5.32718,447,124100,0.29035,0.37,1,392135,391688,447
93240421,18.607,12.2654,455,124100,0.15407,0.43,1,392157,391702,455
93243341,6.92141,12.8531,446,124100,0.286814,0.4,1,392161,391715,446
93246261,14.1843,5.77062,458,124100,0.313363,0.26,1,392177,391719,458
93249181,6.83686,18.7541,441,124100,0.278673,0.37,1,392182,391741,441
93251601,7.76737,8.55082,443,124100,0.247735,0.27,1,392190,391747,443
93254521,6.35347,8.91017,440,124100,0.265547,0.27,1,392196,391756,440
93257441,2.87069,1.78203,442,124100,0.237109,0.27,1,392198,391756,442
93260361,5.37414,0.356407,448,124100,0.191422,0.32,1,392204,391756,448
93263281,2.67483,6.47128,442,124100,0.150284,0.42,1,392206,391764,442
93266201,6.93497,4.49426,446,124100,0.286057,0.36,1,392214,391768,446
93269121,14.987,9.69885,452,124100,0.265211,0.28,1,392231,391779,452
93272041,7.7974,11.5398,446,124100,0.197042,0.24,1,392237,391791,446
93274961,6.35948,5.50795,448,124100,0.159408,0.35,1,392243,391795,448
93277881,46.8719,56.3016,436,124100,0.231882,0.3,1,392300,391864,436
93280801,17.3744,17.6603,438,124100,0.278376,0.34,1,392310,391872,438
93283721,8.27488,11.5321,434,124100,0.223675,0.33,1,392316,391882,434
93286641,7.25497,3.90641,439,124100,0.300735,0.32,1,392323,391884,439
93289041,3.05099,2.38128,439,124100,0.324147,0.33,1,392325,391886,439
93291961,3.8102,6.87626,435,124100,0.304829,0.33,1,392329,391894,435
93294881,3.96204,1.37525,439,124100,0.316966,0.21,1,392333,391894,439
93297801,7.19241,8.27505,437,124100,0.295393,0.32,1,392341,391904,437
93299441,2.23848,3.25501,436,124100,0.299079,0.32,1,392342,391906,436
93302361,18.8477,2.251,457,124100,0.267816,0.26,1,392365,391908,457
93305281,40.5695,18.0502,481,124100,0.301563,0.25,1,392411,391930,481
93308201,14.5139,44.41,438,124100,0.220313,0.2,1,392419,391981,438
93311121,7.70278,10.482,442,124100,0.180063,0.19,1,392425,391983,442
93314041,3.14056,7.6964,437,124100,0.204013,0.3,1,392427,391990,437
93316961,11.0281,4.73928,446,124100,0.296802,0.27,1,392440,391994,446
93319881,3.80562,14.5479,431,124100,0.283361,0.23,1,392442,392011,431
93322801,15.1611,4.50957,447,124100,0.240672,0.15,1,392460,392013,447
93325721,4.63222,11.3019,436,124100,0.200134,0.11,1,392462,392026,436
93328641,10.5264,3.86038,446,124100,0.296027,0.3,1,392474,392028,446
93331561,14.9053,13.5721,446,124100,0.307205,0.21,1,392490,392044,446
93334481,13.3811,11.5144,448,124100,0.253441,0.25,1,392503,392055,448
93337401,14.6762,12.7029,450,124100,0.250688,0.2,1,392518,392068,450
93340321,5.33524,16.9406,435,124100,0.258138,0.18,1,392521,392086,435
93343241,5.06705,5.78812,437,124100,0.187628,0.21,1,392526,392089,437
93346161,9.81341,6.75762,441,124100,0.253525,0.23,1,392537,392096,441
93349081,9.96268,16.5515,432,124100,0.330705,0.31,1,392547,392115,432
93352001,5.19254,6.5103,432,124100,0.314141,0.2,1,392551,392119,432
93354921,10.6385,6.10206,438,124100,0.310828,0.21,1,392563,392125,438
93357841,6.9277,5.22041,439,124100,0.214166,0.31,1,392569,392130,439
93359761,2.18554,5.04408,435,124100,0.306833,0.33,1,392570,392135,435
93362681,18.8371,3.40882,455,124100,0.245367,0.12,1,392593,392138,455
93365601,7.76742,15.8818,441,124100,0.161073,0.32,1,392598,392157,441
93368521,11.9535,6.37635,450,124100,0.304215,0.32,1,392611,392161,450
93371441,5.5907,14.0753,438,124100,0.332843,0.27,1,392615,392177,438
93374361,5.91814,6.81505,439,124100,0.266569,0.27,1,392621,392182,439
93377281,4.38363,12.563,429,124100,0.261314,0.23,1,392625,392196,429
93380201,2.47673,4.1126,429,124100,0.316263,0.18,1,392627,392198,429
93383121,12.4953,5.62252,438,124100,0.255253,0.14,1,392642,392204,438
93386041,4.09907,2.7245,438,124100,0.307051,0.32,1,392644,392206,438
93388961,5.61981,6.9449,436,124100,0.26941,0.26,1,392650,392214,436
93391881,9.12396,14.989,429,124100,0.301882,0.18,1,392660,392231,429
93394801,11.4248,7.7978,435,124100,0.284376,0.15,1,392672,392237,435
93397721,3.88496,6.35956,431,124100,0.256875,0.25,1,392674,392243,431
93400641,51.177,46.8719,437,124100,0.323375,0.29,1,392737,392300,437
93403561,18.2354,17.3744,437,124100,0.272675,0.21,1,392747,392310,437
93406481,9.24708,8.27488,438,124100,0.270535,0.32,1,392754,392316,438
93409401,8.24942,7.25498,439,124100,0.310107,0.33,1,392762,392323,439
93412321,3.24988,3.05099,439,124100,0.286021,0.3,1,392764,392325,439
93415241,2.24998,3.8102,437,124100,0.281204,0.32,1,392766,392329,437
93416961,2.85,3.96204,436,124100,0.248241,0.35,1,392769,392333,436
93419881,6.97,3.19241,441,124100,0.297648,0.29,1,392777,392336,441
93422801,2.994,4.63848,438,124100,0.27553,0.26,1,392779,392341,438
93425721,18.9988,20.1277,437,124100,0.255106,0.31,1,392802,392365,437
93428641,37.3998,40.8255,433,124100,0.267021,0.2,1,392844,392411,433
93431561,15.48,14.5651,435,124100,0.245404,0.17,1,392854,392419,435
93434481,9.49599,7.71302,437,124100,0.201081,0.21,1,392862,392425,437
93437401,3.4992,3.1426,437,124100,0.160216,0.32,1,392864,392427,437
93440321,11.0998,11.0285,437,124100,0.264043,0.28,1,392877,392440,437
93443241,4.61997,3.8057,438,124100,0.308809,0.23,1,392880,392442,438
93446161,13.724,15.1611,436,124100,0.261762,0.19,1,392896,392460,436
93449081,5.9448,4.63223,438,124100,0.228352,0.32,1,392900,392462,438
93452001,11.589,10.5264,439,124100,0.26167,0.31,1,392913,392474,439
93454921,11.9178,14.9053,435,124100,0.276334,0.24,1,392925,392490,435
93457841,11.9836,13.3811,434,124100,0.223267,0.25,1,392937,392503,434
93460761,11.9967,14.6762,431,124100,0.236653,0.26,1,392949,392518,431
93463681,9.59934,5.33524,437,124100,0.255331,0.17,1,392958,392521,437
93466601,3.51987,5.06705,434,124100,0.259066,0.27,1,392960,392526,434
93469521,12.704,9.81341,438,124100,0.251813,0.35,1,392975,392537,438
93472441,8.14079,9.96268,435,124100,0.202363,0.31,1,392982,392547,435
93475361,4.02816,5.19254,434,124100,0.256473,0.31,1,392985,392551,434
93478281,14.4056,10.6385,439,124100,0.211295,0.19,1,393002,392563,439
93481201,7.68113,6.9277,439,124100,0.242259,0.33,1,393008,392569,439
93483941,19.1362,2.18554,460,124100,0.176452,0.23,1,393030,392570,460
93486861,7.02724,18.8371,441,124100,0.0992903,0.14,1,393034,392593,441
93489781,9.40545,7.76742,446,124100,0.227858,0.34,1,393044,392598,446
93492701,5.88109,11.9535,438,124100,0.213572,0.34,1,393049,392611,438
93495621,5.17622,5.5907,439,124100,0.210714,0.25,1,393054,392615,439
93498541,5.03524,5.91814,438,124100,0.226143,0.26,1,393059,392621,438
93501461,5.00705,4.38363,439,124100,0.189229,0.33,1,393064,392625,439
93503701,7.40141,2.47673,445,124100,0.221846,0.24,1,393072,392627,445
93506621,6.28028,12.4953,436,124100,0.188369,0.32,1,393078,392642,436
93509541,6.05606,4.09907,440,124100,0.205674,0.26,1,393084,392644,440
93512461,4.41121,5.61981,438,124100,0.257135,0.31,1,393088,392650,438
93515381,7.28224,9.12396,436,124100,0.299427,0.28,1,393096,392660,436
93518301,12.6564,11.4248,438,124100,0.235885,0.25,1,393110,392672,438
93521221,4.13129,3.88496,438,124100,0.255177,0.34,1,393112,392674,438
93524141,48.0263,51.177,434,124100,0.291035,0.26,1,393171,392737,434
93527061,20.8053,18.2354,438,124100,0.314207,0.27,1,393185,392747,438
93529981,8.96105,9.24708,437,124100,0.286841,0.32,1,393191,392754,437
93532901,3.39221,8.24942,431,124100,0.281368,0.28,1,393193,392762,431
93535821,2.27844,3.24988,431,124100,0.248274,0.28,1,393195,392764,431
93538741,6.85569,2.24998,437,124100,0.313655,0.24,1,393203,392766,437
93541141,7.77114,2.85,442,124100,0.278731,0.31,1,393211,392769,442
93544061,3.95423,6.97,437,124100,0.343746,0.27,1,393214,392777,437
93546981,15.9908,2.994,454,124100,0.252749,0.25,1,393233,392779,454
93549901,38.3982,18.9988,475,124100,0.29055,0.27,1,393277,392802,475
93552821,12.4796,37.3998,439,124100,0.30611,0.24,1,393283,392844,439
93555741,13.6959,15.48,443,124100,0.237222,0.19,1,393297,392854,443
93558661,4.33919,9.49599,437,124100,0.263444,0.15,1,393299,392862,437
93561581,12.0678,3.4992,449,124100,0.220689,0.29,1,393313,392864,449
93564501,4.81357,11.0998,439,124100,0.244138,0.32,1,393316,392877,439
93567421,8.96271,4.61997,446,124100,0.216828,0.25,1,393326,392880,446
93570341,4.19254,13.724,433,124100,0.227366,0.22,1,393329,392896,433
93573261,16.8385,5.9448,449,124100,0.173473,0.27,1,393349,392900,449
93576181,9.7677,11.589,444,124100,0.242695,0.28,1,393357,392913,444
93579101,11.5535,11.9178,444,124100,0.256539,0.21,1,393369,392925,444
93582021,12.7107,11.9836,445,124100,0.251308,0.24,1,393382,392937,445
93584941,4.94214,11.9967,436,124100,0.234262,0.26,1,393385,392949,436
93587861,8.98843,9.59934,437,124100,0.214852,0.26,1,393395,392958,437
93590781,13.7977,3.51987,450,124100,0.20297,0.25,1,393410,392960,450
93593701,7.55954,12.704,441,124100,0.272594,0.19,1,393416,392975,441
93596621,4.71191,8.14079,438,124100,0.230519,0.27,1,393420,392982,438
93599541,12.1424,4.02816,449,124100,0.270104,0.2,1,393434,392985,449
93602461,7.22848,14.4056,438,124100,0.214021,0.25,1,393440,393002,438
93605381,13.4457,7.68113,447,124100,0.290804,0.16,1,393455,393008,447
93608301,12.2891,19.1362,437,124100,0.298161,0.08,1,393467,393030,437
93611221,8.85783,7.02724,441,124100,0.275632,0.26,1,393475,393034,441
93614141,7.37157,9.40545,438,124100,0.279126,0.21,1,393482,393044,438
93617061,3.07431,5.88109,435,124100,0.279825,0.21,1,393484,393049,435
93619981,7.01486,5.17622,438,124100,0.263965,0.23,1,393492,393054,438
93622261,3.00297,5.03524,435,124100,0.260793,0.18,1,393494,393059,435
93625181,3.80059,5.00705,434,124100,0.260159,0.23,1,393498,393064,434
93628101,11.9601,7.40141,440,124100,0.220032,0.18,1,393512,393072,440
93631021,3.99202,6.28028,436,124100,0.268006,0.21,1,393514,393078,436
93633941,7.1984,6.05606,438,124100,0.221601,0.27,1,393522,393084,438
93636861,7.83968,4.41121,442,124100,0.26832,0.31,1,393530,393088,442
93639781,7.96794,7.28224,442,124100,0.237664,0.22,1,393538,393096,442
93642701,3.19359,12.6564,430,124100,0.231533,0.26,1,393540,393110,430
93645621,55.8387,4.13129,497,124100,0.246307,0.3,1,393609,393112,497
93648541,19.1677,48.0263,448,124100,0.273261,0.32,1,393619,393171,448
93651461,11.8335,20.8053,444,124100,0.254652,0.28,1,393629,393185,444
93654381,3.96671,8.96105,440,124100,0.30693,0.28,1,393631,393191,440
93656581,2.39334,3.39221,440,124100,0.325386,0.24,1,393633,393193,440
93659501,2.07867,2.27844,440,124100,0.329077,0.33,1,393635,393195,440
93662421,6.81573,6.85569,440,124100,0.329815,0.27,1,393643,393203,440
93665341,6.96315,7.77114,439,124100,0.337963,0.36,1,393650,393211,439
93668261,13.3926,3.95423,451,124100,0.355593,0.23,1,393665,393214,451
93671181,41.0785,15.9908,480,124100,0.335119,0.3,1,393713,393233,480
93674101,9.8157,38.3982,438,124100,0.299024,0.31,1,393715,393277,438
93677021,12.3631,12.4796,445,124100,0.355805,0.22,1,393728,393283,445
93679941,4.07263,13.6959,433,124100,0.343161,0.27,1,393730,393297,433
93682861,13.6145,4.33919,447,124100,0.340632,0.21,1,393746,393299,447
93685781,5.12291,12.0678,436,124100,0.324126,0.25,1,393749,393313,436
93688701,8.22458,4.81357,442,124100,0.264825,0.21,1,393758,393316,442
93691621,3.24492,8.96271,434,124100,0.308965,0.23,1,393760,393326,434
93694541,17.449,4.19254,452,124100,0.269793,0.16,1,393781,393329,452
93697461,8.2898,16.8385,438,124100,0.197959,0.26,1,393787,393349,438
93700381,15.258,9.7677,447,124100,0.199592,0.26,1,393804,393357,447
93703301,11.0516,11.5535,445,124100,0.199918,0.25,1,393814,393369,445
93706221,3.81032,12.7107,434,124100,0.199984,0.23,1,393816,393382,434
93709141,11.9621,4.94214,445,124100,0.199997,0.21,1,393830,393385,445
93712061,11.1924,8.98843,446,124100,0.263999,0.2,1,393841,393395,446
93714981,11.0385,13.7977,442,124100,0.2368,0.29,1,393852,393410,442
93717901,4.6077,7.55954,439,124100,0.18336,0.22,1,393855,393416,439
93720021,4.12154,4.71191,439,124100,0.148672,0.28,1,393859,393420,439
93722941,8.82431,12.1424,435,124100,0.245734,0.2,1,393869,393434,435
93725861,8.16486,7.22848,437,124100,0.217147,0.31,1,393877,393440,437
93728781,12.833,13.4457,436,124100,0.211429,0.3,1,393891,393455,436
93731701,10.5666,12.2891,434,124100,0.274286,0.27,1,393901,393467,434
93734621,11.7133,8.85783,438,124100,0.174857,0.28,1,393913,393475,438
93737541,5.54266,7.37157,435,124100,0.234971,0.28,1,393917,393482,435
93740461,2.70853,3.07431,435,124100,0.214994,0.26,1,393919,393484,435
93743381,5.34171,7.01486,433,124100,0.274999,0.26,1,393925,393492,433
93746301,5.86834,3.00297,437,124100,0.271,0.26,1,393931,393494,437
93749141,2.77367,3.80059,435,124100,0.2382,0.21,1,393933,393498,435
93752061,11.7547,11.9601,435,124100,0.24764,0.28,1,393947,393512,435
93754981,6.35095,3.99202,438,124100,0.289528,0.21,1,393952,393514,438
93757461,4.47019,7.1984,434,124100,0.273906,0.28,1,393956,393522,434
93760381,7.29404,7.83968,434,124100,0.222781,0.23,1,393964,393530,434
93763301,11.0588,7.96794,438,124100,0.276556,0.23,1,393976,393538,438
93766221,3.81176,3.19359,438,124100,0.255311,0.25,1,393978,393540,438
93769141,54.3624,55.8387,436,124100,0.259062,0.28,1,394045,393609,436
93772061,18.0725,19.1677,435,124100,0.251812,0.25,1,394054,393619,435
93774981,11.6145,11.8335,435,124100,0.202362,0.32,1,394064,393629,435
93777901,5.5229,3.96671,437,124100,0.224472,0.33,1,394068,393631,437
93780341,4.30458,2.39334,439,124100,0.228895,0.29,1,394072,393633,439
93783261,2.46092,3.67867,437,124100,0.205779,0.33,1,394074,393637,437
93786181,5.29218,5.53573,437,124100,0.209156,0.34,1,394080,393643,437
93789101,7.45844,6.70715,438,124100,0.209831,0.36,1,394088,393650,438
93792021,9.49169,13.3414,433,124100,0.233966,0.33,1,394098,393665,433
93794941,40.2983,41.0683,433,124100,0.206793,0.29,1,394146,393713,433
93797861,11.2597,9.81366,435,124100,0.225359,0.37,1,394150,393715,435
93800781,16.6519,12.3627,440,124100,0.173072,0.34,1,394168,393728,440
93803701,4.93039,4.07255,440,124100,0.130614,0.34,1,394170,393730,440
93806621,8.18608,13.6145,433,124100,0.186123,0.32,1,394179,393746,433
93809541,6.43722,5.1229,436,124100,0.181225,0.25,1,394185,393749,436
93811541,7.68744,8.22458,435,124100,0.188245,0.32,1,394193,393758,435
93814461,3.13749,3.24492,435,124100,0.165649,0.26,1,394195,393760,435
93817381,14.2275,17.449,431,124100,0.20913,0.18,1,394212,393781,431
93820301,12.4455,8.2898,437,124100,0.281826,0.2,1,394224,393787,437
93823221,12.0891,15.258,432,124100,0.216365,0.2,1,394236,393804,432
93826141,11.2178,11.0516,433,124100,0.235273,0.2,1,394247,393814,433
93829061,3.84356,3.81032,433,124100,0.239055,0.2,1,394249,393816,433
93831981,9.56871,11.9621,430,124100,0.255811,0.28,1,394260,393830,430
93834901,13.1137,11.1924,433,124100,0.179162,0.23,1,394274,393841,433
93837821,7.42275,11.0385,428,124100,0.115832,0.17,1,394280,393852,428
93840741,11.0845,4.6077,437,124100,0.239166,0.14,1,394292,393855,437
93842321,3.01691,4.12154,434,124100,0.247833,0.16,1,394293,393859,434
93845241,7.00338,3.22431,439,124100,0.153567,0.27,1,394301,393862,439
93848161,9.40068,6.24486,442,124100,0.190713,0.21,1,394311,393869,442
93851081,14.6801,7.64897,450,124100,0.142143,0.21,1,394327,393877,450
93854001,4.53603,12.7298,438,124100,0.108429,0.29,1,394329,393891,438
93856921,14.5072,10.546,445,124100,0.181686,0.15,1,394346,393901,445
93859841,8.50144,11.7092,440,124100,0.236337,0.25,1,394353,393913,440
93862081,3.30029,5.54184,438,124100,0.247267,0.29,1,394355,393917,438
93865001,3.86006,7.50837,434,124100,0.225453,0.29,1,394359,393925,434
93867921,3.97201,1.50167,438,124100,0.189091,0.27,1,394363,393925,438
93870841,2.3944,5.10033,434,124100,0.237818,0.23,1,394365,393931,434
93873761,13.2789,2.62007,448,124100,0.159564,0.25,1,394381,393933,448
93876681,4.25578,11.724,436,124100,0.135913,0.3,1,394383,393947,436
93879601,7.25116,6.3448,439,124100,0.139183,0.27,1,394391,393952,439
93882521,7.85023,4.46896,443,124100,0.203837,0.21,1,394399,393956,443
93885441,7.97005,7.29379,443,124100,0.216767,0.29,1,394407,393964,443
93888361,3.19401,11.0588,433,124100,0.243353,0.25,1,394409,393976,433
93891281,55.8388,3.81175,500,124100,0.216671,0.26,1,394478,393978,500
93894201,16.7678,54.3624,440,124100,0.211334,0.25,1,394485,394045,440
93897121,11.3536,18.0725,441,124100,0.242267,0.19,1,394495,394054,441
93900041,5.47071,11.6145,435,124100,0.216453,0.23,1,394499,394064,435
93902961,2.69414,5.5229,433,124100,0.179291,0.23,1,394501,394068,433
93905881,2.93883,4.30458,432,124100,0.187858,0.2,1,394504,394072,432
93908801,4.58777,2.46092,435,124100,0.213572,0.21,1,394509,394074,435
93910341,10.5176,5.29218,441,124100,0.210714,0.21,1,394521,394080,441
93913261,7.70351,7.45844,440,124100,0.250143,0.24,1,394528,394088,440
93916181,41.5407,9.49169,480,124100,0.258029,0.2,1,394578,394098,480
93919101,9.90814,40.2983,434,124100,0.227606,0.23,1,394580,394146,434
93922021,15.5816,11.2597,447,124100,0.237521,0.16,1,394597,394150,447
93924941,4.71633,16.6519,431,124100,0.255504,0.12,1,394599,394168,431
93927861,5.74327,4.93039,435,124100,0.267101,0.2,1,394605,394170,435
93930781,8.34865,8.18608,435,124100,0.28542,0.18,1,394614,394179,435
93933701,8.06973,6.43722,437,124100,0.241084,0.19,1,394622,394185,437
93936621,3.21395,7.68744,431,124100,0.200217,0.16,1,394624,394193,431
93939541,19.8428,3.13749,453,124100,0.224043,0.22,1,394648,394195,453
93942461,8.76856,14.2275,442,124100,0.276809,0.3,1,394654,394212,442
93945381,12.9537,12.4455,444,124100,0.327362,0.2,1,394668,394224,444
93948301,11.3907,12.0891,443,124100,0.345472,0.24,1,394679,394236,443
93951221,3.87815,11.2178,434,124100,0.317094,0.24,1,394681,394247,434
93954141,7.97563,3.84356,441,124100,0.239419,0.26,1,394690,394249,441
93957061,14.3951,9.56871,446,124100,0.247884,0.16,1,394706,394260,446
93959981,8.47902,13.1137,439,124100,0.273577,0.1,1,394713,394274,439
93962901,10.4958,7.42275,444,124100,0.342715,0.27,1,394724,394280,444
93965821,3.69916,11.0845,434,124100,0.316543,0.13,1,394726,394292,434
93968741,5.53983,9.41691,431,124100,0.327309,0.2,1,394732,394301,431
93971661,9.10797,9.88338,431,124100,0.353462,0.13,1,394742,394311,431
93974581,17.8216,14.7767,435,124100,0.374692,0.1,1,394762,394327,435
93977501,5.16432,4.55534,435,124100,0.378938,0.2,1,394764,394329,435
93980421,13.8329,14.5111,434,124100,0.331788,0.25,1,394780,394346,434
93983341,7.56657,8.50221,433,124100,0.298358,0.25,1,394786,394353,433
93986261,6.31331,3.30044,437,124100,0.347672,0.22,1,394792,394355,437
93989181,2.86266,3.86009,435,124100,0.357534,0.18,1,394794,394359,435
93992101,2.17253,3.97202,433,124100,0.327507,0.25,1,394796,394363,433
93994581,2.03451,2.3944,433,124100,0.329501,0.14,1,394798,394365,433
93997501,10.0069,13.2789,429,124100,0.3059,0.13,1,394810,394381,429
94000421,3.60138,4.25578,429,124100,0.34918,0.14,1,394812,394383,429
94002901,15.1203,7.25116,439,124100,0.397836,0.22,1,394830,394391,439
94005821,6.22406,7.85023,435,124100,0.343567,0.22,1,394834,394399,435
94008741,6.04481,7.97005,433,124100,0.300713,0.25,1,394840,394407,433
94011221,4.40896,3.19401,435,124100,0.356143,0.21,1,394844,394409,435
94014141,53.6818,55.8388,432,124100,0.335229,0.21,1,394910,394478,432
94017061,18.7364,16.7678,435,124100,0.291046,0.25,1,394920,394485,435
94019981,10.1473,11.3536,433,124100,0.290209,0.21,1,394928,394495,433
94022241,5.22945,5.47071,433,124100,0.298042,0.17,1,394932,394499,433
94025161,4.24589,2.69414,435,124100,0.307608,0.17,1,394936,394501,435
94028081,3.24918,0.538828,438,124100,0.333522,0.19,1,394939,394501,438
94031001,2.24984,2.50777,437,124100,0.298704,0.22,1,394941,394504,437
94033921,9.24997,4.50155,443,124100,0.323741,0.26,1,394952,394509,443
94036841,12.25,16.1003,437,124100,0.352748,0.26,1,394965,394528,437
94039761,41.65,43.2201,436,124100,0.16655,0.22,1,395014,394578,436
94042681,9.93,10.244,436,124100,0.0973099,0.24,1,395016,394580,436
94045601,13.986,15.6488,434,124100,0.275462,0.26,1,395031,394597,434
94048521,4.3972,4.72976,434,124100,0.303092,0.27,1,395033,394599,434
94051441,9.67944,5.74595,439,124100,0.348619,0.29,1,395044,394605,439
94054361,3.53589,8.34919,432,124100,0.325724,0.23,1,395046,394614,432
94057281,11.9072,8.06984,438,124100,0.305145,0.19,1,395060,394622,438
94060201,3.98144,3.21397,438,124100,0.269029,0.23,1,395062,394624,438
94063121,18.3963,19.8428,436,124100,0.261806,0.29,1,395084,394648,436
94066041,8.47926,8.76856,436,124100,0.308361,0.34,1,395090,394654,436
94068961,15.2959,12.9537,439,124100,0.309672,0.35,1,395107,394668,439
94071881,6.25917,11.3907,432,124100,0.285934,0.31,1,395111,394679,432
94074801,2.85183,3.87815,432,124100,0.305187,0.22,1,395113,394681,432
94077721,10.9704,7.97563,436,124100,0.317037,0.25,1,395126,394690,436
94080641,12.5941,14.3951,433,124100,0.383407,0.28,1,395139,394706,433
94083561,8.91881,8.47902,434,124100,0.276681,0.36,1,395147,394713,434
94086481,12.9838,10.4958,437,124100,0.303336,0.31,1,395161,394724,437
94089401,4.19675,3.69916,437,124100,0.284667,0.33,1,395163,394726,437
94092321,8.83935,5.53983,441,124100,0.288933,0.36,1,395173,394732,441
94095241,8.16787,9.10797,439,124100,0.313787,0.38,1,395181,394742,439
94098161,18.4336,17.8216,440,124100,0.230757,0.38,1,395202,394762,440
94101081,5.28671,5.16432,440,124100,0.214151,0.32,1,395204,394764,440
94104001,11.4573,13.8329,437,124100,0.31483,0.29,1,395217,394780,437
94106921,8.69147,7.56657,439,124100,0.310966,0.36,1,395225,394786,439
94109841,4.93829,6.31331,437,124100,0.270193,0.36,1,395229,394792,437
94112761,2.58766,2.86266,437,124100,0.230039,0.32,1,395231,394794,437
94115221,6.91753,2.17253,443,124100,0.222008,0.32,1,395239,394796,443
94118141,2.98351,4.43451,440,124100,0.308402,0.3,1,395241,394801,440
94121061,5.3967,8.0869,437,124100,0.26968,0.36,1,395247,394810,437
94123981,2.67934,3.21738,437,124100,0.229936,0.41,1,395249,394812,437
94126901,16.5359,15.0435,439,124100,0.197987,0.33,1,395269,394830,439
94129821,8.10717,6.2087,441,124100,0.135597,0.29,1,395275,394834,441
94131441,4.02143,6.04174,438,124100,0.171119,0.37,1,395278,394840,438
94134361,2.40429,4.40835,436,124100,0.266224,0.33,1,395280,394844,436
94137281,54.0809,53.6817,437,124100,0.221245,0.28,1,395347,394910,437
94140201,18.8162,18.7363,437,124100,0.268249,0.29,1,395357,394920,437
94143121,10.9632,10.1473,438,124100,0.24565,0.3,1,395366,394928,438
94144961,2.99265,5.22945,435,124100,0.22513,0.31,1,395367,394932,435
94147881,2.19853,4.24589,433,124100,0.229026,0.34,1,395369,394936,433
94150801,2.03971,3.24918,432,124100,0.221805,0.29,1,395371,394939,432
94153281,6.80794,2.24984,438,124100,0.268361,0.3,1,395379,394941,438
94156201,6.16159,1.24997,443,124100,0.205672,0.33,1,395385,394942,443
94159121,12.4323,8.24999,447,124100,0.209134,0.36,1,395399,394952,447
94162041,43.2865,12.05,485,124100,0.113827,0.12,1,395450,394965,485
94164961,10.2573,41.61,438,124100,0.0707654,0.08,1,395452,395014,438
94167881,9.25146,9.922,445,124100,0.278153,0.32,1,395461,395016,445
94170801,5.05029,13.9844,434,124100,0.327631,0.31,1,395465,395031,434
94173721,12.2101,4.39688,446,124100,0.233526,0.36,1,395479,395033,446
94176641,7.24201,9.67938,441,124100,0.158705,0.32,1,395485,395044,441
94179561,11.8484,3.53588,452,124100,0.207741,0.3,1,395498,395046,452
94182481,3.96968,11.9072,440,124100,0.257548,0.26,1,395500,395060,440
94185401,18.3939,3.98143,460,124100,0.30751,0.26,1,395522,395062,460
94188321,9.27879,18.3963,445,124100,0.205502,0.32,1,395529,395084,445
94191241,11.4558,8.47926,451,124100,0.2971,0.31,1,395541,395090,451
94194161,10.2912,15.2959,444,124100,0.26742,0.28,1,395551,395107,444
94196961,3.65823,6.25917,442,124100,0.261484,0.39,1,395553,395111,442
94199881,5.53165,6.85183,441,124100,0.228297,0.32,1,395559,395118,441
94202801,9.90633,7.77037,444,124100,0.237659,0.4,1,395570,395126,444
94205721,12.3813,11.9541,444,124100,0.239532,0.25,1,395583,395139,444
94208641,12.8763,8.79081,449,124100,0.271906,0.31,1,395596,395147,449
94211561,4.17525,12.9582,437,124100,0.246381,0.28,1,395598,395161,437
94214481,12.035,4.19163,449,124100,0.217276,0.29,1,395612,395163,449
94217401,7.20701,8.83833,445,124100,0.275455,0.32,1,395618,395173,445
94220321,16.6414,8.16767,456,124100,0.223091,0.21,1,395637,395181,456
94223241,5.72828,18.4335,438,124100,0.252618,0.21,1,395640,395202,438
94226161,9.94566,5.28671,447,124100,0.338524,0.34,1,395651,395204,447
94229081,6.78913,11.4573,440,124100,0.315705,0.31,1,395657,395217,440
94232001,5.35783,8.69147,437,124100,0.343141,0.26,1,395662,395225,437
94234921,6.67157,4.93829,440,124100,0.308628,0.22,1,395669,395229,440
94237521,2.93431,2.58766,440,124100,0.301726,0.33,1,395671,395231,440
94240441,2.18686,8.51753,432,124100,0.292345,0.33,1,395673,395241,432
94243361,9.23737,1.70351,443,124100,0.314469,0.26,1,395684,395241,443
94245841,3.44747,5.1407,439,124100,0.286894,0.24,1,395686,395247,439
94248761,15.0895,5.02814,452,124100,0.265379,0.19,1,395704,395252,452
94251681,6.2179,14.6056,439,124100,0.229076,0.12,1,395708,395269,439
94254161,7.64358,7.72113,441,124100,0.261815,0.29,1,395716,395275,441
94257081,3.12872,5.54423,438,124100,0.308363,0.21,1,395718,395280,438
94260001,52.6257,54.7088,436,124100,0.269673,0.28,1,395783,395347,436
94262921,16.1251,18.9418,433,124100,0.253935,0.24,1,395790,395357,433
94265841,12.025,10.9884,435,124100,0.314787,0.22,1,395801,395366,435
94268761,4.00501,2.99767,436,124100,0.326957,0.23,1,395803,395367,436
94270801,2.401,2.19953,436,124100,0.329391,0.27,1,395805,395369,436
94273721,3.6802,5.23991,434,124100,0.273878,0.28,1,395809,395375,434
94276641,3.93604,4.24798,434,124100,0.230776,0.19,1,395813,395379,434
94279561,5.58721,5.6496,434,124100,0.174155,0.21,1,395819,395385,434
94282481,15.5174,12.3299,438,124100,0.218831,0.09,1,395837,395399,438
94285401,43.1035,43.266,437,124100,0.195766,0.06,1,395887,395450,437
94288321,11.8207,10.2532,439,124100,0.231153,0.33,1,395891,395452,439
94291241,7.16414,9.25064,436,124100,0.270231,0.34,1,395897,395461,436
94294161,3.03283,5.05013,434,124100,0.286046,0.21,1,395899,395465,434
94297081,14.2066,12.21,437,124100,0.273209,0.14,1,395916,395479,437
94300001,4.44131,7.24201,433,124100,0.238642,0.22,1,395918,395485,433
94302921,14.4883,11.8484,437,124100,0.279728,0.27,1,395935,395498,437
94305841,4.49765,3.96968,437,124100,0.287946,0.32,1,395937,395500,437
94308761,16.0995,18.3939,434,124100,0.289589,0.18,1,395956,395522,434
94311681,12.8199,9.27879,439,124100,0.233918,0.32,1,395968,395529,439
94314601,8.96398,11.4558,435,124100,0.254784,0.26,1,395976,395541,435
94317521,9.7928,10.2912,435,124100,0.282957,0.26,1,395986,395551,435
94320441,6.75856,3.65823,439,124100,0.232591,0.22,1,395992,395553,439
94323221,6.15171,5.53165,439,124100,0.190518,0.24,1,395998,395559,439
94326141,7.63034,9.90633,436,124100,0.206104,0.24,1,396006,395570,436
94329061,11.9261,12.3813,436,124100,0.265221,0.28,1,396019,395583,436
94331981,11.1852,12.8763,434,124100,0.285044,0.24,1,396030,395596,434
94334901,3.83704,4.17525,434,124100,0.289009,0.21,1,396032,395598,434
94337821,11.9674,12.035,434,124100,0.241802,0.29,1,396046,395612,434
94340741,7.99348,7.20701,435,124100,0.15236,0.21,1,396053,395618,435
94343661,15.1987,16.6414,433,124100,0.214472,0.26,1,396070,395637,433
94346581,11.0397,5.72828,440,124100,0.194894,0.36,1,396080,395640,440
94349501,9.40795,9.94566,438,124100,0.190979,0.31,1,396089,395651,438
94352421,5.08159,6.78913,436,124100,0.286196,0.35,1,396093,395657,436
94355341,4.21632,5.35783,435,124100,0.297239,0.3,1,396097,395662,435
94358261,4.04326,6.67157,432,124100,0.307448,0.3,1,396101,395669,432
94360661,7.20865,2.93431,438,124100,0.31749,0.29,1,396109,395671,438
94363581,3.04173,2.18686,438,124100,0.287498,0.32,1,396111,395673,438
94366501,5.40835,9.23737,433,124100,0.2335,0.28,1,396117,395684,433
94369421,5.88167,3.44747,437,124100,0.2627,0.26,1,396123,395686,437
94372341,13.9763,15.0895,435,124100,0.28454,0.22,1,396139,395704,435
94375261,7.59527,6.2179,437,124100,0.232908,0.27,1,396145,395708,437
94378181,6.31905,7.64358,435,124100,0.222582,0.32,1,396151,395716,435
94381101,2.86381,3.12872,435,124100,0.188516,0.26,1,396153,395718,435
94384021,54.1728,52.6257,437,124100,0.301703,0.25,1,396220,395783,437
94386941,17.2346,16.1251,438,124100,0.268341,0.33,1,396228,395790,438
94389861,8.24691,12.025,433,124100,0.325668,0.33,1,396234,395801,433
94392781,3.24938,4.00501,433,124100,0.297134,0.33,1,396236,395803,433
94394981,2.24988,2.401,433,124100,0.259427,0.26,1,396238,395805,433
94397901,6.84998,3.6802,437,124100,0.331885,0.22,1,396246,395809,437
94400821,6.17,3.93604,439,124100,0.306377,0.16,1,396252,395813,439
94403741,18.034,5.58721,454,124100,0.301275,0.23,1,396273,395819,454
94406661,43.6068,15.5174,486,124100,0.308255,0.19,1,396323,395837,486
94409581,10.3214,43.1035,438,124100,0.277651,0.24,1,396325,395887,438
94412501,7.66427,11.8207,441,124100,0.31953,0.28,1,396332,395891,441
94415421,4.73285,7.16414,439,124100,0.367906,0.29,1,396336,395897,439
94417861,2.54657,3.03283,439,124100,0.369581,0.27,1,396338,395899,439
94420781,8.50931,14.2066,432,124100,0.393916,0.23,1,396348,395916,432
94423701,7.30186,4.44131,437,124100,0.374783,0.29,1,396355,395918,437
94426621,10.2604,14.4883,431,124100,0.298957,0.29,1,396366,395935,431
94429541,3.65207,4.49765,431,124100,0.371791,0.29,1,396368,395937,431
94432461,17.5304,16.0995,433,124100,0.306358,0.22,1,396389,395956,433
94435381,14.7061,12.8199,435,124100,0.349272,0.26,1,396403,395968,435
94438301,10.9412,8.96398,437,124100,0.365854,0.29,1,396413,395976,437
94441221,5.38824,9.7928,431,124100,0.369171,0.22,1,396417,395986,431
94444141,9.07765,6.75856,435,124100,0.385834,0.18,1,396427,395992,435
94447061,5.01553,6.15171,433,124100,0.365167,0.21,1,396431,395998,433
94449981,8.20311,7.63034,434,124100,0.313033,0.28,1,396440,396006,434
94452901,12.8406,11.9261,435,124100,0.326607,0.29,1,396454,396019,435
94455821,7.36812,11.1852,430,124100,0.329321,0.29,1,396460,396030,430
94458741,3.07362,3.83704,430,124100,0.305864,0.23,1,396462,396032,430
94461661,17.4147,11.9674,437,124100,0.285173,0.13,1,396483,396046,437
94464581,9.88295,7.99348,438,124100,0.289035,0.23,1,396491,396053,438
94467501,9.97659,15.1987,431,124100,0.393807,0.19,1,396501,396070,431
94470421,14.7953,11.0397,437,124100,0.382761,0.19,1,396517,396080,437
94473341,10.1591,9.40795,437,124100,0.348552,0.31,1,396526,396089,437
94476261,5.23181,5.08159,437,124100,0.42971,0.3,1,396530,396093,437
94479181,4.24636,4.21632,437,124100,0.429942,0.31,1,396534,396097,437
94482101,2.44927,4.04326,435,124100,0.437988,0.32,1,396536,396101,435
94485021,8.48985,7.20865,437,124100,0.463598,0.28,1,396546,396109,437
94487941,6.49797,3.04173,441,124100,0.38872,0.22,1,396552,396111,441
94490861,3.69959,5.40835,438,124100,0.381744,0.27,1,396555,396117,438
94492741,5.53992,5.88167,438,124100,0.348349,0.29,1,396561,396123,438
94495661,7.50798,13.9763,430,124100,0.38167,0.22,1,396569,396139,430
94498581,8.7016,7.59527,433,124100,0.444334,0.22,1,396578,396145,433
94501501,9.74032,6.31905,437,124100,0.408867,0.18,1,396588,396151,437
94504421,3.54806,2.86381,437,124100,0.401773,0.33,1,396590,396153,437
94507341,53.5096,54.1728,436,124100,0.336355,0.26,1,396656,396220,436
94510261,17.1019,17.2346,436,124100,0.403271,0.34,1,396664,396228,436
94513181,11.4204,8.24691,440,124100,0.392654,0.29,1,396674,396234,440
94515621,3.88408,3.24938,440,124100,0.390531,0.3,1,396676,396236,440
94518541,2.37682,3.84988,438,124100,0.422106,0.35,1,396678,396240,438
94521461,3.67536,5.56998,436,124100,0.404421,0.3,1,396682,396246,436
94524381,8.73507,5.914,440,124100,0.400884,0.3,1,396692,396252,440
94527301,14.547,17.9828,435,124100,0.400177,0.31,1,396708,396273,435
94530221,46.9094,43.5966,440,124100,0.264035,0.27,1,396763,396323,440
94533141,10.9819,10.3193,440,124100,0.236807,0.33,1,396765,396325,440
94535381,8.59638,7.66386,441,124100,0.279361,0.38,1,396773,396332,441
94538301,4.91928,4.73277,441,124100,0.375872,0.37,1,396777,396336,441
94541221,4.18386,2.54655,443,124100,0.363174,0.4,1,396781,396338,443
94544141,7.23677,8.50931,441,124100,0.344635,0.37,1,396789,396348,441
94547061,3.04735,7.30186,436,124100,0.308927,0.28,1,396791,396355,436
94549981,14.2095,10.2604,442,124100,0.253785,0.39,1,396808,396366,442
94552901,4.44189,3.65207,442,124100,0.250757,0.29,1,396810,396368,442
94555821,18.4884,17.5304,443,124100,0.298151,0.36,1,396832,396389,443
94558741,13.2977,14.7061,441,124100,0.36363,0.37,1,396844,396403,441
94561661,10.6595,10.9412,441,124100,0.296726,0.37,1,396854,396413,441
94564581,5.33191,5.38824,441,124100,0.275345,0.39,1,396858,396417,441
94567501,6.66638,9.07765,438,124100,0.383069,0.36,1,396865,396427,438
94570421,4.53328,5.01553,438,124100,0.404614,0.3,1,396869,396431,438
94573341,8.90666,8.20311,439,124100,0.280923,0.33,1,396879,396440,439
94576261,11.3813,12.8406,437,124100,0.288185,0.33,1,396891,396454,437
94579181,11.8763,7.36812,443,124100,0.257637,0.3,1,396903,396460,443
94582101,3.97525,3.07362,443,124100,0.251527,0.28,1,396905,396462,443
94585021,11.9951,17.4147,436,124100,0.362305,0.29,1,396919,396483,436
94587941,14.399,9.88295,443,124100,0.336461,0.42,1,396934,396491,443
94590861,12.4798,9.97659,445,124100,0.379292,0.38,1,396946,396501,445
94593781,12.096,14.7953,441,124100,0.339858,0.34,1,396958,396517,441
94596701,12.8192,10.1591,445,124100,0.331972,0.45,1,396971,396526,445
94599621,5.76384,5.23181,445,124100,0.394394,0.43,1,396975,396530,445
94602541,4.35277,4.24636,445,124100,0.382879,0.44,1,396979,396534,445
94605061,2.47055,2.44927,445,124100,0.380576,0.47,1,396981,396536,445
94607981,5.29411,8.48985,441,124100,0.388115,0.37,1,396987,396546,441
94610901,7.45882,6.49797,443,124100,0.373623,0.38,1,396995,396552,443
94613821,4.69176,3.69959,444,124100,0.346725,0.34,1,396999,396555,444
94616081,4.93835,5.53992,443,124100,0.349345,0.39,1,397004,396561,443
94619001,8.18767,7.50798,444,124100,0.389869,0.46,1,397013,396569,444
94621921,8.03753,8.7016,443,124100,0.373974,0.4,1,397021,396578,443
94624841,9.60751,9.74032,443,124100,0.354795,0.4,1,397031,396588,443
94627761,3.5215,3.54806,443,124100,0.342959,0.32,1,397033,396590,443
94630681,52.7043,53.5096,442,124100,0.324592,0.42,1,397098,396656,442
94633601,16.9409,17.1019,442,124100,0.232918,0.39,1,397106,396664,442
94636521,11.3882,11.4204,442,124100,0.326584,0.39,1,397116,396674,442
94639441,5.47763,3.88408,444,124100,0.353317,0.43,1,397120,396676,444
94641041,1.89553,2.37682,443,124100,0.374663,0.4,1,397121,396678,443
94643961,1.97911,2.07536,443,124100,0.346933,0.4,1,397123,396680,443
94646881,8.39582,2.01507,451,124100,0.341387,0.4,1,397133,396682,451
94649801,12.0792,8.40301,454,124100,0.380277,0.4,1,397146,396692,454
94652721,45.6158,14.4806,492,124100,0.292055,0.23,1,397200,396708,492
94655641,11.5232,46.8961,440,124100,0.218411,0.23,1,397203,396763,440
94658561,11.9046,10.9792,450,124100,0.339682,0.4,1,397215,396765,450
94661481,3.98093,11.7958,440,124100,0.331936,0.36,1,397217,396777,440
94663921,2.39619,5.55917,438,124100,0.322387,0.34,1,397219,396781,438
94666841,8.47924,7.51183,440,124100,0.352477,0.3,1,397229,396789,440
94669761,3.29585,3.10237,440,124100,0.342496,0.24,1,397231,396791,440
94672681,15.8592,14.2205,442,124100,0.364499,0.25,1,397250,396808,442
94675601,4.77183,4.44409,442,124100,0.3369,0.31,1,397252,396810,442
94678521,18.5544,18.4888,442,124100,0.33138,0.38,1,397274,396832,442
94681441,8.51087,13.2978,436,124100,0.314276,0.28,1,397280,396844,436
94684361,14.5022,10.6596,442,124100,0.358855,0.27,1,397296,396854,442
94687281,6.10043,5.33191,442,124100,0.335771,0.41,1,397300,396858,442
94690201,2.82009,6.66638,437,124100,0.307154,0.41,1,397302,396865,437
94693121,2.16402,4.53328,435,124100,0.301431,0.25,1,397304,396869,435
94696041,10.0328,8.90666,437,124100,0.340286,0.29,1,397316,396879,437
94698961,10.0066,11.3813,435,124100,0.268057,0.25,1,397326,396891,435
94701881,14.8013,11.8763,439,124100,0.269611,0.25,1,397342,396903,439
94704801,4.56026,3.97525,439,124100,0.293922,0.39,1,397344,396905,439
94707721,12.9121,11.9951,440,124100,0.290784,0.33,1,397359,396919,440
94710641,16.9824,14.399,443,124100,0.234157,0.39,1,397377,396934,443
94713561,9.79648,12.4798,439,124100,0.206831,0.33,1,397385,396946,439
94716481,9.9593,12.096,437,124100,0.313366,0.33,1,397395,396958,437
94719401,16.3919,12.8192,442,124100,0.318673,0.41,1,397413,396971,442
94722321,6.47837,5.76384,442,124100,0.287735,0.38,1,397417,396975,442
94724241,3.69567,4.35277,441,124100,0.273547,0.38,1,397420,396979,441
94727161,2.33913,2.47055,441,124100,0.342709,0.38,1,397422,396981,441
94730081,2.06783,0.494111,443,124100,0.356542,0.39,1,397424,396981,443
94733001,6.81357,4.89882,445,124100,0.351308,0.37,1,397432,396987,445
94735921,4.56271,7.37976,441,124100,0.350262,0.34,1,397436,396995,441
94738841,8.11254,4.67595,446,124100,0.286052,0.4,1,397445,396999,446
94741761,9.62251,12.1352,442,124100,0.25721,0.37,1,397455,397013,442
94744681,6.7245,8.82704,440,124100,0.227442,0.35,1,397461,397021,440
94747601,6.1449,9.76541,436,124100,0.309488,0.34,1,397467,397031,436
94750521,2.82898,3.55308,436,124100,0.293898,0.32,1,397469,397033,436
94753441,50.9658,52.7106,434,124100,0.37878,0.21,1,397532,397098,434
94756361,20.5932,16.9421,439,124100,0.291756,0.35,1,397545,397106,439
94759281,12.1186,11.3884,439,124100,0.178351,0.36,1,397555,397116,439
94762201,5.62373,5.47768,439,124100,0.34767,0.38,1,397559,397120,439
94763761,1.92475,1.89554,439,124100,0.365534,0.35,1,397560,397121,439
94766681,5.18495,5.97911,438,124100,0.369107,0.34,1,397566,397128,438
94769601,9.03699,5.19582,443,124100,0.249821,0.39,1,397576,397133,443
94772521,9.0074,11.4392,439,124100,0.265964,0.27,1,397585,397146,439
94775441,45.8015,45.4878,440,124100,0.333193,0.2,1,397640,397200,440
94778361,10.7603,11.4976,439,124100,0.314639,0.37,1,397642,397203,439
94781281,11.7521,11.8995,439,124100,0.358928,0.33,1,397654,397215,439
94784201,3.95041,3.9799,439,124100,0.335786,0.32,1,397656,397217,439
94786641,2.39008,2.39598,439,124100,0.331157,0.36,1,397658,397219,439
94789561,6.87802,8.4792,437,124100,0.338231,0.34,1,397666,397229,437
94792481,2.9756,3.29584,437,124100,0.339646,0.37,1,397668,397231,437
94795401,16.5951,15.8592,438,124100,0.291929,0.33,1,397688,397250,438
94798321,4.91902,4.77183,438,124100,0.282386,0.33,1,397690,397252,438
94801241,20.1838,18.5544,440,124100,0.352477,0.31,1,397714,397274,440
94804161,8.83676,8.51087,440,124100,0.326495,0.37,1,397720,397280,440
94807081,9.76735,14.5022,434,124100,0.361299,0.33,1,397730,397296,434
94810001,10.7535,6.10043,441,124100,0.36826,0.3,1,397741,397300,441
94811601,2.95069,2.82009,440,124100,0.353652,0.28,1,397742,397302,440
94814521,2.19014,4.56402,437,124100,0.35873,0.28,1,397744,397307,437
94817441,3.63803,0.912803,441,124100,0.287746,0.35,1,397748,397307,441
94820361,11.1276,7.38256,445,124100,0.353549,0.25,1,397761,397316,445
94823281,16.6255,9.47651,453,124100,0.15871,0.27,1,397779,397326,453
94826201,4.9251,14.6953,439,124100,0.295742,0.3,1,397781,397342,439
94829121,12.185,4.53906,451,124100,0.299148,0.29,1,397795,397344,451
94832041,12.037,12.9078,448,124100,0.30783,0.22,1,397807,397359,448
94834961,15.2074,16.9816,446,124100,0.285566,0.2,1,397823,397377,446
94837881,7.04148,9.79631,443,124100,0.233113,0.34,1,397828,397385,443
94840801,19.0083,9.95926,455,124100,0.222623,0.32,1,397850,397395,455
94843721,7.00166,16.3919,441,124100,0.220525,0.28,1,397854,397413,441
94846641,4.60033,6.47837,441,124100,0.252105,0.27,1,397858,397417,441
94848421,1.72007,3.69567,439,124100,0.242421,0.36,1,397859,397420,439
94851341,1.94401,2.33913,439,124100,0.280484,0.36,1,397861,397422,439
94854261,5.1888,2.06783,443,124100,0.368097,0.35,1,397867,397424,443
94856741,2.63776,6.81357,437,124100,0.417619,0.34,1,397869,397432,437
94859661,2.12755,6.16271,433,124100,0.427524,0.27,1,397871,397438,433
94862581,8.42551,6.83254,436,124100,0.413505,0.25,1,397881,397445,436
94865501,8.0851,9.36651,434,124100,0.386701,0.22,1,397889,397455,434
94868421,8.81702,6.6733,437,124100,0.36534,0.33,1,397898,397461,437
94871341,6.5634,6.13466,437,124100,0.321068,0.29,1,397904,397467,437
94874261,2.91268,2.82693,437,124100,0.288214,0.4,1,397906,397469,437
94877181,50.9825,50.9654,437,124100,0.353643,0.27,1,397969,397532,437
94880101,16.5965,20.5931,432,124100,0.318729,0.15,1,397977,397545,432
94883021,15.3193,12.1186,437,124100,0.295746,0.39,1,397992,397555,437
94885941,6.26386,5.62372,437,124100,0.227149,0.37,1,397996,397559,437
94888861,3.65277,1.92474,439,124100,0.22943,0.37,1,397999,397560,439
94891781,9.53055,5.18495,444,124100,0.349886,0.22,1,398010,397566,444
94894701,9.90611,9.03699,444,124100,0.317977,0.27,1,398020,397576,444
94897621,43.5812,9.0074,487,124100,0.367595,0.35,1,398072,397585,487
94900541,11.1162,45.8015,435,124100,0.369519,0.31,1,398075,397640,435
94903461,14.2232,10.7603,448,124100,0.313904,0.37,1,398090,397642,448
94906381,6.04465,11.7521,440,124100,0.230781,0.33,1,398094,397654,440
94909301,2.80893,3.95041,440,124100,0.342156,0.33,1,398096,397656,440
94910821,6.96179,2.39008,446,124100,0.308431,0.34,1,398104,397658,446
94913741,2.99236,6.87802,440,124100,0.301686,0.34,1,398106,397666,440
94916661,16.5985,2.9756,458,124100,0.324337,0.28,1,398126,397668,458
94919581,4.91969,16.5951,440,124100,0.296867,0.28,1,398128,397688,440
94922501,17.7839,4.91902,459,124100,0.283373,0.37,1,398149,397690,459
94925421,11.5568,20.1838,445,124100,0.320675,0.32,1,398159,397714,445
94928341,10.3114,8.83676,449,124100,0.272135,0.37,1,398169,397720,449
94931261,5.26227,9.76735,443,124100,0.318427,0.37,1,398173,397730,443
94934181,2.65245,10.7535,434,124100,0.303685,0.35,1,398175,397741,434
94937101,2.13049,2.95069,435,124100,0.300737,0.36,1,398177,397742,435
94938901,8.4261,2.19014,443,124100,0.324147,0.27,1,398187,397744,443
94941821,6.48522,3.63803,445,124100,0.312829,0.37,1,398193,397748,445
94944741,17.297,11.1276,452,124100,0.222566,0.11,1,398213,397761,452
94947661,5.05941,16.6255,436,124100,0.260513,0.33,1,398215,397779,436
94950581,13.8119,4.9251,450,124100,0.324103,0.3,1,398231,397781,450
94953501,12.3624,12.185,448,124100,0.256821,0.31,1,398243,397795,448
94956421,12.8725,12.037,449,124100,0.219364,0.28,1,398256,397807,449
94959341,11.3745,15.2074,444,124100,0.323873,0.22,1,398267,397823,444
94962261,16.6749,7.04148,457,124100,0.280775,0.22,1,398285,397828,457
94965181,12.135,19.0083,446,124100,0.304155,0.22,1,398296,397850,446
94968101,5.627,7.00166,446,124100,0.244831,0.26,1,398300,397854,446
94971021,2.7254,4.60033,444,124100,0.232966,0.24,1,398302,397858,444
94973841,2.14508,1.72007,445,124100,0.214593,0.27,1,398304,397859,445
94976761,5.22902,2.74401,448,124100,0.170919,0.39,1,398310,397862,448
94979681,2.6458,4.5488,445,124100,0.258184,0.43,1,398312,397867,445
94982161,2.12916,4.10976,443,124100,0.251637,0.43,1,398314,397871,443
94985081,5.22583,2.42195,447,124100,0.266327,0.41,1,398320,397873,447
94988001,7.44517,6.88439,447,124100,0.293265,0.38,1,398328,397881,447
94990921,11.089,7.77688,451,124100,0.266653,0.36,1,398340,397889,451
94993841,5.41781,8.75538,446,124100,0.197331,0.31,1,398344,397898,446
94996761,2.68356,6.55108,442,124100,0.183466,0.28,1,398346,397904,442
94999681,48.5367,2.91021,500,124100,0.140693,0.37,1,398406,397906,500
95002601,17.7073,50.982,447,124100,0.276139,0.31,1,398416,397969,447
95005521,15.5415,16.5964,454,124100,0.263228,0.29,1,398431,397977,454
95008441,4.70829,15.3193,441,124100,0.260646,0.21,1,398433,397992,441
95010241,4.94166,6.26386,442,124100,0.180129,0.35,1,398438,397996,442
95013161,7.38833,8.45277,441,124100,0.196026,0.38,1,398446,398005,441
95016081,12.6777,5.69055,450,124100,0.239205,0.31,1,398460,398010,450
95019001,40.9355,9.13811,488,124100,0.151841,0.38,1,398508,398020,488
95021921,12.9871,43.4276,442,124100,0.118368,0.37,1,398514,398072,442
95024841,12.9974,11.0855,452,124100,0.207674,0.3,1,398527,398075,452
95027761,4.19948,14.2171,439,124100,0.185535,0.21,1,398529,398090,439
95030681,3.2399,6.04342,438,124100,0.133107,0.37,1,398532,398094,438
95032501,4.64798,2.80868,441,124100,0.226621,0.3,1,398537,398096,441
95035421,5.7296,6.96174,439,124100,0.245324,0.3,1,398543,398104,439
95038341,13.9459,2.99235,453,124100,0.169065,0.33,1,398559,398106,453
95041261,8.38918,16.5985,440,124100,0.209813,0.29,1,398566,398126,440
95044181,18.4778,4.91969,459,124100,0.241963,0.28,1,398587,398128,459
95047101,9.29557,17.7839,445,124100,0.208393,0.33,1,398594,398149,445
95050021,12.2591,11.5568,448,124100,0.161679,0.26,1,398607,398159,448
95052941,5.65182,10.3114,442,124100,0.192336,0.33,1,398611,398169,442
95055861,2.73036,5.26227,440,124100,0.198467,0.3,1,398613,398173,440
95058781,2.14607,2.65245,440,124100,0.167693,0.3,1,398615,398175,440
95060581,2.02921,2.13049,440,124100,0.201539,0.33,1,398617,398177,440
95063501,11.6058,8.4261,444,124100,0.224308,0.31,1,398631,398187,444
95066421,15.9212,6.48522,455,124100,0.172862,0.2,1,398648,398193,455
95069341,4.78423,17.297,437,124100,0.130572,0.27,1,398650,398213,437
95072261,12.1568,5.05941,449,124100,0.194114,0.34,1,398664,398215,449
95075181,12.0314,13.8119,445,124100,0.0948229,0.24,1,398676,398231,445
95078101,16.8063,12.3624,451,124100,0.122965,0.21,1,398694,398243,451
95081021,6.56125,12.8725,442,124100,0.216593,0.35,1,398698,398256,442
95083941,19.7123,11.3745,454,124100,0.251319,0.27,1,398721,398267,454
95086861,7.14245,16.6749,440,124100,0.210264,0.31,1,398725,398285,440
95089781,4.62849,12.135,433,124100,0.234053,0.23,1,398729,398296,433
95092401,7.3257,5.627,437,124100,0.214811,0.21,1,398737,398300,437
95095321,3.06514,4.3254,435,124100,0.210962,0.21,1,398739,398304,435
95098241,5.41303,0.86508,441,124100,0.234192,0.16,1,398745,398304,441
95101161,2.68261,4.97302,437,124100,0.206838,0.28,1,398747,398310,437
95103221,2.13652,2.5946,437,124100,0.201368,0.25,1,398749,398312,437
95106141,2.0273,2.11892,437,124100,0.200274,0.27,1,398751,398314,437
95109061,3.60546,5.22378,435,124100,0.288055,0.3,1,398755,398320,435
95111981,7.12109,7.44476,435,124100,0.265611,0.26,1,398763,398328,435
95114901,7.02422,11.089,430,124100,0.261122,0.18,1,398770,398340,430
95117821,6.20484,5.41779,432,124100,0.276224,0.18,1,398776,398344,432
95119861,8.44097,2.68356,439,124100,0.247245,0.13,1,398785,398346,439
95122781,48.0882,48.5367,437,124100,0.217449,0.31,1,398843,398406,437
95125701,14.4176,17.7073,433,124100,0.23549,0.26,1,398849,398416,433
95128621,14.8835,15.5415,433,124100,0.223098,0.26,1,398864,398431,433
95131541,4.57671,4.70829,433,124100,0.22062,0.16,1,398866,398433,433
95134461,12.9153,4.94166,443,124100,0.220124,0.2,1,398881,398438,443
95137381,8.98307,7.38833,443,124100,0.196025,0.25,1,398889,398446,443
95140301,43.3966,12.6777,481,124100,0.247205,0.13,1,398941,398460,481
95143221,11.0793,40.9355,436,124100,0.249441,0.11,1,398944,398508,436
95146141,15.0159,12.9871,446,124100,0.281888,0.23,1,398960,398514,446
95149061,4.60317,12.9974,435,124100,0.256378,0.18,1,398962,398527,435
95151981,2.52063,4.19948,435,124100,0.251276,0.12,1,398964,398529,435
95154181,2.10413,3.2399,434,124100,0.218255,0.25,1,398966,398532,434
95157101,7.62083,4.64798,438,124100,0.283651,0.25,1,398975,398537,438
95160021,11.1242,5.7296,444,124100,0.24073,0.15,1,398987,398543,444
95162941,11.8248,13.9459,440,124100,0.248146,0.22,1,398999,398559,440
95165861,16.765,8.38918,451,124100,0.241629,0.25,1,399017,398566,451
95168781,8.15299,18.4778,436,124100,0.272326,0.2,1,399023,398587,436
95171701,13.6306,9.29557,444,124100,0.278465,0.15,1,399038,398594,444
95174621,5.92612,12.2591,435,124100,0.335693,0.2,1,399042,398607,435
95177541,4.38522,5.65182,435,124100,0.315139,0.2,1,399046,398611,435
95180461,2.47704,2.73036,435,124100,0.311028,0.16,1,399048,398613,435
95183381,2.89541,2.14607,436,124100,0.326206,0.21,1,399051,398615,436
95185381,5.37908,2.02921,440,124100,0.329241,0.23,1,399057,398617,440
95188301,19.4758,11.6058,449,124100,0.233848,0.16,1,399080,398631,449
95191221,5.49516,15.9212,434,124100,0.18277,0.12,1,399082,398648,434
95194141,5.89903,4.78423,438,124100,0.228554,0.21,1,399088,398650,438
95197061,16.3798,12.1568,443,124100,0.277711,0.07,1,399107,398664,443
95199981,20.076,12.0314,452,124100,0.239542,0.13,1,399128,398676,452
95202901,8.01519,16.8063,439,124100,0.271908,0.24,1,399133,398694,439
95205821,17.603,6.56125,455,124100,0.286382,0.26,1,399153,398698,455
95208741,6.72061,19.7123,436,124100,0.313276,0.2,1,399157,398721,436
95211661,4.54412,7.14245,436,124100,0.294655,0.24,1,399161,398725,436
95214581,5.70882,4.62849,438,124100,0.338931,0.21,1,399167,398729,438
95217501,2.74176,7.3257,432,124100,0.355786,0.21,1,399169,398737,432
95220321,10.1484,3.06514,442,124100,0.311157,0.2,1,399181,398739,442
95223241,3.62967,7.01303,436,124100,0.302231,0.2,1,399183,398747,436
95226161,2.32593,1.40261,438,124100,0.364446,0.2,1,399185,398747,438
95228641,2.06519,3.48052,436,124100,0.376889,0.33,1,399187,398751,436
95231561,3.61304,5.4961,434,124100,0.315378,0.33,1,399191,398757,434
95234481,5.52261,1.09922,440,124100,0.295076,0.26,1,399197,398757,440
95237401,6.70452,5.01984,441,124100,0.379015,0.26,1,399204,398763,441
95240321,4.5409,6.60397,438,124100,0.435803,0.28,1,399208,398770,438
95243241,5.70818,6.12079,438,124100,0.375161,0.21,1,399214,398776,438
95246161,52.3416,54.8242,435,124100,0.347032,0.24,1,399278,398843,435
95249081,13.6683,15.7648,433,124100,0.285406,0.22,1,399282,398849,433
95252001,15.5337,15.153,434,124100,0.361081,0.22,1,399298,398864,434
95254921,6.30673,4.63059,436,124100,0.352216,0.22,1,399302,398866,436
95257841,9.26135,12.9261,431,124100,0.326443,0.19,1,399312,398881,431
95260761,10.6523,8.98522,434,124100,0.361289,0.26,1,399323,398889,434
95263681,46.1305,43.397,437,124100,0.368258,0.25,1,399378,398941,437
95266601,10.8261,11.0794,436,124100,0.377652,0.29,1,399380,398944,436
95269521,14.9652,15.0159,436,124100,0.37153,0.25,1,399396,398960,436
95272441,4.59304,4.60318,436,124100,0.378306,0.25,1,399398,398962,436
95274821,4.11861,2.52064,438,124100,0.307661,0.29,1,399402,398964,438
95277741,2.42372,2.90413,437,124100,0.261532,0.3,1,399404,398967,437
95280661,4.48474,6.98083,434,124100,0.396306,0.23,1,399409,398975,434
95283581,10.4969,10.9962,434,124100,0.383261,0.25,1,399421,398987,434
95286501,14.0994,11.7992,437,124100,0.404652,0.24,1,399436,398999,437
95289421,17.2199,16.7598,437,124100,0.36093,0.28,1,399454,399017,437
95292341,9.84398,8.15197,439,124100,0.392186,0.28,1,399462,399023,439
95295261,14.7688,13.6304,440,124100,0.294437,0.35,1,399478,399038,440
95298181,6.15376,5.92608,440,124100,0.242887,0.31,1,399482,399042,440
95301101,2.83075,4.38522,438,124100,0.344577,0.31,1,399484,399046,438
95304021,2.16615,2.47704,438,124100,0.364915,0.33,1,399486,399048,438
95305601,2.03323,2.89541,437,124100,0.336983,0.39,1,399488,399051,437
95308521,7.60665,1.37908,445,124100,0.331397,0.21,1,399497,399052,445
95311441,15.9213,22.6758,435,124100,0.266279,0.17,1,399515,399080,435
95314361,6.38427,6.13516,437,124100,0.317256,0.24,1,399519,399082,437
95316001,8.47685,6.02703,440,124100,0.343451,0.36,1,399528,399088,440
95318921,15.2954,6.00541,451,124100,0.30069,0.29,1,399545,399094,451
95321841,18.2591,11.6011,457,124100,0.316138,0.23,1,399564,399107,457
95324761,9.25181,19.1202,443,124100,0.335228,0.28,1,399571,399128,443
95327681,17.8504,7.82404,458,124100,0.283046,0.29,1,399591,399133,458
95330601,8.37007,17.5648,444,124100,0.288609,0.32,1,399597,399153,444
95333521,4.87401,6.71296,444,124100,0.305722,0.29,1,399601,399157,444
95336441,2.5748,4.54259,442,124100,0.309144,0.35,1,399603,399161,442
95339361,2.11496,5.70852,438,124100,0.277829,0.36,1,399605,399167,438
95342281,10.023,2.7417,448,124100,0.351566,0.3,1,399617,399169,448
95345201,3.6046,10.1483,438,124100,0.374313,0.3,1,399619,399181,438
95348121,2.32092,3.62967,438,124100,0.346863,0.38,1,399621,399183,438
95349701,7.66418,2.32593,445,124100,0.333373,0.32,1,399630,399185,445
95352621,3.13284,4.46519,442,124100,0.306675,0.3,1,399632,399190,442
95355541,2.22657,1.69304,443,124100,0.341335,0.29,1,399634,399191,443
95358461,5.24531,5.13861,443,124100,0.300267,0.4,1,399640,399197,443
95361381,4.24906,6.62772,440,124100,0.276053,0.45,1,399644,399204,440
95364301,4.04981,4.52554,440,124100,0.359211,0.36,1,399648,399208,440
95367221,5.60996,5.70511,440,124100,0.367842,0.34,1,399654,399214,440
95370141,52.322,52.341,440,124100,0.369568,0.27,1,399718,399278,440
95373061,13.6644,13.6682,440,124100,0.329914,0.38,1,399722,399282,440
95375981,13.1329,15.5336,437,124100,0.433983,0.35,1,399735,399298,437
95378901,7.42658,6.30673,439,124100,0.398797,0.32,1,399741,399302,439
95381821,11.0853,9.26135,441,124100,0.351759,0.37,1,399753,399312,441
95384741,9.41706,10.6523,439,124100,0.358352,0.37,1,399762,399323,439
95387661,48.2834,46.1305,442,124100,0.37567,0.38,1,399820,399378,442
95390581,11.2567,10.8261,442,124100,0.379134,0.37,1,399822,399380,442
95393501,15.8513,14.9652,443,124100,0.371827,0.38,1,399839,399396,443
95396421,4.77027,4.59304,443,124100,0.402365,0.29,1,399841,399398,443
95399341,3.35405,4.11861,442,124100,0.392473,0.25,1,399844,399402,442
95402261,4.67081,2.42372,445,124100,0.326495,0.43,1,399849,399404,445
95405181,12.1342,4.48474,454,124100,0.361299,0.38,1,399863,399409,454
95408101,8.02683,10.4969,449,124100,0.35226,0.41,1,399870,399421,449
95411021,20.8054,14.0994,458,124100,0.342452,0.35,1,399894,399436,458
95413941,8.96107,17.2199,446,124100,0.42849,0.4,1,399900,399454,446
95416861,14.5922,9.84398,454,124100,0.397698,0.27,1,399916,399462,454
95419781,7.71844,14.7688,444,124100,0.33554,0.23,1,399922,399478,444
95422701,3.14369,6.15376,442,124100,0.299108,0.37,1,399924,399482,442
95424581,4.62874,2.83075,445,124100,0.387822,0.38,1,399929,399484,445
95427501,2.52575,7.76615,438,124100,0.405564,0.38,1,399931,399493,438
95430421,5.30515,1.55323,444,124100,0.409113,0.33,1,399937,399493,444
95433341,14.661,3.51065,457,124100,0.377823,0.25,1,399954,399497,457
95436261,4.53221,15.1021,441,124100,0.331565,0.33,1,399956,399515,441
95439181,10.5064,6.22043,449,124100,0.402313,0.29,1,399968,399519,449
95442101,10.1013,22.0441,433,124100,0.352463,0.32,1,399978,399545,433
95445021,21.2203,19.6088,438,124100,0.390493,0.34,1,400002,399564,438
95447941,8.24405,9.52176,436,124100,0.398098,0.27,1,400007,399571,436
95450861,20.0488,17.9044,439,124100,0.42362,0.29,1,400030,399591,439
95453781,8.80976,8.38087,439,124100,0.404724,0.31,1,400036,399597,439
95456701,6.56195,4.87617,441,124100,0.424945,0.31,1,400042,399601,441
95459621,2.91239,2.57523,441,124100,0.428989,0.27,1,400044,399603,441
95461601,1.38248,2.11505,440,124100,0.413798,0.41,1,400045,399605,440
95464521,6.6765,8.42301,438,124100,0.41076,0.37,1,400053,399615,438
95467441,2.9353,3.2846,438,124100,0.410152,0.38,1,400055,399617,438
95469921,2.18706,2.25692,438,124100,0.40203,0.34,1,400057,399619,438
95472841,6.83741,6.05138,439,124100,0.416406,0.3,1,400065,399626,439
95475761,2.96748,6.01028,435,124100,0.419281,0.35,1,400067,399632,435
95478241,2.1935,2.80206,435,124100,0.411856,0.29,1,400069,399634,435
95481161,10.0387,5.36041,441,124100,0.426371,0.27,1,400081,399640,441
95484081,5.20774,4.27208,441,124100,0.373274,0.38,1,400085,399644,441
95486561,4.24155,4.05442,441,124100,0.418655,0.41,1,400089,399648,441
95489481,4.04831,4.01088,441,124100,0.443731,0.37,1,400093,399652,441
95492401,51.2097,2.40218,502,124100,0.320746,0.37,1,400156,399654,502
95495321,18.2419,51.6804,448,124100,0.344149,0.32,1,400166,399718,448
95498241,10.0484,13.5361,452,124100,0.31683,0.46,1,400174,399722,452
95501161,6.80968,13.1072,445,124100,0.391366,0.39,1,400180,399735,445
95504081,10.9619,7.42144,451,124100,0.358273,0.34,1,400192,399741,451
95507001,10.1924,11.0843,449,124100,0.407655,0.36,1,400202,399753,449
95509921,46.8385,9.41686,496,124100,0.329531,0.38,1,400258,399762,496
95512841,15.7677,48.2834,446,124100,0.257906,0.38,1,400266,399820,446
95515761,11.1535,11.2567,454,124100,0.211581,0.37,1,400276,399822,454
95518681,3.83071,15.8513,439,124100,0.226316,0.41,1,400278,399839,439
95520881,2.36614,4.77027,439,124100,0.317263,0.33,1,400280,399841,439
95523801,8.47323,8.15405,440,124100,0.335453,0.33,1,400290,399850,440
95526721,10.4946,1.63081,451,124100,0.323091,0.37,1,400301,399850,451
95529641,8.49893,10.7262,446,124100,0.256618,0.35,1,400309,399863,446
95532561,24.0998,7.74523,467,124100,0.291324,0.34,1,400337,399870,467
95535481,9.61996,20.749,449,124100,0.290265,0.45,1,400343,399894,449
95538401,9.92399,8.94981,453,124100,0.322053,0.39,1,400353,399900,453
95541321,9.9848,14.59,447,124100,0.304411,0.32,1,400363,399916,447
95544241,3.59696,7.71799,443,124100,0.324882,0.29,1,400365,399922,443
95546261,1.51939,3.1436,442,124100,0.312976,0.41,1,400366,399924,442
95549181,5.10388,4.62872,443,124100,0.310595,0.41,1,400372,399929,443
95552101,5.82078,2.52574,447,124100,0.342119,0.41,1,400378,399931,447
95554581,17.1642,5.30515,461,124100,0.316424,0.37,1,400398,399937,461
95557501,5.03283,14.661,446,124100,0.287285,0.32,1,400400,399954,446
95560421,6.60657,4.53221,451,124100,0.153457,0.42,1,400407,399956,451
95563341,10.9213,10.5064,451,124100,0.286691,0.34,1,400419,399968,451
95566261,23.7843,10.1013,468,124100,0.177338,0.4,1,400446,399978,468
95569181,6.35685,21.2203,446,124100,0.307468,0.4,1,400448,400002,446
95572101,18.8714,8.24405,463,124100,0.301494,0.43,1,400470,400007,463
95575021,9.37427,20.0488,447,124100,0.276299,0.4,1,400477,400030,447
95577941,5.87485,8.80976,446,124100,0.30326,0.43,1,400482,400036,446
95580861,3.57497,6.56195,443,124100,0.292652,0.43,1,400485,400042,443
95583781,2.31499,2.91239,443,124100,0.33053,0.41,1,400487,400044,443
95585781,5.263,1.38248,448,124100,0.338106,0.41,1,400493,400045,448
95588701,4.2526,6.6765,444,124100,0.315621,0.41,1,400497,400053,444
95591621,2.45052,2.9353,444,124100,0.319124,0.4,1,400499,400055,444
95594101,8.4901,2.18706,452,124100,0.311825,0.42,1,400509,400057,452
95597021,3.29802,8.43741,444,124100,0.302365,0.42,1,400511,400067,444
95599941,2.2596,1.68748,446,124100,0.268473,0.41,1,400513,400067,446
95602861,10.0519,1.9375,456,124100,0.301695,0.43,1,400525,400069,456
95605781,5.21038,9.9875,448,124100,0.292339,0.36,1,400529,400081,448
95608701,4.24208,5.1975,448,124100,0.346468,0.43,1,400533,400085,448
95610741,4.04842,4.2395,448,124100,0.373294,0.45,1,400537,400089,448
95613661,48.0097,4.0479,503,124100,0.354659,0.29,1,400596,400093,503
95616581,19.2019,51.2096,452,122640,0.286932,0.35,1,400608,400156,452
95619501,8.64039,18.2419,448,122640,0.241386,0.31,1,400614,400166,448
95622421,3.32808,10.0484,442,122640,0.232277,0.41,1,400616,400174,442
95625341,15.0656,6.80968,454,122640,0.222455,0.35,1,400634,400180,454
95628261,8.61312,10.9619,449,122640,0.244491,0.42,1,400641,400192,449
95631181,44.9226,10.1924,493,122640,0.288898,0.31,1,400695,400202,493
95634101,10.5845,46.8385,439,122640,0.29778,0.24,1,400697,400258,439
95637021,16.5169,15.7677,449,122640,0.267556,0.2,1,400715,400266,449
95639941,4.90338,11.1535,441,122640,0.261511,0.23,1,400717,400276,441
95642861,2.58068,3.83071,441,122640,0.236302,0.34,1,400719,400278,441
95645061,6.91614,2.36614,447,122640,0.27926,0.34,1,400727,400280,447
95647981,11.7832,8.47323,450,122640,0.327852,0.32,1,400740,400290,450
95650901,7.15665,10.4946,445,122640,0.27357,0.24,1,400746,400301,445
95653821,21.4313,8.49893,462,122640,0.214714,0.3,1,400771,400309,462
95656741,12.2863,24.0998,444,122640,0.250943,0.29,1,400781,400337,444
95659661,8.85725,9.61996,446,122640,0.250189,0.33,1,400789,400343,446
95662581,11.3715,9.92399,448,122640,0.322038,0.3,1,400801,400353,448
95665501,3.87429,9.9848,440,122640,0.304408,0.33,1,400803,400363,440
95668421,2.37486,3.59696,440,122640,0.268881,0.31,1,400805,400365,440
95671341,4.47497,1.51939,444,122640,0.237776,0.31,1,400810,400366,444
95673141,2.49499,5.10388,440,122640,0.287555,0.35,1,400812,400372,440
95676061,6.099,5.82078,441,122640,0.297511,0.31,1,400819,400378,441
95678981,12.4198,17.1642,435,122640,0.291502,0.28,1,400833,400398,435
95681901,9.68396,5.03283,442,122640,0.2663,0.12,1,400842,400400,442
95684821,8.33679,6.60657,443,122640,0.23726,0.32,1,400850,400407,443
95687741,27.2674,10.9213,463,122640,0.231452,0.15,1,400882,400419,463
95690661,7.05347,23.7843,438,122640,0.19829,0.34,1,400884,400446,438
95693581,19.8107,6.35685,459,122640,0.215658,0.3,1,400907,400448,459
95696501,11.1621,18.8714,446,122640,0.227132,0.27,1,400916,400470,446
95699421,5.43243,9.37427,443,122640,0.205426,0.31,1,400920,400477,443
95702341,2.68649,5.87485,440,122640,0.169085,0.29,1,400922,400482,440
95705261,2.1373,3.57497,439,122640,0.153817,0.34,1,400924,400485,439
95707461,2.02746,2.31499,439,122640,0.238763,0.34,1,400926,400487,439
95710381,6.80549,5.263,441,122640,0.287753,0.31,1,400934,400493,441
95713301,2.9611,4.2526,439,122640,0.297551,0.32,1,400936,400497,439
95715781,9.39222,2.45052,448,122640,0.30751,0.31,1,400947,400499,448
95718701,3.47844,8.4901,440,122640,0.333502,0.3,1,400949,400509,440
95721621,2.29569,3.29802,440,122640,0.3067,0.26,1,400951,400511,440
95724101,11.6591,2.2596,452,122640,0.24534,0.31,1,400965,400513,452
95727021,5.53183,10.0519,444,122640,0.185068,0.29,1,400969,400525,444
95729941,4.30637,5.21038,444,122640,0.229014,0.36,1,400973,400529,444
95732421,4.86127,4.24208,445,122640,0.229803,0.4,1,400978,400533,445
95735341,44.1723,6.44842,492,122640,0.261961,0.27,1,401032,400540,492
95738261,15.2345,55.6897,432,122640,0.188392,0.23,1,401040,400608,432
95741181,11.8469,15.9379,437,122640,0.309678,0.23,1,401051,400614,437
95744101,3.96938,4.78759,437,122640,0.301936,0.23,1,401053,400616,437
95745941,11.9939,0.957517,451,122640,0.220387,0.22,1,401067,400616,451
95748861,11.9988,14.5915,445,122640,0.196077,0.25,1,401079,400634,445
95751781,42.3998,8.5183,488,122640,0.255215,0.3,1,401129,400641,488
95754701,10.08,44.9037,436,122640,0.235043,0.3,1,401131,400695,436
95757621,17.216,10.5807,453,122640,0.191009,0.26,1,401150,400697,453
95760541,5.0432,16.5161,437,122640,0.270202,0.26,1,401152,400715,437
95763461,2.60864,4.90323,437,122640,0.28604,0.23,1,401154,400717,437
95766381,6.92173,2.58065,443,122640,0.249208,0.34,1,401162,400719,443
95769301,9.38435,17.3161,432,122640,0.281842,0.26,1,401172,400740,432
95772221,9.87687,8.26323,436,122640,0.344368,0.2,1,401182,400746,436
95775141,21.1754,21.6526,435,122640,0.380874,0.26,1,401206,400771,435
95778061,12.2351,12.3305,435,122640,0.380175,0.25,1,401216,400781,435
95780981,12.047,8.86611,439,122640,0.372035,0.34,1,401228,400789,439
95783901,10.4094,11.3732,437,122640,0.314407,0.3,1,401238,400801,437
95786821,3.68188,3.87464,437,122640,0.302881,0.26,1,401240,400803,437
95789741,2.33638,2.37493,437,122640,0.268576,0.26,1,401242,400805,437
95791701,2.86728,0.474986,440,122640,0.365715,0.23,1,401245,400805,440
95794621,2.17346,4.095,437,122640,0.353143,0.3,1,401247,400810,437
95797541,9.23469,8.019,439,122640,0.334629,0.29,1,401258,400819,439
95800461,9.84694,12.8038,435,122640,0.354926,0.26,1,401268,400833,435
95803381,13.1694,9.76076,440,122640,0.294985,0.23,1,401282,400842,440
95806301,7.43388,8.35215,438,122640,0.218997,0.23,1,401288,400850,438
95809221,26.2868,27.2704,437,122640,0.323799,0.19,1,401319,400882,437
95812141,6.85736,7.05409,437,122640,0.36876,0.22,1,401321,400884,437
95815061,16.5715,19.8108,433,122640,0.337752,0.23,1,401340,400907,433
95817981,12.9143,11.1622,436,122640,0.29955,0.2,1,401352,400916,436
95820901,5.78286,5.43243,436,122640,0.29191,0.2,1,401356,400920,436
95822901,1.95657,1.08649,437,122640,0.314382,0.16,1,401357,400920,437
95825821,1.99131,1.8173,437,122640,0.286876,0.15,1,401359,400922,437
95828741,1.99826,1.96346,437,122640,0.265375,0.26,1,401361,400924,437
95831221,6.79965,1.99269,443,122640,0.365075,0.3,1,401369,400926,443
95834141,2.95993,6.79854,437,122640,0.353015,0.3,1,401371,400934,437
95837061,5.39199,2.95971,441,122640,0.374603,0.34,1,401377,400936,441
95839981,4.2784,10.9919,432,122640,0.354921,0.3,1,401381,400949,432
95842901,5.65568,3.79839,436,122640,0.374984,0.23,1,401387,400951,436
95845821,11.5311,11.9597,435,122640,0.386997,0.17,1,401400,400965,435
95848741,5.50623,5.59194,435,122640,0.333399,0.24,1,401404,400969,435
95851661,4.30125,4.31839,435,122640,0.32268,0.23,1,401408,400973,435
95854581,5.66025,4.86368,436,122640,0.384536,0.27,1,401414,400978,436
95857501,41.932,44.1727,433,122640,0.364907,0.17,1,401465,401032,433
95860421,19.5864,15.2345,439,122640,0.280981,0.34,1,401479,401040,439
95863341,8.71728,11.8469,434,122640,0.256196,0.3,1,401485,401051,434
95866261,3.34346,3.96938,434,122640,0.219239,0.2,1,401487,401053,434
95869181,25.4687,11.9939,451,122640,0.275848,0.19,1,401518,401067,451
95872101,40.2937,11.9988,483,122640,0.34317,0.27,1,401562,401079,483
95875021,9.65875,42.3998,435,122640,0.356634,0.23,1,401564,401129,435
95877941,15.5317,10.08,450,122640,0.351327,0.18,1,401581,401131,450
95880861,6.30635,17.216,435,122640,0.310265,0.29,1,401585,401150,435
95883781,7.66127,5.0432,441,122640,0.374053,0.29,1,401593,401152,441
95886341,6.33225,2.60864,445,122640,0.322811,0.24,1,401599,401154,445
95889261,12.4665,6.92173,451,122640,0.368562,0.29,1,401613,401162,451
95892181,8.09329,9.38435,448,122640,0.305712,0.36,1,401620,401172,448
95895101,22.4187,9.87687,464,122640,0.389142,0.39,1,401646,401182,464
95898021,12.4837,21.1754,450,122640,0.317828,0.38,1,401656,401206,450
95900941,8.89675,12.2351,448,122640,0.343566,0.37,1,401664,401216,448
95903861,11.3793,12.047,448,122640,0.412713,0.3,1,401676,401228,448
95906781,3.87587,10.4094,440,122640,0.394543,0.3,1,401678,401238,440
95909701,2.37517,3.68188,440,122640,0.358909,0.26,1,401680,401240,440
95911921,2.07503,2.33638,440,122640,0.327782,0.38,1,401682,401242,440
95914841,5.21501,8.46728,436,122640,0.345556,0.38,1,401688,401252,436
95917761,9.043,1.69345,446,122640,0.341111,0.33,1,401698,401252,446
95920681,5.0086,5.13869,444,122640,0.404222,0.36,1,401702,401258,444
95923601,9.80172,9.02774,445,122640,0.424844,0.28,1,401713,401268,445
95926521,13.9603,13.0055,446,122640,0.380969,0.2,1,401728,401282,446
95929441,25.1921,7.40111,468,122640,0.332194,0.35,1,401756,401288,468
95932361,6.63841,26.2802,439,122640,0.314439,0.38,1,401758,401319,439
95935281,15.7277,6.85604,455,122640,0.302888,0.33,1,401776,401321,455
95938201,11.9455,16.5712,447,122640,0.348578,0.29,1,401787,401340,447
95941121,10.3891,12.9142,445,122640,0.293716,0.29,1,401797,401352,445
95944041,3.67782,5.78285,443,122640,0.282743,0.32,1,401799,401356,443
95946661,2.33556,1.95657,444,122640,0.304549,0.26,1,401801,401357,444
95949581,2.06711,3.59131,442,122640,0.28491,0.26,1,401803,401361,442
95952501,5.21342,0.718263,448,122640,0.280982,0.35,1,401809,401361,448
95955421,2.64268,8.14365,440,122640,0.288196,0.35,1,401811,401371,440
95958101,6.12854,1.62873,447,122640,0.329639,0.38,1,401818,401371,447
95961021,2.82571,5.12575,443,122640,0.385928,0.35,1,401820,401377,443
95963941,4.56514,4.22515,444,122640,0.357186,0.38,1,401825,401381,444
95966421,14.513,5.64503,455,122640,0.263437,0.39,1,401842,401387,455
95969341,6.10261,11.529,446,122640,0.308687,0.32,1,401846,401400,446
95972261,4.42052,5.5058,446,122640,0.293738,0.32,1,401850,401404,446
95974741,4.0841,4.30116,446,122640,0.258747,0.4,1,401854,401408,446
95977661,38.4168,5.66023,487,122640,0.355749,0.36,1,401901,401414,487
95980581,18.0834,41.932,449,122640,0.30315,0.26,1,401914,401465,449
95983501,12.4167,19.5864,446,122640,0.26863,0.25,1,401925,401479,446
95986421,4.08333,8.71728,442,122640,0.229726,0.21,1,401927,401485,442
95989301,24.0167,3.34346,469,122640,0.205945,0.29,1,401956,401487,469
95992221,40.8033,25.4687,483,122640,0.305189,0.36,1,402001,401518,483
95995141,12.1607,40.2937,444,122640,0.349038,0.36,1,402006,401562,444
95998061,14.4321,9.65875,457,122640,0.261808,0.35,1,402021,401564,457
96000981,4.48643,15.5317,442,122640,0.212362,0.3,1,402023,401581,442
96003901,6.49729,6.30635,445,122640,0.210472,0.39,1,402030,401585,445
96006821,6.09946,7.66127,443,122640,0.178094,0.31,1,402036,401593,443
96009741,10.8199,6.33225,449,122640,0.283619,0.38,1,402048,401599,449
96012661,10.164,12.4665,445,122640,0.336724,0.29,1,402058,401613,445
96015581,22.0328,8.09329,463,122640,0.315345,0.41,1,402083,401620,463
96018501,17.2066,22.4187,453,122640,0.279069,0.3,1,402099,401646,453
96021421,9.84131,12.4837,451,122640,0.271814,0.35,1,402107,401656,451
96024341,5.96826,8.89675,448,122640,0.278363,0.43,1,402112,401664,448
96027261,5.99365,11.3793,442,122640,0.311673,0.39,1,402118,401676,442
96030181,5.19873,3.87587,445,122640,0.342335,0.35,1,402123,401678,445
96032981,5.83975,2.37517,449,122640,0.292467,0.46,1,402129,401680,449
96035901,2.76795,8.47503,441,122640,0.330493,0.46,1,402131,401690,441
96038821,5.35359,1.69501,447,122640,0.306099,0.34,1,402137,401690,447
96041741,5.07072,6.739,444,122640,0.32522,0.42,1,402142,401698,444
96044661,11.4141,4.5478,453,122640,0.305044,0.43,1,402155,401702,453
96047581,8.68283,9.70956,450,122640,0.197009,0.37,1,402163,401713,450
96050501,28.1366,13.9419,468,122640,0.279402,0.32,1,402196,401728,468
96053421,7.22731,25.1884,442,122640,0.27188,0.31,1,402198,401756,442
96056341,15.0455,6.63768,457,122640,0.270376,0.3,1,402215,401758,457
96059261,9.40909,15.7275,447,122640,0.246075,0.36,1,402223,401776,447
96062181,9.88182,11.9455,446,122640,0.225215,0.28,1,402233,401787,446
96065101,3.57636,10.3891,438,122640,0.213043,0.28,1,402235,401797,438
96068021,2.31527,3.67782,438,122640,0.178609,0.28,1,402237,401799,438
96070941,3.66305,3.93556,438,122640,0.115722,0.28,1,402241,401803,438
96073861,7.13261,5.58711,440,122640,0.191144,0.28,1,402249,401809,440
96075621,2.22652,1.11742,441,122640,0.214229,0.29,1,402250,401809,441
96078541,3.6453,2.62348,442,122640,0.186846,0.34,1,402254,401812,442
96081461,5.52906,5.3247,442,122640,0.213369,0.4,1,402260,401818,442
96084381,3.50581,2.66494,443,122640,0.290674,0.35,1,402263,401820,443
96087061,11.9012,4.53299,452,122640,0.250135,0.24,1,402277,401825,452
96089981,8.78023,14.5066,443,122640,0.186027,0.32,1,402285,401842,443
96092901,4.95605,6.10132,443,122640,0.221205,0.29,1,402289,401846,443
96094961,4.19121,4.42026,443,122640,0.220241,0.36,1,402293,401850,443
96097881,36.0382,6.48405,480,122640,0.148048,0.38,1,402337,401857,480
96100801,15.2076,36.4968,446,122640,0.28561,0.29,1,402347,401901,446
96103721,12.6415,17.6994,445,122640,0.305122,0.26,1,402359,401914,445
96106641,4.92831,12.3399,437,122640,0.269024,0.22,1,402362,401925,437
96109561,22.5857,4.06797,462,122640,0.285805,0.2,1,402389,401927,462
96112481,43.7171,24.0136,482,122640,0.265161,0.33,1,402438,401956,482
96115401,10.3434,40.8027,439,122640,0.261032,0.36,1,402440,402001,439
96118321,11.6687,12.1605,446,122640,0.316206,0.24,1,402452,402006,446
96121241,3.93374,14.4321,433,122640,0.327241,0.2,1,402454,402021,433
96124161,11.1867,4.48642,444,122640,0.217448,0.21,1,402467,402023,444
96127081,5.43735,6.49728,441,122640,0.18749,0.17,1,402471,402030,441
96130001,13.8875,6.09946,451,122640,0.285498,0.31,1,402487,402036,451
96132921,5.97749,10.8199,443,122640,0.2571,0.35,1,402491,402048,443
96135841,21.9955,10.164,459,122640,0.24342,0.31,1,402517,402058,459
96138761,18.7991,22.0328,452,122640,0.192684,0.27,1,402535,402083,452
96141681,10.1598,17.2066,444,122640,0.182537,0.27,1,402543,402099,444
96144601,6.83196,9.84131,442,122640,0.268507,0.28,1,402549,402107,442
96147521,2.96639,5.96826,439,122640,0.285701,0.32,1,402551,402112,439
96150441,6.99328,5.99365,441,122640,0.26514,0.35,1,402559,402118,441
96152161,2.19866,5.19873,437,122640,0.269028,0.28,1,402560,402123,437
96155081,5.23973,5.83975,437,122640,0.245806,0.34,1,402566,402129,437
96158001,2.64795,2.76795,437,122640,0.209161,0.3,1,402568,402131,437
96160481,5.32959,5.35359,437,122640,0.265832,0.33,1,402574,402137,437
96163401,5.86592,6.67072,436,122640,0.253166,0.3,1,402580,402144,436
96166321,8.37318,10.1341,434,122640,0.274633,0.17,1,402589,402155,434
96169241,10.4746,8.42683,437,122640,0.286927,0.3,1,402600,402163,437
96172161,24.4949,28.0854,432,122640,0.217385,0.27,1,402628,402196,432
96175081,10.499,7.21707,437,122640,0.331477,0.27,1,402635,402198,437
96178001,10.0998,15.0434,430,122640,0.330295,0.24,1,402645,402215,430
96180921,10.82,9.40868,433,122640,0.330059,0.22,1,402656,402223,433
96183841,10.164,9.88174,433,122640,0.322012,0.21,1,402666,402233,433
96186761,3.6328,3.57635,433,122640,0.360402,0.17,1,402668,402235,433
96189601,2.32656,2.31527,433,122640,0.34408,0.24,1,402670,402237,433
96192521,5.26531,6.06305,432,122640,0.380816,0.21,1,402676,402244,432
96195441,5.85306,5.21261,433,122640,0.364163,0.22,1,402682,402249,433
96198361,7.57061,1.84252,440,122640,0.312833,0.18,1,402690,402250,440
96201041,3.11412,3.5685,438,122640,0.302567,0.22,1,402692,402254,438
96203961,3.82282,5.5137,436,122640,0.300513,0.31,1,402696,402260,436
96206881,3.96456,3.50274,437,122640,0.308103,0.24,1,402700,402263,437
96209801,13.5929,11.9005,439,122640,0.293621,0.17,1,402716,402277,439
96212721,5.91858,8.78011,435,122640,0.290724,0.23,1,402720,402285,435
96215641,7.58372,4.95602,439,122640,0.250145,0.22,1,402728,402289,439
96218561,38.3167,4.1912,481,122640,0.218029,0.13,1,402774,402293,481
96221481,10.8633,36.0382,441,122640,0.275606,0.32,1,402778,402337,441
96224401,12.5727,15.2076,444,122640,0.319121,0.31,1,402791,402347,444
96227321,4.11453,12.6415,434,122640,0.319824,0.26,1,402793,402359,434
96230241,24.8229,4.92831,461,122640,0.271965,0.29,1,402823,402362,461
96233161,46.5646,22.5857,486,122640,0.302393,0.26,1,402875,402389,486
96236081,10.9129,43.7171,439,122640,0.268479,0.26,1,402877,402438,439
96239001,6.98258,10.3434,443,122640,0.245696,0.33,1,402883,402440,443
96241921,2.99652,11.6687,433,122640,0.321139,0.33,1,402885,402452,433
96244841,8.5993,3.93374,441,122640,0.352228,0.19,1,402895,402454,441
96247761,11.3199,11.1867,440,122640,0.246446,0.18,1,402907,402467,440
96250681,12.664,5.43735,449,122640,0.257289,0.31,1,402920,402471,449
96253601,5.73279,13.8875,437,122640,0.227458,0.25,1,402924,402487,437
96256521,24.3466,5.97749,462,122640,0.293492,0.24,1,402953,402491,462
96259441,18.4693,21.9955,453,122640,0.298698,0.18,1,402970,402517,453
96262361,10.0939,18.7991,443,122640,0.17974,0.18,1,402978,402535,443
96265281,5.21877,10.1598,439,122640,0.123948,0.29,1,402982,402543,439
96268201,5.04375,6.83196,438,122640,0.15279,0.29,1,402987,402549,438
96271121,2.60875,2.96639,438,122640,0.310558,0.26,1,402989,402551,438
96274041,2.92175,6.99328,433,122640,0.326112,0.24,1,402992,402559,433
96276961,7.78435,6.99866,435,122640,0.313222,0.2,1,403001,402566,435
96279881,3.15687,2.99973,435,122640,0.302644,0.28,1,403003,402568,435
96282801,7.03137,5.39995,437,122640,0.236529,0.25,1,403011,402574,437
96285281,4.60627,5.87999,435,122640,0.223306,0.28,1,403015,402580,435
96288201,8.92125,8.376,436,122640,0.260661,0.29,1,403025,402589,436
96291121,6.58425,10.4752,431,122640,0.260132,0.2,1,403031,402600,431
96294041,28.5169,24.495,437,122640,0.252026,0.36,1,403065,402628,437
96296961,12.1034,10.499,438,122640,0.162405,0.33,1,403073,402635,438
96299881,10.4207,10.0998,438,122640,0.160481,0.33,1,403083,402645,438
96302801,11.6841,10.82,439,122640,0.232096,0.32,1,403095,402656,439
96305721,11.1368,10.164,440,122640,0.142419,0.37,1,403106,402666,440
96308641,3.82737,3.6328,440,122640,0.244484,0.34,1,403108,402668,440
96311281,2.36547,2.32656,440,122640,0.232897,0.41,1,403110,402670,440
96314201,3.67309,6.06531,437,122640,0.166579,0.36,1,403114,402677,437
96317121,5.53462,5.21306,438,122640,0.249316,0.3,1,403120,402682,438
96320041,8.30692,7.44261,439,122640,0.281863,0.3,1,403129,402690,439
96322961,3.26138,3.08852,439,122640,0.288373,0.3,1,403131,402692,439
96325881,2.25228,3.8177,437,122640,0.257675,0.31,1,403133,402696,437
96328801,3.65046,3.96354,437,122640,0.251535,0.29,1,403137,402700,437
96331721,11.9301,13.5927,435,122640,0.194307,0.29,1,403151,402716,435
96334641,5.58602,5.91854,435,122640,0.182861,0.24,1,403155,402720,435
96337561,7.5172,7.58371,435,122640,0.252572,0.21,1,403163,402728,435
96340481,41.5034,38.3167,439,122640,0.242514,0.29,1,403213,402774,439
96343401,11.5007,10.8633,439,122640,0.208503,0.33,1,403217,402778,439
96346321,13.5001,12.5727,440,122640,0.209701,0.32,1,403231,402791,440
96349241,4.30003,4.11453,440,122640,0.28194,0.26,1,403233,402793,440
96352161,23.26,24.8229,438,122640,0.248388,0.31,1,403261,402823,438
96355081,47.852,46.5646,440,122640,0.289678,0.26,1,403315,402875,440
96358001,11.1704,10.9129,440,122640,0.321936,0.24,1,403317,402877,440
96360921,7.03408,6.98258,440,122640,0.224387,0.24,1,403323,402883,440
96362661,2.20682,1.39652,441,122640,0.196877,0.36,1,403324,402883,441
96365581,2.04136,2.6793,440,122640,0.191375,0.36,1,403326,402886,440
96368501,10.0083,7.73586,443,122640,0.294275,0.22,1,403338,402895,443
96371421,13.2017,11.1472,445,122640,0.226855,0.26,1,403352,402907,445
96374341,7.44033,12.6294,438,122640,0.285371,0.22,1,403358,402920,438
96377261,27.0881,5.72589,466,122640,0.297074,0.31,1,403390,402924,466
96380181,10.2176,24.3452,443,122640,0.291415,0.3,1,403396,402953,443
96383101,17.2435,18.469,445,122640,0.306283,0.15,1,403415,402970,445
96386021,6.6487,10.0938,441,122640,0.229257,0.11,1,403419,402978,441
96388941,2.92974,5.21876,439,122640,0.269851,0.16,1,403421,402982,439
96391861,2.98595,5.04375,437,122640,0.22997,0.35,1,403424,402987,437
96394781,2.99719,2.60875,438,122640,0.205994,0.33,1,403427,402989,438
96396981,5.39944,2.92175,441,122640,0.329199,0.31,1,403433,402992,441
96399901,2.67989,7.78435,434,122640,0.33784,0.3,1,403435,403001,434
96402821,8.53598,3.15687,442,122640,0.283568,0.22,1,403445,403003,442
96405741,4.9072,7.03137,438,122640,0.296714,0.22,1,403449,403011,438
96408661,6.58144,4.60627,441,122640,0.259343,0.27,1,403456,403015,441
96411581,6.91629,8.92125,438,122640,0.267869,0.26,1,403463,403025,438
96414501,30.1833,6.58425,468,122640,0.309574,0.25,1,403499,403031,468
96417421,7.63665,28.5169,436,122640,0.317915,0.14,1,403501,403065,436
96420341,14.3273,12.1034,444,122640,0.335583,0.16,1,403517,403073,444
96423261,6.06547,10.4207,438,122640,0.283117,0.25,1,403521,403083,438
96426181,12.4131,11.6841,440,122640,0.336623,0.12,1,403535,403095,440
96429101,4.88262,11.1368,432,122640,0.299325,0.27,1,403538,403106,432
96432021,6.57652,3.82737,437,122640,0.331865,0.23,1,403545,403108,437
96434941,2.9153,2.36547,437,122640,0.338373,0.15,1,403547,403110,437
96437861,6.98306,3.67309,441,122640,0.371675,0.27,1,403555,403114,441
96440781,6.19661,5.53462,441,122640,0.354335,0.29,1,403561,403120,441
96443701,2.83932,8.30692,434,122640,0.398867,0.29,1,403563,403129,434
96446621,2.16786,3.26138,434,122640,0.407773,0.25,1,403565,403131,434
96448981,6.83357,2.25228,440,122640,0.409555,0.23,1,403573,403133,440
96451901,11.7667,9.25046,442,122640,0.361911,0.18,1,403586,403144,442
96454821,5.55334,7.45009,439,122640,0.352382,0.18,1,403590,403151,439
96457741,5.11067,4.69002,440,122640,0.390476,0.27,1,403595,403155,440
96460661,42.6221,7.338,484,122640,0.414095,0.24,1,403647,403163,484
96463581,11.7244,41.4676,438,122640,0.386819,0.2,1,403651,403213,438
96466501,8.74489,11.4935,442,122640,0.413364,0.21,1,403659,403217,442
96469421,4.14898,13.4987,431,122640,0.442673,0.3,1,403662,403231,431
96472341,24.8298,4.29974,459,122640,0.328535,0.24,1,403692,403233,459
96475261,47.366,23.2599,484,122640,0.329707,0.3,1,403745,403261,484
96478181,11.8732,47.852,433,122640,0.353941,0.33,1,403748,403315,433
96481101,11.1746,11.1704,442,122640,0.438788,0.2,1,403759,403317,442
96484021,3.83493,7.03408,438,122640,0.423758,0.19,1,403761,403323,438
96486941,2.36699,3.80682,437,122640,0.420752,0.19,1,403763,403326,437
96489541,6.8734,0.761363,445,122640,0.40415,0.32,1,403771,403326,445
96492461,13.3747,9.75227,448,122640,0.36083,0.21,1,403786,403338,448
96495381,10.6749,13.1505,444,122640,0.344166,0.3,1,403796,403352,444
96498301,27.735,7.43009,470,122640,0.372833,0.3,1,403828,403358,470
96501221,10.347,27.086,444,122640,0.386567,0.29,1,403834,403390,444
96504141,11.6694,10.2172,450,122640,0.381313,0.31,1,403846,403396,450
96507061,11.1339,17.2434,442,122640,0.348263,0.21,1,403857,403415,442
96509981,3.82678,6.64869,440,122640,0.309653,0.28,1,403859,403419,440
96512901,2.36536,2.92974,440,122640,0.269931,0.22,1,403861,403421,440
96515541,2.07307,2.98595,439,122640,0.237986,0.2,1,403863,403424,439
96518461,5.21461,2.99719,442,122640,0.255597,0.34,1,403869,403427,442
96521381,4.24292,6.99944,438,122640,0.371119,0.27,1,403873,403435,438
96524301,5.64858,9.39989,434,122640,0.370224,0.3,1,403879,403445,434
96527221,5.12972,5.07998,435,122640,0.378045,0.25,1,403884,403449,435
96530141,5.82594,6.616,434,122640,0.411609,0.25,1,403890,403456,434
96532181,10.7652,1.3232,446,122640,0.378322,0.27,1,403902,403456,446
96535101,27.753,5.86464,471,122640,0.315664,0.32,1,403934,403463,471
96538021,7.15061,29.9729,437,122640,0.271133,0.32,1,403936,403499,437
96540941,17.4301,7.59459,455,122640,0.318227,0.34,1,403956,403501,455
96543861,8.28602,14.3189,445,122640,0.287645,0.27,1,403962,403517,445
96546781,11.2572,6.06378,453,122640,0.305529,0.35,1,403974,403521,453
96549701,3.85144,12.4128,441,122640,0.277106,0.29,1,403976,403535,441
96552621,8.77029,4.88255,448,122640,0.271421,0.34,1,403986,403538,448
96555541,3.35406,6.57651,443,122640,0.270284,0.34,1,403988,403545,443
96558461,7.07081,2.9153,449,122640,0.206057,0.38,1,403996,403547,449
96561381,6.21416,6.98306,447,122640,0.281211,0.35,1,404002,403555,447
96564301,2.84283,6.19661,443,122640,0.296242,0.41,1,404004,403561,443
96566501,2.96857,2.83932,444,122640,0.323248,0.41,1,404007,403563,444
96569421,4.59371,2.16786,447,122640,0.29665,0.41,1,404012,403565,447
96572341,14.5187,6.83357,456,122640,0.26733,0.35,1,404029,403573,456
96575261,6.10375,11.7667,447,122640,0.229466,0.35,1,404033,403586,447
96578181,5.22075,5.55334,448,122640,0.229893,0.4,1,404038,403590,448
96581101,41.8441,5.11067,494,122640,0.253979,0.42,1,404089,403595,494
96584021,11.5688,42.6221,446,122640,0.258796,0.38,1,404093,403647,446
96586941,6.31377,11.7244,447,122640,0.243759,0.42,1,404098,403651,447
96589861,4.46275,8.74489,443,122640,0.208752,0.45,1,404102,403659,443
96592781,26.4926,4.14898,472,122640,0.22575,0.3,1,404134,403662,472
96595701,45.2985,24.8298,492,122640,0.27715,0.33,1,404184,403692,492
96598621,12.2597,47.366,443,122640,0.33543,0.36,1,404188,403745,443
96601541,12.0519,11.8732,452,122640,0.355086,0.46,1,404200,403748,452
96604461,4.01039,11.1746,443,122640,0.359017,0.42,1,404202,403759,443
96607381,2.40208,3.83493,443,122640,0.351803,0.42,1,404204,403761,443
96610181,9.28042,2.36699,452,122640,0.366361,0.37,1,404215,403763,452
96613101,9.85608,10.8734,449,122640,0.353272,0.35,1,404225,403776,449
96616021,9.97122,10.1747,449,122640,0.294654,0.34,1,404235,403786,449
96618941,27.5942,10.0349,471,122640,0.330931,0.38,1,404267,403796,471
96621861,11.9188,27.607,447,122640,0.298186,0.39,1,404275,403828,447
96624781,8.78377,10.3214,449,122640,0.363637,0.38,1,404283,403834,449
96627701,8.15675,11.6643,445,122640,0.392727,0.34,1,404291,403846,445
96630621,3.23135,11.1329,436,122640,0.422546,0.3,1,404293,403857,436
96633541,2.24627,3.82657,436,122640,0.428509,0.26,1,404295,403859,436
96636181,8.44925,2.36531,444,122640,0.421702,0.3,1,404305,403861,444
96639101,4.08985,5.27306,441,122640,0.37234,0.26,1,404308,403867,441
96642021,4.01797,2.65461,443,122640,0.330468,0.4,1,404312,403869,443
96644941,6.40359,3.73092,446,122640,0.314094,0.37,1,404319,403873,446
96647861,5.28072,5.54618,445,122640,0.390819,0.38,1,404324,403879,445
96650781,4.25614,5.10924,444,122640,0.422164,0.42,1,404328,403884,444
96653701,11.2512,5.82185,451,122640,0.412433,0.3,1,404341,403890,451
96656621,23.0502,36.3644,433,122640,0.370487,0.26,1,404367,403934,433
96659541,6.21005,8.87287,433,122640,0.322097,0.33,1,404369,403936,433
96662461,22.042,17.7746,439,122640,0.368419,0.28,1,404395,403956,439
96665381,7.6084,8.35491,437,122640,0.353684,0.31,1,404399,403962,437
96668301,10.3217,11.271,436,122640,0.310737,0.27,1,404410,403974,436
96671221,3.66434,3.8542,436,122640,0.390147,0.27,1,404412,403976,436
96674141,5.53287,8.77084,432,122640,0.318029,0.27,1,404418,403986,432
96675701,1.90657,1.75417,433,122640,0.319606,0.27,1,404419,403986,433
96678621,10.7813,1.95083,444,122640,0.351921,0.19,1,404432,403988,444
96681541,6.95626,6.79017,442,122640,0.278384,0.3,1,404438,403996,442
96684461,2.99125,6.15803,438,122640,0.263677,0.3,1,404440,404002,438
96687381,3.79825,2.83161,440,122640,0.260735,0.33,1,404444,404004,440
96690301,4.75965,2.96632,442,122640,0.404147,0.29,1,404449,404007,442
96693221,12.9519,4.59326,452,122640,0.344829,0.26,1,404464,404012,452
96696141,5.79039,14.5187,439,122640,0.340966,0.22,1,404468,404029,439
96699061,7.55808,6.10373,443,122640,0.268193,0.23,1,404476,404033,443
96701701,37.5116,5.22075,483,122640,0.365639,0.26,1,404521,404038,483
96704621,11.5023,41.8441,437,122640,0.369128,0.26,1,404526,404089,437
96707541,10.3005,11.5688,443,122640,0.369826,0.24,1,404536,404093,443
96710461,3.66009,6.31377,440,122640,0.369965,0.2,1,404538,404098,440
96713381,25.532,4.46275,467,122640,0.249993,0.23,1,404569,404102,467
96716301,48.3064,26.4926,489,122640,0.297999,0.29,1,404623,404134,489
96719221,12.0613,45.2985,442,122640,0.2996,0.35,1,404626,404184,442
96722141,13.6123,12.2597,452,122640,0.30792,0.36,1,404640,404188,452
96725061,4.32245,12.0519,442,122640,0.309584,0.36,1,404642,404200,442
96727981,2.46449,4.01039,442,122640,0.277917,0.35,1,404644,404202,442
96730821,9.2929,2.40208,451,122640,0.319583,0.37,1,404655,404204,451
96733741,5.85858,9.28042,445,122640,0.279917,0.35,1,404660,404215,445
96736661,11.5717,9.85608,448,122640,0.311983,0.28,1,404673,404225,448
96739581,27.1143,9.97122,469,122640,0.246397,0.34,1,404704,404235,469
96742501,15.0229,27.5942,449,122640,0.249279,0.29,1,404716,404267,449
96745421,11.0046,11.9188,451,122640,0.225856,0.38,1,404726,404275,451
96748341,6.20091,8.78377,448,122640,0.205171,0.4,1,404731,404283,448
96751261,5.24018,8.15675,445,122640,0.265034,0.43,1,404736,404291,445
96753701,2.64804,3.23135,445,122640,0.277007,0.37,1,404738,404293,445
96756621,2.12961,4.64627,442,122640,0.279401,0.42,1,404740,404298,442
96759541,3.62592,6.52925,439,122640,0.28788,0.36,1,404744,404305,439
96762461,3.12518,3.70585,439,122640,0.265576,0.32,1,404747,404308,439
96765141,11.825,3.94117,449,122640,0.229115,0.31,1,404761,404312,449
96768061,5.56501,6.38823,446,122640,0.157823,0.41,1,404765,404319,446
96770981,5.913,5.27765,447,122640,0.223565,0.43,1,404771,404324,447
96773041,2.7826,4.25553,445,122640,0.236713,0.41,1,404773,404328,445
96775961,5.35652,11.2511,438,122640,0.215343,0.36,1,404779,404341,438
96778881,23.4713,23.0502,440,122640,0.195069,0.31,1,404807,404367,440
96781801,6.29426,6.21004,440,122640,0.159014,0.38,1,404809,404369,440
96784721,18.8589,22.042,436,122640,0.183803,0.35,1,404831,404395,436
96787641,6.97177,7.6084,436,122640,0.228761,0.3,1,404835,404399,436
96790561,11.7944,10.3217,438,122640,0.253752,0.41,1,404848,404410,438
96793481,3.95887,3.66434,438,122640,0.22675,0.3,1,404850,404412,438
96795921,5.59177,5.53287,438,122640,0.28535,0.35,1,404856,404418,438
96798841,9.11835,5.10657,443,122640,0.22507,0.36,1,404866,404423,443
96801761,11.4237,8.22131,446,122640,0.261014,0.26,1,404878,404432,446
96804681,4.68473,6.44426,443,122640,0.220203,0.26,1,404881,404438,443
96806321,1.73695,2.88885,442,122640,0.204041,0.26,1,404882,404440,442
96809241,1.94739,3.77777,440,122640,0.224808,0.44,1,404884,404444,440
96812161,3.58948,4.75555,439,122640,0.204962,0.33,1,404888,404449,439
96815081,9.5179,12.9511,435,122640,0.272992,0.34,1,404899,404464,435
96818001,6.70358,5.79022,437,122640,0.230598,0.25,1,404905,404468,437
96820921,7.74072,7.55804,437,122640,0.23812,0.39,1,404913,404476,437
96823841,37.5481,37.5116,437,122640,0.135624,0.37,1,404958,404521,437
96826761,13.9096,11.5023,440,122640,0.203125,0.37,1,404966,404526,440
96829681,7.58193,10.3005,436,122640,0.184625,0.37,1,404972,404536,436
96832601,4.71639,3.66009,438,122640,0.148925,0.22,1,404976,404538,438
96835521,24.1433,25.532,436,122640,0.205785,0.31,1,405005,404569,436
96838441,47.2287,48.3064,435,122640,0.129157,0.3,1,405058,404623,435
96841361,11.8457,12.0613,435,122640,0.145831,0.31,1,405061,404626,435
96844281,16.7691,13.6123,439,122640,0.165166,0.31,1,405079,404640,439
96847201,4.95383,4.32245,439,122640,0.137033,0.27,1,405081,404642,439
96850001,2.59077,2.46449,439,122640,0.107407,0.33,1,405083,404644,439
96852921,5.31815,9.2929,434,122640,0.229481,0.27,1,405089,404655,434
96855841,9.86363,5.85858,440,122640,0.261896,0.32,1,405100,404660,440
96858761,9.97273,11.5717,437,122640,0.132379,0.23,1,405110,404673,437
96861681,25.1945,27.1143,435,122640,0.0904758,0.25,1,405139,404704,435
96864601,13.0389,15.0229,433,122640,0.138095,0.22,1,405149,404716,433
96867521,12.2078,11.0046,435,122640,0.235619,0.2,1,405161,404726,435
96870441,5.64156,6.20091,434,122640,0.263124,0.28,1,405165,404731,434
96872881,5.12831,5.24018,434,122640,0.204625,0.28,1,405170,404736,434
96875801,2.62566,2.64804,434,122640,0.192925,0.28,1,405172,404738,434
96878721,2.12513,2.12961,434,122640,0.190585,0.29,1,405174,404740,434
96881641,4.42503,3.62592,435,122640,0.214117,0.26,1,405179,404744,435
96884561,2.48501,3.12518,434,122640,0.218823,0.22,1,405181,404747,434
96887481,11.697,11.825,434,122640,0.171765,0.14,1,405195,404761,434
96890401,6.3394,5.56501,435,122640,0.106353,0.24,1,405200,404765,435
96892641,4.46788,5.913,433,122640,0.101271,0.27,1,405204,404771,433
96895561,5.69358,5.1826,434,122640,0.188254,0.21,1,405210,404776,434
96898481,3.53872,3.43652,434,122640,0.237651,0.19,1,405213,404779,434
96901401,23.9077,23.0873,435,122640,0.19153,0.15,1,405242,404807,435
96904321,6.38155,6.21746,435,122640,0.158306,0.19,1,405244,404809,435
96907241,19.6763,18.8435,436,122640,0.151661,0.24,1,405267,404831,436
96910161,7.13526,6.9687,436,122640,0.150332,0.26,1,405271,404835,436
96913081,10.2271,11.7937,434,122640,0.214066,0.22,1,405282,404848,434
96916001,3.64541,3.95875,434,122640,0.194813,0.3,1,405284,404850,434
96918921,14.3291,5.59175,445,122640,0.150963,0.21,1,405301,404856,445
96921841,9.26582,9.11835,443,122640,0.238193,0.27,1,405309,404866,443
96924761,3.45316,11.4237,433,122640,0.255639,0.21,1,405311,404878,433
96927681,2.29063,4.68473,432,122640,0.267128,0.23,1,405313,404881,432
96930501,7.65813,3.33695,438,122640,0.197426,0.2,1,405322,404884,438
96933421,3.13163,3.86739,436,122640,0.151485,0.29,1,405324,404888,436
96936341,7.02633,9.57348,433,122640,0.142297,0.22,1,405332,404899,433
96939261,5.40526,6.7147,432,122640,0.156459,0.24,1,405337,404905,432
96942181,7.48105,7.74294,432,122640,0.191292,0.11,1,405345,404913,432
96945101,37.4962,37.5486,432,122640,0.230258,0.22,1,405390,404958,432
96948021,12.2992,13.9097,430,122640,0.158052,0.18,1,405396,404966,430
96950941,7.25985,7.58194,430,122640,0.27161,0.14,1,405402,404972,430
96953861,4.65197,4.71639,430,122640,0.262322,0.22,1,405406,404976,430
96956781,24.1304,24.1433,430,122640,0.140464,0.11,1,405435,405005,430
96959701,47.2261,47.2287,430,122640,0.148093,0.15,1,405488,405058,430
96962621,15.8452,11.8457,435,122640,0.189619,0.17,1,405496,405061,435
96965541,16.769,16.7691,434,122640,0.181924,0.13,1,405513,405079,434
96968461,4.95381,4.95383,434,122640,0.148385,0.1,1,405515,405081,434
96971381,2.59076,2.59077,434,122640,0.117677,0.1,1,405517,405083,434
96973141,4.51815,0.518153,439,122640,0.255535,0.26,1,405522,405083,439
96976061,4.10363,4.90363,437,122640,0.291107,0.27,1,405526,405089,437
96978981,12.0207,9.78073,440,122640,0.258221,0.1,1,405540,405100,440
96981901,25.6041,9.95615,459,122640,0.163644,0.08,1,405569,405110,459
96984821,15.5208,25.1912,443,122640,0.144729,0.15,1,405582,405139,443
96987741,9.50417,13.0382,441,122640,0.108946,0.26,1,405590,405149,441
96990661,5.90083,12.2076,434,122640,0.213789,0.27,1,405595,405161,434
96993581,5.98017,5.64153,436,122640,0.266758,0.19,1,405601,405165,436
96995601,1.99603,5.12831,432,122640,0.261352,0.28,1,405602,405170,432
96998521,1.99921,5.82566,428,122640,0.26027,0.28,1,405604,405176,428
97001441,2.79984,1.16513,431,122640,0.236054,0.22,1,405607,405176,431
97004361,4.55997,2.63303,433,122640,0.175211,0.22,1,405612,405179,433
97007281,7.31199,2.12661,439,122640,0.131042,0.16,1,405620,405181,439
97010201,11.0624,11.6253,437,122640,0.210208,0.09,1,405632,405195,437
97013121,6.21248,6.32506,437,122640,0.194042,0.1,1,405637,405200,437
97016041,5.2425,4.46501,438,122640,0.110808,0.21,1,405642,405204,438
97018961,5.0485,5.693,437,122640,0.230162,0.25,1,405647,405210,437
97020561,1.8097,3.5386,435,122640,0.270032,0.18,1,405648,405213,435
97023481,21.1619,23.9077,432,122640,0.150006,0.15,1,405674,405242,432
97026401,5.83239,6.38154,432,122640,0.118001,0.15,1,405676,405244,432
97029321,18.7665,19.6763,431,122640,0.1596,0.15,1,405698,405267,431
97032241,8.5533,7.13526,433,122640,0.22392,0.23,1,405704,405271,433
97035161,8.11066,10.2271,430,122640,0.148784,0.19,1,405712,405282,430
97038081,3.22213,3.64541,430,122640,0.133757,0.14,1,405714,405284,430
97041001,17.4444,14.3291,434,122640,0.154751,0.26,1,405735,405301,434
97043921,6.68889,9.26582,430,122640,0.15095,0.26,1,405739,405309,430
97046561,2.93778,3.45316,430,122640,0.15019,0.23,1,405741,405311,430
97049481,3.78756,3.89063,430,122640,0.182038,0.18,1,405745,405315,430
97052401,5.55751,6.37813,429,122640,0.252408,0.14,1,405751,405322,429
97055321,2.7115,2.87563,429,122640,0.258482,0.14,1,405753,405324,429
97058241,8.5423,6.97513,431,122640,0.259696,0.16,1,405763,405332,431
97061161,4.90846,5.39502,430,122640,0.259939,0.2,1,405767,405337,430
97064081,8.98169,7.47901,432,122640,0.259988,0.24,1,405777,405345,432
97067001,40.9963,37.4958,436,122640,0.291998,0.14,1,405826,405390,436
97069921,11.3993,12.2992,434,122640,0.2504,0.3,1,405830,405396,434
97072561,5.47985,7.25983,432,122640,0.25808,0.26,1,405834,405402,432
97075481,5.89597,4.65197,434,122640,0.227616,0.11,1,405840,405406,434
97078401,21.9792,24.1304,431,122640,0.277523,0.15,1,405866,405435,431
97081321,47.5958,47.2261,432,122640,0.271505,0.2,1,405920,405488,432
97084241,17.5192,15.8452,434,122640,0.214301,0.18,1,405930,405496,434
97087161,17.1038,16.769,434,122640,0.27486,0.14,1,405947,405513,434
97090081,5.02077,4.95381,434,122640,0.286972,0.11,1,405949,405515,434
97093001,2.60415,2.59076,434,122640,0.281394,0.11,1,405951,405517,434
97094821,4.52083,0.518152,439,122640,0.240279,0.3,1,405956,405517,439
97097741,4.10417,7.30363,434,122640,0.328056,0.25,1,405960,405526,434
97100661,9.62083,12.6607,431,122640,0.345611,0.14,1,405971,405540,431
97103581,22.7242,25.7321,428,122640,0.229122,0.14,1,405997,405569,428
97106501,14.1448,15.5464,427,122640,0.277824,0.1,1,406009,405582,427
97109421,14.829,9.50929,434,122640,0.295565,0.24,1,406024,405590,434
97112341,6.16579,5.90186,433,122640,0.235113,0.28,1,406028,405595,433
97115201,2.83316,5.98037,429,122640,0.231023,0.26,1,406030,405601,429
97118121,2.16663,1.99607,430,122640,0.238205,0.26,1,406032,405602,430
97121041,2.03333,1.99921,430,122640,0.239641,0.23,1,406034,405604,430
97123961,2.00667,2.79984,429,122640,0.287928,0.16,1,406036,405607,429
97126881,2.00133,4.55997,426,122640,0.305586,0.12,1,406038,405612,426
97129801,11.6003,7.31199,432,122640,0.277117,0.23,1,406052,405620,432
97132721,7.12005,11.0624,426,122640,0.183423,0.19,1,406058,405632,426
97135641,11.824,6.21248,434,122640,0.244685,0.09,1,406071,405637,434
97138561,5.5648,5.2425,433,122640,0.232937,0.26,1,406075,405642,433
97141481,5.91296,5.0485,434,122640,0.294587,0.28,1,406081,405647,434
97144401,19.5826,1.8097,456,122640,0.234917,0.12,1,406104,405648,456
97147321,8.71652,21.1619,436,122640,0.166983,0.11,1,406110,405674,436
97150241,16.1433,5.83239,452,122640,0.201397,0.17,1,406128,405676,452
97153161,6.42866,18.7665,434,122640,0.200279,0.24,1,406132,405698,434
97156081,10.8857,8.5533,440,122640,0.232056,0.13,1,406144,405704,440
97159001,3.77715,8.11066,434,122640,0.230411,0.13,1,406146,405712,434
97161921,16.7554,3.22213,452,122640,0.222082,0.16,1,406166,405714,452
97164841,9.75109,17.4444,439,122640,0.124416,0.15,1,406174,405735,439
97167761,3.55022,6.68889,437,122640,0.160883,0.15,1,406176,405739,437
97169701,1.51004,2.93778,436,122640,0.176177,0.19,1,406177,405741,436
97172621,6.70201,3.78756,440,122640,0.203235,0.27,1,406185,405745,440
97175541,2.9404,5.55751,436,122640,0.208647,0.26,1,406187,405751,436
97178461,8.58808,2.7115,444,122640,0.249729,0.26,1,406197,405753,444
97181381,4.91762,8.5423,438,122640,0.257946,0.26,1,406201,405763,438
97184261,4.18352,4.90846,438,122640,0.227589,0.26,1,406205,405767,438
97187181,43.2367,8.98169,481,122640,0.221518,0.3,1,406258,405777,481
97190101,11.8473,40.9963,436,122640,0.220304,0.24,1,406262,405826,436
97193021,8.76947,11.3993,440,122640,0.140061,0.26,1,406270,405830,440
97195701,3.35389,5.47985,438,122640,0.132012,0.22,1,406272,405834,438
97198621,19.8708,5.89597,456,122640,0.146402,0.29,1,406296,405840,456
97201541,48.7742,21.9792,486,122640,0.18928,0.27,1,406352,405866,486
97204461,21.7548,47.5958,447,122640,0.189856,0.2,1,406367,405920,447
97207381,18.751,17.5192,455,122640,0.189971,0.29,1,406385,405930,455
97210301,5.35019,17.1038,440,122640,0.229994,0.29,1,406387,405947,440
97213221,2.67004,5.02077,440,122640,0.229999,0.28,1,406389,405949,440
97215041,1.33401,2.60415,439,122640,0.214,0.23,1,406390,405951,439
97217961,5.8668,4.52083,441,122640,0.1308,0.35,1,406397,405956,441
97220881,5.97336,4.10417,443,122640,0.21016,0.35,1,406403,405960,443
97223801,25.1947,9.62083,462,122640,0.154032,0.2,1,406433,405971,462
97226721,12.2389,22.7242,445,122640,0.110806,0.29,1,406442,405997,445
97229641,14.4478,14.1448,448,122640,0.142161,0.3,1,406457,406009,448
97232561,9.28956,14.829,441,122640,0.228432,0.22,1,406465,406024,441
97235481,3.45791,6.16579,439,122640,0.245686,0.23,1,406467,406028,439
97238341,2.29158,2.83316,439,122640,0.249137,0.31,1,406469,406030,439
97241261,2.05832,6.96663,433,122640,0.209827,0.31,1,406471,406038,433
97244181,2.01166,1.39333,435,122640,0.169965,0.31,1,406473,406038,435
97247101,2.00233,0.278665,437,122640,0.217993,0.31,1,406475,406038,437
97250021,10.8005,0.055733,450,122640,0.211599,0.27,1,406488,406038,450
97252941,5.36009,11.2111,440,122640,0.21832,0.16,1,406492,406052,440
97255861,12.272,7.04223,448,122640,0.219664,0.26,1,406506,406058,448
97258781,5.6544,11.8084,439,122640,0.179933,0.23,1,406510,406071,439
97261701,5.93088,5.56169,441,122640,0.219987,0.31,1,406516,406075,441
97264341,11.5862,5.91234,448,122640,0.235997,0.22,1,406529,406081,448
97267261,4.71724,19.5825,428,122640,0.263199,0.15,1,406532,406104,428
97270181,19.3434,8.71649,445,122640,0.20464,0.21,1,406555,406110,445
97273101,7.86869,16.1433,432,122640,0.120928,0.2,1,406560,406128,432
97276021,14.3737,6.42866,444,122640,0.120186,0.24,1,406576,406132,444
97278941,4.47475,10.8857,434,122640,0.216037,0.23,1,406578,406144,434
97281861,14.4949,3.77715,449,122640,0.219207,0.22,1,406595,406146,449
97284781,10.899,16.7554,439,122640,0.243841,0.1,1,406605,406166,439
97287701,3.7798,9.75109,433,122640,0.256768,0.17,1,406607,406174,433
97290621,2.35596,3.55022,433,122640,0.259354,0.18,1,406609,406176,433
97293541,4.47119,1.51004,437,122640,0.227871,0.21,1,406614,406177,437
97296461,6.49424,6.70201,436,122640,0.285574,0.21,1,406621,406185,436
97299381,6.09885,2.9404,440,122640,0.273115,0.26,1,406627,406187,440
97302301,7.61977,8.58808,438,122640,0.214623,0.26,1,406635,406197,438
97305221,4.72395,4.91762,438,122640,0.194925,0.22,1,406639,406201,438
97308021,37.7448,4.18352,480,122640,0.254985,0.22,1,406685,406205,480
97310941,10.749,43.2367,431,122640,0.274997,0.22,1,406689,406258,431
97313861,11.7498,11.8473,439,122640,0.270999,0.12,1,406701,406262,439
97316341,4.74996,8.76947,434,122640,0.2462,0.13,1,406704,406270,434
97319261,19.35,3.35389,455,122640,0.23324,0.15,1,406727,406272,455
97322181,49.47,19.8708,488,122640,0.230648,0.2,1,406784,406296,488
97325101,20.294,48.7742,445,122640,0.22213,0.19,1,406797,406352,445
97328021,15.2588,21.7548,444,122640,0.244426,0.19,1,406811,406367,444
97330941,4.65176,18.751,428,122640,0.280885,0.24,1,406813,406385,428
97333861,3.33035,5.35019,429,122640,0.264177,0.23,1,406816,406387,429
97336101,11.0661,2.67004,440,122640,0.252835,0.28,1,406829,406389,440
97339021,3.81321,8.53401,432,122640,0.250567,0.28,1,406831,406399,432
97341941,5.56264,1.7068,438,122640,0.210113,0.23,1,406837,406399,438
97344861,20.3125,3.54136,458,122640,0.202023,0.14,1,406861,406403,458
97347781,14.4625,24.7083,441,122640,0.256405,0.1,1,406874,406433,441
97350701,15.6925,12.1417,448,122640,0.243281,0.15,1,406890,406442,448
97353621,9.5385,14.4283,441,122640,0.248656,0.25,1,406898,406457,441
97356541,3.5077,9.28567,435,122640,0.305731,0.25,1,406900,406465,435
97358981,2.30154,3.45713,435,122640,0.309146,0.25,1,406902,406467,435
97361901,2.06031,2.29143,435,122640,0.277829,0.2,1,406904,406469,435
97364821,2.01206,2.05829,435,122640,0.239566,0.16,1,406906,406471,435
97367301,2.00241,2.01166,435,122640,0.295913,0.27,1,406908,406473,435
97370221,5.20048,3.60233,437,122640,0.307183,0.21,1,406914,406477,437
97373141,9.8401,9.52047,437,122640,0.325437,0.22,1,406925,406488,437
97376061,12.368,5.10409,446,122640,0.209087,0.22,1,406938,406492,446
97378981,5.6736,12.2208,436,122640,0.241817,0.17,1,406942,406506,436
97381901,4.33472,5.64416,436,122640,0.176363,0.23,1,406946,406510,436
97384821,14.4669,5.92883,447,122640,0.283273,0.24,1,406963,406516,447
97387741,4.49339,11.5858,436,122640,0.272655,0.27,1,406965,406529,436
97390661,18.4987,4.71715,455,122640,0.230531,0.19,1,406987,406532,455
97393581,6.89974,19.3434,436,122640,0.198106,0.1,1,406991,406555,436
97396501,10.9799,7.86869,443,122640,0.223621,0.12,1,407003,406560,443
97399421,10.196,14.3737,437,122640,0.220724,0.24,1,407013,406576,437
97402341,14.8392,4.47475,451,122640,0.132145,0.22,1,407029,406578,451
97405261,9.36784,14.4949,442,122640,0.202429,0.25,1,407037,406595,442
97408181,6.67357,10.899,438,122640,0.256486,0.26,1,407043,406605,438
97411101,2.93471,3.7798,438,122640,0.243297,0.26,1,407045,406607,438
97412641,1.38694,2.35596,437,122640,0.248659,0.22,1,407046,406609,437
97415561,3.47739,4.47119,436,122640,0.225732,0.3,1,407050,406614,436
97418481,2.29548,6.49424,431,122640,0.189146,0.27,1,407052,406621,431
97421401,5.2591,6.09885,431,122640,0.261829,0.2,1,407058,406627,431
97424321,9.05182,7.61977,433,122640,0.284366,0.19,1,407068,406635,433
97427241,8.21036,4.72395,437,122640,0.208873,0.27,1,407076,406639,437
97430161,37.6421,37.7448,436,122640,0.177775,0.28,1,407121,406685,436
97433081,10.7284,10.749,436,122640,0.139555,0.27,1,407125,406689,436
97436001,11.7457,11.7498,436,122640,0.203911,0.24,1,407137,406701,436
97438921,3.94914,4.74996,435,122640,0.208782,0.23,1,407139,406704,435
97441841,20.7898,19.35,437,122640,0.129756,0.23,1,407164,406727,437
97444761,48.158,49.47,435,122640,0.0579513,0.22,1,407219,406784,435
97447681,16.8316,20.294,431,122640,0.18759,0.25,1,407228,406797,431
97450601,16.1663,15.2588,433,122640,0.197518,0.29,1,407244,406811,433
97453521,4.83326,4.65176,433,122640,0.167504,0.26,1,407246,406813,433
97456441,5.76665,3.33035,436,122640,0.217501,0.25,1,407252,406816,436
97459361,13.9533,11.0661,439,122640,0.2515,0.25,1,407268,406829,439
97462281,7.59067,3.81321,443,122640,0.1863,0.2,1,407274,406831,443
97465201,19.9181,5.56264,460,122640,0.19726,0.2,1,407297,406837,460
97468121,8.78363,20.3125,442,122640,0.191452,0.27,1,407303,406861,442
97471041,20.9567,14.4625,453,122640,0.15029,0.24,1,407327,406874,453
97473961,10.5913,15.6925,445,122640,0.158058,0.25,1,407335,406890,445
97476881,3.71827,9.5385,439,122640,0.127612,0.32,1,407337,406898,439
97479621,2.34365,3.5077,439,122640,0.129522,0.31,1,407339,406900,439
97482541,2.06873,2.30154,439,122640,0.153904,0.27,1,407341,406902,439
97485461,2.01375,2.06031,439,122640,0.126781,0.23,1,407343,406904,439
97488381,2.00275,2.01206,439,122640,0.121356,0.31,1,407345,406906,439
97491061,5.20055,2.00241,443,122640,0.136271,0.31,1,407351,406908,443
97493981,4.24011,5.20048,441,122640,0.131254,0.33,1,407355,406914,441
97496901,11.248,9.8401,443,122640,0.186251,0.18,1,407368,406925,443
97499821,5.4496,12.368,434,122640,0.18925,0.25,1,407372,406938,434
97502741,9.88992,5.6736,441,122640,0.19785,0.16,1,407383,406942,441
97505621,12.378,4.33472,450,122640,0.07957,0.31,1,407396,406946,450
97508541,4.8756,14.4669,436,122640,0.183914,0.27,1,407399,406963,436
97511461,16.9751,4.49339,454,122640,0.188783,0.22,1,407419,406965,454
97514381,6.59502,18.4987,436,122640,0.165757,0.19,1,407423,406987,436
97517301,10.119,6.89974,443,122640,0.145151,0.23,1,407434,406991,443
97520221,10.0238,10.9799,441,122640,0.21303,0.22,1,407444,407003,441
97523141,14.8048,10.196,447,122640,0.090606,0.11,1,407460,407013,447
97526061,10.961,14.8392,441,122640,0.130121,0.22,1,407470,407029,441
97528981,3.79219,9.36784,435,122640,0.138024,0.27,1,407472,407037,435
97531901,3.95844,6.67357,433,122640,0.155605,0.24,1,407476,407043,433
97534821,5.59169,2.93471,437,122640,0.127121,0.22,1,407482,407045,437
97536821,3.51834,4.58694,435,122640,0.113424,0.18,1,407485,407050,435
97539741,2.30367,2.51739,435,122640,0.158685,0.28,1,407487,407052,435
97542661,5.26073,5.30348,435,122640,0.103737,0.29,1,407493,407058,435
97545581,9.05215,9.0607,435,122640,0.172747,0.19,1,407503,407068,435
97548501,6.61043,8.21214,433,122640,0.170549,0.17,1,407509,407076,433
97551421,35.7221,37.6424,431,122640,0.15411,0.13,1,407552,407121,431
97554341,10.3444,10.7285,431,122640,0.214822,0.22,1,407556,407125,431
97557261,13.2689,11.7457,433,122640,0.274964,0.21,1,407570,407137,433
97560181,4.25378,3.94914,433,122640,0.262993,0.11,1,407572,407139,433
97563101,20.8508,20.7898,433,122640,0.204599,0.04,1,407597,407164,433
97566021,46.5702,48.158,431,122640,0.16892,0.22,1,407650,407219,431
97568941,15.714,16.8316,430,122640,0.0897839,0.2,1,407658,407228,430
97571861,17.5428,16.1663,432,122640,0.121957,0.16,1,407676,407244,432
97574781,6.70856,4.83326,434,122640,0.120391,0.23,1,407680,407246,434
97577701,2.94171,5.76665,430,122640,0.0960783,0.23,1,407682,407252,430
97579461,10.1883,1.15333,442,122640,0.227216,0.26,1,407694,407252,442
97582381,11.6377,13.0307,438,122640,0.125443,0.17,1,407706,407268,438
97585301,17.5275,7.40613,451,122640,0.185089,0.2,1,407725,407274,451
97588221,11.5055,19.8812,438,122640,0.157018,0.19,1,407735,407297,438
97591141,17.5011,8.77625,451,122640,0.0794035,0.14,1,407754,407303,451
97594061,9.90022,20.9552,435,122640,0.159881,0.16,1,407762,407327,435
97596981,3.58004,10.591,429,122640,0.175976,0.12,1,407764,407335,429
97599901,2.31601,3.71821,429,122640,0.179195,0.13,1,407766,407337,429
97601921,1.2632,2.34364,428,122640,0.203839,0.12,1,407767,407339,428
97604841,5.05264,5.26873,428,122640,0.192768,0.12,1,407773,407345,428
97607761,2.61053,1.05375,430,122640,0.222554,0.12,1,407775,407345,430
97610681,2.12211,0.210749,432,122640,0.220511,0.14,1,407777,407345,432
97613601,5.22442,4.84215,432,122640,0.164102,0.13,1,407783,407351,432
97616521,4.24488,4.16843,432,122640,0.18482,0.2,1,407787,407355,432
97619441,7.24898,11.2337,427,122640,0.228964,0.19,1,407795,407368,427
97622361,7.8498,5.44674,431,122640,0.229793,0.2,1,407803,407372,431
97625281,5.56996,9.88935,425,122640,0.213959,0.05,1,407808,407383,425
97628201,15.514,12.3779,430,122640,0.226792,0.21,1,407826,407396,430
97631121,4.7028,4.87557,429,122640,0.197358,0.19,1,407828,407399,429
97634041,16.1406,16.9751,428,122640,0.263472,0.16,1,407847,407419,428
97636961,6.42811,6.59502,428,122640,0.212694,0.14,1,407851,407423,428
97639881,14.0856,10.119,433,122640,0.186539,0.23,1,407867,407434,433
97642801,4.41712,10.0238,425,122640,0.149308,0.06,1,407869,407444,425
97645721,16.0834,14.8048,428,122640,0.141862,0.14,1,407888,407460,428
97648641,11.2167,10.961,428,122640,0.252372,0.14,1,407898,407470,428
97651561,3.84334,3.79219,428,122640,0.274474,0.16,1,407900,407472,428
97653921,5.56867,3.95844,430,122640,0.222895,0.12,1,407906,407476,430
97656841,2.71373,5.59169,426,122640,0.180579,0.11,1,407908,407482,426
97659761,5.34275,3.51834,429,122640,0.244116,0.17,1,407914,407485,429
97662681,9.06855,2.30367,437,122640,0.248823,0.09,1,407924,407487,437
97665601,5.01371,5.26073,435,122640,0.225765,0.19,1,407928,407493,435
97668521,4.20274,9.05215,429,122640,0.189153,0.17,1,407932,407503,429
97671441,41.6405,6.61043,474,122640,0.293831,0.15,1,407983,407509,474
97674361,14.7281,35.7221,439,122640,0.218766,0.23,1,407991,407552,439
97677281,8.54562,10.3444,442,122640,0.243753,0.29,1,407998,407556,442
97680201,8.10912,13.2689,436,122640,0.200751,0.26,1,408006,407570,436
97683121,15.2218,4.25378,451,122640,0.25615,0.19,1,408023,407572,451
97686041,43.0444,20.8508,476,122640,0.25923,0.16,1,408073,407597,476
97688961,20.6089,46.5702,438,122640,0.219846,0.07,1,408088,407650,438
97691881,19.3218,15.714,449,122640,0.227969,0.13,1,408107,407658,449
97694801,5.46435,17.5428,433,122640,0.245594,0.12,1,408109,407676,433
97697721,3.49287,6.70856,432,122640,0.225119,0.09,1,408112,407680,432
97699681,2.29857,2.94171,432,122640,0.213024,0.26,1,408114,407682,432
97702601,14.8597,10.1883,438,122640,0.290605,0.1,1,408132,407694,438
97705521,19.7719,11.6377,447,122640,0.242121,0.2,1,408153,407706,447
97708441,11.9544,17.5275,438,122640,0.272424,0.15,1,408163,407725,438
97711361,18.3909,11.5055,448,122640,0.238485,0.06,1,408183,407735,448
97714281,10.0782,17.5011,437,122640,0.295697,0.18,1,408191,407754,437
97717201,4.41564,9.90022,432,122640,0.323139,0.18,1,408194,407762,432
97719861,3.28313,3.58004,433,122640,0.272628,0.18,1,408197,407764,433
97722781,2.25663,2.31601,433,122640,0.230526,0.21,1,408199,407766,433
97725701,2.05133,1.2632,434,122640,0.222105,0.19,1,408201,407767,434
97727761,5.21027,5.05264,434,122640,0.204421,0.22,1,408207,407773,434
97730681,2.64205,4.21053,432,122640,0.184884,0.22,1,408209,407777,432
97733601,5.32841,0.842106,438,122640,0.180977,0.15,1,408215,407777,438
97736521,5.06568,4.96842,437,122640,0.244195,0.19,1,408220,407783,437
97739441,7.41314,4.19368,441,122640,0.264839,0.24,1,408228,407787,441
97742361,6.28263,7.23874,439,122640,0.236968,0.23,1,408234,407795,439
97745281,7.65653,7.84775,439,122640,0.151394,0.21,1,408242,407803,439
97748201,15.1313,5.56955,451,122640,0.222279,0.23,1,408259,407808,451
97751121,4.62626,15.5139,435,122640,0.204456,0.19,1,408261,407826,435
97754041,13.7253,4.70278,449,122640,0.200891,0.28,1,408277,407828,449
97756961,9.14505,16.1406,438,122640,0.208178,0.2,1,408285,407847,438
97759881,9.02901,6.42811,443,122640,0.153636,0.18,1,408294,407851,443
97762801,9.0058,14.0856,436,122640,0.126727,0.14,1,408303,407867,436
97765721,18.6012,4.41712,455,122640,0.217345,0.14,1,408324,407869,455
97768641,6.92023,16.0834,440,122640,0.195469,0.28,1,408328,407888,440
97771561,3.78405,11.2167,433,122640,0.175094,0.28,1,408331,407898,433
97774481,6.35681,3.84334,438,122640,0.171019,0.21,1,408338,407900,438
97777401,2.87136,5.56867,434,122640,0.178204,0.17,1,408340,407906,434
97780321,6.97427,2.71373,440,122640,0.147641,0.26,1,408348,407908,440
97783241,6.99485,5.34275,441,122640,0.133528,0.25,1,408355,407914,441
97786161,5.39897,9.06855,436,122640,0.202706,0.22,1,408360,407924,436
97789081,4.27979,5.01371,436,122640,0.216541,0.18,1,408364,407928,436
97791621,40.856,4.20274,482,122640,0.155308,0.32,1,408414,407932,482
97794541,14.5712,41.6405,439,122640,0.255062,0.2,1,408422,407983,439
97797461,7.71424,14.7281,437,122640,0.243012,0.25,1,408428,407991,437
97800381,7.14285,8.54562,437,122640,0.288602,0.19,1,408435,407998,437
97803301,19.0286,8.10912,451,122640,0.305721,0.27,1,408457,408006,451
97806221,41.4057,15.2218,481,122640,0.269144,0.26,1,408504,408023,481
97809141,17.0811,43.0444,442,122640,0.293829,0.21,1,408515,408073,442
97812061,19.4162,20.6089,447,122640,0.226766,0.23,1,408535,408088,447
97814981,5.48325,19.3218,430,122640,0.221353,0.25,1,408537,408107,430
97817901,3.49665,5.46435,431,122640,0.268271,0.22,1,408540,408109,431
97820741,7.09933,3.49287,436,122640,0.269654,0.21,1,408548,408112,436
97823661,12.6199,2.29857,448,122640,0.293931,0.31,1,408562,408114,448
97826581,24.124,14.8597,457,122640,0.274786,0.23,1,408589,408132,457
97829501,9.62479,19.7719,442,122640,0.238957,0.28,1,408595,408153,442
97832421,20.325,11.9544,455,122640,0.231791,0.23,1,408618,408163,455
97835341,7.26499,18.3909,439,122640,0.158358,0.31,1,408622,408183,439
97838261,4.653,10.0782,435,122640,0.199672,0.33,1,408626,408191,435
97841181,2.5306,4.41564,434,122640,0.255934,0.22,1,408628,408194,434
97844101,2.10612,4.88313,431,122640,0.267187,0.22,1,408630,408199,431
97847021,3.62122,2.57663,433,122640,0.293437,0.22,1,408634,408201,433
97848821,4.72424,0.515325,438,122640,0.258687,0.2,1,408639,408201,438
97851741,2.54485,4.90307,434,122640,0.219738,0.18,1,408641,408207,434
97854661,6.90897,2.58061,440,122640,0.219948,0.18,1,408649,408209,440
97857581,4.58179,5.31612,438,122640,0.29199,0.26,1,408653,408215,438
97860501,4.11636,5.06322,437,122640,0.282398,0.27,1,408657,408220,437
97863421,3.22327,7.41264,432,122640,0.29648,0.23,1,408660,408228,432
97866341,10.2447,6.28253,438,122640,0.299296,0.13,1,408672,408234,438
97869261,17.2489,7.65651,449,122640,0.323859,0.24,1,408691,408242,449
97872181,5.04979,15.1313,434,122640,0.296772,0.2,1,408693,408259,434
97875101,12.21,4.62626,446,122640,0.219354,0.2,1,408707,408261,446
97878021,6.44199,13.7253,435,122640,0.331871,0.21,1,408712,408277,435
97880941,7.6884,9.14505,435,122640,0.346374,0.14,1,408720,408285,435
97883861,8.73768,9.02901,435,122640,0.333275,0.12,1,408729,408294,435
97886781,18.5475,9.0058,447,122640,0.282655,0.24,1,408750,408303,447
97889701,10.1095,18.6012,434,122640,0.336531,0.19,1,408758,408324,434
97892621,6.8219,6.92023,436,122640,0.339306,0.17,1,408764,408328,436
97895541,2.96438,3.78405,435,122640,0.307861,0.17,1,408766,408331,435
97898461,2.19288,6.35681,430,122640,0.269572,0.18,1,408768,408338,430
97901381,9.23858,2.87136,439,122640,0.357914,0.14,1,408779,408340,439
97904301,7.44771,6.97427,438,122640,0.295583,0.13,1,408786,408348,438
97907221,5.48954,6.99485,436,122640,0.251117,0.22,1,408791,408355,436
97910141,4.29791,5.39897,435,122640,0.234223,0.22,1,408795,408360,435
97912261,44.0596,4.27979,485,122640,0.318845,0.14,1,408849,408364,485
97915181,12.0119,40.856,439,122640,0.327769,0.28,1,408853,408414,439
97918101,10.4024,14.5712,441,122640,0.353554,0.24,1,408863,408422,441
97921021,5.28048,7.71424,439,122640,0.318711,0.3,1,408867,408428,439
97923941,20.2561,7.14285,456,122640,0.207742,0.31,1,408891,408435,456
97926861,43.2512,19.0286,483,122640,0.257548,0.26,1,408940,408457,483
97929781,14.2502,41.4057,443,122640,0.23551,0.3,1,408947,408504,443
97932701,20.45,17.0811,454,122640,0.287102,0.21,1,408969,408515,454
97935621,5.69001,19.4162,436,122640,0.34542,0.22,1,408971,408535,436
97938541,2.738,5.48325,436,122640,0.325084,0.28,1,408973,408537,436
97941381,3.7476,3.49665,437,122640,0.297017,0.27,1,408977,408540,437
97944301,16.7495,7.09933,449,122640,0.307403,0.3,1,408997,408548,449
97947221,22.5499,12.6199,459,122640,0.349481,0.27,1,409021,408562,459
97950141,12.51,24.124,442,122640,0.325896,0.23,1,409031,408589,442
97953061,19.302,9.62479,457,122640,0.377179,0.23,1,409052,408595,457
97955981,8.6604,20.325,440,122640,0.331436,0.14,1,409058,408618,440
97958901,3.33208,7.26499,438,122640,0.290287,0.21,1,409060,408622,438
97961141,3.86642,4.653,438,122640,0.378057,0.32,1,409064,408626,438
97964061,2.37328,6.5306,433,122640,0.363611,0.32,1,409066,408633,433
97966981,2.07466,1.30612,435,122640,0.384722,0.3,1,409068,408633,435
97969901,3.61493,1.06122,438,122640,0.388944,0.25,1,409072,408634,438
97972821,2.32299,4.21224,435,122640,0.381789,0.21,1,409074,408639,435
97975701,9.2646,2.44245,444,122640,0.388358,0.22,1,409085,408641,444
97978621,5.05292,6.88849,440,122640,0.333672,0.31,1,409089,408649,440
97981541,5.81058,4.5777,442,122640,0.378734,0.28,1,409095,408653,442
97984021,2.76212,4.11554,440,122640,0.387747,0.3,1,409097,408657,440
97986941,6.95242,3.22311,445,122640,0.405549,0.3,1,409105,408660,445
97989861,14.9905,10.2446,450,122640,0.36111,0.33,1,409122,408672,450
97992781,4.5981,17.2489,433,122640,0.376222,0.29,1,409124,408691,433
97995701,15.3196,5.04978,449,122640,0.371244,0.2,1,409142,408693,449
97998621,10.2639,12.21,444,122640,0.338249,0.36,1,409151,408707,444
98001541,8.45278,6.44199,447,122640,0.27565,0.35,1,409159,408712,447
98004461,3.29056,7.6884,441,122640,0.38313,0.33,1,409161,408720,441
98007381,23.0581,8.73768,460,122640,0.332626,0.27,1,409189,408729,460
98010301,7.81162,18.5475,443,122640,0.258525,0.35,1,409193,408750,443
98013221,7.96232,10.1095,443,122640,0.339705,0.34,1,409201,408758,443
98016141,5.59246,6.8219,442,122640,0.347941,0.3,1,409206,408764,442
98019061,2.71849,2.96438,442,122640,0.341588,0.26,1,409208,408766,442
98021461,3.7437,2.19288,444,122640,0.316318,0.38,1,409212,408768,444
98024381,6.34874,9.23858,440,122640,0.311264,0.28,1,409219,408779,440
98027301,9.26975,7.44771,443,122640,0.350253,0.24,1,409229,408786,443
98030221,5.05395,5.48954,442,122640,0.326051,0.23,1,409233,408791,442
98033141,45.0108,4.29791,493,122640,0.29721,0.34,1,409288,408795,493
98036061,12.2022,44.0596,443,122640,0.283442,0.33,1,409292,408849,443
98038981,10.4404,12.0119,449,122640,0.336688,0.36,1,409302,408853,449
98041901,3.68809,10.4024,441,122640,0.355338,0.31,1,409304,408863,441
98044821,21.5376,5.28048,463,122640,0.359068,0.18,1,409330,408867,463
98047741,41.1075,20.2561,485,122640,0.215814,0.27,1,409376,408891,485
98050661,15.4215,43.2512,445,122640,0.283163,0.23,1,409385,408940,445
98053581,19.0843,14.2502,458,122640,0.320633,0.3,1,409405,408947,458
98056501,5.41686,20.45,438,122640,0.336127,0.36,1,409407,408969,438
98059421,5.88337,5.69001,442,122640,0.283225,0.32,1,409413,408971,442
98062021,2.77667,2.738,442,122640,0.304645,0.29,1,409415,408973,442
98064941,18.1553,3.7476,460,122640,0.308929,0.31,1,409437,408977,460
98067861,21.2311,16.7495,462,122640,0.277786,0.36,1,409459,408997,462
98070781,15.4462,22.5499,452,122640,0.319557,0.32,1,409473,409021,452
98073701,15.0892,12.51,457,122640,0.247911,0.39,1,409488,409031,457
98076621,11.8178,19.302,447,122640,0.329582,0.32,1,409499,409052,447
98079541,3.96357,8.6604,443,122640,0.313916,0.28,1,409501,409058,443
98082461,3.99271,3.33208,445,122640,0.342783,0.36,1,409505,409060,445
98085381,2.39854,5.46642,441,122640,0.308557,0.36,1,409507,409066,441
98088021,2.07971,1.09328,443,122640,0.301711,0.44,1,409509,409066,443
98090941,2.01594,3.41866,441,122640,0.300342,0.39,1,409511,409070,441
98093861,3.60319,2.28373,443,122640,0.268068,0.38,1,409515,409072,443
98096781,10.3206,2.05675,453,122640,0.253614,0.39,1,409527,409074,453
98099701,5.26413,9.21135,446,122640,0.258723,0.32,1,409531,409085,446
98102621,5.85283,5.04227,448,122640,0.259745,0.39,1,409537,409089,448
98105541,2.77057,5.80845,444,122640,0.259949,0.41,1,409539,409095,444
98108461,5.35411,9.16169,440,122640,0.29199,0.35,1,409545,409105,440
98111381,14.6708,15.4323,440,122640,0.314398,0.38,1,409562,409122,440
98114301,4.53416,4.68647,440,122640,0.28688,0.37,1,409564,409124,440
98117221,13.7068,15.3373,438,122640,0.321376,0.33,1,409580,409142,438
98120141,13.1414,10.2675,442,122640,0.264275,0.26,1,409593,409151,442
98123061,9.02827,8.45349,442,122640,0.292855,0.41,1,409601,409159,442
98125981,3.40565,3.2907,442,122640,0.266571,0.41,1,409603,409161,442
98127541,19.0811,0.65814,465,122640,0.309314,0.32,1,409626,409161,465
98130461,9.41623,22.5316,444,122640,0.229863,0.24,1,409633,409189,444
98133381,5.08325,7.70633,444,122640,0.333973,0.36,1,409637,409193,444
98136301,3.41665,7.94127,439,122640,0.306795,0.35,1,409640,409201,439
98139221,4.68333,5.58825,439,122640,0.277359,0.34,1,409645,409206,439
98142101,7.33667,2.71765,445,122640,0.303472,0.27,1,409653,409208,445
98145021,6.26733,5.34353,445,122640,0.316694,0.31,1,409659,409214,445
98147941,7.65347,5.06871,448,122640,0.319339,0.36,1,409667,409219,448
98150861,7.93069,9.01374,446,122640,0.271868,0.32,1,409675,409229,446
98153781,43.1861,5.00275,494,122640,0.342374,0.29,1,409727,409233,494
98156701,11.8372,45.0005,443,122640,0.356475,0.28,1,409731,409288,443
98159621,8.76745,12.2001,447,122640,0.319295,0.35,1,409739,409292,447
98162541,3.35349,10.44,439,122640,0.383859,0.36,1,409741,409302,439
98165461,18.2707,3.688,459,122640,0.356772,0.36,1,409763,409304,459
98168381,42.8541,21.5376,482,122640,0.263354,0.18,1,409812,409330,482
98171301,18.9708,41.1075,449,122640,0.364671,0.3,1,409825,409376,449
98174221,16.5942,15.4215,456,122640,0.328934,0.33,1,409841,409385,456
98177141,4.91883,19.0843,438,122640,0.321787,0.34,1,409843,409405,438
98180061,5.78377,5.41686,442,122640,0.328357,0.27,1,409849,409407,442
98182661,7.55675,5.88337,444,122640,0.321671,0.31,1,409857,409413,444
98185581,11.9114,5.97667,451,122640,0.360334,0.31,1,409870,409419,451
98188501,21.5823,15.5953,457,122640,0.320067,0.27,1,409894,409437,457
98191421,15.5165,20.7191,449,122640,0.328013,0.33,1,409908,409459,449
98194341,15.9033,15.3438,451,122640,0.265603,0.23,1,409924,409473,451
98197261,11.9807,15.0688,447,122640,0.373121,0.35,1,409935,409488,447
98200181,3.99613,11.8138,438,122640,0.362624,0.31,1,409937,409499,438
98203101,2.39923,3.96275,438,122640,0.368525,0.35,1,409939,409501,438
98205541,3.67985,3.99255,438,122640,0.305705,0.3,1,409943,409505,438
98208461,3.93597,2.39851,440,122640,0.389141,0.3,1,409947,409507,440
98211381,2.38719,2.0797,440,122640,0.405828,0.3,1,409949,409509,440
98213441,2.07744,2.01594,440,122640,0.409166,0.33,1,409951,409511,440
98216361,2.01549,5.20319,436,122640,0.377833,0.25,1,409953,409517,436
98219281,8.4031,9.04064,436,122640,0.323567,0.26,1,409963,409527,436
98222201,4.88062,5.00813,436,122640,0.360713,0.26,1,409967,409531,436
98224881,7.37612,5.80163,438,122640,0.336143,0.26,1,409975,409537,438
98227801,3.07522,2.76033,438,122640,0.299229,0.3,1,409977,409539,438
98230721,7.81505,5.35207,441,122640,0.299846,0.32,1,409986,409545,441
98233641,14.363,14.6704,440,122640,0.307969,0.28,1,410002,409562,440
98236561,4.4726,4.53408,440,122640,0.285594,0.33,1,410004,409564,440
98239481,8.89452,13.7068,434,122640,0.289119,0.25,1,410014,409580,434
98242401,12.1789,13.1414,434,122640,0.369824,0.3,1,410027,409593,434
98245321,11.2358,9.02827,437,122640,0.369965,0.26,1,410038,409601,437
98248241,5.44716,3.40565,439,122640,0.305993,0.32,1,410042,409603,439
98251161,21.0894,19.0811,441,122640,0.269199,0.21,1,410067,409626,441
98254081,5.81789,9.41623,436,122640,0.32584,0.36,1,410069,409633,436
98257001,5.16358,5.08325,437,122640,0.257168,0.3,1,410074,409637,437
98259921,8.23272,3.41665,443,122640,0.299434,0.27,1,410083,409640,443
98262841,4.84654,4.68333,442,122640,0.323887,0.31,1,410087,409645,442
98265761,8.96931,7.33667,444,122640,0.376777,0.32,1,410097,409653,444
98268681,4.99386,6.26733,442,122640,0.355355,0.32,1,410101,409659,442
98271601,8.99877,7.65347,444,122640,0.391071,0.26,1,410111,409667,444
98274521,43.3998,7.93069,488,122640,0.262214,0.36,1,410163,409675,488
98277441,15.08,43.1861,444,122640,0.292443,0.36,1,410171,409727,444
98280361,7.81599,11.8372,446,122640,0.250489,0.31,1,410177,409731,446
98283281,3.1632,8.76745,440,122640,0.298098,0.4,1,410179,409739,440
98286201,20.6326,3.35349,463,122640,0.33162,0.35,1,410204,409741,463
98289121,40.1265,18.2707,486,122640,0.218324,0.24,1,410249,409763,486
98292041,20.8253,42.8541,453,122640,0.299665,0.39,1,410265,409812,453
98294961,14.5651,18.9708,453,122640,0.283933,0.32,1,410278,409825,453
98297881,6.11301,16.5942,441,122640,0.272787,0.32,1,410282,409841,441
98300801,2.8226,4.91883,441,122640,0.270557,0.33,1,410284,409843,441
98303301,5.36452,5.78377,441,122640,0.254111,0.32,1,410290,409849,441
98306221,17.8729,7.55675,454,122640,0.290822,0.37,1,410311,409857,454
98309141,21.1746,11.9114,463,122640,0.274164,0.31,1,410333,409870,463
98312061,14.6349,21.5823,452,122640,0.254833,0.33,1,410346,409894,452
98314981,16.527,15.5165,455,122640,0.210967,0.25,1,410363,409908,455
98317901,8.9054,15.9033,446,122640,0.226193,0.4,1,410370,409924,446
98320821,8.98108,11.9807,444,122640,0.229239,0.36,1,410379,409935,444
98323741,3.39622,3.99613,444,122640,0.269848,0.37,1,410381,409937,444
98326661,2.27924,2.39923,444,122640,0.27797,0.29,1,410383,409939,444
98329301,2.05585,3.67985,442,122640,0.247594,0.41,1,410385,409943,442
98332221,2.01117,5.53597,438,122640,0.201519,0.41,1,410387,409949,438
98335141,2.00223,1.10719,440,122640,0.168304,0.37,1,410389,409949,440
98338061,2.00045,3.42144,438,122640,0.161661,0.31,1,410391,409953,438
98340981,7.60009,8.68429,437,122640,0.288332,0.37,1,410400,409963,437
98343901,4.72002,4.93686,437,122640,0.321666,0.33,1,410404,409967,437
98346561,8.144,7.38737,438,122640,0.304333,0.29,1,410413,409975,438
98349481,3.2288,3.07747,438,122640,0.300867,0.3,1,410415,409977,438
98352401,7.04576,7.8155,437,122640,0.260173,0.31,1,410423,409986,437
98355321,14.2092,14.3631,437,122640,0.316035,0.28,1,410439,410002,437
98358241,6.04183,4.47262,439,122640,0.263207,0.29,1,410443,410004,439
98361161,9.20837,8.89452,439,122640,0.268641,0.39,1,410453,410014,439
98364081,13.0417,12.1789,440,122640,0.269728,0.37,1,410467,410027,440
98367001,13.0083,11.2358,442,122640,0.221946,0.29,1,410480,410038,442
98369921,4.20167,5.44716,440,122640,0.188389,0.26,1,410482,410042,440
98372841,20.8403,21.0894,440,122640,0.181678,0.34,1,410507,410067,440
98375761,5.76807,5.81789,440,122640,0.148336,0.24,1,410509,410069,440
98378681,2.75361,5.16358,437,122640,0.109667,0.24,1,410511,410074,437
98380261,4.55072,1.03272,442,122640,0.197933,0.31,1,410516,410074,442
98383181,10.5101,7.40654,445,122640,0.207587,0.33,1,410528,410083,445
98386101,8.50203,4.68131,449,122640,0.193517,0.39,1,410536,410087,449
98389021,6.50041,8.93626,445,122640,0.198703,0.35,1,410542,410097,445
98391941,3.70008,4.98725,444,122640,0.207741,0.4,1,410545,410101,444
98394861,43.14,8.99745,487,122640,0.209548,0.23,1,410598,410111,487
98397781,16.628,43.3995,445,122640,0.19391,0.3,1,410608,410163,445
98400701,9.7256,15.0799,445,122640,0.262782,0.24,1,410616,410171,445
98403621,3.54512,7.81598,441,122640,0.276556,0.31,1,410618,410177,441
98406261,19.909,3.1632,463,122640,0.271311,0.34,1,410642,410179,463
98409181,37.5818,20.6326,480,122640,0.182262,0.19,1,410684,410204,480
98412101,17.1164,40.1265,447,122640,0.316452,0.32,1,410696,410249,447
98415021,16.2233,20.8253,447,122640,0.29529,0.28,1,410712,410265,447
98417941,6.44465,14.5651,438,122640,0.235058,0.27,1,410716,410278,438
98420861,5.28893,6.11301,439,122640,0.319012,0.27,1,410721,410282,439
98422481,1.85779,2.8226,438,122640,0.319802,0.25,1,410722,410284,438
98425401,3.57156,5.36452,436,122640,0.30396,0.3,1,410726,410290,436
98428321,15.9143,17.8729,434,122640,0.204792,0.27,1,410745,410311,434
98431241,22.3829,21.1746,436,122640,0.224958,0.25,1,410769,410333,436
98434161,15.6766,14.6349,437,122640,0.316992,0.2,1,410783,410346,437
98437081,17.5353,16.527,438,122640,0.239398,0.23,1,410801,410363,438
98440001,6.70706,8.9054,435,122640,0.19988,0.23,1,410805,410370,435
98442921,4.54141,8.98108,430,122640,0.247976,0.28,1,410809,410379,430
98445841,2.50828,3.39622,430,122640,0.297595,0.28,1,410811,410381,430
98448481,2.10166,2.27924,430,122640,0.315519,0.24,1,410813,410383,430
98451401,7.62033,2.05585,437,122640,0.311104,0.19,1,410822,410385,437
98454321,3.12407,2.01117,437,122640,0.310221,0.16,1,410824,410387,437
98456801,2.22481,2.00223,437,122640,0.278044,0.16,1,410826,410389,437
98459721,2.04496,2.00045,437,122640,0.231609,0.32,1,410828,410391,437
98462641,6.80899,7.60009,436,122640,0.302322,0.33,1,410836,410400,436
98465561,4.5618,4.72002,436,122640,0.300464,0.3,1,410840,410404,436
98468481,7.31236,8.144,435,122640,0.292093,0.3,1,410848,410413,435
98471401,3.06247,3.2288,435,122640,0.290419,0.25,1,410850,410415,435
98474321,7.01249,7.04576,435,122640,0.274084,0.25,1,410858,410423,435
98475941,11.0025,1.40915,447,122640,0.294817,0.33,1,410870,410423,447
98478861,8.6005,13.0818,439,122640,0.282963,0.25,1,410878,410439,439
98481781,8.9201,5.81637,444,122640,0.264593,0.27,1,410887,410443,444
98484701,10.584,9.16327,445,122640,0.348919,0.27,1,410898,410453,445
98487621,15.7168,13.0327,448,122640,0.293784,0.21,1,410915,410467,448
98490541,4.74336,13.0065,437,122640,0.274757,0.18,1,410917,410480,437
98493461,18.5487,4.20131,457,122640,0.334951,0.18,1,410939,410482,457
98496381,7.70973,20.8403,437,122640,0.26699,0.14,1,410944,410507,437
98499301,3.14195,5.76805,437,122640,0.221398,0.1,1,410946,410509,437
98501941,2.22839,2.75361,437,122640,0.20428,0.21,1,410948,410511,437
98504861,10.0457,14.1507,432,122640,0.360856,0.19,1,410960,410528,432
98507781,10.0091,9.23014,434,122640,0.256171,0.2,1,410970,410536,434
98510701,7.60183,6.64603,435,122640,0.307234,0.21,1,410977,410542,435
98513621,4.72037,3.72921,436,122640,0.317447,0.21,1,410981,410545,436
98516541,40.1441,43.1458,432,122640,0.255489,0.19,1,411030,410598,432
98519461,19.2288,16.6292,436,122640,0.315098,0.28,1,411044,410608,436
98522381,8.64576,9.72583,434,122640,0.35102,0.28,1,411050,410616,434
98525301,4.92915,3.54517,436,122640,0.334204,0.27,1,411054,410618,436
98528221,20.9858,19.909,437,122640,0.330841,0.16,1,411079,410642,437
98531141,40.1972,37.5818,440,122640,0.362168,0.35,1,411124,410684,440
98534061,14.4394,17.1164,436,122640,0.272434,0.29,1,411132,410696,436
98536981,16.4879,16.2233,437,122640,0.214487,0.22,1,411149,410712,437
98539901,5.69758,6.44465,436,122640,0.218897,0.34,1,411152,410716,436
98542821,4.33952,5.28893,435,122640,0.243779,0.34,1,411156,410721,435
98544581,4.0679,1.05779,439,122640,0.216756,0.3,1,411160,410721,439
98547501,4.01358,4.21156,438,122640,0.227351,0.18,1,411164,410726,438
98550421,16.0027,16.0423,438,122640,0.26947,0.23,1,411183,410745,438
98553341,20.0005,22.4085,435,122640,0.309894,0.34,1,411204,410769,435
98556261,15.2001,15.6817,435,122640,0.309979,0.22,1,411218,410783,435
98559181,19.84,17.5363,438,122640,0.277996,0.19,1,411239,410801,438
98562101,7.168,6.70727,438,122640,0.231599,0.26,1,411243,410805,438
98565021,3.0336,4.54145,436,122640,0.27032,0.31,1,411245,410809,436
98567941,2.20672,2.50829,436,122640,0.246064,0.32,1,411247,410811,436
98570161,2.04134,2.10166,436,122640,0.241213,0.31,1,411249,410813,436
98573081,9.20827,7.62033,438,122640,0.256243,0.31,1,411260,410822,438
98576001,3.44165,3.12407,438,122640,0.299249,0.27,1,411262,410824,438
98578921,2.28833,2.22481,438,122640,0.29985,0.22,1,411264,410826,438
98580981,4.45767,2.04496,441,122640,0.27597,0.32,1,411269,410828,441
98583901,3.29153,6.80899,436,122640,0.263194,0.3,1,411272,410836,436
98586821,3.85831,4.5618,436,122640,0.316639,0.29,1,411276,410840,436
98589741,6.37166,7.31236,435,122640,0.335328,0.29,1,411283,410848,435
98592661,2.87433,3.06247,435,122640,0.355066,0.27,1,411285,410850,435
98595581,6.97487,7.01249,435,122640,0.303013,0.27,1,411293,410858,435
98597621,12.595,1.4025,449,122640,0.292603,0.28,1,411307,410858,449
98600541,7.31899,16.2805,435,122640,0.250521,0.26,1,411313,410878,435
98603461,12.6638,10.4561,440,122640,0.274104,0.37,1,411327,410887,440
98606381,10.5328,10.8912,439,122640,0.286821,0.28,1,411337,410898,439
98609301,10.1066,15.7782,432,122640,0.321364,0.27,1,411347,410915,432
98612221,10.8213,4.75565,441,122640,0.256273,0.35,1,411358,410917,441
98615141,11.7643,18.5511,431,122640,0.267255,0.25,1,411370,410939,431
98618061,11.1529,7.71023,437,122640,0.285451,0.21,1,411381,410944,437
98620981,3.83057,3.14205,437,122640,0.24909,0.21,1,411383,410946,437
98622581,2.36611,0.628409,439,122640,0.209818,0.2,1,411385,410946,439
98625501,6.07322,1.72568,444,122640,0.185964,0.4,1,411392,410948,444
98628421,12.4146,9.94514,446,122640,0.293193,0.23,1,411406,410960,446
98631341,8.88293,9.98903,444,122640,0.282639,0.32,1,411414,410970,444
98634261,6.57659,7.59781,443,122640,0.288528,0.32,1,411420,410977,443
98637181,37.3153,4.71956,484,122640,0.257706,0.24,1,411465,410981,484
98640101,19.4631,40.1439,450,122640,0.259541,0.33,1,411480,411030,450
98643021,8.69261,19.2288,442,122640,0.219908,0.36,1,411486,411044,442
98645941,4.93852,8.64576,440,122640,0.307982,0.33,1,411490,411050,440
98648581,22.5877,4.92915,463,122640,0.269596,0.33,1,411517,411054,463
98651501,34.1175,20.9858,475,122640,0.213919,0.37,1,411554,411079,475
98654421,18.0235,40.1972,444,122640,0.330784,0.25,1,411568,411124,444
98657341,13.2047,14.4394,448,122640,0.330157,0.2,1,411580,411132,448
98660261,5.04094,16.4879,434,122640,0.354031,0.22,1,411583,411149,434
98663181,4.20819,5.69758,435,122640,0.302806,0.25,1,411587,411152,435
98664801,1.64164,4.33952,432,122640,0.284561,0.23,1,411588,411156,432
98667721,9.92833,7.2679,436,122640,0.360912,0.23,1,411600,411164,436
98670641,17.1857,1.45358,455,122640,0.296182,0.28,1,411619,411164,455
98673561,21.8371,15.4907,459,122640,0.275236,0.32,1,411642,411183,459
98676481,14.7674,19.8981,451,122640,0.279047,0.31,1,411655,411204,451
98679401,17.3535,15.1796,455,122640,0.263809,0.27,1,411673,411218,455
98682321,9.8707,19.8359,442,122640,0.244762,0.22,1,411681,411239,442
98685241,3.57414,7.16719,440,122640,0.240952,0.28,1,411683,411243,440
98688101,2.31483,3.03344,440,122640,0.25619,0.29,1,411685,411245,440
98691021,2.06297,5.40669,436,122640,0.259238,0.29,1,411687,411251,436
98693941,6.81259,1.08134,444,122640,0.267848,0.26,1,411695,411251,444
98696861,3.76252,7.41627,438,122640,0.29357,0.31,1,411698,411260,438
98699781,4.7525,3.08325,441,122640,0.226714,0.3,1,411703,411262,441
98702661,5.7505,2.21665,445,122640,0.245343,0.26,1,411709,411264,445
98705581,2.7501,6.84333,439,122640,0.217069,0.33,1,411711,411272,439
98708501,3.75002,4.56867,439,122640,0.299414,0.34,1,411715,411276,439
98711421,3.95,6.51373,436,122640,0.307883,0.36,1,411719,411283,436
98714341,2.39,2.90275,436,122640,0.317577,0.29,1,411721,411285,436
98717261,7.678,6.98055,437,122640,0.351515,0.29,1,411730,411293,437
98720181,14.3356,12.5961,439,122640,0.318303,0.24,1,411746,411307,439
98723101,6.06712,7.31922,437,122640,0.271661,0.28,1,411750,411313,437
98726021,12.4134,12.6638,437,122640,0.270332,0.29,1,411764,411327,437
98728941,12.0827,10.5328,439,122640,0.286066,0.33,1,411776,411337,439
98731861,5.61654,10.1066,433,122640,0.289213,0.24,1,411780,411347,433
98734781,11.5233,10.8213,435,122640,0.289843,0.27,1,411793,411358,435
98737701,11.9047,11.7643,435,122640,0.313969,0.29,1,411805,411370,435
98740621,7.18093,11.1529,430,122640,0.286794,0.24,1,411811,411381,430
98743541,3.03619,3.83057,430,122640,0.281359,0.2,1,411813,411383,430
98745921,14.2072,2.36611,445,122640,0.240272,0.35,1,411830,411385,445
98748841,12.4414,9.27322,446,122640,0.264054,0.32,1,411842,411396,446
98751761,7.28829,9.85464,442,122640,0.252811,0.28,1,411848,411406,442
98754681,7.85766,8.37093,442,122640,0.266562,0.29,1,411856,411414,442
98757601,38.3715,6.47419,482,122640,0.237312,0.25,1,411902,411420,482
98760521,20.4743,37.2948,453,122640,0.199462,0.26,1,411918,411465,453
98763441,8.89486,19.459,444,122640,0.159892,0.21,1,411924,411480,444
98766361,3.37897,8.69179,440,122640,0.119978,0.33,1,411926,411486,440
98769221,19.8758,4.93836,460,122640,0.111996,0.26,1,411950,411490,460
98772141,32.7752,22.5877,469,122640,0.206399,0.2,1,411986,411517,469
98775061,22.555,34.1175,452,122640,0.12128,0.36,1,412006,411554,452
98777981,12.511,18.0235,448,122640,0.144256,0.33,1,412016,411568,448
98780901,4.1022,13.2047,438,122640,0.180851,0.36,1,412018,411580,438
98783821,7.22044,5.04094,443,122640,0.23617,0.29,1,412026,411583,443
98785441,2.24409,4.20819,440,122640,0.263234,0.34,1,412027,411587,440
98788361,6.04882,2.44164,445,122640,0.212647,0.38,1,412034,411589,445
98791281,13.2098,9.28833,449,122640,0.202529,0.28,1,412049,411600,449
98794201,25.042,17.0577,458,122640,0.176506,0.27,1,412077,411619,458
98797121,11.4084,21.8115,443,122640,0.203301,0.28,1,412085,411642,443
98800041,19.8817,14.7623,452,122640,0.22466,0.26,1,412107,411655,452
98802961,11.1763,17.3525,443,122640,0.228932,0.24,1,412116,411673,443
98805881,3.83527,9.87049,437,122640,0.237786,0.24,1,412118,411681,437
98808801,2.36705,3.5741,437,122640,0.207557,0.26,1,412120,411683,437
98810401,1.27341,2.31482,436,122640,0.185511,0.26,1,412121,411685,436
98813321,1.85468,2.06296,436,122640,0.237102,0.27,1,412123,411687,436
98816241,3.57094,6.81259,432,122640,0.22342,0.3,1,412127,411695,432
98819161,3.91419,3.76252,433,122640,0.252684,0.21,1,412131,411698,433
98822081,2.38284,4.7525,430,122640,0.226537,0.25,1,412133,411703,430
98825001,10.8766,5.7505,437,122640,0.221307,0.21,1,412146,411709,437
98827921,3.77531,2.7501,437,122640,0.244261,0.32,1,412148,411711,437
98830161,4.75506,3.75002,438,122640,0.208852,0.31,1,412153,411715,438
98833081,4.15101,3.95,438,122640,0.20177,0.32,1,412157,411719,438
98836001,2.4302,2.39,438,122640,0.200354,0.36,1,412159,411721,438
98838921,6.88604,7.678,437,122640,0.288071,0.31,1,412167,411730,437
98841841,13.3772,14.3356,436,122640,0.273614,0.26,1,412182,411746,436
98844761,4.27544,6.06712,434,122640,0.238723,0.27,1,412184,411750,434
98847681,14.4551,12.4134,437,122640,0.215745,0.29,1,412201,411764,437
98850601,9.29102,12.0827,433,122640,0.243149,0.29,1,412209,411776,433
98853521,5.0582,5.61654,433,122640,0.25663,0.29,1,412213,411780,433
98856441,7.41164,11.5233,428,122640,0.283326,0.32,1,412221,411793,428
98859361,15.0823,11.9047,433,122640,0.184665,0.28,1,412238,411805,433
98862281,7.81647,7.18093,433,122640,0.252933,0.28,1,412244,411811,433
98865201,3.16329,3.03619,433,122640,0.298587,0.28,1,412246,411813,433
98866981,15.0327,0.607237,451,122640,0.187717,0.23,1,412264,411813,451
98869901,12.6065,13.7214,446,122640,0.189543,0.27,1,412276,411830,446
98872821,7.32131,12.3443,440,122640,0.117909,0.25,1,412282,411842,440
98875741,7.06426,7.26886,441,122640,0.183582,0.27,1,412289,411848,441
98878661,37.4129,7.85377,478,122640,0.172716,0.23,1,412334,411856,478
98881581,21.0826,38.3708,449,122640,0.194543,0.19,1,412351,411902,449
98884501,9.01651,20.4742,439,122640,0.238909,0.15,1,412357,411918,439
98887421,3.4033,8.89483,435,122640,0.223782,0.11,1,412359,411924,435
98889861,21.4807,3.37897,459,122640,0.244756,0.11,1,412385,411926,459
98892781,26.6961,19.8758,463,122640,0.272951,0.23,1,412413,411950,463
98895701,21.3392,32.7752,447,122640,0.15859,0.1,1,412433,411986,447
98898621,17.0678,22.555,443,122640,0.231718,0.15,1,412449,412006,443
98901541,5.01357,12.511,435,122640,0.214344,0.19,1,412451,412016,435
98904461,4.20271,4.1022,437,122640,0.282869,0.25,1,412455,412018,437
98906081,1.64054,7.22044,430,122640,0.272574,0.27,1,412456,412026,430
98909001,8.32811,2.24409,439,122640,0.334515,0.2,1,412466,412027,439
98911921,13.6656,6.04882,447,122640,0.314903,0.2,1,412481,412034,447
98914841,24.3331,13.2098,459,122640,0.278981,0.17,1,412508,412049,459
98917761,12.0666,25.042,440,122640,0.239796,0.21,1,412517,412077,440
98920681,20.0133,11.4084,454,122640,0.223959,0.23,1,412539,412085,454
98923601,10.4027,19.8817,440,122640,0.300792,0.23,1,412547,412107,440
98926521,4.48053,11.1763,434,122640,0.332158,0.24,1,412550,412116,434
98929441,3.29611,3.83527,435,122640,0.330432,0.2,1,412553,412118,435
98931041,1.45922,2.36705,434,122640,0.314086,0.28,1,412554,412120,434
98933961,5.09184,8.47341,430,122640,0.238817,0.28,1,412560,412130,430
98936881,2.61837,1.69468,432,122640,0.287763,0.28,1,412562,412130,432
98939801,2.12367,0.338936,434,122640,0.297553,0.26,1,412564,412130,434
98942721,2.02473,0.867787,435,122640,0.283511,0.22,1,412566,412131,435
98945641,8.40495,1.77356,443,122640,0.304702,0.22,1,412576,412133,443
98948561,3.28099,10.7547,432,122640,0.28494,0.25,1,412578,412146,432
98951481,9.4562,3.75094,441,122640,0.328988,0.2,1,412589,412148,441
98954401,5.89124,7.95019,437,122640,0.289798,0.2,1,412594,412157,437
98957321,2.77825,3.19004,437,122640,0.25796,0.2,1,412596,412159,437
98959541,3.75565,0.638007,441,122640,0.211592,0.31,1,412600,412159,441
98962461,11.9511,6.5276,447,122640,0.306318,0.27,1,412614,412167,447
98965381,4.79023,13.3055,435,122640,0.309264,0.23,1,412617,412182,435
98968301,14.558,4.2611,450,122640,0.253853,0.21,1,412634,412184,450
98971221,10.1116,14.4522,442,122640,0.226771,0.25,1,412643,412201,442
98974141,6.02232,9.29044,439,122640,0.301354,0.26,1,412648,412209,439
98977061,3.60446,5.05809,438,122640,0.268271,0.29,1,412651,412213,438
98979981,17.5209,7.41162,451,122640,0.269654,0.16,1,412672,412221,451
98982901,5.10418,15.0823,436,122640,0.237931,0.27,1,412674,412238,436
98985821,2.62084,7.81646,432,122640,0.199586,0.31,1,412676,412244,432
98988741,14.1242,3.16329,447,122640,0.247917,0.19,1,412693,412246,447
98991661,14.0248,24.6327,431,122640,0.313583,0.1,1,412707,412276,431
98994581,9.20497,9.72653,433,122640,0.278717,0.2,1,412715,412282,433
98997501,5.04099,7.54531,430,122640,0.351743,0.17,1,412719,412289,430
99000421,41.0082,37.5091,435,122640,0.310349,0.2,1,412769,412334,435
99003341,20.2016,21.1018,433,122640,0.30207,0.25,1,412784,412351,433
99006261,12.0403,9.02036,437,122640,0.340414,0.22,1,412794,412357,437
99009181,4.00807,3.40407,437,122640,0.348083,0.25,1,412796,412359,437
99012101,18.4016,21.4808,433,122640,0.333617,0.28,1,412818,412385,433
99015021,28.4803,26.6962,436,122640,0.346723,0.13,1,412849,412413,436
99017941,23.2961,21.3392,438,122640,0.221345,0.25,1,412871,412433,438
99020861,15.0592,17.0678,435,122640,0.284269,0.21,1,412884,412449,435
99023781,4.61184,5.01357,435,122640,0.336854,0.3,1,412886,412451,435
99026701,7.32237,4.20271,439,122640,0.299371,0.3,1,412894,412455,439
99028181,3.06447,0.840543,441,122640,0.299874,0.35,1,412896,412455,441
99031101,4.61289,8.96811,435,122640,0.299975,0.31,1,412901,412466,435
99034021,14.5226,13.7936,437,122640,0.259995,0.27,1,412918,412481,437
99036941,22.9045,24.3587,435,122640,0.307999,0.23,1,412943,412508,435
99039861,14.1809,12.0717,438,122640,0.2136,0.22,1,412955,412517,438
99042781,20.4362,20.0143,438,122640,0.23472,0.32,1,412977,412539,438
99045701,7.28724,10.4029,434,122640,0.254944,0.34,1,412981,412547,434
99048621,4.65745,4.48057,435,122640,0.226989,0.33,1,412985,412550,435
99051541,4.13149,3.29611,436,122640,0.269398,0.31,1,412989,412553,436
99054461,2.4263,1.45922,437,122640,0.28588,0.22,1,412991,412554,437
99057381,2.88526,5.09184,434,122640,0.273176,0.3,1,412994,412560,434
99060301,6.17705,2.61837,439,122640,0.262635,0.3,1,413001,412562,439
99062081,2.03541,2.12367,438,122640,0.276527,0.34,1,413002,412564,438
99065001,8.40708,9.22473,437,122640,0.271305,0.31,1,413012,412575,437
99067921,3.28142,2.64495,438,122640,0.254261,0.28,1,413014,412576,438
99070841,2.25628,2.12899,438,122640,0.242852,0.34,1,413016,412578,438
99073761,3.65126,9.2258,431,122640,0.23257,0.28,1,413020,412589,431
99076681,11.1303,5.84516,439,122640,0.262514,0.25,1,413033,412594,439
99078721,3.82605,2.76903,439,122640,0.292503,0.2,1,413035,412596,439
99081641,3.96521,3.75381,439,122640,0.242501,0.33,1,413039,412600,439
99084561,7.99304,11.9508,434,122640,0.2885,0.31,1,413048,412614,434
99087481,3.19861,4.79015,433,122640,0.2977,0.24,1,413050,412617,433
99090401,15.8397,14.558,435,122640,0.20354,0.22,1,413069,412634,435
99093321,11.1679,10.1116,436,122640,0.264708,0.32,1,413079,412643,436
99096241,7.03359,6.02232,437,122640,0.220942,0.26,1,413085,412648,437
99098481,3.80672,3.60446,437,122640,0.284188,0.27,1,413088,412651,437
99101401,18.3613,17.5209,438,122640,0.272838,0.23,1,413110,412672,438
99104321,5.27227,5.10418,438,122640,0.238568,0.19,1,413112,412674,438
99107241,2.65445,2.62084,438,122640,0.199713,0.19,1,413114,412676,438
99109301,13.3309,0.524167,454,122640,0.255943,0.26,1,413130,412676,454
99112221,13.0662,13.7048,450,122640,0.203189,0.33,1,413143,412693,450
99115141,9.81324,13.941,445,122640,0.224638,0.27,1,413152,412707,445
99118061,5.16265,9.18819,441,122640,0.220928,0.37,1,413156,412715,441
99120981,41.8325,5.03764,488,122640,0.268185,0.3,1,413207,412719,488
99123901,21.1665,41.0075,454,122640,0.269637,0.3,1,413223,412769,454
99126821,9.0333,20.2015,445,122640,0.173927,0.35,1,413229,412784,445
99129741,6.60666,12.0403,441,122640,0.258785,0.35,1,413235,412794,441
99132661,17.3213,4.00806,459,122640,0.291757,0.33,1,413255,412796,459
99135581,25.8643,18.4016,465,122640,0.250351,0.35,1,413283,412818,465
99138501,23.5729,28.4803,457,122640,0.21007,0.19,1,413306,412849,457
99141421,15.9146,23.2961,449,122640,0.282014,0.3,1,413320,412871,449
99144341,4.78291,15.0592,438,122640,0.296403,0.35,1,413322,412884,438
99147261,8.95658,4.61184,446,122640,0.251281,0.29,1,413332,412886,446
99150181,3.39132,7.32237,440,122640,0.242256,0.3,1,413334,412894,440
99153101,4.67826,7.06447,438,122640,0.200451,0.25,1,413339,412901,438
99156021,11.3357,15.0129,434,122640,0.28009,0.32,1,413352,412918,434
99158941,19.8671,23.0026,431,122640,0.288018,0.19,1,413374,412943,431
99161861,18.3734,14.2005,437,122640,0.281604,0.24,1,413392,412955,437
99164781,20.4747,20.4401,436,122640,0.280321,0.26,1,413413,412977,436
99167701,7.29494,7.28802,436,122640,0.208064,0.22,1,413417,412981,436
99170621,3.05899,4.6576,434,122640,0.313613,0.28,1,413419,412985,434
99173541,3.8118,4.13152,434,122640,0.302723,0.29,1,413423,412989,434
99176461,2.36236,2.4263,434,122640,0.348545,0.29,1,413425,412991,434
99177941,1.27247,0.485261,435,122640,0.373709,0.27,1,413426,412991,435
99180861,6.65449,2.49705,440,122640,0.346742,0.26,1,413434,412994,440
99183781,2.9309,6.09941,435,122640,0.333348,0.27,1,413436,413001,435
99186701,8.58618,10.0199,434,122640,0.33867,0.25,1,413446,413012,434
99189621,4.91724,3.60398,436,122640,0.347734,0.24,1,413450,413014,436
99192541,2.58345,2.3208,436,122640,0.349547,0.24,1,413452,413016,436
99194581,3.71669,0.464159,440,122640,0.309909,0.23,1,413456,413016,440
99197501,8.74334,3.29283,446,122640,0.309982,0.27,1,413466,413020,446
99200421,6.54867,11.0586,439,122640,0.293996,0.23,1,413472,413033,439
99203341,4.50973,7.01171,437,122640,0.290799,0.3,1,413476,413039,437
99206261,7.30195,8.60234,436,122640,0.29016,0.3,1,413484,413048,436
99209181,3.06039,3.32047,436,122640,0.282032,0.18,1,413486,413050,436
99212101,16.6121,15.8641,437,122640,0.280406,0.28,1,413506,413069,437
99215021,11.3224,11.1728,437,122640,0.272081,0.21,1,413516,413079,437
99217941,5.46448,7.03456,435,122640,0.270416,0.3,1,413520,413085,435
99220861,2.6929,3.80691,434,122640,0.262083,0.27,1,413522,413088,434
99223781,19.7386,18.3614,436,122640,0.196417,0.23,1,413546,413110,436
99226701,5.54772,5.27228,436,122640,0.295283,0.19,1,413548,413112,436
99229621,2.70954,2.65446,436,122640,0.283057,0.27,1,413550,413114,436
99232541,19.7419,13.3309,444,122640,0.240611,0.19,1,413574,413130,444
99235461,13.5484,13.0662,443,122640,0.344122,0.23,1,413586,413143,443
99238381,5.90968,9.81324,438,122640,0.324824,0.22,1,413590,413152,438
99241301,37.9819,5.16265,480,122640,0.240965,0.28,1,413636,413156,480
99244221,21.9964,41.8325,447,122640,0.232193,0.27,1,413654,413207,447
99247141,13.1993,21.1665,442,122640,0.134439,0.15,1,413665,413223,442
99250061,5.83986,9.0333,440,122640,0.258888,0.28,1,413669,413229,440
99252981,18.768,6.60666,456,122640,0.291778,0.3,1,413691,413235,456
99255901,26.1536,17.3213,464,122640,0.362356,0.24,1,413719,413255,464
99258821,19.6307,25.8643,454,122640,0.352471,0.2,1,413737,413283,454
99261741,17.5261,23.5729,448,122640,0.374494,0.3,1,413754,413306,448
99264661,5.10523,15.9146,436,122640,0.338899,0.3,1,413756,413320,436
99267581,4.22105,4.78291,438,122640,0.30778,0.24,1,413760,413322,438
99270501,2.44421,8.95658,430,122640,0.285556,0.24,1,413762,413332,430
99273421,11.6888,3.39132,442,122640,0.377111,0.19,1,413776,413334,442
99275281,3.13777,4.67826,438,122640,0.379422,0.3,1,413777,413339,438
99278201,10.2276,11.3357,437,122640,0.331884,0.29,1,413789,413352,437
99281121,21.2455,19.8671,439,122640,0.282377,0.28,1,413813,413374,439
99284041,16.2491,18.3734,436,122640,0.344475,0.28,1,413828,413392,436
99286961,20.0498,20.4747,436,122640,0.252895,0.19,1,413849,413413,436
99289881,10.41,7.29494,440,122640,0.362579,0.34,1,413857,413417,440
99291921,3.68199,3.05899,440,122640,0.384516,0.3,1,413859,413419,440
99294841,2.3364,3.8118,438,122640,0.396903,0.36,1,413861,413423,438
99297761,2.06728,2.36236,438,122640,0.375381,0.38,1,413863,413425,438
99300681,3.61346,1.27247,441,122640,0.387076,0.34,1,413867,413426,441
99303601,7.12269,6.65449,441,122640,0.405415,0.33,1,413875,413434,441
99306521,7.82454,2.9309,447,122640,0.329083,0.34,1,413883,413436,447
99309441,4.76491,8.58618,441,122640,0.281817,0.35,1,413887,413446,441
99312361,2.55298,4.91724,439,122640,0.280363,0.35,1,413889,413450,439
99315281,3.7106,2.58345,441,122640,0.320073,0.3,1,413893,413452,441
99316881,1.54212,3.71669,438,122640,0.344015,0.31,1,413894,413456,438
99319801,6.70842,8.74334,436,122640,0.324803,0.29,1,413902,413466,436
99322721,6.14168,6.54867,436,122640,0.296961,0.29,1,413908,413472,436
99325641,4.42834,4.50973,436,122640,0.347392,0.29,1,413912,413476,436
99328561,7.28567,7.30195,436,122640,0.333478,0.28,1,413920,413484,436
99331481,6.25713,3.06039,440,122640,0.330696,0.28,1,413926,413486,440
99334401,14.0514,16.6121,436,122640,0.346139,0.27,1,413942,413506,436
99337321,12.4103,11.3224,438,122640,0.229228,0.27,1,413954,413516,438
99340241,7.28206,5.46448,440,122640,0.293846,0.26,1,413960,413520,440
99343161,3.05641,2.6929,440,122640,0.274769,0.18,1,413962,413522,440
99346081,14.2113,19.7386,433,122640,0.302954,0.32,1,413979,413546,433
99349001,4.44226,5.54772,433,122640,0.276591,0.28,1,413981,413548,433
99351201,8.08845,2.70954,440,122640,0.351318,0.23,1,413990,413550,440
99354121,21.6177,19.7419,441,122640,0.286264,0.37,1,414015,413574,441
99357041,10.7235,13.5484,437,122640,0.241253,0.32,1,414023,413586,437
99359961,5.34471,5.90968,437,122640,0.232251,0.22,1,414027,413590,437
99362881,40.2689,37.9819,440,122640,0.26245,0.23,1,414076,413636,440
99365801,11.2538,21.9964,426,122640,0.29249,0.11,1,414080,413654,426
99368721,17.4508,13.1993,434,122640,0.346498,0.29,1,414099,413665,434
99371641,9.89015,5.83986,438,122640,0.2933,0.3,1,414107,413669,438
99374561,14.778,18.768,432,122640,0.35466,0.38,1,414123,413691,432
99377481,29.3556,26.1536,437,122640,0.334932,0.35,1,414156,413719,437
99380401,21.0711,19.6307,438,122640,0.322986,0.38,1,414175,413737,438
99383321,17.8142,17.5261,438,122640,0.336597,0.33,1,414192,413754,438
99386241,8.36284,5.10523,442,122640,0.331319,0.3,1,414198,413756,442
99389161,4.87257,4.22105,442,122640,0.330264,0.3,1,414202,413760,442
99391141,1.77451,0.844209,443,122640,0.346053,0.28,1,414203,413760,443
99394061,8.3549,1.76884,451,122640,0.373211,0.4,1,414213,413762,451
99396981,3.27098,11.5538,439,122640,0.370642,0.32,1,414215,413776,439
99399901,8.6542,12.7108,436,122640,0.314128,0.27,1,414225,413789,436
99402821,24.1308,21.7422,440,122640,0.382826,0.36,1,414253,413813,440
99405741,16.0262,16.3484,439,122640,0.364565,0.23,1,414267,413828,439
99408661,22.4052,20.0697,442,122640,0.368913,0.39,1,414291,413849,442
99411581,10.881,10.4139,442,122640,0.313783,0.39,1,414299,413857,442
99414501,3.77621,3.68279,442,122640,0.326757,0.4,1,414301,413859,442
99417421,2.35524,2.33656,442,122640,0.329351,0.37,1,414303,413861,442
99420341,2.07105,2.06731,442,122640,0.37787,0.39,1,414305,413863,442
99423261,2.01421,3.61346,440,122640,0.355574,0.41,1,414307,413867,440
99426181,3.60284,7.12269,436,122640,0.327115,0.31,1,414311,413875,436
99429101,9.52057,7.82454,439,122640,0.353423,0.27,1,414322,413883,439
99432021,3.50411,4.76491,437,122640,0.358685,0.28,1,414324,413887,437
99434941,2.30082,2.55298,437,122640,0.367737,0.33,1,414326,413889,437
99437521,4.46016,3.7106,438,122640,0.297547,0.32,1,414331,413893,438
99440441,9.69203,6.34212,442,122640,0.371509,0.32,1,414342,413900,442
99443361,3.53841,2.86842,442,122640,0.354302,0.29,1,414344,413902,442
99446281,3.90768,5.37368,440,122640,0.35086,0.36,1,414348,413908,440
99447921,1.58154,4.27474,437,122640,0.334172,0.33,1,414349,413912,437
99450841,8.31631,7.25495,439,122640,0.354834,0.33,1,414359,413920,439
99453761,4.06326,6.25099,436,122640,0.366967,0.35,1,414362,413926,436
99456681,10.4127,14.0502,432,122640,0.401393,0.2,1,414374,413942,432
99459601,14.8825,12.41,436,122640,0.360279,0.31,1,414390,413954,436
99462521,9.37651,7.28201,438,122640,0.304056,0.27,1,414398,413960,438
99464561,5.0753,3.0564,440,122640,0.324811,0.31,1,414402,413962,440
99467481,15.4151,14.2113,441,122640,0.272962,0.27,1,414420,413979,441
99470401,4.68301,4.44226,441,122640,0.230592,0.37,1,414422,413981,441
99473321,7.3366,8.08845,440,122640,0.334118,0.27,1,414430,413990,440
99476241,15.8673,21.6177,433,122640,0.314824,0.23,1,414448,414015,433
99479161,11.9735,10.7235,436,122640,0.278965,0.23,1,414459,414023,436
99482081,7.19469,5.34471,438,122640,0.327793,0.27,1,414465,414027,438
99485001,39.8389,40.2689,437,122640,0.401559,0.3,1,414513,414076,437
99487921,11.1678,11.2538,437,122640,0.384312,0.36,1,414517,414080,437
99490841,15.8336,17.4508,435,122640,0.332862,0.28,1,414534,414099,435
99493761,11.1667,9.89015,437,122640,0.338572,0.37,1,414544,414107,437
99496681,16.6333,14.778,439,122640,0.307714,0.33,1,414562,414123,439
99499601,26.5267,29.3556,435,122640,0.317543,0.32,1,414591,414156,435
99502521,26.1053,21.0711,442,122640,0.271509,0.34,1,414617,414175,442
99505441,16.4211,17.8142,439,122640,0.358302,0.33,1,414631,414192,439
99508361,4.88421,8.36284,435,122640,0.38366,0.33,1,414633,414198,435
99511281,5.77684,4.87257,437,122640,0.332732,0.35,1,414639,414202,437
99513441,5.95537,1.77451,442,122640,0.354546,0.38,1,414645,414203,442
99516361,5.99107,8.3549,438,122640,0.310909,0.37,1,414651,414213,438
99519281,2.79821,3.27098,438,122640,0.294182,0.3,1,414653,414215,438
99522201,10.1596,8.6542,440,122640,0.274836,0.4,1,414665,414225,440
99525121,26.8319,24.1308,443,122640,0.302967,0.36,1,414696,414253,443
99528041,11.7664,16.0262,437,122640,0.252593,0.37,1,414704,414267,437
99530961,22.3533,22.4052,438,122640,0.314519,0.3,1,414729,414291,438
99533881,10.8707,10.881,438,122640,0.206904,0.33,1,414737,414299,438
99536321,4.57413,3.77621,439,122640,0.201381,0.33,1,414740,414301,439
99539241,4.91483,2.35524,442,122640,0.296276,0.39,1,414745,414303,442
99542161,2.58297,2.07105,442,122640,0.275255,0.35,1,414747,414305,442
99545081,2.11659,2.01421,442,122640,0.271051,0.32,1,414749,414307,442
99548001,2.02332,3.60284,440,122640,0.27021,0.36,1,414751,414311,440
99550921,10.8047,9.52057,442,122640,0.334042,0.36,1,414764,414322,442
99553841,3.76093,3.50411,442,122640,0.346808,0.37,1,414766,414324,442
99556761,2.35219,2.30082,442,122640,0.317362,0.37,1,414768,414326,442
99558581,2.87044,0.460165,445,122640,0.271472,0.44,1,414771,414326,445
99561501,5.37409,7.29203,442,122640,0.222294,0.39,1,414777,414335,442
99564421,4.27482,7.05841,439,122640,0.204459,0.35,1,414781,414342,439
99567341,5.65496,3.01168,443,122640,0.296892,0.35,1,414787,414344,443
99570021,5.13099,3.80234,444,122640,0.307378,0.36,1,414792,414348,444
99572941,6.6262,9.56047,440,122640,0.261476,0.37,1,414799,414359,440
99575861,4.52524,4.31209,441,122640,0.236295,0.41,1,414803,414362,441
99578781,10.505,10.4624,441,122640,0.255259,0.35,1,414815,414374,441
99581701,13.301,14.8925,439,122640,0.315052,0.29,1,414829,414390,439
99584621,7.4602,9.3785,437,122640,0.33501,0.33,1,414835,414398,437
99587541,19.892,5.0757,456,122640,0.259002,0.26,1,414858,414402,456
99590461,5.57841,15.4151,440,122640,0.2438,0.22,1,414860,414420,440
99593381,2.71568,4.68303,440,122640,0.21676,0.36,1,414862,414422,440
99595601,2.14314,7.33661,434,122640,0.179352,0.31,1,414864,414430,434
99598521,15.6286,15.8673,435,122640,0.21987,0.27,1,414883,414448,435
99601441,14.3257,11.9735,438,122640,0.291974,0.34,1,414897,414459,438
99604361,6.06514,7.19469,436,122640,0.242395,0.42,1,414901,414465,436
99607281,41.213,39.8389,438,122640,0.272479,0.38,1,414951,414513,438
99610201,14.6426,11.1678,442,122640,0.238496,0.32,1,414959,414517,442
99613121,14.1285,15.8336,439,122640,0.239699,0.34,1,414973,414534,439
99616041,6.8257,11.1667,434,122640,0.26394,0.3,1,414978,414544,434
99618961,21.3651,16.6333,441,122640,0.268788,0.32,1,415003,414562,441
99621881,27.473,26.5267,441,122640,0.341758,0.26,1,415032,414591,441
99624801,20.6946,26.1053,434,122640,0.348352,0.38,1,415051,414617,434
99627721,16.9389,16.4211,436,122640,0.29367,0.39,1,415067,414631,436
99630641,6.58778,4.88421,438,122640,0.242734,0.32,1,415071,414633,438
99633041,6.11756,5.77684,438,122640,0.320547,0.36,1,415077,414639,438
99635961,4.42351,5.95537,436,122640,0.304109,0.3,1,415081,414645,436
99638881,5.6847,5.99107,436,122640,0.332822,0.29,1,415087,414651,436
99641361,2.73694,2.79821,436,122640,0.330564,0.27,1,415089,414653,436
99644281,13.3474,10.1596,440,122640,0.266113,0.31,1,415105,414665,440
99647201,21.0695,26.8319,432,122640,0.277223,0.24,1,415128,414696,432
99650121,13.8139,11.7664,436,122640,0.319445,0.33,1,415140,414704,436
99653041,17.9628,22.3533,430,122640,0.327889,0.18,1,415159,414729,430
99655961,13.9926,10.8707,435,122640,0.345578,0.2,1,415172,414737,435
99658881,4.39851,4.57413,434,122640,0.317116,0.32,1,415174,414740,434
99661801,6.4797,4.91483,436,122640,0.319423,0.27,1,415181,414745,436
99664721,2.89594,2.58297,436,122640,0.319885,0.27,1,415183,414747,436
99667641,3.77919,2.11659,438,122640,0.279977,0.27,1,415187,414749,438
99670561,2.35584,2.02332,438,122640,0.239995,0.35,1,415189,414751,438
99673481,5.27117,10.8047,431,122640,0.351999,0.35,1,415195,414764,431
99676401,2.65423,3.76093,431,122640,0.3504,0.31,1,415197,414766,431
99678801,2.13085,2.35219,431,122640,0.35008,0.26,1,415199,414768,431
99681721,12.4262,2.87044,443,122640,0.350016,0.21,1,415214,414771,443
99684641,4.08523,5.37409,439,122640,0.318003,0.2,1,415216,414777,439
99687561,4.01705,4.27482,439,122640,0.255601,0.32,1,415220,414781,439
99690481,4.00341,5.65496,437,122640,0.25112,0.31,1,415224,414787,437
99693401,10.4007,5.13099,444,122640,0.378224,0.25,1,415236,414792,444
99696321,3.68014,6.6262,439,122640,0.379645,0.23,1,415238,414799,439
99699241,12.736,4.52524,450,122640,0.347929,0.26,1,415253,414803,450
99702161,10.5472,10.505,448,122640,0.253586,0.33,1,415263,414815,448
99705081,8.50944,13.301,442,122640,0.258717,0.34,1,415271,414829,442
99708001,16.9019,7.4602,455,122640,0.275743,0.24,1,415290,414835,455
99710921,4.98038,19.892,434,122640,0.271149,0.24,1,415292,414858,434
99713841,2.59608,5.57841,434,122640,0.27823,0.21,1,415294,414860,434
99716661,8.51922,2.71568,442,122640,0.239646,0.25,1,415304,414862,442
99719581,16.1038,5.34314,454,122640,0.247929,0.23,1,415322,414868,454
99722501,11.2208,13.0686,449,122640,0.233586,0.31,1,415332,414883,449
99725421,7.84415,13.8137,442,122640,0.246717,0.23,1,415339,414897,442
99728341,41.5688,5.96274,488,122640,0.313343,0.28,1,415389,414901,488
99731261,11.5138,41.1925,442,122640,0.262669,0.23,1,415393,414951,442
99734181,12.7028,14.6385,447,122640,0.340534,0.24,1,415406,414959,447
99737101,4.14055,14.1277,435,122640,0.364107,0.27,1,415408,414973,435
99740021,26.4281,6.82554,462,122640,0.248821,0.27,1,415440,414978,462
99742941,27.6856,21.3651,465,122640,0.305764,0.36,1,415468,415003,465
99745861,18.3371,27.473,452,122640,0.349153,0.35,1,415484,415032,452
99748781,20.4674,20.6946,454,122640,0.277831,0.28,1,415505,415051,454
99751701,5.69348,16.9389,440,122640,0.271566,0.23,1,415507,415067,440
99754621,7.5387,6.58778,444,122640,0.222313,0.3,1,415515,415071,444
99757541,3.10774,9.31756,436,122640,0.332463,0.34,1,415517,415081,436
99760461,5.42155,6.66351,436,122640,0.330493,0.33,1,415523,415087,436
99763381,4.28431,2.9327,438,122640,0.282099,0.25,1,415527,415089,438
99766301,12.0569,13.3865,436,122640,0.27242,0.28,1,415541,415105,436
99769221,24.0114,21.0773,440,122640,0.254484,0.33,1,415568,415128,440
99772141,12.8023,13.8155,438,122640,0.146897,0.33,1,415578,415140,438
99775061,17.7605,17.9631,438,122640,0.205379,0.35,1,415597,415159,438
99777981,13.1521,13.9926,437,122640,0.209076,0.31,1,415609,415172,437
99780901,4.23042,4.39852,437,122640,0.265815,0.32,1,415611,415174,437
99783821,4.04608,6.4797,434,122640,0.221163,0.32,1,415615,415181,434
99786741,8.00922,2.89594,441,122640,0.148233,0.27,1,415624,415183,441
99789041,3.20184,3.77919,439,122640,0.237647,0.21,1,415626,415187,439
99791961,2.24037,3.15584,438,122640,0.231529,0.38,1,415628,415190,438
99794881,6.84807,4.63117,441,122640,0.150306,0.35,1,415636,415195,441
99797801,2.96961,2.52623,441,122640,0.278061,0.35,1,415638,415197,441
99800721,2.19392,2.10525,441,122640,0.303612,0.35,1,415640,415199,441
99803641,8.43878,12.421,436,122640,0.284722,0.31,1,415650,415214,436
99806561,7.28776,4.08421,441,122640,0.296944,0.24,1,415657,415216,441
99809481,4.65755,4.01684,441,122640,0.267389,0.24,1,415661,415220,441
99811301,3.33151,0.803368,444,122640,0.213478,0.42,1,415664,415220,444
99814221,6.2663,4.16067,446,122640,0.162696,0.41,1,415671,415225,446
99817141,4.45326,9.63213,439,122640,0.192539,0.38,1,415675,415236,439
99820061,8.89065,3.52643,447,122640,0.262508,0.34,1,415685,415238,447
99822981,12.1781,12.7053,445,122640,0.316502,0.23,1,415698,415253,445
99825901,8.83563,10.5411,443,122640,0.2953,0.26,1,415706,415263,443
99828821,15.3671,8.50821,452,122640,0.29106,0.28,1,415723,415271,452
99831741,4.67342,16.9016,435,122640,0.258212,0.27,1,415725,415290,435
99834661,3.33469,4.98033,436,122640,0.283642,0.28,1,415728,415292,436
99837301,7.86694,2.59607,443,122640,0.240728,0.23,1,415737,415294,443
99840221,15.9734,8.51921,451,122640,0.184146,0.25,1,415755,415304,451
99843141,11.1947,16.1038,443,122640,0.228829,0.23,1,415765,415322,443
99846061,8.63894,11.2208,441,122640,0.221766,0.25,1,415773,415332,441
99848981,37.7278,7.84415,479,122640,0.268353,0.33,1,415818,415339,479
99851901,18.7456,41.5688,443,122640,0.269671,0.25,1,415832,415389,443
99854821,9.34911,11.5138,446,122640,0.317934,0.36,1,415839,415393,446
99857741,5.86982,12.7028,438,122640,0.343587,0.37,1,415844,415406,438
99860661,29.174,4.14055,471,122640,0.260717,0.22,1,415879,415408,471
99863581,28.2348,26.4281,467,122640,0.228143,0.32,1,415907,415440,467
99866501,16.047,27.6856,452,122640,0.301629,0.36,1,415920,415468,452
99869421,16.0094,18.3371,452,122640,0.204326,0.26,1,415936,415484,452
99872341,10.4019,20.4674,440,122640,0.264865,0.27,1,415945,415505,440
99875261,5.28038,5.69348,442,122640,0.244973,0.21,1,415949,415507,442
99877861,2.65608,7.5387,436,122640,0.208995,0.36,1,415951,415515,436
99880781,4.53121,3.10774,439,122640,0.201799,0.33,1,415956,415517,439
99883701,5.70624,5.42155,439,122640,0.20036,0.27,1,415962,415523,439
99886621,11.5412,4.28431,448,122640,0.296072,0.27,1,415975,415527,448
99889541,19.1083,12.0569,455,122640,0.291214,0.25,1,415996,415541,455
99892461,14.2217,24.0114,441,122640,0.266243,0.12,1,416009,415568,441
99895381,18.8443,12.8023,451,122640,0.269249,0.22,1,416029,415578,451
99898301,10.1689,17.7605,440,122640,0.26985,0.21,1,416037,415597,440
99901221,3.63377,13.1521,430,122640,0.26997,0.28,1,416039,415609,430
99904141,3.92675,4.23042,432,122640,0.301994,0.21,1,416043,415611,432
99907061,7.18535,4.04608,436,122640,0.260399,0.13,1,416051,415615,436
99909981,3.83707,8.00922,430,122640,0.23608,0.26,1,416054,415624,430
99912901,8.76741,3.20184,438,122640,0.183216,0.23,1,416064,415626,438
99915821,6.55348,2.24037,442,122640,0.212643,0.13,1,416070,415628,442
99918741,2.9107,6.84807,436,122640,0.194529,0.31,1,416072,415636,436
99921661,2.98214,2.96961,437,122640,0.334906,0.31,1,416075,415638,437
99923621,6.99643,2.19392,443,122640,0.362981,0.28,1,416083,415640,443
99926541,2.99929,8.43878,435,122640,0.336596,0.3,1,416085,415650,435
99929461,3.79986,7.28776,432,122640,0.323319,0.26,1,416089,415657,432
99932381,4.75997,4.65755,433,122640,0.336664,0.2,1,416094,415661,433
99935301,11.352,3.33151,443,122640,0.283333,0.15,1,416107,415664,443
99938221,3.8704,6.2663,438,122640,0.248667,0.2,1,416109,415671,438
99941141,11.9741,4.45326,448,122640,0.249733,0.28,1,416123,415675,448
99944061,11.1948,8.89065,449,122640,0.305947,0.33,1,416134,415685,449
99946981,7.03896,12.1781,442,122640,0.229189,0.29,1,416140,415698,442
99949901,14.2078,8.83563,450,122640,0.253838,0.29,1,416156,415706,450
99952821,4.44156,15.3671,435,122640,0.258768,0.25,1,416158,415723,435
99955741,2.48831,4.67342,435,122640,0.227754,0.29,1,416160,415725,435
99957941,8.49766,3.33469,442,122640,0.293551,0.23,1,416170,415728,442
99960861,15.2995,7.86694,450,122640,0.24271,0.17,1,416187,415737,450
99963781,11.8599,15.9734,443,122640,0.328542,0.24,1,416198,415755,443
99966701,7.97198,11.1947,440,122640,0.249708,0.22,1,416205,415765,440
99969621,40.7944,8.63894,481,122640,0.233942,0.28,1,416254,415773,481
99972541,20.1589,37.7278,451,122640,0.262788,0.27,1,416269,415818,451
99975461,8.83178,18.7456,443,122640,0.212558,0.33,1,416275,415832,443
99978381,3.36636,9.34911,438,122640,0.218512,0.35,1,416277,415839,438
99980821,29.4733,5.86982,469,122640,0.219702,0.24,1,416313,415844,469
99983741,29.8947,29.174,464,122640,0.28394,0.22,1,416343,415879,464
99986661,15.5789,28.2348,448,122640,0.320788,0.32,1,416355,415907,448
99989581,15.1158,16.047,450,122640,0.312158,0.18,1,416370,415920,450
99992501,7.02316,16.0094,439,122640,0.278432,0.28,1,416375,415936,439
99995421,4.60463,10.4019,434,122640,0.247686,0.24,1,416379,415945,434
99998341,2.52093,5.28038,432,122640,0.273537,0.2,1,416381,415949,432
100001261,9.30419,2.65608,441,122640,0.286707,0.2,1,416392,415951,441
100004181,5.06084,4.53121,440,122640,0.273341,0.2,1,416396,415956,440
100007101,12.2122,5.70624,448,122640,0.318668,0.32,1,416410,415962,448
100010021,20.0424,11.5412,457,122640,0.311734,0.29,1,416432,415975,457
100012941,12.0085,19.1083,446,122640,0.262347,0.26,1,416442,415996,446
100015861,19.2017,14.2217,454,122640,0.300469,0.27,1,416463,416009,454
100018781,10.2403,18.8443,442,122640,0.236094,0.27,1,416471,416029,442
100021701,3.64807,10.1689,436,122640,0.327219,0.27,1,416473,416037,436
100024501,2.32961,3.63377,436,122640,0.345444,0.31,1,416475,416039,436
100027421,6.06592,3.92675,439,122640,0.357089,0.25,1,416482,416043,439
100030341,3.61318,7.18535,434,122640,0.351418,0.23,1,416485,416051,434
100033261,7.12264,3.83707,439,122640,0.342284,0.17,1,416493,416054,439
100036181,12.6245,8.76741,443,122640,0.236457,0.22,1,416507,416064,443
100039101,4.12491,6.55348,439,122640,0.303291,0.19,1,416509,416070,439
100042021,2.42498,2.9107,439,122640,0.292658,0.37,1,416511,416072,439
100044941,8.485,2.98214,446,122640,0.274532,0.33,1,416521,416075,446
100047861,3.297,8.59643,438,122640,0.350906,0.32,1,416523,416085,438
100050781,3.8594,4.91929,438,122640,0.318181,0.34,1,416527,416089,438
100053701,3.97188,4.98386,437,122640,0.319636,0.27,1,416531,416094,437
100056621,7.99438,11.3968,433,122640,0.351927,0.24,1,416540,416107,433
100059541,6.39888,3.87935,437,122640,0.342385,0.25,1,416546,416109,437
100062461,12.4798,11.9759,437,122640,0.332477,0.32,1,416560,416123,437
100065381,10.496,11.1952,436,122640,0.298495,0.21,1,416570,416134,436
100068301,6.89919,7.03903,436,122640,0.331699,0.26,1,416576,416140,436
100071221,14.1798,14.2078,436,122640,0.34634,0.26,1,416592,416156,436
100074141,6.03597,4.44156,438,122640,0.285268,0.22,1,416596,416158,438
100077061,2.80719,2.48831,438,122640,0.241054,0.22,1,416598,416160,438
100078581,2.96144,0.497662,441,122640,0.256211,0.31,1,416601,416160,441
100081501,20.5923,8.09953,456,122640,0.251242,0.23,1,416626,416170,456
100084421,7.31846,15.2199,443,122640,0.282248,0.35,1,416630,416187,443
100087341,8.66369,11.844,441,122640,0.24845,0.23,1,416639,416198,441
100090261,41.7327,7.9688,484,122640,0.34569,0.23,1,416689,416205,484
100093181,17.1465,40.7938,446,122640,0.397138,0.27,1,416700,416254,446
100096101,12.2293,20.1588,442,122640,0.375428,0.2,1,416711,416269,442
100099021,6.44586,8.83175,441,122640,0.339085,0.22,1,416716,416275,441
100101941,26.8892,3.36635,471,122640,0.355817,0.22,1,416748,416277,471
100104861,30.9778,29.4733,467,122640,0.303163,0.3,1,416780,416313,467
100107781,13.3956,29.8947,446,122640,0.204633,0.33,1,416789,416343,446
100110701,14.6791,15.5789,449,122640,0.352927,0.31,1,416804,416355,449
100113621,9.33582,15.1158,442,122640,0.294585,0.27,1,416812,416370,442
100116541,5.06716,7.02316,441,122640,0.290917,0.24,1,416816,416375,441
100119141,2.61343,4.60463,439,122640,0.314183,0.24,1,416818,416379,439
100122061,4.52269,4.12093,440,122640,0.278837,0.29,1,416823,416383,440
100124981,4.90454,8.02419,436,122640,0.263767,0.27,1,416828,416392,436
100127901,15.3809,4.80484,450,122640,0.244753,0.33,1,416846,416396,450
100130821,19.0762,12.161,456,122640,0.312951,0.31,1,416866,416410,456
100133741,13.4152,20.0322,446,122640,0.36659,0.25,1,416878,416432,446
100136661,21.883,12.0064,460,122640,0.345318,0.31,1,416902,416442,460
100139581,10.7766,19.2013,447,122640,0.317064,0.22,1,416910,416463,447
100142501,3.75532,10.2403,441,122640,0.287413,0.35,1,416912,416471,441
100145141,2.35106,3.64805,441,122640,0.361483,0.35,1,416914,416473,441
100148061,5.27021,2.32961,445,122640,0.320297,0.36,1,416920,416475,445
100150981,2.65404,6.06592,440,122640,0.312059,0.35,1,416922,416482,440
100153901,3.73081,3.61318,441,122640,0.374412,0.34,1,416926,416485,441
100156821,12.7462,7.12264,448,122640,0.338882,0.21,1,416941,416493,448
100159741,4.14923,12.6245,436,122640,0.299776,0.32,1,416943,416507,436
100162661,3.22985,4.12491,437,122640,0.251955,0.29,1,416946,416509,437
100164901,11.846,2.42498,449,122640,0.298391,0.27,1,416960,416511,449
100167821,4.76919,8.485,442,122640,0.339678,0.37,1,416963,416521,442
100170741,4.15384,3.297,444,122640,0.387936,0.31,1,416967,416523,444
100172801,2.43077,3.8594,442,122640,0.389587,0.37,1,416969,416527,442
100175721,3.68615,4.77188,441,122640,0.349917,0.36,1,416973,416532,441
100178641,7.13723,7.35438,441,122640,0.373983,0.34,1,416981,416540,441
100181561,3.02745,6.27088,437,122640,0.386797,0.33,1,416983,416546,437
100184481,13.4055,12.4542,439,122640,0.397359,0.29,1,416999,416560,439
100187401,13.0811,10.4908,442,122640,0.367472,0.34,1,417012,416570,442
100190321,5.81622,6.89817,440,122640,0.329494,0.35,1,417016,416576,440
100193241,10.7632,14.1796,436,122640,0.393899,0.27,1,417028,416592,436
100196161,7.75265,6.03593,439,122640,0.38278,0.23,1,417035,416596,439
100198801,3.15053,2.80719,439,122640,0.348556,0.26,1,417037,416598,439
100201721,17.4301,2.96144,457,122640,0.253711,0.25,1,417058,416601,457
100204641,8.28602,20.5923,438,122640,0.202742,0.29,1,417064,416626,438
100207561,8.0572,7.31846,442,122640,0.280548,0.24,1,417072,416630,442
100210481,48.0114,8.66369,491,122640,0.24011,0.37,1,417130,416639,491
100213401,16.0023,41.7327,449,122640,0.264022,0.41,1,417138,416689,449
100216321,13.6005,17.1465,451,122640,0.332804,0.37,1,417151,416700,451
100219241,9.12009,12.2293,448,122640,0.322561,0.33,1,417159,416711,448
100222161,21.024,6.44586,467,122640,0.344512,0.36,1,417183,416716,467
100225081,27.4048,26.8892,464,122640,0.252902,0.29,1,417212,416748,464
100228001,16.681,30.9778,446,122640,0.258581,0.18,1,417226,416780,446
100230921,14.5362,13.3956,451,122640,0.275716,0.39,1,417240,416789,451
100233841,7.70724,14.6791,442,122640,0.335143,0.28,1,417246,416804,442
100236761,4.74145,9.33582,438,122640,0.307029,0.29,1,417250,416812,438
100239681,3.34829,5.06716,437,122640,0.325406,0.32,1,417253,416816,437
100242601,7.86966,2.61343,444,122640,0.305081,0.27,1,417262,416818,444
100245521,4.77393,4.52269,443,122640,0.309016,0.26,1,417266,416823,443
100248441,18.5548,4.90454,460,122640,0.221803,0.24,1,417288,416828,460
100251361,18.911,15.3809,461,122640,0.316361,0.33,1,417307,416846,461
100254281,10.1822,19.0762,449,122640,0.271272,0.38,1,417315,416866,449
100257201,21.2364,13.4152,461,122640,0.254254,0.34,1,417339,416878,461
100260121,9.84729,21.883,444,122640,0.242851,0.31,1,417346,416902,444
100263041,3.56946,10.7766,438,122640,0.28857,0.28,1,417348,416910,438
100265961,5.51389,3.75532,442,122640,0.241714,0.38,1,417354,416912,442
100268881,2.70278,2.35106,442,122640,0.232343,0.31,1,417356,416914,442
100271801,2.14056,5.27021,438,122640,0.230469,0.31,1,417358,416920,438
100274721,2.02811,2.65404,438,122640,0.238094,0.39,1,417360,416922,438
100277641,16.4056,3.73081,454,122640,0.207619,0.33,1,417380,416926,454
100280561,4.88112,12.7462,441,122640,0.233524,0.29,1,417382,416941,441
100283481,2.57622,4.14923,441,122640,0.206705,0.24,1,417384,416943,441
100285541,13.3152,3.22985,454,122640,0.177341,0.31,1,417400,416946,454
100288461,4.26305,11.846,442,122640,0.211468,0.35,1,417402,416960,442
100291381,6.45261,4.76919,446,122640,0.218294,0.4,1,417409,416963,446
100293441,2.89052,4.15384,444,122640,0.203659,0.37,1,417411,416967,444
100296361,5.3781,7.23077,442,122640,0.248732,0.37,1,417417,416975,442
100299281,3.47562,1.44615,445,122640,0.273746,0.38,1,417420,416975,445
100302201,4.69512,5.08923,444,122640,0.294749,0.39,1,417425,416981,444
100305121,10.539,2.61785,454,122640,0.25095,0.4,1,417437,416983,454
100308041,14.1078,13.3236,453,122640,0.22619,0.36,1,417452,416999,453
100310961,6.02156,13.0647,444,122640,0.229238,0.32,1,417456,417012,444
100313881,7.60431,5.81294,448,122640,0.173848,0.41,1,417464,417016,448
100316801,5.52086,10.7626,441,122640,0.15477,0.38,1,417469,417028,441
100319721,2.70417,7.75252,436,122640,0.270954,0.34,1,417471,417035,436
100322641,20.5408,3.1505,459,122640,0.278191,0.23,1,417496,417037,459
100325561,8.10817,17.4301,443,122640,0.231638,0.19,1,417501,417058,443
100328481,4.02163,8.28602,440,122640,0.174328,0.3,1,417504,417064,440
100331401,48.0043,8.0572,491,122640,0.290866,0.23,1,417563,417072,491
100334321,20.8009,48.0114,447,122640,0.290173,0.27,1,417577,417130,447
100337241,12.9602,16.0023,450,122640,0.354035,0.35,1,417588,417138,450
100340161,10.592,13.6005,447,122640,0.326807,0.32,1,417598,417151,447
100343081,18.9184,9.12009,460,122640,0.217361,0.35,1,417619,417159,460
100346001,26.1837,21.024,464,122640,0.307472,0.23,1,417647,417183,464
100348921,18.0367,27.4048,451,122640,0.349494,0.26,1,417663,417212,451
100351841,14.0073,16.681,450,122640,0.357899,0.28,1,417676,417226,450
100354761,7.60147,14.5362,442,122640,0.27958,0.35,1,417682,417240,442
100357681,4.72029,7.70724,440,122640,0.351916,0.3,1,417686,417246,440
100360601,2.54406,4.74145,438,122640,0.374383,0.33,1,417688,417250,438
100363521,6.10881,3.34829,442,122640,0.354877,0.3,1,417695,417253,442
100366441,6.82176,7.86966,440,122640,0.326975,0.31,1,417702,417262,440
100368741,18.1644,4.77393,457,122640,0.305395,0.2,1,417723,417266,457
100371661,17.2329,18.5548,452,122640,0.301079,0.34,1,417740,417288,452
100374581,13.8466,18.911,446,122640,0.332216,0.26,1,417753,417307,446
100377501,19.5693,10.1822,459,122640,0.290443,0.25,1,417774,417315,459
100380421,7.11386,21.2364,439,122640,0.258089,0.24,1,417778,417339,439
100383341,3.02277,9.84729,434,122640,0.275618,0.3,1,417780,417346,434
100386261,7.00455,3.56946,440,122640,0.367124,0.23,1,417788,417348,440
100388081,2.20091,5.51389,435,122640,0.401425,0.23,1,417789,417354,435
100391001,2.04018,4.30278,433,122640,0.400285,0.23,1,417791,417358,433
100393921,2.00804,0.860556,435,122640,0.368057,0.24,1,417793,417358,435
100396841,2.00161,1.77211,435,122640,0.337611,0.2,1,417795,417360,435
100399761,15.6003,16.3544,434,122640,0.371522,0.24,1,417814,417380,434
100402681,4.72006,4.87088,434,122640,0.346304,0.2,1,417816,417382,434
100405601,2.54401,2.57418,434,122640,0.317261,0.2,1,417818,417384,434
100407221,11.7088,0.514835,448,122640,0.327452,0.22,1,417832,417384,448
100410141,3.94176,14.503,432,122640,0.28949,0.22,1,417834,417402,432
100413061,9.58835,8.50059,436,122640,0.361898,0.2,1,417845,417409,436
100415981,3.51767,3.30012,436,122640,0.36838,0.26,1,417847,417411,436
100418901,7.10353,5.46002,438,122640,0.345676,0.28,1,417855,417417,438
100421821,3.02071,3.492,437,122640,0.349135,0.3,1,417857,417420,437
100424741,2.20414,4.6984,434,122640,0.349827,0.24,1,417859,417425,434
100427661,11.6408,10.5397,436,122640,0.397965,0.22,1,417873,417437,436
100430581,9.52817,14.1079,430,122640,0.327593,0.23,1,417882,417452,430
100433501,5.10563,6.02159,430,122640,0.377519,0.16,1,417886,417456,430
100435921,13.0211,7.60432,437,122640,0.371504,0.15,1,417901,417464,437
100438841,4.20423,5.52086,434,122640,0.338301,0.3,1,417903,417469,434
100441761,2.44085,2.70417,434,122640,0.30766,0.28,1,417905,417471,434
100444681,22.8882,20.5408,437,122640,0.357532,0.22,1,417933,417496,437
100447601,9.37763,8.10817,438,122640,0.279506,0.16,1,417939,417501,438
100450481,3.47553,4.02163,437,122640,0.231901,0.32,1,417941,417504,437
100453401,46.2951,48.0043,435,122640,0.29438,0.29,1,417998,417563,435
100456321,24.459,20.8009,440,122640,0.346876,0.37,1,418017,417577,440
100459241,12.8918,12.9602,439,122640,0.325375,0.32,1,418027,417588,439
100462161,9.77836,10.592,438,122640,0.345075,0.19,1,418036,417598,438
100465081,17.9557,18.9184,437,122640,0.373015,0.33,1,418056,417619,437
100468001,27.5911,26.1837,439,122640,0.362603,0.36,1,418086,417647,439
100470921,16.7182,18.0367,437,122640,0.368521,0.36,1,418100,417663,437
100473841,17.7436,14.0073,442,122640,0.329704,0.26,1,418118,417676,442
100476761,5.94873,7.60147,439,122640,0.329941,0.37,1,418121,417682,439
100479601,5.98975,4.72029,441,122640,0.361988,0.38,1,418127,417686,441
100482521,2.79795,2.54406,441,122640,0.368398,0.35,1,418129,417688,441
100485441,5.35959,6.10881,440,122640,0.37768,0.32,1,418135,417695,440
100488361,5.87192,6.82176,439,122640,0.371536,0.3,1,418141,417702,439
100491281,17.9744,18.1644,439,122640,0.290307,0.3,1,418162,417723,439
100494201,17.9949,17.2329,440,122640,0.330061,0.34,1,418180,417740,440
100497121,11.599,13.8466,437,122640,0.394012,0.28,1,418190,417753,437
100500041,16.7198,19.5693,434,122640,0.318802,0.25,1,418208,417774,434
100502961,12.144,7.11386,441,122640,0.36776,0.28,1,418219,417778,441
100505601,4.02879,3.02277,441,122640,0.353552,0.39,1,418221,417780,441
100508521,2.40576,7.00455,435,122640,0.31871,0.41,1,418223,417788,435
100511441,2.08115,2.20091,436,122640,0.279742,0.4,1,418225,417789,436
100513921,2.01623,2.04018,436,122640,0.239948,0.29,1,418227,417791,436
100516841,3.60325,5.20804,434,122640,0.35199,0.29,1,418231,417797,434
100519761,11.9206,1.04161,448,122640,0.318398,0.38,1,418245,417797,448
100522681,10.3841,13.8083,441,122640,0.30368,0.34,1,418255,417814,441
100525601,3.67683,4.36166,441,122640,0.300736,0.31,1,418257,417816,441
100527441,1.53537,2.47233,440,122640,0.284147,0.33,1,418258,417818,440
100530361,12.3071,11.6945,441,122640,0.368829,0.28,1,418273,417832,441
100533281,12.0614,3.93889,451,122640,0.329766,0.38,1,418285,417834,451
100536201,4.01228,9.58778,442,122640,0.281953,0.37,1,418287,417845,442
100539121,6.40246,3.51756,447,122640,0.296391,0.34,1,418294,417847,447
100542041,3.68049,7.10351,442,122640,0.339278,0.35,1,418297,417855,442
100544961,2.3361,3.0207,442,122640,0.339856,0.35,1,418299,417857,442
100547621,8.46722,2.20414,450,122640,0.323971,0.41,1,418309,417859,450
100550541,9.69344,11.6408,446,122640,0.336794,0.31,1,418319,417873,446
100553461,5.13869,9.52817,441,122640,0.307359,0.39,1,418323,417882,441
100556381,10.6277,5.10563,449,122640,0.341472,0.37,1,418335,417886,449
100559301,4.52555,13.0211,437,122640,0.324294,0.33,1,418338,417901,437
100562221,7.30511,4.20423,443,122640,0.368859,0.3,1,418346,417903,443
100563841,2.26102,2.44085,442,122640,0.361772,0.37,1,418347,417905,442
100566761,16.4522,22.8882,434,122640,0.264354,0.26,1,418367,417933,434
100569681,12.0904,9.37763,439,122640,0.220871,0.22,1,418378,417939,439
100572601,4.01809,3.47553,439,122640,0.260174,0.31,1,418380,417941,439
100575521,47.2036,46.2951,440,122640,0.268035,0.36,1,418438,417998,440
100578441,23.8407,24.459,439,122640,0.277607,0.32,1,418456,418017,439
100581361,15.9681,12.8918,443,122640,0.319521,0.35,1,418470,418027,443
100584281,8.79363,9.77836,441,122640,0.327904,0.38,1,418477,418036,441
100587201,16.9587,17.9557,440,122640,0.313581,0.36,1,418496,418056,440
100590121,25.7917,27.5911,438,122640,0.326716,0.37,1,418524,418086,438
100593041,16.3583,16.7182,438,122640,0.313343,0.32,1,418538,418100,438
100595961,20.0717,17.7436,441,122640,0.326669,0.33,1,418559,418118,441
100598881,7.21433,5.94873,442,122640,0.337334,0.37,1,418563,418121,442
100601281,6.24287,5.98975,442,122640,0.283467,0.37,1,418569,418127,442
100604201,2.84857,2.79795,442,122640,0.272693,0.38,1,418571,418129,442
100607121,5.36971,5.35959,442,122640,0.342539,0.37,1,418577,418135,442
100610041,2.67394,5.87192,438,122640,0.356508,0.27,1,418579,418141,438
100612961,19.7348,17.9744,441,122640,0.311302,0.34,1,418603,418162,441
100615881,19.147,17.9949,442,122640,0.29426,0.41,1,418622,418180,442
100618801,11.8294,11.599,442,122640,0.282852,0.3,1,418632,418190,442
100621721,14.3659,16.7198,439,122640,0.31257,0.38,1,418647,418208,439
100624641,7.67318,12.144,434,122640,0.262514,0.35,1,418653,418219,434
100627561,8.73464,4.02879,441,122640,0.276503,0.31,1,418662,418221,441
100630401,3.34693,2.40576,441,122640,0.279301,0.26,1,418664,418223,441
100633321,2.26939,2.88115,440,122640,0.24786,0.23,1,418666,418226,440
100636241,2.05388,1.37623,441,122640,0.209572,0.38,1,418668,418227,441
100639161,2.01078,3.47525,439,122640,0.241914,0.31,1,418670,418231,439
100642081,10.0022,11.895,437,122640,0.272383,0.3,1,418682,418245,437
100645001,9.20043,10.379,436,122640,0.334477,0.3,1,418691,418255,436
100647921,5.04009,3.6758,438,122640,0.314895,0.28,1,418695,418257,438
100650841,12.208,1.53516,451,122640,0.302979,0.39,1,418709,418258,451
100653761,12.8416,12.307,449,122640,0.324596,0.32,1,418722,418273,449
100656681,4.96832,12.0614,440,122640,0.288919,0.27,1,418725,418285,440
100659601,4.19366,4.01228,442,122640,0.217784,0.3,1,418729,418287,442
100662521,4.03873,6.40246,439,122640,0.187557,0.35,1,418733,418294,439
100665441,3.20775,3.68049,439,122640,0.309511,0.34,1,418736,418297,439
100668261,9.44155,2.3361,448,122640,0.349902,0.32,1,418747,418299,448
100671181,8.28831,8.46722,446,122640,0.33398,0.34,1,418755,418309,446
100674101,6.45766,9.69344,442,122640,0.330796,0.3,1,418761,418319,442
100677021,10.8915,5.13869,450,122640,0.354159,0.35,1,418773,418323,450
100679941,3.77831,10.6277,440,122640,0.326832,0.32,1,418775,418335,440
100682861,2.35566,4.52555,439,122640,0.345366,0.38,1,418777,418338,439
100685781,2.07113,7.30511,433,122640,0.349073,0.24,1,418779,418346,433
100688701,15.6142,18.261,431,122640,0.301815,0.21,1,418798,418367,431
100691621,18.3228,12.4522,439,122640,0.316363,0.27,1,418817,418378,439
100694541,5.26457,4.09044,439,122640,0.311273,0.27,1,418819,418380,439
100697461,47.4529,47.2181,439,122640,0.302255,0.28,1,418877,418438,439
100700381,23.8906,23.8436,439,122640,0.316451,0.33,1,418895,418456,439
100703301,13.5781,15.9687,436,122640,0.24729,0.33,1,418906,418470,436
100706221,10.7156,8.79374,439,122640,0.281458,0.31,1,418916,418477,439
100709141,14.1431,16.9587,435,122640,0.296292,0.33,1,418931,418496,435
100712061,26.0286,25.7917,436,122640,0.323258,0.31,1,418960,418524,436
100714981,19.6057,16.3583,440,122640,0.296652,0.33,1,418978,418538,440
100717901,17.5211,20.0717,436,122640,0.32333,0.34,1,418995,418559,436
100720821,6.70423,7.21433,436,122640,0.296666,0.27,1,418999,418563,436
100723741,9.34085,6.24287,440,122640,0.347333,0.27,1,419009,418569,440
100726661,3.46817,2.84857,440,122640,0.357467,0.36,1,419011,418571,440
100729201,3.89363,5.36971,438,122640,0.351493,0.36,1,419015,418577,438
100732121,3.97873,2.67394,440,122640,0.294299,0.3,1,419019,418579,440
100735041,13.5957,19.7348,432,122640,0.30686,0.29,1,419035,418603,432
100737961,23.5192,19.147,439,122640,0.269372,0.28,1,419061,418622,439
100740881,12.7038,11.8294,439,122640,0.277874,0.32,1,419071,418632,439
100743801,12.9408,14.3659,437,122640,0.351575,0.25,1,419084,418647,437
100746721,5.78815,7.67318,435,122640,0.326315,0.28,1,419088,418653,435
100749641,11.5576,8.73464,439,122640,0.337263,0.28,1,419101,418662,439
100752561,3.91153,3.34693,439,122640,0.307453,0.24,1,419103,418664,439
100755201,2.38231,2.26939,439,122640,0.269491,0.4,1,419105,418666,439
100758121,2.07646,5.25388,435,122640,0.229898,0.4,1,419107,418672,435
100761041,2.01529,1.05078,437,122640,0.24598,0.28,1,419109,418672,437
100763961,10.0031,8.21016,439,122640,0.273196,0.35,1,419121,418682,439
100766881,3.60061,8.84203,432,122640,0.350639,0.31,1,419123,418691,432
100769801,2.32012,4.96841,430,122640,0.334128,0.3,1,419125,418695,430
100772721,18.864,12.1937,439,122640,0.322826,0.33,1,419148,418709,439
100775641,6.9728,12.8387,430,122640,0.296565,0.28,1,419152,418722,430
100778561,10.1946,4.96775,438,122640,0.331313,0.2,1,419163,418725,438
100781201,5.23891,4.19355,438,122640,0.282263,0.18,1,419167,418729,438
100784121,5.84778,4.03871,440,122640,0.232453,0.34,1,419173,418733,440
100787041,2.76956,3.20774,439,122640,0.34249,0.36,1,419175,418736,439
100789961,10.1539,9.44155,440,122640,0.316498,0.33,1,419187,418747,440
100792881,7.63078,8.28831,439,122640,0.3033,0.33,1,419194,418755,439
100795801,6.32616,6.45766,439,122640,0.34866,0.36,1,419200,418761,439
100798721,10.0652,10.8915,438,122640,0.341732,0.32,1,419211,418773,438
100801641,3.61305,3.77831,438,122640,0.316346,0.35,1,419213,418775,438
100804561,2.32261,2.35566,438,122640,0.335269,0.35,1,419215,418777,438
100806581,3.66452,0.471132,442,122640,0.339054,0.33,1,419219,418777,442
100809501,12.7329,4.09423,452,122640,0.275811,0.29,1,419234,418782,452
100812421,20.1466,13.6188,458,122640,0.191162,0.32,1,419256,418798,458
100815341,5.62932,17.9238,441,122640,0.150232,0.31,1,419258,418817,441
100818261,41.9259,5.18475,490,122640,0.270046,0.3,1,419309,418819,490
100821181,22.7852,47.437,450,122640,0.214009,0.32,1,419327,418877,450
100824101,17.357,23.8874,448,122640,0.290802,0.23,1,419343,418895,448
100827021,8.27141,13.5775,443,122640,0.33816,0.29,1,419349,418906,443
100829941,15.2543,10.7155,450,122640,0.307632,0.3,1,419366,418916,450
100832861,30.2509,14.1431,469,122640,0.373526,0.33,1,419400,418931,469
100835781,17.2502,26.0286,454,122640,0.306705,0.29,1,419414,418960,454
100838701,14.65,19.6057,450,122640,0.253341,0.33,1,419428,418978,450
100841621,10.93,17.5211,443,122640,0.234668,0.29,1,419438,418995,443
100844541,6.986,6.70423,445,122640,0.246934,0.36,1,419444,418999,445
100847461,2.9972,9.34085,437,122640,0.257387,0.36,1,419446,419009,437
100850381,6.99944,3.46817,443,122640,0.211477,0.35,1,419454,419011,443
100852341,2.99989,3.89363,441,122640,0.250295,0.32,1,419456,419015,441
100855261,11.8,5.57873,449,122640,0.290059,0.31,1,419470,419021,449
100858181,22.36,12.3157,460,122640,0.186012,0.26,1,419495,419035,460
100861101,15.672,23.2632,448,122640,0.285202,0.28,1,419509,419061,448
100864021,9.5344,12.6526,446,122640,0.28904,0.37,1,419517,419071,446
100866941,5.10688,12.9305,437,122640,0.265808,0.32,1,419521,419084,437
100869861,10.6214,5.78611,445,122640,0.325162,0.34,1,419533,419088,445
100872781,3.72428,11.5572,434,122640,0.305032,0.3,1,419535,419101,434
100875701,2.34486,3.91144,434,122640,0.325006,0.26,1,419537,419103,434
100878341,8.46897,2.38229,442,122640,0.329001,0.25,1,419547,419105,442
100881261,4.09379,5.27646,439,122640,0.3058,0.25,1,419550,419111,439
100884181,8.81876,1.05529,449,122640,0.33316,0.28,1,419560,419111,449
100887101,3.36375,8.21106,441,122640,0.338632,0.37,1,419562,419121,441
100890021,2.27275,3.24221,441,122640,0.347726,0.33,1,419564,419123,441
100892901,18.8545,2.24844,462,122640,0.309545,0.32,1,419587,419125,462
100895821,6.17091,18.8497,442,122640,0.325909,0.29,1,419590,419148,442
100898741,6.03418,6.96994,444,122640,0.241182,0.34,1,419596,419152,444
100901661,9.20684,10.194,443,122640,0.272236,0.27,1,419606,419163,443
100904581,5.04137,5.2388,443,122640,0.254447,0.22,1,419610,419167,443
100907461,5.00827,5.84776,442,122640,0.258889,0.36,1,419615,419173,442
100910381,9.00165,5.16955,447,122640,0.299778,0.31,1,419625,419178,447
100913301,8.20033,8.23391,446,122640,0.291956,0.3,1,419633,419187,446
100916221,4.84007,7.24678,443,122640,0.298391,0.36,1,419637,419194,443
100919141,10.568,6.24936,449,122640,0.299678,0.34,1,419649,419200,449
100922061,3.7136,10.0499,440,122640,0.267936,0.31,1,419651,419211,440
100924981,2.34272,3.60997,440,122640,0.229587,0.34,1,419653,419213,440
100926801,1.26854,2.32199,439,122640,0.205917,0.35,1,419654,419215,439
100929721,13.0537,10.0644,443,122640,0.313183,0.26,1,419670,419227,443
100932641,20.2107,7.61288,458,122640,0.214637,0.17,1,419692,419234,458
100935561,6.44215,19.1226,439,122640,0.154927,0.14,1,419695,419256,439
100938481,40.4884,5.42452,486,122640,0.222985,0.3,1,419744,419258,486
100941401,24.8977,41.8849,456,122640,0.212597,0.2,1,419765,419309,456
100944321,16.9795,22.777,453,122640,0.266519,0.31,1,419780,419327,453
100947241,9.79591,17.3554,445,122640,0.189304,0.35,1,419788,419343,445
100950161,12.3592,8.27108,452,122640,0.229861,0.3,1,419801,419349,452
100953081,29.6718,15.2542,469,122640,0.197972,0.39,1,419835,419366,469
100956001,16.3344,30.2508,448,122640,0.287594,0.29,1,419848,419400,448
100958921,13.6669,17.2502,447,122640,0.305519,0.24,1,419861,419414,447
100961841,10.7334,14.65,443,122640,0.269104,0.23,1,419871,419428,443
100964761,6.94667,10.93,439,122640,0.213821,0.25,1,419877,419438,439
100967681,4.58933,6.986,437,122640,0.258764,0.26,1,419881,419444,437
100970601,6.51787,2.9972,442,122640,0.235753,0.2,1,419888,419446,442
100973521,2.90357,6.99944,436,122640,0.255151,0.26,1,419890,419454,436
100976441,10.1807,2.99989,446,122640,0.25103,0.3,1,419902,419456,446
100979361,25.2361,11.8,461,122640,0.146206,0.16,1,419931,419470,461
100982281,14.6472,22.36,448,122640,0.237241,0.31,1,419943,419495,448
100985201,12.5294,15.672,446,122640,0.279448,0.29,1,419955,419509,446
100988121,5.70589,9.5344,442,122640,0.22389,0.26,1,419959,419517,442
100991041,5.94118,5.10688,444,122640,0.276778,0.34,1,419965,419521,444
100993961,7.58824,10.6214,440,122640,0.263356,0.3,1,419973,419533,440
100996881,3.11765,3.72428,440,122640,0.260671,0.33,1,419975,419535,440
100998981,2.22353,2.34486,440,122640,0.260134,0.33,1,419977,419537,440
101001901,9.24471,8.46897,441,122640,0.300027,0.3,1,419988,419547,441
101004821,5.04894,4.09379,442,122640,0.260005,0.34,1,419992,419550,442
101007741,2.60979,8.81876,434,122640,0.220001,0.34,1,419994,419560,434
101010661,2.12196,3.36375,434,122640,0.172,0.35,1,419996,419562,434
101013541,17.2244,2.27275,453,122640,0.2504,0.3,1,420017,419564,453
101016461,13.0449,18.8545,442,122640,0.29808,0.33,1,420029,419587,442
101019381,4.20898,6.17091,441,122640,0.299616,0.22,1,420031,419590,441
101022301,8.0418,6.03418,444,122640,0.251923,0.28,1,420040,419596,444
101025221,4.80836,9.20684,438,122640,0.234385,0.25,1,420044,419606,438
101028141,7.36167,5.04137,442,122640,0.278877,0.26,1,420052,419610,442
101031061,7.87233,5.00827,445,122640,0.279775,0.31,1,420060,419615,445
101033981,7.17447,9.00165,442,122640,0.295955,0.29,1,420067,419625,442
101036901,6.23489,8.20033,440,122640,0.331191,0.3,1,420073,419633,440
101039821,10.847,4.84007,448,122640,0.354238,0.3,1,420085,419637,448
101042741,3.7694,10.568,438,122640,0.358848,0.26,1,420087,419649,438
101045661,2.35388,3.7136,438,122640,0.32777,0.22,1,420089,419651,438
101047861,2.07078,2.34272,438,122640,0.321554,0.22,1,420091,419653,438
101050781,6.81416,2.06854,444,122640,0.360311,0.34,1,420099,419655,444
101053701,20.5628,12.4137,453,122640,0.248062,0.19,1,420123,419670,453
101056621,5.71257,20.0827,433,122640,0.329612,0.14,1,420125,419692,433
101059541,44.3425,6.41655,484,122640,0.369922,0.24,1,420179,419695,484
101062461,20.8685,40.4833,450,122640,0.313984,0.21,1,420194,419744,450
101065381,20.1737,24.8967,449,122640,0.366797,0.28,1,420214,419765,449
101068301,9.63474,16.9793,441,122640,0.321359,0.17,1,420221,419780,441
101071221,13.1269,9.79587,447,122640,0.320272,0.24,1,420235,419788,447
101074141,31.4254,12.3592,470,122640,0.264054,0.19,1,420271,419801,470
101077061,16.6851,29.6718,449,122640,0.292811,0.31,1,420284,419835,449
101079981,12.137,16.3344,447,122640,0.282562,0.31,1,420295,419848,447
101082901,11.2274,13.6669,445,122640,0.384512,0.26,1,420306,419861,445
101085821,3.84548,10.7334,437,122640,0.372902,0.2,1,420308,419871,437
101088741,5.5691,6.94667,437,122640,0.35458,0.27,1,420314,419877,437
101090501,6.71382,4.58933,440,122640,0.374916,0.23,1,420321,419881,440
101093421,2.94276,6.51787,435,122640,0.354983,0.26,1,420323,419888,435
101096341,8.58855,2.90357,443,122640,0.366997,0.25,1,420333,419890,443
101099261,27.3177,10.1807,463,122640,0.337399,0.12,1,420365,419902,463
101102181,16.6635,25.2361,448,122640,0.42748,0.26,1,420379,419931,448
101105101,12.9327,14.6472,448,122640,0.437496,0.29,1,420391,419943,448
101108021,5.78654,12.5294,440,122640,0.375499,0.21,1,420395,419955,440
101110941,4.35731,5.70589,440,122640,0.3551,0.29,1,420399,419959,440
101113861,3.27146,5.94118,437,122640,0.43902,0.26,1,420402,419965,437
101116781,7.85429,7.58824,438,122640,0.423804,0.26,1,420411,419973,438
101119701,3.17086,3.11765,438,122640,0.420761,0.26,1,420413,419975,438
101122621,9.43417,2.22353,447,122640,0.332152,0.31,1,420424,419977,447
101125541,5.08683,9.24471,440,122640,0.37843,0.25,1,420428,419988,440
101128461,2.61737,5.04894,438,122640,0.387686,0.21,1,420430,419992,438
101131061,2.12347,2.60979,438,122640,0.357537,0.35,1,420432,419994,438
101133981,17.2247,3.72196,455,122640,0.327507,0.27,1,420453,419998,455
101136901,9.84494,15.9444,444,122640,0.249501,0.31,1,420461,420017,444
101139821,3.56899,12.7889,434,122640,0.2899,0.3,1,420463,420029,434
101142741,7.1138,4.15778,440,122640,0.39398,0.24,1,420471,420031,440
101145661,7.82276,8.03156,439,122640,0.382796,0.23,1,420479,420040,439
101148581,7.16455,4.80631,442,122640,0.364559,0.29,1,420486,420044,442
101151501,11.0329,7.36126,446,122640,0.432912,0.28,1,420498,420052,446
101154421,8.60658,7.87225,446,122640,0.390582,0.3,1,420506,420060,446
101157341,4.92132,7.17445,443,122640,0.430116,0.34,1,420510,420067,443
101160261,9.78426,6.23489,448,122640,0.446023,0.36,1,420521,420073,448
101163181,6.75685,10.847,442,122640,0.393205,0.36,1,420527,420085,442
101166101,2.95137,3.7694,442,122640,0.414641,0.32,1,420529,420087,442
101168501,2.19027,2.35388,442,122640,0.386928,0.28,1,420531,420089,442
101171421,6.83805,3.67078,446,122640,0.349386,0.37,1,420539,420093,446
101174341,19.7676,5.53416,463,122640,0.245877,0.22,1,420562,420099,463
101177261,5.55352,20.3068,441,122640,0.369175,0.35,1,420564,420123,441
101180181,43.5107,5.66137,492,122640,0.337835,0.38,1,420617,420125,492
101183101,20.7021,44.3323,453,122640,0.235567,0.3,1,420632,420179,453
101186021,20.9404,20.8665,459,122640,0.207113,0.38,1,420653,420194,459
101188941,9.78809,20.1733,446,122640,0.241423,0.31,1,420660,420214,446
101191861,13.9576,9.63466,454,122640,0.248285,0.32,1,420675,420221,454
101194781,30.7915,13.1269,475,122640,0.161657,0.25,1,420710,420235,475
101197701,13.3583,31.4254,448,122640,0.120331,0.3,1,420719,420271,448
101200621,16.2717,16.6851,452,122640,0.208066,0.28,1,420736,420284,452
101203541,9.65433,12.137,449,122640,0.169613,0.41,1,420744,420295,449
101206461,7.53087,11.2274,445,122640,0.257923,0.37,1,420751,420306,445
101209381,3.90617,3.84548,446,122640,0.259585,0.35,1,420754,420308,446
101212301,7.98123,5.5691,449,122640,0.267917,0.35,1,420763,420314,449
101215221,3.19625,8.31382,442,122640,0.261583,0.35,1,420765,420323,442
101217381,8.63925,1.66276,452,122640,0.212317,0.37,1,420775,420323,452
101220301,29.7278,8.33255,477,122640,0.122463,0.33,1,420810,420333,477
101223221,15.5456,27.2665,457,122640,0.136493,0.45,1,420822,420365,457
101226141,10.3091,16.6533,452,122640,0.195299,0.44,1,420831,420379,452
101229061,8.46182,12.9307,448,122640,0.23906,0.36,1,420839,420391,448
101231981,3.29236,5.78613,446,122640,0.239812,0.35,1,420841,420395,446
101234901,2.25847,4.35723,444,122640,0.239962,0.46,1,420843,420399,444
101237821,3.65169,3.27145,445,122640,0.231992,0.42,1,420847,420402,445
101240741,2.33034,7.85429,438,122640,0.238398,0.42,1,420849,420411,438
101243661,10.0661,3.17086,448,122640,0.24768,0.31,1,420861,420413,448
101246581,10.8132,9.43417,448,122640,0.233536,0.39,1,420872,420424,448
101249501,3.76264,5.08683,446,122640,0.190707,0.39,1,420874,420428,446
101251701,3.95253,2.61737,448,122640,0.118141,0.51,1,420878,420430,448
101254621,10.3905,6.92347,452,122640,0.231628,0.32,1,420890,420438,452
101257541,12.4781,13.3847,450,122640,0.134326,0.23,1,420903,420453,450
101260461,4.09562,9.07694,444,122640,0.0828651,0.3,1,420905,420461,444
101263381,7.21912,3.41539,450,122640,0.168573,0.42,1,420913,420463,450
101266301,7.84382,7.08308,450,122640,0.193715,0.38,1,420921,420471,450
101269221,5.56876,7.81662,447,122640,0.158743,0.36,1,420926,420479,447
101272141,12.3138,7.16332,454,122640,0.223749,0.45,1,420940,420486,454
101275061,8.86275,11.0327,450,122640,0.21275,0.38,1,420948,420498,450
101277981,4.97255,8.60653,446,122640,0.21855,0.44,1,420952,420506,446
101280901,7.39451,4.92131,450,122640,0.23571,0.45,1,420960,420510,450
101283821,5.4789,9.78426,444,122640,0.223142,0.38,1,420965,420521,444
101286741,2.69578,6.75685,440,122640,0.220628,0.42,1,420967,420527,440
101289141,2.13916,2.95137,440,122640,0.252126,0.37,1,420969,420529,440
101292061,10.0278,3.79027,448,122640,0.186425,0.34,1,420981,420533,448
101294981,14.8056,5.55805,458,122640,0.181285,0.22,1,420997,420539,458
101297901,4.56111,19.5116,437,122640,0.204257,0.4,1,420999,420562,437
101300821,38.5122,5.50232,482,122640,0.144851,0.33,1,421046,420564,482
101303741,26.1024,43.5005,452,122640,0.15697,0.21,1,421069,420617,452
101306661,21.2205,20.7001,457,122640,0.175394,0.2,1,421089,420632,457
101309581,9.0441,20.94,442,122640,0.211079,0.25,1,421095,420653,442
101312501,17.0088,9.788,454,122640,0.170216,0.25,1,421114,420660,454
101315421,28.2018,13.9576,470,122640,0.146043,0.14,1,421145,420675,470
101318341,12.8404,30.7915,444,122640,0.0692086,0.11,1,421154,420710,444
101321261,14.5681,13.3583,450,122640,0.213842,0.23,1,421169,420719,450
101324181,9.31361,16.2717,441,122640,0.202768,0.16,1,421177,420736,441
101327101,5.06272,9.65433,437,122640,0.176554,0.28,1,421181,420744,437
101330021,6.61254,7.53087,437,122640,0.299311,0.26,1,421188,420751,437
101332941,6.12251,3.90617,440,122640,0.299862,0.27,1,421194,420754,440
101335861,2.8245,7.98123,433,122640,0.267972,0.26,1,421196,420763,433
101338021,10.1649,3.19625,443,122640,0.285594,0.2,1,421208,420765,443
101340941,25.233,8.63925,462,122640,0.225119,0.1,1,421237,420775,462
101343861,18.6466,29.7278,444,122640,0.269024,0.14,1,421254,420810,444
101346781,11.7293,15.5456,442,122640,0.293805,0.21,1,421264,420822,442
101349701,8.74586,10.3091,441,122640,0.290761,0.25,1,421272,420831,441
101352621,3.34917,8.46182,435,122640,0.282152,0.24,1,421274,420839,435
101355541,2.26983,3.29236,435,122640,0.28043,0.24,1,421276,420841,435
101357781,2.05397,2.25847,435,122640,0.264086,0.25,1,421278,420843,435
101360701,2.01079,4.45169,432,122640,0.228817,0.24,1,421280,420848,432
101363621,10.0022,1.69034,443,122640,0.277763,0.25,1,421292,420849,443
101366541,6.80043,9.93807,437,122640,0.215553,0.23,1,421298,420861,437
101369461,2.96009,10.7876,428,122640,0.171111,0.18,1,421300,420872,428
101372381,9.39202,3.75752,437,122640,0.282222,0.1,1,421311,420874,437
101374001,2.6784,3.9515,434,122640,0.280444,0.26,1,421312,420878,434
101376921,5.33568,10.3903,428,122640,0.192089,0.11,1,421318,420890,428
101379841,14.6671,12.4781,432,122640,0.206418,0.07,1,421335,420903,432
101382761,4.53343,4.09561,432,122640,0.265284,0.19,1,421337,420905,432
101385681,6.50669,7.21912,431,122640,0.285057,0.2,1,421344,420913,431
101388601,6.10134,7.84382,429,122640,0.281011,0.15,1,421350,420921,429
101391521,8.42027,5.56876,433,122640,0.248202,0.24,1,421359,420926,433
101394441,12.8841,12.3138,433,122640,0.26564,0.21,1,421373,420940,433
101397361,7.37681,8.86275,431,122640,0.229128,0.22,1,421379,420948,431
101400281,7.07536,4.97255,434,122640,0.301826,0.24,1,421386,420952,434
101403201,7.81507,7.39451,434,122640,0.268365,0.22,1,421394,420960,434
101406121,3.16301,5.4789,431,122640,0.261673,0.22,1,421396,420965,431
101408321,3.0326,2.69578,432,122640,0.276335,0.21,1,421399,420967,432
101411241,6.20652,6.13916,432,122640,0.327267,0.17,1,421406,420974,432
101414161,7.6413,6.82783,433,122640,0.313453,0.18,1,421414,420981,433
101417081,15.1283,14.1656,434,122640,0.278691,0.21,1,421431,420997,434
101420001,4.62565,4.43311,434,122640,0.279738,0.13,1,421433,420999,434
101422921,40.1251,38.4866,436,122640,0.311948,0.16,1,421482,421046,436
101425841,26.425,26.0973,436,122640,0.29439,0.18,1,421505,421069,436
101428761,15.685,21.2195,429,122640,0.386878,0.22,1,421518,421089,429
101431681,12.737,9.04389,435,122640,0.357376,0.16,1,421530,421095,435
101434601,14.5474,17.0088,431,122640,0.343475,0.14,1,421545,421114,431
101437521,26.1095,28.2018,429,122640,0.348695,0.05,1,421574,421145,429
101440441,18.0219,12.8404,436,122640,0.357739,0.25,1,421590,421154,436
101443361,11.6044,14.5681,431,122640,0.335548,0.2,1,421600,421169,431
101446281,12.7209,9.31361,436,122640,0.30711,0.17,1,421613,421177,436
101449201,6.54418,5.06272,437,122640,0.269422,0.33,1,421618,421181,437
101452121,4.50883,6.61254,434,122640,0.373884,0.3,1,421622,421188,434
101455041,8.90177,6.12251,438,122640,0.314777,0.26,1,421632,421194,438
101457201,3.38035,2.8245,438,122640,0.334955,0.29,1,421634,421196,438
101460121,10.2761,10.1649,438,122640,0.330991,0.21,1,421646,421208,438
101463041,21.2552,25.233,433,122640,0.338198,0.28,1,421670,421237,433
101465961,21.051,18.6466,437,122640,0.31564,0.3,1,421691,421254,437
101468881,10.6102,11.7293,435,122640,0.231128,0.29,1,421699,421264,435
101471801,6.92204,8.74586,433,122640,0.374226,0.28,1,421705,421272,433
101474721,2.98441,3.34917,433,122640,0.410845,0.28,1,421707,421274,433
101477641,2.19688,2.26983,433,122640,0.410169,0.26,1,421709,421276,433
101480081,2.03938,2.05397,433,122640,0.418034,0.22,1,421711,421278,433
101483001,5.20788,2.01079,437,122640,0.363607,0.29,1,421717,421280,437
101485921,10.6416,10.0022,437,122640,0.296721,0.2,1,421729,421292,437
101488841,5.32832,6.80043,435,122640,0.291344,0.16,1,421733,421298,435
101491521,3.46566,2.96009,436,122640,0.282269,0.31,1,421736,421300,436
101494441,4.69313,9.39202,430,122640,0.360454,0.28,1,421741,421311,430
101497361,11.3386,2.6784,442,122640,0.344091,0.17,1,421754,421312,442
101500281,15.0677,5.33568,452,122640,0.308818,0.21,1,421770,421318,452
101503201,4.61354,14.6671,437,122640,0.269764,0.28,1,421772,421335,437
101506121,4.92271,4.53343,440,122640,0.325953,0.29,1,421777,421337,440
101508581,5.78454,6.50669,439,122640,0.361191,0.28,1,421783,421344,439
101511501,9.95691,6.10134,444,122640,0.312238,0.24,1,421794,421350,444
101514421,14.7914,8.42027,451,122640,0.262448,0.27,1,421810,421359,451
101517341,7.75828,12.8841,443,122640,0.28449,0.22,1,421816,421373,443
101520261,4.75166,7.37681,441,122640,0.232898,0.32,1,421820,421379,441
101523181,7.35033,7.07536,442,122640,0.31058,0.26,1,421828,421386,442
101526101,6.27007,7.81507,440,122640,0.326116,0.26,1,421834,421394,440
101527921,2.05401,3.16301,439,122640,0.321223,0.28,1,421835,421396,439
101530841,2.0108,3.0326,438,122640,0.344245,0.34,1,421837,421399,438
101533761,3.60216,6.20652,435,122640,0.332849,0.31,1,421841,421406,435
101536681,7.92043,7.6413,436,122640,0.29857,0.27,1,421850,421414,436
101539601,10.3841,15.1283,430,122640,0.299714,0.28,1,421861,421431,430
101542521,9.27682,4.62565,437,122640,0.243943,0.32,1,421870,421433,437
101545441,43.4554,40.1251,440,122640,0.304789,0.29,1,421922,421482,440
101548361,26.2911,26.425,439,122640,0.300958,0.41,1,421944,421505,439
101551281,13.2582,15.685,436,122640,0.236192,0.35,1,421954,421518,436
101554201,15.4516,12.737,440,122640,0.263238,0.34,1,421970,421530,440
101557121,14.2903,14.5474,439,122640,0.244648,0.35,1,421984,421545,439
101560041,22.0581,26.1095,434,122640,0.25693,0.36,1,422008,421574,434
101562961,21.2116,18.0219,439,122640,0.291386,0.33,1,422029,421590,439
101565881,12.2423,11.6044,439,122640,0.234277,0.3,1,422039,421600,439
101568801,15.2485,12.7209,442,122640,0.262855,0.26,1,422055,421613,442
101571721,5.44969,6.54418,440,122640,0.300571,0.4,1,422058,421618,440
101573681,2.68994,4.50883,438,122640,0.276114,0.3,1,422060,421622,438
101576601,6.93799,8.90177,436,122640,0.271223,0.34,1,422068,421632,436
101579521,2.9876,3.38035,436,122640,0.270245,0.33,1,422070,421634,436
101582441,10.1975,10.2761,436,122640,0.302049,0.34,1,422082,421646,436
101585361,23.6395,21.2552,439,122640,0.30041,0.31,1,422109,421670,439
101588281,17.5279,21.051,434,122640,0.292082,0.21,1,422125,421691,434
101591201,15.5056,10.6102,441,122640,0.282416,0.41,1,422140,421699,441
101593441,6.30112,6.92204,439,122640,0.216483,0.42,1,422144,421705,439
101596361,2.86022,2.98441,439,122640,0.195297,0.41,1,422146,421707,439
101599281,3.77204,2.19688,441,122640,0.319059,0.42,1,422150,421709,441
101602201,2.35441,2.03938,441,122640,0.343812,0.35,1,422152,421711,441
101604261,2.07088,5.20788,437,122640,0.348762,0.28,1,422154,421717,437
101607181,7.61418,10.6416,434,122640,0.285752,0.29,1,422163,421729,434
101610101,9.52284,5.32832,440,122640,0.257151,0.28,1,422173,421733,440
101613021,3.50457,3.46566,439,122640,0.25143,0.38,1,422175,421736,439
101615941,5.50091,4.69313,440,122640,0.282286,0.38,1,422181,421741,440
101617781,5.10018,0.938626,445,122640,0.280457,0.34,1,422186,421741,445
101620701,17.02,10.5877,452,122640,0.200091,0.3,1,422206,421754,452
101623621,5.80401,14.9175,439,122640,0.128018,0.26,1,422209,421770,439
101626541,5.1608,4.58351,442,122640,0.217604,0.34,1,422214,421772,442
101629221,4.23216,4.9167,441,122640,0.243521,0.37,1,422218,421777,441
101632141,12.0464,5.78334,449,122640,0.256704,0.3,1,422232,421783,449
101635061,11.2093,9.95667,449,122640,0.227341,0.25,1,422243,421794,449
101637981,11.0419,14.7913,444,122640,0.261468,0.29,1,422254,421810,444
101640901,5.40837,7.75827,442,122640,0.252294,0.22,1,422258,421816,442
101643821,7.48167,4.75165,446,122640,0.250459,0.33,1,422266,421820,446
101646741,3.09633,7.35033,440,122640,0.250092,0.33,1,422268,421828,440
101649661,2.21927,6.27007,436,122640,0.250018,0.35,1,422270,421834,436
101652581,2.04385,3.65401,435,122640,0.258004,0.33,1,422272,421837,435
101655501,3.60877,3.9308,435,122640,0.251601,0.29,1,422276,421841,435
101658421,8.72175,7.98616,436,122640,0.27432,0.3,1,422286,421850,436
101661341,8.14435,10.3972,433,122640,0.214864,0.23,1,422294,421861,433
101664261,8.82887,9.27945,433,122640,0.218973,0.32,1,422303,421870,433
101667181,47.3658,43.4559,438,122640,0.283795,0.3,1,422360,421922,438
101670101,23.0732,26.2912,433,122640,0.280759,0.22,1,422377,421944,433
101673021,12.6146,13.2582,433,122640,0.256152,0.27,1,422387,421954,433
101675941,13.7229,15.4516,431,122640,0.25923,0.24,1,422401,421970,431
101678861,17.1446,14.2903,435,122640,0.307846,0.26,1,422419,421984,435
101681781,25.8289,22.0581,439,122640,0.309569,0.3,1,422447,422008,439
101684701,19.5658,21.2116,436,122640,0.253914,0.22,1,422465,422029,436
101687621,11.9132,12.2423,436,122640,0.218783,0.27,1,422475,422039,436
101690541,15.9826,15.2485,437,122640,0.251757,0.31,1,422492,422055,437
101693461,4.79653,5.44969,436,122640,0.218351,0.27,1,422494,422058,436
101696381,5.75931,2.68994,440,122640,0.29967,0.27,1,422500,422060,440
101699301,2.75186,6.93799,434,122640,0.291934,0.27,1,422502,422068,434
101702221,11.7504,2.9876,446,122640,0.282387,0.31,1,422516,422070,446
101705141,24.7501,10.1975,462,122640,0.272477,0.3,1,422544,422082,462
101708061,18.55,23.6395,452,122640,0.294495,0.29,1,422561,422109,452
101710981,17.31,17.5279,453,122640,0.274899,0.28,1,422578,422125,453
101713901,6.662,15.5056,442,122640,0.23898,0.2,1,422582,422140,442
101716821,2.9324,6.30112,440,122640,0.231796,0.19,1,422584,422144,440
101719281,2.18648,2.86022,440,122640,0.262359,0.35,1,422586,422146,440
101722201,2.0373,6.97204,434,122640,0.236472,0.35,1,422588,422154,434
101725121,2.00746,1.39441,436,122640,0.295294,0.35,1,422590,422154,436
101728041,6.00149,0.278882,443,122640,0.299059,0.27,1,422597,422154,443
101730961,9.2003,7.25578,444,122640,0.283812,0.25,1,422607,422163,444
101733881,3.44006,9.45116,436,122640,0.280762,0.25,1,422609,422173,436
101736801,7.08801,3.49023,442,122640,0.232152,0.29,1,422617,422175,442
101739721,7.0176,5.49805,443,122640,0.302431,0.18,1,422624,422181,443
101742641,14.2035,21.0996,434,122640,0.276486,0.11,1,422640,422206,434
101745561,4.4407,6.61992,433,122640,0.295297,0.24,1,422642,422209,433
101748481,5.68814,5.32398,434,122640,0.203059,0.25,1,422648,422214,434
101751401,6.73763,4.2648,437,122640,0.320612,0.26,1,422655,422218,437
101754321,8.54753,12.053,432,122640,0.280122,0.22,1,422664,422232,432
101757241,12.1095,11.2106,434,122640,0.328024,0.27,1,422677,422243,434
101760161,11.2219,11.0421,434,122640,0.353605,0.25,1,422688,422254,434
101763081,5.44438,5.40842,434,122640,0.342721,0.25,1,422692,422258,434
101766001,9.08888,7.48168,436,122640,0.364544,0.25,1,422702,422266,436
101768921,3.41778,3.09634,436,122640,0.368909,0.25,1,422704,422268,436
101771841,2.28356,2.21927,436,122640,0.369782,0.26,1,422706,422270,436
101774761,2.05671,2.04385,436,122640,0.369956,0.25,1,422708,422272,436
101777521,3.61134,3.60877,436,122640,0.345991,0.28,1,422712,422276,436
101780441,8.72227,8.72175,436,122640,0.309198,0.2,1,422722,422286,436
101783361,6.54445,8.14435,434,122640,0.35784,0.22,1,422728,422294,434
101786281,4.50889,8.82887,429,122640,0.303568,0.3,1,422732,422303,429
101789201,53.7018,47.3658,438,122640,0.236714,0.28,1,422798,422360,438
101792121,21.9404,23.0732,435,122640,0.335343,0.25,1,422812,422377,435
101795041,13.1881,12.6146,436,122640,0.355069,0.26,1,422823,422387,436
101797961,13.8376,13.7229,436,122640,0.335014,0.32,1,422837,422401,436
101800881,19.5675,17.1446,439,122640,0.275003,0.31,1,422858,422419,439
101803801,24.7135,25.8289,437,122640,0.295001,0.24,1,422884,422447,437
101806721,16.1427,19.5658,433,122640,0.195,0.21,1,422898,422465,433
101809641,16.0285,11.9132,439,122640,0.247,0.26,1,422914,422475,439
101812561,14.4057,15.9826,436,122640,0.2654,0.21,1,422928,422492,436
101815481,4.48114,4.79653,436,122640,0.29308,0.32,1,422930,422494,436
101818081,5.69623,5.75931,436,122640,0.242616,0.34,1,422936,422500,436
101821001,5.13925,5.15186,436,122640,0.272523,0.28,1,422941,422505,436
101823921,9.82785,9.83037,436,122640,0.334505,0.27,1,422952,422516,436
101826841,26.7656,24.3661,439,122640,0.282901,0.3,1,422983,422544,439
101829761,17.3531,18.4732,437,122640,0.32858,0.27,1,422998,422561,437
101832681,16.2706,17.2946,436,122640,0.353716,0.23,1,423014,422578,436
101835601,8.05412,6.65893,438,122640,0.318743,0.23,1,423020,422582,438
101838521,3.21082,2.93179,438,122640,0.327749,0.23,1,423022,422584,438
101840341,1.44216,0.586357,439,122640,0.31355,0.31,1,423023,422584,439
101843261,1.88843,4.91727,435,122640,0.31071,0.31,1,423025,422590,435
101846181,1.97769,0.983454,437,122640,0.302142,0.31,1,423027,422590,437
101849101,3.59554,0.196691,441,122640,0.300428,0.3,1,423031,422590,441
101852021,7.91911,5.63934,443,122640,0.316086,0.28,1,423040,422597,443
101854941,7.18382,9.12787,440,122640,0.319217,0.28,1,423047,422607,440
101857861,4.63676,3.42557,442,122640,0.295843,0.22,1,423051,422609,442
101860781,8.92735,7.08511,444,122640,0.331169,0.32,1,423061,422617,444
101863701,8.18547,7.01702,445,122640,0.274234,0.27,1,423069,422624,445
101866621,4.03709,14.2034,432,122640,0.342847,0.3,1,423072,422640,432
101869541,9.60742,4.44068,441,122640,0.268569,0.18,1,423083,422642,441
101872461,5.12148,5.68814,439,122640,0.229714,0.35,1,423087,422648,439
101875381,9.0243,6.73763,442,122640,0.293943,0.27,1,423097,422655,442
101878301,16.2049,8.54753,451,122640,0.282789,0.34,1,423115,422664,451
101881221,10.441,12.1095,447,122640,0.288558,0.36,1,423124,422677,447
101884141,8.48819,11.2219,444,122640,0.265712,0.34,1,423132,422688,444
101887061,8.09764,5.44438,448,122640,0.245142,0.37,1,423140,422692,448
101889981,3.21953,9.08888,440,122640,0.209028,0.37,1,423142,422702,440
101892901,2.24391,3.41778,440,122640,0.201806,0.37,1,423144,422704,440
101895461,3.64878,2.28356,442,122640,0.272361,0.34,1,423148,422706,442
101898381,2.32976,5.25671,438,122640,0.286472,0.34,1,423150,422712,438
101901301,6.86595,1.05134,446,122640,0.289294,0.3,1,423158,422712,446
101904221,4.57319,8.21027,440,122640,0.281859,0.37,1,423162,422722,440
101907141,6.51464,6.44205,441,122640,0.264372,0.29,1,423169,422728,441
101910021,53.3029,4.48841,502,122640,0.284874,0.22,1,423234,422732,502
101912941,23.4606,53.6977,452,122640,0.288975,0.36,1,423250,422798,452
101915861,7.89212,21.9395,442,122640,0.289795,0.36,1,423254,422812,442
101918781,18.3784,13.1879,452,122640,0.353959,0.33,1,423275,422823,452
101921701,19.6757,13.8376,458,122640,0.326792,0.26,1,423295,422837,458
101924621,19.1351,19.5675,456,122640,0.305358,0.3,1,423314,422858,456
101927541,15.827,24.7135,445,122640,0.285072,0.17,1,423329,422884,445
101930461,15.9654,16.1427,447,122640,0.225014,0.26,1,423345,422898,447
101933381,15.1931,16.0285,446,122640,0.269003,0.27,1,423360,422914,446
101936301,7.03862,14.4057,437,122640,0.197801,0.3,1,423365,422928,437
101939221,6.20772,4.48114,441,122640,0.15956,0.23,1,423371,422930,441
101942141,7.64154,5.69623,443,122640,0.239912,0.28,1,423379,422936,443
101945061,6.32831,5.13925,444,122640,0.319982,0.35,1,423385,422941,444
101947981,28.4657,9.82785,467,122640,0.199996,0.27,1,423419,422952,467
101950901,17.6931,26.7656,451,122640,0.287999,0.34,1,423434,422983,451
101953821,16.3386,17.3531,452,122640,0.2496,0.36,1,423450,422998,452
101956741,8.06773,16.2706,442,122640,0.26592,0.31,1,423456,423014,442
101959661,3.21354,8.05412,438,122640,0.237184,0.33,1,423458,423020,438
101962021,2.24271,3.21082,438,122640,0.199437,0.31,1,423460,423022,438
101964941,2.04854,3.04217,437,122640,0.199887,0.3,1,423462,423025,437
101967861,3.60971,2.20843,439,122640,0.247977,0.3,1,423466,423027,439
101970781,3.92194,3.64169,439,122640,0.249595,0.3,1,423470,423031,439
101972421,3.18439,0.728337,442,122640,0.265919,0.32,1,423473,423031,442
101975341,2.23688,7.34567,435,122640,0.261184,0.32,1,423475,423040,435
101978261,10.8474,7.06913,441,122640,0.244237,0.29,1,423488,423047,441
101981181,10.1695,4.61383,447,122640,0.168847,0.34,1,423498,423051,447
101984101,5.23389,8.92277,441,122640,0.169769,0.26,1,423502,423061,441
101987021,2.64678,8.18455,435,122640,0.169954,0.36,1,423504,423069,435
101989941,12.5294,4.03691,447,122640,0.233991,0.25,1,423519,423072,447
101992861,5.70587,9.60738,440,122640,0.270798,0.22,1,423523,423083,440
101995781,4.34117,5.12148,440,122640,0.21416,0.31,1,423527,423087,440
101998701,20.0682,9.0243,454,122640,0.314832,0.28,1,423551,423097,454
102001621,8.81365,16.2049,442,122640,0.302966,0.29,1,423557,423115,442
102004541,6.56273,10.441,439,122640,0.276593,0.26,1,423563,423124,439
102007461,10.9125,8.48819,443,122640,0.351319,0.24,1,423575,423132,443
102010381,3.78251,8.09764,437,122640,0.366264,0.2,1,423577,423140,437
102013301,2.3565,3.21953,437,122640,0.337253,0.2,1,423579,423142,437
102016101,3.6713,2.24391,439,122640,0.379451,0.29,1,423583,423144,439
102019021,2.33426,3.64878,437,122640,0.38789,0.29,1,423585,423148,437
102021941,5.26685,2.32976,441,122640,0.405578,0.29,1,423591,423150,441
102024861,5.05337,6.86595,438,122640,0.369116,0.28,1,423596,423158,438
102027781,3.41067,4.57319,437,122640,0.409823,0.26,1,423599,423162,437
102030701,51.8821,6.51464,494,122640,0.409965,0.29,1,423663,423169,494
102033621,26.3764,53.3029,449,122640,0.289993,0.29,1,423683,423234,449
102036541,11.6753,23.4606,441,122640,0.289999,0.29,1,423691,423250,441
102039461,17.5351,7.89212,456,122640,0.258,0.37,1,423710,423254,456
102042381,20.307,18.3784,456,122640,0.3316,0.32,1,423731,423275,456
102045301,16.8614,19.6757,452,122640,0.35432,0.3,1,423747,423295,452
102048221,16.9723,19.1351,450,122640,0.318864,0.28,1,423764,423314,450
102051141,17.7945,15.827,453,122640,0.327773,0.21,1,423782,423329,453
102054061,7.55889,15.9654,442,122640,0.297555,0.28,1,423787,423345,442
102056981,10.3118,15.1931,438,122640,0.347511,0.18,1,423798,423360,438
102059901,5.26236,7.03862,437,122640,0.301502,0.15,1,423802,423365,437
102061441,1.85247,6.20772,432,122640,0.2843,0.26,1,423803,423371,432
102064361,9.97049,7.64154,436,122640,0.36086,0.34,1,423815,423379,436
102067281,7.5941,6.32831,437,122640,0.384172,0.17,1,423822,423385,437
102070201,23.1188,28.4657,430,122640,0.268834,0.31,1,423849,423419,430
102073121,16.6238,17.6931,430,122640,0.285767,0.24,1,423864,423434,430
102076041,17.7248,16.3386,432,122640,0.329153,0.27,1,423882,423450,432
102078961,10.745,8.06773,435,122640,0.289831,0.23,1,423891,423456,435
102081201,3.74899,3.21354,435,122640,0.281966,0.19,1,423893,423458,435
102084121,2.3498,2.24271,435,122640,0.328393,0.2,1,423895,423460,435
102087041,2.06996,2.04854,435,122640,0.313679,0.26,1,423897,423462,435
102089961,3.61399,3.60971,435,122640,0.342736,0.25,1,423901,423466,435
102092881,3.9228,3.92194,435,122640,0.332547,0.27,1,423905,423470,435
102095761,5.58456,3.18439,438,122640,0.298509,0.29,1,423911,423473,438
102098681,6.71691,4.63688,440,122640,0.331702,0.24,1,423918,423478,440
102101601,13.3434,8.92738,445,122640,0.34634,0.15,1,423933,423488,445
102104521,7.46868,9.78547,441,122640,0.341268,0.17,1,423939,423498,441
102107441,3.09374,5.15709,439,122640,0.316254,0.17,1,423941,423502,439
102110361,13.4187,2.63142,453,122640,0.215251,0.25,1,423957,423504,453
102113281,5.88375,12.5263,442,122640,0.22705,0.28,1,423961,423519,442
102116201,4.37675,5.70526,442,122640,0.17341,0.2,1,423965,423523,442
102119061,18.4754,4.34105,460,122640,0.210682,0.34,1,423987,423527,460
102121981,9.29507,20.0682,443,122640,0.258136,0.3,1,423994,423551,443
102124901,9.05901,8.81364,446,122640,0.299627,0.27,1,424003,423557,446
102127381,12.2118,6.56273,453,122640,0.307925,0.37,1,424016,423563,453
102130301,4.04236,10.9125,443,122640,0.309585,0.37,1,424018,423575,443
102133221,2.40847,3.78251,443,122640,0.277917,0.33,1,424020,423577,443
102135281,2.08169,2.3565,443,122640,0.239583,0.43,1,424022,423579,443
102138201,3.61634,6.8713,439,122640,0.239917,0.43,1,424026,423587,439
102141121,2.32327,1.37426,441,122640,0.303983,0.41,1,424028,423587,441
102144041,5.26465,3.47485,443,122640,0.292797,0.36,1,424034,423591,443
102146961,4.25293,4.69497,442,122640,0.306559,0.42,1,424038,423596,442
102149881,2.45059,3.33899,441,122640,0.309312,0.41,1,424040,423599,441
102152801,50.0901,51.8678,439,122640,0.285862,0.26,1,424102,423663,439
102155721,26.818,26.3736,440,122640,0.257172,0.29,1,424123,423683,440
102158641,11.7636,11.6747,440,122640,0.187434,0.25,1,424131,423691,440
102161561,17.5527,17.5349,440,122640,0.293487,0.35,1,424150,423710,440
102164481,14.7105,20.307,433,122640,0.282697,0.36,1,424164,423731,433
102167401,21.3421,16.8614,440,122640,0.30454,0.31,1,424187,423747,440
102170321,14.6684,16.9723,436,122640,0.332908,0.33,1,424200,423764,436
102173241,18.1337,17.7945,437,122640,0.282582,0.29,1,424219,423782,437
102176161,10.0267,7.55889,440,122640,0.344516,0.36,1,424227,423787,440
102179081,3.60535,10.3118,431,122640,0.324903,0.29,1,424229,423798,431
102182001,5.52107,5.26236,433,122640,0.288981,0.28,1,424235,423802,433
102184921,15.5042,1.85247,450,122640,0.217796,0.38,1,424253,423803,450
102187841,6.30084,9.97049,442,122640,0.299559,0.39,1,424257,423815,442
102190761,23.6602,7.5941,463,122640,0.323912,0.24,1,424285,423822,463
102193681,17.532,23.1188,452,122640,0.264782,0.29,1,424301,423849,452
102196601,15.5064,16.6238,452,122640,0.300956,0.34,1,424316,423864,452
102199521,14.3013,17.7248,448,122640,0.308191,0.28,1,424330,423882,448
102202441,4.46026,10.745,441,122640,0.285638,0.34,1,424332,423891,441
102205361,2.49205,5.34899,439,122640,0.249128,0.31,1,424334,423895,439
102208281,2.09841,2.6698,439,122640,0.209826,0.35,1,424336,423897,439
102211201,2.01968,3.73396,437,122640,0.257965,0.35,1,424338,423901,437
102213701,3.60394,0.746792,441,122640,0.331593,0.33,1,424342,423901,441
102216621,7.12079,3.34936,445,122640,0.274319,0.29,1,424350,423905,445
102219541,6.22416,5.46987,445,122640,0.334864,0.34,1,424356,423911,445
102222021,10.8448,6.69397,450,122640,0.266973,0.35,1,424368,423918,450
102224941,6.96897,13.3388,441,122640,0.285395,0.34,1,424374,423933,441
102227861,2.99379,7.46776,437,122640,0.257079,0.31,1,424376,423939,437
102230781,14.1988,3.09355,452,122640,0.195416,0.19,1,424393,423941,452
102233701,7.63975,13.4187,442,122640,0.215083,0.23,1,424399,423957,442
102236621,4.72795,5.88374,442,122640,0.155017,0.16,1,424403,423961,442
102238241,1.74559,4.37675,439,122640,0.159003,0.22,1,424404,423965,439
102241161,14.7491,18.4754,435,122640,0.303801,0.27,1,424422,423987,435
102244081,10.1498,9.29507,437,122640,0.26076,0.31,1,424431,423994,437
102247001,10.03,9.05901,438,122640,0.300152,0.31,1,424441,424003,438
102249921,10.006,12.2118,435,122640,0.26003,0.31,1,424451,424016,435
102252841,6.0012,4.04236,438,122640,0.340006,0.27,1,424456,424018,438
102255761,2.80024,2.40847,438,122640,0.364001,0.23,1,424458,424020,438
102257381,2.96005,2.08169,439,122640,0.3208,0.35,1,424461,424022,439
102260301,2.19201,4.41634,436,122640,0.32816,0.32,1,424463,424027,436
102263221,2.0384,1.68327,437,122640,0.297632,0.29,1,424465,424028,437
102266141,5.20768,5.13665,437,122640,0.291526,0.31,1,424471,424034,437
102269061,4.24154,4.22733,437,122640,0.274305,0.31,1,424475,424038,437
102271981,2.44831,2.44547,437,122640,0.310861,0.28,1,424477,424040,437
102274901,47.6897,50.0891,434,122640,0.334172,0.25,1,424536,424102,434
102277821,26.3379,26.8178,434,122640,0.338834,0.17,1,424557,424123,434
102280741,15.6676,11.7636,439,122640,0.387767,0.32,1,424570,424131,439
102283661,13.5335,17.5527,433,122640,0.429553,0.28,1,424583,424150,433
102286581,16.3067,14.7105,436,122640,0.277911,0.31,1,424600,424164,436
102289501,24.0613,21.3421,439,122640,0.311582,0.34,1,424626,424187,439
102292421,16.8123,14.6684,441,122640,0.286316,0.27,1,424641,424200,441
102295341,16.1625,18.1337,438,122640,0.273263,0.36,1,424657,424219,438
102298261,11.2325,10.0267,440,122640,0.310653,0.32,1,424667,424227,440
102300641,3.8465,3.60535,440,122640,0.318131,0.28,1,424669,424229,440
102303561,3.9693,5.52107,438,122640,0.271626,0.2,1,424673,424235,438
102306481,16.7939,15.5042,440,122640,0.198325,0.32,1,424693,424253,440
102309401,6.55877,6.30084,440,122640,0.335665,0.33,1,424697,424257,440
102312321,18.9118,23.6602,434,122640,0.323133,0.25,1,424719,424285,434
102315241,17.3824,17.532,435,122640,0.216627,0.31,1,424736,424301,435
102318161,19.4765,15.5064,440,122640,0.179325,0.31,1,424756,424316,440
102321081,11.8953,14.3013,436,122640,0.243865,0.28,1,424766,424330,436
102324001,7.17906,4.46026,440,122640,0.232773,0.24,1,424772,424332,440
102326641,3.03581,2.49205,440,122640,0.206555,0.37,1,424774,424334,440
102329561,3.80716,6.09841,437,122640,0.289311,0.37,1,424778,424341,437
102332481,2.36143,1.21968,439,122640,0.273862,0.35,1,424780,424341,439
102335401,2.07229,1.04394,440,122640,0.238772,0.26,1,424782,424342,440
102338321,3.61446,6.60879,436,122640,0.279754,0.35,1,424786,424350,436
102341241,3.92289,6.12176,434,122640,0.295951,0.25,1,424790,424356,434
102344161,9.58458,10.8244,433,122640,0.29919,0.29,1,424801,424368,433
102347081,9.11692,6.96487,436,122640,0.275838,0.25,1,424810,424374,436
102350001,3.42338,2.99297,436,122640,0.327168,0.18,1,424812,424376,436
102352921,8.68468,14.1986,429,122640,0.313434,0.22,1,424822,424393,429
102355841,12.1369,7.63972,436,122640,0.198687,0.14,1,424835,424399,436
102358761,8.02739,4.72794,439,122640,0.191737,0.16,1,424842,424403,439
102361681,16.0055,1.74559,456,122640,0.246347,0.34,1,424860,424404,456
102364601,9.6011,14.7491,446,122640,0.233269,0.25,1,424868,424422,446
102367521,6.72022,10.1498,443,122640,0.302654,0.31,1,424874,424431,443
102370441,11.744,10.03,446,122640,0.260531,0.25,1,424887,424441,446
102373361,5.54881,10.006,440,122640,0.268106,0.36,1,424891,424451,440
102376281,2.70976,6.0012,437,122640,0.269621,0.37,1,424893,424456,437
102379061,3.74195,2.80024,439,122640,0.277924,0.33,1,424897,424458,439
102381981,2.34839,4.56005,436,122640,0.279585,0.29,1,424899,424463,436
102384901,3.66968,2.51201,438,122640,0.247917,0.29,1,424903,424465,438
102387821,5.53394,5.3024,438,122640,0.313583,0.27,1,424909,424471,438
102390741,4.30679,4.26048,438,122640,0.294717,0.32,1,424913,424475,438
102393661,2.46136,2.4521,438,122640,0.282943,0.32,1,424915,424477,438
102395701,49.2923,0.490419,499,122640,0.184589,0.34,1,424976,424477,499
102398621,21.0585,47.2981,454,122640,0.276918,0.34,1,424990,424536,454
102401541,21.0117,26.2596,454,122640,0.295384,0.4,1,425011,424557,454
102404461,9.80234,15.6519,448,122640,0.283077,0.44,1,425018,424570,448
102407381,18.7605,13.5304,456,122640,0.184615,0.24,1,425039,424583,456
102410301,23.7521,16.3061,464,122640,0.180923,0.32,1,425064,424600,464
102413221,11.9504,24.0612,447,122640,0.260185,0.28,1,425073,424626,447
102416141,19.9901,16.8122,454,122640,0.220037,0.27,1,425095,424641,454
102419061,10.398,16.1624,446,122640,0.236007,0.32,1,425103,424657,446
102421981,3.6796,11.2325,438,122640,0.295201,0.26,1,425105,424667,438
102424901,3.93592,7.0465,436,122640,0.28304,0.18,1,425109,424673,436
102427821,16.7872,17.4093,436,122640,0.240608,0.37,1,425129,424693,436
102430741,8.15744,6.68186,438,122640,0.192122,0.32,1,425135,424697,438
102433661,15.2315,18.9364,433,122640,0.342424,0.19,1,425152,424719,433
102436581,19.8463,17.3873,437,122640,0.324485,0.17,1,425173,424736,437
102439501,18.3693,19.4775,435,122640,0.288897,0.26,1,425191,424756,435
102442421,10.0739,11.8955,433,122640,0.329779,0.23,1,425199,424766,433
102445341,6.81477,7.1791,433,122640,0.313956,0.2,1,425205,424772,433
102448261,6.16295,3.03582,437,122640,0.286791,0.31,1,425211,424774,437
102451181,4.43259,3.80716,437,122640,0.337358,0.31,1,425215,424778,437
102452901,1.68652,0.761433,438,122640,0.371472,0.27,1,425216,424778,438
102455821,1.9373,1.75229,438,122640,0.346294,0.23,1,425218,424780,438
102458741,3.58746,1.95046,440,122640,0.309259,0.29,1,425222,424782,440
102461221,4.71749,3.59009,441,122640,0.301852,0.34,1,425227,424786,441
102464141,8.1435,5.51802,444,122640,0.32437,0.3,1,425236,424792,444
102467061,10.4287,8.3036,446,122640,0.320874,0.27,1,425247,424801,446
102469981,3.68574,8.86072,439,122640,0.296175,0.34,1,425249,424810,439
102472901,3.93715,3.37214,441,122640,0.227235,0.31,1,425253,424812,441
102475821,10.3874,8.67443,443,122640,0.253447,0.17,1,425265,424822,443
102478741,12.4775,12.1349,443,122640,0.186689,0.19,1,425278,424835,443
102481661,12.8955,8.02698,449,122640,0.301338,0.26,1,425291,424842,449
102484581,12.1791,16.0054,443,122640,0.308268,0.23,1,425303,424860,443
102487501,7.23582,9.60108,441,122640,0.213654,0.32,1,425309,424868,441
102490421,11.8472,6.72022,448,122640,0.274731,0.25,1,425322,424874,448
102493341,3.96943,11.744,437,122640,0.254946,0.27,1,425324,424887,437
102496261,3.19389,5.54881,436,122640,0.202989,0.27,1,425327,424891,436
102498241,2.23878,2.70976,436,122640,0.200598,0.28,1,425329,424893,436
102501161,5.24776,3.74195,438,122640,0.28812,0.28,1,425335,424897,438
102504081,2.64955,2.34839,438,122640,0.273624,0.24,1,425337,424899,438
102506561,2.12991,3.66968,436,122640,0.278725,0.33,1,425339,424903,436
102509481,5.22598,5.53394,436,122640,0.231745,0.29,1,425345,424909,436
102512401,4.2452,4.30679,436,122640,0.294349,0.28,1,425349,424913,436
102515321,4.04904,2.46136,438,122640,0.31487,0.16,1,425353,424915,438
102518241,48.8098,49.2923,437,122640,0.214974,0.3,1,425413,424976,437
102521161,19.362,21.0585,435,122640,0.250995,0.3,1,425425,424990,435
102524081,21.4724,21.0117,436,122640,0.210199,0.28,1,425447,425011,436
102527001,11.4945,9.80234,438,122640,0.23404,0.16,1,425456,425018,438
102529921,19.0989,18.7605,438,122640,0.270808,0.18,1,425477,425039,438
102532841,22.2198,23.7521,436,122640,0.270162,0.28,1,425500,425064,436
102535761,10.844,11.9504,435,122640,0.214032,0.21,1,425508,425073,435
102538681,22.1688,19.9901,438,122640,0.218806,0.24,1,425533,425095,438
102541601,6.83376,10.398,433,122640,0.179761,0.31,1,425536,425103,433
102544521,2.96675,3.6796,433,122640,0.195952,0.28,1,425538,425105,433
102547121,7.79335,3.93592,438,122640,0.28719,0.23,1,425547,425109,438
102550041,16.7587,16.7872,437,122640,0.281438,0.18,1,425566,425129,437
102552961,6.55173,8.15744,435,122640,0.216288,0.38,1,425570,425135,435
102555881,17.3103,15.2315,438,122640,0.275258,0.32,1,425590,425152,438
102558801,20.2621,19.8463,438,122640,0.247052,0.28,1,425611,425173,438
102561721,20.0524,18.3693,440,122640,0.26541,0.34,1,425631,425191,440
102564641,7.21048,10.0739,436,122640,0.213082,0.31,1,425635,425199,436
102567561,8.6421,6.81477,439,122640,0.274616,0.28,1,425644,425205,439
102570481,3.32842,6.16295,435,122640,0.294923,0.35,1,425646,425211,435
102573401,3.86568,4.43259,435,122640,0.234985,0.38,1,425650,425215,435
102576241,2.37314,1.68652,436,122640,0.190997,0.32,1,425652,425216,436
102579161,6.87463,2.7373,441,122640,0.214199,0.3,1,425660,425219,441
102582081,4.57493,2.94746,442,122640,0.21084,0.3,1,425664,425222,442
102585001,7.31499,4.58949,445,122640,0.210168,0.33,1,425672,425227,445
102587921,7.063,8.1179,443,122640,0.226034,0.32,1,425679,425236,443
102590841,3.8126,10.4236,435,122640,0.213207,0.29,1,425682,425247,435
102593761,4.76252,3.68472,438,122640,0.218641,0.21,1,425687,425249,438
102596421,8.1525,3.93694,443,122640,0.243728,0.26,1,425696,425253,443
102599341,12.8305,10.3874,445,122640,0.272746,0.17,1,425710,425265,445
102602261,16.9661,12.4775,450,122640,0.246549,0.33,1,425728,425278,450
102605181,12.9932,12.8955,449,122640,0.18531,0.31,1,425740,425291,449
102608101,5.79864,12.1791,441,122640,0.245062,0.19,1,425744,425303,441
102611021,9.15973,7.23582,445,122640,0.193012,0.29,1,425754,425309,445
102613941,6.63195,11.8472,438,122640,0.246602,0.25,1,425760,425322,438
102616861,2.92639,3.96943,438,122640,0.25732,0.19,1,425762,425324,438
102619781,2.18528,3.19389,437,122640,0.259464,0.31,1,425764,425327,437
102622701,5.23706,7.03878,435,122640,0.219893,0.27,1,425770,425335,435
102625621,4.24741,3.00776,437,122640,0.219979,0.28,1,425774,425337,437
102628541,2.44948,2.20155,437,122640,0.275996,0.22,1,425776,425339,437
102631461,5.2899,5.24031,437,122640,0.263199,0.31,1,425782,425345,437
102634381,4.25798,4.24806,437,122640,0.28464,0.32,1,425786,425349,437
102637301,2.4516,4.04961,435,122640,0.288928,0.19,1,425788,425353,435
102640221,46.8903,48.8099,433,122640,0.297786,0.26,1,425846,425413,433
102643141,17.3781,19.362,431,122640,0.243557,0.2,1,425856,425425,431
102646061,22.6756,21.4724,433,122640,0.184711,0.24,1,425880,425447,433
102648981,13.3351,11.4945,435,122640,0.284942,0.28,1,425891,425456,435
102651901,17.867,19.0989,433,122640,0.216988,0.27,1,425910,425477,433
102654821,22.7734,22.2198,434,122640,0.203398,0.2,1,425934,425500,434
102657741,13.3547,10.844,437,122640,0.28868,0.22,1,425945,425508,437
102660661,23.4709,22.1688,438,122640,0.185736,0.17,1,425971,425533,438
102663581,6.29419,6.83376,437,122640,0.141147,0.2,1,425973,425536,437
102666501,2.85884,2.96675,437,122640,0.0922294,0.2,1,425975,425538,437
102668181,4.57177,0.59335,442,122640,0.234446,0.31,1,425980,425538,442
102671101,11.3144,7.31867,446,122640,0.230889,0.28,1,425993,425547,446
102674021,5.46287,16.6637,431,122640,0.190178,0.2,1,425997,425566,431
102676941,25.0926,6.53275,457,122640,0.206036,0.29,1,426027,425570,457
102679861,20.2185,17.3065,456,122640,0.241207,0.24,1,426046,425590,456
102682781,15.2437,20.2613,449,122640,0.232241,0.27,1,426060,425611,449
102685701,11.0487,20.0523,439,122640,0.174448,0.2,1,426070,425631,439
102688621,8.60975,7.21045,443,122640,0.13889,0.29,1,426078,425635,443
102691541,3.32195,8.64209,436,122640,0.131778,0.3,1,426080,425644,436
102694461,3.06439,3.32842,437,122640,0.202356,0.22,1,426083,425646,437
102696261,2.21288,3.86568,435,122640,0.192471,0.27,1,426085,425650,435
102699181,5.24258,4.77314,436,122640,0.262494,0.22,1,426091,425655,436
102702101,5.04852,4.95463,436,122640,0.268499,0.21,1,426096,425660,436
102705021,7.4097,4.19093,440,122640,0.2297,0.21,1,426104,425664,440
102707941,5.48194,7.23819,437,122640,0.22994,0.23,1,426109,425672,437
102710861,2.69639,7.04764,432,122640,0.197988,0.21,1,426111,425679,432
102713781,6.93928,3.80953,437,122640,0.239598,0.22,1,426119,425682,437
102716701,10.1879,4.76191,443,122640,0.18392,0.25,1,426130,425687,443
102719621,10.0376,8.15238,444,122640,0.268784,0.28,1,426140,425696,444
102722541,16.4075,12.8305,448,122640,0.181757,0.24,1,426158,425710,448
102725461,12.8815,16.9661,442,122640,0.244351,0.17,1,426170,425728,442
102728381,5.7763,12.9932,434,122640,0.18487,0.26,1,426174,425740,434
102731301,12.3553,5.79864,444,122640,0.228974,0.18,1,426188,425744,444
102734221,5.67105,9.15973,438,122640,0.173795,0.26,1,426192,425754,438
102737141,2.73421,6.63195,434,122640,0.162759,0.26,1,426194,425760,434
102740061,2.14684,2.92639,434,122640,0.152552,0.26,1,426196,425762,434
102742981,6.82937,2.18528,440,122640,0.20651,0.21,1,426204,425764,440
102745901,6.16587,5.23706,440,122640,0.201302,0.22,1,426210,425770,440
102748821,2.83317,4.24741,438,122640,0.16826,0.29,1,426212,425774,438
102751741,5.36664,2.44948,442,122640,0.137652,0.26,1,426218,425776,442
102754661,4.27333,5.2899,440,122640,0.23553,0.29,1,426222,425782,440
102756161,1.65467,4.25798,437,122640,0.271106,0.29,1,426223,425786,437
102759081,1.93093,2.4516,437,122640,0.246221,0.3,1,426225,425788,437
102762001,45.9862,46.8903,436,122640,0.249244,0.23,1,426282,425846,436
102764921,18.7972,17.3781,438,122640,0.217849,0.17,1,426294,425856,438
102767841,22.1594,22.6756,437,122640,0.15557,0.31,1,426317,425880,437
102770761,13.2319,13.3351,437,122640,0.127114,0.2,1,426328,425891,437
102773681,15.4464,17.867,434,122640,0.169423,0.2,1,426344,425910,434
102776601,23.0893,22.7734,435,122640,0.209885,0.31,1,426369,425934,435
102779521,11.8179,13.3547,433,122640,0.217977,0.16,1,426378,425945,433
102782441,23.9636,23.4709,434,122640,0.139595,0.13,1,426405,425971,434
102785361,6.39271,6.29419,434,122640,0.0919191,0.08,1,426407,425973,434
102788281,2.87854,2.85884,434,122640,0.106384,0.27,1,426409,425975,434
102791201,7.77571,4.57177,438,122640,0.117277,0.23,1,426418,425980,438
102794121,4.75514,11.3144,429,122640,0.207455,0.18,1,426422,425993,429
102797041,28.151,5.46287,459,122640,0.257491,0.21,1,426456,425997,459
102799961,18.4302,25.0926,445,122640,0.187498,0.25,1,426472,426027,445
102802881,16.486,20.2185,442,122640,0.1575,0.23,1,426488,426046,442
102805801,12.0972,15.2437,439,122640,0.2555,0.16,1,426499,426060,439
102808721,8.01944,11.0487,436,122640,0.2191,0.13,1,426506,426070,436
102811641,8.00389,8.60975,436,122640,0.16382,0.13,1,426514,426078,436
102814561,3.20078,3.32195,436,122640,0.120764,0.22,1,426516,426080,436
102816481,1.44016,3.06439,434,122640,0.224153,0.18,1,426517,426083,434
102819401,5.08803,3.01288,437,122640,0.156831,0.28,1,426523,426086,437
102822321,6.61761,4.60258,439,122640,0.231366,0.27,1,426530,426091,439
102825241,6.12352,4.92052,440,122640,0.206273,0.22,1,426536,426096,440
102828161,6.8247,7.3841,439,122640,0.217255,0.23,1,426543,426104,439
102831081,2.96494,5.47682,436,122640,0.219451,0.19,1,426545,426109,436
102833121,2.19299,2.69536,436,122640,0.22789,0.25,1,426547,426111,436
102836041,2.0386,6.93907,430,122640,0.197578,0.17,1,426549,426119,430
102838961,14.0077,10.1878,436,122640,0.167516,0.29,1,426566,426130,436
102841881,6.00154,10.0376,430,122640,0.0975031,0.16,1,426570,426140,430
102844801,18.8003,16.4075,434,122640,0.195501,0.26,1,426592,426158,434
102847721,12.5601,12.8815,433,122640,0.3031,0.17,1,426603,426170,433
102850641,7.31201,5.7763,435,122640,0.22062,0.24,1,426609,426174,435
102853561,7.8624,12.3553,429,122640,0.284124,0.16,1,426617,426188,429
102856481,7.97248,5.67105,433,122640,0.304825,0.16,1,426625,426192,433
102859401,3.1945,2.73421,433,122640,0.308965,0.15,1,426627,426194,433
102862241,3.0389,2.14684,434,122640,0.301793,0.28,1,426630,426196,434
102865161,4.60778,8.42937,429,122640,0.228359,0.2,1,426635,426206,429
102868081,2.52156,4.88587,427,122640,0.301672,0.16,1,426637,426210,427
102871001,7.70431,2.57717,434,122640,0.308334,0.13,1,426646,426212,434
102873681,6.34086,5.31544,434,122640,0.277667,0.28,1,426652,426218,434
102876601,4.46817,5.06309,433,122640,0.207533,0.28,1,426656,426223,433
102879521,2.49363,1.01262,435,122640,0.193507,0.24,1,426658,426223,435
102882441,45.2987,1.80252,489,122640,0.182701,0.25,1,426714,426225,489
102885361,18.6597,45.9605,444,122640,0.18054,0.21,1,426726,426282,444
102888281,17.3319,18.7921,449,122640,0.236108,0.14,1,426743,426294,449
102891201,13.0664,22.1584,438,122640,0.311222,0.12,1,426755,426317,438
102894121,19.4133,13.2317,448,122640,0.334244,0.18,1,426776,426328,448
102897041,23.8827,15.4463,457,122640,0.258849,0.22,1,426801,426344,457
102899961,10.3765,23.0893,439,122640,0.15577,0.22,1,426808,426369,439
102902881,20.4753,11.8179,453,122640,0.159154,0.12,1,426831,426378,453
102905801,5.69506,23.9636,428,122640,0.223831,0.08,1,426833,426405,428
102908721,7.53901,6.39271,434,122640,0.220766,0.11,1,426841,426407,434
102911541,8.7078,2.87854,441,122640,0.220153,0.12,1,426850,426409,441
102914461,4.94156,7.77571,436,122640,0.268031,0.23,1,426854,426418,436
102917381,24.9883,4.75514,462,122640,0.133606,0.27,1,426884,426422,462
102920301,20.9977,28.151,448,122640,0.298721,0.17,1,426904,426456,448
102923221,17.7995,18.4302,449,122640,0.283744,0.15,1,426921,426472,449
102926141,9.95991,16.486,441,122640,0.208749,0.28,1,426929,426488,441
102929061,5.99198,12.0972,435,122640,0.29775,0.21,1,426934,426499,435
102931981,6.7984,8.01944,435,122640,0.28355,0.15,1,426941,426506,435
102934901,2.95968,8.00389,429,122640,0.30471,0.11,1,426943,426514,429
102937821,2.99194,3.20078,430,122640,0.292942,0.14,1,426946,426516,430
102940661,13.3984,6.24016,439,122640,0.290588,0.25,1,426962,426523,439
102943581,5.07968,6.84803,435,122640,0.330118,0.2,1,426965,426530,435
102946501,4.21594,6.16961,433,122640,0.322024,0.22,1,426969,426536,433
102949421,4.04319,6.83392,430,122640,0.336405,0.22,1,426973,426543,430
102952341,2.40864,2.96678,430,122640,0.307281,0.23,1,426975,426545,430
102955261,3.68173,2.19336,432,122640,0.325456,0.19,1,426979,426547,432
102957301,3.93635,2.03867,434,122640,0.321091,0.16,1,426983,426549,434
102960221,5.58727,14.0077,423,122640,0.296218,0.08,1,426989,426566,423
102963141,13.9175,6.00155,435,122640,0.275244,0.22,1,427005,426570,435
102966061,21.9835,18.8003,437,122640,0.295049,0.33,1,427029,426592,437
102968981,13.9967,12.5601,438,122640,0.20301,0.2,1,427041,426603,438
102971901,7.59934,7.31201,438,122640,0.216602,0.3,1,427047,426609,438
102974821,7.91987,7.8624,438,122640,0.24332,0.31,1,427055,426617,438
102977741,3.18397,7.97248,432,122640,0.248664,0.31,1,427057,426625,432
102980661,7.03679,3.1945,438,122640,0.281733,0.31,1,427065,426627,438
102982261,2.20736,0.638899,439,122640,0.304347,0.3,1,427066,426627,439
102985181,3.64147,2.52778,440,122640,0.284869,0.21,1,427070,426630,440
102988101,3.12829,4.50556,438,122640,0.256974,0.32,1,427073,426635,438
102990161,3.02566,2.50111,439,122640,0.243395,0.31,1,427076,426637,439
102993081,2.20513,7.70022,432,122640,0.224679,0.27,1,427078,426646,432
102996001,5.24103,6.34004,432,122640,0.212936,0.19,1,427084,426652,432
102998921,9.84821,4.46801,439,122640,0.266587,0.19,1,427095,426656,439
103001841,3.56964,2.4936,439,122640,0.269317,0.18,1,427097,426658,439
103004761,38.3139,45.2987,430,122640,0.293863,0.18,1,427144,426714,430
103007681,22.0628,18.6597,436,122640,0.226773,0.25,1,427162,426726,436
103010601,20.4126,17.3319,439,122640,0.237355,0.33,1,427182,426743,439
103013521,9.68251,13.0664,434,122640,0.159471,0.34,1,427189,426755,434
103016441,20.3365,19.4133,436,122640,0.143894,0.24,1,427212,426776,436
103019361,24.0673,23.8827,436,122640,0.228779,0.13,1,427237,426801,436
103022281,8.01346,10.3765,433,122640,0.181756,0.16,1,427241,426808,433
103025201,20.0027,20.4753,433,122640,0.236351,0.24,1,427264,426831,433
103028121,5.60054,5.69506,433,122640,0.20727,0.22,1,427266,426833,433
103031041,7.52011,7.53901,433,122640,0.177454,0.22,1,427274,426841,433
103033961,10.304,8.7078,435,122640,0.211491,0.28,1,427285,426850,435
103036881,5.2608,4.94156,435,122640,0.242298,0.1,1,427289,426854,435
103039801,27.4522,24.9883,438,122640,0.16046,0.34,1,427322,426884,438
103042721,19.0904,20.9977,435,122640,0.224092,0.28,1,427339,426904,435
103045641,15.0181,17.7995,432,122640,0.212818,0.19,1,427353,426921,432
103048561,11.8036,9.95991,435,122640,0.218564,0.32,1,427364,426929,435
103051481,7.16072,5.99198,436,122640,0.219713,0.28,1,427370,426934,436
103054401,4.63214,6.7984,433,122640,0.187943,0.31,1,427374,426941,433
103056721,2.52643,2.95968,433,122640,0.189589,0.29,1,427376,426943,433
103059641,6.90529,2.99194,438,122640,0.213918,0.29,1,427384,426946,438
103062561,13.3811,13.3984,437,122640,0.0907835,0.34,1,427399,426962,437
103065481,5.07621,5.07968,437,122640,0.0501567,0.32,1,427402,426965,437
103068161,4.21524,4.21594,437,122640,0.234031,0.34,1,427406,426969,437
103071081,4.04305,4.04319,437,122640,0.238806,0.3,1,427410,426973,437
103074001,4.00861,2.40864,439,122640,0.239761,0.33,1,427414,426975,439
103076921,2.40172,3.68173,437,122640,0.223952,0.33,1,427416,426979,437
103078981,2.08034,0.736345,439,122640,0.24479,0.29,1,427418,426979,439
103081901,3.61607,8.14727,433,122640,0.216958,0.27,1,427422,426989,433
103084821,11.1232,14.4295,430,122640,0.227392,0.3,1,427435,427005,430
103087741,22.2246,22.0859,431,122640,0.181478,0.18,1,427460,427029,431
103090661,18.8449,14.0172,437,122640,0.180296,0.22,1,427478,427041,437
103093581,8.56899,7.60344,437,122640,0.124059,0.25,1,427484,427047,437
103096501,8.1138,7.92069,437,122640,0.224812,0.25,1,427492,427055,437
103099421,3.22276,3.18414,437,122640,0.212962,0.29,1,427494,427057,437
103102341,3.84455,7.03683,433,122640,0.250592,0.31,1,427498,427065,433
103105261,3.96891,2.20737,436,122640,0.226118,0.28,1,427502,427066,436
103108181,2.39378,3.64147,434,122640,0.221224,0.25,1,427504,427070,434
103110181,4.47876,3.12829,436,122640,0.228245,0.24,1,427509,427073,436
103113101,2.49575,3.02566,435,122640,0.253649,0.22,1,427511,427076,435
103116021,5.29915,2.20513,439,122640,0.23473,0.21,1,427517,427078,439
103118941,6.65983,5.24103,440,122640,0.222946,0.28,1,427524,427084,440
103121861,7.73197,9.84821,437,122640,0.220589,0.27,1,427532,427095,437
103124781,38.3464,3.56964,481,122640,0.260118,0.3,1,427578,427097,481
103127701,22.0693,38.3139,452,122640,0.268024,0.21,1,427596,427144,452
103130621,17.2139,22.0628,450,122640,0.237605,0.24,1,427612,427162,450
103133541,13.0428,20.4126,442,122640,0.239521,0.14,1,427624,427182,442
103136461,16.2086,9.68251,452,122640,0.279904,0.14,1,427641,427189,452
103139381,25.6417,20.3365,457,122640,0.279981,0.25,1,427669,427212,457
103142301,9.92834,24.0673,438,122640,0.207996,0.17,1,427675,427237,438
103145221,17.1857,8.01346,453,122640,0.233599,0.25,1,427694,427241,453
103148141,5.03713,20.0027,432,122640,0.23872,0.2,1,427696,427264,432
103151061,6.60743,5.60054,437,122640,0.223744,0.17,1,427703,427266,437
103153861,14.9215,7.52011,446,122640,0.196749,0.22,1,427720,427274,446
103156781,6.1843,10.304,439,122640,0.15935,0.25,1,427724,427285,439
103159701,26.0369,5.2608,466,122640,0.22387,0.14,1,427755,427289,466
103162621,18.8074,27.4522,450,122640,0.284774,0.24,1,427772,427322,450
103165541,10.9615,19.0904,442,122640,0.304955,0.21,1,427781,427339,442
103168461,12.5923,15.0181,441,122640,0.284991,0.22,1,427794,427353,441
103171381,4.11846,11.8036,432,122640,0.248998,0.22,1,427796,427364,432
103174301,8.02369,7.16072,435,122640,0.1698,0.18,1,427805,427370,435
103177221,3.20474,4.63214,433,122640,0.27396,0.19,1,427807,427374,433
103180141,2.24095,2.52643,433,122640,0.286792,0.22,1,427809,427376,433
103183061,17.2482,6.90529,446,122640,0.273358,0.06,1,427830,427384,446
103185981,5.04964,13.3811,433,122640,0.230672,0.04,1,427832,427399,433
103188901,5.80993,5.07621,436,122640,0.166134,0.28,1,427838,427402,436
103191301,4.36199,4.21524,436,122640,0.305227,0.24,1,427842,427406,436
103194221,2.4724,4.04305,434,122640,0.333045,0.24,1,427844,427410,434
103197141,2.09448,4.00861,432,122640,0.346609,0.22,1,427846,427414,432
103199201,2.0189,2.40172,432,122640,0.341322,0.25,1,427848,427416,432
103202121,5.20378,3.68034,434,122640,0.348264,0.21,1,427854,427420,434
103205041,4.24076,2.33607,436,122640,0.341653,0.23,1,427858,427422,436
103207961,29.6482,10.8672,459,122640,0.276331,0.17,1,427894,427435,459
103210881,16.3296,22.1734,447,122640,0.311266,0.18,1,427907,427460,447
103213801,10.4659,18.8347,438,122640,0.214253,0.11,1,427916,427478,438
103216721,8.49319,8.56694,440,122640,0.194851,0.25,1,427924,427484,440
103219381,3.29864,8.11339,434,122640,0.19897,0.21,1,427926,427492,434
103222301,3.05973,3.22268,435,122640,0.303794,0.26,1,427929,427494,435
103225221,6.21195,3.84454,438,122640,0.316759,0.22,1,427936,427498,438
103228141,2.84239,3.96891,436,122640,0.327352,0.22,1,427938,427502,436
103231061,2.16848,2.39378,436,122640,0.32947,0.23,1,427940,427504,436
103233941,2.8337,4.47876,434,122640,0.297894,0.26,1,427943,427509,434
103236861,4.56674,4.09575,435,122640,0.283579,0.23,1,427948,427513,435
103239781,8.91335,4.01915,441,122640,0.264716,0.22,1,427958,427517,441
103242701,3.38267,6.40383,436,122640,0.300943,0.22,1,427960,427524,436
103245621,37.4765,7.68077,474,122640,0.236189,0.27,1,428006,427532,474
103248541,23.4953,38.3362,448,122640,0.247238,0.27,1,428026,427578,448
103251461,19.8991,22.0672,449,122640,0.249448,0.23,1,428045,427596,449
103254381,11.1798,17.2134,442,122640,0.20989,0.24,1,428054,427612,442
103257301,14.236,13.0427,445,122640,0.241978,0.29,1,428069,427624,445
103260221,25.2472,16.2085,456,122640,0.320396,0.28,1,428097,427641,456
103263141,13.8494,25.6417,439,122640,0.288079,0.19,1,428108,427669,439
103266061,17.1699,9.92834,451,122640,0.257616,0.24,1,428126,427675,451
103268981,5.03398,17.1857,434,122640,0.275523,0.24,1,428128,427694,434
103271901,5.8068,5.03713,438,122640,0.263105,0.22,1,428134,427696,438
103274501,17.1614,6.60743,451,122640,0.132621,0.19,1,428154,427703,451
103277421,8.23227,14.9215,440,122640,0.178524,0.15,1,428160,427720,440
103280341,26.4465,6.1843,467,122640,0.203705,0.24,1,428191,427724,467
103283261,19.6893,26.0369,454,122640,0.256741,0.3,1,428209,427755,454
103286181,10.3379,18.8074,445,122640,0.235348,0.31,1,428217,427772,445
103289101,5.26757,10.9615,440,122640,0.23107,0.28,1,428221,427781,440
103292021,9.05351,12.5923,437,122640,0.254214,0.24,1,428231,427794,437
103294941,9.8107,4.11846,445,122640,0.170843,0.15,1,428241,427796,445
103297861,3.56214,8.02369,438,122640,0.154169,0.3,1,428243,427805,438
103300781,2.31243,3.20474,438,122640,0.118834,0.29,1,428245,427807,438
103303621,12.4625,2.24095,451,122640,0.215767,0.27,1,428260,427809,451
103306541,10.4925,17.2482,440,122640,0.195153,0.22,1,428270,427830,440
103309461,6.8985,5.04964,444,122640,0.183031,0.15,1,428276,427832,444
103312381,4.5797,5.80993,442,122640,0.108606,0.34,1,428280,427838,442
103315301,2.51594,4.36199,440,122640,0.213721,0.34,1,428282,427842,440
103318181,2.10319,2.4724,440,122640,0.242744,0.35,1,428284,427844,440
103321101,2.02064,2.09448,440,122640,0.224549,0.35,1,428286,427846,440
103324021,5.20413,6.8189,438,122640,0.21291,0.34,1,428292,427854,438
103326941,4.24083,4.56378,438,122640,0.218582,0.26,1,428296,427858,438
103329861,21.6482,29.7128,428,122640,0.275716,0.32,1,428322,427894,428
103332781,17.1296,16.3426,431,122640,0.223143,0.19,1,428338,427907,431
103335701,13.0259,10.4685,434,122640,0.212629,0.19,1,428350,427916,434
103338621,12.2052,8.4937,438,122640,0.242526,0.2,1,428362,427924,438
103341541,4.04104,3.29874,438,122640,0.208505,0.33,1,428364,427926,438
103344461,2.40821,3.05975,437,122640,0.201701,0.32,1,428366,427929,437
103347381,5.28164,6.21195,436,122640,0.16834,0.33,1,428372,427936,436
103350301,2.65633,2.84239,436,122640,0.169668,0.33,1,428374,427938,436
103353121,2.13127,2.16848,436,122640,0.241934,0.28,1,428376,427940,436
103356041,6.82625,6.8337,436,122640,0.232387,0.28,1,428384,427948,436
103358961,2.96525,1.36674,438,122640,0.262477,0.26,1,428386,427948,438
103361881,6.99305,8.27335,436,122640,0.212495,0.31,1,428394,427958,436
103364801,2.99861,3.25467,436,122640,0.234499,0.22,1,428396,427960,436
103367721,38.1997,37.4509,437,122640,0.2389,0.25,1,428443,428006,437
103370641,25.2399,23.4902,439,122640,0.28778,0.25,1,428465,428026,439
103373561,13.848,19.898,431,122640,0.233556,0.2,1,428476,428045,431
103376481,14.7696,11.1796,437,122640,0.262711,0.25,1,428491,428054,437
103379401,15.7539,14.2359,438,122640,0.308542,0.34,1,428507,428069,438
103382321,23.1508,25.2472,435,122640,0.317708,0.28,1,428532,428097,435
103385241,10.2302,13.8494,431,122640,0.311542,0.25,1,428539,428108,431
103388161,17.246,17.1699,432,122640,0.230308,0.28,1,428558,428126,432
103391081,5.04921,5.03398,432,122640,0.190062,0.26,1,428560,428128,432
103393681,3.40984,5.8068,429,122640,0.182012,0.1,1,428563,428134,429
103396601,17.482,17.1614,430,122640,0.188402,0.19,1,428584,428154,430
103399521,11.4964,8.23227,434,122640,0.15768,0.21,1,428594,428160,434
103402441,27.0993,26.4465,434,122640,0.207536,0.27,1,428625,428191,434
103405361,18.2199,19.6893,432,122640,0.233507,0.23,1,428641,428209,432
103408281,12.444,10.3379,435,122640,0.334701,0.23,1,428652,428217,435
103411201,5.68879,5.26757,435,122640,0.33094,0.23,1,428656,428221,435
103412821,3.53776,1.05351,438,122640,0.314188,0.26,1,428659,428221,438
103415741,10.3076,8.2107,440,122640,0.302838,0.15,1,428671,428231,440
103418661,3.66151,9.64214,432,122640,0.268568,0.15,1,428673,428241,432
103421581,2.3323,3.52843,432,122640,0.229713,0.11,1,428675,428243,432
103424261,12.4665,2.30569,445,122640,0.285943,0.24,1,428690,428245,445
103427181,7.29329,12.4611,436,122640,0.273189,0.19,1,428696,428260,436
103430101,11.0587,10.4922,438,122640,0.286638,0.18,1,428708,428270,438
103433021,5.41173,6.89845,436,122640,0.305328,0.09,1,428712,428276,436
103435701,2.68235,4.57969,434,122640,0.269065,0.24,1,428714,428280,434
103438621,2.13647,2.51594,434,122640,0.221813,0.25,1,428716,428282,434
103441541,2.02729,2.10319,434,122640,0.212363,0.22,1,428718,428284,434
103444021,5.20546,2.02064,438,122640,0.306473,0.21,1,428724,428286,438
103446941,5.84109,5.20413,438,122640,0.341295,0.22,1,428730,428292,438
103449861,19.5682,4.24083,457,122640,0.220259,0.29,1,428753,428296,457
103452781,16.7136,21.6482,447,122640,0.252052,0.21,1,428769,428322,447
103455701,14.5427,17.1296,445,122640,0.29041,0.21,1,428783,428338,445
103458621,9.30855,13.0259,441,122640,0.250082,0.25,1,428791,428350,441
103461541,4.26171,12.2052,432,122640,0.306016,0.2,1,428794,428362,432
103464461,4.85234,4.04104,435,122640,0.301203,0.2,1,428799,428364,435
103466481,1.77047,2.40821,434,122640,0.292241,0.17,1,428800,428366,434
103469401,5.15409,6.88164,432,122640,0.298448,0.17,1,428806,428374,432
103472321,2.63082,1.37633,434,122640,0.29169,0.26,1,428808,428374,434
103475241,2.12616,1.87527,434,122640,0.354338,0.23,1,428810,428376,434
103478161,5.22523,6.77505,432,122640,0.342868,0.27,1,428816,428384,432
103481081,4.24505,2.95501,434,122640,0.340574,0.2,1,428820,428386,434
103484001,4.04901,6.991,430,122640,0.388115,0.2,1,428824,428394,430
103485621,2.4098,1.3982,432,122640,0.365623,0.24,1,428826,428394,432
103488541,36.482,1.87964,475,122640,0.345125,0.24,1,428871,428396,475
103491461,27.2964,37.9759,453,122640,0.197025,0.3,1,428896,428443,453
103494381,13.4593,25.1952,441,122640,0.207405,0.22,1,428906,428465,441
103497301,17.8919,13.839,449,122640,0.217481,0.27,1,428925,428476,449
103500221,13.1784,14.7678,446,122640,0.171496,0.32,1,428937,428491,446
103503141,26.6357,15.7536,460,122640,0.194299,0.32,1,428967,428507,460
103506061,8.52713,23.1507,439,122640,0.13486,0.31,1,428971,428532,439
103508981,20.1054,10.2301,455,122640,0.226972,0.21,1,428994,428539,455
103511901,6.42109,17.246,439,122640,0.189394,0.18,1,428997,428558,439
103514821,3.68422,5.04921,440,122640,0.253879,0.18,1,429000,428560,440
103516821,11.1368,3.40984,450,122640,0.314776,0.19,1,429013,428563,450
103519741,11.8274,17.482,441,122640,0.238955,0.15,1,429025,428584,441
103522661,28.7655,11.4964,464,122640,0.239791,0.22,1,429058,428594,464
103525581,23.3531,27.0993,455,122640,0.231958,0.24,1,429080,428625,455
103528501,11.8706,18.2199,448,122640,0.278392,0.36,1,429089,428641,448
103531421,6.37412,12.444,442,122640,0.271678,0.33,1,429094,428652,442
103534341,2.87482,5.68879,440,122640,0.278336,0.3,1,429096,428656,440
103537261,4.57496,13.1378,430,122640,0.255667,0.26,1,429101,428671,430
103540181,2.51499,4.22755,430,122640,0.259133,0.22,1,429103,428673,430
103543101,3.703,2.44551,432,122640,0.259827,0.3,1,429107,428675,432
103546021,15.9406,12.4891,436,122640,0.179965,0.27,1,429126,428690,436
103548941,7.18812,7.29782,435,122640,0.275993,0.29,1,429131,428696,435
103551861,9.43762,11.0596,433,122640,0.223199,0.31,1,429141,428708,433
103554781,5.08752,5.41191,433,122640,0.26064,0.26,1,429145,428712,433
103557701,7.4175,2.68238,439,122640,0.268128,0.26,1,429153,428714,439
103559461,2.2835,0.536476,440,122640,0.293626,0.21,1,429154,428714,440
103562381,2.0567,1.7073,440,122640,0.314725,0.21,1,429156,428716,440
103565301,3.61134,1.94146,442,122640,0.246945,0.33,1,429160,428718,442
103567781,3.92227,5.18829,440,122640,0.265389,0.35,1,429164,428724,440
103570701,22.3845,5.83766,461,122640,0.181078,0.19,1,429191,428730,461
103573621,15.6769,19.5675,452,122640,0.260216,0.26,1,429205,428753,452
103576541,15.1354,16.7135,451,122640,0.164043,0.3,1,429220,428769,451
103579461,9.42708,14.5427,445,122640,0.112809,0.24,1,429228,428783,445
103582381,3.48542,9.30854,439,122640,0.166562,0.32,1,429230,428791,439
103585301,4.69708,4.26171,441,122640,0.201312,0.3,1,429235,428794,441
103588221,4.93942,4.85234,441,122640,0.240262,0.3,1,429240,428799,441
103591141,5.78788,6.57047,440,122640,0.232052,0.29,1,429246,428806,440
103594061,2.75758,2.91409,440,122640,0.19841,0.37,1,429248,428808,440
103596981,2.15152,2.18282,440,122640,0.247682,0.37,1,429250,428810,440
103598981,4.4303,0.436564,445,122640,0.257536,0.34,1,429255,428810,445
103601901,2.48606,4.88731,441,122640,0.267507,0.34,1,429257,428816,441
103604821,3.69721,4.17746,441,122640,0.261501,0.4,1,429261,428820,441
103607741,2.33944,4.03549,439,122640,0.2603,0.34,1,429263,428824,439
103610661,33.2679,38.4071,433,122640,0.22006,0.16,1,429304,428871,433
103613581,26.6536,27.6814,433,122640,0.212012,0.21,1,429329,428896,433
103616501,13.3307,13.5363,433,122640,0.266402,0.22,1,429339,428906,433
103619421,15.4661,17.9073,430,122640,0.26928,0.16,1,429355,428925,430
103622341,19.0932,13.1815,438,122640,0.229856,0.2,1,429375,428937,438
103625261,25.4186,26.6363,435,122640,0.245971,0.12,1,429402,428967,435
103628181,9.88373,8.52726,437,122640,0.193194,0.25,1,429408,428971,437
103631101,17.9767,20.1055,434,122640,0.190639,0.18,1,429428,428994,434
103634021,6.79535,6.42109,435,122640,0.206128,0.27,1,429432,428997,435
103636941,2.95907,3.68422,434,122640,0.177226,0.27,1,429434,429000,434
103638501,9.39181,0.736844,445,122640,0.315445,0.22,1,429445,429000,445
103641421,8.27836,20.1474,428,122640,0.303089,0.24,1,429453,429025,428
103644341,28.8557,30.4295,429,122640,0.348618,0.23,1,429487,429058,429
103647261,28.9711,23.6859,436,122640,0.357724,0.29,1,429516,429080,436
103650181,12.1942,11.9372,435,122640,0.271545,0.27,1,429524,429089,435
103653101,5.63885,6.38744,434,122640,0.366309,0.28,1,429528,429094,434
103655761,2.72777,2.87749,434,122640,0.385262,0.25,1,429530,429096,434
103658681,2.14555,4.5755,431,122640,0.389052,0.26,1,429532,429101,431
103661601,3.62911,2.5151,433,122640,0.38981,0.26,1,429536,429103,433
103664521,5.52582,3.70302,435,122640,0.357962,0.26,1,429542,429107,435
103666581,14.7052,0.740604,452,122640,0.311592,0.16,1,429559,429107,452
103669501,6.14103,15.3481,437,122640,0.270318,0.3,1,429563,429126,437
103672421,8.42821,7.06962,441,122640,0.318064,0.21,1,429572,429131,441
103675341,8.88564,9.41392,440,122640,0.311613,0.27,1,429581,429141,440
103678261,6.57713,5.08278,442,122640,0.310323,0.27,1,429587,429145,442
103681181,2.91543,7.41656,436,122640,0.278065,0.32,1,429589,429153,436
103684101,2.18309,3.88331,435,122640,0.247613,0.32,1,429591,429156,435
103686341,6.03662,0.776662,442,122640,0.305523,0.27,1,429598,429156,442
103689261,3.60732,4.95533,439,122640,0.301105,0.16,1,429601,429162,439
103692181,15.1215,24.1911,428,122640,0.380221,0.28,1,429619,429191,428
103695101,17.4243,16.0382,432,122640,0.220044,0.14,1,429637,429205,432
103698021,15.4849,15.2076,432,122640,0.292009,0.1,1,429652,429220,432
103700941,11.097,9.44153,434,122640,0.210402,0.18,1,429662,429228,434
103703861,3.81939,3.48831,434,122640,0.28208,0.18,1,429664,429230,434
103706101,2.36388,0.697661,436,122640,0.304416,0.21,1,429666,429230,436
103709021,6.87278,4.13953,439,122640,0.276883,0.25,1,429674,429235,439
103711941,6.17456,4.82791,440,122640,0.223377,0.23,1,429680,429240,440
103714861,2.83491,5.76558,436,122640,0.212675,0.19,1,429682,429246,436
103717781,2.16698,2.75312,436,122640,0.178535,0.26,1,429684,429248,436
103720661,6.8334,2.15062,442,122640,0.283707,0.26,1,429692,429250,442
103723581,2.96668,9.23012,433,122640,0.312741,0.26,1,429694,429261,433
103726501,2.19334,1.84602,435,122640,0.310548,0.26,1,429696,429261,435
103729421,2.03867,1.9692,435,122640,0.31811,0.21,1,429698,429263,435
103732341,33.2077,33.1938,435,122640,0.295622,0.21,1,429739,429304,435
103735261,27.4415,26.6388,436,122640,0.227124,0.28,1,429765,429329,436
103738181,14.2883,13.3278,437,122640,0.253425,0.27,1,429776,429339,437
103741101,10.8577,15.4656,431,122640,0.234685,0.22,1,429786,429355,431
103744021,20.5715,19.0931,434,122640,0.222937,0.25,1,429809,429375,434
103746941,28.1143,25.4186,437,122640,0.220587,0.18,1,429839,429402,437
103749861,8.82286,9.88372,435,122640,0.252117,0.19,1,429843,429408,435
103752781,18.5646,17.9767,436,122640,0.258424,0.21,1,429864,429428,436
103755701,8.51291,6.79535,438,122640,0.259685,0.17,1,429870,429432,438
103758621,3.30258,2.95907,438,122640,0.235937,0.35,1,429872,429434,438
103761541,14.2605,9.39181,444,122640,0.343187,0.3,1,429889,429445,444
103764461,28.4521,8.27836,468,122640,0.276637,0.36,1,429921,429453,468
103767381,32.8904,28.8557,468,122640,0.343328,0.36,1,429955,429487,468
103770301,12.9781,28.9711,447,122640,0.300665,0.25,1,429963,429516,447
103773221,5.79562,12.1942,443,122640,0.260133,0.39,1,429967,429524,443
103776141,2.75912,5.63885,441,122640,0.252027,0.39,1,429969,429528,441
103778901,2.15182,2.72777,441,122640,0.250405,0.39,1,429971,429530,441
103781821,2.03036,3.74555,439,122640,0.258081,0.39,1,429973,429534,439
103784741,2.00607,2.34911,439,122640,0.363616,0.35,1,429975,429536,439
103787661,14.8012,5.26982,451,122640,0.336723,0.3,1,429993,429542,451
103790581,10.1602,14.654,443,122640,0.347345,0.26,1,430002,429559,443
103793501,6.83205,6.13079,445,122640,0.301469,0.33,1,430008,429563,445
103796421,6.16641,8.42616,442,122640,0.356294,0.31,1,430014,429572,442
103799341,9.23328,8.88523,443,122640,0.367259,0.31,1,430024,429581,443
103802261,3.44666,6.57705,439,122640,0.385452,0.27,1,430026,429587,439
103805181,3.08933,2.91541,440,122640,0.34109,0.24,1,430029,429589,440
103808101,4.61787,2.18308,443,122640,0.268218,0.32,1,430034,429591,443
103810101,5.72357,6.03662,442,122640,0.317644,0.3,1,430040,429598,442
103813021,13.1447,3.60732,454,122640,0.375529,0.4,1,430055,429601,454
103815941,18.6289,15.1215,456,122640,0.283106,0.18,1,430075,429619,456
103818861,10.1258,17.4243,446,122640,0.168621,0.31,1,430083,429637,446
103821781,13.2252,15.4849,445,122640,0.321724,0.19,1,430097,429652,445
103824701,4.24503,11.097,437,122640,0.320345,0.3,1,430099,429662,437
103827621,2.44901,3.81939,437,122640,0.344069,0.27,1,430101,429664,437
103830541,3.6898,8.76388,431,122640,0.356814,0.27,1,430105,429674,431
103832981,10.338,1.75278,443,122640,0.335363,0.21,1,430117,429674,443
103835901,3.66759,5.15056,439,122640,0.299073,0.21,1,430119,429680,439
103838821,2.33352,2.63011,439,122640,0.267815,0.17,1,430121,429682,439
103841301,8.4667,2.12602,447,122640,0.261563,0.31,1,430131,429684,447
103844221,3.29334,6.8252,441,122640,0.260313,0.32,1,430133,429692,441
103847141,2.25867,2.96504,441,122640,0.260063,0.31,1,430135,429694,441
103849621,2.05173,2.19301,441,122640,0.260013,0.32,1,430137,429696,441
103852541,31.6103,2.0386,478,122640,0.204002,0.29,1,430176,429698,478
103855461,23.9221,33.2077,459,122640,0.248801,0.21,1,430198,429739,459
103858381,13.5844,27.4415,444,122640,0.28976,0.26,1,430209,429765,444
103861301,10.7169,14.2883,443,122640,0.313952,0.23,1,430219,429776,443
103864221,19.7434,10.8577,455,122640,0.29479,0.22,1,430241,429786,455
103867141,26.3487,20.5715,460,122640,0.226958,0.22,1,430269,429809,460
103870061,14.8697,28.1143,442,122640,0.205392,0.26,1,430281,429839,442
103872981,14.1739,8.82286,452,122640,0.289078,0.26,1,430295,429843,452
103875901,11.6348,18.5646,442,122640,0.281816,0.26,1,430306,429864,442
103878821,3.92696,8.51291,438,122640,0.288363,0.23,1,430308,429870,438
103881741,10.3854,3.30258,448,122640,0.201673,0.37,1,430320,429872,448
103884661,33.2771,14.2605,470,122640,0.248335,0.26,1,430359,429889,470
103887581,30.6554,28.4521,468,122640,0.209667,0.36,1,430389,429921,468
103890501,13.3311,32.8904,443,122640,0.225933,0.29,1,430398,429955,443
103893421,10.6662,12.9781,445,122640,0.269187,0.25,1,430408,429963,445
103896341,3.73324,5.79562,443,122640,0.277837,0.25,1,430410,429967,443
103899261,2.34665,2.75912,443,122640,0.255567,0.25,1,430412,429969,443
103901201,1.26933,2.15182,442,122640,0.235113,0.26,1,430413,429971,442
103904121,1.85387,2.03036,442,122640,0.199023,0.39,1,430415,429973,442
103907041,1.97077,2.00607,442,122640,0.191805,0.33,1,430417,429975,442
103909961,13.1942,14.8012,440,122640,0.270361,0.35,1,430433,429993,440
103912881,7.43883,10.1602,437,122640,0.222072,0.29,1,430439,430002,437
103915801,9.48777,6.83205,441,122640,0.180414,0.37,1,430449,430008,441
103918721,6.69755,6.16641,441,122640,0.172083,0.37,1,430455,430014,441
103921641,4.53951,9.23328,435,122640,0.234417,0.39,1,430459,430024,435
103924561,5.7079,3.44666,439,122640,0.246883,0.33,1,430465,430026,439
103927201,2.74158,3.08933,438,122640,0.249377,0.36,1,430467,430029,438
103930121,5.34832,7.01787,436,122640,0.201875,0.33,1,430473,430037,436
103933041,14.6697,3.80357,450,122640,0.208375,0.39,1,430490,430040,450
103935961,20.5339,12.7607,457,122640,0.257675,0.26,1,430512,430055,457
103938881,8.90679,18.5521,443,122640,0.171535,0.14,1,430518,430075,443
103941801,14.5814,10.1104,451,122640,0.202307,0.36,1,430534,430083,451
103944721,4.51627,13.2221,439,122640,0.208461,0.32,1,430536,430097,439
103947641,2.50325,4.24442,439,122640,0.209692,0.35,1,430538,430099,439
103950561,2.90065,2.44888,440,122640,0.193938,0.36,1,430541,430101,440
103953481,8.58013,3.68978,446,122640,0.222788,0.33,1,430551,430105,446
103956401,3.31603,10.338,436,122640,0.244558,0.29,1,430553,430117,436
103959321,2.26321,3.66759,436,122640,0.216912,0.26,1,430555,430119,436
103962241,10.8526,2.33352,447,122640,0.315382,0.26,1,430568,430121,447
103965161,4.57053,8.4667,440,122640,0.319076,0.26,1,430571,430131,440
103968081,3.31411,3.29334,441,122640,0.279815,0.26,1,430574,430133,441
103969841,1.46282,2.25867,440,122640,0.255963,0.33,1,430575,430135,440
103972761,29.0926,4.45173,471,122640,0.267193,0.19,1,430611,430140,471
103975681,24.2185,29.6903,458,122640,0.325439,0.26,1,430634,430176,458
103978601,15.2437,23.5381,449,122640,0.313088,0.3,1,430647,430198,449
103981521,8.64874,13.5076,445,122640,0.302618,0.32,1,430654,430209,445
103984441,18.5297,10.7015,456,122640,0.276524,0.29,1,430675,430219,456
103987361,23.7059,19.7403,459,122640,0.263305,0.21,1,430700,430241,459
103990281,13.5412,26.3481,442,122640,0.252661,0.2,1,430711,430269,442
103993201,17.1082,14.8696,448,122640,0.210532,0.31,1,430729,430281,448
103996121,8.22165,14.1739,440,122640,0.314106,0.28,1,430735,430295,440
103999041,3.24433,11.6348,431,122640,0.302821,0.29,1,430737,430306,431
104001961,16.6489,3.92696,449,122640,0.244564,0.18,1,430757,430308,449
104004881,27.3298,10.3854,467,122640,0.280913,0.26,1,430787,430320,467
104007801,32.666,33.2771,462,122640,0.240183,0.2,1,430821,430359,462
104010721,16.1332,30.6554,444,122640,0.208037,0.23,1,430833,430389,444
104013641,6.42664,13.3311,439,122640,0.201607,0.28,1,430837,430398,439
104016561,2.88533,10.6662,431,122640,0.216321,0.28,1,430839,430408,431
104019481,2.97707,3.73324,432,122640,0.275264,0.25,1,430842,430410,432
104022401,6.99541,2.34665,438,122640,0.287053,0.19,1,430850,430412,438
104025321,2.99908,2.86933,437,122640,0.265411,0.19,1,430852,430415,437
104027041,1.39982,2.17387,436,122640,0.269082,0.19,1,430853,430417,436
104029961,10.68,3.63477,445,122640,0.293816,0.29,1,430866,430421,445
104032881,5.33599,10.327,437,122640,0.290763,0.21,1,430870,430433,437
104035801,11.4672,6.86539,444,122640,0.226153,0.17,1,430883,430439,444
104038721,7.09344,9.37308,440,122640,0.197231,0.17,1,430889,430449,440
104041641,3.01869,6.67462,436,122640,0.183446,0.25,1,430891,430455,436
104043681,2.20374,4.53492,434,122640,0.180689,0.25,1,430893,430459,434
104046601,2.04075,5.70698,430,122640,0.180138,0.25,1,430895,430465,430
104049521,6.00815,2.7414,435,122640,0.268028,0.19,1,430902,430467,435
104052441,4.40163,5.34828,433,122640,0.221606,0.21,1,430906,430473,433
104055361,14.4803,14.6697,433,122640,0.212321,0.27,1,430923,430490,433
104058281,22.8961,20.5339,436,122640,0.202464,0.15,1,430948,430512,436
104061201,7.77921,8.90679,434,122640,0.136493,0.21,1,430952,430518,434
104064121,15.1558,14.5814,435,122640,0.275299,0.21,1,430969,430534,435
104067041,4.63117,4.51627,435,122640,0.30306,0.21,1,430971,430536,435
104069681,2.52623,2.50325,435,122640,0.300612,0.29,1,430973,430538,435
104072601,5.30525,6.90065,433,122640,0.244122,0.23,1,430979,430546,433
104075521,7.46105,5.38013,436,122640,0.272824,0.25,1,430987,430551,436
104078441,3.09221,2.67603,436,122640,0.278565,0.21,1,430989,430553,436
104081361,2.21844,2.13521,436,122640,0.247713,0.34,1,430991,430555,436
104084281,8.44369,10.827,433,122640,0.201543,0.32,1,431001,430568,433
104087201,3.28874,4.56541,432,122640,0.184309,0.27,1,431003,430571,432
104089441,7.05775,3.31308,437,122640,0.260862,0.28,1,431011,430574,437
104092361,4.61155,3.86262,437,122640,0.284172,0.27,1,431015,430578,437
104095281,27.3223,27.1725,437,122640,0.240834,0.34,1,431048,430611,437
104098201,22.2645,23.8345,435,122640,0.296167,0.31,1,431069,430634,435
104101121,14.0529,15.1669,434,122640,0.219233,0.3,1,431081,430647,434
104104041,10.0106,8.63338,436,122640,0.299847,0.27,1,431090,430654,436
104106961,16.4021,18.5267,433,122640,0.291969,0.26,1,431108,430675,433
104109881,24.0804,23.7053,434,122640,0.266394,0.25,1,431134,430700,434
104112801,14.4161,13.5411,435,122640,0.277279,0.2,1,431146,430711,435
104115721,16.4832,17.1082,434,122640,0.247456,0.34,1,431163,430729,434
104118641,11.2966,8.22164,438,122640,0.305491,0.3,1,431173,430735,438
104121561,3.85933,3.24433,438,122640,0.349098,0.23,1,431175,430737,438
104124481,13.5719,16.6489,434,122640,0.33382,0.29,1,431191,430757,434
104127401,24.3144,27.3298,431,122640,0.290764,0.23,1,431218,430787,431
104130321,33.6629,32.666,433,122640,0.314153,0.2,1,431254,430821,433
104133241,17.9326,16.1332,435,122640,0.366831,0.2,1,431268,430833,435
104136161,6.78651,6.42664,435,122640,0.353366,0.22,1,431272,430837,435
104138321,2.9573,2.88533,435,122640,0.350673,0.29,1,431274,430839,435
104141241,2.19146,2.97707,434,122640,0.374135,0.29,1,431276,430842,434
104144161,2.03829,6.99541,428,122640,0.354827,0.26,1,431278,430850,428
104147081,7.60766,2.99908,435,122640,0.350965,0.27,1,431287,430852,435
104150001,11.1215,1.39982,446,122640,0.254193,0.3,1,431299,430853,446
104152921,5.42431,10.68,437,122640,0.354839,0.29,1,431303,430866,437
104155841,9.08486,5.33599,443,122640,0.342968,0.21,1,431313,430870,443
104158761,9.81697,11.4672,440,122640,0.324594,0.19,1,431323,430883,440
104161681,3.56339,7.09344,436,122640,0.328919,0.18,1,431325,430889,436
104163281,1.51268,3.01869,435,122640,0.313784,0.26,1,431326,430891,435
104166201,1.90254,5.40374,431,122640,0.278757,0.26,1,431328,430897,431
104169121,1.98051,1.08075,433,122640,0.239751,0.29,1,431330,430897,433
104172041,4.3961,4.21615,433,122640,0.31995,0.21,1,431335,430902,433
104174961,5.67922,4.04323,435,122640,0.36799,0.21,1,431341,430906,435
104177881,13.1358,14.4086,433,122640,0.393598,0.2,1,431356,430923,433
104180801,18.6272,22.8817,428,122640,0.38272,0.12,1,431376,430948,428
104183721,13.3254,7.77635,436,122640,0.324544,0.31,1,431388,430952,436
104186641,15.4651,15.1553,435,122640,0.320909,0.31,1,431404,430969,435
104189561,6.29302,4.63105,437,122640,0.312182,0.3,1,431408,430971,437
104191361,2.0586,2.52621,436,122640,0.294436,0.33,1,431409,430973,436
104194281,5.21172,7.70524,433,122640,0.258887,0.28,1,431415,430982,433
104197201,4.24234,5.54105,432,122640,0.227777,0.28,1,431419,430987,432
104200121,2.44847,2.70821,432,122640,0.293555,0.24,1,431421,430989,432
104202801,2.08969,2.14164,432,122640,0.282711,0.19,1,431423,430991,432
104205721,12.4179,8.42833,437,122640,0.312542,0.18,1,431438,431001,437
104208641,4.08359,3.28567,437,122640,0.286508,0.28,1,431440,431003,437
104211561,2.41672,7.05713,431,122640,0.281302,0.29,1,431442,431011,431
104214481,8.48334,4.61143,437,122640,0.32826,0.23,1,431452,431015,437
104217401,28.0967,27.3223,437,122640,0.345652,0.31,1,431485,431048,437
104220321,18.4193,22.2645,432,122640,0.22913,0.2,1,431501,431069,432
104223241,17.2839,14.0529,437,122640,0.293826,0.32,1,431518,431081,437
104226161,9.85677,10.0106,436,122640,0.362765,0.29,1,431526,431090,436
104229081,15.5714,16.4021,435,122640,0.376553,0.26,1,431543,431108,435
104232001,23.1143,24.0804,434,122640,0.339311,0.28,1,431568,431134,434
104234921,11.0229,14.4161,430,122640,0.267862,0.24,1,431576,431146,430
104237841,22.2046,16.4832,438,122640,0.285572,0.32,1,431601,431163,438
104240761,10.8409,11.2966,436,122640,0.233114,0.36,1,431609,431173,436
104243681,3.76818,3.85933,436,122640,0.278623,0.33,1,431611,431175,436
104246601,10.3536,13.5719,432,122640,0.311725,0.28,1,431623,431191,432
104249521,29.2707,24.3144,439,122640,0.294345,0.32,1,431657,431218,439
104252441,31.4541,33.6629,435,122640,0.322869,0.38,1,431689,431254,435
104255361,21.4908,17.9326,440,122640,0.248574,0.35,1,431708,431268,440
104258281,7.49817,6.78651,440,122640,0.289715,0.35,1,431712,431272,440
104261041,4.69963,2.9573,442,122640,0.273943,0.36,1,431716,431274,442
104263961,2.53993,2.99146,441,122640,0.230789,0.35,1,431718,431277,441
104266881,2.10799,1.39829,442,122640,0.254158,0.35,1,431720,431278,442
104269801,12.4216,7.47966,448,122640,0.258832,0.23,1,431735,431287,448
104272721,7.28432,11.0959,442,122640,0.163766,0.38,1,431741,431299,442
104275641,9.45686,5.41919,448,122640,0.272753,0.34,1,431751,431303,448
104278561,10.6914,9.08384,449,122640,0.294551,0.32,1,431762,431313,449
104281481,3.73827,9.81677,441,122640,0.27491,0.33,1,431764,431323,441
104283921,2.34765,3.56335,441,122640,0.238982,0.31,1,431766,431325,441
104286841,2.06953,1.51267,442,122640,0.263796,0.27,1,431768,431326,442
104289761,2.01391,1.90253,442,122640,0.276759,0.23,1,431770,431328,442
104292681,2.00278,1.98051,442,122640,0.279352,0.34,1,431772,431330,442
104295601,7.60056,4.3961,446,122640,0.29587,0.38,1,431781,431335,446
104298521,11.9201,5.67922,453,122640,0.203174,0.4,1,431794,431341,453
104301441,17.584,13.1358,457,122640,0.216635,0.38,1,431813,431356,457
104304361,14.7168,18.6272,451,122640,0.283327,0.31,1,431827,431376,451
104307281,10.9434,13.3254,449,122640,0.136665,0.32,1,431837,431388,449
104310201,3.78867,15.4651,435,122640,0.115333,0.31,1,431839,431404,435
104313121,2.35773,6.29302,433,122640,0.263067,0.25,1,431841,431408,433
104316041,6.87155,6.8586,434,122640,0.244613,0.22,1,431849,431415,434
104318961,6.17431,4.57172,436,122640,0.240923,0.31,1,431855,431419,436
104321881,2.83486,2.51434,436,122640,0.264185,0.31,1,431857,431421,436
104323861,2.16697,0.502869,438,122640,0.236837,0.28,1,431859,431421,438
104326781,14.8334,1.70057,454,122640,0.255367,0.32,1,431877,431423,454
104329701,4.56668,12.3401,441,122640,0.267073,0.28,1,431879,431438,441
104332621,2.51334,4.06802,441,122640,0.269415,0.28,1,431881,431440,441
104335301,4.50267,2.4136,444,122640,0.189883,0.34,1,431886,431442,444
104338221,23.3005,8.48272,462,122640,0.285977,0.35,1,431914,431452,462
104341141,25.4601,28.0965,455,122640,0.177195,0.2,1,431940,431485,455
104344061,19.492,18.4193,457,122640,0.171439,0.31,1,431958,431501,457
104346981,8.6984,17.2839,446,122640,0.170288,0.38,1,431964,431518,446
104349901,16.9397,9.85677,457,122640,0.234058,0.38,1,431983,431526,457
104352821,16.9879,15.5714,457,122640,0.206812,0.33,1,432000,431543,457
104355741,11.3976,23.1143,442,122640,0.225362,0.25,1,432010,431568,442
104358661,24.6795,11.0229,462,122640,0.173072,0.29,1,432038,431576,462
104361581,11.3359,22.2046,445,122640,0.202615,0.22,1,432046,431601,445
104364501,3.86718,10.8409,439,122640,0.184523,0.29,1,432048,431609,439
104367421,9.57344,3.76818,448,122640,0.276905,0.32,1,432059,431611,448
104370341,28.3147,10.3536,469,122640,0.271381,0.29,1,432092,431623,469
104373261,28.8629,29.2707,464,122640,0.254276,0.33,1,432121,431657,464
104376181,21.7726,31.4541,452,122640,0.314855,0.23,1,432141,431689,452
104379101,7.55452,21.4908,437,122640,0.286971,0.3,1,432145,431708,437
104382021,4.7109,7.49817,437,122640,0.257394,0.27,1,432149,431712,437
104384181,4.14218,4.69963,437,122640,0.347479,0.28,1,432153,431716,437
104387101,2.42844,3.33993,436,122640,0.365496,0.26,1,432155,431719,436
104390021,7.68569,1.46799,444,122640,0.377099,0.26,1,432164,431720,444
104392941,11.9371,12.2936,442,122640,0.35542,0.14,1,432177,431735,442
104395861,10.3874,7.25872,446,122640,0.359084,0.3,1,432187,431741,446
104398781,10.0775,9.45174,446,122640,0.391817,0.3,1,432197,431751,446
104401701,3.6155,10.6903,437,122640,0.398363,0.27,1,432199,431762,437
104404621,2.3231,3.73807,437,122640,0.391673,0.23,1,432201,431764,437
104406641,1.26462,2.34761,436,122640,0.374335,0.3,1,432202,431766,436
104409561,1.85292,2.86952,435,122640,0.338867,0.28,1,432204,431769,435
104412481,3.57058,1.3739,438,122640,0.323773,0.28,1,432208,431770,438
104415401,3.91412,1.87478,440,122640,0.384755,0.3,1,432212,431772,440
104418321,14.3828,7.57496,448,122640,0.388951,0.18,1,432229,431781,448
104421241,16.4766,11.915,452,122640,0.38979,0.22,1,432246,431794,452
104424161,8.09531,17.583,439,122640,0.301958,0.3,1,432252,431813,439
104427081,15.2191,14.7166,442,122640,0.332392,0.1,1,432269,431827,442
104430001,4.64381,10.9433,434,122640,0.306478,0.11,1,432271,431837,434
104431601,1.72876,3.78866,433,122640,0.285296,0.3,1,432272,431839,433
104434521,1.94575,2.35773,433,122640,0.257059,0.24,1,432274,431841,433
104437441,6.78915,6.87155,433,122640,0.411412,0.24,1,432282,431849,433
104440361,4.55783,6.17431,431,122640,0.442282,0.27,1,432286,431855,431
104443281,4.11157,2.83486,433,122640,0.384456,0.23,1,432290,431857,433
104446161,4.02231,2.16697,435,122640,0.412891,0.26,1,432294,431859,435
104449081,10.4045,14.8334,429,122640,0.306578,0.27,1,432306,431877,429
104452001,3.68089,4.56668,429,122640,0.381316,0.27,1,432308,431879,429
104454481,2.33618,2.51334,429,122640,0.404263,0.2,1,432310,431881,429
104457401,10.0672,5.30267,435,122640,0.392853,0.31,1,432322,431887,435
104460321,24.4134,22.6605,436,122640,0.422571,0.15,1,432350,431914,436
104463241,23.2827,25.3321,433,122640,0.380514,0.17,1,432373,431940,433
104466161,17.4565,19.4664,431,122640,0.388103,0.17,1,432389,431958,431
104469081,11.4913,8.69328,435,122640,0.317621,0.25,1,432399,431964,435
104472001,15.8983,16.9387,433,122640,0.391524,0.2,1,432416,431983,433
104474921,16.7797,16.9877,433,122640,0.374305,0.23,1,432433,432000,433
104477841,11.3559,11.3975,433,122640,0.346861,0.16,1,432443,432010,433
104480761,23.0712,24.6795,431,122640,0.413372,0.21,1,432469,432038,431
104483681,15.0142,11.3359,436,122640,0.402674,0.18,1,432482,432046,436
104486601,4.60285,3.86718,436,122640,0.392535,0.3,1,432484,432048,436
104489521,10.5206,9.57344,437,122640,0.390507,0.27,1,432496,432059,437
104492441,27.7041,28.3147,436,122640,0.406101,0.25,1,432528,432092,436
104495361,31.1408,28.8629,439,122640,0.36122,0.33,1,432560,432121,439
104498281,22.2282,21.7726,439,122640,0.320244,0.28,1,432580,432141,439
104501201,9.24563,7.55452,441,122640,0.320049,0.25,1,432586,432145,441
104504121,5.04913,4.7109,441,122640,0.30401,0.37,1,432590,432149,441
104506481,3.40983,4.14218,440,122640,0.292802,0.39,1,432593,432153,440
104509401,2.28197,3.22844,439,122640,0.34656,0.38,1,432595,432156,439
104512321,9.25639,7.04569,442,122640,0.357312,0.35,1,432606,432164,442
104515241,12.2513,11.8091,442,122640,0.367462,0.36,1,432619,432177,442
104518161,9.65026,10.3618,441,122640,0.385492,0.4,1,432628,432187,441
104521081,6.73005,10.0724,437,122640,0.381098,0.4,1,432634,432197,437
104524001,2.94601,3.61447,437,122640,0.37222,0.39,1,432636,432199,437
104526921,3.7892,2.32289,439,122640,0.402444,0.37,1,432640,432201,439
104529361,4.75784,1.26458,443,122640,0.400489,0.35,1,432645,432202,443
104532281,2.55157,4.25292,440,122640,0.400098,0.32,1,432647,432207,440
104535201,3.71031,1.65058,443,122640,0.40002,0.4,1,432651,432208,443
104538121,11.1421,3.53012,452,122640,0.384004,0.39,1,432664,432212,452
104541041,17.4284,14.306,454,122640,0.324801,0.39,1,432683,432229,454
104543961,8.28568,16.4612,443,122640,0.37696,0.28,1,432689,432246,443
104546881,18.4571,8.09224,458,122640,0.371392,0.34,1,432710,432252,458
104549801,5.29143,15.2184,443,122640,0.378278,0.3,1,432712,432269,443
104552721,2.65829,4.64369,443,122640,0.347656,0.28,1,432714,432271,443
104554321,1.33166,1.72874,443,122640,0.325531,0.47,1,432715,432272,443
104557241,4.26633,7.54575,439,122640,0.409106,0.45,1,432720,432281,439
104560161,4.85327,2.30915,443,122640,0.449821,0.45,1,432725,432282,443
104563081,2.57065,3.66183,441,122640,0.481964,0.37,1,432727,432286,441
104566001,2.11413,3.93237,439,122640,0.456393,0.42,1,432729,432290,439
104568921,12.4228,3.98647,450,122640,0.403279,0.28,1,432744,432294,450
104571841,4.08457,10.3973,440,122640,0.416656,0.4,1,432746,432306,440
104574761,4.81691,3.67946,443,122640,0.371331,0.41,1,432751,432308,443
104577681,8.96338,2.33589,451,122640,0.338266,0.39,1,432761,432310,451
104580601,24.1927,10.0672,467,122640,0.395653,0.43,1,432789,432322,467
104583521,24.8385,24.4134,464,122640,0.399131,0.37,1,432814,432350,464
104586441,14.5677,23.2827,453,122640,0.423826,0.39,1,432826,432373,453
104589361,9.31354,17.4565,445,122640,0.452765,0.3,1,432834,432389,445
104592281,17.8627,11.4913,455,122640,0.410553,0.41,1,432854,432399,455
104595201,17.9725,15.8983,456,122640,0.410111,0.37,1,432872,432416,456
104598121,9.99451,16.7797,447,122640,0.370022,0.34,1,432880,432433,447
104601041,23.5989,11.3559,464,122640,0.394004,0.43,1,432907,432443,464
104603961,18.3198,23.0712,455,122640,0.390801,0.4,1,432924,432469,455
104606881,5.26396,15.0142,444,122640,0.35816,0.39,1,432926,432482,444
104609801,9.05279,4.60285,452,122640,0.391632,0.39,1,432936,432484,452
104612721,24.2106,10.5206,468,122640,0.438326,0.41,1,432964,432496,468
104615641,28.8421,27.7041,466,122640,0.447665,0.35,1,432994,432528,466
104618561,24.1684,31.1408,457,122640,0.329533,0.31,1,433017,432560,457
104621481,11.2337,22.2282,445,122640,0.409907,0.32,1,433025,432580,445
104624401,5.44674,9.24563,443,122640,0.465981,0.3,1,433029,432586,443
104627321,3.48935,5.04913,442,122640,0.469196,0.29,1,433032,432590,442
104630241,3.09787,3.40983,442,122640,0.421839,0.36,1,433035,432593,442
104632741,8.61957,2.28197,450,122640,0.356368,0.36,1,433045,432595,450
104635661,12.9239,9.25639,453,122640,0.351274,0.37,1,433059,432606,453
104638581,9.78478,12.2513,449,122640,0.342255,0.39,1,433068,432619,449
104641501,7.55696,9.65026,447,122640,0.332451,0.38,1,433075,432628,447
104644421,3.11139,6.73005,443,122640,0.38649,0.37,1,433077,432634,443
104647341,3.02228,2.94601,444,122640,0.389298,0.41,1,433080,432636,444
104650261,6.20446,3.7892,447,122640,0.44586,0.4,1,433087,432640,447
104653181,2.84089,4.75784,444,122640,0.457172,0.4,1,433089,432645,444
104655621,3.76818,2.55157,446,122640,0.435434,0.4,1,433093,432647,446
104658541,8.75364,3.71031,452,122640,0.383087,0.38,1,433103,432651,452
104661461,20.1507,11.1421,462,122640,0.340617,0.31,1,433126,432664,462
104664381,7.23015,17.4284,447,122640,0.308123,0.39,1,433130,432683,447
104667301,20.646,8.28568,465,122640,0.325625,0.37,1,433154,432689,465
104670221,5.72921,18.4571,446,122640,0.329125,0.38,1,433156,432710,446
104673141,2.74584,5.29143,446,122640,0.297825,0.34,1,433158,432712,446
104676061,2.14917,2.65829,446,122640,0.259565,0.43,1,433160,432714,446
104678981,5.22983,5.33166,446,122640,0.363913,0.46,1,433166,432720,446
104681621,2.64597,5.06633,443,122640,0.384783,0.45,1,433168,432725,443
104684541,2.12919,4.21327,441,122640,0.396957,0.45,1,433170,432729,441
104687461,2.02584,0.842653,443,122640,0.431391,0.39,1,433172,432729,443
104690381,11.6052,12.1685,442,122640,0.382278,0.42,1,433186,432744,442
104693301,3.92103,4.03371,442,122640,0.340456,0.36,1,433188,432746,442
104696221,2.38421,4.80674,439,122640,0.420091,0.36,1,433190,432751,439
104698261,6.87684,0.961348,447,122640,0.404018,0.33,1,433198,432751,447
104701181,31.7754,8.19227,475,122640,0.376804,0.41,1,433236,432761,475
104704101,23.1551,24.0385,468,122640,0.371361,0.4,1,433257,432789,468
104707021,14.231,24.8077,455,122640,0.378272,0.43,1,433269,432814,455
104709941,10.8462,14.5615,453,122640,0.315654,0.46,1,433279,432826,453
104712861,18.1692,9.31231,465,122640,0.343131,0.4,1,433299,432834,465
104715781,18.8338,17.8625,464,122640,0.316626,0.41,1,433318,432854,464
104718701,6.96677,17.9725,450,122640,0.319325,0.36,1,433322,432872,450
104721621,25.3934,9.9945,472,122640,0.247865,0.4,1,433352,432880,472
104724541,16.2787,23.5989,459,122640,0.241573,0.39,1,433366,432907,459
104727461,4.85573,18.3198,444,122640,0.248315,0.35,1,433368,432924,444
104730381,12.1711,5.26396,456,122640,0.233663,0.4,1,433382,432926,456
104733301,20.0342,9.05279,468,122640,0.326733,0.45,1,433404,432936,468
104736221,26.4068,24.2106,468,122640,0.241347,0.45,1,433432,432964,468
104739141,28.4814,28.8421,467,122640,0.256269,0.3,1,433461,432994,467
104742061,8.89627,24.1684,448,122640,0.227254,0.43,1,433465,433017,448
104744981,3.37925,11.2337,442,122640,0.221451,0.48,1,433467,433025,442
104747901,2.27585,5.44674,440,122640,0.30829,0.47,1,433469,433029,440
104750261,7.65517,3.48935,446,122640,0.357658,0.43,1,433478,433032,446
104753181,7.13103,3.89787,449,122640,0.287532,0.34,1,433485,433036,449
104756101,11.0262,7.97957,452,122640,0.289506,0.35,1,433497,433045,452
104759021,12.6052,12.7959,451,122640,0.313901,0.34,1,433510,433059,451
104761941,7.32105,9.75918,448,122640,0.31078,0.33,1,433516,433068,448
104764861,6.26421,7.55184,447,122640,0.254156,0.4,1,433522,433075,447
104767781,2.85284,3.11037,447,122640,0.242831,0.39,1,433524,433077,447
104769601,1.37057,3.02207,445,122640,0.232566,0.46,1,433525,433080,445
104772521,1.87411,6.20441,440,122640,0.262513,0.46,1,433527,433087,440
104775441,1.97482,2.84088,440,122640,0.236503,0.43,1,433529,433089,440
104777921,4.39496,3.76818,441,122640,0.255301,0.37,1,433534,433093,441
104780841,12.079,8.75364,445,122640,0.25106,0.33,1,433548,433103,445
104783761,16.8158,20.1507,440,122640,0.274212,0.3,1,433566,433126,440
104786681,6.56316,7.23015,440,122640,0.246842,0.33,1,433570,433130,440
104789601,22.1126,20.646,442,122640,0.241368,0.33,1,433596,433154,442
104792521,6.02253,5.72921,442,122640,0.216274,0.29,1,433598,433156,442
104795441,2.80451,2.74584,442,122640,0.179255,0.25,1,433600,433158,442
104798361,2.1609,2.14917,442,122640,0.139851,0.39,1,433602,433160,442
104801281,5.23218,5.22983,442,122640,0.25197,0.39,1,433608,433166,442
104804201,2.64644,2.64597,442,122640,0.266394,0.4,1,433610,433168,442
104807041,2.12929,2.12919,442,122640,0.277279,0.46,1,433612,433170,442
104809961,3.62586,6.82584,438,122640,0.271456,0.37,1,433616,433178,438
104812881,10.3252,7.76517,442,122640,0.262291,0.33,1,433628,433186,442
104815801,3.66503,3.15303,442,122640,0.292458,0.44,1,433630,433188,442
104818481,2.33301,2.23061,442,122640,0.274492,0.4,1,433632,433190,442
104821401,36.4666,6.84612,479,122640,0.278898,0.37,1,433677,433198,479
104824321,23.2933,31.7692,461,122640,0.29578,0.37,1,433697,433236,461
104827241,11.0587,23.1538,448,122640,0.203156,0.38,1,433705,433257,448
104830161,9.41173,14.2308,445,122640,0.168631,0.3,1,433714,433269,445
104833081,17.8823,10.8462,455,122640,0.193726,0.35,1,433734,433279,455
104836001,18.7765,18.1692,454,122640,0.222745,0.31,1,433753,433299,454
104838921,6.15529,18.8338,438,122640,0.300549,0.32,1,433756,433318,438
104841841,25.2311,6.96677,464,122640,0.15611,0.23,1,433786,433322,464
104844761,14.6462,25.3934,446,122640,0.175222,0.24,1,433798,433352,446
104847681,4.52924,16.2787,434,122640,0.227044,0.25,1,433800,433366,434
104850601,13.7058,4.85573,448,122640,0.197409,0.23,1,433816,433368,448
104853521,17.9412,12.1711,453,122640,0.271482,0.35,1,433835,433382,453
104856441,32.3882,20.0342,467,122640,0.254296,0.22,1,433871,433404,467
104859361,26.4776,26.4068,464,122640,0.290859,0.26,1,433896,433432,464
104862281,10.8955,28.4814,442,122640,0.202172,0.22,1,433903,433461,442
104865201,3.77911,8.89627,440,122640,0.152434,0.22,1,433905,433465,440
104868121,2.35582,3.37925,440,122640,0.142487,0.33,1,433907,433467,440
104871041,2.07116,2.27585,440,122640,0.116497,0.37,1,433909,433469,440
104873961,7.61423,7.65517,440,122640,0.239299,0.27,1,433918,433478,440
104876881,7.92285,7.13103,441,122640,0.27986,0.29,1,433926,433485,441
104879801,15.9846,11.0262,447,122640,0.135972,0.32,1,433944,433497,447
104882721,7.99691,12.6052,440,122640,0.219194,0.31,1,433950,433510,440
104885641,6.39938,7.32105,440,122640,0.235839,0.24,1,433956,433516,440
104888561,2.87988,6.26421,436,122640,0.263168,0.24,1,433958,433522,436
104891481,2.97598,2.85284,437,122640,0.276634,0.27,1,433961,433524,437
104893781,3.7952,2.97057,438,122640,0.231327,0.29,1,433965,433527,438
104896701,3.15904,2.99411,438,122640,0.214265,0.26,1,433968,433530,438
104899621,2.23181,3.79882,436,122640,0.210853,0.25,1,433970,433534,436
104902541,13.2464,11.9598,438,122640,0.290171,0.28,1,433986,433548,438
104905461,9.04927,16.792,428,122640,0.242034,0.24,1,433994,433566,428
104908381,6.60985,6.55839,430,122640,0.200407,0.24,1,434000,433570,430
104911301,26.122,22.1117,435,122640,0.192081,0.21,1,434031,433596,435
104914221,6.82439,6.02234,435,122640,0.166416,0.17,1,434033,433598,435
104917141,2.96488,2.80447,435,122640,0.185283,0.17,1,434035,433600,435
104918741,2.99298,0.560893,438,122640,0.141057,0.24,1,434038,433600,438
104921661,3.7986,3.31218,438,122640,0.284211,0.28,1,434042,433604,438
104924581,2.35972,3.86244,436,122640,0.312842,0.27,1,434044,433608,436
104927501,2.07194,2.37249,436,122640,0.318568,0.28,1,434046,433610,436
104930181,7.61439,2.0745,443,122640,0.319714,0.28,1,434055,433612,443
104933101,4.72288,6.0149,440,122640,0.279943,0.26,1,434059,433619,440
104936021,2.54458,8.40298,433,122640,0.271989,0.3,1,434061,433628,433
104938941,6.10891,3.2806,438,122640,0.286398,0.27,1,434068,433630,438
104941621,33.2218,2.25612,476,122640,0.19328,0.28,1,434108,433632,476
104944541,21.8444,36.4512,450,122640,0.206656,0.3,1,434127,433677,450
104947461,10.7689,23.2902,438,122640,0.233331,0.18,1,434135,433697,438
104950381,10.9538,11.058,441,122640,0.294666,0.16,1,434146,433705,441
104953301,19.7908,9.41161,454,122640,0.274933,0.2,1,434168,433714,454
104956221,17.5582,17.8823,451,122640,0.198987,0.23,1,434185,433734,451
104959141,5.11163,18.7765,434,122640,0.183797,0.32,1,434187,433753,434
104962061,23.4223,6.15529,459,122640,0.132759,0.12,1,434215,433756,459
104964981,17.4845,25.2311,445,122640,0.178552,0.18,1,434231,433786,445
104967901,5.09689,14.6462,435,122640,0.18771,0.24,1,434233,433798,435
104970821,14.6194,4.52924,450,122640,0.261542,0.19,1,434250,433800,450
104973741,18.1239,13.7058,453,122640,0.260308,0.29,1,434269,433816,453
104976661,30.8248,17.9412,468,122640,0.268062,0.25,1,434303,433835,468
104979581,22.165,32.3882,452,122640,0.285612,0.3,1,434323,433871,452
104982501,14.833,26.4776,440,122640,0.321122,0.18,1,434336,433896,440
104985421,4.5666,10.8955,435,122640,0.296225,0.14,1,434338,433903,435
104986961,1.71332,3.77911,434,122640,0.275245,0.14,1,434339,433905,434
104989881,1.94266,2.35582,434,122640,0.247049,0.11,1,434341,433907,434
104992801,1.98853,2.07116,434,122640,0.21741,0.27,1,434343,433909,434
104995281,6.79771,7.61423,433,122640,0.315482,0.29,1,434351,433918,433
104998201,4.55954,7.92285,429,122640,0.279096,0.1,1,434355,433926,429
105001121,20.1119,15.9846,435,122640,0.311819,0.24,1,434379,433944,435
105004041,9.62238,7.99691,436,122640,0.334364,0.24,1,434386,433950,436
105006961,3.52448,6.39938,432,122640,0.306873,0.27,1,434388,433956,432
105009881,2.3049,2.87988,432,122640,0.309375,0.28,1,434390,433958,432
105012801,2.06098,2.97598,431,122640,0.293875,0.28,1,434392,433961,431
105014421,2.0122,0.595195,433,122640,0.290775,0.22,1,434394,433961,433
105017341,8.40244,3.31904,439,122640,0.322155,0.21,1,434404,433965,439
105020261,3.28049,3.06381,438,122640,0.312431,0.21,1,434406,433968,438
105023181,8.6561,2.21276,446,122640,0.310486,0.31,1,434416,433970,446
105026101,11.3312,13.2426,442,122640,0.318097,0.23,1,434428,433986,442
105029021,7.06624,9.04851,440,122640,0.295619,0.19,1,434434,433994,440
105031941,27.8132,6.6097,467,122640,0.235124,0.19,1,434467,434000,467
105034861,7.16265,26.1219,438,122640,0.191025,0.16,1,434469,434031,438
105037781,3.03253,6.82439,438,122640,0.222205,0.19,1,434471,434033,438
105040421,3.80651,2.96488,440,122640,0.220441,0.32,1,434475,434035,440
105043341,2.3613,6.19298,435,122640,0.188088,0.32,1,434477,434042,435
105046261,3.67226,2.8386,437,122640,0.285618,0.32,1,434481,434044,437
105049181,2.33445,2.16772,437,122640,0.305124,0.32,1,434483,434046,437
105052101,8.46689,7.63354,438,122640,0.293025,0.27,1,434493,434055,438
105055021,4.89338,4.72671,438,122640,0.298605,0.27,1,434497,434059,438
105057941,2.57868,2.54534,438,122640,0.267721,0.29,1,434499,434061,438
105060861,3.71574,6.10907,435,122640,0.301544,0.17,1,434503,434068,435
105063781,27.1431,33.2218,428,122640,0.292309,0.21,1,434536,434108,428
105066701,27.8286,21.8444,437,122640,0.290462,0.24,1,434564,434127,437
105069621,11.9657,10.7689,437,122640,0.314092,0.31,1,434572,434135,437
105072541,10.3931,10.9538,436,122640,0.318818,0.27,1,434582,434146,436
105075461,16.4786,19.7908,432,122640,0.279764,0.18,1,434600,434168,432
105078381,21.6957,17.5582,438,122640,0.303953,0.18,1,434623,434185,438
105081301,5.93914,5.11163,438,122640,0.276791,0.12,1,434625,434187,438
105084221,21.9878,23.4223,436,122640,0.183358,0.19,1,434651,434215,436
105087141,14.7976,17.4845,433,122640,0.268672,0.19,1,434664,434231,433
105090061,6.15951,5.09689,435,122640,0.229734,0.28,1,434668,434233,435
105092981,11.6319,14.6194,431,122640,0.229947,0.26,1,434681,434250,431
105095901,23.1264,18.1239,438,122640,0.253989,0.27,1,434707,434269,438
105098821,31.8253,30.8248,438,122640,0.250798,0.29,1,434741,434303,438
105101741,23.9651,22.165,440,122640,0.21816,0.33,1,434763,434323,440
105104661,13.593,14.833,438,122640,0.187632,0.29,1,434774,434336,438
105107581,4.3186,4.5666,438,122640,0.221526,0.27,1,434776,434338,438
105109681,2.46372,1.71332,439,122640,0.204305,0.37,1,434778,434339,439
105112601,6.89274,8.34266,437,122640,0.264861,0.37,1,434786,434349,437
105115521,2.97855,1.66853,439,122640,0.268972,0.34,1,434788,434349,439
105118441,2.99571,1.93371,440,122640,0.237794,0.27,1,434791,434351,440
105121361,19.7991,3.58674,460,122640,0.103559,0.32,1,434815,434355,460
105124281,9.55983,19.9173,443,122640,0.140712,0.34,1,434822,434379,443
105127201,3.51197,9.58347,438,122640,0.116142,0.3,1,434824,434386,438
105129861,3.10239,3.51669,439,122640,0.191228,0.31,1,434827,434388,439
105132781,3.02048,2.30334,440,122640,0.230246,0.29,1,434830,434390,440
105135701,2.2041,2.06067,440,122640,0.246049,0.33,1,434832,434392,440
105138621,8.44082,10.0121,438,122640,0.19321,0.31,1,434842,434404,438
105141541,3.28816,3.60243,438,122640,0.238642,0.31,1,434844,434406,438
105144461,8.65763,8.72049,438,122640,0.159728,0.32,1,434854,434416,438
105147381,8.13153,11.3441,434,122640,0.239946,0.29,1,434862,434428,434
105150301,8.02631,7.06882,436,122640,0.255989,0.22,1,434870,434434,436
105153221,26.4053,27.8138,434,122640,0.131198,0.18,1,434901,434467,434
105156141,10.0811,7.16275,438,122640,0.21824,0.23,1,434907,434469,438
105159061,3.61621,3.03255,438,122640,0.203648,0.22,1,434909,434471,438
105161981,3.92324,3.80651,438,122640,0.24073,0.18,1,434913,434475,438
105164901,2.38465,2.3613,438,122640,0.216146,0.31,1,434915,434477,438
105167821,2.07693,3.67226,436,122640,0.179229,0.31,1,434917,434481,436
105170741,2.01539,2.33445,436,122640,0.187846,0.31,1,434919,434483,436
105172501,8.40308,0.46689,446,122640,0.229569,0.29,1,434929,434483,446
105175421,4.88062,8.09338,440,122640,0.253914,0.3,1,434933,434493,440
105178341,2.57612,4.81868,438,122640,0.226783,0.26,1,434935,434497,438
105181261,3.71522,2.56374,440,122640,0.173357,0.31,1,434939,434499,440
105184181,27.143,3.71275,469,122640,0.186671,0.29,1,434972,434503,469
105187101,28.6286,27.1425,465,122640,0.229334,0.29,1,435001,434536,465
105190021,12.1257,27.8285,445,122640,0.141867,0.32,1,435009,434564,445
105192941,8.82514,11.9657,445,122640,0.244373,0.32,1,435017,434572,445
105195861,16.165,10.3931,453,122640,0.224875,0.27,1,435035,434582,453
105198781,22.433,16.4786,459,122640,0.260975,0.31,1,435059,434600,459
105201701,6.0866,21.6957,438,122640,0.236195,0.27,1,435061,434623,438
105204621,20.4173,5.93914,460,122640,0.159239,0.16,1,435085,434625,460
105207541,15.2835,21.9878,448,122640,0.143848,0.29,1,435099,434651,448
105210461,4.65669,14.7976,437,122640,0.10877,0.22,1,435101,434664,437
105213381,10.5313,6.15951,445,122640,0.229754,0.23,1,435113,434668,445
105216301,22.1063,11.6319,457,122640,0.277951,0.26,1,435138,434681,457
105219221,30.8213,23.1264,464,122640,0.27959,0.25,1,435171,434707,464
105222141,22.9643,31.8253,451,122640,0.191918,0.21,1,435192,434741,451
105225061,16.5928,23.9651,444,122640,0.174384,0.18,1,435207,434763,444
105227981,6.51857,13.593,437,122640,0.114877,0.23,1,435211,434774,437
105230901,2.90371,4.3186,437,122640,0.198975,0.28,1,435213,434776,437
105233821,7.78074,8.86372,436,122640,0.287795,0.27,1,435222,434786,436
105236741,3.15615,3.37274,436,122640,0.321559,0.23,1,435224,434788,436
105239661,2.23123,3.07455,435,122640,0.296312,0.07,1,435226,434791,435
105242581,16.4462,19.8149,431,122640,0.275262,0.15,1,435246,434815,431
105245501,11.2892,9.56298,434,122640,0.207052,0.11,1,435256,434822,434
105248421,3.85785,3.5126,434,122640,0.24941,0.21,1,435258,434824,434
105251341,2.37157,3.10252,433,122640,0.217882,0.21,1,435260,434827,433
105253621,2.07431,0.620504,435,122640,0.179576,0.25,1,435262,434827,435
105256541,2.01486,4.1241,432,122640,0.163915,0.25,1,435264,434832,432
105259461,5.20297,0.82482,438,122640,0.208783,0.18,1,435270,434832,438
105262381,2.64059,8.16496,430,122640,0.281757,0.25,1,435272,434842,430
105265301,13.3281,3.23299,444,122640,0.264351,0.14,1,435288,434844,444
105268221,7.46562,8.6466,440,122640,0.22087,0.26,1,435294,434854,440
105271141,4.69312,8.12932,436,122640,0.300174,0.26,1,435298,434862,436
105274061,26.5386,8.02586,460,122640,0.212035,0.1,1,435330,434870,460
105276981,10.9077,26.4052,436,122640,0.178407,0.24,1,435337,434901,436
105279901,4.58154,10.081,433,122640,0.219681,0.2,1,435340,434907,433
105282741,5.71631,3.61621,437,122640,0.163936,0.25,1,435346,434909,437
105285661,2.74326,3.92324,435,122640,0.216787,0.21,1,435348,434913,435
105288581,2.14865,2.38465,435,122640,0.195357,0.17,1,435350,434915,435
105291061,3.62973,2.07693,437,122640,0.247071,0.26,1,435354,434917,437
105293981,3.92595,4.41539,436,122640,0.265414,0.26,1,435358,434922,436
105296901,3.98519,9.68308,429,122640,0.261083,0.22,1,435362,434933,429
105299821,2.39704,3.53662,429,122640,0.324217,0.16,1,435364,434935,429
105302741,6.87941,3.90732,433,122640,0.344843,0.19,1,435372,434939,433
105305661,28.5759,27.1815,434,122640,0.236969,0.24,1,435406,434972,434
105308581,24.1152,28.6363,428,122640,0.263394,0.12,1,435429,435001,428
105311501,16.823,12.1273,435,122640,0.236679,0.27,1,435444,435009,435
105314421,6.56461,8.82545,431,122640,0.167336,0.22,1,435448,435017,431
105317341,18.9129,16.1651,435,122640,0.169467,0.27,1,435470,435035,435
105320261,20.5826,22.433,432,122640,0.233893,0.23,1,435491,435059,432
105323181,8.11652,6.0866,435,122640,0.206779,0.14,1,435496,435061,435
105326101,16.0233,20.4173,429,122640,0.233356,0.14,1,435514,435085,429
105329021,19.2047,15.2835,435,122640,0.174671,0.1,1,435534,435099,435
105331941,5.44093,4.65669,435,122640,0.250934,0.26,1,435536,435101,435
105334861,10.6882,10.5313,435,122640,0.258187,0.29,1,435548,435113,435
105337781,22.9376,22.1063,436,122640,0.163637,0.28,1,435574,435138,436
105340701,30.1875,30.8213,435,122640,0.168727,0.17,1,435606,435171,435
105343621,22.0375,22.9643,434,122640,0.241746,0.17,1,435626,435192,434
105346541,18.8075,16.5928,437,122640,0.176349,0.1,1,435644,435207,437
105349461,5.3615,6.51857,435,122640,0.13927,0.22,1,435646,435211,435
105352381,4.2723,2.90371,437,122640,0.067854,0.31,1,435650,435213,437
105355301,5.65446,7.78074,434,122640,0.245571,0.33,1,435656,435222,434
105358221,4.33089,3.15615,436,122640,0.249114,0.29,1,435660,435224,436
105361141,2.46618,2.23123,436,122640,0.249823,0.29,1,435662,435226,436
105362821,11.6932,0.446246,450,122640,0.265965,0.27,1,435676,435226,450
105365741,9.53865,16.0892,439,122640,0.189193,0.19,1,435685,435246,439
105368661,4.30773,11.2178,432,122640,0.253839,0.26,1,435688,435256,432
105370721,3.26155,3.84357,433,122640,0.226768,0.21,1,435691,435258,433
105373641,3.05231,2.36871,434,122640,0.237354,0.17,1,435694,435260,434
105376561,5.41046,2.07374,438,122640,0.207471,0.16,1,435700,435262,438
105379041,2.68209,2.01475,438,122640,0.257494,0.3,1,435702,435264,438
105381961,5.33642,6.80295,436,122640,0.211499,0.3,1,435708,435272,436
105384881,2.66728,1.36059,438,122640,0.2423,0.26,1,435710,435272,438
105387801,13.3335,13.0721,438,122640,0.27246,0.21,1,435726,435288,438
105390721,7.46669,7.41442,438,122640,0.182492,0.32,1,435732,435294,438
105393641,4.69334,4.68288,438,122640,0.252498,0.19,1,435736,435298,438
105396561,23.3387,26.5366,434,122640,0.1945,0.17,1,435764,435330,434
105399481,7.86773,10.9073,431,122640,0.1189,0.23,1,435768,435337,431
105402401,4.77355,4.58146,432,122640,0.18378,0.15,1,435772,435340,432
105405321,8.95471,5.71629,436,122640,0.188756,0.23,1,435782,435346,436
105408241,3.39094,2.74326,436,122640,0.197751,0.19,1,435784,435348,436
105410241,1.47819,2.14865,435,122640,0.18355,0.26,1,435785,435350,435
105413161,6.69564,3.62973,439,122640,0.18071,0.27,1,435793,435354,439
105416081,4.53913,3.92595,439,122640,0.236142,0.26,1,435797,435358,439
105419001,4.10783,3.98519,439,122640,0.183228,0.34,1,435801,435362,439
105421921,2.42157,2.39704,439,122640,0.236646,0.35,1,435803,435364,439
105424841,2.08431,6.87941,433,122640,0.247329,0.21,1,435805,435372,433
105427761,31.6169,28.5759,438,122640,0.177466,0.27,1,435844,435406,438
105430681,23.9234,24.1152,437,122640,0.211493,0.23,1,435866,435429,437
105433601,11.1847,16.823,430,122640,0.170299,0.15,1,435874,435444,430
105436521,10.2369,6.56461,436,122640,0.23406,0.17,1,435884,435448,436
105439441,18.8474,18.9129,435,122640,0.198812,0.25,1,435905,435470,435
105442361,18.9695,20.5826,433,122640,0.239762,0.2,1,435924,435491,433
105445281,5.3939,8.11652,430,122640,0.247952,0.24,1,435926,435496,430
105448201,13.8788,16.0233,428,122640,0.27359,0.16,1,435942,435514,428
105451121,21.1758,19.2047,431,122640,0.126718,0.27,1,435965,435534,431
105454041,9.03515,5.44093,435,122640,0.169344,0.26,1,435971,435536,435
105456961,10.607,10.6882,434,122640,0.177869,0.14,1,435982,435548,434
105459881,22.1214,22.9376,433,122640,0.267574,0.17,1,436007,435574,433
105462801,30.0243,30.1875,433,122640,0.293515,0.26,1,436039,435606,433
105465721,22.0049,22.0375,433,122640,0.242703,0.16,1,436059,435626,433
105468641,21.201,18.8075,436,122640,0.152541,0.13,1,436080,435644,436
105471561,5.84019,5.3615,436,122640,0.102508,0.05,1,436082,435646,436
105474481,2.76804,4.2723,434,122640,0.196502,0.29,1,436084,435650,434
105477401,6.95361,5.65446,436,122640,0.2553,0.25,1,436092,435656,436
105480321,2.99072,4.33089,434,122640,0.26706,0.25,1,436094,435660,434
105483041,2.99814,2.46618,435,122640,0.253412,0.27,1,436097,435662,435
105485961,16.5996,11.6932,441,122640,0.242682,0.17,1,436117,435676,441
105488881,4.91993,9.53865,434,122640,0.216536,0.27,1,436119,435685,434
105491801,5.78399,4.30773,437,122640,0.243307,0.22,1,436125,435688,437
105493441,3.5568,3.26155,437,122640,0.272661,0.24,1,436128,435691,437
105496361,5.51136,6.25231,436,122640,0.214532,0.2,1,436134,435698,436
105499281,2.70227,2.85046,436,122640,0.202906,0.27,1,436136,435700,436
105502201,3.74045,2.17009,438,122640,0.160581,0.2,1,436140,435702,438
105505121,2.34809,5.23402,434,122640,0.120116,0.25,1,436142,435708,434
105508041,14.8696,2.6468,450,122640,0.232023,0.28,1,436160,435710,450
105510961,7.77392,13.3294,440,122640,0.222405,0.16,1,436166,435726,440
105513881,4.75478,7.46587,438,122640,0.188481,0.27,1,436170,435732,438
105516741,19.351,4.69317,457,122640,0.181696,0.18,1,436193,435736,457
105519661,5.47019,23.3386,431,122640,0.148339,0.1,1,436195,435764,431
105522581,7.49404,7.86773,435,122640,0.173668,0.2,1,436203,435768,435
105525501,5.49881,4.77355,436,122640,0.218734,0.19,1,436208,435772,436
105528421,5.09976,8.95471,431,122640,0.195747,0.2,1,436213,435782,431
105531341,3.41995,3.39094,432,122640,0.167149,0.18,1,436216,435784,432
105534261,9.48399,1.47819,442,122640,0.26543,0.18,1,436227,435785,442
105537181,5.0968,6.69564,438,122640,0.221086,0.25,1,436231,435793,438
105540101,4.21936,4.53913,438,122640,0.180217,0.17,1,436235,435797,438
105542741,2.44387,4.10783,436,122640,0.140043,0.27,1,436237,435801,436
105545661,2.08877,3.22157,435,122640,0.252009,0.25,1,436239,435804,435
105548581,30.8178,1.44431,472,122640,0.250402,0.16,1,436277,435805,472
105551501,19.7636,31.4889,450,122640,0.25008,0.22,1,436294,435844,450
105554421,13.5527,23.8978,440,122640,0.266016,0.16,1,436306,435866,440
105557341,13.1105,11.1796,445,122640,0.205203,0.25,1,436319,435874,445
105560261,17.8221,10.2359,454,122640,0.281041,0.19,1,436338,435884,454
105563181,17.1644,18.8472,450,122640,0.248208,0.25,1,436355,435905,450
105566101,5.03288,18.9694,433,122640,0.241642,0.25,1,436357,435924,433
105569021,15.4066,5.39389,449,122640,0.224328,0.28,1,436375,435926,449
105571941,20.6813,13.8788,455,122640,0.220866,0.09,1,436397,435942,455
105574861,5.73626,21.1758,434,122640,0.188173,0.18,1,436399,435965,434
105577781,11.5473,9.03515,441,122640,0.301635,0.18,1,436412,435971,441
105580701,26.3095,10.607,460,122640,0.308327,0.29,1,436442,435982,460
105583621,30.0619,22.1214,466,122640,0.357665,0.3,1,436473,436007,466
105586541,18.0124,30.0243,449,122640,0.383533,0.23,1,436488,436039,449
105589461,20.4025,22.0049,450,122640,0.228707,0.13,1,436509,436059,450
105592381,10.4805,21.201,437,122640,0.285741,0.09,1,436517,436080,437
105595301,3.6961,5.84019,437,122640,0.297148,0.22,1,436519,436082,437
105597861,6.33922,2.76804,442,122640,0.23543,0.27,1,436526,436084,442
105600781,3.66784,6.95361,437,122640,0.295086,0.27,1,436529,436092,437
105603701,2.33357,2.99072,437,122640,0.307017,0.25,1,436531,436094,437
105606181,16.4667,2.99814,454,122640,0.301403,0.24,1,436551,436097,454
105609101,4.89334,16.5996,436,122640,0.292281,0.21,1,436553,436117,436
105612021,2.57867,4.91993,436,122640,0.266456,0.25,1,436555,436119,436
105614941,2.11573,5.78399,432,122640,0.229291,0.2,1,436557,436125,432
105617861,7.62315,8.3568,432,122640,0.285858,0.2,1,436566,436134,432
105620781,3.12463,3.27136,432,122640,0.305172,0.15,1,436568,436136,432
105623701,3.82493,3.85427,432,122640,0.253034,0.11,1,436572,436140,432
105626561,2.36499,2.37085,432,122640,0.210607,0.26,1,436574,436142,432
105629481,14.073,14.8742,431,122640,0.250121,0.22,1,436591,436160,431
105632401,10.8146,7.77483,435,122640,0.250024,0.18,1,436601,436166,435
105635321,5.36292,4.75497,435,122640,0.274005,0.18,1,436605,436170,435
105637381,14.6726,0.950993,452,122640,0.342801,0.18,1,436622,436170,452
105640301,4.53452,18.5902,431,122640,0.32456,0.14,1,436624,436193,431
105643221,8.9069,5.31804,439,122640,0.320912,0.18,1,436634,436195,439
105645701,6.58138,7.46361,437,122640,0.296182,0.23,1,436640,436203,437
105648621,2.91628,5.49272,434,122640,0.259236,0.19,1,436642,436208,434
105651541,6.98326,5.09854,437,122640,0.299847,0.16,1,436650,436213,437
105653601,2.99665,3.41971,436,122640,0.291969,0.29,1,436652,436216,436
105656521,3.79933,9.48394,429,122640,0.250394,0.21,1,436656,436227,429
105659441,9.55987,5.09679,436,122640,0.298079,0.17,1,436667,436231,436
105662361,5.11197,4.21936,436,122640,0.243616,0.13,1,436671,436235,436
105665281,2.62239,2.44387,436,122640,0.272723,0.28,1,436673,436237,436
105668161,2.12448,2.08877,436,122640,0.302545,0.25,1,436675,436239,436
105671081,26.8249,30.8178,431,122640,0.300509,0.25,1,436708,436277,431
105674001,22.965,19.7636,436,122640,0.332102,0.27,1,436730,436294,436
105676921,9.393,13.5527,430,122640,0.29842,0.19,1,436736,436306,430
105679841,13.8786,13.1105,432,122640,0.283684,0.3,1,436751,436319,432
105682761,17.1757,17.8221,431,122640,0.224737,0.24,1,436769,436338,431
105685681,20.2351,17.1644,435,122640,0.212947,0.24,1,436790,436355,435
105688601,7.24703,5.03288,437,122640,0.298589,0.22,1,436794,436357,437
105691521,14.2494,15.4066,435,122640,0.299718,0.22,1,436810,436375,435
105694441,19.6499,20.6813,434,122640,0.275944,0.18,1,436831,436397,434
105697361,9.52998,5.73626,439,122640,0.191189,0.33,1,436838,436399,439
105700281,6.706,11.5473,432,122640,0.230238,0.31,1,436844,436412,432
105703201,26.9412,26.3095,434,122640,0.214048,0.37,1,436876,436442,434
105706121,30.1882,30.0619,434,122640,0.17881,0.39,1,436907,436473,434
105709041,22.0376,18.0124,439,122640,0.179762,0.19,1,436927,436488,439
105711961,20.4075,20.4025,438,122640,0.163952,0.3,1,436947,436509,438
105714881,5.68151,10.4805,432,122640,0.24879,0.3,1,436949,436517,432
105717801,7.5363,3.6961,438,122640,0.177758,0.22,1,436957,436519,438
105720161,6.30726,6.33922,437,122640,0.123552,0.31,1,436963,436526,437
105723081,2.86145,3.66784,436,122640,0.20071,0.31,1,436965,436529,436
105726001,3.77229,2.33357,438,122640,0.272142,0.3,1,436969,436531,438
105728921,16.7545,16.4667,438,122640,0.230428,0.29,1,436989,436551,438
105731841,4.95089,4.89334,438,122640,0.262086,0.26,1,436991,436553,438
105734761,2.59018,2.57867,438,122640,0.228417,0.22,1,436993,436555,438
105737681,2.11804,2.11573,438,122640,0.189683,0.3,1,436995,436557,438
105740601,2.02361,7.62315,431,122640,0.149937,0.31,1,436997,436566,431
105743521,8.40472,3.12463,439,122640,0.197987,0.24,1,437007,436568,439
105746441,3.28094,3.82493,437,122640,0.239597,0.2,1,437009,436572,437
105748241,1.45619,2.36499,436,122640,0.231919,0.26,1,437010,436574,436
105751161,13.0912,14.073,435,122640,0.254384,0.25,1,437026,436591,435
105754081,10.6182,10.8146,435,122640,0.210877,0.28,1,437036,436601,435
105757001,8.52365,5.36292,439,122640,0.194175,0.36,1,437044,436605,439
105759921,13.7047,14.6726,437,122640,0.214835,0.32,1,437059,436622,437
105762841,4.34095,4.53452,437,122640,0.282967,0.32,1,437061,436624,437
105765761,4.06819,8.9069,431,122640,0.256593,0.29,1,437065,436634,431
105768681,9.61364,6.58138,436,122640,0.171319,0.25,1,437076,436640,436
105771601,3.52273,2.91628,436,122640,0.242264,0.31,1,437078,436642,436
105774521,4.70455,6.98326,433,122640,0.184453,0.29,1,437083,436650,433
105777441,8.14091,2.99665,440,122640,0.244891,0.24,1,437092,436652,440
105780361,11.2282,3.79933,448,122640,0.264978,0.31,1,437104,436656,448
105783281,5.44564,9.55987,441,122640,0.204996,0.23,1,437108,436667,441
105786201,2.68913,5.11197,439,122640,0.216999,0.28,1,437110,436671,439
105789121,2.13783,2.62239,439,122640,0.1874,0.31,1,437112,436673,439
105792041,25.2276,2.12448,468,122640,0.20548,0.3,1,437143,436675,468
105794961,21.8455,26.8249,456,122640,0.201096,0.34,1,437164,436708,456
105797881,10.7691,22.965,442,122640,0.288219,0.29,1,437172,436730,442
105800801,8.55382,9.393,444,122640,0.273644,0.28,1,437180,436736,444
105803721,21.7108,13.8786,454,122640,0.270729,0.21,1,437205,436751,454
105806641,20.3422,17.1757,456,122640,0.318146,0.21,1,437225,436769,456
105809561,6.46843,20.2351,438,122640,0.271629,0.32,1,437228,436790,438
105812481,15.6937,7.24703,452,122640,0.286326,0.3,1,437246,436794,452
105815401,12.7387,14.2494,448,122640,0.329265,0.27,1,437258,436810,448
105818321,10.5477,19.6499,437,122640,0.321853,0.17,1,437268,436831,437
105821241,7.70955,9.52998,437,122640,0.248371,0.24,1,437275,436838,437
105824161,30.3419,6.706,467,122640,0.201674,0.21,1,437311,436844,467
105827081,31.6684,26.9412,467,122640,0.280335,0.17,1,437343,436876,467
105830001,23.1337,30.1882,457,122640,0.288067,0.18,1,437364,436907,457
105832921,13.4267,22.0376,448,122640,0.297613,0.16,1,437375,436927,448
105835841,4.28535,20.4075,430,122640,0.323523,0.27,1,437377,436947,430
105838761,13.6571,5.68151,444,122640,0.296705,0.16,1,437393,436949,444
105841681,7.53141,7.5363,442,122640,0.323341,0.22,1,437399,436957,442
105844601,3.10628,7.90726,436,122640,0.296668,0.22,1,437401,436965,436
105846421,1.42126,1.58145,437,122640,0.275334,0.29,1,437402,436965,437
105849341,12.2843,3.51629,448,122640,0.319067,0.22,1,437417,436969,448
105852261,4.05685,16.7033,430,122640,0.319813,0.27,1,437419,436989,430
105855181,2.41137,4.94065,430,122640,0.319963,0.22,1,437421,436991,430
105857861,6.88227,2.58813,436,122640,0.287993,0.14,1,437429,436993,436
105860781,2.97645,3.71763,434,122640,0.313599,0.14,1,437431,436997,434
105863701,3.79529,0.743525,438,122640,0.29472,0.21,1,437435,436997,438
105866621,3.15906,8.14871,431,122640,0.250944,0.25,1,437438,437007,431
105869301,3.03181,3.22974,432,122640,0.226189,0.23,1,437441,437009,432
105872221,14.2064,1.44595,448,122640,0.245238,0.26,1,437458,437010,448
105875141,13.2413,13.0892,445,122640,0.289048,0.2,1,437471,437026,445
105878061,5.84825,10.6178,439,122640,0.29781,0.19,1,437475,437036,439
105880981,12.3697,8.52357,445,122640,0.347562,0.22,1,437489,437044,445
105883901,4.07393,13.7047,432,122640,0.365512,0.3,1,437491,437059,432
105886821,2.41479,4.34094,432,122640,0.337102,0.25,1,437493,437061,432
105889061,9.28296,4.06819,439,122640,0.347421,0.15,1,437504,437065,439
105891981,4.25659,9.61364,431,122640,0.309484,0.26,1,437507,437076,431
105894901,7.25132,3.52273,437,122640,0.269897,0.17,1,437515,437078,437
105897381,11.0503,4.70455,444,122640,0.365979,0.26,1,437527,437083,444
105900301,8.61005,8.14091,443,122640,0.345196,0.27,1,437535,437092,443
105903221,4.92201,11.2282,435,122640,0.333039,0.19,1,437539,437104,435
105906141,5.7844,5.44564,437,122640,0.266608,0.22,1,437545,437108,437
105908401,2.75688,2.68913,437,122640,0.333322,0.21,1,437547,437110,437
105911321,2.15138,2.93783,436,122640,0.346664,0.21,1,437549,437113,436
105914241,22.0303,24.5876,433,122640,0.357333,0.2,1,437576,437143,433
105917161,24.4061,21.7175,437,122640,0.255467,0.31,1,437601,437164,437
105920081,11.2812,10.7435,437,122640,0.331093,0.27,1,437609,437172,437
105923001,8.65624,8.5487,437,122640,0.314219,0.27,1,437617,437180,437
105925921,22.5312,21.7097,438,122640,0.286844,0.33,1,437643,437205,438
105928841,18.1063,20.3419,435,122640,0.313369,0.26,1,437660,437225,435
105931761,5.22125,6.46839,434,122640,0.286674,0.29,1,437662,437228,434
105934681,20.2443,15.6937,440,122640,0.201335,0.34,1,437686,437246,440
105937601,12.0488,12.7387,438,122640,0.184267,0.32,1,437696,437258,438
105940521,5.60977,10.5477,432,122640,0.268853,0.23,1,437700,437268,432
105943441,11.522,7.70955,438,122640,0.245771,0.19,1,437713,437275,438
105946361,27.1044,30.3419,433,122640,0.209154,0.3,1,437744,437311,433
105949281,32.6209,31.6684,435,122640,0.169831,0.29,1,437778,437343,435
105952201,24.1242,23.1337,436,122640,0.233966,0.3,1,437800,437364,436
105955121,12.8248,13.4267,435,122640,0.230793,0.33,1,437810,437375,435
105958041,8.16497,4.28535,440,122640,0.190159,0.29,1,437817,437377,440
105960961,9.63299,13.6571,434,122640,0.118032,0.33,1,437827,437393,434
105963881,6.7266,7.53141,434,122640,0.167606,0.29,1,437833,437399,434
105966641,7.74532,3.10628,440,122640,0.265521,0.27,1,437841,437401,440
105969561,11.1491,1.42126,451,122640,0.141104,0.33,1,437853,437402,451
105972481,4.62981,12.2843,439,122640,0.220221,0.32,1,437856,437417,439
105975401,3.32596,4.05685,440,122640,0.220044,0.32,1,437859,437419,440
105978321,2.26519,2.41137,440,122640,0.228009,0.28,1,437861,437421,440
105981241,2.05304,6.88227,434,122640,0.229602,0.32,1,437863,437429,434
105984161,9.21061,2.97645,443,122640,0.17392,0.29,1,437874,437431,443
105986821,3.44212,3.79529,441,122640,0.170784,0.22,1,437876,437435,441
105989741,2.28842,5.55906,437,122640,0.138157,0.22,1,437878,437441,437
105992661,14.8577,1.11181,455,122640,0.187631,0.25,1,437896,437441,455
105995581,9.37154,13.8224,446,122640,0.165526,0.3,1,437904,437458,446
105998501,6.67431,13.1645,439,122640,0.121105,0.3,1,437910,437471,439
106001421,15.7349,5.83289,453,122640,0.136221,0.36,1,437928,437475,453
106004341,4.74697,12.3666,441,122640,0.139244,0.37,1,437930,437489,441
106007261,2.54939,4.07332,441,122640,0.107849,0.33,1,437932,437491,441
106009701,5.30988,2.41466,445,122640,0.11757,0.35,1,437938,437493,445
106012621,2.66198,9.28293,436,122640,0.119514,0.3,1,437940,437504,436
106015541,7.7324,4.25659,442,122640,0.175903,0.26,1,437949,437507,442
106018461,14.3465,7.25132,450,122640,0.0351806,0.39,1,437965,437515,450
106021381,6.8693,11.0503,443,122640,0.119036,0.34,1,437970,437527,443
106024301,7.77386,8.61005,443,122640,0.0798072,0.33,1,437978,437535,443
106027221,3.15477,4.92201,441,122640,0.0719614,0.25,1,437980,437539,441
106030141,2.23095,5.7844,437,122640,0.190392,0.35,1,437982,437545,437
106033061,2.04619,4.35688,435,122640,0.182078,0.36,1,437984,437549,435
106035981,24.4092,22.4714,438,122640,0.244416,0.23,1,438014,437576,438
106038901,24.8818,24.4943,438,122640,0.224883,0.35,1,438039,437601,438
106041821,9.77637,11.2989,436,122640,0.156977,0.31,1,438045,437609,436
106044741,9.15527,8.65977,437,122640,0.271395,0.28,1,438054,437617,437
106047661,17.8311,22.532,431,122640,0.206279,0.32,1,438074,437643,431
106050581,21.9662,18.1064,437,122640,0.281256,0.28,1,438097,437660,437
106053501,5.99324,5.22128,437,122640,0.280251,0.18,1,438099,437662,437
106056421,16.3986,20.2443,432,122640,0.24805,0.18,1,438118,437686,432
106059341,11.2797,12.0489,432,122640,0.23361,0.29,1,438128,437696,432
106062261,7.05595,5.60977,434,122640,0.206722,0.24,1,438134,437700,434
106065181,11.0112,11.522,433,122640,0.209344,0.2,1,438146,437713,433
106068101,27.0022,27.1044,433,122640,0.201869,0.16,1,438177,437744,433
106071021,30.2004,32.6209,430,122640,0.264374,0.25,1,438208,437778,430
106073941,26.8401,24.1242,434,122640,0.260875,0.23,1,438234,437800,434
106076861,10.168,12.8248,430,122640,0.244175,0.18,1,438240,437810,430
106079781,5.2336,8.16497,427,122640,0.176835,0.1,1,438244,437817,427
106082701,8.24672,9.63299,426,122640,0.211367,0.18,1,438253,437827,426
106085621,12.0493,6.7266,433,122640,0.242273,0.29,1,438266,437833,433
106088541,4.00987,7.74532,427,122640,0.216455,0.11,1,438268,437841,427
106091461,15.202,11.1491,433,122640,0.275291,0.24,1,438286,437853,433
106094381,4.64039,4.62981,432,122640,0.255058,0.22,1,438288,437856,432
106097301,2.52808,3.32596,431,122640,0.219012,0.23,1,438290,437859,431
106099761,2.10562,2.26519,431,122640,0.291802,0.24,1,438292,437861,431
106102681,3.62112,6.85304,427,122640,0.26636,0.16,1,438296,437869,427
106105601,9.52422,5.37061,433,122640,0.261272,0.17,1,438307,437874,433
106108521,3.50484,2.67412,433,122640,0.220254,0.13,1,438309,437876,433
106111441,2.30097,2.13482,433,122640,0.220051,0.13,1,438311,437878,433
106113701,10.0602,0.426965,445,122640,0.22001,0.2,1,438323,437878,445
106116621,12.412,14.4854,440,122640,0.244002,0.16,1,438336,437896,440
106119541,5.68241,9.29708,436,122640,0.2248,0.11,1,438340,437904,436
106122461,13.1365,6.65942,445,122640,0.23696,0.14,1,438355,437910,445
106125381,4.2273,15.7319,429,122640,0.239392,0.14,1,438357,437928,429
106128301,2.44546,4.74638,429,122640,0.287878,0.1,1,438359,437930,429
106130341,7.68909,2.54928,436,122640,0.233576,0.12,1,438368,437932,436
106133261,3.13782,5.30986,432,122640,0.230715,0.12,1,438370,437938,432
106136181,2.22756,2.66197,432,122640,0.254143,0.19,1,438372,437940,432
106139101,14.8455,7.73239,441,122640,0.194829,0,1,438390,437949,441
106142021,6.9691,14.3465,430,122640,0.102966,0.14,1,438395,437965,430
106144941,10.9938,6.8693,437,122640,0.164593,0.07,1,438407,437970,437
106147861,7.79876,7.77386,436,122640,0.160919,0.07,1,438414,437978,436
106150781,3.15975,3.15477,436,122640,0.160184,0.22,1,438416,437980,436
106153701,2.23195,2.23095,436,122640,0.160037,0.18,1,438418,437982,436
106156341,22.8464,2.04619,462,122640,0.128007,0.26,1,438446,437984,462
106159261,21.3693,24.4092,453,122640,0.209601,0.22,1,438467,438014,453
106162181,14.6739,24.8818,441,122640,0.15392,0.14,1,438480,438039,441
106165101,8.53477,9.77637,442,122640,0.0947841,0.3,1,438487,438045,442
106168021,18.507,9.15527,454,122640,0.234957,0.19,1,438508,438054,454
106170941,22.1014,17.8311,457,122640,0.190991,0.3,1,438531,438074,457
106173861,6.02028,21.9662,436,122640,0.182198,0.28,1,438533,438097,436
106176781,14.8041,5.99324,451,122640,0.29244,0.24,1,438550,438099,451
106179701,12.5608,16.3986,444,122640,0.234488,0.23,1,438562,438118,444
106182621,5.71216,11.2797,438,122640,0.214898,0.2,1,438566,438128,438
106185541,12.3424,7.05595,446,122640,0.21898,0.21,1,438580,438134,446
106188461,21.6685,11.0112,458,122640,0.219796,0.2,1,438604,438146,458
106191381,30.7337,27.0022,460,122640,0.235959,0.28,1,438637,438177,460
106194301,26.9467,30.2004,455,122640,0.231192,0.26,1,438663,438208,455
106197221,13.3893,26.8401,439,122640,0.294238,0.24,1,438673,438234,439
106200141,4.27787,10.168,435,122640,0.306848,0.16,1,438675,438240,435
106203061,7.25557,5.2336,439,122640,0.22137,0.22,1,438683,438244,439
106205981,15.8511,8.24672,448,122640,0.236274,0.25,1,438701,438253,448
106208901,4.77022,12.0493,437,122640,0.239255,0.21,1,438703,438266,437
106211821,14.554,4.00987,452,122640,0.287851,0.29,1,438720,438268,452
106214741,4.51081,15.202,436,122640,0.26557,0.25,1,438722,438286,436
106217661,2.50216,4.64039,436,122640,0.261114,0.21,1,438724,438288,436
106219361,1.30043,2.52808,435,122640,0.276223,0.32,1,438725,438290,435
106222281,1.86009,2.90562,434,122640,0.247245,0.26,1,438727,438293,434
106225201,1.97202,2.98112,433,122640,0.281449,0.26,1,438729,438296,433
106228121,9.1944,9.39622,433,122640,0.31229,0.21,1,438740,438307,433
106231041,3.43888,3.47924,433,122640,0.318458,0.22,1,438742,438309,433
106233961,2.28778,2.29585,433,122640,0.295692,0.22,1,438744,438311,433
106236881,17.2576,10.0592,442,122640,0.275138,0.25,1,438765,438323,442
106239801,12.2515,12.4118,440,122640,0.279028,0.22,1,438776,438336,440
106242721,10.4503,5.68237,446,122640,0.183806,0.24,1,438786,438340,446
106245641,3.69006,13.1365,433,122640,0.164761,0.24,1,438788,438355,433
106248561,2.33801,4.22729,433,122640,0.160952,0.3,1,438790,438357,433
106250561,1.2676,2.44546,432,122640,0.16819,0.22,1,438791,438359,432
106253481,8.25352,7.68909,433,122640,0.289638,0.23,1,438801,438368,433
106256401,3.2507,3.13782,433,122640,0.313928,0.26,1,438803,438370,433
106259321,15.0501,2.22756,449,122640,0.262786,0.18,1,438821,438372,449
106262241,6.21003,14.8455,435,122640,0.308557,0.08,1,438825,438390,435
106265161,9.24201,6.9691,440,122640,0.325711,0.18,1,438835,438395,440
106268081,5.0484,10.9938,432,122640,0.297142,0.16,1,438839,438407,432
106271001,2.60968,7.79876,427,122640,0.259428,0.16,1,438841,438414,427
106273921,2.12194,3.15975,427,122640,0.299886,0.16,1,438843,438416,427
106276841,26.8244,2.23195,458,122640,0.307977,0.12,1,438876,438418,458
106279761,21.3649,22.8464,450,122640,0.253595,0.23,1,438896,438446,450
106282681,18.673,21.3693,447,122640,0.170719,0.14,1,438914,438467,447
106285601,9.33459,14.6739,441,122640,0.138144,0.08,1,438921,438480,441
106288521,16.2669,8.53477,452,122640,0.259629,0.27,1,438939,438487,452
106291441,24.0534,18.507,457,122640,0.227926,0.18,1,438965,438508,457
106294361,6.41068,22.1014,436,122640,0.205585,0.18,1,438967,438531,436
106297281,13.2821,6.02028,449,122640,0.241117,0.32,1,438982,438533,449
106300201,13.0564,14.8041,445,122640,0.256223,0.22,1,438995,438550,445
106303121,4.21129,12.5608,435,122640,0.259245,0.21,1,438997,438562,435
106306041,13.6423,5.71216,447,122640,0.235849,0.22,1,439013,438566,447
106308961,21.9285,12.3424,457,122640,0.20717,0.22,1,439037,438580,457
106311881,33.9857,21.6685,470,122640,0.209434,0.24,1,439074,438604,470
106314801,27.5971,30.7337,463,122640,0.225887,0.23,1,439100,438637,463
106317721,8.71943,26.9467,441,122640,0.277177,0.31,1,439104,438663,441
106320641,3.34389,13.3893,433,122640,0.255435,0.31,1,439106,438673,433
106323561,10.2688,4.27787,443,122640,0.251087,0.2,1,439118,438675,443
106326481,11.6538,7.25557,447,122640,0.250217,0.24,1,439130,438683,447
106329401,3.93075,15.8511,431,122640,0.218044,0.24,1,439132,438701,431
106332321,19.9862,4.77022,453,122640,0.235609,0.3,1,439156,438703,453
106335241,5.59723,14.554,438,122640,0.207122,0.26,1,439158,438720,438
106338161,2.71945,4.51081,438,122640,0.201424,0.26,1,439160,438722,438
106341081,2.14389,2.50216,438,122640,0.168285,0.24,1,439162,438724,438
106344001,2.02878,2.90043,437,122640,0.129657,0.29,1,439164,438727,437
106346661,5.20576,2.18009,441,122640,0.209931,0.32,1,439170,438729,441
106349581,2.64115,9.23602,432,122640,0.233986,0.32,1,439172,438740,432
106352501,2.12823,3.4472,432,122640,0.214797,0.29,1,439174,438742,432
106355421,2.02565,2.28944,432,122640,0.178959,0.29,1,439176,438744,432
106357061,18.8051,0.457888,455,122640,0.243792,0.27,1,439199,438744,455
106359981,8.56103,16.8916,440,122640,0.192758,0.28,1,439205,438765,440
106362901,14.5122,12.1783,445,122640,0.214552,0.16,1,439221,438776,445
106365821,4.50244,10.4357,437,122640,0.21891,0.16,1,439223,438786,437
106368741,4.10049,3.68713,439,122640,0.155782,0.16,1,439227,438788,439
106371621,2.4201,2.33743,439,122640,0.111156,0.17,1,439229,438790,439
106374541,7.68402,1.26749,447,122640,0.190231,0.32,1,439238,438791,447
106377461,3.1368,8.2535,439,122640,0.174046,0.32,1,439240,438801,439
106380381,12.6274,3.2507,452,122640,0.194809,0.25,1,439255,438803,452
106383301,8.92547,15.0501,442,122640,0.190962,0.32,1,439263,438821,442
106386221,8.18509,6.21003,446,122640,0.134192,0.33,1,439271,438825,446
106389141,3.23702,9.24201,438,122640,0.210838,0.29,1,439273,438835,438
106392061,2.2474,5.0484,436,122640,0.234168,0.25,1,439275,438839,436
106394981,2.04948,2.60968,436,122640,0.206834,0.31,1,439277,438841,436
106397621,25.2099,2.12194,465,122640,0.241367,0.31,1,439308,438843,465
106400541,20.242,26.8244,451,122640,0.208273,0.24,1,439327,438876,451
106403461,15.2484,21.3649,445,122640,0.233655,0.15,1,439341,438896,445
106406381,13.4497,18.673,440,122640,0.222731,0.13,1,439354,438914,440
106409301,15.4899,9.33459,449,122640,0.212546,0.29,1,439370,438921,449
106412221,25.498,16.2669,459,122640,0.0905092,0.22,1,439398,438939,459
106415141,6.6996,24.0534,435,122640,0.154102,0.2,1,439400,438965,435
106418061,10.1399,6.41068,444,122640,0.21482,0.25,1,439411,438967,444
106420981,15.628,13.2821,446,122640,0.138964,0.26,1,439428,438982,446
106423901,4.7256,13.0564,435,122640,0.123793,0.26,1,439430,438995,435
106426821,7.34512,4.21129,441,122640,0.0887586,0.23,1,439438,438997,441
106429741,23.869,13.6423,453,122640,0.145752,0.2,1,439466,439013,453
106432661,34.3738,21.9285,466,122640,0.10115,0.21,1,439503,439037,466
106435581,28.4748,33.9857,456,122640,0.11623,0.23,1,439530,439074,456
106438501,12.095,27.5971,438,122640,0.167246,0.29,1,439538,439100,438
106441421,4.01899,8.71943,436,122640,0.177449,0.25,1,439540,439104,436
106443381,2.4038,3.34389,436,122640,0.17949,0.25,1,439542,439106,436
106446301,15.6808,10.2688,443,122640,0.083898,0.25,1,439561,439118,443
106449221,6.33615,11.6538,435,122640,0.0567796,0.21,1,439565,439130,435
106452141,17.2672,3.93075,453,122640,0.0913559,0.24,1,439585,439132,453
106455061,8.25345,19.9862,435,122640,0.194271,0.2,1,439591,439156,435
106457981,3.25069,5.59723,435,122640,0.182854,0.2,1,439593,439158,435
106459601,1.45014,2.71945,434,122640,0.196571,0.27,1,439594,439160,434
106462521,3.49003,6.94389,430,122640,0.175314,0.27,1,439598,439168,430
106465441,2.29801,1.38878,432,122640,0.131063,0.23,1,439600,439168,432
106468361,2.0596,1.87776,432,122640,0.122213,0.24,1,439602,439170,432
106471281,2.01192,1.97555,432,122640,0.136443,0.21,1,439604,439172,432
106474161,2.80238,1.99511,433,122640,0.147289,0.25,1,439607,439174,433
106477081,2.96048,5.19902,430,122640,0.149458,0.26,1,439610,439180,430
106480001,22.1921,16.2398,438,122640,0.173892,0.18,1,439637,439199,438
106482921,12.4384,8.04796,442,122640,0.162778,0.22,1,439647,439205,442
106485841,4.08768,14.4096,428,122640,0.160556,0.22,1,439649,439221,428
106488761,7.21754,4.48192,434,122640,0.208111,0.14,1,439657,439223,434
106490801,3.04351,4.09638,432,122640,0.217622,0.24,1,439659,439227,432
106493721,3.8087,6.41928,429,122640,0.211524,0.21,1,439663,439234,429
106496641,3.96174,4.48386,429,122640,0.154305,0.17,1,439667,439238,429
106499561,2.39235,2.49677,429,122640,0.222861,0.2,1,439669,439240,429
106502481,14.8785,12.4994,432,122640,0.148572,0.19,1,439687,439255,432
106505401,10.9757,8.89987,434,122640,0.253714,0.12,1,439697,439263,434
106508321,6.99514,8.17997,432,122640,0.234743,0.23,1,439703,439271,432
106511241,5.39903,3.23599,435,122640,0.198949,0.24,1,439708,439273,435
106513681,2.67981,2.2472,435,122640,0.18379,0.27,1,439710,439275,435
106516601,3.73596,6.04944,432,122640,0.220758,0.25,1,439714,439282,432
106519521,23.9472,22.0099,435,122640,0.244152,0.2,1,439743,439308,435
106522441,19.9894,19.602,435,122640,0.24083,0.24,1,439762,439327,435
106525361,11.9979,15.1204,431,122640,0.232166,0.22,1,439772,439341,431
106528281,9.59958,13.4241,427,122640,0.262433,0.21,1,439781,439354,427
106531201,18.7199,15.4848,432,122640,0.188487,0.06,1,439802,439370,432
106534121,26.144,25.497,432,122640,0.133697,0.17,1,439830,439398,432
106537041,6.8288,6.69939,432,122640,0.0907395,0.23,1,439832,439400,432
106539961,9.36576,10.1399,431,122640,0.218148,0.12,1,439842,439411,431
106542881,11.4732,15.628,426,122640,0.22763,0.12,1,439854,439428,426
106545801,3.89463,4.7256,426,122640,0.229526,0.08,1,439856,439430,426
106548721,10.3789,7.34512,430,122640,0.269905,0.16,1,439868,439438,430
106551641,22.8758,23.869,428,122640,0.309981,0.09,1,439894,439466,428
106554561,32.5752,34.3738,426,122640,0.269996,0.12,1,439929,439503,426
106557481,31.315,28.4748,430,122640,0.0779992,0.18,1,439960,439530,430
106560401,11.063,12.095,428,122640,0.2396,0.18,1,439966,439538,428
106563321,7.0126,4.01899,432,122640,0.23192,0.18,1,439972,439540,432
106565061,2.20252,0.803798,433,122640,0.246384,0.06,1,439973,439540,433
106567981,12.4405,16.9608,427,122640,0.265277,0.05,1,439988,439561,427
106570901,8.8881,6.59215,431,122640,0.149055,0.1,1,439996,439565,431
106573821,17.7776,17.3184,431,122640,0.229811,0.22,1,440016,439585,431
106576741,5.15552,8.26369,427,122640,0.221962,0.18,1,440018,439591,427
106579661,2.6311,3.25274,427,122640,0.196392,0.18,1,440020,439593,427
106581701,5.32622,0.650547,433,122640,0.231278,0.17,1,440026,439593,433
106584621,2.66524,4.13011,430,122640,0.238256,0.12,1,440028,439598,430
106587541,2.13305,2.42602,430,122640,0.247651,0.12,1,440030,439600,430
106590461,3.62661,2.0852,432,122640,0.21753,0.14,1,440034,439602,432
106593381,3.92532,2.01704,434,122640,0.203506,0.15,1,440038,439604,434
106596301,2.38506,2.80341,433,122640,0.200701,0.15,1,440040,439607,433
106599221,2.07701,2.96068,432,122640,0.20014,0.18,1,440042,439610,432
106602141,19.6154,22.1921,429,122640,0.248028,0.16,1,440066,439637,429
106605061,15.1231,12.4384,433,122640,0.241606,0.16,1,440080,439647,433
106607981,6.22462,4.08769,435,122640,0.200321,0.22,1,440084,439649,435
106610401,2.84492,7.21754,429,122640,0.192064,0.22,1,440086,439657,429
106613321,6.96898,3.04351,435,122640,0.206413,0.21,1,440094,439659,435
106616241,2.9938,3.8087,433,122640,0.217283,0.14,1,440096,439663,433
106619161,5.39876,3.96174,435,122640,0.179457,0.24,1,440102,439667,435
106621221,2.67975,2.39235,435,122640,0.227891,0.13,1,440104,439669,435
106624141,14.136,14.8785,434,122640,0.149578,0.28,1,440121,439687,434
106627061,7.62719,10.9757,430,122640,0.0699157,0.23,1,440127,439697,430
106629981,7.92544,6.99514,432,122640,0.245983,0.19,1,440135,439703,432
106632901,3.18509,5.39903,429,122640,0.249197,0.18,1,440137,439708,429
106635821,2.23702,2.67981,429,122640,0.241839,0.23,1,440139,439710,429
106638741,5.2474,3.73596,431,122640,0.216368,0.25,1,440145,439714,431
106641661,27.4495,23.9472,435,122640,0.171274,0.24,1,440178,439743,435
106644581,19.0899,19.9894,433,122640,0.274255,0.23,1,440195,439762,433
106647501,11.818,11.9979,433,122640,0.286851,0.27,1,440205,439772,433
106650421,11.9636,9.59958,436,122640,0.24137,0.17,1,440217,439781,436
106653341,19.1927,18.7199,436,122640,0.232274,0.12,1,440238,439802,436
106656261,24.6385,26.144,434,122640,0.198455,0.08,1,440264,439830,434
106659181,6.52771,6.8288,434,122640,0.271691,0.25,1,440266,439832,434
106661361,9.30554,9.36576,434,122640,0.158338,0.23,1,440276,439842,434
106664281,9.86111,11.4732,432,122640,0.231668,0.23,1,440286,439854,432
106667201,6.77222,3.89463,436,122640,0.238334,0.28,1,440292,439856,436
106670121,10.9544,10.3789,436,122640,0.191667,0.32,1,440304,439868,436
106673041,22.1909,22.8758,435,122640,0.166333,0.26,1,440329,439894,435
106675961,31.6382,32.5752,434,122640,0.161267,0.03,1,440363,439929,434
106678881,31.1276,31.315,434,122640,0.0642533,0.28,1,440394,439960,434
106681801,11.0255,11.063,434,122640,0.196851,0.23,1,440400,439966,434
106684721,3.80511,7.0126,430,122640,0.22337,0.25,1,440402,439972,430
106687641,2.36102,2.20252,431,122640,0.196674,0.27,1,440404,439973,431
106690561,15.6722,12.4405,435,122640,0.183335,0.12,1,440423,439988,435
106693481,7.93444,8.8881,433,122640,0.124667,0.25,1,440429,439996,433
106696401,19.1869,17.7776,435,122640,0.144933,0.22,1,440451,440016,435
106699321,5.43738,5.15552,435,122640,0.124987,0.19,1,440453,440018,435
106701921,2.68748,2.6311,435,122640,0.0889973,0.24,1,440455,440020,435
106704841,3.7375,5.32622,433,122640,0.113799,0.24,1,440459,440026,433
106707761,2.3475,2.66524,433,122640,0.17476,0.25,1,440461,440028,433
106710681,2.0695,2.13305,433,122640,0.186952,0.21,1,440463,440030,433
106713601,3.6139,3.62661,433,122640,0.23739,0.2,1,440467,440034,433
106716521,2.32278,3.92532,431,122640,0.215478,0.2,1,440469,440038,431
106719441,2.06456,2.38506,431,122640,0.211096,0.2,1,440471,440040,431
106722361,18.8129,2.07701,452,122640,0.114219,0.26,1,440494,440042,452
106725281,15.7626,19.6154,443,122640,0.158844,0.24,1,440509,440066,443
106728201,7.95252,15.1231,435,122640,0.0717688,0.19,1,440515,440080,435
106731121,3.1905,6.22462,433,122640,0.0543538,0.19,1,440517,440084,433
106734041,8.6381,2.84492,441,122640,0.106871,0.21,1,440527,440086,441
106736961,3.32762,6.96898,435,122640,0.117374,0.22,1,440529,440094,435
106739881,5.46552,2.9938,439,122640,0.0874748,0.17,1,440535,440096,439
106741441,1.8931,5.39876,434,122640,0.065495,0.24,1,440536,440102,434
106744361,5.17862,2.67975,438,122640,0.173099,0.13,1,440542,440104,438
106747281,15.4357,14.136,439,122640,0.10662,0.05,1,440560,440121,439
106750201,8.68714,7.62719,440,122640,0.101324,0.29,1,440567,440127,440
106753121,3.33743,7.92544,434,122640,0.0682648,0.25,1,440569,440135,434
106754961,1.46749,3.18509,433,122640,0.045653,0.24,1,440570,440137,433
106757881,3.4935,2.23702,435,122640,0.137131,0.21,1,440574,440139,435
106760801,2.2987,5.2474,431,122640,0.123426,0.16,1,440576,440145,431
106763721,30.8597,27.4495,436,122640,0.184685,0.3,1,440614,440178,436
106766641,19.7719,19.0899,436,122640,0.204937,0.29,1,440631,440195,436
106769561,10.3544,11.818,434,122640,0.144987,0.23,1,440639,440205,434
106772481,14.8709,11.9636,438,122640,0.228997,0.23,1,440655,440217,438
106775401,18.9742,19.1927,437,122640,0.245799,0.19,1,440675,440238,437
106778321,18.1948,24.6385,429,122640,0.29716,0.29,1,440693,440264,429
106781241,5.23897,6.52771,429,122640,0.275432,0.13,1,440695,440266,429
106784161,19.4478,9.30554,442,122640,0.191086,0.25,1,440718,440276,442
106787081,5.48956,9.86111,434,122640,0.142217,0.24,1,440720,440286,434
106790001,9.89791,6.77222,439,122640,0.196443,0.18,1,440731,440292,439
106792921,25.9796,10.9544,457,122640,0.223289,0.16,1,440761,440304,457
106795841,30.7959,22.1909,464,122640,0.180658,0.16,1,440793,440329,464
106798761,30.9592,31.6382,461,122640,0.212132,0.04,1,440824,440363,461
106801681,10.9918,31.1276,436,122640,0.170426,0.23,1,440830,440394,436
106804601,3.79837,11.0255,432,122640,0.130085,0.23,1,440832,440400,432
106807521,2.35967,3.80511,432,122640,0.122017,0.19,1,440834,440402,432
106810441,9.27193,2.36102,441,122640,0.248403,0.18,1,440845,440404,441
106813361,11.4544,15.6722,434,122640,0.281681,0.11,1,440857,440423,434
106816281,22.2909,7.93444,453,122640,0.280336,0.15,1,440882,440429,453
106819201,6.05818,19.1869,433,122640,0.248067,0.12,1,440884,440451,433
106822121,2.81163,5.43738,433,122640,0.249613,0.08,1,440886,440453,433
106823601,1.36233,2.68748,432,122640,0.241923,0.21,1,440887,440455,432
106826521,3.47247,4.5375,431,122640,0.224385,0.19,1,440891,440460,431
106829441,2.29449,1.7075,432,122640,0.212877,0.19,1,440893,440461,432
106832361,2.0589,1.9415,432,122640,0.298575,0.25,1,440895,440463,432
106835041,2.01178,3.5883,430,122640,0.323715,0.24,1,440897,440467,430
106837961,2.00236,4.71766,427,122640,0.320743,0.24,1,440899,440472,427
106840881,2.00047,0.943532,429,122640,0.288149,0.09,1,440901,440472,429
106843801,19.6001,17.7887,431,122640,0.23363,0.17,1,440925,440494,431
106846721,11.92,15.5577,426,122640,0.262726,0.05,1,440935,440509,426
106849641,7.984,7.91155,427,122640,0.292545,0.05,1,440942,440515,427
106852561,3.1968,3.18231,427,122640,0.266509,0.12,1,440944,440517,427
106855481,6.23936,8.63646,424,122640,0.213302,0.12,1,440951,440527,424
106858401,4.44787,3.32729,426,122640,0.29066,0.08,1,440955,440529,426
106861321,8.08957,5.46546,429,122640,0.202132,0.08,1,440964,440535,429
106863541,4.01791,1.09309,432,122640,0.256426,0.2,1,440967,440535,432
106866461,4.80358,5.81862,430,122640,0.227285,0.09,1,440972,440542,430
106869381,9.76072,15.5637,423,122640,0.293457,0.1,1,440983,440560,423
106872301,10.7521,8.71274,427,122640,0.210691,0.06,1,440994,440567,427
106874561,3.75043,3.34255,427,122640,0.282138,0.2,1,440996,440569,427
106877481,5.55009,3.06851,430,122640,0.296428,0.16,1,441002,440572,430
106880401,2.71002,2.2137,430,122640,0.275286,0.12,1,441004,440574,430
106883321,2.142,2.04274,430,122640,0.271057,0.2,1,441006,440576,430
106886241,27.6284,30.8085,426,122640,0.246211,0.21,1,441040,440614,426
106889161,24.7257,19.7617,433,122640,0.257242,0.13,1,441064,440631,433
106892081,11.3451,10.3523,433,124100,0.195448,0.25,1,441072,440639,433
106895001,8.66903,14.8705,425,124100,0.29509,0.25,1,441080,440655,425
106897921,25.7338,18.9741,435,124100,0.243018,0.31,1,441110,440675,435
106900841,16.3468,18.1948,431,124100,0.304604,0.27,1,441124,440693,431
106903761,6.46935,5.23896,433,124100,0.324921,0.17,1,441128,440695,433
106906681,18.0939,19.4478,431,124100,0.264984,0.13,1,441149,440718,431
106909601,5.21877,5.48956,431,124100,0.220997,0.21,1,441151,440720,431
106912521,9.04375,9.89791,430,124100,0.260199,0.23,1,441161,440731,430
106915441,24.2088,25.9796,428,124100,0.19604,0.17,1,441189,440761,428
106918361,34.4418,30.7959,433,124100,0.215208,0.22,1,441226,440793,433
106921281,27.6884,30.9592,428,124100,0.219042,0.16,1,441252,440824,428
106924201,11.9377,10.9918,430,124100,0.283808,0.12,1,441260,440830,430
106926561,3.98753,3.79837,430,124100,0.272762,0.13,1,441262,440832,430
106929481,9.59751,5.55967,435,124100,0.286552,0.28,1,441273,440838,435
106932401,8.3195,6.71193,436,124100,0.20131,0.29,1,441281,440845,436
106935321,4.8639,10.9424,428,124100,0.312262,0.28,1,441285,440857,428
106938241,23.3728,22.1885,431,124100,0.246452,0.24,1,441313,440882,431
106941161,11.0746,6.0377,437,124100,0.24929,0.25,1,441321,440884,437
106944081,3.81491,2.80754,437,124100,0.225858,0.25,1,441323,440886,437
106945701,3.16298,0.561508,440,124100,0.205172,0.32,1,441326,440886,440
106948621,2.2326,7.3123,433,124100,0.225034,0.32,1,441328,440895,433
106951541,2.04652,1.46246,435,124100,0.197007,0.32,1,441330,440895,435
106954461,2.0093,0.292492,437,124100,0.199401,0.33,1,441332,440895,437
106957381,2.00186,1.6585,437,124100,0.17588,0.32,1,441334,440897,437
106959841,2.00037,1.9317,437,124100,0.259176,0.25,1,441336,440899,437
106962761,3.60007,3.58634,437,124100,0.275835,0.22,1,441340,440903,437
106965681,17.52,18.3173,436,124100,0.287167,0.27,1,441361,440925,436
106968601,9.904,11.6635,434,124100,0.249433,0.3,1,441369,440935,434
106971521,5.1808,7.93269,431,124100,0.297887,0.26,1,441373,440942,431
106974441,7.43616,3.18654,437,124100,0.283577,0.2,1,441381,440944,437
106977361,3.08723,6.23731,432,124100,0.256715,0.31,1,441383,440951,432
106980281,7.01745,4.44746,436,124100,0.275343,0.18,1,441391,440955,436
106983201,4.60349,8.08949,431,124100,0.279069,0.27,1,441395,440964,431
106986121,8.1207,4.0179,437,124100,0.175814,0.22,1,441404,440967,437
106988961,4.82414,4.80358,436,124100,0.235163,0.31,1,441408,440972,436
106991881,5.76483,9.76072,431,124100,0.167033,0.19,1,441414,440983,431
106994801,13.153,10.7521,435,124100,0.201407,0.3,1,441429,440994,435
106997721,7.43059,3.75043,439,124100,0.264281,0.3,1,441435,440996,439
107000641,3.08612,5.55009,435,124100,0.244856,0.27,1,441437,441002,435
107003561,3.01722,2.71002,436,124100,0.240971,0.27,1,441440,441004,436
107006481,26.2034,2.142,466,124100,0.224194,0.24,1,441472,441006,466
107009401,22.8407,27.6284,454,124100,0.172839,0.26,1,441494,441040,454
107012321,6.16814,24.7257,432,125560,0.202568,0.18,1,441496,441064,432
107015241,10.8336,11.3451,436,125560,0.288514,0.32,1,441508,441072,436
107018161,6.96673,8.66903,434,125560,0.289703,0.23,1,441514,441080,434
107021081,22.9933,25.7338,431,125560,0.385941,0.32,1,441541,441110,431
107024001,18.1987,16.3468,434,125560,0.365188,0.33,1,441558,441124,434
107026921,5.23973,6.46935,432,125560,0.385038,0.25,1,441560,441128,432
107029841,20.2479,18.0939,435,125560,0.301008,0.21,1,441584,441149,435
107032761,5.64959,5.21877,435,125560,0.252201,0.27,1,441586,441151,435
107035681,6.72992,9.04375,432,125560,0.19444,0.18,1,441593,441161,432
107038601,24.546,24.2088,433,125560,0.238888,0.22,1,441622,441189,433
107041521,29.7092,34.4418,427,125560,0.223778,0.22,1,441653,441226,427
107044441,33.9418,27.6884,436,125560,0.348756,0.3,1,441688,441252,436
107047361,13.1884,11.9377,436,125560,0.285751,0.27,1,441696,441260,436
107050281,4.23767,3.98753,436,125560,0.24915,0.29,1,441698,441262,436
107053201,5.64753,9.59751,431,125560,0.29783,0.18,1,441704,441273,431
107056121,9.92951,8.3195,434,125560,0.331566,0.34,1,441715,441281,434
107057601,4.3859,4.8639,433,125560,0.290313,0.28,1,441718,441285,433
107060521,22.4772,3.37278,457,125560,0.210063,0.23,1,441745,441288,457
107063441,9.29544,20.6746,438,125560,0.218013,0.25,1,441751,441313,438
107065921,3.45909,10.5349,432,125560,0.227602,0.23,1,441753,441321,432
107068841,8.69182,7.70698,435,125560,0.30952,0.23,1,441763,441328,435
107071761,3.33836,1.5414,437,125560,0.325904,0.19,1,441765,441328,437
107074681,2.26767,1.90828,437,125560,0.305181,0.2,1,441767,441330,437
107076321,1.25353,1.98166,436,125560,0.301036,0.3,1,441768,441332,436
107079241,1.85071,5.99633,431,125560,0.268207,0.3,1,441770,441339,431
107082161,1.97014,1.19927,433,125560,0.229641,0.3,1,441772,441339,433
107085081,2.79403,0.239853,436,125560,0.301928,0.28,1,441775,441339,436
107088001,14.9588,0.847971,453,125560,0.356386,0.29,1,441793,441340,453
107090921,11.7918,16.9696,443,125560,0.319277,0.24,1,441804,441361,443
107093841,3.95835,9.79392,437,125560,0.279855,0.31,1,441806,441369,437
107096761,8.79167,5.15878,443,125560,0.319971,0.28,1,441816,441373,443
107099681,3.35833,7.43176,437,125560,0.319994,0.25,1,441818,441381,437
107102321,2.27167,3.08635,437,125560,0.287999,0.28,1,441820,441383,437
107105241,5.25433,10.2173,431,125560,0.2816,0.28,1,441826,441395,431
107108161,5.85087,2.04345,437,125560,0.28032,0.15,1,441832,441395,437
107111081,5.17017,7.60869,433,125560,0.248064,0.25,1,441837,441404,433
107113761,10.634,4.72174,441,125560,0.273613,0.35,1,441849,441408,441
107116681,10.9268,9.74435,441,125560,0.326723,0.21,1,441860,441419,441
107119601,7.78536,9.94887,438,125560,0.289344,0.28,1,441867,441429,438
107122521,3.15707,6.78977,434,125560,0.265869,0.24,1,441869,441435,434
107125201,2.23141,2.95795,434,125560,0.237174,0.22,1,441871,441437,434
107128121,30.0463,3.79159,467,125560,0.303435,0.22,1,441908,441441,467
107131041,22.8093,25.5583,457,125560,0.308687,0.16,1,441929,441472,457
107133961,7.76185,22.7117,439,125560,0.269737,0.21,1,441933,441494,439
107136641,3.15237,6.14233,439,125560,0.261947,0.31,1,441935,441496,439
107139561,9.43047,10.8285,438,125560,0.26039,0.29,1,441946,441508,438
107142481,7.48609,6.96569,439,125560,0.292078,0.29,1,441953,441514,439
107144341,20.6972,1.39314,463,125560,0.346416,0.41,1,441977,441514,463
107147261,19.3394,21.8786,455,125560,0.221283,0.36,1,441996,441541,455
107150181,5.46789,17.9757,440,125560,0.196257,0.39,1,441998,441558,440
107152661,20.2936,5.19514,462,125560,0.239251,0.28,1,442022,441560,462
107155581,5.65872,20.239,440,125560,0.24785,0.24,1,442024,441584,440
107157441,1.93174,5.64781,439,125560,0.23357,0.36,1,442025,441586,439
107160361,6.78635,7.52956,439,125560,0.190714,0.25,1,442033,441594,439
107163281,19.7573,23.9059,434,125560,0.270143,0.22,1,442056,441622,434
107166201,30.3515,29.5812,436,125560,0.326029,0.38,1,442089,441653,436
107169121,32.4703,33.9162,434,125560,0.329206,0.27,1,442122,441688,434
107172041,14.4941,13.1832,436,125560,0.289841,0.24,1,442132,441696,436
107174961,4.49881,4.23665,436,125560,0.305968,0.24,1,442134,441698,436
107176581,6.49976,0.84733,443,125560,0.229194,0.31,1,442141,441698,443
107179501,10.1,4.96947,448,125560,0.253839,0.34,1,442152,441704,448
107182421,3.61999,9.79389,439,125560,0.234768,0.19,1,442154,441715,439
107185341,24.724,25.9588,439,125560,0.150954,0.22,1,442184,441745,439
107188261,8.1448,9.99176,437,125560,0.262191,0.22,1,442188,441751,437
107190101,5.62896,1.99835,442,125560,0.220438,0.33,1,442193,441751,442
107193021,4.32579,9.99967,434,125560,0.260088,0.33,1,442197,441763,434
107195941,5.66516,3.59993,438,125560,0.236018,0.33,1,442203,441765,438
107198421,2.73303,0.719987,440,125560,0.215204,0.26,1,442205,441765,440
107201341,2.14661,4.144,437,125560,0.179041,0.26,1,442207,441770,437
107204261,2.02932,0.828799,439,125560,0.227808,0.22,1,442209,441770,439
107207181,2.00586,1.76576,439,125560,0.213562,0.22,1,442211,441772,439
107208821,2.00117,0.353152,441,125560,0.170712,0.32,1,442213,441772,441
107211741,12.4002,2.47063,453,125560,0.274142,0.37,1,442228,441775,453
107214661,13.68,14.8941,449,125560,0.270828,0.31,1,442242,441793,449
107217581,4.33601,11.7788,440,125560,0.270166,0.27,1,442244,441804,440
107220261,7.2672,3.95576,446,125560,0.230033,0.33,1,442252,441806,446
107223181,3.05344,8.79115,438,125560,0.222007,0.32,1,442254,441816,438
107225461,5.41069,3.35823,442,125560,0.204401,0.31,1,442260,441818,442
107228381,2.68214,8.67165,434,125560,0.22488,0.31,1,442262,441828,434
107231301,5.33643,1.73433,440,125560,0.244976,0.28,1,442268,441828,440
107234221,4.26729,3.54687,440,125560,0.264995,0.24,1,442272,441832,440
107236901,11.2535,4.70937,448,125560,0.212999,0.28,1,442285,441837,448
107239821,7.05069,10.5419,442,125560,0.2106,0.34,1,442291,441849,442
107242741,10.2101,10.9084,442,125560,0.29012,0.28,1,442302,441860,442
107244801,3.64203,7.78167,437,125560,0.282024,0.26,1,442304,441867,437
107247721,2.32841,3.15633,437,125560,0.280405,0.23,1,442306,441869,437
107250001,2.06568,2.23127,437,125560,0.256081,0.32,1,442308,441871,437
107252921,31.6131,30.0463,439,125560,0.315216,0.31,1,442347,441908,439
107255841,19.9226,22.8093,435,125560,0.343043,0.26,1,442364,441929,435
107258321,7.18453,7.76185,435,125560,0.284609,0.26,1,442368,441933,435
107261241,3.0369,3.15237,435,125560,0.240922,0.26,1,442370,441935,435
107264161,9.40738,9.43047,435,125560,0.200184,0.3,1,442381,441946,435
107267081,8.28148,7.48609,436,125560,0.248037,0.3,1,442389,441953,436
107269141,20.8563,1.49722,460,125560,0.273607,0.19,1,442413,441953,460
107272061,20.9713,34.6994,438,125560,0.270721,0.19,1,442434,441996,438
107274961,5.79425,8.53989,438,125560,0.230144,0.25,1,442436,441998,438
107277881,13.9589,20.908,430,125560,0.382029,0.25,1,442452,442022,430
107280801,4.39177,5.7816,430,125560,0.380406,0.23,1,442454,442024,430
107282661,8.87835,1.95632,439,125560,0.244081,0.18,1,442464,442025,439
107285581,6.57567,6.79126,437,125560,0.216816,0.29,1,442470,442033,437
107288501,13.3151,19.7583,429,125560,0.379363,0.34,1,442485,442056,429
107291421,36.263,30.3516,438,125560,0.347873,0.33,1,442527,442089,438
107294341,32.0526,32.4703,436,125560,0.301575,0.28,1,442558,442122,436
107297261,11.2105,14.4941,432,125560,0.292315,0.31,1,442564,442132,432
107299921,3.8421,4.49881,432,125560,0.290463,0.25,1,442566,442134,432
107302841,11.1684,9.69976,434,125560,0.338093,0.26,1,442579,442145,434
107305761,3.83368,7.53995,429,125560,0.323619,0.23,1,442581,442152,429
107308661,26.3667,3.10799,459,125560,0.336724,0.13,1,442613,442154,459
107311581,11.6733,24.6216,437,125560,0.371345,0.29,1,442621,442184,437
107313441,3.13467,8.12432,434,125560,0.362269,0.22,1,442622,442188,434
107316361,4.62693,6.42486,433,125560,0.392454,0.27,1,442627,442194,433
107319281,4.92539,3.68497,435,125560,0.374491,0.23,1,442632,442197,435
107322181,8.18508,5.53699,438,125560,0.370898,0.21,1,442641,442203,438
107325101,3.23702,7.5074,432,125560,0.38618,0.21,1,442643,442211,432
107328021,2.2474,1.50148,434,125560,0.349236,0.21,1,442645,442211,434
107330941,2.04948,0.300296,436,125560,0.309847,0.21,1,442647,442211,436
107333861,2.0099,0.0600592,438,125560,0.277969,0.3,1,442649,442211,438
107336781,13.202,13.612,437,125560,0.415594,0.27,1,442665,442228,437
107339701,10.6404,13.9224,433,125560,0.427119,0.27,1,442675,442242,433
107342561,3.72808,4.38448,433,125560,0.461424,0.21,1,442677,442244,433
107345481,10.3456,10.4769,433,125560,0.452285,0.21,1,442689,442256,433
107348401,3.66912,2.09538,435,125560,0.418457,0.2,1,442691,442256,435
107351321,5.53382,3.61908,437,125560,0.427691,0.23,1,442697,442260,437
107354001,4.30676,2.32382,439,125560,0.429538,0.28,1,442701,442262,439
107356921,4.06135,7.66476,434,125560,0.405908,0.27,1,442705,442271,434
107359841,8.81227,2.33295,443,125560,0.401182,0.2,1,442715,442272,443
107362761,10.5625,10.8666,441,125560,0.352236,0.21,1,442726,442285,441
107364401,2.91249,6.97332,436,125560,0.326447,0.31,1,442727,442291,436
107367321,8.5825,10.1947,435,125560,0.297289,0.28,1,442737,442302,435
107370241,4.9165,3.63893,437,125560,0.363458,0.28,1,442741,442304,437
107372101,4.1833,2.32779,439,125560,0.360692,0.22,1,442745,442306,439
107375021,3.23666,2.86556,439,125560,0.392138,0.33,1,442748,442309,439
107377941,29.4473,30.9731,437,125560,0.374428,0.35,1,442784,442347,437
107380861,16.2895,19.7946,433,125560,0.370886,0.27,1,442797,442364,433
107383121,5.65789,7.15892,432,125560,0.386177,0.28,1,442800,442368,432
107386041,9.93158,6.23178,437,125560,0.397235,0.19,1,442811,442374,437
107388961,5.18632,6.84636,434,125560,0.383447,0.26,1,442815,442381,434
107391881,9.03726,7.76927,436,125560,0.356689,0.28,1,442825,442389,436
107394801,33.8075,20.7539,452,125560,0.375338,0.27,1,442865,442413,452
107397721,13.9615,20.9508,440,125560,0.435068,0.22,1,442874,442434,440
107399761,4.3923,5.79015,440,125560,0.447013,0.42,1,442876,442436,440
107402681,7.27846,13.958,432,125560,0.337403,0.38,1,442884,442452,432
107405601,4.65569,4.39161,434,125560,0.315481,0.38,1,442888,442454,434
107407461,12.9311,0.878321,449,125560,0.407096,0.21,1,442903,442454,449
107410381,7.38623,12.9757,439,125560,0.361419,0.42,1,442909,442470,439
107413301,14.2772,14.5951,440,125560,0.480284,0.34,1,442925,442485,440
107416221,37.2555,36.519,441,125560,0.432057,0.29,1,442968,442527,441
107419141,33.0511,32.1038,442,125560,0.326411,0.29,1,443000,442558,442
107421601,11.4102,11.2208,442,125560,0.353282,0.4,1,443006,442564,442
107424521,5.48204,7.84415,439,125560,0.302656,0.35,1,443010,442571,439
107427441,4.29641,7.96883,435,125560,0.388531,0.32,1,443014,442579,435
107430361,4.05928,3.19377,437,125560,0.413706,0.32,1,443018,442581,437
107432421,29.6119,0.638753,473,125560,0.378741,0.34,1,443054,442581,473
107435341,10.7224,25.7278,447,125560,0.275748,0.38,1,443060,442613,447
107437621,5.34447,11.5455,443,125560,0.35915,0.4,1,443064,442621,443
107440541,4.26889,7.10911,441,125560,0.35983,0.37,1,443068,442627,441
107443461,4.05378,5.42182,440,125560,0.335966,0.37,1,443072,442632,440
107445941,2.41076,1.08436,442,125560,0.339193,0.37,1,443074,442632,442
107448861,5.28215,7.41687,439,125560,0.395839,0.39,1,443080,442641,439
107451141,7.45643,3.08337,445,125560,0.303168,0.29,1,443088,442643,445
107454061,3.09129,4.61667,442,125560,0.284634,0.29,1,443090,442648,442
107456981,2.21826,0.923335,444,125560,0.400927,0.27,1,443092,442648,444
107459901,13.2437,0.984667,459,125560,0.408185,0.45,1,443108,442649,459
107462821,9.04873,12.9969,451,125560,0.401637,0.43,1,443116,442665,451
107465741,4.20975,10.5994,444,125560,0.416327,0.47,1,443119,442675,444
107467361,2.44195,3.71988,444,125560,0.427266,0.45,1,443121,442677,444
107470281,10.0884,10.344,444,125560,0.357453,0.41,1,443133,442689,444
107473201,3.61768,3.6688,444,125560,0.311491,0.41,1,443135,442691,444
107475061,1.52354,0.733759,445,125560,0.286298,0.43,1,443136,442691,445
107477981,1.90471,4.94675,441,125560,0.26526,0.43,1,443138,442697,441
107480261,9.18094,4.18935,448,125560,0.317052,0.37,1,443149,442701,448
107483181,5.03619,7.23787,444,125560,0.28741,0.4,1,443153,442709,444
107486101,7.40724,6.24757,446,125560,0.273482,0.34,1,443161,442715,446
107489021,3.08145,10.0495,437,125560,0.238696,0.29,1,443163,442726,437
107491701,13.4163,10.8099,442,125560,0.255739,0.38,1,443179,442737,442
107494621,4.28326,5.36198,440,125560,0.227148,0.36,1,443181,442741,440
107497521,5.65665,4.2724,442,125560,0.30943,0.42,1,443187,442745,442
107500441,6.73133,6.45448,442,125560,0.285886,0.37,1,443194,442752,442
107503361,25.3463,26.8909,440,125560,0.329177,0.37,1,443224,442784,440
107506281,18.6693,15.7782,444,125560,0.337835,0.39,1,443241,442797,444
107509201,11.7339,5.55564,451,125560,0.339567,0.4,1,443251,442800,451
107512121,3.94677,9.91113,442,125560,0.339913,0.38,1,443253,442811,442
107514161,2.38935,5.18223,440,125560,0.307983,0.35,1,443255,442815,440
107517081,10.0779,9.03645,442,125560,0.293597,0.38,1,443267,442825,442
107520001,35.6156,33.8073,444,125560,0.306719,0.45,1,443309,442865,444
107522481,8.72311,13.9615,437,125560,0.293344,0.45,1,443311,442874,437
107525401,13.7446,4.39229,450,125560,0.314669,0.31,1,443326,442876,450
107528321,5.94892,7.27846,446,125560,0.286934,0.31,1,443330,442884,446
107531241,8.38979,4.65569,451,125560,0.225387,0.43,1,443339,442888,451
107534161,12.078,12.9311,449,125560,0.317077,0.35,1,443352,442903,449
107537081,11.2156,7.38623,454,125560,0.255415,0.51,1,443363,442909,454
107540001,35.8431,14.2772,480,125560,0.307083,0.42,1,443405,442925,480
107542921,33.5686,37.2555,470,125560,0.221417,0.3,1,443438,442968,470
107545841,13.9137,33.0511,447,125560,0.244283,0.36,1,443447,443000,447
107547861,8.38274,11.4102,448,125560,0.176857,0.4,1,443454,443006,448
107550781,3.27655,10.282,440,125560,0.163371,0.4,1,443456,443016,440
107553701,2.25531,2.05641,442,125560,0.272674,0.42,1,443458,443016,442
107556621,30.0511,2.01128,477,125560,0.166535,0.25,1,443495,443018,477
107559541,9.21021,34.0023,439,125560,0.081307,0.38,1,443499,443060,439
107562461,5.04204,10.0005,439,125560,0.128261,0.38,1,443503,443064,439
107564501,2.60841,2.00009,441,125560,0.137652,0.36,1,443505,443064,441
107567421,5.32168,3.60002,443,125560,0.22753,0.33,1,443511,443068,443
107569701,2.66434,3.92,441,125560,0.213506,0.36,1,443513,443072,441
107572621,2.93287,5.584,438,125560,0.258701,0.41,1,443516,443078,438
107575541,6.98657,2.7168,444,125560,0.23574,0.28,1,443524,443080,444
107578021,2.99731,6.94336,438,125560,0.199148,0.45,1,443526,443088,438
107580941,2.19946,3.78867,437,125560,0.16783,0.43,1,443528,443091,437
107583861,17.2399,1.55773,457,125560,0.177566,0.41,1,443549,443092,457
107586781,9.84798,13.1115,449,125560,0.283513,0.4,1,443557,443108,449
107589701,3.5696,9.02231,443,125560,0.304703,0.42,1,443559,443116,443
107591541,1.51392,4.20446,441,125560,0.332941,0.34,1,443560,443119,441
107594461,7.50278,12.0409,436,125560,0.330588,0.3,1,443569,443133,436
107597381,6.30056,4.00818,440,125560,0.290118,0.3,1,443575,443135,440
107599861,4.46011,0.801636,444,125560,0.234024,0.39,1,443579,443135,444
107602781,2.49202,8.96033,435,125560,0.222805,0.33,1,443581,443146,435
107605701,3.6984,4.19207,436,125560,0.212561,0.28,1,443585,443149,436
107608621,2.33968,4.03841,434,125560,0.202512,0.27,1,443587,443153,434
107611541,8.46794,7.20768,436,125560,0.264502,0.23,1,443597,443161,436
107614001,4.09359,3.04154,437,125560,0.3009,0.26,1,443600,443163,437
107616921,13.6187,13.4083,437,125560,0.29218,0.22,1,443616,443179,437
107619201,4.32374,4.28166,437,125560,0.250436,0.33,1,443618,443181,437
107622121,8.86475,5.65633,441,125560,0.290087,0.28,1,443628,443187,441
107625041,4.97295,6.73127,438,125560,0.306017,0.28,1,443632,443194,438
107626901,24.1946,1.34625,467,125560,0.285203,0.34,1,443661,443194,467
107629821,19.2389,24.2693,455,125560,0.305041,0.34,1,443679,443224,455
107632741,11.0478,18.4539,447,125560,0.197008,0.34,1,443688,443241,447
107635661,3.80956,11.6908,439,125560,0.215402,0.34,1,443690,443251,439
107638341,11.1619,3.93815,450,125560,0.29908,0.29,1,443703,443253,450
107641261,3.83238,11.9876,438,125560,0.315816,0.31,1,443705,443267,438
107644181,33.5665,35.9975,437,125560,0.279163,0.29,1,443746,443309,437
107647101,8.31329,8.79951,437,125560,0.255833,0.29,1,443748,443311,437
107648741,8.86266,1.7599,446,125560,0.243167,0.32,1,443757,443311,446
107651661,4.97253,12.352,435,125560,0.240633,0.28,1,443761,443326,435
107653521,1.79451,5.6704,432,125560,0.264127,0.21,1,443762,443330,432
107656441,9.9589,8.33408,435,125560,0.260825,0.34,1,443774,443339,435
107659361,9.99178,12.0668,432,125560,0.188165,0.24,1,443784,443352,432
107662281,15.5984,11.2134,438,125560,0.197633,0.32,1,443801,443363,438
107665201,34.3197,35.8427,435,125560,0.223527,0.2,1,443840,443405,435
107668121,31.6639,33.5685,433,125560,0.324705,0.25,1,443871,443438,433
107670161,10.3328,13.9137,429,125560,0.264941,0.16,1,443876,443447,429
107673081,12.4666,8.38274,435,125560,0.308988,0.16,1,443889,443454,435
107676001,4.09331,3.27655,435,125560,0.285798,0.3,1,443891,443456,435
107677861,4.81866,2.25531,438,125560,0.23316,0.14,1,443896,443458,438
107680781,23.3637,30.0511,429,125560,0.254632,0.06,1,443924,443495,429
107683701,10.2727,9.21021,432,125560,0.178926,0.06,1,443931,443499,432
107686181,5.25455,1.84204,436,125560,0.163785,0.14,1,443935,443499,436
107689101,3.45091,3.56841,435,125560,0.144757,0.14,1,443938,443503,435
107691381,4.69018,2.31368,438,125560,0.332951,0.25,1,443943,443505,438
107694301,2.53804,5.26274,434,125560,0.37059,0.21,1,443945,443511,434
107696581,2.10761,2.65255,434,125560,0.394118,0.26,1,443947,443513,434
107699501,7.62152,4.53051,438,125560,0.326824,0.23,1,443956,443518,438
107702421,3.1243,5.7061,434,125560,0.289365,0.19,1,443958,443524,434
107704901,7.02486,2.74122,440,125560,0.249873,0.25,1,443966,443526,440
107707821,17.405,9.34824,449,125560,0.185975,0.18,1,443986,443537,449
107710741,9.88099,11.4696,445,125560,0.213195,0.31,1,443994,443549,445
107713661,3.5762,8.69393,439,125560,0.218639,0.31,1,443996,443557,439
107716341,3.91524,3.33879,441,125560,0.315728,0.33,1,444000,443559,441
107719261,2.38305,8.66776,433,125560,0.335146,0.28,1,444002,443569,433
107722161,5.27661,6.53355,433,125560,0.299029,0.22,1,444008,443575,433
107725081,4.25532,6.10671,431,125560,0.323806,0.22,1,444012,443581,431
107728001,2.45106,1.22134,433,125560,0.320761,0.21,1,444014,443581,433
107730481,6.89021,3.44427,437,125560,0.264152,0.21,1,444022,443585,437
107733401,4.57804,3.88885,437,125560,0.26883,0.28,1,444026,443589,437
107736321,5.71561,7.17777,435,125560,0.269766,0.31,1,444032,443597,435
107738801,2.74312,3.83555,434,125560,0.253953,0.29,1,444034,443600,434
107741721,15.7486,13.5671,437,125560,0.282791,0.24,1,444053,443616,437
107744641,4.74972,4.31342,437,125560,0.264558,0.3,1,444055,443618,437
107747561,7.34994,8.86268,435,125560,0.148912,0.31,1,444063,443628,435
107750241,4.66999,4.97254,435,125560,0.373782,0.28,1,444067,443632,435
107753161,35.334,24.1945,449,125560,0.234756,0.31,1,444110,443661,449
107756081,19.8668,19.2389,447,125560,0.270951,0.17,1,444126,443679,447
107759001,5.57336,11.0478,440,125560,0.25419,0.22,1,444128,443688,440
107760641,1.91467,3.80956,439,125560,0.226838,0.32,1,444129,443690,439
107763561,4.38293,11.1619,431,125560,0.317368,0.32,1,444134,443703,431
107765841,2.47659,3.83238,431,125560,0.335474,0.27,1,444136,443705,431
107768761,34.0953,33.5665,432,125560,0.379095,0.25,1,444178,443746,432
107771681,8.41906,8.31329,432,125560,0.363819,0.24,1,444180,443748,432
107774601,12.8838,8.86266,437,125560,0.416764,0.24,1,444194,443757,437
107777281,4.17676,4.97253,435,125560,0.403353,0.36,1,444196,443761,435
107780201,7.23535,2.59451,441,125560,0.408671,0.26,1,444204,443763,441
107783121,13.4471,9.3189,445,125560,0.369734,0.17,1,444219,443774,445
107786041,17.0894,9.86378,453,125560,0.377947,0.2,1,444237,443784,453
107788961,33.8179,15.5728,474,125560,0.339589,0.23,1,444275,443801,474
107791881,32.3636,34.3146,467,125560,0.267918,0.35,1,444307,443840,467
107794801,11.2727,31.6629,442,125560,0.317584,0.32,1,444313,443871,442
107797721,13.4545,20.7326,438,125560,0.359517,0.28,1,444327,443889,438
107800641,4.29091,5.74652,438,125560,0.407903,0.28,1,444329,443891,438
107802661,5.65818,1.1493,444,125560,0.345581,0.26,1,444335,443891,444
107805581,16.3316,26.6299,430,125560,0.389116,0.16,1,444354,443924,430
107808501,16.8663,10.926,440,125560,0.357823,0.16,1,444371,443931,440
107811421,6.57327,5.38519,440,125560,0.287565,0.16,1,444375,443935,440
107813061,2.11465,1.07704,441,125560,0.257513,0.4,1,444376,443935,441
107815981,2.02293,5.81541,436,125560,0.227503,0.38,1,444378,443942,436
107818901,2.00459,3.56308,435,125560,0.205501,0.4,1,444380,443945,435
107821381,7.60092,2.31262,442,125560,0.3371,0.31,1,444389,443947,442
107824301,3.12018,7.66252,435,125560,0.33942,0.28,1,444391,443956,435
107827201,2.22404,3.1325,435,125560,0.315884,0.24,1,444393,443958,435
107830121,6.84481,7.0265,435,125560,0.335177,0.17,1,444401,443966,435
107833041,15.769,17.4053,433,125560,0.395035,0.22,1,444419,443986,433
107835521,14.3538,9.88106,439,125560,0.391007,0.37,1,444433,443994,439
107838441,6.07076,5.17621,439,125560,0.326201,0.34,1,444437,443998,439
107841361,2.81415,2.63524,439,125560,0.31324,0.34,1,444439,444000,439
107843841,2.16283,2.12705,439,125560,0.334648,0.35,1,444441,444002,439
107846761,3.63257,6.02541,436,125560,0.39493,0.33,1,444445,444009,436
107849681,2.32651,3.60508,435,125560,0.366986,0.32,1,444447,444012,435
107852601,2.0653,2.32102,435,125560,0.401397,0.32,1,444449,444014,435
107854661,6.81306,0.464203,443,125560,0.408279,0.27,1,444457,444014,443
107857581,7.76261,9.69284,439,125560,0.337656,0.27,1,444465,444026,439
107860501,4.75252,6.73857,437,125560,0.379531,0.27,1,444469,444032,437
107862981,2.5505,1.34771,439,125560,0.371906,0.29,1,444471,444032,439
107865901,9.3101,17.0695,429,125560,0.362381,0.26,1,444482,444053,429
107868821,7.46202,5.01391,434,125560,0.336476,0.26,1,444489,444055,434
107871301,9.4924,1.00278,444,125560,0.267295,0.12,1,444499,444055,444
107874221,8.29848,6.60056,444,125560,0.317459,0.43,1,444507,444063,444
107876501,35.2597,4.52011,482,125560,0.383492,0.2,1,444549,444067,482
107879421,19.8519,35.304,455,125560,0.412698,0.28,1,444565,444110,455
107882341,5.57039,19.8608,441,125560,0.37854,0.25,1,444567,444126,441
107884821,5.91408,5.57216,445,125560,0.395708,0.36,1,444573,444128,445
107887741,2.78282,6.71443,440,125560,0.391142,0.34,1,444575,444135,440
107890661,2.15656,2.14289,441,125560,0.398228,0.39,1,444577,444136,441
107893581,34.8313,34.0286,442,125560,0.311646,0.36,1,444620,444178,442
107896501,8.56626,8.40572,442,125560,0.294329,0.36,1,444622,444180,442
107898341,12.9133,1.68114,456,125560,0.362866,0.43,1,444636,444180,456
107901261,4.18265,11.5362,444,125560,0.344573,0.4,1,444638,444194,444
107903541,6.43653,3.90725,449,125560,0.308915,0.41,1,444645,444196,449
107906461,10.0873,7.18145,452,125560,0.349783,0.36,1,444656,444204,452
107909381,14.8175,13.4363,453,125560,0.317957,0.38,1,444672,444219,453
107912301,34.9635,17.0873,475,125560,0.215591,0.33,1,444712,444237,475
107915221,30.1927,33.8175,466,125560,0.179118,0.25,1,444741,444275,466
107918141,10.0385,32.3635,439,125560,0.275824,0.33,1,444746,444307,439
107919761,3.60771,11.2727,435,125560,0.255165,0.37,1,444748,444313,435
107922681,12.7215,13.4545,436,125560,0.323033,0.42,1,444763,444327,436
107924961,4.94431,4.29091,437,125560,0.288607,0.33,1,444766,444329,437
107927881,10.5889,7.25818,441,125560,0.297721,0.4,1,444778,444337,441
107930801,17.3178,15.0516,443,125560,0.275544,0.35,1,444797,444354,443
107933721,15.4636,16.6103,441,125560,0.319109,0.27,1,444812,444371,441
107936641,6.29271,6.52207,441,125560,0.247822,0.25,1,444816,444375,441
107939521,2.85854,2.10441,442,125560,0.249564,0.42,1,444818,444376,442
107942441,5.37171,8.42088,438,125560,0.337913,0.42,1,444824,444386,438
107945361,2.67434,1.68418,440,125560,0.355583,0.37,1,444826,444386,440
107948281,3.73487,2.73684,441,125560,0.311117,0.34,1,444830,444389,441
107949921,1.54697,2.14737,440,125560,0.294223,0.38,1,444831,444391,440
107952841,6.70939,4.42947,443,125560,0.314845,0.34,1,444839,444396,443
107955761,18.9419,4.88589,460,125560,0.166969,0.41,1,444861,444401,460
107958681,9.38838,15.3772,449,125560,0.257394,0.39,1,444868,444419,449
107961601,9.07768,14.2754,444,125560,0.315479,0.31,1,444877,444433,444
107963441,3.41553,6.05509,442,125560,0.359096,0.34,1,444879,444437,442
107966361,2.28311,6.01102,438,125560,0.327819,0.34,1,444881,444443,438
107969281,2.05662,1.2022,440,125560,0.289564,0.41,1,444883,444443,440
107972201,3.61132,1.84044,442,125560,0.217913,0.36,1,444887,444445,442
107974881,2.32226,1.96809,442,125560,0.211583,0.43,1,444889,444447,442
107977801,3.66445,7.59362,437,125560,0.322317,0.41,1,444893,444456,437
107980721,7.13289,2.31872,444,125560,0.352463,0.32,1,444901,444457,444
107983641,6.22658,6.86374,442,125560,0.310493,0.39,1,444907,444465,442
107986561,2.84532,4.57275,440,125560,0.278099,0.37,1,444909,444469,440
107988401,1.36906,2.51455,439,125560,0.25562,0.36,1,444910,444471,439
107991321,6.67381,9.30291,436,125560,0.275124,0.33,1,444918,444482,436
107994241,7.73476,7.46058,437,125560,0.279025,0.25,1,444926,444489,437
107997161,15.147,9.49212,444,125560,0.247805,0.33,1,444943,444499,444
108000081,39.0294,8.29842,481,125560,0.289561,0.4,1,444988,444507,481
108003001,22.2059,35.2597,457,125560,0.313912,0.42,1,445006,444549,457
108005921,6.04118,19.8519,443,125560,0.318782,0.37,1,445008,444565,443
108008581,6.00824,5.57039,447,125560,0.231756,0.39,1,445014,444567,447
108011501,3.60165,10.7141,438,125560,0.334351,0.39,1,445017,444579,438
108014421,2.32033,2.14282,440,125560,0.34687,0.39,1,445019,444579,440
108017341,27.6641,0.428563,474,125560,0.253374,0.29,1,445053,444579,474
108020261,7.93281,32.8857,436,125560,0.330675,0.29,1,445056,444620,436
108023141,15.1866,8.17714,451,125560,0.274135,0.34,1,445073,444622,451
108026061,4.63731,14.4354,437,125560,0.270827,0.3,1,445075,444638,437
108028341,10.5275,8.48709,442,125560,0.382165,0.36,1,445087,444645,442
108031261,5.30549,10.4974,435,125560,0.348433,0.31,1,445091,444656,435
108034181,13.8611,14.8995,435,125560,0.325687,0.19,1,445107,444672,435
108037101,32.3722,34.9799,432,125560,0.281137,0.17,1,445144,444712,432
108040021,30.4744,30.196,433,125560,0.352227,0.3,1,445174,444741,433
108042481,9.29489,10.0392,432,125560,0.398445,0.26,1,445178,444746,432
108045401,17.859,5.20784,448,125560,0.295689,0.34,1,445198,444750,448
108048321,7.5718,11.4416,440,125560,0.283138,0.28,1,445203,444763,440
108051241,10.3144,4.68831,448,125560,0.368628,0.3,1,445214,444766,448
108054161,12.4629,10.5377,449,125560,0.417726,0.27,1,445227,444778,449
108057081,13.6926,17.3075,444,125560,0.395545,0.33,1,445241,444797,444
108060001,13.1385,15.4615,442,125560,0.319109,0.23,1,445254,444812,442
108062661,5.0277,6.2923,441,125560,0.255822,0.36,1,445257,444816,441
108065581,4.20554,9.25846,435,125560,0.275164,0.36,1,445261,444826,435
108068501,3.24111,1.85169,438,125560,0.263033,0.36,1,445264,444826,438
108071421,2.24822,0.370338,440,125560,0.260607,0.3,1,445266,444826,440
108074101,5.24964,3.27407,442,125560,0.388121,0.32,1,445272,444830,442
108077021,2.64993,7.85481,435,125560,0.381624,0.13,1,445274,444839,435
108079941,18.93,19.171,436,125560,0.332325,0.28,1,445297,444861,436
108082861,11.786,9.43419,439,125560,0.258465,0.33,1,445307,444868,439
108085781,3.9572,9.08684,432,125560,0.403693,0.33,1,445309,444877,432
108087621,3.19144,1.81737,435,125560,0.416739,0.32,1,445312,444877,435
108090541,7.03829,3.56347,439,125560,0.419348,0.28,1,445320,444881,439
108093461,3.00766,2.31269,439,125560,0.38787,0.28,1,445322,444883,439
108095941,3.80153,0.462539,443,125560,0.397574,0.21,1,445326,444883,443
108098861,2.36031,4.89251,439,125560,0.367515,0.21,1,445328,444889,439
108101781,3.67206,0.978502,443,125560,0.321503,0.35,1,445332,444889,443
108104261,3.93441,3.3957,443,125560,0.304301,0.36,1,445336,444893,443
108107181,5.58688,7.07914,441,125560,0.38886,0.3,1,445342,444901,441
108109461,2.71738,6.21583,437,125560,0.381772,0.25,1,445344,444907,437
108112381,2.14348,3.64317,436,125560,0.380354,0.25,1,445346,444910,436
108115301,5.2287,0.728633,442,125560,0.340071,0.28,1,445352,444910,442
108118221,8.24574,6.54573,443,125560,0.348014,0.28,1,445361,444918,443
108121141,14.4491,7.70915,451,125560,0.309603,0.24,1,445377,444926,451
108124061,39.6898,15.1418,480,125560,0.349921,0.3,1,445423,444943,480
108126981,21.538,39.0284,452,125560,0.245984,0.32,1,445440,444988,452
108129901,9.90759,22.2057,441,125560,0.369197,0.32,1,445447,445006,441
108132341,6.78152,6.04113,445,125560,0.345839,0.21,1,445453,445008,445
108135261,4.5563,6.00823,443,125560,0.285168,0.36,1,445457,445014,443
108137541,7.31126,3.60165,448,125560,0.289034,0.36,1,445465,445017,448
108140461,20.6623,9.52033,461,125560,0.297807,0.23,1,445489,445028,461
108143381,5.73245,21.9041,438,125560,0.299561,0.35,1,445491,445053,438
108145441,2.74649,6.78081,437,125560,0.267912,0.26,1,445493,445056,437
108148361,19.7493,14.9562,444,125560,0.269582,0.27,1,445517,445073,444
108150641,5.54986,4.59123,444,125560,0.237916,0.41,1,445519,445075,444
108153561,6.70997,10.5182,439,125560,0.295583,0.34,1,445526,445087,439
108156481,7.74199,5.30365,443,125560,0.339117,0.32,1,445534,445091,443
108159401,11.1484,13.8607,439,125560,0.299823,0.27,1,445546,445107,439
108162321,27.8297,32.3721,434,125560,0.251965,0.37,1,445578,445144,434
108165241,35.1659,30.4744,441,125560,0.274393,0.41,1,445615,445174,441
108167281,11.8332,9.29489,443,125560,0.206879,0.27,1,445621,445178,443
108170201,18.3666,17.859,443,125560,0.225376,0.28,1,445641,445198,443
108173121,5.27333,7.5718,440,125560,0.189075,0.28,1,445643,445203,440
108174981,7.45467,1.51436,448,125560,0.197815,0.39,1,445651,445203,448
108177901,15.8909,9.10287,455,125560,0.207563,0.43,1,445669,445214,455
108180821,10.3782,12.2206,451,125560,0.265513,0.39,1,445678,445227,451
108183301,10.0756,13.6441,447,125560,0.261103,0.3,1,445688,445241,447
108186221,10.8151,13.1288,445,125560,0.268221,0.24,1,445699,445254,445
108188081,2.96303,5.02576,443,125560,0.253644,0.28,1,445700,445257,443
108191001,2.19261,4.20515,441,125560,0.218729,0.26,1,445702,445261,441
108193281,2.03852,3.24103,440,125560,0.187746,0.45,1,445704,445264,440
108196201,4.4077,3.84821,441,125560,0.141549,0.42,1,445709,445268,441
108199121,5.68154,3.96964,443,125560,0.10031,0.38,1,445715,445272,443
108201601,2.73631,2.39393,443,125560,0.100062,0.32,1,445717,445274,443
108204521,11.7473,18.8788,434,125560,0.276012,0.24,1,445731,445297,434
108207441,15.9495,11.7758,441,125560,0.239202,0.24,1,445748,445307,441
108209301,5.58989,2.35515,444,125560,0.303841,0.42,1,445751,445307,444
108212221,2.71798,4.47103,441,125560,0.316768,0.42,1,445753,445312,441
108215141,3.7436,7.29421,437,125560,0.319354,0.38,1,445757,445320,437
108217621,3.14872,3.05884,438,125560,0.343871,0.4,1,445760,445322,438
108220541,4.62974,3.81177,439,125560,0.348774,0.36,1,445765,445326,439
108223461,5.72595,2.36235,443,125560,0.333755,0.31,1,445771,445328,443
108225941,5.94519,3.67247,445,125560,0.290751,0.3,1,445777,445332,445
108228861,2.78904,3.93449,443,125560,0.25815,0.41,1,445779,445336,443
108231781,2.15781,5.5869,439,125560,0.21963,0.38,1,445781,445342,439
108234701,2.03156,2.71738,439,125560,0.307926,0.38,1,445783,445344,439
108237621,5.20631,2.14348,443,125560,0.317585,0.33,1,445789,445346,443
108239461,3.44126,5.2287,440,125560,0.311517,0.35,1,445792,445352,440
108242381,7.08825,8.24574,439,125560,0.262303,0.3,1,445800,445361,439
108245301,13.4177,14.4491,438,125560,0.316461,0.36,1,445815,445377,438
108248221,37.8835,39.6898,436,125560,0.239292,0.22,1,445859,445423,436
108251141,23.5767,21.538,439,125560,0.303858,0.4,1,445879,445440,439
108254061,7.11534,9.90759,435,125560,0.260772,0.34,1,445882,445447,435
108256981,6.22307,6.78152,435,125560,0.284154,0.34,1,445888,445453,435
108259221,9.24461,1.3563,445,125560,0.304831,0.29,1,445898,445453,445
108262141,8.24892,4.27126,448,125560,0.332966,0.3,1,445906,445458,448
108265061,13.6498,25.6543,432,125560,0.362593,0.3,1,445921,445489,432
108267981,10.73,6.73085,440,125560,0.336519,0.3,1,445931,445491,440
108269621,2.94599,1.34617,441,125560,0.347304,0.27,1,445932,445491,441
108272541,18.1892,21.0692,437,125560,0.285461,0.23,1,445954,445517,437
108275461,6.83784,5.81385,439,125560,0.329092,0.31,1,445958,445519,439
108277941,8.56757,6.76277,441,125560,0.361818,0.35,1,445967,445526,441
108280861,4.91351,7.75255,437,125560,0.384364,0.29,1,445971,445534,437
108283781,12.1827,11.1505,439,125560,0.388873,0.24,1,445985,445546,439
108286701,27.2365,27.8301,438,125560,0.293775,0.28,1,446016,445578,438
108289621,35.8473,35.166,439,125560,0.290755,0.19,1,446054,445615,439
108292541,11.9695,11.8332,439,125560,0.282151,0.23,1,446060,445621,439
108295461,12.7939,18.3666,432,125560,0.35243,0.18,1,446073,445641,432
108298321,4.15878,5.27333,432,125560,0.366486,0.19,1,446075,445643,432
108301241,23.2318,10.6547,448,125560,0.273297,0.21,1,446103,445655,448
108304161,12.6464,13.3309,444,125560,0.246659,0.28,1,446113,445669,444
108307081,9.72927,9.86619,444,125560,0.241332,0.26,1,446122,445678,444
108310001,5.14585,9.97324,438,125560,0.200266,0.27,1,446126,445688,438
108312921,2.62917,10.7946,429,125560,0.312053,0.21,1,446128,445699,429
108315381,2.12583,4.55893,428,125560,0.302411,0.19,1,446130,445702,428
108318301,2.02517,4.11179,426,125560,0.300482,0.13,1,446132,445706,426
108321221,10.805,3.22236,436,125560,0.292096,0.09,1,446145,445709,436
108324141,6.96101,5.44447,436,125560,0.290419,0.1,1,446151,445715,436
108326401,2.9922,2.68889,436,125560,0.378084,0.32,1,446153,445717,436
108329321,13.3984,11.7378,438,125560,0.283617,0.23,1,446169,445731,438
108332241,16.2797,15.9476,438,125560,0.256723,0.32,1,446186,445748,438
108334721,4.85594,5.58951,437,125560,0.227345,0.32,1,446188,445751,437
108337641,2.57119,2.7179,437,125560,0.221469,0.32,1,446190,445753,437
108339921,5.31424,3.74358,439,125560,0.300294,0.35,1,446196,445757,439
108342841,2.66285,3.14872,438,125560,0.316059,0.35,1,446198,445760,438
108345761,3.73257,4.62974,437,125560,0.295212,0.33,1,446202,445765,437
108348681,3.94651,5.72595,435,125560,0.299042,0.28,1,446206,445771,435
108351601,8.7893,5.94519,439,125560,0.275808,0.25,1,446216,445777,439
108354481,3.35786,2.78904,439,125560,0.263162,0.35,1,446218,445779,439
108357401,2.27157,6.15781,434,125560,0.236632,0.35,1,446220,445786,434
108360321,2.05431,1.23156,436,125560,0.287326,0.32,1,446222,445786,436
108363241,2.01086,2.64631,435,125560,0.329465,0.31,1,446224,445789,435
108364881,1.20217,2.92926,433,125560,0.321893,0.25,1,446225,445792,433
108367801,5.84043,6.98585,432,125560,0.288379,0.33,1,446232,445800,432
108370721,17.1681,13.3972,437,125560,0.225676,0.22,1,446252,445815,437
108373641,39.4336,37.8794,438,125560,0.189135,0.32,1,446297,445859,438
108376561,22.2867,23.5759,436,125560,0.277827,0.25,1,446315,445879,436
108378401,5.25734,7.11518,434,125560,0.279565,0.29,1,446316,445882,434
108381321,8.25147,6.22304,437,125560,0.295913,0.31,1,446325,445888,437
108384241,10.4503,9.24461,438,125560,0.347183,0.34,1,446336,445898,438
108387161,8.49006,8.24892,438,125560,0.325437,0.37,1,446344,445906,438
108390081,13.698,13.6498,438,125560,0.337087,0.33,1,446359,445921,438
108392961,6.7396,10.73,433,125560,0.355417,0.35,1,446364,445931,433
108395881,22.1479,2.94599,458,125560,0.263083,0.27,1,446390,445932,458
108398801,9.22958,18.1892,442,125560,0.188617,0.34,1,446396,445954,442
108401721,8.24592,6.83784,446,125560,0.213723,0.37,1,446404,445958,446
108403361,2.44918,8.56757,438,125560,0.202745,0.39,1,446405,445967,438
108406281,3.68984,4.91351,438,125560,0.304549,0.39,1,446409,445971,438
108409201,9.53797,12.1827,435,125560,0.30891,0.27,1,446420,445985,435
108412121,28.3076,27.2365,437,125560,0.341782,0.29,1,446453,446016,437
108415041,35.2615,35.8473,436,125560,0.196356,0.28,1,446490,446054,436
108416881,11.0523,11.9695,435,125560,0.207271,0.37,1,446495,446060,435
108419801,10.2105,12.7939,432,125560,0.273454,0.37,1,446505,446073,432
108422721,9.24209,4.15878,439,125560,0.278691,0.37,1,446514,446075,439
108424581,20.2484,0.831756,462,125560,0.271738,0.25,1,446537,446075,462
108427501,10.4497,22.5664,442,125560,0.326348,0.24,1,446545,446103,442
108430421,12.4899,12.5133,445,125560,0.28127,0.24,1,446558,446113,445
108432901,4.09799,9.70265,438,125560,0.240254,0.19,1,446560,446122,438
108435821,7.2196,5.14053,442,125560,0.200051,0.34,1,446568,446126,442
108437681,2.24392,2.62811,441,125560,0.20801,0.42,1,446569,446128,441
108440601,3.64878,8.52562,435,125560,0.313602,0.42,1,446573,446138,435
108443521,2.32976,1.70512,437,125560,0.30272,0.29,1,446575,446138,437
108446441,7.66595,5.94102,439,125560,0.284544,0.29,1,446584,446145,439
108449121,3.13319,5.98821,435,125560,0.304909,0.36,1,446586,446151,435
108452041,18.2266,5.99764,451,125560,0.300982,0.26,1,446608,446157,451
108454961,14.8453,10.7995,453,125560,0.332196,0.25,1,446622,446169,453
108457881,4.56907,15.7599,438,125560,0.346439,0.22,1,446624,446186,438
108459521,1.71381,4.75198,437,125560,0.333288,0.32,1,446625,446188,437
108462441,5.94276,7.3504,436,125560,0.290658,0.32,1,446632,446196,436
108465361,2.78855,1.47008,438,125560,0.282131,0.32,1,446634,446196,438
108467841,2.15771,1.89402,438,125560,0.272426,0.29,1,446636,446198,438
108470761,3.63154,3.5788,438,125560,0.262485,0.3,1,446640,446202,438
108473041,2.32631,3.91576,436,125560,0.260497,0.27,1,446642,446206,436
108475961,10.0653,8.78315,438,125560,0.228099,0.26,1,446654,446216,438
108478881,3.61305,3.35663,438,125560,0.19762,0.26,1,446656,446218,438
108480741,1.52261,0.671326,439,125560,0.175524,0.36,1,446657,446218,439
108483661,1.90452,8.13427,431,125560,0.219105,0.36,1,446659,446228,431
108486581,1.9809,1.62685,433,125560,0.227821,0.36,1,446661,446228,433
108489501,1.99618,0.325371,435,125560,0.325564,0.28,1,446663,446228,435
108492421,3.59924,3.26507,435,125560,0.353113,0.21,1,446667,446232,435
108495341,18.3198,16.653,437,125560,0.198623,0.18,1,446689,446252,437
108498261,39.664,39.3306,437,125560,0.207725,0.3,1,446734,446297,437
108501181,23.1328,22.2661,438,125560,0.305545,0.28,1,446753,446315,438
108504101,12.6266,5.25322,447,125560,0.293109,0.3,1,446763,446316,447
108507021,10.5253,8.25064,448,125560,0.250622,0.36,1,446773,446325,448
108509941,9.30506,10.4501,446,125560,0.162124,0.32,1,446782,446336,446
108511521,2.66101,8.49003,439,125560,0.160425,0.34,1,446783,446344,439
108514441,12.5322,13.698,439,125560,0.240085,0.36,1,446798,446359,439
108517361,4.10644,6.7396,436,125560,0.224017,0.24,1,446800,446364,436
108520281,20.8213,22.1479,435,125560,0.228803,0.17,1,446825,446390,435
108523201,7.36426,9.22958,433,125560,0.285761,0.17,1,446829,446396,433
108525461,11.0729,1.84592,445,125560,0.289152,0.22,1,446841,446396,445
108528381,3.81457,6.76918,439,125560,0.30583,0.33,1,446843,446404,439
108530661,11.1629,5.35384,447,125560,0.301166,0.31,1,446856,446409,447
108533581,3.83258,9.87077,438,125560,0.300233,0.35,1,446858,446420,438
108536501,27.1665,28.3742,438,125560,0.188047,0.16,1,446891,446453,438
108539421,31.0333,35.2748,433,125560,0.221609,0.21,1,446923,446490,433
108542341,13.4067,11.055,437,125560,0.132322,0.29,1,446932,446495,437
108545261,12.2813,10.211,439,125560,0.234464,0.28,1,446944,446505,439
108547921,7.25627,9.2422,436,125560,0.278893,0.27,1,446950,446514,436
108550841,26.2513,20.2484,444,125560,0.271779,0.34,1,446981,446537,444
108553761,11.6503,10.4497,444,125560,0.206356,0.27,1,446989,446545,444
108556681,4.73005,12.4899,434,125560,0.185271,0.23,1,446992,446558,434
108558321,2.54601,4.09799,434,125560,0.149054,0.19,1,446994,446560,434
108561241,7.7092,7.2196,435,125560,0.253811,0.21,1,447003,446568,435
108563521,4.74184,2.24392,438,125560,0.210762,0.32,1,447007,446569,438
108566441,5.74837,7.64878,435,125560,0.266152,0.32,1,447013,446578,435
108569361,8.34967,1.52976,444,125560,0.22923,0.28,1,447022,446578,444
108572281,3.26993,5.10595,440,125560,0.197846,0.31,1,447024,446584,440
108573921,1.45399,2.62119,439,125560,0.175569,0.3,1,447025,446586,439
108576841,18.6908,18.1242,440,125560,0.163114,0.34,1,447048,446608,440
108579761,11.7382,14.8248,436,125560,0.280623,0.35,1,447058,446622,436
108582241,3.94763,4.56497,436,125560,0.304125,0.28,1,447060,446624,436
108585161,7.18953,7.31299,436,125560,0.276825,0.28,1,447068,446632,436
108588081,3.03791,1.4626,438,125560,0.271365,0.28,1,447070,446632,438
108590561,2.20758,1.89252,438,125560,0.270273,0.3,1,447072,446634,438
108593481,5.24152,11.5785,430,125560,0.294055,0.3,1,447078,446648,430
108596401,2.6483,2.3157,432,125560,0.298811,0.3,1,447080,446648,432
108599321,10.1297,0.46314,444,125560,0.283762,0.22,1,447092,446648,444
108602241,3.62593,4.89263,440,125560,0.280752,0.19,1,447094,446654,440
108605161,2.32519,2.57853,440,125560,0.31215,0.17,1,447096,446656,440
108607621,2.06504,1.31571,441,125560,0.28643,0.23,1,447098,446657,441
108610541,2.01301,3.46314,439,125560,0.257286,0.23,1,447100,446661,439
108613461,2.0026,0.692628,441,125560,0.219457,0.35,1,447102,446661,441
108615941,2.00052,1.73853,441,125560,0.299891,0.37,1,447104,446663,441
108618861,14.0001,7.54771,449,125560,0.275978,0.16,1,447121,446672,449
108621781,40.4,15.1095,479,125560,0.311196,0.21,1,447168,446689,479
108624701,25.68,39.0219,456,125560,0.310239,0.33,1,447190,446734,456
108627621,10.736,23.0044,444,125560,0.278048,0.29,1,447197,446753,444
108630541,6.9472,12.6009,440,125560,0.35161,0.24,1,447203,446763,440
108633461,14.1894,10.5202,446,125560,0.270322,0.14,1,447219,446773,446
108635701,4.43789,9.30404,439,125560,0.230064,0.26,1,447221,446782,439
108638621,13.6876,14.6608,439,125560,0.374013,0.22,1,447237,446798,439
108641541,4.33752,4.53216,439,125560,0.378803,0.23,1,447239,446800,439
108644461,17.6675,20.9064,435,125560,0.339761,0.3,1,447260,446825,435
108647381,6.7335,7.38129,435,125560,0.275952,0.3,1,447264,446829,435
108649221,10.9467,1.47626,447,125560,0.38319,0.29,1,447276,446829,447
108652141,3.78934,9.89525,437,125560,0.404638,0.31,1,447278,446841,437
108655061,13.5579,3.57905,451,125560,0.440928,0.3,1,447294,446843,451
108657981,4.31157,12.7158,438,125560,0.432186,0.16,1,447296,446858,438
108660901,27.2623,28.9432,438,125560,0.310437,0.23,1,447329,446891,438
108663821,21.4525,31.3886,426,125560,0.414087,0.11,1,447349,446923,426
108666741,10.6905,13.4777,425,125560,0.458818,0.11,1,447357,446932,425
108668981,18.1381,2.69555,445,125560,0.419763,0.26,1,447377,446932,445
108671901,7.62762,10.1391,438,125560,0.467953,0.29,1,447382,446944,438
108674181,23.9255,6.82782,460,125560,0.381591,0.27,1,447410,446950,460
108677101,14.3851,26.1656,441,125560,0.364318,0.19,1,447422,446981,441
108680021,5.27702,11.6331,436,125560,0.320864,0.18,1,447425,446989,436
108682501,3.4554,4.72662,436,125560,0.272173,0.28,1,447428,446992,436
108685421,9.49108,9.74532,436,125560,0.342435,0.2,1,447439,447003,436
108688341,5.09822,5.14906,436,125560,0.324487,0.28,1,447443,447007,436
108690821,5.81964,5.82981,436,125560,0.360897,0.22,1,447449,447013,436
108693741,4.36393,8.36596,431,125560,0.40818,0.19,1,447453,447022,431
108696661,2.47279,3.27319,431,125560,0.409636,0.17,1,447455,447024,431
108699581,24.4946,1.45464,460,125560,0.313927,0.16,1,447485,447025,460
108702501,11.2989,18.6909,445,125560,0.294785,0.31,1,447493,447048,445
108704961,3.85978,11.7382,437,125560,0.298957,0.31,1,447495,447058,437
108707881,8.77196,3.94764,445,125560,0.355791,0.27,1,447505,447060,445
108710801,3.35439,7.18953,439,125560,0.359158,0.27,1,447507,447068,439
108713281,2.27088,3.03791,439,125560,0.359832,0.23,1,447509,447070,439
108716201,3.65418,5.40758,437,125560,0.335966,0.3,1,447513,447076,437
108719121,2.33084,2.68152,437,125560,0.307193,0.3,1,447515,447078,437
108721601,2.06617,2.1363,437,125560,0.301439,0.28,1,447517,447080,437
108724521,8.41323,10.0273,435,125560,0.372288,0.28,1,447527,447092,435
108726801,6.48265,3.60545,439,125560,0.346458,0.28,1,447533,447094,439
108729721,4.49653,11.9211,429,125560,0.325292,0.28,1,447537,447108,429
108732641,2.49931,2.38422,431,125560,0.345058,0.28,1,447539,447108,431
108735561,2.09986,0.476844,433,125560,0.365012,0.28,1,447541,447108,433
108738481,2.01997,0.0953687,435,125560,0.329002,0.28,1,447543,447108,435
108741401,2.00399,0.0190737,437,125560,0.3218,0.27,1,447545,447108,437
108744321,9.2008,10.4038,435,125560,0.39236,0.32,1,447556,447121,435
108747241,43.4402,39.6808,440,125560,0.342472,0.31,1,447608,447168,440
108750161,22.288,25.5362,435,125560,0.348494,0.27,1,447625,447190,435
108752801,15.6576,10.7072,442,125560,0.213699,0.37,1,447639,447197,442
108755721,6.33152,6.94145,440,125560,0.16274,0.25,1,447643,447203,440
108758641,9.2663,14.1883,434,125560,0.288548,0.22,1,447653,447219,434
108761121,9.05326,4.43766,441,125560,0.28171,0.41,1,447662,447221,441
108764041,14.6107,13.6875,441,125560,0.352342,0.38,1,447678,447237,441
108766321,4.52213,4.33751,441,125560,0.334468,0.33,1,447680,447239,441
108769241,12.9044,17.6675,435,125560,0.314894,0.26,1,447695,447260,435
108772161,9.78089,6.7335,440,125560,0.286979,0.26,1,447704,447264,440
108774021,14.7562,1.3467,456,125560,0.289396,0.41,1,447720,447264,456
108776941,4.55124,11.4693,444,125560,0.281879,0.45,1,447722,447278,444
108779861,12.1102,15.0939,442,125560,0.312376,0.43,1,447736,447294,442
108782781,4.02205,4.61877,442,125560,0.334475,0.43,1,447738,447296,442
108784421,22.4044,0.923755,469,125560,0.306895,0.28,1,447765,447296,469
108787341,25.2809,26.5848,462,125560,0.325379,0.44,1,447791,447329,462
108790261,9.05618,21.3169,447,125560,0.297076,0.47,1,447796,447349,447
108792741,21.0112,10.6634,463,125560,0.0914152,0.41,1,447820,447357,463
108795661,5.80225,18.1327,445,125560,0.154283,0.48,1,447822,447377,445
108798581,24.3605,7.62654,469,125560,0.230857,0.36,1,447851,447382,469
108801501,8.07209,33.5253,433,125560,0.206171,0.31,1,447855,447422,433
108804421,4.81442,9.10506,434,125560,0.209234,0.31,1,447859,447425,434
108806261,10.5629,1.82101,446,125560,0.233847,0.23,1,447871,447425,446
108809181,7.71258,7.5642,444,125560,0.286769,0.36,1,447878,447434,444
108812101,7.94252,5.51284,447,125560,0.225354,0.32,1,447886,447439,447
108814581,3.9885,4.30257,446,125560,0.197071,0.37,1,447889,447443,446
108817501,4.7977,6.46051,444,125560,0.199414,0.42,1,447894,447450,444
108820421,2.55954,3.6921,443,125560,0.247883,0.41,1,447896,447453,443
108822901,20.5119,2.33842,466,125560,0.289577,0.29,1,447921,447455,466
108825821,13.7024,24.4677,448,125560,0.185915,0.29,1,447933,447485,448
108827681,3.54048,11.2935,441,125560,0.261183,0.3,1,447934,447493,441
108830601,6.3081,3.85871,446,125560,0.228237,0.37,1,447941,447495,446
108833521,2.86162,8.77174,438,125560,0.269647,0.36,1,447943,447505,438
108836001,2.17232,3.35435,438,125560,0.309929,0.35,1,447945,447507,438
108838921,6.83446,4.67087,441,125560,0.261986,0.33,1,447953,447512,441
108841841,2.96689,1.73417,442,125560,0.308397,0.3,1,447955,447513,442
108844321,2.19338,1.94683,442,125560,0.285679,0.34,1,447957,447515,442
108847241,6.03868,2.78937,446,125560,0.281136,0.39,1,447964,447518,446
108850161,6.80773,7.75787,444,125560,0.304227,0.34,1,447971,447527,444
108853081,4.56155,6.35157,442,125560,0.316845,0.32,1,447975,447533,442
108856001,2.51231,4.47031,440,125560,0.311369,0.35,1,447977,447537,440
108857841,1.30246,2.49406,439,125560,0.302274,0.34,1,447978,447539,439
108860761,3.46049,2.89881,440,125560,0.268455,0.32,1,447982,447542,440
108863681,2.2921,1.37976,441,125560,0.229691,0.32,1,447984,447543,441
108866161,2.05842,1.87595,441,125560,0.269938,0.41,1,447986,447545,441
108869081,3.61168,9.17519,434,125560,0.285988,0.33,1,447990,447556,434
108872001,47.1223,43.435,440,125560,0.265198,0.35,1,448048,447608,440
108874921,17.4245,22.287,433,125560,0.19704,0.18,1,448058,447625,433
108877841,18.6849,15.6574,438,125560,0.255408,0.15,1,448077,447639,438
108880721,6.93698,6.33148,438,125560,0.299082,0.32,1,448081,447643,438
108883641,7.7874,9.2663,436,125560,0.315816,0.28,1,448089,447653,436
108886561,4.75748,9.05326,431,125560,0.359163,0.37,1,448093,447662,431
108889481,19.3515,14.6107,438,125560,0.391833,0.33,1,448116,447678,438
108892401,14.2703,4.52213,449,125560,0.382367,0.31,1,448129,447680,449
108895321,10.0541,12.9044,443,125560,0.404473,0.28,1,448138,447695,443
108898241,17.2108,9.78089,453,125560,0.328895,0.28,1,448157,447704,453
108901161,5.04216,16.3562,437,125560,0.289779,0.32,1,448159,447722,437
108904081,12.2084,14.4712,437,125560,0.337956,0.34,1,448173,447736,437
108907001,4.04169,4.49425,437,125560,0.347591,0.34,1,448175,447738,437
108909221,15.2083,0.898849,455,125560,0.397518,0.33,1,448193,447738,455
108912141,29.4417,42.5798,435,125560,0.415504,0.29,1,448226,447791,435
108915041,10.6883,12.516,436,125560,0.411101,0.04,1,448232,447796,436
108917961,18.9377,21.7032,433,125560,0.26622,0.17,1,448253,447820,433
108920881,6.98753,5.94064,435,125560,0.365244,0.25,1,448257,447822,435
108923801,21.3975,24.3881,431,125560,0.337049,0.2,1,448282,447851,431
108926481,13.8795,8.07763,439,125560,0.34741,0.21,1,448294,447855,439
108929401,4.3759,6.41553,435,125560,0.325482,0.24,1,448296,447861,435
108932321,10.4752,9.2831,437,125560,0.241096,0.3,1,448308,447871,437
108935241,12.495,7.45662,443,125560,0.336219,0.21,1,448321,447878,443
108938161,4.09901,7.89132,437,125560,0.363244,0.19,1,448323,447886,437
108940001,1.6198,3.97826,435,125560,0.384649,0.26,1,448324,447889,435
108942921,6.72396,6.39565,436,125560,0.32493,0.26,1,448332,447896,436
108945841,2.94479,1.27913,438,125560,0.392986,0.3,1,448334,447896,438
108948761,28.589,20.2558,448,125560,0.318597,0.16,1,448369,447921,448
108951681,7.31779,13.6512,438,125560,0.303719,0.28,1,448371,447933,438
108954601,4.66356,3.53023,441,125560,0.356744,0.22,1,448375,447934,441
108957521,2.53271,6.30605,436,125560,0.335349,0.28,1,448377,447941,436
108960181,5.30654,2.86121,440,125560,0.37107,0.25,1,448383,447943,440
108963101,5.86131,8.57224,436,125560,0.394214,0.32,1,448389,447953,436
108966021,4.37226,3.31445,438,125560,0.334843,0.32,1,448393,447955,438
108968501,3.27445,0.66289,441,125560,0.346969,0.28,1,448396,447955,441
108971421,4.65489,7.33258,437,125560,0.309394,0.31,1,448401,447964,437
108974341,4.13098,7.06652,434,125560,0.381879,0.31,1,448405,447971,434
108976821,4.0262,1.4133,438,125560,0.396376,0.32,1,448409,447971,438
108979741,2.40524,3.48266,436,125560,0.391275,0.31,1,448411,447975,436
108982021,9.28105,2.29653,445,125560,0.398255,0.29,1,448422,447977,445
108984941,3.45621,10.8593,434,125560,0.367651,0.29,1,448424,447990,434
108987861,2.29124,2.17186,436,125560,0.33753,0.29,1,448426,447990,436
108990781,2.05825,0.434372,438,125560,0.299506,0.29,1,448428,447990,438
108993701,2.01165,0.0868744,440,125560,0.259901,0.26,1,448430,447990,440
108996621,41.2023,46.4174,433,125560,0.29198,0.18,1,448481,448048,433
108999281,20.2405,17.2835,438,125560,0.290396,0.27,1,448496,448058,438
109002201,20.0481,18.6567,439,125560,0.346079,0.31,1,448516,448077,439
109005121,8.80962,6.93134,441,125560,0.245216,0.31,1,448522,448081,441
109006981,6.56192,1.38627,447,125560,0.337043,0.32,1,448528,448081,447
109009901,3.71238,6.67725,442,125560,0.347409,0.37,1,448531,448089,442
109011761,1.54248,4.53545,439,125560,0.333482,0.4,1,448532,448093,439
109014681,21.1085,19.3071,442,125560,0.274696,0.38,1,448558,448116,442
109017601,13.8217,14.2614,441,125560,0.366939,0.41,1,448570,448129,441
109020081,4.36434,10.0523,434,125560,0.385388,0.31,1,448572,448138,434
109023001,20.0729,17.2105,439,125560,0.365078,0.28,1,448596,448157,439
109025921,5.61457,5.04209,439,125560,0.385016,0.28,1,448598,448159,439
109027781,13.9229,1.00842,455,125560,0.373003,0.35,1,448614,448159,455
109030701,5.18458,11.4017,444,125560,0.426601,0.35,1,448617,448173,444
109032981,10.6369,3.88034,454,125560,0.39732,0.41,1,448629,448175,454
109035901,33.3274,15.1761,475,125560,0.343464,0.42,1,448668,448193,475
109038821,11.4655,29.4352,448,125560,0.348693,0.41,1,448674,448226,448
109041301,19.0931,10.687,463,125560,0.325739,0.23,1,448695,448232,463
109044221,5.41862,18.9374,444,125560,0.409148,0.39,1,448697,448253,444
109046081,1.88372,6.98748,441,125560,0.41783,0.33,1,448698,448257,441
109049001,19.5767,21.3975,440,125560,0.427566,0.35,1,448722,448282,440
109051281,8.71535,13.8795,434,125560,0.365513,0.35,1,448728,448294,434
109054201,4.94307,5.9759,434,125560,0.433103,0.22,1,448732,448298,434
109057121,12.9886,9.19518,439,125560,0.382621,0.36,1,448747,448308,439
109060041,10.5977,12.239,436,125560,0.268524,0.37,1,448757,448321,436
109062721,4.51954,4.04781,437,125560,0.381705,0.29,1,448760,448323,437
109065641,6.50391,5.60956,438,125560,0.364341,0.31,1,448767,448329,438
109068561,3.70078,3.52191,438,125560,0.336868,0.41,1,448770,448332,438
109071041,3.14016,2.30438,439,125560,0.395374,0.3,1,448773,448334,439
109073961,27.028,28.4609,437,125560,0.359075,0.3,1,448806,448369,437
109076241,8.60561,7.29217,439,125560,0.327815,0.37,1,448810,448371,439
109079161,8.12112,4.65843,443,125560,0.369563,0.33,1,448818,448375,443
109082081,3.22422,2.53169,443,125560,0.345913,0.33,1,448820,448377,443
109083941,2.24484,0.506337,445,125560,0.341183,0.43,1,448822,448377,445
109086861,2.84897,6.50127,440,125560,0.348237,0.4,1,448825,448385,440
109089781,2.96979,4.50025,439,125560,0.333647,0.32,1,448828,448389,439
109092261,6.99396,4.10005,443,125560,0.314729,0.35,1,448836,448393,443
109095181,6.19879,3.22001,446,125560,0.350946,0.3,1,448842,448396,446
109098101,2.83976,4.644,443,125560,0.334189,0.4,1,448844,448401,443
109101021,5.36795,4.1288,445,125560,0.378838,0.4,1,448850,448405,445
109103701,2.67359,4.02576,443,125560,0.387768,0.39,1,448852,448409,443
109106621,7.73472,2.40515,450,125560,0.341554,0.36,1,448861,448411,450
109109541,3.14694,10.881,439,125560,0.324311,0.33,1,448863,448424,439
109112021,3.82939,3.77621,441,125560,0.288862,0.36,1,448867,448426,441
109114941,2.36588,7.15524,435,125560,0.313772,0.36,1,448869,448434,435
109117861,2.07318,1.43105,437,125560,0.294754,0.3,1,448871,448434,437
109120781,39.6146,37.8862,439,125560,0.402951,0.29,1,448920,448481,439
109123701,21.5229,19.5772,441,125560,0.37659,0.36,1,448937,448496,441
109126621,19.5046,19.9154,440,125560,0.403318,0.22,1,448956,448516,440
109129541,7.10092,8.78309,438,125560,0.352664,0.22,1,448960,448522,438
109131781,6.22018,1.75662,444,125560,0.366533,0.35,1,448966,448522,444
109134701,6.04404,7.55132,441,125560,0.385307,0.33,1,448972,448531,441
109136981,6.80881,2.31026,447,125560,0.413061,0.26,1,448979,448532,447
109139901,18.1618,21.2621,442,125560,0.410612,0.39,1,449000,448558,442
109142821,11.6324,13.8524,440,125560,0.450122,0.39,1,449010,448570,440
109144881,3.92647,4.37048,440,125560,0.466025,0.36,1,449012,448572,440
109147801,19.1853,20.0741,439,125560,0.349205,0.39,1,449035,448596,439
109150721,5.43706,5.61482,439,125560,0.293841,0.39,1,449037,448598,439
109152581,13.8874,1.12296,455,125560,0.386768,0.44,1,449053,448598,455
109155501,5.97748,15.4246,440,125560,0.389354,0.39,1,449057,448617,440
109158421,13.1955,12.6849,443,125560,0.397871,0.33,1,449072,448629,443
109161341,35.4391,33.737,445,125560,0.335574,0.35,1,449113,448668,445
109163601,11.8878,11.5474,445,125560,0.283115,0.32,1,449119,448674,445
109166521,16.7776,19.1095,442,125560,0.360623,0.43,1,449137,448695,442
109169441,4.95551,5.4219,442,125560,0.344125,0.42,1,449139,448697,442
109171301,3.3911,1.88438,444,125560,0.444825,0.43,1,449142,448698,444
109174221,20.6782,19.5769,445,125560,0.320965,0.35,1,449167,448722,445
109177141,8.93564,8.71538,445,125560,0.344193,0.45,1,449173,448728,445
109180061,8.98713,4.94307,450,125560,0.284839,0.37,1,449182,448732,450
109182981,12.9974,12.9886,449,125560,0.248968,0.24,1,449196,448747,449
109185861,4.19948,10.5977,441,125560,0.217794,0.41,1,449198,448757,441
109188781,5.6399,4.51954,444,125560,0.347559,0.36,1,449204,448760,444
109191701,7.52798,6.50391,445,125560,0.309512,0.33,1,449212,448767,445
109193761,3.1056,3.70078,444,125560,0.261902,0.46,1,449214,448770,444
109196681,26.2211,7.14016,468,125560,0.35638,0.35,1,449246,448778,468
109199601,6.84422,23.828,442,125560,0.375276,0.32,1,449248,448806,442
109202521,7.76884,7.96561,446,125560,0.251055,0.38,1,449256,448810,446
109205441,3.15377,7.99312,440,125560,0.346211,0.34,1,449258,448818,440
109207281,1.43075,3.19862,439,125560,0.389242,0.35,1,449259,448820,439
109210201,6.68615,7.83973,438,125560,0.413848,0.35,1,449267,448829,438
109213121,2.93723,1.56794,440,125560,0.41877,0.35,1,449269,448829,440
109216041,2.18745,0.313589,442,125560,0.387754,0.31,1,449271,448829,442
109218961,10.0375,5.66272,447,125560,0.397551,0.36,1,449283,448836,447
109221881,3.6075,5.93254,443,125560,0.35951,0.33,1,449285,448842,443
109224341,7.1215,2.78651,449,125560,0.287902,0.35,1,449293,448844,449
109227261,3.0243,11.7573,437,125560,0.35358,0.35,1,449295,448858,437
109230181,2.20486,2.35146,439,125560,0.334716,0.33,1,449297,448858,439
109233101,2.04097,2.87029,438,125560,0.362943,0.32,1,449299,448861,438
109235781,8.40819,2.17406,446,125560,0.360589,0.34,1,449309,448863,446
109238701,3.28164,4.43481,443,125560,0.328118,0.32,1,449311,448868,443
109241621,2.25633,1.68696,444,125560,0.321624,0.29,1,449313,448869,444
109244101,39.6513,1.93739,491,125560,0.256325,0.43,1,449362,448871,491
109247021,22.3303,39.5875,460,125560,0.339265,0.37,1,449380,448920,460
109249941,18.0661,21.5175,460,125560,0.323853,0.41,1,449397,448937,460
109252861,7.61321,19.5035,446,125560,0.280771,0.34,1,449402,448956,446
109255541,5.52264,7.1007,447,125560,0.192154,0.37,1,449407,448960,447
109258461,6.70453,6.22014,448,125560,0.310431,0.39,1,449414,448966,448
109261381,6.14091,6.04403,448,125560,0.310086,0.42,1,449420,448972,448
109263861,20.4282,6.80881,465,125560,0.270017,0.41,1,449444,448979,465
109266781,10.4856,18.1618,452,125560,0.278003,0.46,1,449452,449000,452
109269061,8.49713,11.6324,450,125560,0.327601,0.32,1,449460,449010,450
109271981,13.6994,22.3265,440,125560,0.35352,0.28,1,449475,449035,440
109274901,5.93988,6.06529,442,125560,0.310704,0.28,1,449479,449037,442
109277381,13.988,1.21306,458,125560,0.310141,0.39,1,449495,449037,458
109280301,6.7976,16.2426,443,125560,0.326028,0.4,1,449500,449057,443
109283221,14.1595,15.2485,444,125560,0.305206,0.32,1,449516,449072,444
109286141,34.8319,35.8497,443,125560,0.261041,0.27,1,449556,449113,443
109289061,12.5664,11.9699,444,125560,0.276208,0.38,1,449563,449119,444
109291981,15.3133,16.794,442,125560,0.295242,0.34,1,449579,449137,442
109294641,4.66266,4.9588,442,125560,0.267048,0.46,1,449581,449139,442
109297561,17.7325,4.19176,459,125560,0.28541,0.29,1,449602,449143,459
109300481,8.34651,20.0384,441,125560,0.241082,0.35,1,449608,449167,441
109303381,8.8693,8.80767,444,125560,0.312216,0.27,1,449617,449173,444
109306301,15.3739,8.96153,452,125560,0.334443,0.24,1,449634,449182,452
109309221,4.67477,12.9923,440,125560,0.306889,0.21,1,449636,449196,440
109311701,3.33495,4.19846,441,125560,0.237378,0.38,1,449639,449198,441
109314621,6.26699,5.63969,442,125560,0.295476,0.3,1,449646,449204,442
109316481,2.0534,7.52794,435,125560,0.315095,0.37,1,449647,449212,435
109319401,26.0107,3.90559,464,125560,0.279019,0.38,1,449679,449215,464
109322321,11.6021,25.5811,441,125560,0.319804,0.38,1,449687,449246,441
109324801,3.92043,6.71622,441,125560,0.327961,0.22,1,449689,449248,441
109327721,7.18409,7.74324,441,125560,0.241592,0.37,1,449697,449256,441
109330001,3.03682,3.14865,441,125560,0.224318,0.42,1,449699,449258,441
109332921,3.80736,7.82973,436,125560,0.292864,0.42,1,449703,449267,436
109335841,3.16147,1.56595,439,125560,0.290573,0.42,1,449706,449267,439
109338321,3.03229,1.91319,440,125560,0.274115,0.38,1,449709,449269,440
109341241,3.80646,1.98264,442,125560,0.278823,0.4,1,449713,449271,442
109343521,6.36129,9.99653,437,125560,0.303765,0.34,1,449720,449283,437
109346441,6.87226,5.19931,440,125560,0.316753,0.27,1,449727,449287,440
109349361,6.17445,5.83986,440,125560,0.303351,0.37,1,449733,449293,440
109352281,2.83489,2.76797,440,125560,0.26867,0.33,1,449735,449295,440
109354341,5.36698,2.15359,444,125560,0.229734,0.37,1,449741,449297,444
109357261,2.6734,6.03072,439,125560,0.301947,0.36,1,449743,449304,439
109360181,3.73468,5.20614,438,125560,0.308389,0.32,1,449747,449309,438
109363101,5.54694,2.64123,442,125560,0.293678,0.32,1,449753,449311,442
109364741,7.50939,0.528246,450,125560,0.234736,0.41,1,449761,449311,450
109367661,28.7019,8.90565,473,125560,0.158947,0.24,1,449795,449322,473
109370581,24.1404,33.7811,456,125560,0.223789,0.36,1,449818,449362,456
109373501,12.8281,21.1562,448,125560,0.188758,0.32,1,449828,449380,448
109376421,12.9656,17.8312,444,125560,0.293752,0.27,1,449841,449397,444
109379301,7.39312,7.56625,445,125560,0.25875,0.2,1,449847,449402,445
109382221,4.67862,7.91325,441,125560,0.18775,0.34,1,449851,449410,441
109385141,2.53572,4.78265,439,125560,0.30155,0.31,1,449853,449414,439
109387621,22.1071,5.75653,460,125560,0.22831,0.26,1,449880,449420,460
109390541,12.4214,20.3513,446,125560,0.221662,0.28,1,449890,449444,446
109393461,5.68429,10.4703,442,125560,0.340332,0.36,1,449894,449452,442
109396381,10.7369,20.4941,431,125560,0.364066,0.3,1,449906,449475,431
109399301,9.34737,7.29881,436,125560,0.384813,0.3,1,449915,449479,436
109401141,13.0695,1.45976,450,125560,0.404963,0.31,1,449929,449479,450
109404061,8.21389,13.092,441,125560,0.392993,0.33,1,449936,449495,441
109406981,13.6428,6.61839,451,125560,0.318599,0.3,1,449951,449500,451
109409901,34.7286,14.1237,475,125560,0.31972,0.25,1,449991,449516,475
109412821,13.3457,34.8247,443,125560,0.231944,0.28,1,449999,449556,443
109415701,15.4691,12.5649,452,125560,0.302389,0.3,1,450015,449563,452
109418621,4.69383,15.313,438,125560,0.284478,0.26,1,450017,449579,438
109420901,12.1388,4.6626,450,125560,0.336896,0.29,1,450031,449581,450
109423821,13.6278,17.7325,443,125560,0.331379,0.23,1,450045,449602,443
109425681,3.52555,8.3465,438,125560,0.306276,0.33,1,450046,449608,438
109428601,3.90511,8.8693,433,125560,0.285255,0.34,1,450050,449617,433
109431521,16.781,15.3739,436,125560,0.329051,0.3,1,450070,449634,436
109434001,4.9562,4.67477,436,125560,0.32181,0.33,1,450072,449636,436
109436921,5.79124,8.13495,433,125560,0.232362,0.31,1,450078,449645,433
109439841,2.75825,2.42699,434,125560,0.318472,0.32,1,450080,449646,434
109442761,29.3517,1.2854,469,125560,0.327694,0.27,1,450116,449647,469
109445681,7.47033,25.8571,439,125560,0.297539,0.33,1,450118,449679,439
109448601,3.09407,11.5714,433,125560,0.251508,0.33,1,450120,449687,433
109451061,9.41881,3.91428,442,125560,0.314302,0.22,1,450131,449689,442
109453981,3.48376,7.18286,436,125560,0.29486,0.22,1,450133,449697,436
109455841,3.09675,3.03657,437,125560,0.274972,0.29,1,450136,449699,437
109458761,5.41935,7.80731,434,125560,0.358994,0.29,1,450142,449708,434
109461681,2.68387,1.56146,436,125560,0.375799,0.27,1,450144,449708,436
109464601,2.13677,1.11229,437,125560,0.35516,0.28,1,450146,449709,437
109466241,1.22735,3.42246,434,125560,0.383032,0.31,1,450147,449713,434
109469161,9.84547,6.28449,439,125560,0.332606,0.32,1,450159,449720,439
109471441,3.56909,6.8569,434,125560,0.322521,0.3,1,450161,449727,434
109474361,8.71382,6.17138,438,125560,0.264504,0.26,1,450171,449733,438
109476641,3.34276,2.83428,438,125560,0.260901,0.34,1,450173,449735,438
109479561,3.86855,6.16686,435,125560,0.33218,0.32,1,450177,449742,435
109482481,2.37371,2.03337,436,125560,0.306436,0.31,1,450179,449743,436
109484961,2.87474,3.60667,435,125560,0.285287,0.29,1,450182,449747,435
109487881,2.97495,5.52133,432,125560,0.337057,0.22,1,450185,449753,432
109490801,37.395,7.50427,470,125560,0.235411,0.14,1,450231,449761,470
109493721,22.679,28.7009,455,125560,0.215082,0.24,1,450250,449795,455
109496641,14.9358,24.1402,445,125560,0.187016,0.18,1,450263,449818,445
109499561,9.38716,12.828,443,125560,0.213403,0.32,1,450271,449828,443
109502481,13.0774,12.9656,444,125560,0.242681,0.25,1,450285,449841,444
109505141,5.81549,7.39312,442,125560,0.176536,0.17,1,450289,449847,442
109508061,2.7631,4.67862,440,125560,0.243307,0.33,1,450291,449851,440
109509921,1.35262,2.53572,439,125560,0.272661,0.21,1,450292,449853,439
109512841,17.8705,22.1071,434,125560,0.286532,0.22,1,450314,449880,434
109515761,16.3741,12.4214,440,125560,0.201306,0.37,1,450330,449890,440
109518241,6.47482,5.68429,440,125560,0.152261,0.37,1,450334,449894,440
109521161,11.695,10.7369,441,125560,0.270452,0.39,1,450347,449906,441
109524081,9.53899,9.34737,441,125560,0.31009,0.41,1,450356,449915,441
109527001,15.5078,13.0695,444,125560,0.398018,0.39,1,450373,449929,444
109529921,13.5016,8.21389,450,125560,0.383604,0.3,1,450386,449936,450
109532841,39.5003,13.6428,481,125560,0.236721,0.32,1,450432,449951,481
109535761,12.7001,34.7286,447,125560,0.151344,0.21,1,450438,449991,447
109538681,12.94,13.3457,452,125560,0.246269,0.32,1,450451,449999,452
109541601,6.588,15.4691,441,125560,0.233254,0.28,1,450456,450015,441
109543201,2.1176,4.69383,440,125560,0.214651,0.35,1,450457,450017,440
109546121,11.6235,12.1388,440,125560,0.26693,0.33,1,450471,450031,440
109549041,10.3247,13.6278,436,125560,0.285386,0.3,1,450481,450045,436
109551521,3.66494,3.52555,437,125560,0.289077,0.34,1,450483,450046,437
109554441,19.133,11.9051,446,125560,0.305815,0.34,1,450506,450060,446
109557361,5.4266,10.381,438,125560,0.285163,0.32,1,450508,450070,438
109560261,2.68532,3.6762,438,125560,0.305033,0.21,1,450510,450072,438
109563181,2.93706,5.53524,435,125560,0.253007,0.34,1,450513,450078,435
109565041,2.18741,2.70705,435,125560,0.210601,0.33,1,450515,450080,435
109567961,33.2375,29.3414,440,125560,0.33812,0.29,1,450556,450116,440
109570241,8.2475,7.46828,440,125560,0.331624,0.38,1,450558,450118,440
109573161,3.2495,7.09366,435,125560,0.330325,0.33,1,450560,450125,435
109576081,9.4499,6.21873,440,125560,0.330065,0.29,1,450571,450131,440
109579001,3.48998,2.84375,440,125560,0.306013,0.27,1,450573,450133,440
109581921,5.498,2.96875,443,125560,0.325203,0.38,1,450579,450136,443
109584801,2.6996,5.39375,439,125560,0.297041,0.39,1,450581,450142,439
109587721,2.13992,5.07875,436,125560,0.315408,0.39,1,450583,450147,436
109590641,2.02798,1.01575,438,125560,0.319082,0.32,1,450585,450147,438
109593561,6.8056,9.80315,434,125560,0.263816,0.32,1,450593,450159,434
109596481,2.96112,3.56063,434,125560,0.292763,0.25,1,450595,450161,434
109599401,9.39222,8.71213,435,125560,0.354553,0.26,1,450606,450171,435
109602321,8.27844,3.34243,441,125560,0.278911,0.35,1,450614,450173,441
109603941,2.45569,3.86849,438,125560,0.287782,0.28,1,450615,450177,438
109606861,2.09114,3.1737,437,125560,0.297556,0.28,1,450617,450180,437
109609781,2.01823,2.23474,437,125560,0.355511,0.35,1,450619,450182,437
109612701,2.00365,2.84695,436,125560,0.335102,0.35,1,450621,450185,436
109614341,31.6007,0.56939,475,125560,0.35502,0.21,1,450660,450185,475
109617261,23.9201,36.9139,451,125560,0.375004,0.21,1,450682,450231,451
109620181,15.184,22.5828,445,125560,0.291001,0.18,1,450695,450250,445
109623101,11.0368,14.9166,442,125560,0.3062,0.22,1,450705,450263,442
109626021,12.6074,9.38331,447,125560,0.35724,0.25,1,450718,450271,447
109628941,5.72147,13.0767,437,125560,0.303448,0.16,1,450722,450285,437
109630561,1.94429,5.81533,434,125560,0.35669,0.3,1,450723,450289,434
109633481,6.78886,7.56307,434,125560,0.335338,0.3,1,450731,450297,434
109636401,10.9578,1.51261,446,125560,0.363068,0.29,1,450743,450297,446
109639321,22.1916,13.9025,454,125560,0.296614,0.18,1,450768,450314,454
109642241,7.63831,15.5805,442,125560,0.331323,0.14,1,450772,450330,442
109644501,12.7277,6.3161,452,125560,0.330265,0.3,1,450786,450334,452
109647421,4.94553,11.6632,442,125560,0.370053,0.32,1,450789,450347,442
109649281,2.58911,9.53264,435,125560,0.386011,0.42,1,450791,450356,435
109652201,18.1178,15.5065,440,125560,0.397202,0.38,1,450813,450373,440
109655121,11.6236,13.5013,437,125560,0.29544,0.2,1,450823,450386,437
109658041,38.3247,39.5003,436,125560,0.211088,0.13,1,450868,450432,436
109660721,12.4649,12.7001,436,125560,0.202218,0.27,1,450874,450438,436
109663641,12.093,12.94,435,125560,0.344444,0.23,1,450886,450451,435
109665921,4.0186,6.588,432,125560,0.372889,0.24,1,450888,450456,432
109668841,16.0037,3.7176,448,125560,0.346578,0.28,1,450907,450459,448
109671761,11.2007,10.3435,446,125560,0.317316,0.29,1,450917,450471,446
109674681,3.84015,10.0687,438,125560,0.311463,0.29,1,450919,450481,438
109676321,1.56803,3.61374,437,125560,0.294293,0.31,1,450920,450483,437
109679241,14.7136,19.1227,432,125560,0.314859,0.28,1,450938,450506,432
109682161,6.14272,5.42455,434,125560,0.278972,0.28,1,450942,450508,434
109684021,6.02854,1.08491,440,125560,0.319794,0.24,1,450948,450508,440
109686941,2.80571,4.21698,437,125560,0.327959,0.24,1,450950,450513,437
109689861,2.16114,0.843396,439,125560,0.297592,0.37,1,450952,450513,439
109692781,33.2322,34.5687,437,125560,0.323518,0.33,1,450993,450556,437
109695701,9.84645,8.51374,439,125560,0.360704,0.33,1,450997,450558,439
109697541,9.16929,3.30275,446,125560,0.312141,0.33,1,451006,450560,446
109700461,3.43386,9.46055,437,125560,0.318428,0.3,1,451008,450571,437
109703361,2.28677,3.49211,437,125560,0.319686,0.34,1,451010,450573,437
109706281,3.65735,7.89842,432,125560,0.319937,0.34,1,451014,450582,432
109709201,2.33147,1.57968,434,125560,0.287987,0.32,1,451016,450582,434
109712121,3.66629,1.11594,437,125560,0.265597,0.32,1,451020,450583,437
109715041,3.13326,1.82319,438,125560,0.261119,0.32,1,451023,450585,438
109717301,8.62665,0.364637,448,125560,0.332224,0.25,1,451033,450585,448
109720221,3.32533,6.47293,442,125560,0.354445,0.3,1,451035,450593,442
109723141,5.46507,2.89459,446,125560,0.326889,0.37,1,451041,450595,446
109726061,9.09301,9.37892,445,125560,0.369378,0.26,1,451051,450606,445
109728741,3.4186,8.27578,439,125560,0.377876,0.3,1,451053,450614,439
109731661,2.28372,4.05516,438,125560,0.347575,0.37,1,451055,450617,438
109734561,2.05674,2.41103,438,125560,0.365515,0.35,1,451057,450619,438
109737481,2.01135,2.88221,437,125560,0.337103,0.36,1,451059,450622,437
109740401,47.6023,30.9764,458,125560,0.259421,0.38,1,451118,450660,458
109743321,20.7205,23.7953,450,125560,0.299884,0.27,1,451132,450682,450
109746241,12.1441,15.1591,447,125560,0.339977,0.31,1,451142,450695,447
109749161,13.6288,11.0318,451,125560,0.315995,0.37,1,451156,450705,451
109752081,6.72576,12.6064,443,125560,0.335199,0.29,1,451161,450718,443
109754741,5.34515,5.72127,444,125560,0.33104,0.33,1,451166,450722,444
109757661,4.26903,8.34425,439,125560,0.370208,0.37,1,451170,450731,439
109760581,12.0538,11.2689,441,125560,0.354042,0.28,1,451184,450743,441
109763501,20.0108,22.2538,438,125560,0.302808,0.34,1,451206,450768,438
109766421,8.80215,7.65075,440,125560,0.372562,0.34,1,451212,450772,440
109768261,8.96043,1.53015,449,125560,0.322512,0.33,1,451221,450772,449
109771181,3.39209,11.506,437,125560,0.304502,0.38,1,451223,450786,437
109773041,1.47842,4.70121,435,125560,0.2849,0.33,1,451224,450789,435
109775961,19.4957,6.54024,452,125560,0.32098,0.4,1,451248,450796,452
109778881,15.8991,14.908,450,125560,0.384196,0.27,1,451263,450813,450
109781801,39.1798,10.9816,485,125560,0.252839,0.19,1,451308,450823,485
109784721,12.636,38.1963,446,125560,0.282568,0.2,1,451314,450868,446
109787641,12.1272,12.4393,452,125560,0.352514,0.38,1,451326,450874,452
109790561,4.02544,12.0879,442,125560,0.406503,0.34,1,451328,450886,442
109793481,13.6051,19.2176,437,125560,0.393301,0.31,1,451344,450907,437
109796401,10.721,11.8435,437,125560,0.38266,0.31,1,451354,450917,437
109799041,3.7442,3.9687,437,125560,0.404532,0.34,1,451356,450919,437
109801961,15.9488,7.19374,448,125560,0.304906,0.32,1,451375,450927,448
109804881,5.58977,10.2387,440,125560,0.268981,0.27,1,451378,450938,440
109807361,3.51795,5.24775,439,125560,0.333796,0.29,1,451381,450942,439
109810281,5.50359,9.04955,435,125560,0.290759,0.29,1,451387,450952,435
109813201,2.70072,1.80991,437,125560,0.410152,0.29,1,451389,450952,437
109816121,34.1401,0.361982,479,125560,0.41003,0.33,1,451431,450952,479
109819041,8.42803,32.8724,440,125560,0.410006,0.37,1,451433,450993,440
109820881,2.48561,9.77448,437,125560,0.386001,0.3,1,451434,450997,437
109823801,6.89712,9.1549,436,125560,0.4132,0.32,1,451442,451006,436
109826081,2.97942,3.43098,436,125560,0.41064,0.28,1,451444,451008,436
109829001,8.59588,7.0862,438,125560,0.370128,0.28,1,451454,451016,438
109831921,3.31918,1.41724,440,125560,0.362026,0.28,1,451456,451016,440
109834841,2.26384,0.283448,442,125560,0.360405,0.26,1,451458,451016,442
109836481,1.25277,3.25669,439,125560,0.344081,0.26,1,451459,451020,439
109839401,3.45055,3.05134,440,125560,0.324816,0.35,1,451463,451023,440
109842321,5.49011,8.61027,436,125560,0.448963,0.35,1,451469,451033,436
109844181,1.89802,1.72205,437,125560,0.465793,0.36,1,451470,451033,437
109847101,9.1796,1.94441,446,125560,0.461159,0.32,1,451481,451035,446
109849381,8.23592,5.18888,448,125560,0.372232,0.38,1,451489,451041,448
109852301,3.24718,9.03778,440,125560,0.346446,0.38,1,451491,451051,440
109854161,1.44944,3.40756,439,125560,0.325289,0.37,1,451492,451053,439
109857081,1.88989,3.88151,437,125560,0.377058,0.37,1,451494,451057,437
109860001,1.97798,0.776302,439,125560,0.395412,0.33,1,451496,451057,439
109862481,1.9956,1.75526,439,125560,0.375082,0.24,1,451498,451059,439
109865401,45.1991,47.5511,436,125560,0.291016,0.31,1,451554,451118,436
109868321,24.2398,20.7102,441,125560,0.322203,0.35,1,451573,451132,441
109871241,12.048,12.142,440,125560,0.232441,0.31,1,451582,451142,440
109874161,12.8096,13.6284,439,125560,0.326488,0.34,1,451595,451156,439
109877041,8.16192,6.72568,441,125560,0.321298,0.4,1,451602,451161,441
109879961,8.03238,7.74514,441,125560,0.36026,0.38,1,451610,451169,441
109882881,3.20648,2.34903,442,125560,0.328052,0.35,1,451612,451170,442
109885801,11.8413,11.6698,442,125560,0.33761,0.29,1,451626,451184,442
109888721,18.3683,19.934,440,125560,0.315522,0.39,1,451646,451206,440
109891601,6.87365,8.78679,438,125560,0.247104,0.31,1,451650,451212,438
109894521,11.7747,8.95736,442,125560,0.321421,0.3,1,451663,451221,442
109896801,3.95495,3.39147,442,125560,0.336284,0.42,1,451665,451223,442
109899721,20.791,6.27829,460,125560,0.299257,0.33,1,451690,451230,460
109902641,13.7582,15.6557,454,125560,0.355851,0.4,1,451702,451248,454
109905561,38.7516,15.1311,484,125560,0.25517,0.22,1,451747,451263,484
109908481,12.5503,39.0262,445,125560,0.251034,0.29,1,451753,451308,445
109911401,11.3101,12.6052,450,125560,0.402207,0.37,1,451764,451314,450
109914321,3.86201,12.121,440,125560,0.400441,0.42,1,451766,451326,440
109916981,15.9724,4.02421,457,125560,0.344088,0.39,1,451785,451328,457
109919901,12.7945,13.6048,453,125560,0.388818,0.38,1,451797,451344,453
109922821,4.1589,10.721,445,125560,0.365764,0.41,1,451799,451354,445
109925301,10.4318,3.74419,455,125560,0.337153,0.28,1,451811,451356,455
109928221,4.48636,15.9488,439,125560,0.323431,0.26,1,451814,451375,439
109930081,2.49727,5.58977,438,125560,0.344686,0.31,1,451816,451378,438
109933001,6.09945,5.11795,440,125560,0.332937,0.28,1,451823,451383,440
109935921,6.01989,4.22359,442,125560,0.338587,0.44,1,451829,451387,442
109938401,3.60398,2.44472,443,125560,0.315717,0.41,1,451832,451389,443
109941321,33.5208,34.0889,442,125560,0.359143,0.41,1,451873,451431,442
109943601,8.30416,8.41779,442,125560,0.367829,0.44,1,451875,451433,442
109946521,7.26083,6.48356,443,125560,0.337566,0.42,1,451882,451439,443
109949441,3.05217,3.69671,442,125560,0.387513,0.41,1,451884,451442,442
109952361,11.0104,2.33934,453,125560,0.365503,0.36,1,451897,451444,453
109955281,3.80209,8.46787,445,125560,0.361101,0.36,1,451899,451454,445
109957121,1.56042,3.29357,444,125560,0.34422,0.36,1,451900,451456,444
109960041,1.91208,2.25871,444,125560,0.308844,0.34,1,451902,451458,444
109962321,3.58242,1.25174,447,125560,0.357769,0.48,1,451906,451459,447
109965241,5.51648,8.25035,443,125560,0.327554,0.48,1,451912,451469,443
109968161,2.7033,1.65007,445,125560,0.353511,0.47,1,451914,451469,445
109971061,10.1407,1.13001,456,125560,0.414702,0.38,1,451926,451470,456
109973981,5.22813,12.226,445,125560,0.43494,0.34,1,451930,451485,445
109976901,2.64563,7.2452,441,125560,0.406988,0.32,1,451932,451491,441
109979381,2.92913,2.24904,443,125560,0.369398,0.39,1,451935,451492,443
109982301,3.78583,4.44981,442,125560,0.44188,0.39,1,451939,451497,442
109985221,3.15717,0.889962,445,125560,0.432376,0.37,1,451942,451497,445
109988141,43.0314,0.977992,497,125560,0.358475,0.27,1,451995,451498,497
109991061,22.2063,44.9956,458,125560,0.391695,0.33,1,452012,451554,458
109993981,10.8413,24.1991,447,125560,0.382339,0.21,1,452020,451573,447
109995601,2.96825,12.0398,439,125560,0.356468,0.35,1,452021,451582,439
109998521,8.59365,12.808,436,125560,0.399294,0.32,1,452031,451595,436
110001441,8.91873,8.16159,438,125560,0.359859,0.37,1,452040,451602,438
110004361,8.98375,8.03232,439,125560,0.351972,0.37,1,452049,451610,439
110006421,3.39675,1.60646,441,125560,0.446394,0.32,1,452051,451610,441
110009341,10.2794,1.92129,451,125560,0.441279,0.34,1,452063,451612,451
110012261,20.4559,11.5843,460,125560,0.392256,0.31,1,452086,451626,460
110015181,6.49117,18.3169,443,125560,0.374451,0.23,1,452089,451646,443
110017861,11.6982,6.86337,452,125560,0.42689,0.34,1,452102,451650,452
110020781,3.93965,11.7727,441,125560,0.429378,0.34,1,452104,451663,441
110023701,22.3879,3.95453,466,125560,0.373876,0.29,1,452131,451665,466
110026621,14.0776,20.7909,453,125560,0.426775,0.37,1,452143,451690,453
110029541,32.4155,13.7582,478,125560,0.309355,0.23,1,452180,451702,478
110032461,18.4831,38.7516,448,125560,0.381871,0.25,1,452195,451747,448
110035381,13.2966,12.5503,454,125560,0.460374,0.44,1,452207,451753,454
110038301,4.25932,11.3101,445,125560,0.476075,0.4,1,452209,451764,445
110040741,12.8519,3.86201,458,125560,0.415215,0.33,1,452224,451766,458
110043661,12.1704,15.9724,451,125560,0.435043,0.4,1,452236,451785,451
110046581,4.03407,12.7945,441,125560,0.399009,0.36,1,452238,451797,441
110049061,7.20681,4.1589,447,125560,0.399802,0.33,1,452246,451799,447
110051981,6.24136,10.4318,441,125560,0.45596,0.32,1,452252,451811,441
110053841,2.04827,4.48636,439,125560,0.451192,0.27,1,452253,451814,439
110056761,5.20965,5.69727,439,125560,0.442238,0.33,1,452259,451820,439
110059681,2.64193,3.53945,438,125560,0.408448,0.34,1,452261,451823,438
110062581,9.32839,5.50789,443,125560,0.36169,0.37,1,452272,451829,443
110065501,34.6657,36.3016,440,125560,0.360338,0.37,1,452313,451873,440
110068421,10.1331,8.86032,442,125560,0.368068,0.33,1,452317,451875,442
110071341,6.82663,7.37206,441,125560,0.401614,0.4,1,452323,451882,441
110074261,2.96533,3.07441,441,124100,0.408323,0.4,1,452325,451884,441
110076101,9.39307,0.614882,452,124100,0.409665,0.36,1,452336,451884,452
110079021,3.47861,10.523,441,124100,0.417933,0.36,1,452338,451897,441
110081301,6.29572,3.7046,446,124100,0.299587,0.37,1,452345,451899,446
110084221,3.65914,7.94092,440,124100,0.283917,0.37,1,452348,451908,440
110087141,2.33183,1.58818,442,124100,0.336783,0.32,1,452350,451908,442
110090061,3.66637,3.51764,442,124100,0.299357,0.36,1,452354,451912,442
110092981,3.93327,2.30353,444,124100,0.283871,0.36,1,452358,451914,444
110094821,4.78665,0.460705,449,124100,0.400774,0.43,1,452363,451914,449
110097741,8.95733,9.69214,447,124100,0.408155,0.44,1,452373,451926,447
110100021,3.39147,5.13843,445,124100,0.433631,0.48,1,452375,451930,445
110102941,2.27829,7.42769,439,124100,0.406726,0.48,1,452377,451938,439
110105861,2.05566,1.48554,441,124100,0.361345,0.46,1,452379,451938,441
110108781,2.01113,1.09711,442,124100,0.416269,0.43,1,452381,451939,442
110111461,42.8022,2.61942,492,124100,0.379254,0.34,1,452434,451942,492
110114381,22.1604,42.9239,456,124100,0.347851,0.4,1,452451,451995,456
110117301,14.0321,22.1848,451,124100,0.26157,0.38,1,452463,452012,451
110119781,4.40642,10.837,445,124100,0.252314,0.41,1,452465,452020,445
110122701,5.68128,10.9674,440,124100,0.314463,0.35,1,452471,452031,440
110125621,13.1363,9.39348,446,124100,0.326893,0.35,1,452486,452040,446
110128101,7.42725,1.8787,452,124100,0.385378,0.35,1,452492,452040,452
110131021,3.08545,7.57574,445,124100,0.365076,0.47,1,452494,452049,445
110133301,11.8171,3.11515,457,124100,0.385015,0.44,1,452508,452051,457
110136221,18.3634,10.223,465,124100,0.349003,0.38,1,452528,452063,465
110139141,8.47268,20.4446,448,124100,0.357801,0.37,1,452534,452086,448
110141621,11.2945,6.48892,457,124100,0.34356,0.44,1,452546,452089,457
110144541,3.85891,11.6978,446,124100,0.340712,0.43,1,452548,452102,446
110146821,21.5718,3.93956,470,124100,0.364142,0.36,1,452574,452104,470
110149741,13.9144,22.3879,455,124100,0.392828,0.44,1,452586,452131,455
110152661,29.1829,14.0776,476,124100,0.294566,0.28,1,452619,452143,476
110155581,23.4366,32.4155,461,124100,0.322913,0.4,1,452641,452180,461
110158501,11.8873,18.4831,455,124100,0.280583,0.48,1,452650,452195,455
110161421,3.97746,13.2966,445,124100,0.304117,0.48,1,452652,452207,445
110163041,1.59549,4.25932,444,124100,0.292823,0.4,1,452653,452209,444
110165961,10.7191,12.8519,442,124100,0.338565,0.44,1,452666,452224,442
110168881,11.7438,12.1704,442,124100,0.363713,0.39,1,452678,452236,442
110171361,3.94876,4.03407,442,124100,0.336743,0.42,1,452680,452238,442
110174281,10.3898,8.00682,445,124100,0.323348,0.47,1,452692,452247,445
110177201,3.67795,5.60136,442,124100,0.34467,0.45,1,452694,452252,442
110180121,2.33559,1.92027,443,124100,0.348934,0.44,1,452696,452253,443
110183041,2.06712,5.18405,439,124100,0.317787,0.4,1,452698,452259,439
110184881,1.21342,2.63681,438,124100,0.295557,0.35,1,452699,452261,438
110187801,9.84269,9.32736,439,124100,0.267111,0.36,1,452711,452272,439
110190721,37.9685,34.6655,443,124100,0.357422,0.37,1,452756,452313,443
110193201,12.3937,10.1331,445,124100,0.375484,0.41,1,452762,452317,445
110196121,5.67874,6.82662,443,124100,0.355097,0.41,1,452766,452323,443
110199041,6.73575,2.96532,448,124100,0.359019,0.42,1,452773,452325,448
110201961,4.54715,10.9931,439,124100,0.415804,0.27,1,452777,452338,439
110204641,4.10943,7.79861,436,124100,0.395161,0.28,1,452781,452345,436
110207561,5.62189,3.95972,439,124100,0.335032,0.35,1,452787,452348,439
110210481,5.92438,2.39194,443,124100,0.363006,0.29,1,452793,452350,443
110213401,4.38488,3.67839,443,124100,0.392601,0.28,1,452797,452354,443
110216321,2.47698,3.93568,441,124100,0.39852,0.43,1,452799,452358,441
110218161,5.2954,4.78714,442,124100,0.399704,0.41,1,452805,452363,442
110221081,9.85908,8.95743,443,124100,0.455941,0.44,1,452816,452373,443
110224001,3.57182,3.39149,443,124100,0.427188,0.4,1,452818,452375,443
110226901,2.31436,2.2783,443,124100,0.397438,0.35,1,452820,452377,443
110229821,2.06287,2.05566,443,124100,0.359488,0.43,1,452822,452379,443
110232741,2.01257,2.01113,443,124100,0.359897,0.37,1,452824,452381,443
110235661,48.4025,42.8022,450,124100,0.343979,0.34,1,452884,452434,450
110238581,22.4805,22.1604,449,124100,0.420796,0.24,1,452900,452451,449
110241501,6.0961,14.0321,439,124100,0.412159,0.25,1,452902,452463,439
110244421,10.0192,4.40642,448,124100,0.442432,0.33,1,452913,452465,448
110246661,4.40384,5.68128,445,124100,0.400486,0.33,1,452916,452471,445
110249581,8.88077,13.1363,440,124100,0.400097,0.4,1,452926,452486,440
110252501,6.57615,7.42725,440,124100,0.352019,0.36,1,452932,452492,440
110255421,15.7152,3.08545,456,124100,0.334404,0.39,1,452950,452494,456
110258341,13.543,11.8171,455,124100,0.418881,0.34,1,452963,452508,455
110261261,7.50861,18.3634,441,124100,0.387776,0.36,1,452969,452528,441
110264181,14.3017,8.47268,451,124100,0.325555,0.34,1,452985,452534,451
110267101,4.46034,11.2945,441,124100,0.401111,0.34,1,452987,452546,441
110270021,24.0921,3.85891,468,124100,0.432222,0.4,1,453016,452548,468
110272941,12.8184,31.1718,440,124100,0.302444,0.27,1,453026,452586,440
110275861,23.3637,32.6344,433,124100,0.364489,0.33,1,453052,452619,433
110278781,24.6727,24.1269,436,124100,0.312898,0.27,1,453077,452641,436
110281701,14.5345,12.0254,439,124100,0.38258,0.31,1,453089,452650,439
110284621,4.50691,4.00507,439,124100,0.428516,0.29,1,453091,452652,439
110287221,12.9014,1.60101,453,124100,0.397703,0.35,1,453106,452653,453
110290141,9.78028,10.7202,449,124100,0.335541,0.37,1,453115,452666,449
110293061,3.55606,11.744,439,124100,0.371108,0.33,1,453117,452678,439
110295981,7.91121,3.94881,446,124100,0.434222,0.32,1,453126,452680,446
110298901,6.38224,10.3898,440,124100,0.390844,0.35,1,453132,452692,440
110301821,2.87645,3.67795,440,124100,0.350169,0.35,1,453134,452694,440
110303861,3.77529,2.33559,442,124100,0.374034,0.35,1,453138,452696,442
110306781,2.35506,7.66712,435,124100,0.346807,0.35,1,453140,452705,435
110309701,5.27101,1.53342,441,124100,0.341361,0.26,1,453146,452705,441
110312621,41.0542,5.10668,485,124100,0.204272,0.38,1,453196,452711,485
110315541,12.2108,37.0213,445,124100,0.168854,0.38,1,453201,452756,445
110318461,6.44217,12.2043,444,124100,0.273771,0.35,1,453206,452762,444
110321381,6.88843,5.64085,447,124100,0.286754,0.36,1,453213,452766,447
110324301,2.97769,6.72817,442,124100,0.289351,0.43,1,453215,452773,442
110327221,5.39554,4.54563,444,124100,0.24187,0.39,1,453221,452777,444
110330141,7.47911,4.10913,448,124100,0.256374,0.32,1,453229,452781,448
110333061,4.69582,5.62183,446,124100,0.227275,0.37,1,453233,452787,446
110335981,4.13916,5.92437,444,124100,0.261455,0.4,1,453237,452793,444
110337761,1.62783,4.38487,441,124100,0.244291,0.4,1,453238,452797,441
110340681,8.32557,4.07697,447,124100,0.296858,0.4,1,453248,452801,447
110343601,4.86511,4.01539,447,124100,0.275372,0.47,1,453252,452805,447
110346521,2.57302,9.60308,438,124100,0.271074,0.42,1,453254,452816,438
110349201,7.7146,3.52062,445,124100,0.262215,0.36,1,453263,452818,445
110352121,6.34292,8.70412,441,124100,0.244443,0.36,1,453269,452828,441
110355041,2.86858,1.74082,443,124100,0.208889,0.36,1,453271,452828,443
110357961,42.9737,0.348165,496,124100,0.169778,0.34,1,453324,452828,496
110360881,22.9947,44.8696,458,124100,0.233956,0.44,1,453342,452884,458
110363801,6.99895,21.7739,445,124100,0.230791,0.41,1,453345,452900,445
110366721,6.99979,5.95478,450,124100,0.286158,0.45,1,453352,452902,450
110369641,6.19996,9.99096,445,124100,0.257232,0.4,1,453358,452913,445
110372561,10.84,12.3982,444,124100,0.299446,0.34,1,453370,452926,444
110375481,6.968,7.27964,444,124100,0.235889,0.33,1,453376,452932,444
110378401,15.7936,15.8559,444,124100,0.271178,0.44,1,453394,452950,444
110381321,10.3587,13.5712,440,124100,0.262236,0.38,1,453403,452963,440
110384241,7.67174,7.51424,441,124100,0.276447,0.31,1,453410,452969,441
110387161,14.3343,14.3028,441,124100,0.223289,0.42,1,453426,452985,441
110390081,4.46687,4.46057,441,124100,0.172658,0.44,1,453428,452987,441
110393001,19.2934,24.0921,435,124100,0.226532,0.27,1,453451,453016,435
110395921,17.4587,12.8184,442,124100,0.221306,0.38,1,453468,453026,442
110398841,20.2917,23.3637,437,124100,0.252261,0.3,1,453489,453052,437
110401761,28.0583,24.6727,442,124100,0.258452,0.4,1,453519,453077,442
110404681,16.0117,14.5345,443,124100,0.25969,0.44,1,453532,453089,443
110407601,4.80233,4.50691,443,124100,0.267938,0.39,1,453534,453091,443
110410521,10.5605,12.9014,440,124100,0.301588,0.32,1,453546,453106,440
110413441,10.9121,9.78028,442,124100,0.292318,0.38,1,453557,453115,442
110416361,3.78242,3.55606,442,124100,0.258464,0.45,1,453559,453117,442
110419281,6.35648,7.91121,440,124100,0.179693,0.38,1,453566,453126,440
110422201,6.0713,6.38224,440,124100,0.275939,0.34,1,453572,453132,440
110424081,2.01426,2.87645,439,124100,0.279188,0.38,1,453573,453134,439
110427001,2.00285,3.77529,437,124100,0.247838,0.34,1,453575,453138,437
110429921,2.00057,2.35506,437,124100,0.241568,0.34,1,453577,453140,437
110432841,5.20011,5.27101,437,124100,0.256314,0.17,1,453583,453146,437
110435761,40.24,41.0542,436,124100,0.267263,0.16,1,453632,453196,436
110438681,12.048,12.2108,436,124100,0.221453,0.3,1,453637,453201,436
110441601,5.6096,6.44217,435,124100,0.212291,0.29,1,453641,453206,435
110444261,9.12192,6.88843,438,124100,0.234458,0.29,1,453651,453213,438
110447181,3.42438,2.97769,438,124100,0.238892,0.23,1,453653,453215,438
110450101,2.28488,5.39554,434,124100,0.231778,0.26,1,453655,453221,434
110453021,6.85698,7.47911,434,124100,0.238356,0.22,1,453663,453229,434
110455941,2.9714,4.69582,432,124100,0.279671,0.27,1,453665,453233,432
110458861,7.79428,4.13916,437,124100,0.255934,0.24,1,453674,453237,437
110460481,2.35886,1.62783,437,124100,0.235187,0.31,1,453675,453238,437
110463401,5.27177,8.32557,433,124100,0.151037,0.27,1,453681,453248,433
110466321,4.25435,4.86511,433,124100,0.190207,0.27,1,453685,453252,433
110468801,4.05087,2.57302,435,124100,0.270041,0.27,1,453689,453254,435
110471721,4.01017,3.7146,435,124100,0.286008,0.26,1,453693,453258,435
110474641,11.202,4.74292,443,124100,0.241202,0.24,1,453706,453263,443
110477561,3.84041,5.74858,439,124100,0.23224,0.2,1,453708,453269,439
110480481,41.5681,2.74972,488,124100,0.190448,0.16,1,453759,453271,488
110483401,22.7136,42.9499,453,124100,0.24609,0.25,1,453777,453324,453
110486321,6.14272,22.99,437,124100,0.225218,0.23,1,453779,453342,437
110489241,6.02854,6.998,440,124100,0.181044,0.3,1,453785,453345,440
110492161,5.20571,6.9996,438,124100,0.188209,0.25,1,453790,453352,438
110495081,8.24114,6.19992,441,124100,0.245642,0.31,1,453799,453358,441
110498001,7.24823,10.84,436,124100,0.209128,0.22,1,453806,453370,436
110500921,19.0496,6.968,452,124100,0.225826,0.28,1,453828,453376,452
110503841,11.0099,15.7936,443,124100,0.237165,0.26,1,453837,453394,443
110506761,3.80199,10.3587,436,124100,0.247433,0.28,1,453839,453403,436
110509681,17.5604,7.67174,450,124100,0.241487,0.21,1,453860,453410,450
110512601,5.11208,14.3343,436,124100,0.216297,0.16,1,453862,453426,436
110515521,17.8224,4.46687,455,124100,0.323259,0.24,1,453883,453428,455
110518441,18.7645,19.2934,451,124100,0.328652,0.22,1,453902,453451,451
110521361,18.9529,17.4587,453,124100,0.37773,0.26,1,453921,453468,453
110524281,26.9906,20.2917,461,124100,0.243546,0.26,1,453950,453489,461
110527201,15.7981,28.0583,444,124100,0.288709,0.26,1,453963,453519,444
110530121,4.75962,16.0117,433,124100,0.289742,0.27,1,453965,453532,433
110533041,13.7519,4.80233,447,124100,0.289948,0.31,1,453981,453534,447
110535961,5.95038,10.5605,439,124100,0.30599,0.29,1,453985,453546,439
110538881,8.39008,10.9121,437,124100,0.333198,0.25,1,453994,453557,437
110541801,4.87802,3.78242,439,124100,0.33864,0.16,1,453998,453559,439
110544721,7.3756,6.35648,440,124100,0.251728,0.3,1,454006,453566,440
110546801,3.07512,6.0713,436,124100,0.250346,0.26,1,454008,453572,436
110549721,2.21502,4.41426,434,124100,0.370069,0.24,1,454010,453576,434
110552641,2.043,1.68285,435,124100,0.362014,0.26,1,454012,453577,435
110555561,3.6086,5.13657,433,124100,0.296403,0.27,1,454016,453583,433
110558481,38.3217,40.2273,431,124100,0.307281,0.21,1,454063,453632,431
110561401,14.0643,12.0455,434,124100,0.245456,0.21,1,454071,453637,434
110564321,6.01287,5.60909,434,124100,0.225091,0.24,1,454075,453641,434
110567241,9.20257,9.12182,434,124100,0.205018,0.24,1,454085,453651,434
110570161,3.44051,3.42436,434,124100,0.201004,0.23,1,454087,453653,434
110571761,3.0881,2.28487,435,124100,0.240201,0.28,1,454090,453655,435
110574681,3.81762,2.05697,437,124100,0.22404,0.24,1,454094,453657,437
110577601,2.36352,5.2114,433,124100,0.292808,0.29,1,454096,453663,433
110580521,6.8727,2.64228,439,124100,0.314562,0.25,1,454104,453665,439
110583441,2.97454,7.72846,432,124100,0.326912,0.13,1,454106,453674,432
110586321,10.1949,7.14569,437,124100,0.297382,0.2,1,454118,453681,437
110589241,5.23898,4.62914,437,124100,0.299477,0.29,1,454122,453685,437
110592161,2.6478,4.12583,435,124100,0.259895,0.29,1,454124,453689,435
110595081,3.72956,4.02517,435,124100,0.227979,0.23,1,454128,453693,435
110598001,12.7459,11.205,437,124100,0.285596,0.23,1,454143,453706,437
110600921,4.14918,3.84101,437,124100,0.297119,0.18,1,454145,453708,437
110603841,39.2298,41.5682,434,124100,0.299424,0.26,1,454193,453759,434
110606761,19.846,22.7136,431,124100,0.355885,0.22,1,454208,453777,431
110609681,5.56919,6.14273,431,124100,0.343177,0.17,1,454210,453779,431
110612601,10.7138,6.02855,437,124100,0.332635,0.19,1,454222,453785,437
110615521,3.74277,5.20571,434,124100,0.330527,0.26,1,454224,453790,434
110618441,8.74855,8.24114,435,124100,0.282105,0.2,1,454234,453799,435
110621361,8.14971,7.24823,436,124100,0.304421,0.23,1,454242,453806,436
110624281,17.6299,19.0496,434,124100,0.308884,0.24,1,454262,453828,434
110627201,13.926,11.0099,438,124100,0.349777,0.25,1,454275,453837,438
110630121,4.3852,3.80199,438,124100,0.357955,0.24,1,454277,453839,438
110633041,16.877,17.5604,437,124100,0.311591,0.21,1,454297,453860,437
110635961,4.97541,5.11208,437,124100,0.270318,0.35,1,454299,453862,437
110638881,18.5951,17.8224,438,124100,0.350064,0.33,1,454321,453883,438
110641801,18.119,18.7645,437,124100,0.310013,0.39,1,454339,453902,437
110644721,20.4238,18.9529,439,124100,0.214003,0.21,1,454360,453921,439
110647641,24.0848,26.9906,435,124100,0.314801,0.3,1,454385,453950,435
110650561,17.617,15.7981,438,124100,0.31096,0.29,1,454401,453963,438
110653481,5.12339,4.75962,438,124100,0.270192,0.29,1,454403,453965,438
110656401,13.8247,13.7519,438,124100,0.342038,0.31,1,454419,453981,438
110659321,8.36494,5.95038,441,124100,0.324408,0.34,1,454426,453985,441
110662241,3.27299,8.39008,434,124100,0.384882,0.34,1,454428,453994,434
110665161,5.4546,4.87802,436,124100,0.364976,0.23,1,454434,453998,436
110668081,6.69092,7.3756,435,124100,0.392995,0.25,1,454441,454006,435
110671001,3.73818,3.07512,436,124100,0.350599,0.4,1,454444,454008,436
110672641,2.34764,2.21502,436,124100,0.31812,0.38,1,454446,454010,436
110675561,6.86953,9.243,433,124100,0.351624,0.38,1,454454,454021,433
110678481,2.97391,1.8486,435,124100,0.358325,0.31,1,454456,454021,435
110681401,32.5948,33.9697,433,124100,0.311665,0.23,1,454496,454063,433
110684321,12.119,13.1939,432,124100,0.342333,0.22,1,454503,454071,432
110687241,5.62379,5.83879,432,124100,0.348467,0.2,1,454507,454075,432
110690161,12.3248,9.16776,436,124100,0.357693,0.2,1,454521,454085,436
110693081,4.06495,3.43355,436,124100,0.335539,0.25,1,454523,454087,436
110696001,7.21299,3.08671,441,124100,0.323108,0.22,1,454531,454090,441
110697601,2.2426,3.81734,438,124100,0.408622,0.3,1,454532,454094,438
110700521,3.64852,6.36347,435,124100,0.401724,0.32,1,454536,454101,435
110703441,3.9297,3.67269,436,124100,0.360345,0.33,1,454540,454104,436
110706361,2.38594,2.33454,436,124100,0.384069,0.29,1,454542,454106,436
110709281,6.87719,10.0669,432,124100,0.372814,0.3,1,454550,454118,432
110712201,6.17544,5.21338,434,124100,0.394563,0.25,1,454556,454122,434
110714241,6.03509,2.64268,438,124100,0.438913,0.24,1,454562,454124,438
110717161,6.00702,6.12854,437,124100,0.383783,0.24,1,454568,454131,437
110720081,9.2014,1.22571,447,124100,0.404757,0.3,1,454578,454131,447
110723001,4.24028,9.84514,438,124100,0.424951,0.3,1,454581,454143,438
110725921,41.6481,3.56903,487,124100,0.20499,0.3,1,454632,454145,487
110728841,18.7296,39.1138,452,124100,0.368998,0.37,1,454645,454193,452
110731761,5.34592,19.8228,439,124100,0.4018,0.34,1,454647,454208,439
110734681,9.06918,5.56455,447,124100,0.32836,0.33,1,454657,454210,447
110737601,3.41384,10.7129,437,124100,0.313672,0.33,1,454659,454222,437
110740521,9.48277,3.74258,446,124100,0.374734,0.27,1,454670,454224,446
110743441,10.6966,8.74852,447,124100,0.378947,0.31,1,454681,454234,447
110746361,18.1393,8.1497,459,124100,0.323789,0.31,1,454701,454242,459
110749281,14.8279,17.6299,453,124100,0.336758,0.36,1,454715,454262,453
110752201,4.56557,13.926,442,124100,0.315352,0.36,1,454717,454275,442
110755121,11.3131,4.3852,453,124100,0.31907,0.3,1,454730,454277,453
110758041,9.46262,16.877,442,124100,0.287814,0.26,1,454739,454297,442
110760961,17.8925,4.97541,460,124100,0.329563,0.37,1,454759,454299,460
110763881,16.3785,18.5951,454,124100,0.369913,0.3,1,454775,454321,454
110766801,22.4757,18.119,460,124100,0.305983,0.19,1,454799,454339,460
110769721,24.4951,20.4238,464,124100,0.173197,0.34,1,454824,454360,464
110772641,16.099,24.0848,453,124100,0.202639,0.31,1,454838,454385,453
110775561,4.81981,17.617,439,124100,0.328528,0.26,1,454840,454401,439
110778481,16.964,5.12339,457,124100,0.289706,0.36,1,454860,454403,457
110781401,8.19279,13.8247,447,124100,0.225941,0.32,1,454866,454419,447
110784321,3.23856,8.36494,442,124100,0.189188,0.4,1,454868,454426,442
110787041,3.84771,3.27299,444,124100,0.237838,0.41,1,454872,454428,444
110789961,7.16954,8.6546,442,124100,0.311568,0.4,1,454880,454438,442
110792881,4.63391,4.13092,443,124100,0.302314,0.34,1,454884,454441,443
110795361,2.52678,3.22618,442,124100,0.284463,0.36,1,454886,454444,442
110798281,7.70536,8.64524,441,124100,0.208893,0.36,1,454895,454454,441
110801201,3.14107,3.32905,441,124100,0.305779,0.3,1,454897,454456,441
110804121,31.0282,32.6658,439,124100,0.317156,0.35,1,454935,454496,439
110807041,14.2056,12.1332,442,124100,0.295431,0.35,1,454945,454503,442
110809961,6.04113,5.62663,442,124100,0.267086,0.36,1,454949,454507,442
110812881,10.8082,12.3253,440,124100,0.317417,0.33,1,454961,454521,440
110815801,6.16165,4.06507,443,124100,0.343483,0.32,1,454966,454523,443
110818721,6.03233,7.21301,441,124100,0.308697,0.43,1,454972,454531,441
110821641,2.80647,2.2426,442,124100,0.269739,0.4,1,454974,454532,442
110823441,2.96129,3.64852,441,124100,0.357948,0.43,1,454977,454536,441
110826361,5.39226,7.1297,439,124100,0.35159,0.43,1,454983,454544,439
110829281,2.67845,1.42594,441,124100,0.350318,0.37,1,454985,454544,441
110832201,6.93569,5.08519,443,124100,0.334064,0.4,1,454993,454550,443
110835121,4.58714,5.81704,441,124100,0.338813,0.45,1,454997,454556,441
110838041,5.71743,5.96341,441,124100,0.307763,0.37,1,455003,454562,441
110840961,7.54349,5.99268,443,124100,0.325552,0.41,1,455011,454568,443
110843881,7.9087,9.19854,441,124100,0.337111,0.43,1,455019,454578,441
110846801,3.18174,4.23971,440,124100,0.315422,0.15,1,455021,454581,440
110849721,35.8363,41.6479,433,124100,0.343084,0.41,1,455065,454632,433
110852641,20.7673,18.7296,437,124100,0.292617,0.41,1,455082,454645,437
110855561,5.75345,5.34592,437,124100,0.402523,0.31,1,455084,454647,437
110858481,9.15069,9.06918,437,124100,0.400505,0.31,1,455094,454657,437
110861401,5.03014,3.41384,439,124100,0.392101,0.39,1,455098,454659,439
110864321,10.606,9.48277,440,124100,0.35042,0.38,1,455110,454670,440
110867241,10.1212,10.6966,439,124100,0.238084,0.31,1,455120,454681,439
110870161,15.6242,18.1393,436,124100,0.287617,0.34,1,455137,454701,436
110873081,17.5248,14.8279,440,124100,0.281523,0.31,1,455155,454715,440
110876001,5.10497,4.56557,440,124100,0.280305,0.32,1,455157,454717,440
110878921,7.42099,11.3131,435,124100,0.312061,0.28,1,455165,454730,435
110881841,7.0842,9.46262,433,124100,0.358412,0.34,1,455172,454739,433
110884761,20.6168,17.8925,437,124100,0.279682,0.38,1,455196,454759,437
110887681,18.5234,16.3785,439,124100,0.287937,0.29,1,455214,454775,439
110890601,22.9047,22.4757,439,124100,0.297587,0.14,1,455238,454799,439
110893521,17.3809,24.4951,430,124100,0.299517,0.21,1,455254,454824,430
110896441,20.2762,16.099,437,124100,0.219903,0.36,1,455275,454838,437
110899361,7.25524,4.81981,439,124100,0.171981,0.28,1,455279,454840,439
110902281,14.251,16.964,435,124100,0.290396,0.21,1,455295,454860,435
110905201,10.8502,8.19279,439,124100,0.258079,0.18,1,455305,454866,439
110908121,3.77004,3.23856,439,124100,0.283616,0.25,1,455307,454868,439
110910181,3.95401,3.84771,439,124100,0.232723,0.33,1,455311,454872,439
110913101,2.3908,7.16954,433,124100,0.246545,0.3,1,455313,454880,433
110916021,2.07816,4.63391,431,124100,0.249309,0.28,1,455315,454884,431
110918081,7.61563,2.52678,438,124100,0.313862,0.19,1,455324,454886,438
110921001,3.12313,7.70536,431,124100,0.318772,0.33,1,455326,454895,431
110923921,2.22463,3.14107,431,124100,0.295754,0.32,1,455328,454897,431
110926841,36.4449,31.0282,438,124100,0.259151,0.29,1,455373,454935,438
110929761,8.88898,14.2056,430,124100,0.25183,0.26,1,455375,454945,430
110932681,12.1778,6.04113,439,124100,0.234366,0.33,1,455388,454949,439
110935601,10.4356,10.8082,437,124100,0.302873,0.35,1,455398,454961,437
110938521,9.28711,6.16165,441,124100,0.284575,0.3,1,455407,454966,441
110941441,5.05742,6.03233,439,124100,0.280915,0.26,1,455411,454972,439
110944361,2.61148,2.80647,439,124100,0.248183,0.38,1,455413,454974,439
110946161,2.1223,2.96129,438,124100,0.217637,0.35,1,455415,454977,438
110949081,6.02446,5.39226,439,124100,0.291527,0.35,1,455422,454983,439
110952001,2.80489,2.67845,439,124100,0.282305,0.33,1,455424,454985,439
110954481,5.36098,6.93569,437,124100,0.272461,0.35,1,455430,454993,437
110957401,6.6722,2.18714,443,124100,0.294492,0.34,1,455437,454994,443
110960321,2.93444,2.83743,442,124100,0.306898,0.3,1,455439,454997,442
110963241,7.78689,5.36749,445,124100,0.26938,0.33,1,455448,455003,445
110966161,5.55738,7.4735,442,124100,0.309876,0.34,1,455453,455011,442
110969081,6.71148,7.8947,441,124100,0.301975,0.31,1,455460,455019,441
110972001,30.1423,3.17894,475,124100,0.340395,0.35,1,455496,455021,475
110974921,26.8285,35.8358,457,124100,0.260079,0.28,1,455522,455065,457
110977841,6.96569,20.7672,442,124100,0.212016,0.43,1,455524,455082,442
110980761,6.19314,5.75343,446,124100,0.322403,0.4,1,455530,455084,446
110983681,6.03863,9.15069,442,124100,0.360481,0.39,1,455536,455094,442
110986601,6.80773,5.03014,445,124100,0.328096,0.34,1,455543,455098,445
110989521,14.9615,10.606,450,124100,0.265619,0.21,1,455560,455110,450
110992441,15.7923,10.1212,456,124100,0.333124,0.3,1,455576,455120,456
110995361,15.1585,15.6242,454,124100,0.338625,0.28,1,455591,455137,454
110998281,4.63169,17.5248,438,124100,0.371725,0.28,1,455593,455155,438
111000241,8.12634,5.10497,445,124100,0.266345,0.34,1,455602,455157,445
111003161,8.02527,9.82099,442,124100,0.341269,0.37,1,455610,455168,442
111006081,19.2051,5.1642,460,124100,0.324254,0.26,1,455632,455172,460
111009001,19.041,20.2328,455,124100,0.336851,0.29,1,455651,455196,455
111011921,24.6082,18.4466,463,124100,0.31537,0.3,1,455677,455214,463
111014841,16.1216,22.8893,453,124100,0.335074,0.3,1,455691,455238,453
111017761,18.4243,17.3779,456,124100,0.299015,0.2,1,455710,455254,456
111020681,5.28487,20.2756,437,124100,0.259803,0.16,1,455712,455275,437
111023601,14.657,7.25511,450,124100,0.299961,0.32,1,455729,455279,450
111026521,10.9314,14.251,444,124100,0.307992,0.25,1,455739,455295,444
111029441,5.38628,10.8502,438,124100,0.325598,0.29,1,455743,455305,438
111032361,4.27726,3.77004,440,124100,0.27312,0.22,1,455747,455307,440
111035281,2.45545,3.95401,438,124100,0.262624,0.25,1,455749,455311,438
111038201,2.09109,2.3908,438,124100,0.316525,0.25,1,455751,455313,438
111040181,1.21822,2.07816,437,124100,0.319305,0.33,1,455752,455315,437
111043101,7.44364,7.61563,437,124100,0.351861,0.32,1,455761,455324,437
111046021,3.08873,3.12313,437,124100,0.366372,0.29,1,455763,455326,437
111048501,35.8177,2.22463,479,124100,0.345274,0.25,1,455807,455328,479
111051421,8.76355,36.4449,436,124100,0.365055,0.25,1,455809,455373,436
111054341,14.5527,8.88898,450,124100,0.249011,0.23,1,455825,455375,450
111057261,9.31054,12.1778,445,124100,0.289802,0.32,1,455833,455388,445
111060181,5.06211,10.4356,439,124100,0.27396,0.28,1,455837,455398,439
111063101,5.01242,9.28711,435,124100,0.310792,0.28,1,455842,455407,435
111065761,6.60248,5.05742,438,124100,0.310158,0.21,1,455849,455411,438
111068681,2.9205,4.21148,436,124100,0.382032,0.21,1,455851,455415,436
111071601,3.7841,0.842297,440,124100,0.364406,0.31,1,455855,455415,440
111074521,3.95682,5.76846,437,124100,0.288881,0.28,1,455859,455422,437
111076581,7.19136,2.75369,443,124100,0.361776,0.27,1,455867,455424,443
111079501,4.63827,5.35074,441,124100,0.352355,0.3,1,455871,455430,441
111082401,2.52765,6.67015,436,124100,0.318471,0.34,1,455873,455437,436
111085321,10.1055,3.73403,445,124100,0.343694,0.26,1,455885,455440,445
111088241,5.22111,7.14681,441,124100,0.316739,0.32,1,455889,455448,441
111091161,5.84422,5.42936,442,124100,0.255348,0.3,1,455895,455453,442
111094081,30.7688,6.68587,472,124100,0.30707,0.35,1,455932,455460,472
111097001,30.1538,30.1372,466,124100,0.341414,0.24,1,455962,455496,466
111099921,7.63075,26.8274,442,124100,0.308283,0.2,1,455964,455522,442
111102161,6.32615,6.96549,446,124100,0.269657,0.38,1,455970,455524,446
111105081,2.86523,10.1931,437,124100,0.261931,0.37,1,455972,455535,437
111108001,3.77305,2.83862,440,124100,0.388386,0.32,1,455976,455536,440
111110921,18.3546,6.16772,455,124100,0.285677,0.25,1,455998,455543,455
111113841,14.0709,14.8335,451,124100,0.337135,0.35,1,456011,455560,451
111116761,12.4142,15.7667,447,124100,0.379427,0.34,1,456023,455576,447
111119681,4.88284,15.1533,435,124100,0.379885,0.38,1,456026,455591,435
111122601,12.1766,4.63067,447,124100,0.347977,0.24,1,456040,455593,447
111125521,5.63531,8.12613,442,124100,0.365595,0.36,1,456044,455602,442
111128441,22.7271,8.02523,461,124100,0.385119,0.32,1,456071,455610,461
111131361,14.9454,19.205,452,124100,0.397024,0.34,1,456084,455632,452
111134281,24.5891,19.041,460,124100,0.407405,0.31,1,456111,455651,460
111137201,16.1178,24.6082,448,124100,0.345481,0.34,1,456125,455677,448
111140121,13.6236,16.1216,447,124100,0.341096,0.29,1,456138,455691,447
111143041,7.52471,18.4243,434,124100,0.324219,0.25,1,456144,455710,434
111145961,18.3049,5.28487,453,124100,0.208844,0.31,1,456165,455712,453
111148881,10.061,14.657,444,124100,0.321769,0.31,1,456173,455729,444
111151801,6.8122,10.9314,440,124100,0.296354,0.33,1,456179,455739,440
111154161,7.76244,5.38628,444,124100,0.315271,0.28,1,456187,455743,444
111157081,3.15249,5.07726,441,124100,0.287054,0.26,1,456189,455748,441
111160001,2.2305,1.81545,442,124100,0.369411,0.33,1,456191,455749,442
111162481,2.0461,1.96309,442,124100,0.361882,0.4,1,456193,455751,442
111165401,2.00922,3.59262,440,124100,0.360376,0.36,1,456195,455755,440
111168321,2.00184,5.51852,436,124100,0.328075,0.37,1,456197,455761,436
111171241,38.0004,2.7037,481,124100,0.249615,0.37,1,456244,455763,481
111174161,10.0001,37.3407,438,124100,0.217923,0.22,1,456247,455809,438
111177081,13.2,20.2681,436,124100,0.299585,0.3,1,456261,455825,436
111180001,11.44,10.4536,439,124100,0.331917,0.27,1,456272,455833,439
111182241,3.888,5.29073,437,124100,0.306383,0.23,1,456274,455837,437
111185161,7.1776,2.65815,443,124100,0.341277,0.32,1,456282,455839,443
111188081,3.03552,2.93163,442,124100,0.372255,0.31,1,456284,455842,442
111190561,2.2071,6.18633,437,124100,0.378451,0.4,1,456286,455849,437
111193481,3.64142,4.43727,437,124100,0.32369,0.36,1,456290,455853,437
111196401,7.12828,2.48745,443,124100,0.288738,0.27,1,456298,455855,443
111199321,7.82566,3.69749,447,124100,0.289748,0.35,1,456306,455859,447
111202241,6.36513,10.3395,441,124100,0.25795,0.31,1,456312,455871,441
111205121,2.87303,3.6679,441,124100,0.31559,0.35,1,456314,455873,441
111208041,5.37461,10.3336,435,124100,0.303118,0.31,1,456320,455885,435
111210961,4.27492,5.26672,435,124100,0.348624,0.24,1,456324,455889,435
111213441,7.25498,5.85334,437,124100,0.341725,0.29,1,456332,455895,437
111216361,34.251,4.37067,474,124100,0.276345,0.32,1,456373,455899,474
111219281,26.8502,27.2741,466,124100,0.271269,0.35,1,456398,455932,466
111222201,12.57,29.4548,445,124100,0.326254,0.3,1,456407,455962,445
111224881,7.31401,7.49096,449,124100,0.289251,0.42,1,456413,455964,449
111227801,4.6628,11.0982,441,124100,0.21785,0.42,1,456417,455976,441
111230721,2.53256,2.21964,443,124100,0.20357,0.26,1,456419,455976,443
111233641,15.7065,18.0439,440,124100,0.312714,0.35,1,456438,455998,440
111236561,15.1413,14.0088,442,124100,0.350543,0.39,1,456453,456011,442
111239481,12.6283,12.4018,442,124100,0.358109,0.38,1,456465,456023,442
111242401,4.12565,4.88035,441,124100,0.383622,0.34,1,456467,456026,441
111245321,13.6251,12.1761,443,124100,0.380724,0.37,1,456483,456040,443
111248241,4.32503,5.63521,441,124100,0.348145,0.39,1,456485,456044,441
111251161,21.665,22.727,440,124100,0.325629,0.4,1,456511,456071,440
111254081,15.533,14.9454,441,124100,0.345126,0.41,1,456525,456084,441
111257001,22.3066,24.5891,438,124100,0.381025,0.33,1,456549,456111,438
111259921,18.0613,16.1178,441,124100,0.308205,0.34,1,456566,456125,441
111262841,11.6123,13.6236,438,124100,0.317641,0.32,1,456576,456138,438
111265761,7.12245,7.52471,438,124100,0.327528,0.18,1,456582,456144,438
111268681,19.0245,18.3049,439,124100,0.337506,0.35,1,456604,456165,439
111271601,11.8049,10.061,441,124100,0.371501,0.29,1,456614,456173,441
111274521,5.56098,6.8122,439,124100,0.3943,0.32,1,456618,456179,439
111277441,7.5122,7.76244,439,124100,0.39086,0.28,1,456626,456187,439
111278961,2.30244,3.15249,438,124100,0.366172,0.41,1,456627,456189,438
111281881,2.06049,1.4305,439,124100,0.361234,0.39,1,456629,456190,439
111284801,5.2121,1.0861,444,124100,0.304247,0.36,1,456635,456191,444
111287281,2.64242,1.81722,444,124100,0.292849,0.43,1,456637,456193,444
111290201,5.32848,9.16344,439,124100,0.33857,0.43,1,456643,456204,439
111293121,33.0657,1.83269,479,124100,0.299714,0.23,1,456683,456204,479
111296041,9.01314,32.3665,442,124100,0.267943,0.21,1,456686,456244,442
111298961,12.2026,8.87331,452,124100,0.365589,0.32,1,456699,456247,452
111301881,12.0405,12.9747,450,124100,0.401118,0.34,1,456711,456261,450
111304801,5.60811,11.3949,443,124100,0.352224,0.3,1,456715,456272,443
111307721,4.32162,3.87899,445,124100,0.286445,0.35,1,456719,456274,445
111310641,2.46432,7.1758,439,124100,0.273289,0.38,1,456721,456282,439
111313281,2.09286,3.03516,439,124100,0.390658,0.31,1,456723,456284,439
111316201,6.81857,5.40703,441,124100,0.382132,0.28,1,456731,456290,441
111319121,2.96371,7.48141,435,124100,0.420426,0.29,1,456733,456298,435
111322041,10.1927,7.89628,439,124100,0.428085,0.25,1,456745,456306,439
111324961,6.83855,6.37926,439,124100,0.365617,0.33,1,456751,456312,439
111326801,3.76771,2.87585,440,124100,0.433123,0.35,1,456754,456314,440
111329721,3.95354,1.37517,443,124100,0.414625,0.3,1,456758,456315,443
111332641,3.99071,4.27503,442,124100,0.434925,0.36,1,456762,456320,442
111335561,3.99814,4.05501,442,124100,0.398985,0.34,1,456766,456324,442
111338481,39.9996,7.211,483,124100,0.327797,0.26,1,456815,456332,483
111341401,24.7999,34.2422,463,124100,0.361559,0.27,1,456836,456373,463
111344321,6.55999,26.8484,440,124100,0.344312,0.34,1,456838,456398,440
111347241,12.512,12.5697,445,124100,0.356862,0.28,1,456852,456407,445
111350161,5.7024,7.31394,443,124100,0.303372,0.2,1,456856,456413,443
111352801,2.74048,4.66279,441,124100,0.324674,0.37,1,456858,456417,441
111355721,11.7481,3.33256,452,124100,0.352935,0.34,1,456872,456420,452
111358641,16.7496,15.0665,452,124100,0.302587,0.36,1,456890,456438,452
111361561,13.7499,15.0133,450,124100,0.372517,0.36,1,456903,456453,450
111364481,6.74998,12.6027,443,124100,0.314503,0.39,1,456908,456465,443
111367401,12.55,4.12053,455,124100,0.270901,0.38,1,456922,456467,455
111370321,4.11,13.6241,441,124100,0.30218,0.34,1,456924,456483,441
111373241,23.222,4.32482,467,124100,0.268436,0.32,1,456952,456485,467
111376161,15.8444,21.665,455,124100,0.357687,0.35,1,456966,456511,455
111379081,18.3689,15.533,460,124100,0.383537,0.39,1,456985,456525,460
111382001,18.8738,22.3066,455,124100,0.292707,0.29,1,457004,456549,455
111384921,12.5748,18.0613,449,124100,0.266542,0.32,1,457015,456566,449
111387841,4.91495,11.6123,442,124100,0.253308,0.33,1,457018,456576,442
111390761,22.583,7.12245,463,124100,0.194662,0.34,1,457045,456582,463
111393681,12.5166,19.0245,451,124100,0.270932,0.38,1,457055,456604,451
111396601,4.10332,11.8049,443,124100,0.286186,0.4,1,457057,456614,443
111399521,4.02066,5.56098,443,124100,0.281237,0.39,1,457061,456618,443
111402441,2.40413,7.5122,437,124100,0.256247,0.36,1,457063,456626,437
111404801,5.28083,3.90244,440,124100,0.315249,0.29,1,457069,456629,440
111407721,4.25617,5.58049,438,124100,0.31905,0.29,1,457073,456635,438
111410641,2.45123,2.7161,438,124100,0.29581,0.35,1,457075,456637,438
111413541,10.0902,5.34322,444,124100,0.323162,0.29,1,457087,456643,444
111416461,32.418,33.0686,442,124100,0.248632,0.26,1,457125,456683,442
111419381,9.68361,9.01373,443,124100,0.201726,0.39,1,457129,456686,443
111422301,9.93672,12.2027,440,124100,0.272345,0.41,1,457139,456699,440
111425221,8.38734,12.0405,436,124100,0.246469,0.34,1,457147,456711,436
111428141,9.67747,5.60811,442,124100,0.257294,0.27,1,457157,456715,442
111429761,4.33549,4.32162,441,124100,0.251459,0.44,1,457160,456719,441
111432681,4.0671,3.26432,442,124100,0.242292,0.44,1,457164,456722,442
111435601,2.41342,0.652865,444,124100,0.248458,0.42,1,457166,456722,444
111438521,4.48268,0.930573,448,124100,0.265692,0.38,1,457171,456723,448
111441441,4.89654,6.58611,445,124100,0.309138,0.43,1,457176,456731,445
111444361,10.5793,2.91722,455,124100,0.277828,0.43,1,457188,456733,455
111447281,6.91586,10.1834,449,124100,0.255566,0.35,1,457194,456745,449
111450201,2.98317,6.83669,445,124100,0.219113,0.41,1,457196,456751,445
111453121,3.79663,6.96734,442,124100,0.211823,0.44,1,457200,456758,442
111455761,4.75933,4.59347,443,124100,0.290365,0.41,1,457205,456762,443
111458681,3.35187,6.51869,439,124100,0.258073,0.31,1,457208,456769,439
111461601,37.4704,38.1037,439,124100,0.243615,0.37,1,457254,456815,439
111464521,25.8941,24.4207,441,124100,0.224723,0.34,1,457277,456836,441
111467441,6.77881,6.48415,441,124100,0.212945,0.36,1,457279,456838,441
111470361,10.9558,12.4968,439,124100,0.226589,0.29,1,457291,456852,439
111473281,6.99115,5.69937,441,124100,0.229318,0.33,1,457297,456856,441
111475941,4.59823,2.73987,443,124100,0.205864,0.36,1,457301,456858,443
111478861,5.71965,11.748,435,124100,0.289173,0.29,1,457307,456872,435
111481781,20.3439,16.7496,441,124100,0.321835,0.39,1,457331,456890,441
111484701,13.6688,13.7499,440,124100,0.240367,0.3,1,457343,456903,440
111487621,4.33376,6.74998,437,124100,0.288073,0.26,1,457345,456908,437
111490541,14.4668,12.55,440,124100,0.217615,0.31,1,457362,456922,440
111493461,5.29335,4.11,441,124100,0.219523,0.26,1,457365,456924,441
111496381,23.4587,23.222,441,124100,0.267905,0.38,1,457393,456952,441
111499301,14.2917,15.8444,439,124100,0.317581,0.39,1,457405,456966,439
111502221,18.0583,18.3689,439,124100,0.311516,0.27,1,457424,456985,439
111505141,14.8117,18.8738,434,124100,0.254303,0.26,1,457438,457004,434
111508061,12.5623,12.5748,435,124100,0.154861,0.25,1,457450,457015,435
111510981,4.11247,4.91495,434,124100,0.302972,0.18,1,457452,457018,434
111513901,24.8225,22.583,437,124100,0.260594,0.29,1,457482,457045,437
111516821,14.5645,12.5166,439,124100,0.188119,0.29,1,457494,457055,439
111519741,4.5129,4.10332,439,124100,0.301624,0.28,1,457496,457057,439
111521281,3.30258,4.02066,438,124100,0.276325,0.34,1,457499,457061,438
111524201,2.26052,6.40413,433,124100,0.287265,0.34,1,457501,457068,433
111527121,2.0521,1.28083,435,124100,0.257453,0.33,1,457503,457068,435
111530041,5.21042,1.05617,440,124100,0.251491,0.32,1,457509,457069,440
111532961,2.64208,3.41123,438,124100,0.234298,0.29,1,457511,457073,438
111535881,6.92842,2.28225,444,124100,0.23886,0.33,1,457519,457075,444
111538801,34.1857,10.0564,473,124100,0.0957719,0.23,1,457560,457087,473
111541721,10.0371,32.4113,439,124100,0.195154,0.19,1,457564,457125,439
111544641,6.80743,9.68226,441,124100,0.295031,0.29,1,457570,457129,441
111547561,10.9615,9.93645,443,124100,0.275006,0.24,1,457582,457139,443
111550481,8.5923,8.38729,443,124100,0.175001,0.26,1,457590,457147,443
111553401,4.91846,9.67746,437,124100,0.211,0.24,1,457594,457157,437
111556321,7.38369,7.53549,438,124100,0.2342,0.25,1,457602,457164,438
111559241,3.07674,3.1071,438,124100,0.23884,0.27,1,457604,457166,438
111562161,3.81535,4.62142,437,124100,0.231768,0.32,1,457608,457171,437
111565081,3.96307,4.92428,436,124100,0.222354,0.27,1,457612,457176,436
111568001,7.19261,10.5849,432,124100,0.252471,0.25,1,457620,457188,432
111570921,9.43852,6.91697,436,124100,0.250494,0.21,1,457630,457194,436
111573701,4.2877,2.98339,437,124100,0.250099,0.21,1,457633,457196,437
111576621,3.25754,3.79668,436,124100,0.23402,0.31,1,457636,457200,436
111579541,5.45151,4.75934,437,124100,0.174804,0.25,1,457642,457205,437
111582461,2.6903,3.35187,436,124100,0.250961,0.24,1,457644,457208,436
111585381,32.5381,37.4704,430,124100,0.298192,0.22,1,457684,457254,430
111588301,26.5076,25.8941,432,124100,0.275638,0.21,1,457709,457277,432
111591221,6.90152,6.77881,432,124100,0.263128,0.23,1,457711,457279,432
111594141,10.9803,10.9558,432,124100,0.316626,0.23,1,457723,457291,432
111597061,10.9961,6.99115,437,124100,0.279325,0.2,1,457734,457297,437
111599701,5.39921,4.59823,437,124100,0.247865,0.31,1,457738,457301,437
111602621,4.27984,5.71965,435,124100,0.249573,0.33,1,457742,457307,435
111605541,16.856,20.3439,431,124100,0.273915,0.22,1,457762,457331,431
111608461,14.5712,13.6688,433,124100,0.326783,0.3,1,457776,457343,433
111611381,6.11424,4.33376,435,124100,0.273357,0.2,1,457780,457345,435
111614301,14.8228,14.4668,435,124100,0.286671,0.22,1,457797,457362,435
111617221,4.56457,5.29335,434,124100,0.289334,0.28,1,457799,457365,434
111620141,25.7129,23.4587,437,124100,0.297867,0.33,1,457830,457393,437
111623061,15.5426,14.2917,438,124100,0.307573,0.31,1,457843,457405,438
111625981,16.7085,18.0583,436,124100,0.269515,0.24,1,457860,457424,436
111628901,8.1417,14.8117,428,124100,0.317903,0.13,1,457866,457438,428
111631821,13.6283,12.5623,431,124100,0.319581,0.34,1,457881,457450,431
111634741,4.32567,4.11247,431,124100,0.295916,0.25,1,457883,457452,431
111637661,24.0651,24.8225,430,124100,0.251183,0.17,1,457912,457482,430
111640581,16.813,14.5645,433,124100,0.314237,0.33,1,457927,457494,433
111643501,4.96261,4.5129,433,124100,0.294847,0.27,1,457929,457496,433
111646421,4.19252,3.30258,434,124100,0.234969,0.29,1,457933,457499,434
111649341,4.0385,2.26052,436,124100,0.326994,0.25,1,457937,457501,436
111651701,5.6077,2.0521,440,124100,0.337399,0.25,1,457943,457503,440
111654621,2.72154,5.21042,436,124100,0.31548,0.23,1,457945,457509,436
111657521,6.94431,2.64208,442,124100,0.231096,0.28,1,457953,457511,442
111660441,35.7889,8.52842,475,124100,0.278219,0.06,1,457996,457521,475
111663361,8.75777,32.9057,438,124100,0.255644,0.22,1,457998,457560,438
111666281,5.75155,9.78114,439,124100,0.235129,0.32,1,458003,457564,439
111669201,8.35031,6.75623,442,124100,0.295026,0.27,1,458012,457570,442
111672121,5.67006,10.9512,435,124100,0.259005,0.15,1,458017,457582,435
111675041,9.93401,8.59025,438,124100,0.259801,0.22,1,458028,457590,438
111677961,7.5868,4.91805,441,124100,0.19596,0.24,1,458035,457594,441
111680881,3.91736,7.38361,436,124100,0.175192,0.24,1,458038,457602,436
111683521,4.78347,3.07672,439,124100,0.219038,0.32,1,458043,457604,439
111686441,5.75669,10.2153,433,124100,0.283808,0.32,1,458049,457616,433
111689361,4.35134,2.04307,437,124100,0.264762,0.26,1,458053,457616,437
111692281,5.67027,3.60861,439,124100,0.284952,0.25,1,458059,457620,439
111695201,7.53405,8.72172,437,124100,0.28899,0.25,1,458067,457630,437
111698121,4.70681,4.14434,438,124100,0.257798,0.23,1,458071,457633,438
111701041,4.14136,3.22887,439,124100,0.19556,0.16,1,458075,457636,439
111702661,2.42827,5.44577,435,124100,0.151112,0.27,1,458077,457642,435
111705581,2.88565,2.68915,436,124100,0.158222,0.31,1,458080,457644,436
111708501,31.7771,32.5378,435,124100,0.271644,0.27,1,458119,457684,435
111711421,29.5554,26.5076,439,124100,0.254329,0.26,1,458148,457709,439
111714341,7.51109,6.90151,439,124100,0.234866,0.33,1,458150,457711,439
111717261,7.90222,10.9803,435,124100,0.230973,0.27,1,458158,457723,435
111720181,7.98044,10.9961,432,124100,0.254195,0.24,1,458166,457734,432
111723101,10.3961,5.39921,439,124100,0.266839,0.25,1,458177,457738,439
111726021,5.27922,4.27984,439,124100,0.197368,0.28,1,458181,457742,439
111728941,12.2558,16.856,433,124100,0.287474,0.34,1,458195,457762,433
111731861,17.6512,14.5712,438,124100,0.177495,0.26,1,458214,457776,438
111734781,6.73023,6.11424,438,124100,0.243499,0.29,1,458218,457780,438
111737701,9.34605,14.8228,431,124100,0.2487,0.29,1,458228,457797,431
111740621,3.46921,4.56457,431,124100,0.24174,0.3,1,458230,457799,431
111743541,30.2938,25.7129,437,124100,0.232348,0.31,1,458267,457830,437
111746461,17.2588,15.5426,438,124100,0.27047,0.26,1,458281,457843,438
111749381,17.8518,16.7085,439,124100,0.262094,0.33,1,458299,457860,439
111752301,8.37035,8.1417,439,124100,0.252419,0.32,1,458305,457866,439
111755221,6.47407,13.6283,430,124100,0.258484,0.29,1,458311,457881,430
111758141,4.49481,4.32567,432,124100,0.259697,0.24,1,458315,457883,432
111761061,29.699,24.0651,439,124100,0.195939,0.33,1,458351,457912,439
111763981,17.1398,16.813,438,124100,0.215188,0.29,1,458365,457927,438
111766901,5.02796,4.96261,438,124100,0.187038,0.22,1,458367,457929,438
111769221,4.20559,4.19252,438,124100,0.165408,0.38,1,458371,457933,438
111772141,2.44112,7.2385,432,124100,0.129082,0.34,1,458373,457941,432
111775061,3.68822,3.0477,434,124100,0.193816,0.31,1,458377,457943,434
111777981,2.33764,2.20954,434,124100,0.262763,0.21,1,458379,457945,434
111780901,9.26753,6.84191,437,124100,0.244553,0.29,1,458390,457953,437
111783821,30.6535,35.7684,430,124100,0.240911,0.25,1,458426,457996,430
111786741,7.7307,8.75368,430,124100,0.208182,0.23,1,458428,457998,430
111788561,9.54614,5.75074,435,124100,0.249636,0.33,1,458438,458003,435
111791481,5.10923,7.55015,431,124100,0.225927,0.31,1,458442,458011,431
111794401,7.42185,2.31003,438,124100,0.157185,0.25,1,458450,458012,438
111797321,7.88437,4.46201,441,124100,0.207437,0.26,1,458458,458017,441
111800241,9.57687,9.6924,440,124100,0.193487,0.18,1,458468,458028,440
111803161,6.71537,7.53848,439,124100,0.198697,0.17,1,458474,458035,439
111806081,4.54307,3.9077,440,124100,0.183739,0.23,1,458478,458038,440
111809001,6.50861,4.78154,442,124100,0.148748,0.3,1,458485,458043,442
111811441,4.50172,5.75631,440,124100,0.23775,0.3,1,458489,458049,440
111814361,4.10034,5.95126,438,124100,0.24755,0.29,1,458493,458055,438
111817281,2.42007,4.39025,436,124100,0.21751,0.29,1,458495,458059,436
111820201,5.28401,7.27805,434,124100,0.211502,0.25,1,458501,458067,434
111823121,5.0568,4.65561,435,124100,0.2663,0.18,1,458506,458071,435
111826001,6.61136,4.13112,438,124100,0.26926,0.2,1,458513,458075,438
111828921,6.12227,6.42622,437,124100,0.245852,0.3,1,458519,458082,437
111831841,30.0245,30.8852,436,124100,0.23317,0.25,1,458555,458119,436
111834761,28.4049,29.377,435,124100,0.166634,0.23,1,458583,458148,435
111837681,7.28098,7.47541,435,124100,0.145327,0.23,1,458585,458150,435
111840601,7.8562,7.89508,435,124100,0.109065,0.26,1,458593,458158,435
111843521,7.17124,7.97902,434,124100,0.205813,0.27,1,458600,458166,434
111846441,11.8342,10.3958,436,124100,0.161163,0.18,1,458613,458177,436
111849361,5.56685,5.27916,436,124100,0.160233,0.31,1,458617,458181,436
111852281,10.7134,12.2558,434,124100,0.280047,0.15,1,458629,458195,434
111855201,14.1427,17.6512,430,124100,0.256009,0.26,1,458644,458214,430
111858121,9.22853,6.73023,434,124100,0.187202,0.25,1,458652,458218,434
111861041,11.4457,9.34605,436,124100,0.16544,0.24,1,458664,458228,436
111863961,3.88914,3.46921,436,124100,0.193088,0.23,1,458666,458230,436
111866881,29.5778,30.2938,435,124100,0.166618,0.28,1,458702,458267,435
111869801,15.5156,17.2588,433,124100,0.249324,0.26,1,458714,458281,433
111872721,19.1031,17.8518,435,124100,0.265865,0.25,1,458734,458299,435
111875641,8.62062,8.37035,435,124100,0.197173,0.26,1,458740,458305,435
111878421,6.52412,6.47407,435,124100,0.271435,0.26,1,458746,458311,435
111881341,2.90482,4.49481,433,124100,0.254287,0.18,1,458748,458315,433
111884261,28.581,29.699,432,124100,0.114857,0.22,1,458783,458351,432
111887181,17.7162,17.1398,433,124100,0.230971,0.18,1,458798,458365,433
111890101,6.74324,5.02796,435,124100,0.190194,0.16,1,458802,458367,435
111892981,4.54865,4.20559,435,124100,0.118039,0.25,1,458806,458371,435
111895901,2.50973,4.04112,433,124100,0.0956078,0.21,1,458808,458375,433
111898821,2.10195,2.40822,433,124100,0.219122,0.28,1,458810,458377,433
111901741,2.02039,2.08164,433,124100,0.211824,0.24,1,458812,458379,433
111904661,6.80408,9.21633,430,124100,0.218365,0.24,1,458820,458390,430
111907581,33.3608,30.6433,434,124100,0.139673,0.2,1,458860,458426,434
111910501,8.27216,7.72865,434,124100,0.163935,0.26,1,458862,458428,434
111913421,13.6544,9.54573,439,124100,0.176787,0.22,1,458877,458438,439
111916341,5.13089,5.10915,438,124100,0.195357,0.14,1,458880,458442,438
111919261,8.22618,7.42183,439,124100,0.111071,0.22,1,458889,458450,439
111922181,9.64524,7.88437,441,124100,0.158214,0.19,1,458899,458458,441
111925101,3.52905,9.57687,433,124100,0.191643,0.2,1,458901,458468,433
111928021,4.70581,6.71537,432,124100,0.110329,0.18,1,458906,458474,432
111930941,9.74116,4.54307,439,124100,0.214066,0.14,1,458917,458478,439
111933861,5.14823,6.50861,436,124100,0.186813,0.26,1,458921,458485,436
111936781,4.22965,4.50172,436,124100,0.109363,0.25,1,458925,458489,436
111939701,4.04593,4.10034,436,124100,0.181873,0.21,1,458929,458493,436
111942621,5.60919,2.42007,440,124100,0.196375,0.21,1,458935,458495,440
111945541,4.32184,5.28401,438,124100,0.167275,0.28,1,458939,458501,438
111948461,2.46437,5.0568,435,124100,0.153455,0.27,1,458941,458506,435
111951381,8.49287,6.61136,438,124100,0.222691,0.24,1,458951,458513,438
111954301,28.0986,6.12227,465,124100,0.196538,0.23,1,458984,458519,465
111957221,25.6197,30.0245,454,124100,0.199308,0.15,1,459009,458555,454
111960141,6.72394,28.4049,428,124100,0.199862,0.14,1,459011,458583,428
111963061,12.5448,7.28098,440,124100,0.255972,0.1,1,459025,458585,440
111965981,5.70896,7.8562,436,124100,0.211194,0.23,1,459029,458593,436
111968901,13.9418,7.17124,445,124100,0.186239,0.15,1,459045,458600,445
111971821,7.58836,11.8342,438,124100,0.125248,0.16,1,459051,458613,438
111974741,11.1177,5.56685,446,124100,0.24105,0.31,1,459063,458617,446
111977661,14.2235,10.7134,449,124100,0.23221,0.25,1,459078,458629,449
111980581,4.44471,14.1427,436,124100,0.262442,0.17,1,459080,458644,436
111983501,12.0889,9.22853,442,124100,0.260488,0.16,1,459094,458652,442
111986421,4.01779,11.4457,432,124100,0.260098,0.2,1,459096,458664,432
111989341,31.2036,3.88914,468,124100,0.20402,0.16,1,459134,458666,468
111992261,17.4407,29.5778,446,124100,0.200804,0.27,1,459148,458702,446
111995181,17.0881,15.5156,451,124100,0.216161,0.27,1,459165,458714,451
111998101,10.6176,19.1031,440,124100,0.211232,0.18,1,459174,458734,440
112001021,6.92353,8.62062,440,124100,0.146246,0.29,1,459180,458740,440
112003941,2.98471,6.52412,436,124100,0.133249,0.25,1,459182,458746,436
112006861,21.3969,2.90482,460,124100,0.18665,0.08,1,459208,458748,460
112009781,17.0794,28.581,441,124100,0.19733,0.26,1,459224,458783,441
112012701,10.6159,17.7162,435,124100,0.135466,0.18,1,459233,458798,435
112015621,5.32318,6.74324,435,124100,0.179093,0.1,1,459237,458802,435
112017361,1.86464,4.54865,432,124100,0.179819,0.21,1,459238,458806,432
112020281,3.57293,5.70973,430,124100,0.115964,0.21,1,459242,458812,430
112023201,2.31459,1.14195,432,124100,0.223193,0.21,1,459244,458812,432
112026121,5.26292,0.228389,438,124100,0.228639,0.22,1,459250,458812,438
112029041,33.8526,6.44568,471,124100,0.173728,0.12,1,459291,458820,471
112031961,8.37052,33.2891,433,124100,0.114746,0.17,1,459293,458860,433
112034881,9.6741,8.25783,441,124100,0.134949,0.18,1,459303,458862,441
112037801,9.13482,13.6516,435,124100,0.15499,0.2,1,459312,458877,435
112040721,6.62696,5.13031,438,124100,0.086998,0.09,1,459318,458880,438
112043641,7.72539,8.22606,437,124100,0.1934,0.17,1,459326,458889,437
112046561,4.74508,9.64521,431,124100,0.18268,0.2,1,459330,458899,431
112049481,7.34902,3.52904,437,124100,0.092536,0.09,1,459338,458901,437
112051061,2.2698,4.70581,433,124100,0.0585072,0.24,1,459339,458906,433
112053981,8.45396,9.74116,432,124100,0.107701,0.18,1,459349,458917,432
112056901,4.89079,5.14823,432,124100,0.13354,0.09,1,459353,458921,432
112058961,4.17816,4.22965,432,124100,0.170708,0.24,1,459357,458925,432
112061881,4.03563,5.64593,430,124100,0.186142,0.24,1,459361,458931,430
112064801,6.40713,1.12919,437,124100,0.221228,0.2,1,459368,458931,437
112067721,4.48143,3.42584,437,124100,0.164246,0.16,1,459372,458935,437
112070641,2.49629,3.88517,435,124100,0.120849,0.15,1,459374,458939,435
112073561,2.09926,2.37703,435,124100,0.11217,0.24,1,459376,458941,435
112076481,33.2199,8.47541,466,124100,0.070434,0.19,1,459417,458951,466
112079401,24.244,28.0951,455,124100,0.150087,0.2,1,459439,458984,455
112082321,6.44879,25.619,432,124100,0.166017,0.2,1,459441,459009,432
112085241,11.6898,6.7238,443,124100,0.145203,0.27,1,459454,459011,443
112088161,9.53795,12.5448,438,124100,0.189041,0.2,1,459463,459025,438
112091081,8.30759,5.70895,442,124100,0.117808,0.18,1,459471,459029,442
112094001,5.66152,13.9418,431,124100,0.207562,0.11,1,459476,459045,431
112096921,17.1323,7.58836,445,124100,0.0815123,0.27,1,459496,459051,445
112099841,9.82646,11.1177,441,124100,0.224302,0.23,1,459504,459063,441
112102761,9.16529,14.2235,435,124100,0.26886,0.27,1,459513,459078,435
112105681,8.23306,4.44471,441,124100,0.173772,0.26,1,459521,459080,441
112108601,3.24661,12.0889,429,124100,0.122754,0.26,1,459523,459094,429
112111521,33.4493,4.01779,468,124100,0.168551,0.19,1,459564,459096,468
112114441,19.4899,31.2036,446,124100,0.17771,0.2,1,459580,459134,446
112117361,15.898,17.4407,447,124100,0.171542,0.22,1,459595,459148,447
112120281,11.9796,17.0881,441,124100,0.226308,0.21,1,459606,459165,441
112123201,6.39592,10.6176,437,124100,0.189262,0.13,1,459611,459174,437
112126121,2.87918,6.92353,433,124100,0.149852,0.13,1,459613,459180,433
112129041,22.1758,2.98471,458,124100,0.0299705,0.2,1,459640,459182,458
112131961,13.2352,21.3969,443,124100,0.0379941,0.2,1,459651,459208,443
112134881,9.04703,17.0794,435,124100,0.103599,0.12,1,459659,459224,435
112137801,9.80941,10.6159,436,124100,0.10072,0.19,1,459669,459233,436
112140081,3.56188,5.32318,434,124100,0.100144,0.25,1,459671,459237,434
112143001,2.31238,6.66463,429,124100,0.0680288,0.25,1,459673,459244,429
112145921,2.06248,1.33293,431,124100,0.0376058,0.23,1,459675,459244,431
112148841,6.8125,5.06659,433,124100,0.183521,0.16,1,459683,459250,433
112151761,30.1625,33.8133,428,124100,0.140704,0.1,1,459719,459291,428
112154681,7.6325,8.36266,428,124100,0.188141,0.14,1,459721,459293,428
112157601,9.5265,9.67253,428,124100,0.117628,0.16,1,459731,459303,428
112160521,4.3053,9.13451,422,124100,0.247526,0.07,1,459734,459312,422
112163441,12.8611,6.6269,431,124100,0.177505,0.22,1,459749,459318,431
112166361,4.17221,7.72538,425,124100,0.155501,0.18,1,459751,459326,425
112169281,4.03444,4.74508,425,124100,0.1111,0.07,1,459755,459330,425
112172201,8.80689,7.34902,427,124100,0.18222,0.05,1,459765,459338,427
112175121,3.36138,2.2698,428,124100,0.204444,0.12,1,459767,459339,428
112178041,11.0723,8.45396,431,124100,0.176889,0.14,1,459780,459349,431
112180961,5.41446,4.89079,431,124100,0.115378,0.18,1,459784,459353,431
112183141,5.88289,4.17816,433,124100,0.103076,0.22,1,459790,459357,433
112186061,5.17658,7.23563,430,124100,0.244615,0.23,1,459795,459365,430
112188981,5.03532,3.84713,432,124100,0.224923,0.15,1,459800,459368,432
112191901,2.60706,3.96943,430,124100,0.236985,0.11,1,459802,459372,430
112193541,2.92141,2.39389,431,124100,0.223397,0.15,1,459805,459374,431
112196461,3.78428,4.47878,430,124100,0.228679,0.06,1,459809,459379,430
112199381,34.3569,31.2958,434,124100,0.269736,0.17,1,459851,459417,434
112202301,21.2714,23.8592,430,124100,0.253947,0.17,1,459869,459439,430
112205221,5.85427,6.37183,430,124100,0.234789,0.14,1,459871,459441,430
112208141,11.5709,11.6744,430,124100,0.286958,0.2,1,459884,459454,430
112211061,7.11417,9.53487,427,124100,0.201392,0.1,1,459890,459463,427
112213981,12.6228,8.30697,433,124100,0.240278,0.23,1,459904,459471,433
112216901,5.72457,5.66139,432,124100,0.184056,0.05,1,459908,459476,432
112219821,18.7449,17.1323,434,124100,0.236811,0.26,1,459930,459496,434
112222741,10.149,9.82646,434,124100,0.215362,0.28,1,459938,459504,434
112225661,3.6298,9.16529,427,124100,0.227072,0.15,1,459940,459513,427
112228581,12.726,8.23306,434,124100,0.269414,0.11,1,459955,459521,434
112231501,4.14519,3.24661,434,124100,0.245883,0.18,1,459957,459523,434
112234421,30.429,33.4493,430,124100,0.273177,0.18,1,459994,459564,430
112237341,18.0858,19.4899,429,124100,0.366635,0.17,1,460009,459580,429
112240261,18.0172,15.898,432,124100,0.385327,0.24,1,460027,459595,432
112243181,8.40343,11.9796,427,124100,0.365065,0.18,1,460033,459606,427
112246101,8.08069,6.39592,430,124100,0.401013,0.14,1,460041,459611,430
112249021,3.21614,2.87918,430,124100,0.408203,0,1,460043,459613,430
112251941,16.6432,22.1758,423,124100,0.401641,0.04,1,460063,459640,423
112254861,16.1286,13.2352,428,124100,0.328328,0.12,1,460079,459651,428
112257781,8.82573,9.04703,427,124100,0.209666,0.1,1,460086,459659,427
112260701,8.16515,9.80941,425,124100,0.281933,0.1,1,460094,459669,425
112263621,3.23303,3.56188,425,124100,0.264387,0.06,1,460096,459671,425
112265921,8.64661,2.31238,433,124100,0.348877,0.03,1,460106,459673,433
112268841,3.32932,2.06248,433,124100,0.365775,0.22,1,460108,459675,433
112271761,7.06586,6.8125,433,124100,0.369155,0.13,1,460116,459683,433
112274681,25.4132,30.1625,427,124100,0.273831,0.2,1,460146,459719,427
112277601,8.28263,7.6325,429,124100,0.230766,0.1,1,460150,459721,429
112280521,10.4565,9.5265,430,124100,0.334153,0.28,1,460161,459731,430
112283441,6.89131,4.3053,433,124100,0.306831,0.16,1,460167,459734,433
112286361,7.77826,12.8611,426,124100,0.333366,0.15,1,460175,459749,426
112289281,9.55565,4.17221,434,124100,0.298673,0.1,1,460185,459751,434
112290881,2.71113,4.03444,431,124100,0.339735,0.09,1,460186,459755,431
112293801,5.34223,1.60689,436,124100,0.275947,0.2,1,460192,459756,436
112296721,2.66845,7.52138,429,124100,0.231189,0.21,1,460194,459765,429
112299641,10.1337,3.10428,439,124100,0.342238,0.17,1,460206,459767,439
112302561,11.6267,11.0209,438,124100,0.348448,0.1,1,460218,459780,438
112305441,5.52535,5.40417,438,124100,0.325689,0.12,1,460222,459784,438
112308361,5.90507,6.68083,437,124100,0.217138,0.28,1,460228,459791,437
112311281,4.38101,4.53617,437,124100,0.323428,0.22,1,460232,459795,437
112314201,2.4762,4.90723,434,124100,0.352686,0.24,1,460234,459800,434
112316881,2.09524,2.58145,434,124100,0.326537,0.22,1,460236,459802,434
112319801,10.019,10.1163,434,124100,0.321307,0.28,1,460248,459814,434
112322721,29.2038,31.6233,431,124100,0.264261,0.25,1,460282,459851,431
112325641,23.4408,20.7247,435,124100,0.276852,0.23,1,460304,459869,435
112328561,7.08815,5.74493,436,124100,0.30337,0.3,1,460307,459871,436
112331481,12.6176,11.549,437,124100,0.300674,0.18,1,460321,459884,437
112334401,5.72353,7.1098,435,124100,0.268135,0.25,1,460325,459890,435
112337321,10.7447,12.622,433,124100,0.245627,0.17,1,460337,459904,433
112340241,5.34894,5.72439,433,124100,0.297125,0.25,1,460341,459908,433
112343161,19.4698,18.7449,434,124100,0.275425,0.21,1,460364,459930,434
112346081,13.494,10.149,438,124100,0.263085,0.23,1,460376,459938,438
112348501,5.09879,3.6298,439,124100,0.284617,0.28,1,460379,459940,439
112351421,13.0198,12.726,439,124100,0.248923,0.24,1,460394,459955,439
112354341,4.20395,4.14519,439,124100,0.241785,0.28,1,460396,459957,439
112357261,25.6408,30.429,433,124100,0.288357,0.39,1,460427,459994,433
112360181,23.5282,18.0858,441,124100,0.185671,0.39,1,460450,460009,441
112363101,17.5056,18.0172,439,124100,0.317134,0.36,1,460466,460027,439
112366021,10.7011,8.40343,442,124100,0.327427,0.41,1,460475,460033,442
112368941,5.34023,8.08069,438,124100,0.313485,0.41,1,460479,460041,438
112371861,2.66804,3.21614,438,125560,0.286697,0.4,1,460481,460043,438
112374781,14.9336,16.6432,436,125560,0.313339,0.31,1,460499,460063,436
112377701,10.9867,16.1286,430,125560,0.246668,0.18,1,460509,460079,430
112380621,11.7973,8.82573,435,125560,0.297334,0.3,1,460521,460086,435
112383541,12.7595,8.16515,440,125560,0.299467,0.26,1,460534,460094,440
112386461,4.15189,3.23303,440,125560,0.267893,0.37,1,460536,460096,440
112389381,8.83038,8.64661,440,125560,0.333579,0.37,1,460546,460106,440
112392301,3.36608,3.32932,440,125560,0.354716,0.37,1,460548,460108,440
112395221,5.47322,7.06586,438,125560,0.270943,0.25,1,460554,460116,438
112398141,26.6946,25.4132,440,125560,0.302189,0.22,1,460586,460146,440
112401061,8.53893,8.28263,440,125560,0.292438,0.36,1,460590,460150,440
112403981,11.3078,10.4565,441,125560,0.322488,0.3,1,460602,460161,441
112406901,7.06156,6.89131,441,125560,0.328497,0.34,1,460608,460167,441
112409821,6.21231,7.77826,439,125560,0.2737,0.29,1,460614,460175,439
112412741,6.04246,9.55565,435,125560,0.35874,0.35,1,460620,460185,435
112415661,8.40849,2.71113,443,125560,0.271748,0.26,1,460629,460186,443
112418181,4.8817,5.34223,441,125560,0.26235,0.22,1,460633,460192,441
112421101,10.5763,2.66845,451,125560,0.33247,0.37,1,460645,460194,451
112424021,5.31527,10.1337,443,125560,0.290494,0.35,1,460649,460206,443
112426941,10.6631,11.6267,443,125560,0.330099,0.32,1,460661,460218,443
112429861,5.33261,5.52535,443,125560,0.32202,0.19,1,460665,460222,443
112432781,4.26652,5.90507,441,125560,0.256404,0.35,1,460669,460228,441
112435701,4.0533,4.38101,441,125560,0.307281,0.36,1,460673,460232,441
112438561,2.41066,2.4762,441,125560,0.317456,0.34,1,460675,460234,441
112441481,6.88213,4.49524,444,125560,0.319491,0.32,1,460683,460239,444
112444401,29.3764,8.09905,470,125560,0.287898,0.25,1,460718,460248,470
112447321,19.4753,28.8198,453,125560,0.28958,0.28,1,460735,460282,453
112450241,10.2951,23.364,439,125560,0.209916,0.31,1,460743,460304,439
112453161,10.059,7.07279,446,125560,0.249983,0.3,1,460753,460307,446
112456081,5.2118,12.6146,436,125560,0.257997,0.26,1,460757,460321,436
112459001,9.04236,5.72291,442,125560,0.259599,0.24,1,460767,460325,442
112461921,9.80847,10.7446,440,125560,0.29192,0.31,1,460777,460337,440
112464841,16.3617,5.34892,454,125560,0.202384,0.27,1,460795,460341,454
112467761,12.8723,19.4698,443,125560,0.296477,0.26,1,460807,460364,443
112470681,7.37447,13.494,437,125560,0.243295,0.29,1,460813,460376,437
112473601,14.2749,5.09879,450,125560,0.296659,0.24,1,460829,460379,450
112476521,4.45498,13.0198,437,125560,0.275332,0.24,1,460831,460394,437
112479441,20.891,4.20395,460,125560,0.191066,0.3,1,460856,460396,460
112482361,26.5782,25.6408,457,125560,0.246213,0.16,1,460884,460427,457
112485281,20.5156,23.5282,453,125560,0.273243,0.35,1,460903,460450,453
112488201,9.70313,17.5056,444,125560,0.262649,0.33,1,460910,460466,444
112491121,5.14063,10.7011,439,125560,0.32453,0.31,1,460914,460475,439
112493681,2.62813,5.34023,437,125560,0.304906,0.28,1,460916,460479,437
112496601,3.72563,5.06804,436,125560,0.308981,0.32,1,460920,460484,436
112499521,12.7451,13.0136,436,125560,0.277796,0.23,1,460935,460499,436
112502001,12.949,10.6027,439,125560,0.287559,0.31,1,460948,460509,439
112504921,4.1898,11.7205,429,125560,0.321512,0.3,1,460950,460521,429
112507841,19.238,12.7441,439,125560,0.272302,0.26,1,460973,460534,439
112510761,5.44759,4.14882,439,125560,0.30246,0.26,1,460975,460536,439
112512821,2.68952,0.829764,441,125560,0.284492,0.35,1,460977,460536,441
112515741,2.1379,8.16595,433,125560,0.240898,0.36,1,460979,460546,433
112518021,14.0276,3.23319,448,125560,0.23218,0.23,1,460996,460548,448
112520941,22.0055,7.84664,463,125560,0.302436,0.31,1,461020,460557,463
112523861,10.8011,24.7693,442,125560,0.204487,0.29,1,461028,460586,442
112525921,3.76022,8.15387,440,125560,0.152897,0.33,1,461030,460590,440
112528841,7.15204,11.2308,436,125560,0.182579,0.33,1,461038,460602,436
112531761,8.63041,7.04615,439,125560,0.244516,0.26,1,461047,460608,439
112534241,4.92608,6.20923,437,125560,0.224903,0.38,1,461051,460614,437
112537161,4.18522,6.04185,435,125560,0.196981,0.25,1,461055,460620,435
112540081,11.237,8.40837,439,125560,0.255396,0.26,1,461068,460629,439
112543001,3.84741,4.88167,437,125560,0.235079,0.26,1,461070,460633,437
112545061,9.56948,0.976335,448,125560,0.263016,0.35,1,461081,460633,448
112547981,5.1139,9.79527,440,125560,0.196603,0.28,1,461085,460645,440
112550261,12.2228,5.15905,450,125560,0.207321,0.34,1,461099,460649,450
112553181,5.64456,10.6318,442,125560,0.177464,0.32,1,461103,460661,442
112556101,5.92891,5.32636,444,125560,0.115493,0.24,1,461109,460665,444
112558581,2.78578,4.26527,442,125560,0.0870986,0.32,1,461111,460669,442
112561501,2.15716,4.05305,440,125560,0.13742,0.32,1,461113,460673,440
112563361,1.23143,2.41061,439,125560,0.163484,0.32,1,461114,460675,439
112566281,8.24629,6.88212,441,125560,0.224697,0.28,1,461124,460683,441
112569201,27.2493,29.3764,438,125560,0.228939,0.29,1,461156,460718,438
112572121,13.4499,19.4753,431,125560,0.189788,0.19,1,461166,460735,431
112575041,11.49,10.2951,434,125560,0.261958,0.26,1,461177,460743,434
112577961,11.098,10.059,435,125560,0.172392,0.26,1,461188,460753,435
112580881,5.4196,5.2118,435,125560,0.274478,0.26,1,461192,460757,435
112583801,9.88392,9.04236,436,125560,0.262896,0.3,1,461203,460767,436
112586721,6.77678,9.80847,432,125560,0.268579,0.18,1,461209,460777,432
112589641,20.5554,16.3617,438,125560,0.181716,0.32,1,461233,460795,438
112592561,10.5111,12.8723,434,125560,0.244343,0.23,1,461241,460807,434
112595481,7.70221,7.37447,435,125560,0.264869,0.31,1,461248,460813,435
112598401,11.1404,14.2749,431,125560,0.220974,0.27,1,461260,460829,431
112600801,3.82809,4.45498,431,125560,0.188195,0.17,1,461262,460831,431
112603721,25.5656,20.891,437,125560,0.229639,0.26,1,461293,460856,437
112606641,23.5131,26.5782,432,125560,0.333928,0.28,1,461316,460884,432
112609561,23.9026,20.5156,437,125560,0.338786,0.26,1,461340,460903,437
112612481,11.1805,9.70313,438,125560,0.291757,0.26,1,461348,460910,438
112614741,5.4361,1.94063,442,125560,0.346351,0.34,1,461352,460910,442
112617661,2.68722,3.58813,440,125560,0.36527,0.3,1,461354,460914,440
112619941,2.13744,2.31763,440,125560,0.369054,0.31,1,461356,460916,440
112622861,8.42749,3.66353,446,125560,0.337811,0.27,1,461366,460920,446
112625781,15.2855,12.7327,448,125560,0.251562,0.29,1,461383,460935,448
112628701,4.6571,12.9465,437,125560,0.258312,0.33,1,461385,460948,437
112631381,20.1314,4.18931,459,125560,0.211662,0.26,1,461409,460950,459
112634301,5.62628,19.2379,438,125560,0.290332,0.31,1,461411,460973,438
112636581,2.72526,5.44757,438,125560,0.266067,0.21,1,461413,460975,438
112639501,2.14505,5.08951,435,125560,0.229213,0.21,1,461415,460980,435
112642421,12.429,1.0179,450,125560,0.237843,0.32,1,461430,460980,450
112645341,17.6858,32.2036,429,125560,0.367569,0.18,1,461449,461020,429
112648261,11.5372,12.8407,431,125560,0.289514,0.18,1,461459,461028,431
112650101,3.10743,2.56814,432,125560,0.289903,0.19,1,461460,461028,432
112653021,10.2215,8.51363,434,125560,0.281981,0.26,1,461472,461038,434
112655941,6.0443,8.90273,430,125560,0.232396,0.22,1,461477,461047,430
112658861,4.40886,4.98055,430,125560,0.318479,0.19,1,461481,461051,430
112661781,2.48177,4.19611,428,125560,0.303696,0.19,1,461483,461055,428
112663621,14.0964,0.839222,445,125560,0.276739,0.27,1,461500,461055,445
112666541,5.21927,10.5678,435,125560,0.223348,0.23,1,461503,461068,435
112668821,4.24385,3.71357,437,125560,0.30067,0.27,1,461507,461070,437
112671741,10.4488,9.54271,438,125560,0.316134,0.18,1,461519,461081,438
112674661,6.88975,5.10854,440,125560,0.287227,0.17,1,461525,461085,440
112677581,7.77795,15.4217,430,125560,0.313445,0.1,1,461533,461103,430
112680501,7.95559,7.88434,432,125560,0.302689,0.08,1,461541,461109,432
112683421,3.19112,3.17687,432,125560,0.332538,0.08,1,461543,461111,432
112685461,3.83822,0.635374,436,125560,0.314508,0.17,1,461547,461111,436
112688381,2.36764,2.52707,435,125560,0.310902,0.24,1,461549,461114,435
112691301,9.27353,8.50541,436,125560,0.30218,0.23,1,461560,461124,436
112694221,23.4547,27.3011,431,125560,0.332436,0.18,1,461587,461156,431
112697141,15.8909,13.4602,435,125560,0.346487,0.28,1,461601,461166,435
112700061,6.37819,11.492,428,125560,0.293297,0.15,1,461605,461177,428
112702981,11.6756,11.0984,430,125560,0.338659,0.3,1,461618,461188,430
112705841,6.33513,5.41968,431,125560,0.307732,0.26,1,461623,461192,431
112708761,11.667,9.88394,433,125560,0.317546,0.27,1,461636,461203,433
112711041,5.53341,6.77679,431,125560,0.319509,0.16,1,461640,461209,431
112713961,21.9067,20.5554,433,125560,0.383902,0.26,1,461666,461233,433
112716881,12.3813,10.5111,435,125560,0.38878,0.27,1,461676,461241,435
112719801,4.07627,7.70221,430,125560,0.421756,0.27,1,461678,461248,430
112721861,10.4153,1.54044,442,125560,0.404351,0.21,1,461690,461248,442
112724781,3.68305,9.90809,432,125560,0.40087,0.18,1,461692,461260,432
112727061,27.9366,3.58162,464,125560,0.320174,0.24,1,461726,461262,464
112729981,22.3873,25.5163,454,125560,0.224035,0.36,1,461747,461293,454
112732901,26.8775,23.5033,459,125560,0.212807,0.34,1,461775,461316,459
112735821,14.1755,23.9007,446,125560,0.274561,0.28,1,461786,461340,446
112738501,6.0351,11.1801,442,125560,0.222912,0.36,1,461790,461348,442
112741421,2.80702,5.43603,440,125560,0.212582,0.37,1,461792,461352,440
112744341,2.1614,2.68721,440,125560,0.218516,0.33,1,461794,461354,440
112747261,6.83228,10.1374,436,125560,0.275703,0.23,1,461802,461366,436
112750181,14.1665,15.6275,435,125560,0.295141,0.26,1,461818,461383,435
112753101,7.63329,4.7255,439,125560,0.235028,0.26,1,461824,461385,439
112755141,11.9267,0.945099,452,125560,0.183006,0.2,1,461837,461385,452
112758061,4.78533,19.389,431,125560,0.148601,0.31,1,461840,461409,431
112760341,12.1571,5.4778,443,125560,0.21372,0.32,1,461854,461411,443
112763261,4.03141,11.4956,432,125560,0.202744,0.32,1,461856,461424,432
112766181,7.20628,2.29911,440,125560,0.224549,0.24,1,461864,461424,440
112769101,17.4413,5.25982,454,125560,0.18891,0.4,1,461884,461430,454
112772021,11.4883,16.252,445,125560,0.197782,0.27,1,461894,461449,445
112774941,3.89765,11.2504,437,125560,0.199556,0.29,1,461896,461459,437
112776981,11.1795,3.05008,449,125560,0.159911,0.28,1,461909,461460,449
112779901,3.83591,11.81,437,125560,0.215982,0.22,1,461911,461474,437
112782821,8.76718,4.762,444,125560,0.123196,0.34,1,461921,461477,444
112785301,3.35344,4.1524,442,125560,0.224639,0.32,1,461923,461481,442
112788221,11.8707,7.23048,448,125560,0.212928,0.21,1,461937,461489,448
112791141,5.57414,12.6461,438,125560,0.154586,0.32,1,461941,461503,438
112793621,5.91483,5.72922,440,125560,0.150917,0.32,1,461947,461507,440
112796541,8.38297,10.7458,437,125560,0.190183,0.28,1,461956,461519,437
112799461,6.47659,6.94917,437,125560,0.118037,0.32,1,461962,461525,437
112802381,9.29532,7.78983,439,125560,0.175607,0.32,1,461972,461533,439
112804021,5.05906,1.55797,443,125560,0.187121,0.3,1,461976,461533,443
112806941,3.41181,6.71159,438,125560,0.141424,0.34,1,461979,461541,438
112809221,8.68236,2.94232,446,125560,0.108285,0.33,1,461989,461543,446
112812141,4.13647,7.78846,440,125560,0.093657,0.33,1,461992,461552,440
112815061,5.62729,1.55769,446,125560,0.0987314,0.3,1,461998,461552,446
112817981,19.5255,6.71154,461,125560,0.187746,0.34,1,462021,461560,461
112820901,18.3051,22.9423,452,125560,0.149549,0.35,1,462039,461587,452
112823821,6.86102,15.7885,442,125560,0.14191,0.28,1,462043,461601,442
112825861,12.5722,6.35769,452,125560,0.204382,0.35,1,462057,461605,452
112828781,5.71444,11.6715,443,125560,0.208876,0.3,1,462061,461618,443
112830641,1.94289,6.33431,439,125560,0.209775,0.32,1,462062,461623,439
112833561,6.78858,11.6669,434,125560,0.265955,0.32,1,462070,461636,434
112836481,6.15772,5.53337,436,125560,0.253191,0.4,1,462076,461640,436
112839401,26.0315,21.9067,441,125560,0.210638,0.39,1,462107,461666,441
112842321,13.2063,12.3813,441,125560,0.226128,0.43,1,462117,461676,441
112844161,3.44126,4.07627,440,125560,0.245226,0.4,1,462118,461678,440
112847081,7.08825,12.0153,434,125560,0.265045,0.4,1,462126,461692,434
112850001,3.01765,2.40305,436,125560,0.261009,0.3,1,462128,461692,436
112852921,41.4035,27.6806,453,125560,0.284202,0.2,1,462179,461726,453
112855841,31.4807,22.3361,461,125560,0.24084,0.21,1,462208,461747,461
112858761,14.2961,26.8672,443,125560,0.248168,0.29,1,462218,461775,443
112861681,8.45923,14.1734,439,125560,0.297634,0.21,1,462225,461786,439
112863921,3.29185,6.03469,437,125560,0.299527,0.34,1,462227,461790,437
112866841,5.45837,7.60694,435,125560,0.259905,0.34,1,462233,461798,435
112869761,2.69167,1.52139,437,125560,0.251981,0.29,1,462235,461798,437
112872681,3.73833,3.50428,437,125560,0.290396,0.3,1,462239,461802,437
112875601,8.74767,13.5009,431,125560,0.330079,0.22,1,462249,461818,431
112877441,3.34953,7.50017,427,125560,0.306016,0.17,1,462251,461824,427
112880361,12.6699,11.9,429,125560,0.237203,0.14,1,462266,461837,429
112883281,4.13398,4.78001,428,125560,0.231441,0.23,1,462268,461840,428
112886201,16.0268,12.156,433,125560,0.302288,0.2,1,462287,461854,433
112889121,8.80536,4.0312,438,125560,0.316458,0.23,1,462294,461856,438
112892041,18.5611,7.20624,451,125560,0.303292,0.18,1,462315,461864,451
112894961,8.51221,17.4412,437,125560,0.212658,0.2,1,462321,461884,437
112897201,3.30244,11.4882,429,125560,0.266532,0.23,1,462323,461894,429
112900121,3.86049,5.49765,429,125560,0.325306,0.15,1,462327,461898,429
112903041,8.7721,9.89953,428,125560,0.313061,0.23,1,462337,461909,428
112905961,10.5544,3.57991,437,125560,0.294612,0.1,1,462348,461911,437
112908881,4.51088,8.71598,430,125560,0.234922,0.25,1,462351,461921,430
112910721,2.50218,3.3432,430,125560,0.190985,0.21,1,462353,461923,430
112913641,11.7004,11.8686,430,125560,0.238197,0.14,1,462367,461937,430
112916561,7.14009,5.57373,432,125560,0.239639,0.15,1,462373,461941,432
112919041,4.62802,5.91475,430,125560,0.199928,0.2,1,462377,461947,430
112921961,8.1256,8.38295,430,125560,0.303986,0.1,1,462386,461956,430
112924241,8.02512,6.47659,432,125560,0.252797,0.19,1,462394,461962,432
112927161,7.20502,9.29532,429,125560,0.282559,0.19,1,462401,461972,429
112930081,4.641,5.05906,429,125560,0.248512,0.13,1,462405,461976,429
112933001,13.7282,3.41181,442,125560,0.257702,0.1,1,462421,461979,442
112934641,4.34564,8.68236,434,125560,0.25954,0.09,1,462423,461989,434
112937561,2.46913,4.13647,433,125560,0.219908,0.1,1,462425,461992,433
112939841,3.69383,5.62729,431,125560,0.195982,0.21,1,462429,461998,431
112942761,19.1388,19.5255,431,125560,0.231196,0.14,1,462452,462021,431
112945681,19.0278,18.3051,432,125560,0.246239,0.14,1,462471,462039,432
112948161,8.60555,6.86102,434,125560,0.193248,0.22,1,462477,462043,434
112951081,12.1211,12.5722,433,125560,0.26265,0.21,1,462490,462057,433
112954001,7.22422,5.71444,435,125560,0.24453,0.21,1,462496,462061,435
112955861,5.44484,1.94289,439,125560,0.200906,0.28,1,462501,462062,439
112958781,2.68897,6.78858,433,125560,0.232181,0.25,1,462503,462070,433
112961701,5.33779,6.15772,433,125560,0.198436,0.2,1,462509,462076,433
112964621,26.6676,26.0315,434,125560,0.199687,0.23,1,462541,462107,434
112966881,14.1335,13.2063,435,125560,0.239937,0.25,1,462552,462117,435
112969801,9.2267,3.44126,442,125560,0.223987,0.27,1,462560,462118,442
112972721,3.44534,7.08825,436,125560,0.212798,0.26,1,462562,462126,436
112974581,3.08907,3.01765,437,125560,0.234559,0.29,1,462565,462128,437
112977501,39.8178,41.4035,435,125560,0.142912,0.23,1,462614,462179,435
112980421,29.5636,31.4807,433,125560,0.196582,0.25,1,462641,462208,433
112983341,17.9127,14.2961,438,125560,0.175316,0.31,1,462656,462218,438
112986261,8.38254,8.45923,437,125560,0.179063,0.31,1,462662,462225,437
112988101,7.27651,1.69185,444,125560,0.211813,0.25,1,462669,462225,444
112991021,3.0553,6.73837,438,125560,0.210363,0.25,1,462671,462233,438
112993941,2.21106,2.94767,438,125560,0.226073,0.25,1,462673,462235,438
112996421,4.44221,0.589535,443,125560,0.189214,0.36,1,462678,462235,443
112999341,6.48844,6.51791,442,125560,0.157843,0.34,1,462685,462243,442
113002261,2.89769,6.10358,438,125560,0.199569,0.22,1,462687,462249,438
113005181,11.7795,14.8207,435,125560,0.207914,0.23,1,462701,462266,435
113008101,3.95591,4.56414,435,125560,0.193583,0.23,1,462703,462268,435
113009941,15.9912,0.912829,454,125560,0.0867165,0.32,1,462722,462268,454
113012861,11.1982,15.3826,445,125560,0.129343,0.32,1,462732,462287,445
113015141,17.4396,8.67651,457,125560,0.177869,0.3,1,462751,462294,457
113018061,5.88793,18.5353,439,125560,0.187574,0.19,1,462754,462315,439
113019921,1.97759,8.50706,434,125560,0.173515,0.29,1,462755,462321,434
113022841,6.79552,8.10141,434,125560,0.186703,0.29,1,462763,462329,434
113025761,7.7591,1.62028,442,125560,0.197341,0.31,1,462771,462329,442
113028681,6.35182,6.72406,440,125560,0.191468,0.29,1,462777,462337,440
113031601,8.47036,10.1448,438,125560,0.198294,0.22,1,462786,462348,438
113033441,2.49407,4.42896,436,125560,0.183659,0.14,1,462787,462351,436
113036361,8.49881,4.08579,442,125560,0.148732,0.25,1,462797,462355,442
113039281,3.29976,10.4172,432,125560,0.125746,0.24,1,462799,462367,432
113041761,2.25995,6.88343,428,125560,0.209149,0.18,1,462801,462373,428
113044681,12.452,6.17669,437,125560,0.20983,0.33,1,462816,462379,437
113047601,10.4904,6.83534,440,125560,0.185966,0.24,1,462826,462386,440
113050521,6.09808,7.76707,437,125560,0.189193,0.29,1,462831,462394,437
113053441,9.21962,7.15341,440,125560,0.229839,0.24,1,462841,462401,440
113055281,2.64392,4.63068,437,125560,0.261968,0.26,1,462842,462405,437
113058201,11.7288,13.7261,435,125560,0.292394,0.26,1,462856,462421,435
113060481,3.94576,4.34523,435,125560,0.266479,0.24,1,462858,462423,435
113063401,5.58915,6.46905,434,125560,0.189296,0.24,1,462864,462430,434
113066321,17.9178,1.29381,455,125560,0.229859,0.24,1,462885,462430,455
113069241,13.1836,17.8588,445,125560,0.245972,0.25,1,462897,462452,445
113072161,13.8367,18.7718,440,125560,0.233194,0.18,1,462911,462471,440
113075081,9.16734,8.55435,442,125560,0.118639,0.28,1,462919,462477,442
113078001,9.03347,12.1109,438,125560,0.247728,0.24,1,462928,462490,438
113080661,7.40669,7.22217,439,125560,0.201546,0.24,1,462935,462496,439
113083581,3.08134,7.04443,434,125560,0.160309,0.19,1,462937,462503,434
113085861,3.81627,6.20889,432,125560,0.160062,0.2,1,462941,462509,432
113088781,27.9633,26.8418,434,125560,0.192012,0.25,1,462975,462541,434
113091701,13.5927,14.1684,433,125560,0.190402,0.22,1,462985,462552,433
113094621,9.11853,9.23367,433,125560,0.24608,0.21,1,462993,462560,433
113097541,3.42371,3.44673,433,125560,0.233216,0.21,1,462995,462562,433
113099381,3.08474,0.689347,436,125560,0.238643,0.12,1,462998,462562,436
113102301,36.6169,41.7379,429,125560,0.255729,0.21,1,463043,462614,429
113105221,28.9234,29.9476,429,125560,0.227146,0.17,1,463070,462641,429
113108141,17.7847,17.9895,429,125560,0.189429,0.18,1,463085,462656,429
113111061,9.95694,8.3979,431,125560,0.221886,0.18,1,463093,462662,431
113112901,7.59139,1.67958,438,125560,0.188377,0.21,1,463100,462662,438
113115821,3.11828,7.53592,431,125560,0.149675,0.23,1,463102,462671,431
113118101,7.82366,3.10718,438,125560,0.253935,0.2,1,463111,462673,438
113121021,3.16473,8.62144,430,125560,0.266787,0.15,1,463113,462683,430
113123941,3.83295,3.32429,432,125560,0.261357,0.21,1,463117,462685,432
113126861,2.36659,2.26486,432,125560,0.252271,0.21,1,463119,462687,432
113128501,2.87332,0.452971,435,125560,0.250454,0.21,1,463122,462687,435
113131421,6.97466,11.2906,429,125560,0.282091,0.19,1,463130,462701,429
113133281,2.99493,3.85812,429,125560,0.272418,0.06,1,463132,462703,429
113136201,23.799,15.9716,439,125560,0.118484,0.14,1,463161,462722,439
113139121,17.5598,11.1943,445,125560,0.215697,0.19,1,463177,462732,445
113142041,9.11196,17.4389,433,125560,0.227139,0.19,1,463184,462751,433
113143681,2.62239,5.88777,431,125560,0.237428,0.12,1,463185,462754,431
113146601,6.92448,5.17755,434,125560,0.167486,0.19,1,463193,462759,434
113149521,10.1849,4.23551,441,125560,0.217497,0.2,1,463204,462763,441
113152421,5.23698,7.2471,437,125560,0.195499,0.19,1,463208,462771,437
113155341,5.0474,6.24942,436,125560,0.1431,0.2,1,463213,462777,436
113158261,2.60948,8.44988,429,125560,0.14862,0.14,1,463215,462786,429
113161181,9.3219,10.49,429,125560,0.253724,0.12,1,463226,462797,429
113164101,3.46438,3.698,429,125560,0.242745,0.12,1,463228,462799,429
113165941,7.89288,0.739599,438,125560,0.176549,0.21,1,463237,462799,438
113168861,11.1786,13.7479,433,125560,0.19531,0.18,1,463249,462816,433
113171781,10.2357,10.7496,433,125560,0.215062,0.19,1,463259,462826,433
113174701,6.84714,6.14992,434,125560,0.243012,0.24,1,463265,462831,434
113177621,4.56943,9.22998,428,125560,0.176602,0.27,1,463269,462841,428
113180541,2.51389,2.646,429,125560,0.203321,0.3,1,463271,462842,429
113183461,14.1028,11.7292,432,125560,0.240664,0.26,1,463288,462856,432
113186321,9.22056,3.94584,438,125560,0.144133,0.23,1,463296,462858,438
113189241,17.0441,11.1892,444,125560,0.244827,0.24,1,463315,462871,444
113192161,13.8088,13.4378,443,125560,0.272965,0.25,1,463328,462885,443
113195081,8.36176,12.2876,438,125560,0.310593,0.23,1,463335,462897,438
113198001,16.0724,13.6575,442,125560,0.286119,0.09,1,463353,462911,442
113199841,4.01447,9.1315,435,125560,0.265224,0.28,1,463354,462919,435
113202761,4.00289,9.0263,430,125560,0.197045,0.19,1,463358,462928,430
113205681,8.80058,7.40526,433,125560,0.335409,0.19,1,463368,462935,433
113207541,5.76012,1.48105,438,125560,0.339082,0.27,1,463373,462935,438
113210461,2.75202,6.69621,432,125560,0.307816,0.2,1,463375,462943,432
113213381,26.1504,26.9392,432,125560,0.261563,0.19,1,463407,462975,432
113216301,13.2301,13.3878,432,125560,0.260313,0.26,1,463417,462985,432
113219221,10.646,9.07757,434,125560,0.316063,0.26,1,463427,462993,434
113221061,3.7292,1.81551,436,125560,0.351213,0.26,1,463429,462993,436
113223981,2.34584,3.5631,434,125560,0.326242,0.26,1,463431,462997,434
113226901,37.2692,37.5126,434,125560,0.377248,0.22,1,463477,463043,434
113229821,28.2538,29.1025,433,125560,0.26745,0.18,1,463503,463070,433
113232741,16.8508,17.8205,432,125560,0.30149,0.23,1,463517,463085,432
113235661,8.17015,9.9641,430,125560,0.308298,0.18,1,463523,463093,430
113238321,10.434,7.59282,434,125560,0.30166,0.3,1,463534,463100,434
113241241,6.88681,6.31856,434,125560,0.244332,0.28,1,463540,463106,434
113244161,7.77736,5.26371,437,125560,0.296866,0.27,1,463548,463111,437
113246641,4.75547,2.65274,439,125560,0.323373,0.28,1,463552,463113,439
113249561,2.55109,4.53055,436,125560,0.360675,0.25,1,463554,463118,436
113252481,2.91022,1.70611,438,125560,0.312135,0.25,1,463557,463119,438
113255401,2.18204,2.74122,437,125560,0.302427,0.29,1,463559,463122,437
113258321,2.03641,6.94824,431,125560,0.308485,0.08,1,463561,463130,431
113261241,28.4073,26.1896,435,125560,0.333697,0.24,1,463596,463161,435
113264161,16.0815,18.0379,432,125560,0.330739,0.23,1,463609,463177,432
113266401,6.41629,9.20759,429,125560,0.362148,0.23,1,463613,463184,429
113269321,10.8833,3.44152,439,125560,0.27243,0.15,1,463625,463186,439
113272241,6.97665,6.2883,438,125560,0.238486,0.23,1,463631,463193,438
113274721,2.99533,10.0577,429,125560,0.255697,0.19,1,463633,463204,429
113277641,8.59907,5.21153,435,125560,0.227139,0.13,1,463643,463208,435
113280561,3.31981,5.04231,432,125560,0.205428,0.15,1,463645,463213,432
113283041,3.06396,2.60846,433,125560,0.273086,0.28,1,463648,463215,433
113285961,6.21279,9.32169,429,125560,0.214617,0.24,1,463655,463226,429
113288881,4.44256,3.46434,431,125560,0.202923,0.24,1,463659,463228,431
113290741,8.08851,0.692868,440,125560,0.256585,0.2,1,463668,463228,440
113293661,13.6177,16.9386,434,125560,0.275317,0.22,1,463683,463249,434
113296581,7.52354,11.3877,430,125560,0.287063,0.25,1,463689,463259,430
113299501,9.50471,7.07754,434,125560,0.257413,0.25,1,463699,463265,434
113301141,5.90094,1.41551,439,125560,0.219483,0.28,1,463704,463265,439
113304061,2.78019,6.6831,433,125560,0.251897,0.28,1,463706,463273,433
113306981,13.356,1.33662,449,125560,0.266379,0.25,1,463722,463273,449
113309901,5.87121,12.2673,438,125560,0.221276,0.12,1,463726,463288,438
113312821,21.1742,8.85346,455,125560,0.268255,0.27,1,463751,463296,455
113315741,15.4348,16.9707,450,125560,0.301651,0.28,1,463765,463315,450
113318661,6.28697,13.7941,441,125560,0.26033,0.32,1,463769,463328,441
113320901,17.2574,8.35883,454,125560,0.260066,0.28,1,463789,463335,454
113323821,5.05148,16.0718,438,125560,0.236013,0.26,1,463791,463353,438
113325681,5.0103,4.01435,442,125560,0.175203,0.3,1,463796,463354,442
113328601,7.40206,5.60287,444,125560,0.267041,0.37,1,463804,463360,444
113331521,6.28041,7.52057,442,125560,0.285408,0.34,1,463810,463368,442
113334441,2.85608,5.50411,439,125560,0.257082,0.3,1,463812,463373,439
113337361,22.1712,2.70082,464,125560,0.275416,0.25,1,463839,463375,464
113340281,16.4342,26.1402,447,125560,0.311083,0.26,1,463854,463407,447
113343201,12.0868,13.228,448,125560,0.342217,0.33,1,463865,463417,448
113345861,4.01737,10.6456,440,125560,0.340443,0.32,1,463867,463427,440
113348781,2.40347,5.32912,438,125560,0.340089,0.39,1,463869,463431,438
113351701,34.0807,37.8658,434,125560,0.340018,0.24,1,463911,463477,434
113354621,27.6161,28.3732,434,125560,0.348004,0.31,1,463937,463503,434
113357541,16.7232,16.8746,434,125560,0.325601,0.31,1,463951,463517,434
113360001,7.34465,8.17493,433,125560,0.32112,0.3,1,463956,463523,433
113362921,14.2689,10.435,438,125560,0.248224,0.23,1,463972,463534,438
113365841,6.05379,6.887,436,125560,0.201645,0.23,1,463976,463540,436
113367701,6.81076,1.3774,443,125560,0.272329,0.31,1,463983,463540,443
113370621,4.56215,6.67548,439,125560,0.294466,0.33,1,463987,463548,439
113373541,2.51243,4.5351,437,125560,0.338893,0.37,1,463989,463552,437
113376021,5.30249,2.50702,441,125560,0.307779,0.32,1,463995,463554,441
113378941,2.6605,5.3014,437,125560,0.309556,0.32,1,463997,463560,437
113381861,2.1321,1.06028,439,125560,0.277911,0.31,1,463999,463560,439
113384781,26.0264,1.01206,470,125560,0.247582,0.34,1,464031,463561,470
113387701,17.2053,28.2024,450,125560,0.329516,0.33,1,464046,463596,450
113390621,5.04106,16.0405,439,125560,0.313903,0.25,1,464048,463609,439
113393541,10.6082,16.0081,435,125560,0.270781,0.23,1,464060,463625,435
113396461,5.32164,8.00162,433,125560,0.302156,0.23,1,464064,463631,433
113398901,2.66433,1.60032,435,125560,0.276431,0.22,1,464066,463631,435
113401821,7.73287,9.92007,432,125560,0.303286,0.22,1,464075,463643,432
113404101,3.14657,1.98401,434,125560,0.300657,0.2,1,464077,463643,434
113407021,2.22931,1.9968,434,125560,0.300131,0.29,1,464079,463645,434
113409301,10.0459,2.79936,443,125560,0.316026,0.2,1,464091,463648,443
113412221,3.60917,6.15987,438,125560,0.279205,0.2,1,464093,463655,438
113414081,1.52183,4.43197,435,125560,0.295841,0.31,1,464094,463659,435
113417001,19.5044,9.6864,448,125560,0.307168,0.28,1,464118,463670,448
113419921,7.10087,12.3373,439,125560,0.237434,0.29,1,464122,463683,439
113422821,8.62017,7.26746,442,125560,0.311487,0.25,1,464131,463689,442
113425741,6.52404,9.45349,438,125560,0.318297,0.26,1,464137,463699,438
113427601,2.10481,7.4907,432,125560,0.295659,0.27,1,464138,463706,432
113430521,6.82096,6.29814,434,125560,0.259132,0.27,1,464146,463712,434
113433441,14.9642,9.25963,441,125560,0.291826,0.21,1,464163,463722,441
113436341,21.3928,5.05193,460,125560,0.258365,0.28,1,464186,463726,460
113439261,16.2786,21.0104,450,125560,0.267673,0.31,1,464201,463751,450
113442181,6.45571,15.4021,440,125560,0.285535,0.25,1,464205,463765,440
113444661,11.6911,6.28042,449,125560,0.297107,0.26,1,464218,463769,449
113447581,3.93823,17.2561,431,125560,0.299421,0.23,1,464220,463789,431
113449441,9.58765,5.05122,440,125560,0.275884,0.17,1,464231,463791,440
113452361,6.71753,6.61024,439,125560,0.207177,0.29,1,464237,463798,439
113455281,7.74351,6.12205,441,125560,0.233435,0.29,1,464245,463804,441
113458181,5.5487,6.02441,440,125560,0.270687,0.31,1,464250,463810,440
113461101,17.1097,9.20488,450,125560,0.238137,0.28,1,464270,463820,450
113464021,17.0219,17.041,448,125560,0.199627,0.32,1,464287,463839,448
113466941,14.6044,15.4082,447,125560,0.199925,0.35,1,464301,463854,447
113469621,4.52088,11.8816,438,125560,0.167985,0.34,1,464303,463865,438
113472541,3.30418,3.97633,439,125560,0.265597,0.34,1,464306,463867,439
113474821,33.4608,2.39527,478,125560,0.189119,0.34,1,464347,463869,478
113477741,26.6922,34.0791,461,125560,0.213824,0.35,1,464372,463911,461
113480661,15.7384,27.6158,448,125560,0.258765,0.32,1,464385,463937,448
113483581,9.54769,16.7232,442,125560,0.283753,0.32,1,464393,463951,442
113486261,13.1095,7.34463,451,125560,0.288751,0.23,1,464407,463956,451
113489181,5.82191,14.2689,439,125560,0.26575,0.19,1,464411,463972,439
113492101,7.56438,6.05379,443,125560,0.17315,0.29,1,464419,463976,443
113494581,4.71288,6.81076,440,125560,0.14663,0.35,1,464423,463983,440
113497501,2.54258,6.16215,436,125560,0.141326,0.35,1,464425,463989,436
113500421,4.50852,1.23243,441,125560,0.244265,0.31,1,464430,463989,441
113503341,4.1017,6.64649,437,125560,0.304853,0.27,1,464434,463997,437
113506021,4.82034,2.9293,440,125560,0.268971,0.24,1,464439,463999,440
113508941,25.7641,26.1859,439,125560,0.253794,0.35,1,464470,464031,439
113511861,13.1528,17.2372,434,125560,0.250759,0.31,1,464480,464046,434
113514781,4.23056,5.04743,434,125560,0.282152,0.31,1,464482,464048,434
113516421,12.0461,1.00949,448,125560,0.32043,0.26,1,464496,464048,448
113519341,5.60922,9.8019,440,125560,0.264086,0.31,1,464500,464060,440
113521201,1.92184,5.16038,437,125560,0.236817,0.31,1,464501,464064,437
113524121,6.78437,9.83208,434,125560,0.247363,0.31,1,464509,464075,434
113527041,2.95687,1.96642,436,125560,0.313473,0.3,1,464511,464075,436
113529521,2.19137,1.99328,436,125560,0.302695,0.26,1,464513,464077,436
113532441,5.23828,5.19866,436,125560,0.300539,0.32,1,464519,464083,436
113535361,10.6477,7.43973,440,125560,0.292108,0.27,1,464531,464091,440
113537841,3.72953,3.08795,440,125560,0.290422,0.3,1,464533,464093,440
113540761,11.9459,3.01759,451,125560,0.338084,0.31,1,464547,464096,451
113543681,11.9892,18.2035,441,125560,0.331617,0.22,1,464559,464118,441
113546581,5.59784,6.8407,441,125560,0.274323,0.33,1,464563,464122,441
113549501,10.7196,8.56814,444,125560,0.270865,0.32,1,464575,464131,444
113552421,3.74391,6.51363,440,125560,0.270173,0.25,1,464577,464137,440
113555341,7.14878,8.50273,439,125560,0.238035,0.3,1,464585,464146,439
113558261,7.82976,15.3005,430,125560,0.335607,0.25,1,464593,464163,430
113561181,23.966,21.4601,435,125560,0.355121,0.27,1,464621,464186,435
113564101,14.3932,16.292,432,125560,0.343024,0.29,1,464633,464201,432
113566961,11.6786,6.4584,439,125560,0.284605,0.3,1,464644,464205,439
113569881,9.53573,11.6917,435,125560,0.272921,0.3,1,464653,464218,435
113572801,3.50715,3.93834,435,125560,0.278584,0.27,1,464655,464220,435
113574661,11.1014,9.58767,437,125560,0.287717,0.19,1,464668,464231,437
113577581,3.82029,6.71753,433,125560,0.257543,0.24,1,464670,464237,433
113580481,10.3641,7.74351,437,125560,0.267509,0.28,1,464682,464245,437
113583401,6.87281,5.5487,438,125560,0.269502,0.23,1,464688,464250,438
113586321,14.9746,17.1097,435,125560,0.3019,0.19,1,464705,464270,435
113589241,15.7949,17.0219,434,125560,0.30038,0.2,1,464721,464287,434
113592161,15.959,14.6044,436,125560,0.228076,0.16,1,464737,464301,436
113595041,5.5918,4.52088,437,125560,0.157615,0.34,1,464740,464303,437
113597961,7.51836,9.70418,434,125560,0.263523,0.17,1,464748,464314,434
113600881,44.7037,28.3408,455,125560,0.260705,0.22,1,464802,464347,455
113603801,24.1407,25.6682,449,125560,0.236141,0.27,1,464821,464372,449
113606721,11.2281,15.5336,444,125560,0.191228,0.29,1,464829,464385,444
113609641,7.04563,9.50673,442,125560,0.246246,0.29,1,464835,464393,442
113612561,4.60913,13.1013,432,125560,0.241249,0.26,1,464839,464407,432
113615221,12.1218,5.82027,442,125560,0.28025,0.15,1,464853,464411,442
113618141,6.42436,7.56405,439,125560,0.20805,0.14,1,464858,464419,439
113620001,2.88487,4.71281,437,125560,0.16961,0.32,1,464860,464423,437
113622921,6.97697,9.74256,434,125560,0.241922,0.32,1,464868,464434,434
113625841,2.99539,1.94851,436,125560,0.248384,0.32,1,464870,464434,436
113628761,2.19908,0.389702,438,125560,0.305677,0.26,1,464872,464434,438
113631441,3.63982,4.07794,437,125560,0.253135,0.25,1,464876,464439,437
113634361,23.928,25.6156,435,125560,0.194627,0.25,1,464905,464470,435
113636641,15.9856,13.1231,439,125560,0.286925,0.29,1,464919,464480,439
113639561,4.79712,4.22462,439,125560,0.297385,0.33,1,464921,464482,439
113642481,13.7594,12.0449,441,125560,0.227477,0.25,1,464937,464496,441
113644961,4.35188,5.60898,439,125560,0.181495,0.27,1,464939,464500,439
113647881,7.27038,7.5218,439,125560,0.156299,0.25,1,464947,464508,439
113650801,3.05408,2.30436,440,125560,0.15926,0.33,1,464949,464509,440
113653701,5.41082,2.06087,444,125560,0.127852,0.33,1,464955,464511,444
113656621,2.68216,7.61217,437,125560,0.0895704,0.29,1,464957,464520,437
113659541,3.73643,10.3224,430,125560,0.161914,0.29,1,464961,464531,430
113662461,3.94729,3.66449,432,125560,0.136383,0.29,1,464965,464533,432
113664101,15.9895,0.732897,451,125560,0.211277,0.35,1,464984,464533,451
113667021,11.1979,11.3466,447,125560,0.234255,0.33,1,464994,464547,447
113669941,5.43958,11.8693,439,125560,0.198851,0.26,1,464998,464559,439
113672421,9.08792,5.57386,445,125560,0.24777,0.27,1,465008,464563,445
113675341,3.41758,10.7148,435,125560,0.265554,0.27,1,465010,464575,435
113677201,1.48352,3.74295,434,125560,0.285111,0.23,1,465011,464577,434
113680121,9.0967,7.14859,437,125560,0.209022,0.36,1,465022,464585,437
113683041,5.01934,7.82972,433,125560,0.225804,0.36,1,465026,464593,433
113685961,25.8039,23.9659,436,125560,0.125161,0.34,1,465057,464621,436
113688881,13.9608,14.3932,435,125560,0.241032,0.27,1,465068,464633,435
113691801,11.5922,11.6786,435,125560,0.288206,0.27,1,465079,464644,435
113694721,10.3184,9.53573,436,125560,0.241641,0.27,1,465089,464653,436
113696341,2.86369,1.90715,437,125560,0.248328,0.28,1,465090,464653,437
113699261,7.77274,1.98143,444,125560,0.281666,0.25,1,465099,464655,444
113702181,7.15455,12.3963,436,125560,0.288333,0.27,1,465106,464670,436
113705101,7.83091,12.0793,432,125560,0.257667,0.27,1,465114,464682,432
113708021,9.56618,7.21585,436,125560,0.275533,0.27,1,465124,464688,436
113709861,8.31324,1.44317,444,125560,0.303107,0.31,1,465132,464688,444
113712781,14.4626,13.8886,443,125560,0.244621,0.3,1,465148,464705,443
113715701,20.4925,15.5777,449,125560,0.240924,0.21,1,465170,464721,449
113718621,5.69851,15.9155,435,125560,0.208185,0.14,1,465172,464737,435
113721541,8.3397,5.58311,441,125560,0.217637,0.29,1,465181,464740,441
113724421,44.0679,7.51662,486,125560,0.187527,0.26,1,465234,464748,486
113727341,24.0136,44.7033,451,125560,0.285505,0.23,1,465253,464802,451
113730261,12.0027,24.1407,441,125560,0.257101,0.18,1,465262,464821,441
113733181,7.20054,11.2281,439,125560,0.21142,0.26,1,465268,464829,439
113735861,5.44011,7.04563,438,125560,0.242284,0.24,1,465273,464835,438
113738781,6.68802,4.60913,441,125560,0.248457,0.29,1,465280,464839,441
113741701,10.1376,12.1218,438,125560,0.297691,0.19,1,465291,464853,438
113744181,3.62752,6.42436,435,125560,0.275538,0.26,1,465293,464858,435
113747101,8.7255,9.28487,435,125560,0.319108,0.25,1,465303,464868,435
113750021,3.3451,3.45697,435,125560,0.319822,0.25,1,465305,464870,435
113752501,3.86902,0.691395,439,125560,0.287964,0.28,1,465309,464870,439
113755421,2.3738,3.33828,437,125560,0.289593,0.24,1,465311,464874,437
113758341,22.8748,2.26766,463,125560,0.257919,0.18,1,465339,464876,463
113761261,12.575,23.6535,444,125560,0.211584,0.3,1,465349,464905,444
113764181,4.11499,17.5307,430,125560,0.202317,0.3,1,465351,464921,430
113766021,12.823,3.50614,445,125560,0.312463,0.21,1,465366,464921,445
113768941,4.1646,13.5012,431,125560,0.302493,0.17,1,465368,464937,431
113771221,8.03292,4.30025,438,125560,0.332499,0.18,1,465377,464939,438
113774141,3.20658,8.06005,431,125560,0.3385,0.16,1,465379,464948,431
113777061,3.84132,2.41201,434,125560,0.3157,0.12,1,465383,464949,434
113779541,7.16826,5.2824,436,125560,0.25514,0.14,1,465391,464955,436
113782461,3.03365,7.45648,430,125560,0.299028,0.14,1,465393,464963,430
113785381,2.20673,1.4913,432,125560,0.291806,0.13,1,465395,464963,432
113788301,18.0413,1.89826,452,125560,0.282361,0.24,1,465417,464965,452
113791221,12.4083,23.5797,434,125560,0.224472,0.19,1,465428,464994,434
113794141,5.68165,7.91593,434,125560,0.156894,0.19,1,465432,464998,434
113796181,5.93633,1.58319,440,125560,0.231379,0.26,1,465438,464998,440
113799101,2.78727,8.31664,432,125560,0.286276,0.27,1,465440,465008,432
113800961,1.35745,3.26333,431,125560,0.281255,0.27,1,465441,465010,431
113803881,13.0715,11.8527,433,125560,0.296251,0.27,1,465457,465024,433
113806801,4.2143,2.37053,435,125560,0.26725,0.23,1,465459,465024,435
113809721,25.6429,2.07411,464,125560,0.29345,0.1,1,465490,465026,464
113812641,13.9286,25.2148,444,125560,0.30669,0.27,1,465501,465057,444
113815561,11.5857,13.843,444,125560,0.309338,0.3,1,465512,465068,444
113818481,12.7171,11.5686,446,125560,0.253868,0.23,1,465525,465079,446
113821401,4.14343,10.3137,438,125560,0.250774,0.29,1,465527,465089,438
113824321,7.22869,10.0627,436,125560,0.226155,0.29,1,465535,465099,436
113826961,4.64574,7.61255,433,125560,0.293231,0.25,1,465539,465106,433
113829881,9.72915,7.92251,436,125560,0.274646,0.28,1,465550,465114,436
113832801,8.34583,9.5845,434,125560,0.214929,0.31,1,465558,465124,434
113835281,11.2692,8.3169,438,125560,0.362986,0.23,1,465570,465132,438
113838201,14.2538,14.4634,437,125560,0.312597,0.24,1,465585,465148,437
113841121,15.6508,20.4927,431,125560,0.302519,0.2,1,465601,465170,431
113843601,5.53015,5.69854,432,125560,0.284504,0.36,1,465604,465172,432
113846521,13.906,9.93971,437,125560,0.232901,0.18,1,465620,465183,437
113849441,41.9812,42.7879,435,125560,0.31858,0.31,1,465669,465234,435
113852361,24.3962,23.7576,436,125560,0.295716,0.25,1,465689,465253,436
113855041,11.2792,11.9515,435,125560,0.315143,0.2,1,465697,465262,435
113857961,7.05585,7.1903,435,125560,0.303029,0.25,1,465703,465268,435
113860881,6.21117,5.43806,436,125560,0.276606,0.25,1,465709,465273,436
113862741,6.04223,1.08761,442,125560,0.311321,0.25,1,465715,465273,442
113865661,11.6084,5.81752,448,125560,0.334264,0.31,1,465728,465280,448
113868581,3.92169,9.9635,439,125560,0.306853,0.27,1,465730,465291,439
113871061,6.38434,3.5927,444,125560,0.229371,0.33,1,465737,465293,444
113873981,4.47687,8.71854,438,125560,0.365874,0.32,1,465741,465303,438
113876261,4.09537,3.34371,440,125560,0.369175,0.28,1,465745,465305,440
113879181,2.41907,3.86874,438,125560,0.337835,0.29,1,465747,465309,438
113882101,19.6838,2.37375,460,125560,0.299567,0.25,1,465771,465311,460
113885021,16.7368,22.8747,448,125560,0.259913,0.2,1,465787,465339,448
113887941,4.94735,12.5749,440,125560,0.307983,0.2,1,465789,465349,440
113890821,13.7895,4.11499,454,125560,0.309597,0.3,1,465805,465351,454
113893741,4.35789,14.423,439,125560,0.317919,0.34,1,465807,465368,439
113896661,4.07158,10.0846,434,125560,0.263584,0.34,1,465811,465377,434
113899581,2.41432,3.61692,434,125560,0.292717,0.31,1,465813,465379,434
113901221,10.0829,3.92338,442,125560,0.322543,0.24,1,465825,465383,442
113904141,5.21657,7.18468,438,125560,0.272509,0.31,1,465829,465391,438
113907061,3.44331,3.03694,439,125560,0.214502,0.29,1,465832,465393,439
113909981,2.28866,2.20739,439,125560,0.2989,0.28,1,465834,465395,439
113912901,10.8577,18.0415,430,125560,0.20378,0.21,1,465847,465417,430
113915821,14.1715,12.4083,434,125560,0.240756,0.14,1,465862,465428,434
113918741,6.03431,5.68166,434,125560,0.192151,0.25,1,465866,465432,434
113921601,9.20686,5.93633,438,125560,0.27843,0.28,1,465876,465438,438
113924521,5.04137,5.18727,437,125560,0.255686,0.28,1,465880,465443,437
113927441,12.2083,1.03745,451,125560,0.275137,0.3,1,465894,465443,451
113930361,4.04165,11.4075,439,125560,0.279027,0.26,1,465896,465457,439
113932001,1.60833,3.8815,438,125560,0.263806,0.3,1,465897,465459,438
113934921,22.7217,25.5763,435,125560,0.284761,0.31,1,465925,465490,435
113937201,13.3443,13.9153,435,125560,0.288952,0.31,1,465936,465501,435
113940121,12.2689,11.5831,436,125560,0.24979,0.24,1,465948,465512,436
113943041,10.4538,12.7166,433,125560,0.273958,0.25,1,465958,465525,433
113945961,6.89075,4.14332,437,125560,0.334792,0.25,1,465964,465527,437
113948021,7.77815,0.828664,445,125560,0.330958,0.22,1,465972,465527,445
113950941,3.15563,6.56573,439,125560,0.298192,0.31,1,465974,465535,439
113953221,5.43113,4.51315,441,125560,0.259638,0.27,1,465980,465539,441
113956141,13.8862,9.70263,446,125560,0.227928,0.2,1,465996,465550,446
113958001,3.57724,8.34053,439,125560,0.205586,0.4,1,465997,465558,439
113960921,15.9154,11.2681,446,125560,0.337117,0.3,1,466016,465570,446
113963841,19.1831,14.2536,451,125560,0.379423,0.3,1,466036,465585,451
113966761,5.43662,15.6507,437,125560,0.387885,0.28,1,466038,465601,437
113968401,1.88732,5.53014,435,125560,0.373577,0.22,1,466039,465604,435
113971321,16.3775,13.906,439,125560,0.298715,0.34,1,466059,465620,439
113974241,44.0755,41.9812,441,125560,0.355743,0.29,1,466110,465669,441
113977161,21.6151,24.3962,437,125560,0.303149,0.32,1,466126,465689,437
113979841,10.723,11.2792,437,125560,0.26063,0.3,1,466134,465697,437
113982761,6.9446,7.05585,437,125560,0.316126,0.27,1,466140,465703,437
113985681,7.78892,6.21117,439,125560,0.335225,0.27,1,466148,465709,439
113987541,7.15778,1.24223,446,125560,0.315045,0.34,1,466155,465709,446
113990461,4.63156,15.4484,431,125560,0.287009,0.3,1,466159,465728,431
113993381,5.72631,4.68969,435,125560,0.305402,0.21,1,466165,465730,435
113996301,8.34526,6.53794,437,125560,0.27708,0.21,1,466174,465737,437
113997941,3.26905,1.30759,439,125560,0.271416,0.4,1,466176,465737,439
114000861,7.05381,3.46152,443,125560,0.318283,0.33,1,466184,465741,443
114003781,3.01076,5.4923,439,125560,0.335657,0.29,1,466186,465747,439
114006701,16.6022,20.2985,435,125560,0.283131,0.25,1,466206,465771,435
114009621,17.7204,16.8597,437,125560,0.344626,0.32,1,466224,465787,437
114012541,5.14409,4.97194,437,125560,0.348925,0.32,1,466226,465789,437
114014581,11.4288,0.994388,450,125560,0.365785,0.31,1,466239,465789,450
114017501,3.88576,12.9989,436,125560,0.337157,0.32,1,466241,465805,436
114019781,3.97715,4.19978,438,125560,0.347431,0.25,1,466245,465807,438
114022701,5.59543,4.03996,440,125560,0.301486,0.3,1,466251,465811,440
114024561,1.91909,2.40799,439,125560,0.308297,0.33,1,466252,465813,439
114027481,8.38382,10.0816,437,125560,0.333659,0.26,1,466262,465825,437
114029761,4.87676,5.21632,437,125560,0.338732,0.28,1,466266,465829,437
114032681,2.57535,7.44326,431,125560,0.307746,0.28,1,466268,465837,431
114035601,9.31507,1.48865,442,125560,0.317549,0.18,1,466279,465837,442
114038521,15.463,8.29773,449,125560,0.33551,0.25,1,466296,465847,449
114041441,6.2926,13.6595,438,125560,0.275102,0.18,1,466300,465862,438
114043281,2.05852,5.93191,435,125560,0.25502,0.3,1,466301,465866,435
114046201,8.4117,9.18638,435,125560,0.379004,0.25,1,466311,465876,435
114049121,4.88234,5.03728,435,125560,0.395801,0.25,1,466315,465880,435
114050981,10.5765,1.00746,447,125560,0.40716,0.28,1,466327,465880,447
114053901,3.71529,11.4015,435,125560,0.401432,0.28,1,466329,465894,435
114056181,3.94306,3.8803,437,125560,0.344286,0.29,1,466333,465896,437
114059101,23.9886,23.9761,437,125560,0.404857,0.29,1,466362,465925,437
114062021,11.9977,13.5952,435,125560,0.280971,0.24,1,466371,465936,435
114064941,12.7995,12.319,436,125560,0.360194,0.28,1,466384,465948,436
114067861,14.5599,10.4638,441,125560,0.312039,0.35,1,466399,465958,441
114070321,4.51198,6.89276,437,125560,0.278408,0.33,1,466401,465964,437
114073241,5.7024,7.77855,435,125560,0.359682,0.29,1,466407,465972,435
114076161,4.34048,3.15571,437,125560,0.351936,0.25,1,466411,465974,437
114079081,16.8681,5.43114,451,125560,0.230387,0.22,1,466431,465980,451
114082001,4.97362,13.8862,437,125560,0.326077,0.2,1,466433,465996,437
114084921,15.3947,3.57725,454,125560,0.329215,0.37,1,466451,465997,454
114087841,18.2789,15.9154,454,125560,0.329843,0.39,1,466470,466016,454
114090761,5.25579,19.1831,436,125560,0.297969,0.39,1,466472,466036,436
114092581,6.65116,5.43662,441,125560,0.363594,0.28,1,466479,466038,441
114095501,14.1302,17.8873,436,125560,0.344719,0.37,1,466495,466059,436
114098421,44.426,44.3775,437,125560,0.388944,0.29,1,466547,466110,437
114101341,18.4852,21.6755,433,125560,0.309789,0.25,1,466559,466126,433
114104261,11.697,10.7351,435,125560,0.333958,0.25,1,466569,466134,435
114106101,9.53941,2.14702,444,125560,0.314792,0.33,1,466578,466134,444
114109021,5.10788,5.2294,442,125560,0.318958,0.34,1,466582,466140,442
114111941,9.02158,7.44588,444,125560,0.359792,0.28,1,466592,466148,444
114114861,5.00432,10.2892,437,125560,0.399958,0.31,1,466596,466159,437
114117781,4.20086,6.85784,435,125560,0.335992,0.27,1,466600,466165,435
114120701,12.0402,8.57157,440,125560,0.363198,0.27,1,466614,466174,440
114122741,4.00803,1.71431,442,125560,0.33664,0.33,1,466616,466174,442
114125661,4.00161,8.34286,436,125560,0.363328,0.34,1,466620,466184,436
114128561,2.40032,3.26857,436,125560,0.336666,0.27,1,466622,466186,436
114131481,18.0801,16.6537,438,125560,0.355333,0.36,1,466644,466206,438
114134401,19.616,17.7307,440,125560,0.423067,0.35,1,466664,466224,440
114136881,5.5232,5.14615,440,125560,0.396613,0.37,1,466666,466226,440
114139801,9.90464,11.4292,438,125560,0.415323,0.33,1,466677,466239,438
114142721,3.58093,3.88585,438,125560,0.419065,0.35,1,466679,466241,438
114144581,6.31619,3.97717,441,125560,0.403813,0.29,1,466686,466245,441
114147501,2.86324,5.59543,437,125560,0.408763,0.31,1,466688,466251,437
114150421,6.17265,1.91909,443,125560,0.377752,0.34,1,466695,466252,443
114153341,6.83453,8.38382,440,125560,0.403551,0.34,1,466702,466262,440
114156261,2.96691,4.87676,438,125560,0.40871,0.3,1,466704,466266,438
114159141,12.5934,2.57535,451,125560,0.361742,0.32,1,466719,466268,451
114162061,12.1187,9.31507,452,125560,0.360348,0.34,1,466731,466279,452
114164981,10.4237,15.463,445,125560,0.33607,0.26,1,466741,466296,445
114167461,3.68475,6.2926,443,125560,0.387214,0.41,1,466743,466300,443
114170381,7.13695,10.0585,440,125560,0.421443,0.4,1,466751,466311,440
114173301,6.22739,5.2117,442,125560,0.484289,0.4,1,466757,466315,442
114175781,10.0455,1.04234,453,125560,0.432858,0.4,1,466768,466315,453
114178701,3.6091,11.4085,441,125560,0.446572,0.33,1,466770,466329,441
114181621,5.52182,5.48169,443,125560,0.401314,0.42,1,466776,466333,443
114184541,16.3044,24.2963,433,125560,0.456263,0.25,1,466795,466362,433
114187461,17.6609,12.0593,442,125560,0.427253,0.38,1,466813,466371,442
114190381,9.93217,12.8119,437,125560,0.365451,0.3,1,466821,466384,437
114193301,16.3864,14.5624,440,125560,0.38509,0.27,1,466839,466399,440
114195121,4.07729,4.51247,439,125560,0.381018,0.38,1,466840,466401,439
114198041,5.61546,5.70249,439,125560,0.300204,0.35,1,466846,466407,439
114200961,2.72309,4.3405,437,125560,0.332041,0.35,1,466848,466411,437
114202821,12.5446,0.8681,452,125560,0.370408,0.2,1,466863,466411,452
114205741,4.90892,16.1736,435,125560,0.378082,0.35,1,466866,466431,435
114208021,20.1818,4.83472,457,125560,0.435616,0.33,1,466890,466433,457
114210941,20.0364,15.3669,459,125560,0.335123,0.33,1,466910,466451,459
114213861,5.60727,18.2734,442,125560,0.283025,0.29,1,466912,466470,442
114215921,2.72145,5.25468,442,125560,0.264605,0.38,1,466914,466472,442
114218841,18.1443,6.65094,457,125560,0.356921,0.34,1,466936,466479,457
114221761,41.2289,14.1302,488,125560,0.343384,0.4,1,466983,466495,488
114224681,19.4458,44.426,450,125560,0.380677,0.29,1,466997,466547,450
114227601,10.2892,18.4852,446,125560,0.356135,0.34,1,467005,466559,446
114229441,2.85783,11.697,437,125560,0.367227,0.31,1,467006,466569,437
114232361,13.3716,9.53941,444,125560,0.337445,0.32,1,467022,466578,444
114235281,9.07431,5.10788,448,125560,0.363489,0.37,1,467030,466582,448
114238201,5.01486,9.02158,442,125560,0.376698,0.41,1,467034,466592,442
114239841,1.80297,5.00432,439,125560,0.39534,0.34,1,467035,466596,439
114242761,6.76059,5.00086,442,125560,0.375068,0.37,1,467043,466601,442
114245681,10.9521,11.4002,441,125560,0.379014,0.33,1,467055,466614,441
114248161,5.39042,3.88003,443,125560,0.331803,0.35,1,467059,466616,443
114251081,4.27808,4.77601,442,125560,0.290361,0.33,1,467063,466621,442
114254001,2.45562,1.7552,443,125560,0.258072,0.36,1,467065,466622,443
114256921,16.4911,17.951,441,125560,0.347614,0.44,1,467085,466644,441
114259841,17.6982,19.5902,439,125560,0.333523,0.39,1,467103,466664,439
114261681,8.33964,5.51804,443,125560,0.290705,0.42,1,467109,466666,443
114264601,9.66793,9.90361,442,125560,0.266141,0.42,1,467119,466677,442
114267521,3.53359,3.58072,442,125560,0.333228,0.42,1,467121,466679,442
114269381,3.10672,0.716144,445,125560,0.330646,0.41,1,467124,466679,445
114272301,2.22134,7.34323,438,125560,0.298129,0.37,1,467126,466688,438
114275221,9.24427,7.06865,442,125560,0.347626,0.41,1,467137,466695,442
114278141,5.04885,7.01373,439,125560,0.341525,0.41,1,467141,466702,439
114279781,2.60977,1.40275,441,125560,0.308305,0.41,1,467143,466702,441
114282701,12.522,3.48055,452,125560,0.381661,0.35,1,467158,466706,452
114285621,12.9044,11.0961,452,125560,0.356332,0.36,1,467171,466719,452
114288541,14.5809,11.8192,455,125560,0.239266,0.33,1,467186,466731,455
114291221,6.11618,10.3638,449,125560,0.255853,0.37,1,467190,466741,449
114294141,5.22324,5.27277,450,125560,0.307171,0.43,1,467195,466745,450
114297061,4.24465,5.85455,448,125560,0.285434,0.5,1,467199,466751,448
114299981,7.24893,5.97091,450,125560,0.329087,0.45,1,467207,466757,450
114302901,3.04979,11.5942,439,125560,0.337817,0.39,1,467209,466770,439
114305821,9.40996,7.11884,444,125560,0.291563,0.47,1,467220,466776,444
114308741,17.082,16.6238,444,125560,0.290313,0.42,1,467239,466795,444
114311661,13.8164,17.7248,439,125560,0.338063,0.35,1,467252,466813,439
114314581,13.1633,9.94495,444,125560,0.299612,0.39,1,467265,466821,444
114317501,13.0327,16.389,439,125560,0.323923,0.38,1,467278,466839,439
114320421,4.20653,4.0778,440,125560,0.296784,0.28,1,467280,466840,440
114322421,11.2413,5.61556,447,125560,0.323357,0.41,1,467293,466846,447
114325341,3.84826,6.72311,442,125560,0.328671,0.38,1,467295,466853,442
114328261,3.96965,9.34462,436,125560,0.265734,0.38,1,467299,466863,436
114331181,2.39393,4.26892,435,125560,0.253147,0.45,1,467301,466866,435
114334101,38.0788,20.0538,458,125560,0.298629,0.31,1,467348,466890,458
114337021,11.6158,20.0108,443,125560,0.219726,0.27,1,467353,466910,443
114338641,3.12315,5.60215,442,125560,0.187945,0.45,1,467354,466912,442
114341561,13.4246,7.52043,450,125560,0.237589,0.38,1,467370,466920,450
114344481,41.8849,14.3041,483,125560,0.271518,0.34,1,467419,466936,483
114347401,21.977,40.4608,453,125560,0.182304,0.39,1,467436,466983,453
114350321,10.7954,19.2922,447,125560,0.204461,0.35,1,467444,466997,447
114352161,2.95908,10.2584,440,125560,0.224892,0.4,1,467445,467005,440
114355081,13.3918,5.25169,452,125560,0.204978,0.33,1,467461,467009,452
114358001,9.07836,11.4503,447,125560,0.224996,0.37,1,467469,467022,447
114360481,5.01567,8.69007,443,125560,0.252999,0.35,1,467473,467030,443
114363401,4.20313,7.33801,440,125560,0.2666,0.35,1,467477,467037,440
114366321,6.44063,1.4676,447,125560,0.28532,0.37,1,467484,467037,447
114369241,6.08813,5.09352,447,125560,0.265064,0.38,1,467490,467043,447
114372161,7.61763,10.6187,443,125560,0.245013,0.32,1,467498,467055,443
114374421,4.72352,5.32374,443,125560,0.241003,0.28,1,467502,467059,443
114377341,2.5447,4.26475,441,125560,0.208201,0.25,1,467504,467063,441
114379201,1.30894,2.45295,440,125560,0.18564,0.37,1,467505,467065,440
114382121,11.4618,16.4906,434,125560,0.237128,0.33,1,467519,467085,434
114385041,19.8924,17.6981,438,125560,0.319426,0.28,1,467541,467103,438
114387961,16.7785,8.33962,448,125560,0.287885,0.26,1,467557,467109,448
114390881,4.95569,9.66792,440,125560,0.257577,0.35,1,467559,467119,440
114392721,1.79114,3.53358,439,125560,0.235515,0.33,1,467560,467121,439
114395641,3.55823,3.10672,440,125560,0.199103,0.29,1,467564,467124,440
114398561,11.1116,2.22134,451,125560,0.247821,0.36,1,467577,467126,451
114401481,3.82233,9.24427,442,125560,0.233564,0.34,1,467579,467137,442
114403121,1.56447,5.04885,439,125560,0.254713,0.3,1,467580,467141,439
114406041,7.51289,2.60977,446,125560,0.194943,0.4,1,467589,467143,446
114408961,14.3026,12.522,447,125560,0.190988,0.35,1,467605,467158,447
114411881,17.2605,12.9044,452,125560,0.190198,0.21,1,467623,467171,452
114414801,5.0521,14.5809,439,125560,0.15004,0.26,1,467625,467186,439
114416641,1.81042,6.11618,436,125560,0.126008,0.32,1,467626,467190,436
114419561,6.76208,5.22324,439,125560,0.185202,0.28,1,467634,467195,439
114421841,4.55242,4.24465,439,125560,0.26104,0.34,1,467638,467199,439
114424761,4.11048,7.24893,435,125560,0.268208,0.34,1,467642,467207,435
114427681,2.4221,3.04979,435,125560,0.261642,0.34,1,467644,467209,435
114429541,10.0844,0.609957,447,125560,0.300328,0.28,1,467656,467209,447
114432461,13.2169,8.92199,450,125560,0.316066,0.29,1,467670,467220,450
114435381,17.0434,16.9844,449,125560,0.151213,0.35,1,467688,467239,449
114438301,15.4087,13.7969,451,125560,0.230243,0.29,1,467703,467252,451
114441221,10.2817,13.1594,447,125560,0.294049,0.33,1,467712,467265,447
114444141,3.65635,13.0319,436,125560,0.31481,0.29,1,467714,467278,436
114446181,11.1313,4.20638,447,125560,0.294962,0.33,1,467727,467280,447
114449101,3.82625,11.2413,436,125560,0.274992,0.33,1,467729,467293,436
114450961,3.16525,3.84825,437,125560,0.246998,0.25,1,467732,467295,437
114453881,2.23305,5.56965,433,125560,0.2734,0.25,1,467734,467301,433
114456801,34.0466,1.11393,475,125560,0.18268,0.31,1,467776,467301,475
114459721,14.0093,37.8228,437,125560,0.284536,0.2,1,467785,467348,437
114461361,3.60186,11.5646,433,125560,0.288907,0.31,1,467786,467353,433
114464281,15.9204,7.11291,446,125560,0.241781,0.25,1,467805,467359,446
114467201,40.7841,10.2226,482,125560,0.208356,0.28,1,467852,467370,482
114470121,24.1568,41.2445,453,125560,0.209671,0.16,1,467872,467419,453
114473041,8.03136,21.8489,440,125560,0.265934,0.21,1,467876,467436,440
114475961,3.20627,10.7698,434,125560,0.293187,0.23,1,467878,467444,434
114478881,15.0413,2.95396,451,125560,0.242637,0.2,1,467896,467445,451
114481801,7.80825,13.3908,441,125560,0.216527,0.23,1,467902,467461,441
114484721,5.56165,9.07816,438,125560,0.259306,0.26,1,467907,467469,438
114486741,4.31233,5.01563,438,125560,0.235861,0.27,1,467911,467473,438
114489661,4.86247,5.80313,437,125560,0.231172,0.29,1,467916,467479,437
114492581,7.37249,5.16063,440,125560,0.262234,0.26,1,467924,467484,440
114495061,3.8745,5.83213,437,125560,0.276447,0.24,1,467927,467490,437
114497981,4.7749,7.56643,434,125560,0.207289,0.24,1,467932,467498,434
114499841,1.75498,4.71328,431,125560,0.185458,0.16,1,467933,467502,431
114502761,9.951,7.34266,435,125560,0.293092,0.16,1,467945,467510,435
114505681,7.5902,1.46853,442,125560,0.234618,0.25,1,467952,467510,442
114508601,18.318,7.49371,454,125560,0.254924,0.34,1,467973,467519,454
114511521,16.4636,19.0987,448,125560,0.250985,0.28,1,467989,467541,448
114514441,5.69272,16.6197,435,125560,0.258197,0.25,1,467992,467557,435
114516901,6.73854,4.92395,440,125560,0.275639,0.19,1,467999,467559,440
114519821,2.94771,4.98479,437,125560,0.327128,0.26,1,468001,467564,437
114522741,6.18954,11.397,431,125560,0.289426,0.23,1,468008,467577,431
114525661,2.83791,3.87939,431,125560,0.305885,0.23,1,468010,467579,431
114527301,7.76758,0.775878,440,125560,0.277177,0.18,1,468019,467579,440
114530221,4.75352,8.15518,434,125560,0.247435,0.19,1,468023,467589,434
114533141,12.9507,14.431,433,125560,0.297487,0.19,1,468038,467605,433
114536061,14.5901,17.2862,430,125560,0.275497,0.14,1,468053,467623,430
114538981,9.31803,5.05724,436,125560,0.295099,0.14,1,468061,467625,436
114540821,7.46361,1.01145,443,125560,0.21902,0.2,1,468068,467625,443
114543741,3.09272,7.40229,436,125560,0.227804,0.28,1,468070,467634,436
114546661,3.81854,4.68046,436,125560,0.221561,0.27,1,468074,467638,436
114549141,4.76371,4.13609,437,125560,0.284312,0.34,1,468079,467642,437
114552061,3.35274,3.22722,437,125560,0.280862,0.31,1,468082,467645,437
114554981,2.27055,9.44544,428,125560,0.312173,0.32,1,468084,467656,428
114557901,15.6541,13.0891,433,125560,0.254434,0.11,1,468103,467670,433
114560821,18.3308,17.0178,434,125560,0.258887,0.25,1,468122,467688,434
114563741,18.0662,15.4036,437,125560,0.331777,0.31,1,468140,467703,437
114566661,10.0132,10.2807,436,125560,0.250355,0.32,1,468148,467712,436
114568481,2.80265,3.65614,435,125560,0.226071,0.29,1,468149,467714,435
114571401,11.7605,11.1312,436,125560,0.325214,0.27,1,468163,467727,436
114574321,3.95211,3.82625,436,125560,0.361043,0.24,1,468165,467729,436
114576181,5.59042,3.16525,439,125560,0.328209,0.32,1,468171,467732,439
114579101,3.51808,7.83305,433,125560,0.377642,0.16,1,468174,467741,433
114582021,31.1036,29.5666,436,125560,0.251528,0.31,1,468212,467776,436
114584081,7.82072,13.1133,429,125560,0.258306,0.29,1,468214,467785,429
114587001,19.1641,3.42266,450,125560,0.219661,0.23,1,468236,467786,450
114589921,45.4328,15.8845,483,125560,0.275932,0.2,1,468288,467805,483
114592841,21.8866,40.7769,452,125560,0.311186,0.21,1,468304,467852,452
114595761,8.37731,24.1554,437,125560,0.302237,0.28,1,468309,467872,437
114597601,3.27546,8.03108,435,125560,0.260447,0.23,1,468311,467876,435
114600521,5.45509,7.20622,434,125560,0.220089,0.23,1,468317,467883,434
114603441,12.291,11.8412,435,125560,0.300018,0.21,1,468331,467896,435
114606361,7.2582,7.16825,435,125560,0.260004,0.21,1,468337,467902,435
114608421,3.05164,1.43365,437,125560,0.212001,0.27,1,468339,467902,437
114611341,5.41033,4.28673,438,125560,0.2584,0.23,1,468345,467907,438
114613621,6.68207,4.05735,441,125560,0.32368,0.23,1,468352,467911,441
114616541,4.53641,4.81147,440,125560,0.368736,0.27,1,468356,467916,440
114619461,7.30728,7.36229,440,125560,0.321747,0.28,1,468364,467924,440
114621941,6.26146,3.87246,443,125560,0.248349,0.24,1,468370,467927,443
114624861,2.85229,6.37449,438,125560,0.30567,0.32,1,468372,467934,438
114627781,5.37046,10.0749,433,125560,0.325134,0.22,1,468378,467945,433
114630701,9.07409,7.61498,436,125560,0.305027,0.22,1,468388,467952,436
114632341,14.6148,1.523,452,125560,0.293005,0.26,1,468404,467952,452
114635261,20.523,17.1046,453,125560,0.242601,0.25,1,468426,467973,453
114638181,6.50459,16.2209,440,125560,0.21652,0.26,1,468429,467989,440
114640661,6.10092,5.64418,443,125560,0.251304,0.28,1,468435,467992,443
114643581,3.62018,6.72884,439,125560,0.298261,0.34,1,468438,467999,439
114645441,3.92404,2.94577,441,125560,0.291652,0.32,1,468442,468001,441
114648361,5.58481,10.9892,434,125560,0.32233,0.32,1,468448,468014,434
114651281,2.71696,2.19783,436,125560,0.344466,0.27,1,468450,468014,436
114654201,3.74339,4.43957,435,125560,0.340893,0.24,1,468454,468019,435
114657121,17.5487,4.08791,452,125560,0.308179,0.31,1,468475,468023,452
114660041,13.1097,12.8176,449,125560,0.333636,0.27,1,468487,468038,449
114662961,7.42195,14.5635,440,125560,0.314727,0.3,1,468493,468053,440
114665621,11.0844,9.3127,444,125560,0.246945,0.23,1,468505,468061,444
114668541,3.81688,9.06254,437,125560,0.273389,0.22,1,468507,468070,437
114670821,5.56338,5.01251,439,125560,0.302678,0.3,1,468513,468074,439
114673741,4.31268,5.0025,438,125560,0.300536,0.28,1,468517,468079,438
114676661,4.06254,3.4005,439,125560,0.252107,0.32,1,468521,468082,439
114679141,3.21251,2.2801,440,125560,0.298421,0.24,1,468524,468084,440
114682061,15.0425,15.656,439,125560,0.307684,0.26,1,468542,468103,439
114684981,19.0085,18.3312,440,125560,0.293537,0.35,1,468562,468122,440
114687901,11.8017,18.0662,432,125560,0.170707,0.23,1,468572,468140,432
114690821,13.5603,10.0132,438,125560,0.266141,0.22,1,468586,468148,438
114693741,4.31207,2.80265,439,125560,0.253228,0.35,1,468588,468149,439
114696661,10.4624,11.7605,437,125560,0.346646,0.37,1,468600,468163,437
114699521,5.29248,3.95211,439,125560,0.309329,0.32,1,468604,468165,439
114702441,7.4585,5.59042,441,125560,0.317866,0.39,1,468612,468171,441
114705361,30.2917,3.51808,474,125560,0.327573,0.22,1,468648,468174,474
114708281,7.65834,31.1036,438,125560,0.297515,0.21,1,468650,468212,438
114711201,16.7317,25.4207,433,125560,0.283503,0.29,1,468669,468236,433
114714121,44.9463,46.6841,433,125560,0.296701,0.32,1,468721,468288,433
114717041,22.5893,22.1368,434,125560,0.33134,0.3,1,468738,468304,434
114719961,12.5179,8.42737,439,125560,0.330268,0.3,1,468748,468309,439
114721781,3.30357,1.68547,440,125560,0.354054,0.21,1,468749,468309,440
114724701,3.86071,6.73709,436,125560,0.326811,0.32,1,468753,468317,436
114727621,11.9721,12.5474,436,125560,0.313362,0.25,1,468767,468331,436
114730541,10.3944,7.30948,440,125560,0.350672,0.25,1,468777,468337,440
114732181,2.87889,1.4619,441,125560,0.374134,0.31,1,468778,468337,441
114735101,5.37578,3.49238,443,125560,0.338827,0.27,1,468784,468341,443
114738021,4.27516,3.89848,443,125560,0.307765,0.34,1,468788,468345,443
114740501,6.45503,6.3797,443,125560,0.293553,0.31,1,468795,468352,443
114743421,5.29101,8.47594,439,125560,0.258711,0.31,1,468800,468361,439
114746341,7.4582,4.09519,444,125560,0.259742,0.23,1,468808,468364,444
114748821,3.09164,5.61904,440,125560,0.227948,0.32,1,468810,468370,440
114751741,4.61833,2.72381,443,125560,0.18959,0.33,1,468815,468372,443
114754021,5.72367,5.34476,443,125560,0.173918,0.3,1,468821,468378,443
114756941,16.3447,9.06895,452,125560,0.266784,0.23,1,468840,468388,452
114759861,20.8689,32.2138,436,125560,0.237357,0.21,1,468862,468426,436
114762781,7.37379,8.84276,437,125560,0.271471,0.21,1,468866,468429,437
114764421,7.07476,1.76855,444,125560,0.270294,0.26,1,468873,468429,444
114767341,3.01495,5.15371,440,125560,0.238059,0.31,1,468875,468435,440
114769201,3.00299,3.43074,440,125560,0.215612,0.35,1,468878,468438,440
114772121,4.6006,7.88615,436,125560,0.243122,0.33,1,468883,468447,436
114775041,4.12012,2.37723,439,125560,0.296624,0.35,1,468887,468448,439
114777941,4.82402,2.07545,442,125560,0.283325,0.36,1,468892,468450,442
114780861,11.3648,6.81509,447,125560,0.304665,0.3,1,468905,468458,447
114783781,14.273,14.963,445,125560,0.276933,0.34,1,468920,468475,445
114786701,6.85459,12.5926,438,125560,0.199387,0.31,1,468925,468487,438
114789621,14.1709,7.31852,448,125560,0.263877,0.23,1,468941,468493,448
114792541,4.43418,11.0637,438,125560,0.244775,0.28,1,468943,468505,438
114794581,5.68684,3.81274,442,125560,0.232955,0.31,1,468949,468507,442
114797501,5.13737,5.56255,441,125560,0.302591,0.3,1,468954,468513,441
114800421,5.02747,4.31251,442,125560,0.284518,0.24,1,468959,468517,442
114803341,2.60549,4.0625,440,125560,0.248904,0.31,1,468961,468521,440
114806021,13.3211,3.2125,453,125560,0.321781,0.31,1,468977,468524,453
114808941,13.8642,15.0425,449,125560,0.320356,0.29,1,468991,468542,449
114811861,17.9728,19.0085,448,125560,0.264071,0.14,1,469010,468562,448
114814781,13.9946,11.8017,451,125560,0.340814,0.29,1,469023,468572,451
114817701,4.39891,13.5603,439,125560,0.364163,0.25,1,469025,468586,439
114819541,9.67978,4.31207,448,125560,0.416833,0.37,1,469036,468588,448
114822461,3.53596,10.4624,438,125560,0.427367,0.3,1,469038,468600,438
114824321,1.50719,5.29248,435,125560,0.445473,0.3,1,469039,468604,435
114827241,11.5014,9.8585,438,125560,0.385095,0.33,1,469053,468615,438
114830161,25.5003,28.3717,434,125560,0.221019,0.29,1,469082,468648,434
114832641,6.70006,7.27434,434,125560,0.204204,0.28,1,469084,468650,434
114835561,14.94,16.6549,432,125560,0.352841,0.3,1,469101,468669,432
114838481,49.388,44.931,438,125560,0.334568,0.34,1,469159,468721,438
114841401,24.2776,22.5862,439,125560,0.298914,0.33,1,469177,468738,439
114844321,8.05552,12.5172,433,125560,0.227783,0.36,1,469181,468748,433
114847201,3.2111,3.30345,434,125560,0.301557,0.27,1,469183,468749,434
114850121,11.0422,8.66069,437,125560,0.316311,0.31,1,469196,468759,437
114853041,10.2084,8.13214,439,125560,0.351262,0.36,1,469206,468767,439
114855961,6.84169,9.62643,435,125560,0.342252,0.38,1,469212,468777,435
114858641,7.76834,2.72529,442,125560,0.33245,0.31,1,469220,468778,442
114861561,3.15367,6.14506,437,125560,0.33049,0.3,1,469222,468785,437
114864481,6.23073,3.62901,441,125560,0.282098,0.29,1,469229,468788,441
114867401,4.44615,6.3258,438,125560,0.32042,0.25,1,469233,468795,438
114870321,4.08923,5.26516,437,125560,0.264084,0.26,1,469237,468800,437
114873241,2.41785,7.45303,431,125560,0.308817,0.22,1,469239,468808,431
114875701,9.28357,3.09061,440,125560,0.341763,0.18,1,469250,468810,440
114878621,6.65671,4.61812,441,125560,0.292353,0.17,1,469256,468815,441
114880901,14.1313,5.72362,451,125560,0.330471,0.29,1,469272,468821,451
114883821,21.2263,16.3447,455,125560,0.322094,0.23,1,469295,468840,455
114886741,5.84525,20.8689,435,125560,0.288419,0.28,1,469297,468862,435
114889221,9.96905,7.37379,442,125560,0.353684,0.23,1,469308,468866,442
114892141,3.59381,8.67476,435,125560,0.334737,0.21,1,469310,468875,435
114894421,7.11876,4.13495,440,125560,0.282947,0.25,1,469318,468878,440
114897341,3.02375,4.82699,437,125560,0.336589,0.31,1,469320,468883,437
114900241,5.40475,4.1654,439,125560,0.291318,0.3,1,469326,468887,439
114903161,5.88095,6.43308,438,125560,0.282264,0.31,1,469332,468894,438
114906081,5.97619,10.0866,433,125560,0.296453,0.27,1,469338,468905,433
114909001,9.99524,14.0173,429,125560,0.307291,0.18,1,469349,468920,429
114911681,11.599,6.80346,436,125560,0.301458,0.28,1,469361,468925,436
114914601,17.5198,14.1607,439,125560,0.260292,0.24,1,469380,468941,439
114916881,5.10396,4.43214,439,125560,0.220058,0.33,1,469382,468943,439
114919801,7.42079,8.08643,438,125560,0.228012,0.32,1,469390,468952,438
114922721,3.88416,3.21729,439,125560,0.293602,0.28,1,469393,468954,439
114925201,3.97683,4.64346,438,125560,0.30672,0.34,1,469397,468959,438
114928121,3.99537,4.12869,438,125560,0.245344,0.34,1,469401,468963,438
114931041,11.9991,12.0257,438,125560,0.193069,0.32,1,469415,468977,438
114933961,11.9998,13.6051,436,125560,0.254614,0.25,1,469427,468991,436
114936881,20,17.921,439,125560,0.130923,0.36,1,469449,469010,439
114939801,11.2,13.9842,435,125560,0.194185,0.37,1,469458,469023,435
114942721,7.84,4.39684,440,125560,0.254837,0.37,1,469465,469025,440
114944341,8.768,0.879368,449,125560,0.154967,0.43,1,469474,469025,449
114947261,4.9536,10.5759,440,125560,0.254993,0.45,1,469478,469038,440
114949541,4.99072,2.91517,444,125560,0.250999,0.37,1,469483,469039,444
114952461,8.19814,11.783,439,125560,0.2582,0.18,1,469492,469053,439
114955381,23.2396,25.5566,437,125560,0.22764,0.2,1,469519,469082,437
114957441,6.24793,6.71132,437,125560,0.237528,0.39,1,469521,469084,437
114960361,14.8496,14.9423,437,125560,0.215506,0.33,1,469538,469101,437
114963281,45.3699,49.3885,432,125560,0.283101,0.29,1,469591,469159,432
114966201,26.674,24.2777,436,125560,0.24062,0.21,1,469613,469177,436
114968881,11.7348,8.05554,440,125560,0.240124,0.38,1,469621,469181,440
114971801,5.54696,8.81111,435,125560,0.232025,0.32,1,469625,469190,435
114974721,9.90939,6.56222,440,125560,0.246405,0.36,1,469636,469196,440
114977641,8.38188,9.31244,438,125560,0.201281,0.34,1,469644,469206,438
114980561,6.47638,6.66249,438,125560,0.176256,0.33,1,469650,469212,438
114983481,6.89527,7.7325,437,125560,0.243251,0.33,1,469657,469220,437
114986401,2.97905,3.1465,437,125560,0.25665,0.33,1,469659,469222,437
114988021,6.19581,0.6293,444,125560,0.25933,0.27,1,469666,469222,444
114990941,2.83916,5.72586,439,125560,0.267866,0.33,1,469668,469229,439
114993221,6.96783,4.34517,443,125560,0.213573,0.34,1,469676,469233,443
114996141,2.99357,4.86903,440,125560,0.186715,0.32,1,469678,469238,440
114999061,3.79871,1.77381,443,125560,0.157343,0.35,1,469682,469239,443
115001981,11.1597,9.15476,445,125560,0.223469,0.28,1,469695,469250,445
115004901,15.8319,6.63095,456,125560,0.236694,0.34,1,469712,469256,456
115007821,16.7664,14.1262,457,125560,0.207339,0.32,1,469729,469272,457
115010741,5.75328,21.2252,437,125560,0.185468,0.28,1,469732,469295,437
115012981,10.7507,5.84505,447,125560,0.221094,0.37,1,469744,469297,447
115015901,6.15013,9.96901,441,125560,0.212219,0.33,1,469749,469308,441
115017761,3.63003,3.5938,442,125560,0.210444,0.3,1,469752,469310,442
115020681,7.12601,12.7188,435,125560,0.234089,0.3,1,469760,469325,435
115023601,3.0252,2.54375,437,125560,0.246818,0.28,1,469762,469325,437
115026521,6.20504,1.30875,443,125560,0.265364,0.28,1,469769,469326,443
115028161,2.04101,5.06175,438,125560,0.245073,0.3,1,469770,469332,438
115031081,3.6082,5.81235,436,125560,0.281015,0.31,1,469774,469338,436
115034001,9.52164,9.96247,436,125560,0.248203,0.3,1,469785,469349,436
115036921,10.7043,11.5925,435,125560,0.305641,0.25,1,469796,469361,435
115039841,17.3409,17.5185,435,125560,0.229128,0.21,1,469815,469380,435
115042721,9.86817,5.1037,441,125560,0.237826,0.31,1,469823,469382,441
115045641,5.17363,9.82074,434,125560,0.215565,0.31,1,469827,469393,434
115048561,4.23473,1.96415,438,125560,0.187113,0.31,1,469831,469393,438
115051461,5.64695,3.59283,440,125560,0.213423,0.29,1,469837,469397,440
115054381,10.7294,7.11857,444,125560,0.306685,0.18,1,469849,469405,444
115057301,11.7459,9.42371,446,125560,0.253337,0.27,1,469861,469415,446
115060221,15.9492,11.4847,451,125560,0.274667,0.1,1,469878,469427,451
115063141,12.7898,19.8969,441,125560,0.326933,0.21,1,469890,469449,441
115066021,10.558,11.1794,442,125560,0.257387,0.27,1,469900,469458,442
115068941,9.31159,7.83588,444,125560,0.315477,0.28,1,469909,469465,444
115071861,3.46232,11.9672,433,125560,0.327095,0.25,1,469911,469478,433
115074781,5.49246,6.39344,434,125560,0.345419,0.25,1,469917,469483,434
115076421,7.49849,1.27869,442,125560,0.317084,0.26,1,469925,469483,442
115079341,19.0997,7.45574,455,125560,0.319417,0.22,1,469947,469492,455
115082261,6.21994,23.0911,431,125560,0.343883,0.21,1,469950,469519,431
115085181,19.644,19.8182,435,125560,0.292777,0.3,1,469973,469538,435
115088101,47.1288,46.3636,436,125560,0.330555,0.23,1,470027,469591,436
115091021,25.4258,26.8727,434,125560,0.338111,0.24,1,470047,469613,434
115093681,11.4852,11.7745,434,125560,0.243622,0.23,1,470055,469621,434
115096601,5.49703,5.55491,434,125560,0.240724,0.25,1,470059,469625,434
115099521,5.89941,9.91098,429,125560,0.296145,0.25,1,470065,469636,429
115101381,10.7799,1.9822,441,125560,0.331229,0.19,1,470077,469636,441
115104301,6.95598,6.79644,439,125560,0.322246,0.17,1,470083,469644,439
115106581,7.7912,6.15929,441,125560,0.384449,0.26,1,470091,469650,441
115109501,3.15824,6.83186,436,125560,0.39689,0.26,1,470093,469657,436
115112421,3.83165,2.96637,438,125560,0.359378,0.27,1,470097,469659,438
115115341,2.36633,7.79327,431,125560,0.327876,0.2,1,470099,469668,431
115118261,9.27327,7.95865,434,125560,0.329575,0.2,1,470110,469676,434
115120101,3.45465,1.59173,436,125560,0.345915,0.17,1,470112,469676,436
115123021,3.09093,4.31835,434,125560,0.333183,0.15,1,470115,469681,434
115125941,7.81819,1.66367,442,125560,0.322637,0.24,1,470124,469682,442
115128861,13.5636,10.7327,444,125560,0.360527,0.24,1,470139,469695,444
115131781,15.5127,15.7465,443,125560,0.304105,0.2,1,470155,469712,443
115134701,7.90255,16.7493,432,125560,0.356821,0.18,1,470161,469729,432
115136741,13.5805,5.74986,444,125560,0.295364,0.23,1,470176,469732,444
115139661,5.1161,10.75,435,125560,0.227073,0.21,1,470179,469744,435
115142581,5.02322,6.14999,435,125560,0.229415,0.24,1,470184,469749,435
115145501,9.00464,10.03,434,125560,0.269883,0.25,1,470194,469760,434
115148421,3.40093,3.606,434,125560,0.277977,0.25,1,470196,469762,434
115150261,4.68019,0.7212,439,125560,0.247595,0.27,1,470201,469762,439
115153181,2.53604,5.74424,434,125560,0.249519,0.29,1,470203,469769,434
115155461,8.50721,5.14885,439,125560,0.265904,0.24,1,470213,469774,439
115158381,4.90144,9.82977,432,125560,0.277181,0.32,1,470217,469785,432
115161301,9.78029,10.766,432,125560,0.239436,0.21,1,470228,469796,432
115164221,17.9561,17.3532,433,125560,0.279887,0.24,1,470248,469815,433
115167141,8.39121,9.87064,431,125560,0.287977,0.21,1,470254,469823,431
115170061,8.07824,5.17413,435,125560,0.257595,0.21,1,470262,469827,435
115172101,6.41565,1.03483,441,125560,0.275519,0.18,1,470268,469827,441
115175021,6.88313,3.40697,444,125560,0.207104,0.22,1,470275,469831,444
115177301,6.97663,5.48139,445,125560,0.257421,0.33,1,470282,469837,445
115180221,11.7953,10.6963,446,125560,0.291484,0.24,1,470295,469849,446
115182081,3.15906,11.7393,435,125560,0.282297,0.28,1,470296,469861,435
115185001,11.8318,15.9479,432,125560,0.296459,0.34,1,470310,469878,432
115187921,12.7664,12.7896,433,125560,0.291292,0.24,1,470323,469890,433
115190841,14.5533,10.5579,438,125560,0.298258,0.33,1,470338,469900,438
115193761,11.7107,9.31158,440,125560,0.251652,0.33,1,470349,469909,440
115196641,3.94213,3.46232,440,125560,0.32233,0.39,1,470351,469911,440
115199561,9.58843,8.69246,441,125560,0.336466,0.31,1,470362,469921,441
115202481,16.3177,4.93849,455,125560,0.347293,0.32,1,470380,469925,455
115205401,9.66354,18.5877,441,125560,0.325459,0.35,1,470388,469947,441
115207041,2.73271,6.11754,439,125560,0.305092,0.28,1,470389,469950,439
115209961,20.5465,19.6235,441,125560,0.269018,0.34,1,470414,469973,441
115212881,46.5093,47.1247,440,125560,0.293804,0.34,1,470467,470027,440
115215801,20.5019,25.4249,434,125560,0.354761,0.22,1,470481,470047,434
115218721,13.7004,11.485,438,125560,0.374952,0.24,1,470493,470055,438
115221641,5.94007,5.497,438,125560,0.31499,0.31,1,470497,470059,438
115224561,5.98801,5.8994,438,125560,0.254998,0.31,1,470503,470065,438
115226181,6.7976,1.17988,445,125560,0.323,0.32,1,470510,470065,445
115229101,12.5595,14.636,441,125560,0.2646,0.4,1,470524,470083,441
115232021,7.3119,9.3272,439,125560,0.37292,0.4,1,470530,470091,439
115234941,4.66238,3.46544,441,125560,0.394584,0.35,1,470534,470093,441
115236581,3.33248,3.89309,440,125560,0.422917,0.35,1,470537,470097,440
115239501,2.2665,3.17862,439,125560,0.396583,0.33,1,470539,470100,439
115242421,5.2533,8.63572,435,125560,0.375317,0.35,1,470545,470110,435
115245341,4.25066,3.32714,437,125560,0.411063,0.35,1,470549,470112,437
115246981,8.05013,0.665429,446,125560,0.394213,0.35,1,470558,470112,446
115249901,4.81003,8.13309,440,125560,0.374843,0.32,1,470562,470122,440
115252821,13.762,3.22662,454,125560,0.314968,0.37,1,470578,470124,454
115255741,14.7524,12.6453,454,125560,0.334994,0.29,1,470593,470139,454
115258661,7.75048,15.3291,444,125560,0.250999,0.37,1,470599,470155,444
115260501,10.3501,7.86581,449,125560,0.3622,0.28,1,470610,470161,449
115263421,4.47002,13.5732,437,125560,0.39244,0.21,1,470613,470176,437
115266341,6.494,5.11463,441,125560,0.318488,0.23,1,470620,470179,441
115269261,6.8988,5.02293,443,125560,0.311698,0.28,1,470627,470184,443
115271941,6.17976,9.00459,439,125560,0.34234,0.28,1,470633,470194,439
115274861,4.43595,3.40092,441,125560,0.316468,0.24,1,470637,470196,441
115277141,4.08719,4.68018,440,125560,0.367294,0.33,1,470641,470201,440
115280061,6.41744,4.93604,442,125560,0.409459,0.28,1,470648,470206,442
115282981,2.88349,9.78721,433,125560,0.385892,0.23,1,470650,470217,433
115285901,10.9767,10.7574,435,125560,0.341178,0.29,1,470663,470228,435
115288821,17.3953,18.1515,434,125560,0.316236,0.29,1,470682,470248,434
115291741,11.4791,8.4303,438,125560,0.359247,0.29,1,470692,470254,438
115293781,3.89581,1.68606,440,125560,0.367849,0.25,1,470694,470254,440
115296701,7.17916,6.73721,440,125560,0.33757,0.28,1,470702,470262,440
115298981,7.83583,6.14744,442,125560,0.323514,0.19,1,470710,470268,442
115301901,9.56717,6.82949,445,125560,0.360703,0.27,1,470720,470275,445
115304181,8.31343,6.9659,446,125560,0.360141,0.3,1,470728,470282,446
115307101,3.26269,11.7932,435,125560,0.360028,0.3,1,470730,470295,435
115310021,10.2525,14.3586,432,125560,0.376006,0.29,1,470742,470310,432
115312941,17.2505,13.2717,438,125560,0.323201,0.3,1,470761,470323,438
115315861,11.4501,14.6543,433,125560,0.34464,0.24,1,470771,470338,433
115318781,15.09,11.7309,438,125560,0.316928,0.34,1,470787,470349,438
115321441,5.418,3.94617,439,125560,0.271386,0.34,1,470790,470351,439
115324361,10.6836,9.58923,440,125560,0.318277,0.35,1,470802,470362,440
115327281,14.1367,16.3178,437,125560,0.375655,0.32,1,470817,470380,437
115329761,6.82734,9.66357,434,125560,0.387131,0.33,1,470822,470388,434
115332681,20.5655,4.33271,455,125560,0.253426,0.26,1,470846,470391,455
115335601,50.5131,19.2665,490,125560,0.346685,0.3,1,470904,470414,490
115338521,22.9026,46.2533,453,125560,0.357337,0.37,1,470920,470467,453
115341441,10.1805,20.4507,446,125560,0.311467,0.38,1,470927,470481,446
115344361,9.2361,13.6901,443,125560,0.334293,0.3,1,470936,470493,443
115346401,3.44722,5.93803,441,125560,0.330859,0.34,1,470938,470497,441
115349321,7.08944,11.5876,436,125560,0.242172,0.34,1,470946,470510,436
115352241,16.6179,2.31752,455,125560,0.232434,0.25,1,470965,470510,455
115355161,6.52358,11.6635,445,125560,0.222487,0.4,1,470969,470524,445
115356801,2.10472,7.1327,440,125560,0.300497,0.4,1,470970,470530,440
115359721,2.02094,4.62654,438,125560,0.284099,0.43,1,470972,470534,438
115362641,6.80419,3.32531,443,125560,0.36882,0.39,1,470980,470537,443
115364501,2.16084,2.26506,442,125560,0.369764,0.37,1,470981,470539,442
115367421,3.63217,5.25301,440,125560,0.369953,0.42,1,470985,470545,440
115370321,3.92643,4.2506,440,125560,0.313991,0.39,1,470989,470549,440
115373241,8.78529,8.05012,441,125560,0.310798,0.37,1,470999,470558,441
115376161,16.9571,4.81002,456,125560,0.25416,0.3,1,471018,470562,456
115379081,9.79141,13.762,448,125560,0.282832,0.34,1,471026,470578,448
115382001,10.7583,14.7524,444,125560,0.312566,0.23,1,471037,470593,444
115383841,2.95166,7.75048,439,125560,0.310513,0.39,1,471038,470599,439
115386761,8.59033,10.3501,438,125560,0.198103,0.4,1,471048,470610,438
115389681,9.71807,4.47002,445,125560,0.231621,0.3,1,471058,470613,445
115392601,7.54361,6.494,445,125560,0.158324,0.31,1,471065,470620,445
115394241,3.10872,6.8988,440,125560,0.183665,0.35,1,471067,470627,440
115397161,3.82174,6.17976,438,125560,0.180733,0.31,1,471071,470633,438
115399441,7.16435,4.43595,442,125560,0.252147,0.36,1,471079,470637,442
115402361,4.63287,4.88719,441,125560,0.234429,0.42,1,471083,470642,441
115405281,4.12657,5.77744,439,125560,0.246886,0.38,1,471087,470648,439
115407761,3.22531,2.75549,440,125560,0.257377,0.33,1,471090,470650,440
115410681,11.0451,10.9511,440,125560,0.251475,0.31,1,471103,470663,440
115413601,17.409,17.3902,440,125560,0.226295,0.37,1,471122,470682,440
115416521,9.8818,11.478,438,125560,0.117259,0.37,1,471130,470692,438
115419201,3.57636,3.89561,438,125560,0.0954518,0.36,1,471132,470694,438
115422121,7.11527,8.77912,436,125560,0.25909,0.32,1,471140,470704,436
115425041,17.4231,6.55582,450,125560,0.275818,0.37,1,471160,470710,450
115427961,9.88461,9.31116,448,125560,0.223164,0.36,1,471168,470720,448
115429601,2.77692,8.26223,441,125560,0.196633,0.36,1,471169,470728,441
115432521,2.15538,3.25245,441,125560,0.303327,0.38,1,471171,470730,441
115435441,8.43108,10.2505,439,125560,0.276665,0.31,1,471181,470742,439
115438361,17.6862,17.2501,440,125560,0.287333,0.35,1,471201,470761,440
115441041,7.53724,11.45,435,125560,0.217467,0.31,1,471206,470771,435
115443961,19.1074,15.09,441,125560,0.219493,0.26,1,471228,470787,441
115446241,5.42149,5.418,440,125560,0.259899,0.33,1,471230,470790,440
115449161,11.4843,10.6836,441,125560,0.30798,0.39,1,471243,470802,441
115452081,14.2969,14.1367,441,125560,0.309596,0.39,1,471258,470817,441
115454561,4.45937,6.82734,438,125560,0.325919,0.22,1,471260,470822,438
115457481,17.6919,20.5655,435,125560,0.217184,0.37,1,471281,470846,435
115460401,53.9384,50.5131,440,125560,0.171437,0.36,1,471344,470904,440
115463321,24.3877,22.9026,441,125560,0.226287,0.3,1,471361,470920,441
115466001,8.07753,10.1805,438,125560,0.253257,0.34,1,471365,470927,438
115468921,4.81551,9.2361,433,125560,0.274651,0.33,1,471369,470936,433
115471841,4.1631,3.44722,435,125560,0.25493,0.22,1,471373,470938,435
115474761,12.0326,7.08944,441,125560,0.202986,0.23,1,471387,470946,441
115477681,15.2065,16.6179,438,125560,0.184597,0.22,1,471403,470965,438
115479521,6.2413,6.52358,438,125560,0.172919,0.3,1,471407,470969,438
115482441,5.24826,4.50472,439,125560,0.234584,0.3,1,471412,470973,439
115485361,3.44965,0.900943,442,125560,0.262917,0.39,1,471415,470973,442
115488281,2.28993,5.78019,437,125560,0.244583,0.37,1,471417,470980,437
115489921,1.25799,1.95604,437,125560,0.240917,0.35,1,471418,470981,437
115492841,8.2516,9.19121,436,125560,0.192183,0.35,1,471428,470992,436
115495761,3.25032,1.83824,438,125560,0.238437,0.31,1,471430,470992,438
115498681,7.05006,5.96765,439,125560,0.183687,0.24,1,471438,470999,439
115501601,16.61,16.3935,439,125560,0.196737,0.29,1,471457,471018,439
115503441,7.322,9.67871,436,125560,0.191347,0.32,1,471462,471026,436
115506361,4.6644,10.7357,429,125560,0.150269,0.31,1,471466,471037,429
115509281,2.53288,2.94715,430,125560,0.262054,0.17,1,471468,471038,430
115512201,10.9066,8.58943,433,125560,0.196411,0.24,1,471481,471048,433
115515121,9.38132,9.71789,432,125560,0.279282,0.14,1,471490,471058,432
115518041,11.4763,7.54358,437,125560,0.279856,0.19,1,471502,471065,437
115520961,3.89525,3.10872,437,125560,0.247971,0.18,1,471504,471067,437
115523881,7.97905,3.82174,442,125560,0.289594,0.23,1,471513,471071,442
115526801,7.99581,10.3643,438,125560,0.217919,0.25,1,471521,471083,438
115529721,4.79916,5.27287,438,125560,0.259584,0.25,1,471525,471087,438
115531941,2.55983,1.05457,440,125560,0.235917,0.25,1,471527,471087,440
115534861,2.11197,13.0109,426,125560,0.207183,0.22,1,471529,471103,426
115537781,16.4224,17.8022,427,125560,0.177437,0.09,1,471549,471122,427
115540701,17.6845,9.96044,437,125560,0.219487,0.09,1,471567,471130,437
115543621,5.1369,3.59209,437,125560,0.195897,0.09,1,471569,471132,437
115545461,5.02738,0.718417,442,125560,0.23118,0.35,1,471574,471132,442
115548381,15.4055,8.14368,450,125560,0.166236,0.28,1,471592,471142,450
115551301,12.6811,16.0287,444,125560,0.257247,0.21,1,471604,471160,444
115553781,4.13622,9.60575,438,125560,0.243449,0.32,1,471606,471168,438
115556701,2.42724,7.52115,433,125560,0.20869,0.27,1,471608,471175,433
115559621,6.88545,6.30423,435,125560,0.249738,0.29,1,471616,471181,435
115562541,16.5771,17.2608,434,125560,0.153948,0.2,1,471635,471201,434
115565461,4.91542,7.45217,431,125560,0.25479,0.2,1,471637,471206,431
115567301,20.9831,1.49043,456,125560,0.250958,0.22,1,471662,471206,456
115570221,5.79662,17.8981,436,125560,0.226192,0.27,1,471664,471228,436
115573141,10.7593,5.17962,446,125560,0.173238,0.32,1,471676,471230,446
115576061,16.5519,11.4359,451,125560,0.298648,0.31,1,471694,471243,451
115578981,4.91037,14.2872,438,125560,0.32373,0.33,1,471696,471258,438
115580821,14.5821,4.45744,453,125560,0.320746,0.19,1,471713,471260,453
115583741,54.1164,17.6915,496,125560,0.288149,0.16,1,471777,471281,496
115586661,25.2233,53.9383,451,125560,0.29763,0.24,1,471795,471344,451
115589581,8.24466,24.3877,438,125560,0.339526,0.26,1,471799,471361,438
115592261,4.84893,8.07753,438,125560,0.315905,0.28,1,471803,471365,438
115595181,2.56979,4.81551,436,125560,0.311181,0.25,1,471805,471369,436
115597041,1.31396,4.1631,433,125560,0.318236,0.19,1,471806,471373,433
115599961,6.66279,12.0326,427,125560,0.327647,0.18,1,471814,471387,427
115602881,19.7326,15.2065,434,125560,0.313529,0.17,1,471837,471403,434
115605361,7.14651,6.2413,434,125560,0.318706,0.27,1,471841,471407,434
115608281,4.6293,7.64826,430,125560,0.255741,0.27,1,471845,471415,430
115611201,2.52586,1.52965,432,125560,0.251148,0.24,1,471847,471415,432
115614101,6.90517,1.90593,438,125560,0.25023,0.18,1,471855,471417,438
115617021,4.58103,9.18119,431,125560,0.346046,0.25,1,471859,471428,431
115619941,4.11621,3.43624,433,125560,0.293209,0.25,1,471863,471430,433
115622421,8.02324,0.687247,442,125560,0.258642,0.3,1,471872,471430,442
115625341,17.6046,8.13745,452,125560,0.275728,0.2,1,471892,471440,452
115628261,8.32093,15.2275,441,125560,0.239146,0.14,1,471898,471457,441
115630741,4.86419,10.2455,436,125560,0.199829,0.31,1,471902,471466,436
115633661,2.57284,6.0491,433,125560,0.191966,0.18,1,471904,471471,433
115636581,10.9146,9.20982,436,125560,0.254393,0.3,1,471917,471481,436
115639501,8.58291,9.04196,435,125560,0.194879,0.3,1,471925,471490,435
115641141,6.51658,1.80839,441,125560,0.286976,0.28,1,471931,471490,441
115644061,6.90332,9.96168,436,125560,0.257395,0.24,1,471938,471502,436
115646981,7.78066,3.59234,442,125560,0.243479,0.3,1,471946,471504,442
115649041,3.15613,7.91847,435,125560,0.256696,0.2,1,471948,471513,435
115651961,5.43123,7.98369,433,125560,0.267339,0.27,1,471954,471521,433
115654881,7.48625,4.79674,437,125560,0.285468,0.23,1,471962,471525,437
115657361,3.09725,2.55935,437,125560,0.265094,0.2,1,471964,471527,437
115660281,2.21945,2.11187,437,125560,0.261019,0.17,1,471966,471529,437
115663201,16.4439,16.4224,437,125560,0.300204,0.23,1,471986,471549,437
115666121,14.4888,17.6845,433,125560,0.316041,0.19,1,472000,471567,433
115668801,4.49776,5.13689,433,125560,0.287208,0.26,1,472002,471569,433
115671721,20.0996,7.42738,449,125560,0.369442,0.15,1,472026,471577,449
115674641,10.4199,13.4855,442,125560,0.257888,0.28,1,472034,471592,442
115677561,6.88398,12.2971,436,125560,0.347578,0.24,1,472040,471604,436
115679201,2.1768,4.05942,435,125560,0.381516,0.2,1,472041,471606,435
115682121,5.23536,5.61188,435,125560,0.356303,0.26,1,472047,471612,435
115685041,2.64707,4.32238,433,125560,0.319261,0.13,1,472049,471616,433
115687961,10.9294,16.0645,427,125560,0.367852,0.28,1,472062,471635,427
115690641,3.78588,4.81289,427,125560,0.36957,0.25,1,472064,471637,427
115693561,23.9572,20.9626,431,125560,0.225914,0.22,1,472093,471662,431
115696481,19.9914,5.79252,448,125560,0.253183,0.16,1,472112,471664,448
115699401,19.9983,10.7585,456,125560,0.298637,0.33,1,472132,471676,456
115702321,5.59966,16.5517,440,125560,0.307727,0.33,1,472134,471694,440
115704161,1.91993,4.91034,439,125560,0.293545,0.32,1,472135,471696,439
115707081,64.384,14.5821,502,125560,0.202709,0.28,1,472215,471713,502
115710001,25.6768,54.1164,454,125560,0.248542,0.3,1,472231,471777,454
115712921,8.33536,25.2233,440,125560,0.217708,0.35,1,472235,471795,440
115714561,2.46707,8.24466,437,125560,0.259542,0.32,1,472236,471799,437
115717481,6.09341,5.64893,439,125560,0.307908,0.31,1,472243,471804,439
115720401,2.81868,1.92979,440,125560,0.325582,0.32,1,472245,471805,440
115723321,6.96374,1.18596,447,125560,0.297116,0.33,1,472253,471806,447
115726241,14.9927,6.63719,456,125560,0.187423,0.31,1,472270,471814,456
115729161,6.19855,19.7274,437,125560,0.125485,0.32,1,472274,471837,437
115731621,4.43971,7.14549,437,125560,0.121097,0.24,1,472278,471841,437
115734541,3.28794,4.6291,436,125560,0.264219,0.25,1,472281,471845,436
115736401,2.25759,2.52582,436,125560,0.316844,0.27,1,472283,471847,436
115739321,6.05152,7.70516,434,125560,0.287369,0.37,1,472290,471856,434
115742241,4.4103,3.94103,435,125560,0.209474,0.28,1,472294,471859,435
115744721,5.68206,3.98821,437,125560,0.217895,0.25,1,472300,471863,437
115747641,9.13641,7.99764,438,125560,0.283579,0.28,1,472310,471872,438
115750561,13.0273,17.5995,432,125560,0.312716,0.23,1,472324,471892,432
115753041,13.0055,8.31991,439,125560,0.270543,0.21,1,472337,471898,439
115755961,4.20109,5.66398,436,125560,0.262109,0.19,1,472339,471903,436
115758881,2.44022,1.9328,437,125560,0.284422,0.27,1,472341,471904,437
115761801,5.28804,10.7866,430,125560,0.192884,0.18,1,472347,471917,430
115764481,11.4576,8.55731,435,125560,0.278577,0.31,1,472360,471925,435
115767401,12.6915,6.51146,442,125560,0.271715,0.25,1,472373,471931,442
115770321,8.9383,6.90229,443,125560,0.246343,0.24,1,472381,471938,443
115773241,3.38766,7.78046,437,125560,0.217269,0.27,1,472383,471946,437
115776161,5.47753,7.95609,435,125560,0.163454,0.29,1,472389,471954,435
115779081,7.49551,7.99122,435,125560,0.216691,0.29,1,472397,471962,435
115781541,3.0991,1.59824,437,125560,0.227338,0.26,1,472399,471962,437
115784461,4.61982,3.51965,438,125560,0.229468,0.26,1,472404,471966,438
115786741,16.924,0.70393,458,125560,0.189894,0.31,1,472424,471966,458
115789661,13.7848,16.1408,451,125560,0.205979,0.32,1,472437,471986,451
115792581,4.35696,14.4282,439,125560,0.209196,0.28,1,472439,472000,439
115795061,15.2714,4.48563,455,125560,0.233839,0.39,1,472457,472002,455
115797981,15.0543,20.0971,446,125560,0.222768,0.23,1,472472,472026,446
115799841,3.81086,10.4194,439,125560,0.228554,0.37,1,472473,472034,439
115802761,2.36217,6.88389,435,125560,0.197711,0.39,1,472475,472040,435
115805681,8.47243,2.17678,444,125560,0.303542,0.35,1,472485,472041,444
115808601,3.29449,5.23536,440,125560,0.308708,0.31,1,472487,472047,440
115810241,1.4589,2.64707,439,125560,0.293742,0.38,1,472488,472049,439
115813161,6.69178,10.9294,434,125560,0.266748,0.37,1,472496,472062,434
115815441,6.93836,3.78588,439,125560,0.31735,0.19,1,472503,472064,439
115818361,21.3877,23.9572,435,125560,0.31147,0.26,1,472528,472093,435
115821281,21.8775,19.9914,438,125560,0.198294,0.31,1,472550,472112,438
115824201,20.3755,19.9983,438,125560,0.279659,0.31,1,472570,472132,438
115826881,5.6751,5.59966,438,125560,0.303932,0.34,1,472572,472134,438
115829801,61.935,2.71993,512,125560,0.132786,0.18,1,472648,472136,512
115832721,26.787,63.744,451,125560,0.218557,0.26,1,472666,472215,451
115835641,10.1574,25.5488,441,125560,0.203711,0.21,1,472672,472231,441
115837281,2.83148,8.30976,438,125560,0.208742,0.27,1,472673,472235,438
115840201,3.7663,2.46195,441,125560,0.273748,0.32,1,472677,472236,441
115843121,2.35326,6.09239,436,125560,0.25475,0.33,1,472679,472243,436
115846041,6.87065,2.81848,442,125560,0.26695,0.29,1,472687,472245,442
115848961,14.9741,6.9637,451,125560,0.22939,0.16,1,472704,472253,451
115851881,7.79483,14.9927,440,125560,0.157878,0.11,1,472710,472270,440
115853921,3.15897,6.19855,438,125560,0.111576,0.36,1,472712,472274,438
115856841,3.83179,10.8397,430,125560,0.166315,0.36,1,472716,472286,430
115859761,2.36636,2.16794,432,125560,0.145263,0.36,1,472718,472286,432
115862681,4.47327,0.433588,437,125560,0.149053,0.28,1,472723,472286,437
115865601,8.09465,3.28672,442,125560,0.229811,0.19,1,472732,472290,442
115867441,2.41893,3.85734,439,125560,0.237962,0.22,1,472733,472294,439
115870361,8.48379,5.57147,443,125560,0.175592,0.3,1,472743,472300,443
115873281,12.8968,9.11429,447,125560,0.203119,0.32,1,472757,472310,447
115876201,11.3794,13.0229,444,125560,0.248624,0.26,1,472768,472324,444
115879121,8.67587,13.0046,439,125560,0.161725,0.26,1,472776,472337,439
115880961,2.53517,4.20091,438,125560,0.168345,0.37,1,472777,472339,438
115883881,3.70703,8.84018,432,125560,0.161669,0.37,1,472781,472349,432
115886801,2.34141,1.76804,434,125560,0.136334,0.3,1,472783,472349,434
115889721,11.6683,9.15361,437,125560,0.195267,0.27,1,472797,472360,437
115892641,9.53366,12.2307,433,125560,0.223053,0.24,1,472806,472373,433
115895521,5.10673,8.84614,429,125560,0.220611,0.16,1,472810,472381,429
115898441,9.82135,7.36923,433,125560,0.244122,0.15,1,472821,472388,433
115901361,3.56427,2.27385,434,125560,0.216824,0.23,1,472823,472389,434
115903841,8.71285,6.85477,436,125560,0.115365,0.23,1,472833,472397,436
115906761,3.34257,2.97095,436,125560,0.191073,0.23,1,472835,472399,436
115909681,2.26851,4.59419,433,125560,0.206215,0.18,1,472837,472404,433
115912601,27.6537,16.9188,447,125560,0.225243,0.21,1,472871,472424,447
115915521,7.13074,13.7838,436,125560,0.229049,0.21,1,472873,472437,436
115917361,2.22615,4.35675,435,125560,0.21381,0.24,1,472874,472439,435
115920281,15.6452,15.2714,436,125560,0.218762,0.22,1,472893,472457,436
115923201,16.729,15.0543,438,125560,0.155752,0.23,1,472910,472472,438
115925681,4.94581,3.81085,439,125560,0.13515,0.33,1,472912,472473,439
115928601,5.78916,10.3622,433,125560,0.10703,0.33,1,472918,472485,433
115931521,3.55783,2.07243,436,125560,0.125406,0.31,1,472921,472485,436
115934421,5.51157,2.01449,440,125560,0.257081,0.26,1,472927,472487,440
115937341,5.10231,7.6029,436,125560,0.267416,0.33,1,472932,472496,436
115940261,4.22046,7.12058,433,125560,0.197483,0.31,1,472936,472503,433
115943181,21.6441,21.4241,434,125560,0.207497,0.17,1,472962,472528,434
115946101,21.9288,21.8848,434,125560,0.233499,0.3,1,472984,472550,434
115949021,21.1858,20.377,435,125560,0.2307,0.31,1,473005,472570,435
115951681,5.83715,5.67539,435,125560,0.23014,0.09,1,473007,472572,435
115954601,58.7674,61.9351,431,125560,0.174028,0.24,1,473079,472648,431
115957521,30.1535,26.787,436,125560,0.250806,0.2,1,473102,472666,436
115960001,10.8307,10.1574,436,125560,0.290161,0.21,1,473108,472672,436
115962921,4.56614,2.83148,438,125560,0.290032,0.29,1,473111,472673,438
115965841,2.51323,3.7663,436,125560,0.314006,0.25,1,473113,472677,436
115968761,5.30265,2.35326,440,125560,0.326801,0.27,1,473119,472679,440
115971681,13.0605,6.87065,447,125560,0.25736,0.22,1,473134,472687,447
115974601,5.81211,14.9741,434,125560,0.243472,0.14,1,473138,472704,434
115976641,2.76242,7.79483,430,125560,0.216694,0.1,1,473140,472710,430
115979561,7.75248,3.15897,437,125560,0.267339,0.18,1,473149,472712,437
115982481,3.1505,3.83179,435,125560,0.245468,0.14,1,473151,472716,435
115984341,2.2301,2.36636,435,125560,0.209094,0.15,1,473153,472718,435
115987261,2.84602,4.47327,433,125560,0.193819,0.25,1,473156,472723,433
115990181,3.7692,8.09465,428,125560,0.166764,0.24,1,473160,472732,428
115993101,10.3538,2.41893,439,125560,0.225353,0.16,1,473172,472733,439
115996021,14.0708,8.48379,444,125560,0.221071,0.21,1,473187,472743,444
115998941,10.8142,12.8968,440,125560,0.268214,0.26,1,473197,472757,440
116000561,3.76283,11.3794,431,125560,0.277643,0.14,1,473199,472768,431
116003481,7.95257,8.67587,432,125560,0.303529,0.17,1,473208,472776,432
116006401,3.19051,2.53517,433,125560,0.292706,0.16,1,473210,472777,433
116008261,4.6381,3.70703,434,125560,0.234541,0.13,1,473215,472781,434
116011181,2.52762,2.34141,434,125560,0.198908,0.21,1,473217,472783,434
116014101,11.7055,11.6683,434,125560,0.279782,0.23,1,473231,472797,434
116017021,8.7411,9.53366,433,125560,0.319956,0.22,1,473239,472806,433
116019941,4.94822,5.10673,433,125560,0.295991,0.25,1,473243,472810,433
116022861,4.18964,9.82135,426,125560,0.267198,0.21,1,473247,472821,426
116025781,2.43793,3.56427,426,125560,0.25344,0.21,1,473249,472823,426
116028021,8.48759,0.712854,436,125560,0.274688,0.21,1,473259,472823,436
116030941,3.29752,9.74257,426,125560,0.310938,0.21,1,473261,472835,426
116033221,9.4595,1.94851,437,125560,0.326188,0.1,1,473272,472835,437
116036141,21.0919,7.5897,452,125560,0.241238,0.23,1,473296,472844,452
116039061,10.6184,23.1179,433,125560,0.248247,0.23,1,473304,472871,433
116041541,5.32368,6.22359,435,125560,0.21765,0.22,1,473308,472873,435
116044461,16.2647,17.2447,434,125560,0.25953,0.14,1,473327,472893,434
116047381,11.2529,17.0489,427,125560,0.299906,0.13,1,473337,472910,427
116050301,9.45059,5.00979,434,125560,0.291981,0.13,1,473346,472912,434
116051941,5.89012,1.00196,439,125560,0.250396,0.12,1,473351,472912,439
116054861,2.77802,5.80039,434,125560,0.218079,0.13,1,473353,472919,434
116057781,2.1556,2.76008,434,125560,0.291616,0.29,1,473355,472921,434
116060261,5.23112,5.35202,434,125560,0.306323,0.27,1,473361,472927,434
116063181,5.84622,5.0704,435,125560,0.317265,0.18,1,473367,472932,435
116065041,1.96924,4.21408,432,125560,0.303453,0.21,1,473368,472936,432
116067961,19.5938,21.6428,430,125560,0.300691,0.24,1,473392,472962,430
116070881,22.3188,21.9286,431,125560,0.252138,0.23,1,473415,472984,431
116073801,25.2638,21.1857,436,125560,0.354428,0.23,1,473441,473005,436
116076481,6.65275,5.83714,436,125560,0.342886,0.16,1,473443,473007,436
116079401,58.9306,58.7674,436,125560,0.244577,0.27,1,473515,473079,436
116082321,30.9861,30.1535,437,125560,0.336915,0.3,1,473539,473102,437
116085241,10.9972,10.8307,437,125560,0.395383,0.29,1,473545,473108,437
116087921,5.39944,4.56614,438,125560,0.343077,0.34,1,473549,473111,438
116090841,3.47989,4.91323,436,125560,0.372615,0.33,1,473552,473116,436
116093761,3.89598,3.38265,437,125560,0.362523,0.24,1,473556,473119,437
116096681,5.5792,12.6765,428,125560,0.384505,0.24,1,473562,473134,428
116099361,10.7158,5.73531,436,125560,0.404901,0.28,1,473574,473138,436
116102281,5.34317,9.94706,429,125560,0.38498,0.28,1,473578,473149,429
116105201,2.66863,1.98941,431,125560,0.348996,0.24,1,473580,473149,431
116107681,2.13373,1.99788,431,125560,0.309799,0.2,1,473582,473151,431
116110601,3.62675,3.59958,431,125560,0.25396,0.19,1,473586,473155,431
116113521,7.12535,1.51992,438,125560,0.306792,0.16,1,473594,473156,438
116116421,11.8251,3.50398,447,125560,0.293358,0.24,1,473607,473160,447
116119341,14.365,10.3008,450,125560,0.298672,0.22,1,473622,473172,450
116122261,10.873,14.0602,445,125560,0.315734,0.28,1,473632,473187,445
116125181,3.7746,10.812,437,125560,0.319147,0.31,1,473634,473197,437
116127861,4.75492,10.9624,431,125560,0.359829,0.29,1,473639,473208,431
116130781,4.15098,3.79248,433,125560,0.375966,0.22,1,473643,473210,433
116133701,8.0302,4.7585,437,125560,0.339193,0.19,1,473652,473215,437
116136621,3.20604,2.5517,437,125560,0.323839,0.3,1,473654,473217,437
116139541,11.0412,11.7103,436,125560,0.344768,0.33,1,473667,473231,436
116142461,7.00824,8.74207,434,125560,0.380954,0.29,1,473673,473239,434
116145121,4.60165,4.94841,434,125560,0.332191,0.27,1,473677,473243,434
116148041,7.32033,6.58968,435,125560,0.338438,0.27,1,473685,473250,435
116150961,3.06407,1.31794,437,125560,0.331688,0.28,1,473687,473250,437
116153881,8.61281,7.46359,438,125560,0.370338,0.32,1,473697,473259,438
116156561,4.92256,3.09272,440,125560,0.410068,0.28,1,473701,473261,440
116159481,22.5845,11.0185,454,125560,0.362014,0.22,1,473728,473274,454
116162401,9.3169,19.8037,438,125560,0.264403,0.25,1,473734,473296,438
116165301,10.6634,10.3607,441,125560,0.404881,0.25,1,473745,473304,441
116168221,17.3327,6.87215,454,125560,0.400976,0.27,1,473764,473310,454
116171141,9.86654,14.9744,445,125560,0.272195,0.31,1,473772,473327,445
116174061,9.97331,10.9949,445,125560,0.374439,0.29,1,473782,473337,445
116176981,7.59466,9.39898,443,125560,0.354888,0.21,1,473789,473346,443
116179901,3.91893,7.4798,439,125560,0.302978,0.31,1,473792,473353,439
116182561,2.38379,3.09596,439,125560,0.284596,0.31,1,473794,473355,439
116185481,5.27676,5.41919,439,125560,0.352919,0.32,1,473800,473361,439
116188401,2.65535,5.88384,435,125560,0.334584,0.3,1,473802,473367,435
116190261,1.33107,1.97677,435,125560,0.338917,0.3,1,473803,473368,435
116193181,14.6662,19.5954,429,125560,0.339783,0.24,1,473821,473392,429
116196101,26.9332,22.3191,436,125560,0.379957,0.38,1,473851,473415,436
116199021,27.7866,25.2638,438,125560,0.275991,0.34,1,473879,473441,438
116201281,8.75733,6.65276,440,125560,0.351198,0.22,1,473883,473443,440
116204201,59.3515,58.9306,440,125560,0.35024,0.36,1,473955,473515,440
116207121,31.8703,30.9861,441,125560,0.342048,0.41,1,473980,473539,441
116209601,11.1741,10.9972,441,125560,0.30041,0.33,1,473986,473545,441
116212521,5.43481,5.39944,441,125560,0.292082,0.38,1,473990,473549,441
116215441,4.28696,3.47989,442,125560,0.306416,0.38,1,473994,473552,442
116217301,4.05739,0.695978,446,125560,0.333283,0.37,1,473998,473552,446
116220221,4.81148,4.9392,445,125560,0.298657,0.39,1,474003,473558,445
116223141,4.1623,4.18784,445,125560,0.347731,0.41,1,474007,473562,445
116225621,4.03246,10.4376,437,125560,0.349546,0.38,1,474011,473574,437
116228541,7.20649,5.28751,441,125560,0.357909,0.34,1,474019,473578,441
116230401,2.2413,2.6575,440,125560,0.375582,0.29,1,474020,473580,440
116233321,5.24826,3.7315,442,125560,0.307116,0.24,1,474026,473584,442
116236241,4.24965,2.3463,444,125560,0.269423,0.32,1,474030,473586,444
116238721,2.44993,6.86926,438,125560,0.245885,0.29,1,474032,473594,438
116241641,10.09,11.7739,437,125560,0.313177,0.3,1,474044,473607,437
116244561,14.818,14.3548,438,125560,0.326635,0.32,1,474060,473622,438
116247481,12.5636,10.871,440,125560,0.281327,0.32,1,474072,473632,440
116250161,4.11272,3.77419,440,125560,0.304265,0.37,1,474074,473634,440
116253081,4.02254,4.75484,439,125560,0.276853,0.38,1,474078,473639,439
116255361,3.20451,4.15097,438,125560,0.263371,0.33,1,474081,473643,438
116258281,5.4409,8.03019,435,125560,0.308674,0.32,1,474087,473652,435
116261201,7.48818,3.20604,441,125560,0.229735,0.32,1,474095,473654,441
116263061,8.69764,0.641208,450,125560,0.285947,0.35,1,474104,473654,450
116265981,4.93953,10.5282,441,125560,0.297189,0.39,1,474108,473667,441
116268261,7.38791,6.90565,443,125560,0.251438,0.32,1,474116,473673,443
116271181,9.47758,4.58113,449,125560,0.314288,0.34,1,474126,473677,449
116273041,2.69552,7.31623,442,125560,0.342858,0.37,1,474127,473685,442
116275961,5.3391,4.66325,444,125560,0.292571,0.38,1,474133,473689,444
116278881,2.66782,7.33265,438,125560,0.282514,0.42,1,474135,473697,438
116281361,3.73356,4.66653,438,125560,0.256503,0.35,1,474139,473701,438
116284281,25.5467,22.5333,442,125560,0.331301,0.24,1,474170,473728,442
116287201,9.90934,9.30666,442,125560,0.31426,0.44,1,474176,473734,442
116290121,5.18187,10.6613,435,125560,0.238852,0.4,1,474180,473745,435
116293041,21.0364,17.3323,441,125560,0.33577,0.24,1,474205,473764,441
116295921,10.6073,9.86645,441,125560,0.283154,0.4,1,474213,473772,441
116298841,6.92145,9.97329,437,125560,0.280631,0.35,1,474219,473782,437
116301761,9.38429,7.59466,440,125560,0.312126,0.29,1,474229,473789,440
116304241,3.47686,3.91893,439,125560,0.350425,0.37,1,474231,473792,439
116307161,5.49537,5.58379,439,125560,0.318085,0.37,1,474237,473798,439
116310081,4.29907,2.71676,441,125560,0.271617,0.33,1,474241,473800,441
116313001,2.45981,2.14335,441,125560,0.326323,0.33,1,474243,473802,441
116315061,3.69196,0.42867,445,125560,0.337265,0.34,1,474247,473802,445
116317981,8.73839,15.2857,436,125560,0.315453,0.39,1,474257,473821,436
116320901,28.1477,27.0571,439,125560,0.311091,0.25,1,474290,473851,439
116323821,29.6295,27.8114,441,125560,0.278218,0.37,1,474320,473879,441
116326741,9.12591,8.76229,441,125560,0.255644,0.35,1,474324,473883,441
116329661,53.8252,59.3525,434,125560,0.331129,0.34,1,474389,473955,434
116332581,33.965,31.8705,438,125560,0.330226,0.29,1,474418,473980,438
116334401,10.793,11.1741,437,125560,0.306045,0.32,1,474423,473986,437
116337321,7.7586,7.83482,437,125560,0.309209,0.31,1,474430,473993,437
116340241,3.15172,2.36696,438,125560,0.341842,0.34,1,474432,473994,438
116342721,4.63034,3.67339,439,125560,0.340368,0.35,1,474437,473998,439
116345641,7.32607,6.33468,440,125560,0.340074,0.36,1,474445,474005,440
116348561,3.06521,2.86694,440,125560,0.340015,0.35,1,474447,474007,440
116351041,3.81304,3.77339,440,125560,0.332003,0.36,1,474451,474011,440
116353961,2.36261,7.15468,434,125560,0.330401,0.38,1,474453,474019,434
116356241,8.47252,2.23094,443,125560,0.34608,0.26,1,474463,474020,443
116359161,4.8945,8.44619,437,125560,0.357216,0.26,1,474467,474030,437
116362081,2.5789,1.68924,439,125560,0.327443,0.24,1,474469,474030,439
116364981,6.91578,1.93785,445,125560,0.233489,0.33,1,474477,474032,445
116367901,15.7832,9.98757,451,125560,0.318698,0.33,1,474495,474044,451
116370821,11.1566,14.7975,445,125560,0.27974,0.27,1,474505,474060,445
116373741,3.83133,12.5595,435,125560,0.271948,0.31,1,474507,474072,435
116376421,8.76627,4.1119,443,125560,0.27839,0.32,1,474517,474074,443
116379341,3.35325,11.2224,432,125560,0.271678,0.32,1,474519,474087,432
116382261,2.27065,2.24448,434,125560,0.238336,0.32,1,474521,474087,434
116385181,8.45413,0.448895,444,125560,0.287667,0.21,1,474531,474087,444
116387861,8.09083,6.48978,444,125560,0.273533,0.3,1,474539,474095,444
116390781,4.81817,11.698,435,125560,0.318707,0.24,1,474543,474108,435
116393701,10.5636,8.73959,439,125560,0.335741,0.33,1,474555,474116,439
116396621,6.91273,9.74792,435,125560,0.283148,0.35,1,474561,474126,435
116398881,5.38255,2.74958,439,125560,0.23263,0.28,1,474566,474127,439
116401801,6.67651,6.94992,438,125560,0.326526,0.28,1,474573,474135,438
116404721,4.5353,1.38998,442,125560,0.305305,0.25,1,474577,474135,442
116407621,21.7071,3.478,464,125560,0.141061,0.35,1,474603,474139,464
116410541,13.1414,25.4956,444,125560,0.228212,0.31,1,474614,474170,444
116412401,3.42828,9.89912,439,125560,0.229642,0.39,1,474615,474176,439
116415321,7.08566,9.97982,437,125560,0.269928,0.36,1,474623,474186,437
116418241,14.2171,17.196,434,125560,0.261986,0.27,1,474639,474205,434
116421161,14.8434,9.83919,441,125560,0.276397,0.28,1,474654,474213,441
116424081,4.56869,6.76784,437,125560,0.247279,0.32,1,474656,474219,437
116427001,7.31374,9.35357,435,125560,0.177456,0.36,1,474664,474229,435
116429041,3.86275,3.47071,436,125560,0.187491,0.31,1,474667,474231,436
116431961,8.77255,5.49414,440,125560,0.269498,0.26,1,474677,474237,440
116434881,3.35451,4.29883,438,125560,0.2859,0.26,1,474679,474241,438
116436741,6.2709,0.859766,445,125560,0.23318,0.36,1,474686,474241,445
116439661,2.85418,8.17195,437,125560,0.222636,0.31,1,474688,474251,437
116442581,3.77084,6.43439,435,125560,0.276527,0.31,1,474692,474257,435
116445501,28.7542,27.6869,437,125560,0.327305,0.27,1,474727,474290,437
116448421,28.1508,29.5374,435,125560,0.241461,0.25,1,474755,474320,435
116451341,10.4302,9.10747,437,125560,0.216292,0.25,1,474761,474324,437
116453381,52.486,1.82149,500,125560,0.243258,0.35,1,474824,474324,500
116456301,34.4972,52.3643,465,125560,0.248652,0.33,1,474854,474389,465
116459221,13.2994,33.6729,444,125560,0.27373,0.31,1,474862,474418,444
116461701,9.05989,16.3346,440,125560,0.294746,0.36,1,474870,474430,440
116464621,3.41198,6.46691,438,125560,0.290949,0.34,1,474872,474434,438
116467541,3.8824,3.69338,439,125560,0.29819,0.34,1,474876,474437,439
116470461,7.17648,7.13868,439,125560,0.291638,0.34,1,474884,474445,439
116472101,2.2353,1.42774,440,125560,0.306328,0.36,1,474885,474445,440
116475021,3.64706,2.68555,441,125560,0.301266,0.33,1,474889,474448,441
116477941,2.32941,2.93711,440,125560,0.300253,0.33,1,474891,474451,440
116480421,4.46588,2.18742,443,125560,0.308051,0.36,1,474896,474453,443
116483341,5.69318,11.6375,435,125560,0.27761,0.36,1,474902,474467,435
116485621,5.93864,2.3275,441,125560,0.319522,0.32,1,474908,474467,441
116488541,5.98773,2.0655,445,125560,0.295904,0.21,1,474914,474469,445
116491461,13.9975,6.8131,453,125560,0.251181,0.34,1,474930,474477,453
116494381,10.7995,15.7626,445,125560,0.306236,0.27,1,474940,474495,445
116497301,3.7599,11.1525,437,125560,0.317247,0.27,1,474942,474505,437
116500181,9.55198,3.8305,446,125560,0.247449,0.28,1,474953,474507,446
116503101,3.5104,8.7661,438,125560,0.20949,0.27,1,474955,474517,438
116505381,3.90208,3.35322,440,125560,0.217898,0.32,1,474959,474519,440
116508301,4.78042,4.67064,440,125560,0.27558,0.3,1,474964,474524,440
116511221,8.15608,6.53413,442,125560,0.295116,0.27,1,474973,474531,442
116513281,3.23122,7.70683,436,125560,0.323023,0.33,1,474975,474539,436
116516201,3.84624,4.74137,436,125560,0.256605,0.34,1,474979,474543,436
116519121,7.16925,10.5483,432,125560,0.283321,0.27,1,474987,474555,432
116522041,11.8339,6.90965,439,125560,0.272664,0.22,1,475000,474561,439
116524961,7.16677,5.38193,440,125560,0.222533,0.35,1,475006,474566,440
116527881,4.63335,6.67639,437,125560,0.156507,0.3,1,475010,474573,437
116529921,2.52667,4.53528,435,125560,0.295301,0.1,1,475012,474577,435
116532841,20.5053,21.7071,434,125560,0.10706,0.25,1,475037,474603,434
116535121,12.9011,13.1414,434,125560,0.277412,0.23,1,475048,474614,434
116538041,11.3802,3.42828,444,125560,0.175482,0.28,1,475059,474615,444
116540961,13.476,7.08566,450,125560,0.251096,0.26,1,475073,474623,450
116543881,10.6952,14.2171,444,125560,0.162219,0.28,1,475083,474639,444
116546801,3.73904,14.8434,431,125560,0.152444,0.24,1,475085,474654,431
116548641,1.54781,4.56869,430,125560,0.134489,0.16,1,475086,474656,430
116551561,12.3096,7.31374,437,125560,0.202898,0.19,1,475101,474664,437
116554481,4.06191,3.86275,436,125560,0.18458,0.29,1,475103,474667,436
116557401,5.61238,8.77255,432,125560,0.260916,0.29,1,475109,474677,432
116560081,7.52248,3.35451,438,125560,0.252183,0.22,1,475117,474679,438
116563001,6.3045,6.2709,437,125560,0.210437,0.22,1,475123,474686,437
116565281,6.0609,2.85418,441,125560,0.274087,0.28,1,475129,474688,441
116568201,22.8122,7.77084,459,125560,0.166817,0.34,1,475156,474697,459
116571121,34.1624,25.5542,466,125560,0.169363,0.22,1,475193,474727,466
116574041,8.43249,27.5108,440,125560,0.177873,0.21,1,475195,474755,440
116575681,2.4865,10.3022,435,125560,0.163575,0.25,1,475196,474761,435
116578601,51.6973,52.4604,436,125560,0.248715,0.25,1,475260,474824,436
116581521,34.3395,34.4921,436,125560,0.201743,0.28,1,475290,474854,436
116584441,13.2679,13.2984,436,125560,0.240349,0.3,1,475298,474862,436
116587121,9.85358,9.05968,437,125560,0.23207,0.29,1,475307,474870,437
116590041,3.57072,3.41194,437,125560,0.238414,0.3,1,475309,474872,437
116592321,3.91414,3.88239,437,125560,0.311683,0.29,1,475313,474876,437
116595241,7.18283,7.17648,437,125560,0.270337,0.31,1,475321,474884,437
116598161,4.63657,2.2353,440,125560,0.230067,0.3,1,475325,474885,440
116600021,2.52731,3.64706,438,125560,0.270013,0.3,1,475327,474889,438
116602941,2.10546,3.92941,436,125560,0.302003,0.31,1,475329,474893,436
116605861,4.42109,3.18588,438,125560,0.260401,0.27,1,475334,474896,438
116608781,4.08422,5.43718,436,125560,0.30808,0.33,1,475338,474902,436
116611041,5.61684,5.88744,436,125560,0.293616,0.29,1,475344,474908,436
116613961,7.52337,5.97749,438,125560,0.266723,0.24,1,475352,474914,438
116616881,13.5047,13.9955,437,125560,0.245345,0.32,1,475367,474930,437
116619801,7.50093,10.7991,433,125560,0.217069,0.32,1,475373,474940,433
116622481,3.10019,3.75982,433,125560,0.187414,0.23,1,475375,474942,433
116625401,11.82,9.55196,436,125560,0.237483,0.2,1,475389,474953,436
116627681,3.96401,3.51039,436,125560,0.247497,0.27,1,475391,474955,436
116630601,5.5928,5.50208,436,125560,0.153499,0.29,1,475397,474961,436
116633521,4.31856,3.50042,437,125560,0.2707,0.3,1,475401,474964,437
116636441,8.86371,7.90008,438,125560,0.24614,0.33,1,475411,474973,438
116639121,4.97274,3.18002,440,125560,0.209228,0.34,1,475415,474975,440
116642041,5.79455,7.836,437,125560,0.273846,0.29,1,475421,474984,437
116644961,6.75891,3.9672,441,125560,0.286769,0.27,1,475428,474987,441
116647881,10.9518,11.1934,440,125560,0.273354,0.21,1,475440,475000,440
116650801,5.39036,7.03869,438,125560,0.230671,0.14,1,475444,475006,438
116652641,1.87807,4.60774,435,125560,0.206134,0.34,1,475445,475010,435
116655561,19.5756,8.92155,449,125560,0.177227,0.06,1,475469,475020,449
116658481,7.91512,15.3843,437,125560,0.187445,0.32,1,475474,475037,437
116661401,13.583,11.8769,441,125560,0.173489,0.15,1,475489,475048,441
116664321,12.3166,11.1754,442,125560,0.298698,0.27,1,475501,475059,442
116667241,13.6633,13.4351,442,125560,0.31574,0.14,1,475515,475073,442
116670161,4.33266,10.687,434,125560,0.287148,0.15,1,475517,475083,434
116672821,5.66653,3.7374,438,125560,0.20943,0.22,1,475523,475085,438
116675741,10.7333,13.5475,434,125560,0.321886,0.18,1,475535,475101,434
116678661,3.74666,4.3095,434,125560,0.368377,0.18,1,475537,475103,434
116681141,7.14933,0.861899,442,125560,0.297675,0.27,1,475545,475103,442
116684061,3.02987,8.97238,433,125560,0.291535,0.25,1,475547,475114,433
116686981,9.40597,4.19448,441,125560,0.330307,0.2,1,475558,475117,441
116689461,5.08119,5.6389,439,125560,0.306061,0.14,1,475562,475123,439
116692381,21.8162,27.5278,432,125560,0.229212,0.17,1,475588,475156,432
116695301,33.1632,35.1056,431,125560,0.341842,0.18,1,475624,475193,431
116698221,8.23265,8.62111,431,125560,0.364368,0.18,1,475626,475195,431
116699861,10.4465,1.72422,442,125560,0.328874,0.27,1,475637,475195,442
116702781,47.6893,52.3448,434,125560,0.233775,0.19,1,475694,475260,434
116705701,34.3379,34.469,435,125560,0.214755,0.25,1,475725,475290,435
116708621,11.6676,13.2938,433,125560,0.210951,0.25,1,475731,475298,433
116710261,9.53351,2.65876,442,125560,0.22619,0.23,1,475740,475298,442
116713181,3.5067,7.73175,435,125560,0.293238,0.24,1,475742,475307,435
116715041,1.50134,3.14635,434,125560,0.298648,0.29,1,475743,475309,434
116717961,9.90027,7.02927,438,125560,0.29173,0.26,1,475755,475317,438
116720881,5.18005,4.60585,438,125560,0.290346,0.22,1,475759,475321,438
116723801,3.43601,4.12117,437,125560,0.274069,0.28,1,475762,475325,437
116725441,2.2872,2.42423,437,125560,0.294814,0.29,1,475764,475327,437
116728361,3.65744,4.48485,436,125560,0.290963,0.25,1,475768,475332,436
116731281,2.33149,2.49697,436,125560,0.282193,0.32,1,475770,475334,436
116733761,3.6663,3.69939,436,125560,0.280439,0.33,1,475774,475338,436
116736681,8.73326,8.73988,436,125560,0.312088,0.26,1,475784,475348,436
116739601,12.1467,4.94798,445,125560,0.318418,0.24,1,475797,475352,445
116742521,12.8293,12.9896,443,125560,0.263683,0.21,1,475810,475367,443
116744161,3.36587,7.39792,438,125560,0.276737,0.2,1,475811,475373,438
116747081,2.27317,7.07958,433,125560,0.271347,0.25,1,475813,475380,433
116750001,9.25463,8.61592,435,125560,0.206269,0.25,1,475824,475389,435
116752921,5.05093,3.32318,437,125560,0.249254,0.13,1,475828,475391,437
116754981,5.81019,5.46464,437,125560,0.185851,0.3,1,475834,475397,437
116757901,2.76204,4.29293,435,125560,0.26917,0.24,1,475836,475401,435
116760821,10.9524,8.85859,438,125560,0.253834,0.2,1,475849,475411,438
116763741,5.39048,4.97172,438,125560,0.226767,0.29,1,475853,475415,438
116766661,4.2781,5.79434,436,125560,0.229353,0.29,1,475857,475421,436
116768501,4.85562,1.15887,441,125560,0.277871,0.29,1,475862,475421,441
116771421,6.57112,5.83177,441,125560,0.271574,0.27,1,475869,475428,441
116774341,10.9142,10.7664,441,125560,0.254315,0.22,1,475881,475440,441
116776821,3.78284,5.35327,439,125560,0.258863,0.17,1,475883,475444,439
116779741,18.3566,21.0707,436,125560,0.267773,0.19,1,475905,475469,436
116782661,5.27131,8.21413,433,125560,0.269555,0.19,1,475907,475474,433
116785141,9.85426,1.64283,444,125560,0.229911,0.17,1,475918,475474,444
116788061,17.9709,12.3286,449,125560,0.277982,0.33,1,475938,475489,449
116790341,9.99417,12.0657,445,125560,0.255596,0.32,1,475946,475501,445
116793261,3.59883,13.6131,433,125560,0.251119,0.28,1,475948,475515,433
116795121,1.51977,4.32263,432,125560,0.322224,0.21,1,475949,475517,432
116798041,11.504,6.46453,439,125560,0.272445,0.35,1,475963,475524,439
116800961,10.3008,10.0929,438,125560,0.134489,0.38,1,475973,475535,438
116803441,3.66016,3.61858,438,125560,0.114898,0.28,1,475975,475537,438
116806361,7.13203,7.12372,438,125560,0.15898,0.29,1,475983,475545,438
116809281,3.02641,3.02474,438,125560,0.207796,0.34,1,475985,475547,438
116812201,11.8053,9.40495,441,125560,0.225559,0.3,1,475999,475558,441
116814881,5.56106,5.08099,441,125560,0.221112,0.21,1,476003,475562,441
116817801,17.1122,21.8162,435,125560,0.196222,0.37,1,476023,475588,435
116820721,33.8224,33.1632,437,125560,0.199244,0.37,1,476061,475624,437
116823201,8.36449,8.23265,437,125560,0.175849,0.32,1,476063,475626,437
116826121,50.4729,10.4465,487,125560,0.30717,0.21,1,476124,475637,487
116829041,36.4946,47.6893,463,125560,0.285434,0.21,1,476157,475694,463
116831961,12.8989,34.3379,439,125560,0.217087,0.21,1,476164,475725,439
116833601,4.17978,11.6676,435,125560,0.267417,0.23,1,476166,475731,435
116836521,10.436,9.53351,438,125560,0.261483,0.31,1,476178,475740,438
116838801,3.68719,3.5067,438,125560,0.236297,0.33,1,476180,475742,438
116841721,8.73744,9.50134,437,125560,0.255259,0.29,1,476190,475753,437
116844641,4.94749,3.50027,439,125560,0.267052,0.29,1,476194,475755,439
116847541,7.3895,3.90005,443,125560,0.31741,0.29,1,476202,475759,443
116850461,3.0779,6.38001,438,125560,0.327482,0.29,1,476204,475766,438
116853381,2.21558,2.876,438,125560,0.337496,0.28,1,476206,475768,438
116856301,2.04312,2.1752,438,125560,0.307499,0.28,1,476208,475770,438
116857941,2.80862,0.43504,441,125560,0.2855,0.32,1,476211,475770,441
116860861,6.96172,11.287,435,125560,0.2891,0.32,1,476219,475784,435
116863141,10.9923,2.2574,447,125560,0.26582,0.32,1,476231,475784,447
116866061,10.1985,10.8515,444,125560,0.309164,0.25,1,476241,475797,444
116868981,3.63969,12.5703,433,125560,0.317833,0.27,1,476243,475810,433
116871461,8.72794,4.91406,440,125560,0.255567,0.19,1,476253,475813,440
116874381,4.94559,9.78281,433,125560,0.275113,0.26,1,476257,475824,433
116877281,5.78912,5.15656,435,125560,0.271023,0.17,1,476263,475828,435
116880201,4.35782,5.83131,433,125560,0.262205,0.29,1,476267,475834,433
116883121,5.67156,2.76626,437,125560,0.204441,0.25,1,476273,475836,437
116886041,10.7343,10.9533,436,125560,0.216888,0.22,1,476285,475849,436
116888721,5.34686,5.39065,436,125560,0.243378,0.29,1,476289,475853,436
116891641,7.46937,8.27813,435,125560,0.288676,0.29,1,476297,475862,435
116894561,4.69387,1.65563,439,125560,0.289735,0.27,1,476301,475862,439
116897481,6.53877,5.93113,439,125560,0.289947,0.25,1,476308,475869,439
116900401,3.70775,10.7862,430,125560,0.273989,0.26,1,476311,475881,430
116902241,2.34155,3.75724,430,125560,0.302798,0.27,1,476313,475883,430
116905161,19.6683,18.3514,432,125560,0.29256,0.27,1,476337,475905,432
116907441,5.53366,5.27029,432,125560,0.258512,0.22,1,476339,475907,432
116910361,13.1067,9.85406,436,125560,0.275702,0.29,1,476354,475918,436
116913281,17.8213,17.9708,435,125560,0.23114,0.25,1,476373,475938,435
116915761,11.5643,9.99416,437,125560,0.246228,0.25,1,476383,475946,437
116918681,3.91285,3.59883,437,125560,0.297246,0.34,1,476385,475948,437
116921601,3.98257,1.51977,440,125560,0.331449,0.26,1,476389,475949,440
116924521,11.1965,11.504,439,125560,0.29829,0.1,1,476402,475963,439
116927441,6.2393,10.3008,434,125560,0.299658,0.11,1,476407,475973,434
116929701,6.04786,3.66016,438,125560,0.331932,0.17,1,476413,475975,438
116932621,2.80957,7.13203,432,125560,0.306386,0.22,1,476415,475983,432
116934481,1.36191,3.02641,431,125560,0.293277,0.23,1,476416,475985,431
116937401,11.4724,11.8053,431,125560,0.290655,0.22,1,476430,475999,431
116939681,6.29448,5.56106,432,125560,0.338131,0.19,1,476435,476003,432
116942601,17.2589,17.1122,432,125560,0.347626,0.2,1,476455,476023,432
116945521,35.4518,33.8224,434,125560,0.285525,0.17,1,476495,476061,434
116948001,10.2904,8.36449,436,125560,0.289105,0.34,1,476499,476063,436
116950921,48.4581,50.4729,433,125560,0.289821,0.28,1,476557,476124,433
116953841,36.8916,36.4946,434,125560,0.353964,0.2,1,476591,476157,434
116956321,15.3783,12.8989,437,125560,0.326793,0.28,1,476601,476164,437
116959241,12.6757,4.17978,447,125560,0.321359,0.26,1,476613,476166,447
116962161,4.13513,10.436,437,125560,0.320272,0.23,1,476615,476178,437
116965081,10.427,3.68719,447,125560,0.280054,0.26,1,476627,476180,447
116968001,4.48541,8.73744,440,125560,0.328011,0.27,1,476630,476190,440
116969841,1.69708,4.94749,437,125560,0.353602,0.33,1,476631,476194,437
116972761,6.73942,8.9895,435,125560,0.33472,0.33,1,476639,476204,435
116975681,2.94788,1.7979,437,125560,0.378944,0.34,1,476641,476204,437
116978161,2.18958,1.95958,437,125560,0.395789,0.3,1,476643,476206,437
116981081,3.63792,5.19192,435,125560,0.375158,0.3,1,476647,476212,435
116984001,5.52758,1.03838,441,125560,0.395032,0.29,1,476653,476212,441
116986921,13.1055,5.80768,449,125560,0.375006,0.26,1,476668,476219,449
116989841,7.4211,10.7615,443,125560,0.347001,0.32,1,476674,476231,443
116992761,3.08422,10.1523,435,125560,0.3174,0.32,1,476676,476241,435
116995681,10.2168,3.63046,445,125560,0.34348,0.28,1,476688,476243,445
116998601,5.24337,11.9261,435,125560,0.356696,0.27,1,476692,476257,435
117001521,4.24867,7.18522,433,125560,0.295339,0.26,1,476696,476263,433
117004441,5.64973,4.63704,435,125560,0.395068,0.26,1,476702,476267,435
117006661,4.32995,0.927409,439,125560,0.383014,0.19,1,476706,476267,439
117009581,10.466,4.98548,445,125560,0.332603,0.22,1,476718,476273,445
117012501,8.4932,10.5971,441,125560,0.290521,0.25,1,476726,476285,441
117014981,6.49864,5.31942,443,125560,0.282104,0.3,1,476732,476289,443
117017901,4.49973,7.46388,439,125560,0.256421,0.29,1,476736,476297,439
117019761,1.69995,4.69278,436,125560,0.259284,0.29,1,476737,476301,436
117022681,5.13999,6.53856,435,125560,0.387857,0.27,1,476743,476308,435
117024961,2.628,3.70771,434,125560,0.381571,0.28,1,476745,476311,434
117027881,18.9256,5.54154,451,125560,0.308314,0.29,1,476768,476317,451
117030801,10.1851,17.1083,439,125560,0.229663,0.25,1,476776,476337,439
117033721,7.63702,5.02166,444,125560,0.285933,0.28,1,476783,476339,444
117036641,21.5274,13.0043,454,125560,0.201187,0.22,1,476808,476354,454
117039561,15.5055,17.8009,449,125560,0.288237,0.25,1,476822,476373,449
117042481,4.7011,11.5602,441,125560,0.361647,0.31,1,476824,476383,441
117045141,5.74022,3.91203,445,125560,0.344329,0.39,1,476830,476385,445
117048061,9.14804,7.18241,447,125560,0.364866,0.29,1,476840,476393,447
117050981,3.42961,8.63648,440,125560,0.376973,0.3,1,476842,476402,440
117053461,7.08592,5.7273,443,125560,0.259395,0.34,1,476850,476407,443
117056381,3.81718,5.94546,440,125560,0.363879,0.3,1,476853,476413,440
117058241,2.36344,2.78909,440,125560,0.360776,0.28,1,476855,476415,440
117061161,9.27269,4.55782,446,125560,0.336155,0.29,1,476866,476420,446
117064081,5.85454,8.91156,441,125560,0.315231,0.35,1,476871,476430,441
117067001,17.9709,21.7823,437,125560,0.263046,0.27,1,476892,476455,437
117069921,30.7942,36.3565,431,125560,0.220609,0.29,1,476926,476495,431
117072801,8.55884,10.4713,430,125560,0.340122,0.29,1,476929,476499,430
117075721,54.5118,48.4943,438,125560,0.356024,0.37,1,476995,476557,438
117078641,39.7024,36.8989,440,125560,0.319205,0.32,1,477031,476591,440
117081561,14.3405,15.3798,438,125560,0.271841,0.32,1,477039,476601,438
117084481,10.8681,12.676,436,125560,0.270368,0.32,1,477049,476613,436
117087361,3.77362,4.13519,436,125560,0.342074,0.27,1,477051,476615,436
117090281,12.7547,10.427,439,125560,0.308415,0.34,1,477066,476627,439
117092561,6.55094,4.48541,441,125560,0.293683,0.37,1,477071,476630,441
117095481,7.71019,6.49708,442,125560,0.306737,0.33,1,477079,476637,442
117098401,3.94204,2.89942,443,125560,0.325347,0.39,1,477082,476639,443
117100881,2.38841,2.17988,443,125560,0.353069,0.41,1,477084,476641,443
117103801,5.27768,7.63598,440,125560,0.350614,0.41,1,477090,476650,440
117106721,4.25554,1.5272,444,125560,0.302123,0.4,1,477094,476650,444
117109641,8.85111,2.70544,451,125560,0.300425,0.37,1,477104,476653,451
117112561,9.77022,12.5411,446,125560,0.324085,0.34,1,477114,476668,446
117114401,2.75404,7.30822,441,125560,0.352817,0.4,1,477115,476674,441
117117321,2.15081,5.46164,438,125560,0.326563,0.35,1,477117,476679,438
117120241,8.43016,8.29233,439,125560,0.281313,0.36,1,477127,476688,439
117123161,7.28603,4.85847,442,125560,0.240263,0.36,1,477134,476692,442
117125221,6.25721,0.971693,448,125560,0.272052,0.44,1,477140,476692,448
117128141,2.85144,7.39434,441,125560,0.254411,0.42,1,477142,476701,441
117131061,2.17029,2.27887,442,125560,0.218882,0.38,1,477144,476702,442
117133541,6.83406,3.65577,446,125560,0.267776,0.32,1,477152,476706,446
117136461,7.76681,10.3312,442,125560,0.269555,0.28,1,477160,476718,442
117138741,11.9534,8.46623,447,125560,0.285911,0.28,1,477173,476726,447
117141661,5.59067,6.49325,445,125560,0.225182,0.25,1,477177,476732,445
117143521,1.91813,4.49865,442,125560,0.197036,0.41,1,477178,476736,442
117146441,3.58363,3.29973,443,125560,0.167407,0.42,1,477182,476739,443
117149361,3.91673,3.85995,443,125560,0.289481,0.29,1,477186,476743,443
117152281,18.3833,20.772,440,125560,0.289896,0.21,1,477208,476768,440
117155201,5.27667,10.5544,434,125560,0.257979,0.21,1,477210,476776,434
117157461,11.4553,2.11088,447,125560,0.291596,0.3,1,477223,476776,447
117160381,20.6911,6.02218,463,125560,0.202319,0.18,1,477246,476783,463
117163301,15.3382,21.2044,452,125560,0.240464,0.31,1,477260,476808,452
117166221,4.66764,15.4409,440,125560,0.272093,0.38,1,477262,476822,440
117168901,7.33353,4.68818,446,125560,0.254419,0.34,1,477270,476824,446
117171821,3.86671,5.73764,443,125560,0.322884,0.37,1,477273,476830,443
117174741,7.17334,9.14753,441,125560,0.312577,0.38,1,477281,476840,441
117177221,6.23467,3.42951,445,125560,0.286515,0.23,1,477287,476842,445
117180141,4.44693,7.0859,441,125560,0.217303,0.39,1,477291,476850,441
117182001,1.68939,3.81718,439,125560,0.227461,0.35,1,477292,476853,439
117184921,7.53788,7.16344,440,125560,0.317492,0.33,1,477301,476861,440
117187841,7.90758,5.43269,443,125560,0.319498,0.31,1,477309,476866,443
117190741,18.3815,5.08654,459,125560,0.3199,0.25,1,477330,476871,459
117193661,28.4763,17.8173,469,125560,0.33598,0.21,1,477361,476892,469
117196581,7.29526,30.7635,437,125560,0.347196,0.37,1,477363,476926,437
117199061,56.6591,8.55269,503,125560,0.333439,0.36,1,477432,476929,503
117201981,36.9318,54.5105,469,125560,0.242688,0.31,1,477464,476995,469
117204901,15.3864,39.7021,443,125560,0.304538,0.26,1,477474,477031,443
117207381,12.6773,14.3404,447,125560,0.364908,0.27,1,477486,477039,447
117210301,4.13545,10.8681,439,125560,0.344981,0.36,1,477488,477049,439
117212161,1.62709,3.77362,438,125560,0.332996,0.3,1,477489,477051,438
117215081,11.5254,12.7547,437,125560,0.370599,0.29,1,477503,477066,437
117218001,6.30508,6.55094,437,125560,0.39412,0.31,1,477508,477071,437
117220921,8.46102,7.71019,438,125560,0.342824,0.33,1,477517,477079,438
117223601,3.2922,3.94204,437,125560,0.364565,0.38,1,477519,477082,437
117226521,6.25844,3.18841,441,125560,0.352913,0.35,1,477526,477085,441
117229441,5.25169,4.63768,441,125560,0.326583,0.29,1,477531,477090,441
117231921,2.65034,4.12754,439,125560,0.345316,0.3,1,477533,477094,439
117234841,8.53007,8.82551,439,125560,0.365063,0.33,1,477543,477104,439
117237761,6.50601,9.7651,435,125560,0.369013,0.36,1,477549,477114,435
117240241,2.9012,2.75302,436,125560,0.377802,0.27,1,477551,477115,436
117243161,7.78024,10.1506,433,125560,0.419561,0.27,1,477560,477127,433
117246081,7.15605,2.03012,440,125560,0.339912,0.23,1,477567,477127,440
117249001,8.63121,6.00602,442,125560,0.299982,0.28,1,477576,477134,442
117251921,3.32624,6.0012,438,125560,0.299996,0.25,1,477578,477140,438
117253761,1.46525,2.80024,437,125560,0.283999,0.32,1,477579,477142,437
117256681,5.09305,6.96005,435,125560,0.2328,0.28,1,477585,477150,435
117259601,8.21861,2.99201,442,125560,0.37456,0.27,1,477594,477152,442
117262521,9.64372,6.9984,444,125560,0.322912,0.29,1,477604,477160,444
117265441,9.92874,11.7997,441,125560,0.312582,0.21,1,477614,477173,441
117267281,2.78575,5.55994,438,125560,0.318516,0.18,1,477615,477177,438
117270201,3.75715,4.31199,438,125560,0.255703,0.16,1,477619,477181,438
117273121,2.35143,1.6624,439,125560,0.275141,0.32,1,477621,477182,439
117276021,18.0703,3.53248,457,125560,0.343028,0.29,1,477643,477186,457
117278941,5.21406,18.3065,437,125560,0.356606,0.25,1,477645,477208,437
117281221,12.2428,5.2613,449,125560,0.335321,0.3,1,477659,477210,449
117284141,20.8486,11.4523,459,125560,0.371064,0.18,1,477682,477223,459
117287061,13.7697,20.6905,448,125560,0.258213,0.25,1,477694,477246,448
117289981,5.15394,15.3381,437,125560,0.339643,0.28,1,477697,477260,437
117292661,8.23079,4.66762,444,125560,0.387929,0.25,1,477706,477262,444
117295581,5.64616,7.33352,441,125560,0.341586,0.34,1,477711,477270,441
117297861,2.72923,3.8667,440,125560,0.324317,0.31,1,477713,477273,440
117300781,10.9458,7.17334,445,125560,0.312863,0.28,1,477726,477281,445
117302641,2.98917,6.23467,440,125560,0.310573,0.2,1,477727,477287,440
117305561,2.19783,4.44693,438,125560,0.318115,0.23,1,477729,477291,438
117308481,6.83957,1.68939,445,125560,0.263623,0.34,1,477737,477292,445
117311401,6.16791,7.53788,442,125560,0.316725,0.32,1,477743,477301,442
117313041,2.03358,7.90758,435,125560,0.311345,0.32,1,477744,477309,435
117315961,21.2067,18.3815,440,125560,0.342269,0.34,1,477770,477330,440
117318881,25.0413,28.4763,435,125560,0.300454,0.35,1,477796,477361,435
117321361,10.6083,7.29526,440,125560,0.292091,0.33,1,477803,477363,440
117324281,58.1217,56.6591,441,125560,0.266418,0.22,1,477873,477432,441
117327201,34.8243,36.9318,438,125560,0.285284,0.32,1,477902,477464,438
117329681,18.1649,15.3864,442,125560,0.265057,0.38,1,477916,477474,442
117332601,13.233,12.6773,442,125560,0.333011,0.34,1,477928,477486,442
117335521,4.24659,4.13545,442,125560,0.354602,0.33,1,477930,477488,442
117337381,9.64932,1.62709,452,125560,0.27892,0.38,1,477941,477489,452
117340301,3.52986,11.5254,440,125560,0.263784,0.4,1,477943,477503,440
117343201,4.70597,6.30508,440,125560,0.340757,0.33,1,477948,477508,440
117346121,8.14119,8.46102,440,125560,0.308151,0.37,1,477957,477517,440
117348401,3.22824,3.2922,440,125560,0.28563,0.36,1,477959,477519,440
117351321,8.64565,8.65844,440,125560,0.265126,0.32,1,477969,477529,440
117354241,4.92913,3.33169,442,125560,0.277025,0.35,1,477973,477531,442
117356721,2.58583,2.26634,442,125560,0.287405,0.37,1,477975,477533,442
117359641,8.51717,8.45327,442,125560,0.337481,0.37,1,477985,477543,442
117362561,6.50343,6.49065,442,125560,0.331496,0.37,1,477991,477549,442
117364421,2.10069,1.29813,443,125560,0.346299,0.43,1,477992,477549,443
117367341,3.62014,9.05963,436,125560,0.35726,0.32,1,477996,477560,436
117370261,5.52403,7.41193,435,125560,0.367452,0.32,1,478002,477567,435
117372741,5.90481,1.48238,441,125560,0.34549,0.29,1,478008,477567,441
117375661,5.98096,7.49648,438,125560,0.269098,0.3,1,478014,477576,438
117377941,9.99619,3.0993,447,125560,0.20582,0.32,1,478025,477578,447
117380861,3.59924,8.61986,439,125560,0.161164,0.41,1,478027,477588,439
117383781,5.51985,6.52397,439,125560,0.208233,0.31,1,478033,477594,439
117386701,7.50397,9.30479,437,125560,0.305647,0.31,1,478041,477604,437
117389621,7.90079,9.86096,435,125560,0.317129,0.32,1,478049,477614,435
117392541,3.18016,2.77219,436,125560,0.319426,0.24,1,478051,477615,436
117395461,9.43603,3.75444,443,125560,0.335885,0.28,1,478062,477619,443
117398321,3.48721,2.35089,443,125560,0.307177,0.36,1,478064,477621,443
117401241,11.0974,18.0702,434,125560,0.349435,0.36,1,478077,477643,434
117403521,9.41949,5.21404,441,125560,0.349887,0.33,1,478086,477645,441
117406441,11.4839,12.2428,439,125560,0.253977,0.38,1,478098,477659,439
117409361,15.8968,20.8486,433,125560,0.290795,0.23,1,478115,477682,433
117412281,19.9794,13.7697,442,125560,0.218159,0.36,1,478136,477694,442
117414961,5.59587,5.15394,441,125560,0.171632,0.4,1,478138,477697,441
117417881,7.51917,8.23079,440,125560,0.266326,0.33,1,478146,477706,440
117420161,6.30383,5.64616,441,125560,0.301265,0.36,1,478152,477711,441
117423081,4.46077,6.72923,438,125560,0.324253,0.31,1,478156,477718,438
117426001,4.09215,7.74585,434,125560,0.304851,0.31,1,478160,477726,434
117428481,8.01843,2.34917,442,125560,0.35697,0.25,1,478169,477727,442
117431401,6.40369,6.86983,440,125560,0.311394,0.25,1,478175,477735,440
117434321,6.88074,2.97397,445,125560,0.262279,0.33,1,478182,477737,445
117437221,4.57615,5.39479,443,125560,0.236456,0.35,1,478186,477743,443
117440141,20.1152,22.679,440,125560,0.327291,0.29,1,478210,477770,440
117443061,20.023,25.3358,434,125560,0.337458,0.29,1,478230,477796,434
117445981,12.0046,10.6672,437,125560,0.299492,0.29,1,478240,477803,437
117447621,59.2009,2.13343,508,125560,0.347898,0.26,1,478311,477803,508
117450541,29.4402,56.4267,460,125560,0.31758,0.29,1,478333,477873,460
117453461,22.688,34.4853,452,125560,0.343516,0.26,1,478354,477902,452
117456381,10.9376,18.0971,446,125560,0.268703,0.35,1,478362,477916,446
117459301,3.78752,13.2194,436,125560,0.213741,0.36,1,478364,477928,436
117462181,13.5575,4.24388,450,125560,0.298748,0.26,1,478380,477930,450
117465101,4.3115,11.2488,439,125560,0.34775,0.36,1,478382,477943,439
117467381,6.4623,6.24976,441,125560,0.37355,0.3,1,478389,477948,441
117470301,4.49246,8.44995,436,125560,0.40271,0.28,1,478393,477957,436
117473221,2.49849,3.28999,436,125560,0.376542,0.26,1,478395,477959,436
117476141,10.8997,8.658,439,125560,0.347308,0.28,1,478408,477969,439
117479061,5.37994,4.9316,439,125560,0.365462,0.28,1,478412,477973,439
117480901,3.47599,0.98632,442,125560,0.337092,0.35,1,478415,477973,442
117483821,7.0952,9.79726,438,125560,0.403419,0.33,1,478423,477985,438
117486741,6.21904,6.75945,438,125560,0.416684,0.33,1,478429,477991,438
117489221,4.44381,1.35189,442,125560,0.427337,0.36,1,478433,477991,442
117492141,2.48876,4.27038,439,125560,0.429467,0.37,1,478435,477996,439
117495041,2.09775,5.65408,435,125560,0.429893,0.34,1,478437,478002,435
117497961,2.01955,5.93082,431,125560,0.429979,0.25,1,478439,478008,431
117500881,5.20391,5.98616,431,125560,0.429996,0.19,1,478445,478014,431
117503801,16.2408,9.99723,439,125560,0.341999,0.15,1,478464,478025,439
117506481,6.44816,3.59945,441,125560,0.2604,0.21,1,478468,478027,441
117509401,9.28963,6.31989,444,125560,0.22008,0.33,1,478478,478034,444
117512321,5.05793,6.86398,441,125560,0.356016,0.32,1,478482,478041,441
117514801,2.61159,7.7728,435,125560,0.351203,0.32,1,478484,478049,435
117517721,3.72232,3.15456,437,125560,0.390241,0.34,1,478488,478051,437
117520641,11.1445,9.43091,439,125560,0.382048,0.3,1,478501,478062,439
117523121,3.82889,3.48618,439,125560,0.34841,0.36,1,478503,478064,439
117526041,10.3658,11.0972,438,125560,0.285682,0.35,1,478515,478077,438
117528961,5.27316,9.41945,433,125560,0.377136,0.23,1,478519,478086,433
117531881,16.2546,11.4839,440,125560,0.411427,0.3,1,478538,478098,440
117534801,16.8509,15.8968,440,125560,0.394285,0.2,1,478555,478115,440
117537721,16.9702,19.9794,436,125560,0.358857,0.16,1,478572,478136,436
117539761,5.79404,5.59587,437,125560,0.303771,0.39,1,478575,478138,437
117542681,9.95881,9.11917,438,125560,0.388754,0.31,1,478586,478148,438
117545601,5.19176,5.02383,438,125560,0.357751,0.33,1,478590,478152,438
117548081,5.03835,4.20477,439,125560,0.35155,0.3,1,478595,478156,439
117551001,5.00767,4.04095,440,125560,0.35831,0.37,1,478600,478160,440
117553921,2.60153,8.00819,433,125560,0.367662,0.3,1,478602,478169,433
117556401,4.52031,6.40164,432,125560,0.329532,0.25,1,478607,478175,432
117559321,10.5041,6.88033,437,125560,0.369906,0.23,1,478619,478182,437
117561601,5.30081,4.57607,437,125560,0.377981,0.35,1,478623,478186,437
117564521,15.4602,20.1152,431,125560,0.323596,0.34,1,478641,478210,431
117567441,24.692,20.023,438,125560,0.320719,0.29,1,478668,478230,438
117570361,13.7384,12.0046,439,125560,0.344144,0.36,1,478679,478240,439
117573281,75.5477,59.2009,459,125560,0.372829,0.31,1,478770,478311,459
117576201,28.7095,29.4402,454,125560,0.314566,0.35,1,478787,478333,454
117579121,16.9419,22.688,447,125560,0.342913,0.25,1,478801,478354,447
117582041,4.98838,10.9376,441,125560,0.324583,0.2,1,478803,478362,441
117584481,2.59768,3.78752,441,125560,0.288916,0.32,1,478805,478364,441
117587401,14.9195,13.5575,443,125560,0.321783,0.36,1,478823,478380,443
117589681,4.58391,4.3115,443,125560,0.296357,0.38,1,478825,478382,443
117592601,5.71678,6.4623,442,125560,0.235271,0.41,1,478831,478389,442
117595521,2.74336,4.49246,440,125560,0.223054,0.37,1,478833,478393,440
117597381,7.74867,2.49849,447,125560,0.316611,0.34,1,478842,478395,447
117600301,4.74973,10.8997,438,125560,0.351322,0.37,1,478846,478408,438
117603221,5.74995,5.37994,440,125560,0.326264,0.33,1,478852,478412,440
117606141,5.94999,3.47599,443,125560,0.345253,0.33,1,478858,478415,443
117607781,6.79,0.695198,450,125560,0.309051,0.42,1,478865,478415,450
117610701,6.158,6.53904,448,125560,0.34981,0.42,1,478871,478423,448
117612981,4.4316,6.10781,446,125560,0.357962,0.43,1,478875,478429,446
117615901,2.48632,4.42156,444,125560,0.351592,0.43,1,478877,478433,444
117617761,1.29726,2.48431,443,125560,0.334318,0.45,1,478878,478435,443
117620681,1.85945,2.89686,442,125560,0.330864,0.43,1,478880,478438,442
117623601,1.97189,1.37937,443,125560,0.362173,0.43,1,478882,478439,443
117626081,1.99438,5.07587,439,125560,0.336435,0.32,1,478884,478445,439
117629001,10.7989,16.2152,433,125560,0.363287,0.24,1,478897,478464,433
117631281,6.15978,6.44303,434,125560,0.360657,0.21,1,478902,478468,434
117634201,16.432,9.28861,443,125560,0.280131,0.39,1,478921,478478,443
117637121,6.48639,5.05772,443,125560,0.256026,0.35,1,478925,478482,443
117639601,2.89728,2.61154,443,125560,0.219205,0.4,1,478927,478484,443
117642521,3.77946,5.32231,441,125560,0.187841,0.38,1,478931,478490,441
117645441,5.55589,9.86446,436,125560,0.309568,0.34,1,478937,478501,436
117647921,2.71118,3.57289,436,125560,0.309914,0.27,1,478939,478503,436
117650841,14.1422,10.3146,441,125560,0.301983,0.4,1,478956,478515,441
117653761,6.82845,5.26292,442,125560,0.260397,0.4,1,478961,478519,442
117655621,13.3657,1.05258,457,125560,0.284079,0.42,1,478976,478519,457
117658541,16.2731,15.4105,455,125560,0.312816,0.39,1,478993,478538,455
117661461,14.4546,16.6821,452,125560,0.326563,0.35,1,479007,478555,452
117664381,10.0909,16.9364,444,125560,0.257313,0.41,1,479016,478572,444
117667301,8.41819,14.5873,438,125560,0.307463,0.35,1,479024,478586,438
117670221,6.48364,6.11746,440,125560,0.253493,0.35,1,479030,478590,440
117672261,4.49673,1.22349,444,125560,0.258698,0.36,1,479034,478590,444
117675181,4.09935,8.2447,438,125560,0.29974,0.37,1,479038,478600,438
117678101,4.01987,3.24894,440,125560,0.339948,0.37,1,479042,478602,440
117680581,5.60397,0.649788,446,125560,0.34799,0.38,1,479048,478602,446
117683501,7.52079,13.73,437,125560,0.285598,0.38,1,479056,478619,437
117686421,7.90416,5.94599,441,125560,0.26512,0.31,1,479064,478623,441
117689341,14.3808,15.5892,439,125560,0.293024,0.32,1,479080,478641,439
117692261,25.2762,24.7178,440,125560,0.338605,0.35,1,479108,478668,440
117695181,14.6552,13.7436,441,125560,0.283721,0.38,1,479120,478679,441
117698101,75.731,75.5487,441,125560,0.288744,0.3,1,479211,478770,441
117701021,28.7462,28.7097,441,125560,0.297749,0.35,1,479228,478787,441
117703941,16.9492,16.9419,441,125560,0.33155,0.32,1,479242,478801,441
117706861,4.98985,4.98839,441,125560,0.30631,0.32,1,479244,478803,441
117708661,1.79797,0.997678,442,125560,0.285262,0.33,1,479245,478803,442
117711581,8.35959,16.1995,432,125560,0.345052,0.29,1,479255,478823,432
117714501,4.87192,4.83991,434,125560,0.33301,0.22,1,479259,478825,434
117716981,10.5744,5.76798,440,125560,0.322602,0.4,1,479271,478831,440
117719901,4.51488,4.3536,439,125560,0.26452,0.34,1,479274,478835,439
117722821,5.70298,6.47072,438,125560,0.348904,0.36,1,479280,478842,438
117725741,4.3406,4.49414,438,125560,0.357781,0.32,1,479284,478846,438
117728661,5.66812,5.69883,438,125560,0.335556,0.35,1,479290,478852,438
117731121,7.53362,5.93977,440,125560,0.315111,0.3,1,479298,478858,440
117734041,11.1067,6.78795,445,125560,0.247022,0.36,1,479310,478865,445
117736961,5.42134,6.15759,443,125560,0.233404,0.36,1,479314,478871,443
117739861,2.68427,4.43152,441,125560,0.230681,0.37,1,479316,478875,441
117742781,2.13685,6.4863,436,125560,0.294136,0.37,1,479318,478882,436
117745701,2.02737,1.29726,438,125560,0.306827,0.37,1,479320,478882,438
117748621,2.00547,0.259452,440,125560,0.317365,0.33,1,479322,478882,440
117750881,2.00109,1.65189,440,125560,0.319473,0.37,1,479324,478884,440
117753801,6.80022,10.7304,435,125560,0.231895,0.36,1,479332,478897,435
117756721,9.36004,6.14608,440,125560,0.310379,0.26,1,479342,478902,440
117759641,11.472,16.4292,433,125560,0.238076,0.25,1,479354,478921,433
117762321,11.0944,6.48584,440,125560,0.295615,0.37,1,479365,478925,440
117765241,5.41888,6.89717,437,125560,0.243123,0.37,1,479369,478932,437
117768161,4.28378,1.37943,441,125560,0.168625,0.34,1,479373,478932,441
117771081,3.25676,4.27589,439,125560,0.329725,0.31,1,479376,478937,439
117772721,2.25135,2.45518,439,125560,0.329945,0.3,1,479378,478939,439
117775641,13.2503,14.091,438,125560,0.305989,0.25,1,479394,478956,438
117778561,5.85005,6.81821,437,125560,0.285198,0.29,1,479398,478961,437
117781481,22.77,13.3636,449,125560,0.33704,0.32,1,479425,478976,449
117784401,17.354,16.2727,448,125560,0.307408,0.33,1,479441,478993,448
117786241,5.0708,14.4545,436,125560,0.269482,0.24,1,479443,479007,436
117789161,8.21416,10.0909,436,125560,0.349896,0.32,1,479452,479016,436
117792081,8.04283,8.41818,436,125560,0.261979,0.32,1,479460,479024,436
117793941,5.60857,1.68364,441,125560,0.340396,0.24,1,479465,479024,441
117796861,7.52171,5.13673,443,125560,0.300079,0.26,1,479473,479030,443
117799141,4.70434,4.22735,443,125560,0.292016,0.37,1,479477,479034,443
117802061,2.54087,6.44547,438,125560,0.266403,0.35,1,479479,479041,438
117804981,4.50817,2.08909,442,125560,0.309281,0.35,1,479484,479042,442
117807461,6.50163,5.21782,443,125560,0.309856,0.27,1,479491,479048,443
117810381,8.50033,7.44356,444,125560,0.277971,0.26,1,479500,479056,444
117813301,12.1001,7.88871,449,125560,0.255594,0.3,1,479513,479064,449
117816221,26.42,14.3777,463,125560,0.347119,0.35,1,479543,479080,463
117819141,13.284,25.2755,445,125560,0.333424,0.27,1,479553,479108,445
117822061,80.2568,14.6551,530,125560,0.298685,0.29,1,479650,479120,530
117824981,25.6514,75.731,451,125560,0.291737,0.3,1,479662,479211,451
117827901,19.5303,28.7462,452,125560,0.258347,0.34,1,479680,479228,452
117830821,6.30605,16.9492,441,125560,0.235669,0.3,1,479683,479242,441
117833461,8.46121,4.98985,448,125560,0.335134,0.36,1,479692,479244,448
117836381,4.09224,9.79797,440,125560,0.331027,0.33,1,479695,479255,440
117839281,2.41845,5.15959,438,125560,0.330205,0.32,1,479697,479259,438
117842201,10.8837,10.6319,439,125560,0.346041,0.25,1,479710,479271,439
117845121,4.57674,4.52638,439,125560,0.341208,0.37,1,479713,479274,439
117846981,6.51535,5.70528,440,125560,0.268242,0.36,1,479720,479280,440
117849901,2.90307,4.34106,438,125560,0.397648,0.33,1,479722,479284,438
117852821,3.78061,5.66821,436,125560,0.43153,0.33,1,479726,479290,436
117855301,5.55612,1.13364,442,125560,0.430306,0.23,1,479732,479290,442
117858221,13.9112,16.2267,438,125560,0.414061,0.23,1,479748,479310,438
117861141,5.98224,6.44535,438,125560,0.386812,0.23,1,479752,479314,438
117863621,2.79645,1.28907,440,125560,0.341362,0.32,1,479754,479314,440
117866541,2.15929,6.65781,434,125560,0.388272,0.32,1,479756,479322,434
117869461,2.03186,1.33156,436,125560,0.397655,0.32,1,479758,479322,436
117872381,2.00637,0.266313,438,125560,0.407531,0.32,1,479760,479322,438
117875301,2.00127,0.0532625,440,125560,0.409506,0.21,1,479762,479322,440
117878221,7.60026,8.01065,439,125560,0.345901,0.33,1,479771,479332,439
117881141,4.72005,9.60213,433,125560,0.42918,0.22,1,479775,479342,433
117884061,13.744,11.5204,437,125560,0.405836,0.31,1,479791,479354,437
117886981,13.1488,11.1041,439,125560,0.345167,0.23,1,479804,479365,439
117889901,4.22976,5.42082,437,125560,0.333033,0.23,1,479806,479369,437
117891701,3.24595,1.08416,440,125560,0.338607,0.15,1,479809,479369,440
117894621,3.84919,3.41683,440,125560,0.283721,0.37,1,479813,479373,440
117896901,2.36984,3.08337,439,125560,0.424744,0.3,1,479815,479376,439
117899821,10.074,15.0167,433,125560,0.412949,0.28,1,479827,479394,433
117902741,7.61479,6.20333,436,125560,0.42659,0.28,1,479834,479398,436
117905221,25.523,1.24067,466,125560,0.461318,0.35,1,479864,479398,466
117908141,17.9046,21.8481,455,125560,0.428264,0.3,1,479880,479425,455
117911061,5.18092,17.1696,441,125560,0.421653,0.37,1,479882,479441,441
117913981,4.23618,12.2339,434,125560,0.396331,0.24,1,479886,479452,434
117916901,10.4472,8.84679,438,125560,0.407266,0.36,1,479898,479460,438
117919361,5.28945,5.76936,437,125560,0.409453,0.29,1,479902,479465,437
117922281,7.45789,7.55387,437,125560,0.441891,0.29,1,479910,479473,437
117924561,7.89158,4.71077,441,125560,0.400378,0.29,1,479918,479477,441
117927481,3.17832,4.14215,439,125560,0.392076,0.32,1,479920,479481,439
117930401,3.83566,3.22843,440,125560,0.390415,0.31,1,479924,479484,440
117932881,7.16713,6.24569,441,125560,0.422083,0.27,1,479932,479491,441
117935801,4.63343,8.44914,436,125560,0.428417,0.25,1,479936,479500,436
117938721,12.1267,12.0898,437,125560,0.397683,0.37,1,479950,479513,437
117941641,28.0253,26.418,439,125560,0.383537,0.33,1,479982,479543,439
117944561,9.60507,13.2836,434,125560,0.436707,0.29,1,479987,479553,434
117947481,81.921,80.2567,437,125560,0.431341,0.29,1,480087,479650,437
117950401,29.1842,25.6513,441,125560,0.374268,0.25,1,480103,479662,441
117953321,18.6368,19.5303,439,125560,0.394854,0.23,1,480119,479680,439
117955761,6.92737,6.30605,440,125560,0.366971,0.36,1,480123,479683,440
117958681,9.38547,8.46121,441,125560,0.361394,0.33,1,480133,479692,441
117960961,5.07709,4.09224,442,125560,0.416279,0.39,1,480137,479695,442
117963881,4.21542,6.41845,439,125560,0.435256,0.35,1,480141,479702,439
117966801,5.64308,7.68369,437,125560,0.439051,0.34,1,480147,479710,437
117969721,7.52862,3.93674,442,125560,0.43981,0.34,1,480155,479713,442
117971781,7.90572,0.787348,450,125560,0.359962,0.43,1,480163,479713,450
117974701,3.18114,7.35747,443,125560,0.311992,0.44,1,480165,479722,443
117976981,9.43623,4.67149,450,125560,0.438399,0.44,1,480176,479726,450
117979901,4.28725,8.9343,443,125560,0.43968,0.41,1,480179,479736,443
117982821,10.4574,11.3869,443,125560,0.399936,0.38,1,480191,479748,443
117985741,5.29149,5.47737,443,125560,0.415987,0.33,1,480195,479752,443
117988661,2.6583,2.69547,443,125560,0.387197,0.33,1,480197,479754,443
117990501,2.13166,0.539095,445,125560,0.41344,0.46,1,480199,479754,445
117993421,2.82633,8.10782,438,125560,0.434688,0.46,1,480202,479764,438
117996341,2.16527,1.62156,440,125560,0.438938,0.46,1,480204,479764,440
117999261,2.03305,0.324313,442,125560,0.431788,0.46,1,480206,479764,442
118002181,2.00661,0.0648625,444,125560,0.406357,0.33,1,480208,479764,444
118005101,3.60132,5.61297,441,125560,0.369272,0.45,1,480212,479771,441
118007141,10.3203,4.32259,449,125560,0.433854,0.4,1,480224,479775,449
118010061,14.0641,13.6645,448,125560,0.374771,0.33,1,480239,479791,448
118012981,10.8128,13.1329,445,125560,0.322954,0.33,1,480249,479804,445
118015041,3.76256,4.22658,445,125560,0.312591,0.29,1,480251,479806,445
118017961,3.95251,5.64532,443,125560,0.246518,0.27,1,480255,479812,443
118020881,2.3905,1.92906,444,125560,0.257304,0.46,1,480257,479813,444
118023781,8.4781,1.98581,452,125560,0.387461,0.41,1,480267,479815,452
118026701,5.69562,9.99716,445,125560,0.405492,0.43,1,480272,479827,445
118028981,29.1391,7.59943,473,125560,0.353098,0.47,1,480307,479834,473
118031901,16.2278,25.5199,456,125560,0.35862,0.42,1,480320,479864,456
118034821,4.84556,17.904,442,125560,0.359724,0.42,1,480322,479880,442
118037301,5.76911,5.1808,446,125560,0.327945,0.39,1,480328,479882,446
118040221,12.3538,4.23616,456,125560,0.273589,0.41,1,480342,479886,456
118043141,4.07076,10.4472,446,125560,0.230718,0.41,1,480344,479898,446
118045621,8.01415,5.28945,451,125560,0.310144,0.45,1,480353,479902,451
118048541,6.40283,7.45789,449,125560,0.262029,0.39,1,480359,479910,449
118051461,5.28057,7.89158,446,125560,0.356406,0.39,1,480364,479918,446
118054381,4.25611,3.17832,448,125560,0.335281,0.39,1,480368,479920,448
118057061,5.65122,3.83566,450,125560,0.315056,0.43,1,480374,479924,450
118059981,4.33024,10.3671,442,125560,0.311011,0.43,1,480378,479936,442
118062261,12.066,2.07343,456,125560,0.310202,0.39,1,480392,479936,456
118065181,28.8132,11.6147,475,125560,0.33404,0.38,1,480425,479950,475
118068101,8.16264,27.9229,446,125560,0.322808,0.45,1,480428,479982,446
118070581,82.4325,9.58459,542,125560,0.280562,0.43,1,480529,479987,542
118073501,22.8865,81.9169,450,125560,0.288112,0.36,1,480537,480087,450
118076421,18.9773,29.1834,452,125560,0.225622,0.4,1,480555,480103,452
118079341,10.9955,18.6367,445,125560,0.253125,0.36,1,480564,480119,445
118082261,12.5991,6.92734,454,125560,0.290625,0.36,1,480577,480123,454
118085181,5.71982,9.38547,448,125560,0.322125,0.44,1,480581,480133,448
118088101,4.34396,8.27709,444,125560,0.336425,0.44,1,480585,480141,444
118091021,4.06879,6.45542,442,125560,0.315285,0.44,1,480589,480147,442
118093461,3.21376,1.29108,445,125560,0.319057,0.44,1,480592,480147,445
118096381,11.8428,6.65822,451,125560,0.295811,0.34,1,480606,480155,451
118098661,3.96855,7.73164,445,125560,0.259162,0.3,1,480608,480163,445
118101581,7.19371,3.14633,451,125560,0.347832,0.47,1,480616,480165,451
118103861,4.63874,9.42927,444,125560,0.357566,0.44,1,480620,480176,444
118106781,12.1277,4.28585,455,125560,0.351513,0.39,1,480634,480179,455
118109701,5.62555,10.4572,447,125560,0.318303,0.42,1,480638,480191,447
118112181,4.32511,5.29143,447,125560,0.255661,0.44,1,480642,480195,447
118115101,2.46502,6.65829,442,125560,0.243132,0.44,1,480644,480202,442
118118021,2.093,1.33166,444,125560,0.240626,0.44,1,480646,480202,444
118120941,2.0186,1.86633,444,125560,0.240125,0.44,1,480648,480204,444
118122581,2.00372,0.373266,446,125560,0.232025,0.38,1,480650,480204,446
118125501,2.80074,5.67465,442,125560,0.294405,0.38,1,480653,480211,442
118128421,2.16015,1.13493,444,125560,0.274881,0.36,1,480655,480211,444
118131341,5.23203,1.02699,449,125560,0.318976,0.36,1,480661,480212,449
118134261,13.8464,21.8054,438,125560,0.271795,0.31,1,480677,480239,438
118137181,7.56928,12.3611,434,125560,0.286359,0.31,1,480683,480249,434
118140101,4.71386,4.07222,436,125560,0.321272,0.23,1,480687,480251,436
118142341,9.74277,4.01444,443,125560,0.296254,0.26,1,480698,480255,443
118145261,3.54855,2.40289,443,125560,0.291251,0.42,1,480700,480257,443
118148181,7.10971,8.48058,441,125560,0.32225,0.41,1,480708,480267,441
118151101,5.42194,5.69612,441,125560,0.35245,0.41,1,480713,480272,441
118152741,26.6844,1.13922,473,125560,0.30249,0.34,1,480745,480272,473
118155661,13.3369,28.2278,448,125560,0.364498,0.36,1,480755,480307,448
118158581,4.26738,16.0456,437,125560,0.3609,0.36,1,480757,480320,437
118161061,7.25348,4.80911,443,125560,0.30418,0.32,1,480765,480322,443
118163981,11.8507,5.76182,450,125560,0.268836,0.26,1,480778,480328,450
118166901,3.97014,12.3524,438,125560,0.261767,0.22,1,480780,480342,438
118169381,9.59403,4.07047,447,125560,0.244353,0.33,1,480791,480344,447
118172301,5.11881,8.01409,442,125560,0.296871,0.25,1,480795,480353,442
118175221,5.02376,6.40282,441,125560,0.211374,0.38,1,480800,480359,441
118178141,4.20475,5.28056,440,125560,0.354275,0.33,1,480804,480364,440
118180821,7.24095,4.25611,444,125560,0.310855,0.33,1,480812,480368,444
118183741,3.04819,8.05122,437,125560,0.302171,0.31,1,480814,480377,437
118186661,8.60964,2.41024,446,125560,0.308434,0.34,1,480824,480378,446
118189581,32.1219,38.0821,437,125560,0.261687,0.32,1,480862,480425,437
118192501,9.62439,10.0164,438,125560,0.300337,0.32,1,480866,480428,438
118194341,79.5249,2.00328,535,125560,0.356067,0.27,1,480963,480428,535
118197261,23.905,81.2007,444,125560,0.343213,0.29,1,480973,480529,444
118200181,17.581,22.6401,452,125560,0.316643,0.21,1,480989,480537,452
118203101,9.9162,18.928,442,125560,0.239329,0.26,1,480997,480555,442
118206021,14.7832,10.9856,449,125560,0.239866,0.3,1,481013,480564,449
118208941,6.15665,12.5971,440,125560,0.247973,0.33,1,481017,480577,440
118210981,6.83133,5.71942,443,125560,0.273595,0.31,1,481024,480581,443
118213901,3.76627,7.54388,438,125560,0.310719,0.31,1,481027,480589,438
118216821,2.35325,1.50878,440,125560,0.310144,0.32,1,481029,480589,440
118218881,2.07065,2.70176,439,125560,0.318029,0.29,1,481031,480592,439
118221801,12.4141,11.7404,440,125560,0.263606,0.25,1,481046,480606,440
118224081,4.08283,3.94807,440,125560,0.212721,0.37,1,481048,480608,440
118227001,7.21657,7.18961,440,125560,0.170544,0.36,1,481056,480616,440
118229281,4.64331,4.63792,440,125560,0.250109,0.35,1,481060,480620,440
118232201,7.32866,12.1276,434,125560,0.282022,0.31,1,481068,480634,434
118234481,4.66573,5.62552,434,125560,0.280404,0.24,1,481072,480638,434
118237401,8.13315,9.1251,433,125560,0.304081,0.24,1,481081,480648,433
118240321,3.22663,1.82502,435,125560,0.292816,0.24,1,481083,480648,435
118243241,2.24533,0.365004,437,125560,0.290563,0.24,1,481085,480648,437
118246161,2.04907,0.0730008,439,125560,0.258113,0.23,1,481087,480648,439
118249081,3.60981,1.6146,441,125560,0.243623,0.31,1,481091,480650,441
118252001,2.32196,2.72292,440,125560,0.240725,0.27,1,481093,480653,440
118254661,5.26439,2.14458,444,125560,0.184145,0.37,1,481099,480655,444
118257581,13.8529,7.62892,451,125560,0.228829,0.26,1,481115,480664,451
118260501,4.37058,11.9258,440,125560,0.205766,0.29,1,481117,480677,440
118263421,3.27412,7.18516,437,125560,0.153153,0.33,1,481120,480683,437
118266101,14.2548,4.63703,450,125560,0.158631,0.29,1,481137,480687,450
118269021,4.45096,9.72741,441,125560,0.175726,0.29,1,481139,480698,441
118271941,7.29019,3.54548,447,125560,0.123145,0.33,1,481147,480700,447
118274861,3.05804,7.1091,441,125560,0.112629,0.36,1,481149,480708,441
118277781,29.4116,5.42182,472,125560,0.150526,0.38,1,481185,480713,472
118280701,13.0823,34.6844,439,125560,0.166105,0.36,1,481194,480755,439
118283361,4.21646,8.53687,439,125560,0.201221,0.34,1,481196,480757,439
118286281,4.04329,8.90737,434,125560,0.272244,0.26,1,481200,480766,434
118289201,8.80866,11.3815,432,125560,0.262449,0.26,1,481210,480778,432
118291681,3.36173,3.87629,432,125560,0.22849,0.24,1,481212,480780,432
118294601,15.0723,9.57526,439,125560,0.213698,0.31,1,481230,480791,439
118297521,6.21447,5.11505,439,125560,0.21074,0.19,1,481234,480795,439
118300441,2.84289,5.02301,436,125560,0.186148,0.39,1,481236,480800,436
118303121,3.76858,4.2046,436,125560,0.21323,0.3,1,481240,480804,436
118306041,8.75372,7.24092,438,125560,0.314646,0.3,1,481250,480812,438
118308321,3.35074,3.04818,438,125560,0.342929,0.34,1,481252,480814,438
118311241,8.67015,10.2096,436,125560,0.348586,0.25,1,481262,480826,436
118314161,32.134,30.8419,438,125560,0.269717,0.31,1,481300,480862,438
118317081,8.02681,9.36839,436,125560,0.325943,0.31,1,481302,480866,436
118319141,80.0054,1.87368,534,125560,0.209189,0.34,1,481400,480866,534
118322061,22.4011,85.9747,435,125560,0.321838,0.31,1,481408,480973,435
118324981,18.0802,29.9949,436,125560,0.320368,0.22,1,481425,480989,436
118327901,10.016,12.399,436,125560,0.296074,0.22,1,481433,480997,436
118329541,14.0032,2.4798,451,125560,0.163215,0.24,1,481448,480997,451
118332461,7.60064,13.296,441,125560,0.240643,0.25,1,481454,481013,441
118334741,5.52013,5.85919,442,125560,0.288129,0.28,1,481459,481017,442
118337661,2.70403,6.77184,437,125560,0.265626,0.32,1,481461,481024,437
118340581,2.14081,3.75437,436,125560,0.245125,0.31,1,481463,481027,436
118343061,7.62816,2.35087,443,125560,0.353025,0.25,1,481472,481029,443
118345981,6.32563,14.0702,432,125560,0.342605,0.2,1,481478,481046,432
118348901,6.06513,4.41403,436,125560,0.300521,0.16,1,481484,481048,436
118351821,7.61303,7.28281,436,125560,0.316104,0.27,1,481492,481056,436
118354741,4.72261,4.65656,436,125560,0.335221,0.29,1,481496,481060,436
118357661,7.34452,7.33131,436,125560,0.339044,0.28,1,481504,481068,436
118360581,9.4689,4.66626,442,125560,0.331809,0.31,1,481514,481072,442
118363501,3.49378,8.13325,435,125560,0.322362,0.29,1,481516,481081,435
118365521,1.49876,3.22665,434,125560,0.336472,0.24,1,481517,481083,434
118368441,5.09975,8.64533,430,125560,0.275294,0.24,1,481523,481093,430
118371361,2.61995,1.72907,432,125560,0.319059,0.24,1,481525,481093,432
118374281,2.12399,0.345813,434,125560,0.335812,0.24,1,481527,481093,434
118377201,2.0248,0.0691626,436,125560,0.307162,0.17,1,481529,481093,436
118380081,5.20496,4.81383,436,125560,0.333432,0.24,1,481535,481099,436
118383001,7.44099,13.7628,428,125560,0.290686,0.2,1,481543,481115,428
118385281,7.0882,4.35255,433,125560,0.322137,0.14,1,481550,481117,433
118388201,5.41764,3.27051,435,125560,0.288427,0.16,1,481555,481120,435
118391121,9.08353,14.2541,428,125560,0.281685,0.18,1,481565,481137,428
118393601,3.41671,4.45082,428,125560,0.288337,0.11,1,481567,481139,428
118396521,13.4833,8.89016,434,125560,0.257667,0.11,1,481583,481149,434
118399441,4.29667,1.77803,436,125560,0.315533,0.16,1,481585,481149,436
118402361,26.4593,29.1556,432,125560,0.359107,0.17,1,481617,481185,432
118405281,16.4919,13.0311,437,125560,0.335821,0.21,1,481631,481194,437
118408161,4.89837,4.20622,437,125560,0.339164,0.27,1,481633,481196,437
118411081,4.17967,6.44124,434,125560,0.307833,0.26,1,481637,481203,434
118414001,5.63594,6.88825,433,125560,0.277567,0.22,1,481643,481210,433
118416481,2.72719,2.97765,433,125560,0.327513,0.21,1,481645,481212,433
118419401,14.9454,14.9955,433,125560,0.337503,0.21,1,481663,481230,433
118422321,10.9891,6.19911,439,125560,0.323501,0.21,1,481673,481234,439
118424181,3.79782,1.23982,441,125560,0.3207,0.26,1,481675,481234,441
118427101,3.15956,3.44796,440,125560,0.27214,0.22,1,481678,481238,440
118430021,6.23191,2.28959,445,125560,0.222428,0.34,1,481685,481240,445
118432941,5.24638,8.45792,440,125560,0.364486,0.35,1,481690,481250,440
118435861,7.44928,11.2916,436,125560,0.352897,0.25,1,481698,481262,436
118438781,30.2899,32.6583,434,125560,0.254579,0.34,1,481734,481300,434
118441441,7.65797,8.13166,434,125560,0.202916,0.18,1,481736,481302,434
118444361,83.9316,80.0263,439,125560,0.312583,0.35,1,481839,481400,439
118447281,23.1863,22.4053,439,125560,0.422517,0.32,1,481847,481408,439
118450201,14.2373,18.0811,434,125560,0.444503,0.29,1,481859,481425,434
118452881,7.64745,10.0162,432,125560,0.384901,0.13,1,481865,481433,432
118455801,21.5295,14.0032,442,125560,0.28498,0.26,1,481890,481448,442
118458721,9.1059,7.60065,442,125560,0.344996,0.3,1,481896,481454,442
118461641,5.02118,5.52013,441,125560,0.364999,0.26,1,481900,481459,441
118463281,1.80424,2.70403,440,125560,0.425,0.32,1,481901,481461,440
118466201,5.16085,4.54081,441,125560,0.429,0.38,1,481907,481466,441
118469121,4.23217,5.70816,439,125560,0.3898,0.34,1,481911,481472,439
118472041,8.04643,5.94163,442,125560,0.41396,0.29,1,481920,481478,442
118473681,3.20929,5.98833,438,125560,0.442792,0.32,1,481922,481484,438
118476601,7.04186,7.59767,438,125560,0.336558,0.34,1,481930,481492,438
118479521,4.60837,4.71953,438,125560,0.395312,0.34,1,481934,481496,438
118482001,7.32167,7.34391,438,125560,0.415062,0.33,1,481942,481504,438
118484921,7.86433,9.46878,436,125560,0.467012,0.32,1,481950,481514,436
118487841,4.77287,3.49376,438,125560,0.461402,0.32,1,481954,481516,438
118489701,4.15457,0.698751,442,125560,0.468281,0.26,1,481958,481516,442
118492621,4.03091,5.73975,439,125560,0.445656,0.33,1,481962,481523,439
118495541,2.40618,2.74795,439,125560,0.409131,0.33,1,481964,481525,439
118498021,6.88124,0.54959,447,125560,0.433826,0.34,1,481972,481525,447
118500941,2.97625,10.5099,436,125560,0.406765,0.34,1,481974,481538,436
118503861,2.19525,2.10198,438,125560,0.457353,0.34,1,481976,481538,438
118506781,2.03905,0.420397,440,125560,0.467471,0.28,1,481978,481538,440
118509701,3.60781,4.08408,439,125560,0.469494,0.28,1,481982,481543,439
118512621,8.72156,10.4168,437,125560,0.381899,0.28,1,481992,481555,437
118514661,8.94431,2.08336,446,125560,0.38038,0.28,1,482001,481555,446
118517581,5.78886,8.41667,441,125560,0.452076,0.29,1,482006,481565,441
118519861,12.3578,3.28333,453,125560,0.338415,0.25,1,482020,481567,453
118522781,4.07155,13.4567,439,125560,0.371683,0.33,1,482022,481583,439
118524641,1.61431,4.29133,438,125560,0.354337,0.37,1,482023,481585,438
118527561,25.9229,26.4583,438,125560,0.414867,0.33,1,482055,481617,438
118530481,14.7846,16.4917,436,125560,0.426973,0.34,1,482067,481631,436
118532961,5.35691,4.89833,437,125560,0.405395,0.3,1,482070,481633,437
118535881,6.67138,4.17967,440,125560,0.433079,0.27,1,482077,481637,440
118538801,6.13428,5.63593,440,125560,0.406616,0.27,1,482083,481643,440
118540661,2.82686,1.12719,442,125560,0.409323,0.34,1,482085,481643,442
118543581,14.1654,16.2254,439,125560,0.345865,0.32,1,482102,481663,439
118546501,6.03307,11.2451,433,125560,0.389173,0.32,1,482106,481673,433
118549421,4.40661,3.84902,435,125560,0.333835,0.26,1,482110,481675,435
118552341,8.88132,3.1698,442,125560,0.386767,0.21,1,482120,481678,442
118554181,5.77626,6.23396,440,125560,0.381353,0.4,1,482125,481685,440
118557101,2.75525,5.24679,437,125560,0.348271,0.35,1,482127,481690,437
118560021,10.1511,7.44936,441,125560,0.445654,0.35,1,482139,481698,441
118562501,30.8302,1.48987,477,125560,0.401131,0.23,1,482175,481698,477
118565421,7.76604,29.098,443,125560,0.424226,0.19,1,482177,481734,443
118567701,85.5532,7.41959,546,125560,0.364845,0.34,1,482282,481736,546
118570621,22.7106,83.8839,450,125560,0.320969,0.45,1,482289,481839,450
118572481,6.14213,23.1768,444,125560,0.432194,0.45,1,482291,481847,444
118575401,7.62843,14.2354,440,125560,0.446439,0.37,1,482299,481859,440
118577681,7.92569,7.64707,442,125560,0.465288,0.26,1,482307,481865,442
118580601,23.1851,21.5294,444,125560,0.317058,0.36,1,482334,481890,444
118583521,7.83703,9.10588,442,125560,0.399412,0.36,1,482338,481896,442
118585381,3.96741,1.82118,445,125560,0.375882,0.44,1,482341,481896,445
118588301,2.39348,4.36424,442,125560,0.347176,0.43,1,482343,481901,442
118591221,5.2787,5.67285,442,125560,0.381435,0.38,1,482349,481907,442
118593701,6.65574,4.33457,445,125560,0.340287,0.42,1,482356,481911,445
118596621,3.73115,8.06691,439,125560,0.388057,0.45,1,482359,481920,439
118599541,11.9462,3.21338,451,125560,0.365611,0.31,1,482373,481922,451
118602461,5.58925,7.04268,447,125560,0.393122,0.41,1,482377,481930,447
118604721,2.71785,4.60854,445,125560,0.398624,0.42,1,482379,481934,445
118607641,11.7436,7.32171,451,125560,0.383725,0.48,1,482393,481942,451
118609921,3.94871,7.86434,445,125560,0.404745,0.46,1,482395,481950,445
118612841,3.98974,4.77287,445,125560,0.416949,0.47,1,482399,481954,445
118615121,5.59795,4.15457,447,125560,0.42739,0.49,1,482405,481958,447
118618041,4.31959,6.43091,444,125560,0.381478,0.49,1,482409,481965,444
118620961,2.46392,1.28618,446,125560,0.348296,0.44,1,482411,481965,446
118623881,6.89278,5.85724,447,125560,0.365659,0.4,1,482419,481972,447
118626561,2.97856,2.77145,447,125560,0.361132,0.49,1,482421,481974,447
118629481,2.19571,8.55429,439,125560,0.352226,0.49,1,482423,481984,439
118632401,2.03914,1.71086,441,125560,0.350445,0.49,1,482425,481984,441
118635321,6.00783,0.342172,448,125560,0.398089,0.36,1,482432,481984,448
118638241,8.40157,6.46843,449,125560,0.343618,0.38,1,482441,481992,449
118640081,2.48031,8.49369,441,125560,0.316724,0.47,1,482442,482001,441
118643001,3.69606,5.69874,440,125560,0.287345,0.31,1,482446,482006,440
118645921,15.9392,12.3397,445,125560,0.265469,0.38,1,482465,482020,445
118648401,4.78784,4.06795,445,125560,0.261094,0.38,1,482467,482022,445
118651321,24.9576,4.01359,471,125560,0.292219,0.43,1,482497,482026,471
118654241,16.1915,24.0027,456,125560,0.386444,0.43,1,482511,482055,456
118657161,4.8383,14.4005,446,125560,0.381289,0.4,1,482513,482067,446
118659221,4.16766,5.28011,447,125560,0.348258,0.44,1,482517,482070,447
118662141,4.83353,6.65602,445,125560,0.389652,0.4,1,482522,482077,445
118664001,2.56671,6.1312,441,125560,0.38993,0.41,1,482524,482083,441
118666921,11.7133,2.82624,453,125560,0.389986,0.33,1,482538,482085,453
118669841,7.94267,14.1652,443,125560,0.373997,0.4,1,482545,482102,443
118672741,7.98853,6.03305,447,125560,0.314799,0.32,1,482553,482106,447
118675661,11.1977,4.40661,455,125560,0.26296,0.4,1,482565,482110,455
118678581,7.03954,8.88132,451,125560,0.324592,0.38,1,482571,482120,451
118681061,4.60791,5.77626,450,125560,0.320918,0.46,1,482575,482125,450
118683981,5.72158,4.35525,452,125560,0.344184,0.47,1,482581,482129,452
118686901,27.5443,8.87105,475,125560,0.308837,0.43,1,482614,482139,475
118689821,7.10886,32.1742,439,125560,0.269767,0.35,1,482616,482177,439
118692741,91.0218,90.4348,446,125560,0.365953,0.31,1,482728,482282,446
118695661,22.2044,23.687,444,125560,0.305191,0.46,1,482733,482289,444
118697701,10.8409,6.33739,450,125560,0.381038,0.45,1,482741,482291,450
118700621,3.76817,7.66748,444,125560,0.396208,0.47,1,482743,482299,444
118703541,23.9536,7.9335,465,125560,0.335241,0.28,1,482772,482307,465
118706461,9.59073,23.1867,444,125560,0.323048,0.42,1,482778,482334,444
118708721,3.51815,7.83734,442,125560,0.28061,0.37,1,482780,482338,442
118711641,7.10363,8.76747,441,125560,0.256122,0.37,1,482788,482347,441
118714561,4.62073,1.75349,445,125560,0.323224,0.39,1,482792,482347,445
118717481,4.12415,1.9507,447,125560,0.312645,0.33,1,482796,482349,447
118719121,1.62483,5.99014,441,125560,0.294529,0.4,1,482797,482356,441
118722041,1.92497,3.59803,440,125560,0.322906,0.36,1,482799,482359,440
118724961,14.785,11.9196,444,125560,0.256581,0.4,1,482817,482373,444
118727441,6.157,5.58392,444,125560,0.291316,0.46,1,482821,482377,444
118730361,12.4314,7.51678,450,125560,0.298263,0.38,1,482835,482385,450
118733281,4.08628,7.90336,444,125560,0.267653,0.41,1,482837,482393,444
118735761,2.41726,3.18067,444,125560,0.269531,0.44,1,482839,482395,444
118738681,6.88345,6.23613,445,125560,0.349906,0.43,1,482847,482402,445
118741601,2.97669,3.64723,444,125560,0.373981,0.37,1,482849,482405,444
118744501,7.79534,3.92945,449,125560,0.322796,0.42,1,482858,482409,449
118747421,3.95907,7.18589,444,125560,0.296559,0.37,1,482861,482417,444
118750341,2.39181,3.03718,444,125560,0.259312,0.36,1,482863,482419,444
118752821,2.07836,2.20744,444,125560,0.251862,0.41,1,482865,482421,444
118755741,2.01567,6.04149,439,125560,0.322372,0.41,1,482867,482428,439
118758661,2.00313,1.2083,441,125560,0.328474,0.41,1,482869,482428,441
118761581,10.0006,3.44166,449,125560,0.321695,0.33,1,482881,482432,449
118764261,3.60013,7.88833,442,125560,0.296339,0.28,1,482883,482441,442
118767181,2.32003,5.57767,439,125560,0.259268,0.26,1,482885,482446,439
118770101,17.264,16.3155,441,125560,0.307854,0.26,1,482906,482465,441
118773021,5.0528,4.86311,441,125560,0.293571,0.26,1,482908,482467,441
118774661,25.0106,0.972621,471,125560,0.290714,0.3,1,482938,482467,471
118777581,15.4021,24.1945,454,125560,0.346143,0.41,1,482951,482497,454
118780501,4.68042,16.0389,442,125560,0.325229,0.38,1,482953,482511,442
118782981,7.33608,4.80778,448,125560,0.337046,0.39,1,482961,482513,448
118785901,3.06722,9.76156,439,125560,0.339409,0.39,1,482963,482524,439
118788821,2.21344,1.95231,441,125560,0.347882,0.39,1,482965,482524,441
118791741,10.0427,11.5905,439,125560,0.325576,0.37,1,482977,482538,439
118794661,6.80854,7.91809,438,125560,0.257115,0.3,1,482983,482545,438
118797121,6.16171,7.98362,436,125560,0.291423,0.25,1,482989,482553,436
118800041,13.2323,11.1967,439,125560,0.258285,0.34,1,483004,482565,439
118802961,7.44647,7.03934,439,125560,0.227657,0.32,1,483010,482571,439
118805881,4.68929,4.60787,439,125560,0.165531,0.32,1,483014,482575,439
118807941,7.33786,0.921574,447,125560,0.313106,0.37,1,483022,482575,447
118810861,27.0676,5.78431,472,125560,0.254621,0.3,1,483054,482582,472
118813781,7.01351,26.7569,442,125560,0.242924,0.26,1,483056,482614,442
118816261,84.6027,6.95137,544,125560,0.320585,0.39,1,483160,482616,544
118819181,27.3205,90.9903,445,125560,0.352117,0.29,1,483173,482728,445
118822101,10.2641,22.1981,446,125560,0.302423,0.4,1,483179,482733,446
118825021,3.65282,12.4396,438,125560,0.268485,0.32,1,483181,482743,438
118827941,22.3306,25.6879,436,125560,0.277697,0.32,1,483208,482772,436
118830861,9.26611,9.93758,436,125560,0.359539,0.32,1,483214,482778,436
118832901,6.65322,1.98752,442,125560,0.343908,0.25,1,483220,482778,442
118835821,6.13064,8.3975,438,125560,0.292782,0.34,1,483226,482788,438
118838741,4.42613,4.8795,438,125560,0.266556,0.34,1,483230,482792,438
118841221,5.68523,0.9759,444,125560,0.237311,0.33,1,483236,482792,444
118844141,2.73705,8.99518,435,125560,0.335462,0.33,1,483238,482803,435
118847061,2.14741,1.79904,437,125560,0.323092,0.24,1,483240,482803,437
118849981,12.4295,11.5598,438,125560,0.320618,0.3,1,483255,482817,438
118852241,5.6859,5.51196,438,125560,0.248124,0.3,1,483259,482821,438
118855161,13.9372,12.3024,440,125560,0.345625,0.26,1,483275,482835,440
118858081,4.38744,4.06048,440,125560,0.333125,0.26,1,483277,482837,440
118859941,3.27749,0.812096,443,125560,0.314625,0.37,1,483280,482837,443
118862861,2.2555,8.16242,435,125560,0.310925,0.38,1,483282,482847,435
118865781,2.0511,3.23248,435,125560,0.318185,0.38,1,483284,482849,435
118868261,9.21022,0.646497,446,125560,0.375637,0.31,1,483295,482849,446
118871181,5.04204,7.3293,441,125560,0.355127,0.29,1,483299,482858,441
118873461,2.60841,3.86586,440,125560,0.319025,0.25,1,483301,482861,440
118876381,2.12168,3.97317,438,125560,0.279805,0.25,1,483303,482865,438
118879301,2.02434,0.794634,440,125560,0.271961,0.34,1,483305,482865,440
118881361,2.00487,1.75893,440,125560,0.278392,0.35,1,483307,482867,440
118884281,6.80097,2.75179,445,125560,0.319678,0.32,1,483315,482870,445
118887201,3.76019,9.35036,437,125560,0.375936,0.29,1,483318,482881,437
118889681,3.15204,3.47007,438,125560,0.339187,0.35,1,483321,482883,438
118892601,8.63041,9.49401,437,125560,0.331837,0.32,1,483331,482894,437
118895521,12.9261,11.4988,439,125560,0.346367,0.29,1,483345,482906,439
118898001,4.18522,3.89976,439,125560,0.325274,0.29,1,483347,482908,439
118900921,34.437,24.78,451,125560,0.201055,0.36,1,483389,482938,451
118903841,8.48741,15.356,440,125560,0.296211,0.32,1,483391,482951,440
118906741,8.09748,4.6712,446,125560,0.323242,0.34,1,483399,482953,446
118909661,3.2195,8.93424,438,125560,0.328648,0.34,1,483401,482963,438
118912581,2.2439,1.78685,440,125560,0.33773,0.35,1,483403,482963,440
118915061,8.44878,1.95737,448,125560,0.339546,0.32,1,483413,482965,448
118917981,6.48976,9.99147,442,125560,0.307909,0.24,1,483419,482977,442
118919841,3.69795,6.79829,439,125560,0.269582,0.3,1,483422,482983,439
118922761,10.3396,6.15966,445,125560,0.213916,0.25,1,483434,482989,445
118925681,14.0679,13.2319,445,125560,0.202783,0.22,1,483449,483004,445
118928161,4.41358,7.44639,441,125560,0.176557,0.36,1,483451,483010,441
118931081,4.08272,5.48928,440,125560,0.219311,0.35,1,483455,483015,440
118934001,32.0165,6.69786,472,125560,0.211862,0.24,1,483494,483022,472
118936921,8.00331,26.9396,442,125560,0.210372,0.24,1,483496,483054,442
118938561,2.40066,6.98791,441,125560,0.202074,0.34,1,483497,483056,441
118941481,84.4801,84.5976,442,125560,0.256415,0.36,1,483602,483160,442
118944401,21.696,27.3195,435,125560,0.275283,0.29,1,483608,483173,435
118946881,14.7392,10.2639,442,125560,0.279057,0.26,1,483621,483179,442
118949801,4.54784,3.65278,442,125560,0.247811,0.28,1,483623,483181,442
118952721,20.1096,22.3306,439,125560,0.233562,0.38,1,483647,483208,439
118955201,7.22191,9.26611,437,125560,0.246712,0.34,1,483651,483214,437
118958121,5.44438,6.65322,436,125560,0.201342,0.28,1,483656,483220,436
118961041,5.88888,6.13064,436,125560,0.264268,0.26,1,483662,483226,436
118963961,7.57778,4.42613,440,125560,0.332854,0.23,1,483670,483230,440
118966641,4.71556,5.68523,438,125560,0.314571,0.36,1,483674,483236,438
118969561,2.54311,2.73705,438,125560,0.302914,0.32,1,483676,483238,438
118971841,2.90862,2.14741,439,125560,0.252583,0.32,1,483679,483240,439
118974761,12.5817,12.4295,439,125560,0.290517,0.23,1,483694,483255,439
118977681,5.71634,5.6859,439,125560,0.298103,0.37,1,483698,483259,439
118980601,12.3433,13.9372,437,125560,0.331621,0.33,1,483712,483275,437
118983281,7.26865,4.38744,441,125560,0.314324,0.32,1,483718,483277,441
118986201,4.65373,6.47749,438,125560,0.334865,0.32,1,483722,483284,438
118989121,2.53075,1.2955,440,125560,0.354973,0.32,1,483724,483284,440
118992041,5.30615,0.259099,446,125560,0.278995,0.39,1,483730,483284,446
118994961,5.06123,8.85182,440,125560,0.351799,0.35,1,483735,483295,440
118996801,5.81225,4.97036,442,125560,0.37436,0.29,1,483741,483299,442
118999721,2.76245,6.59407,437,125560,0.346872,0.29,1,483743,483306,437
119002641,2.15249,1.31881,439,125560,0.349374,0.29,1,483745,483306,439
119005561,2.0305,0.263763,441,125560,0.349875,0.33,1,483747,483306,441
119008481,3.6061,7.25275,436,125560,0.293975,0.39,1,483751,483315,436
119011401,5.52122,3.85055,439,125560,0.290795,0.39,1,483757,483318,439
119013861,2.70424,0.77011,441,125560,0.338159,0.33,1,483759,483318,441
119016781,5.34085,10.554,434,125560,0.323632,0.33,1,483765,483331,434
119019061,13.8682,2.1108,450,125560,0.336726,0.35,1,483781,483331,450
119021981,6.77363,11.6222,441,125560,0.291345,0.32,1,483786,483345,441
119024261,33.3547,3.92443,479,125560,0.178269,0.17,1,483826,483347,479
119027181,8.27094,34.3849,439,125560,0.131654,0.32,1,483828,483389,439
119029041,2.45419,8.47698,438,125560,0.130331,0.33,1,483829,483391,438
119031961,5.29084,8.0954,436,125560,0.258066,0.33,1,483835,483399,436
119034241,3.45817,3.21908,437,125560,0.347613,0.34,1,483838,483401,437
119037161,3.09163,2.24382,438,125560,0.357523,0.34,1,483841,483403,438
119040081,7.01833,8.44876,436,125560,0.351505,0.34,1,483849,483413,436
119041941,3.80367,1.68975,439,125560,0.310301,0.3,1,483852,483413,439
119044861,2.36073,5.13795,435,125560,0.30206,0.2,1,483854,483419,435
119047781,13.2721,13.0276,436,125560,0.228412,0.2,1,483870,483434,436
119050701,13.0544,14.6055,434,125560,0.309682,0.17,1,483883,483449,434
119052961,4.21089,4.5211,434,125560,0.293936,0.23,1,483885,483451,434
119055881,7.24218,4.10422,438,125560,0.322787,0.21,1,483893,483455,438
119058801,23.8484,32.0208,427,125560,0.280557,0.21,1,483921,483494,427
119061281,6.36969,8.00417,427,125560,0.240111,0.15,1,483923,483496,427
119064201,92.4739,4.00083,538,125560,0.304022,0.27,1,484037,483499,538
119067121,23.2948,83.2002,441,125560,0.284804,0.28,1,484043,483602,441
119070041,15.859,21.44,449,125560,0.288961,0.28,1,484057,483608,449
119072961,4.77179,14.688,438,125560,0.289792,0.24,1,484059,483621,438
119074801,1.75436,4.5376,437,125560,0.273958,0.23,1,484060,483623,437
119077721,16.3509,20.1075,433,125560,0.326792,0.25,1,484080,483647,433
119080641,8.07017,7.2215,435,125560,0.321358,0.19,1,484086,483651,435
119083121,6.41403,5.4443,436,125560,0.296272,0.25,1,484092,483656,436
119086041,9.28281,7.48886,438,125560,0.243254,0.35,1,484102,483664,438
119088961,3.45656,6.29777,434,125560,0.248651,0.31,1,484104,483670,434
119091441,7.09131,4.45955,438,125560,0.25773,0.24,1,484112,483674,438
119094361,4.61826,4.89191,437,125560,0.307546,0.24,1,484116,483679,437
119097281,2.52365,0.978382,439,125560,0.277509,0.3,1,484118,483679,439
119100201,8.50473,12.1957,434,125560,0.263502,0.3,1,484128,483694,434
119102881,4.90095,5.63914,434,125560,0.2687,0.34,1,484132,483698,434
119105801,16.9802,12.3278,440,125560,0.25374,0.31,1,484152,483712,440
119108081,4.99604,7.26557,436,125560,0.250748,0.34,1,484154,483718,436
119111001,7.39921,4.65311,440,125560,0.25015,0.36,1,484162,483722,440
119113921,3.07984,2.53062,440,125560,0.25003,0.36,1,484164,483724,440
119115781,4.61597,0.506124,445,125560,0.266006,0.26,1,484169,483724,445
119118701,4.12319,4.90123,443,125560,0.261201,0.37,1,484173,483730,443
119121621,2.42464,4.98024,440,125560,0.24424,0.34,1,484175,483735,440
119124101,6.88493,7.39605,440,125560,0.256848,0.35,1,484183,483743,440
119127021,2.97699,4.67921,438,125560,0.23537,0.35,1,484185,483747,438
119129941,2.1954,0.935842,440,125560,0.279074,0.28,1,484187,483747,440
119132861,3.63908,3.38717,440,125560,0.231815,0.28,1,484191,483751,440
119134501,3.12782,0.677434,443,125560,0.270363,0.29,1,484194,483751,443
119137421,2.22556,4.93549,439,125560,0.278073,0.35,1,484196,483757,439
119139281,1.24511,2.5871,438,125560,0.263615,0.32,1,484197,483759,438
119142201,3.44902,5.31742,436,125560,0.292723,0.34,1,484201,483765,436
119145121,15.8898,13.8635,439,125560,0.250545,0.28,1,484220,483781,439
119148041,37.578,6.7727,477,125560,0.226109,0.15,1,484263,483786,477
119150961,9.91559,33.3545,440,125560,0.181222,0.12,1,484266,483826,440
119152801,2.78312,8.27091,439,125560,0.276244,0.31,1,484267,483828,439
119155721,5.35662,6.45418,439,125560,0.255249,0.29,1,484273,483834,439
119158641,2.67132,2.09084,440,125560,0.24305,0.36,1,484275,483835,440
119161541,3.73426,5.21817,438,125560,0.23261,0.35,1,484279,483841,438
119164461,3.94685,7.44363,434,125560,0.254522,0.3,1,484283,483849,434
119167361,4.78937,3.88873,436,125560,0.274904,0.26,1,484288,483852,436
119170281,7.35787,10.3777,432,125560,0.246981,0.21,1,484296,483864,432
119173201,7.87157,6.87555,434,125560,0.297396,0.33,1,484304,483870,434
119176121,15.9743,11.7751,439,125560,0.275479,0.29,1,484322,483883,439
119179041,9.59486,3.95502,445,125560,0.223096,0.33,1,484330,483885,445
119181961,18.719,7.191,458,125560,0.308619,0.27,1,484351,483893,458
119184881,10.1438,23.8382,438,125560,0.269724,0.23,1,484359,483921,438
119187541,92.4288,6.36764,549,125560,0.269945,0.32,1,484472,483923,549
119190461,25.6858,92.4735,444,125560,0.205989,0.28,1,484481,484037,444
119193381,15.5372,23.2947,451,125560,0.289198,0.29,1,484494,484043,451
119196301,4.70743,15.8589,439,125560,0.29784,0.29,1,484496,484057,439
119198981,3.34149,4.77179,440,125560,0.251568,0.34,1,484499,484059,440
119201901,14.2683,17.7544,436,125560,0.282314,0.32,1,484516,484080,436
119204821,7.65366,8.35087,436,125560,0.288463,0.29,1,484522,484086,436
119207741,4.73073,6.47017,434,125560,0.249693,0.29,1,484526,484092,434
119209381,9.74615,1.29403,445,125560,0.241939,0.23,1,484537,484092,445
119212301,4.34923,8.25881,438,125560,0.224388,0.25,1,484540,484102,438
119214161,1.66985,3.25176,437,125560,0.204878,0.32,1,484541,484104,437
119217081,6.73397,7.85035,436,125560,0.176976,0.32,1,484549,484113,436
119220001,2.94679,3.97007,435,125560,0.179395,0.27,1,484551,484116,435
119222921,10.1894,2.39401,445,125560,0.219879,0.26,1,484563,484118,445
119225841,5.23787,8.4788,439,125560,0.187976,0.27,1,484567,484128,439
119227681,1.84757,4.89576,436,125560,0.173595,0.25,1,484568,484132,436
119230601,14.7695,16.9792,434,125560,0.194719,0.25,1,484586,484152,434
119233521,4.5539,4.99583,434,125560,0.206944,0.25,1,484588,484154,434
119236441,7.31078,7.39917,434,125560,0.225389,0.25,1,484596,484162,434
119239121,3.06216,3.07983,434,125560,0.237078,0.24,1,484598,484164,434
119242041,8.61243,9.41597,433,125560,0.207416,0.24,1,484608,484175,433
119244961,3.32249,1.88319,435,125560,0.169483,0.24,1,484610,484175,435
119247881,5.4645,0.376639,441,125560,0.233897,0.26,1,484616,484175,441
119249521,1.8929,6.47533,434,125560,0.254779,0.26,1,484617,484183,434
119252441,5.17858,6.09507,434,125560,0.234956,0.26,1,484623,484189,434
119255361,2.63572,1.21901,436,125560,0.198991,0.22,1,484625,484189,436
119258281,2.12714,1.8438,436,125560,0.263798,0.28,1,484627,484191,436
119261201,3.62543,2.76876,437,125560,0.26876,0.28,1,484631,484194,437
119263041,1.52509,2.15375,436,125560,0.253752,0.33,1,484632,484196,436
119265961,3.50502,6.83075,432,125560,0.26675,0.33,1,484636,484204,432
119268881,16.701,1.36615,452,125560,0.22135,0.24,1,484656,484204,452
119271801,34.5402,13.0732,475,125560,0.23627,0.22,1,484695,484220,475
119274721,8.50804,37.0146,434,125560,0.215254,0.17,1,484697,484263,434
119276981,8.90161,9.80293,440,125560,0.235051,0.25,1,484706,484266,440
119279901,3.38032,7.56059,435,125560,0.22301,0.24,1,484708,484273,435
119282821,3.87606,3.11212,437,125560,0.316602,0.24,1,484712,484275,437
119285301,7.17521,0.622423,445,125560,0.35132,0.3,1,484720,484275,445
119288221,3.03504,9.72449,435,125560,0.334264,0.3,1,484722,484287,435
119291141,2.20701,1.9449,437,125560,0.306853,0.28,1,484724,484287,437
119294061,6.8414,1.18898,444,125560,0.301371,0.24,1,484732,484288,444
119296741,5.36828,6.6378,441,125560,0.268274,0.31,1,484737,484296,441
119299661,13.0737,7.72756,448,125560,0.237655,0.27,1,484752,484304,448
119302581,12.2147,15.9455,442,125560,0.215531,0.21,1,484764,484322,442
119305501,17.6429,9.5891,453,125560,0.235106,0.33,1,484783,484330,453
119308421,9.12859,18.7178,439,125560,0.295021,0.26,1,484790,484351,439
119311341,94.6257,10.1436,547,125560,0.267004,0.27,1,484906,484359,547
119314261,28.5251,92.4287,446,125560,0.229401,0.19,1,484918,484472,446
119317181,10.505,25.6857,443,125560,0.18188,0.31,1,484924,484481,443
119320101,3.70101,15.5371,432,125560,0.236376,0.3,1,484926,484494,432
119322741,10.3402,4.70743,442,125560,0.239275,0.18,1,484938,484496,442
119325661,10.868,5.74149,447,125560,0.263855,0.29,1,484949,484502,447
119328581,8.57361,12.3483,441,125560,0.236771,0.29,1,484957,484516,441
119331501,3.31472,7.26966,437,125560,0.231354,0.24,1,484959,484522,437
119334181,7.86294,4.65393,442,125560,0.238271,0.22,1,484968,484526,442
119337101,3.17259,12.1308,430,125560,0.255654,0.2,1,484970,484540,430
119339381,9.43452,3.22616,440,125560,0.235131,0.17,1,484981,484541,440
119342301,3.4869,7.04523,434,125560,0.199026,0.18,1,484983,484549,434
119345201,2.29738,3.00905,434,125560,0.239805,0.23,1,484985,484551,434
119348121,10.8595,10.2018,435,125560,0.247961,0.18,1,484998,484563,435
119350401,5.3719,5.24036,435,125560,0.249592,0.22,1,485002,484567,435
119353321,13.8744,3.44807,448,125560,0.273918,0.2,1,485018,484570,448
119356241,4.37488,13.4896,434,125560,0.294784,0.21,1,485020,484586,434
119358721,2.47498,4.29792,434,125560,0.290957,0.3,1,485022,484588,434
119361641,10.895,12.0596,433,125560,0.266191,0.3,1,485035,484602,433
119364561,3.779,2.41192,435,125560,0.269238,0.2,1,485037,484602,435
119367481,5.5558,5.28238,435,125560,0.293848,0.16,1,485043,484608,435
119370161,2.71116,2.65648,435,125560,0.26677,0.25,1,485045,484610,435
119373081,3.74223,5.3313,433,125560,0.285354,0.26,1,485049,484616,433
119376001,6.34845,1.86626,439,125560,0.321071,0.23,1,485056,484617,439
119378921,2.86969,5.17325,435,125560,0.296214,0.19,1,485058,484623,435
119380561,1.37394,2.63465,434,125560,0.275243,0.29,1,485059,484625,434
119383481,4.27479,4.52693,434,125560,0.223049,0.27,1,485064,484630,434
119386401,2.45496,1.70539,435,125560,0.27661,0.25,1,485066,484631,435
119389321,5.29099,1.14108,440,125560,0.271322,0.27,1,485072,484632,440
119392241,8.2582,3.42822,445,125560,0.286264,0.21,1,485081,484636,445
119395161,36.0516,16.6856,468,125560,0.297253,0.24,1,485124,484656,468
119398081,11.2103,34.5371,434,125560,0.227451,0.21,1,485129,484695,434
119400741,12.6421,8.50743,445,125560,0.22949,0.24,1,485142,484697,445
119403661,4.92841,8.90149,439,125560,0.181898,0.22,1,485145,484706,439
119405521,3.38568,3.3803,440,125560,0.12438,0.35,1,485148,484708,440
119408441,7.07714,5.47606,442,125560,0.264876,0.36,1,485156,484714,442
119411361,3.01543,5.89521,438,125560,0.276975,0.33,1,485158,484720,438
119413841,2.20309,2.77904,438,125560,0.247395,0.3,1,485160,484722,438
119416761,5.24062,8.55581,434,125560,0.209479,0.3,1,485166,484732,434
119419681,2.64812,1.71116,436,125560,0.257896,0.26,1,485168,484732,436
119422161,2.12962,4.34223,433,125560,0.267579,0.23,1,485170,484737,433
119425081,10.8259,12.8684,431,125560,0.277516,0.21,1,485183,484752,431
119427361,14.9652,12.1737,435,125560,0.271503,0.24,1,485199,484764,435
119430281,20.593,17.6347,438,125560,0.278301,0.31,1,485221,484783,438
119433201,8.91861,9.12695,437,125560,0.24766,0.26,1,485227,484790,437
119436121,91.3837,94.6254,433,125560,0.281532,0.22,1,485339,484906,433
119439041,29.4767,28.5251,435,125560,0.336306,0.17,1,485353,484918,435
119441921,10.6953,10.505,435,125560,0.283261,0.27,1,485359,484924,435
119444841,3.73907,4.501,434,125560,0.248652,0.24,1,485361,484927,434
119447761,10.3478,9.7002,435,125560,0.29773,0.27,1,485373,484938,435
119450241,10.0696,10.74,434,125560,0.219546,0.23,1,485383,484949,434
119453161,8.41391,8.54801,434,125560,0.299909,0.23,1,485391,484957,434
119456081,3.28278,3.3096,434,125560,0.339982,0.23,1,485393,484959,434
119457941,4.65656,0.66192,439,125560,0.331996,0.26,1,485398,484959,439
119460861,2.53131,8.93238,430,125560,0.298399,0.26,1,485400,484970,430
119463781,11.7063,1.78648,444,125560,0.27568,0.19,1,485414,484970,444
119466701,3.94125,10.7573,433,125560,0.239136,0.25,1,485416,484983,433
119469621,2.38825,3.75146,433,125560,0.199827,0.25,1,485418,484985,433
119472541,13.2777,11.1503,436,125560,0.327965,0.25,1,485434,484998,436
119475461,5.85553,5.43006,436,125560,0.289593,0.28,1,485438,485002,436
119478381,13.9711,13.886,436,125560,0.281919,0.3,1,485454,485018,436
119481301,5.99422,4.3772,438,125560,0.280384,0.3,1,485458,485020,438
119482901,9.99884,0.87544,449,125560,0.336077,0.26,1,485469,485020,449
119485821,3.59977,12.1751,436,125560,0.347215,0.27,1,485471,485035,436
119488741,2.31995,4.03502,436,125560,0.317443,0.27,1,485473,485037,436
119491221,5.26399,0.807003,442,125560,0.287489,0.3,1,485479,485037,442
119494141,4.2528,4.9614,440,125560,0.329498,0.26,1,485483,485043,440
119496421,2.45056,2.59228,440,125560,0.3139,0.3,1,485485,485045,440
119499341,6.89011,4.51846,443,125560,0.26278,0.33,1,485493,485050,443
119502261,2.97802,5.70369,439,125560,0.252556,0.29,1,485495,485056,439
119504741,2.1956,2.74074,439,125560,0.282511,0.21,1,485497,485058,439
119507661,2.03912,5.34815,435,125560,0.264502,0.29,1,485499,485064,435
119509521,1.20782,2.66963,434,125560,0.2849,0.33,1,485500,485066,434
119512441,6.64156,2.13393,440,125560,0.25698,0.27,1,485508,485068,440
119515361,8.52831,3.62679,445,125560,0.235396,0.29,1,485517,485072,445
119518261,32.1057,7.92536,474,125560,0.167079,0.3,1,485555,485081,474
119521181,12.0211,35.9851,438,125560,0.265416,0.21,1,485562,485124,438
119523041,3.20423,11.197,434,125560,0.293083,0.23,1,485563,485129,434
119525961,7.04085,12.6394,429,125560,0.290617,0.17,1,485571,485142,429
119528241,8.60817,4.92788,435,125560,0.338123,0.3,1,485580,485145,435
119531161,8.12163,9.78558,432,125560,0.259625,0.3,1,485588,485156,432
119534081,4.82433,1.95712,436,125560,0.211925,0.28,1,485592,485156,436
119536561,2.56487,1.99142,436,125560,0.162385,0.27,1,485594,485158,436
119539481,6.91297,8.39828,434,125560,0.264477,0.27,1,485602,485168,434
119542401,2.98259,1.67966,436,125560,0.284895,0.27,1,485604,485168,436
119545321,2.19652,0.335931,438,125560,0.280979,0.27,1,485606,485168,438
119546961,1.2393,1.66719,437,125560,0.296196,0.28,1,485607,485170,437
119549881,9.84786,10.7334,436,125560,0.291239,0.27,1,485619,485183,436
119552801,16.3696,14.9467,438,125560,0.290248,0.28,1,485637,485199,438
119555721,19.2739,20.5893,436,125560,0.29005,0.24,1,485657,485221,436
119558401,7.05478,8.91787,434,125560,0.31401,0.29,1,485661,485227,434
119561321,95.011,91.3836,439,125560,0.358802,0.35,1,485778,485339,439
119564241,31.0022,29.4767,440,125560,0.37576,0.27,1,485793,485353,440
119566721,11.0004,10.6953,440,125560,0.315152,0.39,1,485799,485359,440
119569641,5.40009,10.1391,434,125560,0.26303,0.31,1,485803,485369,434
119572561,4.28002,5.22781,434,125560,0.348606,0.2,1,485807,485373,434
119575481,13.656,9.04556,440,125560,0.237721,0.32,1,485823,485383,440
119578401,7.5312,8.20911,438,125560,0.311544,0.35,1,485829,485391,438
119581281,4.70624,3.24182,440,125560,0.302309,0.29,1,485833,485393,440
119584201,4.14125,6.24836,437,125560,0.340462,0.29,1,485837,485400,437
119587121,11.2283,1.24967,450,125560,0.308092,0.27,1,485850,485400,450
119590041,3.84565,11.4499,438,125560,0.293618,0.23,1,485852,485414,438
119591681,1.56913,3.88999,437,125560,0.274724,0.15,1,485853,485416,437
119594601,3.51383,3.978,437,125560,0.214945,0.36,1,485857,485420,437
119597521,11.9028,11.9956,437,125560,0.266989,0.28,1,485871,485434,437
119600001,7.18055,5.59912,439,125560,0.229398,0.28,1,485877,485438,439
119602921,14.2361,13.9198,439,125560,0.25388,0.28,1,485893,485454,439
119605841,6.04722,5.98396,439,125560,0.290776,0.28,1,485897,485458,439
119607701,6.80944,1.19679,446,125560,0.282155,0.35,1,485904,485458,446
119610621,6.16189,10.6394,439,125560,0.256431,0.31,1,485910,485471,439
119612901,4.43238,3.72787,441,125560,0.259286,0.38,1,485914,485473,441
119615821,2.48648,7.14557,435,125560,0.283857,0.34,1,485916,485481,435
119618741,2.0973,3.02911,435,125560,0.256771,0.31,1,485918,485483,435
119621661,3.61946,2.20582,437,125560,0.267354,0.31,1,485922,485485,437
119623301,5.52389,0.441165,443,125560,0.277471,0.25,1,485928,485485,443
119626221,2.70478,6.48823,437,125560,0.247494,0.25,1,485930,485493,437
119628501,3.74096,2.89765,439,125560,0.241499,0.32,1,485934,485495,439
119631421,2.34819,6.97953,433,125560,0.2003,0.32,1,485936,485503,433
119634341,2.06964,1.39591,435,125560,0.20006,0.25,1,485938,485503,435
119637261,3.61393,4.27918,434,125560,0.296012,0.23,1,485942,485508,434
119640181,9.52279,8.05584,436,125560,0.307202,0.23,1,485953,485517,436
119642021,33.1046,1.61117,475,125560,0.26144,0.15,1,485992,485517,475
119644941,9.82091,30.7222,441,125560,0.188288,0.29,1,485996,485555,441
119647861,4.36418,11.7444,437,125560,0.149658,0.29,1,485999,485562,437
119650341,8.87284,9.54889,438,125560,0.189932,0.35,1,486009,485571,438
119653261,4.17457,9.10978,432,125560,0.173986,0.24,1,486012,485580,432
119656161,12.8349,8.22196,439,125560,0.266797,0.2,1,486027,485588,439
119659081,4.16698,4.84439,437,125560,0.253359,0.15,1,486029,485592,437
119661361,2.4334,2.56888,437,125560,0.226672,0.29,1,486031,485594,437
119664281,6.08668,6.91378,436,125560,0.141334,0.29,1,486038,485602,436
119667201,2.81734,2.98276,436,125560,0.140267,0.29,1,486040,485604,436
119669061,6.16347,0.596551,443,125560,0.204053,0.29,1,486047,485604,443
119671981,2.83269,6.51931,437,125560,0.232811,0.29,1,486049,485612,437
119674901,3.76654,6.90386,434,125560,0.214562,0.29,1,486053,485619,434
119677821,14.3533,15.7808,433,125560,0.178912,0.29,1,486070,485637,433
119680741,22.0707,19.1562,437,125560,0.251783,0.32,1,486094,485657,437
119683201,6.01413,7.03123,435,125560,0.266356,0.37,1,486096,485661,435
119686121,94.0028,95.0062,434,125560,0.309271,0.38,1,486212,485778,434
119689041,33.2006,31.0012,437,125560,0.213854,0.3,1,486230,485793,437
119691961,13.0401,11.0002,439,125560,0.226771,0.25,1,486238,485799,439
119694641,5.80802,5.40005,439,125560,0.205354,0.37,1,486242,485803,439
119697561,2.7616,4.28001,437,125560,0.209071,0.21,1,486244,485807,437
119700481,14.1523,13.656,438,125560,0.233814,0.33,1,486261,485823,438
119702961,6.03046,7.5312,436,125560,0.206763,0.41,1,486265,485829,436
119705881,6.00609,5.50624,437,125560,0.145353,0.35,1,486271,485834,437
119708801,4.40122,3.50125,438,125560,0.245071,0.3,1,486275,485837,438
119711721,4.08024,11.1003,429,125560,0.233014,0.29,1,486279,485850,429
119714401,8.01605,3.82005,436,125560,0.278603,0.18,1,486288,485852,436
119717321,7.20321,5.56401,437,125560,0.247721,0.18,1,486295,485858,437
119720241,7.04064,1.1128,444,125560,0.233544,0.28,1,486302,485858,444
119723161,8.60813,10.6226,440,125560,0.270709,0.22,1,486311,485871,440
119724801,2.52163,6.92451,435,125560,0.262142,0.26,1,486312,485877,435
119727721,13.3043,14.1849,435,125560,0.260428,0.3,1,486328,485893,435
119730641,4.26086,6.03698,433,125560,0.260086,0.3,1,486330,485897,433
119732501,7.25217,1.2074,441,125560,0.220017,0.25,1,486338,485897,441
119735421,6.25043,10.6415,434,125560,0.276003,0.26,1,486344,485910,434
119738341,6.05009,5.3283,436,125560,0.295201,0.29,1,486350,485914,436
119741261,2.81002,2.66566,436,125560,0.26704,0.25,1,486352,485916,436
119742901,1.362,2.13313,435,125560,0.245408,0.27,1,486353,485918,435
119745821,1.8724,3.62663,433,125560,0.249082,0.28,1,486355,485922,433
119748741,3.57448,5.52533,431,125560,0.225816,0.24,1,486359,485928,431
119751661,5.5149,2.70507,435,125560,0.285163,0.24,1,486365,485930,435
119753301,6.70298,3.74101,438,125560,0.305033,0.32,1,486372,485934,438
119756221,2.9406,7.1482,432,125560,0.277007,0.32,1,486374,485942,432
119759141,2.18812,1.42964,434,125560,0.279401,0.32,1,486376,485942,434
119762061,2.03762,0.285928,436,125560,0.24788,0.31,1,486378,485942,436
119764981,5.20752,8.85719,431,125560,0.233576,0.25,1,486384,485953,431
119767901,36.2415,32.9714,436,125560,0.262715,0.17,1,486428,485992,436
119770561,8.8483,9.79429,434,125560,0.268543,0.12,1,486430,485996,434
119773481,12.1697,5.15886,443,125560,0.293709,0.2,1,486443,486000,443
119776401,4.03393,8.23177,436,125560,0.298742,0.17,1,486445,486009,436
119779321,7.20679,4.04635,441,125560,0.275748,0.29,1,486453,486012,441
119782241,3.04136,12.8093,428,125560,0.27115,0.25,1,486455,486027,428
119784081,1.40827,4.16185,427,125560,0.33423,0.12,1,486456,486029,427
119787001,10.6817,8.03237,431,125560,0.298846,0.12,1,486469,486038,431
119789921,3.73633,1.60647,433,125560,0.283769,0.14,1,486471,486038,433
119792401,2.34727,1.92129,433,125560,0.248754,0.22,1,486473,486040,433
119795321,5.26945,5.98426,432,125560,0.321751,0.24,1,486479,486047,432
119797601,4.25389,2.79685,434,125560,0.34435,0.22,1,486483,486049,434
119800521,11.2508,4.55937,442,125560,0.30087,0.17,1,486496,486054,442
119803441,27.8502,13.7119,458,125560,0.252174,0.27,1,486528,486070,458
119806361,7.97003,21.9424,437,125560,0.322435,0.27,1,486531,486094,437
119808001,2.39401,5.98847,436,125560,0.352487,0.32,1,486532,486096,436
119810921,91.6788,93.9977,434,125560,0.326497,0.19,1,486646,486212,434
119813841,31.1358,33.1995,432,125560,0.345299,0.23,1,486662,486230,432
119816321,11.0272,13.0399,430,125560,0.29306,0.21,1,486668,486238,430
119819241,11.0054,7.40798,435,125560,0.306612,0.21,1,486679,486244,435
119822161,3.80109,1.4816,437,125560,0.317322,0.24,1,486681,486244,437
119825081,8.76022,13.8963,430,125560,0.351465,0.2,1,486691,486261,430
119827761,8.95204,5.97926,435,125560,0.334293,0.13,1,486700,486265,435
119830681,3.39041,5.99585,431,125560,0.330859,0.27,1,486702,486271,431
119833601,5.47808,4.39917,433,125560,0.258172,0.27,1,486708,486275,433
119835461,9.09562,0.879834,443,125560,0.283634,0.3,1,486718,486275,443
119838381,3.41912,8.97597,434,125560,0.312727,0.29,1,486720,486286,434
119841301,5.48382,3.39519,438,125560,0.254545,0.24,1,486726,486288,438
119843781,9.09676,6.27904,441,125560,0.210909,0.23,1,486736,486295,441
119846701,6.61935,6.85581,440,125560,0.242182,0.28,1,486742,486302,440
119848981,2.92387,8.57116,433,125560,0.256436,0.26,1,486744,486311,433
119851901,13.3848,15.3142,432,125560,0.259287,0.26,1,486760,486328,432
119854821,7.47695,4.66285,436,125560,0.275857,0.26,1,486766,486330,436
119857301,7.89539,0.932569,444,125560,0.247171,0.29,1,486774,486330,444
119860221,4.77908,11.3865,434,125560,0.209434,0.3,1,486778,486344,434
119863141,4.15582,7.0773,432,125560,0.201887,0.26,1,486782,486350,432
119866061,7.23116,3.01546,438,125560,0.232377,0.26,1,486790,486352,438
119867701,3.84623,0.603092,441,125560,0.254475,0.24,1,486793,486352,441
119870621,2.36925,4.92062,437,125560,0.226895,0.22,1,486795,486358,437
119873541,2.07385,1.78412,438,125560,0.261379,0.3,1,486797,486359,438
119876461,2.01477,5.15682,434,125560,0.236276,0.3,1,486799,486365,434
119878101,6.00295,1.03136,441,125560,0.271255,0.27,1,486806,486365,441
119881021,2.80059,7.40627,434,125560,0.254251,0.28,1,486808,486374,434
119883921,2.16012,3.08125,434,125560,0.21885,0.3,1,486810,486376,434
119886841,3.63202,3.01625,435,125560,0.21177,0.23,1,486814,486379,435
119889761,7.1264,4.60325,438,125560,0.242354,0.27,1,486822,486384,438
119892681,31.0253,36.1207,431,125560,0.288471,0.27,1,486859,486428,431
119895361,7.80506,8.82413,431,125560,0.305694,0.3,1,486861,486430,431
119898281,15.961,12.1648,436,125560,0.165139,0.3,1,486879,486443,436
119901201,6.3922,4.03297,438,125560,0.233028,0.3,1,486883,486445,438
119903061,6.07844,0.806593,444,125560,0.190606,0.27,1,486889,486445,444
119905981,3.61569,6.56132,439,125560,0.166121,0.27,1,486892,486453,439
119908261,2.32314,2.91226,439,125560,0.249224,0.29,1,486894,486455,439
119911181,10.8646,11.7825,438,125560,0.241845,0.28,1,486907,486469,438
119914101,3.77293,3.95649,438,125560,0.216369,0.28,1,486909,486471,438
119916581,3.15459,0.791298,441,125560,0.163274,0.34,1,486912,486471,441
119919501,3.03092,6.55826,436,125560,0.144655,0.35,1,486915,486479,436
119922421,3.80618,4.51165,436,125560,0.260931,0.29,1,486919,486483,436
119925341,10.3612,11.3023,435,125560,0.284186,0.24,1,486931,486496,435
119928261,30.0722,27.8605,438,125560,0.224837,0.34,1,486966,486528,438
119930721,7.61445,7.97209,437,125560,0.180967,0.35,1,486968,486531,437
119933641,91.1229,6.39442,543,125560,0.140193,0.32,1,487080,486537,543
119936561,31.8246,88.4789,451,125560,0.212039,0.35,1,487097,486646,451
119939481,11.1649,30.4958,441,125560,0.242408,0.28,1,487103,486662,441
119941121,3.03298,10.8992,436,125560,0.256482,0.31,1,487104,486668,436
119944041,5.4066,10.9798,431,125560,0.235296,0.32,1,487110,486679,431
119946961,8.28132,3.79597,438,125560,0.263059,0.32,1,487119,486681,438
119948821,7.25626,0.759193,445,125560,0.244612,0.36,1,487126,486681,445
119951741,10.2513,8.15184,446,125560,0.304922,0.33,1,487137,486691,446
119954661,3.65025,8.83037,439,125560,0.332984,0.33,1,487139,486700,439
119957141,3.93005,3.36607,441,125560,0.282597,0.24,1,487143,486702,441
119960061,7.18601,5.47321,443,125560,0.200519,0.29,1,487151,486708,443
119962341,3.0372,9.09464,435,125560,0.192104,0.32,1,487153,486718,435
119965261,3.80744,3.41893,437,125560,0.270421,0.24,1,487157,486720,437
119968181,9.56149,5.48379,442,125560,0.310084,0.25,1,487168,486726,442
119971101,8.3123,13.8968,434,125560,0.302017,0.26,1,487176,486742,434
119974021,3.26246,4.37935,434,125560,0.300403,0.26,1,487178,486744,434
119975861,14.2525,0.87587,451,125560,0.332081,0.26,1,487195,486744,451
119978781,4.4505,12.9752,437,125560,0.306416,0.28,1,487197,486760,437
119981061,7.2901,7.39503,439,125560,0.269283,0.24,1,487205,486766,439
119983981,6.25802,7.87901,437,125560,0.301857,0.2,1,487211,486774,437
119986901,4.4516,4.7758,437,125560,0.316371,0.2,1,487215,486778,437
119989821,6.49032,4.15516,440,125560,0.271274,0.24,1,487222,486782,440
119992501,5.29806,7.23103,437,125560,0.254255,0.22,1,487227,486790,437
119995421,3.45961,5.44621,435,125560,0.274851,0.27,1,487230,486795,435
119997701,2.29192,2.68924,435,125560,0.28697,0.25,1,487232,486797,435
120000621,2.05838,4.53785,432,125560,0.281394,0.28,1,487234,486802,432
120003541,3.61168,4.10757,432,125560,0.280279,0.25,1,487238,486806,432
120006461,2.32234,2.42151,432,125560,0.248056,0.21,1,487240,486808,432
120008101,4.46447,2.0843,435,125560,0.313611,0.21,1,487245,486810,435
120011021,2.49289,3.61686,433,125560,0.318722,0.25,1,487247,486814,433
120013941,5.29858,7.12337,431,125560,0.287744,0.25,1,487253,486822,431
120016421,29.8597,1.42467,467,125560,0.241549,0.3,1,487289,486822,467
120019341,7.57194,29.8849,432,125560,0.20031,0.31,1,487291,486859,432
120021621,15.1144,7.57699,447,125560,0.240062,0.13,1,487308,486861,447
120024541,5.42288,15.9154,432,125560,0.264012,0.25,1,487311,486879,432
120026401,2.68458,6.38308,430,125560,0.236802,0.27,1,487313,486883,430
120029321,10.1369,10.0766,431,125560,0.28736,0.27,1,487325,486894,431
120032241,3.62738,2.01532,433,125560,0.273472,0.27,1,487327,486894,433
120035161,13.5255,0.403065,449,125560,0.302694,0.24,1,487343,486894,449
120038081,4.3051,10.4806,438,125560,0.276539,0.21,1,487345,486907,438
120040341,5.66102,3.69612,442,125560,0.287308,0.31,1,487351,486909,442
120043261,2.7322,7.93922,435,125560,0.257462,0.31,1,487353,486918,435
120046181,2.14644,1.58784,437,125560,0.243492,0.29,1,487355,486918,437
120049101,3.62929,1.11757,440,125560,0.240698,0.29,1,487359,486919,440
120051781,31.9259,9.82351,467,125560,0.24814,0.21,1,487398,486931,467
120054701,7.98517,29.9647,434,125560,0.217628,0.17,1,487400,486966,434
120056981,91.997,7.59294,545,125560,0.211526,0.13,1,487513,486968,545
120059901,31.1994,91.1186,449,125560,0.298305,0.23,1,487529,487080,449
120062821,14.2399,31.8237,442,125560,0.291661,0.25,1,487539,487097,442
120065301,6.04798,11.1647,440,125560,0.298332,0.23,1,487543,487103,440
120068221,2.8096,7.83295,435,125560,0.299666,0.27,1,487545,487110,435
120071141,4.56192,8.76659,431,125560,0.243933,0.27,1,487550,487119,431
120073621,12.1124,1.75332,445,125560,0.320787,0.32,1,487564,487119,445
120076541,5.62248,14.7507,431,125560,0.296157,0.34,1,487568,487137,431
120079441,2.7245,4.55013,431,125560,0.267231,0.25,1,487570,487139,431
120082361,9.3449,4.91003,437,125560,0.309446,0.18,1,487581,487144,437
120085281,6.66898,6.58201,436,125560,0.285889,0.19,1,487587,487151,436
120087761,4.5338,2.9164,438,125560,0.209178,0.36,1,487591,487153,438
120090681,7.30676,9.38328,435,125560,0.305836,0.32,1,487599,487164,435
120093601,6.26135,5.07666,437,125560,0.317167,0.3,1,487605,487168,437
120096081,5.25227,7.41533,434,125560,0.287433,0.32,1,487610,487176,434
120099001,3.45045,3.88307,434,125560,0.257487,0.34,1,487613,487179,434
120101921,14.2901,13.5766,435,125560,0.307497,0.3,1,487630,487195,435
120104841,12.458,4.31532,445,125560,0.357499,0.26,1,487642,487197,445
120107761,4.0916,7.26306,439,125560,0.3355,0.31,1,487644,487205,439
120110681,4.01832,6.25261,437,125560,0.3071,0.32,1,487648,487211,437
120113601,8.00366,4.45052,442,125560,0.33342,0.26,1,487657,487215,442
120116261,4.80073,6.4901,439,125560,0.346684,0.25,1,487661,487222,439
120119181,3.36015,5.29802,437,125560,0.301337,0.28,1,487664,487227,437
120121461,4.67203,3.4596,439,125560,0.244267,0.28,1,487669,487230,439
120124381,2.53441,3.89192,437,125560,0.232853,0.28,1,487671,487234,437
120127301,3.70688,0.778384,441,125560,0.246571,0.28,1,487675,487234,441
120129781,2.34138,3.35568,439,125560,0.345314,0.3,1,487677,487238,439
120132701,2.06828,3.87114,437,125560,0.333063,0.32,1,487679,487242,437
120135621,2.01366,4.77423,434,125560,0.322613,0.28,1,487681,487247,434
120138541,8.40273,5.75485,438,125560,0.368522,0.23,1,487691,487253,438
120141461,32.0805,29.951,440,125560,0.377705,0.19,1,487729,487289,440
120144381,8.01611,7.59019,440,125560,0.371541,0.25,1,487731,487291,440
120147301,10.4032,15.118,434,125560,0.402308,0.27,1,487742,487308,434
120150161,8.48064,5.42361,439,125560,0.384462,0.35,1,487750,487311,439
120153081,7.29613,9.88472,435,125560,0.308892,0.3,1,487757,487322,435
120156001,7.85923,4.37694,440,125560,0.373778,0.27,1,487765,487325,440
120158901,11.1718,2.47539,450,125560,0.298756,0.31,1,487777,487327,450
120161821,3.83437,13.2951,436,125560,0.371751,0.27,1,487779,487343,436
120164101,8.76687,4.25902,444,125560,0.25835,0.29,1,487789,487345,444
120167021,3.35337,5.6518,440,125560,0.22767,0.25,1,487791,487351,440
120169941,2.27067,2.73036,440,125560,0.261534,0.24,1,487793,487353,440
120172861,3.65414,2.14607,442,125560,0.284307,0.24,1,487797,487355,442
120175541,30.3308,3.62921,475,125560,0.264861,0.25,1,487834,487359,475
120178461,9.26617,31.9258,440,125560,0.220972,0.21,1,487838,487398,440
120180741,92.2532,7.98517,551,125560,0.276194,0.21,1,487951,487400,551
120183661,29.6506,91.997,452,125560,0.303239,0.32,1,487965,487513,452
120186581,10.7301,31.1994,442,125560,0.348648,0.29,1,487971,487529,442
120189061,9.34603,14.2399,441,125560,0.30973,0.3,1,487980,487539,441
120191981,3.46921,6.04798,439,125560,0.333946,0.3,1,487982,487543,439
120194901,2.29384,2.8096,439,125560,0.306789,0.23,1,487984,487545,439
120197821,10.8588,4.56192,447,125560,0.333358,0.29,1,487997,487550,447
120200741,10.1718,15.3124,439,125560,0.290672,0.26,1,488007,487568,439
120203621,5.23435,4.66248,441,125560,0.314134,0.32,1,488011,487570,441
120206541,2.64687,9.7325,432,125560,0.286827,0.28,1,488013,487581,432
120209461,9.32937,6.7465,437,125560,0.329365,0.28,1,488024,487587,437
120211941,8.26587,1.3493,445,125560,0.217873,0.33,1,488032,487587,445
120214861,3.25317,9.86986,435,125560,0.315575,0.32,1,488034,487599,435
120217781,7.05064,6.77397,437,125560,0.271115,0.32,1,488042,487605,437
120220261,6.21013,1.35479,443,125560,0.318223,0.25,1,488048,487605,443
120223181,2.84203,6.67096,437,125560,0.327645,0.25,1,488050,487613,437
120225461,16.5684,1.33419,457,125560,0.313529,0.32,1,488070,487613,457
120228381,9.71368,13.8668,448,125560,0.254706,0.37,1,488078,487630,448
120231301,3.54274,12.3734,438,125560,0.210941,0.33,1,488080,487642,438
120233781,7.10855,4.07467,444,125560,0.210188,0.32,1,488088,487644,444
120236701,3.02171,4.81493,441,125560,0.298038,0.34,1,488090,487649,441
120239621,3.80434,7.36299,437,125560,0.259608,0.35,1,488094,487657,437
120241681,2.36087,4.6726,435,125560,0.235922,0.29,1,488096,487661,435
120244601,2.07217,3.33452,434,125560,0.231184,0.23,1,488098,487664,434
120246881,7.61443,4.6669,438,125560,0.246237,0.37,1,488107,487669,438
120249801,7.92289,7.33338,438,125560,0.209247,0.37,1,488115,487677,438
120252721,3.18458,1.46668,440,125560,0.169849,0.37,1,488117,487677,440
120255641,2.23692,0.293335,442,125560,0.25797,0.33,1,488119,487677,442
120258321,2.04738,1.65867,442,125560,0.259594,0.4,1,488121,487679,442
120261241,5.20948,7.53173,439,125560,0.243919,0.38,1,488127,487688,439
120264161,33.8419,3.90635,477,125560,0.264784,0.38,1,488168,487691,477
120267081,8.36838,31.1813,441,125560,0.276957,0.37,1,488170,487729,441
120268721,2.47368,7.83625,440,125560,0.263391,0.41,1,488171,487731,440
120271641,8.49474,10.3673,439,125560,0.268678,0.38,1,488181,487742,439
120274561,3.29895,8.47345,433,125560,0.237736,0.29,1,488183,487750,433
120277481,11.0598,7.29469,439,125560,0.271547,0.39,1,488196,487757,439
120280401,5.41196,7.85894,435,125560,0.214309,0.39,1,488200,487765,435
120282661,9.08239,1.57179,445,125560,0.274862,0.28,1,488210,487765,445
120285581,3.41648,9.91436,435,125560,0.286972,0.39,1,488212,487777,435
120287861,11.8833,3.58287,447,125560,0.225394,0.23,1,488226,487779,447
120290781,3.97666,8.71657,439,125560,0.277079,0.22,1,488228,487789,439
120292641,1.59533,3.34331,438,125560,0.271416,0.31,1,488229,487791,438
120295561,9.11907,10.2687,437,125560,0.190283,0.31,1,488240,487803,437
120298481,28.2238,2.05373,470,125560,0.254057,0.26,1,488273,487803,470
120301401,7.24476,25.2107,441,125560,0.266811,0.21,1,488275,487834,441
120303041,2.24895,8.24215,438,125560,0.261362,0.29,1,488276,487838,438
120305961,90.8498,92.0484,438,125560,0.276272,0.31,1,488389,487951,438
120308881,29.37,29.6097,438,125560,0.223254,0.36,1,488403,487965,438
120311361,10.674,10.7219,438,125560,0.276651,0.3,1,488409,487971,438
120314281,7.7348,9.34439,436,125560,0.27933,0.34,1,488416,487980,436
120317201,6.34696,3.46888,440,125560,0.303866,0.3,1,488422,487982,440
120320121,2.86939,2.29378,440,125560,0.276773,0.34,1,488424,487984,440
120323041,6.97388,10.8588,435,125560,0.247355,0.28,1,488432,487997,435
120325961,8.59478,10.1718,434,125560,0.265471,0.32,1,488441,488007,434
120328001,8.11896,5.23435,438,125560,0.261094,0.28,1,488449,488011,438
120330921,3.22379,2.64687,438,125560,0.228219,0.34,1,488451,488013,438
120333841,9.44476,9.32937,438,125560,0.229644,0.19,1,488462,488024,438
120336761,5.08895,8.26587,434,125560,0.269929,0.34,1,488466,488032,434
120339681,2.61779,3.25317,434,125560,0.293986,0.26,1,488468,488034,434
120341941,8.52356,7.05064,436,125560,0.258797,0.33,1,488478,488042,436
120344861,4.90471,6.21013,434,125560,0.251759,0.33,1,488482,488048,434
120347781,5.78094,2.84203,438,125560,0.274352,0.31,1,488488,488050,438
120350701,12.3562,16.5684,432,125560,0.23887,0.24,1,488502,488070,432
120353621,10.4712,9.71368,434,125560,0.271774,0.2,1,488512,488078,434
120355461,6.09425,3.54274,437,125560,0.294355,0.21,1,488517,488080,437
120358381,4.41885,7.10855,433,125560,0.274871,0.32,1,488521,488088,433
120361301,2.48377,3.02171,433,125560,0.278974,0.25,1,488523,488090,433
120363781,6.89675,3.80434,437,125560,0.287795,0.23,1,488531,488094,437
120366701,2.97935,3.96087,435,125560,0.289559,0.23,1,488533,488098,435
120369621,2.19587,0.792174,437,125560,0.265912,0.25,1,488535,488098,437
120372541,9.23917,7.35844,439,125560,0.261182,0.2,1,488546,488107,439
120374801,3.44783,7.87169,433,125560,0.228236,0.16,1,488548,488115,433
120377721,2.28957,3.17434,433,125560,0.197647,0.28,1,488550,488117,433
120380001,2.85791,2.23487,434,125560,0.159529,0.26,1,488553,488119,434
120382921,6.17158,3.64697,437,125560,0.263906,0.24,1,488560,488123,437
120385841,4.43432,3.92939,437,125560,0.236781,0.27,1,488564,488127,437
120388761,32.0869,33.5859,435,125560,0.303356,0.28,1,488603,488168,435
120391441,8.01737,8.31718,435,125560,0.300671,0.28,1,488605,488170,435
120394361,10.4035,8.86344,437,125560,0.292134,0.27,1,488616,488179,437
120397281,3.68069,3.37269,437,125560,0.282427,0.23,1,488618,488181,437
120399761,2.33614,2.27454,437,125560,0.256485,0.28,1,488620,488183,437
120402681,5.26723,10.8549,430,125560,0.267297,0.2,1,488626,488196,430
120404961,9.85345,5.37098,437,125560,0.253459,0.29,1,488637,488200,437
120407881,8.37069,9.0742,435,125560,0.178692,0.29,1,488645,488210,435
120410801,3.27414,3.41484,435,125560,0.123738,0.21,1,488647,488212,435
120413721,8.65483,11.883,431,125560,0.208748,0.29,1,488657,488226,431
120416401,3.33097,3.97659,431,125560,0.22575,0.2,1,488659,488228,431
120419321,10.2662,8.79532,433,125560,0.24515,0.17,1,488671,488238,433
120422241,30.0532,3.35906,466,125560,0.11303,0.27,1,488706,488240,466
120425161,7.61065,27.0718,435,125560,0.086606,0.27,1,488708,488273,435
120427221,7.12213,7.01436,440,125560,0.145321,0.28,1,488715,488275,440
120430141,87.8244,92.6029,434,125560,0.109064,0.21,1,488823,488389,434
120433061,29.5649,29.7206,435,125560,0.141813,0.29,1,488838,488403,435
120435981,11.513,10.7441,436,125560,0.172363,0.29,1,488845,488409,436
120437621,4.7026,2.14882,439,125560,0.234472,0.28,1,488848,488409,439
120440541,6.54052,6.02976,439,125560,0.254894,0.31,1,488855,488416,439
120442401,2.1081,6.00595,434,125560,0.258979,0.25,1,488856,488422,434
120445321,5.22162,5.20119,435,125560,0.203796,0.24,1,488862,488427,435
120448241,5.84432,5.04024,436,125560,0.152759,0.27,1,488868,488432,436
120451161,7.56886,8.20805,435,125560,0.214552,0.26,1,488876,488441,435
120454081,6.31377,8.04161,433,125560,0.22691,0.22,1,488882,488449,433
120457001,12.4628,3.20832,445,125560,0.237382,0.23,1,488896,488451,445
120459921,5.69255,9.44166,438,125560,0.199476,0.28,1,488900,488462,438
120462581,4.33851,5.08833,438,125560,0.167895,0.28,1,488904,488466,438
120465501,8.8677,5.01767,443,125560,0.217579,0.25,1,488914,488471,443
120468421,4.97354,6.60353,440,125560,0.195516,0.25,1,488918,488478,440
120471341,2.59471,4.52071,438,125560,0.159103,0.28,1,488920,488482,438
120474261,14.1189,5.70414,449,125560,0.183821,0.23,1,488937,488488,449
120477181,9.22379,12.3408,443,125560,0.228764,0.28,1,488945,488502,443
120478801,2.64476,10.4682,434,125560,0.221753,0.3,1,488946,488512,434
120481721,8.52895,6.09363,439,125560,0.244351,0.27,1,488956,488517,439
120484001,3.30579,4.41873,437,125560,0.22487,0.31,1,488958,488521,437
120486921,7.06116,8.08375,436,125560,0.196974,0.29,1,488966,488530,436
120489841,3.01223,2.41675,437,125560,0.191395,0.29,1,488968,488531,437
120492321,2.20245,2.08335,437,125560,0.238279,0.28,1,488970,488533,437
120495241,3.64049,6.01667,434,125560,0.215656,0.26,1,488974,488540,434
120498161,7.9281,6.00333,437,125560,0.211131,0.22,1,488983,488546,437
120500641,3.18562,2.80067,437,125560,0.210226,0.13,1,488985,488548,437
120503561,2.23712,5.36013,433,125560,0.178045,0.13,1,488987,488554,433
120506481,2.84742,1.07203,436,125560,0.147609,0.29,1,488990,488554,436
120509401,7.76949,5.01441,439,125560,0.197522,0.23,1,488999,488560,439
120511041,2.3539,4.20288,436,125560,0.191504,0.32,1,489000,488564,436
120513961,29.2708,32.0406,433,125560,0.206301,0.3,1,489036,488603,433
120516241,10.6542,8.00812,437,125560,0.16126,0.29,1,489042,488605,437
120519161,10.9308,10.4016,437,125560,0.200252,0.28,1,489053,488616,437
120522081,3.78617,3.68032,437,125560,0.18405,0.28,1,489055,488618,437
120523941,4.75723,0.736065,442,125560,0.13281,0.29,1,489060,488618,442
120526861,2.55145,7.34721,435,125560,0.162562,0.25,1,489062,488627,435
120529781,2.11029,9.46944,427,125560,0.176512,0.16,1,489064,488637,427
120532701,10.8221,8.29389,432,125560,0.219302,0.16,1,489077,488645,432
120534341,2.96441,1.65878,433,125560,0.211861,0.11,1,489078,488645,433
120537261,9.39288,1.93176,442,125560,0.202372,0.23,1,489089,488647,442
120540181,3.47858,8.38635,434,125560,0.168474,0.23,1,489091,488657,434
120542661,7.09572,3.27727,440,125560,0.145695,0.25,1,489099,488659,440
120545581,29.4191,10.2555,463,125560,0.093139,0.08,1,489134,488671,463
120548501,7.48383,30.0511,430,125560,0.178628,0.08,1,489136,488706,430
120550981,9.49677,7.61022,438,125560,0.187726,0.16,1,489146,488708,438
120553901,86.6994,7.12204,537,125560,0.229545,0.1,1,489252,488715,537
120556821,31.7399,87.8244,447,125560,0.221909,0.15,1,489270,488823,447
120559741,12.748,29.5649,440,125560,0.244382,0.18,1,489278,488838,440
120562421,5.74959,11.513,437,125560,0.248876,0.26,1,489282,488845,437
120565341,2.74992,10.3026,429,125560,0.249775,0.26,1,489284,488855,429
120568241,4.54998,2.86052,433,125560,0.297955,0.18,1,489289,488856,433
120571161,9.71,8.5721,434,125560,0.299591,0.14,1,489300,488866,434
120574081,6.742,3.31442,438,125560,0.235918,0.23,1,489306,488868,438
120577001,8.5484,7.06288,439,125560,0.239184,0.23,1,489315,488876,439
120579921,8.10968,6.21258,441,125560,0.231837,0.24,1,489323,488882,441
120582841,10.4219,12.4425,438,125560,0.222367,0.19,1,489334,488896,438
120584881,3.68439,5.6885,436,125560,0.260473,0.3,1,489336,488900,436
120587801,3.93688,9.9377,429,125560,0.204095,0.23,1,489340,488911,429
120590721,3.98738,4.38754,430,125560,0.272819,0.19,1,489344,488914,430
120593201,7.99748,4.07751,435,125560,0.310564,0.25,1,489353,488918,435
120596121,4.7995,7.2155,431,125560,0.286113,0.19,1,489357,488926,431
120599041,12.1599,10.2431,434,125560,0.241223,0.24,1,489371,488937,434
120601521,8.83198,8.44862,434,125560,0.208245,0.26,1,489379,488945,434
120604441,8.1664,4.08972,439,125560,0.265649,0.25,1,489387,488948,439
120607361,3.23328,7.21794,433,125560,0.24513,0.22,1,489389,488956,433
120610281,5.44666,3.04359,437,125560,0.169026,0.19,1,489395,488958,437
120613201,5.88933,7.00872,435,125560,0.241805,0.19,1,489401,488966,435
120615041,1.97787,3.00174,434,125560,0.240361,0.26,1,489402,488968,434
120617961,5.19557,11.0003,427,125560,0.216072,0.26,1,489408,488981,427
120620881,2.63911,2.20007,429,125560,0.171214,0.21,1,489410,488981,429
120623801,2.12782,2.04001,429,125560,0.194243,0.21,1,489412,488983,429
120625441,1.22556,2.008,428,125560,0.182849,0.16,1,489413,488985,428
120628361,8.24511,6.8016,430,125560,0.20457,0.16,1,489423,488993,430
120631281,3.24902,1.36032,432,125560,0.176914,0.21,1,489425,488993,432
120634201,3.8498,5.07206,430,125560,0.195383,0.19,1,489429,488999,430
120637121,31.17,1.81441,467,125560,0.247077,0.21,1,489467,489000,467
120640041,11.034,29.1629,437,125560,0.161415,0.15,1,489473,489036,437
120642961,9.4068,10.6326,440,125560,0.168283,0.21,1,489482,489042,440
120645881,3.48136,10.9265,431,125560,0.177657,0.18,1,489484,489053,431
120648741,7.09627,3.7853,437,125560,0.139531,0.17,1,489492,489055,437
120651661,3.01925,6.35706,432,125560,0.139906,0.18,1,489494,489062,432
120654561,2.20385,2.87141,432,125560,0.147981,0.23,1,489496,489064,432
120657481,10.0408,10.9743,431,125560,0.221596,0.21,1,489508,489077,431
120660401,9.20815,2.99486,439,125560,0.132319,0.2,1,489517,489078,439
120663321,3.44163,9.39897,430,125560,0.122464,0.16,1,489519,489089,430
120664961,1.48833,3.47979,429,125560,0.112493,0.14,1,489520,489091,429
120667881,6.69767,7.09596,429,125560,0.270499,0.08,1,489528,489099,429
120670801,31.7395,29.4192,432,125560,0.2141,0.2,1,489566,489134,432
120673281,7.94791,7.48384,432,125560,0.25882,0.19,1,489568,489136,432
120676201,4.78958,9.49677,426,125560,0.203764,0.24,1,489572,489146,426
120679121,88.1579,86.6994,429,125560,0.272753,0.22,1,489681,489252,429
120682041,36.8316,31.7399,435,125560,0.286551,0.25,1,489705,489270,435
120684961,15.3663,12.748,437,125560,0.20131,0.25,1,489715,489278,437
120687841,6.27326,5.74959,437,125560,0.272262,0.31,1,489719,489282,437
120690761,4.45465,6.74992,434,125560,0.254452,0.31,1,489723,489289,434
120693681,2.49093,1.34998,436,125560,0.21889,0.3,1,489725,489289,436
120696601,10.0982,9.07,437,125560,0.307778,0.22,1,489737,489300,437
120699521,5.21964,6.614,435,125560,0.301556,0.24,1,489741,489306,435
120701361,6.64393,8.5228,433,125560,0.236311,0.23,1,489748,489315,433
120704281,6.12879,8.10456,431,125560,0.143262,0.22,1,489754,489323,431
120707201,14.0258,10.4209,436,125560,0.212652,0.22,1,489770,489334,436
120709061,3.60515,2.08418,437,125560,0.21053,0.19,1,489771,489334,437
120711981,3.92103,5.21684,435,125560,0.242106,0.29,1,489775,489340,435
120713841,3.18421,4.24337,434,125560,0.200421,0.32,1,489778,489344,434
120716761,3.83684,1.64867,437,125560,0.312084,0.32,1,489782,489345,437
120719681,7.16737,6.72973,437,125560,0.310417,0.28,1,489790,489353,437
120722581,9.43347,4.54595,443,125560,0.286083,0.23,1,489800,489357,443
120725501,11.4867,12.1092,441,125560,0.297217,0.2,1,489812,489371,441
120727781,5.49734,8.82184,437,125560,0.243443,0.28,1,489816,489379,437
120730701,2.69947,8.16437,431,125560,0.232689,0.24,1,489818,489387,431
120732561,1.33989,3.23287,430,125560,0.214538,0.15,1,489819,489389,430
120735481,6.66798,5.44657,432,125560,0.290908,0.26,1,489827,489395,432
120737761,5.3336,5.88932,431,125560,0.266182,0.26,1,489832,489401,431
120740681,7.46672,2.77786,437,125560,0.229236,0.21,1,489840,489403,437
120743601,3.09334,4.55557,434,125560,0.189847,0.16,1,489842,489408,434
120746081,2.21867,2.51111,434,125560,0.269969,0.24,1,489844,489410,434
120749001,7.64373,9.30222,432,125560,0.293994,0.24,1,489853,489421,432
120751921,3.12875,1.86044,434,125560,0.266799,0.21,1,489855,489421,434
120754841,2.22575,1.97209,434,125560,0.22936,0.17,1,489857,489423,434
120756481,1.24515,1.99442,433,125560,0.205872,0.2,1,489858,489425,433
120759401,3.44903,3.59888,433,125560,0.169174,0.26,1,489862,489429,433
120762321,31.8898,31.1198,434,125560,0.289835,0.14,1,489901,489467,434
120764801,7.97796,11.024,430,125560,0.281967,0.17,1,489903,489473,430
120767721,7.99559,9.40479,429,125560,0.224393,0.18,1,489911,489482,429
120770641,3.19912,3.48096,429,125560,0.204879,0.18,1,489913,489484,429
120772501,9.43982,0.696192,440,125560,0.280976,0.13,1,489924,489484,440
120775421,5.08796,6.53924,436,125560,0.312195,0.14,1,489928,489492,436
120777701,4.21759,2.90785,438,125560,0.254439,0.26,1,489932,489494,438
120780621,2.44352,9.38157,429,125560,0.226888,0.24,1,489934,489505,429
120783541,12.4887,4.27631,441,125560,0.253378,0.11,1,489949,489508,441
120786461,6.49774,8.05526,437,125560,0.186676,0.12,1,489954,489517,437
120789141,7.69955,3.21105,443,125560,0.245335,0.31,1,489962,489519,443
120792061,3.13991,7.84221,436,125560,0.225067,0.2,1,489964,489528,436
120794981,24.628,31.9684,428,125560,0.285013,0.27,1,489994,489566,428
120797901,6.5256,7.99369,428,125560,0.273003,0.27,1,489996,489568,428
120799541,9.30512,1.59874,438,125560,0.334601,0.19,1,490006,489568,438
120802461,90.661,3.51975,545,125560,0.25892,0.29,1,490117,489572,545
120805381,32.5322,87.904,454,125560,0.299784,0.29,1,490135,489681,454
120808301,16.9064,36.7808,443,125560,0.339957,0.18,1,490148,489705,443
120811221,7.38129,15.3562,438,125560,0.267991,0.29,1,490153,489715,438
120814101,6.27626,6.27123,440,125560,0.253598,0.25,1,490159,489719,440
120817021,2.85525,4.45425,438,125560,0.29072,0.21,1,490161,489723,438
120818881,1.37105,2.49085,437,125560,0.274144,0.33,1,490162,489725,437
120821801,5.07421,10.0982,431,125560,0.278829,0.3,1,490168,489737,431
120824081,2.61484,5.21963,429,125560,0.335766,0.22,1,490170,489741,429
120827001,12.523,6.64393,437,125560,0.291153,0.12,1,490185,489748,437
120829921,17.7046,6.12879,450,125560,0.314231,0.23,1,490204,489754,450
120832841,5.14092,14.0258,436,125560,0.286846,0.21,1,490206,489770,436
120834481,1.82818,3.60515,436,125560,0.289369,0.25,1,490207,489771,436
120837401,3.56564,3.92103,436,125560,0.225874,0.19,1,490211,489775,436
120840321,5.51313,3.18421,439,125560,0.205175,0.34,1,490217,489778,439
120843241,7.50263,3.83684,443,125560,0.273035,0.31,1,490225,489782,443
120846161,10.3005,7.16737,446,125560,0.286607,0.28,1,490236,489790,446
120849081,11.6601,9.43347,448,125560,0.305321,0.3,1,490248,489800,448
120851541,5.53202,11.4867,440,125560,0.301064,0.23,1,490252,489812,440
120854461,2.7064,5.49734,438,125560,0.268213,0.23,1,490254,489816,438
120856321,1.34128,2.69947,437,125560,0.245643,0.31,1,490255,489818,437
120859241,3.46826,6.13989,434,125560,0.249129,0.31,1,490259,489825,434
120862161,2.29365,2.82798,434,125560,0.305826,0.22,1,490261,489827,434
120865081,10.8587,10.9656,434,125560,0.293165,0.18,1,490274,489840,434
120868001,5.37175,3.79312,436,125560,0.234633,0.18,1,490278,489842,436
120870261,2.67435,0.758624,438,125560,0.310927,0.3,1,490280,489842,438
120873181,3.73487,8.95172,431,125560,0.270185,0.26,1,490284,489853,431
120876101,2.34697,3.39034,431,125560,0.262037,0.26,1,490286,489855,431
120878581,6.86939,0.678069,439,125560,0.276407,0.22,1,490294,489855,439
120881501,2.97388,1.73561,439,125560,0.279281,0.16,1,490296,489857,439
120883781,11.7948,4.34712,448,125560,0.287856,0.32,1,490310,489862,448
120886701,19.959,32.0694,431,125560,0.241571,0.28,1,490332,489901,431
120889601,5.59179,8.01388,431,125560,0.344314,0.21,1,490334,489903,431
120892521,10.7184,8.00278,435,125560,0.332863,0.2,1,490346,489911,435
120895441,5.34367,3.20056,437,125560,0.290573,0.2,1,490350,489913,437
120897301,5.06873,0.640111,442,125560,0.250115,0.32,1,490355,489913,442
120900221,7.41375,12.128,435,125560,0.290023,0.24,1,490363,489928,435
120902501,6.28275,5.6256,437,125560,0.242005,0.31,1,490369,489932,437
120905421,2.85655,4.32512,435,125560,0.224401,0.26,1,490371,489936,435
120908341,11.7713,11.265,436,125560,0.22888,0.17,1,490385,489949,436
120911261,3.95426,6.253,433,125560,0.197776,0.26,1,490387,489954,433
120914181,10.3909,7.6506,437,125560,0.215555,0.26,1,490399,489962,437
120916021,2.87817,1.53012,438,125560,0.243111,0.22,1,490400,489962,438
120918941,26.1756,1.90602,468,125560,0.208622,0.3,1,490432,489964,468
120921861,6.83513,24.3812,440,125560,0.169724,0.27,1,490434,489994,440
120924341,9.36703,6.47624,448,125560,0.273945,0.24,1,490444,489996,448
120927261,89.8734,98.0953,437,125560,0.302789,0.31,1,490554,490117,437
120930181,33.1747,34.019,438,125560,0.292558,0.35,1,490573,490135,438
120933101,13.0349,17.2038,433,125560,0.194512,0.25,1,490581,490148,433
120936021,9.00699,7.44076,436,125560,0.302902,0.25,1,490589,490153,436
120937861,6.6014,1.48815,442,125560,0.28458,0.25,1,490595,490153,442
120940781,3.72028,5.09763,439,125560,0.256916,0.3,1,490598,490159,439
120943061,3.94406,2.61953,441,125560,0.219383,0.28,1,490602,490161,441
120945981,3.18881,6.12391,437,125560,0.195877,0.35,1,490605,490168,437
120948901,2.23776,2.82478,437,125560,0.191175,0.28,1,490607,490170,437
120951821,10.8476,12.565,435,125560,0.294235,0.32,1,490620,490185,435
120954741,14.1695,17.713,431,125560,0.282847,0.28,1,490635,490204,431
120957201,4.4339,5.1426,431,125560,0.248569,0.22,1,490637,490206,431
120960121,12.8868,9.02852,436,125560,0.305714,0.22,1,490652,490216,436
120963041,4.17736,1.8057,438,125560,0.285143,0.2,1,490654,490216,438
120965961,4.03547,1.16114,441,125560,0.249029,0.29,1,490658,490217,441
120967601,1.60709,6.63223,434,125560,0.225806,0.29,1,490659,490225,434
120970521,11.5214,10.1264,437,125560,0.293161,0.31,1,490673,490236,437
120973441,8.70428,11.6253,433,125560,0.282632,0.3,1,490681,490248,433
120976361,8.14086,5.52506,437,125560,0.328526,0.3,1,490689,490252,437
120978421,4.82817,1.10501,441,125560,0.345705,0.32,1,490693,490252,441
120981341,2.56563,7.421,434,125560,0.317141,0.32,1,490695,490261,434
120984261,2.11313,1.4842,436,125560,0.311428,0.32,1,490697,490261,436
120987181,2.02263,0.29684,438,125560,0.278286,0.29,1,490699,490261,438
120990101,8.40453,10.4594,435,125560,0.263657,0.22,1,490709,490274,435
120992561,6.48091,5.29187,437,125560,0.284731,0.32,1,490715,490278,437
120995481,2.89618,3.45837,436,125560,0.256946,0.26,1,490717,490281,436
120998401,3.77924,3.09168,437,125560,0.227389,0.26,1,490721,490284,437
121000881,2.35585,2.21833,437,125560,0.285478,0.28,1,490723,490286,437
121003801,2.07117,6.84367,431,125560,0.265096,0.28,1,490725,490294,431
121006721,2.01423,2.96873,431,125560,0.309019,0.29,1,490727,490296,431
121009641,32.4028,11.7937,457,125560,0.237804,0.23,1,490767,490310,457
121012561,8.88057,19.9587,438,125560,0.255561,0.37,1,490770,490332,438
121014401,2.57611,5.59175,437,125560,0.243112,0.33,1,490771,490334,437
121017321,6.91522,10.7184,433,125560,0.272622,0.28,1,490779,490346,433
121020241,4.58304,5.34367,433,125560,0.278524,0.28,1,490783,490350,433
121022101,7.31661,1.06873,441,125560,0.279705,0.3,1,490791,490350,441
121025021,7.86332,10.6137,436,125560,0.239941,0.23,1,490799,490363,436
121027921,4.77266,6.92275,434,125560,0.215988,0.33,1,490803,490369,434
121030841,4.15453,4.58455,434,125560,0.275198,0.23,1,490807,490373,434
121033761,10.4309,10.5169,434,125560,0.30304,0.19,1,490819,490385,434
121036241,3.68618,3.70338,434,125560,0.276608,0.22,1,490821,490387,434
121039161,8.73724,10.3407,432,125560,0.287322,0.25,1,490831,490399,432
121041441,3.34745,2.86814,433,125560,0.313464,0.2,1,490833,490400,433
121044361,28.6695,26.1736,436,125560,0.302693,0.16,1,490868,490432,436
121046641,7.3339,6.83473,436,125560,0.276539,0.3,1,490870,490434,436
121049561,4.66678,9.36694,430,125560,0.207308,0.31,1,490874,490444,430
121052481,92.1334,89.8734,434,125560,0.217462,0.29,1,490988,490554,434
121055401,35.2267,33.1747,436,125560,0.291492,0.17,1,491009,490573,436
121058321,13.4453,13.0349,436,125560,0.226298,0.33,1,491017,490581,436
121061241,7.48907,9.00699,434,125560,0.29326,0.28,1,491023,490589,434
121063281,4.69781,6.6014,432,125560,0.306652,0.21,1,491027,490595,432
121066201,7.33956,6.92028,433,125560,0.33333,0.21,1,491035,490602,433
121069121,7.06791,1.38406,440,125560,0.274666,0.19,1,491042,490602,440
121071601,3.01358,2.67681,439,125560,0.270933,0.24,1,491044,490605,439
121074521,11.0027,2.93536,449,125560,0.254187,0.32,1,491057,490608,449
121077441,12.6005,10.1871,450,125560,0.162837,0.28,1,491070,490620,450
121080361,4.12011,14.0374,437,125560,0.112567,0.24,1,491072,490635,437
121082001,1.62402,4.40748,436,125560,0.0865135,0.32,1,491073,490637,436
121084921,14.7248,12.8815,439,125560,0.233303,0.28,1,491091,490652,439
121087841,4.54496,4.1763,439,125560,0.230661,0.28,1,491093,490654,439
121089701,4.90899,0.83526,444,125560,0.158132,0.4,1,491098,490654,444
121092621,2.5818,8.16705,436,125560,0.143626,0.31,1,491100,490664,436
121095541,10.1164,8.83341,439,125560,0.244725,0.28,1,491112,490673,439
121098461,8.42327,8.16668,439,125560,0.256945,0.28,1,491120,490681,439
121100101,4.88465,1.63334,443,125560,0.267389,0.34,1,491124,490681,443
121103021,6.57693,6.72667,442,125560,0.253478,0.35,1,491131,490689,442
121105301,2.91539,4.54533,440,125560,0.250696,0.27,1,491133,490693,440
121108221,2.18308,5.70907,436,125560,0.290139,0.27,1,491135,490699,436
121111141,2.03662,1.14181,438,125560,0.266028,0.27,1,491137,490699,438
121114061,3.60732,0.228363,442,125560,0.229206,0.26,1,491141,490699,442
121116981,7.12146,8.04567,440,125560,0.221841,0.29,1,491149,490709,440
121118821,7.02429,6.40913,441,125560,0.244368,0.22,1,491156,490715,441
121121741,3.00486,6.08183,437,125560,0.208874,0.22,1,491158,490721,437
121124661,2.20097,1.21637,439,125560,0.201775,0.3,1,491160,490721,439
121127581,2.04019,1.84327,439,125560,0.176355,0.26,1,491162,490723,439
121130261,2.00804,1.96865,439,125560,0.139271,0.34,1,491164,490725,439
121133181,31.6016,2.79373,475,125560,0.219854,0.22,1,491203,490728,475
121136101,7.92032,31.7587,438,125560,0.203971,0.26,1,491205,490767,438
121138581,4.78406,8.75175,439,125560,0.200794,0.28,1,491209,490770,439
121141501,2.55681,8.95035,432,125560,0.168159,0.28,1,491211,490779,432
121144421,6.11136,4.99007,435,125560,0.217632,0.28,1,491218,490783,435
121146901,6.02227,0.998014,441,125560,0.235526,0.23,1,491224,490783,441
121149821,9.20445,12.9996,435,125560,0.263105,0.21,1,491234,490799,435
121152741,6.64089,5.79992,437,125560,0.212621,0.29,1,491240,490803,437
121155661,4.52818,4.35998,437,125560,0.226524,0.31,1,491244,490807,437
121158581,5.70564,10.472,431,125560,0.245305,0.27,1,491250,490819,431
121161041,7.54113,3.6944,437,125560,0.273061,0.29,1,491258,490821,437
121163961,9.50823,8.73888,437,125560,0.174612,0.32,1,491268,490831,437
121166881,3.50164,3.34778,437,125560,0.186922,0.3,1,491270,490833,437
121169801,26.3003,28.6696,434,125560,0.181384,0.27,1,491302,490868,434
121172481,12.4601,7.33391,441,125560,0.164277,0.3,1,491311,490870,441
121175401,90.492,6.26678,545,125560,0.0808554,0.22,1,491421,490876,545
121178321,31.6984,90.8534,450,125560,0.192171,0.31,1,491438,490988,450
121181241,18.3397,34.9707,444,125560,0.198434,0.21,1,491453,491009,444
121184161,7.66794,13.3941,441,125560,0.127687,0.31,1,491458,491017,441
121187081,5.53359,7.47883,440,125560,0.177537,0.31,1,491463,491023,440
121190001,5.90672,4.69577,442,125560,0.211507,0.34,1,491469,491027,442
121192921,5.98134,7.33915,440,125560,0.162301,0.26,1,491475,491035,440
121195781,3.59627,7.06783,436,125560,0.16046,0.25,1,491478,491042,436
121198701,6.31925,13.4136,428,125560,0.160092,0.14,1,491485,491057,428
121201621,14.8639,13.0827,432,125560,0.160018,0.1,1,491502,491070,432
121204541,4.57277,4.21654,432,125560,0.120004,0.1,1,491504,491072,432
121206181,9.71455,0.843308,443,125560,0.192001,0.27,1,491515,491072,443
121209101,6.74291,15.3687,430,125560,0.2144,0.23,1,491521,491091,430
121212021,7.74858,4.67373,436,125560,0.15488,0.23,1,491529,491093,436
121214501,9.54972,0.934746,446,125560,0.158976,0.34,1,491539,491093,446
121217421,3.50994,8.98695,437,125560,0.151795,0.27,1,491541,491104,437
121220341,3.90199,8.19739,433,125560,0.158359,0.26,1,491545,491112,433
121223261,7.1804,8.03948,433,125560,0.263672,0.27,1,491553,491120,433
121226181,9.43608,4.8079,439,125560,0.252734,0.25,1,491563,491124,439
121229101,3.48722,6.56158,434,125560,0.274547,0.25,1,491565,491131,434
121230721,1.49744,2.91232,433,125560,0.262909,0.3,1,491566,491133,433
121233641,6.69949,10.1825,429,125560,0.212582,0.3,1,491574,491145,429
121236561,2.9399,2.03649,431,125560,0.202516,0.3,1,491576,491145,431
121239481,2.18798,0.407298,433,125560,0.256503,0.22,1,491578,491145,433
121242401,2.0376,3.28146,431,125560,0.235301,0.25,1,491580,491149,431
121244241,2.80752,6.25629,427,125560,0.21506,0.2,1,491583,491156,427
121247161,6.9615,2.85126,433,125560,0.203012,0.2,1,491591,491158,433
121249441,2.9923,2.17025,433,125560,0.200602,0.15,1,491593,491160,433
121252361,5.39846,4.43405,434,125560,0.18412,0.15,1,491599,491165,434
121255281,2.67969,0.88681,436,125560,0.236824,0.24,1,491601,491165,436
121258201,28.5359,30.5774,433,125560,0.247365,0.2,1,491636,491203,433
121260881,7.30719,7.71547,433,125560,0.241473,0.16,1,491638,491205,433
121263801,6.26144,6.34309,433,125560,0.264295,0.16,1,491644,491211,433
121266721,2.85229,1.26862,435,125560,0.244859,0.23,1,491646,491211,435
121269201,2.17046,5.85372,430,125560,0.240972,0.19,1,491648,491218,430
121272121,10.0341,8.37074,433,125560,0.232194,0.27,1,491660,491227,433
121275041,8.40682,7.27415,434,125560,0.286439,0.2,1,491668,491234,434
121277521,6.48136,6.25483,434,125560,0.233288,0.26,1,491674,491240,434
121280441,7.69627,6.85097,435,125560,0.206658,0.25,1,491682,491247,435
121283361,4.73925,3.77019,436,125560,0.257331,0.28,1,491686,491250,436
121285841,2.54785,7.15404,430,125560,0.235466,0.15,1,491688,491258,430
121288761,10.9096,9.43081,433,125560,0.199093,0.19,1,491701,491268,433
121291681,3.78191,3.48616,433,125560,0.183819,0.19,1,491703,491270,433
121293541,27.1564,0.697232,466,125560,0.156764,0.18,1,491736,491270,466
121296461,13.4313,25.7394,444,125560,0.255353,0.16,1,491746,491302,444
121299381,84.2863,12.3479,537,125560,0.315071,0.06,1,491848,491311,537
121302301,34.4573,90.4696,449,125560,0.207014,0.22,1,491870,491421,449
121305221,18.0914,31.6939,446,125560,0.273403,0.2,1,491884,491438,446
121308141,7.61829,18.3388,436,125560,0.198681,0.11,1,491889,491453,436
121310181,8.72366,7.66776,440,125560,0.255736,0.22,1,491898,491458,440
121313101,3.34473,10.3336,431,125560,0.267147,0.22,1,491900,491469,431
121316021,3.86895,2.06671,435,125560,0.237429,0.15,1,491904,491469,435
121318081,2.37379,5.21334,431,125560,0.207486,0.16,1,491906,491475,431
121321001,5.27476,3.44267,434,125560,0.233497,0.16,1,491912,491478,434
121323921,5.05495,6.28853,432,125560,0.214699,0.16,1,491917,491485,432
121326841,14.611,14.8577,432,125560,0.17894,0.11,1,491934,491502,432
121329521,4.5222,4.57154,432,125560,0.139788,0.21,1,491936,491504,432
121332441,9.70444,9.71431,432,125560,0.267958,0.22,1,491947,491515,432
121335361,10.7409,6.74286,437,125560,0.269592,0.14,1,491958,491521,437
121338281,13.3482,7.74857,443,125560,0.213918,0.16,1,491972,491529,443
121339921,3.46964,9.54971,434,125560,0.218784,0.15,1,491973,491539,434
121342841,2.29393,3.50994,434,125560,0.219757,0.16,1,491975,491541,434
121345121,3.65879,3.90199,434,125560,0.227951,0.29,1,491979,491545,434
121348041,7.13176,7.1804,434,125560,0.26959,0.25,1,491987,491553,434
121350961,6.22635,9.43608,430,125560,0.253918,0.25,1,491993,491563,430
121352821,2.04527,1.88722,431,125560,0.234784,0.28,1,491994,491563,431
121355741,2.80905,1.97744,432,125560,0.270957,0.2,1,491997,491565,432
121358021,9.36181,7.59549,434,125560,0.278191,0.2,1,492008,491574,434
121360941,3.47236,3.1191,434,125560,0.247638,0.27,1,492010,491576,434
121363841,2.29447,2.22382,434,125560,0.297528,0.28,1,492012,491578,434
121366761,3.65889,6.84476,430,125560,0.243506,0.28,1,492016,491586,430
121369681,2.33178,1.36895,432,125560,0.224701,0.2,1,492018,491586,432
121372601,6.86636,4.27379,435,125560,0.25294,0.2,1,492026,491591,435
121375521,2.97327,2.45476,435,125560,0.226588,0.18,1,492028,491593,435
121378441,2.19465,5.29095,431,125560,0.197318,0.25,1,492030,491599,431
121380481,2.03893,2.65819,431,125560,0.239464,0.25,1,492032,491601,431
121383401,30.0078,28.5316,433,125560,0.167893,0.24,1,492069,491636,433
121385681,7.60156,7.30633,433,125560,0.257579,0.24,1,492071,491638,433
121388601,6.32031,9.46127,429,125560,0.211516,0.24,1,492077,491648,429
121391521,2.86406,1.89225,431,125560,0.170303,0.24,1,492079,491648,431
121394441,2.17281,0.378451,433,125560,0.162061,0.23,1,492081,491648,433
121397361,10.8346,9.67569,434,125560,0.208412,0.3,1,492094,491660,434
121400281,6.96691,8.33514,432,125560,0.209682,0.22,1,492100,491668,432
121403201,13.3934,6.46703,441,125560,0.233937,0.2,1,492115,491674,441
121406121,4.27868,7.69341,435,125560,0.214787,0.27,1,492117,491682,435
121408561,2.45574,4.73868,433,125560,0.178957,0.25,1,492119,491686,433
121411481,12.4911,6.54774,441,125560,0.235791,0.19,1,492134,491693,441
121414401,4.09823,7.70955,435,125560,0.247158,0.18,1,492136,491701,435
121416881,2.41965,3.14191,435,125560,0.233432,0.15,1,492138,491703,435
121419801,31.6839,27.0284,441,125560,0.158686,0.28,1,492177,491736,441
121422721,85.5368,13.4057,530,125560,0.215737,0.33,1,492276,491746,530
121425641,37.9074,84.2811,454,125560,0.155147,0.18,1,492302,491848,454
121428561,16.3815,34.4562,443,125560,0.16703,0.29,1,492313,491870,443
121431481,11.2763,18.0912,439,125560,0.257406,0.18,1,492323,491884,439
121433941,7.05526,7.61825,440,125560,0.243481,0.27,1,492329,491889,440
121436861,3.81105,8.72365,434,125560,0.184696,0.27,1,492332,491898,434
121438721,4.76221,3.34473,437,125560,0.276939,0.28,1,492337,491900,437
121441641,4.15244,8.66895,431,125560,0.303388,0.28,1,492341,491910,431
121444561,2.43049,1.73379,433,125560,0.316678,0.24,1,492343,491910,433
121447481,3.6861,1.94676,435,125560,0.279336,0.21,1,492347,491912,435
121449121,1.53722,4.38935,431,125560,0.295867,0.17,1,492348,491917,431
121452041,8.30744,14.4779,424,125560,0.323173,0.13,1,492358,491934,424
121454321,12.8615,4.49557,436,125560,0.248635,0.3,1,492372,491936,436
121457241,10.5723,9.69911,435,125560,0.0657269,0.27,1,492382,491947,435
121460161,5.31446,10.7398,428,125560,0.245145,0.2,1,492386,491958,428
121463081,16.2629,13.348,433,125560,0.217029,0.22,1,492405,491972,433
121465761,6.45258,3.46959,436,125560,0.187406,0.29,1,492409,491973,436
121468681,9.29052,9.49392,435,125560,0.221481,0.29,1,492419,491984,435
121471601,3.4581,1.89878,437,125560,0.220296,0.28,1,492421,491984,437
121474521,5.49162,2.77976,440,125560,0.268059,0.25,1,492427,491987,440
121476161,1.89832,5.35595,435,125560,0.261612,0.29,1,492428,491993,435
121479081,1.97966,3.47119,434,125560,0.292322,0.28,1,492430,491996,434
121482001,8.39593,1.49424,443,125560,0.258464,0.28,1,492440,491997,443
121484921,4.07919,9.09885,435,125560,0.291693,0.24,1,492443,492008,435
121486561,4.01584,3.41977,437,125560,0.266339,0.3,1,492447,492010,437
121489481,4.00317,9.48395,430,125560,0.277268,0.3,1,492451,492021,430
121492401,2.40063,1.89679,432,125560,0.247454,0.3,1,492453,492021,432
121495321,2.08013,0.379358,434,125560,0.233491,0.26,1,492455,492021,434
121498241,2.81603,4.07587,432,125560,0.206698,0.22,1,492458,492026,432
121500081,2.16321,2.41517,432,125560,0.21734,0.25,1,492460,492028,432
121503001,5.23264,3.68303,434,125560,0.259468,0.25,1,492466,492032,434
121505921,2.64653,0.736607,436,125560,0.243894,0.15,1,492468,492032,436
121508841,25.3293,29.7473,430,125560,0.312779,0.28,1,492499,492069,430
121511521,13.0659,7.54946,438,125560,0.206556,0.16,1,492509,492071,438
121514441,4.21317,7.90989,432,125560,0.185311,0.16,1,492511,492079,432
121517361,2.44263,1.58198,434,125560,0.269062,0.16,1,492513,492079,434
121520261,9.28853,1.9164,443,125560,0.189812,0.22,1,492524,492081,443
121523181,9.85771,10.7833,440,125560,0.205963,0.21,1,492534,492094,440
121525041,2.77154,6.95666,435,125560,0.217193,0.24,1,492535,492100,435
121527961,6.95431,13.3913,428,125560,0.219438,0.21,1,492543,492115,428
121530881,4.59086,4.27827,430,125560,0.259888,0.21,1,492547,492117,430
121532741,7.31817,0.855653,438,125560,0.275978,0.25,1,492555,492117,438
121535661,6.26363,13.7711,427,125560,0.263196,0.25,1,492561,492134,427
121538581,2.85273,4.35423,427,125560,0.228639,0.25,1,492563,492136,427
121541061,14.9705,0.870845,445,125560,0.245728,0.14,1,492581,492136,445
121543981,25.3941,32.9742,432,125560,0.233146,0.23,1,492609,492177,432
121546901,85.0788,85.7948,433,125560,0.254629,0.14,1,492709,492276,433
121549821,33.8158,37.959,428,125560,0.226926,0.17,1,492730,492302,428
121552741,21.9632,16.3918,436,125560,0.157385,0.28,1,492749,492313,436
121555661,9.19263,11.2784,432,125560,0.111477,0.28,1,492755,492323,432
121557701,10.6385,2.25567,443,125560,0.214295,0.24,1,492766,492323,443
121560621,3.72771,5.25113,439,125560,0.202859,0.17,1,492768,492329,439
121562481,3.14554,3.45023,439,125560,0.144572,0.35,1,492771,492332,439
121565401,5.42911,6.29005,438,125560,0.228914,0.31,1,492777,492339,438
121568321,2.68582,2.85801,438,125560,0.253783,0.32,1,492779,492341,438
121571221,6.93716,2.1716,444,125560,0.218757,0.34,1,492787,492343,444
121574141,2.98743,6.83432,438,125560,0.211751,0.33,1,492789,492351,438
121577061,3.79749,6.96686,435,125560,0.21835,0.23,1,492793,492358,435
121579981,18.3595,12.5934,443,125560,0.12367,0.02,1,492815,492372,443
121582241,5.2719,10.5187,435,125560,0.192734,0.29,1,492817,492382,435
121585161,2.65438,5.30373,433,125560,0.182547,0.21,1,492819,492386,433
121588081,14.1309,16.2607,431,125560,0.196509,0.18,1,492836,492405,431
121590561,7.62618,6.45215,433,125560,0.223302,0.23,1,492842,492409,433
121593481,12.7252,9.29043,437,125560,0.25266,0.22,1,492856,492419,437
121596401,4.14505,3.45809,437,125560,0.258532,0.22,1,492858,492421,437
121598261,4.82901,0.691617,442,125560,0.219706,0.32,1,492863,492421,442
121601181,2.5658,8.93832,433,125560,0.243941,0.32,1,492865,492432,433
121604101,2.11316,1.78766,435,125560,0.288788,0.25,1,492867,492432,435
121607021,6.82263,6.75753,435,125560,0.273758,0.3,1,492875,492440,435
121609281,2.96453,3.75151,434,125560,0.270752,0.28,1,492877,492443,434
121612201,6.19291,5.5503,435,125560,0.21415,0.28,1,492884,492449,435
121615121,5.23858,2.71006,438,125560,0.18683,0.24,1,492889,492451,438
121617601,2.64772,2.14201,438,125560,0.181366,0.22,1,492891,492453,438
121620521,2.12954,6.0284,433,125560,0.228273,0.22,1,492893,492460,433
121623441,2.02591,1.20568,435,125560,0.213655,0.22,1,492895,492460,435
121626361,2.00518,0.241136,437,125560,0.194731,0.27,1,492897,492460,437
121629041,2.00104,4.84823,433,125560,0.158946,0.24,1,492899,492466,433
121631961,24.4002,7.36965,455,125560,0.191789,0.33,1,492929,492474,455
121634881,12.88,21.4739,440,125560,0.230358,0.18,1,492939,492499,440
121637801,4.17601,12.2948,432,125560,0.238072,0.18,1,492941,492509,432
121639441,1.6352,4.05896,431,125560,0.231614,0.2,1,492942,492511,431
121642361,8.32704,8.01179,432,125560,0.254323,0.17,1,492952,492520,432
121645281,4.86541,4.80236,432,125560,0.242865,0.21,1,492956,492524,432
121648201,8.17308,8.96047,431,125560,0.216573,0.22,1,492965,492534,431
121650881,12.8346,2.59209,444,125560,0.219315,0.36,1,492979,492535,444
121653801,5.76692,11.7184,434,125560,0.195863,0.36,1,492983,492549,434
121656721,4.35338,2.34368,438,125560,0.167173,0.28,1,492987,492549,438
121659641,8.87068,5.26874,442,125560,0.185435,0.26,1,492997,492555,442
121662561,3.37414,5.85375,438,125560,0.165087,0.22,1,492999,492561,438
121665481,11.8748,2.77075,450,125560,0.177017,0.23,1,493013,492563,450
121668401,23.175,37.3541,430,125560,0.211403,0.26,1,493039,492609,430
121671321,87.835,87.4708,434,125560,0.266281,0.22,1,493143,492709,434
121674241,31.167,34.2942,430,125560,0.277256,0.14,1,493160,492730,430
121677161,23.8334,22.0588,433,125560,0.247451,0.1,1,493182,492749,433
121680001,9.56668,9.21177,433,125560,0.18549,0.24,1,493188,492755,433
121682921,11.5133,10.6424,434,125560,0.269098,0.2,1,493200,492766,434
121685841,3.90267,3.72847,434,125560,0.25382,0.13,1,493202,492768,434
121688761,5.58053,3.14569,437,125560,0.218764,0.25,1,493208,492771,437
121691681,2.71611,5.42914,433,125560,0.179753,0.26,1,493210,492777,433
121693521,1.34322,2.68583,432,125560,0.195951,0.26,1,493211,492779,432
121696441,9.06864,10.1372,431,125560,0.28719,0.26,1,493222,492791,431
121699361,3.41373,2.02743,433,125560,0.297438,0.22,1,493224,492791,433
121702281,2.28275,2.00549,433,125560,0.267488,0.1,1,493226,492793,433
121705201,18.0565,18.0011,433,125560,0.197498,0.21,1,493248,492815,433
121708081,5.21131,5.20022,433,125560,0.2075,0.2,1,493250,492817,433
121711001,13.8423,5.04004,444,125560,0.2095,0.2,1,493266,492822,444
121713921,9.16845,12.208,438,125560,0.1779,0.23,1,493274,492836,438
121716841,13.8337,7.2416,447,125560,0.14758,0.26,1,493289,492842,447
121719761,5.16674,12.6483,436,125560,0.189516,0.26,1,493292,492856,436
121721601,1.83335,4.12966,435,125560,0.221903,0.21,1,493293,492858,435
121724521,5.16667,4.82593,436,125560,0.164381,0.25,1,493299,492863,436
121726801,2.63333,2.56519,436,125560,0.192876,0.31,1,493301,492865,436
121729721,3.72667,6.91304,432,125560,0.246575,0.27,1,493305,492873,432
121732641,2.34533,2.98261,432,125560,0.257315,0.27,1,493307,492875,432
121735121,7.66907,2.19652,439,125560,0.275463,0.2,1,493316,492877,439
121738041,3.13381,7.6393,432,125560,0.295093,0.18,1,493318,492886,432
121740961,2.22676,3.92786,431,125560,0.299019,0.18,1,493320,492889,431
121743861,2.04535,2.38557,431,125560,0.267804,0.21,1,493322,492891,431
121746781,2.00907,4.47711,428,125560,0.229561,0.21,1,493324,492896,428
121749701,2.80181,0.895423,431,125560,0.189912,0.19,1,493327,492896,431
121752621,4.56036,0.979085,435,125560,0.141982,0.15,1,493332,492897,435
121755301,24.9121,1.79582,463,125560,0.228396,0.2,1,493362,492899,463
121758221,12.9824,24.3592,443,125560,0.189679,0.24,1,493372,492929,443
121761141,4.19648,12.8718,435,125560,0.181936,0.24,1,493374,492939,435
121763621,4.0393,4.17437,437,125560,0.116387,0.26,1,493378,492941,437
121766541,5.60786,9.63487,432,125560,0.135277,0.24,1,493384,492952,432
121769461,4.32157,5.12697,432,125560,0.203056,0.24,1,493388,492956,432
121771941,10.4643,1.02539,444,125560,0.200611,0.21,1,493400,492956,444
121774861,9.29286,7.40508,444,125560,0.104122,0.22,1,493409,492965,444
121777781,5.85857,12.681,435,125560,0.196824,0.19,1,493414,492979,435
121780261,9.97171,5.7362,442,125560,0.167365,0.24,1,493425,492983,442
121783181,3.59434,7.54724,436,125560,0.225473,0.19,1,493427,492991,436
121786101,2.31887,6.30945,432,125560,0.205095,0.16,1,493429,492997,432
121788581,14.8638,2.86189,448,125560,0.153019,0.18,1,493447,492999,448
121791501,25.3728,11.7724,462,125560,0.0306038,0.22,1,493475,493013,462
121794421,86.6745,23.1545,538,125560,0.158121,0.28,1,493577,493039,538
121797341,30.9349,87.8309,451,125560,0.239624,0.28,1,493594,493143,451
121800261,16.587,31.1662,447,125560,0.215925,0.24,1,493607,493160,447
121803181,14.5174,23.8332,439,125560,0.211185,0.17,1,493621,493182,439
121806101,10.1035,9.56665,442,125560,0.146237,0.29,1,493630,493188,442
121809021,3.6207,11.5133,432,125560,0.133247,0.25,1,493632,493200,432
121811041,1.52414,3.90267,431,125560,0.122649,0.19,1,493633,493202,431
121813961,8.30483,6.38053,434,125560,0.20853,0.17,1,493643,493209,434
121816881,3.26097,2.07611,435,125560,0.225706,0.2,1,493645,493210,435
121819801,9.45219,1.21522,445,125560,0.277141,0.31,1,493656,493211,445
121822721,3.49044,9.04304,436,125560,0.287428,0.3,1,493658,493222,436
121824561,1.49809,3.40861,435,125560,0.273486,0.23,1,493659,493224,435
121827481,8.29962,11.8817,431,125560,0.302697,0.18,1,493669,493238,431
121830401,9.65992,10.3763,431,125560,0.276539,0.21,1,493679,493248,431
121832881,3.53198,3.67527,431,125560,0.303308,0.21,1,493681,493250,431
121835801,13.5064,13.5351,431,125560,0.292662,0.17,1,493697,493266,431
121838721,8.30128,9.10701,430,125560,0.298532,0.17,1,493704,493274,430
121840581,13.6603,1.8214,445,125560,0.267706,0.14,1,493719,493274,445
121843501,5.93205,12.3643,434,125560,0.229541,0.2,1,493723,493289,434
121845781,8.38641,4.87286,440,125560,0.213908,0.2,1,493732,493292,440
121848701,3.27728,8.17457,433,125560,0.314782,0.2,1,493734,493301,433
121851621,2.25546,1.63491,435,125560,0.302956,0.26,1,493736,493301,435
121854541,3.65109,3.52698,435,125560,0.260591,0.26,1,493740,493305,435
121857461,2.33022,2.3054,435,125560,0.252118,0.26,1,493742,493307,435
121859301,2.86604,0.461079,438,125560,0.322424,0.3,1,493745,493307,438
121862221,2.17321,8.89222,429,125560,0.312485,0.3,1,493747,493318,429
121864501,5.23464,1.77844,435,125560,0.246497,0.15,1,493753,493318,435
121867421,2.64693,10.7557,424,125560,0.313299,0.15,1,493755,493331,424
121870341,2.12939,2.15114,426,125560,0.32666,0.15,1,493757,493331,426
121873261,2.02588,0.430228,428,125560,0.329332,0.15,1,493759,493331,428
121876181,2.00518,0.0860455,430,125560,0.305866,0.13,1,493761,493331,430
121879101,25.201,0.817209,460,125560,0.269173,0.25,1,493792,493332,460
121882021,11.4402,24.1634,438,125560,0.277835,0.18,1,493800,493362,438
121884941,3.88804,12.8327,430,125560,0.255567,0.18,1,493802,493372,430
121887381,7.97761,4.16654,437,125560,0.211113,0.1,1,493811,493374,437
121890301,3.19552,4.03331,435,125560,0.210223,0.14,1,493813,493378,435
121892161,6.2391,5.60666,436,125560,0.274045,0.19,1,493820,493384,436
121895081,4.44782,7.52133,432,125560,0.286809,0.2,1,493824,493392,432
121898001,13.6896,7.90427,440,125560,0.289362,0.08,1,493840,493400,440
121900921,4.33791,8.78085,433,125560,0.265872,0.22,1,493842,493409,433
121903841,10.4676,5.75617,440,125560,0.293174,0.16,1,493854,493414,440
121906761,4.49352,9.95123,432,125560,0.282635,0.24,1,493857,493425,432
121908801,4.8987,3.59025,435,125560,0.240527,0.27,1,493862,493427,435
121911721,14.5797,8.71805,442,125560,0.232105,0.14,1,493879,493437,442
121914641,22.1159,9.74361,456,125560,0.190421,0,1,493903,493447,456
121917561,90.8232,24.3487,536,125560,0.294084,0.19,1,494011,493475,536
121920481,30.1646,86.4697,449,125560,0.362817,0.26,1,494026,493577,449
121923401,15.6329,30.8939,444,125560,0.344563,0.21,1,494038,493594,444
121926321,11.1266,16.5788,441,125560,0.324913,0.21,1,494048,493607,441
121929241,13.4253,14.5158,441,125560,0.248983,0.13,1,494062,493621,441
121932101,4.28506,10.1032,434,125560,0.233797,0.13,1,494064,493630,434
121935021,2.45701,3.62063,434,125560,0.254759,0.12,1,494066,493632,434
121937941,10.0914,1.52413,445,125560,0.282952,0.23,1,494078,493633,445
121940861,3.61828,8.30483,437,125560,0.28859,0.23,1,494080,493643,437
121943541,10.3237,3.26096,447,125560,0.313718,0.29,1,494092,493645,447
121946461,3.66473,9.45219,438,125560,0.310744,0.29,1,494094,493656,438
121948741,5.53295,3.49044,442,125560,0.286149,0.31,1,494100,493658,442
121951661,5.10659,9.49809,436,125560,0.33723,0.27,1,494105,493669,436
121954581,10.6213,9.89962,438,125560,0.291446,0.31,1,494117,493679,438
121957501,3.72426,3.57992,438,125560,0.346289,0.31,1,494119,493681,438
121959141,12.7449,0.715985,453,125560,0.349258,0.29,1,494134,493681,453
121962061,4.14897,12.9432,439,125560,0.317852,0.3,1,494136,493697,439
121964981,12.8298,8.18864,447,125560,0.31157,0.22,1,494151,493704,447
121967901,9.76596,16.8377,437,125560,0.238314,0.21,1,494160,493723,437
121970821,8.35319,10.5675,436,125560,0.279663,0.34,1,494168,493732,436
121973741,4.87064,3.71351,438,125560,0.295933,0.3,1,494172,493734,438
121975781,5.77413,2.3427,442,125560,0.267187,0.37,1,494178,493736,442
121978701,2.75483,6.86854,436,125560,0.301437,0.37,1,494180,493744,436
121981621,2.15097,1.37371,438,125560,0.292287,0.34,1,494182,493744,438
121984541,2.03019,1.07474,439,125560,0.282457,0.31,1,494184,493745,439
121987461,2.00604,1.81495,439,125560,0.288491,0.23,1,494186,493747,439
121990381,2.00121,5.16299,435,125560,0.337698,0.33,1,494188,493753,435
121993041,2.00024,2.6326,435,125560,0.34754,0.28,1,494190,493755,435
121995961,5.20005,6.92652,433,125560,0.349508,0.28,1,494196,493763,433
121998881,2.64001,1.3853,435,125560,0.349902,0.28,1,494198,493763,435
122001801,22.928,0.277061,463,125560,0.29398,0.26,1,494226,493763,463
122004721,7.7856,23.2554,438,125560,0.290796,0.28,1,494230,493792,438
122007641,3.15712,11.0511,432,125560,0.362159,0.25,1,494232,493800,432
122009681,2.23142,3.81022,432,125560,0.344432,0.2,1,494234,493802,432
122012601,11.6463,7.96204,437,125560,0.300886,0.21,1,494248,493811,437
122015521,3.92926,3.19241,437,125560,0.284177,0.29,1,494250,493813,437
122018441,8.78585,6.23848,440,125560,0.224835,0.29,1,494260,493820,440
122021361,12.9572,4.4477,450,125560,0.244967,0.29,1,494274,493824,450
122024281,6.59143,13.6895,439,125560,0.256993,0.26,1,494279,493840,439
122026741,6.11829,4.33791,443,125560,0.331399,0.3,1,494285,493842,443
122029661,2.82366,10.4676,433,125560,0.31428,0.28,1,494287,493854,433
122031521,1.36473,4.49352,431,125560,0.294856,0.2,1,494288,493857,431
122034441,21.0729,8.0987,448,125560,0.322971,0.23,1,494314,493866,448
122037361,12.2146,12.0197,445,125560,0.328594,0.18,1,494324,493879,445
122040281,96.0429,21.6039,538,125560,0.321719,0.32,1,494441,493903,538
122043201,33.6086,90.7208,448,125560,0.296344,0.38,1,494459,494011,448
122046121,20.3217,30.1442,450,125560,0.331269,0.34,1,494476,494026,450
122049041,7.26434,15.6288,442,125560,0.362254,0.32,1,494480,494038,442
122051281,3.05287,11.1258,434,125560,0.336451,0.23,1,494482,494048,434
122054201,12.6106,13.4252,435,125560,0.35529,0.23,1,494497,494062,435
122056481,4.12211,4.28503,435,125560,0.335058,0.27,1,494499,494064,435
122059401,7.22442,7.25701,435,125560,0.251012,0.29,1,494507,494072,435
122062321,7.84488,6.2514,437,125560,0.314202,0.29,1,494515,494078,437
122065241,3.16898,2.85028,437,125560,0.35084,0.29,1,494517,494080,437
122067301,7.0338,0.570056,445,125560,0.326168,0.32,1,494525,494080,445
122070221,7.00676,9.71401,440,125560,0.345234,0.31,1,494532,494092,440
122072501,9.40135,3.5428,448,125560,0.325047,0.31,1,494542,494094,448
122075421,3.48027,11.1086,437,125560,0.321009,0.31,1,494544,494107,437
122078341,3.89605,2.22171,441,125560,0.384202,0.28,1,494548,494107,441
122081261,3.17921,8.44434,434,125560,0.36484,0.36,1,494551,494117,434
122083941,15.0358,3.28887,450,125560,0.288968,0.31,1,494569,494119,450
122086861,4.60717,14.2578,435,125560,0.273794,0.31,1,494571,494136,435
122089781,13.7214,14.8516,436,125560,0.366759,0.22,1,494587,494151,436
122092701,9.94429,10.1703,436,125560,0.377352,0.22,1,494596,494160,436
122094341,7.58886,2.03406,443,125560,0.31547,0.29,1,494603,494160,443
122097261,4.71777,6.80681,439,125560,0.351094,0.3,1,494607,494168,439
122099541,8.94355,4.56136,445,125560,0.294219,0.26,1,494617,494172,445
122102461,3.38871,5.71227,441,125560,0.290844,0.31,1,494619,494178,441
122104321,1.47774,2.74245,440,125560,0.306169,0.28,1,494620,494180,440
122107241,1.89555,3.74849,438,125560,0.309234,0.28,1,494622,494184,438
122110161,1.97911,0.749698,440,125560,0.285847,0.29,1,494624,494184,440
122112641,1.99582,1.74994,440,125560,0.273169,0.37,1,494626,494186,440
122115561,1.99916,2.74999,439,125560,0.318634,0.35,1,494628,494189,439
122118481,1.99983,1.35,440,125560,0.335727,0.35,1,494630,494190,440
122120961,1.99997,5.07,436,125560,0.323145,0.32,1,494632,494196,436
122123881,9.99999,7.414,440,125560,0.408629,0.28,1,494644,494204,440
122126801,16.4,19.0828,436,125560,0.417726,0.29,1,494662,494226,436
122129721,9.68,7.01656,440,125560,0.395545,0.38,1,494670,494230,440
122132401,3.536,3.00331,440,125560,0.359109,0.31,1,494672,494232,440
122135321,7.1072,4.60066,443,125560,0.343822,0.29,1,494680,494237,443
122138241,3.02144,9.72013,434,125560,0.332764,0.28,1,494682,494248,434
122140721,2.20429,3.54403,434,125560,0.306553,0.21,1,494684,494250,434
122143641,10.0409,8.70881,436,125560,0.381311,0.25,1,494696,494260,436
122146561,15.6082,12.9418,439,125560,0.308262,0.26,1,494713,494274,439
122149041,4.72163,6.58835,436,125560,0.309652,0.35,1,494715,494279,436
122151961,8.94433,6.11767,440,125560,0.33393,0.31,1,494725,494285,440
122154881,3.38887,2.82353,440,125560,0.346786,0.29,1,494727,494287,440
122156741,3.07777,1.36471,442,125560,0.381357,0.33,1,494730,494288,442
122159661,20.6156,21.0729,441,125560,0.292271,0.33,1,494755,494314,441
122162581,10.5231,12.2146,439,125560,0.242454,0.32,1,494763,494324,439
122165501,98.9046,96.0429,443,125560,0.160491,0.29,1,494884,494441,443
122168421,34.1809,33.6086,443,125560,0.256098,0.34,1,494902,494459,443
122171341,14.8362,20.3217,436,125560,0.29122,0.37,1,494912,494476,436
122174001,11.7672,7.26434,443,125560,0.290244,0.31,1,494923,494480,443
122176921,8.75345,5.45287,446,125560,0.298049,0.36,1,494931,494485,446
122179841,3.35069,10.6906,436,125560,0.26761,0.33,1,494933,494497,436
122182321,11.8701,3.73811,448,125560,0.245522,0.25,1,494947,494499,448
122185241,7.17403,7.94762,445,125560,0.209104,0.33,1,494953,494508,445
122188161,3.03481,7.18952,440,125560,0.177821,0.36,1,494955,494515,440
122191081,8.60696,3.0379,448,125560,0.283564,0.32,1,494965,494517,448
122194001,4.92139,7.00758,444,125560,0.280713,0.35,1,494969,494525,444
122196921,10.5843,7.00152,449,125560,0.248143,0.32,1,494981,494532,449
122199841,3.71686,11.0003,439,125560,0.249628,0.4,1,494983,494544,439
122202501,7.14337,5.40006,443,125560,0.273926,0.36,1,494991,494548,443
122205421,3.02867,3.48001,442,125560,0.278785,0.27,1,494993,494551,442
122208341,13.4057,15.096,440,125560,0.279757,0.27,1,495009,494569,440
122211261,4.28115,4.6192,440,125560,0.239951,0.27,1,495011,494571,440
122212901,12.0562,0.92384,454,125560,0.27999,0.39,1,495025,494571,454
122215821,9.61125,12.9848,447,125560,0.311998,0.38,1,495034,494587,447
122218741,8.32225,9.79695,446,125560,0.2544,0.36,1,495042,494596,446
122221661,3.26445,10.7594,437,125560,0.21088,0.28,1,495044,494607,437
122224581,9.45289,10.1519,438,125560,0.266176,0.28,1,495055,494617,438
122226421,2.69058,2.03038,439,125560,0.325235,0.29,1,495056,494617,439
122229341,2.13812,2.00608,439,125560,0.337047,0.31,1,495058,494619,439
122231621,5.22762,2.80122,442,125560,0.267409,0.34,1,495064,494622,442
122234541,2.64552,6.96024,436,125560,0.309482,0.34,1,495066,494630,436
122237461,2.1291,1.39205,438,125560,0.325896,0.34,1,495068,494630,438
122240381,2.02582,0.27841,440,125560,0.329179,0.34,1,495070,494630,440
122243301,2.00516,0.0556819,442,125560,0.313836,0.32,1,495072,494630,442
122245761,2.00103,1.61114,442,125560,0.278767,0.43,1,495074,494632,442
122248681,6.80021,9.92223,438,125560,0.231753,0.42,1,495082,494644,438
122251601,17.36,16.3844,440,125560,0.302351,0.39,1,495102,494662,440
122254081,9.87201,9.67689,440,125560,0.37247,0.42,1,495110,494670,440
122257001,5.1744,6.73538,438,125560,0.362494,0.34,1,495114,494676,438
122259921,2.63488,4.54708,436,125560,0.360499,0.33,1,495116,494680,436
122262841,7.72698,2.50942,443,125560,0.3681,0.33,1,495125,494682,443
122264901,3.1454,0.501883,445,125560,0.36962,0.4,1,495127,494682,445
122267821,5.42908,11.3004,437,125560,0.329924,0.29,1,495133,494696,437
122270741,16.2858,15.8601,439,125560,0.289985,0.31,1,495152,494713,439
122273661,4.85716,4.77201,439,125560,0.281997,0.31,1,495154,494715,439
122275301,6.57143,0.954403,446,125560,0.288399,0.35,1,495161,494715,446
122278221,2.91429,9.79088,436,125560,0.34568,0.35,1,495163,494727,436
122281141,3.78286,1.95818,440,125560,0.349136,0.39,1,495167,494727,440
122283621,20.7566,2.79164,462,125560,0.261827,0.27,1,495192,494730,462
122286541,12.1513,20.5583,447,125560,0.196365,0.23,1,495202,494755,447
122289461,97.6303,10.5117,558,125560,0.295273,0.14,1,495321,494763,558
122292381,33.1261,98.9023,454,125560,0.379055,0.28,1,495338,494884,454
122295301,13.8252,34.1805,445,125560,0.323811,0.3,1,495347,494902,445
122298221,11.565,14.8361,446,125560,0.400762,0.3,1,495358,494912,446
122301141,9.51301,18.1672,436,125560,0.384152,0.3,1,495367,494931,436
122303381,3.5026,3.63344,438,125560,0.38083,0.36,1,495369,494931,438
122306301,7.10052,3.92669,442,125560,0.372166,0.24,1,495377,494935,442
122309221,10.2201,10.3853,441,125560,0.346433,0.2,1,495388,494947,441
122311701,6.84402,6.87707,441,125560,0.341287,0.3,1,495394,494953,441
122314621,6.9688,8.57541,439,125560,0.308257,0.31,1,495401,494962,439
122317541,2.99376,4.11508,438,125560,0.309651,0.28,1,495403,494965,438
122320021,10.9988,4.02302,447,125560,0.32593,0.24,1,495416,494969,447
122322941,3.79975,10.4046,437,125560,0.297186,0.25,1,495418,494981,437
122324801,1.55995,3.68092,436,125560,0.331437,0.28,1,495419,494983,436
122327721,6.71199,7.13618,436,125560,0.274287,0.28,1,495427,494991,436
122330001,2.9424,3.02724,436,125560,0.390858,0.28,1,495429,494993,436
122332921,13.3885,13.4054,436,125560,0.398172,0.23,1,495445,495009,436
122335841,4.2777,4.28109,436,125560,0.399634,0.23,1,495447,495011,436
122337701,12.0555,0.856218,450,125560,0.383927,0.32,1,495461,495011,450
122340621,6.41111,18.5712,432,125560,0.380785,0.24,1,495466,495034,432
122343521,11.6822,10.1142,437,125560,0.404157,0.22,1,495479,495042,437
122346441,6.33644,4.42285,439,125560,0.368831,0.28,1,495484,495045,439
122349361,7.66729,8.88457,437,125560,0.265766,0.34,1,495492,495055,437
122351841,4.73346,2.57691,440,125560,0.397153,0.34,1,495496,495056,440
122354761,2.54669,2.11538,440,125560,0.391431,0.25,1,495498,495058,440
122357041,2.90934,5.22308,437,125560,0.334286,0.27,1,495501,495064,437
122359961,4.58187,9.04462,432,125560,0.298857,0.27,1,495506,495074,432
122362881,2.51637,1.80892,434,125560,0.339771,0.27,1,495508,495074,434
122365801,2.10327,0.361785,436,125560,0.323954,0.27,1,495510,495074,436
122368721,2.02065,0.0723569,438,125560,0.288791,0.27,1,495512,495074,438
122371641,6.80413,0.0144714,446,125560,0.329758,0.22,1,495520,495074,446
122373681,2.96083,6.40289,440,125560,0.313952,0.32,1,495522,495082,440
122376601,16.5922,17.2806,440,125560,0.38279,0.39,1,495542,495102,440
122379521,6.51843,9.85612,436,125560,0.332558,0.36,1,495546,495110,436
122382441,7.70369,5.17122,440,125560,0.330512,0.36,1,495554,495114,440
122385121,3.14074,2.63424,440,125560,0.298102,0.37,1,495556,495116,440
122388041,5.42815,7.72685,437,125560,0.33162,0.37,1,495562,495125,437
122390321,2.68563,3.14537,437,125560,0.306324,0.3,1,495564,495127,437
122393241,8.53713,7.82907,438,125560,0.293265,0.28,1,495574,495136,438
122396161,15.3074,14.3658,439,125560,0.330653,0.28,1,495591,495152,439
122398641,4.66148,4.47316,439,125560,0.306131,0.39,1,495593,495154,439
122401561,9.7323,9.69463,439,125560,0.301226,0.39,1,495604,495165,439
122404481,3.54646,1.93893,441,125560,0.308245,0.35,1,495606,495165,441
122407401,13.5093,1.98779,455,125560,0.349649,0.24,1,495622,495167,455
122410321,16.3019,20.3976,447,125560,0.28593,0.18,1,495639,495192,447
122413241,100.86,12.0795,559,125560,0.273186,0.32,1,495761,495202,559
122416161,31.3721,97.6159,454,125560,0.286637,0.4,1,495775,495321,454
122419081,16.6744,33.1232,450,125560,0.297327,0.31,1,495788,495338,450
122421941,10.5349,13.8246,450,125560,0.227465,0.42,1,495797,495347,450
122424861,10.107,11.5649,449,125560,0.293493,0.38,1,495807,495358,449
122427781,3.6214,9.51299,442,125560,0.306699,0.38,1,495809,495367,442
122430261,5.52428,3.5026,446,125560,0.28534,0.37,1,495815,495369,446
122433181,9.90486,7.10052,449,125560,0.329068,0.34,1,495826,495377,449
122436101,5.18097,10.2201,442,125560,0.265814,0.3,1,495830,495388,442
122439021,8.23619,12.444,438,125560,0.285163,0.31,1,495839,495401,438
122441701,4.04724,4.0888,439,125560,0.297033,0.33,1,495842,495403,439
122444621,8.00945,11.2178,435,125560,0.307407,0.29,1,495851,495416,435
122447541,8.80189,3.84355,442,125560,0.333481,0.34,1,495860,495418,442
122450021,10.5604,1.56871,452,125560,0.258696,0.39,1,495871,495419,452
122452941,4.51208,10.7137,442,125560,0.211739,0.39,1,495874,495432,442
122455861,8.90242,2.14275,452,125560,0.282348,0.4,1,495884,495432,452
122458781,3.38048,10.8286,441,125560,0.29647,0.4,1,495886,495445,441
122461041,2.2761,3.76571,441,125560,0.299294,0.38,1,495888,495447,441
122463961,11.6552,11.9531,441,125560,0.283859,0.38,1,495902,495461,441
122466881,10.331,6.39063,446,125560,0.248772,0.41,1,495912,495466,446
122469801,11.6662,11.6781,445,125560,0.281754,0.36,1,495924,495479,445
122471441,3.13324,6.33563,441,125560,0.312351,0.24,1,495925,495484,441
122474361,3.82665,7.66713,437,125560,0.27047,0.43,1,495929,495492,437
122476641,3.96533,4.73342,437,125560,0.206094,0.34,1,495933,495496,437
122479561,5.59307,5.74669,437,125560,0.193219,0.34,1,495939,495502,437
122482481,2.71861,1.14934,439,125560,0.262644,0.29,1,495941,495502,439
122485401,2.14372,3.42987,437,125560,0.260529,0.35,1,495943,495506,437
122488081,2.02874,2.28597,437,125560,0.268106,0.34,1,495945,495508,437
122491001,5.20575,4.45719,438,125560,0.213621,0.34,1,495951,495513,438
122493921,2.64115,0.891439,440,125560,0.202724,0.34,1,495953,495513,440
122496841,6.92823,5.77829,441,125560,0.192545,0.31,1,495961,495520,441
122499761,14.1856,2.75566,455,125560,0.278509,0.4,1,495977,495522,455
122502681,7.63713,16.5511,441,125560,0.295702,0.32,1,495983,495542,441
122504721,3.92743,6.51023,440,125560,0.31514,0.33,1,495986,495546,440
122507641,5.58549,7.70205,438,125560,0.311028,0.29,1,495992,495554,438
122509921,2.7171,3.14041,438,125560,0.326206,0.34,1,495994,495556,438
122512841,5.34342,5.42808,438,125560,0.265241,0.3,1,496000,495562,438
122515761,2.66868,2.68562,438,125560,0.293048,0.29,1,496002,495564,438
122517621,12.5337,8.53712,443,125560,0.26661,0.34,1,496017,495574,443
122520541,11.3067,15.3074,437,125560,0.205322,0.3,1,496028,495591,437
122523441,3.86135,4.66148,437,125560,0.345064,0.3,1,496030,495593,437
122526361,10.3723,9.7323,438,125560,0.237013,0.31,1,496042,495604,438
122529281,3.67445,3.54646,438,125560,0.303403,0.31,1,496044,495606,438
122531141,9.53489,0.709292,449,125560,0.27668,0.36,1,496055,495606,449
122534061,19.507,12.9419,455,125560,0.199336,0.27,1,496077,495622,455
122536981,95.1014,16.1884,552,125560,0.175867,0.27,1,496191,495639,552
122539901,35.0203,100.838,450,125560,0.139173,0.29,1,496211,495761,450
122542581,13.4041,31.3675,444,125560,0.171835,0.3,1,496219,495775,444
122545501,14.6808,16.6735,446,125560,0.250367,0.21,1,496234,495788,446
122547781,7.73616,10.5347,443,125560,0.170073,0.31,1,496240,495797,443
122550701,3.14723,10.1069,435,125560,0.242015,0.31,1,496242,495807,435
122552561,1.42945,3.62139,434,125560,0.240403,0.28,1,496243,495809,434
122555481,6.68589,5.52428,436,125560,0.288081,0.34,1,496251,495815,436
122558401,10.1372,9.90486,436,125560,0.233616,0.25,1,496262,495826,436
122560881,5.22744,5.18097,436,125560,0.262723,0.29,1,496266,495830,436
122563801,4.24549,8.23619,431,125560,0.212545,0.3,1,496270,495839,431
122566721,9.6491,4.04724,439,125560,0.266509,0.3,1,496281,495842,439
122568581,7.52982,0.809448,446,125560,0.197302,0.31,1,496288,495842,446
122571501,4.70596,7.36189,441,125560,0.19146,0.34,1,496292,495851,441
122573781,12.1412,8.67238,446,125560,0.238292,0.24,1,496306,495860,446
122576701,4.82824,10.5345,438,125560,0.239658,0.2,1,496309,495871,438
122579621,9.76565,4.5069,446,125560,0.191932,0.3,1,496320,495874,446
122582541,4.35313,8.90138,439,125560,0.286386,0.3,1,496323,495884,439
122585221,5.67063,3.38028,443,125560,0.305277,0.28,1,496329,495886,443
122588141,7.53413,13.4761,435,125560,0.285055,0.24,1,496337,495902,435
122591061,7.90683,10.6952,433,125560,0.289011,0.29,1,496345,495912,433
122593981,9.58136,11.739,431,125560,0.233802,0.32,1,496355,495924,431
122596901,3.51627,3.14781,432,125560,0.27876,0.26,1,496357,495925,432
122598741,7.90325,3.82956,437,125560,0.223752,0.19,1,496366,495929,437
122601661,3.18065,3.96591,435,125560,0.28475,0.19,1,496368,495933,435
122604561,3.83613,5.59318,433,125560,0.26495,0.28,1,496372,495939,433
122607481,2.36723,2.71864,433,125560,0.23699,0.26,1,496374,495941,433
122609761,2.07345,2.14373,433,125560,0.199398,0.2,1,496376,495943,433
122612681,6.81469,8.42875,431,125560,0.26388,0.2,1,496384,495953,431
122615601,2.96294,1.68575,433,125560,0.284776,0.2,1,496386,495953,433
122618521,2.19259,0.33715,435,125560,0.256955,0.19,1,496388,495953,435
122621201,8.43852,6.46743,437,125560,0.259391,0.3,1,496398,495961,437
122624121,15.2877,14.0935,438,125560,0.291878,0.3,1,496415,495977,438
122627041,7.05754,7.6187,437,125560,0.290376,0.3,1,496420,495983,437
122628901,4.61151,1.52374,441,125560,0.274075,0.31,1,496424,495983,441
122631821,4.9223,7.50475,437,125560,0.302815,0.33,1,496429,495992,437
122634741,2.58446,3.10095,437,125560,0.308563,0.25,1,496431,495994,437
122637221,5.31689,5.42019,437,125560,0.277713,0.32,1,496437,496000,437
122640141,2.66338,3.48404,436,125560,0.239543,0.26,1,496439,496003,436
122643061,6.93268,11.8968,430,125560,0.207908,0.19,1,496447,496017,430
122645981,11.7865,11.1794,432,125560,0.281582,0.38,1,496460,496028,432
122648241,3.95731,3.83587,432,125560,0.272316,0.21,1,496462,496030,432
122651161,11.9915,10.3672,434,125560,0.0944633,0.32,1,496476,496042,434
122654081,3.99829,3.67343,434,125560,0.210893,0.32,1,496478,496044,434
122655941,11.1997,0.734687,447,125560,0.274179,0.18,1,496491,496044,447
122658861,14.2399,26.5469,429,125560,0.270836,0.17,1,496506,496077,429
122661781,98.848,96.5094,435,125560,0.246167,0.13,1,496626,496191,435
122664701,32.5696,35.3019,431,125560,0.313233,0.18,1,496642,496211,431
122667621,15.3139,13.4604,434,125560,0.326647,0.18,1,496653,496219,434
122669461,12.6628,2.69207,446,125560,0.369329,0.27,1,496665,496219,446
122672381,6.53256,12.5384,436,125560,0.305866,0.15,1,496670,496234,436
122674661,6.90651,7.30768,437,125560,0.261173,0.25,1,496677,496240,437
122677581,2.9813,6.26154,433,125560,0.276235,0.3,1,496679,496246,433
122680501,3.79626,5.25231,432,125560,0.239247,0.22,1,496683,496251,432
122683421,9.55925,9.85046,432,125560,0.343849,0.27,1,496694,496262,432
122685681,8.31185,5.17009,436,125560,0.27677,0.2,1,496702,496266,436
122688601,4.86237,4.23402,436,125560,0.327354,0.28,1,496706,496270,436
122691521,5.77247,9.6468,431,125560,0.257471,0.18,1,496712,496281,431
122694441,12.3545,7.52936,438,125560,0.283494,0.19,1,496726,496288,438
122697361,9.6709,4.70587,443,125560,0.192699,0.25,1,496735,496292,443
122700281,4.33418,12.1412,432,125560,0.27854,0.24,1,496738,496306,432
122703201,14.4668,4.82823,446,125560,0.223708,0.18,1,496755,496309,446
122705861,5.29337,9.76565,438,125560,0.260742,0.31,1,496758,496320,438
122708781,6.65867,4.35313,442,125560,0.188148,0.31,1,496765,496323,442
122711701,6.13173,5.67063,442,125560,0.28563,0.28,1,496771,496329,442
122714181,6.02635,7.53413,440,125560,0.273126,0.29,1,496777,496337,440
122717101,7.60527,7.90683,440,125560,0.318625,0.22,1,496785,496345,440
122718961,2.32105,9.58136,431,125560,0.335725,0.29,1,496786,496355,431
122721881,6.06421,3.51627,436,125560,0.259145,0.21,1,496793,496357,436
122724801,4.41284,7.90325,431,125560,0.259829,0.3,1,496797,496366,431
122727721,3.28257,3.18065,432,125560,0.211966,0.26,1,496800,496368,432
122730641,7.85651,3.83613,437,125560,0.290393,0.23,1,496809,496372,437
122732481,2.3713,2.36723,436,125560,0.290079,0.28,1,496810,496374,436
122735401,3.67426,8.47345,430,125560,0.266016,0.28,1,496814,496384,430
122738321,2.33485,1.69469,432,125560,0.229203,0.29,1,496816,496384,432
122740801,2.06697,1.93894,432,125560,0.181841,0.2,1,496818,496386,432
122743721,10.0134,7.58779,435,125560,0.196368,0.26,1,496830,496395,435
122746641,3.60268,3.91756,434,125560,0.175274,0.3,1,496832,496398,434
122749561,15.1205,14.3835,435,125560,0.267055,0.29,1,496850,496415,435
122752481,7.82411,6.8767,436,125560,0.253411,0.27,1,496856,496420,436
122754321,3.96482,4.57534,435,125560,0.290682,0.31,1,496859,496424,435
122757241,2.39296,4.91507,432,125560,0.298136,0.31,1,496861,496429,432
122759521,2.07859,2.58301,432,125560,0.307627,0.26,1,496863,496431,432
122762441,10.0157,8.5166,434,125560,0.245525,0.26,1,496875,496441,434
122765361,3.60314,1.70332,436,125560,0.209105,0.2,1,496877,496441,436
122768281,5.52063,5.14066,436,125560,0.153821,0.3,1,496883,496447,436
122771201,4.30413,11.4281,427,125560,0.254764,0.27,1,496887,496460,427
122774121,14.4608,3.88563,442,125560,0.250953,0.05,1,496904,496462,442
122777041,5.29217,11.9771,431,125560,0.202191,0.24,1,496907,496476,431
122779281,3.45843,3.99542,432,125560,0.144438,0.29,1,496910,496478,432
122782201,22.2917,11.1991,446,125560,0.204888,0.27,1,496937,496491,446
122785121,102.858,14.2398,554,125560,0.184978,0.24,1,497060,496506,554
122788041,35.7717,98.848,453,125560,0.204996,0.33,1,497079,496626,453
122790961,13.5543,32.5696,445,125560,0.168999,0.33,1,497087,496642,445
122792801,4.31087,15.3139,436,125560,0.1538,0.38,1,497089,496653,436
122795721,12.8622,12.6628,439,125560,0.19876,0.29,1,497104,496665,439
122798641,8.17243,6.53256,441,125560,0.167752,0.25,1,497111,496670,441
122801561,3.23449,6.90651,436,125560,0.12955,0.28,1,497113,496677,436
122804481,7.0469,2.9813,442,125560,0.13791,0.23,1,497121,496679,442
122807401,4.60938,3.79626,442,125560,0.139582,0.37,1,497125,496683,442
122810321,8.92188,9.55925,441,125560,0.163916,0.34,1,497135,496694,441
122813241,9.78438,11.5119,439,125560,0.200783,0.24,1,497145,496706,439
122816161,5.15687,7.10237,437,125560,0.232157,0.24,1,497149,496712,437
122818181,10.6314,1.42047,449,125560,0.222431,0.29,1,497161,496712,449
122821101,7.72627,11.4841,442,125560,0.172486,0.17,1,497168,496726,442
122824021,7.14525,9.49682,440,125560,0.250497,0.3,1,497175,496735,440
122826501,9.42905,4.29936,447,125560,0.266099,0.21,1,497185,496738,447
122829421,9.08581,14.4599,439,125560,0.22122,0.27,1,497194,496755,439
122831281,2.61716,5.29197,437,125560,0.188244,0.36,1,497195,496758,437
122834201,8.52343,9.05839,437,125560,0.141649,0.31,1,497205,496768,437
122837121,4.90469,4.21168,438,125560,0.27633,0.27,1,497209,496771,438
122839601,5.78094,5.64234,438,125560,0.255266,0.33,1,497215,496777,438
122842521,4.35619,7.52847,434,125560,0.259053,0.34,1,497219,496785,434
122845441,2.47124,2.30569,435,125560,0.291811,0.24,1,497221,496786,435
122848361,9.29425,6.06114,439,125560,0.282362,0.26,1,497232,496793,439
122850001,2.65885,4.41223,436,125560,0.264472,0.2,1,497233,496797,436
122852921,2.13177,3.28245,435,125560,0.260894,0.31,1,497235,496800,435
122855201,6.82635,7.85649,434,125560,0.292179,0.22,1,497243,496809,434
122858121,2.96527,7.1713,429,125560,0.282436,0.22,1,497245,496816,429
122861041,2.19305,1.43426,431,125560,0.256487,0.22,1,497247,496816,431
122863961,2.03861,0.286852,433,125560,0.219297,0.17,1,497249,496816,433
122865601,1.20772,1.65737,432,125560,0.203859,0.2,1,497250,496818,432
122868521,9.84154,9.93147,432,125560,0.160772,0.17,1,497262,496830,432
122871441,6.76831,3.58629,436,125560,0.208154,0.29,1,497268,496832,436
122874361,16.5537,15.1173,437,125560,0.273631,0.25,1,497287,496850,437
122877281,8.11073,7.82345,437,125560,0.222726,0.3,1,497293,496856,437
122880161,4.82215,3.96469,438,125560,0.220545,0.33,1,497297,496859,438
122883081,2.56443,7.99294,431,125560,0.228109,0.33,1,497299,496868,431
122886001,3.71289,1.59859,435,125560,0.237622,0.23,1,497303,496868,435
122888921,7.94258,5.91972,437,125560,0.255524,0.2,1,497312,496875,437
122890561,2.38852,2.78394,436,125560,0.243105,0.14,1,497313,496877,436
122893481,5.2777,5.35679,436,125560,0.192621,0.28,1,497319,496883,436
122895761,4.25554,4.27136,436,125560,0.206524,0.25,1,497323,496887,436
122898681,8.85111,14.4543,429,125560,0.233305,0.19,1,497333,496904,429
122901601,9.77022,5.29085,436,125560,0.222661,0.19,1,497343,496907,436
122903461,2.75404,1.05817,437,125560,0.244532,0.22,1,497344,496907,437
122906381,19.7508,24.2116,431,125560,0.312906,0.18,1,497368,496937,431
122909301,97.5502,103.242,425,125560,0.286581,0.21,1,497485,497060,425
122912221,37.91,35.8485,429,125560,0.201316,0.16,1,497508,497079,429
122915141,13.982,13.5697,429,125560,0.320263,0.16,1,497516,497087,429
122916981,6.7964,2.71394,434,125560,0.376053,0.21,1,497521,497087,434
122919901,10.9593,14.1428,429,125560,0.339211,0.16,1,497533,497104,429
122922821,6.99186,8.42856,428,125560,0.387842,0.12,1,497539,497111,428
122925741,2.99837,3.28571,428,125560,0.365568,0.12,1,497541,497113,428
122927381,7.79967,0.657142,437,125560,0.353114,0.14,1,497550,497113,437
122930301,5.55993,6.53143,434,125560,0.374623,0.14,1,497555,497121,434
122932161,2.71199,4.50629,432,125560,0.362925,0.17,1,497557,497125,432
122935081,10.1424,8.90126,434,125560,0.328585,0.21,1,497569,497135,434
122938001,5.22848,9.78025,428,125560,0.329717,0.24,1,497573,497145,428
122940481,9.0457,5.15605,434,125560,0.361943,0.22,1,497583,497149,434
122943401,6.60914,10.6312,428,125560,0.368389,0.16,1,497589,497161,428
122946321,13.3218,7.72624,436,125560,0.289678,0.27,1,497604,497168,436
122949241,7.46437,7.14525,435,125560,0.329936,0.27,1,497610,497175,435
122951921,7.09287,9.42905,432,125560,0.385987,0.21,1,497617,497185,432
122954841,5.41857,9.08581,428,125560,0.389197,0.18,1,497622,497194,428
122957121,13.0837,2.61716,442,125560,0.397839,0.3,1,497637,497195,442
122960041,7.41674,10.1234,436,125560,0.303568,0.31,1,497643,497207,436
122962961,6.28335,3.62469,440,125560,0.396714,0.25,1,497649,497209,440
122965861,4.45667,5.52494,438,125560,0.391343,0.3,1,497653,497215,438
122968781,2.49133,5.90499,434,125560,0.390269,0.3,1,497655,497221,434
122971701,4.49827,1.181,439,125560,0.414054,0.28,1,497660,497221,439
122974621,7.29965,9.0362,436,125560,0.418811,0.26,1,497668,497232,436
122977301,3.05993,4.20724,435,125560,0.379762,0.3,1,497670,497235,435
122980221,2.21199,7.24145,429,125560,0.403952,0.28,1,497672,497243,429
122983121,2.0424,3.04829,429,125560,0.37679,0.16,1,497674,497245,429
122986041,6.80848,6.20966,430,125560,0.435358,0.16,1,497682,497252,430
122988961,2.9617,1.24193,432,125560,0.447072,0.16,1,497684,497252,432
122991881,10.1923,0.248386,444,125560,0.449414,0.15,1,497696,497252,444
122994801,3.63847,8.04968,436,125560,0.449883,0.22,1,497698,497262,436
122997721,17.5277,6.40994,451,125560,0.393977,0.29,1,497719,497268,451
123000641,9.10554,16.482,439,125560,0.374795,0.21,1,497726,497287,439
123003301,5.02111,8.0964,437,125560,0.434959,0.22,1,497730,497293,437
123006221,2.60422,4.81928,435,125560,0.422992,0.23,1,497732,497297,435
123008081,1.32084,2.56386,434,125560,0.404598,0.24,1,497733,497299,434
123011001,3.46417,3.71277,434,125560,0.44892,0.26,1,497737,497303,434
123013921,3.89283,7.94255,429,125560,0.457784,0.24,1,497741,497312,429
123016401,7.17857,2.38851,436,125560,0.459557,0.16,1,497749,497313,436
123019321,7.83571,6.0777,437,125560,0.459911,0.21,1,497757,497320,437
123022241,7.96714,3.61554,442,125560,0.379982,0.24,1,497765,497323,442
123025161,9.59343,8.72311,442,125560,0.451996,0.22,1,497775,497333,442
123028081,4.31869,9.74462,435,125560,0.458399,0.25,1,497778,497343,435
123030341,18.4637,2.74892,456,125560,0.44368,0.33,1,497800,497344,456
123033261,102.093,19.7498,555,125560,0.424736,0.28,1,497923,497368,555
123036181,39.6185,97.55,462,125560,0.292947,0.18,1,497947,497485,462
123039101,15.9237,37.91,449,125560,0.378589,0.35,1,497957,497508,449
123041781,4.78474,13.982,443,125560,0.395718,0.33,1,497959,497516,443
123044701,12.1569,16.3964,440,125560,0.375144,0.4,1,497973,497533,440
123047601,7.23139,8.07928,440,125560,0.315029,0.35,1,497979,497539,440
123050521,7.04628,5.61586,442,125560,0.311006,0.35,1,497986,497544,442
123053441,7.80926,5.92317,444,125560,0.342201,0.38,1,497994,497550,444
123056361,3.16185,5.18463,441,125560,0.37244,0.32,1,497996,497555,441
123059281,11.8324,12.2369,441,125560,0.362488,0.33,1,498010,497569,441
123062201,5.56647,5.64739,441,125560,0.384498,0.33,1,498014,497573,441
123064661,7.51329,1.12948,449,125560,0.3329,0.37,1,498022,497573,449
123067581,4.70266,13.0259,437,125560,0.37858,0.37,1,498026,497589,437
123069861,17.7405,2.60518,458,125560,0.267716,0.27,1,498047,497589,458
123072781,5.14811,12.521,445,125560,0.245543,0.34,1,498049,497604,445
123075701,9.02962,7.30421,449,125560,0.257109,0.4,1,498059,497610,449
123078621,3.40592,7.06084,444,125560,0.259422,0.39,1,498061,497617,444
123081301,15.8812,5.41217,458,125560,0.331884,0.28,1,498080,497622,458
123084221,6.37624,17.8824,441,125560,0.322377,0.42,1,498084,497643,441
123087141,6.07525,8.37649,441,125560,0.320475,0.39,1,498090,497649,441
123090061,6.01505,4.8753,443,125560,0.336095,0.39,1,498096,497653,443
123091701,3.60301,0.975059,446,125560,0.355219,0.42,1,498099,497653,446
123094621,2.3206,5.79501,441,125560,0.327044,0.42,1,498101,497660,441
123097541,2.06412,1.159,443,125560,0.321409,0.42,1,498103,497660,443
123099601,2.01282,6.6318,437,125560,0.320282,0.37,1,498105,497668,437
123102521,3.60256,2.92636,439,125560,0.352056,0.41,1,498109,497670,439
123104801,6.32051,2.18527,444,125560,0.294411,0.32,1,498116,497672,444
123107721,2.8641,6.03705,439,125560,0.322882,0.45,1,498118,497679,439
123110641,3.77282,3.60741,440,125560,0.320576,0.45,1,498122,497682,440
123113561,5.55456,2.32148,444,125560,0.344115,0.45,1,498128,497684,444
123115621,7.51091,0.464296,452,125560,0.364823,0.45,1,498136,497684,452
123118541,3.90218,9.69286,443,125560,0.352965,0.45,1,498139,497696,443
123120821,16.7804,3.53857,461,125560,0.382593,0.38,1,498159,497698,461
123123741,10.5561,17.5077,449,125560,0.388519,0.37,1,498168,497719,449
123125601,2.91122,9.10154,443,125560,0.373704,0.45,1,498169,497726,443
123128521,3.78224,5.02031,443,125560,0.338741,0.42,1,498173,497730,443
123130801,3.15645,2.60406,444,125560,0.379748,0.48,1,498176,497732,444
123133721,4.63129,3.72081,445,125560,0.41195,0.46,1,498181,497736,445
123136641,2.52626,1.54416,446,125560,0.38639,0.46,1,498183,497737,446
123139121,2.10525,3.50883,444,125560,0.357278,0.46,1,498185,497741,444
123142041,10.0211,7.10177,448,125560,0.359456,0.46,1,498197,497749,448
123144321,3.60421,7.82035,442,125560,0.351891,0.36,1,498199,497757,442
123147241,10.3208,7.96407,446,125560,0.366378,0.47,1,498211,497765,446
123150161,9.26417,9.59281,445,125560,0.401276,0.46,1,498220,497775,445
123152641,3.45283,4.31856,444,125560,0.408255,0.44,1,498222,497778,444
123155561,19.0906,18.4637,445,125560,0.377651,0.42,1,498245,497800,445
123158481,96.6181,102.093,438,125560,0.36353,0.26,1,498361,497923,438
123161401,41.7236,39.6185,442,125560,0.256706,0.4,1,498389,497947,442
123164321,14.7447,15.9237,440,125560,0.275341,0.4,1,498397,497957,440
123167201,5.34894,4.78474,441,125560,0.263068,0.37,1,498400,497959,441
123170121,10.6698,12.1569,439,125560,0.244614,0.3,1,498412,497973,439
123172401,5.33396,7.23139,437,125560,0.272923,0.31,1,498416,497979,437
123175321,10.6668,7.04628,442,125560,0.214585,0.35,1,498428,497986,442
123178241,8.53336,7.80926,442,125560,0.162917,0.35,1,498436,497994,442
123180101,2.50667,1.56185,443,125560,0.144583,0.38,1,498437,497994,443
123183021,6.90133,1.91237,449,125560,0.196917,0.36,1,498445,497996,449
123185941,9.38027,11.5825,445,125560,0.215383,0.39,1,498455,498010,445
123188421,5.07605,5.51649,445,125560,0.227077,0.32,1,498459,498014,445
123191341,6.61521,7.5033,444,125560,0.277415,0.39,1,498466,498022,444
123194261,13.323,4.70066,455,125560,0.295483,0.24,1,498481,498026,455
123197181,4.26461,19.3401,434,125560,0.291097,0.26,1,498483,498049,434
123200101,10.4529,11.868,436,125560,0.202219,0.26,1,498495,498059,436
123203021,3.69058,3.97361,436,125560,0.184444,0.26,1,498497,498061,436
123205061,16.7381,0.794721,456,125560,0.220889,0.35,1,498517,498061,456
123207981,6.54762,15.3589,441,125560,0.276178,0.32,1,498521,498080,441
123210261,7.70952,6.27179,445,125560,0.183236,0.36,1,498529,498084,445
123213181,4.7419,7.65436,441,125560,0.244647,0.34,1,498533,498092,441
123216101,5.74838,4.73087,443,125560,0.248929,0.32,1,498539,498096,443
123218161,2.74968,4.94617,440,125560,0.241786,0.37,1,498541,498101,440
123221081,2.14994,5.78923,436,125560,0.240357,0.37,1,498543,498107,436
123224001,2.02999,1.15785,438,125560,0.248071,0.36,1,498545,498107,438
123226921,2.006,1.83157,438,125560,0.249614,0.28,1,498547,498109,438
123229841,5.2012,5.96631,437,125560,0.209923,0.33,1,498553,498116,437
123232761,5.84024,2.79326,441,125560,0.233985,0.32,1,498559,498118,441
123235681,2.76805,3.75865,439,125560,0.206797,0.32,1,498561,498122,439
123237301,4.55361,0.75173,444,125560,0.161359,0.35,1,498566,498122,444
123240221,8.91072,4.95035,448,125560,0.184272,0.35,1,498576,498128,448
123243141,3.38214,9.79007,439,125560,0.156854,0.39,1,498578,498139,439
123246061,17.4764,17.958,440,125560,0.199371,0.39,1,498599,498159,440
123248981,11.4953,10.7916,441,125560,0.255874,0.37,1,498609,498168,441
123251441,5.49906,2.95832,444,125560,0.259175,0.43,1,498613,498169,444
123254361,2.69981,7.79166,437,125560,0.227835,0.43,1,498615,498178,437
123257281,4.53996,1.55833,442,125560,0.205567,0.42,1,498620,498178,442
123260201,3.30799,2.71167,442,125560,0.177113,0.38,1,498623,498181,442
123261841,1.4616,2.14233,441,125560,0.187423,0.35,1,498624,498183,441
123264761,9.09232,2.02847,450,125560,0.181485,0.36,1,498635,498185,450
123267681,4.21846,10.0057,441,125560,0.196297,0.35,1,498638,498197,441
123270601,11.2437,3.60114,452,125560,0.215259,0.37,1,498651,498199,452
123273521,3.84874,10.3202,442,125560,0.187052,0.41,1,498653,498211,442
123276441,2.36975,9.26405,435,125560,0.18141,0.41,1,498655,498220,435
123278901,24.4739,3.45281,463,125560,0.260282,0.37,1,498685,498222,463
123281821,94.4948,19.0906,552,125560,0.260056,0.36,1,498797,498245,552
123284741,38.899,96.6181,461,125560,0.172011,0.23,1,498822,498361,461
123287661,15.7798,41.7236,443,125560,0.210402,0.28,1,498832,498389,443
123290341,7.15596,14.7447,440,125560,0.21008,0.37,1,498837,498397,440
123293261,3.83119,8.54894,436,125560,0.194016,0.24,1,498840,498404,436
123296181,6.36624,8.10979,435,125560,0.254803,0.28,1,498847,498412,435
123299101,8.47325,4.82196,440,125560,0.218961,0.2,1,498856,498416,440
123302021,10.4946,10.5644,439,125560,0.123792,0.15,1,498867,498428,439
123304941,3.69893,8.51288,433,125560,0.232758,0.14,1,498869,498436,433
123306981,8.73979,2.50258,442,125560,0.222552,0.24,1,498879,498437,442
123309901,4.94796,8.50052,436,125560,0.22051,0.22,1,498883,498447,436
123312821,9.78959,8.1001,439,125560,0.196102,0.23,1,498894,498455,439
123315301,5.95792,4.82002,440,125560,0.11122,0.29,1,498899,498459,440
123318221,9.19158,6.564,443,125560,0.206244,0.3,1,498909,498466,443
123321141,3.43832,13.3128,430,125560,0.233249,0.29,1,498911,498481,430
123323621,12.6877,4.26256,443,125560,0.26265,0.18,1,498926,498483,443
123326541,4.13753,10.4525,433,125560,0.26853,0.18,1,498928,498495,433
123328821,14.4275,3.6905,448,125560,0.237706,0.23,1,498945,498497,448
123331741,10.8855,16.7381,438,125560,0.263541,0.29,1,498955,498517,438
123334661,8.5771,6.54762,442,125560,0.196708,0.16,1,498963,498521,442
123337141,4.91542,7.70952,438,125560,0.151342,0.26,1,498967,498529,438
123340061,4.18308,4.7419,438,125560,0.238268,0.25,1,498971,498533,438
123342341,4.03662,5.74838,436,125560,0.223654,0.25,1,498975,498539,436
123345261,2.40732,5.94968,432,125560,0.244731,0.25,1,498977,498545,432
123348181,2.08146,1.18994,434,125560,0.256946,0.25,1,498979,498545,434
123351101,2.01629,1.83799,434,125560,0.267389,0.25,1,498981,498547,434
123352741,2.80326,0.367597,437,125560,0.253478,0.25,1,498984,498547,437
123355661,2.16065,7.27352,430,125560,0.242696,0.24,1,498986,498556,430
123358581,2.03213,3.8547,429,125560,0.216539,0.2,1,498988,498559,429
123360641,2.00643,2.37094,429,125560,0.243308,0.17,1,498990,498561,429
123363561,14.8013,6.87419,439,125560,0.280662,0.19,1,499008,498569,439
123366481,4.56026,6.97484,434,125560,0.264132,0.15,1,499010,498576,434
123369381,18.5121,2.99497,454,125560,0.292826,0.21,1,499032,498578,454
123372301,8.50241,17.399,439,125560,0.306565,0.27,1,499038,498599,439
123375221,4.90048,11.4798,433,125560,0.277313,0.26,1,499042,498609,433
123378141,5.7801,5.49596,435,125560,0.287463,0.22,1,499048,498613,435
123380821,4.35602,2.69919,437,125560,0.281493,0.2,1,499052,498615,437
123383741,2.4712,4.53984,434,125560,0.240298,0.17,1,499054,498620,434
123386021,2.89424,3.30797,434,125560,0.18406,0.18,1,499057,498623,434
123388941,8.57885,10.2616,432,125560,0.220812,0.2,1,499067,498635,432
123391861,3.31577,4.45232,431,125560,0.244162,0.2,1,499069,498638,431
123394341,9.46315,0.890464,442,125560,0.312832,0.22,1,499080,498638,442
123397261,8.29263,10.5781,437,125560,0.270566,0.18,1,499088,498651,437
123399541,4.85853,3.71562,439,125560,0.262113,0.19,1,499092,498653,439
123402461,17.7717,5.54312,454,125560,0.188423,0.28,1,499113,498659,454
123405381,94.7543,21.9086,542,125560,0.221685,0.26,1,499227,498685,542
123408301,41.3509,93.9817,458,125560,0.252337,0.15,1,499255,498797,458
123411221,18.6702,38.7963,446,125560,0.234467,0.22,1,499268,498822,446
123414141,7.73403,15.7593,441,125560,0.222893,0.21,1,499273,498832,441
123417061,3.94681,7.15185,439,125560,0.252579,0.19,1,499276,498837,439
123419301,2.38936,3.83037,438,125560,0.330516,0.27,1,499278,498840,438
123422221,2.87787,6.36607,434,125560,0.338103,0.21,1,499281,498847,434
123425141,14.1756,8.47322,442,125560,0.259621,0.1,1,499298,498856,442
123427201,4.43511,10.4946,433,125560,0.211924,0.22,1,499300,498867,433
123430121,4.08702,5.29893,433,125560,0.130385,0.22,1,499304,498871,433
123433041,7.2174,7.45979,433,125560,0.234077,0.22,1,499312,498879,433
123435961,12.6435,4.69196,443,125560,0.254815,0.19,1,499326,498883,443
123438881,7.3287,9.73839,438,125560,0.178963,0.09,1,499332,498894,438
123440721,2.26574,5.94768,434,125560,0.131793,0.23,1,499333,498899,434
123443641,6.85315,9.18954,432,125560,0.250359,0.24,1,499341,498909,432
123445921,2.97063,3.43791,432,125560,0.282072,0.27,1,499343,498911,432
123448841,10.1941,12.6876,429,125560,0.296414,0.27,1,499355,498926,429
123451761,9.23883,4.13752,436,125560,0.291283,0.23,1,499364,498928,436
123454681,17.0478,14.4275,438,125560,0.298257,0.27,1,499383,498945,438
123457601,13.0096,10.8855,440,125560,0.259651,0.18,1,499395,498955,440
123460521,7.40191,8.5771,438,125560,0.21993,0.14,1,499401,498963,438
123462561,3.08038,4.91542,436,125560,0.219986,0.26,1,499403,498967,436
123465481,3.81608,4.18308,436,125560,0.219997,0.22,1,499407,498971,436
123467761,2.36322,4.03662,434,125560,0.187999,0.28,1,499409,498975,434
123470681,2.07264,3.20732,433,125560,0.2536,0.26,1,499411,498978,433
123473601,2.01453,1.44146,434,125560,0.26672,0.27,1,499413,498979,434
123476081,2.80291,1.88829,435,125560,0.253344,0.25,1,499416,498981,435
123479001,4.56058,9.97766,428,125560,0.194669,0.25,1,499421,498993,428
123481921,2.51212,1.99553,430,125560,0.262934,0.25,1,499423,498993,430
123484841,2.10242,0.399106,432,125560,0.276587,0.29,1,499425,498993,432
123487761,11.6205,12.0798,431,125560,0.263317,0.26,1,499439,499008,431
123490681,3.9241,4.01596,431,125560,0.220663,0.26,1,499441,499010,431
123493141,19.9848,0.803193,455,125560,0.124133,0.3,1,499465,499010,455
123496061,10.397,17.7606,441,125560,0.256827,0.31,1,499473,499032,441
123498341,5.27939,8.35213,439,125560,0.259365,0.29,1,499477,499038,439
123501261,2.65588,9.67043,431,125560,0.259873,0.29,1,499479,499048,431
123504181,3.73118,1.93408,435,125560,0.219975,0.28,1,499483,499048,435
123506241,2.34624,3.58682,433,125560,0.211995,0.23,1,499485,499052,433
123509161,5.26925,5.51736,433,125560,0.194399,0.23,1,499491,499058,433
123512081,10.6538,1.10347,445,125560,0.19888,0.23,1,499503,499058,445
123515001,3.73077,7.42069,438,125560,0.207776,0.25,1,499505,499067,438
123516641,1.54615,3.08414,437,125560,0.201555,0.33,1,499506,499069,437
123519561,6.70923,9.41683,434,125560,0.168311,0.26,1,499514,499080,434
123522481,4.54185,8.28337,430,125560,0.161662,0.26,1,499518,499088,430
123524961,8.90837,4.85667,436,125560,0.176332,0.17,1,499528,499092,436
123527881,17.7817,17.7713,435,125560,0.235266,0.23,1,499548,499113,435
123530801,97.1563,94.7543,438,125560,0.127053,0.26,1,499665,499227,438
123533721,39.4313,41.3509,435,125560,0.193411,0.23,1,499690,499255,435
123536641,22.2863,18.6702,440,125560,0.222682,0.22,1,499708,499268,440
123538481,6.85725,7.73403,438,125560,0.180536,0.35,1,499711,499273,438
123541401,4.57145,5.54681,437,125560,0.204107,0.35,1,499715,499278,437
123544321,2.51429,1.10936,439,125560,0.176821,0.34,1,499717,499278,439
123547241,2.10286,2.62187,438,125560,0.243364,0.24,1,499719,499281,438
123550161,12.4206,14.1244,436,125560,0.240673,0.2,1,499734,499298,436
123553041,4.88411,4.42487,437,125560,0.192135,0.26,1,499737,499300,437
123555961,6.57682,10.485,432,125560,0.198427,0.26,1,499744,499312,432
123558881,8.51536,2.09699,441,125560,0.263685,0.26,1,499753,499312,441
123561801,11.3031,11.6194,439,125560,0.244737,0.16,1,499765,499326,439
123564721,3.86061,7.12388,435,125560,0.200947,0.12,1,499767,499332,435
123567641,8.77212,2.22478,444,125560,0.256189,0.28,1,499777,499333,444
123570561,3.35442,6.84496,438,125560,0.267238,0.3,1,499779,499341,438
123573481,9.47089,12.569,435,125560,0.261448,0.29,1,499790,499355,435
123576401,9.89418,9.7138,436,125560,0.20429,0.29,1,499800,499364,436
123578421,15.5788,1.94276,453,125560,0.192858,0.3,1,499817,499364,453
123581341,11.1158,15.5886,444,125560,0.246572,0.25,1,499827,499383,444
123584261,8.62315,12.7177,440,125560,0.193314,0.21,1,499835,499395,440
123586741,6.52463,7.34354,440,125560,0.214663,0.27,1,499841,499401,440
123589661,2.90493,9.46871,432,125560,0.218933,0.27,1,499843,499411,432
123592581,2.18099,1.89374,434,125560,0.187787,0.27,1,499845,499411,434
123595501,2.0362,0.378748,436,125560,0.253557,0.27,1,499847,499411,436
123598421,2.00724,1.67575,436,125560,0.266711,0.27,1,499849,499413,436
123600261,1.20145,0.33515,437,125560,0.253342,0.31,1,499850,499413,437
123603181,1.84029,7.26703,430,125560,0.250668,0.28,1,499852,499422,430
123606101,3.56806,2.25341,433,125560,0.218134,0.28,1,499856,499423,433
123609021,3.11361,2.05068,434,125560,0.251627,0.28,1,499859,499425,434
123610661,9.42272,0.410136,445,125560,0.130325,0.26,1,499870,499425,445
123613581,3.48454,11.282,433,125560,0.242065,0.21,1,499872,499439,433
123615441,1.49691,3.85641,432,125560,0.248413,0.1,1,499873,499441,432
123618361,21.0994,19.9713,434,125560,0.225683,0.29,1,499899,499465,434
123621281,9.01988,10.3943,432,125560,0.245137,0.26,1,499905,499473,432
123624201,5.00398,5.27885,432,125560,0.225027,0.26,1,499909,499477,432
123626881,4.2008,2.65577,434,125560,0.261005,0.21,1,499913,499479,434
123629801,4.04016,9.33115,427,125560,0.292201,0.21,1,499917,499490,427
123632721,3.20803,1.86623,430,125560,0.28244,0.19,1,499920,499490,430
123635641,9.44161,1.17325,440,125560,0.224488,0.2,1,499931,499491,440
123638561,3.48832,9.83465,430,125560,0.188898,0.21,1,499933,499503,430
123640821,9.49766,3.56693,439,125560,0.28578,0.16,1,499944,499505,439
123643741,4.29953,7.91339,433,125560,0.281156,0.16,1,499947,499514,433
123646661,2.45991,4.78268,431,125560,0.256231,0.16,1,499949,499518,431
123649141,5.29198,0.956535,437,125560,0.219246,0.25,1,499955,499518,437
123652061,18.6584,24.1913,429,125560,0.171849,0.1,1,499977,499548,429
123654981,96.5317,98.4383,428,125560,0.20237,0.21,1,500093,499665,428
123657901,40.1063,39.6877,429,125560,0.272474,0.23,1,500119,499690,429
123660821,24.0213,22.3375,431,125560,0.294495,0.17,1,500139,499708,431
123663741,10.4043,6.86751,435,125560,0.266899,0.21,1,500146,499711,435
123665781,5.28085,4.5735,435,125560,0.22938,0.28,1,500150,499715,435
123668701,2.65617,3.3147,434,125560,0.229876,0.26,1,500152,499718,434
123671621,2.13123,1.46294,435,125560,0.285975,0.24,1,500154,499719,435
123674541,9.22625,12.2926,431,125560,0.297195,0.18,1,500165,499734,431
123677461,3.44525,4.85852,430,125560,0.315439,0.18,1,500167,499737,430
123679301,7.88905,0.971703,439,125560,0.343088,0.2,1,500176,499737,439
123682221,4.77781,5.79434,436,125560,0.356618,0.28,1,500180,499744,436
123685141,9.75556,8.35887,438,125560,0.343324,0.24,1,500191,499753,438
123688061,9.95111,11.2718,436,125560,0.244665,0.19,1,500201,499765,436
123690741,8.39022,3.85435,442,125560,0.248933,0.27,1,500209,499767,442
123693661,3.27804,8.77087,434,125560,0.225787,0.27,1,500211,499777,434
123695521,1.45561,3.35417,433,125560,0.245157,0.26,1,500212,499779,433
123698441,7.49112,9.47083,431,125560,0.321031,0.19,1,500221,499790,431
123700721,6.29822,9.89417,427,125560,0.296206,0.19,1,500227,499800,427
123703641,21.2596,15.5788,435,125560,0.307241,0.26,1,500252,499817,435
123706561,12.2519,11.1158,435,125560,0.229448,0.18,1,500262,499827,435
123709481,7.25039,8.62315,433,125560,0.27789,0.22,1,500268,499835,433
123712161,7.05008,6.52463,434,125560,0.359578,0.3,1,500275,499841,434
123715081,4.61002,5.30493,433,125560,0.327916,0.3,1,500279,499846,433
123718001,2.522,1.06099,435,125560,0.313583,0.27,1,500281,499846,435
123720921,2.1044,1.0122,436,125560,0.286717,0.27,1,500283,499847,436
123723601,2.02088,1.80244,436,125560,0.281343,0.25,1,500285,499849,436
123726521,5.20418,9.96049,430,125560,0.352269,0.25,1,500291,499861,430
123729441,2.64084,1.9921,432,125560,0.358454,0.25,1,500293,499861,432
123732361,2.12817,0.398419,434,125560,0.343691,0.25,1,500295,499861,434
123735281,8.42563,0.0796839,444,125560,0.356738,0.27,1,500305,499861,444
123738201,3.28513,8.81594,435,125560,0.327348,0.25,1,500307,499872,435
123740661,3.85703,2.56319,438,125560,0.28947,0.22,1,500311,499873,438
123743581,17.5714,21.3126,433,125560,0.305894,0.25,1,500332,499899,433
123746481,9.11428,9.06253,434,125560,0.333179,0.27,1,500339,499905,434
123749401,9.02286,8.21251,435,125560,0.354636,0.27,1,500348,499913,435
123752321,3.40457,1.6425,437,125560,0.358927,0.3,1,500350,499913,437
123754801,2.28091,3.5285,435,125560,0.327785,0.29,1,500352,499917,435
123757721,3.65618,7.1057,431,125560,0.329557,0.21,1,500356,499925,431
123760641,7.13124,6.22114,433,125560,0.345911,0.18,1,500364,499931,433
123763121,3.82625,2.84423,434,125560,0.325182,0.31,1,500367,499933,434
123766041,7.96525,9.36885,432,125560,0.345036,0.28,1,500376,499944,432
123768961,7.99305,4.27377,437,125560,0.405007,0.25,1,500384,499947,437
123770821,3.19861,2.45475,437,125560,0.385001,0.21,1,500386,499949,437
123773741,3.03972,5.29095,434,125560,0.397,0.16,1,500389,499955,434
123776661,16.6079,18.6582,432,125560,0.3834,0.21,1,500409,499977,432
123779581,98.5216,96.5316,435,125560,0.38068,0.29,1,500528,500093,435
123782501,38.9043,40.1063,433,125560,0.364136,0.3,1,500552,500119,433
123785421,23.7809,24.0213,433,125560,0.320827,0.26,1,500572,500139,433
123788081,14.3562,10.4043,438,125560,0.304165,0.22,1,500584,500146,438
123791001,6.07123,5.28085,438,125560,0.268833,0.23,1,500588,500150,438
123793921,2.81425,2.65617,438,125560,0.229767,0.3,1,500590,500152,438
123795781,2.16285,2.13123,438,125560,0.229953,0.3,1,500592,500154,438
123798701,4.43257,9.22625,432,125560,0.325991,0.32,1,500597,500165,432
123801621,6.48651,3.44525,437,125560,0.345198,0.32,1,500604,500167,437
123804101,6.8973,0.68905,444,125560,0.26904,0.36,1,500611,500167,444
123807021,6.97946,10.5378,438,125560,0.341808,0.34,1,500618,500180,438
123809941,6.19589,10.9076,433,125560,0.324362,0.22,1,500624,500191,433
123812861,8.43918,10.1815,432,125560,0.328872,0.22,1,500633,500201,432
123814501,8.08784,2.0363,440,125560,0.249774,0.25,1,500641,500201,440
123817421,7.21757,6.80726,439,125560,0.345955,0.22,1,500648,500209,439
123819701,4.64351,2.96145,441,125560,0.349191,0.34,1,500652,500211,441
123822621,5.7287,8.59229,437,125560,0.261838,0.29,1,500658,500221,437
123825541,2.74574,6.51846,433,125560,0.244368,0.31,1,500660,500227,433
123828461,22.1491,21.3037,435,125560,0.312874,0.21,1,500687,500252,435
123831381,12.4298,12.2607,435,125560,0.238575,0.29,1,500697,500262,435
123833841,8.88597,7.25215,437,125560,0.255715,0.38,1,500705,500268,437
123836761,6.57719,7.05043,436,125560,0.275143,0.32,1,500711,500275,436
123839681,7.71544,4.61009,440,125560,0.263029,0.32,1,500719,500279,440
123841541,2.34309,0.922017,441,125560,0.276606,0.31,1,500720,500279,441
123844461,2.06862,1.7844,441,125560,0.335321,0.28,1,500722,500281,441
123846741,2.01372,1.95688,441,125560,0.315064,0.3,1,500724,500283,441
123849661,2.80274,2.79138,441,125560,0.239013,0.37,1,500727,500286,441
123852581,2.96055,4.55828,439,125560,0.207803,0.36,1,500730,500291,439
123854641,2.19211,2.51166,439,125560,0.201561,0.37,1,500732,500293,439
123857561,6.83842,8.50233,437,125560,0.208312,0.36,1,500740,500303,437
123860481,6.16768,3.30047,441,125560,0.265662,0.32,1,500746,500305,441
123862961,2.83354,2.26009,441,125560,0.277132,0.26,1,500748,500307,441
123865881,3.76671,4.45202,440,125560,0.231426,0.31,1,500752,500312,440
123868801,15.1533,16.8904,438,125560,0.270285,0.34,1,500770,500332,438
123871281,10.2307,8.97808,440,125560,0.246057,0.36,1,500779,500339,440
123874201,10.8461,8.99562,442,125560,0.233211,0.36,1,500790,500348,442
123877121,3.76923,3.39912,442,125560,0.230642,0.36,1,500792,500350,442
123878981,5.55385,0.679825,448,125560,0.246128,0.38,1,500798,500350,448
123881901,3.51077,9.73597,439,125560,0.241226,0.35,1,500801,500362,439
123884821,2.30215,3.54719,439,125560,0.232245,0.32,1,500803,500364,439
123887741,2.06043,3.10944,438,125560,0.230449,0.32,1,500805,500367,438
123889381,9.21209,0.621888,449,125560,0.23009,0.35,1,500816,500367,449
123892301,6.64242,7.32438,446,125560,0.190018,0.42,1,500822,500376,446
123894161,2.12848,7.86488,439,125560,0.166004,0.4,1,500823,500384,439
123897081,3.6257,3.97298,440,125560,0.201201,0.4,1,500827,500387,440
123900001,13.5251,2.39459,454,125560,0.27224,0.38,1,500843,500389,454
123902921,98.705,16.4789,554,125560,0.230448,0.38,1,500963,500409,554
123905841,38.941,98.4958,459,125560,0.15809,0.36,1,500987,500528,459
123908761,19.7882,38.8992,450,125560,0.191618,0.31,1,501002,500552,450
123911681,19.9576,23.7798,450,125560,0.0863236,0.3,1,501022,500572,450
123914601,7.19153,14.356,442,125560,0.177265,0.26,1,501026,500584,442
123917461,3.83831,6.07119,441,125560,0.147453,0.35,1,501029,500588,441
123920381,3.16766,5.21424,439,125560,0.117491,0.35,1,501032,500593,439
123923301,2.23353,4.24285,437,125560,0.103498,0.35,1,501034,500597,437
123926221,3.64671,6.44857,434,125560,0.1887,0.25,1,501038,500604,434
123929141,9.52934,6.88971,438,125560,0.15774,0.36,1,501049,500611,438
123932061,8.30587,6.97794,439,125560,0.119548,0.32,1,501057,500618,439
123934981,4.86117,6.19559,437,125560,0.12791,0.33,1,501061,500624,437
123937901,4.17223,8.43912,432,125560,0.185582,0.23,1,501065,500633,432
123940821,12.8344,8.08782,439,125560,0.165116,0.37,1,501080,500641,439
123943041,10.5669,7.21756,442,125560,0.225023,0.32,1,501090,500648,442
123945961,5.31338,6.24351,440,125560,0.213005,0.24,1,501094,500654,440
123948881,2.66268,4.4487,438,125560,0.202601,0.24,1,501096,500658,438
123951781,18.9325,2.48974,459,125560,0.0805202,0.33,1,501119,500660,459
123954701,14.1865,22.0979,445,125560,0.184104,0.22,1,501132,500687,445
123956561,4.4373,12.4196,437,125560,0.196821,0.26,1,501134,500697,437
123959481,9.68746,8.88392,440,125560,0.215364,0.28,1,501145,500705,440
123961761,4.33749,6.57678,437,125560,0.203073,0.26,1,501148,500711,437
123964681,3.2675,7.71536,432,125560,0.152615,0.28,1,501151,500719,432
123966961,2.2535,2.34307,433,125560,0.174523,0.2,1,501153,500720,433
123969881,8.4507,8.46861,433,125560,0.146905,0.2,1,501163,500730,433
123972801,3.29014,1.69372,435,125560,0.141381,0.2,1,501165,500730,435
123975721,2.25803,0.338745,437,125560,0.164276,0.2,1,501167,500730,437
123978641,2.05161,0.0677489,439,125560,0.136855,0.2,1,501169,500730,439
123980481,2.81032,1.61355,440,125560,0.123371,0.35,1,501172,500732,440
123983401,7.76206,8.32271,439,125560,0.144674,0.28,1,501181,500742,439
123986321,3.15241,4.86454,437,125560,0.140935,0.28,1,501183,500746,437
123989221,6.23048,2.57291,442,125560,0.148187,0.33,1,501190,500748,442
123992141,10.0461,6.91458,445,125560,0.205637,0.28,1,501201,500756,445
123995061,10.0092,12.5829,441,125560,0.217127,0.24,1,501211,500770,441
123997981,10.8018,9.71658,443,125560,0.171425,0.23,1,501222,500779,443
124000901,3.76037,10.7433,434,125560,0.130285,0.23,1,501224,500790,434
124003781,5.55207,3.74866,438,125560,0.170057,0.24,1,501230,500792,438
124006701,4.31041,7.94973,433,125560,0.170011,0.23,1,501234,500801,433
124008981,8.86208,3.18995,441,125560,0.170002,0.26,1,501244,500803,441
124011901,3.37242,9.43799,432,125560,0.146,0.23,1,501246,500814,432
124014821,2.27448,3.4876,432,125560,0.1732,0.18,1,501248,500816,432
124017741,6.8549,5.49752,434,125560,0.17064,0.16,1,501256,500822,434
124019381,3.77098,1.8995,436,125560,0.170128,0.21,1,501259,500823,436
124022301,3.9542,3.5799,436,125560,0.122026,0.29,1,501263,500827,436
124025221,13.5908,13.516,436,125560,0.160405,0.22,1,501279,500843,436
124028141,97.1182,98.7032,434,125560,0.264081,0.14,1,501397,500963,434
124031061,37.0236,38.9406,432,125560,0.284816,0.2,1,501419,500987,432
124033981,19.4047,19.7881,432,125560,0.312963,0.06,1,501434,501002,432
124036901,15.8809,19.9576,427,125560,0.254593,0.2,1,501449,501022,427
124039761,6.37619,7.19152,427,125560,0.202919,0.11,1,501453,501026,427
124042681,9.27524,6.23831,431,125560,0.264584,0.11,1,501463,501032,431
124045601,3.45505,1.24766,433,125560,0.268917,0.1,1,501465,501032,433
124048081,2.29101,1.84953,433,125560,0.237783,0.23,1,501467,501034,433
124051001,3.6582,7.56991,428,125560,0.167557,0.15,1,501471,501043,428
124053921,5.53164,6.31398,428,125560,0.161511,0.11,1,501477,501049,428
124056401,11.5063,7.6628,433,125560,0.224302,0.13,1,501490,501057,433
124059321,5.50127,4.73256,433,125560,0.23686,0.2,1,501494,501061,433
124062241,2.70025,4.14651,431,125560,0.207372,0.2,1,501496,501065,431
124064101,13.3401,0.829302,447,125560,0.225474,0.16,1,501512,501065,447
124067021,5.86801,12.1659,436,125560,0.229095,0.24,1,501516,501080,436
124069941,4.3736,10.4332,430,125560,0.165819,0.21,1,501520,501090,430
124072421,7.27472,5.28663,434,125560,0.273164,0.18,1,501528,501094,434
124075341,19.8549,3.45733,454,125560,0.166633,0.05,1,501551,501097,454
124078261,13.571,18.2915,444,125560,0.177327,0.21,1,501563,501119,444
124081181,4.3142,14.0583,433,125560,0.147465,0.22,1,501565,501132,433
124084101,9.66284,13.2117,431,125560,0.285493,0.2,1,501576,501145,431
124087021,3.53257,5.04233,430,125560,0.313099,0.14,1,501578,501148,430
124089061,2.30651,3.40847,429,125560,0.27862,0.18,1,501580,501151,429
124091981,2.0613,2.28169,429,125560,0.239724,0.14,1,501582,501153,429
124094901,6.81226,8.45634,427,125560,0.255945,0.14,1,501590,501163,427
124097821,2.96245,3.29127,427,125560,0.219189,0.14,1,501592,501165,427
124099461,9.39249,0.658253,438,125560,0.195838,0.12,1,501603,501165,438
124102381,3.4785,9.73165,428,125560,0.167168,0.12,1,501605,501177,428
124105301,2.2957,1.94633,430,125560,0.129434,0.15,1,501607,501177,430
124108221,2.05914,3.58927,428,125560,0.0898867,0.14,1,501609,501181,428
124111141,3.61183,2.31785,430,125560,0.233977,0.14,1,501613,501183,430
124112981,6.32237,0.463571,437,125560,0.214795,0.15,1,501620,501183,437
124115901,10.8645,5.69271,442,125560,0.274959,0.22,1,501632,501190,442
124118821,7.77289,9.93854,438,125560,0.238992,0.22,1,501639,501201,438
124121741,11.1546,9.98771,440,125560,0.239798,0.16,1,501651,501211,440
124124661,3.83092,10.7975,431,125560,0.23996,0.12,1,501653,501222,431
124127541,8.76618,3.75951,439,125560,0.191992,0.2,1,501663,501224,439
124130461,3.35324,10.3519,429,125560,0.198398,0.2,1,501665,501236,429
124133381,8.67065,2.07038,439,125560,0.25568,0.14,1,501675,501236,439
124136301,3.33413,8.41408,431,125560,0.251136,0.18,1,501677,501246,431
124138981,2.26683,3.28282,431,125560,0.218227,0.17,1,501679,501248,431
124141901,6.85337,7.05656,431,125560,0.259645,0.17,1,501687,501256,431
124144821,2.97067,3.81131,430,125560,0.275929,0.11,1,501689,501259,430
124147741,3.79413,3.96226,430,125560,0.287186,0.17,1,501693,501263,430
124150661,14.3588,13.5925,431,125560,0.241437,0.29,1,501710,501279,431
124153581,100.472,97.1185,435,125560,0.192287,0.29,1,501832,501397,435
124156501,34.4944,37.0237,431,125560,0.198457,0.32,1,501850,501419,431
124159421,22.8989,19.4047,436,125560,0.263691,0.24,1,501870,501434,436
124162341,9.37977,15.8809,427,125560,0.268738,0.19,1,501876,501449,427
124164561,12.276,6.37619,436,125560,0.277748,0.28,1,501889,501453,436
124167481,5.65519,9.27524,430,125560,0.22355,0.27,1,501893,501463,430
124170401,2.73104,3.45505,430,125560,0.18071,0.27,1,501895,501465,430
124172261,6.14621,0.691009,437,125560,0.276142,0.15,1,501902,501465,437
124175181,2.82924,4.9382,433,125560,0.303228,0.16,1,501904,501471,433
124178101,6.96585,5.78764,435,125560,0.180646,0.16,1,501912,501477,435
124180581,7.79317,1.15753,443,125560,0.260129,0.24,1,501920,501477,443
124183501,8.75863,13.8315,435,125560,0.196026,0.24,1,501929,501494,435
124185781,3.35173,2.7663,437,125560,0.279205,0.18,1,501931,501494,437
124188701,14.2703,4.55326,449,125560,0.239841,0.23,1,501948,501499,449
124191621,6.05407,14.5107,436,125560,0.231968,0.15,1,501952,501516,436
124194101,4.41081,6.10213,436,125560,0.166394,0.3,1,501956,501520,436
124197021,2.48216,7.62043,430,125560,0.153279,0.14,1,501958,501528,430
124199941,18.8964,19.9241,430,125560,0.198656,0.18,1,501981,501551,430
124202861,14.1793,13.5848,431,125560,0.183731,0.14,1,501994,501563,431
124205781,8.43586,4.31696,436,125560,0.180746,0.14,1,502001,501565,436
124207621,6.48717,0.863393,442,125560,0.268149,0.32,1,502007,501565,442
124210541,5.29743,8.97268,436,125560,0.23763,0.32,1,502012,501576,436
124212821,2.65949,3.39454,436,125560,0.231526,0.21,1,502014,501578,436
124215741,2.1319,6.27891,431,125560,0.230305,0.21,1,502016,501585,431
124218661,3.62638,1.25578,435,125560,0.238061,0.26,1,502020,501585,435
124221581,2.32528,4.25116,432,125560,0.199612,0.21,1,502022,501590,432
124224261,13.2651,2.45023,446,125560,0.223922,0.16,1,502038,501592,446
124227181,4.25301,10.89,435,125560,0.196784,0.12,1,502040,501605,435
124229461,6.4506,3.77801,440,125560,0.223357,0.28,1,502047,501607,440
124232381,3.69012,7.9556,434,125560,0.236671,0.28,1,502050,501616,434
124235301,2.33802,1.59112,436,125560,0.231334,0.21,1,502052,501616,436
124238221,3.6676,3.51822,436,125560,0.158267,0.29,1,502056,501620,436
124241141,11.1335,10.3036,437,125560,0.279653,0.23,1,502069,501632,437
124243601,5.4267,7.66073,434,125560,0.303931,0.24,1,502073,501639,434
124246521,7.48534,11.1321,430,125560,0.308786,0.24,1,502081,501651,430
124249441,4.69707,3.82643,432,125560,0.301757,0.24,1,502085,501653,432
124251301,10.5394,0.765286,444,125560,0.276351,0.18,1,502097,501653,444
124254221,3.70788,8.15306,436,125560,0.27927,0.2,1,502099,501663,436
124256501,8.74158,3.23061,444,125560,0.263854,0.27,1,502109,501665,444
124259421,3.34832,8.64612,436,125560,0.252771,0.25,1,502111,501675,436
124261281,1.46966,3.32922,435,125560,0.242554,0.23,1,502112,501677,435
124264201,1.89393,3.06584,434,125560,0.240511,0.27,1,502114,501680,434
124267121,3.57879,6.21317,431,125560,0.208102,0.28,1,502118,501687,431
124269601,5.51576,2.84263,435,125560,0.24162,0.29,1,502124,501689,435
124272521,4.30315,3.76853,435,125560,0.216324,0.23,1,502128,501693,435
124275441,15.2606,14.3537,436,125560,0.267265,0.18,1,502146,501710,436
124278361,99.0521,100.471,434,125560,0.197453,0.2,1,502266,501832,434
124281281,32.6104,34.4941,432,125560,0.223491,0.28,1,502282,501850,432
124284201,22.5221,22.8988,432,125560,0.172698,0.27,1,502302,501870,432
124287121,9.30442,9.37977,432,125560,0.19454,0.27,1,502308,501876,432
124288741,7.46088,1.87595,439,125560,0.190908,0.21,1,502315,501876,439
124291661,11.8922,13.9752,435,125560,0.150182,0.21,1,502328,501893,435
124293941,4.77844,2.79504,438,125560,0.0940363,0.31,1,502331,501893,438
124296861,4.15569,9.35901,431,125560,0.146807,0.31,1,502335,501904,431
124299781,4.03114,1.8718,435,125560,0.197361,0.15,1,502339,501904,435
124302701,8.00623,6.77436,436,125560,0.159472,0.28,1,502348,501912,436
124305621,6.40125,7.75487,434,125560,0.127894,0.28,1,502354,501920,434
124307461,5.28025,1.55097,439,125560,0.153579,0.18,1,502359,501920,439
124310381,3.45605,7.5102,433,125560,0.142716,0.3,1,502362,501929,433
124312661,13.4912,3.10204,447,125560,0.116543,0.23,1,502378,501931,447
124315581,10.6982,14.2204,440,125560,0.0633086,0.23,1,502388,501948,440
124317861,5.33965,6.04408,440,125560,0.0766617,0.15,1,502392,501952,440
124320781,2.66793,6.00882,436,125560,0.0473323,0.15,1,502394,501958,436
124323701,14.1336,1.20176,453,125560,0.129466,0.21,1,502411,501958,453
124326621,12.4267,18.6404,442,125560,0.137893,0.18,1,502423,501981,442
124329541,9.68534,14.1281,438,125560,0.163579,0.18,1,502432,501994,438
124332421,7.53707,8.42561,438,125560,0.120716,0.23,1,502439,502001,438
124335341,5.50741,10.4851,432,125560,0.0641431,0.23,1,502444,502012,432
124337621,5.10148,3.69702,435,125560,0.0368286,0.24,1,502449,502014,435
124340541,4.2203,5.53941,433,125560,0.0873657,0.24,1,502453,502020,433
124343461,3.24406,1.10788,436,125560,0.0734731,0.19,1,502456,502020,436
124346381,2.24881,1.82158,436,125560,0.0706946,0.19,1,502458,502022,436
124348021,10.0498,0.364315,448,125560,0.142139,0.23,1,502470,502022,448
124350941,3.60995,12.8729,434,125560,0.148428,0.19,1,502472,502038,434
124353221,9.52199,4.17457,443,125560,0.205686,0.23,1,502483,502040,443
124356141,3.5044,10.4349,433,125560,0.185137,0.23,1,502485,502052,433
124359061,2.30088,2.08698,435,125560,0.181027,0.23,1,502487,502052,435
124361981,3.66018,0.417397,439,125560,0.124205,0.14,1,502491,502052,439
124364661,11.932,3.28348,449,125560,0.168841,0.31,1,502505,502056,449
124367581,5.58641,11.0567,440,125560,0.201768,0.31,1,502509,502069,440
124369861,5.91728,5.41134,442,125560,0.200354,0.31,1,502515,502073,442
124372781,3.58346,7.48227,437,125560,0.184071,0.3,1,502518,502081,437
124374641,2.31669,4.69645,435,125560,0.220814,0.27,1,502520,502085,435
124377561,10.8633,10.5393,436,125560,0.172163,0.28,1,502533,502097,436
124380481,6.97267,3.70786,440,125560,0.210433,0.26,1,502539,502099,440
124383401,6.19453,8.74157,436,125560,0.154087,0.25,1,502545,502109,436
124385041,2.03891,3.34831,435,125560,0.134817,0.2,1,502546,502111,435
124387961,3.60778,6.26966,432,125560,0.170963,0.2,1,502550,502118,432
124390881,2.32156,1.25393,434,125560,0.202193,0.2,1,502552,502118,434
124393801,2.06431,0.250786,436,125560,0.176439,0.25,1,502554,502118,436
124395861,3.61286,4.85016,434,125560,0.187288,0.21,1,502558,502124,434
124398781,13.5226,4.17003,446,125560,0.149458,0.28,1,502574,502128,446
124401701,100.305,15.234,550,125560,0.197892,0.18,1,502696,502146,550
124404621,32.8609,99.0468,446,125560,0.183578,0.23,1,502712,502266,446
124407541,21.7722,32.6094,449,125560,0.140716,0.16,1,502731,502282,449
124410461,7.55444,22.5219,433,125560,0.140143,0.2,1,502735,502302,433
124413381,9.51089,9.30437,437,125560,0.172029,0.14,1,502745,502308,437
124416301,12.3022,17.8609,430,125560,0.202406,0.08,1,502758,502328,430
124419221,4.06044,5.97217,429,125560,0.176481,0.08,1,502760,502331,429
124420821,3.21209,1.19443,432,125560,0.131296,0.16,1,502763,502331,432
124423741,2.24242,3.43889,430,125560,0.122259,0.21,1,502765,502335,430
124426021,8.44848,3.88778,436,125560,0.176452,0.15,1,502775,502339,436
124428941,4.8897,7.97756,431,125560,0.16329,0.12,1,502779,502348,431
124430801,1.77794,6.39551,426,125560,0.216658,0.16,1,502780,502354,426
124433721,4.35559,5.2791,426,125560,0.195332,0.14,1,502785,502359,426
124436641,13.6711,3.45582,439,125560,0.199066,0.11,1,502801,502362,439
124439561,9.13422,13.4912,431,125560,0.247813,0.05,1,502809,502378,431
124442481,10.6268,10.6982,432,125560,0.233563,0.04,1,502820,502388,432
124445401,3.72537,6.93965,428,125560,0.254713,0.15,1,502822,502394,428
124448321,11.9451,14.9879,425,125560,0.298943,0.14,1,502836,502411,425
124451241,15.189,12.5976,429,125560,0.283789,0.17,1,502852,502423,429
124454161,6.2378,9.71952,424,125560,0.256758,0.17,1,502856,502432,424
124456181,6.04756,1.9439,430,125560,0.251352,0.11,1,502862,502432,430
124459101,6.80951,5.98878,430,125560,0.23427,0.05,1,502869,502439,430
124461381,4.5619,5.19776,429,125560,0.278854,0.03,1,502873,502444,429
124464301,3.31238,5.03955,427,125560,0.239771,0.1,1,502876,502449,427
124466161,4.66248,4.20791,428,125560,0.263954,0.1,1,502881,502453,428
124469081,5.7325,5.64158,428,125560,0.276791,0.1,1,502887,502459,428
124472001,12.3465,1.12832,442,125560,0.271358,0.16,1,502901,502459,442
124474921,4.0693,9.02566,433,125560,0.262272,0.15,1,502903,502470,433
124477841,4.01386,3.40513,435,125560,0.236454,0.18,1,502907,502472,435
124480761,8.00277,11.081,431,125560,0.287291,0.18,1,502916,502485,431
124483221,4.80055,3.81621,433,125560,0.265458,0.11,1,502920,502487,433
124486141,2.56011,3.96324,431,125560,0.261092,0.18,1,502922,502491,431
124489061,12.512,11.9926,432,125560,0.316218,0.21,1,502937,502505,432
124491981,5.7024,5.59853,432,125560,0.351244,0.21,1,502941,502509,432
124493621,5.14048,1.11971,437,125560,0.350249,0.18,1,502946,502509,437
124496541,2.6281,7.42394,430,125560,0.36605,0.18,1,502948,502518,430
124499461,2.12562,1.48479,432,125560,0.35321,0.16,1,502950,502518,432
124502381,10.0251,12.297,429,125560,0.358642,0.22,1,502962,502533,429
124505301,6.80502,7.25939,429,125560,0.295728,0.22,1,502968,502539,429
124507141,5.361,1.45188,434,125560,0.331146,0.14,1,502973,502539,434
124510061,2.6722,5.09038,430,125560,0.338229,0.18,1,502975,502545,430
124512341,6.93444,5.01808,433,125560,0.283646,0.21,1,502983,502550,433
124515261,2.98689,2.60361,433,125560,0.240729,0.17,1,502985,502552,433
124518161,2.19738,2.12072,433,125560,0.232146,0.22,1,502987,502554,433
124521081,6.83948,10.8241,428,125560,0.246429,0.14,1,502995,502567,428
124524001,7.7679,7.76483,429,125560,0.233286,0.21,1,503003,502574,429
124526921,101.554,99.153,432,125560,0.262657,0.18,1,503128,502696,432
124529841,32.3107,32.6306,431,125560,0.260531,0.13,1,503143,502712,431
124532761,20.8621,21.7261,430,125560,0.220106,0.14,1,503161,502731,430
124534801,7.37243,7.54522,430,125560,0.188021,0.18,1,503165,502735,430
124537721,7.87449,9.50904,428,125560,0.181604,0.21,1,503173,502745,428
124540641,9.5749,12.3018,425,125560,0.212321,0.17,1,503183,502758,425
124543561,3.51498,4.06036,425,125560,0.218464,0.17,1,503185,502760,425
124545621,15.103,0.812072,443,125560,0.163693,0.23,1,503203,502760,443
124548541,4.6206,10.5624,432,125560,0.120739,0.19,1,503205,502773,432
124551461,2.52412,3.71248,432,125560,0.120148,0.16,1,503207,502775,432
124554381,5.30482,3.9425,434,125560,0.18403,0.23,1,503213,502779,434
124556021,4.26096,1.5885,437,125560,0.204806,0.19,1,503217,502780,437
124558941,3.25219,4.3177,435,125560,0.192961,0.2,1,503220,502785,435
124561861,14.2504,13.6635,436,125560,0.190592,0.26,1,503237,502801,436
124563921,6.05009,9.13271,432,125560,0.182118,0.23,1,503241,502809,432
124566841,12.41,10.6265,435,125560,0.164424,0.26,1,503255,502820,435
124569761,4.082,3.72531,435,125560,0.160885,0.26,1,503257,502822,435
124571621,12.8164,0.745062,450,125560,0.256177,0.31,1,503272,502822,450
124574541,13.7633,11.349,450,125560,0.179235,0.28,1,503286,502836,450
124577461,4.35266,15.0698,436,125560,0.131847,0.25,1,503288,502852,436
124579941,8.07053,6.21396,441,125560,0.202369,0.25,1,503297,502856,441
124582861,7.21411,6.04279,442,125560,0.192474,0.23,1,503304,502862,442
124585781,5.44282,6.80856,440,125560,0.174495,0.29,1,503309,502869,440
124588261,3.48856,4.56171,439,125560,0.130899,0.35,1,503312,502873,439
124591181,2.29771,8.91234,431,125560,0.14618,0.28,1,503314,502883,431
124594101,3.65954,4.98247,431,125560,0.141236,0.27,1,503318,502887,431
124597021,12.7319,12.1965,432,125560,0.140247,0.26,1,503333,502901,432
124599281,4.14638,4.0393,432,125560,0.204049,0.21,1,503335,502903,432
124602201,8.82928,6.40786,435,125560,0.23281,0.3,1,503345,502910,435
124605121,3.36586,6.08157,431,125560,0.222562,0.26,1,503347,502916,431
124608041,3.87317,4.41631,431,125560,0.196512,0.26,1,503351,502920,431
124610101,3.97463,0.883263,435,125560,0.207302,0.24,1,503355,502920,435
124613021,16.7949,2.57665,452,125560,0.241461,0.33,1,503375,502923,452
124615941,6.55899,11.7153,442,125560,0.256292,0.36,1,503379,502937,442
124618421,6.1118,5.54307,444,125560,0.267258,0.37,1,503385,502941,444
124621341,2.82236,6.70861,439,125560,0.269452,0.35,1,503387,502948,439
124624261,2.16447,2.94172,439,125560,0.26989,0.36,1,503389,502950,439
124627181,9.23289,10.1883,438,125560,0.277978,0.28,1,503400,502962,438
124630101,6.64658,6.83767,438,125560,0.295596,0.28,1,503406,502968,438
124631941,3.72932,1.36753,441,125560,0.251119,0.34,1,503409,502968,441
124634861,2.34586,7.47351,434,125560,0.298224,0.27,1,503411,502977,434
124637781,5.26917,6.2947,434,125560,0.323645,0.23,1,503417,502983,434
124640701,2.65383,2.85894,434,125560,0.328729,0.23,1,503419,502985,434
124642341,3.73077,2.17179,436,125560,0.321746,0.25,1,503423,502987,436
124645261,7.94615,6.83436,437,125560,0.256349,0.23,1,503432,502995,437
124648181,7.98923,7.76687,437,125560,0.25927,0.27,1,503440,503003,437
124651101,97.5978,101.553,432,125560,0.283854,0.26,1,503560,503128,432
124654021,32.3196,32.3107,433,125560,0.328771,0.21,1,503576,503143,433
124656941,17.6639,20.8621,429,125560,0.265754,0.18,1,503590,503161,429
124659861,12.3328,7.37243,436,125560,0.237151,0.18,1,503601,503165,436
124662781,5.66656,7.87449,432,125560,0.26343,0.22,1,503605,503173,432
124665701,7.53331,9.5749,430,125560,0.212686,0.22,1,503613,503183,430
124667921,3.10666,3.51498,430,125560,0.170537,0.15,1,503615,503185,430
124670841,16.6213,15.103,432,125560,0.178107,0.11,1,503635,503203,432
124673761,4.92427,4.6206,432,125560,0.179621,0.12,1,503637,503205,432
124675621,7.38485,2.52412,438,125560,0.147924,0.21,1,503645,503207,438
124678541,3.87697,8.50482,431,125560,0.269585,0.21,1,503648,503217,431
124681461,2.37539,1.70096,433,125560,0.293917,0.19,1,503650,503217,433
124684381,2.07508,2.74019,432,125560,0.266783,0.19,1,503652,503220,432
124687301,14.815,14.148,433,125560,0.277357,0.18,1,503670,503237,433
124690221,13.363,6.02961,442,125560,0.247471,0.16,1,503683,503241,442
124693141,4.2726,12.4059,430,125560,0.313494,0.16,1,503685,503255,430
124694961,1.65452,4.08118,429,125560,0.310699,0.28,1,503686,503257,429
124697881,24.3309,12.8162,444,125560,0.23814,0.16,1,503716,503272,444
124700801,6.46618,13.7632,432,125560,0.279628,0.12,1,503718,503286,432
124703701,7.69324,4.35265,438,125560,0.167926,0.22,1,503726,503288,438
124706621,6.33865,8.07053,435,125560,0.257585,0.19,1,503732,503297,435
124709541,4.46773,7.21411,432,125560,0.251517,0.17,1,503736,503304,432
124712461,7.29355,5.44282,435,125560,0.226303,0.12,1,503744,503309,435
124715141,3.85871,3.48856,435,125560,0.213261,0.16,1,503747,503312,435
124718061,3.17174,4.69771,433,125560,0.194652,0.14,1,503750,503317,433
124720981,13.4343,1.73954,448,125560,0.20693,0.14,1,503766,503318,448
124723901,4.28687,12.3479,435,125560,0.177386,0.24,1,503768,503333,435
124726821,8.85737,12.0696,433,125560,0.259477,0.24,1,503778,503345,433
124728661,2.57147,2.41392,434,125560,0.283895,0.22,1,503779,503345,434
124731581,3.71429,2.08278,436,125560,0.296779,0.19,1,503783,503347,436
124733861,3.14286,3.61656,435,125560,0.251356,0.21,1,503786,503351,435
124736781,19.8286,3.92331,455,125560,0.346271,0.25,1,503810,503355,455
124739701,7.16571,16.7847,439,125560,0.349254,0.26,1,503814,503375,439
124742181,6.23314,6.55693,441,125560,0.341851,0.27,1,503820,503379,441
124745101,2.84663,7.71139,435,125560,0.34037,0.27,1,503822,503387,435
124748021,2.16933,1.54228,437,125560,0.332074,0.27,1,503824,503387,437
124750501,7.63387,1.90846,444,125560,0.346415,0.28,1,503833,503389,444
124753421,8.72677,9.18169,442,125560,0.333283,0.3,1,503842,503400,442
124755281,2.54535,6.63634,437,125560,0.306657,0.33,1,503843,503406,437
124758201,3.70907,4.52727,437,125560,0.269331,0.31,1,503847,503410,437
124761121,3.94181,1.70545,440,125560,0.229866,0.33,1,503851,503411,440
124764021,3.98836,5.14109,438,125560,0.333973,0.33,1,503855,503417,438
124766941,2.39767,5.02822,435,125560,0.322795,0.24,1,503857,503422,435
124769861,6.87953,9.00564,433,125560,0.280559,0.26,1,503865,503432,433
124772781,7.77591,8.20113,433,125560,0.232112,0.29,1,503873,503440,433
124775701,95.1552,97.6402,430,125560,0.310422,0.34,1,503990,503560,430
124778621,37.431,32.328,437,125560,0.358084,0.25,1,504013,503576,437
124781541,15.4862,17.6656,433,125560,0.295617,0.23,1,504023,503590,433
124784461,9.49724,12.3331,430,125560,0.315123,0.27,1,504031,503601,430
124787381,6.69945,5.66662,432,125560,0.295025,0.27,1,504037,503605,432
124788981,7.73989,1.13332,440,125560,0.355005,0.2,1,504045,503605,440
124791901,3.14798,6.62667,434,125560,0.335001,0.16,1,504047,503613,434
124794821,13.4296,2.92533,448,125560,0.323,0.18,1,504063,503615,448
124797741,10.6859,16.5851,438,125560,0.2886,0.18,1,504073,503635,438
124800421,6.93718,4.91701,442,125560,0.30572,0.3,1,504079,503637,442
124803341,2.98744,9.7834,433,125560,0.285144,0.3,1,504081,503648,433
124806241,5.39749,3.55668,437,125560,0.337029,0.25,1,504087,503650,437
124809161,5.8795,7.11134,435,125560,0.323406,0.28,1,504093,503658,435
124812081,9.1759,11.0223,433,125560,0.312681,0.24,1,504103,503670,433
124814561,11.4352,12.6045,432,125560,0.326536,0.33,1,504115,503683,432
124817481,3.88704,4.12089,432,125560,0.297307,0.31,1,504117,503685,432
124820401,3.97741,1.62418,435,125560,0.339461,0.22,1,504121,503686,435
124823321,19.9955,24.3248,429,125560,0.363892,0.29,1,504145,503716,429
124826001,5.5991,6.46497,429,125560,0.400778,0.14,1,504147,503718,429
124828921,12.3198,7.69299,435,125560,0.288156,0.28,1,504161,503726,435
124831201,6.46396,6.3386,434,125560,0.321631,0.32,1,504166,503732,434
124834121,4.49279,5.26772,433,125560,0.328326,0.22,1,504170,503737,433
124837041,5.69856,6.65354,432,125560,0.345665,0.21,1,504176,503744,432
124839961,7.53971,3.73071,437,125560,0.309133,0.21,1,504184,503747,437
124842021,3.10794,0.746142,439,125560,0.269827,0.22,1,504186,503747,439
124844941,12.6216,4.14923,449,125560,0.237965,0.21,1,504201,503752,449
124847861,4.12432,12.0298,437,125560,0.287593,0.17,1,504203,503766,437
124850341,9.62486,4.00597,446,125560,0.193519,0.28,1,504214,503768,446
124853261,3.52497,8.80119,438,125560,0.142704,0.29,1,504216,503778,438
124855541,3.90499,2.56024,441,125560,0.228541,0.26,1,504220,503779,441
124858461,3.181,5.31205,438,125560,0.197708,0.37,1,504223,503785,438
124861381,20.6362,21.0624,438,125560,0.167542,0.35,1,504248,503810,438
124864301,7.32724,7.41248,438,125560,0.289508,0.35,1,504252,503814,438
124865941,5.46545,1.4825,443,125560,0.297902,0.35,1,504257,503814,443
124868861,2.69309,5.8965,438,125560,0.29958,0.34,1,504259,503821,438
124871781,2.13862,1.9793,439,125560,0.291916,0.33,1,504261,503822,439
124874261,6.82772,1.99586,445,125560,0.290383,0.35,1,504269,503824,445
124877181,9.36554,7.59917,446,125560,0.282077,0.33,1,504279,503833,446
124880101,3.47311,8.71983,439,125560,0.280415,0.26,1,504281,503842,439
124882581,3.89462,5.74397,438,125560,0.280083,0.22,1,504285,503847,438
124885501,2.37892,4.34879,436,125560,0.256017,0.36,1,504287,503851,436
124888401,3.67578,4.06976,436,125560,0.219203,0.31,1,504291,503855,436
124891321,7.13516,7.21395,436,125560,0.307841,0.27,1,504299,503863,436
124894241,3.02703,3.04279,436,125560,0.293568,0.22,1,504301,503865,436
124897161,8.60541,7.00856,438,125560,0.258714,0.33,1,504311,503873,438
124900081,91.3211,95.0017,433,125560,0.235743,0.37,1,504423,503990,433
124903001,39.8642,37.4003,437,125560,0.319149,0.28,1,504450,504013,437
124905921,15.9728,15.4801,437,125560,0.27983,0.32,1,504460,504023,437
124908841,9.59457,9.49601,437,125560,0.247966,0.29,1,504468,504031,437
124911761,8.31891,6.6992,439,125560,0.281593,0.37,1,504476,504037,439
124914681,10.4638,7.73984,442,125560,0.312319,0.33,1,504487,504045,442
124916901,3.69276,3.14797,442,125560,0.318464,0.32,1,504489,504047,442
124919821,8.73855,13.4296,436,125560,0.311693,0.28,1,504499,504063,436
124922741,12.9477,10.6859,440,125560,0.262339,0.31,1,504513,504073,440
124925661,7.38954,6.93718,440,125560,0.220468,0.31,1,504519,504079,440
124927301,3.87791,1.38744,443,125560,0.164094,0.38,1,504522,504079,443
124930221,2.37558,5.07749,439,125560,0.152819,0.35,1,504524,504085,439
124933141,3.67512,2.6155,441,125560,0.286564,0.32,1,504528,504087,441
124935621,9.53502,5.3231,446,125560,0.321313,0.31,1,504539,504093,446
124938541,10.707,9.06462,447,125560,0.264263,0.33,1,504550,504103,447
124941461,3.7414,11.4129,437,125560,0.244852,0.29,1,504552,504115,437
124943941,10.3483,3.88258,447,125560,0.232971,0.29,1,504564,504117,447
124946861,16.4697,7.97652,456,125560,0.262594,0.37,1,504582,504126,456
124949781,4.89393,16.7953,439,125560,0.244519,0.41,1,504584,504145,439
124952261,12.1788,4.95906,451,125560,0.256904,0.26,1,504598,504147,451
124955181,6.43576,12.1918,442,125560,0.187381,0.33,1,504603,504161,442
124957041,5.28715,6.43836,442,125560,0.165476,0.35,1,504608,504166,442
124959961,2.65743,9.28767,434,125560,0.161095,0.35,1,504610,504176,434
124962881,5.33149,1.85753,440,125560,0.224219,0.3,1,504616,504176,440
124965801,2.6663,6.77151,434,125560,0.308844,0.26,1,504618,504184,434
124967441,1.33326,2.9543,433,125560,0.325769,0.23,1,504619,504186,433
124970361,9.86665,12.5909,430,125560,0.225154,0.3,1,504631,504201,430
124972641,3.57333,4.11817,430,125560,0.301031,0.17,1,504633,504203,430
124975561,14.3147,9.62363,436,125560,0.220206,0.13,1,504650,504214,436
124978481,4.46293,3.52473,436,125560,0.172041,0.25,1,504652,504216,436
124980341,5.69259,3.90495,438,125560,0.258408,0.19,1,504658,504220,438
124983261,3.53852,3.18099,438,125560,0.259682,0.16,1,504661,504223,438
124986181,19.1077,20.6362,436,125560,0.259936,0.32,1,504684,504248,436
124989101,7.02154,7.32724,436,125560,0.243987,0.32,1,504688,504252,436
124990741,5.40431,1.46545,441,125560,0.368797,0.3,1,504693,504252,441
124993661,2.68086,5.89309,436,125560,0.393759,0.29,1,504695,504259,436
124995941,2.13617,2.77862,436,125560,0.390752,0.29,1,504697,504261,436
124998861,6.82723,6.95572,436,125560,0.37415,0.28,1,504705,504269,436
125001781,6.16545,9.39114,432,125560,0.40283,0.28,1,504711,504279,432
125004701,2.83309,3.47823,432,125560,0.408566,0.28,1,504713,504281,432
125006341,4.56662,0.695646,437,125560,0.401713,0.23,1,504718,504281,437
125009261,4.91332,5.73913,435,125560,0.384343,0.23,1,504723,504288,435
125012181,3.38266,1.14783,438,125560,0.388869,0.21,1,504726,504288,438
125015101,5.47653,2.62957,441,125560,0.333774,0.33,1,504732,504291,441
125017781,4.29531,6.92591,437,125560,0.290755,0.31,1,504736,504299,437
125020701,8.85906,3.78518,444,125560,0.306151,0.25,1,504746,504302,444
125023621,92.9718,7.95704,549,125560,0.27723,0.23,1,504860,504311,549
125026541,38.5944,91.1914,462,125560,0.223446,0.34,1,504885,504423,462
125029461,13.3189,39.8383,442,125560,0.276689,0.27,1,504892,504450,442
125032381,10.6638,15.9677,442,125560,0.231338,0.24,1,504902,504460,442
125034001,2.93275,9.59353,435,125560,0.238268,0.29,1,504903,504468,435
125036921,8.58655,8.31871,437,125560,0.191654,0.32,1,504913,504476,437
125039841,10.5173,10.4637,437,125560,0.166331,0.32,1,504924,504487,437
125042321,3.70346,3.69275,437,125560,0.265266,0.33,1,504926,504489,437
125045241,8.74069,11.1386,434,125560,0.293053,0.25,1,504936,504502,434
125048161,6.54814,11.0277,429,125560,0.306611,0.21,1,504942,504513,429
125051081,12.5096,7.00554,437,125560,0.285322,0.15,1,504956,504519,437
125053761,4.10193,3.80111,436,125560,0.249064,0.31,1,504958,504522,436
125056681,6.42038,3.96022,439,125560,0.161813,0.32,1,504965,504526,439
125059601,6.08408,2.39204,443,125560,0.208363,0.33,1,504971,504528,443
125062521,10.8168,9.27841,444,125560,0.249673,0.25,1,504983,504539,444
125065441,3.76336,10.6557,435,125560,0.257935,0.24,1,504985,504550,435
125067701,8.75267,3.73114,443,125560,0.219587,0.23,1,504995,504552,443
125070621,20.9505,10.3462,455,125560,0.171917,0.27,1,505019,504564,455
125073541,5.79011,16.4692,439,125560,0.130383,0.24,1,505021,504582,439
125076021,5.95802,4.89385,443,125560,0.170077,0.26,1,505027,504584,443
125078941,8.3916,12.1788,438,125560,0.290015,0.17,1,505036,504598,438
125081861,8.87832,6.43575,442,125560,0.210003,0.16,1,505045,504603,442
125084781,3.37566,6.88715,437,125560,0.186001,0.24,1,505047,504610,437
125087461,8.67513,6.17743,441,125560,0.2212,0.31,1,505057,504616,441
125090381,3.33503,6.03549,437,125560,0.19624,0.31,1,505059,504622,437
125093301,7.06701,1.2071,445,125560,0.207248,0.2,1,505067,504622,445
125096221,3.0134,7.44142,438,125560,0.20945,0.32,1,505069,504631,438
125099141,11.0027,3.08828,449,125560,0.12189,0.2,1,505082,504633,449
125102061,3.80054,14.2177,434,125560,0.168378,0.16,1,505084,504650,434
125103681,1.56011,4.44353,433,125560,0.169676,0.28,1,505085,504652,433
125106601,12.312,5.68871,442,125560,0.185935,0.26,1,505100,504658,442
125109521,20.8624,3.53774,462,125560,0.181187,0.26,1,505123,504661,462
125112441,7.37248,19.1075,443,125560,0.116237,0.24,1,505127,504684,443
125115361,6.2745,7.02151,445,125560,0.0632475,0.4,1,505133,504688,445
125118281,2.8549,7.0043,440,125560,0.20465,0.39,1,505135,504695,440
125121201,2.17098,3.00086,440,125560,0.24093,0.39,1,505137,504697,440
125122821,6.0342,0.600172,447,125560,0.232186,0.37,1,505144,504697,447
125125741,6.00684,6.52003,445,125560,0.254437,0.41,1,505150,504705,445
125128661,2.80137,6.10401,441,125560,0.250887,0.41,1,505152,504711,441
125131141,4.56027,2.8208,444,125560,0.250177,0.38,1,505157,504713,444
125134061,3.31205,8.56416,437,125560,0.234035,0.39,1,505160,504723,437
125136961,2.26241,4.11283,436,125560,0.230807,0.3,1,505162,504726,436
125139881,8.45248,8.02257,437,125560,0.238161,0.28,1,505172,504735,437
125142801,3.2905,2.40451,438,125560,0.247632,0.31,1,505174,504736,438
125145281,8.6581,8.4809,438,125560,0.233526,0.27,1,505184,504746,438
125148201,88.9316,92.8962,433,125560,0.150705,0.21,1,505293,504860,433
125151121,40.1863,38.5792,436,125560,0.166141,0.29,1,505321,504885,436
125154041,11.2373,13.3158,433,125560,0.257228,0.22,1,505325,504892,433
125156721,7.84745,10.6632,430,125560,0.283446,0.24,1,505332,504902,430
125159641,8.76949,2.93263,438,125560,0.288689,0.18,1,505341,504903,438
125162561,10.5539,8.58653,439,125560,0.193738,0.16,1,505352,504913,439
125165481,9.31078,10.5173,437,125560,0.158748,0.29,1,505361,504924,437
125167121,2.66216,3.70346,436,125560,0.13575,0.3,1,505362,504926,436
125170041,8.53243,8.74069,436,125560,0.12315,0.31,1,505372,504936,436
125172961,3.30649,6.54814,432,125560,0.13663,0.31,1,505374,504942,432
125174821,12.6613,1.30963,447,125560,0.195326,0.28,1,505389,504942,447
125177741,4.13226,11.4619,435,125560,0.175065,0.24,1,505391,504956,435
125180661,8.02645,3.89238,442,125560,0.139013,0.14,1,505400,504958,442
125183581,6.40529,6.37848,441,125560,0.195803,0.22,1,505406,504965,441
125186261,7.68106,6.0757,443,125560,0.175161,0.26,1,505414,504971,443
125189181,3.93621,10.8151,434,125560,0.227032,0.26,1,505417,504983,434
125192101,11.1872,3.76303,445,125560,0.197406,0.16,1,505430,504985,445
125195021,19.8374,27.9526,433,125560,0.167481,0.12,1,505452,505019,433
125197941,7.16749,7.19052,435,125560,0.137496,0.12,1,505456,505021,435
125199781,7.0335,1.4381,442,125560,0.219499,0.28,1,505463,505021,442
125202701,3.0067,9.08762,433,125560,0.2039,0.32,1,505465,505032,433
125205621,11.0013,5.01752,442,125560,0.20878,0.19,1,505478,505036,442
125208101,3.80027,8.20351,435,125560,0.185756,0.14,1,505480,505045,435
125211021,7.16005,4.8407,439,125560,0.133151,0.23,1,505488,505049,439
125213941,3.03201,7.36814,433,125560,0.13063,0.19,1,505490,505057,433
125216421,8.6064,3.07363,441,125560,0.186126,0.17,1,505500,505059,441
125219341,3.32128,11.8147,429,125560,0.189225,0.17,1,505502,505073,429
125222261,6.26426,2.36294,436,125560,0.221845,0.1,1,505509,505073,436
125225181,2.85285,7.67259,429,125560,0.228369,0.18,1,505511,505082,429
125227861,9.37057,3.13452,438,125560,0.213674,0.19,1,505522,505084,438
125230781,11.4741,13.4269,434,125560,0.186735,0.18,1,505534,505100,434
125233701,14.2948,21.0854,426,125560,0.277347,0.1,1,505549,505123,426
125236621,11.659,7.41708,433,125560,0.295469,0.1,1,505560,505127,433
125238261,6.33179,1.48342,438,125560,0.291094,0.25,1,505565,505127,438
125241181,2.86636,8.29668,430,125560,0.266219,0.25,1,505567,505137,430
125244101,2.17327,1.65934,432,125560,0.269244,0.25,1,505569,505137,432
125247021,6.83465,0.331867,440,125560,0.317849,0.26,1,505577,505137,440
125249941,6.16693,10.4664,433,125560,0.32757,0.25,1,505583,505150,433
125252861,2.83339,3.69327,433,125560,0.329514,0.25,1,505585,505152,433
125254901,4.56668,0.738655,438,125560,0.337903,0.25,1,505590,505152,438
125257821,3.31334,4.14773,436,125560,0.331581,0.23,1,505593,505157,436
125259681,1.46267,3.22955,434,125560,0.346316,0.26,1,505594,505160,434
125262601,8.29253,7.84591,435,125560,0.285263,0.24,1,505604,505169,435
125265521,3.25851,3.96918,434,125560,0.273053,0.25,1,505606,505172,434
125268001,2.2517,2.39384,434,125560,0.358611,0.23,1,505608,505174,434
125270921,89.2503,8.47877,535,125560,0.247722,0.13,1,505719,505184,535
125273841,46.6501,88.8958,462,125560,0.241544,0.17,1,505755,505293,462
125276761,12.53,40.1792,438,125560,0.312309,0.28,1,505759,505321,438
125278401,3.306,11.2358,435,125560,0.350462,0.29,1,505760,505325,435
125281321,5.4612,7.84717,434,125560,0.366092,0.29,1,505766,505332,434
125284241,4.29224,8.76943,429,125560,0.385218,0.17,1,505770,505341,429
125287161,9.65845,10.5539,429,125560,0.421044,0.15,1,505781,505352,429
125290081,6.73169,9.31078,426,125560,0.356209,0.13,1,505787,505361,426
125293001,11.7463,2.66216,438,125560,0.327242,0.12,1,505800,505362,438
125295921,3.94927,8.53243,430,125560,0.353448,0.14,1,505802,505372,430
125298161,2.38985,3.30649,430,125560,0.32669,0.21,1,505804,505374,430
125301081,12.478,12.6613,430,125560,0.337338,0.17,1,505819,505389,430
125304001,11.2956,4.13226,439,125560,0.315468,0.13,1,505830,505391,439
125306921,7.85912,8.02645,437,125560,0.279094,0.21,1,505837,505400,437
125308561,3.17182,6.40529,433,125560,0.239819,0.17,1,505839,505406,433
125311481,7.03436,7.68106,433,125560,0.327964,0.24,1,505847,505414,433
125313761,3.80687,3.93621,433,125560,0.353593,0.19,1,505850,505417,433
125316681,5.56137,11.1872,426,125560,0.358719,0.16,1,505856,505430,426
125319601,24.3123,19.8374,433,125560,0.343744,0.13,1,505885,505452,433
125322521,6.46245,7.16749,431,125560,0.332749,0.13,1,505887,505456,431
125324581,6.09249,1.4335,437,125560,0.26655,0.2,1,505893,505456,437
125327501,2.8185,7.4867,430,125560,0.22131,0.21,1,505895,505465,430
125330421,10.1637,11.8973,429,125560,0.340262,0.18,1,505907,505478,429
125333341,3.63274,3.97947,429,125560,0.332052,0.12,1,505909,505480,429
125336261,9.52655,7.19589,432,125560,0.34641,0.13,1,505920,505488,432
125338721,3.50531,3.03918,432,125560,0.349282,0.2,1,505922,505490,432
125341641,9.50106,8.60784,433,125560,0.357856,0.19,1,505933,505500,433
125344561,6.70021,3.32157,437,125560,0.303571,0.23,1,505939,505502,437
125347481,2.94004,6.26431,432,125560,0.300714,0.23,1,505941,505509,432
125350161,2.18801,2.85286,432,125560,0.340143,0.21,1,505943,505511,432
125353081,8.4376,9.37057,431,125560,0.332029,0.18,1,505953,505522,431
125355361,12.8875,11.4741,433,125560,0.298406,0.3,1,505967,505534,433
125358281,17.7775,14.2948,437,125560,0.307681,0.3,1,505986,505549,437
125361201,9.9555,11.659,434,125560,0.365536,0.29,1,505994,505560,434
125364121,9.9911,6.33179,439,125560,0.361107,0.26,1,506004,505565,439
125366181,3.59822,2.86636,439,125560,0.360221,0.27,1,506006,505567,439
125369101,2.31964,2.17327,439,125560,0.360044,0.33,1,506008,505569,439
125372001,6.86393,6.83465,439,125560,0.360009,0.33,1,506016,505577,439
125374921,6.17279,6.16693,439,125560,0.392002,0.33,1,506022,505583,439
125377201,2.83456,2.83339,439,125560,0.3984,0.35,1,506024,505585,439
125380121,6.96691,9.36668,436,125560,0.38368,0.35,1,506032,505596,436
125383041,2.99338,1.87334,438,125560,0.372736,0.35,1,506034,505596,438
125385961,3.79868,0.374667,442,125560,0.402547,0.27,1,506038,505596,442
125388881,2.35974,6.47493,436,125560,0.376509,0.27,1,506040,505604,436
125390721,1.27195,2.89499,435,125560,0.395302,0.32,1,506041,505606,435
125393641,91.4544,4.579,544,125560,0.29506,0.22,1,506155,505611,544
125396561,48.6909,87.3158,474,125560,0.227012,0.24,1,506193,505719,474
125399481,12.9382,46.2632,442,125560,0.269402,0.33,1,506197,505755,442
125401121,3.38763,12.4526,439,125560,0.29388,0.36,1,506198,505759,439
125404041,6.27753,4.89053,443,125560,0.338776,0.37,1,506205,505762,443
125406961,4.45551,4.17811,443,125560,0.339755,0.39,1,506209,505766,443
125409441,2.4911,4.03562,441,125560,0.307951,0.43,1,506211,505770,441
125412361,5.29822,9.60712,436,125560,0.24559,0.34,1,506217,505781,436
125415281,7.45964,6.72142,438,125560,0.281118,0.32,1,506225,505787,438
125418201,9.49193,11.7443,435,125560,0.272224,0.36,1,506235,505800,435
125420881,4.29839,3.94886,436,125560,0.286445,0.41,1,506238,505802,436
125423801,13.6597,9.58977,441,125560,0.289289,0.34,1,506254,505813,441
125426721,9.13194,6.71795,443,125560,0.289858,0.31,1,506262,505819,443
125429201,3.42639,10.1436,434,125560,0.265972,0.27,1,506264,505830,434
125432121,11.8853,7.62872,441,125560,0.285194,0.23,1,506278,505837,441
125435041,8.77706,3.12574,447,125560,0.281039,0.35,1,506286,505839,447
125437961,3.35541,7.02515,441,125560,0.312208,0.36,1,506288,505847,441
125440881,5.47108,8.60503,438,125560,0.286442,0.34,1,506294,505856,438
125443801,20.2942,24.921,433,125560,0.177288,0.33,1,506318,505885,433
125446721,5.65884,6.5842,433,125560,0.315458,0.33,1,506320,505887,433
125448341,10.7318,1.31684,445,125560,0.351092,0.25,1,506332,505887,445
125451261,3.74635,5.06337,441,125560,0.326218,0.21,1,506334,505893,441
125454181,10.3493,2.61267,451,125560,0.281244,0.37,1,506346,505895,451
125457101,3.66985,10.1225,441,125560,0.272249,0.33,1,506348,505907,441
125459781,10.334,3.62451,451,125560,0.31045,0.35,1,506360,505909,451
125462701,3.66679,9.5249,442,125560,0.28609,0.35,1,506362,505920,442
125464981,8.73336,3.50498,450,125560,0.273218,0.36,1,506372,505922,450
125467901,3.34667,9.501,441,125560,0.246644,0.29,1,506374,505933,441
125469761,1.46933,6.7002,436,125560,0.257329,0.36,1,506375,505939,436
125472681,5.09387,5.34004,437,125560,0.259466,0.36,1,506381,505944,437
125475601,2.61877,1.06801,439,125560,0.259893,0.33,1,506383,505944,439
125478521,6.92375,7.4136,438,125560,0.299979,0.29,1,506391,505953,438
125481441,26.9848,12.6827,456,125560,0.275996,0.31,1,506423,505967,456
125484361,12.597,17.7365,446,125560,0.311199,0.38,1,506432,505986,446
125486401,4.11939,9.94731,440,125560,0.31824,0.36,1,506434,505994,440
125489321,7.22388,9.98946,438,125560,0.287648,0.36,1,506442,506004,438
125491601,5.44478,3.59789,441,125560,0.33753,0.32,1,506447,506006,441
125494521,4.28896,3.91958,441,125560,0.299506,0.36,1,506451,506010,441
125497441,5.65779,5.58392,441,125560,0.267901,0.4,1,506457,506016,441
125500361,5.93156,5.91678,441,125560,0.37358,0.4,1,506463,506022,441
125503281,7.58631,2.78336,447,125560,0.354716,0.38,1,506471,506024,447
125506201,3.11726,6.95667,441,125560,0.358943,0.37,1,506473,506032,441
125508241,2.22345,2.99133,441,125560,0.359789,0.4,1,506475,506034,441
125511161,3.64469,4.59827,440,125560,0.359958,0.37,1,506479,506039,440
125514081,2.32894,1.71965,441,125560,0.367992,0.4,1,506481,506040,441
125517001,88.4658,1.14393,550,125560,0.257598,0.27,1,506591,506041,550
125519921,49.6932,91.4288,476,125560,0.28352,0.21,1,506631,506155,476
125522841,13.1386,48.6858,442,125560,0.272704,0.28,1,506635,506193,442
125525301,7.42773,12.9372,444,125560,0.246541,0.35,1,506641,506197,444
125528221,3.08555,11.3874,435,125560,0.249308,0.34,1,506643,506208,435
125531141,2.21711,3.07749,436,125560,0.249862,0.3,1,506645,506209,436
125534061,2.04342,2.2155,436,125560,0.361972,0.3,1,506647,506211,436
125535701,2.80868,0.443099,439,125560,0.400394,0.23,1,506650,506211,439
125538621,8.56174,4.88862,443,125560,0.368079,0.29,1,506660,506217,443
125540481,2.51235,7.37772,436,125560,0.433616,0.27,1,506661,506225,436
125543401,8.50247,9.47554,436,125560,0.294723,0.29,1,506671,506235,436
125545681,3.30049,4.29511,435,125560,0.274945,0.29,1,506673,506238,435
125548601,13.4601,13.659,435,125560,0.262989,0.29,1,506689,506254,435
125551521,5.89202,9.1318,431,125560,0.300598,0.26,1,506693,506262,431
125554001,8.3784,3.42636,438,125560,0.22812,0.29,1,506702,506264,438
125556921,12.8757,11.8853,438,125560,0.205624,0.28,1,506716,506278,438
125559841,7.37514,8.77705,436,125560,0.177125,0.32,1,506722,506286,436
125562321,3.07503,3.35541,436,125560,0.195425,0.32,1,506724,506288,436
125565241,7.01501,8.67108,434,125560,0.311085,0.15,1,506732,506298,434
125568161,19.003,17.7342,436,125560,0.230217,0.35,1,506754,506318,436
125571081,7.0006,5.14684,438,125560,0.182043,0.35,1,506758,506320,438
125573141,9.40012,1.02937,448,125560,0.276409,0.32,1,506768,506320,448
125576061,3.48002,11.4059,436,125560,0.295282,0.27,1,506770,506334,436
125578981,7.096,11.8812,432,125560,0.259056,0.27,1,506778,506346,432
125581901,4.6192,3.97623,434,125560,0.339811,0.27,1,506782,506348,434
125583541,10.5238,0.795247,446,125560,0.267962,0.32,1,506794,506348,446
125586461,3.70477,9.75905,436,125560,0.221592,0.28,1,506796,506360,436
125588741,8.74095,3.55181,444,125560,0.276318,0.27,1,506806,506362,444
125591661,4.14819,8.71036,437,125560,0.303264,0.24,1,506809,506372,437
125593521,2.42964,3.34207,437,125560,0.308653,0.26,1,506811,506374,437
125596441,6.08593,6.26841,437,125560,0.333731,0.26,1,506818,506381,437
125599361,2.81719,1.25368,439,125560,0.330746,0.26,1,506820,506381,439
125602261,6.96344,1.85074,445,125560,0.202149,0.36,1,506828,506383,445
125605181,25.3927,8.37015,465,125560,0.18443,0.27,1,506858,506393,465
125608101,11.4785,25.674,443,125560,0.268886,0.32,1,506866,506423,443
125610581,8.69571,12.3348,442,125560,0.213777,0.28,1,506874,506432,442
125613501,6.53914,10.467,438,125560,0.242755,0.35,1,506880,506442,438
125616421,2.90783,6.09339,435,125560,0.216551,0.29,1,506882,506447,435
125618901,7.78157,4.41868,440,125560,0.25931,0.26,1,506891,506451,440
125621821,5.55631,5.68374,439,125560,0.227862,0.4,1,506896,506457,439
125624741,6.71126,5.93675,440,125560,0.301572,0.35,1,506903,506463,440
125627661,7.74225,7.58735,440,125560,0.332314,0.35,1,506911,506471,440
125629301,2.34845,1.51747,441,125560,0.314463,0.38,1,506912,506471,441
125632221,2.06969,2.70349,440,125560,0.342893,0.36,1,506914,506474,440
125635141,3.61394,1.3407,443,125560,0.356579,0.36,1,506918,506475,443
125637201,2.32279,3.46814,441,125560,0.359316,0.41,1,506920,506479,441
125640121,86.8646,8.69363,539,125560,0.247863,0.23,1,507028,506489,539
125643041,46.9729,83.3387,474,125560,0.161573,0.29,1,507065,506591,474
125645961,14.1946,48.6677,440,125560,0.192315,0.27,1,507071,506631,440
125647601,5.23892,12.9335,439,125560,0.238463,0.24,1,507074,506635,439
125650521,7.44778,7.38671,441,125560,0.279693,0.25,1,507082,506641,441
125653441,3.08956,3.07734,441,125560,0.255939,0.25,1,507084,506643,441
125655301,3.01791,2.21547,442,125560,0.243188,0.41,1,507087,506645,442
125658221,2.20358,4.44309,439,125560,0.280638,0.41,1,507089,506650,439
125661141,2.04072,0.888619,441,125560,0.288128,0.36,1,507091,506650,441
125664061,2.00814,8.17772,433,125560,0.297626,0.45,1,507093,506660,433
125665701,2.80163,2.43554,435,125560,0.315525,0.26,1,507096,506661,435
125668621,9.36033,8.48711,436,125560,0.359105,0.27,1,507107,506671,436
125671541,12.2721,3.29742,447,125560,0.263821,0.26,1,507120,506673,447
125674461,6.45441,13.4595,436,125560,0.292764,0.31,1,507125,506689,436
125677381,10.0909,5.8919,443,125560,0.322553,0.21,1,507136,506693,443
125680261,15.6182,8.37838,451,125560,0.320511,0.2,1,507153,506702,451
125683181,9.52364,12.8757,445,125560,0.256102,0.17,1,507161,506716,445
125685041,2.70473,7.37514,440,125560,0.21922,0.34,1,507162,506722,440
125687961,5.34095,9.47503,436,125560,0.307844,0.34,1,507168,506732,436
125690881,13.0682,1.89501,451,125560,0.285569,0.21,1,507183,506732,451
125693801,11.4136,17.979,440,125560,0.289114,0.17,1,507194,506754,440
125696721,8.68273,6.7958,444,125560,0.169823,0.3,1,507202,506758,444
125699641,4.13655,9.35916,437,125560,0.129965,0.3,1,507205,506768,437
125702561,8.02731,3.47183,444,125560,0.265993,0.25,1,507214,506770,444
125705481,3.20546,7.09437,438,125560,0.293199,0.36,1,507216,506778,438
125708401,11.0411,4.61887,447,125560,0.32264,0.21,1,507229,506782,447
125711321,3.80822,12.1238,435,125560,0.288528,0.29,1,507231,506796,435
125714241,10.3616,10.4248,437,125560,0.273706,0.31,1,507243,506806,437
125717161,3.67233,4.48495,436,125560,0.246741,0.31,1,507245,506809,436
125718741,7.13447,2.49699,442,125560,0.209348,0.33,1,507253,506811,442
125721661,3.02689,7.6994,435,125560,0.20987,0.33,1,507255,506820,435
125724581,2.20538,1.53988,437,125560,0.329974,0.17,1,507257,506820,437
125727501,3.64108,6.70798,433,125560,0.345995,0.18,1,507261,506828,433
125730421,27.1282,25.3416,436,125560,0.325199,0.29,1,507294,506858,436
125732881,9.42564,11.4683,433,125560,0.27304,0.2,1,507299,506866,433
125735801,9.88513,8.69366,435,125560,0.310608,0.25,1,507309,506874,435
125738721,6.77703,6.53873,435,125560,0.294122,0.21,1,507315,506880,435
125740581,6.15541,2.90775,439,125560,0.322824,0.27,1,507321,506882,439
125743501,7.63108,7.78155,438,125560,0.352565,0.22,1,507329,506891,438
125746421,4.72622,5.55631,437,125560,0.318513,0.32,1,507333,506896,437
125749341,7.34524,6.71126,438,125560,0.351703,0.34,1,507341,506903,438
125752261,7.86905,7.74225,438,125560,0.34234,0.34,1,507349,506911,438
125754101,2.37381,1.54845,439,125560,0.324468,0.35,1,507350,506911,439
125757021,2.07476,2.70969,438,125560,0.352894,0.36,1,507352,506914,438
125759301,3.61495,3.74194,438,125560,0.366579,0.36,1,507356,506918,438
125762221,2.32299,2.34839,438,125560,0.369316,0.22,1,507358,506920,438
125765141,85.2646,86.8697,436,125560,0.265863,0.14,1,507464,507028,436
125768061,47.4529,46.9739,437,125560,0.253173,0.2,1,507502,507065,437
125770981,12.6906,14.1948,435,125560,0.218635,0.25,1,507506,507071,435
125773901,11.3381,5.23896,443,125560,0.323727,0.29,1,507517,507074,443
125776821,3.86762,7.44779,437,125560,0.312745,0.25,1,507519,507082,437
125778641,1.57352,3.08956,436,125560,0.294549,0.32,1,507520,507084,436
125781561,6.7147,10.2179,432,125560,0.32291,0.32,1,507528,507096,432
125784481,2.94294,2.04358,434,125560,0.320582,0.32,1,507530,507096,434
125787401,2.18859,0.408716,436,125560,0.320116,0.32,1,507532,507096,436
125790321,2.03772,0.0817433,438,125560,0.336023,0.37,1,507534,507096,438
125793241,3.60754,8.81635,431,125560,0.331205,0.24,1,507538,507107,431
125796161,15.9215,12.1633,437,125560,0.282241,0.3,1,507557,507120,437
125799081,7.9843,6.43265,438,125560,0.360448,0.33,1,507563,507125,438
125802001,4.79686,10.0865,431,125560,0.39209,0.33,1,507567,507136,431
125804021,14.5594,2.01731,448,125560,0.278418,0.32,1,507584,507136,448
125806941,12.5119,14.0035,443,125560,0.303684,0.24,1,507596,507153,443
125809221,7.30237,9.20069,441,125560,0.284737,0.33,1,507602,507161,441
125812141,3.06047,7.44014,436,125560,0.248947,0.28,1,507604,507168,436
125815061,12.6121,13.488,436,125560,0.321789,0.29,1,507619,507183,436
125817981,4.12242,11.4976,427,125560,0.336358,0.14,1,507621,507194,427
125820901,15.2245,8.69952,437,125560,0.291272,0.14,1,507639,507202,437
125822741,3.8449,1.7399,438,125560,0.266254,0.12,1,507640,507202,438
125825661,5.56898,2.74798,441,125560,0.349251,0.3,1,507646,507205,441
125828581,2.7138,7.7496,434,125560,0.34985,0.3,1,507648,507214,434
125830641,2.14276,3.14992,434,125560,0.34997,0.33,1,507650,507216,434
125833561,11.6286,11.03,435,125560,0.309994,0.28,1,507664,507229,435
125835841,3.92571,3.806,435,125560,0.301999,0.27,1,507666,507231,435
125838761,8.78514,10.3612,433,125560,0.2524,0.24,1,507676,507243,433
125841681,4.95703,3.67224,435,125560,0.29848,0.24,1,507680,507245,435
125843541,8.99141,0.734448,445,125560,0.275696,0.21,1,507690,507245,445
125846461,4.99828,8.14689,439,125560,0.279139,0.36,1,507694,507255,439
125848741,5.79966,3.22938,443,125560,0.191828,0.33,1,507700,507257,443
125851661,2.75993,5.44588,439,125560,0.286366,0.32,1,507702,507263,439
125854581,25.352,25.8892,439,125560,0.337273,0.26,1,507733,507294,439
125857501,8.2704,9.17783,438,125560,0.291455,0.26,1,507737,507299,438
125859141,4.85408,1.83557,442,125560,0.218291,0.32,1,507741,507299,442
125862061,8.17082,8.36711,441,125560,0.323658,0.29,1,507750,507309,441
125863921,2.43416,6.47342,436,125560,0.328732,0.33,1,507751,507315,436
125866841,12.4868,6.09468,445,125560,0.305746,0.36,1,507766,507321,445
125869761,5.69737,7.61894,441,125560,0.309149,0.31,1,507770,507329,441
125872681,7.53947,4.72379,445,125560,0.27783,0.36,1,507778,507333,445
125875601,8.70789,7.34476,446,125560,0.311566,0.34,1,507787,507341,446
125877441,2.54158,7.86895,439,125560,0.302313,0.38,1,507788,507349,439
125880361,2.10832,3.17379,439,125560,0.324463,0.36,1,507790,507351,439
125883281,3.62166,1.43476,442,125560,0.336893,0.37,1,507794,507352,442
125886181,3.12433,3.48695,441,125560,0.291378,0.4,1,507797,507356,441
125889101,82.2249,3.09739,540,125560,0.290276,0.24,1,507899,507359,540
125892021,46.845,84.6195,473,125560,0.298055,0.25,1,507937,507464,473
125894941,14.969,47.3239,442,125560,0.275611,0.21,1,507944,507502,442
125897621,10.9938,12.6648,448,125560,0.199122,0.35,1,507954,507506,448
125900541,4.59876,11.333,440,125560,0.287824,0.31,1,507957,507517,440
125902821,7.31975,3.86659,446,125560,0.337565,0.33,1,507965,507519,446
125905741,3.06395,7.97332,439,125560,0.307513,0.32,1,507967,507528,439
125908661,2.21279,3.19466,439,125560,0.309503,0.32,1,507969,507530,439
125911141,6.04256,0.638933,446,125560,0.349901,0.35,1,507976,507530,446
125914061,2.80851,9.72779,436,125560,0.35798,0.35,1,507978,507542,436
125916981,2.1617,1.94556,438,125560,0.343596,0.35,1,507980,507542,438
125919901,14.0323,0.389111,455,125560,0.300719,0.27,1,507997,507542,455
125922821,6.00647,12.0778,444,125560,0.236144,0.38,1,508001,507557,444
125925701,2.80129,7.21556,440,125560,0.223229,0.4,1,508003,507563,440
125928621,15.7603,4.64311,455,125560,0.276646,0.31,1,508022,507567,455
125931541,14.3521,24.1286,440,125560,0.327329,0.28,1,508036,507596,440
125934461,7.67041,9.62572,440,125560,0.345466,0.24,1,508042,507602,440
125937381,3.13408,3.52514,440,125560,0.317093,0.34,1,508044,507604,440
125940301,8.62682,12.705,435,125560,0.367419,0.34,1,508054,507619,435
125942961,5.72536,4.14101,438,125560,0.393484,0.28,1,508059,507621,438
125945881,16.3451,15.2282,439,125560,0.326697,0.26,1,508078,507639,439
125948161,4.86901,3.84564,440,125560,0.361339,0.35,1,508080,507640,440
125951081,6.5738,8.76913,437,125560,0.376268,0.35,1,508087,507650,437
125954001,2.91476,1.75383,439,125560,0.387254,0.35,1,508089,507650,439
125956921,6.98295,0.350765,447,125560,0.333451,0.3,1,508097,507650,447
125959841,3.79659,11.2702,436,125560,0.41069,0.3,1,508100,507664,436
125962761,11.1593,3.85403,447,125560,0.394138,0.24,1,508113,507666,447
125965681,3.83186,8.77081,439,125560,0.350828,0.31,1,508115,507676,439
125968341,6.36637,4.95416,442,125560,0.342166,0.28,1,508122,507680,442
125971261,8.47327,12.1908,437,125560,0.340433,0.17,1,508131,507694,437
125974181,4.89465,7.23817,435,125560,0.340087,0.31,1,508135,507700,435
125977101,2.57893,3.04763,435,125560,0.308017,0.35,1,508137,507702,435
125980021,22.1158,25.4095,431,125560,0.325603,0.28,1,508164,507733,431
125982481,14.0232,8.28191,439,125560,0.281121,0.39,1,508176,507737,439
125985401,10.8046,8.05638,441,125560,0.264224,0.35,1,508186,507745,441
125988321,3.76093,5.61128,438,125560,0.412845,0.3,1,508188,507750,438
125991241,11.9522,13.9223,436,125560,0.362569,0.31,1,508202,507766,436
125994161,5.59044,5.98445,436,125560,0.344514,0.31,1,508206,507770,436
125996421,8.31809,1.19689,445,125560,0.380903,0.27,1,508215,507770,445
125999341,8.06362,6.63938,445,125560,0.364181,0.32,1,508223,507778,445
126002261,4.01272,8.52788,439,125560,0.344836,0.33,1,508226,507787,439
126004741,4.80254,4.10558,441,125560,0.356967,0.28,1,508231,507790,441
126007661,3.36051,6.42111,437,125560,0.351393,0.28,1,508234,507797,437
126010581,2.2721,1.28422,439,125560,0.342279,0.29,1,508236,507797,439
126013501,82.8544,81.8568,440,125560,0.348456,0.3,1,508339,507899,440
126016421,40.5709,46.7714,432,125560,0.269691,0.27,1,508369,507937,432
126019341,16.1142,14.9543,435,125560,0.221938,0.27,1,508379,507944,435
126021381,14.4228,2.99085,449,125560,0.276388,0.18,1,508393,507944,449
126024301,4.48457,8.59817,441,125560,0.255278,0.31,1,508395,507954,441
126026581,8.09691,4.11963,447,125560,0.283056,0.35,1,508404,507957,447
126029501,4.01938,7.22393,442,125560,0.304611,0.3,1,508407,507965,442
126031361,1.60388,3.04479,441,125560,0.348922,0.38,1,508408,507967,441
126034281,3.52078,7.00896,437,125560,0.341784,0.36,1,508412,507975,437
126037201,2.30416,2.20179,438,125560,0.308357,0.36,1,508414,507976,438
126039681,5.26083,2.04036,442,125560,0.325671,0.32,1,508420,507978,442
126042601,13.0522,7.60807,448,125560,0.313134,0.29,1,508435,507987,448
126045521,6.61043,9.52161,443,125560,0.286627,0.22,1,508440,507997,443
126048441,4.52209,5.10432,443,125560,0.249325,0.22,1,508444,508001,443
126050081,1.70442,2.62086,442,125560,0.225865,0.29,1,508445,508003,442
126053001,12.3409,15.7242,438,125560,0.325173,0.34,1,508460,508022,438
126055921,11.2682,14.3448,435,125560,0.369035,0.35,1,508471,508036,435
126058841,11.8536,7.66897,441,125560,0.281807,0.35,1,508483,508042,441
126060901,5.57073,1.53379,445,125560,0.288361,0.31,1,508487,508042,445
126063821,7.51415,3.50676,449,125560,0.265672,0.38,1,508495,508046,449
126066741,3.10283,7.10135,443,125560,0.261134,0.4,1,508497,508054,443
126069221,18.2206,5.42027,460,125560,0.292227,0.31,1,508519,508059,460
126072141,5.24411,16.2841,443,125560,0.274445,0.37,1,508521,508078,443
126074001,3.44882,4.85681,444,125560,0.222889,0.4,1,508524,508080,444
126076921,3.08976,7.37136,439,125560,0.220578,0.39,1,508527,508088,439
126079841,6.21795,2.27427,445,125560,0.268116,0.32,1,508534,508089,445
126082761,2.84359,6.85485,439,125560,0.261623,0.43,1,508536,508097,439
126084401,1.36872,3.77097,437,125560,0.244325,0.39,1,508537,508100,437
126087321,11.4737,11.1542,438,125560,0.312865,0.34,1,508551,508113,438
126090241,3.89475,3.83084,438,125560,0.326573,0.34,1,508553,508115,438
126092101,7.97895,0.766168,447,125560,0.305315,0.34,1,508562,508115,447
126095021,7.99579,5.75323,448,125560,0.325063,0.34,1,508570,508122,448
126097941,4.79916,8.35065,443,125560,0.281013,0.34,1,508574,508131,443
126100421,5.75983,4.87013,445,125560,0.192203,0.36,1,508580,508135,445
126103341,15.552,4.97403,458,125560,0.326441,0.33,1,508598,508140,458
126106261,12.7104,20.1948,446,125560,0.361288,0.27,1,508610,508164,446
126109181,12.9421,13.639,447,125560,0.272258,0.26,1,508623,508176,447
126112101,7.38842,10.7278,443,125560,0.286452,0.45,1,508629,508186,443
126114981,9.47768,3.74556,451,125560,0.28929,0.35,1,508639,508188,451
126117901,8.29554,11.9491,445,125560,0.329858,0.34,1,508647,508202,445
126120181,6.45911,5.58982,447,125560,0.305972,0.39,1,508653,508206,447
126123101,7.69182,8.31796,446,125560,0.229194,0.36,1,508661,508215,446
126124961,3.93836,8.06359,441,125560,0.341839,0.37,1,508664,508223,441
126127881,6.38767,5.61272,443,125560,0.340368,0.36,1,508671,508228,443
126130801,3.67753,3.52254,443,125560,0.356074,0.35,1,508674,508231,443
126133721,2.33551,3.10451,442,125560,0.343215,0.34,1,508676,508234,442
126135361,1.2671,2.2209,441,125560,0.324643,0.35,1,508677,508236,441
126138281,75.4534,82.8442,432,125560,0.352929,0.25,1,508771,508339,432
126141201,39.8907,40.5688,433,125560,0.286586,0.21,1,508802,508369,433
126144121,19.1781,16.1138,437,125560,0.321317,0.29,1,508816,508379,437
126147041,15.0356,14.4228,437,125560,0.376263,0.25,1,508830,508393,437
126149961,11.0071,4.48455,445,125560,0.315253,0.29,1,508840,508395,445
126152881,5.40142,8.09691,440,125560,0.319051,0.31,1,508844,508404,440
126155121,2.68028,4.01938,439,125560,0.31981,0.37,1,508846,508407,439
126158041,3.73606,3.20388,440,125560,0.287962,0.34,1,508850,508410,440
126160961,2.34721,2.24078,440,125560,0.289592,0.3,1,508852,508412,440
126163861,10.0694,2.04816,450,125560,0.337918,0.31,1,508864,508414,450
126166781,6.01389,17.2096,434,125560,0.267584,0.28,1,508869,508435,434
126169701,7.60278,7.44193,437,125560,0.317517,0.24,1,508877,508440,437
126172621,6.32056,4.68839,439,125560,0.343503,0.24,1,508883,508444,439
126174261,5.26411,0.937677,444,125560,0.308701,0.35,1,508888,508444,444
126177181,10.6528,12.9875,440,125560,0.33374,0.38,1,508900,508460,440
126180101,6.93056,11.3975,435,125560,0.290748,0.26,1,508906,508471,435
126183021,10.9861,11.8795,435,125560,0.33015,0.29,1,508918,508483,435
126185941,5.39722,5.5759,435,125560,0.35403,0.29,1,508922,508487,435
126187781,11.4794,1.11518,448,125560,0.366806,0.26,1,508935,508487,448
126190701,3.89589,6.62304,442,125560,0.361361,0.26,1,508937,508495,442
126192981,14.3792,2.92461,457,125560,0.328272,0.3,1,508954,508497,457
126195901,4.47584,18.1849,437,125560,0.289654,0.27,1,508956,508519,437
126197761,3.29517,5.23698,438,125560,0.233931,0.28,1,508959,508521,438
126200681,5.45903,8.2474,435,125560,0.334786,0.28,1,508965,508530,435
126203601,5.09181,1.64948,440,125560,0.354957,0.28,1,508970,508530,440
126206521,5.01836,3.5299,441,125560,0.302991,0.26,1,508975,508534,441
126208581,7.40367,2.30598,447,125560,0.252598,0.33,1,508983,508536,447
126211501,4.68073,12.4612,436,125560,0.26652,0.33,1,508987,508551,436
126214421,5.73615,4.09224,440,125560,0.205304,0.33,1,508993,508553,440
126216901,5.14723,0.818448,445,125560,0.201061,0.33,1,508998,508553,445
126219821,4.22945,13.7637,432,125560,0.248212,0.27,1,509002,508570,432
126222741,10.4459,5.95274,440,125560,0.233642,0.17,1,509014,508574,440
126225661,6.88918,5.99055,440,125560,0.174728,0.17,1,509020,508580,440
126227301,12.5778,1.19811,454,125560,0.290946,0.36,1,509034,508580,454
126230221,11.3156,14.6396,447,125560,0.282189,0.37,1,509045,508598,447
126233141,15.8631,12.5279,452,125560,0.208438,0.25,1,509062,508610,452
126236061,5.57262,12.9056,442,125560,0.153688,0.29,1,509065,508623,442
126238981,8.31452,7.38112,445,125560,0.238738,0.29,1,509074,508629,445
126241901,4.8629,9.47622,439,125560,0.231747,0.34,1,509078,508639,439
126244821,11.3726,8.29524,444,125560,0.278349,0.3,1,509091,508647,444
126247061,8.67452,6.45905,446,125560,0.26367,0.21,1,509099,508653,446
126249981,4.9349,7.69181,442,125560,0.236734,0.34,1,509103,508661,442
126252901,7.38698,9.53836,440,125560,0.207347,0.36,1,509111,508671,440
126255821,3.0774,4.30767,439,125560,0.289469,0.34,1,509113,508674,439
126258081,2.21548,2.46153,439,125560,0.305894,0.36,1,509115,508676,439
126261001,76.4431,7.69231,525,125560,0.245179,0.36,1,509210,508685,525
126263921,39.2886,70.3385,469,125560,0.177036,0.27,1,509240,508771,469
126266841,17.4577,38.8677,450,125560,0.219407,0.33,1,509252,508802,450
126269761,15.4915,18.9735,451,125560,0.235881,0.39,1,509267,508816,451
126272681,10.2983,14.9947,446,125560,0.183176,0.3,1,509276,508830,446
126275601,6.05966,10.9989,441,125560,0.244635,0.32,1,509281,508840,441
126277841,2.81193,5.39979,439,125560,0.256927,0.28,1,509283,508844,439
126280761,5.36239,5.87996,439,125560,0.219385,0.28,1,509289,508850,439
126283681,2.67248,1.17599,441,125560,0.187877,0.29,1,509291,508850,441
126286161,2.1345,1.8352,441,125560,0.181575,0.35,1,509293,508852,441
126289081,9.2269,9.96704,440,125560,0.228315,0.25,1,509304,508864,440
126291361,3.44538,5.99341,437,125560,0.229663,0.33,1,509306,508869,437
126294281,7.08908,7.59868,437,125560,0.285933,0.35,1,509314,508877,437
126297201,3.01782,6.31974,433,125560,0.297186,0.3,1,509316,508883,433
126300121,13.4036,5.26395,444,125560,0.307437,0.34,1,509332,508888,444
126303041,12.2807,10.6528,444,125560,0.245487,0.28,1,509344,508900,444
126304881,3.25614,6.93056,439,125560,0.217097,0.34,1,509345,508906,439
126307801,10.2512,10.9861,439,125560,0.219419,0.36,1,509357,508918,439
126310721,5.25025,5.39722,439,125560,0.275884,0.36,1,509361,508922,439
126312581,6.65005,1.07944,446,125560,0.303177,0.36,1,509368,508922,446
126315501,2.93001,12.2159,433,125560,0.308635,0.32,1,509370,508937,433
126318421,13.386,16.0432,432,125560,0.261727,0.28,1,509386,508954,432
126321341,9.8772,4.80864,439,125560,0.188345,0.22,1,509395,508956,439
126322981,4.37544,3.36173,439,125560,0.245669,0.36,1,509398,508959,439
126325901,2.47509,5.47235,435,125560,0.225134,0.36,1,509400,508965,435
126328801,3.69502,5.09447,434,125560,0.245027,0.32,1,509404,508970,434
126331721,6.339,5.81889,435,125560,0.345005,0.24,1,509411,508976,435
126334641,6.0678,6.76378,434,125560,0.309001,0.27,1,509417,508983,434
126337121,8.41356,4.55276,439,125560,0.3338,0.22,1,509426,508987,439
126340041,6.48271,8.91055,435,125560,0.33076,0.2,1,509432,508997,435
126342961,4.49654,2.58211,438,125560,0.274152,0.26,1,509436,508998,438
126345881,12.0993,3.71642,448,125560,0.27883,0.23,1,509450,509002,448
126348801,5.61986,10.3433,440,125560,0.247766,0.16,1,509454,509014,440
126350641,1.92397,6.86866,435,125560,0.249553,0.32,1,509455,509020,435
126353561,17.9848,12.5737,443,125560,0.353911,0.28,1,509477,509034,443
126356481,18.797,11.3147,451,125560,0.342782,0.19,1,509496,509045,451
126359401,5.35939,15.8629,436,125560,0.308556,0.14,1,509498,509062,436
126361041,1.87188,5.57259,434,125560,0.285711,0.27,1,509499,509065,434
126363961,11.5744,9.91452,437,125560,0.377142,0.23,1,509513,509076,437
126366881,3.91487,3.5829,437,125560,0.387428,0.29,1,509515,509078,437
126369801,7.18298,11.1166,432,125560,0.357486,0.26,1,509523,509091,432
126372481,7.8366,8.62332,432,125560,0.367497,0.23,1,509531,509099,432
126375401,9.56732,4.92466,438,125560,0.361499,0.2,1,509541,509103,438
126377681,8.31346,7.38493,438,125560,0.4003,0.33,1,509549,509111,438
126380601,3.26269,3.87699,437,125560,0.37606,0.31,1,509551,509114,437
126383521,2.25254,1.5754,438,125560,0.395212,0.23,1,509553,509115,438
126386441,73.2505,76.3151,434,125560,0.295042,0.16,1,509644,509210,434
126389361,38.6501,39.263,434,125560,0.307009,0.23,1,509674,509240,434
126392281,18.93,17.4526,436,125560,0.389402,0.24,1,509688,509252,436
126395201,11.786,15.4905,431,125560,0.34188,0.17,1,509698,509267,431
126398121,11.9572,10.2981,434,125560,0.348376,0.26,1,509710,509276,434
126401041,3.99144,6.05962,431,125560,0.317675,0.26,1,509712,509281,431
126403681,8.79829,2.81192,439,125560,0.367535,0.26,1,509722,509283,439
126406601,8.15966,11.7624,433,125560,0.297507,0.26,1,509730,509297,433
126409521,3.23193,2.35248,435,125560,0.251501,0.26,1,509732,509297,435
126412441,7.04639,0.470495,443,125560,0.2983,0.24,1,509740,509297,443
126415361,3.00928,5.6941,438,125560,0.31566,0.23,1,509742,509304,438
126417201,3.00186,2.73882,439,125560,0.311132,0.32,1,509745,509306,439
126420121,3.00037,7.74776,433,125560,0.350226,0.3,1,509748,509315,433
126423041,14.2001,2.34955,449,125560,0.310045,0.31,1,509765,509316,449
126425961,10.84,13.2699,443,125560,0.262009,0.23,1,509775,509332,443
126428881,3.768,12.254,433,125560,0.260402,0.21,1,509777,509344,433
126431801,13.5536,3.2508,448,125560,0.33208,0.22,1,509793,509345,448
126434721,5.91072,10.2502,440,125560,0.322416,0.29,1,509797,509357,440
126437381,9.18214,5.25003,446,125560,0.328483,0.34,1,509807,509361,446
126440301,3.43643,9.85001,437,125560,0.393697,0.25,1,509809,509372,437
126443221,10.2873,13.17,435,125560,0.430739,0.17,1,509821,509386,435
126446141,8.45746,9.834,434,125560,0.334148,0.17,1,509829,509395,434
126447781,7.29149,1.9668,441,125560,0.33083,0.22,1,509836,509395,441
126450701,4.6583,4.39336,440,125560,0.298166,0.25,1,509840,509400,440
126452981,7.33166,4.07867,444,125560,0.307633,0.37,1,509848,509404,444
126455901,3.06633,6.41573,439,125560,0.333527,0.3,1,509850,509411,439
126458821,5.41327,6.08315,439,125560,0.314705,0.3,1,509856,509417,439
126461301,4.28265,1.21663,443,125560,0.334941,0.33,1,509860,509417,443
126464221,7.25653,12.2433,436,125560,0.346988,0.26,1,509868,509432,436
126467141,6.25131,5.64867,438,125560,0.309398,0.26,1,509874,509436,438
126469621,10.0503,1.12973,449,125560,0.30988,0.28,1,509885,509436,449
126472541,5.21005,11.4259,439,125560,0.277976,0.24,1,509889,509450,439
126474821,4.24201,5.48519,439,125560,0.271595,0.38,1,509893,509454,439
126477741,18.4484,19.497,438,125560,0.238319,0.34,1,509915,509477,438
126480661,20.4897,19.0994,440,125560,0.199664,0.3,1,509936,509496,440
126483581,5.69794,5.41988,440,125560,0.159933,0.3,1,509938,509498,440
126485221,1.93959,1.08398,441,125560,0.143987,0.4,1,509939,509498,441
126488141,9.98792,12.2168,438,125560,0.308797,0.39,1,509951,509513,438
126491061,3.59758,4.04336,438,125560,0.349759,0.39,1,509953,509515,438
126493541,12.7195,0.808672,453,125560,0.365952,0.4,1,509968,509515,453
126496461,4.9439,10.5617,443,125560,0.34519,0.37,1,509971,509528,443
126499381,8.98878,4.51235,450,125560,0.325038,0.36,1,509981,509531,450
126501861,8.19776,8.90247,448,125560,0.281008,0.37,1,509989,509541,448
126504781,3.23955,9.78049,440,125560,0.240202,0.37,1,509991,509551,440
126507061,3.84791,1.9561,444,125560,0.24804,0.4,1,509995,509551,444
126509981,71.9696,3.59122,529,125560,0.265608,0.27,1,510084,509555,529
126512901,38.3939,71.9182,470,125560,0.285122,0.31,1,510114,509644,470
126515821,17.2788,38.3836,452,125560,0.225024,0.41,1,510126,509674,452
126518741,11.4558,18.8767,448,125560,0.245005,0.33,1,510136,509688,448
126521661,13.4912,11.7753,452,125560,0.257001,0.35,1,510150,509698,452
126524581,4.29823,11.9551,442,125560,0.2274,0.31,1,510152,509710,442
126526821,4.05965,3.99101,444,125560,0.18948,0.38,1,510156,509712,444
126529741,9.61193,8.7982,445,125560,0.237896,0.28,1,510167,509722,445
126531601,2.72239,8.15964,438,125560,0.287579,0.24,1,510168,509730,438
126534521,2.14448,3.23193,438,125560,0.297516,0.31,1,510170,509732,438
126537441,8.4289,7.04639,440,125560,0.355503,0.32,1,510180,509740,440
126539921,3.28578,3.00928,440,125560,0.343101,0.37,1,510182,509742,440
126542841,5.45716,6.20186,439,125560,0.28462,0.37,1,510188,509749,439
126545761,9.89143,1.24037,450,125560,0.304924,0.3,1,510199,509749,450
126548681,13.1783,13.0481,448,125560,0.284985,0.25,1,510213,509765,448
126551601,4.23566,10.6096,440,125560,0.256997,0.26,1,510215,509775,440
126553441,1.64713,3.72192,439,125560,0.235399,0.35,1,510216,509777,439
126556361,12.3294,13.5444,438,125560,0.24708,0.32,1,510231,509793,438
126559281,5.66589,5.90888,438,125560,0.313416,0.32,1,510235,509797,438
126561141,9.93318,1.18178,449,125560,0.286683,0.41,1,510246,509797,449
126564061,3.58664,9.83636,439,125560,0.337337,0.41,1,510248,509809,439
126566981,7.91733,1.96727,448,125560,0.371467,0.44,1,510257,509809,448
126569901,7.18347,9.99345,443,125560,0.338293,0.31,1,510264,509821,443
126572821,9.43669,8.39869,445,125560,0.363659,0.29,1,510274,509829,445
126575741,6.68734,10.4797,440,125560,0.344732,0.31,1,510280,509840,440
126578661,8.53747,8.49595,441,125560,0.324946,0.34,1,510289,509848,441
126581581,6.50749,3.29919,445,125560,0.344989,0.31,1,510295,509850,445
126584501,2.9015,5.45984,441,125560,0.308998,0.34,1,510297,509856,441
126586721,2.1803,4.29197,439,125560,0.2698,0.35,1,510299,509860,439
126589641,7.63606,7.25839,440,125560,0.35796,0.3,1,510308,509868,440
126592561,3.12721,6.25168,436,125560,0.375592,0.31,1,510310,509874,436
126595481,13.4254,10.0503,441,125560,0.347118,0.27,1,510326,509885,441
126598161,5.88509,5.21007,441,125560,0.277424,0.35,1,510330,509889,441
126601081,17.977,5.84201,456,125560,0.327485,0.23,1,510351,509895,456
126604001,21.1954,17.1684,458,125560,0.313497,0.19,1,510373,509915,458
126606921,8.23908,20.2337,442,125560,0.230699,0.15,1,510378,509936,442
126608561,2.44782,5.64674,441,125560,0.19814,0.15,1,510379,509938,441
126611481,7.68956,5.12935,445,125560,0.279628,0.35,1,510388,509943,445
126614401,4.73791,7.42587,441,125560,0.311926,0.36,1,510392,509951,441
126617301,11.3476,3.08517,452,125560,0.278385,0.37,1,510405,509953,452
126620221,6.26952,12.617,442,125560,0.303677,0.34,1,510410,509968,442
126623141,4.4539,4.92341,443,125560,0.308735,0.32,1,510414,509971,443
126626061,10.4908,8.98468,445,125560,0.317747,0.27,1,510426,509981,445
126628741,6.09816,8.19694,442,125560,0.311549,0.28,1,510431,509989,442
126631661,3.61963,4.83939,441,125560,0.27831,0.27,1,510434,509993,441
126634581,68.7239,73.7679,435,125560,0.231662,0.29,1,510519,510084,435
126637501,36.1448,38.7536,433,125560,0.318332,0.21,1,510547,510114,433
126640421,18.429,17.3507,435,125560,0.207666,0.25,1,510561,510126,435
126643341,11.6858,11.4701,435,125560,0.201533,0.26,1,510571,510136,435
126646261,14.3372,13.494,436,125560,0.248307,0.22,1,510586,510150,436
126649121,4.46743,4.29881,436,125560,0.225661,0.29,1,510588,510152,436
126652041,7.29349,6.45976,437,125560,0.157132,0.25,1,510596,510159,437
126654961,10.2587,7.69195,440,125560,0.215426,0.3,1,510607,510167,440
126657441,3.65174,2.33839,441,125560,0.235085,0.37,1,510609,510168,441
126660361,3.93035,10.0677,433,125560,0.175017,0.37,1,510613,510180,433
126663281,2.38607,2.01354,435,125560,0.131003,0.34,1,510615,510180,435
126666181,8.47721,2.00271,443,125560,0.242201,0.27,1,510625,510182,443
126669101,8.89544,5.20054,446,125560,0.20044,0.31,1,510634,510188,446
126670961,2.57909,9.84011,436,125560,0.184088,0.28,1,510635,510199,436
126673881,12.5158,13.168,437,125560,0.228818,0.25,1,510650,510213,437
126676161,4.10316,4.2336,437,125560,0.253764,0.3,1,510652,510215,437
126679081,10.4206,9.64672,438,125560,0.266753,0.25,1,510664,510226,438
126682001,5.28413,5.92934,437,125560,0.221351,0.33,1,510668,510231,437
126684481,2.65683,4.38587,435,125560,0.25227,0.28,1,510670,510235,435
126687401,14.9314,9.67717,442,125560,0.186454,0.35,1,510688,510246,442
126690321,7.78627,3.53543,446,125560,0.261291,0.38,1,510694,510248,446
126693241,9.55725,7.90709,447,125560,0.268258,0.33,1,510704,510257,447
126694881,2.71145,7.18142,441,125560,0.293652,0.37,1,510705,510264,441
126697801,3.74229,9.43628,435,125560,0.24273,0.34,1,510709,510274,435
126700081,7.14846,6.68726,437,125560,0.272546,0.32,1,510717,510280,437
126703001,7.82969,8.53745,436,125560,0.262509,0.35,1,510725,510289,436
126705921,9.56594,6.50749,440,125560,0.220502,0.35,1,510735,510295,440
126707781,2.71319,1.3015,441,125560,0.2281,0.3,1,510736,510295,441
126710701,2.14264,1.8603,441,125560,0.22162,0.26,1,510738,510297,441
126713621,4.42853,1.97206,444,125560,0.268324,0.38,1,510743,510299,444
126716541,6.48571,7.59441,442,125560,0.245665,0.38,1,510750,510308,442
126719221,11.6971,3.11888,453,125560,0.185133,0.34,1,510763,510310,453
126722141,7.13943,13.4238,443,125560,0.213027,0.26,1,510769,510326,443
126724421,13.4279,5.88476,454,125560,0.242605,0.34,1,510784,510330,454
126727341,21.8856,17.977,457,125560,0.288521,0.31,1,510808,510351,457
126730261,9.17712,21.1954,441,125560,0.201704,0.21,1,510814,510373,441
126732741,4.23542,8.23908,439,125560,0.224341,0.3,1,510817,510378,439
126735661,6.44708,9.64782,436,125560,0.268868,0.32,1,510824,510388,436
126738581,2.88942,5.12956,434,125560,0.277774,0.32,1,510826,510392,434
126741061,12.5779,1.02591,449,125560,0.327555,0.27,1,510841,510392,449
126743981,6.51558,10.6052,441,125560,0.281511,0.31,1,510846,510405,441
126746901,5.30312,6.12104,441,125560,0.320302,0.31,1,510851,510410,441
126749381,8.26062,4.42421,446,125560,0.31206,0.32,1,510860,510414,446
126752301,4.05212,10.4848,437,125560,0.310412,0.31,1,510863,510426,437
126754161,2.41042,6.09697,434,125560,0.278082,0.27,1,510865,510431,434
126757081,2.08208,3.61939,433,125560,0.303616,0.22,1,510867,510434,433
126760001,70.8164,68.7239,436,125560,0.308723,0.34,1,510955,510519,436
126762921,32.5633,36.1448,431,125560,0.253745,0.18,1,510978,510547,431
126765601,19.3127,18.429,433,125560,0.314749,0.2,1,510994,510561,433
126768521,12.6625,11.6858,434,125560,0.20695,0.26,1,511005,510571,434
126771441,10.5325,14.3372,429,125560,0.20139,0.22,1,511015,510586,429
126773921,3.7065,4.46743,429,125560,0.320278,0.14,1,511017,510588,429
126776841,10.3413,7.29349,433,125560,0.288056,0.23,1,511029,510596,433
126779761,12.4683,10.2587,435,125560,0.321611,0.24,1,511042,510607,435
126782241,4.09365,3.65174,435,125560,0.296322,0.14,1,511044,510609,435
126785161,4.01873,4.73035,434,125560,0.235264,0.12,1,511048,510614,434
126788081,2.40375,1.74607,435,125560,0.279053,0.27,1,511050,510615,435
126791001,6.88075,8.34921,433,125560,0.255811,0.19,1,511058,510625,433
126793921,9.37615,8.86984,434,125560,0.251162,0.18,1,511068,510634,434
126796841,14.6752,2.57397,449,125560,0.266232,0.24,1,511084,510635,449
126799761,4.53505,12.5148,436,125560,0.245246,0.26,1,511086,510650,436
126802681,9.70701,4.10296,445,125560,0.225049,0.27,1,511097,510652,445
126805601,5.1414,10.4206,437,125560,0.29301,0.21,1,511101,510664,437
126808521,2.62828,5.28412,435,125560,0.274602,0.26,1,511103,510668,435
126810741,13.3257,2.65682,449,125560,0.21492,0.17,1,511119,510670,449
126813661,10.6651,14.9314,441,125560,0.218984,0.28,1,511129,510688,441
126815521,2.93303,7.78627,436,125560,0.235797,0.27,1,511130,510694,436
126818441,3.78661,9.55725,430,125560,0.303159,0.3,1,511134,510704,430
126820721,8.75732,2.71145,439,125560,0.292632,0.2,1,511144,510705,439
126823641,7.35146,7.74229,437,125560,0.242526,0.28,1,511151,510714,437
126826561,5.47029,3.94846,439,125560,0.224505,0.26,1,511156,510717,439
126829461,12.2941,7.18969,445,125560,0.292901,0.21,1,511170,510725,445
126832381,4.05881,9.43794,437,125560,0.27458,0.23,1,511172,510735,437
126834661,4.81176,2.68759,441,125560,0.230916,0.28,1,511177,510736,441
126837581,2.56235,6.93752,435,125560,0.262183,0.28,1,511179,510744,435
126840501,2.11247,1.3875,437,125560,0.324437,0.24,1,511181,510744,437
126843421,10.0225,5.0775,443,125560,0.272887,0.22,1,511193,510750,443
126846341,10.0045,16.2155,434,125560,0.238577,0.25,1,511203,510769,434
126849261,16.4009,15.2431,437,125560,0.295716,0.3,1,511221,510784,437
126852181,18.4802,22.2486,432,125560,0.355143,0.18,1,511240,510808,432
126855101,12.496,9.24972,437,125560,0.247029,0.23,1,511251,510814,437
126858021,4.09921,4.24994,436,125560,0.249406,0.23,1,511253,510817,436
126859621,8.01984,0.849989,445,125560,0.225881,0.28,1,511262,510817,445
126862541,3.20397,5.77,440,125560,0.277176,0.28,1,511264,510824,440
126864821,12.6408,2.754,453,125560,0.367435,0.34,1,511279,510826,453
126867741,4.92816,12.5508,441,125560,0.409487,0.27,1,511282,510841,441
126870661,5.78563,6.51016,442,125560,0.361897,0.33,1,511288,510846,442
126873581,6.75713,5.30203,444,125560,0.360379,0.31,1,511295,510851,444
126876261,5.35143,8.26041,440,125560,0.368076,0.31,1,511300,510860,440
126879181,3.47029,4.05208,440,125560,0.385615,0.31,1,511303,510863,440
126881461,3.89406,4.01042,440,125560,0.381123,0.31,1,511307,510867,440
126884381,61.5788,71.2021,428,125560,0.372225,0.24,1,511383,510955,428
126887301,36.3158,32.6404,435,125560,0.410445,0.33,1,511413,510978,435
126890221,15.2632,19.3281,429,125560,0.458089,0.18,1,511423,510994,429
126893141,14.2526,12.6656,432,125560,0.395618,0.2,1,511437,511005,432
126896061,12.4505,10.5331,434,125560,0.479124,0.35,1,511449,511015,434
126898721,4.09011,3.70662,434,125560,0.495825,0.28,1,511451,511017,434
126901641,13.618,10.3413,438,125560,0.451165,0.33,1,511467,511029,438
126904561,10.7236,12.4683,435,125560,0.274233,0.29,1,511477,511042,435
126907041,3.74472,4.09365,435,125560,0.326847,0.27,1,511479,511044,435
126909961,8.74894,6.41873,438,125560,0.345369,0.27,1,511489,511051,438
126912881,3.34979,1.28375,440,125560,0.469074,0.25,1,511491,511051,440
126915801,2.26996,5.85675,435,125560,0.461815,0.25,1,511493,511058,435
126918481,10.054,9.17135,437,125560,0.428363,0.27,1,511505,511068,437
126921401,10.8108,14.6343,432,125560,0.469673,0.24,1,511516,511084,432
126924321,3.76216,4.52685,432,125560,0.485935,0.24,1,511518,511086,432
126926181,9.55243,0.905371,443,125560,0.441187,0.22,1,511529,511086,443
126929101,7.51049,8.98107,439,125560,0.328237,0.31,1,511536,511097,439
126931381,6.3021,4.99621,441,125560,0.401647,0.29,1,511542,511101,441
126934301,8.46042,7.39924,442,125560,0.400329,0.2,1,511551,511109,442
126937221,11.2921,9.47985,444,125560,0.424066,0.22,1,511563,511119,444
126940141,4.65842,9.89597,437,125560,0.412813,0.32,1,511566,511129,437
126943061,4.93168,5.97919,437,125560,0.338563,0.29,1,511571,511134,437
126945981,5.78634,9.19584,433,125560,0.403713,0.23,1,511577,511144,433
126948901,9.15727,7.43917,436,125560,0.400743,0.22,1,511587,511151,436
126951761,5.03145,5.48783,435,125560,0.368149,0.31,1,511591,511156,435
126954681,13.8063,12.2976,437,125560,0.36963,0.27,1,511607,511170,437
126956961,5.96126,4.05951,439,125560,0.361926,0.22,1,511611,511172,439
126959881,2.79225,4.8119,436,125560,0.352385,0.27,1,511613,511177,436
126962801,2.15845,2.56238,436,125560,0.350477,0.34,1,511615,511179,436
126964661,6.03169,2.11248,441,125560,0.342095,0.26,1,511622,511181,441
126967581,4.40634,10.0225,433,125560,0.316419,0.23,1,511626,511193,433
126970501,8.88127,10.0045,433,125560,0.407284,0.23,1,511636,511203,433
126972981,21.7763,2.0009,458,125560,0.433457,0.31,1,511661,511203,458
126975901,12.3553,14.8002,450,125560,0.414691,0.37,1,511671,511221,450
126978821,12.0711,18.16,443,125560,0.354938,0.22,1,511683,511240,443
126981301,7.21421,12.432,438,125560,0.238988,0.25,1,511689,511251,438
126984221,11.0428,4.0864,448,125560,0.287798,0.29,1,511701,511253,448
126987141,5.40857,9.61728,441,125560,0.297559,0.39,1,511705,511264,441
126990061,13.0817,13.9235,441,125560,0.331512,0.42,1,511720,511279,441
126992981,4.21634,5.18469,440,125560,0.338302,0.35,1,511722,511282,440
126995901,6.44327,5.83694,441,125560,0.37966,0.36,1,511729,511288,441
126998561,6.08865,6.76739,440,125560,0.371932,0.37,1,511735,511295,440
127001481,6.01773,5.35348,441,125560,0.314386,0.39,1,511741,511300,441
127003761,2.80355,3.4707,440,125560,0.342877,0.38,1,511743,511303,440
127006681,3.76071,3.89414,440,125560,0.364575,0.37,1,511747,511307,440
127009601,63.1521,61.5788,442,125560,0.280915,0.42,1,511825,511383,442
127012521,39.0304,36.3158,445,125560,0.232183,0.47,1,511858,511413,445
127015441,14.2061,15.2632,443,125560,0.134437,0.38,1,511866,511423,443
127018361,16.4412,14.2526,446,125560,0.186887,0.5,1,511883,511437,446
127021281,8.08824,12.4505,440,125560,0.229377,0.5,1,511889,511449,440
127023521,8.01765,4.09011,446,125560,0.357875,0.44,1,511897,511451,446
127026441,6.40353,13.618,436,125560,0.319575,0.23,1,511903,511467,436
127029361,12.4807,10.7236,440,125560,0.303915,0.34,1,511917,511477,440
127031841,4.09614,3.74472,440,125560,0.268783,0.35,1,511919,511479,440
127034761,10.4192,8.74894,442,125560,0.253757,0.5,1,511931,511489,442
127037681,3.68385,3.34979,442,125560,0.258751,0.5,1,511933,511491,442
127039541,6.33677,0.669958,449,125560,0.24375,0.4,1,511940,511491,449
127042461,6.86735,7.33399,447,125560,0.30475,0.42,1,511947,511500,447
127045381,10.9735,5.4668,454,125560,0.32495,0.48,1,511959,511505,454
127048301,3.79469,9.89336,445,125560,0.30499,0.49,1,511961,511516,445
127050981,11.1589,3.57867,456,125560,0.324998,0.3,1,511974,511518,456
127053901,7.03179,15.1157,444,125560,0.273,0.42,1,511980,511536,444
127056821,6.20636,7.82315,444,125560,0.3746,0.4,1,511986,511542,444
127059741,8.44127,8.76463,444,125560,0.33892,0.43,1,511995,511551,444
127062661,6.48825,11.3529,438,125560,0.291784,0.41,1,512001,511563,438
127065121,7.69765,4.67059,443,125560,0.298357,0.43,1,512009,511566,443
127068041,8.73953,8.13412,443,125560,0.291671,0.42,1,512018,511575,443
127070961,3.34791,3.22682,443,125560,0.274334,0.4,1,512020,511577,443
127073881,2.26958,8.64536,435,125560,0.326867,0.36,1,512022,511587,435
127076801,5.25392,4.92907,437,125560,0.273373,0.37,1,512028,511591,437
127079721,15.4508,13.7858,439,125560,0.254675,0.36,1,512046,511607,439
127082641,7.89016,5.95716,441,125560,0.338935,0.35,1,512052,511611,441
127084261,6.37803,2.79143,445,125560,0.331787,0.29,1,512058,511613,445
127087181,2.87561,6.15829,440,125560,0.298357,0.34,1,512060,511620,440
127090101,2.17512,2.83166,440,125560,0.283671,0.31,1,512062,511622,440
127093021,6.83502,3.76633,444,125560,0.304734,0.43,1,512070,511626,444
127095941,6.167,8.75327,440,125560,0.316947,0.44,1,512076,511636,440
127098861,27.6334,21.7507,448,125560,0.367389,0.41,1,512109,511661,448
127101781,10.3267,12.3501,444,125560,0.377478,0.34,1,512115,511671,444
127104701,9.26534,12.07,441,125560,0.307496,0.21,1,512124,511683,441
127106721,2.65307,7.21401,436,125560,0.277499,0.3,1,512125,511689,436
127109641,13.3306,11.0428,440,125560,0.3515,0.3,1,512141,511701,440
127111921,5.86612,5.40856,440,125560,0.3343,0.34,1,512145,511705,440
127114841,13.9732,13.0817,441,125560,0.38686,0.34,1,512161,511720,441
127117761,4.39464,4.21634,441,125560,0.421372,0.34,1,512163,511722,441
127119621,2.47893,0.843268,443,125560,0.396274,0.39,1,512165,511722,443
127122541,6.09579,5.76865,443,125560,0.415255,0.37,1,512172,511729,443
127124821,8.41916,5.95373,446,125560,0.435051,0.3,1,512181,511735,446
127127741,3.28383,5.99075,442,125560,0.43101,0.35,1,512183,511741,442
127130661,3.85677,2.79815,444,125560,0.374202,0.37,1,512187,511743,444
127133581,55.1714,3.75963,508,125560,0.43484,0.26,1,512255,511747,508
127136501,42.2343,63.1519,469,125560,0.406968,0.22,1,512294,511825,469
127139421,14.8469,39.0304,444,125560,0.289394,0.11,1,512302,511858,444
127142341,14.1694,14.2061,450,125560,0.329879,0.2,1,512316,511866,450
127145261,12.4339,16.4412,445,125560,0.321976,0.24,1,512328,511883,445
127147701,4.08677,8.08824,441,125560,0.288395,0.31,1,512330,511889,441
127150621,5.61736,12.8176,433,125560,0.297679,0.31,1,512336,511903,433
127152901,13.9235,2.56353,449,125560,0.331536,0.3,1,512352,511903,449
127155821,4.38469,11.7127,437,125560,0.378307,0.26,1,512354,511917,437
127158101,13.6769,3.94254,451,125560,0.331661,0.25,1,512370,511919,451
127161021,4.33539,10.3885,441,125560,0.290332,0.26,1,512372,511931,441
127162881,1.66708,3.6777,440,125560,0.322066,0.24,1,512373,511933,440
127165801,8.33342,6.33554,443,125560,0.384413,0.32,1,512383,511940,443
127168721,11.2667,6.86711,448,125560,0.396883,0.33,1,512395,511947,448
127171641,3.85334,10.9734,438,125560,0.367377,0.3,1,512397,511959,438
127173281,1.57067,3.79468,437,125560,0.385475,0.33,1,512398,511961,437
127176201,8.31413,11.1589,434,125560,0.333095,0.26,1,512408,511974,434
127178481,9.66283,7.03179,438,125560,0.314619,0.36,1,512418,511980,438
127181401,8.33257,7.80636,438,125560,0.350924,0.33,1,512426,511988,438
127184321,4.86651,7.16127,435,125560,0.366185,0.28,1,512430,511995,435
127187241,10.5733,6.23225,441,125560,0.377237,0.28,1,512442,512001,441
127189301,3.71466,1.24645,443,125560,0.387447,0.29,1,512444,512001,443
127192221,8.74293,13.8493,436,125560,0.309489,0.29,1,512454,512018,436
127194501,3.34859,2.76986,438,125560,0.285898,0.27,1,512456,512018,438
127197421,2.26972,2.15397,438,125560,0.24918,0.34,1,512458,512020,438
127199701,6.85394,2.03079,444,125560,0.345836,0.26,1,512466,512022,444
127202621,15.7708,5.20616,456,125560,0.285167,0.25,1,512484,512028,456
127205541,7.15416,15.4412,443,125560,0.201033,0.36,1,512489,512046,443
127207601,3.83083,7.88825,440,125560,0.224207,0.33,1,512492,512052,440
127210521,5.56617,6.37765,440,125560,0.284841,0.29,1,512498,512058,440
127212801,4.31323,2.87553,442,125560,0.304968,0.36,1,512502,512060,442
127215721,4.06265,10.1751,434,125560,0.324994,0.36,1,512506,512072,434
127218641,4.01253,2.03502,438,125560,0.304999,0.32,1,512510,512072,438
127221561,31.2025,3.607,472,125560,0.237,0.38,1,512548,512076,472
127224481,7.8405,27.1214,441,125560,0.2234,0.38,1,512550,512109,441
127226321,2.3681,10.2243,436,125560,0.20468,0.29,1,512551,512115,436
127229241,9.27362,9.24486,438,125560,0.328936,0.27,1,512562,512124,438
127232161,3.45472,2.64897,439,125560,0.337787,0.37,1,512564,512125,439
127235081,16.6909,13.3298,443,125560,0.411557,0.33,1,512584,512141,443
127238001,16.9382,5.86596,456,125560,0.394311,0.4,1,512601,512145,456
127240921,5.78764,13.9732,443,125560,0.390862,0.43,1,512604,512161,443
127242961,2.75753,4.39464,443,125560,0.390172,0.4,1,512606,512163,443
127245881,6.95151,4.87893,446,125560,0.374034,0.42,1,512614,512168,446
127248801,7.7903,4.17579,450,125560,0.346807,0.44,1,512622,512172,450
127251701,6.35806,8.03516,447,125560,0.357361,0.36,1,512628,512181,447
127254621,2.87161,6.40703,443,125560,0.327472,0.36,1,512630,512187,443
127257541,50.1743,1.28141,505,125560,0.369494,0.45,1,512692,512187,505
127260461,45.2349,54.6563,481,125560,0.217899,0.4,1,512736,512255,481
127263381,13.847,42.1313,448,125560,0.25958,0.26,1,512742,512294,448
127265221,11.5694,14.8263,451,125560,0.355916,0.34,1,512753,512302,451
127268141,15.1139,14.1652,453,125560,0.271183,0.32,1,512769,512316,453
127271061,4.62278,12.4331,443,125560,0.230237,0.28,1,512771,512328,443
127273121,2.52456,4.08661,443,125560,0.222047,0.44,1,512773,512330,443
127276041,8.50491,11.2173,440,125560,0.284409,0.34,1,512783,512343,440
127278961,8.10098,9.44346,439,125560,0.272882,0.39,1,512791,512352,439
127281881,13.6202,3.48869,452,125560,0.342576,0.32,1,512806,512354,452
127284801,8.32404,13.4977,443,125560,0.308515,0.28,1,512813,512370,443
127286641,2.46481,4.29955,442,125560,0.285703,0.25,1,512814,512372,442
127289561,8.49296,4.85991,447,125560,0.217141,0.4,1,512824,512377,447
127292481,8.09859,5.77198,449,125560,0.291428,0.4,1,512832,512383,449
127295401,3.21972,10.7544,439,125560,0.282286,0.36,1,512834,512395,439
127297461,7.84394,3.75088,446,125560,0.368457,0.32,1,512843,512397,446
127300381,4.76879,9.55018,439,125560,0.321691,0.31,1,512847,512408,439
127303301,8.95376,9.91004,439,125560,0.280338,0.36,1,512857,512418,439
127306221,8.19075,8.38201,439,125560,0.344068,0.37,1,512865,512426,439
127309141,4.83815,4.8764,439,125560,0.372814,0.37,1,512869,512430,439
127310981,6.56763,0.97528,446,125560,0.370563,0.38,1,512876,512430,446
127313901,2.91353,9.79506,436,125560,0.370113,0.39,1,512878,512442,436
127316181,13.3827,3.55901,450,125560,0.362023,0.29,1,512894,512444,450
127319101,4.27654,8.7118,442,125560,0.320404,0.28,1,512896,512454,442
127321381,4.05531,3.34236,444,125560,0.376081,0.4,1,512900,512456,444
127324301,2.41106,6.26847,439,125560,0.355216,0.27,1,512902,512463,439
127327221,14.8822,18.0537,436,125560,0.367043,0.18,1,512920,512484,436
127330141,9.37644,7.61074,439,125560,0.273409,0.18,1,512928,512489,439
127331781,3.47529,1.52215,441,125560,0.222682,0.3,1,512930,512489,441
127334701,4.69506,7.50443,437,125560,0.244536,0.31,1,512935,512498,437
127336561,1.73901,4.70089,434,125560,0.232907,0.33,1,512936,512502,434
127339481,5.1478,4.14018,436,125560,0.286581,0.33,1,512942,512506,436
127342401,4.22956,0.828035,440,125560,0.313316,0.3,1,512946,512506,440
127345321,33.6459,3.36561,477,125560,0.326663,0.22,1,512987,512510,477
127348241,8.32918,31.0731,441,125560,0.297333,0.22,1,512989,512548,441
127350501,3.26584,7.81462,441,125560,0.259467,0.36,1,512991,512550,441
127353421,2.25317,11.1629,431,125560,0.251893,0.34,1,512993,512562,431
127356341,2.05063,3.83258,431,125560,0.210379,0.34,1,512995,512564,431
127358821,21.2101,0.766517,457,125560,0.114076,0.43,1,513021,512564,457
127361741,20.242,16.1533,457,125560,0.174815,0.39,1,513041,512584,457
127364661,6.4484,16.8307,443,125560,0.210963,0.39,1,513044,512601,443
127367141,8.48968,5.76613,449,125560,0.226193,0.37,1,513053,512604,449
127370061,3.29794,9.15323,441,125560,0.229239,0.34,1,513055,512614,441
127372981,3.85959,8.23065,437,125560,0.221848,0.36,1,513059,512622,437
127375901,7.17192,6.44613,439,125560,0.26037,0.32,1,513067,512628,439
127378821,3.03438,2.88923,439,125560,0.268074,0.32,1,513069,512630,439
127380661,50.2069,0.577845,501,125560,0.325615,0.38,1,513131,512630,501
127383581,40.4414,49.7156,477,125560,0.265123,0.18,1,513169,512692,477
127386501,17.6883,45.1431,445,125560,0.221025,0.27,1,513181,512736,445
127389421,8.33765,13.8286,445,125560,0.260205,0.25,1,513187,512742,445
127392341,16.8675,24.3657,437,125560,0.372041,0.22,1,513206,512769,437
127395261,4.97351,6.47314,437,125560,0.362408,0.22,1,513208,512771,437
127397301,7.3947,1.29463,445,125560,0.328482,0.3,1,513216,512771,445
127400221,3.07894,9.85893,435,125560,0.321696,0.27,1,513218,512783,435
127403141,10.2158,8.37179,439,125560,0.328339,0.27,1,513230,512791,439
127405621,10.0432,1.67436,449,125560,0.193668,0.36,1,513240,512791,449
127408541,5.20863,12.3349,438,125560,0.166734,0.3,1,513244,512806,438
127410821,3.44173,8.06697,434,125560,0.305347,0.2,1,513247,512813,434
127413741,11.0883,10.4134,436,125560,0.309069,0.31,1,513260,512824,436
127416661,11.8177,8.48268,440,125560,0.301814,0.31,1,513272,512832,440
127419141,3.96353,1.69654,442,125560,0.332363,0.4,1,513274,512832,442
127422061,5.59271,5.13931,442,125560,0.274473,0.31,1,513280,512838,442
127424981,4.31854,8.22786,437,125560,0.246895,0.27,1,513284,512847,437
127427901,10.4637,9.64557,439,125560,0.297379,0.36,1,513296,512857,439
127430821,8.49274,8.32911,439,125560,0.283476,0.36,1,513304,512865,439
127432661,5.69855,1.66582,444,125560,0.232695,0.38,1,513309,512865,444
127435581,6.73971,3.53316,447,125560,0.318539,0.37,1,513316,512869,447
127438501,4.54794,7.90663,442,125560,0.319708,0.36,1,513320,512878,442
127441421,9.70959,14.3813,437,125560,0.271942,0.31,1,513331,512894,437
127444341,3.54192,4.47627,437,125560,0.326388,0.39,1,513333,512896,437
127447261,7.10838,4.09525,441,125560,0.225278,0.35,1,513341,512900,441
127450181,10.2217,2.41905,450,125560,0.317056,0.37,1,513352,512902,450
127453101,7.64434,14.8838,439,125560,0.287411,0.25,1,513359,512920,439
127456021,7.92887,9.37676,439,125560,0.273482,0.25,1,513367,512928,439
127458941,6.38577,7.47535,438,125560,0.214696,0.23,1,513373,512935,438
127461861,2.87715,2.29507,439,125560,0.170939,0.3,1,513375,512936,439
127463861,8.57543,5.25901,443,125560,0.314188,0.32,1,513385,512942,443
127466781,3.31509,4.2518,441,125560,0.334838,0.33,1,513387,512946,441
127469701,32.663,33.6504,440,125560,0.362968,0.29,1,513427,512987,440
127472621,8.1326,8.33007,440,125560,0.344593,0.29,1,513429,512989,440
127474261,2.42652,1.66601,441,125560,0.324919,0.39,1,513430,512989,441
127477181,2.0853,7.5332,434,125560,0.288984,0.39,1,513432,512998,434
127480101,2.01706,1.50664,436,125560,0.289797,0.39,1,513434,512998,436
127483021,17.2034,0.301328,457,125560,0.257959,0.19,1,513455,512998,457
127485941,18.6407,34.4603,433,125560,0.419592,0.22,1,513474,513041,433
127488861,5.32814,9.29205,432,125560,0.451918,0.22,1,513476,513044,432
127490901,9.06563,1.85841,442,125560,0.450384,0.23,1,513486,513044,442
127493821,3.41313,7.57168,435,125560,0.442077,0.23,1,513488,513053,435
127495681,4.68263,3.11434,438,125560,0.400415,0.29,1,513493,513055,438
127498601,4.13652,9.42287,431,125560,0.424083,0.27,1,513497,513066,431
127501521,2.4273,2.68457,432,125560,0.436817,0.27,1,513499,513067,432
127504001,2.08546,2.13691,432,125560,0.439363,0.34,1,513501,513069,432
127506921,80.4171,50.0274,470,125560,0.303873,0.25,1,513601,513131,470
127509841,25.6834,40.4055,444,125560,0.356775,0.21,1,513613,513169,444
127512761,14.7367,17.6811,444,125560,0.311355,0.27,1,513625,513181,444
127514401,3.74734,8.33622,439,125560,0.286271,0.4,1,513626,513187,439
127517321,15.1495,16.8672,438,125560,0.409254,0.36,1,513644,513206,438
127519601,4.62989,4.97345,438,125560,0.433851,0.32,1,513646,513208,438
127522521,7.32598,7.39469,438,125560,0.30277,0.32,1,513654,513216,438
127525441,4.6652,3.07894,440,125560,0.380554,0.33,1,513658,513218,440
127528361,2.53304,10.2158,430,125560,0.388111,0.16,1,513660,513230,430
127531041,12.5066,10.0432,435,125560,0.397622,0.16,1,513675,513240,435
127533961,8.10132,5.20863,438,125560,0.295524,0.34,1,513682,513244,438
127536241,4.82026,3.44173,439,125560,0.395105,0.31,1,513686,513247,439
127539161,7.36405,11.0883,434,125560,0.311021,0.3,1,513694,513260,434
127542081,11.0728,11.8177,434,125560,0.270204,0.34,1,513706,513272,434
127544561,4.61456,3.96353,435,125560,0.286041,0.26,1,513709,513274,435
127547481,7.32291,5.59271,437,125560,0.225208,0.24,1,513717,513280,437
127549761,6.26458,4.31854,439,125560,0.285042,0.31,1,513723,513284,439
127552681,7.65292,10.4637,435,125560,0.313008,0.28,1,513731,513296,435
127555601,6.33058,8.49274,433,125560,0.350602,0.28,1,513737,513304,433
127557461,8.46612,1.69855,442,125560,0.31012,0.34,1,513746,513304,442
127560381,6.49322,9.93971,436,125560,0.326024,0.32,1,513752,513316,436
127563301,2.89864,5.18794,434,125560,0.297205,0.26,1,513754,513320,434
127566221,9.37973,9.83759,434,125560,0.323441,0.34,1,513765,513331,434
127569141,7.47595,3.56752,439,125560,0.272688,0.34,1,513772,513333,439
127570981,8.69519,0.713503,448,125560,0.222538,0.38,1,513781,513333,448
127573901,8.93904,10.5427,444,125560,0.292508,0.34,1,513790,513346,444
127576821,3.38781,6.90854,440,125560,0.314502,0.28,1,513792,513352,440
127579741,3.07756,6.98171,436,125560,0.3589,0.27,1,513795,513359,436
127582661,13.4155,7.79634,444,125560,0.32778,0.2,1,513811,513367,444
127585581,5.0831,6.35927,441,125560,0.313556,0.16,1,513814,513373,441
127587621,7.41662,2.87185,447,125560,0.262711,0.35,1,513822,513375,447
127590541,3.08332,8.57437,439,125560,0.324542,0.34,1,513824,513385,439
127593461,29.4167,3.31487,473,125560,0.208908,0.37,1,513860,513387,473
127596381,8.28333,32.663,436,125560,0.201782,0.34,1,513863,513427,436
127599061,8.85667,8.13259,443,125560,0.272356,0.31,1,513872,513429,443
127601981,3.37133,4.82652,441,125560,0.286471,0.29,1,513874,513433,441
127604901,2.27427,1.7653,442,125560,0.257294,0.25,1,513876,513434,442
127607821,14.8549,17.1531,439,125560,0.371459,0.46,1,513894,513455,439
127610741,20.571,18.6306,442,125560,0.314292,0.46,1,513916,513474,442
127613201,8.91419,5.32612,446,125560,0.326858,0.45,1,513922,513476,446
127616121,8.18284,9.06522,444,125560,0.305372,0.44,1,513930,513486,444
127619041,3.23657,3.41304,444,125560,0.269074,0.39,1,513932,513488,444
127620901,4.64731,4.68261,444,125560,0.253815,0.43,1,513937,513493,444
127623821,2.52946,4.13652,442,125560,0.250763,0.44,1,513939,513497,442
127626721,2.10589,2.4273,442,125560,0.242153,0.41,1,513941,513499,442
127629641,79.6212,3.68546,537,125560,0.240431,0.27,1,514040,513503,537
127632561,23.1242,79.1371,448,125560,0.256086,0.37,1,514049,513601,448
127635481,16.6248,25.4274,451,125560,0.235217,0.3,1,514064,513613,451
127638401,5.72497,14.6855,442,125560,0.207043,0.28,1,514067,513625,442
127641321,9.94499,3.7371,452,125560,0.297409,0.44,1,514078,513626,452
127644241,4.389,15.1474,437,125560,0.299482,0.27,1,514081,513644,437
127647161,11.2778,11.0295,440,125560,0.267896,0.4,1,514094,513654,440
127650081,6.25556,5.4059,441,125560,0.189579,0.4,1,514099,513658,441
127652101,2.05111,1.08118,442,125560,0.197916,0.39,1,514100,513658,442
127655021,6.01022,1.81624,447,125560,0.271583,0.4,1,514107,513660,447
127657941,9.20204,12.3632,442,125560,0.310317,0.27,1,514117,513675,442
127660421,5.04041,8.07265,439,125560,0.278063,0.29,1,514121,513682,439
127663341,7.40808,11.2145,435,125560,0.327613,0.26,1,514129,513694,435
127666261,7.88162,11.8429,431,125560,0.289523,0.29,1,514137,513706,431
127669181,9.57632,4.76858,438,125560,0.305905,0.29,1,514147,513709,438
127670821,7.51526,0.953716,445,125560,0.229181,0.21,1,514154,513709,445
127673741,7.90305,6.59074,445,125560,0.229836,0.3,1,514162,513717,445
127676661,4.78061,6.11815,443,125560,0.285967,0.32,1,514166,513723,443
127679581,6.55612,7.62363,442,125560,0.257193,0.36,1,514173,513731,442
127682261,7.71122,6.32473,444,125560,0.331439,0.33,1,514181,513737,444
127685181,10.3422,13.2649,440,125560,0.266288,0.29,1,514192,513752,440
127687461,5.26845,4.25299,442,125560,0.253258,0.33,1,514196,513754,442
127690381,5.85369,9.6506,437,125560,0.226652,0.26,1,514202,513765,437
127693301,4.37074,7.53012,434,125560,0.22133,0.21,1,514206,513772,434
127696221,9.67415,8.70602,436,125560,0.252266,0.31,1,514217,513781,436
127699141,9.93483,8.9412,437,125560,0.178453,0.32,1,514227,513790,437
127701601,4.38697,3.38824,438,125560,0.275691,0.32,1,514230,513792,438
127704521,3.27739,6.27765,434,125560,0.247138,0.32,1,514233,513799,434
127707441,8.65548,10.8555,432,125560,0.241428,0.31,1,514243,513811,432
127709921,8.9311,4.57111,438,125560,0.152286,0.25,1,514252,513814,438
127712841,8.18622,7.31422,438,125560,0.182457,0.34,1,514260,513822,438
127715761,4.83724,3.06284,440,125560,0.188491,0.18,1,514264,513824,440
127718681,26.5674,29.4126,436,125560,0.237698,0.2,1,514296,513860,436
127721361,6.91349,8.28251,435,125560,0.21554,0.29,1,514298,513863,435
127724281,6.1827,8.8565,432,125560,0.235108,0.29,1,514304,513872,432
127726561,3.63654,3.3713,433,125560,0.247022,0.26,1,514307,513874,433
127729481,8.72731,5.47426,437,125560,0.257404,0.4,1,514317,513880,437
127732401,11.3455,12.2949,435,125560,0.179481,0.3,1,514329,513894,435
127735321,23.0691,20.059,439,125560,0.195896,0.33,1,514355,513916,439
127738001,6.21382,8.81179,435,125560,0.239179,0.3,1,514357,513922,435
127740921,6.04276,8.16236,433,125560,0.231836,0.26,1,514363,513930,433
127743841,4.40855,3.23247,435,125560,0.278367,0.26,1,514367,513932,435
127745701,7.28171,0.646494,443,125560,0.311673,0.25,1,514375,513932,443
127748621,3.05634,5.7293,438,125560,0.286335,0.24,1,514377,513939,438
127751521,2.21127,2.74586,438,125560,0.281267,0.24,1,514379,513941,438
127754441,77.2423,79.7492,435,125560,0.144253,0.26,1,514475,514040,435
127757361,20.2485,23.1498,432,125560,0.108851,0.26,1,514481,514049,432
127759221,13.6497,4.62997,444,125560,0.26977,0.23,1,514493,514049,444
127762141,10.7299,12.926,439,125560,0.213954,0.2,1,514503,514064,439
127764421,7.74599,4.9852,443,125560,0.178791,0.32,1,514510,514067,443
127767341,6.3492,9.79704,438,125560,0.235758,0.3,1,514516,514078,438
127769201,2.06984,4.35941,436,125560,0.255152,0.26,1,514517,514081,436
127772121,10.814,11.2719,436,125560,0.25903,0.17,1,514530,514094,436
127774401,3.76279,6.25438,433,125560,0.267806,0.2,1,514532,514099,433
127777321,2.35256,2.05088,434,125560,0.277561,0.29,1,514534,514100,434
127780241,8.47051,6.01017,437,125560,0.271512,0.32,1,514544,514107,437
127783161,9.6941,9.20203,437,125560,0.278302,0.27,1,514554,514117,437
127785841,6.73882,5.04041,439,125560,0.21566,0.34,1,514560,514121,439
127788761,4.54776,7.40808,435,125560,0.259132,0.28,1,514564,514129,435
127791041,9.70955,7.88162,438,125560,0.275826,0.31,1,514575,514137,438
127793961,9.94191,9.57632,438,125560,0.255165,0.21,1,514585,514147,438
127796881,9.98838,7.51526,441,125560,0.195033,0.23,1,514595,514154,441
127799801,8.39768,7.90305,441,125560,0.191007,0.3,1,514603,514162,441
127801441,2.47954,4.78061,438,125560,0.198201,0.25,1,514604,514166,438
127804361,5.29591,6.55612,437,125560,0.18364,0.35,1,514610,514173,437
127807281,4.25918,7.71122,433,125560,0.204728,0.25,1,514614,514181,433
127810201,9.65184,10.3422,433,125560,0.264946,0.25,1,514625,514192,433
127812881,5.13037,5.26845,433,125560,0.292989,0.24,1,514629,514196,433
127815801,9.02607,6.65369,436,125560,0.186598,0.22,1,514639,514203,436
127818721,3.40521,3.73074,435,125560,0.16532,0.26,1,514641,514206,435
127821641,7.08104,9.54615,432,125560,0.145064,0.16,1,514649,514217,432
127824561,10.2162,9.90923,433,125560,0.245013,0.3,1,514660,514227,433
127826401,5.24324,4.38185,434,125560,0.209003,0.24,1,514664,514230,434
127829321,2.64865,3.27637,433,125560,0.2258,0.24,1,514666,514233,433
127832241,6.12973,8.65527,430,125560,0.22916,0.13,1,514673,514243,430
127834721,8.42595,8.93105,430,125560,0.237832,0.19,1,514682,514252,430
127837641,11.2852,8.18621,434,125560,0.199566,0.19,1,514694,514260,434
127840561,3.85704,4.83724,432,125560,0.167913,0.19,1,514696,514264,432
127842421,27.1714,0.967448,465,125560,0.313583,0.25,1,514729,514264,465
127845341,7.83428,25.7935,436,125560,0.294717,0.21,1,514732,514296,436
127847621,3.96686,6.7587,437,125560,0.298943,0.24,1,514735,514298,437
127850541,6.39337,6.15174,438,125560,0.307789,0.25,1,514742,514304,438
127853461,3.67867,3.63035,438,125560,0.301558,0.26,1,514745,514307,438
127856381,15.1357,8.72607,446,125560,0.252312,0.16,1,514763,514317,446
127859301,21.4271,11.3452,457,125560,0.282462,0.2,1,514786,514329,457
127862221,8.28543,23.069,436,125560,0.232492,0.25,1,514791,514355,436
127864261,8.85709,6.21381,443,125560,0.238498,0.21,1,514800,514357,443
127867181,3.37142,6.84276,438,125560,0.2397,0.29,1,514802,514364,438
127870101,8.67428,3.76855,445,125560,0.24794,0.32,1,514812,514367,445
127872581,3.33486,7.15371,439,125560,0.249588,0.28,1,514814,514375,439
127875501,2.26697,3.03074,439,125560,0.257918,0.28,1,514816,514377,439
127877781,72.4534,2.20615,527,125560,0.211584,0.11,1,514906,514379,527
127880701,21.6907,77.2412,440,125560,0.178317,0.1,1,514915,514475,440
127882561,5.93814,20.2482,436,125560,0.299663,0.31,1,514917,514481,436
127885481,16.3876,13.6496,443,125560,0.219933,0.2,1,514936,514493,443
127888401,9.67753,10.7299,441,125560,0.147987,0.17,1,514944,514503,441
127891301,4.33551,7.74599,437,125560,0.189597,0.25,1,514947,514510,437
127894221,4.8671,6.3492,436,125560,0.253919,0.26,1,514952,514516,436
127897141,7.37342,12.4698,430,125560,0.234784,0.27,1,514960,514530,430
127900061,7.87468,4.09397,436,125560,0.286957,0.28,1,514968,514532,436
127901701,3.97494,2.41879,437,125560,0.289391,0.27,1,514971,514534,437
127904621,7.99499,8.48376,436,125560,0.281878,0.28,1,514980,514544,436
127907541,8.799,9.69675,435,125560,0.232376,0.2,1,514989,514554,435
127910461,4.9598,6.73935,433,125560,0.190475,0.2,1,514993,514560,433
127912101,7.39196,1.34787,441,125560,0.166095,0.27,1,515001,514560,441
127915021,7.07839,6.66957,440,125560,0.249219,0.28,1,515008,514568,440
127917941,6.21568,6.93391,439,125560,0.249844,0.25,1,515014,514575,439
127920421,10.8431,9.38678,441,125560,0.201969,0.18,1,515026,514585,441
127923341,8.56863,9.87736,439,125560,0.168394,0.19,1,515034,514595,439
127925621,5.71373,8.37547,436,125560,0.257679,0.18,1,515039,514603,436
127928541,5.14274,7.27509,434,125560,0.187536,0.21,1,515044,514610,434
127931461,4.22855,4.65502,434,125560,0.173507,0.21,1,515048,514614,434
127933941,5.64571,0.931004,440,125560,0.234701,0.28,1,515054,514614,440
127936861,4.32914,8.9862,433,125560,0.24694,0.3,1,515058,514625,433
127939141,9.66583,4.99724,440,125560,0.273388,0.16,1,515069,514629,440
127942061,5.93317,8.99945,435,125560,0.206678,0.16,1,515074,514639,435
127943921,1.98663,3.39989,434,125560,0.177336,0.34,1,515075,514641,434
127946841,8.39733,11.08,431,125560,0.163467,0.27,1,515085,514654,431
127949761,9.67947,7.016,435,125560,0.168693,0.2,1,515095,514660,435
127952241,3.53589,4.6032,433,125560,0.233739,0.23,1,515097,514664,433
127955161,10.3072,8.12064,436,125560,0.270748,0.23,1,515109,514673,436
127958081,3.66144,1.62413,438,125560,0.24615,0.24,1,515111,514673,438
127961001,10.3323,7.52483,441,125560,0.24923,0.19,1,515123,514682,441
127963921,3.66646,11.105,431,125560,0.257846,0.16,1,515125,514694,431
127965761,1.53329,3.82099,430,125560,0.267569,0.35,1,515126,514696,430
127968681,34.7067,27.1642,440,125560,0.197514,0.29,1,515169,514729,440
127970961,8.54133,7.83284,439,125560,0.183503,0.34,1,515171,514732,439
127973881,4.90827,8.76657,434,125560,0.188701,0.31,1,515175,514741,434
127976801,3.38165,2.55331,436,125560,0.14974,0.3,1,515178,514742,436
127979701,16.6763,2.91066,453,125560,0.189948,0.24,1,515198,514745,453
127982621,21.7353,14.9821,458,125560,0.23799,0.29,1,515221,514763,458
127985541,5.94705,21.3964,437,125560,0.247598,0.22,1,515223,514786,437
127988021,9.98941,8.27928,443,125560,0.24952,0.24,1,515234,514791,443
127990941,3.59788,8.85586,436,125560,0.249904,0.24,1,515236,514800,436
127993861,8.71958,3.37117,444,125560,0.225981,0.25,1,515246,514802,444
127996781,3.34392,8.67423,436,125560,0.229196,0.25,1,515248,514812,436
127999461,9.46878,3.33485,445,125560,0.229839,0.3,1,515259,514814,445
128002381,62.6938,7.06697,513,125560,0.285968,0.17,1,515335,514822,513
128005301,25.3388,75.8134,436,125560,0.241194,0.33,1,515351,514915,436
128008221,17.0677,16.7627,449,125560,0.272239,0.2,1,515366,514917,449
128011141,13.0136,18.5525,442,125560,0.310448,0.13,1,515378,514936,442
128014061,4.20271,10.1105,436,125560,0.31809,0.2,1,515380,514944,436
128015681,1.64054,4.4221,434,125560,0.303618,0.27,1,515381,514947,434
128018601,4.32811,4.88442,434,125560,0.236724,0.23,1,515386,514952,434
128021521,7.26562,7.37688,434,125560,0.271345,0.23,1,515394,514960,434
128023381,5.45312,1.47538,439,125560,0.294269,0.3,1,515399,514960,439
128026301,4.29062,6.69508,435,125560,0.266854,0.28,1,515403,514968,435
128029221,7.25813,10.939,431,125560,0.261371,0.22,1,515411,514980,431
128032141,6.25163,9.3878,428,125560,0.324274,0.18,1,515417,514989,428
128035061,10.0503,5.07756,435,125560,0.352855,0.18,1,515428,514993,435
128036901,6.81007,1.01551,441,125560,0.366571,0.27,1,515434,514993,441
128039821,8.56201,12.2031,435,125560,0.409314,0.25,1,515443,515008,435
128042741,3.3124,7.24062,431,125560,0.449863,0.19,1,515445,515014,431
128045661,8.66248,11.0481,429,125560,0.345973,0.16,1,515455,515026,429
128048581,9.7325,8.60962,431,125560,0.389195,0.28,1,515465,515034,431
128051501,12.3465,5.72192,439,125560,0.365839,0.17,1,515478,515039,439
128054161,5.6693,5.14438,438,125560,0.353168,0.24,1,515482,515044,438
128057081,5.93386,7.42888,436,125560,0.366634,0.25,1,515488,515052,436
128060001,4.38677,3.08578,438,125560,0.401327,0.25,1,515492,515054,438
128062921,7.27735,3.81716,442,125560,0.368265,0.28,1,515500,515058,442
128065841,3.05547,9.56343,433,125560,0.409653,0.19,1,515502,515069,433
128068761,2.21109,5.91269,430,125560,0.417931,0.16,1,515504,515074,430
128071681,11.6422,9.98254,433,125560,0.419586,0.17,1,515518,515085,433
128074601,11.1284,9.99651,434,125560,0.395917,0.25,1,515529,515095,434
128077041,3.82569,3.5993,434,125560,0.407183,0.28,1,515531,515097,434
128079961,5.56514,10.3199,428,125560,0.313437,0.24,1,515537,515109,428
128082881,6.71303,3.66397,433,125560,0.374687,0.24,1,515544,515111,433
128084741,5.34261,0.732794,438,125560,0.370937,0.25,1,515549,515111,438
128087661,2.66852,9.74656,428,125560,0.362188,0.26,1,515551,515123,428
128089941,8.5337,3.54931,436,125560,0.336437,0.18,1,515561,515125,436
128092861,30.5067,35.9099,428,125560,0.363288,0.18,1,515597,515169,428
128095781,9.30135,8.78197,430,125560,0.360658,0.19,1,515601,515171,430
128098261,8.26027,4.95639,434,125560,0.360132,0.14,1,515609,515175,434
128101181,4.05205,3.39128,434,125560,0.328026,0.2,1,515612,515178,434
128104101,16.0104,16.6783,433,125560,0.337605,0.25,1,515631,515198,433
128107021,19.2021,21.7357,430,125560,0.315521,0.25,1,515651,515221,430
128109941,7.04042,5.94713,432,125560,0.287104,0.25,1,515655,515223,432
128111781,11.0081,1.18943,444,125560,0.345421,0.25,1,515667,515223,444
128114701,3.80162,9.03789,435,125560,0.365084,0.25,1,515669,515234,435
128117621,7.16032,3.40758,441,125560,0.377017,0.22,1,515677,515236,441
128120541,3.03206,8.68152,433,125560,0.355403,0.23,1,515679,515246,433
128123221,10.2064,3.3363,443,125560,0.335081,0.23,1,515691,515248,443
128126141,66.0413,9.46726,512,125560,0.371016,0.3,1,515771,515259,512
128129061,24.4083,62.6935,450,125560,0.362203,0.23,1,515785,515335,450
128131981,13.6817,25.3387,445,125560,0.416441,0.28,1,515796,515351,445
128134901,13.9363,17.0677,444,125560,0.307288,0.32,1,515810,515366,444
128137821,8.38727,13.0135,439,125560,0.285458,0.32,1,515817,515378,439
128139861,3.27745,4.20271,439,125560,0.401092,0.22,1,515819,515380,439
128142781,2.25549,5.64054,435,125560,0.424218,0.28,1,515821,515386,435
128145701,6.8511,7.52811,435,125560,0.348844,0.28,1,515829,515394,435
128148181,6.17022,1.50562,441,125560,0.413769,0.26,1,515835,515394,441
128151101,6.03404,7.50112,438,125560,0.378754,0.26,1,515841,515403,438
128154021,6.00681,7.90022,436,125560,0.395751,0.34,1,515847,515411,436
128156941,8.40136,6.38005,439,125560,0.31115,0.34,1,515856,515417,439
128158581,7.28027,1.27601,446,125560,0.31023,0.36,1,515863,515417,446
128161501,11.8561,9.0552,448,125560,0.350046,0.37,1,515876,515428,448
128163781,5.57121,6.61104,446,125560,0.302009,0.42,1,515880,515434,446
128166701,3.51424,8.52221,440,125560,0.316402,0.46,1,515883,515443,440
128168981,12.7028,3.30444,453,125560,0.30328,0.32,1,515898,515445,453
128171901,7.34057,8.66089,449,125560,0.252656,0.4,1,515904,515455,449
128174821,11.8681,9.73218,452,125560,0.306531,0.36,1,515917,515465,452
128177741,7.17362,12.3464,445,125560,0.277306,0.35,1,515923,515478,445
128180421,7.03472,5.66929,448,125560,0.271461,0.42,1,515930,515482,448
128183341,3.80694,8.33386,442,125560,0.278292,0.41,1,515933,515491,442
128186261,2.36139,2.46677,443,125560,0.295658,0.36,1,515935,515492,443
128188741,2.07228,6.89335,437,125560,0.299132,0.42,1,515937,515500,437
128191661,2.01446,2.97867,437,125560,0.323826,0.42,1,515939,515502,437
128193521,1.20289,2.19573,436,125560,0.312765,0.42,1,515940,515504,436
128196441,15.4406,11.6391,441,125560,0.350553,0.39,1,515959,515518,441
128199361,12.6881,11.1278,442,125560,0.278111,0.41,1,515971,515529,442
128201841,4.13762,3.82557,442,125560,0.327622,0.29,1,515973,515531,442
128204761,5.62752,5.56511,442,125560,0.289524,0.39,1,515979,515537,442
128207681,4.3255,6.71302,439,125560,0.273905,0.39,1,515983,515544,439
128209541,4.8651,1.3426,444,125560,0.310781,0.36,1,515988,515544,444
128212461,2.57302,5.86852,439,125560,0.326156,0.33,1,515990,515551,439
128214741,13.3146,9.1737,445,125560,0.297231,0.37,1,516006,515561,445
128217661,28.2629,30.6347,441,125560,0.339446,0.36,1,516038,515597,441
128220561,7.25258,9.32695,439,125560,0.355889,0.36,1,516040,515601,439
128223481,4.65052,8.26539,435,125560,0.335178,0.32,1,516044,515609,435
128226401,8.9301,4.05308,442,125560,0.283036,0.34,1,516054,515612,442
128229321,13.786,16.0106,438,125560,0.368607,0.31,1,516069,515631,438
128232241,17.1572,19.2021,436,125560,0.329721,0.28,1,516087,515651,436
128235121,10.6314,7.04042,441,125560,0.329944,0.36,1,516096,515655,441
128238041,12.5263,11.0081,442,125560,0.353989,0.37,1,516109,515667,442
128240321,7.30526,3.80162,446,125560,0.302798,0.35,1,516115,515669,446
128243241,3.06105,8.76032,438,125560,0.26056,0.35,1,516117,515679,438
128246161,11.0122,1.75206,451,125560,0.292112,0.33,1,516130,515679,451
128249081,63.0024,9.95041,515,125560,0.354422,0.38,1,516206,515691,515
128252001,28.6005,65.9901,455,125560,0.318884,0.36,1,516226,515771,455
128254921,10.5201,24.398,447,125560,0.279777,0.43,1,516232,515785,447
128257841,17.304,13.6796,455,125560,0.287955,0.28,1,516251,515796,455
128260761,6.6608,13.9359,445,125560,0.257591,0.28,1,516255,515810,445
128263621,6.13216,8.38718,444,125560,0.251518,0.45,1,516261,515817,444
128266541,2.82643,4.07744,443,125560,0.370304,0.43,1,516263,515820,443
128269461,5.36529,1.61549,448,125560,0.354061,0.33,1,516269,515821,448
128271941,5.07306,6.7231,445,125560,0.278812,0.43,1,516274,515829,445
128274861,4.21461,6.14462,443,125560,0.327762,0.37,1,516278,515835,443
128277781,8.84292,6.02892,447,125560,0.321553,0.4,1,516288,515841,447
128280701,8.16858,6.00578,449,125560,0.304311,0.29,1,516296,515847,449
128283621,4.83372,8.40116,444,125560,0.324862,0.36,1,516300,515856,444
128286541,13.7667,17.6802,440,125560,0.368972,0.29,1,516316,515876,440
128289201,4.35335,6.73605,438,125560,0.353794,0.37,1,516318,515880,438
128292121,5.67067,6.94721,437,125560,0.294759,0.3,1,516324,515887,437
128295041,13.1341,10.1894,441,125560,0.362952,0.24,1,516339,515898,441
128297961,9.02683,6.83789,443,125560,0.25659,0.32,1,516347,515904,443
128300881,11.4054,11.7676,442,125560,0.315318,0.27,1,516359,515917,442
128302721,3.08107,7.15352,437,125560,0.311064,0.27,1,516360,515923,437
128305641,8.61621,7.0307,440,125560,0.334213,0.28,1,516370,515930,440
128307921,3.32324,3.80614,439,125560,0.378843,0.35,1,516372,515933,439
128310841,2.26465,7.96123,432,125560,0.387769,0.35,1,516374,515942,432
128313761,2.05293,1.59225,434,125560,0.357554,0.35,1,516376,515942,434
128316681,2.01059,0.318449,436,125560,0.327511,0.35,1,516378,515942,436
128319601,10.0021,0.0636898,448,125560,0.329502,0.36,1,516390,515942,448
128322521,15.6004,13.6127,448,125560,0.2899,0.26,1,516407,515959,448
128325441,4.72008,12.3225,438,125560,0.25798,0.34,1,516409,515971,438
128328101,7.34402,4.06451,444,125560,0.243596,0.28,1,516417,515973,444
128331021,3.0688,5.6129,440,125560,0.296719,0.27,1,516419,515979,440
128333941,7.01376,4.32258,444,125560,0.355344,0.32,1,516427,515983,444
128336421,3.00275,4.86452,441,125560,0.375069,0.29,1,516429,515988,441
128339341,8.60055,4.1729,447,125560,0.323014,0.35,1,516439,515992,447
128342261,30.5201,37.6346,437,125560,0.336603,0.36,1,516475,516038,437
128345181,7.70402,9.12692,437,125560,0.339321,0.36,1,516477,516040,437
128346821,3.1408,1.82538,439,125560,0.339864,0.33,1,516479,516040,439
128349741,7.02816,3.56508,443,125560,0.347973,0.27,1,516487,516044,443
128352661,12.6056,8.71302,447,125560,0.365595,0.39,1,516501,516054,447
128355581,20.9211,13.7426,455,125560,0.337119,0.32,1,516524,516069,455
128358501,8.18422,17.1485,442,125560,0.379424,0.33,1,516529,516087,442
128361421,15.2368,10.6297,450,125560,0.323885,0.36,1,516546,516096,450
128364341,8.64737,12.5259,444,125560,0.328777,0.29,1,516553,516109,444
128367261,3.32947,7.30519,440,125560,0.297755,0.25,1,516555,516115,440
128369701,7.06589,3.06104,446,125560,0.291551,0.3,1,516563,516117,446
128372621,67.0132,11.0122,515,125560,0.41031,0.37,1,516645,516130,515
128375541,24.6026,63.0024,453,125560,0.370062,0.31,1,516659,516206,453
128378461,10.5205,28.6005,440,125560,0.290012,0.27,1,516666,516226,440
128381141,16.5041,10.5201,452,125560,0.266002,0.29,1,516684,516232,452
128384061,10.5008,17.304,442,125560,0.2932,0.25,1,516693,516251,442
128385921,2.90016,6.6608,439,125560,0.28264,0.4,1,516694,516255,439
128388841,5.38003,9.33216,435,125560,0.200528,0.4,1,516700,516265,435
128391761,2.67601,1.86643,437,125560,0.240106,0.35,1,516702,516265,437
128394681,3.7352,3.57329,437,125560,0.368021,0.26,1,516706,516269,437
128397361,5.54704,4.71466,438,125560,0.377604,0.34,1,516712,516274,438
128400281,9.10941,5.74293,442,125560,0.339521,0.32,1,516722,516280,442
128403201,6.62188,7.54859,440,125560,0.291904,0.3,1,516728,516288,440
128406121,2.92438,7.90972,434,125560,0.250381,0.33,1,516730,516296,434
128409041,10.1849,4.78194,442,125560,0.250076,0.38,1,516742,516300,442
128411961,10.037,13.7564,436,125560,0.210015,0.35,1,516752,516316,436
128414001,3.60739,4.35128,436,125560,0.242003,0.29,1,516754,516318,436
128416921,8.72148,8.07026,437,125560,0.344401,0.38,1,516764,516327,437
128419841,9.7443,11.2141,435,125560,0.25288,0.23,1,516774,516339,435
128422321,11.5489,8.64281,439,125560,0.274576,0.33,1,516786,516347,439
128425241,11.9098,11.3286,439,125560,0.334915,0.31,1,516798,516359,439
128428161,3.98195,3.06571,440,125560,0.314983,0.34,1,516800,516360,440
128431081,8.79639,8.61314,440,125560,0.222997,0.39,1,516810,516370,440
128434001,3.35928,3.32263,440,125560,0.316599,0.39,1,516812,516372,440
128436921,2.27186,2.26453,440,125560,0.36732,0.35,1,516814,516374,440
128439841,2.05437,2.05291,440,125560,0.345464,0.32,1,516816,516376,440
128442501,6.81087,2.01058,446,125560,0.309093,0.33,1,516824,516378,446
128445421,15.7622,10.0021,452,125560,0.237819,0.28,1,516842,516390,452
128448341,7.15243,15.6004,440,125560,0.295564,0.25,1,516847,516407,440
128450401,3.03049,4.72008,440,125560,0.275113,0.24,1,516849,516409,440
128453321,8.6061,7.34402,442,125560,0.255023,0.31,1,516859,516417,442
128455601,3.32122,3.0688,442,125560,0.219005,0.38,1,516861,516419,442
128458521,5.46424,8.61376,438,125560,0.227801,0.38,1,516867,516429,438
128461441,2.69285,1.72275,440,125560,0.20556,0.31,1,516869,516429,440
128464361,6.13857,8.34455,437,125560,0.297112,0.34,1,516876,516439,437
128467281,31.6277,30.4689,439,125560,0.299422,0.34,1,516914,516475,439
128470161,7.92554,7.69378,439,125560,0.299884,0.36,1,516916,516477,439
128473081,6.38511,7.13876,438,125560,0.283977,0.35,1,516922,516484,438
128476001,12.477,3.82775,449,125560,0.256795,0.37,1,516936,516487,449
128478921,23.2954,11.9656,461,125560,0.179359,0.33,1,516962,516501,461
128481841,9.45908,20.7931,444,125560,0.123872,0.39,1,516968,516524,444
128483681,2.69182,8.15862,440,125560,0.0967744,0.31,1,516969,516529,440
128486601,10.1384,15.2317,435,125560,0.179355,0.33,1,516981,516546,435
128488881,9.22767,8.64634,437,125560,0.195871,0.29,1,516990,516553,437
128491801,5.84553,3.32927,440,125560,0.271174,0.29,1,516995,516555,440
128494721,5.96911,7.06585,438,125560,0.262235,0.29,1,517001,516563,438
128496581,68.3938,1.41317,522,125560,0.284447,0.44,1,517085,516563,522
128499501,19.2788,65.8826,447,125560,0.232889,0.36,1,517092,516645,447
128502421,14.2558,24.3765,446,125560,0.270578,0.27,1,517105,516659,446
128505341,13.2512,10.4753,452,125560,0.310116,0.3,1,517118,516666,452
128508261,10.6502,23.6951,435,125560,0.286023,0.28,1,517128,516693,435
128511181,7.73005,5.53901,441,125560,0.257205,0.18,1,517135,516694,441
128514101,6.34601,5.9078,441,125560,0.187441,0.25,1,517141,516700,441
128516961,2.8692,2.78156,441,125560,0.237488,0.39,1,517143,516702,441
128519881,3.77384,5.35631,439,125560,0.279498,0.38,1,517147,516708,439
128522801,3.95477,4.27126,439,125560,0.2319,0.33,1,517151,516712,439
128525721,7.19095,8.85425,437,125560,0.24638,0.28,1,517159,516722,437
128528401,6.23819,6.57085,437,125560,0.313276,0.4,1,517165,516728,437
128531321,4.44764,4.51417,437,125560,0.262655,0.25,1,517169,516732,437
128534241,5.68953,8.90283,433,125560,0.284531,0.2,1,517175,516742,433
128537161,15.5379,9.78057,441,125560,0.280906,0.25,1,517193,516752,441
128540081,6.30758,3.55611,443,125560,0.256181,0.37,1,517197,516754,443
128543001,10.8615,8.71122,445,125560,0.283236,0.23,1,517209,516764,445
128545921,14.9723,9.74224,451,125560,0.232647,0.28,1,517225,516774,451
128548841,6.19446,11.5484,443,125560,0.246529,0.35,1,517229,516786,443
128551761,3.63889,11.9097,434,125560,0.233306,0.31,1,517232,516798,434
128553361,2.32778,3.98194,434,125560,0.222661,0.2,1,517234,516800,434
128556281,10.8656,8.79639,437,125560,0.284532,0.34,1,517247,516810,437
128558561,3.77311,3.35928,437,125560,0.296906,0.31,1,517249,516812,437
128561481,7.15462,9.47186,434,125560,0.211381,0.31,1,517257,516823,434
128564401,3.03092,1.89437,436,125560,0.234276,0.3,1,517259,516823,436
128567321,3.80618,1.17887,439,125560,0.326855,0.22,1,517263,516824,439
128570241,11.1612,14.6358,434,125560,0.257371,0.31,1,517276,516842,434
128573121,7.03225,6.92715,435,125560,0.211474,0.29,1,517282,516847,435
128576041,8.60645,6.98543,437,125560,0.210295,0.25,1,517291,516854,437
128578961,3.32129,5.39709,434,125560,0.218059,0.21,1,517293,516859,434
128581441,8.66426,2.67942,442,125560,0.203612,0.27,1,517303,516861,442
128584361,4.93285,10.9359,433,125560,0.208722,0.27,1,517307,516874,433
128587281,2.58657,2.18718,435,125560,0.257744,0.32,1,517309,516874,435
128590201,30.1173,2.03744,470,125560,0.259549,0.3,1,517346,516876,470
128593121,7.62346,30.8075,434,125560,0.30791,0.3,1,517348,516914,434
128594961,2.32469,7.7615,433,125560,0.325582,0.28,1,517349,516916,433
128597881,10.8649,11.1523,434,125560,0.273116,0.25,1,517362,516928,434
128600801,6.97299,8.63046,432,125560,0.302623,0.16,1,517368,516936,432
128603721,22.9946,22.5261,433,125560,0.316525,0.11,1,517395,516962,433
128606401,10.1989,9.30522,434,125560,0.303305,0.24,1,517402,516968,434
128609321,10.0398,5.86104,439,125560,0.316661,0.2,1,517412,516973,439
128612241,10.808,7.57221,442,125560,0.279332,0.2,1,517423,516981,442
128615161,6.96159,8.71444,439,125560,0.303866,0.29,1,517429,516990,439
128616801,2.19232,5.74289,435,125560,0.332773,0.26,1,517430,516995,435
128619721,5.23846,5.94858,435,125560,0.346555,0.29,1,517436,517001,435
128622641,72.2477,68.3897,440,125560,0.357311,0.22,1,517525,517085,440
128625561,20.8495,19.2779,441,125560,0.335462,0.28,1,517533,517092,441
128628481,19.3699,14.2556,447,125560,0.299092,0.32,1,517552,517105,447
128631401,9.47398,13.2511,441,125560,0.339819,0.28,1,517559,517118,441
128634321,9.8948,10.6502,441,125560,0.267964,0.25,1,517569,517128,441
128636981,5.17896,7.73004,438,125560,0.341593,0.17,1,517573,517135,438
128639901,4.23579,6.34601,436,125560,0.284319,0.25,1,517577,517141,436
128641761,1.64716,2.8692,435,125560,0.256864,0.35,1,517578,517143,435
128644681,9.92943,9.37384,436,125560,0.331373,0.35,1,517590,517154,436
128647601,3.58589,1.87477,438,125560,0.354275,0.25,1,517592,517154,438
128650521,2.31718,4.37495,435,125560,0.326855,0.33,1,517594,517159,435
128653441,6.86344,5.67499,437,125560,0.321371,0.25,1,517602,517165,437
128656321,4.57269,4.335,437,125560,0.344274,0.32,1,517606,517169,437
128659241,5.71454,6.467,436,125560,0.324855,0.28,1,517612,517176,436
128662161,10.7429,14.8934,431,125560,0.360971,0.25,1,517624,517193,431
128664641,10.1486,6.17868,437,125560,0.368194,0.29,1,517634,517197,437
128667561,8.42972,10.8357,433,125560,0.353639,0.22,1,517642,517209,433
128670481,14.4859,14.9671,433,125560,0.294728,0.25,1,517658,517225,433
128673401,9.29719,6.19343,437,125560,0.378946,0.25,1,517666,517229,437
128675461,3.45944,1.23869,439,125560,0.363789,0.24,1,517668,517229,439
128678381,2.29189,3.44774,437,125560,0.360758,0.3,1,517670,517233,437
128681301,8.45838,11.8895,433,125560,0.368152,0.3,1,517680,517247,433
128684221,12.0917,3.97791,444,125560,0.37763,0.19,1,517693,517249,444
128685861,3.21834,7.19558,437,125560,0.363526,0.24,1,517694,517257,437
128688781,2.24367,3.03912,437,125560,0.368705,0.35,1,517696,517259,437
128691681,2.04873,3.80782,435,125560,0.329741,0.24,1,517698,517263,435
128694601,5.20975,11.1616,428,125560,0.441948,0.2,1,517704,517276,428
128697521,8.24195,7.03231,431,125560,0.36839,0.21,1,517713,517282,431
128700441,9.64839,8.60646,432,125560,0.305678,0.21,1,517723,517291,432
128702501,3.52968,1.72129,434,125560,0.317136,0.29,1,517725,517291,434
128705421,12.7059,3.54426,445,125560,0.399427,0.2,1,517740,517295,445
128708341,6.54119,7.10885,442,125560,0.351885,0.21,1,517745,517303,442
128710821,2.90824,4.62177,440,125560,0.310377,0.35,1,517747,517307,440
128713741,27.7816,5.72435,468,125560,0.302075,0.26,1,517781,517313,468
128716661,7.15633,27.5449,437,125560,0.380415,0.32,1,517783,517346,437
128719141,11.0313,7.10897,447,125560,0.340083,0.26,1,517795,517348,447
128722061,3.80625,12.6218,435,125560,0.340017,0.31,1,517797,517362,435
128724981,5.56125,7.32436,435,125560,0.252003,0.31,1,517803,517368,435
128727461,21.1123,1.46487,460,125560,0.274401,0.32,1,517828,517368,460
128730381,13.8225,21.893,445,125560,0.37488,0.3,1,517840,517395,445
128732661,7.56449,9.97859,444,125560,0.298976,0.32,1,517846,517402,444
128735581,12.7129,9.99572,448,125560,0.283795,0.27,1,517860,517412,448
128738501,4.94258,10.7991,440,125560,0.336759,0.31,1,517863,517423,440
128740981,8.98852,6.95983,444,125560,0.411352,0.35,1,517873,517429,444
128743901,3.3977,6.99197,439,125560,0.41827,0.36,1,517875,517436,439
128746821,71.8795,72.5984,439,125560,0.427654,0.33,1,517964,517525,439
128749741,22.3759,20.9197,441,125560,0.333531,0.33,1,517974,517533,441
128751381,17.2752,4.18394,457,125560,0.386706,0.29,1,517990,517533,457
128754301,5.05504,16.0368,440,125560,0.373341,0.35,1,517992,517552,440
128757221,9.01101,8.80736,443,125560,0.410668,0.25,1,518002,517559,443
128759281,3.4022,9.76147,435,125560,0.418134,0.36,1,518004,517569,435
128762201,10.2804,5.15229,443,125560,0.427627,0.27,1,518016,517573,443
128764481,3.65609,4.23046,441,125560,0.405525,0.41,1,518018,517577,441
128767401,8.73122,6.44609,444,125560,0.329105,0.35,1,518028,517584,444
128770321,4.14624,6.08922,441,125560,0.385821,0.36,1,518031,517590,441
128772801,3.22925,2.81784,442,125560,0.373164,0.37,1,518034,517592,442
128775721,9.44585,10.9636,440,125560,0.346633,0.37,1,518045,517605,440
128778641,3.48917,2.19271,442,125560,0.309327,0.35,1,518047,517605,442
128781561,2.29783,1.23854,443,125560,0.285865,0.32,1,518049,517606,443
128784481,3.65957,5.04771,441,125560,0.377173,0.37,1,518053,517612,441
128787401,9.53191,10.6095,440,125560,0.347435,0.37,1,518064,517624,440
128789441,9.90638,10.1219,440,125560,0.389487,0.35,1,518074,517634,440
128792361,6.78128,8.42438,438,125560,0.341897,0.28,1,518080,517642,438
128795281,15.7563,14.4849,440,125560,0.348379,0.4,1,518098,517658,440
128798201,11.1513,9.29698,442,125560,0.365676,0.36,1,518108,517666,442
128800881,3.83025,3.45939,442,125560,0.369135,0.35,1,518110,517668,442
128803801,5.56605,4.69188,443,125560,0.345827,0.37,1,518116,517673,443
128806721,5.91321,6.53838,442,125560,0.325165,0.38,1,518122,517680,442
128809641,13.1826,11.7077,444,125560,0.361033,0.36,1,518137,517693,444
128812321,4.23653,3.14153,445,125560,0.344207,0.47,1,518139,517694,445
128815241,4.04731,8.62831,439,125560,0.316841,0.47,1,518143,517704,439
128818161,2.40946,1.72566,441,125560,0.311368,0.47,1,518145,517704,441
128821081,3.68189,0.345132,445,125560,0.334274,0.35,1,518149,517704,445
128822721,1.53638,7.26903,437,125560,0.346855,0.29,1,518150,517713,437
128825641,9.10728,9.45381,438,125560,0.269371,0.32,1,518161,517723,438
128827921,3.42146,3.49076,438,125560,0.237874,0.42,1,518163,517725,438
128830841,13.4843,12.6982,439,125560,0.351575,0.34,1,518179,517740,439
128833121,9.09686,6.53963,442,125560,0.358315,0.34,1,518187,517745,442
128836041,5.01937,5.30793,441,125560,0.375663,0.3,1,518191,517750,441
128838961,23.4039,25.8616,438,125560,0.331133,0.4,1,518219,517781,438
128841441,6.28077,6.77232,438,125560,0.290227,0.33,1,518221,517783,438
128844361,7.65615,10.9545,434,125560,0.354045,0.34,1,518229,517795,434
128847281,3.13123,3.79089,434,125560,0.374809,0.23,1,518231,517797,434
128850201,9.42625,5.55818,439,125560,0.386962,0.28,1,518242,517803,439
128853121,31.4852,21.1116,451,125560,0.285392,0.4,1,518279,517828,451
128856041,9.49705,13.8223,443,125560,0.273078,0.28,1,518283,517840,443
128858961,12.2994,7.56447,450,125560,0.334616,0.28,1,518296,517846,450
128861881,9.65988,12.7129,445,125560,0.266923,0.35,1,518305,517860,445
128864741,7.53198,4.94258,449,125560,0.261385,0.43,1,518312,517863,449
128867661,3.9064,8.98852,442,125560,0.228277,0.42,1,518315,517873,442
128870581,69.5813,3.3977,526,125560,0.269655,0.43,1,518401,517875,526
128873501,25.1163,71.8795,451,125560,0.293931,0.31,1,518415,517964,451
128876421,17.0233,22.3759,456,125560,0.322786,0.37,1,518430,517974,456
128879341,8.20465,18.8752,444,125560,0.296557,0.42,1,518436,517992,444
128882261,8.84093,11.775,443,125560,0.187311,0.42,1,518445,518002,443
128885181,6.56819,3.95501,447,125560,0.173462,0.43,1,518451,518004,447
128888101,3.71364,10.391,438,125560,0.282692,0.4,1,518454,518016,438
128891021,12.7427,3.6782,451,125560,0.272538,0.31,1,518469,518018,451
128893941,4.14855,8.73564,443,125560,0.230508,0.4,1,518471,518028,443
128895521,1.62971,4.14713,441,125560,0.326102,0.44,1,518472,518031,441
128898441,9.12594,6.42943,445,125560,0.32122,0.34,1,518483,518038,445
128901361,3.42519,6.88588,440,125560,0.320244,0.3,1,518485,518045,440
128903841,2.28504,2.97718,440,125560,0.288049,0.4,1,518487,518047,440
128906761,5.25701,6.99544,438,125560,0.23361,0.4,1,518493,518055,438
128909681,2.6514,1.39909,440,125560,0.222722,0.34,1,518495,518055,440
128912601,10.1303,7.47982,443,125560,0.332544,0.4,1,518507,518064,443
128915521,13.2261,9.49596,447,125560,0.354509,0.33,1,518521,518074,447
128918441,17.0452,6.69919,459,125560,0.310902,0.35,1,518539,518080,459
128921361,9.00904,15.7398,448,125560,0.33418,0.37,1,518546,518098,448
128924281,4.20181,11.148,441,125560,0.290836,0.37,1,518549,518108,441
128927141,8.04036,3.82959,448,125560,0.306167,0.36,1,518558,518110,448
128930061,4.00807,8.76592,441,125560,0.301233,0.32,1,518561,518120,441
128932981,10.4016,3.35318,451,125560,0.348247,0.37,1,518573,518122,451
128935901,6.08032,12.6706,441,125560,0.301649,0.34,1,518578,518137,441
128938581,7.61606,4.13413,447,125560,0.27633,0.41,1,518586,518139,447
128941501,3.12321,12.0268,435,125560,0.247266,0.41,1,518588,518153,435
128944421,2.22464,2.40536,437,125560,0.233453,0.41,1,518590,518153,437
128947341,2.04493,0.481073,439,125560,0.230691,0.25,1,518592,518153,439
128950261,9.20899,6.49621,442,125560,0.190138,0.23,1,518603,518161,442
128953181,3.4418,2.89924,442,125560,0.150028,0.38,1,518605,518163,442
128956101,11.8884,13.3798,440,125560,0.246006,0.36,1,518619,518179,440
128959021,9.57767,9.07597,441,125560,0.265201,0.38,1,518628,518187,441
128961941,26.7155,5.01519,468,125560,0.18104,0.32,1,518659,518191,468
128964861,6.94311,23.403,442,125560,0.172208,0.28,1,518661,518219,442
128967701,7.78862,6.28061,448,125560,0.210442,0.37,1,518669,518221,448
128970621,3.15772,7.65612,442,125560,0.218088,0.38,1,518671,518229,442
128972481,1.43154,3.13122,441,125560,0.243618,0.39,1,518672,518231,441
128975401,5.08631,9.42625,436,125560,0.304724,0.26,1,518678,518242,436
128978321,28.2173,31.4852,433,125560,0.332945,0.27,1,518712,518279,433
128980801,15.2435,9.49705,441,125560,0.266589,0.35,1,518724,518283,441
128983721,7.84869,12.2994,434,125560,0.245318,0.25,1,518730,518296,434
128986641,7.96974,9.65988,433,125560,0.345064,0.26,1,518738,518305,433
128989121,11.9939,7.53198,439,125560,0.365013,0.26,1,518751,518312,439
128992041,7.19879,7.1064,438,125560,0.289003,0.28,1,518757,518319,438
128994961,63.8398,67.0213,434,125560,0.265801,0.3,1,518835,518401,434
128997881,27.168,24.6043,438,125560,0.24516,0.33,1,518853,518415,438
129000801,13.4336,16.9209,433,125560,0.297032,0.29,1,518863,518430,433
129003721,4.28672,8.18417,429,125560,0.307406,0.16,1,518865,518436,429
129006641,13.6573,8.83683,436,125560,0.285481,0.17,1,518881,518445,436
129009561,7.53147,6.56737,436,125560,0.241096,0.17,1,518887,518451,436
129011381,2.30629,1.31347,437,125560,0.288219,0.31,1,518888,518451,437
129014301,14.0613,2.66269,451,125560,0.281644,0.27,1,518905,518454,451
129017221,6.01225,12.5325,440,125560,0.328329,0.22,1,518909,518469,440
129019701,6.00245,4.10651,444,125560,0.297666,0.32,1,518915,518471,444
129022621,2.80049,10.4213,434,125560,0.291533,0.32,1,518917,518483,434
129025541,2.1601,3.68426,434,125560,0.266307,0.32,1,518919,518485,434
129028021,2.03202,0.736852,436,125560,0.357261,0.22,1,518921,518485,436
129030941,8.4064,6.54737,438,125560,0.327452,0.22,1,518931,518493,438
129033221,4.08128,1.30947,441,125560,0.32949,0.25,1,518934,518493,441
129036141,11.2163,2.66189,451,125560,0.337898,0.36,1,518947,518496,451
129039061,8.64325,9.33238,448,125560,0.25958,0.36,1,518955,518507,448
129041981,17.7287,13.0665,454,125560,0.307916,0.3,1,518975,518521,454
129044901,9.94573,17.0133,444,125560,0.181583,0.34,1,518983,518539,444
129047821,3.58915,9.00266,439,125560,0.204317,0.28,1,518985,518546,439
129049441,1.51783,4.20053,437,125560,0.224863,0.31,1,518986,518549,437
129052361,9.10357,8.04011,439,125560,0.228973,0.3,1,518997,518558,439
129055281,5.02071,4.00802,440,125560,0.333795,0.36,1,519001,518561,440
129058201,7.40414,10.4016,436,125560,0.258759,0.29,1,519009,518573,436
129060881,3.08083,6.08032,433,125560,0.243752,0.27,1,519011,518578,433
129063801,7.01617,7.61606,433,125560,0.25675,0.24,1,519019,518586,433
129066081,4.60323,3.12321,435,125560,0.34735,0.2,1,519023,518588,435
129069001,2.52065,6.22464,430,125560,0.33347,0.2,1,519025,518595,430
129071921,2.10413,1.24493,432,125560,0.298694,0.18,1,519027,518595,432
129074841,9.22083,6.64899,435,125560,0.299739,0.14,1,519038,518603,435
129077521,3.44417,2.9298,435,125560,0.267948,0.27,1,519040,518605,435
129080441,11.0888,11.786,434,125560,0.37359,0.27,1,519053,518619,434
129083361,11.8178,9.55719,437,125560,0.258718,0.16,1,519065,518628,437
129086281,23.9636,26.7114,433,125560,0.235744,0.17,1,519092,518659,433
129089201,6.39271,6.94229,433,125560,0.199149,0.17,1,519094,518661,433
129091461,12.4785,1.38846,447,125560,0.26383,0.22,1,519108,518661,447
129094381,4.09571,8.27769,439,125560,0.244766,0.22,1,519110,518671,439
129097301,2.41914,1.65554,441,125560,0.216953,0.32,1,519112,518671,441
129099781,3.68383,5.93111,438,125560,0.299391,0.34,1,519116,518678,438
129102701,25.5368,28.3862,435,125560,0.331878,0.25,1,519147,518712,435
129105621,11.5074,15.2772,431,125560,0.250376,0.24,1,519155,518724,431
129108541,12.7015,7.85545,438,125560,0.338075,0.24,1,519168,518730,438
129110181,3.34029,1.57109,439,125560,0.339615,0.37,1,519169,518730,439
129113101,10.2681,6.71422,443,125560,0.227923,0.37,1,519181,518738,443
129116021,12.4536,11.7428,443,125560,0.221585,0.27,1,519194,518751,443
129118941,64.8907,7.14857,515,125560,0.268317,0.26,1,519272,518757,515
129121861,27.3781,63.8297,455,125560,0.237663,0.24,1,519290,518835,455
129124781,13.4756,27.1659,447,125560,0.271533,0.31,1,519300,518853,447
129126821,4.29513,13.4332,439,125560,0.286307,0.31,1,519302,518863,439
129129741,10.459,4.28664,449,125560,0.305261,0.28,1,519314,518865,449
129132661,10.8918,13.6573,444,125560,0.189052,0.23,1,519325,518881,444
129134721,3.77836,7.53147,440,125560,0.26981,0.39,1,519327,518887,440
129137641,11.9557,7.90629,446,125560,0.285962,0.28,1,519341,518895,446
129140561,3.99113,9.58126,438,125560,0.249192,0.34,1,519343,518905,438
129143461,8.79823,5.11625,444,125560,0.281839,0.31,1,519353,518909,444
129146381,3.35965,6.62325,439,125560,0.312368,0.29,1,519355,518916,439
129149301,2.27193,2.12465,440,125560,0.286474,0.26,1,519357,518917,440
129151781,3.65439,2.02493,442,125560,0.217295,0.39,1,519361,518919,442
129154701,8.73088,2.80499,449,125560,0.243459,0.32,1,519371,518922,449
129157621,3.34618,7.761,442,125560,0.256692,0.34,1,519373,518931,442
129160541,5.46924,14.3522,432,125560,0.203338,0.24,1,519379,518947,432
129163461,13.0938,9.27044,439,125560,0.256668,0.24,1,519394,518955,439
129165301,13.0188,1.85409,452,125560,0.267334,0.32,1,519407,518955,452
129168221,10.6038,16.3708,442,125560,0.237467,0.15,1,519417,518975,442
129170081,2.92075,9.67416,435,125560,0.231493,0.29,1,519418,518983,435
129173001,3.78415,6.73483,433,125560,0.174299,0.29,1,519422,518989,433
129175921,7.15683,1.34697,441,125560,0.19486,0.23,1,519430,518989,441
129178841,4.63137,6.66939,437,125560,0.294972,0.36,1,519434,518997,437
129181761,8.92627,4.53388,443,125560,0.314994,0.24,1,519444,519001,443
129184681,3.38525,7.30678,437,125560,0.310999,0.24,1,519446,519009,437
129187141,7.07705,3.06136,443,125560,0.2462,0.26,1,519454,519011,443
129190061,6.21541,7.01227,441,125560,0.24124,0.37,1,519460,519019,441
129191921,2.04308,4.60245,438,125560,0.224248,0.29,1,519461,519023,438
129194841,3.60862,7.32049,434,125560,0.18085,0.29,1,519465,519031,434
129197761,9.52172,1.4641,445,125560,0.21217,0.3,1,519476,519031,445
129200681,3.50434,5.89282,440,125560,0.226434,0.26,1,519478,519038,440
129202321,1.50087,2.77856,439,125560,0.245287,0.4,1,519479,519040,439
129205241,5.10017,10.9557,432,125560,0.161057,0.23,1,519485,519053,432
129208161,11.42,11.7911,433,125560,0.288211,0.23,1,519498,519065,433
129211081,28.684,23.9582,439,125560,0.193642,0.19,1,519531,519092,439
129213761,7.3368,6.39165,439,125560,0.142728,0.28,1,519533,519094,439
129216681,11.0674,12.4783,437,125560,0.276546,0.24,1,519545,519108,437
129219601,3.81347,4.09567,437,125560,0.303309,0.21,1,519547,519110,437
129221461,4.76269,2.41913,440,125560,0.284662,0.32,1,519552,519112,440
129224381,2.55254,3.68383,438,125560,0.248932,0.34,1,519554,519116,438
129227301,24.5105,25.5368,437,125560,0.241786,0.23,1,519584,519147,437
129230221,9.7021,11.5074,435,125560,0.256357,0.36,1,519590,519155,435
129233141,9.94042,12.7015,432,125560,0.283271,0.34,1,519600,519168,432
129236061,12.3881,3.34029,444,125560,0.280654,0.2,1,519613,519169,444
129238981,17.6776,10.2681,451,125560,0.232131,0.22,1,519632,519181,451
129241901,60.3355,12.4536,509,125560,0.214426,0.28,1,519703,519194,509
129244821,30.4671,64.8907,454,125560,0.314885,0.23,1,519726,519272,454
129247741,10.8934,27.3781,442,125560,0.294977,0.28,1,519732,519290,442
129250661,3.77868,13.4756,434,125560,0.282995,0.29,1,519734,519300,434
129252241,1.55574,4.29513,433,125560,0.264599,0.31,1,519735,519302,433
129255161,6.71115,10.459,429,125560,0.34892,0.16,1,519743,519314,429
129258081,11.7422,10.8918,431,125560,0.317784,0.29,1,519756,519325,431
129261001,15.1484,3.77836,445,125560,0.231557,0.29,1,519772,519327,445
129263921,7.02969,11.9557,436,125560,0.302311,0.24,1,519777,519341,436
129265761,2.20594,3.99113,435,125560,0.292462,0.29,1,519778,519343,435
129268681,10.0412,8.79823,437,125560,0.314492,0.32,1,519790,519353,437
129270961,3.60824,3.35965,437,125560,0.294898,0.28,1,519792,519355,437
129273881,2.32165,2.27193,437,125560,0.25898,0.2,1,519794,519357,437
129276801,2.06433,3.65439,435,125560,0.219796,0.2,1,519796,519361,435
129278661,6.81287,0.730877,443,125560,0.171959,0.25,1,519804,519361,443
129281581,2.96257,8.14618,435,125560,0.266392,0.26,1,519806,519371,435
129283861,8.59251,3.22924,443,125560,0.245278,0.26,1,519816,519373,443
129286781,12.9185,7.84585,448,125560,0.289056,0.27,1,519830,519382,448
129289701,10.5837,11.1692,446,125560,0.273811,0.23,1,519840,519394,446
129292621,8.51674,20.6338,431,125560,0.254762,0.23,1,519848,519417,431
129295541,3.30335,4.92677,432,125560,0.306952,0.16,1,519850,519418,432
129298461,5.46067,4.18535,434,125560,0.28539,0.2,1,519856,519422,434
129301381,7.49213,7.23707,434,125560,0.265078,0.32,1,519864,519430,434
129303201,7.09843,4.64741,437,125560,0.341016,0.32,1,519871,519434,437
129306121,6.21969,8.92948,433,125560,0.316203,0.31,1,519877,519444,433
129309041,4.44394,3.3859,435,125560,0.303241,0.31,1,519881,519446,435
129310901,8.08879,0.677179,444,125560,0.324648,0.27,1,519890,519446,444
129313821,3.21776,9.73544,434,125560,0.33693,0.24,1,519892,519458,434
129316741,2.24355,3.54709,434,125560,0.339386,0.17,1,519894,519460,434
129319221,5.24871,4.70942,435,125560,0.275877,0.22,1,519900,519465,435
129322141,5.04974,9.74188,429,125560,0.311175,0.23,1,519905,519476,429
129325041,2.60995,3.54838,429,125560,0.286235,0.15,1,519907,519478,429
129327961,12.522,7.90968,435,125560,0.321247,0.15,1,519922,519487,435
129330881,11.3044,1.58194,446,125560,0.392249,0.32,1,519933,519487,446
129333801,25.4609,9.11639,464,125560,0.33445,0.17,1,519962,519498,464
129336721,9.89218,28.2233,437,125560,0.29089,0.13,1,519968,519531,437
129338561,2.77844,7.24466,436,125560,0.266178,0.31,1,519969,519533,436
129341481,6.95569,11.0489,432,125560,0.261236,0.31,1,519977,519545,432
129344401,2.99114,3.80979,432,125560,0.252247,0.31,1,519979,519547,432
129346261,7.79823,0.761957,441,125560,0.314449,0.27,1,519988,519547,441
129349181,3.15965,8.15239,433,125560,0.36689,0.24,1,519990,519557,433
129352101,22.2319,23.2305,433,125560,0.321378,0.26,1,520017,519584,433
129355021,12.4464,9.4461,437,125560,0.264276,0.26,1,520027,519590,437
129356661,7.28928,1.88922,443,125560,0.316855,0.29,1,520033,519590,443
129359581,15.0579,8.37784,450,125560,0.271371,0.28,1,520050,519600,450
129362501,12.6116,12.0756,449,125560,0.342274,0.22,1,520062,519613,449
129365421,64.1223,17.6151,507,125560,0.348455,0.21,1,520139,519632,507
129368341,31.2245,60.323,459,125560,0.301691,0.34,1,520162,519703,459
129371261,12.6449,30.4646,444,125560,0.324338,0.29,1,520170,519726,444
129372881,3.32898,10.8929,439,125560,0.304868,0.28,1,520171,519732,439
129375801,2.2658,3.77858,439,125560,0.332974,0.26,1,520173,519734,439
129378081,2.05316,1.55572,440,125560,0.314595,0.4,1,520175,519735,440
129381001,14.0106,7.51114,448,125560,0.310919,0.31,1,520192,519744,448
129383921,14.8021,11.1022,451,125560,0.302184,0.21,1,520207,519756,451
129386841,5.36043,15.0204,438,125560,0.316437,0.32,1,520210,519772,438
129388481,2.67208,7.00409,435,125560,0.287287,0.33,1,520212,519777,435
129391401,6.13442,3.80082,439,125560,0.369457,0.32,1,520219,519780,439
129394321,2.82688,8.76016,431,125560,0.377892,0.29,1,520221,519790,431
129396801,2.16538,3.35203,431,125560,0.339578,0.21,1,520223,519792,431
129399721,10.0331,5.47041,437,125560,0.355916,0.21,1,520235,519798,437
129402641,3.60662,1.09408,439,125560,0.319183,0.16,1,520237,519798,439
129405561,2.32132,5.01882,435,125560,0.327837,0.29,1,520239,519804,435
129407201,12.4643,2.60376,448,125560,0.337567,0.33,1,520254,519806,448
129410121,11.2929,10.9208,446,125560,0.299513,0.3,1,520265,519819,446
129413041,12.6586,10.9842,448,125560,0.299903,0.27,1,520278,519830,448
129415941,5.73171,10.1968,442,125560,0.339981,0.25,1,520282,519840,442
129418861,2.74634,8.43937,436,125560,0.315996,0.32,1,520284,519848,436
129420721,1.34927,3.28787,435,125560,0.295199,0.28,1,520285,519850,435
129423641,6.66985,7.05757,435,125560,0.37104,0.26,1,520293,519858,435
129426561,9.33397,6.21152,439,125560,0.330208,0.36,1,520303,519864,439
129429481,11.4668,6.8423,444,125560,0.402042,0.31,1,520315,519871,444
129432401,3.89336,6.16846,440,125560,0.416408,0.3,1,520317,519877,440
129434241,1.57867,4.43369,437,125560,0.395282,0.33,1,520318,519881,437
129437161,5.11573,8.08674,434,125560,0.327056,0.34,1,520324,519890,434
129439441,5.82315,3.21735,438,125560,0.401411,0.32,1,520330,519892,438
129442361,10.7646,11.0435,437,125560,0.296282,0.32,1,520342,519905,437
129445281,3.75293,2.20869,439,125560,0.315256,0.32,1,520344,519905,439
129448201,2.35059,0.441739,441,125560,0.295051,0.28,1,520346,519905,441
129449841,1.27012,1.68835,440,125560,0.26701,0.33,1,520347,519907,440
129452761,12.254,12.3377,440,125560,0.357402,0.41,1,520362,519922,440
129455681,8.0508,11.2675,436,125560,0.27148,0.32,1,520369,519933,436
129458601,27.2102,25.4535,439,125560,0.326296,0.28,1,520401,519962,439
129461281,7.04203,9.8907,435,125560,0.345259,0.35,1,520403,519968,435
129464201,11.0084,5.17814,443,125560,0.245052,0.26,1,520415,519972,443
129467121,5.40168,5.03563,442,125560,0.18501,0.25,1,520419,519977,442
129469601,2.68034,2.60713,442,125560,0.229002,0.38,1,520421,519979,442
129472521,8.53607,9.32143,441,125560,0.2618,0.38,1,520431,519990,441
129475441,18.5072,1.86428,462,125560,0.24436,0.31,1,520452,519990,462
129478361,15.7014,21.9729,450,125560,0.176872,0.25,1,520467,520017,450
129481281,7.94029,12.3946,446,125560,0.227374,0.26,1,520473,520027,446
129484201,15.1881,20.8789,440,125560,0.221475,0.36,1,520490,520050,440
129487121,12.6376,13.7758,440,125560,0.276295,0.35,1,520502,520062,440
129490041,59.3275,64.3552,434,125560,0.271259,0.29,1,520573,520139,434
129492961,33.4655,31.271,438,125560,0.278252,0.33,1,520600,520162,438
129495601,13.0931,12.6542,438,125560,0.27165,0.3,1,520608,520170,438
129498521,4.21862,3.33084,439,125560,0.27033,0.34,1,520610,520171,439
129501441,2.44372,2.26617,439,125560,0.270066,0.31,1,520612,520173,439
129503301,2.08874,2.05323,439,125560,0.246013,0.31,1,520614,520175,439
129506221,14.0177,14.0106,439,125560,0.281203,0.3,1,520631,520192,439
129509141,17.2036,14.8021,442,125560,0.152241,0.32,1,520649,520207,442
129511201,5.04071,5.36043,441,125560,0.126448,0.41,1,520651,520210,441
129514121,7.40814,6.67208,442,125560,0.21729,0.39,1,520659,520217,442
129517041,3.08163,2.93442,442,125560,0.235458,0.38,1,520661,520219,442
129519521,2.21633,2.18688,442,125560,0.215092,0.33,1,520663,520221,442
129522441,4.44327,2.03738,445,125560,0.179018,0.36,1,520668,520223,445
129525361,4.08865,10.0075,437,125560,0.203804,0.31,1,520672,520235,437
129527841,3.21773,3.6015,438,125560,0.224761,0.47,1,520675,520237,438
129530761,7.84355,8.7203,437,125560,0.196952,0.34,1,520684,520247,437
129533681,15.1687,7.34406,447,125560,0.23939,0.29,1,520701,520254,447
129536601,15.0337,10.2688,451,125560,0.119878,0.3,1,520716,520265,451
129539521,7.80675,12.4538,444,125560,0.239976,0.35,1,520722,520278,444
129541781,3.96135,5.69075,443,125560,0.207995,0.36,1,520725,520282,443
129544701,3.19227,5.13815,441,125560,0.257599,0.36,1,520728,520287,441
129547621,2.23845,1.02763,443,125560,0.23552,0.39,1,520730,520287,443
129550541,12.4477,5.00553,452,125560,0.207104,0.32,1,520745,520293,452
129553461,8.88954,9.00111,450,125560,0.233421,0.42,1,520753,520303,450
129556381,4.17791,11.4002,441,125560,0.278684,0.42,1,520756,520315,441
129558421,4.83558,3.88004,444,125560,0.279737,0.31,1,520761,520317,444
129561341,3.36712,6.37601,440,125560,0.303947,0.42,1,520764,520324,440
129564261,2.27342,6.0752,436,125560,0.276789,0.27,1,520766,520330,436
129567181,13.2547,10.815,440,125560,0.199358,0.32,1,520782,520342,440
129570101,4.25094,3.76301,440,125560,0.167872,0.32,1,520784,520344,440
129571941,1.65019,0.752602,441,125560,0.241574,0.29,1,520785,520344,441
129574861,1.93004,1.75052,441,125560,0.256315,0.38,1,520787,520346,441
129577781,6.78601,13.1501,433,125560,0.219263,0.25,1,520795,520362,433
129580701,10.1572,8.23002,437,125560,0.283853,0.34,1,520806,520369,437
129583621,24.4314,27.246,433,125560,0.168771,0.35,1,520834,520401,433
129586081,6.48629,7.0492,433,125560,0.121754,0.22,1,520836,520403,433
129589001,10.8973,11.0098,433,125560,0.304351,0.17,1,520848,520415,433
129591921,6.97945,5.40197,435,125560,0.25287,0.17,1,520854,520419,435
129593781,4.59589,1.08039,439,125560,0.218574,0.27,1,520858,520419,439
129596701,5.71918,9.81608,433,125560,0.243715,0.24,1,520864,520431,433
129599621,17.9438,18.7632,433,125560,0.336743,0.16,1,520885,520452,433
129602541,14.7888,15.7526,432,125560,0.347349,0.24,1,520899,520467,432
129605461,10.9578,7.95053,436,125560,0.34947,0.24,1,520909,520473,436
129607301,10.9916,1.59011,447,125560,0.301894,0.22,1,520920,520473,447
129610221,14.9983,13.918,446,125560,0.300379,0.29,1,520936,520490,446
129612081,3.79966,12.3836,435,125560,0.284076,0.27,1,520937,520502,435
129615001,58.3599,59.2767,436,125560,0.304815,0.28,1,521009,520573,436
129617921,33.272,33.4553,436,125560,0.340963,0.27,1,521036,520600,436
129620401,11.4544,13.0911,434,125560,0.340193,0.27,1,521042,520608,434
129623321,5.49088,5.81821,434,125560,0.348039,0.27,1,521046,520612,434
129626241,2.69818,1.16364,436,125560,0.349608,0.24,1,521048,520612,436
129628721,2.13964,1.83273,436,125560,0.341922,0.29,1,521050,520614,436
129631641,7.62793,13.9665,428,125560,0.380384,0.12,1,521059,520631,428
129634561,19.9256,17.1933,433,125560,0.364077,0.12,1,521082,520649,433
129637041,10.3851,5.03866,439,125560,0.392815,0.24,1,521090,520651,439
129639961,3.67702,9.00773,431,125560,0.366563,0.24,1,521092,520661,431
129642881,3.1354,1.80155,434,125560,0.353313,0.21,1,521095,520661,434
129645781,3.82708,1.96031,436,125560,0.318663,0.18,1,521099,520663,436
129648701,3.16542,5.99206,432,125560,0.335732,0.21,1,521102,520670,432
129651621,4.63308,2.79841,435,125560,0.323147,0.23,1,521107,520672,435
129654101,7.32662,2.95968,440,125560,0.336629,0.19,1,521115,520675,440
129657021,12.6653,7.79194,445,125560,0.323326,0.25,1,521129,520684,445
129659941,19.3331,15.1584,449,125560,0.256665,0.09,1,521150,520701,449
129662861,7.06661,15.0317,438,125560,0.307333,0.27,1,521154,520716,438
129665541,7.01332,7.80634,439,125560,0.269467,0.27,1,521161,520722,439
129668461,3.00266,6.36127,435,125560,0.261893,0.27,1,521163,520728,435
129671381,2.20053,1.27225,437,125560,0.372379,0.23,1,521165,520728,437
129673861,12.4401,1.85445,450,125560,0.314476,0.2,1,521180,520730,450
129676781,9.68802,12.3709,444,125560,0.310895,0.24,1,521189,520745,444
129679701,3.5376,8.87418,438,125560,0.310179,0.29,1,521191,520753,438
129682181,3.10752,4.17484,438,125560,0.310036,0.31,1,521194,520756,438
129685101,3.0215,5.63497,435,125560,0.350007,0.31,1,521197,520762,435
129688021,2.2043,2.72699,435,125560,0.358001,0.27,1,521199,520764,435
129690501,10.8409,2.1454,446,125560,0.2716,0.18,1,521212,520766,446
129693421,3.76817,13.2291,432,125560,0.25432,0.16,1,521214,520782,432
129695281,1.55363,4.24582,431,125560,0.234864,0.26,1,521215,520784,431
129698201,5.11073,3.24916,434,125560,0.318973,0.26,1,521221,520787,434
129701121,9.02215,0.649833,444,125560,0.271795,0.21,1,521231,520787,444
129704021,5.00443,6.52997,440,125560,0.270359,0.3,1,521235,520795,440
129706941,26.6009,10.106,461,125560,0.270072,0.14,1,521267,520806,461
129709861,7.72018,24.4212,436,125560,0.230014,0.11,1,521270,520834,436
129712341,10.344,6.48424,445,125560,0.342003,0.35,1,521281,520836,445
129715261,7.66881,10.8968,440,125560,0.292401,0.24,1,521288,520848,440
129718181,7.13376,6.97937,441,125560,0.31448,0.21,1,521295,520854,441
129720661,6.22675,4.59587,443,125560,0.238896,0.25,1,521301,520858,443
129723581,18.8454,5.71917,459,125560,0.295779,0.36,1,521323,520864,459
129726501,15.7691,17.9438,453,125560,0.331156,0.35,1,521338,520885,453
129729421,7.95381,14.7888,445,125560,0.250231,0.35,1,521344,520899,445
129732101,14.3908,10.9578,451,125560,0.306046,0.3,1,521360,520909,451
129735021,15.6782,23.7916,440,125560,0.253209,0.28,1,521376,520936,440
129737941,59.1356,5.55831,509,125560,0.226642,0.31,1,521446,520937,509
129740861,34.2271,58.7117,465,125560,0.237328,0.35,1,521474,521009,465
129743781,14.8454,33.3423,448,125560,0.271466,0.34,1,521484,521036,448
129746661,4.56908,11.4685,444,125560,0.278293,0.35,1,521486,521042,444
129749581,2.51382,5.49369,442,125560,0.279659,0.35,1,521488,521046,442
129751441,1.30276,2.69874,441,125560,0.263932,0.43,1,521489,521048,441
129754361,5.06055,2.93975,444,125560,0.308786,0.39,1,521495,521051,444
129757281,21.0121,6.98795,461,125560,0.245757,0.36,1,521520,521059,461
129760201,9.80242,19.7976,445,125560,0.217151,0.4,1,521527,521082,445
129761841,2.76048,10.3595,438,125560,0.19543,0.38,1,521528,521090,438
129764761,2.1521,4.4719,437,125560,0.191086,0.35,1,521530,521093,437
129767681,2.03042,2.49438,437,125560,0.190217,0.31,1,521532,521095,437
129770601,2.00608,3.69888,435,125560,0.166043,0.34,1,521534,521099,435
129773281,6.80122,3.13978,440,125560,0.265209,0.32,1,521542,521102,440
129776201,2.96024,4.62796,437,125560,0.253042,0.34,1,521544,521107,437
129779121,6.99205,7.32559,437,125560,0.242608,0.34,1,521552,521115,437
129780981,14.9984,1.46512,454,125560,0.264522,0.32,1,521569,521115,454
129783901,14.1997,11.493,454,125560,0.268904,0.24,1,521583,521129,454
129786821,6.83994,19.0986,438,125560,0.253781,0.32,1,521588,521150,438
129789301,9.36799,7.01972,444,125560,0.290756,0.26,1,521598,521154,444
129792221,3.4736,7.00394,439,125560,0.298151,0.26,1,521600,521161,439
129794501,3.89472,3.00079,441,125560,0.24363,0.32,1,521604,521163,441
129797421,10.3789,5.40016,447,125560,0.264726,0.3,1,521616,521169,447
129800341,11.6758,9.88003,448,125560,0.236945,0.31,1,521628,521180,448
129803261,3.93516,9.17601,441,125560,0.231389,0.31,1,521630,521189,441
129806181,3.18703,3.4352,442,125560,0.190278,0.31,1,521633,521191,442
129809061,4.63741,3.08704,444,125560,0.294056,0.37,1,521638,521194,444
129811981,2.52748,10.2174,434,125560,0.322811,0.37,1,521640,521206,434
129814901,8.5055,2.04348,444,125560,0.312562,0.25,1,521650,521206,444
129817821,3.3011,6.8087,438,125560,0.302512,0.23,1,521652,521214,438
129820501,5.46022,2.16174,443,125560,0.284502,0.33,1,521658,521215,443
129823421,2.69204,6.83235,437,125560,0.2729,0.26,1,521660,521223,437
129826341,10.1384,7.76647,441,125560,0.23058,0.27,1,521672,521231,441
129828401,6.02768,4.75329,442,125560,0.246116,0.27,1,521677,521235,442
129831321,23.6055,26.5507,438,125560,0.257223,0.22,1,521705,521267,438
129834241,7.92111,7.71013,439,125560,0.219445,0.22,1,521709,521270,439
129836101,9.58422,1.54203,449,125560,0.251889,0.37,1,521719,521270,449
129839021,3.51684,9.10841,440,125560,0.274378,0.28,1,521721,521281,440
129841941,10.3034,7.42168,445,125560,0.278876,0.32,1,521733,521288,445
129844861,4.46067,7.08434,441,125560,0.271775,0.22,1,521736,521295,441
129847541,21.6921,6.21687,461,125560,0.206355,0.31,1,521762,521301,461
129850461,17.1384,18.8434,455,125560,0.217271,0.34,1,521778,521323,455
129853381,8.22769,15.7687,446,125560,0.115454,0.23,1,521784,521338,446
129856301,6.44554,7.95373,446,125560,0.215091,0.24,1,521790,521344,446
129859221,19.6891,27.1907,437,125560,0.211018,0.22,1,521813,521376,437
129862141,60.7378,61.4381,438,125560,0.202204,0.24,1,521884,521446,438
129865061,32.1476,34.6876,435,125560,0.160441,0.28,1,521909,521474,435
129867981,12.8295,14.9375,433,125560,0.232088,0.28,1,521917,521484,433
129870901,7.3659,4.5875,437,125560,0.254418,0.28,1,521923,521486,437
129872501,2.27318,0.917501,438,125560,0.274884,0.26,1,521924,521486,438
129875421,2.05464,4.1835,435,125560,0.246977,0.26,1,521926,521491,435
129878341,3.61093,0.8367,439,125560,0.193395,0.32,1,521930,521491,439
129881261,17.5222,3.36734,456,125560,0.214679,0.23,1,521951,521495,456
129884181,13.9044,20.6735,444,125560,0.234936,0.21,1,521964,521520,444
129887101,4.38089,9.73469,439,125560,0.206987,0.19,1,521966,521527,439
129889141,2.47618,4.34694,438,125560,0.169397,0.16,1,521968,521530,438
129892061,2.09524,4.06939,436,125560,0.129879,0.16,1,521970,521534,436
129894981,2.01905,0.813877,438,125560,0.0899759,0.29,1,521972,521534,438
129897901,3.60381,6.56278,434,125560,0.225995,0.25,1,521976,521542,434
129900821,2.32076,2.91256,434,125560,0.245199,0.25,1,521978,521544,434
129902661,6.06415,0.582511,441,125560,0.26504,0.24,1,521985,521544,441
129905581,17.2128,6.5165,453,125560,0.245008,0.27,1,522005,521552,453
129908501,16.2426,26.1033,438,125560,0.209002,0.25,1,522021,521583,438
129911421,6.44851,9.22066,437,125560,0.1378,0.25,1,522025,521588,437
129913061,3.6897,1.84413,440,125560,0.0995601,0.3,1,522028,521588,440
129915981,2.33794,8.36883,432,125560,0.211912,0.3,1,522030,521598,432
129917841,7.66759,3.27377,439,125560,0.226382,0.22,1,522039,521600,439
129920761,9.53352,9.45475,438,125560,0.141276,0.27,1,522049,521611,438
129923681,15.5067,5.89095,450,125560,0.164255,0.23,1,522066,521616,450
129926601,4.70134,10.7782,440,125560,0.168851,0.23,1,522068,521628,440
129928241,1.74027,3.75564,439,125560,0.15377,0.26,1,522069,521630,439
129931161,3.54805,5.55113,437,125560,0.166754,0.32,1,522073,521636,437
129934081,2.30961,2.71023,437,125560,0.201351,0.33,1,522075,521638,437
129936561,2.06192,2.14205,437,125560,0.20827,0.31,1,522077,521640,437
129939481,7.61238,8.42841,436,125560,0.169654,0.3,1,522086,521650,436
129942401,3.12248,3.28568,436,125560,0.137931,0.3,1,522088,521652,436
129944261,5.4245,0.657136,442,125560,0.155586,0.3,1,522094,521652,442
129947181,2.6849,8.93143,433,125560,0.151117,0.3,1,522096,521663,433
129950101,6.93698,1.78629,441,125560,0.150223,0.22,1,522104,521663,441
129953021,9.3874,7.55726,442,125560,0.262045,0.26,1,522114,521672,442
129955941,17.8775,27.9115,429,125560,0.252409,0.21,1,522134,521705,429
129958861,11.5755,8.78229,435,125560,0.266482,0.21,1,522144,521709,435
129960901,8.7151,1.75646,443,125560,0.205296,0.28,1,522152,521709,443
129963821,4.94302,9.95129,435,125560,0.241059,0.28,1,522156,521721,435
129966741,5.7886,11.5903,429,125560,0.248212,0.27,1,522162,521733,429
129969661,4.35772,4.71805,430,125560,0.209642,0.27,1,522166,521736,430
129971301,25.6715,0.94361,461,125560,0.241928,0.19,1,522197,521736,461
129974221,15.5343,20.9887,448,125560,0.216386,0.22,1,522210,521762,448
129977141,7.90686,16.9977,438,125560,0.123277,0.09,1,522216,521778,438
129979621,9.58137,8.19955,442,125560,0.232655,0.26,1,522226,521784,442
129982541,13.1163,8.83991,447,125560,0.182531,0.21,1,522240,521793,447
129985461,64.2233,17.768,504,125560,0.164506,0.2,1,522317,521813,504
129988381,32.8447,60.3536,458,125560,0.136901,0.15,1,522342,521884,458
129991301,11.3689,32.0707,439,125560,0.0753803,0.25,1,522348,521909,439
129994181,3.87379,12.8141,433,125560,0.119076,0.26,1,522350,521917,433
129997101,3.17476,7.36283,430,125560,0.151815,0.24,1,522353,521923,430
129998961,5.43495,3.87257,433,125560,0.262363,0.27,1,522359,521926,433
130001881,4.28699,7.17451,429,125560,0.220473,0.27,1,522363,521934,429
130004801,12.0574,1.4349,443,125560,0.268095,0.22,1,522377,521934,443
130007721,12.0115,13.887,438,125560,0.181619,0.24,1,522389,521951,438
130010641,10.4023,13.1774,435,125560,0.220324,0.2,1,522399,521964,435
130012901,3.68046,4.23548,435,125560,0.228065,0.1,1,522401,521966,435
130015821,2.33609,4.8471,432,125560,0.197613,0.1,1,522403,521971,432
130018741,2.06722,0.969419,434,125560,0.151523,0.08,1,522405,521971,434
130021661,3.61344,0.993884,437,125560,0.0943045,0.26,1,522409,521972,437
130024341,2.32269,3.39878,435,125560,0.226861,0.25,1,522411,521976,435
130027261,3.66454,2.27976,437,125560,0.261372,0.27,1,522415,521978,437
130029541,15.1329,6.05595,448,125560,0.196274,0.24,1,522433,521985,448
130032461,19.0266,17.2112,448,125560,0.143255,0.2,1,522453,522005,448
130035381,7.00532,16.2422,436,125560,0.172651,0.12,1,522457,522021,436
130037861,4.60106,6.44845,436,125560,0.14653,0.24,1,522461,522025,436
130040781,2.52021,5.28969,433,125560,0.109306,0.23,1,522463,522030,433
130043701,10.104,8.25794,436,125560,0.221861,0.12,1,522475,522039,436
130046621,19.6208,9.65159,448,125560,0.212372,0.17,1,522497,522049,448
130049541,5.52416,15.5303,433,125560,0.178474,0.17,1,522499,522066,433
130052421,5.90483,4.70606,437,125560,0.171695,0.2,1,522505,522068,437
130055341,2.78097,11.3412,426,125560,0.138339,0.2,1,522507,522081,426
130058261,2.15619,2.26824,428,125560,0.139668,0.2,1,522509,522081,428
130061181,2.03124,0.453648,430,125560,0.131934,0.16,1,522511,522081,430
130064101,3.60625,4.09073,429,125560,0.106387,0.13,1,522515,522086,429
130067021,5.52125,2.41815,433,125560,0.181277,0.13,1,522521,522088,433
130069061,3.50425,0.483629,436,125560,0.228255,0.15,1,522524,522088,436
130071981,7.10085,6.49673,436,125560,0.173651,0.15,1,522532,522096,436
130074901,7.82017,7.69935,436,125560,0.0507302,0.29,1,522540,522104,436
130077821,6.36403,9.53987,432,125560,0.170146,0.29,1,522546,522114,432
130079461,18.8728,1.90797,454,125560,0.122029,0.25,1,522568,522114,454
130082381,11.7746,16.3816,444,125560,0.104406,0.27,1,522578,522134,444
130085301,8.75491,11.2763,442,125560,0.108881,0.19,1,522586,522144,442
130087781,3.35098,8.65526,436,125560,0.141776,0.25,1,522588,522152,436
130090701,7.0702,4.93105,440,125560,0.188355,0.25,1,522596,522156,440
130092981,4.61404,5.78621,438,125560,0.205671,0.21,1,522600,522162,438
130095901,25.7228,5.95724,463,125560,0.153134,0.21,1,522631,522168,463
130098821,8.34456,34.7915,425,125560,0.0786268,0.1,1,522635,522210,425
130101741,13.6689,11.7583,434,125560,0.175725,0.26,1,522650,522216,434
130104661,7.53378,10.3517,430,125560,0.0831451,0.17,1,522656,522226,430
130107581,11.1068,13.2703,428,125560,0.200629,0.16,1,522668,522240,428
130110501,65.4214,64.2541,430,125560,0.208126,0.13,1,522747,522317,430
130113421,32.2843,32.8508,429,125560,0.153625,0.06,1,522771,522342,429
130116341,16.0569,11.3702,435,125560,0.190725,0.06,1,522783,522348,435
130117941,4.81137,2.27403,437,125560,0.174145,0.27,1,522785,522348,437
130120861,3.36227,6.05481,433,125560,0.186829,0.27,1,522788,522355,433
130123781,2.27245,1.21096,435,125560,0.189366,0.21,1,522790,522355,435
130126701,3.65449,6.64219,431,125560,0.221873,0.28,1,522794,522363,431
130129621,10.3309,12.5284,429,125560,0.164375,0.16,1,522806,522377,429
130132541,14.0662,12.1057,432,125560,0.160875,0.23,1,522821,522389,432
130135201,6.01324,10.4211,426,125560,0.184175,0.23,1,522825,522399,426
130138121,10.0026,3.68423,435,125560,0.188835,0.19,1,522836,522401,435
130141041,3.60053,2.33685,435,125560,0.181767,0.14,1,522838,522403,435
130142901,1.52011,2.06737,434,125560,0.164353,0.08,1,522839,522405,434
130145821,3.50402,3.61347,434,125560,0.104871,0.26,1,522843,522409,434
130148741,2.3008,2.32269,434,125560,0.0609741,0.26,1,522845,522411,434
130151221,3.66016,0.464539,438,125560,0.0761948,0.27,1,522849,522411,438
130154141,14.332,3.29291,451,125560,0.143239,0.13,1,522866,522415,451
130157061,13.2664,31.0586,426,125560,0.204648,0.18,1,522879,522453,426
130159981,5.85328,9.41172,426,125560,0.16093,0.14,1,522883,522457,426
130162901,9.97066,5.08234,433,125560,0.248186,0.14,1,522894,522461,433
130164741,2.79413,1.01647,434,125560,0.249637,0.12,1,522895,522461,434
130167661,9.35883,2.60329,442,125560,0.265927,0.25,1,522906,522464,442
130170581,17.0718,9.32066,450,125560,0.117185,0.21,1,522925,522475,450
130173501,5.01435,19.4641,430,125560,0.215437,0.17,1,522927,522497,430
130176181,5.00287,5.49283,433,125560,0.179087,0.17,1,522932,522499,433
130179101,3.40057,5.89857,430,125560,0.267817,0.13,1,522935,522505,430
130181381,2.28011,2.77971,430,125560,0.285563,0.14,1,522937,522507,430
130184301,4.45602,2.15594,433,125560,0.273113,0.13,1,522942,522509,433
130186161,1.6912,2.03119,432,125560,0.246623,0.18,1,522943,522511,432
130189081,3.53824,5.20624,430,125560,0.185325,0.2,1,522947,522517,430
130192001,2.30765,4.24125,428,125560,0.165065,0.24,1,522949,522521,428
130194481,2.06153,3.24825,427,125560,0.209013,0.14,1,522951,522524,427
130197401,11.6123,8.64965,431,125560,0.249803,0.02,1,522965,522534,431
130200321,7.12246,6.52993,431,125560,0.161961,0.2,1,522971,522540,431
130203241,6.22449,6.10599,431,125560,0.296392,0.11,1,522977,522546,431
130206161,25.2449,18.8212,439,125560,0.187278,0.1,1,523007,522568,439
130209081,13.049,11.7642,439,125560,0.197456,0.11,1,523017,522578,439
130212001,4.2098,8.75285,433,125560,0.199491,0.15,1,523019,522586,433
130214661,5.64196,3.35057,437,125560,0.175898,0.2,1,523025,522588,437
130217581,4.32839,7.07011,433,125560,0.17118,0.21,1,523029,522596,433
130219861,21.6657,4.61402,455,125560,0.234236,0.14,1,523055,522600,455
130222781,13.1331,25.7228,435,125560,0.190847,0.06,1,523066,522631,435
130225061,14.6266,8.34456,446,125560,0.286169,0.2,1,523081,522635,446
130227981,7.72533,13.6689,437,125560,0.233234,0.06,1,523087,522650,437
130229841,2.34507,7.53378,432,125560,0.214647,0.23,1,523088,522656,432
130232761,5.26901,11.1068,426,125560,0.210929,0.21,1,523094,522668,426
130235681,69.0538,65.4214,432,125560,0.330186,0.14,1,523179,522747,432
130238601,33.0108,32.2843,432,125560,0.274037,0.2,1,523203,522771,432
130241521,16.2022,16.0569,432,125560,0.286807,0.17,1,523215,522783,432
130244441,6.44043,4.81137,434,125560,0.225361,0.19,1,523219,522785,434
130247361,2.88809,3.36227,433,125560,0.221072,0.19,1,523221,522788,433
130250021,4.57762,2.27245,436,125560,0.316214,0.25,1,523226,522790,436
130252941,10.5155,6.85449,440,125560,0.367243,0.15,1,523238,522798,440
130255861,14.1031,7.7709,447,125560,0.337449,0.16,1,523253,522806,447
130258781,4.42062,13.5542,434,125560,0.29149,0.19,1,523255,522821,434
130261461,4.08412,5.91084,434,125560,0.306298,0.19,1,523259,522825,434
130264381,2.41682,9.98217,425,125560,0.27726,0.18,1,523261,522836,425
130266241,1.28336,3.59643,424,125560,0.255452,0.13,1,523262,522838,424
130269161,10.6567,3.11929,434,125560,0.23509,0.09,1,523275,522841,434
130272081,3.73133,2.22386,434,125560,0.207018,0.05,1,523277,522843,434
130274981,4.74627,2.04477,437,125560,0.201404,0.27,1,523282,522845,437
130277901,12.9493,6.00895,445,125560,0.352281,0.16,1,523297,522852,445
130280821,9.78985,12.4018,440,125560,0.350456,0.22,1,523306,522866,440
130283741,9.95797,12.8804,437,125560,0.310091,0.15,1,523316,522879,437
130286421,11.5916,5.77607,445,125560,0.262018,0.27,1,523328,522883,445
130289341,3.91832,9.95521,436,125560,0.308404,0.25,1,523330,522894,436
130291621,5.58366,2.79104,441,125560,0.317681,0.27,1,523336,522895,441
130294541,19.5167,9.35821,453,125560,0.295536,0.08,1,523359,522906,453
130297461,5.50335,17.0716,436,125560,0.315107,0.24,1,523361,522925,436
130299941,7.50067,5.01433,442,125560,0.327021,0.29,1,523369,522927,442
130302861,3.10013,11.4029,431,125560,0.329404,0.29,1,523371,522940,431
130305781,2.22003,2.28057,433,125560,0.321881,0.27,1,523373,522940,433
130308701,2.04401,2.05611,433,125560,0.328376,0.24,1,523375,522942,433
130311621,2.0088,1.21122,434,125560,0.321675,0.17,1,523377,522943,434
130313461,3.60176,3.44224,434,125560,0.320335,0.16,1,523381,522947,434
130316381,4.72035,2.28845,437,125560,0.288067,0.22,1,523386,522949,437
130319281,2.54407,2.05769,437,125560,0.257613,0.26,1,523388,522951,437
130322201,5.30881,11.6115,429,125560,0.307523,0.14,1,523394,522965,429
130325121,11.4618,7.12231,436,125560,0.293505,0.14,1,523407,522971,436
130326981,6.29235,1.42446,441,125560,0.298701,0.33,1,523412,522971,441
130329901,22.8585,5.08489,462,125560,0.28374,0.16,1,523439,522977,462
130332821,10.9717,25.017,440,125560,0.296748,0.2,1,523447,523007,440
130335301,3.79434,13.0034,432,125560,0.33935,0.2,1,523449,523017,432
130338221,7.15887,4.20068,438,125560,0.36387,0.17,1,523457,523019,438
130341141,7.03177,5.64014,439,125560,0.352774,0.17,1,523464,523025,439
130343621,17.4064,4.32803,455,125560,0.350555,0.25,1,523484,523029,455
130346541,12.2813,21.6656,440,125560,0.374111,0.18,1,523495,523055,440
130349461,17.6563,13.1331,448,125560,0.314822,0.22,1,523514,523066,448
130352381,12.3313,19.4266,438,125560,0.278964,0.21,1,523525,523087,438
130355301,4.06625,4.68532,439,125560,0.279793,0.21,1,523527,523088,439
130357141,4.81325,5.73707,438,125560,0.223959,0.36,1,523532,523094,438
130360061,70.5626,69.1474,440,125560,0.316792,0.26,1,523619,523179,440
130362981,30.9125,33.0295,437,125560,0.319358,0.29,1,523640,523203,437
130365901,16.5825,16.2059,438,125560,0.359872,0.21,1,523653,523215,438
130368821,4.9165,6.44118,436,125560,0.335974,0.21,1,523655,523219,436
130370661,5.7833,1.28824,442,125560,0.347195,0.35,1,523661,523219,442
130373581,3.55666,4.25765,440,125560,0.341439,0.34,1,523664,523224,440
130376501,7.11133,2.45153,446,125560,0.348288,0.38,1,523672,523226,446
130379421,14.2223,10.0903,450,125560,0.333658,0.33,1,523688,523238,450
130382341,5.24445,14.0181,438,125560,0.346731,0.28,1,523691,523253,438
130385221,6.64889,4.40361,443,125560,0.277346,0.33,1,523698,523255,443
130388141,2.92978,11.2807,432,125560,0.383469,0.33,1,523700,523268,432
130391061,2.18596,2.25614,434,125560,0.412694,0.23,1,523702,523268,434
130393981,10.8372,6.05123,440,125560,0.370539,0.2,1,523715,523275,440
130396901,3.76744,2.81025,440,125560,0.354108,0.2,1,523717,523277,440
130398741,4.75349,0.562049,445,125560,0.382822,0.42,1,523722,523277,445
130401661,12.1507,6.51241,451,125560,0.452564,0.39,1,523736,523285,451
130404581,7.23014,10.9025,445,125560,0.410513,0.35,1,523742,523297,445
130407501,7.84603,9.3805,444,125560,0.466103,0.3,1,523750,523306,444
130410421,12.7692,9.8761,448,125560,0.389221,0.25,1,523764,523316,448
130413341,4.15384,11.5752,438,125560,0.341844,0.32,1,523766,523328,438
130415381,7.23077,3.91504,444,125560,0.340369,0.32,1,523774,523330,444
130418301,20.6462,5.58301,462,125560,0.380074,0.29,1,523798,523336,462
130421221,5.72923,19.5166,441,125560,0.348015,0.32,1,523800,523359,441
130423701,6.74585,5.50332,446,125560,0.365603,0.33,1,523807,523361,446
130426621,3.74917,7.50066,441,125560,0.361121,0.33,1,523810,523369,441
130428481,1.54983,3.10013,440,125560,0.368224,0.34,1,523811,523371,440
130431401,3.50997,7.82003,435,125560,0.337645,0.34,1,523815,523380,435
130434321,2.30199,1.56401,437,125560,0.299529,0.34,1,523817,523380,437
130437241,2.0604,0.312801,439,125560,0.355906,0.32,1,523819,523380,439
130440161,2.01208,0.86256,440,125560,0.367181,0.28,1,523821,523381,440
130443081,2.00242,4.17251,437,125560,0.345436,0.25,1,523823,523386,437
130445541,6.80048,2.4345,443,125560,0.397087,0.33,1,523831,523388,443
130448461,10.9601,6.8869,447,125560,0.415417,0.29,1,523843,523396,447
130451381,8.59202,10.1774,444,125560,0.331083,0.3,1,523851,523407,444
130453861,23.3184,6.03548,466,125560,0.338217,0.28,1,523878,523412,466
130456781,11.0637,22.8071,447,125560,0.275643,0.3,1,523886,523439,447
130459701,3.81274,10.9614,441,125560,0.231129,0.35,1,523888,523447,441
130462181,5.56255,3.79228,445,125560,0.286226,0.37,1,523894,523449,445
130465101,4.31251,7.15846,441,125560,0.361245,0.35,1,523898,523457,441
130467381,21.6625,7.03169,460,125560,0.392249,0.35,1,523924,523464,460
130470301,7.5325,17.4063,444,125560,0.38245,0.38,1,523928,523484,444
130473221,16.7065,12.2813,452,125560,0.38049,0.3,1,523947,523495,452
130476141,17.7413,17.6563,451,125560,0.292098,0.27,1,523965,523514,451
130478821,5.14826,12.3313,442,125560,0.39442,0.28,1,523967,523525,442
130481741,5.82965,4.06625,446,125560,0.414884,0.21,1,523973,523527,446
130484021,69.1659,4.81325,526,125560,0.370977,0.34,1,524058,523532,526
130486941,30.6332,70.5626,460,125560,0.442195,0.32,1,524079,523619,460
130489861,15.7266,30.9125,451,125560,0.336439,0.37,1,524091,523640,451
130492781,5.54533,16.5825,441,125560,0.419288,0.33,1,524094,523653,441
130495461,5.90907,4.9165,445,125560,0.379858,0.34,1,524100,523655,445
130498381,3.58181,8.1833,439,125560,0.379972,0.35,1,524103,523664,439
130501301,10.3164,8.03666,443,125560,0.435994,0.33,1,524115,523672,443
130504221,8.46327,14.4073,435,125560,0.455199,0.35,1,524123,523688,435
130507141,9.69265,5.28147,442,125560,0.45104,0.35,1,524133,523691,442
130508981,4.33853,1.05629,445,125560,0.434208,0.26,1,524136,523691,445
130511901,2.46771,5.81126,440,125560,0.406842,0.41,1,524138,523698,440
130514181,14.0935,2.76225,455,125560,0.433368,0.42,1,524155,523700,455
130517101,5.21871,10.1525,446,125560,0.398674,0.36,1,524158,523712,446
130520021,4.24374,4.43049,447,125560,0.327735,0.35,1,524162,523715,447
130522081,2.44875,2.4861,447,125560,0.289547,0.42,1,524164,523717,447
130525001,10.0898,6.09722,452,125560,0.329909,0.47,1,524176,523724,452
130527921,11.618,10.8194,452,125560,0.417982,0.4,1,524188,523736,452
130530821,5.52359,6.96389,450,125560,0.371596,0.48,1,524192,523742,450
130533741,9.90472,7.79278,453,125560,0.410319,0.37,1,524203,523750,453
130536661,3.58094,12.7586,441,125560,0.394064,0.33,1,524205,523764,441
130539141,11.1162,4.15171,452,125560,0.366813,0.34,1,524218,523766,452
130542061,16.6232,7.23034,462,125560,0.377363,0.39,1,524236,523774,462
130544981,6.52465,20.6461,442,125560,0.347472,0.34,1,524240,523798,442
130547461,5.30493,5.72921,445,125560,0.397494,0.37,1,524245,523800,445
130550381,5.06099,6.74584,443,125560,0.359499,0.36,1,524250,523807,443
130552241,1.8122,3.74917,441,125560,0.3599,0.39,1,524251,523810,441
130555161,5.16244,7.14983,439,125560,0.39998,0.39,1,524257,523818,439
130558081,2.63249,1.42997,441,125560,0.375996,0.39,1,524259,523818,441
130561001,2.1265,0.285993,443,125560,0.371199,0.37,1,524261,523818,443
130563921,2.0253,0.857199,444,125560,0.38624,0.37,1,524263,523819,444
130566181,3.60506,1.77144,446,125560,0.373248,0.41,1,524267,523821,446
130569101,2.32101,8.35429,438,125560,0.34665,0.41,1,524269,523831,438
130572021,8.4642,1.67086,448,125560,0.39733,0.42,1,524279,523831,448
130574941,10.4928,9.93417,447,125560,0.447466,0.31,1,524290,523843,447
130577861,18.0986,8.38683,459,125560,0.441493,0.34,1,524310,523851,459
130580781,17.2197,23.2774,449,125560,0.376299,0.26,1,524327,523878,449
130583701,5.04394,11.0555,443,125560,0.33126,0.22,1,524329,523886,443
130585941,9.00879,3.81109,451,125560,0.386252,0.38,1,524339,523888,451
130588861,3.40176,10.3622,441,125560,0.38925,0.38,1,524341,523900,441
130591781,21.4804,2.07244,467,125560,0.39785,0.38,1,524367,523900,467
130594701,7.49607,22.8145,443,125560,0.36757,0.38,1,524371,523928,443
130597621,11.0992,19.7629,436,125560,0.401514,0.27,1,524383,523947,436
130600541,20.6198,18.3526,441,125560,0.376303,0.42,1,524406,523965,441
130603461,7.32397,5.27052,443,125560,0.427261,0.42,1,524410,523967,443
130605701,7.86479,1.0541,451,125560,0.349452,0.4,1,524418,523967,451
130608621,71.173,5.81082,531,125560,0.44589,0.46,1,524505,523974,531
130611541,23.8346,85.1622,438,125560,0.433178,0.31,1,524517,524079,438
130614461,17.5669,26.6324,442,125560,0.414636,0.44,1,524533,524091,442
130617381,5.11338,7.72649,441,125560,0.378927,0.44,1,524535,524094,441
130619221,5.02268,1.5453,446,125560,0.323785,0.37,1,524540,524094,446
130622141,5.00454,5.10906,445,125560,0.328757,0.38,1,524545,524100,445
130624421,13.0009,3.42181,457,125560,0.329751,0.45,1,524560,524103,457
130627341,9.00018,10.2844,453,125560,0.28195,0.46,1,524568,524115,453
130630261,6.60004,8.45687,451,125560,0.40039,0.45,1,524574,524123,451
130632321,2.92001,9.69137,443,125560,0.392078,0.4,1,524576,524133,443
130635241,6.984,5.93827,446,125560,0.366416,0.4,1,524584,524138,446
130638161,6.1968,1.18765,452,125560,0.361283,0.44,1,524590,524138,452
130641081,4.43936,13.8375,439,125560,0.288257,0.39,1,524594,524155,439
130642721,7.28787,5.16751,444,125560,0.297651,0.33,1,524602,524158,444
130645641,6.25757,9.0335,440,125560,0.32353,0.33,1,524608,524168,440
130648561,9.25151,1.8067,450,125560,0.320706,0.34,1,524618,524168,450
130651481,11.4503,6.76134,454,125560,0.360141,0.44,1,524630,524176,454
130654401,5.49006,10.9523,446,125560,0.368028,0.36,1,524634,524188,446
130656661,7.49801,5.39045,450,125560,0.361606,0.42,1,524642,524192,450
130659581,3.0996,9.87809,441,125560,0.368321,0.39,1,524644,524203,441
130661441,1.41992,3.57562,440,125560,0.393664,0.36,1,524645,524205,440
130664361,10.684,11.1151,440,125560,0.350733,0.38,1,524658,524218,440
130667281,17.3368,16.623,441,125560,0.366147,0.34,1,524677,524236,441
130669761,5.06736,6.5246,439,125560,0.377229,0.43,1,524679,524240,439
130672681,7.41347,6.10492,441,125560,0.251446,0.35,1,524687,524246,441
130675601,3.08269,4.42098,439,125560,0.378289,0.36,1,524689,524250,439
130678081,7.01654,1.6842,446,125560,0.323658,0.39,1,524697,524251,446
130681001,3.00331,9.93684,436,125560,0.320732,0.39,1,524699,524263,436
130683921,2.20066,1.98737,438,125560,0.368146,0.39,1,524701,524263,438
130686841,2.04013,0.397474,440,125560,0.369629,0.39,1,524703,524263,440
130689761,5.20803,0.0794947,446,125560,0.305926,0.37,1,524709,524263,446
130691601,1.84161,3.2159,443,125560,0.373185,0.41,1,524710,524267,443
130694521,1.96832,6.24318,438,125560,0.362637,0.41,1,524712,524274,438
130697441,9.19366,5.24864,444,125560,0.336527,0.46,1,524723,524279,444
130700361,5.03873,9.84973,437,125560,0.363305,0.44,1,524727,524290,437
130703281,17.8077,17.9699,438,125560,0.352661,0.36,1,524748,524310,438
130706201,20.3616,17.194,442,125560,0.406532,0.32,1,524769,524327,442
130708241,5.67231,5.0388,442,125560,0.417306,0.4,1,524771,524329,442
130711161,9.13446,9.00776,442,125560,0.307461,0.39,1,524781,524339,442
130714081,5.02689,3.40155,444,125560,0.373492,0.4,1,524785,524341,444
130717001,21.8054,21.4803,444,125560,0.306698,0.36,1,524811,524367,444
130719681,7.56108,7.49606,444,125560,0.32534,0.41,1,524815,524371,444
130722601,11.1122,11.0992,444,125560,0.345068,0.37,1,524827,524383,444
130725521,15.8224,20.6198,438,125560,0.293014,0.44,1,524844,524406,438
130728001,9.56449,7.32397,442,125560,0.250603,0.43,1,524852,524410,442
130730921,6.7129,9.46479,438,125560,0.322121,0.47,1,524858,524420,438
130733841,67.7426,69.893,436,125560,0.328424,0.43,1,524941,524505,436
130736761,30.3485,23.5786,445,125560,0.361685,0.41,1,524962,524517,445
130739681,10.8697,17.5157,435,125560,0.344337,0.37,1,524968,524533,435
130742561,7.77394,5.10314,440,125560,0.388867,0.31,1,524975,524535,440
130745481,11.1548,5.02063,447,125560,0.293773,0.33,1,524987,524540,447
130748401,14.231,5.00413,457,125560,0.258755,0.33,1,525002,524545,457
130751321,6.04619,13.0008,446,125560,0.283751,0.27,1,525006,524560,446
130754241,6.00924,9.00016,444,125560,0.23275,0.43,1,525012,524568,444
130757161,6.00185,6.60003,444,125560,0.33455,0.36,1,525018,524574,444
130759621,2.80037,9.32001,436,125560,0.32291,0.36,1,525020,524584,436
130762541,6.96007,6.664,438,125560,0.256582,0.27,1,525028,524590,438
130765441,4.59201,4.5328,438,125560,0.339316,0.3,1,525032,524594,438
130768361,12.9184,7.30656,445,125560,0.347863,0.33,1,525047,524602,445
130771281,11.3837,6.26131,450,125560,0.389573,0.32,1,525058,524608,450
130774201,11.8767,9.25226,452,125560,0.397915,0.37,1,525070,524618,452
130777121,5.57535,11.4505,444,125560,0.375583,0.37,1,525074,524630,444
130778961,1.91507,5.49009,441,125560,0.347117,0.36,1,525075,524634,441
130781881,5.18301,7.49802,439,125560,0.389423,0.37,1,525081,524642,439
130784801,2.6366,3.0996,439,125560,0.365885,0.4,1,525083,524644,439
130786661,6.92732,1.41992,446,125560,0.329177,0.34,1,525091,524645,446
130789581,2.98546,10.684,435,125560,0.377835,0.37,1,525093,524658,435
130792501,14.9971,17.3368,434,125560,0.379567,0.38,1,525111,524677,434
130794561,10.1994,5.06736,441,125560,0.315913,0.22,1,525120,524679,441
130797481,5.23988,7.41347,437,125560,0.375183,0.41,1,525124,524687,437
130800401,4.24798,3.08269,439,125560,0.323037,0.41,1,525128,524689,439
130802261,5.6496,0.616539,445,125560,0.376607,0.32,1,525134,524689,445
130805181,4.32992,8.12331,439,125560,0.379321,0.32,1,525138,524699,439
130807461,4.06598,1.62466,443,125560,0.387864,0.38,1,525142,524699,443
130810381,2.4132,4.32493,440,125560,0.365573,0.38,1,525144,524704,440
130813301,3.68264,0.864986,444,125560,0.313115,0.29,1,525148,524704,444
130816221,2.33653,4.173,441,125560,0.342623,0.36,1,525150,524709,441
130818901,6.86731,3.2346,446,125560,0.364525,0.33,1,525158,524712,446
130821821,2.97346,9.44692,437,125560,0.344905,0.37,1,525160,524723,437
130824721,8.59469,5.08938,443,125560,0.380981,0.35,1,525170,524727,443
130827641,18.5189,17.8179,443,125560,0.396196,0.42,1,525191,524748,443
130830561,14.9038,20.3636,436,125560,0.375239,0.42,1,525205,524769,436
130833481,6.18076,5.67272,438,125560,0.315048,0.28,1,525209,524771,438
130836401,10.8362,9.13454,440,125560,0.35101,0.39,1,525221,524781,440
130839281,4.56723,5.02691,439,125560,0.310202,0.29,1,525224,524785,439
130842201,21.7134,21.8054,439,125560,0.39004,0.33,1,525250,524811,439
130844481,9.14269,7.56108,441,125560,0.374008,0.35,1,525256,524815,441
130847401,6.62854,11.1122,435,125560,0.346802,0.28,1,525262,524827,435
130850321,19.7257,15.8224,441,125560,0.33336,0.24,1,525285,524844,441
130852801,6.34514,9.56449,436,125560,0.282672,0.34,1,525288,524852,436
130855721,10.069,6.7129,441,125560,0.408534,0.33,1,525299,524858,441
130858641,68.4138,67.7426,441,125560,0.369707,0.37,1,525382,524941,441
130861561,30.4828,30.3485,441,125560,0.425941,0.34,1,525403,524962,441
130864241,10.8966,10.8697,441,125560,0.413188,0.4,1,525409,524968,441
130867161,3.77931,7.77394,436,125560,0.370638,0.27,1,525411,524975,436
130870081,10.3559,11.1548,436,125560,0.394128,0.25,1,525423,524987,436
130873001,11.6712,14.231,433,125560,0.310825,0.29,1,525435,525002,433
130875681,11.9342,6.04619,441,125560,0.366165,0.22,1,525447,525006,441
130878601,5.58685,7.60924,437,125560,0.361233,0.36,1,525451,525014,437
130881521,2.71737,4.72185,435,125560,0.328247,0.32,1,525453,525018,435
130884441,2.14347,2.54437,435,125560,0.377649,0.32,1,525455,525020,435
130886501,8.42869,0.508874,445,125560,0.33153,0.24,1,525465,525020,445
130889421,4.88574,6.50177,441,125560,0.298306,0.36,1,525469,525028,441
130891701,15.3771,4.50035,455,125560,0.251661,0.35,1,525487,525032,455
130894621,12.6754,12.9001,452,125560,0.322332,0.4,1,525499,525047,452
130897541,10.5351,11.38,451,125560,0.336466,0.4,1,525509,525058,451
130900461,6.10702,11.876,444,125560,0.331293,0.37,1,525514,525070,444
130903141,4.4214,5.5752,444,125560,0.306259,0.4,1,525518,525074,444
130906061,2.48428,6.71504,439,125560,0.309252,0.36,1,525520,525081,439
130908981,4.49686,2.94301,442,125560,0.37385,0.36,1,525525,525083,442
130911461,4.09937,0.588602,446,125560,0.39477,0.39,1,525529,525083,446
130914381,2.41987,8.11772,438,125560,0.366954,0.38,1,525531,525093,438
130917301,12.484,16.0235,435,125560,0.297391,0.3,1,525546,525111,435
130920221,17.6968,10.4047,445,125560,0.267478,0.39,1,525565,525120,445
130923141,6.73936,5.28094,445,125560,0.349496,0.31,1,525569,525124,445
130925601,2.94787,4.25619,443,125560,0.333899,0.39,1,525571,525128,443
130928521,4.58957,5.65124,442,125560,0.37078,0.38,1,525576,525134,442
130931441,3.31791,4.33025,441,125560,0.322156,0.39,1,525579,525138,441
130934341,8.66358,4.06605,447,125560,0.304431,0.35,1,525589,525142,447
130937261,3.33272,8.81321,439,125560,0.300886,0.35,1,525591,525152,439
130940181,2.26654,1.76264,441,125560,0.276177,0.35,1,525593,525152,441
130943101,6.85331,0.352528,449,125560,0.295235,0.34,1,525601,525152,449
130946021,2.97066,6.47051,443,125560,0.307047,0.34,1,525603,525160,443
130947861,2.99413,1.2941,446,125560,0.301409,0.39,1,525606,525160,446
130950781,19.7988,8.25882,460,125560,0.260282,0.4,1,525630,525170,460
130953701,11.9598,18.4518,449,125560,0.276056,0.37,1,525640,525191,449
130956621,9.59195,14.8904,444,125560,0.327211,0.3,1,525649,525205,444
130959301,6.71839,6.17807,446,125560,0.321442,0.36,1,525655,525209,446
130962221,5.34368,10.8356,439,125560,0.336288,0.3,1,525660,525221,439
130964081,2.66874,4.56712,438,125560,0.307258,0.41,1,525662,525224,438
130967001,22.9337,21.7134,440,125560,0.269452,0.37,1,525690,525250,440
130969921,12.5867,9.14269,444,125560,0.27789,0.34,1,525700,525256,444
130972401,7.31735,6.62854,444,125560,0.303578,0.33,1,525706,525262,444
130975321,15.0635,19.7257,438,125560,0.348716,0.27,1,525723,525285,438
130977601,8.61269,6.34514,442,125560,0.245743,0.44,1,525730,525288,442
130980521,11.3225,10.069,443,125560,0.225149,0.36,1,525742,525299,443
130983441,68.6645,68.4138,443,125560,0.30103,0.44,1,525825,525382,443
130986361,28.1329,30.4828,440,125560,0.324206,0.41,1,525843,525403,440
130989281,12.0266,10.8966,442,125560,0.320841,0.36,1,525851,525409,442
130992161,4.00532,3.77931,442,125560,0.328168,0.4,1,525853,525411,442
130995081,7.20106,10.3559,438,125560,0.297634,0.29,1,525861,525423,438
130997361,10.2402,11.6712,437,125560,0.259527,0.38,1,525872,525435,437
131000281,14.048,11.9342,440,125560,0.243905,0.36,1,525887,525447,440
131003201,4.40961,5.58685,438,125560,0.216781,0.36,1,525889,525451,438
131005061,1.68192,1.11737,439,125560,0.219356,0.41,1,525890,525451,439
131007981,1.93638,2.62347,438,125560,0.195871,0.39,1,525892,525454,438
131010901,5.98728,1.32469,444,125560,0.231174,0.32,1,525899,525455,444
131013381,4.39746,8.26494,438,125560,0.206235,0.29,1,525903,525465,438
131016301,20.0795,4.85299,458,125560,0.209247,0.34,1,525927,525469,458
131019221,13.6159,24.9706,440,125560,0.241849,0.34,1,525939,525499,440
131022141,7.52318,12.9941,436,125560,0.31237,0.34,1,525945,525509,436
131023781,7.90464,2.59882,444,125560,0.358474,0.33,1,525953,525509,444
131026701,4.78093,4.51976,443,125560,0.391695,0.3,1,525957,525514,443
131028561,1.75619,4.10395,440,125560,0.382339,0.29,1,525958,525518,440
131031481,1.95124,3.22079,439,125560,0.348468,0.39,1,525960,525521,439
131034401,1.99025,3.84416,437,125560,0.317694,0.4,1,525962,525525,437
131036881,6.79805,3.96883,441,125560,0.279539,0.41,1,525970,525529,441
131039801,4.55961,8.79377,435,125560,0.343908,0.28,1,525974,525539,435
131042721,5.71192,7.35875,434,125560,0.372782,0.26,1,525980,525546,434
131045641,20.3424,16.6718,439,125560,0.306556,0.37,1,526004,525565,439
131048321,5.66848,6.53435,437,125560,0.269311,0.33,1,526006,525569,437
131051241,5.9337,8.50687,434,125560,0.317862,0.33,1,526012,525578,434
131054161,4.38674,1.70137,438,125560,0.295572,0.31,1,526016,525578,438
131057081,5.67735,1.14027,443,125560,0.331115,0.3,1,526022,525579,443
131060001,5.93547,8.22805,439,125560,0.306223,0.3,1,526028,525589,439
131061841,1.98709,3.24561,438,125560,0.341245,0.27,1,526029,525591,438
131064761,5.19742,5.44912,438,125560,0.348249,0.3,1,526035,525597,438
131067681,4.23948,4.28982,438,125560,0.30965,0.31,1,526039,525601,438
131070601,2.4479,2.45796,438,125560,0.30993,0.31,1,526041,525603,438
131072661,6.88958,0.491593,446,125560,0.317986,0.25,1,526049,525603,446
131075581,15.7779,21.6983,437,125560,0.319597,0.28,1,526067,525630,437
131078501,13.5556,12.3397,440,125560,0.367919,0.34,1,526080,525640,440
131081421,7.51112,9.66793,437,125560,0.289584,0.34,1,526086,525649,437
131083061,5.50222,1.93359,442,125560,0.377917,0.32,1,526091,525649,442
131085981,4.30044,5.18672,440,125560,0.339583,0.34,1,526095,525655,440
131088901,2.46009,5.03734,437,125560,0.339917,0.26,1,526097,525660,437
131091821,24.492,25.0075,437,125560,0.347983,0.28,1,526127,525690,437
131094741,11.2984,13.0015,435,125560,0.333597,0.31,1,526135,525700,435
131097201,10.2597,7.4003,439,125560,0.298719,0.36,1,526145,525706,439
131100121,14.0519,15.0801,437,125560,0.347744,0.22,1,526160,525723,437
131103041,4.41039,8.61601,432,125560,0.357549,0.22,1,526162,525730,432
131105961,11.2821,11.3232,433,125560,0.33551,0.32,1,526175,525742,433
131108881,73.4564,68.6646,439,125560,0.347102,0.33,1,526264,525825,439
131111801,28.2913,28.1329,438,125560,0.41342,0.32,1,526281,525843,438
131113841,10.4583,12.0266,436,125560,0.338684,0.35,1,526287,525851,436
131116761,6.89165,8.00532,435,125560,0.379737,0.29,1,526293,525858,435
131119681,2.97833,4.00106,434,125560,0.387947,0.25,1,526295,525861,434
131122601,10.1957,9.60021,435,125560,0.365589,0.24,1,526307,525872,435
131125521,14.0391,13.92,435,125560,0.321118,0.21,1,526322,525887,435
131128401,4.40783,4.38401,435,125560,0.336224,0.24,1,526324,525889,435
131131321,4.08157,8.8768,429,125560,0.347245,0.24,1,526328,525899,429
131134241,4.01631,1.77536,433,125560,0.285449,0.24,1,526332,525899,433
131137161,7.20326,0.355072,441,125560,0.32109,0.2,1,526340,525899,441
131140081,18.2407,3.27101,458,125560,0.328218,0.21,1,526361,525903,458
131143001,18.0481,19.8542,452,125560,0.297644,0.25,1,526379,525927,452
131145921,8.40963,13.5708,446,125560,0.355529,0.33,1,526385,525939,446
131148581,4.88193,7.51417,444,125560,0.335106,0.4,1,526389,525945,444
131151501,4.17639,11.1028,436,125560,0.331021,0.38,1,526393,525957,436
131153781,5.63528,3.02057,441,125560,0.346204,0.31,1,526399,525958,441
131156701,2.72706,4.60411,438,125560,0.373241,0.31,1,526401,525963,438
131159621,2.14541,0.920823,440,125560,0.386648,0.27,1,526403,525963,440
131162541,8.42908,5.78416,443,125560,0.37333,0.36,1,526413,525970,443
131164801,3.28582,4.35683,441,125560,0.338666,0.38,1,526415,525974,441
131167721,5.45716,5.67137,441,125560,0.291733,0.29,1,526421,525980,441
131170641,15.4914,20.3343,435,125560,0.266347,0.26,1,526439,526004,435
131173121,4.69829,5.66685,435,125560,0.349269,0.33,1,526441,526006,435
131176041,8.93966,5.93337,439,125560,0.397854,0.29,1,526451,526012,439
131178961,3.38793,4.38667,437,125560,0.431571,0.29,1,526453,526016,437
131180821,7.07759,0.877335,445,125560,0.358314,0.34,1,526461,526016,445
131183741,3.81552,4.97547,442,125560,0.407663,0.3,1,526464,526022,442
131186021,3.9631,5.79509,440,125560,0.353533,0.35,1,526468,526028,440
131188941,2.39262,6.75902,435,125560,0.342707,0.3,1,526470,526035,435
131191861,6.87852,4.5518,439,125560,0.364541,0.3,1,526478,526039,439
131194341,4.5757,0.910361,443,125560,0.384908,0.26,1,526482,526039,443
131197261,7.31514,4.18207,446,125560,0.292982,0.32,1,526490,526044,446
131200181,11.063,19.2364,435,125560,0.338596,0.38,1,526502,526067,435
131203101,17.4126,14.2473,441,125560,0.219719,0.27,1,526521,526080,441
131206021,5.08252,7.64946,437,125560,0.195944,0.27,1,526523,526086,437
131207861,8.2165,1.52989,446,125560,0.327189,0.33,1,526532,526086,446
131210781,3.2433,7.50598,439,125560,0.369438,0.34,1,526534,526095,439
131213061,2.24866,3.1012,439,125560,0.345888,0.35,1,526536,526097,439
131215981,24.4497,24.6202,439,125560,0.261178,0.33,1,526566,526127,439
131218901,9.68995,11.324,437,125560,0.292235,0.33,1,526572,526135,437
131221381,12.338,2.26481,450,125560,0.322447,0.36,1,526585,526135,450
131224301,12.0676,20.453,437,125560,0.312489,0.36,1,526597,526160,437
131227221,4.01352,5.69059,437,125560,0.318498,0.36,1,526599,526162,437
131229701,8.8027,1.13812,447,125560,0.3437,0.33,1,526609,526162,447
131232621,72.9605,10.6276,523,125560,0.27674,0.35,1,526698,526175,523
131235541,31.3921,73.3255,455,125560,0.311348,0.43,1,526719,526264,455
131238461,13.4784,28.2651,447,125560,0.39827,0.39,1,526728,526281,447
131241381,5.89568,15.253,439,125560,0.399654,0.39,1,526732,526293,439
131244301,2.77914,4.6506,439,125560,0.399931,0.39,1,526734,526295,439
131246341,9.35583,0.930121,450,125560,0.391986,0.36,1,526745,526295,450
131249261,12.2712,9.78602,451,125560,0.310397,0.31,1,526758,526307,451
131252181,7.25423,13.9572,442,125560,0.262079,0.34,1,526764,526322,442
131254661,4.65085,4.39144,444,125560,0.236416,0.4,1,526768,526324,444
131257581,2.53017,8.87829,436,125560,0.231283,0.4,1,526770,526334,436
131260501,6.90603,1.77566,444,125560,0.198257,0.33,1,526778,526334,444
131263421,14.9812,5.15513,455,125560,0.175651,0.33,1,526795,526340,455
131266341,20.5962,17.831,456,125560,0.21113,0.29,1,526817,526361,456
131269261,8.91925,17.9662,444,125560,0.226226,0.37,1,526823,526379,444
131270881,2.58385,8.39324,439,125560,0.213245,0.36,1,526824,526385,439
131273801,5.31677,5.67865,440,125560,0.338649,0.33,1,526830,526390,440
131276721,4.26335,3.53573,441,125560,0.35573,0.35,1,526834,526393,441
131279641,4.05267,5.50715,439,125560,0.351146,0.38,1,526838,526399,439
131282321,4.01053,2.70143,441,125560,0.318229,0.36,1,526842,526401,441
131285241,9.60211,6.94029,444,125560,0.311646,0.37,1,526853,526409,444
131288161,3.52042,4.58806,442,125560,0.318329,0.33,1,526855,526413,442
131291081,5.50408,2.51761,446,125560,0.295666,0.28,1,526861,526415,446
131294001,9.90082,5.30352,451,125560,0.331133,0.26,1,526872,526421,451
131296921,9.18016,15.4607,442,125560,0.266227,0.37,1,526881,526439,442
131299381,8.23603,4.69214,448,125560,0.277245,0.41,1,526889,526441,448
131302301,4.04721,8.93843,441,125560,0.263449,0.44,1,526892,526451,441
131304161,2.40944,3.38769,441,125560,0.38069,0.38,1,526894,526453,441
131307081,9.28189,11.0775,439,125560,0.332138,0.38,1,526905,526466,439
131310001,3.45638,2.21551,441,125560,0.322428,0.34,1,526907,526466,441
131312921,2.29128,2.0431,441,125560,0.304485,0.34,1,526909,526468,441
131314561,2.85826,2.00862,442,125560,0.252897,0.4,1,526912,526470,442
131317481,3.77165,7.60172,437,125560,0.362579,0.39,1,526916,526479,437
131320401,8.75433,3.92034,444,125560,0.368516,0.27,1,526926,526482,444
131323321,11.3509,7.18407,448,125560,0.353703,0.35,1,526938,526490,448
131326241,19.0702,11.0368,457,125560,0.286741,0.19,1,526959,526502,457
131329161,5.41403,17.4074,440,125560,0.225348,0.19,1,526961,526521,440
131331201,2.68281,5.08147,440,125560,0.24507,0.36,1,526963,526523,440
131334121,8.53656,8.21629,441,125560,0.297014,0.38,1,526973,526532,441
131336401,3.30731,3.24326,441,125560,0.315403,0.4,1,526975,526534,441
131339321,19.8615,6.24865,458,125560,0.295081,0.24,1,526999,526541,458
131342241,13.5723,21.2497,445,125560,0.251016,0.3,1,527011,526566,445
131345141,12.3145,9.04995,451,125560,0.266203,0.33,1,527023,526572,451
131348061,8.86289,12.21,446,125560,0.285241,0.31,1,527031,526585,446
131350981,6.57258,12.042,440,125560,0.273048,0.32,1,527037,526597,440
131353461,6.11452,4.0084,444,125560,0.34261,0.38,1,527043,526599,444
131356381,77.2229,10.4017,527,125560,0.340522,0.26,1,527138,526611,527
131359301,33.0446,71.6803,462,125560,0.348104,0.32,1,527160,526698,462
131362221,13.0089,31.1361,449,125560,0.269621,0.42,1,527168,526719,449
131364901,5.80178,13.4272,444,125560,0.253924,0.4,1,527172,526728,444
131367821,2.76036,5.88544,442,125560,0.370785,0.4,1,527174,526732,442
131370101,6.95207,2.77709,448,125560,0.402157,0.39,1,527182,526734,448
131373021,8.59041,9.35542,446,125560,0.384431,0.29,1,527191,526745,446
131375941,7.31808,12.2711,440,125560,0.356886,0.25,1,527198,526758,440
131378421,5.46362,7.25422,439,125560,0.311377,0.25,1,527203,526764,439
131381341,4.29272,8.65084,434,125560,0.246275,0.25,1,527207,526773,434
131384261,4.85854,1.73017,439,125560,0.281255,0.19,1,527212,526773,439
131387181,11.3717,4.34603,447,125560,0.320251,0.17,1,527225,526778,447
131390101,27.0743,14.4692,461,125560,0.23205,0.22,1,527256,526795,461
131393021,10.2149,20.4938,445,125560,0.31041,0.23,1,527262,526817,445
131395061,5.24297,8.89877,443,125560,0.350082,0.37,1,527266,526823,443
131397981,2.64859,7.37975,438,125560,0.366016,0.36,1,527268,526830,438
131400901,3.72972,4.67595,438,125560,0.369203,0.36,1,527272,526834,438
131403381,2.34594,0.93519,440,125560,0.361841,0.35,1,527274,526834,440
131406301,4.46919,3.38704,441,125560,0.384368,0.31,1,527279,526838,441
131408581,8.09384,3.87741,446,125560,0.340874,0.31,1,527288,526842,446
131411501,3.21877,9.57548,437,125560,0.332175,0.32,1,527290,526853,437
131413361,1.44375,3.5151,436,125560,0.314435,0.29,1,527291,526855,436
131416281,8.28875,7.10302,438,125560,0.310887,0.34,1,527301,526863,438
131419201,4.85775,8.6206,433,125560,0.246177,0.25,1,527305,526872,433
131422121,8.17155,8.92412,433,125560,0.273235,0.28,1,527314,526881,433
131425041,14.4343,8.18482,441,125560,0.334647,0.26,1,527330,526889,441
131427921,4.48686,4.03696,440,125560,0.306929,0.33,1,527332,526892,440
131430841,6.49737,5.60739,441,125560,0.301386,0.32,1,527339,526898,441
131433761,7.69947,6.72148,442,125560,0.292277,0.32,1,527347,526905,442
131436661,4.73989,2.9443,444,125560,0.298455,0.24,1,527351,526907,444
131439581,2.54798,4.58886,441,125560,0.267691,0.39,1,527353,526912,441
131442501,3.7096,4.11777,441,125560,0.205538,0.37,1,527357,526916,441
131445421,7.14192,8.82355,439,125560,0.345108,0.35,1,527365,526926,439
131448341,11.0284,11.3647,439,125560,0.301022,0.27,1,527377,526938,439
131451261,19.0057,19.0729,439,125560,0.260204,0.21,1,527398,526959,439
131453921,5.40114,5.41459,439,125560,0.220041,0.28,1,527400,526961,439
131456841,9.08023,4.28292,445,125560,0.300008,0.31,1,527410,526965,445
131459761,3.41605,7.25658,439,125560,0.316002,0.32,1,527412,526973,439
131462681,16.6832,3.05132,457,125560,0.3112,0.29,1,527432,526975,457
131465601,11.3366,19.8103,443,125560,0.24624,0.24,1,527442,526999,443
131468521,15.0673,13.5621,447,125560,0.241248,0.27,1,527458,527011,447
131470981,10.2135,12.3124,444,125560,0.28025,0.29,1,527467,527023,444
131473901,6.84269,8.86248,442,125560,0.28005,0.27,1,527473,527031,442
131475761,2.16854,6.5725,437,125560,0.25601,0.36,1,527474,527037,437
131478681,6.83371,6.1145,439,125560,0.283202,0.34,1,527482,527043,439
131481601,78.9667,77.2229,441,125560,0.27264,0.35,1,527579,527138,441
131484521,28.5933,33.0446,435,125560,0.334528,0.25,1,527595,527160,435
131487201,17.7187,13.0089,442,125560,0.314906,0.25,1,527610,527168,442
131490121,6.74373,5.80178,442,125560,0.246981,0.4,1,527614,527172,442
131492401,2.94875,2.76036,442,125560,0.201396,0.43,1,527616,527174,442
131495321,6.98975,7.75207,441,125560,0.320279,0.38,1,527624,527183,441
131498241,4.59795,7.95041,437,125560,0.312056,0.35,1,527628,527191,437
131501161,8.11959,7.19008,439,125560,0.342411,0.3,1,527637,527198,439
131503841,3.22392,5.43802,436,125560,0.356482,0.35,1,527639,527203,436
131506761,5.44478,5.8876,436,125560,0.263296,0.29,1,527645,527209,436
131509681,4.28896,3.57752,437,125560,0.212659,0.33,1,527649,527212,437
131512601,13.6578,11.1155,440,125560,0.258532,0.21,1,527665,527225,440
131515521,28.3316,27.0231,441,125560,0.323706,0.33,1,527697,527256,441
131517361,9.66631,10.2046,440,125560,0.280741,0.36,1,527702,527262,440
131520281,5.13326,5.24092,440,125560,0.232148,0.37,1,527706,527266,440
131523201,2.62665,2.64818,440,125560,0.23043,0.37,1,527708,527268,440
131525061,2.92533,3.72964,439,125560,0.302086,0.38,1,527711,527272,439
131527981,2.18507,3.14593,438,125560,0.332417,0.39,1,527713,527275,438
131530901,2.03701,3.82919,436,125560,0.346483,0.33,1,527715,527279,436
131533821,9.2074,7.96584,438,125560,0.293297,0.33,1,527726,527288,438
131535461,2.64148,1.59317,439,125560,0.274659,0.35,1,527727,527288,439
131538381,2.1283,5.91863,434,125560,0.334932,0.31,1,527729,527295,434
131541301,5.22566,5.98373,434,125560,0.290986,0.23,1,527735,527301,434
131544221,7.44513,4.39675,438,125560,0.346197,0.23,1,527743,527305,438
131545861,3.08903,0.879349,440,125560,0.357239,0.28,1,527745,527305,440
131548781,16.6178,7.37587,451,125560,0.335448,0.35,1,527765,527314,451
131551701,4.92356,14.2752,437,125560,0.32309,0.3,1,527767,527330,437
131554181,7.38471,4.45503,443,125560,0.256618,0.3,1,527775,527332,443
131557101,3.07694,6.49101,438,125560,0.243324,0.29,1,527777,527339,438
131558961,1.41539,7.6982,431,125560,0.240665,0.3,1,527778,527347,431
131561881,9.08308,4.73964,438,125560,0.400133,0.26,1,527789,527351,438
131564161,3.41662,2.54793,438,125560,0.400027,0.19,1,527791,527353,438
131567081,3.88332,3.70959,438,125560,0.400005,0.38,1,527795,527357,438
131570001,5.57666,7.14192,436,125560,0.360001,0.38,1,527801,527365,436
131571861,11.5153,1.42838,449,125560,0.432,0.29,1,527814,527365,449
131574781,14.3031,9.88568,452,125560,0.3824,0.25,1,527829,527377,452
131577701,10.0606,18.7771,440,125560,0.31648,0.21,1,527838,527398,440
131580181,10.0121,5.35543,448,125560,0.367296,0.32,1,527848,527400,448
131583101,3.60242,9.07109,440,125560,0.377459,0.32,1,527850,527410,440
131584961,1.52048,3.41422,439,125560,0.363492,0.31,1,527851,527412,439
131587881,12.3041,16.6828,434,125560,0.400698,0.23,1,527866,527432,434
131590161,14.4608,11.3366,439,125560,0.32814,0.24,1,527881,527442,439
131593081,14.0922,15.0673,437,125560,0.257628,0.29,1,527895,527458,437
131596001,10.8184,10.2135,438,125560,0.275526,0.29,1,527905,527467,438
131597861,2.96369,2.04269,439,125560,0.335105,0.28,1,527906,527467,439
131600781,2.19274,5.20854,435,125560,0.403021,0.29,1,527908,527473,435
131603701,8.43855,8.24171,436,125560,0.384604,0.27,1,527918,527482,436
131606621,76.0877,79.2483,432,125560,0.372921,0.35,1,528011,527579,432
131609541,32.0175,28.6497,437,125560,0.434584,0.31,1,528032,527595,437
131612461,14.4035,17.7299,432,125560,0.414917,0.23,1,528042,527610,432
131615121,11.6807,6.74599,439,125560,0.370983,0.35,1,528053,527614,439
131618041,8.73614,9.3492,437,125560,0.298197,0.35,1,528061,527624,437
131620961,4.94723,1.86984,441,125560,0.235639,0.31,1,528065,527624,441
131623441,2.58945,3.57397,439,125560,0.343128,0.35,1,528067,527628,439
131626361,2.11789,7.91479,432,125560,0.364626,0.36,1,528069,527637,432
131628641,2.02358,3.18296,432,125560,0.368925,0.2,1,528071,527639,432
131631561,13.2047,8.63659,438,125560,0.297785,0.2,1,528087,527649,438
131634481,4.24094,1.72732,440,125560,0.251557,0.27,1,528089,527649,440
131637401,8.84819,13.1455,434,125560,0.266311,0.34,1,528099,527665,434
131640321,26.5696,28.2291,433,125560,0.293262,0.27,1,528130,527697,433
131643201,16.5139,9.64582,442,125560,0.282652,0.25,1,528144,527702,442
131646121,4.90279,5.92916,439,125560,0.248531,0.23,1,528146,527707,439
131649041,4.18056,1.98583,442,125560,0.321706,0.32,1,528150,527708,442
131651941,3.23611,2.79717,442,125560,0.352341,0.34,1,528153,527711,442
131654861,3.04722,5.35943,439,125560,0.334468,0.34,1,528156,527717,439
131657781,4.60944,1.07189,444,125560,0.314894,0.28,1,528161,527717,444
131660701,6.52189,7.41438,442,125560,0.326979,0.35,1,528168,527726,442
131663381,7.70438,3.88288,447,125560,0.241396,0.38,1,528176,527729,447
131666301,3.14088,8.77658,439,125560,0.280279,0.36,1,528178,527739,439
131669221,2.22818,4.95531,437,125560,0.288056,0.36,1,528180,527743,437
131672141,14.8456,2.59106,453,125560,0.257611,0.33,1,528198,527745,453
131675061,4.56913,16.5182,435,125560,0.219522,0.32,1,528200,527765,435
131677941,12.1138,4.90364,447,125560,0.275904,0.24,1,528214,527767,447
131680861,5.62276,8.98073,441,125560,0.231181,0.24,1,528218,527777,441
131683781,3.52455,1.79615,444,125560,0.206236,0.44,1,528221,527777,444
131686701,7.10491,9.95923,440,125560,0.297247,0.4,1,528229,527789,440
131689621,4.62098,3.59185,442,125560,0.291449,0.4,1,528233,527791,442
131692541,5.7242,3.91837,444,125560,0.29829,0.35,1,528239,527795,444
131695461,5.94484,5.58367,444,125560,0.323658,0.45,1,528245,527801,444
131698381,17.189,11.5167,451,125560,0.320732,0.37,1,528265,527814,451
131701301,14.6378,14.3033,450,125560,0.288146,0.3,1,528279,527829,450
131704221,9.32756,10.0607,449,125560,0.177629,0.38,1,528287,527838,449
131707061,5.86551,10.0121,444,125560,0.195526,0.36,1,528292,527848,444
131709981,2.7731,4.40243,443,125560,0.175105,0.41,1,528294,527851,443
131712901,10.1546,12.8805,440,125560,0.267021,0.31,1,528306,527866,440
131715821,21.2309,14.5761,449,125560,0.325404,0.24,1,528330,527881,449
131718741,14.6462,14.1152,448,125560,0.345081,0.28,1,528343,527895,448
131721661,4.52924,10.823,440,125560,0.341016,0.35,1,528345,527905,440
131723281,1.70585,2.96461,440,125560,0.324203,0.38,1,528346,527906,440
131726201,9.94117,10.1929,440,125560,0.320841,0.38,1,528358,527918,440
131729121,3.58823,2.03858,442,125560,0.312168,0.37,1,528360,527918,442
131732041,75.1176,74.8077,442,125560,0.278434,0.45,1,528453,528011,442
131734961,31.8235,31.7615,442,125560,0.215687,0.41,1,528474,528032,442
131737881,11.9647,14.3523,439,125560,0.331137,0.36,1,528481,528042,439
131740801,17.5929,11.6705,447,125560,0.266227,0.28,1,528500,528053,447
131743721,6.71859,8.73409,443,125560,0.221245,0.22,1,528504,528061,443
131746161,2.94372,4.94682,441,125560,0.180249,0.39,1,528506,528065,441
131749081,2.18874,3.38936,440,125560,0.17205,0.37,1,528508,528068,440
131752001,2.03775,1.47787,441,125560,0.17841,0.37,1,528510,528069,441
131754921,10.0076,1.89557,451,125560,0.299682,0.28,1,528522,528071,451
131757841,3.60151,13.1791,437,125560,0.291936,0.24,1,528524,528087,437
131759681,1.5203,4.23582,436,125560,0.274387,0.27,1,528525,528089,436
131762601,6.70406,8.84716,434,125560,0.254877,0.3,1,528533,528099,434
131765521,28.5408,26.5694,437,125560,0.194975,0.28,1,528567,528130,437
131768441,18.5082,16.5139,439,125560,0.278995,0.24,1,528583,528144,439
131771121,5.30163,4.90278,439,125560,0.255799,0.38,1,528585,528146,439
131774041,4.26033,5.78056,437,125560,0.17916,0.36,1,528589,528152,437
131776961,2.45207,1.95611,438,125560,0.307832,0.33,1,528591,528153,438
131779441,3.69041,2.79122,439,125560,0.309566,0.36,1,528595,528156,439
131782361,5.53808,8.55824,435,125560,0.325913,0.33,1,528601,528166,435
131785281,4.30762,3.31165,437,125560,0.329183,0.22,1,528605,528168,437
131788201,7.26152,7.06233,437,125560,0.297837,0.22,1,528613,528176,437
131790261,3.0523,1.41247,439,125560,0.251567,0.31,1,528615,528176,439
131793181,2.21046,2.68249,438,125560,0.250313,0.29,1,528617,528179,438
131796101,13.2421,1.3365,453,125560,0.290063,0.25,1,528633,528180,453
131799021,4.24842,14.6673,437,125560,0.266013,0.21,1,528635,528198,437
131801701,9.64968,4.53346,446,125560,0.301203,0.29,1,528646,528200,446
131804621,8.32994,12.1067,440,125560,0.34824,0.22,1,528654,528214,440
131806901,3.26599,5.62134,438,125560,0.325648,0.2,1,528656,528218,438
131809821,7.8532,3.52427,444,125560,0.28913,0.32,1,528665,528221,444
131811681,2.37064,7.10485,437,125560,0.257826,0.29,1,528666,528229,437
131814601,3.67413,4.62097,437,125560,0.299565,0.3,1,528670,528233,437
131816881,7.13483,5.72419,439,125560,0.275913,0.33,1,528678,528239,439
131819801,6.22697,5.94484,439,125560,0.303183,0.32,1,528684,528245,439
131822721,12.4454,17.189,433,125560,0.388636,0.28,1,528698,528265,433
131825641,9.68908,14.6378,428,125560,0.421727,0.15,1,528707,528279,428
131828561,14.7378,9.32756,436,125560,0.244345,0.2,1,528723,528287,436
131831441,7.74756,5.86551,437,125560,0.320869,0.31,1,528729,528292,437
131834361,9.54951,8.3731,438,125560,0.312174,0.29,1,528739,528301,438
131837281,6.7099,5.67462,439,125560,0.350435,0.34,1,528745,528306,439
131840201,20.542,20.3349,439,125560,0.358087,0.35,1,528769,528330,439
131843121,15.3084,14.467,440,125560,0.255617,0.34,1,528783,528343,440
131846001,4.66168,4.4934,440,125560,0.235123,0.38,1,528785,528345,440
131848921,7.33234,8.09868,439,125560,0.311025,0.32,1,528793,528354,439
131851841,3.06647,4.81974,437,125560,0.334205,0.31,1,528795,528358,437
131854321,2.21329,2.56395,437,125560,0.386841,0.27,1,528797,528360,437
131857241,72.4427,74.9128,434,125560,0.357368,0.2,1,528887,528453,434
131860161,35.2885,31.7826,439,125560,0.287474,0.36,1,528913,528474,439
131862641,11.8577,11.9565,438,125560,0.321495,0.25,1,528919,528481,438
131865561,11.9715,17.5913,431,125560,0.376299,0.21,1,528931,528500,431
131868481,11.1943,6.71826,438,125560,0.40326,0.17,1,528942,528504,438
131870961,3.83886,2.94365,438,125560,0.376652,0.19,1,528944,528506,438
131873881,2.36777,2.98873,437,125560,0.33933,0.18,1,528946,528509,437
131876801,2.07355,1.39775,438,125560,0.299866,0.33,1,528948,528510,438
131879721,6.81471,9.87955,434,125560,0.363973,0.29,1,528956,528522,434
131882401,3.76294,3.57591,435,125560,0.320795,0.25,1,528959,528524,435
131885321,6.35259,7.91518,433,125560,0.352159,0.25,1,528966,528533,433
131888241,28.4705,1.58304,467,125560,0.238432,0.18,1,529000,528533,467
131891161,21.6941,27.5166,453,125560,0.255686,0.3,1,529020,528567,453
131894081,5.93882,18.3033,439,125560,0.323137,0.25,1,529022,528583,439
131895921,1.98776,5.26066,438,125560,0.320627,0.16,1,529023,528585,438
131898841,3.59755,4.25213,438,125560,0.264125,0.34,1,529027,528589,438
131901761,2.31951,2.45043,438,125560,0.220825,0.34,1,529029,528591,438
131903621,4.4639,0.490085,443,125560,0.308165,0.33,1,529034,528591,443
131906541,2.49278,8.09802,435,125560,0.365633,0.33,1,529036,528601,435
131909461,2.09856,4.8196,433,125560,0.345127,0.33,1,529038,528605,433
131911941,10.0197,0.963921,445,125560,0.373025,0.29,1,529050,528605,445
131914861,3.60394,6.59278,439,125560,0.378605,0.24,1,529052,528613,439
131917141,2.32079,2.91856,439,125560,0.411721,0.3,1,529054,528615,439
131920061,13.2642,4.58371,450,125560,0.306344,0.3,1,529070,528620,450
131922981,4.25283,11.3167,439,125560,0.325269,0.26,1,529072,528633,439
131925461,10.4506,3.86335,449,125560,0.345054,0.31,1,529084,528635,449
131928381,5.29011,9.57267,442,125560,0.317011,0.36,1,529088,528646,442
131931301,2.65802,8.31453,436,125560,0.287402,0.32,1,529090,528654,436
131933781,8.5316,3.26291,444,125560,0.31348,0.28,1,529100,528656,444
131936701,3.30632,7.85258,437,125560,0.318696,0.31,1,529102,528665,437
131939621,3.86126,5.57052,436,125560,0.279739,0.27,1,529106,528670,436
131942541,15.1723,7.5141,446,125560,0.247948,0.31,1,529124,528678,446
131945461,15.0345,6.30282,455,125560,0.31359,0.41,1,529139,528684,455
131948381,4.60689,12.4606,443,125560,0.350718,0.43,1,529141,528698,443
131950001,1.72138,9.69211,435,125560,0.342144,0.2,1,529142,528707,435
131952921,16.3443,14.7384,439,125560,0.212429,0.34,1,529162,528723,439
131955841,7.26885,7.74768,438,125560,0.330486,0.34,1,529167,528729,438
131957701,9.45377,1.54954,448,125560,0.250097,0.31,1,529177,528729,448
131960621,7.49075,8.30991,445,125560,0.322019,0.36,1,529184,528739,445
131962481,2.29815,6.46198,440,125560,0.320404,0.36,1,529185,528745,440
131965401,16.4596,20.4924,436,125560,0.296081,0.23,1,529205,528769,436
131968321,16.8919,15.2985,439,125560,0.307216,0.23,1,529222,528783,439
131970801,5.77839,4.6597,440,125560,0.317443,0.33,1,529225,528785,440
131973721,8.35568,7.33194,441,125560,0.351489,0.34,1,529234,528793,441
131976641,3.27114,3.06639,441,125560,0.350298,0.34,1,529236,528795,441
131978501,3.05423,0.613278,444,125560,0.29406,0.35,1,529239,528795,444
131981421,71.8108,73.7227,441,125560,0.338812,0.27,1,529328,528887,441
131984341,34.3622,35.5445,440,125560,0.243762,0.33,1,529353,528913,440
131987261,11.6724,11.9089,440,125560,0.344752,0.33,1,529359,528919,440
131988901,11.1345,2.38178,451,125560,0.36495,0.39,1,529370,528919,451
131991821,11.0269,10.0764,450,125560,0.33699,0.41,1,529381,528931,450
131994741,3.80538,10.8153,441,125560,0.299398,0.37,1,529383,528942,441
131997221,2.36108,3.76305,441,125560,0.25988,0.43,1,529385,528944,441
132000141,2.07222,5.55261,437,125560,0.251976,0.43,1,529387,528950,437
132003061,6.81444,1.11052,445,125560,0.282395,0.38,1,529395,528950,445
132005981,2.96289,5.0221,441,125560,0.336479,0.31,1,529397,528956,441
132008661,3.79258,3.40442,442,125560,0.355296,0.36,1,529401,528959,442
132011581,29.5585,6.28088,471,125560,0.335059,0.21,1,529437,528966,471
132014501,18.7117,28.4562,453,125560,0.307012,0.26,1,529453,529000,453
132017421,5.34234,21.6912,435,125560,0.277402,0.34,1,529455,529020,435
132020101,10.6685,5.93825,445,125560,0.31948,0.28,1,529467,529022,445
132023021,3.73369,7.58765,439,125560,0.295896,0.28,1,529469,529030,439
132025941,2.34674,1.51753,441,125560,0.275179,0.33,1,529471,529030,441
132028861,5.26935,3.50351,443,125560,0.207036,0.38,1,529477,529034,443
132031781,2.65387,2.3007,443,125560,0.201407,0.34,1,529479,529036,443
132033621,3.73077,2.06014,445,125560,0.240281,0.38,1,529483,529038,445
132036541,4.74615,10.012,438,125560,0.312056,0.38,1,529488,529050,438
132039461,2.54923,3.60241,438,125560,0.334411,0.42,1,529490,529052,438
132041941,2.10985,2.32048,438,125560,0.362882,0.28,1,529492,529054,438
132044861,7.62197,13.2641,431,125560,0.384576,0.33,1,529501,529070,431
132047761,3.92439,4.25282,432,125560,0.364915,0.35,1,529504,529072,432
132050681,12.7849,10.4506,435,125560,0.336983,0.31,1,529519,529084,435
132053601,7.35698,5.29011,437,125560,0.243397,0.28,1,529525,529088,437
132055461,5.4714,2.65802,440,125560,0.288679,0.32,1,529530,529090,440
132058381,7.49428,8.5316,438,125560,0.305736,0.32,1,529538,529100,438
132061301,3.09886,3.30632,438,125560,0.277147,0.27,1,529540,529102,438
132063781,3.81977,3.86126,438,125560,0.319429,0.24,1,529544,529106,438
132066701,12.764,15.1723,435,125560,0.335886,0.33,1,529559,529124,435
132069621,17.7528,15.0345,439,125560,0.387177,0.36,1,529578,529139,439
132072541,5.15056,4.60689,439,125560,0.413435,0.36,1,529580,529141,439
132074181,1.83011,0.921378,440,125560,0.434687,0.18,1,529581,529141,440
132077101,14.766,16.9843,437,125560,0.294937,0.36,1,529599,529162,437
132080021,4.5532,7.39686,434,125560,0.314987,0.36,1,529601,529167,434
132082501,12.1106,1.47937,448,125560,0.334997,0.34,1,529615,529167,448
132085421,8.82213,13.8959,439,125560,0.370999,0.32,1,529623,529184,439
132087701,5.76443,3.57917,443,125560,0.3622,0.29,1,529628,529185,443
132090621,13.1529,16.7158,438,125560,0.32044,0.31,1,529643,529205,438
132093541,17.0306,16.9432,439,125560,0.312088,0.32,1,529661,529222,439
132095601,5.00612,5.78863,438,125560,0.278418,0.36,1,529663,529225,438
132098521,9.00122,8.35773,439,125560,0.255684,0.35,1,529673,529234,439
132101441,3.40024,3.27155,439,125560,0.387137,0.28,1,529675,529236,439
132103921,2.28005,3.05431,438,125560,0.421427,0.35,1,529677,529239,438
132106841,68.456,71.8109,434,125560,0.324285,0.22,1,529762,529328,434
132109761,37.6912,34.3622,439,125560,0.288857,0.37,1,529792,529353,439
132112681,12.3382,11.6724,439,125560,0.225771,0.37,1,529798,529359,439
132115601,17.6676,11.1345,447,125560,0.373154,0.33,1,529817,529370,447
132118521,5.13353,11.0269,438,125560,0.370631,0.29,1,529819,529381,438
132121441,3.42671,3.80538,439,125560,0.346126,0.25,1,529822,529383,439
132124101,4.68534,2.36108,442,125560,0.253225,0.35,1,529827,529385,442
132127021,7.33707,2.87222,447,125560,0.290645,0.29,1,529835,529388,447
132129941,3.06741,6.17444,442,125560,0.322129,0.35,1,529837,529395,442
132132421,3.81348,2.83489,444,125560,0.328426,0.36,1,529841,529397,444
132135341,20.7627,3.76698,465,125560,0.297685,0.33,1,529866,529401,465
132138261,22.5525,29.5534,452,125560,0.275537,0.3,1,529889,529437,452
132141181,8.51051,18.7107,441,125560,0.271107,0.27,1,529894,529453,441
132143861,4.9021,5.34214,443,125560,0.238221,0.33,1,529898,529455,443
132146781,3.38042,10.6684,434,125560,0.335644,0.29,1,529901,529467,434
132149061,7.07608,3.73369,440,125560,0.299129,0.23,1,529909,529469,440
132151981,5.41522,3.94674,441,125560,0.267826,0.19,1,529914,529473,441
132154901,2.68304,3.98935,439,125560,0.317565,0.2,1,529916,529477,439
132156961,2.13661,2.39787,439,125560,0.295513,0.25,1,529918,529479,439
132159881,8.42732,3.67957,445,125560,0.371103,0.33,1,529928,529483,445
132162801,3.28546,4.73591,442,125560,0.362221,0.34,1,529930,529488,442
132165701,3.85709,2.54718,444,125560,0.328444,0.4,1,529934,529490,444
132168621,5.57142,5.30944,444,125560,0.345689,0.39,1,529940,529496,444
132171541,2.71428,5.06189,441,125560,0.357138,0.36,1,529942,529501,441
132174021,10.1429,3.41238,450,125560,0.303428,0.33,1,529954,529504,450
132176941,8.42857,12.6825,443,125560,0.324686,0.22,1,529962,529519,443
132179861,3.28571,7.3365,439,125560,0.336937,0.3,1,529964,529525,439
132182341,10.2571,5.4673,446,125560,0.251387,0.31,1,529976,529530,446
132185261,6.05143,7.49346,443,125560,0.146277,0.27,1,529981,529538,443
132187541,2.81029,3.09869,443,125560,0.245255,0.33,1,529983,529540,443
132190461,14.1621,3.81974,456,125560,0.265051,0.34,1,530000,529544,456
132193381,18.0324,12.7639,460,125560,0.31701,0.4,1,530019,529559,460
132196301,5.20648,17.7528,443,125560,0.295402,0.42,1,530021,529578,443
132198981,9.0413,5.15056,451,125560,0.29108,0.26,1,530031,529580,451
132201901,9.80826,16.2301,442,125560,0.226216,0.32,1,530041,529599,442
132204801,3.56165,4.84602,442,125560,0.245243,0.34,1,530043,529601,442
132207721,11.9123,12.1692,442,125560,0.289049,0.38,1,530057,529615,442
132210641,8.78247,8.83384,442,125560,0.28981,0.36,1,530065,529623,442
132213121,4.95649,5.76677,441,125560,0.257962,0.31,1,530069,529628,441
132216041,10.5913,13.1534,438,125560,0.267592,0.31,1,530081,529643,438
132218961,14.1183,17.0307,435,125560,0.221518,0.27,1,530096,529661,435
132221881,13.2237,5.00613,446,125560,0.228304,0.25,1,530109,529663,446
132224801,4.24473,9.00123,438,125560,0.197661,0.42,1,530111,529673,438
132226641,1.64895,3.40025,437,125560,0.223532,0.36,1,530112,529675,437
132229561,70.7298,7.08005,517,125560,0.284706,0.3,1,530200,529683,517
132232481,33.346,64.616,462,125560,0.256941,0.28,1,530224,529762,462
132235401,17.0692,36.9232,445,125560,0.251388,0.21,1,530237,529792,445
132238321,13.8138,12.1846,452,125560,0.194278,0.41,1,530250,529798,452
132241241,7.56277,17.6369,439,125560,0.310856,0.37,1,530256,529817,439
132243281,3.91255,5.12739,440,125560,0.350171,0.27,1,530259,529819,440
132246201,5.58251,5.82548,440,125560,0.302034,0.23,1,530265,529825,440
132249121,2.7165,2.7651,440,125560,0.348407,0.3,1,530267,529827,440
132251601,6.9433,6.95302,440,125560,0.237681,0.33,1,530275,529835,440
132254521,2.98866,2.9906,440,125560,0.215536,0.33,1,530277,529837,440
132257441,3.79773,3.79812,440,125560,0.291107,0.33,1,530281,529841,440
132259301,19.9595,0.759624,464,125560,0.258221,0.29,1,530305,529841,464
132262221,16.7919,20.1519,455,125560,0.283644,0.27,1,530321,529866,455
132265141,11.3584,22.4304,442,125560,0.256729,0.27,1,530331,529889,442
132267621,8.67168,8.48608,445,125560,0.187346,0.35,1,530339,529894,445
132270541,3.33434,9.69722,437,125560,0.197469,0.35,1,530341,529904,437
132273461,3.86687,1.93944,441,125560,0.215494,0.26,1,530345,529904,441
132276381,5.57337,8.38789,437,125560,0.267099,0.33,1,530351,529914,437
132279301,2.71467,3.27758,437,125560,0.34142,0.33,1,530353,529916,437
132281141,9.34294,0.655515,448,125560,0.364284,0.39,1,530364,529916,448
132284061,3.46859,9.7311,438,125560,0.336857,0.36,1,530366,529928,438
132286981,2.29372,3.54622,438,125560,0.323371,0.36,1,530368,529930,438
132289461,5.25874,0.709244,444,125560,0.320674,0.36,1,530374,529930,444
132292381,2.65175,9.74185,434,125560,0.304135,0.36,1,530376,529942,434
132295301,2.13035,1.94837,436,125560,0.300827,0.36,1,530378,529942,436
132298221,10.8261,0.389674,449,125560,0.300165,0.33,1,530391,529942,449
132301141,5.36521,16.0779,433,125560,0.284033,0.34,1,530395,529962,433
132304061,2.67304,4.81559,433,125560,0.280807,0.23,1,530397,529964,433
132306981,10.9346,10.5631,434,125560,0.336161,0.23,1,530410,529976,434
132309221,7.78692,2.11262,441,125560,0.275232,0.12,1,530417,529976,441
132312141,3.15738,4.42252,438,125560,0.263046,0.27,1,530419,529981,438
132314421,11.8315,2.4845,450,125560,0.284609,0.27,1,530433,529983,450
132317341,19.1663,14.0969,454,125560,0.280922,0.33,1,530454,530000,454
132320261,5.43326,18.0194,437,125560,0.280184,0.29,1,530456,530019,437
132322741,6.68665,5.20388,442,125560,0.264037,0.29,1,530463,530021,442
132325661,7.73733,9.04078,440,125560,0.324807,0.21,1,530471,530031,440
132328581,3.14747,9.80815,432,125560,0.336961,0.25,1,530473,530041,432
132331061,15.0295,3.56163,448,125560,0.331392,0.3,1,530491,530043,448
132333981,9.4059,11.9123,442,125560,0.234278,0.29,1,530499,530057,442
132336901,5.08118,8.78247,438,125560,0.270856,0.25,1,530503,530065,438
132339381,8.21624,4.95649,443,125560,0.366171,0.27,1,530512,530069,443
132342301,16.0432,10.5913,449,125560,0.401234,0.21,1,530530,530081,449
132345221,15.2086,14.1183,449,125560,0.360247,0.23,1,530545,530096,449
132348141,4.64173,13.2237,438,125560,0.360049,0.19,1,530547,530109,438
132350821,2.52835,4.24473,438,125560,0.35201,0.3,1,530549,530111,438
132353741,70.1057,72.049,436,125560,0.422402,0.25,1,530636,530200,436
132356661,32.4211,33.6098,435,125560,0.43648,0.25,1,530659,530224,435
132359581,14.4842,17.122,432,125560,0.471296,0.18,1,530669,530237,432
132362501,18.0968,13.8244,438,125560,0.454259,0.34,1,530688,530250,438
132365421,8.41937,7.56488,438,125560,0.482852,0.34,1,530694,530256,438
132367461,3.28387,1.51298,440,125560,0.48857,0.29,1,530696,530256,440
132370381,2.25677,7.5026,433,125560,0.489714,0.36,1,530698,530265,433
132373301,2.05135,3.10052,433,125560,0.489943,0.36,1,530700,530267,433
132375781,7.61027,0.620104,442,125560,0.473989,0.21,1,530709,530267,442
132378701,3.12205,8.12402,434,125560,0.438798,0.21,1,530711,530277,434
132380981,7.02441,1.6248,442,125560,0.40776,0.31,1,530719,530277,442
132383901,17.4049,3.52496,458,125560,0.441552,0.29,1,530739,530281,458
132386821,17.081,32.705,435,125560,0.39231,0.25,1,530756,530321,435
132389741,9.8162,14.541,433,125560,0.438462,0.25,1,530764,530331,433
132391381,9.96324,2.9082,443,125560,0.375692,0.17,1,530774,530331,443
132394301,3.59265,6.98164,437,125560,0.427138,0.2,1,530776,530339,437
132396161,4.71853,2.99633,440,125560,0.389428,0.3,1,530781,530341,440
132399081,7.34371,7.79927,439,125560,0.397886,0.28,1,530789,530350,439
132402001,3.06874,2.35985,440,125560,0.367577,0.36,1,530791,530351,440
132404481,2.21375,2.07197,440,125560,0.377515,0.37,1,530793,530353,440
132407401,8.44275,9.21439,439,125560,0.411503,0.33,1,530803,530364,439
132409681,3.28855,3.44288,439,125560,0.386301,0.34,1,530805,530366,439
132412601,7.05771,3.08858,444,125560,0.42126,0.32,1,530813,530369,444
132415521,3.01154,4.61772,441,125560,0.436252,0.3,1,530815,530374,441
132418001,2.20231,2.52354,441,125560,0.43925,0.38,1,530817,530376,441
132420921,12.4405,6.90471,448,125560,0.41585,0.3,1,530832,530384,448
132423841,4.88809,6.98094,444,125560,0.39517,0.28,1,530835,530391,444
132426321,3.37762,4.59619,443,125560,0.343034,0.44,1,530838,530395,443
132429241,2.27552,8.91924,435,125560,0.300607,0.35,1,530840,530405,435
132432161,5.2551,5.78385,436,125560,0.388121,0.26,1,530846,530410,436
132434641,8.25102,6.75677,438,125560,0.397624,0.47,1,530855,530417,438
132437561,3.2502,3.75135,437,125560,0.375525,0.29,1,530857,530420,437
132440481,31.05,11.1503,462,125560,0.435105,0.28,1,530895,530433,462
132443401,7.81001,19.0301,443,125560,0.439021,0.28,1,530897,530454,443
132446321,4.762,5.40601,445,125560,0.407804,0.26,1,530901,530456,445
132448161,1.7524,6.6812,439,125560,0.385561,0.34,1,530902,530463,439
132451081,6.75048,7.73624,439,125560,0.381112,0.34,1,530910,530471,439
132453361,6.1501,3.14725,443,125560,0.452222,0.33,1,530916,530473,443
132456281,10.83,15.0295,437,125560,0.450444,0.21,1,530928,530491,437
132459201,11.766,9.40589,441,125560,0.442089,0.28,1,530940,530499,441
132462121,7.1532,5.08118,443,125560,0.360418,0.39,1,530946,530503,443
132464801,9.43064,8.21624,444,125560,0.408084,0.41,1,530956,530512,444
132467721,11.4861,16.0432,438,125560,0.385617,0.35,1,530968,530530,438
132470641,19.0972,15.2086,444,125560,0.405123,0.36,1,530989,530545,444
132473121,5.41945,4.64173,444,125560,0.433025,0.45,1,530991,530547,444
132476041,4.28389,8.12835,439,125560,0.382605,0.44,1,530995,530556,439
132478961,68.8568,65.6257,444,125560,0.316521,0.44,1,531080,530636,444
132481881,34.5714,31.5251,447,125560,0.335304,0.48,1,531106,530659,447
132484561,14.9143,14.305,447,125560,0.307061,0.45,1,531116,530669,447
132487481,18.9829,18.061,448,125560,0.325412,0.49,1,531136,530688,448
132490401,5.39657,8.4122,444,125560,0.329082,0.49,1,531138,530694,444
132492881,3.47931,3.28244,445,125560,0.281816,0.47,1,531141,530696,445
132495801,4.69586,4.65649,445,125560,0.368363,0.47,1,531146,530701,445
132498721,2.53917,0.931298,447,125560,0.385673,0.47,1,531148,530701,447
132501641,6.90783,6.58626,447,125560,0.317135,0.43,1,531156,530709,447
132504561,4.58157,2.91725,449,125560,0.311427,0.4,1,531160,530711,449
132507481,13.7163,6.98345,457,125560,0.318285,0.45,1,531176,530719,457
132510401,20.3433,17.3967,459,125560,0.247657,0.38,1,531198,530739,459
132513321,8.86865,17.0793,448,125560,0.329531,0.45,1,531204,530756,448
132516241,12.9737,9.81587,454,125560,0.281906,0.44,1,531218,530764,454
132519161,4.19475,11.5632,444,125560,0.240381,0.38,1,531220,530776,444
132521381,5.63895,6.31263,445,125560,0.232076,0.4,1,531226,530781,445
132524301,6.72779,7.66253,444,125560,0.310415,0.36,1,531233,530789,444
132527201,2.94556,3.13251,444,125560,0.294083,0.45,1,531235,530791,444
132530121,9.38911,3.8265,451,125560,0.338817,0.42,1,531246,530795,451
132533041,3.47782,7.1653,445,125560,0.307763,0.38,1,531248,530803,445
132535521,3.89556,3.03306,447,125560,0.333553,0.44,1,531252,530805,447
132538441,2.37911,10.2066,437,125560,0.338711,0.44,1,531254,530817,437
132541361,2.07582,2.04132,439,125560,0.347742,0.44,1,531256,530817,439
132544281,14.8152,0.408264,457,125560,0.357548,0.41,1,531274,530817,457
132547201,4.56303,12.0817,444,125560,0.35951,0.39,1,531276,530832,444
132549041,1.71261,4.81633,442,125560,0.343902,0.33,1,531277,530835,442
132551961,4.34252,3.36327,444,125560,0.26878,0.29,1,531282,530838,444
132554241,2.4685,2.27265,444,125560,0.341756,0.43,1,531284,530840,444
132557161,3.6937,7.65453,439,125560,0.356351,0.4,1,531288,530849,439
132560081,2.33874,6.33091,435,125560,0.32727,0.37,1,531290,530855,435
132562561,2.06775,2.86618,435,125560,0.369454,0.45,1,531292,530857,435
132565481,37.2135,30.9732,443,125560,0.361891,0.44,1,531338,530895,443
132567761,9.04271,7.79465,443,125560,0.360378,0.36,1,531340,530897,443
132570681,6.60854,6.35893,443,125560,0.416076,0.36,1,531346,530903,443
132573601,2.92171,1.27179,445,125560,0.395215,0.38,1,531348,530903,445
132576521,5.38434,5.85436,444,125560,0.415043,0.47,1,531354,530910,444
132579441,15.4769,5.97087,456,125560,0.339009,0.45,1,531372,530916,456
132582361,12.6954,10.7942,456,125560,0.347802,0.44,1,531384,530928,456
132584401,4.13907,11.7588,446,125560,0.40556,0.34,1,531386,530940,446
132587321,4.02781,7.15177,444,125560,0.361112,0.42,1,531390,530946,444
132590241,7.20556,9.43035,442,125560,0.392222,0.38,1,531398,530956,442
132593161,11.0411,11.4861,442,125560,0.390444,0.41,1,531410,530968,442
132596081,20.6082,19.0972,444,125560,0.262089,0.44,1,531433,530989,444
132597921,4.92164,5.41944,443,125560,0.252418,0.45,1,531434,530991,443
132600841,5.78433,6.68389,442,125560,0.282484,0.3,1,531440,530998,442
132603761,66.7569,66.9368,442,125560,0.296497,0.34,1,531522,531080,442
132606681,30.9514,34.1874,438,125560,0.323299,0.3,1,531544,531106,438
132609601,14.1903,14.8375,438,125560,0.29666,0.33,1,531554,531116,438
132612521,21.2381,18.9675,441,125560,0.347332,0.33,1,531577,531136,441
132615441,5.84761,5.3935,441,125560,0.349466,0.33,1,531579,531138,441
132617061,1.96952,1.0787,442,125560,0.333893,0.39,1,531580,531138,442
132619981,1.9939,8.21574,434,125560,0.298779,0.39,1,531582,531148,434
132622901,1.99878,1.64315,436,125560,0.259756,0.3,1,531584,531148,436
132625821,6.79976,6.72863,436,125560,0.339951,0.3,1,531592,531156,436
132627461,6.95995,1.34573,443,125560,0.27599,0.31,1,531599,531156,443
132630381,14.192,3.46915,455,125560,0.231198,0.32,1,531615,531160,455
132633301,17.2384,13.4938,457,125560,0.29424,0.23,1,531633,531176,457
132636221,9.84768,20.2988,443,125560,0.186848,0.35,1,531641,531198,443
132639141,11.5695,8.85975,449,125560,0.20537,0.27,1,531653,531204,449
132642061,3.91391,12.972,437,125560,0.209074,0.23,1,531655,531218,437
132643681,1.58278,4.19439,436,125560,0.193815,0.37,1,531656,531220,436
132646601,11.5166,9.63888,439,125560,0.182763,0.33,1,531670,531231,439
132649521,3.90331,3.52778,439,125560,0.212553,0.29,1,531672,531233,439
132652001,2.38066,2.30556,439,125560,0.186511,0.35,1,531674,531235,439
132654921,10.0761,9.26111,440,125560,0.261302,0.3,1,531686,531246,440
132657841,3.61523,3.45222,440,125560,0.24426,0.34,1,531688,531248,440
132660321,5.52305,3.89044,442,125560,0.232852,0.35,1,531694,531252,442
132663241,2.70461,3.97809,440,125560,0.29457,0.35,1,531696,531256,440
132666161,2.14092,0.795618,442,125560,0.306914,0.36,1,531698,531256,442
132669081,13.2282,14.5591,440,125560,0.277383,0.36,1,531714,531274,440
132671761,4.24564,4.51182,440,125560,0.271477,0.38,1,531716,531276,440
132674681,7.24913,6.50236,441,125560,0.198295,0.38,1,531724,531283,441
132677601,3.04983,1.30047,443,125560,0.303659,0.36,1,531726,531283,443
132680521,3.80997,1.06009,446,125560,0.300732,0.36,1,531730,531284,446
132682161,1.56199,3.41202,443,125560,0.284146,0.43,1,531731,531288,443
132685081,3.5124,5.4824,441,125560,0.288829,0.43,1,531735,531294,441
132688001,2.30248,1.09648,443,125560,0.297766,0.36,1,531737,531294,443
132690921,34.0605,35.4193,441,125560,0.251553,0.36,1,531779,531338,441
132693841,11.6121,8.68386,445,125560,0.250311,0.43,1,531785,531340,445
132696761,3.92242,6.53677,441,125560,0.274062,0.39,1,531787,531346,441
132698801,2.38448,2.90735,441,125560,0.254812,0.42,1,531789,531348,441
132701721,6.0769,5.38147,442,125560,0.250962,0.32,1,531796,531354,442
132704641,14.0154,15.4763,440,125560,0.322192,0.35,1,531812,531372,440
132707561,15.6031,12.6953,444,125560,0.304439,0.42,1,531828,531384,444
132710481,6.32062,4.13905,446,125560,0.236888,0.35,1,531832,531386,446
132713401,6.06412,4.02781,448,125560,0.159378,0.4,1,531838,531390,448
132716321,10.0128,7.20556,451,125560,0.279876,0.39,1,531849,531398,451
132719241,19.6026,11.0411,461,125560,0.287975,0.23,1,531871,531410,461
132722161,5.52051,20.6082,440,125560,0.265595,0.29,1,531873,531433,440
132723761,6.7041,9.72164,440,125560,0.237119,0.39,1,531880,531440,440
132726681,64.5408,7.54433,512,125560,0.271424,0.3,1,531959,531447,512
132729601,28.9082,61.5089,457,125560,0.318285,0.33,1,531979,531522,457
132732521,12.1816,29.9018,443,125560,0.383657,0.29,1,531987,531544,443
132734161,3.23633,13.9804,434,125560,0.380731,0.36,1,531988,531554,434
132737081,19.0473,21.1961,434,125560,0.428146,0.35,1,532011,531577,434
132740001,9.40945,5.83921,439,125560,0.445629,0.35,1,532018,531579,439
132741861,4.28189,1.16784,442,125560,0.401126,0.42,1,532021,531579,442
132744781,2.45638,8.23357,434,125560,0.392225,0.42,1,532023,531589,434
132747701,2.09128,1.64671,436,125560,0.358445,0.36,1,532025,531589,436
132750621,2.01826,2.72934,435,125560,0.319689,0.26,1,532027,531592,435
132753541,18.8037,6.14587,451,125560,0.311938,0.22,1,532050,531599,451
132756461,13.3607,14.0292,447,125560,0.390388,0.31,1,532062,531615,447
132759381,10.6721,17.2058,439,125560,0.374077,0.16,1,532072,531633,439
132761201,2.93443,9.84117,432,125560,0.386815,0.21,1,532073,531641,432
132764121,11.7869,11.5682,434,125560,0.453363,0.21,1,532087,531653,434
132766401,3.95738,3.91365,434,125560,0.474673,0.26,1,532089,531655,434
132769321,11.9915,3.18273,445,125560,0.438935,0.18,1,532103,531658,445
132772241,4.79829,10.2365,436,125560,0.399787,0.22,1,532106,531670,436
132774721,3.35966,3.64731,437,125560,0.335957,0.27,1,532109,531672,437
132777641,11.8719,7.12946,443,125560,0.331191,0.28,1,532123,531680,443
132780561,3.97439,6.22589,439,125560,0.346238,0.24,1,532125,531686,439
132783041,2.39488,2.84518,439,125560,0.357248,0.31,1,532127,531688,439
132785961,5.27898,8.56904,435,125560,0.35145,0.31,1,532133,531698,435
132788881,2.6558,1.71381,437,125560,0.40629,0.31,1,532135,531698,437
132791801,8.53116,0.342761,447,125560,0.337258,0.27,1,532145,531698,447
132794721,8.90623,12.8686,440,125560,0.355452,0.27,1,532154,531714,440
132796561,2.58125,4.17371,439,125560,0.35109,0.18,1,532155,531716,439
132799481,3.71625,7.23474,435,125560,0.342218,0.33,1,532159,531724,435
132802401,2.34325,3.04695,435,125560,0.316444,0.33,1,532161,531726,435
132804261,6.06865,0.60939,442,125560,0.375289,0.3,1,532168,531726,442
132807181,2.81373,3.32188,440,125560,0.395058,0.29,1,532170,531730,440
132809461,3.76275,4.66438,439,125560,0.415012,0.32,1,532174,531735,439
132812381,2.35255,3.33288,438,125560,0.387002,0.24,1,532176,531738,438
132815301,30.8705,33.4666,435,125560,0.3894,0.25,1,532214,531779,435
132818221,9.3741,11.4933,433,125560,0.43788,0.25,1,532218,531785,433
132819861,11.4748,2.29866,445,125560,0.391576,0.25,1,532230,531785,445
132822781,3.89496,9.25973,436,125560,0.406315,0.25,1,532232,531796,436
132825701,2.37899,1.85195,438,125560,0.385263,0.25,1,532234,531796,438
132828621,8.4758,0.370389,448,125560,0.293053,0.34,1,532244,531796,448
132831541,12.0952,12.8741,445,125560,0.378611,0.3,1,532257,531812,445
132834461,8.01903,15.3748,436,125560,0.323722,0.22,1,532264,531828,436
132836501,11.2038,6.27496,444,125560,0.368744,0.23,1,532276,531832,444
132839421,11.8408,6.85499,449,125560,0.329749,0.31,1,532288,531839,449
132842341,14.3682,9.371,454,125560,0.37795,0.29,1,532303,531849,454
132845261,4.47363,19.4742,434,125560,0.38759,0.26,1,532305,531871,434
132847941,11.2947,5.49484,445,125560,0.373518,0.28,1,532318,531873,445
132850861,63.0589,69.899,435,125560,0.370704,0.33,1,532394,531959,435
132853781,35.0118,29.9798,443,125560,0.330141,0.4,1,532422,531979,443
132856701,11.8024,12.396,441,125560,0.330028,0.4,1,532428,531987,441
132858341,4.76047,2.47919,444,125560,0.386006,0.44,1,532431,531987,444
132861261,17.7521,19.6958,441,125560,0.317201,0.45,1,532452,532011,441
132864181,6.75042,9.53917,438,125560,0.35944,0.45,1,532456,532018,438
132866661,8.55008,1.90783,447,125560,0.319888,0.39,1,532465,532018,447
132869581,3.31002,4.38157,444,125560,0.335978,0.35,1,532467,532023,444
132871861,3.862,2.47631,446,125560,0.283196,0.46,1,532471,532025,446
132874781,2.3724,6.09526,441,125560,0.240639,0.31,1,532473,532032,441
132877701,16.4745,15.6191,443,125560,0.328128,0.41,1,532493,532050,443
132880621,11.2949,12.7238,441,125560,0.305626,0.37,1,532503,532062,441
132883541,7.05898,10.5448,437,125560,0.333125,0.39,1,532509,532072,437
132886461,4.6118,2.90895,440,125560,0.354625,0.47,1,532513,532073,440
132889381,16.1224,11.7818,445,125560,0.366925,0.48,1,532532,532087,445
132892301,9.62447,3.95636,451,125560,0.241385,0.43,1,532540,532089,451
132895221,7.52489,11.9913,444,125560,0.304277,0.39,1,532547,532103,444
132897441,3.90498,4.79825,444,125560,0.348855,0.33,1,532550,532106,444
132900361,11.181,7.35965,449,125560,0.309771,0.33,1,532563,532114,449
132903281,6.2362,8.67193,445,125560,0.349954,0.35,1,532568,532123,445
132905761,2.84724,3.33439,445,125560,0.325991,0.42,1,532570,532125,445
132908681,3.76945,8.66688,439,125560,0.289198,0.42,1,532574,532135,439
132911601,2.35389,1.73338,441,125560,0.24984,0.42,1,532576,532135,441
132914521,7.67078,0.346675,450,125560,0.305968,0.32,1,532585,532135,450
132917441,4.73416,8.06934,444,125560,0.333194,0.36,1,532589,532145,444
132919281,2.54683,8.81387,437,125560,0.306639,0.39,1,532591,532154,437
132922201,6.90937,3.36277,443,125560,0.285328,0.34,1,532599,532156,443
132925121,4.58187,3.07255,444,125560,0.289066,0.31,1,532603,532159,444
132927601,2.51637,2.21451,444,125560,0.257813,0.39,1,532605,532161,444
132930521,6.90327,6.0429,445,125560,0.291563,0.4,1,532613,532168,445
132932801,5.38065,2.80858,448,125560,0.258313,0.44,1,532618,532170,448
132935721,4.27613,10.1617,440,125560,0.275663,0.44,1,532622,532182,440
132938641,25.6552,2.03234,471,125560,0.263133,0.39,1,532653,532182,471
132941561,8.33105,26.0065,443,125560,0.236626,0.45,1,532657,532214,443
132943201,2.46621,8.40129,440,125560,0.215325,0.38,1,532658,532218,440
132946121,6.89324,11.2803,436,125560,0.315065,0.41,1,532666,532230,436
132948401,2.97865,3.85605,436,125560,0.367013,0.29,1,532668,532232,436
132951321,13.3957,9.57121,441,125560,0.313403,0.27,1,532684,532243,441
132954241,13.8791,2.71424,454,125560,0.334681,0.4,1,532698,532244,454
132957161,7.57583,10.9428,447,125560,0.370936,0.31,1,532704,532257,447
132958801,2.31517,7.78857,441,125560,0.362187,0.38,1,532705,532264,441
132961721,6.86303,11.1577,437,125560,0.288437,0.32,1,532713,532276,437
132964641,12.5726,11.8315,439,125560,0.345687,0.39,1,532727,532288,439
132967561,15.3145,14.3663,440,125560,0.301138,0.39,1,532743,532303,440
132970241,6.2629,4.47326,442,125560,0.300227,0.37,1,532747,532305,442
132973161,6.05258,11.2947,435,125560,0.276046,0.37,1,532753,532318,435
132976081,67.6105,63.0589,442,125560,0.327209,0.32,1,532836,532394,442
132979001,35.1221,35.0118,441,125560,0.369442,0.33,1,532863,532422,441
132981921,11.8244,11.8024,441,125560,0.377888,0.4,1,532869,532428,441
132984841,19.1649,4.76047,459,125560,0.379578,0.3,1,532890,532431,459
132987761,7.03298,17.7521,442,125560,0.347916,0.37,1,532894,532452,442
132990421,4.6066,6.75042,442,125560,0.309583,0.31,1,532898,532456,442
132993341,2.52132,8.55008,435,125560,0.301917,0.34,1,532900,532465,435
132995201,8.50426,3.31002,443,125560,0.348383,0.27,1,532910,532467,443
132998121,4.90085,8.662,437,125560,0.357677,0.27,1,532914,532477,437
133001041,12.1802,1.7324,451,125560,0.359535,0.35,1,532928,532477,451
133003961,13.636,13.1465,449,125560,0.335907,0.3,1,532942,532493,449
133005601,3.52721,10.6293,440,125560,0.315181,0.34,1,532943,532503,440
133008521,2.30544,6.92586,436,125560,0.279036,0.36,1,532945,532509,436
133011441,5.26109,4.58517,438,125560,0.279807,0.37,1,532951,532513,438
133014361,10.6522,16.117,431,125560,0.335961,0.21,1,532963,532532,431
133017281,15.7304,9.62341,440,125560,0.339192,0.32,1,532980,532540,440
133020201,4.74609,7.52468,435,125560,0.307838,0.36,1,532982,532547,435
133023121,13.7492,3.90494,448,125560,0.309568,0.3,1,532998,532550,448
133026041,8.34984,11.181,442,125560,0.309914,0.36,1,533005,532563,442
133028481,3.26997,6.2362,439,125560,0.341983,0.35,1,533007,532568,439
133031401,5.45399,9.24724,435,125560,0.316397,0.35,1,533013,532578,435
133034321,2.6908,1.84945,437,125560,0.327279,0.35,1,533015,532578,437
133037241,5.33816,0.36989,443,125560,0.313456,0.32,1,533021,532578,443
133040161,2.66763,5.67398,438,125560,0.302691,0.34,1,533023,532585,438
133042001,1.33353,4.3348,435,125560,0.316538,0.35,1,533024,532589,435
133044921,4.26671,5.66696,434,125560,0.367308,0.28,1,533029,532595,434
133047841,8.85334,4.33339,440,125560,0.337462,0.29,1,533039,532599,440
133050321,3.37067,4.06668,438,125560,0.331492,0.23,1,533041,532603,438
133053241,6.27413,5.61334,439,125560,0.354298,0.3,1,533048,532609,439
133056161,4.45483,4.32267,439,125560,0.35086,0.25,1,533052,532613,439
133058641,7.29097,4.86453,442,125560,0.342172,0.24,1,533060,532618,442
133061561,27.8582,7.37291,467,125560,0.276434,0.26,1,533093,532626,467
133064481,8.77164,23.0746,444,125560,0.295287,0.23,1,533097,532653,444
133067381,7.35433,7.81492,447,125560,0.267057,0.34,1,533104,532657,447
133070301,3.87087,8.76298,441,125560,0.301411,0.38,1,533107,532666,441
133073221,2.37417,3.3526,441,125560,0.316282,0.3,1,533109,532668,441
133076141,12.4748,13.4705,440,125560,0.311256,0.34,1,533124,532684,440
133079061,12.095,13.8941,438,125560,0.358251,0.38,1,533136,532698,438
133081521,8.81899,7.57882,440,125560,0.31165,0.36,1,533144,532704,440
133084441,6.5638,3.91576,443,125560,0.31033,0.27,1,533150,532707,443
133087361,10.1128,5.58315,448,125560,0.334066,0.36,1,533161,532713,448
133090281,15.6226,12.3166,451,125560,0.266813,0.29,1,533178,532727,451
133093201,7.92451,15.2633,441,125560,0.229363,0.3,1,533184,532743,441
133096121,6.3849,6.25267,443,125560,0.269873,0.27,1,533190,532747,443
133099041,66.077,6.05053,518,125560,0.301975,0.34,1,533271,532753,518
133101961,38.0154,67.6101,466,125560,0.300395,0.38,1,533302,532836,466
133104881,13.2031,35.122,446,125560,0.348079,0.38,1,533309,532863,446
133106481,4.24062,11.8244,442,125560,0.325616,0.38,1,533311,532869,442
133109401,15.2481,19.1649,439,125560,0.337123,0.34,1,533329,532890,439
133112321,6.24962,7.03298,439,125560,0.307425,0.34,1,533333,532894,439
133114181,5.24992,1.4066,444,125560,0.341485,0.42,1,533338,532894,444
133117101,2.64998,5.88132,439,125560,0.356297,0.42,1,533340,532901,439
133120021,2.93,1.17626,442,125560,0.319259,0.36,1,533343,532901,442
133122941,6.186,10.6353,436,125560,0.351852,0.36,1,533350,532914,436
133125861,14.0372,13.3271,438,125560,0.30237,0.33,1,533366,532928,438
133128781,11.6074,13.8654,435,125560,0.420474,0.31,1,533377,532942,435
133131441,7.12149,3.57308,440,125560,0.412095,0.31,1,533383,532943,440
133134361,4.6243,5.51462,438,125560,0.410419,0.28,1,533387,532949,438
133137281,10.5249,2.70292,448,125560,0.330084,0.35,1,533399,532951,448
133140201,18.905,10.1406,457,125560,0.338017,0.34,1,533420,532963,457
133143121,5.38099,15.6281,442,125560,0.395603,0.3,1,533422,532980,442
133144961,1.8762,4.72562,441,125560,0.391121,0.31,1,533423,532982,441
133147881,11.5752,13.7451,439,125560,0.406224,0.31,1,533437,532998,439
133150801,8.71505,8.34902,440,125560,0.409245,0.31,1,533445,533005,440
133152661,4.14301,1.6698,443,125560,0.433849,0.31,1,533448,533005,443
133155581,2.4286,6.73396,437,125560,0.41477,0.33,1,533450,533013,437
133158501,2.08572,2.94679,437,125560,0.378954,0.33,1,533452,533015,437
133160981,8.41714,0.589358,447,125560,0.403791,0.32,1,533462,533015,447
133163901,3.28343,7.31787,440,125560,0.448758,0.32,1,533464,533024,440
133166821,2.25669,1.46357,442,125560,0.425752,0.38,1,533466,533024,442
133169741,2.05134,4.29271,439,125560,0.38915,0.33,1,533468,533029,439
133172661,8.41027,8.85854,439,125560,0.38183,0.33,1,533478,533039,439
133175121,3.28205,3.37171,439,125560,0.348366,0.36,1,533480,533041,439
133178041,7.05641,6.27434,440,125560,0.301673,0.35,1,533488,533048,440
133180961,4.61128,4.45487,440,125560,0.412335,0.35,1,533492,533052,440
133182821,4.92226,0.890974,445,125560,0.362467,0.26,1,533497,533052,445
133185741,24.9845,32.9782,434,125560,0.408493,0.3,1,533527,533093,434
133188661,11.3969,9.79564,438,125560,0.409699,0.3,1,533535,533097,438
133191141,7.07938,1.95913,444,125560,0.42594,0.26,1,533541,533097,444
133194061,3.01588,5.99183,439,125560,0.397188,0.31,1,533543,533104,439
133196341,3.80318,3.59837,440,125560,0.391438,0.35,1,533547,533107,440
133199261,13.5606,3.91967,452,125560,0.374288,0.31,1,533563,533111,452
133202181,11.5121,11.1839,450,125560,0.362858,0.37,1,533574,533124,450
133205101,8.70243,11.8368,446,125560,0.392571,0.3,1,533582,533136,446
133208021,6.54049,8.76736,444,125560,0.366514,0.31,1,533588,533144,444
133210901,10.9081,6.55347,450,125560,0.417303,0.34,1,533600,533150,450
133213821,12.5816,10.1107,452,125560,0.411461,0.25,1,533613,533161,452
133216741,8.91632,15.6221,443,125560,0.354292,0.22,1,533621,533178,443
133219661,6.58326,7.92443,443,125560,0.286858,0.28,1,533627,533184,443
133222581,66.1167,6.38489,518,125560,0.361372,0.31,1,533708,533190,518
133225501,39.6233,66.077,470,125560,0.360274,0.3,1,533741,533271,470
133228421,12.7247,38.0154,445,125560,0.328055,0.36,1,533747,533302,445
133230661,5.74493,13.2031,442,125560,0.353611,0.34,1,533751,533309,442
133233581,15.549,18.6406,440,125560,0.390722,0.3,1,533769,533329,440
133236501,4.7098,6.92812,438,125560,0.398144,0.3,1,533771,533333,438
133238981,7.34196,1.38562,446,125560,0.367629,0.36,1,533779,533333,446
133241901,3.06839,5.87712,441,125560,0.353526,0.31,1,533781,533340,441
133244181,7.01368,3.57542,446,125560,0.382705,0.36,1,533789,533343,446
133247101,3.00274,6.31508,441,125560,0.388541,0.29,1,533791,533350,441
133250021,15.8005,14.063,444,125560,0.341708,0.45,1,533810,533366,444
133252941,11.1601,11.6126,443,125560,0.316342,0.41,1,533820,533377,443
133255861,3.83202,7.12252,439,125560,0.343268,0.41,1,533822,533383,439
133257701,1.5664,1.4245,440,125560,0.332654,0.41,1,533823,533383,440
133260621,12.3133,3.4849,451,125560,0.338531,0.31,1,533838,533387,451
133263541,19.2627,10.297,460,125560,0.283706,0.34,1,533859,533399,460
133266461,5.45253,18.8594,441,125560,0.272741,0.41,1,533861,533420,441
133269141,3.49051,5.37188,442,125560,0.294548,0.41,1,533864,533422,442
133272061,14.2981,13.0744,444,125560,0.24291,0.41,1,533881,533437,444
133274981,4.45962,9.01488,438,125560,0.232582,0.44,1,533883,533445,438
133277901,4.09192,4.20298,439,125560,0.222516,0.44,1,533887,533448,439
133279541,5.61838,0.840595,445,125560,0.300503,0.37,1,533893,533448,445
133282461,2.72368,3.36812,443,125560,0.364101,0.37,1,533895,533452,443
133285381,8.54474,0.673624,453,125560,0.33682,0.46,1,533905,533452,453
133288301,3.30895,9.73473,443,125560,0.331364,0.42,1,533907,533464,443
133290981,3.86179,3.54694,445,125560,0.346273,0.43,1,533911,533466,445
133293901,2.37236,8.70939,437,125560,0.317255,0.38,1,533913,533476,437
133296821,3.67447,3.34188,439,125560,0.327451,0.34,1,533917,533478,439
133299741,5.53489,2.26838,443,125560,0.28149,0.34,1,533923,533480,443
133301381,3.50698,0.453675,446,125560,0.328298,0.29,1,533926,533480,446
133304301,3.9014,6.49074,442,125560,0.33766,0.44,1,533930,533488,442
133306161,1.58028,4.49815,439,125560,0.323532,0.38,1,533931,533492,439
133309081,30.7161,7.29963,469,125560,0.240706,0.42,1,533969,533500,469
133312001,10.9432,23.0599,448,125560,0.176141,0.41,1,533975,533527,448
133314921,6.98864,11.012,446,125560,0.259228,0.43,1,533981,533535,446
133316561,2.19773,7.0024,441,125560,0.259846,0.43,1,533982,533541,441
133319481,5.23955,7.80048,439,125560,0.275969,0.43,1,533988,533549,439
133322401,12.2479,1.5601,453,125560,0.295194,0.37,1,534002,533549,453
133325321,12.0496,11.512,451,125560,0.251039,0.36,1,534014,533563,451
133328241,5.60992,11.1024,444,125560,0.210208,0.4,1,534018,533574,444
133330081,1.92198,8.62048,437,125560,0.186042,0.36,1,534019,533582,437
133333001,6.7844,6.5241,439,125560,0.301208,0.43,1,534027,533588,439
133335921,13.3569,10.9048,442,125560,0.252242,0.41,1,534042,533600,442
133338841,9.07138,12.581,437,125560,0.306448,0.34,1,534050,533613,437
133341521,8.21428,8.91619,437,125560,0.28529,0.27,1,534058,533621,437
133344441,11.2429,6.58324,443,125560,0.321058,0.38,1,534070,533627,443
133347361,65.4486,66.1167,441,125560,0.320212,0.36,1,534149,533708,441
133350281,39.4897,39.6233,441,125560,0.264042,0.32,1,534182,533741,441
133352961,12.6979,12.7247,441,125560,0.252808,0.36,1,534188,533747,441
133355881,5.73959,5.74493,441,125560,0.250562,0.4,1,534192,533751,441
133358801,14.7479,15.549,440,125560,0.290112,0.4,1,534209,533769,440
133361281,5.34958,4.7098,441,125560,0.322022,0.36,1,534212,533771,441
133364201,8.26992,7.34196,442,125560,0.328405,0.35,1,534221,533779,442
133367121,3.25398,3.06839,442,125560,0.321681,0.39,1,534223,533781,442
133368981,4.6508,7.01368,439,125560,0.264336,0.39,1,534228,533789,439
133371901,2.53016,3.00274,439,125560,0.220867,0.33,1,534230,533791,439
133374821,14.906,15.8005,438,125560,0.276173,0.31,1,534248,533810,438
133377741,12.5812,11.1601,440,125560,0.303235,0.31,1,534260,533820,440
133379381,3.31624,2.23202,441,125560,0.292647,0.39,1,534261,533820,441
133382301,2.26325,5.2464,437,125560,0.258529,0.34,1,534263,533826,437
133385221,6.85265,10.6493,433,125560,0.283706,0.27,1,534271,533838,433
133388141,18.1705,18.9299,433,125560,0.296741,0.27,1,534292,533859,433
133391061,5.23411,5.38597,433,125560,0.299348,0.27,1,534294,533861,433
133392901,8.24682,1.07719,442,125560,0.28387,0.26,1,534303,533861,442
133395821,12.0494,8.21544,445,125560,0.304774,0.23,1,534316,533871,445
133398741,7.20987,9.64309,441,125560,0.276955,0.23,1,534322,533881,441
133401221,5.44197,3.52862,444,125560,0.287391,0.26,1,534327,533883,444
133404141,5.8884,6.30572,443,125560,0.209478,0.38,1,534333,533890,443
133407061,2.77768,5.26114,440,125560,0.217896,0.33,1,534335,533895,440
133409981,6.95554,9.05223,438,125560,0.227579,0.33,1,534343,533905,438
133412901,2.99111,3.41045,438,125560,0.237516,0.33,1,534345,533907,438
133414741,2.99822,0.682089,441,125560,0.207503,0.34,1,534348,533907,441
133417661,2.19964,5.73642,436,125560,0.257501,0.34,1,534350,533914,436
133420581,2.83993,1.14728,439,125560,0.2515,0.33,1,534353,533914,439
133423501,3.76799,2.62946,440,125560,0.2743,0.27,1,534357,533917,440
133426181,3.9536,5.32589,438,125560,0.27086,0.34,1,534361,533923,438
133429101,5.59072,6.66518,437,125560,0.254172,0.32,1,534367,533930,437
133432021,30.7181,2.13304,473,125560,0.218834,0.22,1,534404,533931,473
133434941,11.7436,30.8266,442,125560,0.267767,0.16,1,534411,533969,442
133437201,3.94873,10.9653,438,125560,0.245553,0.28,1,534413,533975,438
133440121,5.58975,6.99306,438,125560,0.217111,0.26,1,534419,533981,438
133443041,6.71795,2.19861,444,125560,0.243422,0.28,1,534426,533982,444
133445961,8.54359,5.23972,447,125560,0.248684,0.3,1,534435,533988,447
133448881,15.3087,12.2479,450,125560,0.305737,0.24,1,534452,534002,450
133451801,6.26174,12.0496,442,125560,0.341147,0.2,1,534456,534014,442
133454261,5.25235,5.60992,443,125560,0.276229,0.33,1,534461,534018,443
133457181,3.45047,8.32198,437,125560,0.239246,0.24,1,534464,534027,437
133460101,12.6901,13.6644,437,125560,0.375849,0.32,1,534479,534042,437
133463021,8.93802,9.13288,437,125560,0.25917,0.32,1,534487,534050,437
133464661,8.1876,1.82658,445,125560,0.355834,0.28,1,534495,534050,445
133467581,9.63752,6.76532,447,125560,0.263167,0.33,1,534505,534058,447
133470501,65.9275,10.9531,515,125560,0.324633,0.32,1,534585,534070,515
133473421,37.1855,65.3906,466,125560,0.304927,0.25,1,534615,534149,466
133476341,15.4371,39.4781,443,125560,0.212985,0.25,1,534625,534182,443
133479221,4.68742,12.6956,439,125560,0.314597,0.25,1,534627,534188,439
133482141,14.5375,5.73912,452,125560,0.286919,0.3,1,534644,534192,452
133485061,5.3075,14.7478,438,125560,0.329384,0.33,1,534647,534209,438
133487541,5.0615,5.34956,440,125560,0.321877,0.33,1,534652,534212,440
133490461,7.4123,8.26991,439,125560,0.312375,0.32,1,534660,534221,439
133492321,2.28246,3.25398,438,125560,0.334475,0.36,1,534661,534223,438
133495241,6.85649,9.4508,435,125560,0.282895,0.36,1,534669,534234,435
133498161,12.5713,1.89016,449,125560,0.320579,0.29,1,534683,534234,449
133501081,12.1143,11.578,447,125560,0.312116,0.31,1,534695,534248,447
133504001,4.02285,11.9156,437,125560,0.310423,0.25,1,534697,534260,437
133505841,2.40457,4.78312,436,125560,0.310085,0.34,1,534699,534263,436
133508761,6.88091,9.75662,433,125560,0.302017,0.34,1,534707,534274,433
133511681,17.3762,1.95132,453,125560,0.228403,0.3,1,534727,534274,453
133514601,5.07524,14.7903,437,125560,0.269681,0.3,1,534729,534292,437
133516241,1.81505,4.55805,436,125560,0.269936,0.28,1,534730,534294,436
133519161,16.363,8.11161,447,125560,0.269987,0.31,1,534750,534303,447
133522081,4.8726,12.0223,436,125560,0.237997,0.27,1,534752,534316,436
133524981,7.37452,7.20446,438,125560,0.271599,0.29,1,534760,534322,438
133527901,7.0749,5.44089,440,125560,0.23832,0.19,1,534767,534327,440
133529761,2.21498,5.88818,435,125560,0.271664,0.27,1,534768,534333,435
133532681,6.843,5.97764,437,125560,0.262333,0.23,1,534776,534339,437
133535601,2.9686,4.39553,435,125560,0.260467,0.24,1,534778,534343,435
133538081,2.19372,2.47911,435,125560,0.252093,0.27,1,534780,534345,435
133541001,5.23874,7.69582,432,125560,0.298419,0.27,1,534786,534354,432
133543921,2.64775,1.53916,434,125560,0.307684,0.27,1,534788,534354,434
133546841,2.12955,0.307833,436,125560,0.317537,0.28,1,534790,534354,436
133549761,6.82591,2.46157,441,125560,0.287507,0.27,1,534798,534357,441
133551601,2.16518,3.69231,438,125560,0.313501,0.25,1,534799,534361,438
133554521,3.63304,5.53846,436,125560,0.2547,0.21,1,534803,534367,436
133557441,30.3266,30.7077,436,125560,0.32294,0.28,1,534840,534404,436
133560361,9.26532,11.7415,433,125560,0.296588,0.24,1,534844,534411,433
133563041,11.4531,3.94831,443,125560,0.227318,0.26,1,534856,534413,443
133565961,7.09061,7.18966,441,125560,0.269464,0.25,1,534862,534421,441
133568881,9.41812,5.43793,446,125560,0.301893,0.25,1,534872,534426,446
133571801,11.4836,8.28759,449,125560,0.308379,0.32,1,534884,534435,449
133574721,5.49672,15.2575,436,125560,0.301676,0.35,1,534888,534452,436
133576561,1.89934,6.2515,433,125560,0.340335,0.26,1,534889,534456,433
133579481,9.17987,5.2503,439,125560,0.364067,0.23,1,534900,534461,439
133582401,5.03597,3.45006,440,125560,0.312813,0.41,1,534904,534464,440
133585321,7.40719,12.69,433,125560,0.406563,0.23,1,534912,534479,433
133588001,11.8814,8.938,438,125560,0.409313,0.38,1,534925,534487,438
133590921,14.3763,8.1876,445,125560,0.353862,0.24,1,534940,534495,445
133593841,67.6753,9.63752,516,125560,0.310773,0.34,1,535021,534505,516
133596761,35.1351,65.9275,463,125560,0.334155,0.3,1,535048,534585,463
133599681,17.427,37.1855,446,125560,0.346831,0.19,1,535061,534615,446
133602601,7.4854,15.4371,441,125560,0.301366,0.34,1,535066,534625,441
133605061,14.2971,4.68742,455,125560,0.348273,0.28,1,535082,534627,455
133607981,4.45942,14.5375,440,125560,0.357655,0.34,1,535084,534644,440
133609841,1.69188,5.3075,438,125560,0.351531,0.35,1,535085,534647,438
133612761,5.93838,5.8615,439,125560,0.390306,0.31,1,535092,534653,439
133615681,2.78768,6.7723,434,125560,0.398061,0.34,1,535094,534660,434
133618161,11.7575,2.15446,447,125560,0.399612,0.4,1,535108,534661,447
133621081,11.9515,11.6309,445,125560,0.287922,0.33,1,535120,534675,445
133624001,11.9903,8.72618,449,125560,0.281585,0.31,1,535132,534683,449
133626921,3.99806,11.3452,439,125560,0.280317,0.31,1,535134,534695,439
133628561,1.59961,3.86905,438,125560,0.360063,0.32,1,535135,534697,438
133631481,6.71992,3.17381,443,125560,0.344013,0.3,1,535143,534700,443
133634401,14.144,6.23476,452,125560,0.340803,0.21,1,535159,534707,452
133637321,4.4288,17.247,434,125560,0.30816,0.28,1,535161,534727,434
133638961,1.68576,5.04939,433,125560,0.293632,0.25,1,535162,534729,433
133641881,17.9372,5.80988,449,125560,0.362726,0.27,1,535184,534735,449
133644801,5.18743,13.162,436,125560,0.344545,0.23,1,535186,534750,436
133647281,2.63749,4.23239,436,125560,0.380909,0.3,1,535188,534752,436
133650201,6.9275,8.04648,435,125560,0.404182,0.23,1,535196,534761,435
133653121,6.1855,6.4093,435,125560,0.392836,0.28,1,535202,534767,435
133656041,10.0371,2.08186,445,125560,0.366567,0.26,1,535213,534768,445
133658961,3.60742,6.81637,439,125560,0.337313,0.26,1,535215,534776,439
133660801,1.52148,2.96327,438,125560,0.331463,0.33,1,535216,534778,438
133663721,4.3043,6.19265,436,125560,0.290293,0.31,1,535221,534785,436
133666641,2.46086,2.03853,437,125560,0.330059,0.31,1,535223,534786,437
133669121,2.09217,2.00771,437,125560,0.410012,0.3,1,535225,534788,437
133672041,6.81843,6.00154,438,125560,0.330002,0.28,1,535233,534795,438
133674961,6.16369,3.60031,441,125560,0.37,0.32,1,535239,534798,441
133677881,4.43274,1.52006,444,125560,0.314,0.24,1,535243,534799,444
133680801,24.0865,3.50401,469,125560,0.2948,0.34,1,535272,534803,469
133683721,8.01731,30.3008,436,125560,0.26696,0.29,1,535276,534840,436
133686181,12.0035,9.26016,445,125560,0.357392,0.21,1,535289,534844,445
133689101,11.2007,11.452,444,125560,0.391478,0.28,1,535300,534856,444
133692021,9.44014,7.09041,447,125560,0.310296,0.31,1,535309,534862,447
133694941,9.88803,9.41808,447,125560,0.318059,0.31,1,535319,534872,447
133697621,5.17761,11.4836,439,125560,0.311612,0.3,1,535323,534884,439
133700541,3.43552,5.49672,438,125560,0.302322,0.35,1,535326,534888,438
133703461,11.8871,1.89934,451,125560,0.260464,0.37,1,535340,534889,451
133706381,5.57742,9.17987,444,125560,0.252093,0.3,1,535344,534900,444
133709061,7.51548,5.03597,448,125560,0.282419,0.43,1,535352,534904,448
133711981,6.3031,7.40719,446,125560,0.288484,0.41,1,535358,534912,446
133714901,11.6606,11.8814,446,125560,0.321697,0.34,1,535371,534925,446
133717821,69.5321,14.3763,515,125560,0.368339,0.3,1,535455,534940,515
133720741,35.5064,67.6753,461,125560,0.441668,0.34,1,535482,535021,461
133723661,23.1013,35.1351,454,125560,0.360334,0.35,1,535502,535048,454
133726581,6.22026,17.427,443,125560,0.312067,0.29,1,535504,535061,443
133728821,17.2441,7.4854,458,125560,0.374413,0.36,1,535524,535066,458
133731741,5.04881,14.2971,444,125560,0.346883,0.36,1,535526,535082,444
133733601,1.80976,4.45942,443,125560,0.381377,0.42,1,535527,535084,443
133736521,5.16195,10.4919,437,125560,0.364275,0.42,1,535533,535096,437
133739441,2.63239,2.09838,439,125560,0.456855,0.42,1,535535,535096,439
133742361,6.92648,0.419675,447,125560,0.443371,0.26,1,535543,535096,447
133745281,11.7853,19.2839,436,125560,0.456674,0.28,1,535556,535120,436
133748201,13.5571,13.4568,438,125560,0.451335,0.28,1,535570,535132,438
133751121,5.91141,4.29136,440,125560,0.394267,0.28,1,535574,535134,440
133752741,5.18228,0.858271,445,125560,0.454853,0.34,1,535579,535134,445
133755661,4.23646,7.37165,440,125560,0.434971,0.34,1,535583,535143,440
133758581,13.6473,14.2743,440,125560,0.366994,0.3,1,535599,535159,440
133761501,4.32946,4.45487,440,125560,0.329399,0.3,1,535601,535161,440
133763141,1.66589,0.890973,441,125560,0.36188,0.38,1,535602,535161,441
133766061,20.3332,18.5782,443,125560,0.416376,0.34,1,535627,535184,443
133768981,5.66664,5.31564,443,125560,0.395275,0.39,1,535629,535186,443
133771901,2.73333,2.66313,443,125560,0.359055,0.39,1,535631,535188,443
133773541,6.14667,0.532626,450,125560,0.303811,0.41,1,535638,535188,450
133776461,2.82933,6.50653,444,125560,0.284762,0.39,1,535640,535196,444
133779381,10.1659,6.10131,450,125560,0.376952,0.36,1,535652,535202,450
133782301,6.83317,10.0203,445,125560,0.33939,0.33,1,535658,535213,445
133784981,3.76663,3.60405,446,125560,0.371878,0.43,1,535661,535215,446
133787901,3.15333,8.72081,439,125560,0.362376,0.43,1,535664,535225,439
133790821,2.23067,1.74416,441,125560,0.336475,0.43,1,535666,535225,441
133793741,2.04613,0.348832,443,125560,0.355295,0.31,1,535668,535225,443
133796661,2.00923,6.46977,437,125560,0.375059,0.31,1,535670,535233,437
133798501,6.00185,1.29395,444,125560,0.403012,0.38,1,535677,535233,444
133801421,4.40037,5.05879,442,125560,0.456602,0.3,1,535681,535239,442
133803701,25.6801,4.21176,469,125560,0.43532,0.29,1,535712,535243,469
133806621,9.13601,24.0424,445,125560,0.383064,0.26,1,535717,535272,445
133808481,2.6272,8.00847,442,125560,0.364613,0.38,1,535718,535276,442
133811401,9.32544,12.0017,440,125560,0.440923,0.4,1,535729,535289,440
133814321,6.66509,11.2003,435,125560,0.456185,0.29,1,535735,535300,435
133817241,12.533,9.44007,440,125560,0.355237,0.32,1,535749,535309,440
133820161,7.3066,9.88801,436,125560,0.359047,0.31,1,535755,535319,436
133823041,7.86132,5.1776,440,125560,0.431809,0.38,1,535763,535323,440
133825961,3.17226,6.63552,435,125560,0.446362,0.25,1,535765,535330,435
133828881,9.43445,9.3271,436,125560,0.489272,0.25,1,535776,535340,436
133831361,5.08689,5.06542,436,125560,0.473854,0.29,1,535780,535344,436
133834281,10.6174,7.41308,440,125560,0.438771,0.29,1,535792,535352,440
133836561,6.92348,6.28262,440,125560,0.399754,0.33,1,535798,535358,440
133839481,9.3847,11.6565,437,125560,0.471951,0.38,1,535808,535371,437
133842401,75.4769,69.5313,445,125560,0.47839,0.46,1,535900,535455,445
133845321,37.4954,35.5063,446,125560,0.399678,0.34,1,535928,535482,446
133848241,18.6991,23.1013,440,125560,0.383936,0.3,1,535942,535502,440
133851121,5.33982,6.22025,440,125560,0.412787,0.39,1,535944,535504,440
133854041,20.268,17.244,444,125560,0.386557,0.34,1,535968,535524,444
133856961,7.25359,5.04881,446,125560,0.349311,0.39,1,535972,535526,446
133858821,3.05072,1.80976,447,125560,0.429862,0.36,1,535974,535527,447
133861741,3.01014,5.16195,444,125560,0.437972,0.48,1,535977,535533,444
133864641,2.20203,2.63239,444,125560,0.439595,0.44,1,535979,535535,444
133867561,8.44041,6.92648,446,125560,0.471919,0.46,1,535989,535543,446
133870481,6.48808,11.7853,439,125560,0.438384,0.45,1,535995,535556,439
133873401,17.2976,13.5571,445,125560,0.375677,0.38,1,536015,535570,445
133876081,5.05952,5.91141,443,125560,0.339135,0.43,1,536017,535574,443
133879001,6.6119,8.38228,441,125560,0.371827,0.43,1,536024,535583,441
133881921,13.3224,1.67646,456,125560,0.378365,0.35,1,536039,535583,456
133884841,4.26448,13.1353,442,125560,0.339673,0.32,1,536041,535599,442
133886481,1.6529,4.22706,441,125560,0.339935,0.39,1,536042,535601,441
133889401,16.3306,6.44541,454,125560,0.355987,0.43,1,536062,535608,454
133892321,4.86612,16.4891,437,125560,0.383197,0.39,1,536064,535627,437
133895221,12.9732,4.89782,450,125560,0.380639,0.29,1,536079,535629,450
133898141,4.19464,8.17956,443,125560,0.372128,0.28,1,536081,535638,443
133901061,2.43893,3.23591,443,125560,0.338426,0.4,1,536083,535640,443
133903981,8.48779,10.2472,441,125560,0.419685,0.33,1,536093,535652,441
133906901,6.49756,6.84944,441,125560,0.371937,0.33,1,536099,535658,441
133908741,6.09951,1.36989,447,125560,0.370387,0.38,1,536105,535658,447
133911661,2.8199,2.67398,446,125560,0.402077,0.36,1,536107,535661,446
133913941,3.76398,2.9348,447,125560,0.440416,0.38,1,536111,535664,447
133916861,2.3528,5.38696,443,125560,0.440083,0.38,1,536113,535670,443
133919781,2.07056,1.07739,445,125560,0.408017,0.38,1,536115,535670,445
133922701,3.61411,0.215478,449,125560,0.449603,0.47,1,536119,535670,449
133925621,3.92282,8.8431,442,125560,0.393921,0.43,1,536123,535681,442
133928541,27.9846,26.5686,445,125560,0.406784,0.37,1,536157,535712,445
133931461,10.3969,9.31372,446,125560,0.417357,0.36,1,536163,535717,446
133933701,8.47938,2.66274,453,125560,0.467471,0.46,1,536171,535718,453
133936621,3.29588,9.33255,444,125560,0.445494,0.46,1,536173,535729,444
133939521,3.85918,6.66651,442,125560,0.441099,0.33,1,536177,535735,442
133942441,15.1718,12.5333,446,125560,0.38422,0.36,1,536195,535749,446
133944721,7.83437,7.30666,446,125560,0.356844,0.45,1,536201,535755,446
133947641,8.76687,7.86133,447,125560,0.311369,0.45,1,536210,535763,447
133950561,3.35337,3.17227,447,125560,0.318274,0.45,1,536212,535765,447
133952421,6.27067,0.634453,454,125560,0.367655,0.5,1,536219,535765,454
133955341,4.45413,8.92689,447,125560,0.481531,0.47,1,536223,535776,447
133957621,11.2908,4.98538,456,125560,0.464306,0.43,1,536236,535780,456
133960541,8.65817,10.5971,452,125560,0.420861,0.39,1,536244,535792,452
133963461,8.13163,6.91942,454,125560,0.444172,0.49,1,536252,535798,454
133966381,72.8263,9.38388,533,125560,0.360834,0.48,1,536341,535808,533
133969301,38.5653,75.4768,471,125560,0.368167,0.38,1,536371,535900,471
133972221,15.7131,37.4954,453,125560,0.385633,0.38,1,536381,535928,453
133975141,4.74261,18.6991,441,125560,0.405127,0.42,1,536383,535942,441
133977381,23.3485,5.33981,467,125560,0.329025,0.38,1,536411,535944,467
133980301,6.2697,20.268,445,125560,0.329805,0.34,1,536413,535968,445
133982161,2.05394,7.25359,442,125560,0.313961,0.44,1,536414,535972,442
133985081,5.21079,5.45072,443,125560,0.246792,0.44,1,536420,535977,443
133988001,4.24216,1.09014,447,125560,0.361358,0.44,1,536424,535977,447
133990901,8.04843,1.81803,454,125560,0.328272,0.48,1,536433,535979,454
133993821,7.20969,8.36361,451,125560,0.321654,0.43,1,536440,535989,451
133995681,2.24194,6.47272,446,125560,0.304331,0.36,1,536441,535995,446
133998601,11.6484,17.2945,440,125560,0.380866,0.33,1,536455,536015,440
134000881,3.92968,5.05891,440,125560,0.396173,0.38,1,536457,536017,440
134003801,8.78594,6.61178,443,125560,0.351235,0.38,1,536467,536024,443
134006721,16.1572,13.3224,446,125560,0.310247,0.33,1,536485,536039,446
134009201,4.83144,4.26447,446,125560,0.270049,0.49,1,536487,536041,446
134012121,15.3663,8.85289,454,125560,0.29401,0.36,1,536505,536051,454
134015041,4.67326,10.5706,445,125560,0.322802,0.39,1,536507,536062,445
134017521,2.53465,3.71412,445,125560,0.29656,0.38,1,536509,536064,445
134020441,11.7069,12.7428,444,125560,0.323312,0.37,1,536523,536079,444
134022721,3.94139,4.14856,444,125560,0.296662,0.44,1,536525,536081,444
134025641,10.3883,12.0297,442,125560,0.371332,0.44,1,536537,536095,442
134028561,3.67766,2.40594,444,125560,0.354267,0.36,1,536539,536095,444
134031481,2.33553,3.68119,442,125560,0.342853,0.37,1,536541,536099,442
134034161,6.86711,5.53624,444,125560,0.308571,0.4,1,536549,536105,444
134037081,6.17342,9.10725,440,125560,0.333714,0.4,1,536555,536115,440
134040001,2.83468,1.82145,442,125560,0.306743,0.4,1,536557,536115,442
134042921,2.16694,0.36429,444,125560,0.269349,0.4,1,536559,536115,444
134045841,3.63339,0.072858,448,125560,0.30987,0.46,1,536563,536115,448
134047681,1.52668,3.21457,445,125560,0.301974,0.47,1,536564,536119,445
134050601,5.10534,6.24291,444,125560,0.268395,0.41,1,536570,536126,444
134053521,24.2211,26.0486,442,125560,0.293679,0.42,1,536599,536157,442
134056441,11.2442,10.0097,444,125560,0.202736,0.48,1,536607,536163,444
134059361,7.04884,8.40194,442,125560,0.312547,0.44,1,536613,536171,442
134062241,7.80977,3.28039,448,125560,0.358509,0.4,1,536621,536173,448
134065161,9.56195,9.45608,447,125560,0.255702,0.37,1,536631,536184,447
134068081,6.71239,10.6912,442,125560,0.25914,0.35,1,536637,536195,442
134071001,10.9425,6.93824,448,125560,0.347828,0.3,1,536649,536201,448
134073921,8.5885,8.58765,447,125560,0.269566,0.32,1,536657,536210,447
134075761,2.5177,3.31753,446,125560,0.237913,0.51,1,536658,536212,446
134078681,6.90354,9.46351,443,125560,0.199583,0.51,1,536666,536223,443
134081601,10.9807,1.8927,455,125560,0.303917,0.46,1,536678,536223,455
134084501,10.1961,10.7785,452,125560,0.316783,0.41,1,536688,536236,452
134087421,6.83923,8.55571,450,125560,0.311357,0.45,1,536694,536244,450
134090341,69.3678,8.11114,527,125560,0.310271,0.34,1,536779,536252,527
134093261,40.2736,72.8222,471,125560,0.310054,0.37,1,536812,536341,471
134096181,16.0547,38.5644,451,125560,0.366011,0.39,1,536822,536371,451
134098021,4.01094,15.7129,442,125560,0.393202,0.34,1,536823,536381,442
134100941,18.4022,7.14258,459,125560,0.38264,0.31,1,536845,536386,459
134103861,10.0804,21.4285,442,125560,0.372528,0.33,1,536853,536411,442
134106781,3.61609,5.8857,442,124100,0.370506,0.23,1,536855,536413,442
134109461,5.52322,6.77714,441,124100,0.354101,0.41,1,536861,536420,441
134112381,2.70464,6.15543,437,124100,0.31882,0.32,1,536863,536426,437
134115301,8.54093,6.83109,440,124100,0.335764,0.32,1,536873,536433,440
134118221,6.50819,6.96622,439,124100,0.363153,0.32,1,536879,536440,439
134119861,2.90164,1.39324,441,124100,0.360631,0.4,1,536881,536440,441
134122781,10.9803,12.2786,439,124100,0.376126,0.4,1,536894,536455,439
134125701,3.79607,4.05573,439,124100,0.347225,0.34,1,536896,536457,439
134128621,10.3592,8.81115,441,124100,0.333445,0.3,1,536908,536467,441
134131541,13.2718,16.1622,437,124100,0.346689,0.26,1,536922,536485,437
134134001,4.25437,4.83245,437,124100,0.341338,0.3,1,536924,536487,437
134136921,19.2509,15.3665,442,124100,0.244268,0.33,1,536947,536505,442
134139841,5.45017,4.6733,442,124100,0.344854,0.33,1,536949,536507,442
134141701,1.89003,0.934659,443,124100,0.348971,0.33,1,536950,536507,443
134144621,11.578,12.9869,441,124100,0.341794,0.29,1,536964,536523,441
134147541,3.9156,4.19739,441,124100,0.364359,0.39,1,536966,536525,441
134150461,7.18312,10.4395,437,124100,0.264872,0.35,1,536974,536537,437
134153381,3.03662,3.6879,437,124100,0.244974,0.35,1,536976,536539,437
134155221,1.40732,0.737579,438,124100,0.256995,0.34,1,536977,536539,438
134158141,5.88146,1.74752,443,124100,0.323399,0.3,1,536984,536541,443
134160421,6.77629,6.7495,442,124100,0.34468,0.34,1,536991,536549,442
134163341,2.95526,6.1499,438,124100,0.316936,0.3,1,536993,536555,438
134165201,1.39105,2.82998,437,124100,0.295387,0.32,1,536994,536557,437
134168121,3.47821,6.966,433,124100,0.275077,0.32,1,536998,536565,433
134171041,2.29564,1.3932,435,124100,0.239015,0.32,1,537000,536565,435
134173961,7.65913,0.27864,444,124100,0.351803,0.26,1,537009,536565,444
134176881,17.5318,4.05573,459,124100,0.382361,0.3,1,537029,536570,459
134179801,12.3064,24.0111,441,124100,0.420472,0.18,1,537040,536599,441
134182721,10.4613,11.2022,443,124100,0.300094,0.34,1,537050,536607,443
134185381,6.09225,7.04045,442,124100,0.212019,0.37,1,537055,536613,442
134188301,6.81845,7.80809,441,124100,0.266404,0.23,1,537062,536621,441
134191221,11.7637,9.56162,444,124100,0.333281,0.26,1,537075,536631,444
134193281,3.95274,6.71232,440,124100,0.314656,0.37,1,537077,536637,440
134196201,5.59055,10.9425,434,124100,0.246931,0.25,1,537083,536649,434
134198481,5.11811,8.58849,431,124100,0.361386,0.23,1,537088,536657,431
134201401,13.0236,7.3177,439,124100,0.304277,0.19,1,537103,536664,439
134204321,12.2047,3.06354,449,124100,0.372855,0.33,1,537115,536666,449
134207241,8.84094,10.2127,445,124100,0.394571,0.32,1,537123,536678,445
134210161,9.76819,10.0425,445,124100,0.358914,0.31,1,537133,536688,445
134212001,2.75364,6.80851,440,124100,0.391783,0.31,1,537134,536694,440
134214921,66.9507,69.3617,438,124100,0.310357,0.31,1,537217,536779,438
134217841,42.1901,40.2723,441,124100,0.350071,0.38,1,537253,536812,441
134220761,14.838,16.0545,439,124100,0.302014,0.38,1,537261,536822,439
134222821,4.56761,3.21089,441,124100,0.292403,0.38,1,537263,536822,441
134225741,19.3135,19.0422,441,124100,0.290481,0.37,1,537286,536845,441
134228661,11.8627,10.2084,443,124100,0.306096,0.37,1,537296,536853,443
134231581,5.57254,3.64169,445,124100,0.285219,0.35,1,537300,536855,445
134233221,1.91451,5.52834,440,124100,0.265044,0.31,1,537301,536861,440
134236141,1.9829,2.70567,440,124100,0.229009,0.34,1,537303,536863,440
134239061,8.39658,8.54113,440,124100,0.301802,0.37,1,537313,536873,440
134241981,8.07932,6.50823,442,124100,0.36436,0.36,1,537321,536879,442
134244661,10.4159,2.90165,451,124100,0.352872,0.38,1,537332,536881,451
134247581,3.68317,10.9803,440,124100,0.350574,0.34,1,537334,536894,440
134250501,7.93663,3.79607,447,124100,0.318115,0.33,1,537343,536896,447
134253421,14.3873,10.3592,451,124100,0.223623,0.35,1,537359,536908,451
134256341,5.27747,13.2718,440,124100,0.228725,0.34,1,537362,536922,440
134259261,17.0555,4.25437,458,124100,0.237745,0.22,1,537382,536924,458
134262181,9.0111,19.2509,442,124100,0.167549,0.37,1,537389,536947,442
134265041,3.40222,5.45017,442,124100,0.18551,0.34,1,537391,536949,442
134267961,7.08044,13.09,435,124100,0.269102,0.37,1,537399,536964,435
134270881,3.01609,4.21801,435,124100,0.28582,0.24,1,537401,536966,435
134273801,11.0032,7.2436,440,124100,0.329164,0.24,1,537414,536974,440
134276721,3.80064,3.04872,440,124100,0.305833,0.26,1,537416,536976,440
134278561,1.56013,1.40974,440,124100,0.293167,0.34,1,537417,536977,440
134281481,3.51203,5.88195,437,124100,0.266633,0.35,1,537421,536984,437
134284401,5.50241,6.77639,436,124100,0.349327,0.31,1,537427,536991,436
134287301,9.10048,2.95528,444,124100,0.333865,0.27,1,537437,536993,444
134290221,3.4201,4.59106,441,124100,0.330773,0.27,1,537439,536998,441
134293141,2.28402,0.918211,443,124100,0.290155,0.23,1,537441,536998,443
134296061,3.6568,1.78364,445,124100,0.282031,0.38,1,537445,537000,445
134298981,19.9314,7.55673,460,124100,0.296406,0.39,1,537469,537009,460
134301901,7.18627,17.5113,444,124100,0.315281,0.43,1,537473,537029,444
134304821,10.2373,12.3023,444,124100,0.327056,0.27,1,537484,537040,444
134307741,10.0475,10.4605,444,124100,0.265411,0.19,1,537494,537050,444
134310661,6.80949,6.09209,445,124100,0.333082,0.28,1,537500,537055,445
134313581,8.5619,6.81842,447,124100,0.330616,0.35,1,537509,537062,447
134316501,8.11238,11.7637,442,124100,0.298123,0.23,1,537517,537075,442
134319421,4.82248,8.75274,438,124100,0.339625,0.39,1,537521,537083,438
134322341,5.7645,5.75055,439,124100,0.259925,0.29,1,537527,537088,439
134325261,10.7529,13.1501,436,124100,0.363985,0.39,1,537539,537103,436
134328181,16.5506,12.23,442,124100,0.288797,0.4,1,537557,537115,442
134331101,9.71012,8.846,442,124100,0.321759,0.35,1,537565,537123,442
134334021,8.34202,9.7692,440,124100,0.376352,0.4,1,537573,537133,440
134336941,68.8684,2.75384,523,124100,0.33927,0.29,1,537657,537134,523
134339861,38.5737,66.9508,471,124100,0.291854,0.36,1,537688,537217,471
134342781,17.3147,42.1902,447,124100,0.362371,0.29,1,537700,537253,447
134345701,5.06295,14.838,441,124100,0.376474,0.29,1,537702,537261,441
134348621,18.6126,22.9676,438,124100,0.299295,0.31,1,537724,537286,438
134351541,10.9225,12.5935,437,124100,0.355859,0.28,1,537733,537296,437
134354461,5.3845,5.7187,437,124100,0.335172,0.26,1,537737,537300,437
134357381,2.6769,1.94374,438,124100,0.299034,0.22,1,537739,537301,438
134359681,2.13538,1.98875,438,124100,0.259807,0.32,1,537741,537303,438
134362601,8.42708,8.39775,438,124100,0.339961,0.38,1,537751,537313,438
134365521,8.08542,8.07955,438,124100,0.387992,0.35,1,537759,537321,438
134368441,9.61708,10.4159,437,124100,0.349598,0.35,1,537769,537332,437
134371361,3.52342,3.68318,437,124100,0.34192,0.31,1,537771,537334,437
134374281,7.10468,7.93664,436,124100,0.340384,0.2,1,537779,537343,436
134377201,15.0209,14.3873,437,124100,0.324077,0.23,1,537796,537359,437
134380121,6.20419,5.27747,438,124100,0.264815,0.24,1,537800,537362,438
134383041,10.8408,17.0555,430,124100,0.332963,0.15,1,537812,537382,430
134385961,12.5682,9.0111,436,124100,0.338593,0.19,1,537825,537389,436
134388181,4.91363,3.40222,437,124100,0.355719,0.29,1,537828,537391,437
134391101,4.98273,7.08044,434,124100,0.367144,0.29,1,537833,537399,434
134394021,6.59655,3.01609,439,124100,0.345429,0.34,1,537840,537401,439
134396941,12.5193,11.0032,440,124100,0.285086,0.3,1,537854,537414,440
134399861,4.10386,3.80064,440,124100,0.273017,0.29,1,537856,537416,440
134402741,2.42077,1.56013,441,124100,0.238603,0.26,1,537858,537417,441
134405661,6.08415,3.51203,444,124100,0.319721,0.37,1,537865,537421,444
134408581,6.01683,5.50241,444,124100,0.287944,0.33,1,537871,537427,444
134411501,2.80337,9.10048,436,124100,0.265589,0.33,1,537873,537437,436
134414421,2.16067,3.4201,436,124100,0.229118,0.28,1,537875,537439,436
134416261,6.03213,2.28402,441,124100,0.301824,0.28,1,537882,537441,441
134419181,2.80643,5.2568,437,124100,0.292365,0.3,1,537884,537447,437
134422101,18.9613,18.6514,438,124100,0.354473,0.32,1,537907,537469,438
134425021,6.99226,6.93027,438,124100,0.334895,0.33,1,537911,537473,438
134427941,6.99845,10.1861,434,124100,0.346979,0.25,1,537918,537484,434
134430861,13.3997,10.0372,439,124100,0.317396,0.35,1,537933,537494,439
134433781,7.47994,6.80744,439,124100,0.255479,0.33,1,537939,537500,439
134436701,9.49599,8.56149,440,124100,0.363096,0.29,1,537949,537509,440
134439621,3.4992,8.1123,434,124100,0.384619,0.35,1,537951,537517,434
134442541,9.49984,4.82246,441,124100,0.388924,0.24,1,537962,537521,441
134445461,3.49997,5.76449,437,124100,0.397785,0.39,1,537964,537527,437
134448381,13.5,10.7529,441,124100,0.343557,0.27,1,537980,537539,441
134451301,15.5,16.5506,439,124100,0.348711,0.33,1,537996,537557,439
134454221,9.5,9.71012,439,124100,0.341742,0.39,1,538004,537565,439
134457141,9.9,8.34202,441,124100,0.316348,0.33,1,538014,537573,441
134460061,65.98,68.8684,437,124100,0.32727,0.28,1,538094,537657,437
134462981,36.396,38.5737,435,124100,0.297454,0.38,1,538123,537688,435
134465901,16.0792,17.3147,434,124100,0.291491,0.38,1,538134,537700,434
134468821,6.41584,5.06295,436,124100,0.226298,0.28,1,538138,537702,436
134471741,22.0832,18.6126,440,124100,0.26126,0.37,1,538164,537724,440
134474661,7.61663,10.9225,435,124100,0.244252,0.33,1,538168,537733,435
134477581,8.72333,5.3845,440,124100,0.27285,0.29,1,538177,537737,440
134479281,2.54467,2.6769,439,124100,0.26257,0.4,1,538178,537739,439
134482201,2.10893,3.73538,437,124100,0.260514,0.4,1,538180,537743,437
134485121,9.22179,0.747076,448,124100,0.308103,0.36,1,538191,537743,448
134488041,6.64436,6.54942,446,124100,0.309621,0.4,1,538197,537751,446
134490961,9.32887,7.70988,448,124100,0.333924,0.34,1,538207,537759,448
134493881,3.46577,9.54198,440,124100,0.346785,0.34,1,538209,537769,440
134496801,5.49315,3.5084,444,124100,0.357357,0.34,1,538215,537771,444
134499721,9.89863,7.10168,447,124100,0.367471,0.32,1,538226,537779,447
134502641,11.5797,15.0203,442,124100,0.289494,0.25,1,538238,537796,442
134505561,11.1159,6.20407,449,124100,0.305899,0.35,1,538249,537800,449
134508481,14.2232,10.8408,452,124100,0.26918,0.34,1,538264,537812,452
134511401,4.44464,12.5682,441,124100,0.301836,0.37,1,538266,537825,441
134513601,4.08893,8.91363,437,124100,0.252367,0.34,1,538270,537833,437
134516521,6.41779,7.38273,437,124100,0.330473,0.34,1,538277,537840,437
134519441,13.2836,1.47655,452,124100,0.298095,0.27,1,538292,537840,452
134522361,4.25671,11.4953,440,124100,0.259619,0.27,1,538294,537854,440
134525041,2.45134,3.89906,440,124100,0.219924,0.36,1,538296,537856,440
134527961,2.09027,5.57981,436,124100,0.291985,0.34,1,538298,537862,436
134530881,8.41805,3.51596,443,124100,0.314397,0.28,1,538308,537865,443
134533361,3.28361,5.50319,439,124100,0.334879,0.35,1,538310,537871,439
134536281,3.85672,6.70064,436,124100,0.314976,0.35,1,538314,537878,436
134539201,3.97134,1.34013,440,124100,0.246995,0.29,1,538318,537878,440
134542121,5.59427,5.06803,440,124100,0.209399,0.37,1,538324,537884,440
134545041,18.7189,19.4136,439,124100,0.24988,0.33,1,538346,537907,439
134547961,6.94377,7.08272,439,124100,0.233976,0.35,1,538350,537911,439
134550001,6.18875,7.01654,438,124100,0.206795,0.37,1,538356,537918,438
134552921,14.8378,3.80331,452,124100,0.249359,0.31,1,538373,537921,452
134555841,7.76755,10.3607,446,124100,0.161872,0.24,1,538379,537933,446
134558761,6.35351,6.87213,446,124100,0.232374,0.39,1,538385,537939,446
134561681,6.0707,9.37443,442,124100,0.238475,0.39,1,538391,537949,442
134564601,4.41414,3.47489,444,124100,0.271695,0.39,1,538395,537951,444
134567521,2.48283,9.49498,435,124100,0.278339,0.4,1,538397,537962,435
134570441,14.8966,3.499,451,124100,0.239668,0.33,1,538415,537964,451
134573361,18.9793,13.4998,455,124100,0.183934,0.35,1,538435,537980,455
134576281,8.59586,15.5,445,124100,0.196787,0.34,1,538441,537996,445
134579201,9.71917,9.49999,447,124100,0.239357,0.31,1,538451,538004,447
134582121,65.1438,9.9,516,124100,0.215871,0.33,1,538530,538014,516
134585041,35.4288,65.98,464,124100,0.243174,0.29,1,538558,538094,464
134587961,18.2858,36.396,449,124100,0.208635,0.29,1,538572,538123,449
134590881,5.25715,16.0792,440,124100,0.193727,0.21,1,538574,538134,440
134593801,21.0514,6.41584,461,124100,0.150745,0.27,1,538599,538138,461
134596721,5.81029,22.0832,437,124100,0.142149,0.24,1,538601,538164,437
134599641,10.7621,7.61663,445,124100,0.22843,0.28,1,538613,538168,445
134602561,3.75241,8.72333,438,124100,0.221686,0.26,1,538615,538177,438
134605121,2.35048,4.14467,437,124100,0.188337,0.32,1,538617,538180,437
134608041,11.6701,9.62893,440,124100,0.165667,0.31,1,538631,538191,440
134610961,7.13402,6.72579,440,124100,0.209133,0.34,1,538637,538197,440
134613881,7.8268,9.34516,438,124100,0.225827,0.35,1,538645,538207,438
134615521,2.36536,3.46903,437,124100,0.245165,0.38,1,538646,538209,437
134618441,4.47307,3.09381,439,124100,0.241033,0.36,1,538651,538212,439
134621361,8.89461,3.01876,446,124100,0.232207,0.37,1,538661,538215,446
134624281,11.3789,9.40375,447,124100,0.238441,0.27,1,538673,538226,447
134627201,13.4758,11.4808,449,124100,0.127688,0.31,1,538687,538238,449
134630121,13.8952,11.0962,452,124100,0.177538,0.26,1,538701,538249,452
134633041,4.37903,14.2192,439,124100,0.155508,0.31,1,538703,538264,439
134635961,4.07581,4.44385,441,124100,0.0951015,0.24,1,538707,538266,441
134637781,3.21516,4.08877,440,124100,0.11502,0.35,1,538710,538270,440
134640701,11.843,6.41775,447,124100,0.263004,0.29,1,538724,538277,447
134643621,4.76861,13.2836,435,124100,0.276601,0.25,1,538727,538292,435
134646541,6.55372,4.25671,440,124100,0.25532,0.21,1,538734,538294,440
134648181,2.11074,2.45134,439,124100,0.267064,0.31,1,538735,538296,439
134651101,2.02215,2.09027,439,124100,0.253413,0.32,1,538737,538298,439
134654021,3.60443,8.41805,433,124100,0.210683,0.34,1,538741,538308,433
134656941,2.32089,3.28361,433,124100,0.170137,0.31,1,538743,538310,433
134659861,2.06418,3.85672,431,124100,0.162027,0.23,1,538745,538314,431
134662781,6.81284,3.97134,435,124100,0.280405,0.2,1,538753,538318,435
134665701,8.56257,5.59427,438,124100,0.248081,0.26,1,538762,538324,438
134668621,13.7125,18.7189,431,124100,0.297616,0.23,1,538777,538346,431
134671541,9.9425,6.94377,436,124100,0.299523,0.2,1,538786,538350,436
134674461,17.1885,6.18875,449,124100,0.283905,0.26,1,538805,538356,449
134677381,8.2377,14.8378,438,124100,0.240781,0.14,1,538811,538373,438
134680301,8.04754,7.76755,440,124100,0.264156,0.25,1,538819,538379,440
134683221,4.80951,6.35351,438,124100,0.324831,0.24,1,538823,538385,438
134686141,4.1619,6.0707,436,124100,0.312966,0.28,1,538827,538391,436
134689061,3.23238,4.41414,435,124100,0.358593,0.28,1,538830,538395,435
134691981,9.44648,2.48283,444,124100,0.343719,0.23,1,538841,538397,444
134694901,21.8893,14.8966,451,124100,0.252744,0.17,1,538866,538415,451
134697821,10.7779,18.9793,439,124100,0.338549,0.2,1,538874,538435,439
134700741,8.55557,8.59586,441,124100,0.31571,0.25,1,538882,538441,441
134703661,63.3111,9.71917,508,124100,0.311142,0.21,1,538959,538451,508
134706581,35.8622,65.1438,458,124100,0.310228,0.25,1,538988,538530,458
134709501,17.5724,35.4288,443,124100,0.358046,0.2,1,539001,538558,443
134712421,5.91449,18.2858,432,124100,0.351609,0.19,1,539004,538572,432
134715341,18.7829,5.25715,452,124100,0.350322,0.14,1,539026,538574,452
134718261,10.1566,21.0514,435,124100,0.326064,0.14,1,539034,538599,435
134721181,5.23132,5.81029,437,124100,0.289213,0.25,1,539038,538601,437
134724101,2.64626,10.7621,427,124100,0.249843,0.22,1,539040,538613,427
134727021,2.12925,3.75241,427,124100,0.209969,0.18,1,539042,538615,427
134729941,14.8259,2.35048,443,124100,0.273994,0.16,1,539060,538617,443
134732861,10.9652,11.6701,439,124100,0.334799,0.22,1,539070,538631,439
134735781,8.59303,7.13402,441,124100,0.32296,0.23,1,539078,538637,441
134738701,3.31861,7.8268,435,124100,0.320592,0.24,1,539080,538645,435
134741361,3.86372,6.36536,433,124100,0.368118,0.23,1,539084,538651,433
134744281,10.3727,9.27307,435,124100,0.401624,0.24,1,539096,538661,435
134747201,3.67455,11.4546,425,124100,0.376325,0.1,1,539098,538673,425
134750121,19.1349,13.4909,434,124100,0.363265,0.19,1,539121,538687,434
134753041,9.42698,13.8982,427,124100,0.336653,0.15,1,539128,538701,427
134755961,3.4854,4.37964,427,124100,0.331331,0.08,1,539130,538703,427
134758001,9.49708,4.07593,434,124100,0.354266,0.14,1,539141,538707,434
134760921,8.29942,5.61519,436,124100,0.246853,0.3,1,539149,538713,436
134763841,9.65988,9.92304,435,124100,0.241371,0.28,1,539159,538724,435
134766761,3.53198,4.38461,434,124100,0.328274,0.25,1,539161,538727,434
134769681,2.3064,6.47692,429,124100,0.345655,0.27,1,539163,538734,429
134772601,8.46128,2.09538,438,124100,0.245131,0.25,1,539173,538735,438
134774641,3.29226,2.01908,438,124100,0.329026,0.2,1,539175,538737,438
134777561,3.85845,3.60382,438,124100,0.289805,0.16,1,539179,538741,438
134780481,2.37169,2.32076,438,124100,0.249961,0.16,1,539181,538743,438
134783381,3.67434,2.06415,440,124100,0.209992,0.31,1,539185,538745,440
134786301,3.93487,6.81283,436,124100,0.305998,0.24,1,539189,538753,436
134789221,5.58697,8.56257,433,124100,0.3332,0.31,1,539195,538762,433
134792141,15.5174,13.7125,436,124100,0.25064,0.3,1,539213,538777,436
134795061,7.10348,9.9425,432,124100,0.338128,0.28,1,539218,538786,432
134797981,19.8207,17.1885,436,124100,0.339626,0.23,1,539241,538805,436
134800901,10.3641,8.2377,438,124100,0.267925,0.27,1,539249,538811,438
134803821,10.0728,8.04754,440,124100,0.293585,0.34,1,539259,538819,440
134806741,3.61457,4.80951,438,124100,0.298717,0.31,1,539261,538823,438
134809661,3.92291,4.1619,438,124100,0.275743,0.37,1,539265,538827,438
134812581,3.98458,3.23238,439,124100,0.247149,0.34,1,539269,538830,439
134815501,7.99692,9.44648,437,124100,0.26543,0.23,1,539278,538841,437
134818421,23.9994,21.8893,440,124100,0.269086,0.36,1,539306,538866,440
134821341,9.59988,10.7779,438,124100,0.205817,0.31,1,539312,538874,438
134824261,9.11998,8.55557,439,124100,0.297163,0.31,1,539321,538882,439
134827181,65.024,63.3111,441,124100,0.259433,0.31,1,539400,538959,441
134830101,36.2048,35.8622,441,124100,0.291887,0.37,1,539429,538988,441
134833021,13.641,17.5724,436,124100,0.218377,0.35,1,539437,539001,436
134835941,9.12819,5.91449,441,124100,0.235675,0.35,1,539445,539004,441
134838861,15.4256,18.7829,436,124100,0.247135,0.32,1,539462,539026,436
134841781,11.0851,10.1566,438,124100,0.225427,0.28,1,539472,539034,438
134843281,7.81703,5.23132,441,124100,0.221085,0.24,1,539479,539038,441
134846201,3.1634,2.64626,441,124100,0.188217,0.24,1,539481,539040,441
134849121,2.23268,0.529253,443,124100,0.181643,0.2,1,539483,539040,443
134852041,13.2465,1.70585,457,124100,0.228329,0.29,1,539499,539042,457
134854961,9.84931,14.7412,448,124100,0.293666,0.35,1,539508,539060,448
134857881,9.96986,10.9482,448,124100,0.258733,0.32,1,539518,539070,448
134860801,3.59397,8.58965,442,124100,0.251747,0.32,1,539520,539078,442
134862421,3.11879,3.31793,443,124100,0.234349,0.38,1,539523,539080,443
134865341,2.22376,3.86359,441,124100,0.27087,0.41,1,539525,539084,441
134868261,5.24475,10.3727,435,124100,0.310174,0.37,1,539531,539096,435
134871181,2.64895,3.67454,435,124100,0.318035,0.36,1,539533,539098,435
134874101,22.1298,19.1349,439,124100,0.231607,0.33,1,539560,539121,439
134877021,6.02596,9.42698,434,124100,0.182321,0.33,1,539562,539128,434
134879941,7.60519,3.4854,440,124100,0.236464,0.36,1,539570,539130,440
134882861,11.121,9.49708,441,124100,0.263293,0.22,1,539582,539141,441
134885781,9.42421,8.29942,442,124100,0.228659,0.24,1,539591,539149,442
134888701,3.48484,9.65988,434,124100,0.213732,0.35,1,539593,539159,434
134891621,3.09697,3.53198,435,124100,0.202746,0.35,1,539596,539161,435
134894541,7.01939,2.3064,441,124100,0.248549,0.22,1,539604,539163,441
134897461,3.00388,8.46128,433,124100,0.22571,0.28,1,539606,539173,433
134900381,9.40078,6.49226,438,124100,0.277142,0.24,1,539617,539179,438
134903301,3.48016,2.89845,438,124100,0.255428,0.2,1,539619,539181,438
134905681,3.89603,3.77969,438,124100,0.219086,0.37,1,539623,539185,438
134908601,2.37921,5.55594,434,124100,0.211817,0.37,1,539625,539191,434
134911521,2.07584,1.11119,436,124100,0.178363,0.34,1,539627,539191,436
134914441,18.8152,3.42224,455,124100,0.227673,0.23,1,539650,539195,455
134917361,7.76303,15.0844,442,124100,0.213535,0.36,1,539655,539213,442
134920281,19.9526,7.01689,460,124100,0.202707,0.34,1,539678,539218,460
134923201,10.3905,19.8034,445,124100,0.224541,0.25,1,539686,539241,445
134926121,6.8781,10.3607,443,124100,0.204908,0.3,1,539692,539249,443
134929041,6.17562,10.0721,439,124100,0.248982,0.3,1,539698,539259,439
134931681,4.43512,3.61443,441,124100,0.257796,0.26,1,539702,539261,441
134934601,2.48702,6.32289,436,124100,0.259559,0.24,1,539704,539268,436
134937521,9.29741,2.06458,446,124100,0.299912,0.27,1,539715,539269,446
134940441,17.8595,7.61292,457,124100,0.171982,0.27,1,539735,539278,457
134943361,13.9719,23.9226,442,124100,0.210396,0.19,1,539748,539306,442
134946281,9.19438,9.58452,444,124100,0.130079,0.32,1,539756,539312,444
134949201,64.2389,9.1169,513,124100,0.218016,0.25,1,539834,539321,513
134952121,33.6478,65.0234,460,124100,0.219603,0.3,1,539860,539400,460
134955041,14.7296,36.2047,441,124100,0.267921,0.2,1,539870,539429,441
134957961,6.94591,13.6409,438,124100,0.237584,0.24,1,539875,539437,438
134960881,16.5892,9.12819,449,124100,0.231517,0.25,1,539894,539445,449
134963801,8.11784,15.4256,438,124100,0.238303,0.22,1,539900,539462,438
134966721,12.8236,11.0851,442,124100,0.231661,0.18,1,539914,539472,442
134969641,5.76471,9.41703,437,124100,0.166332,0.18,1,539918,539481,437
134972241,2.75294,3.48341,437,124100,0.121266,0.24,1,539920,539483,437
134975161,13.3506,13.4967,437,124100,0.208253,0.31,1,539936,539499,437
134978081,7.47012,9.89934,434,124100,0.145651,0.25,1,539942,539508,434
134981001,11.894,9.97987,437,124100,0.27713,0.25,1,539955,539518,437
134983921,3.9788,3.59597,437,124100,0.271426,0.23,1,539957,539520,437
134985761,3.19576,3.11919,437,124100,0.230285,0.28,1,539960,539523,437
134988681,2.23915,2.22384,437,124100,0.222057,0.32,1,539962,539525,437
134991601,5.24783,5.24477,437,124100,0.284411,0.32,1,539968,539531,437
134994501,5.84957,2.64895,441,124100,0.240882,0.21,1,539974,539533,441
134997421,16.3699,22.1298,433,124100,0.320176,0.17,1,539993,539560,433
135000341,4.87398,6.02596,433,124100,0.336035,0.25,1,539995,539562,433
135002821,9.7748,7.60519,436,124100,0.347207,0.27,1,540006,539570,436
135005741,8.35496,11.121,432,124100,0.213441,0.22,1,540014,539582,432
135008661,10.471,9.42421,434,124100,0.218688,0.21,1,540025,539591,434
135011581,3.6942,3.48484,434,124100,0.219738,0.2,1,540027,539593,434
135013841,2.33884,3.09697,433,124100,0.219948,0.18,1,540029,539596,433
135016761,2.06777,3.01939,432,124100,0.27599,0.26,1,540031,539599,432
135019681,2.81355,4.60388,430,124100,0.231198,0.22,1,540034,539604,430
135022601,10.9627,2.52078,441,124100,0.26224,0.29,1,540047,539606,441
135025521,7.79254,9.30416,437,124100,0.148448,0.25,1,540054,539617,437
135028401,4.75851,3.46083,439,124100,0.26969,0.29,1,540058,539619,439
135031321,2.5517,11.0922,428,124100,0.261938,0.29,1,540060,539632,428
135034241,2.11034,2.21843,430,124100,0.228388,0.24,1,540062,539632,430
135037161,21.2221,14.8437,438,124100,0.309678,0.21,1,540088,539650,438
135040081,7.44441,6.96874,437,124100,0.317935,0.2,1,540092,539655,437
135043001,15.0889,19.7937,431,124100,0.303587,0.23,1,540109,539678,431
135045921,12.6178,10.3587,435,124100,0.268717,0.2,1,540121,539686,435
135048841,7.32356,6.87175,435,124100,0.285743,0.26,1,540127,539692,435
135051761,5.46471,6.17435,434,124100,0.233149,0.26,1,540132,539698,434
135054681,4.29294,4.43487,434,124100,0.31063,0.26,1,540136,539702,434
135057601,4.05859,2.48697,436,124100,0.294126,0.31,1,540140,539704,436
135060521,5.61172,9.29739,431,124100,0.266825,0.14,1,540146,539715,431
135063441,19.5223,17.8595,434,124100,0.213365,0.22,1,540169,539735,434
135066361,8.70447,13.9719,427,124100,0.298673,0.11,1,540175,539748,427
135069281,12.9409,9.19438,433,124100,0.283735,0.24,1,540189,539756,433
135072201,67.3882,64.2389,436,124100,0.352747,0.22,1,540270,539834,436
135075121,34.2776,33.6478,436,124100,0.278549,0.28,1,540296,539860,436
135078041,13.2555,14.7296,434,124100,0.24771,0.23,1,540304,539870,434
135080961,4.25111,6.94591,431,124100,0.249542,0.23,1,540306,539875,431
135083881,18.4502,16.5892,434,124100,0.273908,0.24,1,540328,539894,434
135086801,6.89004,8.11784,432,124100,0.254782,0.23,1,540332,539900,432
135089721,14.178,12.8236,434,124100,0.218956,0.15,1,540348,539914,434
135092641,6.0356,5.76471,434,124100,0.187791,0.11,1,540352,539918,434
135095381,4.40712,2.75294,436,124100,0.261558,0.23,1,540356,539920,436
135098301,14.4814,13.3506,437,124100,0.316312,0.13,1,540373,539936,437
135101221,7.69628,7.47012,437,124100,0.247262,0.31,1,540379,539942,437
135104141,11.1393,11.894,436,124100,0.297452,0.27,1,540391,539955,436
135107061,3.82785,3.9788,436,124100,0.30749,0.22,1,540393,539957,436
135109941,7.16557,3.19576,441,124100,0.253498,0.31,1,540401,539960,441
135112861,3.03311,8.63915,433,124100,0.2427,0.31,1,540403,539970,433
135115781,2.20662,1.72783,435,124100,0.29654,0.23,1,540405,539970,435
135118701,14.0413,3.54557,448,124100,0.275308,0.34,1,540422,539974,448
135121621,10.0083,15.9091,438,124100,0.343062,0.34,1,540431,539993,438
135124541,5.20165,4.78182,440,124100,0.324612,0.35,1,540435,539995,440
135127461,8.24033,9.75636,438,124100,0.240922,0.18,1,540444,540006,438
135130381,11.2481,8.35127,442,124100,0.328184,0.22,1,540456,540014,442
135133301,3.84961,10.4703,433,124100,0.345637,0.22,1,540458,540025,433
135136221,2.36992,3.69405,433,124100,0.349127,0.22,1,540460,540027,433
135138021,6.07398,2.33881,438,124100,0.317825,0.25,1,540467,540029,438
135140941,2.8148,3.66776,436,124100,0.311565,0.22,1,540469,540033,436
135143861,10.963,1.53355,448,124100,0.294313,0.27,1,540482,540034,448
135146781,6.99259,10.7067,441,124100,0.202863,0.12,1,540488,540047,441
135149701,4.59852,7.74134,438,124100,0.152573,0.3,1,540492,540054,438
135152621,2.5197,4.74827,436,124100,0.150514,0.26,1,540494,540058,436
135155541,2.10394,2.54965,436,124100,0.270103,0.22,1,540496,540060,436
135157781,10.8208,2.10993,447,124100,0.278021,0.33,1,540509,540062,447
135160701,14.1642,21.222,436,124100,0.295604,0.32,1,540524,540088,436
135163621,7.63283,7.4444,438,124100,0.315121,0.3,1,540530,540092,438
135166541,11.9266,15.0889,434,124100,0.279024,0.26,1,540543,540109,434
135169461,10.3853,12.6178,432,124100,0.287805,0.29,1,540553,540121,432
135172381,11.6771,7.32356,438,124100,0.305561,0.22,1,540565,540127,438
135175301,3.93541,5.46471,435,124100,0.309112,0.33,1,540567,540132,435
135177541,7.18708,4.29294,439,124100,0.221822,0.28,1,540575,540136,439
135180461,3.03742,6.45859,434,124100,0.292365,0.26,1,540577,540143,434
135183381,7.00748,3.69172,439,124100,0.306473,0.2,1,540585,540146,439
135186301,19.0015,19.1383,438,124100,0.213295,0.32,1,540607,540169,438
135189221,8.6003,8.62767,438,124100,0.282659,0.28,1,540613,540175,438
135192141,12.9201,12.9255,438,124100,0.296532,0.37,1,540627,540189,438
135195061,65.784,67.3851,436,124100,0.227306,0.26,1,540706,540270,436
135197981,34.7568,34.277,437,124100,0.301461,0.24,1,540733,540296,437
135200901,13.3514,13.2554,437,124100,0.276292,0.25,1,540741,540304,437
135203821,4.27027,4.25108,437,124100,0.239258,0.28,1,540743,540306,437
135206741,18.4541,18.4502,437,124100,0.207852,0.25,1,540765,540328,437
135209661,6.89081,6.89004,437,124100,0.26557,0.21,1,540769,540332,437
135212581,12.5782,14.178,435,124100,0.293114,0.18,1,540783,540348,435
135215501,7.31563,6.0356,437,124100,0.242623,0.28,1,540789,540352,437
135217681,3.06313,4.40712,435,124100,0.208525,0.23,1,540791,540356,435
135220601,14.2126,4.88142,447,124100,0.241705,0.33,1,540808,540361,447
135223521,7.64253,10.5763,441,124100,0.216341,0.23,1,540814,540373,441
135226441,9.5285,6.91526,445,124100,0.299268,0.31,1,540824,540379,445
135229361,4.3057,10.9831,436,124100,0.339854,0.31,1,540827,540391,436
135232281,9.66114,3.79661,445,124100,0.323971,0.24,1,540838,540393,445
135235201,3.53223,7.15932,439,124100,0.288794,0.24,1,540840,540401,439
135238121,2.30645,3.03186,439,124100,0.249759,0.31,1,540842,540403,439
135241041,14.0613,2.20637,454,124100,0.297952,0.27,1,540859,540405,454
135243961,4.41226,14.0413,439,124100,0.30759,0.36,1,540861,540422,439
135246881,4.08245,10.0083,434,124100,0.269518,0.32,1,540865,540431,434
135249801,8.01649,5.20165,439,124100,0.349904,0.22,1,540874,540435,439
135252721,15.2033,8.24033,447,124100,0.277981,0.35,1,540891,540444,447
135255641,4.64066,11.2481,437,124100,0.239596,0.35,1,540893,540456,437
135258241,2.52813,3.84961,437,124100,0.231919,0.31,1,540895,540458,437
135261161,8.50563,9.56992,436,124100,0.350384,0.31,1,540905,540469,436
135264081,3.30113,1.91398,438,124100,0.358077,0.29,1,540907,540469,438
135267001,3.86023,10.7828,429,124100,0.335615,0.18,1,540911,540482,429
135269921,9.57205,6.95656,434,124100,0.355123,0.14,1,540922,540488,434
135272841,8.31441,4.59131,438,124100,0.359025,0.15,1,540930,540492,438
135275761,3.26288,2.51826,438,124100,0.327805,0.3,1,540932,540494,438
135278421,6.25258,2.10365,443,124100,0.353561,0.28,1,540939,540496,443
135281341,6.85052,10.8207,437,124100,0.350712,0.3,1,540946,540509,437
135284261,12.5701,14.1641,436,124100,0.422142,0.32,1,540960,540524,436
135287181,5.71402,7.63283,434,124100,0.372429,0.27,1,540964,540530,434
135290101,13.9428,11.9266,437,124100,0.410486,0.29,1,540980,540543,437
135293021,9.18856,10.3853,435,124100,0.298097,0.31,1,540988,540553,435
135295941,10.6377,11.6771,434,124100,0.347619,0.31,1,540999,540565,434
135298861,6.92754,3.93541,438,124100,0.413524,0.2,1,541005,540567,438
135301301,9.38551,7.18708,440,124100,0.290705,0.33,1,541015,540575,440
135304221,3.4771,5.43742,437,124100,0.266141,0.31,1,541017,540580,437
135307141,2.29542,5.08748,434,124100,0.261228,0.19,1,541019,540585,434
135310061,22.0591,18.6175,439,124100,0.212246,0.3,1,541046,540607,439
135312981,9.21182,8.5235,439,124100,0.266449,0.3,1,541052,540613,439
135315901,8.24236,12.9047,433,124100,0.34929,0.21,1,541060,540627,433
135318821,71.2485,65.7809,441,124100,0.349858,0.32,1,541147,540706,441
135321741,31.0497,34.7562,435,124100,0.413972,0.27,1,541168,540733,435
135324661,15.8099,13.3512,439,124100,0.282794,0.23,1,541180,540741,439
135327581,4.76199,4.27025,439,124100,0.328559,0.2,1,541182,540743,439
135330501,18.5524,18.454,439,124100,0.329712,0.28,1,541204,540765,439
135333421,5.31048,6.89081,437,124100,0.329942,0.3,1,541206,540769,437
135336341,9.8621,12.5782,434,124100,0.305988,0.23,1,541217,540783,434
135339261,6.77242,7.31563,434,124100,0.293198,0.2,1,541223,540789,434
135341861,15.7545,3.06313,450,124100,0.25064,0.25,1,541241,540791,450
135344781,11.1509,14.2126,443,124100,0.210128,0.21,1,541251,540808,443
135347701,8.63018,7.64253,445,124100,0.282026,0.32,1,541259,540814,445
135350621,4.12604,9.5285,438,124100,0.320405,0.35,1,541262,540824,438
135353541,8.02521,4.3057,444,124100,0.344081,0.32,1,541271,540827,444
135356461,3.20504,9.66114,435,124100,0.348816,0.28,1,541273,540838,435
135359381,5.44101,3.53223,439,124100,0.325763,0.24,1,541279,540840,439
135361621,4.2882,2.30645,441,124100,0.321153,0.31,1,541283,540842,441
135364541,7.25764,14.0613,432,124100,0.336231,0.31,1,541291,540859,432
135367461,3.05153,4.41226,432,124100,0.339246,0.26,1,541293,540861,432
135370381,10.2103,4.08245,440,124100,0.315849,0.37,1,541305,540865,440
135373301,8.44206,8.01649,439,124100,0.27117,0.26,1,541313,540874,439
135376221,13.6884,15.2033,437,124100,0.350234,0.23,1,541328,540891,437
135379141,7.53768,4.64066,441,124100,0.326047,0.23,1,541334,540893,441
135381381,4.70754,2.52813,443,124100,0.265209,0.38,1,541338,540895,443
135384301,2.54151,8.50563,435,124100,0.253042,0.36,1,541340,540905,435
135387221,2.1083,3.30113,435,124100,0.306608,0.33,1,541342,540907,435
135389281,4.42166,3.86023,436,124100,0.261322,0.3,1,541347,540911,436
135392201,11.2843,6.37204,442,124100,0.260264,0.36,1,541360,540918,442
135395121,9.45687,4.47441,447,124100,0.124053,0.36,1,541369,540922,447
135398041,3.49137,7.29488,441,124100,0.104811,0.32,1,541371,540930,441
135400961,7.09827,3.05898,447,124100,0.100962,0.36,1,541379,540932,447
135403881,4.61965,6.2118,444,124100,0.252192,0.35,1,541383,540939,444
135406801,16.1239,6.84236,456,124100,0.242438,0.44,1,541402,540946,456
135409721,6.42479,12.5685,446,124100,0.176488,0.36,1,541406,540960,446
135412641,11.685,5.71369,455,124100,0.291298,0.42,1,541419,540964,455
135415561,7.13699,13.9427,445,124100,0.24226,0.27,1,541425,540980,445
135418481,11.0274,9.18855,449,124100,0.280452,0.36,1,541437,540988,449
135421401,3.80548,10.6377,440,124100,0.25609,0.43,1,541439,540999,440
135424321,12.7611,6.92754,449,124100,0.275218,0.26,1,541454,541005,449
135426721,4.15222,10.9855,439,124100,0.279044,0.26,1,541456,541017,439
135429641,2.43044,3.7971,439,124100,0.279809,0.26,1,541458,541019,439
135432561,21.2861,0.75942,465,124100,0.175962,0.2,1,541484,541019,465
135435481,9.05722,21.7519,444,124100,0.187192,0.28,1,541490,541046,444
135438161,6.61144,9.15038,444,124100,0.165438,0.35,1,541496,541052,444
135441081,74.1223,10.6301,524,124100,0.241088,0.35,1,541587,541063,524
135444001,26.0245,69.326,454,124100,0.168218,0.43,1,541601,541147,454
135446921,14.0049,30.6652,444,124100,0.265644,0.25,1,541612,541168,444
135449841,7.60098,15.733,438,124100,0.253129,0.34,1,541618,541180,438
135452761,18.3202,4.74661,457,124100,0.234626,0.33,1,541639,541182,457
135455681,5.26404,18.5493,437,124100,0.198925,0.33,1,541641,541204,437
135457921,9.05281,5.30986,445,124100,0.287785,0.29,1,541651,541206,445
135460841,3.41056,12.262,433,124100,0.313557,0.29,1,541653,541220,433
135463761,16.6821,4.85239,450,124100,0.206711,0.24,1,541673,541223,450
135466681,15.3364,15.3705,447,124100,0.177342,0.2,1,541688,541241,447
135469601,9.46728,11.0741,445,124100,0.203468,0.3,1,541696,541251,445
135472521,5.09346,8.61482,441,124100,0.264694,0.33,1,541700,541259,441
135475441,7.41869,4.12296,446,124100,0.292939,0.35,1,541708,541262,446
135478361,3.08374,8.02459,439,124100,0.266588,0.35,1,541710,541271,439
135480801,2.21675,3.20492,439,124100,0.253318,0.34,1,541712,541273,439
135483721,8.44335,6.24098,442,124100,0.298664,0.32,1,541722,541280,442
135486641,6.48867,3.6482,445,124100,0.251733,0.34,1,541728,541283,445
135489561,2.89773,7.12964,439,124100,0.210347,0.34,1,541730,541291,439
135492481,6.17955,3.02593,444,124100,0.218069,0.31,1,541737,541293,444
135495401,8.43591,10.2052,441,124100,0.227614,0.26,1,541746,541305,441
135498321,13.6872,8.44104,448,124100,0.109523,0.37,1,541761,541313,448
135501241,9.13744,13.6882,441,124100,0.269905,0.32,1,541769,541328,441
135503681,3.42749,7.53764,437,124100,0.269981,0.25,1,541771,541334,437
135506601,2.2855,6.30753,433,124100,0.269996,0.25,1,541773,541340,433
135509521,6.0571,1.26151,440,124100,0.197999,0.32,1,541780,541340,440
135512001,4.41142,1.8523,442,124100,0.2876,0.26,1,541784,541342,442
135514921,2.48228,14.7705,426,124100,0.27352,0.09,1,541786,541360,426
135517841,10.0965,10.1541,429,124100,0.198704,0.1,1,541798,541369,429
135520761,9.21929,3.63082,436,124100,0.175741,0.1,1,541807,541371,436
135522401,4.24386,7.12616,431,124100,0.227148,0.32,1,541810,541379,431
135525321,4.84877,2.22523,435,124100,0.17343,0.29,1,541815,541380,435
135528241,18.5698,2.84505,454,124100,0.210686,0.24,1,541837,541383,454
135531161,6.91395,15.769,439,124100,0.194137,0.16,1,541841,541402,439
135534081,10.9828,6.3538,447,124100,0.230827,0.32,1,541853,541406,447
135537001,8.59656,11.6708,442,124100,0.206165,0.23,1,541861,541419,442
135539921,6.51931,7.13415,442,124100,0.257233,0.29,1,541867,541425,442
135542841,7.70386,11.0268,438,124100,0.267447,0.25,1,541875,541437,438
135545761,7.94077,3.80537,444,124100,0.237489,0.28,1,541883,541439,444
135548681,3.18815,12.7611,431,124100,0.199498,0.28,1,541885,541454,431
135551521,7.83763,4.15221,438,124100,0.2159,0.2,1,541894,541456,438
135554441,16.7675,7.23044,449,124100,0.21918,0.15,1,541913,541464,449
135557361,11.3535,17.4461,439,124100,0.283836,0.19,1,541923,541484,439
135560281,8.6707,8.28922,441,124100,0.248767,0.16,1,541931,541490,441
135563201,68.9341,6.45784,519,124100,0.225753,0.26,1,542015,541496,519
135566121,29.7868,74.0916,448,124100,0.205151,0.15,1,542035,541587,448
135569041,12.3574,26.0183,442,124100,0.24903,0.29,1,542043,541601,442
135571961,4.87147,14.0037,434,124100,0.273806,0.25,1,542046,541612,434
135574881,25.7743,7.60073,459,124100,0.110761,0.23,1,542077,541618,459
135577801,6.75486,18.3201,440,124100,0.0781522,0.19,1,542079,541639,440
135580721,4.55097,5.26403,442,124100,0.12763,0.32,1,542083,541641,442
135583641,2.51019,10.6528,432,124100,0.105526,0.18,1,542085,541653,432
135586561,18.102,18.1306,434,124100,0.197105,0.17,1,542107,541673,434
135589481,18.0204,15.6261,437,124100,0.159421,0.21,1,542125,541688,437
135592401,10.0041,9.52522,437,124100,0.167884,0.28,1,542133,541696,437
135594161,2.80082,5.10504,434,124100,0.209577,0.29,1,542134,541700,434
135597081,8.56016,2.62101,442,124100,0.273915,0.3,1,542144,541702,442
135600001,3.31203,5.3242,438,124100,0.278783,0.26,1,542146,541708,438
135602921,2.26241,2.66484,438,124100,0.287757,0.25,1,542148,541710,438
135604981,5.25248,2.13297,442,124100,0.257551,0.31,1,542154,541712,442
135607901,7.4505,8.42659,440,124100,0.23551,0.24,1,542162,541722,440
135610821,4.6901,6.48532,438,124100,0.215102,0.2,1,542166,541728,438
135613741,4.13802,2.89706,440,124100,0.18702,0.22,1,542170,541730,440
135616661,4.0276,6.17941,437,124100,0.213404,0.23,1,542174,541737,437
135619581,17.6055,8.43588,449,124100,0.210681,0.08,1,542195,541746,449
135622501,5.1211,13.6872,436,124100,0.178136,0.31,1,542197,541761,436
135625421,8.22422,9.13744,437,124100,0.123627,0.27,1,542206,541769,437
135627861,3.24484,3.42749,437,124100,0.240725,0.27,1,542208,541771,437
135630781,2.24897,2.2855,437,124100,0.240145,0.18,1,542210,541773,437
135633701,3.64979,6.0571,434,124100,0.176029,0.31,1,542214,541780,434
135636621,2.32996,4.41142,432,124100,0.131206,0.27,1,542216,541784,432
135638261,4.46599,2.48228,435,124100,0.242241,0.18,1,542221,541786,435
135641181,5.6932,10.0965,429,124100,0.280448,0.17,1,542227,541798,429
135644101,5.93864,9.21929,426,124100,0.21609,0.24,1,542233,541807,426
135647021,13.1877,4.24386,438,124100,0.235218,0.16,1,542248,541810,438
135649701,20.2375,4.84877,455,124100,0.255044,0.22,1,542270,541815,455
135652621,7.24751,18.5698,437,124100,0.227009,0.19,1,542274,541837,437
135655541,12.6495,6.91395,447,124100,0.165402,0.24,1,542288,541841,447
135658461,7.3299,10.9828,441,124100,0.17708,0.2,1,542294,541853,441
135661381,7.86598,8.59656,441,124100,0.147416,0.27,1,542302,541861,441
135664301,4.7732,6.51931,439,124100,0.149483,0.27,1,542306,541867,439
135667221,7.35464,7.70386,439,124100,0.229897,0.23,1,542314,541875,439
135670141,3.87093,7.94077,434,124100,0.229979,0.19,1,542317,541883,434
135673061,4.77419,3.18815,437,124100,0.221996,0.22,1,542322,541885,437
135675981,22.5548,7.83763,455,124100,0.188399,0.22,1,542349,541894,455
135678901,9.31097,16.7675,442,124100,0.18968,0.3,1,542355,541913,442
135681821,9.86219,11.3535,442,124100,0.285936,0.24,1,542365,541923,442
135684741,69.1724,8.6707,518,124100,0.297187,0.22,1,542449,541931,518
135687661,29.0345,68.9341,453,124100,0.291437,0.2,1,542468,542015,453
135690581,11.4069,29.7868,440,124100,0.218287,0.26,1,542475,542035,440
135693501,3.88138,12.3574,434,124100,0.203657,0.28,1,542477,542043,434
135696421,21.5763,4.87147,457,124100,0.280731,0.07,1,542503,542046,457
135699341,5.91526,25.7743,428,124100,0.304146,0.07,1,542505,542077,428
135702261,9.18305,6.75486,436,124100,0.340829,0.14,1,542515,542079,436
135705181,4.23661,4.55097,435,124100,0.332166,0.1,1,542518,542083,435
135708101,16.0473,2.51019,452,124100,0.274433,0.22,1,542537,542085,452
135711021,19.2095,18.102,450,124100,0.254887,0.15,1,542557,542107,450
135713941,11.8419,18.0204,442,124100,0.226977,0.17,1,542567,542125,442
135716861,3.96838,10.0041,436,124100,0.253395,0.22,1,542569,542133,436
135718341,6.39368,2.80082,442,124100,0.290679,0.29,1,542576,542134,442
135721261,4.47874,8.56016,436,124100,0.306136,0.28,1,542580,542144,436
135724181,2.49575,3.31203,436,124100,0.309227,0.29,1,542582,542146,436
135726661,2.09915,2.26241,436,124100,0.333845,0.25,1,542584,542148,436
135729581,7.61983,5.25248,439,124100,0.322769,0.23,1,542593,542154,439
135732501,3.92397,7.4505,434,124100,0.296554,0.21,1,542596,542162,434
135735421,3.98479,4.6901,434,124100,0.323311,0.18,1,542600,542166,434
135738341,3.99696,4.13802,434,124100,0.328662,0.22,1,542604,542170,434
135741261,14.3994,4.0276,447,124100,0.281732,0.21,1,542621,542174,447
135744181,10.0799,17.6055,435,124100,0.168346,0.17,1,542630,542195,435
135747101,4.41598,5.1211,436,124100,0.297669,0.11,1,542633,542197,436
135750021,8.0832,8.22422,436,124100,0.219534,0.27,1,542642,542206,436
135752941,3.21664,3.24484,436,124100,0.323907,0.24,1,542644,542208,436
135754741,3.04333,2.24897,437,124100,0.296781,0.16,1,542647,542210,437
135757661,2.20867,3.64979,435,124100,0.259356,0.12,1,542649,542214,435
135760581,2.04173,2.32996,435,124100,0.227871,0.27,1,542651,542216,435
135763501,4.40835,4.46599,435,124100,0.237574,0.29,1,542656,542221,435
135766421,5.68167,5.6932,435,124100,0.279515,0.2,1,542662,542227,435
135769341,15.5363,5.93864,447,124100,0.295903,0.24,1,542680,542233,447
135772261,17.5073,13.1877,450,124100,0.331181,0.26,1,542698,542248,450
135775181,6.70145,20.2375,432,124100,0.330236,0.22,1,542702,542270,432
135778101,12.5403,7.24751,442,124100,0.338047,0.15,1,542716,542274,442
135781021,7.30806,12.6495,434,124100,0.243609,0.18,1,542722,542288,434
135783941,11.8616,7.3299,441,124100,0.272722,0.14,1,542735,542294,441
135786861,4.77232,7.86598,436,124100,0.230544,0.15,1,542738,542302,436
135789781,7.35446,4.7732,440,124100,0.310109,0.25,1,542746,542306,440
135792701,4.67089,7.35464,436,124100,0.318022,0.23,1,542750,542314,436
135794881,2.53418,3.87093,435,124100,0.327604,0.26,1,542752,542317,435
135797801,21.3068,6.37419,454,124100,0.193521,0.18,1,542778,542324,454
135800721,14.6614,21.2748,442,124100,0.278704,0.19,1,542791,542349,442
135803641,7.73227,9.05497,442,124100,0.191741,0.31,1,542797,542355,442
135806561,67.9465,9.81099,515,124100,0.182348,0.3,1,542880,542365,515
135809481,30.3893,69.1622,452,124100,0.18847,0.29,1,542901,542449,452
135812401,15.6779,29.0324,445,124100,0.277694,0.2,1,542913,542468,445
135815321,4.73557,11.4065,440,124100,0.263539,0.2,1,542915,542475,440
135818241,15.3471,3.8813,456,124100,0.252708,0.3,1,542933,542477,456
135821161,11.0694,21.5763,440,124100,0.330542,0.31,1,542943,542503,440
135824081,5.41388,5.91525,442,124100,0.322108,0.35,1,542947,542505,442
135827001,2.68278,9.18305,434,124100,0.288422,0.33,1,542949,542515,434
135829921,18.1366,4.23661,453,124100,0.337684,0.26,1,542971,542518,453
135832841,18.0273,16.0473,452,124100,0.267537,0.25,1,542989,542537,452
135835761,14.8055,19.2095,446,124100,0.293507,0.22,1,543003,542557,446
135838561,4.56109,11.8419,438,124100,0.298701,0.27,1,543005,542567,438
135841481,8.91222,6.36838,443,124100,0.28374,0.31,1,543015,542572,443
135844401,3.38244,7.67368,437,124100,0.264748,0.31,1,543017,542580,437
135847321,2.27649,3.13474,437,124100,0.22095,0.31,1,543019,542582,437
135849381,2.0553,0.626947,439,124100,0.22019,0.32,1,543021,542582,439
135852301,8.41106,8.92539,438,124100,0.308038,0.29,1,543031,542593,438
135855221,4.88221,4.18508,439,124100,0.277608,0.33,1,543035,542596,439
135858141,4.17644,4.03702,439,124100,0.271522,0.33,1,543039,542600,439
135861061,2.43529,4.0074,437,124100,0.278304,0.27,1,543041,542604,437
135863981,6.88706,14.4015,428,124100,0.295661,0.14,1,543049,542621,428
135866901,11.7774,10.0803,432,124100,0.275132,0.33,1,543062,542630,432
135869821,9.55548,4.41606,438,124100,0.255026,0.2,1,543071,542633,438
135872741,3.5111,8.08321,431,124100,0.259005,0.35,1,543073,542642,431
135875661,2.30222,3.21664,431,124100,0.227801,0.29,1,543075,542644,431
135878081,10.0604,3.04333,440,124100,0.29356,0.22,1,543087,542647,440
135881001,5.21209,5.40867,438,124100,0.266712,0.22,1,543091,542653,438
135883921,2.64242,1.08173,440,124100,0.285342,0.24,1,543093,542653,440
135886841,2.12848,2.61635,439,124100,0.257068,0.29,1,543095,542656,439
135889761,2.0257,5.32327,435,124100,0.219414,0.3,1,543097,542662,435
135892681,11.6051,15.4647,431,124100,0.219883,0.34,1,543111,542680,431
135895601,23.121,17.4929,439,124100,0.283977,0.33,1,543137,542698,439
135898521,7.82421,6.69859,439,124100,0.264795,0.34,1,543141,542702,439
135901441,11.1648,12.5397,437,124100,0.300959,0.22,1,543153,542716,437
135904361,7.03297,7.30794,437,124100,0.284192,0.28,1,543159,542722,437
135907281,12.6066,11.8616,438,124100,0.280838,0.22,1,543173,542735,438
135910201,5.72132,4.77232,439,124100,0.304168,0.33,1,543177,542738,439
135913121,7.54426,7.35446,439,124100,0.212834,0.32,1,543185,542746,439
135916041,3.10885,4.67089,437,124100,0.162567,0.33,1,543187,542750,437
135918961,2.22177,2.53418,437,124100,0.280513,0.16,1,543189,542752,437
135921881,19.6444,21.3068,435,124100,0.232103,0.3,1,543213,542778,435
135924801,16.7289,14.6614,438,124100,0.246421,0.17,1,543229,542791,438
135927721,8.14577,7.73227,438,124100,0.209284,0.18,1,543235,542797,438
135930641,68.0292,67.9465,438,124100,0.209857,0.19,1,543318,542880,438
135933561,29.6058,30.3893,437,124100,0.217971,0.3,1,543338,542901,437
135936481,15.5212,15.6779,437,124100,0.275594,0.26,1,543350,542913,437
135939401,4.70423,4.73557,437,124100,0.247119,0.25,1,543352,542915,437
135942321,17.7408,15.3471,440,124100,0.273424,0.35,1,543373,542933,440
135945241,5.14817,11.0694,432,124100,0.246685,0.32,1,543375,542943,432
135948161,4.22963,5.41388,432,124100,0.201337,0.28,1,543379,542947,432
135951081,2.44593,2.68278,432,124100,0.216267,0.35,1,543381,542949,432
135954001,17.2892,18.1366,431,124100,0.227253,0.25,1,543402,542971,431
135956921,23.4578,18.0273,438,124100,0.141451,0.3,1,543427,542989,438
135959841,14.2916,14.8055,436,124100,0.20429,0.3,1,543439,543003,436
135962761,10.0583,4.56109,443,124100,0.240858,0.28,1,543448,543005,443
135964821,6.81166,8.91222,439,124100,0.224172,0.26,1,543454,543015,439
135967741,2.96233,3.38244,439,124100,0.252834,0.21,1,543456,543017,439
135970661,2.19247,2.27649,439,124100,0.258567,0.22,1,543458,543019,439
135973581,6.83849,2.0553,445,124100,0.251713,0.33,1,543466,543021,445
135976501,2.9677,8.41106,437,124100,0.258343,0.27,1,543468,543031,437
135979421,6.19354,4.88221,440,124100,0.251669,0.27,1,543475,543035,440
135982341,2.83871,4.17644,438,124100,0.282334,0.28,1,543477,543039,438
135985261,6.96774,2.43529,444,124100,0.224467,0.3,1,543485,543041,444
135988181,9.39355,6.88706,446,124100,0.268893,0.27,1,543495,543049,446
135991101,5.07871,11.7774,437,124100,0.253779,0.25,1,543499,543062,437
135994021,3.41574,9.55548,431,124100,0.202756,0.26,1,543502,543071,431
135996941,7.08315,3.5111,437,124100,0.216551,0.22,1,543510,543073,437
135999861,7.81663,2.30222,443,124100,0.18731,0.31,1,543518,543075,443
136002781,4.76333,10.0604,435,124100,0.125462,0.26,1,543522,543087,435
136005701,5.75267,5.21209,437,124100,0.193092,0.29,1,543528,543091,437
136008621,2.75053,2.64242,437,124100,0.222618,0.25,1,543530,543093,437
136011201,2.15011,2.12848,437,124100,0.196524,0.29,1,543532,543095,437
136014121,10.83,6.0257,443,124100,0.215305,0.22,1,543545,543102,443
136017041,25.366,8.40514,463,124100,0.0750609,0.3,1,543574,543111,463
136019961,8.2732,22.481,441,124100,0.0550122,0.26,1,543578,543137,441
136022881,6.45464,7.69621,443,124100,0.139002,0.31,1,543584,543141,443
136025801,6.89093,11.1392,438,124100,0.1718,0.28,1,543591,543153,438
136028721,11.7782,7.02785,445,124100,0.20236,0.28,1,543604,543159,445
136031641,4.75564,12.6056,434,124100,0.160472,0.31,1,543607,543173,434
136034561,12.1511,5.72111,444,124100,0.168094,0.19,1,543621,543177,444
136037481,4.03023,7.54422,438,124100,0.137619,0.15,1,543623,543185,438
136040321,2.40605,3.10884,438,124100,0.107524,0.34,1,543625,543187,438
136043241,20.4812,9.42177,452,124100,0.0615048,0.22,1,543650,543198,452
136046161,16.0962,13.8844,452,124100,0.276301,0.25,1,543665,543213,452
136049081,8.01925,15.5769,442,124100,0.21526,0.2,1,543671,543229,442
136052001,65.6038,7.91537,516,124100,0.259052,0.21,1,543751,543235,516
136054921,29.9208,67.9831,454,124100,0.31581,0.22,1,543772,543318,454
136057841,10.7842,29.5966,440,124100,0.279162,0.29,1,543778,543338,440
136060761,3.75683,15.5193,430,124100,0.263832,0.24,1,543780,543350,430
136063681,19.1514,4.70386,451,124100,0.308766,0.28,1,543803,543352,451
136066601,5.43027,17.7408,432,124100,0.317753,0.24,1,543805,543373,432
136069441,4.28605,5.14815,434,124100,0.319551,0.2,1,543809,543375,434
136072361,4.05721,6.62963,431,124100,0.25591,0.2,1,543813,543382,431
136075281,19.2114,1.32593,454,124100,0.147182,0.23,1,543836,543382,454
136078201,23.0423,16.2652,458,124100,0.213436,0.12,1,543860,543402,458
136081121,14.2085,23.253,445,124100,0.194687,0.22,1,543872,543427,445
136084041,10.8417,14.2506,443,124100,0.262937,0.25,1,543882,543439,443
136086961,3.76834,10.0501,436,124100,0.276587,0.22,1,543884,543448,436
136089881,5.55367,6.81002,436,124100,0.247318,0.26,1,543890,543454,436
136091701,1.91073,2.962,435,124100,0.257464,0.26,1,543891,543456,435
136094621,1.98215,2.1924,435,124100,0.267493,0.25,1,543893,543458,435
136097541,6.79643,6.83848,435,124100,0.221499,0.26,1,543901,543466,435
136100461,2.95929,2.9677,435,124100,0.1803,0.25,1,543903,543468,435
136103141,3.79186,6.19354,432,124100,0.20406,0.29,1,543907,543475,432
136106061,2.35837,2.83871,432,124100,0.240812,0.21,1,543909,543477,432
136108981,10.0717,6.96774,436,124100,0.280162,0.28,1,543921,543485,436
136111901,8.41433,9.39355,434,124100,0.288033,0.25,1,543929,543495,434
136114821,3.28287,5.07871,432,124100,0.257606,0.19,1,543931,543499,432
136117741,3.85657,3.41574,433,124100,0.259521,0.22,1,543935,543502,433
136119781,11.1713,7.08315,438,124100,0.251904,0.18,1,543948,543510,438
136122701,3.83426,7.81663,432,124100,0.282381,0.11,1,543950,543518,432
136125621,2.36685,4.76333,430,124100,0.288476,0.21,1,543952,543522,430
136128541,7.67337,5.75267,433,124100,0.201695,0.23,1,543961,543528,433
136131461,3.13467,2.75053,433,124100,0.176339,0.19,1,543963,543530,433
136134341,7.02693,2.15011,439,124100,0.203268,0.22,1,543971,543532,439
136137261,3.00539,10.83,428,124100,0.216654,0.04,1,543973,543545,428
136140181,25.4011,25.366,430,124100,0.211331,0.05,1,544004,543574,430
136143101,8.28022,8.2732,430,124100,0.242266,0.16,1,544008,543578,430
136145781,12.056,6.45464,437,124100,0.224453,0.18,1,544021,543584,437
136148701,4.81121,6.89093,433,124100,0.276891,0.21,1,544024,543591,433
136151621,10.5622,11.7782,432,124100,0.303378,0.15,1,544036,543604,432
136154541,3.71245,4.75564,431,124100,0.300676,0.17,1,544038,543607,431
136157461,15.1425,12.1511,435,124100,0.236135,0.13,1,544056,543621,435
136160381,4.6285,4.03023,435,124100,0.247227,0.1,1,544058,543623,435
136162001,1.7257,2.40605,434,124100,0.257445,0.29,1,544059,543625,434
136164921,19.5451,8.48121,448,124100,0.171489,0.05,1,544083,543635,448
136167841,12.709,13.6962,444,124100,0.218298,0.33,1,544094,543650,444
136170761,12.1418,14.7392,441,124100,0.25166,0.2,1,544106,543665,441
136173681,66.4284,7.74785,515,124100,0.178332,0.27,1,544186,543671,515
136176601,29.2857,65.5496,455,124100,0.259666,0.33,1,544206,543751,455
136179521,12.2571,29.9099,442,124100,0.267933,0.27,1,544214,543772,442
136182441,4.05143,10.782,438,124100,0.269587,0.26,1,544216,543778,438
136185361,16.0103,3.7564,455,124100,0.165917,0.32,1,544235,543780,455
136188281,4.80206,19.1513,434,124100,0.145183,0.32,1,544237,543803,434
136191121,7.36041,5.43026,440,124100,0.269037,0.3,1,544245,543805,440
136194041,3.07208,5.08605,437,124100,0.293807,0.24,1,544247,543810,437
136196961,17.4144,3.41721,455,124100,0.186761,0.12,1,544268,543813,455
136199881,21.8829,19.0834,455,124100,0.109352,0.23,1,544291,543836,455
136202801,17.1766,23.0167,447,124100,0.17387,0.19,1,544307,543860,447
136205721,9.83532,14.2033,443,124100,0.138774,0.28,1,544315,543872,443
136208641,4.36706,10.8407,436,124100,0.155755,0.28,1,544318,543882,436
136211561,3.27341,3.76813,437,124100,0.255151,0.24,1,544321,543884,437
136213381,1.45468,5.55363,432,124100,0.25903,0.27,1,544322,543890,432
136216301,1.89094,3.51073,431,124100,0.291806,0.27,1,544324,543893,431
136219221,9.97819,0.702145,443,124100,0.266361,0.21,1,544336,543893,443
136222141,3.59564,6.54043,437,124100,0.261272,0.17,1,544338,543901,437
136225061,3.91913,2.90809,439,124100,0.284254,0.21,1,544342,543903,439
136226901,1.58383,3.78162,436,124100,0.272851,0.31,1,544343,543907,436
136229821,1.91677,3.15632,435,124100,0.23857,0.29,1,544345,543910,435
136232741,9.98335,9.43126,436,124100,0.279714,0.29,1,544357,543921,436
136235661,5.19667,8.28625,432,124100,0.223943,0.25,1,544361,543929,432
136238581,7.43933,3.25725,438,124100,0.244789,0.26,1,544369,543931,438
136241501,3.08787,3.85145,436,124100,0.272958,0.25,1,544371,543935,436
136244421,7.01757,11.1703,431,124100,0.238592,0.29,1,544379,543948,431
136247341,3.00351,3.83406,431,124100,0.239718,0.29,1,544381,543950,431
136249781,9.4007,2.36681,440,124100,0.271944,0.18,1,544392,543952,440
136252701,3.48014,7.67336,433,124100,0.254389,0.17,1,544394,543961,433
136255621,11.096,3.13467,444,124100,0.282878,0.21,1,544407,543963,444
136258541,3.81921,7.02693,438,124100,0.272576,0.22,1,544409,543971,438
136261461,18.3638,3.00539,458,124100,0.214515,0.21,1,544431,543973,458
136264381,6.87277,25.4011,431,124100,0.162903,0.25,1,544435,544004,431
136267301,14.9746,8.28022,444,124100,0.208581,0.22,1,544452,544008,444
136270221,6.99491,12.056,436,124100,0.185716,0.29,1,544457,544021,436
136273141,8.59898,4.81121,442,124100,0.301143,0.31,1,544466,544024,442
136276061,3.3198,10.5622,432,124100,0.324229,0.3,1,544468,544036,432
136278981,18.264,3.71245,452,124100,0.336846,0.22,1,544490,544038,452
136281901,5.25279,15.1425,436,124100,0.315369,0.25,1,544492,544056,436
136284721,2.65056,4.6285,436,124100,0.279074,0.15,1,544494,544058,436
136287641,18.1301,20.9257,433,124100,0.207815,0.23,1,544516,544083,433
136290561,14.826,12.9851,436,124100,0.225563,0.26,1,544530,544094,436
136293481,12.5652,12.197,436,124100,0.285113,0.16,1,544542,544106,436
136296401,67.313,66.4394,437,124100,0.289023,0.28,1,544623,544186,437
136299321,27.8626,29.2879,435,124100,0.305805,0.27,1,544641,544206,435
136302241,10.3725,12.2576,433,124100,0.269161,0.27,1,544647,544214,433
136305161,3.6745,4.05152,433,124100,0.237832,0.14,1,544649,544216,433
136308081,18.3349,16.0103,436,124100,0.239566,0.14,1,544671,544235,436
136311001,5.26698,4.80206,436,124100,0.207913,0.3,1,544673,544237,436
136313921,4.2534,7.36041,432,124100,0.201583,0.3,1,544677,544245,432
136316841,2.45068,3.07208,432,124100,0.200317,0.16,1,544679,544247,432
136319761,19.6901,17.4144,435,124100,0.240063,0.09,1,544703,544268,435
136322681,18.338,21.8829,430,124100,0.248013,0.19,1,544721,544291,430
136325601,15.6676,17.1766,429,124100,0.201603,0.13,1,544736,544307,429
136328521,15.1335,9.83532,436,124100,0.208321,0.16,1,544751,544315,436
136331441,4.6267,4.36706,435,124100,0.177664,0.28,1,544753,544318,435
136334361,2.52534,3.27341,434,124100,0.251533,0.26,1,544755,544321,434
136337281,2.10507,1.45468,435,124100,0.266307,0.3,1,544757,544322,435
136338801,1.22101,1.89094,434,124100,0.293261,0.26,1,544758,544324,434
136341721,8.2442,9.97819,432,124100,0.282652,0.26,1,544768,544336,432
136344641,3.24884,1.99564,434,124100,0.25653,0.26,1,544770,544336,434
136347121,3.84977,1.99913,436,124100,0.315306,0.27,1,544774,544338,436
136350041,3.96995,4.39983,435,124100,0.319061,0.23,1,544778,544343,435
136352961,3.99399,2.47997,437,124100,0.311812,0.29,1,544782,544345,437
136355881,8.7988,10.096,435,124100,0.254362,0.21,1,544792,544357,435
136358801,6.55976,5.2192,437,124100,0.298873,0.25,1,544798,544361,437
136361721,6.11195,7.44384,435,124100,0.235775,0.28,1,544804,544369,435
136364641,2.82239,3.08877,435,124100,0.191155,0.23,1,544806,544371,435
136367561,8.56448,7.01775,437,124100,0.190231,0.24,1,544816,544379,437
136370421,4.1129,3.00355,438,124100,0.214046,0.28,1,544819,544381,438
136373341,3.22258,9.40071,430,124100,0.170809,0.25,1,544822,544392,430
136376261,3.84452,3.48014,432,124100,0.234162,0.29,1,544826,544394,432
136379181,11.1689,11.096,432,124100,0.230832,0.27,1,544839,544407,432
136382101,7.83378,3.81921,437,124100,0.310166,0.2,1,544846,544409,437
136385021,15.1668,18.3638,432,124100,0.318033,0.15,1,544863,544431,432
136387941,7.83335,6.87277,434,124100,0.263607,0.22,1,544869,544435,434
136390861,17.5667,14.9746,437,124100,0.276721,0.18,1,544889,544452,437
136393781,8.31333,6.99491,438,124100,0.263344,0.33,1,544895,544457,438
136396701,9.66267,8.59898,439,124100,0.268669,0.33,1,544905,544466,439
136399621,3.53253,3.3198,439,124100,0.269734,0.34,1,544907,544468,439
136402541,13.5065,18.264,433,124100,0.213947,0.31,1,544923,544490,433
136405461,4.3013,5.25279,433,124100,0.210789,0.27,1,544925,544492,433
136407861,8.86026,2.65056,441,124100,0.250158,0.19,1,544935,544494,441
136410781,15.3721,18.1301,436,124100,0.266032,0.23,1,544952,544516,436
136413701,15.8744,14.826,438,124100,0.253206,0.3,1,544968,544530,438
136416621,9.57488,12.5652,434,124100,0.186641,0.29,1,544976,544542,434
136419541,68.315,67.313,436,124100,0.245328,0.31,1,545059,544623,436
136422461,25.663,27.8626,433,124100,0.281066,0.26,1,545074,544641,433
136425381,13.1326,10.3725,437,124100,0.264213,0.23,1,545084,544647,437
136428301,4.22652,3.6745,437,124100,0.252843,0.24,1,545086,544649,437
136431221,19.2453,18.3349,438,124100,0.242569,0.2,1,545109,544671,438
136434141,5.44906,5.26698,438,124100,0.208514,0.2,1,545111,544673,438
136437061,4.28981,4.2534,438,124100,0.233703,0.2,1,545115,544677,438
136438641,1.65796,2.45068,437,124100,0.222741,0.38,1,545116,544679,437
136441561,18.7316,3.69014,456,124100,0.156548,0.25,1,545139,544683,456
136444481,11.7463,16.738,446,124100,0.16731,0.25,1,545149,544703,446
136447401,19.9493,17.7476,450,124100,0.225462,0.19,1,545171,544721,450
136450321,15.9899,15.5495,450,124100,0.189092,0.21,1,545186,544736,450
136453241,4.79797,15.1099,437,124100,0.149818,0.17,1,545188,544751,437
136456161,2.55959,4.62198,437,124100,0.237964,0.27,1,545190,544753,437
136457781,5.31192,2.5244,441,124100,0.255593,0.3,1,545196,544755,441
136460701,3.46238,6.10488,437,124100,0.275119,0.3,1,545199,544762,437
136463621,5.49248,1.22098,443,124100,0.231024,0.28,1,545205,544762,443
136466541,2.6985,5.0442,439,124100,0.206205,0.25,1,545207,544768,439
136469461,3.7397,2.60884,441,124100,0.225241,0.33,1,545211,544770,441
136471301,1.54794,3.72177,438,124100,0.213048,0.36,1,545212,544774,438
136474221,1.90959,5.54435,434,124100,0.18661,0.31,1,545214,544780,434
136477141,8.38192,2.70887,442,124100,0.229322,0.24,1,545224,544782,442
136480061,3.27638,8.54177,434,124100,0.229864,0.31,1,545226,544792,434
136482981,7.85528,6.50835,437,124100,0.205973,0.22,1,545235,544798,437
136485901,3.17106,6.10167,433,124100,0.201195,0.18,1,545237,544804,433
136487941,3.03421,2.82033,434,124100,0.160239,0.19,1,545240,544806,434
136490861,8.60684,8.56407,434,124100,0.224048,0.22,1,545250,544816,434
136493781,3.32137,4.11281,433,124100,0.24481,0.16,1,545252,544819,433
136496261,5.46427,3.22256,436,124100,0.200962,0.27,1,545258,544822,436
136499181,2.69285,4.64451,433,124100,0.152192,0.23,1,545260,544827,433
136502101,10.9386,10.5289,434,124100,0.206438,0.33,1,545273,544839,434
136505021,3.78771,7.70578,429,124100,0.185288,0.32,1,545275,544846,429
136507941,14.3575,15.1412,429,124100,0.229058,0.25,1,545292,544863,429
136510861,11.6715,7.82823,434,124100,0.269812,0.28,1,545303,544869,434
136513781,18.3343,17.5656,434,124100,0.165962,0.26,1,545323,544889,434
136516701,10.0669,8.31313,436,124100,0.153192,0.27,1,545331,544895,436
136519621,10.0134,9.66263,436,124100,0.166638,0.27,1,545341,544905,436
136522541,3.60267,3.53253,436,124100,0.169328,0.2,1,545343,544907,436
136525461,12.7205,13.5065,435,124100,0.225866,0.21,1,545358,544923,435
136528381,4.14411,4.3013,435,124100,0.205173,0.26,1,545360,544925,435
136531301,7.22882,8.86026,433,124100,0.105035,0.27,1,545368,544935,433
136534221,14.2458,15.3721,432,124100,0.173007,0.25,1,545384,544952,432
136537141,12.4492,15.8744,428,124100,0.154601,0.17,1,545396,544968,428
136540061,14.4898,9.57488,435,124100,0.16692,0.26,1,545411,544976,435
136542981,66.098,68.315,431,124100,0.137384,0.29,1,545490,545059,431
136545901,27.6196,25.663,434,124100,0.211477,0.26,1,545508,545074,434
136548821,14.3239,13.1326,435,124100,0.242295,0.25,1,545519,545084,435
136551741,4.46478,4.22652,435,124100,0.248459,0.24,1,545521,545086,435
136554661,15.293,19.2453,430,124100,0.217692,0.2,1,545539,545109,430
136557581,6.25859,5.44906,432,124100,0.203538,0.24,1,545543,545111,432
136559281,7.65172,4.28981,436,124100,0.168708,0.18,1,545551,545115,436
136562201,4.73034,4.85796,435,124100,0.185742,0.14,1,545555,545120,435
136565121,11.3461,16.1716,429,124100,0.245148,0.17,1,545568,545139,429
136568041,8.66921,11.2343,427,124100,0.24903,0.24,1,545576,545149,427
136570961,24.9338,19.8469,434,124100,0.185806,0.18,1,545605,545171,434
136573881,16.9868,15.9694,434,124100,0.237161,0.14,1,545620,545186,434
136576801,4.99735,4.79387,434,124100,0.215432,0.26,1,545622,545188,434
136579461,3.39947,2.55877,435,124100,0.203086,0.26,1,545625,545190,435
136582381,5.47989,5.31176,435,124100,0.320617,0.28,1,545631,545196,435
136585301,5.09598,3.46235,437,124100,0.304123,0.22,1,545636,545199,437
136588221,2.6192,5.49247,433,124100,0.316825,0.2,1,545638,545205,433
136591141,5.32384,2.69849,437,124100,0.271365,0.23,1,545644,545207,437
136594061,2.66477,3.7397,435,124100,0.262273,0.18,1,545646,545211,435
136596721,2.13295,3.14794,434,124100,0.260455,0.25,1,545648,545214,434
136599641,5.22659,5.42959,434,124100,0.236091,0.24,1,545654,545220,434
136602561,2.64532,4.28592,432,124100,0.247218,0.23,1,545656,545224,432
136605481,6.92906,2.45718,438,124100,0.249444,0.2,1,545664,545226,438
136608401,5.38581,7.69144,434,124100,0.265889,0.2,1,545669,545235,434
136610241,3.47716,3.13829,435,124100,0.221178,0.18,1,545672,545237,435
136613161,5.49543,5.42766,435,124100,0.156236,0.24,1,545678,545243,435
136616081,2.69909,6.68553,430,124100,0.295247,0.25,1,545680,545250,430
136619001,8.53982,2.93711,438,124100,0.275049,0.14,1,545690,545252,438
136621921,4.90796,6.98742,434,124100,0.29501,0.22,1,545694,545260,434
136624841,11.3816,11.7975,434,124100,0.283002,0.18,1,545707,545273,434
136627761,3.87632,3.9595,434,124100,0.2726,0.24,1,545709,545275,434
136630681,14.3753,14.3919,434,124100,0.32652,0.28,1,545726,545292,434
136633601,11.6751,11.6784,434,124100,0.217304,0.14,1,545737,545303,434
136636521,14.335,18.3357,429,124100,0.203461,0.15,1,545752,545323,429
136639441,10.867,10.0671,431,124100,0.296692,0.17,1,545762,545331,431
136642361,8.5734,10.0134,429,124100,0.243338,0.17,1,545770,545341,429
136645281,3.31468,3.60269,429,124100,0.232668,0.24,1,545772,545343,429
136648201,10.2629,12.7205,426,124100,0.262534,0.2,1,545784,545358,426
136651121,5.25259,4.14411,428,124100,0.284507,0.08,1,545788,545360,428
136654041,8.25052,7.22882,429,124100,0.248901,0.19,1,545797,545368,429
136656961,13.6501,14.2458,428,124100,0.16978,0.15,1,545812,545384,428
136659881,13.93,12.4492,430,124100,0.257956,0.17,1,545826,545396,430
136662801,13.986,14.4898,429,124100,0.227591,0.13,1,545840,545411,429
136665721,66.7972,66.098,430,124100,0.277518,0.23,1,545920,545490,430
136668641,30.1594,27.6196,433,124100,0.287504,0.25,1,545941,545508,433
136671561,10.8319,14.3239,428,124100,0.313501,0.25,1,545947,545519,428
136674481,5.36638,4.46478,430,124100,0.3027,0.21,1,545951,545521,430
136677401,15.4733,15.293,430,124100,0.30054,0.2,1,545969,545539,430
136680321,4.69466,6.25859,428,124100,0.308108,0.16,1,545971,545543,428
136683241,7.33893,7.65172,428,124100,0.277622,0.19,1,545979,545551,428
136686161,4.66779,4.73034,428,124100,0.327524,0.26,1,545983,545555,428
136689081,14.5336,11.3461,432,124100,0.257505,0.25,1,546000,545568,432
136692001,10.9067,8.66921,434,124100,0.275501,0.17,1,546010,545576,434
136694921,24.5813,24.9338,433,124100,0.2391,0.25,1,546038,545605,433
136697841,20.1163,16.9868,437,124100,0.30382,0.21,1,546057,545620,437
136700761,5.62325,4.99735,437,124100,0.340764,0.2,1,546059,545622,437
136703221,4.32465,3.39947,438,124100,0.292153,0.35,1,546063,545625,438
136706141,4.06493,5.47989,436,124100,0.250431,0.3,1,546067,545631,436
136709061,4.01299,5.09598,435,124100,0.242086,0.32,1,546071,545636,435
136711541,5.6026,2.6192,439,124100,0.328417,0.26,1,546077,545638,439
136714461,2.72052,5.32384,435,124100,0.393683,0.26,1,546079,545644,435
136717381,2.1441,2.66477,435,124100,0.374737,0.26,1,546081,545646,435
136719861,4.42882,2.13295,438,124100,0.354947,0.23,1,546086,545648,438
136722781,3.28576,5.22659,435,124100,0.318989,0.25,1,546089,545654,435
136725701,2.25715,2.64532,435,124100,0.319798,0.25,1,546091,545656,435
136728621,3.65143,6.92906,431,124100,0.33596,0.27,1,546095,545664,431
136731541,3.93029,5.38581,430,124100,0.339192,0.21,1,546099,545669,430
136734461,10.3861,3.47716,439,124100,0.291838,0.14,1,546111,545672,439
136737381,5.27721,5.49543,437,124100,0.322368,0.33,1,546115,545678,437
136740301,5.05544,2.69909,440,124100,0.288474,0.27,1,546120,545680,440
136743221,7.41109,8.53982,438,124100,0.305695,0.3,1,546128,545690,438
136746141,8.68222,4.90796,443,124100,0.325139,0.28,1,546137,545694,443
136749061,8.13644,11.3816,438,124100,0.305028,0.27,1,546145,545707,438
136751981,9.62729,3.87632,446,124100,0.237006,0.34,1,546155,545709,446
136754901,10.7255,14.3753,440,124100,0.359401,0.19,1,546166,545726,440
136757821,20.5451,11.6751,452,124100,0.26388,0.2,1,546189,545737,452
136760741,8.90902,14.335,443,124100,0.332776,0.32,1,546195,545752,443
136763661,9.7818,10.867,443,124100,0.330555,0.23,1,546205,545762,443
136766581,3.55636,8.5734,437,124100,0.330111,0.23,1,546207,545770,437
136769501,9.51127,3.31468,446,124100,0.298022,0.27,1,546218,545772,446
136772421,5.10225,10.2629,438,124100,0.291604,0.29,1,546222,545784,438
136775341,4.22045,5.25259,438,124100,0.298321,0.24,1,546226,545788,438
136778261,12.8441,8.25052,444,124100,0.331664,0.15,1,546241,545797,444
136781181,18.5688,13.6501,449,124100,0.314333,0.28,1,546261,545812,449
136784101,14.9138,13.93,449,124100,0.270867,0.22,1,546275,545826,449
136787021,69.3828,13.986,518,124100,0.310173,0.29,1,546358,545840,518
136789941,29.8765,66.7972,458,124100,0.302035,0.29,1,546378,545920,458
136792861,11.5753,30.1594,444,124100,0.316407,0.32,1,546385,545941,444
136795781,3.91506,10.8319,440,124100,0.359281,0.3,1,546387,545947,440
136798701,13.583,5.36638,452,124100,0.335856,0.3,1,546403,545951,452
136801621,7.5166,15.4733,440,124100,0.331171,0.31,1,546409,545969,440
136804541,7.90332,4.69466,446,124100,0.330234,0.27,1,546417,545971,446
136807461,4.78066,7.33893,442,124100,0.306047,0.34,1,546421,545979,442
136810381,11.3561,4.66779,451,124100,0.341209,0.24,1,546434,545983,451
136813301,7.87123,14.5336,441,124100,0.276242,0.28,1,546441,546000,441
136816221,24.7742,10.9067,460,124100,0.239248,0.23,1,546470,546010,460
136819141,20.9548,24.5813,452,124100,0.19985,0.32,1,546490,546038,452
136822061,5.79097,20.1163,435,124100,0.16797,0.35,1,546492,546057,435
136824981,9.15819,5.62325,443,124100,0.265594,0.28,1,546502,546059,443
136826981,4.23164,4.32465,442,124100,0.277119,0.24,1,546505,546063,442
136829901,2.44633,4.06493,440,124100,0.287424,0.24,1,546507,546067,440
136832821,3.68927,4.01299,440,124100,0.225485,0.35,1,546511,546071,440
136835741,3.93785,5.6026,438,124100,0.317097,0.41,1,546515,546077,438
136838661,2.38757,2.72052,438,124100,0.343419,0.37,1,546517,546079,438
136841581,6.07751,2.1441,443,124100,0.340684,0.35,1,546524,546081,443
136844501,3.6155,4.42882,441,124100,0.364137,0.31,1,546527,546086,441
136846741,2.3231,3.28576,440,124100,0.360827,0.32,1,546529,546089,440
136849661,2.06462,2.25715,440,124100,0.328165,0.34,1,546531,546091,440
136852581,2.01292,3.65143,438,124100,0.321633,0.34,1,546533,546095,438
136855061,8.40258,3.93029,444,124100,0.328327,0.28,1,546543,546099,444
136857981,4.88052,10.3861,436,124100,0.297665,0.33,1,546547,546111,436
136860901,2.5761,5.27721,434,124100,0.259533,0.28,1,546549,546115,434
136863821,7.71522,5.05544,438,124100,0.315907,0.31,1,546558,546120,438
136866741,7.94304,7.41109,438,124100,0.255181,0.33,1,546566,546128,438
136869661,6.38861,8.68222,435,124100,0.275036,0.3,1,546572,546137,435
136872581,6.07772,8.13644,433,124100,0.255007,0.22,1,546578,546145,433
136875501,14.8155,9.62729,440,124100,0.267001,0.39,1,546595,546155,440
136878421,6.16311,10.7255,433,124100,0.2614,0.24,1,546599,546166,433
136881341,20.4326,20.5451,434,124100,0.29228,0.35,1,546623,546189,434
136884261,12.0865,8.90902,438,124100,0.226456,0.33,1,546633,546195,438
136887181,8.8173,9.7818,436,124100,0.277291,0.33,1,546641,546205,436
136890101,3.36346,3.55636,436,124100,0.255458,0.29,1,546643,546207,436
136892501,13.4727,9.51127,441,124100,0.275092,0.29,1,546659,546218,441
136895421,4.29454,5.10225,439,124100,0.279018,0.3,1,546661,546222,439
136898341,4.05891,4.22045,439,124100,0.327804,0.34,1,546665,546226,439
136901261,14.4118,12.8441,441,124100,0.273561,0.31,1,546682,546241,441
136904181,14.0824,18.5688,435,124100,0.286712,0.26,1,546696,546261,435
136907101,14.0165,14.9138,435,124100,0.313342,0.32,1,546710,546275,435
136910021,70.8033,69.3828,437,124100,0.262668,0.3,1,546795,546358,437
136912941,32.5607,29.8765,440,124100,0.292534,0.32,1,546818,546378,440
136915861,11.3121,11.5753,439,124100,0.282507,0.37,1,546824,546385,439
136918781,5.46243,3.91506,441,124100,0.256501,0.33,1,546828,546387,441
136921701,12.2925,13.583,439,124100,0.2673,0.33,1,546842,546403,439
136924621,5.6585,7.5166,437,124100,0.27746,0.33,1,546846,546409,437
136927541,9.9317,7.90332,440,124100,0.295492,0.3,1,546857,546417,440
136930461,5.18634,4.78066,440,124100,0.275098,0.35,1,546861,546421,440
136933381,5.83727,11.3561,433,124100,0.21502,0.26,1,546867,546434,433
136936301,11.5675,7.87123,439,124100,0.283004,0.23,1,546880,546441,439
136939221,24.7135,24.7742,438,124100,0.232601,0.19,1,546908,546470,438
136942141,20.1427,20.9548,437,124100,0.19852,0.16,1,546927,546490,437
136945061,5.62854,5.79097,437,124100,0.303704,0.29,1,546929,546492,437
136947981,9.92571,9.15819,438,124100,0.268741,0.28,1,546940,546502,438
136950901,5.18514,4.23164,439,124100,0.189748,0.29,1,546944,546505,439
136952401,1.83703,2.44633,438,124100,0.21395,0.34,1,546945,546507,438
136955321,5.16741,6.88927,436,124100,0.24279,0.34,1,546951,546515,436
136958241,2.63348,1.37785,438,124100,0.248558,0.34,1,546953,546515,438
136961161,2.1267,0.275571,440,124100,0.305712,0.35,1,546955,546515,440
136964081,6.02534,1.65511,445,124100,0.325142,0.34,1,546962,546517,445
136967001,3.60507,5.93102,441,124100,0.313028,0.37,1,546965,546524,441
136969041,2.32101,3.5862,440,124100,0.310606,0.34,1,546967,546527,440
136971961,2.0642,3.11724,439,124100,0.310121,0.32,1,546969,546530,439
136974881,2.01284,1.42345,440,124100,0.270024,0.32,1,546971,546531,440
136977801,6.80257,1.88469,446,124100,0.286005,0.29,1,546979,546533,446
136980721,6.16051,11.5769,438,124100,0.225201,0.25,1,546985,546547,438
136983601,2.8321,3.91539,438,124100,0.20504,0.33,1,546987,546549,438
136986521,8.56642,7.98308,439,124100,0.257008,0.24,1,546997,546558,439
136989441,4.91328,7.99662,435,124100,0.275402,0.28,1,547001,546566,435
136992361,5.78266,6.39932,435,124100,0.22308,0.25,1,547007,546572,435
136995281,5.95653,6.07986,435,124100,0.292616,0.27,1,547013,546578,435
136998201,17.9913,14.816,439,124100,0.226523,0.26,1,547034,546595,439
137001121,6.79826,6.16319,439,124100,0.189305,0.3,1,547038,546599,439
137004041,15.7597,20.4326,433,124100,0.245861,0.21,1,547056,546623,433
137006961,11.9519,12.0865,434,124100,0.225172,0.29,1,547067,546633,434
137009881,12.7904,8.81731,439,124100,0.261034,0.25,1,547080,546641,439
137012801,4.15808,3.36346,439,124100,0.236207,0.28,1,547082,546643,439
137015721,10.4316,13.4727,435,124100,0.287241,0.28,1,547094,546659,435
137018641,3.68632,4.29454,435,124100,0.297448,0.34,1,547096,546661,435
137021041,3.93726,4.05891,435,124100,0.29949,0.26,1,547100,546665,435
137023961,11.9875,14.4118,432,124100,0.275898,0.29,1,547114,546682,432
137026881,15.9975,14.0824,435,124100,0.17518,0.32,1,547131,546696,435
137029801,13.5995,14.0165,434,124100,0.179036,0.25,1,547144,546710,434
137032721,73.1199,70.8033,437,124100,0.155807,0.3,1,547232,546795,437
137035641,30.624,32.5607,434,124100,0.247161,0.28,1,547252,546818,434
137038561,14.1248,11.3121,438,124100,0.313432,0.25,1,547262,546824,438
137041481,4.42496,5.46243,436,124100,0.326686,0.27,1,547264,546828,436
137044401,13.685,12.2925,438,124100,0.305337,0.28,1,547280,546842,438
137047321,4.337,5.6585,436,124100,0.301067,0.3,1,547282,546846,436
137050241,6.4674,9.9317,432,124100,0.324213,0.27,1,547289,546857,432
137053161,4.49348,5.18634,432,124100,0.328843,0.2,1,547293,546861,432
137056081,10.4987,5.83727,438,124100,0.305769,0.3,1,547305,546867,438
137059001,12.4997,11.5675,438,124100,0.325154,0.22,1,547318,546880,438
137061921,23.2999,24.7135,436,124100,0.369031,0.19,1,547344,546908,436
137064841,18.26,20.1427,434,124100,0.233806,0.33,1,547361,546927,434
137067761,5.252,5.62854,434,124100,0.206761,0.26,1,547363,546929,434
137070681,9.0504,9.92571,433,124100,0.281352,0.17,1,547373,546940,433
137073601,6.61008,5.18514,435,124100,0.26427,0.22,1,547379,546944,435
137075121,3.72202,1.83703,437,124100,0.252854,0.25,1,547382,546945,437
137078041,5.5444,5.16741,437,124100,0.314571,0.25,1,547388,546951,437
137080961,2.70888,2.63348,437,124100,0.318914,0.32,1,547390,546953,437
137083441,2.14178,2.1267,437,124100,0.287783,0.33,1,547392,546955,437
137086361,6.82836,7.62534,436,124100,0.345557,0.33,1,547400,546964,436
137089281,2.96567,1.52507,438,124100,0.357111,0.31,1,547402,546964,438
137092201,2.19313,1.10501,439,124100,0.359422,0.31,1,547404,546965,439
137094881,2.03863,3.421,437,124100,0.367884,0.31,1,547406,546969,437
137097801,3.60773,7.8842,432,124100,0.337577,0.29,1,547410,546978,432
137100721,2.32155,2.37684,433,124100,0.331515,0.21,1,547412,546979,433
137103641,6.86431,5.27537,435,124100,0.322303,0.2,1,547420,546985,435
137106561,2.97286,2.65507,435,124100,0.344461,0.27,1,547422,546987,435
137109481,5.39457,8.53101,431,124100,0.316892,0.28,1,547428,546997,431
137112401,2.67891,4.9062,429,124100,0.343378,0.21,1,547430,547001,429
137115321,10.9358,5.78124,436,124100,0.300676,0.31,1,547443,547007,436
137118241,5.38716,5.95625,434,124100,0.252135,0.21,1,547447,547013,434
137121161,13.8774,17.9913,429,124100,0.314427,0.18,1,547463,547034,429
137124081,5.97549,6.79825,429,124100,0.350885,0.26,1,547467,547038,429
137127001,17.9951,15.7597,432,124100,0.246177,0.22,1,547488,547056,432
137129921,15.599,11.9519,436,124100,0.233235,0.27,1,547503,547067,436
137132841,9.5198,12.7904,431,124100,0.246647,0.23,1,547511,547080,431
137135761,7.50396,4.15808,436,124100,0.249329,0.3,1,547518,547082,436
137138681,7.90079,10.4316,432,124100,0.257866,0.3,1,547526,547094,432
137141601,6.38016,3.68632,436,124100,0.347573,0.3,1,547532,547096,436
137143761,4.47603,3.93726,436,124100,0.365515,0.27,1,547536,547100,436
137146681,8.89521,11.9875,432,124100,0.321103,0.15,1,547546,547114,432
137149601,14.579,15.9975,431,124100,0.224221,0.18,1,547562,547131,431
137152521,13.3158,13.5995,431,124100,0.292844,0.15,1,547575,547144,431
137155441,73.0632,73.1199,431,124100,0.274569,0.27,1,547663,547232,431
137158361,37.0126,30.624,439,124100,0.278914,0.33,1,547691,547252,439
137161281,12.2025,14.1248,435,124100,0.247783,0.33,1,547697,547262,435
137164201,4.04051,4.42496,435,124100,0.249557,0.3,1,547699,547264,435
137167121,16.0081,13.685,438,124100,0.241911,0.3,1,547718,547280,438
137170041,4.80162,4.337,438,124100,0.296382,0.33,1,547720,547282,438
137172961,4.16032,6.4674,435,124100,0.275276,0.33,1,547724,547289,435
137175881,4.03206,4.49348,435,124100,0.303055,0.3,1,547728,547293,435
137178801,7.20641,10.4987,431,124100,0.292611,0.33,1,547736,547305,431
137181721,11.8413,12.4997,431,124100,0.266522,0.38,1,547749,547318,431
137184641,24.7683,23.2999,433,124100,0.181304,0.2,1,547777,547344,433
137187561,18.5537,18.26,433,124100,0.236261,0.2,1,547794,547361,433
137190481,8.51073,5.252,437,124100,0.191252,0.3,1,547800,547363,437
137193401,9.70215,9.0504,437,124100,0.23825,0.26,1,547810,547373,437
137196321,7.54043,6.61008,438,124100,0.20765,0.25,1,547817,547379,438
137199241,9.50809,3.72202,445,124100,0.23353,0.33,1,547827,547382,445
137200961,2.70162,5.5444,440,124100,0.254706,0.32,1,547828,547388,440
137203881,2.14032,2.70888,440,124100,0.226941,0.28,1,547830,547390,440
137206801,2.02806,2.14178,440,124100,0.189388,0.36,1,547832,547392,440
137209721,5.20561,6.82836,438,124100,0.253878,0.36,1,547838,547400,438
137212641,4.24112,2.96567,440,124100,0.266776,0.36,1,547842,547402,440
137215561,2.44822,2.19313,440,124100,0.237355,0.37,1,547844,547404,440
137218481,2.08964,2.03863,440,124100,0.295471,0.33,1,547846,547406,440
137221401,3.61793,3.60773,440,124100,0.283094,0.33,1,547850,547410,440
137224321,2.32359,2.32155,440,124100,0.248619,0.32,1,547852,547412,440
137227241,6.86472,6.86431,440,124100,0.209724,0.35,1,547860,547420,440
137230161,2.97294,2.97286,440,124100,0.201945,0.31,1,547862,547422,440
137232581,3.79459,5.39457,438,124100,0.240389,0.36,1,547866,547428,438
137235501,2.35892,3.47891,437,124100,0.208078,0.29,1,547868,547431,437
137238421,12.4718,10.2958,440,124100,0.225616,0.24,1,547883,547443,440
137241341,5.69436,5.25916,440,124100,0.197123,0.33,1,547887,547447,440
137244261,10.7389,13.8518,436,124100,0.271425,0.36,1,547899,547463,436
137247181,8.54777,5.97037,440,124100,0.214285,0.22,1,547907,547467,440
137250101,15.3096,17.9941,436,124100,0.218857,0.23,1,547924,547488,436
137253021,11.8619,15.5988,432,124100,0.195771,0.25,1,547935,547503,432
137255941,12.7724,9.51976,437,124100,0.151154,0.25,1,547948,547511,437
137258861,4.15448,7.50395,432,124100,0.270231,0.26,1,547950,547518,432
137261781,12.8309,7.90079,439,124100,0.262046,0.37,1,547965,547526,439
137264701,5.76618,6.38016,437,124100,0.284409,0.37,1,547969,547532,437
137267621,4.35324,4.47603,437,124100,0.288882,0.31,1,547973,547536,437
137270541,7.27065,8.89521,435,124100,0.241776,0.2,1,547981,547546,435
137273461,16.6541,14.579,438,124100,0.208355,0.31,1,548000,547562,438
137276381,9.73083,13.3158,433,124100,0.161671,0.27,1,548008,547575,433
137279301,69.9462,73.0632,430,124100,0.208334,0.28,1,548093,547663,430
137282221,39.5892,37.0126,434,124100,0.265667,0.24,1,548125,547691,434
137285141,12.7178,12.2025,434,124100,0.261133,0.25,1,548131,547697,434
137288061,6.54357,4.04051,437,124100,0.276227,0.24,1,548136,547699,437
137290981,17.3087,16.0081,438,124100,0.223245,0.31,1,548156,547718,438
137293901,5.06174,4.80162,438,124100,0.212649,0.27,1,548158,547720,438
137296021,6.61235,4.16032,441,124100,0.23453,0.35,1,548165,547724,441
137298941,3.72247,7.23206,436,124100,0.278906,0.29,1,548168,547732,436
137301861,3.94449,4.64641,436,124100,0.287781,0.26,1,548172,547736,436
137304781,11.1889,11.3293,436,124100,0.249556,0.16,1,548185,547749,436
137307701,23.8378,24.6659,435,124100,0.177911,0.25,1,548212,547777,435
137310621,13.5676,18.5332,429,124100,0.267582,0.18,1,548223,547794,429
137313541,11.5135,8.50663,434,124100,0.317516,0.25,1,548234,547800,434
137316461,11.9027,9.70133,436,124100,0.271503,0.2,1,548246,547810,436
137319381,7.18054,7.54027,435,124100,0.198301,0.24,1,548252,547817,435
137322301,9.43611,9.50805,435,124100,0.24766,0.26,1,548262,547827,435
137325221,3.48722,2.70161,436,124100,0.257532,0.22,1,548264,547828,436
137326801,1.49744,2.14032,435,124100,0.243506,0.26,1,548265,547830,435
137329721,3.49949,3.62806,435,124100,0.248701,0.27,1,548269,547834,435
137332641,3.8999,3.92561,435,124100,0.29774,0.27,1,548273,547838,435
137335561,2.37998,3.98512,433,124100,0.307548,0.23,1,548275,547842,433
137337201,1.276,2.39702,432,124100,0.31751,0.31,1,548276,547844,432
137340121,1.8552,2.0794,432,124100,0.287502,0.31,1,548278,547846,432
137343041,1.97104,0.415881,434,124100,0.2895,0.28,1,548280,547846,434
137345961,2.79421,3.28318,433,124100,0.3059,0.24,1,548283,547850,433
137348881,5.35884,2.25664,437,124100,0.30118,0.2,1,548289,547852,437
137351801,2.67177,6.85133,431,124100,0.276236,0.2,1,548291,547860,431
137354721,6.93435,2.97027,437,124100,0.263247,0.25,1,548299,547862,437
137356341,2.98687,3.79405,435,124100,0.260649,0.2,1,548301,547866,435
137359261,2.99737,5.55881,432,124100,0.28413,0.23,1,548304,547872,432
137362181,3.79947,9.91176,425,124100,0.240826,0.19,1,548308,547883,425
137365101,11.1599,5.18235,434,124100,0.280165,0.29,1,548321,547887,434
137368021,10.232,10.6365,432,124100,0.296033,0.2,1,548331,547899,432
137370941,6.8464,8.52729,430,124100,0.347207,0.22,1,548337,547907,430
137373861,15.7693,15.3055,431,124100,0.277441,0.19,1,548355,547924,431
137376781,9.55386,11.8611,428,124100,0.255488,0.14,1,548363,547935,428
137379701,12.3108,12.7722,428,124100,0.259098,0.3,1,548376,547948,428
137382621,4.06215,4.15444,428,124100,0.29982,0.26,1,548378,547950,428
137385541,19.2124,12.8309,436,124100,0.243964,0.29,1,548401,547965,436
137388461,5.44249,5.76618,434,124100,0.256793,0.29,1,548403,547969,434
137391381,4.2885,4.35324,434,124100,0.251359,0.23,1,548407,547973,434
137394301,7.2577,7.27065,434,124100,0.274272,0.2,1,548415,547981,434
137397221,15.0515,16.6541,432,124100,0.238854,0.15,1,548432,548000,432
137400141,11.8103,9.73083,435,124100,0.247771,0.22,1,548443,548008,435
137403061,71.1621,69.9462,436,124100,0.313554,0.28,1,548529,548093,436
137405981,39.0324,39.5892,435,124100,0.270711,0.26,1,548560,548125,435
137408901,12.6065,12.7178,435,124100,0.270142,0.28,1,548566,548131,435
137411821,5.7213,6.54357,434,124100,0.278028,0.21,1,548570,548136,434
137414741,17.1443,17.3087,434,124100,0.303606,0.21,1,548590,548156,434
137417661,6.62885,5.06174,436,124100,0.284721,0.24,1,548594,548158,436
137420581,7.72577,6.61235,437,124100,0.320944,0.29,1,548602,548165,437
137423501,4.74515,3.72247,438,124100,0.352189,0.29,1,548606,548168,438
137426021,10.549,3.94449,446,124100,0.374438,0.24,1,548618,548172,446
137428941,24.5098,11.1889,461,124100,0.218888,0.16,1,548646,548185,461
137431861,15.302,23.8378,447,124100,0.219778,0.29,1,548659,548212,447
137434781,10.2604,13.5676,445,124100,0.283955,0.33,1,548668,548223,445
137437701,12.4521,11.5135,447,124100,0.264791,0.26,1,548681,548234,447
137440621,5.69042,11.9027,439,124100,0.260958,0.18,1,548685,548246,439
137443541,9.13808,7.18054,443,124100,0.260192,0.26,1,548695,548252,443
137446461,5.82762,9.43611,438,124100,0.284038,0.26,1,548700,548262,438
137449381,2.76552,3.48722,438,124100,0.288808,0.24,1,548702,548264,438
137450981,3.7531,1.49744,441,124100,0.297762,0.27,1,548706,548265,441
137453901,3.15062,4.29949,439,124100,0.251552,0.31,1,548709,548270,439
137456821,2.23012,3.2599,438,124100,0.32231,0.31,1,548711,548273,438
137459741,2.04602,2.25198,438,124100,0.336462,0.32,1,548713,548275,438
137461381,1.2092,1.2504,438,124100,0.315292,0.31,1,548714,548276,438
137464301,1.84184,5.85008,433,124100,0.319059,0.31,1,548716,548283,433
137467221,1.96837,1.17002,435,124100,0.391812,0.31,1,548718,548283,435
137470141,3.59367,0.234003,439,124100,0.414362,0.3,1,548722,548283,439
137473061,2.31873,4.8468,435,124100,0.418872,0.27,1,548724,548289,435
137474901,4.46375,2.56936,438,124100,0.339775,0.26,1,548729,548291,438
137477821,5.69275,6.91387,436,124100,0.387955,0.26,1,548735,548299,436
137480741,4.33855,2.98277,438,124100,0.373591,0.29,1,548739,548301,438
137482801,2.46771,2.99655,437,124100,0.346718,0.32,1,548741,548304,437
137485721,3.69354,5.39931,435,124100,0.317344,0.29,1,548745,548310,435
137488641,11.1387,9.87986,437,124100,0.351469,0.3,1,548758,548321,437
137491561,10.2277,9.97597,437,124100,0.254294,0.36,1,548768,548331,437
137494481,5.24555,6.79519,435,124100,0.234859,0.26,1,548772,548337,435
137497401,13.8491,15.759,433,124100,0.366972,0.25,1,548788,548355,433
137500321,9.96982,9.55181,434,124100,0.313394,0.26,1,548797,548363,434
137503241,8.39396,12.3104,429,124100,0.302679,0.31,1,548805,548376,429
137506161,3.27879,4.06207,429,124100,0.340536,0.23,1,548807,548378,429
137509081,20.6558,19.2124,431,124100,0.220107,0.26,1,548832,548401,431
137512001,10.5312,5.44248,437,124100,0.340021,0.25,1,548840,548403,437
137514421,10.1062,4.2885,443,124100,0.332004,0.28,1,548850,548407,443
137517341,3.62125,7.2577,437,124100,0.330401,0.23,1,548852,548415,437
137520261,11.9242,15.0515,434,124100,0.34608,0.25,1,548866,548432,434
137523181,14.3848,11.8103,438,124100,0.341216,0.33,1,548881,548443,438
137526101,70.077,71.1621,436,124100,0.300243,0.26,1,548965,548529,436
137529021,40.4154,39.0324,438,124100,0.204049,0.27,1,548998,548560,438
137531941,14.4831,12.6065,440,124100,0.27281,0.28,1,549006,548566,440
137534861,6.09662,5.7213,440,124100,0.254562,0.31,1,549010,548570,440
137537781,16.4193,17.1443,439,124100,0.330912,0.28,1,549029,548590,439
137540701,4.88386,6.62885,437,124100,0.314182,0.33,1,549031,548594,437
137543621,10.5768,7.72577,441,124100,0.342836,0.36,1,549043,548602,441
137546541,5.31535,4.74515,441,124100,0.292567,0.38,1,549047,548606,441
137549461,9.06307,10.549,439,124100,0.338513,0.18,1,549057,548618,439
137552381,20.2126,24.5098,434,124100,0.243703,0.22,1,549080,548646,434
137555301,16.0425,15.302,436,124100,0.320741,0.3,1,549095,548659,436
137558221,8.0085,10.2604,433,124100,0.280148,0.26,1,549101,548668,433
137561141,14.4017,12.4521,436,124100,0.28803,0.26,1,549117,548681,436
137564061,7.68034,5.69042,438,124100,0.297606,0.26,1,549123,548685,438
137566981,7.93607,9.13808,436,124100,0.267521,0.29,1,549131,548695,436
137569901,4.78721,5.82762,435,124100,0.309504,0.29,1,549135,548700,435
137572821,4.15744,2.76552,437,124100,0.285901,0.3,1,549139,548702,437
137575741,8.83149,3.7531,443,124100,0.29718,0.24,1,549149,548706,443
137577441,2.5663,3.15062,441,124100,0.299436,0.34,1,549150,548709,441
137580361,2.11326,2.23012,441,124100,0.291887,0.34,1,549152,548711,441
137583281,2.02265,2.04602,441,124100,0.258377,0.31,1,549154,548713,441
137586181,2.00453,1.2092,442,124100,0.235675,0.44,1,549156,548714,442
137589101,2.00091,4.24184,439,124100,0.231135,0.44,1,549158,548719,439
137592021,3.60018,0.848368,443,124100,0.334227,0.42,1,549162,548719,443
137594941,2.32004,2.56967,442,124100,0.346845,0.42,1,549164,548722,442
137597861,3.66401,2.11393,444,124100,0.341369,0.4,1,549168,548724,444
137600781,4.7328,9.22279,438,124100,0.364274,0.37,1,549173,548735,438
137603701,4.14656,5.04456,438,124100,0.336855,0.34,1,549177,548739,438
137606621,2.42931,2.60891,438,124100,0.323371,0.31,1,549179,548741,438
137608641,6.08586,3.72178,441,124100,0.336674,0.36,1,549186,548745,441
137611561,6.01717,11.1444,434,124100,0.307335,0.23,1,549192,548758,434
137614481,15.6034,10.2289,442,124100,0.325467,0.23,1,549210,548768,442
137617401,6.32069,5.24577,442,124100,0.313093,0.4,1,549214,548772,442
137620321,12.4641,13.8492,440,124100,0.310619,0.3,1,549228,548788,440
137623241,9.69283,9.96983,440,124100,0.294124,0.3,1,549237,548797,440
137626161,8.33857,8.39397,440,124100,0.298825,0.35,1,549245,548805,440
137629081,3.26771,3.27879,440,124100,0.267765,0.19,1,549247,548807,440
137632001,22.2535,20.6558,442,124100,0.277553,0.37,1,549274,548832,442
137634921,7.65071,10.5312,438,124100,0.311511,0.33,1,549278,548840,438
137637841,11.1301,10.1062,440,124100,0.278302,0.33,1,549290,548850,440
137640761,3.82603,3.62125,440,124100,0.29566,0.35,1,549292,548852,440
137643681,11.1652,11.9242,439,124100,0.379132,0.34,1,549305,548866,439
137646601,10.233,14.3848,434,124100,0.339826,0.29,1,549315,548881,434
137649521,73.2466,70.077,439,124100,0.411965,0.18,1,549404,548965,439
137652441,37.8493,40.4154,435,124100,0.362393,0.29,1,549433,548998,435
137655361,17.1699,14.4831,439,124100,0.440479,0.25,1,549445,549006,439
137658281,5.03397,6.09662,437,124100,0.432096,0.35,1,549447,549010,437
137661201,17.0068,16.4193,438,124100,0.446419,0.31,1,549467,549029,438
137664121,6.60136,4.88386,440,124100,0.417284,0.35,1,549471,549031,440
137667041,10.9203,10.5768,440,124100,0.443457,0.28,1,549483,549043,440
137669961,5.38405,5.31535,440,124100,0.448691,0.35,1,549487,549047,440
137672881,5.87681,9.06307,436,124100,0.393738,0.22,1,549493,549057,436
137675801,14.7754,20.2126,430,124100,0.430748,0.34,1,549510,549080,430
137678721,21.3551,16.0425,438,124100,0.31015,0.27,1,549533,549095,438
137681641,5.87101,8.0085,434,124100,0.29403,0.29,1,549535,549101,434
137684561,15.5742,14.4017,436,124100,0.418806,0.3,1,549553,549117,436
137687481,7.91484,7.68034,436,124100,0.363761,0.26,1,549559,549123,436
137690401,11.183,7.93607,440,124100,0.368752,0.32,1,549571,549131,440
137693321,3.83659,4.78721,438,124100,0.40175,0.28,1,549573,549135,438
137694961,1.56732,4.15744,435,124100,0.42435,0.35,1,549574,549139,435
137697881,5.91346,4.83149,437,124100,0.35687,0.3,1,549581,549144,437
137700801,5.98269,4.9663,438,124100,0.455374,0.29,1,549587,549149,438
137703281,5.19654,3.39326,440,124100,0.459075,0.25,1,549592,549152,440
137706201,2.63931,4.67865,437,124100,0.427815,0.25,1,549594,549157,437
137709121,2.12786,0.93573,439,124100,0.397563,0.23,1,549596,549157,439
137712041,2.02557,0.987146,440,124100,0.391513,0.36,1,549598,549158,440
137714961,3.60511,3.39743,440,124100,0.382303,0.35,1,549602,549162,440
137716801,1.52102,2.27949,439,124100,0.452461,0.38,1,549603,549164,439
137719721,3.5042,6.8559,435,124100,0.466492,0.38,1,549607,549172,435
137722641,2.30084,1.37118,437,124100,0.437298,0.37,1,549609,549172,437
137725561,3.66017,1.07424,440,124100,0.48746,0.33,1,549613,549173,440
137728241,2.33203,3.41485,438,124100,0.481492,0.34,1,549615,549177,438
137731161,6.86641,9.48297,435,124100,0.448298,0.34,1,549623,549188,435
137734081,2.97328,1.89659,437,124100,0.47366,0.3,1,549625,549188,437
137737001,18.1947,3.57932,455,124100,0.430732,0.33,1,549647,549192,455
137739921,6.83893,15.1159,441,124100,0.390146,0.31,1,549651,549210,441
137742841,10.9678,6.22317,449,124100,0.446029,0.31,1,549663,549214,449
137745761,8.59356,12.4446,443,124100,0.425206,0.29,1,549671,549228,443
137748681,11.3187,9.68893,446,124100,0.453041,0.3,1,549683,549237,446
137751601,4.66374,8.33779,441,124100,0.450608,0.26,1,549686,549245,441
137754521,20.9327,3.26756,464,124100,0.298122,0.28,1,549711,549247,464
137757441,5.78655,22.2535,439,124100,0.363624,0.32,1,549713,549274,439
137760361,15.5573,7.6507,453,124100,0.424725,0.27,1,549731,549278,453
137763281,4.71146,11.1301,443,124100,0.412945,0.3,1,549733,549290,443
137766201,9.74229,3.82603,452,124100,0.426589,0.4,1,549744,549292,452
137769121,7.54846,11.1652,446,124100,0.373318,0.33,1,549751,549305,446
137772041,78.3097,10.233,532,124100,0.394664,0.43,1,549847,549315,532
137774961,39.6619,73.2466,473,124100,0.294933,0.35,1,549877,549404,473
137777881,17.5324,37.8493,456,124100,0.274987,0.46,1,549889,549433,456
137780801,5.10648,17.1699,446,124100,0.342997,0.43,1,549891,549445,446
137783721,17.8213,5.03397,465,124100,0.356599,0.45,1,549912,549447,465
137786641,5.16426,17.0068,447,124100,0.36732,0.41,1,549914,549467,447
137789561,9.03285,6.60136,453,124100,0.321464,0.45,1,549924,549471,453
137792481,5.80657,10.9203,446,124100,0.288293,0.45,1,549929,549483,446
137794801,8.36131,5.38405,451,124100,0.345659,0.5,1,549938,549487,451
137797721,14.4723,9.07681,457,124100,0.341132,0.44,1,549954,549497,457
137800641,18.8945,12.2154,464,124100,0.276226,0.28,1,549974,549510,464
137803561,8.57889,20.8431,447,124100,0.271245,0.29,1,549980,549533,447
137806481,13.7158,5.76861,460,124100,0.238249,0.45,1,549995,549535,460
137809401,6.74316,15.5537,447,124100,0.20765,0.35,1,550000,549553,447
137812321,9.34863,7.91074,451,124100,0.30553,0.37,1,550010,549559,451
137815241,3.46973,11.1821,441,124100,0.325106,0.41,1,550012,549571,441
137817681,2.29395,3.83643,441,124100,0.297021,0.34,1,550014,549573,441
137820601,10.0588,7.16729,445,124100,0.331404,0.48,1,550026,549581,445
137823521,3.61176,6.23346,441,124100,0.306281,0.46,1,550028,549587,441
137826441,7.12235,5.24669,444,124100,0.333256,0.42,1,550036,549592,444
137829361,4.62447,2.64934,446,124100,0.346651,0.39,1,550040,549594,446
137831201,1.72489,2.12987,445,124100,0.33333,0.38,1,550041,549596,445
137834121,3.54498,5.22597,443,124100,0.274666,0.38,1,550045,549602,443
137837041,2.309,1.04519,445,124100,0.262933,0.38,1,550047,549602,445
137839961,2.0618,0.209039,447,124100,0.284587,0.47,1,550049,549602,447
137842641,3.61236,4.04181,446,124100,0.312917,0.5,1,550053,549607,446
137845561,3.92247,5.60836,444,124100,0.350583,0.5,1,550057,549613,444
137848481,2.38449,1.12167,446,124100,0.358117,0.48,1,550059,549613,446
137851401,2.0769,1.82433,446,124100,0.383623,0.44,1,550061,549615,446
137854321,3.61538,6.76487,442,124100,0.380725,0.48,1,550065,549623,442
137857241,2.32308,2.95297,442,124100,0.380145,0.42,1,550067,549625,442
137860161,16.4646,18.1906,440,124100,0.372029,0.38,1,550087,549647,440
137863081,11.2929,6.83812,446,124100,0.338406,0.46,1,550097,549651,446
137866001,10.2586,10.9676,444,124100,0.363681,0.42,1,550107,549663,444
137868921,7.65172,8.59352,443,124100,0.384736,0.46,1,550114,549671,443
137871841,7.93034,11.3187,439,124100,0.364947,0.45,1,550122,549683,439
137874761,3.18607,4.66374,438,124100,0.320989,0.26,1,550124,549686,438
137877681,23.0372,20.9327,441,124100,0.264198,0.38,1,550152,549711,441
137880601,6.20744,5.78655,441,124100,0.22084,0.44,1,550154,549713,441
137883521,17.2415,15.5573,443,124100,0.284168,0.41,1,550174,549731,443
137886441,5.0483,4.71146,443,124100,0.296834,0.43,1,550176,549733,443
137889361,5.80966,9.74229,438,124100,0.315367,0.36,1,550182,549744,438
137892281,9.96193,7.54846,442,124100,0.383073,0.4,1,550193,549751,442
137895201,73.9924,78.3097,436,124100,0.308615,0.27,1,550283,549847,436
137898121,36.3985,39.6619,433,124100,0.285723,0.27,1,550310,549877,433
137901041,20.0797,17.5324,437,124100,0.257145,0.36,1,550326,549889,437
137903961,5.61594,5.10648,437,124100,0.275429,0.36,1,550328,549891,437
137906881,18.7232,17.8213,438,124100,0.343086,0.37,1,550350,549912,438
137909801,5.34464,5.16426,438,124100,0.324617,0.31,1,550352,549914,438
137912721,9.06893,9.03285,438,124100,0.344923,0.28,1,550362,549924,438
137915641,6.61379,5.80657,439,124100,0.324985,0.36,1,550368,549929,439
137918561,6.12276,8.36131,436,124100,0.320997,0.34,1,550374,549938,436
137921481,14.8246,14.4723,437,124100,0.296199,0.26,1,550391,549954,437
137924401,16.5649,18.8945,434,124100,0.38724,0.27,1,550408,549974,434
137927321,10.513,8.57889,437,124100,0.285448,0.23,1,550417,549980,437
137930241,16.5026,13.7158,440,124100,0.28109,0.2,1,550435,549995,440
137933161,6.50052,6.74316,439,124100,0.216218,0.33,1,550439,550000,439
137936081,10.9001,9.34863,441,124100,0.323244,0.33,1,550451,550010,441
137939001,3.78002,3.46973,441,124100,0.344649,0.29,1,550453,550012,441
137941861,10.356,2.29395,451,124100,0.31693,0.34,1,550465,550014,451
137944781,3.6712,10.0588,441,124100,0.343386,0.3,1,550467,550026,441
137947701,2.33424,3.61176,441,124100,0.348677,0.34,1,550469,550028,441
137950621,5.26685,7.12235,439,124100,0.253735,0.35,1,550475,550036,439
137953541,2.65337,4.62447,437,124100,0.322747,0.33,1,550477,550040,437
137955381,6.13067,1.72489,443,124100,0.280549,0.26,1,550484,550041,443
137958301,2.82613,3.54498,441,124100,0.24011,0.26,1,550486,550045,441
137961221,2.16523,2.309,441,124100,0.280022,0.29,1,550488,550047,441
137963701,3.63305,2.0618,443,124100,0.312004,0.32,1,550492,550049,443
137966621,2.32661,3.61236,441,124100,0.286401,0.36,1,550494,550053,441
137969541,3.66532,3.92247,441,124100,0.27328,0.36,1,550498,550057,441
137972021,3.93306,2.38449,443,124100,0.334656,0.38,1,550502,550059,443
137974941,2.38661,5.2769,439,124100,0.338931,0.38,1,550504,550065,439
137977861,2.07732,1.05538,441,124100,0.307786,0.38,1,550506,550065,441
137980781,2.01546,1.81108,441,124100,0.301557,0.37,1,550508,550067,441
137983701,14.8031,16.3622,439,124100,0.364311,0.33,1,550526,550087,439
137986621,12.5606,11.2724,441,124100,0.368862,0.37,1,550538,550097,441
137989541,9.71212,10.2545,440,124100,0.369772,0.39,1,550547,550107,440
137992461,5.14242,7.6509,437,124100,0.369954,0.36,1,550551,550114,437
137995381,9.82849,7.93018,440,124100,0.401991,0.31,1,550562,550122,440
137998301,3.5657,3.18604,440,124100,0.376398,0.25,1,550564,550124,440
138001221,19.1131,23.0372,435,124100,0.23528,0.21,1,550587,550152,435
138004141,8.62263,6.20744,439,124100,0.303056,0.3,1,550593,550154,439
138007061,17.7245,17.2415,439,124100,0.340611,0.3,1,550613,550174,439
138009981,5.1449,5.0483,439,124100,0.340122,0.32,1,550615,550176,439
138012901,7.42898,5.80966,441,124100,0.300024,0.4,1,550623,550182,441
138015821,6.2858,9.96193,436,124100,0.372005,0.29,1,550629,550193,436
138018741,76.4572,73.9924,440,124100,0.362401,0.28,1,550723,550283,440
138021661,36.0914,36.3985,439,124100,0.28848,0.25,1,550749,550310,439
138024581,16.8183,20.0797,435,124100,0.337696,0.28,1,550761,550326,435
138027501,6.56366,5.61594,437,124100,0.323539,0.36,1,550765,550328,437
138030421,18.9127,18.7232,437,124100,0.304708,0.32,1,550787,550350,437
138033341,7.78255,5.34464,440,124100,0.316942,0.35,1,550792,550352,440
138036261,7.95651,9.06893,438,124100,0.319388,0.32,1,550800,550362,438
138039181,6.3913,6.61379,438,124100,0.295878,0.32,1,550806,550368,438
138042101,6.07826,6.12276,438,124100,0.395176,0.29,1,550812,550374,438
138045021,14.8157,14.8246,438,124100,0.391035,0.41,1,550829,550391,438
138047941,12.5631,16.5649,433,124100,0.390207,0.26,1,550841,550408,433
138050861,13.7126,10.513,438,124100,0.326041,0.28,1,550855,550417,438
138053781,15.5425,16.5026,436,124100,0.265208,0.2,1,550871,550435,436
138056701,9.5085,6.50052,440,124100,0.229042,0.35,1,550879,550439,440
138059621,6.7017,10.9001,434,124100,0.189808,0.35,1,550885,550451,434
138062541,6.14034,3.78002,438,124100,0.381962,0.31,1,550891,550453,438
138065461,7.62807,10.356,434,124100,0.372392,0.35,1,550899,550465,434
138068381,7.92561,3.6712,440,124100,0.402478,0.35,1,550907,550467,440
138070821,3.18512,2.33424,440,124100,0.384496,0.36,1,550909,550469,440
138073741,2.23702,6.06685,435,124100,0.380899,0.34,1,550911,550476,435
138076661,2.0474,2.01337,436,124100,0.34018,0.27,1,550913,550477,436
138079581,6.80948,6.00267,437,124100,0.380036,0.23,1,550921,550484,437
138082501,2.9619,2.80053,437,124100,0.380007,0.29,1,550923,550486,437
138085421,6.99238,2.16011,443,124100,0.364001,0.32,1,550931,550488,443
138087461,4.59848,3.63202,443,124100,0.4088,0.27,1,550935,550492,443
138090381,2.5197,5.5264,439,124100,0.42576,0.27,1,550937,550498,439
138093301,2.10394,1.10528,441,124100,0.397152,0.35,1,550939,550498,441
138096221,3.62079,3.42106,441,124100,0.34343,0.34,1,550943,550502,441
138098901,2.32416,2.28421,441,124100,0.332686,0.41,1,550945,550504,441
138101821,2.06483,5.25684,437,124100,0.370537,0.41,1,550947,550510,437
138104741,2.01297,1.05137,439,124100,0.370107,0.38,1,550949,550510,439
138107661,10.0026,13.0103,435,124100,0.362021,0.37,1,550961,550526,435
138110581,15.6005,12.2021,440,124100,0.280404,0.37,1,550978,550538,440
138113501,12.7201,9.64041,443,124100,0.384081,0.37,1,550990,550547,443
138116421,4.94402,5.12808,442,124100,0.388816,0.41,1,550993,550551,442
138119341,5.7888,9.82562,437,124100,0.349763,0.37,1,550999,550562,437
138122261,2.75776,3.56512,437,124100,0.333953,0.2,1,551001,550564,437
138125181,17.3516,19.113,435,124100,0.290791,0.32,1,551022,550587,435
138128101,9.87031,8.6226,437,124100,0.162158,0.35,1,551030,550593,437
138131021,17.9741,17.7245,437,124100,0.200432,0.34,1,551050,550613,437
138133941,5.19481,5.1449,437,124100,0.280086,0.29,1,551052,550615,437
138136341,10.639,7.42898,441,124100,0.360017,0.39,1,551064,550623,441
138139261,6.92779,6.2858,441,124100,0.336003,0.36,1,551070,550629,441
138142181,71.7856,76.4572,435,124100,0.299201,0.27,1,551158,550723,435
138145101,39.1571,36.0914,440,124100,0.24384,0.35,1,551189,550749,440
138148021,14.2314,16.8183,436,124100,0.344768,0.32,1,551197,550761,436
138150941,4.44628,6.56366,434,124100,0.332954,0.3,1,551199,550765,434
138153861,23.2893,18.9127,440,124100,0.362591,0.32,1,551227,550787,440
138156781,6.25785,7.78255,437,124100,0.376518,0.32,1,551229,550792,437
138159701,10.8516,7.95651,441,124100,0.307304,0.29,1,551241,550800,441
138162621,6.97031,6.3913,441,124100,0.301461,0.42,1,551247,550806,441
138165541,6.19406,6.07826,441,124100,0.348292,0.39,1,551253,550812,441
138168461,9.23881,14.8157,434,124100,0.341658,0.39,1,551263,550829,434
138171381,15.4478,12.5631,439,124100,0.276332,0.31,1,551280,550841,439
138174301,12.6896,13.7126,437,124100,0.319266,0.25,1,551292,550855,437
138177221,11.3379,15.5425,432,124100,0.231853,0.22,1,551303,550871,432
138180141,13.4676,9.5085,438,124100,0.214371,0.18,1,551317,550879,438
138183061,10.6935,6.7017,442,124100,0.250874,0.43,1,551327,550885,442
138185981,3.7387,6.14034,438,124100,0.282175,0.37,1,551329,550891,438
138188901,8.74774,7.62807,440,124100,0.256435,0.41,1,551339,550899,440
138191821,8.14955,7.92561,440,124100,0.299287,0.38,1,551347,550907,440
138194741,3.22991,3.18512,440,124100,0.283857,0.38,1,551349,550909,440
138196241,3.04598,2.23702,441,124100,0.304771,0.38,1,551352,550911,441
138199161,3.8092,3.6474,441,124100,0.244954,0.38,1,551356,550915,441
138202081,3.96184,0.729481,445,124100,0.336991,0.39,1,551360,550915,445
138205001,2.39237,4.9459,441,124100,0.323398,0.38,1,551362,550921,441
138207921,5.27847,2.58918,445,124100,0.28868,0.36,1,551368,550923,445
138210841,4.25569,6.91784,441,124100,0.265736,0.43,1,551372,550931,441
138212881,5.65114,6.18357,441,124100,0.261147,0.33,1,551378,550937,441
138215801,4.33023,6.03671,439,124100,0.268229,0.33,1,551382,550943,439
138218721,2.46605,1.20734,441,124100,0.269646,0.33,1,551384,550943,441
138221641,2.09321,0.241469,443,124100,0.237929,0.38,1,551386,550943,443
138224321,2.01864,3.24829,441,124100,0.247586,0.42,1,551388,550947,441
138227241,6.80373,7.04966,441,124100,0.289517,0.42,1,551396,550955,441
138230161,4.56075,1.40993,445,124100,0.329903,0.36,1,551400,550955,445
138233081,9.71215,5.08199,450,124100,0.353981,0.26,1,551411,550961,450
138236001,14.7424,14.6164,449,124100,0.310796,0.41,1,551427,550978,449
138238921,4.54849,12.5233,439,124100,0.270159,0.39,1,551429,550990,439
138240961,8.9097,4.90466,446,124100,0.318032,0.33,1,551439,550993,446
138243881,4.98194,8.98093,440,124100,0.319606,0.33,1,551443,551003,440
138246801,11.3964,1.79619,453,124100,0.287921,0.28,1,551456,551003,453
138249721,9.47928,15.5592,443,124100,0.201584,0.13,1,551465,551022,443
138252641,22.6959,9.51185,461,124100,0.232317,0.21,1,551491,551030,461
138255561,6.13917,17.9024,443,124100,0.198463,0.3,1,551493,551050,443
138258481,9.22783,5.18047,451,124100,0.0796927,0.38,1,551503,551052,451
138261401,8.24557,10.6361,447,124100,0.247939,0.33,1,551511,551064,447
138264321,67.2491,6.92722,523,124100,0.265588,0.29,1,551593,551070,523
138267241,39.8498,71.7854,468,124100,0.221118,0.23,1,551626,551158,468
138270161,13.57,39.1571,444,124100,0.140224,0.37,1,551633,551189,444
138273081,7.51399,14.2314,442,124100,0.220045,0.33,1,551639,551197,442
138274661,2.3028,4.44628,441,124100,0.252009,0.37,1,551640,551199,441
138277581,18.8606,23.2893,436,124100,0.250402,0.38,1,551663,551227,436
138280501,5.37211,6.25785,436,124100,0.28208,0.29,1,551665,551229,436
138282981,15.4744,10.8516,442,124100,0.312416,0.3,1,551683,551241,442
138285901,6.29488,6.97031,440,124100,0.286483,0.36,1,551687,551247,440
138288821,6.05898,6.19406,440,124100,0.313297,0.34,1,551693,551253,440
138291741,9.2118,9.23881,440,124100,0.310659,0.26,1,551703,551263,440
138294661,13.8424,15.4478,438,124100,0.278132,0.33,1,551718,551280,438
138297581,6.76847,12.6896,431,124100,0.247626,0.21,1,551723,551292,431
138300501,10.1537,11.3379,431,124100,0.249525,0.21,1,551734,551303,431
138303421,16.4307,13.4676,435,124100,0.225905,0.26,1,551752,551317,435
138306341,11.2861,10.6935,435,124100,0.245181,0.29,1,551762,551327,435
138309261,3.85723,3.7387,435,124100,0.249036,0.25,1,551764,551329,435
138312181,11.1714,8.74774,438,124100,0.241807,0.31,1,551777,551339,438
138315101,3.83429,8.14955,432,124100,0.208361,0.28,1,551779,551347,432
138318021,5.56686,3.22991,436,124100,0.249672,0.31,1,551785,551349,436
138320421,5.91337,3.04598,439,124100,0.225934,0.23,1,551791,551352,439
138323341,2.78267,3.8092,437,124100,0.197187,0.36,1,551793,551356,437
138326261,2.15653,3.96184,435,124100,0.159437,0.32,1,551795,551360,435
138328741,6.03131,2.39237,440,124100,0.239887,0.28,1,551802,551362,440
138331661,2.80626,5.27847,436,124100,0.263977,0.26,1,551804,551368,436
138334581,3.76125,4.25569,436,124100,0.276796,0.26,1,551808,551372,436
138337061,9.55225,5.65114,441,124100,0.287359,0.27,1,551819,551378,441
138339981,3.51045,4.33023,439,124100,0.297472,0.27,1,551821,551382,439
138342901,2.30209,2.46605,439,124100,0.275494,0.23,1,551823,551384,439
138345821,2.06042,2.09321,439,124100,0.279099,0.25,1,551825,551386,439
138348741,6.81208,2.01864,445,124100,0.26382,0.3,1,551833,551388,445
138350581,2.16242,6.80373,438,124100,0.324764,0.34,1,551834,551396,438
138353501,3.63248,4.56075,438,124100,0.336953,0.36,1,551838,551400,438
138356421,3.9265,9.71215,431,124100,0.331391,0.3,1,551842,551411,431
138359341,19.1853,14.7424,438,124100,0.234278,0.26,1,551865,551427,438
138362261,5.43706,4.54849,438,124100,0.214856,0.33,1,551867,551429,438
138365181,9.88741,8.9097,439,124100,0.250971,0.32,1,551878,551439,439
138368101,7.57748,4.98194,442,124100,0.330194,0.28,1,551885,551443,442
138371021,7.9155,11.3964,437,124100,0.306039,0.18,1,551893,551456,437
138373941,18.3831,9.47928,449,124100,0.213208,0.24,1,551914,551465,449
138376861,6.87662,22.6959,427,124100,0.290642,0.19,1,551918,551491,427
138379781,16.5753,6.13917,444,124100,0.202128,0.05,1,551937,551493,444
138382701,8.11506,9.22783,440,124100,0.256426,0.29,1,551943,551503,440
138385621,66.423,8.24557,513,124100,0.315285,0.27,1,552024,551511,513
138388541,34.8846,67.2491,458,124100,0.247057,0.21,1,552051,551593,458
138391461,19.7769,39.8498,441,124100,0.297411,0.12,1,552067,551626,441
138394381,9.55538,13.57,441,124100,0.347482,0.24,1,552074,551633,441
138397301,3.51108,7.51399,437,124100,0.357496,0.26,1,552076,551639,437
138400221,20.7022,2.3028,461,124100,0.335499,0.25,1,552101,551640,461
138403141,5.74044,18.8606,440,124100,0.3071,0.29,1,552103,551663,440
138406061,13.9481,5.37211,454,124100,0.32542,0.28,1,552119,551665,454
138408981,4.38962,18.6744,434,124100,0.329084,0.32,1,552121,551687,434
138411901,7.27792,8.53488,436,124100,0.241817,0.31,1,552129,551693,436
138414821,7.85558,9.70698,434,124100,0.352363,0.27,1,552137,551703,434
138417741,14.3711,13.9414,435,124100,0.358473,0.24,1,552153,551718,435
138420661,6.07422,6.78828,434,124100,0.327695,0.25,1,552157,551723,434
138423581,13.2148,10.1577,438,124100,0.289539,0.22,1,552172,551734,438
138426501,13.843,16.4315,434,124100,0.217908,0.25,1,552186,551752,434
138429421,11.5686,11.2863,435,124100,0.291582,0.25,1,552197,551762,435
138432341,3.91372,3.85726,435,124100,0.274316,0.24,1,552199,551764,435
138435261,9.58274,11.1715,433,124100,0.374863,0.2,1,552210,551777,433
138438181,3.51655,3.83429,433,124100,0.386973,0.26,1,552212,551779,433
138441061,5.50331,5.56686,433,124100,0.341395,0.22,1,552218,551785,433
138443981,7.50066,5.91337,435,124100,0.268279,0.19,1,552226,551791,435
138446901,3.10013,2.78267,435,124100,0.309656,0.15,1,552228,551793,435
138448961,3.02003,2.15653,436,124100,0.341931,0.26,1,552231,551795,436
138451881,5.40401,6.03131,435,124100,0.372386,0.27,1,552237,551802,435
138454801,4.2808,2.80626,437,124100,0.346477,0.28,1,552241,551804,437
138457281,4.05616,3.76125,437,124100,0.293295,0.29,1,552245,551808,437
138460201,7.21123,9.55225,434,124100,0.282659,0.3,1,552253,551819,434
138463121,3.04225,3.51045,434,124100,0.280532,0.27,1,552255,551821,434
138465601,3.00845,2.30209,435,124100,0.264106,0.28,1,552258,551823,435
138468521,4.60169,2.06042,438,124100,0.292821,0.26,1,552263,551825,438
138471441,7.32034,6.81208,438,124100,0.266564,0.34,1,552271,551833,438
138473921,3.06407,2.16242,439,124100,0.261313,0.34,1,552273,551834,439
138476841,3.81281,3.63248,439,124100,0.332263,0.33,1,552277,551838,439
138479761,3.96256,3.9265,439,124100,0.338453,0.21,1,552281,551842,439
138482681,14.3925,19.1853,433,124100,0.37169,0.21,1,552298,551865,433
138485601,4.4785,5.43706,433,124100,0.346338,0.26,1,552300,551867,433
138488521,12.0957,9.88741,436,124100,0.325268,0.35,1,552314,551878,436
138491441,8.81914,7.57748,437,124100,0.257054,0.3,1,552322,551885,437
138494361,4.96383,7.9155,433,124100,0.331411,0.19,1,552326,551893,433
138497281,17.7928,18.3831,433,124100,0.314282,0.31,1,552347,551914,433
138500201,6.75855,6.87662,433,124100,0.278856,0.18,1,552351,551918,433
138503121,18.9517,16.5753,436,124100,0.239771,0.27,1,552373,551937,436
138506041,8.59034,8.11506,436,124100,0.231954,0.33,1,552379,551943,436
138508961,70.5181,66.423,441,124100,0.278391,0.23,1,552465,552024,441
138511881,34.1036,34.8846,439,124100,0.239678,0.31,1,552490,552051,439
138514801,19.6207,19.7769,439,124100,0.303936,0.36,1,552506,552067,439
138517721,7.12414,9.55538,436,124100,0.260787,0.36,1,552510,552074,436
138520101,5.42483,3.51108,439,124100,0.324157,0.33,1,552515,552076,439
138523021,18.685,20.7022,436,124100,0.272831,0.3,1,552537,552101,436
138525941,7.73699,5.74044,439,124100,0.254566,0.33,1,552542,552103,439
138528861,9.5474,13.9481,433,124100,0.274913,0.33,1,552552,552119,433
138531781,5.10948,4.38962,435,124100,0.278983,0.22,1,552556,552121,435
138534701,9.8219,7.27792,438,124100,0.295797,0.38,1,552567,552129,438
138537621,9.96438,7.85558,440,124100,0.203159,0.36,1,552577,552137,440
138540541,13.9929,14.3711,439,124100,0.296632,0.32,1,552592,552153,439
138543461,4.39857,6.07422,437,124100,0.315326,0.28,1,552594,552157,437
138546381,8.87971,13.2148,432,124100,0.327065,0.2,1,552604,552172,432
138549301,13.7759,13.843,433,124100,0.273413,0.31,1,552619,552186,433
138552221,17.9552,11.5686,441,124100,0.238683,0.27,1,552638,552197,441
138555141,5.19104,3.91372,441,124100,0.287737,0.4,1,552640,552199,441
138558061,5.83821,9.58274,436,124100,0.265547,0.39,1,552646,552210,436
138560981,2.76764,3.51655,436,124100,0.261109,0.33,1,552648,552212,436
138563361,6.95353,5.50331,438,124100,0.356222,0.3,1,552656,552218,438
138566281,9.39071,1.90066,447,124100,0.295244,0.25,1,552666,552219,447
138569201,3.47814,5.98013,442,124100,0.355049,0.32,1,552668,552226,442
138571681,2.29563,2.79603,442,124100,0.36701,0.38,1,552670,552228,442
138574601,3.65913,7.75921,437,124100,0.337402,0.34,1,552674,552237,437
138577521,3.93183,4.75184,437,124100,0.37148,0.28,1,552678,552241,437
138580001,3.98637,4.15037,437,124100,0.378296,0.28,1,552682,552245,437
138582921,7.19727,7.23007,437,124100,0.347659,0.28,1,552690,552253,437
138585841,3.03945,3.04601,437,124100,0.373532,0.26,1,552692,552255,437
138588321,2.20789,3.0092,436,124100,0.378706,0.3,1,552694,552258,436
138591241,3.64158,4.60184,435,124100,0.339741,0.26,1,552698,552263,435
138594161,10.3283,7.32037,439,124100,0.331948,0.26,1,552710,552271,439
138597081,3.66566,3.06407,439,124100,0.36239,0.35,1,552712,552273,439
138598721,3.13313,3.81281,438,124100,0.320478,0.36,1,552715,552277,438
138601641,5.42663,6.36256,437,124100,0.320096,0.36,1,552721,552284,437
138604561,7.48533,1.27251,445,124100,0.360019,0.38,1,552729,552284,445
138607481,8.69707,11.4545,440,124100,0.352004,0.34,1,552738,552298,440
138610401,12.9394,3.8909,452,124100,0.382401,0.32,1,552752,552300,452
138613321,8.98788,11.9782,446,124100,0.33248,0.24,1,552760,552314,446
138616241,3.39758,8.79564,440,124100,0.290496,0.35,1,552762,552322,440
138619161,13.4795,4.95913,452,124100,0.338099,0.31,1,552778,552326,452
138622081,11.4959,17.7918,442,124100,0.31562,0.27,1,552789,552347,442
138625001,19.8992,6.75837,460,124100,0.303124,0.23,1,552811,552351,460
138627921,7.97984,18.9517,443,124100,0.396625,0.23,1,552816,552373,443
138630841,71.196,8.59033,524,124100,0.423325,0.29,1,552903,552379,524
138633761,28.6392,70.5181,456,124100,0.364665,0.23,1,552921,552465,456
138636681,23.3278,34.1036,453,124100,0.328933,0.32,1,552943,552490,453
138639601,6.26557,19.6207,439,124100,0.313787,0.25,1,552945,552506,439
138642521,6.05311,7.12414,441,124100,0.334757,0.34,1,552951,552510,441
138645441,20.4106,5.42483,460,124100,0.258951,0.26,1,552975,552515,460
138648361,5.68212,18.685,440,124100,0.33179,0.25,1,552977,552537,440
138651281,10.7364,7.73699,447,124100,0.370358,0.28,1,552989,552542,447
138654201,3.74728,9.5474,439,124100,0.378072,0.28,1,552991,552552,439
138657121,6.34946,5.10948,442,124100,0.379614,0.3,1,552998,552556,442
138660041,12.4699,9.8219,445,124100,0.347923,0.18,1,553012,552567,445
138662961,10.494,9.96438,445,124100,0.381585,0.32,1,553022,552577,445
138665881,9.2988,13.9929,439,124100,0.404317,0.32,1,553031,552592,439
138668801,9.85976,4.39857,447,124100,0.288863,0.33,1,553041,552594,447
138671721,13.172,8.87971,451,124100,0.321773,0.26,1,553055,552604,451
138674641,17.0344,13.7759,454,124100,0.296355,0.23,1,553073,552619,454
138677561,5.00688,17.9552,437,124100,0.315271,0.3,1,553075,552638,437
138680481,10.6014,5.19104,447,124100,0.383054,0.26,1,553087,552640,447
138683401,3.72028,5.83821,443,124100,0.372611,0.26,1,553089,552646,443
138686321,3.14406,2.76764,444,124100,0.322522,0.28,1,553092,552648,444
138689241,9.42881,14.9535,437,124100,0.376504,0.37,1,553103,552666,437
138692161,6.68576,4.59071,441,124100,0.339301,0.37,1,553109,552668,441
138694401,2.93715,2.51814,441,124100,0.29986,0.33,1,553111,552670,441
138697321,3.78743,3.70363,441,124100,0.379972,0.38,1,553115,552674,441
138700241,2.35749,3.94073,439,124100,0.363994,0.38,1,553117,552678,439
138703161,5.2715,3.98815,441,124100,0.368799,0.34,1,553123,552682,441
138706081,7.4543,7.19763,441,124100,0.40176,0.38,1,553131,552690,441
138709001,3.09086,3.03953,441,124100,0.376352,0.38,1,553133,552692,441
138711921,2.21817,2.20791,441,124100,0.40327,0.33,1,553135,552694,441
138714841,2.04363,3.64158,439,124100,0.392654,0.33,1,553137,552698,439
138717761,8.40873,10.3283,437,124100,0.382531,0.37,1,553147,552710,437
138720681,3.28175,3.66566,437,124100,0.380506,0.31,1,553149,552712,437
138722901,10.2563,3.13313,446,124100,0.388101,0.32,1,553161,552715,446
138725821,8.45127,5.42663,448,124100,0.33362,0.37,1,553169,552721,448
138728741,3.29025,7.48533,442,124100,0.378724,0.35,1,553171,552729,442
138731661,12.6581,8.69707,448,124100,0.339745,0.39,1,553186,552738,448
138734581,13.7316,12.9394,448,124100,0.387949,0.32,1,553200,552752,448
138737501,4.34632,8.98788,442,124100,0.39759,0.28,1,553202,552760,442
138739541,3.26926,3.39758,443,124100,0.383518,0.35,1,553205,552762,443
138742461,9.45385,13.4795,438,124100,0.364704,0.31,1,553216,552778,438
138745381,8.29077,11.4959,435,124100,0.336941,0.3,1,553224,552789,435
138748301,22.4582,19.8992,439,124100,0.339388,0.42,1,553250,552811,439
138751221,10.8916,7.97984,442,124100,0.275878,0.43,1,553258,552816,442
138754141,70.1783,71.196,440,124100,0.295176,0.35,1,553343,552903,440
138757061,26.8357,28.6392,438,124100,0.339035,0.32,1,553359,552921,438
138759981,24.5671,23.3278,440,124100,0.259807,0.31,1,553383,552943,440
138762901,6.51343,6.26557,440,124100,0.203961,0.34,1,553385,552945,440
138765821,2.90269,6.05311,436,124100,0.208792,0.24,1,553387,552951,436
138768741,22.9805,20.4106,440,124100,0.265758,0.35,1,553415,552975,440
138771661,7.79611,5.68212,442,124100,0.229152,0.38,1,553419,552977,442
138774581,9.55922,10.7364,440,124100,0.26983,0.38,1,553429,552989,440
138777501,3.51184,3.74728,440,124100,0.285966,0.38,1,553431,552991,440
138780421,5.50237,6.34946,439,124100,0.289193,0.34,1,553437,552998,439
138783341,16.3005,12.4699,444,124100,0.249839,0.39,1,553456,553012,444
138786261,9.66009,10.494,442,124100,0.321968,0.41,1,553464,553022,442
138789181,3.53202,9.2988,435,124100,0.304394,0.26,1,553466,553031,435
138792101,13.5064,9.85976,441,124100,0.276879,0.33,1,553482,553041,441
138795021,9.10128,13.172,435,124100,0.303376,0.29,1,553490,553055,435
138797941,21.0203,17.0344,441,124100,0.284675,0.32,1,553514,553073,441
138800861,7.40405,5.00688,443,124100,0.248935,0.4,1,553518,553075,443
138803781,6.28081,10.6014,437,124100,0.297787,0.37,1,553524,553087,437
138806701,4.45616,3.72028,439,124100,0.299557,0.31,1,553528,553089,439
138809221,5.69123,3.14406,442,124100,0.315911,0.39,1,553534,553092,442
138812141,4.33825,9.42881,435,124100,0.311182,0.33,1,553538,553103,435
138815061,8.06765,6.68576,438,124100,0.342236,0.29,1,553547,553109,438
138817981,3.21353,2.93715,438,124100,0.348447,0.4,1,553549,553111,438
138820901,7.04271,3.78743,442,124100,0.293689,0.36,1,553557,553115,442
138823821,3.00854,2.35749,442,124100,0.338738,0.37,1,553559,553117,442
138826741,3.80171,5.2715,440,124100,0.339748,0.41,1,553563,553123,440
138829661,5.56034,7.4543,438,124100,0.33995,0.37,1,553569,553131,438
138832101,5.91207,3.09086,442,124100,0.33999,0.41,1,553575,553133,442
138835021,2.78241,2.21817,442,124100,0.339998,0.39,1,553577,553135,442
138837941,2.15648,2.04363,442,124100,0.316,0.38,1,553579,553137,442
138840861,8.4313,8.40873,442,124100,0.2712,0.38,1,553589,553147,442
138843781,3.28626,3.28175,442,124100,0.23024,0.39,1,553591,553149,442
138846701,10.2573,10.2563,442,124100,0.310048,0.32,1,553603,553161,442
138849621,7.65145,8.45127,441,124100,0.34201,0.39,1,553610,553169,441
138852541,3.13029,3.29025,441,124100,0.316402,0.33,1,553612,553171,441
138855461,12.6261,12.6581,441,124100,0.39928,0.4,1,553627,553186,441
138858381,12.1252,13.7316,439,124100,0.383856,0.4,1,553639,553200,439
138861301,4.02504,4.34632,439,124100,0.380771,0.38,1,553641,553202,439
138863301,4.00501,3.26926,440,124100,0.380154,0.36,1,553645,553205,440
138866221,8.001,9.45385,438,124100,0.372031,0.33,1,553654,553216,438
138869141,4.8002,8.29077,434,124100,0.362406,0.34,1,553658,553224,434
138872061,23.36,22.4582,436,124100,0.304481,0.26,1,553686,553250,436
138874981,11.072,10.8916,436,124100,0.236896,0.3,1,553694,553258,436
138877901,71.8144,70.1783,438,124100,0.295379,0.35,1,553781,553343,438
138880821,29.5629,26.8357,441,124100,0.315076,0.24,1,553800,553359,441
138883741,21.9126,24.5671,437,124100,0.327015,0.19,1,553820,553383,437
138886661,5.98251,6.51343,437,124100,0.289403,0.21,1,553822,553385,437
138889301,5.9965,2.90269,441,124100,0.321881,0.28,1,553828,553387,441
138892221,17.1993,22.9805,433,124100,0.328376,0.22,1,553848,553415,433
138895141,9.83986,7.79611,437,124100,0.329675,0.28,1,553856,553419,437
138898061,13.168,9.55922,441,124100,0.257935,0.29,1,553870,553429,441
138900981,4.23359,3.51184,441,124100,0.243587,0.29,1,553872,553431,441
138903861,5.64672,5.50237,441,124100,0.304717,0.24,1,553878,553437,441
138906781,15.5293,16.3005,440,124100,0.284943,0.34,1,553896,553456,440
138909701,9.50587,9.66009,440,124100,0.328989,0.3,1,553904,553464,440
138912181,3.50117,3.53202,440,124100,0.305798,0.27,1,553906,553466,440
138915101,9.50023,13.5064,435,124100,0.34116,0.31,1,553917,553482,435
138918021,11.5,9.10128,439,124100,0.332232,0.28,1,553929,553490,439
138920941,19.9,21.0203,437,124100,0.306446,0.24,1,553951,553514,437
138923861,7.18,7.40405,437,124100,0.277289,0.31,1,553955,553518,437
138926781,6.236,6.28081,437,124100,0.207458,0.3,1,553961,553524,437
138929701,4.4472,4.45616,437,124100,0.273492,0.32,1,553965,553528,437
138932621,4.08944,5.69123,435,124100,0.334698,0.31,1,553969,553534,435
138935541,7.21789,4.33825,439,124100,0.31494,0.35,1,553977,553538,439
138938461,6.24358,8.06765,436,124100,0.286988,0.35,1,553983,553547,436
138941381,6.04872,3.21353,440,124100,0.313398,0.28,1,553989,553549,440
138944301,7.60974,7.04271,440,124100,0.26268,0.35,1,553997,553557,440
138947221,3.12195,3.00854,440,124100,0.220536,0.34,1,553999,553559,440
138949621,3.82439,3.80171,440,124100,0.340107,0.34,1,554003,553563,440
138952541,3.96488,5.56034,438,124100,0.300021,0.34,1,554007,553569,438
138955461,2.39298,5.91207,434,124100,0.292004,0.34,1,554009,553575,434
138957521,2.0786,2.78241,434,124100,0.266401,0.31,1,554011,553577,434
138960441,5.21572,3.75648,436,124100,0.32528,0.31,1,554017,553581,436
138963361,9.04314,0.751297,446,124100,0.249056,0.26,1,554027,553581,446
138966281,3.40863,6.55026,440,124100,0.233811,0.22,1,554029,553589,440
138969201,8.68173,2.91005,448,124100,0.230762,0.33,1,554039,553591,448
138972121,11.3363,10.182,448,124100,0.270152,0.35,1,554051,553603,448
138975041,3.86727,7.6364,443,124100,0.27803,0.31,1,554053,553610,443
138977961,11.9735,3.12728,455,124100,0.303606,0.42,1,554067,553612,455
138980881,8.79469,12.6255,448,124100,0.260721,0.38,1,554075,553627,448
138983801,4.15894,12.1251,439,124100,0.236144,0.38,1,554078,553639,439
138986721,5.63179,4.02502,443,124100,0.295229,0.37,1,554084,553641,443
138989641,10.7264,11.205,442,124100,0.251046,0.36,1,554096,553654,442
138992561,3.74527,5.441,440,124100,0.338209,0.29,1,554098,553658,440
138995481,22.3491,23.4882,439,124100,0.283642,0.22,1,554125,553686,439
138998401,9.26981,11.0976,437,124100,0.216728,0.31,1,554131,553694,437
139001321,69.054,71.8195,434,124100,0.323346,0.32,1,554215,553781,434
139004241,31.4108,29.5639,437,124100,0.360669,0.33,1,554237,553800,437
139007161,23.0822,21.9128,438,124100,0.328134,0.28,1,554258,553820,438
139010081,6.21643,5.98256,438,124100,0.297627,0.33,1,554260,553822,438
139013001,4.44329,5.99651,436,124100,0.227525,0.33,1,554264,553828,436
139015921,16.8887,17.1993,436,124100,0.261505,0.33,1,554284,553848,436
139018841,8.17773,9.83986,434,124100,0.308301,0.24,1,554290,553856,434
139021761,14.4355,13.168,436,124100,0.36566,0.24,1,554306,553870,436
139024681,7.68711,4.23359,440,124100,0.329132,0.32,1,554312,553872,440
139026161,5.53742,5.64672,439,124100,0.297826,0.33,1,554317,553878,439
139029081,12.3075,2.72934,451,124100,0.299565,0.28,1,554331,553880,451
139032001,12.0615,13.3459,447,124100,0.355913,0.34,1,554343,553896,447
139034921,4.0123,9.06917,441,124100,0.367183,0.35,1,554345,553904,441
139037841,7.20246,12.2138,436,124100,0.321437,0.33,1,554353,553917,436
139040761,9.44049,12.0428,434,124100,0.296287,0.3,1,554363,553929,434
139043681,17.8881,20.0086,432,124100,0.331257,0.27,1,554383,553951,432
139046601,12.3776,7.20171,439,124100,0.362252,0.19,1,554394,553955,439
139049521,8.07552,6.24034,440,124100,0.31245,0.29,1,554401,553961,440
139052441,3.2151,4.44807,438,124100,0.27849,0.35,1,554403,553965,438
139054241,3.04302,4.08961,437,124100,0.255698,0.39,1,554406,553969,437
139057161,7.0086,2.41792,443,124100,0.33914,0.31,1,554414,553971,443
139060081,3.00172,5.28358,439,124100,0.323828,0.28,1,554416,553977,439
139063001,4.60034,5.85672,438,124100,0.328766,0.32,1,554421,553983,438
139065921,8.92007,5.97134,442,124100,0.321753,0.25,1,554431,553989,442
139068801,3.38401,7.59427,436,124100,0.320351,0.33,1,554433,553997,436
139071721,8.6768,7.91885,438,124100,0.38407,0.33,1,554443,554005,438
139074641,3.33536,1.58377,440,124100,0.396814,0.29,1,554445,554005,440
139077561,2.26707,1.91675,440,124100,0.391363,0.29,1,554447,554007,440
139080241,2.05341,1.98335,440,124100,0.358273,0.3,1,554449,554009,440
139083161,5.21068,11.5967,432,124100,0.391655,0.23,1,554455,554023,432
139086081,5.84214,5.51933,434,124100,0.390331,0.23,1,554461,554027,434
139089001,2.76843,2.70387,434,124100,0.390066,0.23,1,554463,554029,434
139091921,10.1537,8.54077,436,124100,0.358013,0.28,1,554475,554039,436
139094841,10.0307,11.3082,434,124100,0.319603,0.28,1,554485,554051,434
139097761,3.60615,3.86163,434,124100,0.367921,0.31,1,554487,554053,434
139100681,10.3212,11.9723,432,124100,0.361584,0.25,1,554499,554067,432
139103601,13.2642,8.79447,438,124100,0.352317,0.23,1,554513,554075,438
139106521,4.25285,4.15889,437,124100,0.350463,0.31,1,554515,554078,437
139108321,3.25057,5.63178,434,124100,0.302093,0.35,1,554518,554084,434
139111241,13.4501,2.72636,448,124100,0.292419,0.24,1,554534,554086,448
139114161,4.29002,8.54527,440,124100,0.258484,0.36,1,554536,554096,440
139117081,20.858,3.30905,463,124100,0.251697,0.27,1,554561,554098,463
139120001,11.3716,22.2618,445,124100,0.250339,0.2,1,554570,554125,445
139122921,67.8743,9.25236,521,124100,0.298068,0.35,1,554652,554131,521
139125841,31.9749,69.0505,460,124100,0.275614,0.37,1,554675,554215,460
139128761,17.595,31.4101,452,124100,0.351123,0.32,1,554689,554237,452
139131681,5.91899,23.082,434,124100,0.318225,0.29,1,554692,554258,434
139134321,7.5838,6.2164,440,124100,0.295645,0.33,1,554700,554260,440
139137241,18.3168,11.6433,448,124100,0.363129,0.27,1,554721,554273,448
139140161,6.86335,11.1287,441,124100,0.320626,0.32,1,554725,554284,441
139143081,14.1727,7.02573,451,124100,0.376125,0.38,1,554741,554290,451
139146001,6.83453,14.2051,440,124100,0.339225,0.32,1,554746,554306,440
139148881,10.1669,7.64103,445,124100,0.331845,0.3,1,554757,554312,445
139151801,14.0334,16.7282,441,124100,0.402369,0.37,1,554772,554331,441
139154721,10.8067,12.9456,439,124100,0.352474,0.37,1,554782,554343,439
139157641,3.76134,4.18913,439,124100,0.350495,0.31,1,554784,554345,439
139159281,4.75227,7.23783,436,124100,0.406099,0.36,1,554789,554353,436
139162201,11.3505,4.64757,445,124100,0.37722,0.29,1,554802,554357,445
139165121,18.2701,5.72951,459,124100,0.363444,0.34,1,554822,554363,459
139168041,8.45402,17.1459,445,124100,0.336689,0.37,1,554828,554383,445
139170961,11.2908,12.2292,446,124100,0.403338,0.3,1,554840,554394,446
139173881,3.85816,8.04584,441,124100,0.424668,0.27,1,554842,554401,441
139176801,2.37163,3.20917,441,124100,0.396934,0.25,1,554844,554403,441
139178421,6.07433,3.04183,445,124100,0.391387,0.32,1,554851,554406,445
139181341,2.81487,8.60837,437,124100,0.390277,0.32,1,554853,554416,437
139184261,3.76297,1.72167,441,124100,0.350055,0.33,1,554857,554416,441
139187181,11.9526,4.34433,450,124100,0.318011,0.32,1,554871,554421,450
139190101,3.99052,8.86887,442,124100,0.279602,0.32,1,554873,554431,442
139193021,5.5981,3.37377,446,124100,0.28792,0.4,1,554879,554433,446
139195941,5.91962,8.67475,442,124100,0.265584,0.4,1,554885,554443,442
139198861,2.78392,3.33495,442,124100,0.261117,0.39,1,554887,554445,442
139201301,2.15678,2.26699,442,124100,0.348223,0.35,1,554889,554447,442
139204221,2.03136,2.0534,442,124100,0.365645,0.4,1,554891,554449,442
139207141,3.60627,5.21068,440,124100,0.345129,0.39,1,554895,554455,440
139209621,5.52125,5.84214,440,124100,0.285026,0.39,1,554901,554461,440
139212541,2.70425,2.76843,440,124100,0.377005,0.35,1,554903,554463,440
139215461,10.1409,10.1537,440,124100,0.395401,0.31,1,554915,554475,440
139218381,10.0282,10.0307,440,124100,0.36708,0.38,1,554925,554485,440
139221301,3.60563,3.60615,440,124100,0.361416,0.36,1,554927,554487,440
139224221,8.72113,10.3212,438,124100,0.384283,0.35,1,554937,554499,438
139227141,15.3442,13.2642,441,124100,0.340857,0.35,1,554954,554513,441
139230061,4.66884,4.25285,441,124100,0.308171,0.29,1,554956,554515,441
139232501,12.9338,3.25057,453,124100,0.349634,0.29,1,554971,554518,453
139235421,4.18675,13.4501,439,124100,0.365927,0.25,1,554973,554534,439
139238341,18.4374,4.29002,459,124100,0.273185,0.25,1,554995,554536,459
139241261,13.2875,20.858,446,124100,0.198637,0.25,1,555007,554561,446
139244181,71.4575,11.3716,523,124100,0.287727,0.31,1,555093,554570,523
139247101,32.6915,67.8743,464,124100,0.281545,0.27,1,555116,554652,464
139250021,12.9383,31.9749,449,124100,0.344309,0.37,1,555124,554675,449
139252941,8.98766,17.595,443,124100,0.340862,0.31,1,555132,554689,443
139255861,4.99753,5.91899,444,124100,0.348172,0.29,1,555136,554692,444
139258781,21.7995,7.5838,462,124100,0.333634,0.38,1,555162,554700,462
139261701,5.9599,18.3168,443,124100,0.330727,0.31,1,555164,554721,443
139264621,14.792,6.86335,456,124100,0.322145,0.39,1,555181,554725,456
139267541,4.5584,14.1727,442,124100,0.320429,0.33,1,555183,554741,442
139270461,12.9117,6.83453,452,124100,0.288086,0.33,1,555198,554746,452
139273381,12.9823,10.1669,454,124100,0.289617,0.42,1,555211,554757,454
139276301,10.5965,14.0334,449,124100,0.289923,0.34,1,555221,554772,449
139279221,3.71929,10.8067,441,124100,0.273985,0.35,1,555223,554782,441
139282001,7.14386,3.76134,447,124100,0.310797,0.37,1,555231,554784,447
139284921,7.82877,15.1523,437,124100,0.270159,0.36,1,555239,554802,437
139287841,15.9658,19.0305,435,124100,0.174032,0.33,1,555257,554822,435
139290761,13.5932,8.60609,442,124100,0.210806,0.42,1,555270,554828,442
139293681,10.7186,11.3212,440,124100,0.138161,0.43,1,555280,554840,440
139296601,3.74373,3.86424,440,124100,0.123632,0.39,1,555282,554842,440
139298641,2.34875,2.37285,440,124100,0.272726,0.38,1,555284,554844,440
139301561,7.66975,9.27457,438,124100,0.262545,0.38,1,555293,554855,438
139304481,3.13395,1.85491,440,124100,0.252509,0.34,1,555295,554855,440
139307401,2.22679,1.97098,440,124100,0.250502,0.31,1,555297,554857,440
139310321,7.64536,11.5942,435,124100,0.2181,0.27,1,555306,554871,435
139313241,3.12907,3.91884,435,124100,0.28362,0.29,1,555308,554873,435
139316161,9.42581,5.58377,440,124100,0.296724,0.26,1,555319,554879,440
139319081,5.08516,5.91675,438,124100,0.275345,0.26,1,555323,554885,438
139321941,3.41703,2.78335,439,124100,0.231069,0.37,1,555326,554887,439
139324861,3.88341,3.75667,439,124100,0.190214,0.37,1,555330,554891,439
139327781,3.17668,0.751334,442,124100,0.166043,0.34,1,555333,554891,442
139330701,3.83534,3.35027,442,124100,0.265209,0.27,1,555337,554895,442
139333621,5.56707,5.47005,442,124100,0.237042,0.4,1,555343,554901,442
139336541,2.71341,2.69401,442,124100,0.287408,0.4,1,555345,554903,442
139339461,8.54268,10.1388,440,124100,0.297482,0.36,1,555355,554915,440
139342381,11.3085,10.0278,442,124100,0.275496,0.36,1,555367,554925,442
139345301,3.86171,3.60555,442,124100,0.271099,0.39,1,555369,554927,442
139348221,8.77234,8.72111,442,124100,0.25422,0.33,1,555379,554937,442
139351141,14.5545,15.3442,441,124100,0.250844,0.3,1,555395,554954,441
139354061,4.51089,4.66884,441,124100,0.242169,0.36,1,555397,554956,441
139356981,12.1022,12.9338,440,124100,0.248434,0.37,1,555411,554971,440
139359901,13.6204,4.18675,452,124100,0.265687,0.25,1,555425,554973,452
139362821,14.7241,18.4374,445,124100,0.181137,0.18,1,555440,554995,445
139365741,74.9448,13.2875,523,124100,0.236227,0.31,1,555530,555007,523
139368661,34.189,71.4575,461,124100,0.207245,0.28,1,555554,555093,461
139371581,14.0378,32.6915,447,124100,0.217449,0.36,1,555563,555116,447
139374501,4.40756,12.9383,441,124100,0.25149,0.34,1,555565,555124,441
139377421,2.48151,8.98766,435,124100,0.226298,0.35,1,555567,555132,435
139380341,22.0963,4.99753,458,124100,0.15726,0.33,1,555594,555136,458
139383261,6.01926,21.7995,434,124100,0.111452,0.33,1,555596,555162,434
139386181,19.6039,5.9599,455,124100,0.12629,0.32,1,555619,555164,455
139389101,5.52077,14.792,440,124100,0.129258,0.32,1,555621,555181,440
139392021,11.5042,4.5584,451,124100,0.225852,0.28,1,555634,555183,451
139394941,11.9008,12.9117,448,124100,0.17317,0.29,1,555646,555198,448
139397861,12.7802,12.9823,448,124100,0.178634,0.29,1,555659,555211,448
139400781,4.15603,10.5965,440,124100,0.227727,0.27,1,555661,555221,440
139403701,4.03121,3.71929,442,124100,0.245545,0.32,1,555665,555223,442
139406621,6.40624,7.14386,441,124100,0.209109,0.26,1,555672,555231,441
139409541,14.8812,7.82877,450,124100,0.121822,0.15,1,555689,555239,450
139412461,9.37625,15.9658,440,124100,0.160364,0.22,1,555697,555257,440
139415381,13.8752,13.5932,442,124100,0.184073,0.12,1,555712,555270,442
139418301,4.37505,10.7186,434,124100,0.156815,0.12,1,555714,555280,434
139421221,2.47501,3.74373,434,124100,0.199363,0.31,1,555716,555282,434
139422821,6.095,2.34875,439,124100,0.319873,0.26,1,555723,555284,439
139425741,2.819,7.66975,432,124100,0.343975,0.25,1,555725,555293,432
139428661,2.9638,3.13395,433,124100,0.356795,0.25,1,555728,555295,433
139431141,6.19276,2.22679,438,124100,0.287359,0.21,1,555735,555297,438
139434061,6.03855,7.64536,435,124100,0.281472,0.3,1,555741,555306,435
139436981,4.40771,3.12907,437,124100,0.216294,0.3,1,555745,555308,437
139439901,4.08154,9.42581,430,124100,0.299259,0.27,1,555749,555319,430
139442821,4.01631,5.08516,430,124100,0.275852,0.22,1,555753,555323,430
139445701,8.00326,3.41703,436,124100,0.29517,0.18,1,555762,555326,436
139448621,3.20065,3.88341,434,124100,0.299034,0.16,1,555764,555330,434
139451541,3.84013,3.17668,435,124100,0.235807,0.29,1,555768,555333,435
139454461,5.56803,3.83534,437,124100,0.215161,0.23,1,555774,555337,437
139457381,5.91361,5.56707,437,124100,0.251032,0.3,1,555780,555343,437
139460301,2.78272,2.71341,437,124100,0.258206,0.3,1,555782,555345,437
139463221,6.95654,8.54268,435,124100,0.299641,0.27,1,555790,555355,435
139466141,9.39131,11.3085,433,124100,0.307928,0.27,1,555800,555367,433
139469061,3.47826,3.86171,433,124100,0.349586,0.25,1,555802,555369,433
139471981,10.2957,8.77234,435,124100,0.301917,0.25,1,555814,555379,435
139474901,14.8591,14.5545,435,124100,0.308383,0.24,1,555830,555395,435
139477821,4.57183,4.51089,435,124100,0.277677,0.25,1,555832,555397,435
139480741,10.5144,12.1022,433,124100,0.263535,0.27,1,555844,555411,433
139483661,13.3029,13.6204,433,124100,0.252707,0.16,1,555858,555425,433
139486581,18.6606,14.7241,438,124100,0.162541,0.25,1,555878,555440,438
139489501,72.5321,74.9448,434,124100,0.160508,0.2,1,555964,555530,434
139492421,33.7064,34.189,434,124100,0.272102,0.22,1,555988,555554,434
139495341,13.9413,14.0378,434,124100,0.35042,0.26,1,555997,555563,434
139498261,4.38826,4.40756,434,124100,0.366084,0.22,1,555999,555565,434
139501181,2.47765,2.48151,434,124100,0.369217,0.14,1,556001,555567,434
139504101,22.8955,22.0963,435,124100,0.273843,0.1,1,556029,555594,435
139507021,6.17911,6.01926,435,124100,0.230769,0.13,1,556031,555596,435
139509941,18.0358,19.6039,433,124100,0.294154,0.13,1,556052,555619,433
139512861,6.80716,5.52077,435,124100,0.306831,0.25,1,556056,555621,435
139515781,7.76143,11.5042,430,124100,0.325366,0.16,1,556064,555634,430
139518701,12.7523,11.9008,432,124100,0.377073,0.18,1,556078,555646,432
139521621,12.1505,12.7802,431,124100,0.387415,0.24,1,556090,555659,431
139524541,4.03009,4.15603,431,124100,0.357483,0.25,1,556092,555661,431
139526821,8.00602,4.03121,436,124100,0.391497,0.2,1,556101,555665,436
139529741,4.0012,6.40624,432,124100,0.382299,0.1,1,556104,555672,432
139532661,18.4002,14.8812,437,124100,0.34046,0.17,1,556126,555689,437
139535581,6.88005,9.37625,433,124100,0.300092,0.19,1,556130,555697,433
139538501,16.576,13.8752,437,124100,0.308018,0.15,1,556149,555712,437
139541421,4.9152,4.37505,437,124100,0.277604,0.21,1,556151,555714,437
139544341,2.58304,2.47501,437,124100,0.239521,0.35,1,556153,555716,437
139547261,5.31661,6.095,436,124100,0.199904,0.35,1,556159,555723,436
139549281,1.86332,2.819,435,124100,0.359981,0.36,1,556160,555725,435
139552201,3.57266,2.9638,436,124100,0.399996,0.27,1,556164,555728,436
139555121,2.31453,6.19276,431,124100,0.407999,0.28,1,556166,555735,431
139558041,8.46291,6.03855,435,124100,0.3296,0.2,1,556176,555741,435
139559681,2.49258,4.40771,432,124100,0.32992,0.32,1,556177,555745,432
139562601,6.89852,4.08154,436,124100,0.297984,0.27,1,556185,555749,436
139565521,4.5797,4.01631,436,124100,0.363597,0.3,1,556189,555753,436
139568001,5.71594,8.00326,433,124100,0.320719,0.3,1,556195,555762,433
139570921,2.74319,3.20065,433,124100,0.344144,0.3,1,556197,555764,433
139573841,5.34864,0.64013,439,124100,0.332829,0.22,1,556203,555764,439
139576761,4.26973,3.32803,439,124100,0.298566,0.21,1,556207,555768,439
139579681,8.85395,5.46561,443,124100,0.355713,0.26,1,556217,555774,443
139582561,3.37079,5.89312,439,124100,0.367143,0.27,1,556219,555780,439
139585481,7.07416,4.37862,443,124100,0.313429,0.31,1,556227,555784,443
139588401,8.61483,5.67572,446,124100,0.366686,0.31,1,556236,555790,446
139590881,3.32297,9.13514,438,124100,0.377337,0.38,1,556238,555800,438
139593801,8.66459,5.82703,443,124100,0.339467,0.29,1,556248,555805,443
139596721,12.9329,8.36541,448,124100,0.331893,0.31,1,556262,555814,448
139599641,6.58658,14.4731,437,124100,0.258379,0.27,1,556267,555830,437
139602561,10.1173,4.49462,446,124100,0.275676,0.26,1,556278,555832,446
139605481,13.2235,10.4989,448,124100,0.247135,0.25,1,556292,555844,448
139608401,15.4447,13.2998,450,124100,0.249427,0.14,1,556308,555858,450
139611321,76.6889,18.66,522,124100,0.169885,0.16,1,556400,555878,522
139614241,36.9378,72.532,463,124100,0.209977,0.3,1,556427,555964,463
139617161,12.9876,33.7064,446,124100,0.209995,0.37,1,556434,555988,446
139620001,6.59751,13.9413,442,124100,0.185999,0.37,1,556439,555997,442
139622921,2.9195,5.98826,440,124100,0.1812,0.37,1,556441,556001,440
139625841,21.3839,1.19765,466,124100,0.24424,0.25,1,556467,556001,466
139628761,5.87678,22.6395,440,124100,0.224848,0.22,1,556469,556029,440
139631681,17.1754,6.12791,458,124100,0.25297,0.31,1,556489,556031,458
139634601,5.03507,18.0256,439,124100,0.226594,0.31,1,556491,556052,439
139637521,5.80701,6.80512,441,124100,0.213319,0.33,1,556497,556056,441
139640441,14.7614,7.76102,450,124100,0.202664,0.39,1,556514,556064,450
139643361,15.7523,12.7522,452,124100,0.224533,0.39,1,556530,556078,452
139646281,4.75046,12.1504,442,124100,0.228907,0.35,1,556532,556090,442
139649201,4.15009,4.03009,444,124100,0.189781,0.4,1,556536,556092,444
139652121,4.83002,8.00602,440,124100,0.189956,0.38,1,556541,556101,440
139655041,14.566,4.0012,454,124100,0.157991,0.33,1,556558,556104,454
139657961,10.9132,18.4002,442,124100,0.199598,0.29,1,556568,556126,442
139660881,12.5826,6.88005,451,124100,0.0879197,0.31,1,556581,556130,451
139663801,10.5165,16.576,442,124100,0.0975839,0.27,1,556591,556149,442
139666721,3.70331,4.9152,442,124100,0.0995168,0.23,1,556593,556151,442
139669641,3.94066,2.58304,444,124100,0.115903,0.19,1,556597,556153,444
139672561,2.38813,5.31661,440,124100,0.0871807,0.41,1,556599,556159,440
139675121,2.07763,5.06332,437,124100,0.0494361,0.41,1,556601,556164,437
139678041,2.01553,2.61266,437,124100,0.193887,0.31,1,556603,556166,437
139680961,6.80311,8.52253,435,124100,0.190777,0.33,1,556611,556176,435
139683881,9.36062,2.50451,444,124100,0.158155,0.29,1,556621,556177,444
139686801,5.87212,6.9009,441,124100,0.0796311,0.38,1,556626,556185,441
139689721,5.17442,4.58018,442,124100,0.111926,0.31,1,556631,556189,442
139692641,2.63488,5.71604,438,124100,0.118385,0.35,1,556633,556195,438
139695561,2.12698,2.74321,438,124100,0.119677,0.33,1,556635,556197,438
139698481,9.2254,5.34864,443,124100,0.215935,0.29,1,556646,556203,443
139701401,6.64508,4.26973,445,124100,0.187187,0.37,1,556652,556207,445
139704321,2.92902,8.85395,437,124100,0.149437,0.37,1,556654,556217,437
139707241,10.1858,3.37079,447,124100,0.117887,0.3,1,556666,556219,447
139710161,7.63716,7.07416,446,124100,0.183577,0.38,1,556673,556227,446
139713081,3.12743,8.61483,439,124100,0.196715,0.38,1,556675,556236,439
139715061,7.82549,3.32297,446,124100,0.247343,0.33,1,556684,556238,446
139717981,7.9651,8.66459,444,124100,0.257469,0.33,1,556692,556248,444
139720901,9.59302,12.9329,440,124100,0.227494,0.24,1,556702,556262,440
139723821,9.9186,6.58658,445,124100,0.101499,0.28,1,556712,556267,445
139726741,12.3837,10.1173,447,124100,0.1883,0.24,1,556725,556278,447
139729661,14.4767,13.2235,448,124100,0.16566,0.25,1,556740,556292,448
139732581,75.6954,15.4447,523,124100,0.193132,0.15,1,556831,556308,523
139735501,35.9391,76.6889,457,124100,0.158626,0.22,1,556857,556400,457
139738421,15.1878,36.9378,440,124100,0.199725,0.21,1,556867,556427,440
139741341,5.43756,12.9876,436,124100,0.255945,0.18,1,556870,556434,436
139744261,5.08751,6.59751,436,124100,0.219189,0.18,1,556875,556439,436
139747181,21.0175,2.9195,459,124100,0.259838,0.26,1,556900,556441,459
139750101,5.8035,21.3839,435,124100,0.243968,0.22,1,556902,556467,435
139753021,13.9607,5.87678,449,124100,0.272794,0.26,1,556918,556469,449
139755941,4.39214,17.1754,431,124100,0.278559,0.22,1,556920,556489,431
139758861,9.67843,5.03507,440,124100,0.263712,0.21,1,556931,556491,440
139761781,13.9357,5.80701,449,124100,0.268742,0.2,1,556946,556497,449
139764701,13.9871,14.7614,446,124100,0.261748,0.23,1,556960,556514,446
139767621,4.39743,15.7523,432,124100,0.22835,0.23,1,556962,556530,432
139770541,5.67949,4.75046,436,124100,0.18967,0.18,1,556968,556532,436
139772261,4.3359,4.15009,436,124100,0.253934,0.19,1,556972,556536,436
139775181,3.26718,4.83002,434,124100,0.258787,0.15,1,556975,556541,434
139778101,12.6534,14.566,432,124100,0.203757,0.21,1,556990,556558,432
139781021,5.73069,10.9132,426,124100,0.248751,0.06,1,556994,556568,426
139783941,12.3461,12.5826,427,124100,0.24175,0.1,1,557008,556581,427
139786861,9.66923,10.5165,426,124100,0.21635,0.1,1,557017,556591,426
139789781,9.13385,3.70331,433,124100,0.26727,0.12,1,557026,556593,433
139791601,4.22677,3.94066,432,124100,0.269454,0.04,1,557029,556597,432
139794521,2.44535,3.98813,430,124100,0.237891,0.04,1,557031,556601,430
139797441,2.08907,0.797626,432,124100,0.199578,0.04,1,557033,556601,432
139800361,2.01781,0.159525,434,124100,0.167916,0.23,1,557035,556601,434
139803041,3.60356,1.63191,436,124100,0.313583,0.24,1,557039,556603,436
139805961,7.92071,11.5264,431,124100,0.302717,0.15,1,557048,556617,431
139808881,4.78414,5.50528,431,124100,0.268543,0.06,1,557052,556621,431
139811361,7.35683,5.10106,434,124100,0.301709,0.12,1,557060,556626,434
139814281,3.07137,6.62021,429,124100,0.308342,0.12,1,557062,556633,429
139817201,3.01427,1.32404,432,124100,0.301668,0.12,1,557065,556633,432
139820121,6.20285,1.86481,437,124100,0.212334,0.24,1,557072,556635,437
139823041,6.04057,9.17296,432,124100,0.154467,0.18,1,557078,556646,432
139825961,2.80811,6.63459,428,124100,0.230893,0.14,1,557080,556652,428
139828881,12.5616,2.92692,441,124100,0.246179,0.11,1,557095,556654,441
139831801,11.3123,10.1854,440,124100,0.313236,0.2,1,557106,556666,440
139834721,3.86246,7.63708,435,124100,0.302647,0.2,1,557108,556673,435
139837641,8.77249,3.12742,443,124100,0.236529,0.26,1,557118,556675,443
139840561,6.5545,7.82548,440,124100,0.271306,0.26,1,557124,556684,440
139843481,2.9109,7.9651,434,124100,0.278261,0.22,1,557126,556692,434
139846401,15.7822,9.59302,443,124100,0.199652,0.07,1,557145,556702,443
139849321,12.7564,9.9186,445,124100,0.23193,0.21,1,557157,556712,445
139852241,11.3513,12.3837,443,124100,0.294386,0.16,1,557168,556725,443
139855161,75.0703,14.4767,519,124100,0.242877,0.2,1,557259,556740,519
139858081,39.8141,75.6954,459,124100,0.224575,0.15,1,557290,556831,459
139861001,18.3628,35.9391,446,124100,0.276915,0.21,1,557303,556857,446
139863921,5.27256,15.1878,438,124100,0.255383,0.27,1,557305,556867,438
139866481,2.65451,5.43756,437,124100,0.251077,0.33,1,557307,556870,437
139869401,18.1309,6.68751,452,124100,0.290215,0.27,1,557329,556877,452
139872321,10.8262,19.7375,438,124100,0.218043,0.24,1,557338,556900,438
139875241,12.5652,5.5475,449,124100,0.291609,0.28,1,557351,556902,449
139878161,4.11305,13.9095,435,124100,0.306322,0.28,1,557353,556918,435
139881081,9.62261,4.3819,444,124100,0.301264,0.26,1,557364,556920,444
139884001,9.92452,9.67638,443,124100,0.220253,0.27,1,557374,556931,443
139886921,18.7849,13.9353,449,124100,0.172051,0.26,1,557395,556946,449
139889841,5.35698,13.9871,437,124100,0.16241,0.22,1,557397,556960,437
139892761,4.2714,4.39741,439,124100,0.216482,0.18,1,557401,556962,439
139895681,2.45428,5.67948,435,124100,0.227296,0.26,1,557403,556968,435
139897681,2.89086,6.7359,431,124100,0.221459,0.26,1,557406,556975,431
139900601,15.7782,2.94718,448,124100,0.260292,0.19,1,557425,556977,448
139903521,4.75563,10.9894,437,124100,0.236058,0.26,1,557427,556990,437
139906441,11.3511,5.39789,446,124100,0.327212,0.24,1,557440,556994,446
139909361,11.8702,12.2796,444,124100,0.265442,0.21,1,557452,557008,444
139912281,11.174,9.65592,446,124100,0.197088,0.28,1,557463,557017,446
139914321,5.43481,9.13118,441,124100,0.119418,0.23,1,557467,557026,441
139917241,2.68696,5.82624,438,124100,0.191884,0.19,1,557469,557031,438
139920161,2.13739,2.76525,438,124100,0.182377,0.16,1,557471,557033,438
139922641,2.02748,2.15305,438,124100,0.148475,0.37,1,557473,557035,438
139925561,3.6055,6.83061,434,124100,0.141695,0.37,1,557477,557043,434
139928481,4.7211,1.36612,439,124100,0.260339,0.3,1,557482,557043,439
139931401,6.54422,4.27322,441,124100,0.300068,0.26,1,557489,557048,441
139934321,2.90884,4.05464,439,124100,0.308014,0.31,1,557491,557052,439
139937241,2.18177,8.81093,431,124100,0.309603,0.3,1,557493,557062,431
139939281,2.03635,4.16219,430,124100,0.269921,0.22,1,557495,557065,430
139942201,10.0073,4.83244,437,124100,0.285984,0.19,1,557507,557070,437
139945121,7.60145,2.56649,442,124100,0.265197,0.14,1,557514,557072,442
139947601,3.12029,5.3133,438,124100,0.269039,0.29,1,557516,557078,438
139950521,13.4241,3.46266,451,124100,0.309808,0.25,1,557532,557081,451
139953441,7.48481,11.8925,443,124100,0.309962,0.33,1,557538,557095,443
139956361,3.09696,11.1785,434,124100,0.277992,0.3,1,557540,557106,434
139959281,11.8194,3.8357,446,124100,0.271598,0.22,1,557554,557108,446
139962201,7.16388,8.76714,442,124100,0.24632,0.28,1,557560,557118,442
139965121,3.03278,6.55343,438,124100,0.321264,0.28,1,557562,557124,438
139966741,1.40656,2.91069,437,124100,0.320253,0.18,1,557563,557126,437
139969661,13.0813,15.7821,434,124100,0.256051,0.24,1,557579,557145,434
139972581,13.8163,12.7564,436,124100,0.24321,0.31,1,557593,557157,436
139975501,9.16325,11.3513,433,124100,0.256642,0.23,1,557601,557168,433
139978421,75.4326,75.0703,434,124100,0.323328,0.22,1,557693,557259,434
139981341,39.8865,39.8141,434,124100,0.280666,0.29,1,557724,557290,434
139984261,19.1773,18.3628,435,124100,0.304133,0.25,1,557738,557303,435
139987181,7.03546,5.27256,437,124100,0.276827,0.25,1,557742,557305,437
139989621,12.6071,2.65451,449,124100,0.295365,0.3,1,557756,557307,449
139992541,7.32142,18.1309,433,124100,0.243073,0.2,1,557762,557329,433
139995461,7.06428,10.8262,431,124100,0.312615,0.31,1,557769,557338,431
139998381,15.0129,12.5652,435,124100,0.254523,0.31,1,557786,557351,435
140001301,4.60257,4.11305,435,124100,0.210905,0.3,1,557788,557353,435
140004221,7.32051,9.62261,432,124100,0.322181,0.2,1,557796,557364,432
140007141,12.6641,9.92452,436,124100,0.312436,0.16,1,557810,557374,436
140010061,16.1328,18.7849,432,124100,0.310487,0.16,1,557827,557395,432
140012981,4.82656,5.35698,432,124100,0.310097,0.23,1,557829,557397,432
140015621,10.5653,4.2714,440,124100,0.326019,0.24,1,557841,557401,440
140018541,4.51306,4.05428,439,124100,0.321204,0.22,1,557844,557405,439
140021461,2.50261,1.61086,440,124100,0.312241,0.27,1,557846,557406,440
140024381,12.5005,15.5222,436,124100,0.318448,0.23,1,557861,557425,436
140027301,4.1001,4.70443,436,124100,0.32769,0.35,1,557863,557427,436
140030221,10.42,11.3409,435,124100,0.273538,0.25,1,557875,557440,435
140033141,7.684,11.8682,430,124100,0.310708,0.18,1,557882,557452,430
140036061,9.5368,11.1736,429,124100,0.318142,0.1,1,557892,557463,429
140038981,12.3074,5.43473,438,124100,0.343628,0.21,1,557905,557467,438
140041621,4.06147,2.68695,438,124100,0.316726,0.16,1,557907,557469,438
140044541,2.41229,4.53739,435,124100,0.287345,0.16,1,557909,557474,435
140047461,3.68246,0.907478,439,124100,0.241469,0.14,1,557913,557474,439
140050381,3.93649,2.5815,440,124100,0.352294,0.29,1,557917,557477,440
140053301,3.9873,4.5163,439,124100,0.374459,0.31,1,557921,557482,439
140056221,2.39746,6.50326,434,124100,0.394892,0.31,1,557923,557489,434
140058881,2.07949,2.90065,434,124100,0.398978,0.24,1,557925,557491,434
140061801,5.2159,4.58013,435,124100,0.407796,0.24,1,557931,557496,435
140064721,9.04318,0.916026,445,124100,0.377559,0.29,1,557941,557496,445
140067641,6.60864,8.98321,440,124100,0.379512,0.26,1,557947,557507,440
140070561,6.12173,7.39664,439,124100,0.347902,0.32,1,557953,557514,439
140073481,10.8243,15.8793,433,124100,0.31758,0.31,1,557965,557532,433
140076401,10.1649,7.97587,437,124100,0.311516,0.27,1,557975,557538,437
140078641,3.63297,3.19517,437,124100,0.310303,0.27,1,557977,557540,437
140081561,11.9266,2.23903,449,124100,0.334061,0.27,1,557991,557542,449
140084481,7.18532,10.0478,443,124100,0.346812,0.24,1,557997,557554,443
140086961,3.03706,6.80956,439,124100,0.349362,0.39,1,557999,557560,439
140089881,5.40741,9.36191,435,124100,0.349872,0.24,1,558005,557570,435
140092801,9.08148,9.07238,436,124100,0.349974,0.24,1,558015,557579,436
140095721,13.0163,13.0145,436,124100,0.317995,0.26,1,558029,557593,436
140098641,10.6033,9.0029,438,124100,0.311599,0.34,1,558039,557601,438
140101561,74.1207,75.4006,436,124100,0.37432,0.27,1,558129,557693,436
140104481,38.0241,39.8801,434,124100,0.314864,0.31,1,558158,557724,434
140107401,22.0048,19.176,438,124100,0.326973,0.27,1,558176,557738,438
140110321,6.00096,7.0352,436,124100,0.297395,0.3,1,558178,557742,436
140113241,10.8002,12.607,434,124100,0.331479,0.23,1,558190,557756,434
140116161,10.16,7.32141,438,124100,0.290296,0.33,1,558200,557762,438
140119081,3.63201,7.06428,433,124100,0.346059,0.24,1,558202,557769,433
140122001,19.1264,15.0129,439,124100,0.309212,0.2,1,558225,557786,439
140124921,5.42528,4.60257,439,124100,0.325842,0.35,1,558227,557788,439
140126481,6.68506,7.32051,438,124100,0.369168,0.38,1,558234,557796,438
140129401,12.537,3.8641,449,124100,0.369834,0.31,1,558248,557799,449
140132321,16.1074,9.57282,455,124100,0.321967,0.31,1,558265,557810,455
140135241,4.82148,15.5146,440,124100,0.344393,0.31,1,558267,557827,440
140138161,5.7643,4.70291,444,124100,0.260879,0.33,1,558273,557829,444
140141081,5.15286,10.5406,437,124100,0.372176,0.32,1,558278,557841,437
140143121,6.63057,4.50812,441,124100,0.354435,0.23,1,558285,557844,441
140146041,10.1261,5.70162,446,124100,0.318887,0.32,1,558296,557850,446
140148961,3.62522,9.94032,437,124100,0.279777,0.33,1,558298,557861,437
140151881,11.925,3.58806,449,124100,0.263956,0.26,1,558312,557863,449
140154801,7.98501,10.3176,444,124100,0.260791,0.32,1,558319,557875,444
140157721,10.397,7.66352,448,124100,0.284158,0.32,1,558330,557882,448
140160641,7.6794,9.5327,445,124100,0.280832,0.35,1,558337,557892,445
140163561,9.53588,12.3065,442,124100,0.296166,0.31,1,558347,557905,442
140166481,3.50718,4.06131,442,124100,0.307233,0.28,1,558349,557907,442
140168501,1.50144,2.41226,441,124100,0.293447,0.23,1,558350,557909,441
140171421,3.50029,3.68245,441,124100,0.266689,0.38,1,558354,557913,441
140174341,3.90006,3.93649,441,124100,0.341338,0.38,1,558358,557917,441
140177261,3.98001,3.9873,441,124100,0.340268,0.4,1,558362,557921,441
140180181,2.396,2.39746,441,124100,0.340054,0.4,1,558364,557923,441
140182021,1.2792,2.07949,440,124100,0.372011,0.41,1,558365,557925,440
140184941,5.05584,5.2159,440,124100,0.410402,0.37,1,558371,557931,440
140187861,7.41117,9.04318,438,124100,0.37008,0.38,1,558379,557941,438
140190781,6.28223,6.60864,438,124100,0.290016,0.34,1,558385,557947,438
140193701,4.45645,6.12173,436,124100,0.306003,0.31,1,558389,557953,436
140196621,11.2913,10.8243,437,124100,0.373201,0.31,1,558402,557965,437
140199541,8.65826,10.1649,435,124100,0.41064,0.31,1,558410,557975,435
140202461,7.33165,3.63297,440,124100,0.442128,0.34,1,558417,557977,440
140205381,11.8663,11.9266,439,124100,0.464426,0.35,1,558430,557991,439
140208301,8.77327,7.18532,441,124100,0.436885,0.35,1,558438,557997,441
140211141,6.55465,3.03706,445,124100,0.439377,0.35,1,558444,557999,445
140214061,5.31093,5.40741,444,124100,0.415875,0.35,1,558449,558005,444
140216981,14.6622,9.08148,451,124100,0.371175,0.31,1,558466,558015,451
140219901,9.33244,13.0163,445,124100,0.290235,0.31,1,558474,558029,445
140222821,72.2665,10.6033,523,124100,0.362047,0.39,1,558562,558039,523
140225741,40.8533,74.1207,466,124100,0.352409,0.3,1,558595,558129,466
140228661,21.7707,38.0241,454,124100,0.358482,0.33,1,558612,558158,454
140231581,8.35413,22.0048,441,124100,0.351696,0.29,1,558617,558176,441
140234501,8.87083,6.00096,448,124100,0.334339,0.34,1,558626,558178,448
140237421,8.97417,10.8002,445,124100,0.386868,0.28,1,558635,558190,445
140240341,3.39483,10.16,437,124100,0.405374,0.36,1,558637,558200,437
140242341,4.67897,3.63201,440,124100,0.329075,0.3,1,558642,558202,440
140245261,20.1358,19.1264,441,124100,0.329815,0.33,1,558666,558225,441
140248181,5.62716,5.42528,441,124100,0.297963,0.38,1,558668,558227,441
140250661,13.1254,6.68506,449,124100,0.363593,0.37,1,558683,558234,449
140253581,20.2251,12.537,457,124100,0.248719,0.31,1,558705,558248,457
140256501,5.64502,16.1074,442,124100,0.233744,0.35,1,558707,558265,442
140259421,4.329,4.82148,444,124100,0.286749,0.24,1,558711,558267,444
140261061,3.2658,5.7643,441,124100,0.24935,0.4,1,558714,558273,441
140263981,2.25316,5.15286,438,124100,0.27387,0.35,1,558716,558278,438
140266901,4.45063,6.63057,436,124100,0.382774,0.31,1,558721,558285,436
140269821,10.4901,10.1261,437,124100,0.380555,0.27,1,558733,558296,437
140272741,3.69803,3.62522,437,124100,0.380111,0.26,1,558735,558298,437
140275661,10.3396,11.925,435,124100,0.380022,0.26,1,558747,558312,435
140278581,8.46792,7.98501,436,124100,0.308004,0.29,1,558755,558319,436
140281501,10.4936,10.397,436,124100,0.333601,0.28,1,558766,558330,436
140284421,9.29872,7.6794,438,124100,0.29072,0.3,1,558775,558337,438
140287341,11.4597,9.53588,440,124100,0.346144,0.31,1,558787,558347,440
140290261,3.89195,3.50718,440,124100,0.325229,0.29,1,558789,558349,440
140292261,3.17839,1.50144,442,124100,0.281046,0.26,1,558792,558350,442
140295181,2.23568,3.50029,440,124100,0.240209,0.36,1,558794,558354,440
140298101,5.24714,3.90006,442,124100,0.352042,0.34,1,558800,558358,442
140301021,4.24943,3.98001,442,124100,0.350408,0.34,1,558804,558362,442
140303941,2.44989,2.396,442,124100,0.326082,0.38,1,558806,558364,442
140306821,2.08998,1.2792,443,124100,0.289216,0.42,1,558808,558365,443
140309741,6.818,5.05584,445,124100,0.369843,0.36,1,558816,558371,445
140312661,10.1636,7.41117,448,124100,0.337969,0.27,1,558827,558379,448
140315581,3.63272,6.28223,444,124100,0.355594,0.31,1,558829,558385,444
140318501,13.5265,4.45645,456,124100,0.351119,0.39,1,558845,558389,456
140321421,7.50531,11.2913,449,124100,0.334224,0.42,1,558851,558402,449
140324341,3.90106,8.65826,444,124100,0.282845,0.45,1,558854,558410,444
140327261,15.1802,7.33165,455,124100,0.320569,0.47,1,558872,558417,455
140330181,7.83604,11.8663,448,124100,0.376114,0.43,1,558878,558430,448
140333101,7.96721,8.77327,448,124100,0.355223,0.44,1,558886,558438,448
140334901,2.39344,6.55465,443,124100,0.335045,0.41,1,558887,558444,443
140337821,3.67869,5.31093,442,124100,0.363009,0.36,1,558891,558449,442
140340741,10.3357,14.6622,437,124100,0.352602,0.27,1,558903,558466,437
140343661,10.0671,9.33244,439,124100,0.38252,0.38,1,558913,558474,439
140346581,74.0134,72.2665,441,124100,0.420504,0.35,1,559003,558562,441
140349501,39.6027,40.8533,439,124100,0.444101,0.36,1,559034,558595,439
140352421,23.9205,21.7707,442,124100,0.33682,0.35,1,559054,558612,442
140355341,9.58411,8.35413,443,124100,0.387364,0.33,1,559060,558617,443
140358261,8.31682,8.87083,442,124100,0.365473,0.4,1,559068,558626,442
140361181,9.66336,8.97417,443,124100,0.393095,0.41,1,559078,558635,443
140364101,3.53267,3.39483,443,124100,0.398619,0.31,1,559080,558637,443
140367021,20.7065,4.67897,463,124100,0.271724,0.33,1,559105,558642,463
140369941,7.34131,20.1358,443,124100,0.334345,0.29,1,559109,558666,443
140372861,12.6683,5.62716,455,124100,0.386869,0.38,1,559123,558668,455
140375781,14.5337,13.1254,455,124100,0.397374,0.22,1,559138,558683,455
140378701,4.50673,20.2251,435,124100,0.391475,0.23,1,559140,558705,435
140381621,9.70135,5.64502,444,124100,0.446295,0.3,1,559151,558707,444
140384541,5.14027,4.329,444,124100,0.393259,0.28,1,559155,558711,444
140387461,2.62805,4.8658,441,124100,0.406652,0.28,1,559157,558716,441
140388981,2.92561,0.97316,444,124100,0.36133,0.43,1,559160,558716,444
140391901,10.9851,4.99463,451,124100,0.360266,0.38,1,559173,558722,451
140394821,3.79702,9.79893,442,124100,0.360053,0.38,1,559175,558733,442
140397741,7.95941,3.55979,449,124100,0.360011,0.38,1,559184,558735,449
140400661,8.79188,10.312,446,124100,0.368002,0.29,1,559193,558747,446
140403581,8.15838,8.46239,446,124100,0.2976,0.34,1,559201,558755,446
140406501,12.8317,10.4925,449,124100,0.24352,0.28,1,559215,558766,449
140409421,11.3663,9.2985,451,124100,0.336704,0.36,1,559226,558775,451
140412341,3.87327,11.4597,441,124100,0.347341,0.32,1,559228,558787,441
140414561,3.97465,3.89194,443,124100,0.285468,0.38,1,559232,558789,443
140417481,3.99493,9.57839,436,124100,0.217094,0.38,1,559236,558800,436
140420401,2.39899,1.91568,438,124100,0.251419,0.38,1,559238,558800,438
140423321,4.4798,0.383135,443,124100,0.386284,0.35,1,559243,558800,443
140426001,3.29596,3.27663,442,124100,0.405257,0.3,1,559246,558804,442
140428921,2.25919,3.05533,441,124100,0.417051,0.28,1,559248,558807,441
140431841,3.65184,1.41107,444,124100,0.41141,0.39,1,559252,558808,444
140434761,8.73037,6.68221,446,124100,0.402282,0.33,1,559262,558816,446
140437681,4.14607,10.1364,438,124100,0.376456,0.36,1,559265,558827,438
140440601,13.6292,3.62729,452,124100,0.323291,0.35,1,559281,558829,452
140443521,10.7258,13.5255,446,124100,0.256658,0.33,1,559291,558845,446
140446441,3.74517,7.50509,442,124100,0.395332,0.27,1,559293,558851,442
140449361,15.149,3.90102,457,124100,0.335066,0.33,1,559311,558854,457
140452281,9.42981,15.1802,447,124100,0.307013,0.39,1,559319,558872,447
140455201,6.68596,7.83604,447,124100,0.365403,0.35,1,559325,558878,447
140458121,2.93719,7.96721,441,124100,0.353081,0.37,1,559327,558886,441
140460321,3.78744,5.59344,440,124100,0.350616,0.38,1,559331,558891,440
140463241,10.3575,6.71869,445,124100,0.358123,0.35,1,559343,558898,445
140466161,10.0715,5.34374,450,124100,0.311625,0.39,1,559353,558903,450
140469081,74.0143,9.06875,530,124100,0.238325,0.43,1,559443,558913,530
140472001,40.4029,73.8137,472,124100,0.247665,0.45,1,559475,559003,472
140474921,21.6806,39.5628,458,124100,0.281533,0.31,1,559492,559034,458
140477841,8.33611,23.9125,443,124100,0.232307,0.4,1,559497,559054,443
140480761,11.2672,9.58251,449,124100,0.270461,0.36,1,559509,559060,449
140483681,10.2534,8.3165,451,124100,0.262092,0.4,1,559519,559068,451
140486321,3.65069,9.6633,443,124100,0.324418,0.33,1,559521,559078,443
140489241,18.3301,7.53266,458,124100,0.232884,0.24,1,559543,559085,458
140492161,6.06603,17.5065,441,124100,0.174577,0.35,1,559546,559105,441
140495081,16.4132,6.70131,456,124100,0.266915,0.4,1,559565,559109,456
140498001,9.68264,12.5403,450,124100,0.301383,0.4,1,559573,559123,450
140500921,9.13653,14.5081,444,124100,0.356277,0.39,1,559582,559138,444
140503841,8.22731,4.50161,450,124100,0.263255,0.46,1,559590,559140,450
140506761,4.84546,9.70032,443,124100,0.212651,0.38,1,559594,559151,443
140509201,2.56909,5.14006,441,124100,0.17053,0.41,1,559596,559155,441
140512121,5.31382,5.82801,441,124100,0.274106,0.36,1,559602,559161,441
140515041,9.86276,10.7656,440,124100,0.278821,0.36,1,559613,559173,440
140517961,5.17255,3.75312,442,124100,0.287764,0.36,1,559617,559175,442
140520881,7.43451,7.95062,441,124100,0.313553,0.37,1,559625,559184,441
140523801,3.0869,8.79013,434,124100,0.278711,0.28,1,559627,559193,434
140526721,8.61738,8.15803,436,124100,0.247742,0.23,1,559637,559201,436
140529641,16.1235,12.8316,440,124100,0.185548,0.36,1,559655,559215,440
140532561,8.0247,11.3663,435,124100,0.23711,0.35,1,559661,559226,435
140535481,3.20494,3.87326,435,124100,0.247422,0.27,1,559663,559228,435
140537281,3.84099,3.97465,435,124100,0.217484,0.2,1,559667,559232,435
140540201,8.7682,3.99493,441,124100,0.283497,0.26,1,559677,559236,441
140543121,3.35364,2.39899,441,124100,0.296699,0.42,1,559679,559238,441
140545601,3.87073,4.4798,440,124100,0.23534,0.43,1,559683,559243,440
140548521,2.37415,4.09596,438,124100,0.199068,0.43,1,559685,559247,438
140551441,2.07483,0.819192,440,124100,0.183814,0.42,1,559687,559247,440
140554361,5.21497,0.963838,445,124100,0.308763,0.41,1,559693,559248,445
140557281,7.44299,3.39277,449,124100,0.277753,0.4,1,559701,559252,449
140560201,4.6886,8.67855,443,124100,0.29555,0.37,1,559705,559262,443
140563121,8.13772,4.13571,449,124100,0.27511,0.31,1,559714,559265,449
140566041,12.8275,13.6271,447,124100,0.271022,0.24,1,559728,559281,447
140568481,4.16551,10.7254,439,124100,0.230204,0.34,1,559730,559291,439
140571401,16.0331,6.94509,452,124100,0.238041,0.32,1,559749,559297,452
140574321,10.4066,12.589,447,124100,0.247608,0.3,1,559758,559311,447
140577241,8.48132,8.9178,447,124100,0.297522,0.38,1,559766,559319,447
140580161,3.29626,6.58356,443,124100,0.307504,0.35,1,559768,559325,443
140583041,3.85925,2.91671,445,124100,0.277501,0.36,1,559772,559327,445
140585961,8.77185,13.3833,439,124100,0.3035,0.3,1,559782,559343,439
140588881,10.5544,10.6767,440,124100,0.2927,0.22,1,559793,559353,440
140591801,74.1109,74.1353,440,124100,0.27454,0.25,1,559883,559443,440
140594721,38.8222,40.4271,438,124100,0.294908,0.29,1,559913,559475,438
140597641,19.7644,21.6854,436,124100,0.346982,0.22,1,559928,559492,436
140600561,8.75289,8.33708,437,124100,0.269396,0.28,1,559934,559497,437
140603481,9.75058,11.2674,435,124100,0.133879,0.26,1,559944,559509,435
140606401,9.95012,10.2535,435,124100,0.274776,0.34,1,559954,559519,435
140609321,5.19002,3.6507,437,124100,0.270955,0.21,1,559958,559521,437
140612241,15.438,18.3301,433,124100,0.254191,0.16,1,559976,559543,433
140615161,9.4876,6.06603,438,124100,0.266838,0.29,1,559984,559546,438
140618081,16.2975,16.4132,437,124100,0.213368,0.31,1,560002,559565,437
140621001,11.2595,9.68264,439,124100,0.250674,0.37,1,560012,559573,439
140623921,3.8519,9.13653,432,124100,0.258135,0.24,1,560014,559582,432
140626841,11.1704,8.22731,437,124100,0.243627,0.2,1,560027,559590,437
140629761,5.43408,4.84546,437,124100,0.176725,0.16,1,560031,559594,437
140631921,2.68682,2.56909,437,124100,0.139345,0.3,1,560033,559596,437
140634841,3.73736,5.31382,435,124100,0.099869,0.28,1,560037,559602,435
140637761,8.74747,9.86276,434,124100,0.195974,0.29,1,560047,559613,434
140640681,6.54949,5.17255,436,124100,0.247195,0.32,1,560053,559617,436
140643601,6.1099,7.43451,434,124100,0.193439,0.27,1,560059,559625,434
140646521,2.82198,3.0869,434,124100,0.150688,0.24,1,560061,559627,434
140649441,6.1644,8.61738,431,124100,0.254138,0.17,1,560068,559637,431
140652361,16.4329,16.1235,432,124100,0.154828,0.25,1,560087,559655,432
140655281,9.68658,8.0247,434,124100,0.0789655,0.25,1,560095,559661,434
140656881,2.73732,3.20494,433,124100,0.0477931,0.23,1,560096,559663,433
140659801,6.14746,1.44099,439,124100,0.145559,0.21,1,560103,559664,439
140662721,4.42949,2.6882,440,124100,0.149112,0.3,1,560107,559667,440
140665641,8.0859,8.53764,439,124100,0.165822,0.3,1,560116,559677,439
140668321,4.81718,3.30753,441,124100,0.225164,0.39,1,560120,559679,441
140671241,2.56344,9.46151,432,124100,0.213033,0.39,1,560122,559690,432
140674161,2.11269,1.8923,434,124100,0.178607,0.34,1,560124,559690,434
140677081,5.22254,2.77846,437,124100,0.267721,0.27,1,560130,559693,437
140680001,7.44451,6.95569,437,124100,0.253544,0.3,1,560138,559701,437
140681841,2.2889,4.59114,434,124100,0.234709,0.27,1,560139,559705,434
140684761,9.25778,3.31823,442,124100,0.270942,0.27,1,560150,559708,442
140687681,13.8516,5.46365,451,124100,0.262188,0.27,1,560165,559714,451
140690601,4.37031,12.2927,439,124100,0.228438,0.22,1,560167,559728,439
140693521,12.0741,4.05855,451,124100,0.285688,0.24,1,560181,559730,451
140696441,13.6148,16.0117,446,124100,0.193138,0.25,1,560195,559749,446
140699361,7.52296,10.4023,443,124100,0.166627,0.31,1,560201,559758,443
140702281,3.90459,8.48047,438,124100,0.113325,0.31,1,560204,559766,438
140704721,4.78092,3.29609,441,124100,0.238665,0.27,1,560209,559768,441
140707641,7.35618,5.45922,443,124100,0.247733,0.31,1,560217,559774,443
140710561,4.67124,7.49184,439,124100,0.257547,0.29,1,560221,559782,439
140713481,79.3342,10.2984,526,124100,0.267509,0.27,1,560319,559793,526
140716401,40.6668,74.0597,467,124100,0.253502,0.3,1,560350,559883,467
140719321,12.9334,38.8119,443,124100,0.2507,0.36,1,560356,559913,443
140722241,5.78667,19.7624,432,124100,0.19414,0.25,1,560360,559928,432
140725161,17.1573,8.75248,446,124100,0.150828,0.1,1,560380,559934,446
140728081,11.4315,9.7505,446,124100,0.206166,0.31,1,560390,559944,446
140731001,3.88629,9.9501,438,124100,0.305233,0.27,1,560392,559954,438
140733921,15.9773,5.19002,453,124100,0.253047,0.25,1,560411,559958,453
140736841,4.79545,15.438,437,124100,0.242609,0.27,1,560413,559976,437
140739761,19.3591,9.4876,452,124100,0.160522,0.2,1,560436,559984,452
140742681,11.8718,16.2975,444,124100,0.176104,0.26,1,560446,560002,444
140745601,3.97436,11.2595,436,124100,0.179221,0.26,1,560448,560012,436
140748521,3.99487,3.8519,438,124100,0.155844,0.24,1,560452,560014,438
140751441,10.399,11.1704,437,124100,0.247169,0.16,1,560464,560027,437
140754361,3.67979,5.43408,435,124100,0.233434,0.13,1,560466,560031,435
140756101,3.93596,2.68682,437,124100,0.190687,0.28,1,560470,560033,437
140759021,6.38719,5.33736,438,124100,0.286137,0.22,1,560477,560039,438
140761941,2.87744,7.46747,432,124100,0.281227,0.26,1,560479,560047,432
140764861,10.9755,6.29349,439,124100,0.272245,0.18,1,560492,560053,439
140767781,3.7951,6.0587,435,124100,0.238449,0.14,1,560494,560059,435
140770701,2.35902,2.81174,435,124100,0.23969,0.28,1,560496,560061,435
140772741,2.0718,6.16235,430,124100,0.207938,0.13,1,560498,560068,430
140775661,10.0144,16.4325,423,124100,0.289588,0.06,1,560510,560087,423
140778581,13.2029,9.68649,429,124100,0.185918,0.04,1,560524,560095,429
140781501,10.6406,2.7373,438,124100,0.157183,0.17,1,560534,560096,438
140784181,5.32811,6.14746,435,124100,0.127437,0.15,1,560538,560103,435
140787101,5.86562,4.42949,437,124100,0.153487,0.17,1,560544,560107,437
140790021,9.97312,8.0859,439,124100,0.214697,0.24,1,560555,560116,439
140792941,3.59462,4.81718,437,124100,0.194939,0.21,1,560557,560120,437
140794581,3.11893,2.56344,438,124100,0.230988,0.29,1,560560,560122,438
140797501,2.22378,6.91269,432,124100,0.206198,0.29,1,560562,560130,432
140800421,2.04476,1.38254,434,124100,0.16924,0.25,1,560564,560130,434
140803341,5.20895,6.67651,432,124100,0.185848,0.23,1,560570,560138,432
140806261,13.0418,2.1353,446,124100,0.22917,0.28,1,560585,560139,446
140809181,7.40836,9.22706,441,124100,0.221834,0.26,1,560591,560150,441
140812101,10.2817,13.8454,437,124100,0.284367,0.22,1,560602,560165,437
140815021,10.0563,4.36908,445,124100,0.264873,0.3,1,560612,560167,445
140817941,10.8113,12.0738,442,124100,0.300975,0.17,1,560623,560181,442
140820861,11.7623,13.6148,440,124100,0.276195,0.16,1,560635,560195,440
140823781,3.95245,7.52295,436,124100,0.247239,0.1,1,560637,560201,436
140825781,1.59049,3.90459,434,124100,0.225448,0.27,1,560638,560204,434
140828701,3.5181,4.78092,433,124100,0.27709,0.25,1,560642,560209,433
140831621,7.90362,7.35618,434,124100,0.327418,0.26,1,560651,560217,434
140834101,4.78072,4.67124,434,124100,0.297484,0.27,1,560655,560221,434
140837021,76.1561,79.3342,430,124100,0.211497,0.25,1,560749,560319,430
140839941,40.8312,40.6668,431,124100,0.218299,0.25,1,560781,560350,431
140842861,17.7662,12.9334,437,124100,0.20366,0.18,1,560793,560356,437
140845781,6.75325,5.78667,437,124100,0.168732,0.14,1,560797,560360,437
140848701,14.9507,17.1573,434,124100,0.201746,0.22,1,560814,560380,434
140851621,10.9901,11.4315,434,124100,0.200349,0.33,1,560824,560390,434
140854541,3.79803,3.88629,434,124100,0.20807,0.24,1,560826,560392,434
140857461,14.3596,15.9773,432,124100,0.177614,0.24,1,560843,560411,432
140860381,4.47192,4.79545,432,124100,0.139523,0.14,1,560845,560413,432
140863301,18.4944,19.3591,431,124100,0.203905,0.18,1,560867,560436,431
140866221,16.4989,11.8718,437,124100,0.184781,0.18,1,560883,560446,437
140869141,4.89978,3.97436,437,124100,0.180956,0.15,1,560885,560448,437
140871541,4.17996,3.99487,437,124100,0.124191,0.27,1,560889,560452,437
140874461,4.03599,10.399,429,124100,0.0808382,0.23,1,560893,560464,429
140877381,8.8072,3.67979,437,124100,0.184168,0.18,1,560903,560466,437
140879441,3.36144,3.93596,435,124100,0.172834,0.31,1,560905,560470,435
140882361,7.87229,6.38719,437,124100,0.194567,0.28,1,560914,560477,437
140885281,3.17446,2.87744,437,124100,0.182913,0.27,1,560916,560479,437
140888201,5.43489,10.9755,430,124100,0.172583,0.23,1,560922,560492,430
140891121,2.68698,3.7951,430,124100,0.146517,0.24,1,560924,560494,430
140892961,2.1374,2.35902,430,124100,0.133303,0.18,1,560926,560496,430
140895881,6.82748,2.8718,435,124100,0.218661,0.31,1,560934,560499,435
140898801,4.5655,9.37436,428,124100,0.235732,0.16,1,560938,560510,428
140901721,13.7131,13.0749,430,124100,0.191146,0.15,1,560954,560524,430
140904641,10.7426,10.615,430,124100,0.126229,0.12,1,560964,560534,430
140907561,6.94852,5.32299,432,124100,0.113246,0.16,1,560970,560538,432
140910481,6.1897,5.8646,432,124100,0.206649,0.23,1,560976,560544,432
140913401,9.23794,9.97292,431,124100,0.13733,0.19,1,560986,560555,431
140916321,3.44759,3.59458,431,124100,0.187466,0.24,1,560988,560557,431
140917921,3.08952,3.11892,431,124100,0.173493,0.19,1,560991,560560,431
140920841,8.6179,5.42378,435,124100,0.234699,0.19,1,561001,560566,435
140923761,3.32358,1.08476,437,124100,0.22294,0.19,1,561003,560566,437
140926681,3.86472,3.41695,437,124100,0.164588,0.24,1,561007,560570,437
140929601,7.17294,12.6834,430,124100,0.152918,0.22,1,561015,560585,430
140932521,11.0346,7.33668,436,124100,0.214584,0.3,1,561027,560591,436
140935441,10.2069,10.2673,435,124100,0.146917,0.26,1,561037,560602,435
140938361,11.6414,10.0535,437,124100,0.221383,0.31,1,561049,560612,437
140941281,8.72828,10.8107,434,124100,0.220277,0.27,1,561057,560623,434
140944201,13.7457,11.7621,437,124100,0.188055,0.24,1,561072,560635,437
140947121,4.34913,3.95243,437,124100,0.149611,0.22,1,561074,560637,437
140950041,4.06983,1.59049,440,124100,0.165922,0.29,1,561078,560638,440
140952661,3.21397,3.5181,439,124100,0.225184,0.34,1,561081,560642,439
140955581,4.64279,7.90362,435,124100,0.229037,0.29,1,561086,560651,435
140958501,71.3286,4.78072,519,124100,0.221807,0.19,1,561174,560655,519
140961421,44.6657,76.1561,463,124100,0.244361,0.22,1,561212,560749,463
140964341,19.3331,40.8312,444,124100,0.224872,0.2,1,561225,560781,444
140967261,5.46663,17.7662,434,124100,0.220974,0.16,1,561227,560793,434
140970181,14.6933,6.75325,447,124100,0.204195,0.21,1,561244,560797,447
140973101,7.73867,14.9507,436,124100,0.184839,0.2,1,561250,560814,436
140976021,3.94773,10.9901,429,124100,0.132968,0.21,1,561253,560824,429
140978941,18.3895,3.79803,449,124100,0.210594,0.17,1,561275,560826,449
140981861,5.27791,14.3596,434,124100,0.234119,0.13,1,561277,560843,434
140984781,18.6556,4.47192,454,124100,0.206824,0.22,1,561299,560845,454
140987701,10.1311,18.4944,440,124100,0.193365,0.18,1,561307,560867,440
140990621,3.62622,16.4989,426,124100,0.158673,0.18,1,561309,560883,426
140993541,10.3252,4.89978,436,124100,0.255735,0.11,1,561321,560885,436
140995301,4.46505,4.17996,435,124100,0.259147,0.11,1,561324,560889,435
140998221,2.49301,5.63599,431,124100,0.227829,0.21,1,561326,560895,431
141001141,6.8986,7.5272,431,124100,0.301566,0.17,1,561334,560903,431
141004061,7.77972,3.10544,437,124100,0.244313,0.2,1,561342,560905,437
141006741,3.15594,7.82109,430,124100,0.288863,0.18,1,561344,560914,430
141009661,8.63119,3.16422,438,124100,0.265773,0.17,1,561354,560916,438
141012581,3.32624,5.43284,434,124100,0.245155,0.14,1,561356,560922,434
141015501,2.26525,2.68657,434,124100,0.233031,0.13,1,561358,560924,434
141018421,2.05305,2.13731,434,124100,0.238606,0.24,1,561360,560926,434
141021341,9.21061,6.82746,437,124100,0.247721,0.24,1,561371,560934,437
141024261,9.84212,4.56549,443,124100,0.257544,0.18,1,561381,560938,443
141027181,14.7684,13.7131,443,124100,0.227509,0.11,1,561397,560954,443
141030101,6.15368,10.7426,437,124100,0.229502,0.11,1,561401,560964,437
141033021,2.83074,6.94852,433,124100,0.2699,0.23,1,561403,560970,433
141035941,13.3661,6.1897,443,124100,0.26998,0.12,1,561419,560976,443
141038861,4.27323,9.23794,435,124100,0.237996,0.2,1,561421,560986,435
141040641,3.25465,3.44759,436,124100,0.215599,0.25,1,561424,560988,436
141043561,3.85093,11.0895,427,124100,0.17912,0.22,1,561428,561001,427
141046481,2.37019,3.8179,427,124100,0.291824,0.15,1,561430,561003,427
141048961,8.47404,3.96358,433,124100,0.322365,0.15,1,561440,561007,433
141051881,8.09481,7.19272,433,124100,0.248473,0.15,1,561448,561015,433
141054801,6.41896,1.43854,439,124100,0.305695,0.23,1,561454,561015,439
141057721,12.4838,9.88771,441,124100,0.285139,0.13,1,561468,561027,441
141060641,13.6968,9.97754,445,124100,0.273028,0.24,1,561482,561037,445
141063561,7.53935,11.5955,439,124100,0.294606,0.22,1,561488,561049,439
141066481,14.3079,8.7191,447,124100,0.250921,0.18,1,561504,561057,447
141069401,4.46157,13.7438,434,124100,0.234184,0.14,1,561506,561072,434
141071841,4.09231,4.34876,436,124100,0.198837,0.23,1,561510,561074,436
141074761,7.21846,10.4698,432,124100,0.303767,0.23,1,561518,561086,432
141077681,3.04369,2.09395,434,124100,0.332753,0.23,1,561520,561086,434
141080601,67.8087,0.41879,518,124100,0.274551,0.22,1,561604,561086,518
141083521,41.5617,70.4838,465,124100,0.29491,0.25,1,561639,561174,465
141086441,17.9123,44.4968,439,124100,0.386982,0.22,1,561651,561212,439
141089361,10.7825,19.2994,435,124100,0.309396,0.22,1,561660,561225,435
141092281,14.9565,5.45987,449,124100,0.357879,0.2,1,561676,561227,449
141095201,7.7913,14.692,438,124100,0.359576,0.18,1,561682,561244,438
141097841,3.15826,7.73839,434,124100,0.335915,0.21,1,561684,561250,434
141100761,18.2317,6.34768,450,124100,0.307183,0.23,1,561706,561256,450
141103681,5.24633,16.4695,433,124100,0.277437,0.24,1,561708,561275,433
141106601,17.0493,4.89391,451,124100,0.367487,0.2,1,561728,561277,451
141109521,14.6099,18.5788,443,124100,0.345497,0.19,1,561742,561299,443
141112441,4.52197,10.1158,437,124100,0.317099,0.15,1,561744,561307,437
141115361,4.10439,3.62315,439,124100,0.31942,0.28,1,561748,561309,439
141118281,10.4209,10.3246,439,124100,0.415884,0.22,1,561760,561321,439
141120721,3.68418,6.06493,436,124100,0.411177,0.16,1,561762,561326,436
141123641,7.13684,3.61299,441,124100,0.306235,0.32,1,561770,561329,441
141126561,6.22737,4.7226,442,124100,0.373247,0.23,1,561776,561334,442
141129481,2.84547,7.34452,436,124100,0.354649,0.26,1,561778,561342,436
141132401,10.1691,11.0689,436,124100,0.37493,0.24,1,561790,561354,436
141135321,3.63382,3.81378,436,124100,0.394986,0.23,1,561792,561356,436
141137361,2.32676,2.36276,436,124100,0.366997,0.29,1,561794,561358,436
141140281,5.26535,6.07255,435,124100,0.289399,0.29,1,561800,561365,435
141143201,5.85307,1.21451,441,124100,0.32188,0.25,1,561806,561365,441
141146121,9.97061,5.0429,446,124100,0.264376,0.26,1,561817,561371,446
141149041,9.99412,9.00858,446,124100,0.180875,0.22,1,561827,561381,446
141151961,11.5988,14.6017,442,124100,0.228175,0.23,1,561839,561397,442
141154881,3.91976,6.12034,440,124100,0.229635,0.28,1,561841,561401,440
141156501,1.58395,2.82407,439,124100,0.213927,0.27,1,561842,561403,439
141159421,6.71679,13.3648,431,124100,0.138785,0.23,1,561850,561419,431
141162341,6.94336,4.27296,436,124100,0.299757,0.21,1,561857,561421,436
141164821,7.78867,3.25459,441,124100,0.275951,0.34,1,561865,561424,441
141167741,3.15773,4.65092,438,124100,0.23119,0.32,1,561867,561429,438
141170661,3.83155,1.73018,441,124100,0.222238,0.33,1,561871,561430,441
141173581,11.9663,8.34604,445,124100,0.332448,0.23,1,561885,561440,445
141176501,7.19326,8.06921,443,124100,0.37849,0.32,1,561891,561448,443
141179421,11.0387,6.41384,449,124100,0.379698,0.28,1,561903,561454,449
141182341,11.8077,12.4828,447,124100,0.31594,0.27,1,561915,561468,447
141185261,10.3615,13.6966,443,124100,0.343188,0.3,1,561925,561482,443
141188181,14.8723,7.53931,453,124100,0.340638,0.24,1,561941,561488,453
141191101,4.57446,14.3079,439,124100,0.308128,0.23,1,561943,561504,439
141194021,5.71489,4.46157,443,124100,0.221626,0.19,1,561949,561506,443
141196941,5.94298,4.09231,445,124100,0.316325,0.33,1,561955,561510,445
141199761,2.7886,7.21846,439,124100,0.303265,0.38,1,561957,561518,439
141202681,69.3577,4.64369,521,124100,0.260653,0.26,1,562043,561522,521
141205601,43.4715,66.5287,476,124100,0.212131,0.3,1,562080,561604,476
141208521,13.4943,41.3057,447,124100,0.234426,0.41,1,562086,561639,447
141211441,9.09886,17.8611,443,124100,0.270885,0.29,1,562094,561651,443
141214361,15.4198,10.7722,451,124100,0.254177,0.37,1,562111,561660,451
141217281,8.68395,14.9544,442,124100,0.266835,0.36,1,562118,561676,442
141219521,7.33679,7.79089,443,124100,0.333367,0.29,1,562125,561682,443
141222441,15.8674,6.35818,455,124100,0.330673,0.3,1,562143,561688,455
141225361,4.77347,15.6716,439,124100,0.338135,0.27,1,562145,561706,439
141228281,18.5547,4.73433,459,124100,0.267627,0.39,1,562167,561708,459
141231201,12.5109,16.9469,450,124100,0.245525,0.34,1,562178,561728,450
141234121,8.10219,14.5894,443,124100,0.193105,0.31,1,562185,561742,443
141237041,5.62044,4.51787,446,124100,0.278621,0.32,1,562190,561744,446
141238661,1.92409,4.10357,443,124100,0.279724,0.44,1,562191,561748,443
141241581,3.58482,10.4207,435,124100,0.215945,0.41,1,562195,561760,435
141244501,3.91696,3.68414,437,124100,0.291189,0.28,1,562199,561762,437
141247421,6.38339,7.13683,436,124100,0.322238,0.39,1,562206,561770,436
141250341,10.8767,6.22737,442,124100,0.392448,0.35,1,562218,561776,442
141253221,4.57534,2.84547,443,124100,0.38249,0.38,1,562221,561778,443
141256141,4.91507,10.1691,436,124100,0.300498,0.4,1,562226,561790,436
141259061,2.58301,3.63382,436,124100,0.2521,0.36,1,562228,561792,436
141261541,7.7166,2.32676,443,124100,0.25042,0.27,1,562237,561794,443
141264461,3.14332,5.26535,439,124100,0.338084,0.33,1,562239,561800,439
141267381,6.22866,5.85307,440,124100,0.331617,0.25,1,562246,561806,440
141270301,11.6457,9.97061,442,124100,0.290323,0.16,1,562259,561817,442
141273221,7.12915,9.99412,438,124100,0.266065,0.24,1,562265,561827,438
141276141,7.82583,11.5988,434,124100,0.301213,0.23,1,562273,561839,434
141279061,8.76517,3.91976,441,124100,0.244243,0.21,1,562282,561841,441
141281301,4.95303,1.58395,444,124100,0.200849,0.12,1,562286,561842,444
141284221,4.19061,6.71679,440,124100,0.14417,0.34,1,562290,561850,440
141287141,6.43812,6.94336,440,124100,0.284834,0.27,1,562297,561857,440
141290061,7.68762,7.78867,440,124100,0.312967,0.22,1,562305,561865,440
141291701,3.93752,3.15773,441,124100,0.318593,0.22,1,562308,561867,441
141294621,2.3875,3.83155,439,124100,0.287719,0.36,1,562310,561871,439
141297541,13.2775,11.9663,441,124100,0.297544,0.39,1,562326,561885,441
141300461,7.4555,7.19326,441,124100,0.299509,0.38,1,562332,561891,441
141303381,7.8911,11.0387,437,124100,0.291902,0.3,1,562340,561903,437
141306301,13.5782,11.8077,440,124100,0.26638,0.35,1,562355,561915,440
141309221,10.7156,10.3615,440,124100,0.237276,0.34,1,562365,561925,440
141312141,8.54313,14.8723,432,124100,0.295455,0.3,1,562373,561941,432
141315061,6.50863,4.57446,436,124100,0.315091,0.2,1,562379,561943,436
141317701,10.1017,5.71489,441,124100,0.271018,0.34,1,562390,561949,441
141320621,4.42035,5.94298,438,124100,0.238204,0.3,1,562393,561955,438
141323541,4.08407,2.7886,440,124100,0.199641,0.25,1,562397,561957,440
141326461,65.6168,69.3577,435,124100,0.255928,0.2,1,562478,562043,435
141329381,43.5234,43.4715,436,124100,0.283186,0.24,1,562516,562080,436
141332301,16.7047,13.4943,440,124100,0.312637,0.28,1,562526,562086,440
141335221,4.94093,9.09886,434,124100,0.318527,0.25,1,562528,562094,434
141338141,15.3882,15.4198,435,124100,0.223705,0.27,1,562546,562111,435
141341061,11.8776,8.68395,439,124100,0.308741,0.35,1,562557,562118,439
141343981,15.9755,7.33679,449,124100,0.317748,0.33,1,562574,562125,449
141346901,5.59511,15.8674,434,124100,0.27155,0.34,1,562577,562143,434
141349821,18.719,4.77347,454,124100,0.35031,0.25,1,562599,562145,454
141352741,15.7438,18.5547,447,124100,0.270062,0.24,1,562614,562167,447
141355661,4.74876,12.5109,438,124100,0.278012,0.18,1,562616,562178,438
141358581,10.5498,8.10219,443,124100,0.279602,0.3,1,562628,562185,443
141361501,3.70995,5.62044,440,124100,0.31992,0.28,1,562630,562190,440
141363461,3.14199,1.92409,442,124100,0.279984,0.33,1,562633,562191,442
141366381,2.2284,5.98482,437,124100,0.239997,0.31,1,562635,562198,437
141369301,7.64568,1.99696,445,124100,0.335999,0.33,1,562644,562199,445
141372221,6.32914,5.99939,444,124100,0.2992,0.41,1,562650,562206,444
141375141,2.86583,10.7999,434,124100,0.25984,0.38,1,562652,562218,434
141378061,5.37317,4.55998,437,124100,0.315968,0.28,1,562658,562221,437
141380981,7.47463,4.912,440,124100,0.335194,0.24,1,562666,562226,440
141383901,7.89493,2.5824,446,124100,0.283039,0.25,1,562674,562228,446
141386821,3.17899,7.71648,439,124100,0.240608,0.36,1,562676,562237,439
141389741,3.8358,3.1433,441,124100,0.208122,0.33,1,562680,562239,441
141391541,6.36716,6.22866,441,124100,0.345624,0.28,1,562687,562246,441
141394461,11.6734,11.6457,441,124100,0.269125,0.26,1,562700,562259,441
141397381,5.53469,7.12915,439,124100,0.285825,0.31,1,562704,562265,439
141400301,7.50694,7.82583,439,124100,0.353165,0.23,1,562712,562273,439
141403221,10.3014,8.76517,441,124100,0.302633,0.19,1,562723,562282,441
141406141,3.66028,4.95303,439,124100,0.260527,0.13,1,562725,562286,439
141409061,7.13206,4.19061,443,124100,0.220105,0.32,1,562733,562290,443
141411301,3.02641,6.43812,438,124100,0.212021,0.32,1,562735,562297,438
141414221,4.60528,7.68762,435,124100,0.290404,0.32,1,562740,562305,435
141417141,7.32106,3.93752,440,124100,0.354081,0.28,1,562748,562308,440
141419621,12.6642,2.3875,452,124100,0.342816,0.3,1,562762,562310,452
141422541,7.33284,13.2775,442,124100,0.276563,0.3,1,562768,562326,442
141425461,4.66657,7.4555,440,124100,0.263313,0.29,1,562772,562332,440
141428381,13.7333,7.8911,448,124100,0.268663,0.26,1,562788,562340,448
141431301,13.9467,13.5782,447,124100,0.213733,0.23,1,562802,562355,447
141434221,7.58933,10.7156,443,124100,0.258747,0.31,1,562808,562365,443
141437141,4.71787,8.54313,439,124100,0.235749,0.32,1,562812,562373,439
141440061,12.1436,6.50863,447,124100,0.28715,0.26,1,562826,562379,447
141442981,5.62871,10.1017,440,124100,0.31343,0.23,1,562830,562390,440
141445901,2.72574,4.42035,439,124100,0.278686,0.19,1,562832,562393,439
141448821,63.7451,4.08407,514,124100,0.255737,0.27,1,562911,562397,514
141451741,46.349,65.6168,475,124100,0.331147,0.29,1,562953,562478,475
141454661,14.0698,43.5234,443,124100,0.250229,0.32,1,562959,562516,443
141457581,4.41396,16.7047,435,124100,0.210046,0.32,1,562961,562526,435
141460501,18.4828,4.94093,455,124100,0.266009,0.2,1,562983,562528,455
141463421,10.0966,15.3882,445,124100,0.285202,0.33,1,562991,562546,445
141466341,14.8193,11.8776,450,124100,0.26504,0.32,1,563007,562557,450
141469261,9.36386,15.9755,441,124100,0.357008,0.26,1,563015,562574,441
141472181,16.2728,5.59511,456,124100,0.351402,0.37,1,563033,562577,456
141475101,15.2546,18.719,449,124100,0.37428,0.25,1,563048,562599,449
141478021,4.65091,15.7438,436,124100,0.378856,0.28,1,563050,562614,436
141480941,13.7302,4.74876,450,124100,0.315771,0.28,1,563066,562616,450
141483861,4.34604,10.5498,440,124100,0.407154,0.33,1,563068,562628,440
141485761,3.26921,3.70995,441,124100,0.377431,0.39,1,563071,562630,441
141488681,2.25384,7.14199,435,124100,0.339486,0.39,1,563073,562638,435
141491601,6.85077,1.4284,443,124100,0.395897,0.36,1,563081,562638,443
141494521,6.17015,5.08568,443,124100,0.351179,0.29,1,563087,562644,443
141497201,2.83403,5.81714,439,124100,0.350236,0.37,1,563089,562650,439
141500121,6.96681,4.36343,443,124100,0.374047,0.33,1,563097,562654,443
141503041,2.99336,4.07269,441,124100,0.378809,0.34,1,563099,562658,441
141505961,10.9987,7.21454,446,124100,0.427762,0.27,1,563112,562666,446
141508881,3.79973,7.84291,440,124100,0.405552,0.23,1,563114,562674,440
141511801,2.35995,3.16858,440,124100,0.40111,0.2,1,563116,562676,440
141514721,5.27199,3.83372,442,124100,0.296222,0.25,1,563122,562680,442
141517641,16.2544,16.7667,441,124100,0.355244,0.29,1,563141,562700,441
141520561,4.85088,6.55335,439,124100,0.335049,0.37,1,563143,562704,439
141523481,4.97018,7.71067,436,124100,0.39501,0.29,1,563148,562712,436
141526401,7.39404,10.3421,433,124100,0.367002,0.25,1,563156,562723,433
141529321,3.07881,3.66843,433,124100,0.3294,0.21,1,563158,562725,433
141532241,10.2158,7.13369,437,124100,0.40188,0.21,1,563170,562733,437
141535161,5.24315,3.02674,439,124100,0.384376,0.31,1,563174,562735,439
141538081,5.04863,4.60535,439,124100,0.340875,0.37,1,563179,562740,439
141541001,2.60973,7.32107,433,124100,0.420175,0.34,1,563181,562748,433
141543921,19.7219,12.6642,443,124100,0.428035,0.26,1,563205,562762,443
141546841,5.54439,7.33284,439,124100,0.397607,0.26,1,563207,562768,439
141549621,10.7089,4.66657,447,124100,0.447521,0.27,1,563219,562772,447
141552541,14.9418,13.7333,447,124100,0.401504,0.2,1,563235,562788,447
141555461,10.9884,13.9467,443,124100,0.360301,0.27,1,563245,562802,443
141558381,5.39767,7.58933,441,124100,0.37606,0.23,1,563249,562808,441
141560021,1.87953,4.71787,438,124100,0.363212,0.3,1,563250,562812,438
141562941,5.97591,12.1436,431,124100,0.408642,0.32,1,563257,562826,431
141565861,5.99518,5.62871,433,124100,0.409728,0.27,1,563263,562830,433
141567921,5.99904,2.72574,437,124100,0.369946,0.22,1,563269,562832,437
141570841,63.5998,4.54515,510,124100,0.369989,0.25,1,563347,562837,510
141573761,46.32,60.109,478,124100,0.345998,0.35,1,563389,562911,478
141576681,17.264,45.6218,446,124100,0.3012,0.23,1,563399,562953,446
141579361,5.0528,13.9244,442,124100,0.29224,0.38,1,563401,562959,442
141582281,13.8106,9.98487,449,124100,0.266448,0.28,1,563417,562968,449
141585201,12.3621,13.997,446,124100,0.26929,0.29,1,563429,562983,446
141588121,17.6724,9.19939,457,124100,0.269858,0.26,1,563448,562991,457
141591041,5.13448,14.6399,443,124100,0.245972,0.38,1,563450,563007,443
141593961,20.2269,9.32798,459,124100,0.313194,0.35,1,563474,563015,459
141596881,15.2454,16.2656,455,124100,0.382639,0.38,1,563488,563033,455
141599801,4.64908,15.2531,442,124100,0.396528,0.38,1,563490,563048,442
141602721,11.3298,4.65062,453,124100,0.375306,0.3,1,563503,563050,453
141605641,3.86596,13.7301,439,124100,0.339061,0.43,1,563505,563066,439
141608481,7.17319,4.34602,445,124100,0.371812,0.36,1,563513,563068,445
141611401,4.63464,8.8692,439,124100,0.378362,0.41,1,563517,563078,439
141614321,5.72693,4.17384,442,124100,0.291672,0.34,1,563523,563081,442
141617241,5.94539,5.63477,442,124100,0.282335,0.35,1,563529,563087,442
141618881,2.78908,2.72695,442,124100,0.256467,0.4,1,563531,563089,442
141621801,6.15782,6.14539,442,124100,0.379293,0.38,1,563538,563096,442
141624721,4.43156,2.02908,445,124100,0.387859,0.38,1,563542,563097,445
141627641,4.08631,2.00582,447,124100,0.357572,0.44,1,563546,563099,447
141630561,2.41726,10.8012,436,124100,0.351514,0.4,1,563548,563112,436
141633441,2.08345,3.76023,436,124100,0.358303,0.27,1,563550,563114,436
141636361,10.8167,7.15205,441,124100,0.351661,0.27,1,563563,563122,441
141639281,17.3633,1.43041,460,124100,0.278332,0.37,1,563582,563122,460
141642201,5.07267,15.4861,443,124100,0.231666,0.33,1,563584,563141,443
141644881,2.61453,4.69722,443,124100,0.190333,0.38,1,563586,563143,443
141647801,6.92291,10.5394,439,124100,0.262067,0.36,1,563594,563155,439
141650721,2.98458,2.90789,440,124100,0.332413,0.32,1,563596,563156,440
141653641,13.3969,2.18158,454,124100,0.282483,0.42,1,563612,563158,454
141656561,4.27938,10.0363,444,124100,0.264497,0.38,1,563614,563170,444
141659481,4.05588,5.20726,444,124100,0.316899,0.33,1,563618,563174,444
141662401,2.41118,5.04145,441,124100,0.29538,0.44,1,563620,563179,441
141665321,22.8822,2.60829,467,124100,0.315076,0.43,1,563648,563181,467
141668241,6.17645,19.7217,445,124100,0.351015,0.39,1,563650,563205,445
141671161,9.23529,5.54433,453,124100,0.358203,0.46,1,563660,563207,453
141674081,13.0471,10.7089,455,124100,0.367641,0.39,1,563674,563219,455
141677001,13.8094,14.9418,453,124100,0.329528,0.35,1,563688,563235,453
141679921,4.36188,10.9884,445,124100,0.297906,0.38,1,563690,563245,445
141682841,3.27238,5.39767,444,124100,0.275581,0.36,1,563693,563249,444
141684821,6.25448,1.87953,450,124100,0.391116,0.42,1,563700,563250,450
141687741,3.6509,7.57591,444,124100,0.406223,0.41,1,563703,563259,444
141690661,3.13018,4.71518,443,124100,0.385245,0.37,1,563706,563263,443
141693581,66.226,68.143,441,124100,0.277049,0.34,1,563788,563347,441
141696501,43.6452,47.2286,437,124100,0.31141,0.29,1,563826,563389,437
141699421,13.529,17.4457,433,124100,0.318282,0.29,1,563832,563399,433
141702341,5.90581,5.08914,435,124100,0.319656,0.26,1,563836,563401,435
141705261,14.7812,13.8178,436,124100,0.303931,0.27,1,563853,563417,436
141708181,16.5562,12.3636,441,124100,0.308786,0.27,1,563870,563429,441
141711101,18.5112,17.6727,441,124100,0.309757,0.24,1,563889,563448,441
141714021,5.30225,5.13454,441,124100,0.269951,0.33,1,563891,563450,441
141716941,18.6605,20.2269,439,124100,0.32599,0.4,1,563913,563474,439
141719861,11.7321,15.2454,435,124100,0.281198,0.4,1,563923,563488,435
141722781,3.94642,4.64908,435,124100,0.28024,0.37,1,563925,563490,435
141725701,16.7893,11.3298,442,124100,0.328048,0.33,1,563945,563503,442
141728621,4.95786,3.86596,442,124100,0.29761,0.38,1,563947,563505,442
141731541,2.59157,7.17319,436,124100,0.259522,0.38,1,563949,563513,436
141734461,3.71831,4.63464,436,124100,0.227904,0.27,1,563953,563517,436
141737381,3.94366,5.72693,434,124100,0.309581,0.28,1,563957,563523,434
141740301,11.9887,5.94539,442,124100,0.325916,0.25,1,563971,563529,442
141743221,7.19775,2.78908,446,124100,0.337183,0.41,1,563977,563531,446
141746141,5.43955,6.15782,444,124100,0.395437,0.39,1,563982,563538,444
141749061,4.28791,4.43156,444,124100,0.375087,0.35,1,563986,563542,444
141751981,2.45758,4.08631,442,124100,0.403017,0.35,1,563988,563546,442
141754901,2.09152,2.41726,442,124100,0.384604,0.36,1,563990,563548,442
141756581,1.2183,2.08345,441,124100,0.364921,0.35,1,563991,563550,441
141759501,10.6437,10.8167,441,124100,0.320984,0.26,1,564004,563563,441
141762421,13.3287,17.3633,436,124100,0.272197,0.22,1,564018,563582,436
141765341,5.86575,5.07267,438,124100,0.198439,0.18,1,564022,563584,438
141768021,5.97315,2.61453,442,124100,0.303688,0.28,1,564028,563586,442
141770941,2.79463,6.92291,436,124100,0.332738,0.35,1,564030,563594,436
141773861,2.15893,2.98458,436,124100,0.306548,0.27,1,564032,563596,436
141776781,12.4318,13.3969,435,124100,0.33331,0.26,1,564047,563612,435
141779701,4.08636,4.27938,435,124100,0.338662,0.33,1,564049,563614,435
141782621,4.01727,4.05588,435,124100,0.347732,0.29,1,564053,563618,435
141785541,7.20345,2.41118,441,124100,0.389546,0.32,1,564061,563620,441
141788461,23.8407,22.8822,441,124100,0.373909,0.36,1,564089,563648,441
141791381,6.36814,6.17645,441,124100,0.338782,0.36,1,564091,563650,441
141794301,10.8736,9.23529,443,124100,0.363756,0.37,1,564103,563660,443
141797221,11.7747,13.0471,441,124100,0.352751,0.32,1,564115,563674,441
141800141,8.75495,13.8094,435,124100,0.30255,0.29,1,564123,563688,435
141803061,8.95099,4.36188,442,124100,0.32451,0.27,1,564132,563690,442
141805041,2.5902,3.27238,440,124100,0.312902,0.29,1,564133,563693,440
141807961,3.71804,3.85448,440,124100,0.32658,0.41,1,564137,563697,440
141810881,3.94361,5.5709,438,124100,0.361316,0.38,1,564141,563703,438
141813361,2.38872,3.51418,437,124100,0.368263,0.25,1,564143,563706,437
141816281,68.4777,66.3028,440,124100,0.393653,0.32,1,564228,563788,440
141819201,43.2955,43.6606,439,124100,0.318731,0.32,1,564265,563826,439
141822121,13.4591,13.5321,439,124100,0.279746,0.32,1,564271,563832,439
141825041,5.89182,5.90642,439,124100,0.287949,0.3,1,564275,563836,439
141827961,10.7784,14.7813,434,124100,0.30559,0.31,1,564287,563853,434
141830881,14.9557,16.5563,433,124100,0.277118,0.31,1,564303,563870,433
141833801,18.9911,18.5113,434,124100,0.263424,0.26,1,564323,563889,434
141836721,8.59823,5.30225,438,124100,0.244685,0.34,1,564329,563891,438
141839641,17.7196,18.6605,436,124100,0.272937,0.27,1,564349,563913,436
141842561,15.5439,11.7321,441,124100,0.318587,0.28,1,564364,563923,441
141845481,4.70879,3.94642,441,124100,0.327717,0.34,1,564366,563925,441
141848401,15.3418,16.7893,439,124100,0.241544,0.29,1,564384,563945,439
141851321,4.66835,4.95786,439,124100,0.224309,0.25,1,564386,563947,439
141852881,1.73367,2.59157,438,124100,0.204862,0.35,1,564387,563949,438
141855801,5.14673,4.51831,439,124100,0.248972,0.35,1,564393,563954,439
141858721,2.62935,0.903663,441,124100,0.257794,0.33,1,564395,563954,441
141861641,13.3259,2.58073,454,124100,0.259559,0.33,1,564411,563957,454
141864561,7.46517,11.7161,446,124100,0.219912,0.34,1,564417,563971,446
141867481,3.09303,7.14323,442,124100,0.211982,0.41,1,564419,563977,442
141870401,3.81861,5.42865,441,124100,0.178396,0.37,1,564423,563982,441
141873321,3.16372,4.28573,440,124100,0.259679,0.41,1,564426,563986,440
141875141,3.83274,2.45715,442,124100,0.275936,0.36,1,564430,563988,442
141878061,2.36655,6.09143,437,124100,0.303187,0.36,1,564432,563995,437
141880981,6.87331,1.21829,445,124100,0.284637,0.31,1,564440,563995,445
141883901,14.1747,7.44366,452,124100,0.256927,0.26,1,564456,564004,452
141886821,4.43493,12.6887,440,124100,0.219386,0.18,1,564458,564018,440
141889741,7.28699,5.73775,444,124100,0.275877,0.33,1,564466,564022,444
141891781,3.0574,5.94755,440,124100,0.287175,0.3,1,564468,564028,440
141894701,2.21148,4.38951,438,124100,0.281435,0.3,1,564470,564032,438
141897621,2.0423,0.877902,440,124100,0.248287,0.34,1,564472,564032,440
141900541,11.6085,12.1756,439,124100,0.225657,0.34,1,564486,564047,439
141903461,5.52169,4.03512,441,124100,0.213131,0.35,1,564490,564049,441
141906341,5.10434,4.00702,442,124100,0.194626,0.4,1,564495,564053,442
141909261,3.42087,7.2014,437,124100,0.254925,0.37,1,564498,564061,437
141912181,26.2842,23.8403,441,124100,0.250985,0.33,1,564530,564089,441
141915101,6.85683,6.36806,441,124100,0.226197,0.37,1,564532,564091,441
141918021,9.37137,10.8736,439,124100,0.205239,0.35,1,564542,564103,439
141920941,10.6743,11.7747,438,124100,0.305048,0.29,1,564553,564115,438
141923861,8.53485,8.75494,438,124100,0.30101,0.33,1,564561,564123,438
141926781,10.507,8.95099,440,124100,0.332202,0.31,1,564572,564132,440
141929701,5.30139,2.5902,443,124100,0.27444,0.33,1,564576,564133,443
141932341,5.86028,3.71804,445,124100,0.166888,0.37,1,564582,564137,445
141935261,2.77206,5.54361,441,124100,0.297378,0.37,1,564584,564143,441
141938181,67.7544,1.10872,525,124100,0.355476,0.4,1,564668,564143,525
141941101,39.9509,68.2217,473,124100,0.303095,0.3,1,564701,564228,473
141944021,14.3902,43.2443,444,124100,0.260619,0.27,1,564709,564265,444
141946941,4.47804,13.4489,440,124100,0.252124,0.29,1,564711,564271,440
141949861,10.4956,5.88977,448,124100,0.290425,0.31,1,564723,564275,448
141952781,14.8991,10.778,452,124100,0.258085,0.27,1,564739,564287,452
141955701,19.7798,14.9556,457,124100,0.243617,0.26,1,564760,564303,457
141958621,6.35596,18.9911,440,124100,0.328723,0.24,1,564763,564323,440
141961541,16.4712,8.59822,453,124100,0.385745,0.28,1,564782,564329,453
141964461,18.4942,17.7196,452,124100,0.325149,0.33,1,564801,564349,452
141967381,5.29885,15.5439,439,124100,0.37703,0.33,1,564803,564364,439
141970301,11.4598,4.70879,450,124100,0.283406,0.22,1,564816,564366,450
141973221,3.89195,15.3418,434,124100,0.392681,0.22,1,564818,564384,434
141975601,2.37839,4.66835,434,124100,0.414536,0.27,1,564820,564386,434
141978521,8.47568,9.73367,433,124100,0.442907,0.27,1,564830,564397,433
141981441,3.29514,1.94673,435,124100,0.424581,0.26,1,564832,564397,435
141984361,8.65903,11.5893,431,124100,0.316916,0.21,1,564842,564411,431
141987281,10.5318,7.11787,436,124100,0.375383,0.21,1,564853,564417,436
141989121,2.90636,3.02357,435,124100,0.371077,0.21,1,564854,564419,435
141992041,3.78127,2.20471,437,124100,0.306215,0.17,1,564858,564421,437
141994961,2.35625,2.04094,437,124100,0.293243,0.28,1,564860,564423,437
141997881,3.67125,2.80819,438,124100,0.290649,0.28,1,564864,564426,438
141999941,2.33425,3.76164,436,124100,0.29813,0.31,1,564866,564430,436
142002861,2.86685,2.35233,437,124100,0.307626,0.28,1,564869,564432,437
142005781,18.1734,6.87047,451,124100,0.229525,0.25,1,564891,564440,451
142008701,5.23467,14.1741,437,124100,0.365905,0.21,1,564893,564456,437
142011621,5.84693,4.43482,441,124100,0.345181,0.29,1,564899,564458,441
142014541,2.76939,7.28696,435,124100,0.341036,0.28,1,564901,564466,435
142017201,3.75388,4.65739,435,124100,0.388207,0.27,1,564905,564470,435
142020121,3.95078,5.73148,433,124100,0.365641,0.27,1,564909,564476,433
142023041,10.3902,1.1463,445,124100,0.409128,0.22,1,564921,564476,445
142025961,3.67803,8.22926,437,124100,0.385826,0.21,1,564923,564486,437
142028641,3.93561,4.84585,437,124100,0.365165,0.31,1,564927,564490,437
142031561,2.38712,5.76917,433,124100,0.329033,0.27,1,564929,564496,433
142034481,26.0774,2.75383,463,124100,0.281807,0.25,1,564961,564498,463
142037401,6.81548,26.1508,433,124100,0.312361,0.22,1,564963,564530,433
142040321,13.3631,6.83015,446,124100,0.350472,0.2,1,564978,564532,446
142043241,9.87262,9.36603,445,124100,0.318094,0.33,1,564987,564542,445
142046161,7.57452,10.6732,441,124100,0.247619,0.3,1,564994,564553,441
142049081,5.5149,8.53464,438,124100,0.329524,0.34,1,564999,564561,438
142052001,12.303,10.5069,441,124100,0.281905,0.26,1,565013,564572,441
142054921,5.6606,5.30139,441,124100,0.288381,0.14,1,565017,564576,441
142057841,2.73212,5.86028,437,124100,0.257676,0.33,1,565019,564582,437
142060761,66.9464,2.77206,518,124100,0.347535,0.37,1,565102,564584,518
142063681,39.7893,67.7544,467,124100,0.285507,0.29,1,565135,564668,467
142066601,15.9579,39.9509,444,124100,0.321101,0.25,1,565145,564701,444
142069201,4.79157,14.3902,438,124100,0.33622,0.3,1,565147,564709,438
142072121,8.95831,5.27804,445,124100,0.339244,0.3,1,565157,564712,445
142075041,16.1917,9.85561,452,124100,0.275849,0.25,1,565175,564723,452
142077961,17.6383,14.7711,454,124100,0.31917,0.24,1,565193,564739,454
142080881,9.12767,19.7542,440,124100,0.311834,0.35,1,565200,564760,440
142083801,19.4255,6.35084,459,124100,0.214367,0.4,1,565222,564763,459
142086721,15.0851,16.4702,454,124100,0.290873,0.31,1,565236,564782,454
142089641,4.61702,18.494,437,124100,0.306175,0.39,1,565238,564801,437
142092561,11.3234,5.29881,448,124100,0.253235,0.26,1,565251,564803,448
142095481,9.46468,11.4598,444,124100,0.194647,0.42,1,565260,564816,444
142098321,3.49294,3.89195,444,124100,0.214929,0.45,1,565262,564818,444
142101241,3.89859,10.3784,436,124100,0.314986,0.42,1,565266,564830,436
142104161,2.37972,3.67568,436,124100,0.302997,0.29,1,565268,564832,436
142107081,11.6759,8.73514,440,124100,0.316599,0.39,1,565282,564842,440
142110001,7.93519,10.547,436,124100,0.27932,0.37,1,565289,564853,436
142112921,3.18704,2.90941,437,124100,0.335864,0.29,1,565291,564854,437
142114961,3.83741,3.78188,437,124100,0.315173,0.29,1,565295,564858,437
142117881,7.16748,5.55638,439,124100,0.391035,0.29,1,565303,564864,439
142120801,3.0335,1.11128,441,124100,0.374207,0.3,1,565305,564864,441
142123721,2.2067,1.82226,441,124100,0.354841,0.31,1,565307,564866,441
142125361,1.24134,2.76445,439,124100,0.334968,0.34,1,565308,564869,439
142128281,17.8483,2.15289,459,124100,0.218994,0.21,1,565330,564871,459
142131201,5.16965,16.4306,441,124100,0.163799,0.4,1,565332,564891,441
142134121,5.83393,4.88612,445,124100,0.26476,0.34,1,565338,564893,445
142137041,2.76679,5.77722,441,124100,0.292952,0.34,1,565340,564899,441
142138881,1.35336,2.75544,440,124100,0.32259,0.36,1,565341,564901,440
142141801,7.47067,6.95109,441,124100,0.352518,0.36,1,565350,564909,441
142144721,6.29413,1.39022,447,124100,0.326504,0.42,1,565356,564909,447
142147641,2.85883,9.87804,437,124100,0.409301,0.38,1,565358,564921,437
142150321,3.77177,3.57561,439,124100,0.40186,0.34,1,565362,564923,439
142153241,3.15435,4.71512,437,124100,0.336372,0.32,1,565365,564928,437
142156161,23.0309,1.74302,464,124100,0.347274,0.27,1,565393,564929,464
142159081,8.60617,25.9486,437,124100,0.325455,0.32,1,565398,564961,437
142162001,13.7212,6.78972,450,124100,0.321091,0.36,1,565413,564963,450
142164921,13.1442,13.3579,448,124100,0.360218,0.31,1,565426,564978,448
142167841,7.42885,9.87159,445,124100,0.312044,0.23,1,565432,564987,445
142170761,4.68577,7.57432,442,124100,0.278409,0.35,1,565436,564994,442
142173681,9.73715,5.51486,448,124100,0.335682,0.27,1,565447,564999,448
142176601,5.94743,12.303,439,124100,0.307136,0.29,1,565452,565013,439
142179441,7.58949,5.66059,443,124100,0.357427,0.3,1,565460,565017,443
142182361,62.3179,5.93212,513,124100,0.327485,0.37,1,565536,565023,513
142185281,41.2636,64.3864,470,124100,0.433497,0.27,1,565572,565102,470
142188201,14.6527,39.2773,445,124100,0.318699,0.33,1,565580,565135,445
142191121,6.93054,15.8555,440,124100,0.38374,0.34,1,565585,565145,440
142194041,9.38611,4.77109,448,124100,0.340748,0.34,1,565595,565147,448
142196961,13.0772,8.95422,452,124100,0.38815,0.26,1,565609,565157,452
142199881,17.0154,16.1908,452,124100,0.33363,0.33,1,565627,565175,452
142202801,8.20309,17.6382,440,124100,0.330726,0.31,1,565633,565193,440
142205721,23.2406,9.12763,460,124100,0.362145,0.19,1,565660,565200,460
142208641,12.6481,19.4255,448,124100,0.280429,0.31,1,565670,565222,448
142211561,4.12962,15.0851,436,124100,0.264086,0.31,1,565672,565236,436
142214481,8.82592,4.61702,444,124100,0.364817,0.24,1,565682,565238,444
142217401,10.5652,11.3234,442,124100,0.384963,0.18,1,565693,565251,442
142220321,8.51304,9.46468,441,124100,0.260993,0.22,1,565701,565260,441
142223241,4.90261,3.49294,443,124100,0.332199,0.34,1,565705,565262,443
142226161,2.58052,3.89859,441,124100,0.31444,0.3,1,565707,565266,441
142227701,1.3161,2.37972,440,124100,0.294888,0.32,1,565708,565268,440
142230621,9.86322,11.6759,438,124100,0.410978,0.27,1,565720,565282,438
142233541,9.97264,7.93519,441,124100,0.314196,0.35,1,565730,565289,441
142236461,3.59453,3.18704,441,124100,0.294839,0.31,1,565732,565291,441
142239381,5.51891,3.83741,443,124100,0.258968,0.41,1,565738,565295,443
142242301,2.70378,7.16748,437,124100,0.331794,0.37,1,565740,565303,437
142245221,2.14076,3.0335,437,124100,0.346359,0.35,1,565742,565305,437
142248141,2.02815,2.2067,437,124100,0.381272,0.19,1,565744,565307,437
142251061,19.6056,18.8413,438,124100,0.196254,0.15,1,565768,565330,438
142253981,7.12113,5.36827,440,124100,0.239251,0.29,1,565772,565332,440
142256901,6.22423,5.87365,440,124100,0.26385,0.3,1,565778,565338,440
142259821,2.84485,2.77473,440,124100,0.32477,0.33,1,565780,565340,440
142261601,1.36897,1.35495,440,124100,0.320954,0.36,1,565781,565341,440
142264521,8.27379,7.47099,441,124100,0.248191,0.32,1,565791,565350,441
142267441,4.85476,6.2942,439,124100,0.305638,0.43,1,565795,565356,439
142270361,2.57095,2.85884,439,124100,0.285128,0.4,1,565797,565358,439
142273281,5.31419,3.77177,441,124100,0.313026,0.32,1,565803,565362,441
142276201,2.66284,3.15435,440,124100,0.326605,0.35,1,565805,565365,440
142279121,19.7326,23.0309,436,124100,0.337321,0.32,1,565829,565393,436
142282041,10.3465,8.60617,439,124100,0.283464,0.32,1,565837,565398,439
142284961,14.8693,13.7212,440,124100,0.264693,0.37,1,565853,565413,440
142287881,9.37386,13.1442,435,124100,0.372939,0.3,1,565861,565426,435
142290801,11.4748,7.42885,441,124100,0.378588,0.27,1,565873,565432,441
142292801,3.09495,4.68577,438,124100,0.395718,0.29,1,565874,565436,438
142295721,8.61899,3.33715,445,124100,0.391144,0.35,1,565884,565439,445
142298641,8.1238,7.06743,445,124100,0.334229,0.3,1,565892,565447,445
142301561,8.82476,5.41349,449,124100,0.314846,0.37,1,565901,565452,449
142304481,63.365,7.4827,518,124100,0.270969,0.32,1,565978,565460,518
142307401,40.673,62.2965,477,124100,0.310194,0.46,1,566013,565536,477
142310321,12.9346,41.2593,447,124100,0.278039,0.29,1,566019,565572,447
142313241,4.18692,14.6519,441,124100,0.239608,0.4,1,566021,565580,441
142316161,12.8374,6.93037,451,124100,0.279922,0.33,1,566036,565585,451
142319081,11.3675,9.38607,452,124100,0.287984,0.4,1,566047,565595,452
142322001,17.4735,13.0772,457,124100,0.305597,0.32,1,566066,565609,457
142324921,5.0947,17.0154,441,124100,0.309119,0.33,1,566068,565627,441
142327841,21.0189,8.20309,460,124100,0.309824,0.37,1,566093,565633,460
142330761,17.0038,23.2406,449,124100,0.309965,0.26,1,566109,565660,449
142333361,5.80076,12.6481,442,124100,0.261993,0.41,1,566112,565670,442
142336281,9.16015,5.72962,448,124100,0.316399,0.39,1,566122,565674,448
142339201,9.03203,7.54592,449,124100,0.29528,0.39,1,566131,565682,449
142342121,9.00641,10.3092,447,124100,0.243056,0.23,1,566140,565693,447
142345041,5.00128,8.46184,443,124100,0.320611,0.35,1,566144,565701,443
142347961,2.60026,4.89237,441,124100,0.312122,0.31,1,566146,565705,441
142350881,2.12005,2.57847,441,124100,0.278424,0.29,1,566148,565707,441
142352501,6.02401,1.31569,447,124100,0.247685,0.44,1,566155,565708,447
142355421,12.4048,9.86314,449,124100,0.297537,0.29,1,566169,565720,449
142358341,4.08096,9.97263,441,124100,0.331507,0.29,1,566171,565730,441
142361261,5.61619,3.59453,445,124100,0.242301,0.25,1,566177,565732,445
142364181,2.72324,5.51891,441,124100,0.19246,0.35,1,566179,565738,441
142366641,2.14465,2.70378,441,124100,0.302492,0.4,1,566181,565740,441
142369561,2.02893,6.94076,435,124100,0.324498,0.4,1,566183,565748,435
142372481,15.6058,1.38815,454,124100,0.2249,0.15,1,566202,565748,454
142375401,7.92116,16.2776,440,124100,0.26098,0.25,1,566208,565768,440
142378321,4.78423,6.45553,440,124100,0.308196,0.27,1,566212,565772,440
142380581,2.55685,6.09111,436,124100,0.309639,0.32,1,566214,565778,436
142383501,2.11137,3.61822,435,124100,0.277928,0.32,1,566216,565781,435
142386421,10.8223,0.723644,448,124100,0.287586,0.23,1,566229,565781,448
142389341,5.36445,8.14473,442,124100,0.281517,0.32,1,566233,565791,442
142392021,2.67289,4.82895,440,124100,0.248303,0.28,1,566235,565795,440
142394941,5.33458,2.56579,444,124100,0.297661,0.32,1,566241,565797,444
142397841,2.66692,5.31316,440,124100,0.307532,0.36,1,566243,565803,440
142400761,16.5334,4.26263,456,124100,0.293506,0.34,1,566263,565807,456
142403681,8.10668,18.4525,440,124100,0.258701,0.27,1,566269,565829,440
142406601,20.0213,10.0905,455,124100,0.19574,0.26,1,566292,565837,455
142409521,9.60427,14.8181,446,124100,0.199148,0.4,1,566299,565853,446
142412441,12.3209,9.36362,451,124100,0.27183,0.38,1,566312,565861,451
142415361,4.06417,11.4727,441,124100,0.286366,0.4,1,566314,565873,441
142418281,7.21283,3.09454,448,124100,0.201273,0.39,1,566322,565874,448
142421201,7.04257,8.61891,445,124100,0.248255,0.32,1,566329,565884,445
142424121,4.60851,8.12378,441,124100,0.233651,0.31,1,566333,565892,441
142427041,60.9217,8.82476,507,124100,0.28673,0.26,1,566408,565901,507
142429961,40.9843,63.365,466,124100,0.257346,0.32,1,566444,565978,466
142432881,18.5969,40.673,444,124100,0.251469,0.27,1,566457,566013,444
142435281,5.31937,12.9346,440,124100,0.218294,0.21,1,566459,566019,440
142438201,10.6639,4.98692,449,124100,0.163659,0.29,1,566471,566022,449
142441121,10.1328,12.1974,445,124100,0.208732,0.29,1,566481,566036,445
142444041,15.6266,11.2395,451,124100,0.177746,0.31,1,566498,566047,451
142446961,9.52531,17.4479,440,124100,0.267549,0.31,1,566506,566066,440
142449881,21.1051,5.08958,462,124100,0.23751,0.31,1,566530,566068,462
142452801,12.221,21.0179,447,124100,0.183502,0.31,1,566540,566093,447
142455721,9.6442,17.0036,440,124100,0.2447,0.25,1,566549,566109,440
142458641,10.7288,5.80072,448,124100,0.26494,0.33,1,566560,566112,448
142461561,3.74577,9.16014,440,124100,0.260988,0.29,1,566562,566122,440
142464481,7.94915,9.03203,440,124100,0.292198,0.23,1,566571,566131,440
142467401,4.78983,9.00641,435,124100,0.27444,0.34,1,566575,566140,435
142470321,3.35797,5.00128,434,124100,0.230888,0.31,1,566578,566144,434
142472721,7.07159,2.60026,440,124100,0.310178,0.24,1,566586,566146,440
142475641,6.21432,7.72005,437,124100,0.246036,0.31,1,566592,566155,437
142478561,7.64286,12.744,431,124100,0.217207,0.34,1,566600,566169,431
142481481,8.72857,4.1488,438,124100,0.275441,0.22,1,566609,566171,438
142483121,5.74571,5.62976,437,124100,0.239088,0.35,1,566614,566177,437
142486041,2.74914,3.52595,436,124100,0.239818,0.35,1,566616,566180,436
142488961,2.14983,0.70519,438,124100,0.207964,0.33,1,566618,566180,438
142491881,2.02997,0.941038,439,124100,0.193593,0.33,1,566620,566181,439
142494801,15.606,1.78821,456,124100,0.182719,0.2,1,566639,566183,456
142497721,4.7212,15.5576,439,124100,0.148544,0.27,1,566641,566202,439
142499761,7.34424,7.91153,441,124100,0.213709,0.31,1,566649,566208,441
142502681,3.06885,6.38231,437,124100,0.234742,0.31,1,566651,566214,437
142505601,2.21377,1.27646,439,124100,0.238948,0.27,1,566653,566214,439
142508521,5.24275,1.85529,443,124100,0.23979,0.29,1,566659,566216,443
142511441,9.84855,10.7711,441,124100,0.239958,0.28,1,566670,566229,441
142514321,3.56971,5.35421,439,124100,0.199992,0.33,1,566672,566233,439
142517241,3.91394,6.67084,436,124100,0.191998,0.31,1,566676,566240,436
142520161,2.38279,2.13417,437,124100,0.1584,0.31,1,566678,566241,437
142523081,14.8766,2.02683,453,124100,0.25568,0.29,1,566696,566243,453
142526001,6.97531,16.4054,438,124100,0.235136,0.25,1,566701,566263,438
142528921,18.1951,8.08107,453,124100,0.295027,0.18,1,566722,566269,453
142531841,12.439,20.0162,441,124100,0.315005,0.2,1,566733,566292,441
142534761,9.6878,9.60324,443,124100,0.303001,0.29,1,566742,566299,443
142537681,3.53756,12.3206,432,124100,0.3006,0.29,1,566744,566312,432
142540321,9.50751,4.06413,441,124100,0.30812,0.16,1,566755,566314,441
142543241,6.7015,11.2128,434,124100,0.277624,0.26,1,566761,566327,434
142546161,6.1403,3.84257,438,124100,0.231525,0.23,1,566767,566329,438
142549081,57.2281,3.96851,504,124100,0.286305,0.3,1,566837,566333,504
142552001,45.0456,60.7937,471,124100,0.361261,0.25,1,566879,566408,471
142554921,13.8091,40.9587,441,124100,0.368252,0.25,1,566885,566444,441
142557841,4.36182,18.5917,430,124100,0.34565,0.21,1,566887,566457,430
142560761,12.8724,5.31835,443,124100,0.31713,0.15,1,566902,566459,443
142563681,12.1745,10.6637,443,124100,0.375426,0.22,1,566914,566471,443
142566601,17.6349,10.1327,452,124100,0.299085,0.17,1,566933,566481,452
142569521,9.92698,15.6265,443,124100,0.299817,0.29,1,566941,566498,443
142572441,16.3854,9.52531,453,124100,0.251963,0.23,1,566959,566506,453
142575361,15.2771,21.1051,444,124100,0.314393,0.17,1,566974,566530,444
142578281,10.2554,12.221,443,124100,0.358879,0.26,1,566983,566540,443
142581201,9.25108,9.6442,443,124100,0.287776,0.27,1,566992,566549,443
142584121,6.65022,10.7288,438,124100,0.305555,0.26,1,566998,566560,438
142587041,2.93004,3.74577,438,124100,0.325111,0.3,1,567000,566562,438
142589961,4.58601,7.94915,434,124100,0.321022,0.27,1,567005,566571,434
142592321,7.3172,4.78983,438,124100,0.320204,0.19,1,567013,566575,438
142595241,3.06344,6.55797,433,124100,0.328041,0.33,1,567015,566582,433
142598161,5.41269,4.51159,435,124100,0.281608,0.23,1,567021,566586,435
142601081,11.4825,5.70232,442,124100,0.336322,0.21,1,567034,566592,442
142604001,6.29651,7.54046,439,124100,0.339264,0.29,1,567039,566600,439
142606921,6.0593,8.70809,436,124100,0.387853,0.24,1,567045,566609,436
142608961,7.61186,7.34162,437,124100,0.381571,0.19,1,567053,566616,437
142611881,3.12237,4.66832,435,124100,0.380314,0.19,1,567055,566620,435
142614801,2.22447,0.933665,437,124100,0.372063,0.18,1,567057,566620,437
142617721,12.4449,15.3867,433,124100,0.258413,0.14,1,567072,566639,433
142620641,4.08898,4.67735,433,124100,0.203682,0.23,1,567074,566641,433
142623561,7.2178,7.33547,433,124100,0.352737,0.24,1,567082,566649,433
142626481,3.04356,3.06709,433,124100,0.382547,0.24,1,567084,566651,433
142628721,3.00871,2.21342,434,124100,0.412509,0.34,1,567087,566653,434
142631641,7.80174,8.44268,433,124100,0.426502,0.24,1,567096,566663,433
142634561,4.76035,7.28854,430,124100,0.3813,0.19,1,567100,566670,430
142637481,7.35207,3.05771,436,124100,0.30026,0.19,1,567108,566672,436
142639121,3.87041,3.81154,435,124100,0.300052,0.19,1,567111,566676,435
142642041,2.37408,3.96231,433,124100,0.34801,0.19,1,567113,566680,433
142644961,14.8748,0.792462,451,124100,0.341602,0.28,1,567131,566680,451
142647881,4.57496,12.9585,437,124100,0.34832,0.23,1,567133,566696,437
142650801,21.715,6.5917,458,124100,0.277664,0.31,1,567159,566701,458
142653721,12.343,18.1183,447,124100,0.287533,0.32,1,567169,566722,447
142656641,8.8686,12.4237,444,124100,0.273507,0.3,1,567177,566733,444
142659561,3.37372,9.68473,437,124100,0.270701,0.3,1,567179,566742,437
142662481,7.07474,3.53695,443,124100,0.33414,0.31,1,567187,566744,443
142665401,10.2149,9.50739,443,124100,0.290828,0.27,1,567198,566755,443
142668321,4.44299,6.70148,440,124100,0.266166,0.22,1,567201,566761,440
142671241,61.6886,6.1403,510,124100,0.285233,0.3,1,567277,566767,510
142674161,44.3377,57.2281,480,124100,0.361047,0.38,1,567317,566837,480
142677081,15.2675,45.0456,446,124100,0.368209,0.37,1,567325,566879,446
142679681,4.65351,13.8091,442,124100,0.369642,0.36,1,567327,566885,442
142682601,12.9307,6.76182,452,124100,0.321928,0.31,1,567342,566890,452
142685521,10.5861,10.9524,450,124100,0.376386,0.39,1,567352,566902,450
142688441,16.5172,11.7905,456,124100,0.347277,0.28,1,567370,566914,456
142691361,8.10345,17.5581,443,124100,0.301455,0.3,1,567376,566933,443
142694281,20.0207,9.91162,458,124100,0.268291,0.24,1,567399,566941,458
142697201,15.2041,16.3823,454,124100,0.357658,0.33,1,567413,566959,454
142700121,6.24083,15.2765,443,124100,0.351532,0.37,1,567417,566974,443
142703041,12.4482,10.2553,448,124100,0.326306,0.27,1,567431,566983,448
142705961,4.08963,9.25106,441,124100,0.281261,0.31,1,567433,566992,441
142708881,3.21793,6.65021,438,124100,0.256252,0.33,1,567436,566998,438
142711801,6.24359,2.93004,443,124100,0.35525,0.32,1,567443,567000,443
142713381,2.04872,4.58601,439,124100,0.39105,0.32,1,567444,567005,439
142716301,6.80974,7.3172,439,124100,0.29421,0.33,1,567452,567013,439
142719221,2.96195,3.06344,439,124100,0.322842,0.27,1,567454,567015,439
142722141,6.99239,5.41269,441,124100,0.360568,0.35,1,567462,567021,441
142725061,10.9985,11.4825,440,124100,0.312114,0.34,1,567474,567034,440
142727981,6.1997,6.29651,440,124100,0.246423,0.4,1,567479,567039,440
142730901,6.03994,6.0593,440,124100,0.369285,0.38,1,567485,567045,440
142733821,6.00799,7.61186,438,124100,0.321857,0.38,1,567491,567053,438
142736741,2.8016,3.12237,438,124100,0.312371,0.37,1,567493,567055,438
142739381,15.7603,2.22447,455,124100,0.270474,0.23,1,567512,567057,455
142742301,4.75206,12.4449,442,124100,0.238095,0.19,1,567514,567072,442
142745221,7.35041,4.08898,448,124100,0.327619,0.39,1,567522,567074,448
142748141,4.67008,7.2178,444,124100,0.369524,0.39,1,567526,567082,444
142751061,2.53402,3.04356,444,124100,0.377905,0.42,1,567528,567084,444
142752901,2.9068,3.00871,444,124100,0.339581,0.43,1,567531,567087,444
142755821,3.78136,7.80174,439,124100,0.339916,0.37,1,567535,567096,439
142758741,6.35627,4.76035,442,124100,0.331983,0.28,1,567542,567100,442
142761661,4.47125,7.35207,438,124100,0.362397,0.3,1,567546,567108,438
142764581,2.49425,3.87041,437,124100,0.336479,0.36,1,567548,567111,437
142766421,15.6988,2.37408,454,124100,0.299296,0.34,1,567567,567113,454
142769341,4.73977,14.8748,438,124100,0.291859,0.35,1,567569,567131,438
142772261,20.948,4.57496,461,124100,0.370372,0.26,1,567594,567133,461
142775181,12.1896,21.715,445,124100,0.362074,0.29,1,567604,567159,445
142778101,12.0379,12.343,447,124100,0.320415,0.27,1,567616,567169,447
142781021,4.00758,8.8686,441,124100,0.288083,0.27,1,567618,567177,441
142783941,4.00152,3.37372,443,124100,0.217617,0.35,1,567622,567179,443
142786181,2.4003,7.07474,437,124100,0.323523,0.28,1,567624,567187,437
142789101,9.28006,10.2149,437,124100,0.344705,0.26,1,567635,567198,437
142792021,3.45601,4.44299,436,124100,0.340941,0.29,1,567637,567201,436
142794941,65.4912,61.6886,441,124100,0.340188,0.38,1,567718,567277,441
142797861,45.0982,44.3377,441,124100,0.396038,0.37,1,567758,567317,441
142800781,13.8196,15.2675,439,124100,0.391208,0.37,1,567764,567325,439
142803701,5.96393,4.65351,441,124100,0.358241,0.31,1,567768,567327,441
142806621,13.1928,12.9307,441,124100,0.343648,0.39,1,567783,567342,441
142809541,7.43856,10.5861,437,124100,0.26873,0.34,1,567789,567352,437
142812461,17.4877,16.5172,439,124100,0.325746,0.29,1,567809,567370,439
142815381,6.69754,8.10345,437,124100,0.305149,0.26,1,567813,567376,437
142818301,20.5395,20.0207,438,124100,0.26103,0.38,1,567837,567399,438
142821221,13.7079,15.2041,436,124100,0.252206,0.35,1,567849,567413,436
142824141,9.14158,6.24083,440,124100,0.314441,0.32,1,567857,567417,440
142827061,8.22832,12.4482,434,124100,0.310888,0.27,1,567865,567431,434
142829981,8.84566,4.08963,441,124100,0.366178,0.25,1,567874,567433,441
142831941,4.16913,3.21793,441,124100,0.361236,0.38,1,567877,567436,441
142834861,2.43383,6.24359,436,124100,0.328247,0.4,1,567879,567443,436
142837781,10.0868,2.04872,447,124100,0.377649,0.27,1,567891,567444,447
142840701,3.61735,6.80974,441,124100,0.37153,0.33,1,567893,567452,441
142843621,5.52347,2.96195,445,124100,0.338306,0.37,1,567899,567454,445
142845461,1.90469,6.99239,438,124100,0.307661,0.3,1,567900,567462,438
142848381,12.3809,10.9985,441,124100,0.349532,0.23,1,567915,567474,441
142851301,4.07619,6.1997,438,124100,0.325906,0.4,1,567917,567479,438
142854221,7.21524,6.03994,440,124100,0.233181,0.31,1,567925,567485,440
142857141,3.04305,6.00799,436,124100,0.214636,0.31,1,567927,567491,436
142860061,3.80861,2.8016,438,124100,0.298927,0.26,1,567931,567493,438
142862981,15.9617,15.7603,438,124100,0.259785,0.23,1,567950,567512,438
142865901,4.79234,4.75206,438,124100,0.235957,0.35,1,567952,567514,438
142868821,5.75847,7.35041,436,124100,0.135191,0.38,1,567958,567522,436
142871741,5.95169,4.67008,438,124100,0.315038,0.38,1,567964,567526,438
142874661,2.79034,2.53402,438,124100,0.335008,0.33,1,567966,567528,438
142877581,6.15807,2.9068,442,124100,0.299002,0.34,1,567973,567531,442
142880501,6.83161,3.78136,445,124100,0.3318,0.33,1,567980,567535,445
142883421,4.56632,6.35627,442,124100,0.33836,0.37,1,567984,567542,442
142886341,2.51326,4.47125,440,124100,0.315672,0.33,1,567986,567546,440
142889261,16.5027,2.49425,458,124100,0.327134,0.29,1,568006,567548,458
142892181,6.50053,17.2989,441,124100,0.305427,0.39,1,568010,567569,441
142895101,19.7001,23.4598,439,124100,0.317085,0.36,1,568033,567594,439
142898021,10.34,12.692,437,124100,0.271417,0.31,1,568041,567604,437
142900941,12.468,12.1384,438,124100,0.326283,0.28,1,568054,567616,438
142903861,4.0936,4.02768,438,124100,0.337257,0.2,1,568056,567618,438
142905361,4.81872,4.00554,439,124100,0.259451,0.4,1,568061,567622,439
142908281,7.36374,8.80111,437,124100,0.33989,0.4,1,568069,567632,437
142911201,3.07275,1.76022,439,124100,0.379978,0.35,1,568071,567632,439
142914121,3.01455,2.75204,439,124100,0.379996,0.34,1,568074,567635,439
142917041,63.0029,2.15041,515,124100,0.307999,0.34,1,568152,567637,515
142919961,47.8006,65.2301,478,124100,0.2056,0.41,1,568196,567718,478
142922881,15.1601,45.046,445,124100,0.29712,0.39,1,568203,567758,445
142925121,6.23202,13.8092,443,124100,0.323424,0.41,1,568207,567764,443
142928041,14.8464,7.56184,454,124100,0.264685,0.34,1,568224,567770,454
142930961,7.76928,11.9124,447,124100,0.260937,0.25,1,568230,567783,447
142933881,10.3539,7.18247,452,124100,0.332187,0.34,1,568241,567789,452
142936801,10.0708,17.4365,442,124100,0.322437,0.3,1,568251,567809,442
142939721,18.0142,6.6873,458,124100,0.304487,0.25,1,568271,567813,458
142942641,15.6028,20.5375,449,124100,0.284898,0.25,1,568286,567837,449
142945561,7.12057,13.7075,442,124100,0.208979,0.33,1,568291,567849,442
142948481,11.8241,9.1415,447,124100,0.289796,0.31,1,568304,567857,447
142951401,3.96482,8.2283,441,124100,0.273959,0.38,1,568306,567865,441
142954321,9.59296,8.84566,443,124100,0.318792,0.36,1,568317,567874,443
142957241,3.51859,4.16913,442,124100,0.319758,0.32,1,568319,567877,442
142958821,1.50372,2.43383,441,124100,0.295952,0.39,1,568320,567879,441
142961741,6.70074,10.0868,437,124100,0.23519,0.37,1,568328,567891,437
142964661,6.14015,3.61735,441,124100,0.303038,0.33,1,568334,567893,441
142967581,6.02803,5.52347,441,124100,0.260608,0.3,1,568340,567899,441
142970501,6.00561,1.90469,446,124100,0.268122,0.36,1,568346,567900,446
142973421,3.60112,12.3809,434,124100,0.309624,0.32,1,568349,567915,434
142976081,9.52022,4.07619,443,124100,0.341925,0.21,1,568360,567917,443
142979001,5.10404,8.81524,437,124100,0.292385,0.21,1,568364,567927,437
142981921,3.42081,1.76305,440,124100,0.266477,0.32,1,568367,567927,440
142984841,18.2842,3.55261,458,124100,0.277295,0.25,1,568389,567931,458
142987761,5.25683,15.9105,441,124100,0.255459,0.23,1,568391,567950,441
142990641,4.25137,4.7821,443,124100,0.251092,0.39,1,568395,567952,443
142993561,4.05027,7.35642,439,124100,0.194218,0.36,1,568399,567960,439
142996481,2.41005,4.67128,437,124100,0.246844,0.34,1,568401,567964,437
142999401,8.48201,2.53426,445,124100,0.329369,0.29,1,568411,567966,445
143002321,3.2964,6.10685,440,124100,0.345874,0.34,1,568413,567973,440
143005241,7.85928,6.82137,442,124100,0.333175,0.34,1,568422,567980,442
143008161,3.17186,4.56427,440,124100,0.338635,0.31,1,568424,567984,440
143011081,16.6344,2.51285,458,124100,0.355727,0.33,1,568444,567986,458
143014001,4.92687,16.5026,440,124100,0.351145,0.3,1,568446,568006,440
143016921,17.7854,6.50051,457,124100,0.302229,0.32,1,568467,568010,457
143019841,13.9571,19.7001,447,124100,0.332446,0.26,1,568480,568033,447
143022761,13.1914,10.34,452,124100,0.322489,0.34,1,568493,568041,452
143025681,4.23828,12.468,441,124100,0.328498,0.34,1,568495,568054,441
143028081,5.64766,4.0936,445,124100,0.2737,0.36,1,568501,568056,445
143031001,5.92953,11.2187,438,124100,0.23874,0.39,1,568507,568069,438
143033921,2.78591,3.84374,438,124100,0.199748,0.38,1,568509,568071,438
143036841,2.15718,3.16875,437,124100,0.19195,0.29,1,568511,568074,437
143039761,62.8314,63.0338,437,124100,0.31039,0.18,1,568589,568152,437
143042681,48.5663,47.8068,438,124100,0.326078,0.32,1,568634,568196,438
143045601,16.1133,15.1613,439,124100,0.305216,0.33,1,568642,568203,439
143048521,4.82265,6.23227,437,124100,0.309043,0.25,1,568644,568207,437
143051441,9.76453,14.8465,431,124100,0.389809,0.26,1,568655,568224,431
143054361,12.3529,7.76929,438,124100,0.381962,0.35,1,568668,568230,438
143057281,10.4706,10.3539,437,124100,0.252392,0.32,1,568678,568241,437
143060201,5.29412,10.0708,431,124100,0.346478,0.3,1,568682,568251,431
143063121,19.4588,18.0142,434,124100,0.349296,0.28,1,568705,568271,434
143066041,18.2918,15.6028,437,124100,0.269859,0.19,1,568723,568286,437
143068961,5.25835,7.12057,434,124100,0.293972,0.31,1,568725,568291,434
143071881,13.8517,11.8241,437,124100,0.282794,0.27,1,568741,568304,437
143074801,4.37033,3.96482,437,124100,0.248559,0.33,1,568743,568306,437
143077721,5.67407,9.59296,432,124100,0.257712,0.32,1,568749,568317,432
143080641,2.73481,3.51859,432,124100,0.347542,0.29,1,568751,568319,432
143082161,1.34696,1.50372,432,124100,0.381508,0.22,1,568752,568320,432
143085081,7.46939,6.70074,433,124100,0.332302,0.32,1,568761,568328,433
143088001,6.29388,6.14015,433,124100,0.32246,0.25,1,568767,568334,433
143090921,9.25878,6.02803,437,124100,0.256492,0.27,1,568777,568340,437
143093841,8.25176,6.00561,439,124100,0.315298,0.32,1,568785,568346,439
143096761,3.25035,3.60112,438,124100,0.32706,0.35,1,568787,568349,438
143099681,6.25007,9.52022,434,124100,0.393412,0.28,1,568794,568360,434
143102601,7.65001,5.10404,438,124100,0.414682,0.26,1,568802,568364,438
143105461,3.13,3.42081,437,124100,0.386936,0.28,1,568804,568367,437
143108381,15.026,18.2842,433,124100,0.309387,0.25,1,568822,568389,433
143111301,6.2052,5.25683,435,124100,0.261877,0.25,1,568826,568391,435
143113781,10.841,4.25137,443,124100,0.308375,0.18,1,568838,568395,443
143116701,3.76821,4.05027,441,124100,0.325675,0.26,1,568840,568399,441
143119621,2.35364,2.41005,441,124100,0.321135,0.35,1,568842,568401,441
143122541,6.87073,8.48201,439,124100,0.272227,0.35,1,568850,568411,439
143125461,2.97415,3.2964,439,124100,0.286445,0.33,1,568852,568413,439
143128341,6.19483,7.85928,437,124100,0.337289,0.34,1,568859,568422,437
143131261,3.63897,5.57186,435,124100,0.331458,0.36,1,568862,568427,435
143134181,13.5278,14.7144,434,124100,0.298292,0.35,1,568878,568444,434
143137101,5.90556,4.54287,436,124100,0.299658,0.29,1,568882,568446,436
143140021,21.9811,17.7086,441,124100,0.339932,0.34,1,568908,568467,441
143142941,13.9962,13.9417,440,124100,0.259986,0.32,1,568920,568480,440
143145861,7.59924,13.1883,433,124100,0.283997,0.33,1,568926,568493,433
143148781,3.11985,4.23767,433,124100,0.256799,0.26,1,568928,568495,433
143150801,3.82397,5.64753,431,124100,0.25936,0.19,1,568932,568501,431
143153721,10.3648,7.52951,435,124100,0.363872,0.19,1,568944,568509,435
143156641,3.67296,1.5059,437,124100,0.352774,0.19,1,568946,568509,437
143159561,2.33459,1.90118,437,124100,0.318555,0.34,1,568948,568511,437
143162481,62.0669,62.7802,436,124100,0.343711,0.33,1,569025,568589,436
143165401,49.2134,48.556,437,124100,0.308742,0.3,1,569071,568634,437
143168321,19.4427,16.1112,441,124100,0.277748,0.31,1,569083,568642,441
143171241,5.48854,4.82224,441,124100,0.23955,0.41,1,569085,568644,441
143174161,7.49771,9.76445,438,124100,0.32791,0.38,1,569093,568655,438
143177081,7.89954,12.3529,433,124100,0.353582,0.22,1,569101,568668,433
143180001,15.1799,10.4706,440,124100,0.286716,0.37,1,569118,568678,440
143182921,4.63598,5.29412,438,124100,0.241343,0.35,1,569120,568682,438
143185841,18.5272,19.4588,437,124100,0.272269,0.25,1,569142,568705,437
143188761,20.5054,18.2918,440,124100,0.294454,0.3,1,569163,568723,440
143191681,5.70109,5.25835,440,124100,0.266891,0.28,1,569165,568725,440
143194601,14.7402,13.8517,441,124100,0.293378,0.24,1,569182,568741,441
143197521,4.54804,4.37033,441,124100,0.266676,0.26,1,569184,568743,441
143199681,4.10961,5.67407,439,124100,0.229335,0.39,1,569188,568749,439
143202601,4.02192,3.53481,440,124100,0.205867,0.39,1,569192,568752,440
143205521,2.40438,0.706963,442,124100,0.201173,0.32,1,569194,568752,442
143208441,5.28088,7.34139,439,124100,0.264235,0.32,1,569200,568761,439
143211361,2.65618,6.26828,435,124100,0.244847,0.24,1,569202,568767,435
143214281,10.9312,9.25366,438,124100,0.304969,0.33,1,569215,568777,438
143217201,10.1862,8.25073,440,124100,0.324994,0.33,1,569225,568785,440
143220121,3.63725,3.25015,440,124100,0.328999,0.41,1,569227,568787,440
143223041,7.12745,6.25003,441,124100,0.2738,0.42,1,569235,568794,441
143225961,3.02549,7.65001,435,124100,0.31876,0.38,1,569237,568802,435
143228881,7.0051,3.13,441,124100,0.287752,0.29,1,569245,568804,441
143231801,12.601,15.026,437,124100,0.18555,0.25,1,569259,568822,437
143234721,7.3202,6.2052,439,124100,0.22111,0.32,1,569265,568826,439
143237641,7.86404,10.841,435,124100,0.196222,0.33,1,569273,568838,435
143240561,3.17281,3.76821,435,124100,0.215244,0.32,1,569275,568840,435
143242321,3.03456,2.35364,436,124100,0.195049,0.33,1,569278,568842,436
143245241,10.2069,10.0707,436,124100,0.27901,0.33,1,569290,568854,436
143248161,3.64138,2.01415,438,124100,0.295802,0.35,1,569292,568854,438
143251081,3.92828,4.40283,437,124100,0.24316,0.33,1,569296,568859,437
143254001,5.58566,3.28057,440,124100,0.240632,0.29,1,569302,568862,440
143256921,14.7171,13.4561,441,124100,0.304126,0.3,1,569319,568878,441
143259841,4.54343,5.89122,439,124100,0.324825,0.35,1,569321,568882,439
143262761,17.7087,21.9782,434,124100,0.280965,0.24,1,569342,568908,434
143265681,13.9417,13.9956,435,124100,0.336193,0.29,1,569355,568920,435
143268601,12.3883,7.59913,441,124100,0.243239,0.25,1,569367,568926,441
143270401,3.27767,3.11983,440,124100,0.328648,0.26,1,569368,568928,440
143273321,3.85553,3.82397,440,124100,0.27373,0.26,1,569372,568932,440
143276241,10.3711,0.764793,452,124100,0.294746,0.39,1,569384,568932,452
143279161,3.67422,9.75296,442,124100,0.306949,0.35,1,569386,568944,442
143281841,2.33484,3.55059,442,124100,0.27739,0.35,1,569388,568946,442
143284761,61.267,11.9101,504,124100,0.215478,0.35,1,569464,568960,504
143287681,45.8534,54.382,481,124100,0.243096,0.3,1,569506,569025,481
143290601,21.1707,47.6764,450,124100,0.256619,0.27,1,569521,569071,450
143293521,5.83414,19.1353,440,124100,0.275324,0.23,1,569523,569083,440
143296401,7.56683,5.42706,446,124100,0.335065,0.4,1,569531,569085,446
143299321,6.31337,9.08541,442,124100,0.339013,0.36,1,569537,569095,442
143302241,10.8627,6.61708,448,124100,0.315803,0.27,1,569549,569101,448
143305161,9.37253,14.9234,440,124100,0.263161,0.23,1,569558,569118,440
143308081,18.6745,4.58468,459,124100,0.284632,0.28,1,569579,569120,459
143311001,21.3349,18.5169,459,124100,0.168926,0.3,1,569601,569142,459
143313921,5.86698,20.5034,440,124100,0.145785,0.26,1,569603,569163,440
143316841,9.1734,5.70068,448,124100,0.261157,0.3,1,569613,569165,448
143319761,3.43468,14.7401,433,124100,0.284231,0.26,1,569615,569182,433
143322401,8.68694,4.54803,441,124100,0.272846,0.2,1,569625,569184,441
143325321,3.33739,8.90961,433,124100,0.294569,0.2,1,569627,569194,433
143328241,2.26748,1.78192,435,124100,0.338914,0.28,1,569629,569194,435
143331161,3.6535,5.15638,433,124100,0.283783,0.24,1,569633,569200,433
143334081,2.3307,2.63128,433,124100,0.240757,0.32,1,569635,569202,433
143337001,14.0661,10.9263,437,124100,0.264151,0.33,1,569652,569215,437
143339921,8.41323,10.1853,434,124100,0.26083,0.33,1,569659,569225,434
143342841,6.48265,3.63705,438,124100,0.244166,0.26,1,569665,569227,438
143345761,6.09653,7.12741,436,124100,0.328833,0.33,1,569671,569235,436
143348681,2.81931,3.02548,436,124100,0.313767,0.28,1,569673,569237,436
143351601,3.76386,7.0051,432,124100,0.318753,0.16,1,569677,569245,432
143354521,9.55277,12.601,429,124100,0.311751,0.23,1,569688,569259,429
143357441,9.91055,7.3202,433,124100,0.18235,0.19,1,569698,569265,433
143360361,9.18211,7.86404,434,124100,0.20447,0.22,1,569707,569273,434
143363281,3.43642,3.17281,434,124100,0.208894,0.19,1,569709,569275,434
143366201,5.48728,3.03456,437,124100,0.265779,0.3,1,569715,569278,437
143369121,5.89746,10.2069,431,124100,0.293156,0.3,1,569721,569290,431
143372041,5.97949,3.64138,435,124100,0.266631,0.23,1,569727,569292,435
143374821,8.3959,3.92828,440,124100,0.277326,0.24,1,569736,569296,440
143377741,3.27918,5.58566,436,124100,0.303465,0.32,1,569738,569302,436
143380661,15.0558,14.7171,437,124100,0.300693,0.33,1,569756,569319,437
143383581,4.61117,4.54343,437,124100,0.300139,0.27,1,569758,569321,437
143386501,19.3222,17.7087,439,124100,0.356028,0.35,1,569781,569342,439
143389421,8.66445,13.9417,432,124100,0.327206,0.22,1,569787,569355,432
143392341,11.3329,12.3883,432,124100,0.377441,0.35,1,569799,569367,432
143395261,10.2666,3.27767,441,124100,0.307488,0.26,1,569809,569368,441
143397701,10.0533,3.85553,447,124100,0.261498,0.3,1,569819,569372,447
143400621,5.21066,10.3711,439,124100,0.2603,0.31,1,569823,569384,439
143403521,2.64213,3.67422,439,124100,0.31606,0.28,1,569825,569386,439
143406441,61.3284,6.33484,508,124100,0.279212,0.2,1,569901,569393,508
143409361,44.2657,58.067,477,124100,0.287842,0.25,1,569941,569464,477
143412281,22.4531,45.2134,452,124100,0.305568,0.26,1,569958,569506,452
143415201,6.09063,21.0427,439,124100,0.277114,0.28,1,569960,569521,439
143418081,7.61813,5.80854,445,124100,0.287423,0.37,1,569968,569523,445
143421001,5.52362,9.96171,439,124100,0.281485,0.34,1,569973,569534,439
143423921,9.10472,4.39234,446,124100,0.376297,0.31,1,569983,569537,446
143426841,8.22094,10.4785,442,124100,0.403259,0.25,1,569991,569549,442
143429761,20.8442,9.29569,457,124100,0.384652,0.29,1,570015,569558,457
143432681,21.7688,18.6591,458,124100,0.32493,0.14,1,570037,569579,458
143435601,5.95377,21.3318,438,124100,0.280986,0.14,1,570039,569601,438
143438521,9.19075,5.86637,446,124100,0.296197,0.29,1,570049,569603,446
143440341,2.63815,9.17327,437,124100,0.315239,0.29,1,570050,569613,437
143443261,2.12763,3.43465,437,124100,0.295048,0.27,1,570052,569615,437
143446181,5.22553,8.68693,433,124100,0.33101,0.3,1,570058,569625,433
143449101,2.64511,3.33739,433,124100,0.338202,0.35,1,570060,569627,433
143452021,3.72902,2.26748,435,124100,0.33164,0.27,1,570064,569629,435
143454901,7.1458,3.6535,439,124100,0.386328,0.4,1,570072,569633,439
143457821,3.02916,5.5307,435,124100,0.365266,0.27,1,570074,569639,435
143460741,9.40583,11.5061,433,124100,0.361053,0.26,1,570085,569652,433
143463661,12.2812,7.90123,439,124100,0.304211,0.24,1,570098,569659,439
143466581,4.05623,6.38025,435,124100,0.356842,0.35,1,570100,569665,435
143469501,8.81125,6.07605,439,124100,0.399368,0.31,1,570110,569671,439
143471541,3.36225,2.81521,439,124100,0.407874,0.32,1,570112,569673,439
143474461,2.27245,3.76304,437,124100,0.409575,0.31,1,570114,569677,437
143477381,3.65449,9.55261,430,124100,0.369915,0.15,1,570118,569688,430
143480301,9.5309,9.91052,431,124100,0.345983,0.21,1,570129,569698,431
143483221,13.1062,9.1821,436,124100,0.237197,0.21,1,570143,569707,436
143486141,5.82124,3.43642,438,124100,0.303439,0.28,1,570147,569709,438
143487761,1.96425,5.48728,433,124100,0.300688,0.34,1,570148,569715,433
143490681,6.79285,4.29746,437,124100,0.300138,0.3,1,570156,569719,437
143493601,6.15857,2.45949,441,124100,0.364028,0.26,1,570162,569721,441
143496521,6.03171,5.2919,441,124100,0.352805,0.28,1,570168,569727,441
143499441,3.60634,8.25838,435,124100,0.310561,0.31,1,570171,569736,435
143502361,15.9213,3.25168,452,124100,0.286112,0.3,1,570190,569738,452
143505281,4.78425,15.0503,436,124100,0.281222,0.3,1,570192,569756,436
143508201,23.3569,4.61007,462,124100,0.312245,0.37,1,570220,569758,462
143511121,9.47137,19.322,445,124100,0.318449,0.32,1,570226,569781,445
143514041,8.29427,8.6644,447,124100,0.38369,0.39,1,570234,569787,447
143516961,8.05885,11.3329,443,124100,0.404738,0.29,1,570242,569799,443
143519881,11.2118,10.2666,445,124100,0.344948,0.25,1,570254,569809,445
143522801,7.04235,10.0533,441,124100,0.31699,0.26,1,570260,569819,441
143525721,3.00847,5.21066,439,124100,0.287398,0.33,1,570262,569823,439
143528641,63.0017,2.64213,515,124100,0.32148,0.27,1,570340,569825,515
143531561,41.4003,61.3284,475,124100,0.368296,0.29,1,570376,569901,475
143534481,22.6801,44.2657,453,124100,0.313659,0.31,1,570394,569941,453
143537401,6.13601,22.4531,438,124100,0.350732,0.27,1,570396,569958,438
143540321,10.8272,6.09063,448,124100,0.294146,0.29,1,570408,569960,448
143543241,6.96544,7.61813,446,124100,0.322829,0.28,1,570414,569968,446
143546161,9.39309,5.52362,451,124100,0.384566,0.4,1,570424,569973,451
143549081,3.47862,9.10472,443,124100,0.396913,0.41,1,570426,569983,443
143552001,21.4957,8.22094,461,124100,0.295383,0.38,1,570452,569991,461
143554921,21.8991,20.8442,459,124100,0.339077,0.31,1,570474,570015,459
143557841,5.97983,21.7688,439,124100,0.315815,0.27,1,570476,570037,439
143560761,9.19597,5.95377,447,124100,0.183163,0.3,1,570486,570039,447
143563681,3.43919,9.19075,439,124100,0.284633,0.29,1,570488,570049,439
143565761,2.28784,4.23815,438,124100,0.360927,0.36,1,570490,570052,438
143568681,3.65757,4.84763,437,124100,0.352185,0.34,1,570494,570057,437
143571601,5.53151,1.76953,442,124100,0.318437,0.34,1,570500,570058,442
143574081,2.7063,1.95391,442,124100,0.343687,0.44,1,570502,570060,442
143577001,6.94126,8.39078,440,124100,0.300737,0.4,1,570510,570070,440
143579921,2.98825,3.27816,440,124100,0.292148,0.36,1,570512,570072,440
143582841,6.99765,2.25563,446,124100,0.27443,0.36,1,570520,570074,446
143585761,16.5995,9.25113,454,124100,0.286886,0.29,1,570539,570085,454
143588681,4.91991,12.2502,443,124100,0.257377,0.37,1,570541,570098,443
143591601,5.78398,4.05005,447,124100,0.195475,0.41,1,570547,570100,447
143594521,5.9568,8.81001,443,124100,0.311095,0.41,1,570553,570110,443
143596961,2.79136,4.962,441,124100,0.334219,0.41,1,570555,570114,441
143599881,3.75827,8.9924,435,124100,0.314844,0.41,1,570559,570124,435
143602801,2.35165,1.79848,437,124100,0.294969,0.34,1,570561,570124,437
143605721,15.6703,4.3597,451,124100,0.282994,0.21,1,570580,570129,451
143608641,4.73407,12.0719,439,124100,0.248599,0.32,1,570582,570143,439
143610481,1.74681,5.61439,436,124100,0.22572,0.3,1,570583,570147,436
143613401,9.94936,8.32288,439,124100,0.293144,0.38,1,570595,570156,439
143616321,5.98987,6.46458,438,124100,0.330629,0.35,1,570600,570162,438
143619241,7.59797,6.09292,440,124100,0.370126,0.3,1,570608,570168,440
143620881,2.31959,3.61858,438,124100,0.354025,0.35,1,570609,570171,438
143623801,13.2639,2.32372,452,124100,0.382805,0.28,1,570625,570173,452
143626721,5.05278,14.0647,438,124100,0.372561,0.28,1,570628,570190,438
143629641,21.8106,4.41295,462,124100,0.322512,0.32,1,570654,570192,462
143632561,14.7621,23.2826,447,124100,0.304502,0.32,1,570667,570220,447
143635481,9.35242,9.45652,449,124100,0.2689,0.4,1,570675,570226,449
143638401,5.07048,8.2913,445,124100,0.25378,0.41,1,570679,570234,445
143641321,12.2141,8.05826,451,124100,0.338756,0.33,1,570693,570242,451
143644241,4.04282,11.2117,441,124100,0.355751,0.31,1,570695,570254,441
143647161,2.40856,7.04233,437,124100,0.32715,0.28,1,570697,570260,437
143649381,2.08171,3.00847,437,124100,0.34543,0.33,1,570699,570262,437
143652301,66.0163,63.0017,441,124100,0.397086,0.38,1,570781,570340,441
143655221,42.8033,41.4003,442,124100,0.303417,0.3,1,570818,570376,442
143658141,18.1607,22.6801,436,124100,0.324683,0.36,1,570830,570394,436
143661061,5.23213,6.13601,436,124100,0.392937,0.28,1,570832,570396,436
143663941,13.0464,10.8272,439,124100,0.398587,0.33,1,570847,570408,439
143666861,10.6093,6.96544,443,124100,0.351717,0.4,1,570857,570414,443
143669781,10.1219,9.39309,443,124100,0.390343,0.4,1,570867,570424,443
143672701,3.62437,3.47862,443,124100,0.406069,0.27,1,570869,570426,443
143675621,17.5249,21.4957,438,124100,0.377214,0.35,1,570890,570452,438
143678541,14.705,21.8991,430,124100,0.331443,0.31,1,570904,570474,430
143681461,6.14099,5.97983,432,124100,0.330289,0.15,1,570908,570476,432
143684381,14.0282,9.19597,438,124100,0.314058,0.31,1,570924,570486,438
143687301,4.40564,3.43919,438,124100,0.286812,0.38,1,570926,570488,438
143689941,7.28113,2.28784,444,124100,0.337362,0.33,1,570934,570490,444
143692861,3.05623,7.65757,437,124100,0.347472,0.31,1,570936,570499,437
143695781,3.01125,2.33151,439,124100,0.389494,0.35,1,570939,570500,439
143698701,5.40225,2.0663,443,124100,0.373899,0.29,1,570945,570502,443
143700341,1.88045,6.81326,436,124100,0.35478,0.29,1,570946,570510,436
143703261,1.97609,2.96265,436,124100,0.350956,0.27,1,570948,570512,436
143706181,9.99522,6.99253,440,124100,0.334191,0.29,1,570960,570520,440
143709101,15.599,16.5985,438,124100,0.418838,0.25,1,570977,570539,438
143712021,4.71981,4.9197,438,124100,0.411768,0.18,1,570979,570541,438
143714901,5.74396,5.78394,438,124100,0.346354,0.34,1,570985,570547,438
143717821,5.94879,5.95679,438,124100,0.301271,0.34,1,570991,570553,438
143720741,2.78976,2.79136,438,124100,0.444254,0.31,1,570993,570555,438
143723221,6.95795,3.75827,442,124100,0.416851,0.34,1,571001,570559,442
143726141,2.99159,3.15165,441,124100,0.41937,0.28,1,571003,570562,441
143729061,6.99832,15.0303,431,124100,0.411874,0.24,1,571011,570580,431
143731981,8.59966,4.60607,438,124100,0.354375,0.22,1,571020,570582,438
143734661,12.1199,1.72121,450,124100,0.414875,0.31,1,571033,570583,450
143737581,7.22399,9.94424,444,124100,0.370975,0.34,1,571039,570595,444
143740501,9.4448,5.98885,449,124100,0.346195,0.38,1,571049,570600,449
143743421,3.48896,7.59777,443,124100,0.341239,0.35,1,571051,570608,443
143746341,10.2978,2.31955,454,124100,0.388248,0.39,1,571063,570609,454
143749261,4.45956,13.2639,441,124100,0.34965,0.37,1,571066,570625,441
143752181,20.8919,5.05278,463,124100,0.31793,0.31,1,571091,570628,463
143755101,12.1784,21.8106,447,124100,0.391586,0.3,1,571101,570654,447
143758021,15.2357,14.7621,450,124100,0.350317,0.26,1,571117,570667,450
143760241,6.24714,9.35242,446,124100,0.398063,0.37,1,571121,570675,446
143763161,7.64943,6.67048,448,124100,0.399613,0.36,1,571129,570681,448
143766081,3.12989,10.9341,438,124100,0.399923,0.36,1,571131,570693,438
143768561,2.22598,3.78682,438,124100,0.439985,0.32,1,571133,570695,438
143771481,6.8452,8.75736,436,124100,0.439997,0.32,1,571141,570705,436
143774401,66.969,1.75147,518,124100,0.351999,0.41,1,571223,570705,518
143777321,38.9938,61.1503,474,124100,0.3824,0.28,1,571255,570781,474
143780241,20.5988,41.8301,453,124100,0.34048,0.33,1,571271,570818,453
143783161,5.71975,17.966,443,124100,0.308096,0.41,1,571273,570830,443
143786081,11.544,5.1932,454,124100,0.325619,0.4,1,571286,570832,454
143789001,12.7088,13.0386,452,124100,0.313124,0.34,1,571299,570847,452
143791921,10.5418,10.6077,452,124100,0.326625,0.4,1,571309,570857,452
143794841,3.70835,10.1215,444,124100,0.337325,0.41,1,571311,570867,444
143797761,15.1417,3.62431,460,124100,0.331465,0.37,1,571329,570869,460
143800681,16.6283,17.5249,456,124100,0.274293,0.32,1,571346,570890,456
143803601,4.92567,14.705,444,124100,0.262859,0.33,1,571348,570904,444
143806521,12.9851,6.14099,455,124100,0.204572,0.31,1,571363,570908,455
143809441,4.19703,14.0282,441,124100,0.232914,0.28,1,571365,570924,441
143812361,7.23941,4.40564,447,124100,0.182583,0.35,1,571373,570926,447
143815281,3.04788,7.28113,441,124100,0.180517,0.35,1,571375,570934,441
143817441,2.20958,3.05623,441,124100,0.268103,0.39,1,571377,570936,441
143820361,5.24192,7.01125,439,124100,0.229621,0.37,1,571383,570944,439
143823281,2.64838,2.20225,440,124100,0.221924,0.35,1,571385,570945,440
143826201,2.12968,2.84045,439,124100,0.276385,0.35,1,571387,570948,439
143828261,10.0259,0.56809,451,124100,0.271277,0.33,1,571399,570948,451
143831181,13.2052,9.71362,453,124100,0.262255,0.44,1,571413,570960,453
143834101,4.24104,15.5427,438,124100,0.236451,0.41,1,571415,570977,438
143837021,12.8482,4.70854,451,124100,0.27129,0.33,1,571430,570979,451
143839941,4.16964,5.74171,447,124100,0.246258,0.29,1,571432,570985,447
143842861,2.43393,5.94834,443,124100,0.201252,0.48,1,571434,570991,443
143845781,6.88679,2.78967,449,124100,0.22425,0.41,1,571442,570993,449
143848701,2.97736,6.95793,443,124100,0.23685,0.42,1,571444,571001,443
143851621,4.59547,2.99159,446,124100,0.25537,0.41,1,571449,571003,446
143854541,13.7191,6.99832,454,124100,0.243074,0.34,1,571465,571011,454
143857461,10.7438,8.59966,455,124100,0.192615,0.36,1,571475,571020,455
143860381,5.34876,16.9199,440,124100,0.310523,0.34,1,571479,571039,440
143863301,9.06975,11.384,440,124100,0.318105,0.34,1,571489,571049,440
143866221,5.01395,3.8768,442,124100,0.303621,0.4,1,571493,571051,442
143869141,10.6028,10.3754,442,124100,0.300724,0.34,1,571505,571063,442
143872061,5.32056,4.47507,443,124100,0.308145,0.31,1,571509,571066,443
143874981,21.8641,20.895,444,124100,0.269629,0.41,1,571535,571091,444
143877901,12.3728,12.179,444,124100,0.301926,0.34,1,571545,571101,444
143880821,12.8746,15.2358,441,124100,0.300385,0.41,1,571558,571117,441
143883741,5.77491,6.24716,441,124100,0.236077,0.4,1,571562,571121,441
143886661,5.95498,7.64943,439,124100,0.279215,0.4,1,571568,571129,439
143889581,5.991,3.12989,443,124100,0.319843,0.45,1,571574,571131,443
143891281,1.9982,2.22598,442,124100,0.311969,0.44,1,571575,571133,442
143894201,3.59964,6.8452,438,124100,0.350394,0.33,1,571579,571141,438
143897121,62.3199,66.969,433,124100,0.326079,0.39,1,571656,571223,433
143900041,43.664,38.9938,440,124100,0.433216,0.33,1,571695,571255,440
143902961,19.1328,20.5988,437,124100,0.414643,0.3,1,571708,571271,437
143905881,5.42656,5.71975,437,124100,0.378929,0.33,1,571710,571273,437
143908801,12.2853,11.544,438,124100,0.339786,0.31,1,571724,571286,438
143911721,12.8571,12.7088,438,124100,0.355957,0.33,1,571737,571299,438
143914641,10.5714,10.5418,438,124100,0.287191,0.34,1,571747,571309,438
143917561,3.71428,3.70835,438,124100,0.401438,0.33,1,571749,571311,438
143920481,15.1429,15.1417,438,124100,0.432288,0.26,1,571767,571329,438
143923401,12.6286,16.6283,433,124100,0.422458,0.26,1,571779,571346,433
143926321,4.12571,4.92567,433,124100,0.420492,0.19,1,571781,571348,433
143929241,11.2251,12.9851,431,124100,0.340098,0.24,1,571794,571363,431
143932161,3.84503,4.19703,431,124100,0.34802,0.17,1,571796,571365,431
143935081,8.76901,7.23941,433,124100,0.373604,0.18,1,571806,571373,433
143938001,4.9538,3.04788,435,124100,0.346721,0.29,1,571810,571375,435
143940161,4.19076,2.20958,437,124100,0.277344,0.22,1,571814,571377,437
143943081,5.63815,5.24192,437,124100,0.351469,0.22,1,571820,571383,437
143946001,2.72763,2.64838,437,124100,0.374294,0.29,1,571822,571385,437
143948481,2.14553,2.12968,437,124100,0.346859,0.26,1,571824,571387,437
143951401,10.0291,2.82594,446,124100,0.365372,0.26,1,571836,571390,446
143954321,11.6058,18.9652,435,124100,0.313074,0.23,1,571848,571413,435
143957241,3.92116,5.39304,435,124100,0.358615,0.28,1,571850,571415,435
143960161,11.9842,13.0786,434,124100,0.279723,0.24,1,571864,571430,434
143963081,3.99685,4.21572,434,124100,0.231945,0.19,1,571866,571432,434
143965121,2.39937,2.44314,434,124100,0.310389,0.25,1,571868,571434,434
143968041,6.87987,2.88863,439,124100,0.270078,0.23,1,571876,571437,439
143970961,2.97597,4.57773,436,124100,0.262016,0.24,1,571878,571442,436
143973881,6.9952,2.51555,442,124100,0.268403,0.26,1,571886,571444,442
143976801,10.199,4.50311,448,124100,0.285681,0.24,1,571897,571449,448
143979721,12.4398,13.7006,445,124100,0.265136,0.18,1,571910,571465,445
143982641,6.48796,10.7401,440,124100,0.237027,0.34,1,571915,571475,440
143985561,7.69759,5.34802,444,124100,0.303405,0.32,1,571923,571479,444
143988481,5.53952,9.0696,439,124100,0.276681,0.3,1,571928,571489,439
143991401,13.1079,5.01392,450,124100,0.303336,0.3,1,571943,571493,450
143994321,4.22158,10.6028,440,124100,0.308667,0.31,1,571945,571505,440
143997241,20.8443,5.32056,461,124100,0.357733,0.26,1,571970,571509,461
144000161,13.7689,21.8641,447,124100,0.391547,0.31,1,571982,571535,447
144003081,13.1538,12.3728,450,124100,0.342309,0.3,1,571995,571545,450
144006001,6.63075,12.8746,442,124100,0.308462,0.22,1,572000,571558,442
144008921,6.92615,5.77491,445,124100,0.349692,0.29,1,572007,571562,445
144011841,2.98523,5.95498,441,124100,0.333938,0.33,1,572009,571568,441
144014761,2.19705,5.991,437,124100,0.362788,0.36,1,572011,571574,437
144017681,2.03941,5.1982,434,124100,0.336558,0.32,1,572013,571579,434
144020601,64.4079,62.6396,437,124100,0.379312,0.46,1,572093,571656,437
144023521,47.2816,43.7279,441,124100,0.371862,0.41,1,572136,571695,441
144026441,19.8563,19.1456,441,124100,0.386372,0.37,1,572149,571708,441
144029361,5.57126,5.42912,441,124100,0.365275,0.33,1,572151,571710,441
144032281,10.7143,12.2858,439,124100,0.401055,0.36,1,572163,571724,439
144035201,10.1429,12.8572,436,124100,0.376211,0.27,1,572173,571737,436
144038121,15.6286,10.5714,443,124100,0.387242,0.43,1,572190,571747,443
144041041,4.72571,3.71429,443,124100,0.357448,0.44,1,572192,571749,443
144043961,15.3451,15.1429,443,124100,0.41549,0.42,1,572210,571767,443
144046881,9.46903,12.6286,439,124100,0.371098,0.42,1,572218,571779,439
144049801,3.49381,4.12571,439,124100,0.33022,0.32,1,572220,571781,439
144052721,11.8988,11.2251,440,124100,0.386044,0.35,1,572234,571794,440
144055641,5.57975,3.84503,442,124100,0.333209,0.38,1,572238,571796,442
144058561,9.91595,8.76901,443,124100,0.354642,0.34,1,572249,571806,443
144061481,3.58319,4.9538,441,124100,0.358928,0.26,1,572251,571810,441
144064341,2.31664,4.19076,439,124100,0.335786,0.37,1,572253,571814,439
144067261,7.66333,5.63815,442,124100,0.387157,0.38,1,572262,571820,442
144070181,3.13267,2.72763,442,124100,0.389431,0.34,1,572264,571822,442
144072661,7.02653,2.14553,448,124100,0.277886,0.37,1,572272,571824,448
144075581,9.40531,10.0291,446,124100,0.375577,0.3,1,572282,571836,446
144078501,3.48106,11.6058,436,124100,0.371115,0.37,1,572284,571848,436
144081421,11.0962,3.92116,447,124100,0.378223,0.26,1,572297,571850,447
144084341,3.81924,11.9842,435,124100,0.347645,0.22,1,572299,571864,435
144087261,2.36385,3.99685,435,124100,0.309529,0.33,1,572301,571866,435
144089301,9.27277,2.39937,444,124100,0.373906,0.26,1,572312,571868,444
144092221,5.05455,8.47987,438,124100,0.322781,0.26,1,572316,571878,438
144095141,5.01091,1.69597,443,124100,0.280556,0.27,1,572321,571878,443
144098061,9.00218,6.7392,445,124100,0.304111,0.29,1,572331,571886,445
144100981,16.2004,10.1478,452,124100,0.204822,0.26,1,572349,571897,452
144103901,4.84009,12.4296,441,124100,0.288964,0.23,1,572351,571910,441
144106821,9.76802,6.48591,447,124100,0.329793,0.32,1,572362,571915,447
144109741,3.5536,7.69718,441,124100,0.353959,0.27,1,572364,571923,441
144112661,14.3107,5.53944,453,124100,0.342792,0.31,1,572381,571928,453
144115581,4.46214,13.1079,440,124100,0.308558,0.31,1,572383,571943,440
144118501,16.8924,4.22158,458,124100,0.277712,0.37,1,572403,571945,458
144121421,16.9785,20.8443,450,124100,0.223542,0.4,1,572420,571970,450
144124341,14.5957,13.7689,452,124100,0.276708,0.33,1,572434,571982,452
144127261,6.11914,13.1538,443,124100,0.223342,0.3,1,572438,571995,443
144130181,6.02383,6.63075,444,124100,0.324668,0.36,1,572444,572000,444
144133101,2.80477,6.92615,439,124100,0.344934,0.33,1,572446,572007,439
144136021,2.16095,2.98523,439,124100,0.348987,0.37,1,572448,572009,439
144138941,2.03219,2.19705,439,124100,0.357797,0.33,1,572450,572011,439
144141301,10.0064,2.03941,449,124100,0.271559,0.39,1,572462,572013,449
144144221,58.8013,64.4079,440,124100,0.334312,0.37,1,572533,572093,440
144147141,42.9603,47.2816,436,124100,0.346862,0.39,1,572572,572136,436
144150061,24.5921,19.8563,443,124100,0.245372,0.36,1,572592,572149,443
144152981,6.51841,5.57126,443,124100,0.225074,0.41,1,572594,572151,443
144155901,9.30368,10.7143,441,124100,0.261015,0.37,1,572604,572163,441
144158821,9.86074,10.1429,441,124100,0.300203,0.39,1,572614,572173,441
144161741,17.9721,15.6286,444,124100,0.308041,0.35,1,572634,572190,444
144164661,5.19443,4.72571,444,124100,0.317608,0.43,1,572636,572192,444
144167581,10.6389,15.3451,438,124100,0.311522,0.36,1,572648,572210,438
144170501,10.1278,9.46903,440,124100,0.318304,0.32,1,572658,572218,440
144173421,6.82556,3.49381,444,124100,0.351661,0.4,1,572664,572220,444
144176341,9.36511,11.8988,440,124100,0.238332,0.32,1,572674,572234,440
144179261,5.07302,5.57975,440,124100,0.215666,0.36,1,572678,572238,440
144182181,9.8146,9.91595,440,124100,0.243133,0.36,1,572689,572249,440
144185101,3.56292,3.58319,440,124100,0.304627,0.33,1,572691,572251,440
144186641,1.51258,2.31664,439,124100,0.308925,0.44,1,572692,572253,439
144189561,3.50252,2.06333,441,124100,0.293785,0.4,1,572696,572255,441
144192481,7.9005,6.01267,443,124100,0.290757,0.39,1,572705,572262,443
144195401,6.3801,2.80253,447,124100,0.234151,0.4,1,572711,572264,447
144198321,10.076,14.9605,440,124100,0.34283,0.37,1,572722,572282,440
144201241,3.6152,4.5921,440,124100,0.364566,0.38,1,572724,572284,440
144204161,5.52304,11.3184,433,124100,0.312913,0.34,1,572730,572297,433
144207081,2.70461,3.86368,433,124100,0.270583,0.3,1,572732,572299,433
144209521,7.74092,2.37274,440,124100,0.318117,0.26,1,572741,572301,440
144212441,4.74818,6.87455,436,124100,0.263623,0.31,1,572745,572309,436
144215361,8.14964,6.97491,438,124100,0.196725,0.27,1,572754,572316,438
144218281,4.82993,5.39498,437,124100,0.303345,0.31,1,572758,572321,437
144221201,8.96599,9.079,437,124100,0.356669,0.18,1,572768,572331,437
144224121,17.7932,16.2158,439,124100,0.311334,0.31,1,572788,572349,439
144227041,5.15864,4.84316,439,124100,0.270267,0.34,1,572790,572351,439
144229961,5.83173,9.76863,434,124100,0.270053,0.36,1,572796,572362,434
144232881,2.76635,3.55373,434,124100,0.238011,0.34,1,572798,572364,434
144235801,15.7533,14.3107,436,124100,0.287602,0.3,1,572817,572381,436
144238721,4.75065,4.46215,436,124100,0.29752,0.27,1,572819,572383,436
144241641,14.5501,16.8924,433,124100,0.307504,0.21,1,572836,572403,433
144244561,19.71,16.9785,437,124100,0.221501,0.29,1,572857,572420,437
144247481,17.542,14.5957,440,124100,0.2603,0.21,1,572874,572434,440
144250401,6.7084,6.11914,440,124100,0.23606,0.35,1,572878,572438,440
144253321,4.54168,6.02383,438,124100,0.263212,0.35,1,572882,572444,438
144256241,2.50834,2.80477,438,124100,0.236642,0.35,1,572884,572446,438
144258821,2.90167,2.16095,439,124100,0.239328,0.35,1,572887,572448,439
144261741,2.98033,4.43219,437,124100,0.279866,0.25,1,572890,572453,437
144264661,5.39607,8.08644,434,124100,0.271973,0.35,1,572896,572462,434
144267581,59.4792,58.4173,436,124100,0.238395,0.35,1,572969,572533,436
144270501,39.0958,42.8835,431,124100,0.367679,0.22,1,573003,572572,431
144273421,27.8192,24.5767,436,124100,0.369536,0.22,1,573028,572592,436
144276341,7.16383,6.51534,436,124100,0.337907,0.27,1,573030,572594,436
144279261,11.0328,9.30307,438,124100,0.315581,0.31,1,573042,572604,438
144282181,10.2066,9.86061,438,124100,0.319116,0.31,1,573052,572614,438
144285101,14.8413,17.9721,434,124100,0.311823,0.32,1,573068,572634,434
144288021,4.56826,5.19442,434,124100,0.278365,0.31,1,573070,572636,434
144290941,13.7137,10.6389,438,124100,0.303673,0.32,1,573086,572648,438
144293861,9.14273,10.1278,436,124100,0.340735,0.36,1,573094,572658,436
144296781,3.42855,6.82556,432,124100,0.348147,0.21,1,573096,572664,432
144299701,10.2857,9.36511,434,124100,0.349629,0.21,1,573108,572674,434
144302621,5.25714,5.07302,434,124100,0.317926,0.25,1,573112,572678,434
144305541,10.6514,9.8146,435,124100,0.335585,0.32,1,573124,572689,435
144308461,3.73029,3.56292,435,124100,0.307117,0.31,1,573126,572691,435
144310821,5.54606,1.51258,440,124100,0.237423,0.26,1,573132,572692,440
144313741,5.10921,6.70252,437,124100,0.327485,0.29,1,573137,572700,437
144316661,10.6218,5.3405,444,124100,0.249497,0.22,1,573149,572705,444
144319581,6.92437,5.8681,444,124100,0.161899,0.37,1,573155,572711,444
144322501,3.78487,9.97362,436,124100,0.24038,0.37,1,573158,572722,436
144325421,7.95697,3.59472,443,124100,0.288076,0.3,1,573167,572724,443
144327461,3.19139,5.51894,439,124100,0.289615,0.36,1,573169,572730,439
144330381,2.23828,5.90379,435,124100,0.273923,0.33,1,573171,572736,435
144333301,2.04766,5.18076,432,124100,0.230785,0.25,1,573173,572741,432
144336221,3.60953,4.23615,432,124100,0.222157,0.18,1,573177,572745,432
144339141,14.3219,8.04723,440,124100,0.196431,0.33,1,573194,572754,440
144342061,6.06438,4.80945,440,124100,0.135286,0.37,1,573198,572758,440
144344981,6.01288,8.96189,436,124100,0.227057,0.3,1,573204,572768,436
144347901,14.8026,17.7924,433,124100,0.189411,0.26,1,573221,572788,433
144350821,4.56051,5.15848,433,124100,0.189882,0.27,1,573223,572790,433
144353461,10.5121,5.8317,439,124100,0.237976,0.29,1,573235,572796,439
144356381,3.70242,5.16634,436,124100,0.255595,0.3,1,573237,572801,436
144359301,13.5405,13.8333,436,124100,0.227119,0.3,1,573253,572817,436
144362221,4.3081,4.36665,436,124100,0.221424,0.31,1,573255,572819,436
144365141,15.2616,14.4733,437,124100,0.236285,0.2,1,573273,572836,437
144368061,19.0523,19.6947,436,124100,0.223257,0.27,1,573293,572857,436
144370981,15.0105,17.5389,433,124100,0.220651,0.23,1,573307,572874,433
144373901,7.80209,6.70779,435,124100,0.24413,0.27,1,573313,572878,435
144376821,6.36042,4.54156,437,124100,0.184826,0.23,1,573319,572882,437
144379461,6.07208,2.50831,441,124100,0.228965,0.31,1,573325,572884,441
144382381,2.81442,7.70166,434,124100,0.261793,0.31,1,573327,572893,434
144385301,2.16288,1.54033,436,124100,0.268359,0.27,1,573329,572893,436
144388221,2.03258,2.70807,435,124100,0.269672,0.23,1,573331,572896,435
144391141,61.2065,58.9416,438,124100,0.253934,0.4,1,573407,572969,438
144394061,36.2413,38.9883,434,124100,0.194787,0.37,1,573437,573003,434
144396981,29.6483,27.7977,437,124100,0.198957,0.33,1,573465,573028,437
144399901,7.52965,7.15953,437,124100,0.167791,0.31,1,573467,573030,437
144402821,11.9059,11.0319,438,124100,0.281558,0.32,1,573480,573042,438
144405741,8.78119,10.2064,436,124100,0.256312,0.31,1,573488,573052,436
144408661,16.9562,14.8413,439,124100,0.211262,0.27,1,573507,573068,439
144411581,4.99125,4.56826,439,124100,0.258252,0.31,1,573509,573070,439
144414501,13.7982,13.7137,439,124100,0.27565,0.35,1,573525,573086,439
144417421,9.15965,9.14273,439,124100,0.31913,0.35,1,573533,573094,439
144420341,3.43193,3.42855,439,124100,0.295826,0.35,1,573535,573096,439
144423261,5.48639,10.2857,433,124100,0.331165,0.31,1,573541,573108,433
144426181,8.29728,5.25714,438,124100,0.338233,0.34,1,573550,573112,438
144429101,4.85946,10.6514,430,124100,0.307647,0.3,1,573554,573124,430
144432021,8.17189,3.73029,437,124100,0.333529,0.22,1,573563,573126,437
144434941,6.43438,5.54606,437,124100,0.274706,0.35,1,573569,573132,437
144437861,13.2869,5.10921,447,124100,0.230941,0.23,1,573584,573137,447
144440781,7.45738,10.6218,441,124100,0.198188,0.14,1,573590,573149,441
144443701,3.09147,6.92437,437,124100,0.151638,0.26,1,573592,573155,437
144446021,2.21829,3.78487,436,124100,0.142328,0.3,1,573594,573158,436
144448941,5.24366,7.95697,433,124100,0.268465,0.29,1,573600,573167,433
144451861,3.44873,3.19139,434,124100,0.309693,0.27,1,573603,573169,434
144454781,4.68975,2.23828,437,124100,0.325939,0.22,1,573608,573171,437
144457701,4.13795,2.04766,439,124100,0.289188,0.22,1,573612,573173,439
144459541,1.62759,3.60953,436,124100,0.257838,0.19,1,573613,573177,436
144462461,12.3255,14.3219,434,124100,0.235567,0.12,1,573628,573194,434
144465381,5.6651,6.06438,434,124100,0.167113,0.25,1,573632,573198,434
144468301,5.93302,6.01288,434,124100,0.225423,0.18,1,573638,573204,434
144471221,9.1866,14.8026,427,124100,0.197085,0.19,1,573648,573221,427
144474141,5.03732,4.56051,429,124100,0.191417,0.25,1,573652,573223,429
144477061,12.2075,10.5121,431,124100,0.174283,0.26,1,573666,573235,431
144479981,4.04149,3.70242,431,124100,0.226857,0.22,1,573668,573237,431
144482901,15.2083,13.5405,433,124100,0.197371,0.22,1,573686,573253,433
144485821,7.04166,4.3081,436,124100,0.303474,0.24,1,573691,573255,436
144488741,11.8083,15.2616,431,124100,0.236695,0.22,1,573704,573273,431
144491661,15.1617,19.0523,427,124100,0.183339,0.22,1,573720,573293,427
144494581,16.6323,15.0105,430,124100,0.204668,0.25,1,573737,573307,430
144497501,11.3265,7.80209,434,124100,0.248934,0.17,1,573747,573313,434
144500421,8.66529,6.36042,436,124100,0.249787,0.24,1,573755,573319,436
144503341,6.53306,6.07208,436,124100,0.273957,0.27,1,573761,573325,436
144506261,2.90661,2.81442,436,124100,0.246791,0.27,1,573763,573327,436
144508421,4.58132,2.16288,439,124100,0.313358,0.31,1,573768,573329,439
144511341,3.31626,5.23258,436,124100,0.310672,0.25,1,573771,573335,436
144514261,59.0633,58.6465,437,124100,0.254134,0.18,1,573844,573407,437
144517181,35.0127,35.7293,436,124100,0.266827,0.2,1,573873,573437,436
144520101,24.6025,29.5459,430,124100,0.269365,0.16,1,573895,573465,430
144523021,6.52051,7.50917,430,124100,0.245873,0.31,1,573897,573467,430
144525941,15.7041,11.9018,435,124100,0.289175,0.25,1,573915,573480,435
144528861,7.94082,8.78037,433,124100,0.225835,0.2,1,573921,573488,433
144531781,17.5882,16.9561,434,124100,0.221167,0.27,1,573941,573507,434
144534701,8.31763,4.99121,438,124100,0.156233,0.28,1,573947,573509,438
144537621,13.6635,13.7982,437,124100,0.279247,0.33,1,573962,573525,437
144540541,9.13271,9.15965,437,124100,0.255849,0.29,1,573970,573533,437
144542321,2.62654,3.43193,436,124100,0.25917,0.32,1,573971,573535,436
144545241,5.32531,1.48639,441,124100,0.323834,0.34,1,573977,573536,441
144548161,2.66506,4.29728,438,124100,0.336767,0.34,1,573979,573541,438
144551081,9.33301,8.05946,440,124100,0.339353,0.3,1,573990,573550,440
144554001,3.4666,4.81189,438,124100,0.307871,0.34,1,573992,573554,438
144556921,7.89332,8.16238,438,124100,0.229574,0.26,1,574001,573563,438
144559841,10.3787,6.43248,443,124100,0.213915,0.22,1,574012,573569,443
144562761,12.4757,13.2865,441,124100,0.290783,0.19,1,574025,573584,441
144565681,4.09515,7.4573,437,124100,0.274157,0.14,1,574027,573590,437
144568601,2.41903,3.09146,437,124100,0.270831,0.14,1,574029,573592,437
144571441,5.28381,2.21829,441,124100,0.198166,0.32,1,574035,573594,441
144574361,2.65676,6.04366,436,124100,0.303633,0.32,1,574037,573601,436
144577281,2.13135,2.80873,436,124100,0.324727,0.33,1,574039,573603,436
144580201,3.62627,4.56175,435,124100,0.336945,0.28,1,574043,573608,435
144582881,2.32525,4.11235,433,124100,0.339389,0.23,1,574045,573612,433
144585801,14.0651,13.6225,434,124100,0.251878,0.15,1,574062,573628,434
144588721,6.01301,5.92449,434,124100,0.298376,0.24,1,574066,573632,434
144591621,5.2026,5.9849,433,124100,0.227675,0.19,1,574071,573638,433
144594541,9.04052,9.19698,433,124100,0.301535,0.19,1,574081,573648,433
144597461,3.4081,5.0394,431,124100,0.340307,0.17,1,574083,573652,431
144600381,15.0816,12.2079,435,124100,0.284061,0.24,1,574101,573666,435
144603301,6.21632,4.04158,437,124100,0.336812,0.19,1,574105,573668,437
144606221,14.0433,15.2083,435,124100,0.347362,0.33,1,574121,573686,435
144609141,4.40865,7.04166,432,124100,0.317472,0.22,1,574123,573691,432
144612061,13.6817,11.8083,435,124100,0.367494,0.17,1,574139,573704,435
144614981,17.9363,15.1617,438,124100,0.329499,0.21,1,574158,573720,438
144617901,15.5873,16.6323,436,124100,0.3459,0.26,1,574173,573737,436
144620821,12.7175,11.3265,438,124100,0.36518,0.25,1,574185,573747,438
144623741,8.94349,8.66529,438,124100,0.313036,0.28,1,574193,573755,438
144626661,6.5887,6.53306,438,124100,0.286607,0.24,1,574199,573761,438
144629581,2.91774,2.90661,438,124100,0.241321,0.33,1,574201,573763,438
144632501,3.78355,4.58132,437,124100,0.328264,0.31,1,574205,573768,437
144635421,3.95671,3.31626,438,124100,0.345653,0.24,1,574209,573771,438
144638341,58.3913,59.0633,437,124100,0.357131,0.27,1,574281,573844,437
144641261,34.0783,35.0127,436,124100,0.407426,0.27,1,574309,573873,436
144644181,25.2157,24.6025,437,124100,0.369485,0.24,1,574332,573895,437
144647101,6.64313,6.52051,437,124100,0.329897,0.3,1,574334,573897,437
144650021,15.7286,15.7041,437,124100,0.289979,0.21,1,574352,573915,437
144652941,7.94573,7.94082,437,124100,0.385996,0.22,1,574358,573921,437
144655861,17.5891,17.5882,437,124100,0.381199,0.14,1,574378,573941,437
144658781,6.71783,8.31763,435,124100,0.35624,0.31,1,574382,573947,435
144661701,15.7436,13.6635,438,124100,0.431248,0.25,1,574400,573962,438
144664621,9.54871,9.13271,438,124100,0.38225,0.26,1,574408,573970,438
144666501,5.90974,2.62654,442,124100,0.42045,0.34,1,574413,573971,442
144669421,2.78195,5.32531,438,124100,0.42809,0.34,1,574415,573977,438
144672341,5.35639,2.66506,442,124100,0.429618,0.34,1,574421,573979,442
144674821,2.67128,9.33301,433,124100,0.437924,0.3,1,574423,573990,433
144677741,2.13426,3.4666,433,124100,0.423585,0.21,1,574425,573992,433
144680661,6.82685,7.89332,432,124100,0.396717,0.21,1,574433,574001,432
144683581,11.7654,10.3787,434,124100,0.359343,0.31,1,574446,574012,434
144686501,10.3531,12.4757,431,124100,0.295869,0.27,1,574456,574025,431
144689421,9.27061,4.09515,438,124100,0.371174,0.27,1,574465,574027,438
144692341,3.45412,2.41903,438,124100,0.386235,0.18,1,574467,574029,438
144694581,5.49082,5.28381,438,124100,0.341247,0.33,1,574473,574035,438
144697501,2.69816,2.65676,438,124100,0.300249,0.33,1,574475,574037,438
144700421,2.13963,2.13135,438,124100,0.41205,0.34,1,574477,574039,438
144702481,3.62793,3.62627,438,124100,0.45841,0.37,1,574481,574043,438
144705401,2.32559,3.92525,436,124100,0.435682,0.37,1,574483,574047,436
144708321,7.66512,0.785051,445,124100,0.431136,0.23,1,574492,574047,445
144711241,6.33302,12.157,436,124100,0.358227,0.31,1,574498,574062,436
144714161,8.4666,5.6314,441,124100,0.367645,0.21,1,574507,574066,441
144717081,9.69332,5.12628,446,124100,0.281529,0.32,1,574517,574071,446
144719121,3.53866,9.02526,438,124100,0.352306,0.38,1,574519,574081,438
144722041,16.7077,5.00505,454,124100,0.286461,0.27,1,574539,574085,454
144724961,5.74155,13.801,441,124100,0.305292,0.35,1,574542,574101,441
144727881,16.3483,5.9602,456,124100,0.293058,0.35,1,574561,574105,456
144730801,4.86966,13.992,442,124100,0.290612,0.31,1,574563,574121,442
144733721,9.77393,4.39841,451,124100,0.250122,0.38,1,574574,574123,451
144736641,19.5548,13.6797,457,124100,0.218024,0.32,1,574596,574139,457
144739561,16.711,17.9359,454,124100,0.171605,0.35,1,574612,574158,454
144742481,9.74219,15.5872,447,124100,0.242321,0.37,1,574620,574173,447
144745401,10.7484,12.7174,446,124100,0.296464,0.3,1,574631,574185,446
144748321,6.94969,8.94349,444,124100,0.315293,0.28,1,574637,574193,444
144751241,3.78994,6.5887,441,124100,0.319059,0.23,1,574640,574199,441
144754161,4.75799,2.91774,444,124100,0.295812,0.35,1,574645,574201,444
144757081,4.1516,3.78355,444,124100,0.291162,0.35,1,574649,574205,444
144760001,56.8303,3.95671,510,124100,0.282232,0.36,1,574719,574209,510
144762921,35.3661,58.3913,468,124100,0.312447,0.42,1,574749,574281,468
144765841,19.0732,34.0783,455,124100,0.350489,0.36,1,574764,574309,455
144768761,11.8146,25.2157,442,124100,0.262098,0.32,1,574774,574332,442
144771681,16.7629,6.64313,458,124100,0.29242,0.28,1,574792,574334,458
144774601,9.75259,15.7286,448,124100,0.314484,0.41,1,574800,574352,448
144777521,17.9505,7.94573,462,124100,0.334897,0.38,1,574820,574358,462
144780441,5.1901,17.5891,444,124100,0.346979,0.35,1,574822,574378,444
144783361,13.838,6.71783,456,124100,0.349396,0.45,1,574838,574382,456
144786281,12.3676,15.7436,450,124100,0.381879,0.37,1,574850,574400,450
144789201,7.27352,9.54871,448,124100,0.348376,0.43,1,574856,574408,448
144792121,3.0547,7.50974,443,124100,0.349675,0.43,1,574858,574415,443
144795041,3.81094,6.30195,441,124100,0.357935,0.44,1,574862,574421,441
144797961,2.36219,2.86039,441,124100,0.391587,0.42,1,574864,574423,441
144800241,2.07244,2.17208,441,124100,0.406317,0.39,1,574866,574425,441
144803161,6.01449,6.83442,440,124100,0.425263,0.39,1,574873,574433,440
144806081,8.4029,1.36688,449,124100,0.357053,0.35,1,574882,574433,449
144809001,11.2806,10.6734,448,124100,0.383411,0.28,1,574894,574446,448
144811921,7.05612,10.1347,444,124100,0.356682,0.39,1,574900,574456,444
144814841,8.61122,9.22694,444,124100,0.303336,0.39,1,574909,574465,444
144817761,6.52224,3.44539,448,124100,0.332667,0.29,1,574915,574467,448
144820001,2.90445,7.08908,442,124100,0.306533,0.44,1,574917,574475,442
144822921,2.18089,3.01782,442,124100,0.277307,0.44,1,574919,574477,442
144825841,3.63618,0.603563,446,124100,0.391461,0.43,1,574923,574477,446
144828321,2.32724,4.92071,442,124100,0.414292,0.43,1,574925,574483,442
144831241,5.26545,8.18414,439,124100,0.402858,0.34,1,574931,574492,439
144834161,7.45309,6.43683,441,124100,0.352572,0.37,1,574939,574498,441
144837081,4.69062,8.48737,436,124100,0.302514,0.26,1,574943,574507,436
144840001,12.1381,9.69747,440,124100,0.316503,0.37,1,574957,574517,440
144841841,3.22762,3.53949,439,124100,0.303301,0.27,1,574958,574519,439
144844761,11.0455,16.7079,432,124100,0.30866,0.31,1,574971,574539,432
144847681,8.60911,5.74158,437,124100,0.277732,0.29,1,574979,574542,437
144850601,13.7218,16.3483,433,124100,0.311546,0.29,1,574994,574561,433
144853521,4.34436,4.86966,433,124100,0.318309,0.24,1,574996,574563,433
144855361,14.4689,9.77393,439,124100,0.327662,0.24,1,575013,574574,439
144858281,14.8938,3.55479,452,124100,0.345532,0.21,1,575028,574576,452
144861201,16.5788,16.711,449,124100,0.333106,0.16,1,575045,574596,449
144864121,11.3158,16.1422,443,124100,0.298621,0.26,1,575055,574612,443
144867041,11.8632,9.62844,447,124100,0.363724,0.31,1,575067,574620,447
144869961,7.17263,10.7257,442,124100,0.392745,0.32,1,575073,574631,442
144872881,6.23453,6.94514,442,124100,0.326549,0.32,1,575079,574637,442
144875801,4.44691,3.78903,443,124100,0.32131,0.29,1,575083,574640,443
144878721,5.68938,4.75781,444,124100,0.312262,0.29,1,575089,574645,444
144880741,1.93788,4.15156,441,124100,0.326452,0.28,1,575090,574649,441
144883661,53.1876,56.8303,437,124100,0.31329,0.32,1,575156,574719,437
144886581,37.8375,35.3661,441,124100,0.302658,0.36,1,575190,574749,441
144889501,13.9675,19.0732,434,124100,0.228532,0.24,1,575198,574764,434
144892421,9.1935,11.8146,432,124100,0.309706,0.3,1,575206,574774,432
144895341,21.8387,16.7629,439,124100,0.317941,0.32,1,575231,574792,439
144898261,10.7677,9.75259,439,124100,0.271588,0.34,1,575239,574800,439
144901181,14.9535,17.9505,435,124100,0.302318,0.35,1,575255,574820,435
144904101,4.59071,5.1901,435,124100,0.308464,0.35,1,575257,574822,435
144907021,19.3181,13.838,442,124100,0.269693,0.39,1,575280,574838,442
144909941,11.8636,12.3676,440,124100,0.317939,0.34,1,575290,574850,440
144912861,8.77273,7.27352,442,124100,0.399588,0.35,1,575298,574856,442
144915781,3.35455,3.0547,442,124100,0.383918,0.36,1,575300,574858,442
144918701,3.87091,3.81094,442,124100,0.340784,0.4,1,575304,574862,442
144921301,2.37418,2.36219,442,124100,0.332157,0.45,1,575306,574864,442
144924221,2.07484,5.27244,438,124100,0.354431,0.43,1,575308,574870,438
144927141,2.01497,3.45449,437,124100,0.358886,0.34,1,575310,574873,437
144930061,6.80299,7.8909,436,124100,0.351777,0.39,1,575318,574882,436
144932981,13.3606,11.1782,439,124100,0.294355,0.35,1,575333,574894,439
144935901,8.27212,7.03564,440,124100,0.338871,0.29,1,575340,574900,440
144938821,4.85442,8.60713,435,124100,0.347774,0.34,1,575344,574909,435
144941741,11.3709,6.52143,442,124100,0.341555,0.3,1,575357,574915,442
144944181,3.87418,2.90429,442,124100,0.356311,0.27,1,575359,574917,442
144947101,3.97484,2.18086,444,124100,0.351262,0.42,1,575363,574919,444
144950021,2.39497,3.63617,442,124100,0.350252,0.42,1,575365,574923,442
144952501,2.07899,2.32723,442,124100,0.32605,0.4,1,575367,574925,442
144955421,3.6158,5.26545,440,124100,0.35321,0.34,1,575371,574931,440
144958341,2.32316,7.45309,434,124100,0.358642,0.29,1,575373,574939,434
144961261,17.2646,4.69062,451,124100,0.231728,0.32,1,575394,574943,451
144964181,5.05293,12.1381,439,124100,0.334346,0.3,1,575396,574957,439
144967101,10.6106,3.22762,450,124100,0.378869,0.31,1,575408,574958,450
144970021,6.92212,11.0455,443,124100,0.315774,0.27,1,575414,574971,443
144972941,15.7844,8.60911,453,124100,0.287155,0.32,1,575432,574979,453
144975861,4.75688,13.7218,440,124100,0.281431,0.32,1,575434,574994,440
144978781,13.7514,4.34436,454,124100,0.304286,0.35,1,575450,574996,454
144981701,17.1503,26.4689,440,124100,0.308857,0.33,1,575468,575028,440
144984621,14.6301,18.8938,437,124100,0.341771,0.29,1,575482,575045,437
144987541,14.126,11.7788,441,124100,0.348354,0.38,1,575496,575055,441
144990461,10.0252,11.9558,438,124100,0.285671,0.4,1,575505,575067,438
144993381,6.80504,7.19115,438,124100,0.241134,0.31,1,575511,575073,438
144996301,6.16101,6.23823,438,124100,0.288227,0.32,1,575517,575079,438
144997841,3.6322,4.44765,437,124100,0.313645,0.37,1,575520,575083,437
145000761,3.92644,3.28953,438,124100,0.358729,0.31,1,575524,575086,438
145003681,2.38529,3.05791,437,124100,0.335746,0.31,1,575526,575089,437
145006601,54.8771,54.2116,438,124100,0.299149,0.3,1,575594,575156,438
145009521,32.5754,38.0423,431,124100,0.19583,0.21,1,575621,575190,431
145012441,19.3151,14.0085,439,124100,0.271166,0.33,1,575637,575198,439
145015361,8.66302,9.20169,437,124100,0.254233,0.32,1,575643,575206,437
145018281,24.1326,21.8403,440,124100,0.218847,0.26,1,575671,575231,440
145021201,9.62652,10.7681,438,124100,0.235769,0.31,1,575677,575239,438
145024121,14.7253,14.9536,438,124100,0.255154,0.31,1,575693,575255,438
145027041,4.54506,4.59072,438,124100,0.283031,0.26,1,575695,575257,438
145029961,19.309,19.3181,438,124100,0.256606,0.33,1,575718,575280,438
145032881,13.4618,11.8636,440,124100,0.251321,0.42,1,575730,575290,440
145035801,9.09236,8.77273,440,124100,0.306264,0.38,1,575738,575298,440
145038721,3.41847,3.35455,440,124100,0.285253,0.33,1,575740,575300,440
145041641,3.88369,3.87091,440,124100,0.305051,0.33,1,575744,575304,440
145043601,1.57674,2.37418,439,124100,0.32501,0.39,1,575745,575306,439
145046521,3.51535,5.27484,437,124100,0.289002,0.39,1,575749,575312,437
145049441,2.30307,1.05497,439,124100,0.2818,0.39,1,575751,575312,439
145052361,3.66061,0.210993,443,124100,0.30436,0.35,1,575755,575312,443
145055281,12.7321,4.8422,452,124100,0.260872,0.28,1,575770,575318,452
145058201,10.5464,12.9684,447,124100,0.188174,0.35,1,575780,575333,447
145061121,3.70928,8.19369,442,124100,0.285635,0.35,1,575782,575340,442
145064041,10.3419,4.83874,450,124100,0.257127,0.34,1,575794,575344,450
145066961,6.86837,11.3677,443,124100,0.147425,0.35,1,575800,575357,443
145069601,4.57367,7.07355,441,124100,0.189485,0.41,1,575804,575363,441
145072521,2.51473,5.41471,438,124100,0.197897,0.41,1,575806,575368,438
145075441,2.10295,1.08294,440,124100,0.231579,0.36,1,575808,575368,440
145078361,3.62059,2.61659,441,124100,0.198316,0.36,1,575812,575371,441
145081281,2.32412,2.12332,441,124100,0.255663,0.2,1,575814,575373,441
145084201,17.2648,17.2247,441,124100,0.251133,0.36,1,575835,575394,441
145087121,5.05296,5.04493,441,124100,0.250227,0.39,1,575837,575396,441
145090041,5.81059,10.609,435,124100,0.202045,0.3,1,575843,575408,435
145092961,4.36212,6.9218,433,124100,0.192409,0.28,1,575847,575414,433
145095881,19.2724,15.7844,438,124100,0.286482,0.28,1,575870,575432,438
145098801,5.45448,4.75687,438,124100,0.297296,0.31,1,575872,575434,438
145101721,13.8909,13.7514,438,124100,0.331459,0.31,1,575888,575450,438
145104641,13.9782,17.1503,434,124100,0.306292,0.35,1,575902,575468,434
145107561,13.1956,14.6301,433,124100,0.309258,0.35,1,575915,575482,433
145110481,14.6391,14.126,434,124100,0.237852,0.27,1,575930,575496,434
145113401,11.7278,10.0252,436,124100,0.34357,0.23,1,575941,575505,436
145116321,7.14557,6.80504,436,124100,0.316714,0.3,1,575947,575511,436
145119241,6.22911,6.16101,436,124100,0.239343,0.32,1,575953,575517,436
145122161,9.24582,3.6322,443,124100,0.287869,0.37,1,575963,575520,443
145123681,2.64916,3.92644,440,124100,0.313574,0.33,1,575964,575524,440
145126601,2.12983,3.98529,438,124100,0.318715,0.29,1,575966,575528,438
145129521,50.826,53.5971,435,124100,0.303743,0.17,1,576029,575594,435
145132441,33.3652,32.3194,437,124100,0.332749,0.29,1,576058,575621,437
145135361,16.273,19.2639,433,124100,0.32255,0.25,1,576070,575637,433
145138281,8.05461,8.65278,433,124100,0.27251,0.21,1,576076,575643,433
145141201,23.2109,24.1306,432,124100,0.294502,0.24,1,576103,575671,432
145144121,9.44218,9.62611,432,124100,0.2829,0.26,1,576109,575677,432
145147041,16.2884,14.7252,434,124100,0.25658,0.29,1,576127,575693,434
145149961,6.45769,4.54504,436,124100,0.227316,0.25,1,576131,575695,436
145152881,18.8915,19.309,435,124100,0.245463,0.25,1,576153,575718,435
145155801,13.3783,13.4618,435,124100,0.329093,0.32,1,576165,575730,435
145158721,9.07566,9.09236,435,124100,0.385819,0.28,1,576173,575738,435
145161641,3.41513,3.41847,435,124100,0.357164,0.31,1,576175,575740,435
145164561,5.48303,3.88369,437,124100,0.311433,0.33,1,576181,575744,437
145167481,2.69661,1.57674,438,124100,0.302287,0.28,1,576183,575745,438
145169441,2.93932,3.51535,437,124100,0.316457,0.28,1,576186,575749,437
145172361,3.78786,3.90307,437,124100,0.295291,0.31,1,576190,575753,437
145175281,2.35757,2.38061,437,124100,0.291058,0.25,1,576192,575755,437
145178201,6.87151,12.4761,430,124100,0.338212,0.17,1,576200,575770,430
145181121,12.5743,10.4952,434,124100,0.307642,0.31,1,576214,575780,434
145184041,4.11486,3.69904,434,124100,0.269528,0.25,1,576216,575782,434
145186961,8.82297,10.3398,432,124100,0.245906,0.12,1,576226,575794,432
145189881,6.56459,6.86796,432,124100,0.305181,0.2,1,576232,575800,432
145192741,7.71292,4.57359,436,124100,0.269036,0.24,1,576240,575804,436
145195661,3.14258,4.11472,434,124100,0.229807,0.24,1,576242,575808,434
145198581,2.22852,0.822944,436,124100,0.221961,0.19,1,576244,575808,436
145201501,3.6457,3.36459,436,124100,0.188392,0.27,1,576248,575812,436
145204181,2.32914,2.27292,436,124100,0.197678,0.25,1,576250,575814,436
145207101,12.4658,17.2546,430,124100,0.255536,0.25,1,576265,575835,430
145210021,5.69317,5.05092,432,124100,0.315107,0.19,1,576269,575837,432
145212081,9.13863,5.81018,436,124100,0.223021,0.31,1,576279,575843,436
145215001,5.02773,6.76204,433,124100,0.268604,0.31,1,576283,575850,433
145217921,20.2055,1.35241,457,124100,0.149721,0.31,1,576307,575850,457
145220841,5.64111,16.2705,439,124100,0.125944,0.3,1,576309,575870,439
145223761,13.1282,4.8541,452,124100,0.281189,0.34,1,576324,575872,452
145226681,15.4256,13.7708,452,124100,0.256238,0.3,1,576340,575888,452
145229601,11.0851,13.9542,448,124100,0.211248,0.31,1,576350,575902,448
145232521,17.417,13.1908,454,124100,0.22625,0.22,1,576369,575915,454
145235441,6.6834,14.6382,443,124100,0.20525,0.37,1,576373,575930,443
145238361,11.7367,11.7276,445,124100,0.25705,0.31,1,576386,575941,445
145241281,3.94734,7.14553,441,124100,0.29941,0.22,1,576388,575947,441
145244201,9.58947,6.22911,446,124100,0.195882,0.3,1,576399,575953,446
145247121,3.51789,9.24582,438,124100,0.143176,0.32,1,576401,575963,438
145249521,2.30358,4.24916,437,124100,0.252635,0.3,1,576403,575966,437
145252441,51.6607,51.2498,438,124100,0.250527,0.34,1,576467,576029,438
145255361,32.7321,33.45,437,124100,0.306105,0.32,1,576495,576058,437
145258281,15.3464,16.29,436,124100,0.221221,0.26,1,576506,576070,436
145261201,7.86929,8.058,436,124100,0.284244,0.3,1,576512,576076,436
145264121,23.1739,23.2116,436,124100,0.296849,0.28,1,576539,576103,436
145267041,9.43477,9.44232,436,124100,0.27537,0.25,1,576545,576109,436
145269961,15.487,16.2885,435,124100,0.295074,0.22,1,576562,576127,435
145272881,9.49739,6.45769,439,124100,0.291015,0.25,1,576570,576131,439
145275801,18.6995,18.8915,438,124100,0.290203,0.35,1,576591,576153,438
145278721,14.1399,13.3783,439,124100,0.338041,0.4,1,576604,576165,439
145281641,7.62798,9.07566,437,124100,0.259608,0.35,1,576610,576173,437
145284561,3.1256,3.41513,437,124100,0.243922,0.3,1,576612,576175,437
145287481,3.82512,5.48303,435,124100,0.296784,0.3,1,576616,576181,435
145289041,2.36502,2.69661,435,124100,0.307357,0.32,1,576618,576183,435
145291961,5.273,2.93932,438,124100,0.317471,0.32,1,576624,576186,438
145294881,4.2546,0.587864,442,124100,0.311494,0.29,1,576628,576186,442
145297801,2.45092,3.31757,440,124100,0.278299,0.29,1,576630,576190,440
145300721,5.29018,2.26351,444,124100,0.35166,0.35,1,576636,576192,444
145303641,10.658,6.8527,448,124100,0.358332,0.3,1,576648,576200,448
145306561,3.73161,12.5705,436,124100,0.327666,0.26,1,576650,576214,436
145309481,10.3463,4.11411,446,124100,0.209533,0.24,1,576662,576216,446
145312401,3.66926,8.82282,438,124100,0.305907,0.32,1,576664,576226,438
145315321,5.53385,6.56456,438,124100,0.237181,0.26,1,576670,576232,438
145318241,8.30677,7.71291,439,124100,0.295436,0.22,1,576679,576240,439
145320241,2.46135,3.14258,438,124100,0.291087,0.2,1,576680,576242,438
145323161,3.69227,7.02852,434,124100,0.282217,0.2,1,576684,576250,434
145326081,2.33845,1.4057,436,124100,0.248443,0.2,1,576686,576250,436
145329001,10.0677,0.281141,448,124100,0.305689,0.27,1,576698,576250,448
145331921,3.61354,12.0562,435,124100,0.293138,0.33,1,576700,576265,435
145334841,11.9227,5.61125,445,124100,0.298628,0.28,1,576714,576269,445
145337761,4.78454,12.3222,434,124100,0.243726,0.12,1,576717,576283,434
145340681,20.1569,21.6645,434,124100,0.264745,0.12,1,576741,576307,434
145343601,5.63138,5.93289,434,124100,0.236949,0.32,1,576743,576309,434
145346521,13.9263,13.1866,435,124100,0.23939,0.25,1,576759,576324,435
145349441,13.9853,15.4373,433,124100,0.319878,0.2,1,576773,576340,433
145352361,13.9971,11.0875,437,124100,0.295976,0.23,1,576787,576350,437
145355281,15.5994,17.4175,434,124100,0.331195,0.2,1,576803,576369,434
145358201,7.91988,6.6835,436,124100,0.274239,0.27,1,576809,576373,436
145361121,6.38398,11.7367,429,124100,0.294848,0.31,1,576815,576386,429
145364041,2.8768,3.94734,429,124100,0.31497,0.17,1,576817,576388,429
145366961,12.5754,9.58947,433,124100,0.374994,0.13,1,576832,576399,433
145369881,7.31507,3.51789,437,124100,0.282999,0.28,1,576838,576401,437
145372801,3.06301,2.30358,437,124100,0.2646,0.25,1,576840,576403,437
145375721,50.2126,51.6607,435,124100,0.38092,0.32,1,576902,576467,435
145378641,29.2425,32.7321,431,124100,0.332184,0.2,1,576926,576495,431
145381561,18.6485,15.3464,436,124100,0.338437,0.3,1,576942,576506,436
145384481,11.7297,7.86929,440,124100,0.347687,0.3,1,576952,576512,440
145387401,21.5459,23.1739,437,124100,0.237537,0.27,1,576976,576539,437
145390321,9.10919,9.43477,437,124100,0.327507,0.3,1,576982,576545,437
145393241,13.0218,15.487,434,124100,0.305501,0.29,1,576996,576562,434
145396161,11.4044,9.49739,437,124100,0.3491,0.29,1,577007,576570,437
145399081,20.6809,18.6995,439,124100,0.38182,0.35,1,577030,576591,439
145402001,13.7362,14.1399,438,124100,0.268364,0.24,1,577042,576604,438
145404921,7.54723,7.62798,438,124100,0.365673,0.24,1,577048,576610,438
145407841,3.10945,3.1256,438,124100,0.353135,0.31,1,577050,576612,438
145409681,3.02189,3.82512,437,124100,0.342627,0.34,1,577053,576616,437
145412601,2.20438,4.76502,434,124100,0.340525,0.32,1,577055,576621,434
145415521,5.24088,3.353,437,124100,0.396105,0.31,1,577061,576624,437
145418441,5.84818,3.8706,439,124100,0.399221,0.27,1,577067,576628,439
145421361,2.76964,2.37412,439,124100,0.407844,0.37,1,577069,576630,439
145424281,5.35393,5.27482,439,124100,0.345569,0.36,1,577075,576636,439
145427201,4.27079,10.655,431,124100,0.397114,0.32,1,577079,576648,431
145430121,2.45416,3.73099,431,124100,0.407423,0.18,1,577081,576650,431
145433041,12.4908,10.3462,434,124100,0.385485,0.33,1,577096,576662,434
145435961,7.29817,3.66924,438,124100,0.293097,0.22,1,577102,576664,438
145438881,4.65963,5.53385,436,124100,0.242619,0.31,1,577106,576670,436
145441801,4.13193,8.30677,431,124100,0.320524,0.29,1,577110,576679,431
145444721,4.02639,2.46135,434,124100,0.392105,0.28,1,577114,576680,434
145447541,2.40528,3.69227,432,124100,0.406421,0.24,1,577116,576684,432
145450461,14.8811,2.33845,448,124100,0.305284,0.32,1,577134,576686,448
145453381,5.37621,10.0677,439,124100,0.245057,0.29,1,577137,576698,439
145456301,9.07524,3.61354,447,124100,0.337011,0.3,1,577147,576700,447
145459221,3.41505,11.9227,435,124100,0.355402,0.23,1,577149,576714,435
145462141,22.283,4.78454,459,124100,0.35908,0.27,1,577176,576717,459
145465061,6.0566,20.1569,437,124100,0.327816,0.23,1,577178,576741,437
145467981,18.0113,5.63138,456,124100,0.297563,0.24,1,577199,576743,456
145470901,12.4023,13.9263,451,124100,0.355513,0.34,1,577210,576759,451
145473821,15.2805,13.9853,453,124100,0.303103,0.29,1,577226,576773,453
145476741,14.2561,13.9971,453,124100,0.268621,0.34,1,577240,576787,453
145479661,7.65122,15.5994,443,124100,0.269724,0.26,1,577246,576803,443
145482581,9.53024,7.91988,447,124100,0.325945,0.3,1,577256,576809,447
145485501,3.50605,6.38398,443,124100,0.337189,0.32,1,577258,576815,443
145488421,11.1012,2.8768,454,124100,0.299438,0.39,1,577271,576817,454
145491341,3.82024,12.5754,441,124100,0.299888,0.26,1,577273,576832,441
145494261,2.36405,7.31507,437,124100,0.299978,0.26,1,577275,576838,437
145497181,50.8728,3.06301,498,124100,0.291995,0.41,1,577338,576840,498
145500101,30.9746,50.2126,462,124100,0.194399,0.32,1,577364,576902,462
145503021,19.7949,29.2425,455,124100,0.23088,0.34,1,577381,576926,455
145505941,11.959,18.6485,449,124100,0.182176,0.35,1,577391,576942,449
145508861,19.1918,11.7297,460,124100,0.196435,0.21,1,577412,576952,460
145511781,10.2384,21.5459,444,124100,0.271287,0.35,1,577420,576976,444
145514701,13.2477,9.10919,452,124100,0.222257,0.3,1,577434,576982,452
145517621,8.24953,13.0218,445,124100,0.164451,0.36,1,577441,576996,445
145520541,19.2499,11.4044,456,124100,0.20889,0.39,1,577463,577007,456
145523461,16.65,20.6809,449,124100,0.233778,0.24,1,577479,577030,449
145526381,11.33,13.7362,447,124100,0.158756,0.39,1,577489,577042,447
145529301,3.866,7.54723,443,124100,0.263751,0.35,1,577491,577048,443
145532221,3.9732,3.10945,445,124100,0.29275,0.34,1,577495,577050,445
145535141,2.39464,3.02189,444,124100,0.25855,0.34,1,577497,577053,444
145536981,2.87893,2.20438,445,124100,0.22771,0.41,1,577500,577055,445
145539901,4.57579,5.24088,444,124100,0.205542,0.4,1,577505,577061,444
145542821,4.91516,5.84818,443,124100,0.241108,0.41,1,577510,577067,443
145545741,5.78303,2.76964,447,124100,0.280222,0.33,1,577516,577069,447
145547381,3.55661,5.35393,444,124100,0.256044,0.41,1,577519,577075,444
145550301,2.31132,4.27079,442,124100,0.251209,0.41,1,577521,577079,442
145553221,2.06226,2.45416,442,124100,0.226242,0.38,1,577523,577081,442
145556141,5.21245,12.4908,433,124100,0.221248,0.27,1,577529,577096,433
145559061,9.84249,7.29817,438,124100,0.29225,0.23,1,577540,577102,438
145561981,8.3685,4.65963,442,124100,0.18645,0.34,1,577548,577106,442
145563601,4.0737,4.13193,441,124100,0.27729,0.45,1,577551,577110,441
145566521,4.01474,2.42639,443,124100,0.231458,0.41,1,577555,577112,443
145569441,2.40295,2.08528,443,124100,0.222292,0.41,1,577557,577114,443
145572361,14.0806,2.01706,458,124100,0.204458,0.28,1,577574,577116,458
145575281,4.41612,14.8034,442,124100,0.168892,0.23,1,577576,577134,442
145578201,9.68322,5.36068,450,124100,0.329778,0.36,1,577587,577137,450
145581121,3.53664,9.07214,442,124100,0.329956,0.36,1,577589,577147,442
145584041,21.5073,3.41443,466,124100,0.193991,0.36,1,577615,577149,466
145586961,5.90147,22.2829,441,124100,0.134798,0.32,1,577617,577176,441
145589881,17.1803,6.05658,459,124100,0.29096,0.29,1,577637,577178,459
145592801,9.83606,18.0113,446,124100,0.234192,0.37,1,577645,577199,446
145595721,15.5672,12.4023,452,124100,0.286838,0.29,1,577662,577210,452
145598641,11.9134,15.2805,447,124100,0.193368,0.26,1,577673,577226,447
145601561,11.9827,14.2561,445,124100,0.302674,0.27,1,577685,577240,445
145604481,8.79654,7.65122,447,124100,0.220535,0.34,1,577693,577246,447
145607401,3.35931,9.53024,439,124100,0.204107,0.34,1,577695,577256,439
145610321,7.07186,3.50605,445,124100,0.256821,0.29,1,577703,577258,445
145613241,3.01437,11.1012,434,124100,0.323364,0.3,1,577705,577271,434
145615601,2.20287,3.82024,434,124100,0.336673,0.33,1,577707,577273,434
145618521,51.6406,3.16405,495,124100,0.283335,0.29,1,577771,577276,495
145621441,31.1281,50.2328,459,124100,0.264667,0.17,1,577797,577338,459
145624361,17.4256,30.8466,447,124100,0.340933,0.24,1,577811,577364,447
145627281,13.0851,19.7693,442,124100,0.268187,0.17,1,577823,577381,442
145630201,20.217,11.9539,454,124100,0.277637,0.2,1,577845,577391,454
145633121,10.4434,19.1908,441,124100,0.319527,0.29,1,577853,577412,441
145636041,14.8887,10.2382,449,124100,0.367905,0.21,1,577869,577420,449
145638961,4.57774,13.2476,437,124100,0.353581,0.15,1,577871,577434,437
145641881,20.9155,8.24953,455,124100,0.222716,0.22,1,577896,577441,455
145644801,12.9831,19.2499,444,124100,0.332543,0.24,1,577907,577463,444
145647721,12.9966,16.65,441,124100,0.290509,0.14,1,577920,577479,441
145650641,4.19932,11.33,433,124100,0.322102,0.29,1,577922,577489,433
145653561,4.03986,3.866,435,124100,0.27242,0.3,1,577926,577491,435
145655541,7.20797,3.9732,439,124100,0.366484,0.22,1,577934,577495,439
145658461,3.84159,6.39464,435,124100,0.393297,0.22,1,577937,577502,435
145661381,2.36832,1.27893,437,124100,0.390659,0.2,1,577939,577502,437
145664301,3.67366,2.65579,438,124100,0.342132,0.25,1,577943,577505,438
145667221,5.53473,4.53116,439,124100,0.324426,0.29,1,577949,577510,439
145670141,3.50695,5.70623,436,124100,0.352885,0.25,1,577952,577516,436
145673061,4.70139,5.14125,436,124100,0.342577,0.25,1,577957,577521,436
145675301,2.54028,1.02825,438,124100,0.348515,0.22,1,577959,577521,438
145678221,5.30806,1.80565,442,124100,0.341703,0.22,1,577965,577523,442
145681141,3.46161,5.16113,439,124100,0.324341,0.31,1,577968,577529,439
145684061,9.49232,9.83223,439,124100,0.376868,0.16,1,577979,577540,439
145686321,8.29846,8.36645,439,124100,0.259374,0.22,1,577987,577548,439
145689241,4.85969,7.27329,436,124100,0.355875,0.22,1,577991,577555,436
145692161,2.57194,3.05466,436,124100,0.343175,0.2,1,577993,577557,436
145695081,16.5144,14.2109,439,124100,0.316635,0.16,1,578013,577574,439
145698001,4.90288,4.44219,439,124100,0.279327,0.37,1,578015,577576,439
145700921,5.78058,9.68844,434,124100,0.295865,0.33,1,578021,577587,434
145703841,2.75612,3.53769,434,124100,0.307173,0.16,1,578023,577589,434
145706761,20.5512,21.5075,433,124100,0.333435,0.12,1,578048,577615,433
145709681,10.5102,5.90151,439,124100,0.250687,0.33,1,578056,577617,439
145712601,15.702,17.1803,436,124100,0.362137,0.22,1,578073,577637,436
145715521,12.7404,9.83606,440,124100,0.360427,0.3,1,578085,577645,440
145718441,7.34808,15.5672,429,124100,0.384086,0.17,1,578091,577662,429
145721361,13.4696,11.9134,433,124100,0.372817,0.33,1,578106,577673,433
145724281,12.2939,11.9827,433,124100,0.410563,0.2,1,578118,577685,433
145727201,13.6588,8.79654,439,124100,0.370113,0.2,1,578132,577693,439
145730121,4.33176,3.35931,439,124100,0.402023,0.27,1,578134,577695,439
145733041,5.66635,7.07186,437,124100,0.376404,0.34,1,578140,577703,437
145735961,4.33327,3.01437,439,124100,0.363281,0.34,1,578144,577705,439
145738321,2.46665,2.20287,439,124100,0.360656,0.27,1,578146,577707,439
145741241,51.6933,51.6406,439,124100,0.360131,0.26,1,578210,577771,439
145744161,32.7387,31.1281,441,124100,0.376026,0.36,1,578238,577797,441
145747081,12.9477,17.4256,435,124100,0.323205,0.25,1,578246,577811,435
145750001,9.78955,13.0851,432,124100,0.360641,0.28,1,578255,577823,432
145752921,23.5579,20.217,437,124100,0.384128,0.33,1,578282,577845,437
145755841,9.51158,10.4434,435,124100,0.348826,0.38,1,578288,577853,435
145758761,16.3023,14.8887,437,124100,0.341765,0.35,1,578306,577869,437
145761681,4.86046,4.57774,437,124100,0.332353,0.19,1,578308,577871,437
145764601,23.3721,20.9155,440,124100,0.330471,0.36,1,578336,577896,440
145767521,11.0744,12.9831,437,124100,0.362094,0.28,1,578344,577907,437
145770441,15.8149,12.9966,441,124100,0.344419,0.33,1,578361,577920,441
145773361,4.76298,4.19932,441,124100,0.340884,0.26,1,578363,577922,441
145775761,4.1526,4.03986,441,124100,0.324177,0.43,1,578367,577926,441
145778681,4.83052,5.60797,440,124100,0.304835,0.4,1,578372,577932,440
145781601,3.3661,5.12159,438,124100,0.364967,0.39,1,578375,577937,438
145784081,2.27322,2.62432,438,124100,0.376993,0.33,1,578377,577939,438
145787001,6.85464,6.12486,439,124100,0.387399,0.32,1,578385,577946,439
145789921,4.57093,3.62497,440,124100,0.38148,0.36,1,578389,577949,440
145792841,4.11419,3.12499,441,124100,0.316296,0.34,1,578393,577952,441
145794481,1.62284,4.625,437,124100,0.287259,0.35,1,578394,577957,437
145797401,1.92457,2.525,437,124100,0.305452,0.35,1,578396,577959,437
145800321,8.38491,0.505,447,124100,0.30109,0.34,1,578406,577959,447
145803241,3.27698,4.901,443,124100,0.268218,0.32,1,578408,577965,443
145805301,10.2554,3.3802,452,124100,0.349644,0.39,1,578420,577968,452
145808221,3.65108,9.47604,443,124100,0.341929,0.23,1,578422,577979,443
145811141,8.73022,8.29521,445,124100,0.372386,0.38,1,578432,577987,445
145814061,3.34604,4.85904,443,124100,0.378477,0.34,1,578434,577991,443
145816981,13.4692,2.57181,457,124100,0.355695,0.31,1,578450,577993,457
145819901,4.29384,16.5144,439,124100,0.335139,0.27,1,578452,578013,439
145822561,8.85877,4.90287,447,124100,0.355028,0.33,1,578462,578015,447
145825481,3.37175,6.58057,442,124100,0.359006,0.31,1,578464,578022,442
145828401,11.8744,2.11611,455,124100,0.311801,0.34,1,578478,578023,455
145831321,15.9749,20.4232,447,124100,0.29436,0.23,1,578495,578048,447
145834241,16.795,10.4846,456,124100,0.234872,0.39,1,578512,578056,456
145837161,14.559,15.6969,453,124100,0.334974,0.36,1,578526,578073,453
145840081,7.7118,12.7394,447,124100,0.274995,0.39,1,578532,578085,447
145843001,7.14236,7.34788,448,124100,0.342999,0.37,1,578539,578091,448
145845921,17.4285,13.4696,453,124100,0.3166,0.42,1,578559,578106,453
145848841,12.2857,12.2939,452,124100,0.27132,0.36,1,578570,578118,452
145851761,5.65714,13.6588,442,124100,0.286264,0.41,1,578574,578132,442
145854681,5.93143,4.33176,446,124100,0.361253,0.37,1,578580,578134,446
145857601,4.38629,5.66635,444,124100,0.352251,0.36,1,578584,578140,444
145860521,2.47726,4.33327,442,124100,0.35045,0.36,1,578586,578144,442
145862501,52.4955,2.46665,505,124100,0.35809,0.36,1,578651,578146,505
145865421,31.2991,51.6933,467,124100,0.239618,0.38,1,578677,578210,467
145868341,12.6598,32.7387,447,124100,0.295924,0.31,1,578685,578238,447
145871261,7.33196,12.9477,445,124100,0.323185,0.37,1,578691,578246,445
145874181,21.4664,9.78955,461,124100,0.248637,0.39,1,578716,578255,461
145877101,9.09328,23.5579,440,124100,0.329727,0.34,1,578722,578282,440
145880021,19.4187,9.51158,456,124100,0.321945,0.34,1,578744,578288,456
145882941,7.88373,16.3023,443,124100,0.328389,0.33,1,578749,578306,443
145885861,21.5767,4.86046,466,124100,0.217678,0.33,1,578774,578308,466
145888781,12.3153,23.3721,448,124100,0.227536,0.37,1,578784,578336,448
145891701,12.8631,11.0744,453,124100,0.237507,0.34,1,578797,578344,453
145894621,4.97261,15.8149,439,124100,0.191501,0.34,1,578800,578361,439
145897541,6.59452,4.76298,444,124100,0.1983,0.32,1,578807,578363,444
145899941,5.3189,4.1526,445,124100,0.18366,0.3,1,578812,578367,445
145902861,3.46378,4.83052,443,124100,0.204732,0.38,1,578815,578372,443
145905781,2.29276,3.3661,442,124100,0.216946,0.38,1,578817,578375,442
145908261,2.85855,2.27322,443,124100,0.243389,0.39,1,578820,578377,443
145911181,4.57171,6.85464,440,124100,0.264678,0.38,1,578825,578385,440
145914101,5.71434,4.57093,442,124100,0.268936,0.3,1,578831,578389,442
145916581,6.74287,4.11419,445,124100,0.245787,0.32,1,578838,578393,445
145919501,3.74857,6.42284,441,124100,0.185157,0.32,1,578841,578400,441
145922421,2.34971,1.28457,443,124100,0.173031,0.3,1,578843,578400,443
145925341,5.26994,5.05691,443,124100,0.210606,0.26,1,578849,578406,443
145928261,7.45399,2.61138,449,124100,0.178121,0.34,1,578857,578408,449
145931181,6.2908,11.7223,441,124100,0.171624,0.38,1,578863,578422,441
145934101,4.45816,10.3445,435,124100,0.146325,0.38,1,578867,578432,435
145937021,4.09163,3.66889,437,124100,0.117265,0.35,1,578871,578434,437
145939941,16.8183,13.5338,441,124100,0.119453,0.33,1,578891,578450,441
145942861,4.96367,4.30676,441,124100,0.143891,0.36,1,578893,578452,441
145945781,5.79273,8.86135,437,124100,0.180778,0.36,1,578899,578462,437
145948701,2.75855,3.37227,437,124100,0.156156,0.3,1,578901,578464,437
145951621,11.7517,11.8745,437,124100,0.207231,0.29,1,578915,578478,437
145954541,12.7503,15.9749,433,124100,0.145446,0.22,1,578928,578495,433
145957461,21.7501,16.795,440,124100,0.165089,0.36,1,578952,578512,440
145960381,16.35,14.559,441,124100,0.265018,0.26,1,578967,578526,441
145963301,8.07,7.7118,441,124100,0.205004,0.36,1,578973,578532,441
145966221,6.414,7.14236,440,124100,0.281001,0.31,1,578979,578539,440
145969141,13.2828,17.4285,435,124100,0.2242,0.26,1,578994,578559,435
145972061,17.0566,12.2857,442,124100,0.14884,0.29,1,579012,578570,442
145974981,5.01131,5.65714,440,124100,0.125768,0.38,1,579014,578574,440
145977901,5.80226,5.93143,440,124100,0.121154,0.35,1,579020,578580,440
145980821,4.36045,4.38629,440,124100,0.224231,0.35,1,579024,578584,440
145982721,1.67209,2.47726,439,124100,0.260846,0.38,1,579025,578586,439
145985641,50.7344,4.49545,497,124100,0.212169,0.21,1,579088,578591,497
145988561,28.5469,69.6991,434,124100,0.258434,0.31,1,579111,578677,434
145991481,15.3094,20.3398,438,124100,0.267687,0.33,1,579123,578685,438
145994401,7.06188,8.86796,437,124100,0.277537,0.23,1,579128,578691,437
145997321,22.2124,21.7736,438,124100,0.287507,0.35,1,579154,578716,438
146000241,9.24248,9.15472,438,124100,0.313501,0.32,1,579160,578722,438
146003161,17.0485,19.4309,435,124100,0.2627,0.33,1,579179,578744,435
146006081,5.0097,7.88619,432,124100,0.25254,0.19,1,579181,578749,432
146009001,22.6019,21.5772,434,124100,0.226508,0.23,1,579208,578774,434
146011921,12.5204,12.3154,434,124100,0.157302,0.24,1,579218,578784,434
146014841,11.3041,12.8631,432,124100,0.29546,0.18,1,579229,578797,432
146017761,3.86082,4.97262,431,124100,0.331092,0.2,1,579231,578800,431
146020681,7.97216,6.59452,433,124100,0.314218,0.18,1,579240,578807,433
146023601,6.39443,5.3189,434,124100,0.278844,0.21,1,579246,578812,434
146025361,3.67889,3.46378,434,124100,0.255769,0.27,1,579249,578815,434
146028281,2.33578,3.89276,432,124100,0.251154,0.27,1,579251,578819,432
146031201,2.06716,0.778551,434,124100,0.226231,0.27,1,579253,578819,434
146034121,5.21343,4.95571,434,124100,0.309246,0.27,1,579259,578825,434
146037041,2.64269,5.79114,430,124100,0.317849,0.24,1,579261,578831,430
146039961,7.72854,6.75823,432,124100,0.26357,0.17,1,579270,578838,432
146042881,4.74571,3.75165,433,124100,0.284714,0.17,1,579274,578841,433
146045121,2.54914,2.35033,433,124100,0.296943,0.24,1,579276,578843,433
146048041,5.30983,7.67007,430,124100,0.227389,0.17,1,579282,578852,430
146050961,4.26197,5.53401,429,124100,0.301478,0.17,1,579286,578857,429
146053881,8.05239,5.9068,432,124100,0.292296,0.14,1,579295,578863,432
146056801,4.81048,4.38136,432,124100,0.298459,0.11,1,579299,578867,432
146059721,2.5621,4.07627,430,124100,0.267692,0.12,1,579301,578871,430
146062641,18.1124,16.8153,432,124100,0.213538,0.15,1,579323,578891,432
146065561,5.22248,4.96305,432,124100,0.202708,0.19,1,579325,578893,432
146068001,5.8445,5.79261,432,124100,0.224542,0.17,1,579331,578899,432
146070921,2.7689,1.95852,433,124100,0.204908,0.15,1,579333,578900,433
146073841,8.55378,1.1917,442,124100,0.312982,0.22,1,579343,578901,442
146076761,11.3108,11.4383,440,124100,0.326596,0.13,1,579355,578915,440
146079681,27.8622,12.6877,459,124100,0.265319,0.17,1,579387,578928,459
146082601,11.9724,21.7375,443,124100,0.277064,0.29,1,579395,578952,443
146085521,12.7945,16.3475,441,124100,0.311413,0.19,1,579408,578967,441
146087761,5.7589,8.0695,439,124100,0.246283,0.34,1,579412,578973,439
146090681,11.5518,8.0139,444,124100,0.289257,0.21,1,579425,578981,444
146093601,19.1104,12.0028,452,124100,0.201851,0.13,1,579446,578994,452
146096521,5.42207,16.8006,436,124100,0.27237,0.12,1,579448,579012,436
146099441,5.88441,4.96011,440,124100,0.246474,0.12,1,579454,579014,440
146102361,2.77688,5.79202,436,124100,0.201295,0.25,1,579456,579020,436
146105281,2.15538,4.3584,434,124100,0.264259,0.27,1,579458,579024,434
146106901,47.6311,1.67168,492,124100,0.164852,0.2,1,579517,579025,492
146109821,32.7262,50.7343,458,124100,0.16097,0.27,1,579546,579088,458
146112741,16.1452,28.5469,447,124100,0.184194,0.27,1,579558,579111,447
146115661,6.42905,15.3094,439,124100,0.204839,0.28,1,579562,579123,439
146118581,22.8858,7.06187,461,124100,0.136968,0.29,1,579589,579128,461
146121501,10.9772,22.2124,443,124100,0.123394,0.32,1,579597,579154,443
146124421,17.3954,9.24248,456,124100,0.208679,0.25,1,579616,579160,456
146127341,5.07909,17.0485,439,124100,0.225736,0.25,1,579618,579179,439
146130261,15.4158,5.0097,455,124100,0.221147,0.22,1,579636,579181,455
146133181,16.6832,22.6019,445,124100,0.140229,0.14,1,579653,579208,445
146136101,12.1366,12.5204,446,124100,0.228046,0.33,1,579664,579218,446
146139021,4.02733,11.3041,437,124100,0.221609,0.34,1,579666,579229,437
146141941,5.60547,3.86082,441,124100,0.228322,0.31,1,579672,579231,441
146144861,4.32109,7.97216,436,124100,0.221664,0.27,1,579676,579240,436
146147781,8.86422,6.39443,440,124100,0.252333,0.25,1,579686,579246,440
146150701,3.37284,3.67889,439,124100,0.258467,0.25,1,579688,579249,439
146152661,4.67457,2.33578,442,124100,0.203693,0.32,1,579693,579251,442
146155581,2.53491,8.46716,434,124100,0.200739,0.32,1,579695,579261,434
146158501,2.10698,1.69343,436,124100,0.200148,0.32,1,579697,579261,436
146161421,3.6214,0.338686,440,124100,0.20003,0.25,1,579701,579261,440
146164341,3.92428,7.26774,435,124100,0.208006,0.29,1,579705,579270,435
146167261,7.18486,4.65355,439,124100,0.265601,0.3,1,579713,579274,439
146170181,4.63697,2.53071,441,124100,0.23712,0.21,1,579717,579276,441
146173101,4.12739,5.30614,439,124100,0.223424,0.32,1,579721,579282,439
146176021,9.62548,4.26123,446,124100,0.252685,0.29,1,579732,579286,446
146178941,5.1251,8.05225,441,124100,0.194537,0.3,1,579736,579295,441
146181861,2.62502,4.81045,439,124100,0.150907,0.26,1,579738,579299,439
146184781,13.325,2.56209,453,124100,0.198181,0.2,1,579754,579301,453
146187701,9.065,18.1124,439,124100,0.135636,0.2,1,579762,579323,439
146190621,6.613,5.22248,443,124100,0.203127,0.23,1,579768,579325,443
146193541,2.9226,5.8445,439,124100,0.192625,0.2,1,579770,579331,439
146196461,8.58452,2.7689,447,124100,0.158525,0.34,1,579780,579333,447
146199381,10.5169,8.55378,448,124100,0.255705,0.33,1,579791,579343,448
146202301,28.5034,11.3108,469,124100,0.171141,0.25,1,579824,579355,469
146205221,12.1007,27.8622,445,124100,0.130228,0.28,1,579832,579387,445
146208141,12.8201,11.9724,450,124100,0.218046,0.32,1,579845,579395,450
146211061,5.76403,12.7945,441,124100,0.195609,0.3,1,579849,579408,441
146213981,5.95281,16.1589,430,124100,0.127122,0.18,1,579855,579425,430
146216901,18.7906,20.0318,431,124100,0.113424,0.29,1,579877,579446,431
146219821,8.55811,5.60636,435,124100,0.134685,0.24,1,579883,579448,435
146222341,6.51162,5.92127,435,124100,0.202937,0.19,1,579889,579454,435
146225261,2.90232,2.78425,435,124100,0.184587,0.28,1,579891,579456,435
146228181,2.18046,2.15685,435,124100,0.220917,0.14,1,579893,579458,435
146231101,67.6361,47.6314,460,124100,0.228183,0.16,1,579977,579517,460
146234021,25.5272,32.7263,446,124100,0.189637,0.19,1,579992,579546,446
146236941,6.70544,16.1453,436,124100,0.149927,0.21,1,579994,579558,436
146239861,23.7411,6.42905,460,124100,0.141985,0.12,1,580022,579562,460
146242781,9.54822,22.8858,439,124100,0.172397,0.12,1,580028,579589,439
146245701,14.7096,10.9772,447,124100,0.202479,0.23,1,580044,579597,447
146248621,4.54193,17.3954,430,124100,0.176496,0.23,1,580046,579616,430
146251541,16.9084,5.07909,448,124100,0.251299,0.22,1,580066,579618,448
146254461,18.5817,15.4158,449,124100,0.20226,0.12,1,580085,579636,449
146257381,11.7163,16.6832,442,124100,0.232452,0.25,1,580095,579653,442
146260301,3.94327,12.1366,433,124100,0.23849,0.22,1,580097,579664,433
146263221,7.18865,4.02733,439,124100,0.215698,0.23,1,580105,579666,439
146266141,4.63773,5.60547,437,124100,0.29114,0.22,1,580109,579672,437
146269061,6.52755,4.32109,440,124100,0.266228,0.26,1,580116,579676,440
146271981,2.90551,8.86422,432,124100,0.261246,0.26,1,580118,579686,432
146274901,5.3811,3.37284,436,124100,0.292249,0.19,1,580124,579688,436
146276421,1.87622,4.67457,432,124100,0.28245,0.2,1,580125,579693,432
146279341,1.97524,2.53491,432,124100,0.28049,0.2,1,580127,579695,432
146282261,1.99505,2.10698,432,124100,0.336098,0.2,1,580129,579697,432
146284741,8.39901,3.6214,438,124100,0.34722,0.35,1,580139,579701,438
146287661,3.2798,7.12428,432,124100,0.317444,0.28,1,580141,579709,432
146290581,2.25596,4.62486,430,124100,0.311489,0.23,1,580143,579713,430
146293501,6.85119,4.12497,434,124100,0.286298,0.22,1,580151,579717,434
146296421,4.57024,4.02499,434,124100,0.32926,0.26,1,580155,579721,434
146299341,4.91405,9.605,428,124100,0.321852,0.18,1,580160,579732,428
146302261,8.98281,5.121,434,124100,0.25637,0.14,1,580170,579736,434
146304081,2.59656,2.6242,433,124100,0.259274,0.17,1,580171,579738,433
146307001,6.91931,1.32484,440,124100,0.259855,0.21,1,580179,579739,440
146309921,10.1839,12.265,436,124100,0.323971,0.12,1,580190,579754,436
146312841,6.83677,8.85299,434,124100,0.248794,0.22,1,580196,579762,434
146315761,2.96735,6.5706,430,124100,0.201759,0.19,1,580198,579768,430
146318681,13.3935,2.91412,444,124100,0.280352,0.15,1,580214,579770,444
146321601,9.87869,8.58282,443,124100,0.35207,0.28,1,580223,579780,443
146324521,29.1757,10.5166,466,124100,0.278414,0.15,1,580257,579791,466
146327441,12.2351,28.5033,441,124100,0.287683,0.12,1,580265,579824,441
146330361,7.24703,12.1007,439,124100,0.385537,0.24,1,580271,579832,439
146333281,10.2494,12.8201,437,124100,0.413107,0.19,1,580282,579845,437
146335281,6.04988,5.76403,438,124100,0.338621,0.28,1,580287,579849,438
146338201,13.21,8.35281,444,124100,0.347724,0.11,1,580302,579858,444
146341121,13.042,16.8706,438,124100,0.277545,0.14,1,580315,579877,438
146344041,9.0084,8.17411,440,124100,0.207509,0.22,1,580323,579883,440
146346961,3.40168,6.43482,436,124100,0.289502,0.18,1,580325,579889,436
146349881,2.28034,2.88696,436,124100,0.3059,0.23,1,580327,579891,436
146352341,66.8561,2.17739,517,124100,0.27718,0.23,1,580410,579893,517
146355261,24.5712,67.6355,447,124100,0.303436,0.18,1,580424,579977,447
146358181,9.71424,25.5271,438,124100,0.300687,0.14,1,580430,579992,438
146361101,18.7428,6.70542,457,124100,0.228137,0.14,1,580451,579994,457
146364021,13.3486,23.7411,441,124100,0.269627,0.18,1,580463,580022,441
146366941,15.4697,9.54822,451,124100,0.229925,0.21,1,580479,580028,451
146369861,4.69394,14.7096,437,124100,0.277985,0.17,1,580481,580044,437
146372781,15.3388,4.54193,453,124100,0.175597,0.27,1,580499,580046,453
146375701,19.0678,16.9084,453,124100,0.211119,0.19,1,580519,580066,453
146378621,10.2136,18.5817,442,124100,0.0902239,0.24,1,580527,580085,442
146381541,7.64271,11.7163,439,124100,0.186045,0.24,1,580534,580095,439
146384461,4.72854,3.94327,441,124100,0.237209,0.21,1,580538,580097,441
146387381,4.14571,7.18865,437,124100,0.199442,0.31,1,580542,580105,437
146390301,7.22914,4.63773,441,124100,0.231888,0.26,1,580550,580109,441
146393221,6.24583,6.52755,440,124100,0.230378,0.26,1,580556,580116,440
146396141,6.04917,2.90551,444,124100,0.206076,0.3,1,580562,580118,444
146399061,2.80983,5.3811,440,124100,0.177215,0.28,1,580564,580124,440
146401981,2.16197,1.87622,441,124100,0.211443,0.28,1,580566,580125,441
146404341,3.63239,1.97524,443,124100,0.226289,0.39,1,580570,580127,443
146407261,3.92648,6.79505,439,124100,0.269258,0.35,1,580574,580135,439
146410181,2.3853,4.55901,437,124100,0.277852,0.31,1,580576,580139,437
146413101,5.27706,2.5118,441,124100,0.23957,0.31,1,580582,580141,441
146414741,6.65541,2.10236,446,124100,0.255914,0.34,1,580589,580143,446
146417661,2.93108,10.0205,436,124100,0.227183,0.34,1,580591,580155,436
146420581,2.18622,2.00409,438,124100,0.229437,0.32,1,580593,580155,438
146423501,8.43724,4.40082,443,124100,0.157887,0.24,1,580603,580160,443
146426421,3.28745,8.88016,435,124100,0.231577,0.26,1,580605,580170,435
146429341,10.2575,2.57603,446,124100,0.254315,0.26,1,580617,580171,446
146431381,5.2515,6.91521,442,124100,0.226863,0.34,1,580621,580179,442
146434301,13.0503,10.183,446,124100,0.221373,0.23,1,580636,580190,446
146437201,4.21006,6.83661,442,124100,0.188275,0.2,1,580638,580196,442
146440121,13.642,5.36732,453,124100,0.0456549,0.3,1,580654,580201,453
146443041,9.1284,11.4735,448,124100,0.193131,0.37,1,580662,580214,448
146445961,24.2257,9.49469,467,124100,0.206626,0.26,1,580690,580223,467
146448881,16.8451,29.0989,448,124100,0.0653252,0.29,1,580705,580257,448
146451801,8.16903,12.2198,446,124100,0.093065,0.41,1,580711,580265,446
146454721,10.4338,7.24396,451,124100,0.226613,0.42,1,580722,580271,451
146457641,5.28676,10.2488,444,124100,0.181323,0.32,1,580726,580282,444
146460561,9.85735,6.04976,450,124100,0.212265,0.35,1,580737,580287,450
146463481,12.3715,13.21,448,124100,0.170453,0.26,1,580750,580302,448
146466401,10.4743,13.042,445,124100,0.114091,0.19,1,580760,580315,445
146468401,2.89486,9.0084,438,124100,0.118818,0.31,1,580761,580323,438
146471321,2.17897,5.00168,436,124100,0.207764,0.31,1,580763,580327,436
146474241,65.2358,1.00034,517,124100,0.217553,0.27,1,580844,580327,517
146477161,24.2472,66.6001,448,124100,0.275511,0.31,1,580858,580410,448
146480081,9.64943,24.52,440,124100,0.231102,0.3,1,580864,580424,440
146483001,17.1299,9.704,453,124100,0.16622,0.21,1,580883,580430,453
146485921,14.626,18.7408,446,124100,0.241244,0.28,1,580897,580451,446
146488841,14.1252,13.3482,448,124100,0.280249,0.22,1,580911,580463,448
146491761,4.42504,15.4696,434,124100,0.25605,0.29,1,580913,580479,434
146494681,16.085,4.69393,451,124100,0.22721,0.15,1,580932,580481,451
146497601,16.817,15.3388,450,124100,0.253442,0.22,1,580949,580499,450
146500521,11.3634,19.0678,440,124100,0.210688,0.06,1,580959,580519,440
146503441,5.47268,10.2136,436,124100,0.210138,0.21,1,580963,580527,436
146505841,4.29454,7.64271,433,124100,0.234028,0.23,1,580967,580534,433
146508761,8.85891,6.32854,437,124100,0.278806,0.19,1,580977,580540,437
146511681,4.97178,2.86571,439,124100,0.279761,0.24,1,580981,580542,439
146514601,6.59436,6.97314,438,124100,0.319952,0.23,1,580988,580550,438
146516661,2.91887,6.19463,434,124100,0.33599,0.2,1,580990,580556,434
146519581,6.98377,6.03893,436,124100,0.259198,0.17,1,580998,580562,436
146522501,2.99675,2.80779,436,124100,0.24384,0.22,1,581000,580564,436
146524981,5.39935,2.16156,440,124100,0.336768,0.3,1,581006,580566,440
146527901,2.67987,10.0323,430,124100,0.323354,0.3,1,581008,580578,430
146530821,2.13597,2.00646,432,124100,0.312671,0.3,1,581010,580578,432
146533741,2.02719,0.401292,434,124100,0.278534,0.23,1,581012,580578,434
146536661,2.00544,3.28026,432,124100,0.343707,0.26,1,581014,580582,432
146539581,3.60109,6.25605,429,124100,0.340741,0.22,1,581018,580589,429
146541201,1.52022,2.85121,428,124100,0.348148,0.17,1,581019,580591,428
146544121,7.50404,6.17024,430,124100,0.32563,0.14,1,581028,580598,430
146547041,4.70081,5.23405,429,124100,0.321126,0.25,1,581032,580603,429
146549961,4.14016,2.64681,431,124100,0.328225,0.26,1,581036,580605,431
146552881,8.82803,10.1294,429,124100,0.273645,0.22,1,581046,580617,429
146555801,12.1656,5.22587,438,124100,0.366729,0.22,1,581059,580621,438
146558721,5.63312,13.0452,427,124100,0.329346,0.18,1,581063,580636,427
146561641,19.5266,4.20903,448,124100,0.249869,0.01,1,581086,580638,448
146564561,5.50532,13.6418,434,124100,0.233974,0.23,1,581088,580654,434
146567481,22.7011,9.12836,453,124100,0.326795,0.21,1,581115,580662,453
146570401,22.1402,24.2257,447,124100,0.201359,0.03,1,581137,580690,447
146573321,9.22804,16.8451,438,124100,0.232272,0.1,1,581143,580705,438
146576241,5.04561,8.16903,436,124100,0.206454,0.26,1,581147,580711,436
146579161,8.20912,10.4338,434,124100,0.297291,0.17,1,581156,580722,434
146582081,8.04182,5.28676,438,124100,0.243458,0.22,1,581164,580726,438
146585001,11.2084,9.85735,439,124100,0.320692,0.16,1,581176,580737,439
146587921,12.6417,12.3715,439,124100,0.216138,0.1,1,581189,580750,439
146590841,4.12833,10.4743,431,124100,0.163228,0.12,1,581191,580760,431
146593761,2.42567,2.89486,432,124100,0.208646,0.23,1,581193,580761,432
146595701,66.0851,2.17897,512,124100,0.313729,0.22,1,581275,580763,512
146598621,27.617,65.2358,449,124100,0.310746,0.29,1,581293,580844,449
146601541,7.1234,24.2472,437,124100,0.278149,0.22,1,581295,580858,437
146604461,13.4247,9.64943,446,124100,0.30363,0.15,1,581310,580864,446
146607381,17.0849,17.1299,445,124100,0.204726,0.26,1,581328,580883,445
146610301,17.017,14.626,448,124100,0.232945,0.29,1,581345,580897,448
146613221,6.6034,14.1252,438,124100,0.198589,0.25,1,581349,580911,438
146616141,16.5207,4.42504,455,124100,0.239718,0.22,1,581368,580913,455
146619061,12.9041,16.085,448,124100,0.159944,0.26,1,581380,580932,448
146621981,12.9808,16.817,444,124100,0.191989,0.2,1,581393,580949,444
146624901,7.39617,11.3634,440,124100,0.118398,0.21,1,581399,580959,440
146627821,4.67923,5.47268,440,124100,0.22368,0.24,1,581403,580963,440
146630021,10.5358,4.29454,448,124100,0.276736,0.29,1,581415,580967,448
146632941,5.30717,8.85891,442,124100,0.263347,0.28,1,581419,580977,442
146635861,2.66143,4.97178,440,124100,0.220669,0.33,1,581421,580981,440
146638781,2.13229,6.59436,435,124100,0.188134,0.34,1,581423,580988,435
146641701,10.0265,2.91887,445,124100,0.221627,0.24,1,581435,580990,445
146643541,3.60529,6.98377,439,124100,0.196325,0.39,1,581437,580998,439
146646461,3.12106,4.59675,438,124100,0.207265,0.36,1,581440,581002,438
146649381,5.42421,4.11935,440,124100,0.249453,0.32,1,581446,581006,440
146652301,2.68484,2.42387,440,124100,0.289891,0.31,1,581448,581008,440
146654981,2.13697,2.08477,440,124100,0.265978,0.38,1,581450,581010,440
146657901,2.02739,2.81695,439,124100,0.253196,0.36,1,581452,581013,439
146660821,3.60548,1.36339,442,124100,0.234639,0.34,1,581456,581014,442
146663741,2.3211,3.47268,440,124100,0.254928,0.35,1,581458,581018,440
146666661,5.26422,1.49454,445,124100,0.202986,0.32,1,581464,581019,445
146669581,4.25284,7.49891,440,124100,0.160597,0.32,1,581468,581028,440
146672501,3.25057,4.69978,439,124100,0.224119,0.33,1,581471,581032,439
146675421,8.65011,4.13996,445,124100,0.180824,0.26,1,581481,581036,445
146678341,9.73002,8.82799,445,124100,0.252165,0.39,1,581491,581046,445
146681261,9.146,12.1656,441,124100,0.194433,0.32,1,581500,581059,441
146684181,17.8292,5.63312,457,124100,0.246887,0.23,1,581520,581063,457
146687101,7.56584,19.5266,439,124100,0.201377,0.23,1,581525,581086,439
146690021,23.1132,5.50532,464,124100,0.248275,0.35,1,581552,581088,464
146692941,17.4226,22.7011,453,124100,0.241655,0.17,1,581568,581115,453
146695861,13.0845,22.1402,443,124100,0.264331,0.24,1,581580,581137,443
146698241,5.81691,9.22804,441,124100,0.252866,0.35,1,581584,581143,441
146701161,2.76338,6.64561,437,124100,0.218573,0.32,1,581586,581149,437
146704081,12.5527,6.92912,445,124100,0.219715,0.23,1,581601,581156,445
146707001,7.31054,7.78582,443,124100,0.227943,0.34,1,581607,581164,443
146709921,15.8621,11.1572,449,124100,0.269589,0.19,1,581625,581176,449
146712841,5.57242,12.6314,439,124100,0.277918,0.15,1,581628,581189,439
146715761,3.51448,4.12629,440,124100,0.287584,0.22,1,581631,581191,440
146718681,64.7029,2.42526,518,124100,0.321517,0.31,1,581711,581193,518
146721601,25.7406,80.4851,434,124100,0.296303,0.27,1,581727,581293,434
146724521,8.34812,17.697,436,124100,0.227261,0.31,1,581731,581295,436
146727441,14.4696,15.5394,437,124100,0.245452,0.18,1,581747,581310,437
146730361,13.2939,17.5079,432,124100,0.33709,0.24,1,581760,581328,432
146733281,17.8588,17.1016,434,124100,0.283418,0.19,1,581779,581345,434
146736201,6.77176,6.62032,434,124100,0.272684,0.25,1,581783,581349,434
146739121,12.5544,16.5241,429,124100,0.230537,0.14,1,581797,581368,429
146742041,14.5109,12.9048,432,124100,0.262107,0.2,1,581812,581380,432
146744961,14.9022,12.981,434,124100,0.284421,0.1,1,581827,581393,434
146747881,6.18043,7.39619,432,124100,0.224884,0.25,1,581831,581399,432
146750801,7.63609,4.67924,436,124100,0.308977,0.29,1,581839,581403,436
146753721,7.12722,10.5358,431,124100,0.325795,0.26,1,581846,581415,431
146756641,4.62544,5.30717,431,124100,0.305159,0.21,1,581850,581419,431
146758561,4.92509,2.66143,434,124100,0.245032,0.21,1,581855,581421,434
146761481,2.58502,5.33229,430,124100,0.281006,0.23,1,581857,581427,430
146764401,10.117,7.46646,434,124100,0.344201,0.19,1,581869,581435,434
146767321,5.2234,3.09329,436,124100,0.36484,0.21,1,581873,581437,436
146768961,1.84468,3.01866,434,124100,0.352968,0.26,1,581874,581440,434
146771881,5.16894,5.40373,434,124100,0.286594,0.26,1,581880,581446,434
146774801,2.63379,1.08075,436,124100,0.321319,0.3,1,581882,581446,436
146777281,2.12676,1.81615,436,124100,0.360264,0.27,1,581884,581448,436
146780201,3.62535,9.96323,428,124100,0.336053,0.27,1,581888,581460,428
146783121,2.32507,1.99265,430,124100,0.299211,0.27,1,581890,581460,430
146786041,2.06501,0.398529,432,124100,0.291842,0.27,1,581892,581460,432
146788961,2.013,0.0797058,434,124100,0.290368,0.19,1,581894,581460,434
146791881,3.6026,3.21594,434,124100,0.306074,0.15,1,581898,581464,434
146793921,2.32052,3.84319,432,124100,0.325215,0.23,1,581900,581468,432
146796841,13.2641,7.16864,440,124100,0.281043,0.17,1,581916,581476,440
146799761,7.45282,5.43373,441,124100,0.208209,0.27,1,581922,581481,441
146802681,6.29056,9.08675,437,124100,0.281642,0.18,1,581928,581491,437
146805601,16.4581,9.01735,447,124100,0.208328,0.26,1,581947,581500,447
146808521,11.2916,17.8035,437,124100,0.281666,0.19,1,581957,581520,437
146811441,24.6583,7.56069,460,124100,0.296333,0.26,1,581985,581525,460
146814361,18.5317,23.1121,450,124100,0.243267,0.24,1,582002,581552,450
146817281,14.9063,17.4224,448,124100,0.248653,0.27,1,582016,581568,448
146820201,6.18127,13.0845,440,124100,0.257731,0.25,1,582020,581580,440
146823041,2.83625,5.8169,438,124100,0.251546,0.33,1,582022,581584,438
146825961,13.3673,6.76338,447,124100,0.202309,0.22,1,582038,581591,447
146828881,4.27345,9.35268,439,124100,0.232462,0.23,1,582040,581601,439
146831801,16.8547,6.67054,453,124100,0.262492,0.28,1,582060,581607,453
146834721,4.97094,15.7341,437,124100,0.236498,0.28,1,582062,581625,437
146837641,5.79419,5.54682,440,124100,0.1753,0.29,1,582068,581628,440
146840561,63.5588,3.50936,515,124100,0.14706,0.33,1,582146,581631,515
146843481,25.5118,64.7019,451,124100,0.181412,0.29,1,582162,581711,451
146846401,6.70235,25.7404,437,124100,0.196282,0.21,1,582164,581727,437
146849321,17.3405,8.34807,453,124100,0.223256,0.25,1,582184,581731,453
146852241,13.8681,14.4696,450,124100,0.188651,0.36,1,582197,581747,450
146855161,15.5736,13.2939,453,124100,0.19773,0.27,1,582213,581760,453
146858081,4.71472,17.8588,436,124100,0.263546,0.27,1,582215,581779,436
146861001,15.3429,6.77176,450,124100,0.292709,0.22,1,582233,581783,450
146863921,15.0686,12.5544,451,124100,0.266542,0.27,1,582248,581797,451
146866841,11.0137,14.5109,446,124100,0.173308,0.29,1,582258,581812,446
146869761,8.60274,14.9022,439,124100,0.178662,0.21,1,582266,581827,439
146872681,7.32055,6.18043,442,124100,0.187732,0.33,1,582273,581831,442
146875601,7.86411,7.63609,442,124100,0.221546,0.33,1,582281,581839,442
146878521,4.77282,7.12722,439,124100,0.236309,0.3,1,582285,581846,439
146881441,2.55456,4.62544,437,124100,0.263262,0.29,1,582287,581850,437
146884361,3.71091,6.52509,434,124100,0.204652,0.29,1,582291,581857,434
146885861,8.74218,1.30502,444,124100,0.23293,0.36,1,582301,581857,444
146888781,8.94844,9.861,441,124100,0.166586,0.37,1,582310,581869,441
146891681,4.18969,5.1722,440,124100,0.145317,0.27,1,582313,581873,440
146894601,4.03794,6.63444,437,124100,0.189063,0.33,1,582317,581880,437
146897521,2.40759,2.92689,437,124100,0.165813,0.37,1,582319,581882,437
146900001,2.08152,2.18538,437,124100,0.249163,0.33,1,582321,581884,437
146902921,5.2163,3.63708,439,124100,0.257832,0.29,1,582327,581888,439
146905841,2.64326,2.32742,439,124100,0.251566,0.29,1,582329,581890,439
146908761,2.12865,2.06548,439,124100,0.218313,0.29,1,582331,581892,439
146911681,2.02573,2.0131,439,124100,0.267663,0.31,1,582333,581894,439
146914601,3.60515,3.60262,439,124100,0.245533,0.33,1,582337,581898,439
146917521,2.32103,2.32052,439,124100,0.241107,0.27,1,582339,581900,439
146920441,10.8642,13.2641,436,124100,0.264221,0.19,1,582352,581916,436
146923361,6.97284,7.45282,436,124100,0.172844,0.3,1,582358,581922,436
146926281,4.59457,6.29056,434,124100,0.226569,0.19,1,582362,581928,434
146929201,19.3189,16.4581,438,124100,0.269314,0.3,1,582385,581947,438
146932121,7.06378,11.2916,432,124100,0.261863,0.3,1,582389,581957,432
146935041,23.8128,24.6583,432,124100,0.268373,0.23,1,582417,581985,432
146937961,20.7626,18.5317,435,124100,0.269675,0.25,1,582437,582002,435
146940881,14.5525,14.9063,434,124100,0.197935,0.26,1,582450,582016,434
146943801,6.1105,6.18127,434,124100,0.239587,0.25,1,582454,582020,434
146946181,2.8221,2.83625,434,124100,0.247917,0.19,1,582456,582022,434
146949101,10.1644,13.3673,430,124100,0.233583,0.24,1,582468,582038,430
146952021,8.43288,4.27345,436,124100,0.262717,0.27,1,582476,582040,436
146954941,12.0866,16.8547,429,124100,0.268543,0.23,1,582489,582060,429
146957861,4.01732,4.97094,429,124100,0.237709,0.16,1,582491,582062,429
146960741,12.0035,5.79419,437,124100,0.255542,0.14,1,582505,582068,437
146963661,61.6007,63.5588,433,124100,0.275108,0.19,1,582579,582146,433
146966581,25.9201,25.5118,434,124100,0.255022,0.2,1,582596,582162,434
146969501,6.78403,6.70235,434,124100,0.251004,0.23,1,582598,582164,434
146972421,15.7568,17.3405,432,124100,0.290201,0.18,1,582616,582184,432
146975341,15.9514,13.8681,435,124100,0.30604,0.2,1,582632,582197,435
146978261,15.9903,15.5736,435,124100,0.197208,0.28,1,582648,582213,435
146981181,4.79805,4.71472,435,124100,0.263442,0.3,1,582650,582215,435
146984101,16.1596,15.3429,436,124100,0.268688,0.26,1,582669,582233,436
146987021,11.2319,15.0686,431,124100,0.173738,0.15,1,582679,582248,431
146989941,13.4464,11.0137,435,124100,0.178748,0.18,1,582693,582258,435
146992861,4.28928,8.60274,429,124100,0.20375,0.19,1,582695,582266,429
146995781,9.65786,7.32055,433,124100,0.25675,0.23,1,582706,582273,433
146998701,6.73157,7.86411,431,124100,0.17935,0.24,1,582712,582281,431
147001621,4.54631,4.77282,431,124100,0.25987,0.27,1,582716,582285,431
147004541,2.50926,2.55456,431,124100,0.267974,0.19,1,582718,582287,431
147006081,4.50185,3.71091,432,124100,0.261595,0.22,1,582723,582291,432
147009001,5.70037,3.94218,434,124100,0.284319,0.15,1,582729,582295,434
147011921,13.1401,12.7884,434,124100,0.232864,0.14,1,582744,582310,434
147014841,5.82801,4.95769,435,124100,0.158573,0.2,1,582748,582313,435
147016481,3.5656,4.19154,434,124100,0.103715,0.27,1,582751,582317,434
147019401,2.31312,4.03831,432,124100,0.0607429,0.27,1,582753,582321,432
147022321,2.06262,0.807661,434,124100,0.252149,0.27,1,582755,582321,434
147025241,3.61252,0.161532,438,124100,0.29843,0.26,1,582759,582321,438
147027921,2.3225,4.83231,434,124100,0.299686,0.23,1,582761,582327,434
147030841,2.0645,3.36646,433,124100,0.275937,0.21,1,582763,582330,433
147033761,2.0129,1.47329,434,124100,0.239187,0.28,1,582765,582331,434
147036241,3.60258,1.89466,436,124100,0.263837,0.24,1,582769,582333,436
147039161,3.92052,5.17893,434,124100,0.268767,0.24,1,582773,582339,434
147042081,10.3841,1.03579,446,124100,0.261753,0.27,1,582785,582339,446
147045001,6.87682,10.6072,439,124100,0.188351,0.15,1,582791,582352,439
147047921,5.37536,6.92143,438,124100,0.27767,0.24,1,582796,582358,438
147050841,19.4751,4.58429,457,124100,0.191534,0.28,1,582819,582362,457
147053761,7.09501,19.3169,438,124100,0.150307,0.26,1,582823,582385,438
147056681,18.219,7.06337,455,124100,0.222061,0.27,1,582844,582389,455
147059601,18.8438,23.8127,446,124100,0.204412,0.27,1,582863,582417,446
147062521,19.7688,20.7625,446,124100,0.216882,0.18,1,582883,582437,446
147065441,7.15375,14.5525,437,124100,0.243376,0.25,1,582887,582450,437
147068361,3.03075,6.1105,435,124100,0.248675,0.25,1,582889,582454,435
147069941,5.40615,2.8221,439,124100,0.233735,0.23,1,582895,582456,439
147072861,6.68123,10.1644,434,124100,0.262747,0.27,1,582902,582468,434
147075781,3.73625,8.43288,429,124100,0.268549,0.27,1,582905,582476,429
147078701,16.7472,12.0866,436,124100,0.20571,0.23,1,582925,582489,436
147081621,4.94945,4.01732,436,124100,0.161142,0.26,1,582927,582491,436
147084541,7.38989,12.0035,430,124100,0.280228,0.28,1,582935,582505,430
147087461,63.878,61.6007,434,124100,0.272046,0.25,1,583013,582579,434
147090381,25.5756,25.9201,433,124100,0.302409,0.25,1,583029,582596,433
147093301,6.71512,6.78403,433,124100,0.308482,0.3,1,583031,582598,433
147096221,14.143,15.7568,431,124100,0.221696,0.31,1,583047,582616,431
147099141,17.2286,15.9514,433,124100,0.268339,0.17,1,583065,582632,433
147102061,18.6457,15.9903,436,124100,0.205668,0.28,1,583084,582648,436
147104981,5.32914,4.79805,436,124100,0.161134,0.27,1,583086,582650,436
147107901,12.2658,16.1596,431,124100,0.320227,0.15,1,583100,582669,431
147110821,12.0532,11.2319,433,124100,0.328045,0.18,1,583112,582679,433
147113741,10.4106,13.4464,429,124100,0.289609,0.21,1,583122,582693,429
147116661,5.28213,4.28928,431,124100,0.305922,0.27,1,583126,582695,431
147119581,13.8564,9.65786,436,124100,0.245184,0.16,1,583142,582706,436
147122501,5.97128,6.73157,434,124100,0.217037,0.28,1,583146,582712,434
147125421,5.99426,4.54631,436,124100,0.203407,0.27,1,583152,582716,436
147128341,2.79885,2.50926,436,124100,0.320681,0.26,1,583154,582718,436
147131261,8.55977,4.50185,441,124100,0.328136,0.29,1,583164,582723,441
147134181,4.11195,5.70037,438,124100,0.305627,0.22,1,583167,582729,438
147137101,13.6224,13.1401,439,124100,0.261125,0.14,1,583183,582744,439
147139201,5.92448,5.82801,439,124100,0.284225,0.3,1,583187,582748,439
147142121,2.7849,6.7656,434,124100,0.264845,0.3,1,583189,582755,434
147145041,2.15698,1.35312,436,124100,0.228969,0.31,1,583191,582755,436
147147961,3.6314,3.47062,436,124100,0.293794,0.3,1,583195,582759,436
147149601,1.52628,2.29412,435,124100,0.290759,0.29,1,583196,582761,435
147152521,3.50526,6.05882,432,124100,0.314152,0.29,1,583200,582768,432
147155441,2.30105,1.21176,434,124100,0.29483,0.29,1,583202,582768,434
147158361,2.06021,0.242353,436,124100,0.290966,0.27,1,583204,582768,436
147161281,2.01204,0.848471,437,124100,0.322193,0.27,1,583206,582769,437
147164201,6.00241,3.36969,440,124100,0.336439,0.26,1,583213,582773,440
147167121,10.8005,10.2739,440,124100,0.307288,0.17,1,583225,582785,440
147170041,3.7601,6.85479,436,124100,0.269458,0.3,1,583227,582791,436
147172961,21.552,5.37096,457,124100,0.285892,0.17,1,583253,582796,457
147175881,5.9104,19.4742,436,124100,0.289178,0.14,1,583255,582819,436
147178801,21.1821,7.09484,457,124100,0.233836,0.24,1,583280,582823,457
147181721,17.0364,18.219,452,124100,0.222767,0.2,1,583296,582844,452
147184641,18.6073,18.8438,452,124100,0.172553,0.22,1,583315,582863,452
147187561,8.52146,19.7688,438,124100,0.0665107,0.25,1,583321,582883,438
147190161,3.30429,7.15375,436,124100,0.0373021,0.32,1,583323,582887,436
147193081,8.66086,9.43075,436,124100,0.20746,0.27,1,583333,582897,436
147196001,6.53217,5.88615,437,124100,0.169492,0.27,1,583339,582902,437
147198921,2.90643,3.57723,436,124100,0.201898,0.19,1,583341,582905,436
147201841,17.3813,16.7154,437,124100,0.13638,0.15,1,583362,582925,437
147204761,5.07626,4.94309,437,124100,0.0992759,0.31,1,583364,582927,437
147207681,8.21525,7.38862,438,124100,0.203855,0.27,1,583373,582935,438
147210601,64.0431,63.8777,438,124100,0.288771,0.31,1,583451,583013,438
147213521,22.4086,25.5755,434,124100,0.241754,0.31,1,583463,583029,434
147216441,6.08172,6.71511,434,124100,0.232351,0.2,1,583465,583031,434
147219361,13.2163,14.143,433,124100,0.20647,0.28,1,583480,583047,433
147222281,17.8433,17.2286,434,124100,0.241294,0.19,1,583499,583065,434
147225201,23.5687,18.6457,440,124100,0.144259,0.15,1,583524,583084,440
147228121,6.31373,5.32914,440,124100,0.252852,0.36,1,583526,583086,440
147231041,10.8627,12.2658,438,124100,0.28257,0.33,1,583538,583100,438
147233961,11.7725,12.0532,438,124100,0.272514,0.28,1,583550,583112,438
147236881,11.9545,10.4106,440,124100,0.230503,0.31,1,583562,583122,440
147239801,3.9909,5.28213,438,124100,0.190101,0.23,1,583564,583126,438
147242721,10.3982,13.8564,434,124100,0.25402,0.21,1,583576,583142,434
147245641,10.0796,5.97128,440,124100,0.202804,0.2,1,583586,583146,440
147248561,5.21593,5.99426,438,124100,0.192561,0.35,1,583590,583152,438
147251481,2.64319,2.79885,438,124100,0.158512,0.33,1,583592,583154,438
147254401,9.32864,8.55977,439,124100,0.231702,0.3,1,583603,583164,439
147257321,3.46573,4.11195,438,124100,0.21434,0.25,1,583605,583167,438
147260241,10.2931,13.6224,434,124100,0.234868,0.29,1,583617,583183,434
147263161,8.45863,5.92448,438,124100,0.262974,0.26,1,583625,583187,438
147265041,2.49173,2.7849,437,124100,0.252595,0.31,1,583626,583189,437
147267961,3.69835,5.35698,435,124100,0.218519,0.31,1,583630,583195,435
147270881,2.33967,1.0714,437,124100,0.243704,0.29,1,583632,583195,437
147273801,3.66793,1.01428,440,124100,0.248741,0.32,1,583636,583196,440
147276721,2.33359,3.40286,438,124100,0.225748,0.29,1,583638,583200,438
147279641,2.06672,2.28057,438,124100,0.22915,0.29,1,583640,583202,438
147282101,5.21334,2.05611,442,124100,0.27783,0.34,1,583646,583204,442
147285021,2.64267,7.61122,435,124100,0.279566,0.34,1,583648,583213,435
147287941,2.12853,1.52224,437,124100,0.247913,0.3,1,583650,583213,437
147290861,8.42571,9.90445,435,124100,0.273583,0.26,1,583660,583225,435
147293781,3.28514,3.58089,435,124100,0.270717,0.29,1,583662,583227,435
147296701,17.457,21.5162,430,124100,0.174143,0.29,1,583683,583253,430
147299621,5.09141,5.90324,430,124100,0.122829,0.22,1,583685,583255,430
147302541,18.6183,21.1806,427,124100,0.160566,0.22,1,583707,583280,427
147305461,20.5237,17.0361,432,124100,0.216113,0.16,1,583728,583296,432
147308381,13.7047,18.6072,425,124100,0.251223,0.04,1,583740,583315,425
147311301,15.5409,8.52145,435,124100,0.162245,0.03,1,583756,583321,435
147313301,4.70819,3.30429,435,124100,0.112449,0.25,1,583758,583323,435
147316221,6.54164,8.66086,432,124100,0.20649,0.16,1,583765,583333,432
147319141,6.10833,6.53217,432,124100,0.217298,0.21,1,583771,583339,432
147321201,3.62167,2.90643,433,124100,0.26746,0.22,1,583774,583341,433
147324121,15.9243,1.38129,451,124100,0.245492,0.12,1,583793,583342,451
147327041,4.78487,16.2763,433,124100,0.233098,0.09,1,583795,583362,433
147329521,10.557,4.85525,443,124100,0.26262,0.19,1,583807,583364,443
147332441,61.3114,11.3711,504,124100,0.164524,0.31,1,583881,583377,504
147335361,23.4623,61.4742,444,124100,0.240905,0.23,1,583895,583451,444
147338281,6.29246,21.8948,434,124100,0.248181,0.23,1,583897,583463,434
147341201,15.6585,5.97897,450,124100,0.209636,0.2,1,583915,583465,450
147344121,11.1317,13.1958,445,124100,0.113927,0.25,1,583925,583480,445
147347041,28.6263,17.8392,459,124100,0.166785,0.12,1,583958,583499,459
147349961,7.32527,23.5678,436,124100,0.145357,0.28,1,583960,583524,436
147352881,11.0651,6.31357,446,124100,0.221071,0.29,1,583972,583526,446
147355801,10.213,10.8627,444,124100,0.300214,0.27,1,583982,583538,444
147358721,12.4426,11.7725,445,124100,0.276043,0.22,1,583995,583550,445
147361641,4.88852,11.9545,436,124100,0.255209,0.18,1,583998,583562,436
147364561,7.3777,3.9909,442,124100,0.227042,0.27,1,584006,583564,442
147367481,12.6755,10.3982,444,124100,0.237408,0.19,1,584020,583576,444
147370401,5.73511,10.0796,438,124100,0.215482,0.19,1,584024,583586,438
147373201,2.74702,5.21593,436,124100,0.179096,0.28,1,584026,583590,436
147376121,8.5494,9.84319,435,124100,0.267819,0.25,1,584036,583601,435
147379041,3.30988,3.56864,435,124100,0.269564,0.21,1,584038,583603,435
147381961,10.262,2.31373,445,124100,0.221913,0.24,1,584050,583605,445
147384881,8.4524,10.0627,441,124100,0.204383,0.27,1,584058,583617,441
147387761,3.29048,8.41255,435,124100,0.168877,0.21,1,584060,583625,435
147390681,5.4581,5.68251,436,124100,0.217775,0.25,1,584066,583630,436
147393601,2.69162,2.7365,436,124100,0.227555,0.25,1,584068,583632,436
147396081,3.73832,3.7473,436,124100,0.253511,0.32,1,584072,583636,436
147399001,3.94766,7.14946,432,124100,0.242702,0.32,1,584076,583644,432
147401921,2.38953,1.42989,434,124100,0.23254,0.32,1,584078,583644,434
147404841,3.67791,0.285978,438,124100,0.254508,0.28,1,584082,583644,438
147407761,2.33558,3.2572,436,124100,0.298902,0.24,1,584084,583648,436
147410641,2.06712,2.25144,436,124100,0.26778,0.27,1,584086,583650,436
147413561,8.41342,10.0503,434,124100,0.261556,0.27,1,584096,583662,434
147416481,3.28268,2.01006,436,124100,0.268311,0.15,1,584098,583662,436
147419401,17.4565,17.202,436,124100,0.189662,0.11,1,584119,583683,436
147422321,5.09131,5.0404,436,124100,0.141932,0.17,1,584121,583685,436
147425241,17.0183,18.6081,434,124100,0.252386,0.23,1,584141,583707,434
147428161,20.2037,20.5216,434,124100,0.218477,0.26,1,584162,583728,434
147431081,12.8407,13.7043,433,124100,0.259695,0.14,1,584173,583740,433
147434001,14.5681,15.5409,432,124100,0.243939,0.1,1,584188,583756,432
147436921,4.51363,4.70817,432,124100,0.264788,0.23,1,584190,583758,432
147439841,8.90273,6.54163,435,124100,0.316958,0.22,1,584200,583765,435
147442761,4.98055,6.10833,433,124100,0.335391,0.28,1,584204,583771,433
147445381,19.3961,3.62167,453,124100,0.323078,0.24,1,584227,583774,453
147448301,5.47922,15.9243,436,124100,0.296616,0.23,1,584229,583793,436
147451221,7.49584,4.78487,442,124100,0.171323,0.27,1,584237,583795,442
147454141,63.0992,10.557,507,124100,0.226265,0.14,1,584314,583807,507
147457061,25.4198,61.3114,449,124100,0.341253,0.26,1,584330,583881,449
147459981,6.68397,23.4623,437,124100,0.332251,0.25,1,584332,583895,437
147462901,7.73679,6.29246,443,124100,0.25845,0.2,1,584340,583897,443
147465821,14.3474,15.6585,441,124100,0.24369,0.09,1,584356,583915,441
147468741,30.8695,11.1317,466,124100,0.216738,0.18,1,584391,583925,466
147471661,7.77389,28.6263,435,124100,0.259348,0.14,1,584393,583958,435
147474581,14.3548,7.32527,449,124100,0.31587,0.24,1,584409,583960,449
147477501,9.27096,11.0651,445,124100,0.263174,0.32,1,584417,583972,445
147480421,7.45419,10.213,442,124100,0.292635,0.27,1,584424,583982,442
147483341,5.49084,12.4426,434,124100,0.314527,0.25,1,584429,583995,434
147486261,10.6982,4.88852,443,124100,0.262905,0.22,1,584441,583998,443
147488021,2.93963,7.3777,436,124100,0.236581,0.24,1,584442,584006,436
147490941,6.18793,12.6755,429,124100,0.287316,0.21,1,584449,584020,429
147493861,4.43759,5.73511,429,124100,0.281463,0.17,1,584453,584024,429
147496341,8.88752,2.74702,437,124100,0.328293,0.29,1,584463,584026,437
147499261,6.5775,8.5494,433,124100,0.305659,0.27,1,584469,584036,433
147502181,2.9155,3.30988,433,124100,0.269132,0.21,1,584471,584038,433
147505101,7.7831,10.262,430,124100,0.341826,0.2,1,584480,584050,430
147508021,10.3566,8.4524,433,124100,0.276365,0.16,1,584491,584058,433
147510901,6.87132,3.29048,437,124100,0.215273,0.23,1,584497,584060,437
147513821,2.97426,5.4581,433,124100,0.171055,0.23,1,584499,584066,433
147516741,2.19485,2.69162,433,124100,0.282211,0.26,1,584501,584068,433
147519661,5.23897,3.73832,435,124100,0.272442,0.24,1,584507,584072,435
147522581,4.24779,3.94766,435,124100,0.278488,0.23,1,584511,584076,435
147525461,2.44956,2.38953,435,124100,0.279698,0.26,1,584513,584078,435
147528381,3.68991,3.67791,435,124100,0.28794,0.31,1,584517,584082,435
147531301,2.33798,2.33558,435,124100,0.297588,0.26,1,584519,584084,435
147533781,8.4676,2.06712,443,124100,0.299518,0.27,1,584529,584086,443
147536701,3.29352,10.0134,433,124100,0.315904,0.27,1,584531,584098,433
147539621,2.2587,2.00268,435,124100,0.327181,0.17,1,584533,584098,435
147542541,18.0517,17.2005,436,124100,0.321436,0.13,1,584555,584119,436
147545461,5.21035,5.04011,436,124100,0.288287,0.28,1,584557,584121,436
147548381,18.6421,17.008,438,124100,0.305657,0.21,1,584579,584141,438
147551301,18.1284,20.2016,435,124100,0.325132,0.27,1,584597,584162,435
147554221,13.2257,12.8403,436,124100,0.265026,0.24,1,584609,584173,436
147557141,13.8451,14.5681,435,124100,0.301005,0.27,1,584623,584188,435
147560061,7.56903,4.51361,439,124100,0.332201,0.33,1,584629,584190,439
147562901,11.1138,8.90272,441,124100,0.24244,0.34,1,584641,584200,441
147565821,3.82276,4.98054,439,124100,0.232488,0.32,1,584643,584204,439
147568741,11.1646,19.3961,429,124100,0.302498,0.29,1,584656,584227,429
147571661,5.43291,5.47922,431,124100,0.3645,0.14,1,584660,584229,431
147574581,13.0866,7.49584,438,124100,0.3289,0.24,1,584675,584237,438
147577501,65.0173,63.0992,439,124100,0.37778,0.37,1,584753,584314,439
147580421,21.0035,25.4198,433,124100,0.275556,0.33,1,584763,584330,433
147583341,5.80069,6.68397,433,124100,0.375111,0.24,1,584765,584332,433
147586261,11.5601,7.73679,438,124100,0.395022,0.24,1,584778,584340,438
147589181,15.112,14.3474,438,124100,0.335004,0.21,1,584794,584356,438
147592101,31.0224,30.8695,438,124100,0.283001,0.27,1,584829,584391,438
147595021,7.80448,7.77389,438,124100,0.2406,0.33,1,584831,584393,438
147597941,11.1609,14.3548,434,124100,0.36812,0.25,1,584843,584409,434
147600861,11.8322,9.27096,438,124100,0.417624,0.3,1,584855,584417,438
147603781,7.16644,7.45419,437,124100,0.355525,0.32,1,584861,584424,437
147606701,3.03329,5.49084,434,124100,0.383105,0.25,1,584863,584429,434
147609621,11.8067,10.6982,436,124100,0.380621,0.23,1,584877,584441,436
147612541,7.16133,2.93963,441,124100,0.316124,0.3,1,584883,584442,441
147614901,7.83227,6.18793,442,124100,0.359225,0.28,1,584891,584449,442
147617821,3.16645,4.43759,440,124100,0.359845,0.34,1,584893,584453,440
147620741,11.0333,8.88752,443,124100,0.391969,0.3,1,584906,584463,443
147623661,3.80666,6.5775,439,124100,0.374394,0.26,1,584908,584469,439
147626581,3.96133,2.9155,441,124100,0.306879,0.36,1,584912,584471,441
147629501,13.5923,7.7831,448,124100,0.365376,0.26,1,584928,584480,448
147632421,5.91845,10.3566,441,124100,0.345075,0.2,1,584932,584491,441
147635341,2.78369,6.87132,437,124100,0.309015,0.16,1,584934,584497,437
147638261,2.15674,2.97426,437,124100,0.325803,0.31,1,584936,584499,437
147641181,6.03135,2.19485,442,124100,0.393161,0.27,1,584943,584501,442
147644101,6.00627,5.23897,442,124100,0.390632,0.28,1,584949,584507,442
147647021,2.80125,4.24779,440,124100,0.406126,0.28,1,584951,584511,440
147649841,3.76025,2.44956,442,124100,0.409225,0.35,1,584955,584513,442
147652761,2.35205,6.08991,437,124100,0.409845,0.35,1,584957,584520,437
147655681,5.27041,1.21798,443,124100,0.425969,0.3,1,584963,584520,443
147658601,2.65408,7.4436,436,124100,0.429194,0.32,1,584965,584529,436
147661521,2.93082,3.08872,437,124100,0.389839,0.33,1,584968,584531,437
147663781,21.3862,2.21774,461,124100,0.365968,0.32,1,584994,584533,461
147666701,5.87723,18.0435,441,124100,0.329194,0.28,1,584996,584555,441
147669621,17.1754,5.20871,459,124100,0.385839,0.31,1,585016,584557,459
147672541,13.0351,18.6417,449,124100,0.309168,0.33,1,585028,584579,449
147675461,17.807,18.1283,450,124100,0.309834,0.25,1,585047,584597,450
147678381,13.9614,13.2257,451,124100,0.341967,0.31,1,585060,584609,451
147681301,4.39228,13.8451,439,124100,0.316393,0.34,1,585062,584623,439
147684221,15.2785,7.56903,451,124100,0.311279,0.22,1,585080,584629,451
147687141,4.65569,11.1138,441,124100,0.310256,0.23,1,585082,584641,441
147690061,11.3311,3.82276,452,124100,0.358051,0.32,1,585095,584643,452
147692981,4.66623,11.1646,442,124100,0.35961,0.38,1,585098,584656,442
147695901,15.3332,5.43291,456,124100,0.303922,0.32,1,585116,584660,456
147698821,59.0666,13.0866,511,124100,0.348784,0.39,1,585186,584675,511
147701741,25.4133,65.0173,450,124100,0.301757,0.25,1,585203,584753,450
147704661,6.68267,21.0035,442,124100,0.252351,0.4,1,585205,584763,442
147707581,12.5365,5.80069,454,124100,0.35447,0.4,1,585219,584765,454
147710501,11.3073,11.5601,452,124100,0.390894,0.32,1,585230,584778,452
147713421,28.6615,15.112,469,124100,0.310179,0.27,1,585263,584794,469
147716341,13.7323,31.0224,444,124100,0.246036,0.23,1,585273,584829,444
147719261,12.3465,7.80448,454,124100,0.193207,0.4,1,585285,584831,454
147722181,8.86929,11.1609,450,124100,0.326641,0.43,1,585293,584843,450
147725101,9.77386,11.8322,448,124100,0.353328,0.34,1,585303,584855,448
147728021,3.55477,7.16644,444,124100,0.366666,0.39,1,585305,584861,444
147730941,10.311,3.03329,454,124100,0.305333,0.38,1,585317,584863,454
147733861,6.86219,11.8067,446,124100,0.285067,0.3,1,585323,584877,446
147736781,10.1724,7.16133,451,124100,0.281013,0.37,1,585334,584883,451
147739701,3.63449,7.83227,445,124100,0.288203,0.36,1,585336,584891,445
147742621,6.3269,3.16645,450,124100,0.265641,0.4,1,585343,584893,450
147745541,7.66538,11.0333,445,124100,0.325128,0.37,1,585351,584906,445
147748461,4.73308,3.80666,447,124100,0.337026,0.29,1,585355,584908,447
147751381,12.1466,3.96133,457,124100,0.363405,0.38,1,585369,584912,457
147754301,5.62932,13.5923,445,124100,0.304681,0.34,1,585373,584928,445
147756961,4.32586,5.91845,445,124100,0.236936,0.4,1,585377,584932,445
147759881,4.06517,7.58369,441,124100,0.191387,0.4,1,585381,584940,441
147762801,2.41303,1.51674,443,124100,0.190277,0.41,1,585383,584940,443
147765721,5.28261,2.70335,446,124100,0.278055,0.39,1,585389,584943,446
147768641,4.25652,5.34067,444,124100,0.263611,0.41,1,585393,584949,444
147771521,4.0513,2.66813,446,124100,0.300722,0.43,1,585397,584951,446
147774441,5.61026,10.1336,440,124100,0.284144,0.43,1,585403,584963,440
147777361,2.72205,2.02673,442,124100,0.352829,0.43,1,585405,584963,442
147780281,2.14441,0.405345,444,124100,0.366566,0.43,1,585407,584963,444
147783201,2.02888,1.68107,444,124100,0.369313,0.38,1,585409,584965,444
147786121,18.8058,2.73621,464,124100,0.353863,0.36,1,585432,584968,464
147789041,5.36116,21.3472,440,124100,0.342773,0.32,1,585434,584994,440
147791961,15.4722,5.86945,456,124100,0.332555,0.4,1,585452,584996,456
147794881,16.6944,17.1739,453,124100,0.298511,0.29,1,585469,585016,453
147797801,18.5389,13.0348,460,124100,0.291702,0.31,1,585488,585028,460
147800721,10.1078,17.807,449,124100,0.16234,0.35,1,585496,585047,449
147803641,3.62156,13.9614,438,124100,0.160468,0.31,1,585498,585060,438
147806561,13.5243,4.39228,452,124100,0.240094,0.31,1,585514,585062,452
147809481,4.30486,15.2785,436,124100,0.232019,0.31,1,585516,585080,436
147812401,14.461,4.65569,451,124100,0.238404,0.37,1,585533,585082,451
147815321,4.49219,11.3311,440,124100,0.239681,0.36,1,585535,585095,440
147818241,12.8984,4.66623,452,124100,0.239936,0.29,1,585550,585098,452
147821161,62.5797,15.3332,509,124100,0.311987,0.36,1,585625,585116,509
147824081,26.9159,59.0666,457,124100,0.254397,0.29,1,585643,585186,457
147827001,6.98319,25.4133,442,124100,0.210879,0.24,1,585645,585203,442
147829921,12.5966,6.68267,454,124100,0.282176,0.38,1,585659,585205,454
147832841,7.31933,12.5365,446,124100,0.240435,0.4,1,585665,585219,446
147835761,26.2639,11.3073,466,124100,0.272087,0.29,1,585696,585230,466
147838681,10.0528,28.6615,439,124100,0.222417,0.23,1,585702,585263,439
147841601,19.6106,13.7323,451,124100,0.156483,0.18,1,585724,585273,451
147844521,10.3221,12.3465,447,124100,0.303297,0.36,1,585732,585285,447
147847441,6.86442,8.86929,445,124100,0.332659,0.36,1,585738,585293,445
147850361,2.97288,9.77386,437,124100,0.338532,0.37,1,585740,585303,437
147853281,11.7946,3.55477,449,124100,0.331706,0.29,1,585754,585305,449
147856201,5.55892,10.311,441,124100,0.306341,0.28,1,585758,585317,441
147859121,8.31178,6.86219,444,124100,0.277268,0.28,1,585767,585323,444
147862041,3.26236,10.1724,435,124100,0.271454,0.29,1,585769,585334,435
147864961,10.2525,3.63449,445,124100,0.270291,0.26,1,585781,585336,445
147867881,5.25049,6.3269,442,124100,0.238058,0.34,1,585785,585343,442
147870801,9.0501,7.66538,444,124100,0.271612,0.34,1,585795,585351,444
147873721,5.01002,4.73308,444,124100,0.254322,0.37,1,585799,585355,444
147876641,4.202,12.1466,434,124100,0.178864,0.29,1,585803,585369,434
147878641,9.6404,5.62932,441,124100,0.283773,0.19,1,585814,585373,441
147881561,5.12808,9.12586,435,124100,0.256755,0.19,1,585818,585383,435
147884481,2.62562,1.82517,437,124100,0.219351,0.19,1,585820,585383,437
147887401,5.32512,0.365035,443,124100,0.17187,0.3,1,585826,585383,443
147890321,3.46502,4.87301,440,124100,0.290374,0.26,1,585829,585389,440
147893241,6.293,4.1746,443,124100,0.274075,0.31,1,585836,585393,443
147896161,6.0586,4.03492,445,124100,0.278815,0.28,1,585842,585397,445
147897781,2.01172,5.60698,440,124100,0.255763,0.37,1,585843,585403,440
147900701,2.00234,2.7214,440,124100,0.219153,0.37,1,585845,585405,440
147903621,2.00047,2.14428,440,124100,0.251831,0.37,1,585847,585407,440
147906541,2.00009,2.02886,440,124100,0.314366,0.35,1,585849,585409,440
147909461,14.8,18.8058,435,124100,0.286873,0.34,1,585867,585432,435
147912381,4.56,5.36115,435,124100,0.337375,0.33,1,585869,585434,435
147915301,15.312,15.4722,435,124100,0.275475,0.29,1,585887,585452,435
147918221,13.4624,16.6944,431,124100,0.319095,0.29,1,585900,585469,431
147921141,17.8925,18.5389,431,124100,0.343819,0.13,1,585919,585488,431
147924061,11.5785,10.1078,433,124100,0.332764,0.16,1,585929,585496,433
147926981,5.5157,3.62156,435,124100,0.298553,0.26,1,585933,585498,435
147929901,9.10314,13.5243,429,124100,0.291711,0.23,1,585943,585514,429
147932821,9.02063,4.30486,436,124100,0.306342,0.24,1,585952,585516,436
147935741,11.4041,14.461,431,124100,0.325268,0.24,1,585964,585533,431
147938661,8.68083,4.49219,437,124100,0.265054,0.24,1,585972,585535,437
147941581,8.13617,12.8984,430,124100,0.253011,0.33,1,585980,585550,430
147944501,67.2272,62.5797,437,124100,0.338602,0.24,1,586062,585625,437
147947421,27.8454,26.9159,437,124100,0.30772,0.2,1,586080,585643,437
147950341,7.16909,6.98319,437,124100,0.325544,0.3,1,586082,585645,437
147953261,11.0338,12.5966,435,124100,0.329109,0.23,1,586094,585659,435
147956181,8.60676,7.31933,437,124100,0.297822,0.28,1,586102,585665,437
147959101,26.5214,26.2639,437,124100,0.243564,0.21,1,586133,585696,437
147962021,6.90427,10.0528,433,124100,0.232713,0.14,1,586135,585702,433
147964941,22.9809,19.6106,438,124100,0.166543,0.34,1,586162,585724,438
147967861,10.9962,10.3221,438,124100,0.289309,0.34,1,586170,585732,438
147970781,6.99923,6.86442,438,124100,0.313862,0.34,1,586176,585738,438
147973701,2.99985,2.97288,438,124100,0.318772,0.33,1,586178,585740,438
147976621,6.99997,11.7946,432,124100,0.311754,0.3,1,586186,585754,432
147979541,6.19999,5.55892,434,124100,0.310351,0.27,1,586192,585758,434
147982461,10.04,8.31178,436,124100,0.27007,0.27,1,586203,585767,436
147985381,3.608,3.26236,436,124100,0.286014,0.27,1,586205,585769,436
147988301,11.9216,10.2525,438,124100,0.257203,0.23,1,586219,585781,438
147991221,3.98432,5.25049,436,124100,0.227441,0.28,1,586221,585785,436
147994141,9.59686,9.0501,437,124100,0.229488,0.25,1,586232,585795,437
147997061,5.11937,5.01002,437,124100,0.205898,0.16,1,586236,585799,437
147999701,4.22387,4.202,437,124100,0.20918,0.31,1,586240,585803,437
148002621,2.44477,9.6404,428,124100,0.305836,0.25,1,586242,585814,428
148005541,10.089,5.12808,436,124100,0.277167,0.21,1,586254,585818,436
148008461,5.21779,2.62562,438,124100,0.287433,0.16,1,586258,585820,438
148011381,4.24356,5.32512,436,124100,0.233487,0.32,1,586262,585826,436
148014301,2.44871,3.46502,435,124100,0.190697,0.27,1,586264,585829,435
148017221,5.28974,6.293,434,124100,0.230139,0.28,1,586270,585836,434
148020141,9.05795,6.0586,438,124100,0.278028,0.25,1,586280,585842,438
148022581,3.41159,2.01172,439,124100,0.295606,0.26,1,586282,585843,439
148025501,2.28232,3.60234,437,124100,0.267121,0.26,1,586284,585847,437
148028421,2.05646,0.720469,439,124100,0.293424,0.33,1,586286,585847,439
148031341,14.8113,1.74409,455,124100,0.282685,0.28,1,586304,585849,455
148034261,4.56226,14.7488,439,124100,0.280537,0.35,1,586306,585867,439
148037181,15.3125,4.54976,455,124100,0.264107,0.26,1,586324,585869,455
148040101,14.2625,15.31,451,124100,0.268821,0.33,1,586338,585887,451
148043021,17.2525,13.462,456,124100,0.173764,0.35,1,586356,585900,456
148045941,12.2505,17.8924,448,124100,0.202753,0.33,1,586367,585919,448
148048861,4.0501,11.5785,440,124100,0.168551,0.29,1,586369,585929,440
148051781,8.81002,5.5157,446,124100,0.23371,0.29,1,586379,585933,446
148054701,10.562,9.10314,447,124100,0.262742,0.31,1,586390,585943,447
148057621,11.7124,9.02063,450,124100,0.204548,0.33,1,586402,585952,450
148060541,7.14248,11.4041,444,124100,0.13691,0.25,1,586408,585964,444
148063461,7.0285,8.68083,443,124100,0.171382,0.25,1,586415,585972,443
148066381,68.6057,8.13617,519,124100,0.138276,0.36,1,586499,585980,519
148069301,28.1211,67.2272,455,124100,0.203655,0.3,1,586517,586062,455
148072221,7.22423,27.8454,439,124100,0.184731,0.33,1,586519,586080,439
148075141,9.44485,7.16909,447,124100,0.164946,0.33,1,586529,586082,447
148078061,8.28897,11.0338,443,124100,0.192989,0.29,1,586537,586094,443
148080981,23.2578,8.60676,462,124100,0.142598,0.23,1,586564,586102,462
148083901,6.25156,26.5214,433,124100,0.10052,0.23,1,586566,586133,433
148086821,26.8503,6.90427,463,124100,0.140104,0.15,1,586598,586135,463
148089741,11.7701,22.9809,444,124100,0.252021,0.32,1,586606,586162,444
148092661,7.15401,10.9962,442,124100,0.282404,0.32,1,586612,586170,442
148095581,3.0308,6.99923,438,124100,0.280481,0.32,1,586614,586176,438
148098501,6.20616,2.99985,443,124100,0.256096,0.31,1,586621,586178,443
148101421,4.44123,6.99997,439,124100,0.291219,0.31,1,586625,586186,439
148104341,7.28825,6.19999,441,124100,0.234244,0.26,1,586633,586192,441
148107261,6.25765,10.04,436,124100,0.198849,0.29,1,586639,586203,436
148110181,10.8515,3.608,446,124100,0.20777,0.25,1,586651,586205,446
148113101,3.77031,11.9216,434,124100,0.209554,0.22,1,586653,586219,434
148116021,13.5541,3.98432,448,124100,0.193911,0.23,1,586669,586221,448
148118941,5.91081,9.59686,441,124100,0.222782,0.2,1,586673,586232,441
148121861,4.38216,5.11937,441,124100,0.228556,0.21,1,586677,586236,441
148123461,3.27643,4.22387,440,124100,0.213711,0.37,1,586680,586240,440
148126381,2.25529,5.64478,436,124100,0.210742,0.27,1,586682,586246,436
148129301,2.05106,7.52896,430,124100,0.210148,0.29,1,586684,586254,430
148132221,6.81021,4.70579,434,124100,0.27403,0.22,1,586692,586258,434
148134901,5.36204,4.14116,435,124100,0.270806,0.18,1,586697,586262,435
148137821,4.27241,4.02823,435,124100,0.198161,0.24,1,586701,586266,435
148140741,6.45448,4.00565,438,124100,0.255632,0.29,1,586708,586270,438
148143661,9.2909,8.80113,438,124100,0.243126,0.3,1,586718,586280,438
148146581,3.45818,3.36023,438,124100,0.240625,0.26,1,586720,586282,438
148149501,2.29164,2.27205,438,124100,0.232125,0.3,1,586722,586284,438
148151121,1.25833,2.05441,437,124100,0.214425,0.28,1,586723,586286,437
148154041,8.25167,14.8109,429,124100,0.210885,0.28,1,586733,586304,429
148156961,3.25033,4.56218,429,124100,0.242177,0.26,1,586735,586306,429
148159881,18.2501,15.3124,433,124100,0.200435,0.27,1,586757,586324,433
148162801,16.45,14.2625,435,124100,0.272087,0.15,1,586773,586338,435
148165721,13.69,17.2525,430,124100,0.302417,0.21,1,586786,586356,430
148168641,9.138,12.2505,427,124100,0.292483,0.16,1,586794,586367,427
148171561,9.0276,4.0501,434,124100,0.330497,0.25,1,586803,586369,434
148174481,9.80552,8.81002,434,124100,0.226099,0.27,1,586813,586379,434
148177401,8.3611,10.562,431,124100,0.32522,0.19,1,586821,586390,431
148180321,11.2722,11.7124,431,124100,0.265044,0.12,1,586833,586402,431
148183241,5.45444,7.14248,429,124100,0.317009,0.18,1,586837,586408,429
148186161,10.6909,7.0285,434,124100,0.295402,0.13,1,586849,586415,434
148189081,65.3382,68.6057,429,124100,0.31508,0.22,1,586928,586499,429
148192001,28.2676,28.1211,430,124100,0.287016,0.18,1,586947,586517,430
148194921,8.85353,7.22423,432,124100,0.369403,0.16,1,586951,586519,432
148197841,9.77071,9.44485,432,124100,0.281881,0.2,1,586961,586529,432
148200761,6.75414,8.28897,430,124100,0.304376,0.13,1,586967,586537,430
148203681,22.9508,23.2578,430,124100,0.356875,0.09,1,586994,586564,430
148206601,6.19017,6.25156,430,124100,0.335375,0.15,1,586996,586566,430
148209521,30.838,26.8503,435,124100,0.283075,0.28,1,587033,586598,435
148212441,12.5676,11.7701,435,124100,0.184615,0.29,1,587041,586606,435
148214561,7.31352,7.15401,435,124100,0.292923,0.28,1,587047,586612,435
148217481,3.0627,3.0308,435,124100,0.346585,0.28,1,587049,586614,435
148220401,3.81254,0.60616,439,124100,0.333317,0.25,1,587053,586614,439
148223321,3.96251,5.72123,436,124100,0.322663,0.3,1,587057,586621,436
148226241,7.9925,4.34425,441,124100,0.320533,0.22,1,587066,586625,441
148229161,4.7985,7.26885,437,124100,0.288107,0.19,1,587070,586633,437
148232081,12.1597,6.25377,445,124100,0.249621,0.21,1,587084,586639,445
148235001,4.03194,10.8508,435,124100,0.265924,0.21,1,587086,586651,435
148237921,12.0064,3.77015,447,124100,0.285185,0.19,1,587100,586653,447
148240841,5.60128,13.554,435,124100,0.233037,0.23,1,587104,586669,435
148243681,7.52026,5.91081,439,124100,0.238607,0.23,1,587112,586673,439
148246601,4.70405,5.98216,437,124100,0.295722,0.21,1,587116,586679,437
148249521,2.54081,3.59643,436,124100,0.275144,0.21,1,587118,586682,436
148252001,2.10816,2.31929,436,124100,0.271029,0.29,1,587120,586684,436
148254921,6.82163,6.86386,436,124100,0.310206,0.27,1,587128,586692,436
148257841,4.56433,5.37277,435,124100,0.262041,0.18,1,587132,586697,435
148260761,2.51287,4.27455,433,124100,0.220408,0.27,1,587134,586701,433
148263681,6.90257,6.45491,434,124100,0.260082,0.24,1,587142,586708,434
148266601,7.78051,9.29098,432,124100,0.276016,0.24,1,587150,586718,432
148269521,3.1561,3.4582,432,124100,0.247203,0.23,1,587152,586720,432
148271761,2.23122,2.29164,432,124100,0.249441,0.24,1,587154,586722,432
148274681,10.0462,5.25833,438,124100,0.273888,0.21,1,587166,586728,438
148277601,5.20925,5.05167,437,124100,0.246778,0.25,1,587170,586733,437
148280521,2.64185,2.61033,437,124100,0.265356,0.19,1,587172,586735,437
148283441,15.7284,18.1221,434,124100,0.309071,0.29,1,587191,586757,434
148286361,19.1457,16.4244,438,124100,0.349814,0.31,1,587211,586773,438
148289281,15.0291,13.6849,439,124100,0.333963,0.29,1,587225,586786,439
148292201,9.40583,9.13698,439,124100,0.298793,0.34,1,587233,586794,439
148295121,3.48117,9.0274,432,124100,0.315759,0.2,1,587235,586803,432
148298041,12.6962,9.80548,437,124100,0.255152,0.35,1,587250,586813,437
148300961,5.73925,8.3611,433,124100,0.24303,0.25,1,587254,586821,433
148303881,10.7478,11.2722,433,124100,0.296606,0.33,1,587266,586833,433
148306801,8.54957,5.45444,437,124100,0.275321,0.29,1,587274,586837,437
148309721,8.10991,10.6909,433,124100,0.335064,0.32,1,587282,586849,433
148312641,68.822,65.3382,438,124100,0.291013,0.28,1,587366,586928,438
148315561,27.3644,28.2676,436,124100,0.290203,0.39,1,587383,586947,436
148318481,8.67288,8.85353,436,124100,0.258041,0.26,1,587387,586951,436
148321401,12.1346,9.77071,439,124100,0.291608,0.31,1,587400,586961,439
148324321,6.42692,6.75414,438,124100,0.378322,0.37,1,587405,586967,438
148327241,23.6854,22.9508,439,124100,0.339664,0.33,1,587433,586994,439
148330161,6.33708,6.19017,439,124100,0.395933,0.27,1,587435,586996,439
148333081,22.0674,30.838,428,124100,0.415187,0.16,1,587461,587033,428
148336001,18.0135,12.5676,437,124100,0.395037,0.32,1,587478,587041,437
148338921,8.4027,7.31352,437,124100,0.391007,0.36,1,587484,587047,437
148341841,4.88054,3.0627,439,124100,0.390201,0.33,1,587488,587049,439
148343941,2.57611,3.81254,437,124100,0.39004,0.32,1,587490,587053,437
148346861,3.71522,3.96251,437,124100,0.438008,0.32,1,587494,587057,437
148349781,7.14304,7.9925,436,124100,0.431602,0.28,1,587502,587066,436
148352701,3.02861,4.7985,434,124100,0.43832,0.24,1,587504,587070,434
148355621,15.0057,12.1597,438,124100,0.383664,0.27,1,587522,587084,438
148358541,4.60114,4.03194,438,124100,0.340733,0.29,1,587524,587086,438
148361461,8.92023,12.0064,434,124100,0.372147,0.22,1,587534,587100,434
148364381,8.18405,5.60128,438,124100,0.322429,0.24,1,587542,587104,438
148367301,4.83681,7.52026,434,124100,0.392486,0.31,1,587546,587112,434
148370221,5.76736,4.70405,436,124100,0.350497,0.27,1,587552,587116,436
148373061,5.15347,2.54081,439,124100,0.366099,0.28,1,587557,587118,439
148375981,4.23069,5.30816,437,124100,0.40122,0.32,1,587561,587124,437
148378901,3.24614,4.26163,436,124100,0.400244,0.25,1,587564,587128,436
148381821,3.84923,4.05233,436,124100,0.384049,0.21,1,587568,587132,436
148384501,2.36985,2.41047,436,124100,0.35681,0.27,1,587570,587134,436
148387421,5.27397,6.88209,434,124100,0.407362,0.28,1,587576,587142,434
148390341,10.6548,7.77642,438,124100,0.393472,0.24,1,587588,587150,438
148393261,3.73096,3.15528,438,124100,0.358694,0.25,1,587590,587152,438
148395941,9.54619,2.23106,447,124100,0.351739,0.28,1,587601,587154,447
148398861,5.90924,10.0462,440,124100,0.366348,0.24,1,587606,587166,440
148401781,2.78185,5.20924,438,124100,0.36927,0.27,1,587608,587170,438
148404261,5.35637,2.64185,442,124100,0.377854,0.32,1,587614,587172,442
148407181,13.0713,15.7284,438,124100,0.387571,0.36,1,587629,587191,438
148410101,19.4143,19.1457,439,124100,0.421514,0.33,1,587650,587211,439
148413021,15.0829,15.0291,439,124100,0.396303,0.29,1,587664,587225,439
148415941,6.21657,9.40583,435,124100,0.327261,0.32,1,587668,587233,435
148418861,2.84331,3.48117,435,124100,0.281452,0.24,1,587670,587235,435
148421781,15.7687,12.6962,439,124100,0.33629,0.24,1,587689,587250,439
148424701,4.75373,5.73925,437,124100,0.347258,0.31,1,587691,587254,437
148427621,8.95075,10.7478,435,124100,0.269452,0.27,1,587701,587266,435
148430541,11.3901,8.54957,439,124100,0.32589,0.35,1,587713,587274,439
148433461,7.07803,8.10991,437,124100,0.297178,0.28,1,587719,587282,437
148436381,69.4156,68.822,438,124100,0.387436,0.29,1,587804,587366,438
148439301,28.2831,27.3644,439,124100,0.373487,0.25,1,587822,587383,439
148442221,8.85662,8.67288,439,124100,0.322697,0.3,1,587826,587387,439
148445141,12.9713,12.1346,440,124100,0.360539,0.4,1,587840,587400,440
148448061,8.99426,6.42692,443,124100,0.360108,0.33,1,587848,587405,443
148450981,23.3989,23.6854,442,124100,0.352022,0.41,1,587875,587433,442
148453901,6.27977,6.33708,442,124100,0.318404,0.42,1,587877,587435,442
148456821,23.656,22.0674,444,124100,0.215681,0.39,1,587905,587461,444
148459741,15.9312,18.0135,441,124100,0.299136,0.39,1,587919,587478,441
148462661,11.1862,8.4027,445,124100,0.387827,0.39,1,587929,587484,445
148465581,5.43725,4.88054,445,124100,0.405565,0.39,1,587933,587488,445
148468501,4.28745,2.57611,447,124100,0.401113,0.45,1,587937,587490,447
148470821,2.45749,3.71522,445,124100,0.368223,0.43,1,587939,587494,445
148473741,3.6915,7.14304,441,124100,0.409645,0.44,1,587943,587502,441
148476661,2.3383,3.02861,441,124100,0.417929,0.37,1,587945,587504,441
148479581,15.6677,15.0057,442,124100,0.371586,0.33,1,587964,587522,442
148482501,4.73353,4.60114,442,124100,0.330317,0.38,1,587966,587524,442
148485421,7.34671,8.92023,440,124100,0.274063,0.31,1,587974,587534,440
148488341,7.86934,8.18405,440,124100,0.326813,0.41,1,587982,587542,440
148491261,4.77387,4.83681,440,124100,0.305363,0.34,1,587986,587546,440
148494181,7.35477,5.76736,442,124100,0.381072,0.37,1,587994,587552,442
148497101,4.67095,5.15347,441,124100,0.396214,0.41,1,587998,587557,441
148500021,2.53419,4.23069,439,124100,0.359243,0.4,1,588000,587561,439
148502941,3.70684,3.24614,440,124100,0.327849,0.38,1,588004,587564,440
148505861,7.14137,3.84923,444,124100,0.33757,0.35,1,588012,587568,444
148508261,3.02827,2.36985,444,124100,0.331514,0.42,1,588014,587570,444
148511181,3.80565,5.27397,442,124100,0.322303,0.39,1,588018,587576,442
148514101,7.96113,10.6548,439,124100,0.368461,0.35,1,588027,587588,439
148517021,3.19223,3.73096,439,124100,0.385692,0.35,1,588029,587590,439
148519941,10.2384,9.54619,440,124100,0.405138,0.37,1,588041,587601,440
148522861,7.64769,5.90924,442,124100,0.377028,0.37,1,588048,587606,442
148525781,3.12954,2.78185,442,124100,0.371406,0.38,1,588050,587608,442
148528701,10.2259,5.35637,448,124100,0.354281,0.39,1,588062,587614,448
148531621,22.8452,13.0713,459,124100,0.366856,0.43,1,588088,587629,459
148534541,12.569,19.4143,448,124100,0.345371,0.39,1,588098,587650,448
148537461,10.5138,15.0829,444,124100,0.261074,0.31,1,588108,587664,444
148540381,3.70276,6.21657,442,124100,0.316215,0.27,1,588110,587668,442
148542581,3.94055,2.84331,444,124100,0.255243,0.35,1,588114,587670,444
148545501,8.78811,15.7687,435,124100,0.331049,0.35,1,588124,587689,435
148548421,3.35762,4.75373,435,124100,0.33821,0.25,1,588126,587691,435
148550901,12.6715,8.95075,440,124100,0.299642,0.34,1,588141,587701,440
148553821,11.3343,11.3901,439,124100,0.323928,0.29,1,588152,587713,439
148556741,8.66686,7.07803,441,124100,0.248786,0.41,1,588160,587719,441
148559661,70.5334,69.4156,442,124100,0.209757,0.37,1,588246,587804,442
148562581,29.3067,28.2831,443,124100,0.289951,0.31,1,588265,587822,443
148565501,7.46133,8.85662,441,124100,0.30599,0.37,1,588267,587826,441
148568421,12.6923,12.9713,441,124100,0.309198,0.36,1,588281,587840,441
148571341,10.5385,8.99426,443,124100,0.25384,0.35,1,588291,587848,443
148574261,14.9077,23.3989,432,124100,0.314768,0.31,1,588307,587875,432
148577181,12.5815,6.27977,442,124100,0.286954,0.19,1,588319,587877,442
148580101,20.9163,23.656,437,124100,0.249391,0.32,1,588342,587905,437
148583021,20.1833,15.9312,443,124100,0.225878,0.41,1,588362,587919,443
148585941,12.0367,11.1862,443,124100,0.221176,0.41,1,588372,587929,443
148588861,5.60733,5.43725,443,124100,0.308235,0.4,1,588376,587933,443
148591781,4.32147,4.28745,443,124100,0.301647,0.36,1,588380,587937,443
148594581,2.46429,2.45749,443,124100,0.268329,0.42,1,588382,587939,443
148597501,3.69286,3.6915,443,124100,0.261666,0.42,1,588386,587943,443
148600421,2.33857,2.3383,443,124100,0.364333,0.36,1,588388,587945,443
148603341,9.26771,15.6677,435,124100,0.376867,0.32,1,588399,587964,435
148606261,6.65354,4.73353,439,124100,0.347373,0.26,1,588405,587966,439
148609181,6.13071,7.34671,437,124100,0.269475,0.34,1,588411,587974,437
148612101,11.6261,7.86934,442,124100,0.309895,0.3,1,588424,587982,442
148615021,5.52523,4.77387,442,124100,0.285979,0.4,1,588428,587986,442
148617941,4.30505,7.35477,438,124100,0.249196,0.4,1,588432,587994,438
148620861,6.46101,4.67095,441,124100,0.329839,0.35,1,588439,587998,441
148623701,2.8922,2.53419,441,124100,0.337968,0.32,1,588441,588000,441
148626621,3.77844,3.70684,441,124100,0.315594,0.34,1,588445,588004,441
148629541,3.95569,7.14137,437,124100,0.255119,0.33,1,588449,588012,437
148632021,3.19114,3.02827,438,124100,0.251024,0.32,1,588452,588014,438
148634941,6.23823,3.80565,441,124100,0.314205,0.38,1,588459,588018,441
148637861,9.24765,7.96113,442,124100,0.334841,0.39,1,588469,588027,442
148640781,3.44953,3.19223,442,124100,0.362968,0.41,1,588471,588029,442
148643701,8.68991,10.2384,440,124100,0.280594,0.37,1,588481,588041,440
148646621,6.53798,7.64769,439,124100,0.328119,0.37,1,588487,588048,439
148648661,6.1076,3.12954,443,124100,0.329624,0.35,1,588493,588050,443
148651581,7.62152,10.2259,439,124100,0.273925,0.37,1,588501,588062,439
148654501,20.7243,22.8452,437,124100,0.326785,0.34,1,588525,588088,437
148657421,8.94486,12.569,433,124100,0.361357,0.24,1,588531,588098,433
148660341,10.589,10.5138,434,124100,0.400271,0.33,1,588542,588108,434
148663261,7.71779,3.70276,439,124100,0.328054,0.24,1,588549,588110,439
148664881,3.94356,3.94055,438,124100,0.353611,0.22,1,588552,588114,438
148667801,5.58871,3.18811,441,124100,0.350722,0.35,1,588558,588117,441
148670721,2.71774,6.23762,436,124100,0.406144,0.34,1,588560,588124,436
148673641,15.7435,2.84752,453,124100,0.329229,0.33,1,588579,588126,453
148676561,7.14871,21.3695,432,124100,0.241846,0.23,1,588584,588152,432
148679481,11.8297,10.6739,437,124100,0.352369,0.2,1,588597,588160,437
148682401,71.166,70.9348,437,124100,0.302474,0.31,1,588683,588246,437
148685321,25.4332,29.387,432,124100,0.396495,0.31,1,588697,588265,432
148688241,6.68664,7.47739,432,124100,0.383299,0.31,1,588699,588267,432
148691161,14.1373,12.6955,434,124100,0.34066,0.24,1,588715,588281,434
148694081,13.2275,10.5391,437,124100,0.380132,0.33,1,588728,588291,437
148697001,15.4455,14.9078,437,124100,0.228026,0.28,1,588744,588307,437
148699921,14.2891,12.5816,439,124100,0.293605,0.24,1,588758,588319,439
148702841,16.4578,20.9163,433,124100,0.282721,0.22,1,588775,588342,433
148705761,19.2916,20.1833,433,124100,0.224544,0.22,1,588795,588362,433
148708681,13.4583,12.0367,435,124100,0.204909,0.33,1,588807,588372,435
148711601,7.49166,5.60733,437,124100,0.232982,0.3,1,588813,588376,437
148714521,6.29833,4.32147,439,124100,0.294596,0.26,1,588819,588380,439
148717441,2.85967,2.46429,439,124100,0.306919,0.26,1,588821,588382,439
148720361,3.77193,3.69286,439,124100,0.285384,0.39,1,588825,588386,439
148723281,2.35439,2.33857,439,124100,0.281077,0.38,1,588827,588388,439
148726201,5.27088,9.26771,434,124100,0.288215,0.34,1,588833,588399,434
148729121,4.25418,6.65354,432,124100,0.305643,0.25,1,588837,588405,432
148732041,10.4508,6.13071,438,124100,0.301129,0.32,1,588849,588411,438
148734961,8.49017,11.6261,433,124100,0.212226,0.28,1,588857,588424,433
148737881,9.69803,5.52523,439,124100,0.274445,0.24,1,588867,588428,439
148740801,5.13961,4.30505,439,124100,0.254889,0.35,1,588871,588432,439
148743721,2.62792,6.46101,434,124100,0.274978,0.34,1,588873,588439,434
148746001,2.12558,2.8922,434,124100,0.246996,0.26,1,588875,588441,434
148748921,8.42512,6.17844,437,124100,0.313399,0.26,1,588885,588448,437
148751841,3.28502,1.23569,439,124100,0.32668,0.24,1,588887,588448,439
148754761,2.257,1.04714,440,124100,0.337336,0.33,1,588889,588449,440
148757681,7.6514,8.20943,439,124100,0.339467,0.34,1,588898,588459,439
148760601,6.33028,9.64189,435,124100,0.315893,0.37,1,588904,588469,435
148763521,2.86606,3.52838,435,124100,0.279179,0.26,1,588906,588471,435
148766441,11.7732,8.70568,439,124100,0.239836,0.34,1,588920,588481,439
148769361,5.55464,6.54114,437,124100,0.255967,0.33,1,588924,588487,437
148772281,4.31093,6.10823,435,124100,0.227193,0.26,1,588928,588493,435
148775201,10.4622,7.62165,439,124100,0.301439,0.34,1,588940,588501,439
148778121,22.8924,20.7243,441,124100,0.156288,0.37,1,588966,588525,441
148781041,9.37849,8.94487,441,124100,0.279258,0.41,1,588972,588531,441
148783961,9.8757,10.589,440,124100,0.279852,0.31,1,588982,588542,440
148786881,9.97514,7.71779,443,124100,0.27997,0.36,1,588992,588549,443
148789801,8.39503,3.94356,448,124100,0.183994,0.35,1,589000,588552,448
148792181,3.27901,5.58871,444,124100,0.132799,0.44,1,589002,588558,444
148795101,8.6558,4.31774,450,124100,0.25056,0.31,1,589012,588562,450
148798021,9.73116,14.4635,443,124100,0.218112,0.22,1,589022,588579,443
148800941,9.94623,6.89271,448,124100,0.147622,0.38,1,589032,588584,448
148803861,69.9892,11.7785,520,124100,0.237524,0.29,1,589117,588597,520
148806781,27.5978,71.1557,451,124100,0.175505,0.42,1,589134,588683,451
148809701,7.11957,25.4311,439,124100,0.171101,0.38,1,589136,588697,439
148812621,15.8239,6.68623,455,124100,0.25022,0.33,1,589154,588699,455
148815541,7.96478,14.1372,445,124100,0.242044,0.39,1,589160,588715,445
148818461,15.193,13.2274,449,124100,0.288409,0.19,1,589177,588728,449
148821381,15.0386,15.4455,448,124100,0.257682,0.31,1,589192,588744,448
148824301,17.4077,14.2891,452,124100,0.243536,0.28,1,589210,588758,452
148827221,16.2815,16.4578,451,124100,0.288707,0.21,1,589226,588775,451
148830141,17.6563,19.2916,449,124100,0.225741,0.2,1,589244,588795,449
148833061,6.73126,13.4583,441,124100,0.261148,0.24,1,589248,588807,441
148835981,4.54625,7.49166,439,124100,0.20423,0.31,1,589252,588813,439
148838901,2.50925,6.29833,435,124100,0.280846,0.31,1,589254,588819,435
148841681,3.70185,2.85967,437,124100,0.304169,0.26,1,589258,588821,437
148844601,6.34037,6.17193,437,124100,0.260834,0.26,1,589265,588828,437
148847521,6.06807,1.23439,443,124100,0.276167,0.29,1,589271,588828,443
148850441,2.81361,4.24688,440,124100,0.247233,0.31,1,589273,588833,440
148853361,4.56272,4.04938,441,124100,0.249447,0.3,1,589278,588837,441
148856281,12.1125,10.4099,443,124100,0.225889,0.19,1,589292,588849,443
148859201,8.82251,8.48198,443,124100,0.189178,0.29,1,589300,588857,443
148862121,8.1645,9.69639,441,124100,0.0858356,0.25,1,589308,588867,441
148865041,3.2329,5.13928,439,124100,0.249167,0.28,1,589310,588871,439
148867961,2.24658,2.62786,439,124100,0.281833,0.24,1,589312,588873,439
148870881,3.64932,2.12557,441,124100,0.264367,0.33,1,589316,588875,441
148873801,3.12986,8.42511,434,124100,0.244873,0.33,1,589319,588885,434
148876721,6.22597,3.28502,439,124100,0.248975,0.34,1,589326,588887,439
148878501,3.64519,2.257,440,124100,0.249795,0.34,1,589329,588889,440
148881421,5.52904,7.6514,437,124100,0.201959,0.31,1,589335,588898,437
148884341,5.90581,6.33028,437,124100,0.280392,0.27,1,589341,588904,437
148886821,2.78116,2.86606,437,124100,0.264078,0.23,1,589343,588906,437
148889741,6.95623,11.7732,431,124100,0.284816,0.26,1,589351,588920,431
148892661,7.79125,5.55464,435,124100,0.312963,0.22,1,589359,588924,435
148895141,7.95825,4.31093,439,124100,0.238593,0.32,1,589367,588928,439
148898061,7.99165,10.4622,435,124100,0.263719,0.12,1,589375,588940,435
148900981,23.1983,22.8924,436,124100,0.212744,0.31,1,589402,588966,436
148903901,9.43967,9.37849,436,124100,0.258549,0.28,1,589408,588972,436
148906821,9.88793,9.8757,436,124100,0.28371,0.28,1,589418,588982,436
148909741,3.57759,9.97514,428,124100,0.288742,0.16,1,589420,588992,428
148912661,13.5155,8.39503,436,124100,0.249748,0.12,1,589436,589000,436
148915581,4.3031,3.27901,436,124100,0.26595,0.28,1,589438,589002,436
148917601,4.86062,8.6558,431,124100,0.22919,0.26,1,589443,589012,431
148920521,5.77212,5.73116,432,124100,0.221838,0.21,1,589449,589017,432
148923441,13.1544,5.14623,442,124100,0.252368,0.13,1,589464,589022,442
148926361,70.6309,9.02925,517,124100,0.290474,0.26,1,589549,589032,517
148929281,30.1262,69.8058,452,124100,0.290095,0.16,1,589569,589117,452
148932201,7.62523,27.5612,437,124100,0.258019,0.17,1,589571,589134,437
148935121,11.125,7.11223,447,124100,0.307604,0.27,1,589583,589136,447
148938041,12.625,15.8224,442,124100,0.261521,0.24,1,589596,589154,442
148940961,10.525,7.96449,446,124100,0.212304,0.3,1,589606,589160,446
148943881,17.305,15.1929,448,124100,0.210461,0.25,1,589625,589177,448
148946801,19.461,15.0386,453,124100,0.298092,0.24,1,589645,589192,453
148949721,17.4922,17.4077,452,124100,0.307618,0.3,1,589662,589210,452
148952641,17.8984,16.2815,454,124100,0.293524,0.21,1,589680,589226,454
148955561,6.77969,17.6563,440,124100,0.290705,0.27,1,589684,589244,440
148958161,4.55594,6.73126,440,124100,0.226141,0.31,1,589688,589248,440
148961081,4.11119,7.74625,436,124100,0.213228,0.31,1,589692,589256,436
148964001,2.42224,1.54925,438,124100,0.218646,0.31,1,589694,589256,438
148966921,2.08445,1.90985,438,124100,0.219729,0.25,1,589696,589258,438
148969841,8.41689,5.98197,441,124100,0.307946,0.28,1,589706,589265,441
148972721,3.28338,5.99639,437,124100,0.317589,0.25,1,589708,589271,437
148975641,3.85668,6.79928,434,124100,0.247518,0.25,1,589712,589278,434
148978561,7.17134,1.35986,442,124100,0.345504,0.22,1,589720,589278,442
148981481,13.4343,11.472,443,124100,0.285101,0.18,1,589735,589292,443
148984401,5.88685,8.69439,439,124100,0.24102,0.06,1,589739,589300,439
148987321,2.77737,8.13888,433,124100,0.208204,0.29,1,589741,589308,433
148989361,2.15547,3.22778,433,124100,0.169641,0.25,1,589743,589310,433
148992281,6.83109,6.24556,434,124100,0.305928,0.25,1,589751,589317,434
148995201,2.96622,1.24911,436,124100,0.333186,0.24,1,589753,589317,436
148998121,2.19324,1.84982,436,124100,0.330637,0.25,1,589755,589319,436
149001041,8.43865,5.96996,439,124100,0.330127,0.25,1,589765,589326,439
149003961,3.28773,3.59399,438,124100,0.330025,0.19,1,589767,589329,438
149006881,8.65755,5.5188,442,124100,0.338005,0.3,1,589777,589335,442
149009801,3.33151,5.90376,438,124100,0.347601,0.29,1,589779,589341,438
149012241,7.0663,9.18075,436,124100,0.31752,0.32,1,589787,589351,436
149015161,4.61326,5.03615,436,124100,0.351504,0.32,1,589791,589355,436
149018081,9.72265,4.20723,443,124100,0.374301,0.27,1,589802,589359,443
149021001,9.94453,13.6414,437,124100,0.26686,0.2,1,589812,589375,437
149023921,21.1889,24.3283,434,124100,0.237372,0.27,1,589836,589402,434
149026841,10.6378,9.66566,436,124100,0.263474,0.29,1,589844,589408,436
149029761,10.1276,9.93313,436,124100,0.340695,0.29,1,589854,589418,436
149032681,3.62551,3.58663,436,124100,0.356139,0.24,1,589856,589420,436
149035601,10.3251,13.5173,432,124100,0.351228,0.27,1,589868,589436,432
149038521,3.66502,4.30346,432,124100,0.350246,0.22,1,589870,589438,432
149041441,8.733,4.86069,437,124100,0.350049,0.22,1,589880,589443,437
149044361,3.3466,5.77214,433,124100,0.35001,0.26,1,589882,589449,433
149047281,10.2693,13.1544,430,124100,0.358002,0.3,1,589894,589464,430
149050201,72.4539,70.6309,433,124100,0.3356,0.29,1,589982,589549,433
149053121,33.6908,30.1262,437,124100,0.30712,0.25,1,590006,589569,437
149056041,9.93815,7.62523,439,124100,0.309424,0.32,1,590010,589571,439
149058961,8.38763,11.125,435,124100,0.317885,0.25,1,590018,589583,435
149061881,9.67753,12.625,432,124100,0.311577,0.2,1,590028,589596,432
149064801,15.5355,10.525,439,124100,0.206315,0.21,1,590045,589606,439
149067721,11.9071,17.305,431,124100,0.297263,0.32,1,590056,589625,431
149070641,22.3814,19.461,436,124100,0.235453,0.31,1,590081,589645,436
149073561,16.4763,17.4922,434,124100,0.207091,0.29,1,590096,589662,434
149076481,16.8953,17.8984,433,124100,0.153418,0.29,1,590113,589680,433
149079401,6.57905,6.77969,433,124100,0.238684,0.21,1,590117,589684,433
149081301,10.1158,4.55594,440,124100,0.295737,0.21,1,590128,589688,440
149084221,3.62316,4.11119,438,124100,0.299147,0.22,1,590130,589692,438
149087141,2.32463,2.42224,438,124100,0.267829,0.22,1,590132,589694,438
149089201,2.06493,2.08445,438,124100,0.229566,0.37,1,590134,589696,438
149092121,8.41299,6.81689,440,124100,0.261913,0.33,1,590144,589704,440
149095041,3.2826,2.96338,440,124100,0.268383,0.32,1,590146,589706,440
149097521,3.85652,2.19268,442,124100,0.237677,0.37,1,590150,589708,442
149100441,4.7713,8.43854,437,124100,0.223535,0.37,1,590155,589718,437
149103361,14.5543,3.28771,452,124100,0.204707,0.27,1,590172,589720,452
149106281,6.91085,12.6575,442,124100,0.120941,0.23,1,590177,589735,442
149109201,3.78217,5.73151,441,124100,0.136188,0.2,1,590180,589739,441
149112121,2.35643,2.7463,441,124100,0.107238,0.34,1,590182,589741,441
149115041,6.87129,8.54926,439,124100,0.197448,0.34,1,590190,589751,439
149117961,2.97426,3.30985,439,124100,0.263489,0.33,1,590192,589753,439
149120401,2.19485,2.26197,439,124100,0.276698,0.37,1,590194,589755,439
149123321,8.43897,6.85239,441,124100,0.25534,0.33,1,590204,589763,441
149126241,3.28779,2.97048,441,124100,0.235068,0.33,1,590206,589765,441
149129161,7.05756,2.1941,447,124100,0.223014,0.34,1,590214,589767,447
149132081,3.01151,8.43882,439,124100,0.228603,0.35,1,590216,589777,439
149135001,8.6023,3.28776,447,124100,0.229721,0.36,1,590226,589779,447
149137921,4.92046,10.2576,439,124100,0.205944,0.38,1,590230,589791,439
149140841,5.78409,10.8515,434,124100,0.249189,0.24,1,590236,589802,434
149143761,10.7568,10.1703,436,124100,0.273838,0.23,1,590248,589812,436
149146681,24.5514,21.2341,440,124100,0.126768,0.27,1,590276,589836,440
149149601,11.3103,10.6468,440,124100,0.185354,0.36,1,590284,589844,440
149152521,5.46205,10.1294,434,124100,0.173071,0.36,1,590288,589854,434
149155441,2.69241,3.62587,434,124100,0.178614,0.35,1,590290,589856,434
149158361,14.9385,10.3252,440,124100,0.139723,0.35,1,590308,589868,440
149161281,4.5877,3.66503,440,124100,0.131945,0.35,1,590310,589870,440
149164201,5.71754,8.73301,436,124100,0.0983889,0.35,1,590316,589880,436
149167121,5.94351,3.3466,440,124100,0.203678,0.36,1,590322,589882,440
149170041,5.9887,10.2693,434,124100,0.216736,0.33,1,590328,589894,434
149172961,73.9977,72.4539,437,124100,0.291347,0.3,1,590419,589982,437
149175881,31.5995,33.6908,434,124100,0.202269,0.31,1,590440,590006,434
149178801,9.51991,9.93815,434,124100,0.208454,0.32,1,590444,590010,434
149180721,9.10398,8.38763,435,124100,0.249691,0.29,1,590453,590018,435
149183641,7.4208,4.07753,439,124100,0.249938,0.31,1,590460,590021,439
149186561,17.4842,6.41551,452,124100,0.209988,0.18,1,590480,590028,452
149189481,12.2968,14.8831,446,124100,0.217998,0.32,1,590491,590045,446
149192401,21.6594,11.7766,459,124100,0.2436,0.22,1,590515,590056,459
149195321,15.5319,22.3553,448,124100,0.28072,0.2,1,590529,590081,448
149198241,14.3064,16.4711,447,124100,0.336144,0.14,1,590543,590096,447
149201161,10.0613,16.8942,439,124100,0.267229,0.26,1,590552,590113,439
149204081,7.61225,6.57884,442,124100,0.165446,0.3,1,590559,590117,442
149207001,7.12245,11.7158,436,124100,0.321089,0.26,1,590566,590130,436
149209841,3.02449,3.94315,436,124100,0.352218,0.21,1,590568,590132,436
149212761,2.2049,3.18863,435,124100,0.358444,0.27,1,590570,590135,435
149215681,5.24098,7.83773,432,124100,0.263689,0.27,1,590576,590144,432
149218601,2.6482,3.16755,432,124100,0.244738,0.23,1,590578,590146,432
149220241,6.12964,3.83351,435,124100,0.344948,0.22,1,590585,590150,435
149223161,5.22593,4.7667,435,124100,0.34899,0.2,1,590590,590155,435
149226081,8.24519,14.5533,427,124100,0.301798,0.1,1,590599,590172,427
149229001,10.449,6.91067,433,124100,0.26836,0.14,1,590610,590177,433
149230641,2.88981,3.78213,431,124100,0.245672,0.12,1,590611,590180,431
149233561,3.77796,1.55643,434,124100,0.177134,0.1,1,590615,590181,434
149236481,4.75559,1.11129,438,124100,0.211427,0.22,1,590620,590182,438
149239401,4.95112,6.62226,435,124100,0.306285,0.28,1,590625,590190,435
149242321,2.59022,2.92445,435,124100,0.333257,0.28,1,590627,590192,435
149244581,8.51804,2.18489,443,124100,0.306651,0.25,1,590637,590194,443
149247501,3.30361,8.43698,435,124100,0.35733,0.23,1,590639,590204,435
149250421,7.06072,3.2874,441,124100,0.255466,0.22,1,590647,590206,441
149253341,3.01214,7.05748,435,124100,0.243093,0.23,1,590649,590214,435
149256261,9.40243,3.0115,444,124100,0.344619,0.23,1,590660,590216,444
149258101,3.48049,8.6023,436,124100,0.332924,0.2,1,590662,590226,436
149261021,3.0961,4.92046,435,124100,0.322585,0.26,1,590665,590230,435
149263941,5.41922,5.78409,435,124100,0.376517,0.28,1,590671,590236,435
149266861,9.08384,10.7568,433,124100,0.395303,0.09,1,590681,590248,433
149269781,21.8168,24.5514,430,124100,0.327061,0.2,1,590706,590276,430
149272701,12.3634,11.3103,432,124100,0.337412,0.17,1,590716,590284,432
149275621,5.67267,5.46205,432,124100,0.339482,0.18,1,590720,590288,432
149277441,1.93453,2.69241,431,124100,0.363896,0.27,1,590721,590290,431
149280361,13.9869,1.33848,447,124100,0.352779,0.13,1,590738,590291,447
149283281,6.79738,13.8677,435,124100,0.342556,0.13,1,590743,590308,435
149285761,6.15948,4.37354,439,124100,0.284511,0.27,1,590749,590310,439
149288681,4.4319,7.27471,435,124100,0.296902,0.23,1,590753,590318,435
149291601,5.68638,4.65494,437,124100,0.31538,0.22,1,590759,590322,437
149294521,77.1373,5.73099,526,124100,0.319076,0.31,1,590854,590328,526
149297441,31.4275,73.9462,455,124100,0.327815,0.18,1,590874,590419,455
149300361,9.48549,31.5892,438,124100,0.393563,0.21,1,590878,590440,438
149303281,9.8971,9.51785,444,124100,0.342713,0.26,1,590888,590444,444
149306201,9.17942,9.10357,444,124100,0.380543,0.25,1,590897,590453,444
149309121,13.0359,7.42071,451,124100,0.396109,0.2,1,590911,590460,451
149312041,9.80718,17.4841,440,124100,0.311222,0.22,1,590920,590480,440
149314961,26.7614,12.2968,460,124100,0.246244,0.25,1,590951,590491,460
149317881,18.1523,21.6594,452,124100,0.337249,0.29,1,590967,590515,452
149320801,10.0305,15.5319,446,124100,0.30745,0.35,1,590975,590529,446
149323721,14.8061,14.3064,448,124100,0.34149,0.25,1,590991,590543,448
149326641,7.76122,10.0613,445,124100,0.252298,0.14,1,590997,590552,445
149329561,3.15224,7.61225,440,124100,0.20246,0.36,1,590999,590559,440
149331521,1.43045,7.12245,434,124100,0.184492,0.3,1,591000,590566,434
149334441,9.88609,7.02449,439,124100,0.348898,0.3,1,591012,590573,439
149337361,3.57722,1.4049,441,124100,0.39778,0.24,1,591014,590573,441
149340281,2.31544,2.68098,440,124100,0.375556,0.24,1,591016,590576,440
149343201,3.66309,2.1362,442,124100,0.339111,0.35,1,591020,590578,442
149346121,7.93262,10.0272,439,124100,0.387822,0.29,1,591029,590590,439
149349041,4.78652,9.20545,434,124100,0.445564,0.26,1,591033,590599,434
149351961,8.9573,10.6411,433,124100,0.361113,0.24,1,591043,590610,433
149354881,8.99146,2.92822,441,124100,0.336223,0.16,1,591052,590611,441
149356481,2.59829,3.78564,438,124100,0.315245,0.26,1,591053,590615,438
149359401,5.31966,5.55713,438,124100,0.343049,0.33,1,591059,590621,438
149362321,2.66393,4.31143,436,124100,0.31661,0.34,1,591061,590625,436
149365241,2.13279,2.46229,436,124100,0.311322,0.3,1,591063,590627,436
149368161,6.82656,8.49246,434,124100,0.390264,0.37,1,591071,590637,434
149371081,4.56531,3.29849,436,124100,0.422053,0.23,1,591075,590639,436
149374001,10.5131,7.0597,440,124100,0.396411,0.24,1,591087,590647,440
149376921,3.70261,3.01194,440,124100,0.359282,0.37,1,591089,590649,440
149379841,10.3405,9.40239,441,124100,0.383856,0.33,1,591101,590660,441
149382761,5.2681,3.48048,443,124100,0.412771,0.32,1,591105,590662,443
149384981,3.45362,3.0961,443,124100,0.378554,0.39,1,591108,590665,443
149387901,4.69072,5.41922,442,124100,0.355711,0.4,1,591113,590671,442
149390821,5.73814,9.08384,438,124100,0.423142,0.31,1,591119,590681,438
149393741,22.7476,21.8168,440,124100,0.388628,0.34,1,591146,590706,440
149396661,12.5495,12.3634,440,124100,0.397726,0.34,1,591156,590716,440
149399581,7.30991,5.67267,442,124100,0.423545,0.37,1,591162,590720,442
149401621,9.46198,1.93453,451,124100,0.348709,0.35,1,591172,590721,451
149404541,8.2924,13.9869,442,124100,0.405742,0.34,1,591180,590738,442
149407461,6.45848,6.79738,443,124100,0.401148,0.27,1,591186,590743,443
149410381,2.8917,6.15948,439,124100,0.36823,0.3,1,591188,590749,439
149413301,9.37834,4.4319,446,124100,0.425646,0.32,1,591199,590753,446
149415141,2.67567,5.68638,441,124100,0.421129,0.32,1,591200,590759,441
149418061,76.5351,77.1373,441,124100,0.380226,0.33,1,591295,590854,441
149420981,31.307,31.4275,441,124100,0.412045,0.41,1,591315,590874,441
149423901,7.8614,9.48549,439,124100,0.426409,0.33,1,591317,590878,439
149426821,11.1723,9.8971,441,124100,0.389282,0.39,1,591329,590888,441
149429741,8.63446,9.17942,440,124100,0.413856,0.4,1,591337,590897,440
149432661,11.3269,13.0359,438,124100,0.442771,0.29,1,591349,590911,438
149435581,8.66538,9.80718,437,124100,0.448554,0.23,1,591357,590920,437
149438501,30.5331,26.7614,442,124100,0.449711,0.36,1,591393,590951,442
149441421,20.5066,18.1523,444,124100,0.401942,0.3,1,591411,590967,444
149444341,8.90132,10.0305,442,124100,0.424388,0.35,1,591417,590975,442
149447261,8.18026,14.8061,434,124100,0.364878,0.23,1,591425,590991,434
149450181,14.4361,7.76122,444,124100,0.320976,0.19,1,591441,590997,444
149452581,4.48721,3.15224,444,124100,0.280195,0.45,1,591443,590999,444
149455501,2.49744,3.03045,443,124100,0.392039,0.39,1,591445,591002,443
149458421,10.0995,8.60609,445,124100,0.414408,0.41,1,591457,591012,445
149461341,3.6199,3.32122,445,124100,0.418882,0.37,1,591459,591014,445
149464021,4.72398,2.26424,448,124100,0.427776,0.48,1,591464,591016,448
149466941,3.3448,5.25285,445,124100,0.373555,0.4,1,591467,591022,445
149469861,2.26896,6.65057,440,124100,0.394711,0.46,1,591469,591029,440
149472781,3.65379,4.53011,440,124100,0.398942,0.34,1,591473,591033,440
149475701,7.13076,8.90602,438,124100,0.407788,0.33,1,591481,591043,438
149478621,7.82615,8.9812,437,124100,0.345558,0.31,1,591489,591052,437
149481541,10.3652,2.59624,447,124100,0.381112,0.35,1,591500,591053,447
149484461,3.67305,5.31925,443,124100,0.356222,0.31,1,591502,591059,443
149486901,3.93461,2.66385,445,124100,0.327244,0.5,1,591506,591061,445
149489821,3.98692,2.93277,446,124100,0.249449,0.41,1,591510,591064,446
149492741,5.59738,6.18655,445,124100,0.20989,0.43,1,591516,591071,445
149495661,10.7195,4.43731,453,124100,0.281978,0.39,1,591528,591075,453
149498581,3.7439,10.4875,443,124100,0.296396,0.35,1,591530,591087,443
149501501,8.74878,3.69749,451,124100,0.267279,0.39,1,591540,591089,451
149504421,5.74976,10.3395,444,124100,0.333456,0.42,1,591545,591101,444
149507281,5.94995,5.2679,446,124100,0.346691,0.35,1,591551,591105,446
149510201,6.78999,7.45358,445,124100,0.333338,0.35,1,591558,591113,445
149513121,6.158,1.49072,451,124100,0.306668,0.44,1,591564,591113,451
149516041,20.4316,5.09814,469,124100,0.333334,0.38,1,591588,591119,469
149518961,10.4863,22.6196,450,124100,0.274667,0.4,1,591596,591146,450
149521881,6.09726,12.5239,445,124100,0.334933,0.43,1,591601,591156,445
149524801,12.4195,7.30479,453,124100,0.322987,0.42,1,591615,591162,453
149527721,5.68389,15.861,439,124100,0.296597,0.4,1,591619,591180,439
149530641,7.53678,7.97219,441,124100,0.379319,0.36,1,591627,591186,441
149533561,4.70736,3.19444,443,124100,0.363864,0.44,1,591631,591188,443
149536481,5.74147,9.43889,438,124100,0.360773,0.42,1,591637,591199,438
149539401,83.5483,2.68778,540,124100,0.408155,0.37,1,591740,591200,540
149542321,29.5097,76.5376,461,124100,0.329631,0.42,1,591756,591295,461
149545241,7.50193,31.3075,443,124100,0.393926,0.43,1,591758,591315,443
149548161,12.7004,7.8615,455,124100,0.414785,0.38,1,591772,591317,455
149551081,10.5401,11.1723,453,124100,0.394957,0.42,1,591782,591329,453
149554001,11.708,8.63446,457,124100,0.382991,0.45,1,591794,591337,457
149556921,7.1416,11.3269,451,124100,0.396598,0.45,1,591800,591349,451
149559841,25.4283,8.66538,473,124100,0.36732,0.45,1,591830,591357,473
149562761,20.2857,30.5331,456,124100,0.369464,0.39,1,591849,591393,456
149565681,8.85713,20.5066,444,124100,0.377893,0.43,1,591855,591411,444
149568601,9.77143,8.90132,448,124100,0.435579,0.35,1,591865,591417,448
149571521,13.9543,8.18026,455,124100,0.407116,0.31,1,591880,591425,455
149574441,4.39086,14.4361,441,124100,0.369423,0.27,1,591882,591441,441
149577361,4.07817,4.48721,443,124100,0.289885,0.42,1,591886,591443,443
149579461,4.81563,2.49744,446,124100,0.441977,0.42,1,591891,591445,446
149582381,6.56313,10.0995,441,124100,0.432395,0.42,1,591898,591457,441
149585301,2.91263,3.6199,441,124100,0.430479,0.43,1,591900,591459,441
149588221,6.18252,4.72398,443,124100,0.414096,0.36,1,591907,591464,443
149591141,2.8365,3.3448,442,124100,0.458819,0.4,1,591909,591467,442
149592981,2.9673,2.26896,443,124100,0.451764,0.45,1,591912,591469,443
149595901,2.19346,5.25379,439,124100,0.458353,0.41,1,591914,591475,439
149598821,6.83869,5.85076,441,124100,0.459671,0.33,1,591922,591481,441
149601741,7.76774,7.57015,441,124100,0.451934,0.39,1,591930,591489,441
149604661,4.75355,10.314,434,124100,0.418387,0.35,1,591934,591500,434
149607581,2.55071,3.66281,434,124100,0.379677,0.32,1,591936,591502,434
149609201,1.31014,3.93256,431,124100,0.355935,0.23,1,591937,591506,431
149612121,10.662,3.98651,440,124100,0.447187,0.23,1,591950,591510,440
149615041,3.73241,0.797302,442,124100,0.465437,0.2,1,591952,591510,442
149617961,8.74648,4.95946,446,124100,0.389087,0.3,1,591962,591516,446
149620881,4.1493,10.5919,437,124100,0.461818,0.3,1,591965,591528,437
149623801,11.2299,3.71838,448,124100,0.460364,0.26,1,591978,591530,448
149626721,7.04597,8.74368,444,124100,0.484073,0.35,1,591984,591540,444
149629641,3.00919,5.74874,441,124100,0.488815,0.35,1,591986,591545,441
149632561,11.0018,5.94975,448,124100,0.449763,0.33,1,591999,591551,448
149635481,7.00037,6.78995,447,124100,0.441953,0.3,1,592005,591558,447
149638401,20.6001,6.15799,465,124100,0.384391,0.34,1,592029,591564,465
149641321,10.52,20.4316,449,124100,0.428878,0.26,1,592037,591588,449
149643521,5.304,10.4863,445,124100,0.437776,0.39,1,592041,591596,445
149646441,13.8608,7.69726,454,124100,0.439555,0.32,1,592057,591603,454
149649361,4.37216,11.1395,444,124100,0.439911,0.29,1,592059,591615,444
149652281,7.27443,5.42789,448,124100,0.431982,0.4,1,592067,591619,448
149655201,3.05489,7.48558,442,124100,0.430396,0.36,1,592069,591627,442
149658121,8.61098,4.69712,448,124100,0.430079,0.36,1,592079,591631,448
149661041,80.1222,5.73942,540,124100,0.382016,0.42,1,592177,591637,540
149663961,30.4244,83.5479,455,124100,0.404403,0.31,1,592195,591740,455
149666881,10.8849,29.5096,445,124100,0.312881,0.41,1,592201,591756,445
149669801,11.777,7.50191,455,124100,0.382576,0.42,1,592213,591758,455
149672721,10.3554,12.7004,451,124100,0.372515,0.39,1,592223,591772,451
149675641,13.2711,10.5401,455,124100,0.378503,0.38,1,592237,591782,455
149678561,6.65422,11.708,448,124100,0.339701,0.4,1,592242,591794,448
149681481,21.3308,7.1416,467,124100,0.29194,0.36,1,592267,591800,467
149684401,18.6662,25.4283,455,124100,0.338388,0.37,1,592285,591830,455
149687321,13.3332,20.2857,448,124100,0.363678,0.38,1,592297,591849,448
149690241,10.6666,8.85713,452,124100,0.280736,0.45,1,592307,591855,452
149693161,15.7333,9.77143,459,124100,0.360147,0.4,1,592324,591865,459
149696081,4.74667,13.9543,446,124100,0.376029,0.36,1,592326,591880,446
149699001,2.54933,4.39086,446,124100,0.347206,0.27,1,592328,591882,446
149701921,5.30987,4.07817,448,124100,0.357441,0.48,1,592334,591886,448
149704841,5.06197,4.81563,448,124100,0.367488,0.43,1,592339,591891,448
149706341,5.81239,6.56313,447,124100,0.409498,0.45,1,592345,591898,447
149709261,2.76248,5.31263,444,124100,0.4419,0.41,1,592347,591903,444
149712181,3.7525,4.26253,444,124100,0.41638,0.47,1,592351,591907,444
149715101,2.3505,2.4525,444,124100,0.371276,0.45,1,592353,591909,444
149718021,3.6701,2.8905,445,124100,0.410255,0.46,1,592357,591912,445
149720941,6.33402,2.1781,450,124100,0.386051,0.46,1,592364,591914,450
149722981,6.0668,6.83562,448,124100,0.37321,0.45,1,592370,591922,448
149725901,9.21336,7.76712,450,124100,0.346642,0.41,1,592380,591930,450
149728821,3.44267,4.75342,448,124100,0.325328,0.37,1,592382,591934,448
149731741,2.28853,2.55068,448,124100,0.297066,0.35,1,592384,591936,448
149734661,5.25771,1.31014,453,124100,0.235413,0.47,1,592390,591937,453
149737581,3.45154,10.662,443,124100,0.383083,0.47,1,592393,591950,443
149740241,10.2903,3.73241,453,124100,0.364617,0.48,1,592405,591952,453
149743161,6.85806,11.1465,446,124100,0.320923,0.48,1,592411,591965,446
149746081,12.5716,2.2293,460,124100,0.352185,0.46,1,592425,591965,460
149749001,5.71432,10.8459,451,124100,0.358437,0.49,1,592429,591978,451
149751681,2.74286,6.96917,447,124100,0.359687,0.53,1,592431,591984,447
149754601,8.54857,4.59383,453,124100,0.391937,0.44,1,592441,591988,453
149757521,9.70971,9.71877,452,124100,0.366388,0.44,1,592451,591999,452
149760441,19.5419,6.74375,468,124100,0.369278,0.37,1,592473,592005,468
149763361,10.3084,20.5488,452,124100,0.305856,0.44,1,592481,592029,452
149766281,5.26168,10.5098,448,124100,0.357171,0.44,1,592485,592037,448
149769201,13.8523,18.1019,444,124100,0.351434,0.44,1,592501,592057,444
149772121,4.37047,5.22039,444,124100,0.374287,0.43,1,592503,592059,444
149775041,7.27409,7.44408,444,124100,0.290857,0.43,1,592511,592067,444
149777961,3.05482,3.08882,444,124100,0.274171,0.43,1,592513,592069,444
149780881,7.81096,8.61776,443,124100,0.350834,0.37,1,592522,592079,443
149783801,79.9622,80.1236,443,124100,0.430167,0.41,1,592620,592177,443
149786721,30.3924,30.4247,443,124100,0.438033,0.29,1,592638,592195,443
149789641,7.67849,10.8849,439,124100,0.399607,0.4,1,592640,592201,439
149792561,12.7357,11.777,441,124100,0.391921,0.37,1,592654,592213,441
149795481,8.94714,10.3554,439,124100,0.350384,0.38,1,592662,592223,439
149798401,15.3894,13.2711,442,124100,0.334077,0.33,1,592679,592237,442
149801321,4.67789,6.65422,439,124100,0.298815,0.28,1,592681,592242,439
149804241,20.9356,21.3308,439,124100,0.355763,0.35,1,592706,592267,439
149807161,20.1871,18.6662,441,124100,0.359153,0.37,1,592726,592285,441
149810081,8.83742,13.3332,435,124100,0.335831,0.26,1,592732,592297,435
149813001,12.1675,10.6666,438,124100,0.371166,0.38,1,592745,592307,438
149815921,17.6335,15.7333,440,124100,0.290233,0.38,1,592764,592324,440
149818841,5.1267,4.74667,440,124100,0.394047,0.34,1,592766,592326,440
149820321,1.82534,2.54933,439,124100,0.406809,0.27,1,592767,592328,439
149823241,5.16507,2.90987,442,124100,0.369362,0.36,1,592773,592331,442
149826161,5.83301,2.98197,445,124100,0.345872,0.37,1,592779,592334,445
149829081,7.5666,4.59639,448,124100,0.389174,0.42,1,592787,592339,448
149831141,3.11332,5.71928,444,124100,0.381835,0.45,1,592789,592345,444
149834061,3.82266,2.74386,446,124100,0.388367,0.41,1,592793,592347,446
149836961,2.36453,3.74877,444,124100,0.357673,0.44,1,592795,592351,444
149839881,3.67291,4.74975,443,124100,0.327535,0.42,1,592799,592356,443
149842801,3.93458,1.74995,446,124100,0.385507,0.38,1,592803,592357,446
149845721,5.58692,5.94999,445,124100,0.413101,0.34,1,592809,592364,445
149848641,4.31738,13.99,433,124100,0.42662,0.32,1,592813,592380,433
149851561,8.86348,4.398,441,124100,0.365324,0.29,1,592823,592382,441
149854481,4.9727,2.4796,443,124100,0.313065,0.22,1,592827,592384,443
149857401,4.19454,5.29592,441,124100,0.238613,0.42,1,592831,592390,441
149859841,2.43891,3.45918,440,124100,0.247723,0.44,1,592833,592393,440
149862761,8.48778,1.49184,449,124100,0.369545,0.36,1,592843,592394,449
149865681,5.69756,9.09837,443,124100,0.361909,0.31,1,592848,592405,443
149868601,15.5395,6.61967,455,124100,0.312382,0.36,1,592866,592411,455
149871521,6.3079,12.5239,445,124100,0.326476,0.36,1,592870,592425,445
149873361,2.06158,5.70479,442,124100,0.345295,0.44,1,592871,592429,442
149876281,6.81232,9.14096,440,124100,0.341059,0.4,1,592879,592439,440
149879201,7.76246,3.42819,446,124100,0.380212,0.36,1,592887,592441,446
149882121,19.9525,8.68564,459,124100,0.364042,0.37,1,592910,592451,459
149885041,11.1905,19.3371,446,124100,0.304808,0.29,1,592919,592473,446
149887961,5.4381,10.2674,442,124100,0.268962,0.37,1,592923,592481,442
149890881,11.4876,5.25349,451,124100,0.349792,0.35,1,592936,592485,451
149893801,3.89752,13.8507,437,124100,0.357958,0.38,1,592938,592501,437
149896721,10.3795,4.37014,447,124100,0.343592,0.27,1,592950,592503,447
149899641,3.6759,7.27403,441,124100,0.380718,0.27,1,592952,592511,441
149902561,7.13518,3.05481,447,124100,0.324144,0.37,1,592960,592513,447
149905481,83.027,7.81096,540,124100,0.288829,0.45,1,593062,592522,540
149908401,31.0054,79.9622,460,124100,0.377766,0.44,1,593080,592620,460
149911321,7.80108,30.3924,444,124100,0.363553,0.39,1,593082,592638,444
149914241,11.9602,7.67849,455,124100,0.400711,0.39,1,593095,592640,455
149917161,7.19204,12.7357,447,124100,0.408142,0.34,1,593101,592654,447
149920081,16.6384,8.94714,458,124100,0.409628,0.33,1,593120,592662,458
149923001,4.92768,15.3894,443,124100,0.377926,0.29,1,593122,592679,443
149925921,15.3855,4.67789,459,124100,0.387585,0.37,1,593140,592681,459
149928841,19.0771,20.9356,454,124100,0.269517,0.36,1,593160,592706,454
149931761,14.2154,20.1871,447,124100,0.357903,0.33,1,593173,592726,447
149934681,12.4431,8.83742,453,124100,0.391581,0.38,1,593185,592732,453
149937601,16.0886,12.1675,457,124100,0.350316,0.27,1,593202,592745,457
149940521,4.81772,17.6335,440,124100,0.342063,0.42,1,593204,592764,440
149943041,2.56354,5.1267,440,124100,0.364413,0.38,1,593206,592766,440
149945961,8.51271,7.42534,442,124100,0.312883,0.34,1,593216,592774,442
149948881,6.50254,5.48507,443,124100,0.310577,0.4,1,593222,592779,443
149951801,4.50051,7.49701,439,124100,0.358115,0.38,1,593226,592787,439
149954721,2.5001,3.0994,439,124100,0.359623,0.39,1,593228,592789,439
149956561,6.10002,3.81988,442,124100,0.375925,0.35,1,593235,592793,442
149959481,2.82,2.36398,442,124100,0.379185,0.35,1,593237,592795,442
149962401,3.764,0.472795,446,124100,0.355837,0.32,1,593241,592795,446
149964881,3.9528,3.29456,446,124100,0.327167,0.42,1,593245,592799,446
149967801,2.39056,4.65891,443,124100,0.305433,0.42,1,593247,592804,443
149970721,3.67811,4.93178,442,124100,0.357087,0.43,1,593251,592809,442
149973641,6.33562,4.18636,445,124100,0.399417,0.35,1,593258,592813,445
149976561,6.86712,8.83727,442,124100,0.359883,0.3,1,593265,592823,442
149979481,5.37342,4.96745,443,124100,0.311977,0.22,1,593270,592827,443
149982401,5.07468,4.19349,444,124100,0.270395,0.25,1,593275,592831,444
149984641,5.81494,2.4387,448,124100,0.350079,0.38,1,593281,592833,448
149987561,4.36299,10.8877,439,124100,0.326016,0.36,1,593285,592846,439
149990481,17.6726,3.77755,458,124100,0.249203,0.3,1,593306,592848,458
149993401,6.73452,15.1555,444,124100,0.185841,0.33,1,593310,592866,444
149996081,2.9469,6.2311,442,124100,0.301168,0.34,1,593312,592870,442
149999001,8.58938,8.44622,443,124100,0.276234,0.39,1,593322,592879,443
150001921,5.71788,8.08924,440,124100,0.343247,0.36,1,593327,592887,440
150004841,16.3436,20.0178,436,124100,0.300649,0.29,1,593346,592910,436
150007761,15.2687,11.2036,442,124100,0.32413,0.26,1,593361,592919,442
150010681,6.25374,5.44071,442,124100,0.288826,0.37,1,593365,592923,442
150013601,9.25075,11.4881,439,124100,0.313765,0.36,1,593375,592936,439
150016521,3.45015,3.89763,439,124100,0.318753,0.34,1,593377,592938,439
150019441,8.69003,10.3795,437,124100,0.327751,0.39,1,593387,592950,437
150022361,3.33801,3.67591,437,124100,0.32955,0.31,1,593389,592952,437
150025281,8.6676,7.13518,439,124100,0.29791,0.28,1,593399,592960,439
150028201,85.7335,83.027,442,124100,0.347582,0.4,1,593504,593062,442
150031121,28.3467,31.0054,438,124100,0.357516,0.36,1,593518,593080,438
150034041,7.26934,7.80108,438,124100,0.359503,0.41,1,593520,593082,438
150036961,14.2539,11.9602,441,124100,0.319901,0.41,1,593536,593095,441
150039881,9.25077,7.19204,443,124100,0.35998,0.41,1,593544,593101,443
150042801,13.0502,16.6384,438,124100,0.351996,0.37,1,593558,593120,438
150045721,5.81003,4.92768,440,124100,0.318399,0.39,1,593562,593122,440
150048641,13.962,15.3855,438,124100,0.33568,0.24,1,593578,593140,438
150051561,21.1924,19.0771,441,124100,0.307136,0.38,1,593601,593160,441
150054481,15.4385,14.2154,442,124100,0.301427,0.4,1,593615,593173,442
150057401,6.2877,12.4431,434,124100,0.340285,0.34,1,593619,593185,434
150060321,17.2575,16.0886,437,124100,0.300057,0.34,1,593639,593202,437
150063241,5.05151,4.81772,437,124100,0.292011,0.37,1,593641,593204,437
150064721,2.6103,2.56354,437,124100,0.258402,0.32,1,593643,593206,437
150067641,10.1221,6.11271,442,124100,0.27568,0.3,1,593655,593213,442
150070561,7.62441,3.62254,446,124100,0.319136,0.31,1,593662,593216,446
150073481,4.72488,5.52451,444,124100,0.303827,0.37,1,593666,593222,444
150076401,2.54498,4.3049,442,124100,0.388765,0.36,1,593668,593226,442
150079321,3.709,2.46098,444,124100,0.341753,0.38,1,593672,593228,444
150082241,3.9418,7.6922,439,124100,0.356351,0.35,1,593676,593237,439
150085161,5.58836,4.73844,441,124100,0.35927,0.35,1,593682,593241,441
150086981,3.51767,0.947688,444,124100,0.311854,0.32,1,593685,593241,444
150089901,2.30353,4.18954,441,124100,0.270371,0.3,1,593687,593246,441
150092821,3.66071,1.63791,444,124100,0.286074,0.37,1,593691,593247,444
150095741,2.33214,3.52758,442,124100,0.289215,0.41,1,593693,593251,442
150098661,5.26643,6.30552,441,124100,0.329843,0.35,1,593699,593258,441
150101581,9.05329,6.8611,444,124100,0.321969,0.3,1,593709,593265,444
150104501,5.81066,5.37222,444,124100,0.304394,0.26,1,593714,593270,444
150107421,6.76213,5.07444,446,124100,0.276879,0.32,1,593721,593275,446
150110341,4.55243,9.01489,440,124100,0.239376,0.23,1,593725,593285,440
150113261,13.7105,18.603,435,124100,0.335875,0.17,1,593741,593306,435
150116181,5.9421,6.9206,435,124100,0.299175,0.33,1,593745,593310,435
150117761,1.98842,2.98412,434,124100,0.275835,0.3,1,593746,593312,434
150120681,10.7977,2.19682,445,124100,0.375167,0.27,1,593759,593314,445
150123601,6.95954,6.83936,443,124100,0.299033,0.36,1,593765,593322,443
150126521,14.1919,5.36787,454,124100,0.347807,0.29,1,593781,593327,454
150129441,12.4384,16.2736,447,124100,0.373561,0.33,1,593793,593346,447
150132361,10.4877,15.2547,442,124100,0.306712,0.28,1,593803,593361,442
150135281,10.0975,6.25094,448,124100,0.301342,0.32,1,593813,593365,448
150138201,3.61951,9.25019,440,124100,0.300268,0.32,1,593815,593375,440
150141121,7.1239,3.45004,446,124100,0.332054,0.33,1,593823,593377,446
150144041,3.82478,8.69001,439,124100,0.362411,0.33,1,593826,593387,439
150146961,8.76496,3.338,447,124100,0.312482,0.29,1,593836,593389,447
150149881,86.553,8.6676,543,124100,0.278496,0.36,1,593942,593399,543
150152801,29.3106,85.7335,453,124100,0.279699,0.36,1,593957,593504,453
150155721,7.46212,28.3467,441,124100,0.27994,0.36,1,593959,593518,441
150158641,12.6924,7.26934,453,124100,0.335988,0.31,1,593973,593520,453
150161561,10.5385,14.2539,447,124100,0.283198,0.37,1,593983,593536,447
150164481,12.5077,9.25077,452,124100,0.34464,0.35,1,593996,593544,452
150167401,5.70154,13.0502,442,124100,0.364928,0.31,1,594000,593558,442
150170321,13.9403,5.81003,454,124100,0.312986,0.34,1,594016,593562,454
150173241,20.3881,13.962,460,124100,0.262597,0.3,1,594038,593578,460
150176161,14.4776,21.1924,450,124100,0.332519,0.3,1,594051,593601,450
150179081,6.89552,15.4385,441,124100,0.266504,0.35,1,594056,593615,441
150182001,16.5791,6.2877,456,124100,0.293301,0.29,1,594075,593619,456
150184921,4.91582,17.2575,438,124100,0.37066,0.29,1,594077,593639,438
150187841,2.58316,5.05151,438,124100,0.354132,0.28,1,594079,593641,438
150190761,9.31663,12.2103,435,124100,0.390826,0.33,1,594090,593655,435
150193681,9.86333,8.04206,438,124100,0.366165,0.3,1,594100,593662,438
150196601,6.77267,4.80841,440,124100,0.401233,0.41,1,594106,593666,440
150199521,2.95453,2.56168,440,124100,0.368247,0.33,1,594108,593668,440
150202421,4.59091,3.71234,441,124100,0.337649,0.39,1,594113,593672,441
150205341,3.31818,7.14247,436,124100,0.27553,0.36,1,594116,593680,436
150208261,2.26364,3.02849,436,124100,0.263106,0.3,1,594118,593682,436
150211181,6.85273,3.0057,441,124100,0.364621,0.26,1,594126,593685,441
150213861,4.57055,2.20114,443,124100,0.392924,0.32,1,594130,593687,443
150216781,2.51411,4.44023,440,124100,0.382585,0.29,1,594132,593692,440
150219701,2.10282,1.68805,441,124100,0.348517,0.34,1,594134,593693,441
150222621,3.62056,5.13761,439,124100,0.317703,0.32,1,594138,593699,439
150225541,5.52411,9.02752,435,124100,0.367541,0.3,1,594144,593709,435
150228461,2.70482,5.8055,432,124100,0.393508,0.27,1,594146,593714,432
150231381,13.341,6.7611,441,124100,0.334702,0.23,1,594162,593721,441
150234301,4.26819,4.55222,439,124100,0.29094,0.36,1,594164,593725,439
150237221,7.25364,13.7104,431,124100,0.410188,0.29,1,594172,593741,431
150240141,13.4507,5.94209,442,124100,0.386038,0.27,1,594187,593745,442
150241941,8.29015,1.98842,448,124100,0.293208,0.4,1,594194,593746,448
150244861,9.65803,10.7977,445,124100,0.402642,0.28,1,594204,593759,445
150247781,14.7316,6.95954,455,124100,0.408528,0.36,1,594220,593765,455
150250701,9.34632,14.1919,447,124100,0.409706,0.38,1,594228,593781,447
150253621,11.4693,12.4384,447,124100,0.425941,0.29,1,594240,593793,447
150256541,11.8939,10.4877,449,124100,0.333188,0.3,1,594252,593803,449
150259461,3.97877,10.0975,441,124100,0.314638,0.3,1,594254,593813,441
150262381,5.59575,3.61951,445,124100,0.374928,0.34,1,594260,593815,445
150265301,3.51915,7.1239,440,124100,0.370985,0.37,1,594263,593823,440
150268221,10.3038,3.82478,449,124100,0.402197,0.3,1,594275,593826,449
150271141,82.8608,8.76496,540,124100,0.272439,0.27,1,594376,593836,540
150274061,32.5722,86.553,454,124100,0.318488,0.28,1,594396,593942,454
150276981,8.11443,29.3106,441,124100,0.303698,0.28,1,594398,593957,441
150279901,9.62289,7.46212,449,124100,0.31674,0.35,1,594408,593959,449
150282821,11.5246,12.6924,447,124100,0.303348,0.27,1,594420,593973,447
150285741,13.5049,10.5385,451,124100,0.29267,0.36,1,594434,593983,451
150288661,5.90098,12.5077,442,124100,0.314534,0.37,1,594438,593996,442
150291581,15.5802,5.70154,456,124100,0.334907,0.3,1,594456,594000,456
150294501,19.916,13.9403,461,124100,0.290981,0.25,1,594477,594016,461
150297421,16.7832,20.3881,455,124100,0.154196,0.35,1,594493,594038,455
150300341,6.55664,14.4776,446,124100,0.270839,0.25,1,594497,594051,446
150303261,10.1113,6.89552,452,124100,0.310168,0.3,1,594508,594056,452
150306181,9.22227,16.5791,442,124100,0.302034,0.39,1,594517,594075,442
150309101,3.44445,4.91582,442,124100,0.308407,0.35,1,594519,594077,442
150310581,4.68889,2.58316,445,124100,0.301681,0.4,1,594524,594079,445
150313501,4.13778,9.31663,438,124100,0.276336,0.36,1,594528,594090,438
150316421,8.02756,9.86333,437,124100,0.199267,0.41,1,594537,594100,437
150319341,4.80551,6.77267,435,124100,0.343853,0.36,1,594541,594106,435
150321601,3.3611,2.95453,436,124100,0.348771,0.33,1,594544,594108,436
150324521,7.87222,4.59091,440,124100,0.373754,0.33,1,594553,594113,440
150327441,4.77444,0.918181,444,124100,0.354751,0.26,1,594557,594113,444
150329921,2.55489,2.58364,443,124100,0.31895,0.38,1,594559,594116,443
150332841,3.71098,4.51673,442,124100,0.35979,0.39,1,594563,594121,442
150335761,7.1422,4.90335,445,124100,0.391958,0.4,1,594571,594126,445
150338681,3.02844,4.18067,443,124100,0.366392,0.38,1,594573,594130,443
150340741,2.20569,2.43613,443,124100,0.369278,0.33,1,594575,594132,443
150343661,2.04114,2.88723,442,124100,0.377856,0.31,1,594577,594135,442
150346581,2.00823,2.97745,441,124100,0.347571,0.38,1,594579,594138,441
150349501,5.20165,5.39549,441,124100,0.301514,0.4,1,594585,594144,441
150352421,2.64033,2.6791,441,124100,0.268303,0.32,1,594587,594146,441
150355341,15.7281,13.3358,444,124100,0.269661,0.28,1,594606,594162,444
150358261,4.74561,4.26716,444,124100,0.237932,0.44,1,594608,594164,444
150361181,7.34912,7.25343,444,124100,0.279586,0.38,1,594616,594172,444
150364101,7.86982,13.4507,437,124100,0.351917,0.27,1,594624,594187,437
150367021,15.974,8.29014,448,124100,0.278383,0.43,1,594642,594194,448
150369941,17.5948,9.65803,456,124100,0.287677,0.41,1,594660,594204,456
150372861,12.319,14.7316,451,124100,0.329535,0.41,1,594671,594220,451
150375781,5.66379,9.34632,447,124100,0.305907,0.43,1,594675,594228,447
150378701,13.9328,11.4693,451,124100,0.293181,0.31,1,594691,594240,451
150381621,4.38655,11.8939,441,124100,0.290636,0.31,1,594693,594252,441
150384541,6.47731,3.97877,446,124100,0.218127,0.39,1,594700,594254,446
150387461,5.29546,5.59575,445,124100,0.203625,0.37,1,594705,594260,445
150390381,8.25909,3.51915,451,124100,0.280725,0.41,1,594714,594263,451
150393301,76.8518,10.3038,533,124100,0.288145,0.24,1,594808,594275,533
150396221,33.7704,82.8608,455,124100,0.289629,0.33,1,594831,594376,455
150399141,10.7541,32.5722,440,124100,0.361926,0.3,1,594836,594396,440
150402061,8.55081,8.11443,446,124100,0.344385,0.32,1,594844,594398,446
150404981,8.11016,9.62289,444,124100,0.316877,0.3,1,594852,594408,444
150407901,17.622,11.5246,452,124100,0.231375,0.29,1,594872,594420,452
150410821,5.12441,13.5049,440,124100,0.182275,0.32,1,594874,594434,440
150413741,13.0249,5.90098,451,124100,0.324455,0.34,1,594889,594438,451
150416661,17.805,15.5802,452,124100,0.344891,0.28,1,594908,594456,452
150419581,20.361,19.916,452,124100,0.228978,0.12,1,594929,594477,452
150422501,7.2722,16.7832,440,124100,0.261796,0.3,1,594933,594493,440
150425421,9.45444,6.55664,446,124100,0.268359,0.32,1,594943,594497,446
150428341,6.69089,10.1113,441,124100,0.301672,0.3,1,594949,594508,441
150431261,2.93818,9.22227,434,124100,0.308334,0.31,1,594951,594517,434
150434181,2.18764,3.44445,434,124100,0.285667,0.27,1,594953,594519,434
150437101,12.4375,7.88889,440,124100,0.289133,0.18,1,594968,594528,440
150440021,7.28751,8.77778,437,124100,0.273827,0.38,1,594974,594537,437
150442941,7.8575,4.95556,441,124100,0.198765,0.35,1,594982,594541,441
150445781,9.5715,3.39111,448,124100,0.287753,0.38,1,594992,594544,448
150448701,5.1143,7.87822,443,124100,0.273551,0.35,1,594996,594553,443
150451621,2.62286,4.77564,441,124100,0.27071,0.31,1,594998,594557,441
150454541,3.72457,2.55513,443,124100,0.238142,0.37,1,595002,594559,443
150457461,3.94491,3.71103,443,124100,0.231628,0.4,1,595006,594563,443
150460381,2.38898,7.14221,437,124100,0.230326,0.36,1,595008,594571,437
150463041,2.0778,3.02844,437,124100,0.310065,0.38,1,595010,594573,437
150465961,2.01556,3.80569,435,124100,0.326013,0.38,1,595012,594577,435
150468881,2.80311,0.761138,438,124100,0.329203,0.34,1,595015,594577,438
150471361,6.16062,1.75223,443,124100,0.329841,0.35,1,595022,594579,443
150474281,7.63212,11.5504,437,124100,0.217968,0.35,1,595030,594593,437
150477201,10.3264,2.31009,448,124100,0.267594,0.27,1,595041,594593,448
150480121,3.66528,10.862,437,124100,0.245519,0.23,1,595043,594606,437
150482801,8.73306,3.7724,445,124100,0.281104,0.31,1,595053,594608,445
150485721,6.54661,7.95448,442,124100,0.224221,0.37,1,595059,594617,442
150488641,18.9093,7.1909,457,124100,0.252844,0.26,1,595081,594624,457
150491561,16.5819,15.8382,455,124100,0.226569,0.29,1,595097,594642,455
150494481,10.5164,17.5676,446,124100,0.269314,0.34,1,595106,594660,446
150497401,5.30327,12.3135,439,124100,0.245863,0.3,1,595110,594671,439
150500321,9.86066,5.66271,446,124100,0.313173,0.29,1,595121,594675,446
150503241,4.37213,13.9325,433,124100,0.278635,0.29,1,595124,594691,433
150506161,11.2744,4.38651,444,124100,0.295727,0.2,1,595137,594693,444
150508181,4.65489,6.4773,440,124100,0.323145,0.2,1,595140,594700,440
150511101,2.53098,5.29546,437,124100,0.320629,0.3,1,595142,594705,437
150514021,5.3062,8.25909,434,124100,0.344126,0.29,1,595148,594714,434
150516941,80.2612,76.8518,439,124100,0.300825,0.29,1,595247,594808,439
150519861,35.2522,33.7704,440,124100,0.292165,0.38,1,595271,594831,440
150522781,8.65045,10.7541,437,124100,0.250433,0.34,1,595273,594836,437
150525701,8.13009,8.55081,437,124100,0.282087,0.31,1,595281,594844,437
150528621,11.226,8.11016,441,124100,0.344417,0.21,1,595293,594852,441
150531541,17.4452,17.622,440,124100,0.268883,0.17,1,595312,594872,440
150534461,5.08904,5.12441,440,124100,0.221777,0.36,1,595314,594874,440
150537381,10.6178,13.0249,437,124100,0.348355,0.35,1,595326,594889,437
150540301,14.1236,17.805,433,124100,0.333671,0.2,1,595341,594908,433
150543221,21.2247,20.361,435,124100,0.234734,0.27,1,595364,594929,435
150546141,7.44494,7.2722,435,124100,0.158947,0.27,1,595368,594933,435
150549061,10.289,9.45444,436,124100,0.351789,0.31,1,595379,594943,436
150551981,6.8578,6.69089,436,124100,0.334358,0.31,1,595385,594949,436
150553521,2.17156,2.93818,435,124100,0.314872,0.29,1,595386,594951,435
150556441,2.03431,1.38764,436,124100,0.310974,0.28,1,595388,594952,436
150559361,8.40686,1.07753,445,124100,0.278195,0.29,1,595398,594953,445
150562281,11.2814,12.2155,442,124100,0.271639,0.27,1,595410,594968,442
150565201,9.45627,7.2431,445,124100,0.262328,0.18,1,595419,594974,445
150568121,6.69126,7.84862,443,124100,0.316466,0.31,1,595425,594982,443
150571041,4.53825,9.56972,437,124100,0.263293,0.27,1,595429,594992,437
150573961,2.50765,5.11394,435,124100,0.340659,0.27,1,595431,594996,435
150576401,7.70153,2.62279,442,124100,0.364132,0.23,1,595440,594998,442
150579321,4.74031,8.52456,436,124100,0.344826,0.23,1,595444,595008,436
150582241,2.54806,1.70491,438,124100,0.364965,0.23,1,595446,595008,438
150585161,2.10961,0.340982,440,124100,0.328993,0.33,1,595448,595008,440
150587841,2.02192,1.6682,440,124100,0.321799,0.35,1,595450,595010,440
150590761,3.60438,9.13364,433,124100,0.38436,0.35,1,595454,595021,433
150593681,2.32088,1.82673,435,124100,0.396872,0.33,1,595456,595021,435
150596601,6.86418,1.16535,442,124100,0.327374,0.19,1,595464,595022,442
150599521,11.7728,6.63307,447,124100,0.321475,0.28,1,595477,595030,447
150602441,3.95457,10.1266,438,124100,0.288295,0.24,1,595479,595041,438
150605361,10.3909,3.62532,448,124100,0.393659,0.29,1,595491,595043,448
150608281,5.27818,8.72506,442,124100,0.350732,0.21,1,595495,595053,442
150611201,15.4556,6.54501,454,124100,0.406146,0.26,1,595513,595059,454
150614121,17.4911,18.909,450,124100,0.417229,0.22,1,595531,595081,450
150617041,11.4982,16.5818,444,124100,0.331446,0.28,1,595541,595097,444
150619961,7.09965,10.5164,441,124100,0.370289,0.24,1,595547,595106,441
150622881,11.0199,5.30327,449,124100,0.338058,0.33,1,595559,595110,449
150625801,3.80399,9.86065,440,124100,0.355612,0.27,1,595561,595121,440
150628721,11.9608,4.37213,451,124100,0.367122,0.3,1,595575,595124,451
150631641,3.99216,11.2744,440,124100,0.369424,0.32,1,595577,595137,440
150634561,2.39843,6.25489,437,124100,0.337885,0.35,1,595579,595142,437
150637481,6.87969,6.05098,439,124100,0.347577,0.29,1,595587,595148,439
150640401,78.1759,80.4102,436,124100,0.341515,0.29,1,595683,595247,436
150643321,35.6352,35.282,437,124100,0.348303,0.24,1,595708,595271,437
150646241,10.327,8.65641,439,124100,0.381661,0.29,1,595712,595273,439
150649161,10.0654,8.13128,441,124100,0.380332,0.36,1,595722,595281,441
150652081,6.81308,11.2263,435,124100,0.388066,0.25,1,595728,595293,435
150655001,21.3626,17.4453,441,124100,0.341613,0.21,1,595753,595312,441
150657921,5.87252,5.08905,441,124100,0.308323,0.38,1,595755,595314,441
150660841,10.7745,10.6178,441,124100,0.381665,0.33,1,595767,595326,441
150663761,12.5549,14.1236,439,124100,0.428333,0.21,1,595780,595341,439
150666681,19.311,21.2247,437,124100,0.365667,0.14,1,595801,595364,437
150669601,10.2622,7.44494,441,124100,0.257133,0.4,1,595809,595368,441
150672521,6.85244,10.289,436,124100,0.355427,0.33,1,595815,595379,436
150675441,6.17049,6.8578,436,124100,0.439085,0.31,1,595821,595385,436
150677701,8.4341,2.17156,444,124100,0.423817,0.35,1,595830,595386,444
150680621,4.08682,4.43431,442,124100,0.412763,0.27,1,595833,595391,442
150683541,13.6174,6.48686,451,124100,0.434553,0.27,1,595849,595398,451
150686461,6.72347,10.8974,444,124100,0.366911,0.26,1,595854,595410,444
150689381,8.54469,9.37947,444,124100,0.473382,0.33,1,595863,595419,444
150691221,2.50894,6.6759,439,124100,0.478676,0.25,1,595864,595425,439
150694141,3.70179,4.53518,439,124100,0.447735,0.36,1,595868,595429,439
150697061,2.34036,2.50704,439,124100,0.409547,0.37,1,595870,595431,439
150699121,6.86807,7.70141,438,124100,0.465909,0.34,1,595878,595440,438
150702041,7.77361,4.74028,442,124100,0.445182,0.37,1,595886,595444,442
150704961,3.15472,2.54806,442,124100,0.401036,0.32,1,595888,595446,442
150707441,2.23094,2.10961,442,124100,0.464207,0.4,1,595890,595448,442
150710361,3.64619,6.82192,438,124100,0.420841,0.4,1,595894,595456,438
150713281,2.32924,1.36438,440,124100,0.372168,0.4,1,595896,595456,440
150716201,2.06585,0.272877,442,124100,0.362434,0.4,1,595898,595456,442
150719121,3.61317,0.0545754,446,124100,0.384487,0.31,1,595902,595456,446
150722041,11.9226,6.41092,452,124100,0.396897,0.32,1,595916,595464,452
150724961,4.78453,11.6822,442,124100,0.359379,0.28,1,595919,595477,442
150727881,8.95691,3.93644,450,124100,0.407876,0.42,1,595929,595479,450
150730801,8.99138,10.3873,447,124100,0.417575,0.34,1,595938,595491,447
150733721,15.3983,5.27746,460,124100,0.403515,0.42,1,595955,595495,460
150736641,12.6797,15.4555,454,124100,0.424703,0.42,1,595967,595513,454
150739561,13.7359,17.4911,450,124100,0.412941,0.31,1,595981,595531,450
150742481,5.94719,11.4982,444,124100,0.346588,0.38,1,595985,595541,444
150745401,12.3894,7.09964,452,124100,0.397318,0.33,1,595999,595547,452
150748321,4.07789,11.0199,442,124100,0.375464,0.36,1,596001,595559,442
150751241,10.4156,3.80399,452,124100,0.403093,0.37,1,596013,595561,452
150754161,3.68312,11.9608,440,124100,0.408619,0.37,1,596015,595575,440
150756321,2.33662,3.99216,440,124100,0.441724,0.36,1,596017,595577,440
150759241,8.46732,10.3984,438,124100,0.432345,0.36,1,596027,595589,438
150762161,77.6935,2.07969,533,124100,0.342469,0.34,1,596122,595589,533
150765081,33.9387,75.6159,462,124100,0.292494,0.35,1,596145,595683,462
150768001,13.1877,35.1232,445,124100,0.322499,0.39,1,596153,595708,445
150770921,12.2375,10.2246,453,124100,0.3685,0.38,1,596165,595712,453
150773841,7.24751,10.0449,449,124100,0.3537,0.39,1,596171,595722,449
150776761,20.6495,6.80899,467,124100,0.31874,0.33,1,596195,595728,467
150779681,5.7299,21.3618,444,124100,0.287748,0.3,1,596197,595753,444
150782601,10.746,5.87236,454,124100,0.37755,0.4,1,596209,595755,454
150785521,14.1492,10.7745,457,124100,0.37151,0.44,1,596224,595767,457
150788441,18.8298,12.5549,464,124100,0.330302,0.35,1,596244,595780,464
150791361,7.76597,19.311,448,124100,0.24206,0.23,1,596249,595801,448
150794281,10.3532,10.2622,451,124100,0.248412,0.38,1,596260,595809,451
150797201,5.27064,6.85244,449,124100,0.265682,0.46,1,596264,595815,449
150800121,5.85413,6.17049,449,124100,0.333136,0.42,1,596270,595821,449
150803041,4.37083,8.4341,444,124100,0.314627,0.41,1,596274,595830,444
150805961,12.8742,4.08682,456,124100,0.294925,0.44,1,596289,595833,456
150808881,8.97483,13.6174,448,124100,0.330985,0.35,1,596297,595849,448
150811801,4.99497,6.72347,447,124100,0.306197,0.5,1,596301,595854,447
150814721,3.39899,8.54469,441,124100,0.341239,0.44,1,596304,595863,441
150816641,7.0798,5.70894,444,124100,0.388248,0.42,1,596312,595868,444
150819561,3.01596,1.94179,445,124100,0.35765,0.4,1,596314,595869,445
150822481,3.80319,1.18836,448,124100,0.32753,0.44,1,596318,595870,448
150825401,7.16064,13.0377,440,124100,0.385506,0.39,1,596326,595886,440
150828081,3.03213,4.20753,440,124100,0.397101,0.42,1,596328,595888,440
150831001,7.00643,4.84151,443,124100,0.32742,0.41,1,596336,595893,443
150833921,3.00129,1.7683,444,124100,0.369484,0.36,1,596338,595894,444
150836841,2.20026,1.95366,444,124100,0.377897,0.36,1,596340,595896,444
150838481,1.24005,1.99073,443,124100,0.363579,0.39,1,596341,595898,443
150841401,3.44801,3.59815,443,124100,0.336716,0.39,1,596345,595902,443
150844321,8.6896,0.719629,453,124100,0.387343,0.4,1,596355,595902,453
150847241,6.53792,11.3439,445,124100,0.373469,0.35,1,596361,595916,445
150849921,9.30758,4.66879,452,124100,0.250694,0.42,1,596371,595919,452
150852841,5.06152,10.5338,444,124100,0.306139,0.42,1,596375,595931,444
150855761,15.4123,7.70675,455,124100,0.253228,0.4,1,596393,595938,455
150858681,17.4825,15.1414,456,124100,0.250646,0.43,1,596411,595955,456
150861601,13.8965,12.6283,457,124100,0.306129,0.41,1,596424,595967,457
150864521,6.7793,13.7257,448,124100,0.285226,0.33,1,596429,595981,448
150867441,10.9559,5.94513,456,124100,0.297045,0.41,1,596441,595985,456
150870361,3.79117,12.389,444,124100,0.291409,0.37,1,596443,595999,444
150873281,10.3582,4.07781,454,124100,0.322282,0.41,1,596455,596001,454
150876201,3.67165,10.4156,444,124100,0.328456,0.41,1,596457,596013,444
150879041,2.33433,3.68311,444,124100,0.337691,0.43,1,596459,596015,444
150881961,8.46687,10.3366,442,124100,0.243538,0.32,1,596469,596027,442
150884881,72.0934,78.0673,435,124100,0.264708,0.28,1,596557,596122,435
150887801,35.2187,34.0135,438,124100,0.268942,0.33,1,596583,596145,438
150890721,13.4437,13.2027,438,124100,0.301788,0.38,1,596591,596153,438
150893641,12.2887,12.2405,438,124100,0.244358,0.35,1,596603,596165,438
150896561,10.4577,7.24811,442,124100,0.296872,0.31,1,596613,596171,442
150899481,20.4915,20.6496,441,124100,0.235374,0.28,1,596636,596195,441
150902401,5.69831,5.72992,441,124100,0.207075,0.4,1,596638,596197,441
150905321,10.7397,10.746,441,124100,0.305415,0.37,1,596650,596209,441
150908241,8.54793,14.1492,434,124100,0.365083,0.32,1,596658,596224,434
150911161,18.5096,18.8298,435,124100,0.241017,0.22,1,596679,596244,435
150914081,6.90192,7.76597,434,124100,0.304203,0.25,1,596683,596249,434
150917001,14.1804,10.3532,439,124100,0.268841,0.27,1,596699,596260,439
150919921,6.03608,5.27064,439,124100,0.301768,0.35,1,596703,596264,439
150922841,5.20722,5.85413,438,124100,0.348354,0.31,1,596708,596270,438
150925761,4.24144,4.37083,438,124100,0.325671,0.29,1,596712,596274,438
150928681,11.2483,12.8742,436,124100,0.377134,0.34,1,596725,596289,436
150931601,8.64966,8.97483,436,124100,0.331427,0.3,1,596733,596297,436
150934521,8.92993,4.99497,441,124100,0.338285,0.35,1,596742,596301,441
150936241,2.58599,3.39899,439,124100,0.315657,0.33,1,596743,596304,439
150939161,3.7172,3.0798,440,124100,0.279131,0.4,1,596747,596307,440
150942081,7.14344,4.61596,443,124100,0.351826,0.35,1,596755,596312,443
150945001,4.62869,2.52319,445,124100,0.366365,0.32,1,596759,596314,445
150947061,4.92574,3.70464,446,124100,0.329273,0.4,1,596764,596318,446
150949981,4.98515,7.14093,443,124100,0.305855,0.4,1,596769,596326,443
150952901,4.19703,3.02819,445,124100,0.365171,0.31,1,596773,596328,445
150955821,5.63941,7.00564,443,124100,0.369034,0.38,1,596779,596336,443
150958741,2.72788,3.00113,443,124100,0.361807,0.38,1,596781,596338,443
150960581,2.94558,2.20023,444,124100,0.376361,0.34,1,596784,596340,444
150963501,2.18912,3.64005,442,124100,0.347272,0.33,1,596786,596344,442
150966421,3.63782,1.52801,445,124100,0.357454,0.4,1,596790,596345,445
150969341,2.32756,8.3056,437,124100,0.359491,0.37,1,596792,596355,437
150972261,13.2655,6.46112,447,124100,0.327898,0.22,1,596808,596361,447
150975181,5.8531,9.29222,441,124100,0.25758,0.32,1,596812,596371,441
150978101,15.5706,5.05844,455,124100,0.299516,0.24,1,596830,596375,455
150981021,18.3141,15.4117,456,124100,0.283903,0.25,1,596849,596393,456
150983941,13.2628,17.4823,450,124100,0.336781,0.32,1,596861,596411,450
150986861,5.85256,13.8965,441,124100,0.339356,0.28,1,596865,596424,441
150989781,9.97051,6.77929,447,124100,0.395871,0.3,1,596876,596429,447
150992701,5.9941,10.9559,440,124100,0.391174,0.29,1,596881,596441,440
150995621,5.99882,3.79117,444,124100,0.398235,0.33,1,596887,596443,444
150998541,2.79976,10.3582,434,124100,0.367647,0.33,1,596889,596455,434
151000721,2.15995,3.67165,434,124100,0.337529,0.25,1,596891,596457,434
151003641,9.23199,9.53433,434,124100,0.403506,0.22,1,596902,596468,434
151006561,73.0464,2.70687,522,124100,0.344701,0.27,1,596991,596469,522
151009481,37.8093,70.9414,463,124100,0.34894,0.27,1,597020,596557,463
151012401,10.7619,34.9883,441,124100,0.309788,0.31,1,597024,596583,441
151015321,14.9524,13.3977,449,124100,0.333958,0.23,1,597040,596591,449
151018241,10.9905,12.2795,447,124100,0.386792,0.31,1,597050,596603,447
151021161,21.3981,10.4559,461,124100,0.309358,0.22,1,597074,596613,461
151024081,5.87962,20.4912,440,124100,0.293872,0.2,1,597076,596636,440
151027001,10.7759,5.69824,450,124100,0.314774,0.33,1,597088,596638,450
151029921,8.55518,10.7396,446,124100,0.374955,0.38,1,597096,596650,446
151032841,12.911,8.54793,452,124100,0.394991,0.21,1,597110,596658,452
151035761,8.98221,18.5096,439,124100,0.350998,0.32,1,597118,596679,439
151038681,17.7964,6.90192,455,124100,0.3422,0.26,1,597138,596683,455
151041601,5.15929,14.1804,441,124100,0.30844,0.31,1,597140,596699,441
151044521,3.43186,6.03608,440,124100,0.277688,0.36,1,597143,596703,440
151047441,7.88637,5.20722,444,124100,0.351538,0.32,1,597152,596708,444
151048981,3.97727,4.24144,443,124100,0.326308,0.39,1,597155,596712,443
151051901,10.3955,11.2483,442,124100,0.337261,0.32,1,597167,596725,442
151054821,5.27909,8.64966,438,124100,0.267452,0.34,1,597171,596733,438
151057741,9.85582,8.92993,440,124100,0.34949,0.31,1,597182,596742,440
151060661,5.17116,2.58599,443,124100,0.333898,0.27,1,597186,596743,443
151063541,4.23423,3.7172,443,124100,0.29878,0.37,1,597190,596747,443
151066461,4.04685,7.14344,439,124100,0.259756,0.37,1,597194,596755,439
151069361,7.20937,4.62869,443,124100,0.323951,0.34,1,597202,596759,443
151072281,6.24187,7.32574,441,124100,0.33679,0.3,1,597208,596767,441
151075201,4.44837,3.06515,443,124100,0.307358,0.38,1,597212,596769,443
151078121,5.68968,3.81303,445,124100,0.349472,0.37,1,597218,596773,445
151081041,2.73793,5.56261,441,124100,0.365894,0.36,1,597220,596779,441
151083921,3.74759,2.71252,443,124100,0.369179,0.32,1,597224,596781,443
151086841,2.34952,5.3425,439,124100,0.377836,0.36,1,597226,596787,439
151089761,3.6699,3.4685,440,124100,0.347567,0.36,1,597230,596790,440
151092681,2.33398,2.2937,440,124100,0.341513,0.32,1,597232,596792,440
151095601,10.0668,13.2587,436,124100,0.396303,0.24,1,597244,596808,436
151098521,8.41336,5.85175,440,124100,0.343261,0.31,1,597252,596812,440
151101441,16.8827,15.5704,441,124100,0.380652,0.28,1,597271,596830,441
151104361,17.7765,18.3141,440,124100,0.38813,0.35,1,597289,596849,440
151107281,14.7553,13.2628,442,124100,0.309626,0.34,1,597303,596861,442
151110201,6.15106,5.85256,442,124100,0.285925,0.41,1,597307,596865,442
151113121,9.23021,9.97051,441,124100,0.257185,0.39,1,597317,596876,441
151116041,3.44604,5.9941,438,124100,0.355437,0.4,1,597319,596881,438
151118961,8.68921,5.99882,442,124100,0.359087,0.36,1,597329,596887,442
151121881,3.33784,2.79976,442,124100,0.359818,0.33,1,597331,596889,442
151124801,2.26757,2.15995,442,124100,0.351963,0.42,1,597333,596891,442
151127721,5.25351,9.23199,437,124100,0.374393,0.33,1,597339,596902,437
151130641,76.2507,73.0464,442,124100,0.346879,0.35,1,597433,596991,442
151133561,35.2501,37.8093,438,124100,0.333376,0.3,1,597458,597020,438
151136481,11.85,10.7619,440,124100,0.282675,0.34,1,597464,597024,440
151139401,16.77,14.9524,442,124100,0.336535,0.4,1,597482,597040,442
151142321,8.154,10.9905,438,124100,0.283307,0.29,1,597488,597050,438
151145241,21.6308,21.3981,439,124100,0.272661,0.29,1,597513,597074,439
151148161,5.92616,5.87962,439,124100,0.262532,0.32,1,597515,597076,439
151151081,12.3852,10.7759,441,124100,0.324506,0.39,1,597529,597088,441
151154001,8.87705,8.55518,441,124100,0.328901,0.4,1,597537,597096,441
151156921,9.77541,12.911,437,124100,0.35378,0.34,1,597547,597110,437
151159841,8.35508,8.98221,437,124100,0.326756,0.34,1,597555,597118,437
151162761,17.671,17.7964,437,124100,0.281351,0.3,1,597575,597138,437
151165681,6.7342,5.15929,439,124100,0.29627,0.27,1,597579,597140,439
151167541,3.74684,3.43186,439,124100,0.315254,0.37,1,597582,597143,439
151170461,7.14937,7.88637,438,124100,0.343051,0.32,1,597590,597152,438
151173381,9.42987,3.97727,445,124100,0.34061,0.34,1,597600,597155,445
151176301,5.88597,10.3955,438,124100,0.356122,0.25,1,597605,597167,438
151179221,9.9772,5.27909,445,124100,0.399224,0.37,1,597616,597171,445
151182141,5.19544,9.85582,438,124100,0.351845,0.33,1,597620,597182,438
151185061,7.43909,5.17116,442,124100,0.294369,0.29,1,597628,597186,442
151187301,3.08782,4.23423,440,124100,0.282874,0.25,1,597630,597190,440
151190221,3.81756,4.04685,440,124100,0.368575,0.34,1,597634,597194,440
151193141,5.56351,7.20937,438,124100,0.313715,0.34,1,597640,597202,438
151196061,8.3127,6.24187,441,124100,0.390743,0.3,1,597649,597208,441
151198981,4.86254,4.44837,441,124100,0.366149,0.36,1,597653,597212,441
151201861,4.17251,5.68968,439,124100,0.29723,0.37,1,597657,597218,439
151204781,2.4345,2.73793,439,124100,0.259446,0.37,1,597659,597220,439
151207701,6.8869,3.74759,443,124100,0.307889,0.38,1,597667,597224,443
151210181,3.77738,2.34952,444,124100,0.341578,0.34,1,597670,597226,444
151213101,3.15548,3.6699,443,124100,0.300316,0.34,1,597673,597230,443
151216021,2.2311,2.33398,443,124100,0.332063,0.41,1,597675,597232,443
151218941,5.24622,10.0668,437,124100,0.338413,0.33,1,597681,597244,437
151221861,9.04924,8.41336,439,124100,0.379683,0.39,1,597691,597252,439
151224781,19.4098,16.8827,442,124100,0.323936,0.39,1,597713,597271,442
151227701,13.482,17.7765,436,124100,0.368787,0.29,1,597725,597289,436
151230621,13.0964,14.7553,435,124100,0.409757,0.28,1,597738,597303,435
151233541,5.81928,6.15106,435,124100,0.393952,0.25,1,597742,597307,435
151236461,13.1639,9.23021,440,124100,0.31079,0.38,1,597757,597317,440
151239381,4.23277,3.44604,440,124100,0.318158,0.36,1,597759,597319,440
151242301,10.4466,8.68921,442,124100,0.335632,0.36,1,597771,597329,442
151245221,3.68931,3.33784,442,124100,0.315126,0.35,1,597773,597331,442
151247621,5.53786,2.26757,446,124100,0.327025,0.38,1,597779,597333,446
151250541,2.70757,10.8535,435,124100,0.297405,0.34,1,597781,597346,435
151253461,74.1415,71.7707,440,124100,0.339481,0.33,1,597873,597433,440
151256381,30.0283,34.3541,434,124100,0.347896,0.27,1,597892,597458,434
151259301,13.2057,11.6708,437,124100,0.333579,0.35,1,597901,597464,437
151262221,13.8411,16.7342,433,124100,0.354716,0.27,1,597915,597482,433
151265141,12.3682,8.14683,439,124100,0.334943,0.27,1,597927,597488,439
151268061,18.4736,21.6294,434,124100,0.354989,0.26,1,597947,597513,434
151270981,10.0947,5.92587,440,124100,0.294998,0.34,1,597955,597515,440
151273901,11.6189,12.3852,438,124100,0.243,0.33,1,597967,597529,438
151276821,10.3238,8.87703,440,124100,0.3366,0.36,1,597977,597537,440
151279741,8.46476,9.77541,438,124100,0.32332,0.32,1,597985,597547,438
151282661,8.09295,8.35508,438,124100,0.368664,0.27,1,597993,597555,438
151285581,16.0186,17.671,436,124100,0.297733,0.3,1,598011,597575,436
151288501,9.60372,6.7342,440,124100,0.227547,0.32,1,598019,597579,440
151291421,3.52074,3.74684,439,124100,0.189509,0.35,1,598021,597582,439
151294341,7.90415,7.14937,440,124100,0.293902,0.34,1,598030,597590,440
151297261,8.78083,9.42987,439,124100,0.25878,0.36,1,598039,597600,439
151300181,8.15617,5.88597,442,124100,0.275756,0.41,1,598047,597605,442
151303101,4.83123,9.9772,435,124100,0.255151,0.34,1,598051,597616,435
151306021,4.16625,5.19544,435,124100,0.30703,0.28,1,598055,597620,435
151308941,8.03325,7.43909,436,124100,0.349406,0.28,1,598064,597628,436
151311861,5.60665,3.08782,439,124100,0.309881,0.39,1,598069,597630,439
151314181,6.72133,3.81756,442,124100,0.285976,0.3,1,598076,597634,442
151317101,6.14427,5.56351,442,124100,0.313195,0.41,1,598082,597640,442
151320021,2.82885,8.3127,435,124100,0.286639,0.36,1,598084,597649,435
151322501,8.56577,4.86254,441,124100,0.305328,0.28,1,598094,597653,441
151325421,3.31315,4.17251,439,124100,0.301066,0.25,1,598096,597657,439
151328341,2.26263,2.4345,439,124100,0.292213,0.32,1,598098,597659,439
151330821,6.85253,6.8869,439,124100,0.322443,0.35,1,598106,597667,439
151333741,2.97051,3.77738,438,124100,0.336489,0.29,1,598108,597670,438
151336661,5.3941,3.15548,441,124100,0.275298,0.34,1,598114,597673,441
151338721,2.67882,2.2311,441,124100,0.27106,0.34,1,598116,597675,441
151341641,5.33576,5.24622,441,124100,0.326212,0.39,1,598122,597681,441
151344561,7.46715,9.04924,439,124100,0.353242,0.31,1,598130,597691,439
151347481,19.0934,19.4098,439,124100,0.334648,0.38,1,598152,597713,439
151350401,15.0187,13.482,441,124100,0.30693,0.42,1,598166,597725,441
151353321,9.40374,13.0964,436,124100,0.365386,0.39,1,598174,597738,436
151356241,5.08075,5.81928,436,124100,0.385077,0.29,1,598178,597742,436
151359161,13.8161,13.1639,437,124100,0.301015,0.32,1,598194,597757,437
151362081,5.96323,4.23277,439,124100,0.252203,0.34,1,598198,597759,439
151365001,8.39265,10.4466,436,124100,0.338441,0.31,1,598207,597771,436
151367921,3.27853,3.68931,436,124100,0.355688,0.33,1,598209,597773,436
151369921,5.45571,5.53786,436,124100,0.335138,0.31,1,598215,597779,436
151372841,5.09114,5.10757,436,124100,0.363028,0.31,1,598220,597784,436
151375761,72.2182,1.02151,525,124100,0.304606,0.35,1,598309,597784,525
151378681,32.0436,71.4043,458,124100,0.316921,0.35,1,598331,597873,458
151381601,8.80873,29.4809,442,124100,0.359384,0.33,1,598334,597892,442
151384521,16.1617,13.0962,451,124100,0.263877,0.36,1,598352,597901,451
151387441,14.4323,13.8192,451,124100,0.324775,0.33,1,598366,597915,451
151390361,18.8865,12.3638,459,124100,0.336955,0.36,1,598386,597927,459
151393281,5.37729,18.4728,441,124100,0.355391,0.28,1,598388,597947,441
151396201,15.4755,10.0946,451,124100,0.303078,0.23,1,598406,597955,451
151399121,9.49509,11.6189,447,124100,0.324616,0.36,1,598414,597967,447
151402041,8.29902,10.3238,445,124100,0.376923,0.32,1,598422,597977,445
151404961,8.8598,8.46476,446,124100,0.347385,0.38,1,598431,597985,446
151407881,10.572,8.09295,449,124100,0.325477,0.28,1,598442,597993,449
151410801,13.3144,16.0186,445,124100,0.313095,0.21,1,598456,598011,445
151413601,4.26288,9.60372,439,124100,0.286619,0.32,1,598458,598019,439
151416521,5.65258,5.92074,440,124100,0.241324,0.32,1,598464,598024,440
151419441,7.53052,5.98415,442,124100,0.352265,0.25,1,598472,598030,442
151422361,9.5061,8.39683,443,124100,0.334453,0.28,1,598482,598039,443
151425281,8.30122,8.07937,443,124100,0.266891,0.25,1,598490,598047,443
151428161,4.86024,4.81587,443,124100,0.229378,0.3,1,598494,598051,443
151431081,5.77205,4.96317,444,124100,0.277876,0.36,1,598500,598056,444
151434001,4.35441,7.39263,440,124100,0.287575,0.3,1,598504,598064,440
151436921,5.67088,5.47853,441,124100,0.273515,0.32,1,598510,598069,441
151439841,9.13418,11.4957,438,124100,0.278703,0.28,1,598520,598082,438
151442721,3.42684,3.89914,438,124100,0.343741,0.31,1,598522,598084,438
151445641,7.08537,8.77983,436,124100,0.268748,0.3,1,598530,598094,436
151448561,6.21707,3.35597,440,124100,0.31775,0.29,1,598536,598096,440
151451041,2.84341,2.27119,440,124100,0.32755,0.33,1,598538,598098,440
151453961,3.76868,6.85424,436,124100,0.30551,0.34,1,598542,598106,436
151456881,2.35374,2.97085,436,124100,0.269102,0.26,1,598544,598108,436
151459361,6.87075,5.39417,438,124100,0.34982,0.27,1,598552,598114,438
151462281,2.97415,2.67883,438,124100,0.373964,0.34,1,598554,598116,438
151465201,7.79483,5.33577,441,124100,0.346793,0.36,1,598563,598122,441
151468121,7.95897,7.46715,441,124100,0.325359,0.33,1,598571,598130,441
151471041,16.7918,19.0934,438,124100,0.369072,0.3,1,598590,598152,438
151473961,17.7584,15.0187,442,124100,0.337814,0.38,1,598608,598166,442
151476881,8.35167,9.40374,440,124100,0.331563,0.39,1,598614,598174,440
151479801,4.87033,5.08075,440,124100,0.298313,0.28,1,598618,598178,440
151482721,12.1741,13.8161,438,124100,0.339663,0.24,1,598632,598194,438
151485641,7.23481,5.96323,440,124100,0.283933,0.36,1,598638,598198,440
151488561,8.64696,8.39265,440,124100,0.288787,0.36,1,598647,598207,440
151491481,3.32939,3.27853,440,124100,0.345757,0.33,1,598649,598209,440
151494401,10.2659,5.45571,446,124100,0.365151,0.37,1,598661,598215,446
151497321,73.2532,5.09114,530,124100,0.20103,0.29,1,598750,598220,530
151500241,29.8506,72.2182,460,124100,0.320206,0.32,1,598769,598309,460
151503161,9.17013,32.0436,442,124100,0.280041,0.37,1,598773,598331,442
151506081,15.434,8.80873,456,124100,0.272008,0.24,1,598790,598334,456
151509001,11.0868,16.1617,448,124100,0.342402,0.34,1,598800,598352,448
151511921,18.2174,14.4323,454,124100,0.22848,0.34,1,598820,598366,454
151514841,5.24347,18.8865,436,124100,0.205696,0.36,1,598822,598386,436
151517761,19.4487,5.37729,457,124100,0.185139,0.29,1,598845,598388,457
151520681,11.0897,15.4755,448,124100,0.325028,0.33,1,598854,598406,448
151523601,7.01795,9.49509,446,124100,0.353006,0.39,1,598860,598414,446
151526521,7.00359,8.29902,445,124100,0.334601,0.34,1,598867,598422,445
151529441,12.6007,8.8598,450,124100,0.35492,0.32,1,598881,598431,450
151532361,7.32014,10.572,445,124100,0.294984,0.31,1,598887,598442,445
151535281,3.06403,13.3144,433,124100,0.250997,0.28,1,598889,598456,433
151538201,11.8128,4.26288,445,124100,0.242199,0.23,1,598903,598458,445
151541121,7.96256,5.65258,446,124100,0.17644,0.38,1,598910,598464,446
151544041,4.79251,7.53052,442,124100,0.171288,0.33,1,598914,598472,442
151546961,10.5585,9.5061,444,124100,0.290258,0.25,1,598926,598482,444
151549841,5.3117,8.30122,440,124100,0.290052,0.36,1,598930,598490,440
151552761,5.86234,6.46024,440,124100,0.24201,0.29,1,598936,598496,440
151555681,7.57247,4.49205,444,124100,0.232402,0.29,1,598944,598500,444
151558601,3.11449,4.09841,442,124100,0.19848,0.27,1,598946,598504,442
151561521,7.0229,5.61968,444,124100,0.247696,0.28,1,598954,598510,444
151564441,3.00458,9.12394,436,124100,0.257539,0.36,1,598956,598520,436
151567361,8.60092,3.42479,444,124100,0.259508,0.25,1,598966,598522,444
151570281,4.12018,7.08496,439,124100,0.243902,0.33,1,598969,598530,439
151573201,7.22404,6.21699,441,124100,0.30478,0.33,1,598977,598536,441
151576121,4.64481,2.8434,443,124100,0.284956,0.3,1,598981,598538,443
151578961,2.52896,3.76868,441,124100,0.248991,0.39,1,598983,598542,441
151581881,5.30579,4.75374,442,124100,0.313798,0.37,1,598989,598547,442
151584801,2.66116,4.95075,439,124100,0.32676,0.38,1,598991,598552,439
151587721,9.33223,2.59015,448,124100,0.329352,0.34,1,599002,598554,448
151590641,7.46645,7.71803,446,124100,0.33787,0.32,1,599009,598563,446
151593561,14.2933,7.94361,454,124100,0.315574,0.38,1,599025,598571,454
151596481,17.2587,16.7887,453,124100,0.255115,0.33,1,599043,598590,453
151599401,11.4517,17.7577,445,124100,0.283023,0.33,1,599053,598608,445
151602321,5.49035,8.35155,443,124100,0.264605,0.29,1,599057,598614,443
151605241,9.89807,4.87031,450,124100,0.300921,0.35,1,599068,598618,450
151608161,6.77961,12.1741,442,124100,0.252184,0.27,1,599074,598632,442
151611081,10.1559,7.23481,447,124100,0.218437,0.29,1,599085,598638,447
151614001,3.63118,8.64696,440,124100,0.203687,0.36,1,599087,598647,440
151616921,8.72624,3.32939,448,124100,0.248737,0.37,1,599097,598649,448
151619841,72.1452,10.2659,524,124100,0.201747,0.16,1,599185,598661,524
151622761,32.029,73.2532,457,124100,0.168349,0.35,1,599207,598750,457
151625681,9.60581,29.8506,442,124100,0.32967,0.27,1,599211,598769,442
151628601,16.3212,9.17013,456,124100,0.241934,0.27,1,599229,598773,456
151631521,9.66423,15.434,447,124100,0.176387,0.36,1,599237,598790,447
151634441,17.9328,11.0868,457,124100,0.219277,0.2,1,599257,598800,457
151637361,6.78657,18.2174,441,124100,0.227855,0.2,1,599261,598820,441
151640281,18.1573,5.24347,460,124100,0.253571,0.18,1,599282,598822,460
151643201,11.6315,19.4487,447,124100,0.290714,0.36,1,599292,598845,447
151646121,7.12629,11.0897,444,124100,0.322143,0.36,1,599298,598854,444
151649041,4.62526,7.01795,442,124100,0.328429,0.33,1,599302,598860,442
151651961,9.72505,7.00359,446,124100,0.313686,0.36,1,599313,598867,446
151654881,9.14501,12.6007,441,124100,0.254737,0.28,1,599322,598881,441
151656961,3.429,7.32014,437,124100,0.242947,0.37,1,599324,598887,437
151659881,7.0858,5.46403,440,124100,0.192589,0.24,1,599332,598892,440
151662801,12.6172,9.89281,443,124100,0.246518,0.16,1,599346,598903,443
151665721,6.52343,7.57856,441,124100,0.201304,0.17,1,599351,598910,441
151668641,6.90469,4.71571,444,124100,0.288261,0.32,1,599358,598914,444
151671561,6.18094,10.5431,438,124100,0.273652,0.29,1,599364,598926,438
151674481,2.83619,5.30863,436,124100,0.27073,0.23,1,599366,598930,436
151677401,10.1672,5.86173,442,124100,0.246146,0.23,1,599378,598936,442
151680321,3.63345,7.57235,436,124100,0.209229,0.19,1,599380,598944,436
151683241,7.12669,3.11447,442,124100,0.193846,0.26,1,599388,598946,442
151686161,3.02534,7.02289,436,124100,0.190769,0.26,1,599390,598954,436
151689081,9.40507,3.00458,445,124100,0.278154,0.26,1,599401,598956,445
151692001,3.48101,8.60092,437,124100,0.263631,0.24,1,599403,598966,437
151694921,8.6962,4.12018,444,124100,0.188726,0.32,1,599413,598969,444
151697841,6.53924,7.22404,442,124100,0.213745,0.28,1,599419,598977,442
151700761,2.90785,4.64481,440,124100,0.186749,0.24,1,599421,598981,440
151703681,3.78157,2.52896,442,124100,0.26935,0.33,1,599425,598983,442
151706601,3.95631,5.30579,440,124100,0.25387,0.33,1,599429,598989,440
151708341,1.59126,2.66116,439,124100,0.258774,0.33,1,599430,598991,439
151711261,8.31825,9.33223,438,124100,0.227755,0.34,1,599440,599002,438
151714181,7.26365,7.46645,438,124100,0.229551,0.31,1,599447,599009,438
151717101,12.6527,14.2933,436,124100,0.26991,0.24,1,599461,599025,436
151720021,17.7305,17.2587,437,124100,0.261982,0.29,1,599480,599043,437
151722941,8.34611,11.4517,433,124100,0.228396,0.26,1,599486,599053,433
151725861,8.06922,5.49035,437,124100,0.253679,0.31,1,599494,599057,437
151728781,7.21384,9.89807,433,124100,0.242736,0.24,1,599501,599068,433
151731701,4.64277,6.77961,431,124100,0.232547,0.21,1,599505,599074,431
151734621,10.5286,10.1559,432,124100,0.254509,0.2,1,599517,599085,432
151737541,6.90571,3.63118,436,124100,0.226902,0.26,1,599523,599087,436
151740461,7.78114,8.72624,434,124100,0.16538,0.19,1,599531,599097,434
151743381,71.9562,72.1452,434,124100,0.129076,0.16,1,599619,599185,434
151746301,32.7912,32.029,435,124100,0.177815,0.37,1,599642,599207,435
151749221,11.3582,9.60581,437,124100,0.187563,0.22,1,599648,599211,437
151752141,11.0716,16.3212,430,124100,0.197513,0.16,1,599659,599229,430
151755061,13.4143,9.66423,436,124100,0.167503,0.23,1,599673,599237,436
151757981,18.6829,17.9328,436,124100,0.209501,0.23,1,599693,599257,436
151760901,6.93657,6.78657,436,124100,0.1539,0.26,1,599697,599261,436
151763821,18.1873,18.1573,436,124100,0.23078,0.3,1,599718,599282,436
151766741,13.2375,11.6315,438,124100,0.118156,0.33,1,599730,599292,438
151769661,7.44749,7.12629,438,124100,0.0316312,0.33,1,599736,599298,438
151771781,5.4895,4.62526,439,124100,0.198326,0.31,1,599741,599302,439
151774701,5.0979,9.72505,433,124100,0.215665,0.24,1,599746,599313,433
151777621,6.61958,9.14501,431,124100,0.243133,0.24,1,599753,599322,431
151780541,2.92392,3.429,431,124100,0.248627,0.18,1,599755,599324,431
151782801,8.58478,7.0858,433,124100,0.217725,0.26,1,599765,599332,433
151785721,11.317,12.6172,431,124100,0.203545,0.19,1,599777,599346,431
151788641,10.2634,6.52343,436,124100,0.152709,0.31,1,599787,599351,436
151791561,5.25268,6.90469,433,124100,0.110542,0.27,1,599791,599358,433
151794481,6.65054,6.18094,434,124100,0.134108,0.27,1,599798,599364,434
151797401,2.93011,2.83619,434,124100,0.138822,0.24,1,599800,599366,434
151800321,8.58602,10.1672,432,124100,0.139764,0.2,1,599810,599378,432
151803241,3.3172,3.63345,432,124100,0.139953,0.19,1,599812,599380,432
151806101,7.86344,7.12669,433,124100,0.147991,0.19,1,599821,599388,433
151809021,4.77269,3.02534,435,124100,0.181598,0.3,1,599825,599390,435
151811941,4.95454,9.40507,429,124100,0.14832,0.26,1,599830,599401,429
151814861,2.59091,3.48101,429,124100,0.197664,0.17,1,599832,599403,429
151817781,7.71818,8.6962,428,124100,0.175533,0.22,1,599841,599413,428
151820701,10.3436,6.53924,433,124100,0.171107,0.18,1,599852,599419,433
151822321,2.86873,2.90785,432,124100,0.154221,0.18,1,599853,599421,432
151825241,3.77375,2.18157,434,124100,0.214844,0.29,1,599857,599423,434
151828161,2.35475,2.03631,434,124100,0.194969,0.25,1,599859,599425,434
151831081,2.87095,3.60726,433,124100,0.182994,0.22,1,599862,599429,433
151834001,9.37419,9.52145,433,124100,0.172599,0.23,1,599873,599440,433
151836921,9.87484,7.50429,436,124100,0.21852,0.28,1,599883,599447,436
151839841,11.575,12.7009,434,124100,0.267704,0.26,1,599895,599461,434
151842761,13.515,17.7402,429,124100,0.269541,0.22,1,599909,599480,429
151845681,12.303,8.34803,435,124100,0.293908,0.26,1,599921,599486,435
151848601,7.2606,8.06961,433,124100,0.234782,0.24,1,599927,599494,433
151851521,9.45212,7.21392,436,124100,0.254956,0.23,1,599937,599501,436
151854441,3.49042,4.64278,434,124100,0.282991,0.26,1,599939,599505,434
151857361,7.09808,10.5286,430,124100,0.256598,0.22,1,599947,599517,430
151860281,6.21962,6.90571,430,124100,0.22732,0.15,1,599953,599523,430
151863201,12.4439,7.78114,436,124100,0.197464,0.12,1,599967,599531,436
151866121,65.6888,71.9562,427,124100,0.239493,0.19,1,600046,599619,427
151869041,35.5378,32.7912,432,124100,0.311899,0.19,1,600074,599642,432
151871961,10.3076,11.3582,430,124100,0.29438,0.2,1,600078,599648,430
151874881,12.4615,11.0716,432,124100,0.282876,0.16,1,600091,599659,432
151877801,14.4923,13.4143,433,124100,0.240575,0.22,1,600106,599673,433
151880721,18.8985,18.6829,433,124100,0.264115,0.14,1,600126,599693,433
151883641,5.37969,6.93657,431,124100,0.228823,0.25,1,600128,599697,431
151886561,13.8759,18.1873,426,124100,0.325765,0.09,1,600144,599718,426
151889481,17.9752,13.2375,433,124100,0.305153,0.01,1,600163,599730,433
151892401,8.39504,7.44749,433,124100,0.293031,0.24,1,600169,599736,433
151895321,6.47901,5.4895,434,124100,0.266606,0.22,1,600175,599741,434
151898241,4.4958,5.0979,433,124100,0.349321,0.25,1,600179,599746,433
151901161,2.49916,6.61958,428,124100,0.365864,0.25,1,600181,599753,428
151904081,5.29983,2.92392,432,124100,0.377173,0.21,1,600187,599755,432
151907001,15.46,8.58478,440,124100,0.267435,0.2,1,600205,599765,440
151909921,10.292,11.317,437,124100,0.213487,0.14,1,600214,599777,437
151912841,5.2584,10.2634,431,124100,0.322697,0.1,1,600218,599787,431
151915761,7.45168,5.25268,435,124100,0.360539,0.14,1,600226,599791,435
151918681,3.09034,6.65054,430,124100,0.368108,0.14,1,600228,599798,430
151921601,8.61807,2.93011,438,124100,0.369622,0.14,1,600238,599800,438
151924521,3.32361,8.58602,430,124100,0.369924,0.14,1,600240,599810,430
151927441,7.86472,3.3172,437,124100,0.377985,0.15,1,600249,599812,437
151930361,5.57294,7.86344,433,124100,0.331597,0.19,1,600254,599821,433
151933281,4.31459,4.77269,433,124100,0.298319,0.14,1,600258,599825,433
151936201,5.66292,4.95454,434,124100,0.291664,0.21,1,600264,599830,434
151939121,5.93258,2.59091,438,124100,0.346333,0.17,1,600270,599832,438
151942041,9.98652,7.71818,440,124100,0.325267,0.17,1,600281,599841,440
151944961,3.5973,10.3436,431,124100,0.289053,0.15,1,600283,599852,431
151947881,4.71946,2.86873,435,124100,0.249811,0.23,1,600288,599853,435
151949621,5.74389,3.77375,437,124100,0.337962,0.2,1,600294,599857,437
151952541,2.74878,7.15475,431,124100,0.331592,0.2,1,600296,599865,431
151955461,8.54976,1.43095,441,124100,0.282318,0.17,1,600306,599865,441
151958381,6.50995,6.68619,439,124100,0.360464,0.23,1,600312,599873,439
151961301,14.902,9.33724,446,124100,0.312093,0.28,1,600329,599883,446
151964221,12.5804,11.4674,446,124100,0.358419,0.27,1,600341,599895,446
151967141,11.3161,13.4935,443,124100,0.375684,0.3,1,600352,599909,443
151970061,9.46322,12.2987,440,124100,0.363137,0.22,1,600361,599921,440
151972981,9.89264,7.25974,444,124100,0.264627,0.26,1,600371,599927,444
151975901,3.57853,9.45195,436,124100,0.252925,0.29,1,600373,599937,436
151978821,6.31571,3.49039,441,124100,0.354585,0.25,1,600380,599939,441
151981741,4.46314,7.09808,437,124100,0.374917,0.22,1,600384,599947,437
151984661,15.2926,6.21962,449,124100,0.290983,0.19,1,600402,599953,449
151987581,66.2585,12.4439,514,124100,0.266197,0.25,1,600481,599967,514
151990501,34.0517,65.6888,461,124100,0.221239,0.33,1,600507,600046,461
151993421,10.8103,35.5378,438,124100,0.324248,0.29,1,600512,600074,438
151996341,14.1621,10.3076,449,124100,0.33685,0.28,1,600527,600078,449
151999261,14.8324,12.4615,451,124100,0.29937,0.23,1,600542,600091,451
152002181,21.3665,14.4923,459,124100,0.307874,0.27,1,600565,600106,459
152005101,5.8733,18.8985,441,124100,0.309575,0.22,1,600567,600126,441
152008021,13.9747,5.37969,455,124100,0.309915,0.35,1,600583,600128,455
152010941,13.9949,13.8759,453,124100,0.333983,0.3,1,600597,600144,453
152013861,12.399,17.9752,446,124100,0.266797,0.29,1,600609,600163,446
152016781,6.4798,8.39504,445,124100,0.293359,0.26,1,600614,600169,445
152019701,5.29596,6.47901,444,124100,0.250672,0.37,1,600619,600175,444
152022621,2.65919,4.4958,442,124100,0.242134,0.37,1,600621,600179,442
152024501,1.33184,2.49916,441,124100,0.224427,0.38,1,600622,600181,441
152027421,1.86637,5.29983,437,124100,0.308885,0.24,1,600624,600187,437
152030341,17.1733,15.46,440,124100,0.253777,0.2,1,600645,600205,440
152033261,11.4347,10.292,441,124100,0.290755,0.35,1,600655,600214,441
152036181,5.48693,5.2584,441,124100,0.266151,0.37,1,600659,600218,441
152039101,4.29739,7.45168,437,124100,0.25323,0.37,1,600663,600226,437
152042021,5.65948,3.09034,441,124100,0.250646,0.37,1,600669,600228,441
152044941,7.5319,8.61807,439,124100,0.314129,0.37,1,600677,600238,439
152047861,4.70638,3.32361,441,124100,0.294826,0.38,1,600681,600240,441
152050781,5.74128,7.86472,438,124100,0.314965,0.32,1,600687,600249,438
152053701,4.34826,5.57294,437,124100,0.342993,0.29,1,600691,600254,437
152055281,3.26965,4.31459,436,124100,0.380599,0.33,1,600694,600258,436
152058201,6.25393,4.06292,439,124100,0.36412,0.29,1,600701,600262,439
152061121,5.25079,2.41258,442,124100,0.360824,0.36,1,600706,600264,442
152064041,12.2502,5.28252,450,124100,0.320165,0.32,1,600720,600270,450
152066961,4.05003,9.8565,441,124100,0.288033,0.28,1,600722,600281,441
152069881,5.61001,3.5713,445,124100,0.249607,0.24,1,600728,600283,445
152072801,2.722,4.71426,442,124100,0.337921,0.33,1,600730,600288,442
152075041,2.9444,7.34285,437,124100,0.371584,0.36,1,600733,600296,437
152077961,8.58888,4.66857,443,124100,0.370317,0.27,1,600743,600300,443
152080881,8.11778,5.73371,445,124100,0.394063,0.38,1,600751,600306,445
152083801,16.0236,5.94674,457,124100,0.358813,0.3,1,600769,600312,457
152086721,12.0047,14.7893,451,124100,0.367763,0.37,1,600780,600329,451
152089641,10.4009,12.5579,449,124100,0.369552,0.38,1,600790,600341,449
152092561,5.28019,11.3116,442,124100,0.337911,0.36,1,600794,600352,442
152095481,13.056,9.46231,448,124100,0.371582,0.24,1,600809,600361,448
152098401,4.21121,9.89246,440,124100,0.378316,0.25,1,600811,600371,440
152101041,5.64224,3.57849,444,124100,0.315663,0.38,1,600817,600373,444
152103961,2.72845,7.9157,437,124100,0.351133,0.38,1,600819,600382,437
152106881,13.3457,3.18314,451,124100,0.350227,0.27,1,600835,600384,451
152109801,62.6691,15.0366,508,124100,0.334045,0.26,1,600910,600402,508
152112721,39.7338,66.2073,463,124100,0.242809,0.21,1,600944,600481,463
152115641,11.1468,34.0415,441,124100,0.304562,0.35,1,600948,600507,441
152118561,13.4294,10.8083,450,124100,0.308912,0.34,1,600962,600512,450
152121481,17.8859,14.1617,454,124100,0.245782,0.29,1,600981,600527,454
152124401,16.3772,14.8323,455,124100,0.337156,0.31,1,600997,600542,455
152127321,4.87543,21.3665,434,124100,0.355431,0.31,1,600999,600565,434
152130241,19.3751,5.87329,455,124100,0.255086,0.31,1,601022,600567,455
152133161,10.275,13.9747,447,124100,0.291017,0.34,1,601030,600583,447
152136081,11.655,13.9949,445,124100,0.338203,0.25,1,601042,600597,445
152139001,10.331,12.399,443,124100,0.259641,0.3,1,601052,600609,443
152141921,6.8662,6.4798,444,124100,0.307928,0.24,1,601058,600614,444
152144841,2.97324,5.29596,441,124100,0.285586,0.24,1,601060,600619,441
152147761,2.19465,2.65919,441,124100,0.249117,0.33,1,601062,600621,441
152149921,2.03893,2.93184,440,124100,0.241823,0.35,1,601064,600624,440
152152841,14.0078,2.98637,454,124100,0.312365,0.24,1,601081,600627,454
152155761,9.20156,14.9973,444,124100,0.206473,0.3,1,601089,600645,444
152158681,5.04031,10.9995,438,124100,0.321295,0.26,1,601093,600655,438
152161361,9.00806,5.39989,444,124100,0.360259,0.27,1,601103,600659,444
152164281,3.40161,6.67998,439,124100,0.368052,0.25,1,601105,600666,439
152167201,8.68032,3.736,446,124100,0.33761,0.33,1,601115,600669,446
152170121,6.53606,7.1472,444,124100,0.307522,0.29,1,601121,600677,444
152173041,4.50721,4.62944,444,124100,0.237504,0.32,1,601125,600681,444
152175961,5.70144,5.72589,444,124100,0.159501,0.35,1,601131,600687,444
152178001,4.34029,4.34518,444,124100,0.2399,0.36,1,601135,600691,444
152180921,5.66806,8.86904,440,124100,0.19198,0.36,1,601141,600701,440
152183841,2.73361,5.77381,437,124100,0.294396,0.31,1,601143,600706,437
152186761,14.9467,12.3548,441,124100,0.274879,0.28,1,601161,600720,441
152189681,4.58934,4.07095,441,124100,0.294976,0.24,1,601163,600722,441
152191521,4.91787,5.61419,440,124100,0.258995,0.38,1,601168,600728,440
152194441,2.58357,3.52284,439,124100,0.219799,0.38,1,601170,600731,439
152197361,2.11671,0.704568,441,124100,0.21196,0.38,1,601172,600731,441
152200281,10.0233,1.74091,451,124100,0.242392,0.37,1,601184,600733,451
152203201,5.20467,8.34818,445,124100,0.240478,0.4,1,601188,600743,445
152206121,17.0409,8.06964,457,124100,0.256096,0.35,1,601208,600751,457
152209041,13.0082,16.0139,451,124100,0.283219,0.37,1,601220,600769,451
152211961,10.6016,12.0028,450,124100,0.296644,0.37,1,601230,600780,450
152214881,5.32033,10.4006,444,124100,0.299329,0.33,1,601234,600790,444
152217801,12.2641,5.28011,454,124100,0.299866,0.38,1,601248,600794,454
152220721,4.05281,13.056,441,124100,0.299973,0.38,1,601250,600809,441
152223641,7.21056,4.2112,447,124100,0.235995,0.3,1,601258,600811,447
152226561,3.04211,5.64224,443,124100,0.223199,0.36,1,601260,600817,443
152229481,12.6084,2.72845,456,124100,0.30064,0.35,1,601275,600819,456
152232401,59.3217,13.3457,511,124100,0.292128,0.33,1,601346,600835,511
152235321,39.8643,62.6691,471,124100,0.258426,0.22,1,601381,600910,471
152238241,11.1729,39.7338,441,124100,0.219685,0.32,1,601385,600944,441
152241161,11.8346,11.1468,449,124100,0.307937,0.31,1,601397,600948,449
152244081,18.3669,13.4294,455,124100,0.269587,0.23,1,601417,600962,455
152247001,14.8734,17.8859,450,124100,0.325917,0.36,1,601431,600981,450
152249921,6.17468,16.3772,438,124100,0.297183,0.36,1,601435,600997,438
152252841,20.4349,4.87543,460,124100,0.179437,0.23,1,601459,600999,460
152255761,12.087,19.3751,447,124100,0.235887,0.3,1,601469,601022,447
152258681,7.2174,10.275,445,124100,0.223177,0.35,1,601475,601030,445
152261601,9.44348,11.655,443,124100,0.284635,0.24,1,601485,601042,443
152264521,6.6887,10.331,439,124100,0.272927,0.32,1,601491,601052,439
152267441,7.73774,6.8662,441,124100,0.294585,0.28,1,601499,601058,441
152269521,3.14755,2.97324,441,124100,0.298917,0.24,1,601501,601060,441
152272441,3.82951,5.39465,439,124100,0.267783,0.24,1,601505,601066,439
152275361,11.1659,1.07893,452,124100,0.269557,0.33,1,601518,601066,452
152278281,5.43318,12.2158,441,124100,0.237911,0.18,1,601522,601081,441
152281201,9.08664,8.84316,443,124100,0.231582,0.35,1,601532,601089,443
152284121,5.01733,4.96863,443,124100,0.278316,0.37,1,601536,601093,443
152287041,7.40347,10.5937,439,124100,0.303663,0.33,1,601544,601105,439
152289961,4.68069,10.1187,433,124100,0.308733,0.3,1,601548,601115,433
152292881,4.13614,6.82375,431,124100,0.253747,0.22,1,601552,601121,431
152295801,7.22723,4.56475,435,124100,0.290749,0.14,1,601560,601125,435
152297601,2.24545,5.71295,430,124100,0.28215,0.26,1,601561,601131,430
152300521,9.24909,4.34259,437,124100,0.28843,0.26,1,601572,601135,437
152303441,3.44982,0.868518,439,124100,0.297686,0.18,1,601574,601135,439
152306361,2.28996,4.9737,435,124100,0.267537,0.32,1,601576,601141,435
152308421,12.458,2.59474,448,124100,0.277507,0.27,1,601591,601143,448
152311341,8.8916,14.9189,438,124100,0.247501,0.3,1,601599,601161,438
152314241,4.97832,4.58379,440,124100,0.2895,0.21,1,601603,601163,440
152317161,2.59566,8.11676,433,124100,0.2659,0.21,1,601605,601172,433
152320081,2.11913,1.62335,435,124100,0.23718,0.25,1,601607,601172,435
152323001,11.6238,9.92467,437,124100,0.271436,0.24,1,601621,601184,437
152325921,5.52477,5.18493,437,124100,0.318287,0.26,1,601625,601188,437
152328841,13.905,17.037,433,124100,0.327657,0.29,1,601641,601208,433
152331761,15.581,13.0074,437,124100,0.249531,0.3,1,601657,601220,437
152334681,11.1162,10.6015,437,124100,0.241906,0.3,1,601667,601230,437
152337601,5.42324,5.3203,437,124100,0.320381,0.3,1,601671,601234,437
152340521,9.08465,12.2641,433,124100,0.336076,0.3,1,601681,601248,433
152343441,3.41693,4.05281,433,124100,0.339215,0.22,1,601683,601250,433
152346361,11.0834,7.21056,438,124100,0.339843,0.22,1,601696,601258,438
152349281,3.81668,3.04211,438,124100,0.307969,0.32,1,601698,601260,438
152352201,10.3633,12.6084,435,124100,0.325594,0.29,1,601710,601275,435
152355121,60.4727,59.3217,437,124100,0.201119,0.25,1,601783,601346,437
152358041,36.8945,39.8643,433,124100,0.144224,0.21,1,601814,601381,433
152360961,14.5789,11.1729,438,124100,0.236845,0.33,1,601823,601385,438
152363881,9.31578,11.8346,434,124100,0.167369,0.26,1,601831,601397,434
152366801,21.8632,18.3669,439,124100,0.177474,0.34,1,601856,601417,439
152369721,15.5726,14.8734,439,124100,0.235495,0.29,1,601870,601431,439
152372641,4.71453,6.17468,437,124100,0.287099,0.15,1,601872,601435,437
152375561,17.7429,20.4349,434,124100,0.18542,0.25,1,601893,601459,434
152378481,13.9486,12.087,437,124100,0.269084,0.22,1,601906,601469,437
152381401,7.58972,7.2174,437,124100,0.189817,0.3,1,601912,601475,437
152384321,4.71794,9.44348,431,124100,0.229963,0.27,1,601916,601485,431
152387241,10.5436,6.6887,437,124100,0.213993,0.3,1,601928,601491,437
152390161,3.70872,7.73774,431,124100,0.202799,0.3,1,601930,601499,431
152393081,2.34174,3.14755,431,124100,0.16856,0.26,1,601932,601501,431
152395361,3.66835,3.82951,431,124100,0.217712,0.27,1,601936,601505,431
152398281,13.5337,11.1659,434,124100,0.171542,0.23,1,601952,601518,434
152401201,5.90673,5.43318,434,124100,0.218308,0.23,1,601956,601522,434
152404121,11.5813,9.08664,437,124100,0.219662,0.29,1,601969,601532,437
152407041,5.51627,5.01733,437,124100,0.155932,0.31,1,601973,601536,437
152409961,4.30325,7.40347,433,124100,0.0791865,0.31,1,601977,601544,433
152412881,7.26065,4.68069,437,124100,0.223837,0.24,1,601985,601548,437
152415121,3.05213,4.13614,435,124100,0.220767,0.34,1,601987,601552,435
152418041,7.01043,5.62723,437,124100,0.260153,0.3,1,601995,601558,437
152420961,3.00209,2.72545,437,124100,0.268031,0.29,1,601997,601560,437
152423881,8.60042,10.1451,435,124100,0.253606,0.3,1,602007,601572,435
152426801,3.32008,3.62902,435,124100,0.258721,0.26,1,602009,601574,435
152428641,1.46402,2.3258,434,124100,0.243744,0.3,1,602010,601576,434
152431561,15.4928,2.06516,451,124100,0.152749,0.24,1,602029,601578,451
152434481,7.89856,17.213,436,124100,0.16655,0.3,1,602035,601599,436
152437401,6.37971,6.64261,438,124100,0.14531,0.26,1,602041,601603,438
152440321,2.87594,2.92852,438,124100,0.109062,0.23,1,602043,601605,438
152442161,1.37519,2.1857,437,124100,0.205812,0.34,1,602044,601607,437
152445081,8.27504,6.03714,440,124100,0.201162,0.28,1,602054,601614,440
152448001,5.65501,6.80743,438,124100,0.224232,0.33,1,602059,601621,438
152450921,14.731,4.56149,451,124100,0.228846,0.33,1,602076,601625,451
152453841,14.9462,13.7123,450,124100,0.213769,0.23,1,602091,601641,450
152456761,13.3892,15.5425,447,124100,0.210754,0.24,1,602104,601657,447
152459681,5.87785,11.1085,441,124100,0.178151,0.34,1,602108,601667,441
152462601,7.57557,5.4217,445,124100,0.10763,0.34,1,602116,601671,445
152465521,3.11511,9.08434,437,124100,0.093526,0.34,1,602118,601681,437
152468441,7.02302,3.41687,443,124100,0.218705,0.34,1,602126,601683,443
152471361,3.8046,11.0834,433,124100,0.251741,0.3,1,602129,601696,433
152474281,11.9609,3.81667,445,124100,0.186348,0.33,1,602143,601698,445
152477201,58.3922,10.3633,503,124100,0.18927,0.17,1,602213,601710,503
152480121,38.8784,60.4727,464,124100,0.133854,0.13,1,602247,601783,464
152483041,14.9757,36.8945,442,124100,0.202771,0.26,1,602256,601814,442
152485961,10.9951,14.5789,443,124100,0.136554,0.15,1,602266,601823,443
152488881,19.799,9.31578,457,124100,0.179311,0.18,1,602288,601831,457
152491801,16.7598,21.8632,448,124100,0.171862,0.25,1,602304,601856,448
152494721,4.95196,15.5726,436,124100,0.146372,0.3,1,602306,601870,436
152497641,11.3904,4.71453,447,124100,0.229274,0.16,1,602319,601872,447
152500561,18.2781,17.7429,446,124100,0.245855,0.29,1,602339,601893,446
152503481,8.45562,13.9486,439,124100,0.217171,0.17,1,602345,601906,439
152505601,4.89112,7.58972,437,124100,0.243434,0.28,1,602349,601912,437
152508521,10.5782,6.31794,443,124100,0.280687,0.21,1,602361,601918,443
152511441,3.71564,9.26359,435,124100,0.264137,0.2,1,602363,601928,435
152514361,2.34313,3.45272,435,124100,0.260827,0.16,1,602365,601930,435
152517281,2.86863,2.29054,436,124100,0.212165,0.23,1,602368,601932,436
152519541,9.37373,3.65811,443,124100,0.290433,0.16,1,602379,601936,443
152522461,5.07475,13.5316,431,124100,0.274087,0.23,1,602383,601952,431
152525381,16.2149,5.90632,446,124100,0.174817,0.22,1,602402,601956,446
152528301,6.44299,11.5813,437,124100,0.130963,0.14,1,602406,601969,437
152531221,2.8886,5.51625,435,124100,0.242193,0.06,1,602408,601973,435
152533061,1.37772,4.30325,432,124100,0.248439,0.26,1,602409,601977,432
152535981,9.07554,7.26065,435,124100,0.305688,0.22,1,602420,601985,435
152538901,3.41511,3.05213,435,124100,0.277138,0.27,1,602422,601987,435
152541821,7.08302,7.01043,435,124100,0.271428,0.27,1,602430,601995,435
152544741,3.0166,3.00209,435,124100,0.270286,0.25,1,602432,601997,435
152547661,5.40332,8.60042,431,124100,0.238057,0.26,1,602438,602007,431
152550581,2.68066,3.32008,431,124100,0.287611,0.24,1,602440,602009,431
152552821,14.1361,1.46402,447,124100,0.217522,0.13,1,602457,602010,447
152555741,10.0272,15.4928,437,124100,0.211504,0.17,1,602466,602029,437
152558661,5.20545,7.89856,435,124100,0.258301,0.14,1,602470,602035,435
152561581,2.64109,6.37971,431,124100,0.23566,0.1,1,602472,602041,431
152564501,2.12822,2.87594,431,124100,0.199132,0.23,1,602474,602043,431
152566341,7.62564,1.37519,439,124100,0.303826,0.2,1,602483,602044,439
152569261,7.12513,8.27504,436,124100,0.252765,0.23,1,602490,602054,436
152572181,15.825,5.65501,449,124100,0.266553,0.23,1,602508,602059,449
152575101,15.165,14.731,447,124100,0.269311,0.21,1,602523,602076,447
152578021,7.833,14.9462,438,124100,0.325862,0.21,1,602529,602091,438
152580941,5.5666,13.3892,430,124100,0.353172,0.17,1,602534,602104,430
152583861,12.3133,5.87785,440,124100,0.286634,0.09,1,602548,602108,440
152586781,4.06266,7.57557,434,124100,0.241327,0.09,1,602550,602116,434
152589701,5.61253,3.11511,438,124100,0.320265,0.25,1,602556,602118,438
152591301,2.72251,7.02302,432,124100,0.336053,0.26,1,602558,602126,432
152594221,2.9445,3.8046,432,124100,0.355211,0.17,1,602561,602129,432
152597141,12.5889,11.9609,433,124100,0.279042,0.19,1,602576,602143,433
152600061,56.1178,58.3922,430,124100,0.303808,0.12,1,602643,602213,430
152602981,41.6236,38.8784,434,124100,0.236762,0.22,1,602681,602247,434
152605901,9.92471,14.9757,427,124100,0.191352,0.12,1,602683,602256,427
152608821,13.9849,10.9951,432,124100,0.23027,0.19,1,602698,602266,432
152611741,17.197,19.799,428,124100,0.278054,0.17,1,602716,602288,428
152614661,21.0394,16.7598,434,124100,0.303611,0.14,1,602738,602304,434
152617581,7.40788,4.95196,436,124100,0.252722,0.25,1,602742,602306,436
152620501,11.0816,11.3904,435,124100,0.258544,0.25,1,602754,602319,435
152623421,18.2163,18.2781,435,124100,0.163709,0.21,1,602774,602339,435
152626341,10.0433,8.45562,437,124100,0.224742,0.25,1,602782,602345,437
152629261,5.20865,4.89112,437,124100,0.212948,0.29,1,602786,602349,437
152632181,5.84173,10.5782,431,124100,0.21859,0.26,1,602792,602361,431
152635101,7.56835,3.71564,437,124100,0.243718,0.26,1,602800,602363,437
152636641,2.31367,2.34313,436,124100,0.264744,0.22,1,602801,602365,436
152639561,2.06273,2.06863,436,124100,0.268949,0.2,1,602803,602367,436
152642481,8.41255,1.21373,445,124100,0.26979,0.27,1,602813,602368,445
152645401,4.88251,12.2427,434,124100,0.253958,0.15,1,602817,602383,434
152648321,12.9765,17.6485,430,124100,0.242792,0.12,1,602832,602402,430
152651241,10.5953,6.72971,436,124100,0.200558,0.27,1,602842,602406,436
152653281,3.71906,2.94594,436,124100,0.200112,0.25,1,602844,602408,436
152656201,2.34381,1.38919,437,124100,0.168022,0.32,1,602846,602409,437
152659121,8.46876,9.07784,436,124100,0.241604,0.27,1,602856,602420,436
152662041,3.29375,3.41557,436,124100,0.248321,0.27,1,602858,602422,436
152664961,8.65875,7.08311,438,124100,0.145664,0.27,1,602868,602430,438
152667881,3.33175,3.01662,438,124100,0.125133,0.23,1,602870,602432,438
152669921,3.86635,5.40332,436,124100,0.217027,0.32,1,602874,602438,436
152672841,2.37327,1.88066,437,124100,0.203405,0.3,1,602876,602439,437
152675761,12.4747,1.17613,451,124100,0.152681,0.21,1,602891,602440,451
152678681,8.09493,21.0352,432,124100,0.150536,0.27,1,602898,602466,432
152681601,9.61899,7.40705,438,124100,0.0941072,0.23,1,602908,602470,438
152684521,3.5238,3.08141,438,124100,0.0908214,0.19,1,602910,602472,438
152687441,2.30476,2.21628,438,124100,0.178164,0.33,1,602912,602474,438
152690361,8.46095,7.64326,439,124100,0.187633,0.24,1,602922,602483,439
152693281,4.89219,7.12865,436,124100,0.197527,0.27,1,602926,602490,436
152696201,16.9784,15.8257,438,124100,0.199505,0.27,1,602946,602508,438
152699121,15.3957,15.1651,438,124100,0.167901,0.34,1,602961,602523,438
152702041,7.87914,7.83303,438,124100,0.20958,0.36,1,602967,602529,438
152704961,4.77583,5.56661,437,124100,0.217916,0.27,1,602971,602534,437
152707881,12.9552,12.3133,438,124100,0.211583,0.23,1,602986,602548,438
152710801,4.19103,4.06266,438,124100,0.178317,0.34,1,602988,602550,438
152712981,5.63821,5.61253,438,124100,0.107663,0.34,1,602994,602556,438
152715901,2.72764,2.72251,438,124100,0.0935327,0.36,1,602996,602558,438
152718821,8.54553,2.9445,445,124100,0.202707,0.26,1,603006,602561,445
152721741,61.7091,12.5889,505,124100,0.120541,0.31,1,603081,602576,505
152724661,38.7418,56.1178,471,124100,0.0801083,0.22,1,603114,602643,471
152727581,9.34836,41.6236,435,124100,0.192022,0.18,1,603116,602681,435
152730501,17.0697,9.92471,452,124100,0.150404,0.24,1,603135,602683,452
152733421,14.6139,13.9849,451,124100,0.214081,0.29,1,603149,602698,451
152736341,16.5228,17.197,450,124100,0.186816,0.31,1,603166,602716,450
152739261,10.5046,21.0394,437,124100,0.125363,0.24,1,603175,602738,437
152742181,13.3009,7.40788,447,124100,0.193073,0.26,1,603189,602742,447
152745101,14.6602,11.0816,450,124100,0.206615,0.14,1,603204,602754,450
152748021,10.932,18.2163,440,124100,0.241323,0.24,1,603214,602774,440
152750941,5.38641,10.0433,436,124100,0.224265,0.21,1,603218,602782,436
152753861,7.47728,5.20865,440,124100,0.188853,0.22,1,603226,602786,440
152755621,2.29546,5.84173,435,124100,0.213771,0.25,1,603227,602792,435
152758541,6.85909,7.56835,435,124100,0.218754,0.27,1,603235,602800,435
152761461,2.97182,2.31367,436,124100,0.219751,0.27,1,603237,602801,436
152763941,5.39436,2.06273,440,124100,0.14795,0.27,1,603243,602803,440
152766861,4.27887,8.41255,434,124100,0.09359,0.25,1,603247,602813,434
152769781,12.8558,4.88251,445,124100,0.138718,0.24,1,603262,602817,445
152772701,5.77115,12.9765,434,124100,0.115744,0.19,1,603266,602832,434
152775621,9.95423,10.5953,435,124100,0.199149,0.2,1,603277,602842,435
152778541,3.59085,3.71906,435,124100,0.18383,0.16,1,603279,602844,435
152780581,3.91817,2.34381,437,124100,0.116766,0.26,1,603283,602846,437
152783501,2.38363,8.46876,429,124100,0.0793532,0.25,1,603285,602856,429
152786421,9.27673,3.29375,438,124100,0.207871,0.12,1,603296,602858,438
152789341,3.45535,8.65875,430,124100,0.233574,0.12,1,603298,602868,430
152792261,4.69107,3.33175,433,124100,0.150715,0.24,1,603303,602870,433
152794101,5.73821,3.86635,435,124100,0.222143,0.18,1,603309,602874,435
152797021,9.94764,6.37327,439,124100,0.124429,0.14,1,603320,602881,439
152799941,4.38953,9.27465,432,124100,0.0568857,0.15,1,603323,602891,432
152802861,10.4779,7.45493,437,124100,0.155377,0.08,1,603335,602898,437
152805781,6.89558,9.49099,433,124100,0.159075,0.09,1,603341,602908,433
152808701,2.97912,3.4982,433,124100,0.127815,0.2,1,603343,602910,433
152811621,5.39582,2.29964,437,124100,0.089563,0.19,1,603349,602912,437
152814541,7.47916,8.45993,435,124100,0.145913,0.2,1,603357,602922,435
152817461,17.4958,4.89199,451,124100,0.197183,0.2,1,603377,602926,451
152820381,16.2992,16.9784,447,124100,0.231437,0.16,1,603393,602946,447
152823301,8.05983,15.3957,438,124100,0.222287,0.22,1,603399,602961,438
152826221,4.81197,7.87914,436,124100,0.220457,0.22,1,603403,602967,436
152829141,7.36239,4.77583,440,124100,0.228091,0.21,1,603411,602971,440
152832061,3.07248,12.9552,427,124100,0.229618,0.17,1,603413,602986,427
152834981,11.0145,4.19103,438,124100,0.213924,0.09,1,603426,602988,438
152836741,3.8029,5.63821,434,124100,0.178785,0.26,1,603428,602994,434
152839661,3.16058,5.12764,432,124100,0.123757,0.23,1,603431,602999,432
152842581,5.43212,6.62553,431,124100,0.232751,0.1,1,603437,603006,431
152845501,60.2864,61.3251,430,124100,0.23055,0.07,1,603511,603081,430
152848421,41.6573,38.665,434,124100,0.10211,0.22,1,603548,603114,434
152851341,9.93146,9.333,434,124100,0.076422,0.14,1,603550,603116,434
152854261,13.9863,17.0666,430,124100,0.191284,0.23,1,603565,603135,430
152857181,10.7973,14.6133,426,124100,0.150257,0.18,1,603575,603149,426
152860101,15.7595,16.5227,426,124100,0.214051,0.11,1,603592,603166,426
152863021,15.1519,10.5045,432,124100,0.21881,0.21,1,603607,603175,432
152865941,14.2304,13.3009,432,124100,0.187762,0.21,1,603621,603189,432
152868861,16.4461,14.6602,434,124100,0.245552,0.25,1,603638,603204,434
152871781,8.08922,10.932,430,124100,0.21711,0.22,1,603644,603214,430
152874701,8.01784,5.38641,434,124100,0.275422,0.18,1,603652,603218,434
152877621,6.40357,7.47728,432,124100,0.263084,0.22,1,603658,603226,432
152880541,2.88071,2.29546,433,124100,0.228617,0.22,1,603660,603227,433
152882501,10.1761,6.85909,437,124100,0.269723,0.13,1,603672,603235,437
152885421,3.63523,7.77182,431,124100,0.245945,0.13,1,603674,603243,431
152888341,3.92705,1.55436,435,124100,0.185189,0.08,1,603678,603243,435
152891261,8.78541,3.51087,441,124100,0.277038,0.15,1,603688,603247,441
152894181,8.95708,12.7022,435,124100,0.207408,0.11,1,603697,603262,435
152897101,4.19142,5.74043,434,124100,0.169482,0.22,1,603700,603266,434
152900021,8.83828,9.94809,433,124100,0.225896,0.18,1,603710,603277,433
152902941,4.96766,3.58962,435,124100,0.237179,0.1,1,603714,603279,435
152905861,2.59353,3.91792,433,124100,0.199436,0.07,1,603716,603283,433
152908781,3.71871,2.38358,435,124100,0.127887,0.24,1,603720,603285,435
152911701,7.94374,9.27672,433,124100,0.225577,0.24,1,603729,603296,433
152914321,4.78875,3.45534,435,124100,0.261115,0.24,1,603733,603298,435
152917241,2.55775,9.49107,426,124100,0.236223,0.1,1,603735,603309,426
152920161,14.1116,10.6982,432,124100,0.215245,0.04,1,603752,603320,432
152923081,4.42231,4.53964,431,124100,0.211049,0.18,1,603754,603323,431
152926001,8.08446,10.5079,428,124100,0.15421,0.16,1,603763,603335,428
152928921,8.01689,6.90159,430,124100,0.214842,0.12,1,603771,603341,430
152931841,3.20338,2.98032,430,124100,0.226968,0.08,1,603773,603343,430
152934501,7.04068,5.39606,432,124100,0.261394,0.16,1,603781,603349,432
152937421,4.60814,7.47921,428,124100,0.260279,0.21,1,603785,603357,428
152940341,20.9216,17.4958,433,124100,0.276056,0.24,1,603810,603377,433
152943261,16.9843,16.2992,433,124100,0.263211,0.22,1,603826,603393,433
152946181,8.19687,8.05983,433,124100,0.204642,0.22,1,603832,603399,433
152949061,5.63937,4.81197,434,124100,0.248928,0.23,1,603837,603403,434
152951981,6.72787,7.36239,433,124100,0.241786,0.23,1,603844,603411,433
152954901,2.94557,3.07248,433,124100,0.248357,0.21,1,603846,603413,433
152957821,11.7891,11.0145,434,124100,0.241671,0.17,1,603860,603426,434
152960741,3.95782,3.8029,434,124100,0.208334,0.11,1,603862,603428,434
152963621,7.99156,3.16058,440,124100,0.249667,0.26,1,603871,603431,440
152966541,3.99831,7.03212,435,124100,0.241933,0.23,1,603874,603439,435
152969461,58.3997,59.0064,435,124100,0.192387,0.07,1,603946,603511,435
152972381,35.6799,41.4013,428,124100,0.182477,0.07,1,603976,603548,428
152975301,8.73599,9.88026,428,124100,0.268495,0.22,1,603978,603550,428
152978221,14.5472,13.9761,429,124100,0.253699,0.14,1,603994,603565,429
152981141,14.1094,10.7952,433,124100,0.26674,0.23,1,604008,603575,433
152984061,18.8219,15.759,436,124100,0.293348,0.22,1,604028,603592,436
152986981,10.9644,15.1518,430,124100,0.27467,0.18,1,604037,603607,430
152989901,18.1929,14.2304,436,124100,0.246934,0.26,1,604057,603621,436
152992821,11.6386,16.4461,429,124100,0.265387,0.21,1,604067,603638,429
152995741,12.7277,8.08921,436,124100,0.253077,0.29,1,604080,603644,436
152998661,8.94554,8.01784,436,124100,0.186615,0.26,1,604088,603652,436
153001581,6.58911,6.40357,436,124100,0.269323,0.22,1,604094,603658,436
153004501,2.91782,2.88071,436,124100,0.253865,0.28,1,604096,603660,436
153007421,10.9836,10.1761,437,124100,0.306773,0.24,1,604109,603672,437
153010341,5.39671,3.63523,439,124100,0.293355,0.17,1,604113,603674,439
153012501,4.27934,3.92705,439,124100,0.218671,0.3,1,604117,603678,439
153015421,4.85587,8.78541,434,124100,0.251734,0.19,1,604122,603688,434
153018341,9.77117,8.95708,436,124100,0.298347,0.16,1,604133,603697,436
153021261,5.15423,4.19142,437,124100,0.251669,0.24,1,604137,603700,437
153024181,10.6308,8.83828,439,124100,0.242334,0.24,1,604149,603710,439
153027101,3.72617,4.96766,437,124100,0.208467,0.19,1,604151,603714,437
153029141,3.94523,2.59353,439,124100,0.169693,0.11,1,604155,603716,439
153032061,2.38905,3.71871,437,124100,0.249939,0.25,1,604157,603720,437
153034981,2.07781,7.94374,430,124100,0.241988,0.27,1,604159,603729,430
153037901,9.21556,4.78875,437,124100,0.304398,0.23,1,604170,603733,437
153040581,3.44311,2.55775,437,124100,0.276879,0.21,1,604172,603735,437
153043501,7.08862,14.1116,428,124100,0.231376,0.21,1,604180,603752,428
153046421,3.01772,4.42231,428,124100,0.270275,0.14,1,604182,603754,428
153049341,11.0035,8.08446,432,124100,0.214055,0.23,1,604195,603763,432
153052261,11.0007,8.01689,435,124100,0.258811,0.23,1,604206,603771,435
153055181,3.80014,3.20338,435,124100,0.235762,0.27,1,604208,603773,435
153058101,5.56003,7.04068,433,124100,0.143152,0.26,1,604214,603781,433
153061021,4.31201,4.60814,433,124100,0.25263,0.28,1,604218,603785,433
153063941,20.0624,20.9216,432,124100,0.138526,0.26,1,604242,603810,432
153066861,16.8125,16.9843,432,124100,0.179705,0.19,1,604258,603826,432
153069781,9.7625,8.19687,434,124100,0.259941,0.26,1,604266,603832,434
153072701,5.1525,5.63937,433,124100,0.243988,0.24,1,604270,603837,433
153075621,7.4305,6.72787,434,124100,0.272798,0.25,1,604278,603844,434
153078021,4.6861,2.94557,436,124100,0.27856,0.24,1,604282,603846,436
153080941,5.73722,11.7891,428,124100,0.279712,0.2,1,604288,603860,428
153083861,7.54744,3.95782,434,124100,0.287942,0.26,1,604296,603862,434
153086781,7.90949,7.99156,433,124100,0.193588,0.24,1,604304,603871,433
153089701,4.7819,3.99831,434,124100,0.142718,0.18,1,604308,603874,434
153092621,60.1564,58.3997,436,124100,0.172544,0.18,1,604382,603946,436
153095541,37.6313,35.6799,438,124100,0.170509,0.29,1,604414,603976,438
153098461,9.12625,8.73599,438,124100,0.170102,0.25,1,604416,603978,438
153101381,14.6253,14.5472,438,124100,0.0900203,0.27,1,604432,603994,438
153104301,9.32505,14.1094,432,124100,0.162004,0.3,1,604440,604008,432
153107221,20.265,18.8219,435,124100,0.160401,0.27,1,604463,604028,435
153110141,7.253,10.9644,430,124100,0.16008,0.24,1,604467,604037,430
153113061,21.4506,18.1929,435,124100,0.144016,0.27,1,604492,604057,435
153115981,10.6901,11.6386,433,124100,0.108803,0.25,1,604500,604067,433
153118901,10.938,12.7277,431,124100,0.181761,0.17,1,604511,604080,431
153121821,10.1876,8.94554,433,124100,0.164352,0.29,1,604521,604088,433
153124741,10.0375,6.58911,437,124100,0.19287,0.25,1,604531,604094,437
153127661,3.6075,2.91782,437,124100,0.198574,0.32,1,604533,604096,437
153130581,10.3215,10.9836,436,124100,0.175715,0.29,1,604545,604109,436
153133501,5.2643,5.39671,436,124100,0.195143,0.2,1,604549,604113,436
153136421,4.25286,4.27934,436,124100,0.135029,0.26,1,604553,604117,436
153139341,5.65057,4.85587,437,124100,0.187006,0.31,1,604559,604122,437
153142261,9.13011,9.77117,436,124100,0.173401,0.24,1,604569,604133,436
153145181,3.42602,5.15423,434,124100,0.17868,0.24,1,604571,604137,434
153148101,9.4852,10.6308,433,124100,0.179736,0.2,1,604582,604149,433
153151021,3.49704,3.72617,433,124100,0.179947,0.16,1,604584,604151,433
153153941,7.09941,3.94523,437,124100,0.0679894,0.27,1,604592,604155,437
153156861,3.01988,2.38905,437,124100,0.0455979,0.24,1,604594,604157,437
153159141,7.00398,2.07781,443,124100,0.10512,0.32,1,604602,604159,443
153162061,6.2008,9.21556,438,124100,0.173024,0.27,1,604608,604170,438
153164981,4.44016,3.44311,440,124100,0.146605,0.22,1,604612,604172,440
153167901,2.48803,7.08862,434,124100,0.125321,0.28,1,604614,604180,434
153170821,12.4976,3.01772,447,124100,0.129064,0.2,1,604629,604182,447
153173741,11.2995,11.0035,445,124100,0.0818128,0.27,1,604640,604195,445
153176661,3.8599,11.0007,436,124100,0.0403626,0.23,1,604642,604206,436
153179581,5.57198,3.80014,440,124100,0.0720725,0.12,1,604648,604208,440
153182501,4.3144,5.56003,438,124100,0.110415,0.28,1,604652,604214,438
153185421,18.4629,4.31201,456,124100,0.0780829,0.11,1,604674,604218,456
153188341,17.2926,20.0624,449,124100,0.167617,0.19,1,604691,604242,449
153191261,11.4585,16.8125,443,124100,0.177523,0.28,1,604701,604258,443
153194181,5.4917,9.7625,439,124100,0.179505,0.24,1,604705,604266,439
153197101,7.49834,5.1525,443,124100,0.123901,0.28,1,604713,604270,443
153200021,4.69967,7.4305,439,124100,0.11278,0.28,1,604717,604278,439
153202941,4.13993,4.6861,439,124100,0.182556,0.28,1,604721,604282,439
153205861,2.42799,5.73722,435,124100,0.196511,0.29,1,604723,604288,435
153208781,12.4856,7.54744,442,124100,0.215302,0.17,1,604738,604296,442
153211701,5.69712,7.90949,438,124100,0.14706,0.13,1,604742,604304,438
153214621,53.1394,4.7819,499,124100,0.205412,0.18,1,604807,604308,499
153217541,38.6279,60.1564,460,124100,0.137082,0.17,1,604842,604382,460
153220461,9.32558,37.6313,430,124100,0.123416,0.17,1,604844,604414,430
153223381,14.6651,9.12625,444,124100,0.208683,0.07,1,604860,604416,444
153226301,9.33302,14.6253,436,124100,0.121737,0.18,1,604868,604432,436
153229221,18.6666,9.32505,449,124100,0.104347,0.16,1,604889,604440,449
153232141,5.33332,20.265,428,124100,0.220869,0.16,1,604891,604463,428
153235061,21.0667,7.253,449,124100,0.140174,0.14,1,604916,604467,449
153237981,15.4133,21.4506,438,124100,0.220035,0.1,1,604930,604492,438
153240901,11.8827,10.6901,441,124100,0.148007,0.2,1,604941,604500,441
153243821,11.1765,10.938,441,124100,0.141601,0.16,1,604952,604511,441
153246741,7.03531,10.1876,437,124100,0.15632,0.2,1,604958,604521,437
153249661,3.00706,10.0375,429,124100,0.127264,0.2,1,604960,604531,429
153252581,8.60141,3.6075,437,124100,0.0974528,0.17,1,604970,604533,437
153255501,9.72028,10.3215,435,124100,0.115491,0.2,1,604980,604545,435
153258421,5.14406,5.2643,435,124100,0.183098,0.12,1,604984,604549,435
153260021,3.42881,4.25286,434,124100,0.14862,0.2,1,604987,604553,434
153262941,2.28576,5.65057,430,124100,0.109724,0.17,1,604989,604559,430
153265861,7.65715,9.13011,429,124100,0.197945,0.18,1,604998,604569,429
153268781,3.13143,3.42602,429,124100,0.215589,0.18,1,605000,604571,429
153271701,5.42629,9.4852,424,124100,0.147118,0.18,1,605006,604582,424
153274621,2.68526,3.49704,424,124100,0.173424,0.04,1,605008,604584,424
153276241,9.33705,7.09941,427,124100,0.170685,0.04,1,605019,604592,427
153279161,5.06741,3.01988,429,124100,0.106137,0.04,1,605023,604594,429
153282081,6.61348,0.603976,436,124100,0.125227,0.19,1,605030,604594,436
153285001,6.9227,11.3208,429,124100,0.113045,0.14,1,605037,604608,429
153287921,6.18454,5.46416,431,124100,0.166609,0.12,1,605043,604612,431
153289761,2.03691,2.69283,430,124100,0.161322,0.16,1,605044,604614,430
153292681,6.80738,4.53857,433,124100,0.216264,0.13,1,605052,604619,433
153295601,12.5615,8.90771,437,124100,0.147253,0.07,1,605066,604629,437
153298521,4.1123,10.5815,428,124100,0.0934506,0.03,1,605068,604640,428
153301201,8.82246,3.71631,436,124100,0.0826901,0.15,1,605078,604642,436
153304121,4.96449,7.94326,431,124100,0.208538,0.12,1,605082,604651,431
153307041,19.3929,2.38865,453,124100,0.193708,0.07,1,605105,604652,453
153309961,16.6786,18.0777,447,124100,0.214742,0.19,1,605121,604674,447
153312881,8.13572,17.2155,436,124100,0.226948,0.18,1,605127,604691,436
153315801,4.82714,11.4431,430,124100,0.14939,0.18,1,605131,604701,430
153318721,10.5654,5.48862,438,124100,0.205878,0.11,1,605143,604705,438
153321641,5.31309,7.49772,434,124100,0.177176,0.11,1,605147,604713,434
153324561,4.26262,4.69954,434,124100,0.163435,0.2,1,605151,604717,434
153326581,3.25252,4.13991,433,124100,0.176687,0.23,1,605154,604721,433
153329501,2.2505,4.82798,430,124100,0.179337,0.22,1,605156,604726,430
153332421,10.8501,10.5656,431,124100,0.259867,0.13,1,605169,604738,431
153335341,5.37002,5.31312,431,124100,0.235973,0.22,1,605173,604742,431
153338261,51.474,53.0626,429,124100,0.215195,0.12,1,605236,604807,429
153341181,35.8948,38.6125,426,124100,0.275039,0.12,1,605268,604842,426
153344101,14.379,9.3225,433,124100,0.167008,0.23,1,605277,604844,433
153347021,15.6758,14.6645,433,124100,0.241402,0.1,1,605293,604860,433
153349941,7.93516,9.3329,431,124100,0.21628,0.1,1,605299,604868,431
153352861,16.787,18.6666,429,124100,0.243256,0.25,1,605318,604889,429
153355781,4.95741,5.33332,429,124100,0.216651,0.12,1,605320,604891,429
153358701,18.5915,21.0667,426,124100,0.24333,0.24,1,605342,604916,426
153361621,15.7183,15.4133,427,124100,0.248666,0.13,1,605357,604930,427
153364541,12.7437,11.8827,428,124100,0.353733,0.14,1,605369,604941,428
153367461,9.74873,11.1765,426,124100,0.262747,0.16,1,605378,604952,426
153370381,6.74975,7.03531,426,124100,0.292549,0.12,1,605384,604958,426
153371921,2.14995,3.00706,425,124100,0.28251,0.1,1,605385,604960,425
153374841,10.03,4.60141,432,124100,0.280502,0.09,1,605397,604965,432
153377761,8.406,4.92028,435,124100,0.3041,0.12,1,605405,604970,435
153380681,4.8812,8.98406,429,124100,0.30882,0.2,1,605409,604980,429
153383601,8.97624,4.99681,435,124100,0.309764,0.1,1,605419,604984,435
153386521,3.39525,4.99936,432,124100,0.301953,0.22,1,605421,604989,432
153389441,7.07905,8.19987,431,124100,0.228391,0.22,1,605429,604998,431
153392361,3.01581,3.23997,431,124100,0.213678,0.13,1,605431,605000,431
153395281,3.80316,5.448,429,124100,0.274736,0.18,1,605435,605006,429
153398201,2.36063,2.6896,429,124100,0.254947,0.17,1,605437,605008,429
153400421,12.4721,9.33792,433,124100,0.258989,0.09,1,605452,605019,433
153403341,8.89443,5.06758,437,124100,0.251798,0.13,1,605460,605023,437
153406261,4.97888,6.61352,434,124100,0.22636,0.11,1,605464,605030,434
153409181,8.99578,6.9227,437,124100,0.277272,0.18,1,605474,605037,437
153412101,3.39916,6.18454,433,124100,0.287454,0.16,1,605476,605043,433
153413941,4.67983,2.03691,437,124100,0.249491,0.23,1,605481,605044,437
153416861,8.93597,6.80738,439,124100,0.297898,0.13,1,605491,605052,439
153419781,3.38719,12.5615,427,124100,0.29158,0.08,1,605493,605066,427
153422701,11.0774,4.1123,438,124100,0.322316,0.08,1,605506,605068,438
153425621,5.41549,8.82246,432,124100,0.296463,0.24,1,605510,605078,432
153428541,20.2831,4.96449,452,124100,0.251293,0.19,1,605534,605082,452
153431461,15.2566,19.3929,443,124100,0.178259,0.22,1,605548,605105,443
153434381,11.0513,16.6786,437,124100,0.299652,0.23,1,605558,605121,437
153437301,5.41026,8.13572,435,124100,0.33993,0.13,1,605562,605127,435
153440221,9.08205,4.82714,441,124100,0.331986,0.22,1,605572,605131,441
153443141,5.01641,10.5654,433,124100,0.330397,0.17,1,605576,605143,433
153446061,7.40328,5.31309,437,124100,0.330079,0.16,1,605584,605147,437
153448261,4.68066,4.26262,437,124100,0.330016,0.18,1,605588,605151,437
153451181,2.53613,4.85252,434,124100,0.306003,0.18,1,605590,605156,434
153454101,8.50723,0.970505,444,124100,0.325201,0.28,1,605600,605156,444
153457021,8.10145,10.5941,439,124100,0.32904,0.23,1,605608,605169,439
153459941,49.6203,5.31882,495,124100,0.249808,0.21,1,605668,605173,495
153462861,31.5241,51.4638,459,124100,0.289962,0.29,1,605695,605236,459
153465781,12.7048,35.8928,435,124100,0.337992,0.14,1,605703,605268,435
153468701,20.941,14.3786,449,124100,0.235598,0.26,1,605726,605277,449
153471621,8.98819,15.6757,439,124100,0.26312,0.21,1,605732,605293,439
153474541,19.3976,7.93514,455,124100,0.236624,0.25,1,605754,605299,455
153477461,5.47953,16.787,438,125560,0.191325,0.21,1,605756,605318,438
153480381,17.8959,4.95741,457,125560,0.230265,0.25,1,605777,605320,457
153483301,17.1792,18.5915,452,125560,0.262053,0.25,1,605794,605342,452
153486221,8.23584,15.7183,443,125560,0.180411,0.38,1,605800,605357,443
153489141,9.64717,12.7437,441,125560,0.268082,0.24,1,605810,605369,441
153492061,9.92943,9.74873,442,125560,0.181616,0.3,1,605820,605378,442
153494641,3.58589,6.74975,438,125560,0.164323,0.28,1,605822,605384,438
153497561,11.1172,11.7499,438,125560,0.216865,0.31,1,605835,605397,438
153500481,8.62344,8.74999,438,125560,0.315373,0.31,1,605843,605405,438
153502961,4.92469,4.95,438,125560,0.343075,0.29,1,605847,605409,438
153505881,4.18494,3.39,439,125560,0.308615,0.31,1,605851,605412,439
153508801,2.43699,6.278,434,125560,0.285723,0.3,1,605853,605419,434
153511281,6.8874,2.8556,440,125560,0.257145,0.31,1,605861,605421,440
153514201,4.57748,10.9711,431,125560,0.267429,0.31,1,605865,605434,431
153517121,2.5155,2.19422,433,125560,0.245486,0.29,1,605867,605434,433
153520041,6.1031,1.23884,439,125560,0.217097,0.25,1,605874,605435,439
153522961,9.22062,1.84777,447,125560,0.163419,0.26,1,605884,605437,447
153525881,9.04412,12.3696,441,125560,0.176684,0.25,1,605893,605452,441
153528801,7.40882,8.87391,440,125560,0.259337,0.22,1,605900,605460,440
153531721,6.28177,4.97478,442,125560,0.283867,0.29,1,605906,605464,442
153534641,3.65635,8.99496,435,125560,0.240773,0.29,1,605909,605474,435
153537561,7.93127,3.39899,442,125560,0.296155,0.31,1,605918,605476,442
153540481,4.78625,12.6798,431,125560,0.275231,0.29,1,605922,605491,431
153543401,4.95725,4.13596,434,125560,0.223046,0.33,1,605927,605493,434
153546321,13.7915,11.2272,437,125560,0.220609,0.29,1,605943,605506,437
153549241,5.95829,5.44544,437,125560,0.164122,0.24,1,605947,605510,437
153552161,16.3917,20.2891,432,125560,0.288824,0.16,1,605966,605534,432
153555081,20.0783,15.2578,439,125560,0.233765,0.33,1,605987,605548,439
153558001,8.81567,11.0516,435,125560,0.342753,0.35,1,605993,605558,435
153560921,8.16313,5.41031,439,125560,0.356551,0.33,1,606001,605562,439
153563841,9.63263,9.08206,439,125560,0.25531,0.33,1,606011,605572,439
153566761,5.12653,5.01641,439,125560,0.243062,0.33,1,606015,605576,439
153569681,5.82531,7.40328,437,125560,0.280612,0.33,1,606021,605584,437
153572601,5.96506,4.68066,439,125560,0.288122,0.3,1,606027,605588,439
153575141,4.39301,2.53613,441,125560,0.257625,0.33,1,606031,605590,441
153578061,5.6786,8.50723,437,125560,0.267525,0.33,1,606037,605600,437
153580981,5.93572,8.10145,435,125560,0.341505,0.23,1,606043,605608,435
153583901,49.1871,49.6203,435,125560,0.308301,0.3,1,606103,605668,435
153586821,33.0374,31.5241,437,125560,0.24566,0.35,1,606132,605695,437
153589741,8.20749,12.7048,431,125560,0.201132,0.21,1,606134,605703,431
153592661,21.6415,20.941,433,125560,0.256226,0.27,1,606159,605726,433
153595581,12.3283,8.98819,437,125560,0.283245,0.23,1,606169,605732,437
153598501,13.6657,19.3976,429,125560,0.344649,0.23,1,606183,605754,429
153601421,4.33313,3.87953,431,125560,0.32493,0.18,1,606185,605754,431
153603221,21.6666,2.37591,455,125560,0.344986,0.24,1,606211,605756,455
153606141,17.9333,17.2752,451,125560,0.324997,0.27,1,606228,605777,451
153609061,8.38667,17.055,440,125560,0.280999,0.16,1,606234,605794,440
153611121,3.27733,8.21101,436,125560,0.2402,0.29,1,606236,605800,436
153614041,3.85547,9.6422,430,125560,0.19204,0.16,1,606240,605810,430
153616961,11.1711,9.92844,433,125560,0.302408,0.16,1,606253,605820,433
153619441,3.83422,3.58569,433,125560,0.292482,0.23,1,606255,605822,433
153622361,14.3668,11.1171,437,125560,0.242496,0.34,1,606272,605835,437
153625281,7.67337,8.62343,435,125560,0.240499,0.34,1,606278,605843,435
153627141,3.93467,1.72469,438,125560,0.2001,0.3,1,606281,605843,438
153630061,5.58693,6.74494,436,125560,0.15202,0.3,1,606287,605851,436
153632341,2.71739,1.34899,438,125560,0.270404,0.25,1,606289,605851,438
153635261,2.14348,8.2698,430,125560,0.302081,0.25,1,606291,605861,430
153638181,3.6287,1.65396,434,125560,0.276416,0.27,1,606295,605861,434
153640661,7.12574,3.53079,438,125560,0.207283,0.21,1,606303,605865,438
153643581,3.02515,7.90616,431,125560,0.217457,0.21,1,606305,605874,431
153646501,12.605,1.58123,446,125560,0.203491,0.15,1,606320,605874,446
153649421,8.92101,8.31625,444,125560,0.192698,0.18,1,606328,605884,444
153652101,4.9842,8.86325,439,125560,0.16654,0.28,1,606332,605893,439
153655021,8.99684,7.37265,442,125560,0.225308,0.29,1,606342,605900,442
153656881,2.59937,6.27453,437,125560,0.245062,0.23,1,606343,605906,437
153659801,2.11987,3.65491,436,125560,0.249012,0.31,1,606345,605909,436
153662721,5.22397,7.93098,433,125560,0.193802,0.27,1,606351,605918,433
153665201,5.8448,4.7862,435,125560,0.246761,0.21,1,606357,605922,435
153668121,2.76896,4.95724,432,125560,0.225352,0.22,1,606359,605927,432
153671041,18.1538,13.7914,438,125560,0.17307,0.15,1,606381,605943,438
153673521,6.83076,5.95829,438,125560,0.0986141,0.32,1,606385,605947,438
153676441,14.1662,16.3917,435,125560,0.211723,0.22,1,606401,605966,435
153679361,21.2332,20.0783,437,125560,0.170345,0.37,1,606424,605987,437
153682281,9.04665,8.81567,437,125560,0.218069,0.37,1,606430,605993,437
153684341,5.00933,1.76313,441,125560,0.211614,0.36,1,606434,605993,441
153687261,11.4019,6.75263,446,125560,0.234323,0.23,1,606447,606001,446
153689541,5.48037,9.35053,440,125560,0.206865,0.24,1,606451,606011,440
153692461,4.29607,5.0701,440,125560,0.129373,0.29,1,606455,606015,440
153695381,6.45921,5.81402,441,125560,0.209875,0.29,1,606462,606021,441
153697441,2.89184,5.9628,437,125560,0.225975,0.25,1,606464,606027,437
153700361,5.37837,4.39256,439,125560,0.165195,0.27,1,606470,606031,439
153703281,4.27567,5.67851,437,125560,0.161039,0.36,1,606474,606037,437
153705761,4.05513,5.9357,435,125560,0.176208,0.3,1,606478,606043,435
153708681,48.811,49.1871,435,125560,0.107242,0.23,1,606538,606103,435
153711601,36.1622,33.0374,439,125560,0.125448,0.19,1,606571,606132,439
153714081,8.83244,8.20749,439,125560,0.19309,0.27,1,606573,606134,439
153717001,18.5665,21.6415,435,125560,0.158618,0.29,1,606594,606159,435
153719921,14.1133,12.3283,438,125560,0.279724,0.29,1,606607,606169,438
153721781,14.0227,2.46566,452,125560,0.295945,0.36,1,606621,606169,452
153724701,4.40453,11.6931,440,125560,0.299189,0.32,1,606623,606183,440
153726561,1.68091,3.93863,439,125560,0.283838,0.35,1,606624,606185,439
153729481,27.5362,21.5877,447,125560,0.232768,0.32,1,606658,606211,447
153732401,15.9072,17.9175,443,125560,0.294554,0.27,1,606671,606228,443
153735301,6.38145,8.38351,441,125560,0.250911,0.18,1,606675,606234,441
153738221,2.87629,6.4767,437,125560,0.210182,0.33,1,606677,606240,437
153741141,5.37526,11.6953,430,125560,0.170036,0.29,1,606683,606253,430
153744061,7.47505,3.93907,436,125560,0.250007,0.29,1,606691,606255,436
153745701,9.49501,0.787814,446,125560,0.194001,0.23,1,606701,606255,446
153748621,5.899,13.7576,434,125560,0.2148,0.24,1,606706,606272,434
153750481,2.7798,7.55151,430,125560,0.27496,0.18,1,606708,606278,430
153753401,9.35596,7.1103,434,125560,0.294992,0.14,1,606719,606285,434
153756321,3.47119,3.02206,434,125560,0.266998,0.3,1,606721,606287,434
153759221,3.09424,2.20441,435,125560,0.2214,0.31,1,606724,606289,435
153762141,3.01885,3.64088,434,125560,0.34828,0.27,1,606727,606293,434
153765061,5.40377,2.32818,438,125560,0.357656,0.19,1,606733,606295,438
153767541,6.68075,6.86564,437,125560,0.351531,0.22,1,606740,606303,437
153770461,8.53615,2.97313,444,125560,0.222306,0.2,1,606749,606305,444
153773381,12.1072,12.5946,442,125560,0.244461,0.19,1,606762,606320,442
153775861,4.02145,8.91893,436,125560,0.256892,0.16,1,606764,606328,436
153778781,6.40429,4.98378,439,125560,0.251378,0.24,1,606771,606332,439
153781701,2.88086,8.99676,431,125560,0.242276,0.25,1,606773,606342,431
153784181,6.97617,4.19935,436,125560,0.288455,0.19,1,606781,606345,436
153787101,2.99523,7.23987,430,125560,0.297691,0.26,1,606783,606353,430
153790021,2.19905,4.64797,428,125560,0.339538,0.22,1,606785,606357,428
153792941,2.03981,2.52959,428,125560,0.347908,0.22,1,606787,606359,428
153794581,12.408,0.505919,443,125560,0.325582,0.16,1,606802,606359,443
153797501,14.4816,17.7012,436,125560,0.321116,0.08,1,606817,606381,436
153800421,14.0963,6.74024,446,125560,0.248223,0.24,1,606831,606385,446
153803341,22.8193,14.148,455,125560,0.281645,0.16,1,606856,606401,455
153806261,9.36385,21.2296,438,125560,0.344329,0.23,1,606862,606424,438
153808101,5.07277,9.04592,436,125560,0.300866,0.25,1,606866,606430,436
153811021,6.61455,6.60918,437,125560,0.380173,0.24,1,606873,606436,437
153813941,9.32291,10.1218,436,125560,0.388035,0.2,1,606883,606447,436
153816421,6.66458,5.22437,438,125560,0.357607,0.24,1,606889,606451,438
153819341,2.93292,8.24487,431,125560,0.319521,0.23,1,606891,606460,431
153822261,2.18658,3.24897,431,125560,0.287904,0.15,1,606893,606462,431
153824741,10.0373,7.04979,435,125560,0.329581,0.2,1,606905,606470,435
153827661,3.60746,7.00996,430,125560,0.321916,0.18,1,606907,606477,430
153830581,2.32149,2.20199,431,125560,0.328383,0.09,1,606909,606478,431
153833501,45.2643,48.4404,427,125560,0.321677,0.13,1,606965,606538,427
153836421,38.6529,36.0881,431,125560,0.272335,0.21,1,607002,606571,431
153838881,9.33057,8.81762,431,125560,0.230467,0.15,1,607004,606573,431
153841801,22.6661,18.5635,436,125560,0.206093,0.31,1,607030,606594,436
153844721,9.33322,14.1127,429,125560,0.225219,0.3,1,607036,606607,429
153847641,16.2666,14.0225,433,125560,0.301044,0.3,1,607054,606621,433
153850321,4.85333,4.40451,433,125560,0.292209,0.25,1,607056,606623,433
153853241,28.9707,5.6809,462,125560,0.194442,0.22,1,607091,606629,462
153856161,12.9941,24.3362,442,125560,0.230888,0.31,1,607100,606658,442
153859081,11.3988,15.2672,440,125560,0.334178,0.24,1,607111,606671,440
153861141,7.07977,6.25345,442,125560,0.330836,0.16,1,607117,606675,442
153864061,3.01595,7.65069,436,125560,0.298167,0.16,1,607119,606683,436
153866981,2.20319,1.53014,438,125560,0.251633,0.27,1,607121,606683,438
153869041,2.04064,6.70603,432,125560,0.362327,0.18,1,607123,606691,432
153871961,16.4081,9.34121,442,125560,0.280465,0.22,1,607143,606701,442
153874241,4.88163,5.86824,439,125560,0.232093,0.33,1,607145,606706,439
153877161,11.3763,9.97365,441,125560,0.270419,0.3,1,607158,606717,441
153880081,3.87527,3.59473,441,125560,0.318084,0.26,1,607160,606719,441
153882981,3.17505,2.31895,442,125560,0.279617,0.4,1,607163,606721,442
153885901,3.03501,4.46379,440,125560,0.367923,0.38,1,607166,606726,440
153888821,2.207,1.69276,441,125560,0.353585,0.36,1,607168,606727,441
153891301,2.8414,5.13855,438,125560,0.358717,0.35,1,607171,606733,438
153894221,10.1683,6.62771,443,125560,0.311743,0.19,1,607183,606740,443
153897141,10.8337,8.52554,445,125560,0.190349,0.25,1,607194,606749,445
153900061,3.76673,12.1051,434,125560,0.19007,0.26,1,607196,606762,434
153902741,9.55335,4.02102,443,125560,0.206014,0.25,1,607207,606764,443
153905661,4.31067,6.4042,439,125560,0.193203,0.24,1,607210,606771,439
153907941,4.86213,2.88084,442,125560,0.190641,0.3,1,607215,606773,442
153910861,5.77243,6.97617,440,125560,0.286128,0.3,1,607221,606781,440
153913781,2.75449,2.99523,440,125560,0.297226,0.35,1,607223,606783,440
153916701,2.1509,2.19905,440,125560,0.299445,0.35,1,607225,606785,440
153919381,13.2302,2.03981,454,125560,0.275889,0.32,1,607241,606787,454
153922301,10.646,24.408,434,125560,0.167178,0.23,1,607251,606817,434
153925221,16.5292,16.0816,438,125560,0.201436,0.29,1,607269,606831,438
153928141,22.5058,23.2163,437,125560,0.272287,0.36,1,607293,606856,437
153931061,12.5012,9.44326,441,125560,0.302457,0.36,1,607303,606862,441
153932901,5.70023,1.88865,445,125560,0.348491,0.4,1,607307,606862,445
153935821,6.74005,9.17773,441,125560,0.285698,0.39,1,607314,606873,441
153938721,4.54801,9.83555,435,125560,0.28114,0.35,1,607318,606883,435
153941641,5.7096,6.76711,435,125560,0.320228,0.31,1,607324,606889,435
153944561,2.74192,2.95342,435,125560,0.360046,0.28,1,607326,606891,435
153946421,6.14838,2.19068,440,125560,0.352009,0.34,1,607333,606893,440
153949341,10.0297,10.0381,439,125560,0.246402,0.32,1,607344,606905,439
153952261,3.60594,3.60763,439,125560,0.22528,0.33,1,607346,606907,439
153954741,2.32119,2.32153,439,125560,0.221056,0.32,1,607348,606909,439
153957661,38.0642,45.2643,430,125560,0.300211,0.26,1,607395,606965,430
153960581,38.0128,38.6529,431,125560,0.276042,0.22,1,607433,607002,431
153963501,14.8026,9.33057,438,125560,0.199208,0.22,1,607442,607004,438
153965141,16.5605,1.86611,455,125560,0.239842,0.2,1,607459,607004,455
153968061,8.9121,21.1732,436,125560,0.231968,0.23,1,607466,607030,436
153969921,3.38242,9.03464,432,125560,0.198394,0.32,1,607468,607036,432
153972841,15.8765,16.2069,433,125560,0.303679,0.29,1,607487,607054,433
153975121,7.9753,4.84139,437,125560,0.300736,0.17,1,607493,607056,437
153978041,29.5951,28.9683,437,125560,0.236147,0.24,1,607528,607091,437
153980961,13.919,12.9937,438,125560,0.223229,0.24,1,607538,607100,438
153982821,7.5838,2.59873,444,125560,0.244646,0.36,1,607544,607100,444
153985741,11.1168,9.31975,445,125560,0.216929,0.33,1,607556,607111,445
153988021,3.82335,6.66395,441,125560,0.187386,0.27,1,607558,607117,441
153990941,2.36467,3.73279,440,125560,0.149477,0.24,1,607560,607120,440
153993861,2.07293,1.54656,441,125560,0.109895,0.26,1,607562,607121,441
153996781,14.0146,17.9093,436,125560,0.221979,0.22,1,607579,607143,436
153999701,4.40292,5.18186,436,125560,0.212396,0.28,1,607581,607145,436
154002621,12.8806,11.4364,438,125560,0.266479,0.33,1,607596,607158,438
154005281,4.17612,3.88727,438,125560,0.285296,0.37,1,607598,607160,438
154008201,4.03522,6.37745,435,125560,0.265059,0.37,1,607602,607167,435
154011121,2.40704,1.27549,437,125560,0.229012,0.35,1,607604,607167,437
154014041,2.08141,1.0551,438,125560,0.197802,0.36,1,607606,607168,438
154016721,2.01628,2.61102,437,125560,0.19156,0.3,1,607608,607171,437
154019641,3.60326,10.1222,429,125560,0.262312,0.16,1,607612,607183,429
154022561,11.1207,10.8244,431,125560,0.188462,0.19,1,607625,607194,431
154025041,3.82413,3.76489,431,125560,0.269693,0.21,1,607627,607196,431
154027961,10.3648,9.55298,432,125560,0.205938,0.19,1,607639,607207,432
154030881,7.67297,4.3106,436,125560,0.297188,0.19,1,607646,607210,436
154033361,6.33459,4.86212,437,125560,0.243438,0.31,1,607652,607215,437
154036281,6.06692,5.77242,437,125560,0.288687,0.3,1,607658,607221,437
154038561,4.41338,2.75448,439,125560,0.273738,0.34,1,607662,607223,439
154041481,5.68268,7.7509,436,125560,0.230748,0.27,1,607668,607232,436
154044401,2.73654,8.75018,429,125560,0.22215,0.14,1,607670,607241,429
154047321,13.3473,9.75004,435,125560,0.21243,0.21,1,607686,607251,435
154050241,18.6695,16.35,437,125560,0.226486,0.29,1,607706,607269,437
154053161,23.7339,22.47,438,125560,0.237297,0.31,1,607731,607293,438
154056081,9.54678,12.494,434,125560,0.143459,0.31,1,607737,607303,434
154057701,6.70936,2.4988,440,125560,0.236692,0.27,1,607743,607303,440
154060621,8.54187,9.29976,438,125560,0.239338,0.28,1,607752,607314,438
154063541,4.90837,5.05995,438,125560,0.231868,0.33,1,607756,607318,438
154066461,5.78167,5.81199,438,125560,0.166374,0.37,1,607762,607324,438
154069381,2.75633,2.7624,438,125560,0.185275,0.37,1,607764,607326,438
154071221,9.35127,0.55248,449,125560,0.253055,0.22,1,607775,607326,449
154074141,5.07025,14.5105,435,125560,0.266611,0.22,1,607779,607344,435
154077041,2.61405,4.5021,435,125560,0.229322,0.29,1,607781,607346,435
154079961,5.32281,4.90042,436,125560,0.173864,0.32,1,607787,607351,436
154082881,32.2646,36.1801,431,125560,0.218773,0.27,1,607826,607395,431
154085801,36.0529,37.636,430,125560,0.179755,0.18,1,607863,607433,430
154088481,16.0106,14.7272,432,125560,0.275951,0.25,1,607874,607442,432
154091401,23.2021,16.5454,440,125560,0.26319,0.23,1,607899,607459,440
154093681,6.24042,8.90909,435,125560,0.260638,0.16,1,607901,607466,435
154096601,16.4481,4.98182,450,125560,0.252128,0.33,1,607920,607470,450
154099521,8.08962,14.5964,439,125560,0.226426,0.22,1,607926,607487,439
154102441,28.8179,35.7193,432,125560,0.173285,0.22,1,607960,607528,432
154105361,13.7636,15.1439,432,125560,0.250657,0.25,1,607970,607538,432
154108281,8.35272,7.82877,433,125560,0.218131,0.21,1,607977,607544,433
154111201,13.6705,11.1658,436,125560,0.235626,0.18,1,607992,607556,436
154113441,4.33411,3.83315,436,125560,0.207125,0.14,1,607994,607558,436
154116361,2.46682,2.36663,436,125560,0.225425,0.1,1,607996,607560,436
154118641,2.09336,2.07333,436,125560,0.197085,0.25,1,607998,607562,436
154121561,14.8187,14.0147,437,125560,0.223417,0.21,1,608016,607579,437
154124481,4.56373,4.40293,437,125560,0.228683,0.21,1,608018,607581,437
154126341,7.31275,0.880587,445,125560,0.189737,0.28,1,608026,607581,445
154129261,3.06255,12.1761,432,125560,0.181947,0.29,1,608028,607596,432
154131541,8.61251,4.03522,440,125560,0.220389,0.26,1,608038,607598,440
154134461,3.3225,4.00704,438,125560,0.228078,0.22,1,608040,607602,438
154136321,1.4645,2.40141,437,125560,0.277616,0.31,1,608041,607604,437
154139241,5.0929,9.28028,432,125560,0.247523,0.31,1,608047,607615,432
154142161,2.61858,1.85606,434,125560,0.233505,0.31,1,608049,607615,434
154145081,2.12372,0.371211,436,125560,0.230701,0.17,1,608051,607615,436
154148001,3.62474,8.07424,430,125560,0.20614,0.29,1,608055,607625,430
154149841,1.52495,3.21485,429,125560,0.225228,0.19,1,608056,607627,429
154152761,13.905,10.243,434,125560,0.237046,0.32,1,608073,607639,434
154155681,9.981,7.64859,436,125560,0.151409,0.32,1,608082,607646,436
154157541,4.3962,1.52972,439,125560,0.270282,0.3,1,608085,607646,439
154160461,4.87924,9.90594,432,125560,0.230056,0.27,1,608090,607658,432
154163381,4.17585,5.18119,432,125560,0.222011,0.22,1,608094,607662,432
154166301,7.23517,5.83624,434,125560,0.284402,0.22,1,608102,607668,434
154169221,3.04703,2.76725,434,125560,0.26488,0.22,1,608104,607670,434
154171061,3.80941,0.553449,438,125560,0.260976,0.21,1,608108,607670,438
154173981,25.5619,12.9107,453,125560,0.220195,0.23,1,608139,607686,453
154176901,24.3124,18.5821,457,125560,0.292039,0.24,1,608163,607706,457
154179821,9.66248,23.7164,438,125560,0.242408,0.12,1,608169,607731,438
154182741,7.53249,9.54329,439,125560,0.304482,0.24,1,608176,607737,439
154185661,5.5065,13.9087,429,125560,0.308896,0.23,1,608181,607752,429
154188321,5.1013,5.98173,430,125560,0.293779,0.15,1,608186,607756,430
154191241,8.22026,5.99635,433,125560,0.290756,0.19,1,608195,607762,433
154194161,3.24405,2.79927,433,125560,0.282151,0.19,1,608197,607764,433
154196021,4.64881,0.559854,438,125560,0.23243,0.27,1,608202,607764,438
154198941,8.92976,12.112,433,125560,0.326486,0.22,1,608212,607779,433
154201221,3.38595,4.02239,433,125560,0.345297,0.16,1,608214,607781,433
154204141,3.87719,5.60448,431,125560,0.301059,0.23,1,608218,607787,431
154207061,35.1754,32.3209,435,125560,0.308212,0.17,1,608261,607826,435
154209981,37.4351,36.0642,436,125560,0.261642,0.3,1,608299,607863,436
154212901,9.08702,16.0128,427,125560,0.220328,0.26,1,608301,607874,427
154215821,29.0174,23.2026,436,125560,0.292066,0.26,1,608335,607899,436
154218741,7.40348,6.24051,436,125560,0.338413,0.25,1,608337,607901,436
154221661,16.6807,16.4481,436,125560,0.283683,0.22,1,608356,607920,436
154224581,4.93614,8.08962,432,125560,0.328737,0.22,1,608358,607926,432
154226181,29.7872,1.61792,468,125560,0.329747,0.16,1,608394,607926,468
154229101,10.7574,27.5236,440,125560,0.281949,0.27,1,608400,607960,440
154231381,10.9515,13.5047,441,125560,0.27239,0.21,1,608411,607970,441
154234301,10.1903,8.30094,444,125560,0.222478,0.24,1,608421,607977,444
154237221,9.23806,13.6602,438,125560,0.300496,0.2,1,608430,607992,438
154240141,3.44761,4.33204,438,125560,0.308099,0.23,1,608432,607994,438
154242821,11.0895,2.46641,449,125560,0.31762,0.23,1,608445,607996,449
154245741,3.8179,16.4933,431,125560,0.319524,0.23,1,608447,608016,431
154248661,2.36358,4.89866,431,125560,0.327905,0.23,1,608449,608018,431
154251141,8.47272,0.979731,441,125560,0.241581,0.18,1,608459,608018,441
154254061,3.29454,8.19595,433,125560,0.288316,0.23,1,608461,608028,433
154256981,8.65891,9.63919,433,125560,0.329663,0.23,1,608471,608038,433
154259901,3.33178,3.52784,433,125560,0.345933,0.29,1,608473,608040,433
154261541,7.86636,1.50557,441,125560,0.253187,0.24,1,608482,608041,441
154264461,3.17327,9.90111,431,125560,0.322637,0.24,1,608484,608053,431
154267381,2.23465,1.98022,433,125560,0.336527,0.24,1,608486,608053,433
154270301,2.04693,0.396045,435,125560,0.339305,0.2,1,608488,608053,435
154273221,2.00939,1.67921,435,125560,0.315861,0.23,1,608490,608055,435
154276141,8.40188,1.13584,444,125560,0.359172,0.24,1,608500,608056,444
154279061,10.4804,13.8272,438,125560,0.295834,0.13,1,608511,608073,438
154281981,10.8961,9.96543,440,125560,0.227167,0.3,1,608522,608082,440
154284421,4.57921,4.39309,440,125560,0.349433,0.2,1,608525,608085,440
154287341,3.31584,5.67862,437,125560,0.325887,0.22,1,608528,608091,437
154290261,8.66317,3.53572,444,125560,0.369177,0.3,1,608538,608094,444
154292741,4.93263,7.10714,440,125560,0.377835,0.26,1,608542,608102,440
154295661,2.58653,6.22143,436,125560,0.379567,0.21,1,608544,608108,436
154298581,24.5173,26.0443,435,125560,0.411913,0.31,1,608574,608139,435
154301501,20.9035,24.4089,431,125560,0.362383,0.23,1,608594,608163,431
154304421,12.9807,9.68177,436,125560,0.352477,0.23,1,608605,608169,436
154306261,7.39614,1.93635,442,125560,0.350495,0.32,1,608611,608169,442
154309181,5.47923,5.98727,440,125560,0.398099,0.31,1,608616,608176,440
154311461,4.29585,5.19745,439,125560,0.41562,0.29,1,608620,608181,439
154314381,5.65917,5.03949,440,125560,0.403124,0.29,1,608626,608186,440
154317301,7.53183,8.2079,439,125560,0.400625,0.28,1,608634,608195,439
154319361,3.10637,3.24158,439,125560,0.400125,0.36,1,608636,608197,439
154322281,7.82127,8.64832,438,125560,0.368025,0.35,1,608645,608207,438
154325201,7.16425,5.72966,440,125560,0.361605,0.35,1,608652,608212,440
154328101,6.23285,2.74593,444,125560,0.344321,0.36,1,608658,608214,444
154331021,33.2466,6.94919,476,125560,0.364864,0.31,1,608698,608222,476
154333941,36.2493,32.5898,474,125560,0.392973,0.25,1,608735,608261,474
154336861,8.84986,36.918,438,125560,0.398595,0.21,1,608737,608299,438
154339541,25.77,8.98359,466,125560,0.375719,0.31,1,608767,608301,466
154342461,6.75399,28.9967,434,125560,0.419144,0.35,1,608769,608335,434
154344741,18.9508,7.39934,454,125560,0.395829,0.27,1,608791,608337,454
154347661,5.39016,16.6799,437,125560,0.391166,0.34,1,608793,608356,437
154349521,1.87803,4.93597,436,125560,0.374233,0.33,1,608794,608358,436
154352441,31.5756,29.7872,439,125560,0.418847,0.27,1,608833,608394,439
154355361,14.3151,10.7574,443,125560,0.363769,0.27,1,608843,608400,443
154358281,13.263,10.9515,445,125560,0.360754,0.21,1,608856,608411,445
154361201,10.6526,10.1903,445,125560,0.296151,0.32,1,608866,608421,445
154364121,3.73052,9.23806,438,125560,0.29123,0.31,1,608868,608430,438
154366581,8.7461,3.44761,446,125560,0.362246,0.32,1,608878,608432,446
154369501,3.34922,11.0895,435,125560,0.376449,0.32,1,608880,608445,435
154371781,10.2698,3.8179,445,125560,0.41929,0.26,1,608892,608447,445
154374701,3.65397,8.76358,437,125560,0.395858,0.22,1,608894,608457,437
154377621,5.53079,3.35272,441,125560,0.335172,0.3,1,608900,608459,441
154379681,4.30616,2.27054,443,125560,0.403034,0.35,1,608904,608461,443
154382601,6.46123,10.0541,438,125560,0.360607,0.35,1,608911,608473,438
154385521,6.09225,2.01082,444,125560,0.384121,0.23,1,608917,608473,444
154388441,6.81845,7.60216,442,125560,0.316824,0.34,1,608924,608482,442
154391361,2.96369,3.12043,442,125560,0.327365,0.34,1,608926,608484,442
154393621,2.19274,2.22409,442,125560,0.329473,0.34,1,608928,608486,442
154396541,2.03855,2.04482,442,125560,0.385895,0.31,1,608930,608488,442
154398401,1.20771,2.00896,441,125560,0.381179,0.37,1,608931,608490,441
154401321,3.44154,8.40179,435,125560,0.404236,0.28,1,608935,608500,435
154404241,7.08831,10.4804,432,125560,0.392847,0.21,1,608943,608511,432
154407161,11.8177,10.8961,434,125560,0.398569,0.38,1,608956,608522,434
154409841,3.96353,4.57921,433,125560,0.375714,0.32,1,608958,608525,433
154412761,9.59271,3.31584,441,125560,0.371143,0.38,1,608969,608528,441
154415681,6.71854,8.66317,437,125560,0.354229,0.38,1,608975,608538,437
154418161,8.54371,4.93263,442,125560,0.430846,0.35,1,608984,608542,442
154421081,3.30874,3.38653,441,125560,0.438169,0.42,1,608986,608545,441
154424001,19.8617,23.8773,436,125560,0.287634,0.35,1,609010,608574,436
154426921,22.3723,20.7755,439,125560,0.337527,0.35,1,609033,608594,439
154429841,14.0745,12.9551,440,125560,0.411505,0.35,1,609045,608605,440
154431681,10.0149,7.39102,443,125560,0.410301,0.41,1,609054,608611,443
154434601,5.20298,5.4782,442,125560,0.37806,0.42,1,609058,608616,442
154436881,4.2406,4.29564,442,125560,0.363612,0.4,1,609062,608620,442
154439801,5.64812,5.65913,442,125560,0.408722,0.4,1,609068,608626,442
154442081,5.92962,7.53183,440,125560,0.441745,0.42,1,609074,608634,440
154445001,9.18592,3.90637,447,125560,0.384349,0.36,1,609084,608637,447
154447921,3.43718,7.18127,441,125560,0.35687,0.36,1,609086,608645,441
154450841,10.2874,7.03625,446,125560,0.383374,0.34,1,609098,608652,446
154452481,2.85749,6.20725,441,125560,0.404675,0.37,1,609099,608658,441
154455401,34.1715,33.2415,443,125560,0.456935,0.4,1,609141,608698,443
154458321,31.6343,36.2483,437,125560,0.411387,0.4,1,609172,608735,437
154461241,11.9269,8.84966,442,125560,0.346277,0.4,1,609179,608737,442
154463301,24.7854,1.76993,470,125560,0.341255,0.37,1,609207,608737,470
154466221,6.55707,24.354,442,125560,0.316251,0.43,1,609209,608767,442
154468501,18.1114,6.4708,461,125560,0.31125,0.39,1,609230,608769,461
154471421,5.22228,18.8942,441,125560,0.30225,0.39,1,609232,608791,441
154473281,1.84446,5.37883,440,125560,0.32445,0.38,1,609233,608793,440
154476201,31.5689,8.27577,470,125560,0.36889,0.43,1,609272,608802,470
154479121,14.3138,26.4552,449,125560,0.353778,0.35,1,609282,608833,449
154482041,10.8628,13.291,449,125560,0.390756,0.36,1,609292,608843,449
154484961,14.1726,13.0582,451,125560,0.366151,0.28,1,609307,608856,451
154487881,4.43451,10.6116,443,125560,0.32923,0.29,1,609309,608866,443
154490341,8.8869,3.72233,451,125560,0.353846,0.38,1,609319,608868,451
154493261,4.17738,8.74447,444,125560,0.382769,0.38,1,609322,608878,444
154496181,11.2355,3.34889,455,125560,0.388554,0.39,1,609335,608880,455
154499101,3.8471,11.8698,443,125560,0.397711,0.32,1,609337,608894,443
154502021,2.36942,7.17396,439,125560,0.399542,0.42,1,609339,608900,439
154504941,5.27388,4.63479,441,125560,0.319908,0.35,1,609345,608904,441
154506981,5.85478,6.52696,440,125560,0.391982,0.39,1,609351,608911,440
154509901,4.37096,6.10539,438,125560,0.342396,0.3,1,609355,608917,438
154512801,8.07419,6.82108,440,125560,0.404479,0.33,1,609364,608924,440
154515721,5.61484,2.96422,443,125560,0.376896,0.33,1,609369,608926,443
154518641,2.72297,2.19284,443,125560,0.395379,0.33,1,609371,608928,443
154520501,2.94459,0.438569,446,125560,0.359076,0.42,1,609374,608928,446
154523421,2.18892,4.88771,442,125560,0.351815,0.41,1,609376,608934,442
154526341,2.03778,1.77754,443,125560,0.318363,0.39,1,609378,608935,443
154529261,5.20756,6.75551,441,125560,0.375673,0.4,1,609384,608943,441
154532181,10.6415,11.7511,440,125560,0.395135,0.37,1,609396,608956,440
154534641,3.7283,3.95022,440,125560,0.375027,0.4,1,609398,608958,440
154537561,15.9457,11.99,445,125560,0.299005,0.35,1,609417,608972,445
154540481,4.78913,4.79801,444,125560,0.291801,0.45,1,609419,608975,444
154542961,4.15783,8.1596,439,125560,0.41036,0.44,1,609423,608984,439
154545881,2.43157,3.23192,439,125560,0.394072,0.25,1,609425,608986,439
154548801,22.8863,19.8464,443,125560,0.350814,0.35,1,609453,609010,443
154551721,20.5773,22.3693,440,125560,0.414163,0.43,1,609473,609033,440
154554401,15.3155,14.0739,442,125560,0.370833,0.41,1,609487,609045,442
154557321,14.2631,10.0148,447,125560,0.362167,0.37,1,609501,609054,447
154560241,6.05262,5.20295,447,125560,0.392433,0.36,1,609505,609058,447
154562101,5.21052,4.24059,448,125560,0.358487,0.42,1,609510,609062,448
154565021,2.6421,5.64812,444,125560,0.375697,0.45,1,609512,609068,444
154567941,10.1284,5.92962,450,125560,0.419139,0.37,1,609524,609074,450
154570861,3.62568,9.18592,442,125560,0.435828,0.35,1,609526,609084,442
154573121,2.32514,3.43718,442,125560,0.439166,0.39,1,609528,609086,442
154576041,7.66503,10.2874,439,125560,0.407833,0.41,1,609537,609098,439
154578961,37.533,2.85749,483,125560,0.361567,0.47,1,609582,609099,483
154581881,33.1066,34.1715,473,125560,0.264313,0.4,1,609614,609141,473
154584801,8.22132,31.6343,444,125560,0.236863,0.33,1,609616,609172,444
154587061,28.0443,11.9269,470,125560,0.279373,0.34,1,609649,609179,470
154589981,7.20885,24.7854,444,125560,0.255875,0.31,1,609651,609207,444
154592901,19.8418,6.55707,465,125560,0.283175,0.3,1,609674,609209,465
154595821,5.56835,19.7114,444,125560,0.256635,0.33,1,609676,609232,444
154598501,10.7137,4.74228,455,125560,0.275327,0.38,1,609688,609233,455
154601421,22.9427,32.1485,442,125560,0.303065,0.35,1,609714,609272,442
154604341,12.5885,14.4297,442,125560,0.308613,0.4,1,609724,609282,442
154607261,10.5177,10.8859,442,125560,0.261723,0.36,1,609734,609292,442
154610181,13.3035,14.1772,441,125560,0.300345,0.32,1,609748,609307,441
154613101,4.26071,4.43544,441,125560,0.284069,0.36,1,609750,609309,441
154615761,8.85214,8.88709,441,125560,0.312814,0.39,1,609760,609319,441
154618681,4.97043,4.17742,442,125560,0.310563,0.39,1,609764,609322,442
154621601,8.19409,11.2355,438,125560,0.302113,0.4,1,609773,609335,438
154624081,3.23882,3.8471,438,125560,0.308423,0.33,1,609775,609337,438
154627001,8.64776,8.76942,438,125560,0.261685,0.33,1,609785,609347,438
154629921,3.32955,1.75388,440,125560,0.324337,0.41,1,609787,609347,440
154632841,8.66591,3.55078,446,125560,0.288867,0.33,1,609797,609351,446
154635761,6.53318,3.91016,448,125560,0.305773,0.42,1,609803,609355,448
154638681,2.90664,7.98203,441,125560,0.285155,0.37,1,609805,609364,441
154640721,2.18133,5.59641,438,125560,0.281031,0.35,1,609807,609369,438
154643641,8.43627,6.71928,441,125560,0.320206,0.35,1,609817,609376,441
154646561,3.28725,1.34386,443,125560,0.304041,0.35,1,609819,609376,443
154649481,2.25745,0.268771,445,125560,0.268808,0.31,1,609821,609376,445
154651121,1.25149,1.65375,444,125560,0.245762,0.38,1,609822,609378,444
154654041,3.4503,5.93075,441,125560,0.209152,0.4,1,609826,609385,441
154656961,7.89006,9.98615,439,125560,0.25783,0.37,1,609835,609396,439
154659441,3.17801,3.59723,439,125560,0.235566,0.28,1,609837,609398,439
154662361,19.0356,15.9194,443,125560,0.143113,0.29,1,609860,609417,443
154665281,5.40712,4.78389,443,125560,0.148623,0.29,1,609862,609419,443
154667141,5.08142,0.956778,448,125560,0.245725,0.47,1,609867,609419,448
154670061,2.61628,8.99136,439,125560,0.265145,0.34,1,609869,609430,439
154672981,21.3233,20.1983,442,125560,0.277029,0.43,1,609895,609453,442
154675901,15.4647,20.0397,436,125560,0.335406,0.36,1,609909,609473,436
154678821,16.6929,15.2079,439,125560,0.251081,0.36,1,609926,609487,439
154681741,16.1386,14.2416,441,125560,0.330216,0.4,1,609942,609501,441
154684661,6.42772,6.04832,441,125560,0.306043,0.4,1,609946,609505,441
154686901,7.68554,1.20966,449,125560,0.357209,0.38,1,609954,609505,449
154689821,3.13711,5.84193,444,125560,0.335442,0.43,1,609956,609512,444
154692741,7.02742,10.7684,440,125560,0.299088,0.44,1,609964,609524,440
154695661,3.00548,3.75368,440,125560,0.267818,0.44,1,609966,609526,440
154697301,3.8011,0.750735,444,125560,0.341564,0.4,1,609970,609526,444
154700221,6.36022,8.95015,440,125560,0.348313,0.35,1,609977,609537,440
154703141,38.872,37.79,442,125560,0.277663,0.24,1,610024,609582,442
154706061,26.9744,33.158,434,125560,0.303533,0.23,1,610048,609614,434
154708981,8.59488,8.2316,436,125560,0.316707,0.23,1,610052,609616,436
154710821,26.519,1.64632,467,125560,0.311341,0.29,1,610083,609616,467
154713741,10.9038,26.7293,441,125560,0.262268,0.25,1,610090,609649,441
154716661,17.3808,6.94585,458,125560,0.316454,0.29,1,610109,609651,458
154719581,5.07615,19.7892,437,125560,0.295291,0.25,1,610111,609674,437
154722261,10.6152,5.55783,447,125560,0.347058,0.28,1,610123,609676,447
154725181,23.723,10.7116,462,125560,0.349412,0.31,1,610150,609688,462
154728101,11.1446,22.9423,444,125560,0.341882,0.31,1,610158,609714,444
154730581,11.8289,12.5885,446,125560,0.284376,0.25,1,610170,609724,446
154733501,10.3658,10.5177,446,125560,0.240875,0.31,1,610180,609734,446
154736421,8.47316,13.3035,440,125560,0.232175,0.28,1,610188,609748,440
154738901,9.69463,4.26071,448,125560,0.214435,0.32,1,610198,609750,448
154741821,3.53893,8.85214,440,125560,0.210887,0.31,1,610200,609760,440
154743681,1.50779,4.97043,437,125560,0.202177,0.3,1,610201,609764,437
154746601,5.10156,8.19409,434,125560,0.264435,0.31,1,610207,609773,434
154748881,2.62031,3.23882,434,125560,0.308887,0.25,1,610209,609775,434
154751801,10.9241,8.64776,437,125560,0.317777,0.34,1,610222,609785,437
154754721,3.78481,3.32955,437,125560,0.319555,0.34,1,610224,609787,437
154756581,6.35696,0.66591,444,125560,0.231911,0.33,1,610231,609787,444
154759501,6.87139,9.73318,439,125560,0.342382,0.31,1,610238,609799,439
154762421,3.77428,5.14664,438,125560,0.356476,0.28,1,610241,609803,438
154764901,3.15486,2.62933,439,125560,0.327295,0.33,1,610244,609805,439
154767821,3.83097,10.1259,431,125560,0.305459,0.3,1,610248,609817,431
154770741,3.96619,3.62517,433,125560,0.309092,0.3,1,610252,609819,433
154773221,7.19324,0.725035,441,125560,0.333818,0.35,1,610260,609819,441
154776141,3.03865,8.14501,433,125560,0.306764,0.35,1,610262,609829,433
154779061,2.20773,1.629,435,125560,0.341353,0.27,1,610264,609829,435
154781981,2.04155,5.1258,431,125560,0.316271,0.23,1,610266,609835,431
154784241,2.00831,2.62516,431,125560,0.335254,0.12,1,610268,609837,431
154787161,21.2017,18.925,434,125560,0.331051,0.15,1,610294,609860,434
154790081,5.84033,5.38501,434,125560,0.29821,0.15,1,610296,609862,434
154791941,8.36807,1.077,443,125560,0.395642,0.27,1,610305,609862,443
154794861,3.27361,5.8154,438,125560,0.399128,0.28,1,610307,609869,438
154797781,19.0547,21.9631,435,125560,0.335826,0.35,1,610330,609895,435
154800701,18.2109,15.5926,439,125560,0.307165,0.23,1,610348,609909,439
154803621,14.8422,16.7185,436,125560,0.357433,0.35,1,610362,609926,436
154806541,15.7684,16.1437,436,125560,0.335487,0.3,1,610378,609942,436
154809201,8.75369,6.42874,439,125560,0.331097,0.33,1,610385,609946,439
154812121,8.15074,9.28575,437,125560,0.234219,0.33,1,610393,609956,437
154815041,3.23015,1.85715,439,125560,0.302844,0.29,1,610395,609956,439
154817961,7.04603,6.77143,439,125560,0.332569,0.26,1,610403,609964,439
154820641,3.00921,2.95429,439,125560,0.338514,0.36,1,610405,609966,439
154823561,5.40184,3.79086,441,125560,0.347703,0.35,1,610411,609970,441
154826481,38.6804,6.35817,481,125560,0.293541,0.26,1,610458,609977,481
154829401,25.3361,38.8716,456,125560,0.234708,0.31,1,610480,610024,456
154832321,6.66721,26.9743,434,125560,0.222942,0.32,1,610482,610048,434
154834161,2.13344,8.59487,431,125560,0.236588,0.31,1,610483,610052,431
154837081,31.6267,26.519,439,125560,0.279318,0.25,1,610522,610083,439
154840001,20.7253,10.9038,450,125560,0.183864,0.33,1,610540,610090,450
154842921,6.54507,17.3808,434,125560,0.180773,0.29,1,610543,610109,434
154844561,2.90901,5.07615,434,125560,0.268155,0.36,1,610545,610111,434
154847481,12.5818,10.6152,437,125560,0.213631,0.35,1,610560,610123,437
154850401,26.5164,23.723,440,125560,0.266726,0.34,1,610590,610150,440
154852881,8.50327,11.1446,436,125560,0.253345,0.27,1,610594,610158,436
154855801,11.3007,11.8289,436,125560,0.226669,0.23,1,610606,610170,436
154858721,7.06013,10.3658,432,125560,0.293334,0.23,1,610612,610180,432
154861201,9.41203,8.47316,434,125560,0.202667,0.21,1,610622,610188,434
154864121,13.0824,9.69463,438,125560,0.208533,0.21,1,610636,610198,438
154867041,4.21648,3.53893,438,125560,0.177707,0.2,1,610638,610200,438
154868901,5.6433,1.50779,443,125560,0.267541,0.34,1,610644,610201,443
154871821,3.52866,5.90156,439,125560,0.253508,0.32,1,610647,610208,439
154874741,5.50573,1.98031,444,125560,0.266702,0.32,1,610653,610209,444
154877661,2.70115,10.7961,433,125560,0.25334,0.32,1,610655,610222,433
154879921,2.14023,3.75921,433,125560,0.218668,0.21,1,610657,610224,433
154882841,14.028,6.35184,443,125560,0.195734,0.37,1,610674,610231,443
154885761,4.40561,6.87037,438,125560,0.167147,0.36,1,610676,610238,438
154888681,2.48112,3.77407,437,125560,0.185429,0.32,1,610678,610241,437
154890321,1.29622,3.15481,435,125560,0.277086,0.31,1,610679,610244,435
154893241,8.25924,7.03096,437,125560,0.279417,0.31,1,610689,610252,437
154896161,3.25185,1.40619,439,125560,0.263883,0.34,1,610691,610252,439
154898641,7.05037,6.68124,439,125560,0.284777,0.3,1,610699,610260,439
154901561,3.01007,2.93625,439,125560,0.280955,0.35,1,610701,610262,439
154903841,3.00201,2.18725,440,125560,0.280191,0.36,1,610704,610264,440
154906761,3.0004,6.83745,435,125560,0.256038,0.36,1,610707,610272,435
154909681,2.20008,1.36749,437,125560,0.219208,0.33,1,610709,610272,437
154912601,15.64,17.8735,434,125560,0.203842,0.29,1,610728,610294,434
154915281,10.328,5.1747,441,125560,0.208768,0.42,1,610737,610296,441
154918201,10.0656,8.23494,442,125560,0.249754,0.4,1,610747,610305,442
154921121,20.4131,3.24699,463,125560,0.233951,0.32,1,610770,610307,463
154924041,16.8826,19.0494,456,125560,0.24679,0.3,1,610786,610330,456
154926961,9.77652,18.2099,446,125560,0.193358,0.37,1,610794,610348,446
154929881,17.1553,14.842,451,125560,0.190672,0.33,1,610813,610362,451
154932801,11.4311,15.7684,445,125560,0.110134,0.33,1,610823,610378,445
154935461,8.68621,8.75368,446,125560,0.198027,0.21,1,610831,610385,446
154938381,3.33724,8.15074,440,125560,0.175605,0.32,1,610833,610393,440
154940241,1.46745,3.23015,439,125560,0.187121,0.34,1,610834,610395,439
154943161,6.69349,7.04603,439,125560,0.245424,0.34,1,610842,610403,439
154945441,2.9387,3.00921,439,125560,0.233085,0.35,1,610844,610405,439
154948361,5.38774,5.40184,439,125560,0.302617,0.28,1,610850,610411,439
154951281,33.8775,38.6804,433,125560,0.284523,0.22,1,610891,610458,433
154954201,25.9755,25.3361,435,125560,0.248905,0.22,1,610915,610480,435
154956881,6.7951,6.66721,435,125560,0.297781,0.3,1,610917,610482,435
154959801,25.359,6.13344,459,125560,0.251556,0.29,1,610947,610488,459
154962721,25.0718,28.4267,450,125560,0.186311,0.16,1,610972,610522,450
154965641,6.61436,20.0853,434,125560,0.165262,0.18,1,610974,610540,434
154967281,2.12287,6.41707,432,125560,0.233052,0.29,1,610975,610543,432
154970201,14.8246,2.88341,448,125560,0.23861,0.2,1,610993,610545,448
154973121,26.1649,12.5767,462,125560,0.303722,0.28,1,611022,610560,462
154976041,8.43298,26.5153,436,125560,0.308744,0.25,1,611026,610590,436
154978961,11.2866,8.50307,444,125560,0.309749,0.22,1,611038,610594,444
154981881,5.45732,11.3006,436,125560,0.27795,0.31,1,611042,610606,436
154983921,2.69146,7.06012,432,125560,0.23959,0.18,1,611044,610612,432
154986841,20.5383,9.41202,447,125560,0.239918,0.21,1,611069,610622,447
154989761,5.70766,13.0824,435,125560,0.207984,0.17,1,611071,610636,435
154992241,2.74153,4.21648,435,125560,0.201597,0.29,1,611073,610638,435
154995161,5.34831,5.6433,435,125560,0.160319,0.25,1,611079,610644,435
154997441,5.86966,3.52866,438,125560,0.240064,0.25,1,611085,610647,438
155000361,2.77393,7.10573,432,125560,0.264013,0.25,1,611087,610655,432
155003281,2.15479,1.42115,434,125560,0.252803,0.21,1,611089,610655,434
155006201,14.031,1.88423,449,125560,0.226561,0.19,1,611106,610657,449
155009121,4.40619,13.9768,434,125560,0.189312,0.16,1,611108,610674,434
155010961,1.68124,4.39537,433,125560,0.165862,0.19,1,611109,610676,433
155013881,3.53625,2.47907,435,125560,0.193172,0.3,1,611113,610678,435
155016801,8.70725,1.29581,444,125560,0.222634,0.28,1,611123,610679,444
155019721,3.34145,8.25916,436,125560,0.236527,0.26,1,611125,610689,436
155021361,1.46829,3.25183,435,125560,0.223305,0.3,1,611126,610691,435
155024281,6.69366,10.2504,431,125560,0.212661,0.3,1,611134,610703,431
155027201,2.93873,2.05007,433,125560,0.314532,0.28,1,611136,610703,433
155030121,2.98775,1.21001,435,125560,0.334906,0.25,1,611139,610704,435
155031761,2.19755,2.642,434,125560,0.298981,0.23,1,611141,610707,434
155034681,6.03951,7.7284,432,125560,0.259796,0.2,1,611148,610716,432
155037601,10.8079,11.1457,432,125560,0.243959,0.21,1,611160,610728,432
155040081,11.7616,9.42914,435,125560,0.264792,0.26,1,611172,610737,435
155043001,7.15232,9.88583,431,125560,0.244958,0.23,1,611178,610747,431
155045921,13.4305,20.3772,423,125560,0.304992,0.25,1,611193,610770,423
155048841,25.0861,16.8754,435,125560,0.268998,0.18,1,611221,610786,435
155051521,9.81722,9.77509,433,125560,0.2298,0.19,1,611227,610794,433
155054441,13.1634,17.155,428,125560,0.30996,0.09,1,611241,610813,428
155057361,13.0327,11.431,431,125560,0.237992,0.22,1,611254,610823,431
155060281,10.6065,8.6862,433,125560,0.247598,0.22,1,611264,610831,433
155062341,9.32131,1.73724,442,125560,0.24152,0.27,1,611273,610831,442
155065261,4.26426,6.74745,437,125560,0.224304,0.26,1,611276,610839,437
155068181,2.45285,3.74949,436,125560,0.268861,0.23,1,611278,610842,436
155071101,5.29057,2.3499,440,125560,0.301772,0.32,1,611284,610844,440
155072741,6.65811,5.26998,441,125560,0.292354,0.28,1,611291,610850,441
155075661,28.5316,33.854,434,125560,0.306471,0.24,1,611325,610891,434
155078581,24.9063,25.9708,434,125560,0.285294,0.31,1,611349,610915,434
155081501,8.18126,6.79416,436,125560,0.273059,0.31,1,611353,610917,436
155083141,20.8363,1.35883,460,125560,0.254612,0.24,1,611377,610917,460
155086061,28.9673,24.2718,461,125560,0.250922,0.17,1,611408,610947,461
155088981,7.39345,24.8544,438,125560,0.338184,0.16,1,611410,610972,438
155091461,6.27869,6.57087,442,125560,0.243637,0.24,1,611416,610974,442
155094381,7.65574,16.5142,431,125560,0.240727,0.32,1,611424,610993,431
155097301,29.5311,26.5028,437,125560,0.248145,0.31,1,611459,611022,437
155100221,9.10623,8.50057,437,125560,0.225629,0.31,1,611463,611026,437
155101861,5.82125,1.70011,442,125560,0.277126,0.31,1,611468,611026,442
155104781,2.76425,9.94002,432,125560,0.295425,0.27,1,611470,611038,432
155106641,1.35285,5.188,429,125560,0.315085,0.23,1,611471,611042,429
155109561,21.8706,4.2376,452,125560,0.239017,0.24,1,611498,611046,452
155112481,9.97411,19.2475,436,125560,0.231803,0.2,1,611505,611069,436
155114961,3.59482,5.4495,436,125560,0.206361,0.19,1,611507,611071,436
155117881,5.51896,5.8899,436,125560,0.233272,0.15,1,611513,611077,436
155120801,4.30379,2.77798,438,125560,0.222654,0.26,1,611517,611079,438
155123281,2.46076,5.3556,434,125560,0.228531,0.25,1,611519,611085,434
155126201,5.29215,7.47112,432,125560,0.285706,0.25,1,611525,611093,432
155129121,12.2584,1.49422,446,125560,0.249141,0.22,1,611539,611093,446
155132041,4.05169,10.6988,435,125560,0.257828,0.18,1,611541,611106,435
155133681,1.61034,3.73977,434,125560,0.243566,0.24,1,611542,611108,434
155136601,3.52207,3.94795,434,125560,0.208713,0.2,1,611546,611112,434
155139521,5.50441,1.58959,439,125560,0.169743,0.23,1,611552,611113,439
155142001,2.70088,8.31792,431,125560,0.185949,0.24,1,611554,611123,431
155144921,3.74018,3.26358,433,125560,0.19719,0.22,1,611558,611125,433
155147201,11.148,1.45272,445,125560,0.231438,0.34,1,611571,611126,445
155150121,3.82961,10.6905,434,125560,0.294288,0.34,1,611573,611139,434
155153041,2.36592,2.13811,436,125560,0.274858,0.34,1,611575,611139,436
155155961,2.07318,0.427622,438,125560,0.318972,0.25,1,611577,611139,438
155158881,5.21464,7.28552,435,125560,0.263794,0.24,1,611583,611148,435
155161801,11.4429,11.0571,436,125560,0.252759,0.27,1,611596,611160,436
155164721,11.8886,11.8114,436,125560,0.234552,0.24,1,611608,611172,436
155167641,8.77772,7.16228,438,125560,0.25491,0.24,1,611616,611178,438
155169461,9.75554,1.43246,448,125560,0.282982,0.32,1,611626,611178,448
155172381,23.5511,12.2865,460,125560,0.288596,0.26,1,611653,611193,460
155175301,11.9102,24.8573,441,125560,0.209719,0.22,1,611662,611221,441
155177781,11.982,9.77146,447,125560,0.273944,0.33,1,611674,611227,447
155180701,13.5964,13.1543,447,125560,0.310789,0.22,1,611688,611241,447
155183621,9.11928,13.0309,442,125560,0.222158,0.25,1,611696,611254,442
155186101,11.4239,10.6062,444,125560,0.300432,0.24,1,611708,611264,444
155189021,4.68477,9.32123,438,125560,0.268086,0.22,1,611711,611273,438
155190881,1.73695,4.26425,436,125560,0.317617,0.32,1,611712,611276,436
155193801,5.14739,4.05285,438,125560,0.311523,0.31,1,611718,611280,438
155196721,7.42948,4.01057,442,125560,0.350305,0.29,1,611726,611284,442
155199641,27.0859,6.40211,467,125560,0.342061,0.31,1,611758,611291,467
155202561,26.2172,28.4804,459,125560,0.324412,0.28,1,611784,611325,459
155205481,6.84344,24.8961,437,125560,0.320882,0.27,1,611786,611349,437
155207941,23.7687,8.17922,461,125560,0.216176,0.25,1,611814,611353,461
155210861,27.9537,45.6358,435,125560,0.171235,0.36,1,611843,611408,435
155213761,7.19075,10.7272,435,125560,0.130247,0.22,1,611845,611410,435
155216681,4.63815,6.94543,433,125560,0.218049,0.24,1,611849,611416,433
155219601,8.92763,7.78909,435,125560,0.20361,0.25,1,611859,611424,435
155222521,30.5855,29.5578,436,125560,0.208722,0.22,1,611895,611459,436
155225201,10.9171,9.11156,438,125560,0.201744,0.3,1,611901,611463,438
155228121,6.98342,7.42231,437,125560,0.288349,0.3,1,611907,611470,437
155231041,2.99668,1.48446,439,125560,0.27367,0.22,1,611909,611470,439
155233961,18.1993,22.6969,433,125560,0.238734,0.23,1,611931,611498,433
155236881,9.23987,10.1394,433,125560,0.159747,0.23,1,611938,611505,433
155239141,5.84797,2.02788,438,125560,0.191949,0.24,1,611943,611505,438
155242061,5.16959,6.80558,435,125560,0.11839,0.22,1,611948,611513,435
155244981,5.83392,4.56112,437,125560,0.247678,0.22,1,611954,611517,437
155247461,2.76678,0.912223,439,125560,0.249536,0.3,1,611956,611517,439
155250381,3.75336,6.58244,435,125560,0.241907,0.3,1,611960,611525,435
155252661,7.15067,1.31649,443,125560,0.240381,0.24,1,611968,611525,443
155255581,3.03013,11.4633,431,125560,0.216076,0.26,1,611970,611539,431
155257861,8.60603,3.89266,439,125560,0.187215,0.18,1,611980,611541,439
155260781,3.32121,7.17853,433,125560,0.205443,0.16,1,611982,611549,433
155263701,7.06424,3.83571,438,125560,0.153089,0.19,1,611990,611552,438
155266621,3.81285,2.36714,439,125560,0.166618,0.19,1,611993,611554,439
155268261,7.96257,0.473428,448,125560,0.161324,0.33,1,612002,611554,448
155271181,3.19251,9.69469,438,125560,0.160265,0.24,1,612004,611566,438
155274101,2.2385,5.93894,435,125560,0.208053,0.31,1,612006,611571,435
155276581,2.8477,2.78779,436,125560,0.177611,0.27,1,612009,611573,436
155279501,5.36954,2.15756,440,125560,0.155522,0.33,1,612015,611575,440
155281781,7.47391,2.03151,446,125560,0.159104,0.31,1,612023,611577,446
155284701,6.29478,10.0063,440,125560,0.135821,0.25,1,612029,611589,440
155287621,10.059,7.60126,444,125560,0.187164,0.23,1,612040,611596,444
155290541,10.8118,11.1203,443,125560,0.133433,0.26,1,612051,611608,443
155293461,11.7624,8.62405,447,125560,0.154687,0.29,1,612063,611616,447
155296381,23.1525,9.72481,463,125560,0.142937,0.29,1,612089,611626,463
155299301,11.8305,23.545,445,125560,0.164587,0.19,1,612098,611653,445
155302221,13.5661,11.909,450,125560,0.160917,0.32,1,612112,611662,450
155305141,12.3132,23.1818,436,125560,0.248184,0.2,1,612124,611688,436
155308061,10.4626,11.0364,438,125560,0.145637,0.2,1,612134,611696,438
155309861,10.0925,2.20727,448,125560,0.181127,0.32,1,612144,611696,448
155312781,6.01851,10.0415,441,125560,0.188225,0.26,1,612149,611708,441
155314641,2.0037,4.40829,439,125560,0.213645,0.31,1,612150,611711,439
155317561,5.20074,6.48166,438,125560,0.202729,0.31,1,612156,611718,438
155320481,7.44015,1.29633,446,125560,0.264546,0.36,1,612164,611718,446
155323381,27.088,6.65927,470,125560,0.108909,0.34,1,612196,611726,470
155326301,22.2176,26.9319,459,125560,0.221782,0.32,1,612217,611758,459
155329221,6.04352,26.1864,435,125560,0.212356,0.32,1,612219,611784,435
155331701,25.2087,6.83727,463,125560,0.154471,0.19,1,612249,611786,463
155334621,23.4417,23.7675,458,125560,0.206894,0.16,1,612272,611814,458
155337541,7.08835,27.9535,432,125560,0.217379,0.12,1,612275,611843,432
155340021,9.41767,7.1907,440,125560,0.243476,0.18,1,612285,611845,440
155342941,5.08353,7.03814,437,125560,0.248695,0.2,1,612289,611852,437
155345861,26.6167,7.00763,462,125560,0.233739,0.21,1,612321,611859,462
155348781,14.1233,30.2015,437,125560,0.254748,0.2,1,612332,611895,437
155351701,9.22467,10.8403,439,125560,0.15495,0.31,1,612340,611901,439
155354581,3.44493,6.96806,435,125560,0.23899,0.25,1,612342,611907,435
155357501,12.689,3.79361,447,125560,0.263798,0.23,1,612357,611910,447
155360421,8.1378,17.5587,433,125560,0.22076,0.14,1,612364,611931,433
155362901,9.62756,9.11174,436,125560,0.204152,0.2,1,612374,611938,436
155365821,6.72551,5.82235,437,125560,0.25683,0.1,1,612380,611943,437
155368741,6.1451,5.16447,438,125560,0.211366,0.28,1,612386,611948,438
155371661,2.82902,5.83289,434,125560,0.170273,0.25,1,612388,611954,434
155374341,6.9658,2.76658,440,125560,0.218055,0.25,1,612396,611956,440
155377261,2.99316,8.55332,432,125560,0.227611,0.21,1,612398,611966,432
155380181,2.19863,4.91066,430,125560,0.237522,0.18,1,612400,611970,430
155383101,8.43973,8.98213,430,125560,0.279504,0.21,1,612410,611980,430
155386021,3.28795,3.39643,430,125560,0.255901,0.14,1,612412,611982,430
155388941,7.05759,7.07929,430,125560,0.17118,0.17,1,612420,611990,430
155391861,3.01152,3.81586,429,125560,0.154236,0.16,1,612422,611993,429
155394781,8.6023,7.96317,430,125560,0.214847,0.16,1,612432,612002,430
155396801,2.52046,3.19263,429,125560,0.226969,0.18,1,612433,612004,429
155399721,8.50409,8.63853,429,125560,0.237394,0.18,1,612443,612014,429
155402641,3.30082,1.72771,431,125560,0.239479,0.15,1,612445,612014,431
155405561,5.46016,1.14554,436,125560,0.239896,0.16,1,612451,612015,436
155408481,7.49203,6.62911,436,125560,0.295979,0.13,1,612459,612023,436
155411401,7.09841,6.12582,437,125560,0.259196,0.2,1,612466,612029,437
155414321,11.8197,10.0252,439,125560,0.179839,0.12,1,612479,612040,439
155417241,16.7639,10.805,446,125560,0.259968,0.16,1,612497,612051,446
155420161,19.3528,11.761,454,125560,0.267994,0.14,1,612517,612063,454
155423081,11.8706,23.1522,438,125560,0.221599,0.17,1,612527,612089,438
155426001,13.5741,11.8304,443,125560,0.25232,0.16,1,612541,612098,443
155428921,11.5148,13.5661,440,125560,0.306464,0.27,1,612552,612112,440
155431841,11.903,12.3132,440,125560,0.253293,0.12,1,612564,612124,440
155434761,11.1806,10.4626,441,125560,0.314659,0.19,1,612575,612134,441
155437681,7.83612,14.0925,433,125560,0.302932,0.22,1,612582,612149,433
155440601,7.96722,3.61851,440,125560,0.260586,0.2,1,612590,612150,440
155443521,7.99344,5.5237,442,125560,0.292117,0.28,1,612598,612156,442
155446441,27.1987,7.50474,466,125560,0.210423,0.07,1,612630,612164,466
155449361,21.4397,27.1009,454,125560,0.314085,0.25,1,612650,612196,454
155452281,5.88795,22.2202,435,125560,0.318817,0.21,1,612652,612217,435
155454001,1.97759,6.04404,434,125560,0.351763,0.14,1,612653,612219,434
155456921,17.9955,25.2088,426,125560,0.270353,0.22,1,612675,612249,426
155459841,23.5991,23.4418,428,125560,0.230071,0.22,1,612700,612272,428
155462321,11.9198,7.08835,434,125560,0.254014,0.25,1,612709,612275,434
155465241,11.984,9.41767,436,125560,0.234803,0.25,1,612721,612285,436
155468161,5.59679,5.08353,436,125560,0.158961,0.23,1,612725,612289,436
155471081,24.3194,26.6167,433,125560,0.319792,0.26,1,612754,612321,433
155474001,15.2639,14.1233,435,125560,0.359958,0.13,1,612767,612332,435
155476921,9.45277,9.22467,435,125560,0.271992,0.26,1,612775,612340,435
155479841,3.49055,3.44493,435,125560,0.342398,0.27,1,612777,612342,435
155482761,13.4981,12.689,436,125560,0.30848,0.21,1,612793,612357,436
155485681,4.29962,8.1378,431,125560,0.341696,0.2,1,612795,612364,431
155488601,14.4599,9.62756,438,125560,0.252339,0.27,1,612812,612374,438
155491521,8.49198,6.72551,439,125560,0.274468,0.2,1,612819,612380,439
155494441,3.2984,6.1451,435,125560,0.254894,0.16,1,612821,612386,435
155496641,2.25968,2.82902,435,125560,0.250979,0.23,1,612823,612388,435
155499561,6.85194,6.9658,435,125560,0.250196,0.23,1,612831,612396,435
155501841,2.97039,2.99316,435,125560,0.314039,0.28,1,612833,612398,435
155504761,4.59408,6.99863,432,125560,0.302808,0.29,1,612838,612406,432
155507681,2.51882,4.59973,430,125560,0.324562,0.25,1,612840,612410,430
155510601,3.70376,2.51995,432,125560,0.336912,0.25,1,612844,612412,432
155512661,7.94075,0.503989,441,125560,0.283382,0.15,1,612853,612412,441
155515581,3.18815,6.5008,435,125560,0.264676,0.15,1,612855,612420,435
155517861,8.63763,2.90016,443,125560,0.212935,0.23,1,612865,612422,443
155520781,3.32753,8.58003,435,125560,0.298587,0.23,1,612867,612432,435
155523701,6.26551,2.51601,441,125560,0.315717,0.24,1,612874,612433,441
155526621,3.6531,8.5032,434,125560,0.295143,0.24,1,612877,612443,434
155529301,9.53062,3.30064,443,125560,0.227029,0.24,1,612888,612445,443
155532221,6.70612,5.46013,443,125560,0.229406,0.31,1,612894,612451,443
155535141,2.94122,7.49203,437,125560,0.229881,0.25,1,612896,612459,437
155538061,15.7882,7.0984,449,125560,0.253976,0.16,1,612915,612466,449
155540981,15.9576,11.8197,452,125560,0.314795,0.28,1,612931,612479,452
155543901,17.5915,16.7639,452,125560,0.278959,0.27,1,612949,612497,452
155546821,13.1183,19.3528,444,125560,0.215792,0.21,1,612961,612517,444
155549061,15.4237,11.8706,450,125560,0.227158,0.26,1,612977,612527,450
155551981,9.48473,13.5741,444,125560,0.165432,0.32,1,612985,612541,444
155554901,13.0969,11.5148,447,125560,0.185086,0.24,1,612999,612552,447
155557821,12.2194,11.903,447,125560,0.253017,0.33,1,613011,612564,447
155560741,4.84388,11.1806,439,125560,0.258603,0.3,1,613014,612575,439
155563661,8.96878,7.83612,442,125560,0.259721,0.25,1,613024,612582,442
155566581,11.3938,7.96722,446,125560,0.195944,0.3,1,613036,612590,446
155568401,3.07875,7.99344,439,125560,0.175189,0.19,1,613037,612598,439
155571321,26.2158,27.1987,439,125560,0.227038,0.34,1,613069,612630,439
155574241,21.2431,21.4397,439,125560,0.261408,0.32,1,613089,612650,439
155576721,5.84863,5.88795,439,125560,0.276282,0.36,1,613091,612652,439
155579641,17.1697,10.7776,447,125560,0.239256,0.25,1,613111,612664,447
155582561,20.2339,10.9555,457,125560,0.231851,0.22,1,613132,612675,457
155585481,9.64679,22.1911,439,125560,0.15037,0.26,1,613139,612700,439
155588401,13.1294,11.6382,444,125560,0.134074,0.23,1,613153,612709,444
155591321,8.22587,11.9276,439,125560,0.122815,0.14,1,613160,612721,439
155593361,4.04517,5.58553,438,125560,0.176563,0.36,1,613163,612725,438
155596281,25.609,24.3171,440,125560,0.131313,0.37,1,613194,612754,440
155598561,16.3218,15.2634,441,125560,0.138263,0.25,1,613208,612767,441
155601481,8.06436,9.45268,439,125560,0.123653,0.36,1,613214,612775,439
155604401,3.21287,3.49054,439,125560,0.0887305,0.36,1,613216,612777,439
155606261,8.64257,0.698107,449,125560,0.185746,0.3,1,613226,612777,449
155609181,3.32851,12.9396,435,125560,0.237149,0.35,1,613228,612793,435
155611461,14.2657,4.18792,450,125560,0.19143,0.23,1,613245,612795,450
155614381,9.25314,14.4376,441,125560,0.174286,0.28,1,613253,612812,441
155617301,3.45063,8.48752,436,125560,0.186857,0.25,1,613255,612819,436
155619361,2.29013,3.2975,436,125560,0.173371,0.27,1,613257,612821,436
155622281,10.058,4.6595,443,125560,0.194674,0.25,1,613269,612826,443
155625201,3.6116,4.9319,440,125560,0.166935,0.33,1,613271,612831,440
155628121,2.32232,2.58638,440,125560,0.209387,0.3,1,613273,612833,440
155631041,2.06446,4.51728,437,125560,0.193877,0.33,1,613275,612838,437
155632881,1.21289,2.50346,436,125560,0.174775,0.28,1,613276,612840,436
155635801,6.64258,6.10069,437,125560,0.194955,0.27,1,613284,612847,437
155638721,2.92852,6.02014,433,125560,0.174991,0.26,1,613286,612853,433
155641641,12.5857,2.80403,446,125560,0.122998,0.2,1,613301,612855,446
155644561,4.11714,8.56081,438,125560,0.0805996,0.32,1,613303,612865,438
155646401,3.22343,3.31216,439,125560,0.0561199,0.3,1,613306,612867,439
155649321,7.84469,11.0624,435,125560,0.187224,0.3,1,613315,612880,435
155652241,7.16894,2.21249,442,125560,0.0934448,0.21,1,613322,612880,442
155655161,5.43379,6.8425,439,125560,0.098689,0.23,1,613327,612888,439
155656801,1.88676,6.1685,434,125560,0.115738,0.25,1,613328,612894,434
155659721,1.97735,3.6337,433,125560,0.119148,0.26,1,613330,612897,433
155662641,12.3955,15.1267,430,125560,0.13583,0.33,1,613345,612915,430
155665561,19.2791,15.8253,435,125560,0.123166,0.27,1,613366,612931,435
155668481,15.8558,17.5651,432,125560,0.224633,0.2,1,613381,612949,432
155671401,11.1712,13.113,430,125560,0.212927,0.23,1,613391,612961,430
155674321,15.8342,15.4226,431,125560,0.210585,0.15,1,613408,612977,431
155677241,10.3668,9.48452,432,125560,0.258117,0.19,1,613417,612985,432
155680161,15.6734,13.0969,435,125560,0.179623,0.27,1,613434,612999,435
155683081,13.5347,12.2194,436,125560,0.299925,0.26,1,613447,613011,436
155685921,4.30693,4.84388,435,125560,0.323985,0.26,1,613449,613014,435
155688841,5.66139,8.96878,431,125560,0.232797,0.18,1,613455,613024,431
155691121,13.1323,11.3938,434,125560,0.278559,0.15,1,613470,613036,434
155694041,28.2265,5.47875,462,125560,0.239712,0.24,1,613502,613040,462
155696961,18.4453,24.2958,449,125560,0.295942,0.27,1,613518,613069,449
155699881,5.28906,20.8591,431,125560,0.307188,0.28,1,613520,613089,431
155701521,1.85781,5.77183,430,125560,0.325438,0.23,1,613521,613091,430
155704441,18.7716,17.1544,433,125560,0.273088,0.23,1,613544,613111,433
155707361,14.9543,20.2309,426,125560,0.326618,0.13,1,613558,613132,426
155709841,10.9909,9.64617,429,125560,0.265324,0.13,1,613568,613139,429
155712761,15.7982,13.1292,432,125560,0.205065,0.12,1,613585,613153,432
155715681,6.35963,8.22585,429,125560,0.225013,0.12,1,613589,613160,429
155717541,6.07193,1.64517,435,125560,0.213003,0.12,1,613595,613160,435
155720461,23.6144,27.529,429,125560,0.298601,0.14,1,613623,613194,429
155723381,18.3229,16.7058,432,125560,0.21972,0.12,1,613640,613208,432
155726301,8.46458,8.14116,432,125560,0.163944,0.12,1,613646,613214,432
155727941,2.49291,1.62823,433,125560,0.144789,0.08,1,613647,613214,433
155730861,8.49858,1.92565,441,125560,0.276958,0.21,1,613657,613216,441
155733141,3.29972,8.38513,433,125560,0.271392,0.25,1,613659,613226,433
155736061,13.4599,3.27703,447,125560,0.206278,0.17,1,613675,613228,447
155738981,10.692,20.6554,432,125560,0.201256,0.19,1,613685,613253,432
155741461,3.7384,5.73108,432,125560,0.208251,0.17,1,613687,613255,432
155744381,2.34768,2.74622,432,125560,0.17765,0.2,1,613689,613257,432
155747301,8.46954,10.1492,430,125560,0.21953,0.16,1,613699,613269,430
155750221,3.29391,3.62985,430,125560,0.195906,0.22,1,613701,613271,430
155752481,3.85878,2.32597,432,125560,0.247181,0.21,1,613705,613273,432
155755401,3.97176,7.66519,427,125560,0.289436,0.21,1,613709,613282,427
155758321,2.39435,1.53304,429,125560,0.297887,0.2,1,613711,613282,429
155761241,2.07887,1.90661,429,125560,0.299577,0.17,1,613713,613284,429
155763921,3.61577,1.98132,431,125560,0.235915,0.11,1,613717,613286,431
155766841,14.3232,12.3963,433,125560,0.207183,0.07,1,613734,613301,433
155769121,4.46463,4.07925,433,125560,0.177437,0.22,1,613736,613303,433
155772041,2.49293,10.4159,423,125560,0.139487,0.22,1,613738,613315,423
155774961,10.8986,2.08317,436,125560,0.235897,0.07,1,613751,613315,436
155777441,3.77972,6.01663,431,125560,0.223179,0.1,1,613753,613322,431
155780361,3.95594,5.20333,430,125560,0.244636,0.12,1,613757,613327,430
155782641,2.39119,1.84067,431,125560,0.208927,0.18,1,613759,613328,431
155785561,11.6782,5.96813,438,125560,0.0577854,0.14,1,613773,613335,438
155788481,19.9356,9.19363,450,125560,0.155557,0.12,1,613795,613345,450
155791401,18.3871,18.6387,447,125560,0.143111,0.25,1,613813,613366,447
155794321,11.6774,15.7277,442,125560,0.228622,0.21,1,613823,613381,442
155797241,16.7355,11.1455,450,125560,0.221724,0.21,1,613841,613391,450
155800161,6.5471,15.8291,437,125560,0.188345,0.27,1,613845,613408,437
155803081,15.7094,10.3658,446,125560,0.221669,0.16,1,613863,613417,446
155806001,14.3419,15.6732,443,125560,0.124334,0.33,1,613877,613434,443
155808921,4.46838,13.5346,432,125560,0.0728668,0.33,1,613879,613447,432
155810721,1.69368,4.30693,431,125560,0.166573,0.22,1,613880,613449,431
155813641,11.5387,8.06139,436,125560,0.273315,0.29,1,613894,613458,436
155816561,8.70775,11.2123,432,125560,0.214663,0.23,1,613902,613470,432
155819481,30.5416,27.8425,436,125560,0.258933,0.31,1,613938,613502,436
155822401,19.7083,18.3685,437,125560,0.267787,0.31,1,613955,613518,437
155824241,5.54166,5.2737,437,125560,0.277557,0.32,1,613957,613520,437
155827161,13.9083,4.25474,449,125560,0.319511,0.26,1,613973,613524,449
155830081,17.9817,16.8509,448,125560,0.183902,0.34,1,613992,613544,448
155833001,9.19633,14.5702,441,125560,0.26078,0.25,1,613999,613558,441
155834641,2.63927,10.914,432,125560,0.260156,0.19,1,614000,613568,432
155837561,14.9279,15.7828,433,125560,0.244031,0.23,1,614018,613585,433
155840481,7.78557,6.35656,435,125560,0.232806,0.23,1,614024,613589,435
155842341,8.75711,1.27131,444,125560,0.254561,0.32,1,614033,613589,444
155845261,21.7514,27.4543,435,125560,0.210912,0.2,1,614058,613623,435
155848181,10.7503,19.0909,426,125560,0.218182,0.15,1,614066,613640,426
155851101,14.9501,8.61817,436,125560,0.243636,0.15,1,614082,613646,436
155852741,4.59001,1.72363,438,125560,0.216727,0.31,1,614084,613646,438
155855661,6.518,9.14473,434,125560,0.243345,0.27,1,614091,613657,434
155858561,2.9036,3.42895,434,125560,0.248669,0.19,1,614093,613659,434
155861481,12.5807,13.4858,433,125560,0.257734,0.2,1,614108,613675,433
155864401,11.3161,10.6972,434,125560,0.259547,0.21,1,614119,613685,434
155866881,3.86323,3.73943,434,125560,0.251909,0.15,1,614121,613687,434
155869801,3.97265,4.74789,433,125560,0.186382,0.23,1,614125,613692,433
155872721,10.3945,6.54958,438,125560,0.229276,0.19,1,614137,613699,438
155875201,3.67891,2.90992,438,125560,0.197855,0.32,1,614139,613701,438
155878121,3.93578,7.78198,433,125560,0.151571,0.32,1,614143,613710,433
155881041,3.18716,1.5564,436,125560,0.102314,0.3,1,614146,613710,436
155883961,3.03743,1.11128,438,125560,0.0764628,0.3,1,614149,613711,438
155885601,1.40749,1.82226,437,125560,0.0792926,0.22,1,614150,613713,437
155888521,1.8815,3.56445,435,125560,0.135859,0.2,1,614152,613717,435
155891441,12.3763,14.3129,433,125560,0.139172,0.17,1,614167,613734,433
155894361,6.47526,4.46258,436,125560,0.0838343,0.13,1,614172,613736,436
155896421,2.89505,2.49252,436,125560,0.0887669,0.26,1,614174,613738,436
155899341,6.97901,10.8985,431,125560,0.0177534,0.22,1,614182,613751,431
155902241,2.9958,3.7797,431,125560,0.147551,0.17,1,614184,613753,431
155905161,9.39916,10.3559,430,125560,0.21351,0.17,1,614195,613765,430
155908081,3.47983,2.07119,432,125560,0.194702,0.02,1,614197,613765,432
155911001,7.09597,6.81424,432,125560,0.12694,0.18,1,614205,613773,432
155913921,19.8192,18.9628,433,125560,0.185388,0.14,1,614228,613795,433
155916841,19.9638,18.1926,435,125560,0.197078,0.25,1,614248,613813,435
155919761,8.79277,11.6385,431,125560,0.159416,0.22,1,614254,613823,431
155922681,15.3586,16.7277,430,125560,0.223883,0.18,1,614271,613841,430
155925121,11.0717,6.54554,436,125560,0.188777,0.23,1,614281,613845,436
155928041,8.61434,15.7091,426,125560,0.181755,0.1,1,614289,613863,426
155930961,20.9229,14.3418,436,125560,0.140351,0.06,1,614313,613877,436
155933441,5.78457,4.46836,436,125560,0.14007,0.18,1,614315,613879,436
155936361,9.15691,3.29367,443,125560,0.172014,0.3,1,614325,613882,443
155939281,9.03138,10.2587,440,125560,0.274403,0.2,1,614334,613894,440
155942201,29.0063,8.45175,466,125560,0.230881,0.27,1,614368,613902,466
155945121,25.0013,30.4904,454,125560,0.158176,0.27,1,614392,613938,454
155948041,6.60025,19.6981,439,125560,0.231635,0.28,1,614394,613955,439
155950961,10.9201,5.53961,449,125560,0.270327,0.33,1,614406,613957,449
155953881,15.784,13.9079,450,125560,0.254065,0.15,1,614423,613973,450
155956801,7.9568,17.9816,437,125560,0.186813,0.28,1,614429,613992,437
155958821,5.59136,9.19632,435,125560,0.189363,0.24,1,614434,613999,435
155961741,15.5183,17.0393,434,125560,0.245873,0.23,1,614452,614018,434
155964661,7.90365,8.20785,434,125560,0.177175,0.23,1,614458,614024,434
155967141,8.78073,1.64157,443,125560,0.243435,0.2,1,614467,614024,443
155970061,18.5561,27.5283,430,125560,0.264687,0.22,1,614488,614058,430
155972981,12.5112,11.9057,433,125560,0.228937,0.25,1,614499,614066,433
155975901,15.3022,15.1811,433,125560,0.325787,0.21,1,614515,614082,433
155978821,11.0604,4.63623,441,125560,0.209158,0.25,1,614525,614084,441
155980661,3.81209,6.52725,436,125560,0.305831,0.33,1,614527,614091,436
155983581,3.16242,5.30545,434,125560,0.309166,0.26,1,614530,614096,434
155986501,9.43248,10.6611,433,125560,0.365833,0.26,1,614541,614108,433
155989421,6.6865,10.9322,428,125560,0.305167,0.25,1,614547,614119,428
155991681,6.9373,3.78644,433,125560,0.373033,0.15,1,614554,614121,433
155994601,4.58746,4.75729,432,125560,0.370607,0.24,1,614558,614126,432
155997521,4.11749,9.75146,425,125560,0.306121,0.19,1,614562,614137,425
156000001,2.4235,3.55029,425,125560,0.261224,0.12,1,614564,614139,425
156002921,6.8847,4.71006,428,125560,0.364245,0.09,1,614572,614144,428
156005841,2.97694,2.54201,428,125560,0.376849,0.07,1,614574,614146,428
156008321,5.39539,2.9084,431,125560,0.33937,0.15,1,614580,614149,431
156011241,6.67908,10.9817,425,125560,0.267874,0.15,1,614587,614162,425
156014161,2.93582,2.19634,427,125560,0.285575,0.14,1,614589,614162,427
156017081,4.58716,4.43927,427,125560,0.321115,0.07,1,614594,614167,427
156018721,2.51743,4.88785,424,125560,0.296223,0.05,1,614596,614172,424
156021641,12.5035,5.77757,433,125560,0.267245,0,1,614611,614178,433
156024561,5.7007,4.35551,433,125560,0.229449,0.18,1,614615,614182,433
156027041,2.74014,2.4711,433,125560,0.19789,0.23,1,614617,614184,433
156029961,5.34803,9.29422,428,125560,0.207578,0.19,1,614623,614195,428
156032881,2.66961,3.45884,428,125560,0.201516,0.19,1,614625,614197,428
156034741,8.53392,0.691769,438,125560,0.232303,0.13,1,614635,614197,438
156037661,17.7068,7.33835,449,125560,0.254461,0.2,1,614655,614206,449
156040581,20.3414,19.0677,448,125560,0.194892,0.2,1,614676,614228,448
156043501,12.8683,19.8135,439,125560,0.302978,0.15,1,614687,614248,439
156046181,13.7737,8.76271,447,125560,0.268596,0.24,1,614701,614254,447
156049101,13.9547,15.3525,444,125560,0.261719,0.18,1,614715,614271,444
156052021,9.19095,11.0705,442,125560,0.220344,0.18,1,614723,614281,442
156054501,17.0382,8.6141,453,125560,0.236069,0.13,1,614742,614289,453
156057421,5.00764,20.9228,431,125560,0.247214,0.14,1,614744,614313,431
156060341,13.8015,5.78456,445,125560,0.257443,0.18,1,614760,614315,445
156062821,5.96031,9.15691,439,125560,0.195489,0.3,1,614764,614325,439
156065741,28.3921,9.03138,464,125560,0.223098,0.22,1,614798,614334,464
156068661,29.6784,29.0063,460,125560,0.18862,0.14,1,614828,614368,460
156071581,7.53568,25.0013,438,125560,0.181724,0.25,1,614830,614392,438
156074261,11.1071,6.60025,448,125560,0.244345,0.28,1,614842,614394,448
156077181,10.2214,10.9201,446,125560,0.248869,0.25,1,614852,614406,446
156080101,9.24429,15.784,438,125560,0.281774,0.17,1,614861,614423,438
156082581,7.44886,7.9568,439,125560,0.208355,0.19,1,614868,614429,439
156085501,15.8898,5.59136,452,125560,0.153671,0.26,1,614886,614434,452
156088421,6.37795,15.5183,438,125560,0.126734,0.16,1,614890,614452,438
156090901,10.0756,7.90365,443,125560,0.161347,0.26,1,614901,614458,443
156093821,16.4151,8.78073,452,125560,0.192269,0.27,1,614919,614467,452
156096741,12.083,18.5561,442,125560,0.254454,0.22,1,614930,614488,442
156099661,14.4166,12.5112,446,125560,0.242891,0.35,1,614945,614499,446
156102581,14.8833,15.3022,445,125560,0.176578,0.18,1,614960,614515,445
156105461,4.57666,11.0604,437,125560,0.131316,0.31,1,614962,614525,437
156108381,7.31533,6.21209,440,125560,0.234263,0.38,1,614970,614530,440
156111301,4.66307,10.0424,433,125560,0.246853,0.29,1,614974,614541,433
156114221,9.73261,6.80848,438,125560,0.249371,0.29,1,614985,614547,438
156115861,2.74652,1.3617,439,125560,0.233874,0.37,1,614986,614547,439
156118781,9.3493,9.07234,439,125560,0.270775,0.37,1,614997,614558,439
156121061,5.06986,1.81447,443,125560,0.246155,0.29,1,615001,614558,443
156123981,2.61397,3.56289,441,125560,0.209231,0.25,1,615003,614562,441
156126901,3.72279,2.31258,443,125560,0.137846,0.39,1,615007,614564,443
156129381,2.34456,6.86252,437,125560,0.115569,0.38,1,615009,614572,437
156132301,6.06891,2.9725,442,125560,0.255114,0.33,1,615016,614574,442
156134581,7.61378,5.3945,444,125560,0.203023,0.25,1,615024,614580,444
156137501,3.92276,6.6789,440,125560,0.168605,0.29,1,615027,614587,440
156139361,1.58455,2.93578,439,125560,0.145721,0.31,1,615028,614589,439
156142281,1.91691,5.38716,435,125560,0.109144,0.29,1,615030,614595,435
156145201,9.98338,1.87743,446,125560,0.133829,0.26,1,615042,614596,446
156148121,5.19668,12.3755,435,125560,0.202766,0.22,1,615046,614611,435
156149761,1.83934,5.6751,432,125560,0.200553,0.21,1,615047,614615,432
156152681,9.96787,10.735,432,125560,0.160111,0.21,1,615059,614627,432
156155601,3.59357,2.147,434,125560,0.160022,0.21,1,615061,614627,434
156158521,3.91871,0.429401,438,125560,0.152004,0.24,1,615065,614627,438
156161441,20.7837,6.48588,455,125560,0.190401,0.26,1,615090,614635,455
156164361,20.9567,17.2972,456,125560,0.18208,0.18,1,615111,614655,456
156167281,12.1913,20.2594,445,125560,0.100416,0.33,1,615121,614676,445
156170201,15.2383,12.8519,450,125560,0.212083,0.26,1,615137,614687,450
156173121,9.44765,13.7704,444,125560,0.130417,0.26,1,615145,614701,444
156176041,6.68953,13.9541,436,125560,0.202083,0.21,1,615151,614715,436
156178261,16.5379,9.19081,447,125560,0.144417,0.24,1,615170,614723,447
156181181,4.90758,17.0382,430,125560,0.100883,0.25,1,615172,614742,430
156184101,19.3815,5.00763,451,125560,0.0761767,0.26,1,615195,614744,451
156187021,7.0763,13.8015,439,125560,0.151235,0.18,1,615199,614760,439
156189701,24.6153,5.96031,464,125560,0.142247,0.23,1,615228,614764,464
156192621,30.5231,28.3921,462,125560,0.132449,0.18,1,615260,614798,462
156195541,9.30461,29.6784,436,125560,0.17049,0.18,1,615264,614828,436
156198021,11.4609,7.53568,446,125560,0.194098,0.26,1,615276,614830,446
156200941,10.2922,11.1071,444,125560,0.20682,0.25,1,615286,614842,444
156203861,3.65844,10.2214,436,125560,0.225364,0.29,1,615288,614852,436
156206341,11.1317,9.24429,440,125560,0.237073,0.19,1,615301,614861,440
156209261,12.6263,7.44886,446,125560,0.207415,0.14,1,615314,614868,446
156212181,5.72527,15.8898,432,125560,0.137483,0.12,1,615318,614886,432
156214661,10.7451,6.37795,440,125560,0.219497,0.17,1,615330,614890,440
156217581,17.349,10.0756,448,125560,0.171899,0.2,1,615349,614901,448
156220501,9.0698,16.4151,437,125560,0.17838,0.27,1,615356,614919,437
156223421,17.814,12.083,446,125560,0.123676,0.24,1,615376,614930,446
156226341,17.1628,14.4166,448,125560,0.0647352,0.16,1,615393,614945,448
156229261,5.03256,14.8833,435,125560,0.156947,0.12,1,615395,614960,435
156231301,9.00651,4.57666,443,125560,0.119389,0.29,1,615405,614962,443
156234221,3.4013,8.91533,435,125560,0.223878,0.25,1,615407,614972,435
156237141,3.88026,3.38307,437,125560,0.212776,0.25,1,615411,614974,437
156240061,3.17605,9.47661,429,125560,0.226555,0.28,1,615414,614985,429
156242321,8.63521,11.4953,427,125560,0.205311,0.28,1,615424,614997,427
156245241,10.527,3.89906,436,125560,0.145062,0.2,1,615435,614999,436
156248161,3.70541,3.97981,434,125560,0.261012,0.12,1,615437,615003,434
156251061,3.94108,3.99596,434,125560,0.212202,0.11,1,615441,615007,434
156253981,2.38822,2.39919,434,125560,0.17044,0.29,1,615443,615009,434
156256901,2.07764,6.07984,429,125560,0.130088,0.19,1,615445,615016,429
156259821,6.81553,7.61597,429,125560,0.242018,0.19,1,615453,615024,429
156261461,2.16311,1.52319,430,125560,0.288404,0.14,1,615454,615024,430
156264381,2.03262,3.50464,428,125560,0.281681,0.1,1,615456,615028,428
156267301,2.00652,2.30093,428,125560,0.280336,0.14,1,615458,615030,428
156270221,12.4013,10.0602,431,125560,0.248067,0.22,1,615473,615042,431
156272481,5.68026,5.21204,431,125560,0.177613,0.19,1,615477,615046,431
156275401,5.93605,5.04241,432,125560,0.163523,0.15,1,615483,615051,432
156278321,8.38721,7.40848,433,125560,0.208705,0.16,1,615492,615059,433
156280801,3.27744,3.0817,433,125560,0.257741,0.15,1,615494,615061,433
156283721,3.85549,3.81634,433,125560,0.203548,0.2,1,615498,615065,433
156286641,19.1711,20.7633,431,125560,0.16871,0.18,1,615521,615090,431
156289561,16.6342,20.9527,426,125560,0.193742,0.08,1,615537,615111,426
156292481,16.9268,12.1905,433,125560,0.142748,0.24,1,615554,615121,433
156295401,11.3854,15.2381,427,125560,0.17255,0.11,1,615564,615137,427
156297441,10.2771,9.44762,429,125560,0.22651,0.22,1,615574,615145,429
156300361,8.45541,6.68952,431,125560,0.229302,0.13,1,615582,615151,431
156303281,14.4911,16.5379,428,125560,0.20586,0.09,1,615598,615170,428
156306201,4.49822,4.90758,428,125560,0.169172,0.07,1,615600,615172,428
156309121,20.8996,19.3815,430,125560,0.153834,0.17,1,615625,615195,430
156312001,8.97993,7.0763,432,125560,0.126767,0.14,1,615631,615199,432
156314921,25.796,24.6153,433,125560,0.169353,0.13,1,615661,615228,433
156317841,30.7592,30.5231,433,125560,0.177871,0.18,1,615693,615260,433
156320321,8.55184,9.30461,432,125560,0.251574,0.2,1,615696,615264,432
156323241,12.1104,11.4609,433,125560,0.210315,0.21,1,615709,615276,433
156326161,10.4221,10.2922,433,125560,0.202063,0.23,1,615719,615286,433
156328021,3.68441,3.65844,433,125560,0.232413,0.24,1,615721,615288,433
156330941,4.73688,11.1317,425,125560,0.230483,0.2,1,615726,615301,425
156333861,10.5474,12.6263,424,125560,0.222097,0.12,1,615738,615314,424
156336781,10.9095,5.72527,431,125560,0.188419,0.12,1,615749,615318,431
156338421,7.78189,1.14505,438,125560,0.109684,0.24,1,615756,615318,438
156341341,21.5564,9.82901,451,125560,0.165937,0.16,1,615781,615330,451
156344261,7.51128,17.1658,436,125560,0.169187,0.18,1,615785,615349,436
156346741,15.1023,9.03316,446,125560,0.169837,0.11,1,615802,615356,446
156349661,16.6205,17.8066,443,125560,0.169968,0.05,1,615819,615376,443
156352581,4.92409,17.1613,428,125560,0.145994,0.18,1,615821,615393,428
156355061,13.7848,5.03227,442,125560,0.133199,0.11,1,615837,615395,442
156357981,4.35696,9.00645,434,125560,0.0986397,0.25,1,615839,615405,434
156360901,4.07139,3.40129,436,125560,0.155728,0.21,1,615843,615407,436
156363821,2.41428,3.88026,434,125560,0.143146,0.23,1,615845,615411,434
156366501,5.28286,3.17605,437,125560,0.204629,0.13,1,615851,615414,437
156369421,11.4566,17.4352,429,125560,0.208926,0.29,1,615864,615435,429
156372341,7.89131,5.08704,434,125560,0.257785,0.29,1,615871,615437,434
156374821,4.77826,1.01741,438,125560,0.235557,0.18,1,615875,615437,438
156377741,2.55565,4.20348,435,125560,0.207111,0.16,1,615877,615442,435
156380661,2.11113,1.6407,436,125560,0.169422,0.12,1,615879,615443,436
156383141,4.42223,1.92814,439,125560,0.257884,0.3,1,615884,615445,439
156386061,4.08445,7.58563,434,125560,0.275577,0.28,1,615888,615454,434
156388981,3.21689,3.11713,435,125560,0.239115,0.28,1,615891,615456,435
156391901,2.24338,2.22343,435,125560,0.231823,0.24,1,615893,615458,435
156394821,8.44868,12.4447,430,125560,0.174365,0.16,1,615903,615473,430
156397741,6.48974,5.68894,432,125560,0.186873,0.16,1,615909,615477,432
156400661,7.69795,5.93779,434,125560,0.213375,0.22,1,615917,615483,434
156403581,8.73959,8.38756,434,125560,0.186675,0.27,1,615926,615492,434
156405601,2.54792,3.27751,433,125560,0.165335,0.18,1,615927,615494,433
156408521,6.90958,4.6555,436,125560,0.137067,0.16,1,615935,615499,436
156411441,14.9819,18.5311,431,125560,0.219413,0.2,1,615952,615521,431
156414361,18.1964,16.5062,434,125560,0.275883,0.13,1,615971,615537,434
156417281,14.8393,16.9012,431,125560,0.295177,0.18,1,615985,615554,431
156420201,13.3679,11.3802,434,125560,0.163035,0.24,1,615998,615564,434
156423121,13.8736,10.276,438,125560,0.160607,0.23,1,616012,615574,438
156426041,12.3747,8.45521,442,125560,0.192121,0.2,1,616024,615582,442
156428961,4.07494,14.491,428,125560,0.198424,0.16,1,616026,615598,428
156430561,1.61499,4.49821,427,125560,0.215685,0.15,1,616027,615600,427
156433481,23.523,20.8996,431,125560,0.187137,0.12,1,616056,615625,431
156436401,7.9046,8.97993,429,125560,0.205427,0.12,1,616060,615631,429
156438261,26.3809,1.79599,460,125560,0.201085,0.18,1,616091,615631,460
156441181,28.4762,24.3592,459,125560,0.200217,0.18,1,616120,615661,459
156444101,10.4952,30.4718,433,125560,0.200043,0.27,1,616126,615693,433
156446581,13.299,8.49437,444,125560,0.240009,0.2,1,616140,615696,444
156449501,10.6598,12.0989,441,125560,0.232002,0.2,1,616150,615709,441
156451361,2.93196,10.4198,432,125560,0.2384,0.24,1,616151,615719,432
156454281,5.38639,3.68395,436,125560,0.24768,0.23,1,616157,615721,436
156457201,8.27728,4.73679,440,125560,0.273536,0.22,1,616166,615726,440
156460121,11.2555,10.5474,440,125560,0.150707,0.18,1,616178,615738,440
156463041,8.65109,10.9095,437,125560,0.142141,0.18,1,616186,615749,437
156465961,20.9302,27.7819,429,125560,0.164428,0.17,1,616210,615781,429
156468881,7.38604,8.75638,429,125560,0.144886,0.17,1,616214,615785,429
156470501,16.6772,1.75128,448,125560,0.172977,0.17,1,616233,615785,448
156473421,11.3354,13.9503,441,125560,0.146595,0.17,1,616243,615802,441
156476341,10.2671,16.3901,434,125560,0.189319,0.14,1,616253,615819,434
156478821,12.4534,4.87801,445,125560,0.0858638,0.13,1,616266,615821,445
156481741,6.49068,13.7756,434,125560,0.177173,0.09,1,616271,615837,434
156484661,4.49814,4.35512,436,125560,0.195435,0.17,1,616275,615839,436
156487581,2.49963,4.07102,434,125560,0.199087,0.14,1,616277,615843,434
156490261,4.49993,2.4142,437,125560,0.247817,0.22,1,616282,615845,437
156493181,11.3,5.28284,444,125560,0.233563,0.21,1,616295,615851,444
156496101,4.66,11.4566,434,125560,0.206713,0.27,1,616298,615864,434
156498581,8.932,7.89131,437,125560,0.0813425,0.23,1,616308,615871,437
156501501,3.3864,4.77826,435,125560,0.216268,0.2,1,616310,615875,435
156503361,1.47728,2.55565,434,125560,0.227254,0.29,1,616311,615877,434
156506281,3.49546,8.51113,428,125560,0.157451,0.29,1,616315,615887,428
156509201,2.29909,1.70223,430,125560,0.14349,0.28,1,616317,615887,430
156512121,2.05982,1.14045,431,125560,0.140698,0.23,1,616319,615888,431
156513761,1.21196,2.62809,429,125560,0.12414,0.2,1,616320,615891,429
156516681,6.64239,5.32562,431,125560,0.248828,0.16,1,616328,615897,431
156519601,2.92848,5.86512,427,125560,0.265766,0.19,1,616330,615903,427
156522081,8.5857,5.97302,431,125560,0.181153,0.22,1,616340,615909,431
156525001,8.11714,7.5946,431,125560,0.172231,0.18,1,616348,615917,431
156527921,6.42343,8.71892,428,125560,0.130446,0.16,1,616354,615926,428
156530841,2.88469,2.54378,429,125560,0.0900892,0.13,1,616356,615927,429
156533761,10.1769,6.90876,433,125560,0.186018,0.24,1,616368,615935,433
156536681,14.8354,14.9818,432,125560,0.245204,0.29,1,616384,615952,432
156539601,20.5671,18.1963,435,125560,0.249041,0.3,1,616406,615971,435
156542521,8.91342,14.8393,427,125560,0.193808,0.13,1,616412,615985,427
156545441,16.1827,13.3679,432,125560,0.190762,0.16,1,616430,615998,432
156548361,14.4365,13.8736,432,125560,0.238152,0.2,1,616444,616012,432
156551281,11.6873,12.3747,431,125560,0.21563,0.2,1,616455,616024,431
156553281,3.13746,4.07494,430,125560,0.227126,0.24,1,616456,616026,430
156556201,27.0275,3.21499,460,125560,0.125425,0.18,1,616489,616029,460
156559121,8.6055,22.243,437,125560,0.137085,0.21,1,616493,616056,437
156561601,3.3211,7.6486,435,125560,0.107417,0.2,1,616495,616060,435
156564521,47.0642,26.3297,462,125560,0.197483,0.2,1,616553,616091,462
156567441,11.0128,28.4659,435,125560,0.247497,0.2,1,616555,616120,435
156570341,15.8026,10.4932,446,125560,0.193499,0.25,1,616572,616126,446
156573261,12.7605,13.2986,444,125560,0.1987,0.23,1,616584,616140,444
156576181,4.1521,10.6597,436,125560,0.19974,0.25,1,616586,616150,436
156578661,5.63042,7.73195,435,125560,0.167948,0.28,1,616592,616157,435
156581581,2.72608,8.74639,428,125560,0.20959,0.12,1,616594,616166,428
156584501,9.34522,11.3493,427,125560,0.233918,0.14,1,616605,616178,427
156587421,12.269,8.66986,432,125560,0.254784,0.14,1,616618,616186,432
156589061,15.2538,1.73397,448,125560,0.242957,0.17,1,616634,616186,448
156591981,13.4508,19.5468,437,125560,0.208591,0.14,1,616647,616210,437
156593841,3.49015,7.10936,434,125560,0.217718,0.18,1,616648,616214,434
156596761,21.498,16.6219,441,125560,0.139544,0.14,1,616674,616233,441
156599681,7.49961,11.3244,435,125560,0.139909,0.2,1,616678,616243,435
156602601,15.8999,10.2649,443,125560,0.0919817,0.06,1,616696,616253,443
156605521,9.57998,12.453,438,125560,0.0263963,0.2,1,616704,616266,438
156607361,4.316,6.49059,436,125560,0.213279,0.16,1,616707,616271,436
156610281,4.0632,7.69812,432,125560,0.186656,0.16,1,616711,616279,432
156613201,2.41264,1.53962,434,125560,0.149331,0.26,1,616713,616279,434
156616121,5.28253,2.70792,437,125560,0.213866,0.23,1,616719,616282,437
156619041,3.45651,10.9416,427,125560,0.226773,0.2,1,616722,616295,427
156620881,2.2913,4.58832,426,125560,0.205355,0.05,1,616724,616298,426
156623801,9.25826,8.91766,427,125560,0.209071,0.25,1,616735,616308,427
156626721,3.45165,3.38353,427,125560,0.193814,0.23,1,616737,616310,427
156628581,3.89033,1.47671,430,125560,0.182763,0.16,1,616741,616311,430
156631501,3.97807,4.29534,429,125560,0.244553,0.14,1,616745,616316,429
156634421,5.59561,1.65907,434,125560,0.264911,0.14,1,616751,616317,434
156636481,2.71912,1.93181,434,125560,0.236982,0.16,1,616753,616319,434
156639401,3.74382,2.78636,435,125560,0.167396,0.28,1,616757,616322,435
156642321,2.34876,5.35727,431,125560,0.177479,0.27,1,616759,616328,431
156644801,2.06975,2.67145,431,125560,0.147496,0.16,1,616761,616330,431
156647721,9.21395,8.53429,432,125560,0.197499,0.17,1,616772,616340,432
156650641,9.84279,8.10686,434,125560,0.1755,0.12,1,616782,616348,434
156653561,3.56856,6.42137,430,125560,0.2271,0.08,1,616784,616354,430
156655201,1.51371,2.88427,429,125560,0.22142,0.21,1,616785,616356,429
156658121,8.30274,10.1769,427,125560,0.188284,0.26,1,616795,616368,427
156661041,14.4605,14.8354,427,125560,0.229657,0.25,1,616811,616384,427
156663961,20.4921,20.5671,427,125560,0.221931,0.18,1,616833,616406,427
156666881,13.6984,8.91341,433,125560,0.276386,0.18,1,616845,616412,433
156669141,17.1397,1.78268,451,125560,0.255277,0.19,1,616863,616412,451
156672061,13.0279,14.7565,445,125560,0.259055,0.25,1,616875,616430,445
156674341,12.2056,14.1513,443,125560,0.251811,0.21,1,616887,616444,443
156677261,4.04112,11.6303,434,125560,0.258362,0.23,1,616889,616455,434
156680181,20.0082,3.12605,457,125560,0.219672,0.1,1,616913,616456,457
156683101,14.4016,27.0252,437,125560,0.0839345,0.14,1,616926,616489,437
156685781,10.8803,8.60504,443,125560,0.184787,0.22,1,616936,616493,443
156688701,36.5761,49.721,426,125560,0.140957,0.26,1,616979,616553,426
156691621,8.91521,11.5442,426,125560,0.100191,0.18,1,616981,616555,426
156694541,20.183,15.9088,432,125560,0.204038,0.2,1,617004,616572,432
156697461,13.6366,12.7818,432,125560,0.200808,0.2,1,617016,616584,432
156700381,4.32732,4.15635,432,125560,0.256162,0.2,1,617018,616586,432
156702421,5.66546,0.831271,438,125560,0.267232,0.16,1,617024,616586,438
156705341,2.73309,4.96625,434,125560,0.237446,0.22,1,617026,616592,434
156708261,9.34662,2.59325,443,125560,0.207489,0.24,1,617037,616594,443
156711181,12.2693,9.31865,445,125560,0.201498,0.26,1,617050,616605,445
156714101,15.2539,12.2637,448,125560,0.2243,0.2,1,617066,616618,448
156717021,11.0508,25.6527,429,125560,0.26086,0.22,1,617076,616647,429
156719941,20.6102,5.93055,451,125560,0.276172,0.12,1,617099,616648,451
156722861,6.52203,21.9861,428,125560,0.263234,0.14,1,617102,616674,428
156724881,2.90441,7.59722,426,125560,0.236647,0.08,1,617104,616678,426
156727801,13.3809,15.9194,424,125560,0.287329,0.01,1,617120,616696,424
156730721,12.2762,9.58389,428,125560,0.241466,0.26,1,617132,616704,428
156733201,12.0552,4.31678,437,125560,0.232293,0.14,1,617144,616707,437
156736121,4.01105,7.26336,431,125560,0.238459,0.14,1,617146,616715,431
156739041,4.00221,1.45267,435,125560,0.175692,0.23,1,617150,616715,435
156741961,4.00044,3.49053,435,125560,0.243138,0.23,1,617154,616719,435
156743601,1.60009,3.09811,433,125560,0.272628,0.23,1,617155,616722,433
156746521,11.52,3.01962,444,125560,0.214526,0.21,1,617169,616725,444
156749441,3.904,8.60392,436,125560,0.242905,0.19,1,617171,616735,436
156751921,2.3808,3.32078,436,125560,0.240581,0.32,1,617173,616737,436
156754841,3.67616,9.46416,429,125560,0.176116,0.32,1,617177,616748,429
156757761,2.33523,1.89283,431,125560,0.131223,0.27,1,617179,616748,431
156760681,2.06705,2.77857,430,125560,0.122245,0.15,1,617181,616751,430
156762321,8.41341,5.35571,434,125560,0.200449,0.3,1,617191,616757,434
156765241,4.88268,8.27114,429,125560,0.22409,0.3,1,617195,616766,429
156768161,2.57654,1.65423,431,125560,0.204818,0.3,1,617197,616766,431
156771081,3.71531,0.330846,435,125560,0.136964,0.21,1,617201,616766,435
156774001,8.74306,4.86617,439,125560,0.211393,0.17,1,617211,616772,439
156775841,2.54861,8.97323,430,125560,0.210279,0.24,1,617212,616782,430
156778761,2.10972,3.39465,430,125560,0.170056,0.22,1,617214,616784,430
156781681,10.8219,1.47893,442,125560,0.226011,0.18,1,617227,616785,442
156784601,10.1644,8.29579,442,125560,0.117202,0.24,1,617237,616795,442
156787521,26.0329,14.4592,456,125560,0.19144,0.22,1,617267,616811,456
156790441,10.0066,20.4918,440,125560,0.206288,0.29,1,617273,616833,440
156792901,15.6013,13.6984,445,125560,0.209258,0.25,1,617290,616845,445
156795821,15.9203,17.1397,443,125560,0.145852,0.26,1,617306,616863,443
156798741,11.9841,13.0279,442,125560,0.20517,0.26,1,617317,616875,442
156801661,3.99681,13.8056,430,125560,0.225034,0.21,1,617319,616889,430
156804581,15.9994,21.9611,425,125560,0.213007,0.05,1,617338,616913,425
156807501,19.9999,14.7922,433,125560,0.162601,0.21,1,617359,616926,433
156810421,12,10.9584,433,125560,0.21652,0.13,1,617369,616936,433
156813341,33.6,36.5917,429,125560,0.163304,0.09,1,617408,616979,429
156816261,9.92,8.91834,431,125560,0.144661,0.09,1,617412,616981,431
156817861,18.784,1.78367,452,125560,0.188932,0.23,1,617433,616981,452
156820781,16.5568,18.7567,445,125560,0.237786,0.2,1,617449,617004,445
156823701,4.91136,13.3513,435,125560,0.215557,0.27,1,617451,617016,435
156826181,8.98227,4.27027,443,125560,0.203111,0.24,1,617461,617018,443
156829101,3.39645,9.65405,434,125560,0.192622,0.24,1,617463,617029,434
156832021,3.87929,1.93081,438,125560,0.166524,0.2,1,617467,617029,438
156834941,15.1759,6.78616,448,125560,0.169305,0.2,1,617485,617037,448
156837861,15.8352,11.7572,451,125560,0.105861,0.23,1,617501,617050,451
156840781,12.767,15.1514,447,125560,0.173172,0.27,1,617513,617066,447
156842821,16.9534,11.0303,455,125560,0.162634,0.28,1,617531,617076,455
156845741,8.99068,20.6061,439,125560,0.144527,0.26,1,617538,617099,439
156847601,2.59814,6.52121,437,125560,0.116905,0.33,1,617539,617102,437
156850521,10.1196,10.1042,438,125560,0.111381,0.3,1,617551,617113,438
156853441,12.4239,7.62085,444,125560,0.158276,0.23,1,617564,617120,444
156856361,13.6848,11.1242,446,125560,0.207655,0.23,1,617578,617132,446
156859281,4.33696,11.8248,436,125560,0.217531,0.24,1,617580,617144,436
156861121,1.66739,3.96497,435,125560,0.211506,0.26,1,617581,617146,435
156864041,3.53348,7.19299,431,125560,0.138301,0.26,1,617585,617154,431
156866961,2.3067,1.4386,433,125560,0.0916603,0.28,1,617587,617154,433
156869881,7.66134,1.08772,441,125560,0.154332,0.2,1,617596,617155,441
156872801,3.13227,11.4175,429,125560,0.134866,0.25,1,617598,617169,429
156874641,1.42645,3.88351,428,125560,0.194973,0.14,1,617599,617171,428
156877561,8.28529,6.3767,431,125560,0.254995,0.14,1,617609,617178,431
156880481,3.25706,1.27534,433,125560,0.234999,0.12,1,617611,617178,433
156883401,2.25141,1.05507,434,125560,0.199,0.12,1,617613,617179,434
156885041,1.25028,1.81101,433,125560,0.1918,0.22,1,617614,617181,433
156887961,5.05006,8.3622,429,125560,0.21436,0.23,1,617620,617191,429
156890881,2.61001,4.87244,427,125560,0.234872,0.2,1,617622,617195,427
156892741,8.522,2.57449,435,125560,0.182974,0.11,1,617632,617197,435
156895661,3.3044,7.7149,428,125560,0.252595,0.23,1,617634,617206,428
156898581,3.86088,5.54298,427,125560,0.266519,0.21,1,617638,617211,427
156901501,2.37218,1.9086,428,125560,0.229304,0.16,1,617640,617212,428
156903141,7.67444,1.98172,435,125560,0.165861,0.24,1,617649,617214,435
156906061,4.73489,10.7963,426,125560,0.217172,0.09,1,617653,617227,426
156908961,12.947,10.1593,431,125560,0.259434,0.21,1,617668,617237,431
156911881,24.9894,26.0319,429,125560,0.259887,0.21,1,617696,617267,429
156914801,12.9979,10.0064,433,125560,0.267977,0.21,1,617706,617273,433
156916661,10.5996,2.00127,443,125560,0.293595,0.21,1,617716,617273,443
156919581,18.1199,14.0003,446,125560,0.218719,0.13,1,617736,617290,446
156922501,13.224,15.6001,442,125560,0.187744,0.22,1,617748,617306,442
156925421,4.2448,11.92,433,125560,0.149549,0.23,1,617750,617317,433
156928101,12.849,3.984,446,125560,0.26991,0.21,1,617765,617319,446
156931021,24.1698,15.9968,454,125560,0.197982,0.15,1,617792,617338,454
156933941,12.834,19.9994,443,125560,0.199596,0.23,1,617802,617359,443
156936861,28.1668,11.9999,465,125560,0.303919,0.15,1,617834,617369,465
156939781,12.8334,33.6,435,125560,0.276784,0.14,1,617843,617408,435
156942661,20.1667,9.91999,453,125560,0.199357,0.25,1,617865,617412,453
156945581,16.8333,31.584,432,125560,0.287871,0.21,1,617881,617449,432
156948481,4.96667,7.9168,432,125560,0.305574,0.2,1,617883,617451,432
156951401,9.79333,9.58336,433,125560,0.221115,0.19,1,617894,617461,433
156954321,3.55867,3.51667,433,125560,0.276223,0.16,1,617896,617463,433
156956181,3.11173,3.90333,432,125560,0.271245,0.17,1,617899,617467,432
156959101,10.2223,15.1807,426,125560,0.294249,0.09,1,617911,617485,426
156962021,16.4445,15.8361,428,125560,0.24285,0.19,1,617929,617501,428
156964941,9.68889,12.7672,424,125560,0.20857,0.16,1,617937,617513,424
156967861,18.7378,16.9534,427,125560,0.225714,0.14,1,617958,617531,427
156970781,8.54756,8.99069,426,125560,0.229143,0.11,1,617964,617538,426
156972821,3.30951,2.59814,427,125560,0.229829,0.11,1,617966,617539,427
156975741,14.2619,10.1196,432,125560,0.229966,0.17,1,617983,617551,432
156978661,9.25238,12.4239,427,125560,0.253993,0.22,1,617991,617564,427
156981581,11.4505,13.6848,425,125560,0.178799,0.22,1,618003,617578,425
156983841,9.4901,4.33696,432,125560,0.25176,0.11,1,618012,617580,432
156986761,5.09802,7.26739,428,125560,0.242352,0.11,1,618016,617588,428
156989681,2.6196,1.45348,430,125560,0.20847,0.11,1,618018,617588,430
156992601,3.72392,0.290696,434,125560,0.137694,0.17,1,618022,617588,434
156995521,7.94478,6.45814,435,125560,0.259539,0.13,1,618031,617596,435
156997361,2.38896,2.89163,434,125560,0.267908,0.13,1,618032,617598,434
157000281,6.87779,4.57833,437,125560,0.173582,0.27,1,618040,617603,437
157003201,2.97556,5.71567,433,125560,0.242716,0.23,1,618042,617609,433
157005681,2.19511,2.74313,433,125560,0.264543,0.24,1,618044,617611,433
157008601,6.83902,9.34863,430,125560,0.284909,0.24,1,618052,617622,430
157011521,2.9678,1.86973,432,125560,0.280982,0.24,1,618054,617622,432
157014441,2.19356,0.373945,434,125560,0.288196,0.24,1,618056,617622,434
157017361,6.83871,0.074789,442,125560,0.241639,0.27,1,618064,617622,442
157020281,2.96774,9.61496,432,125560,0.248328,0.27,1,618066,617634,432
157022741,2.19355,5.12299,430,125560,0.217666,0.22,1,618068,617638,430
157025661,3.63871,2.6246,432,125560,0.235533,0.15,1,618072,617640,432
157028581,8.72774,7.72492,433,125560,0.247107,0.23,1,618082,617649,433
157031501,8.14555,4.74498,437,125560,0.225421,0.27,1,618090,617653,437
157034421,11.2291,12.949,434,125560,0.245084,0.26,1,618102,617668,434
157037341,27.8458,24.9898,438,125560,0.225017,0.27,1,618134,617696,438
157040261,13.5692,12.998,438,125560,0.245003,0.3,1,618144,617706,438
157042081,9.91383,10.5996,437,125560,0.257001,0.2,1,618153,617716,437
157045001,13.1828,18.1199,431,125560,0.3234,0.18,1,618167,617736,431
157047921,17.8366,13.224,438,125560,0.25668,0.14,1,618186,617748,438
157050401,5.96731,4.2448,439,125560,0.283336,0.3,1,618189,617750,439
157053321,12.3935,12.849,438,125560,0.312667,0.18,1,618203,617765,438
157056241,19.2787,24.1698,432,125560,0.278533,0.2,1,618224,617792,432
157059161,16.6557,12.834,438,125560,0.279707,0.33,1,618240,617802,438
157062081,25.7311,28.1668,434,125560,0.327941,0.27,1,618268,617834,434
157064961,9.94623,12.8334,431,125560,0.313588,0.18,1,618274,617843,431
157067881,22.7892,20.1667,435,125560,0.230718,0.31,1,618300,617865,435
157070801,14.1578,16.8333,431,125560,0.342144,0.31,1,618312,617881,431
157073281,4.43157,4.96667,431,125560,0.332429,0.2,1,618314,617883,431
157076201,11.2863,9.79333,433,125560,0.330486,0.29,1,618327,617894,433
157079121,3.85726,3.55867,433,125560,0.298097,0.29,1,618329,617896,433
157080981,3.17145,0.711733,436,125560,0.267619,0.3,1,618332,617896,436
157083901,11.0343,12.1423,434,125560,0.317524,0.23,1,618345,617911,434
157086821,18.2069,16.8285,436,125560,0.351505,0.2,1,618365,617929,436
157089741,6.84137,9.76569,432,125560,0.326301,0.2,1,618369,617937,432
157091381,20.5683,1.95314,456,125560,0.28126,0.23,1,618393,617937,456
157094301,5.71365,17.1906,437,125560,0.272252,0.23,1,618395,617958,437
157097221,2.74273,8.23813,433,125560,0.25445,0.23,1,618397,617964,433
157099701,15.7485,3.24763,450,125560,0.21089,0.23,1,618416,617966,450
157102621,6.34971,14.2495,437,125560,0.234178,0.26,1,618420,617983,437
157104901,14.8699,9.2499,446,125560,0.254836,0.16,1,618437,617991,446
157107821,4.57399,11.45,436,125560,0.226967,0.27,1,618439,618003,436
157110741,4.9148,9.49,432,125560,0.205393,0.24,1,618444,618012,432
157113221,8.18296,5.098,437,125560,0.281079,0.2,1,618453,618016,437
157116141,4.83659,2.6196,439,125560,0.272216,0.12,1,618457,618018,439
157118421,7.36732,3.72392,443,125560,0.174443,0.29,1,618465,618022,443
157121341,3.07346,7.94478,436,125560,0.274889,0.27,1,618467,618031,436
157124261,7.81469,2.38896,444,125560,0.198978,0.15,1,618476,618032,444
157127181,3.16294,6.87779,438,125560,0.279796,0.26,1,618478,618040,438
157129861,5.43259,2.97556,442,125560,0.263959,0.29,1,618484,618042,442
157132781,2.68652,8.59511,434,125560,0.236792,0.28,1,618486,618052,434
157135701,2.1373,3.31902,434,125560,0.231358,0.28,1,618488,618054,434
157138181,2.82746,0.663804,437,125560,0.254272,0.25,1,618491,618054,437
157141101,6.16549,3.33276,440,125560,0.282854,0.23,1,618498,618058,440
157144021,4.4331,5.46655,438,125560,0.232571,0.25,1,618502,618064,438
157146501,2.48662,2.69331,438,125560,0.182514,0.26,1,618504,618066,438
157149421,2.09732,4.53866,435,125560,0.140503,0.24,1,618506,618071,435
157152341,5.21946,1.70773,440,125560,0.196101,0.25,1,618512,618072,440
157155261,9.04389,8.34155,440,125560,0.23922,0.22,1,618522,618082,440
157157941,14.6088,8.06831,448,125560,0.223844,0.25,1,618538,618090,448
157160861,26.9218,11.2137,466,125560,0.212769,0.22,1,618568,618102,466
157163781,13.3844,27.8427,444,125560,0.146554,0.25,1,618578,618134,444
157166261,10.6769,13.5685,444,125560,0.157311,0.34,1,618588,618144,444
157169181,14.9354,21.1137,437,125560,0.207462,0.24,1,618604,618167,437
157172101,14.1871,19.4227,432,125560,0.169492,0.29,1,618618,618186,432
157175021,8.43741,6.28455,436,125560,0.145898,0.29,1,618625,618189,436
157176661,9.68748,1.25691,446,125560,0.17318,0.32,1,618635,618189,446
157179581,13.9375,11.4514,447,125560,0.194636,0.27,1,618650,618203,447
157182501,19.5875,19.0903,447,125560,0.134927,0.28,1,618671,618224,447
157185421,30.3175,16.6181,464,125560,0.218985,0.34,1,618704,618240,464
157188341,7.6635,25.7236,438,125560,0.235797,0.31,1,618706,618268,438
157191221,26.3327,9.94472,463,125560,0.183159,0.21,1,618737,618274,463
157194141,13.2665,22.7889,447,125560,0.0926319,0.37,1,618747,618300,447
157197061,5.05331,14.1578,438,125560,0.0905264,0.33,1,618750,618312,438
157199541,9.81066,4.43156,447,125560,0.218105,0.33,1,618761,618314,447
157202461,5.16213,11.2863,438,125560,0.211621,0.29,1,618765,618327,438
157204321,1.83243,3.85726,437,125560,0.186324,0.28,1,618766,618329,437
157207241,11.5665,5.57145,445,125560,0.189265,0.33,1,618780,618335,445
157210161,18.3133,9.11429,455,125560,0.221853,0.36,1,618800,618345,455
157213081,8.46266,17.8229,441,125560,0.212371,0.32,1,618806,618365,441
157216001,18.4925,6.76457,458,125560,0.162474,0.27,1,618827,618369,458
157218921,5.29851,22.1529,434,125560,0.144495,0.25,1,618829,618395,434
157221381,7.4597,6.03058,440,125560,0.132899,0.2,1,618837,618397,440
157224301,9.49194,16.4061,431,125560,0.17858,0.24,1,618847,618416,431
157227221,9.09839,6.48122,436,125560,0.107716,0.26,1,618856,618420,436
157230141,10.6197,14.8962,430,125560,0.0935432,0.22,1,618867,618437,430
157233061,3.72394,4.57925,430,125560,0.0907086,0.2,1,618869,618439,430
157234901,9.54479,4.91585,436,125560,0.170142,0.3,1,618880,618444,436
157237821,3.50896,8.18317,429,125560,0.186028,0.27,1,618882,618453,429
157240741,10.3018,4.83663,437,125560,0.165206,0.15,1,618894,618457,437
157243221,8.46036,7.36733,437,125560,0.217041,0.3,1,618902,618465,437
157246141,3.29207,3.07347,437,125560,0.195408,0.18,1,618904,618467,437
157249061,5.45841,7.81469,434,125560,0.119082,0.3,1,618910,618476,434
157251981,2.69168,3.16294,434,125560,0.159816,0.3,1,618912,618478,434
157253621,4.53834,0.632588,439,125560,0.167963,0.26,1,618917,618478,439
157256541,4.10767,4.92652,437,125560,0.169593,0.23,1,618921,618484,437
157258821,4.82153,2.5853,440,125560,0.233919,0.31,1,618926,618486,440
157261741,3.36431,9.31706,432,125560,0.214784,0.31,1,618929,618497,432
157264661,2.27286,1.86341,434,125560,0.178957,0.29,1,618931,618497,434
157267581,2.05457,1.17268,435,125560,0.171791,0.22,1,618933,618498,435
157270261,6.01091,3.43454,438,125560,0.194358,0.26,1,618940,618502,438
157273181,3.60218,7.08691,433,125560,0.198872,0.26,1,618943,618510,433
157276101,2.32044,1.41738,435,125560,0.167774,0.21,1,618945,618510,435
157279021,6.06409,1.88348,440,125560,0.225555,0.25,1,618952,618512,440
157281701,10.8128,8.3767,442,125560,0.205111,0.22,1,618964,618522,442
157284621,26.9626,14.4753,457,125560,0.145022,0.21,1,618995,618538,457
157287541,14.9925,26.8951,439,125560,0.133004,0.13,1,619007,618568,439
157290461,14.1985,13.379,443,125560,0.162601,0.22,1,619021,618578,443
157293381,11.6397,23.4758,428,125560,0.19252,0.16,1,619032,618604,428
157296301,13.5279,15.8952,428,125560,0.198504,0.14,1,619046,618618,428
157299221,9.90559,8.77903,430,125560,0.151701,0.14,1,619055,618625,430
157301461,13.1811,1.75581,444,125560,0.22234,0.2,1,619069,618625,444
157304381,10.6362,20.3512,429,125560,0.188468,0.12,1,619079,618650,429
157307301,20.5272,20.8702,431,125560,0.165694,0.24,1,619102,618671,431
157310221,32.9054,30.574,434,125560,0.161139,0.24,1,619138,618704,434
157313141,8.18109,7.71481,434,125560,0.160228,0.24,1,619140,618706,434
157314981,18.4362,1.54296,455,125560,0.176046,0.17,1,619161,618706,455
157317901,18.8872,25.1086,443,125560,0.179209,0.07,1,619180,618737,443
157320821,5.37745,13.0217,435,125560,0.139842,0.09,1,619182,618747,435
157323301,7.47549,5.00434,440,125560,0.235968,0.25,1,619190,618750,440
157326221,5.4951,9.80087,434,125560,0.271194,0.21,1,619195,618761,434
157328081,1.89902,5.16017,431,125560,0.254239,0.18,1,619196,618765,431
157331001,7.5798,3.43203,437,125560,0.194848,0.19,1,619205,618768,437
157333921,19.916,10.2864,448,125560,0.12697,0.23,1,619228,618780,448
157336841,7.18319,18.0573,432,125560,0.201394,0.21,1,619232,618800,432
157338901,19.8366,8.41146,449,125560,0.192279,0.15,1,619255,618806,449
157341821,5.56733,18.4823,430,125560,0.198456,0.14,1,619257,618827,430
157343681,1.91347,5.29646,429,125560,0.215691,0.13,1,619258,618829,429
157346601,8.38269,7.45929,431,125560,0.187138,0.19,1,619268,618837,431
157349521,6.47654,9.49186,427,125560,0.165428,0.09,1,619274,618847,427
157352001,7.69531,9.09837,426,125560,0.217086,0.09,1,619282,618856,426
157354921,13.5391,10.6197,430,125560,0.155417,0.09,1,619297,618867,430
157357841,4.30781,3.72393,430,125560,0.111083,0.09,1,619299,618869,430
157359701,8.86156,0.744787,440,125560,0.0462167,0.19,1,619309,618869,440
157362621,3.37231,10.549,429,125560,0.0732433,0.16,1,619311,618882,429
157365541,11.8745,11.7098,431,125560,0.0946487,0.23,1,619325,618894,431
157368461,8.77489,8.74196,431,125560,0.14693,0.23,1,619333,618902,431
157370101,4.15498,1.74839,434,125560,0.213386,0.14,1,619336,618902,434
157373021,2.431,5.14968,430,125560,0.194677,0.1,1,619338,618908,430
157375941,5.2862,2.62994,434,125560,0.142935,0.17,1,619344,618910,434
157378421,5.85724,2.12599,438,125560,0.188587,0.17,1,619350,618912,438
157381341,2.77145,7.6252,431,125560,0.165717,0.25,1,619352,618921,431
157384261,5.35429,5.52504,432,125560,0.193143,0.21,1,619358,618926,432
157387181,2.67086,3.50501,431,125560,0.198629,0.17,1,619360,618929,431
157388821,3.73417,2.301,433,125560,0.175726,0.21,1,619364,618931,433
157391741,2.34683,3.6602,431,125560,0.203145,0.2,1,619366,618935,431
157394661,6.86937,4.73204,434,125560,0.184629,0.2,1,619374,618940,434
157397581,2.97387,3.34641,433,125560,0.148926,0.2,1,619376,618943,433
157399221,1.39477,0.669282,434,125560,0.125785,0.16,1,619377,618943,434
157402141,3.47895,1.73386,436,125560,0.113157,0.24,1,619381,618945,436
157404001,1.49579,5.94677,430,125560,0.0946314,0.2,1,619382,618952,430
157406921,10.6992,10.7894,431,125560,0.234926,0.13,1,619395,618964,431
157409841,23.7398,26.9579,427,125560,0.246985,0.13,1,619422,618995,427
157412761,17.548,14.9916,431,125560,0.257397,0.17,1,619438,619007,431
157415681,14.7096,14.1983,431,125560,0.227479,0.2,1,619452,619021,431
157418601,10.9419,11.6397,430,125560,0.189496,0.2,1,619462,619032,430
157421521,13.3884,13.5279,430,125560,0.245899,0.14,1,619476,619046,430
157423761,7.47768,9.90559,427,125560,0.21718,0.24,1,619482,619055,427
157426681,15.0955,13.1811,430,125560,0.195436,0.18,1,619499,619069,430
157429601,11.8191,10.6362,431,125560,0.279087,0.16,1,619510,619079,431
157432521,16.7638,20.5272,426,125560,0.247817,0.16,1,619528,619102,426
157435441,38.5528,32.9054,434,125560,0.241563,0.16,1,619572,619138,434
157438321,9.31055,8.18109,434,125560,0.208313,0.18,1,619574,619140,434
157441241,33.0621,18.4362,452,125560,0.185663,0.18,1,619613,619161,452
157444161,8.21242,18.8872,435,125560,0.181133,0.13,1,619615,619180,435
157447061,8.04248,5.37745,441,125560,0.0842265,0.26,1,619623,619182,441
157449981,3.2085,7.47549,435,125560,0.216845,0.28,1,619625,619190,435
157451841,1.4417,5.4951,431,125560,0.267369,0.27,1,619626,619195,431
157454761,9.88834,2.69902,441,125560,0.261474,0.18,1,619638,619197,441
157457681,17.1777,6.9398,452,125560,0.236295,0.11,1,619657,619205,452
157460601,9.03553,19.788,436,125560,0.143259,0.22,1,619664,619228,436
157462661,17.8071,7.15759,452,125560,0.156652,0.19,1,619684,619232,452
157465581,5.16142,19.8315,431,125560,0.16733,0.2,1,619686,619255,431
157467441,1.83228,5.5663,430,125560,0.185466,0.2,1,619687,619257,430
157470361,8.36646,7.51326,432,125560,0.173093,0.18,1,619697,619265,432
157473281,7.27329,3.90265,436,125560,0.146619,0.16,1,619704,619268,436
157476181,6.25466,5.58053,436,125560,0.165324,0.14,1,619710,619274,436
157479101,9.25093,19.5161,423,125560,0.161065,0.1,1,619720,619297,423
157482021,3.45019,5.50322,423,125560,0.184213,0.1,1,619722,619299,423
157484501,13.49,1.10064,439,125560,0.212843,0.18,1,619738,619299,439
157487421,4.29801,12.2201,426,125560,0.178569,0.1,1,619740,619314,426
157490341,12.8596,11.244,430,125560,0.163714,0.16,1,619755,619325,430
157493261,5.77192,8.64881,426,125560,0.152743,0.16,1,619759,619333,426
157494901,8.35438,1.72976,435,125560,0.182549,0.19,1,619768,619333,435
157497821,3.27088,4.34595,432,125560,0.22051,0.13,1,619770,619338,432
157500741,2.25418,5.66919,428,125560,0.228102,0.2,1,619772,619344,428
157503661,8.45084,5.93384,432,125560,0.16562,0.2,1,619782,619350,432
157505301,4.09017,1.18677,435,125560,0.193124,0.21,1,619785,619350,435
157508221,4.01803,4.23735,434,125560,0.190625,0.2,1,619789,619355,434
157511141,2.40361,3.24747,433,125560,0.198125,0.2,1,619791,619358,433
157513621,3.68072,2.24949,435,125560,0.199625,0.25,1,619795,619360,435
157516541,2.33614,6.8499,429,125560,0.207925,0.18,1,619797,619368,429
157519461,3.66723,6.16998,427,125560,0.193585,0.14,1,619801,619374,427
157522381,3.93345,2.834,429,125560,0.174717,0.14,1,619805,619376,429
157524021,5.58669,0.566799,435,125560,0.210943,0.11,1,619811,619376,435
157526941,3.51734,4.11336,433,125560,0.178189,0.09,1,619814,619381,433
157529861,10.3035,1.62267,444,125560,0.195638,0.27,1,619826,619382,444
157532781,18.0607,10.7245,451,125560,0.223128,0.25,1,619846,619395,451
157535701,16.4121,23.7449,440,125560,0.236626,0.26,1,619862,619422,440
157538621,19.2824,17.549,444,125560,0.103325,0.22,1,619882,619438,444
157541541,13.4565,14.7098,442,125560,0.132665,0.18,1,619894,619452,442
157544461,11.4913,10.942,443,125560,0.162533,0.26,1,619905,619462,443
157547381,6.29826,13.3884,434,125560,0.200507,0.21,1,619910,619476,434
157550301,19.6597,7.47768,451,125560,0.184101,0.19,1,619933,619482,451
157553221,7.13193,15.0955,438,125560,0.14882,0.3,1,619937,619499,438
157556141,19.0264,11.8191,449,125560,0.093764,0.24,1,619959,619510,449
157559061,40.6053,16.7638,477,125560,0.154753,0.24,1,620005,619528,477
157561981,9.72105,38.5528,435,125560,0.198951,0.2,1,620007,619572,435
157564581,25.9442,9.31055,463,125560,0.23179,0.18,1,620037,619574,463
157567501,13.9888,33.0621,435,125560,0.214358,0.18,1,620048,619613,435
157569361,3.59777,8.21242,434,125560,0.218872,0.27,1,620049,619615,434
157572281,7.11955,8.84248,433,125560,0.187774,0.25,1,620057,619624,433
157575201,3.02391,2.5685,434,125560,0.181555,0.28,1,620059,619625,434
157577681,5.40478,1.3137,439,125560,0.260311,0.25,1,620065,619626,439
157580601,21.081,11.4627,450,125560,0.188062,0.23,1,620090,619640,450
157583521,7.41619,15.8925,437,125560,0.229612,0.12,1,620094,619657,437
157586421,15.8832,8.77851,448,125560,0.205922,0.16,1,620112,619664,448
157589341,4.77665,17.7557,430,125560,0.177185,0.17,1,620114,619684,430
157591201,1.75533,5.15114,429,125560,0.187437,0.17,1,620115,619686,429
157594121,9.95107,8.23023,432,125560,0.245487,0.17,1,620127,619695,432
157597041,5.19021,3.24605,434,125560,0.201097,0.14,1,620131,619697,434
157599961,7.43804,6.24921,435,125560,0.23222,0.17,1,620139,619704,435
157602021,7.08761,6.04984,436,125560,0.214444,0.16,1,620146,619710,436
157604941,7.81752,9.20997,434,125560,0.226889,0.19,1,620154,619720,434
157606801,2.3635,3.44199,433,125560,0.301378,0.22,1,620155,619722,433
157609721,5.2727,13.4884,423,125560,0.276276,0.17,1,620161,619738,423
157612641,4.25454,4.29768,425,125560,0.239255,0.16,1,620165,619740,425
157615561,17.6509,12.8595,431,125560,0.287851,0.15,1,620186,619755,431
157618241,7.53018,5.77191,432,125560,0.28157,0.19,1,620191,619759,432
157621161,7.10604,8.35438,430,125560,0.328314,0.23,1,620198,619768,430
157623441,3.02121,3.27088,430,125560,0.305663,0.17,1,620200,619770,430
157626361,10.2042,6.25418,435,125560,0.317133,0.15,1,620212,619777,435
157629281,5.24085,5.25083,434,125560,0.263427,0.2,1,620216,619782,434
157631761,4.24817,3.45017,435,125560,0.300685,0.24,1,620220,619785,435
157634681,2.44963,7.09003,429,125560,0.308137,0.24,1,620222,619793,429
157637601,2.08993,1.41801,431,125560,0.309627,0.2,1,620224,619793,431
157640521,2.01799,1.8836,431,125560,0.309925,0.21,1,620226,619795,431
157642161,5.2036,1.97672,435,125560,0.245985,0.19,1,620232,619797,435
157645081,2.64072,7.59534,428,125560,0.241197,0.19,1,620234,619806,428
157648001,6.12814,1.51907,435,125560,0.200239,0.22,1,620241,619806,435
157650921,3.62563,4.30381,433,125560,0.240048,0.17,1,620244,619811,433
157653841,12.7251,3.26076,445,125560,0.20001,0.2,1,620259,619814,445
157656761,15.345,10.2522,449,125560,0.248002,0.23,1,620275,619826,449
157659681,16.669,18.0504,446,125560,0.2576,0.24,1,620292,619846,446
157662601,17.7338,16.4101,448,125560,0.29952,0.07,1,620310,619862,448
157665521,13.1468,19.282,440,125560,0.251904,0.14,1,620322,619882,440
157667541,11.4294,13.4564,439,125560,0.330381,0.17,1,620333,619894,439
157670461,5.48587,11.4913,432,125560,0.290076,0.21,1,620337,619905,432
157672321,1.89717,6.29826,428,125560,0.290015,0.18,1,620338,619910,428
157675241,16.3794,19.6597,425,125560,0.242003,0.14,1,620358,619933,425
157677521,12.0759,7.13193,432,125560,0.312401,0.08,1,620369,619937,432
157680441,17.6152,19.0264,429,125560,0.34248,0.17,1,620388,619959,429
157683361,37.923,40.6053,426,125560,0.388496,0.21,1,620431,620005,426
157686281,9.18461,9.72105,426,125560,0.397699,0.21,1,620433,620007,426
157688341,29.8369,1.94421,461,125560,0.35954,0.24,1,620468,620007,461
157691261,13.9674,24.3888,441,125560,0.263908,0.21,1,620478,620037,441
157693541,5.99348,13.6778,434,125560,0.244782,0.18,1,620482,620048,434
157696461,9.1987,9.93555,435,125560,0.224956,0.18,1,620492,620057,435
157699381,3.43974,3.58711,435,125560,0.356991,0.18,1,620494,620059,435
157701861,5.48795,0.717422,441,125560,0.311398,0.17,1,620500,620059,441
157704781,20.2976,24.9435,434,125560,0.26228,0.24,1,620524,620090,434
157707701,7.25952,8.1887,434,125560,0.220456,0.24,1,620528,620094,434
157710181,14.2519,1.63774,450,125560,0.268091,0.2,1,620544,620094,450
157713101,5.25038,14.7275,435,125560,0.317618,0.17,1,620547,620112,435
157715381,11.4501,4.54551,446,125560,0.263524,0.26,1,620560,620114,446
157718301,3.89002,11.3091,435,125560,0.228705,0.19,1,620562,620127,435
157721221,3.978,5.46182,435,125560,0.157741,0.19,1,620566,620131,435
157723701,3.1956,1.09236,438,125560,0.127548,0.24,1,620569,620131,438
157726621,11.8391,6.61847,444,125560,0.17751,0.23,1,620583,620139,444
157729541,5.56782,13.3237,433,125560,0.195502,0.32,1,620587,620154,433
157732461,5.91356,3.46474,438,125560,0.1111,0.27,1,620593,620155,438
157734101,6.78271,5.49295,439,125560,0.26222,0.23,1,620600,620161,439
157737021,2.95654,4.29859,437,125560,0.292444,0.3,1,620602,620165,437
157739941,12.5913,17.6597,431,125560,0.162489,0.28,1,620617,620186,431
157742861,10.5183,7.53194,436,125560,0.176498,0.28,1,620627,620191,436
157744501,4.50365,1.50639,439,125560,0.1713,0.34,1,620630,620191,439
157747421,3.30073,5.90128,435,125560,0.13026,0.3,1,620633,620198,435
157750341,12.6601,2.78026,448,125560,0.186052,0.32,1,620648,620200,448
157753261,5.73203,10.1561,440,125560,0.18921,0.25,1,620652,620212,440
157755941,2.74641,5.23121,438,125560,0.165842,0.31,1,620654,620216,438
157758861,2.14928,5.84624,434,125560,0.161168,0.31,1,620656,620222,434
157761781,2.02986,2.76925,434,125560,0.160234,0.31,1,620658,620224,434
157764261,4.40597,0.55385,439,125560,0.272047,0.25,1,620663,620224,439
157767181,4.08119,5.71077,436,125560,0.302409,0.24,1,620667,620231,436
157770101,2.41624,3.54215,435,125560,0.300482,0.19,1,620669,620234,435
157772581,5.28325,6.30843,434,125560,0.268096,0.25,1,620675,620241,434
157775501,2.65665,3.66169,433,125560,0.229619,0.19,1,620677,620244,433
157778421,13.3313,12.7323,434,125560,0.229924,0.26,1,620693,620259,434
157781341,15.4663,15.3465,434,125560,0.261985,0.26,1,620709,620275,434
157784261,19.0933,16.6693,437,125560,0.220397,0.31,1,620729,620292,437
157787181,15.0187,17.7339,433,125560,0.268079,0.24,1,620743,620310,433
157790101,17.4037,13.1468,439,125560,0.213616,0.35,1,620761,620322,439
157793021,13.0807,11.4294,440,125560,0.234723,0.28,1,620773,620333,440
157795941,4.21615,5.48587,438,125560,0.294945,0.29,1,620775,620337,438
157798861,16.8432,1.89717,457,125560,0.258989,0.23,1,620795,620338,457
157801781,9.76865,16.3794,445,125560,0.179798,0.35,1,620803,620358,445
157804701,17.9537,27.2759,435,125560,0.21196,0.4,1,620823,620388,435
157807621,41.1907,39.8552,439,125560,0.258392,0.4,1,620870,620431,439
157810541,9.83815,9.57104,439,125560,0.259678,0.4,1,620872,620433,439
157812101,25.9676,1.91421,469,125560,0.227936,0.35,1,620902,620433,469
157815021,10.7935,28.3828,441,125560,0.269587,0.24,1,620909,620468,441
157817941,6.1587,13.6766,436,125560,0.269917,0.22,1,620914,620478,436
157820861,14.0317,13.9353,438,125560,0.253983,0.39,1,620930,620492,438
157823781,4.40635,4.38706,438,125560,0.250797,0.39,1,620932,620494,438
157825621,4.88127,0.877412,443,125560,0.290159,0.3,1,620937,620494,443
157828541,17.7763,4.97548,458,125560,0.354032,0.25,1,620958,620500,458
157831461,8.35525,20.1951,440,125560,0.270806,0.21,1,620964,620524,440
157833941,12.871,7.23902,450,125560,0.318161,0.28,1,620978,620528,450
157836861,4.17421,14.2478,436,125560,0.327632,0.33,1,620980,620544,436
157839781,6.43484,5.24956,440,125560,0.345526,0.22,1,620987,620547,440
157842701,9.28697,13.0499,435,125560,0.293105,0.14,1,620997,620562,435
157845381,5.05739,5.80998,435,125560,0.338621,0.12,1,621001,620566,435
157848301,2.61148,3.562,434,125560,0.355724,0.19,1,621003,620569,434
157851221,5.3223,11.9124,426,125560,0.351145,0.2,1,621009,620583,426
157854141,5.86446,5.58248,428,125560,0.358229,0.2,1,621015,620587,428
157855781,10.7729,1.1165,440,125560,0.351646,0.09,1,621027,620587,440
157858701,5.35458,5.0233,438,125560,0.326329,0.3,1,621031,620593,438
157860561,1.87092,8.20466,430,125560,0.297266,0.31,1,621032,620602,430
157863481,13.1742,3.24093,444,125560,0.291453,0.13,1,621048,620604,444
157866401,5.03484,11.0482,434,125560,0.242291,0.18,1,621051,620617,434
157869321,13.007,10.2096,439,125560,0.312458,0.12,1,621066,620627,439
157872241,4.20139,6.84193,435,125560,0.294492,0.2,1,621068,620633,435
157875161,8.84028,13.3684,430,125560,0.290898,0.19,1,621078,620648,430
157878081,6.56806,5.87368,432,125560,0.31418,0.16,1,621084,620652,432
157881001,6.11361,2.77474,436,125560,0.382836,0.16,1,621090,620654,436
157882821,2.02272,0.554947,437,125560,0.380567,0.16,1,621091,620654,437
157885741,2.00454,1.71099,437,125560,0.348113,0.16,1,621093,620656,437
157888021,3.60091,1.9422,439,125560,0.325623,0.3,1,621097,620658,439
157890941,2.32018,4.38844,436,125560,0.289125,0.31,1,621099,620663,436
157892801,1.26404,4.07769,433,125560,0.273825,0.26,1,621100,620667,433
157895721,6.65281,7.21554,433,125560,0.374765,0.26,1,621108,620675,433
157898641,2.93056,1.44311,435,125560,0.394953,0.22,1,621110,620675,435
157901561,10.1861,1.88862,445,125560,0.318991,0.23,1,621122,620677,445
157904481,19.6372,13.1777,451,125560,0.303798,0.27,1,621144,620693,451
157907401,15.9274,15.4355,450,125560,0.38876,0.21,1,621159,620709,450
157910321,18.3855,19.0871,449,125560,0.357752,0.28,1,621178,620729,449
157913241,14.8771,15.0174,449,125560,0.37555,0.2,1,621192,620743,449
157916161,12.5754,17.4035,443,125560,0.29911,0.24,1,621204,620761,443
157919081,4.11508,13.0807,433,125560,0.283822,0.31,1,621206,620773,433
157920881,1.62302,4.21614,432,125560,0.264764,0.25,1,621207,620775,432
157923801,13.1246,16.8432,428,125560,0.324953,0.16,1,621223,620795,428
157926081,12.2249,9.76865,432,125560,0.368991,0.22,1,621235,620803,432
157929001,20.845,17.9537,435,125560,0.377798,0.27,1,621258,620823,435
157931921,42.569,41.1907,436,125560,0.37956,0.26,1,621306,620870,436
157934841,10.1138,9.83815,436,125560,0.379912,0.26,1,621308,620872,436
157936901,26.0228,1.96763,466,125560,0.339982,0.28,1,621338,620872,466
157939821,8.40455,29.9935,433,125560,0.275996,0.27,1,621342,620909,433
157942741,5.68091,9.9987,433,125560,0.247199,0.25,1,621347,620914,433
157945661,15.5362,14.7997,435,125560,0.30544,0.25,1,621365,620930,435
157948581,7.90724,4.55995,439,125560,0.237088,0.25,1,621371,620932,439
157950421,9.58145,0.91199,449,125560,0.303418,0.37,1,621381,620932,449
157953341,7.51629,20.9824,430,125560,0.332684,0.25,1,621388,620958,430
157956241,4.70326,8.99648,428,125560,0.354537,0.33,1,621392,620964,428
157959161,20.9407,12.9993,439,125560,0.350907,0.33,1,621417,620978,439
157962081,5.78813,4.19986,439,125560,0.350181,0.35,1,621419,620980,439
157965001,5.95763,6.43997,438,125560,0.366036,0.28,1,621425,620987,438
157967921,9.19153,9.28799,438,125560,0.329207,0.35,1,621435,620997,438
157970801,5.0383,5.0576,438,125560,0.257841,0.35,1,621439,621001,438
157973721,5.80766,4.21152,440,125560,0.195568,0.35,1,621445,621005,440
157976641,4.36153,4.0423,440,125560,0.175114,0.36,1,621449,621009,440
157979121,5.67231,5.60846,440,125560,0.267023,0.35,1,621455,621015,440
157982041,5.93446,10.7217,434,125560,0.325405,0.32,1,621461,621027,434
157984321,2.78689,5.34434,432,125560,0.305081,0.25,1,621463,621031,432
157987241,10.9574,3.46887,442,125560,0.309016,0.29,1,621476,621034,442
157990161,12.5915,11.8938,441,125560,0.133803,0.23,1,621489,621048,441
157993061,12.9183,4.77875,451,125560,0.170761,0.33,1,621502,621051,451
157995981,4.98366,12.9558,439,125560,0.138152,0.29,1,621505,621066,439
157998261,11.3967,4.19115,450,125560,0.26763,0.29,1,621518,621068,450
158001181,5.47935,8.83823,444,125560,0.325526,0.32,1,621522,621078,444
158003041,1.89587,6.56765,439,125560,0.353105,0.4,1,621523,621084,439
158005961,1.97917,6.11353,435,125560,0.326621,0.38,1,621525,621090,435
158008241,1.99583,2.02271,436,125560,0.281324,0.33,1,621527,621091,436
158011161,8.39917,4.40454,441,125560,0.296265,0.32,1,621537,621096,441
158014081,3.27983,1.68091,442,125560,0.267253,0.28,1,621539,621097,442
158016561,2.25597,1.93618,442,125560,0.237451,0.37,1,621541,621099,442
158019481,3.65119,4.38724,441,125560,0.28749,0.4,1,621545,621104,441
158022401,2.33024,4.07745,439,125560,0.313498,0.4,1,621547,621108,439
158025301,11.666,2.41549,451,125560,0.3347,0.3,1,621561,621110,451
158028221,21.5332,10.0831,463,125560,0.25094,0.3,1,621585,621122,463
158031141,9.10664,19.6166,447,125560,0.226188,0.41,1,621591,621144,447
158034061,21.0213,15.9233,456,125560,0.189238,0.35,1,621615,621159,456
158036981,13.8043,18.3847,449,125560,0.237848,0.38,1,621627,621178,449
158039901,17.1609,14.8769,453,125560,0.27957,0.28,1,621645,621192,453
158042821,5.03217,12.5754,443,125560,0.255914,0.28,1,621647,621204,443
158045061,6.60643,4.11508,448,125560,0.155183,0.34,1,621654,621206,448
158047981,8.52129,14.423,440,125560,0.255037,0.38,1,621663,621223,440
158050901,11.3043,12.4846,440,125560,0.283007,0.38,1,621675,621235,440
158053821,20.6609,20.8969,440,125560,0.240601,0.38,1,621698,621258,440
158056741,43.3322,42.5794,441,125560,0.30412,0.38,1,621747,621306,441
158059201,10.2664,10.1159,441,125560,0.292824,0.33,1,621749,621308,441
158062121,19.6533,26.0232,433,125560,0.306565,0.26,1,621771,621338,433
158065041,7.13066,8.40463,433,125560,0.341313,0.24,1,621775,621342,433
158067961,8.62613,5.68093,437,125560,0.300263,0.32,1,621784,621347,437
158070881,17.7252,15.5362,439,125560,0.268053,0.22,1,621804,621365,439
158073761,8.34505,7.90724,439,125560,0.221611,0.32,1,621810,621371,439
158076681,14.469,9.58145,445,125560,0.284322,0.34,1,621826,621381,445
158079601,6.0938,7.51629,442,125560,0.312864,0.36,1,621830,621388,442
158082501,19.6188,4.70326,461,125560,0.174573,0.35,1,621853,621392,461
158085421,5.52375,20.9407,438,125560,0.146915,0.35,1,621855,621417,438
158087281,1.90475,5.78813,437,125560,0.309383,0.38,1,621856,621419,437
158090201,6.78095,11.5576,432,125560,0.301877,0.32,1,621864,621432,432
158093121,2.95619,4.71153,431,125560,0.292375,0.24,1,621866,621435,431
158095601,3.79124,4.14231,431,125560,0.258475,0.18,1,621870,621439,431
158098521,10.3582,5.62846,437,125560,0.259695,0.17,1,621882,621445,437
158101441,6.87165,4.32569,439,125560,0.171939,0.17,1,621888,621449,439
158103301,2.17433,0.865138,440,125560,0.138388,0.34,1,621889,621449,440
158106221,8.43487,9.77303,438,125560,0.243678,0.3,1,621899,621461,438
158109141,3.28697,3.55461,438,125560,0.264736,0.31,1,621901,621463,438
158112061,2.25739,11.1109,427,125560,0.284947,0.09,1,621903,621476,427
158114981,15.6515,12.6222,433,125560,0.232989,0.18,1,621922,621489,433
158117901,16.7303,12.9244,437,125560,0.206598,0.13,1,621939,621502,437
158120821,6.54606,4.98489,438,125560,0.22532,0.3,1,621943,621505,438
158123741,9.30921,11.397,435,125560,0.253064,0.34,1,621953,621518,435
158126661,5.06184,5.4794,435,125560,0.242613,0.36,1,621957,621522,435
158128881,2.61237,1.89588,436,125560,0.256523,0.32,1,621959,621523,436
158131801,11.7225,10.7792,437,125560,0.243305,0.32,1,621973,621536,437
158134721,3.94449,2.15584,439,125560,0.216661,0.3,1,621975,621536,439
158137641,2.3889,1.23117,440,125560,0.283332,0.26,1,621977,621537,440
158139281,1.27778,1.84623,439,125560,0.280666,0.3,1,621978,621539,439
158142201,3.45556,5.16925,437,125560,0.216133,0.3,1,621982,621545,437
158145121,2.29111,1.03385,439,125560,0.187227,0.32,1,621984,621545,439
158147601,2.05822,1.80677,439,125560,0.261445,0.34,1,621986,621547,439
158150521,6.81164,11.5614,433,125560,0.268289,0.23,1,621994,621561,433
158153441,21.3623,21.5123,434,125560,0.293658,0.22,1,622019,621585,434
158155921,9.07247,9.10245,434,125560,0.234732,0.18,1,622025,621591,434
158158841,21.0145,21.0205,434,125560,0.230946,0.25,1,622049,621615,434
158161761,16.2029,13.8041,437,125560,0.254189,0.29,1,622064,621627,437
158164681,14.4406,17.1608,433,125560,0.290838,0.25,1,622078,621645,433
158167361,4.48812,5.03216,433,125560,0.298168,0.13,1,622080,621647,433
158170281,10.4976,6.60643,438,125560,0.195634,0.28,1,622092,621654,438
158173201,6.89952,8.52129,435,125560,0.191127,0.29,1,622098,621663,435
158176121,11.7799,11.3043,436,125560,0.214225,0.23,1,622111,621675,436
158179041,20.756,20.6609,436,125560,0.218845,0.32,1,622134,621698,436
158181961,41.7512,43.3322,434,125560,0.195769,0.29,1,622181,621747,434
158184001,9.95024,10.2664,434,125560,0.199154,0.31,1,622183,621749,434
158186921,22.79,19.6533,438,125560,0.191831,0.35,1,622209,621771,438
158189841,6.15801,7.13066,436,125560,0.158366,0.35,1,622211,621775,436
158191701,3.6316,1.42613,439,125560,0.191673,0.29,1,622214,621775,439
158194621,14.3263,7.48523,447,125560,0.182335,0.26,1,622231,621784,447
158197541,13.2653,17.497,440,125560,0.180467,0.21,1,622244,621804,440
158200021,17.0531,8.29941,452,125560,0.212093,0.3,1,622262,621810,452
158202941,6.61061,14.4599,440,125560,0.234419,0.32,1,622266,621826,440
158204801,2.12212,6.09198,437,125560,0.254884,0.14,1,622267,621830,437
158207721,17.2244,19.6184,435,125560,0.234977,0.14,1,622288,621853,435
158210001,5.04488,5.52368,435,125560,0.262995,0.3,1,622290,621855,435
158212921,6.60898,5.10474,437,125560,0.212599,0.3,1,622297,621860,437
158215841,2.9218,4.22095,435,125560,0.29052,0.29,1,622299,621864,435
158218321,2.18436,2.44419,435,125560,0.290104,0.25,1,622301,621866,435
158221241,6.83687,3.68884,439,125560,0.242021,0.26,1,622309,621870,439
158224161,10.9674,10.3378,439,125560,0.216404,0.15,1,622321,621882,439
158226641,3.79347,6.86755,435,125560,0.219281,0.13,1,622323,621888,435
158229561,10.3587,3.77351,444,125560,0.291856,0.27,1,622335,621891,444
158232481,3.67174,7.1547,438,125560,0.274371,0.27,1,622337,621899,438
158235381,2.33435,3.03094,438,125560,0.270874,0.24,1,622339,621901,438
158238301,11.6669,5.40619,446,125560,0.206175,0.22,1,622353,621907,446
158241221,19.9334,13.0812,453,125560,0.057235,0.2,1,622375,621922,453
158244141,5.58667,16.2162,438,125560,0.059447,0.23,1,622377,621939,438
158246821,8.31734,6.44325,443,125560,0.163889,0.26,1,622386,621943,443
158249741,5.66347,9.28865,438,125560,0.208778,0.24,1,622391,621953,438
158251601,2.73269,5.05773,436,125560,0.185756,0.26,1,622393,621957,436
158254521,7.74654,2.61155,443,125560,0.197151,0.24,1,622402,621959,443
158257441,6.34931,11.7223,435,125560,0.21543,0.21,1,622408,621973,435
158259921,2.86986,3.94446,435,125560,0.187086,0.24,1,622410,621975,435
158262841,3.77397,4.78889,434,125560,0.165417,0.24,1,622414,621980,434
158265761,2.35479,0.957778,436,125560,0.185083,0.2,1,622416,621980,436
158268681,2.07096,1.79156,436,125560,0.157017,0.18,1,622418,621982,436
158270321,1.21419,1.95831,435,125560,0.175403,0.31,1,622419,621984,435
158273241,6.64284,6.79166,435,125560,0.187081,0.27,1,622427,621992,435
158276161,16.5286,2.95833,452,125560,0.269416,0.3,1,622446,621994,452
158279081,12.9057,20.5917,439,125560,0.309883,0.22,1,622458,622019,439
158280721,3.38114,8.91833,434,125560,0.333977,0.23,1,622459,622025,434
158283641,19.8762,20.9837,434,125560,0.282795,0.26,1,622483,622049,434
158286561,10.3752,16.1967,427,125560,0.224559,0.3,1,622491,622064,427
158289481,14.075,14.4393,428,125560,0.316912,0.3,1,622506,622078,428
158292161,4.41501,4.48787,428,125560,0.303382,0.17,1,622508,622080,428
158295081,15.283,10.4976,434,125560,0.276676,0.19,1,622526,622092,434
158298001,6.2566,6.89951,432,125560,0.207335,0.19,1,622530,622098,432
158299861,11.6513,1.3799,445,125560,0.273467,0.22,1,622543,622098,445
158302781,19.9303,10.676,454,125560,0.302693,0.22,1,622565,622111,454
158305701,43.1861,20.5352,480,125560,0.268539,0.19,1,622614,622134,480
158308621,10.2372,41.707,435,125560,0.253708,0.19,1,622616,622181,435
158311541,22.8474,30.7414,433,125560,0.282742,0.15,1,622642,622209,433
158314461,6.16949,7.74828,433,125560,0.264548,0.15,1,622644,622211,433
158316501,6.0339,1.54966,439,125560,0.28491,0.18,1,622650,622211,439
158319421,11.6068,16.3099,432,125560,0.256982,0.18,1,622663,622231,432
158322341,13.5214,13.662,433,125560,0.259396,0.22,1,622677,622244,433
158325261,17.9043,17.1324,434,125560,0.243879,0.24,1,622696,622262,434
158328181,8.38085,6.62648,436,125560,0.288776,0.26,1,622702,622266,436
158330021,7.27617,2.1253,442,125560,0.265755,0.23,1,622709,622267,442
158332941,11.0552,17.2251,433,125560,0.269151,0.27,1,622721,622288,433
158335861,8.61105,5.04501,439,125560,0.24583,0.2,1,622729,622290,439
158338781,3.32221,6.609,434,125560,0.209166,0.31,1,622731,622297,434
158341041,2.26444,2.9218,434,125560,0.201833,0.28,1,622733,622299,434
158343961,6.85289,4.58436,437,125560,0.224367,0.23,1,622741,622304,437
158346881,6.17058,4.91687,438,125560,0.260873,0.21,1,622747,622309,438
158349801,8.43412,10.5834,435,125560,0.220175,0.22,1,622756,622321,435
158351441,2.48682,3.71667,434,125560,0.196035,0.31,1,622757,622323,434
158354361,6.89736,10.3433,430,125560,0.143207,0.27,1,622765,622335,430
158357281,2.97947,3.66867,430,125560,0.132641,0.27,1,622767,622337,430
158359141,4.59589,0.733733,435,125560,0.250528,0.19,1,622772,622337,435
158362061,6.51918,4.94675,436,125560,0.250106,0.19,1,622779,622343,436
158364981,21.3038,8.98935,451,125560,0.226021,0.02,1,622804,622353,451
158367901,5.86077,19.3979,431,125560,0.189204,0.06,1,622806,622375,431
158370581,9.17215,5.47957,439,125560,0.117841,0.19,1,622816,622377,439
158373501,6.63443,8.29591,436,125560,0.247568,0.22,1,622822,622386,436
158375781,4.52689,5.65918,435,125560,0.233514,0.2,1,622826,622391,435
158378701,5.70538,9.93184,430,125560,0.246703,0.22,1,622832,622402,430
158381621,5.94108,6.78637,430,125560,0.233341,0.22,1,622838,622408,430
158384101,3.58822,1.35727,433,125560,0.254668,0.16,1,622841,622408,433
158387021,3.11764,5.07145,430,125560,0.242934,0.19,1,622844,622414,430
158389941,2.22353,2.61429,430,125560,0.216587,0.19,1,622846,622416,430
158392421,11.6447,0.522858,444,125560,0.187317,0.17,1,622860,622416,444
158395341,3.92894,7.30457,437,125560,0.165463,0.19,1,622862,622425,437
158398261,2.38579,3.06091,437,125560,0.129093,0.29,1,622864,622427,437
158401181,11.6772,15.8122,432,125560,0.233819,0.32,1,622878,622446,432
158404101,12.7354,12.7624,433,125560,0.198764,0.34,1,622891,622458,433
158407021,20.1471,3.35249,454,125560,0.183753,0.27,1,622913,622459,454
158409941,14.4294,19.8705,443,125560,0.244751,0.21,1,622926,622483,443
158411761,4.48588,10.3741,437,125560,0.25695,0.34,1,622928,622491,437
158414681,8.89718,14.0748,432,125560,0.15539,0.3,1,622938,622506,432
158416961,3.37944,4.41496,432,125560,0.167078,0.27,1,622940,622508,432
158419881,19.8759,15.283,438,125560,0.193416,0.19,1,622964,622526,438
158422801,7.17518,6.2566,438,125560,0.134683,0.29,1,622968,622530,438
158425721,22.235,11.6513,451,125560,0.202937,0.31,1,622994,622543,451
158428641,43.647,19.9303,478,125560,0.200587,0.26,1,623043,622565,478
158431561,12.7294,43.1861,434,125560,0.232117,0.25,1,623048,622614,434
158433601,4.94588,10.2372,435,125560,0.262423,0.29,1,623051,622616,435
158436521,20.9892,22.8474,434,125560,0.268485,0.26,1,623076,622642,434
158438801,5.79783,6.16949,434,125560,0.301697,0.27,1,623078,622644,434
158441721,9.15957,9.2339,434,125560,0.260339,0.25,1,623088,622654,434
158444641,3.43191,9.04678,427,125560,0.276068,0.26,1,623090,622663,427
158447121,15.0864,13.0094,431,125560,0.159214,0.24,1,623108,622677,431
158450041,20.6173,17.8019,434,125560,0.231843,0.3,1,623130,622696,434
158452961,7.32346,8.36037,432,125560,0.246369,0.3,1,623134,622702,432
158454821,8.66469,1.67207,441,125560,0.249274,0.27,1,623143,622702,441
158457741,9.73294,15.5344,432,125560,0.241855,0.24,1,623153,622721,432
158460641,9.94659,9.50688,434,125560,0.240371,0.2,1,623163,622729,434
158463561,3.58932,5.10138,432,125560,0.240074,0.2,1,623165,622733,432
158466481,2.31786,1.02028,434,125560,0.264015,0.23,1,623167,622733,434
158468961,6.86357,6.60406,434,125560,0.172803,0.27,1,623175,622741,434
158471881,4.57271,6.12081,432,125560,0.226561,0.21,1,623179,622747,432
158474161,4.91454,8.42416,428,125560,0.237312,0.24,1,623184,622756,428
158477081,11.3829,4.08483,438,125560,0.215462,0.13,1,623197,622759,438
158480001,3.87658,5.61697,434,125560,0.187092,0.13,1,623199,622765,434
158482481,2.37532,2.72339,434,125560,0.149419,0.28,1,623201,622767,434
158485401,7.67506,4.54468,438,125560,0.253884,0.25,1,623210,622772,438
158488321,17.535,6.50894,451,125560,0.210777,0.22,1,623230,622779,451
158491241,5.107,21.3018,428,125560,0.178155,0.18,1,623232,622804,428
158492881,1.8214,5.86036,427,125560,0.155631,0.1,1,623233,622806,427
158495801,12.3643,9.17207,432,125560,0.167126,0.28,1,623248,622816,432
158498081,8.87286,6.63441,434,125560,0.153425,0.23,1,623256,622822,434
158501001,4.97457,4.52688,434,125560,0.158685,0.25,1,623260,622826,434
158503921,6.59491,5.70538,435,125560,0.207737,0.23,1,623267,622832,435
158505781,6.11898,5.94108,435,125560,0.249547,0.26,1,623273,622838,435
158508701,3.6238,3.58822,435,125560,0.201909,0.24,1,623276,622841,435
158511621,2.32476,3.11764,434,125560,0.192382,0.21,1,623278,622844,434
158514101,2.06495,2.22353,434,125560,0.158476,0.18,1,623280,622846,434
158517021,11.613,11.6447,434,125560,0.231695,0.16,1,623294,622860,434
158519941,3.9226,3.92894,434,125560,0.214339,0.12,1,623296,622862,434
158522421,6.38452,2.38579,439,125560,0.194868,0.26,1,623303,622864,439
158525341,6.8769,11.6772,432,125560,0.246974,0.19,1,623310,622878,432
158528261,12.5754,12.7354,433,125560,0.233395,0.18,1,623324,622891,433
158531181,16.1151,20.1471,428,125560,0.206679,0.26,1,623341,622913,428
158534101,13.623,14.4294,428,125560,0.193336,0.26,1,623354,622926,428
158537021,4.3246,4.48588,428,125560,0.166667,0.13,1,623356,622928,428
158539941,12.8649,8.89718,433,125560,0.201333,0.17,1,623371,622938,433
158542861,22.573,3.37944,456,125560,0.104267,0.2,1,623396,622940,456
158545781,8.5146,19.8759,437,125560,0.156853,0.12,1,623401,622964,437
158548001,3.30292,7.17518,435,125560,0.175371,0.22,1,623403,622968,435
158550921,18.2606,22.235,431,125560,0.179074,0.2,1,623425,622994,431
158553841,45.2521,43.647,434,125560,0.147815,0.24,1,623477,623043,434
158556321,10.6504,12.7294,431,125560,0.213563,0.27,1,623479,623048,431
158559241,26.1301,4.94588,458,125560,0.234713,0.27,1,623509,623051,458
158562161,6.82602,20.9892,435,125560,0.238943,0.31,1,623511,623076,435
158565081,7.7652,5.79783,441,125560,0.207789,0.25,1,623519,623078,441
158568001,3.15304,9.15957,433,125560,0.201558,0.28,1,623521,623088,433
158569841,1.43061,3.43191,432,125560,0.224312,0.13,1,623522,623090,432
158572761,33.0861,15.0864,455,125560,0.244862,0.25,1,623563,623108,455
158575681,9.81722,20.6173,437,125560,0.264972,0.25,1,623567,623130,437
158578161,3.56344,7.32346,435,125560,0.268994,0.25,1,623569,623134,435
158581081,14.3127,8.66469,443,125560,0.277799,0.24,1,623586,623143,443
158584001,7.66254,9.73294,439,125560,0.23156,0.24,1,623592,623153,439
158586901,3.13251,9.94659,431,125560,0.222312,0.27,1,623594,623163,431
158589821,2.2265,5.18932,429,125560,0.220462,0.27,1,623596,623167,429
158592741,8.4453,1.03786,439,125560,0.276092,0.15,1,623606,623167,439
158595221,4.88906,6.60757,435,125560,0.223219,0.24,1,623610,623175,435
158598141,4.97781,6.12151,434,125560,0.300644,0.24,1,623615,623181,434
158601061,12.9956,3.6243,446,125560,0.204129,0.21,1,623630,623184,446
158603981,4.19911,11.1249,435,125560,0.216826,0.18,1,623632,623197,435
158606661,2.43982,3.82497,435,125560,0.187365,0.28,1,623634,623199,435
158609581,2.08796,9.56499,426,125560,0.149473,0.28,1,623636,623210,426
158611861,18.0176,1.913,448,125560,0.125895,0.2,1,623658,623210,448
158614781,5.20352,16.3826,430,125560,0.137179,0.17,1,623660,623230,430
158617061,3.4407,4.87652,431,125560,0.211436,0.17,1,623663,623232,431
158619981,11.0881,13.7753,428,125560,0.194287,0.15,1,623676,623248,428
158622901,11.0176,9.15506,431,125560,0.238857,0.16,1,623687,623256,431
158625821,8.60353,5.03101,435,125560,0.175771,0.16,1,623695,623260,435
158627461,2.52071,1.0062,436,125560,0.147154,0.22,1,623696,623260,436
158630381,2.90414,5.80124,432,125560,0.157431,0.26,1,623699,623267,432
158632661,2.98083,5.96025,429,125560,0.111486,0.19,1,623702,623273,429
158635581,2.99617,3.59205,429,125560,0.0622972,0.19,1,623705,623276,429
158637861,13.3992,2.31841,443,125560,0.164459,0.28,1,623721,623278,443
158640781,5.07985,8.46368,436,125560,0.128892,0.25,1,623724,623288,436
158643701,2.61597,6.49274,432,125560,0.121778,0.21,1,623726,623294,432
158646181,9.32319,2.89855,441,125560,0.184356,0.19,1,623737,623296,441
158649101,7.46464,6.17971,441,125560,0.156871,0.26,1,623744,623303,441
158652021,11.0929,6.83594,446,125560,0.223374,0.23,1,623756,623310,446
158654941,15.8186,12.5672,449,125560,0.220675,0.2,1,623773,623324,449
158657861,14.3637,16.1134,446,125560,0.156135,0.19,1,623787,623341,446
158660781,4.47274,13.6227,435,125560,0.151227,0.16,1,623789,623354,435
158662821,7.29455,4.32454,441,125560,0.174245,0.21,1,623797,623356,441
158665741,26.2589,12.8649,457,125560,0.122849,0.08,1,623828,623371,457
158668661,10.8518,22.573,439,125560,0.0325698,0.17,1,623835,623396,439
158670721,3.77036,8.5146,436,125560,0.102514,0.26,1,623837,623401,436
158673641,15.1541,4.90292,450,125560,0.156503,0.18,1,623855,623405,450
158676561,43.8308,16.9806,481,125560,0.143301,0.14,1,623906,623425,481
158679481,10.3662,44.9961,431,125560,0.10866,0.23,1,623908,623477,431
158681121,2.87323,10.5992,430,125560,0.085732,0.24,1,623909,623479,430
158684041,26.1746,26.1198,432,125560,0.161146,0.24,1,623941,623509,432
158686961,6.83493,6.82397,432,125560,0.176229,0.24,1,623943,623511,432
158688821,10.167,1.36479,443,125560,0.187246,0.22,1,623954,623511,443
158691741,3.6334,7.47296,436,125560,0.181449,0.2,1,623956,623520,436
158694661,2.32668,2.29459,437,125560,0.14829,0.25,1,623958,623521,437
158697581,32.4653,34.0589,435,125560,0.093658,0.27,1,623998,623563,435
158700501,9.69307,10.0118,435,125560,0.194732,0.27,1,624002,623567,435
158702341,9.13861,2.00236,444,125560,0.190946,0.28,1,624011,623567,444
158705261,8.22772,15.6005,433,125560,0.206189,0.22,1,624019,623586,433
158708181,8.04554,7.92009,435,125560,0.201238,0.22,1,624027,623592,435
158711101,3.20911,3.18402,435,125560,0.176248,0.22,1,624029,623594,435
158712741,1.44182,0.636804,436,125560,0.18725,0.22,1,624030,623594,436
158715661,9.08836,4.92736,441,125560,0.21345,0.29,1,624041,623600,441
158718581,5.01767,5.78547,439,125560,0.19469,0.21,1,624045,623606,439
158720641,2.60353,4.35709,437,125560,0.166938,0.33,1,624047,623610,437
158723561,3.72071,8.87142,431,125560,0.129388,0.18,1,624051,623620,431
158726481,7.94414,9.77428,430,125560,0.233878,0.22,1,624060,623630,430
158728961,3.18883,3.55486,430,125560,0.230776,0.18,1,624062,623632,430
158731881,7.83777,6.31097,432,125560,0.230155,0.18,1,624071,623639,432
158734801,3.16755,1.26219,434,125560,0.222031,0.12,1,624073,623639,434
158737721,17.4335,15.4524,436,125560,0.148406,0.14,1,624094,623658,436
158740401,5.0867,4.69049,436,125560,0.125681,0.27,1,624096,623660,436
158743321,10.6173,10.5381,436,125560,0.0971363,0.19,1,624108,623672,436
158746241,6.92347,5.30762,438,125560,0.147427,0.25,1,624114,623676,438
158749161,5.38469,9.86152,432,125560,0.197485,0.16,1,624119,623687,432
158752081,7.47694,8.3723,432,125560,0.183497,0.16,1,624127,623695,432
158755001,7.89539,4.87446,436,125560,0.116699,0.1,1,624135,623699,436
158757921,3.17908,3.37489,435,125560,0.15934,0.1,1,624137,623702,435
158759541,1.43582,0.674978,436,125560,0.183868,0.05,1,624138,623702,436
158762461,12.2872,2.535,448,125560,0.196774,0.12,1,624153,623705,448
158765381,4.05743,15.707,431,125560,0.191355,0.12,1,624155,623724,431
158767861,5.61149,4.7414,435,125560,0.198271,0.2,1,624161,623726,435
158770781,9.9223,9.74828,435,125560,0.191654,0.15,1,624172,623737,435
158773701,6.78446,7.54966,434,125560,0.206331,0.24,1,624178,623744,434
158776621,6.15689,11.1099,428,125560,0.217266,0.22,1,624184,623756,428
158779541,15.6314,15.822,429,125560,0.163453,0.14,1,624202,623773,429
158782461,15.1263,14.3644,430,125560,0.240691,0.15,1,624217,623787,430
158785121,4.62525,4.47288,430,125560,0.224138,0.21,1,624219,623789,430
158788041,8.92505,8.89458,430,125560,0.132828,0.11,1,624229,623799,430
158790961,21.785,24.9789,426,125560,0.146566,0.01,1,624254,623828,426
158793441,9.957,10.5958,426,125560,0.165313,0.12,1,624261,623835,426
158796361,16.3914,3.71916,442,125560,0.185063,0.17,1,624279,623837,442
158799281,49.6783,15.1438,482,125560,0.245013,0.14,1,624337,623855,482
158802201,11.5357,43.8288,433,125560,0.265002,0.1,1,624339,623906,433
158803841,3.10713,10.3658,432,125560,0.253,0.23,1,624340,623908,432
158806761,24.6214,7.67315,455,125560,0.2266,0.18,1,624370,623915,455
158809681,6.52428,22.3346,431,125560,0.19732,0.18,1,624372,623941,431
158812161,2.90486,6.06693,431,125560,0.207464,0.19,1,624374,623943,431
158815081,11.781,10.0134,434,125560,0.201493,0.18,1,624388,623954,434
158817361,3.95619,3.60268,434,125560,0.232299,0.17,1,624390,623956,434
158820281,30.3912,7.12054,463,125560,0.19846,0.08,1,624427,623964,463
158823201,10.0782,28.6241,434,125560,0.191692,0.22,1,624432,623998,434
158825681,3.61565,8.92482,432,125560,0.246338,0.19,1,624434,624002,432
158828601,11.9231,8.98496,437,125560,0.225268,0.21,1,624448,624011,437
158831521,7.98463,8.19699,436,125560,0.229054,0.2,1,624455,624019,436
158834421,3.99693,8.0394,431,125560,0.229811,0.19,1,624458,624027,431
158837341,3.99939,4.00788,432,125560,0.245962,0.22,1,624462,624030,432
158840261,6.39988,9.60158,428,125560,0.217192,0.19,1,624469,624041,428
158843181,6.07998,5.12032,430,125560,0.163438,0.16,1,624475,624045,430
158846101,6.016,2.62406,434,125560,0.264688,0.12,1,624481,624047,434
158847941,5.2032,3.72481,435,125560,0.292938,0.26,1,624486,624051,435
158850861,5.84064,7.94496,432,125560,0.178588,0.23,1,624492,624060,432
158853761,2.76813,3.18899,432,125560,0.187717,0.23,1,624494,624062,432
158856681,2.15363,7.8378,425,125560,0.189544,0.22,1,624496,624071,425
158859601,2.03073,3.16756,425,125560,0.253909,0.22,1,624498,624073,425
158861461,17.2061,0.633512,446,125560,0.138782,0.13,1,624519,624073,446
158864381,5.04123,16.9267,427,125560,0.123756,0.12,1,624521,624094,427
158866661,14.6082,4.98534,442,125560,0.224751,0.09,1,624538,624096,442
158869581,6.12165,10.5971,434,125560,0.22095,0.16,1,624542,624108,434
158871441,2.02433,6.91941,429,125560,0.20419,0.2,1,624543,624114,429
158874361,6.00487,6.98388,429,125560,0.272838,0.18,1,624550,624121,429
158877281,7.60097,6.19678,431,125560,0.294568,0.1,1,624558,624127,431
158880201,4.72019,7.63936,427,125560,0.274914,0.17,1,624562,624135,427
158882881,2.54404,3.12787,427,125560,0.238983,0.14,1,624564,624137,427
158885801,14.9088,5.42557,439,125560,0.287797,0.2,1,624582,624143,439
158888721,4.58176,9.08511,431,125560,0.321559,0.19,1,624584,624153,431
158891621,10.5164,3.41702,441,125560,0.304312,0.15,1,624596,624155,441
158894541,6.90327,10.2834,435,125560,0.268862,0.19,1,624602,624167,435
158897461,7.78065,6.05668,438,125560,0.277772,0.21,1,624610,624172,438
158899941,7.95613,6.01134,440,125560,0.279554,0.27,1,624618,624178,440
158902861,15.1912,9.20227,447,125560,0.263911,0.15,1,624635,624188,447
158905781,9.43825,13.0405,441,125560,0.284782,0.26,1,624643,624202,441
158908701,3.48765,14.6081,428,125560,0.320956,0.22,1,624645,624217,428
158911381,12.6975,4.52162,441,125560,0.312191,0.11,1,624660,624219,441
158914301,20.1395,8.90432,453,125560,0.254438,0.15,1,624682,624229,453
158917221,12.0279,21.7809,438,125560,0.298888,0.17,1,624692,624254,438
158919701,16.8056,9.95617,449,125560,0.251778,0.19,1,624710,624261,449
158922621,45.7611,16.3912,484,125560,0.282356,0.26,1,624763,624279,484
158925541,10.7522,49.6782,428,125560,0.344471,0.27,1,624765,624337,428
158928021,4.55044,11.5356,429,125560,0.348894,0.22,1,624768,624339,429
158930941,28.1101,27.1071,432,125560,0.437779,0.19,1,624802,624370,432
158933861,8.82202,7.02143,434,125560,0.463556,0.19,1,624806,624372,434
158936341,5.7644,1.40429,439,125560,0.388711,0.2,1,624811,624372,439
158939261,5.15288,13.0809,428,125560,0.341742,0.24,1,624816,624388,428
158942181,6.63058,4.21617,433,125560,0.404348,0.19,1,624823,624390,433
158945101,31.7261,30.4432,434,125560,0.36087,0.19,1,624861,624427,434
158948021,9.54522,10.0886,433,125560,0.400174,0.19,1,624865,624432,433
158949861,2.70904,2.01773,434,125560,0.384035,0.22,1,624866,624432,434
158952781,13.3418,13.2035,434,125560,0.396807,0.22,1,624882,624448,434
158955061,5.86836,2.64071,438,125560,0.431361,0.23,1,624886,624448,438
158957981,4.37367,6.12814,435,125560,0.406272,0.23,1,624890,624455,435
158960261,5.67473,3.62563,438,125560,0.369254,0.21,1,624896,624458,438
158963181,5.93495,7.12513,436,125560,0.305851,0.21,1,624902,624466,436
158966101,5.98699,3.82503,439,125560,0.35717,0.15,1,624908,624469,439
158968161,2.7974,5.56501,435,125560,0.343434,0.26,1,624910,624475,435
158971081,3.75948,7.513,431,125560,0.308687,0.3,1,624914,624483,431
158974001,7.1519,3.9026,436,125560,0.317737,0.15,1,624922,624486,436
158976921,3.03038,5.58052,432,125560,0.335547,0.19,1,624924,624492,432
158978561,1.40608,2.7161,431,125560,0.37911,0.23,1,624925,624494,431
158981481,5.08122,5.34322,431,125560,0.331822,0.23,1,624931,624500,431
158984401,2.61624,1.06864,433,125560,0.330364,0.11,1,624933,624500,433
158987321,15.7232,15.4137,433,125560,0.322073,0.12,1,624952,624519,433
158990241,19.1446,4.68275,451,125560,0.368415,0.25,1,624972,624521,451
158993161,7.02893,14.5365,438,125560,0.297683,0.22,1,624976,624538,438
158995201,3.00579,6.10731,436,125560,0.323537,0.31,1,624978,624542,436
158998121,5.40116,6.82146,435,125560,0.368707,0.29,1,624984,624549,435
159001041,4.28023,2.16429,438,125560,0.385741,0.3,1,624988,624550,438
159003961,8.85605,6.83286,440,125560,0.325148,0.27,1,624998,624558,440
159006021,3.37121,4.56657,438,125560,0.39303,0.23,1,625000,624562,438
159008941,11.8742,2.51331,450,125560,0.350606,0.3,1,625014,624564,450
159011861,7.17485,14.9027,438,125560,0.374121,0.33,1,625020,624582,438
159013921,3.03497,4.58053,438,125560,0.338824,0.3,1,625022,624584,438
159016841,7.00699,10.5161,434,125560,0.315765,0.26,1,625030,624596,434
159019121,7.8014,6.90322,436,125560,0.351153,0.28,1,625038,624602,436
159022041,7.96028,7.78064,436,125560,0.382231,0.28,1,625046,624610,436
159024961,11.1921,7.95613,440,125560,0.388446,0.26,1,625058,624618,440
159027881,15.0384,15.1912,439,125560,0.333689,0.29,1,625074,624635,439
159030801,9.40768,9.43825,439,125560,0.258738,0.33,1,625082,624643,439
159033681,3.48154,3.48765,439,125560,0.291748,0.31,1,625084,624645,439
159036601,12.6963,12.6975,439,125560,0.34635,0.24,1,625099,624660,439
159039521,18.5393,20.1395,437,125560,0.32527,0.31,1,625119,624682,437
159042001,13.3079,12.0279,439,125560,0.153054,0.24,1,625131,624692,439
159044921,17.8616,16.8056,440,125560,0.286611,0.29,1,625150,624710,440
159047841,45.1723,45.7611,439,125560,0.241322,0.36,1,625202,624763,439
159050321,10.6345,10.7522,439,125560,0.256264,0.35,1,625204,624765,439
159053241,6.12689,4.55044,441,125560,0.331253,0.46,1,625209,624768,441
159056161,28.4254,28.1101,441,125560,0.298251,0.47,1,625243,624802,441
159058641,7.28508,8.82202,439,125560,0.25965,0.37,1,625245,624806,439
159061561,6.25702,5.7644,440,125560,0.28393,0.33,1,625251,624811,440
159064481,7.6514,5.15288,443,125560,0.280786,0.42,1,625259,624816,443
159067401,3.13028,6.63058,438,125560,0.280157,0.35,1,625261,624823,438
159070321,31.8261,31.7261,439,125560,0.176031,0.41,1,625300,624861,439
159073201,12.7652,9.54522,443,125560,0.147206,0.34,1,625308,624865,443
159076121,13.753,5.90904,452,125560,0.237441,0.4,1,625322,624870,452
159079041,5.95061,10.7818,444,125560,0.279488,0.44,1,625326,624882,444
159081941,4.39012,5.35636,444,125560,0.247898,0.4,1,625330,624886,444
159084861,6.47802,5.87127,445,125560,0.28158,0.29,1,625337,624892,445
159087781,3.6956,9.17425,438,125560,0.248316,0.37,1,625340,624902,438
159090261,8.73912,6.63485,442,125560,0.233663,0.34,1,625350,624908,442
159093181,3.34782,4.52697,440,125560,0.238733,0.3,1,625352,624912,440
159096101,3.86956,2.50539,442,125560,0.239747,0.32,1,625356,624914,442
159099021,3.97391,6.90108,438,125560,0.279949,0.32,1,625360,624922,438
159100661,1.59478,1.38022,439,125560,0.26399,0.34,1,625361,624922,439
159103581,1.91896,1.87604,439,125560,0.292798,0.32,1,625363,624924,439
159105861,7.58379,5.97521,441,125560,0.28256,0.41,1,625372,624931,441
159108781,3.11676,5.99504,437,125560,0.288512,0.32,1,625374,624937,437
159111701,9.42335,13.199,433,125560,0.281702,0.38,1,625385,624952,433
159114621,21.8847,18.6398,438,125560,0.11234,0.28,1,625410,624972,438
159117541,10.7769,6.92796,442,125560,0.238468,0.28,1,625418,624976,442
159119381,3.75539,1.38559,444,125560,0.231694,0.38,1,625420,624976,444
159122301,3.15108,6.67712,439,125560,0.214339,0.39,1,625423,624984,439
159125221,3.83022,4.53542,439,125560,0.282868,0.39,1,625427,624988,439
159127701,5.56604,0.907085,445,125560,0.272574,0.31,1,625433,624988,445
159130621,2.71321,8.18142,437,125560,0.278515,0.34,1,625435,624998,437
159133541,16.5426,14.4363,441,125560,0.207703,0.38,1,625455,625014,441
159136461,6.50853,7.68726,439,125560,0.249541,0.38,1,625459,625020,439
159138101,2.90171,1.53745,441,125560,0.217908,0.31,1,625461,625020,441
159141021,6.18034,8.30749,438,125560,0.171582,0.36,1,625468,625030,438
159143941,8.43607,8.0615,439,125560,0.210316,0.39,1,625477,625038,439
159146861,8.88721,8.0123,440,125560,0.210063,0.39,1,625486,625046,440
159149781,9.77744,11.2025,438,125560,0.258013,0.32,1,625496,625058,438
159152701,13.9555,15.0405,437,125560,0.267603,0.24,1,625511,625074,437
159155361,10.7911,9.4081,439,125560,0.213521,0.3,1,625521,625082,439
159158281,3.75822,3.48162,439,125560,0.306704,0.36,1,625523,625084,439
159161201,7.15164,12.6963,432,125560,0.277341,0.32,1,625531,625099,432
159164121,13.4303,18.5393,427,125560,0.231468,0.11,1,625546,625119,427
159167041,19.4861,13.3079,436,125560,0.222294,0.32,1,625567,625131,436
159169961,18.2972,17.8616,435,125560,0.276459,0.23,1,625585,625150,435
159172881,46.0594,45.1723,436,125560,0.303292,0.26,1,625638,625202,436
159175121,10.8119,10.6345,436,125560,0.300658,0.28,1,625640,625204,436
159178041,6.96238,11.7269,430,125560,0.292132,0.29,1,625646,625216,430
159180961,26.9925,23.9454,435,125560,0.322426,0.25,1,625678,625243,435
159183441,8.59849,6.38908,437,125560,0.304485,0.29,1,625682,625245,437
159186361,6.5197,6.07782,437,125560,0.236897,0.28,1,625688,625251,437
159189281,6.10394,7.61556,435,125560,0.295379,0.28,1,625694,625259,435
159191141,2.02079,1.52311,436,125560,0.291076,0.31,1,625695,625259,436
159194061,26.0042,2.70462,465,125560,0.258215,0.15,1,625727,625262,465
159196981,14.8008,30.9409,439,125560,0.299643,0.14,1,625739,625300,439
159199901,17.3602,12.5882,449,125560,0.291929,0.26,1,625757,625308,449
159202821,6.67203,13.7176,439,125560,0.266386,0.29,1,625761,625322,439
159205741,3.73441,5.94353,438,125560,0.245277,0.24,1,625764,625326,438
159207781,5.54688,4.38871,440,125560,0.297055,0.29,1,625770,625330,440
159210701,3.50938,6.47774,436,125560,0.291411,0.24,1,625773,625337,436
159212561,1.50188,3.69555,434,125560,0.274282,0.24,1,625774,625340,434
159215481,9.90038,10.3391,434,125560,0.230856,0.24,1,625786,625352,434
159218401,3.58007,2.06782,436,125560,0.294171,0.24,1,625788,625352,436
159220881,2.31601,3.61356,434,125560,0.290834,0.29,1,625790,625356,434
159223801,5.2632,3.92271,436,125560,0.234167,0.26,1,625796,625360,436
159226721,2.65264,1.58454,437,125560,0.222833,0.3,1,625798,625361,437
159229641,6.93053,1.91691,443,125560,0.244567,0.28,1,625806,625363,443
159231281,2.18611,7.58338,435,125560,0.232913,0.29,1,625807,625372,435
159234201,2.03722,3.11668,435,125560,0.198583,0.28,1,625809,625374,435
159237121,5.20744,9.42334,430,125560,0.223717,0.07,1,625815,625385,430
159240041,23.4415,21.8847,433,125560,0.164743,0.27,1,625843,625410,433
159242721,13.4883,10.7769,436,125560,0.192949,0.23,1,625854,625418,436
159245641,5.89766,3.75539,438,125560,0.28659,0.21,1,625858,625420,438
159248561,2.77953,3.15108,437,125560,0.273318,0.3,1,625860,625423,437
159251481,3.75591,3.83022,437,125560,0.214664,0.27,1,625864,625427,437
159253121,1.55118,5.56604,432,125560,0.218933,0.25,1,625865,625433,432
159256041,3.51024,3.51321,433,125560,0.315787,0.19,1,625869,625436,433
159258961,14.302,15.9026,431,125560,0.263157,0.26,1,625886,625455,431
159261441,8.46041,6.38053,434,125560,0.228631,0.18,1,625893,625459,434
159264361,8.09208,7.67611,434,125560,0.269726,0.16,1,625901,625467,434
159267281,7.21842,2.33522,440,125560,0.277945,0.22,1,625908,625468,440
159270201,11.0437,7.66704,443,125560,0.335589,0.21,1,625920,625477,443
159271841,3.00874,8.73341,435,125560,0.331118,0.27,1,625921,625486,435
159274761,8.60175,9.74668,435,125560,0.290224,0.27,1,625931,625496,435
159277681,9.72035,13.9493,430,125560,0.282045,0.2,1,625941,625511,430
159280601,14.7441,10.7899,436,125560,0.288409,0.33,1,625957,625521,436
159283281,4.54881,3.75797,436,125560,0.257682,0.32,1,625959,625523,436
159286201,8.90976,11.1516,433,125560,0.315536,0.22,1,625969,625536,433
159289121,11.382,10.2303,435,125560,0.327107,0.22,1,625981,625546,435
159292041,11.0764,18.8461,425,125560,0.337421,0.29,1,625992,625567,425
159294961,22.2153,18.1692,432,125560,0.307484,0.31,1,626017,625585,432
159297881,50.0431,46.0338,436,125560,0.301497,0.3,1,626074,625638,436
159300801,13.2086,10.8068,438,125560,0.252299,0.29,1,626078,625640,438
159303721,28.2417,6.96135,464,125560,0.26646,0.33,1,626110,625646,464
159306641,9.64834,26.9923,437,125560,0.285292,0.3,1,626115,625678,437
159308241,2.72967,8.59845,434,125560,0.305058,0.29,1,626116,625682,434
159311161,8.54593,8.91969,435,125560,0.301012,0.31,1,626126,625691,435
159314081,3.30919,4.18394,434,125560,0.300202,0.29,1,626128,625694,434
159316561,2.26184,1.63679,435,125560,0.30804,0.25,1,626130,625695,435
159319481,27.6524,25.9274,437,125560,0.237608,0.31,1,626164,625727,437
159322401,13.5305,14.7855,435,125560,0.295522,0.29,1,626174,625739,435
159325321,18.7061,17.3571,437,125560,0.363104,0.26,1,626194,625757,437
159328001,6.94122,6.67142,437,125560,0.360621,0.24,1,626198,625761,437
159330921,4.58824,3.73428,438,125560,0.320124,0.31,1,626202,625764,438
159333201,5.71765,5.54686,438,125560,0.344025,0.32,1,626208,625770,438
159336121,5.94353,6.70937,437,125560,0.356805,0.32,1,626214,625777,437
159339041,4.38871,1.34187,441,125560,0.335361,0.22,1,626218,625777,441
159341961,2.47774,7.46838,434,125560,0.331072,0.31,1,626220,625786,434
159343601,1.29555,3.09367,433,125560,0.338214,0.32,1,626221,625788,433
159346521,9.05911,10.2187,432,125560,0.291643,0.32,1,626232,625800,432
159349441,3.41182,2.04375,434,125560,0.282329,0.32,1,626234,625800,434
159352361,5.48236,0.408749,440,125560,0.272466,0.25,1,626240,625800,440
159355281,2.69647,4.88175,436,125560,0.326493,0.23,1,626242,625806,436
159357121,1.33929,1.77635,436,125560,0.353299,0.23,1,626243,625807,436
159360041,3.46786,6.75527,432,125560,0.39066,0.23,1,626247,625815,432
159362961,21.4936,1.35105,458,125560,0.294132,0.15,1,626273,625815,458
159365881,13.0987,22.6702,441,125560,0.322826,0.2,1,626284,625843,441
159368801,6.61974,13.334,435,125560,0.328565,0.31,1,626289,625854,435
159370641,2.92395,5.86681,433,125560,0.305713,0.26,1,626291,625858,433
159373561,5.38479,3.57336,436,125560,0.269143,0.2,1,626297,625861,436
159376481,4.27696,3.11467,437,125560,0.309829,0.22,1,626301,625864,437
159379401,2.45539,1.42293,438,125560,0.285966,0.34,1,626303,625865,438
159382321,12.4911,3.48459,449,125560,0.369193,0.25,1,626318,625869,449
159385241,9.69822,14.2969,441,125560,0.377839,0.22,1,626327,625886,441
159387701,8.33964,8.45938,442,125560,0.355568,0.28,1,626335,625893,442
159390621,7.26793,8.09188,441,125560,0.335114,0.28,1,626342,625901,441
159392481,3.05359,7.21838,436,125560,0.331023,0.35,1,626344,625908,436
159395401,8.61072,11.0437,434,125560,0.362205,0.33,1,626354,625920,434
159398321,11.3221,3.00873,445,125560,0.368441,0.28,1,626366,625921,445
159401241,11.0644,8.60175,446,125560,0.369688,0.28,1,626377,625931,446
159404161,15.8129,9.72035,453,125560,0.353938,0.29,1,626394,625941,453
159407081,4.76258,14.7441,439,125560,0.326788,0.25,1,626396,625957,439
159409541,8.95252,4.54881,447,125560,0.273358,0.33,1,626406,625959,447
159412461,11.3905,8.90976,449,125560,0.350671,0.33,1,626418,625969,449
159415381,8.6781,11.382,445,125560,0.334134,0.34,1,626426,625981,445
159417861,23.3356,11.0764,461,125560,0.338827,0.3,1,626453,625992,461
159420781,51.0671,22.2153,494,125560,0.315765,0.3,1,626511,626017,494
159423701,13.4134,50.0431,441,125560,0.375153,0.24,1,626515,626074,441
159425761,4.28268,13.2086,439,125560,0.355031,0.27,1,626517,626078,439
159428681,25.6565,28.2417,438,125560,0.247006,0.29,1,626548,626110,438
159430961,8.33131,9.64834,437,125560,0.345401,0.36,1,626552,626115,437
159433881,13.6663,6.72967,446,125560,0.34908,0.3,1,626567,626121,446
159436801,4.33325,5.34593,443,125560,0.317816,0.3,1,626569,626126,443
159439281,2.46665,2.66919,443,125560,0.319563,0.4,1,626571,626128,443
159442201,22.8933,7.73384,462,125560,0.263913,0.22,1,626599,626137,462
159445121,11.7787,23.1468,444,125560,0.292783,0.31,1,626608,626164,444
159448041,19.1557,12.6294,455,125560,0.330557,0.38,1,626629,626174,455
159450961,10.2311,18.5259,443,125560,0.338111,0.36,1,626637,626194,443
159453881,5.24623,6.90517,443,125560,0.347622,0.31,1,626641,626198,443
159455921,2.64925,4.58103,441,125560,0.349524,0.36,1,626643,626202,441
159458841,6.92985,10.5162,437,125560,0.285905,0.36,1,626651,626214,437
159461761,4.58597,2.10324,441,125560,0.361181,0.33,1,626655,626214,441
159464241,2.51719,3.62065,439,125560,0.384236,0.34,1,626657,626218,439
159467161,3.70344,5.52413,437,125560,0.324847,0.34,1,626661,626224,437
159470081,8.74069,1.10483,447,125560,0.312969,0.28,1,626671,626224,447
159473001,3.34814,6.62097,441,125560,0.278594,0.28,1,626673,626232,441
159474641,1.46963,2.92419,440,125560,0.279719,0.36,1,626674,626234,440
159477561,5.09393,7.78484,437,125560,0.279944,0.36,1,626680,626243,437
159480481,2.61879,1.55697,439,125560,0.303989,0.36,1,626682,626243,439
159483401,3.72376,0.311394,443,125560,0.260798,0.4,1,626686,626243,443
159486321,19.1448,3.26228,462,125560,0.30816,0.27,1,626709,626247,462
159489241,10.229,21.4525,444,125560,0.261632,0.33,1,626717,626273,444
159492161,6.04579,13.0905,438,125560,0.268326,0.33,1,626722,626284,438
159494821,10.0092,6.6181,444,125560,0.301665,0.26,1,626733,626289,444
159497741,3.60183,7.72362,438,125560,0.276333,0.32,1,626735,626297,438
159500661,5.52037,4.74472,440,125560,0.215267,0.32,1,626741,626301,440
159503141,2.70407,0.948945,442,125560,0.171053,0.28,1,626743,626301,442
159506061,11.7408,1.78979,454,125560,0.218211,0.39,1,626757,626303,454
159508981,7.14816,12.358,445,125560,0.283642,0.38,1,626763,626318,445
159511461,7.82963,9.67159,444,125560,0.272728,0.35,1,626771,626327,444
159514381,8.76593,8.33432,445,125560,0.262546,0.33,1,626780,626335,445
159516241,3.35319,7.26686,440,125560,0.260509,0.42,1,626782,626342,440
159519161,5.47064,4.65337,442,125560,0.372102,0.37,1,626788,626346,442
159522081,14.6941,7.33067,451,125560,0.28242,0.37,1,626805,626354,451
159525001,10.1388,11.0661,448,125560,0.320484,0.37,1,626814,626366,448
159527921,13.2278,11.0132,451,125560,0.328097,0.35,1,626828,626377,451
159530841,4.24555,15.8026,436,125560,0.329619,0.32,1,626830,626394,436
159533301,13.6491,4.76053,450,125560,0.281924,0.26,1,626846,626396,450
159536221,9.12982,8.95211,448,125560,0.328385,0.37,1,626854,626406,448
159539141,9.02596,11.3904,445,125560,0.353677,0.33,1,626863,626418,445
159541621,22.6052,8.67808,463,125560,0.326735,0.34,1,626889,626426,463
159544541,50.121,23.3356,493,125560,0.265347,0.31,1,626946,626453,493
159547461,14.0242,51.0671,440,125560,0.317069,0.39,1,626951,626511,440
159549941,9.20484,13.4134,444,125560,0.239414,0.22,1,626959,626515,444
159552861,22.641,29.0827,437,125560,0.295883,0.37,1,626985,626548,437
159555781,6.12819,9.01654,435,125560,0.275177,0.35,1,626987,626552,435
159558701,14.0256,13.8033,436,125560,0.319035,0.31,1,627003,626567,436
159561621,4.40513,4.36066,436,125560,0.335807,0.32,1,627005,626569,436
159564081,2.48103,2.47213,436,125560,0.339161,0.25,1,627007,626571,436
159567001,23.6962,22.8944,437,125560,0.283832,0.3,1,627036,626599,437
159569921,10.3392,11.7789,435,125560,0.232766,0.34,1,627043,626608,435
159572841,22.8678,19.1558,440,125560,0.230553,0.34,1,627069,626629,440
159575521,7.77357,10.2312,436,125560,0.310111,0.35,1,627073,626637,436
159578441,4.75471,5.24623,436,125560,0.350022,0.35,1,627077,626641,436
159581361,2.55094,2.64925,436,125560,0.326004,0.27,1,627079,626643,436
159584281,8.51019,6.92985,438,125560,0.289201,0.38,1,627089,626651,438
159587201,4.90204,4.58597,438,125560,0.32184,0.39,1,627093,626655,438
159589041,1.78041,2.51719,437,125560,0.312368,0.31,1,627094,626657,437
159591961,8.35608,10.1034,435,125560,0.342474,0.31,1,627104,626669,435
159594881,4.87122,3.62069,437,125560,0.340495,0.27,1,627108,626671,437
159597361,2.57424,2.32414,437,125560,0.324099,0.31,1,627110,626673,437
159600281,6.91485,7.66483,436,125560,0.22482,0.31,1,627118,626682,436
159603201,2.98297,1.53297,438,125560,0.204964,0.31,1,627120,626682,438
159606121,2.19659,0.306593,440,125560,0.304993,0.25,1,627122,626682,440
159607761,1.23932,3.26132,437,125560,0.316999,0.32,1,627123,626686,437
159610681,16.2479,19.0523,434,125560,0.3034,0.25,1,627143,626709,434
159613601,11.2496,10.2105,436,125560,0.18868,0.27,1,627153,626717,436
159616521,7.04991,6.04209,437,125560,0.277736,0.31,1,627159,626722,437
159619441,4.60998,10.0084,430,125560,0.295547,0.27,1,627163,626733,430
159622321,3.322,3.60168,431,125560,0.283109,0.28,1,627166,626735,431
159625241,17.4644,12.7203,437,125560,0.344622,0.28,1,627187,626750,437
159628161,5.09288,2.54407,439,125560,0.364924,0.23,1,627189,626750,439
159631081,5.81858,6.10881,438,125560,0.320985,0.3,1,627195,626757,438
159633761,2.76372,6.02176,434,125560,0.304197,0.27,1,627197,626763,434
159636681,6.95274,7.60435,434,125560,0.244839,0.26,1,627205,626771,434
159639601,13.3905,8.72087,440,125560,0.240968,0.26,1,627220,626780,440
159642081,9.07811,3.34417,446,125560,0.184194,0.4,1,627228,626782,446
159645001,13.0156,10.2688,448,125560,0.268839,0.26,1,627242,626794,448
159647921,9.80312,10.8538,446,125560,0.301768,0.33,1,627251,626805,446
159650841,13.9606,9.37075,452,125560,0.292354,0.33,1,627266,626814,452
159653761,4.39212,13.0742,440,125560,0.298471,0.33,1,627268,626828,440
159655601,1.67842,4.21483,439,125560,0.315694,0.27,1,627269,626830,439
159658521,13.1357,13.643,439,125560,0.255139,0.34,1,627285,626846,439
159661441,9.02714,9.12859,439,125560,0.339028,0.36,1,627293,626854,439
159664361,9.00543,9.02572,439,125560,0.323806,0.32,1,627302,626863,439
159667281,63.4011,22.6051,490,125560,0.296761,0.25,1,627379,626889,490
159670201,15.8802,50.121,437,125560,0.227352,0.33,1,627383,626946,437
159672241,4.77604,14.0242,434,125560,0.18947,0.22,1,627385,626951,434
159675161,9.75521,9.20484,437,125560,0.253894,0.31,1,627396,626959,437
159678081,23.551,22.641,438,125560,0.346779,0.27,1,627423,626985,438
159680561,6.31021,6.12819,438,125560,0.333356,0.33,1,627425,626987,438
159683481,9.26204,14.0256,432,125560,0.234671,0.34,1,627435,627003,432
159686401,5.05241,4.40513,434,125560,0.334934,0.34,1,627439,627005,434
159688261,5.81048,0.881025,440,125560,0.298987,0.27,1,627445,627005,440
159691181,19.5621,24.9762,432,125560,0.347797,0.22,1,627468,627036,432
159694101,13.5124,10.5952,437,125560,0.285559,0.22,1,627480,627043,437
159696581,24.3025,2.11905,464,125560,0.257112,0.23,1,627507,627043,464
159699501,8.0605,21.2238,442,125560,0.195422,0.33,1,627511,627069,442
159701781,5.6121,7.44476,443,125560,0.263084,0.37,1,627516,627073,443
159704701,3.52242,7.88895,438,125560,0.260617,0.37,1,627519,627081,438
159707621,3.90448,1.57779,442,125560,0.260123,0.28,1,627523,627081,442
159710541,7.1809,6.71556,442,125560,0.292025,0.33,1,627531,627089,442
159713221,3.03618,4.54311,440,125560,0.298405,0.35,1,627533,627093,440
159716141,5.40724,9.70862,435,125560,0.267681,0.34,1,627539,627104,435
159719061,2.68145,5.14172,433,125560,0.221536,0.32,1,627541,627108,433
159721981,3.73629,2.62834,435,125560,0.244307,0.32,1,627545,627110,435
159723621,6.34726,0.525669,442,125560,0.240861,0.2,1,627552,627110,442
159726541,2.86945,6.50513,436,125560,0.208172,0.2,1,627554,627118,436
159729461,5.37389,2.90103,440,125560,0.217634,0.33,1,627560,627120,440
159731941,5.07478,2.18021,443,125560,0.227527,0.3,1,627565,627122,443
159734861,7.41496,17.236,430,125560,0.237505,0.16,1,627573,627143,430
159737781,15.883,11.4472,438,125560,0.239501,0.3,1,627591,627153,438
159740701,9.5766,7.08944,440,125560,0.2479,0.3,1,627599,627159,440
159742341,2.71532,1.41789,441,125560,0.23358,0.3,1,627600,627159,441
159745261,2.14306,3.48358,439,125560,0.222716,0.28,1,627602,627163,439
159747121,1.22861,3.09672,437,125560,0.236543,0.36,1,627603,627166,437
159750041,17.0457,17.4193,437,125560,0.263309,0.37,1,627624,627187,437
159752961,5.00914,5.08387,437,125560,0.268662,0.37,1,627626,627189,437
159754821,1.80183,1.01677,438,125560,0.293732,0.31,1,627627,627189,438
159757741,1.96037,5.00335,434,125560,0.298746,0.3,1,627629,627195,434
159760021,9.19207,2.60067,443,125560,0.315749,0.23,1,627640,627197,443
159762941,8.23841,6.92013,443,125560,0.21515,0.24,1,627648,627205,443
159765861,14.4477,13.384,444,125560,0.21903,0.17,1,627664,627220,444
159768781,14.0895,9.07681,450,125560,0.291806,0.29,1,627678,627228,450
159771701,9.21791,13.0154,444,125560,0.242361,0.31,1,627686,627242,444
159774621,13.0436,9.80307,449,125560,0.264472,0.29,1,627700,627251,449
159777541,4.20872,13.9606,436,125560,0.268894,0.3,1,627702,627266,436
159779781,8.84174,4.39212,444,125560,0.301779,0.24,1,627712,627268,444
159782701,11.3683,14.4784,439,125560,0.332356,0.36,1,627724,627285,439
159785621,7.07367,9.29568,437,125560,0.250471,0.32,1,627730,627293,437
159788541,4.61473,9.05914,432,125560,0.298094,0.29,1,627734,627302,432
159791461,65.7229,63.4118,436,125560,0.307619,0.21,1,627815,627379,436
159794381,16.3446,15.8824,436,125560,0.333524,0.21,1,627819,627383,436
159796421,4.86892,3.17647,438,125560,0.306705,0.27,1,627821,627383,438
159799341,7.37378,11.0353,433,125560,0.349341,0.37,1,627829,627396,433
159802261,22.2748,23.8071,432,125560,0.389868,0.33,1,627855,627423,432
159805181,6.05495,6.36141,432,125560,0.365974,0.33,1,627857,627425,432
159806821,13.211,1.27228,447,125560,0.409195,0.26,1,627872,627425,447
159809741,5.0422,9.85446,438,125560,0.369839,0.36,1,627875,627437,438
159812661,4.20844,3.57089,440,125560,0.361968,0.36,1,627879,627439,440
159815581,20.8417,23.9142,436,125560,0.384394,0.27,1,627904,627468,436
159818501,12.1683,14.3828,434,125560,0.380879,0.25,1,627914,627480,434
159821421,24.0337,24.4766,434,125560,0.340176,0.18,1,627941,627507,434
159824341,8.00673,8.09531,434,125560,0.268035,0.28,1,627945,627511,434
159827261,8.00135,5.61906,437,125560,0.245607,0.26,1,627953,627516,437
159830181,3.20027,3.52381,436,125560,0.241121,0.26,1,627955,627519,436
159831781,4.64005,3.90476,437,125560,0.344224,0.3,1,627960,627523,437
159834701,2.52801,7.18095,431,125560,0.332845,0.3,1,627962,627531,431
159837621,2.1056,3.03619,431,125560,0.370569,0.3,1,627964,627533,431
159840101,6.82112,0.607238,439,125560,0.394114,0.26,1,627972,627533,439
159843021,2.96422,4.92145,435,125560,0.406823,0.21,1,627974,627539,435
159845301,7.79285,2.58429,442,125560,0.345365,0.2,1,627983,627541,442
159848221,3.15857,10.9169,431,125560,0.309073,0.2,1,627985,627554,431
159851141,2.23171,2.18337,433,125560,0.301815,0.22,1,627987,627554,433
159854061,3.64634,5.23667,431,125560,0.356363,0.22,1,627991,627560,431
159855701,4.72927,1.04733,436,125560,0.407273,0.23,1,627996,627560,436
159858621,7.34585,4.20947,439,125560,0.425455,0.24,1,628004,627565,439
159861541,15.8692,7.24189,449,125560,0.309091,0.24,1,628022,627573,449
159864461,6.37383,15.8484,435,125560,0.229818,0.25,1,628026,627591,435
159867141,6.07477,9.56968,433,125560,0.125964,0.22,1,628032,627599,433
159870061,2.81495,4.31394,432,125560,0.225193,0.24,1,628034,627602,432
159872981,18.963,1.66279,454,125560,0.173039,0.27,1,628057,627603,454
159875901,5.3926,17.1326,435,125560,0.282608,0.27,1,628059,627624,435
159878161,2.67852,5.02651,435,125560,0.304522,0.3,1,628061,627626,435
159881081,3.7357,3.4053,436,125560,0.284904,0.3,1,628065,627629,436
159884001,10.3471,0.68106,448,125560,0.224981,0.32,1,628077,627629,448
159886921,5.26943,8.93621,441,125560,0.284996,0.19,1,628081,627640,441
159889841,13.8539,8.18724,449,125560,0.264999,0.22,1,628097,627648,449
159892761,13.9708,14.4374,447,125560,0.293,0.31,1,628111,627664,447
159895681,10.7942,14.0875,443,125560,0.2186,0.23,1,628121,627678,443
159898341,14.9588,9.2175,451,125560,0.19572,0.27,1,628137,627686,451
159901261,4.59177,13.0435,439,125560,0.191144,0.27,1,628139,627700,439
159903541,6.51835,4.2087,444,125560,0.222229,0.31,1,628146,627702,444
159906461,13.3037,8.84174,449,125560,0.204446,0.34,1,628161,627712,449
159909381,7.46073,11.3683,443,125560,0.176889,0.23,1,628167,627724,443
159912301,4.69215,7.07367,441,125560,0.227378,0.31,1,628171,627730,441
159914981,65.7384,4.61473,518,125560,0.173476,0.31,1,628252,627734,518
159917901,18.7477,65.7229,444,125560,0.162695,0.34,1,628259,627815,444
159920181,5.34954,16.3446,442,125560,0.160539,0.3,1,628261,627819,442
159923101,5.86991,4.86892,446,125560,0.168108,0.36,1,628267,627821,446
159926021,19.574,7.37378,461,125560,0.185622,0.4,1,628290,627829,461
159928941,5.5148,22.2748,437,125560,0.197124,0.36,1,628292,627855,437
159931621,16.303,6.05495,454,125560,0.143425,0.36,1,628311,627857,454
159934541,4.86059,15.611,438,125560,0.100685,0.36,1,628313,627875,438
159936821,11.3721,6.3222,447,125560,0.172137,0.39,1,628326,627879,447
159939741,16.6744,21.2644,440,125560,0.202427,0.38,1,628344,627904,440
159942661,6.53488,12.2529,434,125560,0.208485,0.33,1,628348,627914,434
159945581,21.307,24.0506,432,125560,0.241697,0.25,1,628373,627941,432
159948501,10.6614,8.01012,436,125560,0.256339,0.24,1,628381,627945,436
159951421,10.9323,8.00202,439,125560,0.243268,0.24,1,628392,627953,439
159953461,3.78646,1.6004,441,125560,0.208654,0.24,1,628394,627953,441
159956381,7.15729,1.92008,447,125560,0.201731,0.33,1,628402,627955,447
159958241,2.23146,5.98402,441,125560,0.240346,0.41,1,628403,627962,441
159961161,2.04629,1.9968,442,125560,0.248069,0.38,1,628405,627963,442
159964081,3.60926,1.19936,445,125560,0.273614,0.4,1,628409,627964,445
159966981,2.32185,6.63987,439,125560,0.254723,0.41,1,628411,627972,439
159969901,9.26437,4.52797,446,125560,0.234945,0.3,1,628422,627976,446
159972821,5.05287,8.1056,441,125560,0.214989,0.3,1,628426,627985,441
159975741,2.61057,3.22112,441,125560,0.178998,0.37,1,628428,627987,441
159978661,2.12211,3.84422,439,125560,0.1398,0.37,1,628430,627991,439
159980501,4.42442,0.768845,444,125560,0.25196,0.43,1,628435,627991,444
159983421,5.68488,10.5538,437,125560,0.290392,0.28,1,628441,628004,437
159986341,9.13698,16.5108,429,125560,0.266078,0.21,1,628451,628022,429
159989261,13.0274,6.50215,439,125560,0.213216,0.21,1,628465,628026,439
159990901,3.40548,1.30043,440,125560,0.186643,0.1,1,628466,628026,440
159993821,5.4811,5.06009,440,125560,0.237329,0.25,1,628472,628032,440
159996741,16.2962,2.61202,457,125560,0.183466,0.16,1,628491,628034,457
159999661,4.85924,18.9224,436,125560,0.140693,0.31,1,628493,628057,436
160002341,8.17185,5.38448,443,125560,0.268139,0.3,1,628502,628059,443
160005261,4.03437,8.2769,437,125560,0.269628,0.21,1,628505,628068,437
160008181,7.20687,8.85538,436,125560,0.149926,0.3,1,628513,628077,436
160011101,6.24137,4.97108,438,125560,0.229985,0.3,1,628519,628081,438
160012741,9.24827,0.994215,448,125560,0.149997,0.26,1,628529,628081,448
160015661,11.4497,12.9988,444,125560,0.197999,0.3,1,628541,628097,444
160018581,12.6899,13.7998,443,125560,0.2316,0.2,1,628554,628111,443
160021501,14.538,10.76,448,125560,0.21432,0.19,1,628569,628121,448
160024421,6.9076,14.952,437,125560,0.258864,0.19,1,628574,628137,437
160027301,6.18152,4.5904,441,125560,0.251773,0.23,1,628580,628139,441
160030221,11.6363,6.51808,447,125560,0.298355,0.2,1,628593,628146,447
160033141,7.92726,13.3036,439,125560,0.267671,0.17,1,628600,628161,439
160035621,7.18545,7.46072,440,125560,0.333534,0.28,1,628607,628167,440
160038541,59.0371,7.89214,504,125560,0.218707,0.16,1,628679,628175,504
160041461,19.8074,63.1784,437,125560,0.203741,0.16,1,628689,628252,437
160043941,5.56148,18.2357,432,125560,0.200748,0.16,1,628691,628259,432
160046861,5.9123,5.24714,436,125560,0.22415,0.17,1,628697,628261,436
160049781,20.3825,5.84943,454,125560,0.26083,0.19,1,628721,628267,454
160052701,5.67649,19.5699,433,125560,0.276166,0.2,1,628723,628290,433
160055381,16.3353,5.51398,450,125560,0.215233,0.13,1,628742,628292,450
160058301,4.86706,16.3028,433,125560,0.171047,0.09,1,628744,628311,433
160060581,10.5734,4.86056,443,125560,0.258209,0.19,1,628756,628313,443
160063501,18.9147,11.3721,451,125560,0.235642,0.21,1,628777,628326,451
160066421,6.98294,16.6744,437,125560,0.239128,0.21,1,628781,628344,437
160068901,20.5966,6.53488,457,125560,0.231826,0.25,1,628805,628348,457
160071821,8.11932,21.307,437,125560,0.222365,0.26,1,628810,628373,437
160074741,12.8239,10.6614,443,125560,0.212473,0.24,1,628824,628381,443
160077661,4.96477,10.9323,435,125560,0.154495,0.2,1,628827,628392,435
160080341,7.39295,3.78646,441,125560,0.158899,0.25,1,628835,628394,441
160083261,3.07859,7.95729,434,125560,0.26378,0.25,1,628837,628403,434
160086181,2.21572,3.19146,434,125560,0.268756,0.28,1,628839,628405,434
160088661,5.24314,3.83829,436,125560,0.237751,0.23,1,628845,628409,436
160091581,2.64863,3.16766,435,125560,0.23155,0.23,1,628847,628412,435
160094501,9.32973,8.63353,436,125560,0.27031,0.21,1,628858,628422,436
160097421,3.46595,4.92671,434,125560,0.278062,0.21,1,628860,628426,434
160099061,1.49319,0.985341,435,125560,0.263612,0.15,1,628861,628426,435
160101981,1.89864,2.59707,434,125560,0.236722,0.13,1,628863,628429,434
160104901,3.57973,1.31941,437,125560,0.231344,0.3,1,628867,628430,437
160107821,7.11595,9.06388,434,125560,0.166269,0.26,1,628875,628441,434
160110741,7.82319,9.81278,432,125560,0.201254,0.26,1,628883,628451,432
160112581,12.7646,1.96256,446,125560,0.200251,0.2,1,628897,628451,446
160115501,4.15293,11.5925,434,125560,0.16805,0.25,1,628899,628465,434
160117361,1.63059,7.9185,428,125560,0.20161,0.28,1,628900,628472,428
160120281,21.1261,2.3837,453,125560,0.160322,0.17,1,628926,628473,453
160123201,5.82522,14.8767,437,125560,0.128064,0.13,1,628928,628491,437
160126101,3.56504,4.57535,438,125560,0.241613,0.29,1,628931,628493,438
160129021,3.11301,9.71507,430,125560,0.280323,0.27,1,628934,628504,430
160131941,7.8226,2.74301,438,125560,0.280064,0.12,1,628943,628505,438
160134421,4.76452,6.9486,434,125560,0.352013,0.25,1,628947,628513,434
160137341,11.3529,6.18972,441,125560,0.302403,0.21,1,628960,628519,441
160140261,13.4706,18.8379,433,125560,0.332481,0.24,1,628974,628541,433
160143181,12.2941,14.1676,432,125560,0.314496,0.21,1,628986,628554,432
160146101,15.2588,14.8335,433,125560,0.318899,0.27,1,629002,628569,433
160149021,4.65176,6.9667,430,125560,0.29578,0.27,1,629004,628574,430
160151061,6.53035,1.39334,437,125560,0.331156,0.25,1,629011,628574,437
160153981,11.7061,5.07867,444,125560,0.266231,0.31,1,629024,628580,444
160156901,11.9412,11.4157,443,125560,0.341246,0.26,1,629036,628593,443
160159381,7.98824,7.88315,443,125560,0.300249,0.35,1,629043,628600,443
160162301,55.1977,7.17663,503,125560,0.32405,0.19,1,629110,628607,503
160165221,20.6395,59.0353,443,125560,0.33681,0.2,1,629122,628679,443
160168141,5.72791,19.8071,435,125560,0.307362,0.2,1,629124,628689,435
160170821,8.34558,5.56141,442,125560,0.293472,0.25,1,629133,628691,442
160173741,16.8691,6.71228,454,125560,0.330694,0.27,1,629152,628698,454
160176661,4.97382,19.7425,433,125560,0.338139,0.28,1,629154,628721,433
160179141,16.9948,5.54849,451,125560,0.339628,0.2,1,629174,628723,451
160182061,4.99895,16.3097,434,125560,0.339926,0.16,1,629176,628742,434
160184341,12.9998,4.86194,447,125560,0.339985,0.28,1,629191,628744,447
160187261,16.2,10.5724,452,125560,0.251997,0.23,1,629208,628756,452
160190181,9.63999,18.9145,439,125560,0.354399,0.24,1,629216,628777,439
160192661,20.328,6.9829,458,125560,0.24688,0.23,1,629239,628781,458
160195581,7.2656,20.5966,438,125560,0.345376,0.22,1,629243,628805,438
160198501,7.85312,8.11932,441,125560,0.309075,0.21,1,629251,628810,441
160201421,10.3706,12.8239,438,125560,0.357815,0.14,1,629262,628824,438
160204101,6.87412,4.96477,441,125560,0.303563,0.16,1,629268,628827,441
160207021,2.97482,7.39295,435,125560,0.260713,0.29,1,629270,628835,435
160209301,5.39497,3.07859,439,125560,0.316143,0.23,1,629276,628837,439
160212221,2.67899,7.01572,433,125560,0.327229,0.23,1,629278,628845,433
160215141,2.9358,1.40314,436,125560,0.345446,0.23,1,629281,628845,436
160218061,7.78716,1.88063,443,125560,0.309089,0.28,1,629290,628847,443
160220981,3.15743,9.17613,434,125560,0.277818,0.28,1,629292,628858,434
160223861,7.03149,3.43523,440,125560,0.263564,0.23,1,629300,628860,440
160226781,3.0063,7.88705,433,125560,0.260713,0.23,1,629302,628869,433
160229701,2.20126,1.57741,435,125560,0.308143,0.15,1,629304,628869,435
160232621,3.64025,5.11548,433,125560,0.285628,0.21,1,629308,628875,433
160235541,7.92805,7.4231,434,125560,0.329126,0.2,1,629317,628883,434
160238461,15.9856,12.6846,438,125560,0.297825,0.16,1,629335,628897,438
160241121,4.79712,4.13692,438,125560,0.291565,0.19,1,629337,628899,438
160244041,20.9594,6.42738,456,125560,0.234313,0.15,1,629362,628906,456
160246961,5.79188,17.2855,438,125560,0.190863,0.12,1,629364,628926,438
160249861,5.95838,5.0571,442,125560,0.302173,0.29,1,629370,628928,442
160252781,2.79168,5.81142,438,125560,0.324435,0.29,1,629372,628934,438
160255701,3.75834,1.16228,442,125560,0.344887,0.28,1,629376,628934,442
160258181,4.75167,7.43246,438,125560,0.340977,0.37,1,629381,628943,438
160261101,13.7503,4.68649,450,125560,0.276195,0.29,1,629397,628947,450
160264021,11.5501,11.3373,448,125560,0.335239,0.34,1,629408,628960,448
160266941,14.31,13.4675,449,125560,0.307048,0.31,1,629423,628974,449
160269861,15.662,12.2935,453,125560,0.25341,0.32,1,629439,628986,453
160272781,4.7324,15.2587,439,125560,0.242682,0.29,1,629441,629002,439
160274821,7.34648,4.65174,445,125560,0.168536,0.36,1,629449,629004,445
160277741,11.8693,11.3303,445,125560,0.177707,0.25,1,629462,629017,445
160280661,10.3739,7.86607,448,125560,0.123541,0.36,1,629472,629024,448
160283581,10.0748,11.1732,446,125560,0.168708,0.29,1,629482,629036,446
160286261,54.815,7.83464,505,125560,0.209742,0.33,1,629548,629043,505
160289181,17.363,55.1669,446,125560,0.249948,0.34,1,629556,629110,446
160292101,5.0726,20.6334,436,125560,0.26599,0.3,1,629558,629122,436
160294581,7.41452,5.72668,442,125560,0.237198,0.29,1,629566,629124,442
160297501,22.2829,8.34534,459,125560,0.24744,0.34,1,629592,629133,459
160300421,6.05658,16.8691,442,125560,0.249488,0.34,1,629594,629152,442
160302901,11.6113,4.97381,453,125560,0.225898,0.34,1,629607,629154,453
160305821,5.52226,16.9948,437,125560,0.25318,0.34,1,629611,629174,437
160308741,14.7045,4.99895,452,125560,0.218636,0.23,1,629628,629176,452
160311661,18.1409,26.5998,439,125560,0.267727,0.38,1,629647,629208,439
160314581,10.8282,11.72,440,125560,0.285545,0.22,1,629656,629216,440
160317501,17.3656,20.744,436,125560,0.233109,0.37,1,629675,629239,436
160320421,9.87313,7.3488,440,125560,0.294622,0.3,1,629683,629243,440
160323341,8.37463,7.86976,440,125560,0.290924,0.37,1,629691,629251,440
160326261,9.67492,10.374,439,125560,0.186185,0.29,1,629701,629262,439
160329181,6.73499,6.87479,439,125560,0.181237,0.25,1,629707,629268,439
160331601,2.947,2.97496,439,125560,0.148247,0.33,1,629709,629270,439
160334521,3.7894,5.39499,437,125560,0.165649,0.33,1,629713,629276,437
160337441,2.35788,2.679,437,125560,0.28113,0.35,1,629715,629278,437
160339301,1.27158,2.9358,435,125560,0.288226,0.3,1,629716,629281,435
160342221,7.45432,7.78716,435,125560,0.281645,0.27,1,629725,629290,435
160345141,4.69086,3.15743,437,125560,0.296329,0.27,1,629729,629292,437
160347621,7.33817,0.631486,445,125560,0.171266,0.28,1,629737,629292,445
160350541,3.06763,7.3263,438,125560,0.202253,0.26,1,629739,629301,438
160353461,2.21353,2.26526,439,125560,0.208451,0.32,1,629741,629302,439
160355941,3.64271,2.05305,441,125560,0.22569,0.28,1,629745,629304,441
160358861,4.72854,3.61061,442,125560,0.197138,0.34,1,629750,629308,442
160361781,14.5457,7.92212,450,125560,0.167428,0.29,1,629767,629317,450
160364701,10.1091,15.9844,441,125560,0.161486,0.29,1,629776,629335,441
160367381,21.2218,4.79688,463,125560,0.200297,0.22,1,629800,629337,463
160370301,5.84437,20.9594,440,125560,0.176059,0.18,1,629802,629362,440
160372161,1.96887,5.79188,439,125560,0.147212,0.35,1,629803,629364,439
160375081,7.59377,10.7584,436,125560,0.221442,0.35,1,629812,629376,436
160378001,3.11875,2.15167,438,125560,0.228288,0.35,1,629814,629376,438
160380921,2.22375,0.430335,440,125560,0.197658,0.34,1,629816,629376,440
160383601,3.64475,4.08607,439,125560,0.207532,0.26,1,629820,629381,439
160386521,12.7289,13.6172,438,125560,0.217506,0.35,1,629835,629397,438
160389441,8.94579,11.5234,435,125560,0.251501,0.3,1,629843,629408,435
160392361,10.5892,14.3047,431,125560,0.2743,0.24,1,629854,629423,431
160395281,14.1178,15.6609,430,125560,0.26286,0.24,1,629869,629439,430
160397121,3.62357,4.73219,429,125560,0.244572,0.17,1,629870,629441,429
160400041,11.1247,9.74644,431,125560,0.240914,0.18,1,629883,629452,431
160402961,8.62494,9.94929,429,125560,0.176183,0.11,1,629891,629462,429
160405881,10.525,9.98986,430,125560,0.211237,0.18,1,629902,629472,430
160408801,13.305,9.99797,434,125560,0.226247,0.22,1,629916,629482,434
160411721,57.061,54.7996,436,125560,0.229249,0.26,1,629984,629548,436
160413761,16.2122,17.3599,434,125560,0.16585,0.27,1,629990,629556,434
160416681,4.84244,5.07198,434,125560,0.12117,0.23,1,629992,629558,434
160419601,7.36849,7.4144,434,125560,0.216234,0.23,1,630000,629566,434
160421461,20.6737,1.48288,458,125560,0.243247,0.25,1,630024,629566,458
160424381,5.73474,21.0966,434,125560,0.248649,0.25,1,630026,629592,434
160426661,12.3469,5.81932,446,125560,0.20973,0.22,1,630040,629594,446
160429581,4.06939,11.5639,435,125560,0.193946,0.26,1,630042,629607,435
160432501,17.6139,5.51277,452,125560,0.206789,0.21,1,630063,629611,452
160435421,17.9228,14.7026,453,125560,0.209358,0.28,1,630081,629628,453
160438341,9.98456,18.1405,442,125560,0.193872,0.29,1,630089,629647,442
160441261,18.7969,10.8281,454,125560,0.222774,0.22,1,630110,629656,454
160444181,8.55938,17.3656,441,125560,0.180555,0.31,1,630116,629675,441
160447101,4.91188,9.87312,437,125560,0.148111,0.29,1,630120,629683,437
160450021,8.98238,8.37462,439,125560,0.253622,0.16,1,630130,629691,439
160452941,11.3965,9.67492,441,125560,0.210724,0.18,1,630142,629701,441
160455861,3.87929,6.73499,437,125560,0.250145,0.14,1,630144,629707,437
160457861,3.17586,2.947,438,125560,0.242029,0.33,1,630147,629709,438
160460781,2.23517,4.5894,435,125560,0.248406,0.31,1,630149,629714,435
160463701,2.04703,1.71788,436,125560,0.225681,0.29,1,630151,629715,436
160466181,4.40941,1.14358,440,125560,0.253136,0.31,1,630156,629716,440
160469101,4.88188,9.02872,434,125560,0.274627,0.3,1,630161,629727,434
160472021,6.57638,3.40574,439,125560,0.294925,0.21,1,630168,629729,439
160474941,2.91528,8.68115,431,125560,0.274985,0.21,1,630170,629739,431
160477621,6.18305,3.33623,436,125560,0.246997,0.23,1,630177,629741,436
160480541,3.63661,3.86725,435,125560,0.217399,0.19,1,630180,629745,435
160483461,3.92732,4.77345,434,125560,0.23548,0.16,1,630184,629750,434
160486381,11.1855,14.5547,430,125560,0.271096,0.16,1,630197,629767,430
160489301,7.03709,10.1109,427,125560,0.254219,0.16,1,630203,629776,427
160491141,17.4074,2.02219,447,125560,0.250844,0.21,1,630223,629776,447
160494061,13.0815,19.6044,435,125560,0.330169,0.17,1,630235,629800,435
160496341,4.2163,5.52089,435,125560,0.322034,0.24,1,630237,629802,435
160499261,5.64326,9.10418,431,125560,0.232407,0.23,1,630243,629812,431
160502181,4.32865,3.42084,433,125560,0.342481,0.23,1,630247,629814,433
160504661,4.06573,0.684167,437,125560,0.388496,0.21,1,630251,629814,437
160507581,2.41315,6.53683,431,125560,0.365699,0.21,1,630253,629822,431
160510501,12.4826,1.30737,446,125560,0.34514,0.22,1,630268,629822,446
160513421,9.69653,10.6615,442,125560,0.357028,0.26,1,630277,629835,442
160516101,11.5393,8.53229,446,125560,0.367406,0.28,1,630289,629843,446
160519021,13.5079,10.5065,449,125560,0.297481,0.26,1,630303,629854,449
160521941,4.30157,14.1013,436,125560,0.283496,0.24,1,630305,629869,436
160524861,8.86031,14.0203,432,125560,0.336699,0.16,1,630315,629883,432
160527781,8.17206,9.20405,432,125560,0.33134,0.16,1,630323,629891,432
160529621,9.63441,1.84081,442,125560,0.322268,0.22,1,630333,629891,442
160532541,13.1269,9.16816,445,125560,0.296454,0.23,1,630347,629902,445
160535461,59.4254,13.0336,502,125560,0.331291,0.23,1,630418,629916,502
160538381,15.0851,57.0067,438,125560,0.306258,0.11,1,630422,629984,438
160541301,4.61701,17.8013,432,125560,0.261252,0.24,1,630424,629992,432
160544221,5.7234,9.96027,430,125560,0.30825,0.25,1,630430,630000,430
160547141,22.7447,21.1921,433,125560,0.27765,0.25,1,630457,630024,433
160550061,15.7489,5.83841,445,125560,0.34353,0.2,1,630471,630026,445
160552981,4.74979,12.3677,433,125560,0.348706,0.19,1,630473,630040,433
160555901,16.95,4.07354,451,125560,0.317741,0.21,1,630493,630042,451
160558821,18.59,17.6147,449,125560,0.311548,0.21,1,630512,630063,449
160561741,10.118,17.9229,439,125560,0.31831,0.19,1,630520,630081,439
160563521,2.8236,9.98459,432,125560,0.327662,0.23,1,630521,630089,432
160566441,14.9647,18.7969,429,125560,0.313532,0.17,1,630539,630110,429
160568721,11.7929,8.55938,434,125560,0.366706,0.14,1,630550,630116,434
160571641,7.15859,4.91188,436,125560,0.281341,0.28,1,630556,630120,436
160574561,6.23172,8.98238,432,125560,0.232268,0.28,1,630562,630130,432
160576421,12.4463,1.79647,446,125560,0.310454,0.2,1,630576,630130,446
160579341,4.08927,9.9593,436,125560,0.326091,0.26,1,630578,630142,436
160581621,4.01785,3.59186,438,125560,0.313218,0.23,1,630582,630144,438
160584541,2.40357,5.51837,434,125560,0.278644,0.23,1,630584,630150,434
160587461,2.08071,1.10367,436,125560,0.239729,0.22,1,630586,630150,436
160590381,5.21614,1.02073,441,125560,0.327946,0.26,1,630592,630151,441
160593061,4.24323,4.20415,440,125560,0.297589,0.28,1,630596,630156,440
160595981,4.04865,4.84083,439,125560,0.347518,0.3,1,630600,630161,439
160598261,2.40973,6.56817,434,125560,0.325504,0.27,1,630602,630168,434
160601181,5.28195,2.91363,438,125560,0.353101,0.24,1,630608,630170,438
160604101,5.05639,6.18273,436,125560,0.37462,0.21,1,630613,630177,436
160606581,6.61128,3.63655,440,125560,0.298924,0.24,1,630620,630180,440
160609501,10.9223,3.92731,448,125560,0.339785,0.28,1,630632,630184,448
160612421,6.18445,11.1855,440,125560,0.267957,0.25,1,630637,630197,440
160614481,2.83689,7.03709,436,125560,0.253591,0.25,1,630639,630203,436
160617401,28.5674,17.4074,451,125560,0.266718,0.35,1,630674,630223,451
160620321,7.31348,13.0815,441,125560,0.237344,0.32,1,630676,630235,441
160623221,6.2627,4.2163,445,125560,0.143469,0.39,1,630682,630237,445
160626141,3.65254,8.04326,439,125560,0.252694,0.37,1,630685,630246,439
160629061,4.73051,2.40865,443,125560,0.258539,0.36,1,630690,630247,443
160631981,2.5461,5.28173,439,125560,0.315708,0.34,1,630692,630253,439
160634901,10.9092,13.0563,437,125560,0.351142,0.36,1,630705,630268,437
160637821,11.7818,9.81127,440,125560,0.326228,0.37,1,630717,630277,440
160640741,8.75637,11.5623,436,125560,0.329246,0.28,1,630725,630289,436
160643661,11.3513,13.5125,434,125560,0.385849,0.28,1,630737,630303,434
160646581,8.67025,4.30249,440,125560,0.34117,0.28,1,630745,630305,440
160648181,5.73405,0.860498,445,125560,0.284234,0.35,1,630750,630305,445
160651101,9.14681,8.1721,445,125560,0.280847,0.33,1,630760,630315,445
160654021,9.82936,8.03442,447,125560,0.296169,0.29,1,630770,630323,447
160656941,14.7659,20.8069,439,125560,0.291234,0.34,1,630786,630347,439
160659861,59.7532,60.9614,439,125560,0.306247,0.3,1,630857,630418,439
160662781,15.1506,15.3923,439,125560,0.301249,0.3,1,630861,630422,439
160664821,8.63013,3.07845,446,125560,0.25225,0.32,1,630868,630422,446
160667741,3.32603,7.01569,440,125560,0.33045,0.32,1,630870,630430,440
160670661,21.4652,1.40314,466,125560,0.33809,0.27,1,630896,630430,466
160673581,13.893,21.8806,451,125560,0.331618,0.36,1,630908,630457,451
160676501,4.37861,15.5761,439,125560,0.330324,0.35,1,630910,630471,439
160679381,14.4757,4.71522,454,125560,0.274065,0.31,1,630927,630473,454
160682301,20.4951,16.943,456,125560,0.350813,0.31,1,630949,630493,456
160685221,8.89903,18.5886,443,125560,0.334163,0.32,1,630955,630512,443
160687701,8.97981,10.1177,444,125560,0.346833,0.31,1,630964,630520,444
160690621,13.796,17.2235,440,125560,0.357367,0.38,1,630979,630539,440
160693541,5.95919,12.2447,433,125560,0.303473,0.26,1,630983,630550,433
160696461,9.99184,7.24894,438,125560,0.348695,0.26,1,630994,630556,438
160698101,5.99837,1.44979,443,125560,0.285739,0.22,1,630999,630556,443
160701021,9.19967,5.08996,447,125560,0.337148,0.33,1,631009,630562,447
160703941,5.83993,13.818,436,125560,0.31543,0.31,1,631014,630578,436
160706421,7.56799,5.9636,440,125560,0.327086,0.3,1,631022,630582,440
160709341,3.1136,5.99272,436,125560,0.297417,0.3,1,631024,630588,436
160712261,2.22272,1.19854,438,125560,0.291483,0.35,1,631026,630588,438
160715181,3.64454,3.43971,438,125560,0.266297,0.29,1,631030,630592,438
160718101,4.72891,3.88794,439,125560,0.301259,0.29,1,631035,630596,439
160719941,4.94578,0.777588,444,125560,0.308252,0.32,1,631040,630596,444
160722861,2.58916,4.95552,440,125560,0.26965,0.36,1,631042,630602,440
160725781,2.11783,5.7911,436,125560,0.27793,0.38,1,631044,630608,436
160728701,6.82357,5.15822,439,125560,0.263586,0.28,1,631052,630613,439
160731621,7.76471,6.63164,440,125560,0.236717,0.35,1,631060,630620,440
160734541,8.75294,10.9263,437,125560,0.279343,0.25,1,631069,630632,437
160737201,6.55059,6.18527,438,125560,0.255869,0.3,1,631075,630637,438
160740121,27.7101,6.83705,464,125560,0.259174,0.27,1,631108,630644,464
160743041,7.14202,25.3674,436,125560,0.227835,0.23,1,631110,630674,436
160745521,3.0284,6.67348,436,125560,0.181567,0.3,1,631112,630676,436
160748441,8.60568,7.7347,438,125560,0.244313,0.28,1,631122,630684,438
160751361,3.32114,2.34694,439,125560,0.224863,0.26,1,631124,630685,439
160753841,5.46423,4.46939,440,125560,0.276973,0.34,1,631130,630690,440
160756761,4.29285,4.09388,440,125560,0.263395,0.36,1,631134,630694,440
160759681,7.25857,9.61878,437,125560,0.204679,0.32,1,631142,630705,437
160762601,11.0517,11.5238,437,125560,0.248936,0.33,1,631154,630717,437
160765281,11.8103,8.70475,441,125560,0.257787,0.4,1,631166,630725,441
160768201,8.76207,11.341,437,125560,0.283557,0.33,1,631174,630737,437
160771121,6.55241,8.66819,435,125560,0.288711,0.27,1,631180,630745,435
160774041,14.1105,5.73364,446,125560,0.289742,0.28,1,631196,630750,446
160776961,11.6221,9.14673,447,125560,0.225948,0.3,1,631207,630760,447
160779881,13.5244,9.82935,451,125560,0.25319,0.29,1,631221,630770,451
160782801,57.9049,14.7659,504,125560,0.258638,0.31,1,631290,630786,504
160785721,19.581,59.7532,443,125560,0.147728,0.3,1,631300,630857,443
160788581,7.1162,15.1506,443,125560,0.269546,0.24,1,631304,630861,443
160791501,4.62324,8.63013,440,125560,0.237909,0.35,1,631308,630868,440
160794421,21.7246,3.32603,464,125560,0.231582,0.34,1,631334,630870,464
160797341,10.7449,21.4652,446,125560,0.222316,0.33,1,631342,630896,446
160800261,3.74899,13.893,436,125560,0.220463,0.33,1,631344,630908,436
160803141,17.5498,4.37861,455,125560,0.276093,0.26,1,631365,630910,455
160806061,18.71,14.4757,457,125560,0.271219,0.37,1,631384,630927,457
160808981,10.142,20.4951,443,125560,0.238244,0.33,1,631392,630949,443
160811461,5.2284,8.89903,441,125560,0.311649,0.35,1,631396,630955,441
160814381,18.6457,8.97981,454,125560,0.31833,0.36,1,631418,630964,454
160817301,6.92914,13.796,443,125560,0.295666,0.29,1,631422,630979,443
160819781,4.58583,5.95919,443,125560,0.235133,0.36,1,631426,630983,443
160822701,9.71717,9.99184,443,125560,0.311027,0.35,1,631437,630994,443
160825621,8.34343,13.9984,436,125560,0.286205,0.31,1,631445,631009,436
160828541,6.46869,6.79967,437,125560,0.265241,0.31,1,631451,631014,437
160830181,6.89374,1.35993,444,125560,0.285048,0.33,1,631458,631014,444
160833101,2.97875,6.67199,438,125560,0.25701,0.29,1,631460,631022,438
160834961,2.99575,2.9344,439,125560,0.235402,0.33,1,631463,631024,439
160837881,3.79915,6.98688,435,125560,0.26308,0.33,1,631467,631032,435
160840801,2.35983,1.39738,437,125560,0.252616,0.31,1,631469,631032,437
160843721,3.67197,2.67948,438,125560,0.218523,0.31,1,631473,631035,438
160845361,1.53439,4.5359,434,125560,0.219705,0.28,1,631474,631040,434
160848281,7.50688,9.70718,432,125560,0.283941,0.28,1,631483,631051,432
160851201,3.10138,1.94144,434,125560,0.328788,0.26,1,631485,631051,434
160854121,2.22028,1.18829,435,125560,0.305758,0.23,1,631487,631052,435
160856801,7.64406,6.63766,436,125560,0.373152,0.29,1,631496,631060,436
160859721,4.72881,8.52753,431,125560,0.37863,0.25,1,631500,631069,431
160862001,7.34576,6.50551,433,125560,0.347726,0.26,1,631508,631075,433
160864921,26.2692,27.7011,431,125560,0.285545,0.22,1,631539,631108,431
160867841,10.0538,7.14022,435,125560,0.337109,0.22,1,631545,631110,435
160869701,7.61077,1.42804,442,125560,0.307422,0.26,1,631552,631110,442
160872621,4.72215,9.88561,434,125560,0.277484,0.22,1,631556,631122,434
160875541,2.54443,3.57712,434,125560,0.271497,0.22,1,631558,631124,434
160878021,3.70889,0.715424,438,125560,0.326299,0.26,1,631562,631124,438
160880941,5.54178,8.14308,434,125560,0.36926,0.26,1,631568,631134,434
160883221,5.90836,1.62862,440,125560,0.369852,0.19,1,631574,631134,440
160886141,10.7817,6.72572,444,125560,0.36997,0.26,1,631586,631142,444
160889061,14.9563,10.9451,448,125560,0.369994,0.26,1,631602,631154,448
160891981,9.39127,11.789,444,125560,0.249999,0.29,1,631610,631166,444
160894661,6.67825,8.75781,442,125560,0.346,0.29,1,631616,631174,442
160897581,9.33565,6.55156,446,125560,0.3092,0.29,1,631626,631180,446
160900501,16.2671,14.1103,448,125560,0.25384,0.21,1,631644,631196,448
160902981,8.05343,11.6221,443,125560,0.306768,0.26,1,631650,631207,443
160905901,55.2107,13.5244,496,125560,0.221354,0.26,1,631717,631221,496
160908821,21.4421,57.9049,440,125560,0.308271,0.12,1,631730,631290,440
160910881,5.88843,19.581,432,125560,0.293654,0.3,1,631732,631300,432
160913801,4.37769,7.11619,432,125560,0.282731,0.23,1,631736,631304,432
160916081,7.27554,4.62324,436,125560,0.320546,0.23,1,631744,631308,436
160919001,19.0551,21.7246,432,125560,0.368109,0.22,1,631766,631334,432
160921921,15.011,10.7449,438,125560,0.305622,0.22,1,631780,631342,438
160923781,3.8022,2.14899,439,125560,0.277124,0.35,1,631781,631342,439
160926701,16.7604,4.4298,454,125560,0.215425,0.29,1,631801,631347,454
160929621,16.9521,15.286,453,125560,0.283085,0.27,1,631818,631365,453
160932541,9.79042,18.2572,442,125560,0.264617,0.23,1,631826,631384,442
160935461,5.15808,10.0514,438,125560,0.236923,0.33,1,631830,631392,438
160938341,17.8316,5.21029,455,125560,0.167385,0.32,1,631851,631396,455
160941261,9.96632,18.6421,441,125560,0.241477,0.29,1,631859,631418,441
160943541,5.19326,6.92841,441,125560,0.256295,0.22,1,631863,631422,441
160946461,9.03865,4.58568,447,125560,0.267259,0.33,1,631873,631426,447
160949381,6.60773,9.71714,442,125560,0.213452,0.28,1,631879,631437,442
160952301,5.32155,8.34343,439,125560,0.18669,0.26,1,631884,631445,439
160954981,7.46431,6.46869,441,125560,0.237338,0.25,1,631892,631451,441
160957901,3.09286,8.49374,434,125560,0.215468,0.23,1,631894,631460,434
160960821,7.81857,4.09875,440,125560,0.235094,0.27,1,631903,631463,440
160963741,3.96371,4.01975,439,125560,0.287019,0.25,1,631906,631467,439
160965381,3.19274,2.40395,440,125560,0.281404,0.21,1,631909,631469,440
160968301,2.23855,3.68079,438,125560,0.272281,0.22,1,631911,631473,438
160971221,5.24771,1.53616,443,125560,0.262456,0.3,1,631917,631474,443
160974141,3.44954,7.50723,437,125560,0.316491,0.34,1,631920,631483,437
160976401,3.08991,3.10145,438,125560,0.311298,0.31,1,631923,631485,438
160979321,5.41798,3.02029,441,125560,0.26226,0.39,1,631929,631488,441
160982241,2.6836,7.00406,435,125560,0.308452,0.38,1,631931,631496,435
160984721,6.93672,4.60081,439,125560,0.30969,0.34,1,631939,631500,439
160987641,30.1873,7.32016,467,125560,0.197938,0.27,1,631975,631508,467
160990561,7.63747,26.264,438,125560,0.183588,0.35,1,631977,631539,438
160993481,11.1275,10.0528,444,125560,0.244718,0.3,1,631989,631545,444
160996401,7.8255,7.61056,444,125560,0.256944,0.27,1,631996,631552,444
160999321,3.9651,4.72211,443,125560,0.219389,0.27,1,631999,631556,443
161002241,3.99302,2.54442,445,125560,0.275878,0.34,1,632003,631558,445
161004901,3.1986,3.70888,444,125560,0.247176,0.38,1,632006,631562,444
161007821,4.63972,5.54178,443,125560,0.241435,0.37,1,632011,631568,443
161010741,10.5279,15.5084,437,125560,0.320287,0.37,1,632023,631586,437
161013661,17.3056,15.9017,440,125560,0.328057,0.22,1,632042,631602,440
161016581,9.86112,9.58033,440,125560,0.265611,0.37,1,632050,631610,440
161019501,3.57222,6.71607,436,125560,0.253122,0.3,1,632052,631616,436
161022421,11.9144,9.34321,440,125560,0.346624,0.24,1,632066,631626,440
161025341,11.9829,16.2686,434,125560,0.309325,0.32,1,632078,631644,434
161028261,7.19658,8.05373,434,125560,0.261865,0.32,1,632084,631650,434
161029861,57.4393,1.61075,504,125560,0.268373,0.2,1,632154,631650,504
161032781,21.8879,53.9222,450,125560,0.317675,0.33,1,632167,631717,450
161035701,5.97757,21.1844,439,125560,0.327535,0.28,1,632169,631730,439
161038181,5.99551,9.03689,439,125560,0.281507,0.33,1,632175,631736,439
161041101,2.7991,8.20738,433,125560,0.240301,0.38,1,632177,631744,433
161044021,22.1598,19.2415,438,125560,0.29606,0.29,1,632204,631766,438
161046941,15.632,15.0483,438,125560,0.331212,0.27,1,632218,631780,438
161049201,4.72639,3.80966,439,125560,0.306242,0.2,1,632220,631781,439
161052121,14.5453,16.7619,436,125560,0.253248,0.3,1,632237,631801,436
161055041,14.1091,16.9524,433,125560,0.24265,0.26,1,632251,631818,433
161057521,8.42181,9.79048,432,125560,0.28053,0.23,1,632258,631826,432
161060441,9.68436,5.1581,438,125560,0.232106,0.15,1,632268,631830,438
161063361,15.5369,17.8316,434,125560,0.182421,0.26,1,632285,631851,434
161065841,11.1074,9.96632,436,125560,0.260484,0.26,1,632295,631859,436
161068761,5.42147,5.19326,436,125560,0.244097,0.27,1,632299,631863,436
161071681,4.28429,9.03865,430,125560,0.208819,0.2,1,632303,631873,430
161074161,10.4569,6.60773,436,125560,0.209764,0.18,1,632315,631879,436
161077081,3.69137,5.32155,433,125560,0.177953,0.25,1,632317,631884,433
161080001,7.13827,7.46431,433,125560,0.243591,0.25,1,632325,631892,433
161081861,3.02765,1.49286,435,125560,0.256718,0.21,1,632327,631892,435
161084781,9.40553,1.89857,444,125560,0.259344,0.24,1,632338,631894,444
161087061,3.48111,7.57971,437,125560,0.227869,0.3,1,632340,631903,437
161089981,7.09622,3.91594,442,125560,0.189574,0.27,1,632348,631906,442
161091841,2.21924,4.78319,438,125560,0.197915,0.33,1,632349,631911,438
161094761,3.64385,8.15664,433,125560,0.175583,0.33,1,632353,631920,433
161097681,2.32877,1.63133,435,125560,0.171117,0.33,1,632355,631920,435
161100601,2.06575,0.326265,437,125560,0.146223,0.25,1,632357,631920,437
161102241,6.81315,7.26525,436,125560,0.221245,0.32,1,632365,631929,436
161105161,2.96263,3.05305,436,125560,0.204249,0.32,1,632367,631931,436
161108081,3.79253,0.61061,440,125560,0.24885,0.31,1,632371,631931,440
161110981,31.1585,6.52212,470,125560,0.20977,0.17,1,632409,631939,470
161113901,7.8317,30.1044,436,125560,0.169954,0.18,1,632411,631975,436
161115761,2.36634,7.62088,435,125560,0.145991,0.26,1,632412,631977,435
161118681,7.67327,11.1242,432,125560,0.0931982,0.26,1,632421,631989,432
161120961,8.73465,7.82484,434,125560,0.21864,0.29,1,632430,631996,434
161123881,9.74693,7.16497,437,125560,0.147728,0.29,1,632440,632003,437
161126801,3.54939,1.43299,439,125560,0.245546,0.24,1,632442,632003,439
161129721,2.30988,2.6866,438,125560,0.225109,0.24,1,632444,632006,438
161131781,5.26198,0.53732,444,125560,0.213022,0.24,1,632450,632006,444
161134701,9.0524,4.10746,449,125560,0.202604,0.34,1,632460,632011,449
161137621,14.6105,10.4215,453,125560,0.160521,0.33,1,632476,632023,453
161140541,14.1221,17.2843,448,125560,0.104104,0.25,1,632490,632042,448
161143461,4.42442,9.85686,442,125560,0.148821,0.25,1,632492,632050,442
161145301,8.08488,3.57137,449,125560,0.117764,0.37,1,632501,632052,449
161148221,9.61698,11.9143,445,125560,0.223553,0.3,1,632511,632066,445
161151141,11.5234,11.9829,445,125560,0.164711,0.25,1,632523,632078,445
161153201,3.90468,7.19657,441,125560,0.152942,0.27,1,632525,632084,441
161156121,59.9809,57.4393,445,125560,0.166588,0.33,1,632599,632154,445
161159041,13.5962,21.8879,434,125560,0.145318,0.33,1,632601,632167,434
161161941,5.91924,5.97757,436,125560,0.109064,0.27,1,632605,632169,436
161164861,3.58385,5.99551,433,125560,0.0618127,0.23,1,632608,632175,433
161167781,27.1168,2.7991,464,125560,0.156363,0.31,1,632641,632177,464
161170701,16.6234,22.1598,451,125560,0.207273,0.34,1,632655,632204,451
161173621,4.92467,15.632,439,125560,0.217455,0.24,1,632657,632218,439
161176541,10.5849,18.3264,432,125560,0.267491,0.24,1,632669,632237,432
161179461,15.717,14.8653,435,125560,0.221498,0.29,1,632686,632251,435
161182381,6.3434,8.57306,432,125560,0.1563,0.22,1,632690,632258,432
161185301,10.0687,9.71461,433,125560,0.23126,0.17,1,632701,632268,433
161188221,17.2137,15.5429,435,125560,0.222252,0.28,1,632720,632285,435
161191141,11.4427,11.1086,435,125560,0.25245,0.24,1,632730,632295,435
161193761,5.48855,5.42172,435,125560,0.27449,0.3,1,632734,632299,435
161196681,4.29771,7.48434,431,125560,0.270898,0.21,1,632738,632307,431
161199601,10.4595,7.89687,435,125560,0.23018,0.17,1,632750,632315,435
161202081,3.69191,3.17937,435,125560,0.230036,0.26,1,632752,632317,435
161205001,3.93838,7.03587,431,125560,0.254007,0.26,1,632756,632325,431
161207281,5.58768,3.00717,435,125560,0.258801,0.26,1,632762,632327,435
161210201,7.51754,9.40144,432,125560,0.22776,0.22,1,632770,632338,432
161212481,3.10351,3.48029,432,125560,0.189552,0.18,1,632772,632340,432
161215401,3.8207,7.09606,428,125560,0.14991,0.2,1,632776,632348,428
161217681,10.3641,2.21921,439,125560,0.189982,0.27,1,632788,632349,439
161220601,5.27283,8.44384,433,125560,0.141996,0.27,1,632792,632359,433
161223521,2.65457,1.68877,435,125560,0.124399,0.27,1,632794,632359,435
161226441,2.13091,0.337754,437,125560,0.17688,0.2,1,632796,632359,437
161229361,2.02618,6.46755,431,125560,0.179376,0.26,1,632798,632367,431
161231201,2.80524,4.49351,430,125560,0.211875,0.24,1,632801,632371,430
161234121,26.961,1.6987,462,125560,0.178375,0.2,1,632834,632372,462
161237041,6.99221,29.9397,427,125560,0.203675,0.16,1,632836,632409,427
161239941,13.3984,7.58795,440,125560,0.200735,0.08,1,632851,632411,440
161242861,5.87969,9.51759,434,125560,0.128147,0.25,1,632855,632421,434
161245781,4.37594,9.10352,429,125560,0.241629,0.13,1,632859,632430,429
161248701,11.2752,9.8207,432,125560,0.120326,0.27,1,632872,632440,432
161251621,3.85504,3.56414,432,125560,0.128065,0.27,1,632874,632442,432
161253461,6.37101,0.712828,439,125560,0.201613,0.21,1,632881,632442,439
161256381,2.8742,6.54257,433,125560,0.272323,0.2,1,632883,632450,433
161259301,6.97484,9.30851,431,125560,0.254465,0.15,1,632891,632460,431
161262221,10.195,14.6617,426,125560,0.282893,0.09,1,632902,632476,426
161265141,13.239,14.1323,426,125560,0.232579,0.16,1,632916,632490,426
161268061,4.2478,4.42647,426,125560,0.254516,0.16,1,632918,632492,426
161270101,13.6496,0.885294,442,125560,0.250903,0.25,1,632934,632492,442
161273021,7.52991,15.3771,429,125560,0.186181,0.15,1,632940,632511,429
161275941,9.50598,12.6754,427,125560,0.277236,0.15,1,632950,632523,427
161278861,65.9012,4.13508,505,125560,0.247447,0.17,1,633030,632525,505
161281781,14.7802,60.027,433,125560,0.209489,0.14,1,633032,632599,433
161284241,4.55605,13.6054,433,125560,0.209898,0.22,1,633034,632601,433
161287161,4.11121,9.92108,428,125560,0.14598,0.22,1,633038,632610,428
161290081,2.42224,1.98422,430,125560,0.109196,0.18,1,633040,632610,430
161293001,27.6844,25.1968,433,125560,0.133839,0.22,1,633074,632641,433
161295681,16.7369,16.2394,433,125560,0.186768,0.22,1,633088,632655,433
161298601,5.74738,4.84787,434,125560,0.149354,0.28,1,633091,632657,434
161301521,7.54948,10.5696,430,125560,0.173871,0.21,1,633099,632669,430
161304441,15.9099,15.7139,431,125560,0.218774,0.14,1,633117,632686,431
161307121,8.78198,6.34278,434,125560,0.275755,0.25,1,633124,632690,434
161310041,8.1564,10.0686,431,125560,0.255151,0.22,1,633132,632701,431
161312961,20.0313,17.2137,435,125560,0.19503,0.26,1,633155,632720,435
161315881,10.4063,11.4427,433,125560,0.223006,0.28,1,633163,632730,433
161318561,6.88125,5.48855,435,125560,0.220601,0.27,1,633169,632734,435
161321481,4.57625,5.89771,433,125560,0.22812,0.22,1,633173,632740,433
161324401,10.5153,9.17954,435,125560,0.237624,0.23,1,633185,632750,435
161326881,3.70305,3.43591,435,125560,0.215525,0.26,1,633187,632752,435
161329801,3.94061,3.88718,435,125560,0.147105,0.26,1,633191,632756,435
161332721,2.38812,5.57744,431,125560,0.181421,0.22,1,633193,632762,431
161335641,6.87762,7.51549,431,125560,0.236284,0.18,1,633201,632770,431
161338321,7.77552,3.1031,437,125560,0.223257,0.29,1,633209,632772,437
161341241,9.5551,9.42062,436,125560,0.188651,0.2,1,633219,632783,436
161344161,5.11102,5.88412,435,125560,0.14973,0.13,1,633223,632788,435
161347061,4.2222,4.37682,435,125560,0.0779461,0.18,1,633227,632792,435
161349981,2.44444,5.67537,431,125560,0.223589,0.18,1,633229,632798,431
161352901,2.08889,1.13507,433,125560,0.252718,0.18,1,633231,632798,433
161355821,3.61778,0.227015,437,125560,0.266544,0.17,1,633235,632798,437
161358741,22.3236,28.8454,428,125560,0.277309,0.21,1,633262,632834,428
161361661,7.66471,7.36908,430,125560,0.239462,0.21,1,633266,632836,430
161363701,15.1329,1.47382,447,125560,0.175892,0.2,1,633283,632836,447
161366621,4.62659,12.2948,434,125560,0.227178,0.11,1,633285,632851,434
161368901,5.72532,5.65895,436,125560,0.205436,0.22,1,633291,632855,436
161371821,10.7451,8.33179,439,125560,0.257087,0.09,1,633303,632864,439
161374741,6.14901,8.06636,436,125560,0.187417,0.13,1,633308,632872,436
161376801,2.8298,3.21327,436,125560,0.197483,0.29,1,633310,632874,436
161379721,5.36596,7.84265,433,125560,0.199497,0.29,1,633316,632883,433
161382641,9.07319,1.56853,443,125560,0.295899,0.25,1,633326,632883,443
161385541,8.21464,6.71371,443,125560,0.28318,0.29,1,633334,632891,443
161388461,16.0429,10.1427,450,125560,0.256636,0.22,1,633352,632902,450
161391381,4.80859,13.2285,438,125560,0.251327,0.26,1,633354,632916,438
161393861,13.7617,4.24571,452,125560,0.218265,0.25,1,633370,632918,452
161396781,7.55234,13.6491,442,125560,0.275653,0.17,1,633376,632934,442
161399701,7.11047,7.52983,443,125560,0.199131,0.3,1,633383,632940,443
161402621,59.0221,9.50597,505,125560,0.247826,0.24,1,633455,632950,505
161405541,19.8044,65.9012,435,125560,0.289565,0.2,1,633465,633030,435
161408421,7.16088,14.7802,437,125560,0.273913,0.24,1,633469,633032,437
161411341,3.03218,12.556,427,125560,0.302783,0.24,1,633471,633044,427
161414261,2.20644,2.51121,429,125560,0.268557,0.14,1,633473,633044,429
161417181,25.2413,24.5022,430,125560,0.301711,0.2,1,633504,633074,430
161420101,16.2483,16.1004,430,125560,0.388342,0.14,1,633518,633088,430
161423021,4.84965,5.62009,429,125560,0.373668,0.14,1,633520,633091,429
161425061,10.5699,1.12402,441,125560,0.346734,0.18,1,633532,633091,441
161427981,16.514,6.6248,451,125560,0.325347,0.23,1,633550,633099,451
161430901,8.1028,15.725,439,125560,0.305069,0.29,1,633556,633117,439
161433381,6.42056,8.74499,438,125560,0.293014,0.25,1,633562,633124,438
161436301,21.2841,8.149,455,125560,0.306603,0.18,1,633587,633132,455
161439221,11.4568,20.0298,441,125560,0.309321,0.23,1,633596,633155,441
161442141,5.49136,10.406,437,125560,0.317864,0.22,1,633600,633163,437
161444821,6.69827,6.88119,438,125560,0.287573,0.29,1,633607,633169,438
161447741,6.13965,5.37624,439,125560,0.241515,0.24,1,633613,633174,439
161450661,2.82793,9.87525,430,125560,0.312303,0.21,1,633615,633185,430
161453141,8.56559,3.57505,438,125560,0.342461,0.2,1,633625,633187,438
161456061,3.31312,4.71501,435,125560,0.324492,0.19,1,633627,633192,435
161458981,3.86262,1.743,438,125560,0.320898,0.25,1,633631,633193,438
161461901,7.17252,6.7486,438,125560,0.35218,0.22,1,633639,633201,438
161464821,11.8345,7.74972,443,125560,0.358436,0.18,1,633652,633209,443
161467741,5.5669,9.54994,437,125560,0.303687,0.14,1,633656,633219,437
161469361,1.91338,5.10999,434,125560,0.276737,0.27,1,633657,633223,434
161472281,1.98268,5.022,431,125560,0.327347,0.26,1,633659,633228,431
161475201,1.99654,1.8044,432,125560,0.32947,0.26,1,633661,633229,432
161477681,1.99931,1.96088,432,125560,0.369894,0.25,1,633663,633231,432
161480601,3.59986,4.39218,431,125560,0.385979,0.28,1,633667,633236,431
161483521,23.92,21.6784,434,125560,0.381196,0.23,1,633696,633262,434
161486001,6.38399,7.53569,432,125560,0.348239,0.16,1,633698,633266,432
161488921,14.0768,15.1071,431,125560,0.325648,0.24,1,633714,633283,431
161491841,4.41536,4.62143,431,125560,0.32913,0.2,1,633716,633285,431
161494761,16.8831,5.72429,445,125560,0.241826,0.27,1,633736,633291,445
161497681,8.17661,10.7449,439,125560,0.288365,0.17,1,633742,633303,439
161499521,2.43532,6.14897,435,125560,0.281673,0.2,1,633743,633308,435
161502441,8.48706,2.82979,443,125560,0.288335,0.2,1,633753,633310,443
161505361,8.09741,5.36596,445,125560,0.257667,0.32,1,633761,633316,445
161508281,8.01948,9.07319,443,125560,0.275533,0.28,1,633769,633326,443
161509921,2.4039,8.21464,436,125560,0.295107,0.25,1,633770,633334,436
161512841,11.6808,16.0429,432,125560,0.355021,0.25,1,633784,633352,432
161515761,3.93616,4.80859,432,125560,0.335004,0.25,1,633786,633354,432
161517621,12.7872,0.961717,447,125560,0.379001,0.21,1,633801,633354,447
161520541,12.1574,12.9923,443,125560,0.3078,0.29,1,633813,633370,443
161523461,7.23149,7.39847,443,125560,0.29356,0.18,1,633819,633376,443
161526381,59.8463,7.07969,509,125560,0.226712,0.26,1,633892,633383,509
161529301,16.7693,59.0159,443,125560,0.221342,0.3,1,633898,633455,443
161532181,6.55385,19.8032,437,125560,0.188268,0.27,1,633902,633465,437
161535101,2.91077,7.16064,435,125560,0.205654,0.31,1,633904,633469,435
161537381,2.18215,3.03213,435,125560,0.265131,0.26,1,633906,633471,435
161540301,25.2364,2.20643,464,125560,0.229026,0.31,1,633937,633473,464
161543221,16.2473,25.2413,447,125560,0.293805,0.41,1,633951,633504,447
161546141,5.64946,16.2483,436,125560,0.258761,0.37,1,633954,633518,436
161548821,11.5299,4.84965,447,125560,0.259752,0.34,1,633967,633520,447
161551741,16.706,10.5699,453,125560,0.28395,0.32,1,633985,633532,453
161554661,9.7412,16.514,443,125560,0.26479,0.3,1,633993,633550,443
161557141,6.74824,8.1028,443,125560,0.308958,0.29,1,633999,633556,443
161560061,22.9496,6.42056,464,125560,0.245792,0.31,1,634026,633562,464
161562981,7.78993,21.2841,443,125560,0.233158,0.31,1,634030,633587,443
161565901,4.75799,11.4568,438,125560,0.174632,0.32,1,634034,633596,438
161568581,9.7516,5.49136,445,125560,0.266926,0.28,1,634045,633600,445
161571501,8.35032,6.69827,446,125560,0.253385,0.23,1,634053,633607,446
161573781,3.27006,6.13965,442,125560,0.250677,0.37,1,634055,633613,442
161576701,8.65401,4.42793,448,125560,0.266135,0.35,1,634065,633617,448
161579621,3.3308,7.28559,442,125560,0.293227,0.32,1,634067,633625,442
161581681,3.86616,3.05712,444,125560,0.266645,0.36,1,634071,633627,444
161584601,7.17323,10.2114,440,125560,0.181329,0.36,1,634079,633639,440
161587521,11.0346,2.04228,452,125560,0.268266,0.36,1,634091,633639,452
161590441,5.40693,10.8085,443,125560,0.221653,0.29,1,634095,633652,443
161592081,1.88139,5.36169,440,125560,0.196331,0.4,1,634096,633656,440
161595001,1.97628,5.87234,436,125560,0.167266,0.4,1,634098,633662,436
161597921,1.99526,1.17447,438,125560,0.129453,0.4,1,634100,633662,438
161600841,2.79905,0.234894,441,125560,0.137891,0.38,1,634103,633662,441
161603761,4.55981,0.846979,445,125560,0.283578,0.39,1,634108,633663,445
161605601,1.71196,3.3694,442,125560,0.304716,0.38,1,634109,633667,442
161608521,20.3424,23.8739,438,125560,0.348943,0.34,1,634134,633696,438
161610801,5.66848,6.37478,438,125560,0.325789,0.32,1,634136,633698,438
161613721,13.1337,14.075,437,125560,0.257158,0.33,1,634151,633714,437
161616641,7.42674,4.41499,441,125560,0.211432,0.33,1,634157,633716,441
161618501,14.2853,0.882998,457,125560,0.226286,0.22,1,634173,633716,457
161621421,6.05707,16.1766,441,125560,0.173257,0.3,1,634177,633736,441
161623701,6.01141,8.03532,441,125560,0.0986514,0.29,1,634183,633742,441
161626621,6.00228,10.4071,436,125560,0.17173,0.25,1,634189,633753,436
161629541,9.20046,8.48141,438,125560,0.258346,0.25,1,634199,633761,438
161632021,9.84009,1.69628,448,125560,0.259669,0.28,1,634209,633761,448
161634941,3.56802,6.73926,442,125560,0.259934,0.37,1,634211,633769,442
161637861,11.1136,13.3479,440,125560,0.315987,0.33,1,634224,633784,440
161640781,3.82272,4.26957,440,125560,0.327197,0.33,1,634226,633786,440
161642421,9.56454,0.853914,451,125560,0.265439,0.29,1,634237,633786,451
161645341,9.91291,21.7708,434,125560,0.301088,0.29,1,634247,633813,434
161648241,11.5826,9.15416,440,125560,0.300218,0.21,1,634259,633819,440
161651161,52.7165,60.2308,430,125560,0.324044,0.22,1,634322,633892,430
161654081,18.5433,16.8462,434,125560,0.304809,0.22,1,634332,633898,434
161655941,6.10866,3.36923,437,125560,0.284962,0.18,1,634335,633898,437
161658861,2.82173,3.87385,435,125560,0.248992,0.21,1,634337,633902,435
161661141,6.96435,2.37477,441,125560,0.225798,0.26,1,634345,633904,441
161664061,20.5929,6.07495,458,125560,0.19716,0.22,1,634369,633911,458
161666981,19.3186,22.015,451,125560,0.207432,0.31,1,634388,633937,451
161669901,5.46371,15.603,439,125560,0.209486,0.25,1,634390,633951,439
161672581,10.6927,5.5206,448,125560,0.265897,0.26,1,634402,633954,448
161675501,15.7385,11.5041,452,125560,0.205179,0.29,1,634419,633967,452
161678421,8.74771,16.7008,441,125560,0.209036,0.26,1,634426,633985,441
161680901,4.94954,9.74016,437,125560,0.297807,0.32,1,634430,633993,437
161683821,21.7899,6.74803,457,125560,0.227561,0.23,1,634456,633999,457
161686741,7.55798,22.9496,434,125560,0.197512,0.23,1,634460,634026,434
161689221,10.3116,7.78992,441,125560,0.263502,0.18,1,634471,634030,441
161692141,8.46232,5.55798,444,125560,0.1967,0.29,1,634479,634035,444
161695061,8.09246,9.1116,442,125560,0.13534,0.25,1,634487,634045,442
161697981,3.21849,8.22232,436,125560,0.123068,0.25,1,634489,634053,436
161700661,5.4437,3.24446,440,125560,0.216614,0.27,1,634495,634055,440
161703581,2.68874,8.64889,432,125560,0.235323,0.3,1,634497,634065,432
161705861,10.1377,3.32978,442,125560,0.175065,0.16,1,634509,634067,442
161708781,7.62755,10.266,437,125560,0.219013,0.29,1,634516,634079,437
161711701,4.72551,11.6532,429,125560,0.219803,0.21,1,634520,634091,429
161714621,9.7451,5.53064,436,125560,0.283961,0.19,1,634531,634095,436
161717541,3.54902,1.90613,437,125560,0.296792,0.16,1,634533,634096,437
161719381,3.1098,1.98123,438,125560,0.251358,0.32,1,634536,634098,438
161722301,2.22196,8.39625,430,125560,0.210272,0.32,1,634538,634108,430
161725221,2.04439,1.67925,432,125560,0.258054,0.32,1,634540,634108,432
161728141,2.00888,0.33585,434,125560,0.275611,0.31,1,634542,634108,434
161731061,2.00178,0.86717,435,125560,0.279122,0.36,1,634544,634109,435
161733981,19.6004,20.1734,434,125560,0.303824,0.32,1,634568,634134,434
161736901,18.3201,5.63469,450,125560,0.276765,0.24,1,634586,634136,450
161739821,5.26401,13.1269,437,125560,0.271353,0.2,1,634588,634151,437
161742741,9.8528,7.42539,442,125560,0.270271,0.16,1,634599,634157,442
161745661,9.17056,17.4851,431,125560,0.214054,0.08,1,634608,634177,431
161748581,8.23411,8.29702,433,125560,0.242811,0.19,1,634616,634183,433
161751501,9.64682,6.4594,437,125560,0.240562,0.28,1,634626,634189,437
161754421,8.32936,9.29188,435,125560,0.288112,0.26,1,634634,634199,435
161757341,11.2659,9.85838,437,125560,0.313623,0.26,1,634646,634209,437
161758901,3.05317,1.97168,438,125560,0.302724,0.26,1,634647,634209,438
161761821,8.61063,1.99434,446,125560,0.340545,0.33,1,634657,634211,446
161764741,3.32213,10.7989,435,125560,0.332109,0.33,1,634659,634224,435
161767221,11.8644,3.75977,447,125560,0.306422,0.31,1,634673,634226,447
161770141,11.1729,17.552,437,125560,0.301284,0.3,1,634684,634247,437
161773061,11.8346,13.1104,437,125560,0.276257,0.33,1,634696,634259,437
161775981,52.7669,53.0221,437,125560,0.327251,0.3,1,634759,634322,437
161778901,15.3534,18.6044,433,125560,0.28945,0.28,1,634765,634332,433
161781361,6.27068,6.12088,434,125560,0.24189,0.23,1,634769,634335,434
161784281,6.05414,4.42418,436,125560,0.256378,0.22,1,634775,634339,436
161787201,21.2108,5.68484,455,125560,0.243276,0.19,1,634800,634345,455
161790121,15.4422,20.337,445,125560,0.272655,0.21,1,634814,634369,445
161793041,11.0884,19.2674,436,125560,0.286531,0.21,1,634824,634388,436
161794881,3.01769,5.45348,435,125560,0.305306,0.28,1,634825,634390,435
161797801,5.40354,10.6907,429,125560,0.229061,0.19,1,634831,634402,429
161800721,20.2807,15.7381,436,125560,0.229812,0.21,1,634855,634419,436
161803641,8.85614,8.74763,435,125560,0.293962,0.32,1,634861,634426,435
161806561,20.9712,4.94953,455,125560,0.266793,0.21,1,634885,634430,455
161809481,10.5942,21.7899,437,125560,0.269359,0.19,1,634893,634456,437
161811521,3.71885,7.55798,435,125560,0.277872,0.28,1,634895,634460,435
161814441,7.14377,10.3116,432,125560,0.271574,0.18,1,634903,634471,432
161817361,4.62875,8.46232,428,125560,0.270315,0.12,1,634907,634479,428
161820281,11.3258,8.09246,433,125560,0.302063,0.12,1,634920,634487,433
161822961,5.46515,3.21849,435,125560,0.284413,0.26,1,634924,634489,435
161825881,7.49303,10.2437,431,125560,0.336883,0.26,1,634932,634501,431
161828801,3.09861,2.04874,433,125560,0.315377,0.16,1,634934,634501,433
161831721,7.01972,6.80975,433,125560,0.327075,0.23,1,634942,634509,433
161834641,11.0039,6.96195,438,125560,0.273415,0.22,1,634954,634516,438
161836481,3.00079,4.59239,435,125560,0.246683,0.3,1,634955,634520,435
161839401,8.60016,9.71848,434,125560,0.321337,0.3,1,634965,634531,434
161842321,3.32003,3.5437,434,125560,0.376267,0.3,1,634967,634533,434
161844181,3.06401,0.708739,437,125560,0.347253,0.2,1,634970,634533,437
161847101,2.2128,4.14175,434,125560,0.333451,0.27,1,634972,634538,434
161849381,6.04256,2.42835,439,125560,0.29069,0.27,1,634979,634540,439
161852301,3.60851,7.68567,433,125560,0.338138,0.27,1,634982,634549,433
161855221,2.3217,1.53713,435,125560,0.315628,0.31,1,634984,634549,435
161858141,16.4643,15.5074,436,125560,0.335126,0.27,1,635004,634568,436
161861061,16.0929,17.5015,434,125560,0.275025,0.27,1,635020,634586,434
161863981,4.81857,5.1003,434,125560,0.295005,0.27,1,635022,634588,434
161866021,7.36371,1.02006,442,125560,0.211001,0.27,1,635030,634588,442
161868941,8.67274,9.00401,440,125560,0.2182,0.2,1,635039,634599,440
161870801,2.53455,9.0008,432,125560,0.23564,0.25,1,635040,634608,432
161873721,7.70691,8.20016,433,125560,0.183128,0.24,1,635049,634616,433
161876001,11.9414,9.64003,436,125560,0.300626,0.3,1,635062,634626,436
161878921,10.3883,8.32801,438,125560,0.244125,0.32,1,635072,634634,438
161881841,11.6777,11.2656,438,125560,0.304825,0.3,1,635084,634646,438
161884761,8.73553,3.05312,445,125560,0.244965,0.35,1,635092,634647,445
161886821,3.34711,8.61062,437,125560,0.240993,0.33,1,635094,634657,437
161889741,2.26942,3.32212,437,125560,0.240199,0.3,1,635096,634659,437
161892661,10.8539,11.8644,436,125560,0.31204,0.3,1,635109,634673,436
161895581,10.1708,11.1729,435,125560,0.270408,0.27,1,635119,634684,435
161898501,10.0342,11.8346,433,125560,0.262082,0.34,1,635129,634696,433
161901421,52.4068,52.7669,433,125560,0.284416,0.28,1,635192,634759,433
161904081,16.8814,15.3534,435,125560,0.368883,0.23,1,635200,634765,435
161907001,10.5763,6.27068,440,125560,0.281777,0.26,1,635209,634769,440
161909921,23.7153,6.05414,461,125560,0.344355,0.24,1,635236,634775,461
161912841,15.1431,21.2108,449,125560,0.380871,0.28,1,635249,634800,449
161915761,6.22861,15.4422,439,125560,0.348174,0.29,1,635253,634814,439
161917601,2.04572,11.0884,430,125560,0.325635,0.26,1,635254,634824,430
161920521,11.6091,4.61769,441,125560,0.345127,0.21,1,635268,634827,441
161923441,18.3218,4.12354,457,125560,0.293025,0.23,1,635288,634831,457
161926361,10.0644,20.0247,441,125560,0.258605,0.31,1,635296,634855,441
161929281,22.0129,8.80494,460,125560,0.267721,0.26,1,635321,634861,460
161932201,10.8026,20.961,444,125560,0.205544,0.27,1,635329,634885,444
161934241,3.76051,10.5922,438,125560,0.193109,0.28,1,635331,634893,438
161937161,8.7521,3.71844,446,125560,0.246622,0.27,1,635341,634895,446
161940081,4.95042,7.14369,442,125560,0.281324,0.27,1,635345,634903,442
161943001,12.1901,4.62874,452,125560,0.184265,0.31,1,635359,634907,452
161945921,4.03802,11.3257,441,125560,0.252853,0.28,1,635361,634920,441
161947761,1.6076,5.46515,438,125560,0.250571,0.31,1,635362,634924,438
161950681,6.72152,9.09303,436,125560,0.226114,0.31,1,635370,634934,436
161953601,2.9443,1.81861,438,125560,0.213223,0.33,1,635372,634934,438
161956081,5.38886,6.76372,436,125560,0.274645,0.26,1,635378,634942,436
161959001,10.6778,10.9527,436,125560,0.254929,0.24,1,635390,634954,436
161961921,6.93555,2.99055,441,125560,0.186986,0.34,1,635396,634955,441
161964841,6.18711,8.59811,437,125560,0.141397,0.39,1,635402,634965,437
161967521,2.83742,3.31962,437,125560,0.180279,0.28,1,635404,634967,437
161970441,6.96748,10.2639,433,125560,0.228056,0.28,1,635412,634979,433
161973361,2.9935,2.05278,435,125560,0.237611,0.28,1,635414,634979,435
161976281,6.1987,0.410557,442,125560,0.239522,0.35,1,635421,634979,442
161977921,2.03974,2.48211,440,125560,0.223904,0.26,1,635422,634982,440
161980841,14.0079,4.49642,452,125560,0.228781,0.34,1,635439,634987,452
161983761,12.4016,14.4993,447,125560,0.261756,0.26,1,635451,635004,447
161986681,4.88032,15.6999,434,125560,0.268351,0.3,1,635454,635020,434
161988321,2.57606,4.73997,434,125560,0.30167,0.19,1,635456,635022,434
161991241,6.91521,7.34799,434,125560,0.244334,0.22,1,635464,635030,434
161994161,6.18304,8.6696,431,125560,0.224867,0.24,1,635470,635039,431
161996021,7.63661,2.53392,438,125560,0.244973,0.17,1,635478,635040,438
161998941,3.12732,7.70678,431,125560,0.256995,0.33,1,635480,635049,431
162001861,22.2255,11.9414,445,125560,0.275399,0.23,1,635507,635062,445
162004781,12.4451,10.3883,445,125560,0.26308,0.32,1,635517,635072,445
162007701,12.089,11.6777,445,125560,0.348616,0.23,1,635529,635084,445
162010581,4.0178,8.73553,439,125560,0.365723,0.26,1,635531,635092,439
162013501,2.40356,4.14711,438,125560,0.337145,0.24,1,635533,635095,438
162016421,8.48071,1.62942,447,125560,0.299429,0.33,1,635543,635096,447
162019341,9.69614,10.7259,444,125560,0.355886,0.26,1,635553,635109,444
162022261,9.13923,10.1452,443,125560,0.327177,0.26,1,635562,635119,443
162025141,57.0278,10.029,502,125560,0.329435,0.29,1,635631,635129,502
162028061,13.0056,52.4058,441,125560,0.305887,0.39,1,635633,635192,441
162030341,10.6011,16.8812,443,125560,0.373177,0.26,1,635643,635200,443
162033261,21.3202,10.5762,458,125560,0.346635,0.36,1,635667,635209,458
162036181,16.264,23.7152,446,125560,0.365327,0.39,1,635682,635236,446
162039101,5.65281,15.143,436,125560,0.329065,0.34,1,635685,635249,436
162041781,7.53056,6.22861,440,125560,0.353813,0.35,1,635693,635253,440
162044701,12.7061,13.2457,439,125560,0.302763,0.28,1,635707,635268,439
162047621,16.9412,18.6491,437,125560,0.404553,0.25,1,635725,635288,437
162050541,6.58824,10.1298,433,125560,0.456911,0.27,1,635729,635296,433
162053461,20.5176,22.026,432,125560,0.339382,0.19,1,635753,635321,432
162056381,12.9035,10.8052,435,125560,0.411876,0.19,1,635764,635329,435
162058421,5.78071,2.16104,439,125560,0.362375,0.26,1,635768,635329,439
162061341,4.35614,10.0322,431,125560,0.376475,0.29,1,635772,635341,431
162064261,4.07123,5.20644,431,125560,0.347295,0.29,1,635776,635345,431
162066741,11.2142,1.04129,444,125560,0.373459,0.16,1,635789,635345,444
162069661,3.84285,11.4083,432,125560,0.370692,0.27,1,635791,635359,432
162071941,8.76857,3.88165,440,125560,0.402138,0.22,1,635801,635361,440
162074861,4.95371,7.97633,435,125560,0.384428,0.21,1,635805,635370,435
162077781,2.59074,3.19527,435,125560,0.348886,0.21,1,635807,635372,435
162080261,5.31815,0.639053,441,125560,0.429777,0.25,1,635813,635372,441
162083181,5.86363,14.5278,429,125560,0.389955,0.17,1,635819,635390,429
162086101,8.37273,7.70556,432,125560,0.357991,0.17,1,635828,635396,432
162088581,8.07455,1.54111,440,125560,0.303598,0.13,1,635836,635396,440
162091501,3.21491,5.10822,436,125560,0.26072,0.19,1,635838,635402,436
162093781,6.24298,2.62164,441,125560,0.268144,0.26,1,635845,635404,441
162096701,2.8486,7.72433,434,125560,0.357629,0.24,1,635847,635413,434
162099621,6.96972,2.34487,441,125560,0.319526,0.24,1,635855,635414,441
162102541,2.99394,6.06897,436,125560,0.359905,0.23,1,635857,635421,436
162105461,14.9988,15.6138,436,125560,0.319981,0.27,1,635875,635439,436
162108381,10.1998,12.7228,433,125560,0.383996,0.27,1,635884,635451,433
162111041,6.03995,4.94455,435,125560,0.380799,0.26,1,635889,635454,435
162113961,10.008,6.58891,439,125560,0.33216,0.23,1,635900,635461,439
162116881,5.2016,3.71778,440,125560,0.322432,0.22,1,635904,635464,440
162119361,2.64032,5.54356,436,125560,0.288486,0.25,1,635906,635470,436
162122281,7.72806,7.50871,437,125560,0.329697,0.26,1,635915,635478,437
162125201,22.3456,3.10174,461,125560,0.305939,0.28,1,635941,635480,461
162128121,17.2691,22.2203,450,125560,0.293188,0.26,1,635957,635507,450
162131041,9.85382,12.4441,448,125560,0.290638,0.37,1,635965,635517,448
162133961,3.57076,12.0888,438,125560,0.290128,0.37,1,635967,635529,438
162136421,9.51415,4.01776,447,125560,0.330026,0.31,1,635978,635531,447
162139341,5.90283,8.00355,443,125560,0.266005,0.29,1,635983,635540,443
162142261,5.98057,4.00071,446,125560,0.261201,0.37,1,635989,635543,446
162145181,9.99611,8.80014,447,125560,0.35624,0.32,1,636000,635553,447
162147441,3.59922,8.96003,440,125560,0.343248,0.33,1,636002,635562,440
162150361,56.7198,56.992,441,125560,0.33265,0.3,1,636072,635631,441
162152641,12.944,12.9984,441,125560,0.29853,0.39,1,636074,635633,441
162155561,7.38879,10.5997,437,125560,0.267706,0.34,1,636080,635643,437
162158481,23.8778,21.3199,441,125560,0.285541,0.37,1,636108,635667,441
162161401,15.9756,16.264,440,125560,0.257108,0.32,1,636122,635682,440
162164321,4.79511,5.6528,439,125560,0.251422,0.36,1,636124,635685,439
162167201,5.75902,7.53056,437,125560,0.266284,0.29,1,636130,635693,437
162170121,16.3518,12.7061,442,125560,0.229257,0.43,1,636149,635707,442
162173041,16.0704,16.9412,440,125560,0.301851,0.47,1,636165,635725,440
162175521,9.61407,6.58824,444,125560,0.30837,0.31,1,636173,635729,444
162178441,20.3228,20.5176,443,125560,0.261674,0.43,1,636196,635753,443
162181361,10.4646,12.9035,440,125560,0.220335,0.35,1,636204,635764,440
162183841,6.09291,5.78071,441,125560,0.324067,0.38,1,636209,635768,441
162186761,6.01858,4.35614,443,125560,0.296813,0.34,1,636215,635772,443
162189041,4.40372,4.07123,443,125560,0.291363,0.38,1,636219,635776,443
162191961,12.0807,11.2142,444,125560,0.226273,0.37,1,636233,635789,444
162194881,4.01615,3.84285,444,125560,0.269255,0.41,1,636235,635791,444
162197801,10.4032,8.76857,446,125560,0.301851,0.38,1,636247,635801,446
162200481,3.68065,4.95371,444,125560,0.26837,0.47,1,636249,635805,444
162203401,3.93613,6.59074,441,125560,0.197674,0.45,1,636253,635812,441
162206321,6.38723,2.11815,447,125560,0.279535,0.38,1,636260,635813,447
162209241,2.87745,5.22363,443,125560,0.295907,0.35,1,636262,635819,443
162212161,11.7755,8.24473,448,125560,0.275181,0.29,1,636276,635828,448
162215081,3.9551,8.04895,442,125560,0.247036,0.25,1,636278,635836,442
162217121,3.99102,3.20979,444,125560,0.209407,0.33,1,636282,635838,444
162220041,7.1982,11.842,438,125560,0.257881,0.33,1,636290,635852,438
162222961,4.63964,2.36839,442,125560,0.243576,0.31,1,636294,635852,442
162225881,2.52793,2.87368,441,125560,0.240715,0.37,1,636296,635855,441
162227521,1.30559,2.17474,440,125560,0.296143,0.31,1,636297,635857,440
162230441,13.8611,14.8349,439,125560,0.243229,0.4,1,636314,635875,439
162233361,10.7722,10.167,440,125560,0.256646,0.38,1,636324,635884,440
162235841,3.75444,6.0334,437,125560,0.315329,0.32,1,636326,635889,437
162238761,11.9509,10.0067,440,125560,0.279066,0.32,1,636340,635900,440
162241681,3.99018,5.20134,438,125560,0.255813,0.32,1,636342,635904,438
162243541,5.59804,1.04027,444,125560,0.235163,0.34,1,636348,635904,444
162246461,2.71961,9.00805,435,125560,0.271033,0.3,1,636350,635915,435
162249381,23.7439,22.6016,438,125560,0.294207,0.29,1,636379,635941,438
162252301,15.9488,17.3203,436,125560,0.370841,0.29,1,636393,635957,436
162255221,11.1898,9.86406,438,125560,0.258168,0.29,1,636403,635965,438
162258141,3.83795,3.57281,438,125560,0.235634,0.29,1,636405,635967,438
162260181,5.56759,0.714563,444,125560,0.239127,0.34,1,636411,635967,444
162263101,6.71352,8.94291,440,125560,0.311825,0.25,1,636418,635978,440
162266021,8.5427,5.78858,444,125560,0.310365,0.26,1,636427,635983,444
162268941,6.50854,5.95772,444,125560,0.270073,0.38,1,636433,635989,444
162271621,5.30171,9.99154,438,125560,0.350015,0.33,1,636438,636000,438
162274541,54.6603,59.5983,433,125560,0.270003,0.29,1,636505,636072,433
162277461,12.5321,13.5197,433,125560,0.294001,0.26,1,636507,636074,433
162280381,8.90641,7.50393,435,125560,0.3548,0.29,1,636515,636080,435
162283301,24.1813,23.9008,435,125560,0.35896,0.25,1,636543,636108,435
162286221,17.6363,15.9802,437,125560,0.303792,0.25,1,636559,636122,437
162288881,5.12725,4.79603,437,125560,0.284758,0.27,1,636561,636124,437
162291801,7.42545,10.5592,433,125560,0.320952,0.22,1,636569,636136,433
162294721,12.6851,12.5118,434,125560,0.28819,0.32,1,636583,636149,434
162297641,16.937,15.3024,436,125560,0.241638,0.31,1,636601,636165,436
162300321,8.1874,9.46047,434,125560,0.248328,0.25,1,636607,636173,434
162303241,17.6375,20.2921,431,125560,0.249666,0.21,1,636627,636196,431
162306161,13.1275,10.4584,435,125560,0.281933,0.21,1,636639,636204,435
162308021,6.6255,2.09168,440,125560,0.240387,0.29,1,636644,636204,440
162310941,4.5251,9.21834,433,125560,0.264077,0.29,1,636648,636215,433
162313221,8.10502,1.84367,442,125560,0.244815,0.21,1,636657,636215,442
162316141,11.221,14.7687,436,125560,0.296963,0.28,1,636669,636233,436
162319061,3.8442,4.55375,436,125560,0.315393,0.28,1,636671,636235,436
162321541,10.3688,0.910749,448,125560,0.311079,0.31,1,636683,636235,448
162324461,3.67377,9.78215,438,125560,0.302216,0.26,1,636685,636247,438
162326741,7.13475,3.55643,444,125560,0.212443,0.3,1,636693,636249,444
162329661,3.02695,9.51129,435,125560,0.282489,0.3,1,636695,636260,435
162332581,2.20539,1.90226,437,125560,0.288498,0.3,1,636697,636260,437
162335061,10.0411,1.98045,447,125560,0.2817,0.27,1,636709,636262,447
162337981,3.60822,11.5961,435,125560,0.25634,0.24,1,636711,636276,435
162339841,1.52164,3.91922,434,125560,0.267268,0.2,1,636712,636278,434
162342761,9.10433,3.98384,441,125560,0.261454,0.27,1,636723,636282,441
162345681,4.22087,7.19677,436,125560,0.268291,0.24,1,636726,636290,436
162348161,2.44417,4.63935,434,125560,0.245658,0.32,1,636728,636294,434
162351081,6.08883,5.72787,435,125560,0.193132,0.32,1,636735,636300,435
162354001,12.4178,1.14557,449,125560,0.230626,0.23,1,636749,636300,449
162356921,12.0836,11.4291,447,125560,0.294125,0.26,1,636761,636314,447
162358561,3.21671,10.2858,438,125560,0.290825,0.36,1,636762,636324,438
162361481,11.8433,7.65716,445,125560,0.282165,0.27,1,636776,636331,445
162364401,4.76867,8.73143,439,125560,0.272433,0.25,1,636779,636340,439
162366881,2.55373,3.34629,439,125560,0.302487,0.28,1,636781,636342,439
162369801,3.71075,7.06926,435,125560,0.268497,0.28,1,636785,636350,435
162372721,25.5422,1.41385,466,125560,0.285699,0.3,1,636816,636350,466
162375641,13.1084,23.4828,447,125560,0.23314,0.39,1,636826,636379,447
162378561,14.6217,15.8966,448,125560,0.294628,0.23,1,636841,636393,448
162381481,4.52434,11.1793,440,125560,0.338926,0.23,1,636843,636403,440
162383941,8.90487,3.83586,448,125560,0.227785,0.33,1,636853,636405,448
162386861,3.38097,11.1672,437,125560,0.333557,0.33,1,636855,636418,437
162389781,9.47619,2.23343,448,125560,0.378711,0.31,1,636866,636418,448
162392261,6.69524,7.64669,445,125560,0.363742,0.26,1,636872,636427,445
162395181,4.53905,6.32934,443,125560,0.288748,0.37,1,636876,636433,443
162397041,1.70781,5.26587,439,125560,0.28975,0.25,1,636877,636438,439
162399961,55.5416,54.6532,441,125560,0.28995,0.3,1,636946,636505,441
162402241,12.7083,12.5306,441,125560,0.34599,0.39,1,636948,636507,441
162405161,8.94166,9.70613,440,125560,0.293198,0.36,1,636956,636516,440
162408081,20.9883,23.5412,437,125560,0.28264,0.29,1,636980,636543,437
162411001,18.5977,17.5082,439,125560,0.256528,0.28,1,636998,636559,439
162413681,5.31953,5.10165,439,125560,0.227306,0.33,1,637000,636561,439
162416601,4.26391,7.42033,435,125560,0.245461,0.28,1,637004,636569,435
162419521,12.8528,12.6841,436,125560,0.313092,0.23,1,637019,636583,436
162422441,17.7706,16.9368,437,125560,0.326618,0.25,1,637038,636601,437
162425121,8.35411,8.18736,437,125560,0.321324,0.25,1,637044,636607,437
162428041,17.6708,17.6375,437,125560,0.304265,0.29,1,637064,636627,437
162430961,11.5342,13.1275,435,125560,0.260853,0.23,1,637074,636639,435
162433441,3.90683,6.6255,432,125560,0.252171,0.27,1,637076,636644,432
162436361,5.58137,4.5251,434,125560,0.250434,0.24,1,637082,636648,434
162438641,4.31627,8.10502,429,125560,0.226087,0.31,1,637086,636657,429
162441561,12.8633,11.221,432,125560,0.261217,0.32,1,637101,636669,432
162443841,8.17265,3.8442,437,125560,0.324243,0.31,1,637108,636671,437
162446761,8.03453,10.3688,433,125560,0.288849,0.3,1,637116,636683,433
162449681,6.40691,3.67377,437,125560,0.25777,0.19,1,637122,636685,437
162451541,6.88138,7.13475,436,125560,0.291554,0.29,1,637129,636693,436
162454461,2.97628,4.62695,434,125560,0.266311,0.29,1,637131,636697,434
162457381,2.19526,0.92539,436,125560,0.357262,0.28,1,637133,636697,436
162460301,5.23905,9.78508,430,125560,0.343452,0.25,1,637139,636709,430
162463221,2.64781,3.55702,430,125560,0.30869,0.27,1,637141,636711,430
162465061,10.1296,1.5114,441,125560,0.317738,0.26,1,637153,636712,441
162467981,3.62591,9.10228,432,125560,0.311548,0.27,1,637155,636723,432
162470881,4.72518,4.22046,434,125560,0.31831,0.23,1,637160,636726,434
162473801,6.54504,4.84409,436,125560,0.271662,0.18,1,637167,636731,436
162476721,16.509,4.16882,451,125560,0.246332,0.24,1,637186,636735,451
162479641,11.3018,12.0338,447,125560,0.313266,0.31,1,637196,636749,447
162481281,3.06036,12.0068,436,125560,0.350653,0.29,1,637197,636761,436
162484201,11.0121,3.20135,448,125560,0.334131,0.28,1,637210,636762,448
162487121,6.20241,11.8403,439,125560,0.242826,0.27,1,637215,636776,439
162489601,2.84048,4.76805,438,125560,0.280565,0.35,1,637217,636779,438
162492521,5.3681,8.95361,434,125560,0.256113,0.35,1,637223,636789,434
162495441,21.0736,1.79072,459,125560,0.155223,0.29,1,637248,636789,459
162498361,15.4147,21.9581,446,125560,0.231045,0.22,1,637262,636816,446
162501281,11.0829,12.3916,446,125560,0.302209,0.31,1,637272,636826,446
162504201,4.61659,14.4783,434,125560,0.340442,0.35,1,637275,636841,434
162506241,3.32332,4.49566,435,125560,0.292088,0.2,1,637278,636843,435
162509161,12.6647,8.89913,440,125560,0.242418,0.36,1,637293,636853,440
162512081,4.13293,3.37983,440,125560,0.200484,0.39,1,637295,636855,440
162515001,5.62659,9.47597,435,125560,0.312097,0.36,1,637301,636866,435
162517681,5.92532,6.69519,435,125560,0.326419,0.27,1,637307,636872,435
162520601,9.18506,7.73904,437,125560,0.321284,0.27,1,637317,636880,437
162523521,53.037,1.54781,501,125560,0.224257,0.29,1,637381,636880,501
162526441,13.8074,53.1096,439,125560,0.252851,0.28,1,637385,636946,439
162529361,7.56148,18.6219,435,125560,0.25857,0.28,1,637391,636956,435
162532281,19.1123,22.9244,433,125560,0.299714,0.25,1,637413,636980,433
162535201,21.4225,18.9849,437,125560,0.307943,0.22,1,637435,636998,437
162538121,5.88449,5.39698,437,125560,0.277589,0.22,1,637437,637000,437
162539941,5.1769,1.07939,442,125560,0.263518,0.31,1,637442,637000,442
162542861,5.83538,4.21588,443,125560,0.332704,0.33,1,637448,637005,443
162545781,21.9671,12.0432,455,125560,0.282541,0.33,1,637474,637019,455
162548701,7.59342,17.6086,440,125560,0.320508,0.32,1,637478,637038,440
162551381,17.5187,8.32173,454,125560,0.304102,0.3,1,637498,637044,454
162554301,9.90374,17.6643,442,125560,0.26882,0.25,1,637506,637064,442
162557221,3.58075,11.5329,434,125560,0.261764,0.25,1,637508,637074,434
162559701,8.71615,3.90657,442,125560,0.268353,0.25,1,637518,637076,442
162562621,4.94323,5.58131,440,125560,0.293671,0.22,1,637522,637082,440
162565541,13.7886,4.31626,452,125560,0.306734,0.27,1,637538,637086,452
162568461,4.35773,12.8633,439,125560,0.285347,0.28,1,637540,637101,439
162571381,11.2715,14.5727,437,125560,0.345069,0.25,1,637553,637116,437
162574301,8.65431,7.71453,439,125560,0.269014,0.25,1,637561,637122,439
162576341,6.53086,1.54291,445,125560,0.309803,0.26,1,637567,637122,445
162579261,2.90617,7.50858,438,125560,0.293961,0.38,1,637569,637131,438
162582161,2.18123,3.10172,438,125560,0.266792,0.34,1,637571,637133,438
162585081,5.23625,5.42034,438,125560,0.349358,0.3,1,637577,637139,438
162588001,2.64725,2.68407,438,125560,0.357872,0.3,1,637579,637141,438
162589861,7.72945,0.536814,447,125560,0.335574,0.31,1,637588,637141,447
162592781,3.14589,11.3074,435,125560,0.323115,0.32,1,637590,637155,435
162595061,5.42918,6.26147,436,125560,0.232623,0.26,1,637596,637160,436
162597981,5.08584,6.85229,434,125560,0.230525,0.24,1,637601,637167,434
162600901,19.4172,16.5705,438,125560,0.198105,0.33,1,637624,637186,438
162603821,8.68343,11.3141,434,125560,0.207621,0.36,1,637630,637196,434
162606741,4.93669,3.06282,437,125560,0.241524,0.33,1,637634,637197,437
162609661,10.5873,11.0126,436,125560,0.296305,0.22,1,637646,637210,436
162612321,4.51747,6.20251,434,125560,0.267261,0.31,1,637649,637215,434
162615241,6.50349,3.6405,438,125560,0.181452,0.25,1,637656,637218,438
162618161,22.9007,4.7281,460,125560,0.18029,0.13,1,637683,637223,460
162621081,17.3801,20.9456,451,125560,0.316058,0.25,1,637699,637248,451
162624001,11.476,15.3891,447,125560,0.239212,0.32,1,637709,637262,447
162625841,3.09521,11.0778,438,125560,0.239842,0.35,1,637710,637272,438
162628761,2.21904,4.61556,437,125560,0.327968,0.28,1,637712,637275,437
162631681,2.04381,3.32311,436,125560,0.313594,0.23,1,637714,637278,436
162634601,14.0088,12.6646,438,125560,0.302719,0.19,1,637731,637293,438
162637281,4.40175,4.13292,438,125560,0.268544,0.36,1,637733,637295,438
162640201,7.28035,8.02659,437,125560,0.333709,0.33,1,637741,637304,437
162643121,4.65607,4.00532,438,125560,0.346742,0.32,1,637745,637307,438
162646041,5.73121,8.80106,434,125560,0.357348,0.2,1,637751,637317,434
162648961,54.7462,52.9602,437,125560,0.24747,0.26,1,637818,637381,437
162650801,13.3492,13.792,436,125560,0.209494,0.26,1,637821,637385,436
162653721,7.46985,7.55841,436,125560,0.257899,0.31,1,637827,637391,436
162656641,17.494,19.1117,434,125560,0.25158,0.31,1,637847,637413,434
162659561,22.6988,21.4223,436,125560,0.226316,0.27,1,637871,637435,436
162662481,7.73976,5.88447,438,125560,0.277263,0.27,1,637875,637437,438
162664741,4.74795,1.17689,442,125560,0.255453,0.35,1,637879,637437,442
162667661,5.74959,9.03538,437,125560,0.195091,0.27,1,637885,637448,437
162670581,18.7499,22.6071,433,125560,0.271018,0.33,1,637907,637474,433
162673501,6.94998,7.72142,433,125560,0.286204,0.33,1,637911,637478,433
162675141,18.99,1.54428,455,125560,0.257241,0.3,1,637933,637478,455
162678061,10.198,16.3089,443,125560,0.267448,0.26,1,637941,637498,443
162680981,4.4396,9.66177,438,125560,0.26949,0.26,1,637944,637506,438
162683461,6.48792,3.53235,443,125560,0.245898,0.27,1,637951,637508,443
162686381,9.29758,8.70647,443,125560,0.24918,0.3,1,637961,637518,443
162689301,9.05952,4.94129,448,125560,0.193836,0.31,1,637970,637522,448
162692221,9.0119,13.7883,441,125560,0.246767,0.28,1,637979,637538,441
162694901,6.60238,4.35765,445,125560,0.217353,0.36,1,637985,637540,445
162697821,8.52048,11.2715,441,125560,0.283471,0.25,1,637994,637553,441
162700741,11.3041,8.65431,445,125560,0.208694,0.32,1,638006,637561,445
162703221,4.66082,6.53086,442,125560,0.177739,0.28,1,638009,637567,442
162706141,3.33216,5.30617,440,125560,0.251548,0.28,1,638012,637572,440
162709061,2.26643,1.06123,442,125560,0.23431,0.37,1,638014,637572,442
162711981,2.05329,4.21225,439,125560,0.238862,0.36,1,638016,637577,439
162714661,3.61066,2.44245,441,125560,0.263772,0.32,1,638020,637579,441
162717581,2.32213,9.28849,432,125560,0.236754,0.21,1,638022,637590,432
162719861,10.0644,6.6577,438,125560,0.287351,0.23,1,638034,637596,438
162722781,3.61289,5.33154,435,125560,0.26547,0.19,1,638036,637601,435
162725701,18.3226,19.4663,434,125560,0.277094,0.21,1,638058,637624,434
162728621,8.46452,8.69326,434,125560,0.239419,0.25,1,638064,637630,434
162731541,6.4929,4.93865,436,125560,0.271884,0.25,1,638070,637634,436
162733381,5.29858,0.98773,441,125560,0.342377,0.31,1,638075,637634,441
162736301,9.05972,9.79755,439,125560,0.324475,0.26,1,638085,637646,439
162738581,8.21194,4.35951,444,125560,0.264895,0.31,1,638093,637649,444
162741501,21.6424,8.0719,460,125560,0.268979,0.18,1,638118,637658,460
162744421,13.9285,21.6144,447,125560,0.357796,0.35,1,638130,637683,447
162747341,13.9857,17.1229,445,125560,0.351559,0.22,1,638144,637699,445
162750021,5.19714,11.4246,438,125560,0.302312,0.35,1,638147,637709,438
162752941,3.43943,4.68491,438,125560,0.324462,0.31,1,638150,637712,438
162755861,2.28789,2.53698,438,125560,0.328892,0.31,1,638152,637714,438
162758341,14.0576,0.507397,455,125560,0.329778,0.3,1,638169,637714,455
162761261,4.41152,13.7015,440,125560,0.321956,0.26,1,638171,637731,440
162763541,7.2823,4.3403,446,125560,0.256391,0.37,1,638179,637733,446
162766461,4.65646,8.06806,441,125560,0.355278,0.35,1,638183,637742,441
162769381,5.73129,4.01361,444,125560,0.375056,0.36,1,638189,637745,444
162772301,51.5463,5.60272,501,125560,0.307011,0.22,1,638252,637751,501
162775221,11.9093,54.7205,436,125560,0.301402,0.27,1,638254,637818,436
162778101,14.3819,18.1441,442,125560,0.38028,0.25,1,638269,637827,442
162781021,14.8764,19.6288,437,125560,0.340056,0.22,1,638284,637847,437
162783941,18.1753,23.1258,432,125560,0.300011,0.29,1,638303,637871,432
162786861,6.83505,7.82515,432,125560,0.260002,0.29,1,638307,637875,432
162788501,10.167,1.56503,443,125560,0.332,0.22,1,638318,637875,443
162791421,3.6334,6.71301,437,125560,0.3224,0.18,1,638320,637883,437
162794341,17.5267,2.9426,456,125560,0.33648,0.29,1,638341,637885,456
162797261,6.70534,18.1885,438,125560,0.315296,0.29,1,638345,637907,438
162799941,19.7411,6.8377,457,125560,0.335059,0.27,1,638368,637911,457
162802861,10.3482,25.3675,435,125560,0.251012,0.27,1,638376,637941,435
162805781,3.66964,7.47351,434,125560,0.266202,0.24,1,638378,637944,434
162808701,7.13393,7.0947,435,125560,0.29324,0.24,1,638386,637951,435
162810341,5.42679,1.41894,440,125560,0.314648,0.25,1,638391,637951,440
162813261,11.4854,8.28379,443,125560,0.29493,0.18,1,638404,637961,443
162816181,10.2971,8.85676,444,125560,0.314986,0.26,1,638414,637970,444
162819101,6.85941,8.97135,441,125560,0.254997,0.21,1,638420,637979,441
162821781,5.37188,6.59427,440,125560,0.250999,0.3,1,638425,637985,440
162824701,11.4744,8.51885,444,125560,0.3062,0.19,1,638438,637994,444
162827621,4.69488,11.3038,435,125560,0.33324,0.17,1,638441,638006,435
162830101,3.33898,4.66075,435,125560,0.290648,0.27,1,638444,638009,435
162833021,5.4678,3.33215,438,125560,0.31413,0.23,1,638450,638012,438
162835301,4.29356,2.26643,440,125560,0.302826,0.27,1,638454,638014,440
162838221,2.45871,5.25329,436,125560,0.356565,0.27,1,638456,638020,436
162841141,2.09174,1.05066,438,125560,0.335313,0.23,1,638458,638020,438
162843621,5.21835,1.81013,442,125560,0.371063,0.3,1,638464,638022,442
162846541,2.64367,9.96203,432,125560,0.362213,0.26,1,638466,638034,432
162849461,19.7287,3.59241,454,125560,0.184443,0.28,1,638490,638036,454
162852381,14.3457,18.3185,445,125560,0.244889,0.23,1,638503,638058,445
162855061,7.66915,8.4637,445,125560,0.232978,0.28,1,638509,638064,445
162857981,4.73383,6.49274,443,125560,0.270596,0.36,1,638513,638070,443
162860261,5.74677,5.29855,444,125560,0.230119,0.32,1,638519,638075,444
162863181,7.54935,9.05971,442,125560,0.310024,0.25,1,638527,638085,442
162865461,19.1099,8.21194,456,125560,0.270005,0.27,1,638549,638093,456
162868381,20.622,21.6424,452,125560,0.166001,0.38,1,638570,638118,452
162871301,13.7244,13.9285,452,125560,0.2732,0.35,1,638582,638130,452
162874221,4.34488,13.9857,440,125560,0.31864,0.29,1,638584,638144,440
162876901,6.46898,5.19714,444,125560,0.367728,0.35,1,638591,638147,444
162879821,3.6938,9.03943,437,125560,0.353546,0.35,1,638594,638157,437
162882741,7.93876,1.80789,446,125560,0.302709,0.32,1,638603,638157,446
162885661,7.98775,11.5616,440,125560,0.300542,0.24,1,638611,638171,440
162888581,7.99755,8.71232,440,125560,0.244108,0.38,1,638619,638179,440
162891501,4.79951,4.94246,440,125560,0.216822,0.38,1,638623,638183,440
162894421,5.7599,5.78849,440,125560,0.339364,0.29,1,638629,638189,440
162897341,47.552,51.5577,435,125560,0.371873,0.3,1,638687,638252,435
162900261,12.7104,11.9115,437,125560,0.378375,0.3,1,638691,638254,437
162901861,16.9421,2.38231,455,125560,0.219675,0.4,1,638709,638254,455
162904781,13.7884,12.4765,453,125560,0.235935,0.33,1,638722,638269,453
162907701,19.5577,14.4953,459,125560,0.263187,0.29,1,638743,638284,459
162910621,5.51154,18.0991,442,125560,0.260637,0.25,1,638745,638303,442
162913541,9.10231,6.81981,448,125560,0.292127,0.32,1,638755,638307,448
162916461,3.42046,11.764,437,125560,0.306425,0.34,1,638757,638320,437
162919381,18.2841,19.1528,438,125560,0.229285,0.31,1,638779,638341,438
162922241,9.25682,7.03056,441,125560,0.325857,0.34,1,638786,638345,441
162925161,16.2514,19.8061,436,125560,0.313171,0.23,1,638804,638368,436
162927441,11.2503,10.3612,438,125560,0.222634,0.27,1,638814,638376,438
162930361,3.85005,3.67224,438,125560,0.284527,0.3,1,638816,638378,438
162933281,8.77001,7.13445,440,125560,0.208905,0.3,1,638826,638386,440
162935141,4.154,1.42689,443,125560,0.249781,0.29,1,638829,638386,443
162938061,11.2308,14.6854,438,125560,0.241956,0.32,1,638842,638404,438
162940981,5.44616,10.9371,432,125560,0.240391,0.24,1,638846,638414,432
162943901,12.2892,6.98742,440,125560,0.216078,0.24,1,638860,638420,440
162945541,3.25785,1.39748,441,125560,0.227216,0.25,1,638861,638420,441
162948461,11.8516,4.2795,450,125560,0.277443,0.32,1,638875,638425,450
162951381,4.77031,11.2559,440,125560,0.239489,0.34,1,638878,638438,440
162953861,6.55406,4.65118,444,125560,0.231898,0.33,1,638885,638441,444
162956781,3.71081,4.13024,443,125560,0.22238,0.32,1,638888,638445,443
162959701,6.34216,4.82605,445,125560,0.220476,0.37,1,638895,638450,445
162962621,2.86843,5.76521,441,125560,0.228095,0.33,1,638897,638456,441
162965301,5.37369,2.75304,445,125560,0.173619,0.35,1,638903,638458,445
162968221,2.67474,9.35061,436,125560,0.146724,0.35,1,638905,638469,436
162971141,2.13495,1.87012,438,125560,0.229345,0.14,1,638907,638469,438
162974061,14.827,17.174,435,125560,0.213869,0.26,1,638925,638490,435
162976981,14.9654,13.8348,437,125560,0.234774,0.23,1,638940,638503,437
162979901,4.59308,7.56696,433,125560,0.262955,0.23,1,638942,638509,433
162981941,10.5186,1.51339,445,125560,0.244591,0.28,1,638954,638509,445
162984861,3.70372,3.50268,443,125560,0.216918,0.33,1,638956,638513,443
162987781,2.34074,11.9005,431,125560,0.179384,0.26,1,638958,638527,431
162990701,23.6681,19.9801,438,125560,0.179877,0.14,1,638987,638549,438
162993621,19.9336,20.796,436,125560,0.155975,0.3,1,639006,638570,436
162996541,16.7867,13.7592,440,125560,0.191195,0.33,1,639022,638582,440
162999201,4.95734,4.35184,440,125560,0.222239,0.38,1,639024,638584,440
163002121,4.19147,6.47037,437,125560,0.156448,0.35,1,639028,638591,437
163004401,4.03829,3.69407,438,125560,0.19929,0.29,1,639032,638594,438
163007321,8.00766,7.93881,438,125560,0.239858,0.3,1,639041,638603,438
163010241,3.20153,7.98776,432,125560,0.247972,0.3,1,639043,638611,432
163012101,11.8403,1.59755,446,125560,0.233594,0.23,1,639057,638611,446
163015021,5.56806,6.71951,442,125560,0.174719,0.21,1,639061,638619,442
163017941,5.91361,4.5439,444,125560,0.106944,0.37,1,639067,638623,444
163020421,43.5827,5.70878,491,125560,0.101389,0.38,1,639120,638629,491
163023341,10.3165,47.5418,435,125560,0.220278,0.38,1,639122,638687,435
163025201,2.86331,12.7084,432,125560,0.260056,0.18,1,639123,638691,432
163028121,26.1727,16.9417,446,125560,0.268011,0.24,1,639155,638709,446
163031041,18.0345,13.7883,449,125560,0.245602,0.27,1,639171,638722,449
163033961,12.4069,19.5577,439,125560,0.19312,0.26,1,639182,638743,439
163035601,3.28138,5.51153,438,125560,0.166624,0.3,1,639183,638745,438
163038521,7.05628,9.10231,436,125560,0.121325,0.31,1,639191,638755,436
163040801,3.01126,3.42046,436,125560,0.232265,0.21,1,639193,638757,436
163043721,17.4023,18.2841,435,125560,0.262453,0.35,1,639214,638779,435
163046641,9.88045,9.25682,436,125560,0.196491,0.31,1,639222,638786,436
163049561,14.7761,16.2514,434,125560,0.263298,0.2,1,639238,638804,434
163052481,8.55522,11.2503,431,125560,0.28466,0.3,1,639245,638814,431
163055361,4.11104,3.85005,432,125560,0.248932,0.19,1,639248,638816,432
163058281,9.62221,8.77001,433,125560,0.193786,0.26,1,639259,638826,433
163060561,5.12444,4.154,434,125560,0.174757,0.24,1,639263,638829,434
163063481,9.02489,11.2308,431,125560,0.250951,0.24,1,639273,638842,431
163065761,8.20498,5.44616,435,125560,0.24219,0.21,1,639281,638846,435
163068681,11.241,12.2892,433,125560,0.248438,0.23,1,639293,638860,433
163071601,14.2482,3.25785,447,125560,0.0896876,0.29,1,639308,638861,447
163074521,5.24964,11.8516,436,125560,0.185938,0.23,1,639311,638875,436
163076161,2.64993,4.77031,435,125560,0.173188,0.23,1,639313,638878,435
163079081,3.72999,6.55406,432,125560,0.106638,0.22,1,639317,638885,432
163082001,2.346,3.71081,431,125560,0.133327,0.22,1,639319,638888,431
163083861,8.4692,6.34216,434,125560,0.202666,0.23,1,639329,638895,434
163086781,3.29384,2.86843,434,125560,0.232533,0.16,1,639331,638897,434
163089701,3.85877,5.37369,432,125560,0.206507,0.16,1,639335,638903,432
163092181,3.17175,1.07474,435,125560,0.161301,0.14,1,639338,638903,435
163095101,3.03435,1.81495,436,125560,0.12826,0.25,1,639341,638905,436
163098021,12.6069,1.96299,449,125560,0.249652,0.21,1,639356,638907,449
163100941,11.3214,14.7926,442,125560,0.28993,0.24,1,639367,638925,442
163103861,8.66427,14.9585,435,125560,0.233986,0.27,1,639375,638940,435
163105701,8.13285,4.5917,441,125560,0.182797,0.24,1,639383,638942,441
163108621,5.62657,10.5183,434,125560,0.124559,0.21,1,639388,638954,434
163110481,1.92531,3.70367,433,125560,0.0969119,0.18,1,639389,638956,433
163113401,22.7851,6.34073,454,125560,0.107382,0.18,1,639417,638963,454
163116321,21.357,20.4681,451,125560,0.0934765,0.15,1,639438,638987,451
163119241,17.0714,19.2936,448,125560,0.210695,0.2,1,639454,639006,448
163122161,5.01428,16.6587,434,125560,0.258139,0.23,1,639456,639022,434
163124001,1.80286,4.93174,433,125560,0.251628,0.25,1,639457,639024,433
163126921,5.16057,5.78635,433,125560,0.218326,0.21,1,639463,639030,433
163129841,2.63211,2.75727,433,125560,0.203665,0.25,1,639465,639032,433
163132761,6.92642,7.75145,432,125560,0.208733,0.25,1,639473,639041,432
163135441,2.98528,3.15029,432,125560,0.257747,0.23,1,639475,639043,432
163138361,14.1971,11.8301,435,125560,0.283549,0.16,1,639492,639057,435
163140641,7.63941,5.56601,437,125560,0.19271,0.26,1,639498,639061,437
163143561,46.3279,9.1132,483,125560,0.134542,0.1,1,639554,639071,483
163146481,10.8656,41.0226,436,125560,0.210908,0.25,1,639556,639120,436
163148961,3.77312,9.80453,436,125560,0.234182,0.26,1,639558,639122,436
163151881,26.3546,5.16091,464,125560,0.206836,0.27,1,639590,639126,464
163154801,13.2709,24.2322,445,125560,0.161367,0.24,1,639600,639155,445
163157721,9.85418,17.6464,438,125560,0.208273,0.18,1,639609,639171,438
163160641,9.17084,12.3293,436,125560,0.169655,0.11,1,639618,639182,436
163163561,6.63417,9.66586,433,125560,0.201931,0.26,1,639624,639191,433
163166481,15.7268,3.53317,449,125560,0.248386,0.27,1,639642,639193,449
163169401,11.9454,17.5066,439,125560,0.281677,0.18,1,639653,639214,439
163171841,3.98907,9.90133,433,125560,0.272335,0.28,1,639655,639222,433
163174761,14.3978,14.7803,434,125560,0.254467,0.29,1,639672,639238,434
163177681,6.07956,8.55605,431,125560,0.314893,0.24,1,639676,639245,431
163180161,2.81591,4.11121,430,125560,0.294979,0.18,1,639678,639248,430
163183081,11.7632,9.62224,433,125560,0.234996,0.17,1,639692,639259,433
163186001,7.15264,5.12445,435,125560,0.174999,0.27,1,639698,639263,435
163188921,6.23053,9.02489,431,125560,0.251,0.24,1,639704,639273,431
163191841,13.2461,8.20498,438,125560,0.2342,0.25,1,639719,639281,438
163194761,15.4492,11.241,442,125560,0.23884,0.05,1,639735,639293,442
163197681,5.48984,14.2482,430,125560,0.199768,0.21,1,639738,639308,430
163200341,8.29797,5.24964,436,125560,0.295954,0.09,1,639747,639311,436
163203261,4.85959,5.84993,434,125560,0.315191,0.14,1,639751,639317,434
163206181,2.57192,2.76999,434,125560,0.287038,0.14,1,639753,639319,434
163208661,3.71438,0.553997,438,125560,0.305408,0.24,1,639757,639319,438
163211581,2.34288,9.7108,428,125560,0.317082,0.2,1,639759,639331,428
163213861,9.26858,5.14216,435,125560,0.335416,0.14,1,639770,639335,435
163216781,3.45372,5.02843,432,125560,0.307083,0.12,1,639772,639340,432
163219701,2.29074,1.80569,433,125560,0.301417,0.28,1,639774,639341,433
163222621,10.0581,12.3611,430,125560,0.244283,0.3,1,639786,639356,430
163225541,14.0116,11.2722,434,125560,0.224857,0.3,1,639801,639367,434
163227381,3.60233,2.25445,435,125560,0.204971,0.22,1,639802,639367,435
163230301,9.52047,6.85089,438,125560,0.288994,0.11,1,639813,639375,438
163233221,6.70409,11.7702,431,125560,0.297799,0.09,1,639819,639388,431
163236141,23.7408,3.15404,458,125560,0.29156,0.11,1,639847,639389,458
163239061,17.5482,23.0308,446,125560,0.322312,0.09,1,639863,639417,446
163241981,20.3096,21.4062,446,125560,0.192462,0.24,1,639884,639438,446
163244901,6.46193,17.0812,433,125560,0.310492,0.27,1,639887,639454,433
163246721,2.89239,5.01625,433,125560,0.302098,0.21,1,639889,639456,433
163249641,6.97848,6.60325,434,125560,0.26842,0.21,1,639897,639463,434
163252561,2.9957,1.32065,436,125560,0.309684,0.2,1,639899,639463,436
163255041,2.19914,1.86413,436,125560,0.285937,0.21,1,639901,639465,436
163257961,5.23983,6.77283,434,125560,0.281187,0.27,1,639907,639473,434
163260241,2.64797,2.95457,434,125560,0.312237,0.29,1,639909,639475,434
163263161,11.7296,14.1909,431,125560,0.366447,0.17,1,639923,639492,431
163266081,11.1459,7.63818,436,125560,0.32929,0.12,1,639934,639498,436
163269001,47.0292,46.3276,436,125560,0.353858,0.23,1,639990,639554,436
163271681,11.0058,10.8655,436,125560,0.358772,0.29,1,639992,639556,436
163274601,24.6012,12.5731,451,125560,0.247754,0.2,1,640020,639569,451
163277521,16.9202,19.3146,445,125560,0.273551,0.15,1,640035,639590,445
163280441,4.98405,11.8629,437,125560,0.27071,0.22,1,640037,639600,437
163282081,1.79681,9.57258,429,125560,0.286142,0.16,1,640038,639609,429
163285001,7.55936,9.11452,429,125560,0.201228,0.21,1,640047,639618,429
163287921,11.9119,6.6229,436,125560,0.264246,0.21,1,640060,639624,436
163289781,15.1824,1.32458,452,125560,0.284849,0.26,1,640076,639624,452
163292701,7.83647,14.6649,440,125560,0.30497,0.29,1,640082,639642,440
163295621,3.16729,11.733,431,125560,0.276994,0.27,1,640084,639653,431
163298101,19.0335,3.9466,452,125560,0.167399,0.25,1,640107,639655,452
163301021,7.00669,14.3893,439,125560,0.25748,0.33,1,640111,639672,439
163302881,2.20134,6.07786,436,125560,0.291496,0.33,1,640112,639676,436
163305801,7.64027,9.21557,435,125560,0.266299,0.22,1,640121,639686,435
163308721,11.1281,6.64311,441,125560,0.29326,0.16,1,640133,639692,441
163311201,3.82561,6.12862,437,125560,0.266652,0.27,1,640135,639698,437
163314121,5.56512,6.02572,437,125560,0.19733,0.23,1,640141,639704,437
163317041,13.113,13.2051,437,125560,0.207466,0.24,1,640156,639719,437
163319961,10.6226,15.441,431,125560,0.257493,0.19,1,640166,639735,431
163322641,11.7245,5.48821,440,125560,0.275499,0.32,1,640178,639738,440
163325561,8.7449,8.29764,439,125560,0.1991,0.32,1,640186,639747,439
163327841,4.14898,4.85953,438,125560,0.28782,0.34,1,640189,639751,438
163330761,4.8298,4.97191,438,125560,0.241564,0.31,1,640194,639756,438
163333681,2.56596,1.79438,439,125560,0.288313,0.32,1,640196,639757,439
163336601,2.11319,1.95888,439,125560,0.313663,0.34,1,640198,639759,439
163339521,6.82264,9.19178,436,125560,0.262733,0.3,1,640206,639770,436
163342401,2.96453,3.43835,436,125560,0.220547,0.23,1,640208,639772,436
163345321,10.9929,11.8877,435,125560,0.316109,0.23,1,640221,639786,435
163348241,12.5986,2.37753,448,125560,0.319222,0.22,1,640234,639786,448
163351161,4.11972,12.4755,435,125560,0.319844,0.2,1,640236,639801,435
163352801,1.62394,3.2951,435,125560,0.295969,0.31,1,640237,639802,435
163355721,8.32479,9.45902,434,125560,0.347194,0.3,1,640247,639813,434
163358001,8.86496,6.6918,437,125560,0.277439,0.29,1,640256,639819,437
163360921,24.173,23.7384,437,125560,0.311488,0.33,1,640284,639847,437
163363841,16.0346,17.5477,435,125560,0.334298,0.16,1,640298,639863,435
163366761,20.0069,20.3095,435,125560,0.25886,0.34,1,640319,639884,435
163369441,6.40138,6.46191,435,125560,0.267772,0.3,1,640322,639887,435
163372361,10.8803,7.69238,439,125560,0.285554,0.26,1,640334,639895,439
163375281,4.57606,3.13848,440,125560,0.265111,0.32,1,640337,639897,440
163377761,2.51521,2.2277,440,125560,0.293022,0.28,1,640339,639899,440
163380681,5.30304,6.84554,438,125560,0.266604,0.28,1,640345,639907,438
163383601,2.66061,1.36911,440,125560,0.285321,0.32,1,640347,639907,440
163386521,10.1321,1.87382,450,125560,0.321064,0.38,1,640359,639909,450
163389441,10.0264,11.5748,446,125560,0.288213,0.32,1,640369,639923,446
163392361,49.2053,11.115,494,125560,0.305643,0.36,1,640428,639934,494
163395281,11.4411,47.023,440,125560,0.309129,0.36,1,640430,639990,440
163397941,22.2882,11.0046,463,125560,0.325826,0.22,1,640455,639992,463
163400861,12.4576,24.6009,445,125560,0.233165,0.28,1,640465,640020,445
163403781,4.09153,16.9202,432,125560,0.334633,0.27,1,640467,640035,432
163406261,9.61831,4.98404,441,125560,0.330927,0.18,1,640478,640037,441
163409181,5.12366,8.99681,435,125560,0.290185,0.28,1,640482,640047,435
163412101,13.0247,12.1994,437,125560,0.330037,0.29,1,640497,640060,437
163415021,14.6049,15.2399,436,125560,0.298007,0.31,1,640512,640076,436
163417941,6.12099,7.84797,434,125560,0.299601,0.27,1,640516,640082,434
163420861,6.0242,3.16959,438,125560,0.29192,0.14,1,640522,640084,438
163423781,20.4048,19.0339,439,125560,0.322384,0.28,1,640546,640107,439
163426641,6.48097,7.00678,438,125560,0.392477,0.28,1,640549,640111,438
163429561,7.69619,7.00136,439,125560,0.390495,0.26,1,640557,640118,439
163432481,9.53924,3.80027,446,125560,0.294099,0.3,1,640567,640121,446
163435401,3.50785,10.3601,436,125560,0.27482,0.26,1,640569,640133,436
163437461,8.70157,3.67201,444,125560,0.342964,0.32,1,640579,640135,444
163440381,12.1403,10.3344,445,125560,0.316593,0.21,1,640592,640147,445
163443301,9.62806,9.26688,445,125560,0.351319,0.27,1,640601,640156,445
163445781,13.1256,9.85338,449,125560,0.342264,0.28,1,640615,640166,449
163448701,9.02512,11.5707,445,125560,0.308453,0.18,1,640623,640178,445
163451621,3.40502,8.71414,439,125560,0.325691,0.31,1,640625,640186,439
163453681,3.881,4.14283,440,125560,0.281138,0.29,1,640629,640189,440
163456601,5.5762,10.4286,434,125560,0.344228,0.29,1,640635,640201,434
163459521,2.71524,2.08571,436,125560,0.332846,0.29,1,640637,640201,436
163462441,2.14305,0.417143,438,125560,0.346569,0.25,1,640639,640201,438
163465361,2.02861,4.08343,435,125560,0.389314,0.21,1,640641,640206,435
163467201,1.20572,2.41669,434,125560,0.381863,0.34,1,640642,640208,434
163470121,14.6411,10.8833,439,125560,0.364373,0.32,1,640660,640221,439
163473041,13.3282,12.5767,439,125560,0.384874,0.32,1,640673,640234,439
163475521,4.26565,4.11533,439,125560,0.388975,0.37,1,640675,640236,439
163478441,4.05313,6.42307,436,125560,0.333795,0.36,1,640679,640243,436
163481361,6.41063,4.48461,439,125560,0.282759,0.26,1,640686,640247,439
163484281,26.8821,8.09692,462,125560,0.304552,0.32,1,640718,640256,462
163487201,17.3764,24.0194,449,125560,0.33291,0.34,1,640733,640284,449
163490121,18.6753,16.0039,454,125560,0.314582,0.24,1,640752,640298,454
163493041,8.53506,20.0008,439,125560,0.246916,0.27,1,640758,640319,439
163495701,8.90701,6.40016,445,125560,0.281383,0.29,1,640767,640322,445
163498621,7.3814,10.88,440,125560,0.344277,0.26,1,640774,640334,440
163500481,2.27628,4.57601,438,125560,0.332855,0.26,1,640775,640337,438
163503401,5.25526,4.1152,440,125560,0.354571,0.26,1,640781,640341,440
163506321,2.65105,4.02304,438,125560,0.318914,0.29,1,640783,640345,438
163508801,2.13021,2.40461,438,125560,0.295783,0.33,1,640785,640347,438
163511721,8.42604,10.0809,436,125560,0.363157,0.28,1,640795,640359,436
163514001,8.08521,10.0162,434,125560,0.400631,0.31,1,640803,640369,434
163516921,50.417,49.2032,436,125560,0.360126,0.31,1,640864,640428,436
163519841,11.6834,11.4406,436,125560,0.360025,0.31,1,640866,640430,436
163521701,19.1367,2.28813,457,125560,0.416005,0.33,1,640887,640430,457
163524621,15.0273,20.4576,446,125560,0.339201,0.21,1,640901,640455,446
163527541,4.60547,12.0915,438,125560,0.29184,0.36,1,640903,640465,438
163530021,7.32109,4.0183,444,125560,0.378368,0.33,1,640911,640467,444
163532941,3.86422,9.60366,436,125560,0.403674,0.28,1,640914,640478,436
163535861,15.9728,5.12073,451,125560,0.264735,0.34,1,640933,640482,451
163538781,14.3946,13.0241,450,125560,0.244947,0.29,1,640947,640497,450
163541701,9.27891,14.6048,443,125560,0.280989,0.3,1,640955,640512,443
163544581,4.25578,6.12097,442,125560,0.344198,0.36,1,640958,640516,442
163547501,22.4512,6.82419,462,125560,0.31684,0.33,1,640985,640523,462
163550421,6.09023,19.7648,441,125560,0.351368,0.41,1,640987,640546,441
163552901,4.41805,6.35297,442,125560,0.326274,0.39,1,640991,640549,442
163555821,9.68361,7.67059,445,125560,0.337255,0.27,1,641002,640557,445
163558741,7.53672,9.53412,442,125560,0.283451,0.27,1,641009,640567,442
163561221,7.90734,3.50682,448,125560,0.20069,0.36,1,641017,640569,448
163564141,12.7815,8.70136,452,125560,0.256138,0.31,1,641031,640579,452
163567061,9.75629,12.1403,448,125560,0.195228,0.36,1,641040,640592,448
163569981,13.1513,9.62805,453,125560,0.215046,0.3,1,641054,640601,453
163572901,4.23025,19.5256,433,125560,0.219009,0.33,1,641056,640623,433
163575781,10.4461,5.50512,443,125560,0.179802,0.27,1,641068,640625,443
163578701,3.68921,4.30102,441,125560,0.19596,0.36,1,641070,640629,441
163581621,3.93784,5.66021,439,125560,0.263192,0.33,1,641074,640635,439
163584101,2.38757,2.73204,439,125560,0.244638,0.42,1,641076,640637,439
163587021,2.07751,2.94641,438,125560,0.248928,0.4,1,641078,640640,438
163589941,2.0155,1.38928,439,125560,0.249786,0.38,1,641080,640641,439
163592861,10.0031,1.07786,450,125560,0.313957,0.36,1,641092,640642,450
163595781,13.2006,14.6156,446,125560,0.302791,0.39,1,641106,640660,446
163598701,4.24012,13.3231,435,125560,0.268558,0.39,1,641108,640673,435
163600321,1.64802,4.26462,434,125560,0.269712,0.26,1,641109,640675,434
163603241,9.12961,8.05292,436,125560,0.309942,0.27,1,641120,640684,436
163606161,3.42592,3.21058,436,125560,0.317988,0.31,1,641122,640686,436
163609081,23.0852,26.2421,432,125560,0.247598,0.34,1,641150,640718,432
163612001,21.417,17.2484,438,125560,0.21752,0.31,1,641171,640733,438
163614921,16.2834,18.6497,434,125560,0.331504,0.23,1,641186,640752,434
163617841,8.85668,8.52994,435,125560,0.306301,0.23,1,641193,640758,435
163619461,9.77134,1.70599,445,125560,0.33326,0.29,1,641203,640758,445
163622381,7.55427,7.5412,443,125560,0.346652,0.36,1,641210,640767,443
163624661,5.51085,7.10824,441,125560,0.31733,0.36,1,641215,640774,441
163627581,6.70217,7.02165,441,125560,0.311466,0.31,1,641222,640781,441
163630501,2.94043,3.00433,441,125560,0.310293,0.31,1,641224,640783,441
163632981,5.38809,0.600866,447,125560,0.294059,0.38,1,641230,640783,447
163635901,5.87762,9.72017,441,125560,0.242812,0.41,1,641236,640795,441
163638821,5.97552,8.34403,439,125560,0.328562,0.35,1,641242,640803,439
163641741,50.7951,50.4688,440,125560,0.345712,0.36,1,641304,640864,440
163644661,11.759,11.6938,440,125560,0.341143,0.36,1,641306,640866,440
163646501,19.1518,2.33875,461,125560,0.268229,0.32,1,641327,640866,461
163649421,15.8304,28.4678,441,125560,0.277646,0.28,1,641342,640901,441
163652321,4.76607,7.29355,441,125560,0.247529,0.43,1,641344,640903,441
163655241,2.55321,9.45871,433,125560,0.209506,0.41,1,641346,640913,433
163658161,2.11064,2.69174,434,125560,0.201901,0.23,1,641348,640914,434
163661081,14.8221,15.7383,433,125560,0.23238,0.24,1,641366,640933,433
163664001,19.7644,14.3477,440,125560,0.262476,0.29,1,641387,640947,440
163666921,8.75289,9.26953,438,125560,0.236495,0.36,1,641393,640955,438
163668961,6.55058,4.25391,441,125560,0.263299,0.31,1,641399,640958,441
163671881,21.3101,22.4508,439,125560,0.22866,0.36,1,641424,640985,439
163674801,5.86202,6.09016,439,125560,0.221732,0.36,1,641426,640987,439
163676661,3.5724,1.21803,442,125560,0.252346,0.35,1,641429,640987,442
163679581,4.71448,4.24361,442,125560,0.202469,0.34,1,641434,640992,442
163682501,7.3429,8.84872,440,125560,0.240494,0.27,1,641442,641002,440
163685421,10.2686,7.36974,444,125560,0.168099,0.27,1,641453,641009,444
163688341,11.6537,19.0739,434,125560,0.21762,0.18,1,641465,641031,434
163691261,10.3307,11.0148,435,125560,0.147524,0.22,1,641475,641040,435
163694181,9.26615,13.403,430,125560,0.149505,0.22,1,641484,641054,430
163697101,3.45323,4.28059,430,125560,0.221901,0.22,1,641486,641056,430
163699541,12.6906,0.856118,445,125560,0.18038,0.17,1,641501,641056,445
163702461,4.13813,9.77122,435,125560,0.140076,0.2,1,641503,641068,435
163704741,7.22763,3.55424,441,125560,0.108015,0.27,1,641511,641070,441
163707661,3.04553,7.91085,434,125560,0.101603,0.27,1,641513,641079,434
163710581,2.20911,1.58217,436,125560,0.228321,0.27,1,641515,641079,436
163713501,2.04182,0.316434,438,125560,0.253664,0.25,1,641517,641079,438
163716421,6.80836,0.863287,445,125560,0.210733,0.33,1,641525,641080,445
163719341,10.9617,9.77266,445,125560,0.250147,0.3,1,641537,641092,445
163722261,8.59233,13.1545,439,125560,0.242029,0.26,1,641545,641106,439
163724501,3.31847,4.23091,439,125560,0.208406,0.32,1,641547,641108,439
163727421,8.66369,10.4462,437,125560,0.0976812,0.32,1,641557,641120,437
163730341,3.33274,3.68924,437,125560,0.235536,0.32,1,641559,641122,437
163732821,24.6665,0.737847,467,125560,0.159107,0.23,1,641589,641122,467
163735741,14.5333,22.5476,451,125560,0.151821,0.21,1,641601,641150,451
163738661,16.5067,21.3095,447,125560,0.142364,0.36,1,641618,641171,447
163741581,12.9013,16.2619,444,125560,0.188473,0.3,1,641630,641186,444
163744261,10.5803,8.85238,447,125560,0.0536946,0.35,1,641640,641193,447
163747181,4.51605,15.3705,433,125560,0.0507389,0.31,1,641643,641210,433
163750101,8.10321,7.0741,437,125560,0.186148,0.31,1,641652,641215,437
163753021,4.82064,7.01482,434,125560,0.18123,0.31,1,641656,641222,434
163755281,2.56413,3.00296,434,125560,0.196246,0.29,1,641658,641224,434
163758201,8.51283,5.40059,438,125560,0.207249,0.23,1,641668,641230,438
163761121,6.50257,5.88012,438,125560,0.21745,0.35,1,641674,641236,438
163764041,6.10051,5.97602,438,125560,0.19549,0.35,1,641680,641242,438
163766961,46.8201,50.7952,433,125560,0.103098,0.34,1,641737,641304,433
163769841,10.964,11.759,433,125560,0.0526196,0.25,1,641739,641306,433
163772761,32.5928,19.1518,450,125560,0.162524,0.28,1,641777,641327,450
163775681,8.11856,15.8304,437,125560,0.184505,0.24,1,641779,641342,437
163778581,3.22371,4.76607,437,125560,0.236901,0.21,1,641781,641344,437
163781501,2.24474,4.95321,434,125560,0.22338,0.21,1,641783,641349,434
163784421,11.6489,0.990643,448,125560,0.196676,0.24,1,641797,641349,448
163787341,16.7298,13.7981,449,125560,0.183335,0.27,1,641815,641366,449
163790261,10.546,19.5596,437,125560,0.284667,0.23,1,641824,641387,437
163793141,5.30919,8.71193,435,125560,0.272933,0.22,1,641828,641393,435
163796061,24.2618,26.5424,433,125560,0.214587,0.22,1,641857,641424,433
163798981,6.45237,6.90848,433,125560,0.170917,0.22,1,641859,641426,433
163801461,5.29047,1.3817,438,125560,0.154183,0.19,1,641864,641426,438
163804381,3.45809,6.67634,433,125560,0.222837,0.25,1,641867,641434,433
163807281,3.89162,7.73527,429,125560,0.252567,0.15,1,641871,641442,429
163810201,11.9783,10.3471,432,125560,0.250513,0.23,1,641885,641453,432
163813121,8.79566,11.6694,428,125560,0.282103,0.13,1,641893,641465,428
163816041,12.1591,10.3339,431,125560,0.280421,0.15,1,641906,641475,431
163818961,7.23183,9.26678,428,125560,0.224084,0.24,1,641912,641484,428
163821841,3.04637,3.45336,428,125560,0.236817,0.17,1,641914,641486,428
163824761,11.8093,12.6907,427,125560,0.263363,0.13,1,641928,641501,427
163827681,3.96185,4.13813,427,125560,0.236673,0.1,1,641930,641503,427
163829541,12.7924,7.22763,434,125560,0.239335,0.26,1,641945,641511,434
163832461,4.15847,4.64553,432,125560,0.207867,0.26,1,641947,641515,432
163835381,2.43169,0.929105,434,125560,0.297573,0.26,1,641949,641515,434
163838301,2.08634,1.78582,434,125560,0.315515,0.26,1,641951,641517,434
163839941,6.01727,0.357164,441,125560,0.263103,0.2,1,641958,641517,441
163842861,9.20345,6.47143,443,125560,0.332621,0.26,1,641968,641525,443
163845781,3.44069,10.8943,433,125560,0.346524,0.24,1,641970,641537,433
163848261,3.08814,8.57886,428,125560,0.341305,0.2,1,641973,641545,428
163851181,8.61763,3.31577,436,125560,0.276261,0.07,1,641983,641547,436
163854101,3.32353,8.66315,428,125560,0.263252,0.27,1,641985,641557,428
163856581,26.2647,3.33263,458,125560,0.27665,0.14,1,642017,641559,458
163859501,14.0529,24.6665,439,125560,0.34333,0.15,1,642028,641589,439
163862421,18.8106,14.5333,447,125560,0.252666,0.14,1,642048,641601,447
163865341,6.96212,16.5067,434,125560,0.234533,0.2,1,642052,641618,434
163868261,16.5924,12.9013,441,125560,0.222907,0.02,1,642071,641630,441
163871141,5.71848,10.5803,434,125560,0.260581,0.05,1,642074,641640,434
163874061,5.9437,4.51605,437,125560,0.172116,0.22,1,642080,641643,437
163876341,5.18874,8.10321,433,125560,0.290423,0.18,1,642085,641652,433
163879261,5.03775,4.82064,434,125560,0.282085,0.2,1,642090,641656,434
163882181,5.80755,2.56413,438,125560,0.320417,0.21,1,642096,641658,438
163885101,9.16151,8.51283,438,125560,0.320083,0.22,1,642106,641668,438
163887781,6.6323,6.50257,438,125560,0.288017,0.19,1,642112,641674,438
163890701,47.7265,6.10051,490,125560,0.209603,0.08,1,642170,641680,490
163893621,11.1453,46.8201,435,125560,0.257921,0.04,1,642172,641737,435
163896101,28.6291,10.964,466,125560,0.227584,0.19,1,642205,641739,466
163899021,7.32581,32.5928,430,125560,0.309517,0.19,1,642207,641777,430
163900881,2.26516,8.11856,429,125560,0.341903,0.16,1,642208,641779,429
163903801,9.25303,8.82371,431,125560,0.284381,0.16,1,642219,641788,431
163906721,3.45061,1.76474,433,125560,0.240876,0.19,1,642221,641788,433
163909641,5.49012,7.55295,430,125560,0.264175,0.18,1,642227,641797,430
163912561,21.098,15.9106,437,125560,0.308835,0.31,1,642252,641815,437
163915441,8.2196,10.3821,433,125560,0.269767,0.26,1,642257,641824,433
163918361,7.24392,7.67642,433,125560,0.293953,0.2,1,642264,641831,433
163921281,23.8488,22.3353,435,125560,0.266791,0.16,1,642292,641857,435
163923761,6.36976,6.06706,435,125560,0.285358,0.3,1,642294,641859,435
163926681,7.67395,9.21341,433,125560,0.169072,0.3,1,642302,641869,433
163929601,3.13479,1.84268,435,125560,0.145814,0.26,1,642304,641869,435
163932521,2.22696,1.96854,435,125560,0.285163,0.25,1,642306,641871,435
163935441,11.6454,11.5937,435,125560,0.281033,0.29,1,642320,641885,435
163938321,7.92908,8.71874,434,125560,0.280207,0.28,1,642327,641893,434
163941241,10.3858,12.1437,432,125560,0.312041,0.21,1,642338,641906,432
163943521,10.8772,7.22875,437,125560,0.326408,0.24,1,642349,641912,437
163946441,3.77543,3.04575,437,125560,0.329282,0.27,1,642351,641914,437
163949361,8.75509,11.8091,433,125560,0.313856,0.23,1,642361,641928,433
163952281,3.35102,3.96183,433,125560,0.302771,0.23,1,642363,641930,433
163954341,12.6702,0.792366,448,125560,0.236554,0.2,1,642378,641930,448
163957261,4.13404,13.7585,433,125560,0.199311,0.32,1,642380,641947,433
163959541,2.42681,4.35169,433,125560,0.159862,0.3,1,642382,641949,433
163962461,2.08536,3.27034,432,125560,0.175972,0.25,1,642384,641952,432
163965381,11.6171,5.45407,440,125560,0.203194,0.35,1,642398,641958,440
163968301,7.12341,9.09081,436,125560,0.272639,0.35,1,642404,641968,436
163970561,3.02468,3.41816,436,125560,0.254528,0.36,1,642406,641970,436
163973481,2.20494,3.88363,434,125560,0.242906,0.26,1,642408,641974,434
163976401,6.84099,7.97673,433,125560,0.280581,0.26,1,642416,641983,433
163978881,2.9682,3.19535,433,125560,0.296116,0.28,1,642418,641985,433
163981801,28.5936,26.2391,436,125560,0.251223,0.36,1,642453,642017,436
163984721,15.3187,14.0478,437,125560,0.242245,0.23,1,642465,642028,437
163987641,18.2637,18.8096,436,125560,0.280449,0.23,1,642484,642048,436
163990321,7.65275,6.96191,437,125560,0.26409,0.22,1,642489,642052,437
163993241,11.9306,16.5924,431,125560,0.228818,0.27,1,642502,642071,431
163995521,9.58611,5.71848,437,125560,0.237764,0.15,1,642511,642074,437
163998441,5.11722,5.9437,435,125560,0.223553,0.32,1,642515,642080,435
164001361,6.62344,5.18874,437,125560,0.292711,0.32,1,642522,642085,437
164003221,2.12469,1.03775,438,125560,0.290542,0.28,1,642523,642085,438
164006141,8.42494,4.20755,443,125560,0.258108,0.33,1,642533,642090,443
164008421,6.48499,5.64151,443,125560,0.283622,0.32,1,642539,642096,443
164011341,9.297,9.1283,443,125560,0.256724,0.28,1,642549,642106,443
164013201,2.6594,6.62566,438,125560,0.307345,0.19,1,642550,642112,438
164016121,42.1319,47.7251,432,125560,0.293469,0.27,1,642602,642170,432
164018401,10.0264,11.145,432,125560,0.282694,0.22,1,642604,642172,432
164021321,30.8053,28.629,435,125560,0.264539,0.33,1,642640,642205,435
164024241,7.76105,7.3258,435,125560,0.228908,0.35,1,642642,642207,435
164026101,2.35221,2.26516,435,125560,0.205782,0.27,1,642643,642208,435
164029021,7.67044,9.25303,433,125560,0.153156,0.23,1,642652,642219,433
164031921,3.13409,3.45061,433,125560,0.158631,0.27,1,642654,642221,433
164034841,8.62682,5.49012,437,125560,0.231726,0.32,1,642664,642227,437
164037761,20.1254,21.098,435,125560,0.206345,0.26,1,642687,642252,435
164040241,8.82507,8.2196,436,125560,0.225269,0.3,1,642693,642257,436
164043161,8.16501,7.24392,437,125560,0.205054,0.26,1,642701,642264,437
164046081,17.633,23.8488,429,125560,0.281011,0.29,1,642721,642292,429
164048561,5.9266,6.36976,430,125560,0.320202,0.28,1,642724,642294,430
164051481,13.9853,12.474,432,125560,0.27204,0.28,1,642740,642308,432
164054401,4.39706,2.49479,434,125560,0.262408,0.28,1,642742,642308,434
164057321,2.47941,0.498958,436,125560,0.228482,0.28,1,642744,642308,436
164060241,8.49588,9.69979,434,125560,0.253696,0.28,1,642754,642320,434
164063161,9.69918,7.53996,437,125560,0.234739,0.32,1,642764,642327,437
164066081,10.7398,10.308,437,125560,0.270948,0.33,1,642775,642338,437
164069001,10.948,10.8616,437,125560,0.20619,0.33,1,642786,642349,437
164071441,3.78959,3.77232,437,125560,0.193238,0.31,1,642788,642351,437
164074361,8.75792,8.75446,437,125560,0.190648,0.3,1,642798,642361,437
164076641,3.35158,3.35089,437,125560,0.19013,0.22,1,642800,642363,437
164079561,7.07032,12.6702,430,125560,0.222026,0.19,1,642808,642378,430
164082481,3.01406,4.13404,430,125560,0.228405,0.15,1,642810,642380,430
164084341,7.80281,2.42681,437,125560,0.245681,0.19,1,642819,642382,437
164087261,3.96056,5.28536,434,125560,0.217136,0.21,1,642822,642388,434
164090181,8.79211,9.05707,434,125560,0.259427,0.29,1,642832,642398,434
164093101,8.15842,6.61141,436,125560,0.267885,0.25,1,642840,642404,436
164096021,3.23168,2.92228,436,125560,0.269577,0.24,1,642842,642406,436
164097861,4.64634,2.18446,439,125560,0.285915,0.29,1,642847,642408,439
164100781,2.52927,6.83689,433,125560,0.289183,0.3,1,642849,642416,433
164103681,2.10585,2.96738,433,125560,0.297837,0.24,1,642851,642418,433
164106601,28.4212,28.5935,433,125560,0.267567,0.24,1,642886,642453,433
164109521,16.8842,15.3187,435,125560,0.317513,0.29,1,642900,642465,435
164112441,20.1768,18.2637,437,125560,0.263503,0.26,1,642921,642484,437
164115121,5.63537,7.65275,434,125560,0.220701,0.22,1,642923,642489,434
164118041,11.5271,11.9305,434,125560,0.28414,0.24,1,642936,642502,434
164120961,11.1054,9.58611,436,125560,0.296828,0.22,1,642947,642511,436
164123881,5.42108,5.11722,436,125560,0.267366,0.31,1,642951,642515,436
164126561,4.28422,6.62344,433,125560,0.293473,0.29,1,642955,642522,433
164129481,10.4568,2.12469,444,125560,0.298695,0.25,1,642967,642523,444
164132401,7.69137,8.42494,441,125560,0.291739,0.29,1,642974,642533,441
164135301,7.93827,6.48499,443,125560,0.290348,0.25,1,642982,642539,443
164138221,5.58765,9.297,438,125560,0.28207,0.29,1,642987,642549,438
164141141,41.9175,44.2594,436,125560,0.280414,0.28,1,643038,642602,436
164144061,32.3835,10.4519,464,125560,0.328083,0.26,1,643068,642604,464
164146981,8.0767,30.8904,430,125560,0.305617,0.22,1,643070,642640,430
164149441,3.21534,7.77808,430,125560,0.277123,0.14,1,643072,642642,430
164152361,11.8431,9.55561,434,125560,0.271425,0.14,1,643086,642652,434
164155281,3.96861,1.91112,436,125560,0.310285,0.16,1,643088,642652,436
164158181,7.19372,1.98222,442,125560,0.222057,0.25,1,643096,642654,442
164161101,19.0387,8.39644,454,125560,0.284411,0.2,1,643118,642664,454
164164021,7.00775,20.0793,435,125560,0.304882,0.23,1,643122,642687,435
164166501,9.40155,8.81586,439,125560,0.292976,0.2,1,643132,642693,439
164169421,18.6803,8.16317,452,125560,0.258595,0.3,1,643153,642701,452
164172341,8.53606,17.6326,438,125560,0.355719,0.33,1,643159,642721,438
164174821,13.7072,5.92653,450,125560,0.311144,0.26,1,643174,642724,450
164177741,4.34144,13.9853,436,125560,0.294229,0.26,1,643176,642740,436
164179601,1.66829,4.39706,435,125560,0.274846,0.2,1,643177,642742,435
164182521,1.93366,3.27941,434,125560,0.270969,0.26,1,643179,642745,434
164185441,6.78673,7.85588,433,125560,0.262194,0.23,1,643187,642754,433
164187921,11.7573,9.57118,436,125560,0.316439,0.28,1,643200,642764,436
164190841,7.15147,10.7142,431,125560,0.287288,0.19,1,643206,642775,431
164193761,11.0303,10.9428,432,125560,0.329458,0.19,1,643218,642786,432
164196241,3.80606,3.78857,432,125560,0.305892,0.19,1,643220,642788,432
164199161,9.56121,8.75771,433,125560,0.285178,0.19,1,643231,642798,433
164202081,3.51224,3.35154,433,125560,0.321036,0.23,1,643233,642800,433
164205001,7.10245,7.07031,433,125560,0.296207,0.23,1,643241,642808,433
164207681,3.02049,3.01406,433,125560,0.299241,0.21,1,643243,642810,433
164210601,11.8041,10.2028,435,125560,0.275848,0.21,1,643257,642822,435
164213521,10.3608,2.04056,445,125560,0.36717,0.27,1,643267,642822,445
164216441,8.47216,8.40811,443,125560,0.321434,0.27,1,643275,642832,443
164218081,2.49443,8.08162,436,125560,0.288287,0.29,1,643276,642840,436
164221001,3.69889,4.01632,437,125560,0.345657,0.29,1,643280,642843,437
164223921,3.93978,4.00326,437,125560,0.365131,0.29,1,643284,642847,437
164226401,2.38796,2.40065,437,125560,0.369026,0.33,1,643286,642849,437
164229321,30.0776,3.68013,470,125560,0.305805,0.26,1,643323,642853,470
164232241,14.8155,27.136,448,125560,0.309161,0.33,1,643334,642886,448
164235161,14.9631,16.6272,449,125560,0.269832,0.25,1,643349,642900,449
164238081,5.39262,20.1254,431,125560,0.245966,0.21,1,643352,642921,431
164239921,2.67852,5.62509,431,125560,0.209193,0.3,1,643354,642923,431
164242841,15.7357,11.525,437,125560,0.225839,0.3,1,643373,642936,437
164245761,11.1471,11.105,436,125560,0.221168,0.26,1,643383,642947,436
164248241,5.42943,5.421,436,125560,0.228234,0.31,1,643387,642951,436
164251161,7.48589,5.8842,438,125560,0.253647,0.3,1,643395,642957,438
164254081,6.29718,9.17684,434,125560,0.266729,0.29,1,643401,642967,434
164257001,9.25944,7.43537,437,125560,0.285346,0.29,1,643411,642974,437
164259681,9.05189,7.88707,438,125560,0.289069,0.35,1,643420,642982,438
164262601,5.01038,7.97741,434,125560,0.345814,0.28,1,643424,642990,434
164265521,38.6021,39.9955,433,125560,0.253163,0.34,1,643471,643038,433
164268441,33.3204,31.9991,435,125560,0.330633,0.3,1,643503,643068,435
164271361,11.4641,7.99982,439,125560,0.338127,0.3,1,643509,643070,439
164273621,3.89282,1.59996,441,125560,0.339625,0.27,1,643511,643070,441
164276541,7.17856,13.12,433,125560,0.251925,0.32,1,643519,643086,433
164279461,4.63571,4.224,435,125560,0.314385,0.32,1,643523,643088,435
164281941,9.72714,0.8448,446,125560,0.254877,0.35,1,643534,643088,446
164284861,15.5454,8.96896,452,125560,0.250975,0.3,1,643551,643099,452
164287781,7.90909,16.9938,439,125560,0.250195,0.31,1,643557,643118,439
164290261,7.98182,6.59876,443,125560,0.298039,0.29,1,643565,643122,443
164293181,23.1964,9.31975,460,125560,0.259608,0.25,1,643592,643132,460
164296101,9.43927,18.664,445,125560,0.291922,0.38,1,643598,643153,445
164298581,9.88785,8.53279,449,125560,0.234384,0.3,1,643608,643159,449
164301501,3.57757,13.7066,436,125560,0.286877,0.29,1,643610,643174,436
164303361,1.51551,4.34131,435,125560,0.313375,0.26,1,643611,643176,435
164306281,8.3031,9.66826,434,125560,0.270675,0.26,1,643621,643187,434
164309201,3.26062,1.93365,436,125560,0.238135,0.26,1,643623,643187,436
164312121,11.8521,0.38673,450,125560,0.295627,0.28,1,643637,643187,450
164315041,7.17042,15.2773,437,125560,0.243125,0.28,1,643643,643206,437
164317301,9.43408,3.05547,447,125560,0.280625,0.34,1,643653,643206,447
164320221,3.48682,10.2111,437,125560,0.288125,0.3,1,643655,643218,437
164322501,10.2974,3.64222,447,125560,0.193625,0.28,1,643667,643220,447
164325421,3.65947,9.52844,438,125560,0.182725,0.33,1,643669,643231,438
164327281,1.53189,3.50569,437,125560,0.164545,0.28,1,643670,643233,437
164330201,9.10638,11.9011,434,125560,0.216909,0.28,1,643681,643247,434
164333121,3.42128,2.38023,436,125560,0.227382,0.27,1,643683,643247,436
164336041,12.6843,8.47605,441,125560,0.237476,0.39,1,643698,643257,441
164338961,10.5369,9.69521,441,125560,0.151495,0.31,1,643708,643267,441
164341881,6.90737,8.33904,439,125560,0.246299,0.28,1,643714,643275,439
164343921,2.98147,2.46781,440,125560,0.27326,0.36,1,643716,643276,440
164346841,6.19629,5.29356,441,125560,0.254652,0.37,1,643723,643282,441
164349761,2.83926,2.65871,441,125560,0.25093,0.37,1,643725,643284,441
164352661,27.7679,2.13174,473,125560,0.210186,0.29,1,643759,643286,473
164355581,12.7536,30.0263,445,125560,0.258037,0.31,1,643768,643323,445
164358501,17.7507,14.8053,453,125560,0.291607,0.26,1,643787,643334,453
164361421,5.15014,14.9611,440,125560,0.306322,0.24,1,643789,643349,440
164364101,9.83003,5.39221,448,125560,0.269264,0.23,1,643800,643352,448
164367021,5.96601,17.8784,432,125560,0.245853,0.22,1,643805,643373,432
164369941,11.5932,11.5757,435,125560,0.265171,0.23,1,643818,643383,435
164372861,5.51864,5.51514,435,125560,0.245034,0.23,1,643822,643387,435
164374501,6.70373,1.10303,442,125560,0.289007,0.26,1,643829,643387,442
164377421,6.94075,6.62061,441,125560,0.305801,0.27,1,643836,643395,441
164379281,2.98815,6.12412,437,125560,0.27716,0.29,1,643838,643401,437
164382201,6.99763,9.22482,435,125560,0.271432,0.29,1,643846,643411,435
164385121,9.39953,9.04497,436,125560,0.310286,0.36,1,643856,643420,436
164387601,5.07991,5.00899,436,125560,0.294057,0.23,1,643860,643424,436
164390521,39.416,38.6018,437,125560,0.290811,0.35,1,643908,643471,437
164393441,33.4832,33.3204,437,125560,0.338162,0.34,1,643940,643503,437
164395921,8.29664,11.4641,433,125560,0.315632,0.32,1,643942,643509,433
164398841,4.85933,4.69281,434,125560,0.351127,0.23,1,643946,643512,434
164401761,7.37187,6.53856,435,125560,0.318225,0.33,1,643954,643519,435
164404241,3.07437,4.50771,433,125560,0.279645,0.24,1,643956,643523,433
164407161,9.41487,9.70154,433,125560,0.295929,0.25,1,643967,643534,433
164410081,16.283,15.5403,434,125560,0.307186,0.25,1,643985,643551,434
164413001,9.65659,7.90806,436,125560,0.277437,0.31,1,643993,643557,436
164415681,6.73132,7.98161,434,125560,0.287487,0.25,1,643999,643565,434
164418601,25.3463,23.1963,437,125560,0.241497,0.3,1,644029,643592,437
164420881,7.46925,9.43926,434,125560,0.184299,0.22,1,644032,643598,434
164423801,9.49385,9.88785,434,125560,0.26886,0.3,1,644042,643608,434
164426721,3.49877,3.57757,434,125560,0.293772,0.32,1,644044,643610,434
164428581,1.49975,1.51551,434,125560,0.282754,0.26,1,644045,643611,434
164431501,10.7,8.3031,437,125560,0.288551,0.23,1,644058,643621,437
164434401,3.73999,3.26062,437,125560,0.28971,0.31,1,644060,643623,437
164437321,7.148,11.8521,431,125560,0.185942,0.23,1,644068,643637,431
164440241,11.0296,7.17042,437,125560,0.293188,0.29,1,644080,643643,437
164443161,5.40592,9.43408,431,125560,0.282638,0.29,1,644084,643653,431
164446081,13.8812,3.48682,445,125560,0.224528,0.17,1,644100,643655,445
164449001,4.37624,10.2974,435,125560,0.180906,0.18,1,644102,643667,435
164451041,2.47525,3.65947,435,125560,0.180181,0.23,1,644104,643669,435
164453961,6.89505,7.93189,434,125560,0.164036,0.23,1,644112,643678,434
164456881,3.77901,3.98638,434,125560,0.224807,0.23,1,644115,643681,434
164459781,9.5558,2.39728,443,125560,0.268961,0.24,1,644126,643683,443
164462701,13.9112,12.4795,443,125560,0.261792,0.13,1,644141,643698,443
164464981,7.58223,10.4959,439,125560,0.172358,0.27,1,644147,643708,439
164467901,3.91645,6.89918,436,125560,0.114472,0.28,1,644150,643714,436
164470821,6.38329,2.97984,441,125560,0.246894,0.25,1,644157,643716,441
164473741,2.87666,6.19597,436,125560,0.273379,0.25,1,644159,643723,436
164476421,26.9753,2.83919,467,125560,0.230676,0.2,1,644192,643725,467
164479341,14.9951,27.7678,445,125560,0.126135,0.27,1,644204,643759,445
164482261,13.399,12.7536,449,125560,0.153227,0.3,1,644217,643768,449
164485181,6.6798,17.7507,435,125560,0.174645,0.31,1,644222,643787,435
164487861,11.736,5.15014,446,125560,0.138929,0.26,1,644235,643789,446
164490781,3.94719,9.83003,437,125560,0.163786,0.24,1,644237,643800,437
164493061,13.5894,5.96601,448,125560,0.144757,0.27,1,644253,643805,448
164495981,5.91789,11.5932,439,125560,0.180951,0.24,1,644257,643818,439
164497841,1.98358,5.51864,436,125560,0.18019,0.3,1,644258,643822,436
164500761,9.99672,6.70373,441,125560,0.244038,0.31,1,644270,643829,441
164503681,3.59934,6.94075,436,125560,0.256808,0.27,1,644272,643836,436
164506581,11.9199,9.38815,440,125560,0.235362,0.32,1,644286,643846,440
164509501,5.58397,9.87763,434,125560,0.167072,0.29,1,644290,643856,434
164512401,5.11679,5.17553,435,125560,0.265414,0.29,1,644295,643860,435
164515321,40.2234,39.4351,436,125560,0.293083,0.35,1,644344,643908,436
164518241,35.2447,33.487,438,125560,0.290617,0.31,1,644378,643940,438
164520721,8.64893,8.2974,438,125560,0.242123,0.36,1,644380,643942,438
164523641,3.32979,4.85948,436,125560,0.264425,0.31,1,644382,643946,436
164526561,3.86596,7.3719,432,125560,0.244885,0.31,1,644386,643954,432
164528421,6.37319,1.47438,439,125560,0.224977,0.3,1,644393,643954,439
164531341,10.8746,10.6949,438,125560,0.148995,0.31,1,644405,643967,438
164534261,13.3749,16.539,434,125560,0.125799,0.27,1,644419,643985,434
164537181,9.87499,9.7078,435,125560,0.20116,0.27,1,644428,643993,435
164538821,4.375,1.94156,438,125560,0.200232,0.29,1,644431,643993,438
164541741,28.875,5.18831,467,125560,0.192046,0.23,1,644466,643999,467
164544661,7.375,25.0377,439,125560,0.182409,0.17,1,644468,644029,439
164547581,9.475,7.40753,446,125560,0.228482,0.29,1,644478,644032,446
164550501,3.495,9.48151,438,125560,0.237696,0.3,1,644480,644042,438
164553381,5.499,3.4963,442,125560,0.215539,0.29,1,644486,644044,442
164556301,4.2998,11.8993,432,125560,0.187108,0.29,1,644490,644058,432
164559201,6.45996,3.97985,437,125560,0.253422,0.16,1,644497,644060,437
164562121,6.09199,7.19597,435,125560,0.186684,0.32,1,644503,644068,435
164565041,12.4184,11.0392,437,125560,0.245337,0.28,1,644517,644080,437
164567521,5.68368,5.40784,437,125560,0.193067,0.21,1,644521,644084,437
164570441,8.33674,13.8816,430,125560,0.254613,0.17,1,644530,644100,430
164573361,4.86735,4.37631,432,125560,0.258923,0.17,1,644534,644102,432
164575221,5.77347,0.875263,438,125560,0.171785,0.16,1,644540,644102,438
164578141,2.75469,8.17505,430,125560,0.162357,0.24,1,644542,644112,430
164581061,6.95094,4.03501,435,125560,0.168471,0.24,1,644550,644115,435
164583541,9.39019,0.807002,445,125560,0.193694,0.28,1,644560,644115,445
164586461,9.07804,8.9614,443,125560,0.166739,0.26,1,644569,644126,443
164589381,12.2156,13.7923,441,125560,0.185348,0.15,1,644582,644141,441
164591861,5.64312,7.55846,439,125560,0.15707,0.31,1,644586,644147,439
164594781,4.32862,7.91169,435,125560,0.119414,0.28,1,644590,644155,435
164597701,2.46572,3.18234,435,125560,0.207883,0.28,1,644592,644157,435
164600181,21.2931,2.23647,459,125560,0.137577,0.22,1,644618,644159,459
164603101,16.2586,26.8473,441,125560,0.211515,0.1,1,644633,644192,441
164606021,14.4517,14.9695,443,125560,0.210303,0.16,1,644647,644204,443
164608501,6.09034,13.3939,434,125560,0.154061,0.18,1,644651,644217,434
164611421,14.8181,6.67878,446,125560,0.102812,0.13,1,644668,644222,446
164614341,4.56361,11.7358,435,125560,0.188562,0.17,1,644670,644235,435
164616821,7.31272,3.94715,441,125560,0.0857125,0.14,1,644678,644237,441
164619741,5.46254,13.5894,430,125560,0.193143,0.19,1,644683,644253,430
164622661,9.09251,5.91789,436,125560,0.222629,0.26,1,644693,644257,436
164625581,11.4185,11.5836,435,125560,0.244526,0.26,1,644705,644270,435
164628501,3.8837,3.91672,435,125560,0.256905,0.26,1,644707,644272,435
164630341,11.1767,0.783343,448,125560,0.235381,0.23,1,644720,644272,448
164633261,5.43535,11.3567,438,125560,0.199076,0.15,1,644724,644286,438
164636181,4.28707,5.47133,438,125560,0.191815,0.29,1,644728,644290,438
164638661,34.4574,5.09427,475,125560,0.206363,0.3,1,644770,644295,475
164641581,39.6915,40.2189,467,125560,0.201273,0.29,1,644811,644344,467
164644501,9.5383,35.2438,435,125560,0.240255,0.23,1,644813,644378,435
164646981,5.10766,8.64875,437,125560,0.256051,0.28,1,644817,644380,437
164649901,2.62153,8.12975,431,125560,0.26721,0.28,1,644819,644388,431
164652821,2.12431,1.62595,433,125560,0.269442,0.13,1,644821,644388,433
164655741,10.0249,13.9252,428,125560,0.165888,0.12,1,644833,644405,428
164658661,15.605,13.985,431,125560,0.193178,0.22,1,644850,644419,431
164661581,9.52099,9.99701,430,125560,0.174636,0.22,1,644858,644428,430
164663621,5.1042,1.9994,434,125560,0.258927,0.19,1,644862,644428,434
164666541,31.4208,30.7999,434,125560,0.171785,0.18,1,644900,644466,434
164669441,7.88417,7.75998,434,125560,0.122357,0.24,1,644902,644468,434
164672361,6.37683,9.552,430,125560,0.208471,0.24,1,644908,644478,430
164675281,2.87537,3.5104,430,125560,0.217694,0.24,1,644910,644480,430
164677141,7.77507,0.70208,439,125560,0.243539,0.21,1,644919,644480,439
164680061,3.15501,4.94042,435,125560,0.256708,0.18,1,644921,644486,435
164682341,2.231,4.18808,433,125560,0.259342,0.27,1,644923,644490,433
164685261,10.8462,6.43762,439,125560,0.243868,0.17,1,644936,644497,439
164688181,14.1692,6.08752,448,125560,0.272774,0.26,1,644951,644503,448
164691101,6.03385,12.4175,438,125560,0.254555,0.18,1,644955,644517,438
164693781,4.40677,5.6835,438,125560,0.178911,0.27,1,644959,644521,438
164696701,5.68135,8.3367,435,125560,0.211782,0.26,1,644965,644530,435
164698561,1.93627,4.86734,432,125560,0.226356,0.15,1,644966,644534,432
164701481,3.58725,5.77347,430,125560,0.237271,0.16,1,644970,644540,430
164703761,8.71745,2.75469,438,125560,0.247454,0.17,1,644980,644542,438
164706681,9.74349,9.35094,437,125560,0.265491,0.2,1,644990,644553,437
164709601,9.1487,7.47019,439,125560,0.221098,0.16,1,644999,644560,439
164712521,13.8297,8.69404,445,125560,0.21222,0.19,1,645014,644569,445
164715441,5.16595,12.1388,435,125560,0.226444,0.15,1,645017,644582,435
164717281,2.63319,5.62776,433,125560,0.197289,0.22,1,645019,644586,433
164720201,3.72664,7.52555,429,125560,0.231458,0.22,1,645023,644594,429
164723121,2.34533,1.50511,431,125560,0.238292,0.12,1,645025,644594,431
164726041,30.8691,19.501,445,125560,0.199658,0.23,1,645063,644618,445
164728961,18.9738,15.9002,446,125560,0.279932,0.21,1,645079,644633,446
164731881,5.39476,14.38,434,125560,0.319986,0.14,1,645081,644647,434
164733921,2.67895,6.07601,432,125560,0.319997,0.09,1,645083,644651,432
164736841,8.53579,14.8152,425,125560,0.319999,0.21,1,645093,644668,425
164739121,11.3072,4.56304,435,125560,0.272,0.06,1,645105,644670,435
164742041,7.06143,7.31261,433,125560,0.2384,0.22,1,645111,644678,433
164744961,7.01229,5.46252,435,125560,0.31168,0.23,1,645118,644683,435
164747881,9.40246,9.0925,435,125560,0.270336,0.25,1,645128,644693,435
164750561,9.88049,11.4185,433,125560,0.222067,0.26,1,645138,644705,433
164753481,3.5761,3.8837,433,125560,0.212413,0.23,1,645140,644707,433
164756401,11.9152,11.1767,434,125560,0.282483,0.19,1,645154,644720,434
164759321,8.78304,5.43535,438,125560,0.240497,0.19,1,645162,644724,438
164762241,34.5566,4.28707,475,125560,0.232099,0.21,1,645203,644728,475
164765161,40.5113,34.4574,475,125560,0.24642,0.2,1,645245,644770,475
164768081,9.70226,39.6915,436,125560,0.217284,0.25,1,645247,644811,436
164770741,5.94045,9.5383,439,125560,0.323457,0.31,1,645252,644813,439
164773661,3.58809,9.90766,432,125560,0.336691,0.31,1,645255,644823,432
164776581,2.31762,1.98153,434,125560,0.347338,0.31,1,645257,644823,434
164779501,8.46352,0.396306,444,125560,0.349468,0.14,1,645267,644823,444
164782421,15.2927,8.07926,451,125560,0.373893,0.2,1,645284,644833,451
164785341,7.05854,15.2159,439,125560,0.338779,0.17,1,645289,644850,439
164788261,7.01171,9.44317,438,125560,0.379756,0.28,1,645296,644858,438
164790501,31.0023,5.08863,471,125560,0.243951,0.15,1,645333,644862,471
164793421,7.80047,31.4177,435,125560,0.18479,0.11,1,645335,644900,435
164795701,6.36009,7.88354,439,125560,0.308958,0.23,1,645341,644902,439
164798621,2.87202,6.37671,435,125560,0.301792,0.22,1,645343,644908,435
164800481,1.3744,2.87534,434,125560,0.324358,0.26,1,645344,644910,434
164803401,9.87488,9.37507,435,125560,0.312872,0.26,1,645356,644921,435
164806321,3.57498,1.87501,437,125560,0.294574,0.26,1,645358,644921,437
164809221,6.315,1.975,442,125560,0.266915,0.24,1,645365,644923,442
164812141,11.663,10.795,442,125560,0.277383,0.28,1,645378,644936,442
164815061,9.5326,14.159,436,125560,0.215477,0.25,1,645387,644951,436
164817541,5.10652,6.0318,436,125560,0.299095,0.16,1,645391,644955,436
164820461,5.8213,4.40636,438,125560,0.251819,0.22,1,645397,644959,438
164822741,3.56426,5.68127,435,125560,0.218364,0.24,1,645400,644965,435
164825661,4.71285,5.13625,435,125560,0.283673,0.25,1,645405,644970,435
164828581,8.14257,9.02725,434,125560,0.272735,0.27,1,645414,644980,434
164831501,8.82851,9.80545,433,125560,0.182547,0.21,1,645423,644990,433
164834421,9.7657,9.16109,434,125560,0.212509,0.21,1,645433,644999,434
164837341,13.1531,13.8322,433,125560,0.218502,0.23,1,645447,645014,433
164840001,4.23063,5.16644,432,125560,0.2517,0.24,1,645449,645017,432
164842921,8.84613,7.43329,434,125560,0.21034,0.24,1,645459,645025,434
164845841,3.36923,1.48666,436,125560,0.266068,0.24,1,645461,645025,436
164848761,30.2738,0.297332,473,125560,0.277214,0.19,1,645498,645025,473
164851681,16.4548,30.4595,448,125560,0.239443,0.3,1,645511,645063,448
164854601,8.89095,18.8919,439,125560,0.295889,0.33,1,645518,645079,439
164856641,3.37819,5.37838,439,125560,0.307178,0.36,1,645520,645081,439
164859561,7.07564,7.47568,439,125560,0.245436,0.32,1,645528,645089,439
164862481,7.01513,4.69514,442,125560,0.289087,0.26,1,645535,645093,442
164865401,10.203,10.539,441,125560,0.201817,0.23,1,645546,645105,441
164867041,2.84061,6.90781,436,125560,0.288363,0.33,1,645547,645111,436
164869961,5.36812,6.98156,435,125560,0.217673,0.26,1,645553,645118,435
164872881,7.47362,9.39631,433,125560,0.299535,0.21,1,645561,645128,433
164875801,11.0947,9.87926,435,125560,0.227907,0.21,1,645573,645138,435
164878481,5.41894,3.57585,437,125560,0.325581,0.3,1,645577,645140,437
164881401,9.08379,11.9152,433,125560,0.233116,0.23,1,645587,645154,433
164884321,9.81676,8.78303,435,125560,0.294623,0.23,1,645597,645162,435
164887241,33.1634,34.5566,433,125560,0.322925,0.25,1,645636,645203,433
164890161,45.8327,40.5113,440,125560,0.240585,0.21,1,645685,645245,440
164893041,10.7665,9.70226,440,125560,0.224117,0.35,1,645687,645247,440
164895961,5.35331,5.94045,439,125560,0.308823,0.34,1,645691,645252,439
164898241,4.27066,3.58809,440,125560,0.293765,0.37,1,645695,645255,440
164901161,4.05413,7.91762,435,125560,0.338753,0.35,1,645699,645264,435
164904081,5.61083,3.98352,438,125560,0.275751,0.38,1,645705,645267,438
164907001,10.7222,14.3967,433,125560,0.27115,0.33,1,645717,645284,433
164909681,10.9444,6.87934,439,125560,0.31023,0.39,1,645728,645289,439
164912601,5.38889,6.97587,436,125560,0.270046,0.21,1,645732,645296,436
164915521,31.4778,30.9952,437,125560,0.286009,0.17,1,645770,645333,437
164918441,7.89556,7.79903,437,125560,0.249202,0.34,1,645772,645335,437
164921361,7.97911,6.35981,439,125560,0.29784,0.3,1,645780,645341,439
164924241,3.19582,2.87196,439,125560,0.307568,0.35,1,645782,645343,439
164927161,7.03916,3.77439,443,125560,0.309514,0.31,1,645790,645347,443
164930081,3.00783,7.95488,436,125560,0.277903,0.29,1,645792,645356,436
164932981,8.60157,3.19098,444,125560,0.303581,0.27,1,645802,645358,444
164935901,6.52031,7.8382,441,125560,0.292716,0.28,1,645808,645367,441
164938821,10.1041,10.3676,441,125560,0.306543,0.2,1,645819,645378,441
164941301,10.0208,9.27353,442,125560,0.229309,0.32,1,645829,645387,442
164944221,3.60416,5.05471,440,125560,0.213862,0.24,1,645831,645391,440
164947141,2.32083,5.81094,436,125560,0.298772,0.21,1,645833,645397,436
164949621,5.26417,3.56219,439,125560,0.251754,0.3,1,645839,645400,439
164952541,4.25283,4.71244,438,125560,0.242351,0.27,1,645843,645405,438
164954821,12.0506,8.14249,443,125560,0.24847,0.16,1,645857,645414,443
164957741,9.61011,8.8285,443,125560,0.225694,0.22,1,645866,645423,443
164959601,2.72202,9.7657,434,125560,0.205139,0.22,1,645867,645433,434
164962521,10.1444,13.1531,432,125560,0.281028,0.26,1,645879,645447,432
164964801,4.42888,4.23063,433,125560,0.312206,0.2,1,645882,645449,433
164967721,8.88578,8.84613,433,125560,0.246441,0.28,1,645892,645459,433
164970641,3.37716,3.36923,433,125560,0.209288,0.28,1,645894,645461,433
164972501,31.0754,0.673845,471,125560,0.273858,0.28,1,645932,645461,471
164975421,18.2151,29.7348,449,125560,0.318772,0.23,1,645947,645498,449
164978341,6.84302,16.347,440,125560,0.319754,0.31,1,645951,645511,440
164980821,2.9686,8.86939,435,125560,0.287951,0.23,1,645953,645518,435
164983741,8.59372,9.77388,435,125560,0.29759,0.3,1,645963,645528,435
164986661,3.31874,7.55478,430,125560,0.267518,0.18,1,645965,645535,430
164989581,15.0637,10.311,437,125560,0.309504,0.18,1,645983,645546,437
164991221,5.41275,2.06219,440,125560,0.269901,0.2,1,645986,645546,440
164994141,4.28255,6.01244,437,125560,0.25398,0.32,1,645990,645553,437
164997061,2.45651,7.60249,431,125560,0.242796,0.21,1,645992,645561,431
164999981,13.2913,11.1205,435,125560,0.320559,0.35,1,646008,645573,435
165002901,4.25826,5.4241,433,125560,0.304112,0.35,1,646010,645577,433
165004741,11.2517,1.08482,446,125560,0.356822,0.21,1,646023,645577,446
165007661,8.65033,8.21696,444,125560,0.375364,0.31,1,646031,645587,444
165009521,2.53007,9.64339,435,125560,0.363073,0.33,1,646032,645597,435
165012441,30.906,33.1287,434,125560,0.376615,0.22,1,646070,645636,434
165015361,46.9812,45.8257,436,125560,0.387323,0.22,1,646121,645685,436
165017841,10.9962,10.7651,436,125560,0.357465,0.3,1,646123,645687,436
165020761,10.1992,9.35303,437,125560,0.367493,0.3,1,646133,645696,437
165023681,3.63985,1.87061,439,125560,0.361499,0.35,1,646135,645696,439
165026601,2.32797,2.77412,438,125560,0.3603,0.26,1,646137,645699,438
165029281,3.66559,5.35482,436,125560,0.32006,0.27,1,646141,645705,436
165032201,11.9331,10.671,438,125560,0.328012,0.32,1,646155,645717,438
165035121,11.1866,10.9342,438,125560,0.353602,0.26,1,646166,645728,438
165037601,5.43732,5.38684,438,125560,0.32672,0.29,1,646170,645732,438
165040521,32.2875,31.4774,439,125560,0.257344,0.24,1,646209,645770,439
165042801,8.05749,7.89547,439,125560,0.283469,0.31,1,646211,645772,439
165045721,8.0115,9.57909,437,125560,0.288694,0.31,1,646219,645782,437
165048641,3.2023,1.91582,439,125560,0.273739,0.31,1,646221,645782,439
165051561,5.44046,6.78316,437,125560,0.286748,0.31,1,646227,645790,437
165053621,2.68809,1.35663,439,125560,0.25735,0.32,1,646229,645790,439
165056541,7.73762,3.47133,444,125560,0.31547,0.31,1,646238,645794,444
165059461,6.34752,7.09427,442,125560,0.263094,0.29,1,646244,645802,442
165061941,6.0695,6.21885,442,125560,0.308619,0.31,1,646250,645808,442
165064861,10.0139,10.0438,442,125560,0.285724,0.21,1,646261,645819,442
165067781,3.60278,10.0088,434,125560,0.249145,0.21,1,646263,645829,434
165069841,2.32056,3.60175,434,125560,0.233829,0.26,1,646265,645831,434
165072761,8.46411,7.92035,435,125560,0.294766,0.26,1,646275,645840,435
165075681,4.89282,1.58407,439,125560,0.266953,0.24,1,646279,645840,439
165078601,8.97856,2.71681,446,125560,0.245391,0.25,1,646289,645843,446
165081521,11.3957,11.7434,444,125560,0.257078,0.22,1,646301,645857,444
165083361,3.07914,9.54867,436,125560,0.243416,0.27,1,646302,645866,436
165086281,8.61583,3.50973,444,125560,0.288683,0.3,1,646312,645868,444
165089201,3.32317,9.50195,435,125560,0.289737,0.23,1,646314,645879,435
165092121,8.66463,12.3004,432,125560,0.233947,0.2,1,646324,645892,432
165095041,4.93293,4.06008,434,125560,0.206789,0.2,1,646328,645894,434
165097301,31.3866,0.812016,472,125560,0.225358,0.33,1,646366,645894,472
165100221,22.2773,42.5624,439,125560,0.229072,0.32,1,646386,645947,439
165103121,6.05546,11.7125,437,125560,0.197814,0.3,1,646388,645951,437
165106041,8.41109,11.9425,434,125560,0.255563,0.3,1,646397,645963,434
165108961,4.88222,2.3885,438,125560,0.227113,0.26,1,646401,645963,438
165111441,2.57644,2.0777,438,125560,0.189423,0.32,1,646403,645965,438
165114361,11.7153,14.8155,434,125560,0.229885,0.26,1,646417,645983,434
165117281,10.3431,5.36311,441,125560,0.181977,0.25,1,646427,645986,441
165119141,4.46861,4.27262,440,125560,0.220395,0.34,1,646430,645990,440
165122061,2.49372,4.85452,437,125560,0.228079,0.34,1,646432,645995,437
165124981,8.49874,11.3709,434,125560,0.213616,0.3,1,646442,646008,434
165127901,3.29975,3.87418,434,125560,0.210723,0.3,1,646444,646010,434
165129541,15.8599,0.774836,453,125560,0.162145,0.38,1,646463,646010,453
165132461,7.97199,16.955,438,125560,0.240429,0.36,1,646469,646031,438
165134741,4.7944,4.19099,441,125560,0.256086,0.38,1,646473,646032,441
165137661,31.3589,31.2382,441,125560,0.235217,0.39,1,646511,646070,441
165140581,46.2718,47.0476,440,125560,0.247043,0.35,1,646561,646121,440
165142641,10.8544,11.0095,440,125560,0.217409,0.37,1,646563,646123,440
165145561,10.1709,10.2019,440,125560,0.155482,0.36,1,646573,646133,440
165148481,3.63417,3.64038,440,125560,0.159096,0.36,1,646575,646135,440
165150341,1.52683,0.728076,441,125560,0.143819,0.31,1,646576,646135,441
165153261,1.90537,4.94562,437,125560,0.140764,0.31,1,646578,646141,437
165156181,12.3811,0.989123,452,125560,0.156153,0.33,1,646593,646141,452
165159101,6.47621,11.3978,443,125560,0.231231,0.36,1,646598,646155,443
165162021,9.29524,11.0796,442,125560,0.206246,0.32,1,646608,646166,442
165163861,31.459,5.41591,475,125560,0.129249,0.24,1,646645,646170,475
165166781,7.89181,32.2832,438,125560,0.0898498,0.29,1,646647,646209,438
165168641,5.57836,8.05664,441,125560,0.16197,0.3,1,646652,646211,441
165171561,7.51567,12.0113,436,125560,0.240394,0.3,1,646660,646224,436
165174481,3.10313,2.40227,438,125560,0.216079,0.29,1,646662,646224,438
165177401,2.22063,2.88045,437,125560,0.219216,0.25,1,646664,646227,437
165179041,1.24413,2.17609,436,125560,0.203843,0.33,1,646665,646229,436
165181961,8.24883,7.63522,437,125560,0.200769,0.25,1,646675,646238,437
165184241,6.44977,6.32704,437,125560,0.144154,0.32,1,646681,646244,437
165187161,4.48995,6.06541,435,125560,0.188831,0.28,1,646685,646250,435
165190081,7.29799,10.0131,432,125560,0.277766,0.24,1,646693,646261,432
165193001,7.0596,3.60262,437,125560,0.255553,0.23,1,646700,646263,437
165195921,9.41192,2.32052,445,125560,0.235111,0.31,1,646710,646265,445
165198841,3.48238,8.4641,437,125560,0.231022,0.26,1,646712,646275,437
165200881,2.29648,4.89282,435,125560,0.230204,0.24,1,646714,646279,435
165203801,9.2593,8.97856,436,125560,0.254041,0.26,1,646725,646289,436
165206721,12.2519,11.3957,437,125560,0.146808,0.24,1,646738,646301,437
165209641,7.25037,3.07914,442,125560,0.125362,0.3,1,646744,646302,442
165212561,3.05007,8.61583,434,125560,0.145072,0.29,1,646746,646312,434
165214401,1.41001,3.32317,433,125560,0.165014,0.22,1,646747,646314,433
165217321,5.082,8.66463,429,125560,0.249003,0.2,1,646753,646324,429
165219601,8.2164,4.93293,434,125560,0.257801,0.23,1,646762,646328,434
165222521,33.6433,31.3866,436,125560,0.17956,0.23,1,646802,646366,436
165225441,21.1287,22.2773,434,125560,0.147912,0.19,1,646820,646386,434
165227921,5.82573,6.05546,434,125560,0.205582,0.27,1,646822,646388,434
165230841,8.36515,8.41109,434,125560,0.161116,0.22,1,646831,646397,434
165233761,3.27303,4.88222,432,125560,0.144223,0.22,1,646833,646401,432
165235621,1.45461,0.976444,433,125560,0.132845,0.24,1,646834,646401,433
165238541,10.6909,12.9953,430,125560,0.186569,0.17,1,646847,646417,430
165241461,11.7382,10.5991,432,125560,0.205314,0.17,1,646859,646427,432
165243941,5.54764,2.11981,436,125560,0.137063,0.23,1,646863,646427,436
165246861,2.70953,4.42396,433,125560,0.123413,0.21,1,646865,646432,433
165249781,7.74191,8.88479,432,125560,0.208682,0.21,1,646874,646442,432
165252701,4.74838,3.37696,434,125560,0.161737,0.21,1,646878,646444,434
165254341,15.3497,0.675392,452,125560,0.152347,0.26,1,646896,646444,452
165257261,6.26994,20.1351,431,125560,0.118469,0.26,1,646900,646469,431
165260181,5.25399,7.22702,432,125560,0.191694,0.23,1,646905,646473,432
165263101,32.2508,31.8454,433,125560,0.214339,0.25,1,646944,646511,433
165266021,43.2502,46.3691,429,125560,0.146868,0.21,1,646990,646561,429
165268941,21.45,10.8738,443,125560,0.213374,0.14,1,647006,646563,443
165271861,5.89001,10.1748,435,125560,0.226675,0.16,1,647008,646573,435
165273681,1.978,3.63495,434,125560,0.221335,0.25,1,647009,646575,434
165276601,6.7956,10.327,430,125560,0.204267,0.25,1,647017,646587,430
165279521,7.75912,2.0654,438,125560,0.200853,0.16,1,647025,646587,438
165282441,4.75182,5.21308,436,125560,0.200171,0.25,1,647029,646593,436
165285361,5.75036,5.04262,437,125560,0.184034,0.2,1,647035,646598,437
165288281,34.7501,9.00852,469,125560,0.156807,0.08,1,647077,646608,469
165291201,8.55001,33.0017,432,125560,0.127361,0.18,1,647079,646647,432
165293861,11.31,10.6003,439,125560,0.217472,0.26,1,647091,646652,439
165296781,3.862,8.52007,433,125560,0.267494,0.21,1,647093,646660,433
165299681,2.3724,3.30401,433,125560,0.245499,0.2,1,647095,646662,433
165302601,10.8745,11.0608,433,125560,0.2491,0.2,1,647108,646675,433
165305521,3.7749,2.21216,435,125560,0.21782,0.2,1,647110,646675,435
165308441,5.55498,0.442432,441,125560,0.299564,0.2,1,647116,646675,441
165311361,4.311,8.08849,435,125560,0.291913,0.3,1,647120,646685,435
165314281,4.0622,8.0177,431,125560,0.306383,0.25,1,647124,646693,431
165317201,8.81244,7.20354,434,125560,0.301277,0.23,1,647134,646700,434
165320121,8.96249,9.44071,433,125560,0.188255,0.23,1,647143,646710,433
165323041,3.3925,3.48814,433,125560,0.165651,0.23,1,647145,646712,433
165325061,3.0785,0.697628,436,125560,0.16913,0.26,1,647148,646712,436
165327981,5.4157,10.5395,429,125560,0.233826,0.12,1,647154,646725,429
165330901,15.4831,12.5079,434,125560,0.294765,0.12,1,647172,646738,434
165333821,7.89663,7.30158,434,125560,0.298953,0.12,1,647178,646744,434
165335461,3.97933,1.46032,437,125560,0.275791,0.25,1,647181,646744,437
165338381,2.39587,5.09206,433,125560,0.279158,0.25,1,647183,646750,433
165341301,2.07917,1.01841,435,125560,0.279832,0.27,1,647185,646750,435
165344221,2.01583,2.60368,434,125560,0.279966,0.16,1,647187,646753,434
165347141,38.8032,39.7207,433,125560,0.263993,0.14,1,647235,646802,433
165350061,18.9606,22.3441,429,125560,0.316799,0.22,1,647249,646820,429
165352721,5.39213,6.06883,429,125560,0.32736,0.15,1,647251,646822,429
165355641,5.87843,8.41377,426,125560,0.257472,0.14,1,647257,646831,426
165358561,6.77568,3.28275,431,125560,0.275494,0.14,1,647264,646833,431
165360421,2.15514,0.656551,432,125560,0.255099,0.2,1,647265,646833,432
165363341,6.83103,11.3313,426,125560,0.24302,0.21,1,647273,646847,426
165366261,10.9662,11.8663,426,125560,0.288604,0.12,1,647285,646859,426
165369181,9.39324,5.57325,431,125560,0.321721,0.12,1,647294,646863,431
165370821,6.67865,1.11465,437,125560,0.328344,0.26,1,647300,646863,437
165373741,5.33573,8.22293,432,125560,0.313669,0.23,1,647305,646873,432
165376661,2.66715,2.44459,433,125560,0.310734,0.15,1,647307,646874,433
165379141,18.1334,3.68892,451,125560,0.326147,0.11,1,647329,646878,451
165382061,6.82669,18.3378,433,125560,0.265229,0.21,1,647333,646900,433
165384981,2.96534,7.66756,430,125560,0.229046,0.22,1,647335,646905,430
165387901,34.1931,32.7335,433,125560,0.325809,0.13,1,647377,646944,433
165390821,42.0386,43.3467,431,125560,0.249162,0.23,1,647421,646990,431
165393741,21.2077,21.4693,431,125560,0.241832,0.23,1,647437,647006,431
165396401,5.84154,5.89387,431,125560,0.288366,0.18,1,647439,647008,431
165399321,8.36831,3.57877,437,125560,0.201673,0.2,1,647448,647011,437
165402241,8.07366,5.51575,439,125560,0.256335,0.2,1,647456,647017,439
165405161,5.61473,7.50315,436,125560,0.251267,0.2,1,647461,647025,436
165406801,1.92295,4.70063,433,125560,0.266253,0.28,1,647462,647029,433
165409721,9.18459,8.94013,434,125560,0.293251,0.15,1,647473,647039,434
165412641,28.2369,32.188,429,125560,0.25065,0.12,1,647506,647077,429
165415561,8.84738,8.0376,431,125560,0.17813,0.12,1,647510,647079,431
165417621,12.9695,1.60752,445,125560,0.211626,0.24,1,647524,647079,445
165420541,4.1939,9.9215,435,125560,0.210325,0.28,1,647526,647091,435
165422821,2.43878,3.5843,435,125560,0.178065,0.24,1,647528,647093,435
165425741,12.4878,2.31686,448,125560,0.211613,0.25,1,647543,647095,448
165428661,4.09755,10.8634,437,125560,0.226323,0.21,1,647545,647108,437
165430721,2.41951,3.77267,437,125560,0.229265,0.31,1,647547,647110,437
165433641,6.8839,7.95454,436,125560,0.157853,0.29,1,647555,647119,436
165436561,2.97678,2.39091,437,125560,0.135571,0.31,1,647557,647120,437
165439041,3.79536,3.67818,437,125560,0.227114,0.3,1,647561,647124,437
165441961,2.35907,8.73564,429,125560,0.293423,0.16,1,647563,647134,429
165444881,10.8718,8.94713,433,125560,0.282685,0.16,1,647576,647143,433
165447361,3.77436,3.38943,433,125560,0.248537,0.17,1,647578,647145,433
165450281,3.95487,3.07789,434,125560,0.177707,0.25,1,647582,647148,434
165453201,7.19097,5.41558,436,125560,0.139541,0.31,1,647590,647154,436
165456121,15.8382,15.4831,436,125560,0.115908,0.3,1,647608,647172,436
165458801,7.96764,7.89662,436,125560,0.103182,0.28,1,647614,647178,436
165461721,6.39353,5.57932,437,125560,0.188636,0.28,1,647620,647183,437
165464641,2.87871,1.11586,439,125560,0.261727,0.28,1,647622,647183,439
165467541,3.77574,1.82317,441,125560,0.244345,0.26,1,647626,647185,441
165470461,35.1551,5.96463,477,125560,0.128869,0.26,1,647669,647192,477
165473381,18.231,35.5929,448,125560,0.137774,0.33,1,647683,647235,448
165476301,5.24621,18.3186,436,125560,0.235555,0.33,1,647685,647249,436
165478981,10.6492,5.26372,446,125560,0.207111,0.28,1,647697,647251,446
165481901,3.72985,11.4527,435,125560,0.249422,0.28,1,647699,647264,435
165484821,2.34597,2.29055,437,125560,0.225884,0.25,1,647701,647264,437
165487301,7.66919,1.25811,445,125560,0.149177,0.24,1,647710,647265,445
165490221,10.3338,6.65162,448,125560,0.229835,0.3,1,647721,647273,448
165493141,8.46677,10.9303,444,125560,0.173967,0.33,1,647729,647285,444
165496061,9.69335,9.38607,445,125560,0.210793,0.31,1,647739,647294,445
165498981,3.53867,10.6772,436,125560,0.210159,0.31,1,647741,647305,436
165501441,2.30773,3.73544,436,125560,0.210032,0.33,1,647743,647307,436
165504361,14.8615,18.3471,432,125560,0.154006,0.25,1,647761,647329,432
165507281,12.5723,6.86942,440,125560,0.174801,0.22,1,647773,647333,440
165509141,7.31446,2.97388,444,125560,0.17096,0.35,1,647779,647335,444
165512061,31.0629,34.1948,439,125560,0.210192,0.23,1,647816,647377,439
165514981,39.0126,42.039,436,125560,0.266038,0.24,1,647857,647421,436
165517901,15.8025,21.2078,430,125560,0.221208,0.3,1,647867,647437,430
165520821,10.3605,5.84156,437,125560,0.244242,0.3,1,647876,647439,437
165522661,6.0721,1.16831,442,125560,0.184848,0.18,1,647881,647439,442
165525581,8.41442,7.43366,442,125560,0.22097,0.27,1,647890,647448,442
165527441,2.48288,7.88673,435,125560,0.252194,0.25,1,647891,647456,435
165530361,5.29658,5.57735,436,125560,0.218439,0.27,1,647897,647461,436
165533281,9.05932,1.91547,445,125560,0.163688,0.3,1,647907,647462,445
165536201,21.8119,9.18309,459,125560,0.176738,0.24,1,647932,647473,459
165539121,13.9624,28.2366,438,125560,0.195348,0.16,1,647944,647506,438
165541381,15.5925,8.84732,450,125560,0.199069,0.22,1,647960,647510,450
165544301,4.71849,12.9695,438,125560,0.199814,0.21,1,647962,647524,438
165546161,1.7437,4.19389,437,125560,0.183963,0.24,1,647963,647526,437
165549081,6.74874,4.03878,441,125560,0.212793,0.22,1,647971,647530,441
165552001,2.94975,11.2078,430,125560,0.218559,0.23,1,647973,647543,430
165554901,10.1899,3.84155,440,125560,0.195712,0.14,1,647985,647545,440
165557821,6.03799,8.76831,435,125560,0.167142,0.13,1,647990,647555,435
165560741,2.8076,3.35366,435,125560,0.137428,0.13,1,647992,647557,435
165563221,3.76152,0.670732,439,125560,0.227486,0.29,1,647996,647557,439
165566141,2.3523,5.73415,434,125560,0.277497,0.28,1,647998,647564,434
165569061,5.27046,10.7468,428,125560,0.223499,0.24,1,648004,647576,428
165571981,2.65409,3.74937,428,125560,0.2447,0.24,1,648006,647578,428
165573621,8.53082,0.749873,438,125560,0.21694,0.14,1,648016,647578,438
165576541,4.90616,7.34997,433,125560,0.171388,0.13,1,648020,647587,433
165579461,16.1812,3.86999,449,125560,0.202278,0.11,1,648039,647590,449
165582381,9.63625,15.174,439,125560,0.160456,0.1,1,648047,647608,439
165585301,5.12725,7.8348,437,125560,0.128091,0.21,1,648051,647614,437
165588181,2.62545,6.36696,433,125560,0.177618,0.28,1,648053,647620,433
165591101,5.32509,4.47339,435,125560,0.195524,0.24,1,648059,647624,435
165594021,31.465,2.49468,471,125560,0.119105,0.1,1,648097,647626,471
165596941,19.893,34.8989,445,125560,0.191821,0.14,1,648114,647669,445
165599861,5.5786,18.1798,433,125560,0.182364,0.26,1,648116,647683,433
165602741,7.51572,5.23596,439,125560,0.228473,0.2,1,648124,647685,439
165605661,3.10314,10.6472,429,125560,0.229695,0.26,1,648126,647697,429
165607941,14.2206,3.72944,444,125560,0.213939,0.12,1,648143,647699,444
165610861,4.44413,11.1459,433,125560,0.186788,0.12,1,648145,647712,433
165613781,4.08883,2.22918,437,125560,0.269358,0.25,1,648149,647712,437
165616701,9.61777,7.64584,439,125560,0.301872,0.16,1,648160,647721,439
165619381,10.7236,7.92917,442,125560,0.228374,0.22,1,648171,647729,442
165622301,3.74471,9.58583,434,125560,0.181675,0.21,1,648173,647739,434
165624161,1.54894,3.51717,433,125560,0.188335,0.25,1,648174,647741,433
165627081,13.9098,7.10343,442,125560,0.229667,0.14,1,648191,647749,442
165630001,9.18196,11.0207,438,125560,0.173933,0.18,1,648199,647761,438
165632921,12.2364,11.8041,439,125560,0.274787,0.17,1,648212,647773,439
165634561,3.24728,7.16083,434,125560,0.310957,0.22,1,648213,647779,434
165637481,31.0495,31.0322,435,125560,0.350191,0.28,1,648251,647816,435
165640401,36.6099,39.0064,432,125560,0.310038,0.21,1,648289,647857,432
165642881,16.122,15.8013,433,125560,0.278008,0.25,1,648300,647867,433
165645801,10.4244,10.3603,433,125560,0.287602,0.17,1,648309,647876,433
165648081,6.88488,6.07205,434,125560,0.32952,0.23,1,648315,647881,434
165651001,6.17698,8.41441,431,125560,0.313904,0.26,1,648321,647890,431
165653281,4.4354,2.48288,434,125560,0.342781,0.24,1,648325,647891,434
165656201,11.2871,9.29658,436,125560,0.324556,0.15,1,648338,647902,436
165659121,22.2574,5.85932,456,125560,0.184911,0.18,1,648363,647907,456
165662041,7.65148,21.1719,435,125560,0.124982,0.2,1,648367,647932,435
165663681,2.3303,13.8344,424,125560,0.0969964,0.2,1,648368,647944,424
165666601,19.6661,15.5669,432,125560,0.123399,0.2,1,648392,647960,432
165669521,5.53321,4.71337,432,125560,0.28068,0.18,1,648394,647962,432
165671381,1.90664,1.74267,432,125560,0.304136,0.22,1,648395,647963,432
165674301,6.78133,6.74854,432,125560,0.348827,0.22,1,648403,647971,432
165677201,2.95627,2.94971,432,125560,0.357765,0.19,1,648405,647973,432
165680121,10.9913,10.1899,433,125560,0.327553,0.16,1,648418,647985,433
165682401,6.99825,6.03799,434,125560,0.257511,0.24,1,648424,647990,434
165685321,2.99965,4.4076,432,125560,0.291502,0.25,1,648426,647994,432
165688241,3.79993,2.48152,434,125560,0.2663,0.29,1,648430,647996,434
165691161,2.35999,2.0963,434,125560,0.29326,0.21,1,648432,647998,434
165694081,3.672,5.21926,432,125560,0.274652,0.25,1,648436,648004,432
165696961,2.3344,2.64385,432,125560,0.31093,0.21,1,648438,648006,432
165699881,12.4669,8.52877,437,125560,0.278186,0.16,1,648453,648016,437
165702801,12.0934,4.90575,445,125560,0.319637,0.21,1,648465,648020,445
165705721,12.8187,16.1812,439,125560,0.311927,0.15,1,648478,648039,439
165707361,3.36373,9.63623,432,125560,0.286385,0.12,1,648479,648047,432
165710281,5.47275,5.12725,434,125560,0.305277,0.19,1,648485,648051,434
165712561,2.69455,2.62545,434,125560,0.277055,0.25,1,648487,648053,434
165715481,6.93891,9.32509,431,125560,0.319411,0.1,1,648495,648064,431
165718401,27.7878,28.265,431,125560,0.191882,0.21,1,648528,648097,431
165721321,21.5576,19.253,434,125560,0.182376,0.18,1,648548,648114,434
165724241,5.91151,5.4506,434,125560,0.148475,0.18,1,648550,648116,434
165726501,5.1823,1.09012,439,125560,0.277695,0.23,1,648555,648116,439
165729421,4.23646,8.21802,433,125560,0.279539,0.23,1,648559,648126,433
165732341,12.8473,1.6436,448,125560,0.175908,0.18,1,648574,648126,448
165735261,8.16946,15.5287,436,125560,0.179182,0.29,1,648581,648145,436
165738181,4.83389,6.30574,436,125560,0.147836,0.31,1,648585,648149,436
165741101,5.76678,10.0611,431,125560,0.213567,0.31,1,648591,648160,431
165743141,10.7534,2.01223,443,125560,0.266713,0.21,1,648603,648160,443
165746061,6.95067,9.20245,438,125560,0.285343,0.17,1,648609,648171,438
165748341,6.99013,3.44049,443,125560,0.241069,0.24,1,648616,648173,443
165751261,10.198,15.0881,436,125560,0.264214,0.16,1,648627,648191,436
165754181,8.43961,9.41762,436,125560,0.228843,0.3,1,648635,648199,436
165757101,12.8879,12.2835,437,125560,0.205769,0.32,1,648649,648212,437
165760021,4.17758,3.2567,438,125560,0.289154,0.36,1,648651,648213,438
165762941,31.2355,31.0513,438,125560,0.321831,0.3,1,648689,648251,438
165765861,34.2471,36.6103,435,125560,0.296366,0.27,1,648724,648289,435
165768781,22.8494,16.1221,444,125560,0.267273,0.29,1,648744,648300,444
165770801,5.36988,10.4244,436,125560,0.245455,0.34,1,648745,648309,436
165773721,12.274,6.88488,444,125560,0.289091,0.31,1,648759,648315,444
165776641,5.6548,6.17698,442,125560,0.273818,0.35,1,648763,648321,442
165779561,8.33096,4.4354,447,125560,0.318764,0.32,1,648772,648325,447
165782481,24.0662,11.2871,462,125560,0.239753,0.15,1,648800,648338,462
165785401,7.21324,22.2574,440,125560,0.175951,0.11,1,648803,648363,440
165787861,5.44265,7.65148,441,125560,0.0831901,0.13,1,648808,648367,441
165790781,19.4885,21.5303,439,125560,0.168638,0.32,1,648831,648392,439
165793701,5.49771,5.90606,439,125560,0.153728,0.32,1,648833,648394,439
165796181,5.89954,1.18121,445,125560,0.254746,0.36,1,648839,648394,445
165799101,2.77991,7.43624,438,125560,0.250949,0.36,1,648841,648403,438
165802001,2.15598,3.08725,438,125560,0.25019,0.32,1,648843,648405,438
165804921,9.2312,11.0175,436,125560,0.290038,0.24,1,648854,648418,436
165807841,6.64624,7.00349,436,125560,0.258008,0.3,1,648860,648424,436
165809701,6.92925,3.0007,441,125560,0.227602,0.26,1,648867,648426,441
165812621,2.98585,3.80014,439,125560,0.22952,0.3,1,648869,648430,439
165815521,2.19717,2.36003,439,125560,0.221904,0.32,1,648871,648432,439
165818441,3.63943,5.27201,437,125560,0.252381,0.32,1,648875,648438,437
165821361,2.32789,1.0544,439,125560,0.258476,0.27,1,648877,648438,439
165824281,10.8656,12.2109,437,125560,0.259695,0.33,1,648890,648453,437
165827201,8.57312,12.0422,433,125560,0.179939,0.31,1,648898,648465,433
165830121,15.3146,12.8084,437,125560,0.195988,0.28,1,648915,648478,437
165833041,9.46292,3.36169,444,125560,0.279198,0.31,1,648923,648479,444
165834661,2.69258,5.47234,439,125560,0.279839,0.36,1,648924,648485,439
165837581,2.13852,3.49447,438,125560,0.287968,0.33,1,648926,648488,438
165840501,5.2277,6.29889,437,125560,0.225594,0.16,1,648932,648495,437
165843421,21.0455,27.6598,429,125560,0.269119,0.18,1,648957,648528,429
165846341,24.2091,21.532,434,125560,0.213824,0.14,1,648982,648548,434
165848801,6.44182,5.90639,434,125560,0.290765,0.3,1,648984,648550,434
165851721,6.08836,7.58128,432,125560,0.202153,0.28,1,648990,648558,432
165854641,2.81767,2.31626,433,125560,0.152431,0.15,1,648992,648559,433
165857561,8.56353,12.4633,428,125560,0.246486,0.18,1,649002,648574,428
165860241,12.1127,8.09265,434,125560,0.249297,0.28,1,649015,648581,434
165863161,8.82254,7.21853,435,125560,0.169859,0.23,1,649023,648588,435
165866081,4.96451,3.84371,436,125560,0.249972,0.28,1,649027,648591,436
165869001,12.1929,10.3687,438,125560,0.297994,0.29,1,649041,648603,438
165871921,8.03858,6.87375,439,125560,0.227599,0.23,1,649048,648609,439
165874841,12.0077,6.97475,445,125560,0.27752,0.27,1,649061,648616,445
165877761,8.80154,10.195,442,125560,0.191504,0.22,1,649069,648627,442
165880421,14.5603,8.43899,450,125560,0.190301,0.2,1,649085,648635,450
165883341,4.51206,12.8878,438,125560,0.24606,0.31,1,649087,648649,438
165885201,1.70241,4.17756,437,125560,0.241212,0.33,1,649088,648651,437
165888121,29.1405,31.2355,435,125560,0.200242,0.29,1,649124,648689,435
165891041,33.8281,34.2471,435,125560,0.280048,0.26,1,649159,648724,435
165893961,17.9656,22.8494,429,125560,0.25601,0.24,1,649173,648744,429
165896881,21.1931,5.36988,450,125560,0.235202,0.3,1,649195,648745,450
165899801,7.43862,12.274,440,125560,0.19104,0.27,1,649199,648759,440
165901841,3.08772,5.6548,438,125560,0.150208,0.33,1,649201,648763,438
165904761,7.01755,8.33096,437,125560,0.262042,0.22,1,649209,648772,437
165907681,23.8035,24.0662,437,125560,0.108408,0.16,1,649237,648800,437
165910161,6.3607,7.21324,436,125560,0.165682,0.06,1,649239,648803,436
165913081,6.07214,5.44265,437,125560,0.201136,0.19,1,649245,648808,437
165916001,17.2144,19.4885,434,125560,0.240227,0.15,1,649265,648831,434
165918481,5.04289,5.49771,434,125560,0.224045,0.28,1,649267,648833,434
165921401,7.40858,5.89954,436,125560,0.244809,0.25,1,649275,648839,436
165924321,4.68172,2.77991,438,125560,0.232962,0.25,1,649279,648841,438
165926181,3.33634,2.15598,439,125560,0.246592,0.3,1,649282,648843,439
165929101,3.86727,9.2312,432,125560,0.265318,0.25,1,649286,648854,432
165932021,5.57345,6.64624,432,125560,0.285064,0.22,1,649292,648860,432
165934941,9.11469,6.92925,435,125560,0.281013,0.22,1,649302,648867,435
165936581,4.22294,1.38585,438,125560,0.264203,0.22,1,649305,648867,438
165939501,2.44459,3.47717,436,125560,0.228841,0.22,1,649307,648871,436
165942421,3.68892,0.695434,440,125560,0.197768,0.26,1,649311,648871,440
165944901,3.13778,3.33909,439,125560,0.271554,0.33,1,649314,648875,439
165947821,3.82756,9.46782,432,125560,0.270311,0.26,1,649318,648886,432
165950741,11.9655,5.09356,442,125560,0.238062,0.16,1,649332,648890,442
165953661,16.7931,7.41871,452,125560,0.239612,0.2,1,649350,648898,452
165956581,8.15862,15.0837,441,125560,0.231922,0.3,1,649356,648915,441
165959501,3.23172,9.41675,435,125560,0.198384,0.29,1,649358,648923,435
165962421,2.24634,4.28335,434,125560,0.175677,0.21,1,649360,648926,434
165965281,6.04927,5.65667,435,125560,0.283135,0.28,1,649367,648932,435
165968201,18.0099,21.1313,431,125560,0.328627,0.2,1,649388,648957,431
165971121,21.202,24.2263,428,125560,0.281725,0.31,1,649410,648982,428
165973601,5.84039,6.44525,428,125560,0.264345,0.18,1,649412,648984,428
165976521,12.3681,6.08905,436,125560,0.276869,0.14,1,649426,648990,436
165979441,4.07362,2.81781,436,125560,0.247374,0.14,1,649428,648992,436
165981301,7.21472,0.563562,444,125560,0.281475,0.29,1,649436,648992,444
165984221,12.6429,9.71271,446,125560,0.240295,0.25,1,649450,649004,446
165987141,8.92859,10.7425,443,125560,0.208059,0.15,1,649458,649015,443
165990061,4.98572,8.54851,439,125560,0.257612,0.27,1,649462,649023,439
165992741,7.39714,4.9097,443,125560,0.243522,0.31,1,649470,649027,443
165995661,12.6794,12.1819,443,125560,0.240704,0.21,1,649484,649041,443
165997941,6.53589,8.03639,441,125560,0.232141,0.29,1,649489,649048,441
166000861,7.70718,12.0073,436,125560,0.278428,0.17,1,649497,649061,436
166002721,2.34144,8.80146,429,125560,0.271686,0.19,1,649498,649069,429
166005641,11.6683,14.5603,427,125560,0.214337,0.26,1,649512,649085,427
166007921,4.73366,4.51206,428,125560,0.210867,0.21,1,649515,649087,428
166010841,36.1467,2.50241,470,125560,0.250173,0.19,1,649559,649089,470
166013761,32.0293,28.5005,466,125560,0.186035,0.3,1,649590,649124,466
166016681,20.0059,33.7001,448,125560,0.173207,0.25,1,649607,649159,448
166019601,20.0012,17.94,454,125560,0.226641,0.23,1,649627,649173,454
166022521,10.4002,21.188,440,125560,0.221328,0.18,1,649635,649195,440
166024561,3.68005,7.4376,438,125560,0.188266,0.29,1,649637,649199,438
166027481,7.13601,9.48752,436,125560,0.181653,0.29,1,649645,649209,436
166030401,19.8272,1.8975,459,125560,0.124331,0.07,1,649668,649209,459
166033321,5.56544,22.7795,433,125560,0.200866,0.18,1,649670,649237,433
166034961,1.91309,6.1559,432,125560,0.200173,0.21,1,649671,649239,432
166037881,6.78262,6.03118,434,125560,0.224035,0.25,1,649679,649245,434
166040801,17.3565,17.2062,434,125560,0.268807,0.22,1,649699,649265,434
166043281,5.0713,5.04125,434,125560,0.245761,0.25,1,649701,649267,434
166046201,7.41426,7.40825,434,125560,0.265152,0.23,1,649709,649275,434
166049121,4.68285,4.68165,434,125560,0.26903,0.25,1,649713,649279,434
166052041,7.33657,3.33633,439,125560,0.261806,0.27,1,649721,649282,439
166054961,6.26731,3.86727,441,125560,0.236361,0.29,1,649727,649286,441
166057881,9.25346,5.57345,445,125560,0.271272,0.28,1,649737,649292,445
166059921,3.45069,9.11469,437,125560,0.270254,0.26,1,649739,649302,437
166062841,2.29014,4.22294,436,125560,0.270051,0.22,1,649741,649305,436
166065121,3.65803,2.44459,438,125560,0.20601,0.27,1,649745,649307,438
166068041,5.53161,10.8889,431,125560,0.257202,0.27,1,649751,649320,431
166070961,2.70632,2.17778,433,125560,0.24344,0.27,1,649753,649320,433
166073881,10.1413,0.435557,445,125560,0.272688,0.23,1,649765,649320,445
166076801,14.0283,9.68711,448,125560,0.214538,0.24,1,649780,649332,448
166079721,12.4057,16.3374,442,125560,0.162908,0.23,1,649792,649350,442
166082641,4.08113,8.06748,438,125560,0.168582,0.19,1,649794,649356,438
166085301,5.61623,3.2135,442,125560,0.137716,0.33,1,649800,649358,442
166088221,2.72325,7.0427,436,125560,0.187543,0.31,1,649802,649366,436
166091141,18.1446,2.20854,457,125560,0.221509,0.34,1,649824,649367,457
166094061,16.4289,17.2417,452,125560,0.236302,0.27,1,649840,649388,452
166096981,4.88579,21.0483,432,125560,0.20726,0.26,1,649842,649410,432
166099861,15.3772,5.80967,448,125560,0.153452,0.28,1,649860,649412,448
166102781,4.67543,12.3619,436,125560,0.11869,0.24,1,649862,649426,436
166104641,1.73509,4.07239,435,125560,0.0957381,0.29,1,649863,649428,435
166107561,17.947,7.21448,449,125560,0.179148,0.23,1,649885,649436,449
166110481,8.3894,12.6429,441,125560,0.21183,0.2,1,649891,649450,441
166113381,4.87788,8.92858,437,125560,0.170366,0.27,1,649895,649458,437
166116301,8.97558,4.98572,443,125560,0.282073,0.24,1,649905,649462,443
166119221,9.79512,7.39714,445,125560,0.248415,0.24,1,649915,649470,445
166122141,9.15902,12.6794,440,125560,0.265683,0.23,1,649924,649484,440
166124821,5.0318,6.53589,439,125560,0.309137,0.29,1,649928,649489,439
166127741,2.60636,7.70718,433,125560,0.285827,0.2,1,649930,649497,433
166130661,11.7213,13.5414,432,125560,0.289165,0.21,1,649944,649512,432
166133581,38.3443,5.10829,474,125560,0.289833,0.26,1,649989,649515,474
166136501,33.2689,36.2217,462,125560,0.329967,0.17,1,650021,649559,462
166139421,17.8538,32.0443,445,125560,0.305993,0.17,1,650035,649590,445
166142341,21.1708,20.0089,450,125560,0.221199,0.24,1,650057,649607,450
166145261,10.6342,20.0018,438,125560,0.26824,0.22,1,650065,649627,438
166147281,2.92683,10.4004,431,125560,0.293648,0.18,1,650066,649635,431
166150201,10.1854,3.68007,441,125560,0.26673,0.18,1,650078,649637,441
166153121,18.8371,7.13601,454,125560,0.229346,0.11,1,650099,649645,454
166156041,5.36741,19.8272,433,125560,0.189869,0.22,1,650101,649668,433
166157681,1.87348,5.56544,432,125560,0.173974,0.27,1,650102,649670,432
166160601,6.7747,3.51309,437,125560,0.314795,0.23,1,650110,649673,437
166163521,19.7549,5.50262,454,125560,0.262959,0.28,1,650133,649679,454
166166441,5.55099,17.1005,436,125560,0.252592,0.24,1,650135,649699,436
166168081,1.9102,5.0201,435,125560,0.234518,0.27,1,650136,649701,435
166171001,5.18204,7.40402,433,125560,0.294904,0.27,1,650142,649709,433
166173921,4.23641,4.6808,433,125560,0.314981,0.27,1,650146,649713,433
166175781,3.24728,0.936161,436,125560,0.310996,0.26,1,650149,649713,436
166178701,11.0495,6.58723,441,125560,0.334199,0.23,1,650162,649721,441
166180981,5.40989,6.11745,439,125560,0.27484,0.28,1,650166,649727,439
166183901,7.48198,9.22349,437,125560,0.326968,0.27,1,650174,649737,437
166185761,2.2964,3.4447,436,125560,0.321394,0.19,1,650175,649739,436
166188681,3.65928,5.48894,434,125560,0.296279,0.19,1,650179,649745,434
166191601,5.53186,1.09779,440,125560,0.227256,0.27,1,650185,649745,440
166194521,2.70637,5.01956,436,125560,0.197451,0.24,1,650187,649751,436
166196161,1.34127,2.60391,435,125560,0.20749,0.28,1,650188,649753,435
166199081,5.06826,10.1208,429,125560,0.217498,0.2,1,650194,649765,429
166202001,13.8137,14.0242,430,125560,0.2275,0.15,1,650210,649780,430
166204921,14.7627,12.4048,433,125560,0.2535,0.17,1,650225,649792,433
166207601,4.55255,4.08097,433,125560,0.2587,0.22,1,650227,649794,433
166210521,7.31051,8.01619,432,125560,0.20374,0.22,1,650235,649803,432
166213441,3.0621,1.60324,434,125560,0.192748,0.23,1,650237,649803,434
166216361,19.0124,17.1206,436,125560,0.28655,0.24,1,650260,649824,436
166219281,13.4025,16.2241,432,125560,0.20931,0.2,1,650272,649840,432
166222161,4.2805,4.84483,432,125560,0.281862,0.14,1,650274,649842,432
166225081,16.0561,15.369,433,125560,0.176372,0.11,1,650293,649860,433
166227361,4.81122,4.67379,433,125560,0.123274,0.26,1,650295,649862,433
166230281,16.9622,7.33476,445,125560,0.224655,0.2,1,650315,649870,445
166233201,6.59245,13.467,434,125560,0.180931,0.22,1,650319,649885,434
166235681,2.91849,7.49339,430,125560,0.204186,0.19,1,650321,649891,430
166238601,9.3837,5.49868,436,125560,0.216837,0.31,1,650332,649896,436
166241521,6.67674,8.29974,433,125560,0.187367,0.24,1,650338,649905,433
166244441,12.5353,9.65995,437,125560,0.237473,0.27,1,650352,649915,437
166247361,8.90707,9.13199,436,125560,0.255495,0.32,1,650360,649924,436
166250241,4.98141,5.0264,436,125560,0.259099,0.28,1,650364,649928,436
166253161,5.79628,7.40528,434,125560,0.25982,0.29,1,650370,649936,434
166256081,9.15926,7.88106,436,125560,0.251964,0.29,1,650380,649944,436
166259001,40.2319,37.5762,439,125560,0.298393,0.34,1,650428,649989,439
166261921,30.4464,33.1152,435,125560,0.347679,0.3,1,650456,650021,435
166264841,17.2893,17.823,435,125560,0.293536,0.2,1,650470,650035,435
166267761,21.8579,21.1646,436,125560,0.162707,0.28,1,650493,650057,436
166270681,9.17157,10.6329,434,125560,0.256541,0.3,1,650499,650065,434
166273601,14.6343,2.92658,449,125560,0.211308,0.26,1,650515,650066,449
166276521,15.7269,10.1853,453,125560,0.282262,0.22,1,650531,650078,453
166279441,8.74537,18.8371,439,125560,0.200452,0.18,1,650538,650099,439
166281861,4.14907,5.36741,440,125560,0.28809,0.35,1,650541,650101,440
166284781,6.42981,8.27348,438,125560,0.321618,0.25,1,650548,650110,438
166287701,18.086,20.0547,436,125560,0.280324,0.25,1,650569,650133,436
166290621,5.21719,5.61094,436,125560,0.232065,0.25,1,650571,650135,436
166292261,6.64344,1.12219,443,125560,0.182413,0.34,1,650578,650135,443
166295181,2.92869,8.22444,435,125560,0.180483,0.32,1,650580,650145,435
166298101,2.18574,2.44489,436,125560,0.172097,0.31,1,650582,650146,436
166301021,3.63715,2.88898,437,125560,0.290419,0.31,1,650586,650149,437
166302661,6.32743,0.577795,444,125560,0.290084,0.34,1,650593,650149,444
166305581,9.26549,10.5156,441,125560,0.290017,0.26,1,650603,650162,441
166307861,3.4531,5.30311,439,125560,0.274003,0.34,1,650605,650166,439
166310781,2.29062,7.46062,433,125560,0.278801,0.29,1,650607,650174,433
166313061,10.0581,5.49212,440,125560,0.29576,0.21,1,650619,650179,440
166315981,3.61162,5.89843,436,125560,0.299152,0.19,1,650621,650185,436
166318881,2.32232,2.77968,436,125560,0.27583,0.26,1,650623,650187,436
166321801,6.86447,4.55594,439,125560,0.215166,0.22,1,650631,650192,439
166324721,8.57289,2.51119,446,125560,0.283033,0.23,1,650640,650194,446
166327641,13.7146,13.3022,445,125560,0.248607,0.26,1,650655,650210,445
166330561,4.34292,14.6604,432,125560,0.209721,0.26,1,650657,650225,432
166332401,1.66858,4.53209,431,125560,0.177944,0.19,1,650658,650227,431
166335321,9.93372,7.30642,435,125560,0.203589,0.19,1,650670,650235,435
166338241,3.58674,3.06128,435,125560,0.208718,0.19,1,650672,650237,435
166340101,13.5173,0.612257,451,125560,0.249744,0.31,1,650688,650237,451
166343021,15.5035,18.5225,444,125560,0.289949,0.19,1,650704,650260,444
166345941,4.70069,13.3045,434,125560,0.27399,0.3,1,650706,650272,434
166348421,15.3401,4.2609,450,125560,0.222798,0.15,1,650724,650274,450
166351341,7.86803,16.0522,437,125560,0.28456,0.11,1,650730,650293,437
166354261,12.7736,4.81044,449,125560,0.312912,0.25,1,650744,650295,449
166357181,9.75472,16.9621,438,125560,0.222582,0.17,1,650753,650315,438
166359861,6.75094,6.59242,440,125560,0.260516,0.22,1,650759,650319,440
166362781,6.15019,11.7185,433,125560,0.356103,0.18,1,650765,650332,433
166365701,7.63004,7.1437,435,125560,0.287221,0.25,1,650773,650338,435
166368621,12.726,12.6287,435,125560,0.241444,0.26,1,650787,650352,435
166371541,9.7452,8.92575,436,125560,0.304289,0.26,1,650796,650360,436
166374461,5.14904,4.98515,436,125560,0.292858,0.26,1,650800,650364,436
166376501,7.42981,0.99703,444,125560,0.234572,0.31,1,650808,650364,444
166379421,7.08596,6.59941,443,125560,0.278914,0.25,1,650815,650372,443
166382341,41.4172,7.71988,485,125560,0.303783,0.31,1,650865,650380,485
166385261,30.6834,39.944,465,125560,0.252757,0.36,1,650893,650428,465
166388181,15.7367,30.3888,449,125560,0.306551,0.28,1,650905,650456,449
166391101,19.9473,17.2778,456,125560,0.22131,0.13,1,650926,650470,456
166394021,10.3895,21.8556,441,125560,0.260262,0.28,1,650934,650493,441
166396941,13.2779,9.17111,449,125560,0.276052,0.2,1,650948,650499,449
166399861,17.8556,14.6342,452,125560,0.20721,0.3,1,650967,650515,452
166402781,9.97112,15.7268,444,125560,0.193442,0.18,1,650975,650531,444
166405701,4.39422,8.74537,440,125560,0.270688,0.31,1,650978,650538,440
166407281,2.47884,4.14907,439,125560,0.278138,0.33,1,650980,650541,439
166410201,2.09577,6.42981,434,125560,0.247628,0.27,1,650982,650548,434
166413121,14.0192,18.086,430,125560,0.257526,0.22,1,650999,650569,430
166415601,4.40383,5.21719,430,125560,0.307505,0.18,1,651001,650571,430
166418521,12.0808,8.24344,435,125560,0.317501,0.18,1,651015,650580,435
166421441,4.01615,1.64869,437,125560,0.2875,0.17,1,651017,650580,437
166424341,4.00323,1.92974,439,125560,0.2735,0.32,1,651021,650582,439
166427261,7.20065,3.58595,443,125560,0.3507,0.29,1,651029,650586,443
166430181,7.04013,14.3172,433,125560,0.31814,0.27,1,651036,650603,433
166433101,3.00803,4.46344,433,125560,0.343628,0.27,1,651038,650605,433
166434741,7.80161,0.892688,442,125560,0.300726,0.25,1,651047,650605,442
166437661,4.76032,6.57854,438,125560,0.260145,0.3,1,651051,650613,438
166440581,2.55206,7.71571,432,125560,0.220029,0.27,1,651053,650621,432
166443501,2.11041,3.14314,432,125560,0.180006,0.2,1,651055,650623,432
166446421,10.0221,7.02863,436,125560,0.308001,0.2,1,651067,650631,436
166448261,9.20442,1.40573,445,125560,0.2296,0.3,1,651076,650631,445
166451181,10.6409,7.48115,447,125560,0.29392,0.24,1,651087,650640,447
166454101,3.72818,13.4962,434,125560,0.274784,0.2,1,651089,650655,434
166456581,8.74564,4.29925,442,125560,0.222957,0.21,1,651099,650657,442
166459501,3.34913,11.2598,431,125560,0.204591,0.21,1,651101,650670,431
166462421,3.86983,3.85197,433,125560,0.312918,0.21,1,651105,650672,433
166464901,18.374,0.770394,455,125560,0.294584,0.3,1,651127,650672,455
166467821,16.4748,25.7541,439,125560,0.290917,0.27,1,651143,650704,439
166470721,4.89496,6.75082,439,125560,0.282183,0.21,1,651145,650706,439
166473641,16.179,15.7502,440,125560,0.264437,0.3,1,651164,650724,440
166476561,4.8358,7.95003,436,125560,0.228887,0.32,1,651166,650730,436
166479481,9.76716,12.79,433,125560,0.341777,0.2,1,651177,650744,433
166482401,10.7534,9.758,435,125560,0.308355,0.27,1,651188,650753,435
166485281,7.75069,6.7516,436,125560,0.269671,0.38,1,651195,650759,436
166488201,7.95014,6.15032,438,125560,0.285934,0.27,1,651203,650765,438
166490481,6.39003,7.63006,436,125560,0.329187,0.23,1,651209,650773,436
166493401,14.078,12.726,438,125560,0.265837,0.32,1,651225,650787,438
166496321,6.0156,9.7452,433,125560,0.261167,0.29,1,651229,650796,433
166498801,8.40312,5.14904,438,125560,0.268233,0.22,1,651238,650800,438
166501721,6.48062,7.42981,436,125560,0.237647,0.29,1,651244,650808,436
166504641,2.89612,7.08596,431,125560,0.287529,0.31,1,651246,650815,431
166507561,44.5792,41.4172,436,125560,0.313506,0.24,1,651301,650865,436
166510481,32.9158,30.6834,438,125560,0.262701,0.32,1,651331,650893,438
166513401,12.9832,15.7367,434,125560,0.27654,0.2,1,651339,650905,434
166516321,21.7966,19.9473,437,125560,0.207308,0.27,1,651363,650926,437
166518561,10.7593,10.3895,437,125560,0.257462,0.28,1,651371,650934,437
166521481,10.1519,13.2779,433,125560,0.211492,0.19,1,651381,650948,433
166524401,19.6304,17.8556,436,125560,0.202298,0.19,1,651403,650967,436
166527321,7.12607,9.97112,432,125560,0.23246,0.29,1,651407,650975,432
166530001,9.42521,4.39422,439,125560,0.278492,0.33,1,651417,650978,439
166532921,8.28504,9.67884,436,125560,0.199698,0.33,1,651425,650989,436
166535841,9.65701,1.93577,446,125560,0.21594,0.26,1,651435,650989,446
166538761,3.5314,8.38715,438,125560,0.275188,0.32,1,651437,650999,438
166540401,1.50628,3.27743,437,125560,0.271038,0.32,1,651438,651001,437
166543321,13.1013,11.8555,439,125560,0.214208,0.28,1,651454,651015,439
166546241,4.22025,3.9711,439,125560,0.170842,0.28,1,651456,651017,439
166548101,3.24405,0.794219,442,125560,0.202168,0.38,1,651459,651017,442
166551021,5.44881,5.75884,441,125560,0.248434,0.37,1,651465,651024,441
166553941,5.88976,5.15177,442,125560,0.249687,0.31,1,651471,651029,442
166556421,2.77795,6.63035,437,125560,0.305937,0.35,1,651473,651036,437
166559341,5.35559,2.92607,441,125560,0.293187,0.25,1,651479,651038,441
166562261,9.07112,10.9852,438,125560,0.298637,0.21,1,651489,651051,438
166564741,3.41422,3.79704,438,125560,0.275728,0.17,1,651491,651053,438
166567661,2.28284,2.35941,438,125560,0.239145,0.34,1,651493,651055,438
166570581,10.8566,10.0719,439,125560,0.287829,0.21,1,651506,651067,439
166573501,6.97131,9.21438,436,125560,0.273566,0.21,1,651512,651076,436
166575141,6.19426,1.84288,442,125560,0.302713,0.31,1,651518,651076,442
166578061,2.83885,9.16858,433,125560,0.340543,0.27,1,651520,651087,433
166580341,10.9678,3.43371,444,125560,0.316109,0.21,1,651533,651089,444
166583261,3.79355,8.68674,436,125560,0.319222,0.2,1,651535,651099,436
166586181,2.35871,3.33735,436,125560,0.319844,0.34,1,651537,651101,436
166589101,22.8717,3.86747,460,125560,0.279969,0.29,1,651565,651105,460
166592021,17.3743,31.1735,438,125560,0.335994,0.28,1,651581,651143,438
166594941,5.07487,7.8347,438,125560,0.315199,0.28,1,651583,651145,438
166596981,13.815,1.56694,454,125560,0.23104,0.26,1,651599,651145,454
166599901,6.76299,15.5134,440,125560,0.254208,0.22,1,651604,651164,440
166601761,2.1526,4.70268,439,125560,0.242842,0.37,1,651605,651166,439
166604681,6.83052,9.74054,436,125560,0.144568,0.3,1,651613,651177,436
166607601,6.1661,10.7481,431,125560,0.284914,0.26,1,651619,651188,431
166610081,8.43322,7.74962,433,125560,0.320983,0.29,1,651628,651195,433
166613001,9.68664,7.94992,435,125560,0.248197,0.34,1,651638,651203,435
166615921,8.33733,6.38998,437,125560,0.273639,0.25,1,651646,651209,437
166618841,12.8675,14.078,435,125560,0.246728,0.26,1,651660,651225,435
166621521,5.77349,6.0156,435,125560,0.281346,0.27,1,651664,651229,435
166624441,13.9547,8.40312,442,125560,0.264269,0.23,1,651680,651238,442
166627361,4.39094,6.48062,438,125560,0.228854,0.3,1,651682,651244,438
166629841,2.47819,2.89612,438,125560,0.285771,0.32,1,651684,651246,438
166632761,42.0956,44.5792,435,125560,0.193154,0.25,1,651736,651301,435
166635681,33.2191,32.9158,436,125560,0.310631,0.28,1,651767,651331,436
166638161,13.0438,12.9832,436,125560,0.262126,0.19,1,651775,651339,436
166641081,20.2088,21.7966,434,125560,0.172425,0.27,1,651797,651363,434
166644001,8.84175,10.7593,432,125560,0.210485,0.2,1,651803,651371,432
166646921,14.5684,10.1519,438,125560,0.250097,0.2,1,651819,651381,438
166649841,20.5137,19.6304,438,125560,0.226019,0.24,1,651841,651403,438
166651681,6.50273,7.12607,437,125560,0.181204,0.29,1,651844,651407,437
166654601,4.50055,9.42521,431,125560,0.228241,0.18,1,651848,651417,431
166657521,8.90011,8.28504,433,125560,0.293648,0.22,1,651858,651425,433
166660441,11.38,9.65701,435,125560,0.30673,0.29,1,651870,651435,435
166663121,3.876,3.5314,435,125560,0.269346,0.28,1,651872,651437,435
166666041,12.7752,8.70628,440,125560,0.253869,0.2,1,651887,651447,440
166668961,4.15504,7.34126,435,125560,0.290774,0.16,1,651889,651454,435
166671441,2.43101,3.06825,435,125560,0.274155,0.21,1,651891,651456,435
166674361,10.0862,3.01365,444,125560,0.278831,0.26,1,651903,651459,444
166677281,5.21724,5.40273,442,125560,0.239766,0.25,1,651907,651465,442
166680201,2.64345,5.88055,438,125560,0.231953,0.32,1,651909,651471,438
166681841,1.32869,2.77611,437,125560,0.214391,0.33,1,651910,651473,437
166684761,6.66574,9.35522,434,125560,0.290878,0.3,1,651918,651484,434
166687681,4.53315,5.87104,433,125560,0.290176,0.27,1,651922,651489,433
166690161,2.50663,2.77421,433,125560,0.258035,0.25,1,651924,651491,433
166693081,8.50133,4.55484,438,125560,0.259607,0.3,1,651934,651496,438
166696001,4.90027,8.91097,432,125560,0.219921,0.27,1,651938,651506,432
166698921,10.5801,6.58219,438,125560,0.275984,0.31,1,651950,651512,438
166701841,6.11601,6.11644,437,125560,0.263197,0.35,1,651955,651518,437
166704761,8.4232,2.82329,444,125560,0.292639,0.32,1,651964,651520,444
166707681,3.28464,12.5647,431,125560,0.298528,0.32,1,651966,651535,431
166710341,7.85693,4.11293,438,125560,0.323706,0.27,1,651975,651537,438
166713261,20.7714,23.2226,434,125560,0.288741,0.35,1,651999,651565,434
166716181,18.5543,17.4445,436,125560,0.225748,0.31,1,652017,651581,436
166719101,5.31086,5.0889,436,125560,0.25315,0.31,1,652019,651583,436
166720741,8.26217,1.01778,445,125560,0.26663,0.21,1,652028,651583,445
166723661,4.05243,13.0036,432,125560,0.253326,0.26,1,652031,651599,432
166725521,6.41049,6.60071,434,125560,0.170665,0.21,1,652038,651604,434
166728441,7.6821,5.32014,437,125560,0.194133,0.12,1,652046,651609,437
166731361,8.73642,4.26403,442,125560,0.198827,0.32,1,652055,651613,442
166734281,7.34728,5.65281,443,125560,0.199765,0.23,1,652062,651619,443
166737201,10.2695,16.3306,435,125560,0.231953,0.23,1,652073,651638,435
166739461,8.45389,3.26611,443,125560,0.278391,0.28,1,652081,651638,443
166742381,12.0908,7.05322,448,125560,0.263678,0.24,1,652094,651646,448
166745301,6.41816,12.6106,439,125560,0.292736,0.29,1,652099,651660,439
166747781,13.2836,5.72213,450,125560,0.322547,0.26,1,652114,651664,450
166750701,4.25673,13.9444,436,125560,0.296509,0.22,1,652116,651680,436
166752561,1.65135,4.38889,435,125560,0.299302,0.31,1,652117,651682,435
166755481,41.9303,8.87778,477,125560,0.21986,0.17,1,652169,651692,477
166758401,33.9861,36.9756,465,125560,0.331972,0.34,1,652201,651736,465
166761321,14.7972,32.1951,444,125560,0.298394,0.25,1,652211,651767,444
166764241,20.5594,12.839,458,125560,0.323679,0.15,1,652233,651775,458
166767161,7.31189,20.1678,440,125560,0.336736,0.22,1,652237,651797,440
166769201,3.06238,8.83356,436,125560,0.307347,0.26,1,652239,651803,436
166772121,13.4125,14.5667,436,125560,0.309469,0.22,1,652255,651819,436
166775041,17.0825,20.5133,432,125560,0.261894,0.17,1,652273,651841,432
166777961,12.2165,6.50267,440,125560,0.252379,0.24,1,652284,651844,440
166780881,10.4433,4.50053,446,125560,0.194476,0.31,1,652294,651848,446
166783801,7.68866,8.90011,443,125560,0.262895,0.31,1,652301,651858,443
166786261,6.33773,11.38,437,125560,0.220579,0.26,1,652307,651870,437
166789181,8.46755,3.876,444,125560,0.244116,0.25,1,652316,651872,444
166792101,3.29351,12.7752,431,125560,0.248823,0.3,1,652318,651887,431
166794161,2.2587,4.15504,431,125560,0.217765,0.23,1,652320,651889,431
166797081,12.4517,4.03101,442,125560,0.235553,0.28,1,652335,651893,442
166800001,8.09035,8.8062,439,125560,0.199111,0.23,1,652342,651903,439
166802481,3.21807,4.96124,437,125560,0.199822,0.23,1,652344,651907,437
166805401,2.24361,2.59225,437,125560,0.271964,0.21,1,652346,651909,437
166808321,6.84872,1.31845,444,125560,0.286393,0.31,1,652354,651910,444
166811241,2.96974,6.66369,438,125560,0.297279,0.29,1,652356,651918,438
166812881,1.39395,4.53274,435,125560,0.283456,0.31,1,652357,651922,435
166815801,5.07879,4.90655,436,125560,0.240691,0.26,1,652363,651927,436
166818721,9.01576,6.58131,439,125560,0.216138,0.21,1,652373,651934,439
166821201,3.40315,4.51626,437,125560,0.251228,0.29,1,652375,651938,437
166824121,8.68063,10.5033,435,125560,0.250246,0.26,1,652385,651950,435
166826401,6.53613,6.10065,436,125560,0.186049,0.3,1,652391,651955,436
166829321,9.30723,8.42013,437,125560,0.21321,0.3,1,652401,651964,437
166832241,3.46144,3.28403,437,125560,0.258642,0.3,1,652403,651966,437
166834101,1.49229,0.656805,438,125560,0.251728,0.33,1,652404,651966,438
166837021,23.4985,7.33136,458,125560,0.210346,0.28,1,652433,651975,458
166839941,18.2997,20.6663,451,125560,0.194069,0.21,1,652450,651999,451
166842861,5.25994,18.5333,435,125560,0.230814,0.26,1,652452,652017,435
166845541,4.25199,5.30665,437,125560,0.222163,0.25,1,652456,652019,437
166848461,8.8504,10.6613,435,125560,0.252433,0.15,1,652466,652031,435
166851381,12.9701,7.73227,442,125560,0.226487,0.2,1,652480,652038,442
166854301,7.39402,7.94645,440,125560,0.157297,0.2,1,652486,652046,440
166856561,3.0788,8.78929,433,125560,0.199459,0.2,1,652488,652055,433
166859481,7.01576,7.35786,434,125560,0.159892,0.24,1,652496,652062,434
166862401,13.4032,10.2716,438,125560,0.231978,0.29,1,652511,652073,438
166864881,7.48063,8.45431,436,125560,0.158396,0.26,1,652517,652081,436
166867801,9.49613,12.0909,433,125560,0.239679,0.3,1,652527,652094,433
166870081,5.09923,6.41817,432,125560,0.223936,0.33,1,652531,652099,432
166873001,14.6198,13.2836,434,125560,0.204787,0.29,1,652548,652114,434
166875921,6.12397,4.25673,436,125560,0.136957,0.3,1,652552,652116,436
166877781,3.62479,1.65135,438,125560,0.227391,0.2,1,652555,652117,438
166880701,38.325,41.9303,433,125560,0.229478,0.36,1,652602,652169,433
166883621,35.665,33.9861,436,125560,0.293896,0.29,1,652637,652201,436
166886541,16.733,14.7972,438,125560,0.314779,0.33,1,652649,652211,438
166889461,16.9466,20.5594,433,125560,0.214956,0.34,1,652666,652233,433
166891921,6.58932,7.31189,433,125560,0.130991,0.26,1,652670,652237,433
166894841,13.3179,4.66238,444,125560,0.194198,0.31,1,652685,652241,444
166897761,19.4636,12.1325,451,125560,0.15884,0.25,1,652706,652255,451
166900681,11.0927,16.8265,442,125560,0.151768,0.25,1,652715,652273,442
166903601,11.0185,12.1653,442,125560,0.206354,0.18,1,652726,652284,442
166905441,3.00371,10.4331,433,125560,0.201271,0.28,1,652727,652294,433
166908361,8.60074,7.68661,436,125560,0.232254,0.21,1,652737,652301,436
166911281,3.32015,6.33732,432,125560,0.246451,0.21,1,652739,652307,432
166913141,9.46403,1.26746,443,125560,0.24929,0.25,1,652750,652307,443
166916061,3.49281,7.45349,436,125560,0.249858,0.25,1,652752,652316,436
166918341,3.09856,3.0907,437,125560,0.201972,0.24,1,652755,652318,437
166921261,12.6197,14.2181,435,125560,0.272394,0.19,1,652770,652335,435
166924181,8.92394,8.44363,436,125560,0.270479,0.2,1,652778,652342,436
166927101,3.38479,3.28873,436,125560,0.230096,0.2,1,652780,652344,436
166928741,4.67696,0.657745,441,125560,0.190019,0.3,1,652785,652344,441
166931661,2.53539,9.73155,431,125560,0.182004,0.3,1,652787,652356,431
166934581,2.10708,1.94631,433,125560,0.292401,0.3,1,652789,652356,433
166937501,2.02142,0.389262,435,125560,0.31448,0.23,1,652791,652356,435
166940421,3.60428,5.67785,432,125560,0.310896,0.21,1,652795,652363,432
166943341,11.1209,9.13557,435,125560,0.278179,0.26,1,652808,652373,435
166946001,3.82417,3.42711,435,125560,0.239636,0.25,1,652810,652375,435
166948921,8.76483,8.68542,435,125560,0.191927,0.17,1,652820,652385,435
166951841,4.95297,6.53708,433,125560,0.294385,0.22,1,652824,652391,433
166954761,8.19059,9.30742,432,125560,0.306877,0.27,1,652833,652401,432
166957441,3.23812,3.46148,432,125560,0.325375,0.24,1,652835,652403,432
166960361,26.2476,7.0923,456,125560,0.217075,0.2,1,652867,652411,456
166963281,14.0495,19.0185,445,125560,0.203415,0.19,1,652878,652433,445
166966201,4.4099,17.4037,430,125560,0.200683,0.24,1,652880,652450,430
166967841,1.68198,5.08074,429,125560,0.184137,0.18,1,652881,652452,429
166970761,8.3364,5.81615,433,125560,0.300827,0.26,1,652891,652458,433
166973681,8.86728,7.56323,434,125560,0.276165,0.22,1,652900,652466,434
166976601,9.77346,12.7126,430,125560,0.295233,0.14,1,652910,652480,430
166979281,6.75469,7.34253,430,125560,0.283047,0.21,1,652916,652486,430
166982201,7.75094,3.06851,436,125560,0.304609,0.15,1,652924,652488,436
166984481,3.15019,7.0137,430,125560,0.300922,0.25,1,652926,652496,430
166987401,10.23,13.4027,427,125560,0.236184,0.14,1,652938,652511,427
166990321,12.446,7.48055,434,125560,0.287237,0.26,1,652951,652517,434
166993241,10.4892,9.49611,434,125560,0.337447,0.22,1,652961,652527,434
166996161,17.2978,5.09922,449,125560,0.299489,0.2,1,652980,652531,449
166999081,5.85957,14.6198,435,125560,0.243898,0.12,1,652983,652548,435
167002001,3.57191,6.12397,434,125560,0.25678,0.23,1,652986,652552,434
167004921,40.7144,41.2248,434,125560,0.291356,0.31,1,653036,652602,434
167007841,37.7429,36.245,436,125560,0.282271,0.32,1,653073,652637,436
167010761,15.5486,16.849,434,125560,0.328454,0.32,1,653083,652649,434
167012981,17.5097,3.3698,452,125560,0.337691,0.19,1,653101,652649,452
167015901,6.70194,14.274,439,125560,0.275538,0.11,1,653105,652666,439
167018181,13.3404,6.05479,450,125560,0.319108,0.21,1,653120,652670,450
167021101,13.8681,13.211,449,125560,0.215822,0.15,1,653134,652685,449
167024021,13.1736,19.4422,441,125560,0.267164,0.15,1,653147,652706,441
167026501,12.2347,11.0884,444,125560,0.213433,0.22,1,653159,652715,444
167029421,4.04694,11.0177,435,125560,0.234687,0.2,1,653161,652726,435
167032341,8.00939,3.00354,443,125560,0.206937,0.24,1,653170,652727,443
167035261,3.20188,8.60071,435,125560,0.169387,0.25,1,653172,652737,435
167037941,9.44038,3.32014,444,125560,0.249877,0.25,1,653183,652739,444
167040861,3.48808,11.064,433,125560,0.233975,0.19,1,653185,652752,433
167043141,7.89762,4.61281,439,125560,0.246795,0.29,1,653194,652755,439
167046061,8.77952,12.9226,433,125560,0.257359,0.27,1,653203,652770,433
167048961,10.5559,8.98451,436,125560,0.283472,0.22,1,653214,652778,436
167051881,3.71118,3.3969,436,125560,0.288694,0.18,1,653216,652780,436
167054801,5.54224,4.67938,437,125560,0.273739,0.18,1,653222,652785,437
167056661,1.90845,2.53588,436,125560,0.254748,0.32,1,653223,652787,436
167059581,1.98169,2.10718,436,125560,0.25095,0.32,1,653225,652789,436
167062481,1.99634,2.02144,436,125560,0.33019,0.31,1,653227,652791,436
167065401,3.59927,3.60429,436,125560,0.354038,0.27,1,653231,652795,436
167068321,7.11985,11.1209,431,125560,0.310808,0.23,1,653239,652808,431
167070801,3.02397,3.82417,431,125560,0.334162,0.18,1,653241,652810,431
167073721,11.8048,8.76483,435,125560,0.346832,0.32,1,653255,652820,435
167076641,7.16096,4.95297,437,125560,0.285366,0.32,1,653261,652824,437
167078501,7.03219,0.990593,444,125560,0.193073,0.31,1,653268,652824,444
167081421,3.00644,7.39812,437,125560,0.262615,0.33,1,653270,652833,437
167083701,22.2013,3.07962,462,125560,0.308523,0.19,1,653297,652835,462
167086621,15.6403,26.2159,444,125560,0.301705,0.2,1,653311,652867,444
167089541,7.92805,14.0432,439,125560,0.332341,0.2,1,653317,652878,439
167092021,3.18561,4.40864,439,125560,0.306468,0.33,1,653319,652880,439
167094941,7.03712,9.68173,436,125560,0.213294,0.27,1,653327,652891,436
167097861,9.40742,9.13635,437,125560,0.250659,0.27,1,653337,652900,437
167100341,6.68148,1.82727,443,125560,0.282132,0.3,1,653343,652900,443
167103261,9.3363,8.36545,443,125560,0.312426,0.28,1,653353,652910,443
167105541,5.06726,6.47309,441,125560,0.270485,0.31,1,653357,652916,441
167108461,2.61345,7.69462,435,125560,0.238097,0.3,1,653359,652924,435
167111381,9.32269,3.13892,444,125560,0.295619,0.22,1,653370,652926,444
167114301,17.8645,10.2278,452,125560,0.323124,0.3,1,653390,652938,452
167117221,9.97291,12.4456,447,125560,0.232625,0.35,1,653398,652951,447
167119061,17.9946,10.4891,457,125560,0.326525,0.29,1,653418,652961,457
167121981,5.19892,17.2978,440,125560,0.337305,0.23,1,653420,652980,440
167123841,1.83978,5.85956,438,125560,0.323461,0.26,1,653421,652983,438
167126761,1.96796,3.57191,437,125560,0.352692,0.3,1,653423,652986,437
167129681,37.1936,40.7144,433,125560,0.350538,0.28,1,653469,653036,433
167132601,41.8387,37.7429,439,125560,0.334108,0.34,1,653512,653073,439
167135521,14.7677,15.5486,437,125560,0.306822,0.34,1,653520,653083,437
167138441,18.9535,17.5097,439,125560,0.349364,0.26,1,653540,653101,439
167141361,6.99071,6.70194,439,125560,0.349873,0.33,1,653544,653105,439
167144281,18.9981,13.3404,446,125560,0.333975,0.19,1,653566,653120,446
167147201,14.1996,13.8681,445,125560,0.354795,0.28,1,653579,653134,445
167150121,10.8399,13.1736,442,125560,0.270959,0.2,1,653589,653147,442
167151921,2.96799,12.2347,431,125560,0.270192,0.26,1,653590,653159,431
167154841,7.7936,5.64694,436,125560,0.326038,0.2,1,653599,653163,436
167157761,6.35872,6.72939,435,125560,0.305208,0.16,1,653605,653170,435
167160241,2.87174,2.94588,435,125560,0.269042,0.27,1,653607,653172,435
167163161,8.57435,9.38918,434,125560,0.357808,0.23,1,653617,653183,434
167165441,3.31487,3.47784,434,125560,0.367562,0.25,1,653619,653185,434
167168361,10.263,7.89557,437,125560,0.361512,0.26,1,653631,653194,437
167171281,8.45259,8.77911,436,125560,0.352302,0.29,1,653639,653203,436
167174201,8.09052,10.5558,433,125560,0.358461,0.29,1,653647,653214,433
167176881,8.0181,3.71116,439,125560,0.311692,0.27,1,653655,653216,439
167179801,6.40362,5.54223,439,125560,0.302338,0.25,1,653661,653222,439
167182081,2.88072,1.90845,440,125560,0.268468,0.36,1,653663,653223,440
167185001,3.77614,5.18169,438,125560,0.221694,0.36,1,653667,653229,438
167187921,2.35523,1.03634,440,125560,0.308339,0.36,1,653669,653229,440
167190841,2.07105,1.80727,440,125560,0.333668,0.3,1,653671,653231,440
167193761,3.61421,6.76145,436,125560,0.370734,0.34,1,653675,653239,436
167195601,1.52284,2.95229,435,125560,0.362147,0.35,1,653676,653241,435
167198521,8.30457,11.7905,431,125560,0.328429,0.27,1,653686,653255,431
167201441,12.8609,7.15809,439,125560,0.313686,0.17,1,653700,653261,439
167204361,7.37218,7.03162,438,125560,0.254737,0.28,1,653706,653268,438
167207281,22.2744,3.00632,462,125560,0.266947,0.32,1,653732,653270,462
167210201,15.6549,22.2013,449,125560,0.229389,0.3,1,653746,653297,449
167213121,4.73098,15.6403,437,125560,0.189878,0.34,1,653748,653311,437
167215781,3.3462,7.92805,434,125560,0.253976,0.3,1,653751,653317,434
167218701,9.46924,3.18561,443,125560,0.274795,0.19,1,653762,653319,443
167221621,10.6938,7.03712,446,125560,0.262959,0.26,1,653773,653327,446
167224541,7.73877,9.40742,443,125560,0.284592,0.32,1,653780,653337,443
167227461,7.94775,14.6815,435,125560,0.320918,0.26,1,653788,653353,435
167230381,6.38955,6.1363,437,125560,0.280184,0.26,1,653794,653357,437
167232421,6.07791,1.22726,443,125560,0.232037,0.32,1,653800,653357,443
167235341,4.41558,6.64545,439,125560,0.166407,0.31,1,653804,653365,439
167238261,20.0831,5.32909,458,125560,0.233281,0.33,1,653828,653370,458
167241181,10.4166,17.0658,446,125560,0.254656,0.21,1,653836,653390,446
167244101,18.0833,9.81316,458,125560,0.266931,0.34,1,653856,653398,458
167247021,5.21666,19.5626,438,125560,0.237386,0.32,1,653858,653420,438
167249061,4.24333,4.71253,441,125560,0.223477,0.37,1,653862,653421,441
167251981,2.44867,6.54251,436,125560,0.188695,0.35,1,653864,653428,436
167254901,34.0897,34.1085,437,125560,0.293739,0.33,1,653906,653469,437
167257821,41.2179,41.2217,437,125560,0.210748,0.3,1,653949,653512,437
167260741,17.8436,14.6443,441,125560,0.29815,0.36,1,653961,653520,441
167263661,16.3687,18.9289,437,125560,0.30763,0.35,1,653977,653540,437
167266321,9.67374,6.98577,441,125560,0.213526,0.33,1,653985,653544,441
167269241,13.1347,18.9972,433,125560,0.218705,0.36,1,653999,653566,433
167272161,13.027,14.1994,433,125560,0.243741,0.25,1,654012,653579,433
167275081,16.2054,10.8399,440,125560,0.216748,0.27,1,654029,653589,440
167278001,4.84108,2.96798,441,125560,0.17935,0.34,1,654031,653590,441
167280921,11.3682,7.7936,445,125560,0.21987,0.3,1,654044,653599,445
167283841,3.87364,6.35872,441,125560,0.211974,0.26,1,654046,653605,441
167286501,5.57473,2.87174,445,125560,0.146395,0.38,1,654052,653607,445
167289421,3.51495,8.57435,438,125560,0.277279,0.37,1,654055,653617,438
167292341,12.703,3.31487,451,125560,0.231456,0.36,1,654070,653619,451
167295261,8.9406,10.263,447,125560,0.206291,0.35,1,654078,653631,447
167297941,4.98812,8.45259,443,125560,0.201258,0.36,1,654082,653639,443
167300861,5.79762,8.09052,441,125560,0.216252,0.3,1,654088,653647,441
167303141,10.7595,8.0181,445,125560,0.25125,0.3,1,654100,653655,445
167306061,3.7519,6.40362,441,125560,0.23425,0.26,1,654102,653661,441
167307921,3.15038,2.88072,442,125560,0.24685,0.35,1,654105,653663,442
167310841,2.23008,4.57614,439,125560,0.20137,0.33,1,654107,653668,439
167313761,2.04602,1.71523,440,125560,0.168274,0.34,1,654109,653669,440
167316661,5.2092,1.94305,444,125560,0.185655,0.39,1,654115,653671,444
167319581,2.64184,8.38861,436,125560,0.165131,0.39,1,654117,653681,436
167322501,6.92837,1.67772,444,125560,0.249026,0.32,1,654125,653681,444
167325421,9.38567,4.33554,449,125560,0.193805,0.31,1,654135,653686,449
167328341,6.67713,12.0671,441,125560,0.206761,0.24,1,654141,653700,441
167330181,19.7354,7.21342,458,125560,0.169352,0.27,1,654164,653706,458
167333101,17.5471,22.2427,449,125560,0.17787,0.22,1,654181,653732,449
167336021,5.10942,15.6485,437,125560,0.147574,0.18,1,654183,653746,437
167338081,2.62188,4.72971,437,125560,0.109515,0.34,1,654185,653748,437
167341001,3.72438,9.74594,430,125560,0.109903,0.28,1,654189,653759,430
167343921,7.14488,4.34919,435,125560,0.189981,0.26,1,654197,653762,435
167346841,10.229,9.66984,435,125560,0.173996,0.29,1,654208,653773,435
167349521,8.4458,7.53397,436,125560,0.186799,0.33,1,654216,653780,436
167352441,6.48916,7.90679,434,125560,0.11736,0.27,1,654222,653788,434
167354721,2.89783,6.38136,430,125560,0.223472,0.22,1,654224,653794,430
167357641,8.57957,6.07627,434,125560,0.220694,0.15,1,654234,653800,434
167360561,7.31591,4.41525,437,125560,0.212139,0.25,1,654241,653804,437
167363481,17.4632,20.0831,433,125560,0.202428,0.26,1,654261,653828,433
167366401,13.0926,10.4166,437,125560,0.208486,0.27,1,654273,653836,437
167369321,17.8185,18.0833,436,125560,0.273697,0.23,1,654292,653856,436
167371361,5.16371,5.21666,436,125560,0.286739,0.29,1,654294,653858,436
167374281,4.23274,6.64333,433,125560,0.257348,0.29,1,654298,653865,433
167377201,2.44655,1.32867,435,125560,0.21947,0.32,1,654300,653865,435
167380121,30.8893,33.0657,432,125560,0.187894,0.19,1,654338,653906,432
167383041,43.7779,41.0131,436,125560,0.261579,0.32,1,654385,653949,436
167385921,18.3556,17.8026,436,125560,0.292316,0.31,1,654397,653961,436
167388841,11.6711,16.3605,430,125560,0.242463,0.19,1,654407,653977,430
167391761,11.1342,9.67211,433,125560,0.296493,0.22,1,654418,653985,433
167394681,15.0268,13.1344,435,125560,0.331299,0.25,1,654434,653999,435
167397601,6.20537,13.0269,426,125560,0.28226,0.21,1,654438,654012,426
167400521,17.2411,16.2054,429,125560,0.168452,0.17,1,654458,654029,429
167402561,7.44821,4.84108,432,125560,0.23369,0.23,1,654463,654031,432
167405481,15.0896,11.3682,436,125560,0.246738,0.21,1,654480,654044,436
167408401,4.61793,3.87364,436,125560,0.249348,0.21,1,654482,654046,436
167410261,4.92359,0.774729,441,125560,0.24987,0.31,1,654487,654046,441
167413181,2.58472,7.35495,434,125560,0.217974,0.31,1,654489,654055,434
167416101,9.31694,1.47099,445,125560,0.243595,0.22,1,654500,654055,445
167419021,9.86339,12.2942,440,125560,0.256719,0.2,1,654510,654070,440
167421701,6.77268,8.85884,438,125560,0.315344,0.2,1,654516,654078,438
167424621,3.75454,4.97177,437,125560,0.279069,0.22,1,654519,654082,437
167427541,9.55091,5.79435,442,125560,0.327814,0.23,1,654530,654088,442
167430461,3.51018,12.3589,430,125560,0.297563,0.25,1,654532,654102,430
167433141,8.70204,4.87177,437,125560,0.291513,0.17,1,654542,654105,437
167436061,3.34041,7.37435,431,125560,0.330303,0.17,1,654544,654113,431
167438981,2.26808,1.47487,433,125560,0.30606,0.19,1,654546,654113,433
167441901,3.65362,1.89497,435,125560,0.269212,0.16,1,654550,654115,435
167444161,2.33072,1.97899,435,125560,0.325842,0.27,1,654552,654117,435
167447081,5.26614,6.7958,433,125560,0.297168,0.18,1,654558,654125,433
167450001,5.85323,9.35916,429,125560,0.259434,0.21,1,654564,654135,429
167452921,10.7706,6.67183,435,125560,0.315887,0.16,1,654576,654141,435
167455841,25.3541,19.7344,441,125560,0.351177,0.18,1,654605,654164,441
167458761,7.47083,17.5469,427,125560,0.302235,0.14,1,654608,654181,427
167460801,3.89417,5.10937,428,125560,0.340447,0.14,1,654611,654183,428
167463721,7.97883,4.22187,433,125560,0.324089,0.11,1,654620,654187,433
167466641,6.39577,2.44437,437,125560,0.248818,0.21,1,654626,654189,437
167469561,9.27915,6.88888,439,125560,0.289764,0.17,1,654636,654197,439
167472481,12.2558,10.1778,441,125560,0.289953,0.19,1,654649,654208,441
167475401,5.65117,8.43555,437,125560,0.233991,0.1,1,654653,654216,437
167478321,3.53023,6.48711,434,125560,0.182798,0.25,1,654656,654222,434
167480561,6.30605,2.89742,439,125560,0.31656,0.2,1,654663,654224,439
167483481,7.66121,11.7795,433,125560,0.271312,0.21,1,654671,654238,433
167486401,19.1322,4.7559,452,125560,0.270262,0.2,1,654693,654241,452
167489321,13.4264,16.9512,444,125560,0.350052,0.21,1,654705,654261,444
167492241,17.0853,12.9902,450,125560,0.29401,0.29,1,654723,654273,450
167495161,7.41706,17.798,436,125560,0.274802,0.29,1,654728,654292,436
167498081,4.68341,5.15961,438,125560,0.28696,0.25,1,654732,654294,438
167501001,2.53668,4.23192,436,125560,0.289392,0.21,1,654734,654298,436
167503861,30.9073,2.44638,472,125560,0.329878,0.18,1,654772,654300,472
167506781,44.5815,30.8893,482,125560,0.241976,0.28,1,654820,654338,482
167509701,16.9163,43.7779,445,125560,0.208395,0.3,1,654830,654385,445
167512621,12.9833,18.3556,445,125560,0.257679,0.23,1,654842,654397,445
167515541,8.99665,11.6711,443,125560,0.267536,0.31,1,654850,654407,443
167518461,17.7993,11.1342,452,125560,0.253507,0.34,1,654870,654418,452
167521381,6.75987,15.0268,440,125560,0.266701,0.27,1,654874,654434,440
167523621,14.152,6.20537,452,125560,0.22134,0.14,1,654890,654438,452
167526541,8.43039,17.2411,439,125560,0.220268,0.25,1,654897,654458,439
167529461,12.0861,7.44821,447,125560,0.140054,0.25,1,654910,654463,447
167532381,4.81722,15.0896,433,125560,0.196011,0.25,1,654913,654480,433
167535061,9.76344,4.61793,442,125560,0.287202,0.2,1,654924,654482,442
167537981,3.55269,8.12359,435,125560,0.28144,0.25,1,654926,654491,435
167540901,7.11054,8.82472,434,125560,0.216288,0.26,1,654934,654500,434
167543821,9.42211,9.76494,434,125560,0.251258,0.26,1,654944,654510,434
167545461,4.28442,1.95299,437,125560,0.274252,0.33,1,654947,654510,437
167548381,3.25688,5.1906,434,125560,0.31885,0.27,1,654950,654516,434
167550661,13.4514,3.43812,447,125560,0.30377,0.34,1,654966,654519,447
167553581,4.29028,9.48762,438,125560,0.260754,0.29,1,654968,654530,438
167555441,1.65806,3.49752,437,125560,0.244151,0.29,1,654969,654532,437
167558361,9.93161,8.6995,439,125560,0.34483,0.34,1,654981,654542,439
167560641,3.58632,3.3399,439,125560,0.332966,0.37,1,654983,654544,439
167563561,5.51726,8.66798,435,125560,0.250593,0.37,1,654989,654554,435
167566481,2.70345,1.7336,437,125560,0.306119,0.37,1,654991,654554,437
167569401,2.14069,0.346719,439,125560,0.325224,0.29,1,654993,654554,439
167572321,2.02814,3.26934,437,125560,0.313045,0.25,1,654995,654558,437
167575201,6.80563,5.45387,439,125560,0.318609,0.33,1,655003,654564,439
167578121,6.16113,10.6908,433,125560,0.295722,0.36,1,655009,654576,433
167581041,30.0322,25.3382,440,125560,0.339144,0.29,1,655045,654605,440
167583521,7.60644,7.46763,439,125560,0.315829,0.35,1,655047,654608,439
167586441,7.92129,3.89353,444,125560,0.311166,0.32,1,655055,654611,444
167589361,7.98426,7.97871,443,125560,0.238233,0.23,1,655063,654620,443
167591841,3.19685,6.39574,439,125560,0.199647,0.3,1,655065,654626,439
167594761,5.43937,9.27915,435,125560,0.127929,0.29,1,655071,654636,435
167597681,14.6879,12.2558,439,125560,0.129586,0.22,1,655088,654649,439
167600161,6.13757,5.65117,439,125560,0.217917,0.34,1,655092,654653,439
167603081,4.42751,10.7302,431,125560,0.187583,0.34,1,655096,654665,431
167606001,2.4855,2.14605,433,125560,0.149517,0.26,1,655098,654665,433
167608921,6.8971,5.22921,435,125560,0.229903,0.27,1,655106,654671,435
167611841,22.1794,18.6458,439,125560,0.309981,0.37,1,655132,654693,439
167613681,11.6359,13.3292,436,125560,0.285996,0.28,1,655141,654705,436
167616601,16.7272,17.0658,436,125560,0.249199,0.27,1,655159,654723,436
167619521,4.94544,7.41317,433,125560,0.24184,0.27,1,655161,654728,433
167621381,5.78909,1.48263,439,125560,0.264368,0.29,1,655167,654728,439
167624301,5.15782,3.49653,440,125560,0.324874,0.29,1,655172,654732,440
167626161,1.83156,2.29931,439,125560,0.320975,0.34,1,655173,654734,439
167629081,30.7663,30.8599,439,125560,0.352195,0.22,1,655211,654772,439
167632001,39.7533,44.572,433,125560,0.278439,0.2,1,655253,654820,433
167634481,17.5507,16.9144,435,125560,0.247688,0.27,1,655265,654830,435
167637401,13.1101,12.9829,435,125560,0.265538,0.27,1,655277,654842,435
167640321,9.02203,8.99658,435,125560,0.301108,0.25,1,655285,654850,435
167643241,17.8044,17.7993,435,125560,0.340222,0.27,1,655305,654870,435
167645921,6.76088,6.75986,435,125560,0.316044,0.21,1,655309,654874,435
167648841,11.7522,14.152,432,125560,0.303209,0.22,1,655322,654890,432
167651761,5.55044,8.43039,429,125560,0.236642,0.12,1,655326,654897,429
167654681,13.9101,12.0861,432,125560,0.263328,0.21,1,655342,654910,432
167657361,5.18202,4.81722,432,125560,0.332666,0.31,1,655345,654913,432
167660281,9.8364,9.76344,432,125560,0.322533,0.28,1,655356,654924,432
167662561,8.36728,3.55269,438,125560,0.336507,0.2,1,655364,654926,438
167665481,6.47346,7.11054,436,125560,0.275301,0.26,1,655370,654934,436
167668401,10.8947,9.42211,438,125560,0.26306,0.28,1,655382,654944,438
167671321,6.97894,4.28442,441,125560,0.308612,0.33,1,655388,654947,441
167673381,3.79579,3.25688,441,125560,0.277722,0.3,1,655391,654950,441
167676301,12.7592,13.4514,440,125560,0.255544,0.25,1,655406,654966,440
167679201,4.15183,4.29028,440,125560,0.291109,0.33,1,655408,654968,440
167682121,9.63037,5.65806,445,125560,0.298222,0.37,1,655419,654974,445
167685041,3.52607,6.73161,440,125560,0.299644,0.23,1,655421,654981,440
167687941,5.50521,7.74632,438,125560,0.243929,0.34,1,655427,654989,438
167690861,2.70104,3.94926,437,125560,0.200786,0.33,1,655429,654992,437
167693781,2.14021,1.58985,438,125560,0.200157,0.31,1,655431,654993,438
167696701,2.02804,1.91797,438,125560,0.208031,0.31,1,655433,654995,438
167698341,8.40561,0.383594,448,125560,0.313606,0.34,1,655443,654995,448
167701261,4.08112,8.87672,440,125560,0.350721,0.29,1,655446,655006,440
167704181,29.6162,4.17534,473,125560,0.278144,0.35,1,655482,655009,473
167707101,7.52324,29.6351,439,125560,0.231629,0.31,1,655484,655045,439
167709781,3.10465,7.52701,439,125560,0.222326,0.35,1,655486,655047,439
167712701,4.62093,9.5054,434,125560,0.260465,0.22,1,655491,655057,434
167715621,8.92419,6.70108,438,125560,0.308093,0.19,1,655501,655063,438
167718101,3.38484,2.94022,438,125560,0.317619,0.11,1,655503,655065,438
167721021,11.077,5.38804,445,125560,0.327524,0.13,1,655516,655071,445
167723941,5.41539,14.6776,432,125560,0.297505,0.24,1,655520,655088,432
167726421,9.08308,6.13552,438,125560,0.315501,0.18,1,655530,655092,438
167729341,3.41662,4.4271,436,125560,0.3111,0.14,1,655532,655096,436
167731201,1.48332,2.48542,435,125560,0.28622,0.25,1,655533,655098,435
167734121,5.09666,6.89708,433,125560,0.193244,0.33,1,655539,655106,433
167737041,24.2193,22.1794,436,125560,0.294649,0.28,1,655568,655132,436
167739961,24.0439,11.6359,451,125560,0.23493,0.24,1,655592,655141,451
167742881,7.20877,16.7272,436,125560,0.206986,0.24,1,655595,655159,436
167744721,3.04175,4.94544,436,125560,0.289397,0.25,1,655597,655161,436
167747641,5.40835,6.58909,435,125560,0.233879,0.34,1,655603,655168,435
167750561,2.68167,4.51782,433,125560,0.190776,0.36,1,655605,655172,433
167753481,34.9363,32.1036,437,125560,0.294155,0.26,1,655648,655211,437
167756401,36.5873,40.0207,432,125560,0.266831,0.24,1,655685,655253,432
167759321,18.5175,17.6041,434,125560,0.285366,0.27,1,655699,655265,434
167762241,16.5035,13.1208,438,125560,0.225073,0.31,1,655715,655277,438
167765161,6.5007,9.02417,434,125560,0.277015,0.31,1,655719,655285,434
167766981,18.9001,1.80483,456,125560,0.295403,0.35,1,655741,655285,456
167769901,8.58003,16.361,442,125560,0.275081,0.31,1,655747,655305,442
167772181,11.316,6.47219,450,125560,0.263016,0.3,1,655759,655309,450
167775101,3.8632,11.6944,439,125560,0.228603,0.22,1,655761,655322,439
167778021,13.5726,5.53889,451,125560,0.189721,0.27,1,655777,655326,451
167780941,5.91453,13.9078,439,125560,0.205944,0.35,1,655781,655342,439
167783861,10.7829,5.18156,448,125560,0.209189,0.32,1,655793,655345,448
167786781,8.55658,9.83631,445,125560,0.169838,0.26,1,655801,655356,445
167789701,4.91132,13.1673,435,125560,0.177968,0.26,1,655805,655370,435
167792621,9.78226,12.2335,434,125560,0.275594,0.32,1,655816,655382,434
167795541,9.95645,7.24669,438,125560,0.207119,0.32,1,655826,655388,438
167797141,2.79129,1.44934,439,125560,0.217424,0.29,1,655827,655388,439
167800061,12.5583,3.48987,450,125560,0.259485,0.25,1,655842,655392,450
167802981,4.11165,11.898,438,125560,0.243897,0.3,1,655844,655406,438
167805461,5.62233,3.97959,442,125560,0.248779,0.3,1,655850,655408,442
167808381,2.72447,9.59592,433,125560,0.241756,0.3,1,655852,655419,433
167810241,1.34489,3.51918,432,125560,0.256351,0.23,1,655853,655421,432
167813161,10.669,5.50384,439,125560,0.25127,0.19,1,655866,655427,439
167815441,3.7338,2.70077,439,125560,0.282254,0.2,1,655868,655429,439
167818361,2.34676,2.14015,439,125560,0.256451,0.21,1,655870,655431,439
167821281,2.06935,2.02803,439,125560,0.21929,0.21,1,655872,655433,439
167823141,6.81387,0.405606,447,125560,0.259858,0.36,1,655880,655433,447
167826061,3.76277,10.4811,437,125560,0.235972,0.26,1,655883,655446,437
167828981,27.9526,30.8962,435,125560,0.263194,0.22,1,655917,655482,435
167831901,7.19051,7.77924,435,125560,0.308639,0.22,1,655919,655484,435
167833541,6.2381,1.55585,441,125560,0.221728,0.31,1,655925,655484,441
167836461,3.64762,4.31117,439,125560,0.196346,0.27,1,655928,655489,439
167839381,2.32952,2.46223,439,125560,0.183269,0.32,1,655930,655491,439
167842301,2.0659,8.49245,431,125560,0.148654,0.32,1,655932,655501,431
167844981,14.8132,3.29849,447,125560,0.165731,0.33,1,655950,655503,447
167847901,8.56264,11.0597,441,125560,0.233146,0.29,1,655957,655516,441
167850181,4.11253,5.41194,440,125560,0.190629,0.32,1,655960,655520,440
167853101,8.02251,9.08239,439,125560,0.174126,0.31,1,655969,655530,439
167856021,3.2045,3.41648,439,125560,0.226825,0.17,1,655971,655532,439
167858941,3.8409,6.2833,436,125560,0.205365,0.32,1,655975,655539,436
167861861,22.3682,24.4567,434,125560,0.145073,0.22,1,656002,655568,434
167864781,22.0736,24.0913,432,125560,0.253015,0.2,1,656024,655592,432
167867441,6.01473,7.21827,431,125560,0.274603,0.31,1,656026,655595,431
167870361,10.0029,3.04365,440,125560,0.262921,0.22,1,656037,655597,440
167873281,3.60059,5.40873,436,125560,0.228584,0.18,1,656039,655603,436
167876201,34.3201,2.68175,476,125560,0.213717,0.32,1,656081,655605,476
167879121,34.064,34.9364,467,125560,0.242743,0.26,1,656115,655648,467
167882041,21.2128,36.5873,448,125560,0.216549,0.29,1,656133,655685,448
167884961,16.2426,18.5175,449,125560,0.24331,0.21,1,656148,655699,449
167887881,8.04851,16.5035,439,125560,0.288662,0.29,1,656154,655715,439
167890321,4.0097,6.5007,438,125560,0.289732,0.3,1,656157,655719,438
167893241,20.0019,18.9001,440,125560,0.273946,0.27,1,656181,655741,440
167896161,12.8004,8.58003,445,125560,0.262789,0.26,1,656192,655747,445
167899081,4.16008,11.316,435,125560,0.228558,0.22,1,656194,655759,435
167902001,12.032,3.8632,447,125560,0.245712,0.18,1,656208,655761,447
167904921,6.4064,13.5726,436,125560,0.193142,0.21,1,656213,655777,436
167907381,9.28128,5.91453,442,125560,0.206628,0.21,1,656223,655781,442
167910301,9.05626,10.7829,439,125560,0.201326,0.16,1,656232,655793,439
167913221,8.21125,8.55658,439,125560,0.168265,0.18,1,656240,655801,439
167915701,6.44225,4.91132,441,125560,0.209653,0.3,1,656246,655805,441
167918621,9.28845,9.78226,440,125560,0.249931,0.19,1,656256,655816,440
167920481,3.45769,9.95645,432,125560,0.249986,0.22,1,656258,655826,432
167923401,13.4915,2.79129,447,125560,0.241997,0.27,1,656274,655827,447
167926321,4.29831,12.5583,434,125560,0.240399,0.24,1,656276,655842,434
167929221,7.25966,4.11165,440,125560,0.20008,0.24,1,656284,655844,440
167932141,3.05193,7.22233,434,125560,0.192016,0.24,1,656286,655852,434
167935061,2.21039,1.44447,436,125560,0.246403,0.25,1,656288,655852,436
167937981,6.84208,11.4889,430,125560,0.273281,0.29,1,656296,655866,430
167940901,4.56842,3.89778,432,125560,0.230656,0.25,1,656300,655868,432
167942741,4.91368,2.37956,435,125560,0.238131,0.23,1,656305,655870,435
167945661,2.58274,2.87591,434,125560,0.279626,0.27,1,656307,655873,434
167948581,6.91655,6.17518,435,125560,0.263925,0.23,1,656315,655880,435
167951501,4.58331,3.63504,436,125560,0.204785,0.27,1,656319,655883,436
167954421,23.3167,27.927,430,125560,0.208957,0.32,1,656347,655917,430
167956881,6.26333,7.1854,430,125560,0.265791,0.18,1,656349,655919,430
167959801,11.6527,10.2371,432,125560,0.269158,0.18,1,656362,655930,432
167962721,3.93053,2.04742,434,125560,0.237832,0.18,1,656364,655930,434
167965641,2.38611,0.409483,436,125560,0.207566,0.14,1,656366,655930,436
167967281,1.27722,1.6819,435,125560,0.185513,0.17,1,656367,655932,435
167970201,12.2554,14.7364,432,125560,0.261103,0.25,1,656382,655950,432
167972481,7.25109,8.54728,431,125560,0.228221,0.18,1,656388,655957,431
167975401,4.65022,4.10946,432,125560,0.165644,0.17,1,656392,655960,432
167978321,10.53,8.02189,435,125560,0.233129,0.24,1,656404,655969,435
167981241,3.70601,3.20438,435,125560,0.214626,0.2,1,656406,655971,435
167983921,3.9412,3.84088,435,125560,0.242925,0.13,1,656410,655975,435
167986841,17.5882,22.3682,429,125560,0.256585,0.28,1,656431,656002,429
167989761,25.9176,22.0736,435,125560,0.275317,0.28,1,656459,656024,435
167992241,6.78353,6.01473,435,125560,0.255063,0.26,1,656461,656026,435
167995161,13.3567,10.0029,439,125560,0.275013,0.22,1,656476,656037,439
167998081,4.27134,3.60059,439,125560,0.247003,0.22,1,656478,656039,439
167999941,30.4543,0.720118,476,125560,0.281401,0.21,1,656515,656039,476
168002861,31.6909,33.744,466,125560,0.33628,0.25,1,656547,656081,466
168005781,22.3382,33.9488,452,125560,0.259256,0.21,1,656567,656115,452
168008701,16.4676,21.1898,449,125560,0.299851,0.25,1,656582,656133,449
168011621,7.29353,16.238,439,125560,0.29197,0.3,1,656587,656148,439
168014501,4.65871,8.04759,437,125560,0.290394,0.27,1,656591,656154,437
168017421,19.3317,23.2095,433,125560,0.290079,0.26,1,656614,656181,433
168020341,10.2663,13.4419,430,125560,0.394016,0.22,1,656622,656192,430
168023261,7.65327,4.28838,435,125560,0.350803,0.22,1,656629,656194,435
168024901,10.3307,0.857676,446,125560,0.286161,0.25,1,656640,656194,446
168027821,5.26613,11.3715,436,125560,0.209232,0.18,1,656644,656208,436
168029681,1.85323,6.27431,432,125560,0.313846,0.21,1,656645,656213,432
168032601,6.77065,9.25486,430,125560,0.326769,0.2,1,656653,656223,430
168035521,9.35413,9.05097,431,125560,0.313354,0.16,1,656663,656232,431
168038441,8.27083,8.21019,431,125560,0.342671,0.22,1,656671,656240,431
168041121,9.65417,6.44204,435,125560,0.324534,0.26,1,656681,656246,435
168044041,8.33083,9.28841,433,125560,0.312907,0.25,1,656689,656256,433
168046961,13.6662,3.45768,446,125560,0.358581,0.24,1,656704,656258,446
168049881,5.13323,13.4915,433,125560,0.319716,0.24,1,656707,656274,433
168051521,2.62665,4.29831,433,125560,0.311943,0.19,1,656709,656276,433
168054441,8.52533,7.25966,435,125560,0.382389,0.19,1,656719,656284,435
168056721,4.10507,3.05193,436,125560,0.340478,0.28,1,656722,656286,436
168059641,7.22101,8.61039,434,125560,0.380096,0.28,1,656730,656296,434
168062561,3.0442,1.72208,436,125560,0.356019,0.22,1,656732,656296,436
168065481,2.20884,3.54442,434,125560,0.359204,0.22,1,656734,656300,434
168067541,6.84177,0.708883,442,125560,0.415841,0.25,1,656742,656300,442
168070461,4.56835,7.34178,437,125560,0.403168,0.26,1,656746,656309,437
168073381,5.71367,6.26836,437,125560,0.296634,0.19,1,656752,656315,437
168076301,2.74273,4.45367,435,125560,0.243327,0.21,1,656754,656319,435
168079221,24.5485,23.2907,437,125560,0.280665,0.28,1,656784,656347,437
168081681,6.50971,6.25815,437,125560,0.256133,0.27,1,656786,656349,437
168084601,10.1019,11.6516,435,125560,0.363227,0.23,1,656797,656362,435
168087521,5.22039,3.93033,437,125560,0.360645,0.2,1,656801,656364,437
168090001,2.64408,2.38607,437,125560,0.328129,0.29,1,656803,656366,437
168092921,6.92882,4.47721,440,125560,0.329626,0.28,1,656811,656371,440
168095841,11.7858,9.69544,442,125560,0.345925,0.22,1,656824,656382,442
168098321,3.95715,6.73909,438,125560,0.341185,0.33,1,656826,656388,438
168101241,7.19143,8.54782,437,125560,0.372237,0.25,1,656834,656397,437
168104161,3.03829,7.30956,432,125560,0.378447,0.21,1,656836,656404,432
168107061,8.60766,3.06191,440,125560,0.315689,0.2,1,656846,656406,440
168109981,18.5215,5.41238,455,125560,0.263138,0.26,1,656867,656412,455
168112901,26.9043,16.2825,465,125560,0.316628,0.28,1,656896,656431,465
168115821,6.98086,25.6565,439,125560,0.327326,0.25,1,656898,656459,439
168118501,13.3962,6.7313,452,125560,0.337465,0.28,1,656913,656461,452
168121421,4.27923,13.3463,439,125560,0.315493,0.24,1,656915,656476,439
168123281,1.65585,4.26925,438,125560,0.327099,0.29,1,656916,656478,438
168126201,53.1312,30.4539,467,125560,0.34542,0.35,1,656982,656515,467
168129121,24.2262,31.6908,452,125560,0.317084,0.24,1,656999,656547,452
168132041,19.2452,22.3382,450,125560,0.279417,0.31,1,657017,656567,450
168134961,10.249,16.4676,443,125560,0.335883,0.29,1,657025,656582,443
168136801,2.84981,7.29353,439,125560,0.363177,0.34,1,657026,656587,439
168139721,6.96996,8.65871,438,125560,0.312635,0.29,1,657034,656596,438
168142641,17.394,16.1317,440,125560,0.334527,0.42,1,657054,656614,440
168145561,6.6788,9.62635,436,125560,0.274905,0.34,1,657058,656622,436
168148481,6.13576,7.52527,435,125560,0.246981,0.27,1,657064,656629,435
168151401,14.8272,10.3051,441,125560,0.249396,0.19,1,657081,656640,441
168153441,4.56543,5.26101,439,125560,0.217879,0.4,1,657083,656644,439
168156361,8.11309,2.6522,446,125560,0.291576,0.33,1,657092,656646,446
168159281,12.0226,6.13044,452,125560,0.322315,0.31,1,657105,656653,452
168162201,5.60452,9.22609,446,125560,0.288463,0.35,1,657109,656663,446
168164261,8.3209,8.24522,447,125560,0.337693,0.32,1,657118,656671,447
168167181,10.4642,9.64904,448,125560,0.347539,0.31,1,657129,656681,448
168169041,2.89284,8.32981,441,125560,0.333508,0.37,1,657130,656689,441
168171961,12.5786,13.666,441,125560,0.322702,0.31,1,657145,656704,441
168174241,5.71571,5.13319,442,125560,0.32054,0.25,1,657149,656707,442
168177161,9.14314,5.02664,447,125560,0.264108,0.4,1,657159,656712,447
168180081,3.42863,6.60533,442,125560,0.252822,0.33,1,657161,656719,442
168183001,9.48573,3.72107,450,125560,0.322564,0.39,1,657172,656722,450
168185921,3.49715,7.14421,444,125560,0.304513,0.35,1,657174,656730,444
168187761,1.49943,3.02884,443,125560,0.316903,0.42,1,657175,656732,443
168190681,6.69989,11.0058,438,125560,0.287381,0.42,1,657183,656745,438
168193601,2.93998,2.20115,440,125560,0.273476,0.4,1,657185,656745,440
168196521,6.988,1.24023,447,125560,0.294695,0.27,1,657193,656746,447
168199441,2.9976,5.04805,443,125560,0.330939,0.23,1,657195,656752,443
168201281,1.39952,2.60961,442,125560,0.362188,0.29,1,657196,656754,442
168204201,24.2799,24.5219,442,125560,0.352438,0.25,1,657226,656784,442
168206481,6.45598,6.50438,442,125560,0.326488,0.39,1,657228,656786,442
168209401,9.2912,10.1009,441,125560,0.345298,0.36,1,657238,656797,441
168212321,3.45824,5.22018,439,125560,0.349059,0.36,1,657240,656801,439
168214181,3.89165,1.04404,443,125560,0.317812,0.33,1,657244,656801,443
168217101,5.57833,8.20881,439,125560,0.343562,0.35,1,657250,656811,439
168220021,13.9157,12.0418,442,125560,0.276712,0.34,1,657266,656824,442
168222941,4.38313,4.00835,442,125560,0.303343,0.34,1,657268,656826,442
168224581,1.67663,0.80167,443,125560,0.332668,0.38,1,657269,656826,443
168227501,2.73533,6.56033,438,125560,0.338534,0.38,1,657272,656834,438
168229361,2.14707,2.91207,438,125560,0.307707,0.3,1,657274,656836,438
168232281,6.82941,8.58241,436,125560,0.253541,0.25,1,657282,656846,436
168235201,20.5659,18.5165,439,125560,0.322708,0.33,1,657306,656867,439
168238121,28.1132,26.9033,440,125560,0.256542,0.33,1,657336,656896,440
168241041,7.22263,6.98066,440,125560,0.243308,0.34,1,657338,656898,440
168243961,11.8445,13.3961,438,125560,0.296662,0.31,1,657351,656913,438
168246001,3.96891,4.27923,438,125560,0.315332,0.38,1,657353,656915,438
168248921,55.9938,8.85585,497,125560,0.343066,0.35,1,657422,656925,497
168251841,23.9988,47.3712,456,125560,0.300613,0.31,1,657438,656982,456
168254761,18.3998,23.0742,456,125560,0.292123,0.27,1,657455,656999,456
168257681,6.87995,19.0148,442,125560,0.274425,0.35,1,657459,657017,442
168260601,2.97599,10.203,436,125560,0.246885,0.37,1,657461,657025,436
168262641,7.7952,2.84059,444,125560,0.337377,0.3,1,657470,657026,444
168265561,15.159,11.7681,447,125560,0.331475,0.34,1,657487,657040,447
168268481,11.0318,13.5536,443,125560,0.330295,0.26,1,657497,657054,443
168271381,6.20636,5.91072,444,125560,0.282059,0.37,1,657502,657058,444
168274301,13.2413,8.38215,450,125560,0.248412,0.25,1,657517,657067,450
168277221,4.24825,12.8764,438,125560,0.281682,0.21,1,657519,657081,438
168280141,9.64965,4.17529,447,125560,0.248336,0.31,1,657530,657083,447
168283061,10.7299,8.03506,449,125560,0.305667,0.33,1,657541,657092,449
168285981,6.94599,12.007,442,125560,0.237133,0.28,1,657547,657105,442
168288021,6.9892,5.6014,445,125560,0.239427,0.35,1,657554,657109,445
168290941,11.7978,8.32028,449,125560,0.287885,0.35,1,657567,657118,449
168293861,3.95957,10.4641,440,125560,0.257577,0.32,1,657569,657129,440
168296781,11.1919,14.8928,437,125560,0.283515,0.32,1,657582,657145,437
168299701,3.83838,6.17856,435,125560,0.264703,0.25,1,657584,657149,435
168302621,11.9677,9.23571,439,125560,0.268941,0.25,1,657598,657159,439
168305281,3.99354,3.44714,439,125560,0.237788,0.34,1,657600,657161,439
168308201,7.19871,9.48943,436,125560,0.263558,0.3,1,657608,657172,436
168310481,3.03974,3.49789,436,125560,0.260712,0.31,1,657610,657174,436
168313401,9.40795,4.69958,442,125560,0.316142,0.28,1,657621,657179,442
168316321,4.28159,4.13992,441,125560,0.279228,0.27,1,657624,657183,441
168318801,2.45632,2.42798,441,125560,0.247846,0.3,1,657626,657185,441
168321721,5.29126,6.8856,439,125560,0.281569,0.34,1,657632,657193,439
168324001,3.45825,2.97712,440,125560,0.312314,0.35,1,657635,657195,440
168326921,24.6917,6.19542,463,125560,0.270463,0.35,1,657665,657202,463
168329841,6.53833,20.4391,441,125560,0.262093,0.32,1,657667,657226,441
168332761,5.30767,5.68782,444,125560,0.236419,0.35,1,657672,657228,444
168335681,6.66153,9.13756,441,125560,0.183284,0.35,1,657679,657238,441
168337521,2.13231,3.42751,440,125560,0.156657,0.35,1,657680,657240,440
168340441,3.62646,8.6855,434,125560,0.207331,0.35,1,657684,657250,434
168343361,14.3253,1.7371,451,125560,0.225466,0.26,1,657701,657250,451
168346281,4.46506,13.1474,437,125560,0.237093,0.31,1,657703,657266,437
168347921,1.69301,4.22948,436,125560,0.223419,0.32,1,657704,657268,436
168350841,3.5386,4.8459,435,125560,0.196684,0.32,1,657708,657273,435
168353761,3.90772,0.969179,439,125560,0.287337,0.24,1,657712,657273,439
168356681,3.98154,7.39384,434,125560,0.265467,0.34,1,657716,657282,434
168359601,19.9963,20.6788,434,125560,0.197093,0.24,1,657740,657306,434
168362521,31.9993,28.1358,439,125560,0.311419,0.24,1,657775,657336,439
168365441,7.99985,7.22715,439,125560,0.302284,0.24,1,657777,657338,439
168367061,6.39997,1.44543,445,125560,0.252457,0.31,1,657783,657338,445
168369981,7.67999,10.6891,440,125560,0.290491,0.32,1,657791,657351,440
168372901,56.736,3.73782,507,125560,0.290098,0.35,1,657860,657353,507
